 + ++++++++++++++++++++++++++++++++++++++++++++++++++++++++++++++++++++ +
 +                                                                      +
 +           You have chose to blind your fitting according to          +
 +                omega_ref * (1 + (R +/- deltaR) *10^{-6})             +
 +                                                                      +
 + ++++++++++++++++++++++++++++++++++++++++++++++++++++++++++++++++++++ +
In main()...
reading format from /gm2data/zkhechad/run45/envelope/formats/formatB_sBin_constraintOn.txt
pBinTau 	= 0  
pBinPhi 	= 0  
constraintau 	= 1 
includeMopTerm 	= 0    
constrainMop    = 0   
Parameters after format file: pBinTau 0 pBinPhi 0 constraintau 1 includeMopTerm 0 constrainMop 0 c_e_scale 0.000000 
Opening file /gm2data/tbarrett/gm2fr/studies/run23_bunch_corrections/CorrectedFourier_Run3b.root.
reading full fit data from /gm2data/zkhechad/cboTemplates/Run4CBOTemplates/templateFits0_v2.0/noRF/sBin_constraintOn_cE0.0_seed0_noRF_calo18.root
windowBins = 69
fitting sliding window 788 from bin 924 at 137.711600 to bin 993 at 148.155600 (69 bins)

Reading data from /gm2data/cornell/histograms/aMethod/histogram_a_noRF.root
 **********
 **    1 **SET PRINTOUT            1
 **********
 **********
 **    2 **SET NOWARNINGS 
 **********
 PARAMETER DEFINITIONS:
    NO.   NAME         VALUE      STEP SIZE      LIMITS
     1 N0           3.61661e+06  1.00000e+02     no limits
     2 tau          6.44027e+01  constant
     3 A0           3.53412e-01  1.00000e-04     no limits
     4 phi          4.12202e+00  1.00000e-02     no limits
     5 R           -6.06479e+01  constant
     6 alpha_CBO    0.00000e+00  1.00000e-03     no limits
     7 w_CBO        2.32500e+00  constant
     8 beta_CBO     0.00000e+00  1.00000e-03     no limits
     9 alpha_2CBO   0.00000e+00  1.00000e-03     no limits
    10 beta_2CBO    0.00000e+00  1.00000e-03     no limits
    11 alpha_y      0.00000e+00  1.00000e-03     no limits
    12 w_y          1.44500e+01  constant
    13 beta_y       0.00000e+00  1.00000e-03     no limits
    14 alpha_vw     0.00000e+00  1.00000e-03     no limits
    15 w_vw         1.29000e+01  constant
    16 beta_vw      0.00000e+00  1.00000e-03     no limits
    17 LM          -1.06686e-04  constant
    18 zeta_y       0.00000e+00  constant
    19 zeta_vw      0.00000e+00  constant
    20 T_CBO        1.00000e+02  1.00000e+00    0.00000e+00  1.00000e+03
    21 alpha_A0     0.00000e+00  1.00000e-03     no limits
    22 beta_A0      0.00000e+00  1.00000e-03     no limits
    23 alpha_phi    0.00000e+00  1.00000e-03     no limits
    24 beta_phi     0.00000e+00  1.00000e-03     no limits
MINUIT - FIT ONLY WIGGLE
 **********
 **    3 **FIX            5
 **********
 PARAMETER    5  IS CONSTANT.   IGNORED.
 **********
 **    4 **FIX            6
 **********
 **********
 **    5 **FIX            7
 **********
 PARAMETER    7  IS CONSTANT.   IGNORED.
 **********
 **    6 **FIX            8
 **********
 **********
 **    7 **FIX            9
 **********
 **********
 **    8 **FIX           10
 **********
 **********
 **    9 **FIX           11
 **********
 **********
 **   10 **FIX           12
 **********
 PARAMETER   12  IS CONSTANT.   IGNORED.
 **********
 **   11 **FIX           13
 **********
 **********
 **   12 **FIX           14
 **********
 **********
 **   13 **FIX           15
 **********
 PARAMETER   15  IS CONSTANT.   IGNORED.
 **********
 **   14 **FIX           16
 **********
 **********
 **   15 **MIGRAD
 **********
 FIRST CALL TO USER FUNCTION AT NEW START POINT, WITH IFLAG=4.
 START MIGRAD MINIMIZATION.  STRATEGY  1.  CONVERGENCE WHEN EDM .LT. 1.00e-04
 FCN=870.012 FROM MIGRAD    STATUS=INITIATE      437 CALLS         438 TOTAL
                     EDM= unknown      STRATEGY= 1      NO ERROR MATRIX       
  EXT PARAMETER               CURRENT GUESS       STEP         FIRST   
  NO.   NAME      VALUE            ERROR          SIZE      DERIVATIVE 
   1  N0           3.61661e+06   1.00000e+02   0.00000e+00  -3.54588e-03
   2  tau          6.44027e+01   constant   
   3  A0           3.53412e-01   1.00000e-04   0.00000e+00  -1.92874e+03
   4  phi          4.12202e+00   1.00000e-02   0.00000e+00   2.19588e+04
   5  R           -6.06479e+01   constant   
   6  alpha_CBO    0.00000e+00     fixed    
   7  w_CBO        2.32500e+00   constant   
   8  beta_CBO     0.00000e+00     fixed    
   9  alpha_2CBO   0.00000e+00     fixed    
  10  beta_2CBO    0.00000e+00     fixed    
  11  alpha_y      0.00000e+00     fixed    
  12  w_y          1.44500e+01   constant   
  13  beta_y       0.00000e+00     fixed    
  14  alpha_vw     0.00000e+00     fixed    
  15  w_vw         1.29000e+01   constant   
  16  beta_vw      0.00000e+00     fixed    
  17  LM          -1.06686e-04   constant   
  18  zeta_y       0.00000e+00   constant   
  19  zeta_vw      0.00000e+00   constant   
  20  T_CBO        1.00000e+02   1.00000e+00   0.00000e+00   0.00000e+00
  21  alpha_A0     0.00000e+00   1.00000e-03   0.00000e+00   7.10375e+02
  22  beta_A0      0.00000e+00   1.00000e-03   0.00000e+00  -8.73029e+01
  23  alpha_phi    0.00000e+00   1.00000e-03   0.00000e+00  -1.20390e+02
  24  beta_phi     0.00000e+00   1.00000e-03   0.00000e+00  -2.31558e+03
 CALL LIMIT EXCEEDED IN MIGRAD.
 MIGRAD TERMINATED WITHOUT CONVERGENCE.
 FCN=822.397 FROM MIGRAD    STATUS=CALL LIMIT   1339 CALLS        1340 TOTAL
                     EDM=0.0779461    STRATEGY= 1  ERROR MATRIX UNCERTAINTY   4.7 per cent
  EXT PARAMETER                APPROXIMATE        STEP         FIRST   
  NO.   NAME      VALUE            ERROR          SIZE      DERIVATIVE 
   1  N0           3.61666e+06   4.49271e+02   4.40333e+01   5.00178e-04
   2  tau          6.44027e+01   constant   
   3  A0           3.53567e-01   1.63871e-04  -2.77310e-06   6.37814e+02
   4  phi          4.11898e+00   4.78720e-04  -1.04366e-04  -9.70456e+02
   5  R           -6.06479e+01   constant   
   6  alpha_CBO    0.00000e+00     fixed    
   7  w_CBO        2.32500e+00   constant   
   8  beta_CBO     0.00000e+00     fixed    
   9  alpha_2CBO   0.00000e+00     fixed    
  10  beta_2CBO    0.00000e+00     fixed    
  11  alpha_y      0.00000e+00     fixed    
  12  w_y          1.44500e+01   constant   
  13  beta_y       0.00000e+00     fixed    
  14  alpha_vw     0.00000e+00     fixed    
  15  w_vw         1.29000e+01   constant   
  16  beta_vw      0.00000e+00     fixed    
  17  LM          -1.06686e-04   constant   
  18  zeta_y       0.00000e+00   constant   
  19  zeta_vw      0.00000e+00   constant   
  20  T_CBO        1.73046e+01   2.53886e+00  -1.01227e-02  -4.30511e+01
  21  alpha_A0    -4.65851e+00   3.23728e+00  -2.20419e+00   1.51331e-02
  22  beta_A0      1.78636e+00   1.24251e+00   8.46057e-01   1.74684e-02
  23  alpha_phi    2.00943e+00   1.39930e+00   9.52859e-01  -6.64638e-02
  24  beta_phi     9.34129e+00   6.50225e+00   4.42755e+00  -1.27579e-01
 EXTERNAL ERROR MATRIX.    NDIM=  25    NPAR=  8    ERR DEF=1
  2.018e+05 -8.683e-03  1.333e-02 -4.737e+01  2.308e+01 -8.718e+00 -9.799e+00 -4.556e+01 
 -8.683e-03  2.685e-08 -1.997e-10  1.428e-05 -3.443e-06  1.293e-06  1.450e-06  6.731e-06 
  1.333e-02 -1.997e-10  2.292e-07  3.039e-05  1.166e-04 -4.481e-05 -5.045e-05 -2.341e-04 
 -4.737e+01  1.428e-05  3.039e-05  6.447e+00  7.552e+00 -2.899e+00 -3.264e+00 -1.517e+01 
  2.308e+01 -3.443e-06  1.166e-04  7.552e+00  1.048e+01 -4.022e+00 -4.530e+00 -2.105e+01 
 -8.718e+00  1.293e-06 -4.481e-05 -2.899e+00 -4.022e+00  1.544e+00  1.739e+00  8.079e+00 
 -9.799e+00  1.450e-06 -5.045e-05 -3.264e+00 -4.530e+00  1.739e+00  1.958e+00  9.099e+00 
 -4.556e+01  6.731e-06 -2.341e-04 -1.517e+01 -2.105e+01  8.079e+00  9.099e+00  4.228e+01 
ERR MATRIX APPROXIMATE
 PARAMETER  CORRELATION COEFFICIENTS  
       NO.  GLOBAL      1      3      4     20     21     22     23     24
        1  0.30219   1.000 -0.118  0.062 -0.042  0.016 -0.016 -0.016 -0.016
        3  0.20288  -0.118  1.000 -0.003  0.034 -0.006  0.006  0.006  0.006
        4  0.16682   0.062 -0.003  1.000  0.025  0.075 -0.075 -0.075 -0.075
       20  0.92248  -0.042  0.034  0.025  1.000  0.919 -0.919 -0.919 -0.919
       21  1.00000   0.016 -0.006  0.075  0.919  1.000 -1.000 -1.000 -1.000
       22  1.00000  -0.016  0.006 -0.075 -0.919 -1.000  1.000  1.000  1.000
       23  1.00000  -0.016  0.006 -0.075 -0.919 -1.000  1.000  1.000  1.000
       24  1.00000  -0.016  0.006 -0.075 -0.919 -1.000  1.000  1.000  1.000
 ERR MATRIX APPROXIMATE
MINUIT - FIT ONLY 1-CBO + wiggle
 **********
 **   16 **RES 
 **********
                   PARAMETER   16  beta_vw RESTORED TO VARIABLE.
                   PARAMETER   14  alpha_vw RESTORED TO VARIABLE.
                   PARAMETER   13  beta_y RESTORED TO VARIABLE.
                   PARAMETER   11  alpha_y RESTORED TO VARIABLE.
                   PARAMETER   10  beta_2CBO RESTORED TO VARIABLE.
                   PARAMETER    9  alpha_2CBO RESTORED TO VARIABLE.
                   PARAMETER    8  beta_CBO RESTORED TO VARIABLE.
                   PARAMETER    6  alpha_CBO RESTORED TO VARIABLE.
 **********
 **   17 **FIX            8
 **********
 **********
 **   18 **FIX            9
 **********
 **********
 **   19 **FIX           11
 **********
 **********
 **   20 **FIX           12
 **********
 PARAMETER   12  IS CONSTANT.   IGNORED.
 **********
 **   21 **FIX           14
 **********
 **********
 **   22 **FIX           15
 **********
 PARAMETER   15  IS CONSTANT.   IGNORED.
 **********
 **   23 **FIX           16
 **********
 **********
 **   24 **MIGRAD
 **********
 START MIGRAD MINIMIZATION.  STRATEGY  1.  CONVERGENCE WHEN EDM .LT. 1.00e-04
 FCN=822.397 FROM MIGRAD    STATUS=INITIATE       28 CALLS        1368 TOTAL
                     EDM= unknown      STRATEGY= 1      NO ERROR MATRIX       
  EXT PARAMETER               CURRENT GUESS       STEP         FIRST   
  NO.   NAME      VALUE            ERROR          SIZE      DERIVATIVE 
   1  N0           3.61666e+06   4.49271e+02   4.40333e+01   5.00178e-04
   2  tau          6.44027e+01   constant   
   3  A0           3.53567e-01   1.63871e-04  -2.77310e-06   6.37814e+02
   4  phi          4.11898e+00   4.78720e-04  -1.04366e-04  -9.70456e+02
   5  R           -6.06479e+01   constant   
   6  alpha_CBO    0.00000e+00   1.00000e-03   1.00000e-03  -3.10355e+05
   7  w_CBO        2.32500e+00   constant   
   8  beta_CBO     0.00000e+00     fixed    
   9  alpha_2CBO   0.00000e+00     fixed    
  10  beta_2CBO    0.00000e+00   1.00000e-03   1.00000e-03  -1.36488e+04
  11  alpha_y      0.00000e+00     fixed    
  12  w_y          1.44500e+01   constant   
  13  beta_y       0.00000e+00   1.00000e-03   1.00000e-03  -1.36828e+04
  14  alpha_vw     0.00000e+00     fixed    
  15  w_vw         1.29000e+01   constant   
  16  beta_vw      0.00000e+00     fixed    
  17  LM          -1.06686e-04   constant   
  18  zeta_y       0.00000e+00   constant   
  19  zeta_vw      0.00000e+00   constant   
  20  T_CBO        1.73046e+01   2.53886e+00  -1.01227e-02  -4.30554e+01
  21  alpha_A0    -4.65851e+00   3.23728e+00  -2.20419e+00   1.51331e-02
  22  beta_A0      1.78636e+00   1.24251e+00   8.46057e-01   1.74684e-02
  23  alpha_phi    2.00943e+00   1.39930e+00   9.52859e-01  -6.64638e-02
  24  beta_phi     9.34129e+00   6.50225e+00   4.42755e+00  -1.27579e-01
 MIGRAD MINIMIZATION HAS CONVERGED.
 FCN=94.9133 FROM MIGRAD    STATUS=CONVERGED     194 CALLS        1534 TOTAL
                     EDM=1.60807e-06    STRATEGY= 1  ERROR MATRIX UNCERTAINTY   2.8 per cent
  EXT PARAMETER                                   STEP         FIRST   
  NO.   NAME      VALUE            ERROR          SIZE      DERIVATIVE 
   1  N0           3.61686e+06   4.50548e+02  -5.38554e-01   6.93521e-08
   2  tau          6.44027e+01   constant   
   3  A0           3.53705e-01   1.62429e-04  -4.77196e-08  -2.92573e+00
   4  phi          4.12228e+00   5.10361e-04   9.00778e-07   1.66194e+00
   5  R           -6.06479e+01   constant   
   6  alpha_CBO    4.67974e-03   1.73597e-04  -6.67409e-08  -1.40722e+00
   7  w_CBO        2.32500e+00   constant   
   8  beta_CBO     0.00000e+00     fixed    
   9  alpha_2CBO   0.00000e+00     fixed    
  10  beta_2CBO   -1.75160e-04   1.64736e-04   5.61234e-08   5.65454e+00
  11  alpha_y      0.00000e+00     fixed    
  12  w_y          1.44500e+01   constant   
  13  beta_y       1.86786e-04   1.65578e-04  -3.73134e-07  -4.23311e+00
  14  alpha_vw     0.00000e+00     fixed    
  15  w_vw         1.29000e+01   constant   
  16  beta_vw      0.00000e+00     fixed    
  17  LM          -1.06686e-04   constant   
  18  zeta_y       0.00000e+00   constant   
  19  zeta_vw      0.00000e+00   constant   
  20  T_CBO        1.69500e+01   4.24168e-01   6.90464e-07  -1.31536e-01
  21  alpha_A0    -8.93312e+00   2.67703e+00  -8.40240e-03   2.58446e-04
  22  beta_A0     -6.20963e-01   2.86116e+00   4.34527e-04   4.48286e-04
  23  alpha_phi   -5.74127e+00   2.72031e+00   1.08121e-02  -8.91262e-05
  24  beta_phi     7.66639e+00   2.66032e+00  -1.23986e-03   4.47034e-04
 EXTERNAL ERROR MATRIX.    NDIM=  25    NPAR= 11    ERR DEF=1
  2.030e+05 
 -8.390e-03  2.638e-08 
 -1.248e-02  1.972e-09  2.605e-07 
  2.108e-03  6.849e-10  2.090e-08  3.014e-08 
  1.980e-04 -1.107e-09 -4.649e-09 -2.113e-09  2.714e-08 
  4.595e-04 -6.648e-10  3.238e-10 -2.180e-10  8.658e-10  2.742e-08 
 -3.561e+01  8.678e-06 -9.856e-06 -2.334e-06  7.762e-07 -9.256e-07  1.799e-01 
  1.294e+02 -8.860e-06  4.524e-05 -2.611e-05  2.522e-05  1.190e-05  1.265e-01  7.166e+00 
  1.944e+02 -5.162e-05 -2.328e-04 -1.539e-05  9.293e-06  2.140e-05  2.887e-02 -5.201e-02  8.186e+00 
 -9.867e+01 -1.141e-05 -2.338e-04 -5.645e-05 -4.029e-05 -1.519e-06  2.328e-01 -1.202e+00  5.470e-01  7.400e+00 
 -2.177e+02  6.416e-05 -8.420e-05 -1.335e-05  1.102e-06  1.418e-05 -6.303e-02  7.289e-01 -5.450e-01  6.557e-01  7.077e+00 
 PARAMETER  CORRELATION COEFFICIENTS  
       NO.  GLOBAL      1      3      4      6     10     13     20     21     22     23     24
        1  0.34908   1.000 -0.115 -0.054  0.027  0.003  0.006 -0.186  0.107  0.151 -0.081 -0.182
        3  0.25188  -0.115  1.000  0.024  0.024 -0.041 -0.025  0.126 -0.020 -0.111 -0.026  0.148
        4  0.32815  -0.054  0.024  1.000  0.236 -0.055  0.004 -0.046  0.033 -0.159 -0.168 -0.062
        6  0.27368   0.027  0.024  0.236  1.000 -0.074 -0.008 -0.032 -0.056 -0.031 -0.120 -0.029
       10  0.15284   0.003 -0.041 -0.055 -0.074  1.000  0.032  0.011  0.057  0.020 -0.090  0.003
       13  0.07510   0.006 -0.025  0.004 -0.008  0.032  1.000 -0.013  0.027  0.045 -0.003  0.032
       20  0.36768  -0.186  0.126 -0.046 -0.032  0.011 -0.013  1.000  0.111  0.024  0.202 -0.056
       21  0.31657   0.107 -0.020  0.033 -0.056  0.057  0.027  0.111  1.000 -0.007 -0.165  0.102
       22  0.25151   0.151 -0.111 -0.159 -0.031  0.020  0.045  0.024 -0.007  1.000  0.070 -0.072
       23  0.37003  -0.081 -0.026 -0.168 -0.120 -0.090 -0.003  0.202 -0.165  0.070  1.000  0.091
       24  0.32399  -0.182  0.148 -0.062 -0.029  0.003  0.032 -0.056  0.102 -0.072  0.091  1.000
MINUIT - FIT ONLY 2-CBO
 **********
 **   25 **RES 
 **********
                   PARAMETER   16  beta_vw RESTORED TO VARIABLE.
                   PARAMETER   14  alpha_vw RESTORED TO VARIABLE.
                   PARAMETER   11  alpha_y RESTORED TO VARIABLE.
                   PARAMETER    9  alpha_2CBO RESTORED TO VARIABLE.
                   PARAMETER    8  beta_CBO RESTORED TO VARIABLE.
 **********
 **   26 **FIX            0
 **********
 PARAMETER    0  IS UNDEFINED. IGNORED.
 **********
 **   27 **FIX            1
 **********
 **********
 **   28 **FIX            2
 **********
 PARAMETER    2  IS CONSTANT.   IGNORED.
 **********
 **   29 **FIX            3
 **********
 **********
 **   30 **FIX            4
 **********
 **********
 **   31 **FIX            5
 **********
 PARAMETER    5  IS CONSTANT.   IGNORED.
 **********
 **   32 **FIX            6
 **********
 **********
 **   33 **FIX            7
 **********
 PARAMETER    7  IS CONSTANT.   IGNORED.
 **********
 **   34 **FIX           10
 **********
 **********
 **   35 **FIX           11
 **********
 **********
 **   36 **FIX           12
 **********
 PARAMETER   12  IS CONSTANT.   IGNORED.
 **********
 **   37 **FIX           13
 **********
 **********
 **   38 **FIX           14
 **********
 **********
 **   39 **FIX           15
 **********
 PARAMETER   15  IS CONSTANT.   IGNORED.
 **********
 **   40 **FIX           16
 **********
 **********
 **   41 **MIGRAD
 **********
 START MIGRAD MINIMIZATION.  STRATEGY  1.  CONVERGENCE WHEN EDM .LT. 1.00e-04
 FCN=94.9133 FROM MIGRAD    STATUS=INITIATE       18 CALLS        1552 TOTAL
                     EDM= unknown      STRATEGY= 1      NO ERROR MATRIX       
  EXT PARAMETER               CURRENT GUESS       STEP         FIRST   
  NO.   NAME      VALUE            ERROR          SIZE      DERIVATIVE 
   1  N0           3.61686e+06     fixed    
   2  tau          6.44027e+01   constant   
   3  A0           3.53705e-01     fixed    
   4  phi          4.12228e+00     fixed    
   5  R           -6.06479e+01   constant   
   6  alpha_CBO    4.67974e-03     fixed    
   7  w_CBO        2.32500e+00   constant   
   8  beta_CBO     0.00000e+00   1.00000e-03   1.00000e-03  -5.79372e+04
   9  alpha_2CBO   0.00000e+00   1.00000e-03   1.00000e-03  -2.07824e+04
  10  beta_2CBO   -1.75160e-04     fixed    
  11  alpha_y      0.00000e+00     fixed    
  12  w_y          1.44500e+01   constant   
  13  beta_y       1.86786e-04     fixed    
  14  alpha_vw     0.00000e+00     fixed    
  15  w_vw         1.29000e+01   constant   
  16  beta_vw      0.00000e+00     fixed    
  17  LM          -1.06686e-04   constant   
  18  zeta_y       0.00000e+00   constant   
  19  zeta_vw      0.00000e+00   constant   
  20  T_CBO        1.69500e+01   4.24168e-01   6.90464e-07  -1.31536e-01
  21  alpha_A0    -8.93312e+00   2.67703e+00  -8.40240e-03   2.58449e-04
  22  beta_A0     -6.20963e-01   2.86116e+00   4.34527e-04   4.48288e-04
  23  alpha_phi   -5.74127e+00   2.72031e+00   1.08121e-02  -8.91262e-05
  24  beta_phi     7.66639e+00   2.66032e+00  -1.23986e-03   4.47034e-04
 MIGRAD MINIMIZATION HAS CONVERGED.
 MIGRAD WILL VERIFY CONVERGENCE AND ERROR MATRIX.
 FCN=66.3826 FROM HESSE     STATUS=NOT POSDEF     50 CALLS        1679 TOTAL
                     EDM=0.00136436    STRATEGY= 1      ERR MATRIX NOT POS-DEF
  EXT PARAMETER                APPROXIMATE        STEP         FIRST   
  NO.   NAME      VALUE            ERROR          SIZE      DERIVATIVE 
   1  N0           3.61686e+06     fixed    
   2  tau          6.44027e+01   constant   
   3  A0           3.53705e-01     fixed    
   4  phi          4.12228e+00     fixed    
   5  R           -6.06479e+01   constant   
   6  alpha_CBO    4.67974e-03     fixed    
   7  w_CBO        2.32500e+00   constant   
   8  beta_CBO     8.61422e-04   1.70822e-04   6.77648e-07  -2.94484e+00
   9  alpha_2CBO   3.44192e-04   1.70940e-04   6.68692e-07   8.16375e+00
  10  beta_2CBO   -1.75160e-04     fixed    
  11  alpha_y      0.00000e+00     fixed    
  12  w_y          1.44500e+01   constant   
  13  beta_y       1.86786e-04     fixed    
  14  alpha_vw     0.00000e+00     fixed    
  15  w_vw         1.29000e+01   constant   
  16  beta_vw      0.00000e+00     fixed    
  17  LM          -1.06686e-04   constant   
  18  zeta_y       0.00000e+00   constant   
  19  zeta_vw      0.00000e+00   constant   
  20  T_CBO        1.69101e+01   7.34124e+00   1.44532e-05   5.89502e-01
  21  alpha_A0    -7.92882e+00   2.89243e+01   1.27115e-02   3.24637e-04
  22  beta_A0     -2.96660e+00   1.15043e+01   1.23065e-02   5.54828e-05
  23  alpha_phi   -6.24238e+00   2.28273e+01   1.11279e-02   4.52180e-04
  24  beta_phi     7.64241e+00   2.78921e+01   1.18341e-02  -7.22984e-04
 MIGRAD MINIMIZATION HAS CONVERGED.
 MIGRAD WILL VERIFY CONVERGENCE AND ERROR MATRIX.
 FCN=66.3654 FROM MIGRAD    STATUS=CONVERGED     893 CALLS        2427 TOTAL
                     EDM=2.02675e-05    STRATEGY= 1      ERR MATRIX NOT POS-DEF
  EXT PARAMETER                APPROXIMATE        STEP         FIRST   
  NO.   NAME      VALUE            ERROR          SIZE      DERIVATIVE 
   1  N0           3.61686e+06     fixed    
   2  tau          6.44027e+01   constant   
   3  A0           3.53705e-01     fixed    
   4  phi          4.12228e+00     fixed    
   5  R           -6.06479e+01   constant   
   6  alpha_CBO    4.67974e-03     fixed    
   7  w_CBO        2.32500e+00   constant   
   8  beta_CBO     8.62865e-04   1.70957e-04   6.77560e-07   3.56283e+00
   9  alpha_2CBO   3.44725e-04   1.71046e-04   6.68606e-07  -1.23007e+01
  10  beta_2CBO   -1.75160e-04     fixed    
  11  alpha_y      0.00000e+00     fixed    
  12  w_y          1.44500e+01   constant   
  13  beta_y       1.86786e-04     fixed    
  14  alpha_vw     0.00000e+00     fixed    
  15  w_vw         1.29000e+01   constant   
  16  beta_vw      0.00000e+00     fixed    
  17  LM          -1.06686e-04   constant   
  18  zeta_y       0.00000e+00   constant   
  19  zeta_vw      0.00000e+00   constant   
  20  T_CBO        1.41526e+01   5.14802e+00   1.10627e-05  -4.04502e-01
  21  alpha_A0    -4.04580e+01   1.47511e+02   6.51704e-02  -1.05495e-04
  22  beta_A0     -1.59401e+01   6.16018e+01   6.33971e-02  -6.80551e-05
  23  alpha_phi   -3.19044e+01   1.16553e+02   5.69823e-02   2.79525e-04
  24  beta_phi     3.88666e+01   1.41767e+02   6.05492e-02  -6.00850e-05
 EXTERNAL ERROR MATRIX.    NDIM=  25    NPAR=  7    ERR DEF=1
  2.923e-08  1.392e-09 -1.342e-05 -3.304e-04 -5.126e-04 -3.747e-04  2.124e-04 
  1.392e-09  2.926e-08 -1.234e-05  1.104e-04 -3.396e-04 -2.778e-04  6.854e-04 
 -1.342e-05 -1.234e-05  2.652e+01  7.549e+02  3.064e+02  5.957e+02 -7.258e+02 
 -3.304e-04  1.104e-04  7.549e+02  2.176e+04  8.706e+03  1.696e+04 -2.066e+04 
 -5.126e-04 -3.396e-04  3.064e+02  8.706e+03  3.795e+03  6.878e+03 -8.387e+03 
 -3.747e-04 -2.778e-04  5.957e+02  1.696e+04  6.878e+03  1.358e+04 -1.631e+04 
  2.124e-04  6.854e-04 -7.258e+02 -2.066e+04 -8.387e+03 -1.631e+04  2.010e+04 
ERR MATRIX NOT POS-DEF
 PARAMETER  CORRELATION COEFFICIENTS  
       NO.  GLOBAL      8      9     20     21     22     23     24
        8  0.15596   1.000  0.048 -0.015 -0.013 -0.049 -0.019  0.009
        9  0.22568   0.048  1.000 -0.014  0.004 -0.032 -0.014  0.028
       20  0.99800  -0.015 -0.014  1.000  0.994  0.966  0.993 -0.994
       21  0.99394  -0.013  0.004  0.994  1.000  0.958  0.986 -0.988
       22  0.96668  -0.049 -0.032  0.966  0.958  1.000  0.958 -0.960
       23  0.99258  -0.019 -0.014  0.993  0.986  0.958  1.000 -0.987
       24  0.99434   0.009  0.028 -0.994 -0.988 -0.960 -0.987  1.000
 ERR MATRIX NOT POS-DEF
MINUIT - FIT wiggle + 1-CBO + 2-CBO
 **********
 **   42 **RES 
 **********
                   PARAMETER   16  beta_vw RESTORED TO VARIABLE.
                   PARAMETER   14  alpha_vw RESTORED TO VARIABLE.
                   PARAMETER   13  beta_y RESTORED TO VARIABLE.
                   PARAMETER   11  alpha_y RESTORED TO VARIABLE.
                   PARAMETER   10  beta_2CBO RESTORED TO VARIABLE.
                   PARAMETER    6  alpha_CBO RESTORED TO VARIABLE.
                   PARAMETER    4  phi RESTORED TO VARIABLE.
                   PARAMETER    3  A0 RESTORED TO VARIABLE.
                   PARAMETER    1  N0 RESTORED TO VARIABLE.
 **********
 **   43 **FIX           10
 **********
 **********
 **   44 **FIX           11
 **********
 **********
 **   45 **FIX           12
 **********
 PARAMETER   12  IS CONSTANT.   IGNORED.
 **********
 **   46 **FIX           13
 **********
 **********
 **   47 **FIX           14
 **********
 **********
 **   48 **FIX           15
 **********
 PARAMETER   15  IS CONSTANT.   IGNORED.
 **********
 **   49 **FIX           16
 **********
 **********
 **   50 **MIGRAD
 **********
 START MIGRAD MINIMIZATION.  STRATEGY  1.  CONVERGENCE WHEN EDM .LT. 1.00e-04
 FCN=66.3654 FROM MIGRAD    STATUS=INITIATE       22 CALLS        2449 TOTAL
                     EDM= unknown      STRATEGY= 1      NO ERROR MATRIX       
  EXT PARAMETER               CURRENT GUESS       STEP         FIRST   
  NO.   NAME      VALUE            ERROR          SIZE      DERIVATIVE 
   1  N0           3.61686e+06   4.50548e+02   4.50548e+02   2.18665e-03
   2  tau          6.44027e+01   constant   
   3  A0           3.53705e-01   1.62429e-04   1.62429e-04   1.22470e+04
   4  phi          4.12228e+00   5.10361e-04   5.10361e-04  -2.39713e+03
   5  R           -6.06479e+01   constant   
   6  alpha_CBO    4.67974e-03   1.73597e-04   1.73597e-04   2.59768e+03
   7  w_CBO        2.32500e+00   constant   
   8  beta_CBO     8.62865e-04   1.70957e-04   6.77560e-07   3.56285e+00
   9  alpha_2CBO   3.44725e-04   1.71046e-04   6.68606e-07  -1.23007e+01
  10  beta_2CBO   -1.75160e-04     fixed    
  11  alpha_y      0.00000e+00     fixed    
  12  w_y          1.44500e+01   constant   
  13  beta_y       1.86786e-04     fixed    
  14  alpha_vw     0.00000e+00     fixed    
  15  w_vw         1.29000e+01   constant   
  16  beta_vw      0.00000e+00     fixed    
  17  LM          -1.06686e-04   constant   
  18  zeta_y       0.00000e+00   constant   
  19  zeta_vw      0.00000e+00   constant   
  20  T_CBO        1.41526e+01   5.14802e+00   1.10627e-05  -4.03412e-01
  21  alpha_A0    -4.04580e+01   1.47511e+02   6.51704e-02  -1.05494e-04
  22  beta_A0     -1.59401e+01   6.16018e+01   6.33971e-02  -6.80542e-05
  23  alpha_phi   -3.19044e+01   1.16553e+02   5.69823e-02   2.79525e-04
  24  beta_phi     3.88666e+01   1.41767e+02   6.05492e-02  -6.00852e-05
 CALL LIMIT EXCEEDED IN MIGRAD.
 MIGRAD TERMINATED WITHOUT CONVERGENCE.
 FCN=64.3217 FROM MIGRAD    STATUS=CALL LIMIT   1905 CALLS        4332 TOTAL
                     EDM=0.0044456    STRATEGY= 1  ERROR MATRIX UNCERTAINTY   0.3 per cent
  EXT PARAMETER                APPROXIMATE        STEP         FIRST   
  NO.   NAME      VALUE            ERROR          SIZE      DERIVATIVE 
   1  N0           3.61669e+06   4.09404e+02   2.97730e+00  -4.06016e-05
   2  tau          6.44027e+01   constant   
   3  A0           3.53511e-01   1.63096e-04   8.81438e-07   1.91618e+02
   4  phi          4.12269e+00   4.78430e-04   2.55147e-06   1.40800e+01
   5  R           -6.06479e+01   constant   
   6  alpha_CBO    4.66043e-03   1.65546e-04  -1.56489e-06  -1.00085e+02
   7  w_CBO        2.32500e+00   constant   
   8  beta_CBO     9.22624e-04   1.71630e-04  -5.67686e-07   3.21887e+01
   9  alpha_2CBO   3.58508e-04   1.60712e-04   2.83171e-07  -5.30695e+01
  10  beta_2CBO   -1.75160e-04     fixed    
  11  alpha_y      0.00000e+00     fixed    
  12  w_y          1.44500e+01   constant   
  13  beta_y       1.86786e-04     fixed    
  14  alpha_vw     0.00000e+00     fixed    
  15  w_vw         1.29000e+01   constant   
  16  beta_vw      0.00000e+00     fixed    
  17  LM          -1.06686e-04   constant   
  18  zeta_y       0.00000e+00   constant   
  19  zeta_vw      0.00000e+00   constant   
  20  T_CBO        2.59755e+01   1.07476e+01   2.44589e-03  -1.17427e+01
  21  alpha_A0    -3.85503e-01   1.02376e+00   3.64770e-02   6.18976e-01
  22  beta_A0     -1.64522e-01   5.35248e-01   2.17593e-02   3.12285e-01
  23  alpha_phi   -3.38284e-01   9.02842e-01   2.28017e-02  -4.79759e-02
  24  beta_phi     3.92332e-01   1.12191e+00  -3.02775e-02  -1.98432e-02
 EXTERNAL ERROR MATRIX.    NDIM=  25    NPAR= 11    ERR DEF=1
  1.676e+05 
 -1.996e-03  2.660e-08 
 -8.109e-03 -6.460e-09  2.289e-07 
  2.626e-03  7.846e-11  1.187e-08  2.741e-08 
 -5.225e-03 -5.620e-09  4.993e-09 -1.360e-09  2.946e-08 
  1.375e-03 -8.540e-10  5.499e-09 -2.014e-11  1.925e-09  2.583e-08 
  1.081e+02 -5.350e-05  4.685e-04 -2.712e-05 -2.921e-06 -4.032e-05  1.157e+02 
  2.400e+01 -1.209e-05  5.287e-05 -6.346e-07  1.811e-06  1.084e-06  1.081e+01  1.048e+00 
  1.003e+01 -3.209e-06  6.293e-06 -1.959e-09 -4.215e-06 -5.702e-06  5.242e+00  4.809e-01  2.865e-01 
  8.257e+00 -6.096e-06  2.523e-05 -4.141e-06 -1.158e-06 -4.041e-06  9.440e+00  8.854e-01  4.405e-01  8.151e-01 
 -2.785e+01  1.153e-05 -5.136e-05 -1.584e-06 -2.526e-06  9.603e-06 -1.156e+01 -1.091e+00 -5.526e-01 -9.609e-01  1.259e+00 
ERR MATRIX APPROXIMATE
 PARAMETER  CORRELATION COEFFICIENTS  
       NO.  GLOBAL      1      3      4      6      8      9     20     21     22     23     24
        1  0.24203   1.000 -0.030 -0.041  0.039 -0.074  0.021  0.025  0.057  0.046  0.022 -0.061
        3  0.31227  -0.030  1.000 -0.083  0.003 -0.201 -0.033 -0.030 -0.072 -0.037 -0.041  0.063
        4  0.29047  -0.041 -0.083  1.000  0.150  0.061  0.072  0.091  0.108  0.025  0.058 -0.096
        6  0.20133   0.039  0.003  0.150  1.000 -0.048 -0.001 -0.015 -0.004 -0.000 -0.028 -0.009
        8  0.27142  -0.074 -0.201  0.061 -0.048  1.000  0.070 -0.002  0.010 -0.046 -0.007 -0.013
        9  0.22528   0.021 -0.033  0.072 -0.001  0.070  1.000 -0.023  0.007 -0.066 -0.028  0.053
       20  0.99000   0.025 -0.030  0.091 -0.015 -0.002 -0.023  1.000  0.981  0.911  0.972 -0.958
       21  0.98528   0.057 -0.072  0.108 -0.004  0.010  0.007  0.981  1.000  0.878  0.958 -0.950
       22  0.93836   0.046 -0.037  0.025 -0.000 -0.046 -0.066  0.911  0.878  1.000  0.911 -0.920
       23  0.97583   0.022 -0.041  0.058 -0.028 -0.007 -0.028  0.972  0.958  0.911  1.000 -0.949
       24  0.96987  -0.061  0.063 -0.096 -0.009 -0.013  0.053 -0.958 -0.950 -0.920 -0.949  1.000
 ERR MATRIX APPROXIMATE
MINUIT - FIT ONLY 1-y
 **********
 **   51 **RES 
 **********
                   PARAMETER   16  beta_vw RESTORED TO VARIABLE.
                   PARAMETER   14  alpha_vw RESTORED TO VARIABLE.
                   PARAMETER   13  beta_y RESTORED TO VARIABLE.
                   PARAMETER   11  alpha_y RESTORED TO VARIABLE.
                   PARAMETER   10  beta_2CBO RESTORED TO VARIABLE.
 **********
 **   52 **FIX            0
 **********
 PARAMETER    0  IS UNDEFINED. IGNORED.
 **********
 **   53 **FIX            1
 **********
 **********
 **   54 **FIX            2
 **********
 PARAMETER    2  IS CONSTANT.   IGNORED.
 **********
 **   55 **FIX            3
 **********
 **********
 **   56 **FIX            4
 **********
 **********
 **   57 **FIX            5
 **********
 PARAMETER    5  IS CONSTANT.   IGNORED.
 **********
 **   58 **FIX            6
 **********
 **********
 **   59 **FIX            7
 **********
 PARAMETER    7  IS CONSTANT.   IGNORED.
 **********
 **   60 **FIX            8
 **********
 **********
 **   61 **FIX            9
 **********
 **********
 **   62 **FIX           13
 **********
 **********
 **   63 **FIX           14
 **********
 **********
 **   64 **FIX           15
 **********
 PARAMETER   15  IS CONSTANT.   IGNORED.
 **********
 **   65 **FIX           16
 **********
 **********
 **   66 **MIGRAD
 **********
 START MIGRAD MINIMIZATION.  STRATEGY  1.  CONVERGENCE WHEN EDM .LT. 1.00e-04
 FCN=64.3217 FROM MIGRAD    STATUS=INITIATE       16 CALLS        4348 TOTAL
                     EDM= unknown      STRATEGY= 1      NO ERROR MATRIX       
  EXT PARAMETER               CURRENT GUESS       STEP         FIRST   
  NO.   NAME      VALUE            ERROR          SIZE      DERIVATIVE 
   1  N0           3.61669e+06     fixed    
   2  tau          6.44027e+01   constant   
   3  A0           3.53511e-01     fixed    
   4  phi          4.12269e+00     fixed    
   5  R           -6.06479e+01   constant   
   6  alpha_CBO    4.66043e-03     fixed    
   7  w_CBO        2.32500e+00   constant   
   8  beta_CBO     9.22624e-04     fixed    
   9  alpha_2CBO   3.58508e-04     fixed    
  10  beta_2CBO   -1.75160e-04   1.64736e-04   1.64736e-04  -3.70057e+03
  11  alpha_y      0.00000e+00   1.00000e-03   1.00000e-03  -2.61887e+03
  12  w_y          1.44500e+01   constant   
  13  beta_y       1.86786e-04     fixed    
  14  alpha_vw     0.00000e+00     fixed    
  15  w_vw         1.29000e+01   constant   
  16  beta_vw      0.00000e+00     fixed    
  17  LM          -1.06686e-04   constant   
  18  zeta_y       0.00000e+00   constant   
  19  zeta_vw      0.00000e+00   constant   
  20  T_CBO        2.59755e+01   1.07476e+01   2.44589e-03  -1.17427e+01
  21  alpha_A0    -3.85503e-01   1.02376e+00   3.64770e-02   6.18976e-01
  22  beta_A0     -1.64522e-01   5.35248e-01   2.17593e-02   3.12285e-01
  23  alpha_phi   -3.38284e-01   9.02842e-01   2.28017e-02  -4.79759e-02
  24  beta_phi     3.92332e-01   1.12191e+00  -3.02775e-02  -1.98432e-02
 CALL LIMIT EXCEEDED IN MIGRAD.
 MIGRAD TERMINATED WITHOUT CONVERGENCE.
 FCN=64.0014 FROM MIGRAD    STATUS=CALL LIMIT   1148 CALLS        5480 TOTAL
                     EDM=0.0014156    STRATEGY= 1  ERROR MATRIX UNCERTAINTY  13.7 per cent
  EXT PARAMETER                APPROXIMATE        STEP         FIRST   
  NO.   NAME      VALUE            ERROR          SIZE      DERIVATIVE 
   1  N0           3.61669e+06     fixed    
   2  tau          6.44027e+01   constant   
   3  A0           3.53511e-01     fixed    
   4  phi          4.12269e+00     fixed    
   5  R           -6.06479e+01   constant   
   6  alpha_CBO    4.66043e-03     fixed    
   7  w_CBO        2.32500e+00   constant   
   8  beta_CBO     9.22624e-04     fixed    
   9  alpha_2CBO   3.58508e-04     fixed    
  10  beta_2CBO   -1.19633e-04   1.74852e-04   6.43835e-07  -3.07511e+01
  11  alpha_y      3.68140e-05   1.68586e-04   1.37006e-08  -7.53956e+01
  12  w_y          1.44500e+01   constant   
  13  beta_y       1.86786e-04     fixed    
  14  alpha_vw     0.00000e+00     fixed    
  15  w_vw         1.29000e+01   constant   
  16  beta_vw      0.00000e+00     fixed    
  17  LM          -1.06686e-04   constant   
  18  zeta_y       0.00000e+00   constant   
  19  zeta_vw      0.00000e+00   constant   
  20  T_CBO        6.49843e+01   7.88702e+01   4.76356e-03  -1.37330e+00
  21  alpha_A0    -1.46706e-02   4.61268e-02   4.91447e-04  -1.74380e-01
  22  beta_A0     -5.51762e-03   1.87051e-02   1.91095e-04   8.15759e-01
  23  alpha_phi   -1.30092e-02   4.07920e-02   6.45120e-04   9.41589e+00
  24  beta_phi     1.49199e-02   4.52031e-02  -4.98443e-04  -6.63007e-01
 EXTERNAL ERROR MATRIX.    NDIM=  25    NPAR=  7    ERR DEF=1
  3.057e-08  8.785e-10  9.336e-04  6.373e-07  3.895e-07  2.280e-07 -3.832e-07 
  8.785e-10  2.842e-08  4.106e-05  1.133e-08  5.172e-08 -3.923e-09 -3.648e-08 
  9.336e-04  4.106e-05  6.445e+03  3.613e+00  1.336e+00  3.249e+00 -3.559e+00 
  6.373e-07  1.133e-08  3.613e+00  2.128e-03  7.375e-04  1.824e-03 -1.977e-03 
  3.895e-07  5.172e-08  1.336e+00  7.375e-04  3.499e-04  6.737e-04 -7.433e-04 
  2.280e-07 -3.923e-09  3.249e+00  1.824e-03  6.737e-04  1.664e-03 -1.803e-03 
 -3.832e-07 -3.648e-08 -3.559e+00 -1.977e-03 -7.433e-04 -1.803e-03  2.043e-03 
ERR MATRIX APPROXIMATE
 PARAMETER  CORRELATION COEFFICIENTS  
       NO.  GLOBAL     10     11     20     21     22     23     24
       10  0.32344   1.000  0.030  0.067  0.079  0.119  0.032 -0.048
       11  0.04764   0.030  1.000  0.003  0.001  0.016 -0.001 -0.005
       20  0.99535   0.067  0.003  1.000  0.976  0.890  0.992 -0.981
       21  0.97750   0.079  0.001  0.976  1.000  0.855  0.969 -0.948
       22  0.89482   0.119  0.016  0.890  0.855  1.000  0.883 -0.879
       23  0.99289   0.032 -0.001  0.992  0.969  0.883  1.000 -0.978
       24  0.98249  -0.048 -0.005 -0.981 -0.948 -0.879 -0.978  1.000
 ERR MATRIX APPROXIMATE
MINUIT - FIT ONLY 2-y
 **********
 **   67 **RES 
 **********
                   PARAMETER   16  beta_vw RESTORED TO VARIABLE.
                   PARAMETER   14  alpha_vw RESTORED TO VARIABLE.
                   PARAMETER   13  beta_y RESTORED TO VARIABLE.
                   PARAMETER    9  alpha_2CBO RESTORED TO VARIABLE.
                   PARAMETER    8  beta_CBO RESTORED TO VARIABLE.
                   PARAMETER    6  alpha_CBO RESTORED TO VARIABLE.
                   PARAMETER    4  phi RESTORED TO VARIABLE.
                   PARAMETER    3  A0 RESTORED TO VARIABLE.
                   PARAMETER    1  N0 RESTORED TO VARIABLE.
 **********
 **   68 **FIX            0
 **********
 PARAMETER    0  IS UNDEFINED. IGNORED.
 **********
 **   69 **FIX            1
 **********
 **********
 **   70 **FIX            2
 **********
 PARAMETER    2  IS CONSTANT.   IGNORED.
 **********
 **   71 **FIX            3
 **********
 **********
 **   72 **FIX            4
 **********
 **********
 **   73 **FIX            5
 **********
 PARAMETER    5  IS CONSTANT.   IGNORED.
 **********
 **   74 **FIX            6
 **********
 **********
 **   75 **FIX            7
 **********
 PARAMETER    7  IS CONSTANT.   IGNORED.
 **********
 **   76 **FIX            8
 **********
 **********
 **   77 **FIX            9
 **********
 **********
 **   78 **FIX           10
 **********
 **********
 **   79 **FIX           11
 **********
 **********
 **   80 **FIX           12
 **********
 PARAMETER   12  IS CONSTANT.   IGNORED.
 **********
 **   81 **FIX           16
 **********
 **********
 **   82 **MIGRAD
 **********
 START MIGRAD MINIMIZATION.  STRATEGY  1.  CONVERGENCE WHEN EDM .LT. 1.00e-04
 FCN=64.0014 FROM MIGRAD    STATUS=INITIATE       16 CALLS        5496 TOTAL
                     EDM= unknown      STRATEGY= 1      NO ERROR MATRIX       
  EXT PARAMETER               CURRENT GUESS       STEP         FIRST   
  NO.   NAME      VALUE            ERROR          SIZE      DERIVATIVE 
   1  N0           3.61669e+06     fixed    
   2  tau          6.44027e+01   constant   
   3  A0           3.53511e-01     fixed    
   4  phi          4.12269e+00     fixed    
   5  R           -6.06479e+01   constant   
   6  alpha_CBO    4.66043e-03     fixed    
   7  w_CBO        2.32500e+00   constant   
   8  beta_CBO     9.22624e-04     fixed    
   9  alpha_2CBO   3.58508e-04     fixed    
  10  beta_2CBO   -1.19633e-04     fixed    
  11  alpha_y      3.68140e-05     fixed    
  12  w_y          1.44500e+01   constant   
  13  beta_y       1.86786e-04   1.65578e-04   1.65578e-04  -4.78074e+02
  14  alpha_vw     0.00000e+00   1.00000e-03   1.00000e-03  -1.69283e+04
  15  w_vw         1.29000e+01   constant   
  16  beta_vw      0.00000e+00     fixed    
  17  LM          -1.06686e-04   constant   
  18  zeta_y       0.00000e+00   constant   
  19  zeta_vw      0.00000e+00   constant   
  20  T_CBO        6.49843e+01   7.88702e+01   4.76356e-03  -1.37329e+00
  21  alpha_A0    -1.46706e-02   4.61268e-02   4.91447e-04  -1.74380e-01
  22  beta_A0     -5.51762e-03   1.87051e-02   1.91095e-04   8.15755e-01
  23  alpha_phi   -1.30092e-02   4.07920e-02   6.45120e-04   9.41589e+00
  24  beta_phi     1.49199e-02   4.52031e-02  -4.98443e-04  -6.63007e-01
 CALL LIMIT EXCEEDED IN MIGRAD.
 MIGRAD TERMINATED WITHOUT CONVERGENCE.
 FCN=61.8409 FROM MIGRAD    STATUS=CALL LIMIT   1159 CALLS        6639 TOTAL
                     EDM=0.000187915    STRATEGY= 1  ERROR MATRIX UNCERTAINTY  37.9 per cent
  EXT PARAMETER                APPROXIMATE        STEP         FIRST   
  NO.   NAME      VALUE            ERROR          SIZE      DERIVATIVE 
   1  N0           3.61669e+06     fixed    
   2  tau          6.44027e+01   constant   
   3  A0           3.53511e-01     fixed    
   4  phi          4.12269e+00     fixed    
   5  R           -6.06479e+01   constant   
   6  alpha_CBO    4.66043e-03     fixed    
   7  w_CBO        2.32500e+00   constant   
   8  beta_CBO     9.22624e-04     fixed    
   9  alpha_2CBO   3.58508e-04     fixed    
  10  beta_2CBO   -1.19633e-04     fixed    
  11  alpha_y      3.68140e-05     fixed    
  12  w_y          1.44500e+01   constant   
  13  beta_y       1.38632e-04   1.71240e-04  -4.28116e-09   9.82828e+00
  14  alpha_vw     2.53288e-04   1.62667e-04   3.84399e-08   5.85986e+01
  15  w_vw         1.29000e+01   constant   
  16  beta_vw      0.00000e+00     fixed    
  17  LM          -1.06686e-04   constant   
  18  zeta_y       0.00000e+00   constant   
