 + ++++++++++++++++++++++++++++++++++++++++++++++++++++++++++++++++++++ +
 +                                                                      +
 +           You have chose to blind your fitting according to          +
 +                omega_ref * (1 + (R +/- deltaR) *10^{-6})             +
 +                                                                      +
 + ++++++++++++++++++++++++++++++++++++++++++++++++++++++++++++++++++++ +
In main()...
reading format from /gm2data/zkhechad/run45/envelope/formats/formatB_sBin_constraintOn.txt
pBinTau 	= 0  
pBinPhi 	= 0  
constraintau 	= 1 
includeMopTerm 	= 0    
constrainMop    = 0   
Parameters after format file: pBinTau 0 pBinPhi 0 constraintau 1 includeMopTerm 0 constrainMop 0 c_e_scale 0.000000 
Opening file /gm2data/tbarrett/gm2fr/studies/run23_bunch_corrections/CorrectedFourier_Run3b.root.
reading full fit data from /gm2data/zkhechad/cboTemplates/Run4CBOTemplates/templateFits0_v2.0/noRF/sBin_constraintOn_cE0.0_seed0_noRF_calo22.root
windowBins = 69
fitting sliding window 1838 from bin 1974 at 294.371600 to bin 2043 at 304.815600 (69 bins)

Reading data from /gm2data/cornell/histograms/aMethod/histogram_a_noRF.root
 **********
 **    1 **SET PRINTOUT            1
 **********
 **********
 **    2 **SET NOWARNINGS 
 **********
 PARAMETER DEFINITIONS:
    NO.   NAME         VALUE      STEP SIZE      LIMITS
     1 N0           3.01105e+06  1.00000e+02     no limits
     2 tau          6.44153e+01  constant
     3 A0           3.51737e-01  1.00000e-04     no limits
     4 phi          4.11590e+00  1.00000e-02     no limits
     5 R           -6.13262e+01  constant
     6 alpha_CBO    0.00000e+00  1.00000e-03     no limits
     7 w_CBO        2.32500e+00  constant
     8 beta_CBO     0.00000e+00  1.00000e-03     no limits
     9 alpha_2CBO   0.00000e+00  1.00000e-03     no limits
    10 beta_2CBO    0.00000e+00  1.00000e-03     no limits
    11 alpha_y      0.00000e+00  1.00000e-03     no limits
    12 w_y          1.44500e+01  constant
    13 beta_y       0.00000e+00  1.00000e-03     no limits
    14 alpha_vw     0.00000e+00  1.00000e-03     no limits
    15 w_vw         1.29000e+01  constant
    16 beta_vw      0.00000e+00  1.00000e-03     no limits
    17 LM           4.28749e-04  constant
    18 zeta_y       0.00000e+00  constant
    19 zeta_vw      0.00000e+00  constant
    20 T_CBO        1.00000e+02  1.00000e+00    0.00000e+00  1.00000e+03
    21 alpha_A0     0.00000e+00  1.00000e-03     no limits
    22 beta_A0      0.00000e+00  1.00000e-03     no limits
    23 alpha_phi    0.00000e+00  1.00000e-03     no limits
    24 beta_phi     0.00000e+00  1.00000e-03     no limits
MINUIT - FIT ONLY WIGGLE
 **********
 **    3 **FIX            5
 **********
 PARAMETER    5  IS CONSTANT.   IGNORED.
 **********
 **    4 **FIX            6
 **********
 **********
 **    5 **FIX            7
 **********
 PARAMETER    7  IS CONSTANT.   IGNORED.
 **********
 **    6 **FIX            8
 **********
 **********
 **    7 **FIX            9
 **********
 **********
 **    8 **FIX           10
 **********
 **********
 **    9 **FIX           11
 **********
 **********
 **   10 **FIX           12
 **********
 PARAMETER   12  IS CONSTANT.   IGNORED.
 **********
 **   11 **FIX           13
 **********
 **********
 **   12 **FIX           14
 **********
 **********
 **   13 **FIX           15
 **********
 PARAMETER   15  IS CONSTANT.   IGNORED.
 **********
 **   14 **FIX           16
 **********
 **********
 **   15 **MIGRAD
 **********
 FIRST CALL TO USER FUNCTION AT NEW START POINT, WITH IFLAG=4.
 START MIGRAD MINIMIZATION.  STRATEGY  1.  CONVERGENCE WHEN EDM .LT. 1.00e-04
 FCN=106.122 FROM MIGRAD    STATUS=INITIATE      437 CALLS         438 TOTAL
                     EDM= unknown      STRATEGY= 1      NO ERROR MATRIX       
  EXT PARAMETER               CURRENT GUESS       STEP         FIRST   
  NO.   NAME      VALUE            ERROR          SIZE      DERIVATIVE 
   1  N0           3.01105e+06   1.00000e+02   0.00000e+00  -6.58044e-04
   2  tau          6.44153e+01   constant   
   3  A0           3.51737e-01   1.00000e-04   0.00000e+00  -3.09413e+03
   4  phi          4.11590e+00   1.00000e-02   0.00000e+00  -9.28754e+02
   5  R           -6.13262e+01   constant   
   6  alpha_CBO    0.00000e+00     fixed    
   7  w_CBO        2.32500e+00   constant   
   8  beta_CBO     0.00000e+00     fixed    
   9  alpha_2CBO   0.00000e+00     fixed    
  10  beta_2CBO    0.00000e+00     fixed    
  11  alpha_y      0.00000e+00     fixed    
  12  w_y          1.44500e+01   constant   
  13  beta_y       0.00000e+00     fixed    
  14  alpha_vw     0.00000e+00     fixed    
  15  w_vw         1.29000e+01   constant   
  16  beta_vw      0.00000e+00     fixed    
  17  LM           4.28749e-04   constant   
  18  zeta_y       0.00000e+00   constant   
  19  zeta_vw      0.00000e+00   constant   
  20  T_CBO        1.00000e+02   1.00000e+00   0.00000e+00   0.00000e+00
  21  alpha_A0     0.00000e+00   1.00000e-03   0.00000e+00  -1.00905e+02
  22  beta_A0      0.00000e+00   1.00000e-03   0.00000e+00   5.40780e+01
  23  alpha_phi    0.00000e+00   1.00000e-03   0.00000e+00   1.16748e+02
  24  beta_phi     0.00000e+00   1.00000e-03   0.00000e+00  -1.06520e+01
 CALL LIMIT EXCEEDED IN MIGRAD.
 MIGRAD TERMINATED WITHOUT CONVERGENCE.
 FCN=88.7985 FROM MIGRAD    STATUS=CALL LIMIT   1325 CALLS        1326 TOTAL
                     EDM=0.00166635    STRATEGY= 1  ERROR MATRIX UNCERTAINTY   0.5 per cent
  EXT PARAMETER                APPROXIMATE        STEP         FIRST   
  NO.   NAME      VALUE            ERROR          SIZE      DERIVATIVE 
   1  N0           3.01108e+06   1.31996e+03   8.93305e-01  -4.08179e-06
   2  tau          6.44153e+01   constant   
   3  A0           3.52558e-01   5.78706e-04  -2.55903e-06   9.80062e+00
   4  phi          4.11800e+00   1.68149e-03  -1.04612e-05   9.33881e+00
   5  R           -6.13262e+01   constant   
   6  alpha_CBO    0.00000e+00     fixed    
   7  w_CBO        2.32500e+00   constant   
   8  beta_CBO     0.00000e+00     fixed    
   9  alpha_2CBO   0.00000e+00     fixed    
  10  beta_2CBO    0.00000e+00     fixed    
  11  alpha_y      0.00000e+00     fixed    
  12  w_y          1.44500e+01   constant   
  13  beta_y       0.00000e+00     fixed    
  14  alpha_vw     0.00000e+00     fixed    
  15  w_vw         1.29000e+01   constant   
  16  beta_vw      0.00000e+00     fixed    
  17  LM           4.28749e-04   constant   
  18  zeta_y       0.00000e+00   constant   
  19  zeta_vw      0.00000e+00   constant   
  20  T_CBO        2.37892e+02   2.32225e+02   3.95019e-03  -7.35350e-02
  21  alpha_A0     1.89496e-02   2.12120e-02   3.63787e-05   3.30717e+00
  22  beta_A0     -1.44357e-02   2.50477e-02   8.23397e-05   2.68614e+00
  23  alpha_phi   -2.20535e-02   3.31628e-02   6.80142e-05   9.39658e-01
  24  beta_phi     3.54043e-03   1.36879e-02  -1.86249e-05   5.88409e-02
 EXTERNAL ERROR MATRIX.    NDIM=  25    NPAR=  8    ERR DEF=1
  1.742e+06 -8.212e-02  3.707e-02  3.881e+04 -1.506e+00  5.461e+00  6.699e+00 -2.987e+00 
 -8.212e-02  3.349e-07  6.589e-09 -8.541e-03  4.168e-07 -1.361e-06 -1.914e-06  7.097e-07 
  3.707e-02  6.589e-09  2.827e-06  9.360e-02 -8.737e-06  6.284e-06  1.059e-05 -3.406e-06 
  3.881e+04 -8.541e-03  9.360e-02  6.033e+04 -4.832e+00  5.577e+00  7.687e+00 -1.419e+00 
 -1.506e+00  4.168e-07 -8.737e-06 -4.832e+00  4.499e-04 -4.864e-04 -5.894e-04  1.271e-04 
  5.461e+00 -1.361e-06  6.284e-06  5.577e+00 -4.864e-04  6.274e-04  6.617e-04 -1.628e-04 
  6.699e+00 -1.914e-06  1.059e-05  7.687e+00 -5.894e-04  6.617e-04  1.100e-03 -1.641e-04 
 -2.987e+00  7.097e-07 -3.406e-06 -1.419e+00  1.271e-04 -1.628e-04 -1.641e-04  1.874e-04 
ERR MATRIX APPROXIMATE
 PARAMETER  CORRELATION COEFFICIENTS  
       NO.  GLOBAL      1      3      4     20     21     22     23     24
        1  0.36953   1.000 -0.108  0.017  0.120 -0.054  0.165  0.153 -0.165
        3  0.24610  -0.108  1.000  0.007 -0.060  0.034 -0.094 -0.100  0.090
        4  0.35691   0.017  0.007  1.000  0.227 -0.245  0.149  0.190 -0.148
       20  0.98270   0.120 -0.060  0.227  1.000 -0.927  0.906  0.944 -0.422
       21  0.95036  -0.054  0.034 -0.245 -0.927  1.000 -0.915 -0.838  0.438
       22  0.94835   0.165 -0.094  0.149  0.906 -0.915  1.000  0.797 -0.475
       23  0.95828   0.153 -0.100  0.190  0.944 -0.838  0.797  1.000 -0.362
       24  0.49409  -0.165  0.090 -0.148 -0.422  0.438 -0.475 -0.362  1.000
 ERR MATRIX APPROXIMATE
MINUIT - FIT ONLY 1-CBO + wiggle
 **********
 **   16 **RES 
 **********
                   PARAMETER   16  beta_vw RESTORED TO VARIABLE.
                   PARAMETER   14  alpha_vw RESTORED TO VARIABLE.
                   PARAMETER   13  beta_y RESTORED TO VARIABLE.
                   PARAMETER   11  alpha_y RESTORED TO VARIABLE.
                   PARAMETER   10  beta_2CBO RESTORED TO VARIABLE.
                   PARAMETER    9  alpha_2CBO RESTORED TO VARIABLE.
                   PARAMETER    8  beta_CBO RESTORED TO VARIABLE.
                   PARAMETER    6  alpha_CBO RESTORED TO VARIABLE.
 **********
 **   17 **FIX            8
 **********
 **********
 **   18 **FIX            9
 **********
 **********
 **   19 **FIX           11
 **********
 **********
 **   20 **FIX           12
 **********
 PARAMETER   12  IS CONSTANT.   IGNORED.
 **********
 **   21 **FIX           14
 **********
 **********
 **   22 **FIX           15
 **********
 PARAMETER   15  IS CONSTANT.   IGNORED.
 **********
 **   23 **FIX           16
 **********
 **********
 **   24 **MIGRAD
 **********
 START MIGRAD MINIMIZATION.  STRATEGY  1.  CONVERGENCE WHEN EDM .LT. 1.00e-04
 FCN=88.7985 FROM MIGRAD    STATUS=INITIATE       28 CALLS        1354 TOTAL
                     EDM= unknown      STRATEGY= 1      NO ERROR MATRIX       
  EXT PARAMETER               CURRENT GUESS       STEP         FIRST   
  NO.   NAME      VALUE            ERROR          SIZE      DERIVATIVE 
   1  N0           3.01108e+06   1.31996e+03   8.93305e-01  -4.08179e-06
   2  tau          6.44153e+01   constant   
   3  A0           3.52558e-01   5.78706e-04  -2.55903e-06   9.80062e+00
   4  phi          4.11800e+00   1.68149e-03  -1.04612e-05   9.33881e+00
   5  R           -6.13262e+01   constant   
   6  alpha_CBO    0.00000e+00   1.00000e-03   1.00000e-03   1.69312e+04
   7  w_CBO        2.32500e+00   constant   
   8  beta_CBO     0.00000e+00     fixed    
   9  alpha_2CBO   0.00000e+00     fixed    
  10  beta_2CBO    0.00000e+00   1.00000e-03   1.00000e-03   3.85806e+03
  11  alpha_y      0.00000e+00     fixed    
  12  w_y          1.44500e+01   constant   
  13  beta_y       0.00000e+00   1.00000e-03   1.00000e-03  -2.95069e+03
  14  alpha_vw     0.00000e+00     fixed    
  15  w_vw         1.29000e+01   constant   
  16  beta_vw      0.00000e+00     fixed    
  17  LM           4.28749e-04   constant   
  18  zeta_y       0.00000e+00   constant   
  19  zeta_vw      0.00000e+00   constant   
  20  T_CBO        2.37892e+02   2.32225e+02   3.95019e-03  -7.35353e-02
  21  alpha_A0     1.89496e-02   2.12120e-02   3.63787e-05   3.30717e+00
  22  beta_A0     -1.44357e-02   2.50477e-02   8.23397e-05   2.68614e+00
  23  alpha_phi   -2.20535e-02   3.31628e-02   6.80142e-05   9.39658e-01
  24  beta_phi     3.54043e-03   1.36879e-02  -1.86249e-05   5.88409e-02
 MIGRAD MINIMIZATION HAS CONVERGED.
 MIGRAD WILL VERIFY CONVERGENCE AND ERROR MATRIX.
 FCN=60.4906 FROM HESSE     STATUS=NOT POSDEF    100 CALLS        1571 TOTAL
                     EDM=0.00122413    STRATEGY= 1      ERR MATRIX NOT POS-DEF
  EXT PARAMETER                APPROXIMATE        STEP         FIRST   
  NO.   NAME      VALUE            ERROR          SIZE      DERIVATIVE 
   1  N0           3.01087e+06   1.35401e+03   4.72572e+00   1.55903e-06
   2  tau          6.44153e+01   constant   
   3  A0           3.52112e-01   5.92920e-04   2.17339e-06   3.54148e+00
   4  phi          4.11617e+00   1.80091e-03   6.63628e-06  -1.21065e-01
   5  R           -6.13262e+01   constant   
   6  alpha_CBO   -3.12743e-03   6.10436e-04   2.24671e-06  -1.37167e+00
   7  w_CBO        2.32500e+00   constant   
   8  beta_CBO     0.00000e+00     fixed    
   9  alpha_2CBO   0.00000e+00     fixed    
  10  beta_2CBO   -5.24711e-04   6.12299e-04   2.28089e-06  -7.25998e-01
  11  alpha_y      0.00000e+00     fixed    
  12  w_y          1.44500e+01   constant   
  13  beta_y       5.49856e-04   5.95759e-04   2.28234e-06  -3.61830e+00
  14  alpha_vw     0.00000e+00     fixed    
  15  w_vw         1.29000e+01   constant   
  16  beta_vw      0.00000e+00     fixed    
  17  LM           4.28749e-04   constant   
  18  zeta_y       0.00000e+00   constant   
  19  zeta_vw      0.00000e+00   constant   
  20  T_CBO        2.20286e+02   5.20681e+02   4.57888e-04  -1.28237e-02
  21  alpha_A0     1.66350e-02   7.91193e-02   3.56877e-05   1.47963e-02
  22  beta_A0     -1.55148e-02   7.38998e-02   3.74392e-05  -3.60914e-01
  23  alpha_phi   -1.84582e-02   8.74832e-02   3.41058e-05  -1.53662e-01
  24  beta_phi     4.69057e-03   2.39997e-02   3.38824e-05   2.22494e-01
 MIGRAD MINIMIZATION HAS CONVERGED.
 MIGRAD WILL VERIFY CONVERGENCE AND ERROR MATRIX.
 COVARIANCE MATRIX CALCULATED SUCCESSFULLY
 FCN=60.4751 FROM MIGRAD    STATUS=CONVERGED    1661 CALLS        2987 TOTAL
                     EDM=3.36643e-05    STRATEGY= 1      ERROR MATRIX ACCURATE 
  EXT PARAMETER                                   STEP         FIRST   
  NO.   NAME      VALUE            ERROR          SIZE      DERIVATIVE 
   1  N0           3.01087e+06   1.35623e+03   4.72514e+00   1.54618e-07
   2  tau          6.44153e+01   constant   
   3  A0           3.52102e-01   5.92520e-04   2.17305e-06   2.90392e+00
   4  phi          4.11619e+00   1.80013e-03   6.63575e-06   2.23540e-01
   5  R           -6.13262e+01   constant   
   6  alpha_CBO   -3.12595e-03   6.11368e-04   2.24642e-06   3.68022e-01
   7  w_CBO        2.32500e+00   constant   
   8  beta_CBO     0.00000e+00     fixed    
   9  alpha_2CBO   0.00000e+00     fixed    
  10  beta_2CBO   -5.25283e-04   6.13260e-04   2.28060e-06   7.91928e-01
  11  alpha_y      0.00000e+00     fixed    
  12  w_y          1.44500e+01   constant   
  13  beta_y       5.49640e-04   5.96581e-04   2.28205e-06  -1.32985e+00
  14  alpha_vw     0.00000e+00     fixed    
  15  w_vw         1.29000e+01   constant   
  16  beta_vw      0.00000e+00     fixed    
  17  LM           4.28749e-04   constant   
  18  zeta_y       0.00000e+00   constant   
  19  zeta_vw      0.00000e+00   constant   
  20  T_CBO        9.94962e+02   9.92078e+02   4.44477e-02  -6.93059e-04
  21  alpha_A0     5.79182e-03   3.74765e-03   1.24264e-05  -8.13954e-01
  22  beta_A0     -5.36989e-03   3.84859e-03   1.30235e-05   8.44972e-01
  23  alpha_phi   -6.40084e-03   3.70328e-03   1.18639e-05   1.31708e+00
  24  beta_phi     1.63180e-03   3.20245e-03   1.17807e-05  -1.63316e-01
 EXTERNAL ERROR MATRIX.    NDIM=  25    NPAR= 11    ERR DEF=1
  1.839e+06 
 -1.192e-01  3.511e-07 
  1.255e-01  5.725e-08  3.240e-06 
  3.110e-02  5.518e-08  2.254e-07  3.738e-07 
 -3.335e-02 -1.411e-08 -3.594e-08 -2.284e-08  3.761e-07 
 -1.381e-02 -2.296e-09  1.156e-08 -4.479e-09  6.337e-09  3.559e-07 
  6.375e+02 -2.548e-03  7.595e-03  5.457e-04 -4.475e-04 -1.969e-04  1.247e+06 
  9.497e-01 -1.216e-07  6.132e-07  1.312e-07  2.130e-07  4.598e-08 -1.839e+00  1.404e-05 
  9.205e-01 -3.260e-07 -5.890e-07 -8.727e-08  2.649e-07 -1.154e-08  1.702e+00 -1.736e-06  1.481e-05 
  8.236e-01 -3.337e-07 -1.646e-07 -2.092e-07 -1.610e-07 -8.462e-09  2.028e+00 -1.874e-06  3.454e-06  1.371e-05 
 -7.248e-01  1.448e-07 -6.622e-07 -7.874e-08  2.343e-07  2.421e-08 -5.192e-01  4.162e-07 -1.226e-06 -1.956e-06  1.026e-05 
 PARAMETER  CORRELATION COEFFICIENTS  
       NO.  GLOBAL      1      3      4      6     10     13     20     21     22     23     24
        1  0.36391   1.000 -0.148  0.051  0.038 -0.040 -0.017  0.000  0.187  0.176  0.164 -0.167
        3  0.28691  -0.148  1.000  0.054  0.152 -0.039 -0.006 -0.004 -0.055 -0.143 -0.152  0.076
        4  0.26997   0.051  0.054  1.000  0.205 -0.033  0.011  0.004  0.091 -0.085 -0.025 -0.115
        6  0.28077   0.038  0.152  0.205  1.000 -0.061 -0.012  0.001  0.057 -0.037 -0.092 -0.040
       10  0.23757  -0.040 -0.039 -0.033 -0.061  1.000  0.017 -0.001  0.093  0.112 -0.071  0.119
       13  0.04089  -0.017 -0.006  0.011 -0.012  0.017  1.000 -0.000  0.021 -0.005 -0.004  0.013
       20  0.68054   0.000 -0.004  0.004  0.001 -0.001 -0.000  1.000 -0.439  0.396  0.490 -0.145
       21  0.50414   0.187 -0.055  0.091  0.057  0.093  0.021 -0.439  1.000 -0.120 -0.135  0.035
       22  0.47241   0.176 -0.143 -0.085 -0.037  0.112 -0.005  0.396 -0.120  1.000  0.242 -0.100
       23  0.55115   0.164 -0.152 -0.025 -0.092 -0.071 -0.004  0.490 -0.135  0.242  1.000 -0.165
       24  0.28633  -0.167  0.076 -0.115 -0.040  0.119  0.013 -0.145  0.035 -0.100 -0.165  1.000
MINUIT - FIT ONLY 2-CBO
 **********
 **   25 **RES 
 **********
                   PARAMETER   16  beta_vw RESTORED TO VARIABLE.
                   PARAMETER   14  alpha_vw RESTORED TO VARIABLE.
                   PARAMETER   11  alpha_y RESTORED TO VARIABLE.
                   PARAMETER    9  alpha_2CBO RESTORED TO VARIABLE.
                   PARAMETER    8  beta_CBO RESTORED TO VARIABLE.
 **********
 **   26 **FIX            0
 **********
 PARAMETER    0  IS UNDEFINED. IGNORED.
 **********
 **   27 **FIX            1
 **********
 **********
 **   28 **FIX            2
 **********
 PARAMETER    2  IS CONSTANT.   IGNORED.
 **********
 **   29 **FIX            3
 **********
 **********
 **   30 **FIX            4
 **********
 **********
 **   31 **FIX            5
 **********
 PARAMETER    5  IS CONSTANT.   IGNORED.
 **********
 **   32 **FIX            6
 **********
 **********
 **   33 **FIX            7
 **********
 PARAMETER    7  IS CONSTANT.   IGNORED.
 **********
 **   34 **FIX           10
 **********
 **********
 **   35 **FIX           11
 **********
 **********
 **   36 **FIX           12
 **********
 PARAMETER   12  IS CONSTANT.   IGNORED.
 **********
 **   37 **FIX           13
 **********
 **********
 **   38 **FIX           14
 **********
 **********
 **   39 **FIX           15
 **********
 PARAMETER   15  IS CONSTANT.   IGNORED.
 **********
 **   40 **FIX           16
 **********
 **********
 **   41 **MIGRAD
 **********
 START MIGRAD MINIMIZATION.  STRATEGY  1.  CONVERGENCE WHEN EDM .LT. 1.00e-04
 FCN=60.4751 FROM MIGRAD    STATUS=INITIATE       18 CALLS        3005 TOTAL
                     EDM= unknown      STRATEGY= 1      NO ERROR MATRIX       
  EXT PARAMETER               CURRENT GUESS       STEP         FIRST   
  NO.   NAME      VALUE            ERROR          SIZE      DERIVATIVE 
   1  N0           3.01087e+06     fixed    
   2  tau          6.44153e+01   constant   
   3  A0           3.52102e-01     fixed    
   4  phi          4.11619e+00     fixed    
   5  R           -6.13262e+01   constant   
   6  alpha_CBO   -3.12595e-03     fixed    
   7  w_CBO        2.32500e+00   constant   
   8  beta_CBO     0.00000e+00   1.00000e-03   1.00000e-03  -3.07390e+03
   9  alpha_2CBO   0.00000e+00   1.00000e-03   1.00000e-03   2.59562e+03
  10  beta_2CBO   -5.25283e-04     fixed    
  11  alpha_y      0.00000e+00     fixed    
  12  w_y          1.44500e+01   constant   
  13  beta_y       5.49640e-04     fixed    
  14  alpha_vw     0.00000e+00     fixed    
  15  w_vw         1.29000e+01   constant   
  16  beta_vw      0.00000e+00     fixed    
  17  LM           4.28749e-04   constant   
  18  zeta_y       0.00000e+00   constant   
  19  zeta_vw      0.00000e+00   constant   
  20  T_CBO        9.94962e+02   9.92078e+02   4.44477e-02  -7.04003e-04
  21  alpha_A0     5.79182e-03   3.74765e-03   1.24264e-05  -8.13959e-01
  22  beta_A0     -5.36989e-03   3.84859e-03   1.30235e-05   8.44966e-01
  23  alpha_phi   -6.40084e-03   3.70328e-03   1.18639e-05   1.31708e+00
  24  beta_phi     1.63180e-03   3.20245e-03   1.17807e-05  -1.63316e-01
 MIGRAD MINIMIZATION HAS CONVERGED.
 MIGRAD WILL VERIFY CONVERGENCE AND ERROR MATRIX.
 COVARIANCE MATRIX CALCULATED SUCCESSFULLY
 FCN=59.07 FROM MIGRAD    STATUS=CONVERGED     163 CALLS        3150 TOTAL
                     EDM=9.79671e-06    STRATEGY= 1      ERROR MATRIX ACCURATE 
  EXT PARAMETER                                   STEP         FIRST   
  NO.   NAME      VALUE            ERROR          SIZE      DERIVATIVE 
   1  N0           3.01087e+06     fixed    
   2  tau          6.44153e+01   constant   
   3  A0           3.52102e-01     fixed    
   4  phi          4.11619e+00     fixed    
   5  R           -6.13262e+01   constant   
   6  alpha_CBO   -3.12595e-03     fixed    
   7  w_CBO        2.32500e+00   constant   
   8  beta_CBO     5.35391e-04   6.03353e-04   2.27159e-06  -1.18753e+00
   9  alpha_2CBO  -4.48716e-04   6.06120e-04   2.23701e-06  -1.48233e+00
  10  beta_2CBO   -5.25283e-04     fixed    
  11  alpha_y      0.00000e+00     fixed    
  12  w_y          1.44500e+01   constant   
  13  beta_y       5.49640e-04     fixed    
  14  alpha_vw     0.00000e+00     fixed    
  15  w_vw         1.29000e+01   constant   
  16  beta_vw      0.00000e+00     fixed    
  17  LM           4.28749e-04   constant   
  18  zeta_y       0.00000e+00   constant   
  19  zeta_vw      0.00000e+00   constant   
  20  T_CBO        9.96037e+02   5.67434e+02   6.63559e-02  -1.67676e-04
  21  alpha_A0     5.43386e-03   3.59797e-03   1.22512e-05  -9.27366e-02
  22  beta_A0     -5.05434e-03   3.68185e-03   1.28373e-05  -5.11439e-02
  23  alpha_phi   -6.66133e-03   3.60506e-03   1.16968e-05  -2.27734e-01
  24  beta_phi     1.19733e-03   3.11535e-03   1.16096e-05   5.54306e-01
 EXTERNAL ERROR MATRIX.    NDIM=  25    NPAR=  7    ERR DEF=1
  3.640e-07  1.836e-08 -6.151e-04  2.629e-09  6.007e-09 -2.830e-08 -1.484e-07 
  1.836e-08  3.674e-07 -5.702e-04  2.796e-07 -2.388e-07  1.631e-07  1.619e-07 
 -6.151e-04 -5.702e-04  1.499e+06 -1.811e+00  1.680e+00  2.211e+00 -3.967e-01 
  2.629e-09  2.796e-07 -1.811e+00  1.295e-05 -2.013e-06 -1.724e-06  6.338e-07 
  6.007e-09 -2.388e-07  1.680e+00 -2.013e-06  1.356e-05  2.510e-06 -9.113e-07 
 -2.830e-08  1.631e-07  2.211e+00 -1.724e-06  2.510e-06  1.300e-05 -1.164e-06 
 -1.484e-07  1.619e-07 -3.967e-01  6.338e-07 -9.113e-07 -1.164e-06  9.705e-06 
 PARAMETER  CORRELATION COEFFICIENTS  
       NO.  GLOBAL      8      9     20     21     22     23     24
        8  0.10132   1.000  0.050 -0.001  0.001  0.003 -0.013 -0.079
        9  0.22116   0.050  1.000 -0.001  0.128 -0.107  0.075  0.086
       20  0.65675  -0.001 -0.001  1.000 -0.411  0.373  0.501 -0.104
       21  0.43704   0.001  0.128 -0.411  1.000 -0.152 -0.133  0.057
       22  0.38956   0.003 -0.107  0.373 -0.152  1.000  0.189 -0.079
       23  0.51523  -0.013  0.075  0.501 -0.133  0.189  1.000 -0.104
       24  0.17604  -0.079  0.086 -0.104  0.057 -0.079 -0.104  1.000
MINUIT - FIT wiggle + 1-CBO + 2-CBO
 **********
 **   42 **RES 
 **********
                   PARAMETER   16  beta_vw RESTORED TO VARIABLE.
                   PARAMETER   14  alpha_vw RESTORED TO VARIABLE.
                   PARAMETER   13  beta_y RESTORED TO VARIABLE.
                   PARAMETER   11  alpha_y RESTORED TO VARIABLE.
                   PARAMETER   10  beta_2CBO RESTORED TO VARIABLE.
                   PARAMETER    6  alpha_CBO RESTORED TO VARIABLE.
                   PARAMETER    4  phi RESTORED TO VARIABLE.
                   PARAMETER    3  A0 RESTORED TO VARIABLE.
                   PARAMETER    1  N0 RESTORED TO VARIABLE.
 **********
 **   43 **FIX           10
 **********
 **********
 **   44 **FIX           11
 **********
 **********
 **   45 **FIX           12
 **********
 PARAMETER   12  IS CONSTANT.   IGNORED.
 **********
 **   46 **FIX           13
 **********
 **********
 **   47 **FIX           14
 **********
 **********
 **   48 **FIX           15
 **********
 PARAMETER   15  IS CONSTANT.   IGNORED.
 **********
 **   49 **FIX           16
 **********
 **********
 **   50 **MIGRAD
 **********
 START MIGRAD MINIMIZATION.  STRATEGY  1.  CONVERGENCE WHEN EDM .LT. 1.00e-04
 FCN=59.07 FROM MIGRAD    STATUS=INITIATE       22 CALLS        3172 TOTAL
                     EDM= unknown      STRATEGY= 1      NO ERROR MATRIX       
  EXT PARAMETER               CURRENT GUESS       STEP         FIRST   
  NO.   NAME      VALUE            ERROR          SIZE      DERIVATIVE 
   1  N0           3.01087e+06   1.35623e+03   1.35623e+03   7.83311e-05
   2  tau          6.44153e+01   constant   
   3  A0           3.52102e-01   5.92520e-04   5.92520e-04   3.90099e+02
   4  phi          4.11619e+00   1.80013e-03   1.80013e-03  -1.35780e+02
   5  R           -6.13262e+01   constant   
   6  alpha_CBO   -3.12595e-03   6.11368e-04   6.11368e-04   1.05477e+02
   7  w_CBO        2.32500e+00   constant   
   8  beta_CBO     5.35391e-04   6.03353e-04   2.27159e-06  -1.18753e+00
   9  alpha_2CBO  -4.48716e-04   6.06120e-04   2.23701e-06  -1.48233e+00
  10  beta_2CBO   -5.25283e-04     fixed    
  11  alpha_y      0.00000e+00     fixed    
  12  w_y          1.44500e+01   constant   
  13  beta_y       5.49640e-04     fixed    
  14  alpha_vw     0.00000e+00     fixed    
  15  w_vw         1.29000e+01   constant   
  16  beta_vw      0.00000e+00     fixed    
  17  LM           4.28749e-04   constant   
  18  zeta_y       0.00000e+00   constant   
  19  zeta_vw      0.00000e+00   constant   
  20  T_CBO        9.96037e+02   5.67434e+02   6.63559e-02  -1.88305e-04
  21  alpha_A0     5.43386e-03   3.59797e-03   1.22512e-05  -9.27384e-02
  22  beta_A0     -5.05434e-03   3.68185e-03   1.28373e-05  -5.11466e-02
  23  alpha_phi   -6.66133e-03   3.60506e-03   1.16968e-05  -2.27734e-01
  24  beta_phi     1.19733e-03   3.11535e-03   1.16096e-05   5.54306e-01
 MIGRAD MINIMIZATION HAS CONVERGED.
 MIGRAD WILL VERIFY CONVERGENCE AND ERROR MATRIX.
 COVARIANCE MATRIX CALCULATED SUCCESSFULLY
 FCN=59.0406 FROM MIGRAD    STATUS=CONVERGED     219 CALLS        3369 TOTAL
                     EDM=3.39176e-06    STRATEGY= 1      ERROR MATRIX ACCURATE 
  EXT PARAMETER                                   STEP         FIRST   
  NO.   NAME      VALUE            ERROR          SIZE      DERIVATIVE 
   1  N0           3.01083e+06   1.35751e+03   4.66961e+00  -2.16715e-07
   2  tau          6.44153e+01   constant   
   3  A0           3.52036e-01   5.96631e-04   2.14761e-06   1.00563e+00
   4  phi          4.11640e+00   1.82830e-03   6.55920e-06   2.33027e-01
   5  R           -6.13262e+01   constant   
   6  alpha_CBO   -3.14261e-03   6.10378e-04   2.22009e-06  -2.99852e-01
   7  w_CBO        2.32500e+00   constant   
   8  beta_CBO     5.60009e-04   6.20126e-04   2.27108e-06  -1.42176e-01
   9  alpha_2CBO  -4.42023e-04   6.07657e-04   2.23652e-06   1.24495e+00
  10  beta_2CBO   -5.25283e-04     fixed    
  11  alpha_y      0.00000e+00     fixed    
  12  w_y          1.44500e+01   constant   
  13  beta_y       5.49640e-04     fixed    
  14  alpha_vw     0.00000e+00     fixed    
  15  w_vw         1.29000e+01   constant   
  16  beta_vw      0.00000e+00     fixed    
  17  LM           4.28749e-04   constant   
  18  zeta_y       0.00000e+00   constant   
  19  zeta_vw      0.00000e+00   constant   
  20  T_CBO        9.99693e+02   5.04116e+02   7.36011e-02  -6.79299e-05
  21  alpha_A0     5.45639e-03   3.37592e-03   1.22348e-05   3.11269e-01
  22  beta_A0     -5.06565e-03   3.52884e-03   1.28205e-05  -1.68276e-01
  23  alpha_phi   -6.62017e-03   3.22395e-03   1.16827e-05  -2.47173e-01
  24  beta_phi     1.14057e-03   3.16704e-03   1.15954e-05  -2.19828e-01
 EXTERNAL ERROR MATRIX.    NDIM=  25    NPAR= 11    ERR DEF=1
  1.843e+06 
 -1.146e-01  3.560e-07 
  9.582e-02  3.300e-08  3.343e-06 
  2.985e-02  5.535e-08  2.195e-07  3.726e-07 
 -4.822e-02 -4.578e-08  1.918e-07 -8.763e-09  3.846e-07 
 -2.261e-02 -3.754e-09  6.885e-08  2.558e-09  2.393e-08  3.692e-07 
 -5.090e+00  2.493e-05 -6.803e-05 -4.235e-06 -1.796e-06  2.875e-06  1.961e+05 
  9.514e-01 -1.199e-07  6.984e-07  1.471e-07  2.116e-08  2.814e-07  1.614e-02  1.140e-05 
  9.580e-01 -3.091e-07 -6.256e-07 -7.381e-08 -2.217e-08 -2.597e-07 -1.498e-02  4.232e-07  1.245e-05 
  8.005e-01 -3.337e-07 -1.743e-07 -2.179e-07 -1.338e-08  1.547e-07 -1.954e-02  1.318e-06  6.914e-07  1.039e-05 
 -6.865e-01  1.734e-07 -7.054e-07 -5.827e-08 -1.887e-07  1.537e-07  3.375e-03 -3.642e-07 -7.840e-07 -9.320e-07  1.003e-05 
 PARAMETER  CORRELATION COEFFICIENTS  
       NO.  GLOBAL      1      3      4      6      8      9     20     21     22     23     24
        1  0.36619   1.000 -0.142  0.039  0.036 -0.057 -0.027 -0.000  0.208  0.200  0.183 -0.160
        3  0.30801  -0.142  1.000  0.030  0.152 -0.124 -0.010  0.000 -0.060 -0.147 -0.174  0.092
        4  0.31761   0.039  0.030  1.000  0.197  0.169  0.062 -0.000  0.113 -0.097 -0.030 -0.122
        6  0.27535   0.036  0.152  0.197  1.000 -0.023  0.007 -0.000  0.071 -0.034 -0.111 -0.030
        8  0.25108  -0.057 -0.124  0.169 -0.023  1.000  0.063 -0.000  0.010 -0.010 -0.007 -0.096
        9  0.23167  -0.027 -0.010  0.062  0.007  0.063  1.000  0.000  0.137 -0.121  0.079  0.080
       20  0.02139  -0.000  0.000 -0.000 -0.000 -0.000  0.000  1.000  0.011 -0.010 -0.014  0.002
       21  0.28801   0.208 -0.060  0.113  0.071  0.010  0.137  0.011  1.000  0.036  0.121 -0.034
       22  0.28005   0.200 -0.147 -0.097 -0.034 -0.010 -0.121 -0.010  0.036  1.000  0.061 -0.070
       23  0.28835   0.183 -0.174 -0.030 -0.111 -0.007  0.079 -0.014  0.121  0.061  1.000 -0.091
       24  0.25308  -0.160  0.092 -0.122 -0.030 -0.096  0.080  0.002 -0.034 -0.070 -0.091  1.000
MINUIT - FIT ONLY 1-y
 **********
 **   51 **RES 
 **********
                   PARAMETER   16  beta_vw RESTORED TO VARIABLE.
                   PARAMETER   14  alpha_vw RESTORED TO VARIABLE.
                   PARAMETER   13  beta_y RESTORED TO VARIABLE.
                   PARAMETER   11  alpha_y RESTORED TO VARIABLE.
                   PARAMETER   10  beta_2CBO RESTORED TO VARIABLE.
 **********
 **   52 **FIX            0
 **********
 PARAMETER    0  IS UNDEFINED. IGNORED.
 **********
 **   53 **FIX            1
 **********
 **********
 **   54 **FIX            2
 **********
 PARAMETER    2  IS CONSTANT.   IGNORED.
 **********
 **   55 **FIX            3
 **********
 **********
 **   56 **FIX            4
 **********
 **********
 **   57 **FIX            5
 **********
 PARAMETER    5  IS CONSTANT.   IGNORED.
 **********
 **   58 **FIX            6
 **********
 **********
 **   59 **FIX            7
 **********
 PARAMETER    7  IS CONSTANT.   IGNORED.
 **********
 **   60 **FIX            8
 **********
 **********
 **   61 **FIX            9
 **********
 **********
 **   62 **FIX           13
 **********
 **********
 **   63 **FIX           14
 **********
 **********
 **   64 **FIX           15
 **********
 PARAMETER   15  IS CONSTANT.   IGNORED.
 **********
 **   65 **FIX           16
 **********
 **********
 **   66 **MIGRAD
 **********
 START MIGRAD MINIMIZATION.  STRATEGY  1.  CONVERGENCE WHEN EDM .LT. 1.00e-04
 FCN=59.0406 FROM MIGRAD    STATUS=INITIATE       16 CALLS        3385 TOTAL
                     EDM= unknown      STRATEGY= 1      NO ERROR MATRIX       
  EXT PARAMETER               CURRENT GUESS       STEP         FIRST   
  NO.   NAME      VALUE            ERROR          SIZE      DERIVATIVE 
   1  N0           3.01083e+06     fixed    
   2  tau          6.44153e+01   constant   
   3  A0           3.52036e-01     fixed    
   4  phi          4.11640e+00     fixed    
   5  R           -6.13262e+01   constant   
   6  alpha_CBO   -3.14261e-03     fixed    
   7  w_CBO        2.32500e+00   constant   
   8  beta_CBO     5.60009e-04     fixed    
   9  alpha_2CBO  -4.42023e-04     fixed    
  10  beta_2CBO   -5.25283e-04   6.13260e-04   6.13260e-04  -1.46926e+02
  11  alpha_y      0.00000e+00   1.00000e-03   1.00000e-03   3.82147e+03
  12  w_y          1.44500e+01   constant   
  13  beta_y       5.49640e-04     fixed    
  14  alpha_vw     0.00000e+00     fixed    
  15  w_vw         1.29000e+01   constant   
  16  beta_vw      0.00000e+00     fixed    
  17  LM           4.28749e-04   constant   
  18  zeta_y       0.00000e+00   constant   
  19  zeta_vw      0.00000e+00   constant   
  20  T_CBO        9.99693e+02   5.04116e+02   7.36011e-02  -7.48710e-05
  21  alpha_A0     5.45639e-03   3.37592e-03   1.22348e-05   3.11267e-01
  22  beta_A0     -5.06565e-03   3.52884e-03   1.28205e-05  -1.68279e-01
  23  alpha_phi   -6.62017e-03   3.22395e-03   1.16827e-05  -2.47173e-01
  24  beta_phi     1.14057e-03   3.16704e-03   1.15954e-05  -2.19828e-01
 MIGRAD MINIMIZATION HAS CONVERGED.
 MIGRAD WILL VERIFY CONVERGENCE AND ERROR MATRIX.
 COVARIANCE MATRIX CALCULATED SUCCESSFULLY
 FCN=57.7645 FROM MIGRAD    STATUS=CONVERGED     123 CALLS        3492 TOTAL
                     EDM=8.03223e-07    STRATEGY= 1      ERROR MATRIX ACCURATE 
  EXT PARAMETER                                   STEP         FIRST   
  NO.   NAME      VALUE            ERROR          SIZE      DERIVATIVE 
   1  N0           3.01083e+06     fixed    
   2  tau          6.44153e+01   constant   
   3  A0           3.52036e-01     fixed    
   4  phi          4.11640e+00     fixed    
   5  R           -6.13262e+01   constant   
   6  alpha_CBO   -3.14261e-03     fixed    
   7  w_CBO        2.32500e+00   constant   
   8  beta_CBO     5.60009e-04     fixed    
   9  alpha_2CBO  -4.42023e-04     fixed    
  10  beta_2CBO   -4.99349e-04   6.11125e-04   2.22982e-06  -2.23452e-01
  11  alpha_y     -6.66812e-04   5.90772e-04   2.21085e-06   4.79778e-02
  12  w_y          1.44500e+01   constant   
  13  beta_y       5.49640e-04     fixed    
  14  alpha_vw     0.00000e+00     fixed    
  15  w_vw         1.29000e+01   constant   
  16  beta_vw      0.00000e+00     fixed    
  17  LM           4.28749e-04   constant   
  18  zeta_y       0.00000e+00   constant   
  19  zeta_vw      0.00000e+00   constant   
  20  T_CBO        9.99987e+02   8.76801e+02   8.91083e-02   2.15068e-05
  21  alpha_A0     5.46506e-03   3.46460e-03   1.20999e-05  -3.20763e-01
  22  beta_A0     -4.98280e-03   3.57524e-03   1.26793e-05   1.00786e-01
  23  alpha_phi   -6.63819e-03   3.41546e-03   1.15538e-05   2.03037e-01
  24  beta_phi     1.19369e-03   3.10364e-03   1.14674e-05  -2.13241e-02
 EXTERNAL ERROR MATRIX.    NDIM=  25    NPAR=  7    ERR DEF=1
  3.735e-07  7.416e-10  2.179e-05  2.356e-07  2.623e-07 -1.685e-07  2.170e-07 
  7.416e-10  3.490e-07 -3.793e-06  2.384e-09 -3.243e-08  4.182e-09 -1.905e-08 
  2.179e-05 -3.793e-06  9.629e+03  1.133e-01 -1.030e-01 -1.370e-01  2.456e-02 
  2.356e-07  2.384e-09  1.133e-01  1.200e-05 -8.499e-07 -9.010e-07  4.525e-07 
  2.623e-07 -3.243e-08 -1.030e-01 -8.499e-07  1.278e-05  1.487e-06 -4.635e-07 
 -1.685e-07  4.182e-09 -1.370e-01 -9.010e-07  1.487e-06  1.167e-05 -1.112e-06 
  2.170e-07 -1.905e-08  2.456e-02  4.525e-07 -4.635e-07 -1.112e-06  9.633e-06 
 PARAMETER  CORRELATION COEFFICIENTS  
       NO.  GLOBAL     10     11     20     21     22     23     24
       10  0.22310   1.000  0.002  0.000  0.111  0.120 -0.081  0.114
       11  0.02020   0.002  1.000 -0.000  0.001 -0.015  0.002 -0.010
       20  0.55918   0.000 -0.000  1.000  0.333 -0.294 -0.409  0.081
       21  0.35977   0.111  0.001  0.333  1.000 -0.069 -0.076  0.042
       22  0.31988   0.120 -0.015 -0.294 -0.069  1.000  0.122 -0.042
       23  0.42806  -0.081  0.002 -0.409 -0.076  0.122  1.000 -0.105
       24  0.16005   0.114 -0.010  0.081  0.042 -0.042 -0.105  1.000
MINUIT - FIT ONLY 2-y
 **********
 **   67 **RES 
 **********
                   PARAMETER   16  beta_vw RESTORED TO VARIABLE.
                   PARAMETER   14  alpha_vw RESTORED TO VARIABLE.
                   PARAMETER   13  beta_y RESTORED TO VARIABLE.
                   PARAMETER    9  alpha_2CBO RESTORED TO VARIABLE.
                   PARAMETER    8  beta_CBO RESTORED TO VARIABLE.
                   PARAMETER    6  alpha_CBO RESTORED TO VARIABLE.
                   PARAMETER    4  phi RESTORED TO VARIABLE.
                   PARAMETER    3  A0 RESTORED TO VARIABLE.
                   PARAMETER    1  N0 RESTORED TO VARIABLE.
 **********
 **   68 **FIX            0
 **********
 PARAMETER    0  IS UNDEFINED. IGNORED.
 **********
 **   69 **FIX            1
 **********
 **********
 **   70 **FIX            2
 **********
 PARAMETER    2  IS CONSTANT.   IGNORED.
 **********
 **   71 **FIX            3
 **********
 **********
 **   72 **FIX            4
 **********
 **********
 **   73 **FIX            5
 **********
 PARAMETER    5  IS CONSTANT.   IGNORED.
 **********
 **   74 **FIX            6
 **********
 **********
 **   75 **FIX            7
 **********
 PARAMETER    7  IS CONSTANT.   IGNORED.
 **********
 **   76 **FIX            8
 **********
 **********
 **   77 **FIX            9
 **********
 **********
 **   78 **FIX           10
 **********
 **********
 **   79 **FIX           11
 **********
 **********
 **   80 **FIX           12
 **********
 PARAMETER   12  IS CONSTANT.   IGNORED.
 **********
 **   81 **FIX           16
 **********
 **********
 **   82 **MIGRAD
 **********
 START MIGRAD MINIMIZATION.  STRATEGY  1.  CONVERGENCE WHEN EDM .LT. 1.00e-04
 FCN=57.7645 FROM MIGRAD    STATUS=INITIATE       18 CALLS        3510 TOTAL
                     EDM= unknown      STRATEGY= 1      NO ERROR MATRIX       
  EXT PARAMETER               CURRENT GUESS       STEP         FIRST   
  NO.   NAME      VALUE            ERROR          SIZE      DERIVATIVE 
   1  N0           3.01083e+06     fixed    
   2  tau          6.44153e+01   constant   
   3  A0           3.52036e-01     fixed    
   4  phi          4.11640e+00     fixed    
   5  R           -6.13262e+01   constant   
   6  alpha_CBO   -3.14261e-03     fixed    
   7  w_CBO        2.32500e+00   constant   
   8  beta_CBO     5.60009e-04     fixed    
   9  alpha_2CBO  -4.42023e-04     fixed    
  10  beta_2CBO   -4.99349e-04     fixed    
  11  alpha_y     -6.66812e-04     fixed    
  12  w_y          1.44500e+01   constant   
  13  beta_y       5.49640e-04   5.96581e-04   5.96581e-04  -1.15124e+02
  14  alpha_vw     0.00000e+00   1.00000e-03   1.00000e-03  -4.43866e+03
  15  w_vw         1.29000e+01   constant   
  16  beta_vw      0.00000e+00     fixed    
  17  LM           4.28749e-04   constant   
  18  zeta_y       0.00000e+00   constant   
  19  zeta_vw      0.00000e+00   constant   
  20  T_CBO        9.99987e+02   8.76801e+02   8.91083e-02  -3.62568e-05
  21  alpha_A0     5.46506e-03   3.46460e-03   1.20999e-05  -3.20760e-01
  22  beta_A0     -4.98280e-03   3.57524e-03   1.26793e-05   1.00779e-01
  23  alpha_phi   -6.63819e-03   3.41546e-03   1.15538e-05   2.03037e-01
  24  beta_phi     1.19369e-03   3.10364e-03   1.14674e-05  -2.13239e-02
 MIGRAD MINIMIZATION HAS CONVERGED.
 MIGRAD WILL VERIFY CONVERGENCE AND ERROR MATRIX.
 COVARIANCE MATRIX CALCULATED SUCCESSFULLY
 FCN=55.995 FROM MIGRAD    STATUS=CONVERGED     117 CALLS        3609 TOTAL
                     EDM=3.01663e-07    STRATEGY= 1      ERROR MATRIX ACCURATE 
  EXT PARAMETER                                   STEP         FIRST   
  NO.   NAME      VALUE            ERROR          SIZE      DERIVATIVE 
   1  N0           3.01083e+06     fixed    
   2  tau          6.44153e+01   constant   
   3  A0           3.52036e-01     fixed    
   4  phi          4.11640e+00     fixed    
   5  R           -6.13262e+01   constant   
   6  alpha_CBO   -3.14261e-03     fixed    
   7  w_CBO        2.32500e+00   constant   
   8  beta_CBO     5.60009e-04     fixed    
   9  alpha_2CBO  -4.42023e-04     fixed    
  10  beta_2CBO   -4.99349e-04     fixed    
  11  alpha_y     -6.66812e-04     fixed    
  12  w_y          1.44500e+01   constant   
  13  beta_y       6.88192e-04   6.02870e-04   2.19732e-06   5.24478e-02
