 + ++++++++++++++++++++++++++++++++++++++++++++++++++++++++++++++++++++ +
 +                                                                      +
 +           You have chose to blind your fitting according to          +
 +                omega_ref * (1 + (R +/- deltaR) *10^{-6})             +
 +                                                                      +
 + ++++++++++++++++++++++++++++++++++++++++++++++++++++++++++++++++++++ +
In main()...
reading format from /gm2data/zkhechad/run45/envelope/formats/formatB_sBin_constraintOn.txt
pBinTau 	= 0  
pBinPhi 	= 0  
constraintau 	= 1 
includeMopTerm 	= 0    
constrainMop    = 0   
Parameters after format file: pBinTau 0 pBinPhi 0 constraintau 1 includeMopTerm 0 constrainMop 0 c_e_scale 0.000000 
Opening file /gm2data/tbarrett/gm2fr/studies/run23_bunch_corrections/CorrectedFourier_Run3b.root.
reading full fit data from /gm2data/zkhechad/cboTemplates/Run4CBOTemplates/templateFits0_v2.0/noRF/sBin_constraintOn_cE0.0_seed0_noRF_calo18.root
windowBins = 17
fitting sliding window 72 from bin 208 at 30.884400 to bin 225 at 33.570000 (17 bins)

Reading data from /gm2data/cornell/histograms/aMethod/histogram_a_noRF.root
 **********
 **    1 **SET PRINTOUT            1
 **********
 **********
 **    2 **SET NOWARNINGS 
 **********
 PARAMETER DEFINITIONS:
    NO.   NAME         VALUE      STEP SIZE      LIMITS
     1 N0           3.61661e+06  1.00000e+02     no limits
     2 tau          6.44027e+01  constant
     3 A0           3.53412e-01  1.00000e-04     no limits
     4 phi          4.12202e+00  1.00000e-02     no limits
     5 R           -6.06479e+01  constant
     6 alpha_CBO    0.00000e+00  1.00000e-03     no limits
     7 w_CBO        2.32500e+00  constant
     8 beta_CBO     0.00000e+00  1.00000e-03     no limits
     9 alpha_2CBO   0.00000e+00  1.00000e-03     no limits
    10 beta_2CBO    0.00000e+00  1.00000e-03     no limits
    11 alpha_y      0.00000e+00  1.00000e-03     no limits
    12 w_y          1.44500e+01  constant
    13 beta_y       0.00000e+00  1.00000e-03     no limits
    14 alpha_vw     0.00000e+00  1.00000e-03     no limits
    15 w_vw         1.29000e+01  constant
    16 beta_vw      0.00000e+00  1.00000e-03     no limits
    17 LM          -1.06686e-04  constant
    18 zeta_y       0.00000e+00  constant
    19 zeta_vw      0.00000e+00  constant
    20 T_CBO        1.00000e+02  1.00000e+00    0.00000e+00  1.00000e+03
    21 alpha_A0     0.00000e+00  1.00000e-03     no limits
    22 beta_A0      0.00000e+00  1.00000e-03     no limits
    23 alpha_phi    0.00000e+00  1.00000e-03     no limits
    24 beta_phi     0.00000e+00  1.00000e-03     no limits
MINUIT - FIT ONLY WIGGLE
 **********
 **    3 **FIX            5
 **********
 PARAMETER    5  IS CONSTANT.   IGNORED.
 **********
 **    4 **FIX            6
 **********
 **********
 **    5 **FIX            7
 **********
 PARAMETER    7  IS CONSTANT.   IGNORED.
 **********
 **    6 **FIX            8
 **********
 **********
 **    7 **FIX            9
 **********
 **********
 **    8 **FIX           10
 **********
 **********
 **    9 **FIX           11
 **********
 **********
 **   10 **FIX           12
 **********
 PARAMETER   12  IS CONSTANT.   IGNORED.
 **********
 **   11 **FIX           13
 **********
 **********
 **   12 **FIX           14
 **********
 **********
 **   13 **FIX           15
 **********
 PARAMETER   15  IS CONSTANT.   IGNORED.
 **********
 **   14 **FIX           16
 **********
 **********
 **   15 **MIGRAD
 **********
 FIRST CALL TO USER FUNCTION AT NEW START POINT, WITH IFLAG=4.
 START MIGRAD MINIMIZATION.  STRATEGY  1.  CONVERGENCE WHEN EDM .LT. 1.00e-04
 FCN=4676.88 FROM MIGRAD    STATUS=INITIATE      431 CALLS         432 TOTAL
                     EDM= unknown      STRATEGY= 1      NO ERROR MATRIX       
  EXT PARAMETER               CURRENT GUESS       STEP         FIRST   
  NO.   NAME      VALUE            ERROR          SIZE      DERIVATIVE 
   1  N0           3.61661e+06   1.00000e+02   0.00000e+00  -6.52266e-02
   2  tau          6.44027e+01   constant   
   3  A0           3.53412e-01   1.00000e-04   0.00000e+00  -8.20790e+05
   4  phi          4.12202e+00   1.00000e-02   0.00000e+00   1.44758e+05
   5  R           -6.06479e+01   constant   
   6  alpha_CBO    0.00000e+00     fixed    
   7  w_CBO        2.32500e+00   constant   
   8  beta_CBO     0.00000e+00     fixed    
   9  alpha_2CBO   0.00000e+00     fixed    
  10  beta_2CBO    0.00000e+00     fixed    
  11  alpha_y      0.00000e+00     fixed    
  12  w_y          1.44500e+01   constant   
  13  beta_y       0.00000e+00     fixed    
  14  alpha_vw     0.00000e+00     fixed    
  15  w_vw         1.29000e+01   constant   
  16  beta_vw      0.00000e+00     fixed    
  17  LM          -1.06686e-04   constant   
  18  zeta_y       0.00000e+00   constant   
  19  zeta_vw      0.00000e+00   constant   
  20  T_CBO        1.00000e+02   1.00000e+00   0.00000e+00   0.00000e+00
  21  alpha_A0     0.00000e+00   1.00000e-03   0.00000e+00   8.64657e+04
  22  beta_A0      0.00000e+00   1.00000e-03   0.00000e+00   5.94200e+04
  23  alpha_phi    0.00000e+00   1.00000e-03   0.00000e+00   9.09819e+04
  24  beta_phi     0.00000e+00   1.00000e-03   0.00000e+00   1.18011e+04
 CALL LIMIT EXCEEDED IN MIGRAD.
 MIGRAD TERMINATED WITHOUT CONVERGENCE.
 FCN=641.432 FROM MIGRAD    STATUS=CALL LIMIT   1332 CALLS        1333 TOTAL
                     EDM=1.46927    STRATEGY= 1  ERROR MATRIX UNCERTAINTY   7.6 per cent
  EXT PARAMETER                APPROXIMATE        STEP         FIRST   
  NO.   NAME      VALUE            ERROR          SIZE      DERIVATIVE 
   1  N0           3.61074e+06   6.72166e+02  -9.58337e+01  -9.06400e-04
   2  tau          6.44027e+01   constant   
   3  A0           3.63234e-01   2.14477e-04   1.18888e-04   1.28922e+03
   4  phi          4.09621e+00   9.11042e-04  -2.59400e-04  -1.84386e+03
   5  R           -6.06479e+01   constant   
   6  alpha_CBO    0.00000e+00     fixed    
   7  w_CBO        2.32500e+00   constant   
   8  beta_CBO     0.00000e+00     fixed    
   9  alpha_2CBO   0.00000e+00     fixed    
  10  beta_2CBO    0.00000e+00     fixed    
  11  alpha_y      0.00000e+00     fixed    
  12  w_y          1.44500e+01   constant   
  13  beta_y       0.00000e+00     fixed    
  14  alpha_vw     0.00000e+00     fixed    
  15  w_vw         1.29000e+01   constant   
  16  beta_vw      0.00000e+00     fixed    
  17  LM          -1.06686e-04   constant   
  18  zeta_y       0.00000e+00   constant   
  19  zeta_vw      0.00000e+00   constant   
  20  T_CBO        8.92530e+00   3.65436e-01   2.95468e-03   1.73248e+03
  21  alpha_A0     1.18604e-01   2.71457e-02   1.93594e-02  -1.01877e+02
  22  beta_A0      3.14157e-01   4.88003e-02   3.68355e-02   3.19926e+01
  23  alpha_phi    6.40862e-01   9.37236e-02   6.90745e-02  -1.13287e+02
  24  beta_phi    -4.62863e-01   6.21633e-02  -4.65167e-02  -5.97706e+01
 EXTERNAL ERROR MATRIX.    NDIM=  25    NPAR=  8    ERR DEF=1
  4.518e+05 -6.690e-02  5.067e-01 -8.415e+01 -9.658e+00 -1.520e+01 -3.203e+01  2.030e+01 
 -6.690e-02  4.600e-08 -1.274e-07  3.264e-05  3.271e-06  6.396e-06  1.205e-05 -8.148e-06 
  5.067e-01 -1.274e-07  8.300e-07 -1.270e-04 -1.484e-05 -2.438e-05 -5.020e-05  3.240e-05 
 -8.415e+01  3.264e-05 -1.270e-04  1.335e-01  9.529e-03  1.723e-02  3.299e-02 -2.190e-02 
 -9.658e+00  3.271e-06 -1.484e-05  9.529e-03  7.369e-04  1.306e-03  2.535e-03 -1.673e-03 
 -1.520e+01  6.396e-06 -2.438e-05  1.723e-02  1.306e-03  2.381e-03  4.555e-03 -3.031e-03 
 -3.203e+01  1.205e-05 -5.020e-05  3.299e-02  2.535e-03  4.555e-03  8.784e-03 -5.819e-03 
  2.030e+01 -8.148e-06  3.240e-05 -2.190e-02 -1.673e-03 -3.031e-03 -5.819e-03  3.864e-03 
ERR MATRIX APPROXIMATE
 PARAMETER  CORRELATION COEFFICIENTS  
       NO.  GLOBAL      1      3      4     20     21     22     23     24
        1  0.87177   1.000 -0.464  0.827 -0.343 -0.529 -0.463 -0.508  0.486
        3  0.94466  -0.464  1.000 -0.652  0.416  0.562  0.611  0.599 -0.611
        4  0.95834   0.827 -0.652  1.000 -0.381 -0.600 -0.548 -0.588  0.572
       20  0.99643  -0.343  0.416 -0.381  1.000  0.961  0.966  0.963 -0.964
       21  0.99958  -0.529  0.562 -0.600  0.961  1.000  0.986  0.996 -0.991
       22  0.99985  -0.463  0.611 -0.548  0.966  0.986  1.000  0.996 -0.999
       23  0.99993  -0.508  0.599 -0.588  0.963  0.996  0.996  1.000 -0.999
       24  0.99995   0.486 -0.611  0.572 -0.964 -0.991 -0.999 -0.999  1.000
 ERR MATRIX APPROXIMATE
MINUIT - FIT ONLY 1-CBO + wiggle
 **********
 **   16 **RES 
 **********
                   PARAMETER   16  beta_vw RESTORED TO VARIABLE.
                   PARAMETER   14  alpha_vw RESTORED TO VARIABLE.
                   PARAMETER   13  beta_y RESTORED TO VARIABLE.
                   PARAMETER   11  alpha_y RESTORED TO VARIABLE.
                   PARAMETER   10  beta_2CBO RESTORED TO VARIABLE.
                   PARAMETER    9  alpha_2CBO RESTORED TO VARIABLE.
                   PARAMETER    8  beta_CBO RESTORED TO VARIABLE.
                   PARAMETER    6  alpha_CBO RESTORED TO VARIABLE.
 **********
 **   17 **FIX            8
 **********
 **********
 **   18 **FIX            9
 **********
 **********
 **   19 **FIX           11
 **********
 **********
 **   20 **FIX           12
 **********
 PARAMETER   12  IS CONSTANT.   IGNORED.
 **********
 **   21 **FIX           14
 **********
 **********
 **   22 **FIX           15
 **********
 PARAMETER   15  IS CONSTANT.   IGNORED.
 **********
 **   23 **FIX           16
 **********
 **********
 **   24 **MIGRAD
 **********
 START MIGRAD MINIMIZATION.  STRATEGY  1.  CONVERGENCE WHEN EDM .LT. 1.00e-04
 FCN=641.432 FROM MIGRAD    STATUS=INITIATE       28 CALLS        1361 TOTAL
                     EDM= unknown      STRATEGY= 1      NO ERROR MATRIX       
  EXT PARAMETER               CURRENT GUESS       STEP         FIRST   
  NO.   NAME      VALUE            ERROR          SIZE      DERIVATIVE 
   1  N0           3.61074e+06   6.72166e+02  -9.58337e+01  -9.06400e-04
   2  tau          6.44027e+01   constant   
   3  A0           3.63234e-01   2.14477e-04   1.18888e-04   1.28922e+03
   4  phi          4.09621e+00   9.11042e-04  -2.59400e-04  -1.84386e+03
   5  R           -6.06479e+01   constant   
   6  alpha_CBO    0.00000e+00   1.00000e-03   1.00000e-03  -4.67962e+03
   7  w_CBO        2.32500e+00   constant   
   8  beta_CBO     0.00000e+00     fixed    
   9  alpha_2CBO   0.00000e+00     fixed    
  10  beta_2CBO    0.00000e+00   1.00000e-03   1.00000e-03  -3.92788e+04
  11  alpha_y      0.00000e+00     fixed    
  12  w_y          1.44500e+01   constant   
  13  beta_y       0.00000e+00   1.00000e-03   1.00000e-03  -2.97095e+05
  14  alpha_vw     0.00000e+00     fixed    
  15  w_vw         1.29000e+01   constant   
  16  beta_vw      0.00000e+00     fixed    
  17  LM          -1.06686e-04   constant   
  18  zeta_y       0.00000e+00   constant   
  19  zeta_vw      0.00000e+00   constant   
  20  T_CBO        8.92530e+00   3.65436e-01   2.95468e-03  -1.73248e+03
  21  alpha_A0     1.18604e-01   2.71457e-02   1.93594e-02  -1.01877e+02
  22  beta_A0      3.14157e-01   4.88003e-02   3.68355e-02   3.19926e+01
  23  alpha_phi    6.40862e-01   9.37236e-02   6.90745e-02  -1.13287e+02
  24  beta_phi    -4.62863e-01   6.21633e-02  -4.65167e-02  -5.97706e+01
 CALL LIMIT EXCEEDED IN MIGRAD.
 MIGRAD TERMINATED WITHOUT CONVERGENCE.
 FCN=103.595 FROM MIGRAD    STATUS=CALL LIMIT   1914 CALLS        3247 TOTAL
                     EDM=0.00275977    STRATEGY= 1  ERROR MATRIX UNCERTAINTY   4.1 per cent
  EXT PARAMETER                APPROXIMATE        STEP         FIRST   
  NO.   NAME      VALUE            ERROR          SIZE      DERIVATIVE 
   1  N0           3.63731e+06   4.59489e+03  -1.83350e+01   1.99645e-04
   2  tau          6.44027e+01   constant   
   3  A0           3.58929e-01   2.15452e-03   8.75268e-06  -5.69278e+02
   4  phi          4.16015e+00   1.31104e-02  -1.71308e-04  -1.05031e+02
   5  R           -6.06479e+01   constant   
   6  alpha_CBO    1.96482e-02   3.70280e-03  -9.21280e-05  -7.70506e+01
   7  w_CBO        2.32500e+00   constant   
   8  beta_CBO     0.00000e+00     fixed    
   9  alpha_2CBO   0.00000e+00     fixed    
  10  beta_2CBO   -2.17034e-03   1.02524e-03   3.26433e-05  -1.34031e+02
  11  alpha_y      0.00000e+00     fixed    
  12  w_y          1.44500e+01   constant   
  13  beta_y       2.77271e-03   1.54913e-04   3.20419e-06   4.82859e+01
  14  alpha_vw     0.00000e+00     fixed    
  15  w_vw         1.29000e+01   constant   
  16  beta_vw      0.00000e+00     fixed    
  17  LM          -1.06686e-04   constant   
  18  zeta_y       0.00000e+00   constant   
  19  zeta_vw      0.00000e+00   constant   
  20  T_CBO        7.86989e+00   4.64094e-01  -8.47092e-05   1.44594e+02
  21  alpha_A0     1.06307e+00   1.77294e-01  -3.12032e-03  -1.67164e+00
  22  beta_A0      7.75484e-01   2.36329e-01   4.52091e-03   1.66906e+00
  23  alpha_phi    9.68900e-01   8.79886e-02  -3.04525e-03   2.62629e+00
  24  beta_phi     6.83284e-01   5.56411e-01  -3.63778e-03   1.38172e+00
 EXTERNAL ERROR MATRIX.    NDIM=  25    NPAR= 11    ERR DEF=1
  2.111e+07 
 -8.181e+00  4.642e-06 
  5.748e+01 -2.617e-05  1.719e-04 
  1.459e+01 -6.902e-06  4.653e-05  1.371e-05 
 -1.997e+00  1.447e-06 -8.767e-06 -3.096e-06  1.051e-06 
 -1.778e-01  5.932e-08 -5.205e-07 -1.620e-07  3.205e-08  2.400e-08 
 -1.614e+03  9.000e-04 -4.692e-03 -1.033e-03  1.384e-04  5.374e-06  2.154e-01 
  7.078e+02 -3.543e-04  2.255e-03  6.446e-04 -1.440e-04 -6.627e-06 -5.863e-02  3.143e-02 
 -4.269e+02  3.941e-04 -1.979e-03 -6.474e-04  2.217e-04  4.591e-06  5.587e-02 -3.235e-02  5.585e-02 
 -2.366e+02  9.001e-05 -4.944e-04 -5.338e-05 -2.915e-05 -1.722e-07  3.078e-02 -4.122e-03 -2.728e-03  7.742e-03 
  2.188e+03 -1.190e-03  6.960e-03  1.868e-03 -3.960e-04 -1.653e-05 -2.238e-01  9.453e-02 -1.023e-01 -2.137e-02  3.096e-01 
ERR MATRIX APPROXIMATE
 PARAMETER  CORRELATION COEFFICIENTS  
       NO.  GLOBAL      1      3      4      6     10     13     20     21     22     23     24
        1  0.99785   1.000 -0.826  0.954  0.857 -0.424 -0.250 -0.757  0.869 -0.393 -0.585  0.856
        3  0.99935  -0.826  1.000 -0.926 -0.865  0.655  0.178  0.900 -0.928  0.774  0.475 -0.993
        4  0.99959   0.954 -0.926  1.000  0.958 -0.652 -0.256 -0.771  0.970 -0.639 -0.429  0.954
        6  0.99961   0.857 -0.865  0.958  1.000 -0.816 -0.282 -0.601  0.982 -0.740 -0.164  0.907
       10  0.99153  -0.424  0.655 -0.652 -0.816  1.000  0.202  0.291 -0.792  0.915 -0.323 -0.694
       13  0.38119  -0.250  0.178 -0.256 -0.282  0.202  1.000  0.075 -0.241  0.125 -0.013 -0.192
       20  0.99899  -0.757  0.900 -0.771 -0.601  0.291  0.075  1.000 -0.713  0.509  0.754 -0.866
       21  0.99748   0.869 -0.928  0.970  0.982 -0.792 -0.241 -0.713  1.000 -0.772 -0.264  0.958
       22  0.99759  -0.393  0.774 -0.639 -0.740  0.915  0.125  0.509 -0.772  1.000 -0.131 -0.778
       23  0.99513  -0.585  0.475 -0.429 -0.164 -0.323 -0.013  0.754 -0.264 -0.131  1.000 -0.436
       24  0.99963   0.856 -0.993  0.954  0.907 -0.694 -0.192 -0.866  0.958 -0.778 -0.436  1.000
 ERR MATRIX APPROXIMATE
MINUIT - FIT ONLY 2-CBO
 **********
 **   25 **RES 
 **********
                   PARAMETER   16  beta_vw RESTORED TO VARIABLE.
                   PARAMETER   14  alpha_vw RESTORED TO VARIABLE.
                   PARAMETER   11  alpha_y RESTORED TO VARIABLE.
                   PARAMETER    9  alpha_2CBO RESTORED TO VARIABLE.
                   PARAMETER    8  beta_CBO RESTORED TO VARIABLE.
 **********
 **   26 **FIX            0
 **********
 PARAMETER    0  IS UNDEFINED. IGNORED.
 **********
 **   27 **FIX            1
 **********
 **********
 **   28 **FIX            2
 **********
 PARAMETER    2  IS CONSTANT.   IGNORED.
 **********
 **   29 **FIX            3
 **********
 **********
 **   30 **FIX            4
 **********
 **********
 **   31 **FIX            5
 **********
 PARAMETER    5  IS CONSTANT.   IGNORED.
 **********
 **   32 **FIX            6
 **********
 **********
 **   33 **FIX            7
 **********
 PARAMETER    7  IS CONSTANT.   IGNORED.
 **********
 **   34 **FIX           10
 **********
 **********
 **   35 **FIX           11
 **********
 **********
 **   36 **FIX           12
 **********
 PARAMETER   12  IS CONSTANT.   IGNORED.
 **********
 **   37 **FIX           13
 **********
 **********
 **   38 **FIX           14
 **********
 **********
 **   39 **FIX           15
 **********
 PARAMETER   15  IS CONSTANT.   IGNORED.
 **********
 **   40 **FIX           16
 **********
 **********
 **   41 **MIGRAD
 **********
 START MIGRAD MINIMIZATION.  STRATEGY  1.  CONVERGENCE WHEN EDM .LT. 1.00e-04
 FCN=103.595 FROM MIGRAD    STATUS=INITIATE       18 CALLS        3265 TOTAL
                     EDM= unknown      STRATEGY= 1      NO ERROR MATRIX       
  EXT PARAMETER               CURRENT GUESS       STEP         FIRST   
  NO.   NAME      VALUE            ERROR          SIZE      DERIVATIVE 
   1  N0           3.63731e+06     fixed    
   2  tau          6.44027e+01   constant   
   3  A0           3.58929e-01     fixed    
   4  phi          4.16015e+00     fixed    
   5  R           -6.06479e+01   constant   
   6  alpha_CBO    1.96482e-02     fixed    
   7  w_CBO        2.32500e+00   constant   
   8  beta_CBO     0.00000e+00   1.00000e-03   1.00000e-03   1.60190e+02
   9  alpha_2CBO   0.00000e+00   1.00000e-03   1.00000e-03  -1.92180e+03
  10  beta_2CBO   -2.17034e-03     fixed    
  11  alpha_y      0.00000e+00     fixed    
  12  w_y          1.44500e+01   constant   
  13  beta_y       2.77271e-03     fixed    
  14  alpha_vw     0.00000e+00     fixed    
  15  w_vw         1.29000e+01   constant   
  16  beta_vw      0.00000e+00     fixed    
  17  LM          -1.06686e-04   constant   
  18  zeta_y       0.00000e+00   constant   
  19  zeta_vw      0.00000e+00   constant   
  20  T_CBO        7.86989e+00   4.64094e-01  -8.47092e-05   1.44594e+02
  21  alpha_A0     1.06307e+00   1.77294e-01  -3.12032e-03  -1.67164e+00
  22  beta_A0      7.75484e-01   2.36329e-01   4.52091e-03   1.66906e+00
  23  alpha_phi    9.68900e-01   8.79886e-02  -3.04525e-03   2.62629e+00
  24  beta_phi     6.83284e-01   5.56411e-01  -3.63778e-03   1.38172e+00
 MIGRAD MINIMIZATION HAS CONVERGED.
 MIGRAD WILL VERIFY CONVERGENCE AND ERROR MATRIX.
 FCN=103.446 FROM MIGRAD    STATUS=CONVERGED     180 CALLS        3427 TOTAL
                     EDM=7.16931e-05    STRATEGY= 1      ERR MATRIX NOT POS-DEF
  EXT PARAMETER                APPROXIMATE        STEP         FIRST   
  NO.   NAME      VALUE            ERROR          SIZE      DERIVATIVE 
   1  N0           3.63731e+06     fixed    
   2  tau          6.44027e+01   constant   
   3  A0           3.58929e-01     fixed    
   4  phi          4.16015e+00     fixed    
   5  R           -6.06479e+01   constant   
   6  alpha_CBO    1.96482e-02     fixed    
   7  w_CBO        2.32500e+00   constant   
   8  beta_CBO     8.10315e-05   4.34822e-04   7.20037e-07   1.55053e-02
   9  alpha_2CBO   1.54260e-04   4.03136e-04   7.23461e-07  -1.07203e+00
  10  beta_2CBO   -2.17034e-03     fixed    
  11  alpha_y      0.00000e+00     fixed    
  12  w_y          1.44500e+01   constant   
  13  beta_y       2.77271e-03     fixed    
  14  alpha_vw     0.00000e+00     fixed    
  15  w_vw         1.29000e+01   constant   
  16  beta_vw      0.00000e+00     fixed    
  17  LM          -1.06686e-04   constant   
  18  zeta_y       0.00000e+00   constant   
  19  zeta_vw      0.00000e+00   constant   
  20  T_CBO        7.87560e+00   4.39214e-01   1.78497e-06   1.38212e+00
  21  alpha_A0     1.07833e+00   2.48021e-01   1.65955e-04  -8.52579e-03
  22  beta_A0      7.87957e-01   2.03715e-01   1.78423e-04  -1.45223e-03
  23  alpha_phi    9.53785e-01   2.17031e-01   1.25639e-04  -1.30577e-02
  24  beta_phi     6.98932e-01   1.61851e-01   1.40539e-04  -1.94630e-04
 EXTERNAL ERROR MATRIX.    NDIM=  25    NPAR=  7    ERR DEF=1
  1.891e-07  1.135e-07  7.897e-06  1.422e-05  3.987e-05 -7.570e-06  3.518e-06 
  1.135e-07  1.625e-07  1.616e-05  1.088e-05  1.690e-05 -1.884e-05  1.133e-05 
  7.897e-06  1.616e-05  1.929e-01 -1.055e-01 -7.617e-02 -9.368e-02 -6.677e-02 
  1.422e-05  1.088e-05 -1.055e-01  6.151e-02  4.590e-02  5.023e-02  3.827e-02 
  3.987e-05  1.690e-05 -7.617e-02  4.590e-02  4.150e-02  3.654e-02  2.692e-02 
 -7.570e-06 -1.884e-05 -9.368e-02  5.023e-02  3.654e-02  4.710e-02  3.080e-02 
  3.518e-06  1.133e-05 -6.677e-02  3.827e-02  2.692e-02  3.080e-02  2.620e-02 
ERR MATRIX NOT POS-DEF
 PARAMETER  CORRELATION COEFFICIENTS  
       NO.  GLOBAL      8      9     20     21     22     23     24
        8  0.94351   1.000  0.647  0.041  0.132  0.450 -0.080  0.050
        9  0.93330   0.647  1.000  0.091  0.109  0.206 -0.215  0.174
       20  0.99741   0.041  0.091  1.000 -0.969 -0.851 -0.983 -0.939
       21  0.99100   0.132  0.109 -0.969  1.000  0.908  0.933  0.953
       22  0.98452   0.450  0.206 -0.851  0.908  1.000  0.827  0.816
       23  0.99327  -0.080 -0.215 -0.983  0.933  0.827  1.000  0.877
       24  0.98479   0.050  0.174 -0.939  0.953  0.816  0.877  1.000
 ERR MATRIX NOT POS-DEF
MINUIT - FIT wiggle + 1-CBO + 2-CBO
 **********
 **   42 **RES 
 **********
                   PARAMETER   16  beta_vw RESTORED TO VARIABLE.
                   PARAMETER   14  alpha_vw RESTORED TO VARIABLE.
                   PARAMETER   13  beta_y RESTORED TO VARIABLE.
                   PARAMETER   11  alpha_y RESTORED TO VARIABLE.
                   PARAMETER   10  beta_2CBO RESTORED TO VARIABLE.
                   PARAMETER    6  alpha_CBO RESTORED TO VARIABLE.
                   PARAMETER    4  phi RESTORED TO VARIABLE.
                   PARAMETER    3  A0 RESTORED TO VARIABLE.
                   PARAMETER    1  N0 RESTORED TO VARIABLE.
 **********
 **   43 **FIX           10
 **********
 **********
 **   44 **FIX           11
 **********
 **********
 **   45 **FIX           12
 **********
 PARAMETER   12  IS CONSTANT.   IGNORED.
 **********
 **   46 **FIX           13
 **********
 **********
 **   47 **FIX           14
 **********
 **********
 **   48 **FIX           15
 **********
 PARAMETER   15  IS CONSTANT.   IGNORED.
 **********
 **   49 **FIX           16
 **********
 **********
 **   50 **MIGRAD
 **********
 START MIGRAD MINIMIZATION.  STRATEGY  1.  CONVERGENCE WHEN EDM .LT. 1.00e-04
 FCN=103.446 FROM MIGRAD    STATUS=INITIATE       22 CALLS        3449 TOTAL
                     EDM= unknown      STRATEGY= 1      NO ERROR MATRIX       
  EXT PARAMETER               CURRENT GUESS       STEP         FIRST   
  NO.   NAME      VALUE            ERROR          SIZE      DERIVATIVE 
   1  N0           3.63731e+06   4.59489e+03   4.59489e+03   2.57133e-05
   2  tau          6.44027e+01   constant   
   3  A0           3.58929e-01   2.15452e-03   2.15452e-03  -3.50576e+01
   4  phi          4.16015e+00   1.31104e-02   1.31104e-02   5.49502e+01
   5  R           -6.06479e+01   constant   
   6  alpha_CBO    1.96482e-02   3.70280e-03   3.70280e-03  -6.08400e+02
   7  w_CBO        2.32500e+00   constant   
   8  beta_CBO     8.10315e-05   4.34822e-04   7.20037e-07   1.55027e-02
   9  alpha_2CBO   1.54260e-04   4.03136e-04   7.23461e-07  -1.07204e+00
  10  beta_2CBO   -2.17034e-03     fixed    
  11  alpha_y      0.00000e+00     fixed    
  12  w_y          1.44500e+01   constant   
  13  beta_y       2.77271e-03     fixed    
  14  alpha_vw     0.00000e+00     fixed    
  15  w_vw         1.29000e+01   constant   
  16  beta_vw      0.00000e+00     fixed    
  17  LM          -1.06686e-04   constant   
  18  zeta_y       0.00000e+00   constant   
  19  zeta_vw      0.00000e+00   constant   
  20  T_CBO        7.87560e+00   4.39214e-01   1.78497e-06   1.38282e+00
  21  alpha_A0     1.07833e+00   2.48021e-01   1.65955e-04  -8.52596e-03
  22  beta_A0      7.87957e-01   2.03715e-01   1.78423e-04  -1.45133e-03
  23  alpha_phi    9.53785e-01   2.17031e-01   1.25639e-04  -1.30577e-02
  24  beta_phi     6.98932e-01   1.61851e-01   1.40539e-04  -1.94508e-04
 MIGRAD MINIMIZATION HAS CONVERGED.
 MIGRAD WILL VERIFY CONVERGENCE AND ERROR MATRIX.
 FCN=103.054 FROM HESSE     STATUS=NOT POSDEF    100 CALLS        3845 TOTAL
                     EDM=0.000669828    STRATEGY= 1      ERR MATRIX NOT POS-DEF
  EXT PARAMETER                APPROXIMATE        STEP         FIRST   
  NO.   NAME      VALUE            ERROR          SIZE      DERIVATIVE 
   1  N0           3.63807e+06   4.31685e+03   1.89500e+00   4.37240e-06
   2  tau          6.44027e+01   constant   
   3  A0           3.59009e-01   1.50212e-03   6.13223e-07  -1.34724e+01
   4  phi          4.16260e+00   4.83253e-03   2.02697e-06   1.66225e+00
   5  R           -6.06479e+01   constant   
   6  alpha_CBO    2.12245e-02   1.25119e-03   7.62992e-07   5.39316e+00
   7  w_CBO        2.32500e+00   constant   
   8  beta_CBO     1.31911e-03   1.49812e-03   7.18586e-07  -7.06252e-01
   9  alpha_2CBO   8.28875e-04   6.14711e-04   7.22218e-07  -2.74789e+00
  10  beta_2CBO   -2.17034e-03     fixed    
  11  alpha_y      0.00000e+00     fixed    
  12  w_y          1.44500e+01   constant   
  13  beta_y       2.77271e-03     fixed    
  14  alpha_vw     0.00000e+00     fixed    
  15  w_vw         1.29000e+01   constant   
  16  beta_vw      0.00000e+00     fixed    
  17  LM          -1.06686e-04   constant   
  18  zeta_y       0.00000e+00   constant   
  19  zeta_vw      0.00000e+00   constant   
  20  T_CBO        8.04805e+00   3.58018e-01   1.53183e-06  -2.33037e+00
  21  alpha_A0     1.23672e+00   3.24432e-01   1.51194e-04   1.55075e-02
  22  beta_A0      1.07430e+00   2.95822e-01   1.62435e-04  -3.44612e-02
  23  alpha_phi    9.71160e-01   2.19330e-01   1.15333e-04  -7.05228e-02
  24  beta_phi     7.03546e-01   2.74878e-01   1.29105e-04   3.51841e-02
 CALL LIMIT EXCEEDED IN MIGRAD.
 MIGRAD TERMINATED WITHOUT CONVERGENCE.
 FCN=101.154 FROM MIGRAD    STATUS=CALL LIMIT   1923 CALLS        5350 TOTAL
                     EDM=0.00908932    STRATEGY= 1      ERR MATRIX NOT POS-DEF
  EXT PARAMETER                APPROXIMATE        STEP         FIRST   
  NO.   NAME      VALUE            ERROR          SIZE      DERIVATIVE 
   1  N0           3.67012e+06   2.82622e+04   1.82935e+03   2.64939e-04
   2  tau          6.44027e+01   constant   
   3  A0           4.24944e-01   9.53821e-03   5.96130e-04  -8.49418e+02
   4  phi          4.19676e+00   3.84858e-02   2.89185e-03  -2.91670e+02
   5  R           -6.06479e+01   constant   
   6  alpha_CBO    3.97321e-02   5.46787e-03   4.33302e-04  -9.86456e+01
   7  w_CBO        2.32500e+00   constant   
   8  beta_CBO    -1.71850e-02   1.32560e-02  -8.10631e-04  -5.37322e+02
   9  alpha_2CBO   4.25298e-03   3.04950e-03  -1.62365e-04  -2.99160e+00
  10  beta_2CBO   -2.17034e-03     fixed    
  11  alpha_y      0.00000e+00     fixed    
  12  w_y          1.44500e+01   constant   
  13  beta_y       2.77271e-03     fixed    
  14  alpha_vw     0.00000e+00     fixed    
  15  w_vw         1.29000e+01   constant   
  16  beta_vw      0.00000e+00     fixed    
  17  LM          -1.06686e-04   constant   
  18  zeta_y       0.00000e+00   constant   
  19  zeta_vw      0.00000e+00   constant   
  20  T_CBO        7.75558e+00   3.61177e-02   2.40821e-05   3.06550e+03
  21  alpha_A0     4.67323e+00   1.47034e+00  -9.21950e-02  -1.72873e+00
  22  beta_A0      1.01636e+01   1.15380e+00  -3.90173e-02   3.54513e+00
  23  alpha_phi    1.02942e+01   6.93013e-01   1.70993e-02   3.68638e+00
  24  beta_phi     2.96516e-01   1.17830e+00   8.65024e-02   3.62977e+00
 EXTERNAL ERROR MATRIX.    NDIM=  25    NPAR= 11    ERR DEF=1
  7.988e+08 
  2.145e+02  9.098e-05 
  1.006e+03  3.251e-04  1.481e-03 
  1.228e+02  3.976e-05  1.876e-04  2.990e-05 
 -3.542e+02 -1.136e-04 -4.797e-04 -5.192e-05  1.757e-04 
 -7.467e+01 -2.395e-05 -1.026e-04 -9.538e-06  3.913e-05  9.299e-06 
  7.864e+02  1.544e-04  1.088e-03  1.173e-04 -3.537e-04 -8.442e-05  1.304e-03 
 -3.225e+04 -1.168e-02 -5.189e-02 -5.440e-03  1.763e-02  4.161e-03 -4.192e-02  2.162e+00 
 -2.511e+04 -4.779e-03 -2.937e-02 -2.098e-03  1.194e-02  2.983e-03 -3.667e-02  1.219e+00  1.331e+00 
  1.820e+03  4.191e-03  7.184e-03  1.367e-03 -2.169e-03 -2.925e-04 -8.868e-03 -2.299e-01  3.171e-01  4.803e-01 
  2.279e+04  9.194e-03  4.126e-02  5.403e-03 -1.205e-02 -2.631e-03  2.892e-02 -1.586e+00 -6.065e-01  3.142e-01  1.388e+00 
ERR MATRIX NOT POS-DEF
 PARAMETER  CORRELATION COEFFICIENTS  
       NO.  GLOBAL      1      3      4      6      8      9     20     21     22     23     24
        1  0.99998   1.000  0.796  0.924  0.795 -0.945 -0.866  0.770 -0.776 -0.770  0.093  0.684
        3  0.99999   0.796  1.000  0.886  0.762 -0.898 -0.823  0.448 -0.833 -0.434  0.634  0.818
        4  0.99999   0.924  0.886  1.000  0.892 -0.940 -0.875  0.783 -0.917 -0.661  0.269  0.910
        6  0.99989   0.795  0.762  0.892  1.000 -0.716 -0.572  0.594 -0.677 -0.332  0.361  0.839
        8  0.99998  -0.945 -0.898 -0.940 -0.716  1.000  0.968 -0.739  0.904  0.781 -0.236 -0.772
        9  0.99916  -0.866 -0.823 -0.875 -0.572  0.968  1.000 -0.766  0.928  0.848 -0.138 -0.732
       20  0.99793   0.770  0.448  0.783  0.594 -0.739 -0.766  1.000 -0.789 -0.880 -0.354  0.680
       21  0.99995  -0.776 -0.833 -0.917 -0.677  0.904  0.928 -0.789  1.000  0.718 -0.226 -0.915
       22  0.99991  -0.770 -0.434 -0.661 -0.332  0.781  0.848 -0.880  0.718  1.000  0.397 -0.446
       23  0.99988   0.093  0.634  0.269  0.361 -0.236 -0.138 -0.354 -0.226  0.397  1.000  0.385
       24  0.99990   0.684  0.818  0.910  0.839 -0.772 -0.732  0.680 -0.915 -0.446  0.385  1.000
 ERR MATRIX NOT POS-DEF
MINUIT - FIT ONLY 1-y
 **********
 **   51 **RES 
 **********
                   PARAMETER   16  beta_vw RESTORED TO VARIABLE.
                   PARAMETER   14  alpha_vw RESTORED TO VARIABLE.
                   PARAMETER   13  beta_y RESTORED TO VARIABLE.
                   PARAMETER   11  alpha_y RESTORED TO VARIABLE.
                   PARAMETER   10  beta_2CBO RESTORED TO VARIABLE.
 **********
 **   52 **FIX            0
 **********
 PARAMETER    0  IS UNDEFINED. IGNORED.
 **********
 **   53 **FIX            1
 **********
 **********
 **   54 **FIX            2
 **********
 PARAMETER    2  IS CONSTANT.   IGNORED.
 **********
 **   55 **FIX            3
 **********
 **********
 **   56 **FIX            4
 **********
 **********
 **   57 **FIX            5
 **********
 PARAMETER    5  IS CONSTANT.   IGNORED.
 **********
 **   58 **FIX            6
 **********
 **********
 **   59 **FIX            7
 **********
 PARAMETER    7  IS CONSTANT.   IGNORED.
 **********
 **   60 **FIX            8
 **********
 **********
 **   61 **FIX            9
 **********
 **********
 **   62 **FIX           13
 **********
 **********
 **   63 **FIX           14
 **********
 **********
 **   64 **FIX           15
 **********
 PARAMETER   15  IS CONSTANT.   IGNORED.
 **********
 **   65 **FIX           16
 **********
 **********
 **   66 **MIGRAD
 **********
 START MIGRAD MINIMIZATION.  STRATEGY  1.  CONVERGENCE WHEN EDM .LT. 1.00e-04
 FCN=101.154 FROM MIGRAD    STATUS=INITIATE       16 CALLS        5366 TOTAL
                     EDM= unknown      STRATEGY= 1      NO ERROR MATRIX       
  EXT PARAMETER               CURRENT GUESS       STEP         FIRST   
  NO.   NAME      VALUE            ERROR          SIZE      DERIVATIVE 
   1  N0           3.67012e+06     fixed    
   2  tau          6.44027e+01   constant   
   3  A0           4.24944e-01     fixed    
   4  phi          4.19676e+00     fixed    
   5  R           -6.06479e+01   constant   
   6  alpha_CBO    3.97321e-02     fixed    
   7  w_CBO        2.32500e+00   constant   
   8  beta_CBO    -1.71850e-02     fixed    
   9  alpha_2CBO   4.25298e-03     fixed    
  10  beta_2CBO   -2.17034e-03   1.02524e-03   1.02524e-03   3.52993e+02
  11  alpha_y      0.00000e+00   1.00000e-03   1.00000e-03  -1.17881e+05
  12  w_y          1.44500e+01   constant   
  13  beta_y       2.77271e-03     fixed    
  14  alpha_vw     0.00000e+00     fixed    
  15  w_vw         1.29000e+01   constant   
  16  beta_vw      0.00000e+00     fixed    
  17  LM          -1.06686e-04   constant   
  18  zeta_y       0.00000e+00   constant   
  19  zeta_vw      0.00000e+00   constant   
  20  T_CBO        7.75558e+00   3.61177e-02   2.40821e-05   3.06550e+03
  21  alpha_A0     4.67323e+00   1.47034e+00  -9.21950e-02  -1.72873e+00
  22  beta_A0      1.01636e+01   1.15380e+00  -3.90173e-02   3.54513e+00
  23  alpha_phi    1.02942e+01   6.93013e-01   1.70993e-02   3.68638e+00
  24  beta_phi     2.96516e-01   1.17830e+00   8.65024e-02   3.62977e+00
 MIGRAD MINIMIZATION HAS CONVERGED.
 MIGRAD WILL VERIFY CONVERGENCE AND ERROR MATRIX.
 FCN=18.7826 FROM HESSE     STATUS=NOT POSDEF     50 CALLS        5510 TOTAL
                     EDM=0.000486119    STRATEGY= 1      ERR MATRIX NOT POS-DEF
  EXT PARAMETER                APPROXIMATE        STEP         FIRST   
  NO.   NAME      VALUE            ERROR          SIZE      DERIVATIVE 
   1  N0           3.67012e+06     fixed    
   2  tau          6.44027e+01   constant   
   3  A0           4.24944e-01     fixed    
   4  phi          4.19676e+00     fixed    
   5  R           -6.06479e+01   constant   
   6  alpha_CBO    3.97321e-02     fixed    
   7  w_CBO        2.32500e+00   constant   
   8  beta_CBO    -1.71850e-02     fixed    
   9  alpha_2CBO   4.25298e-03     fixed    
  10  beta_2CBO   -2.41693e-03   2.06478e-04   3.31143e-07  -1.78872e+00
  11  alpha_y      1.39686e-03   1.53713e-04   3.30985e-07  -2.06219e-01
  12  w_y          1.44500e+01   constant   
  13  beta_y       2.77271e-03     fixed    
  14  alpha_vw     0.00000e+00     fixed    
  15  w_vw         1.29000e+01   constant   
  16  beta_vw      0.00000e+00     fixed    
  17  LM          -1.06686e-04   constant   
  18  zeta_y       0.00000e+00   constant   
  19  zeta_vw      0.00000e+00   constant   
  20  T_CBO        7.75479e+00   4.60797e-02   6.64923e-07   3.70155e+01
  21  alpha_A0     4.67907e+00   1.19062e-01   5.63618e-05  -2.77773e-02
  22  beta_A0      1.01351e+01   2.53526e-01   5.92183e-05  -3.95601e-02
  23  alpha_phi    1.03058e+01   2.46940e-01   5.02513e-05  -4.63289e-02
  24  beta_phi     3.26293e-01   3.39084e-02   5.93125e-05  -1.51455e-02
 MIGRAD MINIMIZATION HAS CONVERGED.
 MIGRAD WILL VERIFY CONVERGENCE AND ERROR MATRIX.
 FCN=18.5901 FROM MIGRAD    STATUS=CONVERGED     785 CALLS        6135 TOTAL
                     EDM=5.38105e-06    STRATEGY= 1      ERR MATRIX NOT POS-DEF
  EXT PARAMETER                APPROXIMATE        STEP         FIRST   
  NO.   NAME      VALUE            ERROR          SIZE      DERIVATIVE 
   1  N0           3.67012e+06     fixed    
   2  tau          6.44027e+01   constant   
   3  A0           4.24944e-01     fixed    
   4  phi          4.19676e+00     fixed    
   5  R           -6.06479e+01   constant   
   6  alpha_CBO    3.97321e-02     fixed    
   7  w_CBO        2.32500e+00   constant   
   8  beta_CBO    -1.71850e-02     fixed    
   9  alpha_2CBO   4.25298e-03     fixed    
  10  beta_2CBO   -2.26881e-03   2.06455e-04   3.29531e-07  -4.96973e+00
  11  alpha_y      1.40045e-03   1.53717e-04   3.29373e-07  -9.58609e-01
  12  w_y          1.44500e+01   constant   
  13  beta_y       2.77271e-03     fixed    
  14  alpha_vw     0.00000e+00     fixed    
  15  w_vw         1.29000e+01   constant   
  16  beta_vw      0.00000e+00     fixed    
  17  LM          -1.06686e-04   constant   
  18  zeta_y       0.00000e+00   constant   
  19  zeta_vw      0.00000e+00   constant   
  20  T_CBO        7.37437e+00   4.16041e-02   6.67017e-07  -9.57547e+01
  21  alpha_A0     5.80794e+00   1.47575e-01   6.95039e-05  -1.82082e-02
  22  beta_A0      1.25758e+01   3.14064e-01   7.28669e-05  -5.18627e-02
  23  alpha_phi    1.26810e+01   3.03381e-01   6.15059e-05  -9.14300e-02
  24  beta_phi     3.50454e-01   4.20318e-02   7.29350e-05  -3.55323e-02
 EXTERNAL ERROR MATRIX.    NDIM=  25    NPAR=  7    ERR DEF=1
  4.262e-08 -4.043e-09 -6.807e-07  1.508e-06  9.996e-06  2.225e-06 -3.211e-06 
 -4.043e-09  2.363e-08 -2.779e-08  1.677e-07 -4.438e-07  3.633e-07  6.273e-07 
 -6.807e-07 -2.779e-08  1.731e-03 -5.987e-03 -1.293e-02 -1.255e-02 -1.345e-04 
  1.508e-06  1.677e-07 -5.987e-03  2.178e-02  4.480e-02  4.349e-02  4.505e-04 
  9.996e-06 -4.438e-07 -1.293e-02  4.480e-02  9.864e-02  9.360e-02  3.002e-06 
  2.225e-06  3.633e-07 -1.255e-02  4.349e-02  9.360e-02  9.204e-02  8.433e-04 
 -3.211e-06  6.273e-07 -1.345e-04  4.505e-04  3.002e-06  8.433e-04  1.767e-03 
ERR MATRIX NOT POS-DEF
 PARAMETER  CORRELATION COEFFICIENTS  
       NO.  GLOBAL     10     11     20     21     22     23     24
       10  0.67516   1.000 -0.127 -0.079  0.050  0.154  0.036 -0.370
       11  0.13906  -0.127  1.000 -0.004  0.007 -0.009  0.008  0.097
       20  0.99761  -0.079 -0.004  1.000 -0.975 -0.990 -0.994 -0.077
       21  0.97597   0.050  0.007 -0.975  1.000  0.967  0.971  0.073
       22  0.99422   0.154 -0.009 -0.990  0.967  1.000  0.982  0.000
       23  0.99559   0.036  0.008 -0.994  0.971  0.982  1.000  0.066
       24  0.59631  -0.370  0.097 -0.077  0.073  0.000  0.066  1.000
 ERR MATRIX NOT POS-DEF
MINUIT - FIT ONLY 2-y
 **********
 **   67 **RES 
 **********
                   PARAMETER   16  beta_vw RESTORED TO VARIABLE.
                   PARAMETER   14  alpha_vw RESTORED TO VARIABLE.
                   PARAMETER   13  beta_y RESTORED TO VARIABLE.
                   PARAMETER    9  alpha_2CBO RESTORED TO VARIABLE.
                   PARAMETER    8  beta_CBO RESTORED TO VARIABLE.
                   PARAMETER    6  alpha_CBO RESTORED TO VARIABLE.
                   PARAMETER    4  phi RESTORED TO VARIABLE.
                   PARAMETER    3  A0 RESTORED TO VARIABLE.
                   PARAMETER    1  N0 RESTORED TO VARIABLE.
 **********
 **   68 **FIX            0
 **********
 PARAMETER    0  IS UNDEFINED. IGNORED.
 **********
 **   69 **FIX            1
 **********
 **********
 **   70 **FIX            2
 **********
 PARAMETER    2  IS CONSTANT.   IGNORED.
 **********
 **   71 **FIX            3
 **********
 **********
 **   72 **FIX            4
 **********
 **********
 **   73 **FIX            5
 **********
 PARAMETER    5  IS CONSTANT.   IGNORED.
 **********
 **   74 **FIX            6
 **********
 **********
 **   75 **FIX            7
 **********
 PARAMETER    7  IS CONSTANT.   IGNORED.
 **********
 **   76 **FIX            8
 **********
 **********
 **   77 **FIX            9
 **********
 **********
 **   78 **FIX           10
 **********
 **********
 **   79 **FIX           11
 **********
 **********
 **   80 **FIX           12
 **********
 PARAMETER   12  IS CONSTANT.   IGNORED.
 **********
 **   81 **FIX           16
 **********
 **********
 **   82 **MIGRAD
 **********
 START MIGRAD MINIMIZATION.  STRATEGY  1.  CONVERGENCE WHEN EDM .LT. 1.00e-04
 FCN=18.5901 FROM MIGRAD    STATUS=INITIATE       16 CALLS        6151 TOTAL
                     EDM= unknown      STRATEGY= 1      NO ERROR MATRIX       
  EXT PARAMETER               CURRENT GUESS       STEP         FIRST   
  NO.   NAME      VALUE            ERROR          SIZE      DERIVATIVE 
   1  N0           3.67012e+06     fixed    
   2  tau          6.44027e+01   constant   
   3  A0           4.24944e-01     fixed    
   4  phi          4.19676e+00     fixed    
   5  R           -6.06479e+01   constant   
   6  alpha_CBO    3.97321e-02     fixed    
   7  w_CBO        2.32500e+00   constant   
   8  beta_CBO    -1.71850e-02     fixed    
   9  alpha_2CBO   4.25298e-03     fixed    
  10  beta_2CBO   -2.26881e-03     fixed    
  11  alpha_y      1.40045e-03     fixed    
  12  w_y          1.44500e+01   constant   
  13  beta_y       2.77271e-03   1.54913e-04   1.54913e-04   6.39118e+03
  14  alpha_vw     0.00000e+00   1.00000e-03   1.00000e-03   1.04072e+04
