 + ++++++++++++++++++++++++++++++++++++++++++++++++++++++++++++++++++++ +
 +                                                                      +
 +           You have chose to blind your fitting according to          +
 +                omega_ref * (1 + (R +/- deltaR) *10^{-6})             +
 +                                                                      +
 + ++++++++++++++++++++++++++++++++++++++++++++++++++++++++++++++++++++ +
In main()...
reading format from /gm2data/zkhechad/run45/envelope/formats/formatB_sBin_constraintOn.txt
pBinTau 	= 0  
pBinPhi 	= 0  
constraintau 	= 1 
includeMopTerm 	= 0    
constrainMop    = 0   
Parameters after format file: pBinTau 0 pBinPhi 0 constraintau 1 includeMopTerm 0 constrainMop 0 c_e_scale 0.000000 
Opening file /gm2data/tbarrett/gm2fr/studies/run23_bunch_corrections/CorrectedFourier_Run3b.root.
reading full fit data from /gm2data/zkhechad/cboTemplates/Run4CBOTemplates/fullFits/noRF/sBin_constraintOn_cE0.0_seed0_noRF_calo21.root
windowBins = 69
fitting sliding window 1960 from bin 2096 at 312.574000 to bin 2165 at 323.018000 (69 bins)

Reading data from /gm2data/cornell/histograms/aMethod/histogram_a_noRF.root
 **********
 **    1 **SET PRINTOUT            1
 **********
 **********
 **    2 **SET NOWARNINGS 
 **********
 PARAMETER DEFINITIONS:
    NO.   NAME         VALUE      STEP SIZE      LIMITS
     1 N0           2.83609e+06  1.00000e+02     no limits
     2 tau          6.44055e+01  constant
     3 A0           3.54106e-01  1.00000e-04     no limits
     4 phi          4.11637e+00  1.00000e-02     no limits
     5 R           -5.93657e+01  constant
     6 alpha_CBO    0.00000e+00  1.00000e-03     no limits
     7 w_CBO        2.32500e+00  constant
     8 beta_CBO     0.00000e+00  1.00000e-03     no limits
     9 alpha_2CBO   0.00000e+00  1.00000e-03     no limits
    10 beta_2CBO    0.00000e+00  1.00000e-03     no limits
    11 alpha_y      0.00000e+00  1.00000e-03     no limits
    12 w_y          1.38860e+01  constant
    13 beta_y       0.00000e+00  1.00000e-03     no limits
    14 alpha_vw     0.00000e+00  1.00000e-03     no limits
    15 w_vw         1.43404e+01  constant
    16 beta_vw      0.00000e+00  1.00000e-03     no limits
    17 LM           6.62355e-05  constant
    18 zeta_y       0.00000e+00  constant
    19 zeta_vw      0.00000e+00  constant
    20 T_CBO        1.00000e+02  1.00000e+00    0.00000e+00  1.00000e+03
    21 alpha_A0     0.00000e+00  1.00000e-04   -1.00000e-02  1.00000e-02
    22 beta_A0      0.00000e+00  1.00000e-04   -1.00000e-02  1.00000e-02
    23 alpha_phi    0.00000e+00  1.00000e-04   -1.00000e-02  1.00000e-02
    24 beta_phi     0.00000e+00  1.00000e-04   -1.00000e-02  1.00000e-02
MINUIT - FIT ONLY WIGGLE
 **********
 **    3 **FIX            5
 **********
 PARAMETER    5  IS CONSTANT.   IGNORED.
 **********
 **    4 **FIX            6
 **********
 **********
 **    5 **FIX            7
 **********
 PARAMETER    7  IS CONSTANT.   IGNORED.
 **********
 **    6 **FIX            8
 **********
 **********
 **    7 **FIX            9
 **********
 **********
 **    8 **FIX           10
 **********
 **********
 **    9 **FIX           11
 **********
 **********
 **   10 **FIX           12
 **********
 PARAMETER   12  IS CONSTANT.   IGNORED.
 **********
 **   11 **FIX           13
 **********
 **********
 **   12 **FIX           14
 **********
 **********
 **   13 **FIX           15
 **********
 PARAMETER   15  IS CONSTANT.   IGNORED.
 **********
 **   14 **FIX           16
 **********
 **********
 **   15 **MIGRAD
 **********
 FIRST CALL TO USER FUNCTION AT NEW START POINT, WITH IFLAG=4.
 START MIGRAD MINIMIZATION.  STRATEGY  1.  CONVERGENCE WHEN EDM .LT. 1.00e-04
 FCN=79.9864 FROM MIGRAD    STATUS=INITIATE      437 CALLS         438 TOTAL
                     EDM= unknown      STRATEGY= 1      NO ERROR MATRIX       
  EXT PARAMETER               CURRENT GUESS       STEP         FIRST   
  NO.   NAME      VALUE            ERROR          SIZE      DERIVATIVE 
   1  N0           2.83609e+06   1.00000e+02   0.00000e+00   1.69782e-03
   2  tau          6.44055e+01   constant   
   3  A0           3.54106e-01   1.00000e-04   0.00000e+00   5.05752e+02
   4  phi          4.11637e+00   1.00000e-02   0.00000e+00  -8.93616e+02
   5  R           -5.93657e+01   constant   
   6  alpha_CBO    0.00000e+00     fixed    
   7  w_CBO        2.32500e+00   constant   
   8  beta_CBO     0.00000e+00     fixed    
   9  alpha_2CBO   0.00000e+00     fixed    
  10  beta_2CBO    0.00000e+00     fixed    
  11  alpha_y      0.00000e+00     fixed    
  12  w_y          1.38860e+01   constant   
  13  beta_y       0.00000e+00     fixed    
  14  alpha_vw     0.00000e+00     fixed    
  15  w_vw         1.43404e+01   constant   
  16  beta_vw      0.00000e+00     fixed    
  17  LM           6.62355e-05   constant   
  18  zeta_y       0.00000e+00   constant   
  19  zeta_vw      0.00000e+00   constant   
  20  T_CBO        1.00000e+02   1.00000e+00   0.00000e+00   0.00000e+00
  21  alpha_A0     0.00000e+00   1.00000e-04   0.00000e+00   2.36497e-01
  22  beta_A0      0.00000e+00   1.00000e-04   0.00000e+00   6.98313e-02
  23  alpha_phi    0.00000e+00   1.00000e-04   0.00000e+00  -5.17767e-02
  24  beta_phi     0.00000e+00   1.00000e-04   0.00000e+00   1.63473e-01
 MIGRAD MINIMIZATION HAS CONVERGED.
 MIGRAD WILL VERIFY CONVERGENCE AND ERROR MATRIX.
 COVARIANCE MATRIX CALCULATED SUCCESSFULLY
 FCN=77.5035 FROM MIGRAD    STATUS=CONVERGED     598 CALLS         599 TOTAL
                     EDM=1.41585e-06    STRATEGY= 1      ERROR MATRIX ACCURATE 
  EXT PARAMETER                                   STEP         FIRST   
  NO.   NAME      VALUE            ERROR          SIZE      DERIVATIVE 
   1  N0           2.83426e+06   1.40251e+00   5.86956e+00  -2.50521e-07
   2  tau          6.44055e+01   constant   
   3  A0           3.54006e-01   6.70037e-04   2.89692e-06   4.77051e-01
   4  phi          4.11841e+00   1.95897e-03   8.46964e-06  -8.35770e-01
   5  R           -5.93657e+01   constant   
   6  alpha_CBO    0.00000e+00     fixed    
   7  w_CBO        2.32500e+00   constant   
   8  beta_CBO     0.00000e+00     fixed    
   9  alpha_2CBO   0.00000e+00     fixed    
  10  beta_2CBO    0.00000e+00     fixed    
  11  alpha_y      0.00000e+00     fixed    
  12  w_y          1.38860e+01   constant   
  13  beta_y       0.00000e+00     fixed    
  14  alpha_vw     0.00000e+00     fixed    
  15  w_vw         1.43404e+01   constant   
  16  beta_vw      0.00000e+00     fixed    
  17  LM           6.62355e-05   constant   
  18  zeta_y       0.00000e+00   constant   
  19  zeta_vw      0.00000e+00   constant   
  20  T_CBO        1.94217e+01   6.34661e+02   3.90257e-02  -7.62010e-05
  21  alpha_A0    -8.14739e-03   1.05332e-02   5.00000e-01   3.23289e-07
  22  beta_A0     -9.79509e-03   1.50700e-02   5.00000e-01   8.11156e-10
  23  alpha_phi    9.94837e-03   1.46413e-02   5.00000e-01  -2.74137e-08
  24  beta_phi     1.78476e-03   1.41073e-02   5.00000e-01  -3.44607e-07
 EXTERNAL ERROR MATRIX.    NDIM=  25    NPAR=  8    ERR DEF=1
  1.967e+00 -3.630e-08 -3.378e-07  5.452e-06 -2.734e-13 -1.532e-14  2.546e-14 -6.960e-13 
 -3.630e-08  4.489e-07 -4.679e-08 -5.964e-06  2.304e-13  5.724e-15 -5.101e-15  1.418e-13 
 -3.378e-07 -4.679e-08  3.838e-06  3.294e-05 -1.223e-12  2.779e-16 -2.226e-14 -8.477e-13 
  5.452e-06 -5.964e-06  3.294e-05  3.809e+04 -6.569e-04  1.599e-07 -1.180e-05  9.520e-04 
 -2.734e-13  2.304e-13 -1.223e-12 -6.569e-04  6.613e-05 -7.800e-15  2.035e-13 -1.642e-11 
 -1.532e-14  5.724e-15  2.779e-16  1.599e-07 -7.800e-15  7.979e-06 -3.561e-17  4.210e-15 
  2.546e-14 -5.101e-15 -2.226e-14 -1.180e-05  2.035e-13 -3.561e-17  2.026e-06 -2.949e-13 
 -6.960e-13  1.418e-13 -8.477e-13  9.520e-04 -1.642e-11  4.210e-15 -2.949e-13  1.904e-04 
 PARAMETER  CORRELATION COEFFICIENTS  
       NO.  GLOBAL      1      3      4     20     21     22     23     24
        1  0.00013   1.000 -0.000 -0.000  0.000 -0.000 -0.000  0.000 -0.000
        3  0.03565  -0.000  1.000 -0.036 -0.000  0.000  0.000 -0.000  0.000
        4  0.03565  -0.000 -0.036  1.000  0.000 -0.000  0.000 -0.000 -0.000
       20  0.00055   0.000 -0.000  0.000  1.000 -0.000  0.000 -0.000  0.000
       21  0.00041  -0.000  0.000 -0.000 -0.000  1.000 -0.000  0.000 -0.000
       22  0.00000  -0.000  0.000  0.000  0.000 -0.000  1.000 -0.000  0.000
       23  0.00004   0.000 -0.000 -0.000 -0.000  0.000 -0.000  1.000 -0.000
       24  0.00035  -0.000  0.000 -0.000  0.000 -0.000  0.000 -0.000  1.000
MINUIT - FIT ONLY 1-CBO + wiggle
 **********
 **   16 **RES 
 **********
                   PARAMETER   16  beta_vw RESTORED TO VARIABLE.
                   PARAMETER   14  alpha_vw RESTORED TO VARIABLE.
                   PARAMETER   13  beta_y RESTORED TO VARIABLE.
                   PARAMETER   11  alpha_y RESTORED TO VARIABLE.
                   PARAMETER   10  beta_2CBO RESTORED TO VARIABLE.
                   PARAMETER    9  alpha_2CBO RESTORED TO VARIABLE.
                   PARAMETER    8  beta_CBO RESTORED TO VARIABLE.
                   PARAMETER    6  alpha_CBO RESTORED TO VARIABLE.
 **********
 **   17 **FIX            8
 **********
 **********
 **   18 **FIX            9
 **********
 **********
 **   19 **FIX           11
 **********
 **********
 **   20 **FIX           12
 **********
 PARAMETER   12  IS CONSTANT.   IGNORED.
 **********
 **   21 **FIX           14
 **********
 **********
 **   22 **FIX           15
 **********
 PARAMETER   15  IS CONSTANT.   IGNORED.
 **********
 **   23 **FIX           16
 **********
 **********
 **   24 **MIGRAD
 **********
 START MIGRAD MINIMIZATION.  STRATEGY  1.  CONVERGENCE WHEN EDM .LT. 1.00e-04
 FCN=76.991 FROM MIGRAD    STATUS=INITIATE      104 CALLS         703 TOTAL
                     EDM= unknown      STRATEGY= 1      NO ERROR MATRIX       
  EXT PARAMETER               CURRENT GUESS       STEP         FIRST   
  NO.   NAME      VALUE            ERROR          SIZE      DERIVATIVE 
   1  N0           2.83426e+06   1.40251e+00   0.00000e+00   5.38264e-05
   2  tau          6.44055e+01   constant   
   3  A0           3.54006e-01   6.70037e-04   0.00000e+00   3.63406e+01
   4  phi          4.11841e+00   1.95897e-03   0.00000e+00  -6.28188e+01
   5  R           -5.93657e+01   constant   
   6  alpha_CBO    0.00000e+00   1.00000e-03   0.00000e+00   8.34041e+03
   7  w_CBO        2.32500e+00   constant   
   8  beta_CBO     0.00000e+00     fixed    
   9  alpha_2CBO   0.00000e+00     fixed    
  10  beta_2CBO    0.00000e+00   1.00000e-03   0.00000e+00   1.15160e+03
  11  alpha_y      0.00000e+00     fixed    
  12  w_y          1.38860e+01   constant   
  13  beta_y       0.00000e+00   1.00000e-03   0.00000e+00   1.29074e+03
  14  alpha_vw     0.00000e+00     fixed    
  15  w_vw         1.43404e+01   constant   
  16  beta_vw      0.00000e+00     fixed    
  17  LM           6.62355e-05   constant   
  18  zeta_y       0.00000e+00   constant   
  19  zeta_vw      0.00000e+00   constant   
  20  T_CBO        1.33455e+02   6.34661e+02   0.00000e+00  -1.89143e+00
  21  alpha_A0    -8.14739e-03   1.05332e-02   0.00000e+00   2.02115e-01
  22  beta_A0     -4.10872e-04   1.50700e-02   1.32691e+00  -4.97939e-03
  23  alpha_phi    9.94837e-03   1.46413e-02   0.00000e+00  -1.10747e-02
  24  beta_phi     1.78476e-03   1.41073e-02   0.00000e+00   4.19118e-01
 MIGRAD MINIMIZATION HAS CONVERGED.
 FCN=67.0448 FROM MIGRAD    STATUS=CONVERGED     423 CALLS        1022 TOTAL
                     EDM=5.56691e-06    STRATEGY= 1  ERROR MATRIX UNCERTAINTY   2.7 per cent
  EXT PARAMETER                                   STEP         FIRST   
  NO.   NAME      VALUE            ERROR          SIZE      DERIVATIVE 
   1  N0           2.83440e+06   1.42151e+03   2.56409e+00  -1.97036e-06
   2  tau          6.44055e+01   constant   
   3  A0           3.54449e-01   7.03808e-04   4.29996e-07   1.20679e+00
   4  phi          4.11878e+00   1.89522e-03   2.20948e-06   2.71094e-01
   5  R           -5.93657e+01   constant   
   6  alpha_CBO   -2.20159e-03   7.32737e-04  -1.20044e-06  -8.36657e-02
   7  w_CBO        2.32500e+00   constant   
   8  beta_CBO     0.00000e+00     fixed    
   9  alpha_2CBO   0.00000e+00     fixed    
  10  beta_2CBO   -1.31197e-04   6.90963e-04   1.70549e-07   5.27831e-01
  11  alpha_y      0.00000e+00     fixed    
  12  w_y          1.38860e+01   constant   
  13  beta_y      -3.55824e-04   7.00667e-04  -1.18684e-06  -2.46113e-01
  14  alpha_vw     0.00000e+00     fixed    
  15  w_vw         1.43404e+01   constant   
  16  beta_vw      0.00000e+00     fixed    
  17  LM           6.62355e-05   constant   
  18  zeta_y       0.00000e+00   constant   
  19  zeta_vw      0.00000e+00   constant   
  20  T_CBO        1.74671e+02   1.17644e+02  -2.01286e-03  -1.11240e-02
  21  alpha_A0    -4.76138e-03   1.01374e-02  -4.23877e-03  -5.12419e-04
  22  beta_A0     -6.96218e-05   1.48869e-02   2.31958e-04   2.90628e-04
  23  alpha_phi    9.99616e-03   1.55987e-02   1.25161e-02  -2.21174e-04
  24  beta_phi    -9.99889e-03   1.34486e-02  -7.59296e-02   2.08688e-04
 EXTERNAL ERROR MATRIX.    NDIM=  25    NPAR= 11    ERR DEF=1
  2.021e+06 
 -5.984e-02  4.953e-07 
 -4.720e-02 -5.674e-08  3.592e-06 
 -6.842e-02 -1.017e-07 -8.953e-08  5.369e-07 
  3.151e-02 -6.055e-10  1.634e-08 -1.271e-08  4.774e-07 
 -3.634e-02 -1.331e-09 -1.561e-09  6.670e-09 -2.559e-10  4.909e-07 
 -3.539e+04  1.530e-02  1.337e-02 -5.351e-03  9.189e-03 -2.726e-03  1.431e+04 
 -5.022e+00  3.020e-06 -8.453e-07 -2.427e-06 -1.411e-06  5.293e-08  8.947e-01  3.675e-04 
 -5.534e+00  1.504e-06  3.237e-07  2.743e-07 -6.674e-07  3.744e-08  2.184e-01  5.176e-05  3.031e-04 
  2.539e-02  1.916e-08 -8.288e-09 -1.640e-08  1.226e-08 -1.651e-08 -2.625e-02 -4.724e-07  2.879e-07  1.637e-06 
 -8.956e-02 -4.075e-08  4.673e-08  3.076e-08 -2.214e-08  3.694e-08  7.574e-02  3.473e-06 -7.855e-07 -8.154e-07  2.847e-06 
 PARAMETER  CORRELATION COEFFICIENTS  
       NO.  GLOBAL      1      3      4      6     10     13     20     21     22     23     24
        1  0.32182   1.000 -0.060 -0.018 -0.066  0.032 -0.036 -0.208 -0.184 -0.224  0.014 -0.037
        3  0.32695  -0.060  1.000 -0.043 -0.197 -0.001 -0.003  0.182  0.224  0.123  0.021 -0.034
        4  0.12336  -0.018 -0.043  1.000 -0.064  0.012 -0.001  0.059 -0.023  0.010 -0.003  0.015
        6  0.27836  -0.066 -0.197 -0.064  1.000 -0.025  0.013 -0.061 -0.173  0.021 -0.017  0.025
       10  0.22322   0.032 -0.001  0.012 -0.025  1.000 -0.001  0.111 -0.107 -0.055  0.014 -0.019
       13  0.07738  -0.036 -0.003 -0.001  0.013 -0.001  1.000 -0.033  0.004  0.003 -0.018  0.031
       20  0.57308  -0.208  0.182  0.059 -0.061  0.111 -0.033  1.000  0.390  0.105 -0.172  0.375
       21  0.48462  -0.184  0.224 -0.023 -0.173 -0.107  0.004  0.390  1.000  0.155 -0.019  0.107
       22  0.27855  -0.224  0.123  0.010  0.021 -0.055  0.003  0.105  0.155  1.000  0.013 -0.027
       23  0.38150   0.014  0.021 -0.003 -0.017  0.014 -0.018 -0.172 -0.019  0.013  1.000 -0.378
       24  0.50785  -0.037 -0.034  0.015  0.025 -0.019  0.031  0.375  0.107 -0.027 -0.378  1.000
MINUIT - FIT ONLY 2-CBO
 **********
 **   25 **RES 
 **********
                   PARAMETER   16  beta_vw RESTORED TO VARIABLE.
                   PARAMETER   14  alpha_vw RESTORED TO VARIABLE.
                   PARAMETER   11  alpha_y RESTORED TO VARIABLE.
                   PARAMETER    9  alpha_2CBO RESTORED TO VARIABLE.
                   PARAMETER    8  beta_CBO RESTORED TO VARIABLE.
 **********
 **   26 **FIX            0
 **********
 PARAMETER    0  IS UNDEFINED. IGNORED.
 **********
 **   27 **FIX            1
 **********
 **********
 **   28 **FIX            2
 **********
 PARAMETER    2  IS CONSTANT.   IGNORED.
 **********
 **   29 **FIX            3
 **********
 **********
 **   30 **FIX            4
 **********
 **********
 **   31 **FIX            5
 **********
 PARAMETER    5  IS CONSTANT.   IGNORED.
 **********
 **   32 **FIX            6
 **********
 **********
 **   33 **FIX            7
 **********
 PARAMETER    7  IS CONSTANT.   IGNORED.
 **********
 **   34 **FIX           10
 **********
 **********
 **   35 **FIX           11
 **********
 **********
 **   36 **FIX           12
 **********
 PARAMETER   12  IS CONSTANT.   IGNORED.
 **********
 **   37 **FIX           13
 **********
 **********
 **   38 **FIX           14
 **********
 **********
 **   39 **FIX           15
 **********
 PARAMETER   15  IS CONSTANT.   IGNORED.
 **********
 **   40 **FIX           16
 **********
 **********
 **   41 **MIGRAD
 **********
 START MIGRAD MINIMIZATION.  STRATEGY  1.  CONVERGENCE WHEN EDM .LT. 1.00e-04
 FCN=67.0447 FROM MIGRAD    STATUS=INITIATE       40 CALLS        1062 TOTAL
                     EDM= unknown      STRATEGY= 1      NO ERROR MATRIX       
  EXT PARAMETER               CURRENT GUESS       STEP         FIRST   
  NO.   NAME      VALUE            ERROR          SIZE      DERIVATIVE 
   1  N0           2.83440e+06     fixed    
   2  tau          6.44055e+01   constant   
   3  A0           3.54449e-01     fixed    
   4  phi          4.11878e+00     fixed    
   5  R           -5.93657e+01   constant   
   6  alpha_CBO   -2.20159e-03     fixed    
   7  w_CBO        2.32500e+00   constant   
   8  beta_CBO     0.00000e+00   1.00000e-03   0.00000e+00  -1.12759e+04
   9  alpha_2CBO   0.00000e+00   1.00000e-03   0.00000e+00   2.74580e+03
  10  beta_2CBO   -1.31197e-04     fixed    
  11  alpha_y      0.00000e+00     fixed    
  12  w_y          1.38860e+01   constant   
  13  beta_y      -3.55824e-04     fixed    
  14  alpha_vw     0.00000e+00     fixed    
  15  w_vw         1.43404e+01   constant   
  16  beta_vw      0.00000e+00     fixed    
  17  LM           6.62355e-05   constant   
  18  zeta_y       0.00000e+00   constant   
  19  zeta_vw      0.00000e+00   constant   
  20  T_CBO        1.74671e+02   1.17644e+02   0.00000e+00  -5.13917e-02
  21  alpha_A0    -4.76138e-03   1.01374e-02   0.00000e+00  -4.14662e-04
  22  beta_A0     -6.96218e-05   1.48869e-02   0.00000e+00  -2.32752e-05
  23  alpha_phi    9.85173e-03   1.55987e-02  -1.44716e-01  -4.01339e-04
  24  beta_phi    -9.99889e-03   1.34486e-02   0.00000e+00   2.04896e-04
 MIGRAD MINIMIZATION HAS CONVERGED.
 MIGRAD WILL VERIFY CONVERGENCE AND ERROR MATRIX.
 FCN=50.5207 FROM MIGRAD    STATUS=CONVERGED     303 CALLS        1325 TOTAL
                     EDM=3.17471e-06    STRATEGY= 1      ERR MATRIX NOT POS-DEF
  EXT PARAMETER                APPROXIMATE        STEP         FIRST   
  NO.   NAME      VALUE            ERROR          SIZE      DERIVATIVE 
   1  N0           2.83440e+06     fixed    
   2  tau          6.44055e+01   constant   
   3  A0           3.54449e-01     fixed    
   4  phi          4.11878e+00     fixed    
   5  R           -5.93657e+01   constant   
   6  alpha_CBO   -2.20159e-03     fixed    
   7  w_CBO        2.32500e+00   constant   
   8  beta_CBO     2.73158e-03   6.67597e-04   2.40203e-06   1.70091e-01
   9  alpha_2CBO  -8.17419e-04   7.17005e-04   2.43274e-06  -1.24114e+00
  10  beta_2CBO   -1.31197e-04     fixed    
  11  alpha_y      0.00000e+00     fixed    
  12  w_y          1.38860e+01   constant   
  13  beta_y      -3.55824e-04     fixed    
  14  alpha_vw     0.00000e+00     fixed    
  15  w_vw         1.43404e+01   constant   
  16  beta_vw      0.00000e+00     fixed    
  17  LM           6.62355e-05   constant   
  18  zeta_y       0.00000e+00   constant   
  19  zeta_vw      0.00000e+00   constant   
  20  T_CBO        2.08956e+02   8.95510e+02   9.30624e-04  -5.82276e-03
  21  alpha_A0    -1.67304e-03   1.20727e-02   4.58451e-03  -4.74649e-05
  22  beta_A0     -7.46924e-03   1.11514e-02   6.63594e-03   7.47340e-04
  23  alpha_phi    9.98225e-03   1.92243e-02   5.01387e-02   9.06099e-05
  24  beta_phi    -9.22157e-03   1.72902e-02   1.14967e-02  -8.58533e-06
 EXTERNAL ERROR MATRIX.    NDIM=  25    NPAR=  7    ERR DEF=1
  4.457e-07 -1.571e-08  2.398e-02  4.835e-07  3.703e-07  1.392e-06  1.087e-06 
 -1.571e-08  5.141e-07  3.434e-01  3.703e-06  1.889e-05  2.293e-05  2.117e-05 
  2.398e-02  3.434e-01  2.780e+06  3.260e+01  1.436e+02  1.777e+02  1.773e+02 
  4.835e-07  3.703e-06  3.260e+01  5.379e-04  1.694e-03  2.082e-03  2.074e-03 
  3.703e-07  1.889e-05  1.436e+02  1.694e-03  7.564e-03  9.182e-03  9.145e-03 
  1.392e-06  2.293e-05  1.777e+02  2.082e-03  9.182e-03  1.145e-02  1.134e-02 
  1.087e-06  2.117e-05  1.773e+02  2.074e-03  9.145e-03  1.134e-02  1.145e-02 
ERR MATRIX NOT POS-DEF
 PARAMETER  CORRELATION COEFFICIENTS  
       NO.  GLOBAL      8      9     20     21     22     23     24
        8  0.13370   1.000 -0.033  0.022  0.031  0.006  0.019  0.015
        9  0.35589  -0.033  1.000  0.287  0.223  0.303  0.299  0.276
       20  0.99803   0.022  0.287  1.000  0.843  0.990  0.996  0.994
       21  0.84459   0.031  0.223  0.843  1.000  0.840  0.839  0.836
       22  0.99044   0.006  0.303  0.990  0.840  1.000  0.987  0.983
       23  0.99594   0.019  0.299  0.996  0.839  0.987  1.000  0.990
       24  0.99396   0.015  0.276  0.994  0.836  0.983  0.990  1.000
 ERR MATRIX NOT POS-DEF
MINUIT - FIT wiggle + 1-CBO + 2-CBO
 **********
 **   42 **RES 
 **********
                   PARAMETER   16  beta_vw RESTORED TO VARIABLE.
                   PARAMETER   14  alpha_vw RESTORED TO VARIABLE.
                   PARAMETER   13  beta_y RESTORED TO VARIABLE.
                   PARAMETER   11  alpha_y RESTORED TO VARIABLE.
                   PARAMETER   10  beta_2CBO RESTORED TO VARIABLE.
                   PARAMETER    6  alpha_CBO RESTORED TO VARIABLE.
                   PARAMETER    4  phi RESTORED TO VARIABLE.
                   PARAMETER    3  A0 RESTORED TO VARIABLE.
                   PARAMETER    1  N0 RESTORED TO VARIABLE.
 **********
 **   43 **FIX           10
 **********
 **********
 **   44 **FIX           11
 **********
 **********
 **   45 **FIX           12
 **********
 PARAMETER   12  IS CONSTANT.   IGNORED.
 **********
 **   46 **FIX           13
 **********
 **********
 **   47 **FIX           14
 **********
 **********
 **   48 **FIX           15
 **********
 PARAMETER   15  IS CONSTANT.   IGNORED.
 **********
 **   49 **FIX           16
 **********
 **********
 **   50 **MIGRAD
 **********
 START MIGRAD MINIMIZATION.  STRATEGY  1.  CONVERGENCE WHEN EDM .LT. 1.00e-04
 FCN=50.5207 FROM MIGRAD    STATUS=INITIATE       24 CALLS        1349 TOTAL
                     EDM= unknown      STRATEGY= 1      NO ERROR MATRIX       
  EXT PARAMETER               CURRENT GUESS       STEP         FIRST   
  NO.   NAME      VALUE            ERROR          SIZE      DERIVATIVE 
   1  N0           2.83440e+06   1.42151e+03   1.42151e+03  -1.99607e-05
   2  tau          6.44055e+01   constant   
   3  A0           3.54449e-01   7.03808e-04   7.03808e-04  -1.14348e+03
   4  phi          4.11878e+00   1.89522e-03   1.89522e-03   8.17827e+02
   5  R           -5.93657e+01   constant   
   6  alpha_CBO   -2.20159e-03   7.32737e-04   7.32737e-04  -4.75110e+02
   7  w_CBO        2.32500e+00   constant   
   8  beta_CBO     2.73158e-03   6.67597e-04   2.40203e-06   1.70092e-01
   9  alpha_2CBO  -8.17419e-04   7.17005e-04   2.43274e-06  -1.24114e+00
  10  beta_2CBO   -1.31197e-04     fixed    
  11  alpha_y      0.00000e+00     fixed    
  12  w_y          1.38860e+01   constant   
  13  beta_y      -3.55824e-04     fixed    
  14  alpha_vw     0.00000e+00     fixed    
  15  w_vw         1.43404e+01   constant   
  16  beta_vw      0.00000e+00     fixed    
  17  LM           6.62355e-05   constant   
  18  zeta_y       0.00000e+00   constant   
  19  zeta_vw      0.00000e+00   constant   
  20  T_CBO        2.08956e+02   8.95510e+02   9.30624e-04  -5.82536e-03
  21  alpha_A0    -1.67304e-03   1.20727e-02   4.58451e-03  -4.54495e-05
  22  beta_A0     -7.46924e-03   1.11514e-02   6.63594e-03   7.60553e-04
  23  alpha_phi    9.98225e-03   1.92243e-02   5.01387e-02  -2.43168e-04
  24  beta_phi    -9.22157e-03   1.72902e-02   1.14967e-02  -3.54445e-06
 MIGRAD MINIMIZATION HAS CONVERGED.
 FCN=49.6004 FROM MIGRAD    STATUS=CONVERGED     204 CALLS        1529 TOTAL
                     EDM=9.29097e-06    STRATEGY= 1  ERROR MATRIX UNCERTAINTY   4.9 per cent
  EXT PARAMETER                                   STEP         FIRST   
  NO.   NAME      VALUE            ERROR          SIZE      DERIVATIVE 
   1  N0           2.83452e+06   1.50235e+03  -9.71279e+00   5.25941e-07
   2  tau          6.44055e+01   constant   
   3  A0           3.54746e-01   7.05628e-04   4.57568e-07   3.96258e+00
   4  phi          4.11700e+00   2.06516e-03  -4.88802e-06  -4.32979e-02
   5  R           -5.93657e+01   constant   
   6  alpha_CBO   -2.11268e-03   7.37033e-04   4.81097e-06   8.53718e-01
   7  w_CBO        2.32500e+00   constant   
   8  beta_CBO     2.89948e-03   7.17979e-04   7.84338e-07  -1.86310e+00
   9  alpha_2CBO  -7.93253e-04   6.96786e-04   1.27657e-06   3.72265e+00
  10  beta_2CBO   -1.31197e-04     fixed    
  11  alpha_y      0.00000e+00     fixed    
  12  w_y          1.38860e+01   constant   
  13  beta_y      -3.55824e-04     fixed    
  14  alpha_vw     0.00000e+00     fixed    
  15  w_vw         1.43404e+01   constant   
  16  beta_vw      0.00000e+00     fixed    
  17  LM           6.62355e-05   constant   
  18  zeta_y       0.00000e+00   constant   
  19  zeta_vw      0.00000e+00   constant   
  20  T_CBO        2.22786e+02   1.75461e+02   2.73809e-03  -6.98907e-03
  21  alpha_A0    -3.27179e-04   1.47088e-02   3.04169e-03   2.62785e-03
  22  beta_A0     -6.57533e-03   1.22265e-02   3.82340e-03  -1.32746e-04
  23  alpha_phi    8.23093e-03   1.89966e-02  -1.74239e-02  -5.96047e-04
  24  beta_phi    -9.99941e-03   1.99900e-02   3.55889e-04  -9.81683e-05
 EXTERNAL ERROR MATRIX.    NDIM=  25    NPAR= 11    ERR DEF=1
  2.257e+06 
  2.221e-02  4.979e-07 
 -1.206e-01 -5.852e-08  4.265e-06 
 -7.008e-02 -5.535e-08  4.421e-08  5.432e-07 
  1.778e-02  5.601e-08 -3.301e-07 -2.409e-09  5.155e-07 
  2.469e-02  3.085e-08 -2.748e-08 -4.194e-08  1.320e-08  4.855e-07 
 -4.909e+04  2.842e-02 -3.170e-02 -8.320e-03  1.094e-02  1.482e-02  3.281e+04 
  7.198e-01  8.178e-07 -2.108e-06 -9.355e-07  3.635e-07  1.060e-07  3.209e-01  1.719e-04 
 -5.699e+00  2.341e-06 -1.373e-06 -7.427e-07 -2.962e-07  2.241e-06  1.912e+00  3.504e-05  2.773e-04 
 -1.535e+00 -1.081e-06  4.415e-06  5.651e-07 -6.737e-07 -2.009e-06 -1.749e+00 -1.853e-05 -1.163e-04  2.450e-04 
 -2.636e-02 -9.848e-09  8.208e-08  4.326e-09 -1.028e-08  7.515e-10  2.232e-03 -6.959e-09  4.640e-07 -2.716e-08  1.210e-07 
 PARAMETER  CORRELATION COEFFICIENTS  
       NO.  GLOBAL      1      3      4      6      8      9     20     21     22     23     24
        1  0.35984   1.000  0.021 -0.039 -0.063  0.016  0.024 -0.180  0.037 -0.228 -0.065 -0.050
        3  0.29617   0.021  1.000 -0.040 -0.106  0.111  0.063  0.222  0.088  0.199 -0.098 -0.040
        4  0.28335  -0.039 -0.040  1.000  0.029 -0.223 -0.019 -0.085 -0.078 -0.040  0.137  0.114
        6  0.17232  -0.063 -0.106  0.029  1.000 -0.005 -0.082 -0.062 -0.097 -0.061  0.049  0.017
        8  0.27232   0.016  0.111 -0.223 -0.005  1.000  0.026  0.084  0.039 -0.025 -0.060 -0.041
        9  0.24912   0.024  0.063 -0.019 -0.082  0.026  1.000  0.117  0.012  0.193 -0.184  0.003
       20  0.75512  -0.180  0.222 -0.085 -0.062  0.084  0.117  1.000  0.135  0.634 -0.617  0.035
       21  0.21718   0.037  0.088 -0.078 -0.097  0.039  0.012  0.135  1.000  0.161 -0.090 -0.002
       22  0.67743  -0.228  0.199 -0.040 -0.061 -0.025  0.193  0.634  0.161  1.000 -0.446  0.080
       23  0.66402  -0.065 -0.098  0.137  0.049 -0.060 -0.184 -0.617 -0.090 -0.446  1.000 -0.005
       24  0.15520  -0.050 -0.040  0.114  0.017 -0.041  0.003  0.035 -0.002  0.080 -0.005  1.000
MINUIT - FIT ONLY 1-y
 **********
 **   51 **RES 
 **********
                   PARAMETER   16  beta_vw RESTORED TO VARIABLE.
                   PARAMETER   14  alpha_vw RESTORED TO VARIABLE.
                   PARAMETER   13  beta_y RESTORED TO VARIABLE.
                   PARAMETER   11  alpha_y RESTORED TO VARIABLE.
                   PARAMETER   10  beta_2CBO RESTORED TO VARIABLE.
 **********
 **   52 **FIX            0
 **********
 PARAMETER    0  IS UNDEFINED. IGNORED.
 **********
 **   53 **FIX            1
 **********
 **********
 **   54 **FIX            2
 **********
 PARAMETER    2  IS CONSTANT.   IGNORED.
 **********
 **   55 **FIX            3
 **********
 **********
 **   56 **FIX            4
 **********
 **********
 **   57 **FIX            5
 **********
 PARAMETER    5  IS CONSTANT.   IGNORED.
 **********
 **   58 **FIX            6
 **********
 **********
 **   59 **FIX            7
 **********
 PARAMETER    7  IS CONSTANT.   IGNORED.
 **********
 **   60 **FIX            8
 **********
 **********
 **   61 **FIX            9
 **********
 **********
 **   62 **FIX           13
 **********
 **********
 **   63 **FIX           14
 **********
 **********
 **   64 **FIX           15
 **********
 PARAMETER   15  IS CONSTANT.   IGNORED.
 **********
 **   65 **FIX           16
 **********
 **********
 **   66 **MIGRAD
 **********
 START MIGRAD MINIMIZATION.  STRATEGY  1.  CONVERGENCE WHEN EDM .LT. 1.00e-04
 FCN=49.6004 FROM MIGRAD    STATUS=INITIATE       16 CALLS        1545 TOTAL
                     EDM= unknown      STRATEGY= 1      NO ERROR MATRIX       
  EXT PARAMETER               CURRENT GUESS       STEP         FIRST   
  NO.   NAME      VALUE            ERROR          SIZE      DERIVATIVE 
   1  N0           2.83452e+06     fixed    
   2  tau          6.44055e+01   constant   
   3  A0           3.54746e-01     fixed    
   4  phi          4.11700e+00     fixed    
   5  R           -5.93657e+01   constant   
   6  alpha_CBO   -2.11268e-03     fixed    
   7  w_CBO        2.32500e+00   constant   
   8  beta_CBO     2.89948e-03     fixed    
   9  alpha_2CBO  -7.93253e-04     fixed    
  10  beta_2CBO   -1.31197e-04   6.90963e-04   6.90963e-04   8.27594e+02
  11  alpha_y      0.00000e+00   1.00000e-03   1.00000e-03  -1.88272e+03
  12  w_y          1.38860e+01   constant   
  13  beta_y      -3.55824e-04     fixed    
  14  alpha_vw     0.00000e+00     fixed    
  15  w_vw         1.43404e+01   constant   
  16  beta_vw      0.00000e+00     fixed    
  17  LM           6.62355e-05   constant   
  18  zeta_y       0.00000e+00   constant   
  19  zeta_vw      0.00000e+00   constant   
  20  T_CBO        2.22786e+02   1.75461e+02   2.73809e-03  -6.98913e-03
  21  alpha_A0    -3.27179e-04   1.47088e-02   3.04169e-03   2.62784e-03
  22  beta_A0     -6.57533e-03   1.22265e-02   3.82340e-03  -1.32913e-04
  23  alpha_phi    8.23093e-03   1.89966e-02  -1.74239e-02  -5.94602e-04
  24  beta_phi    -9.99941e-03   1.99900e-02   3.55889e-04   9.49795e-05
 MIGRAD MINIMIZATION HAS CONVERGED.
 MIGRAD WILL VERIFY CONVERGENCE AND ERROR MATRIX.
 COVARIANCE MATRIX CALCULATED SUCCESSFULLY
 FCN=49.0795 FROM MIGRAD    STATUS=CONVERGED     175 CALLS        1704 TOTAL
                     EDM=9.9758e-05    STRATEGY= 1      ERROR MATRIX ACCURATE 
  EXT PARAMETER                                   STEP         FIRST   
  NO.   NAME      VALUE            ERROR          SIZE      DERIVATIVE 
   1  N0           2.83452e+06     fixed    
   2  tau          6.44055e+01   constant   
   3  A0           3.54746e-01     fixed    
   4  phi          4.11700e+00     fixed    
   5  R           -5.93657e+01   constant   
   6  alpha_CBO   -2.11268e-03     fixed    
   7  w_CBO        2.32500e+00   constant   
   8  beta_CBO     2.89948e-03     fixed    
   9  alpha_2CBO  -7.93253e-04     fixed    
  10  beta_2CBO   -3.52299e-04   7.15825e-04   2.41323e-06  -1.14726e+00
  11  alpha_y      4.56007e-04   6.93196e-04   2.39382e-06  -1.47930e+00
  12  w_y          1.38860e+01   constant   
  13  beta_y      -3.55824e-04     fixed    
  14  alpha_vw     0.00000e+00     fixed    
  15  w_vw         1.43404e+01   constant   
  16  beta_vw      0.00000e+00     fixed    
  17  LM           6.62355e-05   constant   
  18  zeta_y       0.00000e+00   constant   
  19  zeta_vw      0.00000e+00   constant   
  20  T_CBO        2.16718e+02   5.58185e+02   9.85497e-04   3.95995e-03
  21  alpha_A0     1.67372e-04   1.47831e-02   4.20595e-03  -4.93442e-04
  22  beta_A0     -6.74369e-03   1.78582e-02   5.48976e-03   1.57505e-03
  23  alpha_phi    8.42917e-03   1.43719e-02   7.39740e-03  -7.21154e-04
  24  beta_phi    -9.82928e-03   1.11856e-02   1.77748e-02   1.82234e-04
 EXTERNAL ERROR MATRIX.    NDIM=  25    NPAR=  7    ERR DEF=1
  5.124e-07 -9.821e-09  1.463e-02 -1.402e-06  2.777e-07 -2.405e-07  1.057e-07 
 -9.821e-09  4.805e-07 -2.531e-03 -4.517e-08 -1.985e-07  2.608e-07 -1.599e-08 
  1.463e-02 -2.531e-03  4.417e+05 -2.236e-01  2.026e+01 -2.501e+01 -2.856e+01 
 -1.402e-06 -4.517e-08 -2.236e-01  1.535e-04  3.387e-06  1.255e-05  1.690e-05 
  2.777e-07 -1.985e-07  2.026e+01  3.387e-06  1.070e-03 -1.151e-03 -1.300e-03 
 -2.405e-07  2.608e-07 -2.501e+01  1.255e-05 -1.151e-03  1.550e-03  1.623e-03 
  1.057e-07 -1.599e-08 -2.856e+01  1.690e-05 -1.300e-03  1.623e-03  1.986e-03 
 PARAMETER  CORRELATION COEFFICIENTS  
       NO.  GLOBAL     10     11     20     21     22     23     24
       10  0.21936   1.000 -0.020  0.031 -0.158  0.012 -0.009  0.003
       11  0.03492  -0.020  1.000 -0.005 -0.005 -0.009  0.010 -0.001
       20  0.98435   0.031 -0.005  1.000 -0.027  0.932 -0.956 -0.965
       21  0.18413  -0.158 -0.005 -0.027  1.000  0.008  0.026  0.031
       22  0.93314   0.012 -0.009  0.932  0.008  1.000 -0.894 -0.892
       23  0.95615  -0.009  0.010 -0.956  0.026 -0.894  1.000  0.925
       24  0.96541   0.003 -0.001 -0.965  0.031 -0.892  0.925  1.000
MINUIT - FIT ONLY 2-y
 **********
 **   67 **RES 
 **********
                   PARAMETER   16  beta_vw RESTORED TO VARIABLE.
                   PARAMETER   14  alpha_vw RESTORED TO VARIABLE.
                   PARAMETER   13  beta_y RESTORED TO VARIABLE.
                   PARAMETER    9  alpha_2CBO RESTORED TO VARIABLE.
                   PARAMETER    8  beta_CBO RESTORED TO VARIABLE.
                   PARAMETER    6  alpha_CBO RESTORED TO VARIABLE.
                   PARAMETER    4  phi RESTORED TO VARIABLE.
                   PARAMETER    3  A0 RESTORED TO VARIABLE.
                   PARAMETER    1  N0 RESTORED TO VARIABLE.
 **********
 **   68 **FIX            0
 **********
 PARAMETER    0  IS UNDEFINED. IGNORED.
 **********
 **   69 **FIX            1
 **********
 **********
 **   70 **FIX            2
 **********
 PARAMETER    2  IS CONSTANT.   IGNORED.
 **********
 **   71 **FIX            3
 **********
 **********
 **   72 **FIX            4
 **********
 **********
 **   73 **FIX            5
 **********
 PARAMETER    5  IS CONSTANT.   IGNORED.
 **********
 **   74 **FIX            6
 **********
 **********
 **   75 **FIX            7
 **********
 PARAMETER    7  IS CONSTANT.   IGNORED.
 **********
 **   76 **FIX            8
 **********
 **********
 **   77 **FIX            9
 **********
 **********
 **   78 **FIX           10
 **********
 **********
 **   79 **FIX           11
 **********
 **********
 **   80 **FIX           12
 **********
 PARAMETER   12  IS CONSTANT.   IGNORED.
 **********
 **   81 **FIX           16
 **********
 **********
 **   82 **MIGRAD
 **********
 START MIGRAD MINIMIZATION.  STRATEGY  1.  CONVERGENCE WHEN EDM .LT. 1.00e-04
 FCN=49.0795 FROM MIGRAD    STATUS=INITIATE       18 CALLS        1722 TOTAL
                     EDM= unknown      STRATEGY= 1      NO ERROR MATRIX       
  EXT PARAMETER               CURRENT GUESS       STEP         FIRST   
  NO.   NAME      VALUE            ERROR          SIZE      DERIVATIVE 
   1  N0           2.83452e+06     fixed    
   2  tau          6.44055e+01   constant   
   3  A0           3.54746e-01     fixed    
   4  phi          4.11700e+00     fixed    
   5  R           -5.93657e+01   constant   
   6  alpha_CBO   -2.11268e-03     fixed    
   7  w_CBO        2.32500e+00   constant   
   8  beta_CBO     2.89948e-03     fixed    
   9  alpha_2CBO  -7.93253e-04     fixed    
  10  beta_2CBO   -3.52299e-04     fixed    
  11  alpha_y      4.56007e-04     fixed    
  12  w_y          1.38860e+01   constant   
  13  beta_y      -3.55824e-04   7.00667e-04   7.00667e-04  -1.58915e+02
  14  alpha_vw     0.00000e+00   1.00000e-03   1.00000e-03  -1.58353e+03
  15  w_vw         1.43404e+01   constant   
  16  beta_vw      0.00000e+00     fixed    
  17  LM           6.62355e-05   constant   
  18  zeta_y       0.00000e+00   constant   
  19  zeta_vw      0.00000e+00   constant   
  20  T_CBO        2.16718e+02   5.58185e+02   9.85497e-04   3.95618e-03
  21  alpha_A0     1.67372e-04   1.47831e-02   4.20595e-03  -4.93633e-04
  22  beta_A0     -6.74369e-03   1.78582e-02   5.48976e-03   1.58550e-03
  23  alpha_phi    8.42917e-03   1.43719e-02   7.39740e-03  -7.39059e-04
  24  beta_phi    -9.82928e-03   1.11856e-02   1.77748e-02  -1.17292e-04
 MIGRAD MINIMIZATION HAS CONVERGED.
 MIGRAD WILL VERIFY CONVERGENCE AND ERROR MATRIX.
 FCN=48.7765 FROM HESSE     STATUS=NOT POSDEF     54 CALLS        1806 TOTAL
                     EDM=0.000356563    STRATEGY= 1      ERR MATRIX NOT POS-DEF
  EXT PARAMETER                APPROXIMATE        STEP         FIRST   
  NO.   NAME      VALUE            ERROR          SIZE      DERIVATIVE 
   1  N0           2.83452e+06     fixed    
   2  tau          6.44055e+01   constant   
   3  A0           3.54746e-01     fixed    
   4  phi          4.11700e+00     fixed    
   5  R           -5.93657e+01   constant   
   6  alpha_CBO   -2.11268e-03     fixed    
   7  w_CBO        2.32500e+00   constant   
   8  beta_CBO     2.89948e-03     fixed    
   9  alpha_2CBO  -7.93253e-04     fixed    
  10  beta_2CBO   -3.52299e-04     fixed    
  11  alpha_y      4.56007e-04     fixed    
  12  w_y          1.38860e+01   constant   
  13  beta_y      -3.42632e-04   6.96030e-04   2.41124e-06   2.78080e+00
  14  alpha_vw     3.81271e-04   6.90786e-04   2.39337e-06  -2.69827e-01
  15  w_vw         1.43404e+01   constant   
  16  beta_vw      0.00000e+00     fixed    
  17  LM           6.62355e-05   constant   
  18  zeta_y       0.00000e+00   constant   
  19  zeta_vw      0.00000e+00   constant   
  20  T_CBO        2.16556e+02   8.75866e+02   9.78706e-04   8.26138e-04
  21  alpha_A0     1.25586e-04   1.47344e-02   4.19754e-03   5.90081e-04
  22  beta_A0     -6.71532e-03   1.64428e-02   5.51871e-03  -3.75849e-05
  23  alpha_phi    8.41298e-03   1.11685e-02   7.44441e-03  -5.17698e-04
  24  beta_phi    -9.88145e-03   1.89198e-02   1.97173e-02   3.10276e-04
 MIGRAD MINIMIZATION HAS CONVERGED.
 MIGRAD WILL VERIFY CONVERGENCE AND ERROR MATRIX.
 COVARIANCE MATRIX CALCULATED SUCCESSFULLY
 FCN=48.7765 FROM MIGRAD    STATUS=CONVERGED     229 CALLS        1933 TOTAL
                     EDM=1.41616e-06    STRATEGY= 1      ERROR MATRIX ACCURATE 
  EXT PARAMETER                                   STEP         FIRST   
  NO.   NAME      VALUE            ERROR          SIZE      DERIVATIVE 
   1  N0           2.83452e+06     fixed    
   2  tau          6.44055e+01   constant   
   3  A0           3.54746e-01     fixed    
   4  phi          4.11700e+00     fixed    
   5  R           -5.93657e+01   constant   
   6  alpha_CBO   -2.11268e-03     fixed    
   7  w_CBO        2.32500e+00   constant   
   8  beta_CBO     2.89948e-03     fixed    
   9  alpha_2CBO  -7.93253e-04     fixed    
  10  beta_2CBO   -3.52299e-04     fixed    
  11  alpha_y      4.56007e-04     fixed    
  12  w_y          1.38860e+01   constant   
  13  beta_y      -3.43321e-04   7.01783e-04   2.41123e-06   2.09781e-03
  14  alpha_vw     3.81379e-04   6.96489e-04   2.39337e-06   2.31798e-02
  15  w_vw         1.43404e+01   constant   
  16  beta_vw      0.00000e+00     fixed    
  17  LM           6.62355e-05   constant   
