 + ++++++++++++++++++++++++++++++++++++++++++++++++++++++++++++++++++++ +
 +                                                                      +
 +           You have chose to blind your fitting according to          +
 +                omega_ref * (1 + (R +/- deltaR) *10^{-6})             +
 +                                                                      +
 + ++++++++++++++++++++++++++++++++++++++++++++++++++++++++++++++++++++ +
In main()...
reading format from /gm2data/zkhechad/run45/envelope/formats/formatB_sBin_constraintOn.txt
pBinTau 	= 0  
pBinPhi 	= 0  
constraintau 	= 1 
includeMopTerm 	= 0    
constrainMop    = 0   
Parameters after format file: pBinTau 0 pBinPhi 0 constraintau 1 includeMopTerm 0 constrainMop 0 c_e_scale 0.000000 
Opening file /gm2data/tbarrett/gm2fr/studies/run23_bunch_corrections/CorrectedFourier_Run3b.root.
reading full fit data from /gm2data/zkhechad/cboTemplates/Run4CBOTemplates/fullFits/noRF/sBin_constraintOn_cE0.0_seed0_noRF_calo8.root
windowBins = 69
fitting sliding window 980 from bin 1116 at 166.358000 to bin 1185 at 176.802000 (69 bins)

Reading data from /gm2data/cornell/histograms/aMethod/histogram_a_noRF.root
 **********
 **    1 **SET PRINTOUT            1
 **********
 **********
 **    2 **SET NOWARNINGS 
 **********
 PARAMETER DEFINITIONS:
    NO.   NAME         VALUE      STEP SIZE      LIMITS
     1 N0           2.93777e+06  1.00000e+02     no limits
     2 tau          6.44050e+01  constant
     3 A0           3.52923e-01  1.00000e-04     no limits
     4 phi          4.11508e+00  1.00000e-02     no limits
     5 R           -6.11922e+01  constant
     6 alpha_CBO    0.00000e+00  1.00000e-03     no limits
     7 w_CBO        2.32500e+00  constant
     8 beta_CBO     0.00000e+00  1.00000e-03     no limits
     9 alpha_2CBO   0.00000e+00  1.00000e-03     no limits
    10 beta_2CBO    0.00000e+00  1.00000e-03     no limits
    11 alpha_y      0.00000e+00  1.00000e-03     no limits
    12 w_y          1.38860e+01  constant
    13 beta_y       0.00000e+00  1.00000e-03     no limits
    14 alpha_vw     0.00000e+00  1.00000e-03     no limits
    15 w_vw         1.43404e+01  constant
    16 beta_vw      0.00000e+00  1.00000e-03     no limits
    17 LM           1.41693e-04  constant
    18 zeta_y       0.00000e+00  constant
    19 zeta_vw      0.00000e+00  constant
    20 T_CBO        1.00000e+02  1.00000e+00    0.00000e+00  1.00000e+03
    21 alpha_A0     0.00000e+00  1.00000e-03     no limits
    22 beta_A0      0.00000e+00  1.00000e-03     no limits
    23 alpha_phi    0.00000e+00  1.00000e-03     no limits
    24 beta_phi     0.00000e+00  1.00000e-03     no limits
MINUIT - FIT ONLY WIGGLE
 **********
 **    3 **FIX            5
 **********
 PARAMETER    5  IS CONSTANT.   IGNORED.
 **********
 **    4 **FIX            6
 **********
 **********
 **    5 **FIX            7
 **********
 PARAMETER    7  IS CONSTANT.   IGNORED.
 **********
 **    6 **FIX            8
 **********
 **********
 **    7 **FIX            9
 **********
 **********
 **    8 **FIX           10
 **********
 **********
 **    9 **FIX           11
 **********
 **********
 **   10 **FIX           12
 **********
 PARAMETER   12  IS CONSTANT.   IGNORED.
 **********
 **   11 **FIX           13
 **********
 **********
 **   12 **FIX           14
 **********
 **********
 **   13 **FIX           15
 **********
 PARAMETER   15  IS CONSTANT.   IGNORED.
 **********
 **   14 **FIX           16
 **********
 **********
 **   15 **MIGRAD
 **********
 FIRST CALL TO USER FUNCTION AT NEW START POINT, WITH IFLAG=4.
 START MIGRAD MINIMIZATION.  STRATEGY  1.  CONVERGENCE WHEN EDM .LT. 1.00e-04
 FCN=649.21 FROM MIGRAD    STATUS=INITIATE      437 CALLS         438 TOTAL
                     EDM= unknown      STRATEGY= 1      NO ERROR MATRIX       
  EXT PARAMETER               CURRENT GUESS       STEP         FIRST   
  NO.   NAME      VALUE            ERROR          SIZE      DERIVATIVE 
   1  N0           2.93777e+06   1.00000e+02   0.00000e+00  -6.38142e-03
   2  tau          6.44050e+01   constant   
   3  A0           3.52923e-01   1.00000e-04   0.00000e+00   5.60805e+04
   4  phi          4.11508e+00   1.00000e-02   0.00000e+00   3.77922e+03
   5  R           -6.11922e+01   constant   
   6  alpha_CBO    0.00000e+00     fixed    
   7  w_CBO        2.32500e+00   constant   
   8  beta_CBO     0.00000e+00     fixed    
   9  alpha_2CBO   0.00000e+00     fixed    
  10  beta_2CBO    0.00000e+00     fixed    
  11  alpha_y      0.00000e+00     fixed    
  12  w_y          1.38860e+01   constant   
  13  beta_y       0.00000e+00     fixed    
  14  alpha_vw     0.00000e+00     fixed    
  15  w_vw         1.43404e+01   constant   
  16  beta_vw      0.00000e+00     fixed    
  17  LM           1.41693e-04   constant   
  18  zeta_y       0.00000e+00   constant   
  19  zeta_vw      0.00000e+00   constant   
  20  T_CBO        1.00000e+02   1.00000e+00   0.00000e+00   0.00000e+00
  21  alpha_A0     0.00000e+00   1.00000e-03   0.00000e+00   5.16507e+02
  22  beta_A0      0.00000e+00   1.00000e-03   0.00000e+00  -5.43729e+02
  23  alpha_phi    0.00000e+00   1.00000e-03   0.00000e+00   1.78186e+02
  24  beta_phi     0.00000e+00   1.00000e-03   0.00000e+00   4.66152e+02
 CALL LIMIT EXCEEDED IN MIGRAD.
 MIGRAD TERMINATED WITHOUT CONVERGENCE.
 FCN=607.154 FROM MIGRAD    STATUS=CALL LIMIT   1321 CALLS        1322 TOTAL
                     EDM=0.108185    STRATEGY= 1  ERROR MATRIX UNCERTAINTY   1.0 per cent
  EXT PARAMETER                APPROXIMATE        STEP         FIRST   
  NO.   NAME      VALUE            ERROR          SIZE      DERIVATIVE 
   1  N0           2.93819e+06   4.74095e+02   2.40221e+01   1.06672e-04
   2  tau          6.44050e+01   constant   
   3  A0           3.51758e-01   2.07758e-04   1.04817e-05   1.34753e+02
   4  phi          4.11499e+00   6.26088e-04  -2.58825e-07  -3.29634e+01
   5  R           -6.11922e+01   constant   
   6  alpha_CBO    0.00000e+00     fixed    
   7  w_CBO        2.32500e+00   constant   
   8  beta_CBO     0.00000e+00     fixed    
   9  alpha_2CBO   0.00000e+00     fixed    
  10  beta_2CBO    0.00000e+00     fixed    
  11  alpha_y      0.00000e+00     fixed    
  12  w_y          1.38860e+01   constant   
  13  beta_y       0.00000e+00     fixed    
  14  alpha_vw     0.00000e+00     fixed    
  15  w_vw         1.43404e+01   constant   
  16  beta_vw      0.00000e+00     fixed    
  17  LM           1.41693e-04   constant   
  18  zeta_y       0.00000e+00   constant   
  19  zeta_vw      0.00000e+00   constant   
  20  T_CBO        2.13503e+01   2.11860e+00  -1.78916e-03   3.43322e+01
  21  alpha_A0    -5.12975e+00   4.48323e+00  -8.49921e-01  -4.61687e-03
  22  beta_A0      5.09745e+00   4.44398e+00   8.42385e-01   1.05750e-01
  23  alpha_phi    1.68145e+00   1.47566e+00   2.79739e-01   4.75968e-02
  24  beta_phi    -4.57494e+00   3.98890e+00  -7.56169e-01   7.20568e-02
 EXTERNAL ERROR MATRIX.    NDIM=  25    NPAR=  8    ERR DEF=1
  2.248e+05  1.356e-02  3.627e-02 -2.840e+02 -5.731e+02  5.685e+02  1.887e+02 -5.105e+02 
  1.356e-02  4.316e-08 -1.197e-08 -6.761e-05 -8.774e-05  8.703e-05  2.885e-05 -7.809e-05 
  3.627e-02 -1.197e-08  3.920e-07 -2.361e-05 -2.311e-04  2.291e-04  7.618e-05 -2.057e-04 
 -2.840e+02 -6.761e-05 -2.361e-05  4.489e+00  8.961e+00 -8.883e+00 -2.949e+00  7.973e+00 
 -5.731e+02 -8.774e-05 -2.311e-04  8.961e+00  2.010e+01 -1.992e+01 -6.616e+00  1.788e+01 
  5.685e+02  8.703e-05  2.291e-04 -8.883e+00 -1.992e+01  1.975e+01  6.558e+00 -1.773e+01 
  1.887e+02  2.885e-05  7.618e-05 -2.949e+00 -6.616e+00  6.558e+00  2.178e+00 -5.886e+00 
 -5.105e+02 -7.809e-05 -2.057e-04  7.973e+00  1.788e+01 -1.773e+01 -5.886e+00  1.591e+01 
ERR MATRIX APPROXIMATE
 PARAMETER  CORRELATION COEFFICIENTS  
       NO.  GLOBAL      1      3      4     20     21     22     23     24
        1  0.40241   1.000  0.138  0.122 -0.283 -0.270  0.270  0.270 -0.270
        3  0.25712   0.138  1.000 -0.092 -0.154 -0.094  0.094  0.094 -0.094
        4  0.24661   0.122 -0.092  1.000 -0.018 -0.082  0.082  0.082 -0.082
       20  0.94806  -0.283 -0.154 -0.018  1.000  0.943 -0.943 -0.943  0.943
       21  1.00000  -0.270 -0.094 -0.082  0.943  1.000 -1.000 -1.000  1.000
       22  1.00000   0.270  0.094  0.082 -0.943 -1.000  1.000  1.000 -1.000
       23  1.00000   0.270  0.094  0.082 -0.943 -1.000  1.000  1.000 -1.000
       24  1.00000  -0.270 -0.094 -0.082  0.943  1.000 -1.000 -1.000  1.000
 ERR MATRIX APPROXIMATE
MINUIT - FIT ONLY 1-CBO + wiggle
 **********
 **   16 **RES 
 **********
                   PARAMETER   16  beta_vw RESTORED TO VARIABLE.
                   PARAMETER   14  alpha_vw RESTORED TO VARIABLE.
                   PARAMETER   13  beta_y RESTORED TO VARIABLE.
                   PARAMETER   11  alpha_y RESTORED TO VARIABLE.
                   PARAMETER   10  beta_2CBO RESTORED TO VARIABLE.
                   PARAMETER    9  alpha_2CBO RESTORED TO VARIABLE.
                   PARAMETER    8  beta_CBO RESTORED TO VARIABLE.
                   PARAMETER    6  alpha_CBO RESTORED TO VARIABLE.
 **********
 **   17 **FIX            8
 **********
 **********
 **   18 **FIX            9
 **********
 **********
 **   19 **FIX           11
 **********
 **********
 **   20 **FIX           12
 **********
 PARAMETER   12  IS CONSTANT.   IGNORED.
 **********
 **   21 **FIX           14
 **********
 **********
 **   22 **FIX           15
 **********
 PARAMETER   15  IS CONSTANT.   IGNORED.
 **********
 **   23 **FIX           16
 **********
 **********
 **   24 **MIGRAD
 **********
 START MIGRAD MINIMIZATION.  STRATEGY  1.  CONVERGENCE WHEN EDM .LT. 1.00e-04
 FCN=607.154 FROM MIGRAD    STATUS=INITIATE       28 CALLS        1350 TOTAL
                     EDM= unknown      STRATEGY= 1      NO ERROR MATRIX       
  EXT PARAMETER               CURRENT GUESS       STEP         FIRST   
  NO.   NAME      VALUE            ERROR          SIZE      DERIVATIVE 
   1  N0           2.93819e+06   4.74095e+02   2.40221e+01   1.06672e-04
   2  tau          6.44050e+01   constant   
   3  A0           3.51758e-01   2.07758e-04   1.04817e-05   1.34753e+02
   4  phi          4.11499e+00   6.26088e-04  -2.58825e-07  -3.29634e+01
   5  R           -6.11922e+01   constant   
   6  alpha_CBO    0.00000e+00   1.00000e-03   1.00000e-03  -1.49401e+05
   7  w_CBO        2.32500e+00   constant   
   8  beta_CBO     0.00000e+00     fixed    
   9  alpha_2CBO   0.00000e+00     fixed    
  10  beta_2CBO    0.00000e+00   1.00000e-03   1.00000e-03  -1.53657e+03
  11  alpha_y      0.00000e+00     fixed    
  12  w_y          1.38860e+01   constant   
  13  beta_y       0.00000e+00   1.00000e-03   1.00000e-03  -1.77474e+04
  14  alpha_vw     0.00000e+00     fixed    
  15  w_vw         1.43404e+01   constant   
  16  beta_vw      0.00000e+00     fixed    
  17  LM           1.41693e-04   constant   
  18  zeta_y       0.00000e+00   constant   
  19  zeta_vw      0.00000e+00   constant   
  20  T_CBO        2.13503e+01   2.11860e+00  -1.78916e-03   3.43302e+01
  21  alpha_A0    -5.12975e+00   4.48323e+00  -8.49921e-01  -4.61686e-03
  22  beta_A0      5.09745e+00   4.44398e+00   8.42385e-01   1.05750e-01
  23  alpha_phi    1.68145e+00   1.47566e+00   2.79739e-01   4.75968e-02
  24  beta_phi    -4.57494e+00   3.98890e+00  -7.56169e-01   7.20568e-02
 CALL LIMIT EXCEEDED IN MIGRAD.
 MIGRAD TERMINATED WITHOUT CONVERGENCE.
 FCN=283.489 FROM MIGRAD    STATUS=CALL LIMIT   1930 CALLS        3252 TOTAL
                     EDM=0.00343348    STRATEGY= 1  ERROR MATRIX UNCERTAINTY  23.6 per cent
  EXT PARAMETER                APPROXIMATE        STEP         FIRST   
  NO.   NAME      VALUE            ERROR          SIZE      DERIVATIVE 
   1  N0           2.93835e+06   4.82382e+02  -9.34109e-01   4.17887e-05
   2  tau          6.44050e+01   constant   
   3  A0           3.52099e-01   2.03792e-04   1.52139e-06  -5.99691e+01
   4  phi          4.11699e+00   6.32986e-04   1.88410e-06   4.45846e-01
   5  R           -6.11922e+01   constant   
   6  alpha_CBO    4.26925e-03   2.33125e-04   2.03196e-07   8.75040e+00
   7  w_CBO        2.32500e+00   constant   
   8  beta_CBO     0.00000e+00     fixed    
   9  alpha_2CBO   0.00000e+00     fixed    
  10  beta_2CBO   -2.05050e-06   2.16182e-04   1.43193e-07  -1.88300e+02
  11  alpha_y      0.00000e+00     fixed    
  12  w_y          1.38860e+01   constant   
  13  beta_y       4.77777e-04   2.21807e-04   4.56569e-08   8.67410e+01
  14  alpha_vw     0.00000e+00     fixed    
  15  w_vw         1.43404e+01   constant   
  16  beta_vw      0.00000e+00     fixed    
  17  LM           1.41693e-04   constant   
  18  zeta_y       0.00000e+00   constant   
  19  zeta_vw      0.00000e+00   constant   
  20  T_CBO        1.29245e+01   2.56051e+00  -1.05930e-03  -3.15822e+01
  21  alpha_A0    -8.91036e+01   2.29374e+02  -1.04660e+01  -1.65362e-04
  22  beta_A0      1.19448e+03   2.89498e+03   1.30285e+02  -7.13508e-05
  23  alpha_phi    1.63295e+03   3.80051e+03   1.72762e+02   1.72729e-05
  24  beta_phi    -5.63600e+02   1.23019e+03  -5.66836e+01   5.22283e-04
 EXTERNAL ERROR MATRIX.    NDIM=  25    NPAR= 11    ERR DEF=1
  2.327e+05 
  1.169e-02  4.153e-08 
  5.083e-02 -1.107e-09  4.007e-07 
  1.441e-03  3.311e-09  2.221e-08  5.435e-08 
 -3.610e-03  2.404e-10 -7.447e-09 -2.749e-10  4.673e-08 
  4.837e-04  1.271e-09  4.187e-09  1.342e-09  3.221e-09  4.920e-08 
  2.377e+01 -5.016e-05 -4.103e-05  1.705e-05  4.509e-05 -3.102e-05  6.557e+00 
 -4.426e+02 -4.287e-03 -6.086e-03  1.189e-03  5.794e-03 -3.470e-03  5.860e+02  5.261e+04 
  2.416e+03  6.123e-02  9.212e-02 -1.135e-02 -5.900e-02  3.925e-02 -7.383e+03 -6.623e+05  8.381e+06 
  6.975e+03  7.513e-02  1.072e-01 -1.698e-02 -8.839e-02  5.509e-02 -9.710e+03 -8.713e+05  1.099e+07  1.444e+07 
 -4.881e+03 -2.088e-02 -2.602e-02  6.879e-03  3.521e-02 -1.997e-02  3.137e+03  2.817e+05 -3.531e+06 -4.658e+06  1.513e+06 
ERR MATRIX APPROXIMATE
 PARAMETER  CORRELATION COEFFICIENTS  
       NO.  GLOBAL      1      3      4      6     10     13     20     21     22     23     24
        1  0.51133   1.000  0.119  0.166  0.013 -0.035  0.005  0.019 -0.004  0.002  0.004 -0.008
        3  0.29431   0.119  1.000 -0.009  0.070  0.005  0.028 -0.096 -0.092  0.104  0.097 -0.083
        4  0.33298   0.166 -0.009  1.000  0.151 -0.054  0.030 -0.025 -0.042  0.050  0.045 -0.033
        6  0.27862   0.013  0.070  0.151  1.000 -0.005  0.026  0.029  0.022 -0.017 -0.019  0.024
       10  0.66413  -0.035  0.005 -0.054 -0.005  1.000  0.067  0.081  0.117 -0.094 -0.108  0.132
       13  0.37213   0.005  0.028  0.030  0.026  0.067  1.000 -0.055 -0.068  0.061  0.065 -0.073
       20  0.99902   0.019 -0.096 -0.025  0.029  0.081 -0.055  1.000  0.998 -0.996 -0.998  0.996
       21  0.99991  -0.004 -0.092 -0.042  0.022  0.117 -0.068  0.998  1.000 -0.997 -1.000  0.998
       22  1.00000   0.002  0.104  0.050 -0.017 -0.094  0.061 -0.996 -0.997  1.000  0.999 -0.992
       23  1.00000   0.004  0.097  0.045 -0.019 -0.108  0.065 -0.998 -1.000  0.999  1.000 -0.996
       24  0.99999  -0.008 -0.083 -0.033  0.024  0.132 -0.073  0.996  0.998 -0.992 -0.996  1.000
 ERR MATRIX APPROXIMATE
MINUIT - FIT ONLY 2-CBO
 **********
 **   25 **RES 
 **********
                   PARAMETER   16  beta_vw RESTORED TO VARIABLE.
                   PARAMETER   14  alpha_vw RESTORED TO VARIABLE.
                   PARAMETER   11  alpha_y RESTORED TO VARIABLE.
                   PARAMETER    9  alpha_2CBO RESTORED TO VARIABLE.
                   PARAMETER    8  beta_CBO RESTORED TO VARIABLE.
 **********
 **   26 **FIX            0
 **********
 PARAMETER    0  IS UNDEFINED. IGNORED.
 **********
 **   27 **FIX            1
 **********
 **********
 **   28 **FIX            2
 **********
 PARAMETER    2  IS CONSTANT.   IGNORED.
 **********
 **   29 **FIX            3
 **********
 **********
 **   30 **FIX            4
 **********
 **********
 **   31 **FIX            5
 **********
 PARAMETER    5  IS CONSTANT.   IGNORED.
 **********
 **   32 **FIX            6
 **********
 **********
 **   33 **FIX            7
 **********
 PARAMETER    7  IS CONSTANT.   IGNORED.
 **********
 **   34 **FIX           10
 **********
 **********
 **   35 **FIX           11
 **********
 **********
 **   36 **FIX           12
 **********
 PARAMETER   12  IS CONSTANT.   IGNORED.
 **********
 **   37 **FIX           13
 **********
 **********
 **   38 **FIX           14
 **********
 **********
 **   39 **FIX           15
 **********
 PARAMETER   15  IS CONSTANT.   IGNORED.
 **********
 **   40 **FIX           16
 **********
 **********
 **   41 **MIGRAD
 **********
 START MIGRAD MINIMIZATION.  STRATEGY  1.  CONVERGENCE WHEN EDM .LT. 1.00e-04
 FCN=283.489 FROM MIGRAD    STATUS=INITIATE       18 CALLS        3270 TOTAL
                     EDM= unknown      STRATEGY= 1      NO ERROR MATRIX       
  EXT PARAMETER               CURRENT GUESS       STEP         FIRST   
  NO.   NAME      VALUE            ERROR          SIZE      DERIVATIVE 
   1  N0           2.93835e+06     fixed    
   2  tau          6.44050e+01   constant   
   3  A0           3.52099e-01     fixed    
   4  phi          4.11699e+00     fixed    
   5  R           -6.11922e+01   constant   
   6  alpha_CBO    4.26925e-03     fixed    
   7  w_CBO        2.32500e+00   constant   
   8  beta_CBO     0.00000e+00   1.00000e-03   1.00000e-03   1.24398e+05
   9  alpha_2CBO   0.00000e+00   1.00000e-03   1.00000e-03  -1.31790e+04
  10  beta_2CBO   -2.05050e-06     fixed    
  11  alpha_y      0.00000e+00     fixed    
  12  w_y          1.38860e+01   constant   
  13  beta_y       4.77777e-04     fixed    
  14  alpha_vw     0.00000e+00     fixed    
  15  w_vw         1.43404e+01   constant   
  16  beta_vw      0.00000e+00     fixed    
  17  LM           1.41693e-04   constant   
  18  zeta_y       0.00000e+00   constant   
  19  zeta_vw      0.00000e+00   constant   
  20  T_CBO        1.29245e+01   2.56051e+00  -1.05930e-03  -3.15822e+01
  21  alpha_A0    -8.91036e+01   2.29374e+02  -1.04660e+01  -1.65362e-04
  22  beta_A0      1.19448e+03   2.89498e+03   1.30285e+02  -7.13508e-05
  23  alpha_phi    1.63295e+03   3.80051e+03   1.72762e+02   1.72729e-05
  24  beta_phi    -5.63600e+02   1.23019e+03  -5.66836e+01   5.22283e-04
 CALL LIMIT EXCEEDED IN MIGRAD.
 MIGRAD TERMINATED WITHOUT CONVERGENCE.
 FCN=77.2191 FROM MIGRAD    STATUS=CALL LIMIT   1155 CALLS        4407 TOTAL
                     EDM=0.0287259    STRATEGY= 1  ERROR MATRIX UNCERTAINTY  18.1 per cent
  EXT PARAMETER                APPROXIMATE        STEP         FIRST   
  NO.   NAME      VALUE            ERROR          SIZE      DERIVATIVE 
   1  N0           2.93835e+06     fixed    
   2  tau          6.44050e+01   constant   
   3  A0           3.52099e-01     fixed    
   4  phi          4.11699e+00     fixed    
   5  R           -6.11922e+01   constant   
   6  alpha_CBO    4.26925e-03     fixed    
   7  w_CBO        2.32500e+00   constant   
   8  beta_CBO    -3.28420e-03   2.26536e-04  -5.48881e-06  -4.02893e+01
   9  alpha_2CBO   2.14872e-04   2.29564e-04   5.74877e-06  -7.91076e+01
  10  beta_2CBO   -2.05050e-06     fixed    
  11  alpha_y      0.00000e+00     fixed    
  12  w_y          1.38860e+01   constant   
  13  beta_y       4.77777e-04     fixed    
  14  alpha_vw     0.00000e+00     fixed    
  15  w_vw         1.43404e+01   constant   
  16  beta_vw      0.00000e+00     fixed    
  17  LM           1.41693e-04   constant   
  18  zeta_y       0.00000e+00   constant   
  19  zeta_vw      0.00000e+00   constant   
  20  T_CBO        1.99163e+01   2.80739e+00   7.41326e-04  -2.00374e+01
  21  alpha_A0     7.49527e-01   5.74369e+00   2.99639e-01   2.68012e-02
  22  beta_A0     -1.19221e+00   9.54830e+00   6.71196e-02   1.23780e-02
  23  alpha_phi    1.30382e+01   1.95142e+01  -6.77742e-01  -8.98734e-03
  24  beta_phi    -1.39061e+01   1.96349e+01   3.09277e-01   4.10329e-03
 EXTERNAL ERROR MATRIX.    NDIM=  25    NPAR=  7    ERR DEF=1
  5.132e-08 -3.021e-09 -2.167e-05 -6.220e-05  4.133e-04  2.241e-04 -5.047e-05 
 -3.021e-09  5.270e-08  2.267e-06  2.336e-04 -3.897e-04  3.965e-05  2.278e-04 
 -2.167e-05  2.267e-06  7.883e+00  7.486e+00  6.572e+00 -5.260e+01  5.315e+01 
 -6.220e-05  2.336e-04  7.486e+00  3.299e+01 -2.294e+01 -4.550e+01  5.954e+01 
  4.133e-04 -3.897e-04  6.572e+00 -2.294e+01  9.117e+01 -3.495e+01  2.187e+01 
  2.241e-04  3.965e-05 -5.260e+01 -4.550e+01 -3.495e+01  3.808e+02 -3.575e+02 
 -5.047e-05  2.278e-04  5.315e+01  5.954e+01  2.187e+01 -3.575e+02  3.855e+02 
ERR MATRIX APPROXIMATE
 PARAMETER  CORRELATION COEFFICIENTS  
       NO.  GLOBAL      8      9     20     21     22     23     24
        8  0.31059   1.000 -0.058 -0.034 -0.048  0.191  0.051 -0.011
        9  0.24445  -0.058  1.000  0.004  0.177 -0.178  0.009  0.051
       20  0.98587  -0.034  0.004  1.000  0.464  0.245 -0.960  0.964
       21  0.76559  -0.048  0.177  0.464  1.000 -0.418 -0.406  0.528
       22  0.75986   0.191 -0.178  0.245 -0.418  1.000 -0.188  0.117
       23  0.96629   0.051  0.009 -0.960 -0.406 -0.188  1.000 -0.933
       24  0.97375  -0.011  0.051  0.964  0.528  0.117 -0.933  1.000
 ERR MATRIX APPROXIMATE
MINUIT - FIT wiggle + 1-CBO + 2-CBO
 **********
 **   42 **RES 
 **********
                   PARAMETER   16  beta_vw RESTORED TO VARIABLE.
                   PARAMETER   14  alpha_vw RESTORED TO VARIABLE.
                   PARAMETER   13  beta_y RESTORED TO VARIABLE.
                   PARAMETER   11  alpha_y RESTORED TO VARIABLE.
                   PARAMETER   10  beta_2CBO RESTORED TO VARIABLE.
                   PARAMETER    6  alpha_CBO RESTORED TO VARIABLE.
                   PARAMETER    4  phi RESTORED TO VARIABLE.
                   PARAMETER    3  A0 RESTORED TO VARIABLE.
                   PARAMETER    1  N0 RESTORED TO VARIABLE.
 **********
 **   43 **FIX           10
 **********
 **********
 **   44 **FIX           11
 **********
 **********
 **   45 **FIX           12
 **********
 PARAMETER   12  IS CONSTANT.   IGNORED.
 **********
 **   46 **FIX           13
 **********
 **********
 **   47 **FIX           14
 **********
 **********
 **   48 **FIX           15
 **********
 PARAMETER   15  IS CONSTANT.   IGNORED.
 **********
 **   49 **FIX           16
 **********
 **********
 **   50 **MIGRAD
 **********
 START MIGRAD MINIMIZATION.  STRATEGY  1.  CONVERGENCE WHEN EDM .LT. 1.00e-04
 FCN=77.2191 FROM MIGRAD    STATUS=INITIATE       22 CALLS        4429 TOTAL
                     EDM= unknown      STRATEGY= 1      NO ERROR MATRIX       
  EXT PARAMETER               CURRENT GUESS       STEP         FIRST   
  NO.   NAME      VALUE            ERROR          SIZE      DERIVATIVE 
   1  N0           2.93835e+06   4.82382e+02   4.82382e+02  -1.83048e-03
   2  tau          6.44050e+01   constant   
   3  A0           3.52099e-01   2.03792e-04   2.03792e-04  -2.31337e+04
   4  phi          4.11699e+00   6.32986e-04   6.32986e-04   7.72929e+03
   5  R           -6.11922e+01   constant   
   6  alpha_CBO    4.26925e-03   2.33125e-04   2.33125e-04  -1.07945e+03
   7  w_CBO        2.32500e+00   constant   
   8  beta_CBO    -3.28420e-03   2.26536e-04  -5.48881e-06  -4.02893e+01
   9  alpha_2CBO   2.14872e-04   2.29564e-04   5.74877e-06  -7.91076e+01
  10  beta_2CBO   -2.05050e-06     fixed    
  11  alpha_y      0.00000e+00     fixed    
  12  w_y          1.38860e+01   constant   
  13  beta_y       4.77777e-04     fixed    
  14  alpha_vw     0.00000e+00     fixed    
  15  w_vw         1.43404e+01   constant   
  16  beta_vw      0.00000e+00     fixed    
  17  LM           1.41693e-04   constant   
  18  zeta_y       0.00000e+00   constant   
  19  zeta_vw      0.00000e+00   constant   
  20  T_CBO        1.99163e+01   2.80739e+00   7.41326e-04  -2.00374e+01
  21  alpha_A0     7.49527e-01   5.74369e+00   2.99639e-01   2.68012e-02
  22  beta_A0     -1.19221e+00   9.54830e+00   6.71196e-02   1.23780e-02
  23  alpha_phi    1.30382e+01   1.95142e+01  -6.77742e-01  -8.98734e-03
  24  beta_phi    -1.39061e+01   1.96349e+01   3.09277e-01   4.10329e-03
 MIGRAD MINIMIZATION HAS CONVERGED.
 MIGRAD WILL VERIFY CONVERGENCE AND ERROR MATRIX.
 FCN=63.4775 FROM HESSE     STATUS=NOT POSDEF    100 CALLS        4672 TOTAL
                     EDM=0.00123035    STRATEGY= 1      ERR MATRIX NOT POS-DEF
  EXT PARAMETER                APPROXIMATE        STEP         FIRST   
  NO.   NAME      VALUE            ERROR          SIZE      DERIVATIVE 
   1  N0           2.93863e+06   5.05625e+02   1.84139e+00  -2.14448e-06
   2  tau          6.44050e+01   constant   
   3  A0           3.52680e-01   2.12758e-04   7.93138e-07   9.34086e-01
   4  phi          4.11523e+00   6.62972e-04   2.41449e-06  -2.58132e-01
   5  R           -6.11922e+01   constant   
   6  alpha_CBO    4.24699e-03   2.38974e-04   9.04711e-07   2.24467e+00
   7  w_CBO        2.32500e+00   constant   
   8  beta_CBO    -3.50726e-03   2.37070e-04   8.74392e-07  -3.03731e+00
   9  alpha_2CBO   2.43677e-04   2.33228e-04   8.92612e-07   2.95613e+00
  10  beta_2CBO   -2.05050e-06     fixed    
  11  alpha_y      0.00000e+00     fixed    
  12  w_y          1.38860e+01   constant   
  13  beta_y       4.77777e-04     fixed    
  14  alpha_vw     0.00000e+00     fixed    
  15  w_vw         1.43404e+01   constant   
  16  beta_vw      0.00000e+00     fixed    
  17  LM           1.41693e-04   constant   
  18  zeta_y       0.00000e+00   constant   
  19  zeta_vw      0.00000e+00   constant   
  20  T_CBO        1.98701e+01   7.81241e+00   1.46338e-05   5.80222e-01
  21  alpha_A0     4.26536e+00   1.55201e+01   1.83301e-02  -2.05209e-04
  22  beta_A0     -3.47475e+00   1.22445e+01   1.93633e-02   1.66674e-04
  23  alpha_phi    1.14151e+01   3.90726e+01   1.84836e-02  -3.36082e-04
  24  beta_phi    -1.42713e+01   4.82207e+01   1.60007e-02   4.09344e-04
 CALL LIMIT EXCEEDED IN MIGRAD.
 MIGRAD TERMINATED WITHOUT CONVERGENCE.
 FCN=63.435 FROM MIGRAD    STATUS=CALL LIMIT   1909 CALLS        6316 TOTAL
                     EDM=0.000502901    STRATEGY= 1      ERR MATRIX NOT POS-DEF
  EXT PARAMETER                APPROXIMATE        STEP         FIRST   
  NO.   NAME      VALUE            ERROR          SIZE      DERIVATIVE 
   1  N0           2.93865e+06   5.03905e+02  -3.19219e-01   1.60364e-05
   2  tau          6.44050e+01   constant   
   3  A0           3.52691e-01   2.12217e-04   3.49291e-08  -2.19223e+00
   4  phi          4.11518e+00   6.48269e-04  -1.34535e-06  -3.88146e+00
   5  R           -6.11922e+01   constant   
   6  alpha_CBO    4.24484e-03   2.35654e-04  -5.40437e-07   3.22473e+01
   7  w_CBO        2.32500e+00   constant   
   8  beta_CBO    -3.50793e-03   2.37722e-04   9.18902e-08  -2.44616e+01
   9  alpha_2CBO   2.43256e-04   2.28527e-04  -2.09225e-07   1.50583e+01
  10  beta_2CBO   -2.05050e-06     fixed    
  11  alpha_y      0.00000e+00     fixed    
  12  w_y          1.38860e+01   constant   
  13  beta_y       4.77777e-04     fixed    
  14  alpha_vw     0.00000e+00     fixed    
  15  w_vw         1.43404e+01   constant   
  16  beta_vw      0.00000e+00     fixed    
  17  LM           1.41693e-04   constant   
  18  zeta_y       0.00000e+00   constant   
  19  zeta_vw      0.00000e+00   constant   
  20  T_CBO        1.45645e+01   5.04808e+00  -4.85812e-04  -1.07950e+01
  21  alpha_A0     1.02766e+02   4.11645e+02   4.55567e+00  -2.63071e-05
  22  beta_A0     -6.62491e+01   2.42153e+02  -2.77026e+00   8.97915e-06
  23  alpha_phi    2.64301e+02   1.03470e+03   1.17117e+01  -9.07217e-05
  24  beta_phi    -3.23566e+02   1.25892e+03  -1.43465e+01   2.83393e-04
 EXTERNAL ERROR MATRIX.    NDIM=  25    NPAR= 11    ERR DEF=1
  2.539e+05 
  1.912e-02  4.504e-08 
  3.458e-02 -8.767e-09  4.203e-07 
  3.952e-04  3.419e-09  2.676e-08  5.553e-08 
 -5.433e-03 -9.254e-09  2.336e-08  3.561e-10  5.651e-08 
  3.238e-03 -1.395e-09 -3.344e-09 -3.415e-09  3.005e-09  5.222e-08 
 -1.365e+02 -8.284e-05  3.426e-04 -3.705e-06  5.750e-06 -2.304e-05  2.550e+01 
  1.595e+04  8.204e-03 -2.748e-02  2.307e-03  1.303e-04  3.422e-03 -2.054e+03  1.695e+05 
 -7.048e+03 -3.741e-03  1.826e-02 -1.641e-04  1.610e-03 -9.519e-04  1.218e+03 -9.715e+04  5.864e+04 
  3.617e+04  1.833e-02 -7.153e-02  3.447e-03 -2.685e-03  6.125e-03 -5.217e+03  4.233e+05 -2.489e+05  1.071e+06 
 -4.168e+04 -2.096e-02  8.983e-02 -2.485e-03  5.576e-03 -5.806e-03  6.351e+03 -5.108e+05  3.043e+05 -1.300e+06  1.585e+06 
ERR MATRIX NOT POS-DEF
 PARAMETER  CORRELATION COEFFICIENTS  
       NO.  GLOBAL      1      3      4      6      8      9     20     21     22     23     24
        1  0.44560   1.000  0.179  0.106  0.003 -0.045  0.028 -0.054  0.077 -0.058  0.069 -0.066
        3  0.30319   0.179  1.000 -0.064  0.068 -0.183 -0.029 -0.077  0.094 -0.073  0.083 -0.078
        4  0.40126   0.106 -0.064  1.000  0.175  0.152 -0.023  0.105 -0.103  0.116 -0.107  0.110
        6  0.33056   0.003  0.068  0.175  1.000  0.006 -0.063 -0.003  0.024 -0.003  0.014 -0.008
        8  0.40864  -0.045 -0.183  0.152  0.006  1.000  0.055  0.005  0.001  0.028 -0.011  0.019
        9  0.20490   0.028 -0.029 -0.023 -0.063  0.055  1.000 -0.020  0.036 -0.017  0.026 -0.020
       20  0.99942  -0.054 -0.077  0.105 -0.003  0.005 -0.020  1.000 -0.988  0.996 -0.999  0.999
       21  0.99983   0.077  0.094 -0.103  0.024  0.001  0.036 -0.988  1.000 -0.975  0.994 -0.986
       22  0.99976  -0.058 -0.073  0.116 -0.003  0.028 -0.017  0.996 -0.975  1.000 -0.993  0.998
       23  0.99998   0.069  0.083 -0.107  0.014 -0.011  0.026 -0.999  0.994 -0.993  1.000 -0.998
       24  0.99997  -0.066 -0.078  0.110 -0.008  0.019 -0.020  0.999 -0.986  0.998 -0.998  1.000
 ERR MATRIX NOT POS-DEF
MINUIT - FIT ONLY 1-y
 **********
 **   51 **RES 
 **********
                   PARAMETER   16  beta_vw RESTORED TO VARIABLE.
                   PARAMETER   14  alpha_vw RESTORED TO VARIABLE.
                   PARAMETER   13  beta_y RESTORED TO VARIABLE.
                   PARAMETER   11  alpha_y RESTORED TO VARIABLE.
                   PARAMETER   10  beta_2CBO RESTORED TO VARIABLE.
 **********
 **   52 **FIX            0
 **********
 PARAMETER    0  IS UNDEFINED. IGNORED.
 **********
 **   53 **FIX            1
 **********
 **********
 **   54 **FIX            2
 **********
 PARAMETER    2  IS CONSTANT.   IGNORED.
 **********
 **   55 **FIX            3
 **********
 **********
 **   56 **FIX            4
 **********
 **********
 **   57 **FIX            5
 **********
 PARAMETER    5  IS CONSTANT.   IGNORED.
 **********
 **   58 **FIX            6
 **********
 **********
 **   59 **FIX            7
 **********
 PARAMETER    7  IS CONSTANT.   IGNORED.
 **********
 **   60 **FIX            8
 **********
 **********
 **   61 **FIX            9
 **********
 **********
 **   62 **FIX           13
 **********
 **********
 **   63 **FIX           14
 **********
 **********
 **   64 **FIX           15
 **********
 PARAMETER   15  IS CONSTANT.   IGNORED.
 **********
 **   65 **FIX           16
 **********
 **********
 **   66 **MIGRAD
 **********
 START MIGRAD MINIMIZATION.  STRATEGY  1.  CONVERGENCE WHEN EDM .LT. 1.00e-04
 FCN=63.435 FROM MIGRAD    STATUS=INITIATE       16 CALLS        6332 TOTAL
                     EDM= unknown      STRATEGY= 1      NO ERROR MATRIX       
  EXT PARAMETER               CURRENT GUESS       STEP         FIRST   
  NO.   NAME      VALUE            ERROR          SIZE      DERIVATIVE 
   1  N0           2.93865e+06     fixed    
   2  tau          6.44050e+01   constant   
   3  A0           3.52691e-01     fixed    
   4  phi          4.11518e+00     fixed    
   5  R           -6.11922e+01   constant   
   6  alpha_CBO    4.24484e-03     fixed    
   7  w_CBO        2.32500e+00   constant   
   8  beta_CBO    -3.50793e-03     fixed    
   9  alpha_2CBO   2.43256e-04     fixed    
  10  beta_2CBO   -2.05050e-06   2.16182e-04   2.16182e-04  -1.63864e+03
  11  alpha_y      0.00000e+00   1.00000e-03   1.00000e-03   3.98317e+03
  12  w_y          1.38860e+01   constant   
  13  beta_y       4.77777e-04     fixed    
  14  alpha_vw     0.00000e+00     fixed    
  15  w_vw         1.43404e+01   constant   
  16  beta_vw      0.00000e+00     fixed    
  17  LM           1.41693e-04   constant   
  18  zeta_y       0.00000e+00   constant   
  19  zeta_vw      0.00000e+00   constant   
  20  T_CBO        1.45645e+01   5.04808e+00  -4.85812e-04  -1.07950e+01
  21  alpha_A0     1.02766e+02   4.11645e+02   4.55567e+00  -2.63070e-05
  22  beta_A0     -6.62491e+01   2.42153e+02  -2.77026e+00   8.97910e-06
  23  alpha_phi    2.64301e+02   1.03470e+03   1.17117e+01  -9.07217e-05
  24  beta_phi    -3.23566e+02   1.25892e+03  -1.43465e+01   2.83393e-04
 MIGRAD MINIMIZATION HAS CONVERGED.
 MIGRAD WILL VERIFY CONVERGENCE AND ERROR MATRIX.
 FCN=63.193 FROM HESSE     STATUS=NOT POSDEF     50 CALLS        6444 TOTAL
                     EDM=0.000156214    STRATEGY= 1      ERR MATRIX NOT POS-DEF
  EXT PARAMETER                APPROXIMATE        STEP         FIRST   
  NO.   NAME      VALUE            ERROR          SIZE      DERIVATIVE 
   1  N0           2.93865e+06     fixed    
   2  tau          6.44050e+01   constant   
   3  A0           3.52691e-01     fixed    
   4  phi          4.11518e+00     fixed    
   5  R           -6.11922e+01   constant   
   6  alpha_CBO    4.24484e-03     fixed    
   7  w_CBO        2.32500e+00   constant   
   8  beta_CBO    -3.50793e-03     fixed    
   9  alpha_2CBO   2.43256e-04     fixed    
  10  beta_2CBO    4.10673e-05   2.31395e-04   8.83802e-07   1.23638e+00
  11  alpha_y     -1.03762e-04   2.28205e-04   8.93684e-07   8.64433e-01
  12  w_y          1.38860e+01   constant   
  13  beta_y       4.77777e-04     fixed    
  14  alpha_vw     0.00000e+00     fixed    
  15  w_vw         1.43404e+01   constant   
  16  beta_vw      0.00000e+00     fixed    
  17  LM           1.41693e-04   constant   
  18  zeta_y       0.00000e+00   constant   
  19  zeta_vw      0.00000e+00   constant   
  20  T_CBO        1.45631e+01   4.32838e+00   9.16187e-06   3.34438e-01
  21  alpha_A0     1.04533e+02   3.83732e+02   4.16619e-01  -1.35800e-06
  22  beta_A0     -6.45857e+01   2.38133e+02   4.42626e-01   2.16691e-06
  23  alpha_phi    2.62982e+02   9.26251e+02   4.19613e-01  -9.01151e-07
  24  beta_phi    -3.23902e+02   1.12544e+03   3.59410e-01   9.90606e-06
 MIGRAD MINIMIZATION HAS CONVERGED.
 MIGRAD WILL VERIFY CONVERGENCE AND ERROR MATRIX.
 FCN=63.1889 FROM MIGRAD    STATUS=CONVERGED     793 CALLS        7109 TOTAL
                     EDM=1.10622e-05    STRATEGY= 1      ERR MATRIX NOT POS-DEF
  EXT PARAMETER                APPROXIMATE        STEP         FIRST   
  NO.   NAME      VALUE            ERROR          SIZE      DERIVATIVE 
   1  N0           2.93865e+06     fixed    
   2  tau          6.44050e+01   constant   
   3  A0           3.52691e-01     fixed    
   4  phi          4.11518e+00     fixed    
   5  R           -6.11922e+01   constant   
   6  alpha_CBO    4.24484e-03     fixed    
   7  w_CBO        2.32500e+00   constant   
   8  beta_CBO    -3.50793e-03     fixed    
   9  alpha_2CBO   2.43256e-04     fixed    
  10  beta_2CBO    4.08566e-05   2.31522e-04   8.83775e-07  -2.57538e+00
  11  alpha_y     -1.03875e-04   2.28233e-04   8.93657e-07   3.20437e+00
  12  w_y          1.38860e+01   constant   
  13  beta_y       4.77777e-04     fixed    
  14  alpha_vw     0.00000e+00     fixed    
  15  w_vw         1.43404e+01   constant   
  16  beta_vw      0.00000e+00     fixed    
  17  LM           1.41693e-04   constant   
  18  zeta_y       0.00000e+00   constant   
  19  zeta_vw      0.00000e+00   constant   
  20  T_CBO        1.33346e+01   3.62648e+00   8.05314e-06  -1.95547e+00
  21  alpha_A0     3.09927e+02   1.13512e+03   1.18905e+00  -1.07625e-06
  22  beta_A0     -1.75766e+02   6.57203e+02   1.26523e+00   4.51551e-06
  23  alpha_phi    7.77444e+02   2.73304e+03   1.19678e+00  -5.30555e-06
  24  beta_phi    -9.49764e+02   3.29489e+03   1.02184e+00   1.38183e-05
 EXTERNAL ERROR MATRIX.    NDIM=  25    NPAR=  7    ERR DEF=1
  5.360e-08  3.191e-10 -2.875e-06  7.735e-03  6.860e-03 -1.121e-02  2.857e-04 
  3.191e-10  5.209e-08  2.145e-06 -3.050e-04  1.083e-03 -3.639e-03  1.259e-03 
 -2.875e-06  2.145e-06  1.316e+01 -3.954e+03  2.041e+03 -9.842e+03  1.191e+04 
  7.735e-03 -3.050e-04 -3.954e+03  1.288e+06 -6.129e+05  2.947e+06 -3.570e+06 
  6.860e-03  1.083e-03  2.041e+03 -6.129e+05  4.319e+05 -1.513e+06  1.835e+06 
 -1.121e-02 -3.639e-03 -9.842e+03  2.947e+06 -1.513e+06  7.470e+06 -8.923e+06 
  2.857e-04  1.259e-03  1.191e+04 -3.570e+06  1.835e+06 -8.923e+06  1.086e+07 
ERR MATRIX NOT POS-DEF
 PARAMETER  CORRELATION COEFFICIENTS  
       NO.  GLOBAL     10     11     20     21     22     23     24
       10  0.22505   1.000  0.006 -0.003  0.029  0.045 -0.018  0.000
       11  0.03343   0.006  1.000  0.003 -0.001  0.007 -0.006  0.002
       20  0.99790  -0.003  0.003  1.000 -0.960  0.856 -0.993  0.997
       21  0.96140   0.029 -0.001 -0.960  1.000 -0.822  0.950 -0.954
       22  0.86266   0.045  0.007  0.856 -0.822  1.000 -0.843  0.847
       23  0.99336  -0.018 -0.006 -0.993  0.950 -0.843  1.000 -0.991
       24  0.99668   0.000  0.002  0.997 -0.954  0.847 -0.991  1.000
 ERR MATRIX NOT POS-DEF
MINUIT - FIT ONLY 2-y
 **********
 **   67 **RES 
 **********
                   PARAMETER   16  beta_vw RESTORED TO VARIABLE.
                   PARAMETER   14  alpha_vw RESTORED TO VARIABLE.
                   PARAMETER   13  beta_y RESTORED TO VARIABLE.
                   PARAMETER    9  alpha_2CBO RESTORED TO VARIABLE.
                   PARAMETER    8  beta_CBO RESTORED TO VARIABLE.
                   PARAMETER    6  alpha_CBO RESTORED TO VARIABLE.
                   PARAMETER    4  phi RESTORED TO VARIABLE.
                   PARAMETER    3  A0 RESTORED TO VARIABLE.
                   PARAMETER    1  N0 RESTORED TO VARIABLE.
 **********
 **   68 **FIX            0
 **********
 PARAMETER    0  IS UNDEFINED. IGNORED.
 **********
 **   69 **FIX            1
 **********
 **********
 **   70 **FIX            2
 **********
 PARAMETER    2  IS CONSTANT.   IGNORED.
 **********
 **   71 **FIX            3
 **********
 **********
 **   72 **FIX            4
 **********
 **********
 **   73 **FIX            5
 **********
 PARAMETER    5  IS CONSTANT.   IGNORED.
 **********
 **   74 **FIX            6
 **********
 **********
 **   75 **FIX            7
 **********
 PARAMETER    7  IS CONSTANT.   IGNORED.
 **********
 **   76 **FIX            8
 **********
 **********
 **   77 **FIX            9
 **********
 **********
 **   78 **FIX           10
 **********
 **********
 **   79 **FIX           11
 **********
 **********
 **   80 **FIX           12
 **********
 PARAMETER   12  IS CONSTANT.   IGNORED.
 **********
 **   81 **FIX           16
 **********
 **********
 **   82 **MIGRAD
 **********
 START MIGRAD MINIMIZATION.  STRATEGY  1.  CONVERGENCE WHEN EDM .LT. 1.00e-04
 FCN=63.1889 FROM MIGRAD    STATUS=INITIATE       16 CALLS        7125 TOTAL
                     EDM= unknown      STRATEGY= 1      NO ERROR MATRIX       
  EXT PARAMETER               CURRENT GUESS       STEP         FIRST   
  NO.   NAME      VALUE            ERROR          SIZE      DERIVATIVE 
   1  N0           2.93865e+06     fixed    
   2  tau          6.44050e+01   constant   
   3  A0           3.52691e-01     fixed    
   4  phi          4.11518e+00     fixed    
   5  R           -6.11922e+01   constant   
   6  alpha_CBO    4.24484e-03     fixed    
   7  w_CBO        2.32500e+00   constant   
   8  beta_CBO    -3.50793e-03     fixed    
   9  alpha_2CBO   2.43256e-04     fixed    
  10  beta_2CBO    4.08566e-05     fixed    
  11  alpha_y     -1.03875e-04     fixed    
  12  w_y          1.38860e+01   constant   
  13  beta_y       4.77777e-04   2.21807e-04   2.21807e-04  -3.94229e+02
  14  alpha_vw     0.00000e+00   1.00000e-03   1.00000e-03   2.30238e+04
