 + ++++++++++++++++++++++++++++++++++++++++++++++++++++++++++++++++++++ +
 +                                                                      +
 +           You have chose to blind your fitting according to          +
 +                omega_ref * (1 + (R +/- deltaR) *10^{-6})             +
 +                                                                      +
 + ++++++++++++++++++++++++++++++++++++++++++++++++++++++++++++++++++++ +
In main()...
reading format from /gm2data/zkhechad/run45/envelope/formats/formatB_sBin_constraintOn.txt
pBinTau 	= 0  
pBinPhi 	= 0  
constraintau 	= 1 
includeMopTerm 	= 0    
constrainMop    = 0   
Parameters after format file: pBinTau 0 pBinPhi 0 constraintau 1 includeMopTerm 0 constrainMop 0 c_e_scale 0.000000 
Opening file /gm2data/tbarrett/gm2fr/studies/run23_bunch_corrections/CorrectedFourier_Run3b.root.
reading full fit data from /gm2data/zkhechad/cboTemplates/Run4CBOTemplates/fullFits/noRF/sBin_constraintOn_cE0.0_seed0_noRF_calo11.root
windowBins = 69
fitting sliding window 980 from bin 1116 at 166.358000 to bin 1185 at 176.802000 (69 bins)

Reading data from /gm2data/cornell/histograms/aMethod/histogram_a_noRF.root
 **********
 **    1 **SET PRINTOUT            1
 **********
 **********
 **    2 **SET NOWARNINGS 
 **********
 PARAMETER DEFINITIONS:
    NO.   NAME         VALUE      STEP SIZE      LIMITS
     1 N0           3.16093e+06  1.00000e+02     no limits
     2 tau          6.43989e+01  constant
     3 A0           3.42733e-01  1.00000e-04     no limits
     4 phi          4.11801e+00  1.00000e-02     no limits
     5 R           -6.14725e+01  constant
     6 alpha_CBO    0.00000e+00  1.00000e-03     no limits
     7 w_CBO        2.32500e+00  constant
     8 beta_CBO     0.00000e+00  1.00000e-03     no limits
     9 alpha_2CBO   0.00000e+00  1.00000e-03     no limits
    10 beta_2CBO    0.00000e+00  1.00000e-03     no limits
    11 alpha_y      0.00000e+00  1.00000e-03     no limits
    12 w_y          1.38860e+01  constant
    13 beta_y       0.00000e+00  1.00000e-03     no limits
    14 alpha_vw     0.00000e+00  1.00000e-03     no limits
    15 w_vw         1.43404e+01  constant
    16 beta_vw      0.00000e+00  1.00000e-03     no limits
    17 LM          -2.06090e-04  constant
    18 zeta_y       0.00000e+00  constant
    19 zeta_vw      0.00000e+00  constant
    20 T_CBO        1.00000e+02  1.00000e+00    0.00000e+00  1.00000e+03
    21 alpha_A0     0.00000e+00  1.00000e-03     no limits
    22 beta_A0      0.00000e+00  1.00000e-03     no limits
    23 alpha_phi    0.00000e+00  1.00000e-03     no limits
    24 beta_phi     0.00000e+00  1.00000e-03     no limits
MINUIT - FIT ONLY WIGGLE
 **********
 **    3 **FIX            5
 **********
 PARAMETER    5  IS CONSTANT.   IGNORED.
 **********
 **    4 **FIX            6
 **********
 **********
 **    5 **FIX            7
 **********
 PARAMETER    7  IS CONSTANT.   IGNORED.
 **********
 **    6 **FIX            8
 **********
 **********
 **    7 **FIX            9
 **********
 **********
 **    8 **FIX           10
 **********
 **********
 **    9 **FIX           11
 **********
 **********
 **   10 **FIX           12
 **********
 PARAMETER   12  IS CONSTANT.   IGNORED.
 **********
 **   11 **FIX           13
 **********
 **********
 **   12 **FIX           14
 **********
 **********
 **   13 **FIX           15
 **********
 PARAMETER   15  IS CONSTANT.   IGNORED.
 **********
 **   14 **FIX           16
 **********
 **********
 **   15 **MIGRAD
 **********
 FIRST CALL TO USER FUNCTION AT NEW START POINT, WITH IFLAG=4.
 START MIGRAD MINIMIZATION.  STRATEGY  1.  CONVERGENCE WHEN EDM .LT. 1.00e-04
 FCN=387.076 FROM MIGRAD    STATUS=INITIATE      437 CALLS         438 TOTAL
                     EDM= unknown      STRATEGY= 1      NO ERROR MATRIX       
  EXT PARAMETER               CURRENT GUESS       STEP         FIRST   
  NO.   NAME      VALUE            ERROR          SIZE      DERIVATIVE 
   1  N0           3.16093e+06   1.00000e+02   0.00000e+00  -4.45282e-03
   2  tau          6.43989e+01   constant   
   3  A0           3.42733e-01   1.00000e-04   0.00000e+00   1.50342e+04
   4  phi          4.11801e+00   1.00000e-02   0.00000e+00   1.26983e+04
   5  R           -6.14725e+01   constant   
   6  alpha_CBO    0.00000e+00     fixed    
   7  w_CBO        2.32500e+00   constant   
   8  beta_CBO     0.00000e+00     fixed    
   9  alpha_2CBO   0.00000e+00     fixed    
  10  beta_2CBO    0.00000e+00     fixed    
  11  alpha_y      0.00000e+00     fixed    
  12  w_y          1.38860e+01   constant   
  13  beta_y       0.00000e+00     fixed    
  14  alpha_vw     0.00000e+00     fixed    
  15  w_vw         1.43404e+01   constant   
  16  beta_vw      0.00000e+00     fixed    
  17  LM          -2.06090e-04   constant   
  18  zeta_y       0.00000e+00   constant   
  19  zeta_vw      0.00000e+00   constant   
  20  T_CBO        1.00000e+02   1.00000e+00   0.00000e+00   0.00000e+00
  21  alpha_A0     0.00000e+00   1.00000e-03   0.00000e+00   9.04337e+02
  22  beta_A0      0.00000e+00   1.00000e-03   0.00000e+00  -2.29647e+02
  23  alpha_phi    0.00000e+00   1.00000e-03   0.00000e+00  -1.93820e+02
  24  beta_phi     0.00000e+00   1.00000e-03   0.00000e+00  -1.99571e+02
 CALL LIMIT EXCEEDED IN MIGRAD.
 MIGRAD TERMINATED WITHOUT CONVERGENCE.
 FCN=364.762 FROM MIGRAD    STATUS=CALL LIMIT   1329 CALLS        1330 TOTAL
                     EDM=0.0077152    STRATEGY= 1  ERROR MATRIX UNCERTAINTY   4.9 per cent
  EXT PARAMETER                APPROXIMATE        STEP         FIRST   
  NO.   NAME      VALUE            ERROR          SIZE      DERIVATIVE 
   1  N0           3.16097e+06   5.00969e+02  -5.17148e+01  -2.28490e-04
   2  tau          6.43989e+01   constant   
   3  A0           3.42447e-01   2.05018e-04  -7.07118e-06  -7.54802e+01
   4  phi          4.11581e+00   6.30202e-04   1.01273e-05   4.56759e+01
   5  R           -6.14725e+01   constant   
   6  alpha_CBO    0.00000e+00     fixed    
   7  w_CBO        2.32500e+00   constant   
   8  beta_CBO     0.00000e+00     fixed    
   9  alpha_2CBO   0.00000e+00     fixed    
  10  beta_2CBO    0.00000e+00     fixed    
  11  alpha_y      0.00000e+00     fixed    
  12  w_y          1.38860e+01   constant   
  13  beta_y       0.00000e+00     fixed    
  14  alpha_vw     0.00000e+00     fixed    
  15  w_vw         1.43404e+01   constant   
  16  beta_vw      0.00000e+00     fixed    
  17  LM          -2.06090e-04   constant   
  18  zeta_y       0.00000e+00   constant   
  19  zeta_vw      0.00000e+00   constant   
  20  T_CBO        2.15963e+01   6.33874e+00  -4.48478e-03  -1.26389e+01
  21  alpha_A0    -5.04655e+00   9.78428e+00  -9.99869e-01   7.67285e-02
  22  beta_A0      8.31488e-01   1.59891e+00   1.63361e-01   3.34583e-02
  23  alpha_phi    1.26353e+00   2.44338e+00   2.49667e-01  -2.51616e-02
  24  beta_phi     2.44154e-01   4.61075e-01   4.71808e-02   1.65813e-01
 EXTERNAL ERROR MATRIX.    NDIM=  25    NPAR=  8    ERR DEF=1
  2.510e+05  1.621e-02  3.099e-02  6.035e+02  1.310e+03 -2.137e+02 -3.270e+02 -6.190e+01 
  1.621e-02  4.203e-08 -2.742e-09  8.658e-05  2.132e-04 -3.479e-05 -5.327e-05 -9.993e-06 
  3.099e-02 -2.742e-09  3.972e-07 -2.413e-04 -6.141e-04  1.006e-04  1.535e-04  2.894e-05 
  6.035e+02  8.658e-05 -2.413e-04  4.021e+01  6.056e+01 -9.897e+00 -1.512e+01 -2.854e+00 
  1.310e+03  2.132e-04 -6.141e-04  6.056e+01  9.573e+01 -1.564e+01 -2.391e+01 -4.511e+00 
 -2.137e+02 -3.479e-05  1.006e-04 -9.897e+00 -1.564e+01  2.557e+00  3.907e+00  7.372e-01 
 -3.270e+02 -5.327e-05  1.535e-04 -1.512e+01 -2.391e+01  3.907e+00  5.970e+00  1.127e+00 
 -6.190e+01 -9.993e-06  2.894e-05 -2.854e+00 -4.511e+00  7.372e-01  1.127e+00  2.126e-01 
ERR MATRIX APPROXIMATE
 PARAMETER  CORRELATION COEFFICIENTS  
       NO.  GLOBAL      1      3      4     20     21     22     23     24
        1  0.49063   1.000  0.158  0.098  0.190  0.267 -0.267 -0.267 -0.268
        3  0.22309   0.158  1.000 -0.021  0.067  0.106 -0.106 -0.106 -0.106
        4  0.29532   0.098 -0.021  1.000 -0.060 -0.100  0.100  0.100  0.100
       20  0.98119   0.190  0.067 -0.060  1.000  0.976 -0.976 -0.976 -0.976
       21  1.00000   0.267  0.106 -0.100  0.976  1.000 -1.000 -1.000 -1.000
       22  0.99999  -0.267 -0.106  0.100 -0.976 -1.000  1.000  1.000  1.000
       23  1.00000  -0.267 -0.106  0.100 -0.976 -1.000  1.000  1.000  1.000
       24  0.99994  -0.268 -0.106  0.100 -0.976 -1.000  1.000  1.000  1.000
 ERR MATRIX APPROXIMATE
MINUIT - FIT ONLY 1-CBO + wiggle
 **********
 **   16 **RES 
 **********
                   PARAMETER   16  beta_vw RESTORED TO VARIABLE.
                   PARAMETER   14  alpha_vw RESTORED TO VARIABLE.
                   PARAMETER   13  beta_y RESTORED TO VARIABLE.
                   PARAMETER   11  alpha_y RESTORED TO VARIABLE.
                   PARAMETER   10  beta_2CBO RESTORED TO VARIABLE.
                   PARAMETER    9  alpha_2CBO RESTORED TO VARIABLE.
                   PARAMETER    8  beta_CBO RESTORED TO VARIABLE.
                   PARAMETER    6  alpha_CBO RESTORED TO VARIABLE.
 **********
 **   17 **FIX            8
 **********
 **********
 **   18 **FIX            9
 **********
 **********
 **   19 **FIX           11
 **********
 **********
 **   20 **FIX           12
 **********
 PARAMETER   12  IS CONSTANT.   IGNORED.
 **********
 **   21 **FIX           14
 **********
 **********
 **   22 **FIX           15
 **********
 PARAMETER   15  IS CONSTANT.   IGNORED.
 **********
 **   23 **FIX           16
 **********
 **********
 **   24 **MIGRAD
 **********
 START MIGRAD MINIMIZATION.  STRATEGY  1.  CONVERGENCE WHEN EDM .LT. 1.00e-04
 FCN=364.762 FROM MIGRAD    STATUS=INITIATE       28 CALLS        1358 TOTAL
                     EDM= unknown      STRATEGY= 1      NO ERROR MATRIX       
  EXT PARAMETER               CURRENT GUESS       STEP         FIRST   
  NO.   NAME      VALUE            ERROR          SIZE      DERIVATIVE 
   1  N0           3.16097e+06   5.00969e+02  -5.17148e+01  -2.28490e-04
   2  tau          6.43989e+01   constant   
   3  A0           3.42447e-01   2.05018e-04  -7.07118e-06  -7.54802e+01
   4  phi          4.11581e+00   6.30202e-04   1.01273e-05   4.56759e+01
   5  R           -6.14725e+01   constant   
   6  alpha_CBO    0.00000e+00   1.00000e-03   1.00000e-03  -1.50534e+05
   7  w_CBO        2.32500e+00   constant   
   8  beta_CBO     0.00000e+00     fixed    
   9  alpha_2CBO   0.00000e+00     fixed    
  10  beta_2CBO    0.00000e+00   1.00000e-03   1.00000e-03  -1.38666e+04
  11  alpha_y      0.00000e+00     fixed    
  12  w_y          1.38860e+01   constant   
  13  beta_y       0.00000e+00   1.00000e-03   1.00000e-03  -1.45132e+04
  14  alpha_vw     0.00000e+00     fixed    
  15  w_vw         1.43404e+01   constant   
  16  beta_vw      0.00000e+00     fixed    
  17  LM          -2.06090e-04   constant   
  18  zeta_y       0.00000e+00   constant   
  19  zeta_vw      0.00000e+00   constant   
  20  T_CBO        2.15963e+01   6.33874e+00  -4.48478e-03  -1.26391e+01
  21  alpha_A0    -5.04655e+00   9.78428e+00  -9.99869e-01   7.67286e-02
  22  beta_A0      8.31488e-01   1.59891e+00   1.63361e-01   3.34583e-02
  23  alpha_phi    1.26353e+00   2.44338e+00   2.49667e-01  -2.51616e-02
  24  beta_phi     2.44154e-01   4.61075e-01   4.71808e-02   1.65813e-01
 CALL LIMIT EXCEEDED IN MIGRAD.
 MIGRAD TERMINATED WITHOUT CONVERGENCE.
 FCN=41.4742 FROM MIGRAD    STATUS=CALL LIMIT   1923 CALLS        3253 TOTAL
                     EDM=0.00457719    STRATEGY= 1  ERROR MATRIX UNCERTAINTY   0.1 per cent
  EXT PARAMETER                APPROXIMATE        STEP         FIRST   
  NO.   NAME      VALUE            ERROR          SIZE      DERIVATIVE 
   1  N0           3.16111e+06   4.94043e+02  -1.73654e-01   1.40312e-05
   2  tau          6.43989e+01   constant   
   3  A0           3.42733e-01   2.02199e-04  -2.50588e-06  -6.54746e+01
   4  phi          4.11772e+00   6.38863e-04  -3.57031e-06   8.41654e+00
   5  R           -6.14725e+01   constant   
   6  alpha_CBO    4.23185e-03   2.36797e-04   4.61089e-06   1.27725e+02
   7  w_CBO        2.32500e+00   constant   
   8  beta_CBO     0.00000e+00     fixed    
   9  alpha_2CBO   0.00000e+00     fixed    
  10  beta_2CBO    3.40518e-04   2.21831e-04  -6.82262e-07  -2.82540e+01
  11  alpha_y      0.00000e+00     fixed    
  12  w_y          1.38860e+01   constant   
  13  beta_y       3.88219e-04   2.23430e-04  -2.31499e-06  -6.36126e+01
  14  alpha_vw     0.00000e+00     fixed    
  15  w_vw         1.43404e+01   constant   
  16  beta_vw      0.00000e+00     fixed    
  17  LM          -2.06090e-04   constant   
  18  zeta_y       0.00000e+00   constant   
  19  zeta_vw      0.00000e+00   constant   
  20  T_CBO        4.81307e+01   2.53909e+01   4.40145e-03  -5.74077e+00
  21  alpha_A0    -5.97963e-03   3.62864e-02   4.05705e-04   1.69003e+00
  22  beta_A0      2.44385e-02   6.57896e-02  -3.22455e-03  -4.85198e-01
  23  alpha_phi    9.85907e-02   2.15311e-01  -7.57301e-03  -2.75720e+00
  24  beta_phi     2.11638e-02   6.60246e-02  -1.94085e-03  -6.47201e-01
 EXTERNAL ERROR MATRIX.    NDIM=  25    NPAR= 11    ERR DEF=1
  2.441e+05 
  1.277e-02  4.088e-08 
  4.117e-02 -1.101e-09  4.081e-07 
 -1.252e-03  2.152e-09  2.626e-08  5.607e-08 
 -6.644e-03  1.470e-10 -4.488e-09 -8.471e-10  4.921e-08 
  3.061e-04  5.641e-10  1.826e-09 -3.410e-10  1.515e-09  4.992e-08 
  1.902e+02 -5.561e-04 -7.407e-04  8.811e-04  4.019e-05 -4.200e-04  6.477e+02 
  1.935e+00  7.572e-07 -1.844e-06  1.168e-07  3.701e-07  4.296e-07  4.650e-01  1.317e-03 
  3.413e+00  8.038e-07  5.530e-06 -1.084e-06  4.583e-07  7.450e-07 -1.250e+00 -1.043e-03  4.328e-03 
  9.199e-01  4.374e-06  7.963e-06 -5.181e-06 -1.109e-06  2.829e-06 -5.440e+00 -3.470e-03  1.033e-02  4.636e-02 
 -5.061e+00  1.602e-06 -6.611e-07 -1.214e-06  5.281e-07  5.897e-07 -1.176e+00 -7.027e-04  1.357e-03  9.585e-03  4.359e-03 
ERR MATRIX APPROXIMATE
 PARAMETER  CORRELATION COEFFICIENTS  
       NO.  GLOBAL      1      3      4      6     10     13     20     21     22     23     24
        1  0.37230   1.000  0.128  0.130 -0.011 -0.061  0.003  0.015  0.108  0.105  0.009 -0.155
        3  0.41487   0.128  1.000 -0.009  0.045  0.003  0.012 -0.108  0.103  0.060  0.100  0.120
        4  0.28986   0.130 -0.009  1.000  0.174 -0.032  0.013 -0.046 -0.080  0.132  0.058 -0.016
        6  0.66144  -0.011  0.045  0.174  1.000 -0.016 -0.006  0.146  0.014 -0.070 -0.102 -0.078
       10  0.22932  -0.061  0.003 -0.032 -0.016  1.000  0.031  0.007  0.046  0.031 -0.023  0.036
       13  0.36239   0.003  0.012  0.013 -0.006  0.031  1.000 -0.074  0.053  0.051  0.059  0.040
       20  0.99843   0.015 -0.108 -0.046  0.146  0.007 -0.074  1.000  0.503 -0.747 -0.993 -0.700
       21  0.83341   0.108  0.103 -0.080  0.014  0.046  0.053  0.503  1.000 -0.437 -0.444 -0.293
       22  0.85735   0.105  0.060  0.132 -0.070  0.031  0.051 -0.747 -0.437  1.000  0.729  0.312
       23  0.99792   0.009  0.100  0.058 -0.102 -0.023  0.059 -0.993 -0.444  0.729  1.000  0.674
       24  0.85438  -0.155  0.120 -0.016 -0.078  0.036  0.040 -0.700 -0.293  0.312  0.674  1.000
 ERR MATRIX APPROXIMATE
MINUIT - FIT ONLY 2-CBO
 **********
 **   25 **RES 
 **********
                   PARAMETER   16  beta_vw RESTORED TO VARIABLE.
                   PARAMETER   14  alpha_vw RESTORED TO VARIABLE.
                   PARAMETER   11  alpha_y RESTORED TO VARIABLE.
                   PARAMETER    9  alpha_2CBO RESTORED TO VARIABLE.
                   PARAMETER    8  beta_CBO RESTORED TO VARIABLE.
 **********
 **   26 **FIX            0
 **********
 PARAMETER    0  IS UNDEFINED. IGNORED.
 **********
 **   27 **FIX            1
 **********
 **********
 **   28 **FIX            2
 **********
 PARAMETER    2  IS CONSTANT.   IGNORED.
 **********
 **   29 **FIX            3
 **********
 **********
 **   30 **FIX            4
 **********
 **********
 **   31 **FIX            5
 **********
 PARAMETER    5  IS CONSTANT.   IGNORED.
 **********
 **   32 **FIX            6
 **********
 **********
 **   33 **FIX            7
 **********
 PARAMETER    7  IS CONSTANT.   IGNORED.
 **********
 **   34 **FIX           10
 **********
 **********
 **   35 **FIX           11
 **********
 **********
 **   36 **FIX           12
 **********
 PARAMETER   12  IS CONSTANT.   IGNORED.
 **********
 **   37 **FIX           13
 **********
 **********
 **   38 **FIX           14
 **********
 **********
 **   39 **FIX           15
 **********
 PARAMETER   15  IS CONSTANT.   IGNORED.
 **********
 **   40 **FIX           16
 **********
 **********
 **   41 **MIGRAD
 **********
 START MIGRAD MINIMIZATION.  STRATEGY  1.  CONVERGENCE WHEN EDM .LT. 1.00e-04
 FCN=41.4742 FROM MIGRAD    STATUS=INITIATE       18 CALLS        3271 TOTAL
                     EDM= unknown      STRATEGY= 1      NO ERROR MATRIX       
  EXT PARAMETER               CURRENT GUESS       STEP         FIRST   
  NO.   NAME      VALUE            ERROR          SIZE      DERIVATIVE 
   1  N0           3.16111e+06     fixed    
   2  tau          6.43989e+01   constant   
   3  A0           3.42733e-01     fixed    
   4  phi          4.11772e+00     fixed    
   5  R           -6.14725e+01   constant   
   6  alpha_CBO    4.23185e-03     fixed    
   7  w_CBO        2.32500e+00   constant   
   8  beta_CBO     0.00000e+00   1.00000e-03   1.00000e-03   2.25119e+04
   9  alpha_2CBO   0.00000e+00   1.00000e-03   1.00000e-03   9.89741e+03
  10  beta_2CBO    3.40518e-04     fixed    
  11  alpha_y      0.00000e+00     fixed    
  12  w_y          1.38860e+01   constant   
  13  beta_y       3.88219e-04     fixed    
  14  alpha_vw     0.00000e+00     fixed    
  15  w_vw         1.43404e+01   constant   
  16  beta_vw      0.00000e+00     fixed    
  17  LM          -2.06090e-04   constant   
  18  zeta_y       0.00000e+00   constant   
  19  zeta_vw      0.00000e+00   constant   
  20  T_CBO        4.81307e+01   2.53909e+01   4.40145e-03  -5.74076e+00
  21  alpha_A0    -5.97963e-03   3.62864e-02   4.05705e-04   1.69003e+00
  22  beta_A0      2.44385e-02   6.57896e-02  -3.22455e-03  -4.85197e-01
  23  alpha_phi    9.85907e-02   2.15311e-01  -7.57301e-03  -2.75720e+00
  24  beta_phi     2.11638e-02   6.60246e-02  -1.94085e-03  -6.47201e-01
 CALL LIMIT EXCEEDED IN MIGRAD.
 MIGRAD TERMINATED WITHOUT CONVERGENCE.
 FCN=33.1571 FROM MIGRAD    STATUS=CALL LIMIT   1150 CALLS        4403 TOTAL
                     EDM=0.000908129    STRATEGY= 1  ERROR MATRIX UNCERTAINTY  29.6 per cent
  EXT PARAMETER                APPROXIMATE        STEP         FIRST   
  NO.   NAME      VALUE            ERROR          SIZE      DERIVATIVE 
   1  N0           3.16111e+06     fixed    
   2  tau          6.43989e+01   constant   
   3  A0           3.42733e-01     fixed    
   4  phi          4.11772e+00     fixed    
   5  R           -6.14725e+01   constant   
   6  alpha_CBO    4.23185e-03     fixed    
   7  w_CBO        2.32500e+00   constant   
   8  beta_CBO    -5.94163e-04   2.17469e-04   9.02717e-07   4.97331e+01
   9  alpha_2CBO  -2.89119e-04   2.23365e-04  -9.46064e-07  -7.43148e+01
  10  beta_2CBO    3.40518e-04     fixed    
  11  alpha_y      0.00000e+00     fixed    
  12  w_y          1.38860e+01   constant   
  13  beta_y       3.88219e-04     fixed    
  14  alpha_vw     0.00000e+00     fixed    
  15  w_vw         1.43404e+01   constant   
  16  beta_vw      0.00000e+00     fixed    
  17  LM          -2.06090e-04   constant   
  18  zeta_y       0.00000e+00   constant   
  19  zeta_vw      0.00000e+00   constant   
  20  T_CBO        7.51437e+02   7.30452e+02   1.56336e-01  -1.79219e-02
  21  alpha_A0    -4.29913e-04   1.47643e-03   1.79015e-05  -5.99285e+00
  22  beta_A0      4.51817e-04   1.49563e-03  -1.79594e-05  -7.33313e+00
  23  alpha_phi    3.41092e-03   4.27346e-03  -1.04641e-04  -2.15042e+01
  24  beta_phi     1.95403e-04   1.06149e-03   1.26950e-05   1.39425e+01
 EXTERNAL ERROR MATRIX.    NDIM=  25    NPAR=  7    ERR DEF=1
  4.729e-08  1.770e-09  3.679e-02  8.135e-09  4.230e-08 -3.124e-08  3.445e-08 
  1.770e-09  4.989e-08 -4.705e-02  1.808e-08 -1.948e-08  6.987e-08  4.261e-08 
  3.679e-02 -4.705e-02  9.797e+06  1.967e+00 -1.989e+00 -1.301e+01 -1.916e-01 
  8.135e-09  1.808e-08  1.967e+00  2.180e-06 -4.348e-07 -2.568e-06 -8.410e-08 
  4.230e-08 -1.948e-08 -1.989e+00 -4.348e-07  2.237e-06  2.663e-06  1.256e-07 
 -3.124e-08  6.987e-08 -1.301e+01 -2.568e-06  2.663e-06  1.826e-05  3.771e-07 
  3.445e-08  4.261e-08 -1.916e-01 -8.410e-08  1.256e-07  3.771e-07  1.127e-06 
ERR MATRIX APPROXIMATE
 PARAMETER  CORRELATION COEFFICIENTS  
       NO.  GLOBAL      8      9     20     21     22     23     24
        8  0.23800   1.000  0.036  0.054  0.025  0.130 -0.034  0.149
        9  0.23913   0.036  1.000 -0.067  0.055 -0.058  0.073  0.180
       20  0.97361   0.054 -0.067  1.000  0.426 -0.425 -0.972 -0.058
       21  0.43720   0.025  0.055  0.426  1.000 -0.197 -0.407 -0.054
       22  0.46380   0.130 -0.058 -0.425 -0.197  1.000  0.417  0.079
       23  0.97281  -0.034  0.073 -0.972 -0.407  0.417  1.000  0.083
       24  0.26582   0.149  0.180 -0.058 -0.054  0.079  0.083  1.000
 ERR MATRIX APPROXIMATE
MINUIT - FIT wiggle + 1-CBO + 2-CBO
 **********
 **   42 **RES 
 **********
                   PARAMETER   16  beta_vw RESTORED TO VARIABLE.
                   PARAMETER   14  alpha_vw RESTORED TO VARIABLE.
                   PARAMETER   13  beta_y RESTORED TO VARIABLE.
                   PARAMETER   11  alpha_y RESTORED TO VARIABLE.
                   PARAMETER   10  beta_2CBO RESTORED TO VARIABLE.
                   PARAMETER    6  alpha_CBO RESTORED TO VARIABLE.
                   PARAMETER    4  phi RESTORED TO VARIABLE.
                   PARAMETER    3  A0 RESTORED TO VARIABLE.
                   PARAMETER    1  N0 RESTORED TO VARIABLE.
 **********
 **   43 **FIX           10
 **********
 **********
 **   44 **FIX           11
 **********
 **********
 **   45 **FIX           12
 **********
 PARAMETER   12  IS CONSTANT.   IGNORED.
 **********
 **   46 **FIX           13
 **********
 **********
 **   47 **FIX           14
 **********
 **********
 **   48 **FIX           15
 **********
 PARAMETER   15  IS CONSTANT.   IGNORED.
 **********
 **   49 **FIX           16
 **********
 **********
 **   50 **MIGRAD
 **********
 START MIGRAD MINIMIZATION.  STRATEGY  1.  CONVERGENCE WHEN EDM .LT. 1.00e-04
 FCN=33.1571 FROM MIGRAD    STATUS=INITIATE       22 CALLS        4425 TOTAL
                     EDM= unknown      STRATEGY= 1      NO ERROR MATRIX       
  EXT PARAMETER               CURRENT GUESS       STEP         FIRST   
  NO.   NAME      VALUE            ERROR          SIZE      DERIVATIVE 
   1  N0           3.16111e+06   4.94043e+02   4.94043e+02   1.23590e-06
   2  tau          6.43989e+01   constant   
   3  A0           3.42733e-01   2.02199e-04   2.02199e-04  -4.04600e+03
   4  phi          4.11772e+00   6.38863e-04   6.38863e-04   1.13132e+03
   5  R           -6.14725e+01   constant   
   6  alpha_CBO    4.23185e-03   2.36797e-04   2.36797e-04  -5.53888e+02
   7  w_CBO        2.32500e+00   constant   
   8  beta_CBO    -5.94163e-04   2.17469e-04   9.02717e-07   4.97331e+01
   9  alpha_2CBO  -2.89119e-04   2.23365e-04  -9.46064e-07  -7.43148e+01
  10  beta_2CBO    3.40518e-04     fixed    
  11  alpha_y      0.00000e+00     fixed    
  12  w_y          1.38860e+01   constant   
  13  beta_y       3.88219e-04     fixed    
  14  alpha_vw     0.00000e+00     fixed    
  15  w_vw         1.43404e+01   constant   
  16  beta_vw      0.00000e+00     fixed    
  17  LM          -2.06090e-04   constant   
  18  zeta_y       0.00000e+00   constant   
  19  zeta_vw      0.00000e+00   constant   
  20  T_CBO        7.51437e+02   7.30452e+02   1.56336e-01  -1.79266e-02
  21  alpha_A0    -4.29913e-04   1.47643e-03   1.79015e-05  -5.99284e+00
  22  beta_A0      4.51817e-04   1.49563e-03  -1.79594e-05  -7.33313e+00
  23  alpha_phi    3.41092e-03   4.27346e-03  -1.04641e-04  -2.15042e+01
  24  beta_phi     1.95403e-04   1.06149e-03   1.26950e-05   1.39425e+01
 MIGRAD MINIMIZATION HAS CONVERGED.
 FCN=32.8012 FROM MIGRAD    STATUS=CONVERGED     368 CALLS        4771 TOTAL
                     EDM=3.0622e-06    STRATEGY= 1  ERROR MATRIX UNCERTAINTY   1.3 per cent
  EXT PARAMETER                                   STEP         FIRST   
  NO.   NAME      VALUE            ERROR          SIZE      DERIVATIVE 
   1  N0           3.16112e+06   4.98311e+02   8.40428e-02   1.28882e-06
   2  tau          6.43989e+01   constant   
   3  A0           3.42832e-01   2.11715e-04   2.34580e-08  -4.99098e+00
   4  phi          4.11745e+00   6.58524e-04   2.24074e-07  -1.26455e-01
   5  R           -6.14725e+01   constant   
   6  alpha_CBO    4.23933e-03   2.27914e-04  -1.20170e-07   6.40121e+00
   7  w_CBO        2.32500e+00   constant   
   8  beta_CBO    -6.30435e-04   2.30485e-04   3.07042e-08  -1.48039e+00
   9  alpha_2CBO  -2.84298e-04   2.24060e-04  -1.00938e-07   4.66263e+00
  10  beta_2CBO    3.40518e-04     fixed    
  11  alpha_y      0.00000e+00     fixed    
  12  w_y          1.38860e+01   constant   
  13  beta_y       3.88219e-04     fixed    
  14  alpha_vw     0.00000e+00     fixed    
  15  w_vw         1.43404e+01   constant   
  16  beta_vw      0.00000e+00     fixed    
  17  LM          -2.06090e-04   constant   
  18  zeta_y       0.00000e+00   constant   
  19  zeta_vw      0.00000e+00   constant   
  20  T_CBO        9.99951e+02   5.51029e+02   4.93649e-02  -7.34106e-05
  21  alpha_A0    -3.04029e-04   1.11747e-03   6.07063e-07   8.40753e-02
  22  beta_A0      3.40445e-04   1.15074e-03  -7.66000e-07  -8.01710e-02
  23  alpha_phi    3.14083e-03   1.05515e-03  -2.09945e-06  -2.50967e+00
  24  beta_phi     1.99316e-04   9.57570e-04  -4.67450e-07   4.05213e-01
 EXTERNAL ERROR MATRIX.    NDIM=  25    NPAR= 11    ERR DEF=1
  2.483e+05 
  9.257e-03  4.482e-08 
  1.310e-02 -1.358e-08  4.337e-07 
 -1.172e-03  1.077e-09  1.426e-08  5.194e-08 
 -1.417e-03 -1.096e-08  2.695e-08  1.552e-09  5.312e-08 
  3.216e-03  2.131e-09 -1.751e-09 -8.183e-10 -2.088e-09  5.020e-08 
  2.530e+03  3.590e-04  2.904e-03  4.261e-04  1.419e-04  1.638e-04  1.843e+04 
  3.481e-02  2.721e-08 -9.034e-08  1.288e-08 -2.671e-08  1.463e-08  7.453e-03  1.249e-06 
  9.573e-03 -1.423e-08  1.173e-07  1.005e-08  5.500e-08 -1.640e-08 -3.143e-03 -2.114e-08  1.324e-06 
  4.128e-02 -2.516e-08  1.201e-07  3.678e-08  2.248e-08  1.664e-08 -4.796e-02 -2.991e-08  8.978e-08  1.113e-06 
 -2.686e-02  1.197e-08  2.062e-09  4.525e-09  1.950e-08  6.007e-09 -4.538e-03 -4.714e-09 -3.351e-09 -6.576e-08  9.169e-07 
 PARAMETER  CORRELATION COEFFICIENTS  
       NO.  GLOBAL      1      3      4      6      8      9     20     21     22     23     24
        1  0.16934   1.000  0.088  0.040 -0.010 -0.012  0.029  0.037  0.063  0.017  0.079 -0.056
        3  0.29265   0.088  1.000 -0.097  0.022 -0.225  0.045  0.012  0.115 -0.058 -0.113  0.059
        4  0.30815   0.040 -0.097  1.000  0.095  0.178 -0.012  0.032 -0.123  0.155  0.173  0.003
        6  0.20265  -0.010  0.022  0.095  1.000  0.030 -0.016  0.014  0.051  0.038  0.153  0.021
        8  0.34919  -0.012 -0.225  0.178  0.030  1.000 -0.040  0.005 -0.104  0.207  0.092  0.088
        9  0.13789   0.029  0.045 -0.012 -0.016 -0.040  1.000  0.005  0.058 -0.064  0.070  0.028
       20  0.36866   0.037  0.012  0.032  0.014  0.005  0.005  1.000  0.049 -0.020 -0.335 -0.035
       21  0.20562   0.063  0.115 -0.123  0.051 -0.104  0.058  0.049  1.000 -0.016 -0.025 -0.004
       22  0.25150   0.017 -0.058  0.155  0.038  0.207 -0.064 -0.020 -0.016  1.000  0.074 -0.003
       23  0.44558   0.079 -0.113  0.173  0.153  0.092  0.070 -0.335 -0.025  0.074  1.000 -0.065
       24  0.16732  -0.056  0.059  0.003  0.021  0.088  0.028 -0.035 -0.004 -0.003 -0.065  1.000
MINUIT - FIT ONLY 1-y
 **********
 **   51 **RES 
 **********
                   PARAMETER   16  beta_vw RESTORED TO VARIABLE.
                   PARAMETER   14  alpha_vw RESTORED TO VARIABLE.
                   PARAMETER   13  beta_y RESTORED TO VARIABLE.
                   PARAMETER   11  alpha_y RESTORED TO VARIABLE.
                   PARAMETER   10  beta_2CBO RESTORED TO VARIABLE.
 **********
 **   52 **FIX            0
 **********
 PARAMETER    0  IS UNDEFINED. IGNORED.
 **********
 **   53 **FIX            1
 **********
 **********
 **   54 **FIX            2
 **********
 PARAMETER    2  IS CONSTANT.   IGNORED.
 **********
 **   55 **FIX            3
 **********
 **********
 **   56 **FIX            4
 **********
 **********
 **   57 **FIX            5
 **********
 PARAMETER    5  IS CONSTANT.   IGNORED.
 **********
 **   58 **FIX            6
 **********
 **********
 **   59 **FIX            7
 **********
 PARAMETER    7  IS CONSTANT.   IGNORED.
 **********
 **   60 **FIX            8
 **********
 **********
 **   61 **FIX            9
 **********
 **********
 **   62 **FIX           13
 **********
 **********
 **   63 **FIX           14
 **********
 **********
 **   64 **FIX           15
 **********
 PARAMETER   15  IS CONSTANT.   IGNORED.
 **********
 **   65 **FIX           16
 **********
 **********
 **   66 **MIGRAD
 **********
 START MIGRAD MINIMIZATION.  STRATEGY  1.  CONVERGENCE WHEN EDM .LT. 1.00e-04
 FCN=32.8012 FROM MIGRAD    STATUS=INITIATE       16 CALLS        4787 TOTAL
                     EDM= unknown      STRATEGY= 1      NO ERROR MATRIX       
  EXT PARAMETER               CURRENT GUESS       STEP         FIRST   
  NO.   NAME      VALUE            ERROR          SIZE      DERIVATIVE 
   1  N0           3.16112e+06     fixed    
   2  tau          6.43989e+01   constant   
   3  A0           3.42832e-01     fixed    
   4  phi          4.11745e+00     fixed    
   5  R           -6.14725e+01   constant   
   6  alpha_CBO    4.23933e-03     fixed    
   7  w_CBO        2.32500e+00   constant   
   8  beta_CBO    -6.30435e-04     fixed    
   9  alpha_2CBO  -2.84298e-04     fixed    
  10  beta_2CBO    3.40518e-04   2.21831e-04   2.21831e-04  -4.16422e+02
  11  alpha_y      0.00000e+00   1.00000e-03   1.00000e-03   3.15294e+02
  12  w_y          1.38860e+01   constant   
  13  beta_y       3.88219e-04     fixed    
  14  alpha_vw     0.00000e+00     fixed    
  15  w_vw         1.43404e+01   constant   
  16  beta_vw      0.00000e+00     fixed    
  17  LM          -2.06090e-04   constant   
  18  zeta_y       0.00000e+00   constant   
  19  zeta_vw      0.00000e+00   constant   
  20  T_CBO        9.99951e+02   5.51029e+02   4.93649e-02  -7.32325e-05
  21  alpha_A0    -3.04029e-04   1.11747e-03   6.07063e-07   8.40743e-02
  22  beta_A0      3.40445e-04   1.15074e-03  -7.66000e-07  -8.01883e-02
  23  alpha_phi    3.14083e-03   1.05515e-03  -2.09945e-06  -2.50967e+00
  24  beta_phi     1.99316e-04   9.57570e-04  -4.67450e-07   4.05212e-01
 MIGRAD MINIMIZATION HAS CONVERGED.
 MIGRAD WILL VERIFY CONVERGENCE AND ERROR MATRIX.
 COVARIANCE MATRIX CALCULATED SUCCESSFULLY
 FCN=32.7977 FROM MIGRAD    STATUS=CONVERGED     100 CALLS        4871 TOTAL
                     EDM=6.00179e-06    STRATEGY= 1      ERROR MATRIX ACCURATE 
  EXT PARAMETER                                   STEP         FIRST   
  NO.   NAME      VALUE            ERROR          SIZE      DERIVATIVE 
   1  N0           3.16112e+06     fixed    
   2  tau          6.43989e+01   constant   
   3  A0           3.42832e-01     fixed    
   4  phi          4.11745e+00     fixed    
   5  R           -6.14725e+01   constant   
   6  alpha_CBO    4.23933e-03     fixed    
   7  w_CBO        2.32500e+00   constant   
   8  beta_CBO    -6.30435e-04     fixed    
   9  alpha_2CBO  -2.84298e-04     fixed    
  10  beta_2CBO    3.51143e-04   2.28860e-04   6.35398e-07  -6.74156e+00
  11  alpha_y     -8.26233e-06   2.26360e-04   6.42340e-07  -8.61147e+00
  12  w_y          1.38860e+01   constant   
  13  beta_y       3.88219e-04     fixed    
  14  alpha_vw     0.00000e+00     fixed    
  15  w_vw         1.43404e+01   constant   
  16  beta_vw      0.00000e+00     fixed    
  17  LM          -2.06090e-04   constant   
  18  zeta_y       0.00000e+00   constant   
  19  zeta_vw      0.00000e+00   constant   
  20  T_CBO        1.00000e+03   9.99790e+02   9.86384e-02** at limit **
  21  alpha_A0    -3.00602e-04   1.05335e-03   2.95077e-06  -1.55861e+00
  22  beta_A0      3.45632e-04   1.08514e-03   3.04787e-06   8.89441e-01
  23  alpha_phi    3.13570e-03   1.10893e-03   2.96945e-06   6.10879e-01
  24  beta_phi     2.01129e-04   9.39999e-04   2.65281e-06  -6.79735e-01
 EXTERNAL ERROR MATRIX.    NDIM=  25    NPAR=  7    ERR DEF=1
  5.238e-08  1.972e-10 -5.400e-08  2.236e-08  2.395e-08 -3.817e-08  1.007e-08 
  1.972e-10  5.124e-08 -1.858e-07 -1.348e-10  2.891e-09 -4.667e-09 -2.429e-09 
 -5.400e-08 -1.858e-07  2.486e+01 -1.338e-04  1.742e-04  1.463e-03  9.078e-05 
  2.236e-08 -1.348e-10 -1.338e-04  1.110e-06 -3.466e-08 -1.403e-07  7.982e-08 
  2.395e-08  2.891e-09  1.742e-04 -3.466e-08  1.178e-06  9.332e-08 -4.499e-08 
 -3.817e-08 -4.667e-09  1.463e-03 -1.403e-07  9.332e-08  1.230e-06 -4.167e-08 
  1.007e-08 -2.429e-09  9.078e-05  7.982e-08 -4.499e-08 -4.167e-08  8.836e-07 
 PARAMETER  CORRELATION COEFFICIENTS  
       NO.  GLOBAL     10     11     20     21     22     23     24
       10  0.20835   1.000  0.004 -0.000  0.093  0.096 -0.150  0.047
       11  0.02619   0.004  1.000 -0.000 -0.001  0.012 -0.019 -0.011
       20  0.26936  -0.000 -0.000  1.000 -0.025  0.032  0.265  0.019
       21  0.16165   0.093 -0.001 -0.025  1.000 -0.030 -0.120  0.081
       22  0.14483   0.096  0.012  0.032 -0.030  1.000  0.078 -0.044
       23  0.33188  -0.150 -0.019  0.265 -0.120  0.078  1.000 -0.040
       24  0.10775   0.047 -0.011  0.019  0.081 -0.044 -0.040  1.000
MINUIT - FIT ONLY 2-y
 **********
 **   67 **RES 
 **********
                   PARAMETER   16  beta_vw RESTORED TO VARIABLE.
                   PARAMETER   14  alpha_vw RESTORED TO VARIABLE.
                   PARAMETER   13  beta_y RESTORED TO VARIABLE.
                   PARAMETER    9  alpha_2CBO RESTORED TO VARIABLE.
                   PARAMETER    8  beta_CBO RESTORED TO VARIABLE.
                   PARAMETER    6  alpha_CBO RESTORED TO VARIABLE.
                   PARAMETER    4  phi RESTORED TO VARIABLE.
                   PARAMETER    3  A0 RESTORED TO VARIABLE.
                   PARAMETER    1  N0 RESTORED TO VARIABLE.
 **********
 **   68 **FIX            0
 **********
 PARAMETER    0  IS UNDEFINED. IGNORED.
 **********
 **   69 **FIX            1
 **********
 **********
 **   70 **FIX            2
 **********
 PARAMETER    2  IS CONSTANT.   IGNORED.
 **********
 **   71 **FIX            3
 **********
 **********
 **   72 **FIX            4
 **********
 **********
 **   73 **FIX            5
 **********
 PARAMETER    5  IS CONSTANT.   IGNORED.
 **********
 **   74 **FIX            6
 **********
 **********
 **   75 **FIX            7
 **********
 PARAMETER    7  IS CONSTANT.   IGNORED.
 **********
 **   76 **FIX            8
 **********
 **********
 **   77 **FIX            9
 **********
 **********
 **   78 **FIX           10
 **********
 **********
 **   79 **FIX           11
 **********
 **********
 **   80 **FIX           12
 **********
 PARAMETER   12  IS CONSTANT.   IGNORED.
 **********
 **   81 **FIX           16
 **********
 **********
 **   82 **MIGRAD
 **********
 START MIGRAD MINIMIZATION.  STRATEGY  1.  CONVERGENCE WHEN EDM .LT. 1.00e-04
 FCN=32.7977 FROM MIGRAD    STATUS=INITIATE       16 CALLS        4887 TOTAL
                     EDM= unknown      STRATEGY= 1      NO ERROR MATRIX       
  EXT PARAMETER               CURRENT GUESS       STEP         FIRST   
  NO.   NAME      VALUE            ERROR          SIZE      DERIVATIVE 
   1  N0           3.16112e+06     fixed    
   2  tau          6.43989e+01   constant   
   3  A0           3.42832e-01     fixed    
   4  phi          4.11745e+00     fixed    
   5  R           -6.14725e+01   constant   
   6  alpha_CBO    4.23933e-03     fixed    
   7  w_CBO        2.32500e+00   constant   
   8  beta_CBO    -6.30435e-04     fixed    
   9  alpha_2CBO  -2.84298e-04     fixed    
  10  beta_2CBO    3.51143e-04     fixed    
  11  alpha_y     -8.26233e-06     fixed    
  12  w_y          1.38860e+01   constant   
  13  beta_y       3.88219e-04   2.23430e-04   2.23430e-04  -9.44667e+01
  14  alpha_vw     0.00000e+00   1.00000e-03   1.00000e-03  -1.46184e+03
  15  w_vw         1.43404e+01   constant   
  16  beta_vw      0.00000e+00     fixed    
  17  LM          -2.06090e-04   constant   
  18  zeta_y       0.00000e+00   constant   
  19  zeta_vw      0.00000e+00   constant   
  20  T_CBO        1.00000e+03   9.99790e+02   9.86384e-02** at limit **
  21  alpha_A0    -3.00602e-04   1.05335e-03   2.95077e-06  -1.55860e+00
  22  beta_A0      3.45632e-04   1.08514e-03   3.04787e-06   8.89428e-01
  23  alpha_phi    3.13570e-03   1.10893e-03   2.96945e-06   6.10880e-01
  24  beta_phi     2.01129e-04   9.39999e-04   2.65281e-06  -6.79736e-01
 MIGRAD MINIMIZATION HAS CONVERGED.
 MIGRAD WILL VERIFY CONVERGENCE AND ERROR MATRIX.
 COVARIANCE MATRIX CALCULATED SUCCESSFULLY
 FCN=32.7684 FROM MIGRAD    STATUS=CONVERGED      99 CALLS        4970 TOTAL
                     EDM=4.97801e-06    STRATEGY= 1      ERROR MATRIX ACCURATE 
  EXT PARAMETER                                   STEP         FIRST   
  NO.   NAME      VALUE            ERROR          SIZE      DERIVATIVE 
   1  N0           3.16112e+06     fixed    
   2  tau          6.43989e+01   constant   
   3  A0           3.42832e-01     fixed    
   4  phi          4.11745e+00     fixed    
   5  R           -6.14725e+01   constant   
   6  alpha_CBO    4.23933e-03     fixed    
   7  w_CBO        2.32500e+00   constant   
   8  beta_CBO    -6.30435e-04     fixed    
   9  alpha_2CBO  -2.84298e-04     fixed    
  10  beta_2CBO    3.51143e-04     fixed    
  11  alpha_y     -8.26233e-06     fixed    
  12  w_y          1.38860e+01   constant   
  13  beta_y       3.99294e-04   2.28993e-04   6.32970e-07  -1.24791e+00
  14  alpha_vw     3.94387e-05   2.30430e-04   6.36990e-07   3.13657e+00
  15  w_vw         1.43404e+01   constant   
  16  beta_vw      0.00000e+00     fixed    
  17  LM          -2.06090e-04   constant   
  18  zeta_y       0.00000e+00   constant   
  19  zeta_vw      0.00000e+00   constant   
  20  T_CBO        1.00000e+03   6.19671e+02   7.16666e-02** at limit **
  21  alpha_A0    -3.00955e-04   1.04889e-03   2.94948e-06   1.30101e+00
  22  beta_A0      3.48011e-04   1.07994e-03   3.04655e-06  -5.72459e-01
  23  alpha_phi    3.13202e-03   1.07359e-03   2.96816e-06  -2.19577e+00
  24  beta_phi     1.99150e-04   9.38949e-04   2.65166e-06   6.13122e-01
 EXTERNAL ERROR MATRIX.    NDIM=  25    NPAR=  7    ERR DEF=1
  5.244e-08  1.181e-08  2.507e-10 -5.366e-09  3.861e-09  4.829e-09 -1.941e-09 
  1.181e-08  5.310e-08 -8.305e-09 -2.619e-09  4.490e-09 -2.826e-09 -3.634e-09 
  2.507e-10 -8.305e-09  6.937e-02 -4.581e-06  6.020e-06  5.030e-05  3.107e-06 
 -5.366e-09 -2.619e-09 -4.581e-06  1.100e-06 -4.482e-08 -1.199e-07  7.608e-08 
  3.861e-09  4.490e-09  6.020e-06 -4.482e-08  1.166e-06  1.052e-07 -5.020e-08 
  4.829e-09 -2.826e-09  5.030e-05 -1.199e-07  1.052e-07  1.153e-06 -3.758e-08 
 -1.941e-09 -3.634e-09  3.107e-06  7.608e-08 -5.020e-08 -3.758e-08  8.816e-07 
 PARAMETER  CORRELATION COEFFICIENTS  
       NO.  GLOBAL     13     14     20     21     22     23     24
       13  0.22581   1.000  0.224  0.000 -0.022  0.016  0.020 -0.009
       14  0.22549   0.224  1.000 -0.000 -0.011  0.018 -0.011 -0.017
       20  0.17907   0.000 -0.000  1.000 -0.017  0.021  0.178  0.013
       21  0.13354  -0.022 -0.011 -0.017  1.000 -0.040 -0.106  0.077
       22  0.10734   0.016  0.018  0.021 -0.040  1.000  0.091 -0.050
       23  0.22496   0.020 -0.011  0.178 -0.106  0.091  1.000 -0.037
       24  0.09695  -0.009 -0.017  0.013  0.077 -0.050 -0.037  1.000
