 + ++++++++++++++++++++++++++++++++++++++++++++++++++++++++++++++++++++ +
 +                                                                      +
 +           You have chose to blind your fitting according to          +
 +                omega_ref * (1 + (R +/- deltaR) *10^{-6})             +
 +                                                                      +
 + ++++++++++++++++++++++++++++++++++++++++++++++++++++++++++++++++++++ +
In main()...
reading format from /gm2data/zkhechad/run45/envelope/formats/formatB_sBin_constraintOn.txt
pBinTau 	= 0  
pBinPhi 	= 0  
constraintau 	= 1 
includeMopTerm 	= 0    
constrainMop    = 0   
Parameters after format file: pBinTau 0 pBinPhi 0 constraintau 1 includeMopTerm 0 constrainMop 0 c_e_scale 0.000000 
Opening file /gm2data/tbarrett/gm2fr/studies/run23_bunch_corrections/CorrectedFourier_Run3b.root.
reading full fit data from /gm2data/zkhechad/cboTemplates/Run4CBOTemplates/templateFits0_v2.0/noRF/sBin_constraintOn_cE0.0_seed0_noRF_calo9.root
windowBins = 17
fitting sliding window 234 from bin 370 at 55.054800 to bin 387 at 57.740400 (17 bins)

Reading data from /gm2data/cornell/histograms/aMethod/histogram_a_noRF.root
 **********
 **    1 **SET PRINTOUT            1
 **********
 **********
 **    2 **SET NOWARNINGS 
 **********
 PARAMETER DEFINITIONS:
    NO.   NAME         VALUE      STEP SIZE      LIMITS
     1 N0           2.88203e+06  1.00000e+02     no limits
     2 tau          6.44101e+01  constant
     3 A0           3.51419e-01  1.00000e-04     no limits
     4 phi          4.11705e+00  1.00000e-02     no limits
     5 R           -5.98037e+01  constant
     6 alpha_CBO    0.00000e+00  1.00000e-03     no limits
     7 w_CBO        2.32500e+00  constant
     8 beta_CBO     0.00000e+00  1.00000e-03     no limits
     9 alpha_2CBO   0.00000e+00  1.00000e-03     no limits
    10 beta_2CBO    0.00000e+00  1.00000e-03     no limits
    11 alpha_y      0.00000e+00  1.00000e-03     no limits
    12 w_y          1.44500e+01  constant
    13 beta_y       0.00000e+00  1.00000e-03     no limits
    14 alpha_vw     0.00000e+00  1.00000e-03     no limits
    15 w_vw         1.29000e+01  constant
    16 beta_vw      0.00000e+00  1.00000e-03     no limits
    17 LM           1.43880e-04  constant
    18 zeta_y       0.00000e+00  constant
    19 zeta_vw      0.00000e+00  constant
    20 T_CBO        1.00000e+02  1.00000e+00    0.00000e+00  1.00000e+03
    21 alpha_A0     0.00000e+00  1.00000e-03     no limits
    22 beta_A0      0.00000e+00  1.00000e-03     no limits
    23 alpha_phi    0.00000e+00  1.00000e-03     no limits
    24 beta_phi     0.00000e+00  1.00000e-03     no limits
MINUIT - FIT ONLY WIGGLE
 **********
 **    3 **FIX            5
 **********
 PARAMETER    5  IS CONSTANT.   IGNORED.
 **********
 **    4 **FIX            6
 **********
 **********
 **    5 **FIX            7
 **********
 PARAMETER    7  IS CONSTANT.   IGNORED.
 **********
 **    6 **FIX            8
 **********
 **********
 **    7 **FIX            9
 **********
 **********
 **    8 **FIX           10
 **********
 **********
 **    9 **FIX           11
 **********
 **********
 **   10 **FIX           12
 **********
 PARAMETER   12  IS CONSTANT.   IGNORED.
 **********
 **   11 **FIX           13
 **********
 **********
 **   12 **FIX           14
 **********
 **********
 **   13 **FIX           15
 **********
 PARAMETER   15  IS CONSTANT.   IGNORED.
 **********
 **   14 **FIX           16
 **********
 **********
 **   15 **MIGRAD
 **********
 FIRST CALL TO USER FUNCTION AT NEW START POINT, WITH IFLAG=4.
 START MIGRAD MINIMIZATION.  STRATEGY  1.  CONVERGENCE WHEN EDM .LT. 1.00e-04
 FCN=2321.78 FROM MIGRAD    STATUS=INITIATE      431 CALLS         432 TOTAL
                     EDM= unknown      STRATEGY= 1      NO ERROR MATRIX       
  EXT PARAMETER               CURRENT GUESS       STEP         FIRST   
  NO.   NAME      VALUE            ERROR          SIZE      DERIVATIVE 
   1  N0           2.88203e+06   1.00000e+02   0.00000e+00   4.06768e-02
   2  tau          6.44101e+01   constant   
   3  A0           3.51419e-01   1.00000e-04   0.00000e+00   3.05924e+05
   4  phi          4.11705e+00   1.00000e-02   0.00000e+00  -7.10087e+04
   5  R           -5.98037e+01   constant   
   6  alpha_CBO    0.00000e+00     fixed    
   7  w_CBO        2.32500e+00   constant   
   8  beta_CBO     0.00000e+00     fixed    
   9  alpha_2CBO   0.00000e+00     fixed    
  10  beta_2CBO    0.00000e+00     fixed    
  11  alpha_y      0.00000e+00     fixed    
  12  w_y          1.44500e+01   constant   
  13  beta_y       0.00000e+00     fixed    
  14  alpha_vw     0.00000e+00     fixed    
  15  w_vw         1.29000e+01   constant   
  16  beta_vw      0.00000e+00     fixed    
  17  LM           1.43880e-04   constant   
  18  zeta_y       0.00000e+00   constant   
  19  zeta_vw      0.00000e+00   constant   
  20  T_CBO        1.00000e+02   1.00000e+00   0.00000e+00   0.00000e+00
  21  alpha_A0     0.00000e+00   1.00000e-03   0.00000e+00  -4.50807e+04
  22  beta_A0      0.00000e+00   1.00000e-03   0.00000e+00   1.09967e+04
  23  alpha_phi    0.00000e+00   1.00000e-03   0.00000e+00  -2.31876e+04
  24  beta_phi     0.00000e+00   1.00000e-03   0.00000e+00   1.50797e+03
 CALL LIMIT EXCEEDED IN MIGRAD.
 MIGRAD TERMINATED WITHOUT CONVERGENCE.
 FCN=23.8393 FROM MIGRAD    STATUS=CALL LIMIT   1337 CALLS        1338 TOTAL
                     EDM=0.363449    STRATEGY= 1  ERROR MATRIX UNCERTAINTY  25.7 per cent
  EXT PARAMETER                APPROXIMATE        STEP         FIRST   
  NO.   NAME      VALUE            ERROR          SIZE      DERIVATIVE 
   1  N0           2.90424e+06   1.89908e+04   4.30148e+03   1.53650e-04
   2  tau          6.44101e+01   constant   
   3  A0           3.56101e-01   2.89450e-03  -2.02846e-05   3.54163e+03
   4  phi          4.18113e+00   1.53291e-02   3.42820e-03  -5.56396e+02
   5  R           -5.98037e+01   constant   
   6  alpha_CBO    0.00000e+00     fixed    
   7  w_CBO        2.32500e+00   constant   
   8  beta_CBO     0.00000e+00     fixed    
   9  alpha_2CBO   0.00000e+00     fixed    
  10  beta_2CBO    0.00000e+00     fixed    
  11  alpha_y      0.00000e+00     fixed    
  12  w_y          1.44500e+01   constant   
  13  beta_y       0.00000e+00     fixed    
  14  alpha_vw     0.00000e+00     fixed    
  15  w_vw         1.29000e+01   constant   
  16  beta_vw      0.00000e+00     fixed    
  17  LM           1.43880e-04   constant   
  18  zeta_y       0.00000e+00   constant   
  19  zeta_vw      0.00000e+00   constant   
  20  T_CBO        8.14963e+02   2.56187e+02   1.48817e-01  -6.16910e-01
  21  alpha_A0    -2.49305e-03   1.65781e-02  -3.61861e-03  -1.43534e+03
  22  beta_A0      8.71041e-02   3.25076e-02   6.65258e-03  -6.79259e+02
  23  alpha_phi    9.35795e-02   3.09824e-02   6.69695e-03   4.86349e+02
  24  beta_phi     1.70236e-02   1.89186e-02   4.31341e-03  -5.83959e+02
 EXTERNAL ERROR MATRIX.    NDIM=  25    NPAR=  8    ERR DEF=1
  3.606e+08  1.406e+01  2.890e+02  5.203e+06 -2.646e+02  6.047e+02  5.815e+02  3.221e+02 
  1.406e+01  8.378e-06  1.100e-05  3.600e-01  1.439e-05  4.108e-05  3.539e-05 -1.075e-05 
  2.890e+02  1.100e-05  2.350e-04  4.171e+00 -2.157e-04  4.871e-04  4.671e-04  2.602e-04 
  5.203e+06  3.600e-01  4.171e+00  7.827e+04 -3.328e+00  9.080e+00  8.646e+00  4.183e+00 
 -2.646e+02  1.439e-05 -2.157e-04 -3.328e+00  2.748e-04 -3.914e-04 -3.875e-04 -3.111e-04 
  6.047e+02  4.108e-05  4.871e-04  9.080e+00 -3.914e-04  1.057e-03  1.005e-03  4.890e-04 
  5.815e+02  3.539e-05  4.671e-04  8.646e+00 -3.875e-04  1.005e-03  9.599e-04  4.819e-04 
  3.221e+02 -1.075e-05  2.602e-04  4.183e+00 -3.111e-04  4.890e-04  4.819e-04  3.579e-04 
ERR MATRIX APPROXIMATE
 PARAMETER  CORRELATION COEFFICIENTS  
       NO.  GLOBAL      1      3      4     20     21     22     23     24
        1  0.99983   1.000  0.256  0.993  0.979 -0.841  0.979  0.988  0.897
        3  0.99968   0.256  1.000  0.248  0.444  0.300  0.437  0.395 -0.196
        4  0.99961   0.993  0.248  1.000  0.973 -0.849  0.977  0.984  0.897
       20  0.99969   0.979  0.444  0.973  1.000 -0.718  0.998  0.997  0.790
       21  0.99990  -0.841  0.300 -0.849 -0.718  1.000 -0.726 -0.755 -0.992
       22  0.99991   0.979  0.437  0.977  0.998 -0.726  1.000  0.998  0.795
       23  0.99984   0.988  0.395  0.984  0.997 -0.755  0.998  1.000  0.822
       24  0.99978   0.897 -0.196  0.897  0.790 -0.992  0.795  0.822  1.000
 ERR MATRIX APPROXIMATE
MINUIT - FIT ONLY 1-CBO + wiggle
 **********
 **   16 **RES 
 **********
                   PARAMETER   16  beta_vw RESTORED TO VARIABLE.
                   PARAMETER   14  alpha_vw RESTORED TO VARIABLE.
                   PARAMETER   13  beta_y RESTORED TO VARIABLE.
                   PARAMETER   11  alpha_y RESTORED TO VARIABLE.
                   PARAMETER   10  beta_2CBO RESTORED TO VARIABLE.
                   PARAMETER    9  alpha_2CBO RESTORED TO VARIABLE.
                   PARAMETER    8  beta_CBO RESTORED TO VARIABLE.
                   PARAMETER    6  alpha_CBO RESTORED TO VARIABLE.
 **********
 **   17 **FIX            8
 **********
 **********
 **   18 **FIX            9
 **********
 **********
 **   19 **FIX           11
 **********
 **********
 **   20 **FIX           12
 **********
 PARAMETER   12  IS CONSTANT.   IGNORED.
 **********
 **   21 **FIX           14
 **********
 **********
 **   22 **FIX           15
 **********
 PARAMETER   15  IS CONSTANT.   IGNORED.
 **********
 **   23 **FIX           16
 **********
 **********
 **   24 **MIGRAD
 **********
 START MIGRAD MINIMIZATION.  STRATEGY  1.  CONVERGENCE WHEN EDM .LT. 1.00e-04
 FCN=23.8393 FROM MIGRAD    STATUS=INITIATE       28 CALLS        1366 TOTAL
                     EDM= unknown      STRATEGY= 1      NO ERROR MATRIX       
  EXT PARAMETER               CURRENT GUESS       STEP         FIRST   
  NO.   NAME      VALUE            ERROR          SIZE      DERIVATIVE 
   1  N0           2.90424e+06   1.89908e+04   4.30148e+03   1.53650e-04
   2  tau          6.44101e+01   constant   
   3  A0           3.56101e-01   2.89450e-03  -2.02846e-05   3.54163e+03
   4  phi          4.18113e+00   1.53291e-02   3.42820e-03  -5.56396e+02
   5  R           -5.98037e+01   constant   
   6  alpha_CBO    0.00000e+00   1.00000e-03   1.00000e-03  -4.92382e+03
   7  w_CBO        2.32500e+00   constant   
   8  beta_CBO     0.00000e+00     fixed    
   9  alpha_2CBO   0.00000e+00     fixed    
  10  beta_2CBO    0.00000e+00   1.00000e-03   1.00000e-03   3.47476e+03
  11  alpha_y      0.00000e+00     fixed    
  12  w_y          1.44500e+01   constant   
  13  beta_y       0.00000e+00   1.00000e-03   1.00000e-03  -4.29946e+04
  14  alpha_vw     0.00000e+00     fixed    
  15  w_vw         1.29000e+01   constant   
  16  beta_vw      0.00000e+00     fixed    
  17  LM           1.43880e-04   constant   
  18  zeta_y       0.00000e+00   constant   
  19  zeta_vw      0.00000e+00   constant   
  20  T_CBO        8.14963e+02   2.56187e+02   1.48817e-01  -6.16913e-01
  21  alpha_A0    -2.49305e-03   1.65781e-02  -3.61861e-03  -1.43534e+03
  22  beta_A0      8.71041e-02   3.25076e-02   6.65258e-03  -6.79259e+02
  23  alpha_phi    9.35795e-02   3.09824e-02   6.69695e-03   4.86349e+02
  24  beta_phi     1.70236e-02   1.89186e-02   4.31341e-03  -5.83959e+02
 CALL LIMIT EXCEEDED IN MIGRAD.
 MIGRAD TERMINATED WITHOUT CONVERGENCE.
 FCN=4.51243 FROM MIGRAD    STATUS=CALL LIMIT   1908 CALLS        3246 TOTAL
                     EDM=0.000129057    STRATEGY= 1  ERROR MATRIX UNCERTAINTY  18.4 per cent
  EXT PARAMETER                APPROXIMATE        STEP         FIRST   
  NO.   NAME      VALUE            ERROR          SIZE      DERIVATIVE 
   1  N0           2.88741e+06   3.05988e+04  -2.68722e+01  -4.33804e-06
   2  tau          6.44101e+01   constant   
   3  A0           3.54932e-01   2.85050e-03  -4.07286e-06  -5.38330e+01
   4  phi          4.15567e+00   2.68957e-02  -4.53896e-05  -2.64453e+00
   5  R           -5.98037e+01   constant   
   6  alpha_CBO    2.78556e-03   1.35244e-03   6.11574e-08   2.33505e+01
   7  w_CBO        2.32500e+00   constant   
   8  beta_CBO     0.00000e+00     fixed    
   9  alpha_2CBO   0.00000e+00     fixed    
  10  beta_2CBO    2.91373e-04   9.53244e-04   3.17391e-06   2.18524e+00
  11  alpha_y      0.00000e+00     fixed    
  12  w_y          1.44500e+01   constant   
  13  beta_y       8.74426e-04   1.77331e-04   2.35853e-07  -2.82977e+01
  14  alpha_vw     0.00000e+00     fixed    
  15  w_vw         1.29000e+01   constant   
  16  beta_vw      0.00000e+00     fixed    
  17  LM           1.43880e-04   constant   
  18  zeta_y       0.00000e+00   constant   
  19  zeta_vw      0.00000e+00   constant   
  20  T_CBO        1.09280e+02   1.86224e+02  -7.07330e-04   5.80849e-01
  21  alpha_A0     8.58180e-03   4.10245e-02   6.25602e-05   7.52861e-01
  22  beta_A0      6.75072e-02   3.44513e-02  -5.28050e-05   4.20375e+00
  23  alpha_phi    7.77855e-02   1.54553e-02  -7.92969e-06   1.54701e+00
  24  beta_phi     2.78574e-03   2.76398e-02  -2.28436e-05  -6.08404e+00
 EXTERNAL ERROR MATRIX.    NDIM=  25    NPAR= 11    ERR DEF=1
  9.363e+08 
  8.637e+01  8.125e-06 
  8.022e+02  7.610e-05  7.234e-04 
  3.252e+01  2.904e-06  2.476e-05  1.829e-06 
 -2.091e+01 -2.150e-06 -2.124e-05 -6.106e-07  9.087e-07 
 -1.304e-01 -1.706e-08 -2.345e-07  2.072e-08  4.719e-09  3.145e-08 
  6.082e+06  5.668e-01  5.314e+00  2.004e-01 -1.444e-01 -1.262e-03  3.982e+04 
 -1.243e+03 -1.166e-04 -1.091e-03 -4.328e-05  3.125e-05  1.691e-07 -8.137e+00  1.683e-03 
  1.042e+03  9.800e-05  9.233e-04  3.399e-05 -2.633e-05 -2.224e-07  6.855e+00 -1.408e-03  1.187e-03 
  4.684e+02  4.303e-05  4.022e-04  1.494e-05 -9.925e-06 -1.306e-07  3.051e+00 -6.148e-04  5.204e-04  2.389e-04 
  8.453e+02  7.797e-05  7.249e-04  2.907e-05 -1.874e-05 -1.284e-07  5.495e+00 -1.121e-03  9.412e-04  4.237e-04  7.640e-04 
ERR MATRIX APPROXIMATE
 PARAMETER  CORRELATION COEFFICIENTS  
       NO.  GLOBAL      1      3      4      6     10     13     20     21     22     23     24
        1  0.99998   1.000  0.990  0.975  0.786 -0.717 -0.024  0.996 -0.990  0.989  0.990  1.000
        3  0.99921   0.990  1.000  0.993  0.753 -0.791 -0.034  0.997 -0.997  0.998  0.977  0.990
        4  0.99995   0.975  0.993  1.000  0.681 -0.828 -0.049  0.990 -0.989  0.996  0.967  0.975
        6  0.99329   0.786  0.753  0.681  1.000 -0.474  0.086  0.743 -0.780  0.730  0.715  0.778
       10  0.97871  -0.717 -0.791 -0.828 -0.474  1.000  0.028 -0.759  0.799 -0.802 -0.674 -0.711
       13  0.21787  -0.024 -0.034 -0.049  0.086  0.028  1.000 -0.036  0.023 -0.036 -0.048 -0.026
       20  0.99995   0.996  0.997  0.990  0.743 -0.759 -0.036  1.000 -0.994  0.997  0.989  0.996
       21  0.99990  -0.990 -0.997 -0.989 -0.780  0.799  0.023 -0.994  1.000 -0.996 -0.970 -0.989
       22  0.99988   0.989  0.998  0.996  0.730 -0.802 -0.036  0.997 -0.996  1.000  0.977  0.988
       23  0.99966   0.990  0.977  0.967  0.715 -0.674 -0.048  0.989 -0.970  0.977  1.000  0.992
       24  0.99982   1.000  0.990  0.975  0.778 -0.711 -0.026  0.996 -0.989  0.988  0.992  1.000
 ERR MATRIX APPROXIMATE
MINUIT - FIT ONLY 2-CBO
 **********
 **   25 **RES 
 **********
                   PARAMETER   16  beta_vw RESTORED TO VARIABLE.
                   PARAMETER   14  alpha_vw RESTORED TO VARIABLE.
                   PARAMETER   11  alpha_y RESTORED TO VARIABLE.
                   PARAMETER    9  alpha_2CBO RESTORED TO VARIABLE.
                   PARAMETER    8  beta_CBO RESTORED TO VARIABLE.
 **********
 **   26 **FIX            0
 **********
 PARAMETER    0  IS UNDEFINED. IGNORED.
 **********
 **   27 **FIX            1
 **********
 **********
 **   28 **FIX            2
 **********
 PARAMETER    2  IS CONSTANT.   IGNORED.
 **********
 **   29 **FIX            3
 **********
 **********
 **   30 **FIX            4
 **********
 **********
 **   31 **FIX            5
 **********
 PARAMETER    5  IS CONSTANT.   IGNORED.
 **********
 **   32 **FIX            6
 **********
 **********
 **   33 **FIX            7
 **********
 PARAMETER    7  IS CONSTANT.   IGNORED.
 **********
 **   34 **FIX           10
 **********
 **********
 **   35 **FIX           11
 **********
 **********
 **   36 **FIX           12
 **********
 PARAMETER   12  IS CONSTANT.   IGNORED.
 **********
 **   37 **FIX           13
 **********
 **********
 **   38 **FIX           14
 **********
 **********
 **   39 **FIX           15
 **********
 PARAMETER   15  IS CONSTANT.   IGNORED.
 **********
 **   40 **FIX           16
 **********
 **********
 **   41 **MIGRAD
 **********
 START MIGRAD MINIMIZATION.  STRATEGY  1.  CONVERGENCE WHEN EDM .LT. 1.00e-04
 FCN=4.51243 FROM MIGRAD    STATUS=INITIATE       18 CALLS        3264 TOTAL
                     EDM= unknown      STRATEGY= 1      NO ERROR MATRIX       
  EXT PARAMETER               CURRENT GUESS       STEP         FIRST   
  NO.   NAME      VALUE            ERROR          SIZE      DERIVATIVE 
   1  N0           2.88741e+06     fixed    
   2  tau          6.44101e+01   constant   
   3  A0           3.54932e-01     fixed    
   4  phi          4.15567e+00     fixed    
   5  R           -5.98037e+01   constant   
   6  alpha_CBO    2.78556e-03     fixed    
   7  w_CBO        2.32500e+00   constant   
   8  beta_CBO     0.00000e+00   1.00000e-03   1.00000e-03  -4.57406e+00
   9  alpha_2CBO   0.00000e+00   1.00000e-03   1.00000e-03   1.46420e+02
  10  beta_2CBO    2.91373e-04     fixed    
  11  alpha_y      0.00000e+00     fixed    
  12  w_y          1.44500e+01   constant   
  13  beta_y       8.74426e-04     fixed    
  14  alpha_vw     0.00000e+00     fixed    
  15  w_vw         1.29000e+01   constant   
  16  beta_vw      0.00000e+00     fixed    
  17  LM           1.43880e-04   constant   
  18  zeta_y       0.00000e+00   constant   
  19  zeta_vw      0.00000e+00   constant   
  20  T_CBO        1.09280e+02   1.86224e+02  -7.07330e-04   5.80850e-01
  21  alpha_A0     8.58180e-03   4.10245e-02   6.25602e-05   7.52859e-01
  22  beta_A0      6.75072e-02   3.44513e-02  -5.28050e-05   4.20375e+00
  23  alpha_phi    7.77855e-02   1.54553e-02  -7.92969e-06   1.54701e+00
  24  beta_phi     2.78574e-03   2.76398e-02  -2.28436e-05  -6.08404e+00
 MIGRAD MINIMIZATION HAS CONVERGED.
 MIGRAD WILL VERIFY CONVERGENCE AND ERROR MATRIX.
 FCN=4.51128 FROM MIGRAD    STATUS=CONVERGED     165 CALLS        3411 TOTAL
                     EDM=5.424e-08    STRATEGY= 1      ERR MATRIX NOT POS-DEF
  EXT PARAMETER                APPROXIMATE        STEP         FIRST   
  NO.   NAME      VALUE            ERROR          SIZE      DERIVATIVE 
   1  N0           2.88741e+06     fixed    
   2  tau          6.44101e+01   constant   
   3  A0           3.54932e-01     fixed    
   4  phi          4.15567e+00     fixed    
   5  R           -5.98037e+01   constant   
   6  alpha_CBO    2.78556e-03     fixed    
   7  w_CBO        2.32500e+00   constant   
   8  beta_CBO     8.03112e-07   4.05540e-04   2.23487e-07  -1.22908e-02
   9  alpha_2CBO  -1.33461e-05   4.04171e-04   2.12529e-07   5.07449e-03
  10  beta_2CBO    2.91373e-04     fixed    
  11  alpha_y      0.00000e+00     fixed    
  12  w_y          1.44500e+01   constant   
  13  beta_y       8.74426e-04     fixed    
  14  alpha_vw     0.00000e+00     fixed    
  15  w_vw         1.29000e+01   constant   
  16  beta_vw      0.00000e+00     fixed    
  17  LM           1.43880e-04   constant   
  18  zeta_y       0.00000e+00   constant   
  19  zeta_vw      0.00000e+00   constant   
  20  T_CBO        1.09241e+02   3.75253e+01   9.87803e-06   1.36536e-03
  21  alpha_A0     8.58854e-03   1.92336e-03   1.40013e-06  -1.80539e-03
  22  beta_A0      6.75402e-02   1.19626e-02   1.51086e-06  -5.85279e-03
  23  alpha_phi    7.77399e-02   1.37616e-02   1.35262e-06  -6.88653e-03
  24  beta_phi     2.83975e-03   1.91343e-03   1.20664e-06   2.30635e-04
 EXTERNAL ERROR MATRIX.    NDIM=  25    NPAR=  7    ERR DEF=1
  1.645e-07  2.598e-08 -1.666e-03 -1.049e-07 -4.744e-07  6.642e-07  1.053e-07 
  2.598e-08  1.634e-07 -1.495e-04 -1.154e-07 -4.581e-07  7.341e-07 -5.651e-07 
 -1.666e-03 -1.495e-04  1.415e+03 -4.937e-02 -4.364e-01 -5.114e-01 -2.162e-02 
 -1.049e-07 -1.154e-07 -4.937e-02  3.699e-06  1.664e-05  1.804e-05  9.517e-07 
 -4.744e-07 -4.581e-07 -4.364e-01  1.664e-05  1.431e-04  1.560e-04  7.475e-06 
  6.642e-07  7.341e-07 -5.114e-01  1.804e-05  1.560e-04  1.894e-04  5.055e-06 
  1.053e-07 -5.651e-07 -2.162e-02  9.517e-07  7.475e-06  5.055e-06  3.661e-06 
ERR MATRIX NOT POS-DEF
 PARAMETER  CORRELATION COEFFICIENTS  
       NO.  GLOBAL      8      9     20     21     22     23     24
        8  0.87718   1.000  0.158 -0.109 -0.135 -0.098  0.119  0.136
        9  0.88887   0.158  1.000 -0.010 -0.148 -0.095  0.132 -0.731
       20  0.99745  -0.109 -0.010  1.000 -0.682 -0.970 -0.988 -0.300
       21  0.77314  -0.135 -0.148 -0.682  1.000  0.723  0.682  0.259
       22  0.99393  -0.098 -0.095 -0.970  0.723  1.000  0.948  0.327
       23  0.99633   0.119  0.132 -0.988  0.682  0.948  1.000  0.192
       24  0.83554   0.136 -0.731 -0.300  0.259  0.327  0.192  1.000
 ERR MATRIX NOT POS-DEF
MINUIT - FIT wiggle + 1-CBO + 2-CBO
 **********
 **   42 **RES 
 **********
                   PARAMETER   16  beta_vw RESTORED TO VARIABLE.
                   PARAMETER   14  alpha_vw RESTORED TO VARIABLE.
                   PARAMETER   13  beta_y RESTORED TO VARIABLE.
                   PARAMETER   11  alpha_y RESTORED TO VARIABLE.
                   PARAMETER   10  beta_2CBO RESTORED TO VARIABLE.
                   PARAMETER    6  alpha_CBO RESTORED TO VARIABLE.
                   PARAMETER    4  phi RESTORED TO VARIABLE.
                   PARAMETER    3  A0 RESTORED TO VARIABLE.
                   PARAMETER    1  N0 RESTORED TO VARIABLE.
 **********
 **   43 **FIX           10
 **********
 **********
 **   44 **FIX           11
 **********
 **********
 **   45 **FIX           12
 **********
 PARAMETER   12  IS CONSTANT.   IGNORED.
 **********
 **   46 **FIX           13
 **********
 **********
 **   47 **FIX           14
 **********
 **********
 **   48 **FIX           15
 **********
 PARAMETER   15  IS CONSTANT.   IGNORED.
 **********
 **   49 **FIX           16
 **********
 **********
 **   50 **MIGRAD
 **********
 START MIGRAD MINIMIZATION.  STRATEGY  1.  CONVERGENCE WHEN EDM .LT. 1.00e-04
 FCN=4.51128 FROM MIGRAD    STATUS=INITIATE       22 CALLS        3433 TOTAL
                     EDM= unknown      STRATEGY= 1      NO ERROR MATRIX       
  EXT PARAMETER               CURRENT GUESS       STEP         FIRST   
  NO.   NAME      VALUE            ERROR          SIZE      DERIVATIVE 
   1  N0           2.88741e+06   3.05988e+04   3.05988e+04   8.29691e-07
   2  tau          6.44101e+01   constant   
   3  A0           3.54932e-01   2.85050e-03   2.85050e-03  -1.81802e+01
   4  phi          4.15567e+00   2.68957e-02   2.68957e-02  -1.08915e+00
   5  R           -5.98037e+01   constant   
   6  alpha_CBO    2.78556e-03   1.35244e-03   1.35244e-03   3.70777e+01
   7  w_CBO        2.32500e+00   constant   
   8  beta_CBO     8.03112e-07   4.05540e-04   2.23487e-07  -1.22676e-02
   9  alpha_2CBO  -1.33461e-05   4.04171e-04   2.12529e-07   5.06110e-03
  10  beta_2CBO    2.91373e-04     fixed    
  11  alpha_y      0.00000e+00     fixed    
  12  w_y          1.44500e+01   constant   
  13  beta_y       8.74426e-04     fixed    
  14  alpha_vw     0.00000e+00     fixed    
  15  w_vw         1.29000e+01   constant   
  16  beta_vw      0.00000e+00     fixed    
  17  LM           1.43880e-04   constant   
  18  zeta_y       0.00000e+00   constant   
  19  zeta_vw      0.00000e+00   constant   
  20  T_CBO        1.09241e+02   3.75253e+01   9.87803e-06   1.35911e-03
  21  alpha_A0     8.58854e-03   1.92336e-03   1.40013e-06  -1.80726e-03
  22  beta_A0      6.75402e-02   1.19626e-02   1.51086e-06  -5.91301e-03
  23  alpha_phi    7.77399e-02   1.37616e-02   1.35262e-06  -6.88537e-03
  24  beta_phi     2.83975e-03   1.91343e-03   1.20664e-06   2.31244e-04
 MIGRAD MINIMIZATION HAS CONVERGED.
 MIGRAD WILL VERIFY CONVERGENCE AND ERROR MATRIX.
 FCN=4.43686 FROM HESSE     STATUS=NOT POSDEF    100 CALLS        4004 TOTAL
                     EDM=0.000628119    STRATEGY= 1      ERR MATRIX NOT POS-DEF
  EXT PARAMETER                APPROXIMATE        STEP         FIRST   
  NO.   NAME      VALUE            ERROR          SIZE      DERIVATIVE 
   1  N0           2.87981e+06   4.66976e+03   1.37320e+00  -3.04944e-06
   2  tau          6.44101e+01   constant   
   3  A0           3.56355e-01   2.06656e-03   1.90583e-07  -5.14736e+00
   4  phi          4.16814e+00   6.77950e-03   1.98752e-06  -2.21167e+00
   5  R           -5.98037e+01   constant   
   6  alpha_CBO   -7.52248e-05   1.89741e-03   2.07245e-07  -1.60286e+01
   7  w_CBO        2.32500e+00   constant   
   8  beta_CBO     1.93174e-03   1.61051e-03   2.21930e-07  -1.70380e+00
   9  alpha_2CBO  -4.43270e-04   6.64054e-04   2.11097e-07  -1.08581e+00
  10  beta_2CBO    2.91373e-04     fixed    
  11  alpha_y      0.00000e+00     fixed    
  12  w_y          1.44500e+01   constant   
  13  beta_y       8.74426e-04     fixed    
  14  alpha_vw     0.00000e+00     fixed    
  15  w_vw         1.29000e+01   constant   
  16  beta_vw      0.00000e+00     fixed    
  17  LM           1.43880e-04   constant   
  18  zeta_y       0.00000e+00   constant   
  19  zeta_vw      0.00000e+00   constant   
  20  T_CBO        1.15600e+02   3.80742e+01   1.05514e-05  -1.35819e-01
  21  alpha_A0     2.00550e-02   1.22755e-02   1.33664e-06  -1.71472e+00
  22  beta_A0      6.75607e-02   1.20762e-02   1.45037e-06  -6.56154e-01
  23  alpha_phi    8.17668e-02   1.21015e-02   1.31413e-06  -2.62686e-01
  24  beta_phi    -2.84184e-03   8.91426e-03   1.16348e-06   1.51575e+00
 CALL LIMIT EXCEEDED IN MIGRAD.
 MIGRAD TERMINATED WITHOUT CONVERGENCE.
 FCN=4.00756 FROM MIGRAD    STATUS=CALL LIMIT   1918 CALLS        5329 TOTAL
                     EDM=0.000809975    STRATEGY= 1      ERR MATRIX NOT POS-DEF
  EXT PARAMETER                APPROXIMATE        STEP         FIRST   
  NO.   NAME      VALUE            ERROR          SIZE      DERIVATIVE 
   1  N0           2.87078e+06   2.38519e+04  -3.66400e+02   7.47988e-05
   2  tau          6.44101e+01   constant   
   3  A0           3.80537e-01   1.89908e-02   3.51921e-04  -1.56918e+02
   4  phi          4.25213e+00   6.73395e-02   1.21034e-03   1.02798e+02
   5  R           -5.98037e+01   constant   
   6  alpha_CBO   -4.01103e-03   9.38346e-03  -1.04914e-04   2.13285e+02
   7  w_CBO        2.32500e+00   constant   
   8  beta_CBO     2.04871e-02   1.57072e-02   2.94646e-04  -5.22424e+01
   9  alpha_2CBO   7.41909e-05   1.12579e-03   1.83593e-06  -5.78082e+00
  10  beta_2CBO    2.91373e-04     fixed    
  11  alpha_y      0.00000e+00     fixed    
  12  w_y          1.44500e+01   constant   
  13  beta_y       8.74426e-04     fixed    
  14  alpha_vw     0.00000e+00     fixed    
  15  w_vw         1.29000e+01   constant   
  16  beta_vw      0.00000e+00     fixed    
  17  LM           1.43880e-04   constant   
  18  zeta_y       0.00000e+00   constant   
  19  zeta_vw      0.00000e+00   constant   
  20  T_CBO        1.27050e+02   5.90104e+00  -8.49205e-05  -2.30452e+00
  21  alpha_A0     2.53670e-02   1.56750e-02   1.53103e-04   4.80924e+01
  22  beta_A0      1.34896e-01   3.31643e-02   5.69645e-04  -1.32506e+01
  23  alpha_phi    1.95469e-01   6.91070e-02   1.33147e-03  -1.06783e+01
  24  beta_phi    -3.37514e-02   3.29191e-02  -4.94459e-04  -2.06628e+01
 EXTERNAL ERROR MATRIX.    NDIM=  25    NPAR= 11    ERR DEF=1
  5.689e+08 
 -2.988e+02  3.607e-04 
 -1.547e+03  1.050e-03  4.535e-03 
  1.995e+02 -6.064e-05 -5.036e-04  8.805e-05 
 -3.326e+02  2.751e-04  1.024e-03 -9.199e-05  2.467e-04 
  5.667e+00  6.213e-06 -6.674e-06  6.232e-06  2.299e-06  1.267e-06 
  9.092e+04 -4.387e-02 -2.552e-01  3.083e-02 -5.521e-02  2.098e-05  3.483e+01 
 -7.319e+01  1.488e-04  3.268e-04 -3.248e-05  7.650e-05 -5.904e-06  1.808e-02  2.457e-04 
 -4.059e+02  5.705e-04  1.581e-03 -1.038e-04  4.003e-04  1.618e-06 -5.575e-02  3.817e-04  1.100e-03 
 -1.318e+03  1.260e-03  4.318e-03 -3.707e-04  1.046e-03  5.753e-06 -2.105e-01  5.519e-04  2.082e-03  4.776e-03 
  2.710e+02 -5.753e-04 -1.201e-03 -1.038e-05 -3.707e-04 -1.941e-05  2.686e-02 -2.598e-04 -8.965e-04 -1.773e-03  1.084e-03 
ERR MATRIX NOT POS-DEF
 PARAMETER  CORRELATION COEFFICIENTS  
       NO.  GLOBAL      1      3      4      6      8      9     20     21     22     23     24
        1  0.99997   1.000 -0.660 -0.963  0.891 -0.888  0.211  0.646 -0.196 -0.513 -0.799  0.345
        3  0.99999  -0.660  1.000  0.821 -0.340  0.922  0.291 -0.391  0.500  0.906  0.960 -0.920
        4  1.00000  -0.963  0.821  1.000 -0.797  0.969 -0.088 -0.642  0.310  0.708  0.928 -0.542
        6  0.99994   0.891 -0.340 -0.797  1.000 -0.624  0.590  0.557 -0.221 -0.334 -0.572 -0.034
        8  0.99997  -0.888  0.922  0.969 -0.624  1.000  0.130 -0.596  0.311  0.768  0.963 -0.717
        9  0.99385   0.211  0.291 -0.088  0.590  0.130  1.000  0.003 -0.335  0.043  0.074 -0.524
       20  0.98824   0.646 -0.391 -0.642  0.557 -0.596  0.003  1.000  0.195 -0.285 -0.516  0.138
       21  0.99953  -0.196  0.500  0.310 -0.221  0.311 -0.335  0.195  1.000  0.734  0.509 -0.504
       22  0.99981  -0.513  0.906  0.708 -0.334  0.768  0.043 -0.285  0.734  1.000  0.908 -0.821
       23  0.99997  -0.799  0.960  0.928 -0.572  0.963  0.074 -0.516  0.509  0.908  1.000 -0.780
       24  0.99981   0.345 -0.920 -0.542 -0.034 -0.717 -0.524  0.138 -0.504 -0.821 -0.780  1.000
 ERR MATRIX NOT POS-DEF
MINUIT - FIT ONLY 1-y
 **********
 **   51 **RES 
 **********
                   PARAMETER   16  beta_vw RESTORED TO VARIABLE.
                   PARAMETER   14  alpha_vw RESTORED TO VARIABLE.
                   PARAMETER   13  beta_y RESTORED TO VARIABLE.
                   PARAMETER   11  alpha_y RESTORED TO VARIABLE.
                   PARAMETER   10  beta_2CBO RESTORED TO VARIABLE.
 **********
 **   52 **FIX            0
 **********
 PARAMETER    0  IS UNDEFINED. IGNORED.
 **********
 **   53 **FIX            1
 **********
 **********
 **   54 **FIX            2
 **********
 PARAMETER    2  IS CONSTANT.   IGNORED.
 **********
 **   55 **FIX            3
 **********
 **********
 **   56 **FIX            4
 **********
 **********
 **   57 **FIX            5
 **********
 PARAMETER    5  IS CONSTANT.   IGNORED.
 **********
 **   58 **FIX            6
 **********
 **********
 **   59 **FIX            7
 **********
 PARAMETER    7  IS CONSTANT.   IGNORED.
 **********
 **   60 **FIX            8
 **********
 **********
 **   61 **FIX            9
 **********
 **********
 **   62 **FIX           13
 **********
 **********
 **   63 **FIX           14
 **********
 **********
 **   64 **FIX           15
 **********
 PARAMETER   15  IS CONSTANT.   IGNORED.
 **********
 **   65 **FIX           16
 **********
 **********
 **   66 **MIGRAD
 **********
 START MIGRAD MINIMIZATION.  STRATEGY  1.  CONVERGENCE WHEN EDM .LT. 1.00e-04
 FCN=4.00756 FROM MIGRAD    STATUS=INITIATE       16 CALLS        5345 TOTAL
                     EDM= unknown      STRATEGY= 1      NO ERROR MATRIX       
  EXT PARAMETER               CURRENT GUESS       STEP         FIRST   
  NO.   NAME      VALUE            ERROR          SIZE      DERIVATIVE 
   1  N0           2.87078e+06     fixed    
   2  tau          6.44101e+01   constant   
   3  A0           3.80537e-01     fixed    
   4  phi          4.25213e+00     fixed    
   5  R           -5.98037e+01   constant   
   6  alpha_CBO   -4.01103e-03     fixed    
   7  w_CBO        2.32500e+00   constant   
   8  beta_CBO     2.04871e-02     fixed    
   9  alpha_2CBO   7.41909e-05     fixed    
  10  beta_2CBO    2.91373e-04   9.53244e-04   9.53244e-04  -4.94462e+01
  11  alpha_y      0.00000e+00   1.00000e-03   1.00000e-03   8.47247e+03
  12  w_y          1.44500e+01   constant   
  13  beta_y       8.74426e-04     fixed    
  14  alpha_vw     0.00000e+00     fixed    
  15  w_vw         1.29000e+01   constant   
  16  beta_vw      0.00000e+00     fixed    
  17  LM           1.43880e-04   constant   
  18  zeta_y       0.00000e+00   constant   
  19  zeta_vw      0.00000e+00   constant   
  20  T_CBO        1.27050e+02   5.90104e+00  -8.49205e-05  -2.30452e+00
  21  alpha_A0     2.53670e-02   1.56750e-02   1.53103e-04   4.80924e+01
  22  beta_A0      1.34896e-01   3.31643e-02   5.69645e-04  -1.32506e+01
  23  alpha_phi    1.95469e-01   6.91070e-02   1.33147e-03  -1.06783e+01
  24  beta_phi    -3.37514e-02   3.29191e-02  -4.94459e-04  -2.06628e+01
 MIGRAD MINIMIZATION HAS CONVERGED.
 MIGRAD WILL VERIFY CONVERGENCE AND ERROR MATRIX.
 COVARIANCE MATRIX CALCULATED SUCCESSFULLY
 FCN=3.32204 FROM HESSE     STATUS=OK             50 CALLS        5474 TOTAL
                     EDM=0.000552553    STRATEGY= 1      ERROR MATRIX ACCURATE 
  EXT PARAMETER                                   STEP         FIRST   
  NO.   NAME      VALUE            ERROR          SIZE      DERIVATIVE 
   1  N0           2.87078e+06     fixed    
   2  tau          6.44101e+01   constant   
   3  A0           3.80537e-01     fixed    
   4  phi          4.25213e+00     fixed    
   5  R           -5.98037e+01   constant   
   6  alpha_CBO   -4.01103e-03     fixed    
   7  w_CBO        2.32500e+00   constant   
   8  beta_CBO     2.04871e-02     fixed    
   9  alpha_2CBO   7.41909e-05     fixed    
  10  beta_2CBO    2.68469e-04   4.93748e-04   1.93337e-07   1.82307e+00
  11  alpha_y     -1.61671e-04   1.95422e-04   1.97044e-07  -4.23146e-01
  12  w_y          1.44500e+01   constant   
  13  beta_y       8.74426e-04     fixed    
  14  alpha_vw     0.00000e+00     fixed    
  15  w_vw         1.29000e+01   constant   
  16  beta_vw      0.00000e+00     fixed    
  17  LM           1.43880e-04   constant   
  18  zeta_y       0.00000e+00   constant   
  19  zeta_vw      0.00000e+00   constant   
  20  T_CBO        1.27013e+02   2.48860e+02   4.39455e-06  -1.33703e-01
  21  alpha_A0     2.52963e-02   2.26595e-02   9.75817e-07  -1.02886e+00
  22  beta_A0      1.34946e-01   1.32266e-01   1.10049e-06   3.93550e-01
  23  alpha_phi    1.95404e-01   1.88575e-01   1.09299e-06  -2.19931e-01
  24  beta_phi    -3.37804e-02   3.43965e-02   9.42421e-07   1.52471e+00
 MIGRAD MINIMIZATION HAS CONVERGED.
 MIGRAD WILL VERIFY CONVERGENCE AND ERROR MATRIX.
 COVARIANCE MATRIX CALCULATED SUCCESSFULLY
 FCN=3.32102 FROM MIGRAD    STATUS=CONVERGED     555 CALLS        5884 TOTAL
                     EDM=4.144e-05    STRATEGY= 1      ERROR MATRIX ACCURATE 
  EXT PARAMETER                                   STEP         FIRST   
  NO.   NAME      VALUE            ERROR          SIZE      DERIVATIVE 
   1  N0           2.87078e+06     fixed    
   2  tau          6.44101e+01   constant   
   3  A0           3.80537e-01     fixed    
   4  phi          4.25213e+00     fixed    
   5  R           -5.98037e+01   constant   
   6  alpha_CBO   -4.01103e-03     fixed    
   7  w_CBO        2.32500e+00   constant   
   8  beta_CBO     2.04871e-02     fixed    
   9  alpha_2CBO   7.41909e-05     fixed    
  10  beta_2CBO    2.84027e-04   5.11269e-04   1.93315e-07   5.07630e-01
  11  alpha_y     -1.61864e-04   1.95430e-04   1.97021e-07   5.43334e-01
  12  w_y          1.44500e+01   constant   
  13  beta_y       8.74426e-04     fixed    
  14  alpha_vw     0.00000e+00     fixed    
  15  w_vw         1.29000e+01   constant   
  16  beta_vw      0.00000e+00     fixed    
  17  LM           1.43880e-04   constant   
  18  zeta_y       0.00000e+00   constant   
  19  zeta_vw      0.00000e+00   constant   
  20  T_CBO        1.38449e+02   5.61192e+02   4.99467e-06  -8.01075e-01
  21  alpha_A0     2.44657e-02   2.30573e-02   9.42231e-07   1.19329e+00
  22  beta_A0      1.30097e-01   1.34073e-01   1.06283e-06  -2.09841e+00
  23  alpha_phi    1.88489e-01   1.91263e-01   1.05590e-06  -2.88014e+00
  24  beta_phi    -3.25217e-02   3.48166e-02   9.09870e-07   3.80961e-02
 EXTERNAL ERROR MATRIX.    NDIM=  25    NPAR=  7    ERR DEF=1
  2.614e-07  2.881e-09  1.539e-01 -9.957e-06 -5.885e-05 -8.368e-05  1.537e-05 
  2.881e-09  3.819e-08 -1.962e-03  1.400e-07  7.436e-07  1.088e-06 -1.868e-07 
  1.539e-01 -1.962e-03  1.233e+05 -8.087e+00 -4.708e+01 -6.716e+01  1.222e+01 
 -9.957e-06  1.400e-07 -8.087e+00  5.316e-04  3.087e-03  4.405e-03 -8.012e-04 
 -5.885e-05  7.436e-07 -4.708e+01  3.087e-03  1.798e-02  2.564e-02 -4.666e-03 
 -8.368e-05  1.088e-06 -6.716e+01  4.405e-03  2.564e-02  3.658e-02 -6.656e-03 
  1.537e-05 -1.868e-07  1.222e+01 -8.012e-04 -4.666e-03 -6.656e-03  1.212e-03 
 PARAMETER  CORRELATION COEFFICIENTS  
       NO.  GLOBAL     10     11     20     21     22     23     24
       10  0.92802   1.000  0.029  0.857 -0.845 -0.858 -0.856  0.863
       11  0.11601   0.029  1.000 -0.029  0.031  0.028  0.029 -0.027
       20  0.99999   0.857 -0.029  1.000 -0.999 -1.000 -1.000  1.000
       21  0.99919  -0.845  0.031 -0.999  1.000  0.999  0.999 -0.998
       22  0.99997  -0.858  0.028 -1.000  0.999  1.000  1.000 -1.000
       23  0.99999  -0.856  0.029 -1.000  0.999  1.000  1.000 -1.000
       24  0.99967   0.863 -0.027  1.000 -0.998 -1.000 -1.000  1.000
MINUIT - FIT ONLY 2-y
 **********
 **   67 **RES 
 **********
                   PARAMETER   16  beta_vw RESTORED TO VARIABLE.
                   PARAMETER   14  alpha_vw RESTORED TO VARIABLE.
                   PARAMETER   13  beta_y RESTORED TO VARIABLE.
                   PARAMETER    9  alpha_2CBO RESTORED TO VARIABLE.
                   PARAMETER    8  beta_CBO RESTORED TO VARIABLE.
                   PARAMETER    6  alpha_CBO RESTORED TO VARIABLE.
                   PARAMETER    4  phi RESTORED TO VARIABLE.
                   PARAMETER    3  A0 RESTORED TO VARIABLE.
                   PARAMETER    1  N0 RESTORED TO VARIABLE.
 **********
 **   68 **FIX            0
 **********
 PARAMETER    0  IS UNDEFINED. IGNORED.
 **********
 **   69 **FIX            1
 **********
 **********
 **   70 **FIX            2
 **********
 PARAMETER    2  IS CONSTANT.   IGNORED.
 **********
 **   71 **FIX            3
 **********
 **********
 **   72 **FIX            4
 **********
 **********
 **   73 **FIX            5
 **********
 PARAMETER    5  IS CONSTANT.   IGNORED.
 **********
 **   74 **FIX            6
 **********
 **********
 **   75 **FIX            7
 **********
 PARAMETER    7  IS CONSTANT.   IGNORED.
 **********
 **   76 **FIX            8
 **********
 **********
 **   77 **FIX            9
 **********
 **********
 **   78 **FIX           10
 **********
 **********
 **   79 **FIX           11
 **********
 **********
 **   80 **FIX           12
 **********
 PARAMETER   12  IS CONSTANT.   IGNORED.
 **********
 **   81 **FIX           16
 **********
 **********
 **   82 **MIGRAD
 **********
 START MIGRAD MINIMIZATION.  STRATEGY  1.  CONVERGENCE WHEN EDM .LT. 1.00e-04
 FCN=3.32102 FROM MIGRAD    STATUS=INITIATE       16 CALLS        5900 TOTAL
                     EDM= unknown      STRATEGY= 1      NO ERROR MATRIX       
  EXT PARAMETER               CURRENT GUESS       STEP         FIRST   
  NO.   NAME      VALUE            ERROR          SIZE      DERIVATIVE 
   1  N0           2.87078e+06     fixed    
   2  tau          6.44101e+01   constant   
   3  A0           3.80537e-01     fixed    
   4  phi          4.25213e+00     fixed    
   5  R           -5.98037e+01   constant   
   6  alpha_CBO   -4.01103e-03     fixed    
   7  w_CBO        2.32500e+00   constant   
   8  beta_CBO     2.04871e-02     fixed    
   9  alpha_2CBO   7.41909e-05     fixed    
  10  beta_2CBO    2.84027e-04     fixed    
  11  alpha_y     -1.61864e-04     fixed    
  12  w_y          1.44500e+01   constant   
  13  beta_y       8.74426e-04   1.77331e-04   1.77331e-04   6.77980e+02
