 + ++++++++++++++++++++++++++++++++++++++++++++++++++++++++++++++++++++ +
 +                                                                      +
 +           You have chose to blind your fitting according to          +
 +                omega_ref * (1 + (R +/- deltaR) *10^{-6})             +
 +                                                                      +
 + ++++++++++++++++++++++++++++++++++++++++++++++++++++++++++++++++++++ +
In main()...
reading format from /gm2data/zkhechad/run45/envelope/formats/formatB_sBin_constraintOn.txt
pBinTau 	= 0  
pBinPhi 	= 0  
constraintau 	= 1 
includeMopTerm 	= 0    
constrainMop    = 0   
Parameters after format file: pBinTau 0 pBinPhi 0 constraintau 1 includeMopTerm 0 constrainMop 0 c_e_scale 0.000000 
Opening file /gm2data/tbarrett/gm2fr/studies/run23_bunch_corrections/CorrectedFourier_Run3b.root.
reading full fit data from /gm2data/zkhechad/cboTemplates/Run4CBOTemplates/templateFits0_v2.0/noRF/sBin_constraintOn_cE0.0_seed0_noRF_calo5.root
windowBins = 17
fitting sliding window 270 from bin 406 at 60.426000 to bin 423 at 63.111600 (17 bins)

Reading data from /gm2data/cornell/histograms/aMethod/histogram_a_noRF.root
 **********
 **    1 **SET PRINTOUT            1
 **********
 **********
 **    2 **SET NOWARNINGS 
 **********
 PARAMETER DEFINITIONS:
    NO.   NAME         VALUE      STEP SIZE      LIMITS
     1 N0           2.79488e+06  1.00000e+02     no limits
     2 tau          6.43938e+01  constant
     3 A0           3.58429e-01  1.00000e-04     no limits
     4 phi          4.11634e+00  1.00000e-02     no limits
     5 R           -6.25265e+01  constant
     6 alpha_CBO    0.00000e+00  1.00000e-03     no limits
     7 w_CBO        2.32500e+00  constant
     8 beta_CBO     0.00000e+00  1.00000e-03     no limits
     9 alpha_2CBO   0.00000e+00  1.00000e-03     no limits
    10 beta_2CBO    0.00000e+00  1.00000e-03     no limits
    11 alpha_y      0.00000e+00  1.00000e-03     no limits
    12 w_y          1.44500e+01  constant
    13 beta_y       0.00000e+00  1.00000e-03     no limits
    14 alpha_vw     0.00000e+00  1.00000e-03     no limits
    15 w_vw         1.29000e+01  constant
    16 beta_vw      0.00000e+00  1.00000e-03     no limits
    17 LM          -3.26799e-04  constant
    18 zeta_y       0.00000e+00  constant
    19 zeta_vw      0.00000e+00  constant
    20 T_CBO        1.00000e+02  1.00000e+00    0.00000e+00  1.00000e+03
    21 alpha_A0     0.00000e+00  1.00000e-03     no limits
    22 beta_A0      0.00000e+00  1.00000e-03     no limits
    23 alpha_phi    0.00000e+00  1.00000e-03     no limits
    24 beta_phi     0.00000e+00  1.00000e-03     no limits
MINUIT - FIT ONLY WIGGLE
 **********
 **    3 **FIX            5
 **********
 PARAMETER    5  IS CONSTANT.   IGNORED.
 **********
 **    4 **FIX            6
 **********
 **********
 **    5 **FIX            7
 **********
 PARAMETER    7  IS CONSTANT.   IGNORED.
 **********
 **    6 **FIX            8
 **********
 **********
 **    7 **FIX            9
 **********
 **********
 **    8 **FIX           10
 **********
 **********
 **    9 **FIX           11
 **********
 **********
 **   10 **FIX           12
 **********
 PARAMETER   12  IS CONSTANT.   IGNORED.
 **********
 **   11 **FIX           13
 **********
 **********
 **   12 **FIX           14
 **********
 **********
 **   13 **FIX           15
 **********
 PARAMETER   15  IS CONSTANT.   IGNORED.
 **********
 **   14 **FIX           16
 **********
 **********
 **   15 **MIGRAD
 **********
 FIRST CALL TO USER FUNCTION AT NEW START POINT, WITH IFLAG=4.
 START MIGRAD MINIMIZATION.  STRATEGY  1.  CONVERGENCE WHEN EDM .LT. 1.00e-04
 FCN=970.166 FROM MIGRAD    STATUS=INITIATE      429 CALLS         430 TOTAL
                     EDM= unknown      STRATEGY= 1      NO ERROR MATRIX       
  EXT PARAMETER               CURRENT GUESS       STEP         FIRST   
  NO.   NAME      VALUE            ERROR          SIZE      DERIVATIVE 
   1  N0           2.79488e+06   1.00000e+02   0.00000e+00   2.96405e-02
   2  tau          6.43938e+01   constant   
   3  A0           3.58429e-01   1.00000e-04   0.00000e+00   4.86501e+04
   4  phi          4.11634e+00   1.00000e-02   0.00000e+00  -8.24678e+04
   5  R           -6.25265e+01   constant   
   6  alpha_CBO    0.00000e+00     fixed    
   7  w_CBO        2.32500e+00   constant   
   8  beta_CBO     0.00000e+00     fixed    
   9  alpha_2CBO   0.00000e+00     fixed    
  10  beta_2CBO    0.00000e+00     fixed    
  11  alpha_y      0.00000e+00     fixed    
  12  w_y          1.44500e+01   constant   
  13  beta_y       0.00000e+00     fixed    
  14  alpha_vw     0.00000e+00     fixed    
  15  w_vw         1.29000e+01   constant   
  16  beta_vw      0.00000e+00     fixed    
  17  LM          -3.26799e-04   constant   
  18  zeta_y       0.00000e+00   constant   
  19  zeta_vw      0.00000e+00   constant   
  20  T_CBO        1.00000e+02   1.00000e+00   0.00000e+00   0.00000e+00
  21  alpha_A0     0.00000e+00   1.00000e-03   0.00000e+00  -6.07977e+03
  22  beta_A0      0.00000e+00   1.00000e-03   0.00000e+00  -4.56878e+03
  23  alpha_phi    0.00000e+00   1.00000e-03   0.00000e+00  -1.97226e+04
  24  beta_phi     0.00000e+00   1.00000e-03   0.00000e+00  -2.37749e+04
 CALL LIMIT EXCEEDED IN MIGRAD.
 MIGRAD TERMINATED WITHOUT CONVERGENCE.
 FCN=145.216 FROM MIGRAD    STATUS=CALL LIMIT   1321 CALLS        1322 TOTAL
                     EDM=0.00824872    STRATEGY= 1  ERROR MATRIX UNCERTAINTY   0.8 per cent
  EXT PARAMETER                APPROXIMATE        STEP         FIRST   
  NO.   NAME      VALUE            ERROR          SIZE      DERIVATIVE 
   1  N0           2.77892e+06   8.13544e+02  -7.96057e+00   8.91193e-05
   2  tau          6.43938e+01   constant   
   3  A0           3.53244e-01   2.77813e-04   3.23944e-07  -2.39154e+02
   4  phi          4.13113e+00   8.62308e-04   1.64298e-05  -8.46414e+01
   5  R           -6.25265e+01   constant   
   6  alpha_CBO    0.00000e+00     fixed    
   7  w_CBO        2.32500e+00   constant   
   8  beta_CBO     0.00000e+00     fixed    
   9  alpha_2CBO   0.00000e+00     fixed    
  10  beta_2CBO    0.00000e+00     fixed    
  11  alpha_y      0.00000e+00     fixed    
  12  w_y          1.44500e+01   constant   
  13  beta_y       0.00000e+00     fixed    
  14  alpha_vw     0.00000e+00     fixed    
  15  w_vw         1.29000e+01   constant   
  16  beta_vw      0.00000e+00     fixed    
  17  LM          -3.26799e-04   constant   
  18  zeta_y       0.00000e+00   constant   
  19  zeta_vw      0.00000e+00   constant   
  20  T_CBO        1.91910e+01   3.77065e+00   1.02254e-03  -1.31569e+01
  21  alpha_A0    -2.26788e-02   9.16002e-03  -1.14690e-04  -8.22686e+00
  22  beta_A0     -2.43542e-01   1.70198e-01  -7.62173e-03   9.19115e-01
  23  alpha_phi   -4.13889e-03   3.14952e-02  -1.50549e-03  -1.23154e+00
  24  beta_phi    -1.21960e-01   9.36228e-02  -4.09908e-03  -4.77694e+00
 EXTERNAL ERROR MATRIX.    NDIM=  25    NPAR=  8    ERR DEF=1
  6.619e+05  1.785e-01 -3.143e-01 -7.324e+02  3.686e+00  4.066e+01  6.180e+00  2.316e+01 
  1.785e-01  7.718e-08 -6.325e-08 -2.011e-05  6.781e-07  2.314e-06 -7.986e-09  1.544e-06 
 -3.143e-01 -6.325e-08  7.436e-07  2.292e-03 -4.135e-06 -1.134e-04 -2.102e-05 -6.234e-05 
 -7.324e+02 -2.011e-05  2.292e-03  1.422e+01 -2.651e-02 -6.340e-01 -1.161e-01 -3.492e-01 
  3.686e+00  6.781e-07 -4.135e-06 -2.651e-02  8.391e-05  1.149e-03  1.950e-04  6.490e-04 
  4.066e+01  2.314e-06 -1.134e-04 -6.340e-01  1.149e-03  2.897e-02  5.335e-03  1.593e-02 
  6.180e+00 -7.986e-09 -2.102e-05 -1.161e-01  1.950e-04  5.335e-03  9.919e-04  2.926e-03 
  2.316e+01  1.544e-06 -6.234e-05 -3.492e-01  6.490e-04  1.593e-02  2.926e-03  8.765e-03 
ERR MATRIX APPROXIMATE
 PARAMETER  CORRELATION COEFFICIENTS  
       NO.  GLOBAL      1      3      4     20     21     22     23     24
        1  0.91801   1.000  0.790 -0.448 -0.239  0.495  0.294  0.241  0.304
        3  0.84712   0.790  1.000 -0.264 -0.019  0.266  0.049 -0.001  0.059
        4  0.88143  -0.448 -0.264  1.000  0.705 -0.524 -0.773 -0.774 -0.772
       20  0.99611  -0.239 -0.019  0.705  1.000 -0.767 -0.988 -0.977 -0.989
       21  0.97691   0.495  0.266 -0.524 -0.767  1.000  0.737  0.676  0.757
       22  0.99994   0.294  0.049 -0.773 -0.988  0.737  1.000  0.995  0.999
       23  0.99935   0.241 -0.001 -0.774 -0.977  0.676  0.995  1.000  0.992
       24  0.99992   0.304  0.059 -0.772 -0.989  0.757  0.999  0.992  1.000
 ERR MATRIX APPROXIMATE
MINUIT - FIT ONLY 1-CBO + wiggle
 **********
 **   16 **RES 
 **********
                   PARAMETER   16  beta_vw RESTORED TO VARIABLE.
                   PARAMETER   14  alpha_vw RESTORED TO VARIABLE.
                   PARAMETER   13  beta_y RESTORED TO VARIABLE.
                   PARAMETER   11  alpha_y RESTORED TO VARIABLE.
                   PARAMETER   10  beta_2CBO RESTORED TO VARIABLE.
                   PARAMETER    9  alpha_2CBO RESTORED TO VARIABLE.
                   PARAMETER    8  beta_CBO RESTORED TO VARIABLE.
                   PARAMETER    6  alpha_CBO RESTORED TO VARIABLE.
 **********
 **   17 **FIX            8
 **********
 **********
 **   18 **FIX            9
 **********
 **********
 **   19 **FIX           11
 **********
 **********
 **   20 **FIX           12
 **********
 PARAMETER   12  IS CONSTANT.   IGNORED.
 **********
 **   21 **FIX           14
 **********
 **********
 **   22 **FIX           15
 **********
 PARAMETER   15  IS CONSTANT.   IGNORED.
 **********
 **   23 **FIX           16
 **********
 **********
 **   24 **MIGRAD
 **********
 START MIGRAD MINIMIZATION.  STRATEGY  1.  CONVERGENCE WHEN EDM .LT. 1.00e-04
 FCN=145.216 FROM MIGRAD    STATUS=INITIATE       28 CALLS        1350 TOTAL
                     EDM= unknown      STRATEGY= 1      NO ERROR MATRIX       
  EXT PARAMETER               CURRENT GUESS       STEP         FIRST   
  NO.   NAME      VALUE            ERROR          SIZE      DERIVATIVE 
   1  N0           2.77892e+06   8.13544e+02  -7.96057e+00   8.91193e-05
   2  tau          6.43938e+01   constant   
   3  A0           3.53244e-01   2.77813e-04   3.23944e-07  -2.39154e+02
   4  phi          4.13113e+00   8.62308e-04   1.64298e-05  -8.46414e+01
   5  R           -6.25265e+01   constant   
   6  alpha_CBO    0.00000e+00   1.00000e-03   1.00000e-03   1.54212e+03
   7  w_CBO        2.32500e+00   constant   
   8  beta_CBO     0.00000e+00     fixed    
   9  alpha_2CBO   0.00000e+00     fixed    
  10  beta_2CBO    0.00000e+00   1.00000e-03   1.00000e-03   4.14578e+03
  11  alpha_y      0.00000e+00     fixed    
  12  w_y          1.44500e+01   constant   
  13  beta_y       0.00000e+00   1.00000e-03   1.00000e-03   4.89767e+04
  14  alpha_vw     0.00000e+00     fixed    
  15  w_vw         1.29000e+01   constant   
  16  beta_vw      0.00000e+00     fixed    
  17  LM          -3.26799e-04   constant   
  18  zeta_y       0.00000e+00   constant   
  19  zeta_vw      0.00000e+00   constant   
  20  T_CBO        1.91910e+01   3.77065e+00   1.02254e-03   1.31569e+01
  21  alpha_A0    -2.26788e-02   9.16002e-03  -1.14690e-04  -8.22686e+00
  22  beta_A0     -2.43542e-01   1.70198e-01  -7.62173e-03   9.19115e-01
  23  alpha_phi   -4.13889e-03   3.14952e-02  -1.50549e-03  -1.23154e+00
  24  beta_phi    -1.21960e-01   9.36228e-02  -4.09908e-03  -4.77694e+00
 CALL LIMIT EXCEEDED IN MIGRAD.
 MIGRAD TERMINATED WITHOUT CONVERGENCE.
 FCN=91.1259 FROM MIGRAD    STATUS=CALL LIMIT   1909 CALLS        3231 TOTAL
                     EDM=0.000205222    STRATEGY= 1  ERROR MATRIX UNCERTAINTY   2.5 per cent
  EXT PARAMETER                APPROXIMATE        STEP         FIRST   
  NO.   NAME      VALUE            ERROR          SIZE      DERIVATIVE 
   1  N0           2.87618e+06   2.00598e+04   2.40907e+01   6.72348e-06
   2  tau          6.43938e+01   constant   
   3  A0           3.15547e-01   2.64258e-03   2.49398e-06  -3.49601e+01
   4  phi          4.09728e+00   8.10639e-03  -8.51599e-05   3.60702e+01
   5  R           -6.25265e+01   constant   
   6  alpha_CBO    5.23153e-02   9.74920e-03   3.59799e-05  -6.25362e+01
   7  w_CBO        2.32500e+00   constant   
   8  beta_CBO     0.00000e+00     fixed    
   9  alpha_2CBO   0.00000e+00     fixed    
  10  beta_2CBO   -3.00066e-02   3.61753e-03  -2.50941e-05  -2.40277e+01
  11  alpha_y      0.00000e+00     fixed    
  12  w_y          1.44500e+01   constant   
  13  beta_y      -1.47303e-03   2.35084e-04  -1.12613e-06   1.29672e+01
  14  alpha_vw     0.00000e+00     fixed    
  15  w_vw         1.29000e+01   constant   
  16  beta_vw      0.00000e+00     fixed    
  17  LM          -3.26799e-04   constant   
  18  zeta_y       0.00000e+00   constant   
  19  zeta_vw      0.00000e+00   constant   
  20  T_CBO        2.26854e+01   6.81190e-02   2.11229e-06   3.12916e+01
  21  alpha_A0    -2.68397e-01   1.53057e-01  -2.07498e-03  -6.25255e-01
  22  beta_A0      2.52854e+00   3.70292e-01   1.55375e-03   1.07816e+00
  23  alpha_phi    5.66037e+00   6.59009e-01   3.97632e-03   1.40473e-01
  24  beta_phi    -1.69572e+00   2.73403e-01   8.06055e-04   1.25738e+00
 EXTERNAL ERROR MATRIX.    NDIM=  25    NPAR= 11    ERR DEF=1
  4.024e+08 
 -4.126e+01  6.983e-06 
  1.074e+02 -1.412e-05  6.571e-05 
  1.879e+02 -2.136e-05  5.069e-05  9.505e-05 
 -5.010e+01  7.910e-06 -1.300e-05 -3.015e-05  1.309e-05 
 -1.580e+00  7.061e-08 -3.358e-07 -7.038e-07  1.352e-07  5.526e-08 
  1.152e+02 -1.036e-04  2.264e-05  1.897e-04 -1.665e-04  2.152e-06  4.640e-03 
  8.635e+02 -3.903e-05  5.971e-04  5.181e-05  2.205e-04 -3.125e-06 -6.037e-03  2.343e-02 
  7.273e+03 -7.192e-04  1.502e-03  3.376e-03 -8.985e-04 -2.910e-05  2.275e-03  1.218e-02  1.371e-01 
  1.230e+04 -1.453e-03  2.736e-03  6.323e-03 -2.120e-03 -4.406e-05  1.658e-02 -7.137e-03  2.280e-01  4.343e-01 
 -5.113e+03  6.659e-04 -1.803e-03 -2.460e-03  7.350e-04  1.544e-05 -4.982e-03 -1.298e-02 -8.772e-02 -1.584e-01  7.475e-02 
ERR MATRIX APPROXIMATE
 PARAMETER  CORRELATION COEFFICIENTS  
       NO.  GLOBAL      1      3      4      6     10     13     20     21     22     23     24
        1  0.99992   1.000 -0.778  0.661  0.961 -0.690 -0.335  0.084  0.281  0.979  0.930 -0.932
        3  0.99965  -0.778  1.000 -0.659 -0.829  0.827  0.114 -0.575 -0.096 -0.735 -0.835  0.922
        4  0.99953   0.661 -0.659  1.000  0.641 -0.443 -0.176  0.041  0.481  0.500  0.512 -0.813
        6  0.99996   0.961 -0.829  0.641  1.000 -0.855 -0.307  0.286  0.035  0.935  0.984 -0.923
       10  0.99858  -0.690  0.827 -0.443 -0.855  1.000  0.159 -0.676  0.398 -0.671 -0.889  0.743
       13  0.42429  -0.335  0.114 -0.176 -0.307  0.159  1.000  0.134 -0.087 -0.334 -0.284  0.240
       20  0.98393   0.084 -0.575  0.041  0.286 -0.676  0.134  1.000 -0.579  0.090  0.369 -0.268
       21  0.99802   0.281 -0.096  0.481  0.035  0.398 -0.087 -0.579  1.000  0.215 -0.071 -0.310
       22  0.99967   0.979 -0.735  0.500  0.935 -0.671 -0.334  0.090  0.215  1.000  0.935 -0.866
       23  0.99998   0.930 -0.835  0.512  0.984 -0.889 -0.284  0.369 -0.071  0.935  1.000 -0.879
       24  0.99961  -0.932  0.922 -0.813 -0.923  0.743  0.240 -0.268 -0.310 -0.866 -0.879  1.000
 ERR MATRIX APPROXIMATE
MINUIT - FIT ONLY 2-CBO
 **********
 **   25 **RES 
 **********
                   PARAMETER   16  beta_vw RESTORED TO VARIABLE.
                   PARAMETER   14  alpha_vw RESTORED TO VARIABLE.
                   PARAMETER   11  alpha_y RESTORED TO VARIABLE.
                   PARAMETER    9  alpha_2CBO RESTORED TO VARIABLE.
                   PARAMETER    8  beta_CBO RESTORED TO VARIABLE.
 **********
 **   26 **FIX            0
 **********
 PARAMETER    0  IS UNDEFINED. IGNORED.
 **********
 **   27 **FIX            1
 **********
 **********
 **   28 **FIX            2
 **********
 PARAMETER    2  IS CONSTANT.   IGNORED.
 **********
 **   29 **FIX            3
 **********
 **********
 **   30 **FIX            4
 **********
 **********
 **   31 **FIX            5
 **********
 PARAMETER    5  IS CONSTANT.   IGNORED.
 **********
 **   32 **FIX            6
 **********
 **********
 **   33 **FIX            7
 **********
 PARAMETER    7  IS CONSTANT.   IGNORED.
 **********
 **   34 **FIX           10
 **********
 **********
 **   35 **FIX           11
 **********
 **********
 **   36 **FIX           12
 **********
 PARAMETER   12  IS CONSTANT.   IGNORED.
 **********
 **   37 **FIX           13
 **********
 **********
 **   38 **FIX           14
 **********
 **********
 **   39 **FIX           15
 **********
 PARAMETER   15  IS CONSTANT.   IGNORED.
 **********
 **   40 **FIX           16
 **********
 **********
 **   41 **MIGRAD
 **********
 START MIGRAD MINIMIZATION.  STRATEGY  1.  CONVERGENCE WHEN EDM .LT. 1.00e-04
 FCN=91.1259 FROM MIGRAD    STATUS=INITIATE       18 CALLS        3249 TOTAL
                     EDM= unknown      STRATEGY= 1      NO ERROR MATRIX       
  EXT PARAMETER               CURRENT GUESS       STEP         FIRST   
  NO.   NAME      VALUE            ERROR          SIZE      DERIVATIVE 
   1  N0           2.87618e+06     fixed    
   2  tau          6.43938e+01   constant   
   3  A0           3.15547e-01     fixed    
   4  phi          4.09728e+00     fixed    
   5  R           -6.25265e+01   constant   
   6  alpha_CBO    5.23153e-02     fixed    
   7  w_CBO        2.32500e+00   constant   
   8  beta_CBO     0.00000e+00   1.00000e-03   1.00000e-03  -5.38074e+01
   9  alpha_2CBO   0.00000e+00   1.00000e-03   1.00000e-03  -4.88944e+02
  10  beta_2CBO   -3.00066e-02     fixed    
  11  alpha_y      0.00000e+00     fixed    
  12  w_y          1.44500e+01   constant   
  13  beta_y      -1.47303e-03     fixed    
  14  alpha_vw     0.00000e+00     fixed    
  15  w_vw         1.29000e+01   constant   
  16  beta_vw      0.00000e+00     fixed    
  17  LM          -3.26799e-04   constant   
  18  zeta_y       0.00000e+00   constant   
  19  zeta_vw      0.00000e+00   constant   
  20  T_CBO        2.26854e+01   6.81190e-02   2.11229e-06   3.12916e+01
  21  alpha_A0    -2.68397e-01   1.53057e-01  -2.07498e-03  -6.25255e-01
  22  beta_A0      2.52854e+00   3.70292e-01   1.55375e-03   1.07816e+00
  23  alpha_phi    5.66037e+00   6.59009e-01   3.97632e-03   1.40473e-01
  24  beta_phi    -1.69572e+00   2.73403e-01   8.06055e-04   1.25738e+00
 MIGRAD MINIMIZATION HAS CONVERGED.
 MIGRAD WILL VERIFY CONVERGENCE AND ERROR MATRIX.
 FCN=91.0487 FROM MIGRAD    STATUS=CONVERGED     183 CALLS        3414 TOTAL
                     EDM=2.62857e-05    STRATEGY= 1      ERR MATRIX NOT POS-DEF
  EXT PARAMETER                APPROXIMATE        STEP         FIRST   
  NO.   NAME      VALUE            ERROR          SIZE      DERIVATIVE 
   1  N0           2.87618e+06     fixed    
   2  tau          6.43938e+01   constant   
   3  A0           3.15547e-01     fixed    
   4  phi          4.09728e+00     fixed    
   5  R           -6.25265e+01   constant   
   6  alpha_CBO    5.23153e-02     fixed    
   7  w_CBO        2.32500e+00   constant   
   8  beta_CBO     9.47095e-05   5.15366e-04   1.01370e-06   1.30798e-02
   9  alpha_2CBO   2.74853e-04   9.17486e-04   9.75267e-07   3.43728e-02
  10  beta_2CBO   -3.00066e-02     fixed    
  11  alpha_y      0.00000e+00     fixed    
  12  w_y          1.44500e+01   constant   
  13  beta_y      -1.47303e-03     fixed    
  14  alpha_vw     0.00000e+00     fixed    
  15  w_vw         1.29000e+01   constant   
  16  beta_vw      0.00000e+00     fixed    
  17  LM          -3.26799e-04   constant   
  18  zeta_y       0.00000e+00   constant   
  19  zeta_vw      0.00000e+00   constant   
  20  T_CBO        2.26793e+01   1.99162e-01   6.04846e-07  -2.94552e+00
  21  alpha_A0    -2.53382e-01   5.22327e-02   5.56543e-05  -2.59209e-03
  22  beta_A0      2.51696e+00   7.38101e-02   6.45526e-05   4.88103e-03
  23  alpha_phi    5.66137e+00   1.35517e-01   5.00504e-05   2.02329e-02
  24  beta_phi    -1.68907e+00   4.96394e-02   4.71539e-05  -7.08534e-03
 EXTERNAL ERROR MATRIX.    NDIM=  25    NPAR=  7    ERR DEF=1
  2.656e-07  2.912e-07 -5.453e-06  1.474e-05 -9.411e-06  3.023e-06  1.353e-05 
  2.912e-07  8.418e-07 -1.491e-05  4.538e-05 -3.586e-05  1.032e-06  2.130e-05 
 -5.453e-06 -1.491e-05  3.967e-02  1.989e-04 -1.133e-02 -2.675e-02  7.529e-03 
  1.474e-05  4.538e-05  1.989e-04  2.728e-03 -2.362e-03 -7.710e-04  1.313e-03 
 -9.411e-06 -3.586e-05 -1.133e-02 -2.362e-03  5.448e-03  8.186e-03 -3.201e-03 
  3.023e-06  1.032e-06 -2.675e-02 -7.710e-04  8.186e-03  1.836e-02 -5.227e-03 
  1.353e-05  2.130e-05  7.529e-03  1.313e-03 -3.201e-03 -5.227e-03  2.464e-03 
ERR MATRIX NOT POS-DEF
 PARAMETER  CORRELATION COEFFICIENTS  
       NO.  GLOBAL      8      9     20     21     22     23     24
        8  0.90784   1.000  0.616 -0.053  0.548 -0.247  0.043  0.529
        9  0.97399   0.616  1.000 -0.082  0.947 -0.530  0.008  0.468
       20  0.99741  -0.053 -0.082  1.000  0.019 -0.770 -0.991  0.762
       21  0.97386   0.548  0.947  0.019  1.000 -0.613 -0.109  0.507
       22  0.98247  -0.247 -0.530 -0.770 -0.613  1.000  0.818 -0.874
       23  0.99690   0.043  0.008 -0.991 -0.109  0.818  1.000 -0.777
       24  0.97928   0.529  0.468  0.762  0.507 -0.874 -0.777  1.000
 ERR MATRIX NOT POS-DEF
MINUIT - FIT wiggle + 1-CBO + 2-CBO
 **********
 **   42 **RES 
 **********
                   PARAMETER   16  beta_vw RESTORED TO VARIABLE.
                   PARAMETER   14  alpha_vw RESTORED TO VARIABLE.
                   PARAMETER   13  beta_y RESTORED TO VARIABLE.
                   PARAMETER   11  alpha_y RESTORED TO VARIABLE.
                   PARAMETER   10  beta_2CBO RESTORED TO VARIABLE.
                   PARAMETER    6  alpha_CBO RESTORED TO VARIABLE.
                   PARAMETER    4  phi RESTORED TO VARIABLE.
                   PARAMETER    3  A0 RESTORED TO VARIABLE.
                   PARAMETER    1  N0 RESTORED TO VARIABLE.
 **********
 **   43 **FIX           10
 **********
 **********
 **   44 **FIX           11
 **********
 **********
 **   45 **FIX           12
 **********
 PARAMETER   12  IS CONSTANT.   IGNORED.
 **********
 **   46 **FIX           13
 **********
 **********
 **   47 **FIX           14
 **********
 **********
 **   48 **FIX           15
 **********
 PARAMETER   15  IS CONSTANT.   IGNORED.
 **********
 **   49 **FIX           16
 **********
 **********
 **   50 **MIGRAD
 **********
 START MIGRAD MINIMIZATION.  STRATEGY  1.  CONVERGENCE WHEN EDM .LT. 1.00e-04
 FCN=91.0487 FROM MIGRAD    STATUS=INITIATE       22 CALLS        3436 TOTAL
                     EDM= unknown      STRATEGY= 1      NO ERROR MATRIX       
  EXT PARAMETER               CURRENT GUESS       STEP         FIRST   
  NO.   NAME      VALUE            ERROR          SIZE      DERIVATIVE 
   1  N0           2.87618e+06   2.00598e+04   2.00598e+04   1.23061e-04
   2  tau          6.43938e+01   constant   
   3  A0           3.15547e-01   2.64258e-03   2.64258e-03  -1.95206e+02
   4  phi          4.09728e+00   8.10639e-03   8.10639e-03   4.04707e+00
   5  R           -6.25265e+01   constant   
   6  alpha_CBO    5.23153e-02   9.74920e-03   9.74920e-03  -4.34078e+02
   7  w_CBO        2.32500e+00   constant   
   8  beta_CBO     9.47095e-05   5.15366e-04   1.01370e-06   1.30809e-02
   9  alpha_2CBO   2.74853e-04   9.17486e-04   9.75267e-07   3.43753e-02
  10  beta_2CBO   -3.00066e-02     fixed    
  11  alpha_y      0.00000e+00     fixed    
  12  w_y          1.44500e+01   constant   
  13  beta_y      -1.47303e-03     fixed    
  14  alpha_vw     0.00000e+00     fixed    
  15  w_vw         1.29000e+01   constant   
  16  beta_vw      0.00000e+00     fixed    
  17  LM          -3.26799e-04   constant   
  18  zeta_y       0.00000e+00   constant   
  19  zeta_vw      0.00000e+00   constant   
  20  T_CBO        2.26793e+01   1.99162e-01   6.04846e-07  -2.94526e+00
  21  alpha_A0    -2.53382e-01   5.22327e-02   5.56543e-05  -2.59254e-03
  22  beta_A0      2.51696e+00   7.38101e-02   6.45526e-05   4.87868e-03
  23  alpha_phi    5.66137e+00   1.35517e-01   5.00504e-05   2.02327e-02
  24  beta_phi    -1.68907e+00   4.96394e-02   4.71539e-05  -7.08543e-03
 MIGRAD MINIMIZATION HAS CONVERGED.
 MIGRAD WILL VERIFY CONVERGENCE AND ERROR MATRIX.
 FCN=90.1206 FROM HESSE     STATUS=NOT POSDEF    100 CALLS        4034 TOTAL
                     EDM=0.000539627    STRATEGY= 1      ERR MATRIX NOT POS-DEF
  EXT PARAMETER                APPROXIMATE        STEP         FIRST   
  NO.   NAME      VALUE            ERROR          SIZE      DERIVATIVE 
   1  N0           2.88011e+06   4.58022e+03   2.00830e+00   2.65131e-06
   2  tau          6.43938e+01   constant   
   3  A0           3.15992e-01   1.42607e-03   5.75556e-07   1.52617e+01
   4  phi          4.09557e+00   4.63838e-03   2.69399e-06   9.74531e-01
   5  R           -6.25265e+01   constant   
   6  alpha_CBO    5.75696e-02   1.80994e-03   9.60034e-07   5.17090e+00
   7  w_CBO        2.32500e+00   constant   
   8  beta_CBO     4.26336e-03   1.67571e-03   1.00665e-06  -6.91850e+00
   9  alpha_2CBO   3.74000e-03   1.22336e-03   9.69886e-07  -2.97762e+00
  10  beta_2CBO   -3.00066e-02     fixed    
  11  alpha_y      0.00000e+00     fixed    
  12  w_y          1.44500e+01   constant   
  13  beta_y      -1.47303e-03     fixed    
  14  alpha_vw     0.00000e+00     fixed    
  15  w_vw         1.29000e+01   constant   
  16  beta_vw      0.00000e+00     fixed    
  17  LM          -3.26799e-04   constant   
  18  zeta_y       0.00000e+00   constant   
  19  zeta_vw      0.00000e+00   constant   
  20  T_CBO        2.28369e+01   1.66509e-01   6.04342e-07   9.75756e+00
  21  alpha_A0    -2.27782e-01   6.78602e-02   5.38689e-05   1.62013e-01
  22  beta_A0      2.54444e+00   8.97890e-02   6.24154e-05   7.73459e-03
  23  alpha_phi    5.87797e+00   1.17721e-01   4.85187e-05   9.17867e-02
  24  beta_phi    -1.40353e+00   1.02455e-01   4.60175e-05  -1.30534e-01
 CALL LIMIT EXCEEDED IN MIGRAD.
 MIGRAD TERMINATED WITHOUT CONVERGENCE.
 FCN=85.9878 FROM MIGRAD    STATUS=CALL LIMIT   1919 CALLS        5333 TOTAL
                     EDM=0.128587    STRATEGY= 1      ERR MATRIX NOT POS-DEF
  EXT PARAMETER                APPROXIMATE        STEP         FIRST   
  NO.   NAME      VALUE            ERROR          SIZE      DERIVATIVE 
   1  N0           2.59764e+06   2.84199e+04  -4.68781e+03  -3.46198e-04
   2  tau          6.43938e+01   constant   
   3  A0           2.30199e-01   1.22750e-02  -2.41566e-03   3.92096e+02
   4  phi          4.06311e+00   9.04243e-03   5.75440e-04  -4.52159e+02
   5  R           -6.25265e+01   constant   
   6  alpha_CBO   -5.69523e-03   9.27350e-03  -1.20081e-03   1.20528e+03
   7  w_CBO        2.32500e+00   constant   
   8  beta_CBO     1.01104e-01   1.12480e-02   2.20486e-03   2.08133e+03
   9  alpha_2CBO   1.40953e-02   2.77559e-03   2.34620e-04   3.53654e+02
  10  beta_2CBO   -3.00066e-02     fixed    
  11  alpha_y      0.00000e+00     fixed    
  12  w_y          1.44500e+01   constant   
  13  beta_y      -1.47303e-03     fixed    
  14  alpha_vw     0.00000e+00     fixed    
  15  w_vw         1.29000e+01   constant   
  16  beta_vw      0.00000e+00     fixed    
  17  LM          -3.26799e-04   constant   
  18  zeta_y       0.00000e+00   constant   
  19  zeta_vw      0.00000e+00   constant   
  20  T_CBO        2.75492e+01   8.55912e-01   1.01161e-03  -1.99168e+03
  21  alpha_A0    -1.67628e+00   8.73422e-02  -1.96074e-03  -1.09042e+01
  22  beta_A0      1.27624e+00   1.26135e-01  -1.66432e-02  -1.44325e+01
  23  alpha_phi    5.57546e+00   2.29332e-01  -4.20924e-03  -1.25960e+01
  24  beta_phi     2.05236e+00   3.58987e-01   5.03592e-02  -3.85694e+01
 EXTERNAL ERROR MATRIX.    NDIM=  25    NPAR= 11    ERR DEF=1
  8.077e+08 
  3.329e+02  1.507e-04 
  8.110e+01  6.386e-06  8.177e-05 
  2.492e+02  9.804e-05  3.703e-05  8.600e-05 
 -2.899e+02 -1.320e-04 -3.568e-06 -7.632e-05  1.265e-04 
 -1.620e+01 -8.961e-06  4.312e-06  2.795e-06  1.633e-05  7.704e-06 
 -2.331e+04 -1.048e-02 -4.518e-04 -6.784e-03  9.285e-03  7.118e-04  7.326e-01 
  1.601e+03  4.567e-04  6.083e-04  6.134e-04 -3.307e-04  6.437e-05 -3.178e-02  7.629e-03 
  3.131e+03  1.250e-03  1.743e-04  9.208e-04 -1.124e-03 -1.158e-04 -9.008e-02  5.292e-03  1.591e-02 
  3.215e+03  1.063e-03  6.668e-04  1.535e-03 -3.290e-04  4.130e-04 -7.225e-02  1.216e-02  1.418e-02  5.259e-02 
 -8.136e+03 -3.316e-03 -9.070e-04 -1.951e-03  3.595e-03  7.133e-04  2.392e-01 -1.287e-02 -3.406e-02  5.334e-03  1.289e-01 
ERR MATRIX NOT POS-DEF
 PARAMETER  CORRELATION COEFFICIENTS  
       NO.  GLOBAL      1      3      4      6      8      9     20     21     22     23     24
        1  0.99998   1.000  0.954  0.316  0.945 -0.907 -0.205 -0.958  0.645  0.873  0.493 -0.797
        3  0.99999   0.954  1.000  0.058  0.861 -0.956 -0.263 -0.998  0.426  0.807  0.378 -0.753
        4  0.99835   0.316  0.058  1.000  0.442 -0.035  0.172 -0.058  0.770  0.153  0.322 -0.279
        6  0.99984   0.945  0.861  0.442  1.000 -0.732  0.109 -0.855  0.757  0.787  0.722 -0.586
        8  0.99995  -0.907 -0.956 -0.035 -0.732  1.000  0.523  0.964 -0.337 -0.792 -0.128  0.890
        9  0.99765  -0.205 -0.263  0.172  0.109  0.523  1.000  0.300  0.266 -0.331  0.649  0.716
       20  0.99992  -0.958 -0.998 -0.058 -0.855  0.964  0.300  1.000 -0.425 -0.834 -0.368  0.778
       21  0.99742   0.645  0.426  0.770  0.757 -0.337  0.266 -0.425  1.000  0.480  0.607 -0.411
       22  0.99826   0.873  0.807  0.153  0.787 -0.792 -0.331 -0.834  0.480  1.000  0.490 -0.752
       23  0.99944   0.493  0.378  0.322  0.722 -0.128  0.649 -0.368  0.607  0.490  1.000  0.065
       24  0.99992  -0.797 -0.753 -0.279 -0.586  0.890  0.716  0.778 -0.411 -0.752  0.065  1.000
 ERR MATRIX NOT POS-DEF
MINUIT - FIT ONLY 1-y
 **********
 **   51 **RES 
 **********
                   PARAMETER   16  beta_vw RESTORED TO VARIABLE.
                   PARAMETER   14  alpha_vw RESTORED TO VARIABLE.
                   PARAMETER   13  beta_y RESTORED TO VARIABLE.
                   PARAMETER   11  alpha_y RESTORED TO VARIABLE.
                   PARAMETER   10  beta_2CBO RESTORED TO VARIABLE.
 **********
 **   52 **FIX            0
 **********
 PARAMETER    0  IS UNDEFINED. IGNORED.
 **********
 **   53 **FIX            1
 **********
 **********
 **   54 **FIX            2
 **********
 PARAMETER    2  IS CONSTANT.   IGNORED.
 **********
 **   55 **FIX            3
 **********
 **********
 **   56 **FIX            4
 **********
 **********
 **   57 **FIX            5
 **********
 PARAMETER    5  IS CONSTANT.   IGNORED.
 **********
 **   58 **FIX            6
 **********
 **********
 **   59 **FIX            7
 **********
 PARAMETER    7  IS CONSTANT.   IGNORED.
 **********
 **   60 **FIX            8
 **********
 **********
 **   61 **FIX            9
 **********
 **********
 **   62 **FIX           13
 **********
 **********
 **   63 **FIX           14
 **********
 **********
 **   64 **FIX           15
 **********
 PARAMETER   15  IS CONSTANT.   IGNORED.
 **********
 **   65 **FIX           16
 **********
 **********
 **   66 **MIGRAD
 **********
 START MIGRAD MINIMIZATION.  STRATEGY  1.  CONVERGENCE WHEN EDM .LT. 1.00e-04
 FCN=85.9878 FROM MIGRAD    STATUS=INITIATE       16 CALLS        5349 TOTAL
                     EDM= unknown      STRATEGY= 1      NO ERROR MATRIX       
  EXT PARAMETER               CURRENT GUESS       STEP         FIRST   
  NO.   NAME      VALUE            ERROR          SIZE      DERIVATIVE 
   1  N0           2.59764e+06     fixed    
   2  tau          6.43938e+01   constant   
   3  A0           2.30199e-01     fixed    
   4  phi          4.06311e+00     fixed    
   5  R           -6.25265e+01   constant   
   6  alpha_CBO   -5.69523e-03     fixed    
   7  w_CBO        2.32500e+00   constant   
   8  beta_CBO     1.01104e-01     fixed    
   9  alpha_2CBO   1.40953e-02     fixed    
  10  beta_2CBO   -3.00066e-02   3.61753e-03   3.61753e-03   8.76896e+01
  11  alpha_y      0.00000e+00   1.00000e-03   1.00000e-03  -6.52524e+04
  12  w_y          1.44500e+01   constant   
  13  beta_y      -1.47303e-03     fixed    
  14  alpha_vw     0.00000e+00     fixed    
  15  w_vw         1.29000e+01   constant   
  16  beta_vw      0.00000e+00     fixed    
  17  LM          -3.26799e-04   constant   
  18  zeta_y       0.00000e+00   constant   
  19  zeta_vw      0.00000e+00   constant   
  20  T_CBO        2.75492e+01   8.55912e-01   1.01161e-03  -1.99168e+03
  21  alpha_A0    -1.67628e+00   8.73422e-02  -1.96074e-03  -1.09042e+01
  22  beta_A0      1.27624e+00   1.26135e-01  -1.66432e-02  -1.44325e+01
  23  alpha_phi    5.57546e+00   2.29332e-01  -4.20924e-03  -1.25960e+01
  24  beta_phi     2.05236e+00   3.58987e-01   5.03592e-02  -3.85694e+01
 MIGRAD MINIMIZATION HAS CONVERGED.
 MIGRAD WILL VERIFY CONVERGENCE AND ERROR MATRIX.
 FCN=36.6292 FROM HESSE     STATUS=NOT POSDEF     50 CALLS        5509 TOTAL
                     EDM=0.000267232    STRATEGY= 1      ERR MATRIX NOT POS-DEF
  EXT PARAMETER                APPROXIMATE        STEP         FIRST   
  NO.   NAME      VALUE            ERROR          SIZE      DERIVATIVE 
   1  N0           2.59764e+06     fixed    
   2  tau          6.43938e+01   constant   
   3  A0           2.30199e-01     fixed    
   4  phi          4.06311e+00     fixed    
   5  R           -6.25265e+01   constant   
   6  alpha_CBO   -5.69523e-03     fixed    
   7  w_CBO        2.32500e+00   constant   
   8  beta_CBO     1.01104e-01     fixed    
   9  alpha_2CBO   1.40953e-02     fixed    
  10  beta_2CBO   -3.02894e-02   4.72194e-04   6.36390e-07  -2.87764e-02
  11  alpha_y      1.51256e-03   2.15141e-04   6.37383e-07  -8.48192e-02
  12  w_y          1.44500e+01   constant   
  13  beta_y      -1.47303e-03     fixed    
  14  alpha_vw     0.00000e+00     fixed    
  15  w_vw         1.29000e+01   constant   
  16  beta_vw      0.00000e+00     fixed    
  17  LM          -3.26799e-04   constant   
  18  zeta_y       0.00000e+00   constant   
  19  zeta_vw      0.00000e+00   constant   
  20  T_CBO        2.75560e+01   3.72829e-01   6.03984e-07   4.47823e+00
  21  alpha_A0    -1.67655e+00   5.21890e-02   2.61141e-05   5.07006e-02
  22  beta_A0      1.26226e+00   4.09886e-02   2.87387e-05  -3.53534e-02
  23  alpha_phi    5.58207e+00   1.67615e-01   3.53480e-05  -9.63366e-02
  24  beta_phi     2.05312e+00   6.27219e-02   3.23719e-05  -4.24154e-02
 MIGRAD MINIMIZATION HAS CONVERGED.
 MIGRAD WILL VERIFY CONVERGENCE AND ERROR MATRIX.
 FCN=36.4556 FROM MIGRAD    STATUS=CONVERGED    1130 CALLS        6463 TOTAL
                     EDM=1.59052e-06    STRATEGY= 1      ERR MATRIX NOT POS-DEF
  EXT PARAMETER                APPROXIMATE        STEP         FIRST   
  NO.   NAME      VALUE            ERROR          SIZE      DERIVATIVE 
   1  N0           2.59764e+06     fixed    
   2  tau          6.43938e+01   constant   
   3  A0           2.30199e-01     fixed    
   4  phi          4.06311e+00     fixed    
   5  R           -6.25265e+01   constant   
   6  alpha_CBO   -5.69523e-03     fixed    
   7  w_CBO        2.32500e+00   constant   
   8  beta_CBO     1.01104e-01     fixed    
   9  alpha_2CBO   1.40953e-02     fixed    
  10  beta_2CBO   -3.02814e-02   4.73466e-04   6.34913e-07  -7.53534e-02
  11  alpha_y      1.51907e-03   2.15155e-04   6.35908e-07  -1.59544e-02
  12  w_y          1.44500e+01   constant   
  13  beta_y      -1.47303e-03     fixed    
  14  alpha_vw     0.00000e+00     fixed    
  15  w_vw         1.29000e+01   constant   
  16  beta_vw      0.00000e+00     fixed    
  17  LM          -3.26799e-04   constant   
  18  zeta_y       0.00000e+00   constant   
  19  zeta_vw      0.00000e+00   constant   
  20  T_CBO        2.41369e+01   2.86228e-01   6.00248e-07   2.45083e+00
  21  alpha_A0    -2.29203e+00   7.14574e-02   3.59246e-05   7.43267e-02
  22  beta_A0      1.74249e+00   5.66378e-02   3.95933e-05   4.75946e-02
  23  alpha_phi    7.65826e+00   2.30112e-01   4.84011e-05   1.77582e-02
  24  beta_phi     2.81451e+00   8.60440e-02   4.42859e-05   3.27199e-02
 EXTERNAL ERROR MATRIX.    NDIM=  25    NPAR=  7    ERR DEF=1
  2.242e-07 -7.910e-09 -1.373e-05  7.471e-06  6.333e-06 -6.761e-06  4.746e-06 
 -7.910e-09  4.629e-08 -1.629e-07 -7.799e-09 -5.424e-07  3.741e-07  2.186e-08 
 -1.373e-05 -1.629e-07  8.193e-02  1.852e-02 -1.540e-02 -6.456e-02 -2.422e-02 
  7.471e-06 -7.799e-09  1.852e-02  5.106e-03 -3.465e-03 -1.585e-02 -5.463e-03 
  6.333e-06 -5.424e-07 -1.540e-02 -3.465e-03  3.208e-03  1.200e-02  4.526e-03 
 -6.761e-06  3.741e-07 -6.456e-02 -1.585e-02  1.200e-02  5.295e-02  1.910e-02 
  4.746e-06  2.186e-08 -2.422e-02 -5.463e-03  4.526e-03  1.910e-02  7.404e-03 
ERR MATRIX NOT POS-DEF
 PARAMETER  CORRELATION COEFFICIENTS  
       NO.  GLOBAL     10     11     20     21     22     23     24
       10  0.89394   1.000 -0.078 -0.101  0.221  0.236 -0.062  0.116
       11  0.15559  -0.078  1.000 -0.003 -0.001 -0.045  0.008  0.001
       20  0.99610  -0.101 -0.003  1.000  0.906 -0.950 -0.980 -0.983
       21  0.98577   0.221 -0.001  0.906  1.000 -0.856 -0.964 -0.889
       22  0.97229   0.236 -0.045 -0.950 -0.856  1.000  0.921  0.929
       23  0.99752  -0.062  0.008 -0.980 -0.964  0.921  1.000  0.965
       24  0.98508   0.116  0.001 -0.983 -0.889  0.929  0.965  1.000
 ERR MATRIX NOT POS-DEF
MINUIT - FIT ONLY 2-y
 **********
 **   67 **RES 
 **********
                   PARAMETER   16  beta_vw RESTORED TO VARIABLE.
                   PARAMETER   14  alpha_vw RESTORED TO VARIABLE.
                   PARAMETER   13  beta_y RESTORED TO VARIABLE.
                   PARAMETER    9  alpha_2CBO RESTORED TO VARIABLE.
                   PARAMETER    8  beta_CBO RESTORED TO VARIABLE.
                   PARAMETER    6  alpha_CBO RESTORED TO VARIABLE.
                   PARAMETER    4  phi RESTORED TO VARIABLE.
                   PARAMETER    3  A0 RESTORED TO VARIABLE.
                   PARAMETER    1  N0 RESTORED TO VARIABLE.
 **********
 **   68 **FIX            0
 **********
 PARAMETER    0  IS UNDEFINED. IGNORED.
 **********
 **   69 **FIX            1
 **********
 **********
 **   70 **FIX            2
 **********
 PARAMETER    2  IS CONSTANT.   IGNORED.
 **********
 **   71 **FIX            3
 **********
 **********
 **   72 **FIX            4
 **********
 **********
 **   73 **FIX            5
 **********
 PARAMETER    5  IS CONSTANT.   IGNORED.
 **********
 **   74 **FIX            6
 **********
 **********
 **   75 **FIX            7
 **********
 PARAMETER    7  IS CONSTANT.   IGNORED.
 **********
 **   76 **FIX            8
 **********
 **********
 **   77 **FIX            9
 **********
 **********
 **   78 **FIX           10
 **********
 **********
 **   79 **FIX           11
 **********
 **********
 **   80 **FIX           12
 **********
 PARAMETER   12  IS CONSTANT.   IGNORED.
 **********
 **   81 **FIX           16
 **********
 **********
 **   82 **MIGRAD
 **********
 START MIGRAD MINIMIZATION.  STRATEGY  1.  CONVERGENCE WHEN EDM .LT. 1.00e-04
 FCN=36.4556 FROM MIGRAD    STATUS=INITIATE       16 CALLS        6479 TOTAL
                     EDM= unknown      STRATEGY= 1      NO ERROR MATRIX       
  EXT PARAMETER               CURRENT GUESS       STEP         FIRST   
  NO.   NAME      VALUE            ERROR          SIZE      DERIVATIVE 
   1  N0           2.59764e+06     fixed    
   2  tau          6.43938e+01   constant   
   3  A0           2.30199e-01     fixed    
   4  phi          4.06311e+00     fixed    
   5  R           -6.25265e+01   constant   
   6  alpha_CBO   -5.69523e-03     fixed    
   7  w_CBO        2.32500e+00   constant   
   8  beta_CBO     1.01104e-01     fixed    
   9  alpha_2CBO   1.40953e-02     fixed    
  10  beta_2CBO   -3.02814e-02     fixed    
  11  alpha_y      1.51907e-03     fixed    
  12  w_y          1.44500e+01   constant   
  13  beta_y      -1.47303e-03   2.35084e-04   2.35084e-04   6.91409e+03
  14  alpha_vw     0.00000e+00   1.00000e-03   1.00000e-03   2.16106e+04
