 + ++++++++++++++++++++++++++++++++++++++++++++++++++++++++++++++++++++ +
 +                                                                      +
 +           You have chose to blind your fitting according to          +
 +                omega_ref * (1 + (R +/- deltaR) *10^{-6})             +
 +                                                                      +
 + ++++++++++++++++++++++++++++++++++++++++++++++++++++++++++++++++++++ +
In main()...
reading format from /gm2data/zkhechad/run45/envelope/formats/formatB_sBin_constraintOn.txt
pBinTau 	= 0  
pBinPhi 	= 0  
constraintau 	= 1 
includeMopTerm 	= 0    
constrainMop    = 0   
Parameters after format file: pBinTau 0 pBinPhi 0 constraintau 1 includeMopTerm 0 constrainMop 0 c_e_scale 0.000000 
Opening file /gm2data/tbarrett/gm2fr/studies/run23_bunch_corrections/CorrectedFourier_Run3b.root.
reading full fit data from /gm2data/zkhechad/cboTemplates/Run4CBOTemplates/templateFits0_v2.0/noRF/sBin_constraintOn_cE0.0_seed0_noRF_calo15.root
windowBins = 17
fitting sliding window 216 from bin 352 at 52.369200 to bin 369 at 55.054800 (17 bins)

Reading data from /gm2data/cornell/histograms/aMethod/histogram_a_noRF.root
 **********
 **    1 **SET PRINTOUT            1
 **********
 **********
 **    2 **SET NOWARNINGS 
 **********
 PARAMETER DEFINITIONS:
    NO.   NAME         VALUE      STEP SIZE      LIMITS
     1 N0           3.09167e+06  1.00000e+02     no limits
     2 tau          6.43743e+01  constant
     3 A0           3.54035e-01  1.00000e-04     no limits
     4 phi          4.11947e+00  1.00000e-02     no limits
     5 R           -6.00908e+01  constant
     6 alpha_CBO    0.00000e+00  1.00000e-03     no limits
     7 w_CBO        2.32500e+00  constant
     8 beta_CBO     0.00000e+00  1.00000e-03     no limits
     9 alpha_2CBO   0.00000e+00  1.00000e-03     no limits
    10 beta_2CBO    0.00000e+00  1.00000e-03     no limits
    11 alpha_y      0.00000e+00  1.00000e-03     no limits
    12 w_y          1.44500e+01  constant
    13 beta_y       0.00000e+00  1.00000e-03     no limits
    14 alpha_vw     0.00000e+00  1.00000e-03     no limits
    15 w_vw         1.29000e+01  constant
    16 beta_vw      0.00000e+00  1.00000e-03     no limits
    17 LM          -9.88464e-04  constant
    18 zeta_y       0.00000e+00  constant
    19 zeta_vw      0.00000e+00  constant
    20 T_CBO        1.00000e+02  1.00000e+00    0.00000e+00  1.00000e+03
    21 alpha_A0     0.00000e+00  1.00000e-03     no limits
    22 beta_A0      0.00000e+00  1.00000e-03     no limits
    23 alpha_phi    0.00000e+00  1.00000e-03     no limits
    24 beta_phi     0.00000e+00  1.00000e-03     no limits
MINUIT - FIT ONLY WIGGLE
 **********
 **    3 **FIX            5
 **********
 PARAMETER    5  IS CONSTANT.   IGNORED.
 **********
 **    4 **FIX            6
 **********
 **********
 **    5 **FIX            7
 **********
 PARAMETER    7  IS CONSTANT.   IGNORED.
 **********
 **    6 **FIX            8
 **********
 **********
 **    7 **FIX            9
 **********
 **********
 **    8 **FIX           10
 **********
 **********
 **    9 **FIX           11
 **********
 **********
 **   10 **FIX           12
 **********
 PARAMETER   12  IS CONSTANT.   IGNORED.
 **********
 **   11 **FIX           13
 **********
 **********
 **   12 **FIX           14
 **********
 **********
 **   13 **FIX           15
 **********
 PARAMETER   15  IS CONSTANT.   IGNORED.
 **********
 **   14 **FIX           16
 **********
 **********
 **   15 **MIGRAD
 **********
 FIRST CALL TO USER FUNCTION AT NEW START POINT, WITH IFLAG=4.
 START MIGRAD MINIMIZATION.  STRATEGY  1.  CONVERGENCE WHEN EDM .LT. 1.00e-04
 FCN=1023.25 FROM MIGRAD    STATUS=INITIATE      429 CALLS         430 TOTAL
                     EDM= unknown      STRATEGY= 1      NO ERROR MATRIX       
  EXT PARAMETER               CURRENT GUESS       STEP         FIRST   
  NO.   NAME      VALUE            ERROR          SIZE      DERIVATIVE 
   1  N0           3.09167e+06   1.00000e+02   0.00000e+00  -4.55503e-02
   2  tau          6.43743e+01   constant   
   3  A0           3.54035e-01   1.00000e-04   0.00000e+00  -2.62716e+05
   4  phi          4.11947e+00   1.00000e-02   0.00000e+00   9.04583e+04
   5  R           -6.00908e+01   constant   
   6  alpha_CBO    0.00000e+00     fixed    
   7  w_CBO        2.32500e+00   constant   
   8  beta_CBO     0.00000e+00     fixed    
   9  alpha_2CBO   0.00000e+00     fixed    
  10  beta_2CBO    0.00000e+00     fixed    
  11  alpha_y      0.00000e+00     fixed    
  12  w_y          1.44500e+01   constant   
  13  beta_y       0.00000e+00     fixed    
  14  alpha_vw     0.00000e+00     fixed    
  15  w_vw         1.29000e+01   constant   
  16  beta_vw      0.00000e+00     fixed    
  17  LM          -9.88464e-04   constant   
  18  zeta_y       0.00000e+00   constant   
  19  zeta_vw      0.00000e+00   constant   
  20  T_CBO        1.00000e+02   1.00000e+00   0.00000e+00   0.00000e+00
  21  alpha_A0     0.00000e+00   1.00000e-03   0.00000e+00   1.93813e+04
  22  beta_A0      0.00000e+00   1.00000e-03   0.00000e+00   2.60787e+04
  23  alpha_phi    0.00000e+00   1.00000e-03   0.00000e+00   2.65001e+04
  24  beta_phi     0.00000e+00   1.00000e-03   0.00000e+00   1.55937e+03
 CALL LIMIT EXCEEDED IN MIGRAD.
 MIGRAD TERMINATED WITHOUT CONVERGENCE.
 FCN=58.96 FROM MIGRAD    STATUS=CALL LIMIT   1330 CALLS        1331 TOTAL
                     EDM=0.000778821    STRATEGY= 1  ERROR MATRIX UNCERTAINTY   4.7 per cent
  EXT PARAMETER                APPROXIMATE        STEP         FIRST   
  NO.   NAME      VALUE            ERROR          SIZE      DERIVATIVE 
   1  N0           3.09806e+06   8.62342e+02  -2.00749e+01  -2.76218e-05
   2  tau          6.43743e+01   constant   
   3  A0           3.58115e-01   2.02044e-04  -2.27637e-06   1.51996e+02
   4  phi          4.11270e+00   1.03062e-03  -3.02996e-05  -5.18608e+01
   5  R           -6.00908e+01   constant   
   6  alpha_CBO    0.00000e+00     fixed    
   7  w_CBO        2.32500e+00   constant   
   8  beta_CBO     0.00000e+00     fixed    
   9  alpha_2CBO   0.00000e+00     fixed    
  10  beta_2CBO    0.00000e+00     fixed    
  11  alpha_y      0.00000e+00     fixed    
  12  w_y          1.44500e+01   constant   
  13  beta_y       0.00000e+00     fixed    
  14  alpha_vw     0.00000e+00     fixed    
  15  w_vw         1.29000e+01   constant   
  16  beta_vw      0.00000e+00     fixed    
  17  LM          -9.88464e-04   constant   
  18  zeta_y       0.00000e+00   constant   
  19  zeta_vw      0.00000e+00   constant   
  20  T_CBO        1.28076e+01   4.98991e+00  -2.26608e-03  -9.71012e+00
  21  alpha_A0    -9.81188e-02   1.36569e-01  -6.64324e-03  -2.37373e+00
  22  beta_A0      3.23453e-02   4.61776e-02   2.24753e-03  -4.45924e+00
  23  alpha_phi    1.21581e-01   2.30897e-01   1.11970e-02  -3.35227e+00
  24  beta_phi    -1.28145e-01   1.98561e-01  -9.65389e-03  -8.51308e-01
 EXTERNAL ERROR MATRIX.    NDIM=  25    NPAR=  8    ERR DEF=1
  7.436e+05  9.323e-02  7.224e-01  1.850e+03  5.922e+01 -1.929e+01 -9.990e+01  8.576e+01 
  9.323e-02  4.082e-08  6.600e-08 -2.609e-05  8.518e-08  2.991e-07 -2.776e-07  1.575e-07 
  7.224e-01  6.600e-08  1.062e-06  2.994e-03  9.303e-05 -3.120e-05 -1.571e-04  1.352e-04 
  1.850e+03 -2.609e-05  2.994e-03  2.492e+01  6.743e-01 -2.282e-01 -1.139e+00  9.802e-01 
  5.922e+01  8.518e-08  9.303e-05  6.743e-01  1.865e-02 -6.289e-03 -3.153e-02  2.712e-02 
 -1.929e+01  2.991e-07 -3.120e-05 -2.282e-01 -6.289e-03  2.132e-03  1.062e-02 -9.142e-03 
 -9.990e+01 -2.776e-07 -1.571e-04 -1.139e+00 -3.153e-02  1.062e-02  5.331e-02 -4.584e-02 
  8.576e+01  1.575e-07  1.352e-04  9.802e-01  2.712e-02 -9.142e-03 -4.584e-02  3.943e-02 
ERR MATRIX APPROXIMATE
 PARAMETER  CORRELATION COEFFICIENTS  
       NO.  GLOBAL      1      3      4     20     21     22     23     24
        1  0.91025   1.000  0.535  0.813  0.430  0.503 -0.484 -0.502  0.501
        3  0.78956   0.535  1.000  0.317 -0.026  0.003  0.032 -0.006  0.004
        4  0.92143   0.813  0.317  1.000  0.582  0.661 -0.656 -0.660  0.661
       20  0.99641   0.430 -0.026  0.582  1.000  0.989 -0.990 -0.988  0.989
       21  0.99998   0.503  0.003  0.661  0.989  1.000 -0.997 -1.000  1.000
       22  0.99950  -0.484  0.032 -0.656 -0.990 -0.997  1.000  0.996 -0.997
       23  0.99998  -0.502 -0.006 -0.660 -0.988 -1.000  0.996  1.000 -1.000
       24  0.99999   0.501  0.004  0.661  0.989  1.000 -0.997 -1.000  1.000
 ERR MATRIX APPROXIMATE
MINUIT - FIT ONLY 1-CBO + wiggle
 **********
 **   16 **RES 
 **********
                   PARAMETER   16  beta_vw RESTORED TO VARIABLE.
                   PARAMETER   14  alpha_vw RESTORED TO VARIABLE.
                   PARAMETER   13  beta_y RESTORED TO VARIABLE.
                   PARAMETER   11  alpha_y RESTORED TO VARIABLE.
                   PARAMETER   10  beta_2CBO RESTORED TO VARIABLE.
                   PARAMETER    9  alpha_2CBO RESTORED TO VARIABLE.
                   PARAMETER    8  beta_CBO RESTORED TO VARIABLE.
                   PARAMETER    6  alpha_CBO RESTORED TO VARIABLE.
 **********
 **   17 **FIX            8
 **********
 **********
 **   18 **FIX            9
 **********
 **********
 **   19 **FIX           11
 **********
 **********
 **   20 **FIX           12
 **********
 PARAMETER   12  IS CONSTANT.   IGNORED.
 **********
 **   21 **FIX           14
 **********
 **********
 **   22 **FIX           15
 **********
 PARAMETER   15  IS CONSTANT.   IGNORED.
 **********
 **   23 **FIX           16
 **********
 **********
 **   24 **MIGRAD
 **********
 START MIGRAD MINIMIZATION.  STRATEGY  1.  CONVERGENCE WHEN EDM .LT. 1.00e-04
 FCN=58.96 FROM MIGRAD    STATUS=INITIATE       28 CALLS        1359 TOTAL
                     EDM= unknown      STRATEGY= 1      NO ERROR MATRIX       
  EXT PARAMETER               CURRENT GUESS       STEP         FIRST   
  NO.   NAME      VALUE            ERROR          SIZE      DERIVATIVE 
   1  N0           3.09806e+06   8.62342e+02  -2.00749e+01  -2.76218e-05
   2  tau          6.43743e+01   constant   
   3  A0           3.58115e-01   2.02044e-04  -2.27637e-06   1.51996e+02
   4  phi          4.11270e+00   1.03062e-03  -3.02996e-05  -5.18608e+01
   5  R           -6.00908e+01   constant   
   6  alpha_CBO    0.00000e+00   1.00000e-03   1.00000e-03  -3.47210e+03
   7  w_CBO        2.32500e+00   constant   
   8  beta_CBO     0.00000e+00     fixed    
   9  alpha_2CBO   0.00000e+00     fixed    
  10  beta_2CBO    0.00000e+00   1.00000e-03   1.00000e-03  -8.00294e+03
  11  alpha_y      0.00000e+00     fixed    
  12  w_y          1.44500e+01   constant   
  13  beta_y       0.00000e+00   1.00000e-03   1.00000e-03   8.20321e+02
  14  alpha_vw     0.00000e+00     fixed    
  15  w_vw         1.29000e+01   constant   
  16  beta_vw      0.00000e+00     fixed    
  17  LM          -9.88464e-04   constant   
  18  zeta_y       0.00000e+00   constant   
  19  zeta_vw      0.00000e+00   constant   
  20  T_CBO        1.28076e+01   4.98991e+00  -2.26608e-03  -9.71014e+00
  21  alpha_A0    -9.81188e-02   1.36569e-01  -6.64324e-03  -2.37373e+00
  22  beta_A0      3.23453e-02   4.61776e-02   2.24753e-03  -4.45924e+00
  23  alpha_phi    1.21581e-01   2.30897e-01   1.11970e-02  -3.35227e+00
  24  beta_phi    -1.28145e-01   1.98561e-01  -9.65389e-03  -8.51308e-01
 MIGRAD MINIMIZATION HAS CONVERGED.
 FCN=37.2399 FROM MIGRAD    STATUS=CONVERGED     985 CALLS        2316 TOTAL
                     EDM=6.29577e-06    STRATEGY= 1  ERROR MATRIX UNCERTAINTY   3.6 per cent
  EXT PARAMETER                                   STEP         FIRST   
  NO.   NAME      VALUE            ERROR          SIZE      DERIVATIVE 
   1  N0           3.10745e+06   1.95555e+03  -1.09286e+01  -3.13528e-06
   2  tau          6.43743e+01   constant   
   3  A0           3.60221e-01   4.26137e-04  -8.03356e-07  -1.04802e+01
   4  phi          4.15266e+00   7.92148e-03  -7.15169e-05   7.99483e+00
   5  R           -6.00908e+01   constant   
   6  alpha_CBO    2.80456e-02   6.56481e-03  -6.02026e-05  -8.31866e+00
   7  w_CBO        2.32500e+00   constant   
   8  beta_CBO     0.00000e+00     fixed    
   9  alpha_2CBO   0.00000e+00     fixed    
  10  beta_2CBO   -9.73459e-03   2.90363e-03   2.52630e-05   5.87838e+00
  11  alpha_y      0.00000e+00     fixed    
  12  w_y          1.44500e+01   constant   
  13  beta_y       2.61570e-04   1.96838e-04  -1.34172e-07  -5.19930e+00
  14  alpha_vw     0.00000e+00     fixed    
  15  w_vw         1.29000e+01   constant   
  16  beta_vw      0.00000e+00     fixed    
  17  LM          -9.88464e-04   constant   
  18  zeta_y       0.00000e+00   constant   
  19  zeta_vw      0.00000e+00   constant   
  20  T_CBO        1.10215e+01   3.74445e-02   9.10105e-07   8.54948e+00
  21  alpha_A0     3.84052e+00   8.55625e-01  -7.44148e-03   5.53500e-02
  22  beta_A0     -3.54148e-01   5.57582e-01   4.25344e-03  -3.08549e-02
  23  alpha_phi    7.13764e+00   1.78086e+00  -1.62597e-02  -1.14076e-02
  24  beta_phi     2.25284e+00   5.95230e-01  -5.06517e-03  -4.54016e-02
 EXTERNAL ERROR MATRIX.    NDIM=  25    NPAR= 11    ERR DEF=1
  3.824e+06 
  7.403e-01  1.816e-07 
  8.745e+00  1.142e-06  6.275e-05 
  5.281e+00  5.078e-07  5.105e-05  4.310e-05 
 -1.314e+00 -1.840e-08 -2.118e-05 -1.859e-05  8.431e-06 
  1.073e-01  2.023e-08  3.387e-07  2.386e-07 -7.661e-08  3.875e-08 
 -1.118e+01 -1.443e-06 -6.751e-05 -4.575e-05  1.602e-05  3.941e-07  1.402e-03 
  7.369e+02  7.988e-05  6.664e-03  5.599e-03 -2.406e-03  3.113e-05 -6.467e-03  7.321e-01 
  1.769e+02  8.114e-05 -3.074e-03 -2.975e-03  1.478e-03 -1.670e-06  2.539e-03 -3.780e-01  3.109e-01 
  1.166e+03  8.655e-05  1.357e-02  1.164e-02 -5.119e-03  5.667e-05 -1.294e-02  1.509e+00 -8.548e-01  3.171e+00 
  4.173e+02  3.874e-05  4.554e-03  3.883e-03 -1.700e-03  1.752e-05 -4.595e-03  5.061e-01 -2.791e-01  1.055e+00  3.543e-01 
 PARAMETER  CORRELATION COEFFICIENTS  
       NO.  GLOBAL      1      3      4      6     10     13     20     21     22     23     24
        1  0.98662   1.000  0.888  0.565  0.411 -0.231  0.279 -0.153  0.440  0.162  0.335  0.359
        3  0.97493   0.888  1.000  0.338  0.182 -0.015  0.241 -0.090  0.219  0.342  0.114  0.153
        4  0.99876   0.565  0.338  1.000  0.982 -0.921  0.217 -0.228  0.983 -0.696  0.962  0.966
        6  0.99987   0.411  0.182  0.982  1.000 -0.975  0.185 -0.186  0.997 -0.813  0.996  0.994
       10  0.99878  -0.231 -0.015 -0.921 -0.975  1.000 -0.134  0.147 -0.969  0.913 -0.990 -0.983
       13  0.45407   0.279  0.241  0.217  0.185 -0.134  1.000  0.053  0.185 -0.015  0.162  0.149
       20  0.87738  -0.153 -0.090 -0.228 -0.186  0.147  0.053  1.000 -0.202  0.122 -0.194 -0.206
       21  0.99909   0.440  0.219  0.983  0.997 -0.969  0.185 -0.202  1.000 -0.792  0.990  0.994
       22  0.99555   0.162  0.342 -0.696 -0.813  0.913 -0.015  0.122 -0.792  1.000 -0.861 -0.841
       23  0.99984   0.335  0.114  0.962  0.996 -0.990  0.162 -0.194  0.990 -0.861  1.000  0.996
       24  0.99887   0.359  0.153  0.966  0.994 -0.983  0.149 -0.206  0.994 -0.841  0.996  1.000
MINUIT - FIT ONLY 2-CBO
 **********
 **   25 **RES 
 **********
                   PARAMETER   16  beta_vw RESTORED TO VARIABLE.
                   PARAMETER   14  alpha_vw RESTORED TO VARIABLE.
                   PARAMETER   11  alpha_y RESTORED TO VARIABLE.
                   PARAMETER    9  alpha_2CBO RESTORED TO VARIABLE.
                   PARAMETER    8  beta_CBO RESTORED TO VARIABLE.
 **********
 **   26 **FIX            0
 **********
 PARAMETER    0  IS UNDEFINED. IGNORED.
 **********
 **   27 **FIX            1
 **********
 **********
 **   28 **FIX            2
 **********
 PARAMETER    2  IS CONSTANT.   IGNORED.
 **********
 **   29 **FIX            3
 **********
 **********
 **   30 **FIX            4
 **********
 **********
 **   31 **FIX            5
 **********
 PARAMETER    5  IS CONSTANT.   IGNORED.
 **********
 **   32 **FIX            6
 **********
 **********
 **   33 **FIX            7
 **********
 PARAMETER    7  IS CONSTANT.   IGNORED.
 **********
 **   34 **FIX           10
 **********
 **********
 **   35 **FIX           11
 **********
 **********
 **   36 **FIX           12
 **********
 PARAMETER   12  IS CONSTANT.   IGNORED.
 **********
 **   37 **FIX           13
 **********
 **********
 **   38 **FIX           14
 **********
 **********
 **   39 **FIX           15
 **********
 PARAMETER   15  IS CONSTANT.   IGNORED.
 **********
 **   40 **FIX           16
 **********
 **********
 **   41 **MIGRAD
 **********
 START MIGRAD MINIMIZATION.  STRATEGY  1.  CONVERGENCE WHEN EDM .LT. 1.00e-04
 FCN=37.2399 FROM MIGRAD    STATUS=INITIATE       18 CALLS        2334 TOTAL
                     EDM= unknown      STRATEGY= 1      NO ERROR MATRIX       
  EXT PARAMETER               CURRENT GUESS       STEP         FIRST   
  NO.   NAME      VALUE            ERROR          SIZE      DERIVATIVE 
   1  N0           3.10745e+06     fixed    
   2  tau          6.43743e+01   constant   
   3  A0           3.60221e-01     fixed    
   4  phi          4.15266e+00     fixed    
   5  R           -6.00908e+01   constant   
   6  alpha_CBO    2.80456e-02     fixed    
   7  w_CBO        2.32500e+00   constant   
   8  beta_CBO     0.00000e+00   1.00000e-03   1.00000e-03   1.25141e+02
   9  alpha_2CBO   0.00000e+00   1.00000e-03   1.00000e-03  -6.45946e+02
  10  beta_2CBO   -9.73459e-03     fixed    
  11  alpha_y      0.00000e+00     fixed    
  12  w_y          1.44500e+01   constant   
  13  beta_y       2.61570e-04     fixed    
  14  alpha_vw     0.00000e+00     fixed    
  15  w_vw         1.29000e+01   constant   
  16  beta_vw      0.00000e+00     fixed    
  17  LM          -9.88464e-04   constant   
  18  zeta_y       0.00000e+00   constant   
  19  zeta_vw      0.00000e+00   constant   
  20  T_CBO        1.10215e+01   3.74445e-02   9.10105e-07   8.54948e+00
  21  alpha_A0     3.84052e+00   8.55625e-01  -7.44148e-03   5.53498e-02
  22  beta_A0     -3.54148e-01   5.57582e-01   4.25344e-03  -3.08550e-02
  23  alpha_phi    7.13764e+00   1.78086e+00  -1.62597e-02  -1.14076e-02
  24  beta_phi     2.25284e+00   5.95230e-01  -5.06517e-03  -4.54016e-02
 MIGRAD MINIMIZATION HAS CONVERGED.
 MIGRAD WILL VERIFY CONVERGENCE AND ERROR MATRIX.
 FCN=37.1828 FROM MIGRAD    STATUS=CONVERGED     181 CALLS        2497 TOTAL
                     EDM=3.87366e-07    STRATEGY= 1      ERR MATRIX NOT POS-DEF
  EXT PARAMETER                APPROXIMATE        STEP         FIRST   
  NO.   NAME      VALUE            ERROR          SIZE      DERIVATIVE 
   1  N0           3.10745e+06     fixed    
   2  tau          6.43743e+01   constant   
   3  A0           3.60221e-01     fixed    
   4  phi          4.15266e+00     fixed    
   5  R           -6.00908e+01   constant   
   6  alpha_CBO    2.80456e-02     fixed    
   7  w_CBO        2.32500e+00   constant   
   8  beta_CBO     1.82313e-04   8.03177e-04   5.67590e-07  -7.30128e-02
   9  alpha_2CBO   2.10463e-04   8.16302e-04   5.52916e-07  -3.98303e-01
  10  beta_2CBO   -9.73459e-03     fixed    
  11  alpha_y      0.00000e+00     fixed    
  12  w_y          1.44500e+01   constant   
  13  beta_y       2.61570e-04     fixed    
  14  alpha_vw     0.00000e+00     fixed    
  15  w_vw         1.29000e+01   constant   
  16  beta_vw      0.00000e+00     fixed    
  17  LM          -9.88464e-04   constant   
  18  zeta_y       0.00000e+00   constant   
  19  zeta_vw      0.00000e+00   constant   
  20  T_CBO        1.10255e+01   3.14329e-01   6.48691e-07   1.16212e+00
  21  alpha_A0     3.89652e+00   5.82833e-01   2.31046e-04   4.71135e-03
  22  beta_A0     -3.02233e-01   2.74608e-01   3.02315e-04  -2.81104e-03
  23  alpha_phi    7.10505e+00   9.87867e-01   2.21828e-04   1.36009e-03
  24  beta_phi     2.32210e+00   4.17866e-01   2.11644e-04   5.96354e-04
 EXTERNAL ERROR MATRIX.    NDIM=  25    NPAR=  7    ERR DEF=1
  6.451e-07  5.905e-07  1.542e-05  1.619e-04  1.989e-04 -9.866e-05  2.037e-04 
  5.905e-07  6.663e-07  2.301e-05  1.602e-04  1.703e-04 -1.344e-04  2.091e-04 
  1.542e-05  2.301e-05  9.880e-02 -1.642e-01  1.783e-02 -3.086e-01 -9.288e-02 
  1.619e-04  1.602e-04 -1.642e-01  3.397e-01  2.615e-02  4.957e-01  2.250e-01 
  1.989e-04  1.703e-04  1.783e-02  2.615e-02  7.541e-02 -6.764e-02  4.499e-02 
 -9.866e-05 -1.344e-04 -3.086e-01  4.957e-01 -6.764e-02  9.759e-01  2.677e-01 
  2.037e-04  2.091e-04 -9.288e-02  2.250e-01  4.499e-02  2.677e-01  1.746e-01 
ERR MATRIX NOT POS-DEF
 PARAMETER  CORRELATION COEFFICIENTS  
       NO.  GLOBAL      8      9     20     21     22     23     24
        8  0.97225   1.000  0.901  0.061  0.346  0.902 -0.124  0.607
        9  0.97453   0.901  1.000  0.090  0.337  0.760 -0.167  0.613
       20  0.99778   0.061  0.090  1.000 -0.896  0.207 -0.994 -0.707
       21  0.99135   0.346  0.337 -0.896  1.000  0.163  0.861  0.924
       22  0.93122   0.902  0.760  0.207  0.163  1.000 -0.249  0.392
       23  0.99723  -0.124 -0.167 -0.994  0.861 -0.249  1.000  0.649
       24  0.98584   0.607  0.613 -0.707  0.924  0.392  0.649  1.000
 ERR MATRIX NOT POS-DEF
MINUIT - FIT wiggle + 1-CBO + 2-CBO
 **********
 **   42 **RES 
 **********
                   PARAMETER   16  beta_vw RESTORED TO VARIABLE.
                   PARAMETER   14  alpha_vw RESTORED TO VARIABLE.
                   PARAMETER   13  beta_y RESTORED TO VARIABLE.
                   PARAMETER   11  alpha_y RESTORED TO VARIABLE.
                   PARAMETER   10  beta_2CBO RESTORED TO VARIABLE.
                   PARAMETER    6  alpha_CBO RESTORED TO VARIABLE.
                   PARAMETER    4  phi RESTORED TO VARIABLE.
                   PARAMETER    3  A0 RESTORED TO VARIABLE.
                   PARAMETER    1  N0 RESTORED TO VARIABLE.
 **********
 **   43 **FIX           10
 **********
 **********
 **   44 **FIX           11
 **********
 **********
 **   45 **FIX           12
 **********
 PARAMETER   12  IS CONSTANT.   IGNORED.
 **********
 **   46 **FIX           13
 **********
 **********
 **   47 **FIX           14
 **********
 **********
 **   48 **FIX           15
 **********
 PARAMETER   15  IS CONSTANT.   IGNORED.
 **********
 **   49 **FIX           16
 **********
 **********
 **   50 **MIGRAD
 **********
 START MIGRAD MINIMIZATION.  STRATEGY  1.  CONVERGENCE WHEN EDM .LT. 1.00e-04
 FCN=37.1828 FROM MIGRAD    STATUS=INITIATE       22 CALLS        2519 TOTAL
                     EDM= unknown      STRATEGY= 1      NO ERROR MATRIX       
  EXT PARAMETER               CURRENT GUESS       STEP         FIRST   
  NO.   NAME      VALUE            ERROR          SIZE      DERIVATIVE 
   1  N0           3.10745e+06   1.95555e+03   1.95555e+03   1.45838e-05
   2  tau          6.43743e+01   constant   
   3  A0           3.60221e-01   4.26137e-04   4.26137e-04  -2.97670e+01
   4  phi          4.15266e+00   7.92148e-03   7.92148e-03   3.11392e+01
   5  R           -6.00908e+01   constant   
   6  alpha_CBO    2.80456e-02   6.56481e-03   6.56481e-03  -3.49215e+02
   7  w_CBO        2.32500e+00   constant   
   8  beta_CBO     1.82313e-04   8.03177e-04   5.67590e-07  -7.30417e-02
   9  alpha_2CBO   2.10463e-04   8.16302e-04   5.52916e-07  -3.98326e-01
  10  beta_2CBO   -9.73459e-03     fixed    
  11  alpha_y      0.00000e+00     fixed    
  12  w_y          1.44500e+01   constant   
  13  beta_y       2.61570e-04     fixed    
  14  alpha_vw     0.00000e+00     fixed    
  15  w_vw         1.29000e+01   constant   
  16  beta_vw      0.00000e+00     fixed    
  17  LM          -9.88464e-04   constant   
  18  zeta_y       0.00000e+00   constant   
  19  zeta_vw      0.00000e+00   constant   
  20  T_CBO        1.10255e+01   3.14329e-01   6.48691e-07   1.16239e+00
  21  alpha_A0     3.89652e+00   5.82833e-01   2.31046e-04   4.71226e-03
  22  beta_A0     -3.02233e-01   2.74608e-01   3.02315e-04  -2.81074e-03
  23  alpha_phi    7.10505e+00   9.87867e-01   2.21828e-04   1.36004e-03
  24  beta_phi     2.32210e+00   4.17866e-01   2.11644e-04   5.96349e-04
 CALL LIMIT EXCEEDED IN MIGRAD.
 MIGRAD TERMINATED WITHOUT CONVERGENCE.
 FCN=36.1798 FROM MIGRAD    STATUS=CALL LIMIT   1914 CALLS        4411 TOTAL
                     EDM=0.000880006    STRATEGY= 1  ERROR MATRIX UNCERTAINTY   9.7 per cent
  EXT PARAMETER                APPROXIMATE        STEP         FIRST   
  NO.   NAME      VALUE            ERROR          SIZE      DERIVATIVE 
   1  N0           3.12284e+06   3.59509e+04   4.52073e+02  -7.61146e-06
   2  tau          6.43743e+01   constant   
   3  A0           3.55953e-01   9.09461e-03  -1.05164e-04  -1.05701e+02
   4  phi          4.09995e+00   4.12264e-02  -4.14101e-04   1.95012e+01
   5  R           -6.00908e+01   constant   
   6  alpha_CBO    3.14905e-02   3.48560e-03   3.56050e-05  -8.81576e+01
   7  w_CBO        2.32500e+00   constant   
   8  beta_CBO     1.05188e-02   5.80589e-03   5.14321e-05  -1.03493e+02
   9  alpha_2CBO   5.76094e-03   3.88037e-03   5.29640e-05  -5.86257e+01
  10  beta_2CBO   -9.73459e-03     fixed    
  11  alpha_y      0.00000e+00     fixed    
  12  w_y          1.44500e+01   constant   
  13  beta_y       2.61570e-04     fixed    
  14  alpha_vw     0.00000e+00     fixed    
  15  w_vw         1.29000e+01   constant   
  16  beta_vw      0.00000e+00     fixed    
  17  LM          -9.88464e-04   constant   
  18  zeta_y       0.00000e+00   constant   
  19  zeta_vw      0.00000e+00   constant   
  20  T_CBO        1.17671e+01   2.25522e-01   1.92336e-05   2.15945e+02
  21  alpha_A0     1.09368e+01   7.50026e+00   9.51166e-02   3.02086e-01
  22  beta_A0      4.97405e+00   2.26105e+00   1.36640e-02   1.79887e-01
  23  alpha_phi    8.56532e+00   1.40270e+00  -1.14703e-02   1.97574e-01
  24  beta_phi    -2.36017e+00   5.75783e+00  -6.62085e-02   3.19199e-01
 EXTERNAL ERROR MATRIX.    NDIM=  25    NPAR= 11    ERR DEF=1
  1.292e+09 
 -3.226e+02  8.271e-05 
 -1.089e+03  2.974e-04  1.700e-03 
  7.615e+01 -1.586e-05 -5.604e-05  1.215e-05 
  1.017e+02 -2.699e-05 -2.124e-04  1.077e-05  3.371e-05 
  1.120e+02 -2.778e-05 -1.426e-04  9.909e-06  2.000e-05  1.506e-05 
  4.641e+03 -1.209e-03 -8.431e-03  4.692e-04  1.297e-03  8.091e-04  5.086e-02 
  2.574e+05 -6.587e-02 -2.785e-01  1.552e-02  3.107e-02  2.664e-02  1.312e+00  5.625e+01 
  1.702e+04 -4.909e-03 -6.931e-02  3.145e-03  1.254e-02  6.359e-03  4.674e-01  8.086e+00  5.112e+00 
 -3.681e+04  8.865e-03  7.175e-03 -1.221e-03  1.924e-03 -1.123e-03  4.342e-02 -5.296e+00  1.619e+00  1.968e+00 
 -1.975e+05  5.138e-02  2.125e-01 -9.958e-03 -2.195e-02 -1.921e-02 -9.355e-01 -4.280e+01 -5.369e+00  4.408e+00  3.315e+01 
ERR MATRIX APPROXIMATE
 PARAMETER  CORRELATION COEFFICIENTS  
       NO.  GLOBAL      1      3      4      6      8      9     20     21     22     23     24
        1  0.99996   1.000 -0.987 -0.735  0.608  0.487  0.803  0.572  0.955  0.209 -0.730 -0.954
        3  0.99994  -0.987  1.000  0.793 -0.500 -0.511 -0.787 -0.589 -0.966 -0.239  0.695  0.981
        4  0.99996  -0.735  0.793  1.000 -0.390 -0.887 -0.892 -0.907 -0.901 -0.744  0.124  0.895
        6  0.99898   0.608 -0.500 -0.390  1.000  0.532  0.733  0.597  0.594  0.399 -0.250 -0.496
        8  0.99971   0.487 -0.511 -0.887  0.532  1.000  0.888  0.991  0.713  0.955  0.236 -0.657
        9  0.99898   0.803 -0.787 -0.892  0.733  0.888  1.000  0.925  0.915  0.725 -0.206 -0.860
       20  0.99919   0.572 -0.589 -0.907  0.597  0.991  0.925  1.000  0.776  0.917  0.137 -0.720
       21  0.99999   0.955 -0.966 -0.901  0.594  0.713  0.915  0.776  1.000  0.477 -0.503 -0.991
       22  0.99966   0.209 -0.239 -0.744  0.399  0.955  0.725  0.917  0.477  1.000  0.511 -0.412
       23  0.99940  -0.730  0.695  0.124 -0.250  0.236 -0.206  0.137 -0.503  0.511  1.000  0.546
       24  0.99997  -0.954  0.981  0.895 -0.496 -0.657 -0.860 -0.720 -0.991 -0.412  0.546  1.000
 ERR MATRIX APPROXIMATE
MINUIT - FIT ONLY 1-y
 **********
 **   51 **RES 
 **********
                   PARAMETER   16  beta_vw RESTORED TO VARIABLE.
                   PARAMETER   14  alpha_vw RESTORED TO VARIABLE.
                   PARAMETER   13  beta_y RESTORED TO VARIABLE.
                   PARAMETER   11  alpha_y RESTORED TO VARIABLE.
                   PARAMETER   10  beta_2CBO RESTORED TO VARIABLE.
 **********
 **   52 **FIX            0
 **********
 PARAMETER    0  IS UNDEFINED. IGNORED.
 **********
 **   53 **FIX            1
 **********
 **********
 **   54 **FIX            2
 **********
 PARAMETER    2  IS CONSTANT.   IGNORED.
 **********
 **   55 **FIX            3
 **********
 **********
 **   56 **FIX            4
 **********
 **********
 **   57 **FIX            5
 **********
 PARAMETER    5  IS CONSTANT.   IGNORED.
 **********
 **   58 **FIX            6
 **********
 **********
 **   59 **FIX            7
 **********
 PARAMETER    7  IS CONSTANT.   IGNORED.
 **********
 **   60 **FIX            8
 **********
 **********
 **   61 **FIX            9
 **********
 **********
 **   62 **FIX           13
 **********
 **********
 **   63 **FIX           14
 **********
 **********
 **   64 **FIX           15
 **********
 PARAMETER   15  IS CONSTANT.   IGNORED.
 **********
 **   65 **FIX           16
 **********
 **********
 **   66 **MIGRAD
 **********
 START MIGRAD MINIMIZATION.  STRATEGY  1.  CONVERGENCE WHEN EDM .LT. 1.00e-04
 FCN=36.1798 FROM MIGRAD    STATUS=INITIATE       16 CALLS        4427 TOTAL
                     EDM= unknown      STRATEGY= 1      NO ERROR MATRIX       
  EXT PARAMETER               CURRENT GUESS       STEP         FIRST   
  NO.   NAME      VALUE            ERROR          SIZE      DERIVATIVE 
   1  N0           3.12284e+06     fixed    
   2  tau          6.43743e+01   constant   
   3  A0           3.55953e-01     fixed    
   4  phi          4.09995e+00     fixed    
   5  R           -6.00908e+01   constant   
   6  alpha_CBO    3.14905e-02     fixed    
   7  w_CBO        2.32500e+00   constant   
   8  beta_CBO     1.05188e-02     fixed    
   9  alpha_2CBO   5.76094e-03     fixed    
  10  beta_2CBO   -9.73459e-03   2.90363e-03   2.90363e-03   2.04809e+02
  11  alpha_y      0.00000e+00   1.00000e-03   1.00000e-03   5.17037e+04
  12  w_y          1.44500e+01   constant   
  13  beta_y       2.61570e-04     fixed    
  14  alpha_vw     0.00000e+00     fixed    
  15  w_vw         1.29000e+01   constant   
  16  beta_vw      0.00000e+00     fixed    
  17  LM          -9.88464e-04   constant   
  18  zeta_y       0.00000e+00   constant   
  19  zeta_vw      0.00000e+00   constant   
  20  T_CBO        1.17671e+01   2.25522e-01   1.92336e-05   2.15945e+02
  21  alpha_A0     1.09368e+01   7.50026e+00   9.51166e-02   3.02086e-01
  22  beta_A0      4.97405e+00   2.26105e+00   1.36640e-02   1.79887e-01
  23  alpha_phi    8.56532e+00   1.40270e+00  -1.14703e-02   1.97574e-01
  24  beta_phi    -2.36017e+00   5.75783e+00  -6.62085e-02   3.19199e-01
 MIGRAD MINIMIZATION HAS CONVERGED.
 MIGRAD WILL VERIFY CONVERGENCE AND ERROR MATRIX.
 FCN=11.2719 FROM HESSE     STATUS=NOT POSDEF     50 CALLS        4556 TOTAL
                     EDM=8.41737e-05    STRATEGY= 1      ERR MATRIX NOT POS-DEF
  EXT PARAMETER                APPROXIMATE        STEP         FIRST   
  NO.   NAME      VALUE            ERROR          SIZE      DERIVATIVE 
   1  N0           3.12284e+06     fixed    
   2  tau          6.43743e+01   constant   
   3  A0           3.55953e-01     fixed    
   4  phi          4.09995e+00     fixed    
   5  R           -6.00908e+01   constant   
   6  alpha_CBO    3.14905e-02     fixed    
   7  w_CBO        2.32500e+00   constant   
   8  beta_CBO     1.05188e-02     fixed    
   9  alpha_2CBO   5.76094e-03     fixed    
  10  beta_2CBO   -1.00509e-02   3.24997e-04   3.34345e-07   5.47499e+00
  11  alpha_y     -9.62338e-04   1.92561e-04   3.21140e-07   1.51572e+00
  12  w_y          1.44500e+01   constant   
  13  beta_y       2.61570e-04     fixed    
  14  alpha_vw     0.00000e+00     fixed    
  15  w_vw         1.29000e+01   constant   
  16  beta_vw      0.00000e+00     fixed    
  17  LM          -9.88464e-04   constant   
  18  zeta_y       0.00000e+00   constant   
  19  zeta_vw      0.00000e+00   constant   
  20  T_CBO        1.17650e+01   1.58702e-01   6.45368e-07   9.65613e-01
  21  alpha_A0     1.09609e+01   6.81366e-01   9.91415e-05  -3.19337e-02
  22  beta_A0      4.86326e+00   3.22837e-01   1.19635e-04   9.12459e-03
  23  alpha_phi    8.58045e+00   5.26535e-01   9.02831e-05   1.86430e-02
  24  beta_phi    -2.29445e+00   1.59884e-01   9.22906e-05   5.19391e-02
 CALL LIMIT EXCEEDED IN MIGRAD.
 MIGRAD TERMINATED WITHOUT CONVERGENCE.
 FCN=11.1491 FROM MIGRAD    STATUS=CALL LIMIT   1161 CALLS        5572 TOTAL
                     EDM=0.00264942    STRATEGY= 1      ERR MATRIX NOT POS-DEF
  EXT PARAMETER                APPROXIMATE        STEP         FIRST   
  NO.   NAME      VALUE            ERROR          SIZE      DERIVATIVE 
   1  N0           3.12284e+06     fixed    
   2  tau          6.43743e+01   constant   
   3  A0           3.55953e-01     fixed    
   4  phi          4.09995e+00     fixed    
   5  R           -6.00908e+01   constant   
   6  alpha_CBO    3.14905e-02     fixed    
   7  w_CBO        2.32500e+00   constant   
   8  beta_CBO     1.05188e-02     fixed    
   9  alpha_2CBO   5.76094e-03     fixed    
  10  beta_2CBO   -1.00363e-02   3.09266e-04  -5.83156e-06  -1.72695e+02
  11  alpha_y     -9.65639e-04   1.92193e-04  -6.73204e-07  -5.26227e+00
  12  w_y          1.44500e+01   constant   
  13  beta_y       2.61570e-04     fixed    
  14  alpha_vw     0.00000e+00     fixed    
  15  w_vw         1.29000e+01   constant   
  16  beta_vw      0.00000e+00     fixed    
  17  LM          -9.88464e-04   constant   
  18  zeta_y       0.00000e+00   constant   
  19  zeta_vw      0.00000e+00   constant   
  20  T_CBO        1.06377e+01   6.51378e-01  -2.23890e-04  -7.64831e+02
  21  alpha_A0     1.78475e+01   5.49471e+00   1.94179e-01  -4.31543e-01
  22  beta_A0      7.95519e+00   2.46157e+00   8.57551e-02  -3.24728e-02
  23  alpha_phi    1.38686e+01   4.20188e+00   1.48840e-01  -6.41172e-01
  24  beta_phi    -3.76636e+00   1.18220e+00  -4.09855e-02  -2.41841e-01
 EXTERNAL ERROR MATRIX.    NDIM=  25    NPAR=  7    ERR DEF=1
  9.565e-08  1.037e-08  7.237e-06 -7.434e-05 -5.248e-06 -6.224e-05  2.331e-06 
  1.037e-08  3.694e-08  2.708e-06 -2.466e-05 -6.317e-06 -1.867e-05  2.562e-06 
  7.237e-06  2.708e-06  4.243e-01 -3.579e+00 -1.602e+00 -2.737e+00  7.684e-01 
 -7.434e-05 -2.466e-05 -3.579e+00  3.019e+01  1.351e+01  2.308e+01 -6.482e+00 
 -5.248e-06 -6.317e-06 -1.602e+00  1.351e+01  6.059e+00  1.033e+01 -2.904e+00 
 -6.224e-05 -1.867e-05 -2.737e+00  2.308e+01  1.033e+01  1.766e+01 -4.955e+00 
  2.331e-06  2.562e-06  7.684e-01 -6.482e+00 -2.904e+00 -4.955e+00  1.398e+00 
ERR MATRIX NOT POS-DEF
 PARAMETER  CORRELATION COEFFICIENTS  
       NO.  GLOBAL     10     11     20     21     22     23     24
       10  0.89692   1.000  0.175  0.036 -0.044 -0.007 -0.048  0.006
       11  0.22264   0.175  1.000  0.022 -0.023 -0.013 -0.023  0.011
       20  0.99997   0.036  0.022  1.000 -1.000 -0.999 -1.000  0.998
       21  0.99993  -0.044 -0.023 -1.000  1.000  0.999  1.000 -0.998
       22  0.99945  -0.007 -0.013 -0.999  0.999  1.000  0.999 -0.998
       23  0.99994  -0.048 -0.023 -1.000  1.000  0.999  1.000 -0.998
       24  0.99867   0.006  0.011  0.998 -0.998 -0.998 -0.998  1.000
 ERR MATRIX NOT POS-DEF
MINUIT - FIT ONLY 2-y
 **********
 **   67 **RES 
 **********
                   PARAMETER   16  beta_vw RESTORED TO VARIABLE.
                   PARAMETER   14  alpha_vw RESTORED TO VARIABLE.
                   PARAMETER   13  beta_y RESTORED TO VARIABLE.
                   PARAMETER    9  alpha_2CBO RESTORED TO VARIABLE.
                   PARAMETER    8  beta_CBO RESTORED TO VARIABLE.
                   PARAMETER    6  alpha_CBO RESTORED TO VARIABLE.
                   PARAMETER    4  phi RESTORED TO VARIABLE.
                   PARAMETER    3  A0 RESTORED TO VARIABLE.
                   PARAMETER    1  N0 RESTORED TO VARIABLE.
 **********
 **   68 **FIX            0
 **********
 PARAMETER    0  IS UNDEFINED. IGNORED.
 **********
 **   69 **FIX            1
 **********
 **********
 **   70 **FIX            2
 **********
 PARAMETER    2  IS CONSTANT.   IGNORED.
 **********
 **   71 **FIX            3
 **********
 **********
 **   72 **FIX            4
 **********
 **********
 **   73 **FIX            5
 **********
 PARAMETER    5  IS CONSTANT.   IGNORED.
 **********
 **   74 **FIX            6
 **********
 **********
 **   75 **FIX            7
 **********
 PARAMETER    7  IS CONSTANT.   IGNORED.
 **********
 **   76 **FIX            8
 **********
 **********
 **   77 **FIX            9
 **********
 **********
 **   78 **FIX           10
 **********
 **********
 **   79 **FIX           11
 **********
 **********
 **   80 **FIX           12
 **********
 PARAMETER   12  IS CONSTANT.   IGNORED.
 **********
 **   81 **FIX           16
 **********
 **********
 **   82 **MIGRAD
 **********
 START MIGRAD MINIMIZATION.  STRATEGY  1.  CONVERGENCE WHEN EDM .LT. 1.00e-04
 FCN=11.1491 FROM MIGRAD    STATUS=INITIATE       16 CALLS        5588 TOTAL
                     EDM= unknown      STRATEGY= 1      NO ERROR MATRIX       
  EXT PARAMETER               CURRENT GUESS       STEP         FIRST   
  NO.   NAME      VALUE            ERROR          SIZE      DERIVATIVE 
   1  N0           3.12284e+06     fixed    
   2  tau          6.43743e+01   constant   
   3  A0           3.55953e-01     fixed    
   4  phi          4.09995e+00     fixed    
   5  R           -6.00908e+01   constant   
   6  alpha_CBO    3.14905e-02     fixed    
   7  w_CBO        2.32500e+00   constant   
   8  beta_CBO     1.05188e-02     fixed    
   9  alpha_2CBO   5.76094e-03     fixed    
  10  beta_2CBO   -1.00363e-02     fixed    
  11  alpha_y     -9.65639e-04     fixed    
  12  w_y          1.44500e+01   constant   
  13  beta_y       2.61570e-04   1.96838e-04   1.96838e-04  -4.11276e+03
  14  alpha_vw     0.00000e+00   1.00000e-03   1.00000e-03  -1.17438e+04
  15  w_vw         1.29000e+01   constant   
  16  beta_vw      0.00000e+00     fixed    
  17  LM          -9.88464e-04   constant   
  18  zeta_y       0.00000e+00   constant   
  19  zeta_vw      0.00000e+00   constant   
  20  T_CBO        1.06377e+01   6.51378e-01  -2.23890e-04  -7.64831e+02
  21  alpha_A0     1.78475e+01   5.49471e+00   1.94179e-01  -4.31543e-01
  22  beta_A0      7.95519e+00   2.46157e+00   8.57551e-02  -3.24729e-02
  23  alpha_phi    1.38686e+01   4.20188e+00   1.48840e-01  -6.41172e-01
  24  beta_phi    -3.76636e+00   1.18220e+00  -4.09855e-02  -2.41841e-01
 MIGRAD MINIMIZATION HAS CONVERGED.
 MIGRAD WILL VERIFY CONVERGENCE AND ERROR MATRIX.
 FCN=9.89638 FROM HESSE     STATUS=NOT POSDEF     50 CALLS        5718 TOTAL
                     EDM=0.000239846    STRATEGY= 1      ERR MATRIX NOT POS-DEF
  EXT PARAMETER                APPROXIMATE        STEP         FIRST   
  NO.   NAME      VALUE            ERROR          SIZE      DERIVATIVE 
   1  N0           3.12284e+06     fixed    
   2  tau          6.43743e+01   constant   
   3  A0           3.55953e-01     fixed    
   4  phi          4.09995e+00     fixed    
   5  R           -6.00908e+01   constant   
   6  alpha_CBO    3.14905e-02     fixed    
   7  w_CBO        2.32500e+00   constant   
   8  beta_CBO     1.05188e-02     fixed    
   9  alpha_2CBO   5.76094e-03     fixed    
  10  beta_2CBO   -1.00363e-02     fixed    
  11  alpha_y     -9.65639e-04     fixed    
  12  w_y          1.44500e+01   constant   
  13  beta_y       2.34875e-04   2.14213e-04   3.06072e-07   4.43946e-01
  14  alpha_vw     2.22540e-04   2.12180e-04   3.03646e-07  -1.87941e-01
  15  w_vw         1.29000e+01   constant   
  16  beta_vw      0.00000e+00     fixed    
  17  LM          -9.88464e-04   constant   
  18  zeta_y       0.00000e+00   constant   
