 + ++++++++++++++++++++++++++++++++++++++++++++++++++++++++++++++++++++ +
 +                                                                      +
 +           You have chose to blind your fitting according to          +
 +                omega_ref * (1 + (R +/- deltaR) *10^{-6})             +
 +                                                                      +
 + ++++++++++++++++++++++++++++++++++++++++++++++++++++++++++++++++++++ +
In main()...
reading format from /gm2data/zkhechad/run45/envelope/formats/formatB_sBin_constraintOn.txt
pBinTau 	= 0  
pBinPhi 	= 0  
constraintau 	= 1 
includeMopTerm 	= 0    
constrainMop    = 0   
Parameters after format file: pBinTau 0 pBinPhi 0 constraintau 1 includeMopTerm 0 constrainMop 0 c_e_scale 0.000000 
Opening file /gm2data/tbarrett/gm2fr/studies/run23_bunch_corrections/CorrectedFourier_Run3b.root.
reading full fit data from /gm2data/zkhechad/cboTemplates/Run4CBOTemplates/fullFits/noRF/sBin_constraintOn_cE0.0_seed0_noRF_calo21.root
windowBins = 69
fitting sliding window 140 from bin 276 at 41.030000 to bin 345 at 51.474000 (69 bins)

Reading data from /gm2data/cornell/histograms/aMethod/histogram_a_noRF.root
 **********
 **    1 **SET PRINTOUT            1
 **********
 **********
 **    2 **SET NOWARNINGS 
 **********
 PARAMETER DEFINITIONS:
    NO.   NAME         VALUE      STEP SIZE      LIMITS
     1 N0           2.83609e+06  1.00000e+02     no limits
     2 tau          6.44055e+01  constant
     3 A0           3.54106e-01  1.00000e-04     no limits
     4 phi          4.11637e+00  1.00000e-02     no limits
     5 R           -5.93657e+01  constant
     6 alpha_CBO    0.00000e+00  1.00000e-03     no limits
     7 w_CBO        2.32500e+00  constant
     8 beta_CBO     0.00000e+00  1.00000e-03     no limits
     9 alpha_2CBO   0.00000e+00  1.00000e-03     no limits
    10 beta_2CBO    0.00000e+00  1.00000e-03     no limits
    11 alpha_y      0.00000e+00  1.00000e-03     no limits
    12 w_y          1.38860e+01  constant
    13 beta_y       0.00000e+00  1.00000e-03     no limits
    14 alpha_vw     0.00000e+00  1.00000e-03     no limits
    15 w_vw         1.43404e+01  constant
    16 beta_vw      0.00000e+00  1.00000e-03     no limits
    17 LM           6.62355e-05  constant
    18 zeta_y       0.00000e+00  constant
    19 zeta_vw      0.00000e+00  constant
    20 T_CBO        1.00000e+02  1.00000e+00    0.00000e+00  1.00000e+03
    21 alpha_A0     0.00000e+00  1.00000e-04   -1.00000e-02  1.00000e-02
    22 beta_A0      0.00000e+00  1.00000e-04   -1.00000e-02  1.00000e-02
    23 alpha_phi    0.00000e+00  1.00000e-04   -1.00000e-02  1.00000e-02
    24 beta_phi     0.00000e+00  1.00000e-04   -1.00000e-02  1.00000e-02
MINUIT - FIT ONLY WIGGLE
 **********
 **    3 **FIX            5
 **********
 PARAMETER    5  IS CONSTANT.   IGNORED.
 **********
 **    4 **FIX            6
 **********
 **********
 **    5 **FIX            7
 **********
 PARAMETER    7  IS CONSTANT.   IGNORED.
 **********
 **    6 **FIX            8
 **********
 **********
 **    7 **FIX            9
 **********
 **********
 **    8 **FIX           10
 **********
 **********
 **    9 **FIX           11
 **********
 **********
 **   10 **FIX           12
 **********
 PARAMETER   12  IS CONSTANT.   IGNORED.
 **********
 **   11 **FIX           13
 **********
 **********
 **   12 **FIX           14
 **********
 **********
 **   13 **FIX           15
 **********
 PARAMETER   15  IS CONSTANT.   IGNORED.
 **********
 **   14 **FIX           16
 **********
 **********
 **   15 **MIGRAD
 **********
 FIRST CALL TO USER FUNCTION AT NEW START POINT, WITH IFLAG=4.
 START MIGRAD MINIMIZATION.  STRATEGY  1.  CONVERGENCE WHEN EDM .LT. 1.00e-04
 FCN=13853.6 FROM MIGRAD    STATUS=INITIATE      433 CALLS         434 TOTAL
                     EDM= unknown      STRATEGY= 1      NO ERROR MATRIX       
  EXT PARAMETER               CURRENT GUESS       STEP         FIRST   
  NO.   NAME      VALUE            ERROR          SIZE      DERIVATIVE 
   1  N0           2.83609e+06   1.00000e+02   0.00000e+00  -5.97666e-02
   2  tau          6.44055e+01   constant   
   3  A0           3.54106e-01   1.00000e-04   0.00000e+00  -6.85376e+04
   4  phi          4.11637e+00   1.00000e-02   0.00000e+00   1.87748e+05
   5  R           -5.93657e+01   constant   
   6  alpha_CBO    0.00000e+00     fixed    
   7  w_CBO        2.32500e+00   constant   
   8  beta_CBO     0.00000e+00     fixed    
   9  alpha_2CBO   0.00000e+00     fixed    
  10  beta_2CBO    0.00000e+00     fixed    
  11  alpha_y      0.00000e+00     fixed    
  12  w_y          1.38860e+01   constant   
  13  beta_y       0.00000e+00     fixed    
  14  alpha_vw     0.00000e+00     fixed    
  15  w_vw         1.43404e+01   constant   
  16  beta_vw      0.00000e+00     fixed    
  17  LM           6.62355e-05   constant   
  18  zeta_y       0.00000e+00   constant   
  19  zeta_vw      0.00000e+00   constant   
  20  T_CBO        1.00000e+02   1.00000e+00   0.00000e+00   0.00000e+00
  21  alpha_A0     0.00000e+00   1.00000e-04   0.00000e+00   4.79367e+01
  22  beta_A0      0.00000e+00   1.00000e-04   0.00000e+00   2.02585e+02
  23  alpha_phi    0.00000e+00   1.00000e-04   0.00000e+00   9.38588e+02
  24  beta_phi     0.00000e+00   1.00000e-04   0.00000e+00  -3.25075e+02
 MIGRAD MINIMIZATION HAS CONVERGED.
 FCN=12553.9 FROM MIGRAD    STATUS=CONVERGED     687 CALLS         688 TOTAL
                     EDM=8.61735e-07    STRATEGY= 1  ERROR MATRIX UNCERTAINTY   1.2 per cent
  EXT PARAMETER                                   STEP         FIRST   
  NO.   NAME      VALUE            ERROR          SIZE      DERIVATIVE 
   1  N0           2.83653e+06   1.79596e+02  -3.36860e-01   7.88852e-07
   2  tau          6.44055e+01   constant   
   3  A0           3.54082e-01   8.37742e-05   2.42322e-07  -9.97875e+00
   4  phi          4.11007e+00   2.49380e-04  -2.34648e-07   1.83029e+00
   5  R           -5.93657e+01   constant   
   6  alpha_CBO    0.00000e+00     fixed    
   7  w_CBO        2.32500e+00   constant   
   8  beta_CBO     0.00000e+00     fixed    
   9  alpha_2CBO   0.00000e+00     fixed    
  10  beta_2CBO    0.00000e+00     fixed    
  11  alpha_y      0.00000e+00     fixed    
  12  w_y          1.38860e+01   constant   
  13  beta_y       0.00000e+00     fixed    
  14  alpha_vw     0.00000e+00     fixed    
  15  w_vw         1.43404e+01   constant   
  16  beta_vw      0.00000e+00     fixed    
  17  LM           6.62355e-05   constant   
  18  zeta_y       0.00000e+00   constant   
  19  zeta_vw      0.00000e+00   constant   
  20  T_CBO        2.06273e+02   3.55749e+01   4.23769e-04   7.88745e-03
  21  alpha_A0    -1.64467e-03   4.62215e-04   9.75441e-05  -1.14998e-02
  22  beta_A0     -2.12080e-03   4.26544e-04   1.69040e-04  -2.16377e-02
  23  alpha_phi   -1.00000e-02   3.56163e-04  -1.03664e-03** at limit **
  24  beta_phi     2.90390e-03   4.48178e-04  -1.82415e-04   2.03639e-02
 EXTERNAL ERROR MATRIX.    NDIM=  25    NPAR=  8    ERR DEF=1
  3.225e+04 -1.942e-03  3.881e-03 -6.899e+02 -1.875e-02  8.816e-03 -1.456e-07  1.948e-02 
 -1.942e-03  7.018e-09  5.485e-10  8.287e-05  6.628e-09  2.344e-10 -1.619e-13 -6.656e-09 
  3.881e-03  5.485e-10  6.219e-08 -1.374e-03  2.244e-09  5.118e-09 -4.022e-13  7.478e-09 
 -6.899e+02  8.287e-05 -1.374e-03  1.269e+03  2.817e-03  3.214e-03 -1.470e-07 -4.458e-03 
 -1.875e-02  6.628e-09  2.244e-09  2.817e-03  2.138e-07  6.996e-09 -4.435e-13 -2.410e-08 
  8.816e-03  2.344e-10  5.118e-09  3.214e-03  6.996e-09  1.821e-07  8.436e-13  5.580e-09 
 -1.456e-07 -1.619e-13 -4.022e-13 -1.470e-07 -4.435e-13  8.436e-13  3.596e-14  2.285e-12 
  1.948e-02 -6.656e-09  7.478e-09 -4.458e-03 -2.410e-08  5.580e-09  2.285e-12  2.010e-07 
 PARAMETER  CORRELATION COEFFICIENTS  
       NO.  GLOBAL      1      3      4     20     21     22     23     24
        1  0.34856   1.000 -0.129  0.087 -0.108 -0.226  0.115 -0.004  0.242
        3  0.24806  -0.129  1.000  0.026  0.028  0.171  0.007 -0.010 -0.177
        4  0.19783   0.087  0.026  1.000 -0.155  0.019  0.048 -0.009  0.067
       20  0.41083  -0.108  0.028 -0.155  1.000  0.171  0.211 -0.022 -0.279
       21  0.31038  -0.226  0.171  0.019  0.171  1.000  0.035 -0.005 -0.116
       22  0.27275   0.115  0.007  0.048  0.211  0.035  1.000  0.010  0.029
       23  0.03901  -0.004 -0.010 -0.009 -0.022 -0.005  0.010  1.000  0.027
       24  0.38534   0.242 -0.177  0.067 -0.279 -0.116  0.029  0.027  1.000
MINUIT - FIT ONLY 1-CBO + wiggle
 **********
 **   16 **RES 
 **********
                   PARAMETER   16  beta_vw RESTORED TO VARIABLE.
                   PARAMETER   14  alpha_vw RESTORED TO VARIABLE.
                   PARAMETER   13  beta_y RESTORED TO VARIABLE.
                   PARAMETER   11  alpha_y RESTORED TO VARIABLE.
                   PARAMETER   10  beta_2CBO RESTORED TO VARIABLE.
                   PARAMETER    9  alpha_2CBO RESTORED TO VARIABLE.
                   PARAMETER    8  beta_CBO RESTORED TO VARIABLE.
                   PARAMETER    6  alpha_CBO RESTORED TO VARIABLE.
 **********
 **   17 **FIX            8
 **********
 **********
 **   18 **FIX            9
 **********
 **********
 **   19 **FIX           11
 **********
 **********
 **   20 **FIX           12
 **********
 PARAMETER   12  IS CONSTANT.   IGNORED.
 **********
 **   21 **FIX           14
 **********
 **********
 **   22 **FIX           15
 **********
 PARAMETER   15  IS CONSTANT.   IGNORED.
 **********
 **   23 **FIX           16
 **********
 **********
 **   24 **MIGRAD
 **********
 START MIGRAD MINIMIZATION.  STRATEGY  1.  CONVERGENCE WHEN EDM .LT. 1.00e-04
 FCN=12553.9 FROM MIGRAD    STATUS=INITIATE       28 CALLS         716 TOTAL
                     EDM= unknown      STRATEGY= 1      NO ERROR MATRIX       
  EXT PARAMETER               CURRENT GUESS       STEP         FIRST   
  NO.   NAME      VALUE            ERROR          SIZE      DERIVATIVE 
   1  N0           2.83653e+06   1.79596e+02  -3.36860e-01   7.43868e-07
   2  tau          6.44055e+01   constant   
   3  A0           3.54082e-01   8.37742e-05   2.42322e-07  -1.00002e+01
   4  phi          4.11007e+00   2.49380e-04  -2.34648e-07   1.78073e+00
   5  R           -5.93657e+01   constant   
   6  alpha_CBO    0.00000e+00   1.00000e-03   1.00000e-03   2.26192e+06
   7  w_CBO        2.32500e+00   constant   
   8  beta_CBO     0.00000e+00     fixed    
   9  alpha_2CBO   0.00000e+00     fixed    
  10  beta_2CBO    0.00000e+00   1.00000e-03   1.00000e-03  -2.12050e+05
  11  alpha_y      0.00000e+00     fixed    
  12  w_y          1.38860e+01   constant   
  13  beta_y       0.00000e+00   1.00000e-03   1.00000e-03  -5.35003e+05
  14  alpha_vw     0.00000e+00     fixed    
  15  w_vw         1.43404e+01   constant   
  16  beta_vw      0.00000e+00     fixed    
  17  LM           6.62355e-05   constant   
  18  zeta_y       0.00000e+00   constant   
  19  zeta_vw      0.00000e+00   constant   
  20  T_CBO        2.06273e+02   3.55749e+01   4.23769e-04   6.75561e-03
  21  alpha_A0    -1.64467e-03   4.62215e-04   9.75441e-05  -1.15213e-02
  22  beta_A0     -2.12080e-03   4.26544e-04   1.69040e-04  -2.15472e-02
  23  alpha_phi   -9.99998e-03   3.56163e-04  -1.03664e-03   5.25655e-02
  24  beta_phi     2.90390e-03   4.48178e-04  -1.82415e-04   2.02627e-02
 MIGRAD MINIMIZATION HAS CONVERGED.
 FCN=2199.71 FROM MIGRAD    STATUS=CONVERGED     295 CALLS         983 TOTAL
                     EDM=4.75386e-07    STRATEGY= 1  ERROR MATRIX UNCERTAINTY   0.5 per cent
  EXT PARAMETER                                   STEP         FIRST   
  NO.   NAME      VALUE            ERROR          SIZE      DERIVATIVE 
   1  N0           2.83597e+06   1.73249e+02  -2.73686e-01  -1.06096e-06
   2  tau          6.44055e+01   constant   
   3  A0           3.53440e-01   8.26231e-05  -2.40938e-07   1.19676e+00
   4  phi          4.11500e+00   2.60290e-04  -9.27241e-09   2.79392e+00
   5  R           -5.93657e+01   constant   
   6  alpha_CBO   -8.67904e-03   8.77497e-05  -7.78864e-08  -4.02209e-01
   7  w_CBO        2.32500e+00   constant   
   8  beta_CBO     0.00000e+00     fixed    
   9  alpha_2CBO   0.00000e+00     fixed    
  10  beta_2CBO    1.67667e-04   8.39962e-05  -2.30188e-07  -4.32817e+00
  11  alpha_y      0.00000e+00     fixed    
  12  w_y          1.38860e+01   constant   
  13  beta_y       1.95473e-03   8.46349e-05  -8.90378e-08   5.22938e+00
  14  alpha_vw     0.00000e+00     fixed    
  15  w_vw         1.43404e+01   constant   
  16  beta_vw      0.00000e+00     fixed    
  17  LM           6.62355e-05   constant   
  18  zeta_y       0.00000e+00   constant   
  19  zeta_vw      0.00000e+00   constant   
  20  T_CBO        6.84943e+01   6.24507e+00   7.94932e-05   1.27351e-02
  21  alpha_A0    -5.06877e-03   7.78951e-04   1.28424e-04  -6.13210e-03
  22  beta_A0     -3.35494e-03   4.32135e-04  -7.32755e-06   1.34627e-02
  23  alpha_phi   -1.00000e-02   3.70176e-04  -1.47314e-04** at limit **
  24  beta_phi     3.90240e-03   7.36701e-04  -1.77379e-04   2.32989e-03
 EXTERNAL ERROR MATRIX.    NDIM=  25    NPAR= 11    ERR DEF=1
  3.002e+04 
 -1.544e-03  6.827e-09 
  1.712e-03  3.387e-10  6.775e-08 
  6.763e-04  5.700e-10 -4.716e-09  7.700e-09 
  9.967e-04  1.734e-10 -9.161e-11  4.894e-10  7.055e-09 
 -1.720e-04 -4.659e-11  4.417e-10 -1.178e-10 -9.033e-11  7.163e-09 
 -1.862e+02  2.088e-05 -3.275e-04  4.829e-05 -6.428e-05  9.113e-06  3.901e+01 
 -3.177e-02  9.444e-09 -9.353e-09  4.129e-09 -1.240e-09 -1.407e-09  2.071e-03  6.084e-07 
 -7.992e-03  4.838e-09 -4.052e-09  1.657e-09 -6.504e-12  9.615e-11  6.941e-04  1.126e-07  1.869e-07 
  3.085e-06  2.851e-12  3.295e-12  7.855e-13  3.147e-12  9.358e-13 -2.099e-07  7.532e-12  6.148e-12  9.570e-13 
  3.264e-02 -9.868e-09  2.312e-08 -9.642e-10  7.756e-09 -2.219e-10 -1.931e-03 -1.363e-07 -5.231e-08  4.414e-11  5.439e-07 
 PARAMETER  CORRELATION COEFFICIENTS  
       NO.  GLOBAL      1      3      4      6     10     13     20     21     22     23     24
        1  0.32533   1.000 -0.108  0.038  0.044  0.068 -0.012 -0.172 -0.235 -0.107  0.018  0.255
        3  0.25468  -0.108  1.000  0.016  0.079  0.025 -0.007  0.040  0.147  0.135  0.035 -0.162
        4  0.28988   0.038  0.016  1.000 -0.206 -0.004  0.020 -0.201 -0.046 -0.036  0.013  0.120
        6  0.25012   0.044  0.079 -0.206  1.000  0.066 -0.016  0.088  0.060  0.044  0.009 -0.015
       10  0.18236   0.068  0.025 -0.004  0.066  1.000 -0.013 -0.123 -0.019 -0.000  0.038  0.125
       13  0.05093  -0.012 -0.007  0.020 -0.016 -0.013  1.000  0.017 -0.021  0.003  0.011 -0.004
       20  0.57497  -0.172  0.040 -0.201  0.088 -0.123  0.017  1.000  0.425  0.257 -0.034 -0.419
       21  0.51850  -0.235  0.147 -0.046  0.060 -0.019 -0.021  0.425  1.000  0.334  0.010 -0.237
       22  0.37130  -0.107  0.135 -0.036  0.044 -0.000  0.003  0.257  0.334  1.000  0.015 -0.164
       23  0.08833   0.018  0.035  0.013  0.009  0.038  0.011 -0.034  0.010  0.015  1.000  0.061
       24  0.48711   0.255 -0.162  0.120 -0.015  0.125 -0.004 -0.419 -0.237 -0.164  0.061  1.000
MINUIT - FIT ONLY 2-CBO
 **********
 **   25 **RES 
 **********
                   PARAMETER   16  beta_vw RESTORED TO VARIABLE.
                   PARAMETER   14  alpha_vw RESTORED TO VARIABLE.
                   PARAMETER   11  alpha_y RESTORED TO VARIABLE.
                   PARAMETER    9  alpha_2CBO RESTORED TO VARIABLE.
                   PARAMETER    8  beta_CBO RESTORED TO VARIABLE.
 **********
 **   26 **FIX            0
 **********
 PARAMETER    0  IS UNDEFINED. IGNORED.
 **********
 **   27 **FIX            1
 **********
 **********
 **   28 **FIX            2
 **********
 PARAMETER    2  IS CONSTANT.   IGNORED.
 **********
 **   29 **FIX            3
 **********
 **********
 **   30 **FIX            4
 **********
 **********
 **   31 **FIX            5
 **********
 PARAMETER    5  IS CONSTANT.   IGNORED.
 **********
 **   32 **FIX            6
 **********
 **********
 **   33 **FIX            7
 **********
 PARAMETER    7  IS CONSTANT.   IGNORED.
 **********
 **   34 **FIX           10
 **********
 **********
 **   35 **FIX           11
 **********
 **********
 **   36 **FIX           12
 **********
 PARAMETER   12  IS CONSTANT.   IGNORED.
 **********
 **   37 **FIX           13
 **********
 **********
 **   38 **FIX           14
 **********
 **********
 **   39 **FIX           15
 **********
 PARAMETER   15  IS CONSTANT.   IGNORED.
 **********
 **   40 **FIX           16
 **********
 **********
 **   41 **MIGRAD
 **********
 START MIGRAD MINIMIZATION.  STRATEGY  1.  CONVERGENCE WHEN EDM .LT. 1.00e-04
 FCN=2199.71 FROM MIGRAD    STATUS=INITIATE       18 CALLS        1001 TOTAL
                     EDM= unknown      STRATEGY= 1      NO ERROR MATRIX       
  EXT PARAMETER               CURRENT GUESS       STEP         FIRST   
  NO.   NAME      VALUE            ERROR          SIZE      DERIVATIVE 
   1  N0           2.83597e+06     fixed    
   2  tau          6.44055e+01   constant   
   3  A0           3.53440e-01     fixed    
   4  phi          4.11500e+00     fixed    
   5  R           -5.93657e+01   constant   
   6  alpha_CBO   -8.67904e-03     fixed    
   7  w_CBO        2.32500e+00   constant   
   8  beta_CBO     0.00000e+00   1.00000e-03   1.00000e-03  -7.63430e+05
   9  alpha_2CBO   0.00000e+00   1.00000e-03   1.00000e-03  -4.35780e+04
  10  beta_2CBO    1.67667e-04     fixed    
  11  alpha_y      0.00000e+00     fixed    
  12  w_y          1.38860e+01   constant   
  13  beta_y       1.95473e-03     fixed    
  14  alpha_vw     0.00000e+00     fixed    
  15  w_vw         1.43404e+01   constant   
  16  beta_vw      0.00000e+00     fixed    
  17  LM           6.62355e-05   constant   
  18  zeta_y       0.00000e+00   constant   
  19  zeta_vw      0.00000e+00   constant   
  20  T_CBO        6.84943e+01   6.24507e+00   7.94932e-05   1.27337e-02
  21  alpha_A0    -5.06877e-03   7.78951e-04   1.28424e-04  -6.13225e-03
  22  beta_A0     -3.35494e-03   4.32135e-04  -7.32755e-06   1.34628e-02
  23  alpha_phi   -1.00000e-02   3.70176e-04  -1.47314e-04** at limit **
  24  beta_phi     3.90240e-03   7.36701e-04  -1.77379e-04   2.33003e-03
 MIGRAD MINIMIZATION HAS CONVERGED.
 FCN=1165.63 FROM MIGRAD    STATUS=CONVERGED     112 CALLS        1095 TOTAL
                     EDM=9.13407e-07    STRATEGY= 1  ERROR MATRIX UNCERTAINTY   1.9 per cent
  EXT PARAMETER                                   STEP         FIRST   
  NO.   NAME      VALUE            ERROR          SIZE      DERIVATIVE 
   1  N0           2.83597e+06     fixed    
   2  tau          6.44055e+01   constant   
   3  A0           3.53440e-01     fixed    
   4  phi          4.11500e+00     fixed    
   5  R           -5.93657e+01   constant   
   6  alpha_CBO   -8.67904e-03     fixed    
   7  w_CBO        2.32500e+00   constant   
   8  beta_CBO     2.70163e-03   8.40898e-05  -6.94194e-08  -2.88946e+00
   9  alpha_2CBO   1.28244e-04   8.37084e-05  -1.83045e-07   7.44988e+00
  10  beta_2CBO    1.67667e-04     fixed    
  11  alpha_y      0.00000e+00     fixed    
  12  w_y          1.38860e+01   constant   
  13  beta_y       1.95473e-03     fixed    
  14  alpha_vw     0.00000e+00     fixed    
  15  w_vw         1.43404e+01   constant   
  16  beta_vw      0.00000e+00     fixed    
  17  LM           6.62355e-05   constant   
  18  zeta_y       0.00000e+00   constant   
  19  zeta_vw      0.00000e+00   constant   
  20  T_CBO        6.41747e+01   5.65115e+00   1.01894e-04   2.44767e-02
  21  alpha_A0    -5.44699e-03   8.20282e-04  -2.17495e-04  -1.14037e-02
  22  beta_A0     -1.68397e-03   6.81642e-04   3.82790e-04   2.23551e-03
  23  alpha_phi   -1.00000e-02   1.38392e-03  -6.59435e-05** at limit **
  24  beta_phi     2.21656e-03   7.04745e-04   2.70791e-04  -1.82158e-02
 EXTERNAL ERROR MATRIX.    NDIM=  25    NPAR=  7    ERR DEF=1
  7.071e-09 -2.102e-11 -6.506e-06 -9.011e-10  4.652e-09 -6.864e-15 -4.669e-09 
 -2.102e-11  7.007e-09 -4.696e-05 -8.392e-09 -4.308e-09  3.768e-16 -4.654e-09 
 -6.506e-06 -4.696e-05  3.194e+01  2.096e-03  9.767e-04  1.828e-09 -8.643e-04 
 -9.011e-10 -8.392e-09  2.096e-03  6.750e-07  5.444e-08 -2.168e-13 -7.775e-08 
  4.652e-09 -4.308e-09  9.767e-04  5.444e-08  4.654e-07  3.293e-13  1.136e-09 
 -6.864e-15  3.768e-16  1.828e-09 -2.168e-13  3.293e-13  1.518e-14  1.677e-13 
 -4.669e-09 -4.654e-09 -8.643e-04 -7.775e-08  1.136e-09  1.677e-13  4.975e-07 
 PARAMETER  CORRELATION COEFFICIENTS  
       NO.  GLOBAL      8      9     20     21     22     23     24
        8  0.12634   1.000 -0.003 -0.014 -0.013  0.081 -0.001 -0.079
        9  0.17613  -0.003  1.000 -0.099 -0.122 -0.075  0.000 -0.079
       20  0.52703  -0.014 -0.099  1.000  0.451  0.253  0.003 -0.217
       21  0.46085  -0.013 -0.122  0.451  1.000  0.097 -0.002 -0.134
       22  0.27927   0.081 -0.075  0.253  0.097  1.000  0.004  0.002
       23  0.00610  -0.001  0.000  0.003 -0.002  0.004  1.000  0.002
       24  0.26474  -0.079 -0.079 -0.217 -0.134  0.002  0.002  1.000
MINUIT - FIT wiggle + 1-CBO + 2-CBO
 **********
 **   42 **RES 
 **********
                   PARAMETER   16  beta_vw RESTORED TO VARIABLE.
                   PARAMETER   14  alpha_vw RESTORED TO VARIABLE.
                   PARAMETER   13  beta_y RESTORED TO VARIABLE.
                   PARAMETER   11  alpha_y RESTORED TO VARIABLE.
                   PARAMETER   10  beta_2CBO RESTORED TO VARIABLE.
                   PARAMETER    6  alpha_CBO RESTORED TO VARIABLE.
                   PARAMETER    4  phi RESTORED TO VARIABLE.
                   PARAMETER    3  A0 RESTORED TO VARIABLE.
                   PARAMETER    1  N0 RESTORED TO VARIABLE.
 **********
 **   43 **FIX           10
 **********
 **********
 **   44 **FIX           11
 **********
 **********
 **   45 **FIX           12
 **********
 PARAMETER   12  IS CONSTANT.   IGNORED.
 **********
 **   46 **FIX           13
 **********
 **********
 **   47 **FIX           14
 **********
 **********
 **   48 **FIX           15
 **********
 PARAMETER   15  IS CONSTANT.   IGNORED.
 **********
 **   49 **FIX           16
 **********
 **********
 **   50 **MIGRAD
 **********
 START MIGRAD MINIMIZATION.  STRATEGY  1.  CONVERGENCE WHEN EDM .LT. 1.00e-04
 FCN=1165.63 FROM MIGRAD    STATUS=INITIATE       22 CALLS        1117 TOTAL
                     EDM= unknown      STRATEGY= 1      NO ERROR MATRIX       
  EXT PARAMETER               CURRENT GUESS       STEP         FIRST   
  NO.   NAME      VALUE            ERROR          SIZE      DERIVATIVE 
   1  N0           2.83597e+06   1.73249e+02   1.73249e+02  -2.29625e-02
   2  tau          6.44055e+01   constant   
   3  A0           3.53440e-01   8.26231e-05   8.26231e-05  -1.52628e+05
   4  phi          4.11500e+00   2.60290e-04   2.60290e-04  -3.65314e+04
   5  R           -5.93657e+01   constant   
   6  alpha_CBO   -8.67904e-03   8.77497e-05   8.77497e-05  -2.88307e+04
   7  w_CBO        2.32500e+00   constant   
   8  beta_CBO     2.70163e-03   8.40898e-05  -6.94194e-08  -2.90658e+00
   9  alpha_2CBO   1.28244e-04   8.37084e-05  -1.83045e-07   7.41133e+00
  10  beta_2CBO    1.67667e-04     fixed    
  11  alpha_y      0.00000e+00     fixed    
  12  w_y          1.38860e+01   constant   
  13  beta_y       1.95473e-03     fixed    
  14  alpha_vw     0.00000e+00     fixed    
  15  w_vw         1.43404e+01   constant   
  16  beta_vw      0.00000e+00     fixed    
  17  LM           6.62355e-05   constant   
  18  zeta_y       0.00000e+00   constant   
  19  zeta_vw      0.00000e+00   constant   
  20  T_CBO        6.41747e+01   5.65115e+00   1.01894e-04   2.19582e-02
  21  alpha_A0    -5.44699e-03   8.20282e-04  -2.17495e-04  -1.14144e-02
  22  beta_A0     -1.68397e-03   6.81642e-04   3.82790e-04   2.27270e-03
  23  alpha_phi   -9.99998e-03   1.38392e-03  -6.59435e-05   1.95911e-02
  24  beta_phi     2.21656e-03   7.04745e-04   2.70791e-04  -1.82551e-02
 MIGRAD MINIMIZATION HAS CONVERGED.
 FCN=1095.62 FROM MIGRAD    STATUS=CONVERGED     166 CALLS        1261 TOTAL
                     EDM=2.26572e-06    STRATEGY= 1  ERROR MATRIX UNCERTAINTY   3.1 per cent
  EXT PARAMETER                                   STEP         FIRST   
  NO.   NAME      VALUE            ERROR          SIZE      DERIVATIVE 
   1  N0           2.83628e+06   1.66089e+02  -1.92400e-01   2.94775e-06
   2  tau          6.44055e+01   constant   
   3  A0           3.53997e-01   8.37433e-05   3.42042e-08  -1.52980e+01
   4  phi          4.11624e+00   2.56304e-04  -2.29509e-07   5.58125e+00
   5  R           -5.93657e+01   constant   
   6  alpha_CBO   -8.59913e-03   8.81204e-05   2.26011e-07   6.04005e+00
   7  w_CBO        2.32500e+00   constant   
   8  beta_CBO     2.88589e-03   8.68729e-05   5.28889e-09   5.85853e-01
   9  alpha_2CBO   1.08240e-04   8.16399e-05  -2.72567e-07  -1.76488e+01
  10  beta_2CBO    1.67667e-04     fixed    
  11  alpha_y      0.00000e+00     fixed    
  12  w_y          1.38860e+01   constant   
  13  beta_y       1.95473e-03     fixed    
  14  alpha_vw     0.00000e+00     fixed    
  15  w_vw         1.43404e+01   constant   
  16  beta_vw      0.00000e+00     fixed    
  17  LM           6.62355e-05   constant   
  18  zeta_y       0.00000e+00   constant   
  19  zeta_vw      0.00000e+00   constant   
  20  T_CBO        5.96197e+01   5.11743e+00   5.12866e-05  -3.80958e-02
  21  alpha_A0    -5.07397e-03   8.75994e-04   3.01964e-04  -2.16747e-03
  22  beta_A0     -1.07283e-03   6.77424e-04  -1.32040e-05  -8.98257e-03
  23  alpha_phi   -1.00000e-02   9.18937e-04   1.28046e-05** at limit **
  24  beta_phi     1.92669e-03   6.67375e-04  -7.20394e-05   1.77877e-02
 EXTERNAL ERROR MATRIX.    NDIM=  25    NPAR= 11    ERR DEF=1
  2.759e+04 
 -3.006e-04  7.013e-09 
  1.750e-03  9.725e-10  6.569e-08 
 -5.844e-04  4.658e-10 -3.405e-09  7.765e-09 
  7.953e-04  1.473e-09  3.385e-09 -7.137e-12  7.547e-09 
  1.373e-03 -6.406e-10  3.173e-10  4.126e-10 -3.198e-10  6.665e-09 
 -8.006e+01 -1.132e-05 -1.688e-04  2.511e-05 -2.944e-05 -6.532e-05  2.619e+01 
 -2.917e-02  9.040e-09 -2.346e-09  4.070e-09  2.800e-10 -1.648e-08  1.788e-03  7.700e-07 
 -4.389e-03  4.420e-09  1.975e-08 -2.325e-09  4.354e-09 -6.107e-09  2.808e-04  4.435e-08  4.596e-07 
 -6.416e-09  1.647e-15 -4.978e-15  1.955e-15 -3.105e-16 -4.186e-15  3.793e-10  8.035e-14  1.230e-14  6.053e-16 
  9.838e-03 -4.423e-09 -1.398e-09 -2.511e-09 -4.133e-09  4.396e-09 -4.932e-04 -5.626e-08 -1.152e-08 -2.161e-14  4.461e-07 
 PARAMETER  CORRELATION COEFFICIENTS  
       NO.  GLOBAL      1      3      4      6      8      9     20     21     22     23     24
        1  0.23244   1.000 -0.022  0.041 -0.040  0.055  0.101 -0.094 -0.200 -0.039 -0.002  0.089
        3  0.27400  -0.022  1.000  0.045  0.063  0.202 -0.094 -0.026  0.123  0.078  0.001 -0.079
        4  0.27081   0.041  0.045  1.000 -0.151  0.152  0.015 -0.129 -0.010  0.114 -0.001 -0.008
        6  0.19796  -0.040  0.063 -0.151  1.000 -0.001  0.057  0.056  0.053 -0.039  0.001 -0.043
        8  0.27168   0.055  0.202  0.152 -0.001  1.000 -0.045 -0.066  0.004  0.074 -0.000 -0.071
        9  0.28689   0.101 -0.094  0.015  0.057 -0.045  1.000 -0.156 -0.230 -0.110 -0.002  0.081
       20  0.45013  -0.094 -0.026 -0.129  0.056 -0.066 -0.156  1.000  0.398  0.081  0.003 -0.144
       21  0.47504  -0.200  0.123 -0.010  0.053  0.004 -0.230  0.398  1.000  0.075  0.004 -0.096
       22  0.19938  -0.039  0.078  0.114 -0.039  0.074 -0.110  0.081  0.075  1.000  0.001 -0.025
       23  0.00445  -0.002  0.001 -0.001  0.001 -0.000 -0.002  0.003  0.004  0.001  1.000 -0.001
       24  0.20295   0.089 -0.079 -0.008 -0.043 -0.071  0.081 -0.144 -0.096 -0.025 -0.001  1.000
MINUIT - FIT ONLY 1-y
 **********
 **   51 **RES 
 **********
                   PARAMETER   16  beta_vw RESTORED TO VARIABLE.
                   PARAMETER   14  alpha_vw RESTORED TO VARIABLE.
                   PARAMETER   13  beta_y RESTORED TO VARIABLE.
                   PARAMETER   11  alpha_y RESTORED TO VARIABLE.
                   PARAMETER   10  beta_2CBO RESTORED TO VARIABLE.
 **********
 **   52 **FIX            0
 **********
 PARAMETER    0  IS UNDEFINED. IGNORED.
 **********
 **   53 **FIX            1
 **********
 **********
 **   54 **FIX            2
 **********
 PARAMETER    2  IS CONSTANT.   IGNORED.
 **********
 **   55 **FIX            3
 **********
 **********
 **   56 **FIX            4
 **********
 **********
 **   57 **FIX            5
 **********
 PARAMETER    5  IS CONSTANT.   IGNORED.
 **********
 **   58 **FIX            6
 **********
 **********
 **   59 **FIX            7
 **********
 PARAMETER    7  IS CONSTANT.   IGNORED.
 **********
 **   60 **FIX            8
 **********
 **********
 **   61 **FIX            9
 **********
 **********
 **   62 **FIX           13
 **********
 **********
 **   63 **FIX           14
 **********
 **********
 **   64 **FIX           15
 **********
 PARAMETER   15  IS CONSTANT.   IGNORED.
 **********
 **   65 **FIX           16
 **********
 **********
 **   66 **MIGRAD
 **********
 START MIGRAD MINIMIZATION.  STRATEGY  1.  CONVERGENCE WHEN EDM .LT. 1.00e-04
 FCN=1095.62 FROM MIGRAD    STATUS=INITIATE       16 CALLS        1277 TOTAL
                     EDM= unknown      STRATEGY= 1      NO ERROR MATRIX       
  EXT PARAMETER               CURRENT GUESS       STEP         FIRST   
  NO.   NAME      VALUE            ERROR          SIZE      DERIVATIVE 
   1  N0           2.83628e+06     fixed    
   2  tau          6.44055e+01   constant   
   3  A0           3.53997e-01     fixed    
   4  phi          4.11624e+00     fixed    
   5  R           -5.93657e+01   constant   
   6  alpha_CBO   -8.59913e-03     fixed    
   7  w_CBO        2.32500e+00   constant   
   8  beta_CBO     2.88589e-03     fixed    
   9  alpha_2CBO   1.08240e-04     fixed    
  10  beta_2CBO    1.67667e-04   8.39962e-05   8.39962e-05  -3.90178e+04
  11  alpha_y      0.00000e+00   1.00000e-03   1.00000e-03   4.92418e+05
  12  w_y          1.38860e+01   constant   
  13  beta_y       1.95473e-03     fixed    
  14  alpha_vw     0.00000e+00     fixed    
  15  w_vw         1.43404e+01   constant   
  16  beta_vw      0.00000e+00     fixed    
  17  LM           6.62355e-05   constant   
  18  zeta_y       0.00000e+00   constant   
  19  zeta_vw      0.00000e+00   constant   
  20  T_CBO        5.96197e+01   5.11743e+00   5.12866e-05  -4.06124e-02
  21  alpha_A0    -5.07397e-03   8.75994e-04   3.01964e-04  -2.17731e-03
  22  beta_A0     -1.07283e-03   6.77424e-04  -1.32040e-05  -8.94864e-03
  23  alpha_phi   -9.99998e-03   9.18937e-04   1.28046e-05   7.76791e-03
  24  beta_phi     1.92669e-03   6.67375e-04  -7.20394e-05   1.77521e-02
 MIGRAD MINIMIZATION HAS CONVERGED.
 FCN=655.477 FROM MIGRAD    STATUS=CONVERGED     113 CALLS        1374 TOTAL
                     EDM=3.28009e-08    STRATEGY= 1  ERROR MATRIX UNCERTAINTY   1.7 per cent
  EXT PARAMETER                                   STEP         FIRST   
  NO.   NAME      VALUE            ERROR          SIZE      DERIVATIVE 
   1  N0           2.83628e+06     fixed    
   2  tau          6.44055e+01   constant   
   3  A0           3.53997e-01     fixed    
   4  phi          4.11624e+00     fixed    
   5  R           -5.93657e+01   constant   
   6  alpha_CBO   -8.59913e-03     fixed    
   7  w_CBO        2.32500e+00   constant   
   8  beta_CBO     2.88589e-03     fixed    
   9  alpha_2CBO   1.08240e-04     fixed    
  10  beta_2CBO    3.37003e-04   8.59392e-05  -4.95681e-09   8.73579e-01
  11  alpha_y     -1.77430e-03   8.38747e-05  -1.62219e-07  -2.54396e+00
  12  w_y          1.38860e+01   constant   
  13  beta_y       1.95473e-03     fixed    
  14  alpha_vw     0.00000e+00     fixed    
  15  w_vw         1.43404e+01   constant   
  16  beta_vw      0.00000e+00     fixed    
  17  LM           6.62355e-05   constant   
  18  zeta_y       0.00000e+00   constant   
  19  zeta_vw      0.00000e+00   constant   
  20  T_CBO        5.70487e+01   5.01696e+00  -3.26203e-05  -2.26006e-03
  21  alpha_A0    -5.21648e-03   8.69568e-04  -7.29422e-05   1.78389e-03
  22  beta_A0     -1.70235e-03   7.38262e-04   1.29333e-04  -1.24495e-03
  23  alpha_phi   -1.00000e-02   2.35312e-03   6.03121e-06** at limit **
  24  beta_phi     2.03071e-03   7.44719e-04  -6.87145e-05   2.41325e-03
 EXTERNAL ERROR MATRIX.    NDIM=  25    NPAR=  7    ERR DEF=1
  7.386e-09 -2.780e-11 -6.288e-05  3.418e-10 -1.147e-08 -9.713e-17  3.258e-09 
 -2.780e-11  7.035e-09  2.418e-06  1.454e-09  5.983e-10  3.136e-17  7.003e-10 
 -6.288e-05  2.418e-06  2.517e+01  1.778e-03  7.669e-04  1.255e-11 -9.314e-04 
  3.418e-10  1.454e-09  1.778e-03  7.588e-07  4.304e-08  1.599e-15 -1.126e-07 
 -1.147e-08  5.983e-10  7.669e-04  4.304e-08  5.461e-07 -1.164e-16 -1.415e-08 
 -9.713e-17  3.136e-17  1.255e-11  1.599e-15 -1.164e-16  1.071e-17 -5.132e-16 
  3.258e-09  7.003e-10 -9.314e-04 -1.126e-07 -1.415e-08 -5.132e-16  5.557e-07 
 PARAMETER  CORRELATION COEFFICIENTS  
       NO.  GLOBAL     10     11     20     21     22     23     24
       10  0.22372   1.000 -0.004 -0.146  0.005 -0.181 -0.000  0.051
       11  0.02653  -0.004  1.000  0.006  0.020  0.010  0.000  0.011
       20  0.49139  -0.146  0.006  1.000  0.407  0.207  0.001 -0.249
       21  0.41914   0.005  0.020  0.407  1.000  0.067  0.001 -0.173
       22  0.25858  -0.181  0.010  0.207  0.067  1.000 -0.000 -0.026
       23  0.00089  -0.000  0.000  0.001  0.001 -0.000  1.000 -0.000
       24  0.26392   0.051  0.011 -0.249 -0.173 -0.026 -0.000  1.000
MINUIT - FIT ONLY 2-y
 **********
 **   67 **RES 
 **********
                   PARAMETER   16  beta_vw RESTORED TO VARIABLE.
                   PARAMETER   14  alpha_vw RESTORED TO VARIABLE.
                   PARAMETER   13  beta_y RESTORED TO VARIABLE.
                   PARAMETER    9  alpha_2CBO RESTORED TO VARIABLE.
                   PARAMETER    8  beta_CBO RESTORED TO VARIABLE.
                   PARAMETER    6  alpha_CBO RESTORED TO VARIABLE.
                   PARAMETER    4  phi RESTORED TO VARIABLE.
                   PARAMETER    3  A0 RESTORED TO VARIABLE.
                   PARAMETER    1  N0 RESTORED TO VARIABLE.
 **********
 **   68 **FIX            0
 **********
 PARAMETER    0  IS UNDEFINED. IGNORED.
 **********
 **   69 **FIX            1
 **********
 **********
 **   70 **FIX            2
 **********
 PARAMETER    2  IS CONSTANT.   IGNORED.
 **********
 **   71 **FIX            3
 **********
 **********
 **   72 **FIX            4
 **********
 **********
 **   73 **FIX            5
 **********
 PARAMETER    5  IS CONSTANT.   IGNORED.
 **********
 **   74 **FIX            6
 **********
 **********
 **   75 **FIX            7
 **********
 PARAMETER    7  IS CONSTANT.   IGNORED.
 **********
 **   76 **FIX            8
 **********
 **********
 **   77 **FIX            9
 **********
 **********
 **   78 **FIX           10
 **********
 **********
 **   79 **FIX           11
 **********
 **********
 **   80 **FIX           12
 **********
 PARAMETER   12  IS CONSTANT.   IGNORED.
 **********
 **   81 **FIX           16
 **********
 **********
 **   82 **MIGRAD
 **********
 START MIGRAD MINIMIZATION.  STRATEGY  1.  CONVERGENCE WHEN EDM .LT. 1.00e-04
 FCN=655.477 FROM MIGRAD    STATUS=INITIATE       16 CALLS        1390 TOTAL
                     EDM= unknown      STRATEGY= 1      NO ERROR MATRIX       
  EXT PARAMETER               CURRENT GUESS       STEP         FIRST   
  NO.   NAME      VALUE            ERROR          SIZE      DERIVATIVE 
   1  N0           2.83628e+06     fixed    
   2  tau          6.44055e+01   constant   
   3  A0           3.53997e-01     fixed    
   4  phi          4.11624e+00     fixed    
   5  R           -5.93657e+01   constant   
   6  alpha_CBO   -8.59913e-03     fixed    
   7  w_CBO        2.32500e+00   constant   
   8  beta_CBO     2.88589e-03     fixed    
   9  alpha_2CBO   1.08240e-04     fixed    
  10  beta_2CBO    3.37003e-04     fixed    
  11  alpha_y     -1.77430e-03     fixed    
  12  w_y          1.38860e+01   constant   
  13  beta_y       1.95473e-03   8.46349e-05   8.46349e-05   5.88165e+03
  14  alpha_vw     0.00000e+00   1.00000e-03   1.00000e-03  -2.05928e+05
  15  w_vw         1.43404e+01   constant   
  16  beta_vw      0.00000e+00     fixed    
  17  LM           6.62355e-05   constant   
  18  zeta_y       0.00000e+00   constant   
  19  zeta_vw      0.00000e+00   constant   
  20  T_CBO        5.70487e+01   5.01696e+00  -3.26203e-05  -4.77134e-03
  21  alpha_A0    -5.21648e-03   8.69568e-04  -7.29422e-05   1.77485e-03
  22  beta_A0     -1.70235e-03   7.38262e-04   1.29333e-04  -1.21343e-03
  23  alpha_phi   -9.99998e-03   2.35312e-03   6.03121e-06   9.76072e-03
  24  beta_phi     2.03071e-03   7.44719e-04  -6.87145e-05   2.38017e-03
 MIGRAD MINIMIZATION HAS CONVERGED.
 MIGRAD WILL VERIFY CONVERGENCE AND ERROR MATRIX.
 COVARIANCE MATRIX CALCULATED SUCCESSFULLY
 FCN=576.308 FROM MIGRAD    STATUS=CONVERGED     144 CALLS        1518 TOTAL
                     EDM=2.53867e-07    STRATEGY= 1      ERROR MATRIX ACCURATE 
  EXT PARAMETER                                   STEP         FIRST   
  NO.   NAME      VALUE            ERROR          SIZE      DERIVATIVE 
   1  N0           2.83628e+06     fixed    
   2  tau          6.44055e+01   constant   
   3  A0           3.53997e-01     fixed    
   4  phi          4.11624e+00     fixed    
   5  R           -5.93657e+01   constant   
   6  alpha_CBO   -8.59913e-03     fixed    
   7  w_CBO        2.32500e+00   constant   
   8  beta_CBO     2.88589e-03     fixed    
   9  alpha_2CBO   1.08240e-04     fixed    
  10  beta_2CBO    3.37003e-04     fixed    
  11  alpha_y     -1.77430e-03     fixed    
  12  w_y          1.38860e+01   constant   
  13  beta_y       2.12665e-03   8.64494e-05   9.81583e-07  -5.13868e-01
  14  alpha_vw     7.73820e-04   8.70010e-05   9.87889e-07   2.68409e+00
  15  w_vw         1.43404e+01   constant   
  16  beta_vw      0.00000e+00     fixed    
  17  LM           6.62355e-05   constant   
  18  zeta_y       0.00000e+00   constant   
  19  zeta_vw      0.00000e+00   constant   
  20  T_CBO        5.78623e+01   5.07762e+00   2.24303e-04  -1.80332e-02
  21  alpha_A0    -5.19987e-03   8.68693e-04   1.08842e-03   3.54964e-03
  22  beta_A0     -1.56102e-03   7.38051e-04   8.60738e-04  -6.49394e-03
  23  alpha_phi   -1.00000e-02   2.20106e-03   7.73235e-03** at limit **
  24  beta_phi     2.00393e-03   7.55819e-04   8.79258e-04  -2.12517e-03
 EXTERNAL ERROR MATRIX.    NDIM=  25    NPAR=  7    ERR DEF=1
  7.473e-09  1.883e-09  8.038e-06 -8.633e-10 -9.931e-11  1.058e-16 -4.013e-10 
  1.883e-09  7.569e-09  8.160e-06  1.181e-10  1.360e-09  1.483e-16 -2.581e-10 
  8.038e-06  8.160e-06  2.579e+01  1.820e-03  6.903e-04  3.506e-09 -8.797e-04 
 -8.633e-10  1.181e-10  1.820e-03  7.572e-07  5.176e-08  2.549e-13 -9.093e-08 
 -9.931e-11  1.360e-09  6.903e-04  5.176e-08  5.457e-07  7.335e-14  1.272e-08 
  1.058e-16  1.483e-16  3.506e-09  2.549e-13  7.335e-14  3.488e-16 -9.760e-14 
 -4.013e-10 -2.581e-10 -8.797e-04 -9.093e-08  1.272e-08 -9.760e-14  5.724e-07 
 PARAMETER  CORRELATION COEFFICIENTS  
       NO.  GLOBAL     13     14     20     21     22     23     24
       13  0.25167   1.000  0.250  0.018 -0.011 -0.002  0.000 -0.006
       14  0.25151   0.250  1.000  0.018  0.002  0.021  0.000 -0.004
       20  0.47536   0.018  0.018  1.000  0.412  0.184  0.037 -0.229
       21  0.41481  -0.011  0.002  0.412  1.000  0.081  0.016 -0.138
       22  0.19694  -0.002  0.021  0.184  0.081  1.000  0.005  0.023
       23  0.03705   0.000  0.000  0.037  0.016  0.005  1.000 -0.007
       24  0.24320  -0.006 -0.004 -0.229 -0.138  0.023 -0.007  1.000
MINUIT - FIT ALTOGETHER
 **********
 **   83 **RES 
 **********
                   PARAMETER   16  beta_vw RESTORED TO VARIABLE.
                   PARAMETER   11  alpha_y RESTORED TO VARIABLE.
                   PARAMETER   10  beta_2CBO RESTORED TO VARIABLE.
