 + ++++++++++++++++++++++++++++++++++++++++++++++++++++++++++++++++++++ +
 +                                                                      +
 +           You have chose to blind your fitting according to          +
 +                omega_ref * (1 + (R +/- deltaR) *10^{-6})             +
 +                                                                      +
 + ++++++++++++++++++++++++++++++++++++++++++++++++++++++++++++++++++++ +
In main()...
reading format from /gm2data/zkhechad/run45/envelope/formats/formatB_sBin_constraintOn.txt
pBinTau 	= 0  
pBinPhi 	= 0  
constraintau 	= 1 
includeMopTerm 	= 0    
constrainMop    = 0   
Parameters after format file: pBinTau 0 pBinPhi 0 constraintau 1 includeMopTerm 0 constrainMop 0 c_e_scale 0.000000 
Opening file /gm2data/tbarrett/gm2fr/studies/run23_bunch_corrections/CorrectedFourier_Run3b.root.
reading full fit data from /gm2data/zkhechad/cboTemplates/Run4CBOTemplates/fullFits/noRF/sBin_constraintOn_cE0.0_seed0_noRF_calo19.root
windowBins = 69
fitting sliding window 560 from bin 696 at 103.694000 to bin 765 at 114.138000 (69 bins)

Reading data from /gm2data/cornell/histograms/aMethod/histogram_a_noRF.root
 **********
 **    1 **SET PRINTOUT            1
 **********
 **********
 **    2 **SET NOWARNINGS 
 **********
 PARAMETER DEFINITIONS:
    NO.   NAME         VALUE      STEP SIZE      LIMITS
     1 N0           3.18973e+06  1.00000e+02     no limits
     2 tau          6.43945e+01  constant
     3 A0           3.47817e-01  1.00000e-04     no limits
     4 phi          4.13218e+00  1.00000e-02     no limits
     5 R           -5.98741e+01  constant
     6 alpha_CBO    0.00000e+00  1.00000e-03     no limits
     7 w_CBO        2.32500e+00  constant
     8 beta_CBO     0.00000e+00  1.00000e-03     no limits
     9 alpha_2CBO   0.00000e+00  1.00000e-03     no limits
    10 beta_2CBO    0.00000e+00  1.00000e-03     no limits
    11 alpha_y      0.00000e+00  1.00000e-03     no limits
    12 w_y          1.38860e+01  constant
    13 beta_y       0.00000e+00  1.00000e-03     no limits
    14 alpha_vw     0.00000e+00  1.00000e-03     no limits
    15 w_vw         1.43404e+01  constant
    16 beta_vw      0.00000e+00  1.00000e-03     no limits
    17 LM          -2.15884e-04  constant
    18 zeta_y       0.00000e+00  constant
    19 zeta_vw      0.00000e+00  constant
    20 T_CBO        1.00000e+02  1.00000e+00    0.00000e+00  1.00000e+03
    21 alpha_A0     0.00000e+00  1.00000e-03     no limits
    22 beta_A0      0.00000e+00  1.00000e-03     no limits
    23 alpha_phi    0.00000e+00  1.00000e-03     no limits
    24 beta_phi     0.00000e+00  1.00000e-03     no limits
MINUIT - FIT ONLY WIGGLE
 **********
 **    3 **FIX            5
 **********
 PARAMETER    5  IS CONSTANT.   IGNORED.
 **********
 **    4 **FIX            6
 **********
 **********
 **    5 **FIX            7
 **********
 PARAMETER    7  IS CONSTANT.   IGNORED.
 **********
 **    6 **FIX            8
 **********
 **********
 **    7 **FIX            9
 **********
 **********
 **    8 **FIX           10
 **********
 **********
 **    9 **FIX           11
 **********
 **********
 **   10 **FIX           12
 **********
 PARAMETER   12  IS CONSTANT.   IGNORED.
 **********
 **   11 **FIX           13
 **********
 **********
 **   12 **FIX           14
 **********
 **********
 **   13 **FIX           15
 **********
 PARAMETER   15  IS CONSTANT.   IGNORED.
 **********
 **   14 **FIX           16
 **********
 **********
 **   15 **MIGRAD
 **********
 FIRST CALL TO USER FUNCTION AT NEW START POINT, WITH IFLAG=4.
 START MIGRAD MINIMIZATION.  STRATEGY  1.  CONVERGENCE WHEN EDM .LT. 1.00e-04
 FCN=2856.81 FROM MIGRAD    STATUS=INITIATE      435 CALLS         436 TOTAL
                     EDM= unknown      STRATEGY= 1      NO ERROR MATRIX       
  EXT PARAMETER               CURRENT GUESS       STEP         FIRST   
  NO.   NAME      VALUE            ERROR          SIZE      DERIVATIVE 
   1  N0           3.18973e+06   1.00000e+02   0.00000e+00   1.32444e-02
   2  tau          6.43945e+01   constant   
   3  A0           3.47817e-01   1.00000e-04   0.00000e+00   1.69159e+05
   4  phi          4.13218e+00   1.00000e-02   0.00000e+00   2.90333e+04
   5  R           -5.98741e+01   constant   
   6  alpha_CBO    0.00000e+00     fixed    
   7  w_CBO        2.32500e+00   constant   
   8  beta_CBO     0.00000e+00     fixed    
   9  alpha_2CBO   0.00000e+00     fixed    
  10  beta_2CBO    0.00000e+00     fixed    
  11  alpha_y      0.00000e+00     fixed    
  12  w_y          1.38860e+01   constant   
  13  beta_y       0.00000e+00     fixed    
  14  alpha_vw     0.00000e+00     fixed    
  15  w_vw         1.43404e+01   constant   
  16  beta_vw      0.00000e+00     fixed    
  17  LM          -2.15884e-04   constant   
  18  zeta_y       0.00000e+00   constant   
  19  zeta_vw      0.00000e+00   constant   
  20  T_CBO        1.00000e+02   1.00000e+00   0.00000e+00   0.00000e+00
  21  alpha_A0     0.00000e+00   1.00000e-03   0.00000e+00  -9.63975e+03
  22  beta_A0      0.00000e+00   1.00000e-03   0.00000e+00  -6.23753e+03
  23  alpha_phi    0.00000e+00   1.00000e-03   0.00000e+00   1.08480e+04
  24  beta_phi     0.00000e+00   1.00000e-03   0.00000e+00   8.83116e+02
 CALL LIMIT EXCEEDED IN MIGRAD.
 MIGRAD TERMINATED WITHOUT CONVERGENCE.
 FCN=2549.47 FROM MIGRAD    STATUS=CALL LIMIT   1327 CALLS        1328 TOTAL
                     EDM=0.00889761    STRATEGY= 1  ERROR MATRIX UNCERTAINTY   1.3 per cent
  EXT PARAMETER                APPROXIMATE        STEP         FIRST   
  NO.   NAME      VALUE            ERROR          SIZE      DERIVATIVE 
   1  N0           3.18897e+06   3.25553e+02   6.72847e+00  -4.33049e-05
   2  tau          6.43945e+01   constant   
   3  A0           3.46279e-01   1.34884e-04  -8.25965e-06   1.50384e+02
   4  phi          4.13033e+00   3.89390e-04  -1.99619e-05   1.31605e+02
   5  R           -5.98741e+01   constant   
   6  alpha_CBO    0.00000e+00     fixed    
   7  w_CBO        2.32500e+00   constant   
   8  beta_CBO     0.00000e+00     fixed    
   9  alpha_2CBO   0.00000e+00     fixed    
  10  beta_2CBO    0.00000e+00     fixed    
  11  alpha_y      0.00000e+00     fixed    
  12  w_y          1.38860e+01   constant   
  13  beta_y       0.00000e+00     fixed    
  14  alpha_vw     0.00000e+00     fixed    
  15  w_vw         1.43404e+01   constant   
  16  beta_vw      0.00000e+00     fixed    
  17  LM          -2.15884e-04   constant   
  18  zeta_y       0.00000e+00   constant   
  19  zeta_vw      0.00000e+00   constant   
  20  T_CBO        2.57587e+01   3.29651e+00  -2.23048e-03  -7.18196e+01
  21  alpha_A0     2.89978e-01   1.45070e-01   1.47373e-02   4.53345e-01
  22  beta_A0      2.07051e-01   1.03571e-01   1.05779e-02   2.32755e+00
  23  alpha_phi   -2.08181e-01   8.84741e-02  -9.13128e-03   1.39489e+01
  24  beta_phi    -9.77576e-02   3.81942e-02  -4.00757e-03   1.54120e+01
 EXTERNAL ERROR MATRIX.    NDIM=  25    NPAR=  8    ERR DEF=1
  1.060e+05  3.776e-03 -1.959e-02 -1.244e+02  5.684e+00  4.060e+00 -3.149e+00 -1.407e+00 
  3.776e-03  1.819e-08  2.171e-09  1.574e-05 -9.798e-07 -7.166e-07  5.918e-07  3.293e-07 
 -1.959e-02  2.171e-09  1.516e-07 -2.153e-05  9.199e-07  5.995e-07 -6.383e-07 -2.336e-07 
 -1.244e+02  1.574e-05 -2.153e-05  1.087e+01 -4.747e-01 -3.392e-01  2.904e-01  1.252e-01 
  5.684e+00 -9.798e-07  9.199e-07 -4.747e-01  2.105e-02  1.502e-02 -1.280e-02 -5.500e-03 
  4.060e+00 -7.166e-07  5.995e-07 -3.392e-01  1.502e-02  1.073e-02 -9.149e-03 -3.934e-03 
 -3.149e+00  5.918e-07 -6.383e-07  2.904e-01 -1.280e-02 -9.149e-03  7.828e-03  3.371e-03 
 -1.407e+00  3.293e-07 -2.336e-07  1.252e-01 -5.500e-03 -3.934e-03  3.371e-03  1.459e-03 
ERR MATRIX APPROXIMATE
 PARAMETER  CORRELATION COEFFICIENTS  
       NO.  GLOBAL      1      3      4     20     21     22     23     24
        1  0.34561   1.000  0.086 -0.155 -0.116  0.120  0.120 -0.109 -0.113
        3  0.33610   0.086  1.000  0.041  0.035 -0.050 -0.051  0.050  0.064
        4  0.18503  -0.155  0.041  1.000 -0.017  0.016  0.015 -0.019 -0.016
       20  0.99587  -0.116  0.035 -0.017  1.000 -0.992 -0.994  0.996  0.994
       21  0.99963   0.120 -0.050  0.016 -0.992  1.000  1.000 -0.997 -0.993
       22  0.99978   0.120 -0.051  0.015 -0.994  1.000  1.000 -0.998 -0.994
       23  0.99956  -0.109  0.050 -0.019  0.996 -0.997 -0.998  1.000  0.998
       24  0.99837  -0.113  0.064 -0.016  0.994 -0.993 -0.994  0.998  1.000
 ERR MATRIX APPROXIMATE
MINUIT - FIT ONLY 1-CBO + wiggle
 **********
 **   16 **RES 
 **********
                   PARAMETER   16  beta_vw RESTORED TO VARIABLE.
                   PARAMETER   14  alpha_vw RESTORED TO VARIABLE.
                   PARAMETER   13  beta_y RESTORED TO VARIABLE.
                   PARAMETER   11  alpha_y RESTORED TO VARIABLE.
                   PARAMETER   10  beta_2CBO RESTORED TO VARIABLE.
                   PARAMETER    9  alpha_2CBO RESTORED TO VARIABLE.
                   PARAMETER    8  beta_CBO RESTORED TO VARIABLE.
                   PARAMETER    6  alpha_CBO RESTORED TO VARIABLE.
 **********
 **   17 **FIX            8
 **********
 **********
 **   18 **FIX            9
 **********
 **********
 **   19 **FIX           11
 **********
 **********
 **   20 **FIX           12
 **********
 PARAMETER   12  IS CONSTANT.   IGNORED.
 **********
 **   21 **FIX           14
 **********
 **********
 **   22 **FIX           15
 **********
 PARAMETER   15  IS CONSTANT.   IGNORED.
 **********
 **   23 **FIX           16
 **********
 **********
 **   24 **MIGRAD
 **********
 START MIGRAD MINIMIZATION.  STRATEGY  1.  CONVERGENCE WHEN EDM .LT. 1.00e-04
 FCN=2549.47 FROM MIGRAD    STATUS=INITIATE       28 CALLS        1356 TOTAL
                     EDM= unknown      STRATEGY= 1      NO ERROR MATRIX       
  EXT PARAMETER               CURRENT GUESS       STEP         FIRST   
  NO.   NAME      VALUE            ERROR          SIZE      DERIVATIVE 
   1  N0           3.18897e+06   3.25553e+02   6.72847e+00  -4.33049e-05
   2  tau          6.43945e+01   constant   
   3  A0           3.46279e-01   1.34884e-04  -8.25965e-06   1.50384e+02
   4  phi          4.13033e+00   3.89390e-04  -1.99619e-05   1.31605e+02
   5  R           -5.98741e+01   constant   
   6  alpha_CBO    0.00000e+00   1.00000e-03   1.00000e-03  -5.52492e+05
   7  w_CBO        2.32500e+00   constant   
   8  beta_CBO     0.00000e+00     fixed    
   9  alpha_2CBO   0.00000e+00     fixed    
  10  beta_2CBO    0.00000e+00   1.00000e-03   1.00000e-03   3.20024e+04
  11  alpha_y      0.00000e+00     fixed    
  12  w_y          1.38860e+01   constant   
  13  beta_y       0.00000e+00   1.00000e-03   1.00000e-03   3.84901e+04
  14  alpha_vw     0.00000e+00     fixed    
  15  w_vw         1.43404e+01   constant   
  16  beta_vw      0.00000e+00     fixed    
  17  LM          -2.15884e-04   constant   
  18  zeta_y       0.00000e+00   constant   
  19  zeta_vw      0.00000e+00   constant   
  20  T_CBO        2.57587e+01   3.29651e+00  -2.23048e-03  -7.18198e+01
  21  alpha_A0     2.89978e-01   1.45070e-01   1.47373e-02   4.53345e-01
  22  beta_A0      2.07051e-01   1.03571e-01   1.05779e-02   2.32755e+00
  23  alpha_phi   -2.08181e-01   8.84741e-02  -9.13128e-03   1.39489e+01
  24  beta_phi    -9.77576e-02   3.81942e-02  -4.00757e-03   1.54120e+01
 CALL LIMIT EXCEEDED IN MIGRAD.
 MIGRAD TERMINATED WITHOUT CONVERGENCE.
 FCN=959.483 FROM MIGRAD    STATUS=CALL LIMIT   1905 CALLS        3233 TOTAL
                     EDM=0.0895195    STRATEGY= 1  ERROR MATRIX UNCERTAINTY   6.9 per cent
  EXT PARAMETER                APPROXIMATE        STEP         FIRST   
  NO.   NAME      VALUE            ERROR          SIZE      DERIVATIVE 
   1  N0           3.18988e+06   3.30369e+02  -1.09163e+01  -1.11827e-04
   2  tau          6.43945e+01   constant   
   3  A0           3.47654e-01   1.37235e-04   4.19656e-06   4.01192e+02
   4  phi          4.13033e+00   3.85074e-04   4.45865e-07  -5.68582e+01
   5  R           -5.98741e+01   constant   
   6  alpha_CBO    5.71811e-03   1.41109e-04   1.02439e-06  -6.00638e+01
   7  w_CBO        2.32500e+00   constant   
   8  beta_CBO     0.00000e+00     fixed    
   9  alpha_2CBO   0.00000e+00     fixed    
  10  beta_2CBO   -1.92964e-04   1.41603e-04   7.61542e-07  -1.01591e+02
  11  alpha_y      0.00000e+00     fixed    
  12  w_y          1.38860e+01   constant   
  13  beta_y      -3.62415e-04   1.42922e-04   8.33007e-07  -1.76082e+02
  14  alpha_vw     0.00000e+00     fixed    
  15  w_vw         1.43404e+01   constant   
  16  beta_vw      0.00000e+00     fixed    
  17  LM          -2.15884e-04   constant   
  18  zeta_y       0.00000e+00   constant   
  19  zeta_vw      0.00000e+00   constant   
  20  T_CBO        9.98339e+00   5.19278e-01  -7.90310e-04   1.29116e+02
  21  alpha_A0    -4.05551e+01   2.38261e+01  -4.70904e+00  -4.01595e-03
  22  beta_A0      1.32565e+02   7.85692e+01   1.55380e+01  -1.30962e-03
  23  alpha_phi   -1.04556e+02   6.20111e+01  -1.22635e+01  -7.78807e-03
  24  beta_phi    -2.66821e+00   1.78479e+00  -3.51958e-01  -9.92091e-03
 EXTERNAL ERROR MATRIX.    NDIM=  25    NPAR= 11    ERR DEF=1
  1.091e+05 
  2.974e-03  1.883e-08 
 -2.320e-02  1.910e-09  1.483e-07 
  2.554e-03  4.526e-09  3.566e-10  1.991e-08 
  2.282e-04  1.215e-09 -6.547e-10  8.499e-10  2.005e-08 
  6.390e-04 -3.868e-10 -6.502e-10  6.070e-10  6.543e-10  2.043e-08 
  2.244e+01 -1.365e-05  9.980e-06 -1.890e-07  2.853e-06  6.598e-06  2.697e-01 
  8.547e+02 -5.405e-04  4.113e-04  3.694e-06  1.243e-04  2.665e-04  1.209e+01  5.677e+02 
 -2.806e+03  1.779e-03 -1.361e-03 -1.599e-05 -4.065e-04 -8.784e-04 -3.986e+01 -1.872e+03  6.173e+03 
  2.221e+03 -1.406e-03  1.072e-03  1.254e-05  3.209e-04  6.933e-04  3.146e+01  1.477e+03 -4.872e+03  3.845e+03 
  6.401e+01 -3.845e-05  2.959e-05  8.704e-07  1.117e-05  1.954e-05  9.047e-01  4.249e+01 -1.401e+02  1.106e+02  3.185e+00 
ERR MATRIX APPROXIMATE
 PARAMETER  CORRELATION COEFFICIENTS  
       NO.  GLOBAL      1      3      4      6     10     13     20     21     22     23     24
        1  0.38215   1.000  0.066 -0.182  0.055  0.005  0.014  0.131  0.109 -0.108  0.108  0.109
        3  0.41952   0.066  1.000  0.036  0.234  0.063 -0.020 -0.192 -0.165  0.165 -0.165 -0.157
        4  0.22151  -0.182  0.036  1.000  0.007 -0.012 -0.012  0.050  0.045 -0.045  0.045  0.043
        6  0.29215   0.055  0.234  0.007  1.000  0.043  0.030 -0.003  0.001 -0.001  0.001  0.003
       10  0.22008   0.005  0.063 -0.012  0.043  1.000  0.032  0.039  0.037 -0.037  0.037  0.044
       13  0.11828   0.014 -0.020 -0.012  0.030  0.032  1.000  0.089  0.078 -0.078  0.078  0.077
       20  0.97981   0.131 -0.192  0.050 -0.003  0.039  0.089  1.000  0.977 -0.977  0.977  0.976
       21  1.00000   0.109 -0.165  0.045  0.001  0.037  0.078  0.977  1.000 -1.000  1.000  0.999
       22  1.00000  -0.108  0.165 -0.045 -0.001 -0.037 -0.078 -0.977 -1.000  1.000 -1.000 -0.999
       23  1.00000   0.108 -0.165  0.045  0.001  0.037  0.078  0.977  1.000 -1.000  1.000  0.999
       24  0.99922   0.109 -0.157  0.043  0.003  0.044  0.077  0.976  0.999 -0.999  0.999  1.000
 ERR MATRIX APPROXIMATE
MINUIT - FIT ONLY 2-CBO
 **********
 **   25 **RES 
 **********
                   PARAMETER   16  beta_vw RESTORED TO VARIABLE.
                   PARAMETER   14  alpha_vw RESTORED TO VARIABLE.
                   PARAMETER   11  alpha_y RESTORED TO VARIABLE.
                   PARAMETER    9  alpha_2CBO RESTORED TO VARIABLE.
                   PARAMETER    8  beta_CBO RESTORED TO VARIABLE.
 **********
 **   26 **FIX            0
 **********
 PARAMETER    0  IS UNDEFINED. IGNORED.
 **********
 **   27 **FIX            1
 **********
 **********
 **   28 **FIX            2
 **********
 PARAMETER    2  IS CONSTANT.   IGNORED.
 **********
 **   29 **FIX            3
 **********
 **********
 **   30 **FIX            4
 **********
 **********
 **   31 **FIX            5
 **********
 PARAMETER    5  IS CONSTANT.   IGNORED.
 **********
 **   32 **FIX            6
 **********
 **********
 **   33 **FIX            7
 **********
 PARAMETER    7  IS CONSTANT.   IGNORED.
 **********
 **   34 **FIX           10
 **********
 **********
 **   35 **FIX           11
 **********
 **********
 **   36 **FIX           12
 **********
 PARAMETER   12  IS CONSTANT.   IGNORED.
 **********
 **   37 **FIX           13
 **********
 **********
 **   38 **FIX           14
 **********
 **********
 **   39 **FIX           15
 **********
 PARAMETER   15  IS CONSTANT.   IGNORED.
 **********
 **   40 **FIX           16
 **********
 **********
 **   41 **MIGRAD
 **********
 START MIGRAD MINIMIZATION.  STRATEGY  1.  CONVERGENCE WHEN EDM .LT. 1.00e-04
 FCN=959.483 FROM MIGRAD    STATUS=INITIATE       18 CALLS        3251 TOTAL
                     EDM= unknown      STRATEGY= 1      NO ERROR MATRIX       
  EXT PARAMETER               CURRENT GUESS       STEP         FIRST   
  NO.   NAME      VALUE            ERROR          SIZE      DERIVATIVE 
   1  N0           3.18988e+06     fixed    
   2  tau          6.43945e+01   constant   
   3  A0           3.47654e-01     fixed    
   4  phi          4.13033e+00     fixed    
   5  R           -5.98741e+01   constant   
   6  alpha_CBO    5.71811e-03     fixed    
   7  w_CBO        2.32500e+00   constant   
   8  beta_CBO     0.00000e+00   1.00000e-03   1.00000e-03  -4.02937e+05
   9  alpha_2CBO   0.00000e+00   1.00000e-03   1.00000e-03  -1.19079e+04
  10  beta_2CBO   -1.92964e-04     fixed    
  11  alpha_y      0.00000e+00     fixed    
  12  w_y          1.38860e+01   constant   
  13  beta_y      -3.62415e-04     fixed    
  14  alpha_vw     0.00000e+00     fixed    
  15  w_vw         1.43404e+01   constant   
  16  beta_vw      0.00000e+00     fixed    
  17  LM          -2.15884e-04   constant   
  18  zeta_y       0.00000e+00   constant   
  19  zeta_vw      0.00000e+00   constant   
  20  T_CBO        9.98339e+00   5.19278e-01  -7.90310e-04   1.29113e+02
  21  alpha_A0    -4.05551e+01   2.38261e+01  -4.70904e+00  -4.01595e-03
  22  beta_A0      1.32565e+02   7.85692e+01   1.55380e+01  -1.30963e-03
  23  alpha_phi   -1.04556e+02   6.20111e+01  -1.22635e+01  -7.78807e-03
  24  beta_phi    -2.66821e+00   1.78479e+00  -3.51958e-01  -9.92091e-03
 CALL LIMIT EXCEEDED IN MIGRAD.
 MIGRAD TERMINATED WITHOUT CONVERGENCE.
 FCN=105.278 FROM MIGRAD    STATUS=CALL LIMIT   1161 CALLS        4394 TOTAL
                     EDM=0.0513497    STRATEGY= 1  ERROR MATRIX UNCERTAINTY  26.2 per cent
  EXT PARAMETER                APPROXIMATE        STEP         FIRST   
  NO.   NAME      VALUE            ERROR          SIZE      DERIVATIVE 
   1  N0           3.18988e+06     fixed    
   2  tau          6.43945e+01   constant   
   3  A0           3.47654e-01     fixed    
   4  phi          4.13033e+00     fixed    
   5  R           -5.98741e+01   constant   
   6  alpha_CBO    5.71811e-03     fixed    
   7  w_CBO        2.32500e+00   constant   
   8  beta_CBO     4.23580e-03   1.47322e-04  -5.17907e-06   8.32379e+02
   9  alpha_2CBO  -1.77980e-04   1.43296e-04   1.33391e-06  -7.98567e+02
  10  beta_2CBO   -1.92964e-04     fixed    
  11  alpha_y      0.00000e+00     fixed    
  12  w_y          1.38860e+01   constant   
  13  beta_y      -3.62415e-04     fixed    
  14  alpha_vw     0.00000e+00     fixed    
  15  w_vw         1.43404e+01   constant   
  16  beta_vw      0.00000e+00     fixed    
  17  LM          -2.15884e-04   constant   
  18  zeta_y       0.00000e+00   constant   
  19  zeta_vw      0.00000e+00   constant   
  20  T_CBO        5.48668e+00   2.83810e-01  -8.23265e-04  -5.71617e+02
  21  alpha_A0    -3.91891e+05   3.41152e+05  -6.78708e+04   2.98077e-06
  22  beta_A0      3.04938e+05   2.65852e+05   5.28896e+04   3.16115e-06
  23  alpha_phi   -5.42864e+05   4.73297e+05  -9.41591e+04  -3.79528e-06
  24  beta_phi     8.51256e+05   7.41812e+05   1.47578e+05  -5.33505e-06
 EXTERNAL ERROR MATRIX.    NDIM=  25    NPAR=  7    ERR DEF=1
  2.170e-08 -2.626e-09  1.596e-06  1.685e+00 -1.314e+00  2.338e+00 -3.664e+00 
 -2.626e-09  2.053e-08 -6.031e-07  6.828e-01 -5.319e-01  9.463e-01 -1.483e+00 
  1.596e-06 -6.031e-07  8.055e-02  9.594e+04 -7.477e+04  1.331e+05 -2.086e+05 
  1.685e+00  6.828e-01  9.594e+04  1.164e+11 -9.070e+10  1.615e+11 -2.531e+11 
 -1.314e+00 -5.319e-01 -7.477e+04 -9.070e+10  7.068e+10 -1.258e+11  1.972e+11 
  2.338e+00  9.463e-01  1.331e+05  1.615e+11 -1.258e+11  2.240e+11 -3.511e+11 
 -3.664e+00 -1.483e+00 -2.086e+05 -2.531e+11  1.972e+11 -3.511e+11  5.503e+11 
ERR MATRIX APPROXIMATE
 PARAMETER  CORRELATION COEFFICIENTS  
       NO.  GLOBAL      8      9     20     21     22     23     24
        8  0.23883   1.000 -0.124  0.038  0.034 -0.034  0.034 -0.034
        9  0.30552  -0.124  1.000 -0.015  0.014 -0.014  0.014 -0.014
       20  0.99180   0.038 -0.015  1.000  0.991 -0.991  0.991 -0.991
       21  1.00000   0.034  0.014  0.991  1.000 -1.000  1.000 -1.000
       22  1.00000  -0.034 -0.014 -0.991 -1.000  1.000 -1.000  1.000
       23  1.00000   0.034  0.014  0.991  1.000 -1.000  1.000 -1.000
       24  1.00000  -0.034 -0.014 -0.991 -1.000  1.000 -1.000  1.000
 ERR MATRIX APPROXIMATE
MINUIT - FIT wiggle + 1-CBO + 2-CBO
 **********
 **   42 **RES 
 **********
                   PARAMETER   16  beta_vw RESTORED TO VARIABLE.
                   PARAMETER   14  alpha_vw RESTORED TO VARIABLE.
                   PARAMETER   13  beta_y RESTORED TO VARIABLE.
                   PARAMETER   11  alpha_y RESTORED TO VARIABLE.
                   PARAMETER   10  beta_2CBO RESTORED TO VARIABLE.
                   PARAMETER    6  alpha_CBO RESTORED TO VARIABLE.
                   PARAMETER    4  phi RESTORED TO VARIABLE.
                   PARAMETER    3  A0 RESTORED TO VARIABLE.
                   PARAMETER    1  N0 RESTORED TO VARIABLE.
 **********
 **   43 **FIX           10
 **********
 **********
 **   44 **FIX           11
 **********
 **********
 **   45 **FIX           12
 **********
 PARAMETER   12  IS CONSTANT.   IGNORED.
 **********
 **   46 **FIX           13
 **********
 **********
 **   47 **FIX           14
 **********
 **********
 **   48 **FIX           15
 **********
 PARAMETER   15  IS CONSTANT.   IGNORED.
 **********
 **   49 **FIX           16
 **********
 **********
 **   50 **MIGRAD
 **********
 START MIGRAD MINIMIZATION.  STRATEGY  1.  CONVERGENCE WHEN EDM .LT. 1.00e-04
 FCN=105.278 FROM MIGRAD    STATUS=INITIATE       22 CALLS        4416 TOTAL
                     EDM= unknown      STRATEGY= 1      NO ERROR MATRIX       
  EXT PARAMETER               CURRENT GUESS       STEP         FIRST   
  NO.   NAME      VALUE            ERROR          SIZE      DERIVATIVE 
   1  N0           3.18988e+06   3.30369e+02   3.30369e+02  -1.13621e-02
   2  tau          6.43945e+01   constant   
   3  A0           3.47654e-01   1.37235e-04   1.37235e-04  -1.49255e+04
   4  phi          4.13033e+00   3.85074e-04   3.85074e-04  -2.21527e+04
   5  R           -5.98741e+01   constant   
   6  alpha_CBO    5.71811e-03   1.41109e-04   1.41109e-04  -2.81029e+03
   7  w_CBO        2.32500e+00   constant   
   8  beta_CBO     4.23580e-03   1.47322e-04  -5.17907e-06   8.32379e+02
   9  alpha_2CBO  -1.77980e-04   1.43296e-04   1.33391e-06  -7.98567e+02
  10  beta_2CBO   -1.92964e-04     fixed    
  11  alpha_y      0.00000e+00     fixed    
  12  w_y          1.38860e+01   constant   
  13  beta_y      -3.62415e-04     fixed    
  14  alpha_vw     0.00000e+00     fixed    
  15  w_vw         1.43404e+01   constant   
  16  beta_vw      0.00000e+00     fixed    
  17  LM          -2.15884e-04   constant   
  18  zeta_y       0.00000e+00   constant   
  19  zeta_vw      0.00000e+00   constant   
  20  T_CBO        5.48668e+00   2.83810e-01  -8.23265e-04  -5.71617e+02
  21  alpha_A0    -3.91891e+05   3.41152e+05  -6.78708e+04   2.98077e-06
  22  beta_A0      3.04938e+05   2.65852e+05   5.28896e+04   3.16115e-06
  23  alpha_phi   -5.42864e+05   4.73297e+05  -9.41591e+04  -3.79528e-06
  24  beta_phi     8.51256e+05   7.41812e+05   1.47578e+05  -5.33505e-06
 CALL LIMIT EXCEEDED IN MIGRAD.
 MIGRAD TERMINATED WITHOUT CONVERGENCE.
 FCN=82.8487 FROM MIGRAD    STATUS=CALL LIMIT   1923 CALLS        6317 TOTAL
                     EDM=0.00749126    STRATEGY= 1  ERROR MATRIX UNCERTAINTY  30.2 per cent
  EXT PARAMETER                APPROXIMATE        STEP         FIRST   
  NO.   NAME      VALUE            ERROR          SIZE      DERIVATIVE 
   1  N0           3.19026e+06   3.01627e+02   1.04618e-01  -6.53251e-06
   2  tau          6.43945e+01   constant   
   3  A0           3.47846e-01   1.34270e-04   1.01198e-07   1.91696e+02
   4  phi          4.13212e+00   3.90665e-04   2.39706e-06  -3.92374e+01
   5  R           -5.98741e+01   constant   
   6  alpha_CBO    5.77980e-03   1.36365e-04  -2.50274e-07   2.82617e+01
   7  w_CBO        2.32500e+00   constant   
   8  beta_CBO     4.35673e-03   1.41072e-04  -2.19999e-07   3.32170e+01
   9  alpha_2CBO  -1.88476e-04   1.32571e-04   2.70426e-07  -1.88809e+02
  10  beta_2CBO   -1.92964e-04     fixed    
  11  alpha_y      0.00000e+00     fixed    
  12  w_y          1.38860e+01   constant   
  13  beta_y      -3.62415e-04     fixed    
  14  alpha_vw     0.00000e+00     fixed    
  15  w_vw         1.43404e+01   constant   
  16  beta_vw      0.00000e+00     fixed    
  17  LM          -2.15884e-04   constant   
  18  zeta_y       0.00000e+00   constant   
  19  zeta_vw      0.00000e+00   constant   
  20  T_CBO        7.02568e+00   6.90385e-01   3.03417e-04  -1.36366e+02
  21  alpha_A0    -3.78649e+03   6.81550e+03   2.78776e+02   3.03035e-06
  22  beta_A0      3.27358e+03   6.27252e+03  -1.87546e+02  -2.45496e-05
  23  alpha_phi   -7.73544e+03   1.25679e+04   4.77075e+02   3.13744e-05
  24  beta_phi     1.10954e+04   1.86745e+04  -6.61717e+02  -3.16231e-05
 EXTERNAL ERROR MATRIX.    NDIM=  25    NPAR= 11    ERR DEF=1
  9.098e+04 
  5.611e-03  1.803e-08 
 -1.196e-02 -1.154e-09  1.526e-07 
  2.123e-03  4.414e-09  1.569e-09  1.860e-08 
  3.435e-03  3.771e-10  8.757e-09  5.339e-11  1.990e-08 
 -4.965e-04 -6.792e-10 -6.486e-10  3.586e-10 -3.027e-09  1.758e-08 
 -9.941e+00  6.287e-06  3.087e-05  3.537e-07 -6.284e-07  2.097e-07  4.766e-01 
 -1.210e+05  3.281e-02  5.422e-01 -9.066e-02 -4.602e-03  1.411e-02  4.203e+03  4.645e+07 
  2.411e+05 -1.029e-01 -2.888e-01 -5.813e-03 -4.118e-02 -5.416e-02 -3.904e+03 -3.521e+07  3.934e+07 
  6.699e+04  3.522e-02  3.634e-01  4.511e-02  4.035e-03  8.077e-02  8.355e+03  6.980e+07 -6.663e+07  1.580e+08 
  4.207e+05 -9.126e-02 -1.104e+00  4.784e-02  9.203e-02  4.840e-03 -1.265e+04 -1.132e+08  1.009e+08 -2.138e+08  3.487e+08 
ERR MATRIX APPROXIMATE
 PARAMETER  CORRELATION COEFFICIENTS  
       NO.  GLOBAL      1      3      4      6      8      9     20     21     22     23     24
        1  0.38311   1.000  0.139 -0.101  0.052  0.081 -0.012 -0.048 -0.059  0.127  0.018  0.075
        3  0.52394   0.139  1.000 -0.022  0.241  0.020 -0.038  0.068  0.036 -0.122  0.021 -0.036
        4  0.41942  -0.101 -0.022  1.000  0.029  0.159 -0.013  0.114  0.204 -0.118  0.074 -0.151
        6  0.34415   0.052  0.241  0.029  1.000  0.003  0.020  0.004 -0.098 -0.007  0.026  0.019
        8  0.32857   0.081  0.020  0.159  0.003  1.000 -0.162 -0.006 -0.005 -0.047  0.002  0.035
        9  0.43543  -0.012 -0.038 -0.013  0.020 -0.162  1.000  0.002  0.016 -0.065  0.048  0.002
       20  0.99859  -0.048  0.068  0.114  0.004 -0.006  0.002  1.000  0.893 -0.901  0.963 -0.981
       21  0.92707  -0.059  0.036  0.204 -0.098 -0.005  0.016  0.893  1.000 -0.824  0.815 -0.889
       22  0.94597   0.127 -0.122 -0.118 -0.007 -0.047 -0.065 -0.901 -0.824  1.000 -0.845  0.861
       23  0.99088   0.018  0.021  0.074  0.026  0.002  0.048  0.963  0.815 -0.845  1.000 -0.911
       24  0.99482   0.075 -0.036 -0.151  0.019  0.035  0.002 -0.981 -0.889  0.861 -0.911  1.000
 ERR MATRIX APPROXIMATE
MINUIT - FIT ONLY 1-y
 **********
 **   51 **RES 
 **********
                   PARAMETER   16  beta_vw RESTORED TO VARIABLE.
                   PARAMETER   14  alpha_vw RESTORED TO VARIABLE.
                   PARAMETER   13  beta_y RESTORED TO VARIABLE.
                   PARAMETER   11  alpha_y RESTORED TO VARIABLE.
                   PARAMETER   10  beta_2CBO RESTORED TO VARIABLE.
 **********
 **   52 **FIX            0
 **********
 PARAMETER    0  IS UNDEFINED. IGNORED.
 **********
 **   53 **FIX            1
 **********
 **********
 **   54 **FIX            2
 **********
 PARAMETER    2  IS CONSTANT.   IGNORED.
 **********
 **   55 **FIX            3
 **********
 **********
 **   56 **FIX            4
 **********
 **********
 **   57 **FIX            5
 **********
 PARAMETER    5  IS CONSTANT.   IGNORED.
 **********
 **   58 **FIX            6
 **********
 **********
 **   59 **FIX            7
 **********
 PARAMETER    7  IS CONSTANT.   IGNORED.
 **********
 **   60 **FIX            8
 **********
 **********
 **   61 **FIX            9
 **********
 **********
 **   62 **FIX           13
 **********
 **********
 **   63 **FIX           14
 **********
 **********
 **   64 **FIX           15
 **********
 PARAMETER   15  IS CONSTANT.   IGNORED.
 **********
 **   65 **FIX           16
 **********
 **********
 **   66 **MIGRAD
 **********
 START MIGRAD MINIMIZATION.  STRATEGY  1.  CONVERGENCE WHEN EDM .LT. 1.00e-04
 FCN=82.8487 FROM MIGRAD    STATUS=INITIATE       16 CALLS        6333 TOTAL
                     EDM= unknown      STRATEGY= 1      NO ERROR MATRIX       
  EXT PARAMETER               CURRENT GUESS       STEP         FIRST   
  NO.   NAME      VALUE            ERROR          SIZE      DERIVATIVE 
   1  N0           3.19026e+06     fixed    
   2  tau          6.43945e+01   constant   
   3  A0           3.47846e-01     fixed    
   4  phi          4.13212e+00     fixed    
   5  R           -5.98741e+01   constant   
   6  alpha_CBO    5.77980e-03     fixed    
   7  w_CBO        2.32500e+00   constant   
   8  beta_CBO     4.35673e-03     fixed    
   9  alpha_2CBO  -1.88476e-04     fixed    
  10  beta_2CBO   -1.92964e-04   1.41603e-04   1.41603e-04  -1.91122e+04
  11  alpha_y      0.00000e+00   1.00000e-03   1.00000e-03  -5.76171e+04
  12  w_y          1.38860e+01   constant   
  13  beta_y      -3.62415e-04     fixed    
  14  alpha_vw     0.00000e+00     fixed    
  15  w_vw         1.43404e+01   constant   
  16  beta_vw      0.00000e+00     fixed    
  17  LM          -2.15884e-04   constant   
  18  zeta_y       0.00000e+00   constant   
  19  zeta_vw      0.00000e+00   constant   
  20  T_CBO        7.02568e+00   6.90385e-01   3.03417e-04  -1.36366e+02
  21  alpha_A0    -3.78649e+03   6.81550e+03   2.78776e+02   3.03034e-06
  22  beta_A0      3.27358e+03   6.27252e+03  -1.87546e+02  -2.45496e-05
  23  alpha_phi   -7.73544e+03   1.25679e+04   4.77075e+02   3.13744e-05
  24  beta_phi     1.10954e+04   1.86745e+04  -6.61717e+02  -3.16231e-05
 MIGRAD MINIMIZATION HAS CONVERGED.
 MIGRAD WILL VERIFY CONVERGENCE AND ERROR MATRIX.
 FCN=64.9777 FROM MIGRAD    STATUS=CONVERGED     128 CALLS        6445 TOTAL
                     EDM=9.81743e-05    STRATEGY= 1      ERR MATRIX NOT POS-DEF
  EXT PARAMETER                APPROXIMATE        STEP         FIRST   
  NO.   NAME      VALUE            ERROR          SIZE      DERIVATIVE 
   1  N0           3.19026e+06     fixed    
   2  tau          6.43945e+01   constant   
   3  A0           3.47846e-01     fixed    
   4  phi          4.13212e+00     fixed    
   5  R           -5.98741e+01   constant   
   6  alpha_CBO    5.77980e-03     fixed    
   7  w_CBO        2.32500e+00   constant   
   8  beta_CBO     4.35673e-03     fixed    
   9  alpha_2CBO  -1.88476e-04     fixed    
  10  beta_2CBO   -8.62325e-06   1.41182e-04   5.46135e-07  -7.16495e+00
  11  alpha_y      5.58291e-04   1.39310e-04   5.52832e-07  -4.17360e+00
  12  w_y          1.38860e+01   constant   
  13  beta_y      -3.62415e-04     fixed    
  14  alpha_vw     0.00000e+00     fixed    
  15  w_vw         1.43404e+01   constant   
  16  beta_vw      0.00000e+00     fixed    
  17  LM          -2.15884e-04   constant   
  18  zeta_y       0.00000e+00   constant   
  19  zeta_vw      0.00000e+00   constant   
  20  T_CBO        7.03952e+00   1.17154e+00   3.55902e-06   1.04637e+00
  21  alpha_A0    -3.43837e+03   8.92804e+03   8.45820e+00  -2.82918e-08
  22  beta_A0      3.51793e+03   9.24342e+03   8.22213e+00   9.68490e-07
  23  alpha_phi   -7.82611e+03   1.96015e+04   7.95660e+00   6.17300e-08
  24  beta_phi     1.16256e+04   2.94669e+04   9.02358e+00  -2.32182e-07
 EXTERNAL ERROR MATRIX.    NDIM=  25    NPAR=  7    ERR DEF=1
  1.993e-08 -2.539e-10 -4.958e-06  5.495e-03  4.772e-02 -8.687e-02  1.863e-01 
 -2.539e-10  1.941e-08 -2.240e-06 -2.183e-02  2.315e-02 -4.400e-02  6.148e-02 
 -4.958e-06 -2.240e-06  1.373e+00  1.010e+04 -1.051e+04  2.283e+04 -3.440e+04 
  5.495e-03 -2.183e-02  1.010e+04  7.971e+07 -7.741e+07  1.678e+08 -2.535e+08 
  4.772e-02  2.315e-02 -1.051e+04 -7.741e+07  8.544e+07 -1.751e+08  2.637e+08 
 -8.687e-02 -4.400e-02  2.283e+04  1.678e+08 -1.751e+08  3.842e+08 -5.720e+08 
  1.863e-01  6.148e-02 -3.440e+04 -2.535e+08  2.637e+08 -5.720e+08  8.683e+08 
ERR MATRIX NOT POS-DEF
 PARAMETER  CORRELATION COEFFICIENTS  
       NO.  GLOBAL     10     11     20     21     22     23     24
       10  0.22676   1.000 -0.013 -0.030  0.004  0.037 -0.031  0.045
       11  0.04150  -0.013  1.000 -0.014 -0.018  0.018 -0.016  0.015
       20  0.99796  -0.030 -0.014  1.000  0.966 -0.971  0.994 -0.996
       21  0.96656   0.004 -0.018  0.966  1.000 -0.938  0.959 -0.963
       22  0.97084   0.037  0.018 -0.971 -0.938  1.000 -0.967  0.968
       23  0.99405  -0.031 -0.016  0.994  0.959 -0.967  1.000 -0.990
       24  0.99648   0.045  0.015 -0.996 -0.963  0.968 -0.990  1.000
 ERR MATRIX NOT POS-DEF
MINUIT - FIT ONLY 2-y
 **********
 **   67 **RES 
 **********
                   PARAMETER   16  beta_vw RESTORED TO VARIABLE.
                   PARAMETER   14  alpha_vw RESTORED TO VARIABLE.
                   PARAMETER   13  beta_y RESTORED TO VARIABLE.
                   PARAMETER    9  alpha_2CBO RESTORED TO VARIABLE.
                   PARAMETER    8  beta_CBO RESTORED TO VARIABLE.
                   PARAMETER    6  alpha_CBO RESTORED TO VARIABLE.
                   PARAMETER    4  phi RESTORED TO VARIABLE.
                   PARAMETER    3  A0 RESTORED TO VARIABLE.
                   PARAMETER    1  N0 RESTORED TO VARIABLE.
 **********
 **   68 **FIX            0
 **********
 PARAMETER    0  IS UNDEFINED. IGNORED.
 **********
 **   69 **FIX            1
 **********
 **********
 **   70 **FIX            2
 **********
 PARAMETER    2  IS CONSTANT.   IGNORED.
 **********
 **   71 **FIX            3
 **********
 **********
 **   72 **FIX            4
 **********
 **********
 **   73 **FIX            5
 **********
 PARAMETER    5  IS CONSTANT.   IGNORED.
 **********
 **   74 **FIX            6
 **********
 **********
 **   75 **FIX            7
 **********
 PARAMETER    7  IS CONSTANT.   IGNORED.
 **********
 **   76 **FIX            8
 **********
 **********
 **   77 **FIX            9
 **********
 **********
 **   78 **FIX           10
 **********
 **********
 **   79 **FIX           11
 **********
 **********
 **   80 **FIX           12
 **********
 PARAMETER   12  IS CONSTANT.   IGNORED.
 **********
 **   81 **FIX           16
 **********
 **********
 **   82 **MIGRAD
 **********
 START MIGRAD MINIMIZATION.  STRATEGY  1.  CONVERGENCE WHEN EDM .LT. 1.00e-04
 FCN=64.9777 FROM MIGRAD    STATUS=INITIATE       16 CALLS        6461 TOTAL
                     EDM= unknown      STRATEGY= 1      NO ERROR MATRIX       
  EXT PARAMETER               CURRENT GUESS       STEP         FIRST   
  NO.   NAME      VALUE            ERROR          SIZE      DERIVATIVE 
   1  N0           3.19026e+06     fixed    
   2  tau          6.43945e+01   constant   
   3  A0           3.47846e-01     fixed    
   4  phi          4.13212e+00     fixed    
   5  R           -5.98741e+01   constant   
   6  alpha_CBO    5.77980e-03     fixed    
   7  w_CBO        2.32500e+00   constant   
   8  beta_CBO     4.35673e-03     fixed    
   9  alpha_2CBO  -1.88476e-04     fixed    
  10  beta_2CBO   -8.62325e-06     fixed    
  11  alpha_y      5.58291e-04     fixed    
  12  w_y          1.38860e+01   constant   
  13  beta_y      -3.62415e-04   1.42922e-04   1.42922e-04   8.52734e+02
  14  alpha_vw     0.00000e+00   1.00000e-03   1.00000e-03  -7.25416e+04
  15  w_vw         1.43404e+01   constant   
  16  beta_vw      0.00000e+00     fixed    
  17  LM          -2.15884e-04   constant   
  18  zeta_y       0.00000e+00   constant   
  19  zeta_vw      0.00000e+00   constant   
  20  T_CBO        7.03952e+00   1.17154e+00   3.55902e-06   1.04886e+00
  21  alpha_A0    -3.43837e+03   8.92804e+03   8.45820e+00  -2.83090e-08
  22  beta_A0      3.51793e+03   9.24342e+03   8.22213e+00   9.68519e-07
  23  alpha_phi   -7.82611e+03   1.96015e+04   7.95660e+00   6.17302e-08
  24  beta_phi     1.16256e+04   2.94669e+04   9.02358e+00  -2.32182e-07
 MIGRAD MINIMIZATION HAS CONVERGED.
 MIGRAD WILL VERIFY CONVERGENCE AND ERROR MATRIX.
 FCN=37.9246 FROM MIGRAD    STATUS=CONVERGED    1104 CALLS        7549 TOTAL
                     EDM=1.67894e-05    STRATEGY= 1      ERR MATRIX NOT POS-DEF
  EXT PARAMETER                APPROXIMATE        STEP         FIRST   
  NO.   NAME      VALUE            ERROR          SIZE      DERIVATIVE 
   1  N0           3.19026e+06     fixed    
   2  tau          6.43945e+01   constant   
   3  A0           3.47846e-01     fixed    
   4  phi          4.13212e+00     fixed    
   5  R           -5.98741e+01   constant   
   6  alpha_CBO    5.77980e-03     fixed    
   7  w_CBO        2.32500e+00   constant   
   8  beta_CBO     4.35673e-03     fixed    
   9  alpha_2CBO  -1.88476e-04     fixed    
  10  beta_2CBO   -8.62325e-06     fixed    
  11  alpha_y      5.58291e-04     fixed    
  12  w_y          1.38860e+01   constant   
  13  beta_y      -5.43484e-04   1.41304e-04   4.18740e-07  -7.80673e+00
  14  alpha_vw     7.43754e-04   1.42639e-04   4.22569e-07  -1.33673e+01
  15  w_vw         1.43404e+01   constant   
  16  beta_vw      0.00000e+00     fixed    
  17  LM          -2.15884e-04   constant   
  18  zeta_y       0.00000e+00   constant   
  19  zeta_vw      0.00000e+00   constant   
  20  T_CBO        8.20005e+00   1.63185e+00   3.49224e-06  -4.12817e+00
  21  alpha_A0    -3.83620e+02   1.02712e+03   8.31104e-01   6.13968e-06
  22  beta_A0      3.77786e+02   1.02618e+03   8.04444e-01   4.72803e-06
  23  alpha_phi   -9.05706e+02   2.33380e+03   7.73666e-01   1.24336e-05
  24  beta_phi     1.34326e+03   3.49682e+03   8.86658e-01  -1.21984e-05
 EXTERNAL ERROR MATRIX.    NDIM=  25    NPAR=  7    ERR DEF=1
  1.997e-08 -4.736e-09 -4.228e-08  1.263e-04 -1.003e-04 -2.115e-05 -8.787e-04 
 -4.736e-09  2.035e-08  4.046e-06  2.933e-03 -3.087e-03  6.518e-03 -8.856e-03 
 -4.228e-08  4.046e-06  2.663e+00  1.617e+03 -1.619e+03  3.786e+03 -5.687e+03 
  1.263e-04  2.933e-03  1.617e+03  1.055e+06 -9.839e+05  2.298e+06 -3.459e+06 
 -1.003e-04 -3.087e-03 -1.619e+03 -9.839e+05  1.053e+06 -2.307e+06  3.461e+06 
 -2.115e-05  6.518e-03  3.786e+03  2.298e+06 -2.307e+06  5.447e+06 -8.086e+06 
 -8.787e-04 -8.856e-03 -5.687e+03 -3.459e+06  3.461e+06 -8.086e+06  1.223e+07 
ERR MATRIX NOT POS-DEF
 PARAMETER  CORRELATION COEFFICIENTS  
       NO.  GLOBAL     13     14     20     21     22     23     24
       13  0.23653   1.000 -0.235 -0.000  0.001 -0.001 -0.000 -0.002
       14  0.23772  -0.235  1.000  0.017  0.020 -0.021  0.020 -0.018
       20  0.99799  -0.000  0.017  1.000  0.965 -0.967  0.994 -0.997
       21  0.96503   0.001  0.020  0.965  1.000 -0.934  0.959 -0.963
       22  0.96722  -0.001 -0.021 -0.967 -0.934  1.000 -0.963  0.964
       23  0.99422  -0.000  0.020  0.994  0.959 -0.963  1.000 -0.991
