 + ++++++++++++++++++++++++++++++++++++++++++++++++++++++++++++++++++++ +
 +                                                                      +
 +           You have chose to blind your fitting according to          +
 +                omega_ref * (1 + (R +/- deltaR) *10^{-6})             +
 +                                                                      +
 + ++++++++++++++++++++++++++++++++++++++++++++++++++++++++++++++++++++ +
In main()...
reading format from /gm2data/zkhechad/run45/envelope/formats/formatB_sBin_constraintOn.txt
pBinTau 	= 0  
pBinPhi 	= 0  
constraintau 	= 1 
includeMopTerm 	= 0    
constrainMop    = 0   
Parameters after format file: pBinTau 0 pBinPhi 0 constraintau 1 includeMopTerm 0 constrainMop 0 c_e_scale 0.000000 
Opening file /gm2data/tbarrett/gm2fr/studies/run23_bunch_corrections/CorrectedFourier_Run3b.root.
reading full fit data from /gm2data/zkhechad/cboTemplates/Run4CBOTemplates/templateFits0_v2.0/noRF/sBin_constraintOn_cE0.0_seed0_noRF_calo4.root
windowBins = 17
fitting sliding window 180 from bin 316 at 46.998000 to bin 333 at 49.683600 (17 bins)

Reading data from /gm2data/cornell/histograms/aMethod/histogram_a_noRF.root
 **********
 **    1 **SET PRINTOUT            1
 **********
 **********
 **    2 **SET NOWARNINGS 
 **********
 PARAMETER DEFINITIONS:
    NO.   NAME         VALUE      STEP SIZE      LIMITS
     1 N0           2.96987e+06  1.00000e+02     no limits
     2 tau          6.44201e+01  constant
     3 A0           3.53307e-01  1.00000e-04     no limits
     4 phi          4.11740e+00  1.00000e-02     no limits
     5 R           -5.91013e+01  constant
     6 alpha_CBO    0.00000e+00  1.00000e-03     no limits
     7 w_CBO        2.32500e+00  constant
     8 beta_CBO     0.00000e+00  1.00000e-03     no limits
     9 alpha_2CBO   0.00000e+00  1.00000e-03     no limits
    10 beta_2CBO    0.00000e+00  1.00000e-03     no limits
    11 alpha_y      0.00000e+00  1.00000e-03     no limits
    12 w_y          1.44500e+01  constant
    13 beta_y       0.00000e+00  1.00000e-03     no limits
    14 alpha_vw     0.00000e+00  1.00000e-03     no limits
    15 w_vw         1.29000e+01  constant
    16 beta_vw      0.00000e+00  1.00000e-03     no limits
    17 LM           5.89621e-04  constant
    18 zeta_y       0.00000e+00  constant
    19 zeta_vw      0.00000e+00  constant
    20 T_CBO        1.00000e+02  1.00000e+00    0.00000e+00  1.00000e+03
    21 alpha_A0     0.00000e+00  1.00000e-03     no limits
    22 beta_A0      0.00000e+00  1.00000e-03     no limits
    23 alpha_phi    0.00000e+00  1.00000e-03     no limits
    24 beta_phi     0.00000e+00  1.00000e-03     no limits
MINUIT - FIT ONLY WIGGLE
 **********
 **    3 **FIX            5
 **********
 PARAMETER    5  IS CONSTANT.   IGNORED.
 **********
 **    4 **FIX            6
 **********
 **********
 **    5 **FIX            7
 **********
 PARAMETER    7  IS CONSTANT.   IGNORED.
 **********
 **    6 **FIX            8
 **********
 **********
 **    7 **FIX            9
 **********
 **********
 **    8 **FIX           10
 **********
 **********
 **    9 **FIX           11
 **********
 **********
 **   10 **FIX           12
 **********
 PARAMETER   12  IS CONSTANT.   IGNORED.
 **********
 **   11 **FIX           13
 **********
 **********
 **   12 **FIX           14
 **********
 **********
 **   13 **FIX           15
 **********
 PARAMETER   15  IS CONSTANT.   IGNORED.
 **********
 **   14 **FIX           16
 **********
 **********
 **   15 **MIGRAD
 **********
 FIRST CALL TO USER FUNCTION AT NEW START POINT, WITH IFLAG=4.
 START MIGRAD MINIMIZATION.  STRATEGY  1.  CONVERGENCE WHEN EDM .LT. 1.00e-04
 FCN=1530.37 FROM MIGRAD    STATUS=INITIATE      429 CALLS         430 TOTAL
                     EDM= unknown      STRATEGY= 1      NO ERROR MATRIX       
  EXT PARAMETER               CURRENT GUESS       STEP         FIRST   
  NO.   NAME      VALUE            ERROR          SIZE      DERIVATIVE 
   1  N0           2.96987e+06   1.00000e+02   0.00000e+00  -1.97884e-02
   2  tau          6.44201e+01   constant   
   3  A0           3.53307e-01   1.00000e-04   0.00000e+00  -4.07896e+04
   4  phi          4.11740e+00   1.00000e-02   0.00000e+00  -1.37263e+05
   5  R           -5.91013e+01   constant   
   6  alpha_CBO    0.00000e+00     fixed    
   7  w_CBO        2.32500e+00   constant   
   8  beta_CBO     0.00000e+00     fixed    
   9  alpha_2CBO   0.00000e+00     fixed    
  10  beta_2CBO    0.00000e+00     fixed    
  11  alpha_y      0.00000e+00     fixed    
  12  w_y          1.44500e+01   constant   
  13  beta_y       0.00000e+00     fixed    
  14  alpha_vw     0.00000e+00     fixed    
  15  w_vw         1.29000e+01   constant   
  16  beta_vw      0.00000e+00     fixed    
  17  LM           5.89621e-04   constant   
  18  zeta_y       0.00000e+00   constant   
  19  zeta_vw      0.00000e+00   constant   
  20  T_CBO        1.00000e+02   1.00000e+00   0.00000e+00   0.00000e+00
  21  alpha_A0     0.00000e+00   1.00000e-03   0.00000e+00   3.48140e+03
  22  beta_A0      0.00000e+00   1.00000e-03   0.00000e+00   2.42194e+04
  23  alpha_phi    0.00000e+00   1.00000e-03   0.00000e+00  -1.43327e+04
  24  beta_phi     0.00000e+00   1.00000e-03   0.00000e+00  -5.29112e+04
 CALL LIMIT EXCEEDED IN MIGRAD.
 MIGRAD TERMINATED WITHOUT CONVERGENCE.
 FCN=121.789 FROM MIGRAD    STATUS=CALL LIMIT   1333 CALLS        1334 TOTAL
                     EDM=0.000541093    STRATEGY= 1  ERROR MATRIX UNCERTAINTY   1.5 per cent
  EXT PARAMETER                APPROXIMATE        STEP         FIRST   
  NO.   NAME      VALUE            ERROR          SIZE      DERIVATIVE 
   1  N0           2.96195e+06   8.56011e+02  -5.06530e+00  -9.84259e-06
   2  tau          6.44201e+01   constant   
   3  A0           3.71770e-01   3.59519e-03   3.40534e-06  -6.38146e+01
   4  phi          4.19847e+00   8.05708e-03  -9.15153e-06   1.91302e+01
   5  R           -5.91013e+01   constant   
   6  alpha_CBO    0.00000e+00     fixed    
   7  w_CBO        2.32500e+00   constant   
   8  beta_CBO     0.00000e+00     fixed    
   9  alpha_2CBO   0.00000e+00     fixed    
  10  beta_2CBO    0.00000e+00     fixed    
  11  alpha_y      0.00000e+00     fixed    
  12  w_y          1.44500e+01   constant   
  13  beta_y       0.00000e+00     fixed    
  14  alpha_vw     0.00000e+00     fixed    
  15  w_vw         1.29000e+01   constant   
  16  beta_vw      0.00000e+00     fixed    
  17  LM           5.89621e-04   constant   
  18  zeta_y       0.00000e+00   constant   
  19  zeta_vw      0.00000e+00   constant   
  20  T_CBO        2.39066e+01   2.80843e-01  -4.01013e-06   2.49925e+00
  21  alpha_A0     7.47332e-01   1.17694e-01   5.58697e-05   5.22862e+00
  22  beta_A0     -1.70828e-01   2.03760e-02  -1.42741e-08  -3.41715e+00
  23  alpha_phi   -1.75541e-01   3.40580e-02  -3.08596e-05  -1.00145e+01
  24  beta_phi    -8.15401e-01   1.27580e-01  -4.14054e-05   7.64449e+00
 EXTERNAL ERROR MATRIX.    NDIM=  25    NPAR=  8    ERR DEF=1
  7.328e+05  6.896e-01  7.750e-01 -3.241e+01  1.900e+01 -2.522e+00 -4.965e+00 -1.649e+01 
  6.896e-01  1.293e-05  2.872e-05 -9.189e-04  4.224e-04 -7.294e-05 -1.220e-04 -4.568e-04 
  7.750e-01  2.872e-05  6.492e-05 -2.061e-03  9.436e-04 -1.639e-04 -2.729e-04 -1.025e-03 
 -3.241e+01 -9.189e-04 -2.061e-03  7.887e-02 -3.055e-02  5.215e-03  8.923e-03  3.320e-02 
  1.900e+01  4.224e-04  9.436e-04 -3.055e-02  1.385e-02 -2.391e-03 -4.004e-03 -1.499e-02 
 -2.522e+00 -7.294e-05 -1.639e-04  5.215e-03 -2.391e-03  4.152e-04  6.912e-04  2.595e-03 
 -4.965e+00 -1.220e-04 -2.729e-04  8.923e-03 -4.004e-03  6.912e-04  1.160e-03  4.341e-03 
 -1.649e+01 -4.568e-04 -1.025e-03  3.320e-02 -1.499e-02  2.595e-03  4.341e-03  1.628e-02 
ERR MATRIX APPROXIMATE
 PARAMETER  CORRELATION COEFFICIENTS  
       NO.  GLOBAL      1      3      4     20     21     22     23     24
        1  0.91591   1.000  0.224  0.112 -0.135  0.189 -0.145 -0.170 -0.151
        3  0.99975   0.224  1.000  0.991 -0.910  0.998 -0.996 -0.996 -0.996
        4  0.99961   0.112  0.991  1.000 -0.911  0.995 -0.998 -0.995 -0.998
       20  0.98431  -0.135 -0.910 -0.911  1.000 -0.924  0.911  0.933  0.927
       21  0.99976   0.189  0.998  0.995 -0.924  1.000 -0.997 -0.999 -0.999
       22  0.99944  -0.145 -0.996 -0.998  0.911 -0.997  1.000  0.996  0.998
       23  0.99976  -0.170 -0.996 -0.995  0.933 -0.999  0.996  1.000  0.999
       24  0.99987  -0.151 -0.996 -0.998  0.927 -0.999  0.998  0.999  1.000
 ERR MATRIX APPROXIMATE
MINUIT - FIT ONLY 1-CBO + wiggle
 **********
 **   16 **RES 
 **********
                   PARAMETER   16  beta_vw RESTORED TO VARIABLE.
                   PARAMETER   14  alpha_vw RESTORED TO VARIABLE.
                   PARAMETER   13  beta_y RESTORED TO VARIABLE.
                   PARAMETER   11  alpha_y RESTORED TO VARIABLE.
                   PARAMETER   10  beta_2CBO RESTORED TO VARIABLE.
                   PARAMETER    9  alpha_2CBO RESTORED TO VARIABLE.
                   PARAMETER    8  beta_CBO RESTORED TO VARIABLE.
                   PARAMETER    6  alpha_CBO RESTORED TO VARIABLE.
 **********
 **   17 **FIX            8
 **********
 **********
 **   18 **FIX            9
 **********
 **********
 **   19 **FIX           11
 **********
 **********
 **   20 **FIX           12
 **********
 PARAMETER   12  IS CONSTANT.   IGNORED.
 **********
 **   21 **FIX           14
 **********
 **********
 **   22 **FIX           15
 **********
 PARAMETER   15  IS CONSTANT.   IGNORED.
 **********
 **   23 **FIX           16
 **********
 **********
 **   24 **MIGRAD
 **********
 START MIGRAD MINIMIZATION.  STRATEGY  1.  CONVERGENCE WHEN EDM .LT. 1.00e-04
 FCN=121.789 FROM MIGRAD    STATUS=INITIATE       28 CALLS        1362 TOTAL
                     EDM= unknown      STRATEGY= 1      NO ERROR MATRIX       
  EXT PARAMETER               CURRENT GUESS       STEP         FIRST   
  NO.   NAME      VALUE            ERROR          SIZE      DERIVATIVE 
   1  N0           2.96195e+06   8.56011e+02  -5.06530e+00  -9.84259e-06
   2  tau          6.44201e+01   constant   
   3  A0           3.71770e-01   3.59519e-03   3.40534e-06  -6.38146e+01
   4  phi          4.19847e+00   8.05708e-03  -9.15153e-06   1.91302e+01
   5  R           -5.91013e+01   constant   
   6  alpha_CBO    0.00000e+00   1.00000e-03   1.00000e-03   2.52046e+03
   7  w_CBO        2.32500e+00   constant   
   8  beta_CBO     0.00000e+00     fixed    
   9  alpha_2CBO   0.00000e+00     fixed    
  10  beta_2CBO    0.00000e+00   1.00000e-03   1.00000e-03  -2.80355e+03
  11  alpha_y      0.00000e+00     fixed    
  12  w_y          1.44500e+01   constant   
  13  beta_y       0.00000e+00   1.00000e-03   1.00000e-03   5.49008e+04
  14  alpha_vw     0.00000e+00     fixed    
  15  w_vw         1.29000e+01   constant   
  16  beta_vw      0.00000e+00     fixed    
  17  LM           5.89621e-04   constant   
  18  zeta_y       0.00000e+00   constant   
  19  zeta_vw      0.00000e+00   constant   
  20  T_CBO        2.39066e+01   2.80843e-01  -4.01013e-06   2.49925e+00
  21  alpha_A0     7.47332e-01   1.17694e-01   5.58697e-05   5.22862e+00
  22  beta_A0     -1.70828e-01   2.03760e-02  -1.42741e-08  -3.41715e+00
  23  alpha_phi   -1.75541e-01   3.40580e-02  -3.08596e-05  -1.00145e+01
  24  beta_phi    -8.15401e-01   1.27580e-01  -4.14054e-05   7.64449e+00
 CALL LIMIT EXCEEDED IN MIGRAD.
 MIGRAD TERMINATED WITHOUT CONVERGENCE.
 FCN=89.2138 FROM MIGRAD    STATUS=CALL LIMIT   1908 CALLS        3242 TOTAL
                     EDM=0.0296427    STRATEGY= 1  ERROR MATRIX UNCERTAINTY  11.9 per cent
  EXT PARAMETER                APPROXIMATE        STEP         FIRST   
  NO.   NAME      VALUE            ERROR          SIZE      DERIVATIVE 
   1  N0           3.04016e+06   2.68375e+04   1.99992e+03   2.39515e-05
   2  tau          6.44201e+01   constant   
   3  A0           3.63976e-01   1.38589e-02   1.23269e-03   4.85377e+02
   4  phi          4.22450e+00   2.06910e-02   1.29386e-03  -5.36397e+01
   5  R           -5.91013e+01   constant   
   6  alpha_CBO    1.02743e-02   7.27819e-03   5.22556e-04  -5.01309e+02
   7  w_CBO        2.32500e+00   constant   
   8  beta_CBO     0.00000e+00     fixed    
   9  alpha_2CBO   0.00000e+00     fixed    
  10  beta_2CBO    3.06083e-03   2.76515e-03   2.80500e-04   3.11118e+02
  11  alpha_y      0.00000e+00     fixed    
  12  w_y          1.44500e+01   constant   
  13  beta_y      -1.09181e-03   2.03953e-04  -9.19449e-06  -2.22691e+02
  14  alpha_vw     0.00000e+00     fixed    
  15  w_vw         1.29000e+01   constant   
  16  beta_vw      0.00000e+00     fixed    
  17  LM           5.89621e-04   constant   
  18  zeta_y       0.00000e+00   constant   
  19  zeta_vw      0.00000e+00   constant   
  20  T_CBO        2.29037e+01   1.11071e+00   6.30885e-04  -1.05189e+01
  21  alpha_A0     1.00183e+00   2.24575e-01   1.87141e-02  -2.05890e+01
  22  beta_A0      5.68226e-01   7.86004e-02  -5.07574e-03   1.93220e+01
  23  alpha_phi    6.47134e-01   9.13317e-02  -5.90911e-03   3.88012e-01
  24  beta_phi    -9.46675e-01   1.62339e-01  -1.02107e-02  -8.58322e+00
 EXTERNAL ERROR MATRIX.    NDIM=  25    NPAR= 11    ERR DEF=1
  7.203e+08 
  3.569e+02  1.921e-04 
  5.382e+02  2.619e-04  4.281e-04 
  1.922e+02  9.711e-05  1.419e-04  5.297e-05 
  6.609e+01  3.666e-05  4.661e-05  1.744e-05  7.646e-06 
 -2.147e+00 -1.160e-06 -1.464e-06 -6.430e-07 -1.987e-07  4.160e-08 
  2.859e+04  1.505e-02  2.201e-02  7.565e-03  2.861e-03 -8.121e-05  1.234e+00 
  5.901e+03  3.050e-03  4.439e-03  1.553e-03  5.887e-04 -1.675e-05  2.472e-01  5.043e-02 
 -9.324e+01 -3.504e-04  6.488e-05 -6.026e-05 -9.083e-05  2.156e-06 -2.018e-02 -3.260e-03  6.178e-03 
  9.817e+01 -3.004e-04  2.312e-04 -1.536e-06 -9.310e-05  1.505e-06 -1.605e-02 -2.372e-03  7.077e-03  8.341e-03 
 -4.237e+03 -2.087e-03 -3.347e-03 -1.133e-03 -3.668e-04  1.218e-05 -1.729e-01 -3.480e-02 -1.313e-05 -1.369e-03  2.635e-02 
ERR MATRIX APPROXIMATE
 PARAMETER  CORRELATION COEFFICIENTS  
       NO.  GLOBAL      1      3      4      6     10     13     20     21     22     23     24
        1  0.99995   1.000  0.960  0.969  0.984  0.891 -0.392  0.959  0.979 -0.044  0.040 -0.972
        3  0.99996   0.960  1.000  0.913  0.963  0.957 -0.410  0.977  0.980 -0.322 -0.237 -0.928
        4  0.99986   0.969  0.913  1.000  0.942  0.815 -0.347  0.958  0.955  0.040  0.122 -0.996
        6  0.99969   0.984  0.963  0.942  1.000  0.866 -0.433  0.936  0.950 -0.105 -0.002 -0.959
       10  0.99800   0.891  0.957  0.815  0.866  1.000 -0.352  0.932  0.948 -0.418 -0.369 -0.817
       13  0.49584  -0.392 -0.410 -0.347 -0.433 -0.352  1.000 -0.358 -0.366  0.135  0.081  0.368
       20  0.99958   0.959  0.977  0.958  0.936  0.932 -0.358  1.000  0.991 -0.231 -0.158 -0.959
       21  0.99979   0.979  0.980  0.955  0.950  0.948 -0.366  0.991  1.000 -0.185 -0.116 -0.954
       22  0.99890  -0.044 -0.322  0.040 -0.105 -0.418  0.135 -0.231 -0.185  1.000  0.986 -0.001
       23  0.99908   0.040 -0.237  0.122 -0.002 -0.369  0.081 -0.158 -0.116  0.986  1.000 -0.092
       24  0.99968  -0.972 -0.928 -0.996 -0.959 -0.817  0.368 -0.959 -0.954 -0.001 -0.092  1.000
 ERR MATRIX APPROXIMATE
MINUIT - FIT ONLY 2-CBO
 **********
 **   25 **RES 
 **********
                   PARAMETER   16  beta_vw RESTORED TO VARIABLE.
                   PARAMETER   14  alpha_vw RESTORED TO VARIABLE.
                   PARAMETER   11  alpha_y RESTORED TO VARIABLE.
                   PARAMETER    9  alpha_2CBO RESTORED TO VARIABLE.
                   PARAMETER    8  beta_CBO RESTORED TO VARIABLE.
 **********
 **   26 **FIX            0
 **********
 PARAMETER    0  IS UNDEFINED. IGNORED.
 **********
 **   27 **FIX            1
 **********
 **********
 **   28 **FIX            2
 **********
 PARAMETER    2  IS CONSTANT.   IGNORED.
 **********
 **   29 **FIX            3
 **********
 **********
 **   30 **FIX            4
 **********
 **********
 **   31 **FIX            5
 **********
 PARAMETER    5  IS CONSTANT.   IGNORED.
 **********
 **   32 **FIX            6
 **********
 **********
 **   33 **FIX            7
 **********
 PARAMETER    7  IS CONSTANT.   IGNORED.
 **********
 **   34 **FIX           10
 **********
 **********
 **   35 **FIX           11
 **********
 **********
 **   36 **FIX           12
 **********
 PARAMETER   12  IS CONSTANT.   IGNORED.
 **********
 **   37 **FIX           13
 **********
 **********
 **   38 **FIX           14
 **********
 **********
 **   39 **FIX           15
 **********
 PARAMETER   15  IS CONSTANT.   IGNORED.
 **********
 **   40 **FIX           16
 **********
 **********
 **   41 **MIGRAD
 **********
 START MIGRAD MINIMIZATION.  STRATEGY  1.  CONVERGENCE WHEN EDM .LT. 1.00e-04
 FCN=89.2138 FROM MIGRAD    STATUS=INITIATE       18 CALLS        3260 TOTAL
                     EDM= unknown      STRATEGY= 1      NO ERROR MATRIX       
  EXT PARAMETER               CURRENT GUESS       STEP         FIRST   
  NO.   NAME      VALUE            ERROR          SIZE      DERIVATIVE 
   1  N0           3.04016e+06     fixed    
   2  tau          6.44201e+01   constant   
   3  A0           3.63976e-01     fixed    
   4  phi          4.22450e+00     fixed    
   5  R           -5.91013e+01   constant   
   6  alpha_CBO    1.02743e-02     fixed    
   7  w_CBO        2.32500e+00   constant   
   8  beta_CBO     0.00000e+00   1.00000e-03   1.00000e-03   5.37632e+02
   9  alpha_2CBO   0.00000e+00   1.00000e-03   1.00000e-03   2.52853e+02
  10  beta_2CBO    3.06083e-03     fixed    
  11  alpha_y      0.00000e+00     fixed    
  12  w_y          1.44500e+01   constant   
  13  beta_y      -1.09181e-03     fixed    
  14  alpha_vw     0.00000e+00     fixed    
  15  w_vw         1.29000e+01   constant   
  16  beta_vw      0.00000e+00     fixed    
  17  LM           5.89621e-04   constant   
  18  zeta_y       0.00000e+00   constant   
  19  zeta_vw      0.00000e+00   constant   
  20  T_CBO        2.29037e+01   1.11071e+00   6.30885e-04  -1.05189e+01
  21  alpha_A0     1.00183e+00   2.24575e-01   1.87141e-02  -2.05890e+01
  22  beta_A0      5.68226e-01   7.86004e-02  -5.07574e-03   1.93220e+01
  23  alpha_phi    6.47134e-01   9.13317e-02  -5.90911e-03   3.88012e-01
  24  beta_phi    -9.46675e-01   1.62339e-01  -1.02107e-02  -8.58322e+00
 MIGRAD MINIMIZATION HAS CONVERGED.
 MIGRAD WILL VERIFY CONVERGENCE AND ERROR MATRIX.
 FCN=89.2015 FROM MIGRAD    STATUS=CONVERGED     164 CALLS        3406 TOTAL
                     EDM=5.90492e-06    STRATEGY= 1      ERR MATRIX NOT POS-DEF
  EXT PARAMETER                APPROXIMATE        STEP         FIRST   
  NO.   NAME      VALUE            ERROR          SIZE      DERIVATIVE 
   1  N0           3.04016e+06     fixed    
   2  tau          6.44201e+01   constant   
   3  A0           3.63976e-01     fixed    
   4  phi          4.22450e+00     fixed    
   5  R           -5.91013e+01   constant   
   6  alpha_CBO    1.02743e-02     fixed    
   7  w_CBO        2.32500e+00   constant   
   8  beta_CBO    -2.14124e-05   4.21905e-04   8.76209e-07   4.62730e-01
   9  alpha_2CBO   2.78862e-05   4.84975e-04   8.28627e-07  -1.59593e+00
  10  beta_2CBO    3.06083e-03     fixed    
  11  alpha_y      0.00000e+00     fixed    
  12  w_y          1.44500e+01   constant   
  13  beta_y      -1.09181e-03     fixed    
  14  alpha_vw     0.00000e+00     fixed    
  15  w_vw         1.29000e+01   constant   
  16  beta_vw      0.00000e+00     fixed    
  17  LM           5.89621e-04   constant   
  18  zeta_y       0.00000e+00   constant   
  19  zeta_vw      0.00000e+00   constant   
  20  T_CBO        2.29068e+01   4.75599e-01   1.10885e-06   1.00994e+00
  21  alpha_A0     1.00234e+00   4.33286e-02   2.50000e-05  -2.47689e-03
  22  beta_A0      5.67533e-01   2.64525e-02   2.05894e-05  -1.83284e-02
  23  alpha_phi    6.47465e-01   2.93741e-02   1.95086e-05   3.94885e-02
  24  beta_phi    -9.47132e-01   4.12177e-02   2.28958e-05   1.93339e-02
 EXTERNAL ERROR MATRIX.    NDIM=  25    NPAR=  7    ERR DEF=1
  1.780e-07  3.539e-08 -2.771e-05  2.230e-06 -5.711e-07  2.373e-06  9.462e-07 
  3.539e-08  2.352e-07  4.344e-06  2.624e-06 -4.633e-06  3.634e-06 -1.249e-06 
 -2.771e-05  4.344e-06  2.262e-01 -2.020e-02 -1.151e-02 -1.328e-02  1.895e-02 
  2.230e-06  2.624e-06 -2.020e-02  1.877e-03  9.748e-04  1.240e-03 -1.735e-03 
 -5.711e-07 -4.633e-06 -1.151e-02  9.748e-04  6.997e-04  5.981e-04 -9.578e-04 
  2.373e-06  3.634e-06 -1.328e-02  1.240e-03  5.981e-04  8.628e-04 -1.139e-03 
  9.462e-07 -1.249e-06  1.895e-02 -1.735e-03 -9.578e-04 -1.139e-03  1.699e-03 
ERR MATRIX NOT POS-DEF
 PARAMETER  CORRELATION COEFFICIENTS  
       NO.  GLOBAL      8      9     20     21     22     23     24
        8  0.89442   1.000  0.173 -0.138  0.122 -0.051  0.191  0.054
        9  0.92985   0.173  1.000  0.019  0.125 -0.361  0.255 -0.062
       20  0.99717  -0.138  0.019  1.000 -0.980 -0.915 -0.950  0.967
       21  0.99225   0.122  0.125 -0.980  1.000  0.851  0.974 -0.972
       22  0.98585  -0.051 -0.361 -0.915  0.851  1.000  0.770 -0.879
       23  0.98972   0.191  0.255 -0.950  0.974  0.770  1.000 -0.941
       24  0.99282   0.054 -0.062  0.967 -0.972 -0.879 -0.941  1.000
 ERR MATRIX NOT POS-DEF
MINUIT - FIT wiggle + 1-CBO + 2-CBO
 **********
 **   42 **RES 
 **********
                   PARAMETER   16  beta_vw RESTORED TO VARIABLE.
                   PARAMETER   14  alpha_vw RESTORED TO VARIABLE.
                   PARAMETER   13  beta_y RESTORED TO VARIABLE.
                   PARAMETER   11  alpha_y RESTORED TO VARIABLE.
                   PARAMETER   10  beta_2CBO RESTORED TO VARIABLE.
                   PARAMETER    6  alpha_CBO RESTORED TO VARIABLE.
                   PARAMETER    4  phi RESTORED TO VARIABLE.
                   PARAMETER    3  A0 RESTORED TO VARIABLE.
                   PARAMETER    1  N0 RESTORED TO VARIABLE.
 **********
 **   43 **FIX           10
 **********
 **********
 **   44 **FIX           11
 **********
 **********
 **   45 **FIX           12
 **********
 PARAMETER   12  IS CONSTANT.   IGNORED.
 **********
 **   46 **FIX           13
 **********
 **********
 **   47 **FIX           14
 **********
 **********
 **   48 **FIX           15
 **********
 PARAMETER   15  IS CONSTANT.   IGNORED.
 **********
 **   49 **FIX           16
 **********
 **********
 **   50 **MIGRAD
 **********
 START MIGRAD MINIMIZATION.  STRATEGY  1.  CONVERGENCE WHEN EDM .LT. 1.00e-04
 FCN=89.2015 FROM MIGRAD    STATUS=INITIATE       22 CALLS        3428 TOTAL
                     EDM= unknown      STRATEGY= 1      NO ERROR MATRIX       
  EXT PARAMETER               CURRENT GUESS       STEP         FIRST   
  NO.   NAME      VALUE            ERROR          SIZE      DERIVATIVE 
   1  N0           3.04016e+06   2.68375e+04   2.68375e+04   7.73748e-06
   2  tau          6.44201e+01   constant   
   3  A0           3.63976e-01   1.38589e-02   1.38589e-02  -1.80627e+02
   4  phi          4.22450e+00   2.06910e-02   2.06910e-02   2.35400e+01
   5  R           -5.91013e+01   constant   
   6  alpha_CBO    1.02743e-02   7.27819e-03   7.27819e-03   9.53030e+01
   7  w_CBO        2.32500e+00   constant   
   8  beta_CBO    -2.14124e-05   4.21905e-04   8.76209e-07   4.62745e-01
   9  alpha_2CBO   2.78862e-05   4.84975e-04   8.28627e-07  -1.59592e+00
  10  beta_2CBO    3.06083e-03     fixed    
  11  alpha_y      0.00000e+00     fixed    
  12  w_y          1.44500e+01   constant   
  13  beta_y      -1.09181e-03     fixed    
  14  alpha_vw     0.00000e+00     fixed    
  15  w_vw         1.29000e+01   constant   
  16  beta_vw      0.00000e+00     fixed    
  17  LM           5.89621e-04   constant   
  18  zeta_y       0.00000e+00   constant   
  19  zeta_vw      0.00000e+00   constant   
  20  T_CBO        2.29068e+01   4.75599e-01   1.10885e-06   1.01000e+00
  21  alpha_A0     1.00234e+00   4.33286e-02   2.50000e-05  -2.48665e-03
  22  beta_A0      5.67533e-01   2.64525e-02   2.05894e-05  -1.83223e-02
  23  alpha_phi    6.47465e-01   2.93741e-02   1.95086e-05   3.94879e-02
  24  beta_phi    -9.47132e-01   4.12177e-02   2.28958e-05   1.93344e-02
 CALL LIMIT EXCEEDED IN MIGRAD.
 MIGRAD TERMINATED WITHOUT CONVERGENCE.
 FCN=86.8377 FROM MIGRAD    STATUS=CALL LIMIT   1921 CALLS        5327 TOTAL
                     EDM=0.0105266    STRATEGY= 1  ERROR MATRIX UNCERTAINTY  18.4 per cent
  EXT PARAMETER                APPROXIMATE        STEP         FIRST   
  NO.   NAME      VALUE            ERROR          SIZE      DERIVATIVE 
   1  N0           3.13369e+06   2.95239e+04   9.02605e+02   3.04564e-05
   2  tau          6.44201e+01   constant   
   3  A0           3.99025e-01   8.23793e-03   2.42473e-04  -7.08291e+02
   4  phi          4.20970e+00   1.41942e-02  -5.44372e-05  -6.87556e+01
   5  R           -5.91013e+01   constant   
   6  alpha_CBO    3.08889e-02   6.63738e-03   8.20859e-06   6.15081e+02
   7  w_CBO        2.32500e+00   constant   
   8  beta_CBO    -2.40696e-02   1.14809e-02  -3.53993e-04   1.05058e+02
   9  alpha_2CBO  -1.60585e-03   5.10394e-03  -1.12680e-04  -3.40823e+02
  10  beta_2CBO    3.06083e-03     fixed    
  11  alpha_y      0.00000e+00     fixed    
  12  w_y          1.44500e+01   constant   
  13  beta_y      -1.09181e-03     fixed    
  14  alpha_vw     0.00000e+00     fixed    
  15  w_vw         1.29000e+01   constant   
  16  beta_vw      0.00000e+00     fixed    
  17  LM           5.89621e-04   constant   
  18  zeta_y       0.00000e+00   constant   
  19  zeta_vw      0.00000e+00   constant   
  20  T_CBO        2.43865e+01   1.15309e+00   1.44652e-04   2.77660e+02
  21  alpha_A0     1.24496e+00   1.04099e-01   3.22341e-03   1.82860e+01
  22  beta_A0      6.31812e-01   1.74616e-01   2.99152e-03  -9.69742e+00
  23  alpha_phi    5.40779e-01   5.56227e-02  -1.76607e-03  -1.54037e+01
  24  beta_phi    -1.28319e+00   1.03533e-01  -3.32370e-03  -1.10050e+01
 EXTERNAL ERROR MATRIX.    NDIM=  25    NPAR= 11    ERR DEF=1
  8.717e+08 
  1.997e+02  6.786e-05 
  9.484e+00 -5.671e-05  2.015e-04 
 -5.248e+00  2.931e-05 -7.746e-05  4.405e-05 
 -3.287e+02 -6.548e-05 -1.994e-05  1.775e-05  1.318e-04 
 -1.131e+02 -1.051e-05 -4.139e-05  2.280e-05  5.039e-05  2.605e-05 
  2.495e+04  2.154e-03  1.104e-02 -5.028e-03 -1.078e-02 -5.719e-03  1.330e+00 
  2.881e+03  5.065e-04  4.599e-04 -2.456e-04 -1.165e-03 -4.873e-04  1.087e-01  1.084e-02 
  3.564e+03  2.270e-04  1.637e-03 -8.443e-04 -1.611e-03 -8.828e-04  1.981e-01  1.598e-02  3.049e-02 
 -1.138e+03 -3.636e-04  4.437e-04 -9.627e-05  4.442e-04  9.384e-05 -1.171e-02 -3.200e-03 -2.017e-03  3.094e-03 
 -2.984e+03 -6.080e-04 -2.795e-04  1.343e-04  1.164e-03  4.460e-04 -9.971e-02 -1.060e-02 -1.436e-02  3.581e-03  1.072e-02 
ERR MATRIX APPROXIMATE
 PARAMETER  CORRELATION COEFFICIENTS  
       NO.  GLOBAL      1      3      4      6      8      9     20     21     22     23     24
        1  0.99997   1.000  0.821  0.023 -0.027 -0.970 -0.751  0.733  0.937  0.691 -0.693 -0.976
        3  0.99997   0.821  1.000 -0.485  0.536 -0.692 -0.250  0.227  0.591  0.158 -0.793 -0.713
        4  0.99978   0.023 -0.485  1.000 -0.822 -0.122 -0.571  0.674  0.311  0.661  0.562 -0.190
        6  0.99988  -0.027  0.536 -0.822  1.000  0.233  0.673 -0.657 -0.356 -0.728 -0.261  0.195
        8  0.99985  -0.970 -0.692 -0.122  0.233  1.000  0.860 -0.814 -0.975 -0.804  0.696  0.980
        9  0.99972  -0.751 -0.250 -0.571  0.673  0.860  1.000 -0.972 -0.917 -0.991  0.331  0.844
       20  0.99982   0.733  0.227  0.674 -0.657 -0.814 -0.972  1.000  0.905  0.984 -0.183 -0.835
       21  0.99962   0.937  0.591  0.311 -0.356 -0.975 -0.917  0.905  1.000  0.879 -0.553 -0.983
       22  0.99991   0.691  0.158  0.661 -0.728 -0.804 -0.991  0.984  0.879  1.000 -0.208 -0.794
       23  0.99944  -0.693 -0.793  0.562 -0.261  0.696  0.331 -0.183 -0.553 -0.208  1.000  0.622
       24  0.99942  -0.976 -0.713 -0.190  0.195  0.980  0.844 -0.835 -0.983 -0.794  0.622  1.000
 ERR MATRIX APPROXIMATE
MINUIT - FIT ONLY 1-y
 **********
 **   51 **RES 
 **********
                   PARAMETER   16  beta_vw RESTORED TO VARIABLE.
                   PARAMETER   14  alpha_vw RESTORED TO VARIABLE.
                   PARAMETER   13  beta_y RESTORED TO VARIABLE.
                   PARAMETER   11  alpha_y RESTORED TO VARIABLE.
                   PARAMETER   10  beta_2CBO RESTORED TO VARIABLE.
 **********
 **   52 **FIX            0
 **********
 PARAMETER    0  IS UNDEFINED. IGNORED.
 **********
 **   53 **FIX            1
 **********
 **********
 **   54 **FIX            2
 **********
 PARAMETER    2  IS CONSTANT.   IGNORED.
 **********
 **   55 **FIX            3
 **********
 **********
 **   56 **FIX            4
 **********
 **********
 **   57 **FIX            5
 **********
 PARAMETER    5  IS CONSTANT.   IGNORED.
 **********
 **   58 **FIX            6
 **********
 **********
 **   59 **FIX            7
 **********
 PARAMETER    7  IS CONSTANT.   IGNORED.
 **********
 **   60 **FIX            8
 **********
 **********
 **   61 **FIX            9
 **********
 **********
 **   62 **FIX           13
 **********
 **********
 **   63 **FIX           14
 **********
 **********
 **   64 **FIX           15
 **********
 PARAMETER   15  IS CONSTANT.   IGNORED.
 **********
 **   65 **FIX           16
 **********
 **********
 **   66 **MIGRAD
 **********
 START MIGRAD MINIMIZATION.  STRATEGY  1.  CONVERGENCE WHEN EDM .LT. 1.00e-04
 FCN=86.8377 FROM MIGRAD    STATUS=INITIATE       16 CALLS        5343 TOTAL
                     EDM= unknown      STRATEGY= 1      NO ERROR MATRIX       
  EXT PARAMETER               CURRENT GUESS       STEP         FIRST   
  NO.   NAME      VALUE            ERROR          SIZE      DERIVATIVE 
   1  N0           3.13369e+06     fixed    
   2  tau          6.44201e+01   constant   
   3  A0           3.99025e-01     fixed    
   4  phi          4.20970e+00     fixed    
   5  R           -5.91013e+01   constant   
   6  alpha_CBO    3.08889e-02     fixed    
   7  w_CBO        2.32500e+00   constant   
   8  beta_CBO    -2.40696e-02     fixed    
   9  alpha_2CBO  -1.60585e-03     fixed    
  10  beta_2CBO    3.06083e-03   2.76515e-03   2.76515e-03   3.19270e+02
  11  alpha_y      0.00000e+00   1.00000e-03   1.00000e-03  -8.95754e+04
  12  w_y          1.44500e+01   constant   
  13  beta_y      -1.09181e-03     fixed    
  14  alpha_vw     0.00000e+00     fixed    
  15  w_vw         1.29000e+01   constant   
  16  beta_vw      0.00000e+00     fixed    
  17  LM           5.89621e-04   constant   
  18  zeta_y       0.00000e+00   constant   
  19  zeta_vw      0.00000e+00   constant   
  20  T_CBO        2.43865e+01   1.15309e+00   1.44652e-04   2.77660e+02
  21  alpha_A0     1.24496e+00   1.04099e-01   3.22341e-03   1.82860e+01
  22  beta_A0      6.31812e-01   1.74616e-01   2.99152e-03  -9.69742e+00
  23  alpha_phi    5.40779e-01   5.56227e-02  -1.76607e-03  -1.54037e+01
  24  beta_phi    -1.28319e+00   1.03533e-01  -3.32370e-03  -1.10050e+01
 MIGRAD MINIMIZATION HAS CONVERGED.
 MIGRAD WILL VERIFY CONVERGENCE AND ERROR MATRIX.
 FCN=11.6617 FROM MIGRAD    STATUS=CONVERGED     161 CALLS        5488 TOTAL
                     EDM=1.76213e-05    STRATEGY= 1      ERR MATRIX NOT POS-DEF
  EXT PARAMETER                APPROXIMATE        STEP         FIRST   
  NO.   NAME      VALUE            ERROR          SIZE      DERIVATIVE 
   1  N0           3.13369e+06     fixed    
   2  tau          6.44201e+01   constant   
   3  A0           3.99025e-01     fixed    
   4  phi          4.20970e+00     fixed    
   5  R           -5.91013e+01   constant   
   6  alpha_CBO    3.08889e-02     fixed    
   7  w_CBO        2.32500e+00   constant   
   8  beta_CBO    -2.40696e-02     fixed    
   9  alpha_2CBO  -1.60585e-03     fixed    
  10  beta_2CBO    2.75079e-03   2.70880e-04   3.31927e-07  -8.34220e-02
  11  alpha_y      1.67712e-03   1.93219e-04   3.33233e-07  -2.04966e+00
  12  w_y          1.44500e+01   constant   
  13  beta_y      -1.09181e-03     fixed    
  14  alpha_vw     0.00000e+00     fixed    
  15  w_vw         1.29000e+01   constant   
  16  beta_vw      0.00000e+00     fixed    
  17  LM           5.89621e-04   constant   
  18  zeta_y       0.00000e+00   constant   
  19  zeta_vw      0.00000e+00   constant   
  20  T_CBO        2.43832e+01   3.84466e-01   5.99485e-07  -1.15271e+00
  21  alpha_A0     1.24141e+00   3.80546e-02   7.01426e-06   3.39050e-02
  22  beta_A0      6.30684e-01   1.96152e-02   5.81660e-06   7.87503e-03
  23  alpha_phi    5.40222e-01   1.68996e-02   5.69657e-06  -1.36802e-02
  24  beta_phi    -1.28639e+00   4.05766e-02   6.60151e-06  -4.56195e-02
 EXTERNAL ERROR MATRIX.    NDIM=  25    NPAR=  7    ERR DEF=1
  7.338e-08 -6.575e-09  9.320e-06 -2.259e-07 -2.097e-07 -3.801e-07  1.645e-06 
 -6.575e-09  3.733e-08 -1.075e-08 -7.783e-08 -2.829e-08 -1.501e-08 -6.451e-08 
  9.320e-06 -1.075e-08  1.478e-01 -1.450e-02 -7.411e-03 -6.355e-03  1.549e-02 
 -2.259e-07 -7.783e-08 -1.450e-02  1.448e-03  7.277e-04  6.285e-04 -1.518e-03 
 -2.097e-07 -2.829e-08 -7.411e-03  7.277e-04  3.848e-04  3.163e-04 -7.706e-04 
 -3.801e-07 -1.501e-08 -6.355e-03  6.285e-04  3.163e-04  2.856e-04 -6.687e-04 
  1.645e-06 -6.451e-08  1.549e-02 -1.518e-03 -7.706e-04 -6.687e-04  1.646e-03 
ERR MATRIX NOT POS-DEF
 PARAMETER  CORRELATION COEFFICIENTS  
       NO.  GLOBAL     10     11     20     21     22     23     24
       10  0.70968   1.000 -0.126  0.089 -0.022 -0.039 -0.083  0.150
       11  0.12944  -0.126  1.000 -0.000 -0.011 -0.007 -0.005 -0.008
       20  0.99776   0.089 -0.000  1.000 -0.991 -0.983 -0.978  0.993
       21  0.99437  -0.022 -0.011 -0.991  1.000  0.975  0.977 -0.983
       22  0.98536  -0.039 -0.007 -0.983  0.975  1.000  0.954 -0.968
       23  0.98104  -0.083 -0.005 -0.978  0.977  0.954  1.000 -0.975
       24  0.99562   0.150 -0.008  0.993 -0.983 -0.968 -0.975  1.000
 ERR MATRIX NOT POS-DEF
MINUIT - FIT ONLY 2-y
 **********
 **   67 **RES 
 **********
                   PARAMETER   16  beta_vw RESTORED TO VARIABLE.
                   PARAMETER   14  alpha_vw RESTORED TO VARIABLE.
                   PARAMETER   13  beta_y RESTORED TO VARIABLE.
                   PARAMETER    9  alpha_2CBO RESTORED TO VARIABLE.
                   PARAMETER    8  beta_CBO RESTORED TO VARIABLE.
                   PARAMETER    6  alpha_CBO RESTORED TO VARIABLE.
                   PARAMETER    4  phi RESTORED TO VARIABLE.
                   PARAMETER    3  A0 RESTORED TO VARIABLE.
                   PARAMETER    1  N0 RESTORED TO VARIABLE.
 **********
 **   68 **FIX            0
 **********
 PARAMETER    0  IS UNDEFINED. IGNORED.
 **********
 **   69 **FIX            1
 **********
 **********
 **   70 **FIX            2
 **********
 PARAMETER    2  IS CONSTANT.   IGNORED.
 **********
 **   71 **FIX            3
 **********
 **********
 **   72 **FIX            4
 **********
 **********
 **   73 **FIX            5
 **********
 PARAMETER    5  IS CONSTANT.   IGNORED.
 **********
 **   74 **FIX            6
 **********
 **********
 **   75 **FIX            7
 **********
 PARAMETER    7  IS CONSTANT.   IGNORED.
 **********
 **   76 **FIX            8
 **********
 **********
 **   77 **FIX            9
 **********
 **********
 **   78 **FIX           10
 **********
 **********
 **   79 **FIX           11
 **********
 **********
 **   80 **FIX           12
 **********
 PARAMETER   12  IS CONSTANT.   IGNORED.
 **********
 **   81 **FIX           16
 **********
 **********
 **   82 **MIGRAD
 **********
 START MIGRAD MINIMIZATION.  STRATEGY  1.  CONVERGENCE WHEN EDM .LT. 1.00e-04
 FCN=11.6617 FROM MIGRAD    STATUS=INITIATE       16 CALLS        5504 TOTAL
                     EDM= unknown      STRATEGY= 1      NO ERROR MATRIX       
  EXT PARAMETER               CURRENT GUESS       STEP         FIRST   
  NO.   NAME      VALUE            ERROR          SIZE      DERIVATIVE 
   1  N0           3.13369e+06     fixed    
   2  tau          6.44201e+01   constant   
   3  A0           3.99025e-01     fixed    
   4  phi          4.20970e+00     fixed    
   5  R           -5.91013e+01   constant   
   6  alpha_CBO    3.08889e-02     fixed    
   7  w_CBO        2.32500e+00   constant   
   8  beta_CBO    -2.40696e-02     fixed    
   9  alpha_2CBO  -1.60585e-03     fixed    
  10  beta_2CBO    2.75079e-03     fixed    
  11  alpha_y      1.67712e-03     fixed    
  12  w_y          1.44500e+01   constant   
  13  beta_y      -1.09181e-03   2.03953e-04   2.03953e-04  -2.13424e+03
  14  alpha_vw     0.00000e+00   1.00000e-03   1.00000e-03  -3.55524e+03
  15  w_vw         1.29000e+01   constant   
  16  beta_vw      0.00000e+00     fixed    
  17  LM           5.89621e-04   constant   
  18  zeta_y       0.00000e+00   constant   
  19  zeta_vw      0.00000e+00   constant   
  20  T_CBO        2.43832e+01   3.84466e-01   5.99485e-07  -1.15271e+00
  21  alpha_A0     1.24141e+00   3.80546e-02   7.01426e-06   3.39111e-02
  22  beta_A0      6.30684e-01   1.96152e-02   5.81660e-06   7.86922e-03
  23  alpha_phi    5.40222e-01   1.68996e-02   5.69657e-06  -1.36801e-02
  24  beta_phi    -1.28639e+00   4.05766e-02   6.60151e-06  -4.56202e-02
 MIGRAD MINIMIZATION HAS CONVERGED.
 MIGRAD WILL VERIFY CONVERGENCE AND ERROR MATRIX.
 COVARIANCE MATRIX CALCULATED SUCCESSFULLY
 FCN=11.4494 FROM HESSE     STATUS=OK             50 CALLS        5618 TOTAL
                     EDM=0.018599    STRATEGY= 1      ERROR MATRIX ACCURATE 
  EXT PARAMETER                                   STEP         FIRST   
  NO.   NAME      VALUE            ERROR          SIZE      DERIVATIVE 
   1  N0           3.13369e+06     fixed    
   2  tau          6.44201e+01   constant   
   3  A0           3.99025e-01     fixed    
   4  phi          4.20970e+00     fixed    
   5  R           -5.91013e+01   constant   
   6  alpha_CBO    3.08889e-02     fixed    
   7  w_CBO        2.32500e+00   constant   
   8  beta_CBO    -2.40696e-02     fixed    
   9  alpha_2CBO  -1.60585e-03     fixed    
  10  beta_2CBO    2.75079e-03     fixed    
  11  alpha_y      1.67712e-03     fixed    
  12  w_y          1.44500e+01   constant   
  13  beta_y      -1.02902e-03   1.92729e-04   3.06810e-07   2.18081e-01
  14  alpha_vw     8.17490e-05   2.01324e-04   3.14321e-07  -1.22764e-01
  15  w_vw         1.29000e+01   constant   
  16  beta_vw      0.00000e+00     fixed    
  17  LM           5.89621e-04   constant   
  18  zeta_y       0.00000e+00   constant   
  19  zeta_vw      0.00000e+00   constant   
  20  T_CBO        2.43842e+01   5.28077e+00   5.99482e-07  -3.37035e+00
  21  alpha_A0     1.24160e+00   5.23020e-01   6.95457e-06   8.95164e-02
  22  beta_A0      6.30404e-01   2.66015e-01   5.76706e-06   1.44024e-01
  23  alpha_phi    5.40379e-01   2.28154e-01   5.64831e-06   2.50877e-01
  24  beta_phi    -1.28653e+00   5.52037e-01   6.54564e-06  -2.71303e-02
 MIGRAD MINIMIZATION HAS CONVERGED.
 MIGRAD WILL VERIFY CONVERGENCE AND ERROR MATRIX.
 COVARIANCE MATRIX CALCULATED SUCCESSFULLY
 FCN=11.4376 FROM MIGRAD    STATUS=CONVERGED     363 CALLS        5851 TOTAL
                     EDM=4.06156e-06    STRATEGY= 1      ERROR MATRIX ACCURATE 
  EXT PARAMETER                                   STEP         FIRST   
  NO.   NAME      VALUE            ERROR          SIZE      DERIVATIVE 
   1  N0           3.13369e+06     fixed    
   2  tau          6.44201e+01   constant   
   3  A0           3.99025e-01     fixed    
   4  phi          4.20970e+00     fixed    
   5  R           -5.91013e+01   constant   
   6  alpha_CBO    3.08889e-02     fixed    
   7  w_CBO        2.32500e+00   constant   
   8  beta_CBO    -2.40696e-02     fixed    
   9  alpha_2CBO  -1.60585e-03     fixed    
  10  beta_2CBO    2.75079e-03     fixed    
  11  alpha_y      1.67712e-03     fixed    
  12  w_y          1.44500e+01   constant   
  13  beta_y      -1.02829e-03   1.92700e-04   3.06662e-07   4.07616e-01
  14  alpha_vw     8.59656e-05   2.00491e-04   3.14170e-07  -4.71947e-02
