 + ++++++++++++++++++++++++++++++++++++++++++++++++++++++++++++++++++++ +
 +                                                                      +
 +           You have chose to blind your fitting according to          +
 +                omega_ref * (1 + (R +/- deltaR) *10^{-6})             +
 +                                                                      +
 + ++++++++++++++++++++++++++++++++++++++++++++++++++++++++++++++++++++ +
In main()...
reading format from /gm2data/zkhechad/run45/envelope/formats/formatB_sBin_constraintOn.txt
pBinTau 	= 0  
pBinPhi 	= 0  
constraintau 	= 1 
includeMopTerm 	= 0    
constrainMop    = 0   
Parameters after format file: pBinTau 0 pBinPhi 0 constraintau 1 includeMopTerm 0 constrainMop 0 c_e_scale 0.000000 
Opening file /gm2data/tbarrett/gm2fr/studies/run23_bunch_corrections/CorrectedFourier_Run3b.root.
reading full fit data from /gm2data/zkhechad/cboTemplates/Run4CBOTemplates/fullFits/noRF/sBin_constraintOn_cE0.0_seed0_noRF_calo2.root
windowBins = 69
fitting sliding window 910 from bin 1046 at 155.914000 to bin 1115 at 166.358000 (69 bins)

Reading data from /gm2data/cornell/histograms/aMethod/histogram_a_noRF.root
 **********
 **    1 **SET PRINTOUT            1
 **********
 **********
 **    2 **SET NOWARNINGS 
 **********
 PARAMETER DEFINITIONS:
    NO.   NAME         VALUE      STEP SIZE      LIMITS
     1 N0           3.21058e+06  1.00000e+02     no limits
     2 tau          6.44090e+01  constant
     3 A0           3.64384e-01  1.00000e-04     no limits
     4 phi          4.11815e+00  1.00000e-02     no limits
     5 R           -6.00655e+01  constant
     6 alpha_CBO    0.00000e+00  1.00000e-03     no limits
     7 w_CBO        2.32500e+00  constant
     8 beta_CBO     0.00000e+00  1.00000e-03     no limits
     9 alpha_2CBO   0.00000e+00  1.00000e-03     no limits
    10 beta_2CBO    0.00000e+00  1.00000e-03     no limits
    11 alpha_y      0.00000e+00  1.00000e-03     no limits
    12 w_y          1.38860e+01  constant
    13 beta_y       0.00000e+00  1.00000e-03     no limits
    14 alpha_vw     0.00000e+00  1.00000e-03     no limits
    15 w_vw         1.43404e+01  constant
    16 beta_vw      0.00000e+00  1.00000e-03     no limits
    17 LM           2.36781e-04  constant
    18 zeta_y       0.00000e+00  constant
    19 zeta_vw      0.00000e+00  constant
    20 T_CBO        1.00000e+02  1.00000e+00    0.00000e+00  1.00000e+03
    21 alpha_A0     0.00000e+00  1.00000e-04   -1.00000e-02  1.00000e-02
    22 beta_A0      0.00000e+00  1.00000e-04   -1.00000e-02  1.00000e-02
    23 alpha_phi    0.00000e+00  1.00000e-04   -1.00000e-02  1.00000e-02
    24 beta_phi     0.00000e+00  1.00000e-04   -1.00000e-02  1.00000e-02
MINUIT - FIT ONLY WIGGLE
 **********
 **    3 **FIX            5
 **********
 PARAMETER    5  IS CONSTANT.   IGNORED.
 **********
 **    4 **FIX            6
 **********
 **********
 **    5 **FIX            7
 **********
 PARAMETER    7  IS CONSTANT.   IGNORED.
 **********
 **    6 **FIX            8
 **********
 **********
 **    7 **FIX            9
 **********
 **********
 **    8 **FIX           10
 **********
 **********
 **    9 **FIX           11
 **********
 **********
 **   10 **FIX           12
 **********
 PARAMETER   12  IS CONSTANT.   IGNORED.
 **********
 **   11 **FIX           13
 **********
 **********
 **   12 **FIX           14
 **********
 **********
 **   13 **FIX           15
 **********
 PARAMETER   15  IS CONSTANT.   IGNORED.
 **********
 **   14 **FIX           16
 **********
 **********
 **   15 **MIGRAD
 **********
 FIRST CALL TO USER FUNCTION AT NEW START POINT, WITH IFLAG=4.
 START MIGRAD MINIMIZATION.  STRATEGY  1.  CONVERGENCE WHEN EDM .LT. 1.00e-04
 FCN=293.931 FROM MIGRAD    STATUS=INITIATE      437 CALLS         438 TOTAL
                     EDM= unknown      STRATEGY= 1      NO ERROR MATRIX       
  EXT PARAMETER               CURRENT GUESS       STEP         FIRST   
  NO.   NAME      VALUE            ERROR          SIZE      DERIVATIVE 
   1  N0           3.21058e+06   1.00000e+02   0.00000e+00   2.28478e-03
   2  tau          6.44090e+01   constant   
   3  A0           3.64384e-01   1.00000e-04   0.00000e+00   2.31530e+04
   4  phi          4.11815e+00   1.00000e-02   0.00000e+00   6.96341e+03
   5  R           -6.00655e+01   constant   
   6  alpha_CBO    0.00000e+00     fixed    
   7  w_CBO        2.32500e+00   constant   
   8  beta_CBO     0.00000e+00     fixed    
   9  alpha_2CBO   0.00000e+00     fixed    
  10  beta_2CBO    0.00000e+00     fixed    
  11  alpha_y      0.00000e+00     fixed    
  12  w_y          1.38860e+01   constant   
  13  beta_y       0.00000e+00     fixed    
  14  alpha_vw     0.00000e+00     fixed    
  15  w_vw         1.43404e+01   constant   
  16  beta_vw      0.00000e+00     fixed    
  17  LM           2.36781e-04   constant   
  18  zeta_y       0.00000e+00   constant   
  19  zeta_vw      0.00000e+00   constant   
  20  T_CBO        1.00000e+02   1.00000e+00   0.00000e+00   0.00000e+00
  21  alpha_A0     0.00000e+00   1.00000e-04   0.00000e+00   3.92988e+00
  22  beta_A0      0.00000e+00   1.00000e-04   0.00000e+00  -4.66940e+00
  23  alpha_phi    0.00000e+00   1.00000e-04   0.00000e+00   3.49187e+00
  24  beta_phi     0.00000e+00   1.00000e-04   0.00000e+00   1.51925e+01
 MIGRAD MINIMIZATION HAS CONVERGED.
 MIGRAD WILL VERIFY CONVERGENCE AND ERROR MATRIX.
 FCN=276.565 FROM HESSE     STATUS=NOT POSDEF     65 CALLS         616 TOTAL
                     EDM=0.000700863    STRATEGY= 1      ERR MATRIX NOT POS-DEF
  EXT PARAMETER                APPROXIMATE        STEP         FIRST   
  NO.   NAME      VALUE            ERROR          SIZE      DERIVATIVE 
   1  N0           3.21024e+06   4.93242e+02   3.75992e+00   2.08330e-07
   2  tau          6.44090e+01   constant   
   3  A0           3.64048e-01   1.99543e-04   1.57608e-06   6.42388e-01
   4  phi          4.11716e+00   5.44362e-04   4.34323e-06  -2.16157e+00
   5  R           -6.00655e+01   constant   
   6  alpha_CBO    0.00000e+00     fixed    
   7  w_CBO        2.32500e+00   constant   
   8  beta_CBO     0.00000e+00     fixed    
   9  alpha_2CBO   0.00000e+00     fixed    
  10  beta_2CBO    0.00000e+00     fixed    
  11  alpha_y      0.00000e+00     fixed    
  12  w_y          1.38860e+01   constant   
  13  beta_y       0.00000e+00     fixed    
  14  alpha_vw     0.00000e+00     fixed    
  15  w_vw         1.43404e+01   constant   
  16  beta_vw      0.00000e+00     fixed    
  17  LM           2.36781e-04   constant   
  18  zeta_y       0.00000e+00   constant   
  19  zeta_vw      0.00000e+00   constant   
  20  T_CBO        1.08506e+02   5.20462e+02   6.37711e-04   1.37646e-03
  21  alpha_A0    -2.16267e-03   1.38818e-02   2.84816e-03  -2.54635e-04
  22  beta_A0      2.71813e-03   1.59711e-02   2.73628e-03   2.61210e-04
  23  alpha_phi   -2.78398e-03   1.34936e-02   2.72935e-03   3.86315e-03
  24  beta_phi    -9.16883e-03   1.34956e-02   6.90702e-03   3.98893e-03
 MIGRAD MINIMIZATION HAS CONVERGED.
 MIGRAD WILL VERIFY CONVERGENCE AND ERROR MATRIX.
 MIGRAD TERMINATED WITHOUT CONVERGENCE.
 FCN=276.564 FROM MIGRAD    STATUS=FAILED        892 CALLS         893 TOTAL
                     EDM=0.000970455    STRATEGY= 1      ERR MATRIX NOT POS-DEF
  EXT PARAMETER                APPROXIMATE        STEP         FIRST   
  NO.   NAME      VALUE            ERROR          SIZE      DERIVATIVE 
   1  N0           3.21024e+06   5.94714e+02   3.75992e+00  -3.81265e-07
   2  tau          6.44090e+01   constant   
   3  A0           3.64048e-01   2.50171e-04   1.57608e-06  -7.06627e-01
   4  phi          4.11716e+00   4.83973e-04   4.34322e-06   4.81172e+00
   5  R           -6.00655e+01   constant   
   6  alpha_CBO    0.00000e+00     fixed    
   7  w_CBO        2.32500e+00   constant   
   8  beta_CBO     0.00000e+00     fixed    
   9  alpha_2CBO   0.00000e+00     fixed    
  10  beta_2CBO    0.00000e+00     fixed    
  11  alpha_y      0.00000e+00     fixed    
  12  w_y          1.38860e+01   constant   
  13  beta_y       0.00000e+00     fixed    
  14  alpha_vw     0.00000e+00     fixed    
  15  w_vw         1.43404e+01   constant   
  16  beta_vw      0.00000e+00     fixed    
  17  LM           2.36781e-04   constant   
  18  zeta_y       0.00000e+00   constant   
  19  zeta_vw      0.00000e+00   constant   
  20  T_CBO        1.02532e+02   5.34802e+02   5.83613e-04   3.43163e-02
  21  alpha_A0    -2.36239e-03   7.29697e-03   3.11828e-03   9.64737e-03
  22  beta_A0      2.95662e-03   1.51690e-02   3.00682e-03  -9.88316e-04
  23  alpha_phi   -3.03918e-03   1.34676e-02   2.99839e-03  -5.28206e-04
  24  beta_phi    -9.99885e-03   1.81179e-02   6.06850e-02   9.70872e-06
 EXTERNAL ERROR MATRIX.    NDIM=  25    NPAR=  8    ERR DEF=1
  3.537e+05 -7.215e-02 -5.483e-02  1.260e+05  2.873e+00 -4.317e+00  4.897e+00  9.190e+00 
 -7.215e-02  6.259e-08  1.200e-08 -5.432e-02 -1.278e-06  1.816e-06 -2.206e-06 -3.968e-06 
 -5.483e-02  1.200e-08  2.342e-07 -1.897e-02 -4.033e-07  6.622e-07 -6.491e-07 -1.381e-06 
  1.260e+05 -5.432e-02 -1.897e-02  9.514e+04  2.325e+00 -3.186e+00  3.795e+00  6.839e+00 
  2.873e+00 -1.278e-06 -4.033e-07  2.325e+00  6.814e-05 -7.787e-05  9.267e-05  1.666e-04 
 -4.317e+00  1.816e-06  6.622e-07 -3.186e+00 -7.787e-05  1.166e-04 -1.274e-04 -2.289e-04 
  4.897e+00 -2.206e-06 -6.491e-07  3.795e+00  9.267e-05 -1.274e-04  1.614e-04  2.732e-04 
  9.190e+00 -3.968e-06 -1.381e-06  6.839e+00  1.666e-04 -2.289e-04  2.732e-04  4.940e-04 
ERR MATRIX NOT POS-DEF
 PARAMETER  CORRELATION COEFFICIENTS  
       NO.  GLOBAL      1      3      4     20     21     22     23     24
        1  0.72154   1.000 -0.485 -0.190  0.687  0.585 -0.672  0.648  0.695
        3  0.72596  -0.485  1.000  0.099 -0.704 -0.619  0.672 -0.694 -0.714
        4  0.20070  -0.190  0.099  1.000 -0.127 -0.101  0.127 -0.106 -0.128
       20  0.99804   0.687 -0.704 -0.127  1.000  0.913 -0.956  0.968  0.998
       21  0.91619   0.585 -0.619 -0.101  0.913  1.000 -0.874  0.884  0.908
       22  0.95691  -0.672  0.672  0.127 -0.956 -0.874  1.000 -0.929 -0.954
       23  0.96940   0.648 -0.694 -0.106  0.968  0.884 -0.929  1.000  0.968
       24  0.99789   0.695 -0.714 -0.128  0.998  0.908 -0.954  0.968  1.000
 ERR MATRIX NOT POS-DEF
MINUIT - FIT ONLY 1-CBO + wiggle
 **********
 **   16 **RES 
 **********
                   PARAMETER   16  beta_vw RESTORED TO VARIABLE.
                   PARAMETER   14  alpha_vw RESTORED TO VARIABLE.
                   PARAMETER   13  beta_y RESTORED TO VARIABLE.
                   PARAMETER   11  alpha_y RESTORED TO VARIABLE.
                   PARAMETER   10  beta_2CBO RESTORED TO VARIABLE.
                   PARAMETER    9  alpha_2CBO RESTORED TO VARIABLE.
                   PARAMETER    8  beta_CBO RESTORED TO VARIABLE.
                   PARAMETER    6  alpha_CBO RESTORED TO VARIABLE.
 **********
 **   17 **FIX            8
 **********
 **********
 **   18 **FIX            9
 **********
 **********
 **   19 **FIX           11
 **********
 **********
 **   20 **FIX           12
 **********
 PARAMETER   12  IS CONSTANT.   IGNORED.
 **********
 **   21 **FIX           14
 **********
 **********
 **   22 **FIX           15
 **********
 PARAMETER   15  IS CONSTANT.   IGNORED.
 **********
 **   23 **FIX           16
 **********
 **********
 **   24 **MIGRAD
 **********
 START MIGRAD MINIMIZATION.  STRATEGY  1.  CONVERGENCE WHEN EDM .LT. 1.00e-04
 FCN=276.564 FROM MIGRAD    STATUS=INITIATE       28 CALLS         921 TOTAL
                     EDM= unknown      STRATEGY= 1      NO ERROR MATRIX       
  EXT PARAMETER               CURRENT GUESS       STEP         FIRST   
  NO.   NAME      VALUE            ERROR          SIZE      DERIVATIVE 
   1  N0           3.21024e+06   5.94714e+02   3.75992e+00  -3.81265e-07
   2  tau          6.44090e+01   constant   
   3  A0           3.64048e-01   2.50171e-04   1.57608e-06  -7.06629e-01
   4  phi          4.11716e+00   4.83973e-04   4.34322e-06   4.81172e+00
   5  R           -6.00655e+01   constant   
   6  alpha_CBO    0.00000e+00   1.00000e-03   1.00000e-03   1.15699e+05
   7  w_CBO        2.32500e+00   constant   
   8  beta_CBO     0.00000e+00     fixed    
   9  alpha_2CBO   0.00000e+00     fixed    
  10  beta_2CBO    0.00000e+00   1.00000e-03   1.00000e-03  -3.82381e+02
  11  alpha_y      0.00000e+00     fixed    
  12  w_y          1.38860e+01   constant   
  13  beta_y       0.00000e+00   1.00000e-03   1.00000e-03   6.23777e+03
  14  alpha_vw     0.00000e+00     fixed    
  15  w_vw         1.43404e+01   constant   
  16  beta_vw      0.00000e+00     fixed    
  17  LM           2.36781e-04   constant   
  18  zeta_y       0.00000e+00   constant   
  19  zeta_vw      0.00000e+00   constant   
  20  T_CBO        1.02532e+02   5.34802e+02   5.83613e-04   3.43177e-02
  21  alpha_A0    -2.36239e-03   7.29697e-03   3.11828e-03   9.66271e-03
  22  beta_A0      2.95662e-03   1.51690e-02   3.00682e-03  -1.00794e-03
  23  alpha_phi   -3.03918e-03   1.34676e-02   2.99839e-03  -5.07938e-04
  24  beta_phi    -9.99885e-03   1.81179e-02   6.06850e-02   7.40842e-05
 MIGRAD MINIMIZATION HAS CONVERGED.
 FCN=119.75 FROM MIGRAD    STATUS=CONVERGED     256 CALLS        1149 TOTAL
                     EDM=7.94749e-07    STRATEGY= 1  ERROR MATRIX UNCERTAINTY   1.3 per cent
  EXT PARAMETER                                   STEP         FIRST   
  NO.   NAME      VALUE            ERROR          SIZE      DERIVATIVE 
   1  N0           3.21063e+06   4.73096e+02  -4.55611e-01   2.01975e-06
   2  tau          6.44090e+01   constant   
   3  A0           3.64489e-01   2.02622e-04   2.14255e-07   2.05877e+00
   4  phi          4.11813e+00   5.52511e-04   1.74581e-06  -1.98638e-01
   5  R           -6.00655e+01   constant   
   6  alpha_CBO   -2.70479e-03   2.16560e-04  -1.30196e-07   7.30293e-01
   7  w_CBO        2.32500e+00   constant   
   8  beta_CBO     0.00000e+00     fixed    
   9  alpha_2CBO   0.00000e+00     fixed    
  10  beta_2CBO    3.47804e-05   2.12471e-04  -1.92908e-07   1.06843e+00
  11  alpha_y      0.00000e+00     fixed    
  12  w_y          1.38860e+01   constant   
  13  beta_y      -1.00256e-04   2.02727e-04   3.35894e-07   2.01173e-01
  14  alpha_vw     0.00000e+00     fixed    
  15  w_vw         1.43404e+01   constant   
  16  beta_vw      0.00000e+00     fixed    
  17  LM           2.36781e-04   constant   
  18  zeta_y       0.00000e+00   constant   
  19  zeta_vw      0.00000e+00   constant   
  20  T_CBO        1.15506e+02   2.77735e+01  -4.26249e-05   8.79812e-05
  21  alpha_A0     5.06668e-03   3.46608e-03  -1.36200e-04  -2.27938e-03
  22  beta_A0      1.03206e-03   3.05700e-03  -1.39735e-04   8.78342e-05
  23  alpha_phi   -6.67366e-03   3.82360e-03   3.40747e-04   4.20964e-05
  24  beta_phi    -9.99806e-03   3.17823e-03  -6.55338e-04   1.32024e-03
 EXTERNAL ERROR MATRIX.    NDIM=  25    NPAR= 11    ERR DEF=1
  2.238e+05 
 -2.632e-03  4.106e-08 
 -3.804e-02  6.412e-09  3.053e-07 
 -4.879e-03 -7.601e-09 -1.799e-08  4.690e-08 
 -2.765e-03 -1.016e-09  6.932e-09 -3.740e-11  4.514e-08 
 -3.746e-03  3.476e-10  1.558e-09 -8.312e-10 -1.527e-10  4.110e-08 
 -2.619e+03  1.257e-03  5.705e-04 -2.380e-04  5.196e-04  8.698e-05  7.733e+02 
  6.844e-02  3.403e-08  1.182e-07 -1.328e-07 -8.735e-08  3.752e-08 -3.607e-02  1.272e-05 
 -4.303e-02 -1.679e-08 -3.528e-08  3.038e-08 -8.805e-08 -2.245e-10 -1.135e-02 -5.222e-08  9.655e-06 
 -3.458e-01  4.339e-08  1.049e-07  6.736e-08  1.399e-07 -2.993e-09  6.295e-02 -4.038e-06 -9.416e-07  1.612e-05 
  1.258e-02 -3.846e-09 -8.912e-09  1.001e-09 -1.444e-09 -1.958e-09 -7.903e-05  1.642e-08  1.912e-08 -8.423e-08  2.604e-08 
 PARAMETER  CORRELATION COEFFICIENTS  
       NO.  GLOBAL      1      3      4      6     10     13     20     21     22     23     24
        1  0.31183   1.000 -0.027 -0.146 -0.048 -0.028 -0.039 -0.199  0.041 -0.029 -0.182  0.165
        3  0.33039  -0.027  1.000  0.057 -0.173 -0.024  0.008  0.223  0.047 -0.027  0.053 -0.118
        4  0.23941  -0.146  0.057  1.000 -0.150  0.059  0.014  0.037  0.060 -0.021  0.047 -0.100
        6  0.30702  -0.048 -0.173 -0.150  1.000 -0.001 -0.019 -0.040 -0.172  0.045  0.077  0.029
       10  0.23065  -0.028 -0.024  0.059 -0.001  1.000 -0.004  0.088 -0.115 -0.133  0.164 -0.042
       13  0.09478  -0.039  0.008  0.014 -0.019 -0.004  1.000  0.015  0.052 -0.000 -0.004 -0.060
       20  0.66562  -0.199  0.223  0.037 -0.040  0.088  0.015  1.000 -0.364 -0.131  0.564 -0.018
       21  0.44569   0.041  0.047  0.060 -0.172 -0.115  0.052 -0.364  1.000 -0.005 -0.282  0.029
       22  0.20765  -0.029 -0.027 -0.021  0.045 -0.133 -0.000 -0.131 -0.005  1.000 -0.075  0.038
       23  0.60353  -0.182  0.053  0.047  0.077  0.164 -0.004  0.564 -0.282 -0.075  1.000 -0.130
       24  0.27274   0.165 -0.118 -0.100  0.029 -0.042 -0.060 -0.018  0.029  0.038 -0.130  1.000
MINUIT - FIT ONLY 2-CBO
 **********
 **   25 **RES 
 **********
                   PARAMETER   16  beta_vw RESTORED TO VARIABLE.
                   PARAMETER   14  alpha_vw RESTORED TO VARIABLE.
                   PARAMETER   11  alpha_y RESTORED TO VARIABLE.
                   PARAMETER    9  alpha_2CBO RESTORED TO VARIABLE.
                   PARAMETER    8  beta_CBO RESTORED TO VARIABLE.
 **********
 **   26 **FIX            0
 **********
 PARAMETER    0  IS UNDEFINED. IGNORED.
 **********
 **   27 **FIX            1
 **********
 **********
 **   28 **FIX            2
 **********
 PARAMETER    2  IS CONSTANT.   IGNORED.
 **********
 **   29 **FIX            3
 **********
 **********
 **   30 **FIX            4
 **********
 **********
 **   31 **FIX            5
 **********
 PARAMETER    5  IS CONSTANT.   IGNORED.
 **********
 **   32 **FIX            6
 **********
 **********
 **   33 **FIX            7
 **********
 PARAMETER    7  IS CONSTANT.   IGNORED.
 **********
 **   34 **FIX           10
 **********
 **********
 **   35 **FIX           11
 **********
 **********
 **   36 **FIX           12
 **********
 PARAMETER   12  IS CONSTANT.   IGNORED.
 **********
 **   37 **FIX           13
 **********
 **********
 **   38 **FIX           14
 **********
 **********
 **   39 **FIX           15
 **********
 PARAMETER   15  IS CONSTANT.   IGNORED.
 **********
 **   40 **FIX           16
 **********
 **********
 **   41 **MIGRAD
 **********
 START MIGRAD MINIMIZATION.  STRATEGY  1.  CONVERGENCE WHEN EDM .LT. 1.00e-04
 FCN=119.75 FROM MIGRAD    STATUS=INITIATE       18 CALLS        1167 TOTAL
                     EDM= unknown      STRATEGY= 1      NO ERROR MATRIX       
  EXT PARAMETER               CURRENT GUESS       STEP         FIRST   
  NO.   NAME      VALUE            ERROR          SIZE      DERIVATIVE 
   1  N0           3.21063e+06     fixed    
   2  tau          6.44090e+01   constant   
   3  A0           3.64489e-01     fixed    
   4  phi          4.11813e+00     fixed    
   5  R           -6.00655e+01   constant   
   6  alpha_CBO   -2.70479e-03     fixed    
   7  w_CBO        2.32500e+00   constant   
   8  beta_CBO     0.00000e+00   1.00000e-03   1.00000e-03  -7.96840e+04
   9  alpha_2CBO   0.00000e+00   1.00000e-03   1.00000e-03   1.11151e+04
  10  beta_2CBO    3.47804e-05     fixed    
  11  alpha_y      0.00000e+00     fixed    
  12  w_y          1.38860e+01   constant   
  13  beta_y      -1.00256e-04     fixed    
  14  alpha_vw     0.00000e+00     fixed    
  15  w_vw         1.43404e+01   constant   
  16  beta_vw      0.00000e+00     fixed    
  17  LM           2.36781e-04   constant   
  18  zeta_y       0.00000e+00   constant   
  19  zeta_vw      0.00000e+00   constant   
  20  T_CBO        1.15506e+02   2.77735e+01  -4.26249e-05   8.82531e-05
  21  alpha_A0     5.06668e-03   3.46608e-03  -1.36200e-04  -2.27937e-03
  22  beta_A0      1.03206e-03   3.05700e-03  -1.39735e-04   8.78522e-05
  23  alpha_phi   -6.67366e-03   3.82360e-03   3.40747e-04   4.20798e-05
  24  beta_phi    -9.99806e-03   3.17823e-03  -6.55338e-04   1.30962e-03
 MIGRAD MINIMIZATION HAS CONVERGED.
 MIGRAD WILL VERIFY CONVERGENCE AND ERROR MATRIX.
 COVARIANCE MATRIX CALCULATED SUCCESSFULLY
 FCN=50.2261 FROM MIGRAD    STATUS=CONVERGED    1054 CALLS        2203 TOTAL
                     EDM=1.35164e-06    STRATEGY= 1      ERROR MATRIX ACCURATE 
  EXT PARAMETER                                   STEP         FIRST   
  NO.   NAME      VALUE            ERROR          SIZE      DERIVATIVE 
   1  N0           3.21063e+06     fixed    
   2  tau          6.44090e+01   constant   
   3  A0           3.64489e-01     fixed    
   4  phi          4.11813e+00     fixed    
   5  R           -6.00655e+01   constant   
   6  alpha_CBO   -2.70479e-03     fixed    
   7  w_CBO        2.32500e+00   constant   
   8  beta_CBO     1.69923e-03   2.05676e-04   7.06863e-07   1.77658e+00
   9  alpha_2CBO  -3.24761e-04   2.07307e-04   7.08200e-07   2.05967e+00
  10  beta_2CBO    3.47804e-05     fixed    
  11  alpha_y      0.00000e+00     fixed    
  12  w_y          1.38860e+01   constant   
  13  beta_y      -1.00256e-04     fixed    
  14  alpha_vw     0.00000e+00     fixed    
  15  w_vw         1.43404e+01   constant   
  16  beta_vw      0.00000e+00     fixed    
  17  LM           2.36781e-04   constant   
  18  zeta_y       0.00000e+00   constant   
  19  zeta_vw      0.00000e+00   constant   
  20  T_CBO        9.99976e+02   5.65722e+02   6.49936e-02  -5.87536e-05
  21  alpha_A0     1.91923e-03   9.19422e-04   3.24517e-04   1.52493e-03
  22  beta_A0     -1.00105e-03   8.77915e-04   3.02497e-04   8.16892e-03
  23  alpha_phi   -1.74996e-03   8.68738e-04   3.04404e-04   4.90620e-04
  24  beta_phi    -2.55491e-03   9.28702e-04   3.28795e-04   8.38559e-03
 EXTERNAL ERROR MATRIX.    NDIM=  25    NPAR=  7    ERR DEF=1
  4.230e-08 -2.108e-09 -3.910e-06  7.556e-09 -3.090e-08  1.544e-09  5.722e-09 
 -2.108e-09  4.298e-08  2.614e-06 -1.811e-08  1.268e-08 -1.922e-08 -2.720e-08 
 -3.910e-06  2.614e-06  7.926e+03  5.573e-03 -2.946e-03 -5.187e-03 -7.446e-03 
  7.556e-09 -1.811e-08  5.573e-03  8.478e-07 -1.797e-08 -5.816e-09 -5.628e-08 
 -3.090e-08  1.268e-08 -2.946e-03 -1.797e-08  7.727e-07 -5.044e-08  2.448e-08 
  1.544e-09 -1.922e-08 -5.187e-03 -5.816e-09 -5.044e-08  7.567e-07  8.839e-08 
  5.722e-09 -2.720e-08 -7.446e-03 -5.628e-08  2.448e-08  8.839e-08  8.652e-07 
 PARAMETER  CORRELATION COEFFICIENTS  
       NO.  GLOBAL      8      9     20     21     22     23     24
        8  0.18138   1.000 -0.049 -0.000  0.040 -0.171  0.009  0.030
        9  0.21084  -0.049  1.000  0.000 -0.095  0.070 -0.107 -0.141
       20  0.12968  -0.000  0.000  1.000  0.068 -0.038 -0.067 -0.090
       21  0.14329   0.040 -0.095  0.068  1.000 -0.022 -0.007 -0.066
       22  0.20070  -0.171  0.070 -0.038 -0.022  1.000 -0.066  0.030
       23  0.16780   0.009 -0.107 -0.067 -0.007 -0.066  1.000  0.109
       24  0.20944   0.030 -0.141 -0.090 -0.066  0.030  0.109  1.000
MINUIT - FIT wiggle + 1-CBO + 2-CBO
 **********
 **   42 **RES 
 **********
                   PARAMETER   16  beta_vw RESTORED TO VARIABLE.
                   PARAMETER   14  alpha_vw RESTORED TO VARIABLE.
                   PARAMETER   13  beta_y RESTORED TO VARIABLE.
                   PARAMETER   11  alpha_y RESTORED TO VARIABLE.
                   PARAMETER   10  beta_2CBO RESTORED TO VARIABLE.
                   PARAMETER    6  alpha_CBO RESTORED TO VARIABLE.
                   PARAMETER    4  phi RESTORED TO VARIABLE.
                   PARAMETER    3  A0 RESTORED TO VARIABLE.
                   PARAMETER    1  N0 RESTORED TO VARIABLE.
 **********
 **   43 **FIX           10
 **********
 **********
 **   44 **FIX           11
 **********
 **********
 **   45 **FIX           12
 **********
 PARAMETER   12  IS CONSTANT.   IGNORED.
 **********
 **   46 **FIX           13
 **********
 **********
 **   47 **FIX           14
 **********
 **********
 **   48 **FIX           15
 **********
 PARAMETER   15  IS CONSTANT.   IGNORED.
 **********
 **   49 **FIX           16
 **********
 **********
 **   50 **MIGRAD
 **********
 START MIGRAD MINIMIZATION.  STRATEGY  1.  CONVERGENCE WHEN EDM .LT. 1.00e-04
 FCN=50.2261 FROM MIGRAD    STATUS=INITIATE       22 CALLS        2225 TOTAL
                     EDM= unknown      STRATEGY= 1      NO ERROR MATRIX       
  EXT PARAMETER               CURRENT GUESS       STEP         FIRST   
  NO.   NAME      VALUE            ERROR          SIZE      DERIVATIVE 
   1  N0           3.21063e+06   4.73096e+02   4.73096e+02  -5.57804e-04
   2  tau          6.44090e+01   constant   
   3  A0           3.64489e-01   2.02622e-04   2.02622e-04  -1.52239e+04
   4  phi          4.11813e+00   5.52511e-04   5.52511e-04   3.21564e+03
   5  R           -6.00655e+01   constant   
   6  alpha_CBO   -2.70479e-03   2.16560e-04   2.16560e-04  -2.85037e+03
   7  w_CBO        2.32500e+00   constant   
   8  beta_CBO     1.69923e-03   2.05676e-04   7.06863e-07   1.77657e+00
   9  alpha_2CBO  -3.24761e-04   2.07307e-04   7.08200e-07   2.05967e+00
  10  beta_2CBO    3.47804e-05     fixed    
  11  alpha_y      0.00000e+00     fixed    
  12  w_y          1.38860e+01   constant   
  13  beta_y      -1.00256e-04     fixed    
  14  alpha_vw     0.00000e+00     fixed    
  15  w_vw         1.43404e+01   constant   
  16  beta_vw      0.00000e+00     fixed    
  17  LM           2.36781e-04   constant   
  18  zeta_y       0.00000e+00   constant   
  19  zeta_vw      0.00000e+00   constant   
  20  T_CBO        9.99976e+02   5.65722e+02   6.49936e-02  -5.94384e-05
  21  alpha_A0     1.91923e-03   9.19422e-04   3.24517e-04   1.52274e-03
  22  beta_A0     -1.00105e-03   8.77915e-04   3.02497e-04   8.16998e-03
  23  alpha_phi   -1.74996e-03   8.68738e-04   3.04404e-04   4.92710e-04
  24  beta_phi    -2.55491e-03   9.28702e-04   3.28795e-04   8.38869e-03
 MIGRAD MINIMIZATION HAS CONVERGED.
 MIGRAD WILL VERIFY CONVERGENCE AND ERROR MATRIX.
 COVARIANCE MATRIX CALCULATED SUCCESSFULLY
 FCN=46.9056 FROM MIGRAD    STATUS=CONVERGED     244 CALLS        2447 TOTAL
                     EDM=5.27725e-06    STRATEGY= 1      ERROR MATRIX ACCURATE 
  EXT PARAMETER                                   STEP         FIRST   
  NO.   NAME      VALUE            ERROR          SIZE      DERIVATIVE 
   1  N0           3.21080e+06   1.41241e+00   1.56230e+00   1.23632e-06
   2  tau          6.44090e+01   constant   
   3  A0           3.64804e-01   2.07687e-04   6.54722e-07  -4.73535e-01
   4  phi          4.11762e+00   5.44296e-04   1.96343e-06  -1.48947e+00
   5  R           -6.00655e+01   constant   
   6  alpha_CBO   -2.67160e-03   2.16200e-04   6.97063e-07  -8.87888e+00
   7  w_CBO        2.32500e+00   constant   
   8  beta_CBO     1.78710e-03   2.11015e-04   6.83549e-07   2.36578e+00
   9  alpha_2CBO  -3.04438e-04   2.08254e-04   6.84848e-07  -4.57498e+00
  10  beta_2CBO    3.47804e-05     fixed    
  11  alpha_y      0.00000e+00     fixed    
  12  w_y          1.38860e+01   constant   
  13  beta_y      -1.00256e-04     fixed    
  14  alpha_vw     0.00000e+00     fixed    
  15  w_vw         1.43404e+01   constant   
  16  beta_vw      0.00000e+00     fixed    
  17  LM           2.36781e-04   constant   
  18  zeta_y       0.00000e+00   constant   
  19  zeta_vw      0.00000e+00   constant   
  20  T_CBO        9.99998e+02   7.11737e+02   9.54905e-02   8.01009e-06
  21  alpha_A0     1.94453e-03   9.34515e-04   3.13801e-04  -1.95570e-02
  22  beta_A0     -1.09288e-03   8.76196e-04   2.92645e-04   5.17807e-03
  23  alpha_phi   -1.94904e-03   8.74909e-04   2.95186e-04   5.52470e-04
  24  beta_phi    -2.83268e-03   9.50900e-04   3.20187e-04   1.67276e-02
 EXTERNAL ERROR MATRIX.    NDIM=  25    NPAR= 11    ERR DEF=1
  1.995e+00 
  2.953e-08  4.313e-08 
 -4.007e-07  2.983e-09  2.963e-07 
 -5.397e-08 -7.713e-09 -1.866e-08  4.674e-08 
  3.847e-08  8.388e-09 -1.244e-08  5.254e-10  4.453e-08 
  2.164e-08  3.483e-09  2.344e-09 -2.926e-09 -1.580e-09  4.337e-08 
  7.356e-07 -5.925e-09 -2.956e-07  2.083e-09 -3.606e-09  3.413e-09  3.336e+00 
 -6.226e-07  2.347e-08  3.046e-08 -3.638e-08  9.980e-09 -1.446e-08  1.809e-05  8.760e-07 
 -3.577e-07 -7.926e-09  5.253e-09  5.110e-09 -3.240e-08  1.180e-08 -1.025e-05 -2.253e-08  7.697e-07 
 -4.846e-07 -1.983e-08  2.210e-08  2.038e-08 -2.854e-09 -2.143e-08 -1.840e-05 -2.303e-08 -4.605e-08  7.675e-07 
  7.310e-07 -4.830e-08 -7.358e-09  1.262e-08 -3.494e-09 -3.116e-08 -2.636e-05 -7.993e-08  3.127e-08  1.062e-07  9.072e-07 
 PARAMETER  CORRELATION COEFFICIENTS  
       NO.  GLOBAL      1      3      4      6      8      9     20     21     22     23     24
        1  0.00109   1.000  0.000 -0.001 -0.000  0.000  0.000  0.000 -0.000 -0.000 -0.000  0.001
        3  0.36042   0.000  1.000  0.026 -0.172  0.191  0.081 -0.000  0.121 -0.044 -0.109 -0.244
        4  0.20629  -0.001  0.026  1.000 -0.159 -0.108  0.021 -0.000  0.060  0.011  0.046 -0.014
        6  0.29977  -0.000 -0.172 -0.159  1.000  0.012 -0.065  0.000 -0.180  0.027  0.108  0.061
        8  0.28509   0.000  0.191 -0.108  0.012  1.000 -0.036 -0.000  0.051 -0.175 -0.015 -0.017
        9  0.23057   0.000  0.081  0.021 -0.065 -0.036  1.000  0.000 -0.074  0.065 -0.117 -0.157
       20  0.02217   0.000 -0.000 -0.000  0.000 -0.000  0.000  1.000  0.011 -0.006 -0.011 -0.015
       21  0.23879  -0.000  0.121  0.060 -0.180  0.051 -0.074  0.011  1.000 -0.027 -0.028 -0.090
       22  0.20289  -0.000 -0.044  0.011  0.027 -0.175  0.065 -0.006 -0.027  1.000 -0.060  0.037
       23  0.21751  -0.000 -0.109  0.046  0.108 -0.015 -0.117 -0.011 -0.028 -0.060  1.000  0.127
       24  0.30659   0.001 -0.244 -0.014  0.061 -0.017 -0.157 -0.015 -0.090  0.037  0.127  1.000
MINUIT - FIT ONLY 1-y
 **********
 **   51 **RES 
 **********
                   PARAMETER   16  beta_vw RESTORED TO VARIABLE.
                   PARAMETER   14  alpha_vw RESTORED TO VARIABLE.
                   PARAMETER   13  beta_y RESTORED TO VARIABLE.
                   PARAMETER   11  alpha_y RESTORED TO VARIABLE.
                   PARAMETER   10  beta_2CBO RESTORED TO VARIABLE.
 **********
 **   52 **FIX            0
 **********
 PARAMETER    0  IS UNDEFINED. IGNORED.
 **********
 **   53 **FIX            1
 **********
 **********
 **   54 **FIX            2
 **********
 PARAMETER    2  IS CONSTANT.   IGNORED.
 **********
 **   55 **FIX            3
 **********
 **********
 **   56 **FIX            4
 **********
 **********
 **   57 **FIX            5
 **********
 PARAMETER    5  IS CONSTANT.   IGNORED.
 **********
 **   58 **FIX            6
 **********
 **********
 **   59 **FIX            7
 **********
 PARAMETER    7  IS CONSTANT.   IGNORED.
 **********
 **   60 **FIX            8
 **********
 **********
 **   61 **FIX            9
 **********
 **********
 **   62 **FIX           13
 **********
 **********
 **   63 **FIX           14
 **********
 **********
 **   64 **FIX           15
 **********
 PARAMETER   15  IS CONSTANT.   IGNORED.
 **********
 **   65 **FIX           16
 **********
 **********
 **   66 **MIGRAD
 **********
 START MIGRAD MINIMIZATION.  STRATEGY  1.  CONVERGENCE WHEN EDM .LT. 1.00e-04
 FCN=46.9056 FROM MIGRAD    STATUS=INITIATE       41 CALLS        2488 TOTAL
                     EDM= unknown      STRATEGY= 1      NO ERROR MATRIX       
  EXT PARAMETER               CURRENT GUESS       STEP         FIRST   
  NO.   NAME      VALUE            ERROR          SIZE      DERIVATIVE 
   1  N0           3.21080e+06     fixed    
   2  tau          6.44090e+01   constant   
   3  A0           3.64804e-01     fixed    
   4  phi          4.11762e+00     fixed    
   5  R           -6.00655e+01   constant   
   6  alpha_CBO   -2.67160e-03     fixed    
   7  w_CBO        2.32500e+00   constant   
   8  beta_CBO     1.78710e-03     fixed    
   9  alpha_2CBO  -3.04438e-04     fixed    
  10  beta_2CBO    3.47804e-05   2.12471e-04   0.00000e+00   5.96482e+03
  11  alpha_y      0.00000e+00   1.00000e-03   0.00000e+00   2.90591e+03
  12  w_y          1.38860e+01   constant   
  13  beta_y      -1.00256e-04     fixed    
  14  alpha_vw     0.00000e+00     fixed    
  15  w_vw         1.43404e+01   constant   
  16  beta_vw      0.00000e+00     fixed    
  17  LM           2.36781e-04   constant   
  18  zeta_y       0.00000e+00   constant   
  19  zeta_vw      0.00000e+00   constant   
  20  T_CBO        9.93725e+02   7.11737e+02  -1.56009e-01  -6.01420e-05
  21  alpha_A0     1.94453e-03   9.34515e-04   0.00000e+00  -6.04662e-02
  22  beta_A0     -1.09288e-03   8.76196e-04   0.00000e+00   3.49419e-02
  23  alpha_phi   -1.94904e-03   8.74909e-04   0.00000e+00   4.88513e-02
  24  beta_phi    -2.83268e-03   9.50900e-04   0.00000e+00   7.40345e-02
 CALL LIMIT EXCEEDED IN MIGRAD.
 MIGRAD TERMINATED WITHOUT CONVERGENCE.
 FCN=46.3825 FROM MIGRAD    STATUS=CALL LIMIT   1149 CALLS        3596 TOTAL
                     EDM=0.000188131    STRATEGY= 1  ERROR MATRIX UNCERTAINTY  14.8 per cent
  EXT PARAMETER                APPROXIMATE        STEP         FIRST   
  NO.   NAME      VALUE            ERROR          SIZE      DERIVATIVE 
   1  N0           3.21080e+06     fixed    
   2  tau          6.44090e+01   constant   
   3  A0           3.64804e-01     fixed    
   4  phi          4.11762e+00     fixed    
   5  R           -6.00655e+01   constant   
   6  alpha_CBO   -2.67160e-03     fixed    
   7  w_CBO        2.32500e+00   constant   
   8  beta_CBO     1.78710e-03     fixed    
   9  alpha_2CBO  -3.04438e-04     fixed    
  10  beta_2CBO   -9.57579e-05   2.09068e-04  -5.70642e-07  -2.19145e+01
  11  alpha_y     -6.32512e-05   1.86077e-04  -2.17188e-06  -9.47131e+01
  12  w_y          1.38860e+01   constant   
  13  beta_y      -1.00256e-04     fixed    
  14  alpha_vw     0.00000e+00     fixed    
  15  w_vw         1.43404e+01   constant   
  16  beta_vw      0.00000e+00     fixed    
  17  LM           2.36781e-04   constant   
  18  zeta_y       0.00000e+00   constant   
  19  zeta_vw      0.00000e+00   constant   
  20  T_CBO        1.12448e+02   9.83862e+01  -1.43337e-03  -1.76730e-01
  21  alpha_A0     7.03784e-03   1.55237e-02   6.82824e-03  -1.90306e-02
  22  beta_A0     -3.69363e-03   4.30178e-03  -1.70738e-03  -8.15160e-03
  23  alpha_phi   -7.24095e-03   1.07762e-02  -7.11034e-03   2.64440e-02
  24  beta_phi    -9.84257e-03   1.20470e-02  -4.00128e-02   4.50497e-03
 EXTERNAL ERROR MATRIX.    NDIM=  25    NPAR=  7    ERR DEF=1
  4.371e-08 -1.644e-09  1.059e-03 -1.298e-07  1.573e-08  1.376e-07  8.983e-08 
 -1.644e-09  3.462e-08  6.291e-03 -5.788e-07  2.746e-07  5.922e-07  6.859e-07 
  1.059e-03  6.291e-03  1.001e+04 -8.326e-01  4.206e-01  8.514e-01  9.350e-01 
 -1.298e-07 -5.788e-07 -8.326e-01  7.186e-05 -3.555e-05 -7.311e-05 -7.943e-05 
  1.573e-08  2.746e-07  4.206e-01 -3.555e-05  2.000e-05  3.651e-05  3.835e-05 
  1.376e-07  5.922e-07  8.514e-01 -7.311e-05  3.651e-05  7.521e-05  8.104e-05 
  8.983e-08  6.859e-07  9.350e-01 -7.943e-05  3.835e-05  8.104e-05  9.458e-05 
ERR MATRIX APPROXIMATE
 PARAMETER  CORRELATION COEFFICIENTS  
       NO.  GLOBAL     10     11     20     21     22     23     24
       10  0.24774   1.000 -0.042  0.051 -0.073  0.017  0.076  0.044
       11  0.41876  -0.042  1.000  0.338 -0.367  0.330  0.367  0.379
       20  0.98659   0.051  0.338  1.000 -0.982  0.940  0.981  0.961
       21  0.99510  -0.073 -0.367 -0.982  1.000 -0.938 -0.994 -0.964
       22  0.95391   0.017  0.330  0.940 -0.938  1.000  0.941  0.882
       23  0.99504   0.076  0.367  0.981 -0.994  0.941  1.000  0.961
       24  0.97222   0.044  0.379  0.961 -0.964  0.882  0.961  1.000
 ERR MATRIX APPROXIMATE
MINUIT - FIT ONLY 2-y
 **********
 **   67 **RES 
 **********
                   PARAMETER   16  beta_vw RESTORED TO VARIABLE.
                   PARAMETER   14  alpha_vw RESTORED TO VARIABLE.
                   PARAMETER   13  beta_y RESTORED TO VARIABLE.
                   PARAMETER    9  alpha_2CBO RESTORED TO VARIABLE.
                   PARAMETER    8  beta_CBO RESTORED TO VARIABLE.
                   PARAMETER    6  alpha_CBO RESTORED TO VARIABLE.
                   PARAMETER    4  phi RESTORED TO VARIABLE.
                   PARAMETER    3  A0 RESTORED TO VARIABLE.
                   PARAMETER    1  N0 RESTORED TO VARIABLE.
 **********
 **   68 **FIX            0
 **********
 PARAMETER    0  IS UNDEFINED. IGNORED.
 **********
 **   69 **FIX            1
 **********
 **********
 **   70 **FIX            2
 **********
 PARAMETER    2  IS CONSTANT.   IGNORED.
 **********
 **   71 **FIX            3
 **********
 **********
 **   72 **FIX            4
 **********
 **********
 **   73 **FIX            5
 **********
 PARAMETER    5  IS CONSTANT.   IGNORED.
 **********
 **   74 **FIX            6
 **********
 **********
 **   75 **FIX            7
 **********
 PARAMETER    7  IS CONSTANT.   IGNORED.
 **********
 **   76 **FIX            8
 **********
 **********
 **   77 **FIX            9
 **********
 **********
 **   78 **FIX           10
 **********
 **********
 **   79 **FIX           11
 **********
 **********
 **   80 **FIX           12
 **********
 PARAMETER   12  IS CONSTANT.   IGNORED.
 **********
 **   81 **FIX           16
 **********
 **********
 **   82 **MIGRAD
 **********
 START MIGRAD MINIMIZATION.  STRATEGY  1.  CONVERGENCE WHEN EDM .LT. 1.00e-04
 FCN=46.3825 FROM MIGRAD    STATUS=INITIATE       16 CALLS        3612 TOTAL
                     EDM= unknown      STRATEGY= 1      NO ERROR MATRIX       
  EXT PARAMETER               CURRENT GUESS       STEP         FIRST   
  NO.   NAME      VALUE            ERROR          SIZE      DERIVATIVE 
   1  N0           3.21080e+06     fixed    
   2  tau          6.44090e+01   constant   
   3  A0           3.64804e-01     fixed    
   4  phi          4.11762e+00     fixed    
   5  R           -6.00655e+01   constant   
   6  alpha_CBO   -2.67160e-03     fixed    
   7  w_CBO        2.32500e+00   constant   
   8  beta_CBO     1.78710e-03     fixed    
   9  alpha_2CBO  -3.04438e-04     fixed    
  10  beta_2CBO   -9.57579e-05     fixed    
  11  alpha_y     -6.32512e-05     fixed    
  12  w_y          1.38860e+01   constant   
  13  beta_y      -1.00256e-04   2.02727e-04   2.02727e-04   9.17025e+02
  14  alpha_vw     0.00000e+00   1.00000e-03   1.00000e-03   1.08580e+04
  15  w_vw         1.43404e+01   constant   
  16  beta_vw      0.00000e+00     fixed    
  17  LM           2.36781e-04   constant   
  18  zeta_y       0.00000e+00   constant   
  19  zeta_vw      0.00000e+00   constant   
  20  T_CBO        1.12448e+02   9.83862e+01  -1.43337e-03  -1.76730e-01
  21  alpha_A0     7.03784e-03   1.55237e-02   6.82824e-03  -1.90309e-02
  22  beta_A0     -3.69363e-03   4.30178e-03  -1.70738e-03  -8.15153e-03
  23  alpha_phi   -7.24095e-03   1.07762e-02  -7.11034e-03   2.64443e-02
  24  beta_phi    -9.84257e-03   1.20470e-02  -4.00128e-02   4.52657e-03
 MIGRAD MINIMIZATION HAS CONVERGED.
 MIGRAD WILL VERIFY CONVERGENCE AND ERROR MATRIX.
 COVARIANCE MATRIX CALCULATED SUCCESSFULLY
 FCN=45.1315 FROM MIGRAD    STATUS=CONVERGED     197 CALLS        3793 TOTAL
                     EDM=1.99546e-05    STRATEGY= 1      ERROR MATRIX ACCURATE 
  EXT PARAMETER                                   STEP         FIRST   
  NO.   NAME      VALUE            ERROR          SIZE      DERIVATIVE 
   1  N0           3.21080e+06     fixed    
   2  tau          6.44090e+01   constant   
   3  A0           3.64804e-01     fixed    
   4  phi          4.11762e+00     fixed    
   5  R           -6.00655e+01   constant   
   6  alpha_CBO   -2.67160e-03     fixed    
   7  w_CBO        2.32500e+00   constant   
   8  beta_CBO     1.78710e-03     fixed    
   9  alpha_2CBO  -3.04438e-04     fixed    
  10  beta_2CBO   -9.57579e-05     fixed    
  11  alpha_y     -6.32512e-05     fixed    
  12  w_y          1.38860e+01   constant   
  13  beta_y      -6.61486e-05   2.08431e-04   6.72734e-07   6.06724e-02
  14  alpha_vw    -2.33182e-04   2.09285e-04   6.75603e-07   1.81503e+00
