 + ++++++++++++++++++++++++++++++++++++++++++++++++++++++++++++++++++++ +
 +                                                                      +
 +           You have chose to blind your fitting according to          +
 +                omega_ref * (1 + (R +/- deltaR) *10^{-6})             +
 +                                                                      +
 + ++++++++++++++++++++++++++++++++++++++++++++++++++++++++++++++++++++ +
In main()...
reading format from /gm2data/zkhechad/run45/envelope/formats/formatB_sBin_constraintOn.txt
pBinTau 	= 0  
pBinPhi 	= 0  
constraintau 	= 1 
includeMopTerm 	= 0    
constrainMop    = 0   
Parameters after format file: pBinTau 0 pBinPhi 0 constraintau 1 includeMopTerm 0 constrainMop 0 c_e_scale 0.000000 
Opening file /gm2data/tbarrett/gm2fr/studies/run23_bunch_corrections/CorrectedFourier_Run3b.root.
reading full fit data from /gm2data/zkhechad/cboTemplates/Run4CBOTemplates/fullFits/noRF/sBin_constraintOn_cE0.0_seed0_noRF_calo18.root
windowBins = 69
fitting sliding window 1890 from bin 2026 at 302.130000 to bin 2095 at 312.574000 (69 bins)

Reading data from /gm2data/cornell/histograms/aMethod/histogram_a_noRF.root
 **********
 **    1 **SET PRINTOUT            1
 **********
 **********
 **    2 **SET NOWARNINGS 
 **********
 PARAMETER DEFINITIONS:
    NO.   NAME         VALUE      STEP SIZE      LIMITS
     1 N0           3.61741e+06  1.00000e+02     no limits
     2 tau          6.44109e+01  constant
     3 A0           3.53417e-01  1.00000e-04     no limits
     4 phi          4.12209e+00  1.00000e-02     no limits
     5 R           -6.03373e+01  constant
     6 alpha_CBO    0.00000e+00  1.00000e-03     no limits
     7 w_CBO        2.32500e+00  constant
     8 beta_CBO     0.00000e+00  1.00000e-03     no limits
     9 alpha_2CBO   0.00000e+00  1.00000e-03     no limits
    10 beta_2CBO    0.00000e+00  1.00000e-03     no limits
    11 alpha_y      0.00000e+00  1.00000e-03     no limits
    12 w_y          1.38860e+01  constant
    13 beta_y       0.00000e+00  1.00000e-03     no limits
    14 alpha_vw     0.00000e+00  1.00000e-03     no limits
    15 w_vw         1.43404e+01  constant
    16 beta_vw      0.00000e+00  1.00000e-03     no limits
    17 LM           1.86654e-04  constant
    18 zeta_y       0.00000e+00  constant
    19 zeta_vw      0.00000e+00  constant
    20 T_CBO        1.00000e+02  1.00000e+00    0.00000e+00  1.00000e+03
    21 alpha_A0     0.00000e+00  1.00000e-04   -1.00000e-02  1.00000e-02
    22 beta_A0      0.00000e+00  1.00000e-04   -1.00000e-02  1.00000e-02
    23 alpha_phi    0.00000e+00  1.00000e-04   -1.00000e-02  1.00000e-02
    24 beta_phi     0.00000e+00  1.00000e-04   -1.00000e-02  1.00000e-02
MINUIT - FIT ONLY WIGGLE
 **********
 **    3 **FIX            5
 **********
 PARAMETER    5  IS CONSTANT.   IGNORED.
 **********
 **    4 **FIX            6
 **********
 **********
 **    5 **FIX            7
 **********
 PARAMETER    7  IS CONSTANT.   IGNORED.
 **********
 **    6 **FIX            8
 **********
 **********
 **    7 **FIX            9
 **********
 **********
 **    8 **FIX           10
 **********
 **********
 **    9 **FIX           11
 **********
 **********
 **   10 **FIX           12
 **********
 PARAMETER   12  IS CONSTANT.   IGNORED.
 **********
 **   11 **FIX           13
 **********
 **********
 **   12 **FIX           14
 **********
 **********
 **   13 **FIX           15
 **********
 PARAMETER   15  IS CONSTANT.   IGNORED.
 **********
 **   14 **FIX           16
 **********
 **********
 **   15 **MIGRAD
 **********
 FIRST CALL TO USER FUNCTION AT NEW START POINT, WITH IFLAG=4.
 START MIGRAD MINIMIZATION.  STRATEGY  1.  CONVERGENCE WHEN EDM .LT. 1.00e-04
 FCN=70.5691 FROM MIGRAD    STATUS=INITIATE      437 CALLS         438 TOTAL
                     EDM= unknown      STRATEGY= 1      NO ERROR MATRIX       
  EXT PARAMETER               CURRENT GUESS       STEP         FIRST   
  NO.   NAME      VALUE            ERROR          SIZE      DERIVATIVE 
   1  N0           3.61741e+06   1.00000e+02   0.00000e+00  -4.92401e-04
   2  tau          6.44109e+01   constant   
   3  A0           3.53417e-01   1.00000e-04   0.00000e+00  -3.43679e+02
   4  phi          4.12209e+00   1.00000e-02   0.00000e+00   1.52186e+03
   5  R           -6.03373e+01   constant   
   6  alpha_CBO    0.00000e+00     fixed    
   7  w_CBO        2.32500e+00   constant   
   8  beta_CBO     0.00000e+00     fixed    
   9  alpha_2CBO   0.00000e+00     fixed    
  10  beta_2CBO    0.00000e+00     fixed    
  11  alpha_y      0.00000e+00     fixed    
  12  w_y          1.38860e+01   constant   
  13  beta_y       0.00000e+00     fixed    
  14  alpha_vw     0.00000e+00     fixed    
  15  w_vw         1.43404e+01   constant   
  16  beta_vw      0.00000e+00     fixed    
  17  LM           1.86654e-04   constant   
  18  zeta_y       0.00000e+00   constant   
  19  zeta_vw      0.00000e+00   constant   
  20  T_CBO        1.00000e+02   1.00000e+00   0.00000e+00   0.00000e+00
  21  alpha_A0     0.00000e+00   1.00000e-04   0.00000e+00   1.88023e-01
  22  beta_A0      0.00000e+00   1.00000e-04   0.00000e+00  -1.96789e-01
  23  alpha_phi    0.00000e+00   1.00000e-04   0.00000e+00   1.92121e-01
  24  beta_phi     0.00000e+00   1.00000e-04   0.00000e+00  -5.47544e-01
 MIGRAD MINIMIZATION HAS CONVERGED.
 FCN=66.6669 FROM MIGRAD    STATUS=CONVERGED     672 CALLS         673 TOTAL
                     EDM=7.14757e-08    STRATEGY= 1  ERROR MATRIX UNCERTAINTY   3.5 per cent
  EXT PARAMETER                                   STEP         FIRST   
  NO.   NAME      VALUE            ERROR          SIZE      DERIVATIVE 
   1  N0           3.61765e+06   1.66674e+03   3.78534e+00   1.79118e-08
   2  tau          6.44109e+01   constant   
   3  A0           3.53406e-01   5.99776e-04   1.10694e-06  -1.99996e-01
   4  phi          4.12015e+00   1.68058e-03   2.39403e-06  -7.71695e-02
   5  R           -6.03373e+01   constant   
   6  alpha_CBO    0.00000e+00     fixed    
   7  w_CBO        2.32500e+00   constant   
   8  beta_CBO     0.00000e+00     fixed    
   9  alpha_2CBO   0.00000e+00     fixed    
  10  beta_2CBO    0.00000e+00     fixed    
  11  alpha_y      0.00000e+00     fixed    
  12  w_y          1.38860e+01   constant   
  13  beta_y       0.00000e+00     fixed    
  14  alpha_vw     0.00000e+00     fixed    
  15  w_vw         1.43404e+01   constant   
  16  beta_vw      0.00000e+00     fixed    
  17  LM           1.86654e-04   constant   
  18  zeta_y       0.00000e+00   constant   
  19  zeta_vw      0.00000e+00   constant   
  20  T_CBO        2.66911e+02   1.50800e+02  -1.16529e-04  -2.10594e-04
  21  alpha_A0    -2.29770e-03   6.81461e-03   5.73785e-04  -9.34197e-06
  22  beta_A0      3.92429e-03   7.29013e-03  -7.14539e-04   1.41539e-04
  23  alpha_phi   -1.95617e-03   7.43543e-03  -1.46958e-03  -3.68863e-04
  24  beta_phi     9.92792e-03   1.63932e-02   2.78907e-04  -1.27654e-04
 EXTERNAL ERROR MATRIX.    NDIM=  25    NPAR=  8    ERR DEF=1
  2.778e+06  6.218e-02  4.794e-01 -2.671e+04  4.275e-01 -2.868e+00 -2.680e+00 -2.948e-01 
  6.218e-02  3.597e-07 -3.804e-08 -1.874e-02 -1.776e-08 -5.829e-07  1.020e-06 -1.095e-07 
  4.794e-01 -3.804e-08  2.824e-06  1.220e-02  8.751e-07 -6.202e-07 -1.603e-06  1.313e-06 
 -2.671e+04 -1.874e-02  1.220e-02  2.368e+04 -2.650e-01  5.035e-01 -4.933e-01 -3.050e-02 
  4.275e-01 -1.776e-08  8.751e-07 -2.650e-01  5.699e-05 -9.975e-06 -3.134e-07  1.720e-06 
 -2.868e+00 -5.829e-07 -6.202e-07  5.035e-01 -9.975e-06  7.084e-05 -8.645e-06 -3.730e-06 
 -2.680e+00  1.020e-06 -1.603e-06 -4.933e-01 -3.134e-07 -8.645e-06  7.122e-05  9.464e-07 
 -2.948e-01 -1.095e-07  1.313e-06 -3.050e-02  1.720e-06 -3.730e-06  9.464e-07  5.636e-06 
 PARAMETER  CORRELATION COEFFICIENTS  
       NO.  GLOBAL      1      3      4     20     21     22     23     24
        1  0.39078   1.000  0.062  0.171 -0.104  0.034 -0.204 -0.191 -0.075
        3  0.27744   0.062  1.000 -0.038 -0.203 -0.004 -0.115  0.202 -0.077
        4  0.40374   0.171 -0.038  1.000  0.047  0.069 -0.044 -0.113  0.329
       20  0.56308  -0.104 -0.203  0.047  1.000 -0.228  0.389 -0.380 -0.083
       21  0.27494   0.034 -0.004  0.069 -0.228  1.000 -0.157 -0.005  0.096
       22  0.46206  -0.204 -0.115 -0.044  0.389 -0.157  1.000 -0.122 -0.187
       23  0.47625  -0.191  0.202 -0.113 -0.380 -0.005 -0.122  1.000  0.047
       24  0.42234  -0.075 -0.077  0.329 -0.083  0.096 -0.187  0.047  1.000
MINUIT - FIT ONLY 1-CBO + wiggle
 **********
 **   16 **RES 
 **********
                   PARAMETER   16  beta_vw RESTORED TO VARIABLE.
                   PARAMETER   14  alpha_vw RESTORED TO VARIABLE.
                   PARAMETER   13  beta_y RESTORED TO VARIABLE.
                   PARAMETER   11  alpha_y RESTORED TO VARIABLE.
                   PARAMETER   10  beta_2CBO RESTORED TO VARIABLE.
                   PARAMETER    9  alpha_2CBO RESTORED TO VARIABLE.
                   PARAMETER    8  beta_CBO RESTORED TO VARIABLE.
                   PARAMETER    6  alpha_CBO RESTORED TO VARIABLE.
 **********
 **   17 **FIX            8
 **********
 **********
 **   18 **FIX            9
 **********
 **********
 **   19 **FIX           11
 **********
 **********
 **   20 **FIX           12
 **********
 PARAMETER   12  IS CONSTANT.   IGNORED.
 **********
 **   21 **FIX           14
 **********
 **********
 **   22 **FIX           15
 **********
 PARAMETER   15  IS CONSTANT.   IGNORED.
 **********
 **   23 **FIX           16
 **********
 **********
 **   24 **MIGRAD
 **********
 START MIGRAD MINIMIZATION.  STRATEGY  1.  CONVERGENCE WHEN EDM .LT. 1.00e-04
 FCN=66.6669 FROM MIGRAD    STATUS=INITIATE       28 CALLS         701 TOTAL
                     EDM= unknown      STRATEGY= 1      NO ERROR MATRIX       
  EXT PARAMETER               CURRENT GUESS       STEP         FIRST   
  NO.   NAME      VALUE            ERROR          SIZE      DERIVATIVE 
   1  N0           3.61765e+06   1.66674e+03   3.78534e+00   1.79118e-08
   2  tau          6.44109e+01   constant   
   3  A0           3.53406e-01   5.99776e-04   1.10694e-06  -1.99996e-01
   4  phi          4.12015e+00   1.68058e-03   2.39403e-06  -7.71695e-02
   5  R           -6.03373e+01   constant   
   6  alpha_CBO    0.00000e+00   1.00000e-03   1.00000e-03  -1.67001e+04
   7  w_CBO        2.32500e+00   constant   
   8  beta_CBO     0.00000e+00     fixed    
   9  alpha_2CBO   0.00000e+00     fixed    
  10  beta_2CBO    0.00000e+00   1.00000e-03   1.00000e-03  -1.73161e+03
  11  alpha_y      0.00000e+00     fixed    
  12  w_y          1.38860e+01   constant   
  13  beta_y       0.00000e+00   1.00000e-03   1.00000e-03  -3.03473e+03
  14  alpha_vw     0.00000e+00     fixed    
  15  w_vw         1.43404e+01   constant   
  16  beta_vw      0.00000e+00     fixed    
  17  LM           1.86654e-04   constant   
  18  zeta_y       0.00000e+00   constant   
  19  zeta_vw      0.00000e+00   constant   
  20  T_CBO        2.66911e+02   1.50800e+02  -1.16529e-04  -2.10586e-04
  21  alpha_A0    -2.29770e-03   6.81461e-03   5.73785e-04   9.34967e-06
  22  beta_A0      3.92429e-03   7.29013e-03  -7.14539e-04  -1.41543e-04
  23  alpha_phi   -1.95617e-03   7.43543e-03  -1.46958e-03   3.68861e-04
  24  beta_phi     9.92792e-03   1.63932e-02   2.78907e-04   1.29906e-04
 MIGRAD MINIMIZATION HAS CONVERGED.
 FCN=37.5238 FROM MIGRAD    STATUS=CONVERGED     430 CALLS        1103 TOTAL
                     EDM=7.76793e-06    STRATEGY= 1  ERROR MATRIX UNCERTAINTY   0.6 per cent
  EXT PARAMETER                                   STEP         FIRST   
  NO.   NAME      VALUE            ERROR          SIZE      DERIVATIVE 
   1  N0           3.61808e+06   1.58068e+03  -5.44622e-01   6.68843e-07
   2  tau          6.44109e+01   constant   
   3  A0           3.54195e-01   6.20859e-04   1.09381e-07  -1.21296e+00
   4  phi          4.12031e+00   1.61725e-03   1.93647e-07  -8.33664e-01
   5  R           -6.03373e+01   constant   
   6  alpha_CBO    3.36189e-03   6.33897e-04   2.25797e-08  -1.79411e+00
   7  w_CBO        2.32500e+00   constant   
   8  beta_CBO     0.00000e+00     fixed    
   9  alpha_2CBO   0.00000e+00     fixed    
  10  beta_2CBO    2.05416e-04   6.00569e-04   5.80416e-08  -3.21974e+00
  11  alpha_y      0.00000e+00     fixed    
  12  w_y          1.38860e+01   constant   
  13  beta_y       5.84710e-04   6.06149e-04  -1.54238e-07   2.70014e+00
  14  alpha_vw     0.00000e+00     fixed    
  15  w_vw         1.43404e+01   constant   
  16  beta_vw      0.00000e+00     fixed    
  17  LM           1.86654e-04   constant   
  18  zeta_y       0.00000e+00   constant   
  19  zeta_vw      0.00000e+00   constant   
  20  T_CBO        2.15068e+02   1.58742e+02  -1.02106e-03  -7.11693e-03
  21  alpha_A0     8.09274e-03   1.83819e-02   3.11661e-03   6.21574e-04
  22  beta_A0      4.42694e-03   1.52237e-02   1.06835e-03   3.62188e-04
  23  alpha_phi   -1.97204e-03   8.02040e-03  -9.40760e-04   1.53259e-03
  24  beta_phi     9.99691e-03   1.71141e-02   2.23069e-02  -3.87699e-04
 EXTERNAL ERROR MATRIX.    NDIM=  25    NPAR= 11    ERR DEF=1
  2.499e+06 
  6.371e-02  3.855e-07 
  3.317e-01 -4.895e-08  2.616e-06 
  5.317e-02  9.272e-08  1.251e-08  4.018e-07 
  4.358e-02 -1.011e-08 -2.827e-08 -2.318e-08  3.607e-07 
 -1.572e-02 -8.655e-10  1.931e-08  4.022e-09  1.057e-09  3.674e-07 
 -5.047e+03 -1.696e-02  1.521e-04 -8.235e-03  1.239e-02  2.828e-03  2.656e+04 
  9.638e-01  1.165e-06 -7.874e-07  1.395e-06  4.390e-08 -1.551e-07 -1.361e+00  1.370e-04 
  1.878e+00  4.893e-07  6.445e-07  1.703e-07 -7.556e-08 -1.006e-07 -7.508e-01  4.149e-05  9.811e-05 
  1.974e+00 -8.749e-07  8.776e-07  7.637e-08  1.838e-07  9.747e-08  5.319e-01 -3.063e-05 -1.578e-05  8.823e-05 
 -2.769e-01  2.376e-08 -1.640e-07 -3.235e-08 -7.012e-08  1.523e-08 -2.448e-01  1.185e-05  4.981e-06 -5.263e-06  6.857e-06 
 PARAMETER  CORRELATION COEFFICIENTS  
       NO.  GLOBAL      1      3      4      6     10     13     20     21     22     23     24
        1  0.26239   1.000  0.065  0.130  0.053  0.046 -0.016 -0.020  0.052  0.120  0.133 -0.067
        3  0.32132   0.065  1.000 -0.049  0.236 -0.027 -0.002 -0.168  0.160  0.080 -0.150  0.015
        4  0.17218   0.130 -0.049  1.000  0.012 -0.029  0.020  0.001 -0.042  0.040  0.058 -0.039
        6  0.31940   0.053  0.236  0.012  1.000 -0.061  0.010 -0.080  0.188  0.027  0.013 -0.019
       10  0.21700   0.046 -0.027 -0.029 -0.061  1.000  0.003  0.127  0.006 -0.013  0.033 -0.045
       13  0.05373  -0.016 -0.002  0.020  0.010  0.003  1.000  0.029 -0.022 -0.017  0.017  0.010
       20  0.82584  -0.020 -0.168  0.001 -0.080  0.127  0.029  1.000 -0.713 -0.465  0.347 -0.574
       21  0.73621   0.052  0.160 -0.042  0.188  0.006 -0.022 -0.713  1.000  0.358 -0.279  0.387
       22  0.48948   0.120  0.080  0.040  0.027 -0.013 -0.017 -0.465  0.358  1.000 -0.170  0.192
       23  0.39879   0.133 -0.150  0.058  0.013  0.033  0.017  0.347 -0.279 -0.170  1.000 -0.214
       24  0.59339  -0.067  0.015 -0.039 -0.019 -0.045  0.010 -0.574  0.387  0.192 -0.214  1.000
MINUIT - FIT ONLY 2-CBO
 **********
 **   25 **RES 
 **********
                   PARAMETER   16  beta_vw RESTORED TO VARIABLE.
                   PARAMETER   14  alpha_vw RESTORED TO VARIABLE.
                   PARAMETER   11  alpha_y RESTORED TO VARIABLE.
                   PARAMETER    9  alpha_2CBO RESTORED TO VARIABLE.
                   PARAMETER    8  beta_CBO RESTORED TO VARIABLE.
 **********
 **   26 **FIX            0
 **********
 PARAMETER    0  IS UNDEFINED. IGNORED.
 **********
 **   27 **FIX            1
 **********
 **********
 **   28 **FIX            2
 **********
 PARAMETER    2  IS CONSTANT.   IGNORED.
 **********
 **   29 **FIX            3
 **********
 **********
 **   30 **FIX            4
 **********
 **********
 **   31 **FIX            5
 **********
 PARAMETER    5  IS CONSTANT.   IGNORED.
 **********
 **   32 **FIX            6
 **********
 **********
 **   33 **FIX            7
 **********
 PARAMETER    7  IS CONSTANT.   IGNORED.
 **********
 **   34 **FIX           10
 **********
 **********
 **   35 **FIX           11
 **********
 **********
 **   36 **FIX           12
 **********
 PARAMETER   12  IS CONSTANT.   IGNORED.
 **********
 **   37 **FIX           13
 **********
 **********
 **   38 **FIX           14
 **********
 **********
 **   39 **FIX           15
 **********
 PARAMETER   15  IS CONSTANT.   IGNORED.
 **********
 **   40 **FIX           16
 **********
 **********
 **   41 **MIGRAD
 **********
 START MIGRAD MINIMIZATION.  STRATEGY  1.  CONVERGENCE WHEN EDM .LT. 1.00e-04
 FCN=37.5238 FROM MIGRAD    STATUS=INITIATE       18 CALLS        1121 TOTAL
                     EDM= unknown      STRATEGY= 1      NO ERROR MATRIX       
  EXT PARAMETER               CURRENT GUESS       STEP         FIRST   
  NO.   NAME      VALUE            ERROR          SIZE      DERIVATIVE 
   1  N0           3.61808e+06     fixed    
   2  tau          6.44109e+01   constant   
   3  A0           3.54195e-01     fixed    
   4  phi          4.12031e+00     fixed    
   5  R           -6.03373e+01   constant   
   6  alpha_CBO    3.36189e-03     fixed    
   7  w_CBO        2.32500e+00   constant   
   8  beta_CBO     0.00000e+00   1.00000e-03   1.00000e-03  -3.88572e+02
   9  alpha_2CBO   0.00000e+00   1.00000e-03   1.00000e-03  -1.42697e+03
  10  beta_2CBO    2.05416e-04     fixed    
  11  alpha_y      0.00000e+00     fixed    
  12  w_y          1.38860e+01   constant   
  13  beta_y       5.84710e-04     fixed    
  14  alpha_vw     0.00000e+00     fixed    
  15  w_vw         1.43404e+01   constant   
  16  beta_vw      0.00000e+00     fixed    
  17  LM           1.86654e-04   constant   
  18  zeta_y       0.00000e+00   constant   
  19  zeta_vw      0.00000e+00   constant   
  20  T_CBO        2.15068e+02   1.58742e+02  -1.02106e-03  -7.11692e-03
  21  alpha_A0     8.09274e-03   1.83819e-02   3.11661e-03   6.21409e-04
  22  beta_A0      4.42694e-03   1.52237e-02   1.06835e-03   3.62161e-04
  23  alpha_phi   -1.97204e-03   8.02040e-03  -9.40760e-04   1.53260e-03
  24  beta_phi     9.99691e-03   1.71141e-02   2.23069e-02  -3.86648e-04
 MIGRAD MINIMIZATION HAS CONVERGED.
 MIGRAD WILL VERIFY CONVERGENCE AND ERROR MATRIX.
 COVARIANCE MATRIX CALCULATED SUCCESSFULLY
 FCN=37.3024 FROM MIGRAD    STATUS=CONVERGED     152 CALLS        1255 TOTAL
                     EDM=2.67439e-06    STRATEGY= 1      ERROR MATRIX ACCURATE 
  EXT PARAMETER                                   STEP         FIRST   
  NO.   NAME      VALUE            ERROR          SIZE      DERIVATIVE 
   1  N0           3.61808e+06     fixed    
   2  tau          6.44109e+01   constant   
   3  A0           3.54195e-01     fixed    
   4  phi          4.12031e+00     fixed    
   5  R           -6.03373e+01   constant   
   6  alpha_CBO    3.36189e-03     fixed    
   7  w_CBO        2.32500e+00   constant   
   8  beta_CBO     9.12948e-05   6.32244e-04   1.88186e-06  -2.37151e+00
   9  alpha_2CBO   2.85438e-04   6.28166e-04   1.85256e-06   4.39200e-01
  10  beta_2CBO    2.05416e-04     fixed    
  11  alpha_y      0.00000e+00     fixed    
  12  w_y          1.38860e+01   constant   
  13  beta_y       5.84710e-04     fixed    
  14  alpha_vw     0.00000e+00     fixed    
  15  w_vw         1.43404e+01   constant   
  16  beta_vw      0.00000e+00     fixed    
  17  LM           1.86654e-04   constant   
  18  zeta_y       0.00000e+00   constant   
  19  zeta_vw      0.00000e+00   constant   
  20  T_CBO        2.19628e+02   1.52474e+02   8.13821e-04  -2.37080e-03
  21  alpha_A0     7.83902e-03   1.82570e-02   4.52647e-03  -5.45976e-04
  22  beta_A0      3.89927e-03   1.52733e-02   3.14662e-03  -1.26072e-03
  23  alpha_phi   -1.24667e-03   8.26644e-03   2.83323e-03  -5.36136e-04
  24  beta_phi     9.99999e-03   1.34151e-02   3.00830e-02   1.33701e-05
 EXTERNAL ERROR MATRIX.    NDIM=  25    NPAR=  7    ERR DEF=1
  3.997e-07  1.971e-08  8.176e-03 -5.154e-07  6.225e-07 -2.172e-09  3.256e-11 
  1.971e-08  3.946e-07  3.957e-03 -1.829e-07 -8.696e-07  9.940e-07  3.437e-12 
  8.176e-03  3.957e-03  2.438e+04 -1.208e+00 -5.587e-01  3.762e-01  6.211e-03 
 -5.154e-07 -1.829e-07 -1.208e+00  1.467e-04  2.314e-05 -2.844e-05 -3.121e-07 
  6.225e-07 -8.696e-07 -5.587e-01  2.314e-05  1.078e-04 -7.721e-06 -1.562e-07 
 -2.172e-09  9.940e-07  3.762e-01 -2.844e-05 -7.721e-06  9.547e-05  4.765e-08 
  3.256e-11  3.437e-12  6.211e-03 -3.121e-07 -1.562e-07  4.765e-08  3.057e-08 
 PARAMETER  CORRELATION COEFFICIENTS  
       NO.  GLOBAL      8      9     20     21     22     23     24
        8  0.17279   1.000  0.050  0.083 -0.067  0.095 -0.000  0.000
        9  0.21812   0.050  1.000  0.040 -0.024 -0.133  0.162  0.000
       20  0.69939   0.083  0.040  1.000 -0.639 -0.345  0.247  0.228
       21  0.64583  -0.067 -0.024 -0.639  1.000  0.184 -0.240 -0.147
       22  0.39052   0.095 -0.133 -0.345  0.184  1.000 -0.076 -0.086
       23  0.31316  -0.000  0.162  0.247 -0.240 -0.076  1.000  0.028
       24  0.23036   0.000  0.000  0.228 -0.147 -0.086  0.028  1.000
MINUIT - FIT wiggle + 1-CBO + 2-CBO
 **********
 **   42 **RES 
 **********
                   PARAMETER   16  beta_vw RESTORED TO VARIABLE.
                   PARAMETER   14  alpha_vw RESTORED TO VARIABLE.
                   PARAMETER   13  beta_y RESTORED TO VARIABLE.
                   PARAMETER   11  alpha_y RESTORED TO VARIABLE.
                   PARAMETER   10  beta_2CBO RESTORED TO VARIABLE.
                   PARAMETER    6  alpha_CBO RESTORED TO VARIABLE.
                   PARAMETER    4  phi RESTORED TO VARIABLE.
                   PARAMETER    3  A0 RESTORED TO VARIABLE.
                   PARAMETER    1  N0 RESTORED TO VARIABLE.
 **********
 **   43 **FIX           10
 **********
 **********
 **   44 **FIX           11
 **********
 **********
 **   45 **FIX           12
 **********
 PARAMETER   12  IS CONSTANT.   IGNORED.
 **********
 **   46 **FIX           13
 **********
 **********
 **   47 **FIX           14
 **********
 **********
 **   48 **FIX           15
 **********
 PARAMETER   15  IS CONSTANT.   IGNORED.
 **********
 **   49 **FIX           16
 **********
 **********
 **   50 **MIGRAD
 **********
 START MIGRAD MINIMIZATION.  STRATEGY  1.  CONVERGENCE WHEN EDM .LT. 1.00e-04
 FCN=37.3024 FROM MIGRAD    STATUS=INITIATE       22 CALLS        1277 TOTAL
                     EDM= unknown      STRATEGY= 1      NO ERROR MATRIX       
  EXT PARAMETER               CURRENT GUESS       STEP         FIRST   
  NO.   NAME      VALUE            ERROR          SIZE      DERIVATIVE 
   1  N0           3.61808e+06   1.58068e+03   1.58068e+03   3.32825e-05
   2  tau          6.44109e+01   constant   
   3  A0           3.54195e-01   6.20859e-04   6.20859e-04   9.01943e+01
   4  phi          4.12031e+00   1.61725e-03   1.61725e-03  -6.12095e+01
   5  R           -6.03373e+01   constant   
   6  alpha_CBO    3.36189e-03   6.33897e-04   6.33897e-04  -7.71671e+01
   7  w_CBO        2.32500e+00   constant   
   8  beta_CBO     9.12948e-05   6.32244e-04   1.88186e-06  -2.37151e+00
   9  alpha_2CBO   2.85438e-04   6.28166e-04   1.85256e-06   4.39200e-01
  10  beta_2CBO    2.05416e-04     fixed    
  11  alpha_y      0.00000e+00     fixed    
  12  w_y          1.38860e+01   constant   
  13  beta_y       5.84710e-04     fixed    
  14  alpha_vw     0.00000e+00     fixed    
  15  w_vw         1.43404e+01   constant   
  16  beta_vw      0.00000e+00     fixed    
  17  LM           1.86654e-04   constant   
  18  zeta_y       0.00000e+00   constant   
  19  zeta_vw      0.00000e+00   constant   
  20  T_CBO        2.19628e+02   1.52474e+02   8.13821e-04  -2.37475e-03
  21  alpha_A0     7.83902e-03   1.82570e-02   4.52647e-03  -5.57017e-04
  22  beta_A0      3.89927e-03   1.52733e-02   3.14662e-03  -1.26442e-03
  23  alpha_phi   -1.24667e-03   8.26644e-03   2.83323e-03  -5.35034e-04
  24  beta_phi     9.99999e-03   1.34151e-02   3.00830e-02  -1.35695e-05
 MIGRAD MINIMIZATION HAS CONVERGED.
 MIGRAD WILL VERIFY CONVERGENCE AND ERROR MATRIX.
 COVARIANCE MATRIX CALCULATED SUCCESSFULLY
 FCN=37.2981 FROM MIGRAD    STATUS=CONVERGED     220 CALLS        1475 TOTAL
                     EDM=6.10791e-06    STRATEGY= 1      ERROR MATRIX ACCURATE 
  EXT PARAMETER                                   STEP         FIRST   
  NO.   NAME      VALUE            ERROR          SIZE      DERIVATIVE 
   1  N0           3.61805e+06   1.67591e+03   4.56673e+00   7.44251e-08
   2  tau          6.44109e+01   constant   
   3  A0           3.54179e-01   6.19267e-04   1.75535e-06   8.35591e-01
   4  phi          4.12039e+00   1.71935e-03   4.96297e-06   3.30475e-02
   5  R           -6.03373e+01   constant   
   6  alpha_CBO    3.37309e-03   6.35135e-04   1.81791e-06   8.86584e-01
   7  w_CBO        2.32500e+00   constant   
   8  beta_CBO     1.00059e-04   6.46227e-04   1.88177e-06   3.16417e-01
   9  alpha_2CBO   2.89281e-04   6.30887e-04   1.85248e-06   1.42249e+00
  10  beta_2CBO    2.05416e-04     fixed    
  11  alpha_y      0.00000e+00     fixed    
  12  w_y          1.38860e+01   constant   
  13  beta_y       5.84710e-04     fixed    
  14  alpha_vw     0.00000e+00     fixed    
  15  w_vw         1.43404e+01   constant   
  16  beta_vw      0.00000e+00     fixed    
  17  LM           1.86654e-04   constant   
  18  zeta_y       0.00000e+00   constant   
  19  zeta_vw      0.00000e+00   constant   
  20  T_CBO        2.20462e+02   1.55228e+02   8.16801e-04  -7.06014e-03
  21  alpha_A0     7.76733e-03   1.83150e-02   4.46605e-03  -6.69360e-04
  22  beta_A0      3.88998e-03   1.53426e-02   3.12501e-03   1.66659e-03
  23  alpha_phi   -1.19679e-03   1.39521e-02   2.81368e-03   6.44630e-04
  24  beta_phi     1.00000e-02   1.01742e-02   3.37890e-02** at limit **
 EXTERNAL ERROR MATRIX.    NDIM=  25    NPAR= 11    ERR DEF=1
  2.809e+06 
  5.362e-02  3.835e-07 
  5.244e-01 -6.017e-08  2.956e-06 
  4.887e-02  9.742e-08  1.900e-08  4.034e-07 
 -3.080e-02 -2.753e-08  2.098e-07 -8.711e-10  4.176e-07 
 -3.374e-02 -1.548e-08  6.120e-08  1.527e-08  2.614e-08  3.980e-07 
 -5.612e+03 -1.905e-02  1.109e-02 -7.059e-03  1.019e-02  4.867e-03  2.531e+04 
  2.526e-01  1.598e-06 -2.086e-06  1.592e-06 -7.451e-07 -2.272e-07 -1.277e+00  1.553e-04 
  3.426e+00  4.445e-07  1.457e-06  4.702e-08  6.195e-07 -9.077e-07 -5.763e-01  2.342e-05  1.116e-04 
  3.849e+00 -1.037e-06  2.003e-06  3.659e-08  1.135e-07  1.021e-06  4.145e-01 -3.170e-05 -3.580e-06  1.033e-04 
 -4.707e-06 -7.705e-13 -1.470e-12 -5.448e-13  4.722e-13  1.590e-13  1.050e-04 -5.188e-09 -2.632e-09  7.571e-10  1.009e-11 
 PARAMETER  CORRELATION COEFFICIENTS  
       NO.  GLOBAL      1      3      4      6      8      9     20     21     22     23     24
        1  0.35696   1.000  0.052  0.182  0.046 -0.028 -0.032 -0.021  0.012  0.194  0.226 -0.001
        3  0.34650   0.052  1.000 -0.057  0.248 -0.069 -0.040 -0.193  0.207  0.068 -0.165 -0.000
        4  0.29578   0.182 -0.057  1.000  0.017  0.189  0.056  0.041 -0.097  0.080  0.115 -0.000
        6  0.32061   0.046  0.248  0.017  1.000 -0.002  0.038 -0.070  0.201  0.007  0.006 -0.000
        8  0.26714  -0.028 -0.069  0.189 -0.002  1.000  0.064  0.099 -0.093  0.091  0.017  0.000
        9  0.23612  -0.032 -0.040  0.056  0.038  0.064  1.000  0.048 -0.029 -0.136  0.159  0.000
       20  0.70838  -0.021 -0.193  0.041 -0.070  0.099  0.048  1.000 -0.644 -0.343  0.256  0.208
       21  0.67456   0.012  0.207 -0.097  0.201 -0.093 -0.029 -0.644  1.000  0.178 -0.250 -0.131
       22  0.43480   0.194  0.068  0.080  0.007  0.091 -0.136 -0.343  0.178  1.000 -0.033 -0.078
       23  0.41821   0.226 -0.165  0.115  0.006  0.017  0.159  0.256 -0.250 -0.033  1.000  0.023
       24  0.21456  -0.001 -0.000 -0.000 -0.000  0.000  0.000  0.208 -0.131 -0.078  0.023  1.000
MINUIT - FIT ONLY 1-y
 **********
 **   51 **RES 
 **********
                   PARAMETER   16  beta_vw RESTORED TO VARIABLE.
                   PARAMETER   14  alpha_vw RESTORED TO VARIABLE.
                   PARAMETER   13  beta_y RESTORED TO VARIABLE.
                   PARAMETER   11  alpha_y RESTORED TO VARIABLE.
                   PARAMETER   10  beta_2CBO RESTORED TO VARIABLE.
 **********
 **   52 **FIX            0
 **********
 PARAMETER    0  IS UNDEFINED. IGNORED.
 **********
 **   53 **FIX            1
 **********
 **********
 **   54 **FIX            2
 **********
 PARAMETER    2  IS CONSTANT.   IGNORED.
 **********
 **   55 **FIX            3
 **********
 **********
 **   56 **FIX            4
 **********
 **********
 **   57 **FIX            5
 **********
 PARAMETER    5  IS CONSTANT.   IGNORED.
 **********
 **   58 **FIX            6
 **********
 **********
 **   59 **FIX            7
 **********
 PARAMETER    7  IS CONSTANT.   IGNORED.
 **********
 **   60 **FIX            8
 **********
 **********
 **   61 **FIX            9
 **********
 **********
 **   62 **FIX           13
 **********
 **********
 **   63 **FIX           14
 **********
 **********
 **   64 **FIX           15
 **********
 PARAMETER   15  IS CONSTANT.   IGNORED.
 **********
 **   65 **FIX           16
 **********
 **********
 **   66 **MIGRAD
 **********
 START MIGRAD MINIMIZATION.  STRATEGY  1.  CONVERGENCE WHEN EDM .LT. 1.00e-04
 FCN=37.2981 FROM MIGRAD    STATUS=INITIATE       16 CALLS        1491 TOTAL
                     EDM= unknown      STRATEGY= 1      NO ERROR MATRIX       
  EXT PARAMETER               CURRENT GUESS       STEP         FIRST   
  NO.   NAME      VALUE            ERROR          SIZE      DERIVATIVE 
   1  N0           3.61805e+06     fixed    
   2  tau          6.44109e+01   constant   
   3  A0           3.54179e-01     fixed    
   4  phi          4.12039e+00     fixed    
   5  R           -6.03373e+01   constant   
   6  alpha_CBO    3.37309e-03     fixed    
   7  w_CBO        2.32500e+00   constant   
   8  beta_CBO     1.00059e-04     fixed    
   9  alpha_2CBO   2.89281e-04     fixed    
  10  beta_2CBO    2.05416e-04   6.00569e-04   6.00569e-04   2.27091e+01
  11  alpha_y      0.00000e+00   1.00000e-03   1.00000e-03  -1.14221e+03
  12  w_y          1.38860e+01   constant   
  13  beta_y       5.84710e-04     fixed    
  14  alpha_vw     0.00000e+00     fixed    
  15  w_vw         1.43404e+01   constant   
  16  beta_vw      0.00000e+00     fixed    
  17  LM           1.86654e-04   constant   
  18  zeta_y       0.00000e+00   constant   
  19  zeta_vw      0.00000e+00   constant   
  20  T_CBO        2.20462e+02   1.55228e+02   8.16801e-04  -7.07504e-03
  21  alpha_A0     7.76733e-03   1.83150e-02   4.46605e-03  -6.80079e-04
  22  beta_A0      3.88998e-03   1.53426e-02   3.12501e-03   1.66299e-03
  23  alpha_phi   -1.19679e-03   1.39521e-02   2.81368e-03   6.46244e-04
  24  beta_phi     9.99998e-03   1.01742e-02   3.37890e-02  -2.62240e-05
 MIGRAD MINIMIZATION HAS CONVERGED.
 MIGRAD WILL VERIFY CONVERGENCE AND ERROR MATRIX.
 COVARIANCE MATRIX CALCULATED SUCCESSFULLY
 FCN=37.1751 FROM MIGRAD    STATUS=CONVERGED     117 CALLS        1592 TOTAL
                     EDM=2.2055e-05    STRATEGY= 1      ERROR MATRIX ACCURATE 
  EXT PARAMETER                                   STEP         FIRST   
  NO.   NAME      VALUE            ERROR          SIZE      DERIVATIVE 
   1  N0           3.61805e+06     fixed    
   2  tau          6.44109e+01   constant   
   3  A0           3.54179e-01     fixed    
   4  phi          4.12039e+00     fixed    
   5  R           -6.03373e+01   constant   
   6  alpha_CBO    3.37309e-03     fixed    
   7  w_CBO        2.32500e+00   constant   
   8  beta_CBO     1.00059e-04     fixed    
   9  alpha_2CBO   2.89281e-04     fixed    
  10  beta_2CBO    2.01222e-04   6.24850e-04   1.84259e-06  -5.85628e-01
  11  alpha_y      2.15570e-04   6.14202e-04   1.85214e-06   8.22197e-01
  12  w_y          1.38860e+01   constant   
  13  beta_y       5.84710e-04     fixed    
  14  alpha_vw     0.00000e+00     fixed    
  15  w_vw         1.43404e+01   constant   
  16  beta_vw      0.00000e+00     fixed    
  17  LM           1.86654e-04   constant   
  18  zeta_y       0.00000e+00   constant   
  19  zeta_vw      0.00000e+00   constant   
  20  T_CBO        2.19464e+02   1.86125e+02   8.17963e-04   8.31785e-03
  21  alpha_A0     7.80368e-03   1.86209e-02   4.40739e-03   1.14454e-04
  22  beta_A0      3.85629e-03   1.53491e-02   3.12197e-03  -1.72463e-03
  23  alpha_phi   -1.15787e-03   8.20649e-03   2.81621e-03   3.71841e-03
  24  beta_phi     1.00000e-02   1.20080e-02   8.29720e-02** at limit **
 EXTERNAL ERROR MATRIX.    NDIM=  25    NPAR=  7    ERR DEF=1
  3.904e-07  5.293e-11  1.635e-02 -1.256e-07 -1.750e-07 -5.479e-08 -9.321e-13 
  5.293e-11  3.772e-07 -2.313e-03  9.707e-08 -1.292e-08  3.325e-08  5.869e-13 
  1.635e-02 -2.313e-03  3.727e+04 -1.821e+00 -8.728e-01  4.356e-01  4.843e-04 
 -1.256e-07  9.707e-08 -1.821e+00  1.773e-04  3.873e-05 -3.158e-05 -2.429e-08 
 -1.750e-07 -1.292e-08 -8.728e-01  3.873e-05  1.125e-04 -7.113e-06 -1.206e-08 
 -5.479e-08  3.325e-08  4.356e-01 -3.158e-05 -7.113e-06  9.328e-05  3.392e-09 
 -9.321e-13  5.869e-13  4.843e-04 -2.429e-08 -1.206e-08  3.392e-09  1.718e-11 
 PARAMETER  CORRELATION COEFFICIENTS  
       NO.  GLOBAL     10     11     20     21     22     23     24
       10  0.21117   1.000  0.000  0.136 -0.015 -0.026 -0.009 -0.000
       11  0.03013   0.000  1.000 -0.020  0.012 -0.002  0.006  0.000
       20  0.81466   0.136 -0.020  1.000 -0.708 -0.426  0.234  0.605
       21  0.71831  -0.015  0.012 -0.708  1.000  0.274 -0.246 -0.440
       22  0.43098  -0.026 -0.002 -0.426  0.274  1.000 -0.069 -0.274
       23  0.27397  -0.009  0.006  0.234 -0.246 -0.069  1.000  0.085
       24  0.61459  -0.000  0.000  0.605 -0.440 -0.274  0.085  1.000
MINUIT - FIT ONLY 2-y
 **********
 **   67 **RES 
 **********
                   PARAMETER   16  beta_vw RESTORED TO VARIABLE.
                   PARAMETER   14  alpha_vw RESTORED TO VARIABLE.
                   PARAMETER   13  beta_y RESTORED TO VARIABLE.
                   PARAMETER    9  alpha_2CBO RESTORED TO VARIABLE.
                   PARAMETER    8  beta_CBO RESTORED TO VARIABLE.
                   PARAMETER    6  alpha_CBO RESTORED TO VARIABLE.
                   PARAMETER    4  phi RESTORED TO VARIABLE.
                   PARAMETER    3  A0 RESTORED TO VARIABLE.
                   PARAMETER    1  N0 RESTORED TO VARIABLE.
 **********
 **   68 **FIX            0
 **********
 PARAMETER    0  IS UNDEFINED. IGNORED.
 **********
 **   69 **FIX            1
 **********
 **********
 **   70 **FIX            2
 **********
 PARAMETER    2  IS CONSTANT.   IGNORED.
 **********
 **   71 **FIX            3
 **********
 **********
 **   72 **FIX            4
 **********
 **********
 **   73 **FIX            5
 **********
 PARAMETER    5  IS CONSTANT.   IGNORED.
 **********
 **   74 **FIX            6
 **********
 **********
 **   75 **FIX            7
 **********
 PARAMETER    7  IS CONSTANT.   IGNORED.
 **********
 **   76 **FIX            8
 **********
 **********
 **   77 **FIX            9
 **********
 **********
 **   78 **FIX           10
 **********
 **********
 **   79 **FIX           11
 **********
 **********
 **   80 **FIX           12
 **********
 PARAMETER   12  IS CONSTANT.   IGNORED.
 **********
 **   81 **FIX           16
 **********
 **********
 **   82 **MIGRAD
 **********
 START MIGRAD MINIMIZATION.  STRATEGY  1.  CONVERGENCE WHEN EDM .LT. 1.00e-04
 FCN=37.1751 FROM MIGRAD    STATUS=INITIATE       16 CALLS        1608 TOTAL
                     EDM= unknown      STRATEGY= 1      NO ERROR MATRIX       
  EXT PARAMETER               CURRENT GUESS       STEP         FIRST   
  NO.   NAME      VALUE            ERROR          SIZE      DERIVATIVE 
   1  N0           3.61805e+06     fixed    
   2  tau          6.44109e+01   constant   
   3  A0           3.54179e-01     fixed    
   4  phi          4.12039e+00     fixed    
   5  R           -6.03373e+01   constant   
   6  alpha_CBO    3.37309e-03     fixed    
   7  w_CBO        2.32500e+00   constant   
   8  beta_CBO     1.00059e-04     fixed    
   9  alpha_2CBO   2.89281e-04     fixed    
  10  beta_2CBO    2.01222e-04     fixed    
  11  alpha_y      2.15570e-04     fixed    
  12  w_y          1.38860e+01   constant   
  13  beta_y       5.84710e-04   6.06149e-04   6.06149e-04  -1.78820e+01
  14  alpha_vw     0.00000e+00   1.00000e-03   1.00000e-03  -6.47970e+02
  15  w_vw         1.43404e+01   constant   
  16  beta_vw      0.00000e+00     fixed    
  17  LM           1.86654e-04   constant   
  18  zeta_y       0.00000e+00   constant   
  19  zeta_vw      0.00000e+00   constant   
  20  T_CBO        2.19464e+02   1.86125e+02   8.17963e-04   8.30313e-03
  21  alpha_A0     7.80368e-03   1.86209e-02   4.40739e-03   1.12821e-04
  22  beta_A0      3.85629e-03   1.53491e-02   3.12197e-03  -1.72816e-03
  23  alpha_phi   -1.15787e-03   8.20649e-03   2.81621e-03   3.71997e-03
  24  beta_phi     9.99998e-03   1.20080e-02   8.29720e-02  -1.45404e-05
 MIGRAD MINIMIZATION HAS CONVERGED.
 MIGRAD WILL VERIFY CONVERGENCE AND ERROR MATRIX.
 COVARIANCE MATRIX CALCULATED SUCCESSFULLY
 FCN=37.1316 FROM MIGRAD    STATUS=CONVERGED      99 CALLS        1691 TOTAL
                     EDM=2.66846e-06    STRATEGY= 1      ERROR MATRIX ACCURATE 
  EXT PARAMETER                                   STEP         FIRST   
  NO.   NAME      VALUE            ERROR          SIZE      DERIVATIVE 
   1  N0           3.61805e+06     fixed    
   2  tau          6.44109e+01   constant   
   3  A0           3.54179e-01     fixed    
   4  phi          4.12039e+00     fixed    
   5  R           -6.03373e+01   constant   
   6  alpha_CBO    3.37309e-03     fixed    
   7  w_CBO        2.32500e+00   constant   
   8  beta_CBO     1.00059e-04     fixed    
   9  alpha_2CBO   2.89281e-04     fixed    
  10  beta_2CBO    2.01222e-04     fixed    
  11  alpha_y      2.15570e-04     fixed    
  12  w_y          1.38860e+01   constant   
  13  beta_y       6.26274e-04   6.37211e-04   1.83908e-06  -5.44316e-01
  14  alpha_vw     1.33438e-04   6.38508e-04   1.84330e-06   1.81683e+00
  15  w_vw         1.43404e+01   constant   
  16  beta_vw      0.00000e+00     fixed    
  17  LM           1.86654e-04   constant   
  18  zeta_y       0.00000e+00   constant   
  19  zeta_vw      0.00000e+00   constant   
  20  T_CBO        2.19166e+02   1.55527e+02   8.15263e-04  -4.05560e-03
  21  alpha_A0     7.81377e-03   1.82800e-02   4.46461e-03  -4.28301e-04
  22  beta_A0      3.85230e-03   1.52240e-02   3.13240e-03   1.16573e-04
  23  alpha_phi   -1.15567e-03   8.20561e-03   2.82297e-03  -1.47584e-03
  24  beta_phi     1.00000e-02   1.09389e-02   4.83580e-02** at limit **
 EXTERNAL ERROR MATRIX.    NDIM=  25    NPAR=  7    ERR DEF=1
  4.060e-07  1.173e-07  1.979e-03 -1.405e-07 -9.474e-08  1.363e-07  7.423e-15 
  1.173e-07  4.077e-07  3.752e-04 -2.654e-08 -6.667e-08  9.220e-08  7.226e-13 
  1.979e-03  3.752e-04  2.542e+04 -1.260e+00 -5.909e-01  3.646e-01  8.045e-04 
 -1.405e-07 -2.654e-08 -1.260e+00  1.498e-04  2.498e-05 -2.802e-05 -4.047e-08 
 -9.474e-08 -6.667e-08 -5.909e-01  2.498e-05  1.060e-04 -5.345e-06 -2.012e-08 
  1.363e-07  9.220e-08  3.646e-01 -2.802e-05 -5.345e-06  9.324e-05  5.749e-09 
  7.423e-15  7.226e-13  8.045e-04 -4.047e-08 -2.012e-08  5.749e-09  2.559e-10 
 PARAMETER  CORRELATION COEFFICIENTS  
       NO.  GLOBAL     13     14     20     21     22     23     24
       13  0.28941   1.000  0.288  0.019 -0.018 -0.014  0.022  0.000
       14  0.28858   0.288  1.000  0.004 -0.003 -0.010  0.015  0.000
       20  0.71288   0.019  0.004  1.000 -0.646 -0.360  0.237  0.315
       21  0.65239  -0.018 -0.003 -0.646  1.000  0.198 -0.237 -0.207
       22  0.36400  -0.014 -0.010 -0.360  0.198  1.000 -0.054 -0.122
       23  0.26639   0.022  0.015  0.237 -0.237 -0.054  1.000  0.037
       24  0.31805   0.000  0.000  0.315 -0.207 -0.122  0.037  1.000
MINUIT - FIT ALTOGETHER
 **********
