 + ++++++++++++++++++++++++++++++++++++++++++++++++++++++++++++++++++++ +
 +                                                                      +
 +           You have chose to blind your fitting according to          +
 +                omega_ref * (1 + (R +/- deltaR) *10^{-6})             +
 +                                                                      +
 + ++++++++++++++++++++++++++++++++++++++++++++++++++++++++++++++++++++ +
In main()...
reading format from /gm2data/zkhechad/run45/envelope/formats/formatB_sBin_constraintOn.txt
pBinTau 	= 0  
pBinPhi 	= 0  
constraintau 	= 1 
includeMopTerm 	= 0    
constrainMop    = 0   
Parameters after format file: pBinTau 0 pBinPhi 0 constraintau 1 includeMopTerm 0 constrainMop 0 c_e_scale 0.000000 
Opening file /gm2data/tbarrett/gm2fr/studies/run23_bunch_corrections/CorrectedFourier_Run3b.root.
reading full fit data from /gm2data/zkhechad/cboTemplates/Run4CBOTemplates/templateFits0_v2.0/noRF/sBin_constraintOn_cE0.0_seed0_noRF_calo3.root
windowBins = 69
fitting sliding window 2048 from bin 2184 at 325.703600 to bin 2253 at 336.147600 (69 bins)

Reading data from /gm2data/cornell/histograms/aMethod/histogram_a_noRF.root
 **********
 **    1 **SET PRINTOUT            1
 **********
 **********
 **    2 **SET NOWARNINGS 
 **********
 PARAMETER DEFINITIONS:
    NO.   NAME         VALUE      STEP SIZE      LIMITS
     1 N0           2.88814e+06  1.00000e+02     no limits
     2 tau          6.44131e+01  constant
     3 A0           3.56394e-01  1.00000e-04     no limits
     4 phi          4.11722e+00  1.00000e-02     no limits
     5 R           -6.09726e+01  constant
     6 alpha_CBO    0.00000e+00  1.00000e-03     no limits
     7 w_CBO        2.32500e+00  constant
     8 beta_CBO     0.00000e+00  1.00000e-03     no limits
     9 alpha_2CBO   0.00000e+00  1.00000e-03     no limits
    10 beta_2CBO    0.00000e+00  1.00000e-03     no limits
    11 alpha_y      0.00000e+00  1.00000e-03     no limits
    12 w_y          1.44500e+01  constant
    13 beta_y       0.00000e+00  1.00000e-03     no limits
    14 alpha_vw     0.00000e+00  1.00000e-03     no limits
    15 w_vw         1.29000e+01  constant
    16 beta_vw      0.00000e+00  1.00000e-03     no limits
    17 LM           2.63157e-04  constant
    18 zeta_y       0.00000e+00  constant
    19 zeta_vw      0.00000e+00  constant
    20 T_CBO        1.00000e+02  1.00000e+00    0.00000e+00  1.00000e+03
    21 alpha_A0     0.00000e+00  1.00000e-03     no limits
    22 beta_A0      0.00000e+00  1.00000e-03     no limits
    23 alpha_phi    0.00000e+00  1.00000e-03     no limits
    24 beta_phi     0.00000e+00  1.00000e-03     no limits
MINUIT - FIT ONLY WIGGLE
 **********
 **    3 **FIX            5
 **********
 PARAMETER    5  IS CONSTANT.   IGNORED.
 **********
 **    4 **FIX            6
 **********
 **********
 **    5 **FIX            7
 **********
 PARAMETER    7  IS CONSTANT.   IGNORED.
 **********
 **    6 **FIX            8
 **********
 **********
 **    7 **FIX            9
 **********
 **********
 **    8 **FIX           10
 **********
 **********
 **    9 **FIX           11
 **********
 **********
 **   10 **FIX           12
 **********
 PARAMETER   12  IS CONSTANT.   IGNORED.
 **********
 **   11 **FIX           13
 **********
 **********
 **   12 **FIX           14
 **********
 **********
 **   13 **FIX           15
 **********
 PARAMETER   15  IS CONSTANT.   IGNORED.
 **********
 **   14 **FIX           16
 **********
 **********
 **   15 **MIGRAD
 **********
 FIRST CALL TO USER FUNCTION AT NEW START POINT, WITH IFLAG=4.
 START MIGRAD MINIMIZATION.  STRATEGY  1.  CONVERGENCE WHEN EDM .LT. 1.00e-04
 FCN=66.9735 FROM MIGRAD    STATUS=INITIATE      437 CALLS         438 TOTAL
                     EDM= unknown      STRATEGY= 1      NO ERROR MATRIX       
  EXT PARAMETER               CURRENT GUESS       STEP         FIRST   
  NO.   NAME      VALUE            ERROR          SIZE      DERIVATIVE 
   1  N0           2.88814e+06   1.00000e+02   0.00000e+00   1.42049e-03
   2  tau          6.44131e+01   constant   
   3  A0           3.56394e-01   1.00000e-04   0.00000e+00   4.27399e+03
   4  phi          4.11722e+00   1.00000e-02   0.00000e+00   8.13128e+02
   5  R           -6.09726e+01   constant   
   6  alpha_CBO    0.00000e+00     fixed    
   7  w_CBO        2.32500e+00   constant   
   8  beta_CBO     0.00000e+00     fixed    
   9  alpha_2CBO   0.00000e+00     fixed    
  10  beta_2CBO    0.00000e+00     fixed    
  11  alpha_y      0.00000e+00     fixed    
  12  w_y          1.44500e+01   constant   
  13  beta_y       0.00000e+00     fixed    
  14  alpha_vw     0.00000e+00     fixed    
  15  w_vw         1.29000e+01   constant   
  16  beta_vw      0.00000e+00     fixed    
  17  LM           2.63157e-04   constant   
  18  zeta_y       0.00000e+00   constant   
  19  zeta_vw      0.00000e+00   constant   
  20  T_CBO        1.00000e+02   1.00000e+00   0.00000e+00   0.00000e+00
  21  alpha_A0     0.00000e+00   1.00000e-03   0.00000e+00   2.04027e+01
  22  beta_A0      0.00000e+00   1.00000e-03   0.00000e+00   2.12244e+01
  23  alpha_phi    0.00000e+00   1.00000e-03   0.00000e+00   2.92712e+01
  24  beta_phi     0.00000e+00   1.00000e-03   0.00000e+00   2.53866e+01
 MIGRAD MINIMIZATION HAS CONVERGED.
 MIGRAD WILL VERIFY CONVERGENCE AND ERROR MATRIX.
 COVARIANCE MATRIX CALCULATED SUCCESSFULLY
 FCN=59.4794 FROM HESSE     STATUS=OK             61 CALLS         594 TOTAL
                     EDM=0.000735574    STRATEGY= 1      ERROR MATRIX ACCURATE 
  EXT PARAMETER                                   STEP         FIRST   
  NO.   NAME      VALUE            ERROR          SIZE      DERIVATIVE 
   1  N0           2.88662e+06   1.67288e+03   5.73507e+00   1.14349e-06
   2  tau          6.44131e+01   constant   
   3  A0           3.55376e-01   7.62098e-04   2.80065e-06   3.88148e-01
   4  phi          4.11544e+00   2.19007e-03   8.11964e-06   1.57911e-01
   5  R           -6.09726e+01   constant   
   6  alpha_CBO    0.00000e+00     fixed    
   7  w_CBO        2.32500e+00   constant   
   8  beta_CBO     0.00000e+00     fixed    
   9  alpha_2CBO   0.00000e+00     fixed    
  10  beta_2CBO    0.00000e+00     fixed    
  11  alpha_y      0.00000e+00     fixed    
  12  w_y          1.44500e+01   constant   
  13  beta_y       0.00000e+00     fixed    
  14  alpha_vw     0.00000e+00     fixed    
  15  w_vw         1.29000e+01   constant   
  16  beta_vw      0.00000e+00     fixed    
  17  LM           2.63157e-04   constant   
  18  zeta_y       0.00000e+00   constant   
  19  zeta_vw      0.00000e+00   constant   
  20  T_CBO        1.00432e+02   5.27350e+02   2.07095e-04   3.05598e-02
  21  alpha_A0    -5.59563e-02   5.98850e-01   3.20933e-04   2.83580e-02
  22  beta_A0     -5.80705e-02   6.31662e-01   2.99355e-04  -1.07183e-02
  23  alpha_phi   -8.43654e-02   8.89503e-01   2.94462e-04  -1.15739e-02
  24  beta_phi    -8.31745e-02   8.83868e-01   3.03526e-04   2.42943e-02
 CALL LIMIT EXCEEDED IN MIGRAD.
 MIGRAD TERMINATED WITHOUT CONVERGENCE.
 FCN=59.4662 FROM MIGRAD    STATUS=CALL LIMIT   1329 CALLS        1330 TOTAL
                     EDM=8.04149e-05    STRATEGY= 1  ERROR MATRIX UNCERTAINTY   0.9 per cent
  EXT PARAMETER                APPROXIMATE        STEP         FIRST   
  NO.   NAME      VALUE            ERROR          SIZE      DERIVATIVE 
   1  N0           2.88662e+06   1.60173e+03   6.36528e+00   2.35077e-06
   2  tau          6.44131e+01   constant   
   3  A0           3.55360e-01   7.25185e-04  -5.79442e-06  -1.21491e+01
   4  phi          4.11541e+00   2.20706e-03  -3.78108e-06   2.67776e-01
   5  R           -6.09726e+01   constant   
   6  alpha_CBO    0.00000e+00     fixed    
   7  w_CBO        2.32500e+00   constant   
   8  beta_CBO     0.00000e+00     fixed    
   9  alpha_2CBO   0.00000e+00     fixed    
  10  beta_2CBO    0.00000e+00     fixed    
  11  alpha_y      0.00000e+00     fixed    
  12  w_y          1.44500e+01   constant   
  13  beta_y       0.00000e+00     fixed    
  14  alpha_vw     0.00000e+00     fixed    
  15  w_vw         1.29000e+01   constant   
  16  beta_vw      0.00000e+00     fixed    
  17  LM           2.63157e-04   constant   
  18  zeta_y       0.00000e+00   constant   
  19  zeta_vw      0.00000e+00   constant   
  20  T_CBO        5.84647e+01   6.87159e+01  -4.69947e-03  -4.17611e-01
  21  alpha_A0    -5.83082e-01   3.18373e+00  -5.28378e-02   3.95124e-02
  22  beta_A0     -6.50105e-01   4.20982e+00  -7.07033e-02  -1.29192e-02
  23  alpha_phi   -8.82975e-01   5.53248e+00  -9.27505e-02  -1.65265e-02
  24  beta_phi    -8.73608e-01   5.06463e+00  -8.42019e-02   2.85775e-02
 EXTERNAL ERROR MATRIX.    NDIM=  25    NPAR=  8    ERR DEF=1
  2.566e+06 -3.845e-03 -4.887e-01 -2.753e+03 -2.016e+02 -2.109e+02 -2.710e+02 -2.323e+02 
 -3.845e-03  5.259e-07 -6.872e-08  1.262e-03  1.046e-04  9.094e-05  1.195e-04  1.281e-04 
 -4.887e-01 -6.872e-08  4.871e-06  1.724e-02  8.100e-04  1.125e-03  1.486e-03  1.306e-03 
 -2.753e+03  1.262e-03  1.724e-02  4.863e+03  2.202e+02  2.904e+02  3.819e+02  3.503e+02 
 -2.016e+02  1.046e-04  8.100e-04  2.202e+02  1.014e+01  1.336e+01  1.757e+01  1.611e+01 
 -2.109e+02  9.094e-05  1.125e-03  2.904e+02  1.336e+01  1.772e+01  2.328e+01  2.129e+01 
 -2.710e+02  1.195e-04  1.486e-03  3.819e+02  1.757e+01  2.328e+01  3.061e+01  2.799e+01 
 -2.323e+02  1.281e-04  1.306e-03  3.503e+02  1.611e+01  2.129e+01  2.799e+01  2.565e+01 
ERR MATRIX APPROXIMATE
 PARAMETER  CORRELATION COEFFICIENTS  
       NO.  GLOBAL      1      3      4     20     21     22     23     24
        1  0.34586   1.000 -0.003 -0.138 -0.025 -0.040 -0.031 -0.031 -0.029
        3  0.28830  -0.003  1.000 -0.043  0.025  0.045  0.030  0.030  0.035
        4  0.21534  -0.138 -0.043  1.000  0.112  0.115  0.121  0.122  0.117
       20  0.99239  -0.025  0.025  0.112  1.000  0.992  0.989  0.990  0.992
       21  0.99936  -0.040  0.045  0.115  0.992  1.000  0.997  0.997  0.999
       22  0.99971  -0.031  0.030  0.121  0.989  0.997  1.000  1.000  0.999
       23  0.99978  -0.031  0.030  0.122  0.990  0.997  1.000  1.000  0.999
       24  0.99975  -0.029  0.035  0.117  0.992  0.999  0.999  0.999  1.000
 ERR MATRIX APPROXIMATE
MINUIT - FIT ONLY 1-CBO + wiggle
 **********
 **   16 **RES 
 **********
                   PARAMETER   16  beta_vw RESTORED TO VARIABLE.
                   PARAMETER   14  alpha_vw RESTORED TO VARIABLE.
                   PARAMETER   13  beta_y RESTORED TO VARIABLE.
                   PARAMETER   11  alpha_y RESTORED TO VARIABLE.
                   PARAMETER   10  beta_2CBO RESTORED TO VARIABLE.
                   PARAMETER    9  alpha_2CBO RESTORED TO VARIABLE.
                   PARAMETER    8  beta_CBO RESTORED TO VARIABLE.
                   PARAMETER    6  alpha_CBO RESTORED TO VARIABLE.
 **********
 **   17 **FIX            8
 **********
 **********
 **   18 **FIX            9
 **********
 **********
 **   19 **FIX           11
 **********
 **********
 **   20 **FIX           12
 **********
 PARAMETER   12  IS CONSTANT.   IGNORED.
 **********
 **   21 **FIX           14
 **********
 **********
 **   22 **FIX           15
 **********
 PARAMETER   15  IS CONSTANT.   IGNORED.
 **********
 **   23 **FIX           16
 **********
 **********
 **   24 **MIGRAD
 **********
 START MIGRAD MINIMIZATION.  STRATEGY  1.  CONVERGENCE WHEN EDM .LT. 1.00e-04
 FCN=59.4662 FROM MIGRAD    STATUS=INITIATE       28 CALLS        1358 TOTAL
                     EDM= unknown      STRATEGY= 1      NO ERROR MATRIX       
  EXT PARAMETER               CURRENT GUESS       STEP         FIRST   
  NO.   NAME      VALUE            ERROR          SIZE      DERIVATIVE 
   1  N0           2.88662e+06   1.60173e+03   6.36528e+00   2.35077e-06
   2  tau          6.44131e+01   constant   
   3  A0           3.55360e-01   7.25185e-04  -5.79442e-06  -1.21491e+01
   4  phi          4.11541e+00   2.20706e-03  -3.78108e-06   2.67776e-01
   5  R           -6.09726e+01   constant   
   6  alpha_CBO    0.00000e+00   1.00000e-03   1.00000e-03   8.44250e+03
   7  w_CBO        2.32500e+00   constant   
   8  beta_CBO     0.00000e+00     fixed    
   9  alpha_2CBO   0.00000e+00     fixed    
  10  beta_2CBO    0.00000e+00   1.00000e-03   1.00000e-03  -3.06152e+03
  11  alpha_y      0.00000e+00     fixed    
  12  w_y          1.44500e+01   constant   
  13  beta_y       0.00000e+00   1.00000e-03   1.00000e-03   6.90751e+02
  14  alpha_vw     0.00000e+00     fixed    
  15  w_vw         1.29000e+01   constant   
  16  beta_vw      0.00000e+00     fixed    
  17  LM           2.63157e-04   constant   
  18  zeta_y       0.00000e+00   constant   
  19  zeta_vw      0.00000e+00   constant   
  20  T_CBO        5.84647e+01   6.87159e+01  -4.69947e-03  -4.17626e-01
  21  alpha_A0    -5.83082e-01   3.18373e+00  -5.28378e-02   3.95124e-02
  22  beta_A0     -6.50105e-01   4.20982e+00  -7.07033e-02  -1.29192e-02
  23  alpha_phi   -8.82975e-01   5.53248e+00  -9.27505e-02  -1.65265e-02
  24  beta_phi    -8.73608e-01   5.06463e+00  -8.42019e-02   2.85775e-02
 MIGRAD MINIMIZATION HAS CONVERGED.
 FCN=47.2068 FROM MIGRAD    STATUS=CONVERGED     169 CALLS        1499 TOTAL
                     EDM=1.99332e-06    STRATEGY= 1  ERROR MATRIX UNCERTAINTY   4.0 per cent
  EXT PARAMETER                                   STEP         FIRST   
  NO.   NAME      VALUE            ERROR          SIZE      DERIVATIVE 
   1  N0           2.88669e+06   1.67451e+03  -3.10276e+00  -3.09872e-08
   2  tau          6.44131e+01   constant   
   3  A0           3.55375e-01   7.70423e-04   1.30942e-06   6.44780e-02
   4  phi          4.11691e+00   2.17999e-03   1.16761e-06   3.14413e-01
   5  R           -6.09726e+01   constant   
   6  alpha_CBO   -2.62057e-03   7.84136e-04   6.25555e-07   1.23974e+00
   7  w_CBO        2.32500e+00   constant   
   8  beta_CBO     0.00000e+00     fixed    
   9  alpha_2CBO   0.00000e+00     fixed    
  10  beta_2CBO    7.24858e-04   7.47211e-04  -6.65867e-07  -1.89837e-01
  11  alpha_y      0.00000e+00     fixed    
  12  w_y          1.44500e+01   constant   
  13  beta_y      -2.59470e-04   7.58792e-04  -9.60328e-07  -1.08280e+00
  14  alpha_vw     0.00000e+00     fixed    
  15  w_vw         1.29000e+01   constant   
  16  beta_vw      0.00000e+00     fixed    
  17  LM           2.63157e-04   constant   
  18  zeta_y       0.00000e+00   constant   
  19  zeta_vw      0.00000e+00   constant   
  20  T_CBO        5.74887e+01   5.52104e+00  -3.39493e-05   4.58156e-02
  21  alpha_A0    -3.95668e-01   9.68788e-01   2.67795e-03   5.42502e-04
  22  beta_A0     -8.05145e-01   8.67921e-01  -9.75322e-04   1.30914e-03
  23  alpha_phi   -6.53688e-01   8.06690e-01   1.55773e-05   1.87669e-03
  24  beta_phi    -8.79318e-01   9.95284e-01  -1.53398e-03   7.70344e-04
 EXTERNAL ERROR MATRIX.    NDIM=  25    NPAR= 11    ERR DEF=1
  2.804e+06 
 -1.246e-01  5.936e-07 
 -5.301e-01  5.894e-08  4.752e-06 
 -4.085e-02  3.289e-10 -3.445e-07  6.149e-07 
 -5.472e-02 -1.759e-09  5.893e-08  2.948e-08  5.583e-07 
 -6.747e-03 -6.876e-09  2.368e-08  2.549e-08 -3.577e-09  5.758e-07 
  1.273e+03 -4.752e-04 -8.423e-04  7.305e-05  1.596e-04  2.529e-04  3.049e+01 
 -3.028e+02  9.764e-05 -2.373e-05 -5.309e-05 -2.177e-05 -1.458e-05 -8.003e-01  9.386e-01 
  2.118e+01 -5.534e-05  2.452e-05  1.376e-05  1.071e-05  3.551e-05  9.568e-01 -1.542e-01  7.533e-01 
  4.298e+01 -4.859e-05  8.497e-05 -6.854e-05  3.667e-05  3.804e-05  7.182e-01 -1.247e-01  1.083e-02  6.507e-01 
  5.293e+02 -1.382e-04 -1.393e-04 -1.314e-05  2.234e-05  2.363e-05  1.381e+00 -2.192e-01  1.919e-02 -2.786e-02  9.906e-01 
 PARAMETER  CORRELATION COEFFICIENTS  
       NO.  GLOBAL      1      3      4      6     10     13     20     21     22     23     24
        1  0.37492   1.000 -0.097 -0.145 -0.031 -0.044 -0.005  0.138 -0.187  0.015  0.032  0.318
        3  0.22973  -0.097  1.000  0.035  0.001 -0.003 -0.012 -0.112  0.131 -0.083 -0.078 -0.180
        4  0.27139  -0.145  0.035  1.000 -0.202  0.036  0.014 -0.070 -0.011  0.013  0.048 -0.064
        6  0.26832  -0.031  0.001 -0.202  1.000  0.050  0.043  0.017 -0.070  0.020 -0.108 -0.017
       10  0.11907  -0.044 -0.003  0.036  0.050  1.000 -0.006  0.039 -0.030  0.017  0.061  0.030
       13  0.11207  -0.005 -0.012  0.014  0.043 -0.006  1.000  0.060 -0.020  0.054  0.062  0.031
       20  0.37241   0.138 -0.112 -0.070  0.017  0.039  0.060  1.000 -0.150  0.200  0.161  0.251
       21  0.37195  -0.187  0.131 -0.011 -0.070 -0.030 -0.020 -0.150  1.000 -0.183 -0.160 -0.227
       22  0.27530   0.015 -0.083  0.013  0.020  0.017  0.054  0.200 -0.183  1.000  0.015  0.022
       23  0.29292   0.032 -0.078  0.048 -0.108  0.061  0.062  0.161 -0.160  0.015  1.000 -0.035
       24  0.44455   0.318 -0.180 -0.064 -0.017  0.030  0.031  0.251 -0.227  0.022 -0.035  1.000
MINUIT - FIT ONLY 2-CBO
 **********
 **   25 **RES 
 **********
                   PARAMETER   16  beta_vw RESTORED TO VARIABLE.
                   PARAMETER   14  alpha_vw RESTORED TO VARIABLE.
                   PARAMETER   11  alpha_y RESTORED TO VARIABLE.
                   PARAMETER    9  alpha_2CBO RESTORED TO VARIABLE.
                   PARAMETER    8  beta_CBO RESTORED TO VARIABLE.
 **********
 **   26 **FIX            0
 **********
 PARAMETER    0  IS UNDEFINED. IGNORED.
 **********
 **   27 **FIX            1
 **********
 **********
 **   28 **FIX            2
 **********
 PARAMETER    2  IS CONSTANT.   IGNORED.
 **********
 **   29 **FIX            3
 **********
 **********
 **   30 **FIX            4
 **********
 **********
 **   31 **FIX            5
 **********
 PARAMETER    5  IS CONSTANT.   IGNORED.
 **********
 **   32 **FIX            6
 **********
 **********
 **   33 **FIX            7
 **********
 PARAMETER    7  IS CONSTANT.   IGNORED.
 **********
 **   34 **FIX           10
 **********
 **********
 **   35 **FIX           11
 **********
 **********
 **   36 **FIX           12
 **********
 PARAMETER   12  IS CONSTANT.   IGNORED.
 **********
 **   37 **FIX           13
 **********
 **********
 **   38 **FIX           14
 **********
 **********
 **   39 **FIX           15
 **********
 PARAMETER   15  IS CONSTANT.   IGNORED.
 **********
 **   40 **FIX           16
 **********
 **********
 **   41 **MIGRAD
 **********
 START MIGRAD MINIMIZATION.  STRATEGY  1.  CONVERGENCE WHEN EDM .LT. 1.00e-04
 FCN=47.2068 FROM MIGRAD    STATUS=INITIATE       18 CALLS        1517 TOTAL
                     EDM= unknown      STRATEGY= 1      NO ERROR MATRIX       
  EXT PARAMETER               CURRENT GUESS       STEP         FIRST   
  NO.   NAME      VALUE            ERROR          SIZE      DERIVATIVE 
   1  N0           2.88669e+06     fixed    
   2  tau          6.44131e+01   constant   
   3  A0           3.55375e-01     fixed    
   4  phi          4.11691e+00     fixed    
   5  R           -6.09726e+01   constant   
   6  alpha_CBO   -2.62057e-03     fixed    
   7  w_CBO        2.32500e+00   constant   
   8  beta_CBO     0.00000e+00   1.00000e-03   1.00000e-03   4.72680e+03
   9  alpha_2CBO   0.00000e+00   1.00000e-03   1.00000e-03   3.81528e+03
  10  beta_2CBO    7.24858e-04     fixed    
  11  alpha_y      0.00000e+00     fixed    
  12  w_y          1.44500e+01   constant   
  13  beta_y      -2.59470e-04     fixed    
  14  alpha_vw     0.00000e+00     fixed    
  15  w_vw         1.29000e+01   constant   
  16  beta_vw      0.00000e+00     fixed    
  17  LM           2.63157e-04   constant   
  18  zeta_y       0.00000e+00   constant   
  19  zeta_vw      0.00000e+00   constant   
  20  T_CBO        5.74887e+01   5.52104e+00  -3.39493e-05   4.58157e-02
  21  alpha_A0    -3.95668e-01   9.68788e-01   2.67795e-03   5.42503e-04
  22  beta_A0     -8.05145e-01   8.67921e-01  -9.75322e-04   1.30914e-03
  23  alpha_phi   -6.53688e-01   8.06690e-01   1.55773e-05   1.87669e-03
  24  beta_phi    -8.79318e-01   9.95284e-01  -1.53398e-03   7.70345e-04
 MIGRAD MINIMIZATION HAS CONVERGED.
 MIGRAD WILL VERIFY CONVERGENCE AND ERROR MATRIX.
 COVARIANCE MATRIX CALCULATED SUCCESSFULLY
 FCN=41.8129 FROM HESSE     STATUS=OK             50 CALLS        1630 TOTAL
                     EDM=8.39297e-05    STRATEGY= 1      ERROR MATRIX ACCURATE 
  EXT PARAMETER                                   STEP         FIRST   
  NO.   NAME      VALUE            ERROR          SIZE      DERIVATIVE 
   1  N0           2.88669e+06     fixed    
   2  tau          6.44131e+01   constant   
   3  A0           3.55375e-01     fixed    
   4  phi          4.11691e+00     fixed    
   5  R           -6.09726e+01   constant   
   6  alpha_CBO   -2.62057e-03     fixed    
   7  w_CBO        2.32500e+00   constant   
   8  beta_CBO    -1.36642e-03   7.69720e-04   2.42361e-06  -1.77667e-01
   9  alpha_2CBO  -1.13501e-03   7.84917e-04   2.44877e-06  -8.82541e-01
  10  beta_2CBO    7.24858e-04     fixed    
  11  alpha_y      0.00000e+00     fixed    
  12  w_y          1.44500e+01   constant   
  13  beta_y      -2.59470e-04     fixed    
  14  alpha_vw     0.00000e+00     fixed    
  15  w_vw         1.29000e+01   constant   
  16  beta_vw      0.00000e+00     fixed    
  17  LM           2.63157e-04   constant   
  18  zeta_y       0.00000e+00   constant   
  19  zeta_vw      0.00000e+00   constant   
  20  T_CBO        5.62192e+01   1.60299e+02   1.11314e-04   8.06935e-03
  21  alpha_A0    -2.34956e-01   4.49311e+00   3.58757e-03  -2.20642e-03
  22  beta_A0     -7.14404e-01   1.34791e+01   3.36023e-03   1.15853e-03
  23  alpha_phi   -6.65697e-01   1.21954e+01   3.29266e-03  -1.92470e-03
  24  beta_phi    -7.09699e-01   1.31505e+01   3.38214e-03  -5.18832e-04
 CALL LIMIT EXCEEDED IN MIGRAD.
 MIGRAD TERMINATED WITHOUT CONVERGENCE.
 FCN=41.8104 FROM MIGRAD    STATUS=CALL LIMIT   1150 CALLS        2649 TOTAL
                     EDM=8.32639e-05    STRATEGY= 1  ERROR MATRIX UNCERTAINTY  18.8 per cent
  EXT PARAMETER                APPROXIMATE        STEP         FIRST   
  NO.   NAME      VALUE            ERROR          SIZE      DERIVATIVE 
   1  N0           2.88669e+06     fixed    
   2  tau          6.44131e+01   constant   
   3  A0           3.55375e-01     fixed    
   4  phi          4.11691e+00     fixed    
   5  R           -6.09726e+01   constant   
   6  alpha_CBO   -2.62057e-03     fixed    
   7  w_CBO        2.32500e+00   constant   
   8  beta_CBO    -1.36997e-03   7.70905e-04  -6.73144e-07  -1.48818e+00
   9  alpha_2CBO  -1.13475e-03   7.70766e-04  -7.73930e-07   1.41338e+00
  10  beta_2CBO    7.24858e-04     fixed    
  11  alpha_y      0.00000e+00     fixed    
  12  w_y          1.44500e+01   constant   
  13  beta_y      -2.59470e-04     fixed    
  14  alpha_vw     0.00000e+00     fixed    
  15  w_vw         1.29000e+01   constant   
  16  beta_vw      0.00000e+00     fixed    
  17  LM           2.63157e-04   constant   
  18  zeta_y       0.00000e+00   constant   
  19  zeta_vw      0.00000e+00   constant   
  20  T_CBO        9.20042e+01   1.95946e+02   1.47052e-03  -7.87498e-02
  21  alpha_A0    -2.33609e-02   2.59859e-01   3.01580e-04   4.49966e-02
  22  beta_A0     -6.99465e-02   6.20026e-01   6.50556e-04  -4.12845e-03
  23  alpha_phi   -7.01271e-02   5.93910e-01   9.06369e-04  -2.51481e-02
  24  beta_phi    -7.20055e-02   6.99755e-01   1.36355e-03   9.30590e-02
 EXTERNAL ERROR MATRIX.    NDIM=  25    NPAR=  7    ERR DEF=1
  5.943e-07 -1.922e-09 -1.780e-02 -1.092e-05 -6.556e-05 -5.126e-05 -5.305e-05 
 -1.922e-09  5.941e-07 -1.454e-02 -2.796e-05 -3.498e-05 -4.227e-05 -5.022e-05 
 -1.780e-02 -1.454e-02  4.636e+04  4.758e+01  1.308e+02  1.253e+02  1.499e+02 
 -1.092e-05 -2.796e-05  4.758e+01  6.753e-02  1.288e-01  1.320e-01  1.468e-01 
 -6.556e-05 -3.498e-05  1.308e+02  1.288e-01  3.844e-01  3.507e-01  4.254e-01 
 -5.126e-05 -4.227e-05  1.253e+02  1.320e-01  3.507e-01  3.527e-01  4.061e-01 
 -5.305e-05 -5.022e-05  1.499e+02  1.468e-01  4.254e-01  4.061e-01  4.897e-01 
ERR MATRIX APPROXIMATE
 PARAMETER  CORRELATION COEFFICIENTS  
       NO.  GLOBAL      8      9     20     21     22     23     24
        8  0.33133   1.000 -0.003 -0.107 -0.055 -0.137 -0.112 -0.098
        9  0.28417  -0.003  1.000 -0.088 -0.140 -0.073 -0.092 -0.093
       20  0.99821  -0.107 -0.088  1.000  0.850  0.980  0.980  0.995
       21  0.94986  -0.055 -0.140  0.850  1.000  0.800  0.856  0.807
       22  0.98341  -0.137 -0.073  0.980  0.800  1.000  0.952  0.980
       23  0.98519  -0.112 -0.092  0.980  0.856  0.952  1.000  0.977
       24  0.99813  -0.098 -0.093  0.995  0.807  0.980  0.977  1.000
 ERR MATRIX APPROXIMATE
MINUIT - FIT wiggle + 1-CBO + 2-CBO
 **********
 **   42 **RES 
 **********
                   PARAMETER   16  beta_vw RESTORED TO VARIABLE.
                   PARAMETER   14  alpha_vw RESTORED TO VARIABLE.
                   PARAMETER   13  beta_y RESTORED TO VARIABLE.
                   PARAMETER   11  alpha_y RESTORED TO VARIABLE.
                   PARAMETER   10  beta_2CBO RESTORED TO VARIABLE.
                   PARAMETER    6  alpha_CBO RESTORED TO VARIABLE.
                   PARAMETER    4  phi RESTORED TO VARIABLE.
                   PARAMETER    3  A0 RESTORED TO VARIABLE.
                   PARAMETER    1  N0 RESTORED TO VARIABLE.
 **********
 **   43 **FIX           10
 **********
 **********
 **   44 **FIX           11
 **********
 **********
 **   45 **FIX           12
 **********
 PARAMETER   12  IS CONSTANT.   IGNORED.
 **********
 **   46 **FIX           13
 **********
 **********
 **   47 **FIX           14
 **********
 **********
 **   48 **FIX           15
 **********
 PARAMETER   15  IS CONSTANT.   IGNORED.
 **********
 **   49 **FIX           16
 **********
 **********
 **   50 **MIGRAD
 **********
 START MIGRAD MINIMIZATION.  STRATEGY  1.  CONVERGENCE WHEN EDM .LT. 1.00e-04
 FCN=41.8104 FROM MIGRAD    STATUS=INITIATE       22 CALLS        2671 TOTAL
                     EDM= unknown      STRATEGY= 1      NO ERROR MATRIX       
  EXT PARAMETER               CURRENT GUESS       STEP         FIRST   
  NO.   NAME      VALUE            ERROR          SIZE      DERIVATIVE 
   1  N0           2.88669e+06   1.67451e+03   1.67451e+03   2.16538e-04
   2  tau          6.44131e+01   constant   
   3  A0           3.55375e-01   7.70423e-04   7.70423e-04   1.06216e+03
   4  phi          4.11691e+00   2.17999e-03   2.17999e-03  -6.97004e+01
   5  R           -6.09726e+01   constant   
   6  alpha_CBO   -2.62057e-03   7.84136e-04   7.84136e-04  -2.84970e+02
   7  w_CBO        2.32500e+00   constant   
   8  beta_CBO    -1.36997e-03   7.70905e-04  -6.73144e-07  -1.48818e+00
   9  alpha_2CBO  -1.13475e-03   7.70766e-04  -7.73930e-07   1.41338e+00
  10  beta_2CBO    7.24858e-04     fixed    
  11  alpha_y      0.00000e+00     fixed    
  12  w_y          1.44500e+01   constant   
  13  beta_y      -2.59470e-04     fixed    
  14  alpha_vw     0.00000e+00     fixed    
  15  w_vw         1.29000e+01   constant   
  16  beta_vw      0.00000e+00     fixed    
  17  LM           2.63157e-04   constant   
  18  zeta_y       0.00000e+00   constant   
  19  zeta_vw      0.00000e+00   constant   
  20  T_CBO        9.20042e+01   1.95946e+02   1.47052e-03  -7.87493e-02
  21  alpha_A0    -2.33609e-02   2.59859e-01   3.01580e-04   4.49966e-02
  22  beta_A0     -6.99465e-02   6.20026e-01   6.50556e-04  -4.12844e-03
  23  alpha_phi   -7.01271e-02   5.93910e-01   9.06369e-04  -2.51481e-02
  24  beta_phi    -7.20055e-02   6.99755e-01   1.36355e-03   9.30590e-02
 MIGRAD MINIMIZATION HAS CONVERGED.
 MIGRAD WILL VERIFY CONVERGENCE AND ERROR MATRIX.
 COVARIANCE MATRIX CALCULATED SUCCESSFULLY
 FCN=41.5908 FROM HESSE     STATUS=OK            100 CALLS        2866 TOTAL
                     EDM=0.000143012    STRATEGY= 1      ERROR MATRIX ACCURATE 
  EXT PARAMETER                                   STEP         FIRST   
  NO.   NAME      VALUE            ERROR          SIZE      DERIVATIVE 
   1  N0           2.88642e+06   1.67790e+03   4.81242e+00   8.70812e-07
   2  tau          6.44131e+01   constant   
   3  A0           3.55056e-01   7.83699e-04   2.35092e-06  -1.02461e-01
   4  phi          4.11714e+00   2.25279e-03   6.81921e-06   4.77726e-01
   5  R           -6.09726e+01   constant   
   6  alpha_CBO   -2.53051e-03   7.97825e-04   2.46800e-06   1.30545e+00
   7  w_CBO        2.32500e+00   constant   
   8  beta_CBO    -1.46703e-03   7.98127e-04   2.41756e-06  -7.55854e-01
   9  alpha_2CBO  -1.13176e-03   7.87434e-04   2.44265e-06  -1.53544e+00
  10  beta_2CBO    7.24858e-04     fixed    
  11  alpha_y      0.00000e+00     fixed    
  12  w_y          1.44500e+01   constant   
  13  beta_y      -2.59470e-04     fixed    
  14  alpha_vw     0.00000e+00     fixed    
  15  w_vw         1.29000e+01   constant   
  16  beta_vw      0.00000e+00     fixed    
  17  LM           2.63157e-04   constant   
  18  zeta_y       0.00000e+00   constant   
  19  zeta_vw      0.00000e+00   constant   
  20  T_CBO        9.14178e+01   5.04542e+02   2.43440e-04   2.17548e-03
  21  alpha_A0    -2.97886e-02   4.43460e-01   3.71602e-04   3.00736e-02
  22  beta_A0     -6.61751e-02   9.72325e-01   3.46644e-04   2.38255e-02
  23  alpha_phi   -6.68215e-02   9.52076e-01   3.41212e-04  -2.95235e-03
  24  beta_phi    -7.23083e-02   1.03900e+00   3.51247e-04  -1.19969e-02
 CALL LIMIT EXCEEDED IN MIGRAD.
 MIGRAD TERMINATED WITHOUT CONVERGENCE.
 FCN=41.5832 FROM MIGRAD    STATUS=CALL LIMIT   1914 CALLS        4563 TOTAL
                     EDM=7.96086e-05    STRATEGY= 1  ERROR MATRIX UNCERTAINTY   0.4 per cent
  EXT PARAMETER                APPROXIMATE        STEP         FIRST   
  NO.   NAME      VALUE            ERROR          SIZE      DERIVATIVE 
   1  N0           2.88643e+06   1.68280e+03  -1.11587e+00   2.73986e-07
   2  tau          6.44131e+01   constant   
   3  A0           3.55039e-01   7.68573e-04  -2.00168e-06  -4.38099e+00
   4  phi          4.11711e+00   2.23458e-03   3.85520e-06   1.16247e+00
   5  R           -6.09726e+01   constant   
   6  alpha_CBO   -2.52834e-03   7.97476e-04   2.33751e-07   3.61102e+00
   7  w_CBO        2.32500e+00   constant   
   8  beta_CBO    -1.46531e-03   7.92058e-04  -1.90561e-06  -2.94816e+00
   9  alpha_2CBO  -1.12899e-03   7.52015e-04   4.91653e-06   1.22239e+01
  10  beta_2CBO    7.24858e-04     fixed    
  11  alpha_y      0.00000e+00     fixed    
  12  w_y          1.44500e+01   constant   
  13  beta_y      -2.59470e-04     fixed    
  14  alpha_vw     0.00000e+00     fixed    
  15  w_vw         1.29000e+01   constant   
  16  beta_vw      0.00000e+00     fixed    
  17  LM           2.63157e-04   constant   
  18  zeta_y       0.00000e+00   constant   
  19  zeta_vw      0.00000e+00   constant   
  20  T_CBO        4.56052e+01   4.49450e+01   2.68090e-04  -2.01043e-01
  21  alpha_A0    -1.19277e+00   8.16420e+00   1.55560e-02  -8.61190e-04
  22  beta_A0     -2.68224e+00   1.83422e+01   1.15771e-02   1.41108e-04
  23  alpha_phi   -2.38155e+00   1.61692e+01  -2.87377e-03   1.78935e-03
  24  beta_phi    -2.65316e+00   1.81757e+01  -4.10081e-03   1.95216e-03
 EXTERNAL ERROR MATRIX.    NDIM=  25    NPAR= 11    ERR DEF=1
  2.832e+06 
 -8.803e-02  5.907e-07 
 -5.140e-01 -5.145e-08  4.993e-06 
 -4.331e-02 -6.785e-09 -3.580e-07  6.360e-07 
  1.309e-01  1.249e-07 -1.528e-07 -1.333e-08  6.274e-07 
 -2.622e-02  2.839e-08  3.522e-08 -3.829e-08  6.188e-09  5.655e-07 
 -9.720e+02  6.529e-03 -6.358e-03 -5.164e-04  4.252e-03 -9.661e-03  2.052e+03 
 -9.316e+02  1.228e-03 -7.778e-04 -1.788e-04  5.379e-04 -1.579e-03  3.579e+02  6.665e+01 
 -6.386e+02  2.592e-03 -2.055e-03 -3.598e-04  1.463e-03 -4.146e-03  8.261e+02  1.465e+02  3.364e+02 
  2.030e+02  2.161e-03 -1.928e-03 -3.005e-04  1.417e-03 -3.917e-03  7.244e+02  1.245e+02  2.941e+02  2.614e+02 
  3.229e+02  2.413e-03 -2.227e-03 -3.333e-04  1.601e-03 -4.426e-03  8.137e+02  1.397e+02  3.303e+02  2.939e+02  3.304e+02 
ERR MATRIX APPROXIMATE
 PARAMETER  CORRELATION COEFFICIENTS  
       NO.  GLOBAL      1      3      4      6      8      9     20     21     22     23     24
        1  0.32732   1.000 -0.068 -0.137 -0.032  0.098 -0.021 -0.013 -0.068 -0.021  0.007  0.011
        3  0.30737  -0.068  1.000 -0.030 -0.011  0.205  0.049  0.188  0.196  0.184  0.174  0.173
        4  0.30095  -0.137 -0.030  1.000 -0.201 -0.086  0.021 -0.063 -0.043 -0.050 -0.053 -0.055
        6  0.26186  -0.032 -0.011 -0.201  1.000 -0.021 -0.064 -0.014 -0.027 -0.025 -0.023 -0.023
        8  0.30591   0.098  0.205 -0.086 -0.021  1.000  0.010  0.118  0.083  0.101  0.111  0.111
        9  0.44958  -0.021  0.049  0.021 -0.064  0.010  1.000 -0.284 -0.257 -0.301 -0.322 -0.324
       20  0.99503  -0.013  0.188 -0.063 -0.014  0.118 -0.284  1.000  0.968  0.994  0.989  0.988
       21  0.99975  -0.068  0.196 -0.043 -0.027  0.083 -0.257  0.968  1.000  0.978  0.943  0.941
       22  0.99996  -0.021  0.184 -0.050 -0.025  0.101 -0.301  0.994  0.978  1.000  0.992  0.991
       23  0.99996   0.007  0.174 -0.053 -0.023  0.111 -0.322  0.989  0.943  0.992  1.000  1.000
       24  0.99996   0.011  0.173 -0.055 -0.023  0.111 -0.324  0.988  0.941  0.991  1.000  1.000
 ERR MATRIX APPROXIMATE
MINUIT - FIT ONLY 1-y
 **********
 **   51 **RES 
 **********
                   PARAMETER   16  beta_vw RESTORED TO VARIABLE.
                   PARAMETER   14  alpha_vw RESTORED TO VARIABLE.
                   PARAMETER   13  beta_y RESTORED TO VARIABLE.
                   PARAMETER   11  alpha_y RESTORED TO VARIABLE.
                   PARAMETER   10  beta_2CBO RESTORED TO VARIABLE.
 **********
 **   52 **FIX            0
 **********
 PARAMETER    0  IS UNDEFINED. IGNORED.
 **********
 **   53 **FIX            1
 **********
 **********
 **   54 **FIX            2
 **********
 PARAMETER    2  IS CONSTANT.   IGNORED.
 **********
 **   55 **FIX            3
 **********
 **********
 **   56 **FIX            4
 **********
 **********
 **   57 **FIX            5
 **********
 PARAMETER    5  IS CONSTANT.   IGNORED.
 **********
 **   58 **FIX            6
 **********
 **********
 **   59 **FIX            7
 **********
 PARAMETER    7  IS CONSTANT.   IGNORED.
 **********
 **   60 **FIX            8
 **********
 **********
 **   61 **FIX            9
 **********
 **********
 **   62 **FIX           13
 **********
 **********
 **   63 **FIX           14
 **********
 **********
 **   64 **FIX           15
 **********
 PARAMETER   15  IS CONSTANT.   IGNORED.
 **********
 **   65 **FIX           16
 **********
 **********
 **   66 **MIGRAD
 **********
 START MIGRAD MINIMIZATION.  STRATEGY  1.  CONVERGENCE WHEN EDM .LT. 1.00e-04
 FCN=41.5832 FROM MIGRAD    STATUS=INITIATE       16 CALLS        4579 TOTAL
                     EDM= unknown      STRATEGY= 1      NO ERROR MATRIX       
  EXT PARAMETER               CURRENT GUESS       STEP         FIRST   
  NO.   NAME      VALUE            ERROR          SIZE      DERIVATIVE 
   1  N0           2.88643e+06     fixed    
   2  tau          6.44131e+01   constant   
   3  A0           3.55039e-01     fixed    
   4  phi          4.11711e+00     fixed    
   5  R           -6.09726e+01   constant   
   6  alpha_CBO   -2.52834e-03     fixed    
   7  w_CBO        2.32500e+00   constant   
   8  beta_CBO    -1.46531e-03     fixed    
   9  alpha_2CBO  -1.12899e-03     fixed    
  10  beta_2CBO    7.24858e-04   7.47211e-04   7.47211e-04  -3.12143e+02
  11  alpha_y      0.00000e+00   1.00000e-03   1.00000e-03   9.20189e+02
  12  w_y          1.44500e+01   constant   
  13  beta_y      -2.59470e-04     fixed    
  14  alpha_vw     0.00000e+00     fixed    
  15  w_vw         1.29000e+01   constant   
  16  beta_vw      0.00000e+00     fixed    
  17  LM           2.63157e-04   constant   
  18  zeta_y       0.00000e+00   constant   
  19  zeta_vw      0.00000e+00   constant   
  20  T_CBO        4.56052e+01   4.49450e+01   2.68090e-04  -2.01048e-01
  21  alpha_A0    -1.19277e+00   8.16420e+00   1.55560e-02  -8.61191e-04
  22  beta_A0     -2.68224e+00   1.83422e+01   1.15771e-02   1.41109e-04
  23  alpha_phi   -2.38155e+00   1.61692e+01  -2.87377e-03   1.78935e-03
  24  beta_phi    -2.65316e+00   1.81757e+01  -4.10081e-03   1.95216e-03
 MIGRAD MINIMIZATION HAS CONVERGED.
 MIGRAD WILL VERIFY CONVERGENCE AND ERROR MATRIX.
 COVARIANCE MATRIX CALCULATED SUCCESSFULLY
 FCN=41.4424 FROM HESSE     STATUS=OK             50 CALLS        4692 TOTAL
                     EDM=0.000640443    STRATEGY= 1      ERROR MATRIX ACCURATE 
  EXT PARAMETER                                   STEP         FIRST   
  NO.   NAME      VALUE            ERROR          SIZE      DERIVATIVE 
   1  N0           2.88643e+06     fixed    
   2  tau          6.44131e+01   constant   
   3  A0           3.55039e-01     fixed    
   4  phi          4.11711e+00     fixed    
   5  R           -6.09726e+01   constant   
   6  alpha_CBO   -2.52834e-03     fixed    
   7  w_CBO        2.32500e+00   constant   
   8  beta_CBO    -1.46531e-03     fixed    
   9  alpha_2CBO  -1.12899e-03     fixed    
  10  beta_2CBO    8.23899e-04   7.87427e-04   2.43785e-06   9.04353e-01
  11  alpha_y     -2.72519e-04   7.68446e-04   2.44382e-06   2.25091e-01
  12  w_y          1.44500e+01   constant   
  13  beta_y      -2.59470e-04     fixed    
  14  alpha_vw     0.00000e+00     fixed    
  15  w_vw         1.29000e+01   constant   
  16  beta_vw      0.00000e+00     fixed    
  17  LM           2.63157e-04   constant   
  18  zeta_y       0.00000e+00   constant   
  19  zeta_vw      0.00000e+00   constant   
  20  T_CBO        4.56020e+01   9.25467e+01   8.34566e-05   4.25912e-02
  21  alpha_A0    -1.19486e+00   1.87202e+01   1.40097e-02   1.55793e-04
  22  beta_A0     -2.78163e+00   4.32828e+01   1.31546e-02   2.40393e-04
  23  alpha_phi   -2.30139e+00   3.46636e+01   1.28638e-02   1.86653e-04
  24  beta_phi    -2.65854e+00   4.04802e+01   1.31967e-02   2.83506e-04
 CALL LIMIT EXCEEDED IN MIGRAD.
 MIGRAD TERMINATED WITHOUT CONVERGENCE.
 FCN=41.4245 FROM MIGRAD    STATUS=CALL LIMIT   1151 CALLS        5714 TOTAL
                     EDM=0.000181814    STRATEGY= 1  ERROR MATRIX UNCERTAINTY  29.8 per cent
  EXT PARAMETER                APPROXIMATE        STEP         FIRST   
  NO.   NAME      VALUE            ERROR          SIZE      DERIVATIVE 
   1  N0           2.88643e+06     fixed    
   2  tau          6.44131e+01   constant   
   3  A0           3.55039e-01     fixed    
   4  phi          4.11711e+00     fixed    
   5  R           -6.09726e+01   constant   
   6  alpha_CBO   -2.52834e-03     fixed    
   7  w_CBO        2.32500e+00   constant   
   8  beta_CBO    -1.46531e-03     fixed    
   9  alpha_2CBO  -1.12899e-03     fixed    
  10  beta_2CBO    8.32713e-04   7.99987e-04  -2.32869e-06   5.97215e+00
  11  alpha_y     -2.71954e-04   7.75663e-04  -1.27131e-06   2.64371e+00
  12  w_y          1.44500e+01   constant   
  13  beta_y      -2.59470e-04     fixed    
  14  alpha_vw     0.00000e+00     fixed    
  15  w_vw         1.29000e+01   constant   
  16  beta_vw      0.00000e+00     fixed    
  17  LM           2.63157e-04   constant   
  18  zeta_y       0.00000e+00   constant   
  19  zeta_vw      0.00000e+00   constant   
  20  T_CBO        2.72838e+01   2.16151e+01  -1.76928e-03  -1.59421e+00
  21  alpha_A0    -1.57520e+02   1.35231e+03  -1.69881e+01   1.05616e-05
  22  beta_A0     -3.82760e+02   3.30572e+03  -4.15205e+01   5.59521e-05
  23  alpha_phi   -2.77977e+02   2.36911e+03  -2.97690e+01  -2.65054e-05
  24  beta_phi    -3.33297e+02   2.86354e+03  -3.59688e+01   3.03000e-05
 EXTERNAL ERROR MATRIX.    NDIM=  25    NPAR=  7    ERR DEF=1
  6.400e-07  2.617e-08  9.692e-04  6.656e-02  1.627e-01  1.175e-01  1.413e-01 
  2.617e-08  6.017e-07  5.515e-04  3.876e-02  9.492e-02  6.795e-02  8.216e-02 
  9.692e-04  5.515e-04  4.700e+02  2.925e+04  7.149e+04  5.124e+04  6.193e+04 
  6.656e-02  3.876e-02  2.925e+04  1.829e+06  4.470e+06  3.204e+06  3.872e+06 
  1.627e-01  9.492e-02  7.149e+04  4.470e+06  1.093e+07  7.832e+06  9.466e+06 
