 + ++++++++++++++++++++++++++++++++++++++++++++++++++++++++++++++++++++ +
 +                                                                      +
 +           You have chose to blind your fitting according to          +
 +                omega_ref * (1 + (R +/- deltaR) *10^{-6})             +
 +                                                                      +
 + ++++++++++++++++++++++++++++++++++++++++++++++++++++++++++++++++++++ +
In main()...
reading format from /gm2data/zkhechad/run45/envelope/formats/formatB_sBin_constraintOn.txt
pBinTau 	= 0  
pBinPhi 	= 0  
constraintau 	= 1 
includeMopTerm 	= 0    
constrainMop    = 0   
Parameters after format file: pBinTau 0 pBinPhi 0 constraintau 1 includeMopTerm 0 constrainMop 0 c_e_scale 0.000000 
Opening file /gm2data/tbarrett/gm2fr/studies/run23_bunch_corrections/CorrectedFourier_Run3b.root.
reading full fit data from /gm2data/zkhechad/cboTemplates/Run4CBOTemplates/fullFits/noRF/sBin_constraintOn_cE0.0_seed0_noRF_calo20.root
windowBins = 69
fitting sliding window 2240 from bin 2376 at 354.350000 to bin 2445 at 364.794000 (69 bins)

Reading data from /gm2data/cornell/histograms/aMethod/histogram_a_noRF.root
 **********
 **    1 **SET PRINTOUT            1
 **********
 **********
 **    2 **SET NOWARNINGS 
 **********
 PARAMETER DEFINITIONS:
    NO.   NAME         VALUE      STEP SIZE      LIMITS
     1 N0           3.28956e+06  1.00000e+02     no limits
     2 tau          6.44008e+01  constant
     3 A0           3.64481e-01  1.00000e-04     no limits
     4 phi          4.11985e+00  1.00000e-02     no limits
     5 R           -6.04681e+01  constant
     6 alpha_CBO    0.00000e+00  1.00000e-03     no limits
     7 w_CBO        2.32500e+00  constant
     8 beta_CBO     0.00000e+00  1.00000e-03     no limits
     9 alpha_2CBO   0.00000e+00  1.00000e-03     no limits
    10 beta_2CBO    0.00000e+00  1.00000e-03     no limits
    11 alpha_y      0.00000e+00  1.00000e-03     no limits
    12 w_y          1.38860e+01  constant
    13 beta_y       0.00000e+00  1.00000e-03     no limits
    14 alpha_vw     0.00000e+00  1.00000e-03     no limits
    15 w_vw         1.43404e+01  constant
    16 beta_vw      0.00000e+00  1.00000e-03     no limits
    17 LM          -2.11005e-04  constant
    18 zeta_y       0.00000e+00  constant
    19 zeta_vw      0.00000e+00  constant
    20 T_CBO        1.00000e+02  1.00000e+00    0.00000e+00  1.00000e+03
    21 alpha_A0     0.00000e+00  1.00000e-04   -1.00000e-02  1.00000e-02
    22 beta_A0      0.00000e+00  1.00000e-04   -1.00000e-02  1.00000e-02
    23 alpha_phi    0.00000e+00  1.00000e-04   -1.00000e-02  1.00000e-02
    24 beta_phi     0.00000e+00  1.00000e-04   -1.00000e-02  1.00000e-02
MINUIT - FIT ONLY WIGGLE
 **********
 **    3 **FIX            5
 **********
 PARAMETER    5  IS CONSTANT.   IGNORED.
 **********
 **    4 **FIX            6
 **********
 **********
 **    5 **FIX            7
 **********
 PARAMETER    7  IS CONSTANT.   IGNORED.
 **********
 **    6 **FIX            8
 **********
 **********
 **    7 **FIX            9
 **********
 **********
 **    8 **FIX           10
 **********
 **********
 **    9 **FIX           11
 **********
 **********
 **   10 **FIX           12
 **********
 PARAMETER   12  IS CONSTANT.   IGNORED.
 **********
 **   11 **FIX           13
 **********
 **********
 **   12 **FIX           14
 **********
 **********
 **   13 **FIX           15
 **********
 PARAMETER   15  IS CONSTANT.   IGNORED.
 **********
 **   14 **FIX           16
 **********
 **********
 **   15 **MIGRAD
 **********
 FIRST CALL TO USER FUNCTION AT NEW START POINT, WITH IFLAG=4.
 START MIGRAD MINIMIZATION.  STRATEGY  1.  CONVERGENCE WHEN EDM .LT. 1.00e-04
 FCN=84.408 FROM MIGRAD    STATUS=INITIATE      437 CALLS         438 TOTAL
                     EDM= unknown      STRATEGY= 1      NO ERROR MATRIX       
  EXT PARAMETER               CURRENT GUESS       STEP         FIRST   
  NO.   NAME      VALUE            ERROR          SIZE      DERIVATIVE 
   1  N0           3.28956e+06   1.00000e+02   0.00000e+00  -5.73365e-04
   2  tau          6.44008e+01   constant   
   3  A0           3.64481e-01   1.00000e-04   0.00000e+00   2.07981e+03
   4  phi          4.11985e+00   1.00000e-02   0.00000e+00  -8.50486e+02
   5  R           -6.04681e+01   constant   
   6  alpha_CBO    0.00000e+00     fixed    
   7  w_CBO        2.32500e+00   constant   
   8  beta_CBO     0.00000e+00     fixed    
   9  alpha_2CBO   0.00000e+00     fixed    
  10  beta_2CBO    0.00000e+00     fixed    
  11  alpha_y      0.00000e+00     fixed    
  12  w_y          1.38860e+01   constant   
  13  beta_y       0.00000e+00     fixed    
  14  alpha_vw     0.00000e+00     fixed    
  15  w_vw         1.43404e+01   constant   
  16  beta_vw      0.00000e+00     fixed    
  17  LM          -2.11005e-04   constant   
  18  zeta_y       0.00000e+00   constant   
  19  zeta_vw      0.00000e+00   constant   
  20  T_CBO        1.00000e+02   1.00000e+00   0.00000e+00   0.00000e+00
  21  alpha_A0     0.00000e+00   1.00000e-04   0.00000e+00  -4.13782e-02
  22  beta_A0      0.00000e+00   1.00000e-04   0.00000e+00   1.18620e-01
  23  alpha_phi    0.00000e+00   1.00000e-04   0.00000e+00  -5.43682e-02
  24  beta_phi     0.00000e+00   1.00000e-04   0.00000e+00   2.13157e-01
 CALL LIMIT EXCEEDED IN MIGRAD.
 MIGRAD TERMINATED WITHOUT CONVERGENCE.
 FCN=79.8162 FROM MIGRAD    STATUS=CALL LIMIT   1323 CALLS        1324 TOTAL
                     EDM=0.000151092    STRATEGY= 1  ERROR MATRIX UNCERTAINTY   2.6 per cent
  EXT PARAMETER                APPROXIMATE        STEP         FIRST   
  NO.   NAME      VALUE            ERROR          SIZE      DERIVATIVE 
   1  N0           3.29091e+06   2.20500e+03   7.11390e+00  -1.46187e-06
   2  tau          6.44008e+01   constant   
   3  A0           3.63673e-01   8.84180e-04  -3.77348e-06  -5.34130e-01
   4  phi          4.12303e+00   2.54248e-03  -7.62303e-06   5.15941e-01
   5  R           -6.04681e+01   constant   
   6  alpha_CBO    0.00000e+00     fixed    
   7  w_CBO        2.32500e+00   constant   
   8  beta_CBO     0.00000e+00     fixed    
   9  alpha_2CBO   0.00000e+00     fixed    
  10  beta_2CBO    0.00000e+00     fixed    
  11  alpha_y      0.00000e+00     fixed    
  12  w_y          1.38860e+01   constant   
  13  beta_y       0.00000e+00     fixed    
  14  alpha_vw     0.00000e+00     fixed    
  15  w_vw         1.43404e+01   constant   
  16  beta_vw      0.00000e+00     fixed    
  17  LM          -2.11005e-04   constant   
  18  zeta_y       0.00000e+00   constant   
  19  zeta_vw      0.00000e+00   constant   
  20  T_CBO        9.47353e+02   5.24569e+02   1.20467e-01  -4.42387e-03
  21  alpha_A0     7.76165e-04   6.02522e-03  -4.87558e-04   1.98462e-03
  22  beta_A0     -4.58135e-03   7.44083e-03   7.01320e-03   3.38642e-02
  23  alpha_phi   -1.54669e-04   6.60250e-03   7.61615e-04  -1.97431e-03
  24  beta_phi    -4.75688e-03   7.26685e-03  -1.13741e-02  -2.82343e-02
 EXTERNAL ERROR MATRIX.    NDIM=  25    NPAR=  8    ERR DEF=1
  4.862e+06 -1.431e-02  7.610e-01 -5.117e+03  1.983e+00 -1.673e+00 -1.985e+00 -2.207e+00 
 -1.431e-02  7.818e-07 -1.011e-07 -5.874e-02  4.178e-07  4.155e-07  1.292e-06  2.004e-07 
  7.610e-01 -1.011e-07  6.464e-06 -1.416e-01 -8.517e-07 -1.497e-06 -2.350e-06 -9.266e-07 
 -5.117e+03 -5.874e-02 -1.416e-01  7.164e+06  4.352e+00  2.031e+01  1.662e-02 -1.994e+01 
  1.983e+00  4.178e-07 -8.517e-07  4.352e+00  4.186e-05  1.327e-05  9.533e-07 -1.127e-05 
 -1.673e+00  4.155e-07 -1.497e-06  2.031e+01  1.327e-05  7.775e-05  7.986e-06 -4.487e-05 
 -1.985e+00  1.292e-06 -2.350e-06  1.662e-02  9.533e-07  7.986e-06  5.201e-05  5.811e-06 
 -2.207e+00  2.004e-07 -9.266e-07 -1.994e+01 -1.127e-05 -4.487e-05  5.811e-06  7.313e-05 
ERR MATRIX APPROXIMATE
 PARAMETER  CORRELATION COEFFICIENTS  
       NO.  GLOBAL      1      3      4     20     21     22     23     24
        1  0.31399   1.000 -0.007  0.136 -0.001  0.139 -0.086 -0.125 -0.117
        3  0.26544  -0.007  1.000 -0.045 -0.025  0.073  0.053  0.203  0.027
        4  0.20269   0.136 -0.045  1.000 -0.021 -0.052 -0.067 -0.128 -0.043
       20  0.97087  -0.001 -0.025 -0.021  1.000  0.251  0.861  0.001 -0.871
       21  0.31073   0.139  0.073 -0.052  0.251  1.000  0.233  0.020 -0.204
       22  0.92060  -0.086  0.053 -0.067  0.861  0.233  1.000  0.126 -0.595
       23  0.32697  -0.125  0.203 -0.128  0.001  0.020  0.126  1.000  0.094
       24  0.92646  -0.117  0.027 -0.043 -0.871 -0.204 -0.595  0.094  1.000
 ERR MATRIX APPROXIMATE
MINUIT - FIT ONLY 1-CBO + wiggle
 **********
 **   16 **RES 
 **********
                   PARAMETER   16  beta_vw RESTORED TO VARIABLE.
                   PARAMETER   14  alpha_vw RESTORED TO VARIABLE.
                   PARAMETER   13  beta_y RESTORED TO VARIABLE.
                   PARAMETER   11  alpha_y RESTORED TO VARIABLE.
                   PARAMETER   10  beta_2CBO RESTORED TO VARIABLE.
                   PARAMETER    9  alpha_2CBO RESTORED TO VARIABLE.
                   PARAMETER    8  beta_CBO RESTORED TO VARIABLE.
                   PARAMETER    6  alpha_CBO RESTORED TO VARIABLE.
 **********
 **   17 **FIX            8
 **********
 **********
 **   18 **FIX            9
 **********
 **********
 **   19 **FIX           11
 **********
 **********
 **   20 **FIX           12
 **********
 PARAMETER   12  IS CONSTANT.   IGNORED.
 **********
 **   21 **FIX           14
 **********
 **********
 **   22 **FIX           15
 **********
 PARAMETER   15  IS CONSTANT.   IGNORED.
 **********
 **   23 **FIX           16
 **********
 **********
 **   24 **MIGRAD
 **********
 START MIGRAD MINIMIZATION.  STRATEGY  1.  CONVERGENCE WHEN EDM .LT. 1.00e-04
 FCN=79.8162 FROM MIGRAD    STATUS=INITIATE       28 CALLS        1352 TOTAL
                     EDM= unknown      STRATEGY= 1      NO ERROR MATRIX       
  EXT PARAMETER               CURRENT GUESS       STEP         FIRST   
  NO.   NAME      VALUE            ERROR          SIZE      DERIVATIVE 
   1  N0           3.29091e+06   2.20500e+03   7.11390e+00  -1.46187e-06
   2  tau          6.44008e+01   constant   
   3  A0           3.63673e-01   8.84180e-04  -3.77348e-06  -5.34130e-01
   4  phi          4.12303e+00   2.54248e-03  -7.62303e-06   5.15942e-01
   5  R           -6.04681e+01   constant   
   6  alpha_CBO    0.00000e+00   1.00000e-03   1.00000e-03  -2.79615e+03
   7  w_CBO        2.32500e+00   constant   
   8  beta_CBO     0.00000e+00     fixed    
   9  alpha_2CBO   0.00000e+00     fixed    
  10  beta_2CBO    0.00000e+00   1.00000e-03   1.00000e-03   7.38438e+02
  11  alpha_y      0.00000e+00     fixed    
  12  w_y          1.38860e+01   constant   
  13  beta_y       0.00000e+00   1.00000e-03   1.00000e-03  -5.84567e+02
  14  alpha_vw     0.00000e+00     fixed    
  15  w_vw         1.43404e+01   constant   
  16  beta_vw      0.00000e+00     fixed    
  17  LM          -2.11005e-04   constant   
  18  zeta_y       0.00000e+00   constant   
  19  zeta_vw      0.00000e+00   constant   
  20  T_CBO        9.47353e+02   5.24569e+02   1.20467e-01  -4.43548e-03
  21  alpha_A0     7.76165e-04   6.02522e-03  -4.87558e-04  -1.98458e-03
  22  beta_A0     -4.58135e-03   7.44083e-03   7.01320e-03   3.38639e-02
  23  alpha_phi   -1.54669e-04   6.60250e-03   7.61615e-04  -1.97432e-03
  24  beta_phi    -4.75688e-03   7.26685e-03  -1.13741e-02   2.82339e-02
 MIGRAD MINIMIZATION HAS CONVERGED.
 FCN=77.7098 FROM MIGRAD    STATUS=CONVERGED     252 CALLS        1576 TOTAL
                     EDM=3.21703e-06    STRATEGY= 1  ERROR MATRIX UNCERTAINTY   2.1 per cent
  EXT PARAMETER                                   STEP         FIRST   
  NO.   NAME      VALUE            ERROR          SIZE      DERIVATIVE 
   1  N0           3.29088e+06   2.34712e+03  -3.67553e+00  -2.12280e-07
   2  tau          6.44008e+01   constant   
   3  A0           3.63548e-01   8.89790e-04   6.12403e-07  -2.41641e-01
   4  phi          4.12251e+00   2.54574e-03  -3.80967e-06  -1.22414e-01
   5  R           -6.04681e+01   constant   
   6  alpha_CBO    1.37658e-03   9.93269e-04  -9.22521e-07  -3.40740e-01
   7  w_CBO        2.32500e+00   constant   
   8  beta_CBO     0.00000e+00     fixed    
   9  alpha_2CBO   0.00000e+00     fixed    
  10  beta_2CBO   -2.78711e-04   9.35350e-04  -1.32429e-06  -8.71993e-01
  11  alpha_y      0.00000e+00     fixed    
  12  w_y          1.38860e+01   constant   
  13  beta_y       2.70061e-04   9.41173e-04   1.43316e-06   5.93195e-01
  14  alpha_vw     0.00000e+00     fixed    
  15  w_vw         1.43404e+01   constant   
  16  beta_vw      0.00000e+00     fixed    
  17  LM          -2.11005e-04   constant   
  18  zeta_y       0.00000e+00   constant   
  19  zeta_vw      0.00000e+00   constant   
  20  T_CBO        9.99130e+02   7.86083e+02   6.88987e-02  -1.65072e-04
  21  alpha_A0     1.83231e-03   5.31917e-03   2.73986e-04   1.99873e-05
  22  beta_A0     -4.43347e-03   6.97680e-03   6.68481e-04   2.43105e-03
  23  alpha_phi    2.13835e-04   4.98074e-03  -8.80852e-04  -4.16344e-03
  24  beta_phi    -4.42251e-03   6.42734e-03  -4.15286e-04   1.13193e-03
 EXTERNAL ERROR MATRIX.    NDIM=  25    NPAR= 11    ERR DEF=1
  5.509e+06 
  2.240e-01  7.917e-07 
  9.856e-01 -2.431e-08  6.481e-06 
 -2.627e-02 -8.793e-08 -3.829e-07  9.866e-07 
  4.712e-02  1.485e-08 -5.987e-09  2.492e-08  8.749e-07 
  3.681e-02  1.388e-08  2.720e-08  1.420e-08  1.359e-08  8.858e-07 
 -1.457e+05  1.838e-02 -1.552e-01 -4.482e-02 -6.664e-02  6.317e-02  7.640e+05 
 -1.411e+00 -4.026e-07  3.749e-07  8.328e-07 -6.496e-08 -2.136e-07 -1.616e+00  3.159e-05 
 -2.027e+00  5.168e-07 -2.425e-06 -1.535e-08 -6.773e-08  2.011e-07  4.404e+00 -1.332e-05  6.393e-05 
 -1.853e+00  4.195e-07 -1.120e-06  1.827e-07  2.703e-08  2.585e-07 -7.181e-01  1.032e-06  4.533e-07  2.718e-05 
  1.483e+00  2.916e-07 -7.670e-07  2.503e-08 -1.587e-07  3.112e-07  3.972e+00 -1.265e-05  2.844e-05 -2.643e-06  5.135e-05 
 PARAMETER  CORRELATION COEFFICIENTS  
       NO.  GLOBAL      1      3      4      6     10     13     20     21     22     23     24
        1  0.34826   1.000  0.107  0.165 -0.011  0.021  0.017 -0.071 -0.107 -0.108 -0.151  0.088
        3  0.20785   0.107  1.000 -0.011 -0.099  0.018  0.017  0.024 -0.081  0.073  0.090  0.046
        4  0.25648   0.165 -0.011  1.000 -0.151 -0.003  0.011 -0.070  0.026 -0.119 -0.084 -0.042
        6  0.25261  -0.011 -0.099 -0.151  1.000  0.027  0.015 -0.052  0.149 -0.002  0.035  0.004
       10  0.11456   0.021  0.018 -0.003  0.027  1.000  0.015 -0.082 -0.012 -0.009  0.006 -0.024
       13  0.11978   0.017  0.017  0.011  0.015  0.015  1.000  0.077 -0.040  0.027  0.053  0.046
       20  0.75784  -0.071  0.024 -0.070 -0.052 -0.082  0.077  1.000 -0.329  0.630 -0.158  0.634
       21  0.41627  -0.107 -0.081  0.026  0.149 -0.012 -0.040 -0.329  1.000 -0.296  0.035 -0.314
       22  0.66636  -0.108  0.073 -0.119 -0.002 -0.009  0.027  0.630 -0.296  1.000  0.011  0.496
       23  0.29929  -0.151  0.090 -0.084  0.035  0.006  0.053 -0.158  0.035  0.011  1.000 -0.071
       24  0.66908   0.088  0.046 -0.042  0.004 -0.024  0.046  0.634 -0.314  0.496 -0.071  1.000
MINUIT - FIT ONLY 2-CBO
 **********
 **   25 **RES 
 **********
                   PARAMETER   16  beta_vw RESTORED TO VARIABLE.
                   PARAMETER   14  alpha_vw RESTORED TO VARIABLE.
                   PARAMETER   11  alpha_y RESTORED TO VARIABLE.
                   PARAMETER    9  alpha_2CBO RESTORED TO VARIABLE.
                   PARAMETER    8  beta_CBO RESTORED TO VARIABLE.
 **********
 **   26 **FIX            0
 **********
 PARAMETER    0  IS UNDEFINED. IGNORED.
 **********
 **   27 **FIX            1
 **********
 **********
 **   28 **FIX            2
 **********
 PARAMETER    2  IS CONSTANT.   IGNORED.
 **********
 **   29 **FIX            3
 **********
 **********
 **   30 **FIX            4
 **********
 **********
 **   31 **FIX            5
 **********
 PARAMETER    5  IS CONSTANT.   IGNORED.
 **********
 **   32 **FIX            6
 **********
 **********
 **   33 **FIX            7
 **********
 PARAMETER    7  IS CONSTANT.   IGNORED.
 **********
 **   34 **FIX           10
 **********
 **********
 **   35 **FIX           11
 **********
 **********
 **   36 **FIX           12
 **********
 PARAMETER   12  IS CONSTANT.   IGNORED.
 **********
 **   37 **FIX           13
 **********
 **********
 **   38 **FIX           14
 **********
 **********
 **   39 **FIX           15
 **********
 PARAMETER   15  IS CONSTANT.   IGNORED.
 **********
 **   40 **FIX           16
 **********
 **********
 **   41 **MIGRAD
 **********
 START MIGRAD MINIMIZATION.  STRATEGY  1.  CONVERGENCE WHEN EDM .LT. 1.00e-04
 FCN=77.7098 FROM MIGRAD    STATUS=INITIATE       18 CALLS        1594 TOTAL
                     EDM= unknown      STRATEGY= 1      NO ERROR MATRIX       
  EXT PARAMETER               CURRENT GUESS       STEP         FIRST   
  NO.   NAME      VALUE            ERROR          SIZE      DERIVATIVE 
   1  N0           3.29088e+06     fixed    
   2  tau          6.44008e+01   constant   
   3  A0           3.63548e-01     fixed    
   4  phi          4.12251e+00     fixed    
   5  R           -6.04681e+01   constant   
   6  alpha_CBO    1.37658e-03     fixed    
   7  w_CBO        2.32500e+00   constant   
   8  beta_CBO     0.00000e+00   1.00000e-03   1.00000e-03  -4.35825e+03
   9  alpha_2CBO   0.00000e+00   1.00000e-03   1.00000e-03  -1.92710e+03
  10  beta_2CBO   -2.78711e-04     fixed    
  11  alpha_y      0.00000e+00     fixed    
  12  w_y          1.38860e+01   constant   
  13  beta_y       2.70061e-04     fixed    
  14  alpha_vw     0.00000e+00     fixed    
  15  w_vw         1.43404e+01   constant   
  16  beta_vw      0.00000e+00     fixed    
  17  LM          -2.11005e-04   constant   
  18  zeta_y       0.00000e+00   constant   
  19  zeta_vw      0.00000e+00   constant   
  20  T_CBO        9.99130e+02   7.86083e+02   6.88987e-02  -1.86251e-04
  21  alpha_A0     1.83231e-03   5.31917e-03   2.73986e-04   2.00041e-05
  22  beta_A0     -4.43347e-03   6.97680e-03   6.68481e-04   2.43102e-03
  23  alpha_phi    2.13835e-04   4.98074e-03  -8.80852e-04  -4.16344e-03
  24  beta_phi    -4.42251e-03   6.42734e-03  -4.15286e-04   1.13192e-03
 MIGRAD MINIMIZATION HAS CONVERGED.
 MIGRAD WILL VERIFY CONVERGENCE AND ERROR MATRIX.
 COVARIANCE MATRIX CALCULATED SUCCESSFULLY
 FCN=72.564 FROM MIGRAD    STATUS=CONVERGED     137 CALLS        1713 TOTAL
                     EDM=1.23896e-05    STRATEGY= 1      ERROR MATRIX ACCURATE 
  EXT PARAMETER                                   STEP         FIRST   
  NO.   NAME      VALUE            ERROR          SIZE      DERIVATIVE 
   1  N0           3.29088e+06     fixed    
   2  tau          6.44008e+01   constant   
   3  A0           3.63548e-01     fixed    
   4  phi          4.12251e+00     fixed    
   5  R           -6.04681e+01   constant   
   6  alpha_CBO    1.37658e-03     fixed    
   7  w_CBO        2.32500e+00   constant   
   8  beta_CBO     1.97786e-03   9.59123e-04   3.91139e-06   2.00198e-03
   9  alpha_2CBO   8.67224e-04   9.81067e-04   4.00460e-06   9.06436e-01
  10  beta_2CBO   -2.78711e-04     fixed    
  11  alpha_y      0.00000e+00     fixed    
  12  w_y          1.38860e+01   constant   
  13  beta_y       2.70061e-04     fixed    
  14  alpha_vw     0.00000e+00     fixed    
  15  w_vw         1.43404e+01   constant   
  16  beta_vw      0.00000e+00     fixed    
  17  LM          -2.11005e-04   constant   
  18  zeta_y       0.00000e+00   constant   
  19  zeta_vw      0.00000e+00   constant   
  20  T_CBO        9.99592e+02   7.69843e+02   1.20610e-01   3.99704e-05
  21  alpha_A0     1.16098e-03   4.90399e-03   2.07460e-03   1.63856e-03
  22  beta_A0     -2.13579e-03   5.34760e-03   2.20181e-03  -2.28995e-03
  23  alpha_phi    2.70564e-04   5.11078e-03   2.22699e-03   1.98836e-03
  24  beta_phi    -3.96369e-03   5.65827e-03   2.09006e-03  -3.23331e-03
 EXTERNAL ERROR MATRIX.    NDIM=  25    NPAR=  7    ERR DEF=1
  9.199e-07 -2.790e-08  3.524e-03 -3.355e-08  9.081e-07  2.036e-07  5.329e-07 
 -2.790e-08  9.625e-07 -3.960e-03 -6.162e-07  3.207e-07 -4.118e-07 -7.360e-07 
  3.524e-03 -3.960e-03  1.232e+06  1.392e+00 -2.309e+00  3.393e-01 -4.318e+00 
 -3.355e-08 -6.162e-07  1.392e+00  2.631e-05 -2.622e-06 -7.839e-07 -3.010e-06 
  9.081e-07  3.207e-07 -2.309e+00 -2.622e-06  3.202e-05  1.534e-06  6.558e-06 
  2.036e-07 -4.118e-07  3.393e-01 -7.839e-07  1.534e-06  2.878e-05 -1.313e-06 
  5.329e-07 -7.360e-07 -4.318e+00 -3.010e-06  6.558e-06 -1.313e-06  3.717e-05 
 PARAMETER  CORRELATION COEFFICIENTS  
       NO.  GLOBAL      8      9     20     21     22     23     24
        8  0.22756   1.000 -0.030  0.003 -0.007  0.167  0.040  0.091
        9  0.22364  -0.030  1.000 -0.004 -0.122  0.058 -0.078 -0.123
       20  0.71463   0.003 -0.004  1.000  0.244 -0.368  0.057 -0.638
       21  0.28489  -0.007 -0.122  0.244  1.000 -0.090 -0.028 -0.096
       22  0.42087   0.167  0.058 -0.368 -0.090  1.000  0.051  0.190
       23  0.14014   0.040 -0.078  0.057 -0.028  0.051  1.000 -0.040
       24  0.66064   0.091 -0.123 -0.638 -0.096  0.190 -0.040  1.000
MINUIT - FIT wiggle + 1-CBO + 2-CBO
 **********
 **   42 **RES 
 **********
                   PARAMETER   16  beta_vw RESTORED TO VARIABLE.
                   PARAMETER   14  alpha_vw RESTORED TO VARIABLE.
                   PARAMETER   13  beta_y RESTORED TO VARIABLE.
                   PARAMETER   11  alpha_y RESTORED TO VARIABLE.
                   PARAMETER   10  beta_2CBO RESTORED TO VARIABLE.
                   PARAMETER    6  alpha_CBO RESTORED TO VARIABLE.
                   PARAMETER    4  phi RESTORED TO VARIABLE.
                   PARAMETER    3  A0 RESTORED TO VARIABLE.
                   PARAMETER    1  N0 RESTORED TO VARIABLE.
 **********
 **   43 **FIX           10
 **********
 **********
 **   44 **FIX           11
 **********
 **********
 **   45 **FIX           12
 **********
 PARAMETER   12  IS CONSTANT.   IGNORED.
 **********
 **   46 **FIX           13
 **********
 **********
 **   47 **FIX           14
 **********
 **********
 **   48 **FIX           15
 **********
 PARAMETER   15  IS CONSTANT.   IGNORED.
 **********
 **   49 **FIX           16
 **********
 **********
 **   50 **MIGRAD
 **********
 START MIGRAD MINIMIZATION.  STRATEGY  1.  CONVERGENCE WHEN EDM .LT. 1.00e-04
 FCN=72.564 FROM MIGRAD    STATUS=INITIATE       24 CALLS        1737 TOTAL
                     EDM= unknown      STRATEGY= 1      NO ERROR MATRIX       
  EXT PARAMETER               CURRENT GUESS       STEP         FIRST   
  NO.   NAME      VALUE            ERROR          SIZE      DERIVATIVE 
   1  N0           3.29088e+06   2.34712e+03   2.34712e+03  -1.27531e-04
   2  tau          6.44008e+01   constant   
   3  A0           3.63548e-01   8.89790e-04   8.89790e-04  -9.20207e+02
   4  phi          4.12251e+00   2.54574e-03   2.54574e-03   2.21349e+02
   5  R           -6.04681e+01   constant   
   6  alpha_CBO    1.37658e-03   9.93269e-04   9.93269e-04  -1.32232e+02
   7  w_CBO        2.32500e+00   constant   
   8  beta_CBO     1.97786e-03   9.59123e-04   3.91139e-06   2.00171e-03
   9  alpha_2CBO   8.67224e-04   9.81067e-04   4.00460e-06   9.06435e-01
  10  beta_2CBO   -2.78711e-04     fixed    
  11  alpha_y      0.00000e+00     fixed    
  12  w_y          1.38860e+01   constant   
  13  beta_y       2.70061e-04     fixed    
  14  alpha_vw     0.00000e+00     fixed    
  15  w_vw         1.43404e+01   constant   
  16  beta_vw      0.00000e+00     fixed    
  17  LM          -2.11005e-04   constant   
  18  zeta_y       0.00000e+00   constant   
  19  zeta_vw      0.00000e+00   constant   
  20  T_CBO        9.99592e+02   7.69843e+02   1.20610e-01  -8.33768e-05
  21  alpha_A0     1.16098e-03   4.90399e-03   2.07460e-03   1.63657e-03
  22  beta_A0     -2.13579e-03   5.34760e-03   2.20181e-03  -2.28625e-03
  23  alpha_phi    2.70564e-04   5.11078e-03   2.22699e-03   1.98790e-03
  24  beta_phi    -3.96369e-03   5.65827e-03   2.09006e-03  -3.22604e-03
 MIGRAD MINIMIZATION HAS CONVERGED.
 MIGRAD WILL VERIFY CONVERGENCE AND ERROR MATRIX.
 COVARIANCE MATRIX CALCULATED SUCCESSFULLY
 FCN=72.2517 FROM MIGRAD    STATUS=CONVERGED     251 CALLS        1964 TOTAL
                     EDM=2.50311e-06    STRATEGY= 1      ERROR MATRIX ACCURATE 
  EXT PARAMETER                                   STEP         FIRST   
  NO.   NAME      VALUE            ERROR          SIZE      DERIVATIVE 
   1  N0           3.29121e+06   2.36395e+03   8.63369e+00   4.16843e-07
   2  tau          6.44008e+01   constant   
   3  A0           3.63979e-01   9.35483e-04   3.67704e-06   1.58783e-01
   4  phi          4.12172e+00   2.59793e-03   1.03470e-05   1.60213e-01
   5  R           -6.04681e+01   constant   
   6  alpha_CBO    1.44753e-03   9.98259e-04   4.04175e-06  -1.25864e+00
   7  w_CBO        2.32500e+00   constant   
   8  beta_CBO     2.12265e-03   9.93976e-04   3.90269e-06  -5.28706e-02
   9  alpha_2CBO   8.63488e-04   9.84360e-04   3.99570e-06   4.27292e-01
  10  beta_2CBO   -2.78711e-04     fixed    
  11  alpha_y      0.00000e+00     fixed    
  12  w_y          1.38860e+01   constant   
  13  beta_y       2.70061e-04     fixed    
  14  alpha_vw     0.00000e+00     fixed    
  15  w_vw         1.43404e+01   constant   
  16  beta_vw      0.00000e+00     fixed    
  17  LM          -2.11005e-04   constant   
  18  zeta_y       0.00000e+00   constant   
  19  zeta_vw      0.00000e+00   constant   
  20  T_CBO        9.99975e+02   7.03364e+02   1.26128e-01  -2.11932e-05
  21  alpha_A0     8.75662e-04   4.87135e-03   2.06008e-03  -3.11375e-04
  22  beta_A0     -1.85550e-03   5.11675e-03   2.18131e-03   2.12632e-05
  23  alpha_phi    8.61021e-04   5.26682e-03   2.22504e-03  -1.60941e-04
  24  beta_phi    -3.86107e-03   4.68126e-03   2.07068e-03   1.58245e-03
 EXTERNAL ERROR MATRIX.    NDIM=  25    NPAR= 11    ERR DEF=1
  5.588e+06 
  1.984e-01  8.751e-07 
  1.055e+00 -1.909e-07  6.749e-06 
 -1.539e-02 -8.109e-08 -3.983e-07  9.965e-07 
  1.179e-01  2.178e-07 -3.240e-07  1.356e-08  9.880e-07 
  6.715e-02 -4.555e-08 -9.404e-08  4.338e-08 -3.246e-08  9.690e-07 
 -1.529e+02 -3.334e-05  2.610e-04  1.051e-04  1.225e-04 -1.562e-04  2.222e+04 
 -1.741e+00 -4.547e-07  4.054e-08  6.604e-07 -1.722e-07 -5.953e-07  4.131e-02  2.591e-05 
 -1.622e+00  3.490e-07 -1.994e-06  1.599e-08  1.052e-06  2.978e-07 -7.729e-02  7.264e-08  2.896e-05 
 -1.509e+00  1.013e-06 -1.777e-06  4.001e-07  4.939e-07 -4.512e-07  3.819e-02 -8.577e-07  3.244e-06  3.080e-05 
  2.281e+00  1.811e-08  5.935e-07  1.079e-07  5.681e-07 -7.154e-07 -1.622e-01  9.641e-07 -1.690e-06 -1.073e-06  2.411e-05 
 PARAMETER  CORRELATION COEFFICIENTS  
       NO.  GLOBAL      1      3      4      6      8      9     20     21     22     23     24
        1  0.35346   1.000  0.090  0.172 -0.007  0.050  0.029 -0.000 -0.145 -0.128 -0.115  0.196
        3  0.33964   0.090  1.000 -0.079 -0.087  0.234 -0.049 -0.000 -0.096  0.069  0.195  0.004
        4  0.30286   0.172 -0.079  1.000 -0.154 -0.125 -0.037  0.001  0.003 -0.143 -0.123  0.047
        6  0.24772  -0.007 -0.087 -0.154  1.000  0.014  0.044  0.001  0.130  0.003  0.072  0.022
        8  0.34247   0.050  0.234 -0.125  0.014  1.000 -0.033  0.001 -0.034  0.197  0.090  0.116
        9  0.23779   0.029 -0.049 -0.037  0.044 -0.033  1.000 -0.001 -0.119  0.056 -0.083 -0.148
       20  0.27023  -0.000 -0.000  0.001  0.001  0.001 -0.001  1.000  0.054 -0.096  0.046 -0.222
       21  0.26271  -0.145 -0.096  0.003  0.130 -0.034 -0.119  0.054  1.000  0.003 -0.030  0.039
       22  0.30325  -0.128  0.069 -0.143  0.003  0.197  0.056 -0.096  0.003  1.000  0.109 -0.064
       23  0.29376  -0.115  0.195 -0.123  0.072  0.090 -0.083  0.046 -0.030  0.109  1.000 -0.039
       24  0.36565   0.196  0.004  0.047  0.022  0.116 -0.148 -0.222  0.039 -0.064 -0.039  1.000
MINUIT - FIT ONLY 1-y
 **********
 **   51 **RES 
 **********
                   PARAMETER   16  beta_vw RESTORED TO VARIABLE.
                   PARAMETER   14  alpha_vw RESTORED TO VARIABLE.
                   PARAMETER   13  beta_y RESTORED TO VARIABLE.
                   PARAMETER   11  alpha_y RESTORED TO VARIABLE.
                   PARAMETER   10  beta_2CBO RESTORED TO VARIABLE.
 **********
 **   52 **FIX            0
 **********
 PARAMETER    0  IS UNDEFINED. IGNORED.
 **********
 **   53 **FIX            1
 **********
 **********
 **   54 **FIX            2
 **********
 PARAMETER    2  IS CONSTANT.   IGNORED.
 **********
 **   55 **FIX            3
 **********
 **********
 **   56 **FIX            4
 **********
 **********
 **   57 **FIX            5
 **********
 PARAMETER    5  IS CONSTANT.   IGNORED.
 **********
 **   58 **FIX            6
 **********
 **********
 **   59 **FIX            7
 **********
 PARAMETER    7  IS CONSTANT.   IGNORED.
 **********
 **   60 **FIX            8
 **********
 **********
 **   61 **FIX            9
 **********
 **********
 **   62 **FIX           13
 **********
 **********
 **   63 **FIX           14
 **********
 **********
 **   64 **FIX           15
 **********
 PARAMETER   15  IS CONSTANT.   IGNORED.
 **********
 **   65 **FIX           16
 **********
 **********
 **   66 **MIGRAD
 **********
 START MIGRAD MINIMIZATION.  STRATEGY  1.  CONVERGENCE WHEN EDM .LT. 1.00e-04
 FCN=72.2517 FROM MIGRAD    STATUS=INITIATE       16 CALLS        1980 TOTAL
                     EDM= unknown      STRATEGY= 1      NO ERROR MATRIX       
  EXT PARAMETER               CURRENT GUESS       STEP         FIRST   
  NO.   NAME      VALUE            ERROR          SIZE      DERIVATIVE 
   1  N0           3.29121e+06     fixed    
   2  tau          6.44008e+01   constant   
   3  A0           3.63979e-01     fixed    
   4  phi          4.12172e+00     fixed    
   5  R           -6.04681e+01   constant   
   6  alpha_CBO    1.44753e-03     fixed    
   7  w_CBO        2.32500e+00   constant   
   8  beta_CBO     2.12265e-03     fixed    
   9  alpha_2CBO   8.63488e-04     fixed    
  10  beta_2CBO   -2.78711e-04   9.35350e-04   9.35350e-04  -8.33640e+01
  11  alpha_y      0.00000e+00   1.00000e-03   1.00000e-03   2.19014e+03
  12  w_y          1.38860e+01   constant   
  13  beta_y       2.70061e-04     fixed    
  14  alpha_vw     0.00000e+00     fixed    
  15  w_vw         1.43404e+01   constant   
  16  beta_vw      0.00000e+00     fixed    
  17  LM          -2.11005e-04   constant   
  18  zeta_y       0.00000e+00   constant   
  19  zeta_vw      0.00000e+00   constant   
  20  T_CBO        9.99975e+02   7.03364e+02   1.26128e-01  -2.19874e-05
  21  alpha_A0     8.75662e-04   4.87135e-03   2.06008e-03  -3.12900e-04
  22  beta_A0     -1.85550e-03   5.11675e-03   2.18131e-03   2.17627e-05
  23  alpha_phi    8.61021e-04   5.26682e-03   2.22504e-03  -1.62390e-04
  24  beta_phi    -3.86107e-03   4.68126e-03   2.07068e-03   1.58946e-03
 MIGRAD MINIMIZATION HAS CONVERGED.
 MIGRAD WILL VERIFY CONVERGENCE AND ERROR MATRIX.
 COVARIANCE MATRIX CALCULATED SUCCESSFULLY
 FCN=71.1491 FROM MIGRAD    STATUS=CONVERGED     100 CALLS        2064 TOTAL
                     EDM=8.28088e-06    STRATEGY= 1      ERROR MATRIX ACCURATE 
  EXT PARAMETER                                   STEP         FIRST   
  NO.   NAME      VALUE            ERROR          SIZE      DERIVATIVE 
   1  N0           3.29121e+06     fixed    
   2  tau          6.44008e+01   constant   
   3  A0           3.63979e-01     fixed    
   4  phi          4.12172e+00     fixed    
   5  R           -6.04681e+01   constant   
   6  alpha_CBO    1.44753e-03     fixed    
   7  w_CBO        2.32500e+00   constant   
   8  beta_CBO     2.12265e-03     fixed    
   9  alpha_2CBO   8.63488e-04     fixed    
  10  beta_2CBO   -2.41337e-04   9.63329e-04   3.91566e-06  -2.67314e-01
  11  alpha_y     -1.00537e-03   9.58210e-04   3.97289e-06  -7.80724e-03
  12  w_y          1.38860e+01   constant   
  13  beta_y       2.70061e-04     fixed    
  14  alpha_vw     0.00000e+00     fixed    
  15  w_vw         1.43404e+01   constant   
  16  beta_vw      0.00000e+00     fixed    
  17  LM          -2.11005e-04   constant   
  18  zeta_y       0.00000e+00   constant   
  19  zeta_vw      0.00000e+00   constant   
  20  T_CBO        1.00000e+03   9.99488e+02   3.03046e-01** at limit **
  21  alpha_A0     9.39684e-04   4.82842e-03   2.04416e-03  -1.72623e-03
  22  beta_A0     -1.88364e-03   5.18345e-03   2.16394e-03   1.10269e-03
  23  alpha_phi    9.17982e-04   5.19191e-03   2.20764e-03   4.85243e-03
  24  beta_phi    -3.78342e-03   5.42678e-03   2.05856e-03  -4.30657e-03
 EXTERNAL ERROR MATRIX.    NDIM=  25    NPAR=  7    ERR DEF=1
  9.280e-07  1.330e-09 -5.881e-06 -4.141e-07 -4.241e-07  7.571e-07 -2.615e-07 
  1.330e-09  9.182e-07 -1.005e-06 -7.641e-08  1.283e-08 -1.606e-08 -8.678e-08 
 -5.881e-06 -1.005e-06  5.857e+00  2.343e-03 -4.198e-03  2.187e-03 -8.536e-03 
 -4.141e-07 -7.641e-08  2.343e-03  2.541e-05 -1.246e-06 -8.512e-07 -1.870e-06 
 -4.241e-07  1.283e-08 -4.198e-03 -1.246e-06  2.982e-05  1.887e-07  4.439e-06 
  7.571e-07 -1.606e-08  2.187e-03 -8.512e-07  1.887e-07  2.983e-05 -3.960e-06 
 -2.615e-07 -8.678e-08 -8.536e-03 -1.870e-06  4.439e-06 -3.960e-06  3.362e-05 
 PARAMETER  CORRELATION COEFFICIENTS  
       NO.  GLOBAL     10     11     20     21     22     23     24
       10  0.19879   1.000  0.001 -0.003 -0.085 -0.081  0.144 -0.047
       11  0.02531   0.001  1.000 -0.000 -0.016  0.002 -0.003 -0.016
       20  0.67740  -0.003 -0.000  1.000  0.192 -0.318  0.165 -0.608
       21  0.22567  -0.085 -0.016  0.192  1.000 -0.045 -0.031 -0.064
       22  0.34352  -0.081  0.002 -0.318 -0.045  1.000  0.006  0.140
       23  0.23816   0.144 -0.003  0.165 -0.031  0.006  1.000 -0.125
       24  0.61545  -0.047 -0.016 -0.608 -0.064  0.140 -0.125  1.000
MINUIT - FIT ONLY 2-y
 **********
 **   67 **RES 
 **********
                   PARAMETER   16  beta_vw RESTORED TO VARIABLE.
                   PARAMETER   14  alpha_vw RESTORED TO VARIABLE.
                   PARAMETER   13  beta_y RESTORED TO VARIABLE.
                   PARAMETER    9  alpha_2CBO RESTORED TO VARIABLE.
                   PARAMETER    8  beta_CBO RESTORED TO VARIABLE.
                   PARAMETER    6  alpha_CBO RESTORED TO VARIABLE.
                   PARAMETER    4  phi RESTORED TO VARIABLE.
                   PARAMETER    3  A0 RESTORED TO VARIABLE.
                   PARAMETER    1  N0 RESTORED TO VARIABLE.
 **********
 **   68 **FIX            0
 **********
 PARAMETER    0  IS UNDEFINED. IGNORED.
 **********
 **   69 **FIX            1
 **********
 **********
 **   70 **FIX            2
 **********
 PARAMETER    2  IS CONSTANT.   IGNORED.
 **********
 **   71 **FIX            3
 **********
 **********
 **   72 **FIX            4
 **********
 **********
 **   73 **FIX            5
 **********
 PARAMETER    5  IS CONSTANT.   IGNORED.
 **********
 **   74 **FIX            6
 **********
 **********
 **   75 **FIX            7
 **********
 PARAMETER    7  IS CONSTANT.   IGNORED.
 **********
 **   76 **FIX            8
 **********
 **********
 **   77 **FIX            9
 **********
 **********
 **   78 **FIX           10
 **********
 **********
 **   79 **FIX           11
 **********
 **********
 **   80 **FIX           12
 **********
 PARAMETER   12  IS CONSTANT.   IGNORED.
 **********
 **   81 **FIX           16
 **********
 **********
 **   82 **MIGRAD
 **********
 START MIGRAD MINIMIZATION.  STRATEGY  1.  CONVERGENCE WHEN EDM .LT. 1.00e-04
 FCN=71.1491 FROM MIGRAD    STATUS=INITIATE       16 CALLS        2080 TOTAL
                     EDM= unknown      STRATEGY= 1      NO ERROR MATRIX       
  EXT PARAMETER               CURRENT GUESS       STEP         FIRST   
  NO.   NAME      VALUE            ERROR          SIZE      DERIVATIVE 
   1  N0           3.29121e+06     fixed    
   2  tau          6.44008e+01   constant   
   3  A0           3.63979e-01     fixed    
   4  phi          4.12172e+00     fixed    
   5  R           -6.04681e+01   constant   
   6  alpha_CBO    1.44753e-03     fixed    
   7  w_CBO        2.32500e+00   constant   
   8  beta_CBO     2.12265e-03     fixed    
   9  alpha_2CBO   8.63488e-04     fixed    
  10  beta_2CBO   -2.41337e-04     fixed    
  11  alpha_y     -1.00537e-03     fixed    
  12  w_y          1.38860e+01   constant   
  13  beta_y       2.70061e-04   9.41173e-04   9.41173e-04  -1.87211e+01
  14  alpha_vw     0.00000e+00   1.00000e-03   1.00000e-03  -1.07986e+03
  15  w_vw         1.43404e+01   constant   
  16  beta_vw      0.00000e+00     fixed    
  17  LM          -2.11005e-04   constant   
  18  zeta_y       0.00000e+00   constant   
  19  zeta_vw      0.00000e+00   constant   
  20  T_CBO        9.99999e+02   9.99488e+02   3.03046e-01  -3.83893e-06
  21  alpha_A0     9.39684e-04   4.82842e-03   2.04416e-03  -1.72813e-03
  22  beta_A0     -1.88364e-03   5.18345e-03   2.16394e-03   1.10643e-03
  23  alpha_phi    9.17982e-04   5.19191e-03   2.20764e-03   4.85064e-03
  24  beta_phi    -3.78342e-03   5.42678e-03   2.05856e-03  -4.29864e-03
 MIGRAD MINIMIZATION HAS CONVERGED.
 MIGRAD WILL VERIFY CONVERGENCE AND ERROR MATRIX.
 COVARIANCE MATRIX CALCULATED SUCCESSFULLY
 FCN=70.8855 FROM MIGRAD    STATUS=CONVERGED      98 CALLS        2162 TOTAL
                     EDM=5.56053e-06    STRATEGY= 1      ERROR MATRIX ACCURATE 
  EXT PARAMETER                                   STEP         FIRST   
  NO.   NAME      VALUE            ERROR          SIZE      DERIVATIVE 
   1  N0           3.29121e+06     fixed    
   2  tau          6.44008e+01   constant   
   3  A0           3.63979e-01     fixed    
   4  phi          4.12172e+00     fixed    
   5  R           -6.04681e+01   constant   
   6  alpha_CBO    1.44753e-03     fixed    
   7  w_CBO        2.32500e+00   constant   
   8  beta_CBO     2.12265e-03     fixed    
   9  alpha_2CBO   8.63488e-04     fixed    
  10  beta_2CBO   -2.41337e-04     fixed    
  11  alpha_y     -1.00537e-03     fixed    
  12  w_y          1.38860e+01   constant   
  13  beta_y       2.54067e-04   9.44282e-04   3.90269e-06   1.47203e-01
  14  alpha_vw     4.88453e-04   9.51540e-04   3.93247e-06   6.49656e-03
  15  w_vw         1.43404e+01   constant   
  16  beta_vw      0.00000e+00     fixed    
  17  LM          -2.11005e-04   constant   
  18  zeta_y       0.00000e+00   constant   
  19  zeta_vw      0.00000e+00   constant   
  20  T_CBO        1.00000e+03   7.65605e+02   2.86936e-01** at limit **
  21  alpha_A0     9.77399e-04   4.80217e-03   2.04187e-03  -2.89166e-03
  22  beta_A0     -1.89160e-03   5.12658e-03   2.16164e-03   1.38775e-03
  23  alpha_phi    9.41704e-04   5.13578e-03   2.20476e-03   4.81540e-03
  24  beta_phi    -3.72185e-03   5.23434e-03   2.04591e-03  -1.61342e-03
 EXTERNAL ERROR MATRIX.    NDIM=  25    NPAR=  7    ERR DEF=1
  8.917e-07 -4.521e-08 -4.182e-08 -4.579e-08  6.135e-09  1.332e-07  1.490e-08 
 -4.521e-08  9.054e-07  1.694e-06  7.310e-08 -1.602e-08  4.186e-08  1.071e-07 
 -4.182e-08  1.694e-06  1.212e+01  3.151e-03 -5.485e-03  2.924e-03 -1.091e-02 
 -4.579e-08  7.310e-08  3.151e-03  2.511e-05 -1.184e-06 -6.326e-07 -1.411e-06 
  6.135e-09 -1.602e-08 -5.485e-03 -1.184e-06  2.909e-05  7.825e-07  3.135e-06 
  1.332e-07  4.186e-08  2.924e-03 -6.326e-07  7.825e-07  2.912e-05 -3.178e-06 
  1.490e-08  1.071e-07 -1.091e-02 -1.411e-06  3.135e-06 -3.178e-06  3.093e-05 
 PARAMETER  CORRELATION COEFFICIENTS  
       NO.  GLOBAL     13     14     20     21     22     23     24
       13  0.05785   1.000 -0.050 -0.000 -0.010  0.001  0.026  0.003
       14  0.05882  -0.050  1.000  0.001  0.015 -0.003  0.008  0.020
       20  0.63646  -0.000  0.001  1.000  0.181 -0.292  0.156 -0.563
       21  0.19905  -0.010  0.015  0.181  1.000 -0.044 -0.023 -0.051
       22  0.30998   0.001 -0.003 -0.292 -0.044  1.000  0.027  0.105
       23  0.18363   0.026  0.008  0.156 -0.023  0.027  1.000 -0.106
