 + ++++++++++++++++++++++++++++++++++++++++++++++++++++++++++++++++++++ +
 +                                                                      +
 +           You have chose to blind your fitting according to          +
 +                omega_ref * (1 + (R +/- deltaR) *10^{-6})             +
 +                                                                      +
 + ++++++++++++++++++++++++++++++++++++++++++++++++++++++++++++++++++++ +
In main()...
reading format from /gm2data/zkhechad/run45/envelope/formats/formatB_sBin_constraintOn.txt
pBinTau 	= 0  
pBinPhi 	= 0  
constraintau 	= 1 
includeMopTerm 	= 0    
constrainMop    = 0   
Parameters after format file: pBinTau 0 pBinPhi 0 constraintau 1 includeMopTerm 0 constrainMop 0 c_e_scale 0.000000 
Opening file /gm2data/tbarrett/gm2fr/studies/run23_bunch_corrections/CorrectedFourier_Run3b.root.
reading full fit data from /gm2data/zkhechad/cboTemplates/Run4CBOTemplates/fullFits/noRF/sBin_constraintOn_cE0.0_seed0_noRF_calo22.root
windowBins = 34
fitting sliding window 105 from bin 241 at 35.808000 to bin 275 at 41.030000 (34 bins)

Reading data from /gm2data/cornell/histograms/aMethod/histogram_a_noRF.root
 **********
 **    1 **SET PRINTOUT            1
 **********
 **********
 **    2 **SET NOWARNINGS 
 **********
 PARAMETER DEFINITIONS:
    NO.   NAME         VALUE      STEP SIZE      LIMITS
     1 N0           3.01041e+06  1.00000e+02     no limits
     2 tau          6.44059e+01  constant
     3 A0           3.51736e-01  1.00000e-04     no limits
     4 phi          4.11589e+00  1.00000e-02     no limits
     5 R           -6.13499e+01  constant
     6 alpha_CBO    0.00000e+00  1.00000e-03     no limits
     7 w_CBO        2.32500e+00  constant
     8 beta_CBO     0.00000e+00  1.00000e-03     no limits
     9 alpha_2CBO   0.00000e+00  1.00000e-03     no limits
    10 beta_2CBO    0.00000e+00  1.00000e-03     no limits
    11 alpha_y      0.00000e+00  1.00000e-03     no limits
    12 w_y          1.38860e+01  constant
    13 beta_y       0.00000e+00  1.00000e-03     no limits
    14 alpha_vw     0.00000e+00  1.00000e-03     no limits
    15 w_vw         1.43404e+01  constant
    16 beta_vw      0.00000e+00  1.00000e-03     no limits
    17 LM           1.16863e-04  constant
    18 zeta_y       0.00000e+00  constant
    19 zeta_vw      0.00000e+00  constant
    20 T_CBO        1.00000e+02  1.00000e+00    0.00000e+00  1.00000e+03
    21 alpha_A0     0.00000e+00  1.00000e-04   -1.00000e-02  1.00000e-02
    22 beta_A0      0.00000e+00  1.00000e-04   -1.00000e-02  1.00000e-02
    23 alpha_phi    0.00000e+00  1.00000e-04   -1.00000e-02  1.00000e-02
    24 beta_phi     0.00000e+00  1.00000e-04   -1.00000e-02  1.00000e-02
MINUIT - FIT ONLY WIGGLE
 **********
 **    3 **FIX            5
 **********
 PARAMETER    5  IS CONSTANT.   IGNORED.
 **********
 **    4 **FIX            6
 **********
 **********
 **    5 **FIX            7
 **********
 PARAMETER    7  IS CONSTANT.   IGNORED.
 **********
 **    6 **FIX            8
 **********
 **********
 **    7 **FIX            9
 **********
 **********
 **    8 **FIX           10
 **********
 **********
 **    9 **FIX           11
 **********
 **********
 **   10 **FIX           12
 **********
 PARAMETER   12  IS CONSTANT.   IGNORED.
 **********
 **   11 **FIX           13
 **********
 **********
 **   12 **FIX           14
 **********
 **********
 **   13 **FIX           15
 **********
 PARAMETER   15  IS CONSTANT.   IGNORED.
 **********
 **   14 **FIX           16
 **********
 **********
 **   15 **MIGRAD
 **********
 FIRST CALL TO USER FUNCTION AT NEW START POINT, WITH IFLAG=4.
 START MIGRAD MINIMIZATION.  STRATEGY  1.  CONVERGENCE WHEN EDM .LT. 1.00e-04
 FCN=7221.63 FROM MIGRAD    STATUS=INITIATE      435 CALLS         436 TOTAL
                     EDM= unknown      STRATEGY= 1      NO ERROR MATRIX       
  EXT PARAMETER               CURRENT GUESS       STEP         FIRST   
  NO.   NAME      VALUE            ERROR          SIZE      DERIVATIVE 
   1  N0           3.01041e+06   1.00000e+02   0.00000e+00   4.97715e-02
   2  tau          6.44059e+01   constant   
   3  A0           3.51736e-01   1.00000e-04   0.00000e+00   5.51550e+05
   4  phi          4.11589e+00   1.00000e-02   0.00000e+00  -5.92372e+04
   5  R           -6.13499e+01   constant   
   6  alpha_CBO    0.00000e+00     fixed    
   7  w_CBO        2.32500e+00   constant   
   8  beta_CBO     0.00000e+00     fixed    
   9  alpha_2CBO   0.00000e+00     fixed    
  10  beta_2CBO    0.00000e+00     fixed    
  11  alpha_y      0.00000e+00     fixed    
  12  w_y          1.38860e+01   constant   
  13  beta_y       0.00000e+00     fixed    
  14  alpha_vw     0.00000e+00     fixed    
  15  w_vw         1.43404e+01   constant   
  16  beta_vw      0.00000e+00     fixed    
  17  LM           1.16863e-04   constant   
  18  zeta_y       0.00000e+00   constant   
  19  zeta_vw      0.00000e+00   constant   
  20  T_CBO        1.00000e+02   1.00000e+00   0.00000e+00   0.00000e+00
  21  alpha_A0     0.00000e+00   1.00000e-04   0.00000e+00  -4.47368e+02
  22  beta_A0      0.00000e+00   1.00000e-04   0.00000e+00   1.53817e+02
  23  alpha_phi    0.00000e+00   1.00000e-04   0.00000e+00  -1.22091e+02
  24  beta_phi     0.00000e+00   1.00000e-04   0.00000e+00   2.58163e+02
 MIGRAD MINIMIZATION HAS CONVERGED.
 FCN=3994.79 FROM MIGRAD    STATUS=CONVERGED     668 CALLS         669 TOTAL
                     EDM=4.89138e-07    STRATEGY= 1  ERROR MATRIX UNCERTAINTY   2.4 per cent
  EXT PARAMETER                                   STEP         FIRST   
  NO.   NAME      VALUE            ERROR          SIZE      DERIVATIVE 
   1  N0           3.00635e+06   2.73613e+02  -5.88562e-02   1.90535e-06
   2  tau          6.44059e+01   constant   
   3  A0           3.45360e-01   1.09410e-04   3.85307e-07   4.87616e+00
   4  phi          4.12541e+00   3.32014e-04   3.42761e-07   2.00529e+00
   5  R           -6.13499e+01   constant   
   6  alpha_CBO    0.00000e+00     fixed    
   7  w_CBO        2.32500e+00   constant   
   8  beta_CBO     0.00000e+00     fixed    
   9  alpha_2CBO   0.00000e+00     fixed    
  10  beta_2CBO    0.00000e+00     fixed    
  11  alpha_y      0.00000e+00     fixed    
  12  w_y          1.38860e+01   constant   
  13  beta_y       0.00000e+00     fixed    
  14  alpha_vw     0.00000e+00     fixed    
  15  w_vw         1.43404e+01   constant   
  16  beta_vw      0.00000e+00     fixed    
  17  LM           1.16863e-04   constant   
  18  zeta_y       0.00000e+00   constant   
  19  zeta_vw      0.00000e+00   constant   
  20  T_CBO        1.00000e+03   2.03239e+01   5.33483e-04** at limit **
  21  alpha_A0     1.00000e-02   2.89122e-05  -3.23716e-04** at limit **
  22  beta_A0      1.00000e-02   2.29088e-05   1.31267e-04** at limit **
  23  alpha_phi    6.04861e-03   5.43305e-04   2.32438e-04  -2.56169e-03
  24  beta_phi    -1.00000e-02   1.87505e-05  -3.07154e-04** at limit **
 EXTERNAL ERROR MATRIX.    NDIM=  25    NPAR=  8    ERR DEF=1
  7.486e+04  8.121e-03  2.136e-02 -6.419e-04 -3.289e-09  8.842e-10 -6.494e-02 -2.709e-08 
  8.121e-03  1.197e-08  1.293e-10  1.914e-10 -5.690e-15  9.467e-16 -1.838e-08  1.513e-14 
  2.136e-02  1.293e-10  1.102e-07 -1.876e-09  1.113e-14 -8.278e-16 -6.290e-08 -1.087e-13 
 -6.419e-04  1.914e-10 -1.876e-09  3.427e-06  1.883e-15 -1.466e-15 -3.258e-09 -5.852e-14 
 -3.289e-09 -5.690e-15  1.113e-14  1.883e-15  5.583e-17  1.054e-20  3.032e-14  2.592e-19 
  8.842e-10  9.467e-16 -8.278e-16 -1.466e-15  1.054e-20  2.661e-18 -3.738e-15 -1.987e-20 
 -6.494e-02 -1.838e-08 -6.290e-08 -3.258e-09  3.032e-14 -3.738e-15  2.956e-07 -1.428e-13 
 -2.709e-08  1.513e-14 -1.087e-13 -5.852e-14  2.592e-19 -1.987e-20 -1.428e-13  3.507e-17 
 PARAMETER  CORRELATION COEFFICIENTS  
       NO.  GLOBAL      1      3      4     20     21     22     23     24
        1  0.47251   1.000  0.271  0.235 -0.001 -0.002  0.002 -0.437 -0.017
        3  0.36681   0.271  1.000  0.004  0.001 -0.007  0.005 -0.309  0.023
        4  0.38733   0.235  0.004  1.000 -0.003  0.004 -0.002 -0.348 -0.055
       20  0.00851  -0.001  0.001 -0.003  1.000  0.000 -0.000 -0.003 -0.005
       21  0.01343  -0.002 -0.007  0.004  0.000  1.000  0.001  0.007  0.006
       22  0.00710   0.002  0.005 -0.002 -0.000  0.001  1.000 -0.004 -0.002
       23  0.55156  -0.437 -0.309 -0.348 -0.003  0.007 -0.004  1.000 -0.044
       24  0.09421  -0.017  0.023 -0.055 -0.005  0.006 -0.002 -0.044  1.000
MINUIT - FIT ONLY 1-CBO + wiggle
 **********
 **   16 **RES 
 **********
                   PARAMETER   16  beta_vw RESTORED TO VARIABLE.
                   PARAMETER   14  alpha_vw RESTORED TO VARIABLE.
                   PARAMETER   13  beta_y RESTORED TO VARIABLE.
                   PARAMETER   11  alpha_y RESTORED TO VARIABLE.
                   PARAMETER   10  beta_2CBO RESTORED TO VARIABLE.
                   PARAMETER    9  alpha_2CBO RESTORED TO VARIABLE.
                   PARAMETER    8  beta_CBO RESTORED TO VARIABLE.
                   PARAMETER    6  alpha_CBO RESTORED TO VARIABLE.
 **********
 **   17 **FIX            8
 **********
 **********
 **   18 **FIX            9
 **********
 **********
 **   19 **FIX           11
 **********
 **********
 **   20 **FIX           12
 **********
 PARAMETER   12  IS CONSTANT.   IGNORED.
 **********
 **   21 **FIX           14
 **********
 **********
 **   22 **FIX           15
 **********
 PARAMETER   15  IS CONSTANT.   IGNORED.
 **********
 **   23 **FIX           16
 **********
 **********
 **   24 **MIGRAD
 **********
 START MIGRAD MINIMIZATION.  STRATEGY  1.  CONVERGENCE WHEN EDM .LT. 1.00e-04
 FCN=3994.79 FROM MIGRAD    STATUS=INITIATE       36 CALLS         705 TOTAL
                     EDM= unknown      STRATEGY= 1      NO ERROR MATRIX       
  EXT PARAMETER               CURRENT GUESS       STEP         FIRST   
  NO.   NAME      VALUE            ERROR          SIZE      DERIVATIVE 
   1  N0           3.00635e+06   2.73613e+02  -5.88562e-02   1.89973e-06
   2  tau          6.44059e+01   constant   
   3  A0           3.45360e-01   1.09410e-04   3.85307e-07   4.01446e+00
   4  phi          4.12541e+00   3.32014e-04   3.42761e-07   2.22597e+00
   5  R           -6.13499e+01   constant   
   6  alpha_CBO    0.00000e+00   1.00000e-03   1.00000e-03   8.44019e+05
   7  w_CBO        2.32500e+00   constant   
   8  beta_CBO     0.00000e+00     fixed    
   9  alpha_2CBO   0.00000e+00     fixed    
  10  beta_2CBO    0.00000e+00   1.00000e-03   1.00000e-03  -1.85973e+05
  11  alpha_y      0.00000e+00     fixed    
  12  w_y          1.38860e+01   constant   
  13  beta_y       0.00000e+00   1.00000e-03   1.00000e-03  -2.01327e+05
  14  alpha_vw     0.00000e+00     fixed    
  15  w_vw         1.43404e+01   constant   
  16  beta_vw      0.00000e+00     fixed    
  17  LM           1.16863e-04   constant   
  18  zeta_y       0.00000e+00   constant   
  19  zeta_vw      0.00000e+00   constant   
  20  T_CBO        9.99999e+02   2.03239e+01   5.33483e-04  -4.77007e-02
  21  alpha_A0     9.99998e-03   2.89122e-05  -3.23716e-04  -6.74138e-01
  22  beta_A0      9.99998e-03   2.29088e-05   1.31267e-04  -8.50202e-01
  23  alpha_phi    6.04861e-03   5.43305e-04   2.32438e-04  -2.92213e-03
  24  beta_phi    -9.99998e-03   1.87505e-05  -3.07154e-04   9.71280e-01
 MIGRAD FAILS TO FIND IMPROVEMENT
 COVARIANCE MATRIX CALCULATED SUCCESSFULLY
 FCN=685.378 FROM HESSE     STATUS=OK            100 CALLS        2081 TOTAL
                     EDM=13.9471    STRATEGY= 1      ERROR MATRIX ACCURATE 
  EXT PARAMETER                                   STEP         FIRST   
  NO.   NAME      VALUE            ERROR          SIZE      DERIVATIVE 
   1  N0           3.01255e+06   4.22079e+02   3.11181e+00  -1.36636e-02
   2  tau          6.44059e+01   constant   
   3  A0           3.52158e-01   2.98985e-04   1.32052e-06   1.05576e+04
   4  phi          4.11954e+00   6.25454e-04   3.93166e-06   8.10805e+03
   5  R           -6.13499e+01   constant   
   6  alpha_CBO   -9.02879e-03   1.94954e-04   1.43485e-06  -2.93755e+03
   7  w_CBO        2.32500e+00   constant   
   8  beta_CBO     0.00000e+00     fixed    
   9  alpha_2CBO   0.00000e+00     fixed    
  10  beta_2CBO    1.42769e-04   1.41234e-04   1.46151e-06   8.61877e+03
  11  alpha_y      0.00000e+00     fixed    
  12  w_y          1.38860e+01   constant   
  13  beta_y       1.36739e-03   1.13380e-04   1.44412e-06  -1.71459e+03
  14  alpha_vw     0.00000e+00     fixed    
  15  w_vw         1.43404e+01   constant   
  16  beta_vw      0.00000e+00     fixed    
  17  LM           1.16863e-04   constant   
  18  zeta_y       0.00000e+00   constant   
  19  zeta_vw      0.00000e+00   constant   
  20  T_CBO        9.66145e+02   5.33927e+02   1.28620e-02   6.53169e-01
  21  alpha_A0     2.20665e-03   6.89303e-04   5.30367e-04   2.75790e+01
  22  beta_A0     -6.73283e-03   1.16497e-03   6.48322e-04  -2.83021e+01
  23  alpha_phi   -9.06205e-03   5.91925e-04   1.10230e-03   4.86518e+01
  24  beta_phi    -2.12832e-03   7.99858e-04   5.64300e-04   5.61590e+01
 MIGRAD MINIMIZATION HAS CONVERGED.
 FCN=669.351 FROM MIGRAD    STATUS=CONVERGED    1530 CALLS        2199 TOTAL
                     EDM=6.82059e-06    STRATEGY= 1  ERROR MATRIX UNCERTAINTY   2.3 per cent
  EXT PARAMETER                                   STEP         FIRST   
  NO.   NAME      VALUE            ERROR          SIZE      DERIVATIVE 
   1  N0           3.01316e+06   3.00923e+02   7.98784e-01   4.79445e-06
   2  tau          6.44059e+01   constant   
   3  A0           3.51992e-01   2.49822e-04   2.55262e-06   1.42593e+01
   4  phi          4.12000e+00   6.15601e-04  -8.49465e-06   7.16197e+00
   5  R           -6.13499e+01   constant   
   6  alpha_CBO   -8.93966e-03   1.81961e-04  -1.62590e-06  -6.71452e+00
   7  w_CBO        2.32500e+00   constant   
   8  beta_CBO     0.00000e+00     fixed    
   9  alpha_2CBO   0.00000e+00     fixed    
  10  beta_2CBO    2.19013e-04   1.37450e-04  -1.03011e-06   6.05961e+00
  11  alpha_y      0.00000e+00     fixed    
  12  w_y          1.38860e+01   constant   
  13  beta_y       1.35695e-03   1.13378e-04   1.06003e-07  -1.05619e+00
  14  alpha_vw     0.00000e+00     fixed    
  15  w_vw         1.43404e+01   constant   
  16  beta_vw      0.00000e+00     fixed    
  17  LM           1.16863e-04   constant   
  18  zeta_y       0.00000e+00   constant   
  19  zeta_vw      0.00000e+00   constant   
  20  T_CBO        1.00000e+03   6.18303e+02   1.00419e-03** at limit **
  21  alpha_A0     2.52100e-03   6.78547e-04  -6.31788e-04   1.82079e-02
  22  beta_A0     -6.41842e-03   8.17350e-04  -1.61156e-03   3.98593e-03
  23  alpha_phi   -1.00000e-02   1.27235e-04  -3.07174e-03** at limit **
  24  beta_phi    -3.38250e-03   7.66748e-04   1.17775e-03   2.39813e-02
 EXTERNAL ERROR MATRIX.    NDIM=  25    NPAR= 11    ERR DEF=1
  9.055e+04 
  1.955e-02  6.241e-08 
  2.419e-02 -1.042e-07  3.790e-07 
 -5.377e-03 -3.371e-08  7.466e-08  3.311e-08 
 -3.504e-03 -1.630e-08  2.813e-08  8.906e-09  1.889e-08 
 -8.379e-04  1.451e-09 -2.636e-09 -9.684e-10 -9.295e-10  1.285e-08 
 -3.166e+00 -1.301e-06 -3.092e-06  5.772e-07  7.701e-08  3.726e-08  9.255e-02 
  1.862e-02 -1.060e-07  3.166e-07  7.912e-08  1.912e-08 -1.575e-09  2.715e-06  4.612e-07 
 -1.062e-01 -1.523e-07  1.888e-07  7.416e-08  4.414e-08 -1.171e-09 -5.842e-06  1.996e-07  6.706e-07 
 -1.095e-05 -3.254e-12 -9.723e-12  1.302e-12  2.860e-13  3.607e-14  4.968e-09 -9.990e-12  1.402e-11  1.324e-13 
  4.785e-03  1.488e-07 -3.563e-07 -9.211e-08 -5.408e-08  5.966e-09 -3.750e-06 -2.968e-07 -3.453e-07 -2.678e-12  5.892e-07 
 PARAMETER  CORRELATION COEFFICIENTS  
       NO.  GLOBAL      1      3      4      6     10     13     20     21     22     23     24
        1  0.58023   1.000  0.260  0.131 -0.098 -0.085 -0.025 -0.035  0.091 -0.431 -0.100  0.021
        3  0.90802   0.260  1.000 -0.678 -0.741 -0.475  0.051 -0.017 -0.625 -0.744 -0.036  0.776
        4  0.86621   0.131 -0.678  1.000  0.667  0.332 -0.038 -0.017  0.757  0.374 -0.043 -0.754
        6  0.78577  -0.098 -0.741  0.667  1.000  0.356 -0.047  0.010  0.640  0.498  0.020 -0.659
       10  0.55467  -0.085 -0.475  0.332  0.356  1.000 -0.060  0.002  0.205  0.392  0.006 -0.513
       13  0.09362  -0.025  0.051 -0.038 -0.047 -0.060  1.000  0.001 -0.020 -0.013  0.001  0.069
       20  0.10954  -0.035 -0.017 -0.017  0.010  0.002  0.001  1.000  0.013 -0.023  0.045 -0.016
       21  0.79872   0.091 -0.625  0.757  0.640  0.205 -0.020  0.013  1.000  0.359 -0.040 -0.569
       22  0.79392  -0.431 -0.744  0.374  0.498  0.392 -0.013 -0.023  0.359  1.000  0.047 -0.549
       23  0.13138  -0.100 -0.036 -0.043  0.020  0.006  0.001  0.045 -0.040  0.047  1.000 -0.010
       24  0.85770   0.021  0.776 -0.754 -0.659 -0.513  0.069 -0.016 -0.569 -0.549 -0.010  1.000
MINUIT - FIT ONLY 2-CBO
 **********
 **   25 **RES 
 **********
                   PARAMETER   16  beta_vw RESTORED TO VARIABLE.
                   PARAMETER   14  alpha_vw RESTORED TO VARIABLE.
                   PARAMETER   11  alpha_y RESTORED TO VARIABLE.
                   PARAMETER    9  alpha_2CBO RESTORED TO VARIABLE.
                   PARAMETER    8  beta_CBO RESTORED TO VARIABLE.
 **********
 **   26 **FIX            0
 **********
 PARAMETER    0  IS UNDEFINED. IGNORED.
 **********
 **   27 **FIX            1
 **********
 **********
 **   28 **FIX            2
 **********
 PARAMETER    2  IS CONSTANT.   IGNORED.
 **********
 **   29 **FIX            3
 **********
 **********
 **   30 **FIX            4
 **********
 **********
 **   31 **FIX            5
 **********
 PARAMETER    5  IS CONSTANT.   IGNORED.
 **********
 **   32 **FIX            6
 **********
 **********
 **   33 **FIX            7
 **********
 PARAMETER    7  IS CONSTANT.   IGNORED.
 **********
 **   34 **FIX           10
 **********
 **********
 **   35 **FIX           11
 **********
 **********
 **   36 **FIX           12
 **********
 PARAMETER   12  IS CONSTANT.   IGNORED.
 **********
 **   37 **FIX           13
 **********
 **********
 **   38 **FIX           14
 **********
 **********
 **   39 **FIX           15
 **********
 PARAMETER   15  IS CONSTANT.   IGNORED.
 **********
 **   40 **FIX           16
 **********
 **********
 **   41 **MIGRAD
 **********
 START MIGRAD MINIMIZATION.  STRATEGY  1.  CONVERGENCE WHEN EDM .LT. 1.00e-04
 FCN=669.351 FROM MIGRAD    STATUS=INITIATE       20 CALLS        2219 TOTAL
                     EDM= unknown      STRATEGY= 1      NO ERROR MATRIX       
  EXT PARAMETER               CURRENT GUESS       STEP         FIRST   
  NO.   NAME      VALUE            ERROR          SIZE      DERIVATIVE 
   1  N0           3.01316e+06     fixed    
   2  tau          6.44059e+01   constant   
   3  A0           3.51992e-01     fixed    
   4  phi          4.12000e+00     fixed    
   5  R           -6.13499e+01   constant   
   6  alpha_CBO   -8.93966e-03     fixed    
   7  w_CBO        2.32500e+00   constant   
   8  beta_CBO     0.00000e+00   1.00000e-03   1.00000e-03  -1.24288e+05
   9  alpha_2CBO   0.00000e+00   1.00000e-03   1.00000e-03  -5.85960e+04
  10  beta_2CBO    2.19013e-04     fixed    
  11  alpha_y      0.00000e+00     fixed    
  12  w_y          1.38860e+01   constant   
  13  beta_y       1.35695e-03     fixed    
  14  alpha_vw     0.00000e+00     fixed    
  15  w_vw         1.43404e+01   constant   
  16  beta_vw      0.00000e+00     fixed    
  17  LM           1.16863e-04   constant   
  18  zeta_y       0.00000e+00   constant   
  19  zeta_vw      0.00000e+00   constant   
  20  T_CBO        1.00000e+03   6.18303e+02   1.00419e-03** at limit **
  21  alpha_A0     2.52100e-03   6.78547e-04  -6.31788e-04   1.86030e-02
  22  beta_A0     -6.41842e-03   8.17350e-04  -1.61156e-03   3.73013e-03
  23  alpha_phi   -9.99998e-03   1.27235e-04  -3.07174e-03   1.57786e-01
  24  beta_phi    -3.38250e-03   7.66748e-04   1.17775e-03   2.36700e-02
 MIGRAD MINIMIZATION HAS CONVERGED.
 MIGRAD WILL VERIFY CONVERGENCE AND ERROR MATRIX.
 COVARIANCE MATRIX CALCULATED SUCCESSFULLY
 FCN=604.592 FROM MIGRAD    STATUS=CONVERGED     152 CALLS        2351 TOTAL
                     EDM=2.46839e-05    STRATEGY= 1      ERROR MATRIX ACCURATE 
  EXT PARAMETER                                   STEP         FIRST   
  NO.   NAME      VALUE            ERROR          SIZE      DERIVATIVE 
   1  N0           3.01316e+06     fixed    
   2  tau          6.44059e+01   constant   
   3  A0           3.51992e-01     fixed    
   4  phi          4.12000e+00     fixed    
   5  R           -6.13499e+01   constant   
   6  alpha_CBO   -8.93966e-03     fixed    
   7  w_CBO        2.32500e+00   constant   
   8  beta_CBO     8.60289e-04   1.18799e-04   1.40221e-06   1.36320e+01
   9  alpha_2CBO   3.85368e-04   1.19990e-04   1.37550e-06  -3.75347e+01
  10  beta_2CBO    2.19013e-04     fixed    
  11  alpha_y      0.00000e+00     fixed    
  12  w_y          1.38860e+01   constant   
  13  beta_y       1.35695e-03     fixed    
  14  alpha_vw     0.00000e+00     fixed    
  15  w_vw         1.43404e+01   constant   
  16  beta_vw      0.00000e+00     fixed    
  17  LM           1.16863e-04   constant   
  18  zeta_y       0.00000e+00   constant   
  19  zeta_vw      0.00000e+00   constant   
  20  T_CBO        1.00000e+03   2.00789e+02   1.11640e-02** at limit **
  21  alpha_A0     2.69875e-03   4.16864e-04   5.09881e-04   1.12930e-01
  22  beta_A0     -5.76408e-03   5.21237e-04   7.38387e-04  -3.02369e-02
  23  alpha_phi   -1.00000e-02   8.48399e-05   1.56686e-03** at limit **
  24  beta_phi    -2.77712e-03   4.16769e-04   5.05580e-04   2.69955e-03
 EXTERNAL ERROR MATRIX.    NDIM=  25    NPAR=  7    ERR DEF=1
  1.411e-08 -5.841e-10 -1.710e-11 -2.838e-10  3.020e-09 -1.662e-17  8.062e-09 
 -5.841e-10  1.440e-08 -3.404e-11  6.660e-09  1.589e-08 -3.918e-17  3.521e-09 
 -1.710e-11 -3.404e-11  1.286e-06  1.002e-10 -4.379e-10 -4.740e-18 -2.132e-10 
 -2.838e-10  6.660e-09  1.002e-10  1.739e-07  1.551e-09 -2.172e-16  2.680e-08 
  3.020e-09  1.589e-08 -4.379e-10  1.551e-09  2.721e-07  2.078e-16 -1.064e-08 
 -1.662e-17 -3.918e-17 -4.740e-18 -2.172e-16  2.078e-16  1.328e-18  1.040e-16 
  8.062e-09  3.521e-09 -2.132e-10  2.680e-08 -1.064e-08  1.040e-16  1.738e-07 
 PARAMETER  CORRELATION COEFFICIENTS  
       NO.  GLOBAL      8      9     20     21     22     23     24
        8  0.18740   1.000 -0.041 -0.000 -0.006  0.049 -0.000  0.163
        9  0.29976  -0.041  1.000 -0.000  0.133  0.254 -0.000  0.070
       20  0.00094  -0.000 -0.000  1.000  0.000 -0.001 -0.000 -0.000
       21  0.19913  -0.006  0.133  0.000  1.000  0.007 -0.000  0.154
       22  0.27256   0.049  0.254 -0.001  0.007  1.000  0.000 -0.049
       23  0.00077  -0.000 -0.000 -0.000 -0.000  0.000  1.000  0.000
       24  0.24388   0.163  0.070 -0.000  0.154 -0.049  0.000  1.000
MINUIT - FIT wiggle + 1-CBO + 2-CBO
 **********
 **   42 **RES 
 **********
                   PARAMETER   16  beta_vw RESTORED TO VARIABLE.
                   PARAMETER   14  alpha_vw RESTORED TO VARIABLE.
                   PARAMETER   13  beta_y RESTORED TO VARIABLE.
                   PARAMETER   11  alpha_y RESTORED TO VARIABLE.
                   PARAMETER   10  beta_2CBO RESTORED TO VARIABLE.
                   PARAMETER    6  alpha_CBO RESTORED TO VARIABLE.
                   PARAMETER    4  phi RESTORED TO VARIABLE.
                   PARAMETER    3  A0 RESTORED TO VARIABLE.
                   PARAMETER    1  N0 RESTORED TO VARIABLE.
 **********
 **   43 **FIX           10
 **********
 **********
 **   44 **FIX           11
 **********
 **********
 **   45 **FIX           12
 **********
 PARAMETER   12  IS CONSTANT.   IGNORED.
 **********
 **   46 **FIX           13
 **********
 **********
 **   47 **FIX           14
 **********
 **********
 **   48 **FIX           15
 **********
 PARAMETER   15  IS CONSTANT.   IGNORED.
 **********
 **   49 **FIX           16
 **********
 **********
 **   50 **MIGRAD
 **********
 START MIGRAD MINIMIZATION.  STRATEGY  1.  CONVERGENCE WHEN EDM .LT. 1.00e-04
 FCN=604.592 FROM MIGRAD    STATUS=INITIATE       34 CALLS        2385 TOTAL
                     EDM= unknown      STRATEGY= 1      NO ERROR MATRIX       
  EXT PARAMETER               CURRENT GUESS       STEP         FIRST   
  NO.   NAME      VALUE            ERROR          SIZE      DERIVATIVE 
   1  N0           3.01316e+06   3.00923e+02   3.00923e+02   1.91859e-03
   2  tau          6.44059e+01   constant   
   3  A0           3.51992e-01   2.49822e-04   2.49822e-04   2.19703e+04
   4  phi          4.12000e+00   6.15601e-04   6.15601e-04   1.48436e+04
   5  R           -6.13499e+01   constant   
   6  alpha_CBO   -8.93966e-03   1.81961e-04   1.81961e-04   1.23404e+03
   7  w_CBO        2.32500e+00   constant   
   8  beta_CBO     8.60289e-04   1.18799e-04   1.40221e-06   1.37022e+01
   9  alpha_2CBO   3.85368e-04   1.19990e-04   1.37550e-06  -3.74169e+01
  10  beta_2CBO    2.19013e-04     fixed    
  11  alpha_y      0.00000e+00     fixed    
  12  w_y          1.38860e+01   constant   
  13  beta_y       1.35695e-03     fixed    
  14  alpha_vw     0.00000e+00     fixed    
  15  w_vw         1.43404e+01   constant   
  16  beta_vw      0.00000e+00     fixed    
  17  LM           1.16863e-04   constant   
  18  zeta_y       0.00000e+00   constant   
  19  zeta_vw      0.00000e+00   constant   
  20  T_CBO        9.99999e+02   2.00789e+02   1.11640e-02  -4.52359e-03
  21  alpha_A0     2.69875e-03   4.16864e-04   5.09881e-04   1.13285e-01
  22  beta_A0     -5.76408e-03   5.21237e-04   7.38387e-04  -3.04082e-02
  23  alpha_phi   -9.99998e-03   8.48399e-05   1.56686e-03   2.29890e-01
  24  beta_phi    -2.77712e-03   4.16769e-04   5.05580e-04   2.42690e-03
 MIGRAD MINIMIZATION HAS CONVERGED.
 FCN=588.884 FROM MIGRAD    STATUS=CONVERGED     362 CALLS        2713 TOTAL
                     EDM=3.08023e-06    STRATEGY= 1  ERROR MATRIX UNCERTAINTY   1.2 per cent
  EXT PARAMETER                                   STEP         FIRST   
  NO.   NAME      VALUE            ERROR          SIZE      DERIVATIVE 
   1  N0           3.01279e+06   2.98453e+02  -3.95417e-01  -2.96252e-07
   2  tau          6.44059e+01   constant   
   3  A0           3.52297e-01   2.62355e-04  -1.19101e-07   2.54130e+01
   4  phi          4.11752e+00   7.28013e-04   6.60856e-07  -5.23526e+00
   5  R           -6.13499e+01   constant   
   6  alpha_CBO   -9.29016e-03   1.91258e-04   2.07927e-07   2.39182e+00
   7  w_CBO        2.32500e+00   constant   
   8  beta_CBO     1.17501e-03   1.45881e-04   3.22124e-08   5.40503e+00
   9  alpha_2CBO   2.52402e-04   1.36065e-04  -9.87787e-08   5.32352e+00
  10  beta_2CBO    2.19013e-04     fixed    
  11  alpha_y      0.00000e+00     fixed    
  12  w_y          1.38860e+01   constant   
  13  beta_y       1.35695e-03     fixed    
  14  alpha_vw     0.00000e+00     fixed    
  15  w_vw         1.43404e+01   constant   
  16  beta_vw      0.00000e+00     fixed    
  17  LM           1.16863e-04   constant   
  18  zeta_y       0.00000e+00   constant   
  19  zeta_vw      0.00000e+00   constant   
  20  T_CBO        9.99993e+02   4.17962e+01   5.16822e-05  -3.57761e-04
  21  alpha_A0     7.83198e-04   7.53280e-04   8.37928e-05   7.19596e-02
  22  beta_A0     -5.89601e-03   8.60002e-04  -1.59729e-04   2.54731e-02
  23  alpha_phi   -9.99980e-03   1.85635e-05  -6.86904e-05   2.34849e-02
  24  beta_phi    -9.65439e-04   8.06556e-04  -1.33201e-04  -4.41497e-02
 EXTERNAL ERROR MATRIX.    NDIM=  25    NPAR= 11    ERR DEF=1
  8.907e+04 
  2.399e-02  6.883e-08 
  4.189e-03 -1.415e-07  5.300e-07 
 -7.900e-03 -3.859e-08  1.011e-07  3.658e-08 
 -1.677e-03  1.312e-08 -6.029e-08 -1.025e-08  2.128e-08 
 -8.708e-03 -1.739e-08  4.306e-08  9.168e-09 -5.243e-09  1.851e-08 
 -2.345e+00  1.158e-06 -2.237e-06  3.192e-08  4.234e-07 -2.632e-06  1.236e+00 
 -4.792e-03 -1.502e-07  4.635e-07  1.044e-07 -5.168e-08  4.225e-08 -3.560e-06  5.685e-07 
 -1.252e-01 -1.750e-07  2.793e-07  8.522e-08 -2.129e-08  5.546e-08 -1.196e-05  2.848e-07  7.424e-07 
  6.977e-05 -3.329e-11  5.558e-11 -3.327e-12 -1.150e-11  7.899e-11 -4.949e-08  9.758e-11  3.622e-10  1.464e-11 
  1.840e-02  1.671e-07 -4.785e-07 -1.074e-07  5.909e-08 -3.997e-08 -3.354e-06 -4.135e-07 -3.699e-07  1.090e-10  6.520e-07 
 PARAMETER  CORRELATION COEFFICIENTS  
       NO.  GLOBAL      1      3      4      6      8      9     20     21     22     23     24
        1  0.59005   1.000  0.306  0.019 -0.138 -0.039 -0.214 -0.007 -0.021 -0.487  0.061  0.076
        3  0.93881   0.306  1.000 -0.741 -0.769  0.343 -0.487  0.004 -0.759 -0.774 -0.033  0.789
        4  0.91766   0.019 -0.741  1.000  0.726 -0.568  0.435 -0.003  0.844  0.445  0.020 -0.814
        6  0.81118  -0.138 -0.769  0.726  1.000 -0.367  0.352  0.000  0.724  0.517 -0.005 -0.696
        8  0.60711  -0.039  0.343 -0.568 -0.367  1.000 -0.264  0.003 -0.470 -0.169 -0.021  0.502
        9  0.56617  -0.214 -0.487  0.435  0.352 -0.264  1.000 -0.017  0.412  0.473  0.152 -0.364
       20  0.03062  -0.007  0.004 -0.003  0.000  0.003 -0.017  1.000 -0.004 -0.012 -0.012 -0.004
       21  0.88874  -0.021 -0.759  0.844  0.724 -0.470  0.412 -0.004  1.000  0.438  0.034 -0.679
       22  0.84314  -0.487 -0.774  0.445  0.517 -0.169  0.473 -0.012  0.438  1.000  0.110 -0.532
       23  0.26767   0.061 -0.033  0.020 -0.005 -0.021  0.152 -0.012  0.034  0.110  1.000  0.035
       24  0.88091   0.076  0.789 -0.814 -0.696  0.502 -0.364 -0.004 -0.679 -0.532  0.035  1.000
MINUIT - FIT ONLY 1-y
 **********
 **   51 **RES 
 **********
                   PARAMETER   16  beta_vw RESTORED TO VARIABLE.
                   PARAMETER   14  alpha_vw RESTORED TO VARIABLE.
                   PARAMETER   13  beta_y RESTORED TO VARIABLE.
                   PARAMETER   11  alpha_y RESTORED TO VARIABLE.
                   PARAMETER   10  beta_2CBO RESTORED TO VARIABLE.
 **********
 **   52 **FIX            0
 **********
 PARAMETER    0  IS UNDEFINED. IGNORED.
 **********
 **   53 **FIX            1
 **********
 **********
 **   54 **FIX            2
 **********
 PARAMETER    2  IS CONSTANT.   IGNORED.
 **********
 **   55 **FIX            3
 **********
 **********
 **   56 **FIX            4
 **********
 **********
 **   57 **FIX            5
 **********
 PARAMETER    5  IS CONSTANT.   IGNORED.
 **********
 **   58 **FIX            6
 **********
 **********
 **   59 **FIX            7
 **********
 PARAMETER    7  IS CONSTANT.   IGNORED.
 **********
 **   60 **FIX            8
 **********
 **********
 **   61 **FIX            9
 **********
 **********
 **   62 **FIX           13
 **********
 **********
 **   63 **FIX           14
 **********
 **********
 **   64 **FIX           15
 **********
 PARAMETER   15  IS CONSTANT.   IGNORED.
 **********
 **   65 **FIX           16
 **********
 **********
 **   66 **MIGRAD
 **********
 START MIGRAD MINIMIZATION.  STRATEGY  1.  CONVERGENCE WHEN EDM .LT. 1.00e-04
 FCN=588.877 FROM MIGRAD    STATUS=INITIATE       69 CALLS        2782 TOTAL
                     EDM= unknown      STRATEGY= 1      NO ERROR MATRIX       
  EXT PARAMETER               CURRENT GUESS       STEP         FIRST   
  NO.   NAME      VALUE            ERROR          SIZE      DERIVATIVE 
   1  N0           3.01279e+06     fixed    
   2  tau          6.44059e+01   constant   
   3  A0           3.52297e-01     fixed    
   4  phi          4.11752e+00     fixed    
   5  R           -6.13499e+01   constant   
   6  alpha_CBO   -9.29016e-03     fixed    
   7  w_CBO        2.32500e+00   constant   
   8  beta_CBO     1.17501e-03     fixed    
   9  alpha_2CBO   2.52402e-04     fixed    
  10  beta_2CBO    2.19013e-04   1.37450e-04   0.00000e+00   1.67301e+04
  11  alpha_y      0.00000e+00   1.00000e-03   0.00000e+00  -3.33910e+05
  12  w_y          1.38860e+01   constant   
  13  beta_y       1.35695e-03     fixed    
  14  alpha_vw     0.00000e+00     fixed    
  15  w_vw         1.43404e+01   constant   
  16  beta_vw      0.00000e+00     fixed    
  17  LM           1.16863e-04   constant   
  18  zeta_y       0.00000e+00   constant   
  19  zeta_vw      0.00000e+00   constant   
  20  T_CBO        9.14387e+02   4.17962e+01   0.00000e+00  -1.03360e-02
  21  alpha_A0     7.83198e-04   7.53280e-04   0.00000e+00   7.05283e-01
  22  beta_A0     -5.89601e-03   8.60002e-04   0.00000e+00   7.31042e-01
  23  alpha_phi   -9.98989e-03   1.85635e-05   3.86814e-02   2.81889e-03
  24  beta_phi    -9.65439e-04   8.06556e-04   0.00000e+00  -2.04101e-01
 MIGRAD MINIMIZATION HAS CONVERGED.
 MIGRAD WILL VERIFY CONVERGENCE AND ERROR MATRIX.
 COVARIANCE MATRIX CALCULATED SUCCESSFULLY
 FCN=210.995 FROM MIGRAD    STATUS=CONVERGED     318 CALLS        3031 TOTAL
                     EDM=1.73585e-06    STRATEGY= 1      ERROR MATRIX ACCURATE 
  EXT PARAMETER                                   STEP         FIRST   
  NO.   NAME      VALUE            ERROR          SIZE      DERIVATIVE 
   1  N0           3.01279e+06     fixed    
   2  tau          6.44059e+01   constant   
   3  A0           3.52297e-01     fixed    
   4  phi          4.11752e+00     fixed    
   5  R           -6.13499e+01   constant   
   6  alpha_CBO   -9.29016e-03     fixed    
   7  w_CBO        2.32500e+00   constant   
   8  beta_CBO     1.17501e-03     fixed    
   9  alpha_2CBO   2.52402e-04     fixed    
  10  beta_2CBO    2.38351e-05   1.21099e-04   8.11917e-07  -4.15780e+00
  11  alpha_y      2.25364e-03   1.16090e-04   8.24315e-07  -1.01621e+00
  12  w_y          1.38860e+01   constant   
  13  beta_y       1.35695e-03     fixed    
  14  alpha_vw     0.00000e+00     fixed    
  15  w_vw         1.43404e+01   constant   
  16  beta_vw      0.00000e+00     fixed    
  17  LM           1.16863e-04   constant   
  18  zeta_y       0.00000e+00   constant   
  19  zeta_vw      0.00000e+00   constant   
  20  T_CBO        6.62944e+02   7.72972e+02   7.98544e-03  -8.25692e-04
  21  alpha_A0     1.06857e-03   4.29188e-04   2.97344e-04   2.85390e-02
  22  beta_A0     -5.91623e-03   5.47591e-04   4.50523e-04  -8.10457e-04
  23  alpha_phi   -1.00000e-02   1.33582e-02   8.80619e-03** at limit **
  24  beta_phi    -9.78989e-04   4.36220e-04   2.94441e-04  -1.23796e-02
 EXTERNAL ERROR MATRIX.    NDIM=  25    NPAR=  7    ERR DEF=1
  1.466e-08 -4.310e-10  6.341e-03 -9.612e-09  7.407e-09  3.288e-15 -1.501e-08 
 -4.310e-10  1.348e-08 -6.827e-04  1.286e-09  3.336e-10 -1.068e-13 -8.517e-10 
  6.341e-03 -6.827e-04  3.242e+05  1.332e-02  1.070e-01  2.873e-04 -7.582e-03 
 -9.612e-09  1.286e-09  1.332e-02  1.843e-07 -4.995e-09 -2.712e-11  3.592e-08 
  7.407e-09  3.336e-10  1.070e-01 -4.995e-09  3.003e-07  1.482e-10 -2.573e-08 
  3.288e-15 -1.068e-13  2.873e-04 -2.712e-11  1.482e-10  2.733e-11  2.572e-11 
 -1.501e-08 -8.517e-10 -7.582e-03  3.592e-08 -2.573e-08  2.572e-11  1.904e-07 
 PARAMETER  CORRELATION COEFFICIENTS  
       NO.  GLOBAL     10     11     20     21     22     23     24
       10  0.33263   1.000 -0.031  0.092 -0.185  0.112  0.000 -0.284
       11  0.04953  -0.031  1.000 -0.010  0.026  0.005 -0.000 -0.017
       20  0.36385   0.092 -0.010  1.000  0.054  0.343  0.097 -0.031
       21  0.24848  -0.185  0.026  0.054  1.000 -0.021 -0.012  0.192
       22  0.36149   0.112  0.005  0.343 -0.021  1.000  0.052 -0.108
       23  0.10230   0.000 -0.000  0.097 -0.012  0.052  1.000  0.011
       24  0.32826  -0.284 -0.017 -0.031  0.192 -0.108  0.011  1.000
MINUIT - FIT ONLY 2-y
 **********
 **   67 **RES 
 **********
                   PARAMETER   16  beta_vw RESTORED TO VARIABLE.
                   PARAMETER   14  alpha_vw RESTORED TO VARIABLE.
                   PARAMETER   13  beta_y RESTORED TO VARIABLE.
                   PARAMETER    9  alpha_2CBO RESTORED TO VARIABLE.
                   PARAMETER    8  beta_CBO RESTORED TO VARIABLE.
                   PARAMETER    6  alpha_CBO RESTORED TO VARIABLE.
                   PARAMETER    4  phi RESTORED TO VARIABLE.
                   PARAMETER    3  A0 RESTORED TO VARIABLE.
                   PARAMETER    1  N0 RESTORED TO VARIABLE.
 **********
 **   68 **FIX            0
 **********
 PARAMETER    0  IS UNDEFINED. IGNORED.
 **********
 **   69 **FIX            1
 **********
 **********
 **   70 **FIX            2
 **********
 PARAMETER    2  IS CONSTANT.   IGNORED.
 **********
 **   71 **FIX            3
 **********
 **********
 **   72 **FIX            4
 **********
 **********
 **   73 **FIX            5
 **********
 PARAMETER    5  IS CONSTANT.   IGNORED.
 **********
 **   74 **FIX            6
 **********
 **********
 **   75 **FIX            7
 **********
 PARAMETER    7  IS CONSTANT.   IGNORED.
 **********
 **   76 **FIX            8
 **********
 **********
 **   77 **FIX            9
 **********
 **********
 **   78 **FIX           10
 **********
 **********
 **   79 **FIX           11
 **********
 **********
 **   80 **FIX           12
 **********
 PARAMETER   12  IS CONSTANT.   IGNORED.
 **********
 **   81 **FIX           16
 **********
 **********
 **   82 **MIGRAD
 **********
 START MIGRAD MINIMIZATION.  STRATEGY  1.  CONVERGENCE WHEN EDM .LT. 1.00e-04
 FCN=210.995 FROM MIGRAD    STATUS=INITIATE       16 CALLS        3047 TOTAL
                     EDM= unknown      STRATEGY= 1      NO ERROR MATRIX       
  EXT PARAMETER               CURRENT GUESS       STEP         FIRST   
  NO.   NAME      VALUE            ERROR          SIZE      DERIVATIVE 
   1  N0           3.01279e+06     fixed    
   2  tau          6.44059e+01   constant   
   3  A0           3.52297e-01     fixed    
   4  phi          4.11752e+00     fixed    
   5  R           -6.13499e+01   constant   
   6  alpha_CBO   -9.29016e-03     fixed    
   7  w_CBO        2.32500e+00   constant   
   8  beta_CBO     1.17501e-03     fixed    
   9  alpha_2CBO   2.52402e-04     fixed    
  10  beta_2CBO    2.38351e-05     fixed    
  11  alpha_y      2.25364e-03     fixed    
  12  w_y          1.38860e+01   constant   
  13  beta_y       1.35695e-03   1.13378e-04   1.13378e-04   2.90301e+03
  14  alpha_vw     0.00000e+00   1.00000e-03   1.00000e-03  -2.62402e+04
  15  w_vw         1.43404e+01   constant   
  16  beta_vw      0.00000e+00     fixed    
  17  LM           1.16863e-04   constant   
  18  zeta_y       0.00000e+00   constant   
  19  zeta_vw      0.00000e+00   constant   
  20  T_CBO        6.62944e+02   7.72972e+02   7.98544e-03  -8.39521e-04
  21  alpha_A0     1.06857e-03   4.29188e-04   2.97344e-04   2.85344e-02
  22  beta_A0     -5.91623e-03   5.47591e-04   4.50523e-04  -7.75713e-04
  23  alpha_phi   -1.00000e-02   1.33582e-02   8.80619e-03** at limit **
  24  beta_phi    -9.78989e-04   4.36220e-04   2.94441e-04  -1.23749e-02
 MIGRAD MINIMIZATION HAS CONVERGED.
 MIGRAD WILL VERIFY CONVERGENCE AND ERROR MATRIX.
 COVARIANCE MATRIX CALCULATED SUCCESSFULLY
 FCN=202.325 FROM MIGRAD    STATUS=CONVERGED     156 CALLS        3187 TOTAL
                     EDM=1.76442e-05    STRATEGY= 1      ERROR MATRIX ACCURATE 
  EXT PARAMETER                                   STEP         FIRST   
  NO.   NAME      VALUE            ERROR          SIZE      DERIVATIVE 
   1  N0           3.01279e+06     fixed    
   2  tau          6.44059e+01   constant   
   3  A0           3.52297e-01     fixed    
   4  phi          4.11752e+00     fixed    
   5  R           -6.13499e+01   constant   
   6  alpha_CBO   -9.29016e-03     fixed    
   7  w_CBO        2.32500e+00   constant   
   8  beta_CBO     1.17501e-03     fixed    
   9  alpha_2CBO   2.52402e-04     fixed    
  10  beta_2CBO    2.38351e-05     fixed    
  11  alpha_y      2.25364e-03     fixed    
  12  w_y          1.38860e+01   constant   
  13  beta_y       8.49484e-04   2.01049e-04   7.85794e-07  -6.73620e+00
  14  alpha_vw     6.04754e-04   2.05681e-04   8.02220e-07  -9.78363e-01
  15  w_vw         1.43404e+01   constant   
  16  beta_vw      0.00000e+00     fixed    
  17  LM           1.16863e-04   constant   
