 + ++++++++++++++++++++++++++++++++++++++++++++++++++++++++++++++++++++ +
 +                                                                      +
 +           You have chose to blind your fitting according to          +
 +                omega_ref * (1 + (R +/- deltaR) *10^{-6})             +
 +                                                                      +
 + ++++++++++++++++++++++++++++++++++++++++++++++++++++++++++++++++++++ +
In main()...
reading format from /gm2data/zkhechad/run45/envelope/formats/formatB_sBin_constraintOn.txt
pBinTau 	= 0  
pBinPhi 	= 0  
constraintau 	= 1 
includeMopTerm 	= 0    
constrainMop    = 0   
Parameters after format file: pBinTau 0 pBinPhi 0 constraintau 1 includeMopTerm 0 constrainMop 0 c_e_scale 0.000000 
Opening file /gm2data/tbarrett/gm2fr/studies/run23_bunch_corrections/CorrectedFourier_Run3b.root.
reading full fit data from /gm2data/zkhechad/cboTemplates/Run4CBOTemplates/templateFits0_v2.0/noRF/sBin_constraintOn_cE0.0_seed0_noRF_calo11.root
windowBins = 17
fitting sliding window 378 from bin 514 at 76.539600 to bin 531 at 79.225200 (17 bins)

Reading data from /gm2data/cornell/histograms/aMethod/histogram_a_noRF.root
 **********
 **    1 **SET PRINTOUT            1
 **********
 **********
 **    2 **SET NOWARNINGS 
 **********
 PARAMETER DEFINITIONS:
    NO.   NAME         VALUE      STEP SIZE      LIMITS
     1 N0           3.15841e+06  1.00000e+02     no limits
     2 tau          6.43667e+01  constant
     3 A0           3.42728e-01  1.00000e-04     no limits
     4 phi          4.11795e+00  1.00000e-02     no limits
     5 R           -6.17041e+01  constant
     6 alpha_CBO    0.00000e+00  1.00000e-03     no limits
     7 w_CBO        2.32500e+00  constant
     8 beta_CBO     0.00000e+00  1.00000e-03     no limits
     9 alpha_2CBO   0.00000e+00  1.00000e-03     no limits
    10 beta_2CBO    0.00000e+00  1.00000e-03     no limits
    11 alpha_y      0.00000e+00  1.00000e-03     no limits
    12 w_y          1.44500e+01  constant
    13 beta_y       0.00000e+00  1.00000e-03     no limits
    14 alpha_vw     0.00000e+00  1.00000e-03     no limits
    15 w_vw         1.29000e+01  constant
    16 beta_vw      0.00000e+00  1.00000e-03     no limits
    17 LM          -1.31768e-03  constant
    18 zeta_y       0.00000e+00  constant
    19 zeta_vw      0.00000e+00  constant
    20 T_CBO        1.00000e+02  1.00000e+00    0.00000e+00  1.00000e+03
    21 alpha_A0     0.00000e+00  1.00000e-03     no limits
    22 beta_A0      0.00000e+00  1.00000e-03     no limits
    23 alpha_phi    0.00000e+00  1.00000e-03     no limits
    24 beta_phi     0.00000e+00  1.00000e-03     no limits
MINUIT - FIT ONLY WIGGLE
 **********
 **    3 **FIX            5
 **********
 PARAMETER    5  IS CONSTANT.   IGNORED.
 **********
 **    4 **FIX            6
 **********
 **********
 **    5 **FIX            7
 **********
 PARAMETER    7  IS CONSTANT.   IGNORED.
 **********
 **    6 **FIX            8
 **********
 **********
 **    7 **FIX            9
 **********
 **********
 **    8 **FIX           10
 **********
 **********
 **    9 **FIX           11
 **********
 **********
 **   10 **FIX           12
 **********
 PARAMETER   12  IS CONSTANT.   IGNORED.
 **********
 **   11 **FIX           13
 **********
 **********
 **   12 **FIX           14
 **********
 **********
 **   13 **FIX           15
 **********
 PARAMETER   15  IS CONSTANT.   IGNORED.
 **********
 **   14 **FIX           16
 **********
 **********
 **   15 **MIGRAD
 **********
 FIRST CALL TO USER FUNCTION AT NEW START POINT, WITH IFLAG=4.
 START MIGRAD MINIMIZATION.  STRATEGY  1.  CONVERGENCE WHEN EDM .LT. 1.00e-04
 FCN=1314.54 FROM MIGRAD    STATUS=INITIATE      437 CALLS         438 TOTAL
                     EDM= unknown      STRATEGY= 1      NO ERROR MATRIX       
  EXT PARAMETER               CURRENT GUESS       STEP         FIRST   
  NO.   NAME      VALUE            ERROR          SIZE      DERIVATIVE 
   1  N0           3.15841e+06   1.00000e+02   0.00000e+00   3.85530e-02
   2  tau          6.43667e+01   constant   
   3  A0           3.42728e-01   1.00000e-04   0.00000e+00   2.42704e+05
   4  phi          4.11795e+00   1.00000e-02   0.00000e+00  -5.28373e+04
   5  R           -6.17041e+01   constant   
   6  alpha_CBO    0.00000e+00     fixed    
   7  w_CBO        2.32500e+00   constant   
   8  beta_CBO     0.00000e+00     fixed    
   9  alpha_2CBO   0.00000e+00     fixed    
  10  beta_2CBO    0.00000e+00     fixed    
  11  alpha_y      0.00000e+00     fixed    
  12  w_y          1.44500e+01   constant   
  13  beta_y       0.00000e+00     fixed    
  14  alpha_vw     0.00000e+00     fixed    
  15  w_vw         1.29000e+01   constant   
  16  beta_vw      0.00000e+00     fixed    
  17  LM          -1.31768e-03   constant   
  18  zeta_y       0.00000e+00   constant   
  19  zeta_vw      0.00000e+00   constant   
  20  T_CBO        1.00000e+02   1.00000e+00   0.00000e+00   0.00000e+00
  21  alpha_A0     0.00000e+00   1.00000e-03   0.00000e+00  -1.87401e+04
  22  beta_A0      0.00000e+00   1.00000e-03   0.00000e+00  -5.13772e+03
  23  alpha_phi    0.00000e+00   1.00000e-03   0.00000e+00  -1.92577e+04
  24  beta_phi     0.00000e+00   1.00000e-03   0.00000e+00   2.80681e+03
 MIGRAD MINIMIZATION HAS CONVERGED.
 MIGRAD WILL VERIFY CONVERGENCE AND ERROR MATRIX.
 FCN=20.1953 FROM MIGRAD    STATUS=CONVERGED    1338 CALLS        1339 TOTAL
                     EDM=3.82486e-05    STRATEGY= 1      ERR MATRIX NOT POS-DEF
  EXT PARAMETER                APPROXIMATE        STEP         FIRST   
  NO.   NAME      VALUE            ERROR          SIZE      DERIVATIVE 
   1  N0           3.17445e+06   5.11844e+03   1.51369e+00  -1.66021e-07
   2  tau          6.43667e+01   constant   
   3  A0           3.20562e-01   1.67014e-03   4.61249e-07   6.18162e+00
   4  phi          4.18158e+00   4.69935e-03   1.99393e-06  -8.72658e-01
   5  R           -6.17041e+01   constant   
   6  alpha_CBO    0.00000e+00     fixed    
   7  w_CBO        2.32500e+00   constant   
   8  beta_CBO     0.00000e+00     fixed    
   9  alpha_2CBO   0.00000e+00     fixed    
  10  beta_2CBO    0.00000e+00     fixed    
  11  alpha_y      0.00000e+00     fixed    
  12  w_y          1.44500e+01   constant   
  13  beta_y       0.00000e+00     fixed    
  14  alpha_vw     0.00000e+00     fixed    
  15  w_vw         1.29000e+01   constant   
  16  beta_vw      0.00000e+00     fixed    
  17  LM          -1.31768e-03   constant   
  18  zeta_y       0.00000e+00   constant   
  19  zeta_vw      0.00000e+00   constant   
  20  T_CBO        9.53924e+01   1.07834e+01   6.29980e-06   2.19186e-01
  21  alpha_A0    -2.16007e-01   2.11783e-02   4.90892e-06   5.68551e-02
  22  beta_A0     -1.08267e-01   2.00790e-02   5.68430e-06  -6.28104e-01
  23  alpha_phi   -8.75977e-02   1.79241e-02   4.96462e-06   2.78972e-01
  24  beta_phi     2.01786e-01   1.88049e-02   4.51257e-06   7.27526e-01
 EXTERNAL ERROR MATRIX.    NDIM=  25    NPAR=  8    ERR DEF=1
  2.620e+07 -9.613e-01  1.561e+01  1.597e+04 -5.136e+01  6.959e+01  5.404e+01  4.968e+01 
 -9.613e-01  2.789e-06 -4.951e-06 -8.766e-03  1.309e-05  1.702e-05  1.861e-05 -3.965e-06 
  1.561e+01 -4.951e-06  2.208e-05  2.464e-02 -5.822e-05  1.302e-05 -5.824e-06  4.040e-05 
  1.597e+04 -8.766e-03  2.464e-02  1.163e+02  8.277e-02  6.143e-02  2.971e-02 -1.017e-01 
 -5.136e+01  1.309e-05 -5.822e-05  8.277e-02  4.485e-04  8.085e-05  1.008e-04 -3.796e-04 
  6.959e+01  1.702e-05  1.302e-05  6.143e-02  8.085e-05  4.032e-04  3.445e-04 -1.065e-05 
  5.404e+01  1.861e-05 -5.824e-06  2.971e-02  1.008e-04  3.445e-04  3.213e-04 -2.518e-05 
  4.968e+01 -3.965e-06  4.040e-05 -1.017e-01 -3.796e-04 -1.065e-05 -2.518e-05  3.536e-04 
ERR MATRIX NOT POS-DEF
 PARAMETER  CORRELATION COEFFICIENTS  
       NO.  GLOBAL      1      3      4     20     21     22     23     24
        1  0.99578   1.000 -0.112  0.649  0.289 -0.474  0.677  0.589  0.516
        3  0.99245  -0.112  1.000 -0.631 -0.487  0.370  0.507  0.622 -0.126
        4  0.98796   0.649 -0.631  1.000  0.486 -0.585  0.138 -0.069  0.457
       20  0.99710   0.289 -0.487  0.486  1.000  0.362  0.284  0.154 -0.501
       21  0.99469  -0.474  0.370 -0.585  0.362  1.000  0.190  0.266 -0.953
       22  0.99207   0.677  0.507  0.138  0.284  0.190  1.000  0.957 -0.028
       23  0.99241   0.589  0.622 -0.069  0.154  0.266  0.957  1.000 -0.075
       24  0.99431   0.516 -0.126  0.457 -0.501 -0.953 -0.028 -0.075  1.000
 ERR MATRIX NOT POS-DEF
MINUIT - FIT ONLY 1-CBO + wiggle
 **********
 **   16 **RES 
 **********
                   PARAMETER   16  beta_vw RESTORED TO VARIABLE.
                   PARAMETER   14  alpha_vw RESTORED TO VARIABLE.
                   PARAMETER   13  beta_y RESTORED TO VARIABLE.
                   PARAMETER   11  alpha_y RESTORED TO VARIABLE.
                   PARAMETER   10  beta_2CBO RESTORED TO VARIABLE.
                   PARAMETER    9  alpha_2CBO RESTORED TO VARIABLE.
                   PARAMETER    8  beta_CBO RESTORED TO VARIABLE.
                   PARAMETER    6  alpha_CBO RESTORED TO VARIABLE.
 **********
 **   17 **FIX            8
 **********
 **********
 **   18 **FIX            9
 **********
 **********
 **   19 **FIX           11
 **********
 **********
 **   20 **FIX           12
 **********
 PARAMETER   12  IS CONSTANT.   IGNORED.
 **********
 **   21 **FIX           14
 **********
 **********
 **   22 **FIX           15
 **********
 PARAMETER   15  IS CONSTANT.   IGNORED.
 **********
 **   23 **FIX           16
 **********
 **********
 **   24 **MIGRAD
 **********
 START MIGRAD MINIMIZATION.  STRATEGY  1.  CONVERGENCE WHEN EDM .LT. 1.00e-04
 FCN=20.1953 FROM MIGRAD    STATUS=INITIATE       28 CALLS        1367 TOTAL
                     EDM= unknown      STRATEGY= 1      NO ERROR MATRIX       
  EXT PARAMETER               CURRENT GUESS       STEP         FIRST   
  NO.   NAME      VALUE            ERROR          SIZE      DERIVATIVE 
   1  N0           3.17445e+06   5.11844e+03   1.51369e+00  -1.66020e-07
   2  tau          6.43667e+01   constant   
   3  A0           3.20562e-01   1.67014e-03   4.61249e-07   6.18161e+00
   4  phi          4.18158e+00   4.69935e-03   1.99393e-06  -8.72656e-01
   5  R           -6.17041e+01   constant   
   6  alpha_CBO    0.00000e+00   1.00000e-03   1.00000e-03   3.76990e+02
   7  w_CBO        2.32500e+00   constant   
   8  beta_CBO     0.00000e+00     fixed    
   9  alpha_2CBO   0.00000e+00     fixed    
  10  beta_2CBO    0.00000e+00   1.00000e-03   1.00000e-03  -1.69519e+03
  11  alpha_y      0.00000e+00     fixed    
  12  w_y          1.44500e+01   constant   
  13  beta_y       0.00000e+00   1.00000e-03   1.00000e-03  -1.65794e+04
  14  alpha_vw     0.00000e+00     fixed    
  15  w_vw         1.29000e+01   constant   
  16  beta_vw      0.00000e+00     fixed    
  17  LM          -1.31768e-03   constant   
  18  zeta_y       0.00000e+00   constant   
  19  zeta_vw      0.00000e+00   constant   
  20  T_CBO        9.53924e+01   1.07834e+01   6.29980e-06   2.19179e-01
  21  alpha_A0    -2.16007e-01   2.11783e-02   4.90892e-06   5.68609e-02
  22  beta_A0     -1.08267e-01   2.00790e-02   5.68430e-06  -6.28099e-01
  23  alpha_phi   -8.75977e-02   1.79241e-02   4.96462e-06   2.78972e-01
  24  beta_phi     2.01786e-01   1.88049e-02   4.51257e-06   7.27525e-01
 CALL LIMIT EXCEEDED IN MIGRAD.
 MIGRAD TERMINATED WITHOUT CONVERGENCE.
 FCN=12.2649 FROM MIGRAD    STATUS=CALL LIMIT   1921 CALLS        3260 TOTAL
                     EDM=0.00239873    STRATEGY= 1  ERROR MATRIX UNCERTAINTY  19.8 per cent
  EXT PARAMETER                APPROXIMATE        STEP         FIRST   
  NO.   NAME      VALUE            ERROR          SIZE      DERIVATIVE 
   1  N0           3.15017e+06   3.20478e+03  -3.14309e+01  -7.62455e-06
   2  tau          6.43667e+01   constant   
   3  A0           3.32288e-01   3.27020e-03   2.78353e-05  -4.63981e+00
   4  phi          4.13535e+00   8.55632e-03  -5.27000e-05   6.20402e+00
   5  R           -6.17041e+01   constant   
   6  alpha_CBO   -1.70353e-03   7.53671e-04  -1.33718e-06   4.78711e+01
   7  w_CBO        2.32500e+00   constant   
   8  beta_CBO     0.00000e+00     fixed    
   9  alpha_2CBO   0.00000e+00     fixed    
  10  beta_2CBO    2.21967e-03   4.06310e-04  -6.66078e-07  -3.19451e+01
  11  alpha_y      0.00000e+00     fixed    
  12  w_y          1.44500e+01   constant   
  13  beta_y       5.01287e-04   2.19783e-04   2.10110e-06   4.14706e+01
  14  alpha_vw     0.00000e+00     fixed    
  15  w_vw         1.29000e+01   constant   
  16  beta_vw      0.00000e+00     fixed    
  17  LM          -1.31768e-03   constant   
  18  zeta_y       0.00000e+00   constant   
  19  zeta_vw      0.00000e+00   constant   
  20  T_CBO        3.94936e+01   1.05293e+01  -4.63167e-04   2.45744e+00
  21  alpha_A0     2.49594e-02   1.24177e-01   1.23167e-03   2.90013e+00
  22  beta_A0     -2.40180e-01   7.32306e-02  -7.18288e-04   1.73372e+00
  23  alpha_phi   -2.41204e-02   3.63347e-02   4.06750e-04  -1.56624e+00
  24  beta_phi     1.45231e-01   1.35617e-02  -1.30292e-04   3.72513e+00
 EXTERNAL ERROR MATRIX.    NDIM=  25    NPAR= 11    ERR DEF=1
  1.027e+07 
 -1.007e+01  1.069e-05 
  2.169e+01 -2.586e-05  7.321e-05 
 -2.147e-01  7.170e-07 -3.377e-06  5.680e-07 
  5.653e-02  1.715e-07 -1.249e-06  1.293e-07  1.651e-07 
 -2.404e-01  2.325e-07 -4.967e-07 -8.892e-09 -5.709e-09  4.830e-08 
  3.199e+04 -3.420e-02  8.425e-02 -2.009e-03 -6.288e-04 -7.762e-04  1.110e+02 
 -3.711e+02  4.000e-04 -1.001e-03  2.323e-05  1.034e-05  8.869e-06 -1.303e+00  1.542e-02 
  2.126e+02 -2.339e-04  6.029e-04 -1.687e-05 -7.575e-06 -5.116e-06  7.637e-01 -9.054e-03  5.363e-03 
 -1.082e+02  1.146e-04 -2.795e-04  3.591e-06  2.653e-06  2.758e-06 -3.762e-01  4.462e-03 -2.611e-03  1.320e-03 
  3.831e+01 -4.240e-05  1.097e-04 -4.348e-06 -7.206e-07 -9.741e-07  1.361e-01 -1.592e-03  9.497e-04 -4.525e-04  1.839e-04 
ERR MATRIX APPROXIMATE
 PARAMETER  CORRELATION COEFFICIENTS  
       NO.  GLOBAL      1      3      4      6     10     13     20     21     22     23     24
        1  0.99780   1.000 -0.961  0.791 -0.089  0.043 -0.341  0.948 -0.932  0.906 -0.929  0.881
        3  0.99869  -0.961  1.000 -0.924  0.291  0.129  0.323 -0.993  0.985 -0.977  0.964 -0.956
        4  0.99898   0.791 -0.924  1.000 -0.524 -0.359 -0.264  0.935 -0.942  0.962 -0.899  0.946
        6  0.97481  -0.089  0.291 -0.524  1.000  0.422 -0.054 -0.253  0.248 -0.306  0.131 -0.425
       10  0.93193   0.043  0.129 -0.359  0.422  1.000 -0.064 -0.147  0.205 -0.255  0.180 -0.131
       13  0.43051  -0.341  0.323 -0.264 -0.054 -0.064  1.000 -0.335  0.325 -0.318  0.345 -0.327
       20  0.99940   0.948 -0.993  0.935 -0.253 -0.147 -0.335  1.000 -0.996  0.990 -0.983  0.953
       21  0.99962  -0.932  0.985 -0.942  0.248  0.205  0.325 -0.996  1.000 -0.996  0.989 -0.945
       22  0.99938   0.906 -0.977  0.962 -0.306 -0.255 -0.318  0.990 -0.996  1.000 -0.981  0.956
       23  0.99886  -0.929  0.964 -0.899  0.131  0.180  0.345 -0.983  0.989 -0.981  1.000 -0.918
       24  0.99408   0.881 -0.956  0.946 -0.425 -0.131 -0.327  0.953 -0.945  0.956 -0.918  1.000
 ERR MATRIX APPROXIMATE
MINUIT - FIT ONLY 2-CBO
 **********
 **   25 **RES 
 **********
                   PARAMETER   16  beta_vw RESTORED TO VARIABLE.
                   PARAMETER   14  alpha_vw RESTORED TO VARIABLE.
                   PARAMETER   11  alpha_y RESTORED TO VARIABLE.
                   PARAMETER    9  alpha_2CBO RESTORED TO VARIABLE.
                   PARAMETER    8  beta_CBO RESTORED TO VARIABLE.
 **********
 **   26 **FIX            0
 **********
 PARAMETER    0  IS UNDEFINED. IGNORED.
 **********
 **   27 **FIX            1
 **********
 **********
 **   28 **FIX            2
 **********
 PARAMETER    2  IS CONSTANT.   IGNORED.
 **********
 **   29 **FIX            3
 **********
 **********
 **   30 **FIX            4
 **********
 **********
 **   31 **FIX            5
 **********
 PARAMETER    5  IS CONSTANT.   IGNORED.
 **********
 **   32 **FIX            6
 **********
 **********
 **   33 **FIX            7
 **********
 PARAMETER    7  IS CONSTANT.   IGNORED.
 **********
 **   34 **FIX           10
 **********
 **********
 **   35 **FIX           11
 **********
 **********
 **   36 **FIX           12
 **********
 PARAMETER   12  IS CONSTANT.   IGNORED.
 **********
 **   37 **FIX           13
 **********
 **********
 **   38 **FIX           14
 **********
 **********
 **   39 **FIX           15
 **********
 PARAMETER   15  IS CONSTANT.   IGNORED.
 **********
 **   40 **FIX           16
 **********
 **********
 **   41 **MIGRAD
 **********
 START MIGRAD MINIMIZATION.  STRATEGY  1.  CONVERGENCE WHEN EDM .LT. 1.00e-04
 FCN=12.2649 FROM MIGRAD    STATUS=INITIATE       18 CALLS        3278 TOTAL
                     EDM= unknown      STRATEGY= 1      NO ERROR MATRIX       
  EXT PARAMETER               CURRENT GUESS       STEP         FIRST   
  NO.   NAME      VALUE            ERROR          SIZE      DERIVATIVE 
   1  N0           3.15017e+06     fixed    
   2  tau          6.43667e+01   constant   
   3  A0           3.32288e-01     fixed    
   4  phi          4.13535e+00     fixed    
   5  R           -6.17041e+01   constant   
   6  alpha_CBO   -1.70353e-03     fixed    
   7  w_CBO        2.32500e+00   constant   
   8  beta_CBO     0.00000e+00   1.00000e-03   1.00000e-03   1.31374e+01
   9  alpha_2CBO   0.00000e+00   1.00000e-03   1.00000e-03   8.49737e+02
  10  beta_2CBO    2.21967e-03     fixed    
  11  alpha_y      0.00000e+00     fixed    
  12  w_y          1.44500e+01   constant   
  13  beta_y       5.01287e-04     fixed    
  14  alpha_vw     0.00000e+00     fixed    
  15  w_vw         1.29000e+01   constant   
  16  beta_vw      0.00000e+00     fixed    
  17  LM          -1.31768e-03   constant   
  18  zeta_y       0.00000e+00   constant   
  19  zeta_vw      0.00000e+00   constant   
  20  T_CBO        3.94936e+01   1.05293e+01  -4.63167e-04   2.45744e+00
  21  alpha_A0     2.49594e-02   1.24177e-01   1.23167e-03   2.90013e+00
  22  beta_A0     -2.40180e-01   7.32306e-02  -7.18288e-04   1.73372e+00
  23  alpha_phi   -2.41204e-02   3.63347e-02   4.06750e-04  -1.56624e+00
  24  beta_phi     1.45231e-01   1.35617e-02  -1.30292e-04   3.72513e+00
 MIGRAD MINIMIZATION HAS CONVERGED.
 MIGRAD WILL VERIFY CONVERGENCE AND ERROR MATRIX.
 FCN=12.2334 FROM MIGRAD    STATUS=CONVERGED     165 CALLS        3425 TOTAL
                     EDM=1.18292e-05    STRATEGY= 1      ERR MATRIX NOT POS-DEF
  EXT PARAMETER                APPROXIMATE        STEP         FIRST   
  NO.   NAME      VALUE            ERROR          SIZE      DERIVATIVE 
   1  N0           3.15017e+06     fixed    
   2  tau          6.43667e+01   constant   
   3  A0           3.32288e-01     fixed    
   4  phi          4.13535e+00     fixed    
   5  R           -6.17041e+01   constant   
   6  alpha_CBO   -1.70353e-03     fixed    
   7  w_CBO        2.32500e+00   constant   
   8  beta_CBO    -7.07980e-05   5.76677e-04   3.87304e-07   7.21910e-01
   9  alpha_2CBO  -9.58393e-05   5.30363e-04   3.80738e-07   3.38839e-01
  10  beta_2CBO    2.21967e-03     fixed    
  11  alpha_y      0.00000e+00     fixed    
  12  w_y          1.44500e+01   constant   
  13  beta_y       5.01287e-04     fixed    
  14  alpha_vw     0.00000e+00     fixed    
  15  w_vw         1.29000e+01   constant   
  16  beta_vw      0.00000e+00     fixed    
  17  LM          -1.31768e-03   constant   
  18  zeta_y       0.00000e+00   constant   
  19  zeta_vw      0.00000e+00   constant   
  20  T_CBO        3.94909e+01   7.05109e+00   4.43796e-06  -5.49848e-02
  21  alpha_A0     2.61067e-02   1.36276e-02   1.17289e-05   1.43225e-02
  22  beta_A0     -2.37569e-01   8.47698e-02   1.33911e-05  -1.14117e-02
  23  alpha_phi   -2.58567e-02   1.52310e-02   1.20616e-05  -2.28487e-02
  24  beta_phi     1.47606e-01   5.49001e-02   1.11821e-05   3.09213e-02
 EXTERNAL ERROR MATRIX.    NDIM=  25    NPAR=  7    ERR DEF=1
  3.326e-07  2.238e-07  4.001e-04 -4.165e-06 -5.996e-06  5.300e-06 -1.036e-05 
  2.238e-07  2.813e-07 -5.383e-05 -3.551e-06 -8.986e-06  5.167e-06 -6.926e-06 
  4.001e-04 -5.383e-05  4.974e+01 -6.519e-02  5.804e-01  6.148e-02 -3.708e-01 
 -4.165e-06 -3.551e-06 -6.519e-02  1.857e-04 -6.266e-04 -1.333e-04  5.888e-04 
 -5.996e-06 -8.986e-06  5.804e-01 -6.266e-04  7.186e-03  5.521e-04 -4.064e-03 
  5.300e-06  5.167e-06  6.148e-02 -1.333e-04  5.521e-04  2.320e-04 -6.121e-04 
 -1.036e-05 -6.926e-06 -3.708e-01  5.888e-04 -4.064e-03 -6.121e-04  3.014e-03 
ERR MATRIX NOT POS-DEF
 PARAMETER  CORRELATION COEFFICIENTS  
       NO.  GLOBAL      8      9     20     21     22     23     24
        8  0.92596   1.000  0.732  0.098 -0.530 -0.123  0.603 -0.327
        9  0.91491   0.732  1.000 -0.014 -0.491 -0.200  0.640 -0.238
       20  0.99762   0.098 -0.014  1.000 -0.678  0.971  0.572 -0.958
       21  0.87509  -0.530 -0.491 -0.678  1.000 -0.542 -0.642  0.787
       22  0.99605  -0.123 -0.200  0.971 -0.542  1.000  0.428 -0.873
       23  0.89538   0.603  0.640  0.572 -0.642  0.428  1.000 -0.732
       24  0.99342  -0.327 -0.238 -0.958  0.787 -0.873 -0.732  1.000
 ERR MATRIX NOT POS-DEF
MINUIT - FIT wiggle + 1-CBO + 2-CBO
 **********
 **   42 **RES 
 **********
                   PARAMETER   16  beta_vw RESTORED TO VARIABLE.
                   PARAMETER   14  alpha_vw RESTORED TO VARIABLE.
                   PARAMETER   13  beta_y RESTORED TO VARIABLE.
                   PARAMETER   11  alpha_y RESTORED TO VARIABLE.
                   PARAMETER   10  beta_2CBO RESTORED TO VARIABLE.
                   PARAMETER    6  alpha_CBO RESTORED TO VARIABLE.
                   PARAMETER    4  phi RESTORED TO VARIABLE.
                   PARAMETER    3  A0 RESTORED TO VARIABLE.
                   PARAMETER    1  N0 RESTORED TO VARIABLE.
 **********
 **   43 **FIX           10
 **********
 **********
 **   44 **FIX           11
 **********
 **********
 **   45 **FIX           12
 **********
 PARAMETER   12  IS CONSTANT.   IGNORED.
 **********
 **   46 **FIX           13
 **********
 **********
 **   47 **FIX           14
 **********
 **********
 **   48 **FIX           15
 **********
 PARAMETER   15  IS CONSTANT.   IGNORED.
 **********
 **   49 **FIX           16
 **********
 **********
 **   50 **MIGRAD
 **********
 START MIGRAD MINIMIZATION.  STRATEGY  1.  CONVERGENCE WHEN EDM .LT. 1.00e-04
 FCN=12.2334 FROM MIGRAD    STATUS=INITIATE       22 CALLS        3447 TOTAL
                     EDM= unknown      STRATEGY= 1      NO ERROR MATRIX       
  EXT PARAMETER               CURRENT GUESS       STEP         FIRST   
  NO.   NAME      VALUE            ERROR          SIZE      DERIVATIVE 
   1  N0           3.15017e+06   3.20478e+03   3.20478e+03  -8.37458e-06
   2  tau          6.43667e+01   constant   
   3  A0           3.32288e-01   3.27020e-03   3.27020e-03  -3.87374e+01
   4  phi          4.13535e+00   8.55632e-03   8.55632e-03   1.98718e+01
   5  R           -6.17041e+01   constant   
   6  alpha_CBO   -1.70353e-03   7.53671e-04   7.53671e-04   2.18628e+02
   7  w_CBO        2.32500e+00   constant   
   8  beta_CBO    -7.07980e-05   5.76677e-04   3.87304e-07   7.21901e-01
   9  alpha_2CBO  -9.58393e-05   5.30363e-04   3.80738e-07   3.38842e-01
  10  beta_2CBO    2.21967e-03     fixed    
  11  alpha_y      0.00000e+00     fixed    
  12  w_y          1.44500e+01   constant   
  13  beta_y       5.01287e-04     fixed    
  14  alpha_vw     0.00000e+00     fixed    
  15  w_vw         1.29000e+01   constant   
  16  beta_vw      0.00000e+00     fixed    
  17  LM          -1.31768e-03   constant   
  18  zeta_y       0.00000e+00   constant   
  19  zeta_vw      0.00000e+00   constant   
  20  T_CBO        3.94909e+01   7.05109e+00   4.43796e-06  -5.49756e-02
  21  alpha_A0     2.61067e-02   1.36276e-02   1.17289e-05   1.43211e-02
  22  beta_A0     -2.37569e-01   8.47698e-02   1.33911e-05  -1.14090e-02
  23  alpha_phi   -2.58567e-02   1.52310e-02   1.20616e-05  -2.28488e-02
  24  beta_phi     1.47606e-01   5.49001e-02   1.11821e-05   3.09215e-02
 MIGRAD MINIMIZATION HAS CONVERGED.
 MIGRAD WILL VERIFY CONVERGENCE AND ERROR MATRIX.
 FCN=12.1022 FROM HESSE     STATUS=NOT POSDEF    100 CALLS        3767 TOTAL
                     EDM=0.00120228    STRATEGY= 1      ERR MATRIX NOT POS-DEF
  EXT PARAMETER                APPROXIMATE        STEP         FIRST   
  NO.   NAME      VALUE            ERROR          SIZE      DERIVATIVE 
   1  N0           3.14959e+06   5.99251e+03   1.50184e+00  -9.87027e-07
   2  tau          6.43667e+01   constant   
   3  A0           3.32037e-01   2.86797e-03   3.76582e-07   1.54082e+01
   4  phi          4.13607e+00   9.29187e-03   1.97223e-06   2.41253e+00
   5  R           -6.17041e+01   constant   
   6  alpha_CBO   -3.03259e-03   2.14727e-03   3.57730e-07  -1.31174e+01
   7  w_CBO        2.32500e+00   constant   
   8  beta_CBO    -6.79079e-04   1.97287e-03   3.85515e-07   7.95254e+00
   9  alpha_2CBO  -4.95806e-04   7.39862e-04   3.78898e-07   2.51747e+00
  10  beta_2CBO    2.21967e-03     fixed    
  11  alpha_y      0.00000e+00     fixed    
  12  w_y          1.44500e+01   constant   
  13  beta_y       5.01287e-04     fixed    
  14  alpha_vw     0.00000e+00     fixed    
  15  w_vw         1.29000e+01   constant   
  16  beta_vw      0.00000e+00     fixed    
  17  LM          -1.31768e-03   constant   
  18  zeta_y       0.00000e+00   constant   
  19  zeta_vw      0.00000e+00   constant   
  20  T_CBO        3.91923e+01   6.46198e+00   4.41149e-06  -4.40237e-02
  21  alpha_A0     6.48958e-02   8.20369e-02   1.18255e-05  -2.36266e-01
  22  beta_A0     -2.18466e-01   9.14424e-02   1.34860e-05  -4.37482e-02
  23  alpha_phi   -8.34786e-03   6.84539e-02   1.22125e-05  -3.22136e-02
  24  beta_phi     1.56250e-01   7.42834e-02   1.13288e-05   9.24275e-02
 CALL LIMIT EXCEEDED IN MIGRAD.
 MIGRAD TERMINATED WITHOUT CONVERGENCE.
 FCN=11.8005 FROM MIGRAD    STATUS=CALL LIMIT   1929 CALLS        5354 TOTAL
                     EDM=0.00587954    STRATEGY= 1      ERR MATRIX NOT POS-DEF
  EXT PARAMETER                APPROXIMATE        STEP         FIRST   
  NO.   NAME      VALUE            ERROR          SIZE      DERIVATIVE 
   1  N0           3.06608e+06   3.41262e+04  -1.64753e+03  -1.01972e-04
   2  tau          6.43667e+01   constant   
   3  A0           3.06288e-01   1.40755e-02  -5.38289e-04  -1.67275e+02
   4  phi          4.17461e+00   4.94213e-02   2.37709e-03  -4.89267e+01
   5  R           -6.17041e+01   constant   
   6  alpha_CBO   -1.11637e-02   3.39738e-03  -8.75219e-05   2.55369e+01
   7  w_CBO        2.32500e+00   constant   
   8  beta_CBO     1.41033e-03   5.47996e-03   1.80864e-04   2.71642e+02
   9  alpha_2CBO   1.27831e-03   2.66223e-03   1.22857e-04   1.75060e+02
  10  beta_2CBO    2.21967e-03     fixed    
  11  alpha_y      0.00000e+00     fixed    
  12  w_y          1.44500e+01   constant   
  13  beta_y       5.01287e-04     fixed    
  14  alpha_vw     0.00000e+00     fixed    
  15  w_vw         1.29000e+01   constant   
  16  beta_vw      0.00000e+00     fixed    
  17  LM          -1.31768e-03   constant   
  18  zeta_y       0.00000e+00   constant   
  19  zeta_vw      0.00000e+00   constant   
  20  T_CBO        4.34579e+01   3.70161e+00   8.43786e-04  -7.00471e+01
  21  alpha_A0     7.67565e-02   3.08474e-01  -1.33469e-02  -5.90839e-01
  22  beta_A0     -1.50045e+00   6.24673e-01  -2.97062e-02   3.91943e+00
  23  alpha_phi   -9.65036e-01   3.81936e-01  -1.76571e-02   3.12604e+00
  24  beta_phi     5.80381e-02   1.00897e-01   1.18991e-03   1.03655e+01
 EXTERNAL ERROR MATRIX.    NDIM=  25    NPAR= 11    ERR DEF=1
  1.165e+09 
  3.719e+02  1.981e-04 
 -1.641e+03 -5.490e-04  2.442e-03 
  7.034e+01  3.347e-05 -8.516e-05  1.154e-05 
 -1.206e+02 -6.340e-06  1.817e-04  1.495e-06  3.003e-05 
 -8.002e+01 -2.767e-05  1.248e-04 -2.539e-06  9.927e-06  7.087e-06 
 -1.179e+05 -4.837e-02  1.754e-01 -7.676e-03  8.976e-03  8.979e-03  1.370e+01 
  8.640e+03  3.513e-03 -1.397e-02  2.895e-04 -9.116e-04 -7.956e-04 -1.055e+00  9.516e-02 
  2.045e+04  7.940e-03 -2.993e-02  1.251e-03 -1.702e-03 -1.534e-03 -2.295e+00  1.767e-01  3.902e-01 
  1.222e+04  5.023e-03 -1.777e-02  7.952e-04 -8.703e-04 -9.059e-04 -1.399e+00  1.063e-01  2.373e-01  1.459e-01 
 -7.538e+02 -1.096e-03  1.523e-03 -1.438e-04 -2.410e-04  8.538e-05  2.007e-01 -1.582e-02 -2.916e-02 -2.027e-02  1.018e-02 
ERR MATRIX NOT POS-DEF
 PARAMETER  CORRELATION COEFFICIENTS  
       NO.  GLOBAL      1      3      4      6      8      9     20     21     22     23     24
        1  0.99999   1.000  0.774 -0.973  0.607 -0.645 -0.881 -0.933  0.821  0.959  0.937 -0.219
        3  0.99998   0.774  1.000 -0.789  0.700 -0.082 -0.738 -0.928  0.809  0.903  0.934 -0.772
        4  0.99997  -0.973 -0.789  1.000 -0.507  0.671  0.949  0.959 -0.916 -0.969 -0.942  0.306
        6  0.99918   0.607  0.700 -0.507  1.000  0.080 -0.281 -0.610  0.276  0.589  0.613 -0.420
        8  0.99989  -0.645 -0.082  0.671  0.080  1.000  0.680  0.442 -0.539 -0.497 -0.416 -0.436
        9  0.99903  -0.881 -0.738  0.949 -0.281  0.680  1.000  0.911 -0.969 -0.923 -0.891  0.318
       20  0.99984  -0.933 -0.928  0.959 -0.610  0.442  0.911  1.000 -0.924 -0.992 -0.990  0.537
       21  0.99989   0.821  0.809 -0.916  0.276 -0.539 -0.969 -0.924  1.000  0.917  0.902 -0.508
       22  0.99998   0.959  0.903 -0.969  0.589 -0.497 -0.923 -0.992  0.917  1.000  0.995 -0.463
       23  0.99997   0.937  0.934 -0.942  0.613 -0.416 -0.891 -0.990  0.902  0.995  1.000 -0.526
       24  0.99971  -0.219 -0.772  0.306 -0.420 -0.436  0.318  0.537 -0.508 -0.463 -0.526  1.000
 ERR MATRIX NOT POS-DEF
MINUIT - FIT ONLY 1-y
 **********
 **   51 **RES 
 **********
                   PARAMETER   16  beta_vw RESTORED TO VARIABLE.
                   PARAMETER   14  alpha_vw RESTORED TO VARIABLE.
                   PARAMETER   13  beta_y RESTORED TO VARIABLE.
                   PARAMETER   11  alpha_y RESTORED TO VARIABLE.
                   PARAMETER   10  beta_2CBO RESTORED TO VARIABLE.
 **********
 **   52 **FIX            0
 **********
 PARAMETER    0  IS UNDEFINED. IGNORED.
 **********
 **   53 **FIX            1
 **********
 **********
 **   54 **FIX            2
 **********
 PARAMETER    2  IS CONSTANT.   IGNORED.
 **********
 **   55 **FIX            3
 **********
 **********
 **   56 **FIX            4
 **********
 **********
 **   57 **FIX            5
 **********
 PARAMETER    5  IS CONSTANT.   IGNORED.
 **********
 **   58 **FIX            6
 **********
 **********
 **   59 **FIX            7
 **********
 PARAMETER    7  IS CONSTANT.   IGNORED.
 **********
 **   60 **FIX            8
 **********
 **********
 **   61 **FIX            9
 **********
 **********
 **   62 **FIX           13
 **********
 **********
 **   63 **FIX           14
 **********
 **********
 **   64 **FIX           15
 **********
 PARAMETER   15  IS CONSTANT.   IGNORED.
 **********
 **   65 **FIX           16
 **********
 **********
 **   66 **MIGRAD
 **********
 START MIGRAD MINIMIZATION.  STRATEGY  1.  CONVERGENCE WHEN EDM .LT. 1.00e-04
 FCN=11.8005 FROM MIGRAD    STATUS=INITIATE       16 CALLS        5370 TOTAL
                     EDM= unknown      STRATEGY= 1      NO ERROR MATRIX       
  EXT PARAMETER               CURRENT GUESS       STEP         FIRST   
  NO.   NAME      VALUE            ERROR          SIZE      DERIVATIVE 
   1  N0           3.06608e+06     fixed    
   2  tau          6.43667e+01   constant   
   3  A0           3.06288e-01     fixed    
   4  phi          4.17461e+00     fixed    
   5  R           -6.17041e+01   constant   
   6  alpha_CBO   -1.11637e-02     fixed    
   7  w_CBO        2.32500e+00   constant   
   8  beta_CBO     1.41033e-03     fixed    
   9  alpha_2CBO   1.27831e-03     fixed    
  10  beta_2CBO    2.21967e-03   4.06310e-04   4.06310e-04   9.44929e+01
  11  alpha_y      0.00000e+00   1.00000e-03   1.00000e-03  -1.51445e+04
  12  w_y          1.44500e+01   constant   
  13  beta_y       5.01287e-04     fixed    
  14  alpha_vw     0.00000e+00     fixed    
  15  w_vw         1.29000e+01   constant   
  16  beta_vw      0.00000e+00     fixed    
  17  LM          -1.31768e-03   constant   
  18  zeta_y       0.00000e+00   constant   
  19  zeta_vw      0.00000e+00   constant   
  20  T_CBO        4.34579e+01   3.70161e+00   8.43786e-04  -7.00471e+01
  21  alpha_A0     7.67565e-02   3.08474e-01  -1.33469e-02  -5.90839e-01
  22  beta_A0     -1.50045e+00   6.24673e-01  -2.97062e-02   3.91943e+00
  23  alpha_phi   -9.65036e-01   3.81936e-01  -1.76571e-02   3.12604e+00
  24  beta_phi     5.80381e-02   1.00897e-01   1.18991e-03   1.03655e+01
 MIGRAD MINIMIZATION HAS CONVERGED.
 MIGRAD WILL VERIFY CONVERGENCE AND ERROR MATRIX.
 COVARIANCE MATRIX CALCULATED SUCCESSFULLY
 FCN=9.12945 FROM HESSE     STATUS=OK             50 CALLS        5515 TOTAL
                     EDM=0.000829486    STRATEGY= 1      ERROR MATRIX ACCURATE 
  EXT PARAMETER                                   STEP         FIRST   
  NO.   NAME      VALUE            ERROR          SIZE      DERIVATIVE 
   1  N0           3.06608e+06     fixed    
   2  tau          6.43667e+01   constant   
   3  A0           3.06288e-01     fixed    
   4  phi          4.17461e+00     fixed    
   5  R           -6.17041e+01   constant   
   6  alpha_CBO   -1.11637e-02     fixed    
   7  w_CBO        2.32500e+00   constant   
   8  beta_CBO     1.41033e-03     fixed    
   9  alpha_2CBO   1.27831e-03     fixed    
  10  beta_2CBO    2.14461e-03   5.30600e-04   3.19610e-07  -6.13853e-03
  11  alpha_y      3.51523e-04   2.15171e-04   3.31913e-07   9.61459e-01
  12  w_y          1.44500e+01   constant   
  13  beta_y       5.01287e-04     fixed    
  14  alpha_vw     0.00000e+00     fixed    
  15  w_vw         1.29000e+01   constant   
  16  beta_vw      0.00000e+00     fixed    
  17  LM          -1.31768e-03   constant   
  18  zeta_y       0.00000e+00   constant   
  19  zeta_vw      0.00000e+00   constant   
  20  T_CBO        4.34530e+01   2.96214e+01   8.81974e-07  -1.75391e-01
  21  alpha_A0     7.58620e-02   1.01829e-01   1.14826e-05   2.57507e-03
  22  beta_A0     -1.49914e+00   1.83552e+00   1.41688e-05  -8.26688e-03
  23  alpha_phi   -9.65791e-01   1.16588e+00   9.37110e-06  -1.38403e-02
  24  beta_phi     5.64373e-02   7.09119e-02   8.20941e-06   6.47445e-03
 MIGRAD MINIMIZATION HAS CONVERGED.
 MIGRAD WILL VERIFY CONVERGENCE AND ERROR MATRIX.
 COVARIANCE MATRIX CALCULATED SUCCESSFULLY
 FCN=9.12802 FROM MIGRAD    STATUS=CONVERGED     540 CALLS        5894 TOTAL
                     EDM=8.97388e-06    STRATEGY= 1      ERROR MATRIX ACCURATE 
  EXT PARAMETER                                   STEP         FIRST   
  NO.   NAME      VALUE            ERROR          SIZE      DERIVATIVE 
   1  N0           3.06608e+06     fixed    
   2  tau          6.43667e+01   constant   
   3  A0           3.06288e-01     fixed    
   4  phi          4.17461e+00     fixed    
   5  R           -6.17041e+01   constant   
   6  alpha_CBO   -1.11637e-02     fixed    
   7  w_CBO        2.32500e+00   constant   
   8  beta_CBO     1.41033e-03     fixed    
   9  alpha_2CBO   1.27831e-03     fixed    
  10  beta_2CBO    2.12728e-03   4.83266e-04   3.19589e-07   2.37677e+00
  11  alpha_y      3.51244e-04   2.15164e-04   3.31890e-07  -5.84912e+00
  12  w_y          1.44500e+01   constant   
  13  beta_y       5.01287e-04     fixed    
  14  alpha_vw     0.00000e+00     fixed    
  15  w_vw         1.29000e+01   constant   
  16  beta_vw      0.00000e+00     fixed    
  17  LM          -1.31768e-03   constant   
  18  zeta_y       0.00000e+00   constant   
  19  zeta_vw      0.00000e+00   constant   
  20  T_CBO        4.48814e+01   2.56183e+01   9.25088e-07  -3.05781e+00
  21  alpha_A0     7.12879e-02   7.77060e-02   1.08639e-05  -5.59086e-02
  22  beta_A0     -1.41613e+00   1.40425e+00   1.34067e-05   1.23362e-01
  23  alpha_phi   -9.13042e-01   8.92672e-01   8.86906e-06   2.16539e-01
  24  beta_phi     5.32476e-02   5.43258e-02   7.76582e-06  -1.05051e-01
 EXTERNAL ERROR MATRIX.    NDIM=  25    NPAR=  7    ERR DEF=1
  2.335e-07 -7.809e-09 -7.744e-03  2.481e-05 -4.264e-04 -2.682e-04  1.796e-05 
 -7.809e-09  4.630e-08 -5.629e-05  7.706e-08 -2.883e-06 -2.010e-06 -4.813e-08 
 -7.744e-03 -5.629e-05  6.597e+02 -1.984e+00  3.607e+01  2.293e+01 -1.384e+00 
  2.481e-05  7.706e-08 -1.984e+00  6.038e-03 -1.085e-01 -6.892e-02  4.183e-03 
 -4.264e-04 -2.883e-06  3.607e+01 -1.085e-01  1.972e+00  1.253e+00 -7.571e-02 
 -2.682e-04 -2.010e-06  2.293e+01 -6.892e-02  1.253e+00  7.969e-01 -4.810e-02 
  1.796e-05 -4.813e-08 -1.384e+00  4.183e-03 -7.571e-02 -4.810e-02  2.951e-03 
 PARAMETER  CORRELATION COEFFICIENTS  
       NO.  GLOBAL     10     11     20     21     22     23     24
       10  0.90492   1.000 -0.075 -0.624  0.661 -0.628 -0.622  0.684
       11  0.12109  -0.075  1.000 -0.010  0.005 -0.010 -0.010 -0.004
       20  0.99999  -0.624 -0.010  1.000 -0.994  1.000  1.000 -0.992
       21  0.99596   0.661  0.005 -0.994  1.000 -0.994 -0.994  0.991
       22  0.99998  -0.628 -0.010  1.000 -0.994  1.000  1.000 -0.992
       23  0.99998  -0.622 -0.010  1.000 -0.994  1.000  1.000 -0.992
       24  0.99577   0.684 -0.004 -0.992  0.991 -0.992 -0.992  1.000
MINUIT - FIT ONLY 2-y
 **********
 **   67 **RES 
 **********
                   PARAMETER   16  beta_vw RESTORED TO VARIABLE.
                   PARAMETER   14  alpha_vw RESTORED TO VARIABLE.
                   PARAMETER   13  beta_y RESTORED TO VARIABLE.
                   PARAMETER    9  alpha_2CBO RESTORED TO VARIABLE.
                   PARAMETER    8  beta_CBO RESTORED TO VARIABLE.
                   PARAMETER    6  alpha_CBO RESTORED TO VARIABLE.
                   PARAMETER    4  phi RESTORED TO VARIABLE.
                   PARAMETER    3  A0 RESTORED TO VARIABLE.
                   PARAMETER    1  N0 RESTORED TO VARIABLE.
 **********
 **   68 **FIX            0
 **********
 PARAMETER    0  IS UNDEFINED. IGNORED.
 **********
 **   69 **FIX            1
 **********
 **********
 **   70 **FIX            2
 **********
 PARAMETER    2  IS CONSTANT.   IGNORED.
 **********
 **   71 **FIX            3
 **********
 **********
 **   72 **FIX            4
 **********
 **********
 **   73 **FIX            5
 **********
 PARAMETER    5  IS CONSTANT.   IGNORED.
 **********
 **   74 **FIX            6
 **********
 **********
 **   75 **FIX            7
 **********
 PARAMETER    7  IS CONSTANT.   IGNORED.
 **********
 **   76 **FIX            8
 **********
 **********
 **   77 **FIX            9
 **********
 **********
 **   78 **FIX           10
 **********
 **********
 **   79 **FIX           11
 **********
 **********
 **   80 **FIX           12
 **********
 PARAMETER   12  IS CONSTANT.   IGNORED.
 **********
 **   81 **FIX           16
 **********
 **********
 **   82 **MIGRAD
 **********
 START MIGRAD MINIMIZATION.  STRATEGY  1.  CONVERGENCE WHEN EDM .LT. 1.00e-04
 FCN=9.12802 FROM MIGRAD    STATUS=INITIATE       16 CALLS        5910 TOTAL
                     EDM= unknown      STRATEGY= 1      NO ERROR MATRIX       
  EXT PARAMETER               CURRENT GUESS       STEP         FIRST   
  NO.   NAME      VALUE            ERROR          SIZE      DERIVATIVE 
   1  N0           3.06608e+06     fixed    
   2  tau          6.43667e+01   constant   
   3  A0           3.06288e-01     fixed    
   4  phi          4.17461e+00     fixed    
   5  R           -6.17041e+01   constant   
   6  alpha_CBO   -1.11637e-02     fixed    
   7  w_CBO        2.32500e+00   constant   
   8  beta_CBO     1.41033e-03     fixed    
   9  alpha_2CBO   1.27831e-03     fixed    
  10  beta_2CBO    2.12728e-03     fixed    
  11  alpha_y      3.51244e-04     fixed    
  12  w_y          1.44500e+01   constant   
  13  beta_y       5.01287e-04   2.19783e-04   2.19783e-04  -2.47742e+02
