 + ++++++++++++++++++++++++++++++++++++++++++++++++++++++++++++++++++++ +
 +                                                                      +
 +           You have chose to blind your fitting according to          +
 +                omega_ref * (1 + (R +/- deltaR) *10^{-6})             +
 +                                                                      +
 + ++++++++++++++++++++++++++++++++++++++++++++++++++++++++++++++++++++ +
In main()...
reading format from /gm2data/zkhechad/run45/envelope/formats/formatB_sBin_constraintOn.txt
pBinTau 	= 0  
pBinPhi 	= 0  
constraintau 	= 1 
includeMopTerm 	= 0    
constrainMop    = 0   
Parameters after format file: pBinTau 0 pBinPhi 0 constraintau 1 includeMopTerm 0 constrainMop 0 c_e_scale 0.000000 
Opening file /gm2data/tbarrett/gm2fr/studies/run23_bunch_corrections/CorrectedFourier_Run3b.root.
reading full fit data from /gm2data/zkhechad/cboTemplates/Run4CBOTemplates/templateFits0_v2.0/noRF/sBin_constraintOn_cE0.0_seed0_noRF_calo4.root
windowBins = 69
fitting sliding window 576 from bin 712 at 106.081200 to bin 781 at 116.525200 (69 bins)

Reading data from /gm2data/cornell/histograms/aMethod/histogram_a_noRF.root
 **********
 **    1 **SET PRINTOUT            1
 **********
 **********
 **    2 **SET NOWARNINGS 
 **********
 PARAMETER DEFINITIONS:
    NO.   NAME         VALUE      STEP SIZE      LIMITS
     1 N0           2.96987e+06  1.00000e+02     no limits
     2 tau          6.44201e+01  constant
     3 A0           3.53307e-01  1.00000e-04     no limits
     4 phi          4.11740e+00  1.00000e-02     no limits
     5 R           -5.91013e+01  constant
     6 alpha_CBO    0.00000e+00  1.00000e-03     no limits
     7 w_CBO        2.32500e+00  constant
     8 beta_CBO     0.00000e+00  1.00000e-03     no limits
     9 alpha_2CBO   0.00000e+00  1.00000e-03     no limits
    10 beta_2CBO    0.00000e+00  1.00000e-03     no limits
    11 alpha_y      0.00000e+00  1.00000e-03     no limits
    12 w_y          1.44500e+01  constant
    13 beta_y       0.00000e+00  1.00000e-03     no limits
    14 alpha_vw     0.00000e+00  1.00000e-03     no limits
    15 w_vw         1.29000e+01  constant
    16 beta_vw      0.00000e+00  1.00000e-03     no limits
    17 LM           5.89621e-04  constant
    18 zeta_y       0.00000e+00  constant
    19 zeta_vw      0.00000e+00  constant
    20 T_CBO        1.00000e+02  1.00000e+00    0.00000e+00  1.00000e+03
    21 alpha_A0     0.00000e+00  1.00000e-03     no limits
    22 beta_A0      0.00000e+00  1.00000e-03     no limits
    23 alpha_phi    0.00000e+00  1.00000e-03     no limits
    24 beta_phi     0.00000e+00  1.00000e-03     no limits
MINUIT - FIT ONLY WIGGLE
 **********
 **    3 **FIX            5
 **********
 PARAMETER    5  IS CONSTANT.   IGNORED.
 **********
 **    4 **FIX            6
 **********
 **********
 **    5 **FIX            7
 **********
 PARAMETER    7  IS CONSTANT.   IGNORED.
 **********
 **    6 **FIX            8
 **********
 **********
 **    7 **FIX            9
 **********
 **********
 **    8 **FIX           10
 **********
 **********
 **    9 **FIX           11
 **********
 **********
 **   10 **FIX           12
 **********
 PARAMETER   12  IS CONSTANT.   IGNORED.
 **********
 **   11 **FIX           13
 **********
 **********
 **   12 **FIX           14
 **********
 **********
 **   13 **FIX           15
 **********
 PARAMETER   15  IS CONSTANT.   IGNORED.
 **********
 **   14 **FIX           16
 **********
 **********
 **   15 **MIGRAD
 **********
 FIRST CALL TO USER FUNCTION AT NEW START POINT, WITH IFLAG=4.
 START MIGRAD MINIMIZATION.  STRATEGY  1.  CONVERGENCE WHEN EDM .LT. 1.00e-04
 FCN=1599.83 FROM MIGRAD    STATUS=INITIATE      435 CALLS         436 TOTAL
                     EDM= unknown      STRATEGY= 1      NO ERROR MATRIX       
  EXT PARAMETER               CURRENT GUESS       STEP         FIRST   
  NO.   NAME      VALUE            ERROR          SIZE      DERIVATIVE 
   1  N0           2.96987e+06   1.00000e+02   0.00000e+00  -4.17036e-02
   2  tau          6.44201e+01   constant   
   3  A0           3.53307e-01   1.00000e-04   0.00000e+00  -1.10658e+05
   4  phi          4.11740e+00   1.00000e-02   0.00000e+00   1.64595e+04
   5  R           -5.91013e+01   constant   
   6  alpha_CBO    0.00000e+00     fixed    
   7  w_CBO        2.32500e+00   constant   
   8  beta_CBO     0.00000e+00     fixed    
   9  alpha_2CBO   0.00000e+00     fixed    
  10  beta_2CBO    0.00000e+00     fixed    
  11  alpha_y      0.00000e+00     fixed    
  12  w_y          1.44500e+01   constant   
  13  beta_y       0.00000e+00     fixed    
  14  alpha_vw     0.00000e+00     fixed    
  15  w_vw         1.29000e+01   constant   
  16  beta_vw      0.00000e+00     fixed    
  17  LM           5.89621e-04   constant   
  18  zeta_y       0.00000e+00   constant   
  19  zeta_vw      0.00000e+00   constant   
  20  T_CBO        1.00000e+02   1.00000e+00   0.00000e+00   0.00000e+00
  21  alpha_A0     0.00000e+00   1.00000e-03   0.00000e+00  -2.21153e+03
  22  beta_A0      0.00000e+00   1.00000e-03   0.00000e+00  -3.91871e+03
  23  alpha_phi    0.00000e+00   1.00000e-03   0.00000e+00   1.47432e+03
  24  beta_phi     0.00000e+00   1.00000e-03   0.00000e+00   5.71553e+03
 CALL LIMIT EXCEEDED IN MIGRAD.
 MIGRAD TERMINATED WITHOUT CONVERGENCE.
 FCN=1469.15 FROM MIGRAD    STATUS=CALL LIMIT   1330 CALLS        1331 TOTAL
                     EDM=0.0692223    STRATEGY= 1  ERROR MATRIX UNCERTAINTY   4.1 per cent
  EXT PARAMETER                APPROXIMATE        STEP         FIRST   
  NO.   NAME      VALUE            ERROR          SIZE      DERIVATIVE 
   1  N0           2.97112e+06   2.95750e+02  -8.79760e+00  -4.92031e-04
   2  tau          6.44201e+01   constant   
   3  A0           3.54322e-01   1.36162e-04  -7.86278e-09   1.04265e+03
   4  phi          4.11613e+00   3.88132e-04  -4.37802e-06  -9.44951e+01
   5  R           -5.91013e+01   constant   
   6  alpha_CBO    0.00000e+00     fixed    
   7  w_CBO        2.32500e+00   constant   
   8  beta_CBO     0.00000e+00     fixed    
   9  alpha_2CBO   0.00000e+00     fixed    
  10  beta_2CBO    0.00000e+00     fixed    
  11  alpha_y      0.00000e+00     fixed    
  12  w_y          1.44500e+01   constant   
  13  beta_y       0.00000e+00     fixed    
  14  alpha_vw     0.00000e+00     fixed    
  15  w_vw         1.29000e+01   constant   
  16  beta_vw      0.00000e+00     fixed    
  17  LM           5.89621e-04   constant   
  18  zeta_y       0.00000e+00   constant   
  19  zeta_vw      0.00000e+00   constant   
  20  T_CBO        2.00443e+01   2.05505e+00   6.44778e-04   8.39266e+00
  21  alpha_A0     9.17873e-02   5.07756e-02   1.99267e-03   7.53249e-02
  22  beta_A0      5.91212e-01   3.34764e-01   1.30282e-02   2.88898e+00
  23  alpha_phi    7.81866e-03   2.81093e-03   4.00446e-05  -1.80243e-01
  24  beta_phi    -5.92466e-01   3.33817e-01  -1.30029e-02   3.70294e+00
 EXTERNAL ERROR MATRIX.    NDIM=  25    NPAR=  8    ERR DEF=1
  8.747e+04  1.318e-03  1.822e-02  8.768e+01 -3.276e+00 -2.125e+01 -2.259e-01  2.115e+01 
  1.318e-03  1.854e-08  9.784e-10 -1.759e-05  4.418e-07  2.979e-06  6.143e-08 -2.948e-06 
  1.822e-02  9.784e-10  1.506e-07  5.175e-05 -2.362e-06 -1.545e-05 -1.248e-07  1.537e-05 
  8.768e+01 -1.759e-05  5.175e-05  4.224e+00 -9.914e-02 -6.544e-01 -4.327e-03  6.525e-01 
 -3.276e+00  4.418e-07 -2.362e-06 -9.914e-02  2.578e-03  1.699e-02  1.105e-04 -1.694e-02 
 -2.125e+01  2.979e-06 -1.545e-05 -6.544e-01  1.699e-02  1.121e-01  7.281e-04 -1.117e-01 
 -2.259e-01  6.143e-08 -1.248e-07 -4.327e-03  1.105e-04  7.281e-04  7.901e-06 -7.261e-04 
  2.115e+01 -2.948e-06  1.537e-05  6.525e-01 -1.694e-02 -1.117e-01 -7.261e-04  1.114e-01 
ERR MATRIX APPROXIMATE
 PARAMETER  CORRELATION COEFFICIENTS  
       NO.  GLOBAL      1      3      4     20     21     22     23     24
        1  0.37901   1.000  0.033  0.159  0.144 -0.218 -0.215 -0.272  0.214
        3  0.22630   0.033  1.000  0.019 -0.063  0.064  0.065  0.161 -0.065
        4  0.23053   0.159  0.019  1.000  0.065 -0.120 -0.119 -0.114  0.119
       20  0.95462   0.144 -0.063  0.065  1.000 -0.950 -0.951 -0.749  0.951
       21  0.99952  -0.218  0.064 -0.120 -0.950  1.000  1.000  0.774 -0.999
       22  0.99998  -0.215  0.065 -0.119 -0.951  1.000  1.000  0.774 -1.000
       23  0.79349  -0.272  0.161 -0.114 -0.749  0.774  0.774  1.000 -0.774
       24  0.99998   0.214 -0.065  0.119  0.951 -0.999 -1.000 -0.774  1.000
 ERR MATRIX APPROXIMATE
MINUIT - FIT ONLY 1-CBO + wiggle
 **********
 **   16 **RES 
 **********
                   PARAMETER   16  beta_vw RESTORED TO VARIABLE.
                   PARAMETER   14  alpha_vw RESTORED TO VARIABLE.
                   PARAMETER   13  beta_y RESTORED TO VARIABLE.
                   PARAMETER   11  alpha_y RESTORED TO VARIABLE.
                   PARAMETER   10  beta_2CBO RESTORED TO VARIABLE.
                   PARAMETER    9  alpha_2CBO RESTORED TO VARIABLE.
                   PARAMETER    8  beta_CBO RESTORED TO VARIABLE.
                   PARAMETER    6  alpha_CBO RESTORED TO VARIABLE.
 **********
 **   17 **FIX            8
 **********
 **********
 **   18 **FIX            9
 **********
 **********
 **   19 **FIX           11
 **********
 **********
 **   20 **FIX           12
 **********
 PARAMETER   12  IS CONSTANT.   IGNORED.
 **********
 **   21 **FIX           14
 **********
 **********
 **   22 **FIX           15
 **********
 PARAMETER   15  IS CONSTANT.   IGNORED.
 **********
 **   23 **FIX           16
 **********
 **********
 **   24 **MIGRAD
 **********
 START MIGRAD MINIMIZATION.  STRATEGY  1.  CONVERGENCE WHEN EDM .LT. 1.00e-04
 FCN=1469.15 FROM MIGRAD    STATUS=INITIATE       28 CALLS        1359 TOTAL
                     EDM= unknown      STRATEGY= 1      NO ERROR MATRIX       
  EXT PARAMETER               CURRENT GUESS       STEP         FIRST   
  NO.   NAME      VALUE            ERROR          SIZE      DERIVATIVE 
   1  N0           2.97112e+06   2.95750e+02  -8.79760e+00  -4.92031e-04
   2  tau          6.44201e+01   constant   
   3  A0           3.54322e-01   1.36162e-04  -7.86278e-09   1.04265e+03
   4  phi          4.11613e+00   3.88132e-04  -4.37802e-06  -9.44951e+01
   5  R           -5.91013e+01   constant   
   6  alpha_CBO    0.00000e+00   1.00000e-03   1.00000e-03   4.95102e+04
   7  w_CBO        2.32500e+00   constant   
   8  beta_CBO     0.00000e+00     fixed    
   9  alpha_2CBO   0.00000e+00     fixed    
  10  beta_2CBO    0.00000e+00   1.00000e-03   1.00000e-03   6.08603e+02
  11  alpha_y      0.00000e+00     fixed    
  12  w_y          1.44500e+01   constant   
  13  beta_y       0.00000e+00   1.00000e-03   1.00000e-03  -3.26074e+04
  14  alpha_vw     0.00000e+00     fixed    
  15  w_vw         1.29000e+01   constant   
  16  beta_vw      0.00000e+00     fixed    
  17  LM           5.89621e-04   constant   
  18  zeta_y       0.00000e+00   constant   
  19  zeta_vw      0.00000e+00   constant   
  20  T_CBO        2.00443e+01   2.05505e+00   6.44778e-04   8.39147e+00
  21  alpha_A0     9.17873e-02   5.07756e-02   1.99267e-03   7.53250e-02
  22  beta_A0      5.91212e-01   3.34764e-01   1.30282e-02   2.88898e+00
  23  alpha_phi    7.81866e-03   2.81093e-03   4.00446e-05  -1.80243e-01
  24  beta_phi    -5.92466e-01   3.33817e-01  -1.30029e-02   3.70294e+00
 CALL LIMIT EXCEEDED IN MIGRAD.
 MIGRAD TERMINATED WITHOUT CONVERGENCE.
 FCN=1440.45 FROM MIGRAD    STATUS=CALL LIMIT   1922 CALLS        3253 TOTAL
                     EDM=0.309098    STRATEGY= 1  ERROR MATRIX UNCERTAINTY  17.6 per cent
  EXT PARAMETER                APPROXIMATE        STEP         FIRST   
  NO.   NAME      VALUE            ERROR          SIZE      DERIVATIVE 
   1  N0           2.97110e+06   3.01444e+02   1.46747e+01  -2.69089e-04
   2  tau          6.44201e+01   constant   
   3  A0           3.54266e-01   1.37902e-04  -1.06005e-05  -1.50703e+03
   4  phi          4.11617e+00   3.92331e-04   3.61108e-06  -4.09976e+02
   5  R           -5.91013e+01   constant   
   6  alpha_CBO   -4.87763e-04   1.42756e-04  -1.10645e-06  -4.77087e+02
   7  w_CBO        2.32500e+00   constant   
   8  beta_CBO     0.00000e+00     fixed    
   9  alpha_2CBO   0.00000e+00     fixed    
  10  beta_2CBO   -3.57010e-05   1.40281e-04   3.84246e-06   1.73593e+02
  11  alpha_y      0.00000e+00     fixed    
  12  w_y          1.44500e+01   constant   
  13  beta_y       3.35105e-04   1.39722e-04   4.23532e-06   7.80501e+02
  14  alpha_vw     0.00000e+00     fixed    
  15  w_vw         1.29000e+01   constant   
  16  beta_vw      0.00000e+00     fixed    
  17  LM           5.89621e-04   constant   
  18  zeta_y       0.00000e+00   constant   
  19  zeta_vw      0.00000e+00   constant   
  20  T_CBO        6.65233e+00   2.49358e-01  -9.77871e-04  -9.39827e+02
  21  alpha_A0    -4.15020e+02   2.13187e+02  -6.68879e+01   2.17054e-04
  22  beta_A0      3.74616e+04   1.92104e+04   6.02730e+03   2.55501e-05
  23  alpha_phi   -7.33617e+01   3.81228e+01  -1.19611e+01  -3.09233e-05
  24  beta_phi    -4.31869e+04   2.21478e+04  -6.94891e+03   1.54046e-04
 EXTERNAL ERROR MATRIX.    NDIM=  25    NPAR= 11    ERR DEF=1
  9.087e+04 
 -1.305e-04  1.902e-08 
  1.651e-02  2.908e-09  1.539e-07 
 -5.238e-05 -2.781e-09 -9.955e-09  2.038e-08 
  1.445e-03 -2.925e-10 -1.596e-09  1.606e-09  1.968e-08 
 -5.702e-05  1.033e-10  1.292e-09 -3.489e-10  1.790e-10  1.952e-08 
 -4.730e+00  1.760e-06 -3.756e-06  2.720e-07 -7.143e-07 -8.921e-07  6.218e-02 
 -2.453e+03  3.762e-03  1.197e-03  3.530e-04 -9.784e-04 -1.816e-03  5.229e+01  4.545e+04 
  2.206e+05 -3.391e-01 -1.079e-01 -3.159e-02  8.821e-02  1.636e-01 -4.712e+03 -4.095e+06  3.690e+08 
 -4.387e+02  6.740e-04  2.145e-04  6.142e-05 -1.750e-04 -3.248e-04  9.350e+00  8.127e+03 -7.323e+05  1.453e+03 
 -2.543e+05  3.909e-01  1.244e-01  3.641e-02 -1.017e-01 -1.887e-01  5.432e+03  4.722e+06 -4.255e+08  8.443e+05  4.905e+08 
ERR MATRIX APPROXIMATE
 PARAMETER  CORRELATION COEFFICIENTS  
       NO.  GLOBAL      1      3      4      6     10     13     20     21     22     23     24
        1  0.23496   1.000 -0.003  0.140 -0.001  0.034 -0.001 -0.063 -0.038  0.038 -0.038 -0.038
        3  0.49324  -0.003  1.000  0.054 -0.141 -0.015  0.005  0.051  0.128 -0.128  0.128  0.128
        4  0.38732   0.140  0.054  1.000 -0.178 -0.029  0.024 -0.038  0.014 -0.014  0.014  0.014
        6  0.31130  -0.001 -0.141 -0.178  1.000  0.080 -0.017  0.008  0.012 -0.012  0.011  0.012
       10  0.17434   0.034 -0.015 -0.029  0.080  1.000  0.009 -0.020 -0.033  0.033 -0.033 -0.033
       13  0.24662  -0.001  0.005  0.024 -0.017  0.009  1.000 -0.026 -0.061  0.061 -0.061 -0.061
       20  0.98897  -0.063  0.051 -0.038  0.008 -0.020 -0.026  1.000  0.984 -0.984  0.984  0.984
       21  1.00000  -0.038  0.128  0.014  0.012 -0.033 -0.061  0.984  1.000 -1.000  1.000  1.000
       22  1.00000   0.038 -0.128 -0.014 -0.012  0.033  0.061 -0.984 -1.000  1.000 -1.000 -1.000
       23  0.99999  -0.038  0.128  0.014  0.011 -0.033 -0.061  0.984  1.000 -1.000  1.000  1.000
       24  1.00000  -0.038  0.128  0.014  0.012 -0.033 -0.061  0.984  1.000 -1.000  1.000  1.000
 ERR MATRIX APPROXIMATE
MINUIT - FIT ONLY 2-CBO
 **********
 **   25 **RES 
 **********
                   PARAMETER   16  beta_vw RESTORED TO VARIABLE.
                   PARAMETER   14  alpha_vw RESTORED TO VARIABLE.
                   PARAMETER   11  alpha_y RESTORED TO VARIABLE.
                   PARAMETER    9  alpha_2CBO RESTORED TO VARIABLE.
                   PARAMETER    8  beta_CBO RESTORED TO VARIABLE.
 **********
 **   26 **FIX            0
 **********
 PARAMETER    0  IS UNDEFINED. IGNORED.
 **********
 **   27 **FIX            1
 **********
 **********
 **   28 **FIX            2
 **********
 PARAMETER    2  IS CONSTANT.   IGNORED.
 **********
 **   29 **FIX            3
 **********
 **********
 **   30 **FIX            4
 **********
 **********
 **   31 **FIX            5
 **********
 PARAMETER    5  IS CONSTANT.   IGNORED.
 **********
 **   32 **FIX            6
 **********
 **********
 **   33 **FIX            7
 **********
 PARAMETER    7  IS CONSTANT.   IGNORED.
 **********
 **   34 **FIX           10
 **********
 **********
 **   35 **FIX           11
 **********
 **********
 **   36 **FIX           12
 **********
 PARAMETER   12  IS CONSTANT.   IGNORED.
 **********
 **   37 **FIX           13
 **********
 **********
 **   38 **FIX           14
 **********
 **********
 **   39 **FIX           15
 **********
 PARAMETER   15  IS CONSTANT.   IGNORED.
 **********
 **   40 **FIX           16
 **********
 **********
 **   41 **MIGRAD
 **********
 START MIGRAD MINIMIZATION.  STRATEGY  1.  CONVERGENCE WHEN EDM .LT. 1.00e-04
 FCN=1440.45 FROM MIGRAD    STATUS=INITIATE       18 CALLS        3271 TOTAL
                     EDM= unknown      STRATEGY= 1      NO ERROR MATRIX       
  EXT PARAMETER               CURRENT GUESS       STEP         FIRST   
  NO.   NAME      VALUE            ERROR          SIZE      DERIVATIVE 
   1  N0           2.97110e+06     fixed    
   2  tau          6.44201e+01   constant   
   3  A0           3.54266e-01     fixed    
   4  phi          4.11617e+00     fixed    
   5  R           -5.91013e+01   constant   
   6  alpha_CBO   -4.87763e-04     fixed    
   7  w_CBO        2.32500e+00   constant   
   8  beta_CBO     0.00000e+00   1.00000e-03   1.00000e-03   5.08412e+05
   9  alpha_2CBO   0.00000e+00   1.00000e-03   1.00000e-03   1.26540e+04
  10  beta_2CBO   -3.57010e-05     fixed    
  11  alpha_y      0.00000e+00     fixed    
  12  w_y          1.44500e+01   constant   
  13  beta_y       3.35105e-04     fixed    
  14  alpha_vw     0.00000e+00     fixed    
  15  w_vw         1.29000e+01   constant   
  16  beta_vw      0.00000e+00     fixed    
  17  LM           5.89621e-04   constant   
  18  zeta_y       0.00000e+00   constant   
  19  zeta_vw      0.00000e+00   constant   
  20  T_CBO        6.65233e+00   2.49358e-01  -9.77871e-04  -9.39826e+02
  21  alpha_A0    -4.15020e+02   2.13187e+02  -6.68879e+01   2.17054e-04
  22  beta_A0      3.74616e+04   1.92104e+04   6.02730e+03   2.55501e-05
  23  alpha_phi   -7.33617e+01   3.81228e+01  -1.19611e+01  -3.09233e-05
  24  beta_phi    -4.31869e+04   2.21478e+04  -6.94891e+03   1.54046e-04
 CALL LIMIT EXCEEDED IN MIGRAD.
 MIGRAD TERMINATED WITHOUT CONVERGENCE.
 FCN=119.2 FROM MIGRAD    STATUS=CALL LIMIT   1157 CALLS        4410 TOTAL
                     EDM=0.37487    STRATEGY= 1  ERROR MATRIX UNCERTAINTY  69.1 per cent
  EXT PARAMETER                APPROXIMATE        STEP         FIRST   
  NO.   NAME      VALUE            ERROR          SIZE      DERIVATIVE 
   1  N0           2.97110e+06     fixed    
   2  tau          6.44201e+01   constant   
   3  A0           3.54266e-01     fixed    
   4  phi          4.11617e+00     fixed    
   5  R           -5.91013e+01   constant   
   6  alpha_CBO   -4.87763e-04     fixed    
   7  w_CBO        2.32500e+00   constant   
   8  beta_CBO    -5.20286e-03   1.40931e-04   1.83113e-06   6.94906e+01
   9  alpha_2CBO   5.69759e-05   1.49650e-04  -7.31698e-06   2.72332e+02
  10  beta_2CBO   -3.57010e-05     fixed    
  11  alpha_y      0.00000e+00     fixed    
  12  w_y          1.44500e+01   constant   
  13  beta_y       3.35105e-04     fixed    
  14  alpha_vw     0.00000e+00     fixed    
  15  w_vw         1.29000e+01   constant   
  16  beta_vw      0.00000e+00     fixed    
  17  LM           5.89621e-04   constant   
  18  zeta_y       0.00000e+00   constant   
  19  zeta_vw      0.00000e+00   constant   
  20  T_CBO        1.05544e+01   7.17034e-01   9.58938e-04  -4.64491e+00
  21  alpha_A0     1.60630e+01   2.16711e+01   2.54295e+00   1.43011e-02
  22  beta_A0     -1.62858e+01   3.29556e+01   4.69826e-01  -8.58917e-03
  23  alpha_phi    8.05779e+00   2.49388e+01   3.18565e+00  -9.64840e-04
  24  beta_phi    -7.51354e+01   7.30947e+01   6.01326e+00  -3.00966e-03
 EXTERNAL ERROR MATRIX.    NDIM=  25    NPAR=  7    ERR DEF=1
  1.986e-08 -3.068e-09 -6.727e-06  2.229e-05  4.888e-04  1.079e-04 -6.397e-04 
 -3.068e-09  2.240e-08 -2.712e-06 -4.750e-04 -3.648e-05 -3.544e-04 -1.075e-03 
 -6.727e-06 -2.712e-06  5.141e-01  3.596e+00  1.740e+00 -5.047e+00  4.645e+01 
  2.229e-05 -4.750e-04  3.596e+00  4.696e+02  4.567e+02  5.237e+01  5.257e+02 
  4.888e-04 -3.648e-05  1.740e+00  4.567e+02  1.086e+03  1.508e+02  1.140e+02 
  1.079e-04 -3.544e-04 -5.047e+00  5.237e+01  1.508e+02  6.219e+02 -4.380e+02 
 -6.397e-04 -1.075e-03  4.645e+01  5.257e+02  1.140e+02 -4.380e+02  5.343e+03 
ERR MATRIX APPROXIMATE
 PARAMETER  CORRELATION COEFFICIENTS  
       NO.  GLOBAL      8      9     20     21     22     23     24
        8  0.21674   1.000 -0.145 -0.067  0.007  0.105  0.031 -0.062
        9  0.28062  -0.145  1.000 -0.025 -0.146 -0.007 -0.095 -0.098
       20  0.89802  -0.067 -0.025  1.000  0.231  0.074 -0.282  0.886
       21  0.73749   0.007 -0.146  0.231  1.000  0.640  0.097  0.332
       22  0.70089   0.105 -0.007  0.074  0.640  1.000  0.183  0.047
       23  0.36487   0.031 -0.095 -0.282  0.097  0.183  1.000 -0.240
       24  0.90647  -0.062 -0.098  0.886  0.332  0.047 -0.240  1.000
 ERR MATRIX APPROXIMATE
MINUIT - FIT wiggle + 1-CBO + 2-CBO
 **********
 **   42 **RES 
 **********
                   PARAMETER   16  beta_vw RESTORED TO VARIABLE.
                   PARAMETER   14  alpha_vw RESTORED TO VARIABLE.
                   PARAMETER   13  beta_y RESTORED TO VARIABLE.
                   PARAMETER   11  alpha_y RESTORED TO VARIABLE.
                   PARAMETER   10  beta_2CBO RESTORED TO VARIABLE.
                   PARAMETER    6  alpha_CBO RESTORED TO VARIABLE.
                   PARAMETER    4  phi RESTORED TO VARIABLE.
                   PARAMETER    3  A0 RESTORED TO VARIABLE.
                   PARAMETER    1  N0 RESTORED TO VARIABLE.
 **********
 **   43 **FIX           10
 **********
 **********
 **   44 **FIX           11
 **********
 **********
 **   45 **FIX           12
 **********
 PARAMETER   12  IS CONSTANT.   IGNORED.
 **********
 **   46 **FIX           13
 **********
 **********
 **   47 **FIX           14
 **********
 **********
 **   48 **FIX           15
 **********
 PARAMETER   15  IS CONSTANT.   IGNORED.
 **********
 **   49 **FIX           16
 **********
 **********
 **   50 **MIGRAD
 **********
 START MIGRAD MINIMIZATION.  STRATEGY  1.  CONVERGENCE WHEN EDM .LT. 1.00e-04
 FCN=119.2 FROM MIGRAD    STATUS=INITIATE       22 CALLS        4432 TOTAL
                     EDM= unknown      STRATEGY= 1      NO ERROR MATRIX       
  EXT PARAMETER               CURRENT GUESS       STEP         FIRST   
  NO.   NAME      VALUE            ERROR          SIZE      DERIVATIVE 
   1  N0           2.97110e+06   3.01444e+02   3.01444e+02   1.73954e-02
   2  tau          6.44201e+01   constant   
   3  A0           3.54266e-01   1.37902e-04   1.37902e-04   9.50618e+04
   4  phi          4.11617e+00   3.92331e-04   3.92331e-04  -2.27625e+04
   5  R           -5.91013e+01   constant   
   6  alpha_CBO   -4.87763e-04   1.42756e-04   1.42756e-04   1.41886e+04
   7  w_CBO        2.32500e+00   constant   
   8  beta_CBO    -5.20286e-03   1.40931e-04   1.83113e-06   6.94906e+01
   9  alpha_2CBO   5.69759e-05   1.49650e-04  -7.31698e-06   2.72332e+02
  10  beta_2CBO   -3.57010e-05     fixed    
  11  alpha_y      0.00000e+00     fixed    
  12  w_y          1.44500e+01   constant   
  13  beta_y       3.35105e-04     fixed    
  14  alpha_vw     0.00000e+00     fixed    
  15  w_vw         1.29000e+01   constant   
  16  beta_vw      0.00000e+00     fixed    
  17  LM           5.89621e-04   constant   
  18  zeta_y       0.00000e+00   constant   
  19  zeta_vw      0.00000e+00   constant   
  20  T_CBO        1.05544e+01   7.17034e-01   9.58938e-04  -4.64511e+00
  21  alpha_A0     1.60630e+01   2.16711e+01   2.54295e+00   1.43011e-02
  22  beta_A0     -1.62858e+01   3.29556e+01   4.69826e-01  -8.58917e-03
  23  alpha_phi    8.05779e+00   2.49388e+01   3.18565e+00  -9.64840e-04
  24  beta_phi    -7.51354e+01   7.30947e+01   6.01326e+00  -3.00966e-03
 CALL LIMIT EXCEEDED IN MIGRAD.
 MIGRAD TERMINATED WITHOUT CONVERGENCE.
 FCN=46.342 FROM MIGRAD    STATUS=CALL LIMIT   1926 CALLS        6336 TOTAL
                     EDM=0.00124123    STRATEGY= 1  ERROR MATRIX UNCERTAINTY  41.2 per cent
  EXT PARAMETER                APPROXIMATE        STEP         FIRST   
  NO.   NAME      VALUE            ERROR          SIZE      DERIVATIVE 
   1  N0           2.97057e+06   2.93637e+02  -4.00915e-02  -4.65721e-05
   2  tau          6.44201e+01   constant   
   3  A0           3.53247e-01   1.43036e-04   1.49971e-07   7.94272e+01
   4  phi          4.11808e+00   3.94374e-04  -3.85238e-07   1.70906e+01
   5  R           -5.91013e+01   constant   
   6  alpha_CBO   -5.65236e-04   1.42199e-04   1.26389e-07   1.31734e+02
   7  w_CBO        2.32500e+00   constant   
   8  beta_CBO    -5.49968e-03   1.42673e-04  -2.05964e-07  -1.21448e+02
   9  alpha_2CBO   1.35012e-04   1.38319e-04  -1.85114e-07  -8.47630e+01
  10  beta_2CBO   -3.57010e-05     fixed    
  11  alpha_y      0.00000e+00     fixed    
  12  w_y          1.44500e+01   constant   
  13  beta_y       3.35105e-04     fixed    
  14  alpha_vw     0.00000e+00     fixed    
  15  w_vw         1.29000e+01   constant   
  16  beta_vw      0.00000e+00     fixed    
  17  LM           5.89621e-04   constant   
  18  zeta_y       0.00000e+00   constant   
  19  zeta_vw      0.00000e+00   constant   
  20  T_CBO        7.21635e+00   5.62849e-01   1.02292e-04  -1.64305e+01
  21  alpha_A0     3.27176e+03   3.68236e+03  -4.03708e+01  -3.86634e-05
  22  beta_A0     -5.45715e+03   6.22037e+03   6.85438e+01  -1.09126e-04
  23  alpha_phi   -3.49441e+03   3.96424e+03   4.32796e+01   1.07323e-04
  24  beta_phi    -1.09195e+04   1.23964e+04   1.36020e+02   2.07316e-05
 EXTERNAL ERROR MATRIX.    NDIM=  25    NPAR= 11    ERR DEF=1
  8.622e+04 
  2.479e-03  2.046e-08 
  1.224e-02  1.575e-09  1.555e-07 
 -7.600e-04 -3.692e-09 -8.844e-09  2.022e-08 
  3.554e-03  4.424e-09 -4.538e-09  2.165e-10  2.036e-08 
 -1.619e-03 -1.310e-09 -1.152e-09  6.137e-10 -1.640e-09  1.913e-08 
  2.598e+01 -1.248e-05 -2.320e-05 -1.568e-05  1.648e-05  1.527e-05  3.168e-01 
 -2.028e+05  6.419e-02  1.660e-01  1.194e-01 -1.235e-01 -9.918e-02 -2.051e+03  1.356e+07 
  3.400e+05 -1.086e-01 -2.821e-01 -2.012e-01  2.086e-01  1.675e-01  3.466e+03 -2.291e+07  3.869e+07 
  2.165e+05 -6.898e-02 -1.806e-01 -1.287e-01  1.332e-01  1.068e-01  2.208e+03 -1.460e+07  2.466e+07  1.572e+07 
  6.804e+05 -2.168e-01 -5.595e-01 -4.016e-01  4.155e-01  3.337e-01  6.906e+03 -4.565e+07  7.711e+07  4.914e+07  1.537e+08 
ERR MATRIX APPROXIMATE
 PARAMETER  CORRELATION COEFFICIENTS  
       NO.  GLOBAL      1      3      4      6      8      9     20     21     22     23     24
        1  0.41442   1.000  0.059  0.106 -0.018  0.085 -0.040  0.157 -0.188  0.186  0.186  0.187
        3  0.41980   0.059  1.000  0.028 -0.182  0.217 -0.066 -0.155  0.122 -0.122 -0.122 -0.122
        4  0.35488   0.106  0.028  1.000 -0.158 -0.081 -0.021 -0.105  0.114 -0.115 -0.115 -0.114
        6  0.44733  -0.018 -0.182 -0.158  1.000  0.011  0.031 -0.196  0.228 -0.227 -0.228 -0.228
        8  0.42060   0.085  0.217 -0.081  0.011  1.000 -0.083  0.205 -0.235  0.235  0.235  0.235
        9  0.26911  -0.040 -0.066 -0.021  0.031 -0.083  1.000  0.196 -0.195  0.195  0.195  0.195
       20  0.99304   0.157 -0.155 -0.105 -0.196  0.205  0.196  1.000 -0.990  0.990  0.989  0.990
       21  0.99999  -0.188  0.122  0.114  0.228 -0.235 -0.195 -0.990  1.000 -1.000 -1.000 -1.000
       22  0.99999   0.186 -0.122 -0.115 -0.227  0.235  0.195  0.990 -1.000  1.000  1.000  1.000
       23  0.99999   0.186 -0.122 -0.115 -0.228  0.235  0.195  0.989 -1.000  1.000  1.000  1.000
       24  1.00000   0.187 -0.122 -0.114 -0.228  0.235  0.195  0.990 -1.000  1.000  1.000  1.000
 ERR MATRIX APPROXIMATE
MINUIT - FIT ONLY 1-y
 **********
 **   51 **RES 
 **********
                   PARAMETER   16  beta_vw RESTORED TO VARIABLE.
                   PARAMETER   14  alpha_vw RESTORED TO VARIABLE.
                   PARAMETER   13  beta_y RESTORED TO VARIABLE.
                   PARAMETER   11  alpha_y RESTORED TO VARIABLE.
                   PARAMETER   10  beta_2CBO RESTORED TO VARIABLE.
 **********
 **   52 **FIX            0
 **********
 PARAMETER    0  IS UNDEFINED. IGNORED.
 **********
 **   53 **FIX            1
 **********
 **********
 **   54 **FIX            2
 **********
 PARAMETER    2  IS CONSTANT.   IGNORED.
 **********
 **   55 **FIX            3
 **********
 **********
 **   56 **FIX            4
 **********
 **********
 **   57 **FIX            5
 **********
 PARAMETER    5  IS CONSTANT.   IGNORED.
 **********
 **   58 **FIX            6
 **********
 **********
 **   59 **FIX            7
 **********
 PARAMETER    7  IS CONSTANT.   IGNORED.
 **********
 **   60 **FIX            8
 **********
 **********
 **   61 **FIX            9
 **********
 **********
 **   62 **FIX           13
 **********
 **********
 **   63 **FIX           14
 **********
 **********
 **   64 **FIX           15
 **********
 PARAMETER   15  IS CONSTANT.   IGNORED.
 **********
 **   65 **FIX           16
 **********
 **********
 **   66 **MIGRAD
 **********
 START MIGRAD MINIMIZATION.  STRATEGY  1.  CONVERGENCE WHEN EDM .LT. 1.00e-04
 FCN=46.342 FROM MIGRAD    STATUS=INITIATE       16 CALLS        6352 TOTAL
                     EDM= unknown      STRATEGY= 1      NO ERROR MATRIX       
  EXT PARAMETER               CURRENT GUESS       STEP         FIRST   
  NO.   NAME      VALUE            ERROR          SIZE      DERIVATIVE 
   1  N0           2.97057e+06     fixed    
   2  tau          6.44201e+01   constant   
   3  A0           3.53247e-01     fixed    
   4  phi          4.11808e+00     fixed    
   5  R           -5.91013e+01   constant   
   6  alpha_CBO   -5.65236e-04     fixed    
   7  w_CBO        2.32500e+00   constant   
   8  beta_CBO    -5.49968e-03     fixed    
   9  alpha_2CBO   1.35012e-04     fixed    
  10  beta_2CBO   -3.57010e-05   1.40281e-04   1.40281e-04   1.48696e+04
  11  alpha_y      0.00000e+00   1.00000e-03   1.00000e-03  -1.70641e+04
  12  w_y          1.44500e+01   constant   
  13  beta_y       3.35105e-04     fixed    
  14  alpha_vw     0.00000e+00     fixed    
  15  w_vw         1.29000e+01   constant   
  16  beta_vw      0.00000e+00     fixed    
  17  LM           5.89621e-04   constant   
  18  zeta_y       0.00000e+00   constant   
  19  zeta_vw      0.00000e+00   constant   
  20  T_CBO        7.21635e+00   5.62849e-01   1.02292e-04  -1.64305e+01
  21  alpha_A0     3.27176e+03   3.68236e+03  -4.03708e+01  -3.86634e-05
  22  beta_A0     -5.45715e+03   6.22037e+03   6.85438e+01  -1.09126e-04
  23  alpha_phi   -3.49441e+03   3.96424e+03   4.32796e+01   1.07323e-04
  24  beta_phi    -1.09195e+04   1.23964e+04   1.36020e+02   2.07316e-05
 MIGRAD MINIMIZATION HAS CONVERGED.
 MIGRAD WILL VERIFY CONVERGENCE AND ERROR MATRIX.
 COVARIANCE MATRIX CALCULATED SUCCESSFULLY
 FCN=43.6775 FROM HESSE     STATUS=OK             50 CALLS        6480 TOTAL
                     EDM=0.00711253    STRATEGY= 1      ERROR MATRIX ACCURATE 
  EXT PARAMETER                                   STEP         FIRST   
  NO.   NAME      VALUE            ERROR          SIZE      DERIVATIVE 
   1  N0           2.97057e+06     fixed    
   2  tau          6.44201e+01   constant   
   3  A0           3.53247e-01     fixed    
   4  phi          4.11808e+00     fixed    
   5  R           -5.91013e+01   constant   
   6  alpha_CBO   -5.65236e-04     fixed    
   7  w_CBO        2.32500e+00   constant   
   8  beta_CBO    -5.49968e-03     fixed    
   9  alpha_2CBO   1.35012e-04     fixed    
  10  beta_2CBO   -1.97042e-04   1.51269e-04   4.58656e-07   1.68586e+00
  11  alpha_y      1.62874e-04   1.38760e-04   4.52789e-07  -2.61322e+00
  12  w_y          1.44500e+01   constant   
  13  beta_y       3.35105e-04     fixed    
  14  alpha_vw     0.00000e+00     fixed    
  15  w_vw         1.29000e+01   constant   
  16  beta_vw      0.00000e+00     fixed    
  17  LM           5.89621e-04   constant   
  18  zeta_y       0.00000e+00   constant   
  19  zeta_vw      0.00000e+00   constant   
  20  T_CBO        7.21019e+00   9.60606e+00   3.11770e-06   7.82554e-01
  21  alpha_A0     3.63282e+03   7.28045e+04   6.71369e+00  -6.81378e-08
  22  beta_A0     -4.75840e+03   9.55378e+04   6.87941e+00   1.71046e-07
  23  alpha_phi   -4.11063e+03   8.33543e+04   7.58442e+00   7.65736e-08
  24  beta_phi    -1.07648e+04   2.18348e+05   7.20259e+00   2.38275e-07
 MIGRAD MINIMIZATION HAS CONVERGED.
 MIGRAD WILL VERIFY CONVERGENCE AND ERROR MATRIX.
 COVARIANCE MATRIX CALCULATED SUCCESSFULLY
 FCN=43.6765 FROM MIGRAD    STATUS=CONVERGED     327 CALLS        6663 TOTAL
                     EDM=3.27622e-05    STRATEGY= 1      ERROR MATRIX ACCURATE 
  EXT PARAMETER                                   STEP         FIRST   
  NO.   NAME      VALUE            ERROR          SIZE      DERIVATIVE 
   1  N0           2.97057e+06     fixed    
   2  tau          6.44201e+01   constant   
   3  A0           3.53247e-01     fixed    
   4  phi          4.11808e+00     fixed    
   5  R           -5.91013e+01   constant   
   6  alpha_CBO   -5.65236e-04     fixed    
   7  w_CBO        2.32500e+00   constant   
   8  beta_CBO    -5.49968e-03     fixed    
   9  alpha_2CBO   1.35012e-04     fixed    
  10  beta_2CBO   -1.96578e-04   1.46723e-04   4.58650e-07   2.43067e+00
  11  alpha_y      1.62908e-04   1.38760e-04   4.52784e-07   1.19444e+00
  12  w_y          1.44500e+01   constant   
  13  beta_y       3.35105e-04     fixed    
  14  alpha_vw     0.00000e+00     fixed    
  15  w_vw         1.29000e+01   constant   
  16  beta_vw      0.00000e+00     fixed    
  17  LM           5.89621e-04   constant   
  18  zeta_y       0.00000e+00   constant   
  19  zeta_vw      0.00000e+00   constant   
  20  T_CBO        7.10214e+00   4.35255e+00   3.05369e-06  -4.20048e+00
  21  alpha_A0     4.55947e+03   4.26420e+04   8.01272e+00  -5.15582e-07
  22  beta_A0     -5.98073e+03   5.60146e+04   8.19678e+00   6.75941e-07
  23  alpha_phi   -5.17855e+03   4.90229e+04   8.98933e+00   4.15266e-07
  24  beta_phi    -1.35588e+04   1.28165e+05   8.56651e+00   1.13004e-06
 EXTERNAL ERROR MATRIX.    NDIM=  25    NPAR=  7    ERR DEF=1
  2.153e-08  1.728e-10 -8.201e-05  7.693e-01 -1.132e+00 -8.707e-01 -2.468e+00 
  1.728e-10  1.925e-08  4.252e-07 -1.444e-03  8.066e-03  9.401e-03  1.698e-02 
 -8.201e-05  4.252e-07  1.896e+01 -1.853e+05  2.436e+05  2.130e+05  5.579e+05 
  7.693e-01 -1.444e-03 -1.853e+05  1.818e+09 -2.378e+09 -2.080e+09 -5.451e+09 
 -1.132e+00  8.066e-03  2.436e+05 -2.378e+09  3.138e+09  2.737e+09  7.166e+09 
 -8.707e-01  9.401e-03  2.130e+05 -2.080e+09  2.737e+09  2.403e+09  6.267e+09 
 -2.468e+00  1.698e-02  5.579e+05 -5.451e+09  7.166e+09  6.267e+09  1.643e+10 
 PARAMETER  CORRELATION COEFFICIENTS  
       NO.  GLOBAL     10     11     20     21     22     23     24
       10  0.28744   1.000  0.008 -0.128  0.123 -0.138 -0.121 -0.131
       11  0.01960   0.008  1.000  0.001 -0.000  0.001  0.001  0.001
       20  0.99984  -0.128  0.001  1.000 -0.998  0.999  0.998  1.000
       21  0.99789   0.123 -0.000 -0.998  1.000 -0.996 -0.995 -0.997
       22  0.99871  -0.138  0.001  0.999 -0.996  1.000  0.997  0.998
       23  0.99787  -0.121  0.001  0.998 -0.995  0.997  1.000  0.997
       24  0.99972  -0.131  0.001  1.000 -0.997  0.998  0.997  1.000
MINUIT - FIT ONLY 2-y
 **********
 **   67 **RES 
 **********
                   PARAMETER   16  beta_vw RESTORED TO VARIABLE.
                   PARAMETER   14  alpha_vw RESTORED TO VARIABLE.
                   PARAMETER   13  beta_y RESTORED TO VARIABLE.
                   PARAMETER    9  alpha_2CBO RESTORED TO VARIABLE.
                   PARAMETER    8  beta_CBO RESTORED TO VARIABLE.
                   PARAMETER    6  alpha_CBO RESTORED TO VARIABLE.
                   PARAMETER    4  phi RESTORED TO VARIABLE.
                   PARAMETER    3  A0 RESTORED TO VARIABLE.
                   PARAMETER    1  N0 RESTORED TO VARIABLE.
 **********
 **   68 **FIX            0
 **********
 PARAMETER    0  IS UNDEFINED. IGNORED.
 **********
 **   69 **FIX            1
 **********
 **********
 **   70 **FIX            2
 **********
 PARAMETER    2  IS CONSTANT.   IGNORED.
 **********
 **   71 **FIX            3
 **********
 **********
 **   72 **FIX            4
 **********
 **********
 **   73 **FIX            5
 **********
 PARAMETER    5  IS CONSTANT.   IGNORED.
 **********
 **   74 **FIX            6
 **********
 **********
 **   75 **FIX            7
 **********
 PARAMETER    7  IS CONSTANT.   IGNORED.
 **********
 **   76 **FIX            8
 **********
 **********
 **   77 **FIX            9
 **********
 **********
 **   78 **FIX           10
 **********
 **********
 **   79 **FIX           11
 **********
 **********
 **   80 **FIX           12
 **********
 PARAMETER   12  IS CONSTANT.   IGNORED.
 **********
 **   81 **FIX           16
 **********
 **********
 **   82 **MIGRAD
 **********
 START MIGRAD MINIMIZATION.  STRATEGY  1.  CONVERGENCE WHEN EDM .LT. 1.00e-04
 FCN=43.6765 FROM MIGRAD    STATUS=INITIATE       16 CALLS        6679 TOTAL
                     EDM= unknown      STRATEGY= 1      NO ERROR MATRIX       
  EXT PARAMETER               CURRENT GUESS       STEP         FIRST   
  NO.   NAME      VALUE            ERROR          SIZE      DERIVATIVE 
   1  N0           2.97057e+06     fixed    
   2  tau          6.44201e+01   constant   
   3  A0           3.53247e-01     fixed    
   4  phi          4.11808e+00     fixed    
   5  R           -5.91013e+01   constant   
   6  alpha_CBO   -5.65236e-04     fixed    
   7  w_CBO        2.32500e+00   constant   
   8  beta_CBO    -5.49968e-03     fixed    
   9  alpha_2CBO   1.35012e-04     fixed    
  10  beta_2CBO   -1.96578e-04     fixed    
  11  alpha_y      1.62908e-04     fixed    
  12  w_y          1.44500e+01   constant   
  13  beta_y       3.35105e-04   1.39722e-04   1.39722e-04  -7.87923e+03
  14  alpha_vw     0.00000e+00   1.00000e-03   1.00000e-03  -5.65768e+03
  15  w_vw         1.29000e+01   constant   
  16  beta_vw      0.00000e+00     fixed    
  17  LM           5.89621e-04   constant   
  18  zeta_y       0.00000e+00   constant   
  19  zeta_vw      0.00000e+00   constant   
  20  T_CBO        7.10214e+00   4.35255e+00   3.05369e-06  -4.19876e+00
  21  alpha_A0     4.55947e+03   4.26420e+04   8.01272e+00  -5.15568e-07
  22  beta_A0     -5.98073e+03   5.60146e+04   8.19678e+00   6.75947e-07
  23  alpha_phi   -5.17855e+03   4.90229e+04   8.98933e+00   4.15265e-07
  24  beta_phi    -1.35588e+04   1.28165e+05   8.56651e+00   1.13004e-06
 MIGRAD MINIMIZATION HAS CONVERGED.
 MIGRAD WILL VERIFY CONVERGENCE AND ERROR MATRIX.
 FCN=43.2033 FROM HESSE     STATUS=NOT POSDEF     50 CALLS        6791 TOTAL
                     EDM=0.000194731    STRATEGY= 1      ERR MATRIX NOT POS-DEF
  EXT PARAMETER                APPROXIMATE        STEP         FIRST   
  NO.   NAME      VALUE            ERROR          SIZE      DERIVATIVE 
   1  N0           2.97057e+06     fixed    
   2  tau          6.44201e+01   constant   
   3  A0           3.53247e-01     fixed    
   4  phi          4.11808e+00     fixed    
   5  R           -5.91013e+01   constant   
   6  alpha_CBO   -5.65236e-04     fixed    
   7  w_CBO        2.32500e+00   constant   
   8  beta_CBO    -5.49968e-03     fixed    
   9  alpha_2CBO   1.35012e-04     fixed    
  10  beta_2CBO   -1.96578e-04     fixed    
  11  alpha_y      1.62908e-04     fixed    
  12  w_y          1.44500e+01   constant   
  13  beta_y       4.14274e-04   1.40605e-04   4.56385e-07   9.74448e-01
  14  alpha_vw     5.70536e-05   1.39900e-04   4.54021e-07   1.22036e+00
  15  w_vw         1.29000e+01   constant   
