 + ++++++++++++++++++++++++++++++++++++++++++++++++++++++++++++++++++++ +
 +                                                                      +
 +           You have chose to blind your fitting according to          +
 +                omega_ref * (1 + (R +/- deltaR) *10^{-6})             +
 +                                                                      +
 + ++++++++++++++++++++++++++++++++++++++++++++++++++++++++++++++++++++ +
In main()...
reading format from /gm2data/zkhechad/run45/envelope/formats/formatB_sBin_constraintOn.txt
pBinTau 	= 0  
pBinPhi 	= 0  
constraintau 	= 1 
includeMopTerm 	= 0    
constrainMop    = 0   
Parameters after format file: pBinTau 0 pBinPhi 0 constraintau 1 includeMopTerm 0 constrainMop 0 c_e_scale 0.000000 
Opening file /gm2data/tbarrett/gm2fr/studies/run23_bunch_corrections/CorrectedFourier_Run3b.root.
reading full fit data from /gm2data/zkhechad/cboTemplates/Run4CBOTemplates/fullFits/noRF/sBin_constraintOn_cE0.0_seed0_noRF_calo15.root
windowBins = 69
fitting sliding window 2380 from bin 2516 at 375.238000 to bin 2585 at 385.682000 (69 bins)

Reading data from /gm2data/cornell/histograms/aMethod/histogram_a_noRF.root
 **********
 **    1 **SET PRINTOUT            1
 **********
 **********
 **    2 **SET NOWARNINGS 
 **********
 PARAMETER DEFINITIONS:
    NO.   NAME         VALUE      STEP SIZE      LIMITS
     1 N0           3.09348e+06  1.00000e+02     no limits
     2 tau          6.43983e+01  constant
     3 A0           3.54040e-01  1.00000e-04     no limits
     4 phi          4.11948e+00  1.00000e-02     no limits
     5 R           -6.00563e+01  constant
     6 alpha_CBO    0.00000e+00  1.00000e-03     no limits
     7 w_CBO        2.32500e+00  constant
     8 beta_CBO     0.00000e+00  1.00000e-03     no limits
     9 alpha_2CBO   0.00000e+00  1.00000e-03     no limits
    10 beta_2CBO    0.00000e+00  1.00000e-03     no limits
    11 alpha_y      0.00000e+00  1.00000e-03     no limits
    12 w_y          1.38860e+01  constant
    13 beta_y       0.00000e+00  1.00000e-03     no limits
    14 alpha_vw     0.00000e+00  1.00000e-03     no limits
    15 w_vw         1.43404e+01  constant
    16 beta_vw      0.00000e+00  1.00000e-03     no limits
    17 LM          -1.62209e-04  constant
    18 zeta_y       0.00000e+00  constant
    19 zeta_vw      0.00000e+00  constant
    20 T_CBO        1.00000e+02  1.00000e+00    0.00000e+00  1.00000e+03
    21 alpha_A0     0.00000e+00  1.00000e-03     no limits
    22 beta_A0      0.00000e+00  1.00000e-03     no limits
    23 alpha_phi    0.00000e+00  1.00000e-03     no limits
    24 beta_phi     0.00000e+00  1.00000e-03     no limits
MINUIT - FIT ONLY WIGGLE
 **********
 **    3 **FIX            5
 **********
 PARAMETER    5  IS CONSTANT.   IGNORED.
 **********
 **    4 **FIX            6
 **********
 **********
 **    5 **FIX            7
 **********
 PARAMETER    7  IS CONSTANT.   IGNORED.
 **********
 **    6 **FIX            8
 **********
 **********
 **    7 **FIX            9
 **********
 **********
 **    8 **FIX           10
 **********
 **********
 **    9 **FIX           11
 **********
 **********
 **   10 **FIX           12
 **********
 PARAMETER   12  IS CONSTANT.   IGNORED.
 **********
 **   11 **FIX           13
 **********
 **********
 **   12 **FIX           14
 **********
 **********
 **   13 **FIX           15
 **********
 PARAMETER   15  IS CONSTANT.   IGNORED.
 **********
 **   14 **FIX           16
 **********
 **********
 **   15 **MIGRAD
 **********
 FIRST CALL TO USER FUNCTION AT NEW START POINT, WITH IFLAG=4.
 START MIGRAD MINIMIZATION.  STRATEGY  1.  CONVERGENCE WHEN EDM .LT. 1.00e-04
 FCN=78.8321 FROM MIGRAD    STATUS=INITIATE      435 CALLS         436 TOTAL
                     EDM= unknown      STRATEGY= 1      NO ERROR MATRIX       
  EXT PARAMETER               CURRENT GUESS       STEP         FIRST   
  NO.   NAME      VALUE            ERROR          SIZE      DERIVATIVE 
   1  N0           3.09348e+06   1.00000e+02   0.00000e+00  -6.76176e-05
   2  tau          6.43983e+01   constant   
   3  A0           3.54040e-01   1.00000e-04   0.00000e+00  -1.84099e+02
   4  phi          4.11948e+00   1.00000e-02   0.00000e+00   1.99188e+02
   5  R           -6.00563e+01   constant   
   6  alpha_CBO    0.00000e+00     fixed    
   7  w_CBO        2.32500e+00   constant   
   8  beta_CBO     0.00000e+00     fixed    
   9  alpha_2CBO   0.00000e+00     fixed    
  10  beta_2CBO    0.00000e+00     fixed    
  11  alpha_y      0.00000e+00     fixed    
  12  w_y          1.38860e+01   constant   
  13  beta_y       0.00000e+00     fixed    
  14  alpha_vw     0.00000e+00     fixed    
  15  w_vw         1.43404e+01   constant   
  16  beta_vw      0.00000e+00     fixed    
  17  LM          -1.62209e-04   constant   
  18  zeta_y       0.00000e+00   constant   
  19  zeta_vw      0.00000e+00   constant   
  20  T_CBO        1.00000e+02   1.00000e+00   0.00000e+00   0.00000e+00
  21  alpha_A0     0.00000e+00   1.00000e-03   0.00000e+00   1.88306e+01
  22  beta_A0      0.00000e+00   1.00000e-03   0.00000e+00  -4.22700e+00
  23  alpha_phi    0.00000e+00   1.00000e-03   0.00000e+00   1.23792e+01
  24  beta_phi     0.00000e+00   1.00000e-03   0.00000e+00   1.58419e+00
 CALL LIMIT EXCEEDED IN MIGRAD.
 MIGRAD TERMINATED WITHOUT CONVERGENCE.
 FCN=73.7161 FROM MIGRAD    STATUS=CALL LIMIT   1338 CALLS        1339 TOTAL
                     EDM=0.00144913    STRATEGY= 1  ERROR MATRIX UNCERTAINTY   0.5 per cent
  EXT PARAMETER                APPROXIMATE        STEP         FIRST   
  NO.   NAME      VALUE            ERROR          SIZE      DERIVATIVE 
   1  N0           3.09488e+06   2.67300e+03   1.14484e+01   3.97696e-06
   2  tau          6.43983e+01   constant   
   3  A0           3.54252e-01   1.00465e-03   8.73362e-06  -4.85079e+00
   4  phi          4.11795e+00   3.14311e-03  -3.67036e-05   2.03481e+00
   5  R           -6.00563e+01   constant   
   6  alpha_CBO    0.00000e+00     fixed    
   7  w_CBO        2.32500e+00   constant   
   8  beta_CBO     0.00000e+00     fixed    
   9  alpha_2CBO   0.00000e+00     fixed    
  10  beta_2CBO    0.00000e+00     fixed    
  11  alpha_y      0.00000e+00     fixed    
  12  w_y          1.38860e+01   constant   
  13  beta_y       0.00000e+00     fixed    
  14  alpha_vw     0.00000e+00     fixed    
  15  w_vw         1.43404e+01   constant   
  16  beta_vw      0.00000e+00     fixed    
  17  LM          -1.62209e-04   constant   
  18  zeta_y       0.00000e+00   constant   
  19  zeta_vw      0.00000e+00   constant   
  20  T_CBO        5.36755e+01   3.01640e+01  -5.59214e-03  -3.62488e+00
  21  alpha_A0    -9.48087e+00   3.26471e+01  -1.32674e+00   6.34738e-03
  22  beta_A0      2.73236e+00   9.19008e+00   3.75144e-01   1.79539e-02
  23  alpha_phi   -5.10140e+00   1.75621e+01  -7.11816e-01   2.85684e-02
  24  beta_phi    -7.78551e-01   2.86168e+00  -1.16032e-01  -1.04506e-02
 EXTERNAL ERROR MATRIX.    NDIM=  25    NPAR=  8    ERR DEF=1
  7.145e+06  5.874e-01 -2.492e-01  7.798e+02 -1.329e+03  2.652e+02 -7.417e+02  1.397e+01 
  5.874e-01  1.009e-06 -3.087e-08 -6.308e-04 -9.557e-04  2.312e-04 -5.433e-04 -6.832e-05 
 -2.492e-01 -3.087e-08  9.879e-06  1.086e-03  2.440e-03 -7.717e-04  1.313e-03  1.769e-04 
  7.798e+02 -6.308e-04  1.086e-03  9.153e+02  9.849e+02 -2.772e+02  5.294e+02  8.591e+01 
 -1.329e+03 -9.557e-04  2.440e-03  9.849e+02  1.066e+03 -2.996e+02  5.731e+02  9.279e+01 
  2.652e+02  2.312e-04 -7.717e-04 -2.772e+02 -2.996e+02  8.446e+01 -1.610e+02 -2.620e+01 
 -7.417e+02 -5.433e-04  1.313e-03  5.294e+02  5.731e+02 -1.610e+02  3.084e+02  4.978e+01 
  1.397e+01 -6.832e-05  1.769e-04  8.591e+01  9.279e+01 -2.620e+01  4.978e+01  8.189e+00 
ERR MATRIX APPROXIMATE
 PARAMETER  CORRELATION COEFFICIENTS  
       NO.  GLOBAL      1      3      4     20     21     22     23     24
        1  0.42529   1.000  0.219 -0.030  0.010 -0.015  0.011 -0.016  0.002
        3  0.23740   0.219  1.000 -0.010 -0.021 -0.029  0.025 -0.031 -0.024
        4  0.23378  -0.030 -0.010  1.000  0.011  0.024 -0.027  0.024  0.020
       20  0.99780   0.010 -0.021  0.011  1.000  0.997 -0.997  0.996  0.992
       21  0.99994  -0.015 -0.029  0.024  0.997  1.000 -0.999  1.000  0.993
       22  0.99956   0.011  0.025 -0.027 -0.997 -0.999  1.000 -0.997 -0.996
       23  0.99989  -0.016 -0.031  0.024  0.996  1.000 -0.997  1.000  0.990
       24  0.99753   0.002 -0.024  0.020  0.992  0.993 -0.996  0.990  1.000
 ERR MATRIX APPROXIMATE
MINUIT - FIT ONLY 1-CBO + wiggle
 **********
 **   16 **RES 
 **********
                   PARAMETER   16  beta_vw RESTORED TO VARIABLE.
                   PARAMETER   14  alpha_vw RESTORED TO VARIABLE.
                   PARAMETER   13  beta_y RESTORED TO VARIABLE.
                   PARAMETER   11  alpha_y RESTORED TO VARIABLE.
                   PARAMETER   10  beta_2CBO RESTORED TO VARIABLE.
                   PARAMETER    9  alpha_2CBO RESTORED TO VARIABLE.
                   PARAMETER    8  beta_CBO RESTORED TO VARIABLE.
                   PARAMETER    6  alpha_CBO RESTORED TO VARIABLE.
 **********
 **   17 **FIX            8
 **********
 **********
 **   18 **FIX            9
 **********
 **********
 **   19 **FIX           11
 **********
 **********
 **   20 **FIX           12
 **********
 PARAMETER   12  IS CONSTANT.   IGNORED.
 **********
 **   21 **FIX           14
 **********
 **********
 **   22 **FIX           15
 **********
 PARAMETER   15  IS CONSTANT.   IGNORED.
 **********
 **   23 **FIX           16
 **********
 **********
 **   24 **MIGRAD
 **********
 START MIGRAD MINIMIZATION.  STRATEGY  1.  CONVERGENCE WHEN EDM .LT. 1.00e-04
 FCN=73.7161 FROM MIGRAD    STATUS=INITIATE       28 CALLS        1367 TOTAL
                     EDM= unknown      STRATEGY= 1      NO ERROR MATRIX       
  EXT PARAMETER               CURRENT GUESS       STEP         FIRST   
  NO.   NAME      VALUE            ERROR          SIZE      DERIVATIVE 
   1  N0           3.09488e+06   2.67300e+03   1.14484e+01   3.97696e-06
   2  tau          6.43983e+01   constant   
   3  A0           3.54252e-01   1.00465e-03   8.73362e-06  -4.85079e+00
   4  phi          4.11795e+00   3.14311e-03  -3.67036e-05   2.03481e+00
   5  R           -6.00563e+01   constant   
   6  alpha_CBO    0.00000e+00   1.00000e-03   1.00000e-03  -2.38147e+03
   7  w_CBO        2.32500e+00   constant   
   8  beta_CBO     0.00000e+00     fixed    
   9  alpha_2CBO   0.00000e+00     fixed    
  10  beta_2CBO    0.00000e+00   1.00000e-03   1.00000e-03  -9.63154e+02
  11  alpha_y      0.00000e+00     fixed    
  12  w_y          1.38860e+01   constant   
  13  beta_y       0.00000e+00   1.00000e-03   1.00000e-03   1.53957e+03
  14  alpha_vw     0.00000e+00     fixed    
  15  w_vw         1.43404e+01   constant   
  16  beta_vw      0.00000e+00     fixed    
  17  LM          -1.62209e-04   constant   
  18  zeta_y       0.00000e+00   constant   
  19  zeta_vw      0.00000e+00   constant   
  20  T_CBO        5.36755e+01   3.01640e+01  -5.59214e-03  -3.62490e+00
  21  alpha_A0    -9.48087e+00   3.26471e+01  -1.32674e+00   6.34738e-03
  22  beta_A0      2.73236e+00   9.19008e+00   3.75144e-01   1.79539e-02
  23  alpha_phi   -5.10140e+00   1.75621e+01  -7.11816e-01   2.85684e-02
  24  beta_phi    -7.78551e-01   2.86168e+00  -1.16032e-01  -1.04506e-02
 CALL LIMIT EXCEEDED IN MIGRAD.
 MIGRAD TERMINATED WITHOUT CONVERGENCE.
 FCN=70.4658 FROM MIGRAD    STATUS=CALL LIMIT   1926 CALLS        3265 TOTAL
                     EDM=0.00358687    STRATEGY= 1  ERROR MATRIX UNCERTAINTY  26.0 per cent
  EXT PARAMETER                APPROXIMATE        STEP         FIRST   
  NO.   NAME      VALUE            ERROR          SIZE      DERIVATIVE 
   1  N0           3.09485e+06   2.63101e+03  -9.63778e+00   4.16790e-06
   2  tau          6.43983e+01   constant   
   3  A0           3.54227e-01   1.00656e-03   5.30763e-06   8.68218e+00
   4  phi          4.11693e+00   3.32036e-03   4.66612e-05   5.82296e+00
   5  R           -6.00563e+01   constant   
   6  alpha_CBO    1.67211e-03   1.17120e-03   2.97000e-06   2.07612e+00
   7  w_CBO        2.32500e+00   constant   
   8  beta_CBO     0.00000e+00     fixed    
   9  alpha_2CBO   0.00000e+00     fixed    
  10  beta_2CBO    6.45983e-04   1.14339e-03   6.74901e-06   3.78094e+00
  11  alpha_y      0.00000e+00     fixed    
  12  w_y          1.38860e+01   constant   
  13  beta_y      -1.01765e-03   1.15203e-03  -5.82180e-06  -7.92258e+00
  14  alpha_vw     0.00000e+00     fixed    
  15  w_vw         1.43404e+01   constant   
  16  beta_vw      0.00000e+00     fixed    
  17  LM          -1.62209e-04   constant   
  18  zeta_y       0.00000e+00   constant   
  19  zeta_vw      0.00000e+00   constant   
  20  T_CBO        2.74960e+01   6.70243e+00  -1.31917e-03  -1.21749e+01
  21  alpha_A0    -8.10480e+03   2.41757e+04  -7.85822e+02   3.48035e-05
  22  beta_A0      1.90578e+03   5.70534e+03   1.85437e+02  -1.80928e-06
  23  alpha_phi   -3.29490e+03   9.88357e+03  -3.21263e+02  -3.67019e-05
  24  beta_phi    -4.78706e+02   1.47110e+03  -4.78307e+01   9.83221e-06
 EXTERNAL ERROR MATRIX.    NDIM=  25    NPAR= 11    ERR DEF=1
  6.922e+06 
  5.781e-01  1.013e-06 
 -2.934e-01  1.238e-07  1.102e-05 
 -9.128e-02 -4.405e-08 -8.459e-07  1.372e-06 
 -1.717e-02  1.986e-08  2.530e-07  8.444e-09  1.307e-06 
  1.909e-02 -1.048e-08 -9.819e-08 -7.088e-09  3.288e-09  1.327e-06 
  5.639e+02 -9.227e-05 -9.607e-04 -8.170e-05 -1.720e-04  1.138e-04  4.495e+01 
  8.169e+05 -1.026e+00 -7.614e+00 -2.538e-01 -1.086e+00  1.073e+00  1.610e+05  5.845e+08 
 -1.943e+05  2.419e-01  1.794e+00  6.049e-02  2.555e-01 -2.533e-01 -3.799e+04 -1.379e+08  3.255e+07 
  3.368e+05 -4.197e-01 -3.115e+00 -1.020e-01 -4.435e-01  4.388e-01  6.582e+04  2.389e+08 -5.639e+07  9.769e+07 
  5.203e+04 -6.287e-02 -4.671e-01 -1.550e-02 -6.665e-02  6.562e-02  9.795e+03  3.556e+07 -8.393e+06  1.454e+07  2.164e+06 
ERR MATRIX APPROXIMATE
 PARAMETER  CORRELATION COEFFICIENTS  
       NO.  GLOBAL      1      3      4      6     10     13     20     21     22     23     24
        1  0.39054   1.000  0.218 -0.034 -0.030 -0.006  0.006  0.032  0.013 -0.013  0.013  0.013
        3  0.32742   0.218  1.000  0.037 -0.037  0.017 -0.009 -0.014 -0.042  0.042 -0.042 -0.042
        4  0.54037  -0.034  0.037  1.000 -0.218  0.067 -0.026 -0.043 -0.095  0.095 -0.095 -0.096
        6  0.34168  -0.030 -0.037 -0.218  1.000  0.006 -0.005 -0.010 -0.009  0.009 -0.009 -0.009
       10  0.20574  -0.006  0.017  0.067  0.006  1.000  0.002 -0.022 -0.039  0.039 -0.039 -0.040
       13  0.23298   0.006 -0.009 -0.026 -0.005  0.002  1.000  0.015  0.039 -0.039  0.039  0.039
       20  0.99571   0.032 -0.014 -0.043 -0.010 -0.022  0.015  1.000  0.993 -0.993  0.993  0.993
       21  1.00000   0.013 -0.042 -0.095 -0.009 -0.039  0.039  0.993  1.000 -1.000  1.000  1.000
       22  1.00000  -0.013  0.042  0.095  0.009  0.039 -0.039 -0.993 -1.000  1.000 -1.000 -1.000
       23  1.00000   0.013 -0.042 -0.095 -0.009 -0.039  0.039  0.993  1.000 -1.000  1.000  1.000
       24  0.99999   0.013 -0.042 -0.096 -0.009 -0.040  0.039  0.993  1.000 -1.000  1.000  1.000
 ERR MATRIX APPROXIMATE
MINUIT - FIT ONLY 2-CBO
 **********
 **   25 **RES 
 **********
                   PARAMETER   16  beta_vw RESTORED TO VARIABLE.
                   PARAMETER   14  alpha_vw RESTORED TO VARIABLE.
                   PARAMETER   11  alpha_y RESTORED TO VARIABLE.
                   PARAMETER    9  alpha_2CBO RESTORED TO VARIABLE.
                   PARAMETER    8  beta_CBO RESTORED TO VARIABLE.
 **********
 **   26 **FIX            0
 **********
 PARAMETER    0  IS UNDEFINED. IGNORED.
 **********
 **   27 **FIX            1
 **********
 **********
 **   28 **FIX            2
 **********
 PARAMETER    2  IS CONSTANT.   IGNORED.
 **********
 **   29 **FIX            3
 **********
 **********
 **   30 **FIX            4
 **********
 **********
 **   31 **FIX            5
 **********
 PARAMETER    5  IS CONSTANT.   IGNORED.
 **********
 **   32 **FIX            6
 **********
 **********
 **   33 **FIX            7
 **********
 PARAMETER    7  IS CONSTANT.   IGNORED.
 **********
 **   34 **FIX           10
 **********
 **********
 **   35 **FIX           11
 **********
 **********
 **   36 **FIX           12
 **********
 PARAMETER   12  IS CONSTANT.   IGNORED.
 **********
 **   37 **FIX           13
 **********
 **********
 **   38 **FIX           14
 **********
 **********
 **   39 **FIX           15
 **********
 PARAMETER   15  IS CONSTANT.   IGNORED.
 **********
 **   40 **FIX           16
 **********
 **********
 **   41 **MIGRAD
 **********
 START MIGRAD MINIMIZATION.  STRATEGY  1.  CONVERGENCE WHEN EDM .LT. 1.00e-04
 FCN=70.4658 FROM MIGRAD    STATUS=INITIATE       18 CALLS        3283 TOTAL
                     EDM= unknown      STRATEGY= 1      NO ERROR MATRIX       
  EXT PARAMETER               CURRENT GUESS       STEP         FIRST   
  NO.   NAME      VALUE            ERROR          SIZE      DERIVATIVE 
   1  N0           3.09485e+06     fixed    
   2  tau          6.43983e+01   constant   
   3  A0           3.54227e-01     fixed    
   4  phi          4.11693e+00     fixed    
   5  R           -6.00563e+01   constant   
   6  alpha_CBO    1.67211e-03     fixed    
   7  w_CBO        2.32500e+00   constant   
   8  beta_CBO     0.00000e+00   1.00000e-03   1.00000e-03  -9.79128e+02
   9  alpha_2CBO   0.00000e+00   1.00000e-03   1.00000e-03  -4.89888e+02
  10  beta_2CBO    6.45983e-04     fixed    
  11  alpha_y      0.00000e+00     fixed    
  12  w_y          1.38860e+01   constant   
  13  beta_y      -1.01765e-03     fixed    
  14  alpha_vw     0.00000e+00     fixed    
  15  w_vw         1.43404e+01   constant   
  16  beta_vw      0.00000e+00     fixed    
  17  LM          -1.62209e-04   constant   
  18  zeta_y       0.00000e+00   constant   
  19  zeta_vw      0.00000e+00   constant   
  20  T_CBO        2.74960e+01   6.70243e+00  -1.31917e-03  -1.21749e+01
  21  alpha_A0    -8.10480e+03   2.41757e+04  -7.85822e+02   3.48035e-05
  22  beta_A0      1.90578e+03   5.70534e+03   1.85437e+02  -1.80928e-06
  23  alpha_phi   -3.29490e+03   9.88357e+03  -3.21263e+02  -3.67019e-05
  24  beta_phi    -4.78706e+02   1.47110e+03  -4.78307e+01   9.83221e-06
 CALL LIMIT EXCEEDED IN MIGRAD.
 MIGRAD TERMINATED WITHOUT CONVERGENCE.
 FCN=69.9123 FROM MIGRAD    STATUS=CALL LIMIT   1148 CALLS        4413 TOTAL
                     EDM=0.00234972    STRATEGY= 1  ERROR MATRIX UNCERTAINTY  15.8 per cent
  EXT PARAMETER                APPROXIMATE        STEP         FIRST   
  NO.   NAME      VALUE            ERROR          SIZE      DERIVATIVE 
   1  N0           3.09485e+06     fixed    
   2  tau          6.43983e+01   constant   
   3  A0           3.54227e-01     fixed    
   4  phi          4.11693e+00     fixed    
   5  R           -6.00563e+01   constant   
   6  alpha_CBO    1.67211e-03     fixed    
   7  w_CBO        2.32500e+00   constant   
   8  beta_CBO     6.90989e-04   1.09565e-03  -1.37175e-05  -3.23880e+01
   9  alpha_2CBO   3.50632e-04   1.16095e-03  -1.00363e-05  -2.09039e+01
  10  beta_2CBO    6.45983e-04     fixed    
  11  alpha_y      0.00000e+00     fixed    
  12  w_y          1.38860e+01   constant   
  13  beta_y      -1.01765e-03     fixed    
  14  alpha_vw     0.00000e+00     fixed    
  15  w_vw         1.43404e+01   constant   
  16  beta_vw      0.00000e+00     fixed    
  17  LM          -1.62209e-04   constant   
  18  zeta_y       0.00000e+00   constant   
  19  zeta_vw      0.00000e+00   constant   
  20  T_CBO        1.93399e+01   2.88282e+00  -3.03890e-04   2.61388e+00
  21  alpha_A0    -2.90505e+06   8.19799e+06  -1.62923e+05   5.04267e-09
  22  beta_A0      6.07360e+05   1.68825e+06   3.35317e+04  -2.72718e-08
  23  alpha_phi   -1.08035e+06   3.08409e+06  -6.13339e+04  -2.64962e-08
  24  beta_phi     1.46394e+04   7.71818e+04   1.54661e+03   1.30797e-07
 EXTERNAL ERROR MATRIX.    NDIM=  25    NPAR=  7    ERR DEF=1
  1.200e-06 -7.155e-08  1.967e-03  5.586e+03 -1.150e+03  2.101e+03 -5.160e+01 
 -7.155e-08  1.348e-06  1.401e-03  3.706e+03 -7.632e+02  1.394e+03 -3.576e+01 
  1.967e-03  1.401e-03  8.312e+00  2.334e+07 -4.807e+06  8.780e+06 -2.192e+05 
  5.586e+03  3.706e+03  2.334e+07  6.721e+13 -1.384e+13  2.528e+13 -6.316e+11 
 -1.150e+03 -7.632e+02 -4.807e+06 -1.384e+13  2.850e+12 -5.207e+12  1.301e+11 
  2.101e+03  1.394e+03  8.780e+06  2.528e+13 -5.207e+12  9.512e+12 -2.376e+11 
 -5.160e+01 -3.576e+01 -2.192e+05 -6.316e+11  1.301e+11 -2.376e+11  5.957e+09 
ERR MATRIX APPROXIMATE
 PARAMETER  CORRELATION COEFFICIENTS  
       NO.  GLOBAL      8      9     20     21     22     23     24
        8  0.72117   1.000 -0.056  0.623  0.622 -0.622  0.622 -0.610
        9  0.60666  -0.056  1.000  0.418  0.389 -0.389  0.389 -0.399
       20  0.98950   0.623  0.418  1.000  0.988 -0.988  0.987 -0.985
       21  1.00000   0.622  0.389  0.988  1.000 -1.000  1.000 -0.998
       22  1.00000  -0.622 -0.389 -0.988 -1.000  1.000 -1.000  0.998
       23  1.00000   0.622  0.389  0.987  1.000 -1.000  1.000 -0.998
       24  0.99840  -0.610 -0.399 -0.985 -0.998  0.998 -0.998  1.000
 ERR MATRIX APPROXIMATE
MINUIT - FIT wiggle + 1-CBO + 2-CBO
 **********
 **   42 **RES 
 **********
                   PARAMETER   16  beta_vw RESTORED TO VARIABLE.
                   PARAMETER   14  alpha_vw RESTORED TO VARIABLE.
                   PARAMETER   13  beta_y RESTORED TO VARIABLE.
                   PARAMETER   11  alpha_y RESTORED TO VARIABLE.
                   PARAMETER   10  beta_2CBO RESTORED TO VARIABLE.
                   PARAMETER    6  alpha_CBO RESTORED TO VARIABLE.
                   PARAMETER    4  phi RESTORED TO VARIABLE.
                   PARAMETER    3  A0 RESTORED TO VARIABLE.
                   PARAMETER    1  N0 RESTORED TO VARIABLE.
 **********
 **   43 **FIX           10
 **********
 **********
 **   44 **FIX           11
 **********
 **********
 **   45 **FIX           12
 **********
 PARAMETER   12  IS CONSTANT.   IGNORED.
 **********
 **   46 **FIX           13
 **********
 **********
 **   47 **FIX           14
 **********
 **********
 **   48 **FIX           15
 **********
 PARAMETER   15  IS CONSTANT.   IGNORED.
 **********
 **   49 **FIX           16
 **********
 **********
 **   50 **MIGRAD
 **********
 START MIGRAD MINIMIZATION.  STRATEGY  1.  CONVERGENCE WHEN EDM .LT. 1.00e-04
 FCN=69.9123 FROM MIGRAD    STATUS=INITIATE       22 CALLS        4435 TOTAL
                     EDM= unknown      STRATEGY= 1      NO ERROR MATRIX       
  EXT PARAMETER               CURRENT GUESS       STEP         FIRST   
  NO.   NAME      VALUE            ERROR          SIZE      DERIVATIVE 
   1  N0           3.09485e+06   2.63101e+03   2.63101e+03  -1.16242e-05
   2  tau          6.43983e+01   constant   
   3  A0           3.54227e-01   1.00656e-03   1.00656e-03  -1.93350e+02
   4  phi          4.11693e+00   3.32036e-03   3.32036e-03   3.86787e+01
   5  R           -6.00563e+01   constant   
   6  alpha_CBO    1.67211e-03   1.17120e-03   1.17120e-03  -6.56576e+00
   7  w_CBO        2.32500e+00   constant   
   8  beta_CBO     6.90989e-04   1.09565e-03  -1.37175e-05  -3.23880e+01
   9  alpha_2CBO   3.50632e-04   1.16095e-03  -1.00363e-05  -2.09039e+01
  10  beta_2CBO    6.45983e-04     fixed    
  11  alpha_y      0.00000e+00     fixed    
  12  w_y          1.38860e+01   constant   
  13  beta_y      -1.01765e-03     fixed    
  14  alpha_vw     0.00000e+00     fixed    
  15  w_vw         1.43404e+01   constant   
  16  beta_vw      0.00000e+00     fixed    
  17  LM          -1.62209e-04   constant   
  18  zeta_y       0.00000e+00   constant   
  19  zeta_vw      0.00000e+00   constant   
  20  T_CBO        1.93399e+01   2.88282e+00  -3.03890e-04   2.61376e+00
  21  alpha_A0    -2.90505e+06   8.19799e+06  -1.62923e+05   5.04355e-09
  22  beta_A0      6.07360e+05   1.68825e+06   3.35317e+04  -2.72714e-08
  23  alpha_phi   -1.08035e+06   3.08409e+06  -6.13339e+04  -2.64962e-08
  24  beta_phi     1.46394e+04   7.71818e+04   1.54661e+03   1.30797e-07
 CALL LIMIT EXCEEDED IN MIGRAD.
 MIGRAD TERMINATED WITHOUT CONVERGENCE.
 FCN=69.7887 FROM MIGRAD    STATUS=CALL LIMIT   1926 CALLS        6339 TOTAL
                     EDM=0.00125565    STRATEGY= 1  ERROR MATRIX UNCERTAINTY  44.9 per cent
  EXT PARAMETER                APPROXIMATE        STEP         FIRST   
  NO.   NAME      VALUE            ERROR          SIZE      DERIVATIVE 
   1  N0           3.09497e+06   2.53650e+03   1.18931e+01   1.03724e-06
   2  tau          6.43983e+01   constant   
   3  A0           3.54330e-01   9.76534e-04  -5.01142e-07  -5.79126e+00
   4  phi          4.11663e+00   3.10366e-03  -2.61060e-06   1.07963e+00
   5  R           -6.00563e+01   constant   
   6  alpha_CBO    1.69949e-03   1.08364e-03   1.47856e-06   8.89055e+00
   7  w_CBO        2.32500e+00   constant   
   8  beta_CBO     7.46952e-04   1.17834e-03   1.84235e-06   7.12494e+00
   9  alpha_2CBO   3.91016e-04   1.15771e-03   4.63383e-06   1.44459e+01
  10  beta_2CBO    6.45983e-04     fixed    
  11  alpha_y      0.00000e+00     fixed    
  12  w_y          1.38860e+01   constant   
  13  beta_y      -1.01765e-03     fixed    
  14  alpha_vw     0.00000e+00     fixed    
  15  w_vw         1.43404e+01   constant   
  16  beta_vw      0.00000e+00     fixed    
  17  LM          -1.62209e-04   constant   
  18  zeta_y       0.00000e+00   constant   
  19  zeta_vw      0.00000e+00   constant   
  20  T_CBO        1.48036e+01   2.04182e+00  -8.14428e-06   2.49077e+00
  21  alpha_A0    -1.20467e+09   4.21781e+09  -2.23165e+07   2.18244e-11
  22  beta_A0      2.61621e+08   9.19517e+08   4.86729e+06   7.36002e-11
  23  alpha_phi   -4.50090e+08   1.59631e+09  -8.47475e+06   1.05671e-12
  24  beta_phi     1.05020e+07   3.38824e+07   1.55630e+05   3.00347e-10
 EXTERNAL ERROR MATRIX.    NDIM=  25    NPAR= 11    ERR DEF=1
  6.434e+06 
  5.491e-01  9.536e-07 
 -5.061e-01 -2.027e-07  9.633e-06 
  9.460e-02  4.570e-08 -3.629e-07  1.174e-06 
 -8.768e-02  1.140e-07 -1.024e-07  2.735e-08  1.388e-06 
  7.094e-02  5.398e-08 -1.936e-07 -1.423e-08  7.869e-08  1.340e-06 
 -2.252e+02  4.453e-05  1.144e-04 -1.151e-04 -1.084e-04 -2.103e-04  4.169e+00 
 -7.615e+11  6.713e+04  4.307e+05 -2.044e+05 -2.126e+05 -5.361e+05  8.539e+09  1.779e+19 
  1.658e+11 -1.467e+04 -9.406e+04  4.443e+04  4.633e+04  1.169e+05 -1.862e+09 -3.878e+18  8.455e+17 
 -2.877e+11  2.544e+04  1.632e+05 -7.713e+04 -8.045e+04 -2.028e+05  3.232e+09  6.733e+18 -1.468e+18  2.548e+18 
  6.557e+09 -5.304e+02 -3.804e+03  1.613e+03  1.954e+03  4.127e+03 -6.866e+07 -1.427e+17  3.111e+16 -5.401e+16  1.148e+15 
ERR MATRIX APPROXIMATE
 PARAMETER  CORRELATION COEFFICIENTS  
       NO.  GLOBAL      1      3      4      6      8      9     20     21     22     23     24
        1  0.42098   1.000  0.222 -0.064  0.034 -0.029  0.024 -0.043 -0.071  0.071 -0.071  0.076
        3  0.26113   0.222  1.000 -0.067  0.043  0.099  0.048  0.022  0.016 -0.016  0.016 -0.016
        4  0.20947  -0.064 -0.067  1.000 -0.108 -0.028 -0.054  0.018  0.033 -0.033  0.033 -0.036
        6  0.19056   0.034  0.043 -0.108  1.000  0.021 -0.011 -0.052 -0.045  0.045 -0.045  0.044
        8  0.18614  -0.029  0.099 -0.028  0.021  1.000  0.058 -0.045 -0.043  0.043 -0.043  0.049
        9  0.25323   0.024  0.048 -0.054 -0.011  0.058  1.000 -0.089 -0.110  0.110 -0.110  0.105
       20  0.99465  -0.043  0.022  0.018 -0.052 -0.045 -0.089  1.000  0.991 -0.991  0.991 -0.992
       21  1.00000  -0.071  0.016  0.033 -0.045 -0.043 -0.110  0.991  1.000 -1.000  1.000 -0.999
       22  1.00000   0.071 -0.016 -0.033  0.045  0.043  0.110 -0.991 -1.000  1.000 -1.000  0.999
       23  1.00000  -0.071  0.016  0.033 -0.045 -0.043 -0.110  0.991  1.000 -1.000  1.000 -0.999
       24  0.99881   0.076 -0.016 -0.036  0.044  0.049  0.105 -0.992 -0.999  0.999 -0.999  1.000
 ERR MATRIX APPROXIMATE
MINUIT - FIT ONLY 1-y
 **********
 **   51 **RES 
 **********
                   PARAMETER   16  beta_vw RESTORED TO VARIABLE.
                   PARAMETER   14  alpha_vw RESTORED TO VARIABLE.
                   PARAMETER   13  beta_y RESTORED TO VARIABLE.
                   PARAMETER   11  alpha_y RESTORED TO VARIABLE.
                   PARAMETER   10  beta_2CBO RESTORED TO VARIABLE.
 **********
 **   52 **FIX            0
 **********
 PARAMETER    0  IS UNDEFINED. IGNORED.
 **********
 **   53 **FIX            1
 **********
 **********
 **   54 **FIX            2
 **********
 PARAMETER    2  IS CONSTANT.   IGNORED.
 **********
 **   55 **FIX            3
 **********
 **********
 **   56 **FIX            4
 **********
 **********
 **   57 **FIX            5
 **********
 PARAMETER    5  IS CONSTANT.   IGNORED.
 **********
 **   58 **FIX            6
 **********
 **********
 **   59 **FIX            7
 **********
 PARAMETER    7  IS CONSTANT.   IGNORED.
 **********
 **   60 **FIX            8
 **********
 **********
 **   61 **FIX            9
 **********
 **********
 **   62 **FIX           13
 **********
 **********
 **   63 **FIX           14
 **********
 **********
 **   64 **FIX           15
 **********
 PARAMETER   15  IS CONSTANT.   IGNORED.
 **********
 **   65 **FIX           16
 **********
 **********
 **   66 **MIGRAD
 **********
 START MIGRAD MINIMIZATION.  STRATEGY  1.  CONVERGENCE WHEN EDM .LT. 1.00e-04
 FCN=69.7887 FROM MIGRAD    STATUS=INITIATE      121 CALLS        6460 TOTAL
                     EDM= unknown      STRATEGY= 1      NO ERROR MATRIX       
  EXT PARAMETER               CURRENT GUESS       STEP         FIRST   
  NO.   NAME      VALUE            ERROR          SIZE      DERIVATIVE 
   1  N0           3.09497e+06     fixed    
   2  tau          6.43983e+01   constant   
   3  A0           3.54330e-01     fixed    
   4  phi          4.11663e+00     fixed    
   5  R           -6.00563e+01   constant   
   6  alpha_CBO    1.69949e-03     fixed    
   7  w_CBO        2.32500e+00   constant   
   8  beta_CBO     7.46952e-04     fixed    
   9  alpha_2CBO   3.91016e-04     fixed    
  10  beta_2CBO    6.45983e-04   1.14339e-03   0.00000e+00   3.50757e+01
  11  alpha_y      0.00000e+00   1.00000e-03   0.00000e+00  -1.48155e+03
  12  w_y          1.38860e+01   constant   
  13  beta_y      -1.01765e-03     fixed    
  14  alpha_vw     0.00000e+00     fixed    
  15  w_vw         1.43404e+01   constant   
  16  beta_vw      0.00000e+00     fixed    
  17  LM          -1.62209e-04   constant   
  18  zeta_y       0.00000e+00   constant   
  19  zeta_vw      0.00000e+00   constant   
  20  T_CBO        1.48036e+01   2.04182e+00   0.00000e+00   6.95450e+00
  21  alpha_A0    -1.20754e+09   4.21781e+09  -5.75526e+05   3.69634e-12
  22  beta_A0      2.61621e+08   9.19517e+08   0.00000e+00   7.45752e-11
  23  alpha_phi   -4.50090e+08   1.59631e+09   0.00000e+00   2.86141e-12
  24  beta_phi     1.05020e+07   3.38824e+07   0.00000e+00   3.01624e-10
 MIGRAD MINIMIZATION HAS CONVERGED.
 MIGRAD WILL VERIFY CONVERGENCE AND ERROR MATRIX.
 COVARIANCE MATRIX CALCULATED SUCCESSFULLY
 FCN=69.0636 FROM MIGRAD    STATUS=CONVERGED     354 CALLS        6693 TOTAL
                     EDM=9.69698e-07    STRATEGY= 1      ERROR MATRIX ACCURATE 
  EXT PARAMETER                                   STEP         FIRST   
  NO.   NAME      VALUE            ERROR          SIZE      DERIVATIVE 
   1  N0           3.09497e+06     fixed    
   2  tau          6.43983e+01   constant   
   3  A0           3.54330e-01     fixed    
   4  phi          4.11663e+00     fixed    
   5  R           -6.00563e+01   constant   
   6  alpha_CBO    1.69949e-03     fixed    
   7  w_CBO        2.32500e+00   constant   
   8  beta_CBO     7.46952e-04     fixed    
   9  alpha_2CBO   3.91016e-04     fixed    
  10  beta_2CBO    6.17664e-04   1.13922e-03   4.64518e-06   1.19213e+00
  11  alpha_y      9.65140e-04   1.14063e-03   4.66046e-06  -9.84623e-02
  12  w_y          1.38860e+01   constant   
  13  beta_y      -1.01765e-03     fixed    
  14  alpha_vw     0.00000e+00     fixed    
  15  w_vw         1.43404e+01   constant   
  16  beta_vw      0.00000e+00     fixed    
  17  LM          -1.62209e-04   constant   
  18  zeta_y       0.00000e+00   constant   
  19  zeta_vw      0.00000e+00   constant   
  20  T_CBO        1.46820e+01   2.50112e-01   8.44980e-06   1.82110e-01
  21  alpha_A0    -1.49126e+09   1.41421e+00   7.11090e+02   3.87587e-12
  22  beta_A0      2.73473e+08   1.41421e+00   1.30402e+02  -3.14342e-11
  23  alpha_phi   -5.61610e+08   1.41421e+00   2.67797e+02   4.02154e-12
  24  beta_phi    -4.06809e+07   1.41421e+00   2.36751e+01  -4.24623e-11
 EXTERNAL ERROR MATRIX.    NDIM=  25    NPAR=  7    ERR DEF=1
  1.298e-06 -2.281e-08 -1.878e-05 -2.067e-13 -4.817e-13  3.197e-13  8.673e-15 
 -2.281e-08  1.301e-06 -4.594e-06 -3.702e-16 -7.551e-14 -3.614e-14  2.991e-14 
 -1.878e-05 -4.594e-06  6.256e-02  6.622e-10 -1.076e-10  2.103e-10 -1.179e-11 
 -2.067e-13 -3.702e-16  6.622e-10  2.000e+00 -2.788e-16 -1.648e-19  1.338e-17 
 -4.817e-13 -7.551e-14 -1.076e-10 -2.788e-16  2.000e+00  4.669e-17  3.314e-16 
  3.197e-13 -3.614e-14  2.103e-10 -1.648e-19  4.669e-17  2.000e+00  3.582e-17 
  8.673e-15  2.991e-14 -1.179e-11  1.338e-17  3.314e-16  3.582e-17  2.000e+00 
 PARAMETER  CORRELATION COEFFICIENTS  
       NO.  GLOBAL     10     11     20     21     22     23     24
       10  0.06848   1.000 -0.018 -0.066 -0.000 -0.000  0.000  0.000
       11  0.02464  -0.018  1.000 -0.016 -0.000 -0.000 -0.000  0.000
       20  0.06812  -0.066 -0.016  1.000  0.000 -0.000  0.000 -0.000
       21  0.00000  -0.000 -0.000  0.000  1.000 -0.000 -0.000  0.000
       22  0.00000  -0.000 -0.000 -0.000 -0.000  1.000  0.000  0.000
       23  0.00000   0.000 -0.000  0.000 -0.000  0.000  1.000  0.000
       24  0.00000   0.000  0.000 -0.000  0.000  0.000  0.000  1.000
MINUIT - FIT ONLY 2-y
 **********
 **   67 **RES 
 **********
                   PARAMETER   16  beta_vw RESTORED TO VARIABLE.
                   PARAMETER   14  alpha_vw RESTORED TO VARIABLE.
                   PARAMETER   13  beta_y RESTORED TO VARIABLE.
                   PARAMETER    9  alpha_2CBO RESTORED TO VARIABLE.
                   PARAMETER    8  beta_CBO RESTORED TO VARIABLE.
                   PARAMETER    6  alpha_CBO RESTORED TO VARIABLE.
                   PARAMETER    4  phi RESTORED TO VARIABLE.
                   PARAMETER    3  A0 RESTORED TO VARIABLE.
                   PARAMETER    1  N0 RESTORED TO VARIABLE.
 **********
 **   68 **FIX            0
 **********
 PARAMETER    0  IS UNDEFINED. IGNORED.
 **********
 **   69 **FIX            1
 **********
 **********
 **   70 **FIX            2
 **********
 PARAMETER    2  IS CONSTANT.   IGNORED.
 **********
 **   71 **FIX            3
 **********
 **********
 **   72 **FIX            4
 **********
 **********
 **   73 **FIX            5
 **********
 PARAMETER    5  IS CONSTANT.   IGNORED.
 **********
 **   74 **FIX            6
 **********
 **********
 **   75 **FIX            7
 **********
 PARAMETER    7  IS CONSTANT.   IGNORED.
 **********
 **   76 **FIX            8
 **********
 **********
 **   77 **FIX            9
 **********
 **********
 **   78 **FIX           10
 **********
 **********
 **   79 **FIX           11
 **********
 **********
 **   80 **FIX           12
 **********
 PARAMETER   12  IS CONSTANT.   IGNORED.
 **********
 **   81 **FIX           16
 **********
 **********
 **   82 **MIGRAD
 **********
 START MIGRAD MINIMIZATION.  STRATEGY  1.  CONVERGENCE WHEN EDM .LT. 1.00e-04
 FCN=69.0636 FROM MIGRAD    STATUS=INITIATE      184 CALLS        6877 TOTAL
                     EDM= unknown      STRATEGY= 1      NO ERROR MATRIX       
  EXT PARAMETER               CURRENT GUESS       STEP         FIRST   
  NO.   NAME      VALUE            ERROR          SIZE      DERIVATIVE 
   1  N0           3.09497e+06     fixed    
   2  tau          6.43983e+01   constant   
   3  A0           3.54330e-01     fixed    
   4  phi          4.11663e+00     fixed    
   5  R           -6.00563e+01   constant   
   6  alpha_CBO    1.69949e-03     fixed    
   7  w_CBO        2.32500e+00   constant   
   8  beta_CBO     7.46952e-04     fixed    
   9  alpha_2CBO   3.91016e-04     fixed    
  10  beta_2CBO    6.17664e-04     fixed    
  11  alpha_y      9.65140e-04     fixed    
  12  w_y          1.38860e+01   constant   
  13  beta_y      -1.01765e-03   1.15203e-03   0.00000e+00  -1.35964e+01
  14  alpha_vw     0.00000e+00   1.00000e-03   0.00000e+00  -1.54980e+03
  15  w_vw         1.43404e+01   constant   
  16  beta_vw      0.00000e+00     fixed    
  17  LM          -1.62209e-04   constant   
  18  zeta_y       0.00000e+00   constant   
  19  zeta_vw      0.00000e+00   constant   
  20  T_CBO        1.46820e+01   2.50112e-01   0.00000e+00   1.49478e+00
  21  alpha_A0    -1.49198e+09   1.41421e+00   0.00000e+00   1.35125e-12
  22  beta_A0      2.73473e+08   1.41421e+00   0.00000e+00  -3.12454e-11
  23  alpha_phi   -5.62591e+08   1.41421e+00   0.00000e+00   4.95301e-15
  24  beta_phi    -4.06099e+07   1.41421e+00   2.36751e+04  -4.20913e-11
 MIGRAD MINIMIZATION HAS CONVERGED.
 MIGRAD WILL VERIFY CONVERGENCE AND ERROR MATRIX.
 COVARIANCE MATRIX CALCULATED SUCCESSFULLY
 FCN=68.2758 FROM MIGRAD    STATUS=CONVERGED     280 CALLS        6973 TOTAL
                     EDM=2.61395e-06    STRATEGY= 1      ERROR MATRIX ACCURATE 
  EXT PARAMETER                                   STEP         FIRST   
  NO.   NAME      VALUE            ERROR          SIZE      DERIVATIVE 
   1  N0           3.09497e+06     fixed    
   2  tau          6.43983e+01   constant   
   3  A0           3.54330e-01     fixed    
   4  phi          4.11663e+00     fixed    
   5  R           -6.00563e+01   constant   
   6  alpha_CBO    1.69949e-03     fixed    
   7  w_CBO        2.32500e+00   constant   
   8  beta_CBO     7.46952e-04     fixed    
   9  alpha_2CBO   3.91016e-04     fixed    
  10  beta_2CBO    6.17664e-04     fixed    
  11  alpha_y      9.65140e-04     fixed    
  12  w_y          1.38860e+01   constant   
  13  beta_y      -9.91194e-04   1.14921e-03   4.66940e-06   1.76218e+00
  14  alpha_vw     1.01638e-03   1.14513e-03   4.65280e-06   1.93919e-02
  15  w_vw         1.43404e+01   constant   
  16  beta_vw      0.00000e+00     fixed    
  17  LM          -1.62209e-04   constant   
  18  zeta_y       0.00000e+00   constant   
  19  zeta_vw      0.00000e+00   constant   
  20  T_CBO        1.46780e+01   2.50859e-01   8.47784e-06   5.22517e-01
  21  alpha_A0    -1.49176e+09   1.41421e+00   7.11328e+02   8.33625e-12
  22  beta_A0      2.73725e+08   1.41421e+00   1.30522e+02  -1.45559e-11
  23  alpha_phi   -5.66663e+08   1.41421e+00   2.70206e+02  -1.11891e-12
  24  beta_phi    -4.04921e+07   1.41421e+00   2.35416e+01  -5.51376e-11
 EXTERNAL ERROR MATRIX.    NDIM=  25    NPAR=  7    ERR DEF=1
  1.321e-06  2.099e-08 -4.073e-06  9.711e-15  4.074e-14 -9.451e-15  4.301e-14 
  2.099e-08  1.311e-06 -4.236e-06  3.015e-15 -1.968e-14 -1.918e-14  1.292e-14 
 -4.073e-06 -4.236e-06  6.293e-02  6.496e-10 -1.594e-10  2.170e-10 -1.023e-11 
  9.711e-15  3.015e-15  6.496e-10  2.000e+00 -7.011e-16  7.416e-18  2.366e-17 
  4.074e-14 -1.968e-14 -1.594e-10 -7.011e-16  2.000e+00  2.524e-17  1.943e-16 
 -9.451e-15 -1.918e-14  2.170e-10  7.416e-18  2.524e-17  2.000e+00 -4.025e-17 
  4.301e-14  1.292e-14 -1.023e-11  2.366e-17  1.943e-16 -4.025e-17  2.000e+00 
 PARAMETER  CORRELATION COEFFICIENTS  
       NO.  GLOBAL     13     14     20     21     22     23     24
       13  0.02115   1.000  0.016 -0.014  0.000  0.000 -0.000  0.000
       14  0.02157   0.016  1.000 -0.015  0.000 -0.000 -0.000  0.000
       20  0.02026  -0.014 -0.015  1.000  0.000 -0.000  0.000 -0.000
       21  0.00000   0.000  0.000  0.000  1.000 -0.000  0.000  0.000
       22  0.00000   0.000 -0.000 -0.000 -0.000  1.000  0.000  0.000
       23  0.00000  -0.000 -0.000  0.000  0.000  0.000  1.000 -0.000
