 + ++++++++++++++++++++++++++++++++++++++++++++++++++++++++++++++++++++ +
 +                                                                      +
 +           You have chose to blind your fitting according to          +
 +                omega_ref * (1 + (R +/- deltaR) *10^{-6})             +
 +                                                                      +
 + ++++++++++++++++++++++++++++++++++++++++++++++++++++++++++++++++++++ +
In main()...
reading format from /gm2data/zkhechad/run45/envelope/formats/formatB_sBin_constraintOn.txt
pBinTau 	= 0  
pBinPhi 	= 0  
constraintau 	= 1 
includeMopTerm 	= 0    
constrainMop    = 0   
Parameters after format file: pBinTau 0 pBinPhi 0 constraintau 1 includeMopTerm 0 constrainMop 0 c_e_scale 0.000000 
Opening file /gm2data/tbarrett/gm2fr/studies/run23_bunch_corrections/CorrectedFourier_Run3b.root.
reading full fit data from /gm2data/zkhechad/cboTemplates/Run4CBOTemplates/fullFits/noRF/sBin_constraintOn_cE0.0_seed0_noRF_calo0.root
windowBins = 69
fitting sliding window 910 from bin 1046 at 155.914000 to bin 1115 at 166.358000 (69 bins)

Reading data from /gm2data/cornell/histograms/aMethod/histogram_a_noRF.root
 **********
 **    1 **SET PRINTOUT            1
 **********
 **********
 **    2 **SET NOWARNINGS 
 **********
 PARAMETER DEFINITIONS:
    NO.   NAME         VALUE      STEP SIZE      LIMITS
     1 N0           7.53894e+07  1.00000e+02     no limits
     2 tau          6.44000e+01  constant
     3 A0           3.53538e-01  1.00000e-04     no limits
     4 phi          4.11945e+00  1.00000e-02     no limits
     5 R           -6.07615e+01  constant
     6 alpha_CBO    0.00000e+00  1.00000e-03     no limits
     7 w_CBO        2.32500e+00  constant
     8 beta_CBO     0.00000e+00  1.00000e-03     no limits
     9 alpha_2CBO   0.00000e+00  1.00000e-03     no limits
    10 beta_2CBO    0.00000e+00  1.00000e-03     no limits
    11 alpha_y      0.00000e+00  1.00000e-03     no limits
    12 w_y          1.38860e+01  constant
    13 beta_y       0.00000e+00  1.00000e-03     no limits
    14 alpha_vw     0.00000e+00  1.00000e-03     no limits
    15 w_vw         1.43404e+01  constant
    16 beta_vw      0.00000e+00  1.00000e-03     no limits
    17 LM          -1.74374e-04  constant
    18 zeta_y       0.00000e+00  constant
    19 zeta_vw      0.00000e+00  constant
    20 T_CBO        1.00000e+02  1.00000e+00    0.00000e+00  1.00000e+03
    21 alpha_A0     0.00000e+00  1.00000e-04   -1.00000e-02  1.00000e-02
    22 beta_A0      0.00000e+00  1.00000e-04   -1.00000e-02  1.00000e-02
    23 alpha_phi    0.00000e+00  1.00000e-04   -1.00000e-02  1.00000e-02
    24 beta_phi     0.00000e+00  1.00000e-04   -1.00000e-02  1.00000e-02
MINUIT - FIT ONLY WIGGLE
 **********
 **    3 **FIX            5
 **********
 PARAMETER    5  IS CONSTANT.   IGNORED.
 **********
 **    4 **FIX            6
 **********
 **********
 **    5 **FIX            7
 **********
 PARAMETER    7  IS CONSTANT.   IGNORED.
 **********
 **    6 **FIX            8
 **********
 **********
 **    7 **FIX            9
 **********
 **********
 **    8 **FIX           10
 **********
 **********
 **    9 **FIX           11
 **********
 **********
 **   10 **FIX           12
 **********
 PARAMETER   12  IS CONSTANT.   IGNORED.
 **********
 **   11 **FIX           13
 **********
 **********
 **   12 **FIX           14
 **********
 **********
 **   13 **FIX           15
 **********
 PARAMETER   15  IS CONSTANT.   IGNORED.
 **********
 **   14 **FIX           16
 **********
 **********
 **   15 **MIGRAD
 **********
 FIRST CALL TO USER FUNCTION AT NEW START POINT, WITH IFLAG=4.
 START MIGRAD MINIMIZATION.  STRATEGY  1.  CONVERGENCE WHEN EDM .LT. 1.00e-04
 FCN=475.442 FROM MIGRAD    STATUS=INITIATE      435 CALLS         436 TOTAL
                     EDM= unknown      STRATEGY= 1      NO ERROR MATRIX       
  EXT PARAMETER               CURRENT GUESS       STEP         FIRST   
  NO.   NAME      VALUE            ERROR          SIZE      DERIVATIVE 
   1  N0           7.53894e+07   1.00000e+02   0.00000e+00  -1.84613e-03
   2  tau          6.44000e+01   constant   
   3  A0           3.53538e-01   1.00000e-04   0.00000e+00  -3.19285e+05
   4  phi          4.11945e+00   1.00000e-02   0.00000e+00  -4.02758e+04
   5  R           -6.07615e+01   constant   
   6  alpha_CBO    0.00000e+00     fixed    
   7  w_CBO        2.32500e+00   constant   
   8  beta_CBO     0.00000e+00     fixed    
   9  alpha_2CBO   0.00000e+00     fixed    
  10  beta_2CBO    0.00000e+00     fixed    
  11  alpha_y      0.00000e+00     fixed    
  12  w_y          1.38860e+01   constant   
  13  beta_y       0.00000e+00     fixed    
  14  alpha_vw     0.00000e+00     fixed    
  15  w_vw         1.43404e+01   constant   
  16  beta_vw      0.00000e+00     fixed    
  17  LM          -1.74374e-04   constant   
  18  zeta_y       0.00000e+00   constant   
  19  zeta_vw      0.00000e+00   constant   
  20  T_CBO        1.00000e+02   1.00000e+00   0.00000e+00   0.00000e+00
  21  alpha_A0     0.00000e+00   1.00000e-04   0.00000e+00  -1.37272e+02
  22  beta_A0      0.00000e+00   1.00000e-04   0.00000e+00   2.85839e+01
  23  alpha_phi    0.00000e+00   1.00000e-04   0.00000e+00   3.55801e+01
  24  beta_phi     0.00000e+00   1.00000e-04   0.00000e+00   5.76696e+00
 MIGRAD MINIMIZATION HAS CONVERGED.
 FCN=379.95 FROM MIGRAD    STATUS=CONVERGED     968 CALLS         969 TOTAL
                     EDM=2.56172e-06    STRATEGY= 1  ERROR MATRIX UNCERTAINTY   0.4 per cent
  EXT PARAMETER                                   STEP         FIRST   
  NO.   NAME      VALUE            ERROR          SIZE      DERIVATIVE 
   1  N0           7.53920e+07   2.31589e+03   1.96350e+00  -2.22115e-07
   2  tau          6.44000e+01   constant   
   3  A0           3.53841e-01   4.07872e-05  -9.55368e-08   2.64031e+00
   4  phi          4.11969e+00   1.12829e-04   3.89377e-07   5.21068e+00
   5  R           -6.07615e+01   constant   
   6  alpha_CBO    0.00000e+00     fixed    
   7  w_CBO        2.32500e+00   constant   
   8  beta_CBO     0.00000e+00     fixed    
   9  alpha_2CBO   0.00000e+00     fixed    
  10  beta_2CBO    0.00000e+00     fixed    
  11  alpha_y      0.00000e+00     fixed    
  12  w_y          1.38860e+01   constant   
  13  beta_y       0.00000e+00     fixed    
  14  alpha_vw     0.00000e+00     fixed    
  15  w_vw         1.43404e+01   constant   
  16  beta_vw      0.00000e+00     fixed    
  17  LM          -1.74374e-04   constant   
  18  zeta_y       0.00000e+00   constant   
  19  zeta_vw      0.00000e+00   constant   
  20  T_CBO        7.04328e+01   5.63091e+00   5.79438e-06  -1.29036e-01
  21  alpha_A0     1.00000e-02   1.83893e-02   8.66261e-03** at limit **
  22  beta_A0     -1.83931e-03   1.40567e-03  -4.47787e-04  -8.53724e-04
  23  alpha_phi   -3.11978e-03   1.04546e-03   8.12733e-05   1.61611e-02
  24  beta_phi    -3.64644e-03   1.20061e-03  -3.11512e-04   1.88680e-02
 EXTERNAL ERROR MATRIX.    NDIM=  25    NPAR=  8    ERR DEF=1
  5.363e+06  1.305e-03 -4.514e-02 -1.746e+03 -6.812e-05 -2.752e-01 -1.909e-01  2.373e-01 
  1.305e-03  1.664e-09  2.130e-10  1.613e-05  3.347e-13 -3.215e-10 -1.227e-09 -6.933e-09 
 -4.514e-02  2.130e-10  1.273e-08  5.251e-05  8.344e-13  3.624e-09  1.362e-09 -5.235e-09 
 -1.746e+03  1.613e-05  5.251e-05  3.171e+01 -1.783e-06  1.032e-03  2.834e-03  2.093e-03 
 -6.812e-05  3.347e-13  8.344e-13 -1.783e-06  1.509e-12 -4.747e-11 -2.840e-11 -2.999e-10 
 -2.752e-01 -3.215e-10  3.624e-09  1.032e-03 -4.747e-11  1.990e-06 -2.058e-07  5.901e-07 
 -1.909e-01 -1.227e-09  1.362e-09  2.834e-03 -2.840e-11 -2.058e-07  1.097e-06  4.792e-07 
  2.373e-01 -6.933e-09 -5.235e-09  2.093e-03 -2.999e-10  5.901e-07  4.792e-07  1.450e-06 
 PARAMETER  CORRELATION COEFFICIENTS  
       NO.  GLOBAL      1      3      4     20     21     22     23     24
        1  0.29279   1.000  0.014 -0.173 -0.134 -0.024 -0.084 -0.079  0.085
        3  0.20044   0.014  1.000  0.046  0.070  0.007 -0.006 -0.029 -0.141
        4  0.19418  -0.173  0.046  1.000  0.083  0.006  0.023  0.012 -0.039
       20  0.58974  -0.134  0.070  0.083  1.000 -0.258  0.130  0.480  0.309
       21  0.34921  -0.024  0.007  0.006 -0.258  1.000 -0.027 -0.022 -0.203
       22  0.51100  -0.084 -0.006  0.023  0.130 -0.027  1.000 -0.139  0.347
       23  0.64046  -0.079 -0.029  0.012  0.480 -0.022 -0.139  1.000  0.380
       24  0.61738   0.085 -0.141 -0.039  0.309 -0.203  0.347  0.380  1.000
MINUIT - FIT ONLY 1-CBO + wiggle
 **********
 **   16 **RES 
 **********
                   PARAMETER   16  beta_vw RESTORED TO VARIABLE.
                   PARAMETER   14  alpha_vw RESTORED TO VARIABLE.
                   PARAMETER   13  beta_y RESTORED TO VARIABLE.
                   PARAMETER   11  alpha_y RESTORED TO VARIABLE.
                   PARAMETER   10  beta_2CBO RESTORED TO VARIABLE.
                   PARAMETER    9  alpha_2CBO RESTORED TO VARIABLE.
                   PARAMETER    8  beta_CBO RESTORED TO VARIABLE.
                   PARAMETER    6  alpha_CBO RESTORED TO VARIABLE.
 **********
 **   17 **FIX            8
 **********
 **********
 **   18 **FIX            9
 **********
 **********
 **   19 **FIX           11
 **********
 **********
 **   20 **FIX           12
 **********
 PARAMETER   12  IS CONSTANT.   IGNORED.
 **********
 **   21 **FIX           14
 **********
 **********
 **   22 **FIX           15
 **********
 PARAMETER   15  IS CONSTANT.   IGNORED.
 **********
 **   23 **FIX           16
 **********
 **********
 **   24 **MIGRAD
 **********
 START MIGRAD MINIMIZATION.  STRATEGY  1.  CONVERGENCE WHEN EDM .LT. 1.00e-04
 FCN=379.95 FROM MIGRAD    STATUS=INITIATE       28 CALLS         997 TOTAL
                     EDM= unknown      STRATEGY= 1      NO ERROR MATRIX       
  EXT PARAMETER               CURRENT GUESS       STEP         FIRST   
  NO.   NAME      VALUE            ERROR          SIZE      DERIVATIVE 
   1  N0           7.53920e+07   2.31589e+03   1.96350e+00  -2.23772e-07
   2  tau          6.44000e+01   constant   
   3  A0           3.53841e-01   4.07872e-05  -9.55368e-08   2.69013e+00
   4  phi          4.11969e+00   1.12829e-04   3.89377e-07   5.21446e+00
   5  R           -6.07615e+01   constant   
   6  alpha_CBO    0.00000e+00   1.00000e-03   1.00000e-03  -7.37820e+05
   7  w_CBO        2.32500e+00   constant   
   8  beta_CBO     0.00000e+00     fixed    
   9  alpha_2CBO   0.00000e+00     fixed    
  10  beta_2CBO    0.00000e+00   1.00000e-03   1.00000e-03  -2.48199e+04
  11  alpha_y      0.00000e+00     fixed    
  12  w_y          1.38860e+01   constant   
  13  beta_y       0.00000e+00   1.00000e-03   1.00000e-03  -8.64067e+04
  14  alpha_vw     0.00000e+00     fixed    
  15  w_vw         1.43404e+01   constant   
  16  beta_vw      0.00000e+00     fixed    
  17  LM          -1.74374e-04   constant   
  18  zeta_y       0.00000e+00   constant   
  19  zeta_vw      0.00000e+00   constant   
  20  T_CBO        7.04328e+01   5.63091e+00   5.79438e-06  -1.30230e-01
  21  alpha_A0     9.99998e-03   1.83893e-02   8.66261e-03  -7.55245e-04
  22  beta_A0     -1.83931e-03   1.40567e-03  -4.47787e-04  -8.55384e-04
  23  alpha_phi   -3.11978e-03   1.04546e-03   8.12733e-05   1.61587e-02
  24  beta_phi    -3.64644e-03   1.20061e-03  -3.11512e-04   1.88593e-02
 MIGRAD MINIMIZATION HAS CONVERGED.
 FCN=111.187 FROM MIGRAD    STATUS=CONVERGED     381 CALLS        1350 TOTAL
                     EDM=9.42278e-07    STRATEGY= 1  ERROR MATRIX UNCERTAINTY   0.8 per cent
  EXT PARAMETER                                   STEP         FIRST   
  NO.   NAME      VALUE            ERROR          SIZE      DERIVATIVE 
   1  N0           7.53898e+07   2.33063e+03  -8.65568e-01   1.93464e-07
   2  tau          6.44000e+01   constant   
   3  A0           3.53724e-01   4.15484e-05   8.48881e-09   1.20738e+00
   4  phi          4.11943e+00   1.18063e-04   4.27729e-08  -3.06440e+00
   5  R           -6.07615e+01   constant   
   6  alpha_CBO    7.20156e-04   4.42504e-05   3.54850e-08  -9.86564e+00
   7  w_CBO        2.32500e+00   constant   
   8  beta_CBO     0.00000e+00     fixed    
   9  alpha_2CBO   0.00000e+00     fixed    
  10  beta_2CBO    1.63779e-05   4.27522e-05  -1.15237e-08  -4.40814e+00
  11  alpha_y      0.00000e+00     fixed    
  12  w_y          1.38860e+01   constant   
  13  beta_y       6.75215e-05   4.14774e-05  -1.61902e-08  -4.49768e+00
  14  alpha_vw     0.00000e+00     fixed    
  15  w_vw         1.43404e+01   constant   
  16  beta_vw      0.00000e+00     fixed    
  17  LM          -1.74374e-04   constant   
  18  zeta_y       0.00000e+00   constant   
  19  zeta_vw      0.00000e+00   constant   
  20  T_CBO        5.48132e+01   5.96198e+00   1.04737e-04  -8.02493e-04
  21  alpha_A0     9.99993e-03   1.95062e-02   7.93882e-04   4.62395e-04
  22  beta_A0     -2.06282e-03   2.83481e-03   4.21267e-04   7.74013e-04
  23  alpha_phi   -5.66142e-04   1.74318e-03   2.70638e-04  -3.96607e-04
  24  beta_phi    -5.12198e-03   3.22838e-03   2.81902e-04   3.10805e-04
 EXTERNAL ERROR MATRIX.    NDIM=  25    NPAR= 11    ERR DEF=1
  5.432e+06 
  1.215e-03  1.726e-09 
 -4.531e-02  3.155e-10  1.394e-08 
 -5.884e-03 -2.985e-10 -7.037e-10  1.958e-09 
  4.548e-03 -2.130e-11 -8.049e-12  9.791e-14  1.828e-09 
  1.239e-03  4.961e-11  2.010e-11 -2.917e-11  2.241e-11  1.720e-09 
 -2.575e+03  2.829e-05  5.815e-05 -4.501e-05 -2.021e-05  1.826e-06  3.555e+01 
  9.760e-03 -6.939e-11 -3.953e-10 -1.861e-10 -4.088e-12  6.357e-11  5.958e-05  1.683e-08 
 -1.037e+00 -3.977e-10  2.079e-08  1.222e-09 -1.367e-08 -1.785e-09  3.976e-03 -2.426e-09  8.272e-06 
 -2.049e-01 -9.549e-10  2.268e-09  7.690e-09  9.297e-12 -8.377e-10  1.825e-03 -2.182e-08  1.241e-06  3.070e-06 
  6.874e-01 -1.973e-08  2.819e-09 -7.643e-09 -1.746e-08 -8.011e-10  7.610e-03  3.972e-08  1.396e-06 -9.620e-08  1.095e-05 
 PARAMETER  CORRELATION COEFFICIENTS  
       NO.  GLOBAL      1      3      4      6     10     13     20     21     22     23     24
        1  0.34481   1.000  0.013 -0.165 -0.057  0.046  0.013 -0.185  0.032 -0.155 -0.050  0.089
        3  0.28715   0.013  1.000  0.064 -0.162 -0.012  0.029  0.114 -0.013 -0.003 -0.013 -0.143
        4  0.22895  -0.165  0.064  1.000 -0.135 -0.002  0.004  0.083 -0.026  0.061  0.011  0.007
        6  0.29906  -0.057 -0.162 -0.135  1.000  0.000 -0.016 -0.171 -0.032  0.010  0.099 -0.052
       10  0.16652   0.046 -0.012 -0.002  0.000  1.000  0.013 -0.079 -0.001 -0.111  0.000 -0.123
       13  0.04091   0.013  0.029  0.004 -0.016  0.013  1.000  0.007  0.012 -0.015 -0.012 -0.006
       20  0.54278  -0.185  0.114  0.083 -0.171 -0.079  0.007  1.000  0.077  0.232  0.175  0.386
       21  0.15532   0.032 -0.013 -0.026 -0.032 -0.001  0.012  0.077  1.000 -0.007 -0.096  0.093
       22  0.35741  -0.155 -0.003  0.061  0.010 -0.111 -0.015  0.232 -0.007  1.000  0.246  0.147
       23  0.33691  -0.050 -0.013  0.011  0.099  0.000 -0.012  0.175 -0.096  0.246  1.000 -0.017
       24  0.48982   0.089 -0.143  0.007 -0.052 -0.123 -0.006  0.386  0.093  0.147 -0.017  1.000
MINUIT - FIT ONLY 2-CBO
 **********
 **   25 **RES 
 **********
                   PARAMETER   16  beta_vw RESTORED TO VARIABLE.
                   PARAMETER   14  alpha_vw RESTORED TO VARIABLE.
                   PARAMETER   11  alpha_y RESTORED TO VARIABLE.
                   PARAMETER    9  alpha_2CBO RESTORED TO VARIABLE.
                   PARAMETER    8  beta_CBO RESTORED TO VARIABLE.
 **********
 **   26 **FIX            0
 **********
 PARAMETER    0  IS UNDEFINED. IGNORED.
 **********
 **   27 **FIX            1
 **********
 **********
 **   28 **FIX            2
 **********
 PARAMETER    2  IS CONSTANT.   IGNORED.
 **********
 **   29 **FIX            3
 **********
 **********
 **   30 **FIX            4
 **********
 **********
 **   31 **FIX            5
 **********
 PARAMETER    5  IS CONSTANT.   IGNORED.
 **********
 **   32 **FIX            6
 **********
 **********
 **   33 **FIX            7
 **********
 PARAMETER    7  IS CONSTANT.   IGNORED.
 **********
 **   34 **FIX           10
 **********
 **********
 **   35 **FIX           11
 **********
 **********
 **   36 **FIX           12
 **********
 PARAMETER   12  IS CONSTANT.   IGNORED.
 **********
 **   37 **FIX           13
 **********
 **********
 **   38 **FIX           14
 **********
 **********
 **   39 **FIX           15
 **********
 PARAMETER   15  IS CONSTANT.   IGNORED.
 **********
 **   40 **FIX           16
 **********
 **********
 **   41 **MIGRAD
 **********
 START MIGRAD MINIMIZATION.  STRATEGY  1.  CONVERGENCE WHEN EDM .LT. 1.00e-04
 FCN=111.187 FROM MIGRAD    STATUS=INITIATE       18 CALLS        1368 TOTAL
                     EDM= unknown      STRATEGY= 1      NO ERROR MATRIX       
  EXT PARAMETER               CURRENT GUESS       STEP         FIRST   
  NO.   NAME      VALUE            ERROR          SIZE      DERIVATIVE 
   1  N0           7.53898e+07     fixed    
   2  tau          6.44000e+01   constant   
   3  A0           3.53724e-01     fixed    
   4  phi          4.11943e+00     fixed    
   5  R           -6.07615e+01   constant   
   6  alpha_CBO    7.20156e-04     fixed    
   7  w_CBO        2.32500e+00   constant   
   8  beta_CBO     0.00000e+00   1.00000e-03   1.00000e-03   3.54361e+05
   9  alpha_2CBO   0.00000e+00   1.00000e-03   1.00000e-03  -8.27963e+03
  10  beta_2CBO    1.63779e-05     fixed    
  11  alpha_y      0.00000e+00     fixed    
  12  w_y          1.38860e+01   constant   
  13  beta_y       6.75215e-05     fixed    
  14  alpha_vw     0.00000e+00     fixed    
  15  w_vw         1.43404e+01   constant   
  16  beta_vw      0.00000e+00     fixed    
  17  LM          -1.74374e-04   constant   
  18  zeta_y       0.00000e+00   constant   
  19  zeta_vw      0.00000e+00   constant   
  20  T_CBO        5.48132e+01   5.96198e+00   1.04737e-04  -8.02011e-04
  21  alpha_A0     9.99993e-03   1.95062e-02   7.93882e-04  -4.65181e-04
  22  beta_A0     -2.06282e-03   2.83481e-03   4.21267e-04   7.74036e-04
  23  alpha_phi   -5.66142e-04   1.74318e-03   2.70638e-04  -3.96613e-04
  24  beta_phi    -5.12198e-03   3.22838e-03   2.81902e-04   3.10767e-04
 MIGRAD MINIMIZATION HAS CONVERGED.
 FCN=55.45 FROM MIGRAD    STATUS=CONVERGED     114 CALLS        1464 TOTAL
                     EDM=8.82508e-07    STRATEGY= 1  ERROR MATRIX UNCERTAINTY   1.8 per cent
  EXT PARAMETER                                   STEP         FIRST   
  NO.   NAME      VALUE            ERROR          SIZE      DERIVATIVE 
   1  N0           7.53898e+07     fixed    
   2  tau          6.44000e+01   constant   
   3  A0           3.53724e-01     fixed    
   4  phi          4.11943e+00     fixed    
   5  R           -6.07615e+01   constant   
   6  alpha_CBO    7.20156e-04     fixed    
   7  w_CBO        2.32500e+00   constant   
   8  beta_CBO    -3.14043e-04   4.20232e-05  -7.65497e-09   8.15253e-01
   9  alpha_2CBO   2.28748e-05   4.19861e-05   2.34405e-07   1.98638e+01
  10  beta_2CBO    1.63779e-05     fixed    
  11  alpha_y      0.00000e+00     fixed    
  12  w_y          1.38860e+01   constant   
  13  beta_y       6.75215e-05     fixed    
  14  alpha_vw     0.00000e+00     fixed    
  15  w_vw         1.43404e+01   constant   
  16  beta_vw      0.00000e+00     fixed    
  17  LM          -1.74374e-04   constant   
  18  zeta_y       0.00000e+00   constant   
  19  zeta_vw      0.00000e+00   constant   
  20  T_CBO        5.29677e+01   5.84845e+00  -1.16757e-04   1.51037e-02
  21  alpha_A0     1.00000e-02   1.83761e-02   7.41406e-04** at limit **
  22  beta_A0      1.99650e-03   2.96892e-03   7.90702e-04  -5.20601e-03
  23  alpha_phi   -9.46703e-04   3.18682e-03   2.16564e-03  -6.13994e-04
  24  beta_phi    -6.54897e-03   3.73239e-03  -1.85225e-03  -1.22982e-03
 EXTERNAL ERROR MATRIX.    NDIM=  25    NPAR=  7    ERR DEF=1
  1.766e-09 -9.353e-11  8.437e-06 -1.441e-13 -2.211e-08  1.533e-09  8.788e-09 
 -9.353e-11  1.763e-09 -2.709e-05  1.658e-12  2.001e-08 -1.588e-08 -2.812e-08 
  8.437e-06 -2.709e-05  3.421e+01 -3.893e-07 -2.911e-03  1.213e-03  1.232e-02 
 -1.441e-13  1.658e-12 -3.893e-07  2.290e-10  1.578e-10  3.162e-10 -2.574e-10 
 -2.211e-08  2.001e-08 -2.911e-03  1.578e-10  9.098e-06 -5.970e-07 -1.951e-06 
  1.533e-09 -1.588e-08  1.213e-03  3.162e-10 -5.970e-07  1.052e-05  1.612e-06 
  8.788e-09 -2.812e-08  1.232e-02 -2.574e-10 -1.951e-06  1.612e-06  1.524e-05 
 PARAMETER  CORRELATION COEFFICIENTS  
       NO.  GLOBAL      8      9     20     21     22     23     24
        8  0.17792   1.000 -0.053  0.034 -0.000 -0.174  0.011  0.054
        9  0.23550  -0.053  1.000 -0.110  0.003  0.158 -0.117 -0.172
       20  0.54532   0.034 -0.110  1.000 -0.004 -0.165  0.064  0.540
       21  0.00936  -0.000  0.003 -0.004  1.000  0.003  0.006 -0.004
       22  0.28036  -0.174  0.158 -0.165  0.003  1.000 -0.061 -0.166
       23  0.16255   0.011 -0.117  0.064  0.006 -0.061  1.000  0.127
       24  0.56080   0.054 -0.172  0.540 -0.004 -0.166  0.127  1.000
MINUIT - FIT wiggle + 1-CBO + 2-CBO
 **********
 **   42 **RES 
 **********
                   PARAMETER   16  beta_vw RESTORED TO VARIABLE.
                   PARAMETER   14  alpha_vw RESTORED TO VARIABLE.
                   PARAMETER   13  beta_y RESTORED TO VARIABLE.
                   PARAMETER   11  alpha_y RESTORED TO VARIABLE.
                   PARAMETER   10  beta_2CBO RESTORED TO VARIABLE.
                   PARAMETER    6  alpha_CBO RESTORED TO VARIABLE.
                   PARAMETER    4  phi RESTORED TO VARIABLE.
                   PARAMETER    3  A0 RESTORED TO VARIABLE.
                   PARAMETER    1  N0 RESTORED TO VARIABLE.
 **********
 **   43 **FIX           10
 **********
 **********
 **   44 **FIX           11
 **********
 **********
 **   45 **FIX           12
 **********
 PARAMETER   12  IS CONSTANT.   IGNORED.
 **********
 **   46 **FIX           13
 **********
 **********
 **   47 **FIX           14
 **********
 **********
 **   48 **FIX           15
 **********
 PARAMETER   15  IS CONSTANT.   IGNORED.
 **********
 **   49 **FIX           16
 **********
 **********
 **   50 **MIGRAD
 **********
 START MIGRAD MINIMIZATION.  STRATEGY  1.  CONVERGENCE WHEN EDM .LT. 1.00e-04
 FCN=55.45 FROM MIGRAD    STATUS=INITIATE       22 CALLS        1486 TOTAL
                     EDM= unknown      STRATEGY= 1      NO ERROR MATRIX       
  EXT PARAMETER               CURRENT GUESS       STEP         FIRST   
  NO.   NAME      VALUE            ERROR          SIZE      DERIVATIVE 
   1  N0           7.53898e+07   2.33063e+03   2.33063e+03   1.21460e-04
   2  tau          6.44000e+01   constant   
   3  A0           3.53724e-01   4.15484e-05   4.15484e-05   6.96887e+04
   4  phi          4.11943e+00   1.18063e-04   1.18063e-04  -1.50874e+04
   5  R           -6.07615e+01   constant   
   6  alpha_CBO    7.20156e-04   4.42504e-05   4.42504e-05   1.03513e+04
   7  w_CBO        2.32500e+00   constant   
   8  beta_CBO    -3.14043e-04   4.20232e-05  -7.65497e-09   8.15231e-01
   9  alpha_2CBO   2.28748e-05   4.19861e-05   2.34405e-07   1.98638e+01
  10  beta_2CBO    1.63779e-05     fixed    
  11  alpha_y      0.00000e+00     fixed    
  12  w_y          1.38860e+01   constant   
  13  beta_y       6.75215e-05     fixed    
  14  alpha_vw     0.00000e+00     fixed    
  15  w_vw         1.43404e+01   constant   
  16  beta_vw      0.00000e+00     fixed    
  17  LM          -1.74374e-04   constant   
  18  zeta_y       0.00000e+00   constant   
  19  zeta_vw      0.00000e+00   constant   
  20  T_CBO        5.29677e+01   5.84845e+00  -1.16757e-04   1.51046e-02
  21  alpha_A0     1.00000e-02   1.83761e-02   7.41406e-04** at limit **
  22  beta_A0      1.99650e-03   2.96892e-03   7.90702e-04  -5.20591e-03
  23  alpha_phi   -9.46703e-04   3.18682e-03   2.16564e-03  -6.13990e-04
  24  beta_phi    -6.54897e-03   3.73239e-03  -1.85225e-03  -1.22974e-03
 MIGRAD MINIMIZATION HAS CONVERGED.
 FCN=52.4213 FROM MIGRAD    STATUS=CONVERGED     164 CALLS        1628 TOTAL
                     EDM=1.04536e-06    STRATEGY= 1  ERROR MATRIX UNCERTAINTY   2.2 per cent
  EXT PARAMETER                                   STEP         FIRST   
  NO.   NAME      VALUE            ERROR          SIZE      DERIVATIVE 
   1  N0           7.53890e+07   2.25668e+03   1.04860e+00  -1.83229e-07
   2  tau          6.44000e+01   constant   
   3  A0           3.53662e-01   4.14928e-05   8.06035e-09  -1.20753e+01
   4  phi          4.11954e+00   1.11054e-04  -9.46450e-08  -7.90786e+00
   5  R           -6.07615e+01   constant   
   6  alpha_CBO    7.16484e-04   4.35398e-05  -1.21855e-07   9.81335e-01
   7  w_CBO        2.32500e+00   constant   
   8  beta_CBO    -3.31239e-04   4.33226e-05  -5.34609e-09   3.97008e+00
   9  alpha_2CBO   1.85747e-05   4.28983e-05  -2.09235e-08  -7.21893e+00
  10  beta_2CBO    1.63779e-05     fixed    
  11  alpha_y      0.00000e+00     fixed    
  12  w_y          1.38860e+01   constant   
  13  beta_y       6.75215e-05     fixed    
  14  alpha_vw     0.00000e+00     fixed    
  15  w_vw         1.43404e+01   constant   
  16  beta_vw      0.00000e+00     fixed    
  17  LM          -1.74374e-04   constant   
  18  zeta_y       0.00000e+00   constant   
  19  zeta_vw      0.00000e+00   constant   
  20  T_CBO        5.26057e+01   6.09176e+00   5.47150e-05  -2.23581e-02
  21  alpha_A0     1.00000e-02   1.57818e-02  -4.42785e-06** at limit **
  22  beta_A0      2.37986e-03   3.45161e-03  -2.74909e-04  -1.95928e-03
  23  alpha_phi   -1.83797e-04   3.23043e-03   4.41029e-04   3.24982e-03
  24  beta_phi    -5.61165e-03   3.82789e-03   6.46706e-04  -1.83193e-03
 EXTERNAL ERROR MATRIX.    NDIM=  25    NPAR= 11    ERR DEF=1
  5.093e+06 
  1.288e-02  1.722e-09 
 -1.476e-02 -3.110e-10  1.233e-08 
 -1.222e-02 -2.320e-10 -3.275e-10  1.896e-09 
  4.437e-03  3.830e-10 -4.689e-10 -1.702e-11  1.877e-09 
  8.767e-03  7.536e-11 -1.795e-10 -2.219e-11 -2.282e-11  1.840e-09 
 -1.831e+03  2.246e-05  1.168e-05 -3.181e-05  1.742e-05 -3.280e-05  3.712e+01 
 -1.518e-06 -1.308e-14  1.055e-13  1.646e-13  1.624e-14  1.133e-14 -1.141e-08  1.474e-11 
 -3.381e-01 -9.660e-09  1.070e-08  1.392e-08 -2.725e-08  9.319e-09 -5.771e-03  2.312e-12  1.245e-05 
 -8.709e-01 -1.365e-08  4.728e-08  1.547e-08 -5.631e-09 -8.588e-09  1.658e-03 -4.298e-12 -2.892e-08  1.082e-05 
  2.605e-01 -1.797e-08  3.431e-08 -9.472e-09  3.321e-09 -2.651e-08  1.035e-02 -6.686e-12 -1.216e-06  2.071e-06  1.584e-05 
 PARAMETER  CORRELATION COEFFICIENTS  
       NO.  GLOBAL      1      3      4      6      8      9     20     21     22     23     24
        1  0.30263   1.000  0.138 -0.059 -0.124  0.045  0.091 -0.133 -0.000 -0.042 -0.117  0.029
        3  0.33810   0.138  1.000 -0.067 -0.128  0.213  0.042  0.089 -0.000 -0.066 -0.100 -0.109
        4  0.20100  -0.059 -0.067  1.000 -0.068 -0.097 -0.038  0.017  0.000  0.027  0.129  0.078
        6  0.25527  -0.124 -0.128 -0.068  1.000 -0.009 -0.012 -0.120  0.001  0.091  0.108 -0.055
        8  0.28491   0.045  0.213 -0.097 -0.009  1.000 -0.012  0.066  0.000 -0.178 -0.040  0.019
        9  0.19777   0.091  0.042 -0.038 -0.012 -0.012  1.000 -0.125  0.000  0.062 -0.061 -0.155
       20  0.53736  -0.133  0.089  0.017 -0.120  0.066 -0.125  1.000 -0.000 -0.268  0.083  0.427
       21  0.00123  -0.000 -0.000  0.000  0.001  0.000  0.000 -0.000  1.000  0.000 -0.000 -0.000
       22  0.32928  -0.042 -0.066  0.027  0.091 -0.178  0.062 -0.268  0.000  1.000 -0.002 -0.087
       23  0.26049  -0.117 -0.100  0.129  0.108 -0.040 -0.061  0.083 -0.000 -0.002  1.000  0.158
       24  0.49434   0.029 -0.109  0.078 -0.055  0.019 -0.155  0.427 -0.000 -0.087  0.158  1.000
MINUIT - FIT ONLY 1-y
 **********
 **   51 **RES 
 **********
                   PARAMETER   16  beta_vw RESTORED TO VARIABLE.
                   PARAMETER   14  alpha_vw RESTORED TO VARIABLE.
                   PARAMETER   13  beta_y RESTORED TO VARIABLE.
                   PARAMETER   11  alpha_y RESTORED TO VARIABLE.
                   PARAMETER   10  beta_2CBO RESTORED TO VARIABLE.
 **********
 **   52 **FIX            0
 **********
 PARAMETER    0  IS UNDEFINED. IGNORED.
 **********
 **   53 **FIX            1
 **********
 **********
 **   54 **FIX            2
 **********
 PARAMETER    2  IS CONSTANT.   IGNORED.
 **********
 **   55 **FIX            3
 **********
 **********
 **   56 **FIX            4
 **********
 **********
 **   57 **FIX            5
 **********
 PARAMETER    5  IS CONSTANT.   IGNORED.
 **********
 **   58 **FIX            6
 **********
 **********
 **   59 **FIX            7
 **********
 PARAMETER    7  IS CONSTANT.   IGNORED.
 **********
 **   60 **FIX            8
 **********
 **********
 **   61 **FIX            9
 **********
 **********
 **   62 **FIX           13
 **********
 **********
 **   63 **FIX           14
 **********
 **********
 **   64 **FIX           15
 **********
 PARAMETER   15  IS CONSTANT.   IGNORED.
 **********
 **   65 **FIX           16
 **********
 **********
 **   66 **MIGRAD
 **********
 START MIGRAD MINIMIZATION.  STRATEGY  1.  CONVERGENCE WHEN EDM .LT. 1.00e-04
 FCN=52.4212 FROM MIGRAD    STATUS=INITIATE       40 CALLS        1668 TOTAL
                     EDM= unknown      STRATEGY= 1      NO ERROR MATRIX       
  EXT PARAMETER               CURRENT GUESS       STEP         FIRST   
  NO.   NAME      VALUE            ERROR          SIZE      DERIVATIVE 
   1  N0           7.53890e+07     fixed    
   2  tau          6.44000e+01   constant   
   3  A0           3.53662e-01     fixed    
   4  phi          4.11954e+00     fixed    
   5  R           -6.07615e+01   constant   
   6  alpha_CBO    7.16484e-04     fixed    
   7  w_CBO        2.32500e+00   constant   
   8  beta_CBO    -3.31239e-04     fixed    
   9  alpha_2CBO   1.85747e-05     fixed    
  10  beta_2CBO    1.63779e-05   4.27522e-05   0.00000e+00  -2.44897e+04
  11  alpha_y      0.00000e+00   1.00000e-03   0.00000e+00  -1.18200e+05
  12  w_y          1.38860e+01   constant   
  13  beta_y       6.75215e-05     fixed    
  14  alpha_vw     0.00000e+00     fixed    
  15  w_vw         1.43404e+01   constant   
  16  beta_vw      0.00000e+00     fixed    
  17  LM          -1.74374e-04   constant   
  18  zeta_y       0.00000e+00   constant   
  19  zeta_vw      0.00000e+00   constant   
  20  T_CBO        5.26057e+01   6.09176e+00   0.00000e+00  -4.56991e-01
  21  alpha_A0     9.97913e-03   1.57818e-02  -6.26702e-02   4.29042e-05
  22  beta_A0      2.37986e-03   3.45161e-03   0.00000e+00  -2.37457e-03
  23  alpha_phi   -1.83797e-04   3.23043e-03   0.00000e+00   2.53607e-03
  24  beta_phi    -5.61165e-03   3.82789e-03   0.00000e+00  -3.53438e-03
 CALL LIMIT EXCEEDED IN MIGRAD.
 MIGRAD TERMINATED WITHOUT CONVERGENCE.
 FCN=45.9018 FROM MIGRAD    STATUS=CALL LIMIT   1153 CALLS        2781 TOTAL
                     EDM=0.00204204    STRATEGY= 1  ERROR MATRIX UNCERTAINTY  21.1 per cent
  EXT PARAMETER                APPROXIMATE        STEP         FIRST   
  NO.   NAME      VALUE            ERROR          SIZE      DERIVATIVE 
   1  N0           7.53890e+07     fixed    
   2  tau          6.44000e+01   constant   
   3  A0           3.53662e-01     fixed    
   4  phi          4.11954e+00     fixed    
   5  R           -6.07615e+01   constant   
   6  alpha_CBO    7.16484e-04     fixed    
   7  w_CBO        2.32500e+00   constant   
   8  beta_CBO    -3.31239e-04     fixed    
   9  alpha_2CBO   1.85747e-05     fixed    
  10  beta_2CBO    3.77085e-05   4.14620e-05   1.08848e-08   4.14667e+01
  11  alpha_y      1.04826e-04   4.13051e-05  -2.53992e-07   2.46036e+02
  12  w_y          1.38860e+01   constant   
  13  beta_y       6.75215e-05     fixed    
  14  alpha_vw     0.00000e+00     fixed    
  15  w_vw         1.43404e+01   constant   
  16  beta_vw      0.00000e+00     fixed    
  17  LM          -1.74374e-04   constant   
  18  zeta_y       0.00000e+00   constant   
  19  zeta_vw      0.00000e+00   constant   
  20  T_CBO        2.12881e+02   6.02279e+02   8.82588e-03   2.11066e-02
  21  alpha_A0     1.00606e-03   1.78047e-03  -7.25308e-04   3.18978e-01
  22  beta_A0      2.45380e-04   4.96387e-04   6.46102e-05   6.10145e-01
  23  alpha_phi   -3.90026e-06   4.24573e-04   4.10897e-05   2.28443e-01
  24  beta_phi    -5.73448e-04   1.02778e-03   1.91433e-04   1.18885e-01
 EXTERNAL ERROR MATRIX.    NDIM=  25    NPAR=  7    ERR DEF=1
  1.719e-09 -1.349e-11 -4.892e-04  5.183e-10 -1.974e-09  2.720e-09 -2.783e-09 
 -1.349e-11  1.706e-09 -2.222e-06  3.867e-10 -1.808e-10 -4.121e-10  2.575e-10 
 -4.892e-04 -2.222e-06  2.185e+05 -8.083e-01 -9.382e-02  1.319e-02  4.485e-01 
  5.183e-10  3.867e-10 -8.083e-01  3.204e-06  2.582e-07 -4.656e-08 -1.656e-06 
 -1.974e-09 -1.808e-10 -9.382e-02  2.582e-07  2.466e-07 -7.490e-08 -1.770e-07 
  2.720e-09 -4.121e-10  1.319e-02 -4.656e-08 -7.490e-08  1.804e-07  9.298e-09 
 -2.783e-09  2.575e-10  4.485e-01 -1.656e-06 -1.770e-07  9.298e-09  1.060e-06 
ERR MATRIX APPROXIMATE
 PARAMETER  CORRELATION COEFFICIENTS  
       NO.  GLOBAL     10     11     20     21     22     23     24
       10  0.22170   1.000 -0.008 -0.025  0.007 -0.096  0.154 -0.065
       11  0.03639  -0.008  1.000 -0.000  0.005 -0.009 -0.023  0.006
       20  0.98253  -0.025 -0.000  1.000 -0.966 -0.404  0.066  0.932
       21  0.97335   0.007  0.005 -0.966  1.000  0.290 -0.061 -0.899
       22  0.65394  -0.096 -0.009 -0.404  0.290  1.000 -0.355 -0.346
       23  0.41309   0.154 -0.023  0.066 -0.061 -0.355  1.000  0.021
       24  0.93392  -0.065  0.006  0.932 -0.899 -0.346  0.021  1.000
 ERR MATRIX APPROXIMATE
MINUIT - FIT ONLY 2-y
 **********
 **   67 **RES 
 **********
                   PARAMETER   16  beta_vw RESTORED TO VARIABLE.
                   PARAMETER   14  alpha_vw RESTORED TO VARIABLE.
                   PARAMETER   13  beta_y RESTORED TO VARIABLE.
                   PARAMETER    9  alpha_2CBO RESTORED TO VARIABLE.
                   PARAMETER    8  beta_CBO RESTORED TO VARIABLE.
                   PARAMETER    6  alpha_CBO RESTORED TO VARIABLE.
                   PARAMETER    4  phi RESTORED TO VARIABLE.
                   PARAMETER    3  A0 RESTORED TO VARIABLE.
                   PARAMETER    1  N0 RESTORED TO VARIABLE.
 **********
 **   68 **FIX            0
 **********
 PARAMETER    0  IS UNDEFINED. IGNORED.
 **********
 **   69 **FIX            1
 **********
 **********
 **   70 **FIX            2
 **********
 PARAMETER    2  IS CONSTANT.   IGNORED.
 **********
 **   71 **FIX            3
 **********
 **********
 **   72 **FIX            4
 **********
 **********
 **   73 **FIX            5
 **********
 PARAMETER    5  IS CONSTANT.   IGNORED.
 **********
 **   74 **FIX            6
 **********
 **********
 **   75 **FIX            7
 **********
 PARAMETER    7  IS CONSTANT.   IGNORED.
 **********
 **   76 **FIX            8
 **********
 **********
 **   77 **FIX            9
 **********
 **********
 **   78 **FIX           10
 **********
 **********
 **   79 **FIX           11
 **********
 **********
 **   80 **FIX           12
 **********
 PARAMETER   12  IS CONSTANT.   IGNORED.
 **********
 **   81 **FIX           16
 **********
 **********
 **   82 **MIGRAD
 **********
 START MIGRAD MINIMIZATION.  STRATEGY  1.  CONVERGENCE WHEN EDM .LT. 1.00e-04
 FCN=45.9018 FROM MIGRAD    STATUS=INITIATE       16 CALLS        2797 TOTAL
                     EDM= unknown      STRATEGY= 1      NO ERROR MATRIX       
  EXT PARAMETER               CURRENT GUESS       STEP         FIRST   
  NO.   NAME      VALUE            ERROR          SIZE      DERIVATIVE 
   1  N0           7.53890e+07     fixed    
   2  tau          6.44000e+01   constant   
   3  A0           3.53662e-01     fixed    
   4  phi          4.11954e+00     fixed    
   5  R           -6.07615e+01   constant   
   6  alpha_CBO    7.16484e-04     fixed    
   7  w_CBO        2.32500e+00   constant   
   8  beta_CBO    -3.31239e-04     fixed    
   9  alpha_2CBO   1.85747e-05     fixed    
  10  beta_2CBO    3.77085e-05     fixed    
  11  alpha_y      1.04826e-04     fixed    
  12  w_y          1.38860e+01   constant   
  13  beta_y       6.75215e-05   4.14774e-05   4.14774e-05  -3.31158e+03
  14  alpha_vw     0.00000e+00   1.00000e-03   1.00000e-03   9.27559e+03
  15  w_vw         1.43404e+01   constant   
  16  beta_vw      0.00000e+00     fixed    
  17  LM          -1.74374e-04   constant   
  18  zeta_y       0.00000e+00   constant   
  19  zeta_vw      0.00000e+00   constant   
  20  T_CBO        2.12881e+02   6.02279e+02   8.82588e-03   2.11058e-02
  21  alpha_A0     1.00606e-03   1.78047e-03  -7.25308e-04   3.18979e-01
  22  beta_A0      2.45380e-04   4.96387e-04   6.46102e-05   6.10145e-01
  23  alpha_phi   -3.90026e-06   4.24573e-04   4.10897e-05   2.28443e-01
  24  beta_phi    -5.73448e-04   1.02778e-03   1.91433e-04   1.18885e-01
 MIGRAD MINIMIZATION HAS CONVERGED.
 MIGRAD WILL VERIFY CONVERGENCE AND ERROR MATRIX.
 COVARIANCE MATRIX CALCULATED SUCCESSFULLY
 FCN=45.8376 FROM MIGRAD    STATUS=CONVERGED     741 CALLS        3522 TOTAL
                     EDM=1.2473e-05    STRATEGY= 1      ERROR MATRIX ACCURATE 
  EXT PARAMETER                                   STEP         FIRST   
  NO.   NAME      VALUE            ERROR          SIZE      DERIVATIVE 
   1  N0           7.53890e+07     fixed    
   2  tau          6.44000e+01   constant   
   3  A0           3.53662e-01     fixed    
   4  phi          4.11954e+00     fixed    
   5  R           -6.07615e+01   constant   
   6  alpha_CBO    7.16484e-04     fixed    
   7  w_CBO        2.32500e+00   constant   
   8  beta_CBO    -3.31239e-04     fixed    
   9  alpha_2CBO   1.85747e-05     fixed    
  10  beta_2CBO    3.77085e-05     fixed    
  11  alpha_y      1.04826e-04     fixed    
  12  w_y          1.38860e+01   constant   
  13  beta_y       7.24521e-05   4.26213e-05   1.38635e-07   2.01460e+00
  14  alpha_vw    -9.14937e-06   4.27953e-05   1.39221e-07  -1.42022e+00
  15  w_vw         1.43404e+01   constant   
  16  beta_vw      0.00000e+00     fixed    
  17  LM          -1.74374e-04   constant   
  18  zeta_y       0.00000e+00   constant   
  19  zeta_vw      0.00000e+00   constant   
  20  T_CBO        9.97600e+02   7.37650e+02   6.58737e-02  -1.85760e-04
  21  alpha_A0     5.54937e-04   2.07731e-04   6.43821e-05   9.76849e-04
  22  beta_A0      1.35797e-04   1.83628e-04   6.08869e-05   1.28052e-02
  23  alpha_phi   -2.32203e-06   1.83206e-04   6.08483e-05  -2.01535e-02
  24  beta_phi    -3.18410e-04   1.99117e-04   6.43984e-05   1.14879e-01
 EXTERNAL ERROR MATRIX.    NDIM=  25    NPAR=  7    ERR DEF=1
  1.817e-09 -4.148e-10 -1.786e-06 -4.532e-12 -5.015e-11 -1.416e-10 -2.284e-10 
 -4.148e-10  1.831e-09  1.095e-05  1.004e-10  6.334e-11 -2.903e-11  1.872e-10 
 -1.786e-06  1.095e-05  1.689e+06 -1.003e-01 -2.394e-02  4.855e-04  5.739e-02 
 -4.532e-12  1.004e-10 -1.003e-01  4.316e-08  1.199e-09 -4.705e-10 -6.149e-09 
 -5.015e-11  6.334e-11 -2.394e-02  1.199e-09  3.372e-08 -2.045e-09  6.190e-10 
 -1.416e-10 -2.903e-11  4.855e-04 -4.705e-10 -2.045e-09  3.357e-08  3.177e-09 
 -2.284e-10  1.872e-10  5.739e-02 -6.149e-09  6.190e-10  3.177e-09  3.965e-08 
 PARAMETER  CORRELATION COEFFICIENTS  
       NO.  GLOBAL     13     14     20     21     22     23     24
       13  0.22922   1.000 -0.227 -0.000 -0.001 -0.006 -0.018 -0.027
       14  0.22865  -0.227  1.000  0.000  0.011  0.008 -0.004  0.022
       20  0.41875  -0.000  0.000  1.000 -0.371 -0.100  0.002  0.222
       21  0.37780  -0.001  0.011 -0.371  1.000  0.031 -0.012 -0.149
       22  0.12612  -0.006  0.008 -0.100  0.031  1.000 -0.061  0.017
       23  0.11152  -0.018 -0.004  0.002 -0.012 -0.061  1.000  0.087
       24  0.25401  -0.027  0.022  0.222 -0.149  0.017  0.087  1.000
MINUIT - FIT ALTOGETHER
 **********
 **   83 **RES 
 **********
                   PARAMETER   16  beta_vw RESTORED TO VARIABLE.
                   PARAMETER   11  alpha_y RESTORED TO VARIABLE.
