 + ++++++++++++++++++++++++++++++++++++++++++++++++++++++++++++++++++++ +
 +                                                                      +
 +           You have chose to blind your fitting according to          +
 +                omega_ref * (1 + (R +/- deltaR) *10^{-6})             +
 +                                                                      +
 + ++++++++++++++++++++++++++++++++++++++++++++++++++++++++++++++++++++ +
In main()...
reading format from /gm2data/zkhechad/run45/envelope/formats/formatB_sBin_constraintOn.txt
pBinTau 	= 0  
pBinPhi 	= 0  
constraintau 	= 1 
includeMopTerm 	= 0    
constrainMop    = 0   
Parameters after format file: pBinTau 0 pBinPhi 0 constraintau 1 includeMopTerm 0 constrainMop 0 c_e_scale 0.000000 
Opening file /gm2data/tbarrett/gm2fr/studies/run23_bunch_corrections/CorrectedFourier_Run3b.root.
reading full fit data from /gm2data/zkhechad/cboTemplates/Run4CBOTemplates/templateFits0_v2.0/noRF/sBin_constraintOn_cE0.0_seed0_noRF_calo12.root
windowBins = 17
fitting sliding window 486 from bin 622 at 92.653200 to bin 639 at 95.338800 (17 bins)

Reading data from /gm2data/cornell/histograms/aMethod/histogram_a_noRF.root
 **********
 **    1 **SET PRINTOUT            1
 **********
 **********
 **    2 **SET NOWARNINGS 
 **********
 PARAMETER DEFINITIONS:
    NO.   NAME         VALUE      STEP SIZE      LIMITS
     1 N0           3.55039e+06  1.00000e+02     no limits
     2 tau          6.43775e+01  constant
     3 A0           3.53586e-01  1.00000e-04     no limits
     4 phi          4.11784e+00  1.00000e-02     no limits
     5 R           -5.99595e+01  constant
     6 alpha_CBO    0.00000e+00  1.00000e-03     no limits
     7 w_CBO        2.32500e+00  constant
     8 beta_CBO     0.00000e+00  1.00000e-03     no limits
     9 alpha_2CBO   0.00000e+00  1.00000e-03     no limits
    10 beta_2CBO    0.00000e+00  1.00000e-03     no limits
    11 alpha_y      0.00000e+00  1.00000e-03     no limits
    12 w_y          1.44500e+01  constant
    13 beta_y       0.00000e+00  1.00000e-03     no limits
    14 alpha_vw     0.00000e+00  1.00000e-03     no limits
    15 w_vw         1.29000e+01  constant
    16 beta_vw      0.00000e+00  1.00000e-03     no limits
    17 LM          -9.22867e-04  constant
    18 zeta_y       0.00000e+00  constant
    19 zeta_vw      0.00000e+00  constant
    20 T_CBO        1.00000e+02  1.00000e+00    0.00000e+00  1.00000e+03
    21 alpha_A0     0.00000e+00  1.00000e-03     no limits
    22 beta_A0      0.00000e+00  1.00000e-03     no limits
    23 alpha_phi    0.00000e+00  1.00000e-03     no limits
    24 beta_phi     0.00000e+00  1.00000e-03     no limits
MINUIT - FIT ONLY WIGGLE
 **********
 **    3 **FIX            5
 **********
 PARAMETER    5  IS CONSTANT.   IGNORED.
 **********
 **    4 **FIX            6
 **********
 **********
 **    5 **FIX            7
 **********
 PARAMETER    7  IS CONSTANT.   IGNORED.
 **********
 **    6 **FIX            8
 **********
 **********
 **    7 **FIX            9
 **********
 **********
 **    8 **FIX           10
 **********
 **********
 **    9 **FIX           11
 **********
 **********
 **   10 **FIX           12
 **********
 PARAMETER   12  IS CONSTANT.   IGNORED.
 **********
 **   11 **FIX           13
 **********
 **********
 **   12 **FIX           14
 **********
 **********
 **   13 **FIX           15
 **********
 PARAMETER   15  IS CONSTANT.   IGNORED.
 **********
 **   14 **FIX           16
 **********
 **********
 **   15 **MIGRAD
 **********
 FIRST CALL TO USER FUNCTION AT NEW START POINT, WITH IFLAG=4.
 START MIGRAD MINIMIZATION.  STRATEGY  1.  CONVERGENCE WHEN EDM .LT. 1.00e-04
 FCN=559.597 FROM MIGRAD    STATUS=INITIATE      437 CALLS         438 TOTAL
                     EDM= unknown      STRATEGY= 1      NO ERROR MATRIX       
  EXT PARAMETER               CURRENT GUESS       STEP         FIRST   
  NO.   NAME      VALUE            ERROR          SIZE      DERIVATIVE 
   1  N0           3.55039e+06   1.00000e+02   0.00000e+00  -2.23132e-02
   2  tau          6.43775e+01   constant   
   3  A0           3.53586e-01   1.00000e-04   0.00000e+00  -1.45651e+05
   4  phi          4.11784e+00   1.00000e-02   0.00000e+00   3.96233e+03
   5  R           -5.99595e+01   constant   
   6  alpha_CBO    0.00000e+00     fixed    
   7  w_CBO        2.32500e+00   constant   
   8  beta_CBO     0.00000e+00     fixed    
   9  alpha_2CBO   0.00000e+00     fixed    
  10  beta_2CBO    0.00000e+00     fixed    
  11  alpha_y      0.00000e+00     fixed    
  12  w_y          1.44500e+01   constant   
  13  beta_y       0.00000e+00     fixed    
  14  alpha_vw     0.00000e+00     fixed    
  15  w_vw         1.29000e+01   constant   
  16  beta_vw      0.00000e+00     fixed    
  17  LM          -9.22867e-04   constant   
  18  zeta_y       0.00000e+00   constant   
  19  zeta_vw      0.00000e+00   constant   
  20  T_CBO        1.00000e+02   1.00000e+00   0.00000e+00   0.00000e+00
  21  alpha_A0     0.00000e+00   1.00000e-03   0.00000e+00   7.32927e+03
  22  beta_A0      0.00000e+00   1.00000e-03   0.00000e+00  -1.05288e+04
  23  alpha_phi    0.00000e+00   1.00000e-03   0.00000e+00  -2.57650e+03
  24  beta_phi     0.00000e+00   1.00000e-03   0.00000e+00   4.13352e+03
 CALL LIMIT EXCEEDED IN MIGRAD.
 MIGRAD TERMINATED WITHOUT CONVERGENCE.
 FCN=10.4037 FROM MIGRAD    STATUS=CALL LIMIT   1322 CALLS        1323 TOTAL
                     EDM=0.0226201    STRATEGY= 1  ERROR MATRIX UNCERTAINTY   7.6 per cent
  EXT PARAMETER                APPROXIMATE        STEP         FIRST   
  NO.   NAME      VALUE            ERROR          SIZE      DERIVATIVE 
   1  N0           3.61038e+06   1.30090e+04  -1.42640e+03   1.76086e-04
   2  tau          6.43775e+01   constant   
   3  A0           3.86465e-01   1.80610e-03  -1.17442e-04  -1.38013e+02
   4  phi          4.10331e+00   7.54932e-03   8.93832e-04  -4.26501e+01
   5  R           -5.99595e+01   constant   
   6  alpha_CBO    0.00000e+00     fixed    
   7  w_CBO        2.32500e+00   constant   
   8  beta_CBO     0.00000e+00     fixed    
   9  alpha_2CBO   0.00000e+00     fixed    
  10  beta_2CBO    0.00000e+00     fixed    
  11  alpha_y      0.00000e+00     fixed    
  12  w_y          1.44500e+01   constant   
  13  beta_y       0.00000e+00     fixed    
  14  alpha_vw     0.00000e+00     fixed    
  15  w_vw         1.29000e+01   constant   
  16  beta_vw      0.00000e+00     fixed    
  17  LM          -9.22867e-04   constant   
  18  zeta_y       0.00000e+00   constant   
  19  zeta_vw      0.00000e+00   constant   
  20  T_CBO        6.71485e+01   5.12461e-01  -5.90886e-05  -6.57510e+01
  21  alpha_A0     1.36746e-02   4.37811e-02   5.11260e-03   2.51720e+01
  22  beta_A0     -5.01214e-01   5.72034e-02   5.71931e-03  -1.68243e+00
  23  alpha_phi   -5.38160e-01   6.24065e-02   5.99598e-03   2.51956e+01
  24  beta_phi     1.83797e-02   5.51644e-02  -6.40717e-03   4.29676e-01
 EXTERNAL ERROR MATRIX.    NDIM=  25    NPAR=  8    ERR DEF=1
  1.692e+08  1.794e+01 -8.613e+01 -6.311e+02 -5.021e+02 -7.232e+02 -7.800e+02  6.610e+02 
  1.794e+01  3.262e-06 -6.097e-06 -4.865e-04 -3.226e-05 -9.146e-05 -1.016e-04  5.012e-05 
 -8.613e+01 -6.097e-06  5.699e-05 -5.138e-04  3.269e-04  3.423e-04  3.463e-04 -4.125e-04 
 -6.311e+02 -4.865e-04 -5.138e-04  2.626e-01 -4.786e-03  8.239e-03  9.785e-03  2.872e-03 
 -5.021e+02 -3.226e-05  3.269e-04 -4.786e-03  1.917e-03  1.941e-03  1.978e-03 -2.388e-03 
 -7.232e+02 -9.146e-05  3.423e-04  8.239e-03  1.941e-03  3.272e-03  3.537e-03 -2.653e-03 
 -7.800e+02 -1.016e-04  3.463e-04  9.785e-03  1.978e-03  3.537e-03  3.895e-03 -2.729e-03 
  6.610e+02  5.012e-05 -4.125e-04  2.872e-03 -2.388e-03 -2.653e-03 -2.729e-03  3.043e-03 
ERR MATRIX APPROXIMATE
 PARAMETER  CORRELATION COEFFICIENTS  
       NO.  GLOBAL      1      3      4     20     21     22     23     24
        1  0.99965   1.000  0.764 -0.877 -0.095 -0.882 -0.972 -0.961  0.921
        3  0.99838   0.764  1.000 -0.447 -0.526 -0.408 -0.885 -0.902  0.503
        4  0.99884  -0.877 -0.447  1.000 -0.133  0.989  0.793  0.735 -0.991
       20  0.92464  -0.095 -0.526 -0.133  1.000 -0.213  0.281  0.306  0.102
       21  0.99917  -0.882 -0.408  0.989 -0.213  1.000  0.775  0.724 -0.989
       22  0.99966  -0.972 -0.885  0.793  0.281  0.775  1.000  0.991 -0.841
       23  0.99913  -0.961 -0.902  0.735  0.306  0.724  0.991  1.000 -0.793
       24  0.99939   0.921  0.503 -0.991  0.102 -0.989 -0.841 -0.793  1.000
 ERR MATRIX APPROXIMATE
MINUIT - FIT ONLY 1-CBO + wiggle
 **********
 **   16 **RES 
 **********
                   PARAMETER   16  beta_vw RESTORED TO VARIABLE.
                   PARAMETER   14  alpha_vw RESTORED TO VARIABLE.
                   PARAMETER   13  beta_y RESTORED TO VARIABLE.
                   PARAMETER   11  alpha_y RESTORED TO VARIABLE.
                   PARAMETER   10  beta_2CBO RESTORED TO VARIABLE.
                   PARAMETER    9  alpha_2CBO RESTORED TO VARIABLE.
                   PARAMETER    8  beta_CBO RESTORED TO VARIABLE.
                   PARAMETER    6  alpha_CBO RESTORED TO VARIABLE.
 **********
 **   17 **FIX            8
 **********
 **********
 **   18 **FIX            9
 **********
 **********
 **   19 **FIX           11
 **********
 **********
 **   20 **FIX           12
 **********
 PARAMETER   12  IS CONSTANT.   IGNORED.
 **********
 **   21 **FIX           14
 **********
 **********
 **   22 **FIX           15
 **********
 PARAMETER   15  IS CONSTANT.   IGNORED.
 **********
 **   23 **FIX           16
 **********
 **********
 **   24 **MIGRAD
 **********
 START MIGRAD MINIMIZATION.  STRATEGY  1.  CONVERGENCE WHEN EDM .LT. 1.00e-04
 FCN=10.4037 FROM MIGRAD    STATUS=INITIATE       28 CALLS        1351 TOTAL
                     EDM= unknown      STRATEGY= 1      NO ERROR MATRIX       
  EXT PARAMETER               CURRENT GUESS       STEP         FIRST   
  NO.   NAME      VALUE            ERROR          SIZE      DERIVATIVE 
   1  N0           3.61038e+06   1.30090e+04  -1.42640e+03   1.76086e-04
   2  tau          6.43775e+01   constant   
   3  A0           3.86465e-01   1.80610e-03  -1.17442e-04  -1.38013e+02
   4  phi          4.10331e+00   7.54932e-03   8.93832e-04  -4.26501e+01
   5  R           -5.99595e+01   constant   
   6  alpha_CBO    0.00000e+00   1.00000e-03   1.00000e-03   4.89466e+02
   7  w_CBO        2.32500e+00   constant   
   8  beta_CBO     0.00000e+00     fixed    
   9  alpha_2CBO   0.00000e+00     fixed    
  10  beta_2CBO    0.00000e+00   1.00000e-03   1.00000e-03   3.50784e+03
  11  alpha_y      0.00000e+00     fixed    
  12  w_y          1.44500e+01   constant   
  13  beta_y       0.00000e+00   1.00000e-03   1.00000e-03  -8.46880e+03
  14  alpha_vw     0.00000e+00     fixed    
  15  w_vw         1.29000e+01   constant   
  16  beta_vw      0.00000e+00     fixed    
  17  LM          -9.22867e-04   constant   
  18  zeta_y       0.00000e+00   constant   
  19  zeta_vw      0.00000e+00   constant   
  20  T_CBO        6.71485e+01   5.12461e-01  -5.90886e-05  -6.57510e+01
  21  alpha_A0     1.36746e-02   4.37811e-02   5.11260e-03   2.51720e+01
  22  beta_A0     -5.01214e-01   5.72034e-02   5.71931e-03  -1.68243e+00
  23  alpha_phi   -5.38160e-01   6.24065e-02   5.99598e-03   2.51956e+01
  24  beta_phi     1.83797e-02   5.51644e-02  -6.40717e-03   4.29676e-01
 MIGRAD MINIMIZATION HAS CONVERGED.
 MIGRAD WILL VERIFY CONVERGENCE AND ERROR MATRIX.
 FCN=8.21934 FROM HESSE     STATUS=NOT POSDEF    100 CALLS        1769 TOTAL
                     EDM=0.000611602    STRATEGY= 1      ERR MATRIX NOT POS-DEF
  EXT PARAMETER                APPROXIMATE        STEP         FIRST   
  NO.   NAME      VALUE            ERROR          SIZE      DERIVATIVE 
   1  N0           3.61560e+06   5.90369e+03   1.72405e+00  -1.53830e-06
   2  tau          6.43775e+01   constant   
   3  A0           3.87373e-01   2.97637e-03   4.08319e-07   3.56431e+00
   4  phi          4.10205e+00   4.69388e-03   1.95601e-06   3.61677e+00
   5  R           -5.99595e+01   constant   
   6  alpha_CBO    1.42056e-03   2.55465e-03   3.25803e-07   1.78437e-01
   7  w_CBO        2.32500e+00   constant   
   8  beta_CBO     0.00000e+00     fixed    
   9  alpha_2CBO   0.00000e+00     fixed    
  10  beta_2CBO   -8.21252e-04   6.64634e-04   3.26851e-07   1.53501e-01
  11  alpha_y      0.00000e+00     fixed    
  12  w_y          1.44500e+01   constant   
  13  beta_y       2.36932e-04   2.32472e-04   3.27258e-07   1.99011e+00
  14  alpha_vw     0.00000e+00     fixed    
  15  w_vw         1.29000e+01   constant   
  16  beta_vw      0.00000e+00     fixed    
  17  LM          -9.22867e-04   constant   
  18  zeta_y       0.00000e+00   constant   
  19  zeta_vw      0.00000e+00   constant   
  20  T_CBO        6.89062e+01   3.26516e+00   1.40567e-06   9.94800e-01
  21  alpha_A0     2.46142e-02   3.06236e-02   4.06425e-06   4.20717e-01
  22  beta_A0     -5.05801e-01   3.24508e-02   4.61389e-06  -3.33907e-01
  23  alpha_phi   -5.69668e-01   4.04937e-02   5.43958e-06  -1.41775e-02
  24  beta_phi     3.18023e-02   3.15397e-02   5.84005e-06  -3.73050e-01
 MIGRAD MINIMIZATION HAS CONVERGED.
 MIGRAD WILL VERIFY CONVERGENCE AND ERROR MATRIX.
 COVARIANCE MATRIX CALCULATED SUCCESSFULLY
 FCN=7.60949 FROM MIGRAD    STATUS=CONVERGED    1547 CALLS        2870 TOTAL
                     EDM=3.98092e-05    STRATEGY= 1      ERROR MATRIX ACCURATE 
  EXT PARAMETER                                   STEP         FIRST   
  NO.   NAME      VALUE            ERROR          SIZE      DERIVATIVE 
   1  N0           3.66119e+06   6.30113e+04   1.74579e+00   7.27109e-06
   2  tau          6.43775e+01   constant   
   3  A0           3.56396e-01   2.07185e-02   3.81691e-07   6.00472e+00
   4  phi          4.02242e+00   7.44262e-02   1.91804e-06  -1.73553e+00
   5  R           -5.99595e+01   constant   
   6  alpha_CBO    2.33153e-02   2.17207e-02   3.15419e-07   6.52090e+00
   7  w_CBO        2.32500e+00   constant   
   8  beta_CBO     0.00000e+00     fixed    
   9  alpha_2CBO   0.00000e+00     fixed    
  10  beta_2CBO   -7.23153e-03   7.60485e-03   3.16271e-07   6.36337e+00
  11  alpha_y      0.00000e+00     fixed    
  12  w_y          1.44500e+01   constant   
  13  beta_y       2.32038e-04   2.49179e-04   3.16241e-07  -3.88292e+00
  14  alpha_vw     0.00000e+00     fixed    
  15  w_vw         1.29000e+01   constant   
  16  beta_vw      0.00000e+00     fixed    
  17  LM          -9.22867e-04   constant   
  18  zeta_y       0.00000e+00   constant   
  19  zeta_vw      0.00000e+00   constant   
  20  T_CBO        6.78351e+01   5.42659e+01   9.42478e-07  -5.61783e+00
  21  alpha_A0    -2.69254e-01   3.69358e-01   4.24024e-06   7.72801e-01
  22  beta_A0     -3.98559e-01   4.59501e-01   4.93101e-06   3.82425e-01
  23  alpha_phi   -7.02260e-01   7.98075e-01   5.75848e-06   8.13006e-01
  24  beta_phi     5.64043e-01   7.51108e-01   6.03051e-06  -2.97111e-01
 EXTERNAL ERROR MATRIX.    NDIM=  25    NPAR= 11    ERR DEF=1
  3.970e+09 
 -1.146e+03  4.293e-04 
 -4.491e+03  1.505e-03  5.539e-03 
  1.170e+03 -4.397e-04 -1.553e-03  4.718e-04 
 -4.539e+02  1.527e-04  5.619e-04 -1.607e-04  5.783e-05 
  6.014e-01  4.736e-07  9.535e-07 -8.272e-07  1.203e-07  6.209e-08 
  4.954e+05 -1.408e-01 -5.772e-01  1.467e-01 -5.529e-02  2.532e-04  2.992e+03 
 -1.394e+04  4.143e-03  1.579e-02 -3.989e-03  1.575e-03 -3.634e-06  1.403e+01  1.364e-01 
  4.976e+03 -2.299e-03 -7.608e-03  2.342e-03 -7.445e-04 -2.666e-06  2.464e+01  1.104e-01  2.111e-01 
 -8.147e+03  2.763e-03  9.984e-03 -3.143e-03  1.111e-03  9.241e-06  4.135e+01  2.531e-01  3.344e-01  6.369e-01 
  2.626e+04 -8.520e-03 -3.148e-02  8.674e-03 -3.219e-03 -3.933e-06 -3.017e+01 -2.733e-01 -2.331e-01 -5.409e-01  5.642e-01 
 PARAMETER  CORRELATION COEFFICIENTS  
       NO.  GLOBAL      1      3      4      6     10     13     20     21     22     23     24
        1  0.99996   1.000 -0.878 -0.958  0.855 -0.947  0.038  0.144 -0.599  0.172 -0.162  0.555
        3  0.99992  -0.878  1.000  0.976 -0.977  0.969  0.092 -0.124  0.541 -0.242  0.167 -0.548
        4  0.99997  -0.958  0.976  1.000 -0.961  0.993  0.051 -0.142  0.575 -0.222  0.168 -0.563
        6  0.99995   0.855 -0.977 -0.961  1.000 -0.973 -0.153  0.123 -0.497  0.235 -0.181  0.532
       10  0.99958  -0.947  0.969  0.993 -0.973  1.000  0.063 -0.133  0.561 -0.213  0.183 -0.564
       13  0.46402   0.038  0.092  0.051 -0.153  0.063  1.000  0.019 -0.039 -0.023  0.046 -0.021
       20  1.00000   0.144 -0.124 -0.142  0.123 -0.133  0.019  1.000  0.694  0.980  0.947 -0.734
       21  0.99997  -0.599  0.541  0.575 -0.497  0.561 -0.039  0.694  1.000  0.650  0.859 -0.985
       22  0.99997   0.172 -0.242 -0.222  0.235 -0.213 -0.023  0.980  0.650  1.000  0.912 -0.675
       23  0.99999  -0.162  0.167  0.168 -0.181  0.183  0.046  0.947  0.859  0.912  1.000 -0.902
       24  0.99998   0.555 -0.548 -0.563  0.532 -0.564 -0.021 -0.734 -0.985 -0.675 -0.902  1.000
MINUIT - FIT ONLY 2-CBO
 **********
 **   25 **RES 
 **********
                   PARAMETER   16  beta_vw RESTORED TO VARIABLE.
                   PARAMETER   14  alpha_vw RESTORED TO VARIABLE.
                   PARAMETER   11  alpha_y RESTORED TO VARIABLE.
                   PARAMETER    9  alpha_2CBO RESTORED TO VARIABLE.
                   PARAMETER    8  beta_CBO RESTORED TO VARIABLE.
 **********
 **   26 **FIX            0
 **********
 PARAMETER    0  IS UNDEFINED. IGNORED.
 **********
 **   27 **FIX            1
 **********
 **********
 **   28 **FIX            2
 **********
 PARAMETER    2  IS CONSTANT.   IGNORED.
 **********
 **   29 **FIX            3
 **********
 **********
 **   30 **FIX            4
 **********
 **********
 **   31 **FIX            5
 **********
 PARAMETER    5  IS CONSTANT.   IGNORED.
 **********
 **   32 **FIX            6
 **********
 **********
 **   33 **FIX            7
 **********
 PARAMETER    7  IS CONSTANT.   IGNORED.
 **********
 **   34 **FIX           10
 **********
 **********
 **   35 **FIX           11
 **********
 **********
 **   36 **FIX           12
 **********
 PARAMETER   12  IS CONSTANT.   IGNORED.
 **********
 **   37 **FIX           13
 **********
 **********
 **   38 **FIX           14
 **********
 **********
 **   39 **FIX           15
 **********
 PARAMETER   15  IS CONSTANT.   IGNORED.
 **********
 **   40 **FIX           16
 **********
 **********
 **   41 **MIGRAD
 **********
 START MIGRAD MINIMIZATION.  STRATEGY  1.  CONVERGENCE WHEN EDM .LT. 1.00e-04
 FCN=7.60949 FROM MIGRAD    STATUS=INITIATE       18 CALLS        2888 TOTAL
                     EDM= unknown      STRATEGY= 1      NO ERROR MATRIX       
  EXT PARAMETER               CURRENT GUESS       STEP         FIRST   
  NO.   NAME      VALUE            ERROR          SIZE      DERIVATIVE 
   1  N0           3.66119e+06     fixed    
   2  tau          6.43775e+01   constant   
   3  A0           3.56396e-01     fixed    
   4  phi          4.02242e+00     fixed    
   5  R           -5.99595e+01   constant   
   6  alpha_CBO    2.33153e-02     fixed    
   7  w_CBO        2.32500e+00   constant   
   8  beta_CBO     0.00000e+00   1.00000e-03   1.00000e-03   3.07455e+01
   9  alpha_2CBO   0.00000e+00   1.00000e-03   1.00000e-03  -2.29291e+02
  10  beta_2CBO   -7.23153e-03     fixed    
  11  alpha_y      0.00000e+00     fixed    
  12  w_y          1.44500e+01   constant   
  13  beta_y       2.32038e-04     fixed    
  14  alpha_vw     0.00000e+00     fixed    
  15  w_vw         1.29000e+01   constant   
  16  beta_vw      0.00000e+00     fixed    
  17  LM          -9.22867e-04   constant   
  18  zeta_y       0.00000e+00   constant   
  19  zeta_vw      0.00000e+00   constant   
  20  T_CBO        6.78351e+01   5.42659e+01   9.42478e-07  -5.61780e+00
  21  alpha_A0    -2.69254e-01   3.69358e-01   4.24024e-06   7.72791e-01
  22  beta_A0     -3.98559e-01   4.59501e-01   4.93101e-06   3.82430e-01
  23  alpha_phi   -7.02260e-01   7.98075e-01   5.75848e-06   8.13006e-01
  24  beta_phi     5.64043e-01   7.51108e-01   6.03051e-06  -2.97111e-01
 MIGRAD MINIMIZATION HAS CONVERGED.
 MIGRAD WILL VERIFY CONVERGENCE AND ERROR MATRIX.
 FCN=7.60212 FROM MIGRAD    STATUS=CONVERGED     166 CALLS        3036 TOTAL
                     EDM=5.59956e-08    STRATEGY= 1      ERR MATRIX NOT POS-DEF
  EXT PARAMETER                APPROXIMATE        STEP         FIRST   
  NO.   NAME      VALUE            ERROR          SIZE      DERIVATIVE 
   1  N0           3.66119e+06     fixed    
   2  tau          6.43775e+01   constant   
   3  A0           3.56396e-01     fixed    
   4  phi          4.02242e+00     fixed    
   5  R           -5.99595e+01   constant   
   6  alpha_CBO    2.33153e-02     fixed    
   7  w_CBO        2.32500e+00   constant   
   8  beta_CBO     7.58239e-05   9.20082e-04   3.35309e-07  -1.83212e-01
   9  alpha_2CBO   7.39330e-05   7.91881e-04   3.34306e-07  -3.12812e-01
  10  beta_2CBO   -7.23153e-03     fixed    
  11  alpha_y      0.00000e+00     fixed    
  12  w_y          1.44500e+01   constant   
  13  beta_y       2.32038e-04     fixed    
  14  alpha_vw     0.00000e+00     fixed    
  15  w_vw         1.29000e+01   constant   
  16  beta_vw      0.00000e+00     fixed    
  17  LM          -9.22867e-04   constant   
  18  zeta_y       0.00000e+00   constant   
  19  zeta_vw      0.00000e+00   constant   
  20  T_CBO        6.78229e+01   2.40397e+00   9.42583e-07   2.79375e-02
  21  alpha_A0    -2.69710e-01   1.43013e-02   4.23962e-06  -1.68392e-02
  22  beta_A0     -3.97604e-01   2.26800e-02   4.93152e-06   2.55464e-02
  23  alpha_phi   -7.03313e-01   3.68022e-02   5.75712e-06  -1.78050e-02
  24  beta_phi     5.62481e-01   3.27020e-02   6.02861e-06   9.00546e-03
 EXTERNAL ERROR MATRIX.    NDIM=  25    NPAR=  7    ERR DEF=1
  8.466e-07  6.534e-07 -1.340e-04 -4.508e-06  9.876e-06 -1.021e-05 -1.564e-05 
  6.534e-07  6.271e-07 -9.940e-05 -3.851e-06  8.229e-06 -8.819e-06 -1.338e-05 
 -1.340e-04 -9.940e-05  5.779e+00  3.185e-02  4.544e-02  8.478e-02 -6.309e-02 
 -4.508e-06 -3.851e-06  3.185e-02  2.045e-04  1.992e-04  5.008e-04 -2.671e-04 
  9.876e-06  8.229e-06  4.544e-02  1.992e-04  5.144e-04  5.566e-04 -7.273e-04 
 -1.021e-05 -8.819e-06  8.478e-02  5.008e-04  5.566e-04  1.354e-03 -7.424e-04 
 -1.564e-05 -1.338e-05 -6.309e-02 -2.671e-04 -7.273e-04 -7.424e-04  1.069e-03 
ERR MATRIX NOT POS-DEF
 PARAMETER  CORRELATION COEFFICIENTS  
       NO.  GLOBAL      8      9     20     21     22     23     24
        8  0.96717   1.000  0.897 -0.061 -0.343  0.473 -0.302 -0.520
        9  0.95568   0.897  1.000 -0.052 -0.340  0.458 -0.303 -0.517
       20  0.99763  -0.061 -0.052  1.000  0.927  0.833  0.958 -0.803
       21  0.97840  -0.343 -0.340  0.927  1.000  0.614  0.952 -0.571
       22  0.98844   0.473  0.458  0.833  0.614  1.000  0.667 -0.981
       23  0.99403  -0.302 -0.303  0.958  0.952  0.667  1.000 -0.617
       24  0.99170  -0.520 -0.517 -0.803 -0.571 -0.981 -0.617  1.000
 ERR MATRIX NOT POS-DEF
MINUIT - FIT wiggle + 1-CBO + 2-CBO
 **********
 **   42 **RES 
 **********
                   PARAMETER   16  beta_vw RESTORED TO VARIABLE.
                   PARAMETER   14  alpha_vw RESTORED TO VARIABLE.
                   PARAMETER   13  beta_y RESTORED TO VARIABLE.
                   PARAMETER   11  alpha_y RESTORED TO VARIABLE.
                   PARAMETER   10  beta_2CBO RESTORED TO VARIABLE.
                   PARAMETER    6  alpha_CBO RESTORED TO VARIABLE.
                   PARAMETER    4  phi RESTORED TO VARIABLE.
                   PARAMETER    3  A0 RESTORED TO VARIABLE.
                   PARAMETER    1  N0 RESTORED TO VARIABLE.
 **********
 **   43 **FIX           10
 **********
 **********
 **   44 **FIX           11
 **********
 **********
 **   45 **FIX           12
 **********
 PARAMETER   12  IS CONSTANT.   IGNORED.
 **********
 **   46 **FIX           13
 **********
 **********
 **   47 **FIX           14
 **********
 **********
 **   48 **FIX           15
 **********
 PARAMETER   15  IS CONSTANT.   IGNORED.
 **********
 **   49 **FIX           16
 **********
 **********
 **   50 **MIGRAD
 **********
 START MIGRAD MINIMIZATION.  STRATEGY  1.  CONVERGENCE WHEN EDM .LT. 1.00e-04
 FCN=7.60212 FROM MIGRAD    STATUS=INITIATE       22 CALLS        3058 TOTAL
                     EDM= unknown      STRATEGY= 1      NO ERROR MATRIX       
  EXT PARAMETER               CURRENT GUESS       STEP         FIRST   
  NO.   NAME      VALUE            ERROR          SIZE      DERIVATIVE 
   1  N0           3.66119e+06   6.30113e+04   6.30113e+04  -6.57727e-06
   2  tau          6.43775e+01   constant   
   3  A0           3.56396e-01   2.07185e-02   2.07185e-02  -2.00587e+01
   4  phi          4.02242e+00   7.44262e-02   7.44262e-02  -9.16168e+00
   5  R           -5.99595e+01   constant   
   6  alpha_CBO    2.33153e-02   2.17207e-02   2.17207e-02  -1.38955e+01
   7  w_CBO        2.32500e+00   constant   
   8  beta_CBO     7.58239e-05   9.20082e-04   3.35309e-07  -1.83213e-01
   9  alpha_2CBO   7.39330e-05   7.91881e-04   3.34306e-07  -3.12814e-01
  10  beta_2CBO   -7.23153e-03     fixed    
  11  alpha_y      0.00000e+00     fixed    
  12  w_y          1.44500e+01   constant   
  13  beta_y       2.32038e-04     fixed    
  14  alpha_vw     0.00000e+00     fixed    
  15  w_vw         1.29000e+01   constant   
  16  beta_vw      0.00000e+00     fixed    
  17  LM          -9.22867e-04   constant   
  18  zeta_y       0.00000e+00   constant   
  19  zeta_vw      0.00000e+00   constant   
  20  T_CBO        6.78229e+01   2.40397e+00   9.42583e-07   2.78894e-02
  21  alpha_A0    -2.69710e-01   1.43013e-02   4.23962e-06  -1.68587e-02
  22  beta_A0     -3.97604e-01   2.26800e-02   4.93152e-06   2.55246e-02
  23  alpha_phi   -7.03313e-01   3.68022e-02   5.75712e-06  -1.78057e-02
  24  beta_phi     5.62481e-01   3.27020e-02   6.02861e-06   9.00503e-03
 MIGRAD MINIMIZATION HAS CONVERGED.
 MIGRAD WILL VERIFY CONVERGENCE AND ERROR MATRIX.
 FCN=7.09245 FROM HESSE     STATUS=NOT POSDEF    100 CALLS        4513 TOTAL
                     EDM=0.000118387    STRATEGY= 1      ERR MATRIX NOT POS-DEF
  EXT PARAMETER                APPROXIMATE        STEP         FIRST   
  NO.   NAME      VALUE            ERROR          SIZE      DERIVATIVE 
   1  N0           3.72531e+06   7.06357e+03   1.77637e+00   6.56394e-07
   2  tau          6.43775e+01   constant   
   3  A0           3.69293e-01   3.14829e-03   3.76233e-07  -1.36591e+01
   4  phi          4.06105e+00   5.84054e-03   1.93646e-06  -3.09291e+00
   5  R           -5.99595e+01   constant   
   6  alpha_CBO    1.11827e-02   1.96327e-03   3.06177e-07  -1.30717e+01
   7  w_CBO        2.32500e+00   constant   
   8  beta_CBO    -3.77978e-03   1.82072e-03   3.24701e-07   2.67982e+00
   9  alpha_2CBO   4.25273e-03   9.02479e-04   3.24357e-07   3.92628e+00
  10  beta_2CBO   -7.23153e-03     fixed    
  11  alpha_y      0.00000e+00     fixed    
  12  w_y          1.44500e+01   constant   
  13  beta_y       2.32038e-04     fixed    
  14  alpha_vw     0.00000e+00     fixed    
  15  w_vw         1.29000e+01   constant   
  16  beta_vw      0.00000e+00     fixed    
  17  LM          -9.22867e-04   constant   
  18  zeta_y       0.00000e+00   constant   
  19  zeta_vw      0.00000e+00   constant   
  20  T_CBO        7.39585e+01   1.87861e+00   7.78389e-07  -5.05819e-01
  21  alpha_A0    -2.55189e-01   2.56419e-02   3.30236e-06   1.24439e+00
  22  beta_A0     -6.02729e-01   2.44186e-02   3.86083e-06  -4.87708e-01
  23  alpha_phi   -8.73361e-01   3.70068e-02   4.74648e-06   9.79472e-02
  24  beta_phi     4.83853e-01   3.09831e-02   5.22679e-06  -3.33155e-03
 CALL LIMIT EXCEEDED IN MIGRAD.
 MIGRAD TERMINATED WITHOUT CONVERGENCE.
 FCN=6.89194 FROM MIGRAD    STATUS=CALL LIMIT   1908 CALLS        4944 TOTAL
                     EDM=0.0187397    STRATEGY= 1      ERR MATRIX NOT POS-DEF
  EXT PARAMETER                APPROXIMATE        STEP         FIRST   
  NO.   NAME      VALUE            ERROR          SIZE      DERIVATIVE 
   1  N0           3.71891e+06   7.90233e+03   9.81406e+01  -2.03250e-04
   2  tau          6.43775e+01   constant   
   3  A0           3.96510e-01   3.39357e-02   1.79760e-03  -2.02160e+02
   4  phi          4.02342e+00   3.92721e-02  -2.29594e-03   3.80736e+01
   5  R           -5.99595e+01   constant   
   6  alpha_CBO    4.74373e-03   8.78720e-03  -6.03990e-04  -4.42873e+01
   7  w_CBO        2.32500e+00   constant   
   8  beta_CBO     1.26055e-02   1.90927e-02   1.04424e-03  -1.73897e+02
   9  alpha_2CBO   6.82875e-03   3.45617e-03   1.79436e-04  -1.84408e+02
  10  beta_2CBO   -7.23153e-03     fixed    
  11  alpha_y      0.00000e+00     fixed    
  12  w_y          1.44500e+01   constant   
  13  beta_y       2.32038e-04     fixed    
  14  alpha_vw     0.00000e+00     fixed    
  15  w_vw         1.29000e+01   constant   
  16  beta_vw      0.00000e+00     fixed    
  17  LM          -9.22867e-04   constant   
  18  zeta_y       0.00000e+00   constant   
  19  zeta_vw      0.00000e+00   constant   
  20  T_CBO        7.51014e+01   1.40361e+00  -3.84520e-06   2.42690e+02
  21  alpha_A0    -3.32144e-01   9.29803e-02  -7.52407e-03  -5.33542e+01
  22  beta_A0     -6.28106e-01   6.00754e-02  -3.18852e-03  -3.94213e+01
  23  alpha_phi   -9.37534e-01   1.09108e-01  -3.81788e-03  -2.23312e+01
  24  beta_phi     4.07810e-01   9.92423e-02  -2.38823e-03  -2.03922e+01
 EXTERNAL ERROR MATRIX.    NDIM=  25    NPAR= 11    ERR DEF=1
  6.245e+07 
 -1.614e+02  1.152e-03 
  1.976e+02 -1.304e-03  1.542e-03 
  3.606e+01 -2.888e-04  3.304e-04  7.721e-05 
 -9.442e+01  6.454e-04 -7.416e-04 -1.626e-04  3.645e-04 
 -1.389e+01  1.129e-04 -1.250e-04 -2.805e-05  6.344e-05  1.195e-05 
 -1.167e+03  9.302e-03 -8.605e-03 -1.097e-03  4.826e-03  1.022e-03  1.970e+00 
  3.487e+02 -2.766e-03  3.413e-03  7.654e-04 -1.599e-03 -2.624e-04  6.204e-03  8.645e-03 
  1.638e+02 -1.864e-03  2.018e-03  4.730e-04 -1.016e-03 -1.813e-04 -2.240e-04  4.348e-03  3.609e-03 
  3.912e+02 -3.448e-03  3.702e-03  8.195e-04 -1.900e-03 -3.592e-04 -2.100e-02  7.241e-03  6.134e-03  1.190e-02 
  4.861e+02 -3.083e-03  3.268e-03  7.234e-04 -1.710e-03 -3.234e-04 -5.011e-02  5.906e-03  4.765e-03  1.000e-02  9.849e-03 
ERR MATRIX NOT POS-DEF
 PARAMETER  CORRELATION COEFFICIENTS  
       NO.  GLOBAL      1      3      4      6      8      9     20     21     22     23     24
        1  0.99910   1.000 -0.602  0.637  0.519 -0.626 -0.509 -0.105  0.475  0.345  0.454  0.620
        3  0.99997  -0.602  1.000 -0.978 -0.968  0.996  0.962  0.195 -0.876 -0.914 -0.931 -0.915
        4  0.99995   0.637 -0.978  1.000  0.957 -0.989 -0.921 -0.156  0.935  0.855  0.864  0.839
        6  0.99969   0.519 -0.968  0.957  1.000 -0.969 -0.923 -0.089  0.937  0.896  0.855  0.830
        8  0.99994  -0.626  0.996 -0.989 -0.969  1.000  0.961  0.180 -0.901 -0.886 -0.912 -0.903
        9  0.99827  -0.509  0.962 -0.921 -0.923  0.961  1.000  0.211 -0.816 -0.873 -0.952 -0.943
       20  0.99853  -0.105  0.195 -0.156 -0.089  0.180  0.211  1.000  0.048 -0.003 -0.137 -0.360
       21  0.99992   0.475 -0.876  0.935  0.937 -0.901 -0.816  0.048  1.000  0.778  0.714  0.640
       22  0.99956   0.345 -0.914  0.855  0.896 -0.886 -0.873 -0.003  0.778  1.000  0.936  0.799
       23  0.99974   0.454 -0.931  0.864  0.855 -0.912 -0.952 -0.137  0.714  0.936  1.000  0.924
       24  0.99963   0.620 -0.915  0.839  0.830 -0.903 -0.943 -0.360  0.640  0.799  0.924  1.000
 ERR MATRIX NOT POS-DEF
MINUIT - FIT ONLY 1-y
 **********
 **   51 **RES 
 **********
                   PARAMETER   16  beta_vw RESTORED TO VARIABLE.
                   PARAMETER   14  alpha_vw RESTORED TO VARIABLE.
                   PARAMETER   13  beta_y RESTORED TO VARIABLE.
                   PARAMETER   11  alpha_y RESTORED TO VARIABLE.
                   PARAMETER   10  beta_2CBO RESTORED TO VARIABLE.
 **********
 **   52 **FIX            0
 **********
 PARAMETER    0  IS UNDEFINED. IGNORED.
 **********
 **   53 **FIX            1
 **********
 **********
 **   54 **FIX            2
 **********
 PARAMETER    2  IS CONSTANT.   IGNORED.
 **********
 **   55 **FIX            3
 **********
 **********
 **   56 **FIX            4
 **********
 **********
 **   57 **FIX            5
 **********
 PARAMETER    5  IS CONSTANT.   IGNORED.
 **********
 **   58 **FIX            6
 **********
 **********
 **   59 **FIX            7
 **********
 PARAMETER    7  IS CONSTANT.   IGNORED.
 **********
 **   60 **FIX            8
 **********
 **********
 **   61 **FIX            9
 **********
 **********
 **   62 **FIX           13
 **********
 **********
 **   63 **FIX           14
 **********
 **********
 **   64 **FIX           15
 **********
 PARAMETER   15  IS CONSTANT.   IGNORED.
 **********
 **   65 **FIX           16
 **********
 **********
 **   66 **MIGRAD
 **********
 START MIGRAD MINIMIZATION.  STRATEGY  1.  CONVERGENCE WHEN EDM .LT. 1.00e-04
 FCN=6.89194 FROM MIGRAD    STATUS=INITIATE       16 CALLS        4960 TOTAL
                     EDM= unknown      STRATEGY= 1      NO ERROR MATRIX       
  EXT PARAMETER               CURRENT GUESS       STEP         FIRST   
  NO.   NAME      VALUE            ERROR          SIZE      DERIVATIVE 
   1  N0           3.71891e+06     fixed    
   2  tau          6.43775e+01   constant   
   3  A0           3.96510e-01     fixed    
   4  phi          4.02342e+00     fixed    
   5  R           -5.99595e+01   constant   
   6  alpha_CBO    4.74373e-03     fixed    
   7  w_CBO        2.32500e+00   constant   
   8  beta_CBO     1.26055e-02     fixed    
   9  alpha_2CBO   6.82875e-03     fixed    
  10  beta_2CBO   -7.23153e-03   7.60485e-03   7.60485e-03  -7.37103e+02
  11  alpha_y      0.00000e+00   1.00000e-03   1.00000e-03  -1.38082e+04
  12  w_y          1.44500e+01   constant   
  13  beta_y       2.32038e-04     fixed    
  14  alpha_vw     0.00000e+00     fixed    
  15  w_vw         1.29000e+01   constant   
  16  beta_vw      0.00000e+00     fixed    
  17  LM          -9.22867e-04   constant   
  18  zeta_y       0.00000e+00   constant   
  19  zeta_vw      0.00000e+00   constant   
  20  T_CBO        7.51014e+01   1.40361e+00  -3.84520e-06   2.42690e+02
  21  alpha_A0    -3.32144e-01   9.29803e-02  -7.52407e-03  -5.33542e+01
  22  beta_A0     -6.28106e-01   6.00754e-02  -3.18852e-03  -3.94213e+01
  23  alpha_phi   -9.37534e-01   1.09108e-01  -3.81788e-03  -2.23312e+01
  24  beta_phi     4.07810e-01   9.92423e-02  -2.38823e-03  -2.03922e+01
 MIGRAD MINIMIZATION HAS CONVERGED.
 MIGRAD WILL VERIFY CONVERGENCE AND ERROR MATRIX.
 COVARIANCE MATRIX CALCULATED SUCCESSFULLY
 FCN=4.28458 FROM HESSE     STATUS=OK             50 CALLS        5105 TOTAL
                     EDM=0.0180327    STRATEGY= 1      ERROR MATRIX ACCURATE 
  EXT PARAMETER                                   STEP         FIRST   
  NO.   NAME      VALUE            ERROR          SIZE      DERIVATIVE 
   1  N0           3.71891e+06     fixed    
   2  tau          6.43775e+01   constant   
   3  A0           3.96510e-01     fixed    
   4  phi          4.02342e+00     fixed    
   5  R           -5.99595e+01   constant   
   6  alpha_CBO    4.74373e-03     fixed    
   7  w_CBO        2.32500e+00   constant   
   8  beta_CBO     1.26055e-02     fixed    
   9  alpha_2CBO   6.82875e-03     fixed    
  10  beta_2CBO   -7.18255e-03   5.25728e-04   2.47310e-07  -1.88984e+00
  11  alpha_y      3.75240e-04   2.33866e-04   2.61269e-07  -9.22353e+00
  12  w_y          1.44500e+01   constant   
  13  beta_y       2.32038e-04     fixed    
  14  alpha_vw     0.00000e+00     fixed    
  15  w_vw         1.29000e+01   constant   
  16  beta_vw      0.00000e+00     fixed    
  17  LM          -9.22867e-04   constant   
  18  zeta_y       0.00000e+00   constant   
  19  zeta_vw      0.00000e+00   constant   
  20  T_CBO        7.50974e+01   5.60107e+01   5.48997e-07   2.92032e-01
  21  alpha_A0    -3.32169e-01   3.06487e-01   2.36601e-06  -1.93046e-01
  22  beta_A0     -6.28286e-01   5.91836e-01   2.79226e-06   4.76122e-01
  23  alpha_phi   -9.37303e-01   8.90182e-01   3.57988e-06  -2.09368e-01
  24  beta_phi     4.07472e-01   3.81081e-01   3.91977e-06  -4.46415e-01
 CALL LIMIT EXCEEDED IN MIGRAD.
 MIGRAD TERMINATED WITHOUT CONVERGENCE.
 FCN=4.25608 FROM MIGRAD    STATUS=CALL LIMIT   1155 CALLS        6099 TOTAL
                     EDM=2.4833e-05    STRATEGY= 1  ERROR MATRIX UNCERTAINTY  17.3 per cent
  EXT PARAMETER                APPROXIMATE        STEP         FIRST   
  NO.   NAME      VALUE            ERROR          SIZE      DERIVATIVE 
   1  N0           3.71891e+06     fixed    
   2  tau          6.43775e+01   constant   
   3  A0           3.96510e-01     fixed    
   4  phi          4.02342e+00     fixed    
   5  R           -5.99595e+01   constant   
   6  alpha_CBO    4.74373e-03     fixed    
   7  w_CBO        2.32500e+00   constant   
   8  beta_CBO     1.26055e-02     fixed    
   9  alpha_2CBO   6.82875e-03     fixed    
  10  beta_2CBO   -7.23545e-03   3.48923e-04   9.59505e-07   2.27251e+01
  11  alpha_y      3.79486e-04   2.39147e-04   1.09187e-07   1.32671e+00
  12  w_y          1.44500e+01   constant   
  13  beta_y       2.32038e-04     fixed    
  14  alpha_vw     0.00000e+00     fixed    
  15  w_vw         1.29000e+01   constant   
  16  beta_vw      0.00000e+00     fixed    
  17  LM          -9.22867e-04   constant   
  18  zeta_y       0.00000e+00   constant   
  19  zeta_vw      0.00000e+00   constant   
  20  T_CBO        6.53698e+01   1.59384e+01  -4.45537e-05  -8.29561e+00
  21  alpha_A0    -3.98753e-01   1.37373e-01  -9.99639e-05   9.90361e-01
  22  beta_A0     -7.57113e-01   2.66045e-01  -1.92659e-04   1.14027e+00
  23  alpha_phi   -1.13120e+00   3.99355e-01  -2.83789e-04   3.70254e-01
  24  beta_phi     4.90344e-01   1.69432e-01   1.15318e-04   2.75877e-01
 EXTERNAL ERROR MATRIX.    NDIM=  25    NPAR=  7    ERR DEF=1
  1.217e-07  3.665e-10 -1.548e-03 -1.384e-05 -2.668e-05 -3.861e-05  1.541e-05 
  3.665e-10  5.719e-08 -3.602e-04 -3.096e-06 -6.019e-06 -9.016e-06  3.832e-06 
 -1.548e-03 -3.602e-04  2.544e+02  2.191e+00  4.243e+00  6.369e+00 -2.701e+00 
 -1.384e-05 -3.096e-06  2.191e+00  1.887e-02  3.654e-02  5.484e-02 -2.326e-02 
 -2.668e-05 -6.019e-06  4.243e+00  3.654e-02  7.078e-02  1.062e-01 -4.505e-02 
 -3.861e-05 -9.016e-06  6.369e+00  5.484e-02  1.062e-01  1.595e-01 -6.762e-02 
  1.541e-05  3.832e-06 -2.701e+00 -2.326e-02 -4.505e-02 -6.762e-02  2.871e-02 
ERR MATRIX APPROXIMATE
 PARAMETER  CORRELATION COEFFICIENTS  
       NO.  GLOBAL     10     11     20     21     22     23     24
       10  0.89788   1.000  0.004 -0.278 -0.289 -0.287 -0.277  0.261
       11  0.11147   0.004  1.000 -0.094 -0.094 -0.095 -0.094  0.095
       20  0.99999  -0.278 -0.094  1.000  1.000  1.000  1.000 -1.000
       21  0.99988  -0.289 -0.094  1.000  1.000  1.000  1.000 -0.999
       22  0.99996  -0.287 -0.095  1.000  1.000  1.000  1.000 -0.999
       23  0.99996  -0.277 -0.094  1.000  1.000  1.000  1.000 -0.999
       24  0.99978   0.261  0.095 -1.000 -0.999 -0.999 -0.999  1.000
 ERR MATRIX APPROXIMATE
MINUIT - FIT ONLY 2-y
 **********
 **   67 **RES 
 **********
                   PARAMETER   16  beta_vw RESTORED TO VARIABLE.
                   PARAMETER   14  alpha_vw RESTORED TO VARIABLE.
                   PARAMETER   13  beta_y RESTORED TO VARIABLE.
                   PARAMETER    9  alpha_2CBO RESTORED TO VARIABLE.
                   PARAMETER    8  beta_CBO RESTORED TO VARIABLE.
                   PARAMETER    6  alpha_CBO RESTORED TO VARIABLE.
                   PARAMETER    4  phi RESTORED TO VARIABLE.
                   PARAMETER    3  A0 RESTORED TO VARIABLE.
                   PARAMETER    1  N0 RESTORED TO VARIABLE.
 **********
 **   68 **FIX            0
 **********
 PARAMETER    0  IS UNDEFINED. IGNORED.
 **********
 **   69 **FIX            1
 **********
 **********
 **   70 **FIX            2
 **********
