 + ++++++++++++++++++++++++++++++++++++++++++++++++++++++++++++++++++++ +
 +                                                                      +
 +           You have chose to blind your fitting according to          +
 +                omega_ref * (1 + (R +/- deltaR) *10^{-6})             +
 +                                                                      +
 + ++++++++++++++++++++++++++++++++++++++++++++++++++++++++++++++++++++ +
In main()...
reading format from /gm2data/zkhechad/run45/envelope/formats/formatB_sBin_constraintOn.txt
pBinTau 	= 0  
pBinPhi 	= 0  
constraintau 	= 1 
includeMopTerm 	= 0    
constrainMop    = 0   
Parameters after format file: pBinTau 0 pBinPhi 0 constraintau 1 includeMopTerm 0 constrainMop 0 c_e_scale 0.000000 
Opening file /gm2data/tbarrett/gm2fr/studies/run23_bunch_corrections/CorrectedFourier_Run3b.root.
reading full fit data from /gm2data/zkhechad/cboTemplates/Run4CBOTemplates/templateFits0_v2.0/noRF/sBin_constraintOn_cE0.0_seed0_noRF_calo14.root
windowBins = 69
fitting sliding window 2538 from bin 2674 at 398.811600 to bin 2743 at 409.255600 (69 bins)

Reading data from /gm2data/cornell/histograms/aMethod/histogram_a_noRF.root
 **********
 **    1 **SET PRINTOUT            1
 **********
 **********
 **    2 **SET NOWARNINGS 
 **********
 PARAMETER DEFINITIONS:
    NO.   NAME         VALUE      STEP SIZE      LIMITS
     1 N0           3.41556e+06  1.00000e+02     no limits
     2 tau          6.43834e+01  constant
     3 A0           3.61902e-01  1.00000e-04     no limits
     4 phi          4.12125e+00  1.00000e-02     no limits
     5 R           -6.07281e+01  constant
     6 alpha_CBO    0.00000e+00  1.00000e-03     no limits
     7 w_CBO        2.32500e+00  constant
     8 beta_CBO     0.00000e+00  1.00000e-03     no limits
     9 alpha_2CBO   0.00000e+00  1.00000e-03     no limits
    10 beta_2CBO    0.00000e+00  1.00000e-03     no limits
    11 alpha_y      0.00000e+00  1.00000e-03     no limits
    12 w_y          1.44500e+01  constant
    13 beta_y       0.00000e+00  1.00000e-03     no limits
    14 alpha_vw     0.00000e+00  1.00000e-03     no limits
    15 w_vw         1.29000e+01  constant
    16 beta_vw      0.00000e+00  1.00000e-03     no limits
    17 LM          -7.06631e-04  constant
    18 zeta_y       0.00000e+00  constant
    19 zeta_vw      0.00000e+00  constant
    20 T_CBO        1.00000e+02  1.00000e+00    0.00000e+00  1.00000e+03
    21 alpha_A0     0.00000e+00  1.00000e-03     no limits
    22 beta_A0      0.00000e+00  1.00000e-03     no limits
    23 alpha_phi    0.00000e+00  1.00000e-03     no limits
    24 beta_phi     0.00000e+00  1.00000e-03     no limits
MINUIT - FIT ONLY WIGGLE
 **********
 **    3 **FIX            5
 **********
 PARAMETER    5  IS CONSTANT.   IGNORED.
 **********
 **    4 **FIX            6
 **********
 **********
 **    5 **FIX            7
 **********
 PARAMETER    7  IS CONSTANT.   IGNORED.
 **********
 **    6 **FIX            8
 **********
 **********
 **    7 **FIX            9
 **********
 **********
 **    8 **FIX           10
 **********
 **********
 **    9 **FIX           11
 **********
 **********
 **   10 **FIX           12
 **********
 PARAMETER   12  IS CONSTANT.   IGNORED.
 **********
 **   11 **FIX           13
 **********
 **********
 **   12 **FIX           14
 **********
 **********
 **   13 **FIX           15
 **********
 PARAMETER   15  IS CONSTANT.   IGNORED.
 **********
 **   14 **FIX           16
 **********
 **********
 **   15 **MIGRAD
 **********
 FIRST CALL TO USER FUNCTION AT NEW START POINT, WITH IFLAG=4.
 START MIGRAD MINIMIZATION.  STRATEGY  1.  CONVERGENCE WHEN EDM .LT. 1.00e-04
 FCN=75.859 FROM MIGRAD    STATUS=INITIATE      437 CALLS         438 TOTAL
                     EDM= unknown      STRATEGY= 1      NO ERROR MATRIX       
  EXT PARAMETER               CURRENT GUESS       STEP         FIRST   
  NO.   NAME      VALUE            ERROR          SIZE      DERIVATIVE 
   1  N0           3.41556e+06   1.00000e+02   0.00000e+00  -1.13491e-04
   2  tau          6.43834e+01   constant   
   3  A0           3.61902e-01   1.00000e-04   0.00000e+00  -3.83178e+02
   4  phi          4.12125e+00   1.00000e-02   0.00000e+00   1.12951e+03
   5  R           -6.07281e+01   constant   
   6  alpha_CBO    0.00000e+00     fixed    
   7  w_CBO        2.32500e+00   constant   
   8  beta_CBO     0.00000e+00     fixed    
   9  alpha_2CBO   0.00000e+00     fixed    
  10  beta_2CBO    0.00000e+00     fixed    
  11  alpha_y      0.00000e+00     fixed    
  12  w_y          1.44500e+01   constant   
  13  beta_y       0.00000e+00     fixed    
  14  alpha_vw     0.00000e+00     fixed    
  15  w_vw         1.29000e+01   constant   
  16  beta_vw      0.00000e+00     fixed    
  17  LM          -7.06631e-04   constant   
  18  zeta_y       0.00000e+00   constant   
  19  zeta_vw      0.00000e+00   constant   
  20  T_CBO        1.00000e+02   1.00000e+00   0.00000e+00   0.00000e+00
  21  alpha_A0     0.00000e+00   1.00000e-03   0.00000e+00  -2.88837e+00
  22  beta_A0      0.00000e+00   1.00000e-03   0.00000e+00   2.61874e+00
  23  alpha_phi    0.00000e+00   1.00000e-03   0.00000e+00   1.30030e+01
  24  beta_phi     0.00000e+00   1.00000e-03   0.00000e+00  -6.59657e+00
 MIGRAD MINIMIZATION HAS CONVERGED.
 MIGRAD WILL VERIFY CONVERGENCE AND ERROR MATRIX.
 FCN=68.1957 FROM HESSE     STATUS=NOT POSDEF     61 CALLS         595 TOTAL
                     EDM=0.000166036    STRATEGY= 1      ERR MATRIX NOT POS-DEF
  EXT PARAMETER                APPROXIMATE        STEP         FIRST   
  NO.   NAME      VALUE            ERROR          SIZE      DERIVATIVE 
   1  N0           3.41630e+06   3.39226e+03   1.12991e+01   1.52213e-07
   2  tau          6.43834e+01   constant   
   3  A0           3.62170e-01   1.30411e-03   5.12849e-06  -3.28357e-01
   4  phi          4.11472e+00   3.68863e-03   1.47444e-05  -3.37089e-01
   5  R           -6.07281e+01   constant   
   6  alpha_CBO    0.00000e+00     fixed    
   7  w_CBO        2.32500e+00   constant   
   8  beta_CBO     0.00000e+00     fixed    
   9  alpha_2CBO   0.00000e+00     fixed    
  10  beta_2CBO    0.00000e+00     fixed    
  11  alpha_y      0.00000e+00     fixed    
  12  w_y          1.44500e+01   constant   
  13  beta_y       0.00000e+00     fixed    
  14  alpha_vw     0.00000e+00     fixed    
  15  w_vw         1.29000e+01   constant   
  16  beta_vw      0.00000e+00     fixed    
  17  LM          -7.06631e-04   constant   
  18  zeta_y       0.00000e+00   constant   
  19  zeta_vw      0.00000e+00   constant   
  20  T_CBO        9.97689e+01   1.88363e+02   1.77201e-04  -1.33442e-02
  21  alpha_A0     1.42033e-01   1.20662e+00   1.23296e-03   1.46084e-04
  22  beta_A0     -8.57226e-02   7.28534e-01   1.15638e-03  -3.21675e-04
  23  alpha_phi   -4.40389e-01   3.64474e+00   1.14661e-03  -3.47304e-03
  24  beta_phi     2.20949e-01   1.86019e+00   1.15525e-03   2.01082e-03
 CALL LIMIT EXCEEDED IN MIGRAD.
 MIGRAD TERMINATED WITHOUT CONVERGENCE.
 FCN=68.1913 FROM MIGRAD    STATUS=CALL LIMIT   1322 CALLS        1323 TOTAL
                     EDM=0.000113406    STRATEGY= 1      ERR MATRIX NOT POS-DEF
  EXT PARAMETER                APPROXIMATE        STEP         FIRST   
  NO.   NAME      VALUE            ERROR          SIZE      DERIVATIVE 
   1  N0           3.41631e+06   3.29200e+03  -2.45155e-01   5.21309e-09
   2  tau          6.43834e+01   constant   
   3  A0           3.62155e-01   1.28220e-03   1.19264e-07   1.86988e+00
   4  phi          4.11473e+00   3.71223e-03   6.20341e-06   2.37585e+00
   5  R           -6.07281e+01   constant   
   6  alpha_CBO    0.00000e+00     fixed    
   7  w_CBO        2.32500e+00   constant   
   8  beta_CBO     0.00000e+00     fixed    
   9  alpha_2CBO   0.00000e+00     fixed    
  10  beta_2CBO    0.00000e+00     fixed    
  11  alpha_y      0.00000e+00     fixed    
  12  w_y          1.44500e+01   constant   
  13  beta_y       0.00000e+00     fixed    
  14  alpha_vw     0.00000e+00     fixed    
  15  w_vw         1.29000e+01   constant   
  16  beta_vw      0.00000e+00     fixed    
  17  LM          -7.06631e-04   constant   
  18  zeta_y       0.00000e+00   constant   
  19  zeta_vw      0.00000e+00   constant   
  20  T_CBO        1.56277e+02   5.68219e+02   8.07892e-03  -1.59316e-01
  21  alpha_A0     3.34885e-02   2.46399e-01  -1.74351e-03   4.07094e-02
  22  beta_A0     -2.09163e-02   1.82718e-01   1.08279e-03   9.16022e-02
  23  alpha_phi   -1.01134e-01   7.26397e-01   5.40131e-03   1.81974e-01
  24  beta_phi     5.09501e-02   3.68678e-01  -2.85185e-03  -9.13466e-02
 EXTERNAL ERROR MATRIX.    NDIM=  25    NPAR=  8    ERR DEF=1
  1.084e+07 -3.399e-01  1.357e+00 -3.167e+04  8.027e+01 -8.064e+01 -8.002e+01 -2.143e+01 
 -3.399e-01  1.644e-06  2.069e-07  1.074e-02 -3.335e-05  9.440e-06  1.431e-05  1.010e-05 
  1.357e+00  2.069e-07  1.378e-05  3.416e-01 -2.605e-04  7.831e-05  5.200e-04 -2.908e-04 
 -3.167e+04  1.074e-02  3.416e-01  1.582e+05 -8.993e+01  5.887e+01  2.877e+02 -1.439e+02 
  8.027e+01 -3.335e-05 -2.605e-04 -8.993e+01  6.071e-02 -3.724e-02 -1.621e-01  8.063e-02 
 -8.064e+01  9.440e-06  7.831e-05  5.887e+01 -3.724e-02  3.339e-02  1.041e-01 -5.245e-02 
 -8.002e+01  1.431e-05  5.200e-04  2.877e+02 -1.621e-01  1.041e-01  5.277e-01 -2.603e-01 
 -2.143e+01  1.010e-05 -2.908e-04 -1.439e+02  8.063e-02 -5.245e-02 -2.603e-01  1.359e-01 
ERR MATRIX NOT POS-DEF
 PARAMETER  CORRELATION COEFFICIENTS  
       NO.  GLOBAL      1      3      4     20     21     22     23     24
        1  0.33959   1.000 -0.081  0.111 -0.024  0.099 -0.134 -0.033 -0.018
        3  0.33606  -0.081  1.000  0.043  0.021 -0.106  0.040  0.015  0.021
        4  0.67618   0.111  0.043  1.000  0.231 -0.285  0.115  0.193 -0.212
       20  0.99898  -0.024  0.021  0.231  1.000 -0.918  0.810  0.996 -0.981
       21  0.93817   0.099 -0.106 -0.285 -0.918  1.000 -0.827 -0.906  0.888
       22  0.90748  -0.134  0.040  0.115  0.810 -0.827  1.000  0.784 -0.779
       23  0.99823  -0.033  0.015  0.193  0.996 -0.906  0.784  1.000 -0.972
       24  0.98772  -0.018  0.021 -0.212 -0.981  0.888 -0.779 -0.972  1.000
 ERR MATRIX NOT POS-DEF
MINUIT - FIT ONLY 1-CBO + wiggle
 **********
 **   16 **RES 
 **********
                   PARAMETER   16  beta_vw RESTORED TO VARIABLE.
                   PARAMETER   14  alpha_vw RESTORED TO VARIABLE.
                   PARAMETER   13  beta_y RESTORED TO VARIABLE.
                   PARAMETER   11  alpha_y RESTORED TO VARIABLE.
                   PARAMETER   10  beta_2CBO RESTORED TO VARIABLE.
                   PARAMETER    9  alpha_2CBO RESTORED TO VARIABLE.
                   PARAMETER    8  beta_CBO RESTORED TO VARIABLE.
                   PARAMETER    6  alpha_CBO RESTORED TO VARIABLE.
 **********
 **   17 **FIX            8
 **********
 **********
 **   18 **FIX            9
 **********
 **********
 **   19 **FIX           11
 **********
 **********
 **   20 **FIX           12
 **********
 PARAMETER   12  IS CONSTANT.   IGNORED.
 **********
 **   21 **FIX           14
 **********
 **********
 **   22 **FIX           15
 **********
 PARAMETER   15  IS CONSTANT.   IGNORED.
 **********
 **   23 **FIX           16
 **********
 **********
 **   24 **MIGRAD
 **********
 START MIGRAD MINIMIZATION.  STRATEGY  1.  CONVERGENCE WHEN EDM .LT. 1.00e-04
 FCN=68.1913 FROM MIGRAD    STATUS=INITIATE       28 CALLS        1351 TOTAL
                     EDM= unknown      STRATEGY= 1      NO ERROR MATRIX       
  EXT PARAMETER               CURRENT GUESS       STEP         FIRST   
  NO.   NAME      VALUE            ERROR          SIZE      DERIVATIVE 
   1  N0           3.41631e+06   3.29200e+03  -2.45155e-01   5.21308e-09
   2  tau          6.43834e+01   constant   
   3  A0           3.62155e-01   1.28220e-03   1.19264e-07   1.86988e+00
   4  phi          4.11473e+00   3.71223e-03   6.20341e-06   2.37585e+00
   5  R           -6.07281e+01   constant   
   6  alpha_CBO    0.00000e+00   1.00000e-03   1.00000e-03  -2.85045e+02
   7  w_CBO        2.32500e+00   constant   
   8  beta_CBO     0.00000e+00     fixed    
   9  alpha_2CBO   0.00000e+00     fixed    
  10  beta_2CBO    0.00000e+00   1.00000e-03   1.00000e-03   3.35233e+03
  11  alpha_y      0.00000e+00     fixed    
  12  w_y          1.44500e+01   constant   
  13  beta_y       0.00000e+00   1.00000e-03   1.00000e-03  -1.26642e+03
  14  alpha_vw     0.00000e+00     fixed    
  15  w_vw         1.29000e+01   constant   
  16  beta_vw      0.00000e+00     fixed    
  17  LM          -7.06631e-04   constant   
  18  zeta_y       0.00000e+00   constant   
  19  zeta_vw      0.00000e+00   constant   
  20  T_CBO        1.56277e+02   5.68219e+02   8.07892e-03  -1.59313e-01
  21  alpha_A0     3.34885e-02   2.46399e-01  -1.74351e-03   4.07094e-02
  22  beta_A0     -2.09163e-02   1.82718e-01   1.08279e-03   9.16022e-02
  23  alpha_phi   -1.01134e-01   7.26397e-01   5.40131e-03   1.81974e-01
  24  beta_phi     5.09501e-02   3.68678e-01  -2.85185e-03  -9.13466e-02
 MIGRAD MINIMIZATION HAS CONVERGED.
 FCN=62.3889 FROM MIGRAD    STATUS=CONVERGED    1820 CALLS        3143 TOTAL
                     EDM=1.79894e-06    STRATEGY= 1  ERROR MATRIX UNCERTAINTY   0.2 per cent
  EXT PARAMETER                                   STEP         FIRST   
  NO.   NAME      VALUE            ERROR          SIZE      DERIVATIVE 
   1  N0           3.41641e+06   3.23049e+03  -1.04867e+00   5.52769e-09
   2  tau          6.43834e+01   constant   
   3  A0           3.62037e-01   1.29053e-03   1.80242e-07   2.37772e-02
   4  phi          4.11436e+00   3.66920e-03  -4.72133e-07   2.53344e-02
   5  R           -6.07281e+01   constant   
   6  alpha_CBO    2.71307e-04   1.30335e-03  -3.00736e-07  -9.87619e-02
   7  w_CBO        2.32500e+00   constant   
   8  beta_CBO     0.00000e+00     fixed    
   9  alpha_2CBO   0.00000e+00     fixed    
  10  beta_2CBO   -3.01224e-03   1.31361e-03   2.05159e-07   1.23924e-01
  11  alpha_y      0.00000e+00     fixed    
  12  w_y          1.44500e+01   constant   
  13  beta_y       1.10334e-03   1.29973e-03   4.99830e-07   2.71316e-01
  14  alpha_vw     0.00000e+00     fixed    
  15  w_vw         1.29000e+01   constant   
  16  beta_vw      0.00000e+00     fixed    
  17  LM          -7.06631e-04   constant   
  18  zeta_y       0.00000e+00   constant   
  19  zeta_vw      0.00000e+00   constant   
  20  T_CBO        9.99665e+02   5.01362e+02   6.43614e-02  -1.39112e-04
  21  alpha_A0     6.77140e-03   8.89438e-03   6.01454e-08   9.23129e-02
  22  beta_A0     -3.73533e-03   8.05575e-03   1.30754e-05   6.57842e-02
  23  alpha_phi   -9.82595e-03   9.57304e-03   1.73615e-05   2.21076e-01
  24  beta_phi     7.28470e-03   9.82855e-03  -1.34486e-05  -1.49245e-01
 EXTERNAL ERROR MATRIX.    NDIM=  25    NPAR= 11    ERR DEF=1
  1.044e+07 
 -5.392e-01  1.665e-06 
  1.410e+00  1.263e-07  1.346e-05 
  7.286e-02 -2.490e-07  5.237e-07  1.699e-06 
 -1.061e-01  4.083e-08  1.791e-07 -3.628e-08  1.726e-06 
  1.232e-02  3.999e-08  1.132e-07 -2.899e-08 -1.179e-08  1.689e-06 
 -4.056e+04  8.693e-03 -1.424e-02 -8.627e-03  5.697e-03  1.491e-02  2.089e+05 
  4.679e+00 -2.121e-06 -2.823e-07  1.237e-06 -1.742e-06 -3.611e-07 -1.079e+00  7.911e-05 
 -5.830e+00  8.709e-07 -8.527e-07  2.215e-07  6.767e-07 -6.462e-08  1.021e+00 -1.824e-05  6.490e-05 
 -4.248e+00  5.907e-07 -4.391e-06 -1.140e-07 -1.510e-06 -6.252e-07  1.995e+00 -1.374e-05  7.766e-06  9.164e-05 
 -5.066e+00  2.079e-06 -1.240e-07  2.390e-07 -1.383e-06 -3.597e-07 -1.242e+00 -4.990e-06  1.072e-05  1.818e-05  9.660e-05 
 PARAMETER  CORRELATION COEFFICIENTS  
       NO.  GLOBAL      1      3      4      6     10     13     20     21     22     23     24
        1  0.32674   1.000 -0.129  0.119  0.017 -0.025  0.003 -0.027  0.163 -0.224 -0.137 -0.160
        3  0.29168  -0.129  1.000  0.027 -0.148  0.024  0.024  0.015 -0.185  0.084  0.048  0.164
        4  0.22273   0.119  0.027  1.000  0.110  0.037  0.024 -0.008 -0.009 -0.029 -0.125 -0.003
        6  0.21676   0.017 -0.148  0.110  1.000 -0.021 -0.017 -0.014  0.107  0.021 -0.009  0.019
       10  0.23627  -0.025  0.024  0.037 -0.021  1.000 -0.007  0.009 -0.149  0.064 -0.120 -0.107
       13  0.08977   0.003  0.024  0.024 -0.017 -0.007  1.000  0.025 -0.031 -0.006 -0.050 -0.028
       20  0.67141  -0.027  0.015 -0.008 -0.014  0.009  0.025  1.000 -0.265  0.277  0.456 -0.276
       21  0.41825   0.163 -0.185 -0.009  0.107 -0.149 -0.031 -0.265  1.000 -0.255 -0.161 -0.057
       22  0.44563  -0.224  0.084 -0.029  0.021  0.064 -0.006  0.277 -0.255  1.000  0.101  0.135
       23  0.59978  -0.137  0.048 -0.125 -0.009 -0.120 -0.050  0.456 -0.161  0.101  1.000  0.193
       24  0.53979  -0.160  0.164 -0.003  0.019 -0.107 -0.028 -0.276 -0.057  0.135  0.193  1.000
MINUIT - FIT ONLY 2-CBO
 **********
 **   25 **RES 
 **********
                   PARAMETER   16  beta_vw RESTORED TO VARIABLE.
                   PARAMETER   14  alpha_vw RESTORED TO VARIABLE.
                   PARAMETER   11  alpha_y RESTORED TO VARIABLE.
                   PARAMETER    9  alpha_2CBO RESTORED TO VARIABLE.
                   PARAMETER    8  beta_CBO RESTORED TO VARIABLE.
 **********
 **   26 **FIX            0
 **********
 PARAMETER    0  IS UNDEFINED. IGNORED.
 **********
 **   27 **FIX            1
 **********
 **********
 **   28 **FIX            2
 **********
 PARAMETER    2  IS CONSTANT.   IGNORED.
 **********
 **   29 **FIX            3
 **********
 **********
 **   30 **FIX            4
 **********
 **********
 **   31 **FIX            5
 **********
 PARAMETER    5  IS CONSTANT.   IGNORED.
 **********
 **   32 **FIX            6
 **********
 **********
 **   33 **FIX            7
 **********
 PARAMETER    7  IS CONSTANT.   IGNORED.
 **********
 **   34 **FIX           10
 **********
 **********
 **   35 **FIX           11
 **********
 **********
 **   36 **FIX           12
 **********
 PARAMETER   12  IS CONSTANT.   IGNORED.
 **********
 **   37 **FIX           13
 **********
 **********
 **   38 **FIX           14
 **********
 **********
 **   39 **FIX           15
 **********
 PARAMETER   15  IS CONSTANT.   IGNORED.
 **********
 **   40 **FIX           16
 **********
 **********
 **   41 **MIGRAD
 **********
 START MIGRAD MINIMIZATION.  STRATEGY  1.  CONVERGENCE WHEN EDM .LT. 1.00e-04
 FCN=62.3889 FROM MIGRAD    STATUS=INITIATE       18 CALLS        3161 TOTAL
                     EDM= unknown      STRATEGY= 1      NO ERROR MATRIX       
  EXT PARAMETER               CURRENT GUESS       STEP         FIRST   
  NO.   NAME      VALUE            ERROR          SIZE      DERIVATIVE 
   1  N0           3.41641e+06     fixed    
   2  tau          6.43834e+01   constant   
   3  A0           3.62037e-01     fixed    
   4  phi          4.11436e+00     fixed    
   5  R           -6.07281e+01   constant   
   6  alpha_CBO    2.71307e-04     fixed    
   7  w_CBO        2.32500e+00   constant   
   8  beta_CBO     0.00000e+00   1.00000e-03   1.00000e-03   1.56450e+03
   9  alpha_2CBO   0.00000e+00   1.00000e-03   1.00000e-03  -1.86212e+03
  10  beta_2CBO   -3.01224e-03     fixed    
  11  alpha_y      0.00000e+00     fixed    
  12  w_y          1.44500e+01   constant   
  13  beta_y       1.10334e-03     fixed    
  14  alpha_vw     0.00000e+00     fixed    
  15  w_vw         1.29000e+01   constant   
  16  beta_vw      0.00000e+00     fixed    
  17  LM          -7.06631e-04   constant   
  18  zeta_y       0.00000e+00   constant   
  19  zeta_vw      0.00000e+00   constant   
  20  T_CBO        9.99665e+02   5.01362e+02   6.43614e-02  -1.53910e-04
  21  alpha_A0     6.77140e-03   8.89438e-03   6.01454e-08   9.23140e-02
  22  beta_A0     -3.73533e-03   8.05575e-03   1.30754e-05   6.57838e-02
  23  alpha_phi   -9.82595e-03   9.57304e-03   1.73615e-05   2.21076e-01
  24  beta_phi     7.28470e-03   9.82855e-03  -1.34486e-05  -1.49245e-01
 MIGRAD MINIMIZATION HAS CONVERGED.
 MIGRAD WILL VERIFY CONVERGENCE AND ERROR MATRIX.
 COVARIANCE MATRIX CALCULATED SUCCESSFULLY
 FCN=59.8265 FROM MIGRAD    STATUS=CONVERGED     144 CALLS        3287 TOTAL
                     EDM=1.10102e-06    STRATEGY= 1      ERROR MATRIX ACCURATE 
  EXT PARAMETER                                   STEP         FIRST   
  NO.   NAME      VALUE            ERROR          SIZE      DERIVATIVE 
   1  N0           3.41641e+06     fixed    
   2  tau          6.43834e+01   constant   
   3  A0           3.62037e-01     fixed    
   4  phi          4.11436e+00     fixed    
   5  R           -6.07281e+01   constant   
   6  alpha_CBO    2.71307e-04     fixed    
   7  w_CBO        2.32500e+00   constant   
   8  beta_CBO    -1.27678e-03   1.29797e-03   4.89536e-06  -1.02753e-01
   9  alpha_2CBO   1.67914e-03   1.35671e-03   5.03294e-06  -2.23934e-01
  10  beta_2CBO   -3.01224e-03     fixed    
  11  alpha_y      0.00000e+00     fixed    
  12  w_y          1.44500e+01   constant   
  13  beta_y       1.10334e-03     fixed    
  14  alpha_vw     0.00000e+00     fixed    
  15  w_vw         1.29000e+01   constant   
  16  beta_vw      0.00000e+00     fixed    
  17  LM          -7.06631e-04   constant   
  18  zeta_y       0.00000e+00   constant   
  19  zeta_vw      0.00000e+00   constant   
  20  T_CBO        9.99822e+02   5.21481e+02   1.05389e-01  -5.12273e-05
  21  alpha_A0     7.36766e-03   8.06458e-03   3.02489e-05   6.10682e-02
  22  beta_A0     -3.14159e-03   7.64752e-03   2.84229e-05   7.69284e-02
  23  alpha_phi   -1.09111e-02   7.55780e-03   2.79849e-05  -1.78964e-02
  24  beta_phi     8.81994e-03   7.61246e-03   2.82426e-05   6.40533e-02
 EXTERNAL ERROR MATRIX.    NDIM=  25    NPAR=  7    ERR DEF=1
  1.685e-06  4.448e-08  7.978e-05  2.857e-07  1.037e-06 -3.077e-08 -7.183e-07 
  4.448e-08  1.841e-06  1.219e-04  8.826e-07  1.506e-06 -1.185e-06  1.037e-06 
  7.978e-05  1.219e-04  1.162e+05  3.369e-01 -1.376e-01 -4.984e-01  4.040e-01 
  2.857e-07  8.826e-07  3.369e-01  6.504e-05 -4.345e-06 -2.166e-06 -1.127e-06 
  1.037e-06  1.506e-06 -1.376e-01 -4.345e-06  5.848e-05 -2.100e-06  4.571e-06 
 -3.077e-08 -1.185e-06 -4.984e-01 -2.166e-06 -2.100e-06  5.712e-05  5.066e-07 
 -7.183e-07  1.037e-06  4.040e-01 -1.127e-06  4.571e-06  5.066e-07  5.795e-05 
 PARAMETER  CORRELATION COEFFICIENTS  
       NO.  GLOBAL      8      9     20     21     22     23     24
        8  0.13835   1.000  0.025  0.000  0.027  0.104 -0.003 -0.073
        9  0.22597   0.025  1.000  0.000  0.081  0.145 -0.116  0.100
       20  0.28675   0.000  0.000  1.000  0.123 -0.053 -0.193  0.156
       21  0.17309   0.027  0.081  0.123  1.000 -0.070 -0.036 -0.018
       22  0.21811   0.104  0.145 -0.053 -0.070  1.000 -0.036  0.079
       23  0.23379  -0.003 -0.116 -0.193 -0.036 -0.036  1.000  0.009
       24  0.22570  -0.073  0.100  0.156 -0.018  0.079  0.009  1.000
MINUIT - FIT wiggle + 1-CBO + 2-CBO
 **********
 **   42 **RES 
 **********
                   PARAMETER   16  beta_vw RESTORED TO VARIABLE.
                   PARAMETER   14  alpha_vw RESTORED TO VARIABLE.
                   PARAMETER   13  beta_y RESTORED TO VARIABLE.
                   PARAMETER   11  alpha_y RESTORED TO VARIABLE.
                   PARAMETER   10  beta_2CBO RESTORED TO VARIABLE.
                   PARAMETER    6  alpha_CBO RESTORED TO VARIABLE.
                   PARAMETER    4  phi RESTORED TO VARIABLE.
                   PARAMETER    3  A0 RESTORED TO VARIABLE.
                   PARAMETER    1  N0 RESTORED TO VARIABLE.
 **********
 **   43 **FIX           10
 **********
 **********
 **   44 **FIX           11
 **********
 **********
 **   45 **FIX           12
 **********
 PARAMETER   12  IS CONSTANT.   IGNORED.
 **********
 **   46 **FIX           13
 **********
 **********
 **   47 **FIX           14
 **********
 **********
 **   48 **FIX           15
 **********
 PARAMETER   15  IS CONSTANT.   IGNORED.
 **********
 **   49 **FIX           16
 **********
 **********
 **   50 **MIGRAD
 **********
 START MIGRAD MINIMIZATION.  STRATEGY  1.  CONVERGENCE WHEN EDM .LT. 1.00e-04
 FCN=59.8265 FROM MIGRAD    STATUS=INITIATE       22 CALLS        3309 TOTAL
                     EDM= unknown      STRATEGY= 1      NO ERROR MATRIX       
  EXT PARAMETER               CURRENT GUESS       STEP         FIRST   
  NO.   NAME      VALUE            ERROR          SIZE      DERIVATIVE 
   1  N0           3.41641e+06   3.23049e+03   3.23049e+03  -4.62192e-05
   2  tau          6.43834e+01   constant   
   3  A0           3.62037e-01   1.29053e-03   1.29053e-03  -3.18789e+02
   4  phi          4.11436e+00   3.66920e-03   3.66920e-03  -1.05193e+02
   5  R           -6.07281e+01   constant   
   6  alpha_CBO    2.71307e-04   1.30335e-03   1.30335e-03   1.39989e+02
   7  w_CBO        2.32500e+00   constant   
   8  beta_CBO    -1.27678e-03   1.29797e-03   4.89536e-06  -1.02754e-01
   9  alpha_2CBO   1.67914e-03   1.35671e-03   5.03294e-06  -2.23934e-01
  10  beta_2CBO   -3.01224e-03     fixed    
  11  alpha_y      0.00000e+00     fixed    
  12  w_y          1.44500e+01   constant   
  13  beta_y       1.10334e-03     fixed    
  14  alpha_vw     0.00000e+00     fixed    
  15  w_vw         1.29000e+01   constant   
  16  beta_vw      0.00000e+00     fixed    
  17  LM          -7.06631e-04   constant   
  18  zeta_y       0.00000e+00   constant   
  19  zeta_vw      0.00000e+00   constant   
  20  T_CBO        9.99822e+02   5.21481e+02   1.05389e-01  -6.08346e-05
  21  alpha_A0     7.36766e-03   8.06458e-03   3.02489e-05   6.10696e-02
  22  beta_A0     -3.14159e-03   7.64752e-03   2.84229e-05   7.69269e-02
  23  alpha_phi   -1.09111e-02   7.55780e-03   2.79849e-05  -1.78963e-02
  24  beta_phi     8.81994e-03   7.61246e-03   2.82426e-05   6.40533e-02
 MIGRAD MINIMIZATION HAS CONVERGED.
 MIGRAD WILL VERIFY CONVERGENCE AND ERROR MATRIX.
 COVARIANCE MATRIX CALCULATED SUCCESSFULLY
 FCN=59.7168 FROM MIGRAD    STATUS=CONVERGED     227 CALLS        3514 TOTAL
                     EDM=1.12033e-06    STRATEGY= 1      ERROR MATRIX ACCURATE 
  EXT PARAMETER                                   STEP         FIRST   
  NO.   NAME      VALUE            ERROR          SIZE      DERIVATIVE 
   1  N0           3.41671e+06   3.40748e+03   1.05852e+01   1.95042e-07
   2  tau          6.43834e+01   constant   
   3  A0           3.62346e-01   1.33793e-03   4.80168e-06  -1.71990e-01
   4  phi          4.11516e+00   3.80237e-03   1.38115e-05   6.24494e-02
   5  R           -6.07281e+01   constant   
   6  alpha_CBO    1.08595e-04   1.38595e-03   5.10575e-06   3.58854e-01
   7  w_CBO        2.32500e+00   constant   
   8  beta_CBO    -1.38122e-03   1.34398e-03   4.89052e-06  -2.19914e-01
   9  alpha_2CBO   1.70906e-03   1.36539e-03   5.02798e-06  -1.20715e-03
  10  beta_2CBO   -3.01224e-03     fixed    
  11  alpha_y      0.00000e+00     fixed    
  12  w_y          1.44500e+01   constant   
  13  beta_y       1.10334e-03     fixed    
  14  alpha_vw     0.00000e+00     fixed    
  15  w_vw         1.29000e+01   constant   
  16  beta_vw      0.00000e+00     fixed    
  17  LM          -7.06631e-04   constant   
  18  zeta_y       0.00000e+00   constant   
  19  zeta_vw      0.00000e+00   constant   
  20  T_CBO        1.00000e+03   9.60057e+02   1.26499e-01** at limit **
  21  alpha_A0     7.04408e-03   9.02304e-03   3.02020e-05   9.19295e-02
  22  beta_A0     -3.27985e-03   8.00677e-03   2.83760e-05  -2.93317e-02
  23  alpha_phi   -1.11629e-02   9.59229e-03   2.79306e-05  -1.32937e-02
  24  beta_phi     9.08717e-03   9.12193e-03   2.81898e-05   1.01990e-02
 EXTERNAL ERROR MATRIX.    NDIM=  25    NPAR= 11    ERR DEF=1
  1.161e+07 
 -4.372e-01  1.790e-06 
  1.510e+00  2.398e-07  1.446e-05 
 -2.990e-01 -3.036e-07  5.091e-07  1.921e-06 
 -1.038e-01 -2.794e-07 -1.097e-06 -5.682e-09  1.806e-06 
  2.253e-01  9.730e-08 -6.654e-08 -1.797e-07  3.510e-08  1.864e-06 
 -1.056e+02  8.745e-05 -6.201e-06 -2.057e-06  8.124e-07  1.692e-05  1.792e+02 
  4.095e+00 -1.948e-06 -5.494e-07  1.095e-06  5.885e-07  7.910e-07  4.939e-02  8.142e-05 
 -5.879e+00  6.219e-07 -1.675e-06  1.559e-07  1.091e-06  1.410e-06 -2.208e-02 -1.243e-05  6.411e-05 
 -4.661e+00  3.586e-07 -4.328e-06 -3.175e-07  2.523e-07 -1.219e-06 -7.826e-02 -2.413e-05  9.632e-06  9.201e-05 
 -4.720e+00  2.071e-06  7.510e-07 -1.969e-07 -1.053e-06  1.056e-06  6.399e-02  1.168e-05 -1.421e-07 -2.386e-05  8.321e-05 
 PARAMETER  CORRELATION COEFFICIENTS  
       NO.  GLOBAL      1      3      4      6      8      9     20     21     22     23     24
        1  0.36536   1.000 -0.096  0.117 -0.063 -0.023  0.048 -0.002  0.133 -0.215 -0.143 -0.152
        3  0.33204  -0.096  1.000  0.047 -0.164 -0.155  0.053  0.005 -0.161  0.058  0.028  0.170
        4  0.29761   0.117  0.047  1.000  0.097 -0.215 -0.013 -0.000 -0.016 -0.055 -0.119  0.022
        6  0.24998  -0.063 -0.164  0.097  1.000 -0.003 -0.095 -0.000  0.088  0.014 -0.024 -0.016
        8  0.29208  -0.023 -0.155 -0.215 -0.003  1.000  0.019  0.000  0.049  0.101  0.020 -0.086
        9  0.25149   0.048  0.053 -0.013 -0.095  0.019  1.000  0.001  0.064  0.129 -0.093  0.085
       20  0.76525  -0.002  0.005 -0.000 -0.000  0.000  0.001  1.000  0.409 -0.206 -0.609  0.524
       21  0.47546   0.133 -0.161 -0.016  0.088  0.049  0.064  0.409  1.000 -0.172 -0.279  0.142
       22  0.36385  -0.215  0.058 -0.055  0.014  0.101  0.129 -0.206 -0.172  1.000  0.125 -0.002
       23  0.64368  -0.143  0.028 -0.119 -0.024  0.020 -0.093 -0.609 -0.279  0.125  1.000 -0.273
       24  0.58335  -0.152  0.170  0.022 -0.016 -0.086  0.085  0.524  0.142 -0.002 -0.273  1.000
MINUIT - FIT ONLY 1-y
 **********
 **   51 **RES 
 **********
                   PARAMETER   16  beta_vw RESTORED TO VARIABLE.
                   PARAMETER   14  alpha_vw RESTORED TO VARIABLE.
                   PARAMETER   13  beta_y RESTORED TO VARIABLE.
                   PARAMETER   11  alpha_y RESTORED TO VARIABLE.
                   PARAMETER   10  beta_2CBO RESTORED TO VARIABLE.
 **********
 **   52 **FIX            0
 **********
 PARAMETER    0  IS UNDEFINED. IGNORED.
 **********
 **   53 **FIX            1
 **********
 **********
 **   54 **FIX            2
 **********
 PARAMETER    2  IS CONSTANT.   IGNORED.
 **********
 **   55 **FIX            3
 **********
 **********
 **   56 **FIX            4
 **********
 **********
 **   57 **FIX            5
 **********
 PARAMETER    5  IS CONSTANT.   IGNORED.
 **********
 **   58 **FIX            6
 **********
 **********
 **   59 **FIX            7
 **********
 PARAMETER    7  IS CONSTANT.   IGNORED.
 **********
 **   60 **FIX            8
 **********
 **********
 **   61 **FIX            9
 **********
 **********
 **   62 **FIX           13
 **********
 **********
 **   63 **FIX           14
 **********
 **********
 **   64 **FIX           15
 **********
 PARAMETER   15  IS CONSTANT.   IGNORED.
 **********
 **   65 **FIX           16
 **********
 **********
 **   66 **MIGRAD
 **********
 START MIGRAD MINIMIZATION.  STRATEGY  1.  CONVERGENCE WHEN EDM .LT. 1.00e-04
 FCN=59.7168 FROM MIGRAD    STATUS=INITIATE       16 CALLS        3530 TOTAL
                     EDM= unknown      STRATEGY= 1      NO ERROR MATRIX       
  EXT PARAMETER               CURRENT GUESS       STEP         FIRST   
  NO.   NAME      VALUE            ERROR          SIZE      DERIVATIVE 
   1  N0           3.41671e+06     fixed    
   2  tau          6.43834e+01   constant   
   3  A0           3.62346e-01     fixed    
   4  phi          4.11516e+00     fixed    
   5  R           -6.07281e+01   constant   
   6  alpha_CBO    1.08595e-04     fixed    
   7  w_CBO        2.32500e+00   constant   
   8  beta_CBO    -1.38122e-03     fixed    
   9  alpha_2CBO   1.70906e-03     fixed    
  10  beta_2CBO   -3.01224e-03   1.31361e-03   1.31361e-03  -4.46913e+01
  11  alpha_y      0.00000e+00   1.00000e-03   1.00000e-03  -1.76751e+03
  12  w_y          1.44500e+01   constant   
  13  beta_y       1.10334e-03     fixed    
  14  alpha_vw     0.00000e+00     fixed    
  15  w_vw         1.29000e+01   constant   
  16  beta_vw      0.00000e+00     fixed    
  17  LM          -7.06631e-04   constant   
  18  zeta_y       0.00000e+00   constant   
  19  zeta_vw      0.00000e+00   constant   
  20  T_CBO        1.00000e+03   9.60057e+02   1.26499e-01** at limit **
  21  alpha_A0     7.04408e-03   9.02304e-03   3.02020e-05   9.19319e-02
  22  beta_A0     -3.27985e-03   8.00677e-03   2.83760e-05  -2.93293e-02
  23  alpha_phi   -1.11629e-02   9.59229e-03   2.79306e-05  -1.32937e-02
  24  beta_phi     9.08717e-03   9.12193e-03   2.81898e-05   1.01990e-02
 MIGRAD MINIMIZATION HAS CONVERGED.
 MIGRAD WILL VERIFY CONVERGENCE AND ERROR MATRIX.
 COVARIANCE MATRIX CALCULATED SUCCESSFULLY
 FCN=58.3473 FROM MIGRAD    STATUS=CONVERGED     113 CALLS        3627 TOTAL
                     EDM=2.83201e-07    STRATEGY= 1      ERROR MATRIX ACCURATE 
  EXT PARAMETER                                   STEP         FIRST   
  NO.   NAME      VALUE            ERROR          SIZE      DERIVATIVE 
   1  N0           3.41671e+06     fixed    
   2  tau          6.43834e+01   constant   
   3  A0           3.62346e-01     fixed    
   4  phi          4.11516e+00     fixed    
   5  R           -6.07281e+01   constant   
   6  alpha_CBO    1.08595e-04     fixed    
   7  w_CBO        2.32500e+00   constant   
   8  beta_CBO    -1.38122e-03     fixed    
   9  alpha_2CBO   1.70906e-03     fixed    
  10  beta_2CBO   -2.97761e-03   1.33396e-03   4.90595e-06  -3.16516e-01
  11  alpha_y      1.54884e-03   1.32389e-03   4.97783e-06   7.89840e-03
  12  w_y          1.44500e+01   constant   
  13  beta_y       1.10334e-03     fixed    
  14  alpha_vw     0.00000e+00     fixed    
  15  w_vw         1.29000e+01   constant   
  16  beta_vw      0.00000e+00     fixed    
  17  LM          -7.06631e-04   constant   
  18  zeta_y       0.00000e+00   constant   
  19  zeta_vw      0.00000e+00   constant   
  20  T_CBO        1.00000e+03   8.19449e+02   1.68123e-01** at limit **
  21  alpha_A0     7.14556e-03   9.37800e-03   2.98607e-05  -4.86768e-03
  22  beta_A0     -3.10862e-03   7.78955e-03   2.80535e-05   7.79516e-03
  23  alpha_phi   -1.12284e-02   1.05447e-02   2.76136e-05  -7.06991e-02
  24  beta_phi     9.20798e-03   9.70440e-03   2.78700e-05  -5.02135e-02
 EXTERNAL ERROR MATRIX.    NDIM=  25    NPAR=  7    ERR DEF=1
  1.779e-06 -5.694e-09  4.278e-06 -1.606e-06  6.640e-07 -9.839e-07 -9.541e-07 
 -5.694e-09  1.753e-06  5.359e-07  1.610e-07  1.733e-07 -4.991e-08  1.614e-07 
  4.278e-06  5.359e-07  3.887e+01  2.987e-02 -1.248e-02 -4.688e-02  3.850e-02 
 -1.606e-06  1.610e-07  2.987e-02  8.795e-05 -1.499e-05 -3.533e-05  2.777e-05 
  6.640e-07  1.733e-07 -1.248e-02 -1.499e-05  6.068e-05  1.295e-05 -8.094e-06 
 -9.839e-07 -4.991e-08 -4.688e-02 -3.533e-05  1.295e-05  1.112e-04 -4.301e-05 
 -9.541e-07  1.614e-07  3.850e-02  2.777e-05 -8.094e-06 -4.301e-05  9.418e-05 
 PARAMETER  CORRELATION COEFFICIENTS  
       NO.  GLOBAL     10     11     20     21     22     23     24
       10  0.20997   1.000 -0.003  0.001 -0.128  0.064 -0.070 -0.074
       11  0.02911  -0.003  1.000  0.000  0.013  0.017 -0.004  0.013
       20  0.83702   0.001  0.000  1.000  0.511 -0.257 -0.713  0.636
       21  0.53242  -0.128  0.013  0.511  1.000 -0.205 -0.357  0.305
       22  0.28870   0.064  0.017 -0.257 -0.205  1.000  0.158 -0.107
       23  0.71787  -0.070 -0.004 -0.713 -0.357  0.158  1.000 -0.420
       24  0.64583  -0.074  0.013  0.636  0.305 -0.107 -0.420  1.000
MINUIT - FIT ONLY 2-y
 **********
 **   67 **RES 
 **********
                   PARAMETER   16  beta_vw RESTORED TO VARIABLE.
                   PARAMETER   14  alpha_vw RESTORED TO VARIABLE.
                   PARAMETER   13  beta_y RESTORED TO VARIABLE.
                   PARAMETER    9  alpha_2CBO RESTORED TO VARIABLE.
                   PARAMETER    8  beta_CBO RESTORED TO VARIABLE.
                   PARAMETER    6  alpha_CBO RESTORED TO VARIABLE.
                   PARAMETER    4  phi RESTORED TO VARIABLE.
                   PARAMETER    3  A0 RESTORED TO VARIABLE.
                   PARAMETER    1  N0 RESTORED TO VARIABLE.
 **********
 **   68 **FIX            0
 **********
 PARAMETER    0  IS UNDEFINED. IGNORED.
 **********
 **   69 **FIX            1
 **********
 **********
 **   70 **FIX            2
 **********
 PARAMETER    2  IS CONSTANT.   IGNORED.
 **********
 **   71 **FIX            3
 **********
 **********
 **   72 **FIX            4
 **********
 **********
 **   73 **FIX            5
 **********
 PARAMETER    5  IS CONSTANT.   IGNORED.
 **********
 **   74 **FIX            6
 **********
 **********
 **   75 **FIX            7
 **********
 PARAMETER    7  IS CONSTANT.   IGNORED.
 **********
 **   76 **FIX            8
 **********
 **********
 **   77 **FIX            9
 **********
 **********
 **   78 **FIX           10
 **********
 **********
 **   79 **FIX           11
 **********
 **********
 **   80 **FIX           12
 **********
 PARAMETER   12  IS CONSTANT.   IGNORED.
 **********
 **   81 **FIX           16
 **********
 **********
 **   82 **MIGRAD
 **********
 START MIGRAD MINIMIZATION.  STRATEGY  1.  CONVERGENCE WHEN EDM .LT. 1.00e-04
 FCN=58.3473 FROM MIGRAD    STATUS=INITIATE       16 CALLS        3643 TOTAL
                     EDM= unknown      STRATEGY= 1      NO ERROR MATRIX       
  EXT PARAMETER               CURRENT GUESS       STEP         FIRST   
  NO.   NAME      VALUE            ERROR          SIZE      DERIVATIVE 
   1  N0           3.41671e+06     fixed    
   2  tau          6.43834e+01   constant   
   3  A0           3.62346e-01     fixed    
   4  phi          4.11516e+00     fixed    
   5  R           -6.07281e+01   constant   
   6  alpha_CBO    1.08595e-04     fixed    
   7  w_CBO        2.32500e+00   constant   
   8  beta_CBO    -1.38122e-03     fixed    
   9  alpha_2CBO   1.70906e-03     fixed    
  10  beta_2CBO   -2.97761e-03     fixed    
  11  alpha_y      1.54884e-03     fixed    
  12  w_y          1.44500e+01   constant   
  13  beta_y       1.10334e-03   1.29973e-03   1.29973e-03   8.94016e+00
  14  alpha_vw     0.00000e+00   1.00000e-03   1.00000e-03   5.59810e+02
  15  w_vw         1.29000e+01   constant   
  16  beta_vw      0.00000e+00     fixed    
  17  LM          -7.06631e-04   constant   
  18  zeta_y       0.00000e+00   constant   
  19  zeta_vw      0.00000e+00   constant   
  20  T_CBO        1.00000e+03   8.19449e+02   1.68123e-01** at limit **
  21  alpha_A0     7.14556e-03   9.37800e-03   2.98607e-05  -4.86877e-03
  22  beta_A0     -3.10862e-03   7.78955e-03   2.80535e-05   7.79497e-03
  23  alpha_phi   -1.12284e-02   1.05447e-02   2.76136e-05  -7.06991e-02
  24  beta_phi     9.20798e-03   9.70440e-03   2.78700e-05  -5.02135e-02
 MIGRAD MINIMIZATION HAS CONVERGED.
 MIGRAD WILL VERIFY CONVERGENCE AND ERROR MATRIX.
 COVARIANCE MATRIX CALCULATED SUCCESSFULLY
 FCN=58.2042 FROM MIGRAD    STATUS=CONVERGED      99 CALLS        3726 TOTAL
                     EDM=6.69621e-06    STRATEGY= 1      ERROR MATRIX ACCURATE 
  EXT PARAMETER                                   STEP         FIRST   
  NO.   NAME      VALUE            ERROR          SIZE      DERIVATIVE 
   1  N0           3.41671e+06     fixed    
   2  tau          6.43834e+01   constant   
   3  A0           3.62346e-01     fixed    
   4  phi          4.11516e+00     fixed    
   5  R           -6.07281e+01   constant   
   6  alpha_CBO    1.08595e-04     fixed    
   7  w_CBO        2.32500e+00   constant   
   8  beta_CBO    -1.38122e-03     fixed    
   9  alpha_2CBO   1.70906e-03     fixed    
  10  beta_2CBO   -2.97761e-03     fixed    
  11  alpha_y      1.54884e-03     fixed    
  12  w_y          1.44500e+01   constant   
  13  beta_y       9.86459e-04   1.33453e-03   4.89416e-06  -1.25327e-01
  14  alpha_vw    -5.09635e-04   1.34663e-03   4.93709e-06  -3.74097e-01
  15  w_vw         1.29000e+01   constant   
  16  beta_vw      0.00000e+00     fixed    
