 + ++++++++++++++++++++++++++++++++++++++++++++++++++++++++++++++++++++ +
 +                                                                      +
 +           You have chose to blind your fitting according to          +
 +                omega_ref * (1 + (R +/- deltaR) *10^{-6})             +
 +                                                                      +
 + ++++++++++++++++++++++++++++++++++++++++++++++++++++++++++++++++++++ +
In main()...
reading format from /gm2data/zkhechad/run45/envelope/formats/formatB_sBin_constraintOn.txt
pBinTau 	= 0  
pBinPhi 	= 0  
constraintau 	= 1 
includeMopTerm 	= 0    
constrainMop    = 0   
Parameters after format file: pBinTau 0 pBinPhi 0 constraintau 1 includeMopTerm 0 constrainMop 0 c_e_scale 0.000000 
Opening file /gm2data/tbarrett/gm2fr/studies/run23_bunch_corrections/CorrectedFourier_Run3b.root.
reading full fit data from /gm2data/zkhechad/cboTemplates/Run4CBOTemplates/templateFits0_v2.0/noRF/sBin_constraintOn_cE0.0_seed0_noRF_calo18.root
windowBins = 69
fitting sliding window 2328 from bin 2464 at 367.479600 to bin 2533 at 377.923600 (69 bins)

Reading data from /gm2data/cornell/histograms/aMethod/histogram_a_noRF.root
 **********
 **    1 **SET PRINTOUT            1
 **********
 **********
 **    2 **SET NOWARNINGS 
 **********
 PARAMETER DEFINITIONS:
    NO.   NAME         VALUE      STEP SIZE      LIMITS
     1 N0           3.61661e+06  1.00000e+02     no limits
     2 tau          6.44027e+01  constant
     3 A0           3.53412e-01  1.00000e-04     no limits
     4 phi          4.12202e+00  1.00000e-02     no limits
     5 R           -6.06479e+01  constant
     6 alpha_CBO    0.00000e+00  1.00000e-03     no limits
     7 w_CBO        2.32500e+00  constant
     8 beta_CBO     0.00000e+00  1.00000e-03     no limits
     9 alpha_2CBO   0.00000e+00  1.00000e-03     no limits
    10 beta_2CBO    0.00000e+00  1.00000e-03     no limits
    11 alpha_y      0.00000e+00  1.00000e-03     no limits
    12 w_y          1.44500e+01  constant
    13 beta_y       0.00000e+00  1.00000e-03     no limits
    14 alpha_vw     0.00000e+00  1.00000e-03     no limits
    15 w_vw         1.29000e+01  constant
    16 beta_vw      0.00000e+00  1.00000e-03     no limits
    17 LM          -1.06686e-04  constant
    18 zeta_y       0.00000e+00  constant
    19 zeta_vw      0.00000e+00  constant
    20 T_CBO        1.00000e+02  1.00000e+00    0.00000e+00  1.00000e+03
    21 alpha_A0     0.00000e+00  1.00000e-03     no limits
    22 beta_A0      0.00000e+00  1.00000e-03     no limits
    23 alpha_phi    0.00000e+00  1.00000e-03     no limits
    24 beta_phi     0.00000e+00  1.00000e-03     no limits
MINUIT - FIT ONLY WIGGLE
 **********
 **    3 **FIX            5
 **********
 PARAMETER    5  IS CONSTANT.   IGNORED.
 **********
 **    4 **FIX            6
 **********
 **********
 **    5 **FIX            7
 **********
 PARAMETER    7  IS CONSTANT.   IGNORED.
 **********
 **    6 **FIX            8
 **********
 **********
 **    7 **FIX            9
 **********
 **********
 **    8 **FIX           10
 **********
 **********
 **    9 **FIX           11
 **********
 **********
 **   10 **FIX           12
 **********
 PARAMETER   12  IS CONSTANT.   IGNORED.
 **********
 **   11 **FIX           13
 **********
 **********
 **   12 **FIX           14
 **********
 **********
 **   13 **FIX           15
 **********
 PARAMETER   15  IS CONSTANT.   IGNORED.
 **********
 **   14 **FIX           16
 **********
 **********
 **   15 **MIGRAD
 **********
 FIRST CALL TO USER FUNCTION AT NEW START POINT, WITH IFLAG=4.
 START MIGRAD MINIMIZATION.  STRATEGY  1.  CONVERGENCE WHEN EDM .LT. 1.00e-04
 FCN=61.3786 FROM MIGRAD    STATUS=INITIATE      437 CALLS         438 TOTAL
                     EDM= unknown      STRATEGY= 1      NO ERROR MATRIX       
  EXT PARAMETER               CURRENT GUESS       STEP         FIRST   
  NO.   NAME      VALUE            ERROR          SIZE      DERIVATIVE 
   1  N0           3.61661e+06   1.00000e+02   0.00000e+00  -1.57485e-04
   2  tau          6.44027e+01   constant   
   3  A0           3.53412e-01   1.00000e-04   0.00000e+00   3.39332e+03
   4  phi          4.12202e+00   1.00000e-02   0.00000e+00  -1.03132e+03
   5  R           -6.06479e+01   constant   
   6  alpha_CBO    0.00000e+00     fixed    
   7  w_CBO        2.32500e+00   constant   
   8  beta_CBO     0.00000e+00     fixed    
   9  alpha_2CBO   0.00000e+00     fixed    
  10  beta_2CBO    0.00000e+00     fixed    
  11  alpha_y      0.00000e+00     fixed    
  12  w_y          1.44500e+01   constant   
  13  beta_y       0.00000e+00     fixed    
  14  alpha_vw     0.00000e+00     fixed    
  15  w_vw         1.29000e+01   constant   
  16  beta_vw      0.00000e+00     fixed    
  17  LM          -1.06686e-04   constant   
  18  zeta_y       0.00000e+00   constant   
  19  zeta_vw      0.00000e+00   constant   
  20  T_CBO        1.00000e+02   1.00000e+00   0.00000e+00   0.00000e+00
  21  alpha_A0     0.00000e+00   1.00000e-03   0.00000e+00   5.54947e+00
  22  beta_A0      0.00000e+00   1.00000e-03   0.00000e+00   2.02397e+01
  23  alpha_phi    0.00000e+00   1.00000e-03   0.00000e+00   1.68767e+01
  24  beta_phi     0.00000e+00   1.00000e-03   0.00000e+00   6.58619e+00
 CALL LIMIT EXCEEDED IN MIGRAD.
 MIGRAD TERMINATED WITHOUT CONVERGENCE.
 FCN=50.6293 FROM MIGRAD    STATUS=CALL LIMIT   1321 CALLS        1322 TOTAL
                     EDM=0.000353279    STRATEGY= 1  ERROR MATRIX UNCERTAINTY   0.1 per cent
  EXT PARAMETER                APPROXIMATE        STEP         FIRST   
  NO.   NAME      VALUE            ERROR          SIZE      DERIVATIVE 
   1  N0           3.61718e+06   2.71584e+03  -2.50443e+00   1.24271e-06
   2  tau          6.44027e+01   constant   
   3  A0           3.51554e-01   9.64543e-04   2.94029e-06  -1.68796e+01
   4  phi          4.12715e+00   2.85093e-03   5.42086e-06  -1.88314e+00
   5  R           -6.06479e+01   constant   
   6  alpha_CBO    0.00000e+00     fixed    
   7  w_CBO        2.32500e+00   constant   
   8  beta_CBO     0.00000e+00     fixed    
   9  alpha_2CBO   0.00000e+00     fixed    
  10  beta_2CBO    0.00000e+00     fixed    
  11  alpha_y      0.00000e+00     fixed    
  12  w_y          1.44500e+01   constant   
  13  beta_y       0.00000e+00     fixed    
  14  alpha_vw     0.00000e+00     fixed    
  15  w_vw         1.29000e+01   constant   
  16  beta_vw      0.00000e+00     fixed    
  17  LM          -1.06686e-04   constant   
  18  zeta_y       0.00000e+00   constant   
  19  zeta_vw      0.00000e+00   constant   
  20  T_CBO        5.67376e+01   3.79093e+01  -3.64541e-03  -2.11210e+00
  21  alpha_A0    -1.69754e+00   6.22639e+00  -1.31180e-01   9.94205e-03
  22  beta_A0     -4.99973e+00   1.98686e+01  -4.16209e-01   8.28660e-03
  23  alpha_phi   -3.77953e+00   1.48530e+01  -3.11279e-01   6.16111e-03
  24  beta_phi     9.71191e-01   3.84739e+00   8.01283e-02  -1.17793e-02
 EXTERNAL ERROR MATRIX.    NDIM=  25    NPAR=  8    ERR DEF=1
  7.376e+06  1.700e-01  1.568e+00  2.447e+03  3.632e+02  1.410e+03  1.093e+03 -1.603e+02 
  1.700e-01  9.303e-07 -2.157e-07  1.493e-04  9.491e-05  3.146e-04  2.391e-04 -8.577e-05 
  1.568e+00 -2.157e-07  8.128e-06 -2.250e-03 -5.754e-04 -1.752e-03 -1.285e-03  4.159e-04 
  2.447e+03  1.493e-04 -2.250e-03  1.450e+03  2.365e+02  7.547e+02  5.642e+02 -1.459e+02 
  3.632e+02  9.491e-05 -5.754e-04  2.365e+02  3.877e+01  1.236e+02  9.243e+01 -2.391e+01 
  1.410e+03  3.146e-04 -1.752e-03  7.547e+02  1.236e+02  3.948e+02  2.951e+02 -7.634e+01 
  1.093e+03  2.391e-04 -1.285e-03  5.642e+02  9.243e+01  2.951e+02  2.206e+02 -5.707e+01 
 -1.603e+02 -8.577e-05  4.159e-04 -1.459e+02 -2.391e+01 -7.634e+01 -5.707e+01  1.480e+01 
ERR MATRIX APPROXIMATE
 PARAMETER  CORRELATION COEFFICIENTS  
       NO.  GLOBAL      1      3      4     20     21     22     23     24
        1  0.34737   1.000  0.065  0.203  0.024  0.021  0.026  0.027 -0.015
        3  0.23608   0.065  1.000 -0.078  0.004  0.016  0.016  0.017 -0.023
        4  0.28118   0.203 -0.078  1.000 -0.021 -0.032 -0.031 -0.030  0.038
       20  0.99780   0.024  0.004 -0.021  1.000  0.998  0.997  0.997 -0.996
       21  0.99951   0.021  0.016 -0.032  0.998  1.000  0.999  0.999 -0.998
       22  0.99992   0.026  0.016 -0.031  0.997  0.999  1.000  1.000 -0.999
       23  0.99992   0.027  0.017 -0.030  0.997  0.999  1.000  1.000 -0.999
       24  0.99883  -0.015 -0.023  0.038 -0.996 -0.998 -0.999 -0.999  1.000
 ERR MATRIX APPROXIMATE
MINUIT - FIT ONLY 1-CBO + wiggle
 **********
 **   16 **RES 
 **********
                   PARAMETER   16  beta_vw RESTORED TO VARIABLE.
                   PARAMETER   14  alpha_vw RESTORED TO VARIABLE.
                   PARAMETER   13  beta_y RESTORED TO VARIABLE.
                   PARAMETER   11  alpha_y RESTORED TO VARIABLE.
                   PARAMETER   10  beta_2CBO RESTORED TO VARIABLE.
                   PARAMETER    9  alpha_2CBO RESTORED TO VARIABLE.
                   PARAMETER    8  beta_CBO RESTORED TO VARIABLE.
                   PARAMETER    6  alpha_CBO RESTORED TO VARIABLE.
 **********
 **   17 **FIX            8
 **********
 **********
 **   18 **FIX            9
 **********
 **********
 **   19 **FIX           11
 **********
 **********
 **   20 **FIX           12
 **********
 PARAMETER   12  IS CONSTANT.   IGNORED.
 **********
 **   21 **FIX           14
 **********
 **********
 **   22 **FIX           15
 **********
 PARAMETER   15  IS CONSTANT.   IGNORED.
 **********
 **   23 **FIX           16
 **********
 **********
 **   24 **MIGRAD
 **********
 START MIGRAD MINIMIZATION.  STRATEGY  1.  CONVERGENCE WHEN EDM .LT. 1.00e-04
 FCN=50.6293 FROM MIGRAD    STATUS=INITIATE       28 CALLS        1350 TOTAL
                     EDM= unknown      STRATEGY= 1      NO ERROR MATRIX       
  EXT PARAMETER               CURRENT GUESS       STEP         FIRST   
  NO.   NAME      VALUE            ERROR          SIZE      DERIVATIVE 
   1  N0           3.61718e+06   2.71584e+03  -2.50443e+00   1.24271e-06
   2  tau          6.44027e+01   constant   
   3  A0           3.51554e-01   9.64543e-04   2.94029e-06  -1.68796e+01
   4  phi          4.12715e+00   2.85093e-03   5.42086e-06  -1.88314e+00
   5  R           -6.06479e+01   constant   
   6  alpha_CBO    0.00000e+00   1.00000e-03   1.00000e-03  -4.55849e+03
   7  w_CBO        2.32500e+00   constant   
   8  beta_CBO     0.00000e+00     fixed    
   9  alpha_2CBO   0.00000e+00     fixed    
  10  beta_2CBO    0.00000e+00   1.00000e-03   1.00000e-03  -1.30017e+03
  11  alpha_y      0.00000e+00     fixed    
  12  w_y          1.44500e+01   constant   
  13  beta_y       0.00000e+00   1.00000e-03   1.00000e-03  -3.22865e+02
  14  alpha_vw     0.00000e+00     fixed    
  15  w_vw         1.29000e+01   constant   
  16  beta_vw      0.00000e+00     fixed    
  17  LM          -1.06686e-04   constant   
  18  zeta_y       0.00000e+00   constant   
  19  zeta_vw      0.00000e+00   constant   
  20  T_CBO        5.67376e+01   3.79093e+01  -3.64541e-03  -2.11211e+00
  21  alpha_A0    -1.69754e+00   6.22639e+00  -1.31180e-01   9.94205e-03
  22  beta_A0     -4.99973e+00   1.98686e+01  -4.16209e-01   8.28660e-03
  23  alpha_phi   -3.77953e+00   1.48530e+01  -3.11279e-01   6.16111e-03
  24  beta_phi     9.71191e-01   3.84739e+00   8.01283e-02  -1.17793e-02
 MIGRAD MINIMIZATION HAS CONVERGED.
 MIGRAD WILL VERIFY CONVERGENCE AND ERROR MATRIX.
 FCN=44.1814 FROM HESSE     STATUS=NOT POSDEF    100 CALLS        1591 TOTAL
                     EDM=0.000773042    STRATEGY= 1      ERR MATRIX NOT POS-DEF
  EXT PARAMETER                APPROXIMATE        STEP         FIRST   
  NO.   NAME      VALUE            ERROR          SIZE      DERIVATIVE 
   1  N0           3.61738e+06   2.78807e+03   7.80253e+00  -1.26390e-07
   2  tau          6.44027e+01   constant   
   3  A0           3.51898e-01   9.86589e-04   3.12774e-06   3.76706e-01
   4  phi          4.12589e+00   2.90719e-03   9.03278e-06   2.18705e-01
   5  R           -6.06479e+01   constant   
   6  alpha_CBO    2.62326e-03   1.07410e-03   3.36094e-06   1.31450e-01
   7  w_CBO        2.32500e+00   constant   
   8  beta_CBO     0.00000e+00     fixed    
   9  alpha_2CBO   0.00000e+00     fixed    
  10  beta_2CBO    6.92447e-04   1.05467e-03   3.37125e-06  -9.52020e-01
  11  alpha_y      0.00000e+00     fixed    
  12  w_y          1.44500e+01   constant   
  13  beta_y       1.64584e-04   1.01226e-03   3.32367e-06   4.43141e-01
  14  alpha_vw     0.00000e+00     fixed    
  15  w_vw         1.29000e+01   constant   
  16  beta_vw      0.00000e+00     fixed    
  17  LM          -1.06686e-04   constant   
  18  zeta_y       0.00000e+00   constant   
  19  zeta_vw      0.00000e+00   constant   
  20  T_CBO        5.58910e+01   6.18470e+01   5.84393e-05   1.13626e-01
  21  alpha_A0    -5.14638e-01   5.09289e+00   1.02348e-02   2.47278e-04
  22  beta_A0     -5.36903e+00   4.01922e+01   9.78110e-03   3.53737e-04
  23  alpha_phi   -2.80583e+00   2.09119e+01   9.52975e-03   4.05364e-04
  24  beta_phi     1.01058e+00   8.25086e+00   1.01762e-02  -1.45315e-04
 CALL LIMIT EXCEEDED IN MIGRAD.
 MIGRAD TERMINATED WITHOUT CONVERGENCE.
 FCN=44.1505 FROM MIGRAD    STATUS=CALL LIMIT   1912 CALLS        3234 TOTAL
                     EDM=0.00114652    STRATEGY= 1      ERR MATRIX NOT POS-DEF
  EXT PARAMETER                APPROXIMATE        STEP         FIRST   
  NO.   NAME      VALUE            ERROR          SIZE      DERIVATIVE 
   1  N0           3.61740e+06   2.69734e+03  -7.43501e+00  -3.84097e-06
   2  tau          6.44027e+01   constant   
   3  A0           3.51904e-01   9.84888e-04   1.32629e-06  -3.09178e-01
   4  phi          4.12605e+00   2.90256e-03   1.91648e-05   5.96675e+00
   5  R           -6.06479e+01   constant   
   6  alpha_CBO    2.61988e-03   1.07259e-03   2.10144e-06   1.00381e+00
   7  w_CBO        2.32500e+00   constant   
   8  beta_CBO     0.00000e+00     fixed    
   9  alpha_2CBO   0.00000e+00     fixed    
  10  beta_2CBO    6.86532e-04   1.07341e-03  -6.83372e-06  -1.07744e+01
  11  alpha_y      0.00000e+00     fixed    
  12  w_y          1.44500e+01   constant   
  13  beta_y       1.68712e-04   1.02069e-03   5.00697e-06   7.30961e+00
  14  alpha_vw     0.00000e+00     fixed    
  15  w_vw         1.29000e+01   constant   
  16  beta_vw      0.00000e+00     fixed    
  17  LM          -1.06686e-04   constant   
  18  zeta_y       0.00000e+00   constant   
  19  zeta_vw      0.00000e+00   constant   
  20  T_CBO        3.42366e+01   1.51709e+01  -1.61683e-03  -4.29430e+00
  21  alpha_A0    -4.00195e+01   1.86386e+02  -3.58771e+00   7.12592e-05
  22  beta_A0     -3.62499e+02   1.58843e+03  -3.14775e+01   1.68896e-04
  23  alpha_phi   -1.81315e+02   7.86794e+02  -1.56406e+01   1.18160e-04
  24  beta_phi     6.83769e+01   3.03046e+02   6.01783e+00   5.15708e-05
 EXTERNAL ERROR MATRIX.    NDIM=  25    NPAR= 11    ERR DEF=1
  7.276e+06 
  2.712e-01  9.700e-07 
  9.753e-01 -1.913e-07  8.425e-06 
  4.534e-02  1.417e-07 -6.135e-07  1.150e-06 
 -1.111e-01  1.191e-08 -5.100e-09 -2.507e-08  1.152e-06 
 -7.115e-02  3.030e-08  3.072e-08  9.154e-10 -3.429e-08  1.042e-06 
 -8.745e+02 -2.328e-04 -2.436e-03 -2.973e-04  8.239e-05 -1.740e-04  2.307e+02 
 -1.955e+04 -2.346e-03 -7.623e-02  7.358e-03  2.013e-02 -8.230e-03  2.666e+03  3.474e+04 
  2.053e+04 -1.473e-02 -4.574e-01 -2.822e-02  5.950e-02 -5.846e-02  2.401e+04  2.794e+05  2.523e+06 
 -3.350e+03 -7.398e-03 -2.428e-01 -6.778e-03  3.904e-02 -2.994e-02  1.188e+04  1.408e+05  1.248e+06  6.190e+05 
  1.575e+03  2.498e-03  9.282e-02  3.478e-03 -1.376e-02  1.144e-02 -4.579e+03 -5.396e+04 -4.810e+05 -2.384e+05  9.184e+04 
ERR MATRIX NOT POS-DEF
 PARAMETER  CORRELATION COEFFICIENTS  
       NO.  GLOBAL      1      3      4      6     10     13     20     21     22     23     24
        1  0.49379   1.000  0.102  0.125  0.016 -0.038 -0.026 -0.021 -0.039  0.005 -0.002  0.002
        3  0.24481   0.102  1.000 -0.067  0.134  0.011  0.030 -0.016 -0.013 -0.009 -0.010  0.008
        4  0.62343   0.125 -0.067  1.000 -0.197 -0.002  0.010 -0.055 -0.141 -0.099 -0.106  0.106
        6  0.28932   0.016  0.134 -0.197  1.000 -0.022  0.001 -0.018  0.037 -0.017 -0.008  0.011
       10  0.48909  -0.038  0.011 -0.002 -0.022  1.000 -0.031  0.005  0.101  0.035  0.046 -0.042
       13  0.32161  -0.026  0.030  0.010  0.001 -0.031  1.000 -0.011 -0.043 -0.036 -0.037  0.037
       20  0.99762  -0.021 -0.016 -0.055 -0.018  0.005 -0.011  1.000  0.942  0.995  0.994 -0.995
       21  0.99954  -0.039 -0.013 -0.141  0.037  0.101 -0.043  0.942  1.000  0.944  0.960 -0.955
       22  0.99998   0.005 -0.009 -0.099 -0.017  0.035 -0.036  0.995  0.944  1.000  0.999 -0.999
       23  0.99999  -0.002 -0.010 -0.106 -0.008  0.046 -0.037  0.994  0.960  0.999  1.000 -1.000
       24  0.99995   0.002  0.008  0.106  0.011 -0.042  0.037 -0.995 -0.955 -0.999 -1.000  1.000
 ERR MATRIX NOT POS-DEF
MINUIT - FIT ONLY 2-CBO
 **********
 **   25 **RES 
 **********
                   PARAMETER   16  beta_vw RESTORED TO VARIABLE.
                   PARAMETER   14  alpha_vw RESTORED TO VARIABLE.
                   PARAMETER   11  alpha_y RESTORED TO VARIABLE.
                   PARAMETER    9  alpha_2CBO RESTORED TO VARIABLE.
                   PARAMETER    8  beta_CBO RESTORED TO VARIABLE.
 **********
 **   26 **FIX            0
 **********
 PARAMETER    0  IS UNDEFINED. IGNORED.
 **********
 **   27 **FIX            1
 **********
 **********
 **   28 **FIX            2
 **********
 PARAMETER    2  IS CONSTANT.   IGNORED.
 **********
 **   29 **FIX            3
 **********
 **********
 **   30 **FIX            4
 **********
 **********
 **   31 **FIX            5
 **********
 PARAMETER    5  IS CONSTANT.   IGNORED.
 **********
 **   32 **FIX            6
 **********
 **********
 **   33 **FIX            7
 **********
 PARAMETER    7  IS CONSTANT.   IGNORED.
 **********
 **   34 **FIX           10
 **********
 **********
 **   35 **FIX           11
 **********
 **********
 **   36 **FIX           12
 **********
 PARAMETER   12  IS CONSTANT.   IGNORED.
 **********
 **   37 **FIX           13
 **********
 **********
 **   38 **FIX           14
 **********
 **********
 **   39 **FIX           15
 **********
 PARAMETER   15  IS CONSTANT.   IGNORED.
 **********
 **   40 **FIX           16
 **********
 **********
 **   41 **MIGRAD
 **********
 START MIGRAD MINIMIZATION.  STRATEGY  1.  CONVERGENCE WHEN EDM .LT. 1.00e-04
 FCN=44.1505 FROM MIGRAD    STATUS=INITIATE       18 CALLS        3252 TOTAL
                     EDM= unknown      STRATEGY= 1      NO ERROR MATRIX       
  EXT PARAMETER               CURRENT GUESS       STEP         FIRST   
  NO.   NAME      VALUE            ERROR          SIZE      DERIVATIVE 
   1  N0           3.61740e+06     fixed    
   2  tau          6.44027e+01   constant   
   3  A0           3.51904e-01     fixed    
   4  phi          4.12605e+00     fixed    
   5  R           -6.06479e+01   constant   
   6  alpha_CBO    2.61988e-03     fixed    
   7  w_CBO        2.32500e+00   constant   
   8  beta_CBO     0.00000e+00   1.00000e-03   1.00000e-03  -2.19530e+03
   9  alpha_2CBO   0.00000e+00   1.00000e-03   1.00000e-03  -2.21454e+03
  10  beta_2CBO    6.86532e-04     fixed    
  11  alpha_y      0.00000e+00     fixed    
  12  w_y          1.44500e+01   constant   
  13  beta_y       1.68712e-04     fixed    
  14  alpha_vw     0.00000e+00     fixed    
  15  w_vw         1.29000e+01   constant   
  16  beta_vw      0.00000e+00     fixed    
  17  LM          -1.06686e-04   constant   
  18  zeta_y       0.00000e+00   constant   
  19  zeta_vw      0.00000e+00   constant   
  20  T_CBO        3.42366e+01   1.51709e+01  -1.61683e-03  -4.29431e+00
  21  alpha_A0    -4.00195e+01   1.86386e+02  -3.58771e+00   7.12592e-05
  22  beta_A0     -3.62499e+02   1.58843e+03  -3.14775e+01   1.68896e-04
  23  alpha_phi   -1.81315e+02   7.86794e+02  -1.56406e+01   1.18160e-04
  24  beta_phi     6.83769e+01   3.03046e+02   6.01783e+00   5.15708e-05
 MIGRAD MINIMIZATION HAS CONVERGED.
 MIGRAD WILL VERIFY CONVERGENCE AND ERROR MATRIX.
 COVARIANCE MATRIX CALCULATED SUCCESSFULLY
 FCN=41.6457 FROM HESSE     STATUS=OK             50 CALLS        3364 TOTAL
                     EDM=0.00955213    STRATEGY= 1      ERROR MATRIX ACCURATE 
  EXT PARAMETER                                   STEP         FIRST   
  NO.   NAME      VALUE            ERROR          SIZE      DERIVATIVE 
   1  N0           3.61740e+06     fixed    
   2  tau          6.44027e+01   constant   
   3  A0           3.51904e-01     fixed    
   4  phi          4.12605e+00     fixed    
   5  R           -6.06479e+01   constant   
   6  alpha_CBO    2.61988e-03     fixed    
   7  w_CBO        2.32500e+00   constant   
   8  beta_CBO     1.12927e-03   1.03454e-03   3.23400e-06  -1.48421e+00
   9  alpha_2CBO   1.14407e-03   1.03363e-03   3.22441e-06   3.31980e-01
  10  beta_2CBO    6.86532e-04     fixed    
  11  alpha_y      0.00000e+00     fixed    
  12  w_y          1.44500e+01   constant   
  13  beta_y       1.68712e-04     fixed    
  14  alpha_vw     0.00000e+00     fixed    
  15  w_vw         1.29000e+01   constant   
  16  beta_vw      0.00000e+00     fixed    
  17  LM          -1.06686e-04   constant   
  18  zeta_y       0.00000e+00   constant   
  19  zeta_vw      0.00000e+00   constant   
  20  T_CBO        3.40812e+01   8.42486e+01   2.92139e-05   1.51528e-01
  21  alpha_A0    -6.16513e+01   1.76559e+03   7.05672e-01   2.41671e-06
  22  beta_A0     -3.50344e+02   9.85006e+03   6.71238e-01   1.48218e-05
  23  alpha_phi   -1.66678e+02   4.62948e+03   6.51960e-01  -4.86202e-06
  24  beta_phi     4.58768e+01   1.30802e+03   7.04823e-01   4.15709e-06
 CALL LIMIT EXCEEDED IN MIGRAD.
 MIGRAD TERMINATED WITHOUT CONVERGENCE.
 FCN=41.6167 FROM MIGRAD    STATUS=CALL LIMIT   1151 CALLS        4385 TOTAL
                     EDM=0.000349039    STRATEGY= 1  ERROR MATRIX UNCERTAINTY  25.1 per cent
  EXT PARAMETER                APPROXIMATE        STEP         FIRST   
  NO.   NAME      VALUE            ERROR          SIZE      DERIVATIVE 
   1  N0           3.61740e+06     fixed    
   2  tau          6.44027e+01   constant   
   3  A0           3.51904e-01     fixed    
   4  phi          4.12605e+00     fixed    
   5  R           -6.06479e+01   constant   
   6  alpha_CBO    2.61988e-03     fixed    
   7  w_CBO        2.32500e+00   constant   
   8  beta_CBO     1.11868e-03   9.98094e-04   4.04601e-07  -4.28791e+00
   9  alpha_2CBO   1.15312e-03   1.00529e-03   4.85701e-06  -3.02960e+00
  10  beta_2CBO    6.86532e-04     fixed    
  11  alpha_y      0.00000e+00     fixed    
  12  w_y          1.44500e+01   constant   
  13  beta_y       1.68712e-04     fixed    
  14  alpha_vw     0.00000e+00     fixed    
  15  w_vw         1.29000e+01   constant   
  16  beta_vw      0.00000e+00     fixed    
  17  LM          -1.06686e-04   constant   
  18  zeta_y       0.00000e+00   constant   
  19  zeta_vw      0.00000e+00   constant   
  20  T_CBO        2.39216e+01   1.02796e+01  -1.12125e-03  -4.81746e+00
  21  alpha_A0    -6.78822e+03   4.17885e+04  -6.75314e+02   8.46361e-07
  22  beta_A0     -3.62695e+04   2.21148e+05  -3.57417e+03   6.92383e-07
  23  alpha_phi   -1.59203e+04   9.54777e+04  -1.54327e+03   1.56786e-06
  24  beta_phi     4.38990e+03   2.60957e+04   4.21800e+02   3.31773e-07
 EXTERNAL ERROR MATRIX.    NDIM=  25    NPAR=  7    ERR DEF=1
  9.962e-07 -1.062e-08 -6.307e-05  2.775e-01  1.467e+00  6.192e-01 -1.589e-01 
 -1.062e-08  1.011e-06 -4.145e-04 -1.845e+00 -9.646e+00 -4.140e+00  1.105e+00 
 -6.307e-05 -4.145e-04  1.058e+02  4.292e+05  2.271e+06  9.806e+05 -2.680e+05 
  2.775e-01 -1.845e+00  4.292e+05  1.746e+09  9.241e+09  3.990e+09 -1.090e+09 
  1.467e+00 -9.646e+00  2.271e+06  9.241e+09  4.891e+10  2.111e+10 -5.771e+09 
  6.192e-01 -4.140e+00  9.806e+05  3.990e+09  2.111e+10  9.116e+09 -2.491e+09 
 -1.589e-01  1.105e+00 -2.680e+05 -1.090e+09 -5.771e+09 -2.491e+09  6.810e+08 
ERR MATRIX APPROXIMATE
 PARAMETER  CORRELATION COEFFICIENTS  
       NO.  GLOBAL      8      9     20     21     22     23     24
        8  0.22816   1.000 -0.011 -0.006  0.007  0.007  0.006 -0.006
        9  0.20379  -0.011  1.000 -0.040 -0.044 -0.043 -0.043  0.042
       20  0.99849  -0.006 -0.040  1.000  0.998  0.998  0.998 -0.998
       21  0.99999   0.007 -0.044  0.998  1.000  1.000  1.000 -1.000
       22  1.00000   0.007 -0.043  0.998  1.000  1.000  1.000 -1.000
       23  1.00000   0.006 -0.043  0.998  1.000  1.000  1.000 -1.000
       24  0.99996  -0.006  0.042 -0.998 -1.000 -1.000 -1.000  1.000
 ERR MATRIX APPROXIMATE
MINUIT - FIT wiggle + 1-CBO + 2-CBO
 **********
 **   42 **RES 
 **********
                   PARAMETER   16  beta_vw RESTORED TO VARIABLE.
                   PARAMETER   14  alpha_vw RESTORED TO VARIABLE.
                   PARAMETER   13  beta_y RESTORED TO VARIABLE.
                   PARAMETER   11  alpha_y RESTORED TO VARIABLE.
                   PARAMETER   10  beta_2CBO RESTORED TO VARIABLE.
                   PARAMETER    6  alpha_CBO RESTORED TO VARIABLE.
                   PARAMETER    4  phi RESTORED TO VARIABLE.
                   PARAMETER    3  A0 RESTORED TO VARIABLE.
                   PARAMETER    1  N0 RESTORED TO VARIABLE.
 **********
 **   43 **FIX           10
 **********
 **********
 **   44 **FIX           11
 **********
 **********
 **   45 **FIX           12
 **********
 PARAMETER   12  IS CONSTANT.   IGNORED.
 **********
 **   46 **FIX           13
 **********
 **********
 **   47 **FIX           14
 **********
 **********
 **   48 **FIX           15
 **********
 PARAMETER   15  IS CONSTANT.   IGNORED.
 **********
 **   49 **FIX           16
 **********
 **********
 **   50 **MIGRAD
 **********
 START MIGRAD MINIMIZATION.  STRATEGY  1.  CONVERGENCE WHEN EDM .LT. 1.00e-04
 FCN=41.6167 FROM MIGRAD    STATUS=INITIATE       22 CALLS        4407 TOTAL
                     EDM= unknown      STRATEGY= 1      NO ERROR MATRIX       
  EXT PARAMETER               CURRENT GUESS       STEP         FIRST   
  NO.   NAME      VALUE            ERROR          SIZE      DERIVATIVE 
   1  N0           3.61740e+06   2.69734e+03   2.69734e+03  -1.62250e-05
   2  tau          6.44027e+01   constant   
   3  A0           3.51904e-01   9.84888e-04   9.84888e-04  -6.87632e+02
   4  phi          4.12605e+00   2.90256e-03   2.90256e-03  -4.90370e+01
   5  R           -6.06479e+01   constant   
   6  alpha_CBO    2.61988e-03   1.07259e-03   1.07259e-03  -6.64924e+00
   7  w_CBO        2.32500e+00   constant   
   8  beta_CBO     1.11868e-03   9.98094e-04   4.04601e-07  -4.28791e+00
   9  alpha_2CBO   1.15312e-03   1.00529e-03   4.85701e-06  -3.02960e+00
  10  beta_2CBO    6.86532e-04     fixed    
  11  alpha_y      0.00000e+00     fixed    
  12  w_y          1.44500e+01   constant   
  13  beta_y       1.68712e-04     fixed    
  14  alpha_vw     0.00000e+00     fixed    
  15  w_vw         1.29000e+01   constant   
  16  beta_vw      0.00000e+00     fixed    
  17  LM          -1.06686e-04   constant   
  18  zeta_y       0.00000e+00   constant   
  19  zeta_vw      0.00000e+00   constant   
  20  T_CBO        2.39216e+01   1.02796e+01  -1.12125e-03  -4.81746e+00
  21  alpha_A0    -6.78822e+03   4.17885e+04  -6.75314e+02   8.46360e-07
  22  beta_A0     -3.62695e+04   2.21148e+05  -3.57417e+03   6.92382e-07
  23  alpha_phi   -1.59203e+04   9.54777e+04  -1.54327e+03   1.56786e-06
  24  beta_phi     4.38990e+03   2.60957e+04   4.21800e+02   3.31773e-07
 MIGRAD MINIMIZATION HAS CONVERGED.
 MIGRAD WILL VERIFY CONVERGENCE AND ERROR MATRIX.
 FCN=41.4915 FROM HESSE     STATUS=NOT POSDEF    100 CALLS        4602 TOTAL
                     EDM=0.00133088    STRATEGY= 1      ERR MATRIX NOT POS-DEF
  EXT PARAMETER                APPROXIMATE        STEP         FIRST   
  NO.   NAME      VALUE            ERROR          SIZE      DERIVATIVE 
   1  N0           3.61760e+06   2.79467e+03   7.56707e+00  -4.33446e-07
   2  tau          6.44027e+01   constant   
   3  A0           3.52252e-01   1.01040e-03   3.03301e-06   1.36389e-01
   4  phi          4.12620e+00   2.92957e-03   8.74990e-06  -9.33133e-02
   5  R           -6.06479e+01   constant   
   6  alpha_CBO    2.65003e-03   1.07404e-03   3.25946e-06  -1.67946e+00
   7  w_CBO        2.32500e+00   constant   
   8  beta_CBO     1.20296e-03   1.05774e-03   3.22804e-06   1.96203e+00
   9  alpha_2CBO   1.17955e-03   1.03468e-03   3.21852e-06   5.67999e-01
  10  beta_2CBO    6.86532e-04     fixed    
  11  alpha_y      0.00000e+00     fixed    
  12  w_y          1.44500e+01   constant   
  13  beta_y       1.68712e-04     fixed    
  14  alpha_vw     0.00000e+00     fixed    
  15  w_vw         1.29000e+01   constant   
  16  beta_vw      0.00000e+00     fixed    
  17  LM          -1.06686e-04   constant   
  18  zeta_y       0.00000e+00   constant   
  19  zeta_vw      0.00000e+00   constant   
  20  T_CBO        2.39046e+01   1.24552e+01   1.72813e-05   3.79050e-01
  21  alpha_A0    -7.97492e+03   7.04025e+04   1.78838e+01   3.07852e-08
  22  beta_A0     -3.60262e+04   2.93064e+05   1.78212e+01   1.34573e-07
  23  alpha_phi   -1.55368e+04   1.26253e+05   1.77824e+01   2.23761e-08
  24  beta_phi     3.68780e+03   3.88496e+04   1.78860e+01   7.69499e-08
 CALL LIMIT EXCEEDED IN MIGRAD.
 MIGRAD TERMINATED WITHOUT CONVERGENCE.
 FCN=41.4456 FROM MIGRAD    STATUS=CALL LIMIT   1916 CALLS        6301 TOTAL
                     EDM=0.000371275    STRATEGY= 1      ERR MATRIX NOT POS-DEF
  EXT PARAMETER                APPROXIMATE        STEP         FIRST   
  NO.   NAME      VALUE            ERROR          SIZE      DERIVATIVE 
   1  N0           3.61766e+06   2.59080e+03   3.53392e+00   2.27977e-06
   2  tau          6.44027e+01   constant   
   3  A0           3.52256e-01   1.00660e-03  -3.66564e-07  -5.13389e+00
   4  phi          4.12639e+00   2.88919e-03   2.06139e-06   3.09524e+00
   5  R           -6.06479e+01   constant   
   6  alpha_CBO    2.63381e-03   1.06913e-03   1.62874e-06  -1.19676e+01
   7  w_CBO        2.32500e+00   constant   
   8  beta_CBO     1.20260e-03   1.06060e-03  -2.05852e-06   2.33241e+00
   9  alpha_2CBO   1.17586e-03   1.02282e-03  -1.89601e-06  -1.84773e+00
  10  beta_2CBO    6.86532e-04     fixed    
  11  alpha_y      0.00000e+00     fixed    
  12  w_y          1.44500e+01   constant   
  13  beta_y       1.68712e-04     fixed    
  14  alpha_vw     0.00000e+00     fixed    
  15  w_vw         1.29000e+01   constant   
  16  beta_vw      0.00000e+00     fixed    
  17  LM          -1.06686e-04   constant   
  18  zeta_y       0.00000e+00   constant   
  19  zeta_vw      0.00000e+00   constant   
  20  T_CBO        1.75531e+01   5.52304e+00  -6.71106e-04  -8.13812e+00
  21  alpha_A0    -2.40270e+06   1.49185e+07  -2.28369e+05   7.94627e-09
  22  beta_A0     -9.97688e+06   6.16625e+07  -9.44036e+05   1.04098e-08
  23  alpha_phi   -4.30852e+06   2.66809e+07  -4.08512e+05  -1.11778e-08
  24  beta_phi     1.29948e+06   8.25313e+06   1.26360e+05   1.19563e-08
 EXTERNAL ERROR MATRIX.    NDIM=  25    NPAR= 11    ERR DEF=1
  6.712e+06 
  3.450e-01  1.013e-06 
  9.861e-01 -1.993e-07  8.347e-06 
  1.528e-01  1.299e-07 -5.962e-07  1.143e-06 
  1.269e-01  2.277e-07  1.184e-07 -6.494e-09  1.125e-06 
  1.903e-01  6.397e-08 -2.812e-08  3.024e-08 -1.177e-08  1.046e-06 
 -7.364e+02 -5.496e-05 -8.014e-04 -1.746e-04  1.477e-04  2.239e-04  3.052e+01 
 -1.935e+09  4.706e+01 -2.910e+03 -3.250e+02  7.128e+02  6.574e+02  8.219e+07  2.226e+14 
 -7.949e+09  2.040e+02 -1.200e+04 -1.358e+03  2.950e+03  2.728e+03  3.397e+08  9.199e+14  3.802e+15 
 -3.436e+09  8.993e+01 -5.195e+03 -5.851e+02  1.275e+03  1.183e+03  1.470e+08  3.980e+14  1.645e+15  7.119e+14 
  1.077e+09 -3.017e+01  1.615e+03  1.815e+02 -3.935e+02 -3.687e+02 -4.547e+07 -1.231e+14 -5.089e+14 -2.202e+14  6.811e+13 
ERR MATRIX NOT POS-DEF
 PARAMETER  CORRELATION COEFFICIENTS  
       NO.  GLOBAL      1      3      4      6      8      9     20     21     22     23     24
        1  0.34839   1.000  0.132  0.132  0.055  0.046  0.072 -0.051 -0.050 -0.050 -0.050  0.050
        3  0.34178   0.132  1.000 -0.069  0.121  0.213  0.062 -0.010  0.003  0.003  0.003 -0.004
        4  0.35124   0.132 -0.069  1.000 -0.193  0.039 -0.010 -0.050 -0.068 -0.067 -0.067  0.068
        6  0.29498   0.055  0.121 -0.193  1.000 -0.006  0.028 -0.030 -0.020 -0.021 -0.021  0.021
        8  0.34856   0.046  0.213  0.039 -0.006  1.000 -0.011  0.025  0.045  0.045  0.045 -0.045
        9  0.21883   0.072  0.062 -0.010  0.028 -0.011  1.000  0.040  0.043  0.043  0.043 -0.044
       20  0.99776  -0.051 -0.010 -0.050 -0.030  0.025  0.040  1.000  0.997  0.997  0.997 -0.997
       21  1.00000  -0.050  0.003 -0.068 -0.020  0.045  0.043  0.997  1.000  1.000  1.000 -1.000
       22  1.00000  -0.050  0.003 -0.067 -0.021  0.045  0.043  0.997  1.000  1.000  1.000 -1.000
       23  1.00000  -0.050  0.003 -0.067 -0.021  0.045  0.043  0.997  1.000  1.000  1.000 -1.000
       24  1.00000   0.050 -0.004  0.068  0.021 -0.045 -0.044 -0.997 -1.000 -1.000 -1.000  1.000
 ERR MATRIX NOT POS-DEF
MINUIT - FIT ONLY 1-y
 **********
 **   51 **RES 
 **********
                   PARAMETER   16  beta_vw RESTORED TO VARIABLE.
                   PARAMETER   14  alpha_vw RESTORED TO VARIABLE.
                   PARAMETER   13  beta_y RESTORED TO VARIABLE.
                   PARAMETER   11  alpha_y RESTORED TO VARIABLE.
                   PARAMETER   10  beta_2CBO RESTORED TO VARIABLE.
 **********
 **   52 **FIX            0
 **********
 PARAMETER    0  IS UNDEFINED. IGNORED.
 **********
 **   53 **FIX            1
 **********
 **********
 **   54 **FIX            2
 **********
 PARAMETER    2  IS CONSTANT.   IGNORED.
 **********
 **   55 **FIX            3
 **********
 **********
 **   56 **FIX            4
 **********
 **********
 **   57 **FIX            5
 **********
 PARAMETER    5  IS CONSTANT.   IGNORED.
 **********
 **   58 **FIX            6
 **********
 **********
 **   59 **FIX            7
 **********
 PARAMETER    7  IS CONSTANT.   IGNORED.
 **********
 **   60 **FIX            8
 **********
 **********
 **   61 **FIX            9
 **********
 **********
 **   62 **FIX           13
 **********
 **********
 **   63 **FIX           14
 **********
 **********
 **   64 **FIX           15
 **********
 PARAMETER   15  IS CONSTANT.   IGNORED.
 **********
 **   65 **FIX           16
 **********
 **********
 **   66 **MIGRAD
 **********
 START MIGRAD MINIMIZATION.  STRATEGY  1.  CONVERGENCE WHEN EDM .LT. 1.00e-04
 FCN=41.4456 FROM MIGRAD    STATUS=INITIATE       16 CALLS        6317 TOTAL
                     EDM= unknown      STRATEGY= 1      NO ERROR MATRIX       
  EXT PARAMETER               CURRENT GUESS       STEP         FIRST   
  NO.   NAME      VALUE            ERROR          SIZE      DERIVATIVE 
   1  N0           3.61766e+06     fixed    
   2  tau          6.44027e+01   constant   
   3  A0           3.52256e-01     fixed    
   4  phi          4.12639e+00     fixed    
   5  R           -6.06479e+01   constant   
   6  alpha_CBO    2.63381e-03     fixed    
   7  w_CBO        2.32500e+00   constant   
   8  beta_CBO     1.20260e-03     fixed    
   9  alpha_2CBO   1.17586e-03     fixed    
  10  beta_2CBO    6.86532e-04   1.07341e-03   1.07341e-03  -1.26082e+02
  11  alpha_y      0.00000e+00   1.00000e-03   1.00000e-03  -1.13882e+03
  12  w_y          1.44500e+01   constant   
  13  beta_y       1.68712e-04     fixed    
  14  alpha_vw     0.00000e+00     fixed    
  15  w_vw         1.29000e+01   constant   
  16  beta_vw      0.00000e+00     fixed    
  17  LM          -1.06686e-04   constant   
  18  zeta_y       0.00000e+00   constant   
  19  zeta_vw      0.00000e+00   constant   
  20  T_CBO        1.75531e+01   5.52304e+00  -6.71106e-04  -8.13812e+00
  21  alpha_A0    -2.40270e+06   1.49185e+07  -2.28369e+05   7.94613e-09
  22  beta_A0     -9.97688e+06   6.16625e+07  -9.44036e+05   1.04098e-08
  23  alpha_phi   -4.30852e+06   2.66809e+07  -4.08512e+05  -1.11778e-08
  24  beta_phi     1.29948e+06   8.25313e+06   1.26360e+05   1.19563e-08
 MIGRAD MINIMIZATION HAS CONVERGED.
 MIGRAD WILL VERIFY CONVERGENCE AND ERROR MATRIX.
 COVARIANCE MATRIX CALCULATED SUCCESSFULLY
 FCN=41.0966 FROM MIGRAD    STATUS=CONVERGED     129 CALLS        6430 TOTAL
                     EDM=6.77586e-06    STRATEGY= 1      ERROR MATRIX ACCURATE 
  EXT PARAMETER                                   STEP         FIRST   
  NO.   NAME      VALUE            ERROR          SIZE      DERIVATIVE 
   1  N0           3.61766e+06     fixed    
   2  tau          6.44027e+01   constant   
   3  A0           3.52256e-01     fixed    
   4  phi          4.12639e+00     fixed    
   5  R           -6.06479e+01   constant   
   6  alpha_CBO    2.63381e-03     fixed    
   7  w_CBO        2.32500e+00   constant   
   8  beta_CBO     1.20260e-03     fixed    
   9  alpha_2CBO   1.17586e-03     fixed    
  10  beta_2CBO    7.54886e-04   1.02761e-03   3.25410e-06   3.42440e+00
  11  alpha_y      5.97739e-04   1.02587e-03   3.24989e-06  -3.58786e-01
  12  w_y          1.44500e+01   constant   
  13  beta_y       1.68712e-04     fixed    
  14  alpha_vw     0.00000e+00     fixed    
  15  w_vw         1.29000e+01   constant   
  16  beta_vw      0.00000e+00     fixed    
  17  LM          -1.06686e-04   constant   
  18  zeta_y       0.00000e+00   constant   
  19  zeta_vw      0.00000e+00   constant   
  20  T_CBO        1.75589e+01   4.42274e-01   1.06468e-05   2.70370e-01
  21  alpha_A0    -2.53622e+06   1.41421e+00   1.83514e+01   1.10243e-10
  22  beta_A0     -1.00819e+07   1.41421e+00   1.83514e+01   6.39893e-10
  23  alpha_phi   -4.04663e+06   1.41421e+00   1.83514e+01   2.38638e-10
  24  beta_phi     1.03471e+06   1.41421e+00   1.83514e+01   9.37343e-11
 EXTERNAL ERROR MATRIX.    NDIM=  25    NPAR=  7    ERR DEF=1
  1.056e-06 -9.484e-09  1.286e-05  2.520e-11 -2.906e-11  6.383e-11  2.484e-11 
 -9.484e-09  1.052e-06  2.417e-07 -2.557e-12  3.773e-12 -8.936e-12 -3.488e-12 
  1.286e-05  2.417e-07  1.956e-01  2.809e-08  1.329e-07  6.640e-08  1.765e-08 
  2.520e-11 -2.557e-12  2.809e-08  2.000e+00 -6.168e-14  5.175e-15 -7.736e-15 
 -2.906e-11  3.773e-12  1.329e-07 -6.168e-14  2.000e+00  3.362e-14 -1.697e-15 
  6.383e-11 -8.936e-12  6.640e-08  5.175e-15  3.362e-14  2.000e+00 -9.990e-15 
  2.484e-11 -3.488e-12  1.765e-08 -7.736e-15 -1.697e-15 -9.990e-15  2.000e+00 
 PARAMETER  CORRELATION COEFFICIENTS  
       NO.  GLOBAL     10     11     20     21     22     23     24
       10  0.02970   1.000 -0.009  0.028  0.000 -0.000  0.000  0.000
       11  0.00903  -0.009  1.000  0.001 -0.000  0.000 -0.000 -0.000
       20  0.02831   0.028  0.001  1.000  0.000  0.000  0.000  0.000
       21  0.00000   0.000 -0.000  0.000  1.000 -0.000  0.000 -0.000
       22  0.00000  -0.000  0.000  0.000 -0.000  1.000  0.000 -0.000
       23  0.00000   0.000 -0.000  0.000  0.000  0.000  1.000 -0.000
       24  0.00000   0.000 -0.000  0.000 -0.000 -0.000 -0.000  1.000
MINUIT - FIT ONLY 2-y
 **********
 **   67 **RES 
 **********
                   PARAMETER   16  beta_vw RESTORED TO VARIABLE.
                   PARAMETER   14  alpha_vw RESTORED TO VARIABLE.
                   PARAMETER   13  beta_y RESTORED TO VARIABLE.
                   PARAMETER    9  alpha_2CBO RESTORED TO VARIABLE.
                   PARAMETER    8  beta_CBO RESTORED TO VARIABLE.
                   PARAMETER    6  alpha_CBO RESTORED TO VARIABLE.
                   PARAMETER    4  phi RESTORED TO VARIABLE.
                   PARAMETER    3  A0 RESTORED TO VARIABLE.
                   PARAMETER    1  N0 RESTORED TO VARIABLE.
 **********
 **   68 **FIX            0
 **********
 PARAMETER    0  IS UNDEFINED. IGNORED.
 **********
 **   69 **FIX            1
 **********
 **********
 **   70 **FIX            2
 **********
