 + ++++++++++++++++++++++++++++++++++++++++++++++++++++++++++++++++++++ +
 +                                                                      +
 +           You have chose to blind your fitting according to          +
 +                omega_ref * (1 + (R +/- deltaR) *10^{-6})             +
 +                                                                      +
 + ++++++++++++++++++++++++++++++++++++++++++++++++++++++++++++++++++++ +
In main()...
reading format from /gm2data/zkhechad/run45/envelope/formats/formatB_sBin_constraintOn.txt
pBinTau 	= 0  
pBinPhi 	= 0  
constraintau 	= 1 
includeMopTerm 	= 0    
constrainMop    = 0   
Parameters after format file: pBinTau 0 pBinPhi 0 constraintau 1 includeMopTerm 0 constrainMop 0 c_e_scale 0.000000 
Opening file /gm2data/tbarrett/gm2fr/studies/run23_bunch_corrections/CorrectedFourier_Run3b.root.
reading full fit data from /gm2data/zkhechad/cboTemplates/Run4CBOTemplates/fullFits/noRF/sBin_constraintOn_cE0.0_seed0_noRF_calo24.root
windowBins = 69
fitting sliding window 210 from bin 346 at 51.474000 to bin 415 at 61.918000 (69 bins)

Reading data from /gm2data/cornell/histograms/aMethod/histogram_a_noRF.root
 **********
 **    1 **SET PRINTOUT            1
 **********
 **********
 **    2 **SET NOWARNINGS 
 **********
 PARAMETER DEFINITIONS:
    NO.   NAME         VALUE      STEP SIZE      LIMITS
     1 N0           3.17469e+06  1.00000e+02     no limits
     2 tau          6.44005e+01  constant
     3 A0           3.64944e-01  1.00000e-04     no limits
     4 phi          4.11953e+00  1.00000e-02     no limits
     5 R           -6.09192e+01  constant
     6 alpha_CBO    0.00000e+00  1.00000e-03     no limits
     7 w_CBO        2.32500e+00  constant
     8 beta_CBO     0.00000e+00  1.00000e-03     no limits
     9 alpha_2CBO   0.00000e+00  1.00000e-03     no limits
    10 beta_2CBO    0.00000e+00  1.00000e-03     no limits
    11 alpha_y      0.00000e+00  1.00000e-03     no limits
    12 w_y          1.38860e+01  constant
    13 beta_y       0.00000e+00  1.00000e-03     no limits
    14 alpha_vw     0.00000e+00  1.00000e-03     no limits
    15 w_vw         1.43404e+01  constant
    16 beta_vw      0.00000e+00  1.00000e-03     no limits
    17 LM          -6.12107e-05  constant
    18 zeta_y       0.00000e+00  constant
    19 zeta_vw      0.00000e+00  constant
    20 T_CBO        1.00000e+02  1.00000e+00    0.00000e+00  1.00000e+03
    21 alpha_A0     0.00000e+00  1.00000e-04   -1.00000e-02  1.00000e-02
    22 beta_A0      0.00000e+00  1.00000e-04   -1.00000e-02  1.00000e-02
    23 alpha_phi    0.00000e+00  1.00000e-04   -1.00000e-02  1.00000e-02
    24 beta_phi     0.00000e+00  1.00000e-04   -1.00000e-02  1.00000e-02
MINUIT - FIT ONLY WIGGLE
 **********
 **    3 **FIX            5
 **********
 PARAMETER    5  IS CONSTANT.   IGNORED.
 **********
 **    4 **FIX            6
 **********
 **********
 **    5 **FIX            7
 **********
 PARAMETER    7  IS CONSTANT.   IGNORED.
 **********
 **    6 **FIX            8
 **********
 **********
 **    7 **FIX            9
 **********
 **********
 **    8 **FIX           10
 **********
 **********
 **    9 **FIX           11
 **********
 **********
 **   10 **FIX           12
 **********
 PARAMETER   12  IS CONSTANT.   IGNORED.
 **********
 **   11 **FIX           13
 **********
 **********
 **   12 **FIX           14
 **********
 **********
 **   13 **FIX           15
 **********
 PARAMETER   15  IS CONSTANT.   IGNORED.
 **********
 **   14 **FIX           16
 **********
 **********
 **   15 **MIGRAD
 **********
 FIRST CALL TO USER FUNCTION AT NEW START POINT, WITH IFLAG=4.
 START MIGRAD MINIMIZATION.  STRATEGY  1.  CONVERGENCE WHEN EDM .LT. 1.00e-04
 FCN=7759.51 FROM MIGRAD    STATUS=INITIATE      435 CALLS         436 TOTAL
                     EDM= unknown      STRATEGY= 1      NO ERROR MATRIX       
  EXT PARAMETER               CURRENT GUESS       STEP         FIRST   
  NO.   NAME      VALUE            ERROR          SIZE      DERIVATIVE 
   1  N0           3.17469e+06   1.00000e+02   0.00000e+00  -2.15480e-02
   2  tau          6.44005e+01   constant   
   3  A0           3.64944e-01   1.00000e-04   0.00000e+00  -2.49471e+05
   4  phi          4.11953e+00   1.00000e-02   0.00000e+00  -1.45125e+05
   5  R           -6.09192e+01   constant   
   6  alpha_CBO    0.00000e+00     fixed    
   7  w_CBO        2.32500e+00   constant   
   8  beta_CBO     0.00000e+00     fixed    
   9  alpha_2CBO   0.00000e+00     fixed    
  10  beta_2CBO    0.00000e+00     fixed    
  11  alpha_y      0.00000e+00     fixed    
  12  w_y          1.38860e+01   constant   
  13  beta_y       0.00000e+00     fixed    
  14  alpha_vw     0.00000e+00     fixed    
  15  w_vw         1.43404e+01   constant   
  16  beta_vw      0.00000e+00     fixed    
  17  LM          -6.12107e-05   constant   
  18  zeta_y       0.00000e+00   constant   
  19  zeta_vw      0.00000e+00   constant   
  20  T_CBO        1.00000e+02   1.00000e+00   0.00000e+00   0.00000e+00
  21  alpha_A0     0.00000e+00   1.00000e-04   0.00000e+00   1.18948e+02
  22  beta_A0      0.00000e+00   1.00000e-04   0.00000e+00  -2.67575e+02
  23  alpha_phi    0.00000e+00   1.00000e-04   0.00000e+00   1.26902e+02
  24  beta_phi     0.00000e+00   1.00000e-04   0.00000e+00   8.50913e+02
 MIGRAD MINIMIZATION HAS CONVERGED.
 FCN=6787.51 FROM MIGRAD    STATUS=CONVERGED     923 CALLS         924 TOTAL
                     EDM=7.5935e-08    STRATEGY= 1  ERROR MATRIX UNCERTAINTY   0.1 per cent
  EXT PARAMETER                                   STEP         FIRST   
  NO.   NAME      VALUE            ERROR          SIZE      DERIVATIVE 
   1  N0           3.17535e+06   2.14527e+02   7.01778e-02   1.79583e-07
   2  tau          6.44005e+01   constant   
   3  A0           3.65891e-01   8.34484e-05  -1.22125e-07   1.40051e+00
   4  phi          4.12335e+00   2.27565e-04  -2.49753e-07   1.84059e+00
   5  R           -6.09192e+01   constant   
   6  alpha_CBO    0.00000e+00     fixed    
   7  w_CBO        2.32500e+00   constant   
   8  beta_CBO     0.00000e+00     fixed    
   9  alpha_2CBO   0.00000e+00     fixed    
  10  beta_2CBO    0.00000e+00     fixed    
  11  alpha_y      0.00000e+00     fixed    
  12  w_y          1.38860e+01   constant   
  13  beta_y       0.00000e+00     fixed    
  14  alpha_vw     0.00000e+00     fixed    
  15  w_vw         1.43404e+01   constant   
  16  beta_vw      0.00000e+00     fixed    
  17  LM          -6.12107e-05   constant   
  18  zeta_y       0.00000e+00   constant   
  19  zeta_vw      0.00000e+00   constant   
  20  T_CBO        1.36534e+02   1.49832e+01   1.04905e-04  -7.14502e-03
  21  alpha_A0    -1.50847e-03   4.71202e-04   1.18023e-05   6.69155e-05
  22  beta_A0      4.11950e-03   5.18532e-04  -2.84783e-05  -4.55728e-03
  23  alpha_phi    1.43683e-04   5.17811e-04  -9.74451e-05   4.10457e-03
  24  beta_phi    -1.00000e-02   1.33018e-02  -5.31299e-04** at limit **
 EXTERNAL ERROR MATRIX.    NDIM=  25    NPAR=  8    ERR DEF=1
  4.602e+04  1.952e-03 -7.266e-03  5.582e+02  1.358e-02 -2.329e-02 -1.495e-02 -2.088e-06 
  1.952e-03  6.964e-09 -2.662e-10 -4.534e-05  2.705e-09  2.623e-09  9.461e-09  2.621e-12 
 -7.266e-03 -2.662e-10  5.179e-08 -3.064e-04 -8.067e-10  9.899e-09  7.198e-09  1.018e-11 
  5.582e+02 -4.534e-05 -3.064e-04  2.246e+02  8.868e-04 -2.909e-03 -3.768e-04  1.401e-06 
  1.358e-02  2.705e-09 -8.067e-10  8.868e-04  2.222e-07 -8.327e-09  2.252e-08  7.769e-12 
 -2.329e-02  2.623e-09  9.899e-09 -2.909e-03 -8.327e-09  2.692e-07  2.839e-08 -1.822e-11 
 -1.495e-02  9.461e-09  7.198e-09 -3.768e-04  2.252e-08  2.839e-08  2.684e-07  7.460e-12 
 -2.088e-06  2.621e-12  1.018e-11  1.401e-06  7.769e-12 -1.822e-11  7.460e-12  2.785e-13 
 PARAMETER  CORRELATION COEFFICIENTS  
       NO.  GLOBAL      1      3      4     20     21     22     23     24
        1  0.34507   1.000  0.109 -0.149  0.174  0.134 -0.209 -0.135 -0.018
        3  0.28018   0.109  1.000 -0.014 -0.036  0.069  0.061  0.219  0.060
        4  0.19600  -0.149 -0.014  1.000 -0.090 -0.008  0.084  0.061  0.085
       20  0.43415   0.174 -0.036 -0.090  1.000  0.126 -0.374 -0.049  0.177
       21  0.20920   0.134  0.069 -0.008  0.126  1.000 -0.034  0.092  0.031
       22  0.41259  -0.209  0.061  0.084 -0.374 -0.034  1.000  0.106 -0.067
       23  0.29672  -0.135  0.219  0.061 -0.049  0.092  0.106  1.000  0.027
       24  0.22057  -0.018  0.060  0.085  0.177  0.031 -0.067  0.027  1.000
MINUIT - FIT ONLY 1-CBO + wiggle
 **********
 **   16 **RES 
 **********
                   PARAMETER   16  beta_vw RESTORED TO VARIABLE.
                   PARAMETER   14  alpha_vw RESTORED TO VARIABLE.
                   PARAMETER   13  beta_y RESTORED TO VARIABLE.
                   PARAMETER   11  alpha_y RESTORED TO VARIABLE.
                   PARAMETER   10  beta_2CBO RESTORED TO VARIABLE.
                   PARAMETER    9  alpha_2CBO RESTORED TO VARIABLE.
                   PARAMETER    8  beta_CBO RESTORED TO VARIABLE.
                   PARAMETER    6  alpha_CBO RESTORED TO VARIABLE.
 **********
 **   17 **FIX            8
 **********
 **********
 **   18 **FIX            9
 **********
 **********
 **   19 **FIX           11
 **********
 **********
 **   20 **FIX           12
 **********
 PARAMETER   12  IS CONSTANT.   IGNORED.
 **********
 **   21 **FIX           14
 **********
 **********
 **   22 **FIX           15
 **********
 PARAMETER   15  IS CONSTANT.   IGNORED.
 **********
 **   23 **FIX           16
 **********
 **********
 **   24 **MIGRAD
 **********
 START MIGRAD MINIMIZATION.  STRATEGY  1.  CONVERGENCE WHEN EDM .LT. 1.00e-04
 FCN=6787.51 FROM MIGRAD    STATUS=INITIATE       28 CALLS         952 TOTAL
                     EDM= unknown      STRATEGY= 1      NO ERROR MATRIX       
  EXT PARAMETER               CURRENT GUESS       STEP         FIRST   
  NO.   NAME      VALUE            ERROR          SIZE      DERIVATIVE 
   1  N0           3.17535e+06   2.14527e+02   7.01778e-02   2.49455e-07
   2  tau          6.44005e+01   constant   
   3  A0           3.65891e-01   8.34484e-05  -1.22125e-07   1.37228e+00
   4  phi          4.12335e+00   2.27565e-04  -2.49753e-07   1.82564e+00
   5  R           -6.09192e+01   constant   
   6  alpha_CBO    0.00000e+00   1.00000e-03   1.00000e-03   8.80397e+05
   7  w_CBO        2.32500e+00   constant   
   8  beta_CBO     0.00000e+00     fixed    
   9  alpha_2CBO   0.00000e+00     fixed    
  10  beta_2CBO    0.00000e+00   1.00000e-03   1.00000e-03   5.55214e+04
  11  alpha_y      0.00000e+00     fixed    
  12  w_y          1.38860e+01   constant   
  13  beta_y       0.00000e+00   1.00000e-03   1.00000e-03   7.57572e+04
  14  alpha_vw     0.00000e+00     fixed    
  15  w_vw         1.43404e+01   constant   
  16  beta_vw      0.00000e+00     fixed    
  17  LM          -6.12107e-05   constant   
  18  zeta_y       0.00000e+00   constant   
  19  zeta_vw      0.00000e+00   constant   
  20  T_CBO        1.36534e+02   1.49832e+01   1.04905e-04  -9.09854e-03
  21  alpha_A0    -1.50847e-03   4.71202e-04   1.18023e-05  -7.47945e-06
  22  beta_A0      4.11950e-03   5.18532e-04  -2.84783e-05  -4.58087e-03
  23  alpha_phi    1.43683e-04   5.17811e-04  -9.74451e-05   4.20879e-03
  24  beta_phi    -9.99998e-03   1.33018e-02  -5.31299e-04   3.88459e-03
 MIGRAD MINIMIZATION HAS CONVERGED.
 FCN=5067.85 FROM MIGRAD    STATUS=CONVERGED    1571 CALLS        2495 TOTAL
                     EDM=9.93201e-06    STRATEGY= 1  ERROR MATRIX UNCERTAINTY   9.1 per cent
  EXT PARAMETER                                   STEP         FIRST   
  NO.   NAME      VALUE            ERROR          SIZE      DERIVATIVE 
   1  N0           3.17559e+06   2.25763e+02  -1.42258e+00   5.20725e-06
   2  tau          6.44005e+01   constant   
   3  A0           3.66323e-01   8.24978e-05   5.49466e-08   1.05974e+01
   4  phi          4.12215e+00   2.38849e-04   3.23610e-07   3.30187e+00
   5  R           -6.09192e+01   constant   
   6  alpha_CBO   -3.88393e-03   9.38599e-05   1.89851e-08   3.53501e-01
   7  w_CBO        2.32500e+00   constant   
   8  beta_CBO     0.00000e+00     fixed    
   9  alpha_2CBO   0.00000e+00     fixed    
  10  beta_2CBO    2.76012e-05   9.11675e-05   1.73229e-07  -1.20681e+01
  11  alpha_y      0.00000e+00     fixed    
  12  w_y          1.38860e+01   constant   
  13  beta_y      -2.76329e-04   8.99113e-05   6.47625e-08  -9.29501e-01
  14  alpha_vw     0.00000e+00     fixed    
  15  w_vw         1.43404e+01   constant   
  16  beta_vw      0.00000e+00     fixed    
  17  LM          -6.12107e-05   constant   
  18  zeta_y       0.00000e+00   constant   
  19  zeta_vw      0.00000e+00   constant   
  20  T_CBO        9.99968e+02   6.89827e+02  -2.93484e-02  -4.76911e-04
  21  alpha_A0     9.18640e-04   3.82319e-04   3.18408e-05   1.52294e-02
  22  beta_A0      3.26748e-03   4.08750e-04  -7.34481e-05  -4.32375e-02
  23  alpha_phi   -1.29036e-03   4.24588e-04   8.39283e-05   1.18080e-02
  24  beta_phi    -6.70792e-03   4.19188e-04   7.27386e-06   4.63124e-02
 EXTERNAL ERROR MATRIX.    NDIM=  25    NPAR= 11    ERR DEF=1
  5.097e+04 
  1.401e-03  6.806e-09 
 -1.033e-02  3.622e-10  5.705e-08 
 -5.224e-04 -1.011e-09  2.780e-09  8.810e-09 
 -9.520e-04 -7.709e-11 -1.185e-10 -5.296e-10  8.312e-09 
 -4.290e-04  5.299e-11  1.815e-10 -6.460e-11  5.989e-11  8.084e-09 
 -1.796e+03  2.339e-05  5.152e-04  2.808e-05  2.451e-04  8.255e-05  1.869e+03 
  1.014e-02  3.724e-09  2.214e-09 -4.546e-09 -4.940e-09 -6.154e-11 -2.527e-04  1.462e-07 
  8.765e-04  2.398e-09  5.846e-09 -1.125e-09 -6.177e-10 -4.827e-10 -5.217e-03  8.112e-09  1.672e-07 
 -1.633e-02  6.722e-09  1.075e-08  3.607e-09 -4.079e-09  9.713e-10  2.711e-03  1.195e-08 -2.806e-10  1.804e-07 
  3.252e-02 -1.250e-09 -1.155e-08  2.543e-10  2.941e-10 -4.609e-10 -7.004e-03 -6.859e-09  3.520e-08 -1.836e-08  1.759e-07 
 PARAMETER  CORRELATION COEFFICIENTS  
       NO.  GLOBAL      1      3      4      6     10     13     20     21     22     23     24
        1  0.44315   1.000  0.075 -0.192 -0.025 -0.046 -0.021 -0.184  0.117  0.009 -0.170  0.343
        3  0.29072   0.075  1.000  0.018 -0.131 -0.010  0.007  0.007  0.118  0.071  0.192 -0.036
        4  0.25825  -0.192  0.018  1.000  0.124 -0.005  0.008  0.050  0.024  0.060  0.106 -0.115
        6  0.25641  -0.025 -0.131  0.124  1.000 -0.062 -0.008  0.007 -0.127 -0.029  0.090  0.006
       10  0.20706  -0.046 -0.010 -0.005 -0.062  1.000  0.007  0.062 -0.142 -0.017 -0.105  0.008
       13  0.03802  -0.021  0.007  0.008 -0.008  0.007  1.000  0.021 -0.002 -0.013  0.025 -0.012
       20  0.46754  -0.184  0.007  0.050  0.007  0.062  0.021  1.000 -0.015 -0.295  0.148 -0.386
       21  0.27345   0.117  0.118  0.024 -0.127 -0.142 -0.002 -0.015  1.000  0.052  0.074 -0.043
       22  0.34483   0.009  0.071  0.060 -0.029 -0.017 -0.013 -0.295  0.052  1.000 -0.002  0.205
       23  0.34249  -0.170  0.192  0.106  0.090 -0.105  0.025  0.148  0.074 -0.002  1.000 -0.103
       24  0.50215   0.343 -0.036 -0.115  0.006  0.008 -0.012 -0.386 -0.043  0.205 -0.103  1.000
MINUIT - FIT ONLY 2-CBO
 **********
 **   25 **RES 
 **********
                   PARAMETER   16  beta_vw RESTORED TO VARIABLE.
                   PARAMETER   14  alpha_vw RESTORED TO VARIABLE.
                   PARAMETER   11  alpha_y RESTORED TO VARIABLE.
                   PARAMETER    9  alpha_2CBO RESTORED TO VARIABLE.
                   PARAMETER    8  beta_CBO RESTORED TO VARIABLE.
 **********
 **   26 **FIX            0
 **********
 PARAMETER    0  IS UNDEFINED. IGNORED.
 **********
 **   27 **FIX            1
 **********
 **********
 **   28 **FIX            2
 **********
 PARAMETER    2  IS CONSTANT.   IGNORED.
 **********
 **   29 **FIX            3
 **********
 **********
 **   30 **FIX            4
 **********
 **********
 **   31 **FIX            5
 **********
 PARAMETER    5  IS CONSTANT.   IGNORED.
 **********
 **   32 **FIX            6
 **********
 **********
 **   33 **FIX            7
 **********
 PARAMETER    7  IS CONSTANT.   IGNORED.
 **********
 **   34 **FIX           10
 **********
 **********
 **   35 **FIX           11
 **********
 **********
 **   36 **FIX           12
 **********
 PARAMETER   12  IS CONSTANT.   IGNORED.
 **********
 **   37 **FIX           13
 **********
 **********
 **   38 **FIX           14
 **********
 **********
 **   39 **FIX           15
 **********
 PARAMETER   15  IS CONSTANT.   IGNORED.
 **********
 **   40 **FIX           16
 **********
 **********
 **   41 **MIGRAD
 **********
 START MIGRAD MINIMIZATION.  STRATEGY  1.  CONVERGENCE WHEN EDM .LT. 1.00e-04
 FCN=5067.85 FROM MIGRAD    STATUS=INITIATE       18 CALLS        2513 TOTAL
                     EDM= unknown      STRATEGY= 1      NO ERROR MATRIX       
  EXT PARAMETER               CURRENT GUESS       STEP         FIRST   
  NO.   NAME      VALUE            ERROR          SIZE      DERIVATIVE 
   1  N0           3.17559e+06     fixed    
   2  tau          6.44005e+01   constant   
   3  A0           3.66323e-01     fixed    
   4  phi          4.12215e+00     fixed    
   5  R           -6.09192e+01   constant   
   6  alpha_CBO   -3.88393e-03     fixed    
   7  w_CBO        2.32500e+00   constant   
   8  beta_CBO     0.00000e+00   1.00000e-03   1.00000e-03  -1.42129e+06
   9  alpha_2CBO   0.00000e+00   1.00000e-03   1.00000e-03   5.71874e+04
  10  beta_2CBO    2.76012e-05     fixed    
  11  alpha_y      0.00000e+00     fixed    
  12  w_y          1.38860e+01   constant   
  13  beta_y      -2.76329e-04     fixed    
  14  alpha_vw     0.00000e+00     fixed    
  15  w_vw         1.43404e+01   constant   
  16  beta_vw      0.00000e+00     fixed    
  17  LM          -6.12107e-05   constant   
  18  zeta_y       0.00000e+00   constant   
  19  zeta_vw      0.00000e+00   constant   
  20  T_CBO        9.99968e+02   6.89827e+02  -2.93484e-02  -6.47764e-04
  21  alpha_A0     9.18640e-04   3.82319e-04   3.18408e-05   1.52296e-02
  22  beta_A0      3.26748e-03   4.08750e-04  -7.34481e-05  -4.32372e-02
  23  alpha_phi   -1.29036e-03   4.24588e-04   8.39283e-05   1.18080e-02
  24  beta_phi    -6.70792e-03   4.19188e-04   7.27386e-06  -4.63123e-02
 MIGRAD MINIMIZATION HAS CONVERGED.
 MIGRAD WILL VERIFY CONVERGENCE AND ERROR MATRIX.
 COVARIANCE MATRIX CALCULATED SUCCESSFULLY
 FCN=896.486 FROM MIGRAD    STATUS=CONVERGED     278 CALLS        2773 TOTAL
                     EDM=3.55978e-06    STRATEGY= 1      ERROR MATRIX ACCURATE 
  EXT PARAMETER                                   STEP         FIRST   
  NO.   NAME      VALUE            ERROR          SIZE      DERIVATIVE 
   1  N0           3.17559e+06     fixed    
   2  tau          6.44005e+01   constant   
   3  A0           3.66323e-01     fixed    
   4  phi          4.12215e+00     fixed    
   5  R           -6.09192e+01   constant   
   6  alpha_CBO   -3.88393e-03     fixed    
   7  w_CBO        2.32500e+00   constant   
   8  beta_CBO     5.86784e-03   9.09412e-05   1.29335e-06   9.39337e+00
   9  alpha_2CBO  -7.35582e-05   9.23231e-05   1.31811e-06  -1.71297e+01
  10  beta_2CBO    2.76012e-05     fixed    
  11  alpha_y      0.00000e+00     fixed    
  12  w_y          1.38860e+01   constant   
  13  beta_y      -2.76329e-04     fixed    
  14  alpha_vw     0.00000e+00     fixed    
  15  w_vw         1.43404e+01   constant   
  16  beta_vw      0.00000e+00     fixed    
  17  LM          -6.12107e-05   constant   
  18  zeta_y       0.00000e+00   constant   
  19  zeta_vw      0.00000e+00   constant   
  20  T_CBO        1.00000e+03   9.99648e+02   4.52074e-02** at limit **
  21  alpha_A0     2.39971e-04   3.45016e-04   4.98917e-04  -1.24860e-02
  22  beta_A0     -7.33240e-04   3.60207e-04   5.17291e-04   1.17668e-02
  23  alpha_phi   -2.07454e-03   3.62293e-04   5.34169e-04   3.43680e-02
  24  beta_phi    -3.57760e-03   3.23872e-04   4.94926e-04   4.44855e-02
 EXTERNAL ERROR MATRIX.    NDIM=  25    NPAR=  7    ERR DEF=1
  8.270e-09  2.356e-10 -5.000e-10 -8.275e-10 -5.590e-09 -1.253e-09  4.557e-09 
  2.356e-10  8.524e-09 -2.774e-09  3.167e-09  2.953e-09 -3.360e-09  4.258e-09 
 -5.000e-10 -2.774e-09  1.811e-01  9.645e-08 -5.614e-07 -1.616e-06 -2.937e-06 
 -8.275e-10  3.167e-09  9.645e-08  1.191e-07  4.594e-09  1.153e-08  5.784e-09 
 -5.590e-09  2.953e-09 -5.614e-07  4.594e-09  1.298e-07  7.004e-09  3.971e-10 
 -1.253e-09 -3.360e-09 -1.616e-06  1.153e-08  7.004e-09  1.313e-07 -8.317e-09 
  4.557e-09  4.258e-09 -2.937e-06  5.784e-09  3.971e-10 -8.317e-09  1.049e-07 
 PARAMETER  CORRELATION COEFFICIENTS  
       NO.  GLOBAL      8      9     20     21     22     23     24
        8  0.23402   1.000  0.028 -0.000 -0.026 -0.171 -0.038  0.155
        9  0.21768   0.028  1.000 -0.000  0.099  0.089 -0.100  0.142
       20  0.02502  -0.000 -0.000  1.000  0.001 -0.004 -0.010 -0.021
       21  0.15398  -0.026  0.099  0.001  1.000  0.037  0.092  0.052
       22  0.20441  -0.171  0.089 -0.004  0.037  1.000  0.054  0.003
       23  0.16791  -0.038 -0.100 -0.010  0.092  0.054  1.000 -0.071
       24  0.22087   0.155  0.142 -0.021  0.052  0.003 -0.071  1.000
MINUIT - FIT wiggle + 1-CBO + 2-CBO
 **********
 **   42 **RES 
 **********
                   PARAMETER   16  beta_vw RESTORED TO VARIABLE.
                   PARAMETER   14  alpha_vw RESTORED TO VARIABLE.
                   PARAMETER   13  beta_y RESTORED TO VARIABLE.
                   PARAMETER   11  alpha_y RESTORED TO VARIABLE.
                   PARAMETER   10  beta_2CBO RESTORED TO VARIABLE.
                   PARAMETER    6  alpha_CBO RESTORED TO VARIABLE.
                   PARAMETER    4  phi RESTORED TO VARIABLE.
                   PARAMETER    3  A0 RESTORED TO VARIABLE.
                   PARAMETER    1  N0 RESTORED TO VARIABLE.
 **********
 **   43 **FIX           10
 **********
 **********
 **   44 **FIX           11
 **********
 **********
 **   45 **FIX           12
 **********
 PARAMETER   12  IS CONSTANT.   IGNORED.
 **********
 **   46 **FIX           13
 **********
 **********
 **   47 **FIX           14
 **********
 **********
 **   48 **FIX           15
 **********
 PARAMETER   15  IS CONSTANT.   IGNORED.
 **********
 **   49 **FIX           16
 **********
 **********
 **   50 **MIGRAD
 **********
 START MIGRAD MINIMIZATION.  STRATEGY  1.  CONVERGENCE WHEN EDM .LT. 1.00e-04
 FCN=896.486 FROM MIGRAD    STATUS=INITIATE       22 CALLS        2795 TOTAL
                     EDM= unknown      STRATEGY= 1      NO ERROR MATRIX       
  EXT PARAMETER               CURRENT GUESS       STEP         FIRST   
  NO.   NAME      VALUE            ERROR          SIZE      DERIVATIVE 
   1  N0           3.17559e+06   2.25763e+02   2.25763e+02   4.07915e-02
   2  tau          6.44005e+01   constant   
   3  A0           3.66323e-01   8.24978e-05   8.24978e-05   2.99970e+05
   4  phi          4.12215e+00   2.38849e-04   2.38849e-04   8.53063e+04
   5  R           -6.09192e+01   constant   
   6  alpha_CBO   -3.88393e-03   9.38599e-05   9.38599e-05   3.54717e+04
   7  w_CBO        2.32500e+00   constant   
   8  beta_CBO     5.86784e-03   9.09412e-05   1.29335e-06   9.39340e+00
   9  alpha_2CBO  -7.35582e-05   9.23231e-05   1.31811e-06  -1.71296e+01
  10  beta_2CBO    2.76012e-05     fixed    
  11  alpha_y      0.00000e+00     fixed    
  12  w_y          1.38860e+01   constant   
  13  beta_y      -2.76329e-04     fixed    
  14  alpha_vw     0.00000e+00     fixed    
  15  w_vw         1.43404e+01   constant   
  16  beta_vw      0.00000e+00     fixed    
  17  LM          -6.12107e-05   constant   
  18  zeta_y       0.00000e+00   constant   
  19  zeta_vw      0.00000e+00   constant   
  20  T_CBO        1.00000e+03   9.99648e+02   4.52074e-02** at limit **
  21  alpha_A0     2.39971e-04   3.45016e-04   4.98917e-04  -1.24919e-02
  22  beta_A0     -7.33240e-04   3.60207e-04   5.17291e-04   1.17812e-02
  23  alpha_phi   -2.07454e-03   3.62293e-04   5.34169e-04   3.44116e-02
  24  beta_phi    -3.57760e-03   3.23872e-04   4.94926e-04   4.45642e-02
 MIGRAD MINIMIZATION HAS CONVERGED.
 MIGRAD WILL VERIFY CONVERGENCE AND ERROR MATRIX.
 COVARIANCE MATRIX CALCULATED SUCCESSFULLY
 FCN=578.454 FROM MIGRAD    STATUS=CONVERGED     266 CALLS        3039 TOTAL
                     EDM=8.91739e-06    STRATEGY= 1      ERROR MATRIX ACCURATE 
  EXT PARAMETER                                   STEP         FIRST   
  NO.   NAME      VALUE            ERROR          SIZE      DERIVATIVE 
   1  N0           3.17470e+06   2.15171e+02   2.36387e+00  -3.66241e-06
   2  tau          6.44005e+01   constant   
   3  A0           3.65080e-01   8.76234e-05   9.62646e-07  -6.38077e+00
   4  phi          4.11953e+00   2.42315e-04   2.73015e-06   3.94947e+00
   5  R           -6.09192e+01   constant   
   6  alpha_CBO   -4.00647e-03   9.39988e-05   1.06927e-06   8.22944e+00
   7  w_CBO        2.32500e+00   constant   
   8  beta_CBO     6.31854e-03   9.44104e-05   1.03949e-06   7.12772e+00
   9  alpha_2CBO  -2.92213e-05   9.25954e-05   1.05940e-06   3.83819e+01
  10  beta_2CBO    2.76012e-05     fixed    
  11  alpha_y      0.00000e+00     fixed    
  12  w_y          1.38860e+01   constant   
  13  beta_y      -2.76329e-04     fixed    
  14  alpha_vw     0.00000e+00     fixed    
  15  w_vw         1.43404e+01   constant   
  16  beta_vw      0.00000e+00     fixed    
  17  LM          -6.12107e-05   constant   
  18  zeta_y       0.00000e+00   constant   
  19  zeta_vw      0.00000e+00   constant   
  20  T_CBO        1.00000e+03   7.59235e+02   1.38252e-01** at limit **
  21  alpha_A0    -3.81816e-04   3.52807e-04   4.02162e-04  -3.21883e-03
  22  beta_A0     -1.21029e-03   3.68910e-04   4.18449e-04   1.26449e-02
  23  alpha_phi   -3.39101e-03   3.90247e-04   4.47768e-04   3.08721e-02
  24  beta_phi    -3.23050e-03   3.42216e-04   3.93805e-04  -3.65430e-02
 EXTERNAL ERROR MATRIX.    NDIM=  25    NPAR= 11    ERR DEF=1
  4.630e+04 
  2.106e-03  7.678e-09 
 -8.302e-03  1.593e-09  5.872e-08 
 -4.553e-04 -9.865e-10  2.888e-09  8.836e-09 
 -1.327e-03 -1.776e-09 -3.640e-09 -1.637e-10  8.913e-09 
  3.884e-04 -4.943e-10  4.239e-10  1.960e-10  2.996e-10  8.574e-09 
 -1.077e-01 -1.407e-07  2.348e-08 -6.107e-09  1.824e-08 -1.757e-08  6.805e-02 
  8.648e-03  3.136e-09  1.480e-09 -4.369e-09 -1.742e-09  3.024e-09 -2.812e-06  1.245e-07 
 -1.188e-02  2.304e-09  9.001e-09 -6.749e-10 -6.188e-09  2.749e-09 -8.491e-06  4.419e-09  1.362e-07 
 -1.015e-02  7.122e-09  9.834e-09  2.881e-09 -3.124e-09 -3.860e-09 -2.391e-05  1.235e-08  1.572e-08  1.524e-07 
 -1.212e-02 -1.354e-09  2.657e-09 -5.320e-10  5.143e-09  4.235e-09 -2.343e-05  4.558e-09  6.463e-09  1.403e-09  1.172e-07 
 PARAMETER  CORRELATION COEFFICIENTS  
       NO.  GLOBAL      1      3      4      6      8      9     20     21     22     23     24
        1  0.35401   1.000  0.112 -0.159 -0.023 -0.065  0.019 -0.002  0.114 -0.150 -0.121 -0.165
        3  0.35547   0.112  1.000  0.075 -0.120 -0.215 -0.061 -0.006  0.101  0.071  0.208 -0.045
        4  0.28484  -0.159  0.075  1.000  0.127 -0.159  0.019  0.000  0.017  0.101  0.104  0.032
        6  0.25174  -0.023 -0.120  0.127  1.000 -0.018  0.023 -0.000 -0.132 -0.019  0.079 -0.017
        8  0.35002  -0.065 -0.215 -0.159 -0.018  1.000  0.034  0.001 -0.052 -0.178 -0.085  0.159
        9  0.22914   0.019 -0.061  0.019  0.023  0.034  1.000 -0.001  0.093  0.080 -0.107  0.134
       20  0.36821  -0.002 -0.006  0.000 -0.000  0.001 -0.001  1.000 -0.031 -0.088 -0.235 -0.262
       21  0.24748   0.114  0.101  0.017 -0.132 -0.052  0.093 -0.031  1.000  0.034  0.090  0.038
       22  0.28765  -0.150  0.071  0.101 -0.019 -0.178  0.080 -0.088  0.034  1.000  0.109  0.051
       23  0.39624  -0.121  0.208  0.104  0.079 -0.085 -0.107 -0.235  0.090  0.109  1.000  0.010
       24  0.37658  -0.165 -0.045  0.032 -0.017  0.159  0.134 -0.262  0.038  0.051  0.010  1.000
MINUIT - FIT ONLY 1-y
 **********
 **   51 **RES 
 **********
                   PARAMETER   16  beta_vw RESTORED TO VARIABLE.
                   PARAMETER   14  alpha_vw RESTORED TO VARIABLE.
                   PARAMETER   13  beta_y RESTORED TO VARIABLE.
                   PARAMETER   11  alpha_y RESTORED TO VARIABLE.
                   PARAMETER   10  beta_2CBO RESTORED TO VARIABLE.
 **********
 **   52 **FIX            0
 **********
 PARAMETER    0  IS UNDEFINED. IGNORED.
 **********
 **   53 **FIX            1
 **********
 **********
 **   54 **FIX            2
 **********
 PARAMETER    2  IS CONSTANT.   IGNORED.
 **********
 **   55 **FIX            3
 **********
 **********
 **   56 **FIX            4
 **********
 **********
 **   57 **FIX            5
 **********
 PARAMETER    5  IS CONSTANT.   IGNORED.
 **********
 **   58 **FIX            6
 **********
 **********
 **   59 **FIX            7
 **********
 PARAMETER    7  IS CONSTANT.   IGNORED.
 **********
 **   60 **FIX            8
 **********
 **********
 **   61 **FIX            9
 **********
 **********
 **   62 **FIX           13
 **********
 **********
 **   63 **FIX           14
 **********
 **********
 **   64 **FIX           15
 **********
 PARAMETER   15  IS CONSTANT.   IGNORED.
 **********
 **   65 **FIX           16
 **********
 **********
 **   66 **MIGRAD
 **********
 START MIGRAD MINIMIZATION.  STRATEGY  1.  CONVERGENCE WHEN EDM .LT. 1.00e-04
 FCN=578.454 FROM MIGRAD    STATUS=INITIATE       16 CALLS        3055 TOTAL
                     EDM= unknown      STRATEGY= 1      NO ERROR MATRIX       
  EXT PARAMETER               CURRENT GUESS       STEP         FIRST   
  NO.   NAME      VALUE            ERROR          SIZE      DERIVATIVE 
   1  N0           3.17470e+06     fixed    
   2  tau          6.44005e+01   constant   
   3  A0           3.65080e-01     fixed    
   4  phi          4.11953e+00     fixed    
   5  R           -6.09192e+01   constant   
   6  alpha_CBO   -4.00647e-03     fixed    
   7  w_CBO        2.32500e+00   constant   
   8  beta_CBO     6.31854e-03     fixed    
   9  alpha_2CBO  -2.92213e-05     fixed    
  10  beta_2CBO    2.76012e-05   9.11675e-05   9.11675e-05  -8.16036e+03
  11  alpha_y      0.00000e+00   1.00000e-03   1.00000e-03  -1.84085e+05
  12  w_y          1.38860e+01   constant   
  13  beta_y      -2.76329e-04     fixed    
  14  alpha_vw     0.00000e+00     fixed    
  15  w_vw         1.43404e+01   constant   
  16  beta_vw      0.00000e+00     fixed    
  17  LM          -6.12107e-05   constant   
  18  zeta_y       0.00000e+00   constant   
  19  zeta_vw      0.00000e+00   constant   
  20  T_CBO        9.99999e+02   7.59235e+02   1.38252e-01  -2.03606e-05
  21  alpha_A0    -3.81816e-04   3.52807e-04   4.02162e-04  -3.21370e-03
  22  beta_A0     -1.21029e-03   3.68910e-04   4.18449e-04   1.26688e-02
  23  alpha_phi   -3.39101e-03   3.90247e-04   4.47768e-04   3.09467e-02
  24  beta_phi    -3.23050e-03   3.42216e-04   3.93805e-04  -3.64635e-02
 MIGRAD MINIMIZATION HAS CONVERGED.
 MIGRAD WILL VERIFY CONVERGENCE AND ERROR MATRIX.
 COVARIANCE MATRIX CALCULATED SUCCESSFULLY
 FCN=510.45 FROM MIGRAD    STATUS=CONVERGED     130 CALLS        3169 TOTAL
                     EDM=1.04536e-06    STRATEGY= 1      ERROR MATRIX ACCURATE 
  EXT PARAMETER                                   STEP         FIRST   
  NO.   NAME      VALUE            ERROR          SIZE      DERIVATIVE 
   1  N0           3.17470e+06     fixed    
   2  tau          6.44005e+01   constant   
   3  A0           3.65080e-01     fixed    
   4  phi          4.11953e+00     fixed    
   5  R           -6.09192e+01   constant   
   6  alpha_CBO   -4.00647e-03     fixed    
   7  w_CBO        2.32500e+00   constant   
   8  beta_CBO     6.31854e-03     fixed    
   9  alpha_2CBO  -2.92213e-05     fixed    
  10  beta_2CBO    5.38514e-05   9.12544e-05   9.85347e-07  -1.64014e-01
  11  alpha_y      7.37674e-04   8.95447e-05   9.88323e-07   2.80452e-01
  12  w_y          1.38860e+01   constant   
  13  beta_y      -2.76329e-04     fixed    
  14  alpha_vw     0.00000e+00     fixed    
  15  w_vw         1.43404e+01   constant   
  16  beta_vw      0.00000e+00     fixed    
  17  LM          -6.12107e-05   constant   
  18  zeta_y       0.00000e+00   constant   
  19  zeta_vw      0.00000e+00   constant   
  20  T_CBO        1.00000e+03   6.32174e+02   1.29718e-01** at limit **
  21  alpha_A0    -4.54489e-04   3.47738e-04   3.77952e-04   3.33406e-02
  22  beta_A0     -1.21910e-03   3.58841e-04   3.93190e-04  -1.62571e-02
  23  alpha_phi   -3.46918e-03   3.94449e-04   4.21948e-04  -1.72536e-02
  24  beta_phi    -3.25189e-03   3.50964e-04   3.70253e-04   3.27156e-03
 EXTERNAL ERROR MATRIX.    NDIM=  25    NPAR=  7    ERR DEF=1
  8.327e-09 -8.399e-11  1.025e-06 -4.065e-09  2.289e-09 -4.274e-09 -2.666e-09 
 -8.399e-11  8.018e-09  4.351e-07 -6.109e-10 -2.004e-10 -6.666e-10 -1.268e-10 
  1.025e-06  4.351e-07  8.089e+01 -1.846e-04 -4.745e-04 -1.355e-03 -1.312e-03 
 -4.065e-09 -6.109e-10 -1.846e-04  1.210e-07  2.899e-09  1.826e-08  8.971e-09 
  2.289e-09 -2.004e-10 -4.745e-04  2.899e-09  1.288e-07  1.414e-08  9.128e-09 
 -4.274e-09 -6.666e-10 -1.355e-03  1.826e-08  1.414e-08  1.557e-07  1.725e-08 
 -2.666e-09 -1.268e-10 -1.312e-03  8.971e-09  9.128e-09  1.725e-08  1.232e-07 
 PARAMETER  CORRELATION COEFFICIENTS  
       NO.  GLOBAL     10     11     20     21     22     23     24
       10  0.20940   1.000 -0.010  0.001 -0.128  0.070 -0.119 -0.083
       11  0.03128  -0.010  1.000  0.001 -0.020 -0.006 -0.019 -0.004
       20  0.54317   0.001  0.001  1.000 -0.059 -0.147 -0.382 -0.415
       21  0.18334  -0.128 -0.020 -0.059  1.000  0.023  0.133  0.073
       22  0.17468   0.070 -0.006 -0.147  0.023  1.000  0.100  0.072
       23  0.41819  -0.119 -0.019 -0.382  0.133  0.100  1.000  0.125
       24  0.42906  -0.083 -0.004 -0.415  0.073  0.072  0.125  1.000
MINUIT - FIT ONLY 2-y
 **********
 **   67 **RES 
 **********
                   PARAMETER   16  beta_vw RESTORED TO VARIABLE.
                   PARAMETER   14  alpha_vw RESTORED TO VARIABLE.
                   PARAMETER   13  beta_y RESTORED TO VARIABLE.
                   PARAMETER    9  alpha_2CBO RESTORED TO VARIABLE.
                   PARAMETER    8  beta_CBO RESTORED TO VARIABLE.
                   PARAMETER    6  alpha_CBO RESTORED TO VARIABLE.
                   PARAMETER    4  phi RESTORED TO VARIABLE.
                   PARAMETER    3  A0 RESTORED TO VARIABLE.
                   PARAMETER    1  N0 RESTORED TO VARIABLE.
 **********
 **   68 **FIX            0
 **********
 PARAMETER    0  IS UNDEFINED. IGNORED.
 **********
 **   69 **FIX            1
 **********
 **********
 **   70 **FIX            2
 **********
 PARAMETER    2  IS CONSTANT.   IGNORED.
 **********
 **   71 **FIX            3
 **********
 **********
 **   72 **FIX            4
 **********
 **********
 **   73 **FIX            5
 **********
 PARAMETER    5  IS CONSTANT.   IGNORED.
 **********
 **   74 **FIX            6
 **********
 **********
 **   75 **FIX            7
 **********
 PARAMETER    7  IS CONSTANT.   IGNORED.
 **********
 **   76 **FIX            8
 **********
 **********
 **   77 **FIX            9
 **********
 **********
 **   78 **FIX           10
 **********
 **********
 **   79 **FIX           11
 **********
 **********
 **   80 **FIX           12
 **********
 PARAMETER   12  IS CONSTANT.   IGNORED.
 **********
 **   81 **FIX           16
 **********
 **********
 **   82 **MIGRAD
 **********
 START MIGRAD MINIMIZATION.  STRATEGY  1.  CONVERGENCE WHEN EDM .LT. 1.00e-04
 FCN=510.45 FROM MIGRAD    STATUS=INITIATE       16 CALLS        3185 TOTAL
                     EDM= unknown      STRATEGY= 1      NO ERROR MATRIX       
  EXT PARAMETER               CURRENT GUESS       STEP         FIRST   
  NO.   NAME      VALUE            ERROR          SIZE      DERIVATIVE 
   1  N0           3.17470e+06     fixed    
   2  tau          6.44005e+01   constant   
   3  A0           3.65080e-01     fixed    
   4  phi          4.11953e+00     fixed    
   5  R           -6.09192e+01   constant   
   6  alpha_CBO   -4.00647e-03     fixed    
   7  w_CBO        2.32500e+00   constant   
   8  beta_CBO     6.31854e-03     fixed    
   9  alpha_2CBO  -2.92213e-05     fixed    
  10  beta_2CBO    5.38514e-05     fixed    
  11  alpha_y      7.37674e-04     fixed    
  12  w_y          1.38860e+01   constant   
  13  beta_y      -2.76329e-04   8.99113e-05   8.99113e-05  -4.13952e+03
  14  alpha_vw     0.00000e+00   1.00000e-03   1.00000e-03  -4.49665e+05
  15  w_vw         1.43404e+01   constant   
  16  beta_vw      0.00000e+00     fixed    
  17  LM          -6.12107e-05   constant   
  18  zeta_y       0.00000e+00   constant   
  19  zeta_vw      0.00000e+00   constant   
  20  T_CBO        1.00000e+03   6.32174e+02   1.29718e-01** at limit **
  21  alpha_A0    -4.54489e-04   3.47738e-04   3.77952e-04   3.33448e-02
  22  beta_A0     -1.21910e-03   3.58841e-04   3.93190e-04  -1.62425e-02
  23  alpha_phi   -3.46918e-03   3.94449e-04   4.21948e-04  -1.72102e-02
  24  beta_phi    -3.25189e-03   3.50964e-04   3.70253e-04   3.31181e-03
 MIGRAD MINIMIZATION HAS CONVERGED.
 MIGRAD WILL VERIFY CONVERGENCE AND ERROR MATRIX.
 COVARIANCE MATRIX CALCULATED SUCCESSFULLY
 FCN=92.1963 FROM MIGRAD    STATUS=CONVERGED     135 CALLS        3304 TOTAL
                     EDM=7.48953e-08    STRATEGY= 1      ERROR MATRIX ACCURATE 
  EXT PARAMETER                                   STEP         FIRST   
  NO.   NAME      VALUE            ERROR          SIZE      DERIVATIVE 
   1  N0           3.17470e+06     fixed    
   2  tau          6.44005e+01   constant   
   3  A0           3.65080e-01     fixed    
   4  phi          4.11953e+00     fixed    
   5  R           -6.09192e+01   constant   
   6  alpha_CBO   -4.00647e-03     fixed    
   7  w_CBO        2.32500e+00   constant   
   8  beta_CBO     6.31854e-03     fixed    
   9  alpha_2CBO  -2.92213e-05     fixed    
  10  beta_2CBO    5.38514e-05     fixed    
  11  alpha_y      7.37674e-04     fixed    
  12  w_y          1.38860e+01   constant   
  13  beta_y       4.41072e-05   9.10374e-05   4.23235e-07   7.27534e-02
  14  alpha_vw     1.85734e-03   9.08216e-05   4.22369e-07   2.88766e-01
  15  w_vw         1.43404e+01   constant   
  16  beta_vw      0.00000e+00     fixed    
  17  LM          -6.12107e-05   constant   
  18  zeta_y       0.00000e+00   constant   
  19  zeta_vw      0.00000e+00   constant   
  20  T_CBO        9.99999e+02   9.72669e+02   1.58684e-01  -3.34251e-06
  21  alpha_A0    -4.38890e-04   3.45864e-04   1.61323e-04   3.19730e-03
  22  beta_A0     -1.23718e-03   3.65814e-04   1.67879e-04   3.13088e-03
  23  alpha_phi   -3.42068e-03   4.42109e-04   1.79795e-04  -6.64629e-03
  24  beta_phi    -3.25102e-03   4.04450e-04   1.58058e-04  -6.09863e-03
 EXTERNAL ERROR MATRIX.    NDIM=  25    NPAR=  7    ERR DEF=1
  8.288e-09  1.349e-09  9.263e-07 -4.357e-11 -6.610e-11  5.925e-10 -5.845e-10 
  1.349e-09  8.249e-09  5.088e-07  7.668e-11 -8.953e-11  2.007e-10 -2.483e-12 
  9.263e-07  5.088e-07  1.512e+03 -1.324e-03 -3.580e-03 -9.902e-03 -9.724e-03 
 -4.357e-11  7.668e-11 -1.324e-03  1.197e-07  6.056e-09  2.170e-08  1.319e-08 
 -6.610e-11 -8.953e-11 -3.580e-03  6.056e-09  1.339e-07  3.077e-08  2.518e-08 
  5.925e-10  2.007e-10 -9.902e-03  2.170e-08  3.077e-08  1.956e-07  5.753e-08 
 -5.845e-10 -2.483e-12 -9.724e-03  1.319e-08  2.518e-08  5.753e-08  1.637e-07 
 PARAMETER  CORRELATION COEFFICIENTS  
       NO.  GLOBAL     13     14     20     21     22     23     24
       13  0.16519   1.000  0.163  0.000 -0.001 -0.002  0.015 -0.016
       14  0.16326   0.163  1.000  0.000  0.002 -0.003  0.005 -0.000
       20  0.74094   0.000  0.000  1.000 -0.098 -0.252 -0.576 -0.618
       21  0.15217  -0.001  0.002 -0.098  1.000  0.048  0.142  0.094
       22  0.25907  -0.002 -0.003 -0.252  0.048  1.000  0.190  0.170
       23  0.58592   0.015  0.005 -0.576  0.142  0.190  1.000  0.322
       24  0.62105  -0.016 -0.000 -0.618  0.094  0.170  0.322  1.000
MINUIT - FIT ALTOGETHER
 **********
 **   83 **RES 
