 + ++++++++++++++++++++++++++++++++++++++++++++++++++++++++++++++++++++ +
 +                                                                      +
 +           You have chose to blind your fitting according to          +
 +                omega_ref * (1 + (R +/- deltaR) *10^{-6})             +
 +                                                                      +
 + ++++++++++++++++++++++++++++++++++++++++++++++++++++++++++++++++++++ +
In main()...
reading format from /gm2data/zkhechad/run45/envelope/formats/formatB_sBin_constraintOn.txt
pBinTau 	= 0  
pBinPhi 	= 0  
constraintau 	= 1 
includeMopTerm 	= 0    
constrainMop    = 0   
Parameters after format file: pBinTau 0 pBinPhi 0 constraintau 1 includeMopTerm 0 constrainMop 0 c_e_scale 0.000000 
Opening file /gm2data/tbarrett/gm2fr/studies/run23_bunch_corrections/CorrectedFourier_Run3b.root.
reading full fit data from /gm2data/zkhechad/cboTemplates/Run4CBOTemplates/fullFits/noRF/sBin_constraintOn_cE0.0_seed0_noRF_calo4.root
windowBins = 69
fitting sliding window 840 from bin 976 at 145.470000 to bin 1045 at 155.914000 (69 bins)

Reading data from /gm2data/cornell/histograms/aMethod/histogram_a_noRF.root
 **********
 **    1 **SET PRINTOUT            1
 **********
 **********
 **    2 **SET NOWARNINGS 
 **********
 PARAMETER DEFINITIONS:
    NO.   NAME         VALUE      STEP SIZE      LIMITS
     1 N0           2.96874e+06  1.00000e+02     no limits
     2 tau          6.44041e+01  constant
     3 A0           3.53299e-01  1.00000e-04     no limits
     4 phi          4.11736e+00  1.00000e-02     no limits
     5 R           -5.92716e+01  constant
     6 alpha_CBO    0.00000e+00  1.00000e-03     no limits
     7 w_CBO        2.32500e+00  constant
     8 beta_CBO     0.00000e+00  1.00000e-03     no limits
     9 alpha_2CBO   0.00000e+00  1.00000e-03     no limits
    10 beta_2CBO    0.00000e+00  1.00000e-03     no limits
    11 alpha_y      0.00000e+00  1.00000e-03     no limits
    12 w_y          1.38860e+01  constant
    13 beta_y       0.00000e+00  1.00000e-03     no limits
    14 alpha_vw     0.00000e+00  1.00000e-03     no limits
    15 w_vw         1.43404e+01  constant
    16 beta_vw      0.00000e+00  1.00000e-03     no limits
    17 LM           4.68092e-05  constant
    18 zeta_y       0.00000e+00  constant
    19 zeta_vw      0.00000e+00  constant
    20 T_CBO        1.00000e+02  1.00000e+00    0.00000e+00  1.00000e+03
    21 alpha_A0     0.00000e+00  1.00000e-04   -1.00000e-02  1.00000e-02
    22 beta_A0      0.00000e+00  1.00000e-04   -1.00000e-02  1.00000e-02
    23 alpha_phi    0.00000e+00  1.00000e-04   -1.00000e-02  1.00000e-02
    24 beta_phi     0.00000e+00  1.00000e-04   -1.00000e-02  1.00000e-02
MINUIT - FIT ONLY WIGGLE
 **********
 **    3 **FIX            5
 **********
 PARAMETER    5  IS CONSTANT.   IGNORED.
 **********
 **    4 **FIX            6
 **********
 **********
 **    5 **FIX            7
 **********
 PARAMETER    7  IS CONSTANT.   IGNORED.
 **********
 **    6 **FIX            8
 **********
 **********
 **    7 **FIX            9
 **********
 **********
 **    8 **FIX           10
 **********
 **********
 **    9 **FIX           11
 **********
 **********
 **   10 **FIX           12
 **********
 PARAMETER   12  IS CONSTANT.   IGNORED.
 **********
 **   11 **FIX           13
 **********
 **********
 **   12 **FIX           14
 **********
 **********
 **   13 **FIX           15
 **********
 PARAMETER   15  IS CONSTANT.   IGNORED.
 **********
 **   14 **FIX           16
 **********
 **********
 **   15 **MIGRAD
 **********
 FIRST CALL TO USER FUNCTION AT NEW START POINT, WITH IFLAG=4.
 START MIGRAD MINIMIZATION.  STRATEGY  1.  CONVERGENCE WHEN EDM .LT. 1.00e-04
 FCN=692.105 FROM MIGRAD    STATUS=INITIATE      437 CALLS         438 TOTAL
                     EDM= unknown      STRATEGY= 1      NO ERROR MATRIX       
  EXT PARAMETER               CURRENT GUESS       STEP         FIRST   
  NO.   NAME      VALUE            ERROR          SIZE      DERIVATIVE 
   1  N0           2.96874e+06   1.00000e+02   0.00000e+00   1.16688e-02
   2  tau          6.44041e+01   constant   
   3  A0           3.53299e-01   1.00000e-04   0.00000e+00   2.14890e+04
   4  phi          4.11736e+00   1.00000e-02   0.00000e+00  -1.14685e+04
   5  R           -5.92716e+01   constant   
   6  alpha_CBO    0.00000e+00     fixed    
   7  w_CBO        2.32500e+00   constant   
   8  beta_CBO     0.00000e+00     fixed    
   9  alpha_2CBO   0.00000e+00     fixed    
  10  beta_2CBO    0.00000e+00     fixed    
  11  alpha_y      0.00000e+00     fixed    
  12  w_y          1.38860e+01   constant   
  13  beta_y       0.00000e+00     fixed    
  14  alpha_vw     0.00000e+00     fixed    
  15  w_vw         1.43404e+01   constant   
  16  beta_vw      0.00000e+00     fixed    
  17  LM           4.68092e-05   constant   
  18  zeta_y       0.00000e+00   constant   
  19  zeta_vw      0.00000e+00   constant   
  20  T_CBO        1.00000e+02   1.00000e+00   0.00000e+00   0.00000e+00
  21  alpha_A0     0.00000e+00   1.00000e-04   0.00000e+00  -1.25301e+01
  22  beta_A0      0.00000e+00   1.00000e-04   0.00000e+00  -1.41830e+01
  23  alpha_phi    0.00000e+00   1.00000e-04   0.00000e+00   8.97278e+00
  24  beta_phi     0.00000e+00   1.00000e-04   0.00000e+00   2.69120e+01
 MIGRAD MINIMIZATION HAS CONVERGED.
 FCN=646.922 FROM MIGRAD    STATUS=CONVERGED     668 CALLS         669 TOTAL
                     EDM=1.22293e-06    STRATEGY= 1  ERROR MATRIX UNCERTAINTY   0.6 per cent
  EXT PARAMETER                                   STEP         FIRST   
  NO.   NAME      VALUE            ERROR          SIZE      DERIVATIVE 
   1  N0           2.96838e+06   4.18275e+02   3.76202e-03   1.01402e-06
   2  tau          6.44041e+01   constant   
   3  A0           3.53008e-01   1.88826e-04   1.83913e-07   5.97089e-01
   4  phi          4.11913e+00   5.43393e-04   7.60063e-08   7.79570e-01
   5  R           -5.92716e+01   constant   
   6  alpha_CBO    0.00000e+00     fixed    
   7  w_CBO        2.32500e+00   constant   
   8  beta_CBO     0.00000e+00     fixed    
   9  alpha_2CBO   0.00000e+00     fixed    
  10  beta_2CBO    0.00000e+00     fixed    
  11  alpha_y      0.00000e+00     fixed    
  12  w_y          1.38860e+01   constant   
  13  beta_y       0.00000e+00     fixed    
  14  alpha_vw     0.00000e+00     fixed    
  15  w_vw         1.43404e+01   constant   
  16  beta_vw      0.00000e+00     fixed    
  17  LM           4.68092e-05   constant   
  18  zeta_y       0.00000e+00   constant   
  19  zeta_vw      0.00000e+00   constant   
  20  T_CBO        1.28694e+02   2.51931e+01  -1.21481e-04  -6.18969e-03
  21  alpha_A0     3.62334e-03   2.44994e-03   1.35355e-04   2.08640e-03
  22  beta_A0      6.27312e-03   2.84701e-03   5.39832e-04   2.97329e-03
  23  alpha_phi   -2.50993e-03   2.60959e-03  -3.09233e-04  -2.45494e-03
  24  beta_phi    -9.99997e-03   1.99850e-02  -8.70793e-03   4.87831e-04
 EXTERNAL ERROR MATRIX.    NDIM=  25    NPAR=  8    ERR DEF=1
  1.750e+05 -6.810e-03  2.768e-02  1.600e+03  8.204e-02  7.838e-02  2.960e-01 -1.218e-03 
 -6.810e-03  3.566e-08  1.147e-09  4.253e-04 -2.152e-08 -1.044e-07 -7.159e-08 -3.701e-10 
  2.768e-02  1.147e-09  2.953e-07  2.130e-03 -7.304e-08 -9.667e-08  1.292e-07 -9.575e-10 
  1.600e+03  4.253e-04  2.130e-03  6.359e+02 -2.287e-02 -3.450e-02  1.439e-02  2.877e-04 
  8.204e-02 -2.152e-08 -7.304e-08 -2.287e-02  6.146e-06  1.588e-06 -9.627e-08 -1.292e-08 
  7.838e-02 -1.044e-07 -9.667e-08 -3.450e-02  1.588e-06  8.495e-06  3.643e-07 -2.501e-08 
  2.960e-01 -7.159e-08  1.292e-07  1.439e-02 -9.627e-08  3.643e-07  6.982e-06  1.009e-08 
 -1.218e-03 -3.701e-10 -9.575e-10  2.877e-04 -1.292e-08 -2.501e-08  1.009e-08  4.914e-09 
 PARAMETER  CORRELATION COEFFICIENTS  
       NO.  GLOBAL      1      3      4     20     21     22     23     24
        1  0.34946   1.000 -0.086  0.122  0.152  0.079  0.064  0.268 -0.042
        3  0.24591  -0.086  1.000  0.011  0.089 -0.046 -0.190 -0.143 -0.028
        4  0.19409   0.122  0.011  1.000  0.155 -0.054 -0.061  0.090 -0.025
       20  0.61887   0.152  0.089  0.155  1.000 -0.366 -0.469  0.216  0.163
       21  0.39319   0.079 -0.046 -0.054 -0.366  1.000  0.220 -0.015 -0.074
       22  0.52075   0.064 -0.190 -0.061 -0.469  0.220  1.000  0.047 -0.122
       23  0.37276   0.268 -0.143  0.090  0.216 -0.015  0.047  1.000  0.054
       24  0.19865  -0.042 -0.028 -0.025  0.163 -0.074 -0.122  0.054  1.000
MINUIT - FIT ONLY 1-CBO + wiggle
 **********
 **   16 **RES 
 **********
                   PARAMETER   16  beta_vw RESTORED TO VARIABLE.
                   PARAMETER   14  alpha_vw RESTORED TO VARIABLE.
                   PARAMETER   13  beta_y RESTORED TO VARIABLE.
                   PARAMETER   11  alpha_y RESTORED TO VARIABLE.
                   PARAMETER   10  beta_2CBO RESTORED TO VARIABLE.
                   PARAMETER    9  alpha_2CBO RESTORED TO VARIABLE.
                   PARAMETER    8  beta_CBO RESTORED TO VARIABLE.
                   PARAMETER    6  alpha_CBO RESTORED TO VARIABLE.
 **********
 **   17 **FIX            8
 **********
 **********
 **   18 **FIX            9
 **********
 **********
 **   19 **FIX           11
 **********
 **********
 **   20 **FIX           12
 **********
 PARAMETER   12  IS CONSTANT.   IGNORED.
 **********
 **   21 **FIX           14
 **********
 **********
 **   22 **FIX           15
 **********
 PARAMETER   15  IS CONSTANT.   IGNORED.
 **********
 **   23 **FIX           16
 **********
 **********
 **   24 **MIGRAD
 **********
 START MIGRAD MINIMIZATION.  STRATEGY  1.  CONVERGENCE WHEN EDM .LT. 1.00e-04
 FCN=646.922 FROM MIGRAD    STATUS=INITIATE       28 CALLS         697 TOTAL
                     EDM= unknown      STRATEGY= 1      NO ERROR MATRIX       
  EXT PARAMETER               CURRENT GUESS       STEP         FIRST   
  NO.   NAME      VALUE            ERROR          SIZE      DERIVATIVE 
   1  N0           2.96838e+06   4.18275e+02   3.76202e-03   1.01402e-06
   2  tau          6.44041e+01   constant   
   3  A0           3.53008e-01   1.88826e-04   1.83913e-07   5.97088e-01
   4  phi          4.11913e+00   5.43393e-04   7.60063e-08   7.79571e-01
   5  R           -5.92716e+01   constant   
   6  alpha_CBO    0.00000e+00   1.00000e-03   1.00000e-03   4.03996e+04
   7  w_CBO        2.32500e+00   constant   
   8  beta_CBO     0.00000e+00     fixed    
   9  alpha_2CBO   0.00000e+00     fixed    
  10  beta_2CBO    0.00000e+00   1.00000e-03   1.00000e-03   1.04936e+04
  11  alpha_y      0.00000e+00     fixed    
  12  w_y          1.38860e+01   constant   
  13  beta_y       0.00000e+00   1.00000e-03   1.00000e-03  -5.24923e+03
  14  alpha_vw     0.00000e+00     fixed    
  15  w_vw         1.43404e+01   constant   
  16  beta_vw      0.00000e+00     fixed    
  17  LM           4.68092e-05   constant   
  18  zeta_y       0.00000e+00   constant   
  19  zeta_vw      0.00000e+00   constant   
  20  T_CBO        1.28694e+02   2.51931e+01  -1.21481e-04  -6.18951e-03
  21  alpha_A0     3.62334e-03   2.44994e-03   1.35355e-04   2.08637e-03
  22  beta_A0      6.27312e-03   2.84701e-03   5.39832e-04   2.97305e-03
  23  alpha_phi   -2.50993e-03   2.60959e-03  -3.09233e-04  -2.45490e-03
  24  beta_phi    -9.99997e-03   1.99850e-02  -8.70793e-03   4.83599e-04
 MIGRAD MINIMIZATION HAS CONVERGED.
 FCN=630.524 FROM MIGRAD    STATUS=CONVERGED     173 CALLS         842 TOTAL
                     EDM=3.26279e-06    STRATEGY= 1  ERROR MATRIX UNCERTAINTY   3.1 per cent
  EXT PARAMETER                                   STEP         FIRST   
  NO.   NAME      VALUE            ERROR          SIZE      DERIVATIVE 
   1  N0           2.96832e+06   4.15234e+02  -4.30087e-01   1.78238e-06
   2  tau          6.44041e+01   constant   
   3  A0           3.52857e-01   1.99969e-04  -1.50714e-07   7.90416e-01
   4  phi          4.11880e+00   5.32036e-04   3.29414e-07   1.47933e+00
   5  R           -5.92716e+01   constant   
   6  alpha_CBO   -7.57138e-04   1.93032e-04   2.33192e-07   3.98743e+00
   7  w_CBO        2.32500e+00   constant   
   8  beta_CBO     0.00000e+00     fixed    
   9  alpha_2CBO   0.00000e+00     fixed    
  10  beta_2CBO   -1.61888e-04   1.86742e-04  -9.84800e-08  -4.78556e+00
  11  alpha_y      0.00000e+00     fixed    
  12  w_y          1.38860e+01   constant   
  13  beta_y       9.64511e-05   1.89295e-04   2.44855e-07   2.19555e+00
  14  alpha_vw     0.00000e+00     fixed    
  15  w_vw         1.43404e+01   constant   
  16  beta_vw      0.00000e+00     fixed    
  17  LM           4.68092e-05   constant   
  18  zeta_y       0.00000e+00   constant   
  19  zeta_vw      0.00000e+00   constant   
  20  T_CBO        1.26980e+02   2.24330e+01  -2.21827e-04   2.56899e-02
  21  alpha_A0     2.11136e-03   2.47824e-03   2.03325e-04  -2.31710e-03
  22  beta_A0      6.61879e-03   2.90141e-03   1.17224e-03  -2.08874e-03
  23  alpha_phi   -1.62008e-03   2.35390e-03   7.12008e-04   9.50437e-03
  24  beta_phi    -1.00000e-02   1.99957e-02   3.12449e-05** at limit **
 EXTERNAL ERROR MATRIX.    NDIM=  25    NPAR= 11    ERR DEF=1
  1.724e+05 
 -4.516e-03  3.999e-08 
  2.158e-02  3.534e-09  2.831e-07 
  2.831e-04  7.529e-09  1.460e-08  3.726e-08 
  5.739e-03 -1.564e-09  1.140e-09 -5.234e-10  3.487e-08 
 -4.503e-04 -9.497e-10 -3.139e-09 -3.045e-10  3.100e-10  3.583e-08 
  7.842e+01  5.345e-04  5.000e-05 -8.224e-05 -1.563e-06 -2.160e-04  5.040e+02 
  1.727e-01 -1.823e-08  6.422e-08  7.613e-08  2.016e-08  2.813e-09 -1.132e-02  6.278e-06 
  2.351e-01 -1.075e-07  4.795e-08 -1.803e-08  5.680e-08  2.586e-08 -2.971e-02  1.034e-06  8.876e-06 
  1.628e-01 -6.839e-08 -1.047e-07 -6.739e-08  2.671e-08 -1.729e-08 -3.104e-03  4.523e-07  1.471e-06  5.649e-06 
  2.560e-06 -5.780e-13  9.792e-13 -5.323e-13  7.771e-13 -2.620e-13 -3.527e-08  1.258e-11  1.571e-11  5.818e-12  6.564e-12 
 PARAMETER  CORRELATION COEFFICIENTS  
       NO.  GLOBAL      1      3      4      6     10     13     20     21     22     23     24
        1  0.30998   1.000 -0.054  0.098  0.004  0.074 -0.006  0.008  0.166  0.190  0.165  0.002
        3  0.28256  -0.054  1.000  0.033  0.195 -0.042 -0.025  0.119 -0.036 -0.181 -0.144 -0.001
        4  0.19697   0.098  0.033  1.000  0.142  0.011 -0.031  0.004  0.048  0.030 -0.083  0.001
        6  0.31100   0.004  0.195  0.142  1.000 -0.015 -0.008 -0.019  0.157 -0.031 -0.147 -0.001
       10  0.13394   0.074 -0.042  0.011 -0.015  1.000  0.009 -0.000  0.043  0.102  0.060  0.002
       13  0.08590  -0.006 -0.025 -0.031 -0.008  0.009  1.000 -0.051  0.006  0.046 -0.038 -0.001
       20  0.48616   0.008  0.119  0.004 -0.019 -0.000 -0.051  1.000 -0.201 -0.444 -0.058 -0.001
       21  0.31258   0.166 -0.036  0.048  0.157  0.043  0.006 -0.201  1.000  0.139  0.076  0.002
       22  0.52504   0.190 -0.181  0.030 -0.031  0.102  0.046 -0.444  0.139  1.000  0.208  0.002
       23  0.31539   0.165 -0.144 -0.083 -0.147  0.060 -0.038 -0.058  0.076  0.208  1.000  0.001
       24  0.00383   0.002 -0.001  0.001 -0.001  0.002 -0.001 -0.001  0.002  0.002  0.001  1.000
MINUIT - FIT ONLY 2-CBO
 **********
 **   25 **RES 
 **********
                   PARAMETER   16  beta_vw RESTORED TO VARIABLE.
                   PARAMETER   14  alpha_vw RESTORED TO VARIABLE.
                   PARAMETER   11  alpha_y RESTORED TO VARIABLE.
                   PARAMETER    9  alpha_2CBO RESTORED TO VARIABLE.
                   PARAMETER    8  beta_CBO RESTORED TO VARIABLE.
 **********
 **   26 **FIX            0
 **********
 PARAMETER    0  IS UNDEFINED. IGNORED.
 **********
 **   27 **FIX            1
 **********
 **********
 **   28 **FIX            2
 **********
 PARAMETER    2  IS CONSTANT.   IGNORED.
 **********
 **   29 **FIX            3
 **********
 **********
 **   30 **FIX            4
 **********
 **********
 **   31 **FIX            5
 **********
 PARAMETER    5  IS CONSTANT.   IGNORED.
 **********
 **   32 **FIX            6
 **********
 **********
 **   33 **FIX            7
 **********
 PARAMETER    7  IS CONSTANT.   IGNORED.
 **********
 **   34 **FIX           10
 **********
 **********
 **   35 **FIX           11
 **********
 **********
 **   36 **FIX           12
 **********
 PARAMETER   12  IS CONSTANT.   IGNORED.
 **********
 **   37 **FIX           13
 **********
 **********
 **   38 **FIX           14
 **********
 **********
 **   39 **FIX           15
 **********
 PARAMETER   15  IS CONSTANT.   IGNORED.
 **********
 **   40 **FIX           16
 **********
 **********
 **   41 **MIGRAD
 **********
 START MIGRAD MINIMIZATION.  STRATEGY  1.  CONVERGENCE WHEN EDM .LT. 1.00e-04
 FCN=630.524 FROM MIGRAD    STATUS=INITIATE       18 CALLS         860 TOTAL
                     EDM= unknown      STRATEGY= 1      NO ERROR MATRIX       
  EXT PARAMETER               CURRENT GUESS       STEP         FIRST   
  NO.   NAME      VALUE            ERROR          SIZE      DERIVATIVE 
   1  N0           2.96832e+06     fixed    
   2  tau          6.44041e+01   constant   
   3  A0           3.52857e-01     fixed    
   4  phi          4.11880e+00     fixed    
   5  R           -5.92716e+01   constant   
   6  alpha_CBO   -7.57138e-04     fixed    
   7  w_CBO        2.32500e+00   constant   
   8  beta_CBO     0.00000e+00   1.00000e-03   1.00000e-03   2.37826e+05
   9  alpha_2CBO   0.00000e+00   1.00000e-03   1.00000e-03  -4.10798e+04
  10  beta_2CBO   -1.61888e-04     fixed    
  11  alpha_y      0.00000e+00     fixed    
  12  w_y          1.38860e+01   constant   
  13  beta_y       9.64511e-05     fixed    
  14  alpha_vw     0.00000e+00     fixed    
  15  w_vw         1.43404e+01   constant   
  16  beta_vw      0.00000e+00     fixed    
  17  LM           4.68092e-05   constant   
  18  zeta_y       0.00000e+00   constant   
  19  zeta_vw      0.00000e+00   constant   
  20  T_CBO        1.26980e+02   2.24330e+01  -2.21827e-04   2.54695e-02
  21  alpha_A0     2.11136e-03   2.47824e-03   2.03325e-04  -2.32186e-03
  22  beta_A0      6.61879e-03   2.90141e-03   1.17224e-03  -2.09061e-03
  23  alpha_phi   -1.62008e-03   2.35390e-03   7.12008e-04   9.50524e-03
  24  beta_phi    -9.99998e-03   1.99957e-02   3.12449e-05   2.65573e-04
 MIGRAD MINIMIZATION HAS CONVERGED.
 MIGRAD WILL VERIFY CONVERGENCE AND ERROR MATRIX.
 COVARIANCE MATRIX CALCULATED SUCCESSFULLY
 FCN=90.5279 FROM HESSE     STATUS=OK             50 CALLS        1265 TOTAL
                     EDM=0.0615178    STRATEGY= 1      ERROR MATRIX ACCURATE 
  EXT PARAMETER                                   STEP         FIRST   
  NO.   NAME      VALUE            ERROR          SIZE      DERIVATIVE 
   1  N0           2.96832e+06     fixed    
   2  tau          6.44041e+01   constant   
   3  A0           3.52857e-01     fixed    
   4  phi          4.11880e+00     fixed    
   5  R           -5.92716e+01   constant   
   6  alpha_CBO   -7.57138e-04     fixed    
   7  w_CBO        2.32500e+00   constant   
   8  beta_CBO    -4.46581e-03   1.95188e-04   9.02695e-07   1.51151e+02
   9  alpha_2CBO   4.11413e-04   1.96250e-04   8.90145e-07  -6.98191e+02
  10  beta_2CBO   -1.61888e-04     fixed    
  11  alpha_y      0.00000e+00     fixed    
  12  w_y          1.38860e+01   constant   
  13  beta_y       9.64511e-05     fixed    
  14  alpha_vw     0.00000e+00     fixed    
  15  w_vw         1.43404e+01   constant   
  16  beta_vw      0.00000e+00     fixed    
  17  LM           4.68092e-05   constant   
  18  zeta_y       0.00000e+00   constant   
  19  zeta_vw      0.00000e+00   constant   
  20  T_CBO        1.78472e+02   2.92787e+02   6.18642e-04  -6.36827e-01
  21  alpha_A0     2.80550e-03   4.57027e-03   8.07462e-04   2.36272e-01
  22  beta_A0     -3.53203e-04   1.90868e-03   8.50640e-04  -1.33048e-01
  23  alpha_phi   -3.29756e-04   1.82538e-03   8.16186e-04  -5.81566e-01
  24  beta_phi    -6.18722e-03   1.16313e-02   9.99110e-04   1.94596e-01
 MIGRAD MINIMIZATION HAS CONVERGED.
 MIGRAD WILL VERIFY CONVERGENCE AND ERROR MATRIX.
 COVARIANCE MATRIX CALCULATED SUCCESSFULLY
 FCN=90.3231 FROM MIGRAD    STATUS=CONVERGED     892 CALLS        1734 TOTAL
                     EDM=4.79383e-06    STRATEGY= 1      ERROR MATRIX ACCURATE 
  EXT PARAMETER                                   STEP         FIRST   
  NO.   NAME      VALUE            ERROR          SIZE      DERIVATIVE 
   1  N0           2.96832e+06     fixed    
   2  tau          6.44041e+01   constant   
   3  A0           3.52857e-01     fixed    
   4  phi          4.11880e+00     fixed    
   5  R           -5.92716e+01   constant   
   6  alpha_CBO   -7.57138e-04     fixed    
   7  w_CBO        2.32500e+00   constant   
   8  beta_CBO    -4.46922e-03   1.95175e-04   9.01686e-07   4.74182e-02
   9  alpha_2CBO   4.22849e-04   1.96193e-04   8.89150e-07   3.99368e+00
  10  beta_2CBO   -1.61888e-04     fixed    
  11  alpha_y      0.00000e+00     fixed    
  12  w_y          1.38860e+01   constant   
  13  beta_y       9.64511e-05     fixed    
  14  alpha_vw     0.00000e+00     fixed    
  15  w_vw         1.43404e+01   constant   
  16  beta_vw      0.00000e+00     fixed    
  17  LM           4.68092e-05   constant   
  18  zeta_y       0.00000e+00   constant   
  19  zeta_vw      0.00000e+00   constant   
  20  T_CBO        9.99951e+02   9.86460e+02   4.19781e-02  -2.93681e-04
  21  alpha_A0     1.40055e-03   8.37588e-04   3.91243e-04   4.44038e-03
  22  beta_A0     -1.83402e-04   9.22360e-04   4.24534e-04  -2.21996e-03
  23  alpha_phi   -1.44896e-04   8.80491e-04   4.06384e-04  -6.07482e-03
  24  beta_phi    -3.12489e-03   8.44997e-04   4.12687e-04  -8.62582e-03
 EXTERNAL ERROR MATRIX.    NDIM=  25    NPAR=  7    ERR DEF=1
  3.809e-08  3.078e-09  9.975e-07 -2.254e-09  1.819e-08 -1.056e-10 -6.824e-10 
  3.078e-09  3.849e-08  1.140e-06  1.810e-08 -1.824e-08  2.290e-08  1.504e-08 
  9.975e-07  1.140e-06  4.657e+03  4.872e-04 -5.625e-05 -3.243e-05 -1.082e-03 
 -2.254e-09  1.810e-08  4.872e-04  7.032e-07  2.301e-08  3.630e-08  5.479e-08 
  1.819e-08 -1.824e-08 -5.625e-05  2.301e-08  8.532e-07  4.975e-08  1.485e-08 
 -1.056e-10  2.290e-08 -3.243e-05  3.630e-08  4.975e-08  7.773e-07  4.059e-09 
 -6.824e-10  1.504e-08 -1.082e-03  5.479e-08  1.485e-08  4.059e-09  7.159e-07 
 PARAMETER  CORRELATION COEFFICIENTS  
       NO.  GLOBAL      8      9     20     21     22     23     24
        8  0.14048   1.000  0.080  0.000 -0.014  0.101 -0.001 -0.004
        9  0.23807   0.080  1.000  0.000  0.110 -0.101  0.132  0.091
       20  0.02128   0.000  0.000  1.000  0.009 -0.001 -0.001 -0.019
       21  0.14143  -0.014  0.110  0.009  1.000  0.030  0.049  0.077
       22  0.17417   0.101 -0.101 -0.001  0.030  1.000  0.061  0.019
       23  0.15684  -0.001  0.132 -0.001  0.049  0.061  1.000  0.005
       24  0.11872  -0.004  0.091 -0.019  0.077  0.019  0.005  1.000
MINUIT - FIT wiggle + 1-CBO + 2-CBO
 **********
 **   42 **RES 
 **********
                   PARAMETER   16  beta_vw RESTORED TO VARIABLE.
                   PARAMETER   14  alpha_vw RESTORED TO VARIABLE.
                   PARAMETER   13  beta_y RESTORED TO VARIABLE.
                   PARAMETER   11  alpha_y RESTORED TO VARIABLE.
                   PARAMETER   10  beta_2CBO RESTORED TO VARIABLE.
                   PARAMETER    6  alpha_CBO RESTORED TO VARIABLE.
                   PARAMETER    4  phi RESTORED TO VARIABLE.
                   PARAMETER    3  A0 RESTORED TO VARIABLE.
                   PARAMETER    1  N0 RESTORED TO VARIABLE.
 **********
 **   43 **FIX           10
 **********
 **********
 **   44 **FIX           11
 **********
 **********
 **   45 **FIX           12
 **********
 PARAMETER   12  IS CONSTANT.   IGNORED.
 **********
 **   46 **FIX           13
 **********
 **********
 **   47 **FIX           14
 **********
 **********
 **   48 **FIX           15
 **********
 PARAMETER   15  IS CONSTANT.   IGNORED.
 **********
 **   49 **FIX           16
 **********
 **********
 **   50 **MIGRAD
 **********
 START MIGRAD MINIMIZATION.  STRATEGY  1.  CONVERGENCE WHEN EDM .LT. 1.00e-04
 FCN=90.3231 FROM MIGRAD    STATUS=INITIATE       22 CALLS        1756 TOTAL
                     EDM= unknown      STRATEGY= 1      NO ERROR MATRIX       
  EXT PARAMETER               CURRENT GUESS       STEP         FIRST   
  NO.   NAME      VALUE            ERROR          SIZE      DERIVATIVE 
   1  N0           2.96832e+06   4.15234e+02   4.15234e+02  -9.14599e-03
   2  tau          6.44041e+01   constant   
   3  A0           3.52857e-01   1.99969e-04   1.99969e-04  -3.16964e+04
   4  phi          4.11880e+00   5.32036e-04   5.32036e-04   1.28539e+04
   5  R           -5.92716e+01   constant   
   6  alpha_CBO   -7.57138e-04   1.93032e-04   1.93032e-04  -8.20454e+02
   7  w_CBO        2.32500e+00   constant   
   8  beta_CBO    -4.46922e-03   1.95175e-04   9.01686e-07   4.74178e-02
   9  alpha_2CBO   4.22849e-04   1.96193e-04   8.89150e-07   3.99368e+00
  10  beta_2CBO   -1.61888e-04     fixed    
  11  alpha_y      0.00000e+00     fixed    
  12  w_y          1.38860e+01   constant   
  13  beta_y       9.64511e-05     fixed    
  14  alpha_vw     0.00000e+00     fixed    
  15  w_vw         1.43404e+01   constant   
  16  beta_vw      0.00000e+00     fixed    
  17  LM           4.68092e-05   constant   
  18  zeta_y       0.00000e+00   constant   
  19  zeta_vw      0.00000e+00   constant   
  20  T_CBO        9.99951e+02   9.86460e+02   4.19781e-02  -2.96621e-04
  21  alpha_A0     1.40055e-03   8.37588e-04   3.91243e-04   4.43776e-03
  22  beta_A0     -1.83402e-04   9.22360e-04   4.24534e-04  -2.22034e-03
  23  alpha_phi   -1.44896e-04   8.80491e-04   4.06384e-04  -6.07454e-03
  24  beta_phi    -3.12489e-03   8.44997e-04   4.12687e-04  -8.61895e-03
 MIGRAD MINIMIZATION HAS CONVERGED.
 MIGRAD WILL VERIFY CONVERGENCE AND ERROR MATRIX.
 COVARIANCE MATRIX CALCULATED SUCCESSFULLY
 FCN=67.9881 FROM MIGRAD    STATUS=CONVERGED     249 CALLS        1983 TOTAL
                     EDM=2.70755e-06    STRATEGY= 1      ERROR MATRIX ACCURATE 
  EXT PARAMETER                                   STEP         FIRST   
  NO.   NAME      VALUE            ERROR          SIZE      DERIVATIVE 
   1  N0           2.96885e+06   1.40856e+00   1.60763e+00   1.72883e-06
   2  tau          6.44041e+01   constant   
   3  A0           3.53413e-01   1.94641e-04   7.44004e-07  -1.09857e+00
   4  phi          4.11707e+00   5.44918e-04   2.13769e-06   4.00632e-01
   5  R           -5.92716e+01   constant   
   6  alpha_CBO   -7.20210e-04   1.94449e-04   7.52203e-07   6.04358e+00
   7  w_CBO        2.32500e+00   constant   
   8  beta_CBO    -4.66933e-03   1.99363e-04   7.83511e-07  -1.15603e+00
   9  alpha_2CBO   3.54419e-04   1.96654e-04   7.72608e-07  -2.82762e-01
  10  beta_2CBO   -1.61888e-04     fixed    
  11  alpha_y      0.00000e+00     fixed    
  12  w_y          1.38860e+01   constant   
  13  beta_y       9.64511e-05     fixed    
  14  alpha_vw     0.00000e+00     fixed    
  15  w_vw         1.43404e+01   constant   
  16  beta_vw      0.00000e+00     fixed    
  17  LM           4.68092e-05   constant   
  18  zeta_y       0.00000e+00   constant   
  19  zeta_vw      0.00000e+00   constant   
  20  T_CBO        9.99927e+02   7.06865e+02   6.59588e-02  -1.41919e-04
  21  alpha_A0     1.59045e-03   8.44323e-04   3.40683e-04  -1.94573e-03
  22  beta_A0     -4.73572e-04   9.32421e-04   3.68962e-04   3.97686e-03
  23  alpha_phi   -4.46225e-04   8.95504e-04   3.52853e-04  -4.83109e-03
  24  beta_phi    -3.09597e-03   8.50725e-04   3.57700e-04  -2.04804e-02
 EXTERNAL ERROR MATRIX.    NDIM=  25    NPAR= 11    ERR DEF=1
  1.984e+00 
 -5.881e-08  3.789e-08 
  3.729e-07  5.124e-09  2.969e-07 
  3.214e-08  7.841e-09  1.739e-08  3.781e-08 
 -5.291e-08 -5.227e-09  1.601e-08 -7.088e-11  3.975e-08 
 -4.149e-08 -1.902e-09  4.281e-09  1.065e-09  3.601e-09  3.867e-08 
 -1.043e-06  5.640e-07 -7.948e-07  1.177e-07  3.885e-08  1.782e-07  1.455e+02 
  6.428e-07  3.582e-09  7.694e-09  2.380e-08 -2.272e-09  1.880e-08  1.036e-04  7.146e-07 
  7.982e-07 -2.937e-08  4.916e-09 -1.066e-08  2.278e-08 -1.665e-08 -3.059e-05  1.751e-08  8.719e-07 
  9.184e-07 -3.399e-08 -2.627e-10 -1.498e-08  4.797e-09  2.426e-08 -2.772e-05  2.917e-08  7.695e-08  8.041e-07 
 -4.984e-07 -1.296e-08 -5.776e-08 -6.662e-09 -2.188e-09  1.470e-08 -1.981e-04  5.110e-08  2.425e-08  1.507e-08  7.257e-07 
 PARAMETER  CORRELATION COEFFICIENTS  
       NO.  GLOBAL      1      3      4      6      8      9     20     21     22     23     24
        1  0.00129   1.000 -0.000  0.000  0.000 -0.000 -0.000 -0.000  0.001  0.001  0.001 -0.000
        3  0.33419  -0.000  1.000  0.048  0.207 -0.135 -0.050  0.000  0.022 -0.162 -0.195 -0.078
        4  0.25367   0.000  0.048  1.000  0.164  0.147  0.040 -0.000  0.017  0.010 -0.001 -0.124
        6  0.30034   0.000  0.207  0.164  1.000 -0.002  0.028  0.000  0.145 -0.059 -0.086 -0.040
        8  0.24688  -0.000 -0.135  0.147 -0.002  1.000  0.092  0.000 -0.013  0.122  0.027 -0.013
        9  0.24815  -0.000 -0.050  0.040  0.028  0.092  1.000  0.000  0.113 -0.091  0.138  0.088
       20  0.02313  -0.000  0.000 -0.000  0.000  0.000  0.000  1.000  0.010 -0.003 -0.003 -0.019
       21  0.20223   0.001  0.022  0.017  0.145 -0.013  0.113  0.010  1.000  0.022  0.038  0.071
       22  0.23844   0.001 -0.162  0.010 -0.059  0.122 -0.091 -0.003  0.022  1.000  0.092  0.030
       23  0.25302   0.001 -0.195 -0.001 -0.086  0.027  0.138 -0.003  0.038  0.092  1.000  0.020
       24  0.18598  -0.000 -0.078 -0.124 -0.040 -0.013  0.088 -0.019  0.071  0.030  0.020  1.000
MINUIT - FIT ONLY 1-y
 **********
 **   51 **RES 
 **********
                   PARAMETER   16  beta_vw RESTORED TO VARIABLE.
                   PARAMETER   14  alpha_vw RESTORED TO VARIABLE.
                   PARAMETER   13  beta_y RESTORED TO VARIABLE.
                   PARAMETER   11  alpha_y RESTORED TO VARIABLE.
                   PARAMETER   10  beta_2CBO RESTORED TO VARIABLE.
 **********
 **   52 **FIX            0
 **********
 PARAMETER    0  IS UNDEFINED. IGNORED.
 **********
 **   53 **FIX            1
 **********
 **********
 **   54 **FIX            2
 **********
 PARAMETER    2  IS CONSTANT.   IGNORED.
 **********
 **   55 **FIX            3
 **********
 **********
 **   56 **FIX            4
 **********
 **********
 **   57 **FIX            5
 **********
 PARAMETER    5  IS CONSTANT.   IGNORED.
 **********
 **   58 **FIX            6
 **********
 **********
 **   59 **FIX            7
 **********
 PARAMETER    7  IS CONSTANT.   IGNORED.
 **********
 **   60 **FIX            8
 **********
 **********
 **   61 **FIX            9
 **********
 **********
 **   62 **FIX           13
 **********
 **********
 **   63 **FIX           14
 **********
 **********
 **   64 **FIX           15
 **********
 PARAMETER   15  IS CONSTANT.   IGNORED.
 **********
 **   65 **FIX           16
 **********
 **********
 **   66 **MIGRAD
 **********
 START MIGRAD MINIMIZATION.  STRATEGY  1.  CONVERGENCE WHEN EDM .LT. 1.00e-04
 FCN=67.9879 FROM MIGRAD    STATUS=INITIATE       43 CALLS        2026 TOTAL
                     EDM= unknown      STRATEGY= 1      NO ERROR MATRIX       
  EXT PARAMETER               CURRENT GUESS       STEP         FIRST   
  NO.   NAME      VALUE            ERROR          SIZE      DERIVATIVE 
   1  N0           2.96885e+06     fixed    
   2  tau          6.44041e+01   constant   
   3  A0           3.53413e-01     fixed    
   4  phi          4.11707e+00     fixed    
   5  R           -5.92716e+01   constant   
   6  alpha_CBO   -7.20210e-04     fixed    
   7  w_CBO        2.32500e+00   constant   
   8  beta_CBO    -4.66933e-03     fixed    
   9  alpha_2CBO   3.54419e-04     fixed    
  10  beta_2CBO   -1.61888e-04   1.86742e-04   0.00000e+00   3.00976e+03
  11  alpha_y      0.00000e+00   1.00000e-03   0.00000e+00   2.98646e+04
  12  w_y          1.38860e+01   constant   
  13  beta_y       9.64511e-05     fixed    
  14  alpha_vw     0.00000e+00     fixed    
  15  w_vw         1.43404e+01   constant   
  16  beta_vw      0.00000e+00     fixed    
  17  LM           4.68092e-05   constant   
  18  zeta_y       0.00000e+00   constant   
  19  zeta_vw      0.00000e+00   constant   
  20  T_CBO        9.81067e+02   7.06865e+02  -2.59011e-01  -2.91643e-05
  21  alpha_A0     1.59045e-03   8.44323e-04   0.00000e+00  -1.54702e-01
  22  beta_A0     -4.73572e-04   9.32421e-04   0.00000e+00   3.28003e-02
  23  alpha_phi   -4.46225e-04   8.95504e-04   0.00000e+00   3.25402e-02
  24  beta_phi    -3.09597e-03   8.50725e-04   0.00000e+00   2.28655e-01
 MIGRAD MINIMIZATION HAS CONVERGED.
 MIGRAD WILL VERIFY CONVERGENCE AND ERROR MATRIX.
 COVARIANCE MATRIX CALCULATED SUCCESSFULLY
 FCN=59.8436 FROM MIGRAD    STATUS=CONVERGED    1060 CALLS        3043 TOTAL
                     EDM=1.4945e-05    STRATEGY= 1      ERROR MATRIX ACCURATE 
  EXT PARAMETER                                   STEP         FIRST   
  NO.   NAME      VALUE            ERROR          SIZE      DERIVATIVE 
   1  N0           2.96885e+06     fixed    
   2  tau          6.44041e+01   constant   
   3  A0           3.53413e-01     fixed    
   4  phi          4.11707e+00     fixed    
   5  R           -5.92716e+01   constant   
   6  alpha_CBO   -7.20210e-04     fixed    
   7  w_CBO        2.32500e+00   constant   
   8  beta_CBO    -4.66933e-03     fixed    
   9  alpha_2CBO   3.54419e-04     fixed    
  10  beta_2CBO   -2.08702e-04   1.92179e-04   7.15858e-07   4.24716e+00
  11  alpha_y     -5.33185e-04   1.89231e-04   7.20442e-07   7.98601e+00
  12  w_y          1.38860e+01   constant   
  13  beta_y       9.64511e-05     fixed    
  14  alpha_vw     0.00000e+00     fixed    
  15  w_vw         1.43404e+01   constant   
  16  beta_vw      0.00000e+00     fixed    
  17  LM           4.68092e-05   constant   
  18  zeta_y       0.00000e+00   constant   
  19  zeta_vw      0.00000e+00   constant   
  20  T_CBO        1.15382e+02   2.46159e+01   2.39588e-04  -2.49804e-02
  21  alpha_A0     4.99645e-03   3.02568e-03   1.15290e-03  -7.14602e-03
  22  beta_A0     -1.63827e-03   2.88623e-03   1.11265e-03  -7.89154e-03
  23  alpha_phi   -1.40557e-03   2.77588e-03   1.06420e-03  -7.21866e-03
  24  beta_phi    -9.99990e-03   1.26085e-02   1.70795e-02   3.39421e-04
 EXTERNAL ERROR MATRIX.    NDIM=  25    NPAR=  7    ERR DEF=1
  3.693e-08 -5.979e-10  6.188e-04  8.228e-08  5.592e-08 -4.728e-08  6.901e-12 
 -5.979e-10  3.581e-08  6.968e-05  6.920e-09  6.005e-10  5.922e-09 -6.428e-12 
  6.188e-04  6.968e-05  6.071e+02  3.982e-02 -8.018e-03 -1.035e-02 -1.405e-03 
  8.228e-08  6.920e-09  3.982e-02  9.553e-06 -9.212e-08 -4.306e-07 -8.028e-08 
  5.592e-08  6.005e-10 -8.018e-03 -9.212e-08  8.580e-06  7.142e-07  2.594e-08 
 -4.728e-08  5.922e-09 -1.035e-02 -4.306e-07  7.142e-07  7.916e-06  2.130e-08 
  6.901e-12 -6.428e-12 -1.405e-03 -8.028e-08  2.594e-08  2.130e-08  5.473e-08 
 PARAMETER  CORRELATION COEFFICIENTS  
       NO.  GLOBAL     10     11     20     21     22     23     24
       10  0.20855   1.000 -0.016  0.131  0.139  0.099 -0.087  0.000
       11  0.02796  -0.016  1.000  0.015  0.012  0.001  0.011 -0.000
       20  0.57824   0.131  0.015  1.000  0.523 -0.111 -0.149 -0.244
       21  0.53031   0.139  0.012  0.523  1.000 -0.010 -0.050 -0.111
       22  0.18370   0.099  0.001 -0.111 -0.010  1.000  0.087  0.038
       23  0.18605  -0.087  0.011 -0.149 -0.050  0.087  1.000  0.032
       24  0.24662   0.000 -0.000 -0.244 -0.111  0.038  0.032  1.000
MINUIT - FIT ONLY 2-y
 **********
 **   67 **RES 
 **********
                   PARAMETER   16  beta_vw RESTORED TO VARIABLE.
                   PARAMETER   14  alpha_vw RESTORED TO VARIABLE.
                   PARAMETER   13  beta_y RESTORED TO VARIABLE.
                   PARAMETER    9  alpha_2CBO RESTORED TO VARIABLE.
                   PARAMETER    8  beta_CBO RESTORED TO VARIABLE.
                   PARAMETER    6  alpha_CBO RESTORED TO VARIABLE.
                   PARAMETER    4  phi RESTORED TO VARIABLE.
                   PARAMETER    3  A0 RESTORED TO VARIABLE.
                   PARAMETER    1  N0 RESTORED TO VARIABLE.
 **********
 **   68 **FIX            0
 **********
 PARAMETER    0  IS UNDEFINED. IGNORED.
 **********
 **   69 **FIX            1
 **********
 **********
 **   70 **FIX            2
 **********
 PARAMETER    2  IS CONSTANT.   IGNORED.
 **********
 **   71 **FIX            3
 **********
 **********
 **   72 **FIX            4
 **********
 **********
 **   73 **FIX            5
 **********
 PARAMETER    5  IS CONSTANT.   IGNORED.
 **********
 **   74 **FIX            6
 **********
 **********
 **   75 **FIX            7
 **********
 PARAMETER    7  IS CONSTANT.   IGNORED.
 **********
 **   76 **FIX            8
 **********
 **********
 **   77 **FIX            9
 **********
 **********
 **   78 **FIX           10
 **********
 **********
 **   79 **FIX           11
 **********
 **********
 **   80 **FIX           12
 **********
 PARAMETER   12  IS CONSTANT.   IGNORED.
 **********
 **   81 **FIX           16
 **********
 **********
 **   82 **MIGRAD
 **********
 START MIGRAD MINIMIZATION.  STRATEGY  1.  CONVERGENCE WHEN EDM .LT. 1.00e-04
 FCN=59.8436 FROM MIGRAD    STATUS=INITIATE       16 CALLS        3059 TOTAL
                     EDM= unknown      STRATEGY= 1      NO ERROR MATRIX       
  EXT PARAMETER               CURRENT GUESS       STEP         FIRST   
  NO.   NAME      VALUE            ERROR          SIZE      DERIVATIVE 
   1  N0           2.96885e+06     fixed    
   2  tau          6.44041e+01   constant   
   3  A0           3.53413e-01     fixed    
   4  phi          4.11707e+00     fixed    
   5  R           -5.92716e+01   constant   
   6  alpha_CBO   -7.20210e-04     fixed    
   7  w_CBO        2.32500e+00   constant   
   8  beta_CBO    -4.66933e-03     fixed    
   9  alpha_2CBO   3.54419e-04     fixed    
  10  beta_2CBO   -2.08702e-04     fixed    
  11  alpha_y     -5.33185e-04     fixed    
  12  w_y          1.38860e+01   constant   
  13  beta_y       9.64511e-05   1.89295e-04   1.89295e-04  -3.43701e+03
  14  alpha_vw     0.00000e+00   1.00000e-03   1.00000e-03   7.78324e+03
  15  w_vw         1.43404e+01   constant   
  16  beta_vw      0.00000e+00     fixed    
  17  LM           4.68092e-05   constant   
  18  zeta_y       0.00000e+00   constant   
  19  zeta_vw      0.00000e+00   constant   
  20  T_CBO        1.15382e+02   2.46159e+01   2.39588e-04   2.49704e-02
  21  alpha_A0     4.99645e-03   3.02568e-03   1.15290e-03  -7.15395e-03
  22  beta_A0     -1.63827e-03   2.88623e-03   1.11265e-03  -7.88928e-03
  23  alpha_phi   -1.40557e-03   2.77588e-03   1.06420e-03  -7.21668e-03
  24  beta_phi    -9.99990e-03   1.26085e-02   1.70795e-02   3.42343e-04
 MIGRAD MINIMIZATION HAS CONVERGED.
 MIGRAD WILL VERIFY CONVERGENCE AND ERROR MATRIX.
 COVARIANCE MATRIX CALCULATED SUCCESSFULLY
 FCN=59.0605 FROM MIGRAD    STATUS=CONVERGED     118 CALLS        3161 TOTAL
                     EDM=7.67697e-06    STRATEGY= 1      ERROR MATRIX ACCURATE 
  EXT PARAMETER                                   STEP         FIRST   
  NO.   NAME      VALUE            ERROR          SIZE      DERIVATIVE 
   1  N0           2.96885e+06     fixed    
   2  tau          6.44041e+01   constant   
   3  A0           3.53413e-01     fixed    
   4  phi          4.11707e+00     fixed    
   5  R           -5.92716e+01   constant   
   6  alpha_CBO   -7.20210e-04     fixed    
   7  w_CBO        2.32500e+00   constant   
   8  beta_CBO    -4.66933e-03     fixed    
   9  alpha_2CBO   3.54419e-04     fixed    
  10  beta_2CBO   -2.08702e-04     fixed    
  11  alpha_y     -5.33185e-04     fixed    
  12  w_y          1.38860e+01   constant   
  13  beta_y       1.91465e-04   1.93739e-04   7.16623e-07  -3.06581e-01
  14  alpha_vw    -1.59263e-04   1.93551e-04   7.16226e-07  -1.49056e-01
  15  w_vw         1.43404e+01   constant   
  16  beta_vw      0.00000e+00     fixed    
  17  LM           4.68092e-05   constant   
