 + ++++++++++++++++++++++++++++++++++++++++++++++++++++++++++++++++++++ +
 +                                                                      +
 +           You have chose to blind your fitting according to          +
 +                omega_ref * (1 + (R +/- deltaR) *10^{-6})             +
 +                                                                      +
 + ++++++++++++++++++++++++++++++++++++++++++++++++++++++++++++++++++++ +
In main()...
reading format from /gm2data/zkhechad/run45/envelope/formats/formatB_sBin_constraintOn.txt
pBinTau 	= 0  
pBinPhi 	= 0  
constraintau 	= 1 
includeMopTerm 	= 0    
constrainMop    = 0   
Parameters after format file: pBinTau 0 pBinPhi 0 constraintau 1 includeMopTerm 0 constrainMop 0 c_e_scale 0.000000 
Opening file /gm2data/tbarrett/gm2fr/studies/run23_bunch_corrections/CorrectedFourier_Run3b.root.
reading full fit data from /gm2data/zkhechad/cboTemplates/Run4CBOTemplates/templateFits0_v2.0/noRF/sBin_constraintOn_cE0.0_seed0_noRF_calo3.root
windowBins = 17
fitting sliding window 90 from bin 226 at 33.570000 to bin 243 at 36.255600 (17 bins)

Reading data from /gm2data/cornell/histograms/aMethod/histogram_a_noRF.root
 **********
 **    1 **SET PRINTOUT            1
 **********
 **********
 **    2 **SET NOWARNINGS 
 **********
 PARAMETER DEFINITIONS:
    NO.   NAME         VALUE      STEP SIZE      LIMITS
     1 N0           2.88814e+06  1.00000e+02     no limits
     2 tau          6.44131e+01  constant
     3 A0           3.56394e-01  1.00000e-04     no limits
     4 phi          4.11722e+00  1.00000e-02     no limits
     5 R           -6.09726e+01  constant
     6 alpha_CBO    0.00000e+00  1.00000e-03     no limits
     7 w_CBO        2.32500e+00  constant
     8 beta_CBO     0.00000e+00  1.00000e-03     no limits
     9 alpha_2CBO   0.00000e+00  1.00000e-03     no limits
    10 beta_2CBO    0.00000e+00  1.00000e-03     no limits
    11 alpha_y      0.00000e+00  1.00000e-03     no limits
    12 w_y          1.44500e+01  constant
    13 beta_y       0.00000e+00  1.00000e-03     no limits
    14 alpha_vw     0.00000e+00  1.00000e-03     no limits
    15 w_vw         1.29000e+01  constant
    16 beta_vw      0.00000e+00  1.00000e-03     no limits
    17 LM           2.63157e-04  constant
    18 zeta_y       0.00000e+00  constant
    19 zeta_vw      0.00000e+00  constant
    20 T_CBO        1.00000e+02  1.00000e+00    0.00000e+00  1.00000e+03
    21 alpha_A0     0.00000e+00  1.00000e-03     no limits
    22 beta_A0      0.00000e+00  1.00000e-03     no limits
    23 alpha_phi    0.00000e+00  1.00000e-03     no limits
    24 beta_phi     0.00000e+00  1.00000e-03     no limits
MINUIT - FIT ONLY WIGGLE
 **********
 **    3 **FIX            5
 **********
 PARAMETER    5  IS CONSTANT.   IGNORED.
 **********
 **    4 **FIX            6
 **********
 **********
 **    5 **FIX            7
 **********
 PARAMETER    7  IS CONSTANT.   IGNORED.
 **********
 **    6 **FIX            8
 **********
 **********
 **    7 **FIX            9
 **********
 **********
 **    8 **FIX           10
 **********
 **********
 **    9 **FIX           11
 **********
 **********
 **   10 **FIX           12
 **********
 PARAMETER   12  IS CONSTANT.   IGNORED.
 **********
 **   11 **FIX           13
 **********
 **********
 **   12 **FIX           14
 **********
 **********
 **   13 **FIX           15
 **********
 PARAMETER   15  IS CONSTANT.   IGNORED.
 **********
 **   14 **FIX           16
 **********
 **********
 **   15 **MIGRAD
 **********
 FIRST CALL TO USER FUNCTION AT NEW START POINT, WITH IFLAG=4.
 START MIGRAD MINIMIZATION.  STRATEGY  1.  CONVERGENCE WHEN EDM .LT. 1.00e-04
 FCN=3007.88 FROM MIGRAD    STATUS=INITIATE      431 CALLS         432 TOTAL
                     EDM= unknown      STRATEGY= 1      NO ERROR MATRIX       
  EXT PARAMETER               CURRENT GUESS       STEP         FIRST   
  NO.   NAME      VALUE            ERROR          SIZE      DERIVATIVE 
   1  N0           2.88814e+06   1.00000e+02   0.00000e+00  -1.08088e-01
   2  tau          6.44131e+01   constant   
   3  A0           3.56394e-01   1.00000e-04   0.00000e+00  -5.06284e+05
   4  phi          4.11722e+00   1.00000e-02   0.00000e+00  -1.16017e+05
   5  R           -6.09726e+01   constant   
   6  alpha_CBO    0.00000e+00     fixed    
   7  w_CBO        2.32500e+00   constant   
   8  beta_CBO     0.00000e+00     fixed    
   9  alpha_2CBO   0.00000e+00     fixed    
  10  beta_2CBO    0.00000e+00     fixed    
  11  alpha_y      0.00000e+00     fixed    
  12  w_y          1.44500e+01   constant   
  13  beta_y       0.00000e+00     fixed    
  14  alpha_vw     0.00000e+00     fixed    
  15  w_vw         1.29000e+01   constant   
  16  beta_vw      0.00000e+00     fixed    
  17  LM           2.63157e-04   constant   
  18  zeta_y       0.00000e+00   constant   
  19  zeta_vw      0.00000e+00   constant   
  20  T_CBO        1.00000e+02   1.00000e+00   0.00000e+00   0.00000e+00
  21  alpha_A0     0.00000e+00   1.00000e-03   0.00000e+00   5.67142e+04
  22  beta_A0      0.00000e+00   1.00000e-03   0.00000e+00   7.08149e+04
  23  alpha_phi    0.00000e+00   1.00000e-03   0.00000e+00  -3.94164e+03
  24  beta_phi     0.00000e+00   1.00000e-03   0.00000e+00  -3.08769e+04
 CALL LIMIT EXCEEDED IN MIGRAD.
 MIGRAD TERMINATED WITHOUT CONVERGENCE.
 FCN=539.415 FROM MIGRAD    STATUS=CALL LIMIT   1336 CALLS        1337 TOTAL
                     EDM=0.203754    STRATEGY= 1  ERROR MATRIX UNCERTAINTY  17.1 per cent
  EXT PARAMETER                APPROXIMATE        STEP         FIRST   
  NO.   NAME      VALUE            ERROR          SIZE      DERIVATIVE 
   1  N0           2.89789e+06   7.36246e+02   2.85113e+01  -4.07066e-04
   2  tau          6.44131e+01   constant   
   3  A0           3.72759e-01   1.48337e-03   1.21614e-04  -1.53582e+03
   4  phi          4.14181e+00   2.36170e-03   1.63658e-04  -9.94455e+01
   5  R           -6.09726e+01   constant   
   6  alpha_CBO    0.00000e+00     fixed    
   7  w_CBO        2.32500e+00   constant   
   8  beta_CBO     0.00000e+00     fixed    
   9  alpha_2CBO   0.00000e+00     fixed    
  10  beta_2CBO    0.00000e+00     fixed    
  11  alpha_y      0.00000e+00     fixed    
  12  w_y          1.44500e+01   constant   
  13  beta_y       0.00000e+00     fixed    
  14  alpha_vw     0.00000e+00     fixed    
  15  w_vw         1.29000e+01   constant   
  16  beta_vw      0.00000e+00     fixed    
  17  LM           2.63157e-04   constant   
  18  zeta_y       0.00000e+00   constant   
  19  zeta_vw      0.00000e+00   constant   
  20  T_CBO        1.78633e+01   4.65392e-01  -8.93043e-05   3.21733e+02
  21  alpha_A0     2.53766e-01   4.56643e-02   3.70521e-03   5.56290e+01
  22  beta_A0      1.42387e-01   2.85326e-02   2.67956e-03  -5.40744e+01
  23  alpha_phi    1.89899e-01   2.64914e-02   2.07480e-03   7.05439e+01
  24  beta_phi    -3.24665e-01   4.98932e-02  -4.37654e-03  -7.91599e+00
 EXTERNAL ERROR MATRIX.    NDIM=  25    NPAR=  8    ERR DEF=1
  5.421e+05  5.390e-01  2.819e-01 -1.825e+02  1.797e+01  1.003e+01  9.923e+00 -1.730e+01 
  5.390e-01  2.200e-06  3.208e-06 -5.394e-04  6.623e-05  4.139e-05  3.876e-05 -7.291e-05 
  2.819e-01  3.208e-06  5.578e-06 -6.922e-04  9.376e-05  6.056e-05  5.603e-05 -1.072e-04 
 -1.825e+02 -5.394e-04 -6.922e-04  2.166e-01 -1.884e-02 -1.159e-02 -1.065e-02  1.996e-02 
  1.797e+01  6.623e-05  9.376e-05 -1.884e-02  2.085e-03  1.293e-03  1.207e-03 -2.264e-03 
  1.003e+01  4.139e-05  6.056e-05 -1.159e-02  1.293e-03  8.141e-04  7.514e-04 -1.422e-03 
  9.923e+00  3.876e-05  5.603e-05 -1.065e-02  1.207e-03  7.514e-04  7.018e-04 -1.317e-03 
 -1.730e+01 -7.291e-05 -1.072e-04  1.996e-02 -2.264e-03 -1.422e-03 -1.317e-03  2.489e-03 
ERR MATRIX APPROXIMATE
 PARAMETER  CORRELATION COEFFICIENTS  
       NO.  GLOBAL      1      3      4     20     21     22     23     24
        1  0.91249   1.000  0.494  0.162 -0.533  0.535  0.478  0.509 -0.471
        3  0.99872   0.494  1.000  0.916 -0.781  0.978  0.978  0.986 -0.985
        4  0.99335   0.162  0.916  1.000 -0.630  0.869  0.899  0.896 -0.910
       20  0.98784  -0.533 -0.781 -0.630  1.000 -0.886 -0.873 -0.864  0.860
       21  0.99965   0.535  0.978  0.869 -0.886  1.000  0.993  0.998 -0.994
       22  0.99973   0.478  0.978  0.899 -0.873  0.993  1.000  0.994 -0.999
       23  0.99976   0.509  0.986  0.896 -0.864  0.998  0.994  1.000 -0.997
       24  0.99990  -0.471 -0.985 -0.910  0.860 -0.994 -0.999 -0.997  1.000
 ERR MATRIX APPROXIMATE
MINUIT - FIT ONLY 1-CBO + wiggle
 **********
 **   16 **RES 
 **********
                   PARAMETER   16  beta_vw RESTORED TO VARIABLE.
                   PARAMETER   14  alpha_vw RESTORED TO VARIABLE.
                   PARAMETER   13  beta_y RESTORED TO VARIABLE.
                   PARAMETER   11  alpha_y RESTORED TO VARIABLE.
                   PARAMETER   10  beta_2CBO RESTORED TO VARIABLE.
                   PARAMETER    9  alpha_2CBO RESTORED TO VARIABLE.
                   PARAMETER    8  beta_CBO RESTORED TO VARIABLE.
                   PARAMETER    6  alpha_CBO RESTORED TO VARIABLE.
 **********
 **   17 **FIX            8
 **********
 **********
 **   18 **FIX            9
 **********
 **********
 **   19 **FIX           11
 **********
 **********
 **   20 **FIX           12
 **********
 PARAMETER   12  IS CONSTANT.   IGNORED.
 **********
 **   21 **FIX           14
 **********
 **********
 **   22 **FIX           15
 **********
 PARAMETER   15  IS CONSTANT.   IGNORED.
 **********
 **   23 **FIX           16
 **********
 **********
 **   24 **MIGRAD
 **********
 START MIGRAD MINIMIZATION.  STRATEGY  1.  CONVERGENCE WHEN EDM .LT. 1.00e-04
 FCN=539.415 FROM MIGRAD    STATUS=INITIATE       28 CALLS        1365 TOTAL
                     EDM= unknown      STRATEGY= 1      NO ERROR MATRIX       
  EXT PARAMETER               CURRENT GUESS       STEP         FIRST   
  NO.   NAME      VALUE            ERROR          SIZE      DERIVATIVE 
   1  N0           2.89789e+06   7.36246e+02   2.85113e+01  -4.07066e-04
   2  tau          6.44131e+01   constant   
   3  A0           3.72759e-01   1.48337e-03   1.21614e-04  -1.53582e+03
   4  phi          4.14181e+00   2.36170e-03   1.63658e-04  -9.94455e+01
   5  R           -6.09726e+01   constant   
   6  alpha_CBO    0.00000e+00   1.00000e-03   1.00000e-03   2.56911e+03
   7  w_CBO        2.32500e+00   constant   
   8  beta_CBO     0.00000e+00     fixed    
   9  alpha_2CBO   0.00000e+00     fixed    
  10  beta_2CBO    0.00000e+00   1.00000e-03   1.00000e-03  -9.10728e+03
  11  alpha_y      0.00000e+00     fixed    
  12  w_y          1.44500e+01   constant   
  13  beta_y       0.00000e+00   1.00000e-03   1.00000e-03   1.24661e+05
  14  alpha_vw     0.00000e+00     fixed    
  15  w_vw         1.29000e+01   constant   
  16  beta_vw      0.00000e+00     fixed    
  17  LM           2.63157e-04   constant   
  18  zeta_y       0.00000e+00   constant   
  19  zeta_vw      0.00000e+00   constant   
  20  T_CBO        1.78633e+01   4.65392e-01  -8.93043e-05   3.21733e+02
  21  alpha_A0     2.53766e-01   4.56643e-02   3.70521e-03   5.56290e+01
  22  beta_A0      1.42387e-01   2.85326e-02   2.67956e-03  -5.40744e+01
  23  alpha_phi    1.89899e-01   2.64914e-02   2.07480e-03   7.05439e+01
  24  beta_phi    -3.24665e-01   4.98932e-02  -4.37654e-03  -7.91599e+00
 CALL LIMIT EXCEEDED IN MIGRAD.
 MIGRAD TERMINATED WITHOUT CONVERGENCE.
 FCN=420.023 FROM MIGRAD    STATUS=CALL LIMIT   1908 CALLS        3245 TOTAL
                     EDM=0.0307207    STRATEGY= 1  ERROR MATRIX UNCERTAINTY  17.5 per cent
  EXT PARAMETER                APPROXIMATE        STEP         FIRST   
  NO.   NAME      VALUE            ERROR          SIZE      DERIVATIVE 
   1  N0           2.91080e+06   6.65691e+03   9.35061e+02   8.12290e-05
   2  tau          6.44131e+01   constant   
   3  A0           3.64670e-01   2.77253e-03   2.66300e-04   1.41133e+02
   4  phi          4.10095e+00   7.84684e-03  -1.24268e-03   2.13359e+02
   5  R           -6.09726e+01   constant   
   6  alpha_CBO    5.07478e-03   2.89066e-03   4.36704e-04   2.74357e+02
   7  w_CBO        2.32500e+00   constant   
   8  beta_CBO     0.00000e+00     fixed    
   9  alpha_2CBO   0.00000e+00     fixed    
  10  beta_2CBO    3.65538e-03   6.31370e-04   8.38744e-05   1.18824e+02
  11  alpha_y      0.00000e+00     fixed    
  12  w_y          1.44500e+01   constant   
  13  beta_y      -1.76087e-03   1.67994e-04  -5.20185e-06   4.26240e+02
  14  alpha_vw     0.00000e+00     fixed    
  15  w_vw         1.29000e+01   constant   
  16  beta_vw      0.00000e+00     fixed    
  17  LM           2.63157e-04   constant   
  18  zeta_y       0.00000e+00   constant   
  19  zeta_vw      0.00000e+00   constant   
  20  T_CBO        9.54332e+00   1.83408e+00  -1.59166e-03  -5.06996e+01
  21  alpha_A0    -8.71487e-02   2.17785e-01  -2.00538e-02   2.83177e+00
  22  beta_A0     -5.42727e-01   5.14557e-01  -4.38521e-02   2.09338e+00
  23  alpha_phi    2.30501e-01   5.73650e-02   8.45360e-03  -4.73873e+00
  24  beta_phi     3.71747e-01   4.91636e-01   3.89797e-02   3.40255e+00
 EXTERNAL ERROR MATRIX.    NDIM=  25    NPAR= 11    ERR DEF=1
  4.431e+07 
  1.638e+01  7.687e-06 
 -4.417e+01 -1.110e-05  6.157e-05 
  1.908e+01  6.929e-06 -1.966e-05  8.356e-06 
  2.575e+00  3.995e-07 -4.365e-06  1.141e-06  3.986e-07 
 -2.382e-01 -7.644e-08  2.881e-07 -1.096e-07 -1.825e-08  2.822e-08 
 -7.706e+02  2.002e-03  8.375e-03 -6.239e-04 -8.035e-04  2.969e-05  3.364e+00 
 -9.952e+01  2.317e-04  9.997e-04 -8.122e-05 -9.377e-05  3.490e-06  3.978e-01  4.743e-02 
 -1.626e+02  5.839e-04  2.304e-03 -1.506e-04 -2.263e-04  7.495e-06  9.418e-01  1.117e-01  2.648e-01 
  2.164e+02  2.173e-05 -4.111e-04  1.016e-04  3.238e-05 -1.739e-06 -8.918e-02 -1.067e-02 -2.488e-02  3.291e-03 
  6.081e+01 -5.960e-04 -2.109e-03  9.866e-05  2.131e-04 -6.642e-06 -8.987e-01 -1.063e-01 -2.527e-01  2.325e-02  2.417e-01 
ERR MATRIX APPROXIMATE
 PARAMETER  CORRELATION COEFFICIENTS  
       NO.  GLOBAL      1      3      4      6     10     13     20     21     22     23     24
        1  0.99929   1.000  0.888 -0.845  0.992  0.613 -0.213 -0.063 -0.069 -0.047  0.567  0.019
        3  0.99924   0.888  1.000 -0.510  0.865  0.228 -0.164  0.394  0.384  0.409  0.137 -0.437
        4  0.99896  -0.845 -0.510  1.000 -0.867 -0.881  0.219  0.582  0.585  0.571 -0.913 -0.547
        6  0.99915   0.992  0.865 -0.867  1.000  0.625 -0.226 -0.118 -0.129 -0.101  0.613  0.069
       10  0.98000   0.613  0.228 -0.881  0.625  1.000 -0.172 -0.694 -0.682 -0.697  0.894  0.686
       13  0.28465  -0.213 -0.164  0.219 -0.226 -0.172  1.000  0.096  0.095  0.087 -0.180 -0.080
       20  0.99890  -0.063  0.394  0.582 -0.118 -0.694  0.096  1.000  0.996  0.998 -0.848 -0.997
       21  0.99967  -0.069  0.384  0.585 -0.129 -0.682  0.095  0.996  1.000  0.997 -0.854 -0.993
       22  0.99996  -0.047  0.409  0.571 -0.101 -0.697  0.087  0.998  0.997  1.000 -0.843 -0.999
       23  0.99836   0.567  0.137 -0.913  0.613  0.894 -0.180 -0.848 -0.854 -0.843  1.000  0.824
       24  0.99994   0.019 -0.437 -0.547  0.069  0.686 -0.080 -0.997 -0.993 -0.999  0.824  1.000
 ERR MATRIX APPROXIMATE
MINUIT - FIT ONLY 2-CBO
 **********
 **   25 **RES 
 **********
                   PARAMETER   16  beta_vw RESTORED TO VARIABLE.
                   PARAMETER   14  alpha_vw RESTORED TO VARIABLE.
                   PARAMETER   11  alpha_y RESTORED TO VARIABLE.
                   PARAMETER    9  alpha_2CBO RESTORED TO VARIABLE.
                   PARAMETER    8  beta_CBO RESTORED TO VARIABLE.
 **********
 **   26 **FIX            0
 **********
 PARAMETER    0  IS UNDEFINED. IGNORED.
 **********
 **   27 **FIX            1
 **********
 **********
 **   28 **FIX            2
 **********
 PARAMETER    2  IS CONSTANT.   IGNORED.
 **********
 **   29 **FIX            3
 **********
 **********
 **   30 **FIX            4
 **********
 **********
 **   31 **FIX            5
 **********
 PARAMETER    5  IS CONSTANT.   IGNORED.
 **********
 **   32 **FIX            6
 **********
 **********
 **   33 **FIX            7
 **********
 PARAMETER    7  IS CONSTANT.   IGNORED.
 **********
 **   34 **FIX           10
 **********
 **********
 **   35 **FIX           11
 **********
 **********
 **   36 **FIX           12
 **********
 PARAMETER   12  IS CONSTANT.   IGNORED.
 **********
 **   37 **FIX           13
 **********
 **********
 **   38 **FIX           14
 **********
 **********
 **   39 **FIX           15
 **********
 PARAMETER   15  IS CONSTANT.   IGNORED.
 **********
 **   40 **FIX           16
 **********
 **********
 **   41 **MIGRAD
 **********
 START MIGRAD MINIMIZATION.  STRATEGY  1.  CONVERGENCE WHEN EDM .LT. 1.00e-04
 FCN=420.023 FROM MIGRAD    STATUS=INITIATE       18 CALLS        3263 TOTAL
                     EDM= unknown      STRATEGY= 1      NO ERROR MATRIX       
  EXT PARAMETER               CURRENT GUESS       STEP         FIRST   
  NO.   NAME      VALUE            ERROR          SIZE      DERIVATIVE 
   1  N0           2.91080e+06     fixed    
   2  tau          6.44131e+01   constant   
   3  A0           3.64670e-01     fixed    
   4  phi          4.10095e+00     fixed    
   5  R           -6.09726e+01   constant   
   6  alpha_CBO    5.07478e-03     fixed    
   7  w_CBO        2.32500e+00   constant   
   8  beta_CBO     0.00000e+00   1.00000e-03   1.00000e-03  -9.13633e+02
   9  alpha_2CBO   0.00000e+00   1.00000e-03   1.00000e-03  -8.99259e+02
  10  beta_2CBO    3.65538e-03     fixed    
  11  alpha_y      0.00000e+00     fixed    
  12  w_y          1.44500e+01   constant   
  13  beta_y      -1.76087e-03     fixed    
  14  alpha_vw     0.00000e+00     fixed    
  15  w_vw         1.29000e+01   constant   
  16  beta_vw      0.00000e+00     fixed    
  17  LM           2.63157e-04   constant   
  18  zeta_y       0.00000e+00   constant   
  19  zeta_vw      0.00000e+00   constant   
  20  T_CBO        9.54332e+00   1.83408e+00  -1.59166e-03  -5.06999e+01
  21  alpha_A0    -8.71487e-02   2.17785e-01  -2.00538e-02   2.83177e+00
  22  beta_A0     -5.42727e-01   5.14557e-01  -4.38521e-02   2.09338e+00
  23  alpha_phi    2.30501e-01   5.73650e-02   8.45360e-03  -4.73873e+00
  24  beta_phi     3.71747e-01   4.91636e-01   3.89797e-02   3.40255e+00
 MIGRAD MINIMIZATION HAS CONVERGED.
 MIGRAD WILL VERIFY CONVERGENCE AND ERROR MATRIX.
 FCN=419.931 FROM MIGRAD    STATUS=CONVERGED     165 CALLS        3410 TOTAL
                     EDM=2.45805e-05    STRATEGY= 1      ERR MATRIX NOT POS-DEF
  EXT PARAMETER                APPROXIMATE        STEP         FIRST   
  NO.   NAME      VALUE            ERROR          SIZE      DERIVATIVE 
   1  N0           2.91080e+06     fixed    
   2  tau          6.44131e+01   constant   
   3  A0           3.64670e-01     fixed    
   4  phi          4.10095e+00     fixed    
   5  R           -6.09726e+01   constant   
   6  alpha_CBO    5.07478e-03     fixed    
   7  w_CBO        2.32500e+00   constant   
   8  beta_CBO     2.26662e-05   4.26259e-04   1.64584e-06   3.65806e+00
   9  alpha_2CBO   9.59640e-05   3.85869e-04   1.56341e-06   4.19479e+00
  10  beta_2CBO    3.65538e-03     fixed    
  11  alpha_y      0.00000e+00     fixed    
  12  w_y          1.44500e+01   constant   
  13  beta_y      -1.76087e-03     fixed    
  14  alpha_vw     0.00000e+00     fixed    
  15  w_vw         1.29000e+01   constant   
  16  beta_vw      0.00000e+00     fixed    
  17  LM           2.63157e-04   constant   
  18  zeta_y       0.00000e+00   constant   
  19  zeta_vw      0.00000e+00   constant   
  20  T_CBO        9.55840e+00   1.08544e+00   8.62191e-06  -4.38203e-01
  21  alpha_A0    -8.67344e-02   4.73265e-02   2.44010e-04  -2.38261e-02
  22  beta_A0     -5.48125e-01   2.30514e-01   2.15691e-04   4.63129e-02
  23  alpha_phi    2.38296e-01   1.11780e-01   1.90931e-04  -1.26360e-02
  24  beta_phi     3.65226e-01   1.59697e-01   2.01766e-04  -6.42253e-03
 EXTERNAL ERROR MATRIX.    NDIM=  25    NPAR=  7    ERR DEF=1
  1.817e-07 -6.352e-08  1.734e-05 -7.304e-06 -1.051e-05 -1.084e-05  1.801e-05 
 -6.352e-08  1.489e-07 -4.005e-05  3.235e-06 -1.105e-05  1.820e-05 -8.935e-06 
  1.734e-05 -4.005e-05  1.178e+00  3.814e-02  2.453e-01 -1.119e-01 -1.621e-01 
 -7.304e-06  3.235e-06  3.814e-02  2.240e-03  8.531e-03 -2.963e-03 -6.330e-03 
 -1.051e-05 -1.105e-05  2.453e-01  8.531e-03  5.314e-02 -2.326e-02 -3.502e-02 
 -1.084e-05  1.820e-05 -1.119e-01 -2.963e-03 -2.326e-02  1.249e-02  1.360e-02 
  1.801e-05 -8.935e-06 -1.621e-01 -6.330e-03 -3.502e-02  1.360e-02  2.550e-02 
ERR MATRIX NOT POS-DEF
 PARAMETER  CORRELATION COEFFICIENTS  
       NO.  GLOBAL      8      9     20     21     22     23     24
        8  0.92299   1.000 -0.386  0.037 -0.362 -0.107 -0.227  0.265
        9  0.91484  -0.386  1.000 -0.096  0.177 -0.124  0.422 -0.145
       20  0.99702   0.037 -0.096  1.000  0.743  0.980 -0.922 -0.935
       21  0.85740  -0.362  0.177  0.743  1.000  0.782 -0.560 -0.838
       22  0.99563  -0.107 -0.124  0.980  0.782  1.000 -0.903 -0.951
       23  0.98535  -0.227  0.422 -0.922 -0.560 -0.903  1.000  0.762
       24  0.99201   0.265 -0.145 -0.935 -0.838 -0.951  0.762  1.000
 ERR MATRIX NOT POS-DEF
MINUIT - FIT wiggle + 1-CBO + 2-CBO
 **********
 **   42 **RES 
 **********
                   PARAMETER   16  beta_vw RESTORED TO VARIABLE.
                   PARAMETER   14  alpha_vw RESTORED TO VARIABLE.
                   PARAMETER   13  beta_y RESTORED TO VARIABLE.
                   PARAMETER   11  alpha_y RESTORED TO VARIABLE.
                   PARAMETER   10  beta_2CBO RESTORED TO VARIABLE.
                   PARAMETER    6  alpha_CBO RESTORED TO VARIABLE.
                   PARAMETER    4  phi RESTORED TO VARIABLE.
                   PARAMETER    3  A0 RESTORED TO VARIABLE.
                   PARAMETER    1  N0 RESTORED TO VARIABLE.
 **********
 **   43 **FIX           10
 **********
 **********
 **   44 **FIX           11
 **********
 **********
 **   45 **FIX           12
 **********
 PARAMETER   12  IS CONSTANT.   IGNORED.
 **********
 **   46 **FIX           13
 **********
 **********
 **   47 **FIX           14
 **********
 **********
 **   48 **FIX           15
 **********
 PARAMETER   15  IS CONSTANT.   IGNORED.
 **********
 **   49 **FIX           16
 **********
 **********
 **   50 **MIGRAD
 **********
 START MIGRAD MINIMIZATION.  STRATEGY  1.  CONVERGENCE WHEN EDM .LT. 1.00e-04
 FCN=419.931 FROM MIGRAD    STATUS=INITIATE       22 CALLS        3432 TOTAL
                     EDM= unknown      STRATEGY= 1      NO ERROR MATRIX       
  EXT PARAMETER               CURRENT GUESS       STEP         FIRST   
  NO.   NAME      VALUE            ERROR          SIZE      DERIVATIVE 
   1  N0           2.91080e+06   6.65691e+03   6.65691e+03   3.13007e-04
   2  tau          6.44131e+01   constant   
   3  A0           3.64670e-01   2.77253e-03   2.77253e-03   5.42839e+02
   4  phi          4.10095e+00   7.84684e-03   7.84684e-03  -2.19171e+02
   5  R           -6.09726e+01   constant   
   6  alpha_CBO    5.07478e-03   2.89066e-03   2.89066e-03  -1.61759e+03
   7  w_CBO        2.32500e+00   constant   
   8  beta_CBO     2.26662e-05   4.26259e-04   1.64584e-06   3.65806e+00
   9  alpha_2CBO   9.59640e-05   3.85869e-04   1.56341e-06   4.19478e+00
  10  beta_2CBO    3.65538e-03     fixed    
  11  alpha_y      0.00000e+00     fixed    
  12  w_y          1.44500e+01   constant   
  13  beta_y      -1.76087e-03     fixed    
  14  alpha_vw     0.00000e+00     fixed    
  15  w_vw         1.29000e+01   constant   
  16  beta_vw      0.00000e+00     fixed    
  17  LM           2.63157e-04   constant   
  18  zeta_y       0.00000e+00   constant   
  19  zeta_vw      0.00000e+00   constant   
  20  T_CBO        9.55840e+00   1.08544e+00   8.62191e-06  -4.36113e-01
  21  alpha_A0    -8.67344e-02   4.73265e-02   2.44010e-04  -2.38214e-02
  22  beta_A0     -5.48125e-01   2.30514e-01   2.15691e-04   4.63127e-02
  23  alpha_phi    2.38296e-01   1.11780e-01   1.90931e-04  -1.26359e-02
  24  beta_phi     3.65226e-01   1.59697e-01   2.01766e-04  -6.42240e-03
 MIGRAD MINIMIZATION HAS CONVERGED.
 FCN=417.988 FROM MIGRAD    STATUS=CONVERGED     388 CALLS        3798 TOTAL
                     EDM=3.21843e-06    STRATEGY= 1  ERROR MATRIX UNCERTAINTY   3.8 per cent
  EXT PARAMETER                                   STEP         FIRST   
  NO.   NAME      VALUE            ERROR          SIZE      DERIVATIVE 
   1  N0           2.90947e+06   1.00574e+03  -8.39322e+00  -7.16245e-07
   2  tau          6.44131e+01   constant   
   3  A0           3.64648e-01   1.43853e-04  -3.60387e-07  -3.50090e+00
   4  phi          4.10332e+00   1.63544e-03   1.39731e-05   3.15521e+00
   5  R           -6.09726e+01   constant   
   6  alpha_CBO    6.83813e-03   1.26598e-03   1.08457e-05  -8.96471e+00
   7  w_CBO        2.32500e+00   constant   
   8  beta_CBO     2.12592e-03   1.53263e-03   1.16808e-05  -9.96006e-01
   9  alpha_2CBO   1.31324e-03   9.67767e-04   7.53598e-06   9.18647e+00
  10  beta_2CBO    3.65538e-03     fixed    
  11  alpha_y      0.00000e+00     fixed    
  12  w_y          1.44500e+01   constant   
  13  beta_y      -1.76087e-03     fixed    
  14  alpha_vw     0.00000e+00     fixed    
  15  w_vw         1.29000e+01   constant   
  16  beta_vw      0.00000e+00     fixed    
  17  LM           2.63157e-04   constant   
  18  zeta_y       0.00000e+00   constant   
  19  zeta_vw      0.00000e+00   constant   
  20  T_CBO        1.01422e+01   3.75266e-01   2.98126e-05   7.77870e-01
  21  alpha_A0    -3.25340e-01   1.46590e-01  -1.33302e-03  -8.88914e-03
  22  beta_A0     -6.92447e-01   9.74072e-02  -8.09763e-04   3.65799e-02
  23  alpha_phi    2.57296e-01   3.25858e-02   1.14187e-04  -1.13800e-01
  24  beta_phi     3.64958e-01   3.75697e-02  -6.13161e-05   5.42804e-02
 EXTERNAL ERROR MATRIX.    NDIM=  25    NPAR= 11    ERR DEF=1
  1.012e+06 
  5.135e-02  2.069e-08 
 -1.482e+00 -4.069e-08  2.675e-06 
 -1.168e+00 -3.465e-08  1.996e-06  1.603e-06 
 -1.298e+00 -1.826e-08  2.380e-06  1.869e-06  2.349e-06 
 -8.955e-01 -5.999e-08  1.354e-06  1.103e-06  1.214e-06  9.366e-07 
 -3.326e+02 -1.127e-05  5.743e-04  4.594e-04  5.569e-04  3.224e-04  1.408e-01 
  1.344e+02  4.540e-06 -2.312e-04 -1.835e-04 -2.153e-04 -1.258e-04 -5.263e-02  2.149e-02 
  9.049e+01  3.453e-06 -1.481e-04 -1.193e-04 -1.408e-04 -8.760e-05 -3.461e-02  1.370e-02  9.488e-03 
 -1.547e+01 -2.733e-06  1.718e-05  1.430e-05  9.560e-06  2.012e-05  3.667e-03 -1.564e-03 -1.297e-03  1.062e-03 
  2.314e+00  2.095e-06  1.290e-05  8.692e-06  2.147e-05 -5.473e-06  3.100e-03 -1.103e-03 -5.038e-04 -7.671e-04  1.411e-03 
 PARAMETER  CORRELATION COEFFICIENTS  
       NO.  GLOBAL      1      3      4      6      8      9     20     21     22     23     24
        1  0.96561   1.000  0.355 -0.901 -0.918 -0.842 -0.920 -0.881  0.912  0.924 -0.472  0.061
        3  0.75848   0.355  1.000 -0.173 -0.190 -0.083 -0.431 -0.209  0.215  0.246 -0.583  0.388
        4  0.97800  -0.901 -0.173  1.000  0.964  0.950  0.856  0.936 -0.965 -0.930  0.322  0.210
        6  0.99381  -0.918 -0.190  0.964  1.000  0.963  0.901  0.967 -0.989 -0.968  0.347  0.183
        8  0.99447  -0.842 -0.083  0.950  0.963  1.000  0.819  0.968 -0.958 -0.943  0.191  0.373
        9  0.98602  -0.920 -0.431  0.856  0.901  0.819  1.000  0.888 -0.887 -0.929  0.638 -0.151
       20  0.98765  -0.881 -0.209  0.936  0.967  0.968  0.888  1.000 -0.957 -0.947  0.300  0.220
       21  0.99100   0.912  0.215 -0.965 -0.989 -0.958 -0.887 -0.957  1.000  0.960 -0.327 -0.200
       22  0.98733   0.924  0.246 -0.930 -0.968 -0.943 -0.929 -0.947  0.960  1.000 -0.409 -0.138
       23  0.89773  -0.472 -0.583  0.322  0.347  0.191  0.638  0.300 -0.327 -0.409  1.000 -0.627
       24  0.91304   0.061  0.388  0.210  0.183  0.373 -0.151  0.220 -0.200 -0.138 -0.627  1.000
MINUIT - FIT ONLY 1-y
 **********
 **   51 **RES 
 **********
                   PARAMETER   16  beta_vw RESTORED TO VARIABLE.
                   PARAMETER   14  alpha_vw RESTORED TO VARIABLE.
                   PARAMETER   13  beta_y RESTORED TO VARIABLE.
                   PARAMETER   11  alpha_y RESTORED TO VARIABLE.
                   PARAMETER   10  beta_2CBO RESTORED TO VARIABLE.
 **********
 **   52 **FIX            0
 **********
 PARAMETER    0  IS UNDEFINED. IGNORED.
 **********
 **   53 **FIX            1
 **********
 **********
 **   54 **FIX            2
 **********
 PARAMETER    2  IS CONSTANT.   IGNORED.
 **********
 **   55 **FIX            3
 **********
 **********
 **   56 **FIX            4
 **********
 **********
 **   57 **FIX            5
 **********
 PARAMETER    5  IS CONSTANT.   IGNORED.
 **********
 **   58 **FIX            6
 **********
 **********
 **   59 **FIX            7
 **********
 PARAMETER    7  IS CONSTANT.   IGNORED.
 **********
 **   60 **FIX            8
 **********
 **********
 **   61 **FIX            9
 **********
 **********
 **   62 **FIX           13
 **********
 **********
 **   63 **FIX           14
 **********
 **********
 **   64 **FIX           15
 **********
 PARAMETER   15  IS CONSTANT.   IGNORED.
 **********
 **   65 **FIX           16
 **********
 **********
 **   66 **MIGRAD
 **********
 START MIGRAD MINIMIZATION.  STRATEGY  1.  CONVERGENCE WHEN EDM .LT. 1.00e-04
 FCN=417.988 FROM MIGRAD    STATUS=INITIATE       16 CALLS        3814 TOTAL
                     EDM= unknown      STRATEGY= 1      NO ERROR MATRIX       
  EXT PARAMETER               CURRENT GUESS       STEP         FIRST   
  NO.   NAME      VALUE            ERROR          SIZE      DERIVATIVE 
   1  N0           2.90947e+06     fixed    
   2  tau          6.44131e+01   constant   
   3  A0           3.64648e-01     fixed    
   4  phi          4.10332e+00     fixed    
   5  R           -6.09726e+01   constant   
   6  alpha_CBO    6.83813e-03     fixed    
   7  w_CBO        2.32500e+00   constant   
   8  beta_CBO     2.12592e-03     fixed    
   9  alpha_2CBO   1.31324e-03     fixed    
  10  beta_2CBO    3.65538e-03   6.31370e-04   6.31370e-04  -2.18908e+03
  11  alpha_y      0.00000e+00   1.00000e-03   1.00000e-03   2.32478e+05
  12  w_y          1.44500e+01   constant   
  13  beta_y      -1.76087e-03     fixed    
  14  alpha_vw     0.00000e+00     fixed    
  15  w_vw         1.29000e+01   constant   
  16  beta_vw      0.00000e+00     fixed    
  17  LM           2.63157e-04   constant   
  18  zeta_y       0.00000e+00   constant   
  19  zeta_vw      0.00000e+00   constant   
  20  T_CBO        1.01422e+01   3.75266e-01   2.98126e-05   7.77866e-01
  21  alpha_A0    -3.25340e-01   1.46590e-01  -1.33302e-03  -8.88899e-03
  22  beta_A0     -6.92447e-01   9.74072e-02  -8.09763e-04   3.65801e-02
  23  alpha_phi    2.57296e-01   3.25858e-02   1.14187e-04  -1.13800e-01
  24  beta_phi     3.64958e-01   3.75697e-02  -6.13161e-05   5.42804e-02
 CALL LIMIT EXCEEDED IN MIGRAD.
 MIGRAD TERMINATED WITHOUT CONVERGENCE.
 FCN=39.5654 FROM MIGRAD    STATUS=CALL LIMIT   1159 CALLS        4957 TOTAL
                     EDM=0.0762918    STRATEGY= 1  ERROR MATRIX UNCERTAINTY  20.9 per cent
  EXT PARAMETER                APPROXIMATE        STEP         FIRST   
  NO.   NAME      VALUE            ERROR          SIZE      DERIVATIVE 
   1  N0           2.90947e+06     fixed    
   2  tau          6.44131e+01   constant   
   3  A0           3.64648e-01     fixed    
   4  phi          4.10332e+00     fixed    
   5  R           -6.09726e+01   constant   
   6  alpha_CBO    6.83813e-03     fixed    
   7  w_CBO        2.32500e+00   constant   
   8  beta_CBO     2.12592e-03     fixed    
   9  alpha_2CBO   1.31324e-03     fixed    
  10  beta_2CBO    4.78119e-03   1.87304e-04   7.12246e-06  -1.76384e+02
  11  alpha_y     -3.24055e-03   1.65996e-04  -2.34127e-06  -4.03253e+02
  12  w_y          1.44500e+01   constant   
  13  beta_y      -1.76087e-03     fixed    
  14  alpha_vw     0.00000e+00     fixed    
  15  w_vw         1.29000e+01   constant   
  16  beta_vw      0.00000e+00     fixed    
  17  LM           2.63157e-04   constant   
  18  zeta_y       0.00000e+00   constant   
  19  zeta_vw      0.00000e+00   constant   
  20  T_CBO        2.42632e+01   4.88811e+00   4.41526e-03  -1.04847e+02
  21  alpha_A0    -3.00115e-02   1.11360e-02   1.33197e-03   4.21662e+01
  22  beta_A0     -9.72099e-02   3.14730e-02   4.05605e-03   1.11828e+02
  23  alpha_phi    4.28279e-02   1.43000e-02  -1.88065e-03  -5.97039e+01
  24  beta_phi     5.03976e-02   1.64272e-02  -1.72409e-03   9.23083e+01
 EXTERNAL ERROR MATRIX.    NDIM=  25    NPAR=  7    ERR DEF=1
  3.508e-08 -3.291e-09  1.702e-04  8.606e-07  9.553e-07 -2.323e-07 -3.983e-07 
 -3.291e-09  2.755e-08 -3.086e-05 -1.836e-07 -1.347e-07 -1.920e-08  1.078e-07 
  1.702e-04 -3.086e-05  2.390e+01  4.975e-02  1.531e-01 -6.839e-02 -7.891e-02 
  8.606e-07 -1.836e-07  4.975e-02  1.240e-04  3.165e-04 -1.350e-04 -1.646e-04 
  9.553e-07 -1.347e-07  1.531e-01  3.165e-04  9.905e-04 -4.389e-04 -5.122e-04 
 -2.323e-07 -1.920e-08 -6.839e-02 -1.350e-04 -4.389e-04  2.045e-04  2.272e-04 
 -3.983e-07  1.078e-07 -7.891e-02 -1.646e-04 -5.122e-04  2.272e-04  2.699e-04 
ERR MATRIX APPROXIMATE
 PARAMETER  CORRELATION COEFFICIENTS  
       NO.  GLOBAL     10     11     20     21     22     23     24
       10  0.70700   1.000 -0.106  0.186  0.413  0.162 -0.087 -0.129
       11  0.29917  -0.106  1.000 -0.038 -0.099 -0.026 -0.008  0.040
       20  0.99764   0.186 -0.038  1.000  0.914  0.995 -0.978 -0.983
       21  0.96351   0.413 -0.099  0.914  1.000  0.903 -0.847 -0.900
       22  0.99797   0.162 -0.026  0.995  0.903  1.000 -0.975 -0.991
       23  0.98691  -0.087 -0.008 -0.978 -0.847 -0.975  1.000  0.967
       24  0.99350  -0.129  0.040 -0.983 -0.900 -0.991  0.967  1.000
 ERR MATRIX APPROXIMATE
MINUIT - FIT ONLY 2-y
 **********
 **   67 **RES 
 **********
                   PARAMETER   16  beta_vw RESTORED TO VARIABLE.
                   PARAMETER   14  alpha_vw RESTORED TO VARIABLE.
                   PARAMETER   13  beta_y RESTORED TO VARIABLE.
                   PARAMETER    9  alpha_2CBO RESTORED TO VARIABLE.
                   PARAMETER    8  beta_CBO RESTORED TO VARIABLE.
                   PARAMETER    6  alpha_CBO RESTORED TO VARIABLE.
                   PARAMETER    4  phi RESTORED TO VARIABLE.
                   PARAMETER    3  A0 RESTORED TO VARIABLE.
                   PARAMETER    1  N0 RESTORED TO VARIABLE.
 **********
 **   68 **FIX            0
 **********
 PARAMETER    0  IS UNDEFINED. IGNORED.
 **********
 **   69 **FIX            1
 **********
 **********
 **   70 **FIX            2
 **********
 PARAMETER    2  IS CONSTANT.   IGNORED.
 **********
 **   71 **FIX            3
 **********
 **********
 **   72 **FIX            4
 **********
 **********
 **   73 **FIX            5
 **********
 PARAMETER    5  IS CONSTANT.   IGNORED.
 **********
 **   74 **FIX            6
 **********
 **********
 **   75 **FIX            7
 **********
 PARAMETER    7  IS CONSTANT.   IGNORED.
 **********
 **   76 **FIX            8
 **********
 **********
 **   77 **FIX            9
 **********
 **********
 **   78 **FIX           10
 **********
 **********
 **   79 **FIX           11
 **********
 **********
 **   80 **FIX           12
 **********
 PARAMETER   12  IS CONSTANT.   IGNORED.
 **********
 **   81 **FIX           16
 **********
 **********
 **   82 **MIGRAD
 **********
 START MIGRAD MINIMIZATION.  STRATEGY  1.  CONVERGENCE WHEN EDM .LT. 1.00e-04
 FCN=39.5654 FROM MIGRAD    STATUS=INITIATE       16 CALLS        4973 TOTAL
                     EDM= unknown      STRATEGY= 1      NO ERROR MATRIX       
  EXT PARAMETER               CURRENT GUESS       STEP         FIRST   
  NO.   NAME      VALUE            ERROR          SIZE      DERIVATIVE 
   1  N0           2.90947e+06     fixed    
   2  tau          6.44131e+01   constant   
   3  A0           3.64648e-01     fixed    
   4  phi          4.10332e+00     fixed    
   5  R           -6.09726e+01   constant   
   6  alpha_CBO    6.83813e-03     fixed    
   7  w_CBO        2.32500e+00   constant   
   8  beta_CBO     2.12592e-03     fixed    
   9  alpha_2CBO   1.31324e-03     fixed    
  10  beta_2CBO    4.78119e-03     fixed    
  11  alpha_y     -3.24055e-03     fixed    
  12  w_y          1.44500e+01   constant   
  13  beta_y      -1.76087e-03   1.67994e-04   1.67994e-04   1.32651e+04
  14  alpha_vw     0.00000e+00   1.00000e-03   1.00000e-03  -3.21980e+04
  15  w_vw         1.29000e+01   constant   
  16  beta_vw      0.00000e+00     fixed    
  17  LM           2.63157e-04   constant   
  18  zeta_y       0.00000e+00   constant   
  19  zeta_vw      0.00000e+00   constant   
  20  T_CBO        2.42632e+01   4.88811e+00   4.41526e-03  -1.04847e+02
  21  alpha_A0    -3.00115e-02   1.11360e-02   1.33197e-03   4.21662e+01
  22  beta_A0     -9.72099e-02   3.14730e-02   4.05605e-03   1.11828e+02
  23  alpha_phi    4.28279e-02   1.43000e-02  -1.88065e-03  -5.97039e+01
  24  beta_phi     5.03976e-02   1.64272e-02  -1.72409e-03   9.23083e+01
 CALL LIMIT EXCEEDED IN MIGRAD.
 MIGRAD TERMINATED WITHOUT CONVERGENCE.
 FCN=31.5236 FROM MIGRAD    STATUS=CALL LIMIT   1145 CALLS        6102 TOTAL
                     EDM=0.00718967    STRATEGY= 1  ERROR MATRIX UNCERTAINTY  21.6 per cent
  EXT PARAMETER                APPROXIMATE        STEP         FIRST   
  NO.   NAME      VALUE            ERROR          SIZE      DERIVATIVE 
   1  N0           2.90947e+06     fixed    
   2  tau          6.44131e+01   constant   
   3  A0           3.64648e-01     fixed    
   4  phi          4.10332e+00     fixed    
   5  R           -6.09726e+01   constant   
   6  alpha_CBO    6.83813e-03     fixed    
   7  w_CBO        2.32500e+00   constant   
   8  beta_CBO     2.12592e-03     fixed    
   9  alpha_2CBO   1.31324e-03     fixed    
  10  beta_2CBO    4.78119e-03     fixed    
  11  alpha_y     -3.24055e-03     fixed    
  12  w_y          1.44500e+01   constant   
  13  beta_y      -1.88413e-03   1.62357e-04   5.87072e-07   2.91288e+01
  14  alpha_vw     3.75718e-04   1.57725e-04   2.28098e-07   7.99477e+01
  15  w_vw         1.29000e+01   constant   
  16  beta_vw      0.00000e+00     fixed    
  17  LM           2.63157e-04   constant   
  18  zeta_y       0.00000e+00   constant   
  19  zeta_vw      0.00000e+00   constant   
  20  T_CBO        1.12163e+02   8.98027e+01   6.03108e-03  -3.84954e-01
  21  alpha_A0    -9.86368e-03   2.96526e-03   5.87057e-05   5.17197e+01
  22  beta_A0     -3.16778e-02   8.26058e-03   1.35320e-04   6.04425e+00
  23  alpha_phi    1.36654e-02   3.45891e-03  -3.08452e-05   5.50535e+01
  24  beta_phi     1.61181e-02   4.41329e-03  -8.69887e-05   3.25313e+00
 EXTERNAL ERROR MATRIX.    NDIM=  25    NPAR=  7    ERR DEF=1
  2.636e-08  2.564e-09  7.720e-04  3.057e-08  6.706e-08 -1.940e-08 -4.758e-08 
  2.564e-09  2.488e-08  1.956e-04 -1.700e-09  2.241e-08 -7.714e-09 -1.200e-08 
  7.720e-04  1.956e-04  8.292e+03  2.563e-01  7.477e-01 -3.081e-01 -3.960e-01 
  3.057e-08 -1.700e-09  2.563e-01  8.793e-06  2.321e-05 -9.442e-06 -1.234e-05 
  6.706e-08  2.241e-08  7.477e-01  2.321e-05  6.824e-05 -2.769e-05 -3.587e-05 
 -1.940e-08 -7.714e-09 -3.081e-01 -9.442e-06 -2.769e-05  1.196e-05  1.461e-05 
 -4.758e-08 -1.200e-08 -3.960e-01 -1.234e-05 -3.587e-05  1.461e-05  1.948e-05 
ERR MATRIX APPROXIMATE
 PARAMETER  CORRELATION COEFFICIENTS  
       NO.  GLOBAL     13     14     20     21     22     23     24
       13  0.16665   1.000  0.100  0.052  0.063  0.050 -0.035 -0.066
       14  0.12427   0.100  1.000  0.014 -0.004  0.017 -0.014 -0.017
       20  0.99660   0.052  0.014  1.000  0.949  0.994 -0.978 -0.985
       21  0.95134   0.063 -0.004  0.949  1.000  0.948 -0.921 -0.943
       22  0.99443   0.050  0.017  0.994  0.948  1.000 -0.969 -0.984
       23  0.97963  -0.035 -0.014 -0.978 -0.921 -0.969  1.000  0.957
       24  0.98686  -0.066 -0.017 -0.985 -0.943 -0.984  0.957  1.000
 ERR MATRIX APPROXIMATE
