 + ++++++++++++++++++++++++++++++++++++++++++++++++++++++++++++++++++++ +
 +                                                                      +
 +           You have chose to blind your fitting according to          +
 +                omega_ref * (1 + (R +/- deltaR) *10^{-6})             +
 +                                                                      +
 + ++++++++++++++++++++++++++++++++++++++++++++++++++++++++++++++++++++ +
In main()...
reading format from /gm2data/zkhechad/run45/envelope/formats/formatB_sBin_constraintOn.txt
pBinTau 	= 0  
pBinPhi 	= 0  
constraintau 	= 1 
includeMopTerm 	= 0    
constrainMop    = 0   
Parameters after format file: pBinTau 0 pBinPhi 0 constraintau 1 includeMopTerm 0 constrainMop 0 c_e_scale 0.000000 
Opening file /gm2data/tbarrett/gm2fr/studies/run23_bunch_corrections/CorrectedFourier_Run3b.root.
reading full fit data from /gm2data/zkhechad/cboTemplates/Run4CBOTemplates/templateFits0_v2.0/noRF/sBin_constraintOn_cE0.0_seed0_noRF_calo23.root
windowBins = 69
fitting sliding window 576 from bin 712 at 106.081200 to bin 781 at 116.525200 (69 bins)

Reading data from /gm2data/cornell/histograms/aMethod/histogram_a_noRF.root
 **********
 **    1 **SET PRINTOUT            1
 **********
 **********
 **    2 **SET NOWARNINGS 
 **********
 PARAMETER DEFINITIONS:
    NO.   NAME         VALUE      STEP SIZE      LIMITS
     1 N0           3.09806e+06  1.00000e+02     no limits
     2 tau          6.44406e+01  constant
     3 A0           3.43401e-01  1.00000e-04     no limits
     4 phi          4.11985e+00  1.00000e-02     no limits
     5 R           -6.14862e+01  constant
     6 alpha_CBO    0.00000e+00  1.00000e-03     no limits
     7 w_CBO        2.32500e+00  constant
     8 beta_CBO     0.00000e+00  1.00000e-03     no limits
     9 alpha_2CBO   0.00000e+00  1.00000e-03     no limits
    10 beta_2CBO    0.00000e+00  1.00000e-03     no limits
    11 alpha_y      0.00000e+00  1.00000e-03     no limits
    12 w_y          1.44500e+01  constant
    13 beta_y       0.00000e+00  1.00000e-03     no limits
    14 alpha_vw     0.00000e+00  1.00000e-03     no limits
    15 w_vw         1.29000e+01  constant
    16 beta_vw      0.00000e+00  1.00000e-03     no limits
    17 LM           1.22331e-03  constant
    18 zeta_y       0.00000e+00  constant
    19 zeta_vw      0.00000e+00  constant
    20 T_CBO        1.00000e+02  1.00000e+00    0.00000e+00  1.00000e+03
    21 alpha_A0     0.00000e+00  1.00000e-03     no limits
    22 beta_A0      0.00000e+00  1.00000e-03     no limits
    23 alpha_phi    0.00000e+00  1.00000e-03     no limits
    24 beta_phi     0.00000e+00  1.00000e-03     no limits
MINUIT - FIT ONLY WIGGLE
 **********
 **    3 **FIX            5
 **********
 PARAMETER    5  IS CONSTANT.   IGNORED.
 **********
 **    4 **FIX            6
 **********
 **********
 **    5 **FIX            7
 **********
 PARAMETER    7  IS CONSTANT.   IGNORED.
 **********
 **    6 **FIX            8
 **********
 **********
 **    7 **FIX            9
 **********
 **********
 **    8 **FIX           10
 **********
 **********
 **    9 **FIX           11
 **********
 **********
 **   10 **FIX           12
 **********
 PARAMETER   12  IS CONSTANT.   IGNORED.
 **********
 **   11 **FIX           13
 **********
 **********
 **   12 **FIX           14
 **********
 **********
 **   13 **FIX           15
 **********
 PARAMETER   15  IS CONSTANT.   IGNORED.
 **********
 **   14 **FIX           16
 **********
 **********
 **   15 **MIGRAD
 **********
 FIRST CALL TO USER FUNCTION AT NEW START POINT, WITH IFLAG=4.
 START MIGRAD MINIMIZATION.  STRATEGY  1.  CONVERGENCE WHEN EDM .LT. 1.00e-04
 FCN=1806.95 FROM MIGRAD    STATUS=INITIATE      435 CALLS         436 TOTAL
                     EDM= unknown      STRATEGY= 1      NO ERROR MATRIX       
  EXT PARAMETER               CURRENT GUESS       STEP         FIRST   
  NO.   NAME      VALUE            ERROR          SIZE      DERIVATIVE 
   1  N0           3.09806e+06   1.00000e+02   0.00000e+00   3.43823e-03
   2  tau          6.44406e+01   constant   
   3  A0           3.43401e-01   1.00000e-04   0.00000e+00   3.98163e+04
   4  phi          4.11985e+00   1.00000e-02   0.00000e+00   4.22043e+04
   5  R           -6.14862e+01   constant   
   6  alpha_CBO    0.00000e+00     fixed    
   7  w_CBO        2.32500e+00   constant   
   8  beta_CBO     0.00000e+00     fixed    
   9  alpha_2CBO   0.00000e+00     fixed    
  10  beta_2CBO    0.00000e+00     fixed    
  11  alpha_y      0.00000e+00     fixed    
  12  w_y          1.44500e+01   constant   
  13  beta_y       0.00000e+00     fixed    
  14  alpha_vw     0.00000e+00     fixed    
  15  w_vw         1.29000e+01   constant   
  16  beta_vw      0.00000e+00     fixed    
  17  LM           1.22331e-03   constant   
  18  zeta_y       0.00000e+00   constant   
  19  zeta_vw      0.00000e+00   constant   
  20  T_CBO        1.00000e+02   1.00000e+00   0.00000e+00   0.00000e+00
  21  alpha_A0     0.00000e+00   1.00000e-03   0.00000e+00  -5.39223e+03
  22  beta_A0      0.00000e+00   1.00000e-03   0.00000e+00   2.72263e+03
  23  alpha_phi    0.00000e+00   1.00000e-03   0.00000e+00   9.91449e+03
  24  beta_phi     0.00000e+00   1.00000e-03   0.00000e+00   4.44026e+03
 CALL LIMIT EXCEEDED IN MIGRAD.
 MIGRAD TERMINATED WITHOUT CONVERGENCE.
 FCN=1593.4 FROM MIGRAD    STATUS=CALL LIMIT   1331 CALLS        1332 TOTAL
                     EDM=0.117604    STRATEGY= 1  ERROR MATRIX UNCERTAINTY   1.1 per cent
  EXT PARAMETER                APPROXIMATE        STEP         FIRST   
  NO.   NAME      VALUE            ERROR          SIZE      DERIVATIVE 
   1  N0           3.09757e+06   3.18311e+02   1.59483e+01   3.61413e-05
   2  tau          6.44406e+01   constant   
   3  A0           3.42652e-01   1.37983e-04  -1.64907e-06  -1.46312e+03
   4  phi          4.11671e+00   4.07284e-04   1.70001e-05   5.12957e+01
   5  R           -6.14862e+01   constant   
   6  alpha_CBO    0.00000e+00     fixed    
   7  w_CBO        2.32500e+00   constant   
   8  beta_CBO     0.00000e+00     fixed    
   9  alpha_2CBO   0.00000e+00     fixed    
  10  beta_2CBO    0.00000e+00     fixed    
  11  alpha_y      0.00000e+00     fixed    
  12  w_y          1.44500e+01   constant   
  13  beta_y       0.00000e+00     fixed    
  14  alpha_vw     0.00000e+00     fixed    
  15  w_vw         1.29000e+01   constant   
  16  beta_vw      0.00000e+00     fixed    
  17  LM           1.22331e-03   constant   
  18  zeta_y       0.00000e+00   constant   
  19  zeta_vw      0.00000e+00   constant   
  20  T_CBO        1.68623e+01   9.91779e-01  -1.71961e-03  -4.26193e+02
  21  alpha_A0     1.56353e+00   5.12725e-01   1.11190e-01   2.91074e+00
  22  beta_A0     -9.89058e-01   3.17013e-01  -6.87657e-02  -2.38106e+00
  23  alpha_phi   -3.58624e+00   1.14832e+00  -2.49089e-01   3.78300e+00
  24  beta_phi    -1.81857e+00   5.91535e-01  -1.28285e-01   2.22110e+00
 EXTERNAL ERROR MATRIX.    NDIM=  25    NPAR=  8    ERR DEF=1
  1.013e+05 -2.343e-03  2.004e-02 -8.817e+00  9.096e+00 -5.691e+00 -2.068e+01 -1.057e+01 
 -2.343e-03  1.904e-08  1.380e-09 -7.597e-07 -3.832e-06  2.397e-06  8.678e-06  4.450e-06 
  2.004e-02  1.380e-09  1.659e-07 -2.597e-05  1.725e-05 -1.065e-05 -3.861e-05 -1.986e-05 
 -8.817e+00 -7.597e-07 -2.597e-05  9.836e-01 -5.039e-01  3.116e-01  1.129e+00  5.813e-01 
  9.096e+00 -3.832e-06  1.725e-05 -5.039e-01  2.629e-01 -1.625e-01 -5.888e-01 -3.033e-01 
 -5.691e+00  2.397e-06 -1.065e-05  3.116e-01 -1.625e-01  1.005e-01  3.640e-01  1.875e-01 
 -2.068e+01  8.678e-06 -3.861e-05  1.129e+00 -5.888e-01  3.640e-01  1.319e+00  6.793e-01 
 -1.057e+01  4.450e-06 -1.986e-05  5.813e-01 -3.033e-01  1.875e-01  6.793e-01  3.499e-01 
ERR MATRIX APPROXIMATE
 PARAMETER  CORRELATION COEFFICIENTS  
       NO.  GLOBAL      1      3      4     20     21     22     23     24
        1  0.30561   1.000 -0.053  0.155 -0.028  0.056 -0.056 -0.057 -0.056
        3  0.47390  -0.053  1.000  0.025 -0.006 -0.054  0.055  0.055  0.055
        4  0.22347   0.155  0.025  1.000 -0.064  0.083 -0.082 -0.083 -0.082
       20  0.99326  -0.028 -0.006 -0.064  1.000 -0.991  0.991  0.991  0.991
       21  0.99999   0.056 -0.054  0.083 -0.991  1.000 -1.000 -1.000 -1.000
       22  0.99998  -0.056  0.055 -0.082  0.991 -1.000  1.000  1.000  1.000
       23  1.00000  -0.057  0.055 -0.083  0.991 -1.000  1.000  1.000  1.000
       24  0.99999  -0.056  0.055 -0.082  0.991 -1.000  1.000  1.000  1.000
 ERR MATRIX APPROXIMATE
MINUIT - FIT ONLY 1-CBO + wiggle
 **********
 **   16 **RES 
 **********
                   PARAMETER   16  beta_vw RESTORED TO VARIABLE.
                   PARAMETER   14  alpha_vw RESTORED TO VARIABLE.
                   PARAMETER   13  beta_y RESTORED TO VARIABLE.
                   PARAMETER   11  alpha_y RESTORED TO VARIABLE.
                   PARAMETER   10  beta_2CBO RESTORED TO VARIABLE.
                   PARAMETER    9  alpha_2CBO RESTORED TO VARIABLE.
                   PARAMETER    8  beta_CBO RESTORED TO VARIABLE.
                   PARAMETER    6  alpha_CBO RESTORED TO VARIABLE.
 **********
 **   17 **FIX            8
 **********
 **********
 **   18 **FIX            9
 **********
 **********
 **   19 **FIX           11
 **********
 **********
 **   20 **FIX           12
 **********
 PARAMETER   12  IS CONSTANT.   IGNORED.
 **********
 **   21 **FIX           14
 **********
 **********
 **   22 **FIX           15
 **********
 PARAMETER   15  IS CONSTANT.   IGNORED.
 **********
 **   23 **FIX           16
 **********
 **********
 **   24 **MIGRAD
 **********
 START MIGRAD MINIMIZATION.  STRATEGY  1.  CONVERGENCE WHEN EDM .LT. 1.00e-04
 FCN=1593.4 FROM MIGRAD    STATUS=INITIATE       28 CALLS        1360 TOTAL
                     EDM= unknown      STRATEGY= 1      NO ERROR MATRIX       
  EXT PARAMETER               CURRENT GUESS       STEP         FIRST   
  NO.   NAME      VALUE            ERROR          SIZE      DERIVATIVE 
   1  N0           3.09757e+06   3.18311e+02   1.59483e+01   3.61413e-05
   2  tau          6.44406e+01   constant   
   3  A0           3.42652e-01   1.37983e-04  -1.64907e-06  -1.46312e+03
   4  phi          4.11671e+00   4.07284e-04   1.70001e-05   5.12957e+01
   5  R           -6.14862e+01   constant   
   6  alpha_CBO    0.00000e+00   1.00000e-03   1.00000e-03   5.45956e+05
   7  w_CBO        2.32500e+00   constant   
   8  beta_CBO     0.00000e+00     fixed    
   9  alpha_2CBO   0.00000e+00     fixed    
  10  beta_2CBO    0.00000e+00   1.00000e-03   1.00000e-03  -8.09015e+04
  11  alpha_y      0.00000e+00     fixed    
  12  w_y          1.44500e+01   constant   
  13  beta_y       0.00000e+00   1.00000e-03   1.00000e-03  -1.80212e+04
  14  alpha_vw     0.00000e+00     fixed    
  15  w_vw         1.29000e+01   constant   
  16  beta_vw      0.00000e+00     fixed    
  17  LM           1.22331e-03   constant   
  18  zeta_y       0.00000e+00   constant   
  19  zeta_vw      0.00000e+00   constant   
  20  T_CBO        1.68623e+01   9.91779e-01  -1.71961e-03  -4.26193e+02
  21  alpha_A0     1.56353e+00   5.12725e-01   1.11190e-01   2.91074e+00
  22  beta_A0     -9.89058e-01   3.17013e-01  -6.87657e-02  -2.38106e+00
  23  alpha_phi   -3.58624e+00   1.14832e+00  -2.49089e-01   3.78300e+00
  24  beta_phi    -1.81857e+00   5.91535e-01  -1.28285e-01   2.22110e+00
 CALL LIMIT EXCEEDED IN MIGRAD.
 MIGRAD TERMINATED WITHOUT CONVERGENCE.
 FCN=80.3312 FROM MIGRAD    STATUS=CALL LIMIT   1916 CALLS        3248 TOTAL
                     EDM=0.000165885    STRATEGY= 1  ERROR MATRIX UNCERTAINTY  24.2 per cent
  EXT PARAMETER                APPROXIMATE        STEP         FIRST   
  NO.   NAME      VALUE            ERROR          SIZE      DERIVATIVE 
   1  N0           3.09801e+06   3.10481e+02  -5.71309e-02   7.85566e-06
   2  tau          6.44406e+01   constant   
   3  A0           3.43544e-01   1.42440e-04   4.37960e-08  -2.55967e+01
   4  phi          4.11958e+00   4.07472e-04  -2.68993e-07   4.25445e+00
   5  R           -6.14862e+01   constant   
   6  alpha_CBO   -5.44968e-03   1.41906e-04  -2.00970e-08   5.21117e+00
   7  w_CBO        2.32500e+00   constant   
   8  beta_CBO     0.00000e+00     fixed    
   9  alpha_2CBO   0.00000e+00     fixed    
  10  beta_2CBO    4.47828e-04   1.39964e-04   8.21193e-10   4.00678e+00
  11  alpha_y      0.00000e+00     fixed    
  12  w_y          1.44500e+01   constant   
  13  beta_y       2.41154e-04   1.37911e-04  -4.62532e-08   2.05971e+01
  14  alpha_vw     0.00000e+00     fixed    
  15  w_vw         1.29000e+01   constant   
  16  beta_vw      0.00000e+00     fixed    
  17  LM           1.22331e-03   constant   
  18  zeta_y       0.00000e+00   constant   
  19  zeta_vw      0.00000e+00   constant   
  20  T_CBO        1.07366e+01   1.78115e+00   1.52136e-04  -5.28852e+00
  21  alpha_A0    -3.27348e+01   5.56932e+01   4.54115e-01  -7.95644e-05
  22  beta_A0     -2.79914e+01   4.28786e+01   3.43470e-01   9.04477e-03
  23  alpha_phi   -1.05220e+02   1.74206e+02   1.42137e+00   1.88713e-03
  24  beta_phi    -6.50031e+01   1.09532e+02   8.88754e-01  -5.57335e-03
 EXTERNAL ERROR MATRIX.    NDIM=  25    NPAR= 11    ERR DEF=1
  9.640e+04 
 -1.323e-03  2.029e-08 
  1.945e-02  2.459e-09  1.660e-07 
 -2.368e-04 -3.565e-09 -9.847e-09  2.014e-08 
  4.299e-04 -2.747e-10 -4.346e-09  1.472e-09  1.959e-08 
 -1.597e-03  6.789e-11  1.478e-09 -2.437e-10 -7.752e-11  1.902e-08 
  5.014e-01  1.048e-05 -6.253e-05 -4.148e-06 -3.223e-07 -1.889e-05  3.173e+00 
 -5.743e+02  3.970e-04 -2.078e-03 -6.571e-05  9.731e-05 -5.727e-04  9.811e+01  3.102e+03 
  9.667e+01  4.654e-04 -1.572e-03 -2.100e-04 -1.040e-04 -5.000e-04  7.570e+01  2.318e+03  1.839e+03 
 -7.396e+02  1.546e-03 -6.446e-03 -5.139e-04  1.024e-05 -1.906e-03  3.094e+02  9.646e+03  7.402e+03  3.035e+04 
  2.834e+01  1.073e-03 -3.942e-03 -4.370e-04 -1.412e-04 -1.231e-03  1.944e+02  6.001e+03  4.687e+03  1.903e+04  1.200e+04 
ERR MATRIX APPROXIMATE
 PARAMETER  CORRELATION COEFFICIENTS  
       NO.  GLOBAL      1      3      4      6     10     13     20     21     22     23     24
        1  0.33600   1.000 -0.030  0.154 -0.005  0.010 -0.037  0.001 -0.033  0.007 -0.014  0.001
        3  0.38789  -0.030  1.000  0.042 -0.176 -0.014  0.003  0.041  0.050  0.076  0.062  0.069
        4  0.29925   0.154  0.042  1.000 -0.170 -0.076  0.026 -0.086 -0.092 -0.090 -0.091 -0.088
        6  0.28778  -0.005 -0.176 -0.170  1.000  0.074 -0.012 -0.016 -0.008 -0.035 -0.021 -0.028
       10  0.22896   0.010 -0.014 -0.076  0.074  1.000 -0.004 -0.001  0.012 -0.017  0.000 -0.009
       13  0.12949  -0.037  0.003  0.026 -0.012 -0.004  1.000 -0.077 -0.075 -0.085 -0.079 -0.082
       20  0.99789   0.001  0.041 -0.086 -0.016 -0.001 -0.077  1.000  0.989  0.991  0.997  0.996
       21  0.99992  -0.033  0.050 -0.092 -0.008  0.012 -0.075  0.989  1.000  0.971  0.994  0.984
       22  0.99981   0.007  0.076 -0.090 -0.035 -0.017 -0.085  0.991  0.971  1.000  0.991  0.998
       23  0.99998  -0.014  0.062 -0.091 -0.021  0.000 -0.079  0.997  0.994  0.991  1.000  0.997
       24  0.99995   0.001  0.069 -0.088 -0.028 -0.009 -0.082  0.996  0.984  0.998  0.997  1.000
 ERR MATRIX APPROXIMATE
MINUIT - FIT ONLY 2-CBO
 **********
 **   25 **RES 
 **********
                   PARAMETER   16  beta_vw RESTORED TO VARIABLE.
                   PARAMETER   14  alpha_vw RESTORED TO VARIABLE.
                   PARAMETER   11  alpha_y RESTORED TO VARIABLE.
                   PARAMETER    9  alpha_2CBO RESTORED TO VARIABLE.
                   PARAMETER    8  beta_CBO RESTORED TO VARIABLE.
 **********
 **   26 **FIX            0
 **********
 PARAMETER    0  IS UNDEFINED. IGNORED.
 **********
 **   27 **FIX            1
 **********
 **********
 **   28 **FIX            2
 **********
 PARAMETER    2  IS CONSTANT.   IGNORED.
 **********
 **   29 **FIX            3
 **********
 **********
 **   30 **FIX            4
 **********
 **********
 **   31 **FIX            5
 **********
 PARAMETER    5  IS CONSTANT.   IGNORED.
 **********
 **   32 **FIX            6
 **********
 **********
 **   33 **FIX            7
 **********
 PARAMETER    7  IS CONSTANT.   IGNORED.
 **********
 **   34 **FIX           10
 **********
 **********
 **   35 **FIX           11
 **********
 **********
 **   36 **FIX           12
 **********
 PARAMETER   12  IS CONSTANT.   IGNORED.
 **********
 **   37 **FIX           13
 **********
 **********
 **   38 **FIX           14
 **********
 **********
 **   39 **FIX           15
 **********
 PARAMETER   15  IS CONSTANT.   IGNORED.
 **********
 **   40 **FIX           16
 **********
 **********
 **   41 **MIGRAD
 **********
 START MIGRAD MINIMIZATION.  STRATEGY  1.  CONVERGENCE WHEN EDM .LT. 1.00e-04
 FCN=80.3312 FROM MIGRAD    STATUS=INITIATE       18 CALLS        3266 TOTAL
                     EDM= unknown      STRATEGY= 1      NO ERROR MATRIX       
  EXT PARAMETER               CURRENT GUESS       STEP         FIRST   
  NO.   NAME      VALUE            ERROR          SIZE      DERIVATIVE 
   1  N0           3.09801e+06     fixed    
   2  tau          6.44406e+01   constant   
   3  A0           3.43544e-01     fixed    
   4  phi          4.11958e+00     fixed    
   5  R           -6.14862e+01   constant   
   6  alpha_CBO   -5.44968e-03     fixed    
   7  w_CBO        2.32500e+00   constant   
   8  beta_CBO     0.00000e+00   1.00000e-03   1.00000e-03   2.79221e+03
   9  alpha_2CBO   0.00000e+00   1.00000e-03   1.00000e-03   2.73801e+04
  10  beta_2CBO    4.47828e-04     fixed    
  11  alpha_y      0.00000e+00     fixed    
  12  w_y          1.44500e+01   constant   
  13  beta_y       2.41154e-04     fixed    
  14  alpha_vw     0.00000e+00     fixed    
  15  w_vw         1.29000e+01   constant   
  16  beta_vw      0.00000e+00     fixed    
  17  LM           1.22331e-03   constant   
  18  zeta_y       0.00000e+00   constant   
  19  zeta_vw      0.00000e+00   constant   
  20  T_CBO        1.07366e+01   1.78115e+00   1.52136e-04  -5.28852e+00
  21  alpha_A0    -3.27348e+01   5.56932e+01   4.54115e-01  -7.95647e-05
  22  beta_A0     -2.79914e+01   4.28786e+01   3.43470e-01   9.04477e-03
  23  alpha_phi   -1.05220e+02   1.74206e+02   1.42137e+00   1.88713e-03
  24  beta_phi    -6.50031e+01   1.09532e+02   8.88754e-01  -5.57335e-03
 MIGRAD MINIMIZATION HAS CONVERGED.
 MIGRAD WILL VERIFY CONVERGENCE AND ERROR MATRIX.
 COVARIANCE MATRIX CALCULATED SUCCESSFULLY
 FCN=76.6316 FROM HESSE     STATUS=OK             50 CALLS        3378 TOTAL
                     EDM=0.00114977    STRATEGY= 1      ERROR MATRIX ACCURATE 
  EXT PARAMETER                                   STEP         FIRST   
  NO.   NAME      VALUE            ERROR          SIZE      DERIVATIVE 
   1  N0           3.09801e+06     fixed    
   2  tau          6.44406e+01   constant   
   3  A0           3.43544e-01     fixed    
   4  phi          4.11958e+00     fixed    
   5  R           -6.14862e+01   constant   
   6  alpha_CBO   -5.44968e-03     fixed    
   7  w_CBO        2.32500e+00   constant   
   8  beta_CBO    -1.86554e-05   1.41019e-04   5.96352e-07   6.55484e+00
   9  alpha_2CBO  -2.66550e-04   1.39556e-04   5.86899e-07  -1.00304e+00
  10  beta_2CBO    4.47828e-04     fixed    
  11  alpha_y      0.00000e+00     fixed    
  12  w_y          1.44500e+01   constant   
  13  beta_y       2.41154e-04     fixed    
  14  alpha_vw     0.00000e+00     fixed    
  15  w_vw         1.29000e+01   constant   
  16  beta_vw      0.00000e+00     fixed    
  17  LM           1.22331e-03   constant   
  18  zeta_y       0.00000e+00   constant   
  19  zeta_vw      0.00000e+00   constant   
  20  T_CBO        1.07137e+01   4.39084e+00   6.01019e-06   6.25140e-01
  21  alpha_A0    -2.94865e+01   1.25173e+02   6.78096e-02   1.16840e-04
  22  beta_A0     -3.14262e+01   1.34056e+02   7.01054e-02   1.85089e-04
  23  alpha_phi   -1.04519e+02   4.42079e+02   7.53644e-02   4.68786e-06
  24  beta_phi    -6.12514e+01   2.57854e+02   7.15045e-02  -2.88851e-07
 MIGRAD MINIMIZATION HAS CONVERGED.
 MIGRAD WILL VERIFY CONVERGENCE AND ERROR MATRIX.
 COVARIANCE MATRIX CALCULATED SUCCESSFULLY
 FCN=76.629 FROM MIGRAD    STATUS=CONVERGED     389 CALLS        3637 TOTAL
                     EDM=9.96256e-06    STRATEGY= 1      ERROR MATRIX ACCURATE 
  EXT PARAMETER                                   STEP         FIRST   
  NO.   NAME      VALUE            ERROR          SIZE      DERIVATIVE 
   1  N0           3.09801e+06     fixed    
   2  tau          6.44406e+01   constant   
   3  A0           3.43544e-01     fixed    
   4  phi          4.11958e+00     fixed    
   5  R           -6.14862e+01   constant   
   6  alpha_CBO   -5.44968e-03     fixed    
   7  w_CBO        2.32500e+00   constant   
   8  beta_CBO    -1.78471e-05   1.41082e-04   5.96342e-07  -1.20618e+01
   9  alpha_2CBO  -2.66427e-04   1.39566e-04   5.86889e-07  -4.51902e-01
  10  beta_2CBO    4.47828e-04     fixed    
  11  alpha_y      0.00000e+00     fixed    
  12  w_y          1.44500e+01   constant   
  13  beta_y       2.41154e-04     fixed    
  14  alpha_vw     0.00000e+00     fixed    
  15  w_vw         1.29000e+01   constant   
  16  beta_vw      0.00000e+00     fixed    
  17  LM           1.22331e-03   constant   
  18  zeta_y       0.00000e+00   constant   
  19  zeta_vw      0.00000e+00   constant   
  20  T_CBO        1.04035e+01   4.33574e+00   5.75496e-06   9.00396e-02
  21  alpha_A0    -4.00947e+01   1.78074e+02   9.20106e-02   4.84179e-05
  22  beta_A0     -4.28085e+01   1.91066e+02   9.51004e-02   8.09729e-05
  23  alpha_phi   -1.42141e+02   6.29352e+02   1.02512e-01  -2.81639e-05
  24  beta_phi    -8.31475e+01   3.66358e+02   9.72137e-02  -1.82760e-05
 EXTERNAL ERROR MATRIX.    NDIM=  25    NPAR=  7    ERR DEF=1
  1.990e-08 -7.316e-10 -6.356e-05 -2.669e-03 -2.344e-03 -9.231e-03 -5.462e-03 
 -7.316e-10  1.948e-08 -4.316e-06 -5.732e-04 -8.447e-05 -9.691e-04 -7.843e-04 
 -6.356e-05 -4.316e-06  1.881e+01  7.664e+02  8.228e+02  2.728e+03  1.586e+03 
 -2.669e-03 -5.732e-04  7.664e+02  3.171e+04  3.359e+04  1.112e+05  6.466e+04 
 -2.344e-03 -8.447e-05  8.228e+02  3.359e+04  3.651e+04  1.194e+05  6.933e+04 
 -9.231e-03 -9.691e-04  2.728e+03  1.112e+05  1.194e+05  3.961e+05  2.299e+05 
 -5.462e-03 -7.843e-04  1.586e+03  6.466e+04  6.933e+04  2.299e+05  1.342e+05 
 PARAMETER  CORRELATION COEFFICIENTS  
       NO.  GLOBAL      8      9     20     21     22     23     24
        8  0.18615   1.000 -0.037 -0.104 -0.106 -0.087 -0.104 -0.106
        9  0.21118  -0.037  1.000 -0.007 -0.023 -0.003 -0.011 -0.015
       20  0.99951  -0.104 -0.007  1.000  0.992  0.993  0.999  0.998
       21  0.99277  -0.106 -0.023  0.992  1.000  0.987  0.992  0.991
       22  0.99329  -0.087 -0.003  0.993  0.987  1.000  0.993  0.990
       23  0.99928  -0.104 -0.011  0.999  0.992  0.993  1.000  0.997
       24  0.99810  -0.106 -0.015  0.998  0.991  0.990  0.997  1.000
MINUIT - FIT wiggle + 1-CBO + 2-CBO
 **********
 **   42 **RES 
 **********
                   PARAMETER   16  beta_vw RESTORED TO VARIABLE.
                   PARAMETER   14  alpha_vw RESTORED TO VARIABLE.
                   PARAMETER   13  beta_y RESTORED TO VARIABLE.
                   PARAMETER   11  alpha_y RESTORED TO VARIABLE.
                   PARAMETER   10  beta_2CBO RESTORED TO VARIABLE.
                   PARAMETER    6  alpha_CBO RESTORED TO VARIABLE.
                   PARAMETER    4  phi RESTORED TO VARIABLE.
                   PARAMETER    3  A0 RESTORED TO VARIABLE.
                   PARAMETER    1  N0 RESTORED TO VARIABLE.
 **********
 **   43 **FIX           10
 **********
 **********
 **   44 **FIX           11
 **********
 **********
 **   45 **FIX           12
 **********
 PARAMETER   12  IS CONSTANT.   IGNORED.
 **********
 **   46 **FIX           13
 **********
 **********
 **   47 **FIX           14
 **********
 **********
 **   48 **FIX           15
 **********
 PARAMETER   15  IS CONSTANT.   IGNORED.
 **********
 **   49 **FIX           16
 **********
 **********
 **   50 **MIGRAD
 **********
 START MIGRAD MINIMIZATION.  STRATEGY  1.  CONVERGENCE WHEN EDM .LT. 1.00e-04
 FCN=76.629 FROM MIGRAD    STATUS=INITIATE       22 CALLS        3659 TOTAL
                     EDM= unknown      STRATEGY= 1      NO ERROR MATRIX       
  EXT PARAMETER               CURRENT GUESS       STEP         FIRST   
  NO.   NAME      VALUE            ERROR          SIZE      DERIVATIVE 
   1  N0           3.09801e+06   3.10481e+02   3.10481e+02  -2.47705e-04
   2  tau          6.44406e+01   constant   
   3  A0           3.43544e-01   1.42440e-04   1.42440e-04  -1.52077e+03
   4  phi          4.11958e+00   4.07472e-04   4.07472e-04  -5.12756e+02
   5  R           -6.14862e+01   constant   
   6  alpha_CBO   -5.44968e-03   1.41906e-04   1.41906e-04  -9.83732e+02
   7  w_CBO        2.32500e+00   constant   
   8  beta_CBO    -1.78471e-05   1.41082e-04   5.96342e-07  -1.20618e+01
   9  alpha_2CBO  -2.66427e-04   1.39566e-04   5.86889e-07  -4.51926e-01
  10  beta_2CBO    4.47828e-04     fixed    
  11  alpha_y      0.00000e+00     fixed    
  12  w_y          1.44500e+01   constant   
  13  beta_y       2.41154e-04     fixed    
  14  alpha_vw     0.00000e+00     fixed    
  15  w_vw         1.29000e+01   constant   
  16  beta_vw      0.00000e+00     fixed    
  17  LM           1.22331e-03   constant   
  18  zeta_y       0.00000e+00   constant   
  19  zeta_vw      0.00000e+00   constant   
  20  T_CBO        1.04035e+01   4.33574e+00   5.75496e-06   9.16219e-02
  21  alpha_A0    -4.00947e+01   1.78074e+02   9.20106e-02   4.84164e-05
  22  beta_A0     -4.28085e+01   1.91066e+02   9.51004e-02   8.09742e-05
  23  alpha_phi   -1.42141e+02   6.29352e+02   1.02512e-01  -2.81640e-05
  24  beta_phi    -8.31475e+01   3.66358e+02   9.72137e-02  -1.82760e-05
 MIGRAD MINIMIZATION HAS CONVERGED.
 MIGRAD WILL VERIFY CONVERGENCE AND ERROR MATRIX.
 COVARIANCE MATRIX CALCULATED SUCCESSFULLY
 FCN=76.6027 FROM HESSE     STATUS=OK            100 CALLS        3854 TOTAL
                     EDM=0.00212884    STRATEGY= 1      ERROR MATRIX ACCURATE 
  EXT PARAMETER                                   STEP         FIRST   
  NO.   NAME      VALUE            ERROR          SIZE      DERIVATIVE 
   1  N0           3.09803e+06   3.31782e+02   1.47726e+00  -5.35688e-06
   2  tau          6.44406e+01   constant   
   3  A0           3.43559e-01   1.45426e-04   5.73854e-07   5.95733e+00
   4  phi          4.11962e+00   4.50617e-04   1.96439e-06  -3.02178e-01
   5  R           -6.14862e+01   constant   
   6  alpha_CBO   -5.44518e-03   1.42397e-04   5.84394e-07  -9.15874e-01
   7  w_CBO        2.32500e+00   constant   
   8  beta_CBO    -1.57468e-05   1.44637e-04   5.96240e-07   5.85777e+00
   9  alpha_2CBO  -2.68287e-04   1.40098e-04   5.86788e-07  -1.82931e+01
  10  beta_2CBO    4.47828e-04     fixed    
  11  alpha_y      0.00000e+00     fixed    
  12  w_y          1.44500e+01   constant   
  13  beta_y       2.41154e-04     fixed    
  14  alpha_vw     0.00000e+00     fixed    
  15  w_vw         1.29000e+01   constant   
  16  beta_vw      0.00000e+00     fixed    
  17  LM           1.22331e-03   constant   
  18  zeta_y       0.00000e+00   constant   
  19  zeta_vw      0.00000e+00   constant   
  20  T_CBO        1.04025e+01   4.42600e+00   5.76067e-06   3.86298e-01
  21  alpha_A0    -4.03319e+01   1.83141e+02   9.20106e-02  -1.81185e-05
  22  beta_A0     -4.32637e+01   2.00111e+02   9.51003e-02   1.12485e-04
  23  alpha_phi   -1.42296e+02   6.46219e+02   1.02512e-01   5.35689e-05
  24  beta_phi    -8.23984e+01   3.69148e+02   9.72129e-02   5.75333e-05
 MIGRAD MINIMIZATION HAS CONVERGED.
 MIGRAD WILL VERIFY CONVERGENCE AND ERROR MATRIX.
 COVARIANCE MATRIX CALCULATED SUCCESSFULLY
 FCN=76.5953 FROM MIGRAD    STATUS=CONVERGED     940 CALLS        4577 TOTAL
                     EDM=4.05932e-05    STRATEGY= 1      ERROR MATRIX ACCURATE 
  EXT PARAMETER                                   STEP         FIRST   
  NO.   NAME      VALUE            ERROR          SIZE      DERIVATIVE 
   1  N0           3.09804e+06   3.31084e+02   1.47726e+00   9.37383e-06
   2  tau          6.44406e+01   constant   
   3  A0           3.43556e-01   1.45297e-04   5.73821e-07  -1.07654e+01
   4  phi          4.11964e+00   4.44913e-04   1.96440e-06   2.58016e+00
   5  R           -6.14862e+01   constant   
   6  alpha_CBO   -5.44345e-03   1.42346e-04   5.84365e-07   6.64242e-01
   7  w_CBO        2.32500e+00   constant   
   8  beta_CBO    -1.49631e-05   1.44622e-04   5.96211e-07  -5.19449e+00
   9  alpha_2CBO  -2.67851e-04   1.40122e-04   5.86759e-07   1.19550e+01
  10  beta_2CBO    4.47828e-04     fixed    
  11  alpha_y      0.00000e+00     fixed    
  12  w_y          1.44500e+01   constant   
  13  beta_y       2.41154e-04     fixed    
  14  alpha_vw     0.00000e+00     fixed    
  15  w_vw         1.29000e+01   constant   
  16  beta_vw      0.00000e+00     fixed    
  17  LM           1.22331e-03   constant   
  18  zeta_y       0.00000e+00   constant   
  19  zeta_vw      0.00000e+00   constant   
  20  T_CBO        9.77630e+00   3.47640e+00   5.24736e-06  -4.43161e+00
  21  alpha_A0    -7.95522e+01   3.21304e+02   1.78384e-01   2.58638e-05
  22  beta_A0     -8.65688e+01   3.56447e+02   1.84270e-01   1.22603e-05
  23  alpha_phi   -2.81663e+02   1.13651e+03   1.99818e-01   1.02589e-04
  24  beta_phi    -1.61455e+02   6.42855e+02   1.89280e-01   5.45927e-05
 EXTERNAL ERROR MATRIX.    NDIM=  25    NPAR= 11    ERR DEF=1
  1.096e+05 
 -1.222e-03  2.111e-08 
  3.452e-02 -2.350e-09  1.979e-07 
 -6.428e-04 -3.685e-09 -8.323e-09  2.026e-08 
  2.788e-03  4.010e-09 -5.723e-09  3.083e-10  2.092e-08 
 -7.110e-04 -1.611e-09 -7.268e-10 -2.797e-10 -1.056e-09  1.963e-08 
 -1.708e+02  4.402e-05 -5.305e-04 -3.562e-05 -2.065e-05 -1.484e-06  1.209e+01 
 -1.898e+04  3.596e-03 -4.884e-02 -2.407e-03 -2.214e-03 -8.915e-04  1.106e+03  1.032e+05 
 -1.998e+04  5.232e-03 -5.830e-02 -3.707e-03 -1.003e-03  2.984e-05  1.229e+03  1.128e+05  1.271e+05 
 -5.943e+04  1.620e-02 -1.763e-01 -1.224e-02 -6.432e-03 -1.252e-03  3.948e+03  3.615e+05  4.017e+05  1.292e+06 
 -2.856e+04  9.045e-03 -9.506e-02 -6.876e-03 -3.865e-03 -1.208e-03  2.229e+03  2.041e+05  2.264e+05  7.279e+05  4.133e+05 
 PARAMETER  CORRELATION COEFFICIENTS  
       NO.  GLOBAL      1      3      4      6      8      9     20     21     22     23     24
        1  0.41923   1.000 -0.025  0.234 -0.014  0.058 -0.015 -0.148 -0.178 -0.169 -0.158 -0.134
        3  0.39615  -0.025  1.000 -0.036 -0.178  0.191 -0.079  0.087  0.077  0.101  0.098  0.097
        4  0.48406   0.234 -0.036  1.000 -0.131 -0.089 -0.012 -0.343 -0.342 -0.368 -0.349 -0.332
        6  0.29838  -0.014 -0.178 -0.131  1.000  0.015 -0.014 -0.072 -0.053 -0.073 -0.076 -0.075
        8  0.28519   0.058  0.191 -0.089  0.015  1.000 -0.052 -0.041 -0.048 -0.019 -0.039 -0.042
        9  0.22839  -0.015 -0.079 -0.012 -0.014 -0.052  1.000 -0.003 -0.020  0.001 -0.008 -0.013
       20  0.99941  -0.148  0.087 -0.343 -0.072 -0.041 -0.003  1.000  0.990  0.991  0.999  0.997
       21  0.99145  -0.178  0.077 -0.342 -0.053 -0.048 -0.020  0.990  1.000  0.985  0.990  0.988
       22  0.99259  -0.169  0.101 -0.368 -0.073 -0.019  0.001  0.991  0.985  1.000  0.992  0.988
       23  0.99915  -0.158  0.098 -0.349 -0.076 -0.039 -0.008  0.999  0.990  0.992  1.000  0.996
       24  0.99760  -0.134  0.097 -0.332 -0.075 -0.042 -0.013  0.997  0.988  0.988  0.996  1.000
MINUIT - FIT ONLY 1-y
 **********
 **   51 **RES 
 **********
                   PARAMETER   16  beta_vw RESTORED TO VARIABLE.
                   PARAMETER   14  alpha_vw RESTORED TO VARIABLE.
                   PARAMETER   13  beta_y RESTORED TO VARIABLE.
                   PARAMETER   11  alpha_y RESTORED TO VARIABLE.
                   PARAMETER   10  beta_2CBO RESTORED TO VARIABLE.
 **********
 **   52 **FIX            0
 **********
 PARAMETER    0  IS UNDEFINED. IGNORED.
 **********
 **   53 **FIX            1
 **********
 **********
 **   54 **FIX            2
 **********
 PARAMETER    2  IS CONSTANT.   IGNORED.
 **********
 **   55 **FIX            3
 **********
 **********
 **   56 **FIX            4
 **********
 **********
 **   57 **FIX            5
 **********
 PARAMETER    5  IS CONSTANT.   IGNORED.
 **********
 **   58 **FIX            6
 **********
 **********
 **   59 **FIX            7
 **********
 PARAMETER    7  IS CONSTANT.   IGNORED.
 **********
 **   60 **FIX            8
 **********
 **********
 **   61 **FIX            9
 **********
 **********
 **   62 **FIX           13
 **********
 **********
 **   63 **FIX           14
 **********
 **********
 **   64 **FIX           15
 **********
 PARAMETER   15  IS CONSTANT.   IGNORED.
 **********
 **   65 **FIX           16
 **********
 **********
 **   66 **MIGRAD
 **********
 START MIGRAD MINIMIZATION.  STRATEGY  1.  CONVERGENCE WHEN EDM .LT. 1.00e-04
 FCN=76.5953 FROM MIGRAD    STATUS=INITIATE       16 CALLS        4593 TOTAL
                     EDM= unknown      STRATEGY= 1      NO ERROR MATRIX       
  EXT PARAMETER               CURRENT GUESS       STEP         FIRST   
  NO.   NAME      VALUE            ERROR          SIZE      DERIVATIVE 
   1  N0           3.09804e+06     fixed    
   2  tau          6.44406e+01   constant   
   3  A0           3.43556e-01     fixed    
   4  phi          4.11964e+00     fixed    
   5  R           -6.14862e+01   constant   
   6  alpha_CBO   -5.44345e-03     fixed    
   7  w_CBO        2.32500e+00   constant   
   8  beta_CBO    -1.49631e-05     fixed    
   9  alpha_2CBO  -2.67851e-04     fixed    
  10  beta_2CBO    4.47828e-04   1.39964e-04   1.39964e-04  -4.54608e+02
  11  alpha_y      0.00000e+00   1.00000e-03   1.00000e-03  -5.70780e+04
  12  w_y          1.44500e+01   constant   
  13  beta_y       2.41154e-04     fixed    
  14  alpha_vw     0.00000e+00     fixed    
  15  w_vw         1.29000e+01   constant   
  16  beta_vw      0.00000e+00     fixed    
  17  LM           1.22331e-03   constant   
  18  zeta_y       0.00000e+00   constant   
  19  zeta_vw      0.00000e+00   constant   
  20  T_CBO        9.77630e+00   3.47640e+00   5.24736e-06  -4.42985e+00
  21  alpha_A0    -7.95522e+01   3.21304e+02   1.78384e-01   2.58633e-05
  22  beta_A0     -8.65688e+01   3.56447e+02   1.84270e-01   1.22598e-05
  23  alpha_phi   -2.81663e+02   1.13651e+03   1.99818e-01   1.02589e-04
  24  beta_phi    -1.61455e+02   6.42855e+02   1.89280e-01   5.45927e-05
 MIGRAD MINIMIZATION HAS CONVERGED.
 MIGRAD WILL VERIFY CONVERGENCE AND ERROR MATRIX.
 COVARIANCE MATRIX CALCULATED SUCCESSFULLY
 FCN=61.4514 FROM HESSE     STATUS=OK             50 CALLS        4706 TOTAL
                     EDM=0.000883901    STRATEGY= 1      ERROR MATRIX ACCURATE 
  EXT PARAMETER                                   STEP         FIRST   
  NO.   NAME      VALUE            ERROR          SIZE      DERIVATIVE 
   1  N0           3.09804e+06     fixed    
   2  tau          6.44406e+01   constant   
   3  A0           3.43556e-01     fixed    
   4  phi          4.11964e+00     fixed    
   5  R           -6.14862e+01   constant   
   6  alpha_CBO   -5.44345e-03     fixed    
   7  w_CBO        2.32500e+00   constant   
   8  beta_CBO    -1.49631e-05     fixed    
   9  alpha_2CBO  -2.67851e-04     fixed    
  10  beta_2CBO    4.57402e-04   1.42711e-04   5.32627e-07  -3.41354e+00
  11  alpha_y      5.30569e-04   1.36347e-04   5.26007e-07   1.68853e-01
  12  w_y          1.44500e+01   constant   
  13  beta_y       2.41154e-04     fixed    
  14  alpha_vw     0.00000e+00     fixed    
  15  w_vw         1.29000e+01   constant   
  16  beta_vw      0.00000e+00     fixed    
  17  LM           1.22331e-03   constant   
  18  zeta_y       0.00000e+00   constant   
  19  zeta_vw      0.00000e+00   constant   
  20  T_CBO        9.77227e+00   3.77745e+00   4.73875e-06   5.82319e-01
  21  alpha_A0    -7.90263e+01   3.46282e+02   1.62548e-01   3.53139e-05
  22  beta_A0     -8.62733e+01   3.81473e+02   1.67904e-01  -4.96756e-06
  23  alpha_phi   -2.80760e+02   1.22663e+03   1.82101e-01   1.82539e-05
  24  beta_phi    -1.60567e+02   6.97793e+02   1.72491e-01   6.33570e-06
 MIGRAD MINIMIZATION HAS CONVERGED.
 MIGRAD WILL VERIFY CONVERGENCE AND ERROR MATRIX.
 COVARIANCE MATRIX CALCULATED SUCCESSFULLY
 FCN=61.4495 FROM MIGRAD    STATUS=CONVERGED     352 CALLS        4929 TOTAL
                     EDM=9.58939e-06    STRATEGY= 1      ERROR MATRIX ACCURATE 
  EXT PARAMETER                                   STEP         FIRST   
  NO.   NAME      VALUE            ERROR          SIZE      DERIVATIVE 
   1  N0           3.09804e+06     fixed    
   2  tau          6.44406e+01   constant   
   3  A0           3.43556e-01     fixed    
   4  phi          4.11964e+00     fixed    
   5  R           -6.14862e+01   constant   
   6  alpha_CBO   -5.44345e-03     fixed    
   7  w_CBO        2.32500e+00   constant   
   8  beta_CBO    -1.49631e-05     fixed    
   9  alpha_2CBO  -2.67851e-04     fixed    
  10  beta_2CBO    4.57875e-04   1.42743e-04   5.32620e-07  -6.21347e+00
  11  alpha_y      5.30618e-04   1.36347e-04   5.25999e-07   1.92957e-01
  12  w_y          1.44500e+01   constant   
  13  beta_y       2.41154e-04     fixed    
  14  alpha_vw     0.00000e+00     fixed    
  15  w_vw         1.29000e+01   constant   
  16  beta_vw      0.00000e+00     fixed    
  17  LM           1.22331e-03   constant   
  18  zeta_y       0.00000e+00   constant   
  19  zeta_vw      0.00000e+00   constant   
  20  T_CBO        9.55351e+00   3.72644e+00   4.58455e-06  -7.79128e-02
  21  alpha_A0    -1.02382e+02   4.63030e+02   2.10023e-01  -2.87879e-05
  22  beta_A0     -1.11941e+02   5.10458e+02   2.16895e-01   2.90409e-06
  23  alpha_phi   -3.63613e+02   1.63922e+03   2.35784e-01   8.14090e-06
  24  beta_phi    -2.07601e+02   9.30798e+02   2.23243e-01   5.76511e-06
 EXTERNAL ERROR MATRIX.    NDIM=  25    NPAR=  7    ERR DEF=1
  2.038e-08  1.817e-10 -2.960e-05 -4.240e-03 -5.454e-03 -1.205e-02 -8.362e-03 
  1.817e-10  1.859e-08 -3.376e-06 -3.712e-04 -4.153e-04 -1.388e-03 -7.568e-04 
 -2.960e-05 -3.376e-06  1.389e+01  1.713e+03  1.890e+03  6.106e+03  3.463e+03 
 -4.240e-03 -3.712e-04  1.713e+03  2.144e+05  2.336e+05  7.533e+05  4.273e+05 
 -5.454e-03 -4.153e-04  1.890e+03  2.336e+05  2.606e+05  8.310e+05  4.710e+05 
 -1.205e-02 -1.388e-03  6.106e+03  7.533e+05  8.310e+05  2.687e+06  1.522e+06 
 -8.362e-03 -7.568e-04  3.463e+03  4.273e+05  4.710e+05  1.522e+06  8.664e+05 
 PARAMETER  CORRELATION COEFFICIENTS  
       NO.  GLOBAL     10     11     20     21     22     23     24
       10  0.25477   1.000  0.009 -0.056 -0.064 -0.075 -0.052 -0.063
       11  0.02092   0.009  1.000 -0.007 -0.006 -0.006 -0.006 -0.006
       20  0.99952  -0.056 -0.007  1.000  0.993  0.993  0.999  0.998
       21  0.99307  -0.064 -0.006  0.993  1.000  0.989  0.992  0.991
       22  0.99392  -0.075 -0.006  0.993  0.989  1.000  0.993  0.991
       23  0.99931  -0.052 -0.006  0.999  0.992  0.993  1.000  0.997
       24  0.99807  -0.063 -0.006  0.998  0.991  0.991  0.997  1.000
MINUIT - FIT ONLY 2-y
 **********
 **   67 **RES 
 **********
                   PARAMETER   16  beta_vw RESTORED TO VARIABLE.
                   PARAMETER   14  alpha_vw RESTORED TO VARIABLE.
                   PARAMETER   13  beta_y RESTORED TO VARIABLE.
                   PARAMETER    9  alpha_2CBO RESTORED TO VARIABLE.
                   PARAMETER    8  beta_CBO RESTORED TO VARIABLE.
                   PARAMETER    6  alpha_CBO RESTORED TO VARIABLE.
                   PARAMETER    4  phi RESTORED TO VARIABLE.
                   PARAMETER    3  A0 RESTORED TO VARIABLE.
                   PARAMETER    1  N0 RESTORED TO VARIABLE.
 **********
 **   68 **FIX            0
 **********
 PARAMETER    0  IS UNDEFINED. IGNORED.
 **********
 **   69 **FIX            1
 **********
 **********
 **   70 **FIX            2
 **********
 PARAMETER    2  IS CONSTANT.   IGNORED.
 **********
