 + ++++++++++++++++++++++++++++++++++++++++++++++++++++++++++++++++++++ +
 +                                                                      +
 +           You have chose to blind your fitting according to          +
 +                omega_ref * (1 + (R +/- deltaR) *10^{-6})             +
 +                                                                      +
 + ++++++++++++++++++++++++++++++++++++++++++++++++++++++++++++++++++++ +
In main()...
reading format from /gm2data/zkhechad/run45/envelope/formats/formatB_sBin_constraintOn.txt
pBinTau 	= 0  
pBinPhi 	= 0  
constraintau 	= 1 
includeMopTerm 	= 0    
constrainMop    = 0   
Parameters after format file: pBinTau 0 pBinPhi 0 constraintau 1 includeMopTerm 0 constrainMop 0 c_e_scale 0.000000 
Opening file /gm2data/tbarrett/gm2fr/studies/run23_bunch_corrections/CorrectedFourier_Run3b.root.
reading full fit data from /gm2data/zkhechad/cboTemplates/Run4CBOTemplates/fullFits/noRF/sBin_constraintOn_cE0.0_seed0_noRF_calo14.root
windowBins = 69
fitting sliding window 2450 from bin 2586 at 385.682000 to bin 2655 at 396.126000 (69 bins)

Reading data from /gm2data/cornell/histograms/aMethod/histogram_a_noRF.root
 **********
 **    1 **SET PRINTOUT            1
 **********
 **********
 **    2 **SET NOWARNINGS 
 **********
 PARAMETER DEFINITIONS:
    NO.   NAME         VALUE      STEP SIZE      LIMITS
     1 N0           3.41750e+06  1.00000e+02     no limits
     2 tau          6.44063e+01  constant
     3 A0           3.61912e-01  1.00000e-04     no limits
     4 phi          4.12132e+00  1.00000e-02     no limits
     5 R           -6.04192e+01  constant
     6 alpha_CBO    0.00000e+00  1.00000e-03     no limits
     7 w_CBO        2.32500e+00  constant
     8 beta_CBO     0.00000e+00  1.00000e-03     no limits
     9 alpha_2CBO   0.00000e+00  1.00000e-03     no limits
    10 beta_2CBO    0.00000e+00  1.00000e-03     no limits
    11 alpha_y      0.00000e+00  1.00000e-03     no limits
    12 w_y          1.38860e+01  constant
    13 beta_y       0.00000e+00  1.00000e-03     no limits
    14 alpha_vw     0.00000e+00  1.00000e-03     no limits
    15 w_vw         1.43404e+01  constant
    16 beta_vw      0.00000e+00  1.00000e-03     no limits
    17 LM           8.43198e-05  constant
    18 zeta_y       0.00000e+00  constant
    19 zeta_vw      0.00000e+00  constant
    20 T_CBO        1.00000e+02  1.00000e+00    0.00000e+00  1.00000e+03
    21 alpha_A0     0.00000e+00  1.00000e-03     no limits
    22 beta_A0      0.00000e+00  1.00000e-03     no limits
    23 alpha_phi    0.00000e+00  1.00000e-03     no limits
    24 beta_phi     0.00000e+00  1.00000e-03     no limits
MINUIT - FIT ONLY WIGGLE
 **********
 **    3 **FIX            5
 **********
 PARAMETER    5  IS CONSTANT.   IGNORED.
 **********
 **    4 **FIX            6
 **********
 **********
 **    5 **FIX            7
 **********
 PARAMETER    7  IS CONSTANT.   IGNORED.
 **********
 **    6 **FIX            8
 **********
 **********
 **    7 **FIX            9
 **********
 **********
 **    8 **FIX           10
 **********
 **********
 **    9 **FIX           11
 **********
 **********
 **   10 **FIX           12
 **********
 PARAMETER   12  IS CONSTANT.   IGNORED.
 **********
 **   11 **FIX           13
 **********
 **********
 **   12 **FIX           14
 **********
 **********
 **   13 **FIX           15
 **********
 PARAMETER   15  IS CONSTANT.   IGNORED.
 **********
 **   14 **FIX           16
 **********
 **********
 **   15 **MIGRAD
 **********
 FIRST CALL TO USER FUNCTION AT NEW START POINT, WITH IFLAG=4.
 START MIGRAD MINIMIZATION.  STRATEGY  1.  CONVERGENCE WHEN EDM .LT. 1.00e-04
 FCN=95.1145 FROM MIGRAD    STATUS=INITIATE      437 CALLS         438 TOTAL
                     EDM= unknown      STRATEGY= 1      NO ERROR MATRIX       
  EXT PARAMETER               CURRENT GUESS       STEP         FIRST   
  NO.   NAME      VALUE            ERROR          SIZE      DERIVATIVE 
   1  N0           3.41750e+06   1.00000e+02   0.00000e+00   2.91980e-05
   2  tau          6.44063e+01   constant   
   3  A0           3.61912e-01   1.00000e-04   0.00000e+00   4.06441e+03
   4  phi          4.12132e+00   1.00000e-02   0.00000e+00  -5.08519e+02
   5  R           -6.04192e+01   constant   
   6  alpha_CBO    0.00000e+00     fixed    
   7  w_CBO        2.32500e+00   constant   
   8  beta_CBO     0.00000e+00     fixed    
   9  alpha_2CBO   0.00000e+00     fixed    
  10  beta_2CBO    0.00000e+00     fixed    
  11  alpha_y      0.00000e+00     fixed    
  12  w_y          1.38860e+01   constant   
  13  beta_y       0.00000e+00     fixed    
  14  alpha_vw     0.00000e+00     fixed    
  15  w_vw         1.43404e+01   constant   
  16  beta_vw      0.00000e+00     fixed    
  17  LM           8.43198e-05   constant   
  18  zeta_y       0.00000e+00   constant   
  19  zeta_vw      0.00000e+00   constant   
  20  T_CBO        1.00000e+02   1.00000e+00   0.00000e+00   0.00000e+00
  21  alpha_A0     0.00000e+00   1.00000e-03   0.00000e+00   7.38539e+00
  22  beta_A0      0.00000e+00   1.00000e-03   0.00000e+00   7.42371e+00
  23  alpha_phi    0.00000e+00   1.00000e-03   0.00000e+00  -2.01556e+01
  24  beta_phi     0.00000e+00   1.00000e-03   0.00000e+00  -9.05183e+00
 MIGRAD MINIMIZATION HAS CONVERGED.
 MIGRAD WILL VERIFY CONVERGENCE AND ERROR MATRIX.
 FCN=81.8691 FROM HESSE     STATUS=NOT POSDEF     61 CALLS         612 TOTAL
                     EDM=0.000719343    STRATEGY= 1      ERR MATRIX NOT POS-DEF
  EXT PARAMETER                APPROXIMATE        STEP         FIRST   
  NO.   NAME      VALUE            ERROR          SIZE      DERIVATIVE 
   1  N0           3.41739e+06   3.06197e+03   1.14226e+01   1.21557e-08
   2  tau          6.44063e+01   constant   
   3  A0           3.59108e-01   1.18038e-03   5.07909e-06  -1.13083e+00
   4  phi          4.12284e+00   3.35171e-03   1.46541e-05   1.49938e-02
   5  R           -6.04192e+01   constant   
   6  alpha_CBO    0.00000e+00     fixed    
   7  w_CBO        2.32500e+00   constant   
   8  beta_CBO     0.00000e+00     fixed    
   9  alpha_2CBO   0.00000e+00     fixed    
  10  beta_2CBO    0.00000e+00     fixed    
  11  alpha_y      0.00000e+00     fixed    
  12  w_y          1.38860e+01   constant   
  13  beta_y       0.00000e+00     fixed    
  14  alpha_vw     0.00000e+00     fixed    
  15  w_vw         1.43404e+01   constant   
  16  beta_vw      0.00000e+00     fixed    
  17  LM           8.43198e-05   constant   
  18  zeta_y       0.00000e+00   constant   
  19  zeta_vw      0.00000e+00   constant   
  20  T_CBO        9.88446e+01   1.38126e+02   1.36745e-04  -3.50378e-02
  21  alpha_A0    -1.29014e-01   7.79519e-01   1.10571e-03   2.18756e-03
  22  beta_A0     -1.70439e-01   1.00230e+00   1.04440e-03   6.07759e-03
  23  alpha_phi    5.61742e-01   3.23174e+00   1.01992e-03  -1.75628e-02
  24  beta_phi     1.73718e-01   1.02862e+00   1.06675e-03  -6.24706e-03
 CALL LIMIT EXCEEDED IN MIGRAD.
 MIGRAD TERMINATED WITHOUT CONVERGENCE.
 FCN=81.8498 FROM MIGRAD    STATUS=CALL LIMIT   1336 CALLS        1337 TOTAL
                     EDM=0.000308476    STRATEGY= 1      ERR MATRIX NOT POS-DEF
  EXT PARAMETER                APPROXIMATE        STEP         FIRST   
  NO.   NAME      VALUE            ERROR          SIZE      DERIVATIVE 
   1  N0           3.41738e+06   2.82476e+03   7.30090e+00  -2.23969e-06
   2  tau          6.44063e+01   constant   
   3  A0           3.59085e-01   1.18134e-03  -2.15690e-06  -1.47805e-01
   4  phi          4.12284e+00   3.34080e-03   2.65700e-06  -2.46357e-01
   5  R           -6.04192e+01   constant   
   6  alpha_CBO    0.00000e+00     fixed    
   7  w_CBO        2.32500e+00   constant   
   8  beta_CBO     0.00000e+00     fixed    
   9  alpha_2CBO   0.00000e+00     fixed    
  10  beta_2CBO    0.00000e+00     fixed    
  11  alpha_y      0.00000e+00     fixed    
  12  w_y          1.38860e+01   constant   
  13  beta_y       0.00000e+00     fixed    
  14  alpha_vw     0.00000e+00     fixed    
  15  w_vw         1.43404e+01   constant   
  16  beta_vw      0.00000e+00     fixed    
  17  LM           8.43198e-05   constant   
  18  zeta_y       0.00000e+00   constant   
  19  zeta_vw      0.00000e+00   constant   
  20  T_CBO        6.37815e+01   2.74690e+01   1.84425e-05   4.54325e-02
  21  alpha_A0    -1.15091e+00   3.79004e+00  -7.44553e-03  -2.92401e-03
  22  beta_A0     -1.51016e+00   3.18436e+00  -8.65856e-04   3.68191e-03
  23  alpha_phi    4.94506e+00   1.30331e+01   1.72654e-02   2.68195e-04
  24  beta_phi     1.51485e+00   3.38698e+00   1.91246e-03  -3.76997e-03
 EXTERNAL ERROR MATRIX.    NDIM=  25    NPAR=  8    ERR DEF=1
  7.979e+06 -2.425e-01  1.006e+00  1.049e+04  1.691e+03  1.245e+03 -5.187e+03 -1.500e+03 
 -2.425e-01  1.396e-06  1.262e-07  4.614e-03  6.260e-04  5.245e-04 -2.355e-03 -5.606e-04 
  1.006e+00  1.262e-07  1.116e-05 -4.699e-04  6.940e-05  7.882e-05 -3.690e-04 -1.925e-04 
  1.049e+04  4.614e-03 -4.699e-04  7.577e+02  1.016e+02  8.669e+01 -3.552e+02 -9.239e+01 
  1.691e+03  6.260e-04  6.940e-05  1.016e+02  1.436e+01  1.163e+01 -4.900e+01 -1.251e+01 
  1.245e+03  5.245e-04  7.882e-05  8.669e+01  1.163e+01  1.014e+01 -4.091e+01 -1.071e+01 
 -5.187e+03 -2.355e-03 -3.690e-04 -3.552e+02 -4.900e+01 -4.091e+01  1.699e+02  4.379e+01 
 -1.500e+03 -5.606e-04 -1.925e-04 -9.239e+01 -1.251e+01 -1.071e+01  4.379e+01  1.147e+01 
ERR MATRIX NOT POS-DEF
 PARAMETER  CORRELATION COEFFICIENTS  
       NO.  GLOBAL      1      3      4     20     21     22     23     24
        1  0.35226   1.000 -0.073  0.107  0.135  0.158  0.138 -0.141 -0.157
        3  0.28186  -0.073  1.000  0.032  0.142  0.140  0.139 -0.153 -0.140
        4  0.19547   0.107  0.032  1.000 -0.005  0.005  0.007 -0.008 -0.017
       20  0.99349   0.135  0.142 -0.005  1.000  0.974  0.989 -0.990 -0.991
       21  0.99631   0.158  0.140  0.005  0.974  1.000  0.963 -0.992 -0.975
       22  0.99515   0.138  0.139  0.007  0.989  0.963  1.000 -0.986 -0.993
       23  0.99888  -0.141 -0.153 -0.008 -0.990 -0.992 -0.986  1.000  0.992
       24  0.99673  -0.157 -0.140 -0.017 -0.991 -0.975 -0.993  0.992  1.000
 ERR MATRIX NOT POS-DEF
MINUIT - FIT ONLY 1-CBO + wiggle
 **********
 **   16 **RES 
 **********
                   PARAMETER   16  beta_vw RESTORED TO VARIABLE.
                   PARAMETER   14  alpha_vw RESTORED TO VARIABLE.
                   PARAMETER   13  beta_y RESTORED TO VARIABLE.
                   PARAMETER   11  alpha_y RESTORED TO VARIABLE.
                   PARAMETER   10  beta_2CBO RESTORED TO VARIABLE.
                   PARAMETER    9  alpha_2CBO RESTORED TO VARIABLE.
                   PARAMETER    8  beta_CBO RESTORED TO VARIABLE.
                   PARAMETER    6  alpha_CBO RESTORED TO VARIABLE.
 **********
 **   17 **FIX            8
 **********
 **********
 **   18 **FIX            9
 **********
 **********
 **   19 **FIX           11
 **********
 **********
 **   20 **FIX           12
 **********
 PARAMETER   12  IS CONSTANT.   IGNORED.
 **********
 **   21 **FIX           14
 **********
 **********
 **   22 **FIX           15
 **********
 PARAMETER   15  IS CONSTANT.   IGNORED.
 **********
 **   23 **FIX           16
 **********
 **********
 **   24 **MIGRAD
 **********
 START MIGRAD MINIMIZATION.  STRATEGY  1.  CONVERGENCE WHEN EDM .LT. 1.00e-04
 FCN=81.8498 FROM MIGRAD    STATUS=INITIATE       28 CALLS        1365 TOTAL
                     EDM= unknown      STRATEGY= 1      NO ERROR MATRIX       
  EXT PARAMETER               CURRENT GUESS       STEP         FIRST   
  NO.   NAME      VALUE            ERROR          SIZE      DERIVATIVE 
   1  N0           3.41738e+06   2.82476e+03   7.30090e+00  -2.23969e-06
   2  tau          6.44063e+01   constant   
   3  A0           3.59085e-01   1.18134e-03  -2.15690e-06  -1.47805e-01
   4  phi          4.12284e+00   3.34080e-03   2.65700e-06  -2.46357e-01
   5  R           -6.04192e+01   constant   
   6  alpha_CBO    0.00000e+00   1.00000e-03   1.00000e-03  -1.90730e+03
   7  w_CBO        2.32500e+00   constant   
   8  beta_CBO     0.00000e+00     fixed    
   9  alpha_2CBO   0.00000e+00     fixed    
  10  beta_2CBO    0.00000e+00   1.00000e-03   1.00000e-03   2.97965e+03
  11  alpha_y      0.00000e+00     fixed    
  12  w_y          1.38860e+01   constant   
  13  beta_y       0.00000e+00   1.00000e-03   1.00000e-03  -2.58987e+02
  14  alpha_vw     0.00000e+00     fixed    
  15  w_vw         1.43404e+01   constant   
  16  beta_vw      0.00000e+00     fixed    
  17  LM           8.43198e-05   constant   
  18  zeta_y       0.00000e+00   constant   
  19  zeta_vw      0.00000e+00   constant   
  20  T_CBO        6.37815e+01   2.74690e+01   1.84425e-05   4.54287e-02
  21  alpha_A0    -1.15091e+00   3.79004e+00  -7.44553e-03  -2.92401e-03
  22  beta_A0     -1.51016e+00   3.18436e+00  -8.65856e-04   3.68191e-03
  23  alpha_phi    4.94506e+00   1.30331e+01   1.72654e-02   2.68195e-04
  24  beta_phi     1.51485e+00   3.38698e+00   1.91246e-03  -3.76997e-03
 MIGRAD MINIMIZATION HAS CONVERGED.
 MIGRAD WILL VERIFY CONVERGENCE AND ERROR MATRIX.
 FCN=76.7166 FROM HESSE     STATUS=NOT POSDEF    100 CALLS        1584 TOTAL
                     EDM=0.000120144    STRATEGY= 1      ERR MATRIX NOT POS-DEF
  EXT PARAMETER                APPROXIMATE        STEP         FIRST   
  NO.   NAME      VALUE            ERROR          SIZE      DERIVATIVE 
   1  N0           3.41711e+06   3.06701e+03   1.10610e+01  -7.49647e-07
   2  tau          6.44063e+01   constant   
   3  A0           3.59066e-01   1.18296e-03   4.91843e-06   2.76032e+00
   4  phi          4.12398e+00   3.44046e-03   1.41893e-05   2.47246e-02
   5  R           -6.04192e+01   constant   
   6  alpha_CBO    1.62948e-03   1.22862e-03   5.11195e-06  -1.59326e-01
   7  w_CBO        2.32500e+00   constant   
   8  beta_CBO     0.00000e+00     fixed    
   9  alpha_2CBO   0.00000e+00     fixed    
  10  beta_2CBO   -2.39132e-03   1.23240e-03   5.14820e-06  -2.73724e-01
  11  alpha_y      0.00000e+00     fixed    
  12  w_y          1.38860e+01   constant   
  13  beta_y       1.24592e-04   1.19564e-03   5.15499e-06  -8.06533e-01
  14  alpha_vw     0.00000e+00     fixed    
  15  w_vw         1.43404e+01   constant   
  16  beta_vw      0.00000e+00     fixed    
  17  LM           8.43198e-05   constant   
  18  zeta_y       0.00000e+00   constant   
  19  zeta_vw      0.00000e+00   constant   
  20  T_CBO        6.42391e+01   5.43040e+01   6.23731e-05   3.86119e-02
  21  alpha_A0    -8.83963e-01   5.06025e+00   9.02016e-03  -5.45904e-04
  22  beta_A0     -2.17778e+00   1.14201e+01   8.49447e-03   1.96082e-04
  23  alpha_phi    5.10565e+00   2.65105e+01   8.32989e-03  -4.67726e-04
  24  beta_phi     1.41932e+00   7.63870e+00   8.72279e-03  -6.59434e-05
 CALL LIMIT EXCEEDED IN MIGRAD.
 MIGRAD TERMINATED WITHOUT CONVERGENCE.
 FCN=76.7075 FROM MIGRAD    STATUS=CALL LIMIT   1928 CALLS        3265 TOTAL
                     EDM=6.07728e-05    STRATEGY= 1      ERR MATRIX NOT POS-DEF
  EXT PARAMETER                APPROXIMATE        STEP         FIRST   
  NO.   NAME      VALUE            ERROR          SIZE      DERIVATIVE 
   1  N0           3.41711e+06   3.04958e+03  -4.15289e-01   1.34530e-08
   2  tau          6.44063e+01   constant   
   3  A0           3.59040e-01   1.14255e-03  -1.00660e-06  -7.72974e-01
   4  phi          4.12397e+00   3.44366e-03  -1.73076e-06  -1.74252e-01
   5  R           -6.04192e+01   constant   
   6  alpha_CBO    1.62202e-03   1.22701e-03  -5.44778e-07  -4.35856e-01
   7  w_CBO        2.32500e+00   constant   
   8  beta_CBO     0.00000e+00     fixed    
   9  alpha_2CBO   0.00000e+00     fixed    
  10  beta_2CBO   -2.39152e-03   1.23597e-03   5.96926e-07  -2.34398e+00
  11  alpha_y      0.00000e+00     fixed    
  12  w_y          1.38860e+01   constant   
  13  beta_y       1.25662e-04   1.19547e-03  -1.30397e-07   1.39338e-01
  14  alpha_vw     0.00000e+00     fixed    
  15  w_vw         1.43404e+01   constant   
  16  beta_vw      0.00000e+00     fixed    
  17  LM           8.43198e-05   constant   
  18  zeta_y       0.00000e+00   constant   
  19  zeta_vw      0.00000e+00   constant   
  20  T_CBO        4.52542e+01   3.11004e+01  -9.52402e-04  -1.48944e+00
  21  alpha_A0    -1.17197e+01   7.97289e+01  -5.01333e-01  -4.78122e-04
  22  beta_A0     -2.81165e+01   1.67428e+02  -1.05786e+00   2.07282e-04
  23  alpha_phi    6.52699e+01   3.70039e+02   2.33875e+00  -6.80748e-04
  24  beta_phi     1.80572e+01   1.09476e+02   6.88024e-01   2.19073e-04
 EXTERNAL ERROR MATRIX.    NDIM=  25    NPAR= 11    ERR DEF=1
  9.300e+06 
 -1.893e-01  1.305e-06 
  1.582e+00  7.940e-08  1.186e-05 
  6.035e-03  3.205e-08  9.430e-07  1.506e-06 
  7.322e-02  6.749e-08 -1.613e-07 -1.227e-07  1.528e-06 
  7.451e-02 -9.714e-09 -5.098e-08 -3.796e-08  2.836e-08  1.429e-06 
  1.179e+04 -1.932e-03  1.687e-03  6.853e-04 -6.287e-04  2.337e-05  9.745e+02 
  3.408e+04 -4.738e-03  7.108e-03  2.468e-03 -1.131e-03  2.819e-05  2.481e+03  6.357e+03 
  6.171e+04 -9.347e-03  9.881e-03  3.992e-03 -4.777e-04  1.146e-04  5.221e+03  1.330e+04  2.803e+04 
 -1.434e+05  2.001e-02 -2.791e-02 -1.002e-02  3.042e-03 -2.425e-04 -1.154e+04 -2.946e+04 -6.191e+04  1.369e+05 
 -4.751e+04  6.371e-03 -1.146e-02 -3.301e-03  1.814e-03 -7.286e-05 -3.405e+03 -8.721e+03 -1.823e+04  4.042e+04  1.199e+04 
ERR MATRIX NOT POS-DEF
 PARAMETER  CORRELATION COEFFICIENTS  
       NO.  GLOBAL      1      3      4      6     10     13     20     21     22     23     24
        1  0.33106   1.000 -0.054  0.151  0.002  0.019  0.020  0.124  0.140  0.121 -0.127 -0.142
        3  0.33662  -0.054  1.000  0.020  0.023  0.048 -0.007 -0.054 -0.052 -0.049  0.047  0.051
        4  0.32898   0.151  0.020  1.000  0.223 -0.038 -0.012  0.016  0.026  0.017 -0.022 -0.030
        6  0.27500   0.002  0.023  0.223  1.000 -0.081 -0.026  0.018  0.025  0.019 -0.022 -0.025
       10  0.39204   0.019  0.048 -0.038 -0.081  1.000  0.019 -0.016 -0.011 -0.002  0.007  0.013
       13  0.03999   0.020 -0.007 -0.012 -0.026  0.019  1.000  0.001  0.000  0.001 -0.001 -0.001
       20  0.99960   0.124 -0.054  0.016  0.018 -0.016  0.001  1.000  0.997  0.999 -0.999 -0.996
       21  0.99953   0.140 -0.052  0.026  0.025 -0.011  0.000  0.997  1.000  0.997 -0.999 -0.999
       22  0.99980   0.121 -0.049  0.017  0.019 -0.002  0.001  0.999  0.997  1.000 -0.999 -0.995
       23  0.99994  -0.127  0.047 -0.022 -0.022  0.007 -0.001 -0.999 -0.999 -0.999  1.000  0.998
       24  0.99964  -0.142  0.051 -0.030 -0.025  0.013 -0.001 -0.996 -0.999 -0.995  0.998  1.000
 ERR MATRIX NOT POS-DEF
MINUIT - FIT ONLY 2-CBO
 **********
 **   25 **RES 
 **********
                   PARAMETER   16  beta_vw RESTORED TO VARIABLE.
                   PARAMETER   14  alpha_vw RESTORED TO VARIABLE.
                   PARAMETER   11  alpha_y RESTORED TO VARIABLE.
                   PARAMETER    9  alpha_2CBO RESTORED TO VARIABLE.
                   PARAMETER    8  beta_CBO RESTORED TO VARIABLE.
 **********
 **   26 **FIX            0
 **********
 PARAMETER    0  IS UNDEFINED. IGNORED.
 **********
 **   27 **FIX            1
 **********
 **********
 **   28 **FIX            2
 **********
 PARAMETER    2  IS CONSTANT.   IGNORED.
 **********
 **   29 **FIX            3
 **********
 **********
 **   30 **FIX            4
 **********
 **********
 **   31 **FIX            5
 **********
 PARAMETER    5  IS CONSTANT.   IGNORED.
 **********
 **   32 **FIX            6
 **********
 **********
 **   33 **FIX            7
 **********
 PARAMETER    7  IS CONSTANT.   IGNORED.
 **********
 **   34 **FIX           10
 **********
 **********
 **   35 **FIX           11
 **********
 **********
 **   36 **FIX           12
 **********
 PARAMETER   12  IS CONSTANT.   IGNORED.
 **********
 **   37 **FIX           13
 **********
 **********
 **   38 **FIX           14
 **********
 **********
 **   39 **FIX           15
 **********
 PARAMETER   15  IS CONSTANT.   IGNORED.
 **********
 **   40 **FIX           16
 **********
 **********
 **   41 **MIGRAD
 **********
 START MIGRAD MINIMIZATION.  STRATEGY  1.  CONVERGENCE WHEN EDM .LT. 1.00e-04
 FCN=76.7075 FROM MIGRAD    STATUS=INITIATE       18 CALLS        3283 TOTAL
                     EDM= unknown      STRATEGY= 1      NO ERROR MATRIX       
  EXT PARAMETER               CURRENT GUESS       STEP         FIRST   
  NO.   NAME      VALUE            ERROR          SIZE      DERIVATIVE 
   1  N0           3.41711e+06     fixed    
   2  tau          6.44063e+01   constant   
   3  A0           3.59040e-01     fixed    
   4  phi          4.12397e+00     fixed    
   5  R           -6.04192e+01   constant   
   6  alpha_CBO    1.62202e-03     fixed    
   7  w_CBO        2.32500e+00   constant   
   8  beta_CBO     0.00000e+00   1.00000e-03   1.00000e-03   1.33521e+03
   9  alpha_2CBO   0.00000e+00   1.00000e-03   1.00000e-03  -3.56000e+03
  10  beta_2CBO   -2.39152e-03     fixed    
  11  alpha_y      0.00000e+00     fixed    
  12  w_y          1.38860e+01   constant   
  13  beta_y       1.25662e-04     fixed    
  14  alpha_vw     0.00000e+00     fixed    
  15  w_vw         1.43404e+01   constant   
  16  beta_vw      0.00000e+00     fixed    
  17  LM           8.43198e-05   constant   
  18  zeta_y       0.00000e+00   constant   
  19  zeta_vw      0.00000e+00   constant   
  20  T_CBO        4.52542e+01   3.11004e+01  -9.52402e-04  -1.48945e+00
  21  alpha_A0    -1.17197e+01   7.97289e+01  -5.01333e-01  -4.78122e-04
  22  beta_A0     -2.81165e+01   1.67428e+02  -1.05786e+00   2.07282e-04
  23  alpha_phi    6.52699e+01   3.70039e+02   2.33875e+00  -6.80748e-04
  24  beta_phi     1.80572e+01   1.09476e+02   6.88024e-01   2.19073e-04
 MIGRAD MINIMIZATION HAS CONVERGED.
 MIGRAD WILL VERIFY CONVERGENCE AND ERROR MATRIX.
 FCN=71.5695 FROM MIGRAD    STATUS=CONVERGED     144 CALLS        3409 TOTAL
                     EDM=1.85084e-05    STRATEGY= 1      ERR MATRIX NOT POS-DEF
  EXT PARAMETER                APPROXIMATE        STEP         FIRST   
  NO.   NAME      VALUE            ERROR          SIZE      DERIVATIVE 
   1  N0           3.41711e+06     fixed    
   2  tau          6.44063e+01   constant   
   3  A0           3.59040e-01     fixed    
   4  phi          4.12397e+00     fixed    
   5  R           -6.04192e+01   constant   
   6  alpha_CBO    1.62202e-03     fixed    
   7  w_CBO        2.32500e+00   constant   
   8  beta_CBO    -8.83852e-04   1.19496e-03   4.93310e-06   2.47593e-01
   9  alpha_2CBO   2.55405e-03   1.20092e-03   4.89920e-06   1.10916e-01
  10  beta_2CBO   -2.39152e-03     fixed    
  11  alpha_y      0.00000e+00     fixed    
  12  w_y          1.38860e+01   constant   
  13  beta_y       1.25662e-04     fixed    
  14  alpha_vw     0.00000e+00     fixed    
  15  w_vw         1.43404e+01   constant   
  16  beta_vw      0.00000e+00     fixed    
  17  LM           8.43198e-05   constant   
  18  zeta_y       0.00000e+00   constant   
  19  zeta_vw      0.00000e+00   constant   
  20  T_CBO        4.53236e+01   2.68516e+01   3.41744e-05  -2.33998e-02
  21  alpha_A0    -2.63860e+00   3.00762e+01   1.10124e-01   1.28608e-06
  22  beta_A0     -2.77741e+01   1.43820e+02   1.03556e-01  -8.57410e-06
  23  alpha_phi    6.58405e+01   3.37375e+02   1.01762e-01   2.84414e-06
  24  beta_phi     2.61635e+01   1.36345e+02   1.06951e-01   6.63718e-06
 EXTERNAL ERROR MATRIX.    NDIM=  25    NPAR=  7    ERR DEF=1
  1.428e-06  4.150e-08  1.438e-04 -2.057e-04  4.574e-03 -1.317e-03 -2.122e-03 
  4.150e-08  1.442e-06  7.261e-05  4.791e-03  1.828e-03 -5.896e-05  3.791e-03 
  1.438e-04  7.261e-05  7.251e+02  3.594e+02  3.813e+03 -9.060e+03 -3.604e+03 
 -2.057e-04  4.791e-03  3.594e+02  9.046e+02  1.952e+03 -4.427e+03 -1.802e+03 
  4.574e-03  1.828e-03  3.813e+03  1.952e+03  2.068e+04 -4.766e+04 -1.896e+04 
 -1.317e-03 -5.896e-05 -9.060e+03 -4.427e+03 -4.766e+04  1.138e+05  4.502e+04 
 -2.122e-03  3.791e-03 -3.604e+03 -1.802e+03 -1.896e+04  4.502e+04  1.859e+04 
ERR MATRIX NOT POS-DEF
 PARAMETER  CORRELATION COEFFICIENTS  
       NO.  GLOBAL      8      9     20     21     22     23     24
        8  0.14108   1.000  0.029  0.004 -0.006  0.027 -0.003 -0.013
        9  0.20709   0.029  1.000  0.002  0.133  0.011 -0.000  0.023
       20  0.99799   0.004  0.002  1.000  0.444  0.985 -0.997 -0.982
       21  0.47845  -0.006  0.133  0.444  1.000  0.451 -0.436 -0.439
       22  0.98498   0.027  0.011  0.985  0.451  1.000 -0.982 -0.967
       23  0.99738  -0.003 -0.000 -0.997 -0.436 -0.982  1.000  0.979
       24  0.98215  -0.013  0.023 -0.982 -0.439 -0.967  0.979  1.000
 ERR MATRIX NOT POS-DEF
MINUIT - FIT wiggle + 1-CBO + 2-CBO
 **********
 **   42 **RES 
 **********
                   PARAMETER   16  beta_vw RESTORED TO VARIABLE.
                   PARAMETER   14  alpha_vw RESTORED TO VARIABLE.
                   PARAMETER   13  beta_y RESTORED TO VARIABLE.
                   PARAMETER   11  alpha_y RESTORED TO VARIABLE.
                   PARAMETER   10  beta_2CBO RESTORED TO VARIABLE.
                   PARAMETER    6  alpha_CBO RESTORED TO VARIABLE.
                   PARAMETER    4  phi RESTORED TO VARIABLE.
                   PARAMETER    3  A0 RESTORED TO VARIABLE.
                   PARAMETER    1  N0 RESTORED TO VARIABLE.
 **********
 **   43 **FIX           10
 **********
 **********
 **   44 **FIX           11
 **********
 **********
 **   45 **FIX           12
 **********
 PARAMETER   12  IS CONSTANT.   IGNORED.
 **********
 **   46 **FIX           13
 **********
 **********
 **   47 **FIX           14
 **********
 **********
 **   48 **FIX           15
 **********
 PARAMETER   15  IS CONSTANT.   IGNORED.
 **********
 **   49 **FIX           16
 **********
 **********
 **   50 **MIGRAD
 **********
 START MIGRAD MINIMIZATION.  STRATEGY  1.  CONVERGENCE WHEN EDM .LT. 1.00e-04
 FCN=71.5695 FROM MIGRAD    STATUS=INITIATE       22 CALLS        3431 TOTAL
                     EDM= unknown      STRATEGY= 1      NO ERROR MATRIX       
  EXT PARAMETER               CURRENT GUESS       STEP         FIRST   
  NO.   NAME      VALUE            ERROR          SIZE      DERIVATIVE 
   1  N0           3.41711e+06   3.04958e+03   3.04958e+03  -5.14602e-05
   2  tau          6.44063e+01   constant   
   3  A0           3.59040e-01   1.14255e-03   1.14255e-03  -1.84819e+02
   4  phi          4.12397e+00   3.44366e-03   3.44366e-03   5.87431e+01
   5  R           -6.04192e+01   constant   
   6  alpha_CBO    1.62202e-03   1.22701e-03   1.22701e-03   5.25834e+01
   7  w_CBO        2.32500e+00   constant   
   8  beta_CBO    -8.83852e-04   1.19496e-03   4.93310e-06   2.47593e-01
   9  alpha_2CBO   2.55405e-03   1.20092e-03   4.89920e-06   1.10916e-01
  10  beta_2CBO   -2.39152e-03     fixed    
  11  alpha_y      0.00000e+00     fixed    
  12  w_y          1.38860e+01   constant   
  13  beta_y       1.25662e-04     fixed    
  14  alpha_vw     0.00000e+00     fixed    
  15  w_vw         1.43404e+01   constant   
  16  beta_vw      0.00000e+00     fixed    
  17  LM           8.43198e-05   constant   
  18  zeta_y       0.00000e+00   constant   
  19  zeta_vw      0.00000e+00   constant   
  20  T_CBO        4.53236e+01   2.68516e+01   3.41744e-05  -2.28601e-02
  21  alpha_A0    -2.63860e+00   3.00762e+01   1.10124e-01   1.28498e-06
  22  beta_A0     -2.77741e+01   1.43820e+02   1.03556e-01  -8.57577e-06
  23  alpha_phi    6.58405e+01   3.37375e+02   1.01762e-01   2.84413e-06
  24  beta_phi     2.61635e+01   1.36345e+02   1.06951e-01   6.63717e-06
 MIGRAD MINIMIZATION HAS CONVERGED.
 MIGRAD WILL VERIFY CONVERGENCE AND ERROR MATRIX.
 FCN=71.5427 FROM MIGRAD    STATUS=CONVERGED     218 CALLS        3627 TOTAL
                     EDM=8.73622e-05    STRATEGY= 1      ERR MATRIX NOT POS-DEF
  EXT PARAMETER                APPROXIMATE        STEP         FIRST   
  NO.   NAME      VALUE            ERROR          SIZE      DERIVATIVE 
   1  N0           3.41728e+06   3.07197e+03   1.06869e+01   4.41251e-07
   2  tau          6.44063e+01   constant   
   3  A0           3.59161e-01   1.21582e-03   4.75034e-06  -1.24920e+00
   4  phi          4.12365e+00   3.44873e-03   1.37084e-05  -2.10889e-01
   5  R           -6.04192e+01   constant   
   6  alpha_CBO    1.55835e-03   1.22478e-03   4.93885e-06   2.70781e-01
   7  w_CBO        2.32500e+00   constant   
   8  beta_CBO    -9.17849e-04   1.23268e-03   4.93185e-06  -1.00804e+00
   9  alpha_2CBO   2.55689e-03   1.20386e-03   4.89796e-06   8.25084e-01
  10  beta_2CBO   -2.39152e-03     fixed    
  11  alpha_y      0.00000e+00     fixed    
  12  w_y          1.38860e+01   constant   
  13  beta_y       1.25662e-04     fixed    
  14  alpha_vw     0.00000e+00     fixed    
  15  w_vw         1.43404e+01   constant   
  16  beta_vw      0.00000e+00     fixed    
  17  LM           8.43198e-05   constant   
  18  zeta_y       0.00000e+00   constant   
  19  zeta_vw      0.00000e+00   constant   
  20  T_CBO        4.53280e+01   2.65433e+01   3.41037e-05  -1.30871e-01
  21  alpha_A0    -2.60857e+00   3.09104e+01   1.09971e-01  -2.56324e-05
  22  beta_A0     -2.81109e+01   1.43748e+02   1.03401e-01   2.05933e-05
  23  alpha_phi    6.56742e+01   3.32833e+02   1.01594e-01   4.78203e-06
  24  beta_phi     2.63341e+01   1.35658e+02   1.06779e-01  -2.16347e-05
 EXTERNAL ERROR MATRIX.    NDIM=  25    NPAR= 11    ERR DEF=1
  9.437e+06 
 -3.258e-01  1.478e-06 
  1.379e+00  1.993e-07  1.189e-05 
 -5.352e-02  5.640e-08  9.380e-07  1.500e-06 
 -2.303e-01 -3.423e-07 -1.825e-07  3.025e-08  1.520e-06 
 -1.566e-03 -5.932e-08 -2.473e-07 -2.391e-08  5.747e-08  1.449e-06 
 -7.544e+02  1.491e-03  2.000e-04  3.500e-04 -1.811e-04  2.358e-05  7.084e+02 
  2.147e+04 -3.817e-03  2.121e-03  2.285e-03  9.556e-05  4.919e-03  3.429e+02  9.555e+02 
 -4.531e+03  3.327e-03 -8.690e-04  1.224e-03  3.966e-03  1.783e-03  3.766e+03  1.894e+03  2.066e+04 
  1.405e+04 -2.454e-02 -1.078e-02 -7.137e-03  4.004e-03  9.534e-04 -8.833e+03 -4.188e+03 -4.695e+04  1.108e+05 
 -1.638e+04 -3.759e-03 -1.388e-02 -1.816e-03 -6.291e-04  4.121e-03 -3.538e+03 -1.781e+03 -1.882e+04  4.409e+04  1.840e+04 
ERR MATRIX NOT POS-DEF
 PARAMETER  CORRELATION COEFFICIENTS  
       NO.  GLOBAL      1      3      4      6      8      9     20     21     22     23     24
        1  0.36488   1.000 -0.087  0.130 -0.014 -0.061 -0.000 -0.009  0.226 -0.010  0.014 -0.039
        3  0.34892  -0.087  1.000  0.048  0.038 -0.228 -0.041  0.046 -0.102  0.019 -0.061 -0.023
        4  0.30168   0.130  0.048  1.000  0.222 -0.043 -0.060  0.002  0.020 -0.002 -0.009 -0.030
        6  0.25399  -0.014  0.038  0.222  1.000  0.020 -0.016  0.011  0.060  0.007 -0.018 -0.011
        8  0.28120  -0.061 -0.228 -0.043  0.020  1.000  0.039 -0.006  0.003  0.022  0.010 -0.004
        9  0.21834  -0.000 -0.041 -0.060 -0.016  0.039  1.000  0.001  0.132  0.010  0.002  0.025
       20  0.99795  -0.009  0.046  0.002  0.011 -0.006  0.001  1.000  0.417  0.984 -0.997 -0.980
       21  0.52095   0.226 -0.102  0.020  0.060  0.003  0.132  0.417  1.000  0.426 -0.407 -0.425
       22  0.98499  -0.010  0.019 -0.002  0.007  0.022  0.010  0.984  0.426  1.000 -0.981 -0.965
       23  0.99731   0.014 -0.061 -0.009 -0.018  0.010  0.002 -0.997 -0.407 -0.981  1.000  0.976
       24  0.98201  -0.039 -0.023 -0.030 -0.011 -0.004  0.025 -0.980 -0.425 -0.965  0.976  1.000
 ERR MATRIX NOT POS-DEF
MINUIT - FIT ONLY 1-y
 **********
 **   51 **RES 
 **********
                   PARAMETER   16  beta_vw RESTORED TO VARIABLE.
                   PARAMETER   14  alpha_vw RESTORED TO VARIABLE.
                   PARAMETER   13  beta_y RESTORED TO VARIABLE.
                   PARAMETER   11  alpha_y RESTORED TO VARIABLE.
                   PARAMETER   10  beta_2CBO RESTORED TO VARIABLE.
 **********
 **   52 **FIX            0
 **********
 PARAMETER    0  IS UNDEFINED. IGNORED.
 **********
 **   53 **FIX            1
 **********
 **********
 **   54 **FIX            2
 **********
 PARAMETER    2  IS CONSTANT.   IGNORED.
 **********
 **   55 **FIX            3
 **********
 **********
 **   56 **FIX            4
 **********
 **********
 **   57 **FIX            5
 **********
 PARAMETER    5  IS CONSTANT.   IGNORED.
 **********
 **   58 **FIX            6
 **********
 **********
 **   59 **FIX            7
 **********
 PARAMETER    7  IS CONSTANT.   IGNORED.
 **********
 **   60 **FIX            8
 **********
 **********
 **   61 **FIX            9
 **********
 **********
 **   62 **FIX           13
 **********
 **********
 **   63 **FIX           14
 **********
 **********
 **   64 **FIX           15
 **********
 PARAMETER   15  IS CONSTANT.   IGNORED.
 **********
 **   65 **FIX           16
 **********
 **********
 **   66 **MIGRAD
 **********
 START MIGRAD MINIMIZATION.  STRATEGY  1.  CONVERGENCE WHEN EDM .LT. 1.00e-04
 FCN=71.5427 FROM MIGRAD    STATUS=INITIATE       16 CALLS        3643 TOTAL
                     EDM= unknown      STRATEGY= 1      NO ERROR MATRIX       
  EXT PARAMETER               CURRENT GUESS       STEP         FIRST   
  NO.   NAME      VALUE            ERROR          SIZE      DERIVATIVE 
   1  N0           3.41728e+06     fixed    
   2  tau          6.44063e+01   constant   
   3  A0           3.59161e-01     fixed    
   4  phi          4.12365e+00     fixed    
   5  R           -6.04192e+01   constant   
   6  alpha_CBO    1.55835e-03     fixed    
   7  w_CBO        2.32500e+00   constant   
   8  beta_CBO    -9.17849e-04     fixed    
   9  alpha_2CBO   2.55689e-03     fixed    
  10  beta_2CBO   -2.39152e-03   1.23597e-03   1.23597e-03  -9.30994e+01
  11  alpha_y      0.00000e+00   1.00000e-03   1.00000e-03   2.59470e+02
  12  w_y          1.38860e+01   constant   
  13  beta_y       1.25662e-04     fixed    
  14  alpha_vw     0.00000e+00     fixed    
  15  w_vw         1.43404e+01   constant   
  16  beta_vw      0.00000e+00     fixed    
  17  LM           8.43198e-05   constant   
  18  zeta_y       0.00000e+00   constant   
  19  zeta_vw      0.00000e+00   constant   
  20  T_CBO        4.53280e+01   2.65433e+01   3.41037e-05  -1.30332e-01
  21  alpha_A0    -2.60857e+00   3.09104e+01   1.09971e-01  -2.56326e-05
  22  beta_A0     -2.81109e+01   1.43748e+02   1.03401e-01   2.05926e-05
  23  alpha_phi    6.56742e+01   3.32833e+02   1.01594e-01   4.78204e-06
  24  beta_phi     2.63341e+01   1.35658e+02   1.06779e-01  -2.16347e-05
 MIGRAD MINIMIZATION HAS CONVERGED.
 MIGRAD WILL VERIFY CONVERGENCE AND ERROR MATRIX.
 FCN=71.5161 FROM MIGRAD    STATUS=CONVERGED     113 CALLS        3740 TOTAL
                     EDM=6.9125e-05    STRATEGY= 1      ERR MATRIX NOT POS-DEF
  EXT PARAMETER                APPROXIMATE        STEP         FIRST   
  NO.   NAME      VALUE            ERROR          SIZE      DERIVATIVE 
   1  N0           3.41728e+06     fixed    
   2  tau          6.44063e+01   constant   
   3  A0           3.59161e-01     fixed    
   4  phi          4.12365e+00     fixed    
   5  R           -6.04192e+01   constant   
   6  alpha_CBO    1.55835e-03     fixed    
   7  w_CBO        2.32500e+00   constant   
   8  beta_CBO    -9.17849e-04     fixed    
   9  alpha_2CBO   2.55689e-03     fixed    
  10  beta_2CBO   -2.32146e-03   1.22564e-03   4.97269e-06  -3.14517e-01
  11  alpha_y     -1.79643e-04   1.17340e-03   4.88952e-06  -1.30454e-01
  12  w_y          1.38860e+01   constant   
  13  beta_y       1.25662e-04     fixed    
  14  alpha_vw     0.00000e+00     fixed    
  15  w_vw         1.43404e+01   constant   
  16  beta_vw      0.00000e+00     fixed    
  17  LM           8.43198e-05   constant   
  18  zeta_y       0.00000e+00   constant   
  19  zeta_vw      0.00000e+00   constant   
  20  T_CBO        4.53186e+01   2.65556e+01   3.42484e-05  -3.66230e-02
  21  alpha_A0    -2.68474e+00   2.98804e+01   1.10183e-01  -1.93512e-05
  22  beta_A0     -2.79819e+01   1.43324e+02   1.03601e-01   8.06497e-06
  23  alpha_phi    6.55291e+01   3.32084e+02   1.01791e-01   2.43876e-05
  24  beta_phi     2.63722e+01   1.35909e+02   1.06985e-01  -1.18835e-06
 EXTERNAL ERROR MATRIX.    NDIM=  25    NPAR=  7    ERR DEF=1
  1.502e-06 -5.419e-10 -4.179e-04 -5.592e-04  3.225e-03  4.443e-04  2.625e-03 
 -5.419e-10  1.377e-06  8.194e-05  4.766e-04  9.807e-04 -6.744e-04 -1.033e-04 
 -4.179e-04  8.194e-05  7.091e+02  3.582e+02  3.756e+03 -8.818e+03 -3.554e+03 
 -5.592e-04  4.766e-04  3.582e+02  8.928e+02  1.954e+03 -4.391e+03 -1.824e+03 
  3.225e-03  9.807e-04  3.756e+03  1.954e+03  2.054e+04 -4.675e+04 -1.883e+04 
  4.443e-04 -6.744e-04 -8.818e+03 -4.391e+03 -4.675e+04  1.103e+05  4.417e+04 
  2.625e-03 -1.033e-04 -3.554e+03 -1.824e+03 -1.883e+04  4.417e+04  1.847e+04 
ERR MATRIX NOT POS-DEF
 PARAMETER  CORRELATION COEFFICIENTS  
       NO.  GLOBAL     10     11     20     21     22     23     24
       10  0.22958   1.000 -0.000 -0.013 -0.015  0.018  0.001  0.016
       11  0.02762  -0.000  1.000  0.003  0.014  0.006 -0.002 -0.001
       20  0.99794  -0.013  0.003  1.000  0.450  0.984 -0.997 -0.982
       21  0.46647  -0.015  0.014  0.450  1.000  0.456 -0.443 -0.449
       22  0.98485   0.018  0.006  0.984  0.456  1.000 -0.982 -0.967
       23  0.99729   0.001 -0.002 -0.997 -0.443 -0.982  1.000  0.979
       24  0.98201   0.016 -0.001 -0.982 -0.449 -0.967  0.979  1.000
 ERR MATRIX NOT POS-DEF
MINUIT - FIT ONLY 2-y
 **********
 **   67 **RES 
 **********
                   PARAMETER   16  beta_vw RESTORED TO VARIABLE.
                   PARAMETER   14  alpha_vw RESTORED TO VARIABLE.
                   PARAMETER   13  beta_y RESTORED TO VARIABLE.
                   PARAMETER    9  alpha_2CBO RESTORED TO VARIABLE.
                   PARAMETER    8  beta_CBO RESTORED TO VARIABLE.
                   PARAMETER    6  alpha_CBO RESTORED TO VARIABLE.
                   PARAMETER    4  phi RESTORED TO VARIABLE.
                   PARAMETER    3  A0 RESTORED TO VARIABLE.
                   PARAMETER    1  N0 RESTORED TO VARIABLE.
 **********
 **   68 **FIX            0
 **********
 PARAMETER    0  IS UNDEFINED. IGNORED.
 **********
 **   69 **FIX            1
 **********
 **********
 **   70 **FIX            2
 **********
 PARAMETER    2  IS CONSTANT.   IGNORED.
 **********
 **   71 **FIX            3
 **********
 **********
 **   72 **FIX            4
 **********
 **********
 **   73 **FIX            5
 **********
 PARAMETER    5  IS CONSTANT.   IGNORED.
 **********
 **   74 **FIX            6
 **********
 **********
 **   75 **FIX            7
 **********
 PARAMETER    7  IS CONSTANT.   IGNORED.
 **********
 **   76 **FIX            8
 **********
 **********
 **   77 **FIX            9
 **********
 **********
 **   78 **FIX           10
 **********
 **********
 **   79 **FIX           11
 **********
 **********
 **   80 **FIX           12
 **********
 PARAMETER   12  IS CONSTANT.   IGNORED.
 **********
 **   81 **FIX           16
 **********
 **********
 **   82 **MIGRAD
 **********
 START MIGRAD MINIMIZATION.  STRATEGY  1.  CONVERGENCE WHEN EDM .LT. 1.00e-04
 FCN=71.5161 FROM MIGRAD    STATUS=INITIATE       16 CALLS        3756 TOTAL
                     EDM= unknown      STRATEGY= 1      NO ERROR MATRIX       
  EXT PARAMETER               CURRENT GUESS       STEP         FIRST   
  NO.   NAME      VALUE            ERROR          SIZE      DERIVATIVE 
   1  N0           3.41728e+06     fixed    
   2  tau          6.44063e+01   constant   
   3  A0           3.59161e-01     fixed    
   4  phi          4.12365e+00     fixed    
   5  R           -6.04192e+01   constant   
   6  alpha_CBO    1.55835e-03     fixed    
   7  w_CBO        2.32500e+00   constant   
   8  beta_CBO    -9.17849e-04     fixed    
   9  alpha_2CBO   2.55689e-03     fixed    
  10  beta_2CBO   -2.32146e-03     fixed    
  11  alpha_y     -1.79643e-04     fixed    
  12  w_y          1.38860e+01   constant   
  13  beta_y       1.25662e-04   1.19547e-03   1.19547e-03  -2.93499e+01
