 + ++++++++++++++++++++++++++++++++++++++++++++++++++++++++++++++++++++ +
 +                                                                      +
 +           You have chose to blind your fitting according to          +
 +                omega_ref * (1 + (R +/- deltaR) *10^{-6})             +
 +                                                                      +
 + ++++++++++++++++++++++++++++++++++++++++++++++++++++++++++++++++++++ +
In main()...
reading format from /gm2data/zkhechad/run45/envelope/formats/formatB_sBin_constraintOn.txt
pBinTau 	= 0  
pBinPhi 	= 0  
constraintau 	= 1 
includeMopTerm 	= 0    
constrainMop    = 0   
Parameters after format file: pBinTau 0 pBinPhi 0 constraintau 1 includeMopTerm 0 constrainMop 0 c_e_scale 0.000000 
Opening file /gm2data/tbarrett/gm2fr/studies/run23_bunch_corrections/CorrectedFourier_Run3b.root.
reading full fit data from /gm2data/zkhechad/cboTemplates/Run4CBOTemplates/fullFits/noRF/sBin_constraintOn_cE0.0_seed0_noRF_calo1.root
windowBins = 69
fitting sliding window 2100 from bin 2236 at 333.462000 to bin 2305 at 343.906000 (69 bins)

Reading data from /gm2data/cornell/histograms/aMethod/histogram_a_noRF.root
 **********
 **    1 **SET PRINTOUT            1
 **********
 **********
 **    2 **SET NOWARNINGS 
 **********
 PARAMETER DEFINITIONS:
    NO.   NAME         VALUE      STEP SIZE      LIMITS
     1 N0           3.52378e+06  1.00000e+02     no limits
     2 tau          6.43930e+01  constant
     3 A0           3.54691e-01  1.00000e-04     no limits
     4 phi          4.12302e+00  1.00000e-02     no limits
     5 R           -6.08522e+01  constant
     6 alpha_CBO    0.00000e+00  1.00000e-03     no limits
     7 w_CBO        2.32500e+00  constant
     8 beta_CBO     0.00000e+00  1.00000e-03     no limits
     9 alpha_2CBO   0.00000e+00  1.00000e-03     no limits
    10 beta_2CBO    0.00000e+00  1.00000e-03     no limits
    11 alpha_y      0.00000e+00  1.00000e-03     no limits
    12 w_y          1.38860e+01  constant
    13 beta_y       0.00000e+00  1.00000e-03     no limits
    14 alpha_vw     0.00000e+00  1.00000e-03     no limits
    15 w_vw         1.43404e+01  constant
    16 beta_vw      0.00000e+00  1.00000e-03     no limits
    17 LM          -3.26196e-04  constant
    18 zeta_y       0.00000e+00  constant
    19 zeta_vw      0.00000e+00  constant
    20 T_CBO        1.00000e+02  1.00000e+00    0.00000e+00  1.00000e+03
    21 alpha_A0     0.00000e+00  1.00000e-04   -1.00000e-02  1.00000e-02
    22 beta_A0      0.00000e+00  1.00000e-04   -1.00000e-02  1.00000e-02
    23 alpha_phi    0.00000e+00  1.00000e-04   -1.00000e-02  1.00000e-02
    24 beta_phi     0.00000e+00  1.00000e-04   -1.00000e-02  1.00000e-02
MINUIT - FIT ONLY WIGGLE
 **********
 **    3 **FIX            5
 **********
 PARAMETER    5  IS CONSTANT.   IGNORED.
 **********
 **    4 **FIX            6
 **********
 **********
 **    5 **FIX            7
 **********
 PARAMETER    7  IS CONSTANT.   IGNORED.
 **********
 **    6 **FIX            8
 **********
 **********
 **    7 **FIX            9
 **********
 **********
 **    8 **FIX           10
 **********
 **********
 **    9 **FIX           11
 **********
 **********
 **   10 **FIX           12
 **********
 PARAMETER   12  IS CONSTANT.   IGNORED.
 **********
 **   11 **FIX           13
 **********
 **********
 **   12 **FIX           14
 **********
 **********
 **   13 **FIX           15
 **********
 PARAMETER   15  IS CONSTANT.   IGNORED.
 **********
 **   14 **FIX           16
 **********
 **********
 **   15 **MIGRAD
 **********
 FIRST CALL TO USER FUNCTION AT NEW START POINT, WITH IFLAG=4.
 START MIGRAD MINIMIZATION.  STRATEGY  1.  CONVERGENCE WHEN EDM .LT. 1.00e-04
 FCN=87.6573 FROM MIGRAD    STATUS=INITIATE      437 CALLS         438 TOTAL
                     EDM= unknown      STRATEGY= 1      NO ERROR MATRIX       
  EXT PARAMETER               CURRENT GUESS       STEP         FIRST   
  NO.   NAME      VALUE            ERROR          SIZE      DERIVATIVE 
   1  N0           3.52378e+06   1.00000e+02   0.00000e+00   1.65429e-03
   2  tau          6.43930e+01   constant   
   3  A0           3.54691e-01   1.00000e-04   0.00000e+00   3.26129e+03
   4  phi          4.12302e+00   1.00000e-02   0.00000e+00  -8.89893e+02
   5  R           -6.08522e+01   constant   
   6  alpha_CBO    0.00000e+00     fixed    
   7  w_CBO        2.32500e+00   constant   
   8  beta_CBO     0.00000e+00     fixed    
   9  alpha_2CBO   0.00000e+00     fixed    
  10  beta_2CBO    0.00000e+00     fixed    
  11  alpha_y      0.00000e+00     fixed    
  12  w_y          1.38860e+01   constant   
  13  beta_y       0.00000e+00     fixed    
  14  alpha_vw     0.00000e+00     fixed    
  15  w_vw         1.43404e+01   constant   
  16  beta_vw      0.00000e+00     fixed    
  17  LM          -3.26196e-04   constant   
  18  zeta_y       0.00000e+00   constant   
  19  zeta_vw      0.00000e+00   constant   
  20  T_CBO        1.00000e+02   1.00000e+00   0.00000e+00   0.00000e+00
  21  alpha_A0     0.00000e+00   1.00000e-04   0.00000e+00  -2.57448e-01
  22  beta_A0      0.00000e+00   1.00000e-04   0.00000e+00   2.60462e-02
  23  alpha_phi    0.00000e+00   1.00000e-04   0.00000e+00   1.94301e-01
  24  beta_phi     0.00000e+00   1.00000e-04   0.00000e+00   7.13970e-02
 MIGRAD MINIMIZATION HAS CONVERGED.
 FCN=80.7761 FROM MIGRAD    STATUS=CONVERGED    1143 CALLS        1144 TOTAL
                     EDM=6.77799e-06    STRATEGY= 1  ERROR MATRIX UNCERTAINTY   2.4 per cent
  EXT PARAMETER                                   STEP         FIRST   
  NO.   NAME      VALUE            ERROR          SIZE      DERIVATIVE 
   1  N0           3.52068e+06   2.01464e+03   9.78488e-01  -1.08310e-06
   2  tau          6.43930e+01   constant   
   3  A0           3.53841e-01   7.69851e-04  -5.01503e-07   7.29600e-01
   4  phi          4.12459e+00   2.22302e-03   2.43831e-07  -3.62063e-01
   5  R           -6.08522e+01   constant   
   6  alpha_CBO    0.00000e+00     fixed    
   7  w_CBO        2.32500e+00   constant   
   8  beta_CBO     0.00000e+00     fixed    
   9  alpha_2CBO   0.00000e+00     fixed    
  10  beta_2CBO    0.00000e+00     fixed    
  11  alpha_y      0.00000e+00     fixed    
  12  w_y          1.38860e+01   constant   
  13  beta_y       0.00000e+00     fixed    
  14  alpha_vw     0.00000e+00     fixed    
  15  w_vw         1.43404e+01   constant   
  16  beta_vw      0.00000e+00     fixed    
  17  LM          -3.26196e-04   constant   
  18  zeta_y       0.00000e+00   constant   
  19  zeta_vw      0.00000e+00   constant   
  20  T_CBO        9.99314e+02   5.57236e+02   6.93063e-02  -2.03775e-04
  21  alpha_A0     5.64809e-03   4.48817e-03  -1.41826e-03  -6.11802e-03
  22  beta_A0      3.91898e-04   4.92563e-03  -2.98060e-05  -3.17196e-03
  23  alpha_phi   -2.79078e-03   4.67736e-03  -2.27285e-04  -6.07532e-03
  24  beta_phi    -1.36138e-03   4.39408e-03  -4.47450e-04  -3.59393e-03
 EXTERNAL ERROR MATRIX.    NDIM=  25    NPAR=  8    ERR DEF=1
  4.059e+06 -2.229e-01  3.236e-01 -1.860e+04 -1.892e+00 -2.435e+00  2.017e+00 -1.223e+00 
 -2.229e-01  5.927e-07  4.170e-08 -3.855e-03  9.379e-08  6.983e-07 -7.978e-07  4.057e-08 
  3.236e-01  4.170e-08  4.942e-06 -1.522e-02 -5.936e-07  4.801e-07  3.704e-08 -1.456e-06 
 -1.860e+04 -3.855e-03 -1.522e-02  4.075e+05 -1.651e+00 -1.095e-01 -8.413e-01 -3.913e-01 
 -1.892e+00  9.379e-08 -5.936e-07 -1.651e+00  2.252e-05  3.206e-06 -1.236e-06 -1.238e-06 
 -2.435e+00  6.983e-07  4.801e-07 -1.095e-01  3.206e-06  2.653e-05 -5.625e-06 -1.681e-06 
  2.017e+00 -7.978e-07  3.704e-08 -8.413e-01 -1.236e-06 -5.625e-06  2.387e-05 -1.551e-06 
 -1.223e+00  4.057e-08 -1.456e-06 -3.913e-01 -1.238e-06 -1.681e-06 -1.551e-06  2.073e-05 
 PARAMETER  CORRELATION COEFFICIENTS  
       NO.  GLOBAL      1      3      4     20     21     22     23     24
        1  0.39127   1.000 -0.144  0.072 -0.014 -0.198 -0.235  0.205 -0.133
        3  0.27464  -0.144  1.000  0.024 -0.008  0.026  0.176 -0.212  0.012
        4  0.19075   0.072  0.024  1.000 -0.011 -0.056  0.042  0.003 -0.144
       20  0.66523  -0.014 -0.008 -0.011  1.000 -0.545 -0.033 -0.270 -0.135
       21  0.63819  -0.198  0.026 -0.056 -0.545  1.000  0.131 -0.053 -0.057
       22  0.35164  -0.235  0.176  0.042 -0.033  0.131  1.000 -0.224 -0.072
       23  0.47931   0.205 -0.212  0.003 -0.270 -0.053 -0.224  1.000 -0.070
       24  0.35592  -0.133  0.012 -0.144 -0.135 -0.057 -0.072 -0.070  1.000
MINUIT - FIT ONLY 1-CBO + wiggle
 **********
 **   16 **RES 
 **********
                   PARAMETER   16  beta_vw RESTORED TO VARIABLE.
                   PARAMETER   14  alpha_vw RESTORED TO VARIABLE.
                   PARAMETER   13  beta_y RESTORED TO VARIABLE.
                   PARAMETER   11  alpha_y RESTORED TO VARIABLE.
                   PARAMETER   10  beta_2CBO RESTORED TO VARIABLE.
                   PARAMETER    9  alpha_2CBO RESTORED TO VARIABLE.
                   PARAMETER    8  beta_CBO RESTORED TO VARIABLE.
                   PARAMETER    6  alpha_CBO RESTORED TO VARIABLE.
 **********
 **   17 **FIX            8
 **********
 **********
 **   18 **FIX            9
 **********
 **********
 **   19 **FIX           11
 **********
 **********
 **   20 **FIX           12
 **********
 PARAMETER   12  IS CONSTANT.   IGNORED.
 **********
 **   21 **FIX           14
 **********
 **********
 **   22 **FIX           15
 **********
 PARAMETER   15  IS CONSTANT.   IGNORED.
 **********
 **   23 **FIX           16
 **********
 **********
 **   24 **MIGRAD
 **********
 START MIGRAD MINIMIZATION.  STRATEGY  1.  CONVERGENCE WHEN EDM .LT. 1.00e-04
 FCN=80.7761 FROM MIGRAD    STATUS=INITIATE       28 CALLS        1172 TOTAL
                     EDM= unknown      STRATEGY= 1      NO ERROR MATRIX       
  EXT PARAMETER               CURRENT GUESS       STEP         FIRST   
  NO.   NAME      VALUE            ERROR          SIZE      DERIVATIVE 
   1  N0           3.52068e+06   2.01464e+03   9.78488e-01  -1.08310e-06
   2  tau          6.43930e+01   constant   
   3  A0           3.53841e-01   7.69851e-04  -5.01503e-07   7.29600e-01
   4  phi          4.12459e+00   2.22302e-03   2.43831e-07  -3.62063e-01
   5  R           -6.08522e+01   constant   
   6  alpha_CBO    0.00000e+00   1.00000e-03   1.00000e-03   5.57434e+03
   7  w_CBO        2.32500e+00   constant   
   8  beta_CBO     0.00000e+00     fixed    
   9  alpha_2CBO   0.00000e+00     fixed    
  10  beta_2CBO    0.00000e+00   1.00000e-03   1.00000e-03  -1.85632e+03
  11  alpha_y      0.00000e+00     fixed    
  12  w_y          1.38860e+01   constant   
  13  beta_y       0.00000e+00   1.00000e-03   1.00000e-03   1.74244e+02
  14  alpha_vw     0.00000e+00     fixed    
  15  w_vw         1.43404e+01   constant   
  16  beta_vw      0.00000e+00     fixed    
  17  LM          -3.26196e-04   constant   
  18  zeta_y       0.00000e+00   constant   
  19  zeta_vw      0.00000e+00   constant   
  20  T_CBO        9.99314e+02   5.57236e+02   6.93063e-02  -2.10908e-04
  21  alpha_A0     5.64809e-03   4.48817e-03  -1.41826e-03  -6.11796e-03
  22  beta_A0      3.91898e-04   4.92563e-03  -2.98060e-05  -3.17197e-03
  23  alpha_phi   -2.79078e-03   4.67736e-03  -2.27285e-04   6.07531e-03
  24  beta_phi    -1.36138e-03   4.39408e-03  -4.47450e-04   3.59393e-03
 MIGRAD MINIMIZATION HAS CONVERGED.
 MIGRAD WILL VERIFY CONVERGENCE AND ERROR MATRIX.
 COVARIANCE MATRIX CALCULATED SUCCESSFULLY
 FCN=75.4641 FROM MIGRAD    STATUS=CONVERGED     253 CALLS        1397 TOTAL
                     EDM=3.08741e-06    STRATEGY= 1      ERROR MATRIX ACCURATE 
  EXT PARAMETER                                   STEP         FIRST   
  NO.   NAME      VALUE            ERROR          SIZE      DERIVATIVE 
   1  N0           3.52084e+06   2.06571e+03   7.80301e+00   6.04424e-07
   2  tau          6.43930e+01   constant   
   3  A0           3.54132e-01   7.81146e-04   3.17240e-06  -1.10042e+00
   4  phi          4.12550e+00   2.29894e-03   9.45835e-06   3.40303e-01
   5  R           -6.08522e+01   constant   
   6  alpha_CBO   -1.73858e-03   7.95876e-04   3.24796e-06  -5.55464e-01
   7  w_CBO        2.32500e+00   constant   
   8  beta_CBO     0.00000e+00     fixed    
   9  alpha_2CBO   0.00000e+00     fixed    
  10  beta_2CBO    4.98037e-04   7.91440e-04   3.29241e-06  -8.99330e-01
  11  alpha_y      0.00000e+00     fixed    
  12  w_y          1.38860e+01   constant   
  13  beta_y      -5.26026e-05   7.77129e-04   3.31607e-06   2.71875e-01
  14  alpha_vw     0.00000e+00     fixed    
  15  w_vw         1.43404e+01   constant   
  16  beta_vw      0.00000e+00     fixed    
  17  LM          -3.26196e-04   constant   
  18  zeta_y       0.00000e+00   constant   
  19  zeta_vw      0.00000e+00   constant   
  20  T_CBO        1.00000e+03   9.12857e+02   1.03191e-01   3.34332e-06
  21  alpha_A0     4.32233e-03   4.32509e-03   1.99702e-03   7.77643e-04
  22  beta_A0      4.80095e-04   4.61309e-03   1.96247e-03  -1.23703e-03
  23  alpha_phi   -1.62125e-03   4.30455e-03   1.82924e-03  -1.67995e-03
  24  beta_phi    -1.32258e-03   4.11399e-03   1.76775e-03   4.02835e-04
 EXTERNAL ERROR MATRIX.    NDIM=  25    NPAR= 11    ERR DEF=1
  4.267e+06 
 -2.011e-01  6.102e-07 
  4.771e-01  1.226e-07  5.285e-06 
 -6.759e-02 -1.142e-07 -3.556e-07  6.334e-07 
 -4.288e-02 -2.861e-08 -8.666e-08  2.949e-08  6.264e-07 
 -2.117e-02 -2.914e-10  2.739e-08  2.329e-09  6.972e-09  6.039e-07 
  4.791e+01 -3.333e-05  2.731e-05  1.031e-06  2.092e-06 -1.728e-06  4.241e+02 
 -1.724e+00  6.856e-08 -7.436e-07  3.645e-07 -3.383e-07 -6.105e-08  2.321e-02  2.035e-05 
 -1.940e+00  6.728e-07  6.692e-07 -1.832e-07 -4.482e-07  5.693e-08  2.242e-03  1.650e-06  2.299e-05 
 -1.935e+00  6.636e-07 -4.876e-08 -3.525e-07  2.108e-07 -5.686e-09 -8.747e-03  1.239e-06  2.069e-06  1.984e-05 
  1.194e+00 -1.144e-08  1.460e-06 -1.668e-07 -4.617e-07 -1.081e-08 -6.911e-03 -2.219e-07  2.344e-09 -1.428e-06  1.800e-05 
 PARAMETER  CORRELATION COEFFICIENTS  
       NO.  GLOBAL      1      3      4      6     10     13     20     21     22     23     24
        1  0.36166   1.000 -0.125  0.100 -0.041 -0.026 -0.013  0.001 -0.185 -0.196 -0.210  0.136
        3  0.30867  -0.125  1.000  0.068 -0.184 -0.046 -0.000 -0.002  0.019  0.180  0.191 -0.003
        4  0.26741   0.100  0.068  1.000 -0.194 -0.048  0.015  0.001 -0.072  0.061 -0.005  0.150
        6  0.29403  -0.041 -0.184 -0.194  1.000  0.047  0.004  0.000  0.102 -0.048 -0.099 -0.049
       10  0.22522  -0.026 -0.046 -0.048  0.047  1.000  0.011  0.000 -0.095 -0.118  0.060 -0.138
       13  0.03519  -0.013 -0.000  0.015  0.004  0.011  1.000 -0.000 -0.017  0.015 -0.002 -0.003
       20  0.29420   0.001 -0.002  0.001  0.000  0.000 -0.000  1.000  0.250  0.023 -0.095 -0.079
       21  0.35274  -0.185  0.019 -0.072  0.102 -0.095 -0.017  0.250  1.000  0.076  0.062 -0.012
       22  0.28883  -0.196  0.180  0.061 -0.048 -0.118  0.015  0.023  0.076  1.000  0.097  0.000
       23  0.31578  -0.210  0.191 -0.005 -0.099  0.060 -0.002 -0.095  0.062  0.097  1.000 -0.076
       24  0.25317   0.136 -0.003  0.150 -0.049 -0.138 -0.003 -0.079 -0.012  0.000 -0.076  1.000
MINUIT - FIT ONLY 2-CBO
 **********
 **   25 **RES 
 **********
                   PARAMETER   16  beta_vw RESTORED TO VARIABLE.
                   PARAMETER   14  alpha_vw RESTORED TO VARIABLE.
                   PARAMETER   11  alpha_y RESTORED TO VARIABLE.
                   PARAMETER    9  alpha_2CBO RESTORED TO VARIABLE.
                   PARAMETER    8  beta_CBO RESTORED TO VARIABLE.
 **********
 **   26 **FIX            0
 **********
 PARAMETER    0  IS UNDEFINED. IGNORED.
 **********
 **   27 **FIX            1
 **********
 **********
 **   28 **FIX            2
 **********
 PARAMETER    2  IS CONSTANT.   IGNORED.
 **********
 **   29 **FIX            3
 **********
 **********
 **   30 **FIX            4
 **********
 **********
 **   31 **FIX            5
 **********
 PARAMETER    5  IS CONSTANT.   IGNORED.
 **********
 **   32 **FIX            6
 **********
 **********
 **   33 **FIX            7
 **********
 PARAMETER    7  IS CONSTANT.   IGNORED.
 **********
 **   34 **FIX           10
 **********
 **********
 **   35 **FIX           11
 **********
 **********
 **   36 **FIX           12
 **********
 PARAMETER   12  IS CONSTANT.   IGNORED.
 **********
 **   37 **FIX           13
 **********
 **********
 **   38 **FIX           14
 **********
 **********
 **   39 **FIX           15
 **********
 PARAMETER   15  IS CONSTANT.   IGNORED.
 **********
 **   40 **FIX           16
 **********
 **********
 **   41 **MIGRAD
 **********
 START MIGRAD MINIMIZATION.  STRATEGY  1.  CONVERGENCE WHEN EDM .LT. 1.00e-04
 FCN=75.4641 FROM MIGRAD    STATUS=INITIATE       18 CALLS        1415 TOTAL
                     EDM= unknown      STRATEGY= 1      NO ERROR MATRIX       
  EXT PARAMETER               CURRENT GUESS       STEP         FIRST   
  NO.   NAME      VALUE            ERROR          SIZE      DERIVATIVE 
   1  N0           3.52084e+06     fixed    
   2  tau          6.43930e+01   constant   
   3  A0           3.54132e-01     fixed    
   4  phi          4.12550e+00     fixed    
   5  R           -6.08522e+01   constant   
   6  alpha_CBO   -1.73858e-03     fixed    
   7  w_CBO        2.32500e+00   constant   
   8  beta_CBO     0.00000e+00   1.00000e-03   1.00000e-03  -6.98281e+03
   9  alpha_2CBO   0.00000e+00   1.00000e-03   1.00000e-03  -5.78521e+03
  10  beta_2CBO    4.98037e-04     fixed    
  11  alpha_y      0.00000e+00     fixed    
  12  w_y          1.38860e+01   constant   
  13  beta_y      -5.26026e-05     fixed    
  14  alpha_vw     0.00000e+00     fixed    
  15  w_vw         1.43404e+01   constant   
  16  beta_vw      0.00000e+00     fixed    
  17  LM          -3.26196e-04   constant   
  18  zeta_y       0.00000e+00   constant   
  19  zeta_vw      0.00000e+00   constant   
  20  T_CBO        1.00000e+03   9.12857e+02   1.03191e-01  -3.43805e-06
  21  alpha_A0     4.32233e-03   4.32509e-03   1.99702e-03   7.69255e-04
  22  beta_A0      4.80095e-04   4.61309e-03   1.96247e-03  -1.23787e-03
  23  alpha_phi   -1.62125e-03   4.30455e-03   1.82924e-03  -1.67708e-03
  24  beta_phi    -1.32258e-03   4.11399e-03   1.76775e-03   4.05171e-04
 MIGRAD MINIMIZATION HAS CONVERGED.
 MIGRAD WILL VERIFY CONVERGENCE AND ERROR MATRIX.
 COVARIANCE MATRIX CALCULATED SUCCESSFULLY
 FCN=63.3665 FROM MIGRAD    STATUS=CONVERGED     132 CALLS        1529 TOTAL
                     EDM=1.00823e-06    STRATEGY= 1      ERROR MATRIX ACCURATE 
  EXT PARAMETER                                   STEP         FIRST   
  NO.   NAME      VALUE            ERROR          SIZE      DERIVATIVE 
   1  N0           3.52084e+06     fixed    
   2  tau          6.43930e+01   constant   
   3  A0           3.54132e-01     fixed    
   4  phi          4.12550e+00     fixed    
   5  R           -6.08522e+01   constant   
   6  alpha_CBO   -1.73858e-03     fixed    
   7  w_CBO        2.32500e+00   constant   
   8  beta_CBO     2.06366e-03   7.91787e-04   3.08302e-06  -6.91297e-02
   9  alpha_2CBO   1.69121e-03   7.98139e-04   3.03987e-06   1.04913e-01
  10  beta_2CBO    4.98037e-04     fixed    
  11  alpha_y      0.00000e+00     fixed    
  12  w_y          1.38860e+01   constant   
  13  beta_y      -5.26026e-05     fixed    
  14  alpha_vw     0.00000e+00     fixed    
  15  w_vw         1.43404e+01   constant   
  16  beta_vw      0.00000e+00     fixed    
  17  LM          -3.26196e-04   constant   
  18  zeta_y       0.00000e+00   constant   
  19  zeta_vw      0.00000e+00   constant   
  20  T_CBO        1.00000e+03   9.70224e+02   7.96303e-02** at limit **
  21  alpha_A0     2.95220e-03   4.14880e-03   1.72816e-03   2.16863e-03
  22  beta_A0      2.29866e-03   4.47042e-03   1.84828e-03   6.49225e-04
  23  alpha_phi   -2.80603e-03   4.14548e-03   1.72291e-03   5.57998e-04
  24  beta_phi    -2.75080e-03   4.02889e-03   1.67478e-03  -2.21327e-03
 EXTERNAL ERROR MATRIX.    NDIM=  25    NPAR=  7    ERR DEF=1
  6.269e-07 -4.341e-08 -7.294e-07 -1.089e-08  1.645e-07 -4.078e-08 -1.823e-07 
 -4.341e-08  6.370e-07 -2.278e-06 -4.611e-07  4.271e-07 -3.623e-07 -2.724e-07 
 -7.294e-07 -2.278e-06  5.733e+01  3.176e-03  2.406e-03 -3.015e-03 -2.938e-03 
 -1.089e-08 -4.611e-07  3.176e-03  1.842e-05  4.312e-07  1.329e-06  5.890e-07 
  1.645e-07  4.271e-07  2.406e-03  4.312e-07  2.157e-05  4.073e-07 -3.303e-07 
 -4.078e-08 -3.623e-07 -3.015e-03  1.329e-06  4.073e-07  1.837e-05 -6.172e-07 
 -1.823e-07 -2.724e-07 -2.938e-03  5.890e-07 -3.303e-07 -6.172e-07  1.728e-05 
 PARAMETER  CORRELATION COEFFICIENTS  
       NO.  GLOBAL      8      9     20     21     22     23     24
        8  0.10977   1.000 -0.069 -0.000 -0.003  0.045 -0.012 -0.055
        9  0.23395  -0.069  1.000 -0.000 -0.135  0.115 -0.106 -0.082
       20  0.18544  -0.000 -0.000  1.000  0.098  0.068 -0.093 -0.093
       21  0.18539  -0.003 -0.135  0.098  1.000  0.022  0.072  0.033
       22  0.15239   0.045  0.115  0.068  0.022  1.000  0.020 -0.017
       23  0.17149  -0.012 -0.106 -0.093  0.072  0.020  1.000 -0.035
       24  0.15260  -0.055 -0.082 -0.093  0.033 -0.017 -0.035  1.000
MINUIT - FIT wiggle + 1-CBO + 2-CBO
 **********
 **   42 **RES 
 **********
                   PARAMETER   16  beta_vw RESTORED TO VARIABLE.
                   PARAMETER   14  alpha_vw RESTORED TO VARIABLE.
                   PARAMETER   13  beta_y RESTORED TO VARIABLE.
                   PARAMETER   11  alpha_y RESTORED TO VARIABLE.
                   PARAMETER   10  beta_2CBO RESTORED TO VARIABLE.
                   PARAMETER    6  alpha_CBO RESTORED TO VARIABLE.
                   PARAMETER    4  phi RESTORED TO VARIABLE.
                   PARAMETER    3  A0 RESTORED TO VARIABLE.
                   PARAMETER    1  N0 RESTORED TO VARIABLE.
 **********
 **   43 **FIX           10
 **********
 **********
 **   44 **FIX           11
 **********
 **********
 **   45 **FIX           12
 **********
 PARAMETER   12  IS CONSTANT.   IGNORED.
 **********
 **   46 **FIX           13
 **********
 **********
 **   47 **FIX           14
 **********
 **********
 **   48 **FIX           15
 **********
 PARAMETER   15  IS CONSTANT.   IGNORED.
 **********
 **   49 **FIX           16
 **********
 **********
 **   50 **MIGRAD
 **********
 START MIGRAD MINIMIZATION.  STRATEGY  1.  CONVERGENCE WHEN EDM .LT. 1.00e-04
 FCN=63.3665 FROM MIGRAD    STATUS=INITIATE       22 CALLS        1551 TOTAL
                     EDM= unknown      STRATEGY= 1      NO ERROR MATRIX       
  EXT PARAMETER               CURRENT GUESS       STEP         FIRST   
  NO.   NAME      VALUE            ERROR          SIZE      DERIVATIVE 
   1  N0           3.52084e+06   2.06571e+03   2.06571e+03  -1.25360e-04
   2  tau          6.43930e+01   constant   
   3  A0           3.54132e-01   7.81146e-04   7.81146e-04  -7.23667e+02
   4  phi          4.12550e+00   2.29894e-03   2.29894e-03   3.18318e+02
   5  R           -6.08522e+01   constant   
   6  alpha_CBO   -1.73858e-03   7.95876e-04   7.95876e-04   2.27934e+02
   7  w_CBO        2.32500e+00   constant   
   8  beta_CBO     2.06366e-03   7.91787e-04   3.08302e-06  -6.91298e-02
   9  alpha_2CBO   1.69121e-03   7.98139e-04   3.03987e-06   1.04913e-01
  10  beta_2CBO    4.98037e-04     fixed    
  11  alpha_y      0.00000e+00     fixed    
  12  w_y          1.38860e+01   constant   
  13  beta_y      -5.26026e-05     fixed    
  14  alpha_vw     0.00000e+00     fixed    
  15  w_vw         1.43404e+01   constant   
  16  beta_vw      0.00000e+00     fixed    
  17  LM          -3.26196e-04   constant   
  18  zeta_y       0.00000e+00   constant   
  19  zeta_vw      0.00000e+00   constant   
  20  T_CBO        1.00000e+03   9.70224e+02   7.96303e-02** at limit **
  21  alpha_A0     2.95220e-03   4.14880e-03   1.72816e-03   2.16408e-03
  22  beta_A0      2.29866e-03   4.47042e-03   1.84828e-03   6.45772e-04
  23  alpha_phi   -2.80603e-03   4.14548e-03   1.72291e-03   5.62304e-04
  24  beta_phi    -2.75080e-03   4.02889e-03   1.67478e-03  -2.20905e-03
 MIGRAD MINIMIZATION HAS CONVERGED.
 MIGRAD WILL VERIFY CONVERGENCE AND ERROR MATRIX.
 COVARIANCE MATRIX CALCULATED SUCCESSFULLY
 FCN=63.1528 FROM MIGRAD    STATUS=CONVERGED     218 CALLS        1747 TOTAL
                     EDM=5.62203e-07    STRATEGY= 1      ERROR MATRIX ACCURATE 
  EXT PARAMETER                                   STEP         FIRST   
  NO.   NAME      VALUE            ERROR          SIZE      DERIVATIVE 
   1  N0           3.52098e+06   2.06955e+03   7.14753e+00   5.12419e-09
   2  tau          6.43930e+01   constant   
   3  A0           3.54342e-01   7.85309e-04   2.90585e-06  -1.74152e-01
   4  phi          4.12473e+00   2.32601e-03   8.65659e-06  -5.61981e-02
   5  R           -6.08522e+01   constant   
   6  alpha_CBO   -1.80064e-03   7.95216e-04   2.97492e-06   1.64048e-01
   7  w_CBO        2.32500e+00   constant   
   8  beta_CBO     2.14446e-03   8.11249e-04   3.07768e-06  -9.67176e-03
   9  alpha_2CBO   1.66710e-03   8.00448e-04   3.03459e-06  -4.36594e-01
  10  beta_2CBO    4.98037e-04     fixed    
  11  alpha_y      0.00000e+00     fixed    
  12  w_y          1.38860e+01   constant   
  13  beta_y      -5.26026e-05     fixed    
  14  alpha_vw     0.00000e+00     fixed    
  15  w_vw         1.43404e+01   constant   
  16  beta_vw      0.00000e+00     fixed    
  17  LM          -3.26196e-04   constant   
  18  zeta_y       0.00000e+00   constant   
  19  zeta_vw      0.00000e+00   constant   
  20  T_CBO        1.00000e+03   5.29836e+02   7.99327e-02** at limit **
  21  alpha_A0     2.95202e-03   4.24233e-03   1.72492e-03   1.25362e-03
  22  beta_A0      2.33905e-03   4.61284e-03   1.84593e-03  -1.32100e-03
  23  alpha_phi   -2.63078e-03   4.29829e-03   1.71150e-03  -2.87096e-04
  24  beta_phi    -2.91807e-03   4.09591e-03   1.67923e-03  -3.23265e-04
 EXTERNAL ERROR MATRIX.    NDIM=  25    NPAR= 11    ERR DEF=1
  4.283e+06 
 -1.932e-01  6.167e-07 
  4.213e-01  8.501e-08  5.410e-06 
 -6.623e-02 -1.138e-07 -3.476e-07  6.324e-07 
  9.167e-02  7.078e-08 -3.027e-07 -1.083e-08  6.581e-07 
 -6.641e-02 -1.259e-08  1.014e-07 -8.374e-09 -5.332e-08  6.407e-07 
  5.481e-02 -4.871e-08  1.538e-08  4.392e-09 -1.053e-08 -1.450e-08  2.948e-03 
 -1.717e+00  5.991e-08 -8.226e-07  3.868e-07 -1.819e-08 -4.511e-07  2.088e-05  1.932e-05 
 -1.990e+00  6.623e-07  5.749e-07 -1.701e-07  1.539e-07  4.570e-07  1.611e-05  1.089e-06  2.310e-05 
 -1.889e+00  6.779e-07 -5.597e-08 -3.575e-07 -3.295e-09 -3.448e-07 -1.865e-05  1.970e-06  1.893e-06  1.985e-05 
  1.161e+00 -6.432e-08  1.472e-06 -1.370e-07 -2.413e-07 -2.614e-07 -2.051e-05 -4.775e-08 -6.870e-07 -1.139e-06  1.792e-05 
 PARAMETER  CORRELATION COEFFICIENTS  
       NO.  GLOBAL      1      3      4      6      8      9     20     21     22     23     24
        1  0.36600   1.000 -0.119  0.088 -0.040  0.055 -0.040  0.000 -0.189 -0.200 -0.205  0.133
        3  0.32375  -0.119  1.000  0.047 -0.182  0.111 -0.020 -0.001  0.017  0.175  0.194 -0.019
        4  0.30732   0.088  0.047  1.000 -0.188 -0.160  0.054  0.000 -0.080  0.051 -0.005  0.150
        6  0.29152  -0.040 -0.182 -0.188  1.000 -0.017 -0.013  0.000  0.111 -0.045 -0.101 -0.041
        8  0.24292   0.055  0.111 -0.160 -0.017  1.000 -0.082 -0.000 -0.005  0.039 -0.001 -0.070
        9  0.24560  -0.040 -0.020  0.054 -0.013 -0.082  1.000 -0.000 -0.128  0.119 -0.097 -0.077
       20  0.17121   0.000 -0.001  0.000  0.000 -0.000 -0.000  1.000  0.087  0.062 -0.077 -0.089
       21  0.28303  -0.189  0.017 -0.080  0.111 -0.005 -0.128  0.087  1.000  0.052  0.101 -0.003
       22  0.29725  -0.200  0.175  0.051 -0.045  0.039  0.119  0.062  0.052  1.000  0.088 -0.034
       23  0.32030  -0.205  0.194 -0.005 -0.101 -0.001 -0.097 -0.077  0.101  0.088  1.000 -0.060
       24  0.24306   0.133 -0.019  0.150 -0.041 -0.070 -0.077 -0.089 -0.003 -0.034 -0.060  1.000
MINUIT - FIT ONLY 1-y
 **********
 **   51 **RES 
 **********
                   PARAMETER   16  beta_vw RESTORED TO VARIABLE.
                   PARAMETER   14  alpha_vw RESTORED TO VARIABLE.
                   PARAMETER   13  beta_y RESTORED TO VARIABLE.
                   PARAMETER   11  alpha_y RESTORED TO VARIABLE.
                   PARAMETER   10  beta_2CBO RESTORED TO VARIABLE.
 **********
 **   52 **FIX            0
 **********
 PARAMETER    0  IS UNDEFINED. IGNORED.
 **********
 **   53 **FIX            1
 **********
 **********
 **   54 **FIX            2
 **********
 PARAMETER    2  IS CONSTANT.   IGNORED.
 **********
 **   55 **FIX            3
 **********
 **********
 **   56 **FIX            4
 **********
 **********
 **   57 **FIX            5
 **********
 PARAMETER    5  IS CONSTANT.   IGNORED.
 **********
 **   58 **FIX            6
 **********
 **********
 **   59 **FIX            7
 **********
 PARAMETER    7  IS CONSTANT.   IGNORED.
 **********
 **   60 **FIX            8
 **********
 **********
 **   61 **FIX            9
 **********
 **********
 **   62 **FIX           13
 **********
 **********
 **   63 **FIX           14
 **********
 **********
 **   64 **FIX           15
 **********
 PARAMETER   15  IS CONSTANT.   IGNORED.
 **********
 **   65 **FIX           16
 **********
 **********
 **   66 **MIGRAD
 **********
 START MIGRAD MINIMIZATION.  STRATEGY  1.  CONVERGENCE WHEN EDM .LT. 1.00e-04
 FCN=63.1528 FROM MIGRAD    STATUS=INITIATE       16 CALLS        1763 TOTAL
                     EDM= unknown      STRATEGY= 1      NO ERROR MATRIX       
  EXT PARAMETER               CURRENT GUESS       STEP         FIRST   
  NO.   NAME      VALUE            ERROR          SIZE      DERIVATIVE 
   1  N0           3.52098e+06     fixed    
   2  tau          6.43930e+01   constant   
   3  A0           3.54342e-01     fixed    
   4  phi          4.12473e+00     fixed    
   5  R           -6.08522e+01   constant   
   6  alpha_CBO   -1.80064e-03     fixed    
   7  w_CBO        2.32500e+00   constant   
   8  beta_CBO     2.14446e-03     fixed    
   9  alpha_2CBO   1.66710e-03     fixed    
  10  beta_2CBO    4.98037e-04   7.91440e-04   7.91440e-04   2.83461e+02
  11  alpha_y      0.00000e+00   1.00000e-03   1.00000e-03  -1.56997e+03
  12  w_y          1.38860e+01   constant   
  13  beta_y      -5.26026e-05     fixed    
  14  alpha_vw     0.00000e+00     fixed    
  15  w_vw         1.43404e+01   constant   
  16  beta_vw      0.00000e+00     fixed    
  17  LM          -3.26196e-04   constant   
  18  zeta_y       0.00000e+00   constant   
  19  zeta_vw      0.00000e+00   constant   
  20  T_CBO        9.99999e+02   5.29836e+02   7.99327e-02  -1.09976e-05
  21  alpha_A0     2.95202e-03   4.24233e-03   1.72492e-03   1.24799e-03
  22  beta_A0      2.33905e-03   4.61284e-03   1.84593e-03  -1.32522e-03
  23  alpha_phi   -2.63078e-03   4.29829e-03   1.71150e-03  -2.82012e-04
  24  beta_phi    -2.91807e-03   4.09591e-03   1.67923e-03  -3.17629e-04
 MIGRAD MINIMIZATION HAS CONVERGED.
 MIGRAD WILL VERIFY CONVERGENCE AND ERROR MATRIX.
 COVARIANCE MATRIX CALCULATED SUCCESSFULLY
 FCN=62.7755 FROM MIGRAD    STATUS=CONVERGED     116 CALLS        1863 TOTAL
                     EDM=5.49706e-07    STRATEGY= 1      ERROR MATRIX ACCURATE 
  EXT PARAMETER                                   STEP         FIRST   
  NO.   NAME      VALUE            ERROR          SIZE      DERIVATIVE 
   1  N0           3.52098e+06     fixed    
   2  tau          6.43930e+01   constant   
   3  A0           3.54342e-01     fixed    
   4  phi          4.12473e+00     fixed    
   5  R           -6.08522e+01   constant   
   6  alpha_CBO   -1.80064e-03     fixed    
   7  w_CBO        2.32500e+00   constant   
   8  beta_CBO     2.14446e-03     fixed    
   9  alpha_2CBO   1.66710e-03     fixed    
  10  beta_2CBO    4.14372e-04   7.89056e-04   3.00661e-06   1.04502e-02
  11  alpha_y      4.65470e-04   7.70765e-04   3.00455e-06  -2.05413e-01
  12  w_y          1.38860e+01   constant   
  13  beta_y      -5.26026e-05     fixed    
  14  alpha_vw     0.00000e+00     fixed    
  15  w_vw         1.43404e+01   constant   
  16  beta_vw      0.00000e+00     fixed    
  17  LM          -3.26196e-04   constant   
  18  zeta_y       0.00000e+00   constant   
  19  zeta_vw      0.00000e+00   constant   
  20  T_CBO        1.00000e+03   5.00599e+02   7.51911e-02** at limit **
  21  alpha_A0     3.00325e-03   4.13015e-03   1.72330e-03  -1.78604e-03
  22  beta_A0      2.44549e-03   4.46109e-03   1.84539e-03  -3.19775e-04
  23  alpha_phi   -2.65230e-03   4.12451e-03   1.70701e-03   1.52539e-03
  24  beta_phi    -2.82173e-03   4.03407e-03   1.66904e-03  -8.14113e-05
 EXTERNAL ERROR MATRIX.    NDIM=  25    NPAR=  7    ERR DEF=1
  6.226e-07  5.758e-09  1.330e-09 -3.720e-07 -4.254e-07  2.297e-07 -4.256e-07 
  5.758e-09  5.941e-07 -5.093e-11  1.352e-09  5.723e-08  1.187e-08  4.605e-08 
  1.330e-09 -5.093e-11  1.710e-04  4.669e-06  3.727e-06 -4.120e-06 -4.369e-06 
 -3.720e-07  1.352e-09  4.669e-06  1.825e-05  9.818e-07  9.942e-07  6.740e-07 
 -4.254e-07  5.723e-08  3.727e-06  9.818e-07  2.149e-05  5.492e-07  2.491e-07 
  2.297e-07  1.187e-08 -4.120e-06  9.942e-07  5.492e-07  1.816e-05 -9.958e-07 
 -4.256e-07  4.605e-08 -4.369e-06  6.740e-07  2.491e-07 -9.958e-07  1.734e-05 
 PARAMETER  CORRELATION COEFFICIENTS  
       NO.  GLOBAL     10     11     20     21     22     23     24
       10  0.21244   1.000  0.009  0.000 -0.110 -0.116  0.068 -0.130
       11  0.02539   0.009  1.000 -0.000  0.000  0.016  0.004  0.014
       20  0.15728   0.000 -0.000  1.000  0.084  0.061 -0.074 -0.080
       21  0.16096  -0.110  0.000  0.084  1.000  0.050  0.055  0.038
       22  0.14178  -0.116  0.016  0.061  0.050  1.000  0.028  0.013
       23  0.13971   0.068  0.004 -0.074  0.055  0.028  1.000 -0.056
       24  0.16588  -0.130  0.014 -0.080  0.038  0.013 -0.056  1.000
MINUIT - FIT ONLY 2-y
 **********
 **   67 **RES 
 **********
                   PARAMETER   16  beta_vw RESTORED TO VARIABLE.
                   PARAMETER   14  alpha_vw RESTORED TO VARIABLE.
                   PARAMETER   13  beta_y RESTORED TO VARIABLE.
                   PARAMETER    9  alpha_2CBO RESTORED TO VARIABLE.
                   PARAMETER    8  beta_CBO RESTORED TO VARIABLE.
                   PARAMETER    6  alpha_CBO RESTORED TO VARIABLE.
                   PARAMETER    4  phi RESTORED TO VARIABLE.
                   PARAMETER    3  A0 RESTORED TO VARIABLE.
                   PARAMETER    1  N0 RESTORED TO VARIABLE.
 **********
 **   68 **FIX            0
 **********
 PARAMETER    0  IS UNDEFINED. IGNORED.
 **********
 **   69 **FIX            1
 **********
 **********
 **   70 **FIX            2
 **********
 PARAMETER    2  IS CONSTANT.   IGNORED.
 **********
 **   71 **FIX            3
 **********
 **********
 **   72 **FIX            4
 **********
 **********
 **   73 **FIX            5
 **********
 PARAMETER    5  IS CONSTANT.   IGNORED.
 **********
 **   74 **FIX            6
 **********
 **********
 **   75 **FIX            7
 **********
 PARAMETER    7  IS CONSTANT.   IGNORED.
 **********
 **   76 **FIX            8
 **********
 **********
 **   77 **FIX            9
 **********
 **********
 **   78 **FIX           10
 **********
 **********
 **   79 **FIX           11
 **********
 **********
 **   80 **FIX           12
 **********
 PARAMETER   12  IS CONSTANT.   IGNORED.
 **********
 **   81 **FIX           16
 **********
 **********
 **   82 **MIGRAD
 **********
 START MIGRAD MINIMIZATION.  STRATEGY  1.  CONVERGENCE WHEN EDM .LT. 1.00e-04
 FCN=62.7755 FROM MIGRAD    STATUS=INITIATE       16 CALLS        1879 TOTAL
                     EDM= unknown      STRATEGY= 1      NO ERROR MATRIX       
  EXT PARAMETER               CURRENT GUESS       STEP         FIRST   
  NO.   NAME      VALUE            ERROR          SIZE      DERIVATIVE 
   1  N0           3.52098e+06     fixed    
   2  tau          6.43930e+01   constant   
   3  A0           3.54342e-01     fixed    
   4  phi          4.12473e+00     fixed    
   5  R           -6.08522e+01   constant   
   6  alpha_CBO   -1.80064e-03     fixed    
   7  w_CBO        2.32500e+00   constant   
   8  beta_CBO     2.14446e-03     fixed    
   9  alpha_2CBO   1.66710e-03     fixed    
  10  beta_2CBO    4.14372e-04     fixed    
  11  alpha_y      4.65470e-04     fixed    
  12  w_y          1.38860e+01   constant   
  13  beta_y      -5.26026e-05   7.77129e-04   7.77129e-04   1.64307e+02
  14  alpha_vw     0.00000e+00   1.00000e-03   1.00000e-03  -3.27841e+02
  15  w_vw         1.43404e+01   constant   
  16  beta_vw      0.00000e+00     fixed    
  17  LM          -3.26196e-04   constant   
  18  zeta_y       0.00000e+00   constant   
  19  zeta_vw      0.00000e+00   constant   
  20  T_CBO        9.99999e+02   5.00599e+02   7.51911e-02  -1.16049e-05
  21  alpha_A0     3.00325e-03   4.13015e-03   1.72330e-03  -1.79167e-03
  22  beta_A0      2.44549e-03   4.46109e-03   1.84539e-03  -3.24163e-04
  23  alpha_phi   -2.65230e-03   4.12451e-03   1.70701e-03   1.53049e-03
  24  beta_phi    -2.82173e-03   4.03407e-03   1.66904e-03  -7.95799e-05
 MIGRAD MINIMIZATION HAS CONVERGED.
 MIGRAD WILL VERIFY CONVERGENCE AND ERROR MATRIX.
 COVARIANCE MATRIX CALCULATED SUCCESSFULLY
 FCN=62.7561 FROM MIGRAD    STATUS=CONVERGED      98 CALLS        1961 TOTAL
                     EDM=1.23751e-07    STRATEGY= 1      ERROR MATRIX ACCURATE 
  EXT PARAMETER                                   STEP         FIRST   
  NO.   NAME      VALUE            ERROR          SIZE      DERIVATIVE 
   1  N0           3.52098e+06     fixed    
   2  tau          6.43930e+01   constant   
   3  A0           3.54342e-01     fixed    
   4  phi          4.12473e+00     fixed    
   5  R           -6.08522e+01   constant   
   6  alpha_CBO   -1.80064e-03     fixed    
   7  w_CBO        2.32500e+00   constant   
   8  beta_CBO     2.14446e-03     fixed    
   9  alpha_2CBO   1.66710e-03     fixed    
  10  beta_2CBO    4.14372e-04     fixed    
  11  alpha_y      4.65470e-04     fixed    
  12  w_y          1.38860e+01   constant   
  13  beta_y      -9.71744e-05   7.78002e-04   3.02802e-06  -3.64829e-01
  14  alpha_vw     9.56882e-05   7.74744e-04   3.01598e-06  -1.84660e-01
  15  w_vw         1.43404e+01   constant   
  16  beta_vw      0.00000e+00     fixed    
  17  LM          -3.26196e-04   constant   
  18  zeta_y       0.00000e+00   constant   
  19  zeta_vw      0.00000e+00   constant   
  20  T_CBO        1.00000e+03   5.08116e+02   7.25320e-02** at limit **
  21  alpha_A0     3.01573e-03   4.10719e-03   1.72303e-03   4.20097e-05
  22  beta_A0      2.44197e-03   4.43262e-03   1.84524e-03  -6.24490e-04
  23  alpha_phi   -2.65210e-03   4.11526e-03   1.70661e-03  -3.63932e-04
  24  beta_phi    -2.81751e-03   4.00142e-03   1.66870e-03  -3.74119e-04
 EXTERNAL ERROR MATRIX.    NDIM=  25    NPAR=  7    ERR DEF=1
  6.053e-07  3.217e-08 -8.300e-10 -6.236e-08  5.002e-08 -1.520e-08 -5.987e-09 
  3.217e-08  6.002e-07  1.929e-10  3.516e-08  5.676e-09  3.532e-09  2.340e-08 
 -8.300e-10  1.929e-10  1.258e-03  1.249e-05  9.905e-06 -1.097e-05 -1.161e-05 
 -6.236e-08  3.516e-08  1.249e-05  1.803e-05  7.187e-07  1.137e-06  4.257e-07 
  5.002e-08  5.676e-09  9.905e-06  7.187e-07  2.119e-05  7.075e-07 -4.340e-08 
 -1.520e-08  3.532e-09 -1.097e-05  1.137e-06  7.075e-07  1.808e-05 -8.433e-07 
 -5.987e-09  2.340e-08 -1.161e-05  4.257e-07 -4.340e-08 -8.433e-07  1.704e-05 
 PARAMETER  CORRELATION COEFFICIENTS  
       NO.  GLOBAL     13     14     20     21     22     23     24
       13  0.05882   1.000  0.053 -0.000 -0.019  0.014 -0.005 -0.002
       14  0.05511   0.053  1.000  0.000  0.011  0.002  0.001  0.007
       20  0.15457  -0.000  0.000  1.000  0.083  0.061 -0.073 -0.079
       21  0.11912  -0.019  0.011  0.083  1.000  0.037  0.063  0.024
       22  0.08007   0.014  0.002  0.061  0.037  1.000  0.036 -0.002
       23  0.12143  -0.005  0.001 -0.073  0.063  0.036  1.000 -0.048
