 + ++++++++++++++++++++++++++++++++++++++++++++++++++++++++++++++++++++ +
 +                                                                      +
 +           You have chose to blind your fitting according to          +
 +                omega_ref * (1 + (R +/- deltaR) *10^{-6})             +
 +                                                                      +
 + ++++++++++++++++++++++++++++++++++++++++++++++++++++++++++++++++++++ +
In main()...
reading format from /gm2data/zkhechad/run45/envelope/formats/formatB_sBin_constraintOn.txt
pBinTau 	= 0  
pBinPhi 	= 0  
constraintau 	= 1 
includeMopTerm 	= 0    
constrainMop    = 0   
Parameters after format file: pBinTau 0 pBinPhi 0 constraintau 1 includeMopTerm 0 constrainMop 0 c_e_scale 0.000000 
Opening file /gm2data/tbarrett/gm2fr/studies/run23_bunch_corrections/CorrectedFourier_Run3b.root.
reading full fit data from /gm2data/zkhechad/cboTemplates/Run4CBOTemplates/fullFits/noRF/sBin_constraintOn_cE0.0_seed0_noRF_calo16.root
windowBins = 69
fitting sliding window 980 from bin 1116 at 166.358000 to bin 1185 at 176.802000 (69 bins)

Reading data from /gm2data/cornell/histograms/aMethod/histogram_a_noRF.root
 **********
 **    1 **SET PRINTOUT            1
 **********
 **********
 **    2 **SET NOWARNINGS 
 **********
 PARAMETER DEFINITIONS:
    NO.   NAME         VALUE      STEP SIZE      LIMITS
     1 N0           3.09937e+06  1.00000e+02     no limits
     2 tau          6.44027e+01  constant
     3 A0           3.49546e-01  1.00000e-04     no limits
     4 phi          4.11716e+00  1.00000e-02     no limits
     5 R           -6.26367e+01  constant
     6 alpha_CBO    0.00000e+00  1.00000e-03     no limits
     7 w_CBO        2.32500e+00  constant
     8 beta_CBO     0.00000e+00  1.00000e-03     no limits
     9 alpha_2CBO   0.00000e+00  1.00000e-03     no limits
    10 beta_2CBO    0.00000e+00  1.00000e-03     no limits
    11 alpha_y      0.00000e+00  1.00000e-03     no limits
    12 w_y          1.38860e+01  constant
    13 beta_y       0.00000e+00  1.00000e-03     no limits
    14 alpha_vw     0.00000e+00  1.00000e-03     no limits
    15 w_vw         1.43404e+01  constant
    16 beta_vw      0.00000e+00  1.00000e-03     no limits
    17 LM          -1.31878e-04  constant
    18 zeta_y       0.00000e+00  constant
    19 zeta_vw      0.00000e+00  constant
    20 T_CBO        1.00000e+02  1.00000e+00    0.00000e+00  1.00000e+03
    21 alpha_A0     0.00000e+00  1.00000e-04   -1.00000e-02  1.00000e-02
    22 beta_A0      0.00000e+00  1.00000e-04   -1.00000e-02  1.00000e-02
    23 alpha_phi    0.00000e+00  1.00000e-04   -1.00000e-02  1.00000e-02
    24 beta_phi     0.00000e+00  1.00000e-04   -1.00000e-02  1.00000e-02
MINUIT - FIT ONLY WIGGLE
 **********
 **    3 **FIX            5
 **********
 PARAMETER    5  IS CONSTANT.   IGNORED.
 **********
 **    4 **FIX            6
 **********
 **********
 **    5 **FIX            7
 **********
 PARAMETER    7  IS CONSTANT.   IGNORED.
 **********
 **    6 **FIX            8
 **********
 **********
 **    7 **FIX            9
 **********
 **********
 **    8 **FIX           10
 **********
 **********
 **    9 **FIX           11
 **********
 **********
 **   10 **FIX           12
 **********
 PARAMETER   12  IS CONSTANT.   IGNORED.
 **********
 **   11 **FIX           13
 **********
 **********
 **   12 **FIX           14
 **********
 **********
 **   13 **FIX           15
 **********
 PARAMETER   15  IS CONSTANT.   IGNORED.
 **********
 **   14 **FIX           16
 **********
 **********
 **   15 **MIGRAD
 **********
 FIRST CALL TO USER FUNCTION AT NEW START POINT, WITH IFLAG=4.
 START MIGRAD MINIMIZATION.  STRATEGY  1.  CONVERGENCE WHEN EDM .LT. 1.00e-04
 FCN=408.464 FROM MIGRAD    STATUS=INITIATE      437 CALLS         438 TOTAL
                     EDM= unknown      STRATEGY= 1      NO ERROR MATRIX       
  EXT PARAMETER               CURRENT GUESS       STEP         FIRST   
  NO.   NAME      VALUE            ERROR          SIZE      DERIVATIVE 
   1  N0           3.09937e+06   1.00000e+02   0.00000e+00  -8.98127e-03
   2  tau          6.44027e+01   constant   
   3  A0           3.49546e-01   1.00000e-04   0.00000e+00  -1.54805e+04
   4  phi          4.11716e+00   1.00000e-02   0.00000e+00   1.43828e+04
   5  R           -6.26367e+01   constant   
   6  alpha_CBO    0.00000e+00     fixed    
   7  w_CBO        2.32500e+00   constant   
   8  beta_CBO     0.00000e+00     fixed    
   9  alpha_2CBO   0.00000e+00     fixed    
  10  beta_2CBO    0.00000e+00     fixed    
  11  alpha_y      0.00000e+00     fixed    
  12  w_y          1.38860e+01   constant   
  13  beta_y       0.00000e+00     fixed    
  14  alpha_vw     0.00000e+00     fixed    
  15  w_vw         1.43404e+01   constant   
  16  beta_vw      0.00000e+00     fixed    
  17  LM          -1.31878e-04   constant   
  18  zeta_y       0.00000e+00   constant   
  19  zeta_vw      0.00000e+00   constant   
  20  T_CBO        1.00000e+02   1.00000e+00   0.00000e+00   0.00000e+00
  21  alpha_A0     0.00000e+00   1.00000e-04   0.00000e+00   1.82633e+00
  22  beta_A0      0.00000e+00   1.00000e-04   0.00000e+00   2.23211e+00
  23  alpha_phi    0.00000e+00   1.00000e-04   0.00000e+00   5.63197e+00
  24  beta_phi     0.00000e+00   1.00000e-04   0.00000e+00   2.81834e+00
 MIGRAD MINIMIZATION HAS CONVERGED.
 FCN=376.572 FROM MIGRAD    STATUS=CONVERGED     584 CALLS         585 TOTAL
                     EDM=1.48289e-06    STRATEGY= 1  ERROR MATRIX UNCERTAINTY   1.9 per cent
  EXT PARAMETER                                   STEP         FIRST   
  NO.   NAME      VALUE            ERROR          SIZE      DERIVATIVE 
   1  N0           3.10033e+06   5.02962e+02   8.18005e-01  -5.58438e-07
   2  tau          6.44027e+01   constant   
   3  A0           3.50024e-01   2.13802e-04   6.43591e-07  -2.08783e+00
   4  phi          4.11428e+00   6.32078e-04   9.12313e-07  -1.11551e-01
   5  R           -6.26367e+01   constant   
   6  alpha_CBO    0.00000e+00     fixed    
   7  w_CBO        2.32500e+00   constant   
   8  beta_CBO     0.00000e+00     fixed    
   9  alpha_2CBO   0.00000e+00     fixed    
  10  beta_2CBO    0.00000e+00     fixed    
  11  alpha_y      0.00000e+00     fixed    
  12  w_y          1.38860e+01   constant   
  13  beta_y       0.00000e+00     fixed    
  14  alpha_vw     0.00000e+00     fixed    
  15  w_vw         1.43404e+01   constant   
  16  beta_vw      0.00000e+00     fixed    
  17  LM          -1.31878e-04   constant   
  18  zeta_y       0.00000e+00   constant   
  19  zeta_vw      0.00000e+00   constant   
  20  T_CBO        1.25903e+02   4.86341e+01  -9.52322e-05  -1.76414e-03
  21  alpha_A0     2.16594e-03   3.22438e-03   3.07444e-04  -2.13949e-03
  22  beta_A0     -3.46353e-03   4.09646e-03  -3.16694e-04  -3.20502e-03
  23  alpha_phi   -6.28663e-03   3.53992e-03   5.59643e-04   1.73166e-03
  24  beta_phi    -1.80294e-03   3.05376e-03   1.44658e-04   3.26377e-03
 EXTERNAL ERROR MATRIX.    NDIM=  25    NPAR=  8    ERR DEF=1
  2.530e+05  1.455e-02  3.627e-02 -1.997e+03  2.604e-01  9.930e-02  9.399e-02 -1.837e-01 
  1.455e-02  4.571e-08 -8.754e-09  3.785e-04  1.352e-07  1.197e-07 -6.124e-08  2.809e-08 
  3.627e-02 -8.754e-09  3.995e-07 -2.749e-03 -1.224e-07  2.114e-07  8.164e-08 -1.078e-07 
 -1.997e+03  3.785e-04 -2.749e-03  2.382e+03  2.249e-02  6.041e-02  9.118e-02  4.345e-02 
  2.604e-01  1.352e-07 -1.224e-07  2.249e-02  1.080e-05  3.540e-06  1.550e-06  7.902e-07 
  9.930e-02  1.197e-07  2.114e-07  6.041e-02  3.540e-06  1.797e-05  2.147e-06 -4.919e-07 
  9.399e-02 -6.124e-08  8.164e-08  9.118e-02  1.550e-06  2.147e-06  1.351e-05  6.173e-07 
 -1.837e-01  2.809e-08 -1.078e-07  4.345e-02  7.902e-07 -4.919e-07  6.173e-07  9.641e-06 
 PARAMETER  CORRELATION COEFFICIENTS  
       NO.  GLOBAL      1      3      4     20     21     22     23     24
        1  0.28467   1.000  0.135  0.114 -0.081  0.158  0.047  0.051 -0.118
        3  0.28086   0.135  1.000 -0.065  0.036  0.192  0.132 -0.078  0.042
        4  0.22483   0.114 -0.065  1.000 -0.089 -0.059  0.079  0.035 -0.055
       20  0.63252  -0.081  0.036 -0.089  1.000  0.140  0.292  0.508  0.287
       21  0.36230   0.158  0.192 -0.059  0.140  1.000  0.254  0.128  0.077
       22  0.41538   0.047  0.132  0.079  0.292  0.254  1.000  0.138 -0.037
       23  0.54399   0.051 -0.078  0.035  0.508  0.128  0.138  1.000  0.054
       24  0.35284  -0.118  0.042 -0.055  0.287  0.077 -0.037  0.054  1.000
MINUIT - FIT ONLY 1-CBO + wiggle
 **********
 **   16 **RES 
 **********
                   PARAMETER   16  beta_vw RESTORED TO VARIABLE.
                   PARAMETER   14  alpha_vw RESTORED TO VARIABLE.
                   PARAMETER   13  beta_y RESTORED TO VARIABLE.
                   PARAMETER   11  alpha_y RESTORED TO VARIABLE.
                   PARAMETER   10  beta_2CBO RESTORED TO VARIABLE.
                   PARAMETER    9  alpha_2CBO RESTORED TO VARIABLE.
                   PARAMETER    8  beta_CBO RESTORED TO VARIABLE.
                   PARAMETER    6  alpha_CBO RESTORED TO VARIABLE.
 **********
 **   17 **FIX            8
 **********
 **********
 **   18 **FIX            9
 **********
 **********
 **   19 **FIX           11
 **********
 **********
 **   20 **FIX           12
 **********
 PARAMETER   12  IS CONSTANT.   IGNORED.
 **********
 **   21 **FIX           14
 **********
 **********
 **   22 **FIX           15
 **********
 PARAMETER   15  IS CONSTANT.   IGNORED.
 **********
 **   23 **FIX           16
 **********
 **********
 **   24 **MIGRAD
 **********
 START MIGRAD MINIMIZATION.  STRATEGY  1.  CONVERGENCE WHEN EDM .LT. 1.00e-04
 FCN=376.572 FROM MIGRAD    STATUS=INITIATE       28 CALLS         613 TOTAL
                     EDM= unknown      STRATEGY= 1      NO ERROR MATRIX       
  EXT PARAMETER               CURRENT GUESS       STEP         FIRST   
  NO.   NAME      VALUE            ERROR          SIZE      DERIVATIVE 
   1  N0           3.10033e+06   5.02962e+02   8.18005e-01  -5.58438e-07
   2  tau          6.44027e+01   constant   
   3  A0           3.50024e-01   2.13802e-04   6.43591e-07  -2.08783e+00
   4  phi          4.11428e+00   6.32078e-04   9.12313e-07  -1.11551e-01
   5  R           -6.26367e+01   constant   
   6  alpha_CBO    0.00000e+00   1.00000e-03   1.00000e-03  -2.46307e+04
   7  w_CBO        2.32500e+00   constant   
   8  beta_CBO     0.00000e+00     fixed    
   9  alpha_2CBO   0.00000e+00     fixed    
  10  beta_2CBO    0.00000e+00   1.00000e-03   1.00000e-03   2.27589e+04
  11  alpha_y      0.00000e+00     fixed    
  12  w_y          1.38860e+01   constant   
  13  beta_y       0.00000e+00   1.00000e-03   1.00000e-03   4.39358e+03
  14  alpha_vw     0.00000e+00     fixed    
  15  w_vw         1.43404e+01   constant   
  16  beta_vw      0.00000e+00     fixed    
  17  LM          -1.31878e-04   constant   
  18  zeta_y       0.00000e+00   constant   
  19  zeta_vw      0.00000e+00   constant   
  20  T_CBO        1.25903e+02   4.86341e+01  -9.52322e-05  -1.76415e-03
  21  alpha_A0     2.16594e-03   3.22438e-03   3.07444e-04  -2.13950e-03
  22  beta_A0     -3.46353e-03   4.09646e-03  -3.16694e-04  -3.20500e-03
  23  alpha_phi   -6.28663e-03   3.53992e-03   5.59643e-04   1.73159e-03
  24  beta_phi    -1.80294e-03   3.05376e-03   1.44658e-04   3.26378e-03
 MIGRAD MINIMIZATION HAS CONVERGED.
 FCN=360.804 FROM MIGRAD    STATUS=CONVERGED     170 CALLS         755 TOTAL
                     EDM=4.15214e-06    STRATEGY= 1  ERROR MATRIX UNCERTAINTY   2.1 per cent
  EXT PARAMETER                                   STEP         FIRST   
  NO.   NAME      VALUE            ERROR          SIZE      DERIVATIVE 
   1  N0           3.10035e+06   4.94510e+02   2.27744e-01  -1.95055e-07
   2  tau          6.44027e+01   constant   
   3  A0           3.50030e-01   1.94603e-04  -3.24602e-07  -4.12575e+00
   4  phi          4.11466e+00   6.24752e-04  -3.75074e-08   7.32594e-02
   5  R           -6.26367e+01   constant   
   6  alpha_CBO    6.97737e-04   2.33108e-04  -1.22585e-07  -5.15843e-01
   7  w_CBO        2.32500e+00   constant   
   8  beta_CBO     0.00000e+00     fixed    
   9  alpha_2CBO   0.00000e+00     fixed    
  10  beta_2CBO   -6.08467e-04   2.25492e-04   2.73585e-07   1.25290e+00
  11  alpha_y      0.00000e+00     fixed    
  12  w_y          1.38860e+01   constant   
  13  beta_y      -1.14086e-04   2.22558e-04  -7.90291e-07  -5.78800e+00
  14  alpha_vw     0.00000e+00     fixed    
  15  w_vw         1.43404e+01   constant   
  16  beta_vw      0.00000e+00     fixed    
  17  LM          -1.31878e-04   constant   
  18  zeta_y       0.00000e+00   constant   
  19  zeta_vw      0.00000e+00   constant   
  20  T_CBO        1.13305e+02   3.95576e+01  -1.73751e-04   2.11523e-02
  21  alpha_A0     2.55548e-03   3.48734e-03   6.50957e-04  -3.55898e-03
  22  beta_A0     -4.82779e-03   3.24193e-03  -4.00876e-05   4.26704e-03
  23  alpha_phi   -3.66585e-03   3.72070e-03   3.89558e-06   2.91956e-03
  24  beta_phi    -2.25345e-03   3.69961e-03  -6.83769e-04   2.92579e-04
 EXTERNAL ERROR MATRIX.    NDIM=  25    NPAR= 11    ERR DEF=1
  2.445e+05 
  3.235e-03  3.787e-08 
  4.771e-02 -9.039e-09  3.903e-07 
 -4.879e-03  1.460e-09  1.908e-08  5.434e-08 
 -6.302e-03  1.702e-09 -1.231e-08 -2.086e-09  5.085e-08 
 -1.776e-03 -9.706e-10  1.132e-09 -5.544e-10  1.562e-10  4.953e-08 
 -2.094e+03  1.213e-03 -2.668e-03 -3.819e-05 -1.790e-04  1.942e-03  1.573e+03 
  5.427e-02 -4.633e-08 -1.518e-07  1.780e-08  3.985e-08 -1.162e-07 -2.699e-02  1.273e-05 
  3.031e-02  2.555e-08  6.562e-08 -5.671e-08  7.549e-09  9.923e-08  9.955e-03 -8.867e-07  1.103e-05 
  1.392e-01 -5.290e-09  1.748e-07  1.487e-07 -1.326e-07  1.221e-07  3.205e-02 -8.894e-07 -5.476e-07  1.465e-05 
 -4.275e-01  7.604e-08 -2.386e-07  5.541e-09  1.901e-08  4.239e-08  4.905e-02 -2.157e-07 -6.426e-07 -3.383e-07  1.440e-05 
 PARAMETER  CORRELATION COEFFICIENTS  
       NO.  GLOBAL      1      3      4      6     10     13     20     21     22     23     24
        1  0.29649   1.000  0.034  0.154 -0.042 -0.057 -0.016 -0.107  0.031  0.018  0.074 -0.228
        3  0.21953   0.034  1.000 -0.074  0.032  0.039 -0.022  0.157 -0.067  0.040 -0.007  0.103
        4  0.27341   0.154 -0.074  1.000  0.131 -0.087  0.008 -0.108 -0.068  0.032  0.073 -0.101
        6  0.23970  -0.042  0.032  0.131  1.000 -0.040 -0.011 -0.004  0.021 -0.073  0.167  0.006
       10  0.18538  -0.057  0.039 -0.087 -0.040  1.000  0.003 -0.020  0.050  0.010 -0.154  0.022
       13  0.29612  -0.016 -0.022  0.008 -0.011  0.003  1.000  0.220 -0.146  0.134  0.143  0.050
       20  0.48585  -0.107  0.157 -0.108 -0.004 -0.020  0.220  1.000 -0.191  0.076  0.211  0.326
       21  0.25553   0.031 -0.067 -0.068  0.021  0.050 -0.146 -0.191  1.000 -0.075 -0.065 -0.016
       22  0.20364   0.018  0.040  0.032 -0.073  0.010  0.134  0.076 -0.075  1.000 -0.043 -0.051
       23  0.35412   0.074 -0.007  0.073  0.167 -0.154  0.143  0.211 -0.065 -0.043  1.000 -0.023
       24  0.40187  -0.228  0.103 -0.101  0.006  0.022  0.050  0.326 -0.016 -0.051 -0.023  1.000
MINUIT - FIT ONLY 2-CBO
 **********
 **   25 **RES 
 **********
                   PARAMETER   16  beta_vw RESTORED TO VARIABLE.
                   PARAMETER   14  alpha_vw RESTORED TO VARIABLE.
                   PARAMETER   11  alpha_y RESTORED TO VARIABLE.
                   PARAMETER    9  alpha_2CBO RESTORED TO VARIABLE.
                   PARAMETER    8  beta_CBO RESTORED TO VARIABLE.
 **********
 **   26 **FIX            0
 **********
 PARAMETER    0  IS UNDEFINED. IGNORED.
 **********
 **   27 **FIX            1
 **********
 **********
 **   28 **FIX            2
 **********
 PARAMETER    2  IS CONSTANT.   IGNORED.
 **********
 **   29 **FIX            3
 **********
 **********
 **   30 **FIX            4
 **********
 **********
 **   31 **FIX            5
 **********
 PARAMETER    5  IS CONSTANT.   IGNORED.
 **********
 **   32 **FIX            6
 **********
 **********
 **   33 **FIX            7
 **********
 PARAMETER    7  IS CONSTANT.   IGNORED.
 **********
 **   34 **FIX           10
 **********
 **********
 **   35 **FIX           11
 **********
 **********
 **   36 **FIX           12
 **********
 PARAMETER   12  IS CONSTANT.   IGNORED.
 **********
 **   37 **FIX           13
 **********
 **********
 **   38 **FIX           14
 **********
 **********
 **   39 **FIX           15
 **********
 PARAMETER   15  IS CONSTANT.   IGNORED.
 **********
 **   40 **FIX           16
 **********
 **********
 **   41 **MIGRAD
 **********
 START MIGRAD MINIMIZATION.  STRATEGY  1.  CONVERGENCE WHEN EDM .LT. 1.00e-04
 FCN=360.804 FROM MIGRAD    STATUS=INITIATE       18 CALLS         773 TOTAL
                     EDM= unknown      STRATEGY= 1      NO ERROR MATRIX       
  EXT PARAMETER               CURRENT GUESS       STEP         FIRST   
  NO.   NAME      VALUE            ERROR          SIZE      DERIVATIVE 
   1  N0           3.10035e+06     fixed    
   2  tau          6.44027e+01   constant   
   3  A0           3.50030e-01     fixed    
   4  phi          4.11466e+00     fixed    
   5  R           -6.26367e+01   constant   
   6  alpha_CBO    6.97737e-04     fixed    
   7  w_CBO        2.32500e+00   constant   
   8  beta_CBO     0.00000e+00   1.00000e-03   1.00000e-03  -1.45459e+05
   9  alpha_2CBO   0.00000e+00   1.00000e-03   1.00000e-03  -2.88982e+03
  10  beta_2CBO   -6.08467e-04     fixed    
  11  alpha_y      0.00000e+00     fixed    
  12  w_y          1.38860e+01   constant   
  13  beta_y      -1.14086e-04     fixed    
  14  alpha_vw     0.00000e+00     fixed    
  15  w_vw         1.43404e+01   constant   
  16  beta_vw      0.00000e+00     fixed    
  17  LM          -1.31878e-04   constant   
  18  zeta_y       0.00000e+00   constant   
  19  zeta_vw      0.00000e+00   constant   
  20  T_CBO        1.13305e+02   3.95576e+01  -1.73751e-04   2.11523e-02
  21  alpha_A0     2.55548e-03   3.48734e-03   6.50957e-04  -3.55899e-03
  22  beta_A0     -4.82779e-03   3.24193e-03  -4.00876e-05   4.26712e-03
  23  alpha_phi   -3.66585e-03   3.72070e-03   3.89558e-06   2.91960e-03
  24  beta_phi    -2.25345e-03   3.69961e-03  -6.83769e-04   2.92618e-04
 MIGRAD MINIMIZATION HAS CONVERGED.
 MIGRAD WILL VERIFY CONVERGENCE AND ERROR MATRIX.
 FCN=84.8621 FROM HESSE     STATUS=NOT POSDEF     50 CALLS         965 TOTAL
                     EDM=0.00403994    STRATEGY= 1      ERR MATRIX NOT POS-DEF
  EXT PARAMETER                APPROXIMATE        STEP         FIRST   
  NO.   NAME      VALUE            ERROR          SIZE      DERIVATIVE 
   1  N0           3.10035e+06     fixed    
   2  tau          6.44027e+01   constant   
   3  A0           3.50030e-01     fixed    
   4  phi          4.11466e+00     fixed    
   5  R           -6.26367e+01   constant   
   6  alpha_CBO    6.97737e-04     fixed    
   7  w_CBO        2.32500e+00   constant   
   8  beta_CBO     3.79027e-03   2.27464e-04   1.00229e-06  -2.70028e+00
   9  alpha_2CBO   2.11773e-04   2.30797e-04   1.02295e-06   5.28854e-01
  10  beta_2CBO   -6.08467e-04     fixed    
  11  alpha_y      0.00000e+00     fixed    
  12  w_y          1.38860e+01   constant   
  13  beta_y      -1.14086e-04     fixed    
  14  alpha_vw     0.00000e+00     fixed    
  15  w_vw         1.43404e+01   constant   
  16  beta_vw      0.00000e+00     fixed    
  17  LM          -1.31878e-04   constant   
  18  zeta_y       0.00000e+00   constant   
  19  zeta_vw      0.00000e+00   constant   
  20  T_CBO        1.19680e+02   5.01084e+02   4.13347e-04  -2.25001e-02
  21  alpha_A0     2.26992e-03   1.56389e-02   1.67435e-03  -3.28720e-03
  22  beta_A0      5.32743e-03   1.36655e-02   1.99820e-03   8.78141e-03
  23  alpha_phi   -6.80280e-04   4.75714e-03   1.64262e-03   3.27279e-03
  24  beta_phi     7.46064e-03   1.06374e-02   2.18450e-03   1.16105e-02
 CALL LIMIT EXCEEDED IN MIGRAD.
 MIGRAD TERMINATED WITHOUT CONVERGENCE.
 FCN=84.8341 FROM MIGRAD    STATUS=CALL LIMIT   1157 CALLS        1912 TOTAL
                     EDM=0.00015509    STRATEGY= 1      ERR MATRIX NOT POS-DEF
  EXT PARAMETER                APPROXIMATE        STEP         FIRST   
  NO.   NAME      VALUE            ERROR          SIZE      DERIVATIVE 
   1  N0           3.10035e+06     fixed    
   2  tau          6.44027e+01   constant   
   3  A0           3.50030e-01     fixed    
   4  phi          4.11466e+00     fixed    
   5  R           -6.26367e+01   constant   
   6  alpha_CBO    6.97737e-04     fixed    
   7  w_CBO        2.32500e+00   constant   
   8  beta_CBO     3.79077e-03   2.24749e-04   6.73943e-07   2.60166e+01
   9  alpha_2CBO   2.11565e-04   2.27448e-04   2.76700e-07   1.79509e+01
  10  beta_2CBO   -6.08467e-04     fixed    
  11  alpha_y      0.00000e+00     fixed    
  12  w_y          1.38860e+01   constant   
  13  beta_y      -1.14086e-04     fixed    
  14  alpha_vw     0.00000e+00     fixed    
  15  w_vw         1.43404e+01   constant   
  16  beta_vw      0.00000e+00     fixed    
  17  LM          -1.31878e-04   constant   
  18  zeta_y       0.00000e+00   constant   
  19  zeta_vw      0.00000e+00   constant   
  20  T_CBO        8.86846e+02   8.73501e+02   1.46847e-01  -2.90622e-03
  21  alpha_A0     6.36168e-04   1.60240e-03  -1.68847e-03  -1.05360e-01
  22  beta_A0      1.52071e-03   2.54660e-03  -1.19940e-03  -3.75102e-02
  23  alpha_phi   -2.18882e-04   1.14655e-03  -6.14324e-04  -1.16975e-01
  24  beta_phi     2.18662e-03   3.44123e-03  -2.01696e-03  -4.27083e-02
 EXTERNAL ERROR MATRIX.    NDIM=  25    NPAR=  7    ERR DEF=1
  5.051e-08  9.947e-10  6.629e-02 -9.029e-09  1.671e-08  2.158e-08 -3.528e-09 
  9.947e-10  5.173e-08  2.378e-02  3.103e-08 -3.388e-08  1.558e-08  2.255e-08 
  6.629e-02  2.378e-02  2.501e+07 -5.958e+00 -1.125e+01  1.078e+00 -1.639e+01 
 -9.029e-09  3.103e-08 -5.958e+00  2.590e-06  2.610e-06 -6.893e-07  4.121e-06 
  1.671e-08 -3.388e-08 -1.125e+01  2.610e-06  6.634e-06 -4.462e-07  7.392e-06 
  2.158e-08  1.558e-08  1.078e+00 -6.893e-07 -4.462e-07  1.320e-06 -9.052e-07 
 -3.528e-09  2.255e-08 -1.639e+01  4.121e-06  7.392e-06 -9.052e-07  1.237e-05 
ERR MATRIX NOT POS-DEF
 PARAMETER  CORRELATION COEFFICIENTS  
       NO.  GLOBAL      8      9     20     21     22     23     24
        8  0.24451   1.000  0.019  0.059 -0.025  0.029  0.084 -0.004
        9  0.23856   0.019  1.000  0.021  0.085 -0.058  0.060  0.028
       20  0.95841   0.059  0.021  1.000 -0.740 -0.873  0.187 -0.932
       21  0.78878  -0.025  0.085 -0.740  1.000  0.630 -0.373  0.728
       22  0.87811   0.029 -0.058 -0.873  0.630  1.000 -0.151  0.816
       23  0.43132   0.084  0.060  0.187 -0.373 -0.151  1.000 -0.224
       24  0.93679  -0.004  0.028 -0.932  0.728  0.816 -0.224  1.000
 ERR MATRIX NOT POS-DEF
MINUIT - FIT wiggle + 1-CBO + 2-CBO
 **********
 **   42 **RES 
 **********
                   PARAMETER   16  beta_vw RESTORED TO VARIABLE.
                   PARAMETER   14  alpha_vw RESTORED TO VARIABLE.
                   PARAMETER   13  beta_y RESTORED TO VARIABLE.
                   PARAMETER   11  alpha_y RESTORED TO VARIABLE.
                   PARAMETER   10  beta_2CBO RESTORED TO VARIABLE.
                   PARAMETER    6  alpha_CBO RESTORED TO VARIABLE.
                   PARAMETER    4  phi RESTORED TO VARIABLE.
                   PARAMETER    3  A0 RESTORED TO VARIABLE.
                   PARAMETER    1  N0 RESTORED TO VARIABLE.
 **********
 **   43 **FIX           10
 **********
 **********
 **   44 **FIX           11
 **********
 **********
 **   45 **FIX           12
 **********
 PARAMETER   12  IS CONSTANT.   IGNORED.
 **********
 **   46 **FIX           13
 **********
 **********
 **   47 **FIX           14
 **********
 **********
 **   48 **FIX           15
 **********
 PARAMETER   15  IS CONSTANT.   IGNORED.
 **********
 **   49 **FIX           16
 **********
 **********
 **   50 **MIGRAD
 **********
 START MIGRAD MINIMIZATION.  STRATEGY  1.  CONVERGENCE WHEN EDM .LT. 1.00e-04
 FCN=84.8341 FROM MIGRAD    STATUS=INITIATE       22 CALLS        1934 TOTAL
                     EDM= unknown      STRATEGY= 1      NO ERROR MATRIX       
  EXT PARAMETER               CURRENT GUESS       STEP         FIRST   
  NO.   NAME      VALUE            ERROR          SIZE      DERIVATIVE 
   1  N0           3.10035e+06   4.94510e+02   4.94510e+02   1.28941e-03
   2  tau          6.44027e+01   constant   
   3  A0           3.50030e-01   1.94603e-04   1.94603e-04   3.17562e+04
   4  phi          4.11466e+00   6.24752e-04   6.24752e-04  -7.34654e+03
   5  R           -6.26367e+01   constant   
   6  alpha_CBO    6.97737e-04   2.33108e-04   2.33108e-04   1.16017e+03
   7  w_CBO        2.32500e+00   constant   
   8  beta_CBO     3.79077e-03   2.24749e-04   6.73943e-07   2.60166e+01
   9  alpha_2CBO   2.11565e-04   2.27448e-04   2.76700e-07   1.79509e+01
  10  beta_2CBO   -6.08467e-04     fixed    
  11  alpha_y      0.00000e+00     fixed    
  12  w_y          1.38860e+01   constant   
  13  beta_y      -1.14086e-04     fixed    
  14  alpha_vw     0.00000e+00     fixed    
  15  w_vw         1.43404e+01   constant   
  16  beta_vw      0.00000e+00     fixed    
  17  LM          -1.31878e-04   constant   
  18  zeta_y       0.00000e+00   constant   
  19  zeta_vw      0.00000e+00   constant   
  20  T_CBO        8.86846e+02   8.73501e+02   1.46847e-01  -2.92171e-03
  21  alpha_A0     6.36168e-04   1.60240e-03  -1.68847e-03  -1.05359e-01
  22  beta_A0      1.52071e-03   2.54660e-03  -1.19940e-03  -3.75102e-02
  23  alpha_phi   -2.18882e-04   1.14655e-03  -6.14324e-04  -1.16975e-01
  24  beta_phi     2.18662e-03   3.44123e-03  -2.01696e-03  -4.27082e-02
 MIGRAD MINIMIZATION HAS CONVERGED.
 FCN=66.1486 FROM MIGRAD    STATUS=CONVERGED     171 CALLS        2083 TOTAL
                     EDM=7.72721e-06    STRATEGY= 1  ERROR MATRIX UNCERTAINTY   2.3 per cent
  EXT PARAMETER                                   STEP         FIRST   
  NO.   NAME      VALUE            ERROR          SIZE      DERIVATIVE 
   1  N0           3.10006e+06   5.19469e+02   5.22143e+00   9.69186e-07
   2  tau          6.44027e+01   constant   
   3  A0           3.49260e-01   2.13062e-04  -1.01261e-07  -1.51225e+00
   4  phi          4.11637e+00   6.62433e-04   1.28565e-06  -8.63544e-01
   5  R           -6.26367e+01   constant   
   6  alpha_CBO    7.11605e-04   2.29837e-04   1.36186e-06   9.25187e+00
   7  w_CBO        2.32500e+00   constant   
   8  beta_CBO     4.04830e-03   2.25422e-04   6.55905e-07   4.51403e+00
   9  alpha_2CBO   1.89682e-04   2.26529e-04  -3.40663e-07  -3.76317e+00
  10  beta_2CBO   -6.08467e-04     fixed    
  11  alpha_y      0.00000e+00     fixed    
  12  w_y          1.38860e+01   constant   
  13  beta_y      -1.14086e-04     fixed    
  14  alpha_vw     0.00000e+00     fixed    
  15  w_vw         1.43404e+01   constant   
  16  beta_vw      0.00000e+00     fixed    
  17  LM          -1.31878e-04   constant   
  18  zeta_y       0.00000e+00   constant   
  19  zeta_vw      0.00000e+00   constant   
  20  T_CBO        9.67145e+02   9.13228e+02   1.47045e-03   1.54719e-04
  21  alpha_A0    -9.94323e-05   1.06635e-03  -4.94608e-05  -1.44764e-02
  22  beta_A0      2.04641e-03   1.12921e-03  -1.86554e-05   1.26899e-02
  23  alpha_phi    4.69516e-04   1.08821e-03   1.31361e-04  -3.36684e-02
  24  beta_phi     2.08065e-03   9.15119e-04  -2.61318e-04   2.36195e-02
 EXTERNAL ERROR MATRIX.    NDIM=  25    NPAR= 11    ERR DEF=1
  2.698e+05 
  1.894e-02  4.540e-08 
  5.267e-02 -9.068e-09  4.388e-07 
  5.116e-03  1.536e-09  1.874e-08  5.283e-08 
 -2.577e-03 -9.636e-09  2.526e-08 -9.569e-10  5.082e-08 
 -3.884e-04 -9.854e-10 -1.038e-08 -1.176e-09 -2.618e-09  5.132e-08 
 -1.263e+03 -8.441e-04  7.773e-03  1.201e-03  7.900e-03  1.179e-03  1.281e+05 
  7.631e-02  2.596e-08 -6.632e-08  1.283e-08 -1.516e-08 -1.447e-09 -1.099e-02  1.141e-06 
  6.224e-02 -1.312e-08  9.689e-08  2.448e-08  2.962e-08 -1.428e-08 -8.558e-02 -7.098e-08  1.281e-06 
  5.624e-02 -2.149e-08  1.096e-07  2.561e-08  3.262e-08 -1.103e-08  7.722e-03 -6.569e-08  1.250e-07  1.189e-06 
 -7.866e-02  5.738e-09 -2.076e-08 -1.124e-08  1.223e-08  1.067e-08 -1.005e-01 -1.057e-08 -3.476e-08 -4.024e-08  8.399e-07 
 PARAMETER  CORRELATION COEFFICIENTS  
       NO.  GLOBAL      1      3      4      6      8      9     20     21     22     23     24
        1  0.34609   1.000  0.171  0.153  0.043 -0.022 -0.003 -0.007  0.137  0.106  0.099 -0.165
        3  0.30242   0.171  1.000 -0.064  0.031 -0.201 -0.020 -0.011  0.114 -0.054 -0.092  0.029
        4  0.31512   0.153 -0.064  1.000  0.123  0.169 -0.069  0.033 -0.094  0.129  0.152 -0.034
        6  0.19712   0.043  0.031  0.123  1.000 -0.018 -0.023  0.015  0.052  0.094  0.102 -0.053
        8  0.33068  -0.022 -0.201  0.169 -0.018  1.000 -0.051  0.098 -0.063  0.116  0.133  0.059
        9  0.12223  -0.003 -0.020 -0.069 -0.023 -0.051  1.000  0.015 -0.006 -0.056 -0.045  0.051
       20  0.41056  -0.007 -0.011  0.033  0.015  0.098  0.015  1.000 -0.029 -0.211  0.020 -0.306
       21  0.22363   0.137  0.114 -0.094  0.052 -0.063 -0.006 -0.029  1.000 -0.059 -0.056 -0.011
       22  0.33149   0.106 -0.054  0.129  0.094  0.116 -0.056 -0.211 -0.059  1.000  0.101 -0.034
       23  0.24938   0.099 -0.092  0.152  0.102  0.133 -0.045  0.020 -0.056  0.101  1.000 -0.040
       24  0.38450  -0.165  0.029 -0.034 -0.053  0.059  0.051 -0.306 -0.011 -0.034 -0.040  1.000
MINUIT - FIT ONLY 1-y
 **********
 **   51 **RES 
 **********
                   PARAMETER   16  beta_vw RESTORED TO VARIABLE.
                   PARAMETER   14  alpha_vw RESTORED TO VARIABLE.
                   PARAMETER   13  beta_y RESTORED TO VARIABLE.
                   PARAMETER   11  alpha_y RESTORED TO VARIABLE.
                   PARAMETER   10  beta_2CBO RESTORED TO VARIABLE.
 **********
 **   52 **FIX            0
 **********
 PARAMETER    0  IS UNDEFINED. IGNORED.
 **********
 **   53 **FIX            1
 **********
 **********
 **   54 **FIX            2
 **********
 PARAMETER    2  IS CONSTANT.   IGNORED.
 **********
 **   55 **FIX            3
 **********
 **********
 **   56 **FIX            4
 **********
 **********
 **   57 **FIX            5
 **********
 PARAMETER    5  IS CONSTANT.   IGNORED.
 **********
 **   58 **FIX            6
 **********
 **********
 **   59 **FIX            7
 **********
 PARAMETER    7  IS CONSTANT.   IGNORED.
 **********
 **   60 **FIX            8
 **********
 **********
 **   61 **FIX            9
 **********
 **********
 **   62 **FIX           13
 **********
 **********
 **   63 **FIX           14
 **********
 **********
 **   64 **FIX           15
 **********
 PARAMETER   15  IS CONSTANT.   IGNORED.
 **********
 **   65 **FIX           16
 **********
 **********
 **   66 **MIGRAD
 **********
 START MIGRAD MINIMIZATION.  STRATEGY  1.  CONVERGENCE WHEN EDM .LT. 1.00e-04
 FCN=66.1486 FROM MIGRAD    STATUS=INITIATE       16 CALLS        2099 TOTAL
                     EDM= unknown      STRATEGY= 1      NO ERROR MATRIX       
  EXT PARAMETER               CURRENT GUESS       STEP         FIRST   
  NO.   NAME      VALUE            ERROR          SIZE      DERIVATIVE 
   1  N0           3.10006e+06     fixed    
   2  tau          6.44027e+01   constant   
   3  A0           3.49260e-01     fixed    
   4  phi          4.11637e+00     fixed    
   5  R           -6.26367e+01   constant   
   6  alpha_CBO    7.11605e-04     fixed    
   7  w_CBO        2.32500e+00   constant   
   8  beta_CBO     4.04830e-03     fixed    
   9  alpha_2CBO   1.89682e-04     fixed    
  10  beta_2CBO   -6.08467e-04   2.25492e-04   2.25492e-04   2.52031e+03
  11  alpha_y      0.00000e+00   1.00000e-03   1.00000e-03   1.95644e+04
  12  w_y          1.38860e+01   constant   
  13  beta_y      -1.14086e-04     fixed    
  14  alpha_vw     0.00000e+00     fixed    
  15  w_vw         1.43404e+01   constant   
  16  beta_vw      0.00000e+00     fixed    
  17  LM          -1.31878e-04   constant   
  18  zeta_y       0.00000e+00   constant   
  19  zeta_vw      0.00000e+00   constant   
  20  T_CBO        9.67145e+02   9.13228e+02   1.47045e-03   1.57938e-04
  21  alpha_A0    -9.94323e-05   1.06635e-03  -4.94608e-05  -1.44762e-02
  22  beta_A0      2.04641e-03   1.12921e-03  -1.86554e-05   1.26899e-02
  23  alpha_phi    4.69516e-04   1.08821e-03   1.31361e-04  -3.36684e-02
  24  beta_phi     2.08065e-03   9.15119e-04  -2.61318e-04   2.36195e-02
 MIGRAD MINIMIZATION HAS CONVERGED.
 MIGRAD WILL VERIFY CONVERGENCE AND ERROR MATRIX.
 COVARIANCE MATRIX CALCULATED SUCCESSFULLY
 FCN=61.1337 FROM MIGRAD    STATUS=CONVERGED     135 CALLS        2218 TOTAL
                     EDM=2.03675e-05    STRATEGY= 1      ERROR MATRIX ACCURATE 
  EXT PARAMETER                                   STEP         FIRST   
  NO.   NAME      VALUE            ERROR          SIZE      DERIVATIVE 
   1  N0           3.10006e+06     fixed    
   2  tau          6.44027e+01   constant   
   3  A0           3.49260e-01     fixed    
   4  phi          4.11637e+00     fixed    
   5  R           -6.26367e+01   constant   
   6  alpha_CBO    7.11605e-04     fixed    
   7  w_CBO        2.32500e+00   constant   
   8  beta_CBO     4.04830e-03     fixed    
   9  alpha_2CBO   1.89682e-04     fixed    
  10  beta_2CBO   -6.76944e-04   2.29414e-04   8.63621e-07  -9.08277e+00
  11  alpha_y     -5.03812e-04   2.26893e-04   8.72978e-07   1.09871e+00
  12  w_y          1.38860e+01   constant   
  13  beta_y      -1.14086e-04     fixed    
  14  alpha_vw     0.00000e+00     fixed    
  15  w_vw         1.43404e+01   constant   
  16  beta_vw      0.00000e+00     fixed    
  17  LM          -1.31878e-04   constant   
  18  zeta_y       0.00000e+00   constant   
  19  zeta_vw      0.00000e+00   constant   
  20  T_CBO        9.57898e+02   8.35179e+02   4.00204e-02   2.85584e-04
  21  alpha_A0    -1.24519e-04   1.05254e-03   3.95927e-04   8.48049e-03
  22  beta_A0      1.99034e-03   2.55304e-03   4.17493e-04  -3.39947e-03
  23  alpha_phi    5.64843e-04   1.24162e-03   3.98389e-04  -9.44847e-03
  24  beta_phi     2.09466e-03   2.58676e-03   3.63059e-04   2.18337e-02
 EXTERNAL ERROR MATRIX.    NDIM=  25    NPAR=  7    ERR DEF=1
  5.263e-08  1.921e-10  3.090e-03  2.228e-08  2.272e-08 -3.807e-08  8.873e-09 
  1.921e-10  5.148e-08  1.431e-03 -1.913e-10  2.404e-09 -4.817e-09 -2.882e-09 
  3.090e-03  1.431e-03  4.395e+07  1.016e+00 -1.557e+01 -4.351e+00 -1.623e+01 
  2.228e-08 -1.913e-10  1.016e+00  1.112e-06 -3.937e-07 -2.318e-07 -2.950e-07 
  2.272e-08  2.404e-09 -1.557e+01 -3.937e-07  6.671e-06  1.625e-06  5.704e-06 
 -3.807e-08 -4.817e-09 -4.351e+00 -2.318e-07  1.625e-06  1.550e-06  1.561e-06 
  8.873e-09 -2.882e-09 -1.623e+01 -2.950e-07  5.704e-06  1.561e-06  6.854e-06 
 PARAMETER  CORRELATION COEFFICIENTS  
       NO.  GLOBAL     10     11     20     21     22     23     24
       10  0.20828   1.000  0.004  0.002  0.092  0.038 -0.133  0.015
       11  0.02642   0.004  1.000  0.001 -0.001  0.004 -0.017 -0.005
       20  0.96285   0.002  0.001  1.000  0.145 -0.909 -0.527 -0.935
       21  0.21578   0.092 -0.001  0.145  1.000 -0.145 -0.177 -0.107
       22  0.91119   0.038  0.004 -0.909 -0.145  1.000  0.505  0.844
       23  0.55627  -0.133 -0.017 -0.527 -0.177  0.505  1.000  0.479
       24  0.93576   0.015 -0.005 -0.935 -0.107  0.844  0.479  1.000
MINUIT - FIT ONLY 2-y
 **********
 **   67 **RES 
 **********
                   PARAMETER   16  beta_vw RESTORED TO VARIABLE.
                   PARAMETER   14  alpha_vw RESTORED TO VARIABLE.
                   PARAMETER   13  beta_y RESTORED TO VARIABLE.
                   PARAMETER    9  alpha_2CBO RESTORED TO VARIABLE.
                   PARAMETER    8  beta_CBO RESTORED TO VARIABLE.
                   PARAMETER    6  alpha_CBO RESTORED TO VARIABLE.
                   PARAMETER    4  phi RESTORED TO VARIABLE.
                   PARAMETER    3  A0 RESTORED TO VARIABLE.
                   PARAMETER    1  N0 RESTORED TO VARIABLE.
 **********
 **   68 **FIX            0
 **********
 PARAMETER    0  IS UNDEFINED. IGNORED.
 **********
 **   69 **FIX            1
 **********
 **********
 **   70 **FIX            2
 **********
 PARAMETER    2  IS CONSTANT.   IGNORED.
 **********
 **   71 **FIX            3
 **********
 **********
 **   72 **FIX            4
 **********
 **********
 **   73 **FIX            5
 **********
 PARAMETER    5  IS CONSTANT.   IGNORED.
 **********
 **   74 **FIX            6
 **********
 **********
 **   75 **FIX            7
 **********
 PARAMETER    7  IS CONSTANT.   IGNORED.
 **********
 **   76 **FIX            8
 **********
 **********
 **   77 **FIX            9
 **********
 **********
 **   78 **FIX           10
 **********
 **********
 **   79 **FIX           11
 **********
 **********
 **   80 **FIX           12
 **********
 PARAMETER   12  IS CONSTANT.   IGNORED.
 **********
 **   81 **FIX           16
 **********
 **********
 **   82 **MIGRAD
 **********
 START MIGRAD MINIMIZATION.  STRATEGY  1.  CONVERGENCE WHEN EDM .LT. 1.00e-04
 FCN=61.1337 FROM MIGRAD    STATUS=INITIATE       16 CALLS        2234 TOTAL
                     EDM= unknown      STRATEGY= 1      NO ERROR MATRIX       
  EXT PARAMETER               CURRENT GUESS       STEP         FIRST   
  NO.   NAME      VALUE            ERROR          SIZE      DERIVATIVE 
   1  N0           3.10006e+06     fixed    
   2  tau          6.44027e+01   constant   
   3  A0           3.49260e-01     fixed    
   4  phi          4.11637e+00     fixed    
   5  R           -6.26367e+01   constant   
   6  alpha_CBO    7.11605e-04     fixed    
   7  w_CBO        2.32500e+00   constant   
   8  beta_CBO     4.04830e-03     fixed    
   9  alpha_2CBO   1.89682e-04     fixed    
  10  beta_2CBO   -6.76944e-04     fixed    
  11  alpha_y     -5.03812e-04     fixed    
  12  w_y          1.38860e+01   constant   
  13  beta_y      -1.14086e-04   2.22558e-04   2.22558e-04   6.49495e+02
  14  alpha_vw     0.00000e+00   1.00000e-03   1.00000e-03  -1.82387e+04
  15  w_vw         1.43404e+01   constant   
  16  beta_vw      0.00000e+00     fixed    
  17  LM          -1.31878e-04   constant   
  18  zeta_y       0.00000e+00   constant   
  19  zeta_vw      0.00000e+00   constant   
  20  T_CBO        9.57898e+02   8.35179e+02   4.00204e-02   2.76885e-04
  21  alpha_A0    -1.24519e-04   1.05254e-03   3.95927e-04   8.48095e-03
  22  beta_A0      1.99034e-03   2.55304e-03   4.17493e-04  -3.40215e-03
  23  alpha_phi    5.64843e-04   1.24162e-03   3.98389e-04  -9.44927e-03
  24  beta_phi     2.09466e-03   2.58676e-03   3.63059e-04   2.18306e-02
 MIGRAD MINIMIZATION HAS CONVERGED.
 MIGRAD WILL VERIFY CONVERGENCE AND ERROR MATRIX.
 COVARIANCE MATRIX CALCULATED SUCCESSFULLY
 FCN=56.7616 FROM MIGRAD    STATUS=CONVERGED     132 CALLS        2350 TOTAL
                     EDM=5.07891e-06    STRATEGY= 1      ERROR MATRIX ACCURATE 
  EXT PARAMETER                                   STEP         FIRST   
  NO.   NAME      VALUE            ERROR          SIZE      DERIVATIVE 
   1  N0           3.10006e+06     fixed    
   2  tau          6.44027e+01   constant   
   3  A0           3.49260e-01     fixed    
   4  phi          4.11637e+00     fixed    
   5  R           -6.26367e+01   constant   
   6  alpha_CBO    7.11605e-04     fixed    
   7  w_CBO        2.32500e+00   constant   
   8  beta_CBO     4.04830e-03     fixed    
   9  alpha_2CBO   1.89682e-04     fixed    
  10  beta_2CBO   -6.76944e-04     fixed    
  11  alpha_y     -5.03812e-04     fixed    
  12  w_y          1.38860e+01   constant   
  13  beta_y      -2.30206e-05   2.29595e-04   8.30067e-07   8.85670e-01
  14  alpha_vw     4.82762e-04   2.30978e-04   8.35100e-07   3.30124e+00
  15  w_vw         1.43404e+01   constant   
  16  beta_vw      0.00000e+00     fixed    
  17  LM          -1.31878e-04   constant   
  18  zeta_y       0.00000e+00   constant   
  19  zeta_vw      0.00000e+00   constant   
