 + ++++++++++++++++++++++++++++++++++++++++++++++++++++++++++++++++++++ +
 +                                                                      +
 +           You have chose to blind your fitting according to          +
 +                omega_ref * (1 + (R +/- deltaR) *10^{-6})             +
 +                                                                      +
 + ++++++++++++++++++++++++++++++++++++++++++++++++++++++++++++++++++++ +
In main()...
reading format from /gm2data/zkhechad/run45/envelope/formats/formatB_sBin_constraintOn.txt
pBinTau 	= 0  
pBinPhi 	= 0  
constraintau 	= 1 
includeMopTerm 	= 0    
constrainMop    = 0   
Parameters after format file: pBinTau 0 pBinPhi 0 constraintau 1 includeMopTerm 0 constrainMop 0 c_e_scale 0.000000 
Opening file /gm2data/tbarrett/gm2fr/studies/run23_bunch_corrections/CorrectedFourier_Run3b.root.
reading full fit data from /gm2data/zkhechad/cboTemplates/Run4CBOTemplates/fullFits/noRF/sBin_constraintOn_cE0.0_seed0_noRF_calo13.root
windowBins = 69
fitting sliding window 910 from bin 1046 at 155.914000 to bin 1115 at 166.358000 (69 bins)

Reading data from /gm2data/cornell/histograms/aMethod/histogram_a_noRF.root
 **********
 **    1 **SET PRINTOUT            1
 **********
 **********
 **    2 **SET NOWARNINGS 
 **********
 PARAMETER DEFINITIONS:
    NO.   NAME         VALUE      STEP SIZE      LIMITS
     1 N0           3.45227e+06  1.00000e+02     no limits
     2 tau          6.44025e+01  constant
     3 A0           3.52708e-01  1.00000e-04     no limits
     4 phi          4.13064e+00  1.00000e-02     no limits
     5 R           -6.08848e+01  constant
     6 alpha_CBO    0.00000e+00  1.00000e-03     no limits
     7 w_CBO        2.32500e+00  constant
     8 beta_CBO     0.00000e+00  1.00000e-03     no limits
     9 alpha_2CBO   0.00000e+00  1.00000e-03     no limits
    10 beta_2CBO    0.00000e+00  1.00000e-03     no limits
    11 alpha_y      0.00000e+00  1.00000e-03     no limits
    12 w_y          1.38860e+01  constant
    13 beta_y       0.00000e+00  1.00000e-03     no limits
    14 alpha_vw     0.00000e+00  1.00000e-03     no limits
    15 w_vw         1.43404e+01  constant
    16 beta_vw      0.00000e+00  1.00000e-03     no limits
    17 LM          -3.36503e-05  constant
    18 zeta_y       0.00000e+00  constant
    19 zeta_vw      0.00000e+00  constant
    20 T_CBO        1.00000e+02  1.00000e+00    0.00000e+00  1.00000e+03
    21 alpha_A0     0.00000e+00  1.00000e-03     no limits
    22 beta_A0      0.00000e+00  1.00000e-03     no limits
    23 alpha_phi    0.00000e+00  1.00000e-03     no limits
    24 beta_phi     0.00000e+00  1.00000e-03     no limits
MINUIT - FIT ONLY WIGGLE
 **********
 **    3 **FIX            5
 **********
 PARAMETER    5  IS CONSTANT.   IGNORED.
 **********
 **    4 **FIX            6
 **********
 **********
 **    5 **FIX            7
 **********
 PARAMETER    7  IS CONSTANT.   IGNORED.
 **********
 **    6 **FIX            8
 **********
 **********
 **    7 **FIX            9
 **********
 **********
 **    8 **FIX           10
 **********
 **********
 **    9 **FIX           11
 **********
 **********
 **   10 **FIX           12
 **********
 PARAMETER   12  IS CONSTANT.   IGNORED.
 **********
 **   11 **FIX           13
 **********
 **********
 **   12 **FIX           14
 **********
 **********
 **   13 **FIX           15
 **********
 PARAMETER   15  IS CONSTANT.   IGNORED.
 **********
 **   14 **FIX           16
 **********
 **********
 **   15 **MIGRAD
 **********
 FIRST CALL TO USER FUNCTION AT NEW START POINT, WITH IFLAG=4.
 START MIGRAD MINIMIZATION.  STRATEGY  1.  CONVERGENCE WHEN EDM .LT. 1.00e-04
 FCN=1089.02 FROM MIGRAD    STATUS=INITIATE      435 CALLS         436 TOTAL
                     EDM= unknown      STRATEGY= 1      NO ERROR MATRIX       
  EXT PARAMETER               CURRENT GUESS       STEP         FIRST   
  NO.   NAME      VALUE            ERROR          SIZE      DERIVATIVE 
   1  N0           3.45227e+06   1.00000e+02   0.00000e+00  -7.22540e-03
   2  tau          6.44025e+01   constant   
   3  A0           3.52708e-01   1.00000e-04   0.00000e+00  -8.89218e+04
   4  phi          4.13064e+00   1.00000e-02   0.00000e+00   3.74792e+03
   5  R           -6.08848e+01   constant   
   6  alpha_CBO    0.00000e+00     fixed    
   7  w_CBO        2.32500e+00   constant   
   8  beta_CBO     0.00000e+00     fixed    
   9  alpha_2CBO   0.00000e+00     fixed    
  10  beta_2CBO    0.00000e+00     fixed    
  11  alpha_y      0.00000e+00     fixed    
  12  w_y          1.38860e+01   constant   
  13  beta_y       0.00000e+00     fixed    
  14  alpha_vw     0.00000e+00     fixed    
  15  w_vw         1.43404e+01   constant   
  16  beta_vw      0.00000e+00     fixed    
  17  LM          -3.36503e-05   constant   
  18  zeta_y       0.00000e+00   constant   
  19  zeta_vw      0.00000e+00   constant   
  20  T_CBO        1.00000e+02   1.00000e+00   0.00000e+00   0.00000e+00
  21  alpha_A0     0.00000e+00   1.00000e-03   0.00000e+00  -1.93444e+03
  22  beta_A0      0.00000e+00   1.00000e-03   0.00000e+00   2.06301e+03
  23  alpha_phi    0.00000e+00   1.00000e-03   0.00000e+00  -1.39562e+02
  24  beta_phi     0.00000e+00   1.00000e-03   0.00000e+00  -5.37097e+02
 CALL LIMIT EXCEEDED IN MIGRAD.
 MIGRAD TERMINATED WITHOUT CONVERGENCE.
 FCN=967.878 FROM MIGRAD    STATUS=CALL LIMIT   1323 CALLS        1324 TOTAL
                     EDM=0.178964    STRATEGY= 1  ERROR MATRIX UNCERTAINTY   0.8 per cent
  EXT PARAMETER                APPROXIMATE        STEP         FIRST   
  NO.   NAME      VALUE            ERROR          SIZE      DERIVATIVE 
   1  N0           3.45336e+06   5.03329e+02   2.84613e+01   1.02275e-04
   2  tau          6.44025e+01   constant   
   3  A0           3.54511e-01   1.95248e-04  -1.40286e-06   3.72028e+02
   4  phi          4.12979e+00   5.53541e-04   3.00080e-05   8.45945e+01
   5  R           -6.08848e+01   constant   
   6  alpha_CBO    0.00000e+00     fixed    
   7  w_CBO        2.32500e+00   constant   
   8  beta_CBO     0.00000e+00     fixed    
   9  alpha_2CBO   0.00000e+00     fixed    
  10  beta_2CBO    0.00000e+00     fixed    
  11  alpha_y      0.00000e+00     fixed    
  12  w_y          1.38860e+01   constant   
  13  beta_y       0.00000e+00     fixed    
  14  alpha_vw     0.00000e+00     fixed    
  15  w_vw         1.43404e+01   constant   
  16  beta_vw      0.00000e+00     fixed    
  17  LM          -3.36503e-05   constant   
  18  zeta_y       0.00000e+00   constant   
  19  zeta_vw      0.00000e+00   constant   
  20  T_CBO        2.20311e+01   2.00837e+00  -4.72376e-03  -1.90014e+02
  21  alpha_A0     5.20435e+00   2.85348e+00   9.85331e-01  -5.73343e-01
  22  beta_A0     -4.39640e+00   2.40837e+00  -8.31650e-01   3.23943e-01
  23  alpha_phi   -3.82625e-01   2.07554e-01  -7.16688e-02   1.74994e-01
  24  beta_phi    -1.02734e+00   5.54864e-01  -1.91601e-01   2.70284e-01
 EXTERNAL ERROR MATRIX.    NDIM=  25    NPAR=  8    ERR DEF=1
  2.533e+05  4.927e-03 -3.812e-02 -1.227e+01  4.683e+01 -3.979e+01 -3.571e+00 -8.830e+00 
  4.927e-03  3.812e-08  1.188e-09  7.983e-06  4.358e-06 -3.659e-06 -3.738e-07 -9.583e-07 
 -3.812e-02  1.188e-09  3.064e-07  3.883e-05 -2.519e-05  2.133e-05  1.849e-06  4.563e-06 
 -1.227e+01  7.983e-06  3.883e-05  4.034e+00 -5.697e+00  4.809e+00  4.143e-01  1.108e+00 
  4.683e+01  4.358e-06 -2.519e-05 -5.697e+00  8.142e+00 -6.872e+00 -5.921e-01 -1.583e+00 
 -3.979e+01 -3.659e-06  2.133e-05  4.809e+00 -6.872e+00  5.800e+00  4.998e-01  1.336e+00 
 -3.571e+00 -3.738e-07  1.849e-06  4.143e-01 -5.921e-01  4.998e-01  4.308e-02  1.151e-01 
 -8.830e+00 -9.583e-07  4.563e-06  1.108e+00 -1.583e+00  1.336e+00  1.151e-01  3.079e-01 
ERR MATRIX APPROXIMATE
 PARAMETER  CORRELATION COEFFICIENTS  
       NO.  GLOBAL      1      3      4     20     21     22     23     24
        1  0.30521   1.000  0.050 -0.137 -0.012  0.033 -0.033 -0.034 -0.032
        3  0.30103   0.050  1.000  0.011  0.020  0.008 -0.008 -0.009 -0.009
        4  0.27807  -0.137  0.011  1.000  0.035 -0.016  0.016  0.016  0.015
       20  0.99493  -0.012  0.020  0.035  1.000 -0.994  0.994  0.994  0.994
       21  1.00000   0.033  0.008 -0.016 -0.994  1.000 -1.000 -1.000 -1.000
       22  1.00000  -0.033 -0.008  0.016  0.994 -1.000  1.000  1.000  1.000
       23  0.99982  -0.034 -0.009  0.016  0.994 -1.000  1.000  1.000  1.000
       24  0.99997  -0.032 -0.009  0.015  0.994 -1.000  1.000  1.000  1.000
 ERR MATRIX APPROXIMATE
MINUIT - FIT ONLY 1-CBO + wiggle
 **********
 **   16 **RES 
 **********
                   PARAMETER   16  beta_vw RESTORED TO VARIABLE.
                   PARAMETER   14  alpha_vw RESTORED TO VARIABLE.
                   PARAMETER   13  beta_y RESTORED TO VARIABLE.
                   PARAMETER   11  alpha_y RESTORED TO VARIABLE.
                   PARAMETER   10  beta_2CBO RESTORED TO VARIABLE.
                   PARAMETER    9  alpha_2CBO RESTORED TO VARIABLE.
                   PARAMETER    8  beta_CBO RESTORED TO VARIABLE.
                   PARAMETER    6  alpha_CBO RESTORED TO VARIABLE.
 **********
 **   17 **FIX            8
 **********
 **********
 **   18 **FIX            9
 **********
 **********
 **   19 **FIX           11
 **********
 **********
 **   20 **FIX           12
 **********
 PARAMETER   12  IS CONSTANT.   IGNORED.
 **********
 **   21 **FIX           14
 **********
 **********
 **   22 **FIX           15
 **********
 PARAMETER   15  IS CONSTANT.   IGNORED.
 **********
 **   23 **FIX           16
 **********
 **********
 **   24 **MIGRAD
 **********
 START MIGRAD MINIMIZATION.  STRATEGY  1.  CONVERGENCE WHEN EDM .LT. 1.00e-04
 FCN=967.878 FROM MIGRAD    STATUS=INITIATE       28 CALLS        1352 TOTAL
                     EDM= unknown      STRATEGY= 1      NO ERROR MATRIX       
  EXT PARAMETER               CURRENT GUESS       STEP         FIRST   
  NO.   NAME      VALUE            ERROR          SIZE      DERIVATIVE 
   1  N0           3.45336e+06   5.03329e+02   2.84613e+01   1.02275e-04
   2  tau          6.44025e+01   constant   
   3  A0           3.54511e-01   1.95248e-04  -1.40286e-06   3.72028e+02
   4  phi          4.12979e+00   5.53541e-04   3.00080e-05   8.45945e+01
   5  R           -6.08848e+01   constant   
   6  alpha_CBO    0.00000e+00   1.00000e-03   1.00000e-03  -1.10037e+05
   7  w_CBO        2.32500e+00   constant   
   8  beta_CBO     0.00000e+00     fixed    
   9  alpha_2CBO   0.00000e+00     fixed    
  10  beta_2CBO    0.00000e+00   1.00000e-03   1.00000e-03   6.91641e+02
  11  alpha_y      0.00000e+00     fixed    
  12  w_y          1.38860e+01   constant   
  13  beta_y       0.00000e+00   1.00000e-03   1.00000e-03  -9.41751e+03
  14  alpha_vw     0.00000e+00     fixed    
  15  w_vw         1.43404e+01   constant   
  16  beta_vw      0.00000e+00     fixed    
  17  LM          -3.36503e-05   constant   
  18  zeta_y       0.00000e+00   constant   
  19  zeta_vw      0.00000e+00   constant   
  20  T_CBO        2.20311e+01   2.00837e+00  -4.72376e-03  -1.90015e+02
  21  alpha_A0     5.20435e+00   2.85348e+00   9.85331e-01  -5.73343e-01
  22  beta_A0     -4.39640e+00   2.40837e+00  -8.31650e-01   3.23943e-01
  23  alpha_phi   -3.82625e-01   2.07554e-01  -7.16688e-02   1.74994e-01
  24  beta_phi    -1.02734e+00   5.54864e-01  -1.91601e-01   2.70284e-01
 CALL LIMIT EXCEEDED IN MIGRAD.
 MIGRAD TERMINATED WITHOUT CONVERGENCE.
 FCN=819.129 FROM MIGRAD    STATUS=CALL LIMIT   1908 CALLS        3232 TOTAL
                     EDM=0.091434    STRATEGY= 1  ERROR MATRIX UNCERTAINTY  10.2 per cent
  EXT PARAMETER                APPROXIMATE        STEP         FIRST   
  NO.   NAME      VALUE            ERROR          SIZE      DERIVATIVE 
   1  N0           3.45295e+06   4.89212e+02   4.67981e+01   2.80943e-04
   2  tau          6.44025e+01   constant   
   3  A0           3.54071e-01   1.92919e-04  -7.82371e-06  -1.55602e+02
   4  phi          4.12867e+00   5.48217e-04   5.17335e-05   2.84517e+02
   5  R           -6.08848e+01   constant   
   6  alpha_CBO    2.52543e-03   2.12440e-04   1.44643e-05   3.33649e+02
   7  w_CBO        2.32500e+00   constant   
   8  beta_CBO     0.00000e+00     fixed    
   9  alpha_2CBO   0.00000e+00     fixed    
  10  beta_2CBO   -4.87228e-05   1.99594e-04  -2.98519e-05  -9.79486e+02
  11  alpha_y      0.00000e+00     fixed    
  12  w_y          1.38860e+01   constant   
  13  beta_y       1.74006e-04   1.95587e-04   7.13326e-06   2.98133e+02
  14  alpha_vw     0.00000e+00     fixed    
  15  w_vw         1.43404e+01   constant   
  16  beta_vw      0.00000e+00     fixed    
  17  LM          -3.36503e-05   constant   
  18  zeta_y       0.00000e+00   constant   
  19  zeta_vw      0.00000e+00   constant   
  20  T_CBO        8.30592e+00   2.91244e-01  -1.82028e-04  -9.75488e+01
  21  alpha_A0     6.03989e+05   3.39407e+05   4.27729e+04  -2.33375e-06
  22  beta_A0     -7.60412e+05   4.27314e+05  -5.38513e+04  -8.92137e-07
  23  alpha_phi    1.86565e+05   1.04840e+05   1.32123e+04  -1.97960e-06
  24  beta_phi    -5.85610e+04   3.29044e+04  -4.14665e+03   3.59987e-06
 EXTERNAL ERROR MATRIX.    NDIM=  25    NPAR= 11    ERR DEF=1
  2.393e+05 
  5.266e-03  3.722e-08 
 -3.843e-02  3.937e-09  3.005e-07 
 -8.745e-03 -6.075e-09 -1.666e-08  4.513e-08 
  4.215e-03 -2.777e-10  7.705e-09 -1.081e-09  3.984e-08 
 -2.000e-03  1.403e-10 -1.649e-09 -2.680e-10 -5.157e-10  3.825e-08 
 -2.928e+01  4.759e-06 -3.438e-05 -9.291e-06  2.024e-05 -5.034e-06  8.482e-02 
  3.609e+07 -5.473e+00  4.003e+01  1.005e+01 -2.495e+01  6.732e+00 -9.482e+04  1.152e+11 
 -4.544e+07  6.890e+00 -5.040e+01 -1.265e+01  3.142e+01 -8.476e+00  1.194e+05 -1.450e+11  1.826e+11 
  1.115e+07 -1.691e+00  1.237e+01  3.103e+00 -7.708e+00  2.079e+00 -2.929e+04  3.558e+10 -4.480e+10  1.099e+10 
 -3.499e+06  5.305e-01 -3.881e+00 -9.740e-01  2.419e+00 -6.527e-01  9.193e+03 -1.117e+10  1.406e+10 -3.450e+09  1.083e+09 
ERR MATRIX APPROXIMATE
 PARAMETER  CORRELATION COEFFICIENTS  
       NO.  GLOBAL      1      3      4      6     10     13     20     21     22     23     24
        1  0.43988   1.000  0.056 -0.143 -0.084  0.043 -0.021 -0.206  0.217 -0.217  0.217 -0.217
        3  0.31136   0.056  1.000  0.037 -0.148 -0.007  0.004  0.085 -0.084  0.084 -0.084  0.084
        4  0.41960  -0.143  0.037  1.000 -0.143  0.070 -0.015 -0.215  0.215 -0.215  0.215 -0.215
        6  0.35091  -0.084 -0.148 -0.143  1.000 -0.025 -0.006 -0.150  0.139 -0.139  0.139 -0.139
       10  0.44337   0.043 -0.007  0.070 -0.025  1.000 -0.013  0.348 -0.368  0.368 -0.368  0.368
       13  0.14048  -0.021  0.004 -0.015 -0.006 -0.013  1.000 -0.088  0.101 -0.101  0.101 -0.101
       20  0.95965  -0.206  0.085 -0.215 -0.150  0.348 -0.088  1.000 -0.959  0.959 -0.959  0.959
       21  1.00000   0.217 -0.084  0.215  0.139 -0.368  0.101 -0.959  1.000 -1.000  1.000 -1.000
       22  1.00000  -0.217  0.084 -0.215 -0.139  0.368 -0.101  0.959 -1.000  1.000 -1.000  1.000
       23  1.00000   0.217 -0.084  0.215  0.139 -0.368  0.101 -0.959  1.000 -1.000  1.000 -1.000
       24  1.00000  -0.217  0.084 -0.215 -0.139  0.368 -0.101  0.959 -1.000  1.000 -1.000  1.000
 ERR MATRIX APPROXIMATE
MINUIT - FIT ONLY 2-CBO
 **********
 **   25 **RES 
 **********
                   PARAMETER   16  beta_vw RESTORED TO VARIABLE.
                   PARAMETER   14  alpha_vw RESTORED TO VARIABLE.
                   PARAMETER   11  alpha_y RESTORED TO VARIABLE.
                   PARAMETER    9  alpha_2CBO RESTORED TO VARIABLE.
                   PARAMETER    8  beta_CBO RESTORED TO VARIABLE.
 **********
 **   26 **FIX            0
 **********
 PARAMETER    0  IS UNDEFINED. IGNORED.
 **********
 **   27 **FIX            1
 **********
 **********
 **   28 **FIX            2
 **********
 PARAMETER    2  IS CONSTANT.   IGNORED.
 **********
 **   29 **FIX            3
 **********
 **********
 **   30 **FIX            4
 **********
 **********
 **   31 **FIX            5
 **********
 PARAMETER    5  IS CONSTANT.   IGNORED.
 **********
 **   32 **FIX            6
 **********
 **********
 **   33 **FIX            7
 **********
 PARAMETER    7  IS CONSTANT.   IGNORED.
 **********
 **   34 **FIX           10
 **********
 **********
 **   35 **FIX           11
 **********
 **********
 **   36 **FIX           12
 **********
 PARAMETER   12  IS CONSTANT.   IGNORED.
 **********
 **   37 **FIX           13
 **********
 **********
 **   38 **FIX           14
 **********
 **********
 **   39 **FIX           15
 **********
 PARAMETER   15  IS CONSTANT.   IGNORED.
 **********
 **   40 **FIX           16
 **********
 **********
 **   41 **MIGRAD
 **********
 START MIGRAD MINIMIZATION.  STRATEGY  1.  CONVERGENCE WHEN EDM .LT. 1.00e-04
 FCN=819.129 FROM MIGRAD    STATUS=INITIATE       18 CALLS        3250 TOTAL
                     EDM= unknown      STRATEGY= 1      NO ERROR MATRIX       
  EXT PARAMETER               CURRENT GUESS       STEP         FIRST   
  NO.   NAME      VALUE            ERROR          SIZE      DERIVATIVE 
   1  N0           3.45295e+06     fixed    
   2  tau          6.44025e+01   constant   
   3  A0           3.54071e-01     fixed    
   4  phi          4.12867e+00     fixed    
   5  R           -6.08848e+01   constant   
   6  alpha_CBO    2.52543e-03     fixed    
   7  w_CBO        2.32500e+00   constant   
   8  beta_CBO     0.00000e+00   1.00000e-03   1.00000e-03   2.60993e+05
   9  alpha_2CBO   0.00000e+00   1.00000e-03   1.00000e-03   4.66271e+03
  10  beta_2CBO   -4.87228e-05     fixed    
  11  alpha_y      0.00000e+00     fixed    
  12  w_y          1.38860e+01   constant   
  13  beta_y       1.74006e-04     fixed    
  14  alpha_vw     0.00000e+00     fixed    
  15  w_vw         1.43404e+01   constant   
  16  beta_vw      0.00000e+00     fixed    
  17  LM          -3.36503e-05   constant   
  18  zeta_y       0.00000e+00   constant   
  19  zeta_vw      0.00000e+00   constant   
  20  T_CBO        8.30592e+00   2.91244e-01  -1.82028e-04  -9.75535e+01
  21  alpha_A0     6.03989e+05   3.39407e+05   4.27729e+04  -2.33375e-06
  22  beta_A0     -7.60412e+05   4.27314e+05  -5.38513e+04  -8.92138e-07
  23  alpha_phi    1.86565e+05   1.04840e+05   1.32123e+04  -1.97960e-06
  24  beta_phi    -5.85610e+04   3.29044e+04  -4.14665e+03   3.59987e-06
 CALL LIMIT EXCEEDED IN MIGRAD.
 MIGRAD TERMINATED WITHOUT CONVERGENCE.
 FCN=97.4243 FROM MIGRAD    STATUS=CALL LIMIT   1157 CALLS        4389 TOTAL
                     EDM=0.0706417    STRATEGY= 1  ERROR MATRIX UNCERTAINTY   9.8 per cent
  EXT PARAMETER                APPROXIMATE        STEP         FIRST   
  NO.   NAME      VALUE            ERROR          SIZE      DERIVATIVE 
   1  N0           3.45295e+06     fixed    
   2  tau          6.44025e+01   constant   
   3  A0           3.54071e-01     fixed    
   4  phi          4.12867e+00     fixed    
   5  R           -6.08848e+01   constant   
   6  alpha_CBO    2.52543e-03     fixed    
   7  w_CBO        2.32500e+00   constant   
   8  beta_CBO    -5.51637e-03   2.02311e-04  -2.11026e-06  -3.20600e+01
   9  alpha_2CBO   2.09376e-04   2.00396e-04   1.64742e-05   8.71251e+02
  10  beta_2CBO   -4.87228e-05     fixed    
  11  alpha_y      0.00000e+00     fixed    
  12  w_y          1.38860e+01   constant   
  13  beta_y       1.74006e-04     fixed    
  14  alpha_vw     0.00000e+00     fixed    
  15  w_vw         1.43404e+01   constant   
  16  beta_vw      0.00000e+00     fixed    
  17  LM          -3.36503e-05   constant   
  18  zeta_y       0.00000e+00   constant   
  19  zeta_vw      0.00000e+00   constant   
  20  T_CBO        5.36277e+00   2.63279e-01  -2.30966e-04   2.14644e+02
  21  alpha_A0     1.76687e+10   2.34606e+10   2.62119e+09   9.90601e-12
  22  beta_A0      8.51648e+09   1.13078e+10   1.26339e+09   8.79203e-11
  23  alpha_phi    4.00226e+09   5.31156e+09   5.93434e+08  -4.58069e-11
  24  beta_phi    -1.17053e+10   1.55439e+10  -1.73669e+09   4.43508e-11
 EXTERNAL ERROR MATRIX.    NDIM=  25    NPAR=  7    ERR DEF=1
  4.093e-08 -1.059e-09  9.934e-07 -1.366e+05 -6.586e+04 -3.093e+04  9.053e+04 
 -1.059e-09  4.016e-08 -1.181e-05  9.987e+05  4.813e+05  2.261e+05 -6.617e+05 
  9.934e-07 -1.181e-05  6.932e-02 -6.069e+09 -2.925e+09 -1.374e+09  4.021e+09 
 -1.366e+05  9.987e+05 -6.069e+09  5.504e+20  2.653e+20  1.246e+20 -3.647e+20 
 -6.586e+04  4.813e+05 -2.925e+09  2.653e+20  1.279e+20  6.006e+19 -1.758e+20 
 -3.093e+04  2.261e+05 -1.374e+09  1.246e+20  6.006e+19  2.821e+19 -8.256e+19 
  9.053e+04 -6.617e+05  4.021e+09 -3.647e+20 -1.758e+20 -8.256e+19  2.416e+20 
ERR MATRIX APPROXIMATE
 PARAMETER  CORRELATION COEFFICIENTS  
       NO.  GLOBAL      8      9     20     21     22     23     24
        8  0.18938   1.000 -0.026  0.019 -0.029 -0.029 -0.029  0.029
        9  0.30044  -0.026  1.000 -0.224  0.212  0.212  0.212 -0.212
       20  0.98404   0.019 -0.224  1.000 -0.983 -0.983 -0.983  0.983
       21  1.00000  -0.029  0.212 -0.983  1.000  1.000  1.000 -1.000
       22  1.00000  -0.029  0.212 -0.983  1.000  1.000  1.000 -1.000
       23  1.00000  -0.029  0.212 -0.983  1.000  1.000  1.000 -1.000
       24  1.00000   0.029 -0.212  0.983 -1.000 -1.000 -1.000  1.000
 ERR MATRIX APPROXIMATE
MINUIT - FIT wiggle + 1-CBO + 2-CBO
 **********
 **   42 **RES 
 **********
                   PARAMETER   16  beta_vw RESTORED TO VARIABLE.
                   PARAMETER   14  alpha_vw RESTORED TO VARIABLE.
                   PARAMETER   13  beta_y RESTORED TO VARIABLE.
                   PARAMETER   11  alpha_y RESTORED TO VARIABLE.
                   PARAMETER   10  beta_2CBO RESTORED TO VARIABLE.
                   PARAMETER    6  alpha_CBO RESTORED TO VARIABLE.
                   PARAMETER    4  phi RESTORED TO VARIABLE.
                   PARAMETER    3  A0 RESTORED TO VARIABLE.
                   PARAMETER    1  N0 RESTORED TO VARIABLE.
 **********
 **   43 **FIX           10
 **********
 **********
 **   44 **FIX           11
 **********
 **********
 **   45 **FIX           12
 **********
 PARAMETER   12  IS CONSTANT.   IGNORED.
 **********
 **   46 **FIX           13
 **********
 **********
 **   47 **FIX           14
 **********
 **********
 **   48 **FIX           15
 **********
 PARAMETER   15  IS CONSTANT.   IGNORED.
 **********
 **   49 **FIX           16
 **********
 **********
 **   50 **MIGRAD
 **********
 START MIGRAD MINIMIZATION.  STRATEGY  1.  CONVERGENCE WHEN EDM .LT. 1.00e-04
 FCN=97.4237 FROM MIGRAD    STATUS=INITIATE      138 CALLS        4527 TOTAL
                     EDM= unknown      STRATEGY= 1      NO ERROR MATRIX       
  EXT PARAMETER               CURRENT GUESS       STEP         FIRST   
  NO.   NAME      VALUE            ERROR          SIZE      DERIVATIVE 
   1  N0           3.45295e+06   4.89212e+02   0.00000e+00   3.27261e-03
   2  tau          6.44025e+01   constant   
   3  A0           3.54071e-01   1.92919e-04   0.00000e+00   4.25119e+04
   4  phi          4.12867e+00   5.48217e-04   0.00000e+00  -1.17308e+04
   5  R           -6.08848e+01   constant   
   6  alpha_CBO    2.52543e-03   2.12440e-04   0.00000e+00   9.02612e+03
   7  w_CBO        2.32500e+00   constant   
   8  beta_CBO    -5.51637e-03   2.02311e-04   0.00000e+00  -3.19912e+01
   9  alpha_2CBO   2.09376e-04   2.00396e-04   0.00000e+00   8.66371e+02
  10  beta_2CBO   -4.87228e-05     fixed    
  11  alpha_y      0.00000e+00     fixed    
  12  w_y          1.38860e+01   constant   
  13  beta_y       1.74006e-04     fixed    
  14  alpha_vw     0.00000e+00     fixed    
  15  w_vw         1.43404e+01   constant   
  16  beta_vw      0.00000e+00     fixed    
  17  LM          -3.36503e-05   constant   
  18  zeta_y       0.00000e+00   constant   
  19  zeta_vw      0.00000e+00   constant   
  20  T_CBO        5.36277e+00   2.63279e-01   0.00000e+00   2.03671e+02
  21  alpha_A0     1.76435e+10   2.34606e+10   0.00000e+00   8.59978e-12
  22  beta_A0      8.51242e+09   1.13078e+10  -4.06098e+06   8.76708e-11
  23  alpha_phi    4.00226e+09   5.31156e+09   0.00000e+00  -4.59182e-11
  24  beta_phi    -1.17053e+10   1.55439e+10   0.00000e+00   4.44153e-11
 MIGRAD MINIMIZATION HAS CONVERGED.
 MIGRAD WILL VERIFY CONVERGENCE AND ERROR MATRIX.
 COVARIANCE MATRIX CALCULATED SUCCESSFULLY
 FCN=62.6266 FROM MIGRAD    STATUS=CONVERGED     555 CALLS        4944 TOTAL
                     EDM=2.80521e-06    STRATEGY= 1      ERROR MATRIX ACCURATE 
  EXT PARAMETER                                   STEP         FIRST   
  NO.   NAME      VALUE            ERROR          SIZE      DERIVATIVE 
   1  N0           3.45227e+06   1.41421e+00   1.92295e+00   9.98559e-07
   2  tau          6.44025e+01   constant   
   3  A0           3.53136e-01   2.07246e-04   7.54999e-07   4.39823e-01
   4  phi          4.13097e+00   5.59376e-04   2.13387e-06  -1.25914e+00
   5  R           -6.08848e+01   constant   
   6  alpha_CBO    2.45448e-03   2.10406e-04   7.98630e-07   4.92977e+00
   7  w_CBO        2.32500e+00   constant   
   8  beta_CBO    -5.78663e-03   2.06291e-04   7.83061e-07   1.59521e+00
   9  alpha_2CBO   1.16528e-04   2.02758e-04   7.84696e-07   2.33016e+00
  10  beta_2CBO   -4.87228e-05     fixed    
  11  alpha_y      0.00000e+00     fixed    
  12  w_y          1.38860e+01   constant   
  13  beta_y       1.74006e-04     fixed    
  14  alpha_vw     0.00000e+00     fixed    
  15  w_vw         1.43404e+01   constant   
  16  beta_vw      0.00000e+00     fixed    
  17  LM          -3.36503e-05   constant   
  18  zeta_y       0.00000e+00   constant   
  19  zeta_vw      0.00000e+00   constant   
  20  T_CBO        5.32290e+00   6.83699e-02   3.50356e-06   2.12905e+00
  21  alpha_A0     1.21480e+10   1.41421e+00   5.79261e+03  -1.11851e-12
  22  beta_A0      1.03385e+10   1.41421e+00   4.92978e+03  -1.04705e-13
  23  alpha_phi    1.31159e+10   1.41421e+00   6.25417e+03  -7.89975e-13
  24  beta_phi    -2.99256e+09   1.41421e+00   1.42696e+03   1.52076e-13
 EXTERNAL ERROR MATRIX.    NDIM=  25    NPAR= 11    ERR DEF=1
  2.000e+00 
 -1.119e-08  4.295e-08 
 -3.907e-07  4.370e-09  3.129e-07 
 -4.800e-08 -6.620e-09 -1.863e-08  4.427e-08 
  3.168e-08  7.285e-09 -1.319e-08  1.271e-09  4.256e-08 
  4.552e-08  1.118e-09  2.360e-09 -2.425e-09 -8.222e-10  4.111e-08 
 -8.434e-05  3.787e-06  2.556e-06 -8.232e-07 -3.618e-07 -1.091e-06  4.674e-03 
  4.317e-14  1.283e-15 -2.866e-14 -7.913e-15  5.389e-15 -3.385e-15 -1.101e-11  2.000e+00 
  2.902e-14  1.192e-15  2.055e-14  1.566e-16 -9.665e-15  5.295e-15 -7.782e-12 -3.090e-18  2.000e+00 
 -3.871e-14 -3.929e-15  1.549e-14  7.529e-15  2.423e-15 -3.558e-15 -1.019e-11 -7.011e-20 -2.097e-19  2.000e+00 
  1.004e-13 -9.488e-15  2.537e-14  1.653e-15 -1.400e-15 -1.096e-14  3.991e-12 -6.407e-19 -8.123e-19 -8.124e-19  2.000e+00 
 PARAMETER  CORRELATION COEFFICIENTS  
       NO.  GLOBAL      1      3      4      6      8      9     20     21     22     23     24
        1  0.00103   1.000 -0.000 -0.000 -0.000  0.000  0.000 -0.001  0.000  0.000 -0.000  0.000
        3  0.35374  -0.000  1.000  0.038 -0.152  0.170  0.027  0.267  0.000  0.000 -0.000 -0.000
        4  0.20177  -0.000  0.038  1.000 -0.158 -0.114  0.021  0.067 -0.000  0.000  0.000  0.000
        6  0.22422  -0.000 -0.152 -0.158  1.000  0.029 -0.057 -0.057 -0.000  0.000  0.000  0.000
        8  0.22395   0.000  0.170 -0.114  0.029  1.000 -0.020 -0.026  0.000 -0.000  0.000 -0.000
        9  0.11247   0.000  0.027  0.021 -0.057 -0.020  1.000 -0.079 -0.000  0.000 -0.000 -0.000
       20  0.29478  -0.001  0.267  0.067 -0.057 -0.026 -0.079  1.000 -0.000 -0.000 -0.000  0.000
       21  0.00000   0.000  0.000 -0.000 -0.000  0.000 -0.000 -0.000  1.000 -0.000 -0.000 -0.000
       22  0.00000   0.000  0.000  0.000  0.000 -0.000  0.000 -0.000 -0.000  1.000 -0.000 -0.000
       23  0.00000  -0.000 -0.000  0.000  0.000  0.000 -0.000 -0.000 -0.000 -0.000  1.000 -0.000
       24  0.00000   0.000 -0.000  0.000  0.000 -0.000 -0.000  0.000 -0.000 -0.000 -0.000  1.000
MINUIT - FIT ONLY 1-y
 **********
 **   51 **RES 
 **********
                   PARAMETER   16  beta_vw RESTORED TO VARIABLE.
                   PARAMETER   14  alpha_vw RESTORED TO VARIABLE.
                   PARAMETER   13  beta_y RESTORED TO VARIABLE.
                   PARAMETER   11  alpha_y RESTORED TO VARIABLE.
                   PARAMETER   10  beta_2CBO RESTORED TO VARIABLE.
 **********
 **   52 **FIX            0
 **********
 PARAMETER    0  IS UNDEFINED. IGNORED.
 **********
 **   53 **FIX            1
 **********
 **********
 **   54 **FIX            2
 **********
 PARAMETER    2  IS CONSTANT.   IGNORED.
 **********
 **   55 **FIX            3
 **********
 **********
 **   56 **FIX            4
 **********
 **********
 **   57 **FIX            5
 **********
 PARAMETER    5  IS CONSTANT.   IGNORED.
 **********
 **   58 **FIX            6
 **********
 **********
 **   59 **FIX            7
 **********
 PARAMETER    7  IS CONSTANT.   IGNORED.
 **********
 **   60 **FIX            8
 **********
 **********
 **   61 **FIX            9
 **********
 **********
 **   62 **FIX           13
 **********
 **********
 **   63 **FIX           14
 **********
 **********
 **   64 **FIX           15
 **********
 PARAMETER   15  IS CONSTANT.   IGNORED.
 **********
 **   65 **FIX           16
 **********
 **********
 **   66 **MIGRAD
 **********
 START MIGRAD MINIMIZATION.  STRATEGY  1.  CONVERGENCE WHEN EDM .LT. 1.00e-04
 FCN=62.6266 FROM MIGRAD    STATUS=INITIATE      100 CALLS        5044 TOTAL
                     EDM= unknown      STRATEGY= 1      NO ERROR MATRIX       
  EXT PARAMETER               CURRENT GUESS       STEP         FIRST   
  NO.   NAME      VALUE            ERROR          SIZE      DERIVATIVE 
   1  N0           3.45227e+06     fixed    
   2  tau          6.44025e+01   constant   
   3  A0           3.53136e-01     fixed    
   4  phi          4.13097e+00     fixed    
   5  R           -6.08848e+01   constant   
   6  alpha_CBO    2.45448e-03     fixed    
   7  w_CBO        2.32500e+00   constant   
   8  beta_CBO    -5.78663e-03     fixed    
   9  alpha_2CBO   1.16528e-04     fixed    
  10  beta_2CBO   -4.87228e-05   1.99594e-04   0.00000e+00  -1.73789e+04
  11  alpha_y      0.00000e+00   1.00000e-03   0.00000e+00  -1.84018e+04
  12  w_y          1.38860e+01   constant   
  13  beta_y       1.74006e-04     fixed    
  14  alpha_vw     0.00000e+00     fixed    
  15  w_vw         1.43404e+01   constant   
  16  beta_vw      0.00000e+00     fixed    
  17  LM          -3.36503e-05   constant   
  18  zeta_y       0.00000e+00   constant   
  19  zeta_vw      0.00000e+00   constant   
  20  T_CBO        5.32290e+00   6.83699e-02   0.00000e+00   5.44130e+00
  21  alpha_A0     1.21538e+10   1.41421e+00   0.00000e+00  -8.88877e-13
  22  beta_A0      1.03385e+10   1.41421e+00   0.00000e+00  -9.97528e-14
  23  alpha_phi    1.31285e+10   1.41421e+00   0.00000e+00  -4.02419e-13
  24  beta_phi    -2.99398e+09   1.41421e+00  -1.42696e+06   3.96744e-14
 MIGRAD MINIMIZATION HAS CONVERGED.
 MIGRAD WILL VERIFY CONVERGENCE AND ERROR MATRIX.
 COVARIANCE MATRIX CALCULATED SUCCESSFULLY
 FCN=55.757 FROM MIGRAD    STATUS=CONVERGED     312 CALLS        5256 TOTAL
                     EDM=4.40584e-07    STRATEGY= 1      ERROR MATRIX ACCURATE 
  EXT PARAMETER                                   STEP         FIRST   
  NO.   NAME      VALUE            ERROR          SIZE      DERIVATIVE 
   1  N0           3.45227e+06     fixed    
   2  tau          6.44025e+01   constant   
   3  A0           3.53136e-01     fixed    
   4  phi          4.13097e+00     fixed    
   5  R           -6.08848e+01   constant   
   6  alpha_CBO    2.45448e-03     fixed    
   7  w_CBO        2.32500e+00   constant   
   8  beta_CBO    -5.78663e-03     fixed    
   9  alpha_2CBO   1.16528e-04     fixed    
  10  beta_2CBO    3.37513e-04   2.04653e-04   7.52658e-07  -1.44650e+00
  11  alpha_y      3.81701e-04   2.04417e-04   7.51959e-07   1.62446e+00
  12  w_y          1.38860e+01   constant   
  13  beta_y       1.74006e-04     fixed    
  14  alpha_vw     0.00000e+00     fixed    
  15  w_vw         1.43404e+01   constant   
  16  beta_vw      0.00000e+00     fixed    
  17  LM          -3.36503e-05   constant   
  18  zeta_y       0.00000e+00   constant   
  19  zeta_vw      0.00000e+00   constant   
  20  T_CBO        5.29545e+00   6.46030e-02   3.26365e-06   9.35322e-01
  21  alpha_A0     1.27393e+10   1.41421e+00   6.07457e+03  -1.26594e-12
  22  beta_A0      9.56739e+09   1.41421e+00   4.56209e+03  -1.68720e-12
  23  alpha_phi    1.74983e+10   1.41421e+00   8.34384e+03   7.02577e-14
  24  beta_phi    -5.35879e+09   1.41421e+00   2.55527e+03   8.09043e-14
 EXTERNAL ERROR MATRIX.    NDIM=  25    NPAR=  7    ERR DEF=1
  4.188e-08 -1.204e-10  2.804e-07 -4.064e-15 -7.365e-15  5.107e-15 -6.172e-15 
 -1.204e-10  4.179e-08 -4.022e-11  2.737e-16  4.680e-16 -1.585e-16  8.840e-16 
  2.804e-07 -4.022e-11  4.174e-03 -8.649e-12 -5.007e-12 -9.633e-12  4.937e-12 
 -4.064e-15  2.737e-16 -8.649e-12  2.000e+00 -5.329e-18  2.661e-21  9.468e-20 
 -7.365e-15  4.680e-16 -5.007e-12 -5.329e-18  2.000e+00  6.323e-20  1.354e-19 
  5.107e-15 -1.585e-16 -9.633e-12  2.661e-21  6.323e-20  2.000e+00  3.037e-20 
 -6.172e-15  8.840e-16  4.937e-12  9.468e-20  1.354e-19  3.037e-20  2.000e+00 
 PARAMETER  CORRELATION COEFFICIENTS  
       NO.  GLOBAL     10     11     20     21     22     23     24
       10  0.02140   1.000 -0.003  0.021 -0.000 -0.000  0.000 -0.000
       11  0.00288  -0.003  1.000 -0.000  0.000  0.000 -0.000  0.000
       20  0.02121   0.021 -0.000  1.000 -0.000 -0.000 -0.000  0.000
       21  0.00000  -0.000  0.000 -0.000  1.000 -0.000  0.000  0.000
       22  0.00000  -0.000  0.000 -0.000 -0.000  1.000  0.000  0.000
       23  0.00000   0.000 -0.000 -0.000  0.000  0.000  1.000  0.000
       24  0.00000  -0.000  0.000  0.000  0.000  0.000  0.000  1.000
MINUIT - FIT ONLY 2-y
 **********
 **   67 **RES 
 **********
                   PARAMETER   16  beta_vw RESTORED TO VARIABLE.
                   PARAMETER   14  alpha_vw RESTORED TO VARIABLE.
                   PARAMETER   13  beta_y RESTORED TO VARIABLE.
                   PARAMETER    9  alpha_2CBO RESTORED TO VARIABLE.
                   PARAMETER    8  beta_CBO RESTORED TO VARIABLE.
                   PARAMETER    6  alpha_CBO RESTORED TO VARIABLE.
                   PARAMETER    4  phi RESTORED TO VARIABLE.
                   PARAMETER    3  A0 RESTORED TO VARIABLE.
                   PARAMETER    1  N0 RESTORED TO VARIABLE.
 **********
 **   68 **FIX            0
 **********
 PARAMETER    0  IS UNDEFINED. IGNORED.
 **********
 **   69 **FIX            1
 **********
 **********
 **   70 **FIX            2
 **********
 PARAMETER    2  IS CONSTANT.   IGNORED.
 **********
 **   71 **FIX            3
 **********
 **********
 **   72 **FIX            4
 **********
 **********
 **   73 **FIX            5
 **********
 PARAMETER    5  IS CONSTANT.   IGNORED.
 **********
 **   74 **FIX            6
 **********
 **********
 **   75 **FIX            7
 **********
 PARAMETER    7  IS CONSTANT.   IGNORED.
 **********
 **   76 **FIX            8
 **********
 **********
 **   77 **FIX            9
 **********
 **********
 **   78 **FIX           10
 **********
 **********
 **   79 **FIX           11
 **********
 **********
 **   80 **FIX           12
 **********
 PARAMETER   12  IS CONSTANT.   IGNORED.
 **********
 **   81 **FIX           16
 **********
 **********
 **   82 **MIGRAD
 **********
 START MIGRAD MINIMIZATION.  STRATEGY  1.  CONVERGENCE WHEN EDM .LT. 1.00e-04
 FCN=55.757 FROM MIGRAD    STATUS=INITIATE       58 CALLS        5314 TOTAL
                     EDM= unknown      STRATEGY= 1      NO ERROR MATRIX       
  EXT PARAMETER               CURRENT GUESS       STEP         FIRST   
  NO.   NAME      VALUE            ERROR          SIZE      DERIVATIVE 
   1  N0           3.45227e+06     fixed    
   2  tau          6.44025e+01   constant   
   3  A0           3.53136e-01     fixed    
   4  phi          4.13097e+00     fixed    
   5  R           -6.08848e+01   constant   
   6  alpha_CBO    2.45448e-03     fixed    
   7  w_CBO        2.32500e+00   constant   
   8  beta_CBO    -5.78663e-03     fixed    
   9  alpha_2CBO   1.16528e-04     fixed    
  10  beta_2CBO    3.37513e-04     fixed    
  11  alpha_y      3.81701e-04     fixed    
  12  w_y          1.38860e+01   constant   
  13  beta_y       1.74006e-04   1.95587e-04   0.00000e+00  -2.99172e+03
  14  alpha_vw     0.00000e+00   1.00000e-03   0.00000e+00  -5.05309e+03
  15  w_vw         1.43404e+01   constant   
  16  beta_vw      0.00000e+00     fixed    
  17  LM          -3.36503e-05   constant   
  18  zeta_y       0.00000e+00   constant   
  19  zeta_vw      0.00000e+00   constant   
  20  T_CBO        5.29545e+00   6.46030e-02   0.00000e+00   2.75372e+00
  21  alpha_A0     1.27514e+10   1.41421e+00   6.07746e+06  -9.72452e-13
  22  beta_A0      9.56739e+09   1.41421e+00   0.00000e+00  -1.67804e-12
  23  alpha_phi    1.74983e+10   1.41421e+00   0.00000e+00   9.72485e-14
  24  beta_phi    -5.35879e+09   1.41421e+00   0.00000e+00   6.53046e-14
 MIGRAD MINIMIZATION HAS CONVERGED.
 MIGRAD WILL VERIFY CONVERGENCE AND ERROR MATRIX.
 COVARIANCE MATRIX CALCULATED SUCCESSFULLY
 FCN=55.4588 FROM MIGRAD    STATUS=CONVERGED     172 CALLS        5428 TOTAL
                     EDM=1.29678e-06    STRATEGY= 1      ERROR MATRIX ACCURATE 
  EXT PARAMETER                                   STEP         FIRST   
  NO.   NAME      VALUE            ERROR          SIZE      DERIVATIVE 
   1  N0           3.45227e+06     fixed    
   2  tau          6.44025e+01   constant   
   3  A0           3.53136e-01     fixed    
   4  phi          4.13097e+00     fixed    
   5  R           -6.08848e+01   constant   
   6  alpha_CBO    2.45448e-03     fixed    
   7  w_CBO        2.32500e+00   constant   
   8  beta_CBO    -5.78663e-03     fixed    
   9  alpha_2CBO   1.16528e-04     fixed    
  10  beta_2CBO    3.37513e-04     fixed    
  11  alpha_y      3.81701e-04     fixed    
  12  w_y          1.38860e+01   constant   
  13  beta_y       2.13414e-04   2.06976e-04   7.39631e-07  -2.05937e-03
  14  alpha_vw     9.46845e-05   2.07867e-04   7.42845e-07   4.79924e-03
  15  w_vw         1.43404e+01   constant   
  16  beta_vw      0.00000e+00     fixed    
  17  LM          -3.36503e-05   constant   
  18  zeta_y       0.00000e+00   constant   
  19  zeta_vw      0.00000e+00   constant   
  20  T_CBO        5.29552e+00   6.46075e-02   3.26769e-06  -1.80914e+00
  21  alpha_A0     1.27568e+10   1.41421e+00   6.08290e+03  -1.44061e-12
  22  beta_A0      9.56901e+09   1.41421e+00   4.56286e+03  -2.13815e-12
  23  alpha_phi    1.75091e+10   1.41421e+00   8.34901e+03   6.36279e-14
  24  beta_phi    -5.28293e+09   1.41421e+00   2.51910e+03   1.54714e-13
 EXTERNAL ERROR MATRIX.    NDIM=  25    NPAR=  7    ERR DEF=1
  4.284e-08 -9.733e-09 -1.955e-07  4.187e-17 -4.413e-16 -4.699e-16 -2.236e-15 
 -9.733e-09  4.321e-08  1.510e-07  1.638e-16  4.359e-16  2.781e-16  2.088e-15 
 -1.955e-07  1.510e-07  4.174e-03 -8.774e-12 -5.205e-12 -9.677e-12  4.944e-12 
  4.187e-17  1.638e-16 -8.774e-12  2.000e+00 -4.241e-18 -2.050e-20 -1.940e-19 
 -4.413e-16  4.359e-16 -5.205e-12 -4.241e-18  2.000e+00  7.610e-21  1.324e-19 
 -4.699e-16  2.781e-16 -9.677e-12 -2.050e-20  7.610e-21  2.000e+00  2.345e-19 
 -2.236e-15  2.088e-15  4.944e-12 -1.940e-19  1.324e-19  2.345e-19  2.000e+00 
 PARAMETER  CORRELATION COEFFICIENTS  
       NO.  GLOBAL     13     14     20     21     22     23     24
       13  0.22655   1.000 -0.226 -0.015  0.000 -0.000 -0.000 -0.000
       14  0.22637  -0.226  1.000  0.011  0.000  0.000  0.000  0.000
       20  0.01674  -0.015  0.011  1.000 -0.000 -0.000 -0.000  0.000
       21  0.00000   0.000  0.000 -0.000  1.000 -0.000 -0.000 -0.000
       22  0.00000  -0.000  0.000 -0.000 -0.000  1.000  0.000  0.000
       23  0.00000  -0.000  0.000 -0.000 -0.000  0.000  1.000  0.000
