 + ++++++++++++++++++++++++++++++++++++++++++++++++++++++++++++++++++++ +
 +                                                                      +
 +           You have chose to blind your fitting according to          +
 +                omega_ref * (1 + (R +/- deltaR) *10^{-6})             +
 +                                                                      +
 + ++++++++++++++++++++++++++++++++++++++++++++++++++++++++++++++++++++ +
In main()...
reading format from /gm2data/zkhechad/run45/envelope/formats/formatB_sBin_constraintOn.txt
pBinTau 	= 0  
pBinPhi 	= 0  
constraintau 	= 1 
includeMopTerm 	= 0    
constrainMop    = 0   
Parameters after format file: pBinTau 0 pBinPhi 0 constraintau 1 includeMopTerm 0 constrainMop 0 c_e_scale 0.000000 
Opening file /gm2data/tbarrett/gm2fr/studies/run23_bunch_corrections/CorrectedFourier_Run3b.root.
reading full fit data from /gm2data/zkhechad/cboTemplates/Run4CBOTemplates/fullFits/noRF/sBin_constraintOn_cE0.0_seed0_noRF_calo21.root
windowBins = 69
fitting sliding window 2240 from bin 2376 at 354.350000 to bin 2445 at 364.794000 (69 bins)

Reading data from /gm2data/cornell/histograms/aMethod/histogram_a_noRF.root
 **********
 **    1 **SET PRINTOUT            1
 **********
 **********
 **    2 **SET NOWARNINGS 
 **********
 PARAMETER DEFINITIONS:
    NO.   NAME         VALUE      STEP SIZE      LIMITS
     1 N0           2.83609e+06  1.00000e+02     no limits
     2 tau          6.44055e+01  constant
     3 A0           3.54106e-01  1.00000e-04     no limits
     4 phi          4.11637e+00  1.00000e-02     no limits
     5 R           -5.93657e+01  constant
     6 alpha_CBO    0.00000e+00  1.00000e-03     no limits
     7 w_CBO        2.32500e+00  constant
     8 beta_CBO     0.00000e+00  1.00000e-03     no limits
     9 alpha_2CBO   0.00000e+00  1.00000e-03     no limits
    10 beta_2CBO    0.00000e+00  1.00000e-03     no limits
    11 alpha_y      0.00000e+00  1.00000e-03     no limits
    12 w_y          1.38860e+01  constant
    13 beta_y       0.00000e+00  1.00000e-03     no limits
    14 alpha_vw     0.00000e+00  1.00000e-03     no limits
    15 w_vw         1.43404e+01  constant
    16 beta_vw      0.00000e+00  1.00000e-03     no limits
    17 LM           6.62355e-05  constant
    18 zeta_y       0.00000e+00  constant
    19 zeta_vw      0.00000e+00  constant
    20 T_CBO        1.00000e+02  1.00000e+00    0.00000e+00  1.00000e+03
    21 alpha_A0     0.00000e+00  1.00000e-04   -1.00000e-02  1.00000e-02
    22 beta_A0      0.00000e+00  1.00000e-04   -1.00000e-02  1.00000e-02
    23 alpha_phi    0.00000e+00  1.00000e-04   -1.00000e-02  1.00000e-02
    24 beta_phi     0.00000e+00  1.00000e-04   -1.00000e-02  1.00000e-02
MINUIT - FIT ONLY WIGGLE
 **********
 **    3 **FIX            5
 **********
 PARAMETER    5  IS CONSTANT.   IGNORED.
 **********
 **    4 **FIX            6
 **********
 **********
 **    5 **FIX            7
 **********
 PARAMETER    7  IS CONSTANT.   IGNORED.
 **********
 **    6 **FIX            8
 **********
 **********
 **    7 **FIX            9
 **********
 **********
 **    8 **FIX           10
 **********
 **********
 **    9 **FIX           11
 **********
 **********
 **   10 **FIX           12
 **********
 PARAMETER   12  IS CONSTANT.   IGNORED.
 **********
 **   11 **FIX           13
 **********
 **********
 **   12 **FIX           14
 **********
 **********
 **   13 **FIX           15
 **********
 PARAMETER   15  IS CONSTANT.   IGNORED.
 **********
 **   14 **FIX           16
 **********
 **********
 **   15 **MIGRAD
 **********
 FIRST CALL TO USER FUNCTION AT NEW START POINT, WITH IFLAG=4.
 START MIGRAD MINIMIZATION.  STRATEGY  1.  CONVERGENCE WHEN EDM .LT. 1.00e-04
 FCN=72.3001 FROM MIGRAD    STATUS=INITIATE      437 CALLS         438 TOTAL
                     EDM= unknown      STRATEGY= 1      NO ERROR MATRIX       
  EXT PARAMETER               CURRENT GUESS       STEP         FIRST   
  NO.   NAME      VALUE            ERROR          SIZE      DERIVATIVE 
   1  N0           2.83609e+06   1.00000e+02   0.00000e+00   1.28936e-03
   2  tau          6.44055e+01   constant   
   3  A0           3.54106e-01   1.00000e-04   0.00000e+00  -1.07544e+03
   4  phi          4.11637e+00   1.00000e-02   0.00000e+00   8.01717e+02
   5  R           -5.93657e+01   constant   
   6  alpha_CBO    0.00000e+00     fixed    
   7  w_CBO        2.32500e+00   constant   
   8  beta_CBO     0.00000e+00     fixed    
   9  alpha_2CBO   0.00000e+00     fixed    
  10  beta_2CBO    0.00000e+00     fixed    
  11  alpha_y      0.00000e+00     fixed    
  12  w_y          1.38860e+01   constant   
  13  beta_y       0.00000e+00     fixed    
  14  alpha_vw     0.00000e+00     fixed    
  15  w_vw         1.43404e+01   constant   
  16  beta_vw      0.00000e+00     fixed    
  17  LM           6.62355e-05   constant   
  18  zeta_y       0.00000e+00   constant   
  19  zeta_vw      0.00000e+00   constant   
  20  T_CBO        1.00000e+02   1.00000e+00   0.00000e+00   0.00000e+00
  21  alpha_A0     0.00000e+00   1.00000e-04   0.00000e+00   2.86730e-01
  22  beta_A0      0.00000e+00   1.00000e-04   0.00000e+00  -1.45819e-02
  23  alpha_phi    0.00000e+00   1.00000e-04   0.00000e+00   2.77566e-01
  24  beta_phi     0.00000e+00   1.00000e-04   0.00000e+00  -8.14612e-02
 MIGRAD MINIMIZATION HAS CONVERGED.
 FCN=62.9449 FROM MIGRAD    STATUS=CONVERGED     915 CALLS         916 TOTAL
                     EDM=7.7476e-06    STRATEGY= 1  ERROR MATRIX UNCERTAINTY   0.5 per cent
  EXT PARAMETER                                   STEP         FIRST   
  NO.   NAME      VALUE            ERROR          SIZE      DERIVATIVE 
   1  N0           2.83424e+06   1.99820e+03   2.37191e+00  -4.31980e-07
   2  tau          6.44055e+01   constant   
   3  A0           3.54333e-01   8.97624e-04   6.13163e-06   4.40752e+00
   4  phi          4.11325e+00   2.61366e-03   2.54305e-06   2.79809e-02
   5  R           -5.93657e+01   constant   
   6  alpha_CBO    0.00000e+00     fixed    
   7  w_CBO        2.32500e+00   constant   
   8  beta_CBO     0.00000e+00     fixed    
   9  alpha_2CBO   0.00000e+00     fixed    
  10  beta_2CBO    0.00000e+00     fixed    
  11  alpha_y      0.00000e+00     fixed    
  12  w_y          1.38860e+01   constant   
  13  beta_y       0.00000e+00     fixed    
  14  alpha_vw     0.00000e+00     fixed    
  15  w_vw         1.43404e+01   constant   
  16  beta_vw      0.00000e+00     fixed    
  17  LM           6.62355e-05   constant   
  18  zeta_y       0.00000e+00   constant   
  19  zeta_vw      0.00000e+00   constant   
  20  T_CBO        8.55649e+02   8.12989e+02   2.87188e-02  -1.05039e-03
  21  alpha_A0    -9.63258e-03   1.97843e-02   2.98794e-02   5.45331e-04
  22  beta_A0      8.17670e-04   5.52343e-03   1.00184e-03   3.15028e-03
  23  alpha_phi   -9.99879e-03   1.48810e-02   7.42210e-03  -3.66631e-04
  24  beta_phi     1.13994e-03   5.17378e-03   8.36526e-04  -1.34117e-03
 EXTERNAL ERROR MATRIX.    NDIM=  25    NPAR=  8    ERR DEF=1
  3.993e+06  1.211e-01  8.895e-01  3.213e+05 -9.702e-03  1.901e+00 -3.069e-02  1.791e+00 
  1.211e-01  8.057e-07 -1.683e-07 -1.119e-01 -1.085e-06 -2.000e-07  6.799e-08 -2.260e-07 
  8.895e-01 -1.683e-07  6.831e-06  3.296e-01  2.078e-06  1.827e-06 -3.930e-08  9.601e-07 
  3.213e+05 -1.119e-01  3.296e-01  1.396e+06  7.766e+00  1.237e+00  1.370e-01 -3.044e-01 
 -9.702e-03 -1.085e-06  2.078e-06  7.766e+00  7.857e-05  5.759e-06  8.445e-07 -8.752e-07 
  1.901e+00 -2.000e-07  1.827e-06  1.237e+00  5.759e-06  3.427e-05 -2.101e-07  2.648e-06 
 -3.069e-02  6.799e-08 -3.930e-08  1.370e-01  8.445e-07 -2.101e-07  5.473e-07  2.296e-07 
  1.791e+00 -2.260e-07  9.601e-07 -3.044e-01 -8.752e-07  2.648e-06  2.296e-07  2.961e-05 
 PARAMETER  CORRELATION COEFFICIENTS  
       NO.  GLOBAL      1      3      4     20     21     22     23     24
        1  0.33893   1.000  0.068  0.170  0.136 -0.001  0.162 -0.021  0.165
        3  0.22078   0.068  1.000 -0.072 -0.106 -0.136 -0.038  0.102 -0.046
        4  0.22492   0.170 -0.072  1.000  0.107  0.090  0.119 -0.020  0.068
       20  0.76441   0.136 -0.106  0.107  1.000  0.742  0.179  0.157 -0.047
       21  0.75148  -0.001 -0.136  0.090  0.742  1.000  0.111  0.129 -0.018
       22  0.26069   0.162 -0.038  0.119  0.179  0.111  1.000 -0.049  0.083
       23  0.23337  -0.021  0.102 -0.020  0.157  0.129 -0.049  1.000  0.057
       24  0.22788   0.165 -0.046  0.068 -0.047 -0.018  0.083  0.057  1.000
MINUIT - FIT ONLY 1-CBO + wiggle
 **********
 **   16 **RES 
 **********
                   PARAMETER   16  beta_vw RESTORED TO VARIABLE.
                   PARAMETER   14  alpha_vw RESTORED TO VARIABLE.
                   PARAMETER   13  beta_y RESTORED TO VARIABLE.
                   PARAMETER   11  alpha_y RESTORED TO VARIABLE.
                   PARAMETER   10  beta_2CBO RESTORED TO VARIABLE.
                   PARAMETER    9  alpha_2CBO RESTORED TO VARIABLE.
                   PARAMETER    8  beta_CBO RESTORED TO VARIABLE.
                   PARAMETER    6  alpha_CBO RESTORED TO VARIABLE.
 **********
 **   17 **FIX            8
 **********
 **********
 **   18 **FIX            9
 **********
 **********
 **   19 **FIX           11
 **********
 **********
 **   20 **FIX           12
 **********
 PARAMETER   12  IS CONSTANT.   IGNORED.
 **********
 **   21 **FIX           14
 **********
 **********
 **   22 **FIX           15
 **********
 PARAMETER   15  IS CONSTANT.   IGNORED.
 **********
 **   23 **FIX           16
 **********
 **********
 **   24 **MIGRAD
 **********
 START MIGRAD MINIMIZATION.  STRATEGY  1.  CONVERGENCE WHEN EDM .LT. 1.00e-04
 FCN=62.9448 FROM MIGRAD    STATUS=INITIATE       56 CALLS         972 TOTAL
                     EDM= unknown      STRATEGY= 1      NO ERROR MATRIX       
  EXT PARAMETER               CURRENT GUESS       STEP         FIRST   
  NO.   NAME      VALUE            ERROR          SIZE      DERIVATIVE 
   1  N0           2.83424e+06   1.99820e+03   0.00000e+00  -2.08781e-07
   2  tau          6.44055e+01   constant   
   3  A0           3.54333e-01   8.97624e-04   0.00000e+00   3.59429e+00
   4  phi          4.11325e+00   2.61366e-03   0.00000e+00   1.18577e-01
   5  R           -5.93657e+01   constant   
   6  alpha_CBO    0.00000e+00   1.00000e-03   0.00000e+00   5.47874e+03
   7  w_CBO        2.32500e+00   constant   
   8  beta_CBO     0.00000e+00     fixed    
   9  alpha_2CBO   0.00000e+00     fixed    
  10  beta_2CBO    0.00000e+00   1.00000e-03   0.00000e+00  -2.66675e+02
  11  alpha_y      0.00000e+00     fixed    
  12  w_y          1.38860e+01   constant   
  13  beta_y       0.00000e+00   1.00000e-03   0.00000e+00   1.31561e+02
  14  alpha_vw     0.00000e+00     fixed    
  15  w_vw         1.43404e+01   constant   
  16  beta_vw      0.00000e+00     fixed    
  17  LM           6.62355e-05   constant   
  18  zeta_y       0.00000e+00   constant   
  19  zeta_vw      0.00000e+00   constant   
  20  T_CBO        8.55649e+02   8.12989e+02   0.00000e+00  -2.25505e-03
  21  alpha_A0    -9.63258e-03   1.97843e-02   0.00000e+00   6.24143e-04
  22  beta_A0      8.17670e-04   5.52343e-03   0.00000e+00  -3.61916e-03
  23  alpha_phi   -9.98703e-03   1.48810e-02   3.53753e-02   1.83324e-03
  24  beta_phi     1.13994e-03   5.17378e-03   0.00000e+00  -1.23321e-03
 MIGRAD MINIMIZATION HAS CONVERGED.
 FCN=55.075 FROM MIGRAD    STATUS=CONVERGED     235 CALLS        1151 TOTAL
                     EDM=6.76911e-06    STRATEGY= 1  ERROR MATRIX UNCERTAINTY   3.0 per cent
  EXT PARAMETER                                   STEP         FIRST   
  NO.   NAME      VALUE            ERROR          SIZE      DERIVATIVE 
   1  N0           2.83421e+06   2.00670e+03  -6.29312e+00   1.30595e-06
   2  tau          6.44055e+01   constant   
   3  A0           3.54571e-01   8.97722e-04   4.61768e-07  -6.89157e-01
   4  phi          4.11439e+00   2.69525e-03  -8.42354e-06  -4.00846e-02
   5  R           -5.93657e+01   constant   
   6  alpha_CBO   -2.85315e-03   1.01994e-03   1.69562e-06   6.19009e-01
   7  w_CBO        2.32500e+00   constant   
   8  beta_CBO     0.00000e+00     fixed    
   9  alpha_2CBO   0.00000e+00     fixed    
  10  beta_2CBO   -4.23917e-06   9.68775e-04   9.74281e-07   2.50592e-01
  11  alpha_y      0.00000e+00     fixed    
  12  w_y          1.38860e+01   constant   
  13  beta_y      -7.59481e-05   9.70167e-04  -6.56319e-07  -2.52256e-01
  14  alpha_vw     0.00000e+00     fixed    
  15  w_vw         1.43404e+01   constant   
  16  beta_vw      0.00000e+00     fixed    
  17  LM           6.62355e-05   constant   
  18  zeta_y       0.00000e+00   constant   
  19  zeta_vw      0.00000e+00   constant   
  20  T_CBO        9.99999e+02   9.84783e+02   1.63481e-02   4.46869e-04
  21  alpha_A0    -9.99999e-03   1.47615e-02   2.25648e-03   1.26809e-03
  22  beta_A0      9.19895e-04   5.45750e-03   3.51396e-05  -5.22049e-03
  23  alpha_phi   -9.99994e-03   1.60415e-02  -7.69390e-03   1.27894e-03
  24  beta_phi     6.84333e-04   4.77295e-03  -3.68799e-03  -1.70981e-03
 EXTERNAL ERROR MATRIX.    NDIM=  25    NPAR= 11    ERR DEF=1
  4.027e+06 
  1.024e-01  8.059e-07 
  8.572e-01 -5.134e-08  7.264e-06 
 -7.027e-03 -8.314e-08 -4.295e-07  1.040e-06 
 -1.227e-02 -3.611e-09 -6.061e-08  4.881e-08  9.385e-07 
  1.522e-02  1.453e-09  1.675e-08  5.654e-09 -7.199e-10  9.412e-07 
  2.286e+02  4.717e-05  2.971e-05 -1.093e-04  6.605e-05  7.703e-06  8.353e+00 
 -2.668e-03 -2.502e-10 -2.080e-09  1.921e-11 -3.020e-10  1.193e-10  5.902e-06  6.073e-10 
 -4.689e-01 -5.687e-08 -1.005e-06  4.434e-08  5.383e-08 -4.771e-08  5.669e-05  7.924e-09  3.336e-05 
  2.566e-03  2.632e-09 -9.654e-10 -2.235e-09  1.339e-09  9.903e-10 -6.031e-05  2.242e-10  6.558e-09  3.664e-09 
  2.111e+00 -1.019e-07  6.855e-07  1.108e-07 -2.705e-07  1.028e-08 -1.039e-05 -6.422e-10 -3.230e-06  5.176e-09  2.477e-05 
 PARAMETER  CORRELATION COEFFICIENTS  
       NO.  GLOBAL      1      3      4      6     10     13     20     21     22     23     24
        1  0.27771   1.000  0.057  0.158 -0.003 -0.006  0.008  0.039 -0.054 -0.040  0.021  0.211
        3  0.13404   0.057  1.000 -0.021 -0.091 -0.004  0.002  0.018 -0.011 -0.011  0.048 -0.023
        4  0.23584   0.158 -0.021  1.000 -0.156 -0.023  0.006  0.004 -0.031 -0.065 -0.006  0.051
        6  0.20194  -0.003 -0.091 -0.156  1.000  0.049  0.006 -0.037  0.001  0.008 -0.036  0.022
       10  0.09182  -0.006 -0.004 -0.023  0.049  1.000 -0.001  0.024 -0.013  0.010  0.023 -0.056
       13  0.02419   0.008  0.002  0.006  0.006 -0.001  1.000  0.003  0.005 -0.009  0.017  0.002
       20  0.38124   0.039  0.018  0.004 -0.037  0.024  0.003  1.000  0.083  0.003 -0.345 -0.001
       21  0.22609  -0.054 -0.011 -0.031  0.001 -0.013  0.005  0.083  1.000  0.056  0.150 -0.005
       22  0.13937  -0.040 -0.011 -0.065  0.008  0.010 -0.009  0.003  0.056  1.000  0.019 -0.112
       23  0.40025   0.021  0.048 -0.006 -0.036  0.023  0.017 -0.345  0.150  0.019  1.000  0.017
       24  0.24655   0.211 -0.023  0.051  0.022 -0.056  0.002 -0.001 -0.005 -0.112  0.017  1.000
MINUIT - FIT ONLY 2-CBO
 **********
 **   25 **RES 
 **********
                   PARAMETER   16  beta_vw RESTORED TO VARIABLE.
                   PARAMETER   14  alpha_vw RESTORED TO VARIABLE.
                   PARAMETER   11  alpha_y RESTORED TO VARIABLE.
                   PARAMETER    9  alpha_2CBO RESTORED TO VARIABLE.
                   PARAMETER    8  beta_CBO RESTORED TO VARIABLE.
 **********
 **   26 **FIX            0
 **********
 PARAMETER    0  IS UNDEFINED. IGNORED.
 **********
 **   27 **FIX            1
 **********
 **********
 **   28 **FIX            2
 **********
 PARAMETER    2  IS CONSTANT.   IGNORED.
 **********
 **   29 **FIX            3
 **********
 **********
 **   30 **FIX            4
 **********
 **********
 **   31 **FIX            5
 **********
 PARAMETER    5  IS CONSTANT.   IGNORED.
 **********
 **   32 **FIX            6
 **********
 **********
 **   33 **FIX            7
 **********
 PARAMETER    7  IS CONSTANT.   IGNORED.
 **********
 **   34 **FIX           10
 **********
 **********
 **   35 **FIX           11
 **********
 **********
 **   36 **FIX           12
 **********
 PARAMETER   12  IS CONSTANT.   IGNORED.
 **********
 **   37 **FIX           13
 **********
 **********
 **   38 **FIX           14
 **********
 **********
 **   39 **FIX           15
 **********
 PARAMETER   15  IS CONSTANT.   IGNORED.
 **********
 **   40 **FIX           16
 **********
 **********
 **   41 **MIGRAD
 **********
 START MIGRAD MINIMIZATION.  STRATEGY  1.  CONVERGENCE WHEN EDM .LT. 1.00e-04
 FCN=55.075 FROM MIGRAD    STATUS=INITIATE       18 CALLS        1169 TOTAL
                     EDM= unknown      STRATEGY= 1      NO ERROR MATRIX       
  EXT PARAMETER               CURRENT GUESS       STEP         FIRST   
  NO.   NAME      VALUE            ERROR          SIZE      DERIVATIVE 
   1  N0           2.83421e+06     fixed    
   2  tau          6.44055e+01   constant   
   3  A0           3.54571e-01     fixed    
   4  phi          4.11439e+00     fixed    
   5  R           -5.93657e+01   constant   
   6  alpha_CBO   -2.85315e-03     fixed    
   7  w_CBO        2.32500e+00   constant   
   8  beta_CBO     0.00000e+00   1.00000e-03   1.00000e-03  -1.02004e+03
   9  alpha_2CBO   0.00000e+00   1.00000e-03   1.00000e-03  -3.31861e+03
  10  beta_2CBO   -4.23917e-06     fixed    
  11  alpha_y      0.00000e+00     fixed    
  12  w_y          1.38860e+01   constant   
  13  beta_y      -7.59481e-05     fixed    
  14  alpha_vw     0.00000e+00     fixed    
  15  w_vw         1.43404e+01   constant   
  16  beta_vw      0.00000e+00     fixed    
  17  LM           6.62355e-05   constant   
  18  zeta_y       0.00000e+00   constant   
  19  zeta_vw      0.00000e+00   constant   
  20  T_CBO        9.99999e+02   9.84783e+02   1.63481e-02  -4.46866e-04
  21  alpha_A0    -9.99999e-03   1.47615e-02   2.25648e-03   1.26810e-03
  22  beta_A0      9.19895e-04   5.45750e-03   3.51396e-05  -5.22048e-03
  23  alpha_phi   -9.99994e-03   1.60415e-02  -7.69390e-03   1.27895e-03
  24  beta_phi     6.84333e-04   4.77295e-03  -3.68799e-03  -1.70981e-03
 MIGRAD MINIMIZATION HAS CONVERGED.
 MIGRAD WILL VERIFY CONVERGENCE AND ERROR MATRIX.
 COVARIANCE MATRIX CALCULATED SUCCESSFULLY
 FCN=52.1196 FROM MIGRAD    STATUS=CONVERGED     121 CALLS        1272 TOTAL
                     EDM=1.36245e-06    STRATEGY= 1      ERROR MATRIX ACCURATE 
  EXT PARAMETER                                   STEP         FIRST   
  NO.   NAME      VALUE            ERROR          SIZE      DERIVATIVE 
   1  N0           2.83421e+06     fixed    
   2  tau          6.44055e+01   constant   
   3  A0           3.54571e-01     fixed    
   4  phi          4.11439e+00     fixed    
   5  R           -5.93657e+01   constant   
   6  alpha_CBO   -2.85315e-03     fixed    
   7  w_CBO        2.32500e+00   constant   
   8  beta_CBO     4.53063e-04   9.86094e-04   3.42039e-06   1.00273e+00
   9  alpha_2CBO   1.64127e-03   9.98784e-04   3.50553e-06  -1.15965e+00
  10  beta_2CBO   -4.23917e-06     fixed    
  11  alpha_y      0.00000e+00     fixed    
  12  w_y          1.38860e+01   constant   
  13  beta_y      -7.59481e-05     fixed    
  14  alpha_vw     0.00000e+00     fixed    
  15  w_vw         1.43404e+01   constant   
  16  beta_vw      0.00000e+00     fixed    
  17  LM           6.62355e-05   constant   
  18  zeta_y       0.00000e+00   constant   
  19  zeta_vw      0.00000e+00   constant   
  20  T_CBO        1.00000e+03   8.80369e+02   7.54945e-03** at limit **
  21  alpha_A0    -1.00000e-02   1.27613e-02   3.94067e-03** at limit **
  22  beta_A0      2.02296e-03   5.25244e-03   1.97219e-03   3.96108e-04
  23  alpha_phi   -1.00000e-02   1.50217e-02   5.60738e-03** at limit **
  24  beta_phi    -2.85559e-04   4.76261e-03   1.72930e-03   5.62307e-04
 EXTERNAL ERROR MATRIX.    NDIM=  25    NPAR=  7    ERR DEF=1
  9.724e-07 -2.641e-08  2.823e-09 -1.071e-14  9.878e-07  3.066e-13  5.844e-07 
 -2.641e-08  9.976e-07 -2.183e-08 -1.776e-13  3.561e-07 -6.894e-13 -7.666e-07 
  2.823e-09 -2.183e-08  1.458e-03 -1.100e-13  1.505e-07 -7.099e-13  2.293e-08 
 -1.071e-14 -1.776e-13 -1.100e-13  1.020e-13  4.752e-14 -4.217e-19  4.984e-13 
  9.878e-07  3.561e-07  1.505e-07  4.752e-14  3.073e-05  3.179e-12 -1.639e-06 
  3.066e-13 -6.894e-13 -7.099e-13 -4.217e-19  3.179e-12  1.030e-12 -5.988e-14 
  5.844e-07 -7.666e-07  2.293e-08  4.984e-13 -1.639e-06 -5.988e-14  2.464e-05 
 PARAMETER  CORRELATION COEFFICIENTS  
       NO.  GLOBAL      8      9     20     21     22     23     24
        8  0.22364   1.000 -0.027  0.000 -0.000  0.181  0.000  0.119
        9  0.16530  -0.027  1.000 -0.001 -0.001  0.064 -0.001 -0.155
       20  0.00095   0.000 -0.001  1.000 -0.000  0.001 -0.000  0.000
       21  0.00061  -0.000 -0.001 -0.000  1.000  0.000 -0.000  0.000
       22  0.20646   0.181  0.064  0.001  0.000  1.000  0.001 -0.060
       23  0.00094   0.000 -0.001 -0.000 -0.000  0.001  1.000 -0.000
       24  0.20587   0.119 -0.155  0.000  0.000 -0.060 -0.000  1.000
MINUIT - FIT wiggle + 1-CBO + 2-CBO
 **********
 **   42 **RES 
 **********
                   PARAMETER   16  beta_vw RESTORED TO VARIABLE.
                   PARAMETER   14  alpha_vw RESTORED TO VARIABLE.
                   PARAMETER   13  beta_y RESTORED TO VARIABLE.
                   PARAMETER   11  alpha_y RESTORED TO VARIABLE.
                   PARAMETER   10  beta_2CBO RESTORED TO VARIABLE.
                   PARAMETER    6  alpha_CBO RESTORED TO VARIABLE.
                   PARAMETER    4  phi RESTORED TO VARIABLE.
                   PARAMETER    3  A0 RESTORED TO VARIABLE.
                   PARAMETER    1  N0 RESTORED TO VARIABLE.
 **********
 **   43 **FIX           10
 **********
 **********
 **   44 **FIX           11
 **********
 **********
 **   45 **FIX           12
 **********
 PARAMETER   12  IS CONSTANT.   IGNORED.
 **********
 **   46 **FIX           13
 **********
 **********
 **   47 **FIX           14
 **********
 **********
 **   48 **FIX           15
 **********
 PARAMETER   15  IS CONSTANT.   IGNORED.
 **********
 **   49 **FIX           16
 **********
 **********
 **   50 **MIGRAD
 **********
 START MIGRAD MINIMIZATION.  STRATEGY  1.  CONVERGENCE WHEN EDM .LT. 1.00e-04
 FCN=52.1196 FROM MIGRAD    STATUS=INITIATE       22 CALLS        1294 TOTAL
                     EDM= unknown      STRATEGY= 1      NO ERROR MATRIX       
  EXT PARAMETER               CURRENT GUESS       STEP         FIRST   
  NO.   NAME      VALUE            ERROR          SIZE      DERIVATIVE 
   1  N0           2.83421e+06   2.00670e+03   2.00670e+03  -4.72387e-05
   2  tau          6.44055e+01   constant   
   3  A0           3.54571e-01   8.97722e-04   8.97722e-04  -8.49379e+01
   4  phi          4.11439e+00   2.69525e-03   2.69525e-03   9.70051e+01
   5  R           -5.93657e+01   constant   
   6  alpha_CBO   -2.85315e-03   1.01994e-03   1.01994e-03  -1.94754e+02
   7  w_CBO        2.32500e+00   constant   
   8  beta_CBO     4.53063e-04   9.86094e-04   3.42039e-06   1.00277e+00
   9  alpha_2CBO   1.64127e-03   9.98784e-04   3.50553e-06  -1.15783e+00
  10  beta_2CBO   -4.23917e-06     fixed    
  11  alpha_y      0.00000e+00     fixed    
  12  w_y          1.38860e+01   constant   
  13  beta_y      -7.59481e-05     fixed    
  14  alpha_vw     0.00000e+00     fixed    
  15  w_vw         1.43404e+01   constant   
  16  beta_vw      0.00000e+00     fixed    
  17  LM           6.62355e-05   constant   
  18  zeta_y       0.00000e+00   constant   
  19  zeta_vw      0.00000e+00   constant   
  20  T_CBO        9.99999e+02   8.80369e+02   7.54945e-03  -8.69711e-04
  21  alpha_A0    -9.99998e-03   1.27613e-02   3.94067e-03   3.19000e-03
  22  beta_A0      2.02296e-03   5.25244e-03   1.97219e-03   3.91750e-04
  23  alpha_phi   -9.99998e-03   1.50217e-02   5.60738e-03   1.57441e-03
  24  beta_phi    -2.85559e-04   4.76261e-03   1.72930e-03   5.61906e-04
 MIGRAD MINIMIZATION HAS CONVERGED.
 MIGRAD WILL VERIFY CONVERGENCE AND ERROR MATRIX.
 COVARIANCE MATRIX CALCULATED SUCCESSFULLY
 FCN=52.086 FROM MIGRAD    STATUS=CONVERGED     194 CALLS        1466 TOTAL
                     EDM=5.11967e-06    STRATEGY= 1      ERROR MATRIX ACCURATE 
  EXT PARAMETER                                   STEP         FIRST   
  NO.   NAME      VALUE            ERROR          SIZE      DERIVATIVE 
   1  N0           2.83428e+06   2.05871e+03   6.60643e+00   7.50913e-07
   2  tau          6.44055e+01   constant   
   3  A0           3.54610e-01   9.43939e-04   3.23366e-06  -2.90386e+00
   4  phi          4.11401e+00   2.72826e-03   9.31694e-06  -4.21100e-03
   5  R           -5.93657e+01   constant   
   6  alpha_CBO   -2.73454e-03   1.01708e-03   3.54446e-06   3.24247e-01
   7  w_CBO        2.32500e+00   constant   
   8  beta_CBO     4.80692e-04   1.01830e-03   3.41917e-06   2.86144e-01
   9  alpha_2CBO   1.65344e-03   1.00266e-03   3.50429e-06   9.91876e-02
  10  beta_2CBO   -4.23917e-06     fixed    
  11  alpha_y      0.00000e+00     fixed    
  12  w_y          1.38860e+01   constant   
  13  beta_y      -7.59481e-05     fixed    
  14  alpha_vw     0.00000e+00     fixed    
  15  w_vw         1.43404e+01   constant   
  16  beta_vw      0.00000e+00     fixed    
  17  LM           6.62355e-05   constant   
  18  zeta_y       0.00000e+00   constant   
  19  zeta_vw      0.00000e+00   constant   
  20  T_CBO        1.00000e+03   8.88594e+02   7.67021e-03** at limit **
  21  alpha_A0    -1.00000e-02   1.27633e-02   3.94038e-03** at limit **
  22  beta_A0      2.09542e-03   5.32187e-03   1.97094e-03   2.88567e-04
  23  alpha_phi   -1.00000e-02   1.54797e-02   5.92143e-03** at limit **
  24  beta_phi    -2.50738e-04   4.86328e-03   1.72856e-03   1.58996e-03
 EXTERNAL ERROR MATRIX.    NDIM=  25    NPAR= 11    ERR DEF=1
  4.238e+06 
  1.983e-01  8.910e-07 
  9.161e-01 -1.349e-07  7.443e-06 
  4.560e-02 -8.941e-08 -4.173e-07  1.034e-06 
  1.158e-01  2.128e-07 -3.164e-07  1.157e-08  1.037e-06 
  4.823e-03 -4.130e-08 -1.346e-07  6.790e-08 -2.934e-08  1.005e-06 
 -2.194e-02  3.862e-09 -1.106e-08  8.280e-09  2.020e-09 -8.412e-09  2.154e-04 
 -2.355e-07 -6.323e-14  2.277e-14  9.915e-14 -2.613e-14 -9.399e-14 -2.096e-14  3.295e-14 
 -1.328e+00  2.704e-07 -2.027e-06 -4.733e-08  1.099e-06  3.661e-07  7.087e-08  5.372e-14  3.167e-05 
 -2.043e-07  1.579e-13 -2.704e-13  6.309e-14  7.498e-14 -7.279e-14 -2.753e-14 -1.812e-20  4.986e-13  9.494e-15 
  2.206e+00  5.955e-08  6.364e-07  9.883e-08  6.287e-07 -7.606e-07 -1.085e-09  1.710e-13 -2.382e-06 -1.194e-13  2.580e-05 
 PARAMETER  CORRELATION COEFFICIENTS  
       NO.  GLOBAL      1      3      4      6      8      9     20     21     22     23     24
        1  0.30527   1.000  0.102  0.163  0.022  0.055  0.002 -0.001 -0.001 -0.115 -0.001  0.211
        3  0.26979   0.102  1.000 -0.052 -0.093  0.221 -0.044  0.000 -0.000  0.051  0.002  0.012
        4  0.28034   0.163 -0.052  1.000 -0.150 -0.114 -0.049 -0.000  0.000 -0.132 -0.001  0.046
        6  0.20110   0.022 -0.093 -0.150  1.000  0.011  0.067  0.001  0.001 -0.008  0.001  0.019
        8  0.33048   0.055  0.221 -0.114  0.011  1.000 -0.029  0.000 -0.000  0.192  0.001  0.122
        9  0.18680   0.002 -0.044 -0.049  0.067 -0.029  1.000 -0.001 -0.001  0.065 -0.001 -0.149
       20  0.00143  -0.001  0.000 -0.000  0.001  0.000 -0.001  1.000 -0.000  0.001 -0.000 -0.000
       21  0.00109  -0.001 -0.000  0.000  0.001 -0.000 -0.001 -0.000  1.000  0.000 -0.000  0.000
       22  0.26662  -0.115  0.051 -0.132 -0.008  0.192  0.065  0.001  0.000  1.000  0.001 -0.083
       23  0.00255  -0.001  0.002 -0.001  0.001  0.001 -0.001 -0.000 -0.000  0.001  1.000 -0.000
       24  0.29219   0.211  0.012  0.046  0.019  0.122 -0.149 -0.000  0.000 -0.083 -0.000  1.000
MINUIT - FIT ONLY 1-y
 **********
 **   51 **RES 
 **********
                   PARAMETER   16  beta_vw RESTORED TO VARIABLE.
                   PARAMETER   14  alpha_vw RESTORED TO VARIABLE.
                   PARAMETER   13  beta_y RESTORED TO VARIABLE.
                   PARAMETER   11  alpha_y RESTORED TO VARIABLE.
                   PARAMETER   10  beta_2CBO RESTORED TO VARIABLE.
 **********
 **   52 **FIX            0
 **********
 PARAMETER    0  IS UNDEFINED. IGNORED.
 **********
 **   53 **FIX            1
 **********
 **********
 **   54 **FIX            2
 **********
 PARAMETER    2  IS CONSTANT.   IGNORED.
 **********
 **   55 **FIX            3
 **********
 **********
 **   56 **FIX            4
 **********
 **********
 **   57 **FIX            5
 **********
 PARAMETER    5  IS CONSTANT.   IGNORED.
 **********
 **   58 **FIX            6
 **********
 **********
 **   59 **FIX            7
 **********
 PARAMETER    7  IS CONSTANT.   IGNORED.
 **********
 **   60 **FIX            8
 **********
 **********
 **   61 **FIX            9
 **********
 **********
 **   62 **FIX           13
 **********
 **********
 **   63 **FIX           14
 **********
 **********
 **   64 **FIX           15
 **********
 PARAMETER   15  IS CONSTANT.   IGNORED.
 **********
 **   65 **FIX           16
 **********
 **********
 **   66 **MIGRAD
 **********
 START MIGRAD MINIMIZATION.  STRATEGY  1.  CONVERGENCE WHEN EDM .LT. 1.00e-04
 FCN=52.086 FROM MIGRAD    STATUS=INITIATE       16 CALLS        1482 TOTAL
                     EDM= unknown      STRATEGY= 1      NO ERROR MATRIX       
  EXT PARAMETER               CURRENT GUESS       STEP         FIRST   
  NO.   NAME      VALUE            ERROR          SIZE      DERIVATIVE 
   1  N0           2.83428e+06     fixed    
   2  tau          6.44055e+01   constant   
   3  A0           3.54610e-01     fixed    
   4  phi          4.11401e+00     fixed    
   5  R           -5.93657e+01   constant   
   6  alpha_CBO   -2.73454e-03     fixed    
   7  w_CBO        2.32500e+00   constant   
   8  beta_CBO     4.80692e-04     fixed    
   9  alpha_2CBO   1.65344e-03     fixed    
  10  beta_2CBO   -4.23917e-06   9.68775e-04   9.68775e-04  -3.72864e+01
  11  alpha_y      0.00000e+00   1.00000e-03   1.00000e-03  -8.46620e+02
  12  w_y          1.38860e+01   constant   
  13  beta_y      -7.59481e-05     fixed    
  14  alpha_vw     0.00000e+00     fixed    
  15  w_vw         1.43404e+01   constant   
  16  beta_vw      0.00000e+00     fixed    
  17  LM           6.62355e-05   constant   
  18  zeta_y       0.00000e+00   constant   
  19  zeta_vw      0.00000e+00   constant   
  20  T_CBO        9.99999e+02   8.88594e+02   7.67021e-03  -8.38525e-04
  21  alpha_A0    -9.99998e-03   1.27633e-02   3.94038e-03   3.18757e-03
  22  beta_A0      2.09542e-03   5.32187e-03   1.97094e-03   2.84222e-04
  23  alpha_phi   -9.99998e-03   1.54797e-02   5.92143e-03   1.40602e-03
  24  beta_phi    -2.50738e-04   4.86328e-03   1.72856e-03   1.58951e-03
 MIGRAD MINIMIZATION HAS CONVERGED.
 MIGRAD WILL VERIFY CONVERGENCE AND ERROR MATRIX.
 COVARIANCE MATRIX CALCULATED SUCCESSFULLY
 FCN=51.9113 FROM MIGRAD    STATUS=CONVERGED      98 CALLS        1564 TOTAL
                     EDM=1.58919e-06    STRATEGY= 1      ERROR MATRIX ACCURATE 
  EXT PARAMETER                                   STEP         FIRST   
  NO.   NAME      VALUE            ERROR          SIZE      DERIVATIVE 
   1  N0           2.83428e+06     fixed    
   2  tau          6.44055e+01   constant   
   3  A0           3.54610e-01     fixed    
   4  phi          4.11401e+00     fixed    
   5  R           -5.93657e+01   constant   
   6  alpha_CBO   -2.73454e-03     fixed    
   7  w_CBO        2.32500e+00   constant   
   8  beta_CBO     4.80692e-04     fixed    
   9  alpha_2CBO   1.65344e-03     fixed    
  10  beta_2CBO    1.22304e-05   9.77848e-04   3.45080e-06  -1.09413e+00
  11  alpha_y      4.11901e-04   9.86437e-04   3.50299e-06   6.79704e-02
  12  w_y          1.38860e+01   constant   
  13  beta_y      -7.59481e-05     fixed    
  14  alpha_vw     0.00000e+00     fixed    
  15  w_vw         1.43404e+01   constant   
  16  beta_vw      0.00000e+00     fixed    
  17  LM           6.62355e-05   constant   
  18  zeta_y       0.00000e+00   constant   
  19  zeta_vw      0.00000e+00   constant   
  20  T_CBO        1.00000e+03   8.86493e+02   7.63458e-03** at limit **
  21  alpha_A0    -1.00000e-02   1.27227e-02   3.90129e-03** at limit **
  22  beta_A0      2.08954e-03   5.18378e-03   1.97023e-03  -2.58754e-03
  23  alpha_phi   -1.00000e-02   1.55093e-02   5.94404e-03** at limit **
  24  beta_phi    -2.93345e-04   4.68663e-03   1.72569e-03   7.34791e-04
 EXTERNAL ERROR MATRIX.    NDIM=  25    NPAR=  7    ERR DEF=1
  9.562e-07 -2.165e-09  2.980e-10 -5.477e-15 -5.154e-07  4.737e-14 -2.496e-07 
 -2.165e-09  9.731e-07 -8.553e-11 -9.623e-16  1.817e-08 -8.752e-16 -8.794e-08 
  2.980e-10 -8.553e-11  3.704e-06 -2.997e-16  8.140e-09 -1.557e-15  1.662e-10 
 -5.477e-15 -9.623e-16 -2.997e-16  3.030e-16  9.183e-15 -1.435e-21  2.109e-14 
 -5.154e-07  1.817e-08  8.140e-09  9.183e-15  2.985e-05  1.022e-13 -1.805e-06 
  4.737e-14 -8.752e-16 -1.557e-15 -1.435e-21  1.022e-13  1.421e-15 -4.328e-14 
 -2.496e-07 -8.794e-08  1.662e-10  2.109e-14 -1.805e-06 -4.328e-14  2.379e-05 
 PARAMETER  CORRELATION COEFFICIENTS  
       NO.  GLOBAL     10     11     20     21     22     23     24
       10  0.11313   1.000 -0.002  0.000 -0.000 -0.096  0.001 -0.052
       11  0.01864  -0.002  1.000 -0.000 -0.000  0.003 -0.000 -0.018
       20  0.00081   0.000 -0.000  1.000 -0.000  0.001 -0.000  0.000
       21  0.00041  -0.000 -0.000 -0.000  1.000  0.000 -0.000  0.000
       22  0.12092  -0.096  0.003  0.001  0.000  1.000  0.000 -0.068
       23  0.00143   0.001 -0.000 -0.000 -0.000  0.000  1.000 -0.000
       24  0.09173  -0.052 -0.018  0.000  0.000 -0.068 -0.000  1.000
MINUIT - FIT ONLY 2-y
 **********
 **   67 **RES 
 **********
                   PARAMETER   16  beta_vw RESTORED TO VARIABLE.
                   PARAMETER   14  alpha_vw RESTORED TO VARIABLE.
                   PARAMETER   13  beta_y RESTORED TO VARIABLE.
                   PARAMETER    9  alpha_2CBO RESTORED TO VARIABLE.
                   PARAMETER    8  beta_CBO RESTORED TO VARIABLE.
                   PARAMETER    6  alpha_CBO RESTORED TO VARIABLE.
                   PARAMETER    4  phi RESTORED TO VARIABLE.
                   PARAMETER    3  A0 RESTORED TO VARIABLE.
                   PARAMETER    1  N0 RESTORED TO VARIABLE.
 **********
 **   68 **FIX            0
 **********
 PARAMETER    0  IS UNDEFINED. IGNORED.
 **********
 **   69 **FIX            1
 **********
 **********
 **   70 **FIX            2
 **********
 PARAMETER    2  IS CONSTANT.   IGNORED.
 **********
 **   71 **FIX            3
 **********
 **********
 **   72 **FIX            4
 **********
 **********
 **   73 **FIX            5
 **********
 PARAMETER    5  IS CONSTANT.   IGNORED.
 **********
 **   74 **FIX            6
 **********
 **********
 **   75 **FIX            7
 **********
 PARAMETER    7  IS CONSTANT.   IGNORED.
 **********
 **   76 **FIX            8
 **********
 **********
 **   77 **FIX            9
 **********
 **********
 **   78 **FIX           10
 **********
 **********
 **   79 **FIX           11
 **********
 **********
 **   80 **FIX           12
 **********
 PARAMETER   12  IS CONSTANT.   IGNORED.
 **********
 **   81 **FIX           16
 **********
 **********
 **   82 **MIGRAD
 **********
 START MIGRAD MINIMIZATION.  STRATEGY  1.  CONVERGENCE WHEN EDM .LT. 1.00e-04
 FCN=51.9113 FROM MIGRAD    STATUS=INITIATE       16 CALLS        1580 TOTAL
                     EDM= unknown      STRATEGY= 1      NO ERROR MATRIX       
  EXT PARAMETER               CURRENT GUESS       STEP         FIRST   
  NO.   NAME      VALUE            ERROR          SIZE      DERIVATIVE 
   1  N0           2.83428e+06     fixed    
   2  tau          6.44055e+01   constant   
   3  A0           3.54610e-01     fixed    
   4  phi          4.11401e+00     fixed    
   5  R           -5.93657e+01   constant   
   6  alpha_CBO   -2.73454e-03     fixed    
   7  w_CBO        2.32500e+00   constant   
   8  beta_CBO     4.80692e-04     fixed    
   9  alpha_2CBO   1.65344e-03     fixed    
  10  beta_2CBO    1.22304e-05     fixed    
  11  alpha_y      4.11901e-04     fixed    
  12  w_y          1.38860e+01   constant   
  13  beta_y      -7.59481e-05   9.70167e-04   9.70167e-04  -2.34900e+01
  14  alpha_vw     0.00000e+00   1.00000e-03   1.00000e-03   1.86705e+03
  15  w_vw         1.43404e+01   constant   
  16  beta_vw      0.00000e+00     fixed    
  17  LM           6.62355e-05   constant   
  18  zeta_y       0.00000e+00   constant   
  19  zeta_vw      0.00000e+00   constant   
  20  T_CBO        9.99999e+02   8.86493e+02   7.63458e-03  -8.46381e-04
  21  alpha_A0    -9.99998e-03   1.27227e-02   3.90129e-03   3.24078e-03
  22  beta_A0      2.08954e-03   5.18378e-03   1.97023e-03  -2.59182e-03
  23  alpha_phi   -9.99998e-03   1.55093e-02   5.94404e-03   1.39605e-03
  24  beta_phi    -2.93345e-04   4.68663e-03   1.72569e-03   7.34399e-04
 MIGRAD MINIMIZATION HAS CONVERGED.
 MIGRAD WILL VERIFY CONVERGENCE AND ERROR MATRIX.
 COVARIANCE MATRIX CALCULATED SUCCESSFULLY
 FCN=51.074 FROM MIGRAD    STATUS=CONVERGED      98 CALLS        1662 TOTAL
                     EDM=7.14643e-06    STRATEGY= 1      ERROR MATRIX ACCURATE 
  EXT PARAMETER                                   STEP         FIRST   
  NO.   NAME      VALUE            ERROR          SIZE      DERIVATIVE 
   1  N0           2.83428e+06     fixed    
   2  tau          6.44055e+01   constant   
   3  A0           3.54610e-01     fixed    
   4  phi          4.11401e+00     fixed    
   5  R           -5.93657e+01   constant   
   6  alpha_CBO   -2.73454e-03     fixed    
   7  w_CBO        2.32500e+00   constant   
   8  beta_CBO     4.80692e-04     fixed    
   9  alpha_2CBO   1.65344e-03     fixed    
  10  beta_2CBO    1.22304e-05     fixed    
  11  alpha_y      4.11901e-04     fixed    
  12  w_y          1.38860e+01   constant   
  13  beta_y      -1.97850e-05   9.71600e-04   3.41898e-06   3.27257e-01
  14  alpha_vw    -8.96242e-04   9.79506e-04   3.44584e-06  -1.58297e-02
  15  w_vw         1.43404e+01   constant   
  16  beta_vw      0.00000e+00     fixed    
  17  LM           6.62355e-05   constant   
  18  zeta_y       0.00000e+00   constant   
  19  zeta_vw      0.00000e+00   constant   
  20  T_CBO        1.00000e+03   8.79216e+02   7.44075e-03** at limit **
  21  alpha_A0    -1.00000e-02   1.26339e-02   3.80409e-03** at limit **
  22  beta_A0      2.11661e-03   5.16175e-03   1.95394e-03  -6.77883e-03
  23  alpha_phi   -1.00000e-02   1.54120e-02   5.79972e-03** at limit **
  24  beta_phi    -4.03055e-04   4.68135e-03   1.71203e-03  -9.23406e-05
 EXTERNAL ERROR MATRIX.    NDIM=  25    NPAR=  7    ERR DEF=1
  9.440e-07 -4.813e-08  2.753e-10 -1.138e-15  2.614e-08  1.902e-14  2.837e-08 
 -4.813e-08  9.594e-07  3.260e-10  3.794e-15 -3.502e-08  3.968e-15  1.167e-07 
  2.753e-10  3.260e-10  2.941e-05 -2.451e-15  2.265e-08 -9.312e-15 -1.602e-10 
 -1.138e-15  3.794e-15 -2.451e-15  3.092e-15  1.872e-14 -7.928e-21  6.023e-14 
  2.614e-08 -3.502e-08  2.265e-08  1.872e-14  2.957e-05  2.808e-13 -1.942e-06 
  1.902e-14  3.968e-15 -9.312e-15 -7.928e-21  2.808e-13  7.372e-15 -6.665e-14 
  2.837e-08  1.167e-07 -1.602e-10  6.023e-14 -1.942e-06 -6.665e-14  2.374e-05 
 PARAMETER  CORRELATION COEFFICIENTS  
       NO.  GLOBAL     13     14     20     21     22     23     24
       13  0.05134   1.000 -0.051  0.000 -0.000  0.005  0.000  0.006
       14  0.05648  -0.051  1.000  0.000  0.000 -0.007  0.000  0.024
       20  0.00077   0.000  0.000  1.000 -0.000  0.001 -0.000 -0.000
       21  0.00025  -0.000  0.000 -0.000  1.000  0.000 -0.000  0.000
       22  0.07362   0.005 -0.007  0.001  0.000  1.000  0.001 -0.073
       23  0.00066   0.000  0.000 -0.000 -0.000  0.001  1.000 -0.000
       24  0.07747   0.006  0.024 -0.000  0.000 -0.073 -0.000  1.000
MINUIT - FIT ALTOGETHER
 **********
 **   83 **RES 
