 + ++++++++++++++++++++++++++++++++++++++++++++++++++++++++++++++++++++ +
 +                                                                      +
 +           You have chose to blind your fitting according to          +
 +                omega_ref * (1 + (R +/- deltaR) *10^{-6})             +
 +                                                                      +
 + ++++++++++++++++++++++++++++++++++++++++++++++++++++++++++++++++++++ +
In main()...
reading format from /gm2data/zkhechad/run45/envelope/formats/formatB_sBin_constraintOn.txt
pBinTau 	= 0  
pBinPhi 	= 0  
constraintau 	= 1 
includeMopTerm 	= 0    
constrainMop    = 0   
Parameters after format file: pBinTau 0 pBinPhi 0 constraintau 1 includeMopTerm 0 constrainMop 0 c_e_scale 0.000000 
Opening file /gm2data/tbarrett/gm2fr/studies/run23_bunch_corrections/CorrectedFourier_Run3b.root.
reading full fit data from /gm2data/zkhechad/cboTemplates/Run4CBOTemplates/templateFits0_v2.0/noRF/sBin_constraintOn_cE0.0_seed0_noRF_calo8.root
windowBins = 69
fitting sliding window 1208 from bin 1344 at 200.375600 to bin 1413 at 210.819600 (69 bins)

Reading data from /gm2data/cornell/histograms/aMethod/histogram_a_noRF.root
 **********
 **    1 **SET PRINTOUT            1
 **********
 **********
 **    2 **SET NOWARNINGS 
 **********
 PARAMETER DEFINITIONS:
    NO.   NAME         VALUE      STEP SIZE      LIMITS
     1 N0           2.93665e+06  1.00000e+02     no limits
     2 tau          6.43896e+01  constant
     3 A0           3.52922e-01  1.00000e-04     no limits
     4 phi          4.11506e+00  1.00000e-02     no limits
     5 R           -6.12649e+01  constant
     6 alpha_CBO    0.00000e+00  1.00000e-03     no limits
     7 w_CBO        2.32500e+00  constant
     8 beta_CBO     0.00000e+00  1.00000e-03     no limits
     9 alpha_2CBO   0.00000e+00  1.00000e-03     no limits
    10 beta_2CBO    0.00000e+00  1.00000e-03     no limits
    11 alpha_y      0.00000e+00  1.00000e-03     no limits
    12 w_y          1.44500e+01  constant
    13 beta_y       0.00000e+00  1.00000e-03     no limits
    14 alpha_vw     0.00000e+00  1.00000e-03     no limits
    15 w_vw         1.29000e+01  constant
    16 beta_vw      0.00000e+00  1.00000e-03     no limits
    17 LM          -3.89610e-04  constant
    18 zeta_y       0.00000e+00  constant
    19 zeta_vw      0.00000e+00  constant
    20 T_CBO        1.00000e+02  1.00000e+00    0.00000e+00  1.00000e+03
    21 alpha_A0     0.00000e+00  1.00000e-03     no limits
    22 beta_A0      0.00000e+00  1.00000e-03     no limits
    23 alpha_phi    0.00000e+00  1.00000e-03     no limits
    24 beta_phi     0.00000e+00  1.00000e-03     no limits
MINUIT - FIT ONLY WIGGLE
 **********
 **    3 **FIX            5
 **********
 PARAMETER    5  IS CONSTANT.   IGNORED.
 **********
 **    4 **FIX            6
 **********
 **********
 **    5 **FIX            7
 **********
 PARAMETER    7  IS CONSTANT.   IGNORED.
 **********
 **    6 **FIX            8
 **********
 **********
 **    7 **FIX            9
 **********
 **********
 **    8 **FIX           10
 **********
 **********
 **    9 **FIX           11
 **********
 **********
 **   10 **FIX           12
 **********
 PARAMETER   12  IS CONSTANT.   IGNORED.
 **********
 **   11 **FIX           13
 **********
 **********
 **   12 **FIX           14
 **********
 **********
 **   13 **FIX           15
 **********
 PARAMETER   15  IS CONSTANT.   IGNORED.
 **********
 **   14 **FIX           16
 **********
 **********
 **   15 **MIGRAD
 **********
 FIRST CALL TO USER FUNCTION AT NEW START POINT, WITH IFLAG=4.
 START MIGRAD MINIMIZATION.  STRATEGY  1.  CONVERGENCE WHEN EDM .LT. 1.00e-04
 FCN=339.867 FROM MIGRAD    STATUS=INITIATE      437 CALLS         438 TOTAL
                     EDM= unknown      STRATEGY= 1      NO ERROR MATRIX       
  EXT PARAMETER               CURRENT GUESS       STEP         FIRST   
  NO.   NAME      VALUE            ERROR          SIZE      DERIVATIVE 
   1  N0           2.93665e+06   1.00000e+02   0.00000e+00   1.94795e-03
   2  tau          6.43896e+01   constant   
   3  A0           3.52922e-01   1.00000e-04   0.00000e+00  -2.18157e+03
   4  phi          4.11506e+00   1.00000e-02   0.00000e+00   1.05206e+04
   5  R           -6.12649e+01   constant   
   6  alpha_CBO    0.00000e+00     fixed    
   7  w_CBO        2.32500e+00   constant   
   8  beta_CBO     0.00000e+00     fixed    
   9  alpha_2CBO   0.00000e+00     fixed    
  10  beta_2CBO    0.00000e+00     fixed    
  11  alpha_y      0.00000e+00     fixed    
  12  w_y          1.44500e+01   constant   
  13  beta_y       0.00000e+00     fixed    
  14  alpha_vw     0.00000e+00     fixed    
  15  w_vw         1.29000e+01   constant   
  16  beta_vw      0.00000e+00     fixed    
  17  LM          -3.89610e-04   constant   
  18  zeta_y       0.00000e+00   constant   
  19  zeta_vw      0.00000e+00   constant   
  20  T_CBO        1.00000e+02   1.00000e+00   0.00000e+00   0.00000e+00
  21  alpha_A0     0.00000e+00   1.00000e-03   0.00000e+00  -1.92812e+02
  22  beta_A0      0.00000e+00   1.00000e-03   0.00000e+00  -1.93394e+02
  23  alpha_phi    0.00000e+00   1.00000e-03   0.00000e+00   2.35828e+02
  24  beta_phi     0.00000e+00   1.00000e-03   0.00000e+00  -2.59848e+02
 CALL LIMIT EXCEEDED IN MIGRAD.
 MIGRAD TERMINATED WITHOUT CONVERGENCE.
 FCN=318.505 FROM MIGRAD    STATUS=CALL LIMIT   1344 CALLS        1345 TOTAL
                     EDM=0.0151012    STRATEGY= 1  ERROR MATRIX UNCERTAINTY   2.1 per cent
  EXT PARAMETER                APPROXIMATE        STEP         FIRST   
  NO.   NAME      VALUE            ERROR          SIZE      DERIVATIVE 
   1  N0           2.93642e+06   6.16875e+02  -3.69439e+01  -7.99086e-05
   2  tau          6.43896e+01   constant   
   3  A0           3.52879e-01   2.63628e-04  -1.36067e-05  -1.87478e+02
   4  phi          4.11168e+00   8.21559e-04   1.36440e-05   2.14558e+01
   5  R           -6.12649e+01   constant   
   6  alpha_CBO    0.00000e+00     fixed    
   7  w_CBO        2.32500e+00   constant   
   8  beta_CBO     0.00000e+00     fixed    
   9  alpha_2CBO   0.00000e+00     fixed    
  10  beta_2CBO    0.00000e+00     fixed    
  11  alpha_y      0.00000e+00     fixed    
  12  w_y          1.44500e+01   constant   
  13  beta_y       0.00000e+00     fixed    
  14  alpha_vw     0.00000e+00     fixed    
  15  w_vw         1.29000e+01   constant   
  16  beta_vw      0.00000e+00     fixed    
  17  LM          -3.89610e-04   constant   
  18  zeta_y       0.00000e+00   constant   
  19  zeta_vw      0.00000e+00   constant   
  20  T_CBO        2.20150e+01   6.37565e+00  -9.57642e-03  -1.29657e+01
  21  alpha_A0     2.16117e+00   3.55275e+00   9.70910e-01   2.77508e-03
  22  beta_A0      7.01900e+00   1.16259e+01   3.17765e+00  -1.05527e-02
  23  alpha_phi   -1.53330e+01   2.53453e+01  -6.92712e+00   1.30206e-02
  24  beta_phi     1.03724e+01   1.71548e+01   4.68866e+00  -3.48259e-03
 EXTERNAL ERROR MATRIX.    NDIM=  25    NPAR=  8    ERR DEF=1
  3.805e+05  2.644e-02 -2.979e-02 -1.382e+02 -1.351e+01 -4.678e+01  1.002e+02 -6.844e+01 
  2.644e-02  6.950e-08  1.260e-08 -3.042e-05 -2.686e-05 -8.854e-05  1.938e-04 -1.309e-04 
 -2.979e-02  1.260e-08  6.750e-07  3.741e-05  2.449e-05  7.668e-05 -1.650e-04  1.124e-04 
 -1.382e+02 -3.042e-05  3.741e-05  4.067e+01 -2.039e+01 -6.672e+01  1.455e+02 -9.846e+01 
 -1.351e+01 -2.686e-05  2.449e-05 -2.039e+01  1.262e+01  4.130e+01 -9.004e+01  6.095e+01 
 -4.678e+01 -8.854e-05  7.668e-05 -6.672e+01  4.130e+01  1.352e+02 -2.947e+02  1.994e+02 
  1.002e+02  1.938e-04 -1.650e-04  1.455e+02 -9.004e+01 -2.947e+02  6.424e+02 -4.348e+02 
 -6.844e+01 -1.309e-04  1.124e-04 -9.846e+01  6.095e+01  1.994e+02 -4.348e+02  2.943e+02 
ERR MATRIX APPROXIMATE
 PARAMETER  CORRELATION COEFFICIENTS  
       NO.  GLOBAL      1      3      4     20     21     22     23     24
        1  0.25721   1.000  0.163 -0.059 -0.035 -0.006 -0.007  0.006 -0.006
        3  0.26459   0.163  1.000  0.058 -0.018 -0.029 -0.029  0.029 -0.029
        4  0.18038  -0.059  0.058  1.000  0.007  0.008  0.008 -0.008  0.008
       20  0.90872  -0.035 -0.018  0.007  1.000 -0.900 -0.900  0.900 -0.900
       21  1.00000  -0.006 -0.029  0.008 -0.900  1.000  1.000 -1.000  1.000
       22  1.00000  -0.007 -0.029  0.008 -0.900  1.000  1.000 -1.000  1.000
       23  1.00000   0.006  0.029 -0.008  0.900 -1.000 -1.000  1.000 -1.000
       24  1.00000  -0.006 -0.029  0.008 -0.900  1.000  1.000 -1.000  1.000
 ERR MATRIX APPROXIMATE
MINUIT - FIT ONLY 1-CBO + wiggle
 **********
 **   16 **RES 
 **********
                   PARAMETER   16  beta_vw RESTORED TO VARIABLE.
                   PARAMETER   14  alpha_vw RESTORED TO VARIABLE.
                   PARAMETER   13  beta_y RESTORED TO VARIABLE.
                   PARAMETER   11  alpha_y RESTORED TO VARIABLE.
                   PARAMETER   10  beta_2CBO RESTORED TO VARIABLE.
                   PARAMETER    9  alpha_2CBO RESTORED TO VARIABLE.
                   PARAMETER    8  beta_CBO RESTORED TO VARIABLE.
                   PARAMETER    6  alpha_CBO RESTORED TO VARIABLE.
 **********
 **   17 **FIX            8
 **********
 **********
 **   18 **FIX            9
 **********
 **********
 **   19 **FIX           11
 **********
 **********
 **   20 **FIX           12
 **********
 PARAMETER   12  IS CONSTANT.   IGNORED.
 **********
 **   21 **FIX           14
 **********
 **********
 **   22 **FIX           15
 **********
 PARAMETER   15  IS CONSTANT.   IGNORED.
 **********
 **   23 **FIX           16
 **********
 **********
 **   24 **MIGRAD
 **********
 START MIGRAD MINIMIZATION.  STRATEGY  1.  CONVERGENCE WHEN EDM .LT. 1.00e-04
 FCN=318.505 FROM MIGRAD    STATUS=INITIATE       28 CALLS        1373 TOTAL
                     EDM= unknown      STRATEGY= 1      NO ERROR MATRIX       
  EXT PARAMETER               CURRENT GUESS       STEP         FIRST   
  NO.   NAME      VALUE            ERROR          SIZE      DERIVATIVE 
   1  N0           2.93642e+06   6.16875e+02  -3.69439e+01  -7.99086e-05
   2  tau          6.43896e+01   constant   
   3  A0           3.52879e-01   2.63628e-04  -1.36067e-05  -1.87478e+02
   4  phi          4.11168e+00   8.21559e-04   1.36440e-05   2.14558e+01
   5  R           -6.12649e+01   constant   
   6  alpha_CBO    0.00000e+00   1.00000e-03   1.00000e-03  -7.33909e+04
   7  w_CBO        2.32500e+00   constant   
   8  beta_CBO     0.00000e+00     fixed    
   9  alpha_2CBO   0.00000e+00     fixed    
  10  beta_2CBO    0.00000e+00   1.00000e-03   1.00000e-03  -1.03968e+04
  11  alpha_y      0.00000e+00     fixed    
  12  w_y          1.44500e+01   constant   
  13  beta_y       0.00000e+00   1.00000e-03   1.00000e-03  -5.51220e+03
  14  alpha_vw     0.00000e+00     fixed    
  15  w_vw         1.29000e+01   constant   
  16  beta_vw      0.00000e+00     fixed    
  17  LM          -3.89610e-04   constant   
  18  zeta_y       0.00000e+00   constant   
  19  zeta_vw      0.00000e+00   constant   
  20  T_CBO        2.20150e+01   6.37565e+00  -9.57642e-03  -1.29670e+01
  21  alpha_A0     2.16117e+00   3.55275e+00   9.70910e-01   2.77509e-03
  22  beta_A0      7.01900e+00   1.16259e+01   3.17765e+00  -1.05527e-02
  23  alpha_phi   -1.53330e+01   2.53453e+01  -6.92712e+00   1.30206e-02
  24  beta_phi     1.03724e+01   1.71548e+01   4.68866e+00  -3.48259e-03
 CALL LIMIT EXCEEDED IN MIGRAD.
 MIGRAD TERMINATED WITHOUT CONVERGENCE.
 FCN=183.723 FROM MIGRAD    STATUS=CALL LIMIT   1914 CALLS        3259 TOTAL
                     EDM=0.00704131    STRATEGY= 1  ERROR MATRIX UNCERTAINTY   0.0 per cent
  EXT PARAMETER                APPROXIMATE        STEP         FIRST   
  NO.   NAME      VALUE            ERROR          SIZE      DERIVATIVE 
   1  N0           2.93639e+06   6.39482e+02   2.60018e-01  -2.21035e-05
   2  tau          6.43896e+01   constant   
   3  A0           3.52596e-01   2.64024e-04  -2.13000e-07   3.79414e+01
   4  phi          4.11312e+00   8.18674e-04  -3.29350e-07   5.42863e+00
   5  R           -6.12649e+01   constant   
   6  alpha_CBO    3.60493e-03   3.01391e-04  -8.36711e-07   4.09784e+01
   7  w_CBO        2.32500e+00   constant   
   8  beta_CBO     0.00000e+00     fixed    
   9  alpha_2CBO   0.00000e+00     fixed    
  10  beta_2CBO    4.41243e-04   2.86923e-04   5.48300e-07   7.42576e+00
  11  alpha_y      0.00000e+00     fixed    
  12  w_y          1.44500e+01   constant   
  13  beta_y       1.92798e-04   2.97136e-04  -1.16928e-08   1.80353e+00
  14  alpha_vw     0.00000e+00     fixed    
  15  w_vw         1.29000e+01   constant   
  16  beta_vw      0.00000e+00     fixed    
  17  LM          -3.89610e-04   constant   
  18  zeta_y       0.00000e+00   constant   
  19  zeta_vw      0.00000e+00   constant   
  20  T_CBO        4.75267e+01   4.34064e+01   5.01478e-03  -1.82226e+00
  21  alpha_A0    -2.48538e-03   1.88869e-01   5.48214e-04   2.60595e-01
  22  beta_A0      5.72113e-02   3.25234e-01  -4.24011e-03  -4.55419e-01
  23  alpha_phi    7.93862e-02   4.13643e-01  -1.03538e-02  -7.83282e-01
  24  beta_phi     4.19636e-02   2.22076e-01  -1.72707e-03   5.36752e-01
 EXTERNAL ERROR MATRIX.    NDIM=  25    NPAR= 11    ERR DEF=1
  4.089e+05 
  2.728e-02  6.971e-08 
 -4.937e-02  9.220e-09  6.702e-07 
 -6.908e-03 -8.518e-09  3.741e-08  9.084e-08 
  1.626e-02 -2.840e-09 -1.905e-09  2.361e-09  8.232e-08 
 -2.683e-03 -1.535e-11  1.978e-10 -1.692e-09  7.778e-10  8.829e-08 
 -8.417e+02 -2.192e-04  6.700e-05  3.256e-04 -4.428e-05  6.229e-05  1.911e+03 
  1.334e+01  6.016e-06  1.543e-05  3.122e-07 -6.864e-06  3.673e-07  3.074e-01  3.567e-02 
 -3.538e+00  3.253e-06  7.959e-06 -2.985e-06  2.504e-06 -7.344e-07 -1.337e+01  1.018e-03  1.058e-01 
  2.206e+00  5.039e-06  1.005e-05  1.656e-06 -2.984e-06 -1.616e-07 -1.763e+01  3.366e-03  1.253e-01  1.711e-01 
 -4.214e+00  7.920e-07  4.810e-06 -1.985e-06 -1.744e-06 -3.607e-07 -8.714e+00 -2.383e-03  6.483e-02  8.429e-02  4.932e-02 
ERR MATRIX APPROXIMATE
 PARAMETER  CORRELATION COEFFICIENTS  
       NO.  GLOBAL      1      3      4      6     10     13     20     21     22     23     24
        1  0.31392   1.000  0.162 -0.094 -0.036  0.089 -0.014 -0.030  0.110 -0.017  0.008 -0.030
        3  0.27503   0.162  1.000  0.043 -0.107 -0.037 -0.000 -0.019  0.121  0.038  0.046  0.014
        4  0.23405  -0.094  0.043  1.000  0.152 -0.008  0.001  0.002  0.100  0.030  0.030  0.026
        6  0.29077  -0.036 -0.107  0.152  1.000  0.027 -0.019  0.025  0.005 -0.030  0.013 -0.030
       10  0.23567   0.089 -0.037 -0.008  0.027  1.000  0.009 -0.004 -0.127  0.027 -0.025 -0.027
       13  0.03820  -0.014 -0.000  0.001 -0.019  0.009  1.000  0.005  0.007 -0.008 -0.001 -0.005
       20  0.98407  -0.030 -0.019  0.002  0.025 -0.004  0.005  1.000  0.037 -0.941 -0.975 -0.898
       21  0.50021   0.110  0.121  0.100  0.005 -0.127  0.007  0.037  1.000  0.017  0.043 -0.057
       22  0.95225  -0.017  0.038  0.030 -0.030  0.027 -0.008 -0.941  0.017  1.000  0.932  0.898
       23  0.98481   0.008  0.046  0.030  0.013 -0.025 -0.001 -0.975  0.043  0.932  1.000  0.918
       24  0.93395  -0.030  0.014  0.026 -0.030 -0.027 -0.005 -0.898 -0.057  0.898  0.918  1.000
 ERR MATRIX APPROXIMATE
MINUIT - FIT ONLY 2-CBO
 **********
 **   25 **RES 
 **********
                   PARAMETER   16  beta_vw RESTORED TO VARIABLE.
                   PARAMETER   14  alpha_vw RESTORED TO VARIABLE.
                   PARAMETER   11  alpha_y RESTORED TO VARIABLE.
                   PARAMETER    9  alpha_2CBO RESTORED TO VARIABLE.
                   PARAMETER    8  beta_CBO RESTORED TO VARIABLE.
 **********
 **   26 **FIX            0
 **********
 PARAMETER    0  IS UNDEFINED. IGNORED.
 **********
 **   27 **FIX            1
 **********
 **********
 **   28 **FIX            2
 **********
 PARAMETER    2  IS CONSTANT.   IGNORED.
 **********
 **   29 **FIX            3
 **********
 **********
 **   30 **FIX            4
 **********
 **********
 **   31 **FIX            5
 **********
 PARAMETER    5  IS CONSTANT.   IGNORED.
 **********
 **   32 **FIX            6
 **********
 **********
 **   33 **FIX            7
 **********
 PARAMETER    7  IS CONSTANT.   IGNORED.
 **********
 **   34 **FIX           10
 **********
 **********
 **   35 **FIX           11
 **********
 **********
 **   36 **FIX           12
 **********
 PARAMETER   12  IS CONSTANT.   IGNORED.
 **********
 **   37 **FIX           13
 **********
 **********
 **   38 **FIX           14
 **********
 **********
 **   39 **FIX           15
 **********
 PARAMETER   15  IS CONSTANT.   IGNORED.
 **********
 **   40 **FIX           16
 **********
 **********
 **   41 **MIGRAD
 **********
 START MIGRAD MINIMIZATION.  STRATEGY  1.  CONVERGENCE WHEN EDM .LT. 1.00e-04
 FCN=183.723 FROM MIGRAD    STATUS=INITIATE       18 CALLS        3277 TOTAL
                     EDM= unknown      STRATEGY= 1      NO ERROR MATRIX       
  EXT PARAMETER               CURRENT GUESS       STEP         FIRST   
  NO.   NAME      VALUE            ERROR          SIZE      DERIVATIVE 
   1  N0           2.93639e+06     fixed    
   2  tau          6.43896e+01   constant   
   3  A0           3.52596e-01     fixed    
   4  phi          4.11312e+00     fixed    
   5  R           -6.12649e+01   constant   
   6  alpha_CBO    3.60493e-03     fixed    
   7  w_CBO        2.32500e+00   constant   
   8  beta_CBO     0.00000e+00   1.00000e-03   1.00000e-03   7.11409e+04
   9  alpha_2CBO   0.00000e+00   1.00000e-03   1.00000e-03  -1.40175e+04
  10  beta_2CBO    4.41243e-04     fixed    
  11  alpha_y      0.00000e+00     fixed    
  12  w_y          1.44500e+01   constant   
  13  beta_y       1.92798e-04     fixed    
  14  alpha_vw     0.00000e+00     fixed    
  15  w_vw         1.29000e+01   constant   
  16  beta_vw      0.00000e+00     fixed    
  17  LM          -3.89610e-04   constant   
  18  zeta_y       0.00000e+00   constant   
  19  zeta_vw      0.00000e+00   constant   
  20  T_CBO        4.75267e+01   4.34064e+01   5.01478e-03  -1.82223e+00
  21  alpha_A0    -2.48538e-03   1.88869e-01   5.48214e-04   2.60595e-01
  22  beta_A0      5.72113e-02   3.25234e-01  -4.24011e-03  -4.55419e-01
  23  alpha_phi    7.93862e-02   4.13643e-01  -1.03538e-02  -7.83282e-01
  24  beta_phi     4.19636e-02   2.22076e-01  -1.72707e-03   5.36752e-01
 CALL LIMIT EXCEEDED IN MIGRAD.
 MIGRAD TERMINATED WITHOUT CONVERGENCE.
 FCN=65.4742 FROM MIGRAD    STATUS=CALL LIMIT   1147 CALLS        4406 TOTAL
                     EDM=0.00412146    STRATEGY= 1  ERROR MATRIX UNCERTAINTY  20.3 per cent
  EXT PARAMETER                APPROXIMATE        STEP         FIRST   
  NO.   NAME      VALUE            ERROR          SIZE      DERIVATIVE 
   1  N0           2.93639e+06     fixed    
   2  tau          6.43896e+01   constant   
   3  A0           3.52596e-01     fixed    
   4  phi          4.11312e+00     fixed    
   5  R           -6.12649e+01   constant   
   6  alpha_CBO    3.60493e-03     fixed    
   7  w_CBO        2.32500e+00   constant   
   8  beta_CBO    -3.21357e-03   2.97432e-04  -3.27892e-07  -6.83135e+01
   9  alpha_2CBO   4.99673e-04   3.03003e-04  -3.22768e-06   3.10805e+01
  10  beta_2CBO    4.41243e-04     fixed    
  11  alpha_y      0.00000e+00     fixed    
  12  w_y          1.44500e+01   constant   
  13  beta_y       1.92798e-04     fixed    
  14  alpha_vw     0.00000e+00     fixed    
  15  w_vw         1.29000e+01   constant   
  16  beta_vw      0.00000e+00     fixed    
  17  LM          -3.89610e-04   constant   
  18  zeta_y       0.00000e+00   constant   
  19  zeta_vw      0.00000e+00   constant   
  20  T_CBO        6.57275e+02   6.96500e+02   1.06983e-01  -8.86206e-02
  21  alpha_A0     5.68390e-04   1.96493e-03  -1.69072e-05  -8.93537e+00
  22  beta_A0      3.15597e-03   3.14084e-03  -1.24641e-04  -4.37878e+01
  23  alpha_phi    2.01290e-03   2.49136e-03  -5.04427e-05  -2.03388e+01
  24  beta_phi    -2.52025e-03   2.72918e-03   8.09134e-05   3.74389e+01
 EXTERNAL ERROR MATRIX.    NDIM=  25    NPAR=  7    ERR DEF=1
  8.847e-08  3.917e-09 -7.377e-03 -3.731e-09 -2.976e-08 -3.552e-09  9.656e-08 
  3.917e-09  9.181e-08 -2.682e-02  7.776e-08  1.021e-07 -2.310e-08  3.940e-08 
 -7.377e-03 -2.682e-02  1.988e+06 -9.466e-01 -4.002e+00 -2.475e+00  3.171e+00 
 -3.731e-09  7.776e-08 -9.466e-01  3.861e-06  1.788e-06  1.364e-06 -1.185e-06 
 -2.976e-08  1.021e-07 -4.002e+00  1.788e-06  9.865e-06  4.551e-06 -5.461e-06 
 -3.552e-09 -2.310e-08 -2.475e+00  1.364e-06  4.551e-06  6.207e-06 -3.774e-06 
  9.656e-08  3.940e-08  3.171e+00 -1.185e-06 -5.461e-06 -3.774e-06  7.448e-06 
ERR MATRIX APPROXIMATE
 PARAMETER  CORRELATION COEFFICIENTS  
       NO.  GLOBAL      8      9     20     21     22     23     24
        8  0.35746   1.000  0.043 -0.018 -0.006 -0.032 -0.005  0.119
        9  0.24454   0.043  1.000 -0.063  0.131  0.107 -0.031  0.048
       20  0.97311  -0.018 -0.063  1.000 -0.342 -0.904 -0.705  0.824
       21  0.39156  -0.006  0.131 -0.342  1.000  0.290  0.279 -0.221
       22  0.93407  -0.032  0.107 -0.904  0.290  1.000  0.582 -0.637
       23  0.73305  -0.005 -0.031 -0.705  0.279  0.582  1.000 -0.555
       24  0.88651   0.119  0.048  0.824 -0.221 -0.637 -0.555  1.000
 ERR MATRIX APPROXIMATE
MINUIT - FIT wiggle + 1-CBO + 2-CBO
 **********
 **   42 **RES 
 **********
                   PARAMETER   16  beta_vw RESTORED TO VARIABLE.
                   PARAMETER   14  alpha_vw RESTORED TO VARIABLE.
                   PARAMETER   13  beta_y RESTORED TO VARIABLE.
                   PARAMETER   11  alpha_y RESTORED TO VARIABLE.
                   PARAMETER   10  beta_2CBO RESTORED TO VARIABLE.
                   PARAMETER    6  alpha_CBO RESTORED TO VARIABLE.
                   PARAMETER    4  phi RESTORED TO VARIABLE.
                   PARAMETER    3  A0 RESTORED TO VARIABLE.
                   PARAMETER    1  N0 RESTORED TO VARIABLE.
 **********
 **   43 **FIX           10
 **********
 **********
 **   44 **FIX           11
 **********
 **********
 **   45 **FIX           12
 **********
 PARAMETER   12  IS CONSTANT.   IGNORED.
 **********
 **   46 **FIX           13
 **********
 **********
 **   47 **FIX           14
 **********
 **********
 **   48 **FIX           15
 **********
 PARAMETER   15  IS CONSTANT.   IGNORED.
 **********
 **   49 **FIX           16
 **********
 **********
 **   50 **MIGRAD
 **********
 START MIGRAD MINIMIZATION.  STRATEGY  1.  CONVERGENCE WHEN EDM .LT. 1.00e-04
 FCN=65.4742 FROM MIGRAD    STATUS=INITIATE       22 CALLS        4428 TOTAL
                     EDM= unknown      STRATEGY= 1      NO ERROR MATRIX       
  EXT PARAMETER               CURRENT GUESS       STEP         FIRST   
  NO.   NAME      VALUE            ERROR          SIZE      DERIVATIVE 
   1  N0           2.93639e+06   6.39482e+02   6.39482e+02  -1.19231e-03
   2  tau          6.43896e+01   constant   
   3  A0           3.52596e-01   2.64024e-04   2.64024e-04  -1.11748e+04
   4  phi          4.11312e+00   8.18674e-04   8.18674e-04  -5.20229e+03
   5  R           -6.12649e+01   constant   
   6  alpha_CBO    3.60493e-03   3.01391e-04   3.01391e-04   2.17148e+02
   7  w_CBO        2.32500e+00   constant   
   8  beta_CBO    -3.21357e-03   2.97432e-04  -3.27892e-07  -6.83135e+01
   9  alpha_2CBO   4.99673e-04   3.03003e-04  -3.22768e-06   3.10805e+01
  10  beta_2CBO    4.41243e-04     fixed    
  11  alpha_y      0.00000e+00     fixed    
  12  w_y          1.44500e+01   constant   
  13  beta_y       1.92798e-04     fixed    
  14  alpha_vw     0.00000e+00     fixed    
  15  w_vw         1.29000e+01   constant   
  16  beta_vw      0.00000e+00     fixed    
  17  LM          -3.89610e-04   constant   
  18  zeta_y       0.00000e+00   constant   
  19  zeta_vw      0.00000e+00   constant   
  20  T_CBO        6.57275e+02   6.96500e+02   1.06983e-01  -8.86270e-02
  21  alpha_A0     5.68390e-04   1.96493e-03  -1.69072e-05  -8.93536e+00
  22  beta_A0      3.15597e-03   3.14084e-03  -1.24641e-04  -4.37878e+01
  23  alpha_phi    2.01290e-03   2.49136e-03  -5.04427e-05  -2.03388e+01
  24  beta_phi    -2.52025e-03   2.72918e-03   8.09134e-05   3.74389e+01
 MIGRAD MINIMIZATION HAS CONVERGED.
 FCN=57.5052 FROM MIGRAD    STATUS=CONVERGED     344 CALLS        4750 TOTAL
                     EDM=2.94086e-06    STRATEGY= 1  ERROR MATRIX UNCERTAINTY   2.0 per cent
  EXT PARAMETER                                   STEP         FIRST   
  NO.   NAME      VALUE            ERROR          SIZE      DERIVATIVE 
   1  N0           2.93676e+06   6.04483e+02   7.43019e-01  -8.15512e-07
   2  tau          6.43896e+01   constant   
   3  A0           3.53067e-01   2.66991e-04   1.18564e-07   3.99655e+00
   4  phi          4.11508e+00   8.39839e-04  -1.41380e-07  -1.98821e-01
   5  R           -6.12649e+01   constant   
   6  alpha_CBO    3.65262e-03   3.01191e-04   1.86405e-07  -4.09632e-01
   7  w_CBO        2.32500e+00   constant   
   8  beta_CBO    -3.43223e-03   3.08427e-04  -2.53194e-07   1.09638e+00
   9  alpha_2CBO   5.32242e-04   3.00384e-04   1.39654e-07   9.40981e-01
  10  beta_2CBO    4.41243e-04     fixed    
  11  alpha_y      0.00000e+00     fixed    
  12  w_y          1.44500e+01   constant   
  13  beta_y       1.92798e-04     fixed    
  14  alpha_vw     0.00000e+00     fixed    
  15  w_vw         1.29000e+01   constant   
  16  beta_vw      0.00000e+00     fixed    
  17  LM          -3.89610e-04   constant   
  18  zeta_y       0.00000e+00   constant   
  19  zeta_vw      0.00000e+00   constant   
  20  T_CBO        9.99978e+02   8.70009e+02   6.68812e-02  -8.82740e-05
  21  alpha_A0     1.29872e-03   1.59253e-03  -8.94678e-07  -1.82091e-01
  22  beta_A0      3.33318e-03   1.50933e-03  -9.15044e-08  -7.01768e-01
  23  alpha_phi    2.26931e-03   1.32970e-03  -3.14677e-06  -1.94374e+00
  24  beta_phi    -2.38271e-03   1.34030e-03   4.04846e-07   8.46916e-01
 EXTERNAL ERROR MATRIX.    NDIM=  25    NPAR= 11    ERR DEF=1
  3.654e+05 
  1.778e-02  7.128e-08 
  2.179e-02  2.192e-08  7.053e-07 
  8.775e-03 -1.269e-09  2.367e-08  9.072e-08 
 -1.753e-02 -1.149e-08 -5.726e-08 -4.433e-09  9.513e-08 
  5.079e-03  1.657e-09  8.907e-09  1.790e-09 -1.404e-09  9.023e-08 
  2.532e+03  3.813e-04 -1.201e-03 -9.685e-04 -1.926e-04  3.509e-04  4.692e+03 
  1.096e-01  3.011e-08  2.332e-07 -6.475e-09 -4.818e-08  2.393e-08 -5.357e-03  2.536e-06 
 -7.919e-02  3.480e-08  1.271e-07  1.521e-08 -6.096e-08  5.637e-08 -1.945e-02  2.601e-07  2.278e-06 
 -6.746e-03  4.567e-08  9.094e-08  5.643e-08 -4.878e-08 -5.453e-09 -1.481e-02  1.910e-07  1.636e-07  1.768e-06 
 -9.248e-02  3.219e-09 -1.848e-08 -3.252e-08  8.769e-08  2.308e-08  1.275e-02  2.087e-08 -1.311e-07 -5.784e-08  1.796e-06 
 PARAMETER  CORRELATION COEFFICIENTS  
       NO.  GLOBAL      1      3      4      6      8      9     20     21     22     23     24
        1  0.24838   1.000  0.110  0.043  0.048 -0.094  0.028  0.061  0.114 -0.087 -0.008 -0.114
        3  0.23860   0.110  1.000  0.098 -0.016 -0.140  0.021  0.021  0.071  0.086  0.129  0.009
        4  0.29651   0.043  0.098  1.000  0.094 -0.221  0.035 -0.021  0.174  0.100  0.081 -0.016
        6  0.19658   0.048 -0.016  0.094  1.000 -0.048  0.020 -0.047 -0.013  0.033  0.141 -0.081
        8  0.36023  -0.094 -0.140 -0.221 -0.048  1.000 -0.015 -0.009 -0.098 -0.131 -0.119  0.212
        9  0.15838   0.028  0.021  0.035  0.020 -0.015  1.000  0.017  0.050  0.124 -0.014  0.057
       20  0.29108   0.061  0.021 -0.021 -0.047 -0.009  0.017  1.000 -0.049 -0.188 -0.163  0.139
       21  0.25333   0.114  0.071  0.174 -0.013 -0.098  0.050 -0.049  1.000  0.108  0.090  0.010
       22  0.30894  -0.087  0.086  0.100  0.033 -0.131  0.124 -0.188  0.108  1.000  0.082 -0.065
       23  0.28039  -0.008  0.129  0.081  0.141 -0.119 -0.014 -0.163  0.090  0.082  1.000 -0.032
       24  0.29856  -0.114  0.009 -0.016 -0.081  0.212  0.057  0.139  0.010 -0.065 -0.032  1.000
MINUIT - FIT ONLY 1-y
 **********
 **   51 **RES 
 **********
                   PARAMETER   16  beta_vw RESTORED TO VARIABLE.
                   PARAMETER   14  alpha_vw RESTORED TO VARIABLE.
                   PARAMETER   13  beta_y RESTORED TO VARIABLE.
                   PARAMETER   11  alpha_y RESTORED TO VARIABLE.
                   PARAMETER   10  beta_2CBO RESTORED TO VARIABLE.
 **********
 **   52 **FIX            0
 **********
 PARAMETER    0  IS UNDEFINED. IGNORED.
 **********
 **   53 **FIX            1
 **********
 **********
 **   54 **FIX            2
 **********
 PARAMETER    2  IS CONSTANT.   IGNORED.
 **********
 **   55 **FIX            3
 **********
 **********
 **   56 **FIX            4
 **********
 **********
 **   57 **FIX            5
 **********
 PARAMETER    5  IS CONSTANT.   IGNORED.
 **********
 **   58 **FIX            6
 **********
 **********
 **   59 **FIX            7
 **********
 PARAMETER    7  IS CONSTANT.   IGNORED.
 **********
 **   60 **FIX            8
 **********
 **********
 **   61 **FIX            9
 **********
 **********
 **   62 **FIX           13
 **********
 **********
 **   63 **FIX           14
 **********
 **********
 **   64 **FIX           15
 **********
 PARAMETER   15  IS CONSTANT.   IGNORED.
 **********
 **   65 **FIX           16
 **********
 **********
 **   66 **MIGRAD
 **********
 START MIGRAD MINIMIZATION.  STRATEGY  1.  CONVERGENCE WHEN EDM .LT. 1.00e-04
 FCN=57.5052 FROM MIGRAD    STATUS=INITIATE       16 CALLS        4766 TOTAL
                     EDM= unknown      STRATEGY= 1      NO ERROR MATRIX       
  EXT PARAMETER               CURRENT GUESS       STEP         FIRST   
  NO.   NAME      VALUE            ERROR          SIZE      DERIVATIVE 
   1  N0           2.93676e+06     fixed    
   2  tau          6.43896e+01   constant   
   3  A0           3.53067e-01     fixed    
   4  phi          4.11508e+00     fixed    
   5  R           -6.12649e+01   constant   
   6  alpha_CBO    3.65262e-03     fixed    
   7  w_CBO        2.32500e+00   constant   
   8  beta_CBO    -3.43223e-03     fixed    
   9  alpha_2CBO   5.32242e-04     fixed    
  10  beta_2CBO    4.41243e-04   2.86923e-04   2.86923e-04   8.12110e+02
  11  alpha_y      0.00000e+00   1.00000e-03   1.00000e-03  -3.69635e+03
  12  w_y          1.44500e+01   constant   
  13  beta_y       1.92798e-04     fixed    
  14  alpha_vw     0.00000e+00     fixed    
  15  w_vw         1.29000e+01   constant   
  16  beta_vw      0.00000e+00     fixed    
  17  LM          -3.89610e-04   constant   
  18  zeta_y       0.00000e+00   constant   
  19  zeta_vw      0.00000e+00   constant   
  20  T_CBO        9.99978e+02   8.70009e+02   6.68812e-02  -8.86478e-05
  21  alpha_A0     1.29872e-03   1.59253e-03  -8.94678e-07  -1.82077e-01
  22  beta_A0      3.33318e-03   1.50933e-03  -9.15044e-08  -7.01775e-01
  23  alpha_phi    2.26931e-03   1.32970e-03  -3.14677e-06  -1.94374e+00
  24  beta_phi    -2.38271e-03   1.34030e-03   4.04846e-07   8.46916e-01
 MIGRAD MINIMIZATION HAS CONVERGED.
 MIGRAD WILL VERIFY CONVERGENCE AND ERROR MATRIX.
 COVARIANCE MATRIX CALCULATED SUCCESSFULLY
 FCN=57.1893 FROM MIGRAD    STATUS=CONVERGED     116 CALLS        4866 TOTAL
                     EDM=1.00869e-06    STRATEGY= 1      ERROR MATRIX ACCURATE 
  EXT PARAMETER                                   STEP         FIRST   
  NO.   NAME      VALUE            ERROR          SIZE      DERIVATIVE 
   1  N0           2.93676e+06     fixed    
   2  tau          6.43896e+01   constant   
   3  A0           3.53067e-01     fixed    
   4  phi          4.11508e+00     fixed    
   5  R           -6.12649e+01   constant   
   6  alpha_CBO    3.65262e-03     fixed    
   7  w_CBO        2.32500e+00   constant   
   8  beta_CBO    -3.43223e-03     fixed    
   9  alpha_2CBO   5.32242e-04     fixed    
  10  beta_2CBO    4.01311e-04   3.03064e-04   1.10383e-06  -1.70905e+00
  11  alpha_y      1.62131e-04   2.95654e-04   1.10073e-06   3.53534e-01
  12  w_y          1.44500e+01   constant   
  13  beta_y       1.92798e-04     fixed    
  14  alpha_vw     0.00000e+00     fixed    
  15  w_vw         1.29000e+01   constant   
  16  beta_vw      0.00000e+00     fixed    
  17  LM          -3.89610e-04   constant   
  18  zeta_y       0.00000e+00   constant   
  19  zeta_vw      0.00000e+00   constant   
  20  T_CBO        1.00000e+03   9.67401e+02   5.33576e-02** at limit **
  21  alpha_A0     1.30876e-03   1.46152e-03   5.31871e-06  -7.65984e-01
  22  beta_A0      3.30281e-03   1.40239e-03   5.14658e-06  -3.00995e-01
  23  alpha_phi    2.29012e-03   1.31636e-03   4.80916e-06  -3.20004e-01
  24  beta_phi    -2.37246e-03   1.25121e-03   4.62563e-06  -2.09607e-01
 EXTERNAL ERROR MATRIX.    NDIM=  25    NPAR=  7    ERR DEF=1
  9.185e-08 -1.385e-09  5.742e-09 -5.836e-08  3.722e-08 -4.735e-08 -2.962e-08 
 -1.385e-09  8.741e-08 -1.794e-09 -7.196e-09 -8.461e-09  1.018e-10 -5.031e-10 
  5.742e-09 -1.794e-09  1.120e-02  5.793e-06  1.451e-05  9.984e-06 -1.040e-05 
 -5.836e-08 -7.196e-09  5.793e-06  2.136e-06  1.892e-07  2.791e-07  5.410e-08 
  3.722e-08 -8.461e-09  1.451e-05  1.892e-07  1.967e-06  7.264e-08 -6.506e-08 
 -4.735e-08  1.018e-10  9.984e-06  2.791e-07  7.264e-08  1.733e-06 -5.208e-08 
 -2.962e-08 -5.031e-10 -1.040e-05  5.410e-08 -6.506e-08 -5.208e-08  1.566e-06 
 PARAMETER  CORRELATION COEFFICIENTS  
       NO.  GLOBAL     10     11     20     21     22     23     24
       10  0.20925   1.000 -0.015  0.000 -0.132  0.088 -0.119 -0.078
       11  0.03009  -0.015  1.000 -0.000 -0.017 -0.020  0.000 -0.001
       20  0.14137   0.000 -0.000  1.000  0.037  0.098  0.072 -0.079
       21  0.21306  -0.132 -0.017  0.037  1.000  0.092  0.145  0.030
       22  0.17098   0.088 -0.020  0.098  0.092  1.000  0.039 -0.037
       23  0.19475  -0.119  0.000  0.072  0.145  0.039  1.000 -0.032
       24  0.12192  -0.078 -0.001 -0.079  0.030 -0.037 -0.032  1.000
MINUIT - FIT ONLY 2-y
 **********
 **   67 **RES 
 **********
                   PARAMETER   16  beta_vw RESTORED TO VARIABLE.
                   PARAMETER   14  alpha_vw RESTORED TO VARIABLE.
                   PARAMETER   13  beta_y RESTORED TO VARIABLE.
                   PARAMETER    9  alpha_2CBO RESTORED TO VARIABLE.
                   PARAMETER    8  beta_CBO RESTORED TO VARIABLE.
                   PARAMETER    6  alpha_CBO RESTORED TO VARIABLE.
                   PARAMETER    4  phi RESTORED TO VARIABLE.
                   PARAMETER    3  A0 RESTORED TO VARIABLE.
                   PARAMETER    1  N0 RESTORED TO VARIABLE.
 **********
 **   68 **FIX            0
 **********
 PARAMETER    0  IS UNDEFINED. IGNORED.
 **********
 **   69 **FIX            1
 **********
 **********
 **   70 **FIX            2
 **********
 PARAMETER    2  IS CONSTANT.   IGNORED.
 **********
 **   71 **FIX            3
 **********
 **********
 **   72 **FIX            4
 **********
 **********
 **   73 **FIX            5
 **********
 PARAMETER    5  IS CONSTANT.   IGNORED.
 **********
 **   74 **FIX            6
 **********
 **********
 **   75 **FIX            7
 **********
 PARAMETER    7  IS CONSTANT.   IGNORED.
 **********
 **   76 **FIX            8
 **********
 **********
 **   77 **FIX            9
 **********
 **********
 **   78 **FIX           10
 **********
 **********
 **   79 **FIX           11
 **********
 **********
 **   80 **FIX           12
 **********
 PARAMETER   12  IS CONSTANT.   IGNORED.
 **********
 **   81 **FIX           16
 **********
 **********
 **   82 **MIGRAD
 **********
 START MIGRAD MINIMIZATION.  STRATEGY  1.  CONVERGENCE WHEN EDM .LT. 1.00e-04
 FCN=57.1893 FROM MIGRAD    STATUS=INITIATE       16 CALLS        4882 TOTAL
                     EDM= unknown      STRATEGY= 1      NO ERROR MATRIX       
  EXT PARAMETER               CURRENT GUESS       STEP         FIRST   
  NO.   NAME      VALUE            ERROR          SIZE      DERIVATIVE 
   1  N0           2.93676e+06     fixed    
   2  tau          6.43896e+01   constant   
   3  A0           3.53067e-01     fixed    
   4  phi          4.11508e+00     fixed    
   5  R           -6.12649e+01   constant   
   6  alpha_CBO    3.65262e-03     fixed    
   7  w_CBO        2.32500e+00   constant   
   8  beta_CBO    -3.43223e-03     fixed    
   9  alpha_2CBO   5.32242e-04     fixed    
  10  beta_2CBO    4.01311e-04     fixed    
  11  alpha_y      1.62131e-04     fixed    
  12  w_y          1.44500e+01   constant   
  13  beta_y       1.92798e-04   2.97136e-04   2.97136e-04  -3.94890e+02
  14  alpha_vw     0.00000e+00   1.00000e-03   1.00000e-03  -7.98142e+03
  15  w_vw         1.29000e+01   constant   
  16  beta_vw      0.00000e+00     fixed    
  17  LM          -3.89610e-04   constant   
  18  zeta_y       0.00000e+00   constant   
  19  zeta_vw      0.00000e+00   constant   
  20  T_CBO        9.99999e+02   9.67401e+02   5.33576e-02  -1.70309e-05
  21  alpha_A0     1.30876e-03   1.46152e-03   5.31871e-06  -7.66129e-01
  22  beta_A0      3.30281e-03   1.40239e-03   5.14658e-06  -3.01639e-01
  23  alpha_phi    2.29012e-03   1.31636e-03   4.80916e-06  -3.20457e-01
  24  beta_phi    -2.37246e-03   1.25121e-03   4.62563e-06  -2.09037e-01
 MIGRAD MINIMIZATION HAS CONVERGED.
 MIGRAD WILL VERIFY CONVERGENCE AND ERROR MATRIX.
 COVARIANCE MATRIX CALCULATED SUCCESSFULLY
 FCN=55.7994 FROM MIGRAD    STATUS=CONVERGED      97 CALLS        4963 TOTAL
                     EDM=7.71399e-06    STRATEGY= 1      ERROR MATRIX ACCURATE 
  EXT PARAMETER                                   STEP         FIRST   
  NO.   NAME      VALUE            ERROR          SIZE      DERIVATIVE 
   1  N0           2.93676e+06     fixed    
   2  tau          6.43896e+01   constant   
   3  A0           3.53067e-01     fixed    
   4  phi          4.11508e+00     fixed    
   5  R           -6.12649e+01   constant   
   6  alpha_CBO    3.65262e-03     fixed    
   7  w_CBO        2.32500e+00   constant   
   8  beta_CBO    -3.43223e-03     fixed    
   9  alpha_2CBO   5.32242e-04     fixed    
  10  beta_2CBO    4.01311e-04     fixed    
  11  alpha_y      1.62131e-04     fixed    
  12  w_y          1.44500e+01   constant   
  13  beta_y       2.09173e-04   2.97784e-04   1.09546e-06  -8.16882e-01
  14  alpha_vw     3.47516e-04   2.95106e-04   1.08585e-06   6.05217e-01
  15  w_vw         1.29000e+01   constant   
  16  beta_vw      0.00000e+00     fixed    
  17  LM          -3.89610e-04   constant   
  18  zeta_y       0.00000e+00   constant   
  19  zeta_vw      0.00000e+00   constant   
  20  T_CBO        1.00000e+03   9.26758e+02   4.23105e-02** at limit **
  21  alpha_A0     1.32609e-03   1.44828e-03   5.25487e-06  -2.42581e-01
  22  beta_A0      3.32085e-03   1.39438e-03   5.08474e-06  -2.80153e-01
  23  alpha_phi    2.28768e-03   1.30595e-03   4.75138e-06  -2.91860e+00
  24  beta_phi    -2.37085e-03   1.24587e-03   4.57005e-06  -7.15746e-02
 EXTERNAL ERROR MATRIX.    NDIM=  25    NPAR=  7    ERR DEF=1
  8.868e-08 -2.727e-10 -1.327e-09  4.362e-09 -5.483e-09  7.369e-09 -1.332e-09 
 -2.727e-10  8.709e-08  7.844e-10  4.079e-09  4.781e-09 -4.466e-10  4.091e-10 
 -1.327e-09  7.844e-10  4.766e-03  2.990e-06  7.419e-06  5.070e-06 -5.286e-06 
  4.362e-09  4.079e-09  2.990e-06  2.098e-06  2.092e-07  2.474e-07  3.725e-08 
 -5.483e-09  4.781e-09  7.419e-06  2.092e-07  1.944e-06  8.628e-08 -4.778e-08 
  7.369e-09 -4.466e-10  5.070e-06  2.474e-07  8.628e-08  1.706e-06 -6.380e-08 
 -1.332e-09  4.091e-10 -5.286e-06  3.725e-08 -4.778e-08 -6.380e-08  1.552e-06 
 PARAMETER  CORRELATION COEFFICIENTS  
       NO.  GLOBAL     13     14     20     21     22     23     24
       13  0.02575   1.000 -0.003 -0.000  0.010 -0.013  0.019 -0.004
       14  0.01497  -0.003  1.000  0.000  0.010  0.012 -0.001  0.001
       20  0.11090  -0.000  0.000  1.000  0.030  0.077  0.056 -0.061
       21  0.16691   0.010  0.010  0.030  1.000  0.104  0.131  0.021
       22  0.13429  -0.013  0.012  0.077  0.104  1.000  0.047 -0.028
       23  0.15009   0.019 -0.001  0.056  0.131  0.047  1.000 -0.039
       24  0.08000  -0.004  0.001 -0.061  0.021 -0.028 -0.039  1.000
