 + ++++++++++++++++++++++++++++++++++++++++++++++++++++++++++++++++++++ +
 +                                                                      +
 +           You have chose to blind your fitting according to          +
 +                omega_ref * (1 + (R +/- deltaR) *10^{-6})             +
 +                                                                      +
 + ++++++++++++++++++++++++++++++++++++++++++++++++++++++++++++++++++++ +
In main()...
reading format from /gm2data/zkhechad/run45/envelope/formats/formatB_sBin_constraintOn.txt
pBinTau 	= 0  
pBinPhi 	= 0  
constraintau 	= 1 
includeMopTerm 	= 0    
constrainMop    = 0   
Parameters after format file: pBinTau 0 pBinPhi 0 constraintau 1 includeMopTerm 0 constrainMop 0 c_e_scale 0.000000 
Opening file /gm2data/tbarrett/gm2fr/studies/run23_bunch_corrections/CorrectedFourier_Run3b.root.
reading full fit data from /gm2data/zkhechad/cboTemplates/Run4CBOTemplates/fullFits/noRF/sBin_constraintOn_cE0.0_seed0_noRF_calo21.root
windowBins = 69
fitting sliding window 1050 from bin 1186 at 176.802000 to bin 1255 at 187.246000 (69 bins)

Reading data from /gm2data/cornell/histograms/aMethod/histogram_a_noRF.root
 **********
 **    1 **SET PRINTOUT            1
 **********
 **********
 **    2 **SET NOWARNINGS 
 **********
 PARAMETER DEFINITIONS:
    NO.   NAME         VALUE      STEP SIZE      LIMITS
     1 N0           2.83609e+06  1.00000e+02     no limits
     2 tau          6.44055e+01  constant
     3 A0           3.54106e-01  1.00000e-04     no limits
     4 phi          4.11637e+00  1.00000e-02     no limits
     5 R           -5.93657e+01  constant
     6 alpha_CBO    0.00000e+00  1.00000e-03     no limits
     7 w_CBO        2.32500e+00  constant
     8 beta_CBO     0.00000e+00  1.00000e-03     no limits
     9 alpha_2CBO   0.00000e+00  1.00000e-03     no limits
    10 beta_2CBO    0.00000e+00  1.00000e-03     no limits
    11 alpha_y      0.00000e+00  1.00000e-03     no limits
    12 w_y          1.38860e+01  constant
    13 beta_y       0.00000e+00  1.00000e-03     no limits
    14 alpha_vw     0.00000e+00  1.00000e-03     no limits
    15 w_vw         1.43404e+01  constant
    16 beta_vw      0.00000e+00  1.00000e-03     no limits
    17 LM           6.62355e-05  constant
    18 zeta_y       0.00000e+00  constant
    19 zeta_vw      0.00000e+00  constant
    20 T_CBO        1.00000e+02  1.00000e+00    0.00000e+00  1.00000e+03
    21 alpha_A0     0.00000e+00  1.00000e-04   -1.00000e-02  1.00000e-02
    22 beta_A0      0.00000e+00  1.00000e-04   -1.00000e-02  1.00000e-02
    23 alpha_phi    0.00000e+00  1.00000e-04   -1.00000e-02  1.00000e-02
    24 beta_phi     0.00000e+00  1.00000e-04   -1.00000e-02  1.00000e-02
MINUIT - FIT ONLY WIGGLE
 **********
 **    3 **FIX            5
 **********
 PARAMETER    5  IS CONSTANT.   IGNORED.
 **********
 **    4 **FIX            6
 **********
 **********
 **    5 **FIX            7
 **********
 PARAMETER    7  IS CONSTANT.   IGNORED.
 **********
 **    6 **FIX            8
 **********
 **********
 **    7 **FIX            9
 **********
 **********
 **    8 **FIX           10
 **********
 **********
 **    9 **FIX           11
 **********
 **********
 **   10 **FIX           12
 **********
 PARAMETER   12  IS CONSTANT.   IGNORED.
 **********
 **   11 **FIX           13
 **********
 **********
 **   12 **FIX           14
 **********
 **********
 **   13 **FIX           15
 **********
 PARAMETER   15  IS CONSTANT.   IGNORED.
 **********
 **   14 **FIX           16
 **********
 **********
 **   15 **MIGRAD
 **********
 FIRST CALL TO USER FUNCTION AT NEW START POINT, WITH IFLAG=4.
 START MIGRAD MINIMIZATION.  STRATEGY  1.  CONVERGENCE WHEN EDM .LT. 1.00e-04
 FCN=513.634 FROM MIGRAD    STATUS=INITIATE      437 CALLS         438 TOTAL
                     EDM= unknown      STRATEGY= 1      NO ERROR MATRIX       
  EXT PARAMETER               CURRENT GUESS       STEP         FIRST   
  NO.   NAME      VALUE            ERROR          SIZE      DERIVATIVE 
   1  N0           2.83609e+06   1.00000e+02   0.00000e+00   1.82475e-02
   2  tau          6.44055e+01   constant   
   3  A0           3.54106e-01   1.00000e-04   0.00000e+00   2.30348e+04
   4  phi          4.11637e+00   1.00000e-02   0.00000e+00   8.30321e+03
   5  R           -5.93657e+01   constant   
   6  alpha_CBO    0.00000e+00     fixed    
   7  w_CBO        2.32500e+00   constant   
   8  beta_CBO     0.00000e+00     fixed    
   9  alpha_2CBO   0.00000e+00     fixed    
  10  beta_2CBO    0.00000e+00     fixed    
  11  alpha_y      0.00000e+00     fixed    
  12  w_y          1.38860e+01   constant   
  13  beta_y       0.00000e+00     fixed    
  14  alpha_vw     0.00000e+00     fixed    
  15  w_vw         1.43404e+01   constant   
  16  beta_vw      0.00000e+00     fixed    
  17  LM           6.62355e-05   constant   
  18  zeta_y       0.00000e+00   constant   
  19  zeta_vw      0.00000e+00   constant   
  20  T_CBO        1.00000e+02   1.00000e+00   0.00000e+00   0.00000e+00
  21  alpha_A0     0.00000e+00   1.00000e-04   0.00000e+00   5.47963e-01
  22  beta_A0      0.00000e+00   1.00000e-04   0.00000e+00   1.27831e+00
  23  alpha_phi    0.00000e+00   1.00000e-04   0.00000e+00   1.33973e+01
  24  beta_phi     0.00000e+00   1.00000e-04   0.00000e+00  -5.62468e+00
 MIGRAD MINIMIZATION HAS CONVERGED.
 FCN=464.209 FROM MIGRAD    STATUS=CONVERGED     591 CALLS         592 TOTAL
                     EDM=3.71697e-06    STRATEGY= 1  ERROR MATRIX UNCERTAINTY   1.1 per cent
  EXT PARAMETER                                   STEP         FIRST   
  NO.   NAME      VALUE            ERROR          SIZE      DERIVATIVE 
   1  N0           2.83428e+06   4.61240e+02  -4.63497e+00  -6.98264e-07
   2  tau          6.44055e+01   constant   
   3  A0           3.53508e-01   2.24278e-04  -4.44677e-06   9.99438e+00
   4  phi          4.11411e+00   7.20796e-04   5.72755e-06  -2.39646e+00
   5  R           -5.93657e+01   constant   
   6  alpha_CBO    0.00000e+00     fixed    
   7  w_CBO        2.32500e+00   constant   
   8  beta_CBO     0.00000e+00     fixed    
   9  alpha_2CBO   0.00000e+00     fixed    
  10  beta_2CBO    0.00000e+00     fixed    
  11  alpha_y      0.00000e+00     fixed    
  12  w_y          1.38860e+01   constant   
  13  beta_y       0.00000e+00     fixed    
  14  alpha_vw     0.00000e+00     fixed    
  15  w_vw         1.43404e+01   constant   
  16  beta_vw      0.00000e+00     fixed    
  17  LM           6.62355e-05   constant   
  18  zeta_y       0.00000e+00   constant   
  19  zeta_vw      0.00000e+00   constant   
  20  T_CBO        1.75755e+02   4.28962e+01   1.16545e-03  -1.57348e-02
  21  alpha_A0     1.60560e-03   3.11883e-03  -3.78805e-03  -5.16164e-03
  22  beta_A0     -1.28645e-03   2.90200e-03   1.85311e-04   1.48770e-03
  23  alpha_phi   -9.90418e-03   1.56467e-03   4.27335e-03  -3.40072e-03
  24  beta_phi     3.39461e-03   3.52709e-03  -1.72075e-04  -8.52420e-04
 EXTERNAL ERROR MATRIX.    NDIM=  25    NPAR=  8    ERR DEF=1
  2.127e+05 -6.349e-04 -7.648e-03  1.201e+03 -4.066e-01 -1.039e-01 -1.599e-02  2.114e-01 
 -6.349e-04  5.030e-08 -2.349e-09 -4.957e-04  8.536e-08  2.140e-08 -3.442e-10 -8.366e-08 
 -7.648e-03 -2.349e-09  5.195e-07 -2.873e-03 -1.094e-07  2.342e-07 -6.853e-09  1.506e-07 
  1.201e+03 -4.957e-04 -2.873e-03  1.848e+03 -9.132e-05  2.365e-02  1.168e-03 -6.659e-02 
 -4.066e-01  8.536e-08 -1.094e-07 -9.132e-05  1.007e-05  1.208e-07 -4.648e-07 -2.234e-06 
 -1.039e-01  2.140e-08  2.342e-07  2.365e-02  1.208e-07  8.674e-06 -5.612e-08 -1.702e-06 
 -1.599e-02 -3.442e-10 -6.853e-09  1.168e-03 -4.648e-07 -5.612e-08  6.192e-07  3.405e-07 
  2.114e-01 -8.366e-08  1.506e-07 -6.659e-02 -2.234e-06 -1.702e-06  3.405e-07  1.307e-05 
 PARAMETER  CORRELATION COEFFICIENTS  
       NO.  GLOBAL      1      3      4     20     21     22     23     24
        1  0.33954   1.000 -0.006 -0.023  0.061 -0.278 -0.076 -0.044  0.127
        3  0.18877  -0.006  1.000 -0.015 -0.051  0.120  0.032 -0.002 -0.103
        4  0.17188  -0.023 -0.015  1.000 -0.093 -0.048  0.110 -0.012  0.058
       20  0.48902   0.061 -0.051 -0.093  1.000 -0.001  0.187  0.035 -0.428
       21  0.38767  -0.278  0.120 -0.048 -0.001  1.000  0.013 -0.186 -0.195
       22  0.25895  -0.076  0.032  0.110  0.187  0.013  1.000 -0.024 -0.160
       23  0.25404  -0.044 -0.002 -0.012  0.035 -0.186 -0.024  1.000  0.120
       24  0.51043   0.127 -0.103  0.058 -0.428 -0.195 -0.160  0.120  1.000
MINUIT - FIT ONLY 1-CBO + wiggle
 **********
 **   16 **RES 
 **********
                   PARAMETER   16  beta_vw RESTORED TO VARIABLE.
                   PARAMETER   14  alpha_vw RESTORED TO VARIABLE.
                   PARAMETER   13  beta_y RESTORED TO VARIABLE.
                   PARAMETER   11  alpha_y RESTORED TO VARIABLE.
                   PARAMETER   10  beta_2CBO RESTORED TO VARIABLE.
                   PARAMETER    9  alpha_2CBO RESTORED TO VARIABLE.
                   PARAMETER    8  beta_CBO RESTORED TO VARIABLE.
                   PARAMETER    6  alpha_CBO RESTORED TO VARIABLE.
 **********
 **   17 **FIX            8
 **********
 **********
 **   18 **FIX            9
 **********
 **********
 **   19 **FIX           11
 **********
 **********
 **   20 **FIX           12
 **********
 PARAMETER   12  IS CONSTANT.   IGNORED.
 **********
 **   21 **FIX           14
 **********
 **********
 **   22 **FIX           15
 **********
 PARAMETER   15  IS CONSTANT.   IGNORED.
 **********
 **   23 **FIX           16
 **********
 **********
 **   24 **MIGRAD
 **********
 START MIGRAD MINIMIZATION.  STRATEGY  1.  CONVERGENCE WHEN EDM .LT. 1.00e-04
 FCN=464.209 FROM MIGRAD    STATUS=INITIATE       28 CALLS         620 TOTAL
                     EDM= unknown      STRATEGY= 1      NO ERROR MATRIX       
  EXT PARAMETER               CURRENT GUESS       STEP         FIRST   
  NO.   NAME      VALUE            ERROR          SIZE      DERIVATIVE 
   1  N0           2.83428e+06   4.61240e+02  -4.63497e+00  -6.98263e-07
   2  tau          6.44055e+01   constant   
   3  A0           3.53508e-01   2.24278e-04  -4.44677e-06   9.99438e+00
   4  phi          4.11411e+00   7.20796e-04   5.72755e-06  -2.39646e+00
   5  R           -5.93657e+01   constant   
   6  alpha_CBO    0.00000e+00   1.00000e-03   1.00000e-03   1.39263e+05
   7  w_CBO        2.32500e+00   constant   
   8  beta_CBO     0.00000e+00     fixed    
   9  alpha_2CBO   0.00000e+00     fixed    
  10  beta_2CBO    0.00000e+00   1.00000e-03   1.00000e-03  -3.92575e+04
  11  alpha_y      0.00000e+00     fixed    
  12  w_y          1.38860e+01   constant   
  13  beta_y       0.00000e+00   1.00000e-03   1.00000e-03   2.37038e+03
  14  alpha_vw     0.00000e+00     fixed    
  15  w_vw         1.43404e+01   constant   
  16  beta_vw      0.00000e+00     fixed    
  17  LM           6.62355e-05   constant   
  18  zeta_y       0.00000e+00   constant   
  19  zeta_vw      0.00000e+00   constant   
  20  T_CBO        1.75755e+02   4.28962e+01   1.16545e-03  -1.57355e-02
  21  alpha_A0     1.60560e-03   3.11883e-03  -3.78805e-03  -5.16155e-03
  22  beta_A0     -1.28645e-03   2.90200e-03   1.85311e-04   1.48768e-03
  23  alpha_phi   -9.90418e-03   1.56467e-03   4.27335e-03   3.53511e-03
  24  beta_phi     3.39461e-03   3.52709e-03  -1.72075e-04  -8.52208e-04
 MIGRAD MINIMIZATION HAS CONVERGED.
 FCN=153.35 FROM MIGRAD    STATUS=CONVERGED     567 CALLS        1159 TOTAL
                     EDM=4.78903e-07    STRATEGY= 1  ERROR MATRIX UNCERTAINTY   1.4 per cent
  EXT PARAMETER                                   STEP         FIRST   
  NO.   NAME      VALUE            ERROR          SIZE      DERIVATIVE 
   1  N0           2.83438e+06   5.10113e+02   7.15330e-01   1.74736e-09
   2  tau          6.44055e+01   constant   
   3  A0           3.53675e-01   2.35510e-04  -2.62095e-07  -6.86670e-01
   4  phi          4.11710e+00   7.35389e-04  -1.12165e-06  -5.66732e-01
   5  R           -5.93657e+01   constant   
   6  alpha_CBO   -4.20078e-03   2.48407e-04  -2.74995e-07  -1.09819e+00
   7  w_CBO        2.32500e+00   constant   
   8  beta_CBO     0.00000e+00     fixed    
   9  alpha_2CBO   0.00000e+00     fixed    
  10  beta_2CBO    9.28779e-04   2.45782e-04   3.80820e-07   2.30236e+00
  11  alpha_y      0.00000e+00     fixed    
  12  w_y          1.38860e+01   constant   
  13  beta_y      -8.91025e-05   2.41052e-04  -1.34497e-07  -2.22226e-01
  14  alpha_vw     0.00000e+00     fixed    
  15  w_vw         1.43404e+01   constant   
  16  beta_vw      0.00000e+00     fixed    
  17  LM           6.62355e-05   constant   
  18  zeta_y       0.00000e+00   constant   
  19  zeta_vw      0.00000e+00   constant   
  20  T_CBO        9.22795e+01   3.34083e+01  -4.74695e-05   1.92109e-03
  21  alpha_A0     2.20484e-03   6.31026e-03   5.19252e-04  -4.76001e-04
  22  beta_A0     -2.76213e-03   6.19114e-03   3.38699e-04   1.17116e-03
  23  alpha_phi   -7.95179e-03   1.59039e-02  -2.07449e-03   8.30198e-04
  24  beta_phi     9.99998e-03   1.03429e-02   1.73530e-02  -9.89103e-05
 EXTERNAL ERROR MATRIX.    NDIM=  25    NPAR= 11    ERR DEF=1
  2.602e+05 
 -1.816e-02  5.547e-08 
 -3.145e-03 -2.477e-10  5.408e-07 
 -1.352e-03 -2.977e-09 -4.760e-08  6.171e-08 
 -3.653e-03 -8.418e-10 -6.540e-09  4.443e-09  6.041e-08 
 -1.107e-03 -4.221e-10 -4.306e-09  2.235e-10  3.844e-10  5.811e-08 
  3.881e+03 -1.243e-03  8.026e-04 -2.331e-04 -3.428e-04 -5.737e-05  1.121e+03 
 -9.928e-01  2.588e-07 -3.550e-07 -1.844e-08 -6.191e-08 -5.759e-10 -7.449e-02  4.710e-05 
 -1.134e-01  4.685e-08  7.706e-07 -9.149e-08 -3.241e-07 -3.212e-08  5.437e-02  8.845e-07  4.525e-05 
 -3.751e-01  8.019e-08 -4.458e-07  2.260e-07 -1.648e-07  2.270e-08 -1.864e-01  1.068e-05 -9.497e-06  6.360e-05 
  1.880e-03 -6.635e-10  9.872e-10 -7.680e-10  5.094e-10 -2.001e-10 -6.838e-04  4.026e-08 -6.143e-09 -4.581e-08  1.627e-08 
 PARAMETER  CORRELATION COEFFICIENTS  
       NO.  GLOBAL      1      3      4      6     10     13     20     21     22     23     24
        1  0.35699   1.000 -0.151 -0.008 -0.011 -0.029 -0.009  0.227 -0.284 -0.033 -0.092  0.029
        3  0.25027  -0.151  1.000 -0.001 -0.051 -0.015 -0.007 -0.158  0.160  0.030  0.043 -0.022
        4  0.31318  -0.008 -0.001  1.000 -0.261 -0.036 -0.024  0.033 -0.070  0.156 -0.076  0.011
        6  0.30151  -0.011 -0.051 -0.261  1.000  0.073  0.004 -0.028 -0.011 -0.055  0.114 -0.024
       10  0.27289  -0.029 -0.015 -0.036  0.073  1.000  0.006 -0.042 -0.037 -0.196 -0.084  0.016
       13  0.03405  -0.009 -0.007 -0.024  0.004  0.006  1.000 -0.007 -0.000 -0.020  0.012 -0.007
       20  0.77905   0.227 -0.158  0.033 -0.028 -0.042 -0.007  1.000 -0.324  0.241 -0.698 -0.160
       21  0.41645  -0.284  0.160 -0.070 -0.011 -0.037 -0.000 -0.324  1.000  0.019  0.195  0.046
       22  0.36371  -0.033  0.030  0.156 -0.055 -0.196 -0.020  0.241  0.019  1.000 -0.177 -0.007
       23  0.73874  -0.092  0.043 -0.076  0.114 -0.084  0.012 -0.698  0.195 -0.177  1.000 -0.045
       24  0.29516   0.029 -0.022  0.011 -0.024  0.016 -0.007 -0.160  0.046 -0.007 -0.045  1.000
MINUIT - FIT ONLY 2-CBO
 **********
 **   25 **RES 
 **********
                   PARAMETER   16  beta_vw RESTORED TO VARIABLE.
                   PARAMETER   14  alpha_vw RESTORED TO VARIABLE.
                   PARAMETER   11  alpha_y RESTORED TO VARIABLE.
                   PARAMETER    9  alpha_2CBO RESTORED TO VARIABLE.
                   PARAMETER    8  beta_CBO RESTORED TO VARIABLE.
 **********
 **   26 **FIX            0
 **********
 PARAMETER    0  IS UNDEFINED. IGNORED.
 **********
 **   27 **FIX            1
 **********
 **********
 **   28 **FIX            2
 **********
 PARAMETER    2  IS CONSTANT.   IGNORED.
 **********
 **   29 **FIX            3
 **********
 **********
 **   30 **FIX            4
 **********
 **********
 **   31 **FIX            5
 **********
 PARAMETER    5  IS CONSTANT.   IGNORED.
 **********
 **   32 **FIX            6
 **********
 **********
 **   33 **FIX            7
 **********
 PARAMETER    7  IS CONSTANT.   IGNORED.
 **********
 **   34 **FIX           10
 **********
 **********
 **   35 **FIX           11
 **********
 **********
 **   36 **FIX           12
 **********
 PARAMETER   12  IS CONSTANT.   IGNORED.
 **********
 **   37 **FIX           13
 **********
 **********
 **   38 **FIX           14
 **********
 **********
 **   39 **FIX           15
 **********
 PARAMETER   15  IS CONSTANT.   IGNORED.
 **********
 **   40 **FIX           16
 **********
 **********
 **   41 **MIGRAD
 **********
 START MIGRAD MINIMIZATION.  STRATEGY  1.  CONVERGENCE WHEN EDM .LT. 1.00e-04
 FCN=153.35 FROM MIGRAD    STATUS=INITIATE       18 CALLS        1177 TOTAL
                     EDM= unknown      STRATEGY= 1      NO ERROR MATRIX       
  EXT PARAMETER               CURRENT GUESS       STEP         FIRST   
  NO.   NAME      VALUE            ERROR          SIZE      DERIVATIVE 
   1  N0           2.83438e+06     fixed    
   2  tau          6.44055e+01   constant   
   3  A0           3.53675e-01     fixed    
   4  phi          4.11710e+00     fixed    
   5  R           -5.93657e+01   constant   
   6  alpha_CBO   -4.20078e-03     fixed    
   7  w_CBO        2.32500e+00   constant   
   8  beta_CBO     0.00000e+00   1.00000e-03   1.00000e-03  -6.39368e+04
   9  alpha_2CBO   0.00000e+00   1.00000e-03   1.00000e-03  -5.11373e+03
  10  beta_2CBO    9.28779e-04     fixed    
  11  alpha_y      0.00000e+00     fixed    
  12  w_y          1.38860e+01   constant   
  13  beta_y      -8.91025e-05     fixed    
  14  alpha_vw     0.00000e+00     fixed    
  15  w_vw         1.43404e+01   constant   
  16  beta_vw      0.00000e+00     fixed    
  17  LM           6.62355e-05   constant   
  18  zeta_y       0.00000e+00   constant   
  19  zeta_vw      0.00000e+00   constant   
  20  T_CBO        9.22795e+01   3.34083e+01  -4.74695e-05   1.92137e-03
  21  alpha_A0     2.20484e-03   6.31026e-03   5.19252e-04  -4.75983e-04
  22  beta_A0     -2.76213e-03   6.19114e-03   3.38699e-04   1.17116e-03
  23  alpha_phi   -7.95179e-03   1.59039e-02  -2.07449e-03  -8.30591e-04
  24  beta_phi     9.99998e-03   1.03429e-02   1.73530e-02  -9.89376e-05
 MIGRAD MINIMIZATION HAS CONVERGED.
 MIGRAD WILL VERIFY CONVERGENCE AND ERROR MATRIX.
 COVARIANCE MATRIX CALCULATED SUCCESSFULLY
 FCN=91.5165 FROM MIGRAD    STATUS=CONVERGED     298 CALLS        1457 TOTAL
                     EDM=6.9203e-07    STRATEGY= 1      ERROR MATRIX ACCURATE 
  EXT PARAMETER                                   STEP         FIRST   
  NO.   NAME      VALUE            ERROR          SIZE      DERIVATIVE 
   1  N0           2.83438e+06     fixed    
   2  tau          6.44055e+01   constant   
   3  A0           3.53675e-01     fixed    
   4  phi          4.11710e+00     fixed    
   5  R           -5.93657e+01   constant   
   6  alpha_CBO   -4.20078e-03     fixed    
   7  w_CBO        2.32500e+00   constant   
   8  beta_CBO     1.93181e-03   2.46467e-04   1.14947e-06   1.54920e+00
   9  alpha_2CBO   3.00675e-05   2.47054e-04   1.12970e-06  -4.69211e-01
  10  beta_2CBO    9.28779e-04     fixed    
  11  alpha_y      0.00000e+00     fixed    
  12  w_y          1.38860e+01   constant   
  13  beta_y      -8.91025e-05     fixed    
  14  alpha_vw     0.00000e+00     fixed    
  15  w_vw         1.43404e+01   constant   
  16  beta_vw      0.00000e+00     fixed    
  17  LM           6.62355e-05   constant   
  18  zeta_y       0.00000e+00   constant   
  19  zeta_vw      0.00000e+00   constant   
  20  T_CBO        8.59295e+01   3.01761e+01   3.70321e-04  -3.47445e-03
  21  alpha_A0     1.81097e-03   7.56674e-03   3.99623e-03   1.75907e-04
  22  beta_A0     -6.84025e-03   1.08784e-02   5.25702e-03  -6.97720e-05
  23  alpha_phi   -9.99997e-03   1.04586e-02   2.63498e-02   1.35792e-04
  24  beta_phi     6.89187e-03   1.09795e-02   5.11497e-03   6.58588e-04
 EXTERNAL ERROR MATRIX.    NDIM=  25    NPAR=  7    ERR DEF=1
  6.075e-08 -3.923e-09  9.593e-05  1.001e-10 -1.104e-07 -7.946e-12  1.465e-07 
 -3.923e-09  6.104e-08  1.638e-04 -3.504e-07  1.735e-07  1.345e-11  2.694e-07 
  9.593e-05  1.638e-04  9.141e+02 -4.845e-02  1.658e-01  4.964e-04  1.499e-01 
  1.001e-10 -3.504e-07 -4.845e-02  7.454e-05 -1.064e-05 -2.249e-08 -5.971e-06 
 -1.104e-07  1.735e-07  1.658e-01 -1.064e-05  9.750e-05  8.372e-08  2.965e-05 
 -7.946e-12  1.345e-11  4.964e-04 -2.249e-08  8.372e-08  1.838e-08  8.505e-08 
  1.465e-07  2.694e-07  1.499e-01 -5.971e-06  2.965e-05  8.505e-08  8.799e-05 
 PARAMETER  CORRELATION COEFFICIENTS  
       NO.  GLOBAL      8      9     20     21     22     23     24
        8  0.11790   1.000 -0.064  0.013  0.000 -0.045 -0.000  0.063
        9  0.22817  -0.064  1.000  0.022 -0.164  0.071  0.000  0.116
       20  0.68255   0.013  0.022  1.000 -0.186  0.555  0.121  0.528
       21  0.25089   0.000 -0.164 -0.186  1.000 -0.125 -0.019 -0.074
       22  0.56158  -0.045  0.071  0.555 -0.125  1.000  0.063  0.320
       23  0.12137  -0.000  0.000  0.121 -0.019  0.063  1.000  0.067
       24  0.54498   0.063  0.116  0.528 -0.074  0.320  0.067  1.000
MINUIT - FIT wiggle + 1-CBO + 2-CBO
 **********
 **   42 **RES 
 **********
                   PARAMETER   16  beta_vw RESTORED TO VARIABLE.
                   PARAMETER   14  alpha_vw RESTORED TO VARIABLE.
                   PARAMETER   13  beta_y RESTORED TO VARIABLE.
                   PARAMETER   11  alpha_y RESTORED TO VARIABLE.
                   PARAMETER   10  beta_2CBO RESTORED TO VARIABLE.
                   PARAMETER    6  alpha_CBO RESTORED TO VARIABLE.
                   PARAMETER    4  phi RESTORED TO VARIABLE.
                   PARAMETER    3  A0 RESTORED TO VARIABLE.
                   PARAMETER    1  N0 RESTORED TO VARIABLE.
 **********
 **   43 **FIX           10
 **********
 **********
 **   44 **FIX           11
 **********
 **********
 **   45 **FIX           12
 **********
 PARAMETER   12  IS CONSTANT.   IGNORED.
 **********
 **   46 **FIX           13
 **********
 **********
 **   47 **FIX           14
 **********
 **********
 **   48 **FIX           15
 **********
 PARAMETER   15  IS CONSTANT.   IGNORED.
 **********
 **   49 **FIX           16
 **********
 **********
 **   50 **MIGRAD
 **********
 START MIGRAD MINIMIZATION.  STRATEGY  1.  CONVERGENCE WHEN EDM .LT. 1.00e-04
 FCN=91.5165 FROM MIGRAD    STATUS=INITIATE       22 CALLS        1479 TOTAL
                     EDM= unknown      STRATEGY= 1      NO ERROR MATRIX       
  EXT PARAMETER               CURRENT GUESS       STEP         FIRST   
  NO.   NAME      VALUE            ERROR          SIZE      DERIVATIVE 
   1  N0           2.83438e+06   5.10113e+02   5.10113e+02  -2.95515e-03
   2  tau          6.44055e+01   constant   
   3  A0           3.53675e-01   2.35510e-04   2.35510e-04  -1.29429e+04
   4  phi          4.11710e+00   7.35389e-04   7.35389e-04   2.20377e+03
   5  R           -5.93657e+01   constant   
   6  alpha_CBO   -4.20078e-03   2.48407e-04   2.48407e-04   2.04657e+03
   7  w_CBO        2.32500e+00   constant   
   8  beta_CBO     1.93181e-03   2.46467e-04   1.14947e-06   1.54920e+00
   9  alpha_2CBO   3.00675e-05   2.47054e-04   1.12970e-06  -4.69214e-01
  10  beta_2CBO    9.28779e-04     fixed    
  11  alpha_y      0.00000e+00     fixed    
  12  w_y          1.38860e+01   constant   
  13  beta_y      -8.91025e-05     fixed    
  14  alpha_vw     0.00000e+00     fixed    
  15  w_vw         1.43404e+01   constant   
  16  beta_vw      0.00000e+00     fixed    
  17  LM           6.62355e-05   constant   
  18  zeta_y       0.00000e+00   constant   
  19  zeta_vw      0.00000e+00   constant   
  20  T_CBO        8.59295e+01   3.01761e+01   3.70321e-04  -3.43517e-03
  21  alpha_A0     1.81097e-03   7.56674e-03   3.99623e-03   1.72010e-04
  22  beta_A0     -6.84025e-03   1.08784e-02   5.25702e-03  -6.63159e-05
  23  alpha_phi   -9.99997e-03   1.04586e-02   2.63498e-02   1.38827e-04
  24  beta_phi     6.89187e-03   1.09795e-02   5.11497e-03  -6.78711e-04
 MIGRAD MINIMIZATION HAS CONVERGED.
 MIGRAD WILL VERIFY CONVERGENCE AND ERROR MATRIX.
 COVARIANCE MATRIX CALCULATED SUCCESSFULLY
 FCN=88.0621 FROM MIGRAD    STATUS=CONVERGED     249 CALLS        1706 TOTAL
                     EDM=1.26723e-05    STRATEGY= 1      ERROR MATRIX ACCURATE 
  EXT PARAMETER                                   STEP         FIRST   
  NO.   NAME      VALUE            ERROR          SIZE      DERIVATIVE 
   1  N0           2.83468e+06   1.40732e+00   2.22245e+00   1.44435e-06
   2  tau          6.44055e+01   constant   
   3  A0           3.54033e-01   2.37763e-04   1.05875e-06  -1.11213e+00
   4  phi          4.11650e+00   7.40011e-04   3.24356e-06  -2.96514e+00
   5  R           -5.93657e+01   constant   
   6  alpha_CBO   -4.23743e-03   2.47019e-04   1.09773e-06   8.64646e+00
   7  w_CBO        2.32500e+00   constant   
   8  beta_CBO     2.04228e-03   2.52148e-04   1.12767e-06   5.44683e-01
   9  alpha_2CBO   4.31051e-07   2.45721e-04   1.10826e-06  -1.01719e+00
  10  beta_2CBO    9.28779e-04     fixed    
  11  alpha_y      0.00000e+00     fixed    
  12  w_y          1.38860e+01   constant   
  13  beta_y      -8.91025e-05     fixed    
  14  alpha_vw     0.00000e+00     fixed    
  15  w_vw         1.43404e+01   constant   
  16  beta_vw      0.00000e+00     fixed    
  17  LM           6.62355e-05   constant   
  18  zeta_y       0.00000e+00   constant   
  19  zeta_vw      0.00000e+00   constant   
  20  T_CBO        8.60319e+01   2.61460e+01   3.59296e-04   1.49531e-02
  21  alpha_A0     2.62379e-03   6.66212e-03   3.96315e-03  -1.09475e-03
  22  beta_A0     -7.84821e-03   1.06942e-02   6.07379e-03   2.29760e-03
  23  alpha_phi   -1.00000e-02   1.42261e-02   4.40175e-02** at limit **
  24  beta_phi     5.79530e-03   6.16571e-03   4.41840e-03   8.12103e-05
 EXTERNAL ERROR MATRIX.    NDIM=  25    NPAR= 11    ERR DEF=1
  1.981e+00 
 -1.137e-07  5.653e-08 
 -1.026e-07 -2.744e-09  5.476e-07 
 -1.374e-08 -3.246e-09 -4.389e-08  6.102e-08 
  7.642e-08  1.167e-08 -1.811e-08 -1.155e-09  6.358e-08 
 -3.688e-08 -2.058e-09  9.304e-09 -2.188e-10 -4.748e-09  6.038e-08 
  1.037e-02 -4.829e-04 -2.737e-03  7.911e-04  1.020e-04 -2.127e-04  6.856e+02 
 -6.583e-06  1.865e-07 -2.505e-07 -4.146e-08  4.261e-08 -2.475e-07 -3.523e-02  5.407e-05 
 -7.867e-07 -2.118e-08  1.726e-07  3.581e-08 -6.580e-08  5.697e-08  7.085e-02 -4.590e-06  4.329e-05 
  1.387e-11  2.859e-13 -7.097e-13 -8.229e-13  1.477e-13 -1.482e-12  3.086e-06 -1.358e-10  3.025e-10  1.089e-11 
  3.720e-06 -1.453e-07  4.679e-07 -1.033e-07 -1.441e-07 -1.334e-07 -6.206e-02  1.541e-06 -7.203e-06 -3.027e-10  4.890e-05 
 PARAMETER  CORRELATION COEFFICIENTS  
       NO.  GLOBAL      1      3      4      6      8      9     20     21     22     23     24
        1  0.00094   1.000 -0.000 -0.000 -0.000  0.000 -0.000  0.000 -0.001 -0.000  0.000  0.000
        3  0.25723  -0.000  1.000 -0.016 -0.055  0.195 -0.035 -0.078  0.107 -0.014  0.000 -0.087
        4  0.30861  -0.000 -0.016  1.000 -0.240 -0.097  0.051 -0.141 -0.046  0.035 -0.000  0.090
        6  0.26452  -0.000 -0.055 -0.240  1.000 -0.019 -0.004  0.122 -0.023  0.022 -0.001 -0.060
        8  0.24097   0.000  0.195 -0.097 -0.019  1.000 -0.077  0.015  0.023 -0.040  0.000 -0.082
        9  0.20495  -0.000 -0.035  0.051 -0.004 -0.077  1.000 -0.033 -0.137  0.035 -0.002 -0.078
       20  0.55015   0.000 -0.078 -0.141  0.122  0.015 -0.033  1.000 -0.183  0.411  0.036 -0.339
       21  0.25918  -0.001  0.107 -0.046 -0.023  0.023 -0.137 -0.183  1.000 -0.095 -0.006  0.030
       22  0.42730  -0.000 -0.014  0.035  0.022 -0.040  0.035  0.411 -0.095  1.000  0.014 -0.157
       23  0.03651   0.000  0.000 -0.000 -0.001  0.000 -0.002  0.036 -0.006  0.014  1.000 -0.013
       24  0.37901   0.000 -0.087  0.090 -0.060 -0.082 -0.078 -0.339  0.030 -0.157 -0.013  1.000
MINUIT - FIT ONLY 1-y
 **********
 **   51 **RES 
 **********
                   PARAMETER   16  beta_vw RESTORED TO VARIABLE.
                   PARAMETER   14  alpha_vw RESTORED TO VARIABLE.
                   PARAMETER   13  beta_y RESTORED TO VARIABLE.
                   PARAMETER   11  alpha_y RESTORED TO VARIABLE.
                   PARAMETER   10  beta_2CBO RESTORED TO VARIABLE.
 **********
 **   52 **FIX            0
 **********
 PARAMETER    0  IS UNDEFINED. IGNORED.
 **********
 **   53 **FIX            1
 **********
 **********
 **   54 **FIX            2
 **********
 PARAMETER    2  IS CONSTANT.   IGNORED.
 **********
 **   55 **FIX            3
 **********
 **********
 **   56 **FIX            4
 **********
 **********
 **   57 **FIX            5
 **********
 PARAMETER    5  IS CONSTANT.   IGNORED.
 **********
 **   58 **FIX            6
 **********
 **********
 **   59 **FIX            7
 **********
 PARAMETER    7  IS CONSTANT.   IGNORED.
 **********
 **   60 **FIX            8
 **********
 **********
 **   61 **FIX            9
 **********
 **********
 **   62 **FIX           13
 **********
 **********
 **   63 **FIX           14
 **********
 **********
 **   64 **FIX           15
 **********
 PARAMETER   15  IS CONSTANT.   IGNORED.
 **********
 **   65 **FIX           16
 **********
 **********
 **   66 **MIGRAD
 **********
 START MIGRAD MINIMIZATION.  STRATEGY  1.  CONVERGENCE WHEN EDM .LT. 1.00e-04
 FCN=88.0621 FROM MIGRAD    STATUS=INITIATE       40 CALLS        1746 TOTAL
                     EDM= unknown      STRATEGY= 1      NO ERROR MATRIX       
  EXT PARAMETER               CURRENT GUESS       STEP         FIRST   
  NO.   NAME      VALUE            ERROR          SIZE      DERIVATIVE 
   1  N0           2.83468e+06     fixed    
   2  tau          6.44055e+01   constant   
   3  A0           3.54033e-01     fixed    
   4  phi          4.11650e+00     fixed    
   5  R           -5.93657e+01   constant   
   6  alpha_CBO   -4.23743e-03     fixed    
   7  w_CBO        2.32500e+00   constant   
   8  beta_CBO     2.04228e-03     fixed    
   9  alpha_2CBO   4.31051e-07     fixed    
  10  beta_2CBO    9.28779e-04   2.45782e-04   0.00000e+00   3.62624e+03
  11  alpha_y      0.00000e+00   1.00000e-03   0.00000e+00  -3.85923e+03
  12  w_y          1.38860e+01   constant   
  13  beta_y      -8.91025e-05     fixed    
  14  alpha_vw     0.00000e+00     fixed    
  15  w_vw         1.43404e+01   constant   
  16  beta_vw      0.00000e+00     fixed    
  17  LM           6.62355e-05   constant   
  18  zeta_y       0.00000e+00   constant   
  19  zeta_vw      0.00000e+00   constant   
  20  T_CBO        8.60319e+01   2.61460e+01   0.00000e+00  -6.72001e-02
  21  alpha_A0     2.62379e-03   6.66212e-03   0.00000e+00  -1.32533e-03
  22  beta_A0     -7.84821e-03   1.06942e-02   0.00000e+00   2.63398e-03
  23  alpha_phi   -9.96834e-03   1.42261e-02   7.76398e-02   2.40858e-04
  24  beta_phi     5.79530e-03   6.16571e-03   0.00000e+00   3.53349e-04
 MIGRAD MINIMIZATION HAS CONVERGED.
 MIGRAD WILL VERIFY CONVERGENCE AND ERROR MATRIX.
 COVARIANCE MATRIX CALCULATED SUCCESSFULLY
 FCN=87.648 FROM MIGRAD    STATUS=CONVERGED     200 CALLS        1906 TOTAL
                     EDM=3.85777e-06    STRATEGY= 1      ERROR MATRIX ACCURATE 
  EXT PARAMETER                                   STEP         FIRST   
  NO.   NAME      VALUE            ERROR          SIZE      DERIVATIVE 
   1  N0           2.83468e+06     fixed    
   2  tau          6.44055e+01   constant   
   3  A0           3.54033e-01     fixed    
   4  phi          4.11650e+00     fixed    
   5  R           -5.93657e+01   constant   
   6  alpha_CBO   -4.23743e-03     fixed    
   7  w_CBO        2.32500e+00   constant   
   8  beta_CBO     2.04228e-03     fixed    
   9  alpha_2CBO   4.31051e-07     fixed    
  10  beta_2CBO    8.18613e-04   2.48506e-04   1.11398e-06  -2.81568e+00
  11  alpha_y      1.11132e-04   2.41919e-04   1.11164e-06  -1.49990e+00
  12  w_y          1.38860e+01   constant   
  13  beta_y      -8.91025e-05     fixed    
  14  alpha_vw     0.00000e+00     fixed    
  15  w_vw         1.43404e+01   constant   
  16  beta_vw      0.00000e+00     fixed    
  17  LM           6.62355e-05   constant   
  18  zeta_y       0.00000e+00   constant   
  19  zeta_vw      0.00000e+00   constant   
  20  T_CBO        8.76446e+01   3.04478e+01   3.67465e-04  -5.18580e-04
  21  alpha_A0     2.66829e-03   7.31871e-03   3.82767e-03  -3.45178e-05
  22  beta_A0     -6.95766e-03   1.07951e-02   5.00631e-03  -7.67128e-04
  23  alpha_phi   -9.99661e-03   1.98418e-02   5.66270e-02   8.91563e-05
  24  beta_phi     5.69684e-03   1.49260e-02   4.22460e-03  -5.04723e-04
 EXTERNAL ERROR MATRIX.    NDIM=  25    NPAR=  7    ERR DEF=1
  6.176e-08  9.591e-10 -1.018e-03 -5.847e-08 -4.924e-07  2.307e-10  5.301e-08 
  9.591e-10  5.852e-08 -8.720e-05 -3.837e-08 -3.715e-09  1.178e-10 -3.621e-09 
 -1.018e-03 -8.720e-05  9.307e+02 -6.356e-02  1.686e-01  2.053e-02 -1.188e-01 
 -5.847e-08 -3.837e-08 -6.356e-02  6.908e-05 -1.187e-05 -1.317e-06  5.186e-06 
 -4.924e-07 -3.715e-09  1.686e-01 -1.187e-05  9.360e-05  3.358e-06 -2.311e-05 
  2.307e-10  1.178e-10  2.053e-02 -1.317e-06  3.358e-06  5.507e-05 -2.810e-06 
  5.301e-08 -3.621e-09 -1.188e-01  5.186e-06 -2.311e-05 -2.810e-06  7.230e-05 
 PARAMETER  CORRELATION COEFFICIENTS  
       NO.  GLOBAL     10     11     20     21     22     23     24
       10  0.22188   1.000  0.016 -0.134 -0.028 -0.205  0.000  0.025
       11  0.03112   0.016  1.000 -0.012 -0.019 -0.002  0.000 -0.002
       20  0.67209  -0.134 -0.012  1.000 -0.251  0.571  0.091 -0.458
       21  0.26441  -0.028 -0.019 -0.251  1.000 -0.148 -0.021  0.073
       22  0.58664  -0.205 -0.002  0.571 -0.148  1.000  0.047 -0.281
       23  0.09171   0.000  0.000  0.091 -0.021  0.047  1.000 -0.045
       24  0.46262   0.025 -0.002 -0.458  0.073 -0.281 -0.045  1.000
MINUIT - FIT ONLY 2-y
 **********
 **   67 **RES 
 **********
                   PARAMETER   16  beta_vw RESTORED TO VARIABLE.
                   PARAMETER   14  alpha_vw RESTORED TO VARIABLE.
                   PARAMETER   13  beta_y RESTORED TO VARIABLE.
                   PARAMETER    9  alpha_2CBO RESTORED TO VARIABLE.
                   PARAMETER    8  beta_CBO RESTORED TO VARIABLE.
                   PARAMETER    6  alpha_CBO RESTORED TO VARIABLE.
                   PARAMETER    4  phi RESTORED TO VARIABLE.
                   PARAMETER    3  A0 RESTORED TO VARIABLE.
                   PARAMETER    1  N0 RESTORED TO VARIABLE.
 **********
 **   68 **FIX            0
 **********
 PARAMETER    0  IS UNDEFINED. IGNORED.
 **********
 **   69 **FIX            1
 **********
 **********
 **   70 **FIX            2
 **********
 PARAMETER    2  IS CONSTANT.   IGNORED.
 **********
 **   71 **FIX            3
 **********
 **********
 **   72 **FIX            4
 **********
 **********
 **   73 **FIX            5
 **********
 PARAMETER    5  IS CONSTANT.   IGNORED.
 **********
 **   74 **FIX            6
 **********
 **********
 **   75 **FIX            7
 **********
 PARAMETER    7  IS CONSTANT.   IGNORED.
 **********
 **   76 **FIX            8
 **********
 **********
 **   77 **FIX            9
 **********
 **********
 **   78 **FIX           10
 **********
 **********
 **   79 **FIX           11
 **********
 **********
 **   80 **FIX           12
 **********
 PARAMETER   12  IS CONSTANT.   IGNORED.
 **********
 **   81 **FIX           16
 **********
 **********
 **   82 **MIGRAD
 **********
 START MIGRAD MINIMIZATION.  STRATEGY  1.  CONVERGENCE WHEN EDM .LT. 1.00e-04
 FCN=87.648 FROM MIGRAD    STATUS=INITIATE       20 CALLS        1926 TOTAL
                     EDM= unknown      STRATEGY= 1      NO ERROR MATRIX       
  EXT PARAMETER               CURRENT GUESS       STEP         FIRST   
  NO.   NAME      VALUE            ERROR          SIZE      DERIVATIVE 
   1  N0           2.83468e+06     fixed    
   2  tau          6.44055e+01   constant   
   3  A0           3.54033e-01     fixed    
   4  phi          4.11650e+00     fixed    
   5  R           -5.93657e+01   constant   
   6  alpha_CBO   -4.23743e-03     fixed    
   7  w_CBO        2.32500e+00   constant   
   8  beta_CBO     2.04228e-03     fixed    
   9  alpha_2CBO   4.31051e-07     fixed    
  10  beta_2CBO    8.18613e-04     fixed    
  11  alpha_y      1.11132e-04     fixed    
  12  w_y          1.38860e+01   constant   
  13  beta_y      -8.91025e-05   2.41052e-04   2.41052e-04   7.11041e+02
  14  alpha_vw     0.00000e+00   1.00000e-03   1.00000e-03   1.65237e+04
  15  w_vw         1.43404e+01   constant   
  16  beta_vw      0.00000e+00     fixed    
  17  LM           6.62355e-05   constant   
  18  zeta_y       0.00000e+00   constant   
  19  zeta_vw      0.00000e+00   constant   
  20  T_CBO        8.76446e+01   3.04478e+01   3.67465e-04  -5.09854e-04
  21  alpha_A0     2.66829e-03   7.31871e-03   3.82767e-03  -3.55050e-05
  22  beta_A0     -6.95766e-03   1.07951e-02   5.00631e-03  -7.47461e-04
  23  alpha_phi   -9.99661e-03   1.98418e-02   5.66270e-02  -4.54807e-05
  24  beta_phi     5.69684e-03   1.49260e-02   4.22460e-03  -5.18782e-04
 MIGRAD MINIMIZATION HAS CONVERGED.
 MIGRAD WILL VERIFY CONVERGENCE AND ERROR MATRIX.
 FCN=83.4132 FROM HESSE     STATUS=NOT POSDEF     56 CALLS        2087 TOTAL
                     EDM=0.000108984    STRATEGY= 1      ERR MATRIX NOT POS-DEF
  EXT PARAMETER                APPROXIMATE        STEP         FIRST   
  NO.   NAME      VALUE            ERROR          SIZE      DERIVATIVE 
   1  N0           2.83468e+06     fixed    
   2  tau          6.44055e+01   constant   
   3  A0           3.54033e-01     fixed    
   4  phi          4.11650e+00     fixed    
   5  R           -5.93657e+01   constant   
   6  alpha_CBO   -4.23743e-03     fixed    
   7  w_CBO        2.32500e+00   constant   
   8  beta_CBO     2.04228e-03     fixed    
   9  alpha_2CBO   4.31051e-07     fixed    
  10  beta_2CBO    8.18613e-04     fixed    
  11  alpha_y      1.11132e-04     fixed    
  12  w_y          1.38860e+01   constant   
  13  beta_y      -2.12416e-04   2.10030e-04   1.08166e-06  -1.66828e-01
  14  alpha_vw    -5.07234e-04   2.10245e-04   1.08381e-06   6.98887e-01
  15  w_vw         1.43404e+01   constant   
  16  beta_vw      0.00000e+00     fixed    
  17  LM           6.62355e-05   constant   
  18  zeta_y       0.00000e+00   constant   
  19  zeta_vw      0.00000e+00   constant   
  20  T_CBO        8.79229e+01   5.04649e+02   3.60380e-04  -2.66399e-03
  21  alpha_A0     2.67890e-03   1.62761e-02   3.71204e-03  -5.19385e-04
  22  beta_A0     -6.74182e-03   1.62561e-02   4.73794e-03   1.48511e-05
  23  alpha_phi   -9.99042e-03   1.50820e-02   5.67745e-02  -9.88149e-05
  24  beta_phi     5.65680e-03   1.03847e-02   4.08974e-03  -1.11473e-04
 MIGRAD MINIMIZATION HAS CONVERGED.
 MIGRAD WILL VERIFY CONVERGENCE AND ERROR MATRIX.
 MIGRAD TERMINATED WITHOUT CONVERGENCE.
 FCN=83.4132 FROM MIGRAD    STATUS=FAILED        314 CALLS        2220 TOTAL
                     EDM=0.000229097    STRATEGY= 1      ERR MATRIX NOT POS-DEF
  EXT PARAMETER                APPROXIMATE        STEP         FIRST   
  NO.   NAME      VALUE            ERROR          SIZE      DERIVATIVE 
   1  N0           2.83468e+06     fixed    
   2  tau          6.44055e+01   constant   
   3  A0           3.54033e-01     fixed    
   4  phi          4.11650e+00     fixed    
   5  R           -5.93657e+01   constant   
   6  alpha_CBO   -4.23743e-03     fixed    
   7  w_CBO        2.32500e+00   constant   
   8  beta_CBO     2.04228e-03     fixed    
   9  alpha_2CBO   4.31051e-07     fixed    
  10  beta_2CBO    8.18613e-04     fixed    
  11  alpha_y      1.11132e-04     fixed    
  12  w_y          1.38860e+01   constant   
  13  beta_y      -2.12414e-04   2.24975e-04   1.08166e-06   4.70005e-02
  14  alpha_vw    -5.07258e-04   2.25286e-04   1.08381e-06  -1.44753e-01
  15  w_vw         1.43404e+01   constant   
  16  beta_vw      0.00000e+00     fixed    
  17  LM           6.62355e-05   constant   
  18  zeta_y       0.00000e+00   constant   
