 + ++++++++++++++++++++++++++++++++++++++++++++++++++++++++++++++++++++ +
 +                                                                      +
 +           You have chose to blind your fitting according to          +
 +                omega_ref * (1 + (R +/- deltaR) *10^{-6})             +
 +                                                                      +
 + ++++++++++++++++++++++++++++++++++++++++++++++++++++++++++++++++++++ +
In main()...
reading format from /gm2data/zkhechad/run45/envelope/formats/formatB_sBin_constraintOn.txt
pBinTau 	= 0  
pBinPhi 	= 0  
constraintau 	= 1 
includeMopTerm 	= 0    
constrainMop    = 0   
Parameters after format file: pBinTau 0 pBinPhi 0 constraintau 1 includeMopTerm 0 constrainMop 0 c_e_scale 0.000000 
Opening file /gm2data/tbarrett/gm2fr/studies/run23_bunch_corrections/CorrectedFourier_Run3b.root.
reading full fit data from /gm2data/zkhechad/cboTemplates/Run4CBOTemplates/fullFits/noRF/sBin_constraintOn_cE0.0_seed0_noRF_calo17.root
windowBins = 69
fitting sliding window 2240 from bin 2376 at 354.350000 to bin 2445 at 364.794000 (69 bins)

Reading data from /gm2data/cornell/histograms/aMethod/histogram_a_noRF.root
 **********
 **    1 **SET PRINTOUT            1
 **********
 **********
 **    2 **SET NOWARNINGS 
 **********
 PARAMETER DEFINITIONS:
    NO.   NAME         VALUE      STEP SIZE      LIMITS
     1 N0           3.18624e+06  1.00000e+02     no limits
     2 tau          6.44064e+01  constant
     3 A0           3.45293e-01  1.00000e-04     no limits
     4 phi          4.12011e+00  1.00000e-02     no limits
     5 R           -6.06001e+01  constant
     6 alpha_CBO    0.00000e+00  1.00000e-03     no limits
     7 w_CBO        2.32500e+00  constant
     8 beta_CBO     0.00000e+00  1.00000e-03     no limits
     9 alpha_2CBO   0.00000e+00  1.00000e-03     no limits
    10 beta_2CBO    0.00000e+00  1.00000e-03     no limits
    11 alpha_y      0.00000e+00  1.00000e-03     no limits
    12 w_y          1.38860e+01  constant
    13 beta_y       0.00000e+00  1.00000e-03     no limits
    14 alpha_vw     0.00000e+00  1.00000e-03     no limits
    15 w_vw         1.43404e+01  constant
    16 beta_vw      0.00000e+00  1.00000e-03     no limits
    17 LM           6.43054e-05  constant
    18 zeta_y       0.00000e+00  constant
    19 zeta_vw      0.00000e+00  constant
    20 T_CBO        1.00000e+02  1.00000e+00    0.00000e+00  1.00000e+03
    21 alpha_A0     0.00000e+00  1.00000e-03     no limits
    22 beta_A0      0.00000e+00  1.00000e-03     no limits
    23 alpha_phi    0.00000e+00  1.00000e-03     no limits
    24 beta_phi     0.00000e+00  1.00000e-03     no limits
MINUIT - FIT ONLY WIGGLE
 **********
 **    3 **FIX            5
 **********
 PARAMETER    5  IS CONSTANT.   IGNORED.
 **********
 **    4 **FIX            6
 **********
 **********
 **    5 **FIX            7
 **********
 PARAMETER    7  IS CONSTANT.   IGNORED.
 **********
 **    6 **FIX            8
 **********
 **********
 **    7 **FIX            9
 **********
 **********
 **    8 **FIX           10
 **********
 **********
 **    9 **FIX           11
 **********
 **********
 **   10 **FIX           12
 **********
 PARAMETER   12  IS CONSTANT.   IGNORED.
 **********
 **   11 **FIX           13
 **********
 **********
 **   12 **FIX           14
 **********
 **********
 **   13 **FIX           15
 **********
 PARAMETER   15  IS CONSTANT.   IGNORED.
 **********
 **   14 **FIX           16
 **********
 **********
 **   15 **MIGRAD
 **********
 FIRST CALL TO USER FUNCTION AT NEW START POINT, WITH IFLAG=4.
 START MIGRAD MINIMIZATION.  STRATEGY  1.  CONVERGENCE WHEN EDM .LT. 1.00e-04
 FCN=80.9627 FROM MIGRAD    STATUS=INITIATE      437 CALLS         438 TOTAL
                     EDM= unknown      STRATEGY= 1      NO ERROR MATRIX       
  EXT PARAMETER               CURRENT GUESS       STEP         FIRST   
  NO.   NAME      VALUE            ERROR          SIZE      DERIVATIVE 
   1  N0           3.18624e+06   1.00000e+02   0.00000e+00   6.82222e-04
   2  tau          6.44064e+01   constant   
   3  A0           3.45293e-01   1.00000e-04   0.00000e+00   1.69276e+03
   4  phi          4.12011e+00   1.00000e-02   0.00000e+00  -5.79007e+01
   5  R           -6.06001e+01   constant   
   6  alpha_CBO    0.00000e+00     fixed    
   7  w_CBO        2.32500e+00   constant   
   8  beta_CBO     0.00000e+00     fixed    
   9  alpha_2CBO   0.00000e+00     fixed    
  10  beta_2CBO    0.00000e+00     fixed    
  11  alpha_y      0.00000e+00     fixed    
  12  w_y          1.38860e+01   constant   
  13  beta_y       0.00000e+00     fixed    
  14  alpha_vw     0.00000e+00     fixed    
  15  w_vw         1.43404e+01   constant   
  16  beta_vw      0.00000e+00     fixed    
  17  LM           6.43054e-05   constant   
  18  zeta_y       0.00000e+00   constant   
  19  zeta_vw      0.00000e+00   constant   
  20  T_CBO        1.00000e+02   1.00000e+00   0.00000e+00   0.00000e+00
  21  alpha_A0     0.00000e+00   1.00000e-03   0.00000e+00  -2.50619e+00
  22  beta_A0      0.00000e+00   1.00000e-03   0.00000e+00  -3.33169e+00
  23  alpha_phi    0.00000e+00   1.00000e-03   0.00000e+00   1.64685e+01
  24  beta_phi     0.00000e+00   1.00000e-03   0.00000e+00   2.98245e+00
 CALL LIMIT EXCEEDED IN MIGRAD.
 MIGRAD TERMINATED WITHOUT CONVERGENCE.
 FCN=77.6496 FROM MIGRAD    STATUS=CALL LIMIT   1322 CALLS        1323 TOTAL
                     EDM=0.00957645    STRATEGY= 1  ERROR MATRIX UNCERTAINTY   3.0 per cent
  EXT PARAMETER                APPROXIMATE        STEP         FIRST   
  NO.   NAME      VALUE            ERROR          SIZE      DERIVATIVE 
   1  N0           3.18453e+06   2.10827e+03   9.54583e+01   2.68884e-05
   2  tau          6.44064e+01   constant   
   3  A0           3.44363e-01   8.96842e-04   3.89150e-05   8.48177e+01
   4  phi          4.12037e+00   2.59760e-03  -5.90480e-05  -1.21438e+01
   5  R           -6.06001e+01   constant   
   6  alpha_CBO    0.00000e+00     fixed    
   7  w_CBO        2.32500e+00   constant   
   8  beta_CBO     0.00000e+00     fixed    
   9  alpha_2CBO   0.00000e+00     fixed    
  10  beta_2CBO    0.00000e+00     fixed    
  11  alpha_y      0.00000e+00     fixed    
  12  w_y          1.38860e+01   constant   
  13  beta_y       0.00000e+00     fixed    
  14  alpha_vw     0.00000e+00     fixed    
  15  w_vw         1.43404e+01   constant   
  16  beta_vw      0.00000e+00     fixed    
  17  LM           6.43054e-05   constant   
  18  zeta_y       0.00000e+00   constant   
  19  zeta_vw      0.00000e+00   constant   
  20  T_CBO        3.89155e+01   1.78894e+01  -1.47503e-02  -3.87479e+00
  21  alpha_A0     1.38643e+01   3.40299e+01   6.55260e+00  -1.32538e-03
  22  beta_A0      1.12959e+01   2.80778e+01   5.40826e+00   1.18484e-03
  23  alpha_phi   -5.22287e+01   1.30719e+02  -2.51952e+01   2.42223e-03
  24  beta_phi    -1.11196e+01   2.73296e+01  -5.26106e+00  -1.40258e-03
 EXTERNAL ERROR MATRIX.    NDIM=  25    NPAR=  8    ERR DEF=1
  4.445e+06  1.702e-01  7.163e-01  3.599e+02  1.147e+03  9.908e+02 -4.725e+03 -9.211e+02 
  1.702e-01  8.043e-07 -1.325e-07  1.811e-04 -4.344e-04 -3.485e-04  1.612e-03  3.431e-04 
  7.163e-01 -1.325e-07  6.748e-06 -1.674e-03  2.821e-03  2.312e-03 -1.076e-02 -2.263e-03 
  3.599e+02  1.811e-04 -1.674e-03  3.209e+02 -5.601e+02 -4.621e+02  2.149e+03  4.501e+02 
  1.147e+03 -4.344e-04  2.821e-03 -5.601e+02  1.158e+03  9.555e+02 -4.448e+03 -9.300e+02 
  9.908e+02 -3.485e-04  2.312e-03 -4.621e+02  9.555e+02  7.884e+02 -3.670e+03 -7.673e+02 
 -4.725e+03  1.612e-03 -1.076e-02  2.149e+03 -4.448e+03 -3.670e+03  1.709e+04  3.572e+03 
 -9.211e+02  3.431e-04 -2.263e-03  4.501e+02 -9.300e+02 -7.673e+02  3.572e+03  7.469e+02 
ERR MATRIX APPROXIMATE
 PARAMETER  CORRELATION COEFFICIENTS  
       NO.  GLOBAL      1      3      4     20     21     22     23     24
        1  0.29028   1.000  0.090  0.131  0.010  0.016  0.017 -0.017 -0.016
        3  0.14000   0.090  1.000 -0.057  0.011 -0.014 -0.014  0.014  0.014
        4  0.16683   0.131 -0.057  1.000 -0.036  0.032  0.032 -0.032 -0.032
       20  0.95457   0.010  0.011 -0.036  1.000 -0.919 -0.919  0.918  0.919
       21  0.99999   0.016 -0.014  0.032 -0.919  1.000  1.000 -1.000 -1.000
       22  0.99999   0.017 -0.014  0.032 -0.919  1.000  1.000 -1.000 -1.000
       23  0.99999  -0.017  0.014 -0.032  0.918 -1.000 -1.000  1.000  1.000
       24  0.99999  -0.016  0.014 -0.032  0.919 -1.000 -1.000  1.000  1.000
 ERR MATRIX APPROXIMATE
MINUIT - FIT ONLY 1-CBO + wiggle
 **********
 **   16 **RES 
 **********
                   PARAMETER   16  beta_vw RESTORED TO VARIABLE.
                   PARAMETER   14  alpha_vw RESTORED TO VARIABLE.
                   PARAMETER   13  beta_y RESTORED TO VARIABLE.
                   PARAMETER   11  alpha_y RESTORED TO VARIABLE.
                   PARAMETER   10  beta_2CBO RESTORED TO VARIABLE.
                   PARAMETER    9  alpha_2CBO RESTORED TO VARIABLE.
                   PARAMETER    8  beta_CBO RESTORED TO VARIABLE.
                   PARAMETER    6  alpha_CBO RESTORED TO VARIABLE.
 **********
 **   17 **FIX            8
 **********
 **********
 **   18 **FIX            9
 **********
 **********
 **   19 **FIX           11
 **********
 **********
 **   20 **FIX           12
 **********
 PARAMETER   12  IS CONSTANT.   IGNORED.
 **********
 **   21 **FIX           14
 **********
 **********
 **   22 **FIX           15
 **********
 PARAMETER   15  IS CONSTANT.   IGNORED.
 **********
 **   23 **FIX           16
 **********
 **********
 **   24 **MIGRAD
 **********
 START MIGRAD MINIMIZATION.  STRATEGY  1.  CONVERGENCE WHEN EDM .LT. 1.00e-04
 FCN=77.6496 FROM MIGRAD    STATUS=INITIATE       26 CALLS        1349 TOTAL
                     EDM= unknown      STRATEGY= 1      NO ERROR MATRIX       
  EXT PARAMETER               CURRENT GUESS       STEP         FIRST   
  NO.   NAME      VALUE            ERROR          SIZE      DERIVATIVE 
   1  N0           3.18453e+06   2.10827e+03   9.54583e+01   2.68884e-05
   2  tau          6.44064e+01   constant   
   3  A0           3.44363e-01   8.96842e-04   3.89150e-05   8.48177e+01
   4  phi          4.12037e+00   2.59760e-03  -5.90480e-05  -1.21438e+01
   5  R           -6.06001e+01   constant   
   6  alpha_CBO    0.00000e+00   1.00000e-03   1.00000e-03  -9.14366e+02
   7  w_CBO        2.32500e+00   constant   
   8  beta_CBO     0.00000e+00     fixed    
   9  alpha_2CBO   0.00000e+00     fixed    
  10  beta_2CBO    0.00000e+00   1.00000e-03   1.00000e-03   1.97600e+03
  11  alpha_y      0.00000e+00     fixed    
  12  w_y          1.38860e+01   constant   
  13  beta_y       0.00000e+00   1.00000e-03   1.00000e-03   2.38160e+03
  14  alpha_vw     0.00000e+00     fixed    
  15  w_vw         1.43404e+01   constant   
  16  beta_vw      0.00000e+00     fixed    
  17  LM           6.43054e-05   constant   
  18  zeta_y       0.00000e+00   constant   
  19  zeta_vw      0.00000e+00   constant   
  20  T_CBO        3.89155e+01   1.78894e+01  -1.47503e-02  -3.87501e+00
  21  alpha_A0     1.38643e+01   3.40299e+01   6.55260e+00  -1.32538e-03
  22  beta_A0      1.12959e+01   2.80778e+01   5.40826e+00   1.18484e-03
  23  alpha_phi   -5.22287e+01   1.30719e+02  -2.51952e+01   2.42223e-03
  24  beta_phi    -1.11196e+01   2.73296e+01  -5.26106e+00  -1.40258e-03
 CALL LIMIT EXCEEDED IN MIGRAD.
 MIGRAD TERMINATED WITHOUT CONVERGENCE.
 FCN=74.9146 FROM MIGRAD    STATUS=CALL LIMIT   1918 CALLS        3241 TOTAL
                     EDM=0.00428304    STRATEGY= 1  ERROR MATRIX UNCERTAINTY  31.7 per cent
  EXT PARAMETER                APPROXIMATE        STEP         FIRST   
  NO.   NAME      VALUE            ERROR          SIZE      DERIVATIVE 
   1  N0           3.18453e+06   2.10855e+03   1.24650e+01   1.05384e-05
   2  tau          6.44064e+01   constant   
   3  A0           3.44194e-01   8.98538e-04   4.19829e-06   2.79304e+01
   4  phi          4.12057e+00   2.54458e-03  -6.38499e-06  -1.51283e+00
   5  R           -6.06001e+01   constant   
   6  alpha_CBO    4.29438e-04   9.34843e-04   2.61745e-06   1.76323e+01
   7  w_CBO        2.32500e+00   constant   
   8  beta_CBO     0.00000e+00     fixed    
   9  alpha_2CBO   0.00000e+00     fixed    
  10  beta_2CBO   -9.41978e-04   9.37980e-04  -5.05667e-06  -2.60835e+01
  11  alpha_y      0.00000e+00     fixed    
  12  w_y          1.38860e+01   constant   
  13  beta_y      -1.06482e-03   9.39660e-04  -1.48591e-06  -9.87583e+00
  14  alpha_vw     0.00000e+00     fixed    
  15  w_vw         1.43404e+01   constant   
  16  beta_vw      0.00000e+00     fixed    
  17  LM           6.43054e-05   constant   
  18  zeta_y       0.00000e+00   constant   
  19  zeta_vw      0.00000e+00   constant   
  20  T_CBO        1.90222e+01   2.02388e+00   2.55099e-04  -1.25446e+00
  21  alpha_A0     3.40048e+05   6.41124e+05  -4.59062e+02   1.38384e-07
  22  beta_A0      2.28962e+05   4.31947e+05  -3.08825e+02  -2.99157e-09
  23  alpha_phi   -1.01479e+06   1.91344e+06   1.36971e+03   8.18337e-08
  24  beta_phi    -1.11850e+05   2.10714e+05   1.51130e+02   9.28835e-08
 EXTERNAL ERROR MATRIX.    NDIM=  25    NPAR= 11    ERR DEF=1
  4.446e+06 
  1.972e-01  8.074e-07 
  6.322e-01 -1.406e-07  6.475e-06 
  1.137e-01 -7.694e-08 -1.705e-07  8.739e-07 
  6.612e-02  6.131e-08 -8.646e-08  1.502e-08  8.798e-07 
  2.480e-02  2.306e-08 -2.860e-08  4.957e-09 -7.889e-09  8.830e-07 
 -9.638e+02 -4.958e-04  3.392e-04 -2.614e-04  2.694e-04  1.151e-04  4.096e+00 
  3.319e+08  1.356e+02 -5.680e+01  8.846e+01 -1.274e+02 -4.579e+01 -1.239e+06  4.110e+11 
  2.236e+08  9.139e+01 -3.827e+01  5.960e+01 -8.582e+01 -3.085e+01 -8.350e+05  2.769e+11  1.866e+11 
 -9.905e+08 -4.048e+02  1.695e+02 -2.640e+02  3.802e+02  1.366e+02  3.699e+06 -1.227e+12 -8.265e+11  3.661e+12 
 -1.091e+08 -4.458e+01  1.867e+01 -2.907e+01  4.186e+01  1.505e+01  4.073e+05 -1.351e+11 -9.102e+10  4.032e+11  4.440e+10 
ERR MATRIX APPROXIMATE
 PARAMETER  CORRELATION COEFFICIENTS  
       NO.  GLOBAL      1      3      4      6     10     13     20     21     22     23     24
        1  0.33014   1.000  0.104  0.118  0.058  0.033  0.013 -0.226  0.245  0.246 -0.246 -0.245
        3  0.34421   0.104  1.000 -0.061 -0.092  0.073  0.027 -0.273  0.235  0.235 -0.235 -0.235
        4  0.23477   0.118 -0.061  1.000 -0.072 -0.036 -0.012  0.066 -0.035 -0.035  0.035  0.035
        6  0.24777   0.058 -0.092 -0.072  1.000  0.017  0.006 -0.138  0.148  0.148 -0.148 -0.148
       10  0.33629   0.033  0.073 -0.036  0.017  1.000 -0.009  0.142 -0.212 -0.212  0.212  0.212
       13  0.11422   0.013  0.027 -0.012  0.006 -0.009  1.000  0.061 -0.076 -0.076  0.076  0.076
       20  0.96021  -0.226 -0.273  0.066 -0.138  0.142  0.061  1.000 -0.955 -0.955  0.955  0.955
       21  1.00000   0.245  0.235 -0.035  0.148 -0.212 -0.076 -0.955  1.000  1.000 -1.000 -1.000
       22  1.00000   0.246  0.235 -0.035  0.148 -0.212 -0.076 -0.955  1.000  1.000 -1.000 -1.000
       23  1.00000  -0.246 -0.235  0.035 -0.148  0.212  0.076  0.955 -1.000 -1.000  1.000  1.000
       24  1.00000  -0.245 -0.235  0.035 -0.148  0.212  0.076  0.955 -1.000 -1.000  1.000  1.000
 ERR MATRIX APPROXIMATE
MINUIT - FIT ONLY 2-CBO
 **********
 **   25 **RES 
 **********
                   PARAMETER   16  beta_vw RESTORED TO VARIABLE.
                   PARAMETER   14  alpha_vw RESTORED TO VARIABLE.
                   PARAMETER   11  alpha_y RESTORED TO VARIABLE.
                   PARAMETER    9  alpha_2CBO RESTORED TO VARIABLE.
                   PARAMETER    8  beta_CBO RESTORED TO VARIABLE.
 **********
 **   26 **FIX            0
 **********
 PARAMETER    0  IS UNDEFINED. IGNORED.
 **********
 **   27 **FIX            1
 **********
 **********
 **   28 **FIX            2
 **********
 PARAMETER    2  IS CONSTANT.   IGNORED.
 **********
 **   29 **FIX            3
 **********
 **********
 **   30 **FIX            4
 **********
 **********
 **   31 **FIX            5
 **********
 PARAMETER    5  IS CONSTANT.   IGNORED.
 **********
 **   32 **FIX            6
 **********
 **********
 **   33 **FIX            7
 **********
 PARAMETER    7  IS CONSTANT.   IGNORED.
 **********
 **   34 **FIX           10
 **********
 **********
 **   35 **FIX           11
 **********
 **********
 **   36 **FIX           12
 **********
 PARAMETER   12  IS CONSTANT.   IGNORED.
 **********
 **   37 **FIX           13
 **********
 **********
 **   38 **FIX           14
 **********
 **********
 **   39 **FIX           15
 **********
 PARAMETER   15  IS CONSTANT.   IGNORED.
 **********
 **   40 **FIX           16
 **********
 **********
 **   41 **MIGRAD
 **********
 START MIGRAD MINIMIZATION.  STRATEGY  1.  CONVERGENCE WHEN EDM .LT. 1.00e-04
 FCN=74.9146 FROM MIGRAD    STATUS=INITIATE       18 CALLS        3259 TOTAL
                     EDM= unknown      STRATEGY= 1      NO ERROR MATRIX       
  EXT PARAMETER               CURRENT GUESS       STEP         FIRST   
  NO.   NAME      VALUE            ERROR          SIZE      DERIVATIVE 
   1  N0           3.18453e+06     fixed    
   2  tau          6.44064e+01   constant   
   3  A0           3.44194e-01     fixed    
   4  phi          4.12057e+00     fixed    
   5  R           -6.06001e+01   constant   
   6  alpha_CBO    4.29438e-04     fixed    
   7  w_CBO        2.32500e+00   constant   
   8  beta_CBO     0.00000e+00   1.00000e-03   1.00000e-03  -5.95233e+03
   9  alpha_2CBO   0.00000e+00   1.00000e-03   1.00000e-03  -4.81441e+03
  10  beta_2CBO   -9.41978e-04     fixed    
  11  alpha_y      0.00000e+00     fixed    
  12  w_y          1.38860e+01   constant   
  13  beta_y      -1.06482e-03     fixed    
  14  alpha_vw     0.00000e+00     fixed    
  15  w_vw         1.43404e+01   constant   
  16  beta_vw      0.00000e+00     fixed    
  17  LM           6.43054e-05   constant   
  18  zeta_y       0.00000e+00   constant   
  19  zeta_vw      0.00000e+00   constant   
  20  T_CBO        1.90222e+01   2.02388e+00   2.55099e-04  -1.25468e+00
  21  alpha_A0     3.40048e+05   6.41124e+05  -4.59062e+02   1.38384e-07
  22  beta_A0      2.28962e+05   4.31947e+05  -3.08825e+02  -2.99168e-09
  23  alpha_phi   -1.01479e+06   1.91344e+06   1.36971e+03   8.18337e-08
  24  beta_phi    -1.11850e+05   2.10714e+05   1.51130e+02   9.28835e-08
 CALL LIMIT EXCEEDED IN MIGRAD.
 MIGRAD TERMINATED WITHOUT CONVERGENCE.
 FCN=60.9536 FROM MIGRAD    STATUS=CALL LIMIT   1145 CALLS        4386 TOTAL
                     EDM=0.0167053    STRATEGY= 1  ERROR MATRIX UNCERTAINTY  31.5 per cent
  EXT PARAMETER                APPROXIMATE        STEP         FIRST   
  NO.   NAME      VALUE            ERROR          SIZE      DERIVATIVE 
   1  N0           3.18453e+06     fixed    
   2  tau          6.44064e+01   constant   
   3  A0           3.44194e-01     fixed    
   4  phi          4.12057e+00     fixed    
   5  R           -6.06001e+01   constant   
   6  alpha_CBO    4.29438e-04     fixed    
   7  w_CBO        2.32500e+00   constant   
   8  beta_CBO     2.64734e-03   9.01505e-04   2.02059e-05  -1.10194e+02
   9  alpha_2CBO   2.30786e-03   9.67900e-04   1.83385e-07   8.27696e+00
  10  beta_2CBO   -9.41978e-04     fixed    
  11  alpha_y      0.00000e+00     fixed    
  12  w_y          1.38860e+01   constant   
  13  beta_y      -1.06482e-03     fixed    
  14  alpha_vw     0.00000e+00     fixed    
  15  w_vw         1.43404e+01   constant   
  16  beta_vw      0.00000e+00     fixed    
  17  LM           6.43054e-05   constant   
  18  zeta_y       0.00000e+00   constant   
  19  zeta_vw      0.00000e+00   constant   
  20  T_CBO        1.31623e+01   1.09537e+00  -4.28603e-04  -5.64048e+01
  21  alpha_A0     3.06330e+08   5.94802e+08   2.32928e+07  -8.14181e-11
  22  beta_A0      2.90472e+09   5.65469e+09   2.21455e+08   2.34055e-12
  23  alpha_phi   -4.91517e+09   9.55817e+09  -3.74335e+08   5.09334e-11
  24  beta_phi    -8.72603e+08   1.69408e+09  -6.63492e+07   3.13154e-11
 EXTERNAL ERROR MATRIX.    NDIM=  25    NPAR=  7    ERR DEF=1
  8.127e-07 -2.479e-08  1.912e-05 -1.017e+04 -9.629e+04  1.629e+05  2.890e+04 
 -2.479e-08  9.368e-07  2.357e-05  1.450e+03  1.411e+04 -2.379e+04 -4.273e+03 
  1.912e-05  2.357e-05  1.200e+00 -6.434e+08 -6.117e+09  1.034e+10  1.833e+09 
 -1.017e+04  1.450e+03 -6.434e+08  3.538e+17  3.363e+18 -5.685e+18 -1.008e+18 
 -9.629e+04  1.411e+04 -6.117e+09  3.363e+18  3.198e+19 -5.405e+19 -9.580e+18 
  1.629e+05 -2.379e+04  1.034e+10 -5.685e+18 -5.405e+19  9.136e+19  1.619e+19 
  2.890e+04 -4.273e+03  1.833e+09 -1.008e+18 -9.580e+18  1.619e+19  2.870e+18 
ERR MATRIX APPROXIMATE
 PARAMETER  CORRELATION COEFFICIENTS  
       NO.  GLOBAL      8      9     20     21     22     23     24
        8  0.14203   1.000 -0.028  0.019 -0.019 -0.019  0.019  0.019
        9  0.20740  -0.028  1.000  0.022  0.003  0.003 -0.003 -0.003
       20  0.98856   0.019  0.022  1.000 -0.988 -0.988  0.988  0.988
       21  1.00000  -0.019  0.003 -0.988  1.000  1.000 -1.000 -1.000
       22  1.00000  -0.019  0.003 -0.988  1.000  1.000 -1.000 -1.000
       23  1.00000   0.019 -0.003  0.988 -1.000 -1.000  1.000  1.000
       24  1.00000   0.019 -0.003  0.988 -1.000 -1.000  1.000  1.000
 ERR MATRIX APPROXIMATE
MINUIT - FIT wiggle + 1-CBO + 2-CBO
 **********
 **   42 **RES 
 **********
                   PARAMETER   16  beta_vw RESTORED TO VARIABLE.
                   PARAMETER   14  alpha_vw RESTORED TO VARIABLE.
                   PARAMETER   13  beta_y RESTORED TO VARIABLE.
                   PARAMETER   11  alpha_y RESTORED TO VARIABLE.
                   PARAMETER   10  beta_2CBO RESTORED TO VARIABLE.
                   PARAMETER    6  alpha_CBO RESTORED TO VARIABLE.
                   PARAMETER    4  phi RESTORED TO VARIABLE.
                   PARAMETER    3  A0 RESTORED TO VARIABLE.
                   PARAMETER    1  N0 RESTORED TO VARIABLE.
 **********
 **   43 **FIX           10
 **********
 **********
 **   44 **FIX           11
 **********
 **********
 **   45 **FIX           12
 **********
 PARAMETER   12  IS CONSTANT.   IGNORED.
 **********
 **   46 **FIX           13
 **********
 **********
 **   47 **FIX           14
 **********
 **********
 **   48 **FIX           15
 **********
 PARAMETER   15  IS CONSTANT.   IGNORED.
 **********
 **   49 **FIX           16
 **********
 **********
 **   50 **MIGRAD
 **********
 START MIGRAD MINIMIZATION.  STRATEGY  1.  CONVERGENCE WHEN EDM .LT. 1.00e-04
 FCN=60.9536 FROM MIGRAD    STATUS=INITIATE       51 CALLS        4437 TOTAL
                     EDM= unknown      STRATEGY= 1      NO ERROR MATRIX       
  EXT PARAMETER               CURRENT GUESS       STEP         FIRST   
  NO.   NAME      VALUE            ERROR          SIZE      DERIVATIVE 
   1  N0           3.18453e+06   2.10855e+03   0.00000e+00  -2.35393e-04
   2  tau          6.44064e+01   constant   
   3  A0           3.44194e-01   8.98538e-04   0.00000e+00  -1.04147e+03
   4  phi          4.12057e+00   2.54458e-03   0.00000e+00   3.56060e+02
   5  R           -6.06001e+01   constant   
   6  alpha_CBO    4.29438e-04   9.34843e-04   0.00000e+00  -2.11244e+02
   7  w_CBO        2.32500e+00   constant   
   8  beta_CBO     2.64734e-03   9.01505e-04   0.00000e+00  -1.09964e+02
   9  alpha_2CBO   2.30786e-03   9.67900e-04   0.00000e+00   8.32704e+00
  10  beta_2CBO   -9.41978e-04     fixed    
  11  alpha_y      0.00000e+00     fixed    
  12  w_y          1.38860e+01   constant   
  13  beta_y      -1.06482e-03     fixed    
  14  alpha_vw     0.00000e+00     fixed    
  15  w_vw         1.43404e+01   constant   
  16  beta_vw      0.00000e+00     fixed    
  17  LM           6.43054e-05   constant   
  18  zeta_y       0.00000e+00   constant   
  19  zeta_vw      0.00000e+00   constant   
  20  T_CBO        1.31623e+01   1.09537e+00   0.00000e+00  -5.67019e+01
  21  alpha_A0     3.06330e+08   5.94802e+08   0.00000e+00  -8.13618e-11
  22  beta_A0      2.90334e+09   5.65469e+09  -1.38508e+06   1.92710e-12
  23  alpha_phi   -4.91517e+09   9.55817e+09   0.00000e+00   5.09662e-11
  24  beta_phi    -8.72603e+08   1.69408e+09   0.00000e+00   3.12351e-11
 CALL LIMIT EXCEEDED IN MIGRAD.
 MIGRAD TERMINATED WITHOUT CONVERGENCE.
 FCN=59.8783 FROM MIGRAD    STATUS=CALL LIMIT   1926 CALLS        6312 TOTAL
                     EDM=0.00313543    STRATEGY= 1  ERROR MATRIX UNCERTAINTY  23.6 per cent
  EXT PARAMETER                APPROXIMATE        STEP         FIRST   
  NO.   NAME      VALUE            ERROR          SIZE      DERIVATIVE 
   1  N0           3.18512e+06   2.17458e+03   5.68146e+00  -8.61331e-06
   2  tau          6.44064e+01   constant   
   3  A0           3.44711e-01   9.29979e-04  -6.02759e-07  -5.00789e-01
   4  phi          4.11913e+00   2.71267e-03   1.40452e-06  -4.01827e+00
   5  R           -6.06001e+01   constant   
   6  alpha_CBO    5.71380e-04   9.86065e-04   5.70628e-07   1.17856e+00
   7  w_CBO        2.32500e+00   constant   
   8  beta_CBO     2.91272e-03   9.58052e-04  -8.59024e-08   1.31483e+01
   9  alpha_2CBO   2.34548e-03   9.74346e-04  -7.85215e-07   1.80808e+01
  10  beta_2CBO   -9.41978e-04     fixed    
  11  alpha_y      0.00000e+00     fixed    
  12  w_y          1.38860e+01   constant   
  13  beta_y      -1.06482e-03     fixed    
  14  alpha_vw     0.00000e+00     fixed    
  15  w_vw         1.43404e+01   constant   
  16  beta_vw      0.00000e+00     fixed    
  17  LM           6.43054e-05   constant   
  18  zeta_y       0.00000e+00   constant   
  19  zeta_vw      0.00000e+00   constant   
  20  T_CBO        9.99349e+00   1.22704e+00  -3.84514e-04  -2.67419e+01
  21  alpha_A0    -9.17398e+10   3.62413e+11  -1.05960e+10  -6.85327e-15
  22  beta_A0      1.79980e+13   7.08771e+13   2.07226e+12   1.08226e-15
  23  alpha_phi   -2.76759e+13   1.08959e+14  -3.18568e+12   4.77192e-15
  24  beta_phi    -4.38309e+12   1.72201e+13  -5.03480e+11   3.93400e-15
 EXTERNAL ERROR MATRIX.    NDIM=  25    NPAR= 11    ERR DEF=1
  4.729e+06 
  2.240e-01  8.649e-07 
  9.398e-01 -1.214e-07  7.359e-06 
  3.646e-03 -7.932e-08 -4.108e-07  9.723e-07 
  8.201e-02  1.895e-07 -2.165e-07 -2.987e-09  9.179e-07 
  8.266e-02 -5.051e-08 -5.999e-08  4.832e-08 -9.337e-09  9.493e-07 
 -9.671e+01 -2.169e-06 -2.229e-05 -1.711e-05 -6.956e-07  1.756e-05  1.506e+00 
 -3.307e+13  3.598e+06 -9.775e+06 -4.052e+06 -1.820e+06  4.493e+05  4.433e+11  1.313e+23 
  6.468e+15 -7.036e+08  1.911e+09  7.924e+08  3.561e+08 -8.787e+07 -8.670e+13 -2.569e+25  5.024e+27 
 -9.945e+15  1.082e+09 -2.942e+09 -1.218e+09 -5.464e+08  1.349e+08  1.333e+14  3.949e+25 -7.723e+27  1.187e+28 
 -1.570e+15  1.710e+08 -4.646e+08 -1.925e+08 -8.616e+07  2.104e+07  2.106e+13  6.241e+24 -1.221e+27  1.876e+27  2.965e+26 
ERR MATRIX APPROXIMATE
 PARAMETER  CORRELATION COEFFICIENTS  
       NO.  GLOBAL      1      3      4      6      8      9     20     21     22     23     24
        1  0.35279   1.000  0.111  0.159  0.002  0.039  0.039 -0.036 -0.042  0.042 -0.042 -0.042
        3  0.31808   0.111  1.000 -0.048 -0.087  0.213 -0.056 -0.002  0.011 -0.011  0.011  0.011
        4  0.34194   0.159 -0.048  1.000 -0.154 -0.083 -0.023 -0.007 -0.010  0.010 -0.010 -0.010
        6  0.19936   0.002 -0.087 -0.154  1.000 -0.003  0.050 -0.014 -0.011  0.011 -0.011 -0.011
        8  0.30311   0.039  0.213 -0.083 -0.003  1.000 -0.010 -0.001 -0.005  0.005 -0.005 -0.005
        9  0.24958   0.039 -0.056 -0.023  0.050 -0.010  1.000  0.015  0.001 -0.001  0.001  0.001
       20  0.99718  -0.036 -0.002 -0.007 -0.014 -0.001  0.015  1.000  0.997 -0.997  0.997  0.997
       21  1.00000  -0.042  0.011 -0.010 -0.011 -0.005  0.001  0.997  1.000 -1.000  1.000  1.000
       22  1.00000   0.042 -0.011  0.010  0.011  0.005 -0.001 -0.997 -1.000  1.000 -1.000 -1.000
       23  1.00000  -0.042  0.011 -0.010 -0.011 -0.005  0.001  0.997  1.000 -1.000  1.000  1.000
       24  1.00000  -0.042  0.011 -0.010 -0.011 -0.005  0.001  0.997  1.000 -1.000  1.000  1.000
 ERR MATRIX APPROXIMATE
MINUIT - FIT ONLY 1-y
 **********
 **   51 **RES 
 **********
                   PARAMETER   16  beta_vw RESTORED TO VARIABLE.
                   PARAMETER   14  alpha_vw RESTORED TO VARIABLE.
                   PARAMETER   13  beta_y RESTORED TO VARIABLE.
                   PARAMETER   11  alpha_y RESTORED TO VARIABLE.
                   PARAMETER   10  beta_2CBO RESTORED TO VARIABLE.
 **********
 **   52 **FIX            0
 **********
 PARAMETER    0  IS UNDEFINED. IGNORED.
 **********
 **   53 **FIX            1
 **********
 **********
 **   54 **FIX            2
 **********
 PARAMETER    2  IS CONSTANT.   IGNORED.
 **********
 **   55 **FIX            3
 **********
 **********
 **   56 **FIX            4
 **********
 **********
 **   57 **FIX            5
 **********
 PARAMETER    5  IS CONSTANT.   IGNORED.
 **********
 **   58 **FIX            6
 **********
 **********
 **   59 **FIX            7
 **********
 PARAMETER    7  IS CONSTANT.   IGNORED.
 **********
 **   60 **FIX            8
 **********
 **********
 **   61 **FIX            9
 **********
 **********
 **   62 **FIX           13
 **********
 **********
 **   63 **FIX           14
 **********
 **********
 **   64 **FIX           15
 **********
 PARAMETER   15  IS CONSTANT.   IGNORED.
 **********
 **   65 **FIX           16
 **********
 **********
 **   66 **MIGRAD
 **********
 START MIGRAD MINIMIZATION.  STRATEGY  1.  CONVERGENCE WHEN EDM .LT. 1.00e-04
 FCN=59.8782 FROM MIGRAD    STATUS=INITIATE      226 CALLS        6538 TOTAL
                     EDM= unknown      STRATEGY= 1      NO ERROR MATRIX       
  EXT PARAMETER               CURRENT GUESS       STEP         FIRST   
  NO.   NAME      VALUE            ERROR          SIZE      DERIVATIVE 
   1  N0           3.18512e+06     fixed    
   2  tau          6.44064e+01   constant   
   3  A0           3.44711e-01     fixed    
   4  phi          4.11913e+00     fixed    
   5  R           -6.06001e+01   constant   
   6  alpha_CBO    5.71380e-04     fixed    
   7  w_CBO        2.32500e+00   constant   
   8  beta_CBO     2.91272e-03     fixed    
   9  alpha_2CBO   2.34548e-03     fixed    
  10  beta_2CBO   -9.41978e-04   9.37980e-04   0.00000e+00  -4.84354e+01
  11  alpha_y      0.00000e+00   1.00000e-03   0.00000e+00  -4.40711e+03
  12  w_y          1.38860e+01   constant   
  13  beta_y      -1.06482e-03     fixed    
  14  alpha_vw     0.00000e+00     fixed    
  15  w_vw         1.43404e+01   constant   
  16  beta_vw      0.00000e+00     fixed    
  17  LM           6.43054e-05   constant   
  18  zeta_y       0.00000e+00   constant   
  19  zeta_vw      0.00000e+00   constant   
  20  T_CBO        9.99349e+00   1.22704e+00   0.00000e+00  -2.89315e+01
  21  alpha_A0    -9.15650e+10   3.62413e+11   0.00000e+00  -7.27320e-15
  22  beta_A0      1.79637e+13   7.08771e+13   0.00000e+00   7.48985e-16
  23  alpha_phi   -2.76759e+13   1.08959e+14   0.00000e+00   4.79510e-15
  24  beta_phi    -4.38727e+12   1.72201e+13  -2.09102e+09   3.80311e-15
 CALL LIMIT EXCEEDED IN MIGRAD.
 MIGRAD TERMINATED WITHOUT CONVERGENCE.
 FCN=55.015 FROM MIGRAD    STATUS=CALL LIMIT   1155 CALLS        7467 TOTAL
                     EDM=0.00421048    STRATEGY= 1  ERROR MATRIX UNCERTAINTY  27.2 per cent
  EXT PARAMETER                APPROXIMATE        STEP         FIRST   
  NO.   NAME      VALUE            ERROR          SIZE      DERIVATIVE 
   1  N0           3.18512e+06     fixed    
   2  tau          6.44064e+01   constant   
   3  A0           3.44711e-01     fixed    
   4  phi          4.11913e+00     fixed    
   5  R           -6.06001e+01   constant   
   6  alpha_CBO    5.71380e-04     fixed    
   7  w_CBO        2.32500e+00   constant   
   8  beta_CBO     2.91272e-03     fixed    
   9  alpha_2CBO   2.34548e-03     fixed    
  10  beta_2CBO   -9.36757e-04   9.44822e-04   4.60740e-05   3.90285e+01
  11  alpha_y      2.03568e-03   9.58405e-04  -1.27004e-05  -1.05908e+01
  12  w_y          1.38860e+01   constant   
  13  beta_y      -1.06482e-03     fixed    
  14  alpha_vw     0.00000e+00     fixed    
  15  w_vw         1.43404e+01   constant   
  16  beta_vw      0.00000e+00     fixed    
  17  LM           6.43054e-05   constant   
  18  zeta_y       0.00000e+00   constant   
  19  zeta_vw      0.00000e+00   constant   
  20  T_CBO        8.45267e+00   4.63546e-01  -2.77114e-04  -5.47627e+01
  21  alpha_A0     9.01549e+10   3.58915e+11   1.78672e+10   3.57427e-16
  22  beta_A0      1.23708e+16   2.43864e+16   1.21449e+15  -1.67288e-18
  23  alpha_phi   -2.00816e+16   3.96250e+16  -1.97333e+15   6.85362e-18
  24  beta_phi    -3.63606e+15   7.22054e+15  -3.59541e+14   4.34501e-18
 EXTERNAL ERROR MATRIX.    NDIM=  25    NPAR=  7    ERR DEF=1
  8.927e-07  7.455e-10 -1.746e-04  1.412e+08  9.596e+12 -1.559e+13 -2.843e+12 
  7.455e-10  9.185e-07  4.419e-05 -3.763e+07 -2.558e+12  4.156e+12  7.569e+11 
 -1.746e-04  4.419e-05  2.149e-01 -1.644e+11 -1.117e+16  1.816e+16  3.308e+15 
  1.412e+08 -3.763e+07 -1.644e+11  1.288e+23  8.749e+27 -1.422e+28 -2.590e+27 
  9.596e+12 -2.558e+12 -1.117e+16  8.749e+27  5.947e+32 -9.663e+32 -1.761e+32 
 -1.559e+13  4.156e+12  1.816e+16 -1.422e+28 -9.663e+32  1.570e+33  2.861e+32 
 -2.843e+12  7.569e+11  3.308e+15 -2.590e+27 -1.761e+32  2.861e+32  5.214e+31 
ERR MATRIX APPROXIMATE
 PARAMETER  CORRELATION COEFFICIENTS  
       NO.  GLOBAL     10     11     20     21     22     23     24
       10  0.43627   1.000  0.001 -0.399  0.416  0.416 -0.416 -0.417
       11  0.14252   0.001  1.000  0.099 -0.109 -0.109  0.109  0.109
       20  0.98899  -0.399  0.099  1.000 -0.988 -0.988  0.988  0.988
       21  0.99958   0.416 -0.109 -0.988  1.000  1.000 -1.000 -1.000
       22  1.00000   0.416 -0.109 -0.988  1.000  1.000 -1.000 -1.000
       23  1.00000  -0.416  0.109  0.988 -1.000 -1.000  1.000  1.000
       24  1.00000  -0.417  0.109  0.988 -1.000 -1.000  1.000  1.000
 ERR MATRIX APPROXIMATE
MINUIT - FIT ONLY 2-y
 **********
 **   67 **RES 
 **********
                   PARAMETER   16  beta_vw RESTORED TO VARIABLE.
                   PARAMETER   14  alpha_vw RESTORED TO VARIABLE.
                   PARAMETER   13  beta_y RESTORED TO VARIABLE.
                   PARAMETER    9  alpha_2CBO RESTORED TO VARIABLE.
                   PARAMETER    8  beta_CBO RESTORED TO VARIABLE.
                   PARAMETER    6  alpha_CBO RESTORED TO VARIABLE.
                   PARAMETER    4  phi RESTORED TO VARIABLE.
                   PARAMETER    3  A0 RESTORED TO VARIABLE.
                   PARAMETER    1  N0 RESTORED TO VARIABLE.
 **********
 **   68 **FIX            0
 **********
 PARAMETER    0  IS UNDEFINED. IGNORED.
 **********
 **   69 **FIX            1
 **********
 **********
 **   70 **FIX            2
 **********
 PARAMETER    2  IS CONSTANT.   IGNORED.
 **********
 **   71 **FIX            3
 **********
 **********
 **   72 **FIX            4
 **********
 **********
 **   73 **FIX            5
 **********
 PARAMETER    5  IS CONSTANT.   IGNORED.
 **********
 **   74 **FIX            6
 **********
 **********
 **   75 **FIX            7
 **********
 PARAMETER    7  IS CONSTANT.   IGNORED.
 **********
 **   76 **FIX            8
 **********
 **********
 **   77 **FIX            9
 **********
 **********
 **   78 **FIX           10
 **********
 **********
 **   79 **FIX           11
 **********
 **********
 **   80 **FIX           12
 **********
 PARAMETER   12  IS CONSTANT.   IGNORED.
 **********
 **   81 **FIX           16
 **********
 **********
 **   82 **MIGRAD
 **********
 START MIGRAD MINIMIZATION.  STRATEGY  1.  CONVERGENCE WHEN EDM .LT. 1.00e-04
 FCN=55.0149 FROM MIGRAD    STATUS=INITIATE       99 CALLS        7566 TOTAL
                     EDM= unknown      STRATEGY= 1      NO ERROR MATRIX       
  EXT PARAMETER               CURRENT GUESS       STEP         FIRST   
  NO.   NAME      VALUE            ERROR          SIZE      DERIVATIVE 
   1  N0           3.18512e+06     fixed    
   2  tau          6.44064e+01   constant   
   3  A0           3.44711e-01     fixed    
   4  phi          4.11913e+00     fixed    
   5  R           -6.06001e+01   constant   
   6  alpha_CBO    5.71380e-04     fixed    
   7  w_CBO        2.32500e+00   constant   
   8  beta_CBO     2.91272e-03     fixed    
   9  alpha_2CBO   2.34548e-03     fixed    
  10  beta_2CBO   -9.36757e-04     fixed    
  11  alpha_y      2.03568e-03     fixed    
  12  w_y          1.38860e+01   constant   
  13  beta_y      -1.06482e-03   9.39660e-04   0.00000e+00   1.37956e+01
  14  alpha_vw     0.00000e+00   1.00000e-03   0.00000e+00   2.09461e+02
  15  w_vw         1.43404e+01   constant   
  16  beta_vw      0.00000e+00     fixed    
  17  LM           6.43054e-05   constant   
  18  zeta_y       0.00000e+00   constant   
  19  zeta_vw      0.00000e+00   constant   
  20  T_CBO        8.45267e+00   4.63546e-01   0.00000e+00  -5.39789e+01
  21  alpha_A0     9.01550e+10   3.58915e+11   0.00000e+00   9.68563e-17
  22  beta_A0      1.23767e+16   2.43864e+16   0.00000e+00  -1.56065e-18
  23  alpha_phi   -2.00816e+16   3.96250e+16   0.00000e+00   6.83912e-18
  24  beta_phi    -3.63780e+15   7.22054e+15  -1.73381e+12   4.32974e-18
 CALL LIMIT EXCEEDED IN MIGRAD.
 MIGRAD TERMINATED WITHOUT CONVERGENCE.
 FCN=54.6493 FROM MIGRAD    STATUS=CALL LIMIT   1155 CALLS        8622 TOTAL
                     EDM=0.0264996    STRATEGY= 1  ERROR MATRIX UNCERTAINTY  18.9 per cent
  EXT PARAMETER                APPROXIMATE        STEP         FIRST   
  NO.   NAME      VALUE            ERROR          SIZE      DERIVATIVE 
   1  N0           3.18512e+06     fixed    
   2  tau          6.44064e+01   constant   
   3  A0           3.44711e-01     fixed    
   4  phi          4.11913e+00     fixed    
   5  R           -6.06001e+01   constant   
   6  alpha_CBO    5.71380e-04     fixed    
   7  w_CBO        2.32500e+00   constant   
   8  beta_CBO     2.91272e-03     fixed    
   9  alpha_2CBO   2.34548e-03     fixed    
  10  beta_2CBO   -9.36757e-04     fixed    
  11  alpha_y      2.03568e-03     fixed    
  12  w_y          1.38860e+01   constant   
  13  beta_y      -1.09960e-03   9.58637e-04  -2.64746e-05  -6.37425e+01
  14  alpha_vw    -8.19363e-05   9.63046e-04   2.26613e-05   4.55650e+01
  15  w_vw         1.43404e+01   constant   
  16  beta_vw      0.00000e+00     fixed    
  17  LM           6.43054e-05   constant   
  18  zeta_y       0.00000e+00   constant   
  19  zeta_vw      0.00000e+00   constant   
  20  T_CBO        7.26210e+00   3.71778e-01  -4.21315e-04  -1.73248e+02
  21  alpha_A0    -6.42660e+09   2.06353e+11  -2.04395e+10   0.00000e+00
  22  beta_A0      1.33640e+19   2.85127e+19   2.82647e+18   5.78603e-23
  23  alpha_phi   -2.04785e+19   4.36683e+19  -4.32889e+18   2.08235e-20
  24  beta_phi    -4.86713e+18   1.03919e+19  -1.03014e+18  -1.52592e-20
 EXTERNAL ERROR MATRIX.    NDIM=  25    NPAR=  7    ERR DEF=1
  9.190e-07 -6.175e-08 -1.076e-05  1.012e+07 -1.399e+15  2.145e+15  5.097e+14 
 -6.175e-08  9.275e-07  7.549e-06 -7.882e+06  1.090e+15 -1.670e+15 -3.967e+14 
 -1.076e-05  7.549e-06  1.382e-01  7.572e+10 -1.047e+19  1.604e+19  3.816e+18 
  1.012e+07 -7.882e+06  7.572e+10  4.258e+22 -5.879e+30  9.004e+30  2.143e+30 
 -1.399e+15  1.090e+15 -1.047e+19 -5.879e+30  8.130e+38 -1.245e+39 -2.963e+38 
  2.145e+15 -1.670e+15  1.604e+19  9.004e+30 -1.245e+39  1.907e+39  4.538e+38 
  5.097e+14 -3.967e+14  3.816e+18  2.143e+30 -2.963e+38  4.538e+38  1.080e+38 
ERR MATRIX APPROXIMATE
 PARAMETER  CORRELATION COEFFICIENTS  
       NO.  GLOBAL     13     14     20     21     22     23     24
       13  0.53994   1.000 -0.067 -0.030  0.051 -0.051  0.051  0.051
       14  0.41970  -0.067  1.000  0.021 -0.040  0.040 -0.040 -0.040
       20  0.99263  -0.030  0.021  1.000  0.987 -0.988  0.988  0.988
       21  0.99920   0.051 -0.040  0.987  1.000 -0.999  0.999  0.999
       22  1.00000  -0.051  0.040 -0.988 -0.999  1.000 -1.000 -1.000
       23  1.00000   0.051 -0.040  0.988  0.999 -1.000  1.000  1.000
