 + ++++++++++++++++++++++++++++++++++++++++++++++++++++++++++++++++++++ +
 +                                                                      +
 +           You have chose to blind your fitting according to          +
 +                omega_ref * (1 + (R +/- deltaR) *10^{-6})             +
 +                                                                      +
 + ++++++++++++++++++++++++++++++++++++++++++++++++++++++++++++++++++++ +
In main()...
reading format from /gm2data/zkhechad/run45/envelope/formats/formatB_sBin_constraintOn.txt
pBinTau 	= 0  
pBinPhi 	= 0  
constraintau 	= 1 
includeMopTerm 	= 0    
constrainMop    = 0   
Parameters after format file: pBinTau 0 pBinPhi 0 constraintau 1 includeMopTerm 0 constrainMop 0 c_e_scale 0.000000 
Opening file /gm2data/tbarrett/gm2fr/studies/run23_bunch_corrections/CorrectedFourier_Run3b.root.
reading full fit data from /gm2data/zkhechad/cboTemplates/Run4CBOTemplates/fullFits/noRF/sBin_constraintOn_cE0.0_seed0_noRF_calo15.root
windowBins = 34
fitting sliding window 35 from bin 171 at 25.364000 to bin 205 at 30.586000 (34 bins)

Reading data from /gm2data/cornell/histograms/aMethod/histogram_a_noRF.root
 **********
 **    1 **SET PRINTOUT            1
 **********
 **********
 **    2 **SET NOWARNINGS 
 **********
 PARAMETER DEFINITIONS:
    NO.   NAME         VALUE      STEP SIZE      LIMITS
     1 N0           3.09348e+06  1.00000e+02     no limits
     2 tau          6.43983e+01  constant
     3 A0           3.54040e-01  1.00000e-04     no limits
     4 phi          4.11948e+00  1.00000e-02     no limits
     5 R           -6.00563e+01  constant
     6 alpha_CBO    0.00000e+00  1.00000e-03     no limits
     7 w_CBO        2.32500e+00  constant
     8 beta_CBO     0.00000e+00  1.00000e-03     no limits
     9 alpha_2CBO   0.00000e+00  1.00000e-03     no limits
    10 beta_2CBO    0.00000e+00  1.00000e-03     no limits
    11 alpha_y      0.00000e+00  1.00000e-03     no limits
    12 w_y          1.38860e+01  constant
    13 beta_y       0.00000e+00  1.00000e-03     no limits
    14 alpha_vw     0.00000e+00  1.00000e-03     no limits
    15 w_vw         1.43404e+01  constant
    16 beta_vw      0.00000e+00  1.00000e-03     no limits
    17 LM          -1.62209e-04  constant
    18 zeta_y       0.00000e+00  constant
    19 zeta_vw      0.00000e+00  constant
    20 T_CBO        1.00000e+02  1.00000e+00    0.00000e+00  1.00000e+03
    21 alpha_A0     0.00000e+00  1.00000e-03     no limits
    22 beta_A0      0.00000e+00  1.00000e-03     no limits
    23 alpha_phi    0.00000e+00  1.00000e-03     no limits
    24 beta_phi     0.00000e+00  1.00000e-03     no limits
MINUIT - FIT ONLY WIGGLE
 **********
 **    3 **FIX            5
 **********
 PARAMETER    5  IS CONSTANT.   IGNORED.
 **********
 **    4 **FIX            6
 **********
 **********
 **    5 **FIX            7
 **********
 PARAMETER    7  IS CONSTANT.   IGNORED.
 **********
 **    6 **FIX            8
 **********
 **********
 **    7 **FIX            9
 **********
 **********
 **    8 **FIX           10
 **********
 **********
 **    9 **FIX           11
 **********
 **********
 **   10 **FIX           12
 **********
 PARAMETER   12  IS CONSTANT.   IGNORED.
 **********
 **   11 **FIX           13
 **********
 **********
 **   12 **FIX           14
 **********
 **********
 **   13 **FIX           15
 **********
 PARAMETER   15  IS CONSTANT.   IGNORED.
 **********
 **   14 **FIX           16
 **********
 **********
 **   15 **MIGRAD
 **********
 FIRST CALL TO USER FUNCTION AT NEW START POINT, WITH IFLAG=4.
 START MIGRAD MINIMIZATION.  STRATEGY  1.  CONVERGENCE WHEN EDM .LT. 1.00e-04
 FCN=7942.01 FROM MIGRAD    STATUS=INITIATE      435 CALLS         436 TOTAL
                     EDM= unknown      STRATEGY= 1      NO ERROR MATRIX       
  EXT PARAMETER               CURRENT GUESS       STEP         FIRST   
  NO.   NAME      VALUE            ERROR          SIZE      DERIVATIVE 
   1  N0           3.09348e+06   1.00000e+02   0.00000e+00   1.42648e-01
   2  tau          6.43983e+01   constant   
   3  A0           3.54040e-01   1.00000e-04   0.00000e+00   6.67564e+05
   4  phi          4.11948e+00   1.00000e-02   0.00000e+00   3.96069e+04
   5  R           -6.00563e+01   constant   
   6  alpha_CBO    0.00000e+00     fixed    
   7  w_CBO        2.32500e+00   constant   
   8  beta_CBO     0.00000e+00     fixed    
   9  alpha_2CBO   0.00000e+00     fixed    
  10  beta_2CBO    0.00000e+00     fixed    
  11  alpha_y      0.00000e+00     fixed    
  12  w_y          1.38860e+01   constant   
  13  beta_y       0.00000e+00     fixed    
  14  alpha_vw     0.00000e+00     fixed    
  15  w_vw         1.43404e+01   constant   
  16  beta_vw      0.00000e+00     fixed    
  17  LM          -1.62209e-04   constant   
  18  zeta_y       0.00000e+00   constant   
  19  zeta_vw      0.00000e+00   constant   
  20  T_CBO        1.00000e+02   1.00000e+00   0.00000e+00   0.00000e+00
  21  alpha_A0     0.00000e+00   1.00000e-03   0.00000e+00  -6.86309e+04
  22  beta_A0      0.00000e+00   1.00000e-03   0.00000e+00  -4.77728e+04
  23  alpha_phi    0.00000e+00   1.00000e-03   0.00000e+00   6.20933e+03
  24  beta_phi     0.00000e+00   1.00000e-03   0.00000e+00  -1.17288e+04
 MIGRAD MINIMIZATION HAS CONVERGED.
 FCN=2737.81 FROM MIGRAD    STATUS=CONVERGED     775 CALLS         776 TOTAL
                     EDM=7.12023e-07    STRATEGY= 1  ERROR MATRIX UNCERTAINTY   0.1 per cent
  EXT PARAMETER                                   STEP         FIRST   
  NO.   NAME      VALUE            ERROR          SIZE      DERIVATIVE 
   1  N0           3.09952e+06   6.71762e+02   2.42196e-01  -1.81246e-06
   2  tau          6.43983e+01   constant   
   3  A0           3.41157e-01   1.96952e-04   4.49123e-07  -5.71996e+00
   4  phi          4.10780e+00   9.74254e-04  -1.60544e-06  -1.52930e+00
   5  R           -6.00563e+01   constant   
   6  alpha_CBO    0.00000e+00     fixed    
   7  w_CBO        2.32500e+00   constant   
   8  beta_CBO     0.00000e+00     fixed    
   9  alpha_2CBO   0.00000e+00     fixed    
  10  beta_2CBO    0.00000e+00     fixed    
  11  alpha_y      0.00000e+00     fixed    
  12  w_y          1.38860e+01   constant   
  13  beta_y       0.00000e+00     fixed    
  14  alpha_vw     0.00000e+00     fixed    
  15  w_vw         1.43404e+01   constant   
  16  beta_vw      0.00000e+00     fixed    
  17  LM          -1.62209e-04   constant   
  18  zeta_y       0.00000e+00   constant   
  19  zeta_vw      0.00000e+00   constant   
  20  T_CBO        9.99999e+02   9.72201e+02  -1.39726e-02   4.85606e-04
  21  alpha_A0     1.03706e-02   7.97403e-04  -1.24124e-06  -7.52627e-01
  22  beta_A0      2.84324e-02   1.16727e-03   1.54696e-06  -8.33149e-01
  23  alpha_phi    3.56742e-02   1.32221e-03   2.43909e-06  -1.10875e+00
  24  beta_phi    -1.11368e-02   9.89627e-04   2.18916e-06   1.76870e+00
 EXTERNAL ERROR MATRIX.    NDIM=  25    NPAR=  8    ERR DEF=1
  4.513e+05 -6.019e-02 -5.983e-01  5.854e+00 -4.179e-01  6.979e-01  7.847e-01  5.093e-01 
 -6.019e-02  3.879e-08  8.158e-08 -9.033e-06  2.589e-08 -1.290e-07 -1.712e-07 -8.722e-09 
 -5.983e-01  8.158e-08  9.492e-07  1.519e-05  6.233e-07 -1.015e-06 -1.132e-06 -7.871e-07 
  5.854e+00 -9.033e-06  1.519e-05  4.527e+00  4.960e-05  1.003e-04  1.059e-04 -5.943e-05 
 -4.179e-01  2.589e-08  6.233e-07  4.960e-05  6.359e-07 -6.792e-07 -7.228e-07 -5.929e-07 
  6.979e-01 -1.290e-07 -1.015e-06  1.003e-04 -6.792e-07  1.363e-06  1.353e-06  8.046e-07 
  7.847e-01 -1.712e-07 -1.132e-06  1.059e-04 -7.228e-07  1.353e-06  1.748e-06  8.332e-07 
  5.093e-01 -8.722e-09 -7.871e-07 -5.943e-05 -5.929e-07  8.046e-07  8.332e-07  9.794e-07 
 PARAMETER  CORRELATION COEFFICIENTS  
       NO.  GLOBAL      1      3      4     20     21     22     23     24
        1  0.94119   1.000 -0.455 -0.914  0.004 -0.780  0.890  0.883  0.766
        3  0.85454  -0.455  1.000  0.425 -0.022  0.165 -0.561 -0.657 -0.045
        4  0.95575  -0.914  0.425  1.000  0.007  0.802 -0.892 -0.879 -0.816
       20  0.16273   0.004 -0.022  0.007  1.000  0.029  0.040  0.038 -0.028
       21  0.84609  -0.780  0.165  0.802  0.029  1.000 -0.730 -0.686 -0.751
       22  0.93014   0.890 -0.561 -0.892  0.040 -0.730  1.000  0.876  0.696
       23  0.94563   0.883 -0.657 -0.879  0.038 -0.686  0.876  1.000  0.637
       24  0.89104   0.766 -0.045 -0.816 -0.028 -0.751  0.696  0.637  1.000
MINUIT - FIT ONLY 1-CBO + wiggle
 **********
 **   16 **RES 
 **********
                   PARAMETER   16  beta_vw RESTORED TO VARIABLE.
                   PARAMETER   14  alpha_vw RESTORED TO VARIABLE.
                   PARAMETER   13  beta_y RESTORED TO VARIABLE.
                   PARAMETER   11  alpha_y RESTORED TO VARIABLE.
                   PARAMETER   10  beta_2CBO RESTORED TO VARIABLE.
                   PARAMETER    9  alpha_2CBO RESTORED TO VARIABLE.
                   PARAMETER    8  beta_CBO RESTORED TO VARIABLE.
                   PARAMETER    6  alpha_CBO RESTORED TO VARIABLE.
 **********
 **   17 **FIX            8
 **********
 **********
 **   18 **FIX            9
 **********
 **********
 **   19 **FIX           11
 **********
 **********
 **   20 **FIX           12
 **********
 PARAMETER   12  IS CONSTANT.   IGNORED.
 **********
 **   21 **FIX           14
 **********
 **********
 **   22 **FIX           15
 **********
 PARAMETER   15  IS CONSTANT.   IGNORED.
 **********
 **   23 **FIX           16
 **********
 **********
 **   24 **MIGRAD
 **********
 START MIGRAD MINIMIZATION.  STRATEGY  1.  CONVERGENCE WHEN EDM .LT. 1.00e-04
 FCN=2737.81 FROM MIGRAD    STATUS=INITIATE       28 CALLS         804 TOTAL
                     EDM= unknown      STRATEGY= 1      NO ERROR MATRIX       
  EXT PARAMETER               CURRENT GUESS       STEP         FIRST   
  NO.   NAME      VALUE            ERROR          SIZE      DERIVATIVE 
   1  N0           3.09952e+06   6.71762e+02   2.42196e-01  -1.81246e-06
   2  tau          6.43983e+01   constant   
   3  A0           3.41157e-01   1.96952e-04   4.49123e-07  -5.71997e+00
   4  phi          4.10780e+00   9.74254e-04  -1.60544e-06  -1.52930e+00
   5  R           -6.00563e+01   constant   
   6  alpha_CBO    0.00000e+00   1.00000e-03   1.00000e-03  -3.05616e+05
   7  w_CBO        2.32500e+00   constant   
   8  beta_CBO     0.00000e+00     fixed    
   9  alpha_2CBO   0.00000e+00     fixed    
  10  beta_2CBO    0.00000e+00   1.00000e-03   1.00000e-03   2.42762e+05
  11  alpha_y      0.00000e+00     fixed    
  12  w_y          1.38860e+01   constant   
  13  beta_y       0.00000e+00   1.00000e-03   1.00000e-03  -1.68889e+05
  14  alpha_vw     0.00000e+00     fixed    
  15  w_vw         1.43404e+01   constant   
  16  beta_vw      0.00000e+00     fixed    
  17  LM          -1.62209e-04   constant   
  18  zeta_y       0.00000e+00   constant   
  19  zeta_vw      0.00000e+00   constant   
  20  T_CBO        9.99999e+02   9.72201e+02  -1.39726e-02  -4.86925e-04
  21  alpha_A0     1.03706e-02   7.97403e-04  -1.24124e-06  -7.52612e-01
  22  beta_A0      2.84324e-02   1.16727e-03   1.54696e-06  -8.33140e-01
  23  alpha_phi    3.56742e-02   1.32221e-03   2.43909e-06  -1.10876e+00
  24  beta_phi    -1.11368e-02   9.89627e-04   2.18916e-06   1.76870e+00
 MIGRAD MINIMIZATION HAS CONVERGED.
 FCN=1451.92 FROM MIGRAD    STATUS=CONVERGED     910 CALLS        1686 TOTAL
                     EDM=1.91022e-06    STRATEGY= 1  ERROR MATRIX UNCERTAINTY   2.9 per cent
  EXT PARAMETER                                   STEP         FIRST   
  NO.   NAME      VALUE            ERROR          SIZE      DERIVATIVE 
   1  N0           3.12761e+06   1.31923e+03   4.53398e+00  -1.14523e-06
   2  tau          6.43983e+01   constant   
   3  A0           3.49812e-01   3.70643e-04   4.97647e-07  -8.87493e+00
   4  phi          4.06259e+00   1.99082e-03  -7.82001e-06  -7.09686e+00
   5  R           -6.00563e+01   constant   
   6  alpha_CBO    9.29728e-03   3.14369e-04   8.11099e-07  -3.17966e+00
   7  w_CBO        2.32500e+00   constant   
   8  beta_CBO     0.00000e+00     fixed    
   9  alpha_2CBO   0.00000e+00     fixed    
  10  beta_2CBO    9.69879e-04   1.45173e-04   2.56852e-07   7.60194e+00
  11  alpha_y      0.00000e+00     fixed    
  12  w_y          1.38860e+01   constant   
  13  beta_y       5.62136e-04   1.05288e-04  -3.24014e-08   1.46923e+00
  14  alpha_vw     0.00000e+00     fixed    
  15  w_vw         1.43404e+01   constant   
  16  beta_vw      0.00000e+00     fixed    
  17  LM          -1.62209e-04   constant   
  18  zeta_y       0.00000e+00   constant   
  19  zeta_vw      0.00000e+00   constant   
  20  T_CBO        9.99999e+02   9.96253e+02  -1.45585e-02   4.41631e-04
  21  alpha_A0    -3.65571e-02   1.79885e-03  -6.60927e-06  -2.00665e+00
  22  beta_A0      6.32842e-02   1.91046e-03   8.62737e-06  -1.37420e+00
  23  alpha_phi    6.90150e-02   2.07560e-03   8.29875e-06  -3.68221e+00
  24  beta_phi     4.84215e-02   2.34935e-03   8.04365e-06  -1.43776e+00
 EXTERNAL ERROR MATRIX.    NDIM=  25    NPAR= 11    ERR DEF=1
  1.740e+06 
  3.038e-01  1.374e-07 
 -2.567e+00 -4.854e-07  3.963e-06 
  3.461e-01  9.999e-08 -5.384e-07  9.883e-08 
  9.132e-02  3.209e-08 -1.501e-07  2.677e-08  2.108e-08 
 -1.597e-02 -2.605e-09  2.225e-08 -2.846e-09 -9.450e-11  1.109e-08 
 -8.527e+00 -3.677e-06  2.476e-05 -9.194e-07 -1.618e-06 -1.114e-07  6.826e+00 
 -2.231e+00 -5.028e-07  3.395e-06 -5.094e-07 -1.303e-07  2.138e-08 -9.714e-05  3.236e-06 
  2.401e+00  3.408e-07 -3.611e-06  4.463e-07  1.079e-07 -2.380e-08  1.851e-04 -3.060e-06  3.650e-06 
  2.575e+00  3.161e-07 -3.857e-06  4.600e-07  1.167e-07 -2.238e-08  2.043e-04 -3.215e-06  3.780e-06  4.308e-06 
  2.865e+00  7.083e-07 -4.429e-06  6.762e-07  2.086e-07 -2.444e-08  1.302e-04 -3.992e-06  3.844e-06  4.026e-06  5.519e-06 
 PARAMETER  CORRELATION COEFFICIENTS  
       NO.  GLOBAL      1      3      4      6     10     13     20     21     22     23     24
        1  0.98391   1.000  0.621 -0.978  0.834  0.477 -0.115 -0.002 -0.940  0.953  0.940  0.924
        3  0.96379   0.621  1.000 -0.658  0.858  0.596 -0.067 -0.004 -0.754  0.481  0.411  0.813
        4  0.99009  -0.978 -0.658  1.000 -0.860 -0.519  0.106  0.005  0.948 -0.949 -0.934 -0.947
        6  0.94686   0.834  0.858 -0.860  1.000  0.587 -0.086 -0.001 -0.901  0.743  0.705  0.916
       10  0.68951   0.477  0.596 -0.519  0.587  1.000 -0.006 -0.004 -0.499  0.389  0.387  0.612
       13  0.14047  -0.115 -0.067  0.106 -0.086 -0.006  1.000 -0.000  0.113 -0.118 -0.102 -0.099
       20  0.25956  -0.002 -0.004  0.005 -0.001 -0.004 -0.000  1.000 -0.021  0.037  0.038  0.021
       21  0.97406  -0.940 -0.754  0.948 -0.901 -0.499  0.113 -0.021  1.000 -0.890 -0.861 -0.945
       22  0.97582   0.953  0.481 -0.949  0.743  0.389 -0.118  0.037 -0.890  1.000  0.953  0.857
       23  0.97930   0.940  0.411 -0.934  0.705  0.387 -0.102  0.038 -0.861  0.953  1.000  0.826
       24  0.98253   0.924  0.813 -0.947  0.916  0.612 -0.099  0.021 -0.945  0.857  0.826  1.000
MINUIT - FIT ONLY 2-CBO
 **********
 **   25 **RES 
 **********
                   PARAMETER   16  beta_vw RESTORED TO VARIABLE.
                   PARAMETER   14  alpha_vw RESTORED TO VARIABLE.
                   PARAMETER   11  alpha_y RESTORED TO VARIABLE.
                   PARAMETER    9  alpha_2CBO RESTORED TO VARIABLE.
                   PARAMETER    8  beta_CBO RESTORED TO VARIABLE.
 **********
 **   26 **FIX            0
 **********
 PARAMETER    0  IS UNDEFINED. IGNORED.
 **********
 **   27 **FIX            1
 **********
 **********
 **   28 **FIX            2
 **********
 PARAMETER    2  IS CONSTANT.   IGNORED.
 **********
 **   29 **FIX            3
 **********
 **********
 **   30 **FIX            4
 **********
 **********
 **   31 **FIX            5
 **********
 PARAMETER    5  IS CONSTANT.   IGNORED.
 **********
 **   32 **FIX            6
 **********
 **********
 **   33 **FIX            7
 **********
 PARAMETER    7  IS CONSTANT.   IGNORED.
 **********
 **   34 **FIX           10
 **********
 **********
 **   35 **FIX           11
 **********
 **********
 **   36 **FIX           12
 **********
 PARAMETER   12  IS CONSTANT.   IGNORED.
 **********
 **   37 **FIX           13
 **********
 **********
 **   38 **FIX           14
 **********
 **********
 **   39 **FIX           15
 **********
 PARAMETER   15  IS CONSTANT.   IGNORED.
 **********
 **   40 **FIX           16
 **********
 **********
 **   41 **MIGRAD
 **********
 START MIGRAD MINIMIZATION.  STRATEGY  1.  CONVERGENCE WHEN EDM .LT. 1.00e-04
 FCN=1451.92 FROM MIGRAD    STATUS=INITIATE       18 CALLS        1704 TOTAL
                     EDM= unknown      STRATEGY= 1      NO ERROR MATRIX       
  EXT PARAMETER               CURRENT GUESS       STEP         FIRST   
  NO.   NAME      VALUE            ERROR          SIZE      DERIVATIVE 
   1  N0           3.12761e+06     fixed    
   2  tau          6.43983e+01   constant   
   3  A0           3.49812e-01     fixed    
   4  phi          4.06259e+00     fixed    
   5  R           -6.00563e+01   constant   
   6  alpha_CBO    9.29728e-03     fixed    
   7  w_CBO        2.32500e+00   constant   
   8  beta_CBO     0.00000e+00   1.00000e-03   1.00000e-03  -6.94752e+04
   9  alpha_2CBO   0.00000e+00   1.00000e-03   1.00000e-03  -1.46630e+05
  10  beta_2CBO    9.69879e-04     fixed    
  11  alpha_y      0.00000e+00     fixed    
  12  w_y          1.38860e+01   constant   
  13  beta_y       5.62136e-04     fixed    
  14  alpha_vw     0.00000e+00     fixed    
  15  w_vw         1.43404e+01   constant   
  16  beta_vw      0.00000e+00     fixed    
  17  LM          -1.62209e-04   constant   
  18  zeta_y       0.00000e+00   constant   
  19  zeta_vw      0.00000e+00   constant   
  20  T_CBO        9.99999e+02   9.96253e+02  -1.45585e-02  -4.47539e-04
  21  alpha_A0    -3.65571e-02   1.79885e-03  -6.60927e-06  -2.00667e+00
  22  beta_A0      6.32842e-02   1.91046e-03   8.62737e-06  -1.37421e+00
  23  alpha_phi    6.90150e-02   2.07560e-03   8.29875e-06  -3.68221e+00
  24  beta_phi     4.84215e-02   2.34935e-03   8.04365e-06  -1.43776e+00
 MIGRAD MINIMIZATION HAS CONVERGED.
 MIGRAD WILL VERIFY CONVERGENCE AND ERROR MATRIX.
 COVARIANCE MATRIX CALCULATED SUCCESSFULLY
 FCN=1377.52 FROM MIGRAD    STATUS=CONVERGED     149 CALLS        1835 TOTAL
                     EDM=1.08345e-06    STRATEGY= 1      ERROR MATRIX ACCURATE 
  EXT PARAMETER                                   STEP         FIRST   
  NO.   NAME      VALUE            ERROR          SIZE      DERIVATIVE 
   1  N0           3.12761e+06     fixed    
   2  tau          6.43983e+01   constant   
   3  A0           3.49812e-01     fixed    
   4  phi          4.06259e+00     fixed    
   5  R           -6.00563e+01   constant   
   6  alpha_CBO    9.29728e-03     fixed    
   7  w_CBO        2.32500e+00   constant   
   8  beta_CBO     3.33853e-04   1.09408e-04   1.93324e-06  -8.25976e-01
   9  alpha_2CBO   8.56610e-04   1.10522e-04   1.87354e-06   4.01399e-01
  10  beta_2CBO    9.69879e-04     fixed    
  11  alpha_y      0.00000e+00     fixed    
  12  w_y          1.38860e+01   constant   
  13  beta_y       5.62136e-04     fixed    
  14  alpha_vw     0.00000e+00     fixed    
  15  w_vw         1.43404e+01   constant   
  16  beta_vw      0.00000e+00     fixed    
  17  LM          -1.62209e-04   constant   
  18  zeta_y       0.00000e+00   constant   
  19  zeta_vw      0.00000e+00   constant   
  20  T_CBO        1.00000e+03   9.26516e+02   4.15179e-02** at limit **
  21  alpha_A0    -3.67485e-02   4.18365e-04   7.23709e-06   1.61089e+00
  22  beta_A0      6.24530e-02   4.18078e-04   7.19410e-06  -4.85170e-01
  23  alpha_phi    6.99153e-02   4.38298e-04   7.43233e-06  -6.51300e-01
  24  beta_phi     4.82547e-02   4.35227e-04   7.67395e-06  -2.51714e+00
 EXTERNAL ERROR MATRIX.    NDIM=  25    NPAR=  7    ERR DEF=1
  1.197e-08 -1.119e-09  4.698e-08 -2.831e-09 -3.796e-09  1.361e-09  7.575e-09 
 -1.119e-09  1.222e-08 -2.927e-08 -1.279e-09 -9.540e-09  1.164e-08 -5.874e-09 
  4.698e-08 -2.927e-08  2.461e-02 -3.866e-06  6.703e-06  7.296e-06  5.201e-06 
 -2.831e-09 -1.279e-09 -3.866e-06  1.750e-07 -3.056e-08 -4.227e-08 -8.131e-09 
 -3.796e-09 -9.540e-09  6.703e-06 -3.056e-08  1.748e-07 -7.901e-10  1.313e-08 
  1.361e-09  1.164e-08  7.296e-06 -4.227e-08 -7.901e-10  1.921e-07  1.449e-08 
  7.575e-09 -5.874e-09  5.201e-06 -8.131e-09  1.313e-08  1.449e-08  1.894e-07 
 PARAMETER  CORRELATION COEFFICIENTS  
       NO.  GLOBAL      8      9     20     21     22     23     24
        8  0.22363   1.000 -0.093  0.003 -0.062 -0.083  0.028  0.159
        9  0.35450  -0.093  1.000 -0.002 -0.028 -0.206  0.240 -0.122
       20  0.16060   0.003 -0.002  1.000 -0.059  0.102  0.106  0.076
       21  0.29922  -0.062 -0.028 -0.059  1.000 -0.175 -0.231 -0.045
       22  0.31477  -0.083 -0.206  0.102 -0.175  1.000 -0.004  0.072
       23  0.35369   0.028  0.240  0.106 -0.231 -0.004  1.000  0.076
       24  0.23256   0.159 -0.122  0.076 -0.045  0.072  0.076  1.000
MINUIT - FIT wiggle + 1-CBO + 2-CBO
 **********
 **   42 **RES 
 **********
                   PARAMETER   16  beta_vw RESTORED TO VARIABLE.
                   PARAMETER   14  alpha_vw RESTORED TO VARIABLE.
                   PARAMETER   13  beta_y RESTORED TO VARIABLE.
                   PARAMETER   11  alpha_y RESTORED TO VARIABLE.
                   PARAMETER   10  beta_2CBO RESTORED TO VARIABLE.
                   PARAMETER    6  alpha_CBO RESTORED TO VARIABLE.
                   PARAMETER    4  phi RESTORED TO VARIABLE.
                   PARAMETER    3  A0 RESTORED TO VARIABLE.
                   PARAMETER    1  N0 RESTORED TO VARIABLE.
 **********
 **   43 **FIX           10
 **********
 **********
 **   44 **FIX           11
 **********
 **********
 **   45 **FIX           12
 **********
 PARAMETER   12  IS CONSTANT.   IGNORED.
 **********
 **   46 **FIX           13
 **********
 **********
 **   47 **FIX           14
 **********
 **********
 **   48 **FIX           15
 **********
 PARAMETER   15  IS CONSTANT.   IGNORED.
 **********
 **   49 **FIX           16
 **********
 **********
 **   50 **MIGRAD
 **********
 START MIGRAD MINIMIZATION.  STRATEGY  1.  CONVERGENCE WHEN EDM .LT. 1.00e-04
 FCN=1377.52 FROM MIGRAD    STATUS=INITIATE       22 CALLS        1857 TOTAL
                     EDM= unknown      STRATEGY= 1      NO ERROR MATRIX       
  EXT PARAMETER               CURRENT GUESS       STEP         FIRST   
  NO.   NAME      VALUE            ERROR          SIZE      DERIVATIVE 
   1  N0           3.12761e+06   1.31923e+03   1.31923e+03   1.63804e-04
   2  tau          6.43983e+01   constant   
   3  A0           3.49812e-01   3.70643e-04   3.70643e-04   1.71430e+04
   4  phi          4.06259e+00   1.99082e-03   1.99082e-03  -4.37828e+03
   5  R           -6.00563e+01   constant   
   6  alpha_CBO    9.29728e-03   3.14369e-04   3.14369e-04  -1.53842e+04
   7  w_CBO        2.32500e+00   constant   
   8  beta_CBO     3.33853e-04   1.09408e-04   1.93324e-06  -8.23851e-01
   9  alpha_2CBO   8.56610e-04   1.10522e-04   1.87354e-06   4.00455e-01
  10  beta_2CBO    9.69879e-04     fixed    
  11  alpha_y      0.00000e+00     fixed    
  12  w_y          1.38860e+01   constant   
  13  beta_y       5.62136e-04     fixed    
  14  alpha_vw     0.00000e+00     fixed    
  15  w_vw         1.43404e+01   constant   
  16  beta_vw      0.00000e+00     fixed    
  17  LM          -1.62209e-04   constant   
  18  zeta_y       0.00000e+00   constant   
  19  zeta_vw      0.00000e+00   constant   
  20  T_CBO        9.99999e+02   9.26516e+02   4.15179e-02  -7.10325e-04
  21  alpha_A0    -3.67485e-02   4.18365e-04   7.23709e-06   1.61403e+00
  22  beta_A0      6.24530e-02   4.18078e-04   7.19410e-06  -5.03576e-01
  23  alpha_phi    6.99153e-02   4.38298e-04   7.43233e-06  -6.69177e-01
  24  beta_phi     4.82547e-02   4.35227e-04   7.67395e-06  -2.52852e+00
 MIGRAD MINIMIZATION HAS CONVERGED.
 FCN=1321.83 FROM MIGRAD    STATUS=CONVERGED     610 CALLS        2445 TOTAL
                     EDM=3.72258e-06    STRATEGY= 1  ERROR MATRIX UNCERTAINTY   2.0 per cent
  EXT PARAMETER                                   STEP         FIRST   
  NO.   NAME      VALUE            ERROR          SIZE      DERIVATIVE 
   1  N0           3.10323e+06   3.43536e+03  -1.30379e+01  -6.45244e-06
   2  tau          6.43983e+01   constant   
   3  A0           3.51771e-01   6.63457e-04  -3.50257e-07  -4.56494e+00
   4  phi          4.10110e+00   5.41791e-03   2.25415e-05   1.34181e+00
   5  R           -6.00563e+01   constant   
   6  alpha_CBO    6.90827e-03   3.21749e-04  -2.51719e-06  -5.70754e-01
   7  w_CBO        2.32500e+00   constant   
   8  beta_CBO     3.46766e-03   5.21918e-04   1.26723e-06  -5.71269e+00
   9  alpha_2CBO   2.91652e-04   1.67533e-04  -4.15005e-07  -5.22446e+00
  10  beta_2CBO    9.69879e-04     fixed    
  11  alpha_y      0.00000e+00     fixed    
  12  w_y          1.38860e+01   constant   
  13  beta_y       5.62136e-04     fixed    
  14  alpha_vw     0.00000e+00     fixed    
  15  w_vw         1.43404e+01   constant   
  16  beta_vw      0.00000e+00     fixed    
  17  LM          -1.62209e-04   constant   
  18  zeta_y       0.00000e+00   constant   
  19  zeta_vw      0.00000e+00   constant   
  20  T_CBO        9.51194e+02   9.96197e+01   3.18173e-04   6.72407e-03
  21  alpha_A0    -1.05103e-02   3.67904e-03   1.73099e-05  -2.60678e+00
  22  beta_A0      2.00879e-02   6.08342e-03  -1.97543e-05  -7.81763e-01
  23  alpha_phi    2.28678e-02   6.86645e-03  -2.08573e-05   1.69423e+00
  24  beta_phi     1.88926e-02   4.17578e-03  -2.14760e-05   2.27747e+00
 EXTERNAL ERROR MATRIX.    NDIM=  25    NPAR= 11    ERR DEF=1
  1.180e+07 
 -1.818e+00  4.402e-07 
 -1.855e+01  2.875e-06  2.935e-05 
  8.772e-01 -6.996e-08 -1.385e-06  1.035e-07 
 -1.708e+00  3.067e-07  2.710e-06 -1.108e-07  2.724e-07 
  3.289e-01 -8.278e-08 -5.241e-07  1.287e-08 -5.761e-08  2.807e-08 
 -1.297e+05  1.931e-02  2.046e-01 -1.012e-02  1.920e-02 -3.038e-03  1.072e+04 
 -1.241e+01  1.712e-06  1.959e-05 -1.020e-06  1.750e-06 -3.098e-07  1.405e-01  1.354e-05 
  2.078e+01 -3.373e-06 -3.280e-05  1.479e-06 -3.070e-06  6.057e-07 -2.276e-01 -2.172e-05  3.701e-05 
  2.334e+01 -3.937e-06 -3.684e-05  1.607e-06 -3.482e-06  7.339e-07 -2.500e-01 -2.422e-05  4.152e-05  4.715e-05 
  1.394e+01 -1.814e-06 -2.200e-05  1.182e-06 -1.934e-06  3.177e-07 -1.567e-01 -1.515e-05  2.428e-05  2.695e-05  1.744e-05 
 PARAMETER  CORRELATION COEFFICIENTS  
       NO.  GLOBAL      1      3      4      6      8      9     20     21     22     23     24
        1  0.99774   1.000 -0.798 -0.997  0.794 -0.953  0.572 -0.365 -0.982  0.994  0.989  0.972
        3  0.98843  -0.798  1.000  0.800 -0.328  0.886 -0.745  0.281  0.701 -0.836 -0.864 -0.655
        4  0.99869  -0.997  0.800  1.000 -0.794  0.958 -0.577  0.365  0.983 -0.995 -0.990 -0.972
        6  0.94950   0.794 -0.328 -0.794  1.000 -0.660  0.239 -0.304 -0.862  0.756  0.728  0.879
        8  0.97994  -0.953  0.886  0.958 -0.660  1.000 -0.659  0.355  0.911 -0.967 -0.972 -0.887
        9  0.78798   0.572 -0.745 -0.577  0.239 -0.659  1.000 -0.175 -0.503  0.594  0.638  0.454
       20  0.40326  -0.365  0.281  0.365 -0.304  0.355 -0.175  1.000  0.369 -0.361 -0.352 -0.362
       21  0.99405  -0.982  0.701  0.983 -0.862  0.911 -0.503  0.369  1.000 -0.970 -0.959 -0.986
       22  0.99790   0.994 -0.836 -0.995  0.756 -0.967  0.594 -0.361 -0.970  1.000  0.994  0.956
       23  0.99822   0.989 -0.864 -0.990  0.728 -0.972  0.638 -0.352 -0.959  0.994  1.000  0.940
       24  0.99472   0.972 -0.655 -0.972  0.879 -0.887  0.454 -0.362 -0.986  0.956  0.940  1.000
MINUIT - FIT ONLY 1-y
 **********
 **   51 **RES 
 **********
                   PARAMETER   16  beta_vw RESTORED TO VARIABLE.
                   PARAMETER   14  alpha_vw RESTORED TO VARIABLE.
                   PARAMETER   13  beta_y RESTORED TO VARIABLE.
                   PARAMETER   11  alpha_y RESTORED TO VARIABLE.
                   PARAMETER   10  beta_2CBO RESTORED TO VARIABLE.
 **********
 **   52 **FIX            0
 **********
 PARAMETER    0  IS UNDEFINED. IGNORED.
 **********
 **   53 **FIX            1
 **********
 **********
 **   54 **FIX            2
 **********
 PARAMETER    2  IS CONSTANT.   IGNORED.
 **********
 **   55 **FIX            3
 **********
 **********
 **   56 **FIX            4
 **********
 **********
 **   57 **FIX            5
 **********
 PARAMETER    5  IS CONSTANT.   IGNORED.
 **********
 **   58 **FIX            6
 **********
 **********
 **   59 **FIX            7
 **********
 PARAMETER    7  IS CONSTANT.   IGNORED.
 **********
 **   60 **FIX            8
 **********
 **********
 **   61 **FIX            9
 **********
 **********
 **   62 **FIX           13
 **********
 **********
 **   63 **FIX           14
 **********
 **********
 **   64 **FIX           15
 **********
 PARAMETER   15  IS CONSTANT.   IGNORED.
 **********
 **   65 **FIX           16
 **********
 **********
 **   66 **MIGRAD
 **********
 START MIGRAD MINIMIZATION.  STRATEGY  1.  CONVERGENCE WHEN EDM .LT. 1.00e-04
 FCN=1321.83 FROM MIGRAD    STATUS=INITIATE       16 CALLS        2461 TOTAL
                     EDM= unknown      STRATEGY= 1      NO ERROR MATRIX       
  EXT PARAMETER               CURRENT GUESS       STEP         FIRST   
  NO.   NAME      VALUE            ERROR          SIZE      DERIVATIVE 
   1  N0           3.10323e+06     fixed    
   2  tau          6.43983e+01   constant   
   3  A0           3.51771e-01     fixed    
   4  phi          4.10110e+00     fixed    
   5  R           -6.00563e+01   constant   
   6  alpha_CBO    6.90827e-03     fixed    
   7  w_CBO        2.32500e+00   constant   
   8  beta_CBO     3.46766e-03     fixed    
   9  alpha_2CBO   2.91652e-04     fixed    
  10  beta_2CBO    9.69879e-04   1.45173e-04   1.45173e-04   7.97202e+04
  11  alpha_y      0.00000e+00   1.00000e-03   1.00000e-03   5.32218e+05
  12  w_y          1.38860e+01   constant   
  13  beta_y       5.62136e-04     fixed    
  14  alpha_vw     0.00000e+00     fixed    
  15  w_vw         1.43404e+01   constant   
  16  beta_vw      0.00000e+00     fixed    
  17  LM          -1.62209e-04   constant   
  18  zeta_y       0.00000e+00   constant   
  19  zeta_vw      0.00000e+00   constant   
  20  T_CBO        9.51194e+02   9.96197e+01   3.18173e-04  -6.74391e-03
  21  alpha_A0    -1.05103e-02   3.67904e-03   1.73099e-05  -2.60679e+00
  22  beta_A0      2.00879e-02   6.08342e-03  -1.97543e-05  -7.81766e-01
  23  alpha_phi    2.28678e-02   6.86645e-03  -2.08573e-05   1.69423e+00
  24  beta_phi     1.88926e-02   4.17578e-03  -2.14760e-05   2.27747e+00
 MIGRAD MINIMIZATION HAS CONVERGED.
 MIGRAD WILL VERIFY CONVERGENCE AND ERROR MATRIX.
 COVARIANCE MATRIX CALCULATED SUCCESSFULLY
 FCN=521.005 FROM MIGRAD    STATUS=CONVERGED     167 CALLS        2612 TOTAL
                     EDM=9.97899e-06    STRATEGY= 1      ERROR MATRIX ACCURATE 
  EXT PARAMETER                                   STEP         FIRST   
  NO.   NAME      VALUE            ERROR          SIZE      DERIVATIVE 
   1  N0           3.10323e+06     fixed    
   2  tau          6.43983e+01   constant   
   3  A0           3.51771e-01     fixed    
   4  phi          4.10110e+00     fixed    
   5  R           -6.00563e+01   constant   
   6  alpha_CBO    6.90827e-03     fixed    
   7  w_CBO        2.32500e+00   constant   
   8  beta_CBO     3.46766e-03     fixed    
   9  alpha_2CBO   2.91652e-04     fixed    
  10  beta_2CBO    4.64554e-04   1.12290e-04   1.16627e-06   9.50289e+00
  11  alpha_y     -2.93377e-03   1.04996e-04   1.17036e-06   2.47121e+00
  12  w_y          1.38860e+01   constant   
  13  beta_y       5.62136e-04     fixed    
  14  alpha_vw     0.00000e+00     fixed    
  15  w_vw         1.43404e+01   constant   
  16  beta_vw      0.00000e+00     fixed    
  17  LM          -1.62209e-04   constant   
  18  zeta_y       0.00000e+00   constant   
  19  zeta_vw      0.00000e+00   constant   
  20  T_CBO        9.99997e+02   9.98859e+02   3.39866e-02   7.80577e-04
  21  alpha_A0    -1.08620e-02   4.25891e-04   4.49251e-06  -4.68082e+00
  22  beta_A0      2.07345e-02   4.12040e-04   4.42342e-06   5.35230e+00
  23  alpha_phi    2.27629e-02   4.16260e-04   4.54511e-06  -1.44192e+00
  24  beta_phi     1.81370e-02   4.50602e-04   4.81967e-06   3.47251e+00
 EXTERNAL ERROR MATRIX.    NDIM=  25    NPAR=  7    ERR DEF=1
  1.261e-08  1.249e-11  3.732e-07  1.063e-08 -8.102e-09  2.565e-09  1.221e-08 
  1.249e-11  1.102e-08  8.803e-08 -1.906e-10 -1.360e-09 -1.470e-10  8.876e-10 
  3.732e-07  8.803e-08  3.055e+01 -5.134e-05  1.005e-04  1.089e-04  8.905e-05 
  1.063e-08 -1.906e-10 -5.134e-05  1.814e-07 -3.659e-08 -2.720e-08 -1.282e-10 
 -8.102e-09 -1.360e-09  1.005e-04 -3.659e-08  1.698e-07  1.997e-09  1.210e-08 
  2.565e-09 -1.470e-10  1.089e-04 -2.720e-08  1.997e-09  1.733e-07  2.064e-08 
  1.221e-08  8.876e-10  8.905e-05 -1.282e-10  1.210e-08  2.064e-08  2.030e-07 
 PARAMETER  CORRELATION COEFFICIENTS  
       NO.  GLOBAL     10     11     20     21     22     23     24
       10  0.36501   1.000  0.001  0.001  0.222 -0.175  0.055  0.241
       11  0.04079   0.001  1.000  0.000 -0.004 -0.031 -0.003  0.019
       20  0.07048   0.001  0.000  1.000 -0.022  0.044  0.047  0.036
       21  0.32549   0.222 -0.004 -0.022  1.000 -0.208 -0.153 -0.001
       22  0.27199  -0.175 -0.031  0.044 -0.208  1.000  0.012  0.065
       23  0.20506   0.055 -0.003  0.047 -0.153  0.012  1.000  0.110
       24  0.28417   0.241  0.019  0.036 -0.001  0.065  0.110  1.000
MINUIT - FIT ONLY 2-y
 **********
 **   67 **RES 
 **********
                   PARAMETER   16  beta_vw RESTORED TO VARIABLE.
                   PARAMETER   14  alpha_vw RESTORED TO VARIABLE.
                   PARAMETER   13  beta_y RESTORED TO VARIABLE.
                   PARAMETER    9  alpha_2CBO RESTORED TO VARIABLE.
                   PARAMETER    8  beta_CBO RESTORED TO VARIABLE.
                   PARAMETER    6  alpha_CBO RESTORED TO VARIABLE.
                   PARAMETER    4  phi RESTORED TO VARIABLE.
                   PARAMETER    3  A0 RESTORED TO VARIABLE.
                   PARAMETER    1  N0 RESTORED TO VARIABLE.
 **********
 **   68 **FIX            0
 **********
 PARAMETER    0  IS UNDEFINED. IGNORED.
 **********
 **   69 **FIX            1
 **********
 **********
 **   70 **FIX            2
 **********
 PARAMETER    2  IS CONSTANT.   IGNORED.
 **********
 **   71 **FIX            3
 **********
 **********
 **   72 **FIX            4
 **********
 **********
 **   73 **FIX            5
 **********
 PARAMETER    5  IS CONSTANT.   IGNORED.
 **********
 **   74 **FIX            6
 **********
 **********
 **   75 **FIX            7
 **********
 PARAMETER    7  IS CONSTANT.   IGNORED.
 **********
 **   76 **FIX            8
 **********
 **********
 **   77 **FIX            9
 **********
 **********
 **   78 **FIX           10
 **********
 **********
 **   79 **FIX           11
 **********
 **********
 **   80 **FIX           12
 **********
 PARAMETER   12  IS CONSTANT.   IGNORED.
 **********
 **   81 **FIX           16
 **********
 **********
 **   82 **MIGRAD
 **********
 START MIGRAD MINIMIZATION.  STRATEGY  1.  CONVERGENCE WHEN EDM .LT. 1.00e-04
 FCN=521.005 FROM MIGRAD    STATUS=INITIATE       16 CALLS        2628 TOTAL
                     EDM= unknown      STRATEGY= 1      NO ERROR MATRIX       
  EXT PARAMETER               CURRENT GUESS       STEP         FIRST   
  NO.   NAME      VALUE            ERROR          SIZE      DERIVATIVE 
   1  N0           3.10323e+06     fixed    
   2  tau          6.43983e+01   constant   
   3  A0           3.51771e-01     fixed    
   4  phi          4.10110e+00     fixed    
   5  R           -6.00563e+01   constant   
   6  alpha_CBO    6.90827e-03     fixed    
   7  w_CBO        2.32500e+00   constant   
   8  beta_CBO     3.46766e-03     fixed    
   9  alpha_2CBO   2.91652e-04     fixed    
  10  beta_2CBO    4.64554e-04     fixed    
  11  alpha_y     -2.93377e-03     fixed    
  12  w_y          1.38860e+01   constant   
  13  beta_y       5.62136e-04   1.05288e-04   1.05288e-04  -3.30285e+04
  14  alpha_vw     0.00000e+00   1.00000e-03   1.00000e-03   2.39944e+05
  15  w_vw         1.43404e+01   constant   
  16  beta_vw      0.00000e+00     fixed    
  17  LM          -1.62209e-04   constant   
  18  zeta_y       0.00000e+00   constant   
  19  zeta_vw      0.00000e+00   constant   
  20  T_CBO        9.99997e+02   9.98859e+02   3.39866e-02  -7.85924e-04
  21  alpha_A0    -1.08620e-02   4.25891e-04   4.49251e-06  -4.68106e+00
  22  beta_A0      2.07345e-02   4.12040e-04   4.42342e-06   5.35235e+00
  23  alpha_phi    2.27629e-02   4.16260e-04   4.54511e-06  -1.44193e+00
  24  beta_phi     1.81370e-02   4.50602e-04   4.81967e-06   3.47251e+00
 MIGRAD MINIMIZATION HAS CONVERGED.
 MIGRAD WILL VERIFY CONVERGENCE AND ERROR MATRIX.
 COVARIANCE MATRIX CALCULATED SUCCESSFULLY
 FCN=367.262 FROM MIGRAD    STATUS=CONVERGED     148 CALLS        2760 TOTAL
                     EDM=2.65008e-09    STRATEGY= 1      ERROR MATRIX ACCURATE 
  EXT PARAMETER                                   STEP         FIRST   
  NO.   NAME      VALUE            ERROR          SIZE      DERIVATIVE 
   1  N0           3.10323e+06     fixed    
   2  tau          6.43983e+01   constant   
   3  A0           3.51771e-01     fixed    
   4  phi          4.10110e+00     fixed    
   5  R           -6.00563e+01   constant   
   6  alpha_CBO    6.90827e-03     fixed    
   7  w_CBO        2.32500e+00   constant   
   8  beta_CBO     3.46766e-03     fixed    
   9  alpha_2CBO   2.91652e-04     fixed    
  10  beta_2CBO    4.64554e-04     fixed    
  11  alpha_y     -2.93377e-03     fixed    
  12  w_y          1.38860e+01   constant   
  13  beta_y       5.92227e-04   1.03876e-04   9.65784e-07  -1.26087e-02
  14  alpha_vw    -1.27737e-03   1.04007e-04   9.67501e-07  -2.77223e-01
  15  w_vw         1.43404e+01   constant   
  16  beta_vw      0.00000e+00     fixed    
  17  LM          -1.62209e-04   constant   
  18  zeta_y       0.00000e+00   constant   
  19  zeta_vw      0.00000e+00   constant   
  20  T_CBO        1.00000e+03   9.97285e+02   3.07968e-02** at limit **
  21  alpha_A0    -1.09339e-02   4.15487e-04   3.77312e-06   8.41460e-02
  22  beta_A0      2.08838e-02   4.05811e-04   3.71546e-06  -1.57688e-02
  23  alpha_phi    2.27045e-02   4.15530e-04   3.81760e-06   4.55865e-02
  24  beta_phi     1.82142e-02   4.37196e-04   4.04798e-06   1.27256e-01
 EXTERNAL ERROR MATRIX.    NDIM=  25    NPAR=  7    ERR DEF=1
  1.079e-08  1.235e-09 -3.835e-12  1.566e-09 -1.587e-09  5.296e-10 -8.528e-10 
  1.235e-09  1.082e-08 -2.979e-12  8.287e-10 -1.480e-09  5.449e-10 -7.724e-10 
 -3.835e-12 -2.979e-12  1.211e-07 -2.640e-09  5.149e-09  5.501e-09  4.518e-09 
  1.566e-09  8.287e-10 -2.640e-09  1.726e-07 -3.001e-08 -2.920e-08 -1.052e-08 
 -1.587e-09 -1.480e-09  5.149e-09 -3.001e-08  1.647e-07  3.359e-09  2.014e-08 
  5.296e-10  5.449e-10  5.501e-09 -2.920e-08  3.359e-09  1.727e-07  1.798e-08 
 -8.528e-10 -7.724e-10  4.518e-09 -1.052e-08  2.014e-08  1.798e-08  1.911e-07 
 PARAMETER  CORRELATION COEFFICIENTS  
       NO.  GLOBAL     13     14     20     21     22     23     24
       13  0.12438   1.000  0.114 -0.000  0.036 -0.038  0.012 -0.019
       14  0.12018   0.114  1.000 -0.000  0.019 -0.035  0.013 -0.017
       20  0.05697  -0.000 -0.000  1.000 -0.018  0.036  0.038  0.030
       21  0.24644   0.036  0.019 -0.018  1.000 -0.178 -0.169 -0.058
       22  0.21277  -0.038 -0.035  0.036 -0.178  1.000  0.020  0.114
       23  0.19661   0.012  0.013  0.038 -0.169  0.020  1.000  0.099
       24  0.15363  -0.019 -0.017  0.030 -0.058  0.114  0.099  1.000
MINUIT - FIT ALTOGETHER
 **********
 **   83 **RES 
 **********
                   PARAMETER   16  beta_vw RESTORED TO VARIABLE.
