 + ++++++++++++++++++++++++++++++++++++++++++++++++++++++++++++++++++++ +
 +                                                                      +
 +           You have chose to blind your fitting according to          +
 +                omega_ref * (1 + (R +/- deltaR) *10^{-6})             +
 +                                                                      +
 + ++++++++++++++++++++++++++++++++++++++++++++++++++++++++++++++++++++ +
In main()...
reading format from /gm2data/zkhechad/run45/envelope/formats/formatB_sBin_constraintOn.txt
pBinTau 	= 0  
pBinPhi 	= 0  
constraintau 	= 1 
includeMopTerm 	= 0    
constrainMop    = 0   
Parameters after format file: pBinTau 0 pBinPhi 0 constraintau 1 includeMopTerm 0 constrainMop 0 c_e_scale 0.000000 
Opening file /gm2data/tbarrett/gm2fr/studies/run23_bunch_corrections/CorrectedFourier_Run3b.root.
reading full fit data from /gm2data/zkhechad/cboTemplates/Run4CBOTemplates/fullFits/noRF/sBin_constraintOn_cE0.0_seed0_noRF_calo15.root
windowBins = 34
fitting sliding window 35 from bin 171 at 25.364000 to bin 205 at 30.586000 (34 bins)

Reading data from /gm2data/cornell/histograms/aMethod/histogram_a_noRF.root
 **********
 **    1 **SET PRINTOUT            1
 **********
 **********
 **    2 **SET NOWARNINGS 
 **********
 PARAMETER DEFINITIONS:
    NO.   NAME         VALUE      STEP SIZE      LIMITS
     1 N0           3.09348e+06  1.00000e+02     no limits
     2 tau          6.43983e+01  constant
     3 A0           3.54040e-01  1.00000e-04     no limits
     4 phi          4.11948e+00  1.00000e-02     no limits
     5 R           -6.00563e+01  constant
     6 alpha_CBO    0.00000e+00  1.00000e-03     no limits
     7 w_CBO        2.32500e+00  constant
     8 beta_CBO     0.00000e+00  1.00000e-03     no limits
     9 alpha_2CBO   0.00000e+00  1.00000e-03     no limits
    10 beta_2CBO    0.00000e+00  1.00000e-03     no limits
    11 alpha_y      0.00000e+00  1.00000e-03     no limits
    12 w_y          1.38860e+01  constant
    13 beta_y       0.00000e+00  1.00000e-03     no limits
    14 alpha_vw     0.00000e+00  1.00000e-03     no limits
    15 w_vw         1.43404e+01  constant
    16 beta_vw      0.00000e+00  1.00000e-03     no limits
    17 LM          -1.62209e-04  constant
    18 zeta_y       0.00000e+00  constant
    19 zeta_vw      0.00000e+00  constant
    20 T_CBO        1.00000e+02  1.00000e+00    0.00000e+00  1.00000e+03
    21 alpha_A0     0.00000e+00  1.00000e-04   -1.00000e-02  1.00000e-02
    22 beta_A0      0.00000e+00  1.00000e-04   -1.00000e-02  1.00000e-02
    23 alpha_phi    0.00000e+00  1.00000e-04   -1.00000e-02  1.00000e-02
    24 beta_phi     0.00000e+00  1.00000e-04   -1.00000e-02  1.00000e-02
MINUIT - FIT ONLY WIGGLE
 **********
 **    3 **FIX            5
 **********
 PARAMETER    5  IS CONSTANT.   IGNORED.
 **********
 **    4 **FIX            6
 **********
 **********
 **    5 **FIX            7
 **********
 PARAMETER    7  IS CONSTANT.   IGNORED.
 **********
 **    6 **FIX            8
 **********
 **********
 **    7 **FIX            9
 **********
 **********
 **    8 **FIX           10
 **********
 **********
 **    9 **FIX           11
 **********
 **********
 **   10 **FIX           12
 **********
 PARAMETER   12  IS CONSTANT.   IGNORED.
 **********
 **   11 **FIX           13
 **********
 **********
 **   12 **FIX           14
 **********
 **********
 **   13 **FIX           15
 **********
 PARAMETER   15  IS CONSTANT.   IGNORED.
 **********
 **   14 **FIX           16
 **********
 **********
 **   15 **MIGRAD
 **********
 FIRST CALL TO USER FUNCTION AT NEW START POINT, WITH IFLAG=4.
 START MIGRAD MINIMIZATION.  STRATEGY  1.  CONVERGENCE WHEN EDM .LT. 1.00e-04
 FCN=7942.01 FROM MIGRAD    STATUS=INITIATE      435 CALLS         436 TOTAL
                     EDM= unknown      STRATEGY= 1      NO ERROR MATRIX       
  EXT PARAMETER               CURRENT GUESS       STEP         FIRST   
  NO.   NAME      VALUE            ERROR          SIZE      DERIVATIVE 
   1  N0           3.09348e+06   1.00000e+02   0.00000e+00   1.42648e-01
   2  tau          6.43983e+01   constant   
   3  A0           3.54040e-01   1.00000e-04   0.00000e+00   6.67564e+05
   4  phi          4.11948e+00   1.00000e-02   0.00000e+00   3.96069e+04
   5  R           -6.00563e+01   constant   
   6  alpha_CBO    0.00000e+00     fixed    
   7  w_CBO        2.32500e+00   constant   
   8  beta_CBO     0.00000e+00     fixed    
   9  alpha_2CBO   0.00000e+00     fixed    
  10  beta_2CBO    0.00000e+00     fixed    
  11  alpha_y      0.00000e+00     fixed    
  12  w_y          1.38860e+01   constant   
  13  beta_y       0.00000e+00     fixed    
  14  alpha_vw     0.00000e+00     fixed    
  15  w_vw         1.43404e+01   constant   
  16  beta_vw      0.00000e+00     fixed    
  17  LM          -1.62209e-04   constant   
  18  zeta_y       0.00000e+00   constant   
  19  zeta_vw      0.00000e+00   constant   
  20  T_CBO        1.00000e+02   1.00000e+00   0.00000e+00   0.00000e+00
  21  alpha_A0     0.00000e+00   1.00000e-04   0.00000e+00  -6.86308e+02
  22  beta_A0      0.00000e+00   1.00000e-04   0.00000e+00  -4.77728e+02
  23  alpha_phi    0.00000e+00   1.00000e-04   0.00000e+00   6.20932e+01
  24  beta_phi     0.00000e+00   1.00000e-04   0.00000e+00  -1.17288e+02
 MIGRAD MINIMIZATION HAS CONVERGED.
 FCN=3657.93 FROM MIGRAD    STATUS=CONVERGED     679 CALLS         680 TOTAL
                     EDM=7.29547e-06    STRATEGY= 1  ERROR MATRIX UNCERTAINTY   1.2 per cent
  EXT PARAMETER                                   STEP         FIRST   
  NO.   NAME      VALUE            ERROR          SIZE      DERIVATIVE 
   1  N0           3.09107e+06   2.23805e+02   2.67249e-01  -4.47698e-06
   2  tau          6.43983e+01   constant   
   3  A0           3.46228e-01   9.89922e-05  -4.25938e-07  -1.23462e+01
   4  phi          4.11847e+00   2.73498e-04  -1.51093e-06  -8.96292e+00
   5  R           -6.00563e+01   constant   
   6  alpha_CBO    0.00000e+00     fixed    
   7  w_CBO        2.32500e+00   constant   
   8  beta_CBO     0.00000e+00     fixed    
   9  alpha_2CBO   0.00000e+00     fixed    
  10  beta_2CBO    0.00000e+00     fixed    
  11  alpha_y      0.00000e+00     fixed    
  12  w_y          1.38860e+01   constant   
  13  beta_y       0.00000e+00     fixed    
  14  alpha_vw     0.00000e+00     fixed    
  15  w_vw         1.43404e+01   constant   
  16  beta_vw      0.00000e+00     fixed    
  17  LM          -1.62209e-04   constant   
  18  zeta_y       0.00000e+00   constant   
  19  zeta_vw      0.00000e+00   constant   
  20  T_CBO        1.00000e+03   2.02707e+01  -8.02931e-06** at limit **
  21  alpha_A0     1.00000e-02   1.64811e-05   1.94316e-05** at limit **
  22  beta_A0      1.00000e-02   2.67253e-05   2.10242e-04** at limit **
  23  alpha_phi    1.00000e-02   1.96077e-05  -2.89950e-05** at limit **
  24  beta_phi    -1.00000e-02   2.52903e-05   1.15511e-04** at limit **
 EXTERNAL ERROR MATRIX.    NDIM=  25    NPAR=  8    ERR DEF=1
  5.009e+04  2.977e-04 -8.842e-03 -1.365e-02 -1.153e-07  1.064e-06 -8.399e-08  4.141e-07 
  2.977e-04  9.799e-09 -5.724e-11  6.140e-08 -2.855e-14 -2.080e-13  9.813e-14 -3.240e-13 
 -8.842e-03 -5.724e-11  7.480e-08  3.084e-07  1.513e-13 -4.138e-12  9.798e-13 -3.341e-12 
 -1.365e-02  6.140e-08  3.084e-07  1.037e-03 -2.852e-12  2.443e-10 -6.696e-11  2.188e-10 
 -1.153e-07 -2.855e-14  1.513e-13 -2.852e-12  5.667e-17  6.308e-17 -1.126e-17  4.233e-17 
  1.064e-06 -2.080e-13 -4.138e-12  2.443e-10  6.308e-17  1.347e-14  6.606e-16 -2.282e-15 
 -8.399e-08  9.813e-14  9.798e-13 -6.696e-11 -1.126e-17  6.606e-16  3.177e-15  5.882e-16 
  4.141e-07 -3.240e-13 -3.341e-12  2.188e-10  4.233e-17 -2.282e-15  5.882e-16  1.191e-14 
 PARAMETER  CORRELATION COEFFICIENTS  
       NO.  GLOBAL      1      3      4     20     21     22     23     24
        1  0.15882   1.000  0.013 -0.144 -0.002 -0.068  0.041 -0.007  0.017
        3  0.06306   0.013  1.000 -0.002  0.019 -0.038 -0.018  0.018 -0.030
        4  0.27217  -0.144 -0.002  1.000  0.035  0.074 -0.130  0.064 -0.112
       20  0.13352  -0.002  0.019  0.035  1.000 -0.012  0.065 -0.037  0.062
       21  0.16260  -0.068 -0.038  0.074 -0.012  1.000  0.072 -0.027  0.052
       22  0.30336   0.041 -0.018 -0.130  0.065  0.072  1.000  0.101 -0.180
       23  0.19785  -0.007  0.018  0.064 -0.037 -0.027  0.101  1.000  0.096
       24  0.28747   0.017 -0.030 -0.112  0.062  0.052 -0.180  0.096  1.000
MINUIT - FIT ONLY 1-CBO + wiggle
 **********
 **   16 **RES 
 **********
                   PARAMETER   16  beta_vw RESTORED TO VARIABLE.
                   PARAMETER   14  alpha_vw RESTORED TO VARIABLE.
                   PARAMETER   13  beta_y RESTORED TO VARIABLE.
                   PARAMETER   11  alpha_y RESTORED TO VARIABLE.
                   PARAMETER   10  beta_2CBO RESTORED TO VARIABLE.
                   PARAMETER    9  alpha_2CBO RESTORED TO VARIABLE.
                   PARAMETER    8  beta_CBO RESTORED TO VARIABLE.
                   PARAMETER    6  alpha_CBO RESTORED TO VARIABLE.
 **********
 **   17 **FIX            8
 **********
 **********
 **   18 **FIX            9
 **********
 **********
 **   19 **FIX           11
 **********
 **********
 **   20 **FIX           12
 **********
 PARAMETER   12  IS CONSTANT.   IGNORED.
 **********
 **   21 **FIX           14
 **********
 **********
 **   22 **FIX           15
 **********
 PARAMETER   15  IS CONSTANT.   IGNORED.
 **********
 **   23 **FIX           16
 **********
 **********
 **   24 **MIGRAD
 **********
 START MIGRAD MINIMIZATION.  STRATEGY  1.  CONVERGENCE WHEN EDM .LT. 1.00e-04
 FCN=3657.93 FROM MIGRAD    STATUS=INITIATE       38 CALLS         718 TOTAL
                     EDM= unknown      STRATEGY= 1      NO ERROR MATRIX       
  EXT PARAMETER               CURRENT GUESS       STEP         FIRST   
  NO.   NAME      VALUE            ERROR          SIZE      DERIVATIVE 
   1  N0           3.09107e+06   2.23805e+02   2.67249e-01  -4.32512e-06
   2  tau          6.43983e+01   constant   
   3  A0           3.46228e-01   9.89922e-05  -4.25938e-07  -1.39452e+01
   4  phi          4.11847e+00   2.73498e-04  -1.51093e-06  -8.96833e+00
   5  R           -6.00563e+01   constant   
   6  alpha_CBO    0.00000e+00   1.00000e-03   1.00000e-03  -5.86330e+05
   7  w_CBO        2.32500e+00   constant   
   8  beta_CBO     0.00000e+00     fixed    
   9  alpha_2CBO   0.00000e+00     fixed    
  10  beta_2CBO    0.00000e+00   1.00000e-03   1.00000e-03   1.70772e+05
  11  alpha_y      0.00000e+00     fixed    
  12  w_y          1.38860e+01   constant   
  13  beta_y       0.00000e+00   1.00000e-03   1.00000e-03  -1.57640e+05
  14  alpha_vw     0.00000e+00     fixed    
  15  w_vw         1.43404e+01   constant   
  16  beta_vw      0.00000e+00     fixed    
  17  LM          -1.62209e-04   constant   
  18  zeta_y       0.00000e+00   constant   
  19  zeta_vw      0.00000e+00   constant   
  20  T_CBO        9.99999e+02   2.02707e+01  -8.02931e-06  -4.66998e-02
  21  alpha_A0     9.99998e-03   1.64811e-05   1.94316e-05  -1.10754e+00
  22  beta_A0      9.99998e-03   2.67253e-05   2.10242e-04  -6.11276e-01
  23  alpha_phi    9.99998e-03   1.96077e-05  -2.89950e-05  -9.41087e-01
  24  beta_phi    -9.99998e-03   2.52903e-05   1.15511e-04   6.61195e-01
 MIGRAD MINIMIZATION HAS CONVERGED.
 MIGRAD WILL VERIFY CONVERGENCE AND ERROR MATRIX.
 COVARIANCE MATRIX CALCULATED SUCCESSFULLY
 FCN=2527.75 FROM HESSE     STATUS=OK            100 CALLS         991 TOTAL
                     EDM=0.00430293    STRATEGY= 1      ERROR MATRIX ACCURATE 
  EXT PARAMETER                                   STEP         FIRST   
  NO.   NAME      VALUE            ERROR          SIZE      DERIVATIVE 
   1  N0           3.09160e+06   1.71062e-01   5.57661e+00   3.06441e-07
   2  tau          6.43983e+01   constant   
   3  A0           3.47349e-01   1.07307e-04   2.47633e-06   1.12316e-01
   4  phi          4.11722e+00   2.85936e-04   6.90513e-06  -8.29865e-01
   5  R           -6.00563e+01   constant   
   6  alpha_CBO    3.44776e-03   1.09285e-04   2.49264e-06  -2.53502e+00
   7  w_CBO        2.32500e+00   constant   
   8  beta_CBO     0.00000e+00     fixed    
   9  alpha_2CBO   0.00000e+00     fixed    
  10  beta_2CBO   -5.55845e-04   1.05934e-04   2.56782e-06   7.37302e+00
  11  alpha_y      0.00000e+00     fixed    
  12  w_y          1.38860e+01   constant   
  13  beta_y       9.10719e-04   1.03342e-04   2.53096e-06   1.47714e+01
  14  alpha_vw     0.00000e+00     fixed    
  15  w_vw         1.43404e+01   constant   
  16  beta_vw      0.00000e+00     fixed    
  17  LM          -1.62209e-04   constant   
  18  zeta_y       0.00000e+00   constant   
  19  zeta_vw      0.00000e+00   constant   
  20  T_CBO        1.00000e+03   6.81903e+00   1.58504e-02** at limit **
  21  alpha_A0     9.99999e-03   1.42277e-02   4.23493e-03   9.21161e-02
  22  beta_A0      1.00000e-02   5.33981e-05   3.19338e-03** at limit **
  23  alpha_phi    1.00000e-02   2.94923e-05   2.11329e-03** at limit **
  24  beta_phi    -1.00000e-02   1.19378e-04   8.85974e-03** at limit **
 MIGRAD MINIMIZATION HAS CONVERGED.
 MIGRAD WILL VERIFY CONVERGENCE AND ERROR MATRIX.
 COVARIANCE MATRIX CALCULATED SUCCESSFULLY
 MIGRAD TERMINATED WITHOUT CONVERGENCE.
 FCN=2524.61 FROM MIGRAD    STATUS=FAILED        744 CALLS        1424 TOTAL
                     EDM=3.72929    STRATEGY= 1      ERR MATRIX APPROXIMATE
  EXT PARAMETER                APPROXIMATE        STEP         FIRST   
  NO.   NAME      VALUE            ERROR          SIZE      DERIVATIVE 
   1  N0           3.09160e+06   3.64129e+02   5.57346e+00  -7.50127e-03
   2  tau          6.43983e+01   constant   
   3  A0           3.47538e-01   3.04522e-04   2.47566e-06  -1.01150e+01
   4  phi          4.11689e+00   6.53558e-04   6.89495e-06  -2.69704e+00
   5  R           -6.00563e+01   constant   
   6  alpha_CBO    3.58617e-03   2.12935e-04   2.49121e-06   4.55920e+00
   7  w_CBO        2.32500e+00   constant   
   8  beta_CBO     0.00000e+00     fixed    
   9  alpha_2CBO   0.00000e+00     fixed    
  10  beta_2CBO   -5.50923e-04   1.33476e-04   2.56638e-06   1.47759e+01
  11  alpha_y      0.00000e+00     fixed    
  12  w_y          1.38860e+01   constant   
  13  beta_y       9.06199e-04   1.03474e-04   2.52954e-06   3.01199e+00
  14  alpha_vw     0.00000e+00     fixed    
  15  w_vw         1.43404e+01   constant   
  16  beta_vw      0.00000e+00     fixed    
  17  LM          -1.62209e-04   constant   
  18  zeta_y       0.00000e+00   constant   
  19  zeta_vw      0.00000e+00   constant   
  20  T_CBO        1.00000e+03   8.91884e+01   1.48883e-02** at limit **
  21  alpha_A0     8.95121e-03   8.81317e-04   2.26620e-03  -4.16610e-03
  22  beta_A0      1.00000e-02   8.09336e-05   3.12500e-03** at limit **
  23  alpha_phi    1.00000e-02   3.88365e-05   2.16375e-03** at limit **
  24  beta_phi    -9.48348e-03   1.28015e-03   3.40296e-03  -2.18941e-03
 EXTERNAL ERROR MATRIX.    NDIM=  25    NPAR= 11    ERR DEF=1
  1.326e+05 
  8.179e-02  9.273e-08 
 -1.764e-01 -1.688e-07  4.271e-07 
  5.281e-02  5.591e-08 -1.112e-07  4.534e-08 
  1.952e-02  2.165e-08 -4.696e-08  1.406e-08  1.782e-08 
 -1.383e-03 -7.661e-10  5.476e-10 -1.297e-10  5.442e-10  1.071e-08 
 -3.358e-03 -3.250e-10  5.903e-09 -6.181e-10 -2.160e-10  3.590e-11  7.017e-05 
 -2.304e-01 -2.318e-07  4.678e-07 -1.531e-07 -4.727e-08  3.448e-09  9.527e-09  7.871e-07 
 -1.044e-08 -3.632e-15  1.721e-14 -2.924e-15 -3.030e-16  2.960e-16  3.256e-17  1.924e-14  1.427e-16 
 -4.983e-09  3.458e-15  6.332e-15  7.355e-16 -3.128e-16 -1.379e-16  1.692e-16  7.805e-16  1.429e-21  6.319e-16 
  3.595e-01  3.673e-07 -7.604e-07  2.310e-07  1.039e-07 -2.582e-09 -1.204e-08 -9.541e-07 -2.604e-14 -2.665e-16  1.736e-06 
ERR MATRIX APPROXIMATE
 PARAMETER  CORRELATION COEFFICIENTS  
       NO.  GLOBAL      1      3      4      6     10     13     20     21     22     23     24
        1  0.78123   1.000  0.738 -0.741  0.681  0.402 -0.037 -0.001 -0.713 -0.002 -0.001  0.749
        3  0.94353   0.738  1.000 -0.848  0.862  0.533 -0.024 -0.000 -0.858 -0.001  0.000  0.915
        4  0.90286  -0.741 -0.848  1.000 -0.799 -0.538  0.008  0.001  0.807  0.002  0.000 -0.883
        6  0.87903   0.681  0.862 -0.799  1.000  0.495 -0.006 -0.000 -0.810 -0.001  0.000  0.823
       10  0.62133   0.402  0.533 -0.538  0.495  1.000  0.039 -0.000 -0.399 -0.000 -0.000  0.591
       13  0.08681  -0.037 -0.024  0.008 -0.006  0.039  1.000  0.000  0.038  0.000 -0.000 -0.019
       20  0.00320  -0.001 -0.000  0.001 -0.000 -0.000  0.000  1.000  0.001  0.000  0.000 -0.001
       21  0.88582  -0.713 -0.858  0.807 -0.810 -0.399  0.038  0.001  1.000  0.002  0.000 -0.816
       22  0.00352  -0.002 -0.001  0.002 -0.001 -0.000  0.000  0.000  0.002  1.000  0.000 -0.002
       23  0.00181  -0.001  0.000  0.000  0.000 -0.000 -0.000  0.000  0.000  0.000  1.000 -0.000
       24  0.94258   0.749  0.915 -0.883  0.823  0.591 -0.019 -0.001 -0.816 -0.002 -0.000  1.000
 ERR MATRIX APPROXIMATE
MINUIT - FIT ONLY 2-CBO
 **********
 **   25 **RES 
 **********
                   PARAMETER   16  beta_vw RESTORED TO VARIABLE.
                   PARAMETER   14  alpha_vw RESTORED TO VARIABLE.
                   PARAMETER   11  alpha_y RESTORED TO VARIABLE.
                   PARAMETER    9  alpha_2CBO RESTORED TO VARIABLE.
                   PARAMETER    8  beta_CBO RESTORED TO VARIABLE.
 **********
 **   26 **FIX            0
 **********
 PARAMETER    0  IS UNDEFINED. IGNORED.
 **********
 **   27 **FIX            1
 **********
 **********
 **   28 **FIX            2
 **********
 PARAMETER    2  IS CONSTANT.   IGNORED.
 **********
 **   29 **FIX            3
 **********
 **********
 **   30 **FIX            4
 **********
 **********
 **   31 **FIX            5
 **********
 PARAMETER    5  IS CONSTANT.   IGNORED.
 **********
 **   32 **FIX            6
 **********
 **********
 **   33 **FIX            7
 **********
 PARAMETER    7  IS CONSTANT.   IGNORED.
 **********
 **   34 **FIX           10
 **********
 **********
 **   35 **FIX           11
 **********
 **********
 **   36 **FIX           12
 **********
 PARAMETER   12  IS CONSTANT.   IGNORED.
 **********
 **   37 **FIX           13
 **********
 **********
 **   38 **FIX           14
 **********
 **********
 **   39 **FIX           15
 **********
 PARAMETER   15  IS CONSTANT.   IGNORED.
 **********
 **   40 **FIX           16
 **********
 **********
 **   41 **MIGRAD
 **********
 START MIGRAD MINIMIZATION.  STRATEGY  1.  CONVERGENCE WHEN EDM .LT. 1.00e-04
 FCN=2524.61 FROM MIGRAD    STATUS=INITIATE       24 CALLS        1448 TOTAL
                     EDM= unknown      STRATEGY= 1      NO ERROR MATRIX       
  EXT PARAMETER               CURRENT GUESS       STEP         FIRST   
  NO.   NAME      VALUE            ERROR          SIZE      DERIVATIVE 
   1  N0           3.09160e+06     fixed    
   2  tau          6.43983e+01   constant   
   3  A0           3.47538e-01     fixed    
   4  phi          4.11689e+00     fixed    
   5  R           -6.00563e+01   constant   
   6  alpha_CBO    3.58617e-03     fixed    
   7  w_CBO        2.32500e+00   constant   
   8  beta_CBO     0.00000e+00   1.00000e-03   1.00000e-03  -5.69086e+05
   9  alpha_2CBO   0.00000e+00   1.00000e-03   1.00000e-03  -2.34062e+05
  10  beta_2CBO   -5.50923e-04     fixed    
  11  alpha_y      0.00000e+00     fixed    
  12  w_y          1.38860e+01   constant   
  13  beta_y       9.06199e-04     fixed    
  14  alpha_vw     0.00000e+00     fixed    
  15  w_vw         1.43404e+01   constant   
  16  beta_vw      0.00000e+00     fixed    
  17  LM          -1.62209e-04   constant   
  18  zeta_y       0.00000e+00   constant   
  19  zeta_vw      0.00000e+00   constant   
  20  T_CBO        9.99999e+02   8.91884e+01   1.48883e-02  -1.06181e-02
  21  alpha_A0     8.95121e-03   8.81317e-04   2.26620e-03  -4.67426e-03
  22  beta_A0      9.99998e-03   8.09336e-05   3.12500e-03  -2.41006e-01
  23  alpha_phi    9.99998e-03   3.88365e-05   2.16375e-03  -5.02590e-01
  24  beta_phi    -9.48348e-03   1.28015e-03   3.40296e-03  -1.74834e-03
 MIGRAD MINIMIZATION HAS CONVERGED.
 MIGRAD WILL VERIFY CONVERGENCE AND ERROR MATRIX.
 COVARIANCE MATRIX CALCULATED SUCCESSFULLY
 FCN=1503.07 FROM MIGRAD    STATUS=CONVERGED     420 CALLS        1844 TOTAL
                     EDM=1.12378e-07    STRATEGY= 1      ERROR MATRIX ACCURATE 
  EXT PARAMETER                                   STEP         FIRST   
  NO.   NAME      VALUE            ERROR          SIZE      DERIVATIVE 
   1  N0           3.09160e+06     fixed    
   2  tau          6.43983e+01   constant   
   3  A0           3.47538e-01     fixed    
   4  phi          4.11689e+00     fixed    
   5  R           -6.00563e+01   constant   
   6  alpha_CBO    3.58617e-03     fixed    
   7  w_CBO        2.32500e+00   constant   
   8  beta_CBO     3.22041e-03   1.09030e-04   2.01859e-06  -3.21382e+00
   9  alpha_2CBO   9.68646e-04   1.07878e-04   1.95732e-06  -2.25976e+00
  10  beta_2CBO   -5.50923e-04     fixed    
  11  alpha_y      0.00000e+00     fixed    
  12  w_y          1.38860e+01   constant   
  13  beta_y       9.06199e-04     fixed    
  14  alpha_vw     0.00000e+00     fixed    
  15  w_vw         1.43404e+01   constant   
  16  beta_vw      0.00000e+00     fixed    
  17  LM          -1.62209e-04   constant   
  18  zeta_y       0.00000e+00   constant   
  19  zeta_vw      0.00000e+00   constant   
  20  T_CBO        1.00000e+03   7.56237e+01   1.05486e-02** at limit **
  21  alpha_A0     8.15657e-03   4.17663e-04   1.34411e-03  -2.83501e-04
  22  beta_A0      8.65724e-03   4.27355e-04   1.53102e-03  -2.28749e-03
  23  alpha_phi    1.00000e-02   2.32041e-05   1.29023e-03** at limit **
  24  beta_phi    -8.56942e-03   4.55005e-04   1.62051e-03   2.91713e-03
 EXTERNAL ERROR MATRIX.    NDIM=  25    NPAR=  7    ERR DEF=1
  1.189e-08 -1.166e-09 -2.428e-12 -2.654e-09 -4.311e-09 -5.354e-18  6.189e-09 
 -1.166e-09  1.164e-08 -1.325e-11  1.169e-09 -1.038e-08 -4.645e-17 -8.715e-09 
 -2.428e-12 -1.325e-11  3.044e-07  2.082e-10  2.067e-10 -5.496e-19 -2.020e-10 
 -2.654e-09  1.169e-09  2.082e-10  1.747e-07 -2.940e-08  1.026e-16 -1.153e-08 
 -4.311e-09 -1.038e-08  2.067e-10 -2.940e-08  1.831e-07  3.941e-17  3.059e-08 
 -5.354e-18 -4.645e-17 -5.496e-19  1.026e-16  3.941e-17  3.054e-18 -4.685e-17 
  6.189e-09 -8.715e-09 -2.020e-10 -1.153e-08  3.059e-08 -4.685e-17  2.076e-07 
 PARAMETER  CORRELATION COEFFICIENTS  
       NO.  GLOBAL      8      9     20     21     22     23     24
        8  0.21009   1.000 -0.099 -0.000 -0.058 -0.092 -0.000  0.125
        9  0.28633  -0.099  1.000 -0.000  0.026 -0.225 -0.000 -0.177
       20  0.00168  -0.000 -0.000  1.000  0.001  0.001 -0.000 -0.001
       21  0.18348  -0.058  0.026  0.001  1.000 -0.164  0.000 -0.061
       22  0.32639  -0.092 -0.225  0.001 -0.164  1.000  0.000  0.157
       23  0.00031  -0.000 -0.000 -0.000  0.000  0.000  1.000 -0.000
       24  0.24833   0.125 -0.177 -0.001 -0.061  0.157 -0.000  1.000
MINUIT - FIT wiggle + 1-CBO + 2-CBO
 **********
 **   42 **RES 
 **********
                   PARAMETER   16  beta_vw RESTORED TO VARIABLE.
                   PARAMETER   14  alpha_vw RESTORED TO VARIABLE.
                   PARAMETER   13  beta_y RESTORED TO VARIABLE.
                   PARAMETER   11  alpha_y RESTORED TO VARIABLE.
                   PARAMETER   10  beta_2CBO RESTORED TO VARIABLE.
                   PARAMETER    6  alpha_CBO RESTORED TO VARIABLE.
                   PARAMETER    4  phi RESTORED TO VARIABLE.
                   PARAMETER    3  A0 RESTORED TO VARIABLE.
                   PARAMETER    1  N0 RESTORED TO VARIABLE.
 **********
 **   43 **FIX           10
 **********
 **********
 **   44 **FIX           11
 **********
 **********
 **   45 **FIX           12
 **********
 PARAMETER   12  IS CONSTANT.   IGNORED.
 **********
 **   46 **FIX           13
 **********
 **********
 **   47 **FIX           14
 **********
 **********
 **   48 **FIX           15
 **********
 PARAMETER   15  IS CONSTANT.   IGNORED.
 **********
 **   49 **FIX           16
 **********
 **********
 **   50 **MIGRAD
 **********
 START MIGRAD MINIMIZATION.  STRATEGY  1.  CONVERGENCE WHEN EDM .LT. 1.00e-04
 FCN=1503.07 FROM MIGRAD    STATUS=INITIATE       34 CALLS        1878 TOTAL
                     EDM= unknown      STRATEGY= 1      NO ERROR MATRIX       
  EXT PARAMETER               CURRENT GUESS       STEP         FIRST   
  NO.   NAME      VALUE            ERROR          SIZE      DERIVATIVE 
   1  N0           3.09160e+06   3.64129e+02   3.64129e+02  -3.22447e-02
   2  tau          6.43983e+01   constant   
   3  A0           3.47538e-01   3.04522e-04   3.04522e-04  -1.28189e+05
   4  phi          4.11689e+00   6.53558e-04   6.53558e-04  -6.02215e+04
   5  R           -6.00563e+01   constant   
   6  alpha_CBO    3.58617e-03   2.12935e-04   2.12935e-04  -2.80230e+03
   7  w_CBO        2.32500e+00   constant   
   8  beta_CBO     3.22041e-03   1.09030e-04   2.01859e-06  -3.19213e+00
   9  alpha_2CBO   9.68646e-04   1.07878e-04   1.95732e-06  -2.04675e+00
  10  beta_2CBO   -5.50923e-04     fixed    
  11  alpha_y      0.00000e+00     fixed    
  12  w_y          1.38860e+01   constant   
  13  beta_y       9.06199e-04     fixed    
  14  alpha_vw     0.00000e+00     fixed    
  15  w_vw         1.43404e+01   constant   
  16  beta_vw      0.00000e+00     fixed    
  17  LM          -1.62209e-04   constant   
  18  zeta_y       0.00000e+00   constant   
  19  zeta_vw      0.00000e+00   constant   
  20  T_CBO        9.99999e+02   7.56237e+01   1.05486e-02  -1.25828e-02
  21  alpha_A0     8.15657e-03   4.17663e-04   1.34411e-03  -5.58374e-04
  22  beta_A0      8.65724e-03   4.27355e-04   1.53102e-03  -2.43436e-03
  23  alpha_phi    9.99998e-03   2.32041e-05   1.29023e-03  -8.41395e-01
  24  beta_phi    -8.56942e-03   4.55005e-04   1.62051e-03   3.12096e-03
 MIGRAD MINIMIZATION HAS CONVERGED.
 FCN=1296.23 FROM MIGRAD    STATUS=CONVERGED     529 CALLS        2373 TOTAL
                     EDM=1.79572e-06    STRATEGY= 1  ERROR MATRIX UNCERTAINTY   1.8 per cent
  EXT PARAMETER                                   STEP         FIRST   
  NO.   NAME      VALUE            ERROR          SIZE      DERIVATIVE 
   1  N0           3.09385e+06   5.04106e+02  -1.56761e+00   1.05891e-06
   2  tau          6.43983e+01   constant   
   3  A0           3.50210e-01   3.29880e-04  -1.30794e-06  -1.91702e+00
   4  phi          4.11682e+00   7.91518e-04   8.93630e-07  -1.26773e+00
   5  R           -6.00563e+01   constant   
   6  alpha_CBO    4.81982e-03   2.23295e-04  -5.59287e-07   3.71241e+00
   7  w_CBO        2.32500e+00   constant   
   8  beta_CBO     4.11250e-03   1.26420e-04  -3.79129e-07  -6.26663e-02
   9  alpha_2CBO   5.71358e-04   1.32042e-04   4.37736e-07   1.15400e+00
  10  beta_2CBO   -5.50923e-04     fixed    
  11  alpha_y      0.00000e+00     fixed    
  12  w_y          1.38860e+01   constant   
  13  beta_y       9.06199e-04     fixed    
  14  alpha_vw     0.00000e+00     fixed    
  15  w_vw         1.43404e+01   constant   
  16  beta_vw      0.00000e+00     fixed    
  17  LM          -1.62209e-04   constant   
  18  zeta_y       0.00000e+00   constant   
  19  zeta_vw      0.00000e+00   constant   
  20  T_CBO        9.99972e+02   8.88702e+00   4.31347e-05  -2.33682e-03
  21  alpha_A0     2.87326e-03   1.09379e-03   4.03217e-04   4.08609e-03
  22  beta_A0      7.15834e-03   6.76759e-04  -2.59870e-04  -3.46692e-03
  23  alpha_phi    9.99977e-03   2.91415e-06   2.91759e-05  -1.07007e-01
  24  beta_phi    -1.33069e-03   1.49796e-03  -5.10510e-04  -5.03382e-03
 EXTERNAL ERROR MATRIX.    NDIM=  25    NPAR= 11    ERR DEF=1
  2.541e+05 
  1.306e-01  1.088e-07 
 -3.375e-01 -2.120e-07  6.265e-07 
  8.404e-02  6.404e-08 -1.406e-07  4.986e-08 
  1.528e-02  1.532e-08 -1.100e-08  7.317e-09  1.598e-08 
 -3.700e-02 -2.271e-08  5.458e-08 -1.317e-08 -3.835e-09  1.744e-08 
  2.962e+00  2.263e-07 -8.973e-06  3.117e-06 -1.175e-06  1.396e-06  9.857e-01 
 -4.575e-01 -3.195e-07  7.481e-07 -2.071e-07 -3.778e-08  7.504e-08 -3.920e-06  1.202e-06 
  2.310e-01  9.535e-08 -3.745e-07  6.910e-08 -4.591e-09 -4.329e-08 -4.012e-06 -4.364e-07  4.594e-07 
  2.356e-05  3.995e-13 -7.398e-11  2.627e-11 -1.031e-11  1.254e-11  2.697e-08 -2.811e-11 -3.704e-11  2.673e-12 
  6.455e-01  4.522e-07 -1.065e-06  2.814e-07  5.522e-08 -1.141e-07 -2.713e-06 -1.461e-06  6.093e-07 -3.134e-11  2.261e-06 
 PARAMETER  CORRELATION COEFFICIENTS  
       NO.  GLOBAL      1      3      4      6      8      9     20     21     22     23     24
        1  0.89306   1.000  0.785 -0.846  0.747  0.240 -0.556  0.006 -0.828  0.676  0.029  0.852
        3  0.95122   0.785  1.000 -0.812  0.869  0.367 -0.521  0.001 -0.883  0.426  0.001  0.912
        4  0.93753  -0.846 -0.812  1.000 -0.795 -0.110  0.522 -0.011  0.862 -0.698 -0.057 -0.895
        6  0.89198   0.747  0.869 -0.795  1.000  0.259 -0.447  0.014 -0.846  0.457  0.072  0.838
        8  0.53673   0.240  0.367 -0.110  0.259  1.000 -0.230 -0.009 -0.273 -0.054 -0.050  0.290
        9  0.62363  -0.556 -0.521  0.522 -0.447 -0.230  1.000  0.011  0.518 -0.484  0.058 -0.575
       20  0.04539   0.006  0.001 -0.011  0.014 -0.009  0.011  1.000 -0.004 -0.006  0.017 -0.002
       21  0.92848  -0.828 -0.883  0.862 -0.846 -0.273  0.518 -0.004  1.000 -0.587 -0.016 -0.886
       22  0.80899   0.676  0.426 -0.698  0.457 -0.054 -0.484 -0.006 -0.587  1.000 -0.033  0.598
       23  0.23783   0.029  0.001 -0.057  0.072 -0.050  0.058  0.017 -0.016 -0.033  1.000 -0.013
       24  0.95616   0.852  0.912 -0.895  0.838  0.290 -0.575 -0.002 -0.886  0.598 -0.013  1.000
MINUIT - FIT ONLY 1-y
 **********
 **   51 **RES 
 **********
                   PARAMETER   16  beta_vw RESTORED TO VARIABLE.
                   PARAMETER   14  alpha_vw RESTORED TO VARIABLE.
                   PARAMETER   13  beta_y RESTORED TO VARIABLE.
                   PARAMETER   11  alpha_y RESTORED TO VARIABLE.
                   PARAMETER   10  beta_2CBO RESTORED TO VARIABLE.
 **********
 **   52 **FIX            0
 **********
 PARAMETER    0  IS UNDEFINED. IGNORED.
 **********
 **   53 **FIX            1
 **********
 **********
 **   54 **FIX            2
 **********
 PARAMETER    2  IS CONSTANT.   IGNORED.
 **********
 **   55 **FIX            3
 **********
 **********
 **   56 **FIX            4
 **********
 **********
 **   57 **FIX            5
 **********
 PARAMETER    5  IS CONSTANT.   IGNORED.
 **********
 **   58 **FIX            6
 **********
 **********
 **   59 **FIX            7
 **********
 PARAMETER    7  IS CONSTANT.   IGNORED.
 **********
 **   60 **FIX            8
 **********
 **********
 **   61 **FIX            9
 **********
 **********
 **   62 **FIX           13
 **********
 **********
 **   63 **FIX           14
 **********
 **********
 **   64 **FIX           15
 **********
 PARAMETER   15  IS CONSTANT.   IGNORED.
 **********
 **   65 **FIX           16
 **********
 **********
 **   66 **MIGRAD
 **********
 START MIGRAD MINIMIZATION.  STRATEGY  1.  CONVERGENCE WHEN EDM .LT. 1.00e-04
 FCN=1296.14 FROM MIGRAD    STATUS=INITIATE       61 CALLS        2434 TOTAL
                     EDM= unknown      STRATEGY= 1      NO ERROR MATRIX       
  EXT PARAMETER               CURRENT GUESS       STEP         FIRST   
  NO.   NAME      VALUE            ERROR          SIZE      DERIVATIVE 
   1  N0           3.09385e+06     fixed    
   2  tau          6.43983e+01   constant   
   3  A0           3.50210e-01     fixed    
   4  phi          4.11682e+00     fixed    
   5  R           -6.00563e+01   constant   
   6  alpha_CBO    4.81982e-03     fixed    
   7  w_CBO        2.32500e+00   constant   
   8  beta_CBO     4.11250e-03     fixed    
   9  alpha_2CBO   5.71358e-04     fixed    
  10  beta_2CBO   -5.50923e-04   1.33476e-04   0.00000e+00  -5.65554e+04
  11  alpha_y      0.00000e+00   1.00000e-03   0.00000e+00   5.45987e+05
  12  w_y          1.38860e+01   constant   
  13  beta_y       9.06199e-04     fixed    
  14  alpha_vw     0.00000e+00     fixed    
  15  w_vw         1.43404e+01   constant   
  16  beta_vw      0.00000e+00     fixed    
  17  LM          -1.62209e-04   constant   
  18  zeta_y       0.00000e+00   constant   
  19  zeta_vw      0.00000e+00   constant   
  20  T_CBO        8.47769e+02   8.88702e+00   0.00000e+00  -6.65071e-02
  21  alpha_A0     2.87326e-03   1.09379e-03   0.00000e+00  -4.38873e+00
  22  beta_A0      7.15834e-03   6.76759e-04   0.00000e+00  -3.65969e+00
  23  alpha_phi    9.92220e-03   2.91415e-06  -1.18047e-01   3.17149e-02
  24  beta_phi    -1.33069e-03   1.49796e-03   0.00000e+00   2.34031e+00
 MIGRAD MINIMIZATION HAS CONVERGED.
 MIGRAD WILL VERIFY CONVERGENCE AND ERROR MATRIX.
 COVARIANCE MATRIX CALCULATED SUCCESSFULLY
 FCN=464.52 FROM MIGRAD    STATUS=CONVERGED     294 CALLS        2667 TOTAL
                     EDM=1.44999e-06    STRATEGY= 1      ERROR MATRIX ACCURATE 
  EXT PARAMETER                                   STEP         FIRST   
  NO.   NAME      VALUE            ERROR          SIZE      DERIVATIVE 
   1  N0           3.09385e+06     fixed    
   2  tau          6.43983e+01   constant   
   3  A0           3.50210e-01     fixed    
   4  phi          4.11682e+00     fixed    
   5  R           -6.00563e+01   constant   
   6  alpha_CBO    4.81982e-03     fixed    
   7  w_CBO        2.32500e+00   constant   
   8  beta_CBO     4.11250e-03     fixed    
   9  alpha_2CBO   5.71358e-04     fixed    
  10  beta_2CBO   -1.97407e-04   1.12207e-04   1.10126e-06   1.29051e+00
  11  alpha_y     -3.00917e-03   1.04984e-04   1.10513e-06  -5.74720e-01
  12  w_y          1.38860e+01   constant   
  13  beta_y       9.06199e-04     fixed    
  14  alpha_vw     0.00000e+00     fixed    
  15  w_vw         1.43404e+01   constant   
  16  beta_vw      0.00000e+00     fixed    
  17  LM          -1.62209e-04   constant   
  18  zeta_y       0.00000e+00   constant   
  19  zeta_vw      0.00000e+00   constant   
  20  T_CBO        9.99996e+02   8.15562e+02   8.78204e-02  -1.26793e-04
  21  alpha_A0     3.26396e-03   4.28562e-04   4.53866e-04  -1.32900e-02
  22  beta_A0      7.28450e-03   4.16591e-04   6.14853e-04  -9.26501e-03
  23  alpha_phi    9.97733e-03   1.85959e-03   6.64252e-03   1.53474e-03
  24  beta_phi    -1.24950e-03   4.56899e-04   4.65276e-04   9.87249e-03
 EXTERNAL ERROR MATRIX.    NDIM=  25    NPAR=  7    ERR DEF=1
  1.259e-08  8.660e-12  1.024e-06  1.074e-08 -7.991e-09  2.852e-09  1.208e-08 
  8.660e-12  1.102e-08  6.115e-07 -2.275e-10 -1.327e-09 -1.311e-10  8.831e-10 
  1.024e-06  6.115e-07  2.915e+02  2.648e-04  5.561e-04  7.164e-04 -9.161e-05 
  1.074e-08 -2.275e-10  2.648e-04  1.838e-07 -3.578e-08 -2.083e-08 -1.555e-09 
 -7.991e-09 -1.327e-09  5.561e-04 -3.578e-08  1.738e-07  1.122e-09  1.610e-08 
  2.852e-09 -1.311e-10  7.164e-04 -2.083e-08  1.122e-09  1.744e-07  1.923e-08 
  1.208e-08  8.831e-10 -9.161e-05 -1.555e-09  1.610e-08  1.923e-08  2.089e-07 
 PARAMETER  CORRELATION COEFFICIENTS  
       NO.  GLOBAL     10     11     20     21     22     23     24
       10  0.36349   1.000  0.001  0.001  0.223 -0.171  0.061  0.236
       11  0.04018   0.001  1.000  0.000 -0.005 -0.030 -0.003  0.018
       20  0.14582   0.001  0.000  1.000  0.036  0.078  0.100 -0.012
       21  0.31285   0.223 -0.005  0.036  1.000 -0.200 -0.116 -0.008
       22  0.28248  -0.171 -0.030  0.078 -0.200  1.000  0.006  0.085
       23  0.19977   0.061 -0.003  0.100 -0.116  0.006  1.000  0.101
       24  0.28439   0.236  0.018 -0.012 -0.008  0.085  0.101  1.000
MINUIT - FIT ONLY 2-y
 **********
 **   67 **RES 
 **********
                   PARAMETER   16  beta_vw RESTORED TO VARIABLE.
                   PARAMETER   14  alpha_vw RESTORED TO VARIABLE.
                   PARAMETER   13  beta_y RESTORED TO VARIABLE.
                   PARAMETER    9  alpha_2CBO RESTORED TO VARIABLE.
                   PARAMETER    8  beta_CBO RESTORED TO VARIABLE.
                   PARAMETER    6  alpha_CBO RESTORED TO VARIABLE.
                   PARAMETER    4  phi RESTORED TO VARIABLE.
                   PARAMETER    3  A0 RESTORED TO VARIABLE.
                   PARAMETER    1  N0 RESTORED TO VARIABLE.
 **********
 **   68 **FIX            0
 **********
 PARAMETER    0  IS UNDEFINED. IGNORED.
 **********
 **   69 **FIX            1
 **********
 **********
 **   70 **FIX            2
 **********
 PARAMETER    2  IS CONSTANT.   IGNORED.
 **********
 **   71 **FIX            3
 **********
 **********
 **   72 **FIX            4
 **********
 **********
 **   73 **FIX            5
 **********
 PARAMETER    5  IS CONSTANT.   IGNORED.
 **********
 **   74 **FIX            6
 **********
 **********
 **   75 **FIX            7
 **********
 PARAMETER    7  IS CONSTANT.   IGNORED.
 **********
 **   76 **FIX            8
 **********
 **********
 **   77 **FIX            9
 **********
 **********
 **   78 **FIX           10
 **********
 **********
 **   79 **FIX           11
 **********
 **********
 **   80 **FIX           12
 **********
 PARAMETER   12  IS CONSTANT.   IGNORED.
 **********
 **   81 **FIX           16
 **********
 **********
 **   82 **MIGRAD
 **********
 START MIGRAD MINIMIZATION.  STRATEGY  1.  CONVERGENCE WHEN EDM .LT. 1.00e-04
 FCN=464.52 FROM MIGRAD    STATUS=INITIATE       16 CALLS        2683 TOTAL
                     EDM= unknown      STRATEGY= 1      NO ERROR MATRIX       
  EXT PARAMETER               CURRENT GUESS       STEP         FIRST   
  NO.   NAME      VALUE            ERROR          SIZE      DERIVATIVE 
   1  N0           3.09385e+06     fixed    
   2  tau          6.43983e+01   constant   
   3  A0           3.50210e-01     fixed    
   4  phi          4.11682e+00     fixed    
   5  R           -6.00563e+01   constant   
   6  alpha_CBO    4.81982e-03     fixed    
   7  w_CBO        2.32500e+00   constant   
   8  beta_CBO     4.11250e-03     fixed    
   9  alpha_2CBO   5.71358e-04     fixed    
  10  beta_2CBO   -1.97407e-04     fixed    
  11  alpha_y     -3.00917e-03     fixed    
  12  w_y          1.38860e+01   constant   
  13  beta_y       9.06199e-04   1.03474e-04   1.03474e-04   1.66253e+04
  14  alpha_vw     0.00000e+00   1.00000e-03   1.00000e-03   2.09213e+05
  15  w_vw         1.43404e+01   constant   
  16  beta_vw      0.00000e+00     fixed    
  17  LM          -1.62209e-04   constant   
  18  zeta_y       0.00000e+00   constant   
  19  zeta_vw      0.00000e+00   constant   
  20  T_CBO        9.99996e+02   8.15562e+02   8.78204e-02  -1.27986e-04
  21  alpha_A0     3.26396e-03   4.28562e-04   4.53866e-04  -1.33276e-02
  22  beta_A0      7.28450e-03   4.16591e-04   6.14853e-04  -9.37850e-03
  23  alpha_phi    9.97733e-03   1.85959e-03   6.64252e-03   1.25390e-03
  24  beta_phi    -1.24950e-03   4.56899e-04   4.65276e-04   9.88599e-03
 MIGRAD MINIMIZATION HAS CONVERGED.
 MIGRAD WILL VERIFY CONVERGENCE AND ERROR MATRIX.
 COVARIANCE MATRIX CALCULATED SUCCESSFULLY
 FCN=343.248 FROM MIGRAD    STATUS=CONVERGED     153 CALLS        2820 TOTAL
                     EDM=9.12003e-06    STRATEGY= 1      ERROR MATRIX ACCURATE 
  EXT PARAMETER                                   STEP         FIRST   
  NO.   NAME      VALUE            ERROR          SIZE      DERIVATIVE 
   1  N0           3.09385e+06     fixed    
   2  tau          6.43983e+01   constant   
   3  A0           3.50210e-01     fixed    
   4  phi          4.11682e+00     fixed    
   5  R           -6.00563e+01   constant   
   6  alpha_CBO    4.81982e-03     fixed    
   7  w_CBO        2.32500e+00   constant   
   8  beta_CBO     4.11250e-03     fixed    
   9  alpha_2CBO   5.71358e-04     fixed    
  10  beta_2CBO   -1.97407e-04     fixed    
  11  alpha_y     -3.00917e-03     fixed    
  12  w_y          1.38860e+01   constant   
  13  beta_y       6.87184e-04   1.03878e-04   9.33750e-07   7.28593e+00
