 + ++++++++++++++++++++++++++++++++++++++++++++++++++++++++++++++++++++ +
 +                                                                      +
 +           You have chose to blind your fitting according to          +
 +                omega_ref * (1 + (R +/- deltaR) *10^{-6})             +
 +                                                                      +
 + ++++++++++++++++++++++++++++++++++++++++++++++++++++++++++++++++++++ +
In main()...
reading format from /gm2data/zkhechad/run45/envelope/formats/formatB_sBin_constraintOn.txt
pBinTau 	= 0  
pBinPhi 	= 0  
constraintau 	= 1 
includeMopTerm 	= 0    
constrainMop    = 0   
Parameters after format file: pBinTau 0 pBinPhi 0 constraintau 1 includeMopTerm 0 constrainMop 0 c_e_scale 0.000000 
Opening file /gm2data/tbarrett/gm2fr/studies/run23_bunch_corrections/CorrectedFourier_Run3b.root.
reading full fit data from /gm2data/zkhechad/cboTemplates/Run4CBOTemplates/fullFits/noRF/sBin_constraintOn_cE0.0_seed0_noRF_calo2.root
windowBins = 69
fitting sliding window 1260 from bin 1396 at 208.134000 to bin 1465 at 218.578000 (69 bins)

Reading data from /gm2data/cornell/histograms/aMethod/histogram_a_noRF.root
 **********
 **    1 **SET PRINTOUT            1
 **********
 **********
 **    2 **SET NOWARNINGS 
 **********
 PARAMETER DEFINITIONS:
    NO.   NAME         VALUE      STEP SIZE      LIMITS
     1 N0           3.21058e+06  1.00000e+02     no limits
     2 tau          6.44090e+01  constant
     3 A0           3.64384e-01  1.00000e-04     no limits
     4 phi          4.11815e+00  1.00000e-02     no limits
     5 R           -6.00655e+01  constant
     6 alpha_CBO    0.00000e+00  1.00000e-03     no limits
     7 w_CBO        2.32500e+00  constant
     8 beta_CBO     0.00000e+00  1.00000e-03     no limits
     9 alpha_2CBO   0.00000e+00  1.00000e-03     no limits
    10 beta_2CBO    0.00000e+00  1.00000e-03     no limits
    11 alpha_y      0.00000e+00  1.00000e-03     no limits
    12 w_y          1.38860e+01  constant
    13 beta_y       0.00000e+00  1.00000e-03     no limits
    14 alpha_vw     0.00000e+00  1.00000e-03     no limits
    15 w_vw         1.43404e+01  constant
    16 beta_vw      0.00000e+00  1.00000e-03     no limits
    17 LM           2.36781e-04  constant
    18 zeta_y       0.00000e+00  constant
    19 zeta_vw      0.00000e+00  constant
    20 T_CBO        1.00000e+02  1.00000e+00    0.00000e+00  1.00000e+03
    21 alpha_A0     0.00000e+00  1.00000e-04   -1.00000e-02  1.00000e-02
    22 beta_A0      0.00000e+00  1.00000e-04   -1.00000e-02  1.00000e-02
    23 alpha_phi    0.00000e+00  1.00000e-04   -1.00000e-02  1.00000e-02
    24 beta_phi     0.00000e+00  1.00000e-04   -1.00000e-02  1.00000e-02
MINUIT - FIT ONLY WIGGLE
 **********
 **    3 **FIX            5
 **********
 PARAMETER    5  IS CONSTANT.   IGNORED.
 **********
 **    4 **FIX            6
 **********
 **********
 **    5 **FIX            7
 **********
 PARAMETER    7  IS CONSTANT.   IGNORED.
 **********
 **    6 **FIX            8
 **********
 **********
 **    7 **FIX            9
 **********
 **********
 **    8 **FIX           10
 **********
 **********
 **    9 **FIX           11
 **********
 **********
 **   10 **FIX           12
 **********
 PARAMETER   12  IS CONSTANT.   IGNORED.
 **********
 **   11 **FIX           13
 **********
 **********
 **   12 **FIX           14
 **********
 **********
 **   13 **FIX           15
 **********
 PARAMETER   15  IS CONSTANT.   IGNORED.
 **********
 **   14 **FIX           16
 **********
 **********
 **   15 **MIGRAD
 **********
 FIRST CALL TO USER FUNCTION AT NEW START POINT, WITH IFLAG=4.
 START MIGRAD MINIMIZATION.  STRATEGY  1.  CONVERGENCE WHEN EDM .LT. 1.00e-04
 FCN=146.666 FROM MIGRAD    STATUS=INITIATE      437 CALLS         438 TOTAL
                     EDM= unknown      STRATEGY= 1      NO ERROR MATRIX       
  EXT PARAMETER               CURRENT GUESS       STEP         FIRST   
  NO.   NAME      VALUE            ERROR          SIZE      DERIVATIVE 
   1  N0           3.21058e+06   1.00000e+02   0.00000e+00  -4.85939e-03
   2  tau          6.44090e+01   constant   
   3  A0           3.64384e-01   1.00000e-04   0.00000e+00   5.30169e+03
   4  phi          4.11815e+00   1.00000e-02   0.00000e+00  -3.84289e+03
   5  R           -6.00655e+01   constant   
   6  alpha_CBO    0.00000e+00     fixed    
   7  w_CBO        2.32500e+00   constant   
   8  beta_CBO     0.00000e+00     fixed    
   9  alpha_2CBO   0.00000e+00     fixed    
  10  beta_2CBO    0.00000e+00     fixed    
  11  alpha_y      0.00000e+00     fixed    
  12  w_y          1.38860e+01   constant   
  13  beta_y       0.00000e+00     fixed    
  14  alpha_vw     0.00000e+00     fixed    
  15  w_vw         1.43404e+01   constant   
  16  beta_vw      0.00000e+00     fixed    
  17  LM           2.36781e-04   constant   
  18  zeta_y       0.00000e+00   constant   
  19  zeta_vw      0.00000e+00   constant   
  20  T_CBO        1.00000e+02   1.00000e+00   0.00000e+00   0.00000e+00
  21  alpha_A0     0.00000e+00   1.00000e-04   0.00000e+00   3.69033e+00
  22  beta_A0      0.00000e+00   1.00000e-04   0.00000e+00   1.45308e+00
  23  alpha_phi    0.00000e+00   1.00000e-04   0.00000e+00  -1.24548e+00
  24  beta_phi     0.00000e+00   1.00000e-04   0.00000e+00   2.25246e+00
 MIGRAD MINIMIZATION HAS CONVERGED.
 MIGRAD WILL VERIFY CONVERGENCE AND ERROR MATRIX.
 COVARIANCE MATRIX CALCULATED SUCCESSFULLY
 FCN=136.85 FROM MIGRAD    STATUS=CONVERGED     682 CALLS         683 TOTAL
                     EDM=2.13019e-05    STRATEGY= 1      ERROR MATRIX ACCURATE 
  EXT PARAMETER                                   STEP         FIRST   
  NO.   NAME      VALUE            ERROR          SIZE      DERIVATIVE 
   1  N0           3.21165e+06   7.48081e+02   3.94480e+00   2.65649e-06
   2  tau          6.44090e+01   constant   
   3  A0           3.64170e-01   3.02023e-04   1.67485e-06   1.72470e+00
   4  phi          4.11913e+00   8.24559e-04   4.62067e-06   9.73683e-01
   5  R           -6.00655e+01   constant   
   6  alpha_CBO    0.00000e+00     fixed    
   7  w_CBO        2.32500e+00   constant   
   8  beta_CBO     0.00000e+00     fixed    
   9  alpha_2CBO   0.00000e+00     fixed    
  10  beta_2CBO    0.00000e+00     fixed    
  11  alpha_y      0.00000e+00     fixed    
  12  w_y          1.38860e+01   constant   
  13  beta_y       0.00000e+00     fixed    
  14  alpha_vw     0.00000e+00     fixed    
  15  w_vw         1.43404e+01   constant   
  16  beta_vw      0.00000e+00     fixed    
  17  LM           2.36781e-04   constant   
  18  zeta_y       0.00000e+00   constant   
  19  zeta_vw      0.00000e+00   constant   
  20  T_CBO        1.16700e+02   4.96806e+01   5.27906e-04   2.50682e-03
  21  alpha_A0    -9.99931e-03   1.78787e-02   2.30938e-02   1.40884e-03
  22  beta_A0     -5.61244e-03   1.21725e-02   4.92062e-03   2.53719e-04
  23  alpha_phi    2.17384e-03   6.78155e-03   4.26751e-03  -9.93674e-04
  24  beta_phi    -9.80783e-03   1.17480e-02   1.80724e-02   2.40354e-04
 EXTERNAL ERROR MATRIX.    NDIM=  25    NPAR=  8    ERR DEF=1
  5.596e+05 -9.111e-03 -1.118e-01 -8.849e+03 -2.302e-03 -1.211e+00 -2.479e-01 -2.749e+00 
 -9.111e-03  9.122e-08 -1.676e-09  1.850e-03  3.870e-10  3.715e-07  4.081e-07  5.069e-07 
 -1.118e-01 -1.676e-09  6.799e-07  2.127e-03  6.248e-10  2.578e-07 -4.748e-07  9.611e-07 
 -8.849e+03  1.850e-03  2.127e-03  2.488e+03  3.259e-03  2.581e-01 -3.798e-02  4.149e-01 
 -2.302e-03  3.870e-10  6.248e-10  3.259e-03  2.342e-07  2.977e-07 -1.033e-07  5.299e-07 
 -1.211e+00  3.715e-07  2.578e-07  2.581e-01  2.977e-07  7.803e-05 -7.694e-07  4.724e-05 
 -2.479e-01  4.081e-07 -4.748e-07 -3.798e-02 -1.033e-07 -7.694e-07  5.621e-05 -3.253e-06 
 -2.749e+00  5.069e-07  9.611e-07  4.149e-01  5.299e-07  4.724e-05 -3.253e-06  1.190e-04 
 PARAMETER  CORRELATION COEFFICIENTS  
       NO.  GLOBAL      1      3      4     20     21     22     23     24
        1  0.37659   1.000 -0.040 -0.181 -0.237 -0.006 -0.183 -0.044 -0.337
        3  0.25364  -0.040  1.000 -0.007  0.123  0.003  0.139  0.180  0.154
        4  0.21102  -0.181 -0.007  1.000  0.052  0.002  0.035 -0.077  0.107
       20  0.80601  -0.237  0.123  0.052  1.000  0.135  0.586 -0.102  0.762
       21  0.13901  -0.006  0.003  0.002  0.135  1.000  0.070 -0.028  0.100
       22  0.59460  -0.183  0.139  0.035  0.586  0.070  1.000 -0.012  0.490
       23  0.24852  -0.044  0.180 -0.077 -0.102 -0.028 -0.012  1.000 -0.040
       24  0.78364  -0.337  0.154  0.107  0.762  0.100  0.490 -0.040  1.000
MINUIT - FIT ONLY 1-CBO + wiggle
 **********
 **   16 **RES 
 **********
                   PARAMETER   16  beta_vw RESTORED TO VARIABLE.
                   PARAMETER   14  alpha_vw RESTORED TO VARIABLE.
                   PARAMETER   13  beta_y RESTORED TO VARIABLE.
                   PARAMETER   11  alpha_y RESTORED TO VARIABLE.
                   PARAMETER   10  beta_2CBO RESTORED TO VARIABLE.
                   PARAMETER    9  alpha_2CBO RESTORED TO VARIABLE.
                   PARAMETER    8  beta_CBO RESTORED TO VARIABLE.
                   PARAMETER    6  alpha_CBO RESTORED TO VARIABLE.
 **********
 **   17 **FIX            8
 **********
 **********
 **   18 **FIX            9
 **********
 **********
 **   19 **FIX           11
 **********
 **********
 **   20 **FIX           12
 **********
 PARAMETER   12  IS CONSTANT.   IGNORED.
 **********
 **   21 **FIX           14
 **********
 **********
 **   22 **FIX           15
 **********
 PARAMETER   15  IS CONSTANT.   IGNORED.
 **********
 **   23 **FIX           16
 **********
 **********
 **   24 **MIGRAD
 **********
 START MIGRAD MINIMIZATION.  STRATEGY  1.  CONVERGENCE WHEN EDM .LT. 1.00e-04
 FCN=136.85 FROM MIGRAD    STATUS=INITIATE       28 CALLS         711 TOTAL
                     EDM= unknown      STRATEGY= 1      NO ERROR MATRIX       
  EXT PARAMETER               CURRENT GUESS       STEP         FIRST   
  NO.   NAME      VALUE            ERROR          SIZE      DERIVATIVE 
   1  N0           3.21165e+06   7.48081e+02   3.94480e+00   2.65650e-06
   2  tau          6.44090e+01   constant   
   3  A0           3.64170e-01   3.02023e-04   1.67485e-06   1.72470e+00
   4  phi          4.11913e+00   8.24559e-04   4.62067e-06   9.73682e-01
   5  R           -6.00655e+01   constant   
   6  alpha_CBO    0.00000e+00   1.00000e-03   1.00000e-03   4.60517e+04
   7  w_CBO        2.32500e+00   constant   
   8  beta_CBO     0.00000e+00     fixed    
   9  alpha_2CBO   0.00000e+00     fixed    
  10  beta_2CBO    0.00000e+00   1.00000e-03   1.00000e-03   4.12364e+03
  11  alpha_y      0.00000e+00     fixed    
  12  w_y          1.38860e+01   constant   
  13  beta_y       0.00000e+00   1.00000e-03   1.00000e-03  -1.75189e+02
  14  alpha_vw     0.00000e+00     fixed    
  15  w_vw         1.43404e+01   constant   
  16  beta_vw      0.00000e+00     fixed    
  17  LM           2.36781e-04   constant   
  18  zeta_y       0.00000e+00   constant   
  19  zeta_vw      0.00000e+00   constant   
  20  T_CBO        1.16700e+02   4.96806e+01   5.27906e-04   2.52799e-03
  21  alpha_A0    -9.99931e-03   1.78787e-02   2.30938e-02   1.42108e-03
  22  beta_A0     -5.61244e-03   1.21725e-02   4.92062e-03   2.56907e-04
  23  alpha_phi    2.17384e-03   6.78155e-03   4.26751e-03  -1.00070e-03
  24  beta_phi    -9.80783e-03   1.17480e-02   1.80724e-02   2.61706e-04
 MIGRAD MINIMIZATION HAS CONVERGED.
 FCN=83.4856 FROM MIGRAD    STATUS=CONVERGED     388 CALLS        1071 TOTAL
                     EDM=3.99999e-06    STRATEGY= 1  ERROR MATRIX UNCERTAINTY   2.0 per cent
  EXT PARAMETER                                   STEP         FIRST   
  NO.   NAME      VALUE            ERROR          SIZE      DERIVATIVE 
   1  N0           3.21167e+06   7.31362e+02  -1.85421e+00   2.43434e-06
   2  tau          6.44090e+01   constant   
   3  A0           3.64318e-01   3.00305e-04   9.54336e-08  -4.43591e+00
   4  phi          4.11798e+00   8.22429e-04   5.96951e-07   5.93179e-01
   5  R           -6.00655e+01   constant   
   6  alpha_CBO   -2.31935e-03   3.19208e-04   2.45857e-07  -1.64119e+00
   7  w_CBO        2.32500e+00   constant   
   8  beta_CBO     0.00000e+00     fixed    
   9  alpha_2CBO   0.00000e+00     fixed    
  10  beta_2CBO    7.21155e-06   3.15138e-04   3.66808e-08   3.98452e+00
  11  alpha_y      0.00000e+00     fixed    
  12  w_y          1.38860e+01   constant   
  13  beta_y       5.84337e-05   3.06949e-04  -3.54966e-07   7.03667e-01
  14  alpha_vw     0.00000e+00     fixed    
  15  w_vw         1.43404e+01   constant   
  16  beta_vw      0.00000e+00     fixed    
  17  LM           2.36781e-04   constant   
  18  zeta_y       0.00000e+00   constant   
  19  zeta_vw      0.00000e+00   constant   
  20  T_CBO        1.06488e+02   4.62446e+01  -3.32068e-04  -5.33348e-03
  21  alpha_A0    -4.06655e-03   1.49926e-02   4.98283e-03   9.60641e-04
  22  beta_A0     -5.33568e-03   1.22806e-02   2.92661e-03   4.33959e-04
  23  alpha_phi    3.28857e-03   1.48934e-02   2.73566e-03   9.71220e-04
  24  beta_phi    -9.98437e-03   1.43529e-02  -2.59141e-03   2.33965e-03
 EXTERNAL ERROR MATRIX.    NDIM=  25    NPAR= 11    ERR DEF=1
  5.349e+05 
 -8.854e-03  9.018e-08 
 -9.179e-02  2.955e-09  6.764e-07 
 -1.412e-03 -6.736e-09  5.084e-08  1.019e-07 
 -1.178e-02 -2.125e-10 -1.145e-08 -9.299e-09  9.931e-08 
  1.063e-03 -1.431e-09 -7.716e-10 -3.002e-09  1.496e-09  9.422e-08 
  8.841e+03 -1.489e-03 -4.571e-03  2.934e-04  3.799e-04 -3.263e-05  2.155e+03 
 -1.977e+00  4.147e-07  7.667e-07  3.270e-07  3.693e-08  1.325e-08 -1.846e-01  9.240e-05 
  4.855e-01 -2.570e-09 -4.001e-07 -7.361e-08  4.110e-07  1.008e-08  1.931e-01 -1.131e-05  9.489e-05 
 -1.136e+00  6.764e-07 -1.528e-07  9.053e-09 -5.126e-07 -8.001e-08 -1.631e-01  2.377e-05 -1.492e-05  9.692e-05 
  9.413e-03 -7.892e-09  2.227e-08 -7.661e-09  7.630e-10  1.276e-08  7.741e-03 -1.414e-06 -7.106e-07 -1.935e-06  7.013e-07 
 PARAMETER  CORRELATION COEFFICIENTS  
       NO.  GLOBAL      1      3      4      6     10     13     20     21     22     23     24
        1  0.36249   1.000 -0.040 -0.153 -0.006 -0.051  0.005  0.260 -0.281  0.068 -0.158  0.015
        3  0.26867  -0.040  1.000  0.012 -0.070 -0.002 -0.016 -0.107  0.144 -0.001  0.229 -0.031
        4  0.28126  -0.153  0.012  1.000  0.194 -0.044 -0.003 -0.120  0.097 -0.050 -0.019  0.032
        6  0.26687  -0.006 -0.070  0.194  1.000 -0.092 -0.031  0.020  0.107 -0.024  0.003 -0.029
       10  0.25046  -0.051 -0.002 -0.044 -0.092  1.000  0.015  0.026  0.012  0.134 -0.165  0.003
       13  0.06821   0.005 -0.016 -0.003 -0.031  0.015  1.000 -0.002  0.004  0.003 -0.026  0.050
       20  0.63639   0.260 -0.107 -0.120  0.020  0.026 -0.002  1.000 -0.414  0.427 -0.357  0.199
       21  0.49289  -0.281  0.144  0.097  0.107  0.012  0.004 -0.414  1.000 -0.121  0.251 -0.176
       22  0.48446   0.068 -0.001 -0.050 -0.024  0.134  0.003  0.427 -0.121  1.000 -0.156 -0.087
       23  0.48267  -0.158  0.229 -0.019  0.003 -0.165 -0.026 -0.357  0.251 -0.156  1.000 -0.235
       24  0.35208   0.015 -0.031  0.032 -0.029  0.003  0.050  0.199 -0.176 -0.087 -0.235  1.000
MINUIT - FIT ONLY 2-CBO
 **********
 **   25 **RES 
 **********
                   PARAMETER   16  beta_vw RESTORED TO VARIABLE.
                   PARAMETER   14  alpha_vw RESTORED TO VARIABLE.
                   PARAMETER   11  alpha_y RESTORED TO VARIABLE.
                   PARAMETER    9  alpha_2CBO RESTORED TO VARIABLE.
                   PARAMETER    8  beta_CBO RESTORED TO VARIABLE.
 **********
 **   26 **FIX            0
 **********
 PARAMETER    0  IS UNDEFINED. IGNORED.
 **********
 **   27 **FIX            1
 **********
 **********
 **   28 **FIX            2
 **********
 PARAMETER    2  IS CONSTANT.   IGNORED.
 **********
 **   29 **FIX            3
 **********
 **********
 **   30 **FIX            4
 **********
 **********
 **   31 **FIX            5
 **********
 PARAMETER    5  IS CONSTANT.   IGNORED.
 **********
 **   32 **FIX            6
 **********
 **********
 **   33 **FIX            7
 **********
 PARAMETER    7  IS CONSTANT.   IGNORED.
 **********
 **   34 **FIX           10
 **********
 **********
 **   35 **FIX           11
 **********
 **********
 **   36 **FIX           12
 **********
 PARAMETER   12  IS CONSTANT.   IGNORED.
 **********
 **   37 **FIX           13
 **********
 **********
 **   38 **FIX           14
 **********
 **********
 **   39 **FIX           15
 **********
 PARAMETER   15  IS CONSTANT.   IGNORED.
 **********
 **   40 **FIX           16
 **********
 **********
 **   41 **MIGRAD
 **********
 START MIGRAD MINIMIZATION.  STRATEGY  1.  CONVERGENCE WHEN EDM .LT. 1.00e-04
 FCN=83.4856 FROM MIGRAD    STATUS=INITIATE       18 CALLS        1089 TOTAL
                     EDM= unknown      STRATEGY= 1      NO ERROR MATRIX       
  EXT PARAMETER               CURRENT GUESS       STEP         FIRST   
  NO.   NAME      VALUE            ERROR          SIZE      DERIVATIVE 
   1  N0           3.21167e+06     fixed    
   2  tau          6.44090e+01   constant   
   3  A0           3.64318e-01     fixed    
   4  phi          4.11798e+00     fixed    
   5  R           -6.00655e+01   constant   
   6  alpha_CBO   -2.31935e-03     fixed    
   7  w_CBO        2.32500e+00   constant   
   8  beta_CBO     0.00000e+00   1.00000e-03   1.00000e-03  -2.97843e+04
   9  alpha_2CBO   0.00000e+00   1.00000e-03   1.00000e-03   1.38351e+03
  10  beta_2CBO    7.21155e-06     fixed    
  11  alpha_y      0.00000e+00     fixed    
  12  w_y          1.38860e+01   constant   
  13  beta_y       5.84337e-05     fixed    
  14  alpha_vw     0.00000e+00     fixed    
  15  w_vw         1.43404e+01   constant   
  16  beta_vw      0.00000e+00     fixed    
  17  LM           2.36781e-04   constant   
  18  zeta_y       0.00000e+00   constant   
  19  zeta_vw      0.00000e+00   constant   
  20  T_CBO        1.06488e+02   4.62446e+01  -3.32068e-04  -5.33360e-03
  21  alpha_A0    -4.06655e-03   1.49926e-02   4.98283e-03  -9.60565e-04
  22  beta_A0     -5.33568e-03   1.22806e-02   2.92661e-03   4.33933e-04
  23  alpha_phi    3.28857e-03   1.48934e-02   2.73566e-03   9.71176e-04
  24  beta_phi    -9.98437e-03   1.43529e-02  -2.59141e-03   2.33615e-03
 MIGRAD MINIMIZATION HAS CONVERGED.
 MIGRAD WILL VERIFY CONVERGENCE AND ERROR MATRIX.
 COVARIANCE MATRIX CALCULATED SUCCESSFULLY
 FCN=62.4114 FROM MIGRAD    STATUS=CONVERGED     211 CALLS        1282 TOTAL
                     EDM=2.25273e-05    STRATEGY= 1      ERROR MATRIX ACCURATE 
  EXT PARAMETER                                   STEP         FIRST   
  NO.   NAME      VALUE            ERROR          SIZE      DERIVATIVE 
   1  N0           3.21167e+06     fixed    
   2  tau          6.44090e+01   constant   
   3  A0           3.64318e-01     fixed    
   4  phi          4.11798e+00     fixed    
   5  R           -6.00655e+01   constant   
   6  alpha_CBO   -2.31935e-03     fixed    
   7  w_CBO        2.32500e+00   constant   
   8  beta_CBO     1.41413e-03   3.08513e-04   1.17623e-06   9.08532e-01
   9  alpha_2CBO  -1.93987e-05   3.12025e-04   1.18566e-06   1.95218e+00
  10  beta_2CBO    7.21155e-06     fixed    
  11  alpha_y      0.00000e+00     fixed    
  12  w_y          1.38860e+01   constant   
  13  beta_y       5.84337e-05     fixed    
  14  alpha_vw     0.00000e+00     fixed    
  15  w_vw         1.43404e+01   constant   
  16  beta_vw      0.00000e+00     fixed    
  17  LM           2.36781e-04   constant   
  18  zeta_y       0.00000e+00   constant   
  19  zeta_vw      0.00000e+00   constant   
  20  T_CBO        1.20304e+02   4.90482e+01   4.26240e-04  -1.52394e-02
  21  alpha_A0    -3.42247e-03   6.65299e-03   2.76881e-03   1.41181e-03
  22  beta_A0     -9.99778e-03   1.07856e-02   2.44369e-02   9.41133e-04
  23  alpha_phi    1.50134e-03   6.46238e-03   2.70737e-03  -2.37051e-03
  24  beta_phi    -7.11484e-03   1.10883e-02   3.55366e-03   1.11256e-03
 EXTERNAL ERROR MATRIX.    NDIM=  25    NPAR=  7    ERR DEF=1
  9.518e-08  3.279e-09  2.674e-03  1.374e-07 -1.196e-10 -1.373e-07  3.560e-07 
  3.279e-09  9.736e-08  2.918e-06  2.977e-07  3.390e-10 -1.176e-07  3.198e-07 
  2.674e-03  2.918e-06  2.424e+03  1.453e-01  2.242e-02 -6.790e-02  2.386e-01 
  1.374e-07  2.977e-07  1.453e-01  5.465e-05  1.148e-06 -8.024e-06  1.671e-05 
 -1.196e-10  3.390e-10  2.242e-02  1.148e-06  2.100e-06 -4.732e-07  2.358e-06 
 -1.373e-07 -1.176e-07 -6.790e-02 -8.024e-06 -4.732e-07  4.961e-05 -6.022e-06 
  3.560e-07  3.198e-07  2.386e-01  1.671e-05  2.358e-06 -6.022e-06  6.621e-05 
 PARAMETER  CORRELATION COEFFICIENTS  
       NO.  GLOBAL      8      9     20     21     22     23     24
        8  0.19633   1.000  0.034  0.176  0.060 -0.000 -0.063  0.142
        9  0.21196   0.034  1.000  0.000  0.129  0.001 -0.054  0.126
       20  0.68992   0.176  0.000  1.000  0.399  0.314 -0.196  0.596
       21  0.42746   0.060  0.129  0.399  1.000  0.107 -0.154  0.278
       22  0.32076  -0.000  0.001  0.314  0.107  1.000 -0.046  0.200
       23  0.22059  -0.063 -0.054 -0.196 -0.154 -0.046  1.000 -0.105
       24  0.61087   0.142  0.126  0.596  0.278  0.200 -0.105  1.000
MINUIT - FIT wiggle + 1-CBO + 2-CBO
 **********
 **   42 **RES 
 **********
                   PARAMETER   16  beta_vw RESTORED TO VARIABLE.
                   PARAMETER   14  alpha_vw RESTORED TO VARIABLE.
                   PARAMETER   13  beta_y RESTORED TO VARIABLE.
                   PARAMETER   11  alpha_y RESTORED TO VARIABLE.
                   PARAMETER   10  beta_2CBO RESTORED TO VARIABLE.
                   PARAMETER    6  alpha_CBO RESTORED TO VARIABLE.
                   PARAMETER    4  phi RESTORED TO VARIABLE.
                   PARAMETER    3  A0 RESTORED TO VARIABLE.
                   PARAMETER    1  N0 RESTORED TO VARIABLE.
 **********
 **   43 **FIX           10
 **********
 **********
 **   44 **FIX           11
 **********
 **********
 **   45 **FIX           12
 **********
 PARAMETER   12  IS CONSTANT.   IGNORED.
 **********
 **   46 **FIX           13
 **********
 **********
 **   47 **FIX           14
 **********
 **********
 **   48 **FIX           15
 **********
 PARAMETER   15  IS CONSTANT.   IGNORED.
 **********
 **   49 **FIX           16
 **********
 **********
 **   50 **MIGRAD
 **********
 START MIGRAD MINIMIZATION.  STRATEGY  1.  CONVERGENCE WHEN EDM .LT. 1.00e-04
 FCN=62.4114 FROM MIGRAD    STATUS=INITIATE       22 CALLS        1304 TOTAL
                     EDM= unknown      STRATEGY= 1      NO ERROR MATRIX       
  EXT PARAMETER               CURRENT GUESS       STEP         FIRST   
  NO.   NAME      VALUE            ERROR          SIZE      DERIVATIVE 
   1  N0           3.21167e+06   7.31362e+02   7.31362e+02   1.08880e-03
   2  tau          6.44090e+01   constant   
   3  A0           3.64318e-01   3.00305e-04   3.00305e-04   7.64460e+03
   4  phi          4.11798e+00   8.22429e-04   8.22429e-04   3.32898e+02
   5  R           -6.00655e+01   constant   
   6  alpha_CBO   -2.31935e-03   3.19208e-04   3.19208e-04   1.06981e+03
   7  w_CBO        2.32500e+00   constant   
   8  beta_CBO     1.41413e-03   3.08513e-04   1.17623e-06   9.08534e-01
   9  alpha_2CBO  -1.93987e-05   3.12025e-04   1.18566e-06   1.95218e+00
  10  beta_2CBO    7.21155e-06     fixed    
  11  alpha_y      0.00000e+00     fixed    
  12  w_y          1.38860e+01   constant   
  13  beta_y       5.84337e-05     fixed    
  14  alpha_vw     0.00000e+00     fixed    
  15  w_vw         1.43404e+01   constant   
  16  beta_vw      0.00000e+00     fixed    
  17  LM           2.36781e-04   constant   
  18  zeta_y       0.00000e+00   constant   
  19  zeta_vw      0.00000e+00   constant   
  20  T_CBO        1.20304e+02   4.90482e+01   4.26240e-04  -1.52319e-02
  21  alpha_A0    -3.42247e-03   6.65299e-03   2.76881e-03   1.41707e-03
  22  beta_A0     -9.99778e-03   1.07856e-02   2.44369e-02   9.69761e-04
  23  alpha_phi    1.50134e-03   6.46238e-03   2.70737e-03  -2.37271e-03
  24  beta_phi    -7.11484e-03   1.10883e-02   3.55366e-03   1.12725e-03
 MIGRAD MINIMIZATION HAS CONVERGED.
 FCN=60.8281 FROM MIGRAD    STATUS=CONVERGED     197 CALLS        1479 TOTAL
                     EDM=4.25712e-07    STRATEGY= 1  ERROR MATRIX UNCERTAINTY   2.1 per cent
  EXT PARAMETER                                   STEP         FIRST   
  NO.   NAME      VALUE            ERROR          SIZE      DERIVATIVE 
   1  N0           3.21140e+06   6.74117e+02   1.91923e-01   2.00599e-07
   2  tau          6.44090e+01   constant   
   3  A0           3.63951e-01   3.10703e-04   7.41496e-08  -6.05151e-01
   4  phi          4.11791e+00   8.06390e-04  -3.81947e-07  -4.87201e-01
   5  R           -6.00655e+01   constant   
   6  alpha_CBO   -2.35857e-03   3.12390e-04  -6.37664e-07   8.06328e-01
   7  w_CBO        2.32500e+00   constant   
   8  beta_CBO     1.52128e-03   3.23327e-04   3.81146e-07  -1.72707e+00
   9  alpha_2CBO  -5.06573e-06   3.05758e-04  -2.61728e-07   3.27838e-01
  10  beta_2CBO    7.21155e-06     fixed    
  11  alpha_y      0.00000e+00     fixed    
  12  w_y          1.38860e+01   constant   
  13  beta_y       5.84337e-05     fixed    
  14  alpha_vw     0.00000e+00     fixed    
  15  w_vw         1.43404e+01   constant   
  16  beta_vw      0.00000e+00     fixed    
  17  LM           2.36781e-04   constant   
  18  zeta_y       0.00000e+00   constant   
  19  zeta_vw      0.00000e+00   constant   
  20  T_CBO        1.27076e+02   4.62665e+01  -1.05744e-04  -5.95918e-03
  21  alpha_A0    -2.65754e-03   6.13517e-03  -1.19009e-03  -2.73246e-04
  22  beta_A0     -9.99999e-03   1.60513e-02   4.44804e-03  -5.33693e-05
  23  alpha_phi   -5.89857e-05   6.61967e-03   2.88883e-04   3.82329e-04
  24  beta_phi    -6.48028e-03   5.98235e-03   1.81337e-03   1.40725e-04
 EXTERNAL ERROR MATRIX.    NDIM=  25    NPAR= 11    ERR DEF=1
  4.544e+05 
  4.911e-03  9.654e-08 
 -5.733e-03 -1.201e-08  6.503e-07 
  2.128e-02 -6.923e-09  1.926e-08  9.759e-08 
 -1.578e-02 -2.519e-08 -1.011e-09 -4.566e-09  1.045e-07 
  7.070e-03 -5.584e-09  2.283e-09  5.474e-09  3.674e-09  9.349e-08 
  2.020e+03 -2.004e-03  1.938e-04  3.314e-05  2.948e-03  7.778e-04  2.154e+03 
  5.846e-01 -2.685e-07  4.833e-07 -1.778e-07  2.135e-07  2.297e-07  8.641e-02  4.422e-05 
 -2.487e-04  1.024e-10 -8.700e-10 -3.021e-10  3.189e-10 -6.953e-10 -4.401e-04 -9.175e-09  2.204e-09 
  2.250e-02  4.200e-07 -2.004e-07 -6.137e-08 -1.581e-07 -1.114e-07 -3.574e-02 -2.918e-06  9.001e-09  5.234e-05 
 -4.526e-01 -7.597e-08  9.179e-08 -9.759e-08  3.008e-07  3.304e-07  1.621e-01  7.450e-06 -1.001e-08 -2.450e-06  4.735e-05 
 PARAMETER  CORRELATION COEFFICIENTS  
       NO.  GLOBAL      1      3      4      6      8      9     20     21     22     23     24
        1  0.25237   1.000  0.023 -0.011  0.101 -0.072  0.034  0.065  0.130 -0.008  0.005 -0.098
        3  0.34179   0.023  1.000 -0.048 -0.071 -0.251 -0.059 -0.139 -0.130  0.007  0.187 -0.036
        4  0.13964  -0.011 -0.048  1.000  0.076 -0.004  0.009  0.005  0.090 -0.023 -0.034  0.017
        6  0.20835   0.101 -0.071  0.076  1.000 -0.045  0.057  0.002 -0.086 -0.021 -0.027 -0.045
        8  0.32228  -0.072 -0.251 -0.004 -0.045  1.000  0.037  0.196  0.099  0.021 -0.068  0.135
        9  0.21976   0.034 -0.059  0.009  0.057  0.037  1.000  0.055  0.113 -0.048 -0.050  0.157
       20  0.60485   0.065 -0.139  0.005  0.002  0.196  0.055  1.000  0.280 -0.202 -0.106  0.507
       21  0.36219   0.130 -0.130  0.090 -0.086  0.099  0.113  0.280  1.000 -0.029 -0.061  0.163
       22  0.23670  -0.008  0.007 -0.023 -0.021  0.021 -0.048 -0.202 -0.029  1.000  0.027 -0.031
       23  0.20953   0.005  0.187 -0.034 -0.027 -0.068 -0.050 -0.106 -0.061  0.027  1.000 -0.049
       24  0.55106  -0.098 -0.036  0.017 -0.045  0.135  0.157  0.507  0.163 -0.031 -0.049  1.000
MINUIT - FIT ONLY 1-y
 **********
 **   51 **RES 
 **********
                   PARAMETER   16  beta_vw RESTORED TO VARIABLE.
                   PARAMETER   14  alpha_vw RESTORED TO VARIABLE.
                   PARAMETER   13  beta_y RESTORED TO VARIABLE.
                   PARAMETER   11  alpha_y RESTORED TO VARIABLE.
                   PARAMETER   10  beta_2CBO RESTORED TO VARIABLE.
 **********
 **   52 **FIX            0
 **********
 PARAMETER    0  IS UNDEFINED. IGNORED.
 **********
 **   53 **FIX            1
 **********
 **********
 **   54 **FIX            2
 **********
 PARAMETER    2  IS CONSTANT.   IGNORED.
 **********
 **   55 **FIX            3
 **********
 **********
 **   56 **FIX            4
 **********
 **********
 **   57 **FIX            5
 **********
 PARAMETER    5  IS CONSTANT.   IGNORED.
 **********
 **   58 **FIX            6
 **********
 **********
 **   59 **FIX            7
 **********
 PARAMETER    7  IS CONSTANT.   IGNORED.
 **********
 **   60 **FIX            8
 **********
 **********
 **   61 **FIX            9
 **********
 **********
 **   62 **FIX           13
 **********
 **********
 **   63 **FIX           14
 **********
 **********
 **   64 **FIX           15
 **********
 PARAMETER   15  IS CONSTANT.   IGNORED.
 **********
 **   65 **FIX           16
 **********
 **********
 **   66 **MIGRAD
 **********
 START MIGRAD MINIMIZATION.  STRATEGY  1.  CONVERGENCE WHEN EDM .LT. 1.00e-04
 FCN=60.8281 FROM MIGRAD    STATUS=INITIATE       16 CALLS        1495 TOTAL
                     EDM= unknown      STRATEGY= 1      NO ERROR MATRIX       
  EXT PARAMETER               CURRENT GUESS       STEP         FIRST   
  NO.   NAME      VALUE            ERROR          SIZE      DERIVATIVE 
   1  N0           3.21140e+06     fixed    
   2  tau          6.44090e+01   constant   
   3  A0           3.63951e-01     fixed    
   4  phi          4.11791e+00     fixed    
   5  R           -6.00655e+01   constant   
   6  alpha_CBO   -2.35857e-03     fixed    
   7  w_CBO        2.32500e+00   constant   
   8  beta_CBO     1.52128e-03     fixed    
   9  alpha_2CBO  -5.06573e-06     fixed    
  10  beta_2CBO    7.21155e-06   3.15138e-04   3.15138e-04  -8.75384e+02
  11  alpha_y      0.00000e+00   1.00000e-03   1.00000e-03  -9.03169e+03
  12  w_y          1.38860e+01   constant   
  13  beta_y       5.84337e-05     fixed    
  14  alpha_vw     0.00000e+00     fixed    
  15  w_vw         1.43404e+01   constant   
  16  beta_vw      0.00000e+00     fixed    
  17  LM           2.36781e-04   constant   
  18  zeta_y       0.00000e+00   constant   
  19  zeta_vw      0.00000e+00   constant   
  20  T_CBO        1.27076e+02   4.62665e+01  -1.05744e-04  -5.95939e-03
  21  alpha_A0    -2.65754e-03   6.13517e-03  -1.19009e-03  -2.73262e-04
  22  beta_A0     -9.99999e-03   1.60513e-02   4.44804e-03   5.33080e-05
  23  alpha_phi   -5.89857e-05   6.61967e-03   2.88883e-04   3.82329e-04
  24  beta_phi    -6.48028e-03   5.98235e-03   1.81337e-03   1.40674e-04
 MIGRAD MINIMIZATION HAS CONVERGED.
 MIGRAD WILL VERIFY CONVERGENCE AND ERROR MATRIX.
 COVARIANCE MATRIX CALCULATED SUCCESSFULLY
 FCN=58.9183 FROM MIGRAD    STATUS=CONVERGED     130 CALLS        1609 TOTAL
                     EDM=6.99602e-06    STRATEGY= 1      ERROR MATRIX ACCURATE 
  EXT PARAMETER                                   STEP         FIRST   
  NO.   NAME      VALUE            ERROR          SIZE      DERIVATIVE 
   1  N0           3.21140e+06     fixed    
   2  tau          6.44090e+01   constant   
   3  A0           3.63951e-01     fixed    
   4  phi          4.11791e+00     fixed    
   5  R           -6.00655e+01   constant   
   6  alpha_CBO   -2.35857e-03     fixed    
   7  w_CBO        2.32500e+00   constant   
   8  beta_CBO     1.52128e-03     fixed    
   9  alpha_2CBO  -5.06573e-06     fixed    
  10  beta_2CBO    4.71636e-05   3.13321e-04   1.15450e-06   6.89529e+00
  11  alpha_y      4.19040e-04   3.04757e-04   1.15146e-06  -8.94141e-01
  12  w_y          1.38860e+01   constant   
  13  beta_y       5.84337e-05     fixed    
  14  alpha_vw     0.00000e+00     fixed    
  15  w_vw         1.43404e+01   constant   
  16  beta_vw      0.00000e+00     fixed    
  17  LM           2.36781e-04   constant   
  18  zeta_y       0.00000e+00   constant   
  19  zeta_vw      0.00000e+00   constant   
  20  T_CBO        1.27066e+02   4.72062e+01   4.35835e-04  -1.38027e-02
  21  alpha_A0    -2.59284e-03   5.98612e-03   2.38546e-03   8.79394e-04
  22  beta_A0     -1.00000e-02   1.00263e-02   2.22270e-02** at limit **
  23  alpha_phi   -3.01482e-04   5.95148e-03   2.36894e-03  -7.56381e-04
  24  beta_phi    -6.39440e-03   6.05034e-03   2.89579e-03  -1.29743e-03
 EXTERNAL ERROR MATRIX.    NDIM=  25    NPAR=  7    ERR DEF=1
  9.817e-08 -7.577e-10 -1.900e-03 -1.384e-07 -1.845e-16 -3.399e-07 -2.593e-07 
 -7.577e-10  9.288e-08  1.926e-04  2.786e-08  2.397e-17 -1.996e-08  4.570e-08 
 -1.900e-03  1.926e-04  2.244e+03  9.849e-02  2.847e-08  3.051e-03  1.761e-01 
 -1.384e-07  2.786e-08  9.849e-02  4.168e-05  9.782e-13 -2.664e-06  9.015e-06 
 -1.845e-16  2.397e-17  2.847e-08  9.782e-13  3.013e-17  1.296e-13  2.423e-12 
 -3.399e-07 -1.996e-08  3.051e-03 -2.664e-06  1.296e-13  4.064e-05  1.530e-06 
 -2.593e-07  4.570e-08  1.761e-01  9.015e-06  2.423e-12  1.530e-06  4.850e-05 
 PARAMETER  CORRELATION COEFFICIENTS  
       NO.  GLOBAL     10     11     20     21     22     23     24
       10  0.22269   1.000 -0.008 -0.128 -0.068 -0.000 -0.170 -0.119
       11  0.02683  -0.008  1.000  0.013  0.014  0.000 -0.010  0.022
       20  0.58426  -0.128  0.013  1.000  0.322  0.109  0.010  0.534
       21  0.33347  -0.068  0.014  0.322  1.000  0.028 -0.065  0.200
       22  0.11097  -0.000  0.000  0.109  0.028  1.000  0.004  0.063
       23  0.18935  -0.170 -0.010  0.010 -0.065  0.004  1.000  0.034
       24  0.53759  -0.119  0.022  0.534  0.200  0.063  0.034  1.000
MINUIT - FIT ONLY 2-y
 **********
 **   67 **RES 
 **********
                   PARAMETER   16  beta_vw RESTORED TO VARIABLE.
                   PARAMETER   14  alpha_vw RESTORED TO VARIABLE.
                   PARAMETER   13  beta_y RESTORED TO VARIABLE.
                   PARAMETER    9  alpha_2CBO RESTORED TO VARIABLE.
                   PARAMETER    8  beta_CBO RESTORED TO VARIABLE.
                   PARAMETER    6  alpha_CBO RESTORED TO VARIABLE.
                   PARAMETER    4  phi RESTORED TO VARIABLE.
                   PARAMETER    3  A0 RESTORED TO VARIABLE.
                   PARAMETER    1  N0 RESTORED TO VARIABLE.
 **********
 **   68 **FIX            0
 **********
 PARAMETER    0  IS UNDEFINED. IGNORED.
 **********
 **   69 **FIX            1
 **********
 **********
 **   70 **FIX            2
 **********
 PARAMETER    2  IS CONSTANT.   IGNORED.
 **********
 **   71 **FIX            3
 **********
 **********
 **   72 **FIX            4
 **********
 **********
 **   73 **FIX            5
 **********
 PARAMETER    5  IS CONSTANT.   IGNORED.
 **********
 **   74 **FIX            6
 **********
 **********
 **   75 **FIX            7
 **********
 PARAMETER    7  IS CONSTANT.   IGNORED.
 **********
 **   76 **FIX            8
 **********
 **********
 **   77 **FIX            9
 **********
 **********
 **   78 **FIX           10
 **********
 **********
 **   79 **FIX           11
 **********
 **********
 **   80 **FIX           12
 **********
 PARAMETER   12  IS CONSTANT.   IGNORED.
 **********
 **   81 **FIX           16
 **********
 **********
 **   82 **MIGRAD
 **********
 START MIGRAD MINIMIZATION.  STRATEGY  1.  CONVERGENCE WHEN EDM .LT. 1.00e-04
 FCN=58.9183 FROM MIGRAD    STATUS=INITIATE       16 CALLS        1625 TOTAL
                     EDM= unknown      STRATEGY= 1      NO ERROR MATRIX       
  EXT PARAMETER               CURRENT GUESS       STEP         FIRST   
  NO.   NAME      VALUE            ERROR          SIZE      DERIVATIVE 
   1  N0           3.21140e+06     fixed    
   2  tau          6.44090e+01   constant   
   3  A0           3.63951e-01     fixed    
   4  phi          4.11791e+00     fixed    
   5  R           -6.00655e+01   constant   
   6  alpha_CBO   -2.35857e-03     fixed    
   7  w_CBO        2.32500e+00   constant   
   8  beta_CBO     1.52128e-03     fixed    
   9  alpha_2CBO  -5.06573e-06     fixed    
  10  beta_2CBO    4.71636e-05     fixed    
  11  alpha_y      4.19040e-04     fixed    
  12  w_y          1.38860e+01   constant   
  13  beta_y       5.84337e-05   3.06949e-04   3.06949e-04  -6.20625e+01
  14  alpha_vw     0.00000e+00   1.00000e-03   1.00000e-03   1.48261e+03
  15  w_vw         1.43404e+01   constant   
  16  beta_vw      0.00000e+00     fixed    
  17  LM           2.36781e-04   constant   
  18  zeta_y       0.00000e+00   constant   
  19  zeta_vw      0.00000e+00   constant   
  20  T_CBO        1.27066e+02   4.72062e+01   4.35835e-04  -1.38423e-02
  21  alpha_A0    -2.59284e-03   5.98612e-03   2.38546e-03   8.83666e-04
  22  beta_A0     -9.99998e-03   1.00263e-02   2.22270e-02   1.02684e-04
  23  alpha_phi   -3.01482e-04   5.95148e-03   2.36894e-03  -7.56351e-04
  24  beta_phi    -6.39440e-03   6.05034e-03   2.89579e-03  -1.28652e-03
 MIGRAD MINIMIZATION HAS CONVERGED.
 MIGRAD WILL VERIFY CONVERGENCE AND ERROR MATRIX.
 COVARIANCE MATRIX CALCULATED SUCCESSFULLY
 FCN=58.8665 FROM MIGRAD    STATUS=CONVERGED      97 CALLS        1706 TOTAL
                     EDM=2.88239e-06    STRATEGY= 1      ERROR MATRIX ACCURATE 
  EXT PARAMETER                                   STEP         FIRST   
  NO.   NAME      VALUE            ERROR          SIZE      DERIVATIVE 
   1  N0           3.21140e+06     fixed    
   2  tau          6.44090e+01   constant   
   3  A0           3.63951e-01     fixed    
   4  phi          4.11791e+00     fixed    
   5  R           -6.00655e+01   constant   
   6  alpha_CBO   -2.35857e-03     fixed    
   7  w_CBO        2.32500e+00   constant   
   8  beta_CBO     1.52128e-03     fixed    
   9  alpha_2CBO  -5.06573e-06     fixed    
  10  beta_2CBO    4.71636e-05     fixed    
  11  alpha_y      4.19040e-04     fixed    
  12  w_y          1.38860e+01   constant   
  13  beta_y       5.17688e-05   3.08678e-04   1.15482e-06   3.58281e-01
  14  alpha_vw    -7.01359e-05   3.08518e-04   1.15461e-06   3.74243e-01
  15  w_vw         1.43404e+01   constant   
  16  beta_vw      0.00000e+00     fixed    
  17  LM           2.36781e-04   constant   
  18  zeta_y       0.00000e+00   constant   
  19  zeta_vw      0.00000e+00   constant   
  20  T_CBO        1.27128e+02   4.69173e+01   4.36083e-04   1.36701e-02
  21  alpha_A0    -2.59999e-03   5.97212e-03   2.38007e-03  -1.09187e-03
  22  beta_A0     -1.00000e-02   1.01601e-02   2.40793e-02** at limit **
  23  alpha_phi   -3.03497e-04   5.87380e-03   2.36499e-03  -2.79878e-03
  24  beta_phi    -6.39751e-03   6.01841e-03   2.88225e-03  -1.32170e-03
 EXTERNAL ERROR MATRIX.    NDIM=  25    NPAR=  7    ERR DEF=1
  9.528e-08  1.301e-08 -3.516e-05 -3.847e-09 -1.977e-14 -5.150e-08 -1.135e-08 
  1.301e-08  9.518e-08  2.283e-05  9.476e-09  4.040e-15 -4.614e-09  1.176e-08 
 -3.516e-05  2.283e-05  2.216e+03  9.633e-02  1.139e-05 -3.252e-03  1.717e-01 
 -3.847e-09  9.476e-09  9.633e-02  4.146e-05  3.926e-10 -3.122e-06  8.680e-06 
 -1.977e-14  4.040e-15  1.139e-05  3.926e-10  3.675e-12  5.236e-11  9.689e-10 
 -5.150e-08 -4.614e-09 -3.252e-03 -3.122e-06  5.236e-11  3.942e-05  6.643e-07 
 -1.135e-08  1.176e-08  1.717e-01  8.680e-06  9.689e-10  6.643e-07  4.780e-05 
 PARAMETER  CORRELATION COEFFICIENTS  
       NO.  GLOBAL     13     14     20     21     22     23     24
       13  0.13929   1.000  0.137 -0.002 -0.002 -0.000 -0.027 -0.005
       14  0.13686   0.137  1.000  0.002  0.005  0.000 -0.002  0.006
       20  0.57738  -0.002  0.002  1.000  0.318  0.126 -0.011  0.528
       21  0.32819  -0.002  0.005  0.318  1.000  0.032 -0.077  0.195
       22  0.12684  -0.000  0.000  0.126  0.032  1.000  0.004  0.073
       23  0.08749  -0.027 -0.002 -0.011 -0.077  0.004  1.000  0.015
       24  0.52890  -0.005  0.006  0.528  0.195  0.073  0.015  1.000
MINUIT - FIT ALTOGETHER
 **********
