 + ++++++++++++++++++++++++++++++++++++++++++++++++++++++++++++++++++++ +
 +                                                                      +
 +           You have chose to blind your fitting according to          +
 +                omega_ref * (1 + (R +/- deltaR) *10^{-6})             +
 +                                                                      +
 + ++++++++++++++++++++++++++++++++++++++++++++++++++++++++++++++++++++ +
In main()...
reading format from /gm2data/zkhechad/run45/envelope/formats/formatB_sBin_constraintOn.txt
pBinTau 	= 0  
pBinPhi 	= 0  
constraintau 	= 1 
includeMopTerm 	= 0    
constrainMop    = 0   
Parameters after format file: pBinTau 0 pBinPhi 0 constraintau 1 includeMopTerm 0 constrainMop 0 c_e_scale 0.000000 
Opening file /gm2data/tbarrett/gm2fr/studies/run23_bunch_corrections/CorrectedFourier_Run3b.root.
reading full fit data from /gm2data/zkhechad/cboTemplates/Run4CBOTemplates/templateFits0_v2.0/noRF/sBin_constraintOn_cE0.0_seed0_noRF_calo12.root
windowBins = 17
fitting sliding window 198 from bin 334 at 49.683600 to bin 351 at 52.369200 (17 bins)

Reading data from /gm2data/cornell/histograms/aMethod/histogram_a_noRF.root
 **********
 **    1 **SET PRINTOUT            1
 **********
 **********
 **    2 **SET NOWARNINGS 
 **********
 PARAMETER DEFINITIONS:
    NO.   NAME         VALUE      STEP SIZE      LIMITS
     1 N0           3.55039e+06  1.00000e+02     no limits
     2 tau          6.43775e+01  constant
     3 A0           3.53586e-01  1.00000e-04     no limits
     4 phi          4.11784e+00  1.00000e-02     no limits
     5 R           -5.99595e+01  constant
     6 alpha_CBO    0.00000e+00  1.00000e-03     no limits
     7 w_CBO        2.32500e+00  constant
     8 beta_CBO     0.00000e+00  1.00000e-03     no limits
     9 alpha_2CBO   0.00000e+00  1.00000e-03     no limits
    10 beta_2CBO    0.00000e+00  1.00000e-03     no limits
    11 alpha_y      0.00000e+00  1.00000e-03     no limits
    12 w_y          1.44500e+01  constant
    13 beta_y       0.00000e+00  1.00000e-03     no limits
    14 alpha_vw     0.00000e+00  1.00000e-03     no limits
    15 w_vw         1.29000e+01  constant
    16 beta_vw      0.00000e+00  1.00000e-03     no limits
    17 LM          -9.22867e-04  constant
    18 zeta_y       0.00000e+00  constant
    19 zeta_vw      0.00000e+00  constant
    20 T_CBO        1.00000e+02  1.00000e+00    0.00000e+00  1.00000e+03
    21 alpha_A0     0.00000e+00  1.00000e-03     no limits
    22 beta_A0      0.00000e+00  1.00000e-03     no limits
    23 alpha_phi    0.00000e+00  1.00000e-03     no limits
    24 beta_phi     0.00000e+00  1.00000e-03     no limits
MINUIT - FIT ONLY WIGGLE
 **********
 **    3 **FIX            5
 **********
 PARAMETER    5  IS CONSTANT.   IGNORED.
 **********
 **    4 **FIX            6
 **********
 **********
 **    5 **FIX            7
 **********
 PARAMETER    7  IS CONSTANT.   IGNORED.
 **********
 **    6 **FIX            8
 **********
 **********
 **    7 **FIX            9
 **********
 **********
 **    8 **FIX           10
 **********
 **********
 **    9 **FIX           11
 **********
 **********
 **   10 **FIX           12
 **********
 PARAMETER   12  IS CONSTANT.   IGNORED.
 **********
 **   11 **FIX           13
 **********
 **********
 **   12 **FIX           14
 **********
 **********
 **   13 **FIX           15
 **********
 PARAMETER   15  IS CONSTANT.   IGNORED.
 **********
 **   14 **FIX           16
 **********
 **********
 **   15 **MIGRAD
 **********
 FIRST CALL TO USER FUNCTION AT NEW START POINT, WITH IFLAG=4.
 START MIGRAD MINIMIZATION.  STRATEGY  1.  CONVERGENCE WHEN EDM .LT. 1.00e-04
 FCN=2075.18 FROM MIGRAD    STATUS=INITIATE      431 CALLS         432 TOTAL
                     EDM= unknown      STRATEGY= 1      NO ERROR MATRIX       
  EXT PARAMETER               CURRENT GUESS       STEP         FIRST   
  NO.   NAME      VALUE            ERROR          SIZE      DERIVATIVE 
   1  N0           3.55039e+06   1.00000e+02   0.00000e+00  -3.58273e-02
   2  tau          6.43775e+01   constant   
   3  A0           3.53586e-01   1.00000e-04   0.00000e+00  -2.71847e+05
   4  phi          4.11784e+00   1.00000e-02   0.00000e+00  -2.82453e+04
   5  R           -5.99595e+01   constant   
   6  alpha_CBO    0.00000e+00     fixed    
   7  w_CBO        2.32500e+00   constant   
   8  beta_CBO     0.00000e+00     fixed    
   9  alpha_2CBO   0.00000e+00     fixed    
  10  beta_2CBO    0.00000e+00     fixed    
  11  alpha_y      0.00000e+00     fixed    
  12  w_y          1.44500e+01   constant   
  13  beta_y       0.00000e+00     fixed    
  14  alpha_vw     0.00000e+00     fixed    
  15  w_vw         1.29000e+01   constant   
  16  beta_vw      0.00000e+00     fixed    
  17  LM          -9.22867e-04   constant   
  18  zeta_y       0.00000e+00   constant   
  19  zeta_vw      0.00000e+00   constant   
  20  T_CBO        1.00000e+02   1.00000e+00   0.00000e+00   0.00000e+00
  21  alpha_A0     0.00000e+00   1.00000e-03   0.00000e+00   1.29524e+04
  22  beta_A0      0.00000e+00   1.00000e-03   0.00000e+00   1.35802e+04
  23  alpha_phi    0.00000e+00   1.00000e-03   0.00000e+00  -3.60339e+04
  24  beta_phi     0.00000e+00   1.00000e-03   0.00000e+00   3.39094e+04
 CALL LIMIT EXCEEDED IN MIGRAD.
 MIGRAD TERMINATED WITHOUT CONVERGENCE.
 FCN=41.0294 FROM MIGRAD    STATUS=CALL LIMIT   1323 CALLS        1324 TOTAL
                     EDM=0.000722601    STRATEGY= 1  ERROR MATRIX UNCERTAINTY   3.7 per cent
  EXT PARAMETER                APPROXIMATE        STEP         FIRST   
  NO.   NAME      VALUE            ERROR          SIZE      DERIVATIVE 
   1  N0           3.61170e+06   1.68769e+04   2.06388e+02   8.36969e-07
   2  tau          6.43775e+01   constant   
   3  A0           3.75530e-01   1.32036e-03   6.22220e-06  -3.34551e+01
   4  phi          4.12259e+00   5.48634e-03  -3.36973e-04  -7.60694e+01
   5  R           -5.99595e+01   constant   
   6  alpha_CBO    0.00000e+00     fixed    
   7  w_CBO        2.32500e+00   constant   
   8  beta_CBO     0.00000e+00     fixed    
   9  alpha_2CBO   0.00000e+00     fixed    
  10  beta_2CBO    0.00000e+00     fixed    
  11  alpha_y      0.00000e+00     fixed    
  12  w_y          1.44500e+01   constant   
  13  beta_y       0.00000e+00     fixed    
  14  alpha_vw     0.00000e+00     fixed    
  15  w_vw         1.29000e+01   constant   
  16  beta_vw      0.00000e+00     fixed    
  17  LM          -9.22867e-04   constant   
  18  zeta_y       0.00000e+00   constant   
  19  zeta_vw      0.00000e+00   constant   
  20  T_CBO        9.63502e+02   1.10211e+02   1.02438e-02   1.69737e-03
  21  alpha_A0    -9.33042e-02   1.61935e-02  -4.35006e-04   3.08722e+01
  22  beta_A0     -5.13292e-02   1.37501e-02   2.73791e-04  -2.59580e+01
  23  alpha_phi   -4.35816e-02   1.58457e-02   4.03124e-04  -1.90819e+01
  24  beta_phi     9.19957e-02   1.76128e-02   4.83379e-04   5.51693e+00
 EXTERNAL ERROR MATRIX.    NDIM=  25    NPAR=  8    ERR DEF=1
  2.848e+08  1.964e+01  4.401e+01  1.982e+06 -2.671e+02 -2.114e+02 -2.378e+02  2.848e+02 
  1.964e+01  1.743e-06  1.752e-06  1.399e-01 -1.963e-05 -1.310e-05 -1.487e-05  2.166e-05 
  4.401e+01  1.752e-06  3.010e-05  2.690e-01 -2.538e-05 -5.986e-05 -7.127e-05  2.092e-05 
  1.982e+06  1.399e-01  2.690e-01  1.388e+04 -1.885e+00 -1.428e+00 -1.602e+00  2.021e+00 
 -2.671e+02 -1.963e-05 -2.538e-05 -1.885e+00  2.622e-04  1.796e-04  1.997e-04 -2.836e-04 
 -2.114e+02 -1.310e-05 -5.986e-05 -1.428e+00  1.796e-04  1.891e-04  2.169e-04 -1.844e-04 
 -2.378e+02 -1.487e-05 -7.127e-05 -1.602e+00  1.997e-04  2.169e-04  2.511e-04 -2.044e-04 
  2.848e+02  2.166e-05  2.092e-05  2.021e+00 -2.836e-04 -1.844e-04 -2.044e-04  3.102e-04 
ERR MATRIX APPROXIMATE
 PARAMETER  CORRELATION COEFFICIENTS  
       NO.  GLOBAL      1      3      4     20     21     22     23     24
        1  0.99981   1.000  0.882  0.475  0.997 -0.977 -0.911 -0.889  0.958
        3  0.98433   0.882  1.000  0.242  0.899 -0.918 -0.722 -0.711  0.932
        4  0.99738   0.475  0.242  1.000  0.416 -0.286 -0.793 -0.820  0.216
       20  0.99930   0.997  0.899  0.416  1.000 -0.988 -0.881 -0.858  0.974
       21  0.99920  -0.977 -0.918 -0.286 -0.988  1.000  0.807  0.778 -0.994
       22  0.99889  -0.911 -0.722 -0.793 -0.881  0.807  1.000  0.996 -0.761
       23  0.99843  -0.889 -0.711 -0.820 -0.858  0.778  0.996  1.000 -0.732
       24  0.99884   0.958  0.932  0.216  0.974 -0.994 -0.761 -0.732  1.000
 ERR MATRIX APPROXIMATE
MINUIT - FIT ONLY 1-CBO + wiggle
 **********
 **   16 **RES 
 **********
                   PARAMETER   16  beta_vw RESTORED TO VARIABLE.
                   PARAMETER   14  alpha_vw RESTORED TO VARIABLE.
                   PARAMETER   13  beta_y RESTORED TO VARIABLE.
                   PARAMETER   11  alpha_y RESTORED TO VARIABLE.
                   PARAMETER   10  beta_2CBO RESTORED TO VARIABLE.
                   PARAMETER    9  alpha_2CBO RESTORED TO VARIABLE.
                   PARAMETER    8  beta_CBO RESTORED TO VARIABLE.
                   PARAMETER    6  alpha_CBO RESTORED TO VARIABLE.
 **********
 **   17 **FIX            8
 **********
 **********
 **   18 **FIX            9
 **********
 **********
 **   19 **FIX           11
 **********
 **********
 **   20 **FIX           12
 **********
 PARAMETER   12  IS CONSTANT.   IGNORED.
 **********
 **   21 **FIX           14
 **********
 **********
 **   22 **FIX           15
 **********
 PARAMETER   15  IS CONSTANT.   IGNORED.
 **********
 **   23 **FIX           16
 **********
 **********
 **   24 **MIGRAD
 **********
 START MIGRAD MINIMIZATION.  STRATEGY  1.  CONVERGENCE WHEN EDM .LT. 1.00e-04
 FCN=41.0294 FROM MIGRAD    STATUS=INITIATE       28 CALLS        1352 TOTAL
                     EDM= unknown      STRATEGY= 1      NO ERROR MATRIX       
  EXT PARAMETER               CURRENT GUESS       STEP         FIRST   
  NO.   NAME      VALUE            ERROR          SIZE      DERIVATIVE 
   1  N0           3.61170e+06   1.68769e+04   2.06388e+02   8.36969e-07
   2  tau          6.43775e+01   constant   
   3  A0           3.75530e-01   1.32036e-03   6.22220e-06  -3.34551e+01
   4  phi          4.12259e+00   5.48634e-03  -3.36973e-04  -7.60694e+01
   5  R           -5.99595e+01   constant   
   6  alpha_CBO    0.00000e+00   1.00000e-03   1.00000e-03  -1.62247e+02
   7  w_CBO        2.32500e+00   constant   
   8  beta_CBO     0.00000e+00     fixed    
   9  alpha_2CBO   0.00000e+00     fixed    
  10  beta_2CBO    0.00000e+00   1.00000e-03   1.00000e-03  -3.16040e+02
  11  alpha_y      0.00000e+00     fixed    
  12  w_y          1.44500e+01   constant   
  13  beta_y       0.00000e+00   1.00000e-03   1.00000e-03  -7.06937e+04
  14  alpha_vw     0.00000e+00     fixed    
  15  w_vw         1.29000e+01   constant   
  16  beta_vw      0.00000e+00     fixed    
  17  LM          -9.22867e-04   constant   
  18  zeta_y       0.00000e+00   constant   
  19  zeta_vw      0.00000e+00   constant   
  20  T_CBO        9.63502e+02   1.10211e+02   1.02438e-02  -1.69597e-03
  21  alpha_A0    -9.33042e-02   1.61935e-02  -4.35006e-04   3.08722e+01
  22  beta_A0     -5.13292e-02   1.37501e-02   2.73791e-04  -2.59580e+01
  23  alpha_phi   -4.35816e-02   1.58457e-02   4.03124e-04  -1.90819e+01
  24  beta_phi     9.19957e-02   1.76128e-02   4.83379e-04   5.51693e+00
 MIGRAD MINIMIZATION HAS CONVERGED.
 MIGRAD WILL VERIFY CONVERGENCE AND ERROR MATRIX.
 FCN=6.13515 FROM MIGRAD    STATUS=CONVERGED    1208 CALLS        2532 TOTAL
                     EDM=5.65091e-05    STRATEGY= 1      ERR MATRIX NOT POS-DEF
  EXT PARAMETER                APPROXIMATE        STEP         FIRST   
  NO.   NAME      VALUE            ERROR          SIZE      DERIVATIVE 
   1  N0           3.55215e+06   4.74363e+03   1.69380e+00   5.00068e-07
   2  tau          6.43775e+01   constant   
   3  A0           3.79697e-01   1.68015e-03   2.90283e-07   1.44654e+00
   4  phi          4.17247e+00   5.04834e-03   1.98959e-06  -2.23809e-02
   5  R           -5.99595e+01   constant   
   6  alpha_CBO   -1.27192e-02   1.34169e-03   2.04353e-07   3.71128e+00
   7  w_CBO        2.32500e+00   constant   
   8  beta_CBO     0.00000e+00     fixed    
   9  alpha_2CBO   0.00000e+00     fixed    
  10  beta_2CBO    2.01200e-03   5.68394e-04   2.11502e-07   2.51676e-01
  11  alpha_y      0.00000e+00     fixed    
  12  w_y          1.44500e+01   constant   
  13  beta_y       9.71388e-04   1.62803e-04   2.10007e-07  -4.35324e-01
  14  alpha_vw     0.00000e+00     fixed    
  15  w_vw         1.29000e+01   constant   
  16  beta_vw      0.00000e+00     fixed    
  17  LM          -9.22867e-04   constant   
  18  zeta_y       0.00000e+00   constant   
  19  zeta_vw      0.00000e+00   constant   
  20  T_CBO        4.02587e+02   3.09460e+02   6.89855e-05   1.23121e-02
  21  alpha_A0    -2.68665e-02   6.09244e-03   8.80480e-07   3.24990e-01
  22  beta_A0     -7.35447e-02   7.98450e-03   9.19783e-07   1.02522e+00
  23  alpha_phi   -1.75514e-02   8.03454e-03   1.24611e-06   6.84503e-01
  24  beta_phi     1.00870e-02   7.26931e-03   1.18604e-06  -4.22568e-01
 EXTERNAL ERROR MATRIX.    NDIM=  25    NPAR= 11    ERR DEF=1
  2.250e+07 
  9.923e-01  2.823e-06 
  2.391e-01  4.416e-06  2.549e-05 
  6.874e-01 -1.474e-06 -4.111e-06  1.800e-06 
  1.480e-01 -3.309e-07  2.658e-07 -2.723e-07  3.231e-07 
 -7.398e-03  8.698e-09  2.323e-09 -1.839e-08  1.425e-09  2.650e-08 
 -5.330e+05 -9.468e-02 -4.820e-01  5.674e-02 -7.098e-03  2.617e-04  1.121e+05 
 -1.944e+01 -2.033e-06  1.172e-05  1.988e-07 -1.773e-07 -3.230e-08 -5.414e-01  3.712e-05 
 -3.720e+00 -2.386e-06 -1.754e-05  2.546e-06 -6.584e-07  1.533e-08 -1.706e+00  1.195e-05  6.375e-05 
 -1.659e+01 -3.349e-06 -1.751e-05 -3.250e-06  2.343e-06  9.529e-08  2.023e-01 -1.963e-08  2.563e-05  6.455e-05 
  2.149e+01  5.404e-06 -1.346e-05  1.628e-07 -1.397e-06  2.841e-08  4.465e-02 -3.803e-05  2.925e-06 -6.695e-06  5.284e-05 
ERR MATRIX NOT POS-DEF
 PARAMETER  CORRELATION COEFFICIENTS  
       NO.  GLOBAL      1      3      4      6     10     13     20     21     22     23     24
        1  0.99648   1.000  0.124  0.010  0.108  0.055 -0.010 -0.336 -0.673 -0.098 -0.435  0.623
        3  0.99122   0.124  1.000  0.521 -0.654 -0.347  0.032 -0.168 -0.199 -0.178 -0.248  0.442
        4  0.99639   0.010  0.521  1.000 -0.607  0.093  0.003 -0.285  0.381 -0.435 -0.432 -0.367
        6  0.99319   0.108 -0.654 -0.607  1.000 -0.357 -0.084  0.126  0.024  0.238 -0.301  0.017
       10  0.95861   0.055 -0.347  0.093 -0.357  1.000  0.015 -0.037 -0.051 -0.145  0.513 -0.338
       13  0.16040  -0.010  0.032  0.003 -0.084  0.015  1.000  0.005 -0.033  0.012  0.073  0.024
       20  0.99701  -0.336 -0.168 -0.285  0.126 -0.037  0.005  1.000 -0.265 -0.638  0.075  0.018
       21  0.99387  -0.673 -0.199  0.381  0.024 -0.051 -0.033 -0.265  1.000  0.246 -0.000 -0.859
       22  0.99611  -0.098 -0.178 -0.435  0.238 -0.145  0.012 -0.638  0.246  1.000  0.400  0.050
       23  0.99293  -0.435 -0.248 -0.432 -0.301  0.513  0.073  0.075 -0.000  0.400  1.000 -0.115
       24  0.99218   0.623  0.442 -0.367  0.017 -0.338  0.024  0.018 -0.859  0.050 -0.115  1.000
 ERR MATRIX NOT POS-DEF
MINUIT - FIT ONLY 2-CBO
 **********
 **   25 **RES 
 **********
                   PARAMETER   16  beta_vw RESTORED TO VARIABLE.
                   PARAMETER   14  alpha_vw RESTORED TO VARIABLE.
                   PARAMETER   11  alpha_y RESTORED TO VARIABLE.
                   PARAMETER    9  alpha_2CBO RESTORED TO VARIABLE.
                   PARAMETER    8  beta_CBO RESTORED TO VARIABLE.
 **********
 **   26 **FIX            0
 **********
 PARAMETER    0  IS UNDEFINED. IGNORED.
 **********
 **   27 **FIX            1
 **********
 **********
 **   28 **FIX            2
 **********
 PARAMETER    2  IS CONSTANT.   IGNORED.
 **********
 **   29 **FIX            3
 **********
 **********
 **   30 **FIX            4
 **********
 **********
 **   31 **FIX            5
 **********
 PARAMETER    5  IS CONSTANT.   IGNORED.
 **********
 **   32 **FIX            6
 **********
 **********
 **   33 **FIX            7
 **********
 PARAMETER    7  IS CONSTANT.   IGNORED.
 **********
 **   34 **FIX           10
 **********
 **********
 **   35 **FIX           11
 **********
 **********
 **   36 **FIX           12
 **********
 PARAMETER   12  IS CONSTANT.   IGNORED.
 **********
 **   37 **FIX           13
 **********
 **********
 **   38 **FIX           14
 **********
 **********
 **   39 **FIX           15
 **********
 PARAMETER   15  IS CONSTANT.   IGNORED.
 **********
 **   40 **FIX           16
 **********
 **********
 **   41 **MIGRAD
 **********
 START MIGRAD MINIMIZATION.  STRATEGY  1.  CONVERGENCE WHEN EDM .LT. 1.00e-04
 FCN=6.13515 FROM MIGRAD    STATUS=INITIATE       18 CALLS        2550 TOTAL
                     EDM= unknown      STRATEGY= 1      NO ERROR MATRIX       
  EXT PARAMETER               CURRENT GUESS       STEP         FIRST   
  NO.   NAME      VALUE            ERROR          SIZE      DERIVATIVE 
   1  N0           3.55215e+06     fixed    
   2  tau          6.43775e+01   constant   
   3  A0           3.79697e-01     fixed    
   4  phi          4.17247e+00     fixed    
   5  R           -5.99595e+01   constant   
   6  alpha_CBO   -1.27192e-02     fixed    
   7  w_CBO        2.32500e+00   constant   
   8  beta_CBO     0.00000e+00   1.00000e-03   1.00000e-03  -3.35587e+00
   9  alpha_2CBO   0.00000e+00   1.00000e-03   1.00000e-03   6.22312e+02
  10  beta_2CBO    2.01200e-03     fixed    
  11  alpha_y      0.00000e+00     fixed    
  12  w_y          1.44500e+01   constant   
  13  beta_y       9.71388e-04     fixed    
  14  alpha_vw     0.00000e+00     fixed    
  15  w_vw         1.29000e+01   constant   
  16  beta_vw      0.00000e+00     fixed    
  17  LM          -9.22867e-04   constant   
  18  zeta_y       0.00000e+00   constant   
  19  zeta_vw      0.00000e+00   constant   
  20  T_CBO        4.02587e+02   3.09460e+02   6.89855e-05  -1.23164e-02
  21  alpha_A0    -2.68665e-02   6.09244e-03   8.80480e-07   3.25034e-01
  22  beta_A0     -7.35447e-02   7.98450e-03   9.19783e-07   1.02519e+00
  23  alpha_phi   -1.75514e-02   8.03454e-03   1.24611e-06   6.84509e-01
  24  beta_phi     1.00870e-02   7.26931e-03   1.18604e-06  -4.22570e-01
 MIGRAD MINIMIZATION HAS CONVERGED.
 MIGRAD WILL VERIFY CONVERGENCE AND ERROR MATRIX.
 COVARIANCE MATRIX CALCULATED SUCCESSFULLY
 FCN=6.12213 FROM HESSE     STATUS=OK             50 CALLS        2696 TOTAL
                     EDM=8.08445e-05    STRATEGY= 1      ERROR MATRIX ACCURATE 
  EXT PARAMETER                                   STEP         FIRST   
  NO.   NAME      VALUE            ERROR          SIZE      DERIVATIVE 
   1  N0           3.55215e+06     fixed    
   2  tau          6.43775e+01   constant   
   3  A0           3.79697e-01     fixed    
   4  phi          4.17247e+00     fixed    
   5  R           -5.99595e+01   constant   
   6  alpha_CBO   -1.27192e-02     fixed    
   7  w_CBO        2.32500e+00   constant   
   8  beta_CBO    -2.07393e-05   4.47314e-04   2.09011e-07  -8.98022e-01
   9  alpha_2CBO  -4.19420e-05   3.70012e-04   2.02089e-07  -6.84765e+00
  10  beta_2CBO    2.01200e-03     fixed    
  11  alpha_y      0.00000e+00     fixed    
  12  w_y          1.44500e+01   constant   
  13  beta_y       9.71388e-04     fixed    
  14  alpha_vw     0.00000e+00     fixed    
  15  w_vw         1.29000e+01   constant   
  16  beta_vw      0.00000e+00     fixed    
  17  LM          -9.22867e-04   constant   
  18  zeta_y       0.00000e+00   constant   
  19  zeta_vw      0.00000e+00   constant   
  20  T_CBO        4.02897e+02   7.67695e+02   6.90418e-05  -7.75990e-03
  21  alpha_A0    -2.67501e-02   1.65742e-02   8.79599e-07  -8.40265e-01
  22  beta_A0     -7.35900e-02   4.56743e-02   9.18757e-07   6.26086e-01
  23  alpha_phi   -1.74796e-02   1.12794e-02   1.24473e-06  -4.47339e-01
  24  beta_phi     1.02760e-02   7.32450e-03   1.18475e-06  -4.94407e-01
 CALL LIMIT EXCEEDED IN MIGRAD.
 MIGRAD TERMINATED WITHOUT CONVERGENCE.
 FCN=6.12056 FROM MIGRAD    STATUS=CALL LIMIT   1148 CALLS        3680 TOTAL
                     EDM=3.72581e-05    STRATEGY= 1  ERROR MATRIX UNCERTAINTY  25.9 per cent
  EXT PARAMETER                APPROXIMATE        STEP         FIRST   
  NO.   NAME      VALUE            ERROR          SIZE      DERIVATIVE 
   1  N0           3.55215e+06     fixed    
   2  tau          6.43775e+01   constant   
   3  A0           3.79697e-01     fixed    
   4  phi          4.17247e+00     fixed    
   5  R           -5.99595e+01   constant   
   6  alpha_CBO   -1.27192e-02     fixed    
   7  w_CBO        2.32500e+00   constant   
   8  beta_CBO    -1.63408e-06   4.02098e-04   1.34562e-06   1.57972e+01
   9  alpha_2CBO  -4.49236e-05   3.45221e-04   8.34014e-07   4.54758e+01
  10  beta_2CBO    2.01200e-03     fixed    
  11  alpha_y      0.00000e+00     fixed    
  12  w_y          1.44500e+01   constant   
  13  beta_y       9.71388e-04     fixed    
  14  alpha_vw     0.00000e+00     fixed    
  15  w_vw         1.29000e+01   constant   
  16  beta_vw      0.00000e+00     fixed    
  17  LM          -9.22867e-04   constant   
  18  zeta_y       0.00000e+00   constant   
  19  zeta_vw      0.00000e+00   constant   
  20  T_CBO        7.13520e+02   6.24058e+02   3.85932e-02  -1.76972e-02
  21  alpha_A0    -2.53189e-02   8.27970e-03   4.40234e-05   9.02880e+00
  22  beta_A0     -6.96313e-02   2.27834e-02   1.25256e-04   1.31632e+00
  23  alpha_phi   -1.65092e-02   5.66899e-03   3.00846e-05   3.33782e+00
  24  beta_phi     9.68037e-03   4.26181e-03  -2.32594e-05   1.66459e+00
 EXTERNAL ERROR MATRIX.    NDIM=  25    NPAR=  7    ERR DEF=1
  1.617e-07  5.577e-08  3.779e-01  8.347e-07  2.618e-06  4.685e-07 -1.273e-06 
  5.577e-08  1.192e-07 -1.209e-02 -3.793e-07  2.717e-08 -2.326e-07 -5.074e-07 
  3.779e-01 -1.209e-02  9.434e+06  2.516e+01  6.986e+01  1.703e+01 -1.065e+01 
  8.347e-07 -3.793e-07  2.516e+01  6.855e-05  1.861e-04  4.594e-05 -2.690e-05 
  2.618e-06  2.717e-08  6.986e+01  1.861e-04  5.191e-04  1.263e-04 -7.810e-05 
  4.685e-07 -2.326e-07  1.703e+01  4.594e-05  1.263e-04  3.214e-05 -1.764e-05 
 -1.273e-06 -5.074e-07 -1.065e+01 -2.690e-05 -7.810e-05 -1.764e-05  1.816e-05 
ERR MATRIX APPROXIMATE
 PARAMETER  CORRELATION COEFFICIENTS  
       NO.  GLOBAL      8      9     20     21     22     23     24
        8  0.91888   1.000  0.402  0.306  0.251  0.286  0.206 -0.743
        9  0.90679   0.402  1.000 -0.011 -0.133  0.003 -0.119 -0.345
       20  0.99914   0.306 -0.011  1.000  0.989  0.998  0.978 -0.813
       21  0.99678   0.251 -0.133  0.989  1.000  0.986  0.979 -0.762
       22  0.99899   0.286  0.003  0.998  0.986  1.000  0.978 -0.804
       23  0.98651   0.206 -0.119  0.978  0.979  0.978  1.000 -0.730
       24  0.97644  -0.743 -0.345 -0.813 -0.762 -0.804 -0.730  1.000
 ERR MATRIX APPROXIMATE
MINUIT - FIT wiggle + 1-CBO + 2-CBO
 **********
 **   42 **RES 
 **********
                   PARAMETER   16  beta_vw RESTORED TO VARIABLE.
                   PARAMETER   14  alpha_vw RESTORED TO VARIABLE.
                   PARAMETER   13  beta_y RESTORED TO VARIABLE.
                   PARAMETER   11  alpha_y RESTORED TO VARIABLE.
                   PARAMETER   10  beta_2CBO RESTORED TO VARIABLE.
                   PARAMETER    6  alpha_CBO RESTORED TO VARIABLE.
                   PARAMETER    4  phi RESTORED TO VARIABLE.
                   PARAMETER    3  A0 RESTORED TO VARIABLE.
                   PARAMETER    1  N0 RESTORED TO VARIABLE.
 **********
 **   43 **FIX           10
 **********
 **********
 **   44 **FIX           11
 **********
 **********
 **   45 **FIX           12
 **********
 PARAMETER   12  IS CONSTANT.   IGNORED.
 **********
 **   46 **FIX           13
 **********
 **********
 **   47 **FIX           14
 **********
 **********
 **   48 **FIX           15
 **********
 PARAMETER   15  IS CONSTANT.   IGNORED.
 **********
 **   49 **FIX           16
 **********
 **********
 **   50 **MIGRAD
 **********
 START MIGRAD MINIMIZATION.  STRATEGY  1.  CONVERGENCE WHEN EDM .LT. 1.00e-04
 FCN=6.12056 FROM MIGRAD    STATUS=INITIATE       22 CALLS        3702 TOTAL
                     EDM= unknown      STRATEGY= 1      NO ERROR MATRIX       
  EXT PARAMETER               CURRENT GUESS       STEP         FIRST   
  NO.   NAME      VALUE            ERROR          SIZE      DERIVATIVE 
   1  N0           3.55215e+06   4.74363e+03   4.74363e+03   2.52335e-06
   2  tau          6.43775e+01   constant   
   3  A0           3.79697e-01   1.68015e-03   1.68015e-03   8.23973e+01
   4  phi          4.17247e+00   5.04834e-03   5.04834e-03   2.64733e+01
   5  R           -5.99595e+01   constant   
   6  alpha_CBO   -1.27192e-02   1.34169e-03   1.34169e-03   2.54585e+02
   7  w_CBO        2.32500e+00   constant   
   8  beta_CBO    -1.63408e-06   4.02098e-04   1.34562e-06   1.57972e+01
   9  alpha_2CBO  -4.49236e-05   3.45221e-04   8.34014e-07   4.54758e+01
  10  beta_2CBO    2.01200e-03     fixed    
  11  alpha_y      0.00000e+00     fixed    
  12  w_y          1.44500e+01   constant   
  13  beta_y       9.71388e-04     fixed    
  14  alpha_vw     0.00000e+00     fixed    
  15  w_vw         1.29000e+01   constant   
  16  beta_vw      0.00000e+00     fixed    
  17  LM          -9.22867e-04   constant   
  18  zeta_y       0.00000e+00   constant   
  19  zeta_vw      0.00000e+00   constant   
  20  T_CBO        7.13520e+02   6.24058e+02   3.85932e-02  -1.76977e-02
  21  alpha_A0    -2.53189e-02   8.27970e-03   4.40234e-05   9.02880e+00
  22  beta_A0     -6.96313e-02   2.27834e-02   1.25256e-04   1.31632e+00
  23  alpha_phi   -1.65092e-02   5.66899e-03   3.00846e-05   3.33782e+00
  24  beta_phi     9.68037e-03   4.26181e-03  -2.32594e-05   1.66459e+00
 MIGRAD MINIMIZATION HAS CONVERGED.
 MIGRAD WILL VERIFY CONVERGENCE AND ERROR MATRIX.
 FCN=5.93675 FROM HESSE     STATUS=NOT POSDEF    100 CALLS        4096 TOTAL
                     EDM=0.000590108    STRATEGY= 1      ERR MATRIX NOT POS-DEF
  EXT PARAMETER                APPROXIMATE        STEP         FIRST   
  NO.   NAME      VALUE            ERROR          SIZE      DERIVATIVE 
   1  N0           3.55186e+06   4.98454e+03   1.69366e+00  -4.98508e-06
   2  tau          6.43775e+01   constant   
   3  A0           3.79661e-01   2.68568e-03   2.86264e-07   7.16872e+00
   4  phi          4.17337e+00   5.27103e-03   1.99002e-06   2.01899e+00
   5  R           -5.99595e+01   constant   
   6  alpha_CBO   -1.42420e-02   1.57239e-03   2.01412e-07  -3.00774e+00
   7  w_CBO        2.32500e+00   constant   
   8  beta_CBO    -1.29968e-03   1.57354e-03   2.06358e-07   1.09073e+01
   9  alpha_2CBO  -6.36551e-04   5.58392e-04   1.99442e-07   6.21192e+00
  10  beta_2CBO    2.01200e-03     fixed    
  11  alpha_y      0.00000e+00     fixed    
  12  w_y          1.44500e+01   constant   
  13  beta_y       9.71388e-04     fixed    
  14  alpha_vw     0.00000e+00     fixed    
  15  w_vw         1.29000e+01   constant   
  16  beta_vw      0.00000e+00     fixed    
  17  LM          -9.22867e-04   constant   
  18  zeta_y       0.00000e+00   constant   
  19  zeta_vw      0.00000e+00   constant   
  20  T_CBO        6.03001e+02   7.92656e+02   1.53882e-04   1.25126e-03
  21  alpha_A0    -2.49745e-02   6.32326e-03   8.35113e-07   5.82326e-01
  22  beta_A0     -6.88999e-02   7.60037e-03   8.66658e-07  -6.55809e-01
  23  alpha_phi   -7.61818e-03   8.90514e-03   1.17785e-06   1.05760e+00
  24  beta_phi     1.74521e-02   8.67973e-03   1.11992e-06   2.06859e-01
 CALL LIMIT EXCEEDED IN MIGRAD.
 MIGRAD TERMINATED WITHOUT CONVERGENCE.
 FCN=5.85514 FROM MIGRAD    STATUS=CALL LIMIT   1920 CALLS        5600 TOTAL
                     EDM=0.00230405    STRATEGY= 1      ERR MATRIX NOT POS-DEF
  EXT PARAMETER                APPROXIMATE        STEP         FIRST   
  NO.   NAME      VALUE            ERROR          SIZE      DERIVATIVE 
   1  N0           3.58171e+06   7.49064e+04   6.55181e+02   2.27516e-05
   2  tau          6.43775e+01   constant   
   3  A0           3.72776e-01   1.14737e-02   1.43795e-04   6.08884e+01
   4  phi          4.10892e+00   4.37015e-02  -2.35716e-04   6.31550e+01
   5  R           -5.99595e+01   constant   
   6  alpha_CBO   -4.77749e-03   8.04745e-03  -1.67588e-06   2.75757e+02
   7  w_CBO        2.32500e+00   constant   
   8  beta_CBO    -2.11518e-03   6.11509e-03   2.24835e-05   5.47633e+01
   9  alpha_2CBO  -1.35733e-03   2.37717e-03  -2.55829e-05   1.36149e+02
  10  beta_2CBO    2.01200e-03     fixed    
  11  alpha_y      0.00000e+00     fixed    
  12  w_y          1.44500e+01   constant   
  13  beta_y       9.71388e-04     fixed    
  14  alpha_vw     0.00000e+00     fixed    
  15  w_vw         1.29000e+01   constant   
  16  beta_vw      0.00000e+00     fixed    
  17  LM          -9.22867e-04   constant   
  18  zeta_y       0.00000e+00   constant   
  19  zeta_vw      0.00000e+00   constant   
  20  T_CBO        2.63910e+02   5.13200e+01   1.77869e-03   4.40553e-01
  21  alpha_A0    -8.40926e-02   9.36731e-02  -9.65626e-04   1.17101e+01
  22  beta_A0     -1.90720e-02   1.56529e-02  -2.00646e-04  -1.08995e+01
  23  alpha_phi    3.43239e-02   1.33719e-02  -1.14452e-04   4.76000e+01
  24  beta_phi     9.27054e-02   1.31948e-01   1.24235e-03   6.16979e+00
 EXTERNAL ERROR MATRIX.    NDIM=  25    NPAR= 11    ERR DEF=1
  5.611e+09 
 -1.861e+02  1.316e-04 
 -3.168e+03  1.197e-04  1.910e-03 
  5.248e+02 -5.259e-05 -3.210e-04  6.476e-05 
 -2.935e+02  5.806e-05  1.591e-04 -3.675e-05  3.739e-05 
 -1.674e+02  2.407e-06  9.146e-05 -1.338e-05  8.762e-06  5.651e-06 
  1.249e+06  3.138e-01 -2.937e-01 -3.752e-02  4.086e-02 -5.174e-02  2.646e+03 
 -6.888e+03  4.697e-05  3.948e-03 -6.067e-04  2.825e-04  2.081e-04 -1.792e+00  8.775e-03 
  4.959e+02 -1.214e-04 -4.032e-04  9.023e-05 -5.954e-05 -1.136e-05 -5.455e-01 -5.328e-04  2.450e-04 
  3.414e+01 -2.711e-05 -8.795e-05  4.096e-06 -2.184e-05 -6.318e-06 -3.379e-01 -5.102e-05  1.214e-04  1.788e-04 
  9.818e+03 -2.074e-04 -5.566e-03  8.761e-04 -4.795e-04 -3.020e-04  2.351e+00 -1.225e-02  8.345e-04  1.750e-04  1.741e-02 
ERR MATRIX NOT POS-DEF
 PARAMETER  CORRELATION COEFFICIENTS  
       NO.  GLOBAL      1      3      4      6      8      9     20     21     22     23     24
        1  1.00000   1.000 -0.217 -0.968  0.871 -0.641 -0.940  0.324 -0.982  0.423  0.034  0.993
        3  0.99996  -0.217  1.000  0.239 -0.570  0.828  0.088  0.532  0.044 -0.676 -0.177 -0.137
        4  0.99999  -0.968  0.239  1.000 -0.913  0.595  0.880 -0.131  0.964 -0.589 -0.151 -0.965
        6  0.99998   0.871 -0.570 -0.913  1.000 -0.747 -0.699 -0.091 -0.805  0.716  0.038  0.825
        8  0.99982  -0.641  0.828  0.595 -0.747  1.000  0.603  0.130  0.493 -0.622 -0.267 -0.594
        9  0.99932  -0.940  0.088  0.880 -0.699  0.603  1.000 -0.423  0.934 -0.305 -0.199 -0.963
       20  0.98982   0.324  0.532 -0.131 -0.091  0.130 -0.423  1.000 -0.372 -0.678 -0.491  0.346
       21  0.99999  -0.982  0.044  0.964 -0.805  0.493  0.934 -0.372  1.000 -0.363 -0.041 -0.991
       22  0.99976   0.423 -0.676 -0.589  0.716 -0.622 -0.305 -0.678 -0.363  1.000  0.580  0.404
       23  0.99972   0.034 -0.177 -0.151  0.038 -0.267 -0.199 -0.491 -0.041  0.580  1.000  0.099
       24  0.99999   0.993 -0.137 -0.965  0.825 -0.594 -0.963  0.346 -0.991  0.404  0.099  1.000
 ERR MATRIX NOT POS-DEF
MINUIT - FIT ONLY 1-y
 **********
 **   51 **RES 
 **********
                   PARAMETER   16  beta_vw RESTORED TO VARIABLE.
                   PARAMETER   14  alpha_vw RESTORED TO VARIABLE.
                   PARAMETER   13  beta_y RESTORED TO VARIABLE.
                   PARAMETER   11  alpha_y RESTORED TO VARIABLE.
                   PARAMETER   10  beta_2CBO RESTORED TO VARIABLE.
 **********
 **   52 **FIX            0
 **********
 PARAMETER    0  IS UNDEFINED. IGNORED.
 **********
 **   53 **FIX            1
 **********
 **********
 **   54 **FIX            2
 **********
 PARAMETER    2  IS CONSTANT.   IGNORED.
 **********
 **   55 **FIX            3
 **********
 **********
 **   56 **FIX            4
 **********
 **********
 **   57 **FIX            5
 **********
 PARAMETER    5  IS CONSTANT.   IGNORED.
 **********
 **   58 **FIX            6
 **********
 **********
 **   59 **FIX            7
 **********
 PARAMETER    7  IS CONSTANT.   IGNORED.
 **********
 **   60 **FIX            8
 **********
 **********
 **   61 **FIX            9
 **********
 **********
 **   62 **FIX           13
 **********
 **********
 **   63 **FIX           14
 **********
 **********
 **   64 **FIX           15
 **********
 PARAMETER   15  IS CONSTANT.   IGNORED.
 **********
 **   65 **FIX           16
 **********
 **********
 **   66 **MIGRAD
 **********
 START MIGRAD MINIMIZATION.  STRATEGY  1.  CONVERGENCE WHEN EDM .LT. 1.00e-04
 FCN=5.85514 FROM MIGRAD    STATUS=INITIATE       16 CALLS        5616 TOTAL
                     EDM= unknown      STRATEGY= 1      NO ERROR MATRIX       
  EXT PARAMETER               CURRENT GUESS       STEP         FIRST   
  NO.   NAME      VALUE            ERROR          SIZE      DERIVATIVE 
   1  N0           3.58171e+06     fixed    
   2  tau          6.43775e+01   constant   
   3  A0           3.72776e-01     fixed    
   4  phi          4.10892e+00     fixed    
   5  R           -5.99595e+01   constant   
   6  alpha_CBO   -4.77749e-03     fixed    
   7  w_CBO        2.32500e+00   constant   
   8  beta_CBO    -2.11518e-03     fixed    
   9  alpha_2CBO  -1.35733e-03     fixed    
  10  beta_2CBO    2.01200e-03   5.68394e-04   5.68394e-04  -1.98022e+02
  11  alpha_y      0.00000e+00   1.00000e-03   1.00000e-03   5.60239e+03
  12  w_y          1.44500e+01   constant   
  13  beta_y       9.71388e-04     fixed    
  14  alpha_vw     0.00000e+00     fixed    
  15  w_vw         1.29000e+01   constant   
  16  beta_vw      0.00000e+00     fixed    
  17  LM          -9.22867e-04   constant   
  18  zeta_y       0.00000e+00   constant   
  19  zeta_vw      0.00000e+00   constant   
  20  T_CBO        2.63910e+02   5.13200e+01   1.77869e-03   4.40553e-01
  21  alpha_A0    -8.40926e-02   9.36731e-02  -9.65626e-04   1.17101e+01
  22  beta_A0     -1.90720e-02   1.56529e-02  -2.00646e-04  -1.08995e+01
  23  alpha_phi    3.43239e-02   1.33719e-02  -1.14452e-04   4.76000e+01
  24  beta_phi     9.27054e-02   1.31948e-01   1.24235e-03   6.16979e+00
 MIGRAD MINIMIZATION HAS CONVERGED.
 MIGRAD WILL VERIFY CONVERGENCE AND ERROR MATRIX.
 COVARIANCE MATRIX CALCULATED SUCCESSFULLY
 FCN=5.65789 FROM HESSE     STATUS=OK             50 CALLS        5728 TOTAL
                     EDM=0.000823026    STRATEGY= 1      ERROR MATRIX ACCURATE 
  EXT PARAMETER                                   STEP         FIRST   
  NO.   NAME      VALUE            ERROR          SIZE      DERIVATIVE 
   1  N0           3.58171e+06     fixed    
   2  tau          6.43775e+01   constant   
   3  A0           3.72776e-01     fixed    
   4  phi          4.10892e+00     fixed    
   5  R           -5.99595e+01   constant   
   6  alpha_CBO   -4.77749e-03     fixed    
   7  w_CBO        2.32500e+00   constant   
   8  beta_CBO    -2.11518e-03     fixed    
   9  alpha_2CBO  -1.35733e-03     fixed    
  10  beta_2CBO    2.01492e-03   2.58602e-04   2.04541e-07  -1.56306e+01
  11  alpha_y     -7.00935e-05   1.58341e-04   1.96979e-07  -9.60540e-01
  12  w_y          1.44500e+01   constant   
  13  beta_y       9.71388e-04     fixed    
  14  alpha_vw     0.00000e+00     fixed    
  15  w_vw         1.29000e+01   constant   
  16  beta_vw      0.00000e+00     fixed    
  17  LM          -9.22867e-04   constant   
  18  zeta_y       0.00000e+00   constant   
  19  zeta_vw      0.00000e+00   constant   
  20  T_CBO        2.64025e+02   5.30607e+02   2.43290e-05  -3.65656e-02
  21  alpha_A0    -8.41260e-02   6.12286e-02   9.08367e-07  -1.21302e+00
  22  beta_A0     -1.90373e-02   1.45144e-02   9.34670e-07  -1.18075e+00
  23  alpha_phi    3.43129e-02   2.40211e-02   1.34301e-06  -7.72748e-02
  24  beta_phi     9.26886e-02   6.78824e-02   1.20783e-06  -1.72690e+00
 CALL LIMIT EXCEEDED IN MIGRAD.
 MIGRAD TERMINATED WITHOUT CONVERGENCE.
 FCN=5.65233 FROM MIGRAD    STATUS=CALL LIMIT   1153 CALLS        6753 TOTAL
                     EDM=0.000132192    STRATEGY= 1  ERROR MATRIX UNCERTAINTY  68.5 per cent
  EXT PARAMETER                APPROXIMATE        STEP         FIRST   
  NO.   NAME      VALUE            ERROR          SIZE      DERIVATIVE 
   1  N0           3.58171e+06     fixed    
   2  tau          6.43775e+01   constant   
   3  A0           3.72776e-01     fixed    
   4  phi          4.10892e+00     fixed    
   5  R           -5.99595e+01   constant   
   6  alpha_CBO   -4.77749e-03     fixed    
   7  w_CBO        2.32500e+00   constant   
   8  beta_CBO    -2.11518e-03     fixed    
   9  alpha_2CBO  -1.35733e-03     fixed    
  10  beta_2CBO    2.02213e-03   2.37084e-04   2.11512e-07  -7.38455e+01
  11  alpha_y     -7.11625e-05   1.58104e-04  -1.10514e-11  -8.12519e+00
  12  w_y          1.44500e+01   constant   
  13  beta_y       9.71388e-04     fixed    
  14  alpha_vw     0.00000e+00     fixed    
  15  w_vw         1.29000e+01   constant   
  16  beta_vw      0.00000e+00     fixed    
  17  LM          -9.22867e-04   constant   
  18  zeta_y       0.00000e+00   constant   
  19  zeta_vw      0.00000e+00   constant   
  20  T_CBO        4.76691e+02   7.33600e+02   3.05995e-03  -1.22010e-01
  21  alpha_A0    -7.72825e-02   1.49751e-02   2.73507e-05   6.61167e+00
  22  beta_A0     -1.74199e-02   3.65923e-03   6.28859e-06  -1.92439e+00
  23  alpha_phi    3.16259e-02   6.03701e-03  -1.05220e-05   3.88419e+00
  24  beta_phi     8.51068e-02   1.65752e-02  -3.05458e-05  -8.19380e+00
 EXTERNAL ERROR MATRIX.    NDIM=  25    NPAR=  7    ERR DEF=1
  5.621e-08 -6.243e-10  5.082e-03  3.933e-08 -1.025e-07  1.345e-07 -1.990e-07 
 -6.243e-10  2.500e-08 -2.305e-03 -2.672e-08 -2.230e-08  1.034e-08  4.458e-08 
  5.082e-03 -2.305e-03  7.374e+05  1.285e+01  3.041e+00 -5.065e+00 -1.421e+01 
  3.933e-08 -2.672e-08  1.285e+01  2.243e-04  5.296e-05 -8.850e-05 -2.473e-04 
 -1.025e-07 -2.230e-08  3.041e+00  5.296e-05  1.339e-05 -2.116e-05 -5.825e-05 
  1.345e-07  1.034e-08 -5.065e+00 -8.850e-05 -2.116e-05  3.645e-05  9.733e-05 
 -1.990e-07  4.458e-08 -1.421e+01 -2.473e-04 -5.825e-05  9.733e-05  2.747e-04 
ERR MATRIX APPROXIMATE
 PARAMETER  CORRELATION COEFFICIENTS  
       NO.  GLOBAL     10     11     20     21     22     23     24
       10  0.75151   1.000 -0.017  0.025  0.011 -0.118  0.094 -0.051
       11  0.15619  -0.017  1.000 -0.017 -0.011 -0.039  0.011  0.017
       20  0.99967   0.025 -0.017  1.000  0.999  0.968 -0.977 -0.998
       21  0.99924   0.011 -0.011  0.999  1.000  0.966 -0.979 -0.997
       22  0.98158  -0.118 -0.039  0.968  0.966  1.000 -0.958 -0.960
       23  0.98476   0.094  0.011 -0.977 -0.979 -0.958  1.000  0.973
       24  0.99885  -0.051  0.017 -0.998 -0.997 -0.960  0.973  1.000
 ERR MATRIX APPROXIMATE
MINUIT - FIT ONLY 2-y
 **********
 **   67 **RES 
 **********
                   PARAMETER   16  beta_vw RESTORED TO VARIABLE.
                   PARAMETER   14  alpha_vw RESTORED TO VARIABLE.
                   PARAMETER   13  beta_y RESTORED TO VARIABLE.
                   PARAMETER    9  alpha_2CBO RESTORED TO VARIABLE.
                   PARAMETER    8  beta_CBO RESTORED TO VARIABLE.
                   PARAMETER    6  alpha_CBO RESTORED TO VARIABLE.
                   PARAMETER    4  phi RESTORED TO VARIABLE.
                   PARAMETER    3  A0 RESTORED TO VARIABLE.
                   PARAMETER    1  N0 RESTORED TO VARIABLE.
 **********
 **   68 **FIX            0
 **********
 PARAMETER    0  IS UNDEFINED. IGNORED.
 **********
 **   69 **FIX            1
 **********
 **********
 **   70 **FIX            2
 **********
 PARAMETER    2  IS CONSTANT.   IGNORED.
 **********
 **   71 **FIX            3
 **********
