 + ++++++++++++++++++++++++++++++++++++++++++++++++++++++++++++++++++++ +
 +                                                                      +
 +           You have chose to blind your fitting according to          +
 +                omega_ref * (1 + (R +/- deltaR) *10^{-6})             +
 +                                                                      +
 + ++++++++++++++++++++++++++++++++++++++++++++++++++++++++++++++++++++ +
In main()...
reading format from /gm2data/zkhechad/run45/envelope/formats/formatB_sBin_constraintOn.txt
pBinTau 	= 0  
pBinPhi 	= 0  
constraintau 	= 1 
includeMopTerm 	= 0    
constrainMop    = 0   
Parameters after format file: pBinTau 0 pBinPhi 0 constraintau 1 includeMopTerm 0 constrainMop 0 c_e_scale 0.000000 
Opening file /gm2data/tbarrett/gm2fr/studies/run23_bunch_corrections/CorrectedFourier_Run3b.root.
reading full fit data from /gm2data/zkhechad/cboTemplates/Run4CBOTemplates/templateFits0_v2.0/noRF/sBin_constraintOn_cE0.0_seed0_noRF_calo12.root
windowBins = 69
fitting sliding window 1768 from bin 1904 at 283.927600 to bin 1973 at 294.371600 (69 bins)

Reading data from /gm2data/cornell/histograms/aMethod/histogram_a_noRF.root
 **********
 **    1 **SET PRINTOUT            1
 **********
 **********
 **    2 **SET NOWARNINGS 
 **********
 PARAMETER DEFINITIONS:
    NO.   NAME         VALUE      STEP SIZE      LIMITS
     1 N0           3.55039e+06  1.00000e+02     no limits
     2 tau          6.43775e+01  constant
     3 A0           3.53586e-01  1.00000e-04     no limits
     4 phi          4.11784e+00  1.00000e-02     no limits
     5 R           -5.99595e+01  constant
     6 alpha_CBO    0.00000e+00  1.00000e-03     no limits
     7 w_CBO        2.32500e+00  constant
     8 beta_CBO     0.00000e+00  1.00000e-03     no limits
     9 alpha_2CBO   0.00000e+00  1.00000e-03     no limits
    10 beta_2CBO    0.00000e+00  1.00000e-03     no limits
    11 alpha_y      0.00000e+00  1.00000e-03     no limits
    12 w_y          1.44500e+01  constant
    13 beta_y       0.00000e+00  1.00000e-03     no limits
    14 alpha_vw     0.00000e+00  1.00000e-03     no limits
    15 w_vw         1.29000e+01  constant
    16 beta_vw      0.00000e+00  1.00000e-03     no limits
    17 LM          -9.22867e-04  constant
    18 zeta_y       0.00000e+00  constant
    19 zeta_vw      0.00000e+00  constant
    20 T_CBO        1.00000e+02  1.00000e+00    0.00000e+00  1.00000e+03
    21 alpha_A0     0.00000e+00  1.00000e-03     no limits
    22 beta_A0      0.00000e+00  1.00000e-03     no limits
    23 alpha_phi    0.00000e+00  1.00000e-03     no limits
    24 beta_phi     0.00000e+00  1.00000e-03     no limits
MINUIT - FIT ONLY WIGGLE
 **********
 **    3 **FIX            5
 **********
 PARAMETER    5  IS CONSTANT.   IGNORED.
 **********
 **    4 **FIX            6
 **********
 **********
 **    5 **FIX            7
 **********
 PARAMETER    7  IS CONSTANT.   IGNORED.
 **********
 **    6 **FIX            8
 **********
 **********
 **    7 **FIX            9
 **********
 **********
 **    8 **FIX           10
 **********
 **********
 **    9 **FIX           11
 **********
 **********
 **   10 **FIX           12
 **********
 PARAMETER   12  IS CONSTANT.   IGNORED.
 **********
 **   11 **FIX           13
 **********
 **********
 **   12 **FIX           14
 **********
 **********
 **   13 **FIX           15
 **********
 PARAMETER   15  IS CONSTANT.   IGNORED.
 **********
 **   14 **FIX           16
 **********
 **********
 **   15 **MIGRAD
 **********
 FIRST CALL TO USER FUNCTION AT NEW START POINT, WITH IFLAG=4.
 START MIGRAD MINIMIZATION.  STRATEGY  1.  CONVERGENCE WHEN EDM .LT. 1.00e-04
 FCN=55.6731 FROM MIGRAD    STATUS=INITIATE      437 CALLS         438 TOTAL
                     EDM= unknown      STRATEGY= 1      NO ERROR MATRIX       
  EXT PARAMETER               CURRENT GUESS       STEP         FIRST   
  NO.   NAME      VALUE            ERROR          SIZE      DERIVATIVE 
   1  N0           3.55039e+06   1.00000e+02   0.00000e+00  -1.27352e-03
   2  tau          6.43775e+01   constant   
   3  A0           3.53586e-01   1.00000e-04   0.00000e+00   4.10460e+01
   4  phi          4.11784e+00   1.00000e-02   0.00000e+00   2.40076e+03
   5  R           -5.99595e+01   constant   
   6  alpha_CBO    0.00000e+00     fixed    
   7  w_CBO        2.32500e+00   constant   
   8  beta_CBO     0.00000e+00     fixed    
   9  alpha_2CBO   0.00000e+00     fixed    
  10  beta_2CBO    0.00000e+00     fixed    
  11  alpha_y      0.00000e+00     fixed    
  12  w_y          1.44500e+01   constant   
  13  beta_y       0.00000e+00     fixed    
  14  alpha_vw     0.00000e+00     fixed    
  15  w_vw         1.29000e+01   constant   
  16  beta_vw      0.00000e+00     fixed    
  17  LM          -9.22867e-04   constant   
  18  zeta_y       0.00000e+00   constant   
  19  zeta_vw      0.00000e+00   constant   
  20  T_CBO        1.00000e+02   1.00000e+00   0.00000e+00   0.00000e+00
  21  alpha_A0     0.00000e+00   1.00000e-03   0.00000e+00  -6.64118e+01
  22  beta_A0      0.00000e+00   1.00000e-03   0.00000e+00   1.79145e+00
  23  alpha_phi    0.00000e+00   1.00000e-03   0.00000e+00  -5.94394e+01
  24  beta_phi     0.00000e+00   1.00000e-03   0.00000e+00  -7.48643e+01
 MIGRAD MINIMIZATION HAS CONVERGED.
 FCN=48.4703 FROM MIGRAD    STATUS=CONVERGED     549 CALLS         550 TOTAL
                     EDM=4.01929e-07    STRATEGY= 1  ERROR MATRIX UNCERTAINTY   3.3 per cent
  EXT PARAMETER                                   STEP         FIRST   
  NO.   NAME      VALUE            ERROR          SIZE      DERIVATIVE 
   1  N0           3.55138e+06   1.28317e+03  -1.40923e+00  -2.47332e-07
   2  tau          6.43775e+01   constant   
   3  A0           3.53646e-01   4.60475e-04   5.18489e-07   4.70589e-01
   4  phi          4.11545e+00   1.45151e-03  -4.39623e-07  -5.89830e-01
   5  R           -5.99595e+01   constant   
   6  alpha_CBO    0.00000e+00     fixed    
   7  w_CBO        2.32500e+00   constant   
   8  beta_CBO     0.00000e+00     fixed    
   9  alpha_2CBO   0.00000e+00     fixed    
  10  beta_2CBO    0.00000e+00     fixed    
  11  alpha_y      0.00000e+00     fixed    
  12  w_y          1.44500e+01   constant   
  13  beta_y       0.00000e+00     fixed    
  14  alpha_vw     0.00000e+00     fixed    
  15  w_vw         1.29000e+01   constant   
  16  beta_vw      0.00000e+00     fixed    
  17  LM          -9.22867e-04   constant   
  18  zeta_y       0.00000e+00   constant   
  19  zeta_vw      0.00000e+00   constant   
  20  T_CBO        1.00121e+02   2.54137e+01  -1.59485e-04   2.16813e-03
  21  alpha_A0     3.19256e-02   3.77659e-02   3.25854e-05   9.38103e-03
  22  beta_A0     -2.14599e-03   3.63960e-02  -4.31025e-05   1.88673e-04
  23  alpha_phi    3.16049e-02   3.45740e-02  -3.53548e-05   2.28820e-02
  24  beta_phi     4.52442e-02   3.26030e-02  -7.99559e-06   2.59534e-03
 EXTERNAL ERROR MATRIX.    NDIM=  25    NPAR=  8    ERR DEF=1
  1.647e+06  6.526e-02 -5.000e-02 -1.443e+03 -5.951e+00 -3.592e+00 -1.766e+00  5.073e+00 
  6.526e-02  2.120e-07 -1.453e-08 -6.517e-04 -1.115e-06  5.429e-07  5.689e-07  5.426e-07 
 -5.000e-02 -1.453e-08  2.107e-06  8.180e-04  9.229e-06 -1.298e-06  4.644e-08 -3.251e-06 
 -1.443e+03 -6.517e-04  8.180e-04  6.474e+02 -2.700e-01  2.885e-02 -3.165e-01 -4.243e-01 
 -5.951e+00 -1.115e-06  9.229e-06 -2.700e-01  1.426e-03 -4.489e-05 -1.557e-04 -4.299e-05 
 -3.592e+00  5.429e-07 -1.298e-06  2.885e-02 -4.489e-05  1.325e-03 -5.859e-06  8.166e-05 
 -1.766e+00  5.689e-07  4.644e-08 -3.165e-01 -1.557e-04 -5.859e-06  1.195e-03  1.016e-04 
  5.073e+00  5.426e-07 -3.251e-06 -4.243e-01 -4.299e-05  8.166e-05  1.016e-04  1.063e-03 
 PARAMETER  CORRELATION COEFFICIENTS  
       NO.  GLOBAL      1      3      4     20     21     22     23     24
        1  0.23164   1.000  0.110 -0.027 -0.044 -0.123 -0.077 -0.040  0.121
        3  0.14695   0.110  1.000 -0.022 -0.056 -0.064  0.032  0.036  0.036
        4  0.19357  -0.027 -0.022  1.000  0.022  0.168 -0.025  0.001 -0.069
       20  0.69534  -0.044 -0.056  0.022  1.000 -0.281  0.031 -0.360 -0.512
       21  0.48496  -0.123 -0.064  0.168 -0.281  1.000 -0.033 -0.119 -0.035
       22  0.14421  -0.077  0.032 -0.025  0.031 -0.033  1.000 -0.005  0.069
       23  0.46546  -0.040  0.036  0.001 -0.360 -0.119 -0.005  1.000  0.090
       24  0.57478   0.121  0.036 -0.069 -0.512 -0.035  0.069  0.090  1.000
MINUIT - FIT ONLY 1-CBO + wiggle
 **********
 **   16 **RES 
 **********
                   PARAMETER   16  beta_vw RESTORED TO VARIABLE.
                   PARAMETER   14  alpha_vw RESTORED TO VARIABLE.
                   PARAMETER   13  beta_y RESTORED TO VARIABLE.
                   PARAMETER   11  alpha_y RESTORED TO VARIABLE.
                   PARAMETER   10  beta_2CBO RESTORED TO VARIABLE.
                   PARAMETER    9  alpha_2CBO RESTORED TO VARIABLE.
                   PARAMETER    8  beta_CBO RESTORED TO VARIABLE.
                   PARAMETER    6  alpha_CBO RESTORED TO VARIABLE.
 **********
 **   17 **FIX            8
 **********
 **********
 **   18 **FIX            9
 **********
 **********
 **   19 **FIX           11
 **********
 **********
 **   20 **FIX           12
 **********
 PARAMETER   12  IS CONSTANT.   IGNORED.
 **********
 **   21 **FIX           14
 **********
 **********
 **   22 **FIX           15
 **********
 PARAMETER   15  IS CONSTANT.   IGNORED.
 **********
 **   23 **FIX           16
 **********
 **********
 **   24 **MIGRAD
 **********
 START MIGRAD MINIMIZATION.  STRATEGY  1.  CONVERGENCE WHEN EDM .LT. 1.00e-04
 FCN=48.4703 FROM MIGRAD    STATUS=INITIATE       28 CALLS         578 TOTAL
                     EDM= unknown      STRATEGY= 1      NO ERROR MATRIX       
  EXT PARAMETER               CURRENT GUESS       STEP         FIRST   
  NO.   NAME      VALUE            ERROR          SIZE      DERIVATIVE 
   1  N0           3.55138e+06   1.28317e+03  -1.40923e+00  -2.47332e-07
   2  tau          6.43775e+01   constant   
   3  A0           3.53646e-01   4.60475e-04   5.18489e-07   4.70589e-01
   4  phi          4.11545e+00   1.45151e-03  -4.39623e-07  -5.89831e-01
   5  R           -5.99595e+01   constant   
   6  alpha_CBO    0.00000e+00   1.00000e-03   1.00000e-03  -3.47186e+03
   7  w_CBO        2.32500e+00   constant   
   8  beta_CBO     0.00000e+00     fixed    
   9  alpha_2CBO   0.00000e+00     fixed    
  10  beta_2CBO    0.00000e+00   1.00000e-03   1.00000e-03   3.74998e+03
  11  alpha_y      0.00000e+00     fixed    
  12  w_y          1.44500e+01   constant   
  13  beta_y       0.00000e+00   1.00000e-03   1.00000e-03   4.09839e+02
  14  alpha_vw     0.00000e+00     fixed    
  15  w_vw         1.29000e+01   constant   
  16  beta_vw      0.00000e+00     fixed    
  17  LM          -9.22867e-04   constant   
  18  zeta_y       0.00000e+00   constant   
  19  zeta_vw      0.00000e+00   constant   
  20  T_CBO        1.00121e+02   2.54137e+01  -1.59485e-04   2.16806e-03
  21  alpha_A0     3.19256e-02   3.77659e-02   3.25854e-05   9.38106e-03
  22  beta_A0     -2.14599e-03   3.63960e-02  -4.31025e-05   1.88537e-04
  23  alpha_phi    3.16049e-02   3.45740e-02  -3.53548e-05   2.28820e-02
  24  beta_phi     4.52442e-02   3.26030e-02  -7.99559e-06   2.59534e-03
 MIGRAD MINIMIZATION HAS CONVERGED.
 MIGRAD WILL VERIFY CONVERGENCE AND ERROR MATRIX.
 FCN=46.4007 FROM MIGRAD    STATUS=CONVERGED     245 CALLS         795 TOTAL
                     EDM=1.84687e-05    STRATEGY= 1      ERR MATRIX NOT POS-DEF
  EXT PARAMETER                APPROXIMATE        STEP         FIRST   
  NO.   NAME      VALUE            ERROR          SIZE      DERIVATIVE 
   1  N0           3.55137e+06   1.44570e+03   4.44725e+00   6.34135e-07
   2  tau          6.43775e+01   constant   
   3  A0           3.53561e-01   4.83860e-04   1.57139e-06  -2.34555e+00
   4  phi          4.11537e+00   1.52452e-03   4.97567e-06   6.46253e-01
   5  R           -5.99595e+01   constant   
   6  alpha_CBO    5.65634e-04   5.68185e-04   1.84905e-06  -1.66433e+00
   7  w_CBO        2.32500e+00   constant   
   8  beta_CBO     0.00000e+00     fixed    
   9  alpha_2CBO   0.00000e+00     fixed    
  10  beta_2CBO   -5.72180e-04   5.50039e-04   1.81024e-06  -1.88050e+00
  11  alpha_y      0.00000e+00     fixed    
  12  w_y          1.44500e+01   constant   
  13  beta_y      -7.30917e-05   5.42358e-04   1.82797e-06  -9.07781e-01
  14  alpha_vw     0.00000e+00     fixed    
  15  w_vw         1.29000e+01   constant   
  16  beta_vw      0.00000e+00     fixed    
  17  LM          -9.22867e-04   constant   
  18  zeta_y       0.00000e+00   constant   
  19  zeta_vw      0.00000e+00   constant   
  20  T_CBO        1.02067e+02   2.33887e+02   1.91465e-04   3.09927e-03
  21  alpha_A0     3.78067e-02   2.82577e-01   1.21548e-04   4.74471e-03
  22  beta_A0      1.03373e-04   3.59996e-02   1.17485e-04  -4.20721e-02
  23  alpha_phi    3.19289e-02   2.37128e-01   1.09171e-04   6.01833e-03
  24  beta_phi     4.66408e-02   3.46933e-01   1.03549e-04  -1.57804e-02
 EXTERNAL ERROR MATRIX.    NDIM=  25    NPAR= 11    ERR DEF=1
  2.090e+06 
  1.423e-01  2.341e-07 
  1.747e-01 -1.467e-08  2.324e-06 
 -1.764e-02 -3.672e-08 -9.784e-08  3.228e-07 
 -7.774e-03  1.053e-08 -4.991e-08 -5.266e-11  3.025e-07 
 -9.668e-03  3.651e-09 -3.360e-09 -5.639e-09  1.225e-09  2.942e-07 
 -6.202e+03  7.490e-03 -4.724e-03 -9.646e-04 -6.447e-04  2.238e-04  7.144e+04 
  2.500e+00 -9.076e-06  1.546e-05  1.797e-06 -2.557e-06 -4.871e-07 -7.485e+01  7.985e-02 
 -1.031e+01 -8.027e-07 -5.248e-06 -1.200e-07 -1.219e-06 -2.599e-07 -5.612e-02 -5.410e-05  1.296e-03 
 -1.111e+00 -6.712e-06 -6.765e-07  4.377e-06  2.726e-06  1.548e-07 -6.273e+01  6.555e-02  1.329e-04  5.623e-02 
  1.255e+01 -1.052e-05  6.244e-06  1.869e-06 -6.047e-07 -2.520e-07 -9.235e+01  9.680e-02  9.957e-05  8.112e-02  1.204e-01 
ERR MATRIX NOT POS-DEF
 PARAMETER  CORRELATION COEFFICIENTS  
       NO.  GLOBAL      1      3      4      6     10     13     20     21     22     23     24
        1  0.35003   1.000  0.203  0.079 -0.021 -0.010 -0.012 -0.016  0.006 -0.198 -0.003  0.025
        3  0.27020   0.203  1.000 -0.020 -0.134  0.040  0.014  0.058 -0.066 -0.046 -0.058 -0.063
        4  0.25252   0.079 -0.020  1.000 -0.113 -0.060 -0.004 -0.012  0.036 -0.096 -0.002  0.012
        6  0.26303  -0.021 -0.134 -0.113  1.000 -0.000 -0.018 -0.006  0.011 -0.006  0.032  0.009
       10  0.21913  -0.010  0.040 -0.060 -0.000  1.000  0.004 -0.004 -0.016 -0.062  0.021 -0.003
       13  0.03977  -0.012  0.014 -0.004 -0.018  0.004  1.000  0.002 -0.003 -0.013  0.001 -0.001
       20  0.99793  -0.016  0.058 -0.012 -0.006 -0.004  0.002  1.000 -0.991 -0.006 -0.990 -0.996
       21  0.99183   0.006 -0.066  0.036  0.011 -0.016 -0.003 -0.991  1.000 -0.005  0.978  0.987
       22  0.25102  -0.198 -0.046 -0.096 -0.006 -0.062 -0.013 -0.006 -0.005  1.000  0.016  0.008
       23  0.99063  -0.003 -0.058 -0.002  0.032  0.021  0.001 -0.990  0.978  0.016  1.000  0.986
       24  0.99607   0.025 -0.063  0.012  0.009 -0.003 -0.001 -0.996  0.987  0.008  0.986  1.000
 ERR MATRIX NOT POS-DEF
MINUIT - FIT ONLY 2-CBO
 **********
 **   25 **RES 
 **********
                   PARAMETER   16  beta_vw RESTORED TO VARIABLE.
                   PARAMETER   14  alpha_vw RESTORED TO VARIABLE.
                   PARAMETER   11  alpha_y RESTORED TO VARIABLE.
                   PARAMETER    9  alpha_2CBO RESTORED TO VARIABLE.
                   PARAMETER    8  beta_CBO RESTORED TO VARIABLE.
 **********
 **   26 **FIX            0
 **********
 PARAMETER    0  IS UNDEFINED. IGNORED.
 **********
 **   27 **FIX            1
 **********
 **********
 **   28 **FIX            2
 **********
 PARAMETER    2  IS CONSTANT.   IGNORED.
 **********
 **   29 **FIX            3
 **********
 **********
 **   30 **FIX            4
 **********
 **********
 **   31 **FIX            5
 **********
 PARAMETER    5  IS CONSTANT.   IGNORED.
 **********
 **   32 **FIX            6
 **********
 **********
 **   33 **FIX            7
 **********
 PARAMETER    7  IS CONSTANT.   IGNORED.
 **********
 **   34 **FIX           10
 **********
 **********
 **   35 **FIX           11
 **********
 **********
 **   36 **FIX           12
 **********
 PARAMETER   12  IS CONSTANT.   IGNORED.
 **********
 **   37 **FIX           13
 **********
 **********
 **   38 **FIX           14
 **********
 **********
 **   39 **FIX           15
 **********
 PARAMETER   15  IS CONSTANT.   IGNORED.
 **********
 **   40 **FIX           16
 **********
 **********
 **   41 **MIGRAD
 **********
 START MIGRAD MINIMIZATION.  STRATEGY  1.  CONVERGENCE WHEN EDM .LT. 1.00e-04
 FCN=46.4007 FROM MIGRAD    STATUS=INITIATE       18 CALLS         813 TOTAL
                     EDM= unknown      STRATEGY= 1      NO ERROR MATRIX       
  EXT PARAMETER               CURRENT GUESS       STEP         FIRST   
  NO.   NAME      VALUE            ERROR          SIZE      DERIVATIVE 
   1  N0           3.55137e+06     fixed    
   2  tau          6.43775e+01   constant   
   3  A0           3.53561e-01     fixed    
   4  phi          4.11537e+00     fixed    
   5  R           -5.99595e+01   constant   
   6  alpha_CBO    5.65634e-04     fixed    
   7  w_CBO        2.32500e+00   constant   
   8  beta_CBO     0.00000e+00   1.00000e-03   1.00000e-03   1.05994e+04
   9  alpha_2CBO   0.00000e+00   1.00000e-03   1.00000e-03   1.30251e+03
  10  beta_2CBO   -5.72180e-04     fixed    
  11  alpha_y      0.00000e+00     fixed    
  12  w_y          1.44500e+01   constant   
  13  beta_y      -7.30917e-05     fixed    
  14  alpha_vw     0.00000e+00     fixed    
  15  w_vw         1.29000e+01   constant   
  16  beta_vw      0.00000e+00     fixed    
  17  LM          -9.22867e-04   constant   
  18  zeta_y       0.00000e+00   constant   
  19  zeta_vw      0.00000e+00   constant   
  20  T_CBO        1.02067e+02   2.33887e+02   1.91465e-04   3.14011e-03
  21  alpha_A0     3.78067e-02   2.82577e-01   1.21548e-04   4.74450e-03
  22  beta_A0      1.03373e-04   3.59996e-02   1.17485e-04  -4.20707e-02
  23  alpha_phi    3.19289e-02   2.37128e-01   1.09171e-04   6.01832e-03
  24  beta_phi     4.66408e-02   3.46933e-01   1.03549e-04  -1.57804e-02
 MIGRAD MINIMIZATION HAS CONVERGED.
 MIGRAD WILL VERIFY CONVERGENCE AND ERROR MATRIX.
 FCN=37.816 FROM MIGRAD    STATUS=CONVERGED     146 CALLS         941 TOTAL
                     EDM=4.19166e-06    STRATEGY= 1      ERR MATRIX NOT POS-DEF
  EXT PARAMETER                APPROXIMATE        STEP         FIRST   
  NO.   NAME      VALUE            ERROR          SIZE      DERIVATIVE 
   1  N0           3.55137e+06     fixed    
   2  tau          6.43775e+01   constant   
   3  A0           3.53561e-01     fixed    
   4  phi          4.11537e+00     fixed    
   5  R           -5.99595e+01   constant   
   6  alpha_CBO    5.65634e-04     fixed    
   7  w_CBO        2.32500e+00   constant   
   8  beta_CBO    -1.60016e-03   5.48263e-04   1.62014e-06   5.88137e-01
   9  alpha_2CBO  -1.61118e-04   5.54741e-04   1.65410e-06  -2.56106e+00
  10  beta_2CBO   -5.72180e-04     fixed    
  11  alpha_y      0.00000e+00     fixed    
  12  w_y          1.44500e+01   constant   
  13  beta_y      -7.30917e-05     fixed    
  14  alpha_vw     0.00000e+00     fixed    
  15  w_vw         1.29000e+01   constant   
  16  beta_vw      0.00000e+00     fixed    
  17  LM          -9.22867e-04   constant   
  18  zeta_y       0.00000e+00   constant   
  19  zeta_vw      0.00000e+00   constant   
  20  T_CBO        9.81055e+01   2.47436e+02   1.93451e-04   7.13944e-03
  21  alpha_A0     4.71089e-02   4.14182e-01   1.23549e-04  -4.17523e-03
  22  beta_A0     -1.40524e-02   1.30348e-01   1.19464e-04  -2.91341e-03
  23  alpha_phi    3.29711e-02   2.89082e-01   1.10967e-04   3.89395e-02
  24  beta_phi     2.93111e-02   2.60884e-01   1.05205e-04  -3.36564e-03
 EXTERNAL ERROR MATRIX.    NDIM=  25    NPAR=  7    ERR DEF=1
  3.006e-07 -7.603e-09 -5.517e-04  1.301e-07  2.042e-06  1.326e-06  4.985e-06 
 -7.603e-09  3.077e-07 -5.640e-04 -1.096e-06  2.817e-06 -1.573e-06 -1.298e-06 
 -5.517e-04 -5.640e-04  8.540e+04 -1.204e+02  3.626e+01 -8.379e+01 -7.552e+01 
  1.301e-07 -1.096e-06 -1.204e+02  1.715e-01 -5.132e-02  1.180e-01  1.066e-01 
  2.042e-06  2.817e-06  3.626e+01 -5.132e-02  1.699e-02 -3.552e-02 -3.199e-02 
  1.326e-06 -1.573e-06 -8.379e+01  1.180e-01 -3.552e-02  8.357e-02  7.417e-02 
  4.985e-06 -1.298e-06 -7.552e+01  1.066e-01 -3.199e-02  7.417e-02  6.806e-02 
ERR MATRIX NOT POS-DEF
 PARAMETER  CORRELATION COEFFICIENTS  
       NO.  GLOBAL      8      9     20     21     22     23     24
        8  0.25083   1.000 -0.025 -0.003  0.001  0.029  0.008  0.035
        9  0.21423  -0.025  1.000 -0.003 -0.005  0.039 -0.010 -0.009
       20  0.99793  -0.003 -0.003  1.000 -0.995  0.952 -0.992 -0.991
       21  0.99523   0.001 -0.005 -0.995  1.000 -0.951  0.985  0.986
       22  0.95398   0.029  0.039  0.952 -0.951  1.000 -0.943 -0.941
       23  0.99208   0.008 -0.010 -0.992  0.985 -0.943  1.000  0.984
       24  0.99126   0.035 -0.009 -0.991  0.986 -0.941  0.984  1.000
 ERR MATRIX NOT POS-DEF
MINUIT - FIT wiggle + 1-CBO + 2-CBO
 **********
 **   42 **RES 
 **********
                   PARAMETER   16  beta_vw RESTORED TO VARIABLE.
                   PARAMETER   14  alpha_vw RESTORED TO VARIABLE.
                   PARAMETER   13  beta_y RESTORED TO VARIABLE.
                   PARAMETER   11  alpha_y RESTORED TO VARIABLE.
                   PARAMETER   10  beta_2CBO RESTORED TO VARIABLE.
                   PARAMETER    6  alpha_CBO RESTORED TO VARIABLE.
                   PARAMETER    4  phi RESTORED TO VARIABLE.
                   PARAMETER    3  A0 RESTORED TO VARIABLE.
                   PARAMETER    1  N0 RESTORED TO VARIABLE.
 **********
 **   43 **FIX           10
 **********
 **********
 **   44 **FIX           11
 **********
 **********
 **   45 **FIX           12
 **********
 PARAMETER   12  IS CONSTANT.   IGNORED.
 **********
 **   46 **FIX           13
 **********
 **********
 **   47 **FIX           14
 **********
 **********
 **   48 **FIX           15
 **********
 PARAMETER   15  IS CONSTANT.   IGNORED.
 **********
 **   49 **FIX           16
 **********
 **********
 **   50 **MIGRAD
 **********
 START MIGRAD MINIMIZATION.  STRATEGY  1.  CONVERGENCE WHEN EDM .LT. 1.00e-04
 FCN=37.816 FROM MIGRAD    STATUS=INITIATE       22 CALLS         963 TOTAL
                     EDM= unknown      STRATEGY= 1      NO ERROR MATRIX       
  EXT PARAMETER               CURRENT GUESS       STEP         FIRST   
  NO.   NAME      VALUE            ERROR          SIZE      DERIVATIVE 
   1  N0           3.55137e+06   1.44570e+03   1.44570e+03   6.45458e-05
   2  tau          6.43775e+01   constant   
   3  A0           3.53561e-01   4.83860e-04   4.83860e-04   1.37528e+03
   4  phi          4.11537e+00   1.52452e-03   1.52452e-03  -8.67993e+02
   5  R           -5.99595e+01   constant   
   6  alpha_CBO    5.65634e-04   5.68185e-04   5.68185e-04  -5.60595e+01
   7  w_CBO        2.32500e+00   constant   
   8  beta_CBO    -1.60016e-03   5.48263e-04   1.62014e-06   5.88137e-01
   9  alpha_2CBO  -1.61118e-04   5.54741e-04   1.65410e-06  -2.56106e+00
  10  beta_2CBO   -5.72180e-04     fixed    
  11  alpha_y      0.00000e+00     fixed    
  12  w_y          1.44500e+01   constant   
  13  beta_y      -7.30917e-05     fixed    
  14  alpha_vw     0.00000e+00     fixed    
  15  w_vw         1.29000e+01   constant   
  16  beta_vw      0.00000e+00     fixed    
  17  LM          -9.22867e-04   constant   
  18  zeta_y       0.00000e+00   constant   
  19  zeta_vw      0.00000e+00   constant   
  20  T_CBO        9.81055e+01   2.47436e+02   1.93451e-04   7.17625e-03
  21  alpha_A0     4.71089e-02   4.14182e-01   1.23549e-04  -4.17468e-03
  22  beta_A0     -1.40524e-02   1.30348e-01   1.19464e-04  -2.91394e-03
  23  alpha_phi    3.29711e-02   2.89082e-01   1.10967e-04   3.89395e-02
  24  beta_phi     2.93111e-02   2.60884e-01   1.05205e-04  -3.36563e-03
 MIGRAD MINIMIZATION HAS CONVERGED.
 MIGRAD WILL VERIFY CONVERGENCE AND ERROR MATRIX.
 FCN=37.2159 FROM HESSE     STATUS=NOT POSDEF    100 CALLS        1180 TOTAL
                     EDM=0.00118229    STRATEGY= 1      ERR MATRIX NOT POS-DEF
  EXT PARAMETER                APPROXIMATE        STEP         FIRST   
  NO.   NAME      VALUE            ERROR          SIZE      DERIVATIVE 
   1  N0           3.55127e+06   1.44680e+03   3.99309e+00  -1.72781e-06
   2  tau          6.43775e+01   constant   
   3  A0           3.53376e-01   4.87051e-04   1.41111e-06   3.32056e+00
   4  phi          4.11646e+00   1.56420e-03   4.47087e-06  -4.23148e-02
   5  R           -5.99595e+01   constant   
   6  alpha_CBO    5.57426e-04   5.68475e-04   1.66028e-06   2.21055e+00
   7  w_CBO        2.32500e+00   constant   
   8  beta_CBO    -1.71275e-03   5.66865e-04   1.60760e-06  -1.58905e+00
   9  alpha_2CBO  -1.68403e-04   5.56035e-04   1.64131e-06   1.64888e+00
  10  beta_2CBO   -5.72180e-04     fixed    
  11  alpha_y      0.00000e+00     fixed    
  12  w_y          1.44500e+01   constant   
  13  beta_y      -7.30917e-05     fixed    
  14  alpha_vw     0.00000e+00     fixed    
  15  w_vw         1.29000e+01   constant   
  16  beta_vw      0.00000e+00     fixed    
  17  LM          -9.22867e-04   constant   
  18  zeta_y       0.00000e+00   constant   
  19  zeta_vw      0.00000e+00   constant   
  20  T_CBO        9.87609e+01   2.38851e+02   1.84618e-04   3.94571e-02
  21  alpha_A0     5.27496e-02   4.33776e-01   1.20024e-04  -5.26250e-02
  22  beta_A0     -1.63883e-02   1.40867e-01   1.16008e-04   1.10655e-02
  23  alpha_phi    3.03377e-02   2.50029e-01   1.07789e-04  -2.00021e-02
  24  beta_phi     2.75135e-02   2.29759e-01   1.02218e-04  -1.23024e-02
 CALL LIMIT EXCEEDED IN MIGRAD.
 MIGRAD TERMINATED WITHOUT CONVERGENCE.
 FCN=37.1844 FROM MIGRAD    STATUS=CALL LIMIT   1908 CALLS        2849 TOTAL
                     EDM=8.69759e-05    STRATEGY= 1      ERR MATRIX NOT POS-DEF
  EXT PARAMETER                APPROXIMATE        STEP         FIRST   
  NO.   NAME      VALUE            ERROR          SIZE      DERIVATIVE 
   1  N0           3.55129e+06   1.42952e+03  -1.41181e+00   2.36666e-06
   2  tau          6.43775e+01   constant   
   3  A0           3.53371e-01   4.88169e-04  -1.47948e-07  -1.24061e+00
   4  phi          4.11651e+00   1.57162e-03   5.94151e-07   9.90462e-01
   5  R           -5.99595e+01   constant   
   6  alpha_CBO    5.57326e-04   5.68269e-04  -2.67827e-08   3.73453e+00
   7  w_CBO        2.32500e+00   constant   
   8  beta_CBO    -1.71889e-03   5.67692e-04  -1.95226e-07   2.47929e+00
   9  alpha_2CBO  -1.68599e-04   5.56807e-04   2.70016e-07  -7.46850e+00
  10  beta_2CBO   -5.72180e-04     fixed    
  11  alpha_y      0.00000e+00     fixed    
  12  w_y          1.44500e+01   constant   
  13  beta_y      -7.30917e-05     fixed    
  14  alpha_vw     0.00000e+00     fixed    
  15  w_vw         1.29000e+01   constant   
  16  beta_vw      0.00000e+00     fixed    
  17  LM          -9.22867e-04   constant   
  18  zeta_y       0.00000e+00   constant   
  19  zeta_vw      0.00000e+00   constant   
  20  T_CBO        3.95237e+01   4.28799e+01  -8.78381e-04  -8.45603e-01
  21  alpha_A0     4.35396e+00   3.40221e+01   1.32387e-01   1.78610e-02
  22  beta_A0     -1.37791e+00   1.06567e+01  -4.14541e-02   1.37390e-02
  23  alpha_phi    2.22403e+00   1.62080e+01   6.30751e-02  -2.77109e-02
  24  beta_phi     2.21762e+00   1.67913e+01   6.53355e-02  -1.27526e-02
 EXTERNAL ERROR MATRIX.    NDIM=  25    NPAR= 11    ERR DEF=1
  2.044e+06 
  1.470e-01  2.383e-07 
  1.331e-01 -3.618e-08  2.470e-06 
 -7.175e-03 -3.585e-08 -1.004e-07  3.229e-07 
  1.469e-02  3.619e-08 -2.050e-07  1.881e-09  3.223e-07 
  1.974e-02 -9.305e-09 -2.589e-08  8.041e-09 -6.859e-09  3.100e-07 
  4.283e+03  7.436e-04 -6.071e-03  6.662e-04  1.625e-03 -1.536e-03  1.869e+03 
 -4.185e+03 -7.009e-04  5.211e-03 -3.284e-04 -1.267e-03  1.071e-03 -1.469e+03  1.158e+03 
  1.302e+03  2.187e-04 -1.636e-03  1.027e-04  3.990e-04 -3.335e-04  4.601e+02 -3.626e+02  1.136e+02 
 -2.001e+03 -3.337e-04  2.470e-03 -1.512e-04 -6.005e-04  5.079e-04 -6.997e+02  5.514e+02 -1.727e+02  2.627e+02 
 -2.060e+03 -3.457e-04  2.562e-03 -1.609e-04 -6.193e-04  5.276e-04 -7.249e+02  5.713e+02 -1.789e+02  2.722e+02  2.819e+02 
ERR MATRIX NOT POS-DEF
 PARAMETER  CORRELATION COEFFICIENTS  
       NO.  GLOBAL      1      3      4      6      8      9     20     21     22     23     24
        1  0.46170   1.000  0.211  0.059 -0.009  0.018  0.025  0.069 -0.086  0.085 -0.086 -0.086
        3  0.29467   0.211  1.000 -0.047 -0.129  0.131 -0.034  0.035 -0.042  0.042 -0.042 -0.042
        4  0.35766   0.059 -0.047  1.000 -0.112 -0.230 -0.030 -0.089  0.097 -0.098  0.097  0.097
        6  0.31930  -0.009 -0.129 -0.112  1.000  0.006  0.025  0.027 -0.017  0.017 -0.016 -0.017
        8  0.35976   0.018  0.131 -0.230  0.006  1.000 -0.022  0.066 -0.066  0.066 -0.065 -0.065
        9  0.19396   0.025 -0.034 -0.030  0.025 -0.022  1.000 -0.064  0.057 -0.056  0.056  0.056
       20  0.99886   0.069  0.035 -0.089  0.027  0.066 -0.064  1.000 -0.999  0.999 -0.999 -0.999
       21  1.00000  -0.086 -0.042  0.097 -0.017 -0.066  0.057 -0.999  1.000 -1.000  1.000  1.000
       22  0.99999   0.085  0.042 -0.098  0.017  0.066 -0.056  0.999 -1.000  1.000 -1.000 -1.000
       23  0.99999  -0.086 -0.042  0.097 -0.016 -0.065  0.056 -0.999  1.000 -1.000  1.000  1.000
       24  1.00000  -0.086 -0.042  0.097 -0.017 -0.065  0.056 -0.999  1.000 -1.000  1.000  1.000
 ERR MATRIX NOT POS-DEF
MINUIT - FIT ONLY 1-y
 **********
 **   51 **RES 
 **********
                   PARAMETER   16  beta_vw RESTORED TO VARIABLE.
                   PARAMETER   14  alpha_vw RESTORED TO VARIABLE.
                   PARAMETER   13  beta_y RESTORED TO VARIABLE.
                   PARAMETER   11  alpha_y RESTORED TO VARIABLE.
                   PARAMETER   10  beta_2CBO RESTORED TO VARIABLE.
 **********
 **   52 **FIX            0
 **********
 PARAMETER    0  IS UNDEFINED. IGNORED.
 **********
 **   53 **FIX            1
 **********
 **********
 **   54 **FIX            2
 **********
 PARAMETER    2  IS CONSTANT.   IGNORED.
 **********
 **   55 **FIX            3
 **********
 **********
 **   56 **FIX            4
 **********
 **********
 **   57 **FIX            5
 **********
 PARAMETER    5  IS CONSTANT.   IGNORED.
 **********
 **   58 **FIX            6
 **********
 **********
 **   59 **FIX            7
 **********
 PARAMETER    7  IS CONSTANT.   IGNORED.
 **********
 **   60 **FIX            8
 **********
 **********
 **   61 **FIX            9
 **********
 **********
 **   62 **FIX           13
 **********
 **********
 **   63 **FIX           14
 **********
 **********
 **   64 **FIX           15
 **********
 PARAMETER   15  IS CONSTANT.   IGNORED.
 **********
 **   65 **FIX           16
 **********
 **********
 **   66 **MIGRAD
 **********
 START MIGRAD MINIMIZATION.  STRATEGY  1.  CONVERGENCE WHEN EDM .LT. 1.00e-04
 FCN=37.1844 FROM MIGRAD    STATUS=INITIATE       16 CALLS        2865 TOTAL
                     EDM= unknown      STRATEGY= 1      NO ERROR MATRIX       
  EXT PARAMETER               CURRENT GUESS       STEP         FIRST   
  NO.   NAME      VALUE            ERROR          SIZE      DERIVATIVE 
   1  N0           3.55129e+06     fixed    
   2  tau          6.43775e+01   constant   
   3  A0           3.53371e-01     fixed    
   4  phi          4.11651e+00     fixed    
   5  R           -5.99595e+01   constant   
   6  alpha_CBO    5.57326e-04     fixed    
   7  w_CBO        2.32500e+00   constant   
   8  beta_CBO    -1.71889e-03     fixed    
   9  alpha_2CBO  -1.68599e-04     fixed    
  10  beta_2CBO   -5.72180e-04   5.50039e-04   5.50039e-04   6.28327e+01
  11  alpha_y      0.00000e+00   1.00000e-03   1.00000e-03  -3.61689e+03
  12  w_y          1.44500e+01   constant   
  13  beta_y      -7.30917e-05     fixed    
  14  alpha_vw     0.00000e+00     fixed    
  15  w_vw         1.29000e+01   constant   
  16  beta_vw      0.00000e+00     fixed    
  17  LM          -9.22867e-04   constant   
  18  zeta_y       0.00000e+00   constant   
  19  zeta_vw      0.00000e+00   constant   
  20  T_CBO        3.95237e+01   4.28799e+01  -8.78381e-04  -8.45606e-01
  21  alpha_A0     4.35396e+00   3.40221e+01   1.32387e-01   1.78610e-02
  22  beta_A0     -1.37791e+00   1.06567e+01  -4.14541e-02   1.37390e-02
  23  alpha_phi    2.22403e+00   1.62080e+01   6.30751e-02  -2.77109e-02
  24  beta_phi     2.21762e+00   1.67913e+01   6.53355e-02  -1.27526e-02
 MIGRAD MINIMIZATION HAS CONVERGED.
 MIGRAD WILL VERIFY CONVERGENCE AND ERROR MATRIX.
 FCN=36.2311 FROM HESSE     STATUS=NOT POSDEF     50 CALLS        2962 TOTAL
                     EDM=0.00112586    STRATEGY= 1      ERR MATRIX NOT POS-DEF
  EXT PARAMETER                APPROXIMATE        STEP         FIRST   
  NO.   NAME      VALUE            ERROR          SIZE      DERIVATIVE 
   1  N0           3.55129e+06     fixed    
   2  tau          6.43775e+01   constant   
   3  A0           3.53371e-01     fixed    
   4  phi          4.11651e+00     fixed    
   5  R           -5.99595e+01   constant   
   6  alpha_CBO    5.57326e-04     fixed    
   7  w_CBO        2.32500e+00   constant   
   8  beta_CBO    -1.71889e-03     fixed    
   9  alpha_2CBO  -1.68599e-04     fixed    
  10  beta_2CBO   -5.83030e-04   5.49122e-04   1.60436e-06  -2.95130e+00
  11  alpha_y      5.25078e-04   5.36938e-04   1.60433e-06   3.43464e-01
  12  w_y          1.44500e+01   constant   
  13  beta_y      -7.30917e-05     fixed    
  14  alpha_vw     0.00000e+00     fixed    
  15  w_vw         1.29000e+01   constant   
  16  beta_vw      0.00000e+00     fixed    
  17  LM          -9.22867e-04   constant   
  18  zeta_y       0.00000e+00   constant   
  19  zeta_vw      0.00000e+00   constant   
  20  T_CBO        3.95031e+01   4.54458e+01   4.48321e-05   1.59345e-01
  21  alpha_A0     4.21929e+00   3.58750e+01   9.46966e-03  -1.16482e-04
  22  beta_A0     -1.38865e+00   1.22153e+01   9.28811e-03   5.30425e-04
  23  alpha_phi    2.36788e+00   2.01795e+01   8.57875e-03  -2.75919e-04
  24  beta_phi     2.26658e+00   1.94890e+01   8.00543e-03  -7.03184e-04
 CALL LIMIT EXCEEDED IN MIGRAD.
 MIGRAD TERMINATED WITHOUT CONVERGENCE.
 FCN=36.2009 FROM MIGRAD    STATUS=CALL LIMIT   1159 CALLS        4008 TOTAL
                     EDM=8.32575e-05    STRATEGY= 1      ERR MATRIX NOT POS-DEF
  EXT PARAMETER                APPROXIMATE        STEP         FIRST   
  NO.   NAME      VALUE            ERROR          SIZE      DERIVATIVE 
   1  N0           3.55129e+06     fixed    
   2  tau          6.43775e+01   constant   
   3  A0           3.53371e-01     fixed    
   4  phi          4.11651e+00     fixed    
   5  R           -5.99595e+01   constant   
   6  alpha_CBO    5.57326e-04     fixed    
   7  w_CBO        2.32500e+00   constant   
   8  beta_CBO    -1.71889e-03     fixed    
   9  alpha_2CBO  -1.68599e-04     fixed    
  10  beta_2CBO   -5.80341e-04   5.45638e-04   2.34440e-06  -1.77417e+00
  11  alpha_y      5.25332e-04   5.36615e-04   3.99537e-06  -1.04992e+00
  12  w_y          1.44500e+01   constant   
  13  beta_y      -7.30917e-05     fixed    
  14  alpha_vw     0.00000e+00     fixed    
  15  w_vw         1.29000e+01   constant   
  16  beta_vw      0.00000e+00     fixed    
  17  LM          -9.22867e-04   constant   
  18  zeta_y       0.00000e+00   constant   
  19  zeta_vw      0.00000e+00   constant   
  20  T_CBO        2.51472e+01   1.24964e+01  -1.13192e-03  -2.21295e+00
  21  alpha_A0     2.70864e+02   1.37225e+03   1.87845e+01  -1.26522e-04
  22  beta_A0     -9.71291e+01   6.07718e+02  -8.21091e+00  -6.67066e-05
  23  alpha_phi    1.48497e+02   7.73056e+02   1.05672e+01  -3.54584e-05
  24  beta_phi     1.49203e+02   8.41207e+02   1.14404e+01  -3.15094e-05
 EXTERNAL ERROR MATRIX.    NDIM=  25    NPAR=  7    ERR DEF=1
  2.977e-07 -3.014e-09 -6.949e-04  7.637e-02 -3.562e-02  4.372e-02  4.814e-02 
 -3.014e-09  2.880e-07 -6.218e-04  7.659e-02 -3.473e-02  4.336e-02  4.765e-02 
 -6.949e-04 -6.218e-04  1.565e+02 -1.712e+04  7.534e+03 -9.637e+03 -1.047e+04 
  7.637e-02  7.659e-02 -1.712e+04  1.883e+06 -8.307e+05  1.061e+06  1.153e+06 
 -3.562e-02 -3.473e-02  7.534e+03 -8.307e+05  3.693e+05 -4.685e+05 -5.109e+05 
  4.372e-02  4.336e-02 -9.637e+03  1.061e+06 -4.685e+05  5.976e+05  6.499e+05 
  4.814e-02  4.765e-02 -1.047e+04  1.153e+06 -5.109e+05  6.499e+05  7.076e+05 
ERR MATRIX NOT POS-DEF
 PARAMETER  CORRELATION COEFFICIENTS  
       NO.  GLOBAL     10     11     20     21     22     23     24
       10  0.22598   1.000 -0.010 -0.102  0.102 -0.107  0.104  0.105
       11  0.17966  -0.010  1.000 -0.093  0.104 -0.106  0.105  0.106
       20  0.99739  -0.102 -0.093  1.000 -0.997  0.991 -0.997 -0.995
       21  0.99999   0.102  0.104 -0.997  1.000 -0.996  1.000  0.999
       22  0.99997  -0.107 -0.106  0.991 -0.996  1.000 -0.997 -0.999
       23  0.99999   0.104  0.105 -0.997  1.000 -0.997  1.000  0.999
       24  0.99999   0.105  0.106 -0.995  0.999 -0.999  0.999  1.000
 ERR MATRIX NOT POS-DEF
MINUIT - FIT ONLY 2-y
 **********
 **   67 **RES 
 **********
                   PARAMETER   16  beta_vw RESTORED TO VARIABLE.
                   PARAMETER   14  alpha_vw RESTORED TO VARIABLE.
                   PARAMETER   13  beta_y RESTORED TO VARIABLE.
                   PARAMETER    9  alpha_2CBO RESTORED TO VARIABLE.
                   PARAMETER    8  beta_CBO RESTORED TO VARIABLE.
                   PARAMETER    6  alpha_CBO RESTORED TO VARIABLE.
                   PARAMETER    4  phi RESTORED TO VARIABLE.
                   PARAMETER    3  A0 RESTORED TO VARIABLE.
                   PARAMETER    1  N0 RESTORED TO VARIABLE.
 **********
 **   68 **FIX            0
 **********
 PARAMETER    0  IS UNDEFINED. IGNORED.
 **********
 **   69 **FIX            1
 **********
 **********
 **   70 **FIX            2
 **********
 PARAMETER    2  IS CONSTANT.   IGNORED.
 **********
 **   71 **FIX            3
 **********
 **********
 **   72 **FIX            4
 **********
 **********
 **   73 **FIX            5
 **********
 PARAMETER    5  IS CONSTANT.   IGNORED.
 **********
 **   74 **FIX            6
 **********
 **********
 **   75 **FIX            7
 **********
 PARAMETER    7  IS CONSTANT.   IGNORED.
 **********
 **   76 **FIX            8
 **********
 **********
 **   77 **FIX            9
 **********
 **********
 **   78 **FIX           10
 **********
 **********
 **   79 **FIX           11
 **********
 **********
 **   80 **FIX           12
 **********
 PARAMETER   12  IS CONSTANT.   IGNORED.
 **********
 **   81 **FIX           16
 **********
 **********
 **   82 **MIGRAD
 **********
 START MIGRAD MINIMIZATION.  STRATEGY  1.  CONVERGENCE WHEN EDM .LT. 1.00e-04
 FCN=36.2009 FROM MIGRAD    STATUS=INITIATE       16 CALLS        4024 TOTAL
                     EDM= unknown      STRATEGY= 1      NO ERROR MATRIX       
  EXT PARAMETER               CURRENT GUESS       STEP         FIRST   
  NO.   NAME      VALUE            ERROR          SIZE      DERIVATIVE 
   1  N0           3.55129e+06     fixed    
   2  tau          6.43775e+01   constant   
   3  A0           3.53371e-01     fixed    
   4  phi          4.11651e+00     fixed    
   5  R           -5.99595e+01   constant   
   6  alpha_CBO    5.57326e-04     fixed    
   7  w_CBO        2.32500e+00   constant   
   8  beta_CBO    -1.71889e-03     fixed    
   9  alpha_2CBO  -1.68599e-04     fixed    
  10  beta_2CBO   -5.80341e-04     fixed    
  11  alpha_y      5.25332e-04     fixed    
  12  w_y          1.44500e+01   constant   
  13  beta_y      -7.30917e-05   5.42358e-04   5.42358e-04   9.03834e+01
  14  alpha_vw     0.00000e+00   1.00000e-03   1.00000e-03  -6.26536e+03
  15  w_vw         1.29000e+01   constant   
  16  beta_vw      0.00000e+00     fixed    
