 + ++++++++++++++++++++++++++++++++++++++++++++++++++++++++++++++++++++ +
 +                                                                      +
 +           You have chose to blind your fitting according to          +
 +                omega_ref * (1 + (R +/- deltaR) *10^{-6})             +
 +                                                                      +
 + ++++++++++++++++++++++++++++++++++++++++++++++++++++++++++++++++++++ +
In main()...
reading format from /gm2data/zkhechad/run45/envelope/formats/formatB_sBin_constraintOn.txt
pBinTau 	= 0  
pBinPhi 	= 0  
constraintau 	= 1 
includeMopTerm 	= 0    
constrainMop    = 0   
Parameters after format file: pBinTau 0 pBinPhi 0 constraintau 1 includeMopTerm 0 constrainMop 0 c_e_scale 0.000000 
Opening file /gm2data/tbarrett/gm2fr/studies/run23_bunch_corrections/CorrectedFourier_Run3b.root.
reading full fit data from /gm2data/zkhechad/cboTemplates/Run4CBOTemplates/fullFits/noRF/sBin_constraintOn_cE0.0_seed0_noRF_calo11.root
windowBins = 69
fitting sliding window 1190 from bin 1326 at 197.690000 to bin 1395 at 208.134000 (69 bins)

Reading data from /gm2data/cornell/histograms/aMethod/histogram_a_noRF.root
 **********
 **    1 **SET PRINTOUT            1
 **********
 **********
 **    2 **SET NOWARNINGS 
 **********
 PARAMETER DEFINITIONS:
    NO.   NAME         VALUE      STEP SIZE      LIMITS
     1 N0           3.16093e+06  1.00000e+02     no limits
     2 tau          6.43989e+01  constant
     3 A0           3.42733e-01  1.00000e-04     no limits
     4 phi          4.11801e+00  1.00000e-02     no limits
     5 R           -6.14725e+01  constant
     6 alpha_CBO    0.00000e+00  1.00000e-03     no limits
     7 w_CBO        2.32500e+00  constant
     8 beta_CBO     0.00000e+00  1.00000e-03     no limits
     9 alpha_2CBO   0.00000e+00  1.00000e-03     no limits
    10 beta_2CBO    0.00000e+00  1.00000e-03     no limits
    11 alpha_y      0.00000e+00  1.00000e-03     no limits
    12 w_y          1.38860e+01  constant
    13 beta_y       0.00000e+00  1.00000e-03     no limits
    14 alpha_vw     0.00000e+00  1.00000e-03     no limits
    15 w_vw         1.43404e+01  constant
    16 beta_vw      0.00000e+00  1.00000e-03     no limits
    17 LM          -2.06090e-04  constant
    18 zeta_y       0.00000e+00  constant
    19 zeta_vw      0.00000e+00  constant
    20 T_CBO        1.00000e+02  1.00000e+00    0.00000e+00  1.00000e+03
    21 alpha_A0     0.00000e+00  1.00000e-03     no limits
    22 beta_A0      0.00000e+00  1.00000e-03     no limits
    23 alpha_phi    0.00000e+00  1.00000e-03     no limits
    24 beta_phi     0.00000e+00  1.00000e-03     no limits
MINUIT - FIT ONLY WIGGLE
 **********
 **    3 **FIX            5
 **********
 PARAMETER    5  IS CONSTANT.   IGNORED.
 **********
 **    4 **FIX            6
 **********
 **********
 **    5 **FIX            7
 **********
 PARAMETER    7  IS CONSTANT.   IGNORED.
 **********
 **    6 **FIX            8
 **********
 **********
 **    7 **FIX            9
 **********
 **********
 **    8 **FIX           10
 **********
 **********
 **    9 **FIX           11
 **********
 **********
 **   10 **FIX           12
 **********
 PARAMETER   12  IS CONSTANT.   IGNORED.
 **********
 **   11 **FIX           13
 **********
 **********
 **   12 **FIX           14
 **********
 **********
 **   13 **FIX           15
 **********
 PARAMETER   15  IS CONSTANT.   IGNORED.
 **********
 **   14 **FIX           16
 **********
 **********
 **   15 **MIGRAD
 **********
 FIRST CALL TO USER FUNCTION AT NEW START POINT, WITH IFLAG=4.
 START MIGRAD MINIMIZATION.  STRATEGY  1.  CONVERGENCE WHEN EDM .LT. 1.00e-04
 FCN=275.102 FROM MIGRAD    STATUS=INITIATE      437 CALLS         438 TOTAL
                     EDM= unknown      STRATEGY= 1      NO ERROR MATRIX       
  EXT PARAMETER               CURRENT GUESS       STEP         FIRST   
  NO.   NAME      VALUE            ERROR          SIZE      DERIVATIVE 
   1  N0           3.16093e+06   1.00000e+02   0.00000e+00   8.44073e-04
   2  tau          6.43989e+01   constant   
   3  A0           3.42733e-01   1.00000e-04   0.00000e+00  -4.80066e+03
   4  phi          4.11801e+00   1.00000e-02   0.00000e+00  -4.08508e+03
   5  R           -6.14725e+01   constant   
   6  alpha_CBO    0.00000e+00     fixed    
   7  w_CBO        2.32500e+00   constant   
   8  beta_CBO     0.00000e+00     fixed    
   9  alpha_2CBO   0.00000e+00     fixed    
  10  beta_2CBO    0.00000e+00     fixed    
  11  alpha_y      0.00000e+00     fixed    
  12  w_y          1.38860e+01   constant   
  13  beta_y       0.00000e+00     fixed    
  14  alpha_vw     0.00000e+00     fixed    
  15  w_vw         1.43404e+01   constant   
  16  beta_vw      0.00000e+00     fixed    
  17  LM          -2.06090e-04   constant   
  18  zeta_y       0.00000e+00   constant   
  19  zeta_vw      0.00000e+00   constant   
  20  T_CBO        1.00000e+02   1.00000e+00   0.00000e+00   0.00000e+00
  21  alpha_A0     0.00000e+00   1.00000e-03   0.00000e+00   4.21963e+02
  22  beta_A0      0.00000e+00   1.00000e-03   0.00000e+00  -4.74023e+02
  23  alpha_phi    0.00000e+00   1.00000e-03   0.00000e+00  -8.82269e+02
  24  beta_phi     0.00000e+00   1.00000e-03   0.00000e+00  -7.75107e+01
 CALL LIMIT EXCEEDED IN MIGRAD.
 MIGRAD TERMINATED WITHOUT CONVERGENCE.
 FCN=248.407 FROM MIGRAD    STATUS=CALL LIMIT   1334 CALLS        1335 TOTAL
                     EDM=0.0293134    STRATEGY= 1  ERROR MATRIX UNCERTAINTY   4.6 per cent
  EXT PARAMETER                APPROXIMATE        STEP         FIRST   
  NO.   NAME      VALUE            ERROR          SIZE      DERIVATIVE 
   1  N0           3.16112e+06   6.41859e+02   1.44454e+01   1.34778e-04
   2  tau          6.43989e+01   constant   
   3  A0           3.43190e-01   2.80367e-04  -4.07562e-06   8.48707e+01
   4  phi          4.11936e+00   8.14915e-04  -1.49951e-05  -9.07344e+00
   5  R           -6.14725e+01   constant   
   6  alpha_CBO    0.00000e+00     fixed    
   7  w_CBO        2.32500e+00   constant   
   8  beta_CBO     0.00000e+00     fixed    
   9  alpha_2CBO   0.00000e+00     fixed    
  10  beta_2CBO    0.00000e+00     fixed    
  11  alpha_y      0.00000e+00     fixed    
  12  w_y          1.38860e+01   constant   
  13  beta_y       0.00000e+00     fixed    
  14  alpha_vw     0.00000e+00     fixed    
  15  w_vw         1.43404e+01   constant   
  16  beta_vw      0.00000e+00     fixed    
  17  LM          -2.06090e-04   constant   
  18  zeta_y       0.00000e+00   constant   
  19  zeta_vw      0.00000e+00   constant   
  20  T_CBO        3.10357e+01   5.34574e+00  -3.42222e-03  -4.56225e+01
  21  alpha_A0    -1.01912e+00   9.96413e-01  -1.07939e-01   1.71266e-01
  22  beta_A0      1.27482e+00   1.22360e+00   1.32549e-01  -9.23729e-02
  23  alpha_phi    3.17747e+00   3.11676e+00   3.37531e-01  -4.25586e-01
  24  beta_phi     2.56776e-01   2.95507e-01   3.19769e-02   4.97070e-01
 EXTERNAL ERROR MATRIX.    NDIM=  25    NPAR=  8    ERR DEF=1
  4.120e+05  3.293e-05  7.163e-02 -3.056e+02 -9.880e+01  1.194e+02  3.040e+02  2.999e+01 
  3.293e-05  7.861e-08  2.984e-09  7.731e-05  1.245e-05 -1.480e-05 -3.764e-05 -3.824e-06 
  7.163e-02  2.984e-09  6.641e-07  1.955e-04  4.265e-05 -5.303e-05 -1.349e-04 -1.221e-05 
 -3.056e+02  7.731e-05  1.955e-04  2.859e+01  5.277e+00 -6.481e+00 -1.651e+01 -1.563e+00 
 -9.880e+01  1.245e-05  4.265e-05  5.277e+00  9.928e-01 -1.219e+00 -3.105e+00 -2.942e-01 
  1.194e+02 -1.480e-05 -5.303e-05 -6.481e+00 -1.219e+00  1.497e+00  3.814e+00  3.613e-01 
  3.040e+02 -3.764e-05 -1.349e-04 -1.651e+01 -3.105e+00  3.814e+00  9.714e+00  9.203e-01 
  2.999e+01 -3.824e-06 -1.221e-05 -1.563e+00 -2.942e-01  3.613e-01  9.203e-01  8.732e-02 
ERR MATRIX APPROXIMATE
 PARAMETER  CORRELATION COEFFICIENTS  
       NO.  GLOBAL      1      3      4     20     21     22     23     24
        1  0.55140   1.000  0.000  0.137 -0.089 -0.154  0.152  0.152  0.158
        3  0.18042   0.000  1.000  0.013  0.052  0.045 -0.043 -0.043 -0.046
        4  0.21549   0.137  0.013  1.000  0.045  0.053 -0.053 -0.053 -0.051
       20  0.99286  -0.089  0.052  0.045  1.000  0.990 -0.991 -0.991 -0.989
       21  0.99995  -0.154  0.045  0.053  0.990  1.000 -1.000 -1.000 -0.999
       22  0.99997   0.152 -0.043 -0.053 -0.991 -1.000  1.000  1.000  0.999
       23  0.99998   0.152 -0.043 -0.053 -0.991 -1.000  1.000  1.000  0.999
       24  0.99931   0.158 -0.046 -0.051 -0.989 -0.999  0.999  0.999  1.000
 ERR MATRIX APPROXIMATE
MINUIT - FIT ONLY 1-CBO + wiggle
 **********
 **   16 **RES 
 **********
                   PARAMETER   16  beta_vw RESTORED TO VARIABLE.
                   PARAMETER   14  alpha_vw RESTORED TO VARIABLE.
                   PARAMETER   13  beta_y RESTORED TO VARIABLE.
                   PARAMETER   11  alpha_y RESTORED TO VARIABLE.
                   PARAMETER   10  beta_2CBO RESTORED TO VARIABLE.
                   PARAMETER    9  alpha_2CBO RESTORED TO VARIABLE.
                   PARAMETER    8  beta_CBO RESTORED TO VARIABLE.
                   PARAMETER    6  alpha_CBO RESTORED TO VARIABLE.
 **********
 **   17 **FIX            8
 **********
 **********
 **   18 **FIX            9
 **********
 **********
 **   19 **FIX           11
 **********
 **********
 **   20 **FIX           12
 **********
 PARAMETER   12  IS CONSTANT.   IGNORED.
 **********
 **   21 **FIX           14
 **********
 **********
 **   22 **FIX           15
 **********
 PARAMETER   15  IS CONSTANT.   IGNORED.
 **********
 **   23 **FIX           16
 **********
 **********
 **   24 **MIGRAD
 **********
 START MIGRAD MINIMIZATION.  STRATEGY  1.  CONVERGENCE WHEN EDM .LT. 1.00e-04
 FCN=248.407 FROM MIGRAD    STATUS=INITIATE       28 CALLS        1363 TOTAL
                     EDM= unknown      STRATEGY= 1      NO ERROR MATRIX       
  EXT PARAMETER               CURRENT GUESS       STEP         FIRST   
  NO.   NAME      VALUE            ERROR          SIZE      DERIVATIVE 
   1  N0           3.16112e+06   6.41859e+02   1.44454e+01   1.34778e-04
   2  tau          6.43989e+01   constant   
   3  A0           3.43190e-01   2.80367e-04  -4.07562e-06   8.48707e+01
   4  phi          4.11936e+00   8.14915e-04  -1.49951e-05  -9.07344e+00
   5  R           -6.14725e+01   constant   
   6  alpha_CBO    0.00000e+00   1.00000e-03   1.00000e-03  -8.50246e+04
   7  w_CBO        2.32500e+00   constant   
   8  beta_CBO     0.00000e+00     fixed    
   9  alpha_2CBO   0.00000e+00     fixed    
  10  beta_2CBO    0.00000e+00   1.00000e-03   1.00000e-03   2.84062e+03
  11  alpha_y      0.00000e+00     fixed    
  12  w_y          1.38860e+01   constant   
  13  beta_y       0.00000e+00   1.00000e-03   1.00000e-03  -6.43326e+03
  14  alpha_vw     0.00000e+00     fixed    
  15  w_vw         1.43404e+01   constant   
  16  beta_vw      0.00000e+00     fixed    
  17  LM          -2.06090e-04   constant   
  18  zeta_y       0.00000e+00   constant   
  19  zeta_vw      0.00000e+00   constant   
  20  T_CBO        3.10357e+01   5.34574e+00  -3.42222e-03  -4.56225e+01
  21  alpha_A0    -1.01912e+00   9.96413e-01  -1.07939e-01   1.71266e-01
  22  beta_A0      1.27482e+00   1.22360e+00   1.32549e-01  -9.23729e-02
  23  alpha_phi    3.17747e+00   3.11676e+00   3.37531e-01  -4.25586e-01
  24  beta_phi     2.56776e-01   2.95507e-01   3.19769e-02   4.97070e-01
 CALL LIMIT EXCEEDED IN MIGRAD.
 MIGRAD TERMINATED WITHOUT CONVERGENCE.
 FCN=90.8492 FROM MIGRAD    STATUS=CALL LIMIT   1907 CALLS        3242 TOTAL
                     EDM=0.00890838    STRATEGY= 1  ERROR MATRIX UNCERTAINTY  21.3 per cent
  EXT PARAMETER                APPROXIMATE        STEP         FIRST   
  NO.   NAME      VALUE            ERROR          SIZE      DERIVATIVE 
   1  N0           3.16116e+06   6.53333e+02  -1.11177e+01   5.93317e-06
   2  tau          6.43989e+01   constant   
   3  A0           3.43145e-01   2.87634e-04  -1.22379e-05   2.18952e+02
   4  phi          4.11706e+00   8.27537e-04  -7.88323e-06  -1.23384e+01
   5  R           -6.14725e+01   constant   
   6  alpha_CBO    3.67764e-03   2.96693e-04  -7.75163e-06   1.97854e+01
   7  w_CBO        2.32500e+00   constant   
   8  beta_CBO     0.00000e+00     fixed    
   9  alpha_2CBO   0.00000e+00     fixed    
  10  beta_2CBO    1.18045e-04   2.78347e-04   7.26832e-06   7.46734e-01
  11  alpha_y      0.00000e+00     fixed    
  12  w_y          1.38860e+01   constant   
  13  beta_y       1.94794e-04   2.85041e-04   5.46668e-06  -2.66395e+01
  14  alpha_vw     0.00000e+00     fixed    
  15  w_vw         1.43404e+01   constant   
  16  beta_vw      0.00000e+00     fixed    
  17  LM          -2.06090e-04   constant   
  18  zeta_y       0.00000e+00   constant   
  19  zeta_vw      0.00000e+00   constant   
  20  T_CBO        1.47836e+01   1.58838e+00  -8.64791e-04  -7.55260e+01
  21  alpha_A0     3.90526e+02   4.98706e+02   3.15431e+01   4.23517e-04
  22  beta_A0      1.78780e+03   2.26551e+03   1.43288e+02  -1.62287e-05
  23  alpha_phi    3.93689e+03   4.99092e+03   3.15665e+02  -2.54821e-04
  24  beta_phi     2.72706e+02   3.45567e+02   2.18553e+01   3.22243e-04
 EXTERNAL ERROR MATRIX.    NDIM=  25    NPAR= 11    ERR DEF=1
  4.268e+05 
 -3.682e-04  8.273e-08 
  8.214e-02  1.076e-09  6.848e-07 
  7.755e-03 -8.132e-10 -4.539e-08  8.803e-08 
  5.292e-03  2.738e-11 -6.878e-09  4.332e-09  7.748e-08 
 -4.172e-03 -6.407e-10  1.821e-09 -2.303e-09  9.975e-10  8.125e-08 
 -8.274e-02 -2.745e-07  5.220e-05 -2.357e-06  9.278e-06  1.511e-06  2.523e+00 
 -3.270e+03  4.110e-03 -2.217e-02 -1.019e-03 -1.043e-04  4.905e-04 -7.879e+02  2.487e+05 
 -1.424e+04  1.864e-02 -1.005e-01 -4.814e-03 -4.557e-04  2.203e-03 -3.579e+03  1.130e+06  5.133e+06 
 -3.136e+04  4.105e-02 -2.212e-01 -1.062e-02 -9.927e-04  4.853e-03 -7.885e+03  2.489e+06  1.131e+07  2.491e+07 
 -2.034e+03  2.826e-03 -1.525e-02 -7.243e-04 -8.094e-05  3.372e-04 -5.460e+02  1.723e+05  7.829e+05  1.725e+06  1.194e+05 
ERR MATRIX APPROXIMATE
 PARAMETER  CORRELATION COEFFICIENTS  
       NO.  GLOBAL      1      3      4      6     10     13     20     21     22     23     24
        1  0.34825   1.000 -0.002  0.152  0.040  0.029 -0.022 -0.000 -0.010 -0.010 -0.010 -0.009
        3  0.29033  -0.002  1.000  0.005 -0.010  0.000 -0.008 -0.001  0.029  0.029  0.029  0.028
        4  0.30076   0.152  0.005  1.000 -0.185 -0.030  0.008  0.040 -0.054 -0.054 -0.054 -0.053
        6  0.27474   0.040 -0.010 -0.185  1.000  0.052 -0.027 -0.005 -0.007 -0.007 -0.007 -0.007
       10  0.22583   0.029  0.000 -0.030  0.052  1.000  0.013  0.021 -0.001 -0.001 -0.001 -0.001
       13  0.08007  -0.022 -0.008  0.008 -0.027  0.013  1.000  0.003  0.003  0.003  0.003  0.003
       20  0.99554  -0.000 -0.001  0.040 -0.005  0.021  0.003  1.000 -0.995 -0.995 -0.995 -0.995
       21  1.00000  -0.010  0.029 -0.054 -0.007 -0.001  0.003 -0.995  1.000  1.000  1.000  1.000
       22  1.00000  -0.010  0.029 -0.054 -0.007 -0.001  0.003 -0.995  1.000  1.000  1.000  1.000
       23  1.00000  -0.010  0.029 -0.054 -0.007 -0.001  0.003 -0.995  1.000  1.000  1.000  1.000
       24  1.00000  -0.009  0.028 -0.053 -0.007 -0.001  0.003 -0.995  1.000  1.000  1.000  1.000
 ERR MATRIX APPROXIMATE
MINUIT - FIT ONLY 2-CBO
 **********
 **   25 **RES 
 **********
                   PARAMETER   16  beta_vw RESTORED TO VARIABLE.
                   PARAMETER   14  alpha_vw RESTORED TO VARIABLE.
                   PARAMETER   11  alpha_y RESTORED TO VARIABLE.
                   PARAMETER    9  alpha_2CBO RESTORED TO VARIABLE.
                   PARAMETER    8  beta_CBO RESTORED TO VARIABLE.
 **********
 **   26 **FIX            0
 **********
 PARAMETER    0  IS UNDEFINED. IGNORED.
 **********
 **   27 **FIX            1
 **********
 **********
 **   28 **FIX            2
 **********
 PARAMETER    2  IS CONSTANT.   IGNORED.
 **********
 **   29 **FIX            3
 **********
 **********
 **   30 **FIX            4
 **********
 **********
 **   31 **FIX            5
 **********
 PARAMETER    5  IS CONSTANT.   IGNORED.
 **********
 **   32 **FIX            6
 **********
 **********
 **   33 **FIX            7
 **********
 PARAMETER    7  IS CONSTANT.   IGNORED.
 **********
 **   34 **FIX           10
 **********
 **********
 **   35 **FIX           11
 **********
 **********
 **   36 **FIX           12
 **********
 PARAMETER   12  IS CONSTANT.   IGNORED.
 **********
 **   37 **FIX           13
 **********
 **********
 **   38 **FIX           14
 **********
 **********
 **   39 **FIX           15
 **********
 PARAMETER   15  IS CONSTANT.   IGNORED.
 **********
 **   40 **FIX           16
 **********
 **********
 **   41 **MIGRAD
 **********
 START MIGRAD MINIMIZATION.  STRATEGY  1.  CONVERGENCE WHEN EDM .LT. 1.00e-04
 FCN=90.8492 FROM MIGRAD    STATUS=INITIATE       18 CALLS        3260 TOTAL
                     EDM= unknown      STRATEGY= 1      NO ERROR MATRIX       
  EXT PARAMETER               CURRENT GUESS       STEP         FIRST   
  NO.   NAME      VALUE            ERROR          SIZE      DERIVATIVE 
   1  N0           3.16116e+06     fixed    
   2  tau          6.43989e+01   constant   
   3  A0           3.43145e-01     fixed    
   4  phi          4.11706e+00     fixed    
   5  R           -6.14725e+01   constant   
   6  alpha_CBO    3.67764e-03     fixed    
   7  w_CBO        2.32500e+00   constant   
   8  beta_CBO     0.00000e+00   1.00000e-03   1.00000e-03   3.30039e+04
   9  alpha_2CBO   0.00000e+00   1.00000e-03   1.00000e-03   1.55414e+04
  10  beta_2CBO    1.18045e-04     fixed    
  11  alpha_y      0.00000e+00     fixed    
  12  w_y          1.38860e+01   constant   
  13  beta_y       1.94794e-04     fixed    
  14  alpha_vw     0.00000e+00     fixed    
  15  w_vw         1.43404e+01   constant   
  16  beta_vw      0.00000e+00     fixed    
  17  LM          -2.06090e-04   constant   
  18  zeta_y       0.00000e+00   constant   
  19  zeta_vw      0.00000e+00   constant   
  20  T_CBO        1.47836e+01   1.58838e+00  -8.64791e-04  -7.55259e+01
  21  alpha_A0     3.90526e+02   4.98706e+02   3.15431e+01   4.23517e-04
  22  beta_A0      1.78780e+03   2.26551e+03   1.43288e+02  -1.62288e-05
  23  alpha_phi    3.93689e+03   4.99092e+03   3.15665e+02  -2.54821e-04
  24  beta_phi     2.72706e+02   3.45567e+02   2.18553e+01   3.22243e-04
 CALL LIMIT EXCEEDED IN MIGRAD.
 MIGRAD TERMINATED WITHOUT CONVERGENCE.
 FCN=63.8324 FROM MIGRAD    STATUS=CALL LIMIT   1154 CALLS        4396 TOTAL
                     EDM=0.00986917    STRATEGY= 1  ERROR MATRIX UNCERTAINTY  32.6 per cent
  EXT PARAMETER                APPROXIMATE        STEP         FIRST   
  NO.   NAME      VALUE            ERROR          SIZE      DERIVATIVE 
   1  N0           3.16116e+06     fixed    
   2  tau          6.43989e+01   constant   
   3  A0           3.43145e-01     fixed    
   4  phi          4.11706e+00     fixed    
   5  R           -6.14725e+01   constant   
   6  alpha_CBO    3.67764e-03     fixed    
   7  w_CBO        2.32500e+00   constant   
   8  beta_CBO    -1.30455e-03   2.77853e-04   2.95989e-06   2.95956e+01
   9  alpha_2CBO  -6.19723e-04   2.83488e-04   1.80281e-06  -7.22170e+01
  10  beta_2CBO    1.18045e-04     fixed    
  11  alpha_y      0.00000e+00     fixed    
  12  w_y          1.38860e+01   constant   
  13  beta_y       1.94794e-04     fixed    
  14  alpha_vw     0.00000e+00     fixed    
  15  w_vw         1.43404e+01   constant   
  16  beta_vw      0.00000e+00     fixed    
  17  LM          -2.06090e-04   constant   
  18  zeta_y       0.00000e+00   constant   
  19  zeta_vw      0.00000e+00   constant   
  20  T_CBO        9.73460e+00   7.16926e-01  -3.32562e-04  -1.32758e+02
  21  alpha_A0     6.42062e+05   8.61309e+05   3.84314e+04   1.51123e-08
  22  beta_A0      1.29108e+06   1.75912e+06   7.84872e+04   3.73633e-09
  23  alpha_phi    4.85500e+06   6.57980e+06   2.93578e+05  -1.32793e-07
  24  beta_phi     5.08953e+05   6.86801e+05   3.06427e+04  -1.95572e-07
 EXTERNAL ERROR MATRIX.    NDIM=  25    NPAR=  7    ERR DEF=1
  7.720e-08 -1.088e-10 -7.097e-06  1.406e+01  2.880e+01  1.076e+02  1.123e+01 
 -1.088e-10  8.037e-08 -2.740e-06  1.059e+00  2.220e+00  8.247e+00  8.211e-01 
 -7.097e-06 -2.740e-06  5.140e-01 -6.154e+05 -1.257e+06 -4.701e+06 -4.907e+05 
  1.406e+01  1.059e+00 -6.154e+05  7.419e+11  1.515e+12  5.667e+12  5.915e+11 
  2.880e+01  2.220e+00 -1.257e+06  1.515e+12  3.094e+12  1.157e+13  1.208e+12 
  1.076e+02  8.247e+00 -4.701e+06  5.667e+12  1.157e+13  4.329e+13  4.519e+12 
  1.123e+01  8.211e-01 -4.907e+05  5.915e+11  1.208e+12  4.519e+12  4.717e+11 
ERR MATRIX APPROXIMATE
 PARAMETER  CORRELATION COEFFICIENTS  
       NO.  GLOBAL      8      9     20     21     22     23     24
        8  0.30510   1.000 -0.001 -0.036  0.059  0.059  0.059  0.059
        9  0.20209  -0.001  1.000 -0.013  0.004  0.004  0.004  0.004
       20  0.99706  -0.036 -0.013  1.000 -0.997 -0.997 -0.997 -0.997
       21  1.00000   0.059  0.004 -0.997  1.000  1.000  1.000  1.000
       22  1.00000   0.059  0.004 -0.997  1.000  1.000  1.000  1.000
       23  1.00000   0.059  0.004 -0.997  1.000  1.000  1.000  1.000
       24  1.00000   0.059  0.004 -0.997  1.000  1.000  1.000  1.000
 ERR MATRIX APPROXIMATE
MINUIT - FIT wiggle + 1-CBO + 2-CBO
 **********
 **   42 **RES 
 **********
                   PARAMETER   16  beta_vw RESTORED TO VARIABLE.
                   PARAMETER   14  alpha_vw RESTORED TO VARIABLE.
                   PARAMETER   13  beta_y RESTORED TO VARIABLE.
                   PARAMETER   11  alpha_y RESTORED TO VARIABLE.
                   PARAMETER   10  beta_2CBO RESTORED TO VARIABLE.
                   PARAMETER    6  alpha_CBO RESTORED TO VARIABLE.
                   PARAMETER    4  phi RESTORED TO VARIABLE.
                   PARAMETER    3  A0 RESTORED TO VARIABLE.
                   PARAMETER    1  N0 RESTORED TO VARIABLE.
 **********
 **   43 **FIX           10
 **********
 **********
 **   44 **FIX           11
 **********
 **********
 **   45 **FIX           12
 **********
 PARAMETER   12  IS CONSTANT.   IGNORED.
 **********
 **   46 **FIX           13
 **********
 **********
 **   47 **FIX           14
 **********
 **********
 **   48 **FIX           15
 **********
 PARAMETER   15  IS CONSTANT.   IGNORED.
 **********
 **   49 **FIX           16
 **********
 **********
 **   50 **MIGRAD
 **********
 START MIGRAD MINIMIZATION.  STRATEGY  1.  CONVERGENCE WHEN EDM .LT. 1.00e-04
 FCN=63.8324 FROM MIGRAD    STATUS=INITIATE       22 CALLS        4418 TOTAL
                     EDM= unknown      STRATEGY= 1      NO ERROR MATRIX       
  EXT PARAMETER               CURRENT GUESS       STEP         FIRST   
  NO.   NAME      VALUE            ERROR          SIZE      DERIVATIVE 
   1  N0           3.16116e+06   6.53333e+02   6.53333e+02   1.22395e-03
   2  tau          6.43989e+01   constant   
   3  A0           3.43145e-01   2.87634e-04   2.87634e-04   7.33171e+03
   4  phi          4.11706e+00   8.27537e-04   8.27537e-04   2.75224e+02
   5  R           -6.14725e+01   constant   
   6  alpha_CBO    3.67764e-03   2.96693e-04   2.96693e-04   2.38536e+03
   7  w_CBO        2.32500e+00   constant   
   8  beta_CBO    -1.30455e-03   2.77853e-04   2.95989e-06   2.95956e+01
   9  alpha_2CBO  -6.19723e-04   2.83488e-04   1.80281e-06  -7.22169e+01
  10  beta_2CBO    1.18045e-04     fixed    
  11  alpha_y      0.00000e+00     fixed    
  12  w_y          1.38860e+01   constant   
  13  beta_y       1.94794e-04     fixed    
  14  alpha_vw     0.00000e+00     fixed    
  15  w_vw         1.43404e+01   constant   
  16  beta_vw      0.00000e+00     fixed    
  17  LM          -2.06090e-04   constant   
  18  zeta_y       0.00000e+00   constant   
  19  zeta_vw      0.00000e+00   constant   
  20  T_CBO        9.73460e+00   7.16926e-01  -3.32562e-04  -1.32758e+02
  21  alpha_A0     6.42062e+05   8.61309e+05   3.84314e+04   1.51103e-08
  22  beta_A0      1.29108e+06   1.75912e+06   7.84872e+04   3.73700e-09
  23  alpha_phi    4.85500e+06   6.57980e+06   2.93578e+05  -1.32793e-07
  24  beta_phi     5.08953e+05   6.86801e+05   3.06427e+04  -1.95572e-07
 CALL LIMIT EXCEEDED IN MIGRAD.
 MIGRAD TERMINATED WITHOUT CONVERGENCE.
 FCN=62.0982 FROM MIGRAD    STATUS=CALL LIMIT   1916 CALLS        6312 TOTAL
                     EDM=0.00214061    STRATEGY= 1  ERROR MATRIX UNCERTAINTY  24.6 per cent
  EXT PARAMETER                APPROXIMATE        STEP         FIRST   
  NO.   NAME      VALUE            ERROR          SIZE      DERIVATIVE 
   1  N0           3.16078e+06   6.67408e+02   2.14139e+00  -1.59091e-06
   2  tau          6.43989e+01   constant   
   3  A0           3.42854e-01   2.94472e-04   6.37520e-07   1.17502e+02
   4  phi          4.11674e+00   8.40893e-04  -4.29431e-06  -1.56676e+01
   5  R           -6.14725e+01   constant   
   6  alpha_CBO    3.58711e-03   2.91541e-04   6.41011e-07   2.13782e+00
   7  w_CBO        2.32500e+00   constant   
   8  beta_CBO    -1.37841e-03   2.92302e-04   2.68772e-07  -7.52217e+00
   9  alpha_2CBO  -6.24083e-04   2.86075e-04   3.35152e-07  -1.91621e+01
  10  beta_2CBO    1.18045e-04     fixed    
  11  alpha_y      0.00000e+00     fixed    
  12  w_y          1.38860e+01   constant   
  13  beta_y       1.94794e-04     fixed    
  14  alpha_vw     0.00000e+00     fixed    
  15  w_vw         1.43404e+01   constant   
  16  beta_vw      0.00000e+00     fixed    
  17  LM          -2.06090e-04   constant   
  18  zeta_y       0.00000e+00   constant   
  19  zeta_vw      0.00000e+00   constant   
  20  T_CBO        7.69116e+00   7.43642e-01  -2.04714e-04  -7.83775e+01
  21  alpha_A0     2.31767e+08   4.72338e+08   1.12026e+07   3.57209e-10
  22  beta_A0      3.61455e+08   9.35080e+08   2.21129e+07   1.77929e-09
  23  alpha_phi    1.14258e+09   2.68936e+09   6.36355e+07  -9.06526e-10
  24  beta_phi     2.96759e+07   7.69602e+07   1.80619e+06  -1.09527e-09
 EXTERNAL ERROR MATRIX.    NDIM=  25    NPAR= 11    ERR DEF=1
  4.454e+05 
  3.826e-03  8.671e-08 
  9.117e-02 -5.912e-09  7.071e-07 
  2.526e-03 -4.054e-09 -4.578e-08  8.500e-08 
  1.653e-02  2.400e-08  3.076e-09  4.894e-10  8.544e-08 
  5.260e-03 -2.588e-09 -1.550e-08  4.833e-09 -3.450e-10  8.184e-08 
 -5.025e+01 -2.099e-05  8.079e-05 -5.326e-06 -9.947e-06 -7.776e-06  5.530e-01 
  3.018e+10  1.925e+04 -6.058e+04  3.865e+03  7.845e+03  3.929e+03 -3.504e+08  2.231e+17 
  6.133e+10  3.872e+04 -1.203e+05  7.990e+03  1.538e+04  7.929e+03 -6.932e+08  4.416e+17  8.744e+17 
  1.757e+11  1.111e+05 -3.453e+05  2.282e+04  4.414e+04  2.265e+04 -1.994e+09  1.270e+18  2.515e+18  7.233e+18 
  5.430e+09  3.317e+03 -9.752e+03  7.237e+02  1.175e+03  6.508e+02 -5.691e+07  3.630e+16  7.190e+16  2.068e+17  5.923e+15 
ERR MATRIX APPROXIMATE
 PARAMETER  CORRELATION COEFFICIENTS  
       NO.  GLOBAL      1      3      4      6      8      9     20     21     22     23     24
        1  0.38733   1.000  0.019  0.162  0.013  0.085  0.028 -0.101  0.096  0.098  0.098  0.106
        3  0.72626   0.019  1.000 -0.024 -0.047  0.279 -0.031 -0.096  0.138  0.141  0.140  0.146
        4  0.55478   0.162 -0.024  1.000 -0.187  0.013 -0.064  0.129 -0.153 -0.153 -0.153 -0.151
        6  0.22974   0.013 -0.047 -0.187  1.000  0.006  0.058 -0.025  0.028  0.029  0.029  0.032
        8  0.34331   0.085  0.279  0.013  0.006  1.000 -0.004 -0.046  0.057  0.056  0.056  0.052
        9  0.26552   0.028 -0.031 -0.064  0.058 -0.004  1.000 -0.037  0.029  0.030  0.029  0.030
       20  0.99935  -0.101 -0.096  0.129 -0.025 -0.046 -0.037  1.000 -0.998 -0.997 -0.997 -0.994
       21  0.99999   0.096  0.138 -0.153  0.028  0.057  0.029 -0.998  1.000  1.000  1.000  0.999
       22  1.00000   0.098  0.141 -0.153  0.029  0.056  0.030 -0.997  1.000  1.000  1.000  0.999
       23  1.00000   0.098  0.140 -0.153  0.029  0.056  0.029 -0.997  1.000  1.000  1.000  0.999
       24  0.99979   0.106  0.146 -0.151  0.032  0.052  0.030 -0.994  0.999  0.999  0.999  1.000
 ERR MATRIX APPROXIMATE
MINUIT - FIT ONLY 1-y
 **********
 **   51 **RES 
 **********
                   PARAMETER   16  beta_vw RESTORED TO VARIABLE.
                   PARAMETER   14  alpha_vw RESTORED TO VARIABLE.
                   PARAMETER   13  beta_y RESTORED TO VARIABLE.
                   PARAMETER   11  alpha_y RESTORED TO VARIABLE.
                   PARAMETER   10  beta_2CBO RESTORED TO VARIABLE.
 **********
 **   52 **FIX            0
 **********
 PARAMETER    0  IS UNDEFINED. IGNORED.
 **********
 **   53 **FIX            1
 **********
 **********
 **   54 **FIX            2
 **********
 PARAMETER    2  IS CONSTANT.   IGNORED.
 **********
 **   55 **FIX            3
 **********
 **********
 **   56 **FIX            4
 **********
 **********
 **   57 **FIX            5
 **********
 PARAMETER    5  IS CONSTANT.   IGNORED.
 **********
 **   58 **FIX            6
 **********
 **********
 **   59 **FIX            7
 **********
 PARAMETER    7  IS CONSTANT.   IGNORED.
 **********
 **   60 **FIX            8
 **********
 **********
 **   61 **FIX            9
 **********
 **********
 **   62 **FIX           13
 **********
 **********
 **   63 **FIX           14
 **********
 **********
 **   64 **FIX           15
 **********
 PARAMETER   15  IS CONSTANT.   IGNORED.
 **********
 **   65 **FIX           16
 **********
 **********
 **   66 **MIGRAD
 **********
 START MIGRAD MINIMIZATION.  STRATEGY  1.  CONVERGENCE WHEN EDM .LT. 1.00e-04
 FCN=62.0981 FROM MIGRAD    STATUS=INITIATE       37 CALLS        6349 TOTAL
                     EDM= unknown      STRATEGY= 1      NO ERROR MATRIX       
  EXT PARAMETER               CURRENT GUESS       STEP         FIRST   
  NO.   NAME      VALUE            ERROR          SIZE      DERIVATIVE 
   1  N0           3.16078e+06     fixed    
   2  tau          6.43989e+01   constant   
   3  A0           3.42854e-01     fixed    
   4  phi          4.11674e+00     fixed    
   5  R           -6.14725e+01   constant   
   6  alpha_CBO    3.58711e-03     fixed    
   7  w_CBO        2.32500e+00   constant   
   8  beta_CBO    -1.37841e-03     fixed    
   9  alpha_2CBO  -6.24083e-04     fixed    
  10  beta_2CBO    1.18045e-04   2.78347e-04   0.00000e+00   1.51104e+03
  11  alpha_y      0.00000e+00   1.00000e-03   0.00000e+00   5.48502e+03
  12  w_y          1.38860e+01   constant   
  13  beta_y       1.94794e-04     fixed    
  14  alpha_vw     0.00000e+00     fixed    
  15  w_vw         1.43404e+01   constant   
  16  beta_vw      0.00000e+00     fixed    
  17  LM          -2.06090e-04   constant   
  18  zeta_y       0.00000e+00   constant   
  19  zeta_vw      0.00000e+00   constant   
  20  T_CBO        7.69116e+00   7.43642e-01   0.00000e+00  -7.84324e+01
  21  alpha_A0     2.31656e+08   4.72338e+08  -1.10515e+05   3.54358e-10
  22  beta_A0      3.61455e+08   9.35080e+08   0.00000e+00   1.77971e-09
  23  alpha_phi    1.14258e+09   2.68936e+09   0.00000e+00  -9.06192e-10
  24  beta_phi     2.96759e+07   7.69602e+07   0.00000e+00  -1.09541e-09
 CALL LIMIT EXCEEDED IN MIGRAD.
 MIGRAD TERMINATED WITHOUT CONVERGENCE.
 FCN=61.1312 FROM MIGRAD    STATUS=CALL LIMIT   1156 CALLS        7468 TOTAL
                     EDM=0.00196202    STRATEGY= 1  ERROR MATRIX UNCERTAINTY  14.4 per cent
  EXT PARAMETER                APPROXIMATE        STEP         FIRST   
  NO.   NAME      VALUE            ERROR          SIZE      DERIVATIVE 
   1  N0           3.16078e+06     fixed    
   2  tau          6.43989e+01   constant   
   3  A0           3.42854e-01     fixed    
   4  phi          4.11674e+00     fixed    
   5  R           -6.14725e+01   constant   
   6  alpha_CBO    3.58711e-03     fixed    
   7  w_CBO        2.32500e+00   constant   
   8  beta_CBO    -1.37841e-03     fixed    
   9  alpha_2CBO  -6.24083e-04     fixed    
  10  beta_2CBO    7.63511e-05   2.83567e-04   1.84731e-07   2.26572e+00
  11  alpha_y     -2.19119e-04   2.75488e-04  -1.51988e-05  -1.33147e+02
  12  w_y          1.38860e+01   constant   
  13  beta_y       1.94794e-04     fixed    
  14  alpha_vw     0.00000e+00     fixed    
  15  w_vw         1.43404e+01   constant   
  16  beta_vw      0.00000e+00     fixed    
  17  LM          -2.06090e-04   constant   
  18  zeta_y       0.00000e+00   constant   
  19  zeta_vw      0.00000e+00   constant   
  20  T_CBO        6.71943e+00   6.56488e-01  -2.55390e-04  -6.39590e+01
  21  alpha_A0     8.44043e+09   1.96821e+10   7.12736e+08  -1.22066e-11
  22  beta_A0      1.28940e+10   3.12378e+10   1.10085e+09  -2.40333e-12
  23  alpha_phi    5.16752e+10   1.31978e+11   4.58699e+09  -1.45758e-12
  24  beta_phi     2.20669e+09   2.86687e+09   4.81763e+07  -1.18872e-11
 EXTERNAL ERROR MATRIX.    NDIM=  25    NPAR=  7    ERR DEF=1
  8.041e-08 -7.817e-10 -5.955e-06  2.063e+05  2.506e+05  1.558e+06 -1.183e+04 
 -7.817e-10  7.589e-08  7.296e-06 -7.097e+05 -9.385e+05 -3.535e+06  6.708e+04 
 -5.955e-06  7.296e-06  4.310e-01 -1.255e+10 -2.022e+10 -8.578e+10 -1.436e+09 
  2.063e+05 -7.097e+05 -1.255e+10  3.874e+20  6.100e+20  2.568e+21  3.558e+19 
  2.506e+05 -9.385e+05 -2.022e+10  6.100e+20  9.758e+20  4.108e+21  6.445e+19 
  1.558e+06 -3.535e+06 -8.578e+10  2.568e+21  4.108e+21  1.742e+22  2.719e+20 
 -1.183e+04  6.708e+04 -1.436e+09  3.558e+19  6.445e+19  2.719e+20  8.219e+18 
ERR MATRIX APPROXIMATE
 PARAMETER  CORRELATION COEFFICIENTS  
       NO.  GLOBAL     10     11     20     21     22     23     24
       10  0.20386   1.000 -0.010 -0.032  0.037  0.028  0.042 -0.015
       11  0.42716  -0.010  1.000  0.040 -0.131 -0.109 -0.097  0.085
       20  0.99510  -0.032  0.040  1.000 -0.971 -0.986 -0.990 -0.763
       21  0.99954   0.037 -0.131 -0.971  1.000  0.992  0.989  0.631
       22  0.99965   0.028 -0.109 -0.986  0.992  1.000  0.996  0.720
       23  0.99789   0.042 -0.097 -0.990  0.989  0.996  1.000  0.719
       24  0.98793  -0.015  0.085 -0.763  0.631  0.720  0.719  1.000
 ERR MATRIX APPROXIMATE
MINUIT - FIT ONLY 2-y
 **********
 **   67 **RES 
 **********
                   PARAMETER   16  beta_vw RESTORED TO VARIABLE.
                   PARAMETER   14  alpha_vw RESTORED TO VARIABLE.
                   PARAMETER   13  beta_y RESTORED TO VARIABLE.
                   PARAMETER    9  alpha_2CBO RESTORED TO VARIABLE.
                   PARAMETER    8  beta_CBO RESTORED TO VARIABLE.
                   PARAMETER    6  alpha_CBO RESTORED TO VARIABLE.
                   PARAMETER    4  phi RESTORED TO VARIABLE.
                   PARAMETER    3  A0 RESTORED TO VARIABLE.
                   PARAMETER    1  N0 RESTORED TO VARIABLE.
 **********
 **   68 **FIX            0
 **********
 PARAMETER    0  IS UNDEFINED. IGNORED.
 **********
 **   69 **FIX            1
 **********
 **********
 **   70 **FIX            2
 **********
 PARAMETER    2  IS CONSTANT.   IGNORED.
 **********
 **   71 **FIX            3
 **********
 **********
 **   72 **FIX            4
 **********
 **********
 **   73 **FIX            5
 **********
 PARAMETER    5  IS CONSTANT.   IGNORED.
 **********
 **   74 **FIX            6
 **********
 **********
 **   75 **FIX            7
 **********
 PARAMETER    7  IS CONSTANT.   IGNORED.
 **********
 **   76 **FIX            8
 **********
 **********
 **   77 **FIX            9
 **********
 **********
 **   78 **FIX           10
 **********
 **********
 **   79 **FIX           11
 **********
 **********
 **   80 **FIX           12
 **********
 PARAMETER   12  IS CONSTANT.   IGNORED.
 **********
 **   81 **FIX           16
 **********
 **********
 **   82 **MIGRAD
 **********
 START MIGRAD MINIMIZATION.  STRATEGY  1.  CONVERGENCE WHEN EDM .LT. 1.00e-04
 FCN=61.1312 FROM MIGRAD    STATUS=INITIATE      100 CALLS        7568 TOTAL
                     EDM= unknown      STRATEGY= 1      NO ERROR MATRIX       
  EXT PARAMETER               CURRENT GUESS       STEP         FIRST   
  NO.   NAME      VALUE            ERROR          SIZE      DERIVATIVE 
   1  N0           3.16078e+06     fixed    
   2  tau          6.43989e+01   constant   
   3  A0           3.42854e-01     fixed    
   4  phi          4.11674e+00     fixed    
   5  R           -6.14725e+01   constant   
   6  alpha_CBO    3.58711e-03     fixed    
   7  w_CBO        2.32500e+00   constant   
   8  beta_CBO    -1.37841e-03     fixed    
   9  alpha_2CBO  -6.24083e-04     fixed    
  10  beta_2CBO    7.63511e-05     fixed    
  11  alpha_y     -2.19119e-04     fixed    
  12  w_y          1.38860e+01   constant   
  13  beta_y       1.94794e-04   2.85041e-04   0.00000e+00  -5.06708e+02
  14  alpha_vw     0.00000e+00   1.00000e-03   0.00000e+00   2.73849e+03
  15  w_vw         1.43404e+01   constant   
  16  beta_vw      0.00000e+00     fixed    
  17  LM          -2.06090e-04   constant   
  18  zeta_y       0.00000e+00   constant   
  19  zeta_vw      0.00000e+00   constant   
  20  T_CBO        6.71943e+00   6.56488e-01   0.00000e+00  -6.38011e+01
  21  alpha_A0     8.44043e+09   1.96821e+10   0.00000e+00  -1.22038e-11
  22  beta_A0      1.28940e+10   3.12378e+10   0.00000e+00  -2.39361e-12
  23  alpha_phi    5.16752e+10   1.31978e+11   0.00000e+00  -1.45322e-12
  24  beta_phi     2.21091e+09   2.86687e+09   1.05374e+06  -1.18359e-11
 CALL LIMIT EXCEEDED IN MIGRAD.
 MIGRAD TERMINATED WITHOUT CONVERGENCE.
 FCN=60.7322 FROM MIGRAD    STATUS=CALL LIMIT   1151 CALLS        8619 TOTAL
                     EDM=0.00632463    STRATEGY= 1  ERROR MATRIX UNCERTAINTY  10.9 per cent
  EXT PARAMETER                APPROXIMATE        STEP         FIRST   
  NO.   NAME      VALUE            ERROR          SIZE      DERIVATIVE 
   1  N0           3.16078e+06     fixed    
   2  tau          6.43989e+01   constant   
   3  A0           3.42854e-01     fixed    
   4  phi          4.11674e+00     fixed    
   5  R           -6.14725e+01   constant   
   6  alpha_CBO    3.58711e-03     fixed    
   7  w_CBO        2.32500e+00   constant   
   8  beta_CBO    -1.37841e-03     fixed    
   9  alpha_2CBO  -6.24083e-04     fixed    
  10  beta_2CBO    7.63511e-05     fixed    
  11  alpha_y     -2.19119e-04     fixed    
  12  w_y          1.38860e+01   constant   
  13  beta_y       2.49835e-04   2.99377e-04   6.20065e-07   3.61938e+01
  14  alpha_vw    -1.21366e-04   2.91270e-04   4.85102e-06   1.17870e+02
  15  w_vw         1.43404e+01   constant   
  16  beta_vw      0.00000e+00     fixed    
  17  LM          -2.06090e-04   constant   
  18  zeta_y       0.00000e+00   constant   
  19  zeta_vw      0.00000e+00   constant   
  20  T_CBO        5.89891e+00   3.81663e-01  -3.21276e-04  -1.64777e+02
  21  alpha_A0     6.59376e+11   1.38813e+12   1.10273e+11   8.52433e-14
  22  beta_A0      8.52326e+11   1.64186e+12   1.21143e+11   2.34482e-14
  23  alpha_phi    3.32709e+12   6.31695e+12   4.22948e+11  -1.42239e-13
  24  beta_phi     8.73735e+10   3.60784e+11   2.51707e+10  -2.31354e-13
 EXTERNAL ERROR MATRIX.    NDIM=  25    NPAR=  7    ERR DEF=1
  8.963e-08 -2.366e-08 -5.720e-07  1.237e+07  9.046e+06  1.882e+07  4.854e+06 
 -2.366e-08  8.484e-08  5.733e-06 -5.761e+06 -1.275e+07 -6.129e+07  3.450e+06 
 -5.720e-07  5.733e-06  1.457e-01 -4.563e+11 -6.027e+11 -2.387e+12 -5.676e+10 
  1.237e+07 -5.761e+06 -4.563e+11  1.927e+24  2.196e+24  7.893e+24  4.075e+23 
  9.046e+06 -1.275e+07 -6.027e+11  2.196e+24  2.696e+24  1.020e+25  3.759e+23 
  1.882e+07 -6.129e+07 -2.387e+12  7.893e+24  1.020e+25  3.990e+25  1.115e+24 
  4.854e+06  3.450e+06 -5.676e+10  4.075e+23  3.759e+23  1.115e+24  1.302e+23 
ERR MATRIX APPROXIMATE
 PARAMETER  CORRELATION COEFFICIENTS  
       NO.  GLOBAL     13     14     20     21     22     23     24
       13  0.28178   1.000 -0.271 -0.005  0.030  0.018  0.010  0.045
       14  0.30939  -0.271  1.000  0.052 -0.014 -0.027 -0.033  0.033
       20  0.99576  -0.005  0.052  1.000 -0.861 -0.962 -0.990 -0.412
       21  0.99986   0.030 -0.014 -0.861  1.000  0.964  0.900  0.814
       22  0.99997   0.018 -0.027 -0.962  0.964  1.000  0.984  0.635
       23  0.99992   0.010 -0.033 -0.990  0.900  0.984  1.000  0.489
