 + ++++++++++++++++++++++++++++++++++++++++++++++++++++++++++++++++++++ +
 +                                                                      +
 +           You have chose to blind your fitting according to          +
 +                omega_ref * (1 + (R +/- deltaR) *10^{-6})             +
 +                                                                      +
 + ++++++++++++++++++++++++++++++++++++++++++++++++++++++++++++++++++++ +
In main()...
reading format from /gm2data/zkhechad/run45/envelope/formats/formatB_sBin_constraintOn.txt
pBinTau 	= 0  
pBinPhi 	= 0  
constraintau 	= 1 
includeMopTerm 	= 0    
constrainMop    = 0   
Parameters after format file: pBinTau 0 pBinPhi 0 constraintau 1 includeMopTerm 0 constrainMop 0 c_e_scale 0.000000 
Opening file /gm2data/tbarrett/gm2fr/studies/run23_bunch_corrections/CorrectedFourier_Run3b.root.
reading full fit data from /gm2data/zkhechad/cboTemplates/Run4CBOTemplates/fullFits/noRF/sBin_constraintOn_cE0.0_seed0_noRF_calo2.root
windowBins = 69
fitting sliding window 2030 from bin 2166 at 323.018000 to bin 2235 at 333.462000 (69 bins)

Reading data from /gm2data/cornell/histograms/aMethod/histogram_a_noRF.root
 **********
 **    1 **SET PRINTOUT            1
 **********
 **********
 **    2 **SET NOWARNINGS 
 **********
 PARAMETER DEFINITIONS:
    NO.   NAME         VALUE      STEP SIZE      LIMITS
     1 N0           3.21058e+06  1.00000e+02     no limits
     2 tau          6.44090e+01  constant
     3 A0           3.64384e-01  1.00000e-04     no limits
     4 phi          4.11815e+00  1.00000e-02     no limits
     5 R           -6.00655e+01  constant
     6 alpha_CBO    0.00000e+00  1.00000e-03     no limits
     7 w_CBO        2.32500e+00  constant
     8 beta_CBO     0.00000e+00  1.00000e-03     no limits
     9 alpha_2CBO   0.00000e+00  1.00000e-03     no limits
    10 beta_2CBO    0.00000e+00  1.00000e-03     no limits
    11 alpha_y      0.00000e+00  1.00000e-03     no limits
    12 w_y          1.38860e+01  constant
    13 beta_y       0.00000e+00  1.00000e-03     no limits
    14 alpha_vw     0.00000e+00  1.00000e-03     no limits
    15 w_vw         1.43404e+01  constant
    16 beta_vw      0.00000e+00  1.00000e-03     no limits
    17 LM           2.36781e-04  constant
    18 zeta_y       0.00000e+00  constant
    19 zeta_vw      0.00000e+00  constant
    20 T_CBO        1.00000e+02  1.00000e+00    0.00000e+00  1.00000e+03
    21 alpha_A0     0.00000e+00  1.00000e-03     no limits
    22 beta_A0      0.00000e+00  1.00000e-03     no limits
    23 alpha_phi    0.00000e+00  1.00000e-03     no limits
    24 beta_phi     0.00000e+00  1.00000e-03     no limits
MINUIT - FIT ONLY WIGGLE
 **********
 **    3 **FIX            5
 **********
 PARAMETER    5  IS CONSTANT.   IGNORED.
 **********
 **    4 **FIX            6
 **********
 **********
 **    5 **FIX            7
 **********
 PARAMETER    7  IS CONSTANT.   IGNORED.
 **********
 **    6 **FIX            8
 **********
 **********
 **    7 **FIX            9
 **********
 **********
 **    8 **FIX           10
 **********
 **********
 **    9 **FIX           11
 **********
 **********
 **   10 **FIX           12
 **********
 PARAMETER   12  IS CONSTANT.   IGNORED.
 **********
 **   11 **FIX           13
 **********
 **********
 **   12 **FIX           14
 **********
 **********
 **   13 **FIX           15
 **********
 PARAMETER   15  IS CONSTANT.   IGNORED.
 **********
 **   14 **FIX           16
 **********
 **********
 **   15 **MIGRAD
 **********
 FIRST CALL TO USER FUNCTION AT NEW START POINT, WITH IFLAG=4.
 START MIGRAD MINIMIZATION.  STRATEGY  1.  CONVERGENCE WHEN EDM .LT. 1.00e-04
 FCN=79.6504 FROM MIGRAD    STATUS=INITIATE      437 CALLS         438 TOTAL
                     EDM= unknown      STRATEGY= 1      NO ERROR MATRIX       
  EXT PARAMETER               CURRENT GUESS       STEP         FIRST   
  NO.   NAME      VALUE            ERROR          SIZE      DERIVATIVE 
   1  N0           3.21058e+06   1.00000e+02   0.00000e+00  -1.37620e-03
   2  tau          6.44090e+01   constant   
   3  A0           3.64384e-01   1.00000e-04   0.00000e+00   8.73113e+03
   4  phi          4.11815e+00   1.00000e-02   0.00000e+00   6.16275e+01
   5  R           -6.00655e+01   constant   
   6  alpha_CBO    0.00000e+00     fixed    
   7  w_CBO        2.32500e+00   constant   
   8  beta_CBO     0.00000e+00     fixed    
   9  alpha_2CBO   0.00000e+00     fixed    
  10  beta_2CBO    0.00000e+00     fixed    
  11  alpha_y      0.00000e+00     fixed    
  12  w_y          1.38860e+01   constant   
  13  beta_y       0.00000e+00     fixed    
  14  alpha_vw     0.00000e+00     fixed    
  15  w_vw         1.43404e+01   constant   
  16  beta_vw      0.00000e+00     fixed    
  17  LM           2.36781e-04   constant   
  18  zeta_y       0.00000e+00   constant   
  19  zeta_vw      0.00000e+00   constant   
  20  T_CBO        1.00000e+02   1.00000e+00   0.00000e+00   0.00000e+00
  21  alpha_A0     0.00000e+00   1.00000e-03   0.00000e+00  -2.45734e+01
  22  beta_A0      0.00000e+00   1.00000e-03   0.00000e+00   3.64993e+01
  23  alpha_phi    0.00000e+00   1.00000e-03   0.00000e+00  -5.72542e+00
  24  beta_phi     0.00000e+00   1.00000e-03   0.00000e+00  -2.65481e+01
 CALL LIMIT EXCEEDED IN MIGRAD.
 MIGRAD TERMINATED WITHOUT CONVERGENCE.
 FCN=67.6273 FROM MIGRAD    STATUS=CALL LIMIT   1334 CALLS        1335 TOTAL
                     EDM=0.0011939    STRATEGY= 1  ERROR MATRIX UNCERTAINTY   1.8 per cent
  EXT PARAMETER                APPROXIMATE        STEP         FIRST   
  NO.   NAME      VALUE            ERROR          SIZE      DERIVATIVE 
   1  N0           3.21125e+06   1.73407e+03  -6.33276e+01  -2.09609e-05
   2  tau          6.44090e+01   constant   
   3  A0           3.62616e-01   6.55750e-04   3.02848e-06   1.34449e+01
   4  phi          4.11744e+00   2.04384e-03  -7.84076e-07  -2.11727e+00
   5  R           -6.00655e+01   constant   
   6  alpha_CBO    0.00000e+00     fixed    
   7  w_CBO        2.32500e+00   constant   
   8  beta_CBO     0.00000e+00     fixed    
   9  alpha_2CBO   0.00000e+00     fixed    
  10  beta_2CBO    0.00000e+00     fixed    
  11  alpha_y      0.00000e+00     fixed    
  12  w_y          1.38860e+01   constant   
  13  beta_y       0.00000e+00     fixed    
  14  alpha_vw     0.00000e+00     fixed    
  15  w_vw         1.43404e+01   constant   
  16  beta_vw      0.00000e+00     fixed    
  17  LM           2.36781e-04   constant   
  18  zeta_y       0.00000e+00   constant   
  19  zeta_vw      0.00000e+00   constant   
  20  T_CBO        4.41177e+01   2.23907e+01  -4.42634e-03  -3.05774e+00
  21  alpha_A0     6.35889e+00   2.13666e+01   8.40180e-01  -8.10484e-03
  22  beta_A0     -6.93974e+00   2.30945e+01  -9.08947e-01   1.09159e-02
  23  alpha_phi    1.08432e+00   3.38024e+00   1.33222e-01   5.14571e-02
  24  beta_phi     2.26792e+00   7.66976e+00   3.01697e-01  -2.07674e-02
 EXTERNAL ERROR MATRIX.    NDIM=  25    NPAR=  8    ERR DEF=1
  3.007e+06  2.720e-01  1.662e-01  9.328e+03 -1.058e+04  1.145e+04 -1.647e+03 -3.810e+03 
  2.720e-01  4.300e-07  1.420e-09 -3.408e-04  3.451e-04 -3.689e-04  5.155e-05  1.248e-04 
  1.662e-01  1.420e-09  4.177e-06 -4.332e-04 -6.944e-04  7.335e-04 -1.063e-04 -2.370e-04 
  9.328e+03 -3.408e-04 -4.332e-04  5.033e+02 -4.747e+02  5.132e+02 -7.520e+01 -1.704e+02 
 -1.058e+04  3.451e-04 -6.944e-04 -4.747e+02  4.565e+02 -4.934e+02  7.219e+01  1.639e+02 
  1.145e+04 -3.689e-04  7.335e-04  5.132e+02 -4.934e+02  5.334e+02 -7.803e+01 -1.771e+02 
 -1.647e+03  5.155e-05 -1.063e-04 -7.520e+01  7.219e+01 -7.803e+01  1.143e+01  2.591e+01 
 -3.810e+03  1.248e-04 -2.370e-04 -1.704e+02  1.639e+02 -1.771e+02  2.591e+01  5.883e+01 
ERR MATRIX APPROXIMATE
 PARAMETER  CORRELATION COEFFICIENTS  
       NO.  GLOBAL      1      3      4     20     21     22     23     24
        1  0.51739   1.000  0.239  0.047  0.240 -0.285  0.286 -0.281 -0.286
        3  0.28444   0.239  1.000  0.001 -0.023  0.025 -0.024  0.023  0.025
        4  0.22473   0.047  0.001  1.000 -0.009 -0.016  0.016 -0.015 -0.015
       20  0.99327   0.240 -0.023 -0.009  1.000 -0.990  0.990 -0.992 -0.990
       21  0.99999  -0.285  0.025 -0.016 -0.990  1.000 -1.000  1.000  1.000
       22  0.99999   0.286 -0.024  0.016  0.990 -1.000  1.000 -1.000 -1.000
       23  0.99971  -0.281  0.023 -0.015 -0.992  1.000 -1.000  1.000  1.000
       24  0.99996  -0.286  0.025 -0.015 -0.990  1.000 -1.000  1.000  1.000
 ERR MATRIX APPROXIMATE
MINUIT - FIT ONLY 1-CBO + wiggle
 **********
 **   16 **RES 
 **********
                   PARAMETER   16  beta_vw RESTORED TO VARIABLE.
                   PARAMETER   14  alpha_vw RESTORED TO VARIABLE.
                   PARAMETER   13  beta_y RESTORED TO VARIABLE.
                   PARAMETER   11  alpha_y RESTORED TO VARIABLE.
                   PARAMETER   10  beta_2CBO RESTORED TO VARIABLE.
                   PARAMETER    9  alpha_2CBO RESTORED TO VARIABLE.
                   PARAMETER    8  beta_CBO RESTORED TO VARIABLE.
                   PARAMETER    6  alpha_CBO RESTORED TO VARIABLE.
 **********
 **   17 **FIX            8
 **********
 **********
 **   18 **FIX            9
 **********
 **********
 **   19 **FIX           11
 **********
 **********
 **   20 **FIX           12
 **********
 PARAMETER   12  IS CONSTANT.   IGNORED.
 **********
 **   21 **FIX           14
 **********
 **********
 **   22 **FIX           15
 **********
 PARAMETER   15  IS CONSTANT.   IGNORED.
 **********
 **   23 **FIX           16
 **********
 **********
 **   24 **MIGRAD
 **********
 START MIGRAD MINIMIZATION.  STRATEGY  1.  CONVERGENCE WHEN EDM .LT. 1.00e-04
 FCN=67.6273 FROM MIGRAD    STATUS=INITIATE       28 CALLS        1363 TOTAL
                     EDM= unknown      STRATEGY= 1      NO ERROR MATRIX       
  EXT PARAMETER               CURRENT GUESS       STEP         FIRST   
  NO.   NAME      VALUE            ERROR          SIZE      DERIVATIVE 
   1  N0           3.21125e+06   1.73407e+03  -6.33276e+01  -2.09609e-05
   2  tau          6.44090e+01   constant   
   3  A0           3.62616e-01   6.55750e-04   3.02848e-06   1.34449e+01
   4  phi          4.11744e+00   2.04384e-03  -7.84076e-07  -2.11727e+00
   5  R           -6.00655e+01   constant   
   6  alpha_CBO    0.00000e+00   1.00000e-03   1.00000e-03   6.72376e+03
   7  w_CBO        2.32500e+00   constant   
   8  beta_CBO     0.00000e+00     fixed    
   9  alpha_2CBO   0.00000e+00     fixed    
  10  beta_2CBO    0.00000e+00   1.00000e-03   1.00000e-03   2.50762e+03
  11  alpha_y      0.00000e+00     fixed    
  12  w_y          1.38860e+01   constant   
  13  beta_y       0.00000e+00   1.00000e-03   1.00000e-03   6.17294e+02
  14  alpha_vw     0.00000e+00     fixed    
  15  w_vw         1.43404e+01   constant   
  16  beta_vw      0.00000e+00     fixed    
  17  LM           2.36781e-04   constant   
  18  zeta_y       0.00000e+00   constant   
  19  zeta_vw      0.00000e+00   constant   
  20  T_CBO        4.41177e+01   2.23907e+01  -4.42634e-03  -3.05776e+00
  21  alpha_A0     6.35889e+00   2.13666e+01   8.40180e-01  -8.10484e-03
  22  beta_A0     -6.93974e+00   2.30945e+01  -9.08947e-01   1.09159e-02
  23  alpha_phi    1.08432e+00   3.38024e+00   1.33222e-01   5.14571e-02
  24  beta_phi     2.26792e+00   7.66976e+00   3.01697e-01  -2.07674e-02
 CALL LIMIT EXCEEDED IN MIGRAD.
 MIGRAD TERMINATED WITHOUT CONVERGENCE.
 FCN=58.7181 FROM MIGRAD    STATUS=CALL LIMIT   1927 CALLS        3262 TOTAL
                     EDM=0.0027013    STRATEGY= 1  ERROR MATRIX UNCERTAINTY  22.1 per cent
  EXT PARAMETER                APPROXIMATE        STEP         FIRST   
  NO.   NAME      VALUE            ERROR          SIZE      DERIVATIVE 
   1  N0           3.21103e+06   1.81233e+03   1.09990e+01  -1.78572e-05
   2  tau          6.44090e+01   constant   
   3  A0           3.62253e-01   6.79355e-04   1.92227e-06  -1.60790e+01
   4  phi          4.11682e+00   2.09078e-03   9.32534e-06  -1.58170e+01
   5  R           -6.00655e+01   constant   
   6  alpha_CBO   -2.20775e-03   7.98320e-04   1.02977e-06  -1.64329e+00
   7  w_CBO        2.32500e+00   constant   
   8  beta_CBO     0.00000e+00     fixed    
   9  alpha_2CBO   0.00000e+00     fixed    
  10  beta_2CBO   -7.82809e-04   7.68822e-04   1.59398e-06   8.88691e+00
  11  alpha_y      0.00000e+00     fixed    
  12  w_y          1.38860e+01   constant   
  13  beta_y      -2.16442e-04   7.69763e-04   4.36924e-06  -2.44662e+01
  14  alpha_vw     0.00000e+00     fixed    
  15  w_vw         1.43404e+01   constant   
  16  beta_vw      0.00000e+00     fixed    
  17  LM           2.36781e-04   constant   
  18  zeta_y       0.00000e+00   constant   
  19  zeta_vw      0.00000e+00   constant   
  20  T_CBO        2.00723e+01   4.11522e+00  -1.84368e-03  -1.76859e+01
  21  alpha_A0     4.43186e+04   1.22906e+05   6.98218e+03   5.41598e-08
  22  beta_A0     -5.88542e+04   1.63251e+05  -9.27410e+03   1.33845e-06
  23  alpha_phi   -1.57401e+04   4.36577e+04  -2.48015e+03   4.95505e-06
  24  beta_phi     6.89002e+03   1.90639e+04   1.08301e+03  -7.16963e-06
 EXTERNAL ERROR MATRIX.    NDIM=  25    NPAR= 11    ERR DEF=1
  3.285e+06 
  2.828e-01  4.615e-07 
  2.433e-01  2.655e-08  4.371e-06 
  2.246e-02  8.188e-08  2.008e-07  6.373e-07 
 -5.161e-02  1.333e-08 -6.868e-08  1.561e-08  5.911e-07 
 -8.557e-03  7.898e-09  1.590e-08  7.986e-09  1.552e-09  5.925e-07 
 -3.041e+02 -1.063e-05 -4.071e-04 -4.940e-05 -6.949e-06 -9.248e-05  1.694e+01 
  4.048e+06 -5.511e-01  6.427e+00  1.085e+00  1.267e+00  3.090e+00 -5.024e+05  1.511e+10 
 -5.375e+06  7.318e-01 -8.537e+00 -1.441e+00 -1.682e+00 -4.105e+00  6.673e+05 -2.006e+10  2.665e+10 
 -1.436e+06  1.958e-01 -2.283e+00 -3.847e-01 -4.500e-01 -1.098e+00  1.785e+05 -5.366e+09  7.127e+09  1.906e+09 
  6.271e+05 -8.524e-02  9.981e-01  1.686e-01  1.965e-01  4.794e-01 -7.793e+04  2.343e+09 -3.112e+09 -8.323e+08  3.634e+08 
ERR MATRIX APPROXIMATE
 PARAMETER  CORRELATION COEFFICIENTS  
       NO.  GLOBAL      1      3      4      6     10     13     20     21     22     23     24
        1  0.35031   1.000  0.230  0.064  0.016 -0.037 -0.006 -0.041  0.018 -0.018 -0.018  0.018
        3  0.29779   0.230  1.000  0.019  0.151  0.026  0.015 -0.004 -0.007  0.007  0.007 -0.007
        4  0.25380   0.064  0.019  1.000  0.120 -0.043  0.010 -0.047  0.025 -0.025 -0.025  0.025
        6  0.27943   0.016  0.151  0.120  1.000  0.025  0.013 -0.015  0.011 -0.011 -0.011  0.011
       10  0.14711  -0.037  0.026 -0.043  0.025  1.000  0.003 -0.002  0.013 -0.013 -0.013  0.013
       13  0.05845  -0.006  0.015  0.010  0.013  0.003  1.000 -0.029  0.033 -0.033 -0.033  0.033
       20  0.99376  -0.041 -0.004 -0.047 -0.015 -0.002 -0.029  1.000 -0.993  0.993  0.993 -0.993
       21  1.00000   0.018 -0.007  0.025  0.011  0.013  0.033 -0.993  1.000 -1.000 -1.000  1.000
       22  1.00000  -0.018  0.007 -0.025 -0.011 -0.013 -0.033  0.993 -1.000  1.000  1.000 -1.000
       23  1.00000  -0.018  0.007 -0.025 -0.011 -0.013 -0.033  0.993 -1.000  1.000  1.000 -1.000
       24  1.00000   0.018 -0.007  0.025  0.011  0.013  0.033 -0.993  1.000 -1.000 -1.000  1.000
 ERR MATRIX APPROXIMATE
MINUIT - FIT ONLY 2-CBO
 **********
 **   25 **RES 
 **********
                   PARAMETER   16  beta_vw RESTORED TO VARIABLE.
                   PARAMETER   14  alpha_vw RESTORED TO VARIABLE.
                   PARAMETER   11  alpha_y RESTORED TO VARIABLE.
                   PARAMETER    9  alpha_2CBO RESTORED TO VARIABLE.
                   PARAMETER    8  beta_CBO RESTORED TO VARIABLE.
 **********
 **   26 **FIX            0
 **********
 PARAMETER    0  IS UNDEFINED. IGNORED.
 **********
 **   27 **FIX            1
 **********
 **********
 **   28 **FIX            2
 **********
 PARAMETER    2  IS CONSTANT.   IGNORED.
 **********
 **   29 **FIX            3
 **********
 **********
 **   30 **FIX            4
 **********
 **********
 **   31 **FIX            5
 **********
 PARAMETER    5  IS CONSTANT.   IGNORED.
 **********
 **   32 **FIX            6
 **********
 **********
 **   33 **FIX            7
 **********
 PARAMETER    7  IS CONSTANT.   IGNORED.
 **********
 **   34 **FIX           10
 **********
 **********
 **   35 **FIX           11
 **********
 **********
 **   36 **FIX           12
 **********
 PARAMETER   12  IS CONSTANT.   IGNORED.
 **********
 **   37 **FIX           13
 **********
 **********
 **   38 **FIX           14
 **********
 **********
 **   39 **FIX           15
 **********
 PARAMETER   15  IS CONSTANT.   IGNORED.
 **********
 **   40 **FIX           16
 **********
 **********
 **   41 **MIGRAD
 **********
 START MIGRAD MINIMIZATION.  STRATEGY  1.  CONVERGENCE WHEN EDM .LT. 1.00e-04
 FCN=58.7181 FROM MIGRAD    STATUS=INITIATE       18 CALLS        3280 TOTAL
                     EDM= unknown      STRATEGY= 1      NO ERROR MATRIX       
  EXT PARAMETER               CURRENT GUESS       STEP         FIRST   
  NO.   NAME      VALUE            ERROR          SIZE      DERIVATIVE 
   1  N0           3.21103e+06     fixed    
   2  tau          6.44090e+01   constant   
   3  A0           3.62253e-01     fixed    
   4  phi          4.11682e+00     fixed    
   5  R           -6.00655e+01   constant   
   6  alpha_CBO   -2.20775e-03     fixed    
   7  w_CBO        2.32500e+00   constant   
   8  beta_CBO     0.00000e+00   1.00000e-03   1.00000e-03  -3.63102e+03
   9  alpha_2CBO   0.00000e+00   1.00000e-03   1.00000e-03  -3.93399e+02
  10  beta_2CBO   -7.82809e-04     fixed    
  11  alpha_y      0.00000e+00     fixed    
  12  w_y          1.38860e+01   constant   
  13  beta_y      -2.16442e-04     fixed    
  14  alpha_vw     0.00000e+00     fixed    
  15  w_vw         1.43404e+01   constant   
  16  beta_vw      0.00000e+00     fixed    
  17  LM           2.36781e-04   constant   
  18  zeta_y       0.00000e+00   constant   
  19  zeta_vw      0.00000e+00   constant   
  20  T_CBO        2.00723e+01   4.11522e+00  -1.84368e-03  -1.76858e+01
  21  alpha_A0     4.43186e+04   1.22906e+05   6.98218e+03   5.41603e-08
  22  beta_A0     -5.88542e+04   1.63251e+05  -9.27410e+03   1.33845e-06
  23  alpha_phi   -1.57401e+04   4.36577e+04  -2.48015e+03   4.95505e-06
  24  beta_phi     6.89002e+03   1.90639e+04   1.08301e+03  -7.16963e-06
 CALL LIMIT EXCEEDED IN MIGRAD.
 MIGRAD TERMINATED WITHOUT CONVERGENCE.
 FCN=56.2967 FROM MIGRAD    STATUS=CALL LIMIT   1150 CALLS        4412 TOTAL
                     EDM=0.012498    STRATEGY= 1  ERROR MATRIX UNCERTAINTY  26.9 per cent
  EXT PARAMETER                APPROXIMATE        STEP         FIRST   
  NO.   NAME      VALUE            ERROR          SIZE      DERIVATIVE 
   1  N0           3.21103e+06     fixed    
   2  tau          6.44090e+01   constant   
   3  A0           3.62253e-01     fixed    
   4  phi          4.11682e+00     fixed    
   5  R           -6.00655e+01   constant   
   6  alpha_CBO   -2.20775e-03     fixed    
   7  w_CBO        2.32500e+00   constant   
   8  beta_CBO     1.06170e-03   7.23115e-04  -3.40336e-05  -1.23422e+02
   9  alpha_2CBO   1.33561e-04   7.60087e-04  -6.21276e-06  -6.50620e+00
  10  beta_2CBO   -7.82809e-04     fixed    
  11  alpha_y      0.00000e+00     fixed    
  12  w_y          1.38860e+01   constant   
  13  beta_y      -2.16442e-04     fixed    
  14  alpha_vw     0.00000e+00     fixed    
  15  w_vw         1.43404e+01   constant   
  16  beta_vw      0.00000e+00     fixed    
  17  LM           2.36781e-04   constant   
  18  zeta_y       0.00000e+00   constant   
  19  zeta_vw      0.00000e+00   constant   
  20  T_CBO        1.34408e+01   1.90966e+00  -1.56399e-03  -3.05709e+01
  21  alpha_A0     1.46917e+08   3.80798e+08   4.13375e+07   1.53639e-09
  22  beta_A0     -1.72525e+08   4.47033e+08  -4.85279e+07   2.34669e-09
  23  alpha_phi   -6.58410e+07   1.70819e+08  -1.85435e+07   6.88642e-11
  24  beta_phi     6.25268e+07   1.61984e+08   1.75838e+07  -6.45109e-11
 EXTERNAL ERROR MATRIX.    NDIM=  25    NPAR=  7    ERR DEF=1
  5.229e-07  1.345e-09 -9.067e-05  2.203e+03 -2.584e+03 -9.862e+02  9.423e+02 
  1.345e-09  5.777e-07 -2.609e-07  2.834e+03 -3.326e+03 -1.269e+03  1.207e+03 
 -9.067e-05 -2.609e-07  3.647e+00 -6.954e+08  8.163e+08  3.119e+08 -2.958e+08 
  2.203e+03  2.834e+03 -6.954e+08  1.450e+17 -1.702e+17 -6.505e+16  6.168e+16 
 -2.584e+03 -3.326e+03  8.163e+08 -1.702e+17  1.998e+17  7.636e+16 -7.241e+16 
 -9.862e+02 -1.269e+03  3.119e+08 -6.505e+16  7.636e+16  2.918e+16 -2.767e+16 
  9.423e+02  1.207e+03 -2.958e+08  6.168e+16 -7.241e+16 -2.767e+16  2.624e+16 
ERR MATRIX APPROXIMATE
 PARAMETER  CORRELATION COEFFICIENTS  
       NO.  GLOBAL      8      9     20     21     22     23     24
        8  0.29985   1.000  0.002 -0.066  0.008 -0.008 -0.008  0.008
        9  0.13354   0.002  1.000 -0.000  0.010 -0.010 -0.010  0.010
       20  0.95957  -0.066 -0.000  1.000 -0.956  0.956  0.956 -0.956
       21  1.00000   0.008  0.010 -0.956  1.000 -1.000 -1.000  1.000
       22  1.00000  -0.008 -0.010  0.956 -1.000  1.000  1.000 -1.000
       23  1.00000  -0.008 -0.010  0.956 -1.000  1.000  1.000 -1.000
       24  1.00000   0.008  0.010 -0.956  1.000 -1.000 -1.000  1.000
 ERR MATRIX APPROXIMATE
MINUIT - FIT wiggle + 1-CBO + 2-CBO
 **********
 **   42 **RES 
 **********
                   PARAMETER   16  beta_vw RESTORED TO VARIABLE.
                   PARAMETER   14  alpha_vw RESTORED TO VARIABLE.
                   PARAMETER   13  beta_y RESTORED TO VARIABLE.
                   PARAMETER   11  alpha_y RESTORED TO VARIABLE.
                   PARAMETER   10  beta_2CBO RESTORED TO VARIABLE.
                   PARAMETER    6  alpha_CBO RESTORED TO VARIABLE.
                   PARAMETER    4  phi RESTORED TO VARIABLE.
                   PARAMETER    3  A0 RESTORED TO VARIABLE.
                   PARAMETER    1  N0 RESTORED TO VARIABLE.
 **********
 **   43 **FIX           10
 **********
 **********
 **   44 **FIX           11
 **********
 **********
 **   45 **FIX           12
 **********
 PARAMETER   12  IS CONSTANT.   IGNORED.
 **********
 **   46 **FIX           13
 **********
 **********
 **   47 **FIX           14
 **********
 **********
 **   48 **FIX           15
 **********
 PARAMETER   15  IS CONSTANT.   IGNORED.
 **********
 **   49 **FIX           16
 **********
 **********
 **   50 **MIGRAD
 **********
 START MIGRAD MINIMIZATION.  STRATEGY  1.  CONVERGENCE WHEN EDM .LT. 1.00e-04
 FCN=56.2967 FROM MIGRAD    STATUS=INITIATE       51 CALLS        4463 TOTAL
                     EDM= unknown      STRATEGY= 1      NO ERROR MATRIX       
  EXT PARAMETER               CURRENT GUESS       STEP         FIRST   
  NO.   NAME      VALUE            ERROR          SIZE      DERIVATIVE 
   1  N0           3.21103e+06   1.81233e+03   0.00000e+00   2.01045e-05
   2  tau          6.44090e+01   constant   
   3  A0           3.62253e-01   6.79355e-04   0.00000e+00   4.20535e+02
   4  phi          4.11682e+00   2.09078e-03   0.00000e+00  -3.42921e+02
   5  R           -6.00655e+01   constant   
   6  alpha_CBO   -2.20775e-03   7.98320e-04   0.00000e+00   1.16724e+02
   7  w_CBO        2.32500e+00   constant   
   8  beta_CBO     1.06170e-03   7.23115e-04   0.00000e+00  -1.23627e+02
   9  alpha_2CBO   1.33561e-04   7.60087e-04   0.00000e+00  -6.57350e+00
  10  beta_2CBO   -7.82809e-04     fixed    
  11  alpha_y      0.00000e+00     fixed    
  12  w_y          1.38860e+01   constant   
  13  beta_y      -2.16442e-04     fixed    
  14  alpha_vw     0.00000e+00     fixed    
  15  w_vw         1.43404e+01   constant   
  16  beta_vw      0.00000e+00     fixed    
  17  LM           2.36781e-04   constant   
  18  zeta_y       0.00000e+00   constant   
  19  zeta_vw      0.00000e+00   constant   
  20  T_CBO        1.34408e+01   1.90966e+00   0.00000e+00  -3.04641e+01
  21  alpha_A0     1.46917e+08   3.80798e+08   0.00000e+00   1.53593e-09
  22  beta_A0     -1.72525e+08   4.47033e+08   0.00000e+00   2.34604e-09
  23  alpha_phi   -6.58410e+07   1.70819e+08   0.00000e+00   6.85547e-11
  24  beta_phi     6.25567e+07   1.61984e+08   2.98151e+04  -5.72662e-11
 MIGRAD MINIMIZATION HAS CONVERGED.
 MIGRAD WILL VERIFY CONVERGENCE AND ERROR MATRIX.
 COVARIANCE MATRIX CALCULATED SUCCESSFULLY
 FCN=56.094 FROM MIGRAD    STATUS=CONVERGED     392 CALLS        4804 TOTAL
                     EDM=7.10997e-07    STRATEGY= 1      ERROR MATRIX ACCURATE 
  EXT PARAMETER                                   STEP         FIRST   
  NO.   NAME      VALUE            ERROR          SIZE      DERIVATIVE 
   1  N0           3.21087e+06   1.41421e+00   6.10085e+00   2.73815e-07
   2  tau          6.44090e+01   constant   
   3  A0           3.62141e-01   6.57600e-04   2.38402e-06   1.37669e-01
   4  phi          4.11765e+00   2.10672e-03   7.49947e-06   3.96199e-01
   5  R           -6.00655e+01   constant   
   6  alpha_CBO   -2.23451e-03   7.83536e-04   2.83568e-06   7.33247e-01
   7  w_CBO        2.32500e+00   constant   
   8  beta_CBO     1.17322e-03   7.72713e-04   2.77245e-06  -6.15303e-01
   9  alpha_2CBO   1.28296e-04   7.69056e-04   2.80241e-06  -3.83723e-01
  10  beta_2CBO   -7.82809e-04     fixed    
  11  alpha_y      0.00000e+00     fixed    
  12  w_y          1.38860e+01   constant   
  13  beta_y      -2.16442e-04     fixed    
  14  alpha_vw     0.00000e+00     fixed    
  15  w_vw         1.43404e+01   constant   
  16  beta_vw      0.00000e+00     fixed    
  17  LM           2.36781e-04   constant   
  18  zeta_y       0.00000e+00   constant   
  19  zeta_vw      0.00000e+00   constant   
  20  T_CBO        1.34235e+01   2.67098e-01   8.41054e-06   1.84399e-01
  21  alpha_A0     1.33834e+08   1.41421e+00   6.38172e+01  -1.80326e-10
  22  beta_A0     -1.89574e+08   1.41421e+00   9.03961e+01   1.21313e-10
  23  alpha_phi   -7.35901e+07   1.41421e+00   3.50905e+01   9.65406e-12
  24  beta_phi     6.54299e+07   1.41421e+00   3.11994e+01  -2.39296e-11
 EXTERNAL ERROR MATRIX.    NDIM=  25    NPAR= 11    ERR DEF=1
  2.000e+00 
  1.738e-07  4.324e-07 
  1.178e-07 -1.713e-08  4.438e-06 
  1.074e-08  7.438e-08  1.996e-07  6.139e-07 
 -2.133e-09 -5.564e-08  3.333e-07 -9.840e-09  5.971e-07 
 -4.012e-09 -1.768e-08 -6.812e-08 -2.597e-08  6.479e-09  5.914e-07 
 -6.293e-05 -7.502e-06 -6.275e-05 -7.805e-06 -2.139e-06  3.037e-05  7.134e-02 
  3.573e-12 -6.924e-13 -6.308e-12  2.860e-13 -8.964e-13  4.022e-13 -1.687e-09  2.000e+00 
  1.721e-12  8.606e-14 -9.429e-13 -6.512e-13  7.301e-13 -4.872e-13  3.230e-09 -3.610e-16  2.000e+00 
  1.960e-12  5.689e-13 -3.940e-12  3.024e-12 -4.484e-14  2.181e-12  1.522e-09  2.966e-16  2.808e-16  2.000e+00 
 -2.188e-13  2.213e-12  6.041e-12  9.920e-13  3.905e-12  2.314e-13 -2.286e-09  9.271e-16  1.629e-16  1.022e-16  2.000e+00 
 PARAMETER  CORRELATION COEFFICIENTS  
       NO.  GLOBAL      1      3      4      6      8      9     20     21     22     23     24
        1  0.00025   1.000  0.000  0.000  0.000 -0.000 -0.000 -0.000  0.000  0.000  0.000 -0.000
        3  0.18566   0.000  1.000 -0.012  0.144 -0.110 -0.035 -0.043 -0.000  0.000  0.000  0.000
        4  0.26283   0.000 -0.012  1.000  0.121  0.205 -0.042 -0.112 -0.000 -0.000 -0.000  0.000
        6  0.19442   0.000  0.144  0.121  1.000 -0.016 -0.043 -0.037  0.000 -0.000  0.000  0.000
        8  0.23300  -0.000 -0.110  0.205 -0.016  1.000  0.011 -0.010 -0.000  0.000 -0.000  0.000
        9  0.15660  -0.000 -0.035 -0.042 -0.043  0.011  1.000  0.148  0.000 -0.000  0.000  0.000
       20  0.18624  -0.000 -0.043 -0.112 -0.037 -0.010  0.148  1.000 -0.000  0.000  0.000 -0.000
       21  0.00000   0.000 -0.000 -0.000  0.000 -0.000  0.000 -0.000  1.000 -0.000  0.000  0.000
       22  0.00000   0.000  0.000 -0.000 -0.000  0.000 -0.000  0.000 -0.000  1.000  0.000  0.000
       23  0.00000   0.000  0.000 -0.000  0.000 -0.000  0.000  0.000  0.000  0.000  1.000  0.000
       24  0.00000  -0.000  0.000  0.000  0.000  0.000  0.000 -0.000  0.000  0.000  0.000  1.000
MINUIT - FIT ONLY 1-y
 **********
 **   51 **RES 
 **********
                   PARAMETER   16  beta_vw RESTORED TO VARIABLE.
                   PARAMETER   14  alpha_vw RESTORED TO VARIABLE.
                   PARAMETER   13  beta_y RESTORED TO VARIABLE.
                   PARAMETER   11  alpha_y RESTORED TO VARIABLE.
                   PARAMETER   10  beta_2CBO RESTORED TO VARIABLE.
 **********
 **   52 **FIX            0
 **********
 PARAMETER    0  IS UNDEFINED. IGNORED.
 **********
 **   53 **FIX            1
 **********
 **********
 **   54 **FIX            2
 **********
 PARAMETER    2  IS CONSTANT.   IGNORED.
 **********
 **   55 **FIX            3
 **********
 **********
 **   56 **FIX            4
 **********
 **********
 **   57 **FIX            5
 **********
 PARAMETER    5  IS CONSTANT.   IGNORED.
 **********
 **   58 **FIX            6
 **********
 **********
 **   59 **FIX            7
 **********
 PARAMETER    7  IS CONSTANT.   IGNORED.
 **********
 **   60 **FIX            8
 **********
 **********
 **   61 **FIX            9
 **********
 **********
 **   62 **FIX           13
 **********
 **********
 **   63 **FIX           14
 **********
 **********
 **   64 **FIX           15
 **********
 PARAMETER   15  IS CONSTANT.   IGNORED.
 **********
 **   65 **FIX           16
 **********
 **********
 **   66 **MIGRAD
 **********
 START MIGRAD MINIMIZATION.  STRATEGY  1.  CONVERGENCE WHEN EDM .LT. 1.00e-04
 FCN=56.094 FROM MIGRAD    STATUS=INITIATE       58 CALLS        4862 TOTAL
                     EDM= unknown      STRATEGY= 1      NO ERROR MATRIX       
  EXT PARAMETER               CURRENT GUESS       STEP         FIRST   
  NO.   NAME      VALUE            ERROR          SIZE      DERIVATIVE 
   1  N0           3.21087e+06     fixed    
   2  tau          6.44090e+01   constant   
   3  A0           3.62141e-01     fixed    
   4  phi          4.11765e+00     fixed    
   5  R           -6.00655e+01   constant   
   6  alpha_CBO   -2.23451e-03     fixed    
   7  w_CBO        2.32500e+00   constant   
   8  beta_CBO     1.17322e-03     fixed    
   9  alpha_2CBO   1.28296e-04     fixed    
  10  beta_2CBO   -7.82809e-04   7.68822e-04   0.00000e+00  -4.93230e+01
  11  alpha_y      0.00000e+00   1.00000e-03   0.00000e+00   3.06046e+01
  12  w_y          1.38860e+01   constant   
  13  beta_y      -2.16442e-04     fixed    
  14  alpha_vw     0.00000e+00     fixed    
  15  w_vw         1.43404e+01   constant   
  16  beta_vw      0.00000e+00     fixed    
  17  LM           2.36781e-04   constant   
  18  zeta_y       0.00000e+00   constant   
  19  zeta_vw      0.00000e+00   constant   
  20  T_CBO        1.34235e+01   2.67098e-01   0.00000e+00   4.56057e-01
  21  alpha_A0     1.33898e+08   1.41421e+00   0.00000e+00  -1.70629e-10
  22  beta_A0     -1.89574e+08   1.41421e+00   0.00000e+00   1.23618e-10
  23  alpha_phi   -7.36252e+07   1.41421e+00  -3.50905e+04   3.57506e-12
  24  beta_phi     6.54299e+07   1.41421e+00   0.00000e+00  -2.44969e-11
 CALL LIMIT EXCEEDED IN MIGRAD.
 MIGRAD TERMINATED WITHOUT CONVERGENCE.
 FCN=55.7576 FROM MIGRAD    STATUS=CALL LIMIT   1161 CALLS        5965 TOTAL
                     EDM=0.00360549    STRATEGY= 1  ERROR MATRIX UNCERTAINTY  29.0 per cent
  EXT PARAMETER                APPROXIMATE        STEP         FIRST   
  NO.   NAME      VALUE            ERROR          SIZE      DERIVATIVE 
   1  N0           3.21087e+06     fixed    
   2  tau          6.44090e+01   constant   
   3  A0           3.62141e-01     fixed    
   4  phi          4.11765e+00     fixed    
   5  R           -6.00655e+01   constant   
   6  alpha_CBO   -2.23451e-03     fixed    
   7  w_CBO        2.32500e+00   constant   
   8  beta_CBO     1.17322e-03     fixed    
   9  alpha_2CBO   1.28296e-04     fixed    
  10  beta_2CBO   -7.95489e-04   7.67175e-04  -2.05612e-05  -2.57897e+00
  11  alpha_y     -1.37854e-05   7.56997e-04  -1.69051e-05  -9.31053e+00
  12  w_y          1.38860e+01   constant   
  13  beta_y      -2.16442e-04     fixed    
  14  alpha_vw     0.00000e+00     fixed    
  15  w_vw         1.43404e+01   constant   
  16  beta_vw      0.00000e+00     fixed    
  17  LM           2.36781e-04   constant   
  18  zeta_y       0.00000e+00   constant   
  19  zeta_vw      0.00000e+00   constant   
  20  T_CBO        1.01443e+01   1.03967e+00  -6.38082e-04  -6.01038e+01
  21  alpha_A0     3.00033e+11   8.57163e+11   4.91399e+10  -1.46103e-12
  22  beta_A0     -5.46486e+11   1.56492e+12  -8.97176e+10  -6.85082e-13
  23  alpha_phi   -2.06888e+11   5.91893e+11  -3.39327e+10   9.24045e-13
  24  beta_phi     1.61125e+11   4.60298e+11   2.63891e+10   1.18738e-13
 EXTERNAL ERROR MATRIX.    NDIM=  25    NPAR=  7    ERR DEF=1
  5.886e-07  5.691e-09  7.905e-05 -7.259e+07  1.326e+08  5.013e+07 -3.898e+07 
  5.691e-09  5.730e-07  6.414e-05 -6.172e+07  1.127e+08  4.262e+07 -3.314e+07 
  7.905e-05  6.414e-05  1.081e+00 -8.846e+11  1.615e+12  6.109e+11 -4.751e+11 
 -7.259e+07 -6.172e+07 -8.846e+11  7.347e+23 -1.341e+24 -5.073e+23  3.946e+23 
  1.326e+08  1.127e+08  1.615e+12 -1.341e+24  2.449e+24  9.263e+23 -7.203e+23 
  5.013e+07  4.262e+07  6.109e+11 -5.073e+23  9.263e+23  3.503e+23 -2.724e+23 
 -3.898e+07 -3.314e+07 -4.751e+11  3.946e+23 -7.203e+23 -2.724e+23  2.119e+23 
ERR MATRIX APPROXIMATE
 PARAMETER  CORRELATION COEFFICIENTS  
       NO.  GLOBAL     10     11     20     21     22     23     24
       10  0.25290   1.000  0.010  0.099 -0.110  0.110  0.110 -0.110
       11  0.14418   0.010  1.000  0.082 -0.095  0.095  0.095 -0.095
       20  0.99297   0.099  0.082  1.000 -0.993  0.993  0.993 -0.993
       21  1.00000  -0.110 -0.095 -0.993  1.000 -1.000 -1.000  1.000
       22  1.00000   0.110  0.095  0.993 -1.000  1.000  1.000 -1.000
       23  1.00000   0.110  0.095  0.993 -1.000  1.000  1.000 -1.000
       24  1.00000  -0.110 -0.095 -0.993  1.000 -1.000 -1.000  1.000
 ERR MATRIX APPROXIMATE
MINUIT - FIT ONLY 2-y
 **********
 **   67 **RES 
 **********
                   PARAMETER   16  beta_vw RESTORED TO VARIABLE.
                   PARAMETER   14  alpha_vw RESTORED TO VARIABLE.
                   PARAMETER   13  beta_y RESTORED TO VARIABLE.
                   PARAMETER    9  alpha_2CBO RESTORED TO VARIABLE.
                   PARAMETER    8  beta_CBO RESTORED TO VARIABLE.
                   PARAMETER    6  alpha_CBO RESTORED TO VARIABLE.
                   PARAMETER    4  phi RESTORED TO VARIABLE.
                   PARAMETER    3  A0 RESTORED TO VARIABLE.
                   PARAMETER    1  N0 RESTORED TO VARIABLE.
 **********
 **   68 **FIX            0
 **********
 PARAMETER    0  IS UNDEFINED. IGNORED.
 **********
 **   69 **FIX            1
 **********
 **********
 **   70 **FIX            2
 **********
 PARAMETER    2  IS CONSTANT.   IGNORED.
 **********
 **   71 **FIX            3
 **********
 **********
 **   72 **FIX            4
 **********
 **********
 **   73 **FIX            5
 **********
 PARAMETER    5  IS CONSTANT.   IGNORED.
 **********
 **   74 **FIX            6
 **********
 **********
 **   75 **FIX            7
 **********
 PARAMETER    7  IS CONSTANT.   IGNORED.
 **********
 **   76 **FIX            8
 **********
 **********
 **   77 **FIX            9
 **********
 **********
 **   78 **FIX           10
 **********
 **********
 **   79 **FIX           11
 **********
 **********
 **   80 **FIX           12
 **********
 PARAMETER   12  IS CONSTANT.   IGNORED.
 **********
 **   81 **FIX           16
 **********
 **********
 **   82 **MIGRAD
 **********
 START MIGRAD MINIMIZATION.  STRATEGY  1.  CONVERGENCE WHEN EDM .LT. 1.00e-04
 FCN=55.7572 FROM MIGRAD    STATUS=INITIATE      142 CALLS        6107 TOTAL
                     EDM= unknown      STRATEGY= 1      NO ERROR MATRIX       
  EXT PARAMETER               CURRENT GUESS       STEP         FIRST   
  NO.   NAME      VALUE            ERROR          SIZE      DERIVATIVE 
   1  N0           3.21087e+06     fixed    
   2  tau          6.44090e+01   constant   
   3  A0           3.62141e-01     fixed    
   4  phi          4.11765e+00     fixed    
   5  R           -6.00655e+01   constant   
   6  alpha_CBO   -2.23451e-03     fixed    
   7  w_CBO        2.32500e+00   constant   
   8  beta_CBO     1.17322e-03     fixed    
   9  alpha_2CBO   1.28296e-04     fixed    
  10  beta_2CBO   -7.95489e-04     fixed    
  11  alpha_y     -1.37854e-05     fixed    
  12  w_y          1.38860e+01   constant   
  13  beta_y      -2.16442e-04   7.69763e-04   0.00000e+00  -9.49298e+00
  14  alpha_vw     0.00000e+00   1.00000e-03   0.00000e+00  -3.85817e+03
  15  w_vw         1.43404e+01   constant   
  16  beta_vw      0.00000e+00     fixed    
  17  LM           2.36781e-04   constant   
  18  zeta_y       0.00000e+00   constant   
  19  zeta_vw      0.00000e+00   constant   
  20  T_CBO        1.01443e+01   1.03967e+00   0.00000e+00  -5.97464e+01
  21  alpha_A0     3.00033e+11   8.57163e+11   0.00000e+00  -1.46176e-12
  22  beta_A0     -5.46486e+11   1.56492e+12   0.00000e+00  -6.83399e-13
  23  alpha_phi   -2.07381e+11   5.91893e+11  -9.88400e+07   9.09740e-13
  24  beta_phi     1.61048e+11   4.60298e+11   0.00000e+00   1.16756e-13
 MIGRAD MINIMIZATION HAS CONVERGED.
 MIGRAD WILL VERIFY CONVERGENCE AND ERROR MATRIX.
 COVARIANCE MATRIX CALCULATED SUCCESSFULLY
 FCN=53.2777 FROM MIGRAD    STATUS=CONVERGED     273 CALLS        6238 TOTAL
                     EDM=2.75725e-06    STRATEGY= 1      ERROR MATRIX ACCURATE 
  EXT PARAMETER                                   STEP         FIRST   
  NO.   NAME      VALUE            ERROR          SIZE      DERIVATIVE 
   1  N0           3.21087e+06     fixed    
   2  tau          6.44090e+01   constant   
   3  A0           3.62141e-01     fixed    
   4  phi          4.11765e+00     fixed    
   5  R           -6.00655e+01   constant   
   6  alpha_CBO   -2.23451e-03     fixed    
   7  w_CBO        2.32500e+00   constant   
   8  beta_CBO     1.17322e-03     fixed    
   9  alpha_2CBO   1.28296e-04     fixed    
  10  beta_2CBO   -7.95489e-04     fixed    
  11  alpha_y     -1.37854e-05     fixed    
  12  w_y          1.38860e+01   constant   
  13  beta_y      -6.61820e-04   8.18971e-04   2.75502e-06  -1.64206e-01
  14  alpha_vw     1.26565e-03   8.12633e-04   2.73358e-06   1.56616e-02
  15  w_vw         1.43404e+01   constant   
  16  beta_vw      0.00000e+00     fixed    
  17  LM           2.36781e-04   constant   
  18  zeta_y       0.00000e+00   constant   
  19  zeta_vw      0.00000e+00   constant   
  20  T_CBO        1.01670e+01   1.45572e-01   5.23529e-06   1.61614e+00
  21  alpha_A0     3.17562e+11   1.41421e+00   1.51425e+05  -8.39688e-14
  22  beta_A0     -4.99180e+11   1.41421e+00   2.38028e+05   2.66969e-14
  23  alpha_phi   -2.10235e+11   1.41421e+00   1.00248e+05   4.85242e-15
  24  beta_phi     1.51101e+11   1.41421e+00   7.20506e+04   9.63688e-16
 EXTERNAL ERROR MATRIX.    NDIM=  25    NPAR=  7    ERR DEF=1
  6.707e-07 -2.358e-07  8.044e-07  1.837e-16  1.771e-16 -1.906e-16 -5.586e-17 
 -2.358e-07  6.604e-07 -1.341e-06 -2.054e-16 -1.983e-16  2.051e-16  4.742e-17 
  8.044e-07 -1.341e-06  2.119e-02 -3.669e-13  7.371e-13  3.441e-13 -4.923e-13 
  1.837e-16 -2.054e-16 -3.669e-13  2.000e+00 -2.648e-21 -1.231e-22  7.624e-23 
  1.771e-16 -1.983e-16  7.371e-13 -2.648e-21  2.000e+00 -1.505e-26 -1.631e-23 
 -1.906e-16  2.051e-16  3.441e-13 -1.231e-22 -1.505e-26  2.000e+00 -1.241e-22 
 -5.586e-17  4.742e-17 -4.923e-13  7.624e-23 -1.631e-23 -1.241e-22  2.000e+00 
 PARAMETER  CORRELATION COEFFICIENTS  
       NO.  GLOBAL     13     14     20     21     22     23     24
       13  0.35429   1.000 -0.354  0.007  0.000  0.000 -0.000 -0.000
       14  0.35439  -0.354  1.000 -0.011 -0.000 -0.000  0.000  0.000
       20  0.01171   0.007 -0.011  1.000 -0.000  0.000  0.000 -0.000
       21  0.00000   0.000 -0.000 -0.000  1.000 -0.000 -0.000  0.000
       22  0.00000   0.000 -0.000  0.000 -0.000  1.000 -0.000 -0.000
       23  0.00000  -0.000  0.000  0.000 -0.000 -0.000  1.000 -0.000
