 + ++++++++++++++++++++++++++++++++++++++++++++++++++++++++++++++++++++ +
 +                                                                      +
 +           You have chose to blind your fitting according to          +
 +                omega_ref * (1 + (R +/- deltaR) *10^{-6})             +
 +                                                                      +
 + ++++++++++++++++++++++++++++++++++++++++++++++++++++++++++++++++++++ +
In main()...
reading format from /gm2data/zkhechad/run45/envelope/formats/formatB_sBin_constraintOn.txt
pBinTau 	= 0  
pBinPhi 	= 0  
constraintau 	= 1 
includeMopTerm 	= 0    
constrainMop    = 0   
Parameters after format file: pBinTau 0 pBinPhi 0 constraintau 1 includeMopTerm 0 constrainMop 0 c_e_scale 0.000000 
Opening file /gm2data/tbarrett/gm2fr/studies/run23_bunch_corrections/CorrectedFourier_Run3b.root.
reading full fit data from /gm2data/zkhechad/cboTemplates/Run4CBOTemplates/fullFits/noRF/sBin_constraintOn_cE0.0_seed0_noRF_calo9.root
windowBins = 69
fitting sliding window 560 from bin 696 at 103.694000 to bin 765 at 114.138000 (69 bins)

Reading data from /gm2data/cornell/histograms/aMethod/histogram_a_noRF.root
 **********
 **    1 **SET PRINTOUT            1
 **********
 **********
 **    2 **SET NOWARNINGS 
 **********
 PARAMETER DEFINITIONS:
    NO.   NAME         VALUE      STEP SIZE      LIMITS
     1 N0           2.88206e+06  1.00000e+02     no limits
     2 tau          6.44106e+01  constant
     3 A0           3.51420e-01  1.00000e-04     no limits
     4 phi          4.11705e+00  1.00000e-02     no limits
     5 R           -5.98157e+01  constant
     6 alpha_CBO    0.00000e+00  1.00000e-03     no limits
     7 w_CBO        2.32500e+00  constant
     8 beta_CBO     0.00000e+00  1.00000e-03     no limits
     9 alpha_2CBO   0.00000e+00  1.00000e-03     no limits
    10 beta_2CBO    0.00000e+00  1.00000e-03     no limits
    11 alpha_y      0.00000e+00  1.00000e-03     no limits
    12 w_y          1.38860e+01  constant
    13 beta_y       0.00000e+00  1.00000e-03     no limits
    14 alpha_vw     0.00000e+00  1.00000e-03     no limits
    15 w_vw         1.43404e+01  constant
    16 beta_vw      0.00000e+00  1.00000e-03     no limits
    17 LM           1.60296e-04  constant
    18 zeta_y       0.00000e+00  constant
    19 zeta_vw      0.00000e+00  constant
    20 T_CBO        1.00000e+02  1.00000e+00    0.00000e+00  1.00000e+03
    21 alpha_A0     0.00000e+00  1.00000e-03     no limits
    22 beta_A0      0.00000e+00  1.00000e-03     no limits
    23 alpha_phi    0.00000e+00  1.00000e-03     no limits
    24 beta_phi     0.00000e+00  1.00000e-03     no limits
MINUIT - FIT ONLY WIGGLE
 **********
 **    3 **FIX            5
 **********
 PARAMETER    5  IS CONSTANT.   IGNORED.
 **********
 **    4 **FIX            6
 **********
 **********
 **    5 **FIX            7
 **********
 PARAMETER    7  IS CONSTANT.   IGNORED.
 **********
 **    6 **FIX            8
 **********
 **********
 **    7 **FIX            9
 **********
 **********
 **    8 **FIX           10
 **********
 **********
 **    9 **FIX           11
 **********
 **********
 **   10 **FIX           12
 **********
 PARAMETER   12  IS CONSTANT.   IGNORED.
 **********
 **   11 **FIX           13
 **********
 **********
 **   12 **FIX           14
 **********
 **********
 **   13 **FIX           15
 **********
 PARAMETER   15  IS CONSTANT.   IGNORED.
 **********
 **   14 **FIX           16
 **********
 **********
 **   15 **MIGRAD
 **********
 FIRST CALL TO USER FUNCTION AT NEW START POINT, WITH IFLAG=4.
 START MIGRAD MINIMIZATION.  STRATEGY  1.  CONVERGENCE WHEN EDM .LT. 1.00e-04
 FCN=1751.61 FROM MIGRAD    STATUS=INITIATE      435 CALLS         436 TOTAL
                     EDM= unknown      STRATEGY= 1      NO ERROR MATRIX       
  EXT PARAMETER               CURRENT GUESS       STEP         FIRST   
  NO.   NAME      VALUE            ERROR          SIZE      DERIVATIVE 
   1  N0           2.88206e+06   1.00000e+02   0.00000e+00   1.46736e-02
   2  tau          6.44106e+01   constant   
   3  A0           3.51420e-01   1.00000e-04   0.00000e+00   1.32955e+05
   4  phi          4.11705e+00   1.00000e-02   0.00000e+00  -6.40479e+03
   5  R           -5.98157e+01   constant   
   6  alpha_CBO    0.00000e+00     fixed    
   7  w_CBO        2.32500e+00   constant   
   8  beta_CBO     0.00000e+00     fixed    
   9  alpha_2CBO   0.00000e+00     fixed    
  10  beta_2CBO    0.00000e+00     fixed    
  11  alpha_y      0.00000e+00     fixed    
  12  w_y          1.38860e+01   constant   
  13  beta_y       0.00000e+00     fixed    
  14  alpha_vw     0.00000e+00     fixed    
  15  w_vw         1.43404e+01   constant   
  16  beta_vw      0.00000e+00     fixed    
  17  LM           1.60296e-04   constant   
  18  zeta_y       0.00000e+00   constant   
  19  zeta_vw      0.00000e+00   constant   
  20  T_CBO        1.00000e+02   1.00000e+00   0.00000e+00   0.00000e+00
  21  alpha_A0     0.00000e+00   1.00000e-03   0.00000e+00  -1.04149e+04
  22  beta_A0      0.00000e+00   1.00000e-03   0.00000e+00   1.49499e+03
  23  alpha_phi    0.00000e+00   1.00000e-03   0.00000e+00  -3.68294e+03
  24  beta_phi     0.00000e+00   1.00000e-03   0.00000e+00   1.77735e+03
 CALL LIMIT EXCEEDED IN MIGRAD.
 MIGRAD TERMINATED WITHOUT CONVERGENCE.
 FCN=1543.07 FROM MIGRAD    STATUS=CALL LIMIT   1333 CALLS        1334 TOTAL
                     EDM=0.348973    STRATEGY= 1  ERROR MATRIX UNCERTAINTY   0.3 per cent
  EXT PARAMETER                APPROXIMATE        STEP         FIRST   
  NO.   NAME      VALUE            ERROR          SIZE      DERIVATIVE 
   1  N0           2.88145e+06   2.97369e+02   1.50705e+01   4.57672e-04
   2  tau          6.44106e+01   constant   
   3  A0           3.49977e-01   1.33115e-04   3.38768e-06   1.90997e+02
   4  phi          4.11778e+00   4.03872e-04   8.35424e-05   7.52161e+02
   5  R           -5.98157e+01   constant   
   6  alpha_CBO    0.00000e+00     fixed    
   7  w_CBO        2.32500e+00   constant   
   8  beta_CBO     0.00000e+00     fixed    
   9  alpha_2CBO   0.00000e+00     fixed    
  10  beta_2CBO    0.00000e+00     fixed    
  11  alpha_y      0.00000e+00     fixed    
  12  w_y          1.38860e+01   constant   
  13  beta_y       0.00000e+00     fixed    
  14  alpha_vw     0.00000e+00     fixed    
  15  w_vw         1.43404e+01   constant   
  16  beta_vw      0.00000e+00     fixed    
  17  LM           1.60296e-04   constant   
  18  zeta_y       0.00000e+00   constant   
  19  zeta_vw      0.00000e+00   constant   
  20  T_CBO        1.91438e+01   1.87073e+00  -1.91815e-03   1.47862e+02
  21  alpha_A0     1.52966e+00   7.71003e-01   1.89405e-01   3.72566e-01
  22  beta_A0     -1.54105e-01   8.37940e-02  -2.07419e-02  -1.78401e+00
  23  alpha_phi    7.06539e-01   3.61972e-01   8.91035e-02   1.15238e+00
  24  beta_phi    -6.42027e-01   3.25738e-01  -8.01205e-02   2.98260e-01
 EXTERNAL ERROR MATRIX.    NDIM=  25    NPAR=  8    ERR DEF=1
  8.843e+04  1.112e-03 -1.604e-02 -2.080e+01  1.176e+01 -1.214e+00  5.597e+00 -5.059e+00 
  1.112e-03  1.772e-08  3.457e-09 -9.567e-06  7.741e-07 -9.908e-08  3.436e-07 -2.953e-07 
 -1.604e-02  3.457e-09  1.631e-07 -2.451e-04  9.885e-05 -1.074e-05  4.634e-05 -4.169e-05 
 -2.080e+01 -9.567e-06 -2.451e-04  3.500e+00 -1.420e+00  1.542e-01 -6.666e-01  5.999e-01 
  1.176e+01  7.741e-07  9.885e-05 -1.420e+00  5.944e-01 -6.459e-02  2.791e-01 -2.511e-01 
 -1.214e+00 -9.908e-08 -1.074e-05  1.542e-01 -6.459e-02  7.021e-03 -3.032e-02  2.729e-02 
  5.597e+00  3.436e-07  4.634e-05 -6.666e-01  2.791e-01 -3.032e-02  1.310e-01 -1.179e-01 
 -5.059e+00 -2.953e-07 -4.169e-05  5.999e-01 -2.511e-01  2.729e-02 -1.179e-01  1.061e-01 
ERR MATRIX APPROXIMATE
 PARAMETER  CORRELATION COEFFICIENTS  
       NO.  GLOBAL      1      3      4     20     21     22     23     24
        1  0.29812   1.000  0.028 -0.134 -0.037  0.051 -0.049  0.052 -0.052
        3  0.24955   0.028  1.000  0.064 -0.038  0.008 -0.009  0.007 -0.007
        4  0.36825  -0.134  0.064  1.000 -0.324  0.317 -0.317  0.317 -0.317
       20  0.98600  -0.037 -0.038 -0.324  1.000 -0.985  0.984 -0.984  0.984
       21  0.99999   0.051  0.008  0.317 -0.985  1.000 -1.000  1.000 -1.000
       22  0.99980  -0.049 -0.009 -0.317  0.984 -1.000  1.000 -1.000  1.000
       23  0.99999   0.052  0.007  0.317 -0.984  1.000 -1.000  1.000 -1.000
       24  0.99999  -0.052 -0.007 -0.317  0.984 -1.000  1.000 -1.000  1.000
 ERR MATRIX APPROXIMATE
MINUIT - FIT ONLY 1-CBO + wiggle
 **********
 **   16 **RES 
 **********
                   PARAMETER   16  beta_vw RESTORED TO VARIABLE.
                   PARAMETER   14  alpha_vw RESTORED TO VARIABLE.
                   PARAMETER   13  beta_y RESTORED TO VARIABLE.
                   PARAMETER   11  alpha_y RESTORED TO VARIABLE.
                   PARAMETER   10  beta_2CBO RESTORED TO VARIABLE.
                   PARAMETER    9  alpha_2CBO RESTORED TO VARIABLE.
                   PARAMETER    8  beta_CBO RESTORED TO VARIABLE.
                   PARAMETER    6  alpha_CBO RESTORED TO VARIABLE.
 **********
 **   17 **FIX            8
 **********
 **********
 **   18 **FIX            9
 **********
 **********
 **   19 **FIX           11
 **********
 **********
 **   20 **FIX           12
 **********
 PARAMETER   12  IS CONSTANT.   IGNORED.
 **********
 **   21 **FIX           14
 **********
 **********
 **   22 **FIX           15
 **********
 PARAMETER   15  IS CONSTANT.   IGNORED.
 **********
 **   23 **FIX           16
 **********
 **********
 **   24 **MIGRAD
 **********
 START MIGRAD MINIMIZATION.  STRATEGY  1.  CONVERGENCE WHEN EDM .LT. 1.00e-04
 FCN=1543.07 FROM MIGRAD    STATUS=INITIATE       28 CALLS        1362 TOTAL
                     EDM= unknown      STRATEGY= 1      NO ERROR MATRIX       
  EXT PARAMETER               CURRENT GUESS       STEP         FIRST   
  NO.   NAME      VALUE            ERROR          SIZE      DERIVATIVE 
   1  N0           2.88145e+06   2.97369e+02   1.50705e+01   4.57672e-04
   2  tau          6.44106e+01   constant   
   3  A0           3.49977e-01   1.33115e-04   3.38768e-06   1.90997e+02
   4  phi          4.11778e+00   4.03872e-04   8.35424e-05   7.52161e+02
   5  R           -5.98157e+01   constant   
   6  alpha_CBO    0.00000e+00   1.00000e-03   1.00000e-03  -4.79295e+05
   7  w_CBO        2.32500e+00   constant   
   8  beta_CBO     0.00000e+00     fixed    
   9  alpha_2CBO   0.00000e+00     fixed    
  10  beta_2CBO    0.00000e+00   1.00000e-03   1.00000e-03  -2.55091e+04
  11  alpha_y      0.00000e+00     fixed    
  12  w_y          1.38860e+01   constant   
  13  beta_y       0.00000e+00   1.00000e-03   1.00000e-03   5.26465e+04
  14  alpha_vw     0.00000e+00     fixed    
  15  w_vw         1.43404e+01   constant   
  16  beta_vw      0.00000e+00     fixed    
  17  LM           1.60296e-04   constant   
  18  zeta_y       0.00000e+00   constant   
  19  zeta_vw      0.00000e+00   constant   
  20  T_CBO        1.91438e+01   1.87073e+00  -1.91815e-03   1.47859e+02
  21  alpha_A0     1.52966e+00   7.71003e-01   1.89405e-01   3.72566e-01
  22  beta_A0     -1.54105e-01   8.37940e-02  -2.07419e-02  -1.78401e+00
  23  alpha_phi    7.06539e-01   3.61972e-01   8.91035e-02   1.15238e+00
  24  beta_phi    -6.42027e-01   3.25738e-01  -8.01205e-02   2.98260e-01
 CALL LIMIT EXCEEDED IN MIGRAD.
 MIGRAD TERMINATED WITHOUT CONVERGENCE.
 FCN=277.211 FROM MIGRAD    STATUS=CALL LIMIT   1926 CALLS        3260 TOTAL
                     EDM=0.0880893    STRATEGY= 1  ERROR MATRIX UNCERTAINTY  17.6 per cent
  EXT PARAMETER                APPROXIMATE        STEP         FIRST   
  NO.   NAME      VALUE            ERROR          SIZE      DERIVATIVE 
   1  N0           2.88225e+06   3.01648e+02  -6.62101e-01   6.50159e-05
   2  tau          6.44106e+01   constant   
   3  A0           3.51280e-01   1.33299e-04   4.73143e-06   1.17864e+03
   4  phi          4.11778e+00   3.79909e-04  -5.08923e-06  -1.18787e+02
   5  R           -5.98157e+01   constant   
   6  alpha_CBO    5.19069e-03   1.40405e-04   2.88776e-06   5.85757e+02
   7  w_CBO        2.32500e+00   constant   
   8  beta_CBO     0.00000e+00     fixed    
   9  alpha_2CBO   0.00000e+00     fixed    
  10  beta_2CBO    3.65642e-04   1.44083e-04   6.32813e-07   1.19233e+02
  11  alpha_y      0.00000e+00     fixed    
  12  w_y          1.38860e+01   constant   
  13  beta_y      -4.93610e-04   1.39672e-04   3.61487e-06   4.89888e+02
  14  alpha_vw     0.00000e+00     fixed    
  15  w_vw         1.43404e+01   constant   
  16  beta_vw      0.00000e+00     fixed    
  17  LM           1.60296e-04   constant   
  18  zeta_y       0.00000e+00   constant   
  19  zeta_vw      0.00000e+00   constant   
  20  T_CBO        8.02170e+00   3.65480e-01  -2.80792e-04   1.03816e+02
  21  alpha_A0     7.14189e+02   4.25748e+02   4.95911e+01  -2.29436e-03
  22  beta_A0     -7.11580e+02   4.25847e+02  -4.96044e+01  -1.14881e-03
  23  alpha_phi    2.35354e+03   1.40787e+03   1.64002e+02   3.37900e-04
  24  beta_phi    -7.81896e+01   5.02809e+01  -5.87205e+00  -3.37628e-03
 EXTERNAL ERROR MATRIX.    NDIM=  25    NPAR= 11    ERR DEF=1
  9.099e+04 
  1.353e-03  1.777e-08 
 -1.752e-02  4.171e-09  1.443e-07 
  1.859e-03  3.118e-09  1.731e-09  1.971e-08 
 -5.941e-04  1.009e-09  5.743e-10 -1.541e-11  2.076e-08 
 -6.169e-04 -1.127e-09  2.234e-10 -3.734e-10 -1.655e-10  1.951e-08 
 -1.100e+01 -2.338e-05  1.350e-05 -1.616e-05 -3.535e-06 -9.927e-06  1.336e-01 
  1.756e+04  2.388e-02 -1.617e-02  1.812e-02  3.981e-03  1.127e-02 -1.515e+02  1.813e+05 
 -1.756e+04 -2.389e-02  1.618e-02 -1.813e-02 -3.980e-03 -1.128e-02  1.515e+02 -1.813e+05  1.813e+05 
  5.808e+04  7.896e-02 -5.348e-02  5.993e-02  1.316e-02  3.728e-02 -5.010e+02  5.994e+05 -5.995e+05  1.982e+06 
 -2.074e+03 -2.813e-03  1.907e-03 -2.138e-03 -4.608e-04 -1.333e-03  1.789e+01 -2.141e+04  2.141e+04 -7.079e+04  2.528e+03 
ERR MATRIX APPROXIMATE
 PARAMETER  CORRELATION COEFFICIENTS  
       NO.  GLOBAL      1      3      4      6     10     13     20     21     22     23     24
        1  0.27178   1.000  0.034 -0.153  0.044 -0.014 -0.015 -0.100  0.137 -0.137  0.137 -0.137
        3  0.56989   0.034  1.000  0.082  0.167  0.053 -0.061 -0.480  0.421 -0.421  0.421 -0.420
        4  0.26732  -0.153  0.082  1.000  0.032  0.010  0.004  0.097 -0.100  0.100 -0.100  0.100
        6  0.36962   0.044  0.167  0.032  1.000 -0.001 -0.019 -0.315  0.303 -0.303  0.303 -0.303
       10  0.21072  -0.014  0.053  0.010 -0.001  1.000 -0.008 -0.067  0.065 -0.065  0.065 -0.064
       13  0.28517  -0.015 -0.061  0.004 -0.019 -0.008  1.000 -0.194  0.190 -0.190  0.190 -0.190
       20  0.97877  -0.100 -0.480  0.097 -0.315 -0.067 -0.194  1.000 -0.974  0.974 -0.974  0.973
       21  1.00000   0.137  0.421 -0.100  0.303  0.065  0.190 -0.974  1.000 -1.000  1.000 -1.000
       22  1.00000  -0.137 -0.421  0.100 -0.303 -0.065 -0.190  0.974 -1.000  1.000 -1.000  1.000
       23  1.00000   0.137  0.421 -0.100  0.303  0.065  0.190 -0.974  1.000 -1.000  1.000 -1.000
       24  0.99998  -0.137 -0.420  0.100 -0.303 -0.064 -0.190  0.973 -1.000  1.000 -1.000  1.000
 ERR MATRIX APPROXIMATE
MINUIT - FIT ONLY 2-CBO
 **********
 **   25 **RES 
 **********
                   PARAMETER   16  beta_vw RESTORED TO VARIABLE.
                   PARAMETER   14  alpha_vw RESTORED TO VARIABLE.
                   PARAMETER   11  alpha_y RESTORED TO VARIABLE.
                   PARAMETER    9  alpha_2CBO RESTORED TO VARIABLE.
                   PARAMETER    8  beta_CBO RESTORED TO VARIABLE.
 **********
 **   26 **FIX            0
 **********
 PARAMETER    0  IS UNDEFINED. IGNORED.
 **********
 **   27 **FIX            1
 **********
 **********
 **   28 **FIX            2
 **********
 PARAMETER    2  IS CONSTANT.   IGNORED.
 **********
 **   29 **FIX            3
 **********
 **********
 **   30 **FIX            4
 **********
 **********
 **   31 **FIX            5
 **********
 PARAMETER    5  IS CONSTANT.   IGNORED.
 **********
 **   32 **FIX            6
 **********
 **********
 **   33 **FIX            7
 **********
 PARAMETER    7  IS CONSTANT.   IGNORED.
 **********
 **   34 **FIX           10
 **********
 **********
 **   35 **FIX           11
 **********
 **********
 **   36 **FIX           12
 **********
 PARAMETER   12  IS CONSTANT.   IGNORED.
 **********
 **   37 **FIX           13
 **********
 **********
 **   38 **FIX           14
 **********
 **********
 **   39 **FIX           15
 **********
 PARAMETER   15  IS CONSTANT.   IGNORED.
 **********
 **   40 **FIX           16
 **********
 **********
 **   41 **MIGRAD
 **********
 START MIGRAD MINIMIZATION.  STRATEGY  1.  CONVERGENCE WHEN EDM .LT. 1.00e-04
 FCN=277.211 FROM MIGRAD    STATUS=INITIATE       18 CALLS        3278 TOTAL
                     EDM= unknown      STRATEGY= 1      NO ERROR MATRIX       
  EXT PARAMETER               CURRENT GUESS       STEP         FIRST   
  NO.   NAME      VALUE            ERROR          SIZE      DERIVATIVE 
   1  N0           2.88225e+06     fixed    
   2  tau          6.44106e+01   constant   
   3  A0           3.51280e-01     fixed    
   4  phi          4.11778e+00     fixed    
   5  R           -5.98157e+01   constant   
   6  alpha_CBO    5.19069e-03     fixed    
   7  w_CBO        2.32500e+00   constant   
   8  beta_CBO     0.00000e+00   1.00000e-03   1.00000e-03   1.97116e+05
   9  alpha_2CBO   0.00000e+00   1.00000e-03   1.00000e-03   1.17359e+04
  10  beta_2CBO    3.65642e-04     fixed    
  11  alpha_y      0.00000e+00     fixed    
  12  w_y          1.38860e+01   constant   
  13  beta_y      -4.93610e-04     fixed    
  14  alpha_vw     0.00000e+00     fixed    
  15  w_vw         1.43404e+01   constant   
  16  beta_vw      0.00000e+00     fixed    
  17  LM           1.60296e-04   constant   
  18  zeta_y       0.00000e+00   constant   
  19  zeta_vw      0.00000e+00   constant   
  20  T_CBO        8.02170e+00   3.65480e-01  -2.80792e-04   1.03815e+02
  21  alpha_A0     7.14189e+02   4.25748e+02   4.95911e+01  -2.29436e-03
  22  beta_A0     -7.11580e+02   4.25847e+02  -4.96044e+01  -1.14881e-03
  23  alpha_phi    2.35354e+03   1.40787e+03   1.64002e+02   3.37900e-04
  24  beta_phi    -7.81896e+01   5.02809e+01  -5.87205e+00  -3.37628e-03
 CALL LIMIT EXCEEDED IN MIGRAD.
 MIGRAD TERMINATED WITHOUT CONVERGENCE.
 FCN=65.9958 FROM MIGRAD    STATUS=CALL LIMIT   1159 CALLS        4419 TOTAL
                     EDM=0.0119485    STRATEGY= 1  ERROR MATRIX UNCERTAINTY  31.5 per cent
  EXT PARAMETER                APPROXIMATE        STEP         FIRST   
  NO.   NAME      VALUE            ERROR          SIZE      DERIVATIVE 
   1  N0           2.88225e+06     fixed    
   2  tau          6.44106e+01   constant   
   3  A0           3.51280e-01     fixed    
   4  phi          4.11778e+00     fixed    
   5  R           -5.98157e+01   constant   
   6  alpha_CBO    5.19069e-03     fixed    
   7  w_CBO        2.32500e+00   constant   
   8  beta_CBO    -2.12993e-03   1.49257e-04   4.27316e-07  -4.14164e+00
   9  alpha_2CBO   1.37004e-05   1.52989e-04  -7.24379e-07   9.12397e+01
  10  beta_2CBO    3.65642e-04     fixed    
  11  alpha_y      0.00000e+00     fixed    
  12  w_y          1.38860e+01   constant   
  13  beta_y      -4.93610e-04     fixed    
  14  alpha_vw     0.00000e+00     fixed    
  15  w_vw         1.43404e+01   constant   
  16  beta_vw      0.00000e+00     fixed    
  17  LM           1.60296e-04   constant   
  18  zeta_y       0.00000e+00   constant   
  19  zeta_vw      0.00000e+00   constant   
  20  T_CBO        5.72003e+00   5.12254e-01  -4.49048e-04  -1.23821e+02
  21  alpha_A0     1.94211e+05   2.88942e+05   1.81825e+04  -5.48061e-06
  22  beta_A0     -2.63703e+04   3.89022e+04  -2.48424e+03  -8.95780e-06
  23  alpha_phi    4.48524e+05   6.64080e+05   4.18463e+04   9.32338e-07
  24  beta_phi    -1.54755e+05   2.27645e+05  -1.43339e+04   1.59290e-06
 EXTERNAL ERROR MATRIX.    NDIM=  25    NPAR=  7    ERR DEF=1
  2.228e-08 -2.395e-09 -7.648e-07  3.100e-01 -5.179e-02  7.217e-01 -2.357e-01 
 -2.395e-09  2.341e-08  7.121e-07  3.051e-01 -6.474e-02  7.201e-01 -2.397e-01 
 -7.648e-07  7.121e-07  2.624e-01 -1.477e+05  1.990e+04 -3.396e+05  1.164e+05 
  3.100e-01  3.051e-01 -1.477e+05  8.349e+10 -1.124e+10  1.919e+11 -6.578e+10 
 -5.179e-02 -6.474e-02  1.990e+04 -1.124e+10  1.513e+09 -2.582e+10  8.852e+09 
  7.217e-01  7.201e-01 -3.396e+05  1.919e+11 -2.582e+10  4.410e+11 -1.512e+11 
 -2.357e-01 -2.397e-01  1.164e+05 -6.578e+10  8.852e+09 -1.512e+11  5.182e+10 
ERR MATRIX APPROXIMATE
 PARAMETER  CORRELATION COEFFICIENTS  
       NO.  GLOBAL      8      9     20     21     22     23     24
        8  0.19700   1.000 -0.105 -0.010  0.007 -0.009  0.007 -0.007
        9  0.43649  -0.105  1.000  0.009  0.007 -0.011  0.007 -0.007
       20  0.99896  -0.010  0.009  1.000 -0.998  0.999 -0.998  0.998
       21  1.00000   0.007  0.007 -0.998  1.000 -1.000  1.000 -1.000
       22  0.99988  -0.009 -0.011  0.999 -1.000  1.000 -1.000  1.000
       23  1.00000   0.007  0.007 -0.998  1.000 -1.000  1.000 -1.000
       24  1.00000  -0.007 -0.007  0.998 -1.000  1.000 -1.000  1.000
 ERR MATRIX APPROXIMATE
MINUIT - FIT wiggle + 1-CBO + 2-CBO
 **********
 **   42 **RES 
 **********
                   PARAMETER   16  beta_vw RESTORED TO VARIABLE.
                   PARAMETER   14  alpha_vw RESTORED TO VARIABLE.
                   PARAMETER   13  beta_y RESTORED TO VARIABLE.
                   PARAMETER   11  alpha_y RESTORED TO VARIABLE.
                   PARAMETER   10  beta_2CBO RESTORED TO VARIABLE.
                   PARAMETER    6  alpha_CBO RESTORED TO VARIABLE.
                   PARAMETER    4  phi RESTORED TO VARIABLE.
                   PARAMETER    3  A0 RESTORED TO VARIABLE.
                   PARAMETER    1  N0 RESTORED TO VARIABLE.
 **********
 **   43 **FIX           10
 **********
 **********
 **   44 **FIX           11
 **********
 **********
 **   45 **FIX           12
 **********
 PARAMETER   12  IS CONSTANT.   IGNORED.
 **********
 **   46 **FIX           13
 **********
 **********
 **   47 **FIX           14
 **********
 **********
 **   48 **FIX           15
 **********
 PARAMETER   15  IS CONSTANT.   IGNORED.
 **********
 **   49 **FIX           16
 **********
 **********
 **   50 **MIGRAD
 **********
 START MIGRAD MINIMIZATION.  STRATEGY  1.  CONVERGENCE WHEN EDM .LT. 1.00e-04
 FCN=65.9958 FROM MIGRAD    STATUS=INITIATE       22 CALLS        4441 TOTAL
                     EDM= unknown      STRATEGY= 1      NO ERROR MATRIX       
  EXT PARAMETER               CURRENT GUESS       STEP         FIRST   
  NO.   NAME      VALUE            ERROR          SIZE      DERIVATIVE 
   1  N0           2.88225e+06   3.01648e+02   3.01648e+02   4.88250e-03
   2  tau          6.44106e+01   constant   
   3  A0           3.51280e-01   1.33299e-04   1.33299e-04   8.73296e+03
   4  phi          4.11778e+00   3.79909e-04   3.79909e-04   1.05630e+04
   5  R           -5.98157e+01   constant   
   6  alpha_CBO    5.19069e-03   1.40405e-04   1.40405e-04   3.31456e+03
   7  w_CBO        2.32500e+00   constant   
   8  beta_CBO    -2.12993e-03   1.49257e-04   4.27316e-07  -4.14164e+00
   9  alpha_2CBO   1.37004e-05   1.52989e-04  -7.24379e-07   9.12397e+01
  10  beta_2CBO    3.65642e-04     fixed    
  11  alpha_y      0.00000e+00     fixed    
  12  w_y          1.38860e+01   constant   
  13  beta_y      -4.93610e-04     fixed    
  14  alpha_vw     0.00000e+00     fixed    
  15  w_vw         1.43404e+01   constant   
  16  beta_vw      0.00000e+00     fixed    
  17  LM           1.60296e-04   constant   
  18  zeta_y       0.00000e+00   constant   
  19  zeta_vw      0.00000e+00   constant   
  20  T_CBO        5.72003e+00   5.12254e-01  -4.49048e-04  -1.23821e+02
  21  alpha_A0     1.94211e+05   2.88942e+05   1.81825e+04  -5.48061e-06
  22  beta_A0     -2.63703e+04   3.89022e+04  -2.48424e+03  -8.95781e-06
  23  alpha_phi    4.48524e+05   6.64080e+05   4.18463e+04   9.32338e-07
  24  beta_phi    -1.54755e+05   2.27645e+05  -1.43339e+04   1.59290e-06
 CALL LIMIT EXCEEDED IN MIGRAD.
 MIGRAD TERMINATED WITHOUT CONVERGENCE.
 FCN=60.518 FROM MIGRAD    STATUS=CALL LIMIT   1919 CALLS        6338 TOTAL
                     EDM=1.98283e-05    STRATEGY= 1  ERROR MATRIX UNCERTAINTY  30.9 per cent
  EXT PARAMETER                APPROXIMATE        STEP         FIRST   
  NO.   NAME      VALUE            ERROR          SIZE      DERIVATIVE 
   1  N0           2.88214e+06   2.97836e+02   1.17298e-02  -2.64665e-06
   2  tau          6.44106e+01   constant   
   3  A0           3.51168e-01   1.40486e-04  -2.78957e-08   3.51414e+00
   4  phi          4.11689e+00   4.02235e-04   1.16565e-07  -2.71048e+00
   5  R           -5.98157e+01   constant   
   6  alpha_CBO    5.13571e-03   1.40987e-04  -1.44325e-07  -4.24053e+00
   7  w_CBO        2.32500e+00   constant   
   8  beta_CBO    -2.19817e-03   1.42902e-04  -2.13637e-08   5.88430e+00
   9  alpha_2CBO   1.49950e-05   1.47358e-04  -1.50752e-07  -8.83159e+00
  10  beta_2CBO    3.65642e-04     fixed    
  11  alpha_y      0.00000e+00     fixed    
  12  w_y          1.38860e+01   constant   
  13  beta_y      -4.93610e-04     fixed    
  14  alpha_vw     0.00000e+00     fixed    
  15  w_vw         1.43404e+01   constant   
  16  beta_vw      0.00000e+00     fixed    
  17  LM           1.60296e-04   constant   
  18  zeta_y       0.00000e+00   constant   
  19  zeta_vw      0.00000e+00   constant   
  20  T_CBO        6.65085e+00   1.79966e+00   4.51932e-06  -1.31727e+00
  21  alpha_A0     1.31248e+04   5.66560e+04   4.19241e+00   6.87295e-08
  22  beta_A0      8.29868e+02   6.87388e+03  -5.07499e-01   3.57303e-07
  23  alpha_phi    3.40170e+04   1.48068e+05  -1.34624e+01  -2.72148e-07
  24  beta_phi    -1.03287e+04   4.43865e+04  -3.18607e+00  -2.90295e-07
 EXTERNAL ERROR MATRIX.    NDIM=  25    NPAR= 11    ERR DEF=1
  8.871e+04 
  1.871e-03  1.974e-08 
 -1.357e-02  3.225e-10  1.618e-07 
  2.474e-03  4.623e-09  1.554e-09  1.988e-08 
  1.310e-03  1.318e-09  9.754e-09  1.067e-09  2.042e-08 
 -4.477e-04 -9.169e-10 -8.432e-10  1.280e-09 -2.130e-09  2.171e-08 
  7.190e-02  1.056e-05 -1.452e-04 -1.867e-05 -1.397e-05 -5.450e-05  3.239e+00 
  1.681e+04 -3.936e-01  5.021e+00  3.966e-01  4.422e-01  1.767e+00 -1.013e+05  3.210e+09 
  3.574e+05 -1.572e-01  1.112e-01  2.424e-03 -7.715e-02 -4.829e-02 -5.097e+03  1.585e+08  4.725e+07 
  3.845e+05 -1.028e+00  1.177e+01  1.564e+00  1.145e+00  4.604e+00 -2.663e+05  8.328e+09  4.191e+08  2.192e+10 
  1.825e+05  4.394e-01 -4.047e+00 -4.002e-01 -1.875e-01 -1.385e+00  7.882e+04 -2.464e+09 -1.227e+08 -6.480e+09  1.970e+09 
ERR MATRIX APPROXIMATE
 PARAMETER  CORRELATION COEFFICIENTS  
       NO.  GLOBAL      1      3      4      6      8      9     20     21     22     23     24
        1  0.35323   1.000  0.045 -0.113  0.059  0.031 -0.010  0.000  0.001  0.175  0.009  0.014
        3  0.41118   0.045  1.000  0.006  0.233  0.066 -0.044  0.042 -0.049 -0.163 -0.049  0.070
        4  0.40526  -0.113  0.006  1.000  0.027  0.170 -0.014 -0.201  0.220  0.040  0.198 -0.227
        6  0.33786   0.059  0.233  0.027  1.000  0.053  0.062 -0.074  0.050  0.003  0.075 -0.064
        8  0.30143   0.031  0.066  0.170  0.053  1.000 -0.101 -0.054  0.055 -0.079  0.054 -0.030
        9  0.34100  -0.010 -0.044 -0.014  0.062 -0.101  1.000 -0.206  0.212 -0.048  0.211 -0.212
       20  0.99949   0.000  0.042 -0.201 -0.074 -0.054 -0.206  1.000 -0.994 -0.412 -0.999  0.987
       21  0.99435   0.001 -0.049  0.220  0.050  0.055  0.212 -0.994  1.000  0.407  0.993 -0.980
       22  0.51197   0.175 -0.163  0.040  0.003 -0.079 -0.048 -0.412  0.407  1.000  0.412 -0.402
       23  0.99938   0.009 -0.049  0.198  0.075  0.054  0.211 -0.999  0.993  0.412  1.000 -0.986
       24  0.98804   0.014  0.070 -0.227 -0.064 -0.030 -0.212  0.987 -0.980 -0.402 -0.986  1.000
 ERR MATRIX APPROXIMATE
MINUIT - FIT ONLY 1-y
 **********
 **   51 **RES 
 **********
                   PARAMETER   16  beta_vw RESTORED TO VARIABLE.
                   PARAMETER   14  alpha_vw RESTORED TO VARIABLE.
                   PARAMETER   13  beta_y RESTORED TO VARIABLE.
                   PARAMETER   11  alpha_y RESTORED TO VARIABLE.
                   PARAMETER   10  beta_2CBO RESTORED TO VARIABLE.
 **********
 **   52 **FIX            0
 **********
 PARAMETER    0  IS UNDEFINED. IGNORED.
 **********
 **   53 **FIX            1
 **********
 **********
 **   54 **FIX            2
 **********
 PARAMETER    2  IS CONSTANT.   IGNORED.
 **********
 **   55 **FIX            3
 **********
 **********
 **   56 **FIX            4
 **********
 **********
 **   57 **FIX            5
 **********
 PARAMETER    5  IS CONSTANT.   IGNORED.
 **********
 **   58 **FIX            6
 **********
 **********
 **   59 **FIX            7
 **********
 PARAMETER    7  IS CONSTANT.   IGNORED.
 **********
 **   60 **FIX            8
 **********
 **********
 **   61 **FIX            9
 **********
 **********
 **   62 **FIX           13
 **********
 **********
 **   63 **FIX           14
 **********
 **********
 **   64 **FIX           15
 **********
 PARAMETER   15  IS CONSTANT.   IGNORED.
 **********
 **   65 **FIX           16
 **********
 **********
 **   66 **MIGRAD
 **********
 START MIGRAD MINIMIZATION.  STRATEGY  1.  CONVERGENCE WHEN EDM .LT. 1.00e-04
 FCN=60.518 FROM MIGRAD    STATUS=INITIATE       16 CALLS        6354 TOTAL
                     EDM= unknown      STRATEGY= 1      NO ERROR MATRIX       
  EXT PARAMETER               CURRENT GUESS       STEP         FIRST   
  NO.   NAME      VALUE            ERROR          SIZE      DERIVATIVE 
   1  N0           2.88214e+06     fixed    
   2  tau          6.44106e+01   constant   
   3  A0           3.51168e-01     fixed    
   4  phi          4.11689e+00     fixed    
   5  R           -5.98157e+01   constant   
   6  alpha_CBO    5.13571e-03     fixed    
   7  w_CBO        2.32500e+00   constant   
   8  beta_CBO    -2.19817e-03     fixed    
   9  alpha_2CBO   1.49950e-05     fixed    
  10  beta_2CBO    3.65642e-04   1.44083e-04   1.44083e-04   7.60264e+03
  11  alpha_y      0.00000e+00   1.00000e-03   1.00000e-03   3.03966e+04
  12  w_y          1.38860e+01   constant   
  13  beta_y      -4.93610e-04     fixed    
  14  alpha_vw     0.00000e+00     fixed    
  15  w_vw         1.43404e+01   constant   
  16  beta_vw      0.00000e+00     fixed    
  17  LM           1.60296e-04   constant   
  18  zeta_y       0.00000e+00   constant   
  19  zeta_vw      0.00000e+00   constant   
  20  T_CBO        6.65085e+00   1.79966e+00   4.51932e-06  -1.31727e+00
  21  alpha_A0     1.31248e+04   5.66560e+04   4.19241e+00   6.87281e-08
  22  beta_A0      8.29868e+02   6.87388e+03  -5.07499e-01   3.57301e-07
  23  alpha_phi    3.40170e+04   1.48068e+05  -1.34624e+01  -2.72148e-07
  24  beta_phi    -1.03287e+04   4.43865e+04  -3.18607e+00  -2.90295e-07
 MIGRAD MINIMIZATION HAS CONVERGED.
 MIGRAD WILL VERIFY CONVERGENCE AND ERROR MATRIX.
 FCN=55.5703 FROM HESSE     STATUS=NOT POSDEF     50 CALLS        6466 TOTAL
                     EDM=0.000246218    STRATEGY= 1      ERR MATRIX NOT POS-DEF
  EXT PARAMETER                APPROXIMATE        STEP         FIRST   
  NO.   NAME      VALUE            ERROR          SIZE      DERIVATIVE 
   1  N0           2.88214e+06     fixed    
   2  tau          6.44106e+01   constant   
   3  A0           3.51168e-01     fixed    
   4  phi          4.11689e+00     fixed    
   5  R           -5.98157e+01   constant   
   6  alpha_CBO    5.13571e-03     fixed    
   7  w_CBO        2.32500e+00   constant   
   8  beta_CBO    -2.19817e-03     fixed    
   9  alpha_2CBO   1.49950e-05     fixed    
  10  beta_2CBO    2.90865e-04   1.44029e-04   5.15949e-07   5.73770e+00
  11  alpha_y     -3.06790e-04   1.42127e-04   5.22292e-07   3.75469e+00
  12  w_y          1.38860e+01   constant   
  13  beta_y      -4.93610e-04     fixed    
  14  alpha_vw     0.00000e+00     fixed    
  15  w_vw         1.43404e+01   constant   
  16  beta_vw      0.00000e+00     fixed    
  17  LM           1.60296e-04   constant   
  18  zeta_y       0.00000e+00   constant   
  19  zeta_vw      0.00000e+00   constant   
  20  T_CBO        6.65290e+00   9.00362e-01   2.58432e-06   1.85999e+00
  21  alpha_A0     1.28809e+04   2.83967e+04   1.47414e+01   1.65327e-07
  22  beta_A0      4.80671e+02   5.46005e+03   1.44794e+01  -3.96788e-07
  23  alpha_phi    3.41573e+04   7.38360e+04   1.41980e+01  -1.55383e-07
  24  beta_phi    -1.10798e+04   2.41695e+04   1.53376e+01   1.49551e-07
 MIGRAD MINIMIZATION HAS CONVERGED.
 MIGRAD WILL VERIFY CONVERGENCE AND ERROR MATRIX.
 FCN=55.5679 FROM MIGRAD    STATUS=CONVERGED     389 CALLS        6727 TOTAL
                     EDM=1.58745e-05    STRATEGY= 1      ERR MATRIX NOT POS-DEF
  EXT PARAMETER                APPROXIMATE        STEP         FIRST   
  NO.   NAME      VALUE            ERROR          SIZE      DERIVATIVE 
   1  N0           2.88214e+06     fixed    
   2  tau          6.44106e+01   constant   
   3  A0           3.51168e-01     fixed    
   4  phi          4.11689e+00     fixed    
   5  R           -5.98157e+01   constant   
   6  alpha_CBO    5.13571e-03     fixed    
   7  w_CBO        2.32500e+00   constant   
   8  beta_CBO    -2.19817e-03     fixed    
   9  alpha_2CBO   1.49950e-05     fixed    
  10  beta_2CBO    2.90623e-04   1.44065e-04   5.15938e-07  -1.87621e+01
  11  alpha_y     -3.07217e-04   1.42138e-04   5.22281e-07  -2.10389e+01
  12  w_y          1.38860e+01   constant   
  13  beta_y      -4.93610e-04     fixed    
  14  alpha_vw     0.00000e+00     fixed    
  15  w_vw         1.43404e+01   constant   
  16  beta_vw      0.00000e+00     fixed    
  17  LM           1.60296e-04   constant   
  18  zeta_y       0.00000e+00   constant   
  19  zeta_vw      0.00000e+00   constant   
  20  T_CBO        6.52475e+00   8.66434e-01   2.51161e-06  -3.83909e+00
  21  alpha_A0     1.76162e+04   3.88123e+04   1.68281e+01  -2.33598e-07
  22  beta_A0      6.10073e+02   7.46150e+03   1.66122e+01  -7.06543e-08
  23  alpha_phi    4.67250e+04   1.01011e+05   1.63780e+01  -3.62737e-07
  24  beta_phi    -1.50741e+04   3.29218e+04   1.73197e+01  -6.27696e-08
 EXTERNAL ERROR MATRIX.    NDIM=  25    NPAR=  7    ERR DEF=1
  2.075e-08 -2.774e-10 -4.958e-07  1.652e-01  4.101e-02  3.955e-02  1.946e-01 
 -2.774e-10  2.020e-08  9.572e-07 -6.174e-02  1.906e-02 -1.342e-01  5.496e-02 
 -4.958e-07  9.572e-07  7.507e-01 -3.296e+04 -8.799e+02 -8.730e+04  2.757e+04 
  1.652e-01 -6.174e-02 -3.296e+04  1.506e+09  3.739e+07  3.830e+09 -1.215e+09 
  4.101e-02  1.906e-02 -8.799e+02  3.739e+07  5.567e+07  9.869e+07 -2.825e+07 
  3.955e-02 -1.342e-01 -8.730e+04  3.830e+09  9.869e+07  1.020e+10 -3.205e+09 
  1.946e-01  5.496e-02  2.757e+04 -1.215e+09 -2.825e+07 -3.205e+09  1.084e+09 
ERR MATRIX NOT POS-DEF
 PARAMETER  CORRELATION COEFFICIENTS  
       NO.  GLOBAL     10     11     20     21     22     23     24
       10  0.22734   1.000 -0.014 -0.004  0.030  0.038  0.003  0.041
       11  0.04101  -0.014  1.000  0.008 -0.011  0.018 -0.009  0.012
       20  0.99799  -0.004  0.008  1.000 -0.980 -0.136 -0.998  0.967
       21  0.98062   0.030 -0.011 -0.980  1.000  0.129  0.977 -0.951
       22  0.17047   0.038  0.018 -0.136  0.129  1.000  0.131 -0.115
       23  0.99753   0.003 -0.009 -0.998  0.977  0.131  1.000 -0.964
       24  0.96811   0.041  0.012  0.967 -0.951 -0.115 -0.964  1.000
 ERR MATRIX NOT POS-DEF
MINUIT - FIT ONLY 2-y
 **********
 **   67 **RES 
 **********
                   PARAMETER   16  beta_vw RESTORED TO VARIABLE.
                   PARAMETER   14  alpha_vw RESTORED TO VARIABLE.
                   PARAMETER   13  beta_y RESTORED TO VARIABLE.
                   PARAMETER    9  alpha_2CBO RESTORED TO VARIABLE.
                   PARAMETER    8  beta_CBO RESTORED TO VARIABLE.
                   PARAMETER    6  alpha_CBO RESTORED TO VARIABLE.
                   PARAMETER    4  phi RESTORED TO VARIABLE.
                   PARAMETER    3  A0 RESTORED TO VARIABLE.
                   PARAMETER    1  N0 RESTORED TO VARIABLE.
 **********
 **   68 **FIX            0
 **********
 PARAMETER    0  IS UNDEFINED. IGNORED.
 **********
 **   69 **FIX            1
 **********
 **********
 **   70 **FIX            2
 **********
 PARAMETER    2  IS CONSTANT.   IGNORED.
 **********
 **   71 **FIX            3
 **********
 **********
 **   72 **FIX            4
 **********
 **********
 **   73 **FIX            5
 **********
 PARAMETER    5  IS CONSTANT.   IGNORED.
 **********
 **   74 **FIX            6
 **********
 **********
 **   75 **FIX            7
 **********
 PARAMETER    7  IS CONSTANT.   IGNORED.
 **********
 **   76 **FIX            8
 **********
 **********
 **   77 **FIX            9
 **********
 **********
 **   78 **FIX           10
 **********
 **********
 **   79 **FIX           11
 **********
 **********
 **   80 **FIX           12
 **********
 PARAMETER   12  IS CONSTANT.   IGNORED.
 **********
 **   81 **FIX           16
 **********
 **********
 **   82 **MIGRAD
 **********
 START MIGRAD MINIMIZATION.  STRATEGY  1.  CONVERGENCE WHEN EDM .LT. 1.00e-04
 FCN=55.5679 FROM MIGRAD    STATUS=INITIATE       16 CALLS        6743 TOTAL
                     EDM= unknown      STRATEGY= 1      NO ERROR MATRIX       
  EXT PARAMETER               CURRENT GUESS       STEP         FIRST   
  NO.   NAME      VALUE            ERROR          SIZE      DERIVATIVE 
   1  N0           2.88214e+06     fixed    
   2  tau          6.44106e+01   constant   
   3  A0           3.51168e-01     fixed    
   4  phi          4.11689e+00     fixed    
   5  R           -5.98157e+01   constant   
   6  alpha_CBO    5.13571e-03     fixed    
   7  w_CBO        2.32500e+00   constant   
   8  beta_CBO    -2.19817e-03     fixed    
   9  alpha_2CBO   1.49950e-05     fixed    
  10  beta_2CBO    2.90623e-04     fixed    
  11  alpha_y     -3.07217e-04     fixed    
  12  w_y          1.38860e+01   constant   
  13  beta_y      -4.93610e-04   1.39672e-04   1.39672e-04   1.36588e+02
  14  alpha_vw     0.00000e+00   1.00000e-03   1.00000e-03   3.64755e+04
  15  w_vw         1.43404e+01   constant   
  16  beta_vw      0.00000e+00     fixed    
  17  LM           1.60296e-04   constant   
  18  zeta_y       0.00000e+00   constant   
  19  zeta_vw      0.00000e+00   constant   
  20  T_CBO        6.52475e+00   8.66434e-01   2.51161e-06  -3.83679e+00
  21  alpha_A0     1.76162e+04   3.88123e+04   1.68281e+01  -2.33595e-07
  22  beta_A0      6.10073e+02   7.46150e+03   1.66122e+01  -7.06502e-08
  23  alpha_phi    4.67250e+04   1.01011e+05   1.63780e+01  -3.62737e-07
  24  beta_phi    -1.50741e+04   3.29218e+04   1.73197e+01  -6.27704e-08
 MIGRAD MINIMIZATION HAS CONVERGED.
 MIGRAD WILL VERIFY CONVERGENCE AND ERROR MATRIX.
 FCN=48.5192 FROM HESSE     STATUS=NOT POSDEF     50 CALLS        6856 TOTAL
                     EDM=0.000479981    STRATEGY= 1      ERR MATRIX NOT POS-DEF
  EXT PARAMETER                APPROXIMATE        STEP         FIRST   
  NO.   NAME      VALUE            ERROR          SIZE      DERIVATIVE 
   1  N0           2.88214e+06     fixed    
   2  tau          6.44106e+01   constant   
   3  A0           3.51168e-01     fixed    
   4  phi          4.11689e+00     fixed    
   5  R           -5.98157e+01   constant   
   6  alpha_CBO    5.13571e-03     fixed    
   7  w_CBO        2.32500e+00   constant   
   8  beta_CBO    -2.19817e-03     fixed    
   9  alpha_2CBO   1.49950e-05     fixed    
  10  beta_2CBO    2.90623e-04     fixed    
  11  alpha_y     -3.07217e-04     fixed    
  12  w_y          1.38860e+01   constant   
  13  beta_y      -4.04511e-04   1.44057e-04   4.81580e-07  -2.07199e-01
  14  alpha_vw    -3.86829e-04   1.45471e-04   4.86172e-07  -3.17468e-01
  15  w_vw         1.43404e+01   constant   
  16  beta_vw      0.00000e+00     fixed    
