 + ++++++++++++++++++++++++++++++++++++++++++++++++++++++++++++++++++++ +
 +                                                                      +
 +           You have chose to blind your fitting according to          +
 +                omega_ref * (1 + (R +/- deltaR) *10^{-6})             +
 +                                                                      +
 + ++++++++++++++++++++++++++++++++++++++++++++++++++++++++++++++++++++ +
In main()...
reading format from /gm2data/zkhechad/run45/envelope/formats/formatB_sBin_constraintOn.txt
pBinTau 	= 0  
pBinPhi 	= 0  
constraintau 	= 1 
includeMopTerm 	= 0    
constrainMop    = 0   
Parameters after format file: pBinTau 0 pBinPhi 0 constraintau 1 includeMopTerm 0 constrainMop 0 c_e_scale 0.000000 
Opening file /gm2data/tbarrett/gm2fr/studies/run23_bunch_corrections/CorrectedFourier_Run3b.root.
reading full fit data from /gm2data/zkhechad/cboTemplates/Run4CBOTemplates/fullFits/noRF/sBin_constraintOn_cE0.0_seed0_noRF_calo17.root
windowBins = 69
fitting sliding window 2310 from bin 2446 at 364.794000 to bin 2515 at 375.238000 (69 bins)

Reading data from /gm2data/cornell/histograms/aMethod/histogram_a_noRF.root
 **********
 **    1 **SET PRINTOUT            1
 **********
 **********
 **    2 **SET NOWARNINGS 
 **********
 PARAMETER DEFINITIONS:
    NO.   NAME         VALUE      STEP SIZE      LIMITS
     1 N0           3.18624e+06  1.00000e+02     no limits
     2 tau          6.44064e+01  constant
     3 A0           3.45293e-01  1.00000e-04     no limits
     4 phi          4.12011e+00  1.00000e-02     no limits
     5 R           -6.06001e+01  constant
     6 alpha_CBO    0.00000e+00  1.00000e-03     no limits
     7 w_CBO        2.32500e+00  constant
     8 beta_CBO     0.00000e+00  1.00000e-03     no limits
     9 alpha_2CBO   0.00000e+00  1.00000e-03     no limits
    10 beta_2CBO    0.00000e+00  1.00000e-03     no limits
    11 alpha_y      0.00000e+00  1.00000e-03     no limits
    12 w_y          1.38860e+01  constant
    13 beta_y       0.00000e+00  1.00000e-03     no limits
    14 alpha_vw     0.00000e+00  1.00000e-03     no limits
    15 w_vw         1.43404e+01  constant
    16 beta_vw      0.00000e+00  1.00000e-03     no limits
    17 LM           6.43054e-05  constant
    18 zeta_y       0.00000e+00  constant
    19 zeta_vw      0.00000e+00  constant
    20 T_CBO        1.00000e+02  1.00000e+00    0.00000e+00  1.00000e+03
    21 alpha_A0     0.00000e+00  1.00000e-03     no limits
    22 beta_A0      0.00000e+00  1.00000e-03     no limits
    23 alpha_phi    0.00000e+00  1.00000e-03     no limits
    24 beta_phi     0.00000e+00  1.00000e-03     no limits
MINUIT - FIT ONLY WIGGLE
 **********
 **    3 **FIX            5
 **********
 PARAMETER    5  IS CONSTANT.   IGNORED.
 **********
 **    4 **FIX            6
 **********
 **********
 **    5 **FIX            7
 **********
 PARAMETER    7  IS CONSTANT.   IGNORED.
 **********
 **    6 **FIX            8
 **********
 **********
 **    7 **FIX            9
 **********
 **********
 **    8 **FIX           10
 **********
 **********
 **    9 **FIX           11
 **********
 **********
 **   10 **FIX           12
 **********
 PARAMETER   12  IS CONSTANT.   IGNORED.
 **********
 **   11 **FIX           13
 **********
 **********
 **   12 **FIX           14
 **********
 **********
 **   13 **FIX           15
 **********
 PARAMETER   15  IS CONSTANT.   IGNORED.
 **********
 **   14 **FIX           16
 **********
 **********
 **   15 **MIGRAD
 **********
 FIRST CALL TO USER FUNCTION AT NEW START POINT, WITH IFLAG=4.
 START MIGRAD MINIMIZATION.  STRATEGY  1.  CONVERGENCE WHEN EDM .LT. 1.00e-04
 FCN=69.8403 FROM MIGRAD    STATUS=INITIATE      437 CALLS         438 TOTAL
                     EDM= unknown      STRATEGY= 1      NO ERROR MATRIX       
  EXT PARAMETER               CURRENT GUESS       STEP         FIRST   
  NO.   NAME      VALUE            ERROR          SIZE      DERIVATIVE 
   1  N0           3.18624e+06   1.00000e+02   0.00000e+00  -6.90530e-05
   2  tau          6.44064e+01   constant   
   3  A0           3.45293e-01   1.00000e-04   0.00000e+00   1.49325e+03
   4  phi          4.12011e+00   1.00000e-02   0.00000e+00   1.23845e+03
   5  R           -6.06001e+01   constant   
   6  alpha_CBO    0.00000e+00     fixed    
   7  w_CBO        2.32500e+00   constant   
   8  beta_CBO     0.00000e+00     fixed    
   9  alpha_2CBO   0.00000e+00     fixed    
  10  beta_2CBO    0.00000e+00     fixed    
  11  alpha_y      0.00000e+00     fixed    
  12  w_y          1.38860e+01   constant   
  13  beta_y       0.00000e+00     fixed    
  14  alpha_vw     0.00000e+00     fixed    
  15  w_vw         1.43404e+01   constant   
  16  beta_vw      0.00000e+00     fixed    
  17  LM           6.43054e-05   constant   
  18  zeta_y       0.00000e+00   constant   
  19  zeta_vw      0.00000e+00   constant   
  20  T_CBO        1.00000e+02   1.00000e+00   0.00000e+00   0.00000e+00
  21  alpha_A0     0.00000e+00   1.00000e-03   0.00000e+00  -5.02918e+00
  22  beta_A0      0.00000e+00   1.00000e-03   0.00000e+00  -6.33844e+00
  23  alpha_phi    0.00000e+00   1.00000e-03   0.00000e+00   8.04796e+00
  24  beta_phi     0.00000e+00   1.00000e-03   0.00000e+00  -3.23930e+00
 MIGRAD MINIMIZATION HAS CONVERGED.
 FCN=64.9957 FROM MIGRAD    STATUS=CONVERGED     551 CALLS         552 TOTAL
                     EDM=2.65725e-06    STRATEGY= 1  ERROR MATRIX UNCERTAINTY   2.6 per cent
  EXT PARAMETER                                   STEP         FIRST   
  NO.   NAME      VALUE            ERROR          SIZE      DERIVATIVE 
   1  N0           3.18730e+06   2.48194e+03   5.69223e+00   1.42362e-07
   2  tau          6.44064e+01   constant   
   3  A0           3.44562e-01   9.76786e-04  -6.98178e-06  -1.17328e+00
   4  phi          4.11464e+00   2.98879e-03   1.38608e-05  -4.78889e-02
   5  R           -6.06001e+01   constant   
   6  alpha_CBO    0.00000e+00     fixed    
   7  w_CBO        2.32500e+00   constant   
   8  beta_CBO     0.00000e+00     fixed    
   9  alpha_2CBO   0.00000e+00     fixed    
  10  beta_2CBO    0.00000e+00     fixed    
  11  alpha_y      0.00000e+00     fixed    
  12  w_y          1.38860e+01   constant   
  13  beta_y       0.00000e+00     fixed    
  14  alpha_vw     0.00000e+00     fixed    
  15  w_vw         1.43404e+01   constant   
  16  beta_vw      0.00000e+00     fixed    
  17  LM           6.43054e-05   constant   
  18  zeta_y       0.00000e+00   constant   
  19  zeta_vw      0.00000e+00   constant   
  20  T_CBO        9.89778e+01   3.56539e+01  -4.01935e-04   1.05252e-02
  21  alpha_A0     9.23007e-02   1.81596e-01  -1.53191e-04   8.76854e-03
  22  beta_A0      1.21448e-01   1.62342e-01   8.49792e-05   1.16476e-02
  23  alpha_phi   -7.07930e-02   1.51825e-01   3.23944e-04  -1.48967e-02
  24  beta_phi     4.71097e-03   1.76382e-01   1.14221e-04   7.30566e-03
 EXTERNAL ERROR MATRIX.    NDIM=  25    NPAR=  8    ERR DEF=1
  6.160e+06 -2.366e-01 -9.417e-01  3.456e+03  7.077e+01  5.081e+01  4.394e+01 -1.169e+02 
 -2.366e-01  9.541e-07  2.036e-08 -1.170e-03 -1.158e-05 -5.631e-07 -1.837e-05  3.438e-05 
 -9.417e-01  2.036e-08  8.933e-06  2.914e-03 -4.747e-06 -6.092e-05 -1.376e-05  6.634e-06 
  3.456e+03 -1.170e-03  2.914e-03  1.277e+03 -2.500e+00 -2.771e+00  1.863e+00 -4.301e-01 
  7.077e+01 -1.158e-05 -4.747e-06 -2.500e+00  3.298e-02  2.623e-03  1.913e-03 -3.395e-03 
  5.081e+01 -5.631e-07 -6.092e-05 -2.771e+00  2.623e-03  2.635e-02 -1.735e-03 -1.954e-03 
  4.394e+01 -1.837e-05 -1.376e-05  1.863e+00  1.913e-03 -1.735e-03  2.305e-02 -8.375e-04 
 -1.169e+02  3.438e-05  6.634e-06 -4.301e-01 -3.395e-03 -1.954e-03 -8.375e-04  3.111e-02 
 PARAMETER  CORRELATION COEFFICIENTS  
       NO.  GLOBAL      1      3      4     20     21     22     23     24
        1  0.36499   1.000 -0.098 -0.127  0.039  0.157  0.126  0.117 -0.267
        3  0.23680  -0.098  1.000  0.007 -0.034 -0.065 -0.004 -0.124  0.200
        4  0.17362  -0.127  0.007  1.000  0.027 -0.009 -0.126 -0.030  0.013
       20  0.69559   0.039 -0.034  0.027  1.000 -0.385 -0.478  0.343 -0.068
       21  0.50382   0.157 -0.065 -0.009 -0.385  1.000  0.089  0.069 -0.106
       22  0.54307   0.126 -0.004 -0.126 -0.478  0.089  1.000 -0.070 -0.068
       23  0.44421   0.117 -0.124 -0.030  0.343  0.069 -0.070  1.000 -0.031
       24  0.35268  -0.267  0.200  0.013 -0.068 -0.106 -0.068 -0.031  1.000
MINUIT - FIT ONLY 1-CBO + wiggle
 **********
 **   16 **RES 
 **********
                   PARAMETER   16  beta_vw RESTORED TO VARIABLE.
                   PARAMETER   14  alpha_vw RESTORED TO VARIABLE.
                   PARAMETER   13  beta_y RESTORED TO VARIABLE.
                   PARAMETER   11  alpha_y RESTORED TO VARIABLE.
                   PARAMETER   10  beta_2CBO RESTORED TO VARIABLE.
                   PARAMETER    9  alpha_2CBO RESTORED TO VARIABLE.
                   PARAMETER    8  beta_CBO RESTORED TO VARIABLE.
                   PARAMETER    6  alpha_CBO RESTORED TO VARIABLE.
 **********
 **   17 **FIX            8
 **********
 **********
 **   18 **FIX            9
 **********
 **********
 **   19 **FIX           11
 **********
 **********
 **   20 **FIX           12
 **********
 PARAMETER   12  IS CONSTANT.   IGNORED.
 **********
 **   21 **FIX           14
 **********
 **********
 **   22 **FIX           15
 **********
 PARAMETER   15  IS CONSTANT.   IGNORED.
 **********
 **   23 **FIX           16
 **********
 **********
 **   24 **MIGRAD
 **********
 START MIGRAD MINIMIZATION.  STRATEGY  1.  CONVERGENCE WHEN EDM .LT. 1.00e-04
 FCN=64.9957 FROM MIGRAD    STATUS=INITIATE       28 CALLS         580 TOTAL
                     EDM= unknown      STRATEGY= 1      NO ERROR MATRIX       
  EXT PARAMETER               CURRENT GUESS       STEP         FIRST   
  NO.   NAME      VALUE            ERROR          SIZE      DERIVATIVE 
   1  N0           3.18730e+06   2.48194e+03   5.69223e+00   1.42362e-07
   2  tau          6.44064e+01   constant   
   3  A0           3.44562e-01   9.76786e-04  -6.98178e-06  -1.17328e+00
   4  phi          4.11464e+00   2.98879e-03   1.38608e-05  -4.78889e-02
   5  R           -6.06001e+01   constant   
   6  alpha_CBO    0.00000e+00   1.00000e-03   1.00000e-03   8.15091e+02
   7  w_CBO        2.32500e+00   constant   
   8  beta_CBO     0.00000e+00     fixed    
   9  alpha_2CBO   0.00000e+00     fixed    
  10  beta_2CBO    0.00000e+00   1.00000e-03   1.00000e-03   1.65116e+03
  11  alpha_y      0.00000e+00     fixed    
  12  w_y          1.38860e+01   constant   
  13  beta_y       0.00000e+00   1.00000e-03   1.00000e-03  -1.49599e+03
  14  alpha_vw     0.00000e+00     fixed    
  15  w_vw         1.43404e+01   constant   
  16  beta_vw      0.00000e+00     fixed    
  17  LM           6.43054e-05   constant   
  18  zeta_y       0.00000e+00   constant   
  19  zeta_vw      0.00000e+00   constant   
  20  T_CBO        9.89778e+01   3.56539e+01  -4.01935e-04   1.05263e-02
  21  alpha_A0     9.23007e-02   1.81596e-01  -1.53191e-04   8.76851e-03
  22  beta_A0      1.21448e-01   1.62342e-01   8.49792e-05   1.16476e-02
  23  alpha_phi   -7.07930e-02   1.51825e-01   3.23944e-04  -1.48967e-02
  24  beta_phi     4.71097e-03   1.76382e-01   1.14221e-04   7.30566e-03
 MIGRAD MINIMIZATION HAS CONVERGED.
 MIGRAD WILL VERIFY CONVERGENCE AND ERROR MATRIX.
 FCN=63.5314 FROM HESSE     STATUS=NOT POSDEF    100 CALLS         798 TOTAL
                     EDM=0.000948524    STRATEGY= 1      ERR MATRIX NOT POS-DEF
  EXT PARAMETER                APPROXIMATE        STEP         FIRST   
  NO.   NAME      VALUE            ERROR          SIZE      DERIVATIVE 
   1  N0           3.18739e+06   2.43444e+03   8.35594e+00  -1.79451e-07
   2  tau          6.44064e+01   constant   
   3  A0           3.44584e-01   9.97505e-04   3.82478e-06  -8.92080e-01
   4  phi          4.11442e+00   3.09607e-03   1.17122e-05  -2.52857e-01
   5  R           -6.06001e+01   constant   
   6  alpha_CBO   -3.72399e-04   1.04666e-03   3.99665e-06  -6.68511e-01
   7  w_CBO        2.32500e+00   constant   
   8  beta_CBO     0.00000e+00     fixed    
   9  alpha_2CBO   0.00000e+00     fixed    
  10  beta_2CBO   -8.90464e-04   1.04992e-03   4.01406e-06  -8.16847e-01
  11  alpha_y      0.00000e+00     fixed    
  12  w_y          1.38860e+01   constant   
  13  beta_y       7.72344e-04   1.00621e-03   3.97124e-06   2.27646e-01
  14  alpha_vw     0.00000e+00     fixed    
  15  w_vw         1.43404e+01   constant   
  16  beta_vw      0.00000e+00     fixed    
  17  LM           6.43054e-05   constant   
  18  zeta_y       0.00000e+00   constant   
  19  zeta_vw      0.00000e+00   constant   
  20  T_CBO        9.63667e+01   5.68537e+02   4.22156e-04  -2.55882e-02
  21  alpha_A0     9.87239e-02   1.89892e+00   7.98075e-04   1.34085e-03
  22  beta_A0      1.07593e-01   2.07961e+00   7.46048e-04   7.70767e-03
  23  alpha_phi   -4.69492e-02   9.12390e-01   7.08591e-04  -1.08461e-03
  24  beta_phi     3.44553e-03   2.11556e-01   7.47385e-04   1.41228e-03
 CALL LIMIT EXCEEDED IN MIGRAD.
 MIGRAD TERMINATED WITHOUT CONVERGENCE.
 FCN=63.5205 FROM MIGRAD    STATUS=CALL LIMIT   1910 CALLS        2462 TOTAL
                     EDM=0.000116262    STRATEGY= 1      ERR MATRIX NOT POS-DEF
  EXT PARAMETER                APPROXIMATE        STEP         FIRST   
  NO.   NAME      VALUE            ERROR          SIZE      DERIVATIVE 
   1  N0           3.18739e+06   2.27942e+03   1.28218e+00  -1.59428e-09
   2  tau          6.44064e+01   constant   
   3  A0           3.44588e-01   9.65465e-04   8.32108e-07  -2.24188e+00
   4  phi          4.11441e+00   3.04736e-03   1.86114e-06  -2.91541e-01
   5  R           -6.06001e+01   constant   
   6  alpha_CBO   -3.73719e-04   1.04419e-03   5.45506e-07  -7.05366e-01
   7  w_CBO        2.32500e+00   constant   
   8  beta_CBO     0.00000e+00     fixed    
   9  alpha_2CBO   0.00000e+00     fixed    
  10  beta_2CBO   -8.92344e-04   1.04750e-03   9.34588e-07  -1.93292e+00
  11  alpha_y      0.00000e+00     fixed    
  12  w_y          1.38860e+01   constant   
  13  beta_y       7.71956e-04   1.00549e-03  -2.56537e-07   4.23899e-01
  14  alpha_vw     0.00000e+00     fixed    
  15  w_vw         1.43404e+01   constant   
  16  beta_vw      0.00000e+00     fixed    
  17  LM           6.43054e-05   constant   
  18  zeta_y       0.00000e+00   constant   
  19  zeta_vw      0.00000e+00   constant   
  20  T_CBO        6.83581e+02   5.22502e+02   2.29767e-02  -8.60558e-04
  21  alpha_A0     3.73229e-03   1.76302e-02   4.75889e-06  -1.28288e-01
  22  beta_A0      4.00588e-03   1.65389e-02   7.27323e-06   4.74870e-01
  23  alpha_phi   -1.66224e-03   1.10417e-02  -7.88364e-06   2.78659e-01
  24  beta_phi     1.91322e-04   7.49793e-03   1.62675e-05   1.21387e+00
 EXTERNAL ERROR MATRIX.    NDIM=  25    NPAR= 11    ERR DEF=1
  5.196e+06 
 -1.001e-01  9.321e-07 
 -5.242e-01 -3.312e-08  9.286e-06 
  8.040e-02  3.682e-08  6.814e-07  1.090e-06 
 -3.160e-02 -6.203e-08 -3.071e-08 -9.579e-08  1.097e-06 
  8.067e-03 -5.518e-09  3.462e-08  1.480e-10 -7.597e-09  1.011e-06 
 -5.680e+05  1.358e-01 -3.580e-01 -1.398e-01 -6.477e-02  1.212e-02  2.198e+07 
  6.572e+00 -1.787e-06  1.686e-06 -2.320e-07  5.207e-07  1.248e-07 -6.966e+01  3.108e-04 
  3.177e+00 -4.024e-07 -9.752e-07  2.817e-07  1.379e-06 -2.335e-07 -6.829e+01  2.092e-04  2.735e-04 
  8.016e-01  8.994e-08 -4.288e-06 -9.977e-07 -1.540e-06 -1.771e-08  2.905e+01 -6.913e-05 -9.003e-05  1.219e-04 
 -4.276e+00  1.126e-06  1.036e-06 -1.448e-07  2.490e-07  4.089e-08  1.579e+01 -5.778e-05 -6.158e-05  8.414e-06  5.622e-05 
ERR MATRIX NOT POS-DEF
 PARAMETER  CORRELATION COEFFICIENTS  
       NO.  GLOBAL      1      3      4      6     10     13     20     21     22     23     24
        1  0.33871   1.000 -0.045 -0.075  0.034 -0.013  0.004 -0.053  0.164  0.084  0.032 -0.250
        3  0.22775  -0.045  1.000 -0.011  0.037 -0.061 -0.006  0.030 -0.105 -0.025  0.008  0.156
        4  0.27959  -0.075 -0.011  1.000  0.214 -0.010  0.011 -0.025  0.031 -0.019 -0.127  0.045
        6  0.25879   0.034  0.037  0.214  1.000 -0.088  0.000 -0.029 -0.013  0.016 -0.087 -0.018
       10  0.25943  -0.013 -0.061 -0.010 -0.088  1.000 -0.007 -0.013  0.028  0.080 -0.133  0.032
       13  0.03201   0.004 -0.006  0.011  0.000 -0.007  1.000  0.003  0.007 -0.014 -0.002  0.005
       20  0.94649  -0.053  0.030 -0.025 -0.029 -0.013  0.003  1.000 -0.843 -0.881  0.561  0.449
       21  0.86926   0.164 -0.105  0.031 -0.013  0.028  0.007 -0.843  1.000  0.717 -0.355 -0.437
       22  0.89405   0.084 -0.025 -0.019  0.016  0.080 -0.014 -0.881  0.717  1.000 -0.493 -0.497
       23  0.64454   0.032  0.008 -0.127 -0.087 -0.133 -0.002  0.561 -0.355 -0.493  1.000  0.102
       24  0.58313  -0.250  0.156  0.045 -0.018  0.032  0.005  0.449 -0.437 -0.497  0.102  1.000
 ERR MATRIX NOT POS-DEF
MINUIT - FIT ONLY 2-CBO
 **********
 **   25 **RES 
 **********
                   PARAMETER   16  beta_vw RESTORED TO VARIABLE.
                   PARAMETER   14  alpha_vw RESTORED TO VARIABLE.
                   PARAMETER   11  alpha_y RESTORED TO VARIABLE.
                   PARAMETER    9  alpha_2CBO RESTORED TO VARIABLE.
                   PARAMETER    8  beta_CBO RESTORED TO VARIABLE.
 **********
 **   26 **FIX            0
 **********
 PARAMETER    0  IS UNDEFINED. IGNORED.
 **********
 **   27 **FIX            1
 **********
 **********
 **   28 **FIX            2
 **********
 PARAMETER    2  IS CONSTANT.   IGNORED.
 **********
 **   29 **FIX            3
 **********
 **********
 **   30 **FIX            4
 **********
 **********
 **   31 **FIX            5
 **********
 PARAMETER    5  IS CONSTANT.   IGNORED.
 **********
 **   32 **FIX            6
 **********
 **********
 **   33 **FIX            7
 **********
 PARAMETER    7  IS CONSTANT.   IGNORED.
 **********
 **   34 **FIX           10
 **********
 **********
 **   35 **FIX           11
 **********
 **********
 **   36 **FIX           12
 **********
 PARAMETER   12  IS CONSTANT.   IGNORED.
 **********
 **   37 **FIX           13
 **********
 **********
 **   38 **FIX           14
 **********
 **********
 **   39 **FIX           15
 **********
 PARAMETER   15  IS CONSTANT.   IGNORED.
 **********
 **   40 **FIX           16
 **********
 **********
 **   41 **MIGRAD
 **********
 START MIGRAD MINIMIZATION.  STRATEGY  1.  CONVERGENCE WHEN EDM .LT. 1.00e-04
 FCN=63.5205 FROM MIGRAD    STATUS=INITIATE       18 CALLS        2480 TOTAL
                     EDM= unknown      STRATEGY= 1      NO ERROR MATRIX       
  EXT PARAMETER               CURRENT GUESS       STEP         FIRST   
  NO.   NAME      VALUE            ERROR          SIZE      DERIVATIVE 
   1  N0           3.18739e+06     fixed    
   2  tau          6.44064e+01   constant   
   3  A0           3.44588e-01     fixed    
   4  phi          4.11441e+00     fixed    
   5  R           -6.06001e+01   constant   
   6  alpha_CBO   -3.73719e-04     fixed    
   7  w_CBO        2.32500e+00   constant   
   8  beta_CBO     0.00000e+00   1.00000e-03   1.00000e-03  -4.20457e+03
   9  alpha_2CBO   0.00000e+00   1.00000e-03   1.00000e-03  -2.15525e+02
  10  beta_2CBO   -8.92344e-04     fixed    
  11  alpha_y      0.00000e+00     fixed    
  12  w_y          1.38860e+01   constant   
  13  beta_y       7.71956e-04     fixed    
  14  alpha_vw     0.00000e+00     fixed    
  15  w_vw         1.43404e+01   constant   
  16  beta_vw      0.00000e+00     fixed    
  17  LM           6.43054e-05   constant   
  18  zeta_y       0.00000e+00   constant   
  19  zeta_vw      0.00000e+00   constant   
  20  T_CBO        6.83581e+02   5.22502e+02   2.29767e-02  -8.62501e-04
  21  alpha_A0     3.73229e-03   1.76302e-02   4.75889e-06  -1.28289e-01
  22  beta_A0      4.00588e-03   1.65389e-02   7.27323e-06   4.74870e-01
  23  alpha_phi   -1.66224e-03   1.10417e-02  -7.88364e-06   2.78659e-01
  24  beta_phi     1.91322e-04   7.49793e-03   1.62675e-05   1.21387e+00
 MIGRAD MINIMIZATION HAS CONVERGED.
 MIGRAD WILL VERIFY CONVERGENCE AND ERROR MATRIX.
 FCN=58.8599 FROM HESSE     STATUS=NOT POSDEF     50 CALLS        2597 TOTAL
                     EDM=0.000325369    STRATEGY= 1      ERR MATRIX NOT POS-DEF
  EXT PARAMETER                APPROXIMATE        STEP         FIRST   
  NO.   NAME      VALUE            ERROR          SIZE      DERIVATIVE 
   1  N0           3.18739e+06     fixed    
   2  tau          6.44064e+01   constant   
   3  A0           3.44588e-01     fixed    
   4  phi          4.11441e+00     fixed    
   5  R           -6.06001e+01   constant   
   6  alpha_CBO   -3.73719e-04     fixed    
   7  w_CBO        2.32500e+00   constant   
   8  beta_CBO     2.20744e-03   1.02009e-03   3.83028e-06   2.00187e-01
   9  alpha_2CBO   1.78884e-04   1.02928e-03   3.81397e-06  -2.61381e+00
  10  beta_2CBO   -8.92344e-04     fixed    
  11  alpha_y      0.00000e+00     fixed    
  12  w_y          1.38860e+01   constant   
  13  beta_y       7.71956e-04     fixed    
  14  alpha_vw     0.00000e+00     fixed    
  15  w_vw         1.43404e+01   constant   
  16  beta_vw      0.00000e+00     fixed    
  17  LM           6.43054e-05   constant   
  18  zeta_y       0.00000e+00   constant   
  19  zeta_vw      0.00000e+00   constant   
  20  T_CBO        6.03854e+02   6.46231e+02   1.18136e-02   5.47494e-04
  21  alpha_A0     4.28484e-03   9.98139e-02   3.02781e-05   5.46996e-01
  22  beta_A0      2.26789e-03   5.30086e-02   2.82015e-05   6.68928e-02
  23  alpha_phi   -2.18930e-03   5.10853e-02   2.68979e-05  -5.37330e-02
  24  beta_phi    -6.20442e-04   1.58440e-02   2.84162e-05  -6.03835e-02
 MIGRAD MINIMIZATION HAS CONVERGED.
 MIGRAD WILL VERIFY CONVERGENCE AND ERROR MATRIX.
 COVARIANCE MATRIX CALCULATED SUCCESSFULLY
 MIGRAD TERMINATED WITHOUT CONVERGENCE.
 FCN=58.8598 FROM MIGRAD    STATUS=FAILED        307 CALLS        2769 TOTAL
                     EDM=0.000487362    STRATEGY= 1      ERR MATRIX APPROXIMATE
  EXT PARAMETER                APPROXIMATE        STEP         FIRST   
  NO.   NAME      VALUE            ERROR          SIZE      DERIVATIVE 
   1  N0           3.18739e+06     fixed    
   2  tau          6.44064e+01   constant   
   3  A0           3.44588e-01     fixed    
   4  phi          4.11441e+00     fixed    
   5  R           -6.06001e+01   constant   
   6  alpha_CBO   -3.73719e-04     fixed    
   7  w_CBO        2.32500e+00   constant   
   8  beta_CBO     2.20747e-03   1.02383e-03   3.83026e-06   1.99895e-01
   9  alpha_2CBO   1.80203e-04   1.03322e-03   3.81396e-06   4.24102e-01
  10  beta_2CBO   -8.92344e-04     fixed    
  11  alpha_y      0.00000e+00     fixed    
  12  w_y          1.38860e+01   constant   
  13  beta_y       7.71956e-04     fixed    
  14  alpha_vw     0.00000e+00     fixed    
  15  w_vw         1.43404e+01   constant   
  16  beta_vw      0.00000e+00     fixed    
  17  LM           6.43054e-05   constant   
  18  zeta_y       0.00000e+00   constant   
  19  zeta_vw      0.00000e+00   constant   
  20  T_CBO        6.24266e+02   5.36949e+02   1.21707e-02  -7.54409e-04
  21  alpha_A0     4.18317e-03   8.51614e-02   2.99550e-05  -2.79195e-02
  22  beta_A0      2.22158e-03   4.56443e-02   2.79002e-05   6.71349e-03
  23  alpha_phi   -2.14305e-03   4.39617e-02   2.66108e-05   2.44426e-04
  24  beta_phi    -6.04257e-04   1.40089e-02   2.81132e-05   6.87803e-04
 EXTERNAL ERROR MATRIX.    NDIM=  25    NPAR=  7    ERR DEF=1
  1.048e-06  3.096e-08  7.820e-02 -2.528e-07 -1.078e-06 -3.004e-08 -3.809e-07 
  3.096e-08  1.068e-06 -3.362e-01  2.565e-06  1.192e-07 -5.838e-07  8.176e-07 
  7.820e-02 -3.362e-01  4.568e+08 -1.812e+03 -9.624e+02  9.274e+02  2.525e+02 
 -2.528e-07  2.565e-06 -1.812e+03  7.252e-03  3.814e-03 -3.681e-03 -1.003e-03 
 -1.078e-06  1.192e-07 -9.624e+02  3.814e-03  2.083e-03 -1.956e-03 -5.331e-04 
 -3.004e-08 -5.838e-07  9.274e+02 -3.681e-03 -1.956e-03  1.933e-03  5.126e-04 
 -3.809e-07  8.176e-07  2.525e+02 -1.003e-03 -5.331e-04  5.126e-04  1.962e-04 
ERR MATRIX APPROXIMATE
 PARAMETER  CORRELATION COEFFICIENTS  
       NO.  GLOBAL      8      9     20     21     22     23     24
        8  0.13903   1.000  0.029  0.004 -0.003 -0.023 -0.001 -0.027
        9  0.21269   0.029  1.000 -0.015  0.029  0.003 -0.013  0.056
       20  0.99733   0.004 -0.015  1.000 -0.996 -0.987  0.987  0.843
       21  0.99566  -0.003  0.029 -0.996  1.000  0.981 -0.983 -0.841
       22  0.98682  -0.023  0.003 -0.987  0.981  1.000 -0.975 -0.834
       23  0.98708  -0.001 -0.013  0.987 -0.983 -0.975  1.000  0.832
       24  0.84724  -0.027  0.056  0.843 -0.841 -0.834  0.832  1.000
 ERR MATRIX APPROXIMATE
MINUIT - FIT wiggle + 1-CBO + 2-CBO
 **********
 **   42 **RES 
 **********
                   PARAMETER   16  beta_vw RESTORED TO VARIABLE.
                   PARAMETER   14  alpha_vw RESTORED TO VARIABLE.
                   PARAMETER   13  beta_y RESTORED TO VARIABLE.
                   PARAMETER   11  alpha_y RESTORED TO VARIABLE.
                   PARAMETER   10  beta_2CBO RESTORED TO VARIABLE.
                   PARAMETER    6  alpha_CBO RESTORED TO VARIABLE.
                   PARAMETER    4  phi RESTORED TO VARIABLE.
                   PARAMETER    3  A0 RESTORED TO VARIABLE.
                   PARAMETER    1  N0 RESTORED TO VARIABLE.
 **********
 **   43 **FIX           10
 **********
 **********
 **   44 **FIX           11
 **********
 **********
 **   45 **FIX           12
 **********
 PARAMETER   12  IS CONSTANT.   IGNORED.
 **********
 **   46 **FIX           13
 **********
 **********
 **   47 **FIX           14
 **********
 **********
 **   48 **FIX           15
 **********
 PARAMETER   15  IS CONSTANT.   IGNORED.
 **********
 **   49 **FIX           16
 **********
 **********
 **   50 **MIGRAD
 **********
 START MIGRAD MINIMIZATION.  STRATEGY  1.  CONVERGENCE WHEN EDM .LT. 1.00e-04
 FCN=58.8598 FROM MIGRAD    STATUS=INITIATE       22 CALLS        2791 TOTAL
                     EDM= unknown      STRATEGY= 1      NO ERROR MATRIX       
  EXT PARAMETER               CURRENT GUESS       STEP         FIRST   
  NO.   NAME      VALUE            ERROR          SIZE      DERIVATIVE 
   1  N0           3.18739e+06   2.27942e+03   2.27942e+03   1.46780e-04
   2  tau          6.44064e+01   constant   
   3  A0           3.44588e-01   9.65465e-04   9.65465e-04   9.58418e+02
   4  phi          4.11441e+00   3.04736e-03   3.04736e-03  -1.49978e+02
   5  R           -6.06001e+01   constant   
   6  alpha_CBO   -3.73719e-04   1.04419e-03   1.04419e-03   1.67566e+02
   7  w_CBO        2.32500e+00   constant   
   8  beta_CBO     2.20747e-03   1.02383e-03   3.83026e-06   1.99895e-01
   9  alpha_2CBO   1.80203e-04   1.03322e-03   3.81396e-06   4.24102e-01
  10  beta_2CBO   -8.92344e-04     fixed    
  11  alpha_y      0.00000e+00     fixed    
  12  w_y          1.38860e+01   constant   
  13  beta_y       7.71956e-04     fixed    
  14  alpha_vw     0.00000e+00     fixed    
  15  w_vw         1.43404e+01   constant   
  16  beta_vw      0.00000e+00     fixed    
  17  LM           6.43054e-05   constant   
  18  zeta_y       0.00000e+00   constant   
  19  zeta_vw      0.00000e+00   constant   
  20  T_CBO        6.24266e+02   5.36949e+02   1.21707e-02  -7.72822e-04
  21  alpha_A0     4.18317e-03   8.51614e-02   2.99550e-05  -2.79199e-02
  22  beta_A0      2.22158e-03   4.56443e-02   2.79002e-05   6.71709e-03
  23  alpha_phi   -2.14305e-03   4.39617e-02   2.66108e-05   2.44417e-04
  24  beta_phi    -6.04257e-04   1.40089e-02   2.81132e-05   6.87781e-04
 MIGRAD MINIMIZATION HAS CONVERGED.
 MIGRAD WILL VERIFY CONVERGENCE AND ERROR MATRIX.
 COVARIANCE MATRIX CALCULATED SUCCESSFULLY
 FCN=58.5261 FROM MIGRAD    STATUS=CONVERGED     218 CALLS        2987 TOTAL
                     EDM=1.39314e-05    STRATEGY= 1      ERROR MATRIX ACCURATE 
  EXT PARAMETER                                   STEP         FIRST   
  NO.   NAME      VALUE            ERROR          SIZE      DERIVATIVE 
   1  N0           3.18702e+06   2.45940e+03   8.02452e+00  -1.33442e-06
   2  tau          6.44064e+01   constant   
   3  A0           3.44087e-01   1.02855e-03   3.67419e-06   8.19766e-01
   4  phi          4.11523e+00   3.15370e-03   1.12661e-05  -4.69580e-01
   5  R           -6.06001e+01   constant   
   6  alpha_CBO   -4.33688e-04   1.05159e-03   3.83911e-06  -1.50690e+00
   7  w_CBO        2.32500e+00   constant   
   8  beta_CBO     2.36541e-03   1.05979e-03   3.82004e-06   2.97145e-01
   9  alpha_2CBO   2.04966e-04   1.03579e-03   3.80381e-06  -5.80145e-01
  10  beta_2CBO   -8.92344e-04     fixed    
  11  alpha_y      0.00000e+00     fixed    
  12  w_y          1.38860e+01   constant   
  13  beta_y       7.71956e-04     fixed    
  14  alpha_vw     0.00000e+00     fixed    
  15  w_vw         1.43404e+01   constant   
  16  beta_vw      0.00000e+00     fixed    
  17  LM           6.43054e-05   constant   
  18  zeta_y       0.00000e+00   constant   
  19  zeta_vw      0.00000e+00   constant   
  20  T_CBO        6.65012e+02   8.18575e+02   1.30502e-02   9.15420e-06
  21  alpha_A0     4.52003e-03   1.26476e-01   2.89168e-05  -2.71289e-02
  22  beta_A0      1.67702e-03   4.72748e-02   2.69371e-05  -2.18933e-01
  23  alpha_phi   -2.38084e-03   6.63478e-02   2.57072e-05  -1.52516e-01
  24  beta_phi    -8.29666e-04   2.41871e-02   2.71611e-05  -2.94978e-01
 EXTERNAL ERROR MATRIX.    NDIM=  25    NPAR= 11    ERR DEF=1
  6.049e+06 
 -2.794e-01  1.058e-06 
 -7.418e-01 -1.701e-07  9.946e-06 
  4.843e-02  3.287e-08  7.024e-07  1.106e-06 
 -1.809e-01 -2.372e-07  3.812e-07 -2.968e-08  1.123e-06 
  4.196e-03 -2.568e-08  2.083e-07  2.100e-08  4.307e-08  1.073e-06 
 -2.441e+06  6.884e-01 -5.660e+00  3.803e-01 -3.132e-01 -8.046e-01  1.113e+09 
  1.393e+01 -4.061e-06  2.274e-05 -1.857e-06  1.466e-06  4.293e-06 -4.211e+03  1.600e-02 
  5.125e+00 -6.381e-07  5.416e-06 -6.343e-07 -6.632e-07  5.024e-07 -1.558e+03  5.893e-03  2.235e-03 
 -4.299e+00  1.544e-06 -1.444e-05  7.475e-08 -9.471e-07 -1.568e-06  2.202e+03 -8.331e-03 -3.083e-03  4.402e-03 
 -6.130e+00  1.791e-06 -3.246e-06  9.033e-08 -7.308e-07  3.920e-07  7.664e+02 -2.905e-03 -1.075e-03  1.515e-03  5.850e-04 
 PARAMETER  CORRELATION COEFFICIENTS  
       NO.  GLOBAL      1      3      4      6      8      9     20     21     22     23     24
        1  0.36412   1.000 -0.110 -0.096  0.019 -0.069  0.002 -0.030  0.045  0.044 -0.026 -0.103
        3  0.31762  -0.110  1.000 -0.052  0.030 -0.218 -0.024  0.020 -0.031 -0.013  0.023  0.072
        4  0.31748  -0.096 -0.052  1.000  0.212  0.114  0.064 -0.054  0.057  0.036 -0.069 -0.043
        6  0.24673   0.019  0.030  0.212  1.000 -0.027  0.019  0.011 -0.014 -0.013  0.001  0.004
        8  0.29073  -0.069 -0.218  0.114 -0.027  1.000  0.039 -0.009  0.011 -0.013 -0.013 -0.029
        9  0.22301   0.002 -0.024  0.064  0.019  0.039  1.000 -0.023  0.033  0.010 -0.023  0.016
       20  0.99876  -0.030  0.020 -0.054  0.011 -0.009 -0.023  1.000 -0.998 -0.988  0.995  0.950
       21  0.99817   0.045 -0.031  0.057 -0.014  0.011  0.033 -0.998  1.000  0.986 -0.993 -0.950
       22  0.98857   0.044 -0.013  0.036 -0.013 -0.013  0.010 -0.988  0.986  1.000 -0.983 -0.940
       23  0.99473  -0.026  0.023 -0.069  0.001 -0.013 -0.023  0.995 -0.993 -0.983  1.000  0.944
       24  0.95482  -0.103  0.072 -0.043  0.004 -0.029  0.016  0.950 -0.950 -0.940  0.944  1.000
MINUIT - FIT ONLY 1-y
 **********
 **   51 **RES 
 **********
                   PARAMETER   16  beta_vw RESTORED TO VARIABLE.
                   PARAMETER   14  alpha_vw RESTORED TO VARIABLE.
                   PARAMETER   13  beta_y RESTORED TO VARIABLE.
                   PARAMETER   11  alpha_y RESTORED TO VARIABLE.
                   PARAMETER   10  beta_2CBO RESTORED TO VARIABLE.
 **********
 **   52 **FIX            0
 **********
 PARAMETER    0  IS UNDEFINED. IGNORED.
 **********
 **   53 **FIX            1
 **********
 **********
 **   54 **FIX            2
 **********
 PARAMETER    2  IS CONSTANT.   IGNORED.
 **********
 **   55 **FIX            3
 **********
 **********
 **   56 **FIX            4
 **********
 **********
 **   57 **FIX            5
 **********
 PARAMETER    5  IS CONSTANT.   IGNORED.
 **********
 **   58 **FIX            6
 **********
 **********
 **   59 **FIX            7
 **********
 PARAMETER    7  IS CONSTANT.   IGNORED.
 **********
 **   60 **FIX            8
 **********
 **********
 **   61 **FIX            9
 **********
 **********
 **   62 **FIX           13
 **********
 **********
 **   63 **FIX           14
 **********
 **********
 **   64 **FIX           15
 **********
 PARAMETER   15  IS CONSTANT.   IGNORED.
 **********
 **   65 **FIX           16
 **********
 **********
 **   66 **MIGRAD
 **********
 START MIGRAD MINIMIZATION.  STRATEGY  1.  CONVERGENCE WHEN EDM .LT. 1.00e-04
 FCN=58.5261 FROM MIGRAD    STATUS=INITIATE       16 CALLS        3003 TOTAL
                     EDM= unknown      STRATEGY= 1      NO ERROR MATRIX       
  EXT PARAMETER               CURRENT GUESS       STEP         FIRST   
  NO.   NAME      VALUE            ERROR          SIZE      DERIVATIVE 
   1  N0           3.18702e+06     fixed    
   2  tau          6.44064e+01   constant   
   3  A0           3.44087e-01     fixed    
   4  phi          4.11523e+00     fixed    
   5  R           -6.06001e+01   constant   
   6  alpha_CBO   -4.33688e-04     fixed    
   7  w_CBO        2.32500e+00   constant   
   8  beta_CBO     2.36541e-03     fixed    
   9  alpha_2CBO   2.04966e-04     fixed    
  10  beta_2CBO   -8.92344e-04   1.04750e-03   1.04750e-03  -2.23497e+02
  11  alpha_y      0.00000e+00   1.00000e-03   1.00000e-03  -1.55056e+03
  12  w_y          1.38860e+01   constant   
  13  beta_y       7.71956e-04     fixed    
  14  alpha_vw     0.00000e+00     fixed    
  15  w_vw         1.43404e+01   constant   
  16  beta_vw      0.00000e+00     fixed    
  17  LM           6.43054e-05   constant   
  18  zeta_y       0.00000e+00   constant   
  19  zeta_vw      0.00000e+00   constant   
  20  T_CBO        6.65012e+02   8.18575e+02   1.30502e-02   6.17048e-06
  21  alpha_A0     4.52003e-03   1.26476e-01   2.89168e-05  -2.71297e-02
  22  beta_A0      1.67702e-03   4.72748e-02   2.69371e-05  -2.18935e-01
  23  alpha_phi   -2.38084e-03   6.63478e-02   2.57072e-05  -1.52516e-01
  24  beta_phi    -8.29666e-04   2.41871e-02   2.71611e-05  -2.94978e-01
 MIGRAD MINIMIZATION HAS CONVERGED.
 MIGRAD WILL VERIFY CONVERGENCE AND ERROR MATRIX.
 COVARIANCE MATRIX CALCULATED SUCCESSFULLY
 FCN=57.8878 FROM MIGRAD    STATUS=CONVERGED     115 CALLS        3102 TOTAL
                     EDM=1.40506e-05    STRATEGY= 1      ERROR MATRIX ACCURATE 
  EXT PARAMETER                                   STEP         FIRST   
  NO.   NAME      VALUE            ERROR          SIZE      DERIVATIVE 
   1  N0           3.18702e+06     fixed    
   2  tau          6.44064e+01   constant   
   3  A0           3.44087e-01     fixed    
   4  phi          4.11523e+00     fixed    
   5  R           -6.06001e+01   constant   
   6  alpha_CBO   -4.33688e-04     fixed    
   7  w_CBO        2.32500e+00   constant   
   8  beta_CBO     2.36541e-03     fixed    
   9  alpha_2CBO   2.04966e-04     fixed    
  10  beta_2CBO   -7.77398e-04   1.05171e-03   3.83502e-06  -1.42586e+00
  11  alpha_y      8.06756e-04   1.02075e-03   3.82355e-06   1.78793e-01
  12  w_y          1.38860e+01   constant   
  13  beta_y       7.71956e-04     fixed    
  14  alpha_vw     0.00000e+00     fixed    
  15  w_vw         1.43404e+01   constant   
  16  beta_vw      0.00000e+00     fixed    
  17  LM           6.43054e-05   constant   
  18  zeta_y       0.00000e+00   constant   
  19  zeta_vw      0.00000e+00   constant   
  20  T_CBO        6.67189e+02   7.36614e+02   1.33940e-02  -2.20651e-04
  21  alpha_A0     4.48157e-03   8.24227e-02   2.85680e-05  -3.49418e-02
  22  beta_A0      1.76232e-03   3.31549e-02   2.66130e-05  -3.05985e-02
  23  alpha_phi   -2.40161e-03   4.41683e-02   2.53982e-05   3.15968e-02
  24  beta_phi    -8.11332e-04   1.62596e-02   2.68344e-05   1.40305e-03
 EXTERNAL ERROR MATRIX.    NDIM=  25    NPAR=  7    ERR DEF=1
  1.106e-06 -1.025e-08 -5.135e-01  2.410e-06  1.934e-06 -2.214e-06 -1.750e-07 
 -1.025e-08  1.042e-06  1.035e-01 -4.934e-07 -2.126e-07  3.389e-07  5.585e-08 
 -5.135e-01  1.035e-01  4.865e+08 -1.810e+03 -7.137e+02  9.622e+02  3.217e+02 
  2.410e-06 -4.934e-07 -1.810e+03  6.794e-03  2.654e-03 -3.583e-03 -1.199e-03 
  1.934e-06 -2.126e-07 -7.137e+02  2.654e-03  1.099e-03 -1.415e-03 -4.727e-04 
 -2.214e-06  3.389e-07  9.622e+02 -3.583e-03 -1.415e-03  1.951e-03  6.359e-04 
 -1.750e-07  5.585e-08  3.217e+02 -1.199e-03 -4.727e-04  6.359e-04  2.644e-04 
 PARAMETER  CORRELATION COEFFICIENTS  
       NO.  GLOBAL     10     11     20     21     22     23     24
       10  0.23011   1.000 -0.010 -0.022  0.028  0.055 -0.048 -0.010
       11  0.02509  -0.010  1.000  0.005 -0.006 -0.006  0.008  0.003
       20  0.99715  -0.022  0.005  1.000 -0.996 -0.976  0.988  0.897
       21  0.99570   0.028 -0.006 -0.996  1.000  0.971 -0.984 -0.895
       22  0.97670   0.055 -0.006 -0.976  0.971  1.000 -0.966 -0.877
       23  0.98811  -0.048  0.008  0.988 -0.984 -0.966  1.000  0.885
       24  0.89737  -0.010  0.003  0.897 -0.895 -0.877  0.885  1.000
MINUIT - FIT ONLY 2-y
 **********
 **   67 **RES 
 **********
                   PARAMETER   16  beta_vw RESTORED TO VARIABLE.
                   PARAMETER   14  alpha_vw RESTORED TO VARIABLE.
                   PARAMETER   13  beta_y RESTORED TO VARIABLE.
                   PARAMETER    9  alpha_2CBO RESTORED TO VARIABLE.
                   PARAMETER    8  beta_CBO RESTORED TO VARIABLE.
                   PARAMETER    6  alpha_CBO RESTORED TO VARIABLE.
                   PARAMETER    4  phi RESTORED TO VARIABLE.
                   PARAMETER    3  A0 RESTORED TO VARIABLE.
                   PARAMETER    1  N0 RESTORED TO VARIABLE.
 **********
 **   68 **FIX            0
 **********
 PARAMETER    0  IS UNDEFINED. IGNORED.
 **********
 **   69 **FIX            1
 **********
 **********
 **   70 **FIX            2
 **********
 PARAMETER    2  IS CONSTANT.   IGNORED.
 **********
 **   71 **FIX            3
 **********
 **********
 **   72 **FIX            4
 **********
 **********
 **   73 **FIX            5
 **********
 PARAMETER    5  IS CONSTANT.   IGNORED.
 **********
 **   74 **FIX            6
 **********
 **********
 **   75 **FIX            7
 **********
 PARAMETER    7  IS CONSTANT.   IGNORED.
 **********
 **   76 **FIX            8
 **********
 **********
 **   77 **FIX            9
 **********
 **********
 **   78 **FIX           10
 **********
 **********
 **   79 **FIX           11
 **********
 **********
 **   80 **FIX           12
 **********
 PARAMETER   12  IS CONSTANT.   IGNORED.
 **********
 **   81 **FIX           16
 **********
 **********
 **   82 **MIGRAD
 **********
 START MIGRAD MINIMIZATION.  STRATEGY  1.  CONVERGENCE WHEN EDM .LT. 1.00e-04
 FCN=57.8878 FROM MIGRAD    STATUS=INITIATE       16 CALLS        3118 TOTAL
                     EDM= unknown      STRATEGY= 1      NO ERROR MATRIX       
  EXT PARAMETER               CURRENT GUESS       STEP         FIRST   
  NO.   NAME      VALUE            ERROR          SIZE      DERIVATIVE 
   1  N0           3.18702e+06     fixed    
   2  tau          6.44064e+01   constant   
   3  A0           3.44087e-01     fixed    
   4  phi          4.11523e+00     fixed    
   5  R           -6.06001e+01   constant   
   6  alpha_CBO   -4.33688e-04     fixed    
   7  w_CBO        2.32500e+00   constant   
   8  beta_CBO     2.36541e-03     fixed    
   9  alpha_2CBO   2.04966e-04     fixed    
  10  beta_2CBO   -7.77398e-04     fixed    
  11  alpha_y      8.06756e-04     fixed    
  12  w_y          1.38860e+01   constant   
  13  beta_y       7.71956e-04   1.00549e-03   1.00549e-03   1.83186e+01
  14  alpha_vw     0.00000e+00   1.00000e-03   1.00000e-03  -3.37941e+03
