 + ++++++++++++++++++++++++++++++++++++++++++++++++++++++++++++++++++++ +
 +                                                                      +
 +           You have chose to blind your fitting according to          +
 +                omega_ref * (1 + (R +/- deltaR) *10^{-6})             +
 +                                                                      +
 + ++++++++++++++++++++++++++++++++++++++++++++++++++++++++++++++++++++ +
In main()...
reading format from /gm2data/zkhechad/run45/envelope/formats/formatB_sBin_constraintOn.txt
pBinTau 	= 0  
pBinPhi 	= 0  
constraintau 	= 1 
includeMopTerm 	= 0    
constrainMop    = 0   
Parameters after format file: pBinTau 0 pBinPhi 0 constraintau 1 includeMopTerm 0 constrainMop 0 c_e_scale 0.000000 
Opening file /gm2data/tbarrett/gm2fr/studies/run23_bunch_corrections/CorrectedFourier_Run3b.root.
reading full fit data from /gm2data/zkhechad/cboTemplates/Run4CBOTemplates/fullFits/noRF/sBin_constraintOn_cE0.0_seed0_noRF_calo3.root
windowBins = 69
fitting sliding window 910 from bin 1046 at 155.914000 to bin 1115 at 166.358000 (69 bins)

Reading data from /gm2data/cornell/histograms/aMethod/histogram_a_noRF.root
 **********
 **    1 **SET PRINTOUT            1
 **********
 **********
 **    2 **SET NOWARNINGS 
 **********
 PARAMETER DEFINITIONS:
    NO.   NAME         VALUE      STEP SIZE      LIMITS
     1 N0           2.88710e+06  1.00000e+02     no limits
     2 tau          6.43977e+01  constant
     3 A0           3.56389e-01  1.00000e-04     no limits
     4 phi          4.11721e+00  1.00000e-02     no limits
     5 R           -6.10082e+01  constant
     6 alpha_CBO    0.00000e+00  1.00000e-03     no limits
     7 w_CBO        2.32500e+00  constant
     8 beta_CBO     0.00000e+00  1.00000e-03     no limits
     9 alpha_2CBO   0.00000e+00  1.00000e-03     no limits
    10 beta_2CBO    0.00000e+00  1.00000e-03     no limits
    11 alpha_y      0.00000e+00  1.00000e-03     no limits
    12 w_y          1.38860e+01  constant
    13 beta_y       0.00000e+00  1.00000e-03     no limits
    14 alpha_vw     0.00000e+00  1.00000e-03     no limits
    15 w_vw         1.43404e+01  constant
    16 beta_vw      0.00000e+00  1.00000e-03     no limits
    17 LM          -2.57919e-04  constant
    18 zeta_y       0.00000e+00  constant
    19 zeta_vw      0.00000e+00  constant
    20 T_CBO        1.00000e+02  1.00000e+00    0.00000e+00  1.00000e+03
    21 alpha_A0     0.00000e+00  1.00000e-03     no limits
    22 beta_A0      0.00000e+00  1.00000e-03     no limits
    23 alpha_phi    0.00000e+00  1.00000e-03     no limits
    24 beta_phi     0.00000e+00  1.00000e-03     no limits
MINUIT - FIT ONLY WIGGLE
 **********
 **    3 **FIX            5
 **********
 PARAMETER    5  IS CONSTANT.   IGNORED.
 **********
 **    4 **FIX            6
 **********
 **********
 **    5 **FIX            7
 **********
 PARAMETER    7  IS CONSTANT.   IGNORED.
 **********
 **    6 **FIX            8
 **********
 **********
 **    7 **FIX            9
 **********
 **********
 **    8 **FIX           10
 **********
 **********
 **    9 **FIX           11
 **********
 **********
 **   10 **FIX           12
 **********
 PARAMETER   12  IS CONSTANT.   IGNORED.
 **********
 **   11 **FIX           13
 **********
 **********
 **   12 **FIX           14
 **********
 **********
 **   13 **FIX           15
 **********
 PARAMETER   15  IS CONSTANT.   IGNORED.
 **********
 **   14 **FIX           16
 **********
 **********
 **   15 **MIGRAD
 **********
 FIRST CALL TO USER FUNCTION AT NEW START POINT, WITH IFLAG=4.
 START MIGRAD MINIMIZATION.  STRATEGY  1.  CONVERGENCE WHEN EDM .LT. 1.00e-04
 FCN=359.856 FROM MIGRAD    STATUS=INITIATE      437 CALLS         438 TOTAL
                     EDM= unknown      STRATEGY= 1      NO ERROR MATRIX       
  EXT PARAMETER               CURRENT GUESS       STEP         FIRST   
  NO.   NAME      VALUE            ERROR          SIZE      DERIVATIVE 
   1  N0           2.88710e+06   1.00000e+02   0.00000e+00   1.07577e-02
   2  tau          6.43977e+01   constant   
   3  A0           3.56389e-01   1.00000e-04   0.00000e+00  -7.22883e+03
   4  phi          4.11721e+00   1.00000e-02   0.00000e+00   1.11640e+04
   5  R           -6.10082e+01   constant   
   6  alpha_CBO    0.00000e+00     fixed    
   7  w_CBO        2.32500e+00   constant   
   8  beta_CBO     0.00000e+00     fixed    
   9  alpha_2CBO   0.00000e+00     fixed    
  10  beta_2CBO    0.00000e+00     fixed    
  11  alpha_y      0.00000e+00     fixed    
  12  w_y          1.38860e+01   constant   
  13  beta_y       0.00000e+00     fixed    
  14  alpha_vw     0.00000e+00     fixed    
  15  w_vw         1.43404e+01   constant   
  16  beta_vw      0.00000e+00     fixed    
  17  LM          -2.57919e-04   constant   
  18  zeta_y       0.00000e+00   constant   
  19  zeta_vw      0.00000e+00   constant   
  20  T_CBO        1.00000e+02   1.00000e+00   0.00000e+00   0.00000e+00
  21  alpha_A0     0.00000e+00   1.00000e-03   0.00000e+00  -9.33785e+00
  22  beta_A0      0.00000e+00   1.00000e-03   0.00000e+00   1.20351e+03
  23  alpha_phi    0.00000e+00   1.00000e-03   0.00000e+00  -3.17398e+02
  24  beta_phi     0.00000e+00   1.00000e-03   0.00000e+00   8.03878e+02
 CALL LIMIT EXCEEDED IN MIGRAD.
 MIGRAD TERMINATED WITHOUT CONVERGENCE.
 FCN=336.168 FROM MIGRAD    STATUS=CALL LIMIT   1329 CALLS        1330 TOTAL
                     EDM=0.0243441    STRATEGY= 1  ERROR MATRIX UNCERTAINTY   0.3 per cent
  EXT PARAMETER                APPROXIMATE        STEP         FIRST   
  NO.   NAME      VALUE            ERROR          SIZE      DERIVATIVE 
   1  N0           2.88620e+06   4.42891e+02   6.35890e+00  -3.74244e-05
   2  tau          6.43977e+01   constant   
   3  A0           3.56586e-01   2.02408e-04  -1.30957e-06   5.83826e+01
   4  phi          4.11563e+00   5.94123e-04  -4.14812e-05  -2.17971e+02
   5  R           -6.10082e+01   constant   
   6  alpha_CBO    0.00000e+00     fixed    
   7  w_CBO        2.32500e+00   constant   
   8  beta_CBO     0.00000e+00     fixed    
   9  alpha_2CBO   0.00000e+00     fixed    
  10  beta_2CBO    0.00000e+00     fixed    
  11  alpha_y      0.00000e+00     fixed    
  12  w_y          1.38860e+01   constant   
  13  beta_y       0.00000e+00     fixed    
  14  alpha_vw     0.00000e+00     fixed    
  15  w_vw         1.43404e+01   constant   
  16  beta_vw      0.00000e+00     fixed    
  17  LM          -2.57919e-04   constant   
  18  zeta_y       0.00000e+00   constant   
  19  zeta_vw      0.00000e+00   constant   
  20  T_CBO        2.66913e+01   7.00857e+00  -4.85558e-03  -2.36012e+01
  21  alpha_A0     1.83416e-01   2.29767e-01   2.70734e-02   5.92748e-01
  22  beta_A0     -7.05669e-01   9.10495e-01  -1.07524e-01   6.36717e-01
  23  alpha_phi    2.28669e-01   2.94877e-01   3.47646e-02   7.22137e-01
  24  beta_phi    -7.05106e-01   9.06954e-01  -1.07105e-01   8.81530e-01
 EXTERNAL ERROR MATRIX.    NDIM=  25    NPAR=  8    ERR DEF=1
  1.962e+05 -1.475e-04 -4.417e-02 -5.216e+01  1.815e+00 -9.302e+00  2.725e+00 -8.765e+00 
 -1.475e-04  4.097e-08  2.796e-09  2.906e-05 -3.692e-07  1.991e-06 -6.577e-07  1.859e-06 
 -4.417e-02  2.796e-09  3.530e-07  3.677e-06 -1.720e-05  7.084e-05 -2.223e-05  7.069e-05 
 -5.216e+01  2.906e-05  3.677e-06  4.915e+01 -1.582e+00  6.266e+00 -2.031e+00  6.241e+00 
  1.815e+00 -3.692e-07 -1.720e-05 -1.582e+00  5.279e-02 -2.092e-01  6.774e-02 -2.083e-01 
 -9.302e+00  1.991e-06  7.084e-05  6.266e+00 -2.092e-01  8.290e-01 -2.684e-01  8.258e-01 
  2.725e+00 -6.577e-07 -2.223e-05 -2.031e+00  6.774e-02 -2.684e-01  8.695e-02 -2.674e-01 
 -8.765e+00  1.859e-06  7.069e-05  6.241e+00 -2.083e-01  8.258e-01 -2.674e-01  8.226e-01 
ERR MATRIX APPROXIMATE
 PARAMETER  CORRELATION COEFFICIENTS  
       NO.  GLOBAL      1      3      4     20     21     22     23     24
        1  0.39355   1.000 -0.002 -0.168 -0.017  0.018 -0.023  0.021 -0.022
        3  0.22489  -0.002  1.000  0.023  0.020 -0.008  0.011 -0.011  0.010
        4  0.70058  -0.168  0.023  1.000  0.001 -0.126  0.131 -0.127  0.131
       20  0.99066  -0.017  0.020  0.001  1.000 -0.982  0.982 -0.982  0.981
       21  0.99985   0.018 -0.008 -0.126 -0.982  1.000 -1.000  1.000 -1.000
       22  0.99999  -0.023  0.011  0.131  0.982 -1.000  1.000 -1.000  1.000
       23  0.99989   0.021 -0.011 -0.127 -0.982  1.000 -1.000  1.000 -1.000
       24  0.99998  -0.022  0.010  0.131  0.981 -1.000  1.000 -1.000  1.000
 ERR MATRIX APPROXIMATE
MINUIT - FIT ONLY 1-CBO + wiggle
 **********
 **   16 **RES 
 **********
                   PARAMETER   16  beta_vw RESTORED TO VARIABLE.
                   PARAMETER   14  alpha_vw RESTORED TO VARIABLE.
                   PARAMETER   13  beta_y RESTORED TO VARIABLE.
                   PARAMETER   11  alpha_y RESTORED TO VARIABLE.
                   PARAMETER   10  beta_2CBO RESTORED TO VARIABLE.
                   PARAMETER    9  alpha_2CBO RESTORED TO VARIABLE.
                   PARAMETER    8  beta_CBO RESTORED TO VARIABLE.
                   PARAMETER    6  alpha_CBO RESTORED TO VARIABLE.
 **********
 **   17 **FIX            8
 **********
 **********
 **   18 **FIX            9
 **********
 **********
 **   19 **FIX           11
 **********
 **********
 **   20 **FIX           12
 **********
 PARAMETER   12  IS CONSTANT.   IGNORED.
 **********
 **   21 **FIX           14
 **********
 **********
 **   22 **FIX           15
 **********
 PARAMETER   15  IS CONSTANT.   IGNORED.
 **********
 **   23 **FIX           16
 **********
 **********
 **   24 **MIGRAD
 **********
 START MIGRAD MINIMIZATION.  STRATEGY  1.  CONVERGENCE WHEN EDM .LT. 1.00e-04
 FCN=336.168 FROM MIGRAD    STATUS=INITIATE       28 CALLS        1358 TOTAL
                     EDM= unknown      STRATEGY= 1      NO ERROR MATRIX       
  EXT PARAMETER               CURRENT GUESS       STEP         FIRST   
  NO.   NAME      VALUE            ERROR          SIZE      DERIVATIVE 
   1  N0           2.88620e+06   4.42891e+02   6.35890e+00  -3.74244e-05
   2  tau          6.43977e+01   constant   
   3  A0           3.56586e-01   2.02408e-04  -1.30957e-06   5.83826e+01
   4  phi          4.11563e+00   5.94123e-04  -4.14812e-05  -2.17971e+02
   5  R           -6.10082e+01   constant   
   6  alpha_CBO    0.00000e+00   1.00000e-03   1.00000e-03   9.59568e+04
   7  w_CBO        2.32500e+00   constant   
   8  beta_CBO     0.00000e+00     fixed    
   9  alpha_2CBO   0.00000e+00     fixed    
  10  beta_2CBO    0.00000e+00   1.00000e-03   1.00000e-03   2.86882e+04
  11  alpha_y      0.00000e+00     fixed    
  12  w_y          1.38860e+01   constant   
  13  beta_y       0.00000e+00   1.00000e-03   1.00000e-03  -1.52639e+04
  14  alpha_vw     0.00000e+00     fixed    
  15  w_vw         1.43404e+01   constant   
  16  beta_vw      0.00000e+00     fixed    
  17  LM          -2.57919e-04   constant   
  18  zeta_y       0.00000e+00   constant   
  19  zeta_vw      0.00000e+00   constant   
  20  T_CBO        2.66913e+01   7.00857e+00  -4.85558e-03  -2.36014e+01
  21  alpha_A0     1.83416e-01   2.29767e-01   2.70734e-02   5.92748e-01
  22  beta_A0     -7.05669e-01   9.10495e-01  -1.07524e-01   6.36717e-01
  23  alpha_phi    2.28669e-01   2.94877e-01   3.47646e-02   7.22137e-01
  24  beta_phi    -7.05106e-01   9.06954e-01  -1.07105e-01   8.81530e-01
 MIGRAD MINIMIZATION HAS CONVERGED.
 MIGRAD WILL VERIFY CONVERGENCE AND ERROR MATRIX.
 FCN=213.836 FROM MIGRAD    STATUS=CONVERGED     295 CALLS        1625 TOTAL
                     EDM=2.92746e-05    STRATEGY= 1      ERR MATRIX NOT POS-DEF
  EXT PARAMETER                APPROXIMATE        STEP         FIRST   
  NO.   NAME      VALUE            ERROR          SIZE      DERIVATIVE 
   1  N0           2.88646e+06   4.51134e+02   3.01666e+00  -1.30966e-06
   2  tau          6.43977e+01   constant   
   3  A0           3.56993e-01   2.07542e-04   1.41139e-06   1.78435e+00
   4  phi          4.11633e+00   5.81497e-04   3.95308e-06  -2.14649e-01
   5  R           -6.10082e+01   constant   
   6  alpha_CBO   -2.30683e-03   2.18934e-04   1.49625e-06  -4.78804e-01
   7  w_CBO        2.32500e+00   constant   
   8  beta_CBO     0.00000e+00     fixed    
   9  alpha_2CBO   0.00000e+00     fixed    
  10  beta_2CBO   -6.21475e-04   2.14454e-04   1.49335e-06  -1.10894e-01
  11  alpha_y      0.00000e+00     fixed    
  12  w_y          1.38860e+01   constant   
  13  beta_y       3.39757e-04   2.05572e-04   1.47182e-06   3.75647e+00
  14  alpha_vw     0.00000e+00     fixed    
  15  w_vw         1.43404e+01   constant   
  16  beta_vw      0.00000e+00     fixed    
  17  LM          -2.57919e-04   constant   
  18  zeta_y       0.00000e+00   constant   
  19  zeta_vw      0.00000e+00   constant   
  20  T_CBO        2.67850e+01   1.56377e+01   4.58431e-05   4.83861e-02
  21  alpha_A0     8.70898e-01   3.05414e+00   2.29286e-03  -1.70041e-03
  22  beta_A0     -7.09565e-01   2.51171e+00   2.20048e-03  -1.16310e-03
  23  alpha_phi   -3.40146e-01   1.22910e+00   2.19753e-03  -1.48179e-03
  24  beta_phi    -8.21472e-01   2.87219e+00   2.26350e-03   8.26259e-04
 EXTERNAL ERROR MATRIX.    NDIM=  25    NPAR= 11    ERR DEF=1
  2.035e+05 
  1.021e-03  4.307e-08 
 -4.537e-02  3.812e-09  3.381e-07 
 -6.006e-03 -8.022e-09 -1.630e-08  4.793e-08 
  3.361e-03 -2.764e-10  5.458e-09 -6.046e-10  4.599e-08 
  9.902e-04  1.286e-09 -2.678e-11 -5.029e-10  6.874e-10  4.226e-08 
 -2.272e+02  5.961e-05  1.800e-03 -2.992e-05 -8.868e-05 -7.985e-06  2.453e+02 
  2.052e+01 -1.476e-06 -3.423e-04 -7.056e-06  1.058e-05  1.754e-06 -4.755e+01  9.328e+00 
 -5.082e+01  1.051e-05  2.944e-04 -2.589e-06 -2.260e-05 -1.860e-06  3.903e+01 -7.565e+00  6.309e+00 
 -3.741e+01 -7.845e-07  1.569e-04  5.743e-06  2.085e-06 -1.961e-06  1.859e+01 -3.609e+00  2.955e+00  1.511e+00 
 -1.458e+01 -5.705e-06  3.270e-04 -2.228e-06 -2.254e-05 -3.615e-06  4.468e+01 -8.671e+00  7.112e+00  3.394e+00  8.249e+00 
ERR MATRIX NOT POS-DEF
 PARAMETER  CORRELATION COEFFICIENTS  
       NO.  GLOBAL      1      3      4      6     10     13     20     21     22     23     24
        1  0.35363   1.000  0.011 -0.173 -0.061  0.035  0.011 -0.032  0.015 -0.045 -0.067 -0.011
        3  0.31600   0.011  1.000  0.032 -0.177 -0.006  0.030  0.018 -0.002  0.020 -0.003 -0.010
        4  0.31698  -0.173  0.032  1.000 -0.128  0.044 -0.000  0.198 -0.193  0.202  0.220  0.196
        6  0.30148  -0.061 -0.177 -0.128  1.000 -0.013 -0.011 -0.009 -0.011 -0.005  0.021 -0.004
       10  0.23702   0.035 -0.006  0.044 -0.013  1.000  0.016 -0.026  0.016 -0.042  0.008 -0.037
       13  0.04759   0.011  0.030 -0.000 -0.011  0.016  1.000 -0.002  0.003 -0.004 -0.008 -0.006
       20  0.99782  -0.032  0.018  0.198 -0.009 -0.026 -0.002  1.000 -0.994  0.992  0.966  0.993
       21  0.99450   0.015 -0.002 -0.193 -0.011  0.016  0.003 -0.994  1.000 -0.986 -0.961 -0.989
       22  0.99250  -0.045  0.020  0.202 -0.005 -0.042 -0.004  0.992 -0.986  1.000  0.957  0.986
       23  0.96839  -0.067 -0.003  0.220  0.021  0.008 -0.008  0.966 -0.961  0.957  1.000  0.961
       24  0.99394  -0.011 -0.010  0.196 -0.004 -0.037 -0.006  0.993 -0.989  0.986  0.961  1.000
 ERR MATRIX NOT POS-DEF
MINUIT - FIT ONLY 2-CBO
 **********
 **   25 **RES 
 **********
                   PARAMETER   16  beta_vw RESTORED TO VARIABLE.
                   PARAMETER   14  alpha_vw RESTORED TO VARIABLE.
                   PARAMETER   11  alpha_y RESTORED TO VARIABLE.
                   PARAMETER    9  alpha_2CBO RESTORED TO VARIABLE.
                   PARAMETER    8  beta_CBO RESTORED TO VARIABLE.
 **********
 **   26 **FIX            0
 **********
 PARAMETER    0  IS UNDEFINED. IGNORED.
 **********
 **   27 **FIX            1
 **********
 **********
 **   28 **FIX            2
 **********
 PARAMETER    2  IS CONSTANT.   IGNORED.
 **********
 **   29 **FIX            3
 **********
 **********
 **   30 **FIX            4
 **********
 **********
 **   31 **FIX            5
 **********
 PARAMETER    5  IS CONSTANT.   IGNORED.
 **********
 **   32 **FIX            6
 **********
 **********
 **   33 **FIX            7
 **********
 PARAMETER    7  IS CONSTANT.   IGNORED.
 **********
 **   34 **FIX           10
 **********
 **********
 **   35 **FIX           11
 **********
 **********
 **   36 **FIX           12
 **********
 PARAMETER   12  IS CONSTANT.   IGNORED.
 **********
 **   37 **FIX           13
 **********
 **********
 **   38 **FIX           14
 **********
 **********
 **   39 **FIX           15
 **********
 PARAMETER   15  IS CONSTANT.   IGNORED.
 **********
 **   40 **FIX           16
 **********
 **********
 **   41 **MIGRAD
 **********
 START MIGRAD MINIMIZATION.  STRATEGY  1.  CONVERGENCE WHEN EDM .LT. 1.00e-04
 FCN=213.836 FROM MIGRAD    STATUS=INITIATE       18 CALLS        1643 TOTAL
                     EDM= unknown      STRATEGY= 1      NO ERROR MATRIX       
  EXT PARAMETER               CURRENT GUESS       STEP         FIRST   
  NO.   NAME      VALUE            ERROR          SIZE      DERIVATIVE 
   1  N0           2.88646e+06     fixed    
   2  tau          6.43977e+01   constant   
   3  A0           3.56993e-01     fixed    
   4  phi          4.11633e+00     fixed    
   5  R           -6.10082e+01   constant   
   6  alpha_CBO   -2.30683e-03     fixed    
   7  w_CBO        2.32500e+00   constant   
   8  beta_CBO     0.00000e+00   1.00000e-03   1.00000e-03   1.16666e+05
   9  alpha_2CBO   0.00000e+00   1.00000e-03   1.00000e-03   2.72825e+04
  10  beta_2CBO   -6.21475e-04     fixed    
  11  alpha_y      0.00000e+00     fixed    
  12  w_y          1.38860e+01   constant   
  13  beta_y       3.39757e-04     fixed    
  14  alpha_vw     0.00000e+00     fixed    
  15  w_vw         1.43404e+01   constant   
  16  beta_vw      0.00000e+00     fixed    
  17  LM          -2.57919e-04   constant   
  18  zeta_y       0.00000e+00   constant   
  19  zeta_vw      0.00000e+00   constant   
  20  T_CBO        2.67850e+01   1.56377e+01   4.58431e-05   4.97080e-02
  21  alpha_A0     8.70898e-01   3.05414e+00   2.29286e-03  -1.70041e-03
  22  beta_A0     -7.09565e-01   2.51171e+00   2.20048e-03  -1.16303e-03
  23  alpha_phi   -3.40146e-01   1.22910e+00   2.19753e-03  -1.48179e-03
  24  beta_phi    -8.21472e-01   2.87219e+00   2.26350e-03   8.26266e-04
 CALL LIMIT EXCEEDED IN MIGRAD.
 MIGRAD TERMINATED WITHOUT CONVERGENCE.
 FCN=60.5809 FROM MIGRAD    STATUS=CALL LIMIT   1148 CALLS        2773 TOTAL
                     EDM=0.00013211    STRATEGY= 1  ERROR MATRIX UNCERTAINTY   9.6 per cent
  EXT PARAMETER                APPROXIMATE        STEP         FIRST   
  NO.   NAME      VALUE            ERROR          SIZE      DERIVATIVE 
   1  N0           2.88646e+06     fixed    
   2  tau          6.43977e+01   constant   
   3  A0           3.56993e-01     fixed    
   4  phi          4.11633e+00     fixed    
   5  R           -6.10082e+01   constant   
   6  alpha_CBO   -2.30683e-03     fixed    
   7  w_CBO        2.32500e+00   constant   
   8  beta_CBO    -2.51791e-03   2.17078e-04  -1.48884e-06  -1.58723e+01
   9  alpha_2CBO  -4.78968e-04   2.12849e-04  -3.37446e-07  -5.52031e-01
  10  beta_2CBO   -6.21475e-04     fixed    
  11  alpha_y      0.00000e+00     fixed    
  12  w_y          1.38860e+01   constant   
  13  beta_y       3.39757e-04     fixed    
  14  alpha_vw     0.00000e+00     fixed    
  15  w_vw         1.43404e+01   constant   
  16  beta_vw      0.00000e+00     fixed    
  17  LM          -2.57919e-04   constant   
  18  zeta_y       0.00000e+00   constant   
  19  zeta_vw      0.00000e+00   constant   
  20  T_CBO        1.64762e+01   7.05979e+00  -4.33928e-04  -5.50652e+00
  21  alpha_A0     3.27658e+01   1.26159e+02   9.98298e-01  -3.08043e-03
  22  beta_A0     -3.58222e+00   1.18306e+01  -7.63455e-02   6.09430e-03
  23  alpha_phi   -1.23257e+01   4.81680e+01  -3.89336e-01   1.70779e-03
  24  beta_phi    -3.49184e+01   1.39303e+02  -1.07542e+00  -1.67182e-03
 EXTERNAL ERROR MATRIX.    NDIM=  25    NPAR=  7    ERR DEF=1
  4.712e-08 -5.717e-10  1.228e-04 -2.782e-03  7.746e-05  1.199e-03  2.721e-03 
 -5.717e-10  4.530e-08 -8.898e-05  1.493e-03 -2.022e-04 -5.129e-04 -1.830e-03 
  1.228e-04 -8.898e-05  4.989e+01 -8.901e+02  7.847e+01  3.382e+02  9.822e+02 
 -2.782e-03  1.493e-03 -8.901e+02  1.592e+04 -1.389e+03 -6.058e+03 -1.753e+04 
  7.746e-05 -2.022e-04  7.847e+01 -1.389e+03  1.400e+02  5.127e+02  1.572e+03 
  1.199e-03 -5.129e-04  3.382e+02 -6.058e+03  5.127e+02  2.320e+03  6.637e+03 
  2.721e-03 -1.830e-03  9.822e+02 -1.753e+04  1.572e+03  6.637e+03  1.941e+04 
ERR MATRIX APPROXIMATE
 PARAMETER  CORRELATION COEFFICIENTS  
       NO.  GLOBAL      8      9     20     21     22     23     24
        8  0.47583   1.000 -0.012  0.080 -0.102  0.030  0.115  0.090
        9  0.20636  -0.012  1.000 -0.059  0.056 -0.080 -0.050 -0.062
       20  0.99938   0.080 -0.059  1.000 -0.999  0.939  0.994  0.998
       21  0.99999  -0.102  0.056 -0.999  1.000 -0.931 -0.997 -0.998
       22  0.99929   0.030 -0.080  0.939 -0.931  1.000  0.900  0.954
       23  0.99996   0.115 -0.050  0.994 -0.997  0.900  1.000  0.989
       24  0.99998   0.090 -0.062  0.998 -0.998  0.954  0.989  1.000
 ERR MATRIX APPROXIMATE
MINUIT - FIT wiggle + 1-CBO + 2-CBO
 **********
 **   42 **RES 
 **********
                   PARAMETER   16  beta_vw RESTORED TO VARIABLE.
                   PARAMETER   14  alpha_vw RESTORED TO VARIABLE.
                   PARAMETER   13  beta_y RESTORED TO VARIABLE.
                   PARAMETER   11  alpha_y RESTORED TO VARIABLE.
                   PARAMETER   10  beta_2CBO RESTORED TO VARIABLE.
                   PARAMETER    6  alpha_CBO RESTORED TO VARIABLE.
                   PARAMETER    4  phi RESTORED TO VARIABLE.
                   PARAMETER    3  A0 RESTORED TO VARIABLE.
                   PARAMETER    1  N0 RESTORED TO VARIABLE.
 **********
 **   43 **FIX           10
 **********
 **********
 **   44 **FIX           11
 **********
 **********
 **   45 **FIX           12
 **********
 PARAMETER   12  IS CONSTANT.   IGNORED.
 **********
 **   46 **FIX           13
 **********
 **********
 **   47 **FIX           14
 **********
 **********
 **   48 **FIX           15
 **********
 PARAMETER   15  IS CONSTANT.   IGNORED.
 **********
 **   49 **FIX           16
 **********
 **********
 **   50 **MIGRAD
 **********
 START MIGRAD MINIMIZATION.  STRATEGY  1.  CONVERGENCE WHEN EDM .LT. 1.00e-04
 FCN=60.5809 FROM MIGRAD    STATUS=INITIATE       22 CALLS        2795 TOTAL
                     EDM= unknown      STRATEGY= 1      NO ERROR MATRIX       
  EXT PARAMETER               CURRENT GUESS       STEP         FIRST   
  NO.   NAME      VALUE            ERROR          SIZE      DERIVATIVE 
   1  N0           2.88646e+06   4.51134e+02   4.51134e+02   1.23894e-03
   2  tau          6.43977e+01   constant   
   3  A0           3.56993e-01   2.07542e-04   2.07542e-04   2.43645e+04
   4  phi          4.11633e+00   5.81497e-04   5.81497e-04  -4.53732e+03
   5  R           -6.10082e+01   constant   
   6  alpha_CBO   -2.30683e-03   2.18934e-04   2.18934e-04   2.03267e+03
   7  w_CBO        2.32500e+00   constant   
   8  beta_CBO    -2.51791e-03   2.17078e-04  -1.48884e-06  -1.58723e+01
   9  alpha_2CBO  -4.78968e-04   2.12849e-04  -3.37446e-07  -5.52029e-01
  10  beta_2CBO   -6.21475e-04     fixed    
  11  alpha_y      0.00000e+00     fixed    
  12  w_y          1.38860e+01   constant   
  13  beta_y       3.39757e-04     fixed    
  14  alpha_vw     0.00000e+00     fixed    
  15  w_vw         1.43404e+01   constant   
  16  beta_vw      0.00000e+00     fixed    
  17  LM          -2.57919e-04   constant   
  18  zeta_y       0.00000e+00   constant   
  19  zeta_vw      0.00000e+00   constant   
  20  T_CBO        1.64762e+01   7.05979e+00  -4.33928e-04  -5.50653e+00
  21  alpha_A0     3.27658e+01   1.26159e+02   9.98298e-01  -3.08043e-03
  22  beta_A0     -3.58222e+00   1.18306e+01  -7.63455e-02   6.09430e-03
  23  alpha_phi   -1.23257e+01   4.81680e+01  -3.89336e-01   1.70779e-03
  24  beta_phi    -3.49184e+01   1.39303e+02  -1.07542e+00  -1.67182e-03
 CALL LIMIT EXCEEDED IN MIGRAD.
 MIGRAD TERMINATED WITHOUT CONVERGENCE.
 FCN=51.227 FROM MIGRAD    STATUS=CALL LIMIT   1911 CALLS        4684 TOTAL
                     EDM=0.0175834    STRATEGY= 1  ERROR MATRIX UNCERTAINTY   1.3 per cent
  EXT PARAMETER                APPROXIMATE        STEP         FIRST   
  NO.   NAME      VALUE            ERROR          SIZE      DERIVATIVE 
   1  N0           2.88618e+06   4.36066e+02  -3.40430e+00  -1.36422e-04
   2  tau          6.43977e+01   constant   
   3  A0           3.56440e-01   2.09835e-04   4.08424e-07   1.85603e+02
   4  phi          4.11725e+00   5.63567e-04   2.13883e-06  -6.64979e+01
   5  R           -6.10082e+01   constant   
   6  alpha_CBO   -2.29111e-03   2.08086e-04  -3.32962e-07  -2.01708e+02
   7  w_CBO        2.32500e+00   constant   
   8  beta_CBO    -2.65893e-03   2.01874e-04   7.36162e-07   6.73719e+01
   9  alpha_2CBO  -5.28619e-04   2.01300e-04  -2.89629e-07   4.58551e+01
  10  beta_2CBO   -6.21475e-04     fixed    
  11  alpha_y      0.00000e+00     fixed    
  12  w_y          1.38860e+01   constant   
  13  beta_y       3.39757e-04     fixed    
  14  alpha_vw     0.00000e+00     fixed    
  15  w_vw         1.43404e+01   constant   
  16  beta_vw      0.00000e+00     fixed    
  17  LM          -2.57919e-04   constant   
  18  zeta_y       0.00000e+00   constant   
  19  zeta_vw      0.00000e+00   constant   
  20  T_CBO        4.40042e+01   2.15716e+01   6.64625e-03  -5.65485e+00
  21  alpha_A0     7.18643e-02   1.48451e-01  -1.06633e-02   7.48051e-02
  22  beta_A0     -4.48789e-03   6.47604e-02  -2.75188e-04  -8.93444e-01
  23  alpha_phi   -1.21835e-02   5.16959e-02   3.74882e-03   3.84174e+00
  24  beta_phi    -5.93296e-02   1.39510e-01   8.07027e-03   2.80009e+00
 EXTERNAL ERROR MATRIX.    NDIM=  25    NPAR= 11    ERR DEF=1
  1.902e+05 
 -4.212e-04  4.403e-08 
 -3.323e-02  1.469e-09  3.176e-07 
  1.514e-03 -7.521e-09 -1.737e-08  4.330e-08 
 -1.457e-03  8.396e-09 -7.603e-09  1.018e-09  4.075e-08 
  1.637e-03  1.862e-09 -4.696e-10 -4.392e-09  1.300e-09  4.052e-08 
 -1.633e+03  1.798e-04  4.014e-04 -4.050e-04  2.923e-04 -2.452e-04  4.671e+02 
  9.140e+00 -3.217e-07 -1.358e-06  1.589e-06 -1.625e-06  1.040e-06 -3.119e+00  2.204e-02 
 -3.164e+00 -4.975e-07  2.960e-06  3.004e-07 -1.984e-06  1.003e-07  2.643e-01 -2.052e-03  4.194e-03 
 -3.493e+00 -6.579e-07  3.586e-06  6.043e-07 -2.093e-07 -9.824e-07  8.896e-01 -5.959e-03  1.149e-03  2.672e-03 
 -5.079e+00 -1.175e-06  3.413e-06 -1.613e-06  1.060e-06 -2.514e-06  2.883e+00 -1.919e-02  2.138e-03  5.254e-03  1.946e-02 
ERR MATRIX APPROXIMATE
 PARAMETER  CORRELATION COEFFICIENTS  
       NO.  GLOBAL      1      3      4      6      8      9     20     21     22     23     24
        1  0.45374   1.000 -0.005 -0.135  0.017 -0.017  0.019 -0.173  0.141 -0.112 -0.155 -0.083
        3  0.43769  -0.005  1.000  0.012 -0.172  0.198  0.044  0.040 -0.010 -0.037 -0.061 -0.040
        4  0.32126  -0.135  0.012  1.000 -0.148 -0.067 -0.004  0.033 -0.016  0.081  0.123  0.043
        6  0.40499   0.017 -0.172 -0.148  1.000  0.024 -0.105 -0.090  0.051  0.022  0.056 -0.056
        8  0.28361  -0.017  0.198 -0.067  0.024  1.000  0.032  0.067 -0.054 -0.152 -0.020  0.038
        9  0.22950   0.019  0.044 -0.004 -0.105  0.032  1.000 -0.056  0.035  0.008 -0.094 -0.090
       20  0.99069  -0.173  0.040  0.033 -0.090  0.067 -0.056  1.000 -0.972  0.189  0.796  0.956
       21  0.97536   0.141 -0.010 -0.016  0.051 -0.054  0.035 -0.972  1.000 -0.213 -0.776 -0.927
       22  0.53735  -0.112 -0.037  0.081  0.022 -0.152  0.008  0.189 -0.213  1.000  0.343  0.237
       23  0.86802  -0.155 -0.061  0.123  0.056 -0.020 -0.094  0.796 -0.776  0.343  1.000  0.728
       24  0.97214  -0.083 -0.040  0.043 -0.056  0.038 -0.090  0.956 -0.927  0.237  0.728  1.000
 ERR MATRIX APPROXIMATE
MINUIT - FIT ONLY 1-y
 **********
 **   51 **RES 
 **********
                   PARAMETER   16  beta_vw RESTORED TO VARIABLE.
                   PARAMETER   14  alpha_vw RESTORED TO VARIABLE.
                   PARAMETER   13  beta_y RESTORED TO VARIABLE.
                   PARAMETER   11  alpha_y RESTORED TO VARIABLE.
                   PARAMETER   10  beta_2CBO RESTORED TO VARIABLE.
 **********
 **   52 **FIX            0
 **********
 PARAMETER    0  IS UNDEFINED. IGNORED.
 **********
 **   53 **FIX            1
 **********
 **********
 **   54 **FIX            2
 **********
 PARAMETER    2  IS CONSTANT.   IGNORED.
 **********
 **   55 **FIX            3
 **********
 **********
 **   56 **FIX            4
 **********
 **********
 **   57 **FIX            5
 **********
 PARAMETER    5  IS CONSTANT.   IGNORED.
 **********
 **   58 **FIX            6
 **********
 **********
 **   59 **FIX            7
 **********
 PARAMETER    7  IS CONSTANT.   IGNORED.
 **********
 **   60 **FIX            8
 **********
 **********
 **   61 **FIX            9
 **********
 **********
 **   62 **FIX           13
 **********
 **********
 **   63 **FIX           14
 **********
 **********
 **   64 **FIX           15
 **********
 PARAMETER   15  IS CONSTANT.   IGNORED.
 **********
 **   65 **FIX           16
 **********
 **********
 **   66 **MIGRAD
 **********
 START MIGRAD MINIMIZATION.  STRATEGY  1.  CONVERGENCE WHEN EDM .LT. 1.00e-04
 FCN=51.227 FROM MIGRAD    STATUS=INITIATE       16 CALLS        4700 TOTAL
                     EDM= unknown      STRATEGY= 1      NO ERROR MATRIX       
  EXT PARAMETER               CURRENT GUESS       STEP         FIRST   
  NO.   NAME      VALUE            ERROR          SIZE      DERIVATIVE 
   1  N0           2.88618e+06     fixed    
   2  tau          6.43977e+01   constant   
   3  A0           3.56440e-01     fixed    
   4  phi          4.11725e+00     fixed    
   5  R           -6.10082e+01   constant   
   6  alpha_CBO   -2.29111e-03     fixed    
   7  w_CBO        2.32500e+00   constant   
   8  beta_CBO    -2.65893e-03     fixed    
   9  alpha_2CBO  -5.28619e-04     fixed    
  10  beta_2CBO   -6.21475e-04   2.14454e-04   2.14454e-04  -7.73710e+03
  11  alpha_y      0.00000e+00   1.00000e-03   1.00000e-03  -8.49316e+01
  12  w_y          1.38860e+01   constant   
  13  beta_y       3.39757e-04     fixed    
  14  alpha_vw     0.00000e+00     fixed    
  15  w_vw         1.43404e+01   constant   
  16  beta_vw      0.00000e+00     fixed    
  17  LM          -2.57919e-04   constant   
  18  zeta_y       0.00000e+00   constant   
  19  zeta_vw      0.00000e+00   constant   
  20  T_CBO        4.40042e+01   2.15716e+01   6.64625e-03  -5.65483e+00
  21  alpha_A0     7.18643e-02   1.48451e-01  -1.06633e-02   7.48050e-02
  22  beta_A0     -4.48789e-03   6.47604e-02  -2.75188e-04  -8.93444e-01
  23  alpha_phi   -1.21835e-02   5.16959e-02   3.74882e-03   3.84174e+00
  24  beta_phi    -5.93296e-02   1.39510e-01   8.07027e-03   2.80009e+00
 MIGRAD MINIMIZATION HAS CONVERGED.
 MIGRAD WILL VERIFY CONVERGENCE AND ERROR MATRIX.
 COVARIANCE MATRIX CALCULATED SUCCESSFULLY
 FCN=50.1551 FROM MIGRAD    STATUS=CONVERGED    1189 CALLS        5873 TOTAL
                     EDM=4.96805e-06    STRATEGY= 1      ERROR MATRIX ACCURATE 
  EXT PARAMETER                                   STEP         FIRST   
  NO.   NAME      VALUE            ERROR          SIZE      DERIVATIVE 
   1  N0           2.88618e+06     fixed    
   2  tau          6.43977e+01   constant   
   3  A0           3.56440e-01     fixed    
   4  phi          4.11725e+00     fixed    
   5  R           -6.10082e+01   constant   
   6  alpha_CBO   -2.29111e-03     fixed    
   7  w_CBO        2.32500e+00   constant   
   8  beta_CBO    -2.65893e-03     fixed    
   9  alpha_2CBO  -5.28619e-04     fixed    
  10  beta_2CBO   -4.50233e-04   2.14112e-04   7.28706e-07   5.55484e+00
  11  alpha_y      1.95802e-06   2.08578e-04   7.28187e-07   4.69546e+00
  12  w_y          1.38860e+01   constant   
  13  beta_y       3.39757e-04     fixed    
  14  alpha_vw     0.00000e+00     fixed    
  15  w_vw         1.43404e+01   constant   
  16  beta_vw      0.00000e+00     fixed    
  17  LM          -2.57919e-04   constant   
  18  zeta_y       0.00000e+00   constant   
  19  zeta_vw      0.00000e+00   constant   
  20  T_CBO        9.99931e+02   9.55313e+02   5.05224e-02  -1.44129e-04
  21  alpha_A0     2.23840e-03   9.52199e-04   3.30128e-06  -1.01269e+00
  22  beta_A0     -2.00044e-04   9.04414e-04   3.12614e-06  -8.93557e-01
  23  alpha_phi   -2.95815e-04   9.08636e-04   3.12352e-06  -4.75842e-01
  24  beta_phi    -1.95687e-03   9.57873e-04   3.30379e-06   1.00032e+00
 EXTERNAL ERROR MATRIX.    NDIM=  25    NPAR=  7    ERR DEF=1
  4.584e-08 -3.738e-10  1.810e-06 -1.880e-08 -2.349e-08  2.686e-08 -1.949e-08 
 -3.738e-10  4.350e-08 -4.810e-07  2.576e-09  1.434e-09 -3.338e-09  1.873e-09 
  1.810e-06 -4.810e-07  1.564e+04  2.910e-03 -2.668e-04 -3.983e-04 -2.563e-03 
 -1.880e-08  2.576e-09  2.910e-03  9.067e-07  3.965e-09 -2.179e-08 -5.895e-08 
 -2.349e-08  1.434e-09 -2.668e-04  3.965e-09  8.180e-07 -6.309e-08  4.546e-08 
  2.686e-08 -3.338e-09 -3.983e-04 -2.179e-08 -6.309e-08  8.256e-07  6.523e-08 
 -1.949e-08  1.873e-09 -2.563e-03 -5.895e-08  4.546e-08  6.523e-08  9.175e-07 
 PARAMETER  CORRELATION COEFFICIENTS  
       NO.  GLOBAL     10     11     20     21     22     23     24
       10  0.22425   1.000 -0.008  0.000 -0.092 -0.121  0.138 -0.095
       11  0.02531  -0.008  1.000 -0.000  0.013  0.008 -0.018  0.009
       20  0.03156   0.000 -0.000  1.000  0.024 -0.002 -0.004 -0.021
       21  0.12116  -0.092  0.013  0.024  1.000  0.005 -0.025 -0.065
       22  0.14359  -0.121  0.008 -0.002  0.005  1.000 -0.077  0.052
       23  0.17699   0.138 -0.018 -0.004 -0.025 -0.077  1.000  0.075
       24  0.15758  -0.095  0.009 -0.021 -0.065  0.052  0.075  1.000
MINUIT - FIT ONLY 2-y
 **********
 **   67 **RES 
 **********
                   PARAMETER   16  beta_vw RESTORED TO VARIABLE.
                   PARAMETER   14  alpha_vw RESTORED TO VARIABLE.
                   PARAMETER   13  beta_y RESTORED TO VARIABLE.
                   PARAMETER    9  alpha_2CBO RESTORED TO VARIABLE.
                   PARAMETER    8  beta_CBO RESTORED TO VARIABLE.
                   PARAMETER    6  alpha_CBO RESTORED TO VARIABLE.
                   PARAMETER    4  phi RESTORED TO VARIABLE.
                   PARAMETER    3  A0 RESTORED TO VARIABLE.
                   PARAMETER    1  N0 RESTORED TO VARIABLE.
 **********
 **   68 **FIX            0
 **********
 PARAMETER    0  IS UNDEFINED. IGNORED.
 **********
 **   69 **FIX            1
 **********
 **********
 **   70 **FIX            2
 **********
 PARAMETER    2  IS CONSTANT.   IGNORED.
 **********
 **   71 **FIX            3
 **********
 **********
 **   72 **FIX            4
 **********
 **********
 **   73 **FIX            5
 **********
 PARAMETER    5  IS CONSTANT.   IGNORED.
 **********
 **   74 **FIX            6
 **********
 **********
 **   75 **FIX            7
 **********
 PARAMETER    7  IS CONSTANT.   IGNORED.
 **********
 **   76 **FIX            8
 **********
 **********
 **   77 **FIX            9
 **********
 **********
 **   78 **FIX           10
 **********
 **********
 **   79 **FIX           11
 **********
 **********
 **   80 **FIX           12
 **********
 PARAMETER   12  IS CONSTANT.   IGNORED.
 **********
 **   81 **FIX           16
 **********
 **********
 **   82 **MIGRAD
 **********
 START MIGRAD MINIMIZATION.  STRATEGY  1.  CONVERGENCE WHEN EDM .LT. 1.00e-04
 FCN=50.1551 FROM MIGRAD    STATUS=INITIATE       16 CALLS        5889 TOTAL
                     EDM= unknown      STRATEGY= 1      NO ERROR MATRIX       
  EXT PARAMETER               CURRENT GUESS       STEP         FIRST   
  NO.   NAME      VALUE            ERROR          SIZE      DERIVATIVE 
   1  N0           2.88618e+06     fixed    
   2  tau          6.43977e+01   constant   
   3  A0           3.56440e-01     fixed    
   4  phi          4.11725e+00     fixed    
   5  R           -6.10082e+01   constant   
   6  alpha_CBO   -2.29111e-03     fixed    
   7  w_CBO        2.32500e+00   constant   
   8  beta_CBO    -2.65893e-03     fixed    
   9  alpha_2CBO  -5.28619e-04     fixed    
  10  beta_2CBO   -4.50233e-04     fixed    
  11  alpha_y      1.95802e-06     fixed    
  12  w_y          1.38860e+01   constant   
  13  beta_y       3.39757e-04   2.05572e-04   2.05572e-04  -1.87033e+03
  14  alpha_vw     0.00000e+00   1.00000e-03   1.00000e-03   8.58448e+03
  15  w_vw         1.43404e+01   constant   
  16  beta_vw      0.00000e+00     fixed    
  17  LM          -2.57919e-04   constant   
  18  zeta_y       0.00000e+00   constant   
  19  zeta_vw      0.00000e+00   constant   
  20  T_CBO        9.99931e+02   9.55313e+02   5.05224e-02  -1.46836e-04
  21  alpha_A0     2.23840e-03   9.52199e-04   3.30128e-06  -1.01268e+00
  22  beta_A0     -2.00044e-04   9.04414e-04   3.12614e-06  -8.93570e-01
  23  alpha_phi   -2.95815e-04   9.08636e-04   3.12352e-06  -4.75842e-01
  24  beta_phi    -1.95687e-03   9.57873e-04   3.30379e-06   1.00032e+00
 MIGRAD MINIMIZATION HAS CONVERGED.
 MIGRAD WILL VERIFY CONVERGENCE AND ERROR MATRIX.
 COVARIANCE MATRIX CALCULATED SUCCESSFULLY
 FCN=49.2054 FROM MIGRAD    STATUS=CONVERGED     112 CALLS        5985 TOTAL
                     EDM=1.28404e-06    STRATEGY= 1      ERROR MATRIX ACCURATE 
  EXT PARAMETER                                   STEP         FIRST   
  NO.   NAME      VALUE            ERROR          SIZE      DERIVATIVE 
   1  N0           2.88618e+06     fixed    
   2  tau          6.43977e+01   constant   
   3  A0           3.56440e-01     fixed    
   4  phi          4.11725e+00     fixed    
   5  R           -6.10082e+01   constant   
   6  alpha_CBO   -2.29111e-03     fixed    
   7  w_CBO        2.32500e+00   constant   
   8  beta_CBO    -2.65893e-03     fixed    
   9  alpha_2CBO  -5.28619e-04     fixed    
  10  beta_2CBO   -4.50233e-04     fixed    
  11  alpha_y      1.95802e-06     fixed    
  12  w_y          1.38860e+01   constant   
  13  beta_y       4.25228e-04   2.11268e-04   7.11491e-07   3.19790e-01
  14  alpha_vw    -2.02640e-04   2.12112e-04   7.14425e-07   6.58176e-02
  15  w_vw         1.43404e+01   constant   
  16  beta_vw      0.00000e+00     fixed    
  17  LM          -2.57919e-04   constant   
  18  zeta_y       0.00000e+00   constant   
  19  zeta_vw      0.00000e+00   constant   
  20  T_CBO        1.00000e+03   9.92566e+02   4.84154e-02** at limit **
  21  alpha_A0     2.22796e-03   9.50143e-04   3.27009e-06  -7.68144e-01
  22  beta_A0     -2.08014e-04   8.97759e-04   3.09655e-06  -2.54678e-01
  23  alpha_phi   -2.95445e-04   9.00019e-04   3.09400e-06   5.23607e-01
  24  beta_phi    -1.98181e-03   9.55611e-04   3.27258e-06   1.28947e+00
 EXTERNAL ERROR MATRIX.    NDIM=  25    NPAR=  7    ERR DEF=1
  4.463e-08 -1.019e-08  4.083e-09 -1.512e-10 -1.244e-09 -3.403e-09 -5.605e-09 
 -1.019e-08  4.499e-08 -1.000e-08  2.425e-09  1.648e-09 -7.261e-10  4.625e-09 
  4.083e-09 -1.000e-08  5.458e-01  4.873e-05 -4.651e-06 -6.718e-06 -4.367e-05 
 -1.512e-10  2.425e-09  4.873e-05  9.028e-07 -6.037e-09 -1.120e-08 -7.025e-08 
 -1.244e-09  1.648e-09 -4.651e-06 -6.037e-09  8.060e-07 -4.913e-08  3.602e-08 
 -3.403e-09 -7.261e-10 -6.718e-06 -1.120e-08 -4.913e-08  8.100e-07  7.756e-08 
 -5.605e-09  4.625e-09 -4.367e-05 -7.025e-08  3.602e-08  7.756e-08  9.132e-07 
 PARAMETER  CORRELATION COEFFICIENTS  
       NO.  GLOBAL     13     14     20     21     22     23     24
       13  0.22912   1.000 -0.227  0.000 -0.001 -0.007 -0.018 -0.028
       14  0.22858  -0.227  1.000 -0.000  0.012  0.009 -0.004  0.023
       20  0.08983   0.000 -0.000  1.000  0.069 -0.007 -0.010 -0.062
       21  0.10207  -0.001  0.012  0.069  1.000 -0.007 -0.013 -0.077
       22  0.07801  -0.007  0.009 -0.007 -0.007  1.000 -0.061  0.042
       23  0.11271  -0.018 -0.004 -0.010 -0.013 -0.061  1.000  0.090
