 + ++++++++++++++++++++++++++++++++++++++++++++++++++++++++++++++++++++ +
 +                                                                      +
 +           You have chose to blind your fitting according to          +
 +                omega_ref * (1 + (R +/- deltaR) *10^{-6})             +
 +                                                                      +
 + ++++++++++++++++++++++++++++++++++++++++++++++++++++++++++++++++++++ +
In main()...
reading format from /gm2data/zkhechad/run45/envelope/formats/formatB_sBin_constraintOn.txt
pBinTau 	= 0  
pBinPhi 	= 0  
constraintau 	= 1 
includeMopTerm 	= 0    
constrainMop    = 0   
Parameters after format file: pBinTau 0 pBinPhi 0 constraintau 1 includeMopTerm 0 constrainMop 0 c_e_scale 0.000000 
Opening file /gm2data/tbarrett/gm2fr/studies/run23_bunch_corrections/CorrectedFourier_Run3b.root.
reading full fit data from /gm2data/zkhechad/cboTemplates/Run4CBOTemplates/templateFits0_v2.0/noRF/sBin_constraintOn_cE0.0_seed0_noRF_calo5.root
windowBins = 69
fitting sliding window 928 from bin 1064 at 158.599600 to bin 1133 at 169.043600 (69 bins)

Reading data from /gm2data/cornell/histograms/aMethod/histogram_a_noRF.root
 **********
 **    1 **SET PRINTOUT            1
 **********
 **********
 **    2 **SET NOWARNINGS 
 **********
 PARAMETER DEFINITIONS:
    NO.   NAME         VALUE      STEP SIZE      LIMITS
     1 N0           2.79488e+06  1.00000e+02     no limits
     2 tau          6.43938e+01  constant
     3 A0           3.58429e-01  1.00000e-04     no limits
     4 phi          4.11634e+00  1.00000e-02     no limits
     5 R           -6.25265e+01  constant
     6 alpha_CBO    0.00000e+00  1.00000e-03     no limits
     7 w_CBO        2.32500e+00  constant
     8 beta_CBO     0.00000e+00  1.00000e-03     no limits
     9 alpha_2CBO   0.00000e+00  1.00000e-03     no limits
    10 beta_2CBO    0.00000e+00  1.00000e-03     no limits
    11 alpha_y      0.00000e+00  1.00000e-03     no limits
    12 w_y          1.44500e+01  constant
    13 beta_y       0.00000e+00  1.00000e-03     no limits
    14 alpha_vw     0.00000e+00  1.00000e-03     no limits
    15 w_vw         1.29000e+01  constant
    16 beta_vw      0.00000e+00  1.00000e-03     no limits
    17 LM          -3.26799e-04  constant
    18 zeta_y       0.00000e+00  constant
    19 zeta_vw      0.00000e+00  constant
    20 T_CBO        1.00000e+02  1.00000e+00    0.00000e+00  1.00000e+03
    21 alpha_A0     0.00000e+00  1.00000e-03     no limits
    22 beta_A0      0.00000e+00  1.00000e-03     no limits
    23 alpha_phi    0.00000e+00  1.00000e-03     no limits
    24 beta_phi     0.00000e+00  1.00000e-03     no limits
MINUIT - FIT ONLY WIGGLE
 **********
 **    3 **FIX            5
 **********
 PARAMETER    5  IS CONSTANT.   IGNORED.
 **********
 **    4 **FIX            6
 **********
 **********
 **    5 **FIX            7
 **********
 PARAMETER    7  IS CONSTANT.   IGNORED.
 **********
 **    6 **FIX            8
 **********
 **********
 **    7 **FIX            9
 **********
 **********
 **    8 **FIX           10
 **********
 **********
 **    9 **FIX           11
 **********
 **********
 **   10 **FIX           12
 **********
 PARAMETER   12  IS CONSTANT.   IGNORED.
 **********
 **   11 **FIX           13
 **********
 **********
 **   12 **FIX           14
 **********
 **********
 **   13 **FIX           15
 **********
 PARAMETER   15  IS CONSTANT.   IGNORED.
 **********
 **   14 **FIX           16
 **********
 **********
 **   15 **MIGRAD
 **********
 FIRST CALL TO USER FUNCTION AT NEW START POINT, WITH IFLAG=4.
 START MIGRAD MINIMIZATION.  STRATEGY  1.  CONVERGENCE WHEN EDM .LT. 1.00e-04
 FCN=394.133 FROM MIGRAD    STATUS=INITIATE      437 CALLS         438 TOTAL
                     EDM= unknown      STRATEGY= 1      NO ERROR MATRIX       
  EXT PARAMETER               CURRENT GUESS       STEP         FIRST   
  NO.   NAME      VALUE            ERROR          SIZE      DERIVATIVE 
   1  N0           2.79488e+06   1.00000e+02   0.00000e+00   1.04526e-02
   2  tau          6.43938e+01   constant   
   3  A0           3.58429e-01   1.00000e-04   0.00000e+00   3.21413e+04
   4  phi          4.11634e+00   1.00000e-02   0.00000e+00  -2.13295e+03
   5  R           -6.25265e+01   constant   
   6  alpha_CBO    0.00000e+00     fixed    
   7  w_CBO        2.32500e+00   constant   
   8  beta_CBO     0.00000e+00     fixed    
   9  alpha_2CBO   0.00000e+00     fixed    
  10  beta_2CBO    0.00000e+00     fixed    
  11  alpha_y      0.00000e+00     fixed    
  12  w_y          1.44500e+01   constant   
  13  beta_y       0.00000e+00     fixed    
  14  alpha_vw     0.00000e+00     fixed    
  15  w_vw         1.29000e+01   constant   
  16  beta_vw      0.00000e+00     fixed    
  17  LM          -3.26799e-04   constant   
  18  zeta_y       0.00000e+00   constant   
  19  zeta_vw      0.00000e+00   constant   
  20  T_CBO        1.00000e+02   1.00000e+00   0.00000e+00   0.00000e+00
  21  alpha_A0     0.00000e+00   1.00000e-03   0.00000e+00   1.03381e+02
  22  beta_A0      0.00000e+00   1.00000e-03   0.00000e+00  -1.15535e+03
  23  alpha_phi    0.00000e+00   1.00000e-03   0.00000e+00   1.44077e+01
  24  beta_phi     0.00000e+00   1.00000e-03   0.00000e+00   1.66046e+03
 CALL LIMIT EXCEEDED IN MIGRAD.
 MIGRAD TERMINATED WITHOUT CONVERGENCE.
 FCN=357.484 FROM MIGRAD    STATUS=CALL LIMIT   1326 CALLS        1327 TOTAL
                     EDM=0.017002    STRATEGY= 1  ERROR MATRIX UNCERTAINTY   0.9 per cent
  EXT PARAMETER                APPROXIMATE        STEP         FIRST   
  NO.   NAME      VALUE            ERROR          SIZE      DERIVATIVE 
   1  N0           2.79437e+06   4.40953e+02  -9.74805e+00  -2.33549e-05
   2  tau          6.43938e+01   constant   
   3  A0           3.57620e-01   2.13035e-04  -6.17012e-06  -4.89547e+02
   4  phi          4.11680e+00   5.81342e-04  -3.27497e-05  -2.58074e+02
   5  R           -6.25265e+01   constant   
   6  alpha_CBO    0.00000e+00     fixed    
   7  w_CBO        2.32500e+00   constant   
   8  beta_CBO     0.00000e+00     fixed    
   9  alpha_2CBO   0.00000e+00     fixed    
  10  beta_2CBO    0.00000e+00     fixed    
  11  alpha_y      0.00000e+00     fixed    
  12  w_y          1.44500e+01   constant   
  13  beta_y       0.00000e+00     fixed    
  14  alpha_vw     0.00000e+00     fixed    
  15  w_vw         1.29000e+01   constant   
  16  beta_vw      0.00000e+00     fixed    
  17  LM          -3.26799e-04   constant   
  18  zeta_y       0.00000e+00   constant   
  19  zeta_vw      0.00000e+00   constant   
  20  T_CBO        3.17651e+01   1.08063e+01  -1.02878e-02  -1.33929e+01
  21  alpha_A0     6.49451e-03   1.59156e-02  -2.88562e-03  -1.20054e+00
  22  beta_A0      3.82900e-01   4.99500e-01   9.28065e-02  -1.32121e+00
  23  alpha_phi    5.40788e-02   7.07461e-02   1.33786e-02  -1.95051e+00
  24  beta_phi    -5.51844e-01   7.43865e-01  -1.38319e-01  -1.08095e-02
 EXTERNAL ERROR MATRIX.    NDIM=  25    NPAR=  8    ERR DEF=1
  1.944e+05 -8.442e-03  3.045e-02  1.809e+02  7.786e-01 -5.156e+00 -6.512e-01  7.330e+00 
 -8.442e-03  4.538e-08 -7.753e-09 -1.545e-04 -2.202e-07  2.557e-06  1.065e-07 -3.806e-06 
  3.045e-02 -7.753e-09  3.380e-07 -6.472e-04 -3.537e-07  2.274e-05  2.576e-06 -3.381e-05 
  1.809e+02 -1.545e-04 -6.472e-04  1.169e+02  1.524e-01 -5.241e+00 -7.280e-01  7.799e+00 
  7.786e-01 -2.202e-07 -3.537e-07  1.524e-01  2.533e-04 -7.455e-03 -1.055e-03  1.111e-02 
 -5.156e+00  2.557e-06  2.274e-05 -5.241e+00 -7.455e-03  2.495e-01  3.517e-02 -3.715e-01 
 -6.512e-01  1.065e-07  2.576e-06 -7.280e-01 -1.055e-03  3.517e-02  5.005e-03 -5.239e-02 
  7.330e+00 -3.806e-06 -3.381e-05  7.799e+00  1.111e-02 -3.715e-01 -5.239e-02  5.533e-01 
ERR MATRIX APPROXIMATE
 PARAMETER  CORRELATION COEFFICIENTS  
       NO.  GLOBAL      1      3      4     20     21     22     23     24
        1  0.35409   1.000 -0.090  0.119  0.038  0.111 -0.023 -0.021  0.022
        3  0.28121  -0.090  1.000 -0.063 -0.067 -0.065  0.024  0.007 -0.024
        4  0.24057   0.119 -0.063  1.000 -0.103 -0.038  0.078  0.063 -0.078
       20  0.98342   0.038 -0.067 -0.103  1.000  0.885 -0.970 -0.952  0.970
       21  0.95410   0.111 -0.065 -0.038  0.885  1.000 -0.938 -0.937  0.939
       22  0.99995  -0.023  0.024  0.078 -0.970 -0.938  1.000  0.995 -1.000
       23  0.99713  -0.021  0.007  0.063 -0.952 -0.937  0.995  1.000 -0.995
       24  0.99995   0.022 -0.024 -0.078  0.970  0.939 -1.000 -0.995  1.000
 ERR MATRIX APPROXIMATE
MINUIT - FIT ONLY 1-CBO + wiggle
 **********
 **   16 **RES 
 **********
                   PARAMETER   16  beta_vw RESTORED TO VARIABLE.
                   PARAMETER   14  alpha_vw RESTORED TO VARIABLE.
                   PARAMETER   13  beta_y RESTORED TO VARIABLE.
                   PARAMETER   11  alpha_y RESTORED TO VARIABLE.
                   PARAMETER   10  beta_2CBO RESTORED TO VARIABLE.
                   PARAMETER    9  alpha_2CBO RESTORED TO VARIABLE.
                   PARAMETER    8  beta_CBO RESTORED TO VARIABLE.
                   PARAMETER    6  alpha_CBO RESTORED TO VARIABLE.
 **********
 **   17 **FIX            8
 **********
 **********
 **   18 **FIX            9
 **********
 **********
 **   19 **FIX           11
 **********
 **********
 **   20 **FIX           12
 **********
 PARAMETER   12  IS CONSTANT.   IGNORED.
 **********
 **   21 **FIX           14
 **********
 **********
 **   22 **FIX           15
 **********
 PARAMETER   15  IS CONSTANT.   IGNORED.
 **********
 **   23 **FIX           16
 **********
 **********
 **   24 **MIGRAD
 **********
 START MIGRAD MINIMIZATION.  STRATEGY  1.  CONVERGENCE WHEN EDM .LT. 1.00e-04
 FCN=357.484 FROM MIGRAD    STATUS=INITIATE       28 CALLS        1355 TOTAL
                     EDM= unknown      STRATEGY= 1      NO ERROR MATRIX       
  EXT PARAMETER               CURRENT GUESS       STEP         FIRST   
  NO.   NAME      VALUE            ERROR          SIZE      DERIVATIVE 
   1  N0           2.79437e+06   4.40953e+02  -9.74805e+00  -2.33549e-05
   2  tau          6.43938e+01   constant   
   3  A0           3.57620e-01   2.13035e-04  -6.17012e-06  -4.89547e+02
   4  phi          4.11680e+00   5.81342e-04  -3.27497e-05  -2.58074e+02
   5  R           -6.25265e+01   constant   
   6  alpha_CBO    0.00000e+00   1.00000e-03   1.00000e-03   7.04810e+04
   7  w_CBO        2.32500e+00   constant   
   8  beta_CBO     0.00000e+00     fixed    
   9  alpha_2CBO   0.00000e+00     fixed    
  10  beta_2CBO    0.00000e+00   1.00000e-03   1.00000e-03   9.24564e+03
  11  alpha_y      0.00000e+00     fixed    
  12  w_y          1.44500e+01   constant   
  13  beta_y       0.00000e+00   1.00000e-03   1.00000e-03  -5.90027e+03
  14  alpha_vw     0.00000e+00     fixed    
  15  w_vw         1.29000e+01   constant   
  16  beta_vw      0.00000e+00     fixed    
  17  LM          -3.26799e-04   constant   
  18  zeta_y       0.00000e+00   constant   
  19  zeta_vw      0.00000e+00   constant   
  20  T_CBO        3.17651e+01   1.08063e+01  -1.02878e-02  -1.33932e+01
  21  alpha_A0     6.49451e-03   1.59156e-02  -2.88562e-03  -1.20054e+00
  22  beta_A0      3.82900e-01   4.99500e-01   9.28065e-02  -1.32121e+00
  23  alpha_phi    5.40788e-02   7.07461e-02   1.33786e-02  -1.95051e+00
  24  beta_phi    -5.51844e-01   7.43865e-01  -1.38319e-01  -1.08094e-02
 MIGRAD MINIMIZATION HAS CONVERGED.
 FCN=296.354 FROM MIGRAD    STATUS=CONVERGED     169 CALLS        1496 TOTAL
                     EDM=8.37565e-06    STRATEGY= 1  ERROR MATRIX UNCERTAINTY   4.2 per cent
  EXT PARAMETER                                   STEP         FIRST   
  NO.   NAME      VALUE            ERROR          SIZE      DERIVATIVE 
   1  N0           2.79444e+06   4.51789e+02  -2.58056e+00   4.33048e-07
   2  tau          6.43938e+01   constant   
   3  A0           3.57565e-01   2.17525e-04   1.23257e-06  -2.55165e+00
   4  phi          4.11583e+00   6.27563e-04  -1.38627e-07   1.99317e+00
   5  R           -6.25265e+01   constant   
   6  alpha_CBO   -1.71580e-03   2.21819e-04   1.61833e-07   1.35776e+00
   7  w_CBO        2.32500e+00   constant   
   8  beta_CBO     0.00000e+00     fixed    
   9  alpha_2CBO   0.00000e+00     fixed    
  10  beta_2CBO   -8.68779e-05   2.10350e-04   7.67642e-08  -1.49794e+00
  11  alpha_y      0.00000e+00     fixed    
  12  w_y          1.44500e+01   constant   
  13  beta_y       1.10213e-04   2.10486e-04   4.57512e-07   8.13573e+00
  14  alpha_vw     0.00000e+00     fixed    
  15  w_vw         1.29000e+01   constant   
  16  beta_vw      0.00000e+00     fixed    
  17  LM          -3.26799e-04   constant   
  18  zeta_y       0.00000e+00   constant   
  19  zeta_vw      0.00000e+00   constant   
  20  T_CBO        3.18317e+01   1.22542e+00  -2.93877e-05   3.33798e-01
  21  alpha_A0    -6.96021e-02   1.58453e-01  -1.27599e-03  -7.14365e-03
  22  beta_A0      3.88491e-01   1.24423e-01  -4.26899e-04  -2.15966e-02
  23  alpha_phi    1.69193e-01   1.40662e-01  -2.19579e-04   1.05292e-02
  24  beta_phi    -5.54477e-01   1.34359e-01  -3.11700e-04   1.86064e-02
 EXTERNAL ERROR MATRIX.    NDIM=  25    NPAR= 11    ERR DEF=1
  2.041e+05 
 -7.960e-03  4.732e-08 
  3.946e-02  2.944e-09  3.938e-07 
 -2.033e-03  1.869e-09  2.829e-08  4.920e-08 
  4.605e-03  7.795e-11  2.408e-09 -3.262e-09  4.425e-08 
 -1.143e-03  2.023e-11 -2.204e-09  3.473e-10  2.493e-10  4.430e-08 
  1.196e+02 -5.373e-05  6.297e-05 -4.329e-06  8.623e-06 -7.109e-06  1.502e+00 
  1.916e+01 -3.277e-06  7.501e-06  2.730e-06 -1.329e-07  2.715e-07  5.233e-02  2.511e-02 
 -7.368e+00 -4.636e-07 -1.702e-06  2.061e-07  1.357e-06  7.225e-07 -2.820e-02 -3.868e-04  1.548e-02 
 -1.042e+00 -2.730e-06 -3.687e-06 -2.951e-06  3.122e-07 -3.119e-07 -4.871e-03  1.816e-03 -5.287e-04  1.979e-02 
 -5.843e+00 -1.242e-06 -6.160e-06 -1.267e-07  2.960e-07 -5.754e-07  4.751e-02  1.241e-03  1.867e-03  1.656e-03  1.805e-02 
 PARAMETER  CORRELATION COEFFICIENTS  
       NO.  GLOBAL      1      3      4      6     10     13     20     21     22     23     24
        1  0.37538   1.000 -0.081  0.139 -0.020  0.048 -0.012  0.216  0.268 -0.131 -0.016 -0.096
        3  0.24303  -0.081  1.000  0.022  0.039  0.002  0.000 -0.202 -0.095 -0.017 -0.089 -0.042
        4  0.27248   0.139  0.022  1.000  0.203  0.018 -0.017  0.082  0.075 -0.022 -0.042 -0.073
        6  0.25760  -0.020  0.039  0.203  1.000 -0.070  0.007 -0.016  0.078  0.007 -0.095 -0.004
       10  0.11465   0.048  0.002  0.018 -0.070  1.000  0.006  0.033 -0.004  0.052  0.011  0.010
       13  0.04908  -0.012  0.000 -0.017  0.007  0.006  1.000 -0.028  0.008  0.028 -0.011 -0.020
       20  0.50804   0.216 -0.202  0.082 -0.016  0.033 -0.028  1.000  0.269 -0.185 -0.028  0.289
       21  0.37461   0.268 -0.095  0.075  0.078 -0.004  0.008  0.269  1.000 -0.020  0.081  0.058
       22  0.28822  -0.131 -0.017 -0.022  0.007  0.052  0.028 -0.185 -0.020  1.000 -0.030  0.112
       23  0.20896  -0.016 -0.089 -0.042 -0.095  0.011 -0.011 -0.028  0.081 -0.030  1.000  0.088
       24  0.38782  -0.096 -0.042 -0.073 -0.004  0.010 -0.020  0.289  0.058  0.112  0.088  1.000
MINUIT - FIT ONLY 2-CBO
 **********
 **   25 **RES 
 **********
                   PARAMETER   16  beta_vw RESTORED TO VARIABLE.
                   PARAMETER   14  alpha_vw RESTORED TO VARIABLE.
                   PARAMETER   11  alpha_y RESTORED TO VARIABLE.
                   PARAMETER    9  alpha_2CBO RESTORED TO VARIABLE.
                   PARAMETER    8  beta_CBO RESTORED TO VARIABLE.
 **********
 **   26 **FIX            0
 **********
 PARAMETER    0  IS UNDEFINED. IGNORED.
 **********
 **   27 **FIX            1
 **********
 **********
 **   28 **FIX            2
 **********
 PARAMETER    2  IS CONSTANT.   IGNORED.
 **********
 **   29 **FIX            3
 **********
 **********
 **   30 **FIX            4
 **********
 **********
 **   31 **FIX            5
 **********
 PARAMETER    5  IS CONSTANT.   IGNORED.
 **********
 **   32 **FIX            6
 **********
 **********
 **   33 **FIX            7
 **********
 PARAMETER    7  IS CONSTANT.   IGNORED.
 **********
 **   34 **FIX           10
 **********
 **********
 **   35 **FIX           11
 **********
 **********
 **   36 **FIX           12
 **********
 PARAMETER   12  IS CONSTANT.   IGNORED.
 **********
 **   37 **FIX           13
 **********
 **********
 **   38 **FIX           14
 **********
 **********
 **   39 **FIX           15
 **********
 PARAMETER   15  IS CONSTANT.   IGNORED.
 **********
 **   40 **FIX           16
 **********
 **********
 **   41 **MIGRAD
 **********
 START MIGRAD MINIMIZATION.  STRATEGY  1.  CONVERGENCE WHEN EDM .LT. 1.00e-04
 FCN=296.354 FROM MIGRAD    STATUS=INITIATE       18 CALLS        1514 TOTAL
                     EDM= unknown      STRATEGY= 1      NO ERROR MATRIX       
  EXT PARAMETER               CURRENT GUESS       STEP         FIRST   
  NO.   NAME      VALUE            ERROR          SIZE      DERIVATIVE 
   1  N0           2.79444e+06     fixed    
   2  tau          6.43938e+01   constant   
   3  A0           3.57565e-01     fixed    
   4  phi          4.11583e+00     fixed    
   5  R           -6.25265e+01   constant   
   6  alpha_CBO   -1.71580e-03     fixed    
   7  w_CBO        2.32500e+00   constant   
   8  beta_CBO     0.00000e+00   1.00000e-03   1.00000e-03   1.34677e+05
   9  alpha_2CBO   0.00000e+00   1.00000e-03   1.00000e-03  -1.19213e+04
  10  beta_2CBO   -8.68779e-05     fixed    
  11  alpha_y      0.00000e+00     fixed    
  12  w_y          1.44500e+01   constant   
  13  beta_y       1.10213e-04     fixed    
  14  alpha_vw     0.00000e+00     fixed    
  15  w_vw         1.29000e+01   constant   
  16  beta_vw      0.00000e+00     fixed    
  17  LM          -3.26799e-04   constant   
  18  zeta_y       0.00000e+00   constant   
  19  zeta_vw      0.00000e+00   constant   
  20  T_CBO        3.18317e+01   1.22542e+00  -2.93877e-05   3.33798e-01
  21  alpha_A0    -6.96021e-02   1.58453e-01  -1.27599e-03  -7.14364e-03
  22  beta_A0      3.88491e-01   1.24423e-01  -4.26899e-04  -2.15966e-02
  23  alpha_phi    1.69193e-01   1.40662e-01  -2.19579e-04   1.05292e-02
  24  beta_phi    -5.54477e-01   1.34359e-01  -3.11700e-04   1.86064e-02
 CALL LIMIT EXCEEDED IN MIGRAD.
 MIGRAD TERMINATED WITHOUT CONVERGENCE.
 FCN=87.053 FROM MIGRAD    STATUS=CALL LIMIT   1148 CALLS        2644 TOTAL
                     EDM=0.0094748    STRATEGY= 1  ERROR MATRIX UNCERTAINTY  29.8 per cent
  EXT PARAMETER                APPROXIMATE        STEP         FIRST   
  NO.   NAME      VALUE            ERROR          SIZE      DERIVATIVE 
   1  N0           2.79444e+06     fixed    
   2  tau          6.43938e+01   constant   
   3  A0           3.57565e-01     fixed    
   4  phi          4.11583e+00     fixed    
   5  R           -6.25265e+01   constant   
   6  alpha_CBO   -1.71580e-03     fixed    
   7  w_CBO        2.32500e+00   constant   
   8  beta_CBO    -3.08771e-03   2.12680e-04   4.71669e-07   9.49247e+01
   9  alpha_2CBO   2.04388e-04   2.11942e-04  -5.14331e-07  -5.76630e+01
  10  beta_2CBO   -8.68779e-05     fixed    
  11  alpha_y      0.00000e+00     fixed    
  12  w_y          1.44500e+01   constant   
  13  beta_y       1.10213e-04     fixed    
  14  alpha_vw     0.00000e+00     fixed    
  15  w_vw         1.29000e+01   constant   
  16  beta_vw      0.00000e+00     fixed    
  17  LM          -3.26799e-04   constant   
  18  zeta_y       0.00000e+00   constant   
  19  zeta_vw      0.00000e+00   constant   
  20  T_CBO        1.06540e+02   1.09636e+02   8.33000e-03  -1.81188e+00
  21  alpha_A0    -7.93797e-04   5.87399e-03   1.55799e-05   4.34755e+00
  22  beta_A0      2.81383e-03   7.16792e-03  -1.59341e-04  -9.02100e+00
  23  alpha_phi    3.29736e-03   6.89613e-03  -2.54559e-04  -1.31082e+01
  24  beta_phi    -1.22522e-02   2.45703e-02   4.72305e-04   2.15533e+01
 EXTERNAL ERROR MATRIX.    NDIM=  25    NPAR=  7    ERR DEF=1
  4.523e-08  2.915e-10  3.447e-04  4.471e-08  1.357e-07 -6.538e-09 -5.916e-08 
  2.915e-10  4.492e-08  2.363e-04  1.746e-07  5.191e-08  9.501e-09  1.811e-07 
  3.447e-04  2.363e-04  1.256e+04  2.361e-01 -6.169e-01 -6.106e-01  2.730e+00 
  4.471e-08  1.746e-07  2.361e-01  3.450e-05 -8.022e-06 -8.491e-06  4.882e-05 
  1.357e-07  5.191e-08 -6.169e-01 -8.022e-06  5.138e-05  2.525e-05 -1.294e-04 
 -6.538e-09  9.501e-09 -6.106e-01 -8.491e-06  2.525e-05  4.756e-05 -1.246e-04 
 -5.916e-08  1.811e-07  2.730e+00  4.882e-05 -1.294e-04 -1.246e-04  6.037e-04 
ERR MATRIX APPROXIMATE
 PARAMETER  CORRELATION COEFFICIENTS  
       NO.  GLOBAL      8      9     20     21     22     23     24
        8  0.52141   1.000  0.006  0.014  0.036  0.089 -0.004 -0.011
        9  0.38084   0.006  1.000  0.010  0.140  0.034  0.007  0.035
       20  0.99868   0.014  0.010  1.000  0.359 -0.768 -0.790  0.991
       21  0.66448   0.036  0.140  0.359  1.000 -0.191 -0.210  0.338
       22  0.91691   0.089  0.034 -0.768 -0.191  1.000  0.511 -0.735
       23  0.94690  -0.004  0.007 -0.790 -0.210  0.511  1.000 -0.736
       24  0.99796  -0.011  0.035  0.991  0.338 -0.735 -0.736  1.000
 ERR MATRIX APPROXIMATE
MINUIT - FIT wiggle + 1-CBO + 2-CBO
 **********
 **   42 **RES 
 **********
                   PARAMETER   16  beta_vw RESTORED TO VARIABLE.
                   PARAMETER   14  alpha_vw RESTORED TO VARIABLE.
                   PARAMETER   13  beta_y RESTORED TO VARIABLE.
                   PARAMETER   11  alpha_y RESTORED TO VARIABLE.
                   PARAMETER   10  beta_2CBO RESTORED TO VARIABLE.
                   PARAMETER    6  alpha_CBO RESTORED TO VARIABLE.
                   PARAMETER    4  phi RESTORED TO VARIABLE.
                   PARAMETER    3  A0 RESTORED TO VARIABLE.
                   PARAMETER    1  N0 RESTORED TO VARIABLE.
 **********
 **   43 **FIX           10
 **********
 **********
 **   44 **FIX           11
 **********
 **********
 **   45 **FIX           12
 **********
 PARAMETER   12  IS CONSTANT.   IGNORED.
 **********
 **   46 **FIX           13
 **********
 **********
 **   47 **FIX           14
 **********
 **********
 **   48 **FIX           15
 **********
 PARAMETER   15  IS CONSTANT.   IGNORED.
 **********
 **   49 **FIX           16
 **********
 **********
 **   50 **MIGRAD
 **********
 START MIGRAD MINIMIZATION.  STRATEGY  1.  CONVERGENCE WHEN EDM .LT. 1.00e-04
 FCN=87.053 FROM MIGRAD    STATUS=INITIATE       22 CALLS        2666 TOTAL
                     EDM= unknown      STRATEGY= 1      NO ERROR MATRIX       
  EXT PARAMETER               CURRENT GUESS       STEP         FIRST   
  NO.   NAME      VALUE            ERROR          SIZE      DERIVATIVE 
   1  N0           2.79444e+06   4.51789e+02   4.51789e+02  -5.19270e-03
   2  tau          6.43938e+01   constant   
   3  A0           3.57565e-01   2.17525e-04   2.17525e-04  -3.30278e+04
   4  phi          4.11583e+00   6.27563e-04   6.27563e-04  -1.05535e+03
   5  R           -6.25265e+01   constant   
   6  alpha_CBO   -1.71580e-03   2.21819e-04   2.21819e-04   4.71312e+03
   7  w_CBO        2.32500e+00   constant   
   8  beta_CBO    -3.08771e-03   2.12680e-04   4.71669e-07   9.49247e+01
   9  alpha_2CBO   2.04388e-04   2.11942e-04  -5.14331e-07  -5.76630e+01
  10  beta_2CBO   -8.68779e-05     fixed    
  11  alpha_y      0.00000e+00     fixed    
  12  w_y          1.44500e+01   constant   
  13  beta_y       1.10213e-04     fixed    
  14  alpha_vw     0.00000e+00     fixed    
  15  w_vw         1.29000e+01   constant   
  16  beta_vw      0.00000e+00     fixed    
  17  LM          -3.26799e-04   constant   
  18  zeta_y       0.00000e+00   constant   
  19  zeta_vw      0.00000e+00   constant   
  20  T_CBO        1.06540e+02   1.09636e+02   8.33000e-03  -1.81188e+00
  21  alpha_A0    -7.93797e-04   5.87399e-03   1.55799e-05   4.34755e+00
  22  beta_A0      2.81383e-03   7.16792e-03  -1.59341e-04  -9.02100e+00
  23  alpha_phi    3.29736e-03   6.89613e-03  -2.54559e-04  -1.31082e+01
  24  beta_phi    -1.22522e-02   2.45703e-02   4.72305e-04   2.15533e+01
 MIGRAD MINIMIZATION HAS CONVERGED.
 FCN=72.6974 FROM MIGRAD    STATUS=CONVERGED    1515 CALLS        4159 TOTAL
                     EDM=2.87067e-06    STRATEGY= 1  ERROR MATRIX UNCERTAINTY   0.7 per cent
  EXT PARAMETER                                   STEP         FIRST   
  NO.   NAME      VALUE            ERROR          SIZE      DERIVATIVE 
   1  N0           2.79488e+06   4.40837e+02   1.66128e-01   1.30329e-06
   2  tau          6.43938e+01   constant   
   3  A0           3.58337e-01   2.14711e-04  -5.53165e-08  -2.38013e+00
   4  phi          4.11615e+00   5.89830e-04   1.78897e-07   1.53888e+00
   5  R           -6.25265e+01   constant   
   6  alpha_CBO   -1.80734e-03   2.09377e-04  -9.34153e-08  -1.46489e+00
   7  w_CBO        2.32500e+00   constant   
   8  beta_CBO    -3.30294e-03   2.21936e-04   5.59687e-08   6.93605e-01
   9  alpha_2CBO   1.77917e-04   2.16344e-04   6.36934e-08  -3.67720e+00
  10  beta_2CBO   -8.68779e-05     fixed    
  11  alpha_y      0.00000e+00     fixed    
  12  w_y          1.44500e+01   constant   
  13  beta_y       1.10213e-04     fixed    
  14  alpha_vw     0.00000e+00     fixed    
  15  w_vw         1.29000e+01   constant   
  16  beta_vw      0.00000e+00     fixed    
  17  LM          -3.26799e-04   constant   
  18  zeta_y       0.00000e+00   constant   
  19  zeta_vw      0.00000e+00   constant   
  20  T_CBO        9.99605e+02   5.41666e+02   2.05431e-02  -1.28188e-04
  21  alpha_A0    -4.75051e-04   1.08422e-03  -1.42105e-06  -9.09979e-01
  22  beta_A0      2.43055e-04   1.06725e-03  -2.25765e-07  -1.86628e-01
  23  alpha_phi    2.78132e-04   1.01332e-03   1.03955e-06   3.43762e-01
  24  beta_phi    -3.03337e-03   1.12221e-03  -2.28833e-06   7.75243e-02
 EXTERNAL ERROR MATRIX.    NDIM=  25    NPAR= 11    ERR DEF=1
  1.943e+05 
 -5.098e-03  4.610e-08 
  3.660e-02  4.567e-09  3.479e-07 
 -2.008e-03  2.306e-10  2.161e-08  4.384e-08 
 -4.902e-03 -1.106e-08 -9.878e-09  7.107e-10  4.926e-08 
  2.191e-03 -2.029e-09 -1.129e-08 -3.265e-09  2.359e-09  4.680e-08 
  1.102e+04 -3.708e-03  9.188e-03 -5.686e-03  3.642e-03  3.413e-03  2.371e+05 
  1.185e-01 -3.452e-08  1.760e-08  1.316e-08  7.525e-09  3.896e-08 -1.403e-02  1.176e-06 
 -1.408e-02 -2.796e-08 -1.416e-08 -1.446e-09  4.214e-08  1.472e-08 -3.915e-02  2.231e-08  1.139e-06 
  2.171e-02 -3.785e-08 -6.333e-08 -1.247e-08  1.296e-08  7.880e-09  2.908e-02  2.289e-07 -2.715e-09  1.027e-06 
 -9.693e-02  2.284e-08 -6.109e-08 -3.431e-09 -4.765e-09  3.143e-08  2.117e-01 -7.082e-08 -5.560e-08 -2.525e-08  1.259e-06 
 PARAMETER  CORRELATION COEFFICIENTS  
       NO.  GLOBAL      1      3      4      6      8      9     20     21     22     23     24
        1  0.36384   1.000 -0.054  0.141 -0.022 -0.050  0.023  0.051  0.248 -0.030  0.049 -0.196
        3  0.33117  -0.054  1.000  0.036  0.005 -0.232 -0.044 -0.035 -0.148 -0.122 -0.174  0.095
        4  0.28459   0.141  0.036  1.000  0.175 -0.075 -0.088  0.032  0.028 -0.023 -0.106 -0.092
        6  0.22100  -0.022  0.005  0.175  1.000  0.015 -0.072 -0.056  0.058 -0.006 -0.059 -0.015
        8  0.29599  -0.050 -0.232 -0.075  0.015  1.000  0.049  0.034  0.031  0.178  0.058 -0.019
        9  0.25334   0.023 -0.044 -0.088 -0.072  0.049  1.000  0.032  0.166  0.064  0.036  0.129
       20  0.43555   0.051 -0.035  0.032 -0.056  0.034  0.032  1.000 -0.027 -0.075  0.059  0.387
       21  0.37895   0.248 -0.148  0.028  0.058  0.031  0.166 -0.027  1.000  0.019  0.208 -0.058
       22  0.22374  -0.030 -0.122 -0.023 -0.006  0.178  0.064 -0.075  0.019  1.000 -0.003 -0.046
       23  0.28929   0.049 -0.174 -0.106 -0.059  0.058  0.036  0.059  0.208 -0.003  1.000 -0.022
       24  0.47893  -0.196  0.095 -0.092 -0.015 -0.019  0.129  0.387 -0.058 -0.046 -0.022  1.000
MINUIT - FIT ONLY 1-y
 **********
 **   51 **RES 
 **********
                   PARAMETER   16  beta_vw RESTORED TO VARIABLE.
                   PARAMETER   14  alpha_vw RESTORED TO VARIABLE.
                   PARAMETER   13  beta_y RESTORED TO VARIABLE.
                   PARAMETER   11  alpha_y RESTORED TO VARIABLE.
                   PARAMETER   10  beta_2CBO RESTORED TO VARIABLE.
 **********
 **   52 **FIX            0
 **********
 PARAMETER    0  IS UNDEFINED. IGNORED.
 **********
 **   53 **FIX            1
 **********
 **********
 **   54 **FIX            2
 **********
 PARAMETER    2  IS CONSTANT.   IGNORED.
 **********
 **   55 **FIX            3
 **********
 **********
 **   56 **FIX            4
 **********
 **********
 **   57 **FIX            5
 **********
 PARAMETER    5  IS CONSTANT.   IGNORED.
 **********
 **   58 **FIX            6
 **********
 **********
 **   59 **FIX            7
 **********
 PARAMETER    7  IS CONSTANT.   IGNORED.
 **********
 **   60 **FIX            8
 **********
 **********
 **   61 **FIX            9
 **********
 **********
 **   62 **FIX           13
 **********
 **********
 **   63 **FIX           14
 **********
 **********
 **   64 **FIX           15
 **********
 PARAMETER   15  IS CONSTANT.   IGNORED.
 **********
 **   65 **FIX           16
 **********
 **********
 **   66 **MIGRAD
 **********
 START MIGRAD MINIMIZATION.  STRATEGY  1.  CONVERGENCE WHEN EDM .LT. 1.00e-04
 FCN=72.6974 FROM MIGRAD    STATUS=INITIATE       16 CALLS        4175 TOTAL
                     EDM= unknown      STRATEGY= 1      NO ERROR MATRIX       
  EXT PARAMETER               CURRENT GUESS       STEP         FIRST   
  NO.   NAME      VALUE            ERROR          SIZE      DERIVATIVE 
   1  N0           2.79488e+06     fixed    
   2  tau          6.43938e+01   constant   
   3  A0           3.58337e-01     fixed    
   4  phi          4.11615e+00     fixed    
   5  R           -6.25265e+01   constant   
   6  alpha_CBO   -1.80734e-03     fixed    
   7  w_CBO        2.32500e+00   constant   
   8  beta_CBO    -3.30294e-03     fixed    
   9  alpha_2CBO   1.77917e-04     fixed    
  10  beta_2CBO   -8.68779e-05   2.10350e-04   2.10350e-04  -6.55694e+03
  11  alpha_y      0.00000e+00   1.00000e-03   1.00000e-03  -4.55138e+03
  12  w_y          1.44500e+01   constant   
  13  beta_y       1.10213e-04     fixed    
  14  alpha_vw     0.00000e+00     fixed    
  15  w_vw         1.29000e+01   constant   
  16  beta_vw      0.00000e+00     fixed    
  17  LM          -3.26799e-04   constant   
  18  zeta_y       0.00000e+00   constant   
  19  zeta_vw      0.00000e+00   constant   
  20  T_CBO        9.99605e+02   5.41666e+02   2.05431e-02  -1.38610e-04
  21  alpha_A0    -4.75051e-04   1.08422e-03  -1.42105e-06  -9.09962e-01
  22  beta_A0      2.43055e-04   1.06725e-03  -2.25765e-07  -1.86623e-01
  23  alpha_phi    2.78132e-04   1.01332e-03   1.03955e-06   3.43762e-01
  24  beta_phi    -3.03337e-03   1.12221e-03  -2.28833e-06   7.75240e-02
 MIGRAD MINIMIZATION HAS CONVERGED.
 MIGRAD WILL VERIFY CONVERGENCE AND ERROR MATRIX.
 COVARIANCE MATRIX CALCULATED SUCCESSFULLY
 FCN=71.9507 FROM MIGRAD    STATUS=CONVERGED     114 CALLS        4273 TOTAL
                     EDM=1.02576e-06    STRATEGY= 1      ERROR MATRIX ACCURATE 
  EXT PARAMETER                                   STEP         FIRST   
  NO.   NAME      VALUE            ERROR          SIZE      DERIVATIVE 
   1  N0           2.79488e+06     fixed    
   2  tau          6.43938e+01   constant   
   3  A0           3.58337e-01     fixed    
   4  phi          4.11615e+00     fixed    
   5  R           -6.25265e+01   constant   
   6  alpha_CBO   -1.80734e-03     fixed    
   7  w_CBO        2.32500e+00   constant   
   8  beta_CBO    -3.30294e-03     fixed    
   9  alpha_2CBO   1.77917e-04     fixed    
  10  beta_2CBO    6.97040e-05   2.19569e-04   8.93047e-07  -3.59879e+00
  11  alpha_y      1.02494e-04   2.14232e-04   8.93015e-07   2.69489e+00
  12  w_y          1.44500e+01   constant   
  13  beta_y       1.10213e-04     fixed    
  14  alpha_vw     0.00000e+00     fixed    
  15  w_vw         1.29000e+01   constant   
  16  beta_vw      0.00000e+00     fixed    
  17  LM          -3.26799e-04   constant   
  18  zeta_y       0.00000e+00   constant   
  19  zeta_vw      0.00000e+00   constant   
  20  T_CBO        1.00000e+03   9.20344e+02   1.04573e-01** at limit **
  21  alpha_A0    -4.93511e-04   1.02326e-03   4.22552e-06  -5.93349e-02
  22  beta_A0      3.38350e-04   9.63294e-04   3.95125e-06   1.69414e-01
  23  alpha_phi    1.68488e-04   9.63913e-04   3.94309e-06   6.94779e-02
  24  beta_phi    -3.03097e-03   1.03689e-03   4.05688e-06  -9.83010e-01
 EXTERNAL ERROR MATRIX.    NDIM=  25    NPAR=  7    ERR DEF=1
  4.821e-08 -6.132e-10 -1.414e-07 -4.409e-09  3.256e-08 -3.461e-08  2.639e-09 
 -6.132e-10  4.590e-08  4.359e-08 -1.969e-09 -5.092e-09  1.688e-09 -2.588e-09 
 -1.414e-07  4.359e-08  7.541e+00 -1.538e-04  1.087e-04  5.671e-05 -9.753e-04 
 -4.409e-09 -1.969e-09 -1.538e-04  1.047e-06  6.750e-08  9.709e-08 -1.227e-08 
  3.256e-08 -5.092e-09  1.087e-04  6.750e-08  9.279e-07 -3.749e-08 -3.964e-08 
 -3.461e-08  1.688e-09  5.671e-05  9.709e-08 -3.749e-08  9.291e-07 -3.760e-08 
  2.639e-09 -2.588e-09 -9.753e-04 -1.227e-08 -3.964e-08 -3.760e-08  1.075e-06 
 PARAMETER  CORRELATION COEFFICIENTS  
       NO.  GLOBAL     10     11     20     21     22     23     24
       10  0.22108   1.000 -0.013 -0.000 -0.020  0.154 -0.164  0.012
       11  0.03106  -0.013  1.000  0.000 -0.009 -0.025  0.008 -0.012
       20  0.34933  -0.000  0.000  1.000 -0.055  0.041  0.021 -0.343
       21  0.13982  -0.020 -0.009 -0.055  1.000  0.068  0.098 -0.012
       22  0.18069   0.154 -0.025  0.041  0.068  1.000 -0.040 -0.040
       23  0.19463  -0.164  0.008  0.021  0.098 -0.040  1.000 -0.038
       24  0.34622   0.012 -0.012 -0.343 -0.012 -0.040 -0.038  1.000
MINUIT - FIT ONLY 2-y
 **********
 **   67 **RES 
 **********
                   PARAMETER   16  beta_vw RESTORED TO VARIABLE.
                   PARAMETER   14  alpha_vw RESTORED TO VARIABLE.
                   PARAMETER   13  beta_y RESTORED TO VARIABLE.
                   PARAMETER    9  alpha_2CBO RESTORED TO VARIABLE.
                   PARAMETER    8  beta_CBO RESTORED TO VARIABLE.
                   PARAMETER    6  alpha_CBO RESTORED TO VARIABLE.
                   PARAMETER    4  phi RESTORED TO VARIABLE.
                   PARAMETER    3  A0 RESTORED TO VARIABLE.
                   PARAMETER    1  N0 RESTORED TO VARIABLE.
 **********
 **   68 **FIX            0
 **********
 PARAMETER    0  IS UNDEFINED. IGNORED.
 **********
 **   69 **FIX            1
 **********
 **********
 **   70 **FIX            2
 **********
 PARAMETER    2  IS CONSTANT.   IGNORED.
 **********
 **   71 **FIX            3
 **********
 **********
 **   72 **FIX            4
 **********
 **********
 **   73 **FIX            5
 **********
 PARAMETER    5  IS CONSTANT.   IGNORED.
 **********
 **   74 **FIX            6
 **********
 **********
 **   75 **FIX            7
 **********
 PARAMETER    7  IS CONSTANT.   IGNORED.
 **********
 **   76 **FIX            8
 **********
 **********
 **   77 **FIX            9
 **********
 **********
 **   78 **FIX           10
 **********
 **********
 **   79 **FIX           11
 **********
 **********
 **   80 **FIX           12
 **********
 PARAMETER   12  IS CONSTANT.   IGNORED.
 **********
 **   81 **FIX           16
 **********
 **********
 **   82 **MIGRAD
 **********
 START MIGRAD MINIMIZATION.  STRATEGY  1.  CONVERGENCE WHEN EDM .LT. 1.00e-04
 FCN=71.9507 FROM MIGRAD    STATUS=INITIATE       16 CALLS        4289 TOTAL
                     EDM= unknown      STRATEGY= 1      NO ERROR MATRIX       
  EXT PARAMETER               CURRENT GUESS       STEP         FIRST   
  NO.   NAME      VALUE            ERROR          SIZE      DERIVATIVE 
   1  N0           2.79488e+06     fixed    
   2  tau          6.43938e+01   constant   
   3  A0           3.58337e-01     fixed    
   4  phi          4.11615e+00     fixed    
   5  R           -6.25265e+01   constant   
   6  alpha_CBO   -1.80734e-03     fixed    
   7  w_CBO        2.32500e+00   constant   
   8  beta_CBO    -3.30294e-03     fixed    
   9  alpha_2CBO   1.77917e-04     fixed    
  10  beta_2CBO    6.97040e-05     fixed    
  11  alpha_y      1.02494e-04     fixed    
  12  w_y          1.44500e+01   constant   
  13  beta_y       1.10213e-04   2.10486e-04   2.10486e-04   9.94998e+02
  14  alpha_vw     0.00000e+00   1.00000e-03   1.00000e-03  -4.26156e+03
  15  w_vw         1.29000e+01   constant   
  16  beta_vw      0.00000e+00     fixed    
  17  LM          -3.26799e-04   constant   
  18  zeta_y       0.00000e+00   constant   
  19  zeta_vw      0.00000e+00   constant   
  20  T_CBO        9.99999e+02   9.20344e+02   1.04573e-01  -5.40107e-06
  21  alpha_A0    -4.93511e-04   1.02326e-03   4.22552e-06  -5.91771e-02
  22  beta_A0      3.38350e-04   9.63294e-04   3.95125e-06   1.69303e-01
  23  alpha_phi    1.68488e-04   9.63913e-04   3.94309e-06   6.94299e-02
  24  beta_phi    -3.03097e-03   1.03689e-03   4.05688e-06  -9.82020e-01
 MIGRAD MINIMIZATION HAS CONVERGED.
 MIGRAD WILL VERIFY CONVERGENCE AND ERROR MATRIX.
 COVARIANCE MATRIX CALCULATED SUCCESSFULLY
 FCN=71.7267 FROM MIGRAD    STATUS=CONVERGED     113 CALLS        4386 TOTAL
                     EDM=8.89855e-08    STRATEGY= 1      ERROR MATRIX ACCURATE 
  EXT PARAMETER                                   STEP         FIRST   
  NO.   NAME      VALUE            ERROR          SIZE      DERIVATIVE 
   1  N0           2.79488e+06     fixed    
   2  tau          6.43938e+01   constant   
   3  A0           3.58337e-01     fixed    
   4  phi          4.11615e+00     fixed    
   5  R           -6.25265e+01   constant   
   6  alpha_CBO   -1.80734e-03     fixed    
   7  w_CBO        2.32500e+00   constant   
   8  beta_CBO    -3.30294e-03     fixed    
   9  alpha_2CBO   1.77917e-04     fixed    
  10  beta_2CBO    6.97040e-05     fixed    
  11  alpha_y      1.02494e-04     fixed    
  12  w_y          1.44500e+01   constant   
  13  beta_y       8.34723e-05   2.12480e-04   8.83747e-07  -9.16580e-01
  14  alpha_vw     9.89033e-05   2.14351e-04   8.91282e-07   3.05943e-01
  15  w_vw         1.29000e+01   constant   
  16  beta_vw      0.00000e+00     fixed    
  17  LM          -3.26799e-04   constant   
  18  zeta_y       0.00000e+00   constant   
  19  zeta_vw      0.00000e+00   constant   
  20  T_CBO        1.00000e+03   7.33784e+02   1.09373e-01** at limit **
  21  alpha_A0    -5.01030e-04   1.02325e-03   4.21899e-06   3.76750e-02
  22  beta_A0      3.30806e-04   9.51696e-04   3.94517e-06   2.14156e-01
  23  alpha_phi    1.56442e-04   9.51332e-04   3.93705e-06   2.62934e-01
  24  beta_phi    -3.03269e-03   1.03915e-03   4.05065e-06  -1.52254e-01
 EXTERNAL ERROR MATRIX.    NDIM=  25    NPAR=  7    ERR DEF=1
  4.515e-08 -1.999e-09  2.574e-10  2.018e-09 -5.223e-11  4.002e-09  1.877e-10 
 -1.999e-09  4.595e-08  4.415e-10 -3.076e-09 -3.557e-09 -4.754e-09 -9.523e-10 
  2.574e-10  4.415e-10  3.906e-03 -3.623e-06  2.466e-06  1.226e-06 -2.263e-05 
  2.018e-09 -3.076e-09 -3.623e-06  1.047e-06  7.043e-08  9.448e-08 -1.098e-08 
 -5.223e-11 -3.557e-09  2.466e-06  7.043e-08  9.057e-07 -1.369e-08 -4.182e-08 
  4.002e-09 -4.754e-09  1.226e-06  9.448e-08 -1.369e-08  9.050e-07 -3.530e-08 
  1.877e-10 -9.523e-10 -2.263e-05 -1.098e-08 -4.182e-08 -3.530e-08  1.080e-06 
 PARAMETER  CORRELATION COEFFICIENTS  
       NO.  GLOBAL     13     14     20     21     22     23     24
       13  0.04827   1.000 -0.044  0.000  0.009 -0.000  0.020  0.001
       14  0.05374  -0.044  1.000  0.000 -0.014 -0.017 -0.023 -0.004
       20  0.35528   0.000  0.000  1.000 -0.057  0.041  0.021 -0.348
       21  0.13987   0.009 -0.014 -0.057  1.000  0.072  0.097 -0.010
       22  0.09454  -0.000 -0.017  0.041  0.072  1.000 -0.015 -0.042
       23  0.11072   0.020 -0.023  0.021  0.097 -0.015  1.000 -0.036
       24  0.35169   0.001 -0.004 -0.348 -0.010 -0.042 -0.036  1.000
MINUIT - FIT ALTOGETHER
 **********
 **   83 **RES 
 **********
