 + ++++++++++++++++++++++++++++++++++++++++++++++++++++++++++++++++++++ +
 +                                                                      +
 +           You have chose to blind your fitting according to          +
 +                omega_ref * (1 + (R +/- deltaR) *10^{-6})             +
 +                                                                      +
 + ++++++++++++++++++++++++++++++++++++++++++++++++++++++++++++++++++++ +
In main()...
reading format from /gm2data/zkhechad/run45/envelope/formats/formatB_sBin_constraintOn.txt
pBinTau 	= 0  
pBinPhi 	= 0  
constraintau 	= 1 
includeMopTerm 	= 0    
constrainMop    = 0   
Parameters after format file: pBinTau 0 pBinPhi 0 constraintau 1 includeMopTerm 0 constrainMop 0 c_e_scale 0.000000 
Opening file /gm2data/tbarrett/gm2fr/studies/run23_bunch_corrections/CorrectedFourier_Run3b.root.
reading full fit data from /gm2data/zkhechad/cboTemplates/Run4CBOTemplates/fullFits/noRF/sBin_constraintOn_cE0.0_seed0_noRF_calo2.root
windowBins = 34
fitting sliding window 105 from bin 241 at 35.808000 to bin 275 at 41.030000 (34 bins)

Reading data from /gm2data/cornell/histograms/aMethod/histogram_a_noRF.root
 **********
 **    1 **SET PRINTOUT            1
 **********
 **********
 **    2 **SET NOWARNINGS 
 **********
 PARAMETER DEFINITIONS:
    NO.   NAME         VALUE      STEP SIZE      LIMITS
     1 N0           3.21058e+06  1.00000e+02     no limits
     2 tau          6.44090e+01  constant
     3 A0           3.64384e-01  1.00000e-04     no limits
     4 phi          4.11815e+00  1.00000e-02     no limits
     5 R           -6.00655e+01  constant
     6 alpha_CBO    0.00000e+00  1.00000e-03     no limits
     7 w_CBO        2.32500e+00  constant
     8 beta_CBO     0.00000e+00  1.00000e-03     no limits
     9 alpha_2CBO   0.00000e+00  1.00000e-03     no limits
    10 beta_2CBO    0.00000e+00  1.00000e-03     no limits
    11 alpha_y      0.00000e+00  1.00000e-03     no limits
    12 w_y          1.38860e+01  constant
    13 beta_y       0.00000e+00  1.00000e-03     no limits
    14 alpha_vw     0.00000e+00  1.00000e-03     no limits
    15 w_vw         1.43404e+01  constant
    16 beta_vw      0.00000e+00  1.00000e-03     no limits
    17 LM           2.36781e-04  constant
    18 zeta_y       0.00000e+00  constant
    19 zeta_vw      0.00000e+00  constant
    20 T_CBO        1.00000e+02  1.00000e+00    0.00000e+00  1.00000e+03
    21 alpha_A0     0.00000e+00  1.00000e-03     no limits
    22 beta_A0      0.00000e+00  1.00000e-03     no limits
    23 alpha_phi    0.00000e+00  1.00000e-03     no limits
    24 beta_phi     0.00000e+00  1.00000e-03     no limits
MINUIT - FIT ONLY WIGGLE
 **********
 **    3 **FIX            5
 **********
 PARAMETER    5  IS CONSTANT.   IGNORED.
 **********
 **    4 **FIX            6
 **********
 **********
 **    5 **FIX            7
 **********
 PARAMETER    7  IS CONSTANT.   IGNORED.
 **********
 **    6 **FIX            8
 **********
 **********
 **    7 **FIX            9
 **********
 **********
 **    8 **FIX           10
 **********
 **********
 **    9 **FIX           11
 **********
 **********
 **   10 **FIX           12
 **********
 PARAMETER   12  IS CONSTANT.   IGNORED.
 **********
 **   11 **FIX           13
 **********
 **********
 **   12 **FIX           14
 **********
 **********
 **   13 **FIX           15
 **********
 PARAMETER   15  IS CONSTANT.   IGNORED.
 **********
 **   14 **FIX           16
 **********
 **********
 **   15 **MIGRAD
 **********
 FIRST CALL TO USER FUNCTION AT NEW START POINT, WITH IFLAG=4.
 START MIGRAD MINIMIZATION.  STRATEGY  1.  CONVERGENCE WHEN EDM .LT. 1.00e-04
 FCN=4461.48 FROM MIGRAD    STATUS=INITIATE      435 CALLS         436 TOTAL
                     EDM= unknown      STRATEGY= 1      NO ERROR MATRIX       
  EXT PARAMETER               CURRENT GUESS       STEP         FIRST   
  NO.   NAME      VALUE            ERROR          SIZE      DERIVATIVE 
   1  N0           3.21058e+06   1.00000e+02   0.00000e+00   2.80737e-02
   2  tau          6.44090e+01   constant   
   3  A0           3.64384e-01   1.00000e-04   0.00000e+00   3.24748e+05
   4  phi          4.11815e+00   1.00000e-02   0.00000e+00  -4.75782e+04
   5  R           -6.00655e+01   constant   
   6  alpha_CBO    0.00000e+00     fixed    
   7  w_CBO        2.32500e+00   constant   
   8  beta_CBO     0.00000e+00     fixed    
   9  alpha_2CBO   0.00000e+00     fixed    
  10  beta_2CBO    0.00000e+00     fixed    
  11  alpha_y      0.00000e+00     fixed    
  12  w_y          1.38860e+01   constant   
  13  beta_y       0.00000e+00     fixed    
  14  alpha_vw     0.00000e+00     fixed    
  15  w_vw         1.43404e+01   constant   
  16  beta_vw      0.00000e+00     fixed    
  17  LM           2.36781e-04   constant   
  18  zeta_y       0.00000e+00   constant   
  19  zeta_vw      0.00000e+00   constant   
  20  T_CBO        1.00000e+02   1.00000e+00   0.00000e+00   0.00000e+00
  21  alpha_A0     0.00000e+00   1.00000e-03   0.00000e+00  -4.35503e+04
  22  beta_A0      0.00000e+00   1.00000e-03   0.00000e+00   2.30321e+04
  23  alpha_phi    0.00000e+00   1.00000e-03   0.00000e+00  -3.14287e+04
  24  beta_phi     0.00000e+00   1.00000e-03   0.00000e+00   4.35869e+04
 CALL LIMIT EXCEEDED IN MIGRAD.
 MIGRAD TERMINATED WITHOUT CONVERGENCE.
 FCN=2296.03 FROM MIGRAD    STATUS=CALL LIMIT   1332 CALLS        1333 TOTAL
                     EDM=0.880304    STRATEGY= 1  ERROR MATRIX UNCERTAINTY   3.4 per cent
  EXT PARAMETER                APPROXIMATE        STEP         FIRST   
  NO.   NAME      VALUE            ERROR          SIZE      DERIVATIVE 
   1  N0           3.20853e+06   3.72706e+02  -6.54252e+01  -3.22413e-04
   2  tau          6.44090e+01   constant   
   3  A0           3.58759e-01   1.50747e-04   5.41941e-06  -4.54464e+03
   4  phi          4.13248e+00   4.99842e-04   5.75090e-06   1.63990e+03
   5  R           -6.00655e+01   constant   
   6  alpha_CBO    0.00000e+00     fixed    
   7  w_CBO        2.32500e+00   constant   
   8  beta_CBO     0.00000e+00     fixed    
   9  alpha_2CBO   0.00000e+00     fixed    
  10  beta_2CBO    0.00000e+00     fixed    
  11  alpha_y      0.00000e+00     fixed    
  12  w_y          1.38860e+01   constant   
  13  beta_y       0.00000e+00     fixed    
  14  alpha_vw     0.00000e+00     fixed    
  15  w_vw         1.43404e+01   constant   
  16  beta_vw      0.00000e+00     fixed    
  17  LM           2.36781e-04   constant   
  18  zeta_y       0.00000e+00   constant   
  19  zeta_vw      0.00000e+00   constant   
  20  T_CBO        2.07368e+01   1.45674e+00  -5.44824e-03  -9.44121e+02
  21  alpha_A0     9.28066e-02   1.09378e-02   5.75958e-03  -3.38526e+02
  22  beta_A0      6.33181e-02   8.02494e-03   4.19636e-03  -1.53696e+02
  23  alpha_phi    6.82230e-03   1.79773e-03   4.95834e-04  -8.78455e+01
  24  beta_phi    -1.02899e-01   1.18311e-02  -6.25343e-03   4.12691e+02
 EXTERNAL ERROR MATRIX.    NDIM=  25    NPAR=  8    ERR DEF=1
  1.389e+05  1.587e-02  7.733e-02  1.302e+02 -8.211e-01 -1.138e+00 -5.063e-01  1.006e+00 
  1.587e-02  2.272e-08 -1.750e-08 -4.182e-05  1.942e-07  6.429e-09 -6.245e-08 -1.791e-07 
  7.733e-02 -1.750e-08  2.498e-07  6.650e-05  2.350e-07 -3.663e-07 -4.883e-07 -1.299e-07 
  1.302e+02 -4.182e-05  6.650e-05  2.122e+00 -1.570e-02 -1.133e-02 -1.328e-03  1.701e-02 
 -8.211e-01  1.942e-07  2.350e-07 -1.570e-02  1.196e-04  8.495e-05  8.863e-06 -1.287e-04 
 -1.138e+00  6.429e-09 -3.663e-07 -1.133e-02  8.495e-05  6.440e-05  8.791e-06 -9.267e-05 
 -5.063e-01 -6.245e-08 -4.883e-07 -1.328e-03  8.863e-06  8.791e-06  3.232e-06 -1.012e-05 
  1.006e+00 -1.791e-07 -1.299e-07  1.701e-02 -1.287e-04 -9.267e-05 -1.012e-05  1.400e-04 
ERR MATRIX APPROXIMATE
 PARAMETER  CORRELATION COEFFICIENTS  
       NO.  GLOBAL      1      3      4     20     21     22     23     24
        1  0.82945   1.000  0.282  0.415  0.240 -0.201 -0.381 -0.756  0.228
        3  0.81947   0.282  1.000 -0.232 -0.190  0.118  0.005 -0.230 -0.100
        4  0.88636   0.415 -0.232  1.000  0.091  0.043 -0.091 -0.543 -0.022
       20  0.99685   0.240 -0.190  0.091  1.000 -0.985 -0.970 -0.507  0.987
       21  0.99645  -0.201  0.118  0.043 -0.985  1.000  0.968  0.451 -0.995
       22  0.99383  -0.381  0.005 -0.091 -0.970  0.968  1.000  0.609 -0.976
       23  0.90107  -0.756 -0.230 -0.543 -0.507  0.451  0.609  1.000 -0.476
       24  0.99713   0.228 -0.100 -0.022  0.987 -0.995 -0.976 -0.476  1.000
 ERR MATRIX APPROXIMATE
MINUIT - FIT ONLY 1-CBO + wiggle
 **********
 **   16 **RES 
 **********
                   PARAMETER   16  beta_vw RESTORED TO VARIABLE.
                   PARAMETER   14  alpha_vw RESTORED TO VARIABLE.
                   PARAMETER   13  beta_y RESTORED TO VARIABLE.
                   PARAMETER   11  alpha_y RESTORED TO VARIABLE.
                   PARAMETER   10  beta_2CBO RESTORED TO VARIABLE.
                   PARAMETER    9  alpha_2CBO RESTORED TO VARIABLE.
                   PARAMETER    8  beta_CBO RESTORED TO VARIABLE.
                   PARAMETER    6  alpha_CBO RESTORED TO VARIABLE.
 **********
 **   17 **FIX            8
 **********
 **********
 **   18 **FIX            9
 **********
 **********
 **   19 **FIX           11
 **********
 **********
 **   20 **FIX           12
 **********
 PARAMETER   12  IS CONSTANT.   IGNORED.
 **********
 **   21 **FIX           14
 **********
 **********
 **   22 **FIX           15
 **********
 PARAMETER   15  IS CONSTANT.   IGNORED.
 **********
 **   23 **FIX           16
 **********
 **********
 **   24 **MIGRAD
 **********
 START MIGRAD MINIMIZATION.  STRATEGY  1.  CONVERGENCE WHEN EDM .LT. 1.00e-04
 FCN=2296.03 FROM MIGRAD    STATUS=INITIATE       28 CALLS        1361 TOTAL
                     EDM= unknown      STRATEGY= 1      NO ERROR MATRIX       
  EXT PARAMETER               CURRENT GUESS       STEP         FIRST   
  NO.   NAME      VALUE            ERROR          SIZE      DERIVATIVE 
   1  N0           3.20853e+06   3.72706e+02  -6.54252e+01  -3.22413e-04
   2  tau          6.44090e+01   constant   
   3  A0           3.58759e-01   1.50747e-04   5.41941e-06  -4.54464e+03
   4  phi          4.13248e+00   4.99842e-04   5.75090e-06   1.63990e+03
   5  R           -6.00655e+01   constant   
   6  alpha_CBO    0.00000e+00   1.00000e-03   1.00000e-03   3.62335e+05
   7  w_CBO        2.32500e+00   constant   
   8  beta_CBO     0.00000e+00     fixed    
   9  alpha_2CBO   0.00000e+00     fixed    
  10  beta_2CBO    0.00000e+00   1.00000e-03   1.00000e-03  -2.33441e+05
  11  alpha_y      0.00000e+00     fixed    
  12  w_y          1.38860e+01   constant   
  13  beta_y       0.00000e+00   1.00000e-03   1.00000e-03  -4.59004e+05
  14  alpha_vw     0.00000e+00     fixed    
  15  w_vw         1.43404e+01   constant   
  16  beta_vw      0.00000e+00     fixed    
  17  LM           2.36781e-04   constant   
  18  zeta_y       0.00000e+00   constant   
  19  zeta_vw      0.00000e+00   constant   
  20  T_CBO        2.07368e+01   1.45674e+00  -5.44824e-03  -9.44121e+02
  21  alpha_A0     9.28066e-02   1.09378e-02   5.75958e-03  -3.38526e+02
  22  beta_A0      6.33181e-02   8.02494e-03   4.19636e-03  -1.53696e+02
  23  alpha_phi    6.82230e-03   1.79773e-03   4.95834e-04  -8.78455e+01
  24  beta_phi    -1.02899e-01   1.18311e-02  -6.25343e-03   4.12691e+02
 MIGRAD MINIMIZATION HAS CONVERGED.
 FCN=374.9 FROM MIGRAD    STATUS=CONVERGED     570 CALLS        1903 TOTAL
                     EDM=6.26084e-06    STRATEGY= 1  ERROR MATRIX UNCERTAINTY   1.4 per cent
  EXT PARAMETER                                   STEP         FIRST   
  NO.   NAME      VALUE            ERROR          SIZE      DERIVATIVE 
   1  N0           3.22516e+06   1.05181e+03   6.25326e+00   1.52100e-05
   2  tau          6.44090e+01   constant   
   3  A0           3.69290e-01   4.77762e-04   2.41584e-06   3.34341e+01
   4  phi          4.12890e+00   7.54760e-04   1.37861e-06   1.46739e+00
   5  R           -6.00655e+01   constant   
   6  alpha_CBO   -7.46072e-03   2.42267e-04  -1.07745e-06  -7.92977e+00
   7  w_CBO        2.32500e+00   constant   
   8  beta_CBO     0.00000e+00     fixed    
   9  alpha_2CBO   0.00000e+00     fixed    
  10  beta_2CBO   -2.32029e-04   1.41720e-04  -3.18704e-07  -6.63745e+00
  11  alpha_y      0.00000e+00     fixed    
  12  w_y          1.38860e+01   constant   
  13  beta_y       2.87633e-03   1.13833e-04  -3.16984e-07  -3.08164e+00
  14  alpha_vw     0.00000e+00     fixed    
  15  w_vw         1.43404e+01   constant   
  16  beta_vw      0.00000e+00     fixed    
  17  LM           2.36781e-04   constant   
  18  zeta_y       0.00000e+00   constant   
  19  zeta_vw      0.00000e+00   constant   
  20  T_CBO        1.46507e+01   1.26428e-01  -2.45018e-06   8.16138e-01
  21  alpha_A0     1.20033e-01   9.70474e-03   2.05721e-05   1.06758e-01
  22  beta_A0     -3.83386e-01   3.12539e-02  -1.71940e-04   5.99363e-01
  23  alpha_phi   -3.70713e-01   2.75027e-02  -1.52978e-04   6.14056e-01
  24  beta_phi    -6.39014e-02   9.09942e-03   1.31370e-05   3.40333e-01
 EXTERNAL ERROR MATRIX.    NDIM=  25    NPAR= 11    ERR DEF=1
  1.106e+06 
  4.431e-01  2.283e-07 
  4.226e-01  7.302e-08  5.697e-07 
 -1.687e-01 -9.743e-08  1.255e-08  5.869e-08 
 -5.200e-02 -3.314e-08  4.838e-09  1.512e-08  2.008e-08 
 -7.423e-03 -1.578e-09 -6.169e-09  9.770e-11 -7.191e-10  1.296e-08 
 -4.823e+01 -3.450e-05  2.878e-05  1.847e-05  7.978e-06  3.266e-07  1.598e-02 
  5.621e+00  1.338e-06  5.836e-06 -3.132e-08 -1.869e-07 -6.613e-08  1.072e-05  9.418e-05 
 -3.013e+01 -1.456e-05 -6.311e-06  6.136e-06  2.152e-06  1.832e-07  2.334e-03 -1.116e-04  9.768e-04 
 -2.779e+01 -1.227e-05 -9.147e-06  4.976e-06  1.650e-06  2.036e-07  1.684e-03 -1.357e-04  8.120e-04  7.564e-04 
  9.540e-01  1.853e-06 -4.037e-06 -1.169e-06 -6.061e-07  8.252e-08 -6.779e-04 -2.955e-05 -1.114e-04 -5.469e-05  8.280e-05 
 PARAMETER  CORRELATION COEFFICIENTS  
       NO.  GLOBAL      1      3      4      6     10     13     20     21     22     23     24
        1  0.98107   1.000  0.882  0.532 -0.662 -0.349 -0.062 -0.363  0.551 -0.917 -0.961  0.100
        3  0.98588   0.882  1.000  0.202 -0.842 -0.489 -0.029 -0.571  0.289 -0.975 -0.934  0.426
        4  0.92852   0.532  0.202  1.000  0.069  0.045 -0.072  0.302  0.797 -0.268 -0.441 -0.588
        6  0.89124  -0.662 -0.842  0.069  1.000  0.440  0.004  0.603 -0.013  0.810  0.747 -0.530
       10  0.60578  -0.349 -0.489  0.045  0.440  1.000 -0.045  0.445 -0.136  0.486  0.423 -0.470
       13  0.18870  -0.062 -0.029 -0.072  0.004 -0.045  1.000  0.023 -0.060  0.051  0.065  0.080
       20  0.83586  -0.363 -0.571  0.302  0.603  0.445  0.023  1.000  0.009  0.591  0.484 -0.589
       21  0.86073   0.551  0.289  0.797 -0.013 -0.136 -0.060  0.009  1.000 -0.368 -0.508 -0.335
       22  0.98876  -0.917 -0.975 -0.268  0.810  0.486  0.051  0.591 -0.368  1.000  0.945 -0.392
       23  0.98521  -0.961 -0.934 -0.441  0.747  0.423  0.065  0.484 -0.508  0.945  1.000 -0.219
       24  0.85324   0.100  0.426 -0.588 -0.530 -0.470  0.080 -0.589 -0.335 -0.392 -0.219  1.000
MINUIT - FIT ONLY 2-CBO
 **********
 **   25 **RES 
 **********
                   PARAMETER   16  beta_vw RESTORED TO VARIABLE.
                   PARAMETER   14  alpha_vw RESTORED TO VARIABLE.
                   PARAMETER   11  alpha_y RESTORED TO VARIABLE.
                   PARAMETER    9  alpha_2CBO RESTORED TO VARIABLE.
                   PARAMETER    8  beta_CBO RESTORED TO VARIABLE.
 **********
 **   26 **FIX            0
 **********
 PARAMETER    0  IS UNDEFINED. IGNORED.
 **********
 **   27 **FIX            1
 **********
 **********
 **   28 **FIX            2
 **********
 PARAMETER    2  IS CONSTANT.   IGNORED.
 **********
 **   29 **FIX            3
 **********
 **********
 **   30 **FIX            4
 **********
 **********
 **   31 **FIX            5
 **********
 PARAMETER    5  IS CONSTANT.   IGNORED.
 **********
 **   32 **FIX            6
 **********
 **********
 **   33 **FIX            7
 **********
 PARAMETER    7  IS CONSTANT.   IGNORED.
 **********
 **   34 **FIX           10
 **********
 **********
 **   35 **FIX           11
 **********
 **********
 **   36 **FIX           12
 **********
 PARAMETER   12  IS CONSTANT.   IGNORED.
 **********
 **   37 **FIX           13
 **********
 **********
 **   38 **FIX           14
 **********
 **********
 **   39 **FIX           15
 **********
 PARAMETER   15  IS CONSTANT.   IGNORED.
 **********
 **   40 **FIX           16
 **********
 **********
 **   41 **MIGRAD
 **********
 START MIGRAD MINIMIZATION.  STRATEGY  1.  CONVERGENCE WHEN EDM .LT. 1.00e-04
 FCN=374.9 FROM MIGRAD    STATUS=INITIATE       18 CALLS        1921 TOTAL
                     EDM= unknown      STRATEGY= 1      NO ERROR MATRIX       
  EXT PARAMETER               CURRENT GUESS       STEP         FIRST   
  NO.   NAME      VALUE            ERROR          SIZE      DERIVATIVE 
   1  N0           3.22516e+06     fixed    
   2  tau          6.44090e+01   constant   
   3  A0           3.69290e-01     fixed    
   4  phi          4.12890e+00     fixed    
   5  R           -6.00655e+01   constant   
   6  alpha_CBO   -7.46072e-03     fixed    
   7  w_CBO        2.32500e+00   constant   
   8  beta_CBO     0.00000e+00   1.00000e-03   1.00000e-03  -7.84137e+03
   9  alpha_2CBO   0.00000e+00   1.00000e-03   1.00000e-03  -1.40120e+04
  10  beta_2CBO   -2.32029e-04     fixed    
  11  alpha_y      0.00000e+00     fixed    
  12  w_y          1.38860e+01   constant   
  13  beta_y       2.87633e-03     fixed    
  14  alpha_vw     0.00000e+00     fixed    
  15  w_vw         1.43404e+01   constant   
  16  beta_vw      0.00000e+00     fixed    
  17  LM           2.36781e-04   constant   
  18  zeta_y       0.00000e+00   constant   
  19  zeta_vw      0.00000e+00   constant   
  20  T_CBO        1.46507e+01   1.26428e-01  -2.45018e-06   8.16140e-01
  21  alpha_A0     1.20033e-01   9.70474e-03   2.05721e-05   1.06756e-01
  22  beta_A0     -3.83386e-01   3.12539e-02  -1.71940e-04   5.99362e-01
  23  alpha_phi   -3.70713e-01   2.75027e-02  -1.52978e-04   6.14056e-01
  24  beta_phi    -6.39014e-02   9.09942e-03   1.31370e-05   3.40333e-01
 MIGRAD MINIMIZATION HAS CONVERGED.
 MIGRAD WILL VERIFY CONVERGENCE AND ERROR MATRIX.
 COVARIANCE MATRIX CALCULATED SUCCESSFULLY
 FCN=373.95 FROM MIGRAD    STATUS=CONVERGED     349 CALLS        2252 TOTAL
                     EDM=1.18178e-06    STRATEGY= 1      ERROR MATRIX ACCURATE 
  EXT PARAMETER                                   STEP         FIRST   
  NO.   NAME      VALUE            ERROR          SIZE      DERIVATIVE 
   1  N0           3.22516e+06     fixed    
   2  tau          6.44090e+01   constant   
   3  A0           3.69290e-01     fixed    
   4  phi          4.12890e+00     fixed    
   5  R           -6.00655e+01   constant   
   6  alpha_CBO   -7.46072e-03     fixed    
   7  w_CBO        2.32500e+00   constant   
   8  beta_CBO     3.69765e-05   1.33344e-04   1.09657e-06  -2.96526e-01
   9  alpha_2CBO   1.09759e-04   1.27790e-04   1.07571e-06   1.80339e+00
  10  beta_2CBO   -2.32029e-04     fixed    
  11  alpha_y      0.00000e+00     fixed    
  12  w_y          1.38860e+01   constant   
  13  beta_y       2.87633e-03     fixed    
  14  alpha_vw     0.00000e+00     fixed    
  15  w_vw         1.43404e+01   constant   
  16  beta_vw      0.00000e+00     fixed    
  17  LM           2.36781e-04   constant   
  18  zeta_y       0.00000e+00   constant   
  19  zeta_vw      0.00000e+00   constant   
  20  T_CBO        1.38948e+01   2.84551e+00   5.09427e-06  -2.37355e+00
  21  alpha_A0     1.38926e-01   7.87598e-02   5.37533e-05  -1.52719e-02
  22  beta_A0     -4.39710e-01   2.45294e-01   6.41700e-05   7.67601e-02
  23  alpha_phi   -4.29336e-01   2.45542e-01   6.43388e-05   1.45505e-01
  24  beta_phi    -7.33057e-02   4.17695e-02   5.48915e-05   6.55996e-02
 EXTERNAL ERROR MATRIX.    NDIM=  25    NPAR=  7    ERR DEF=1
  1.778e-08 -3.172e-09  1.738e-04 -4.794e-06  1.504e-05  1.494e-05  2.623e-06 
 -3.172e-09  1.633e-08 -1.301e-04  3.665e-06 -1.104e-05 -1.137e-05 -1.897e-06 
  1.738e-04 -1.301e-04  8.099e+00 -2.235e-01  6.978e-01  6.984e-01  1.176e-01 
 -4.794e-06  3.665e-06 -2.235e-01  6.203e-03 -1.926e-02 -1.928e-02 -3.241e-03 
  1.504e-05 -1.104e-05  6.978e-01 -1.926e-02  6.017e-02  6.019e-02  1.013e-02 
  1.494e-05 -1.137e-05  6.984e-01 -1.928e-02  6.019e-02  6.029e-02  1.015e-02 
  2.623e-06 -1.897e-06  1.176e-01 -3.241e-03  1.013e-02  1.015e-02  1.745e-03 
 PARAMETER  CORRELATION COEFFICIENTS  
       NO.  GLOBAL      8      9     20     21     22     23     24
        8  0.49345   1.000 -0.186  0.458 -0.456  0.460  0.456  0.471
        9  0.45536  -0.186  1.000 -0.358  0.364 -0.352 -0.362 -0.355
       20  0.99975   0.458 -0.358  1.000 -0.997  1.000  1.000  0.989
       21  0.99738  -0.456  0.364 -0.997  1.000 -0.997 -0.997 -0.985
       22  0.99962   0.460 -0.352  1.000 -0.997  1.000  0.999  0.989
       23  0.99961   0.456 -0.362  1.000 -0.997  0.999  1.000  0.990
       24  0.99025   0.471 -0.355  0.989 -0.985  0.989  0.990  1.000
MINUIT - FIT wiggle + 1-CBO + 2-CBO
 **********
 **   42 **RES 
 **********
                   PARAMETER   16  beta_vw RESTORED TO VARIABLE.
                   PARAMETER   14  alpha_vw RESTORED TO VARIABLE.
                   PARAMETER   13  beta_y RESTORED TO VARIABLE.
                   PARAMETER   11  alpha_y RESTORED TO VARIABLE.
                   PARAMETER   10  beta_2CBO RESTORED TO VARIABLE.
                   PARAMETER    6  alpha_CBO RESTORED TO VARIABLE.
                   PARAMETER    4  phi RESTORED TO VARIABLE.
                   PARAMETER    3  A0 RESTORED TO VARIABLE.
                   PARAMETER    1  N0 RESTORED TO VARIABLE.
 **********
 **   43 **FIX           10
 **********
 **********
 **   44 **FIX           11
 **********
 **********
 **   45 **FIX           12
 **********
 PARAMETER   12  IS CONSTANT.   IGNORED.
 **********
 **   46 **FIX           13
 **********
 **********
 **   47 **FIX           14
 **********
 **********
 **   48 **FIX           15
 **********
 PARAMETER   15  IS CONSTANT.   IGNORED.
 **********
 **   49 **FIX           16
 **********
 **********
 **   50 **MIGRAD
 **********
 START MIGRAD MINIMIZATION.  STRATEGY  1.  CONVERGENCE WHEN EDM .LT. 1.00e-04
 FCN=373.95 FROM MIGRAD    STATUS=INITIATE       22 CALLS        2274 TOTAL
                     EDM= unknown      STRATEGY= 1      NO ERROR MATRIX       
  EXT PARAMETER               CURRENT GUESS       STEP         FIRST   
  NO.   NAME      VALUE            ERROR          SIZE      DERIVATIVE 
   1  N0           3.22516e+06   1.05181e+03   1.05181e+03  -1.73177e-04
   2  tau          6.44090e+01   constant   
   3  A0           3.69290e-01   4.77762e-04   4.77762e-04   1.25557e+03
   4  phi          4.12890e+00   7.54760e-04   7.54760e-04   5.37058e+02
   5  R           -6.00655e+01   constant   
   6  alpha_CBO   -7.46072e-03   2.42267e-04   2.42267e-04  -1.91800e+03
   7  w_CBO        2.32500e+00   constant   
   8  beta_CBO     3.69765e-05   1.33344e-04   1.09657e-06  -2.96472e-01
   9  alpha_2CBO   1.09759e-04   1.27790e-04   1.07571e-06   1.80345e+00
  10  beta_2CBO   -2.32029e-04     fixed    
  11  alpha_y      0.00000e+00     fixed    
  12  w_y          1.38860e+01   constant   
  13  beta_y       2.87633e-03     fixed    
  14  alpha_vw     0.00000e+00     fixed    
  15  w_vw         1.43404e+01   constant   
  16  beta_vw      0.00000e+00     fixed    
  17  LM           2.36781e-04   constant   
  18  zeta_y       0.00000e+00   constant   
  19  zeta_vw      0.00000e+00   constant   
  20  T_CBO        1.38948e+01   2.84551e+00   5.09427e-06  -2.37258e+00
  21  alpha_A0     1.38926e-01   7.87598e-02   5.37533e-05  -1.52757e-02
  22  beta_A0     -4.39710e-01   2.45294e-01   6.41700e-05   7.67525e-02
  23  alpha_phi   -4.29336e-01   2.45542e-01   6.43388e-05   1.45505e-01
  24  beta_phi    -7.33057e-02   4.17695e-02   5.48915e-05   6.55991e-02
 MIGRAD MINIMIZATION HAS CONVERGED.
 MIGRAD WILL VERIFY CONVERGENCE AND ERROR MATRIX.
 COVARIANCE MATRIX CALCULATED SUCCESSFULLY
 FCN=370.754 FROM HESSE     STATUS=OK            100 CALLS        2888 TOTAL
                     EDM=0.000446358    STRATEGY= 1      ERROR MATRIX ACCURATE 
  EXT PARAMETER                                   STEP         FIRST   
  NO.   NAME      VALUE            ERROR          SIZE      DERIVATIVE 
   1  N0           3.21799e+06   3.89629e+03   2.43245e+00  -7.17080e-07
   2  tau          6.44090e+01   constant   
   3  A0           3.67127e-01   1.22980e-03   9.62059e-07  -6.26242e+00
   4  phi          4.12208e+00   3.83562e-03   2.70482e-06   2.16997e+00
   5  R           -6.00655e+01   constant   
   6  alpha_CBO   -7.00011e-03   3.08106e-04   1.04911e-06   1.79108e+01
   7  w_CBO        2.32500e+00   constant   
   8  beta_CBO     1.11418e-03   5.99560e-04   1.09188e-06   7.92705e+00
   9  alpha_2CBO  -7.15135e-05   1.74151e-04   1.07107e-06  -8.93811e-01
  10  beta_2CBO   -2.32029e-04     fixed    
  11  alpha_y      0.00000e+00     fixed    
  12  w_y          1.38860e+01   constant   
  13  beta_y       2.87633e-03     fixed    
  14  alpha_vw     0.00000e+00     fixed    
  15  w_vw         1.43404e+01   constant   
  16  beta_vw      0.00000e+00     fixed    
  17  LM           2.36781e-04   constant   
  18  zeta_y       0.00000e+00   constant   
  19  zeta_vw      0.00000e+00   constant   
  20  T_CBO        1.22462e+01   9.76846e+00   8.00149e-06   8.50567e-01
  21  alpha_A0     7.76667e-02   1.87013e-01   7.87131e-05   1.13929e-02
  22  beta_A0     -3.56933e-01   9.09150e-01   9.39968e-05   1.15794e-01
  23  alpha_phi   -3.21842e-01   8.23715e-01   9.38859e-05  -3.28543e-01
  24  beta_phi    -3.68012e-02   8.00407e-02   7.94450e-05   5.81013e-01
 MIGRAD MINIMIZATION HAS CONVERGED.
 MIGRAD WILL VERIFY CONVERGENCE AND ERROR MATRIX.
 COVARIANCE MATRIX CALCULATED SUCCESSFULLY
 MIGRAD TERMINATED WITHOUT CONVERGENCE.
 FCN=370.754 FROM MIGRAD    STATUS=FAILED        883 CALLS        3135 TOTAL
                     EDM=0.000348888    STRATEGY= 1      ERR MATRIX APPROXIMATE
  EXT PARAMETER                APPROXIMATE        STEP         FIRST   
  NO.   NAME      VALUE            ERROR          SIZE      DERIVATIVE 
   1  N0           3.21799e+06   3.94115e+03   2.43244e+00   2.77359e-05
   2  tau          6.44090e+01   constant   
   3  A0           3.67124e-01   1.19946e-03   9.62050e-07   7.44928e+01
   4  phi          4.12209e+00   3.86403e-03   2.70495e-06   1.38678e+01
   5  R           -6.00655e+01   constant   
   6  alpha_CBO   -6.99954e-03   3.03076e-04   1.04911e-06  -2.59744e+01
   7  w_CBO        2.32500e+00   constant   
   8  beta_CBO     1.11456e-03   6.06556e-04   1.09188e-06  -1.31032e+01
   9  alpha_2CBO  -7.14568e-05   1.75234e-04   1.07107e-06  -4.54829e+00
  10  beta_2CBO   -2.32029e-04     fixed    
  11  alpha_y      0.00000e+00     fixed    
  12  w_y          1.38860e+01   constant   
  13  beta_y       2.87633e-03     fixed    
  14  alpha_vw     0.00000e+00     fixed    
  15  w_vw         1.43404e+01   constant   
  16  beta_vw      0.00000e+00     fixed    
  17  LM           2.36781e-04   constant   
  18  zeta_y       0.00000e+00   constant   
  19  zeta_vw      0.00000e+00   constant   
  20  T_CBO        1.23180e+01   5.15666e+00   8.08703e-06  -1.56466e+01
  21  alpha_A0     7.63289e-02   1.02593e-01   7.73167e-05  -2.29262e-01
  22  beta_A0     -3.50253e-01   4.57276e-01   9.23416e-05   6.78522e-01
  23  alpha_phi   -3.15781e-01   4.16857e-01   9.21931e-05   9.99292e-01
  24  beta_phi    -3.63188e-02   4.87185e-02   7.80252e-05  -7.52738e-01
 EXTERNAL ERROR MATRIX.    NDIM=  25    NPAR= 11    ERR DEF=1
  1.553e+07 
  4.620e+00  1.439e-06 
  1.459e+01  4.125e-06  1.493e-05 
 -9.079e-01 -3.061e-07 -7.139e-07  9.186e-08 
 -2.312e+00 -6.757e-07 -2.256e-06  1.228e-07  3.679e-07 
  3.873e-01  9.899e-08  4.406e-07 -1.113e-08 -6.545e-08  3.071e-08 
  3.020e+03  3.256e-04  6.370e-03 -6.401e-05 -4.609e-04  1.338e-04  2.661e+01 
  2.022e+02  6.690e-05  1.443e-04 -1.100e-05 -3.147e-05  5.500e-06 -4.034e-01  1.053e-02 
 -3.331e+02 -1.520e-04  2.902e-06  3.080e-05  4.837e-05 -2.321e-06  2.226e+00 -4.320e-02  2.091e-01 
 -4.023e+02 -1.645e-04 -1.047e-04  3.176e-05  5.972e-05 -6.168e-06  1.982e+00 -4.043e-02  1.901e-01  1.738e-01 
 -1.133e+02 -3.460e-05 -9.539e-05  4.927e-06  1.831e-05 -3.717e-06  1.565e-01 -4.768e-03  1.802e-02  1.719e-02  2.373e-03 
ERR MATRIX APPROXIMATE
 PARAMETER  CORRELATION COEFFICIENTS  
       NO.  GLOBAL      1      3      4      6      8      9     20     21     22     23     24
        1  0.99784   1.000  0.977  0.958 -0.760 -0.967  0.561  0.149  0.500 -0.185 -0.245 -0.590
        3  0.99636   0.977  1.000  0.890 -0.842 -0.929  0.471  0.053  0.544 -0.277 -0.329 -0.592
        4  0.99723   0.958  0.890  1.000 -0.610 -0.963  0.651  0.320  0.364  0.002 -0.065 -0.507
        6  0.92995  -0.760 -0.842 -0.610  1.000  0.668 -0.209 -0.041 -0.354  0.222  0.251  0.334
        8  0.98155  -0.967 -0.929 -0.963  0.668  1.000 -0.616 -0.147 -0.506  0.174  0.236  0.620
        9  0.76059   0.561  0.471  0.651 -0.209 -0.616  1.000  0.148  0.306 -0.029 -0.084 -0.435
       20  0.99983   0.149  0.053  0.320 -0.041 -0.147  0.148  1.000 -0.762  0.944  0.922  0.623
       21  0.99679   0.500  0.544  0.364 -0.354 -0.506  0.306 -0.762  1.000 -0.921 -0.945 -0.954
       22  0.99977  -0.185 -0.277  0.002  0.222  0.174 -0.029  0.944 -0.921  1.000  0.997  0.809
       23  0.99972  -0.245 -0.329 -0.065  0.251  0.236 -0.084  0.922 -0.945  0.997  1.000  0.846
       24  0.98541  -0.590 -0.592 -0.507  0.334  0.620 -0.435  0.623 -0.954  0.809  0.846  1.000
 ERR MATRIX APPROXIMATE
MINUIT - FIT ONLY 1-y
 **********
 **   51 **RES 
 **********
                   PARAMETER   16  beta_vw RESTORED TO VARIABLE.
                   PARAMETER   14  alpha_vw RESTORED TO VARIABLE.
                   PARAMETER   13  beta_y RESTORED TO VARIABLE.
                   PARAMETER   11  alpha_y RESTORED TO VARIABLE.
                   PARAMETER   10  beta_2CBO RESTORED TO VARIABLE.
 **********
 **   52 **FIX            0
 **********
 PARAMETER    0  IS UNDEFINED. IGNORED.
 **********
 **   53 **FIX            1
 **********
 **********
 **   54 **FIX            2
 **********
 PARAMETER    2  IS CONSTANT.   IGNORED.
 **********
 **   55 **FIX            3
 **********
 **********
 **   56 **FIX            4
 **********
 **********
 **   57 **FIX            5
 **********
 PARAMETER    5  IS CONSTANT.   IGNORED.
 **********
 **   58 **FIX            6
 **********
 **********
 **   59 **FIX            7
 **********
 PARAMETER    7  IS CONSTANT.   IGNORED.
 **********
 **   60 **FIX            8
 **********
 **********
 **   61 **FIX            9
 **********
 **********
 **   62 **FIX           13
 **********
 **********
 **   63 **FIX           14
 **********
 **********
 **   64 **FIX           15
 **********
 PARAMETER   15  IS CONSTANT.   IGNORED.
 **********
 **   65 **FIX           16
 **********
 **********
 **   66 **MIGRAD
 **********
 START MIGRAD MINIMIZATION.  STRATEGY  1.  CONVERGENCE WHEN EDM .LT. 1.00e-04
 FCN=370.754 FROM MIGRAD    STATUS=INITIATE       16 CALLS        3151 TOTAL
                     EDM= unknown      STRATEGY= 1      NO ERROR MATRIX       
  EXT PARAMETER               CURRENT GUESS       STEP         FIRST   
  NO.   NAME      VALUE            ERROR          SIZE      DERIVATIVE 
   1  N0           3.21799e+06     fixed    
   2  tau          6.44090e+01   constant   
   3  A0           3.67124e-01     fixed    
   4  phi          4.12209e+00     fixed    
   5  R           -6.00655e+01   constant   
   6  alpha_CBO   -6.99954e-03     fixed    
   7  w_CBO        2.32500e+00   constant   
   8  beta_CBO     1.11456e-03     fixed    
   9  alpha_2CBO  -7.14568e-05     fixed    
  10  beta_2CBO   -2.32029e-04   1.41720e-04   1.41720e-04  -1.87109e+04
  11  alpha_y      0.00000e+00   1.00000e-03   1.00000e-03  -9.71052e+04
  12  w_y          1.38860e+01   constant   
  13  beta_y       2.87633e-03     fixed    
  14  alpha_vw     0.00000e+00     fixed    
  15  w_vw         1.43404e+01   constant   
  16  beta_vw      0.00000e+00     fixed    
  17  LM           2.36781e-04   constant   
  18  zeta_y       0.00000e+00   constant   
  19  zeta_vw      0.00000e+00   constant   
  20  T_CBO        1.23180e+01   5.15666e+00   8.08703e-06  -1.56454e+01
  21  alpha_A0     7.63289e-02   1.02593e-01   7.73167e-05  -2.29259e-01
  22  beta_A0     -3.50253e-01   4.57276e-01   9.23416e-05   6.78519e-01
  23  alpha_phi   -3.15781e-01   4.16857e-01   9.21931e-05   9.99292e-01
  24  beta_phi    -3.63188e-02   4.87185e-02   7.80252e-05  -7.52738e-01
 MIGRAD MINIMIZATION HAS CONVERGED.
 MIGRAD WILL VERIFY CONVERGENCE AND ERROR MATRIX.
 COVARIANCE MATRIX CALCULATED SUCCESSFULLY
 FCN=337.893 FROM MIGRAD    STATUS=CONVERGED     605 CALLS        3740 TOTAL
                     EDM=7.71347e-06    STRATEGY= 1      ERROR MATRIX ACCURATE 
  EXT PARAMETER                                   STEP         FIRST   
  NO.   NAME      VALUE            ERROR          SIZE      DERIVATIVE 
   1  N0           3.21799e+06     fixed    
   2  tau          6.44090e+01   constant   
   3  A0           3.67124e-01     fixed    
   4  phi          4.12209e+00     fixed    
   5  R           -6.00655e+01   constant   
   6  alpha_CBO   -6.99954e-03     fixed    
   7  w_CBO        2.32500e+00   constant   
   8  beta_CBO     1.11456e-03     fixed    
   9  alpha_2CBO  -7.14568e-05     fixed    
  10  beta_2CBO   -8.97006e-05   1.24465e-04   1.02032e-06  -1.00472e+01
  11  alpha_y      6.49627e-04   1.15684e-04   1.03530e-06   3.32852e+00
  12  w_y          1.38860e+01   constant   
  13  beta_y       2.87633e-03     fixed    
  14  alpha_vw     0.00000e+00     fixed    
  15  w_vw         1.43404e+01   constant   
  16  beta_vw      0.00000e+00     fixed    
  17  LM           2.36781e-04   constant   
  18  zeta_y       0.00000e+00   constant   
  19  zeta_vw      0.00000e+00   constant   
  20  T_CBO        1.00213e+01   2.31527e+00   5.66051e-06  -1.41635e+00
  21  alpha_A0     1.52990e-01   1.35938e-01   1.49110e-04   1.64526e-01
  22  beta_A0     -7.07885e-01   6.18007e-01   1.77295e-04   7.10628e-02
  23  alpha_phi   -6.50100e-01   5.80106e-01   1.79704e-04   2.84061e-02
  24  beta_phi    -8.39777e-02   7.68394e-02   1.51048e-04  -5.07609e-02
 EXTERNAL ERROR MATRIX.    NDIM=  25    NPAR=  7    ERR DEF=1
  1.549e-08 -1.105e-10 -5.894e-05  3.015e-06 -1.572e-05 -1.491e-05 -2.650e-06 
 -1.105e-10  1.338e-08 -2.149e-05  1.282e-06 -5.724e-06 -5.373e-06 -7.486e-07 
 -5.894e-05 -2.149e-05  5.361e+00 -3.121e-01  1.430e+00  1.342e+00  1.727e-01 
  3.015e-06  1.282e-06 -3.121e-01  1.848e-02 -8.328e-02 -7.822e-02 -9.992e-03 
 -1.572e-05 -5.724e-06  1.430e+00 -8.328e-02  3.819e-01  3.582e-01  4.602e-02 
 -1.491e-05 -5.373e-06  1.342e+00 -7.822e-02  3.582e-01  3.365e-01  4.329e-02 
 -2.650e-06 -7.486e-07  1.727e-01 -9.992e-03  4.602e-02  4.329e-02  5.904e-03 
 PARAMETER  CORRELATION COEFFICIENTS  
       NO.  GLOBAL     10     11     20     21     22     23     24
       10  0.41023   1.000 -0.008 -0.205  0.178 -0.204 -0.206 -0.277
       11  0.09354  -0.008  1.000 -0.080  0.082 -0.080 -0.080 -0.084
       20  0.99963  -0.205 -0.080  1.000 -0.992  0.999  0.999  0.970
       21  0.99249   0.178  0.082 -0.992  1.000 -0.991 -0.992 -0.957
       22  0.99949  -0.204 -0.080  0.999 -0.991  1.000  0.999  0.969
       23  0.99940  -0.206 -0.080  0.999 -0.992  0.999  1.000  0.971
       24  0.97568  -0.277 -0.084  0.970 -0.957  0.969  0.971  1.000
MINUIT - FIT ONLY 2-y
 **********
 **   67 **RES 
 **********
                   PARAMETER   16  beta_vw RESTORED TO VARIABLE.
                   PARAMETER   14  alpha_vw RESTORED TO VARIABLE.
                   PARAMETER   13  beta_y RESTORED TO VARIABLE.
                   PARAMETER    9  alpha_2CBO RESTORED TO VARIABLE.
                   PARAMETER    8  beta_CBO RESTORED TO VARIABLE.
                   PARAMETER    6  alpha_CBO RESTORED TO VARIABLE.
                   PARAMETER    4  phi RESTORED TO VARIABLE.
                   PARAMETER    3  A0 RESTORED TO VARIABLE.
                   PARAMETER    1  N0 RESTORED TO VARIABLE.
 **********
 **   68 **FIX            0
 **********
 PARAMETER    0  IS UNDEFINED. IGNORED.
 **********
 **   69 **FIX            1
 **********
 **********
 **   70 **FIX            2
 **********
 PARAMETER    2  IS CONSTANT.   IGNORED.
 **********
 **   71 **FIX            3
 **********
 **********
 **   72 **FIX            4
 **********
 **********
 **   73 **FIX            5
 **********
 PARAMETER    5  IS CONSTANT.   IGNORED.
 **********
 **   74 **FIX            6
 **********
 **********
 **   75 **FIX            7
 **********
 PARAMETER    7  IS CONSTANT.   IGNORED.
 **********
 **   76 **FIX            8
 **********
 **********
 **   77 **FIX            9
 **********
 **********
 **   78 **FIX           10
 **********
 **********
 **   79 **FIX           11
 **********
 **********
 **   80 **FIX           12
 **********
 PARAMETER   12  IS CONSTANT.   IGNORED.
 **********
 **   81 **FIX           16
 **********
 **********
 **   82 **MIGRAD
 **********
 START MIGRAD MINIMIZATION.  STRATEGY  1.  CONVERGENCE WHEN EDM .LT. 1.00e-04
 FCN=337.893 FROM MIGRAD    STATUS=INITIATE       16 CALLS        3756 TOTAL
                     EDM= unknown      STRATEGY= 1      NO ERROR MATRIX       
  EXT PARAMETER               CURRENT GUESS       STEP         FIRST   
  NO.   NAME      VALUE            ERROR          SIZE      DERIVATIVE 
   1  N0           3.21799e+06     fixed    
   2  tau          6.44090e+01   constant   
   3  A0           3.67124e-01     fixed    
   4  phi          4.12209e+00     fixed    
   5  R           -6.00655e+01   constant   
   6  alpha_CBO   -6.99954e-03     fixed    
   7  w_CBO        2.32500e+00   constant   
   8  beta_CBO     1.11456e-03     fixed    
   9  alpha_2CBO  -7.14568e-05     fixed    
  10  beta_2CBO   -8.97006e-05     fixed    
  11  alpha_y      6.49627e-04     fixed    
  12  w_y          1.38860e+01   constant   
  13  beta_y       2.87633e-03   1.13833e-04   1.13833e-04  -4.84424e+03
  14  alpha_vw     0.00000e+00   1.00000e-03   1.00000e-03  -1.54246e+05
  15  w_vw         1.43404e+01   constant   
  16  beta_vw      0.00000e+00     fixed    
  17  LM           2.36781e-04   constant   
  18  zeta_y       0.00000e+00   constant   
  19  zeta_vw      0.00000e+00   constant   
  20  T_CBO        1.00213e+01   2.31527e+00   5.66051e-06  -1.41448e+00
  21  alpha_A0     1.52990e-01   1.35938e-01   1.49110e-04   1.64526e-01
  22  beta_A0     -7.07885e-01   6.18007e-01   1.77295e-04   7.10630e-02
  23  alpha_phi   -6.50100e-01   5.80106e-01   1.79704e-04   2.84062e-02
  24  beta_phi    -8.39777e-02   7.68394e-02   1.51048e-04  -5.07611e-02
 MIGRAD MINIMIZATION HAS CONVERGED.
 MIGRAD WILL VERIFY CONVERGENCE AND ERROR MATRIX.
 COVARIANCE MATRIX CALCULATED SUCCESSFULLY
 FCN=100.769 FROM MIGRAD    STATUS=CONVERGED     365 CALLS        4105 TOTAL
                     EDM=9.69094e-06    STRATEGY= 1      ERROR MATRIX ACCURATE 
  EXT PARAMETER                                   STEP         FIRST   
  NO.   NAME      VALUE            ERROR          SIZE      DERIVATIVE 
   1  N0           3.21799e+06     fixed    
   2  tau          6.44090e+01   constant   
   3  A0           3.67124e-01     fixed    
   4  phi          4.12209e+00     fixed    
   5  R           -6.00655e+01   constant   
   6  alpha_CBO   -6.99954e-03     fixed    
   7  w_CBO        2.32500e+00   constant   
   8  beta_CBO     1.11456e-03     fixed    
   9  alpha_2CBO  -7.14568e-05     fixed    
  10  beta_2CBO   -8.97006e-05     fixed    
  11  alpha_y      6.49627e-04     fixed    
  12  w_y          1.38860e+01   constant   
