 + ++++++++++++++++++++++++++++++++++++++++++++++++++++++++++++++++++++ +
 +                                                                      +
 +           You have chose to blind your fitting according to          +
 +                omega_ref * (1 + (R +/- deltaR) *10^{-6})             +
 +                                                                      +
 + ++++++++++++++++++++++++++++++++++++++++++++++++++++++++++++++++++++ +
In main()...
reading format from /gm2data/zkhechad/run45/envelope/formats/formatB_sBin_constraintOn.txt
pBinTau 	= 0  
pBinPhi 	= 0  
constraintau 	= 1 
includeMopTerm 	= 0    
constrainMop    = 0   
Parameters after format file: pBinTau 0 pBinPhi 0 constraintau 1 includeMopTerm 0 constrainMop 0 c_e_scale 0.000000 
Opening file /gm2data/tbarrett/gm2fr/studies/run23_bunch_corrections/CorrectedFourier_Run3b.root.
reading full fit data from /gm2data/zkhechad/cboTemplates/Run4CBOTemplates/fullFits/noRF/sBin_constraintOn_cE0.0_seed0_noRF_calo9.root
windowBins = 69
fitting sliding window 490 from bin 626 at 93.250000 to bin 695 at 103.694000 (69 bins)

Reading data from /gm2data/cornell/histograms/aMethod/histogram_a_noRF.root
 **********
 **    1 **SET PRINTOUT            1
 **********
 **********
 **    2 **SET NOWARNINGS 
 **********
 PARAMETER DEFINITIONS:
    NO.   NAME         VALUE      STEP SIZE      LIMITS
     1 N0           2.88206e+06  1.00000e+02     no limits
     2 tau          6.44106e+01  constant
     3 A0           3.51420e-01  1.00000e-04     no limits
     4 phi          4.11705e+00  1.00000e-02     no limits
     5 R           -5.98157e+01  constant
     6 alpha_CBO    0.00000e+00  1.00000e-03     no limits
     7 w_CBO        2.32500e+00  constant
     8 beta_CBO     0.00000e+00  1.00000e-03     no limits
     9 alpha_2CBO   0.00000e+00  1.00000e-03     no limits
    10 beta_2CBO    0.00000e+00  1.00000e-03     no limits
    11 alpha_y      0.00000e+00  1.00000e-03     no limits
    12 w_y          1.38860e+01  constant
    13 beta_y       0.00000e+00  1.00000e-03     no limits
    14 alpha_vw     0.00000e+00  1.00000e-03     no limits
    15 w_vw         1.43404e+01  constant
    16 beta_vw      0.00000e+00  1.00000e-03     no limits
    17 LM           1.60296e-04  constant
    18 zeta_y       0.00000e+00  constant
    19 zeta_vw      0.00000e+00  constant
    20 T_CBO        1.00000e+02  1.00000e+00    0.00000e+00  1.00000e+03
    21 alpha_A0     0.00000e+00  1.00000e-03     no limits
    22 beta_A0      0.00000e+00  1.00000e-03     no limits
    23 alpha_phi    0.00000e+00  1.00000e-03     no limits
    24 beta_phi     0.00000e+00  1.00000e-03     no limits
MINUIT - FIT ONLY WIGGLE
 **********
 **    3 **FIX            5
 **********
 PARAMETER    5  IS CONSTANT.   IGNORED.
 **********
 **    4 **FIX            6
 **********
 **********
 **    5 **FIX            7
 **********
 PARAMETER    7  IS CONSTANT.   IGNORED.
 **********
 **    6 **FIX            8
 **********
 **********
 **    7 **FIX            9
 **********
 **********
 **    8 **FIX           10
 **********
 **********
 **    9 **FIX           11
 **********
 **********
 **   10 **FIX           12
 **********
 PARAMETER   12  IS CONSTANT.   IGNORED.
 **********
 **   11 **FIX           13
 **********
 **********
 **   12 **FIX           14
 **********
 **********
 **   13 **FIX           15
 **********
 PARAMETER   15  IS CONSTANT.   IGNORED.
 **********
 **   14 **FIX           16
 **********
 **********
 **   15 **MIGRAD
 **********
 FIRST CALL TO USER FUNCTION AT NEW START POINT, WITH IFLAG=4.
 START MIGRAD MINIMIZATION.  STRATEGY  1.  CONVERGENCE WHEN EDM .LT. 1.00e-04
 FCN=2349.82 FROM MIGRAD    STATUS=INITIATE      427 CALLS         428 TOTAL
                     EDM= unknown      STRATEGY= 1      NO ERROR MATRIX       
  EXT PARAMETER               CURRENT GUESS       STEP         FIRST   
  NO.   NAME      VALUE            ERROR          SIZE      DERIVATIVE 
   1  N0           2.88206e+06   1.00000e+02   0.00000e+00  -5.22420e-02
   2  tau          6.44106e+01   constant   
   3  A0           3.51420e-01   1.00000e-04   0.00000e+00  -1.19879e+05
   4  phi          4.11705e+00   1.00000e-02   0.00000e+00   2.34029e+04
   5  R           -5.98157e+01   constant   
   6  alpha_CBO    0.00000e+00     fixed    
   7  w_CBO        2.32500e+00   constant   
   8  beta_CBO     0.00000e+00     fixed    
   9  alpha_2CBO   0.00000e+00     fixed    
  10  beta_2CBO    0.00000e+00     fixed    
  11  alpha_y      0.00000e+00     fixed    
  12  w_y          1.38860e+01   constant   
  13  beta_y       0.00000e+00     fixed    
  14  alpha_vw     0.00000e+00     fixed    
  15  w_vw         1.43404e+01   constant   
  16  beta_vw      0.00000e+00     fixed    
  17  LM           1.60296e-04   constant   
  18  zeta_y       0.00000e+00   constant   
  19  zeta_vw      0.00000e+00   constant   
  20  T_CBO        1.00000e+02   1.00000e+00   0.00000e+00   0.00000e+00
  21  alpha_A0     0.00000e+00   1.00000e-03   0.00000e+00   8.21769e+02
  22  beta_A0      0.00000e+00   1.00000e-03   0.00000e+00  -2.23772e+03
  23  alpha_phi    0.00000e+00   1.00000e-03   0.00000e+00  -1.56320e+04
  24  beta_phi     0.00000e+00   1.00000e-03   0.00000e+00   4.35432e+03
 CALL LIMIT EXCEEDED IN MIGRAD.
 MIGRAD TERMINATED WITHOUT CONVERGENCE.
 FCN=2110.32 FROM MIGRAD    STATUS=CALL LIMIT   1333 CALLS        1334 TOTAL
                     EDM=0.123611    STRATEGY= 1  ERROR MATRIX UNCERTAINTY   2.9 per cent
  EXT PARAMETER                APPROXIMATE        STEP         FIRST   
  NO.   NAME      VALUE            ERROR          SIZE      DERIVATIVE 
   1  N0           2.88295e+06   2.71435e+02   3.47049e+01  -5.95880e-04
   2  tau          6.44106e+01   constant   
   3  A0           3.52305e-01   1.26157e-04  -3.46478e-05  -8.61867e+02
   4  phi          4.11502e+00   3.70955e-04   3.47509e-05  -6.27727e+01
   5  R           -5.98157e+01   constant   
   6  alpha_CBO    0.00000e+00     fixed    
   7  w_CBO        2.32500e+00   constant   
   8  beta_CBO     0.00000e+00     fixed    
   9  alpha_2CBO   0.00000e+00     fixed    
  10  beta_2CBO    0.00000e+00     fixed    
  11  alpha_y      0.00000e+00     fixed    
  12  w_y          1.38860e+01   constant   
  13  beta_y       0.00000e+00     fixed    
  14  alpha_vw     0.00000e+00     fixed    
  15  w_vw         1.43404e+01   constant   
  16  beta_vw      0.00000e+00     fixed    
  17  LM           1.60296e-04   constant   
  18  zeta_y       0.00000e+00   constant   
  19  zeta_vw      0.00000e+00   constant   
  20  T_CBO        1.71940e+01   1.45619e+00  -4.76831e-03  -2.98400e+02
  21  alpha_A0    -2.24035e-01   8.93601e-02  -3.48352e-02  -1.48137e+00
  22  beta_A0      1.38705e-01   5.37645e-02   2.09105e-02   2.72368e+00
  23  alpha_phi    1.72672e+00   7.01136e-01   2.73390e-01  -5.35157e+00
  24  beta_phi    -2.30701e-01   9.58294e-02  -3.73819e-02   3.62946e+00
 EXTERNAL ERROR MATRIX.    NDIM=  25    NPAR=  8    ERR DEF=1
  7.368e+04 -2.939e-03  1.068e-02 -3.044e+01 -1.216e+00  6.488e-01  9.704e+00 -1.388e+00 
 -2.939e-03  1.592e-08 -4.265e-10  3.036e-05  2.167e-06 -1.287e-06 -1.710e-05  2.361e-06 
  1.068e-02 -4.265e-10  1.376e-07 -7.621e-06  1.250e-07 -9.057e-08 -8.955e-07  9.702e-08 
 -3.044e+01  3.036e-05 -7.621e-06  2.121e+00  1.283e-01 -7.718e-02 -1.007e+00  1.375e-01 
 -1.216e+00  2.167e-06  1.250e-07  1.283e-01  7.985e-03 -4.803e-03 -6.265e-02  8.562e-03 
  6.488e-01 -1.287e-06 -9.057e-08 -7.718e-02 -4.803e-03  2.891e-03  3.768e-02 -5.150e-03 
  9.704e+00 -1.710e-05 -8.955e-07 -1.007e+00 -6.265e-02  3.768e-02  4.916e-01 -6.718e-02 
 -1.388e+00  2.361e-06  9.702e-08  1.375e-01  8.562e-03 -5.150e-03 -6.718e-02  9.183e-03 
ERR MATRIX APPROXIMATE
 PARAMETER  CORRELATION COEFFICIENTS  
       NO.  GLOBAL      1      3      4     20     21     22     23     24
        1  0.35551   1.000 -0.086  0.106 -0.077 -0.050  0.044  0.051 -0.053
        3  0.30533  -0.086  1.000 -0.009  0.165  0.192 -0.190 -0.193  0.195
        4  0.14902   0.106 -0.009  1.000 -0.014  0.004 -0.005 -0.003  0.003
       20  0.98708  -0.077  0.165 -0.014  1.000  0.986 -0.986 -0.986  0.986
       21  0.99989  -0.050  0.192  0.004  0.986  1.000 -1.000 -1.000  1.000
       22  0.99970   0.044 -0.190 -0.005 -0.986 -1.000  1.000  1.000 -1.000
       23  0.99995   0.051 -0.193 -0.003 -0.986 -1.000  1.000  1.000 -1.000
       24  0.99990  -0.053  0.195  0.003  0.986  1.000 -1.000 -1.000  1.000
 ERR MATRIX APPROXIMATE
MINUIT - FIT ONLY 1-CBO + wiggle
 **********
 **   16 **RES 
 **********
                   PARAMETER   16  beta_vw RESTORED TO VARIABLE.
                   PARAMETER   14  alpha_vw RESTORED TO VARIABLE.
                   PARAMETER   13  beta_y RESTORED TO VARIABLE.
                   PARAMETER   11  alpha_y RESTORED TO VARIABLE.
                   PARAMETER   10  beta_2CBO RESTORED TO VARIABLE.
                   PARAMETER    9  alpha_2CBO RESTORED TO VARIABLE.
                   PARAMETER    8  beta_CBO RESTORED TO VARIABLE.
                   PARAMETER    6  alpha_CBO RESTORED TO VARIABLE.
 **********
 **   17 **FIX            8
 **********
 **********
 **   18 **FIX            9
 **********
 **********
 **   19 **FIX           11
 **********
 **********
 **   20 **FIX           12
 **********
 PARAMETER   12  IS CONSTANT.   IGNORED.
 **********
 **   21 **FIX           14
 **********
 **********
 **   22 **FIX           15
 **********
 PARAMETER   15  IS CONSTANT.   IGNORED.
 **********
 **   23 **FIX           16
 **********
 **********
 **   24 **MIGRAD
 **********
 START MIGRAD MINIMIZATION.  STRATEGY  1.  CONVERGENCE WHEN EDM .LT. 1.00e-04
 FCN=2110.32 FROM MIGRAD    STATUS=INITIATE       28 CALLS        1362 TOTAL
                     EDM= unknown      STRATEGY= 1      NO ERROR MATRIX       
  EXT PARAMETER               CURRENT GUESS       STEP         FIRST   
  NO.   NAME      VALUE            ERROR          SIZE      DERIVATIVE 
   1  N0           2.88295e+06   2.71435e+02   3.47049e+01  -5.95880e-04
   2  tau          6.44106e+01   constant   
   3  A0           3.52305e-01   1.26157e-04  -3.46478e-05  -8.61868e+02
   4  phi          4.11502e+00   3.70955e-04   3.47509e-05  -6.27727e+01
   5  R           -5.98157e+01   constant   
   6  alpha_CBO    0.00000e+00   1.00000e-03   1.00000e-03  -6.17293e+05
   7  w_CBO        2.32500e+00   constant   
   8  beta_CBO     0.00000e+00     fixed    
   9  alpha_2CBO   0.00000e+00     fixed    
  10  beta_2CBO    0.00000e+00   1.00000e-03   1.00000e-03   1.97931e+04
  11  alpha_y      0.00000e+00     fixed    
  12  w_y          1.38860e+01   constant   
  13  beta_y       0.00000e+00   1.00000e-03   1.00000e-03   3.65826e+04
  14  alpha_vw     0.00000e+00     fixed    
  15  w_vw         1.43404e+01   constant   
  16  beta_vw      0.00000e+00     fixed    
  17  LM           1.60296e-04   constant   
  18  zeta_y       0.00000e+00   constant   
  19  zeta_vw      0.00000e+00   constant   
  20  T_CBO        1.71940e+01   1.45619e+00  -4.76831e-03  -2.98401e+02
  21  alpha_A0    -2.24035e-01   8.93601e-02  -3.48352e-02  -1.48137e+00
  22  beta_A0      1.38705e-01   5.37645e-02   2.09105e-02   2.72368e+00
  23  alpha_phi    1.72672e+00   7.01136e-01   2.73390e-01  -5.35157e+00
  24  beta_phi    -2.30701e-01   9.58294e-02  -3.73819e-02   3.62946e+00
 CALL LIMIT EXCEEDED IN MIGRAD.
 MIGRAD TERMINATED WITHOUT CONVERGENCE.
 FCN=391.622 FROM MIGRAD    STATUS=CALL LIMIT   1916 CALLS        3250 TOTAL
                     EDM=0.0100643    STRATEGY= 1  ERROR MATRIX UNCERTAINTY   7.4 per cent
  EXT PARAMETER                APPROXIMATE        STEP         FIRST   
  NO.   NAME      VALUE            ERROR          SIZE      DERIVATIVE 
   1  N0           2.88234e+06   2.74353e+02   4.96443e-01  -4.13991e-05
   2  tau          6.44106e+01   constant   
   3  A0           3.51000e-01   1.25968e-04   3.39529e-06   1.76892e+02
   4  phi          4.11520e+00   3.68632e-04  -1.90976e-05  -1.88139e+02
   5  R           -5.98157e+01   constant   
   6  alpha_CBO    5.53956e-03   1.35755e-04  -3.74181e-06  -1.57326e+02
   7  w_CBO        2.32500e+00   constant   
   8  beta_CBO     0.00000e+00     fixed    
   9  alpha_2CBO   0.00000e+00     fixed    
  10  beta_2CBO    7.50459e-05   1.25264e-04   4.73790e-07   5.28549e+01
  11  alpha_y      0.00000e+00     fixed    
  12  w_y          1.38860e+01   constant   
  13  beta_y      -2.79982e-04   1.27459e-04   1.15149e-06   1.20677e+02
  14  alpha_vw     0.00000e+00     fixed    
  15  w_vw         1.43404e+01   constant   
  16  beta_vw      0.00000e+00     fixed    
  17  LM           1.60296e-04   constant   
  18  zeta_y       0.00000e+00   constant   
  19  zeta_vw      0.00000e+00   constant   
  20  T_CBO        9.42670e+00   6.43456e-01   2.47227e-05  -2.92940e+01
  21  alpha_A0     6.50331e+01   4.34424e+01  -3.73690e-02   7.02970e-03
  22  beta_A0      2.65674e+01   1.79179e+01  -8.64512e-01  -4.15187e-03
  23  alpha_phi    1.52097e+02   1.04434e+02   1.62555e+00  -3.23164e-03
  24  beta_phi    -6.69151e+01   4.46064e+01  -3.43500e-01   6.13543e-03
 EXTERNAL ERROR MATRIX.    NDIM=  25    NPAR= 11    ERR DEF=1
  7.527e+04 
 -3.372e-04  1.587e-08 
  1.494e-02  3.131e-09  1.359e-07 
 -4.856e-03 -3.100e-09 -3.780e-10  1.843e-08 
 -7.572e-04 -6.641e-11  2.072e-09  7.691e-10  1.569e-08 
 -4.977e-04  1.551e-10  8.012e-10  2.754e-10 -2.309e-10  1.625e-08 
 -5.446e+00  2.998e-07  3.599e-05  9.702e-06  9.061e-07 -2.545e-06  4.140e-01 
 -4.441e+01 -2.092e-04 -2.634e-03 -5.471e-04 -1.171e-04  1.577e-04 -2.758e+01  1.887e+03 
 -3.052e+02 -2.017e-04 -5.882e-04 -8.748e-06 -6.529e-05  5.548e-05 -9.123e+00  6.661e+02  3.211e+02 
  4.348e+02 -2.226e-04 -6.955e-03 -1.674e-03 -2.233e-04  3.745e-04 -6.649e+01  4.463e+03  1.401e+03  1.091e+04 
 -8.202e+01  1.554e-04  2.856e-03  6.454e-04  1.055e-04 -1.614e-04  2.848e+01 -1.929e+03 -6.416e+02 -4.641e+03  1.990e+03 
ERR MATRIX APPROXIMATE
 PARAMETER  CORRELATION COEFFICIENTS  
       NO.  GLOBAL      1      3      4      6     10     13     20     21     22     23     24
        1  0.40222   1.000 -0.010  0.148 -0.130 -0.022 -0.014 -0.031 -0.004 -0.062  0.015 -0.007
        3  0.35017  -0.010  1.000  0.067 -0.181 -0.004  0.010  0.004 -0.038 -0.089 -0.017  0.028
        4  0.32646   0.148  0.067  1.000 -0.008  0.045  0.017  0.152 -0.164 -0.089 -0.181  0.174
        6  0.28586  -0.130 -0.181 -0.008  1.000  0.045  0.016  0.111 -0.093 -0.004 -0.118  0.107
       10  0.12769  -0.022 -0.004  0.045  0.045  1.000 -0.014  0.011 -0.022 -0.029 -0.017  0.019
       13  0.05425  -0.014  0.010  0.017  0.016 -0.014  1.000 -0.031  0.028  0.024  0.028 -0.028
       20  0.99370  -0.031  0.004  0.152  0.111  0.011 -0.031  1.000 -0.987 -0.791 -0.989  0.992
       21  0.99999  -0.004 -0.038 -0.164 -0.093 -0.022  0.028 -0.987  1.000  0.856  0.984 -0.995
       22  0.99982  -0.062 -0.089 -0.089 -0.004 -0.029  0.024 -0.791  0.856  1.000  0.749 -0.803
       23  0.99999   0.015 -0.017 -0.181 -0.118 -0.017  0.028 -0.989  0.984  0.749  1.000 -0.996
       24  0.99999  -0.007  0.028  0.174  0.107  0.019 -0.028  0.992 -0.995 -0.803 -0.996  1.000
 ERR MATRIX APPROXIMATE
MINUIT - FIT ONLY 2-CBO
 **********
 **   25 **RES 
 **********
                   PARAMETER   16  beta_vw RESTORED TO VARIABLE.
                   PARAMETER   14  alpha_vw RESTORED TO VARIABLE.
                   PARAMETER   11  alpha_y RESTORED TO VARIABLE.
                   PARAMETER    9  alpha_2CBO RESTORED TO VARIABLE.
                   PARAMETER    8  beta_CBO RESTORED TO VARIABLE.
 **********
 **   26 **FIX            0
 **********
 PARAMETER    0  IS UNDEFINED. IGNORED.
 **********
 **   27 **FIX            1
 **********
 **********
 **   28 **FIX            2
 **********
 PARAMETER    2  IS CONSTANT.   IGNORED.
 **********
 **   29 **FIX            3
 **********
 **********
 **   30 **FIX            4
 **********
 **********
 **   31 **FIX            5
 **********
 PARAMETER    5  IS CONSTANT.   IGNORED.
 **********
 **   32 **FIX            6
 **********
 **********
 **   33 **FIX            7
 **********
 PARAMETER    7  IS CONSTANT.   IGNORED.
 **********
 **   34 **FIX           10
 **********
 **********
 **   35 **FIX           11
 **********
 **********
 **   36 **FIX           12
 **********
 PARAMETER   12  IS CONSTANT.   IGNORED.
 **********
 **   37 **FIX           13
 **********
 **********
 **   38 **FIX           14
 **********
 **********
 **   39 **FIX           15
 **********
 PARAMETER   15  IS CONSTANT.   IGNORED.
 **********
 **   40 **FIX           16
 **********
 **********
 **   41 **MIGRAD
 **********
 START MIGRAD MINIMIZATION.  STRATEGY  1.  CONVERGENCE WHEN EDM .LT. 1.00e-04
 FCN=391.622 FROM MIGRAD    STATUS=INITIATE       18 CALLS        3268 TOTAL
                     EDM= unknown      STRATEGY= 1      NO ERROR MATRIX       
  EXT PARAMETER               CURRENT GUESS       STEP         FIRST   
  NO.   NAME      VALUE            ERROR          SIZE      DERIVATIVE 
   1  N0           2.88234e+06     fixed    
   2  tau          6.44106e+01   constant   
   3  A0           3.51000e-01     fixed    
   4  phi          4.11520e+00     fixed    
   5  R           -5.98157e+01   constant   
   6  alpha_CBO    5.53956e-03     fixed    
   7  w_CBO        2.32500e+00   constant   
   8  beta_CBO     0.00000e+00   1.00000e-03   1.00000e-03   2.68321e+05
   9  alpha_2CBO   0.00000e+00   1.00000e-03   1.00000e-03   3.41445e+04
  10  beta_2CBO    7.50459e-05     fixed    
  11  alpha_y      0.00000e+00     fixed    
  12  w_y          1.38860e+01   constant   
  13  beta_y      -2.79982e-04     fixed    
  14  alpha_vw     0.00000e+00     fixed    
  15  w_vw         1.43404e+01   constant   
  16  beta_vw      0.00000e+00     fixed    
  17  LM           1.60296e-04   constant   
  18  zeta_y       0.00000e+00   constant   
  19  zeta_vw      0.00000e+00   constant   
  20  T_CBO        9.42670e+00   6.43456e-01   2.47227e-05  -2.92942e+01
  21  alpha_A0     6.50331e+01   4.34424e+01  -3.73690e-02   7.02970e-03
  22  beta_A0      2.65674e+01   1.79179e+01  -8.64512e-01  -4.15187e-03
  23  alpha_phi    1.52097e+02   1.04434e+02   1.62555e+00  -3.23164e-03
  24  beta_phi    -6.69151e+01   4.46064e+01  -3.43500e-01   6.13543e-03
 CALL LIMIT EXCEEDED IN MIGRAD.
 MIGRAD TERMINATED WITHOUT CONVERGENCE.
 FCN=87.9323 FROM MIGRAD    STATUS=CALL LIMIT   1145 CALLS        4395 TOTAL
                     EDM=0.0181633    STRATEGY= 1  ERROR MATRIX UNCERTAINTY  12.9 per cent
  EXT PARAMETER                APPROXIMATE        STEP         FIRST   
  NO.   NAME      VALUE            ERROR          SIZE      DERIVATIVE 
   1  N0           2.88234e+06     fixed    
   2  tau          6.44106e+01   constant   
   3  A0           3.51000e-01     fixed    
   4  phi          4.11520e+00     fixed    
   5  R           -5.98157e+01   constant   
   6  alpha_CBO    5.53956e-03     fixed    
   7  w_CBO        2.32500e+00   constant   
   8  beta_CBO    -2.22224e-03   1.26401e-04  -3.84339e-07  -1.88802e+01
   9  alpha_2CBO  -3.20675e-04   1.26344e-04   5.12657e-07  -1.07130e+02
  10  beta_2CBO    7.50459e-05     fixed    
  11  alpha_y      0.00000e+00     fixed    
  12  w_y          1.38860e+01   constant   
  13  beta_y      -2.79982e-04     fixed    
  14  alpha_vw     0.00000e+00     fixed    
  15  w_vw         1.43404e+01   constant   
  16  beta_vw      0.00000e+00     fixed    
  17  LM           1.60296e-04   constant   
  18  zeta_y       0.00000e+00   constant   
  19  zeta_vw      0.00000e+00   constant   
  20  T_CBO        1.52338e+01   2.43079e+00   1.02584e-03  -6.38140e+01
  21  alpha_A0     1.16348e+00   1.35080e+00  -6.15119e-02  -2.01282e-01
  22  beta_A0      4.78814e-02   3.33740e-01   1.46010e-03   1.80763e-01
  23  alpha_phi    3.07279e+00   3.40167e+00  -1.81610e-01  -2.56439e-01
  24  beta_phi    -7.84082e-01   9.59630e-01   5.11481e-02   1.14318e-01
 EXTERNAL ERROR MATRIX.    NDIM=  25    NPAR=  7    ERR DEF=1
  1.598e-08 -1.699e-10 -1.298e-05  7.711e-06  4.267e-06  1.672e-05 -9.591e-06 
 -1.699e-10  1.596e-08  1.154e-05 -4.236e-06  5.121e-06 -1.995e-05  6.303e-06 
 -1.298e-05  1.154e-05  5.910e+00 -3.188e+00  5.329e-02 -8.239e+00  2.155e+00 
  7.711e-06 -4.236e-06 -3.188e+00  1.825e+00 -8.390e-03  4.414e+00 -1.146e+00 
  4.267e-06  5.121e-06  5.329e-02 -8.390e-03  1.114e-01 -5.682e-02  5.125e-03 
  1.672e-05 -1.995e-05 -8.239e+00  4.414e+00 -5.682e-02  1.157e+01 -2.962e+00 
 -9.591e-06  6.303e-06  2.155e+00 -1.146e+00  5.125e-03 -2.962e+00  9.209e-01 
ERR MATRIX APPROXIMATE
 PARAMETER  CORRELATION COEFFICIENTS  
       NO.  GLOBAL      8      9     20     21     22     23     24
        8  0.14852   1.000 -0.011 -0.042  0.045  0.101  0.039 -0.079
        9  0.23530  -0.011  1.000  0.038 -0.025  0.121 -0.046  0.052
       20  0.99878  -0.042  0.038  1.000 -0.971  0.066 -0.996  0.924
       21  0.97954   0.045 -0.025 -0.971  1.000 -0.019  0.961 -0.884
       22  0.47899   0.101  0.121  0.066 -0.019  1.000 -0.050  0.016
       23  0.99793   0.039 -0.046 -0.996  0.961 -0.050  1.000 -0.907
       24  0.94998  -0.079  0.052  0.924 -0.884  0.016 -0.907  1.000
 ERR MATRIX APPROXIMATE
MINUIT - FIT wiggle + 1-CBO + 2-CBO
 **********
 **   42 **RES 
 **********
                   PARAMETER   16  beta_vw RESTORED TO VARIABLE.
                   PARAMETER   14  alpha_vw RESTORED TO VARIABLE.
                   PARAMETER   13  beta_y RESTORED TO VARIABLE.
                   PARAMETER   11  alpha_y RESTORED TO VARIABLE.
                   PARAMETER   10  beta_2CBO RESTORED TO VARIABLE.
                   PARAMETER    6  alpha_CBO RESTORED TO VARIABLE.
                   PARAMETER    4  phi RESTORED TO VARIABLE.
                   PARAMETER    3  A0 RESTORED TO VARIABLE.
                   PARAMETER    1  N0 RESTORED TO VARIABLE.
 **********
 **   43 **FIX           10
 **********
 **********
 **   44 **FIX           11
 **********
 **********
 **   45 **FIX           12
 **********
 PARAMETER   12  IS CONSTANT.   IGNORED.
 **********
 **   46 **FIX           13
 **********
 **********
 **   47 **FIX           14
 **********
 **********
 **   48 **FIX           15
 **********
 PARAMETER   15  IS CONSTANT.   IGNORED.
 **********
 **   49 **FIX           16
 **********
 **********
 **   50 **MIGRAD
 **********
 START MIGRAD MINIMIZATION.  STRATEGY  1.  CONVERGENCE WHEN EDM .LT. 1.00e-04
 FCN=87.9323 FROM MIGRAD    STATUS=INITIATE       22 CALLS        4417 TOTAL
                     EDM= unknown      STRATEGY= 1      NO ERROR MATRIX       
  EXT PARAMETER               CURRENT GUESS       STEP         FIRST   
  NO.   NAME      VALUE            ERROR          SIZE      DERIVATIVE 
   1  N0           2.88234e+06   2.74353e+02   2.74353e+02   2.73630e-03
   2  tau          6.44106e+01   constant   
   3  A0           3.51000e-01   1.25968e-04   1.25968e-04  -3.33843e+04
   4  phi          4.11520e+00   3.68632e-04   3.68632e-04  -2.03008e+04
   5  R           -5.98157e+01   constant   
   6  alpha_CBO    5.53956e-03   1.35755e-04   1.35755e-04  -1.33092e+04
   7  w_CBO        2.32500e+00   constant   
   8  beta_CBO    -2.22224e-03   1.26401e-04  -3.84339e-07  -1.88802e+01
   9  alpha_2CBO  -3.20675e-04   1.26344e-04   5.12657e-07  -1.07130e+02
  10  beta_2CBO    7.50459e-05     fixed    
  11  alpha_y      0.00000e+00     fixed    
  12  w_y          1.38860e+01   constant   
  13  beta_y      -2.79982e-04     fixed    
  14  alpha_vw     0.00000e+00     fixed    
  15  w_vw         1.43404e+01   constant   
  16  beta_vw      0.00000e+00     fixed    
  17  LM           1.60296e-04   constant   
  18  zeta_y       0.00000e+00   constant   
  19  zeta_vw      0.00000e+00   constant   
  20  T_CBO        1.52338e+01   2.43079e+00   1.02584e-03  -6.38140e+01
  21  alpha_A0     1.16348e+00   1.35080e+00  -6.15119e-02  -2.01282e-01
  22  beta_A0      4.78814e-02   3.33740e-01   1.46010e-03   1.80763e-01
  23  alpha_phi    3.07279e+00   3.40167e+00  -1.81610e-01  -2.56439e-01
  24  beta_phi    -7.84082e-01   9.59630e-01   5.11481e-02   1.14318e-01
 CALL LIMIT EXCEEDED IN MIGRAD.
 MIGRAD TERMINATED WITHOUT CONVERGENCE.
 FCN=63.9304 FROM MIGRAD    STATUS=CALL LIMIT   1920 CALLS        6315 TOTAL
                     EDM=0.0264392    STRATEGY= 1  ERROR MATRIX UNCERTAINTY   0.6 per cent
  EXT PARAMETER                APPROXIMATE        STEP         FIRST   
  NO.   NAME      VALUE            ERROR          SIZE      DERIVATIVE 
   1  N0           2.88228e+06   2.48860e+02  -3.24941e-01  -4.08568e-04
   2  tau          6.44106e+01   constant   
   3  A0           3.51378e-01   1.20692e-04   2.12268e-06  -4.02614e+02
   4  phi          4.11676e+00   3.77465e-04  -2.65165e-06   3.00082e+01
   5  R           -5.98157e+01   constant   
   6  alpha_CBO    5.61689e-03   1.30912e-04   1.06933e-06  -1.47007e+02
   7  w_CBO        2.32500e+00   constant   
   8  beta_CBO    -2.39308e-03   1.29172e-04  -3.11469e-07   2.03493e+02
   9  alpha_2CBO  -2.89184e-04   1.22131e-04   6.48249e-07  -4.24979e+02
  10  beta_2CBO    7.50459e-05     fixed    
  11  alpha_y      0.00000e+00     fixed    
  12  w_y          1.38860e+01   constant   
  13  beta_y      -2.79982e-04     fixed    
  14  alpha_vw     0.00000e+00     fixed    
  15  w_vw         1.43404e+01   constant   
  16  beta_vw      0.00000e+00     fixed    
  17  LM           1.60296e-04   constant   
  18  zeta_y       0.00000e+00   constant   
  19  zeta_vw      0.00000e+00   constant   
  20  T_CBO        5.32022e+01   1.65991e+01   6.69484e-03  -2.33847e+01
  21  alpha_A0     1.15541e-02   8.49149e-03  -8.26852e-04  -1.18039e+00
  22  beta_A0      1.02326e-03   5.80614e-03   9.70442e-05  -1.25712e+01
  23  alpha_phi    2.91964e-02   1.93505e-02  -1.81015e-03  -7.84525e+01
  24  beta_phi    -5.11218e-03   5.28593e-03   3.41578e-04   3.91417e+01
 EXTERNAL ERROR MATRIX.    NDIM=  25    NPAR= 11    ERR DEF=1
  6.193e+04 
  1.667e-03  1.457e-08 
  7.716e-03  4.699e-09  1.425e-07 
 -2.258e-03 -2.624e-09 -4.893e-10  1.714e-08 
  4.034e-04 -1.063e-09 -1.095e-08 -2.933e-10  1.669e-08 
  1.391e-03  3.865e-10  2.142e-09 -6.166e-10 -9.421e-10  1.492e-08 
 -2.655e+02  1.093e-04  1.977e-04  6.527e-05 -3.920e-05 -6.231e-05  2.760e+02 
  1.384e-01 -1.245e-07 -1.496e-07  5.154e-08  4.652e-08  4.510e-08 -1.210e-01  7.211e-05 
 -3.437e-01 -1.278e-09  1.248e-08  1.986e-08  5.991e-08  9.175e-08 -2.130e-02  1.594e-05  3.371e-05 
  3.872e-02 -1.286e-07 -3.236e-07 -9.096e-08  5.336e-08 -1.306e-09 -3.181e-01  1.358e-04  2.384e-05  3.744e-04 
 -1.512e-01  1.147e-07  1.554e-07 -1.579e-08 -6.091e-08  1.456e-08  6.363e-02 -2.942e-05 -2.819e-06 -6.811e-05  2.794e-05 
ERR MATRIX APPROXIMATE
 PARAMETER  CORRELATION COEFFICIENTS  
       NO.  GLOBAL      1      3      4      6      8      9     20     21     22     23     24
        1  0.51704   1.000  0.055  0.082 -0.069  0.013  0.046 -0.064  0.066 -0.238  0.008 -0.115
        3  0.33810   0.055  1.000  0.103 -0.166 -0.068  0.026  0.055 -0.122 -0.002 -0.055  0.180
        4  0.28588   0.082  0.103  1.000 -0.010 -0.225  0.046  0.032 -0.047  0.006 -0.044  0.078
        6  0.22595  -0.069 -0.166 -0.010  1.000 -0.017 -0.039  0.030  0.046  0.026 -0.036 -0.023
        8  0.28743   0.013 -0.068 -0.225 -0.017  1.000 -0.060 -0.018  0.042  0.080  0.021 -0.089
        9  0.32866   0.046  0.026  0.046 -0.039 -0.060  1.000 -0.031  0.043  0.129 -0.001  0.023
       20  0.99626  -0.064  0.055  0.032  0.030 -0.018 -0.031  1.000 -0.857 -0.221 -0.990  0.725
       21  0.88756   0.066 -0.122 -0.047  0.046  0.042  0.043 -0.857  1.000  0.323  0.827 -0.656
       22  0.48182  -0.238 -0.002  0.006  0.026  0.080  0.129 -0.221  0.323  1.000  0.212 -0.092
       23  0.99506   0.008 -0.055 -0.044 -0.036  0.021 -0.001 -0.990  0.827  0.212  1.000 -0.666
       24  0.84448  -0.115  0.180  0.078 -0.023 -0.089  0.023  0.725 -0.656 -0.092 -0.666  1.000
 ERR MATRIX APPROXIMATE
MINUIT - FIT ONLY 1-y
 **********
 **   51 **RES 
 **********
                   PARAMETER   16  beta_vw RESTORED TO VARIABLE.
                   PARAMETER   14  alpha_vw RESTORED TO VARIABLE.
                   PARAMETER   13  beta_y RESTORED TO VARIABLE.
                   PARAMETER   11  alpha_y RESTORED TO VARIABLE.
                   PARAMETER   10  beta_2CBO RESTORED TO VARIABLE.
 **********
 **   52 **FIX            0
 **********
 PARAMETER    0  IS UNDEFINED. IGNORED.
 **********
 **   53 **FIX            1
 **********
 **********
 **   54 **FIX            2
 **********
 PARAMETER    2  IS CONSTANT.   IGNORED.
 **********
 **   55 **FIX            3
 **********
 **********
 **   56 **FIX            4
 **********
 **********
 **   57 **FIX            5
 **********
 PARAMETER    5  IS CONSTANT.   IGNORED.
 **********
 **   58 **FIX            6
 **********
 **********
 **   59 **FIX            7
 **********
 PARAMETER    7  IS CONSTANT.   IGNORED.
 **********
 **   60 **FIX            8
 **********
 **********
 **   61 **FIX            9
 **********
 **********
 **   62 **FIX           13
 **********
 **********
 **   63 **FIX           14
 **********
 **********
 **   64 **FIX           15
 **********
 PARAMETER   15  IS CONSTANT.   IGNORED.
 **********
 **   65 **FIX           16
 **********
 **********
 **   66 **MIGRAD
 **********
 START MIGRAD MINIMIZATION.  STRATEGY  1.  CONVERGENCE WHEN EDM .LT. 1.00e-04
 FCN=63.9304 FROM MIGRAD    STATUS=INITIATE       16 CALLS        6331 TOTAL
                     EDM= unknown      STRATEGY= 1      NO ERROR MATRIX       
  EXT PARAMETER               CURRENT GUESS       STEP         FIRST   
  NO.   NAME      VALUE            ERROR          SIZE      DERIVATIVE 
   1  N0           2.88228e+06     fixed    
   2  tau          6.44106e+01   constant   
   3  A0           3.51378e-01     fixed    
   4  phi          4.11676e+00     fixed    
   5  R           -5.98157e+01   constant   
   6  alpha_CBO    5.61689e-03     fixed    
   7  w_CBO        2.32500e+00   constant   
   8  beta_CBO    -2.39308e-03     fixed    
   9  alpha_2CBO  -2.89184e-04     fixed    
  10  beta_2CBO    7.50459e-05   1.25264e-04   1.25264e-04  -2.01508e+04
  11  alpha_y      0.00000e+00   1.00000e-03   1.00000e-03   3.21799e+04
  12  w_y          1.38860e+01   constant   
  13  beta_y      -2.79982e-04     fixed    
  14  alpha_vw     0.00000e+00     fixed    
  15  w_vw         1.43404e+01   constant   
  16  beta_vw      0.00000e+00     fixed    
  17  LM           1.60296e-04   constant   
  18  zeta_y       0.00000e+00   constant   
  19  zeta_vw      0.00000e+00   constant   
  20  T_CBO        5.32022e+01   1.65991e+01   6.69484e-03  -2.33847e+01
  21  alpha_A0     1.15541e-02   8.49149e-03  -8.26852e-04  -1.18039e+00
  22  beta_A0      1.02326e-03   5.80614e-03   9.70442e-05  -1.25712e+01
  23  alpha_phi    2.91964e-02   1.93505e-02  -1.81015e-03  -7.84525e+01
  24  beta_phi    -5.11218e-03   5.28593e-03   3.41578e-04   3.91417e+01
 MIGRAD MINIMIZATION HAS CONVERGED.
 MIGRAD WILL VERIFY CONVERGENCE AND ERROR MATRIX.
 COVARIANCE MATRIX CALCULATED SUCCESSFULLY
 FCN=56.9672 FROM MIGRAD    STATUS=CONVERGED    1137 CALLS        7452 TOTAL
                     EDM=3.34464e-06    STRATEGY= 1      ERROR MATRIX ACCURATE 
  EXT PARAMETER                                   STEP         FIRST   
  NO.   NAME      VALUE            ERROR          SIZE      DERIVATIVE 
   1  N0           2.88228e+06     fixed    
   2  tau          6.44106e+01   constant   
   3  A0           3.51378e-01     fixed    
   4  phi          4.11676e+00     fixed    
   5  R           -5.98157e+01   constant   
   6  alpha_CBO    5.61689e-03     fixed    
   7  w_CBO        2.32500e+00   constant   
   8  beta_CBO    -2.39308e-03     fixed    
   9  alpha_2CBO  -2.89184e-04     fixed    
  10  beta_2CBO    2.59362e-04   1.32354e-04   4.79124e-07  -2.19279e+00
  11  alpha_y     -2.72312e-04   1.29172e-04   4.80050e-07  -3.58155e+00
  12  w_y          1.38860e+01   constant   
  13  beta_y      -2.79982e-04     fixed    
  14  alpha_vw     0.00000e+00     fixed    
  15  w_vw         1.43404e+01   constant   
  16  beta_vw      0.00000e+00     fixed    
  17  LM           1.60296e-04   constant   
  18  zeta_y       0.00000e+00   constant   
  19  zeta_vw      0.00000e+00   constant   
  20  T_CBO        9.99998e+02   7.46009e+02   4.10822e-02  -5.04775e-05
  21  alpha_A0     1.88894e-03   5.77779e-04   2.10270e-06  -1.90104e+00
  22  beta_A0      1.96887e-04   5.79838e-04   2.13587e-06   2.70803e-01
  23  alpha_phi    5.11520e-03   5.62611e-04   2.08026e-06  -3.86815e+00
  24  beta_phi    -1.03540e-03   5.48932e-04   2.00895e-06   4.56964e-01
 EXTERNAL ERROR MATRIX.    NDIM=  25    NPAR=  7    ERR DEF=1
  1.752e-08 -2.094e-10 -3.631e-07 -1.349e-08  8.932e-10 -2.872e-09 -1.043e-08 
 -2.094e-10  1.669e-08  1.449e-07  9.750e-10  7.324e-10 -1.848e-10  1.303e-09 
 -3.631e-07  1.449e-07  2.851e+02  2.988e-04  3.114e-05  8.188e-04 -1.658e-04 
 -1.349e-08  9.750e-10  2.988e-04  3.338e-07 -3.287e-08 -1.814e-09  7.683e-09 
  8.932e-10  7.324e-10  3.114e-05 -3.287e-08  3.362e-07  4.586e-09  2.831e-08 
 -2.872e-09 -1.848e-10  8.188e-04 -1.814e-09  4.586e-09  3.165e-07  1.335e-08 
 -1.043e-08  1.303e-09 -1.658e-04  7.683e-09  2.831e-08  1.335e-08  3.013e-07 
 PARAMETER  CORRELATION COEFFICIENTS  
       NO.  GLOBAL     10     11     20     21     22     23     24
       10  0.22761   1.000 -0.012 -0.000 -0.176  0.012 -0.039 -0.144
       11  0.02568  -0.012  1.000  0.000  0.013  0.010 -0.003  0.018
       20  0.09477  -0.000  0.000  1.000  0.031  0.003  0.086 -0.018
       21  0.20426  -0.176  0.013  0.031  1.000 -0.098 -0.006  0.024
       22  0.13512   0.012  0.010  0.003 -0.098  1.000  0.014  0.089
       23  0.10400  -0.039 -0.003  0.086 -0.006  0.014  1.000  0.043
       24  0.17584  -0.144  0.018 -0.018  0.024  0.089  0.043  1.000
MINUIT - FIT ONLY 2-y
 **********
 **   67 **RES 
 **********
                   PARAMETER   16  beta_vw RESTORED TO VARIABLE.
                   PARAMETER   14  alpha_vw RESTORED TO VARIABLE.
                   PARAMETER   13  beta_y RESTORED TO VARIABLE.
                   PARAMETER    9  alpha_2CBO RESTORED TO VARIABLE.
                   PARAMETER    8  beta_CBO RESTORED TO VARIABLE.
                   PARAMETER    6  alpha_CBO RESTORED TO VARIABLE.
                   PARAMETER    4  phi RESTORED TO VARIABLE.
                   PARAMETER    3  A0 RESTORED TO VARIABLE.
                   PARAMETER    1  N0 RESTORED TO VARIABLE.
 **********
 **   68 **FIX            0
 **********
 PARAMETER    0  IS UNDEFINED. IGNORED.
 **********
 **   69 **FIX            1
 **********
 **********
 **   70 **FIX            2
 **********
 PARAMETER    2  IS CONSTANT.   IGNORED.
 **********
 **   71 **FIX            3
 **********
 **********
 **   72 **FIX            4
 **********
 **********
 **   73 **FIX            5
 **********
 PARAMETER    5  IS CONSTANT.   IGNORED.
 **********
 **   74 **FIX            6
 **********
 **********
 **   75 **FIX            7
 **********
 PARAMETER    7  IS CONSTANT.   IGNORED.
 **********
 **   76 **FIX            8
 **********
 **********
 **   77 **FIX            9
 **********
 **********
 **   78 **FIX           10
 **********
 **********
 **   79 **FIX           11
 **********
 **********
 **   80 **FIX           12
 **********
 PARAMETER   12  IS CONSTANT.   IGNORED.
 **********
 **   81 **FIX           16
 **********
 **********
 **   82 **MIGRAD
 **********
 START MIGRAD MINIMIZATION.  STRATEGY  1.  CONVERGENCE WHEN EDM .LT. 1.00e-04
 FCN=56.9672 FROM MIGRAD    STATUS=INITIATE       16 CALLS        7468 TOTAL
                     EDM= unknown      STRATEGY= 1      NO ERROR MATRIX       
  EXT PARAMETER               CURRENT GUESS       STEP         FIRST   
  NO.   NAME      VALUE            ERROR          SIZE      DERIVATIVE 
   1  N0           2.88228e+06     fixed    
   2  tau          6.44106e+01   constant   
   3  A0           3.51378e-01     fixed    
   4  phi          4.11676e+00     fixed    
   5  R           -5.98157e+01   constant   
   6  alpha_CBO    5.61689e-03     fixed    
   7  w_CBO        2.32500e+00   constant   
   8  beta_CBO    -2.39308e-03     fixed    
   9  alpha_2CBO  -2.89184e-04     fixed    
  10  beta_2CBO    2.59362e-04     fixed    
  11  alpha_y     -2.72312e-04     fixed    
  12  w_y          1.38860e+01   constant   
  13  beta_y      -2.79982e-04   1.27459e-04   1.27459e-04  -1.43592e+03
  14  alpha_vw     0.00000e+00   1.00000e-03   1.00000e-03   5.21365e+04
  15  w_vw         1.43404e+01   constant   
  16  beta_vw      0.00000e+00     fixed    
  17  LM           1.60296e-04   constant   
  18  zeta_y       0.00000e+00   constant   
  19  zeta_vw      0.00000e+00   constant   
  20  T_CBO        9.99998e+02   7.46009e+02   4.10822e-02  -5.17001e-05
  21  alpha_A0     1.88894e-03   5.77779e-04   2.10270e-06  -1.90114e+00
  22  beta_A0      1.96887e-04   5.79838e-04   2.13587e-06   2.70775e-01
  23  alpha_phi    5.11520e-03   5.62611e-04   2.08026e-06  -3.86815e+00
  24  beta_phi    -1.03540e-03   5.48932e-04   2.00895e-06   4.56963e-01
 MIGRAD MINIMIZATION HAS CONVERGED.
 MIGRAD WILL VERIFY CONVERGENCE AND ERROR MATRIX.
 COVARIANCE MATRIX CALCULATED SUCCESSFULLY
 FCN=45.6273 FROM MIGRAD    STATUS=CONVERGED     112 CALLS        7564 TOTAL
                     EDM=2.66376e-06    STRATEGY= 1      ERROR MATRIX ACCURATE 
  EXT PARAMETER                                   STEP         FIRST   
  NO.   NAME      VALUE            ERROR          SIZE      DERIVATIVE 
   1  N0           2.88228e+06     fixed    
   2  tau          6.44106e+01   constant   
   3  A0           3.51378e-01     fixed    
   4  phi          4.11676e+00     fixed    
   5  R           -5.98157e+01   constant   
   6  alpha_CBO    5.61689e-03     fixed    
   7  w_CBO        2.32500e+00   constant   
   8  beta_CBO    -2.39308e-03     fixed    
   9  alpha_2CBO  -2.89184e-04     fixed    
  10  beta_2CBO    2.59362e-04     fixed    
  11  alpha_y     -2.72312e-04     fixed    
  12  w_y          1.38860e+01   constant   
  13  beta_y      -3.32141e-04   1.28614e-04   4.23964e-07   2.27516e-01
  14  alpha_vw    -4.36438e-04   1.29653e-04   4.27430e-07   3.28190e-01
  15  w_vw         1.43404e+01   constant   
  16  beta_vw      0.00000e+00     fixed    
  17  LM           1.60296e-04   constant   
  18  zeta_y       0.00000e+00   constant   
  19  zeta_vw      0.00000e+00   constant   
  20  T_CBO        1.00000e+03   5.49661e+02   3.17785e-02** at limit **
  21  alpha_A0     1.93177e-03   5.69087e-04   1.88586e-06  -9.00539e-01
  22  beta_A0      2.06341e-04   5.79790e-04   1.91553e-06   3.66503e+00
  23  alpha_phi    5.12033e-03   5.62628e-04   1.86567e-06   8.66021e-01
  24  beta_phi    -1.00733e-03   5.43261e-04   1.80173e-06   2.02286e-01
 EXTERNAL ERROR MATRIX.    NDIM=  25    NPAR=  7    ERR DEF=1
  1.654e-08  2.456e-09 -6.584e-10 -2.044e-09  5.724e-10 -8.665e-10  3.085e-10 
  2.456e-09  1.681e-08 -1.695e-09 -1.697e-09 -3.189e-10 -1.873e-10 -1.064e-09 
 -6.584e-10 -1.695e-09  1.261e-02  2.216e-06  2.356e-07  5.942e-06 -1.172e-06 
 -2.044e-09 -1.697e-09  2.216e-06  3.239e-07 -3.225e-08 -3.730e-09 -3.850e-10 
  5.724e-10 -3.189e-10  2.356e-07 -3.225e-08  3.362e-07  4.736e-09  2.883e-08 
 -8.665e-10 -1.873e-10  5.942e-06 -3.730e-09  4.736e-09  3.165e-07  1.156e-08 
  3.085e-10 -1.064e-09 -1.172e-06 -3.850e-10  2.883e-08  1.156e-08  2.951e-07 
 PARAMETER  CORRELATION COEFFICIENTS  
       NO.  GLOBAL     13     14     20     21     22     23     24
       13  0.15010   1.000  0.147 -0.000 -0.028  0.008 -0.012  0.004
       14  0.14947   0.147  1.000 -0.000 -0.023 -0.004 -0.003 -0.015
       20  0.10349  -0.000 -0.000  1.000  0.035  0.004  0.094 -0.019
       21  0.11033  -0.028 -0.023  0.035  1.000 -0.098 -0.012 -0.001
       22  0.13461   0.008 -0.004  0.004 -0.098  1.000  0.015  0.092
       23  0.10432  -0.012 -0.003  0.094 -0.012  0.015  1.000  0.038
