 + ++++++++++++++++++++++++++++++++++++++++++++++++++++++++++++++++++++ +
 +                                                                      +
 +           You have chose to blind your fitting according to          +
 +                omega_ref * (1 + (R +/- deltaR) *10^{-6})             +
 +                                                                      +
 + ++++++++++++++++++++++++++++++++++++++++++++++++++++++++++++++++++++ +
In main()...
reading format from /gm2data/zkhechad/run45/envelope/formats/formatB_sBin_constraintOn.txt
pBinTau 	= 0  
pBinPhi 	= 0  
constraintau 	= 1 
includeMopTerm 	= 0    
constrainMop    = 0   
Parameters after format file: pBinTau 0 pBinPhi 0 constraintau 1 includeMopTerm 0 constrainMop 0 c_e_scale 0.000000 
Opening file /gm2data/tbarrett/gm2fr/studies/run23_bunch_corrections/CorrectedFourier_Run3b.root.
reading full fit data from /gm2data/zkhechad/cboTemplates/Run4CBOTemplates/fullFits/noRF/sBin_constraintOn_cE0.0_seed0_noRF_calo8.root
windowBins = 69
fitting sliding window 280 from bin 416 at 61.918000 to bin 485 at 72.362000 (69 bins)

Reading data from /gm2data/cornell/histograms/aMethod/histogram_a_noRF.root
 **********
 **    1 **SET PRINTOUT            1
 **********
 **********
 **    2 **SET NOWARNINGS 
 **********
 PARAMETER DEFINITIONS:
    NO.   NAME         VALUE      STEP SIZE      LIMITS
     1 N0           2.93777e+06  1.00000e+02     no limits
     2 tau          6.44050e+01  constant
     3 A0           3.52923e-01  1.00000e-04     no limits
     4 phi          4.11508e+00  1.00000e-02     no limits
     5 R           -6.11922e+01  constant
     6 alpha_CBO    0.00000e+00  1.00000e-03     no limits
     7 w_CBO        2.32500e+00  constant
     8 beta_CBO     0.00000e+00  1.00000e-03     no limits
     9 alpha_2CBO   0.00000e+00  1.00000e-03     no limits
    10 beta_2CBO    0.00000e+00  1.00000e-03     no limits
    11 alpha_y      0.00000e+00  1.00000e-03     no limits
    12 w_y          1.38860e+01  constant
    13 beta_y       0.00000e+00  1.00000e-03     no limits
    14 alpha_vw     0.00000e+00  1.00000e-03     no limits
    15 w_vw         1.43404e+01  constant
    16 beta_vw      0.00000e+00  1.00000e-03     no limits
    17 LM           1.41693e-04  constant
    18 zeta_y       0.00000e+00  constant
    19 zeta_vw      0.00000e+00  constant
    20 T_CBO        1.00000e+02  1.00000e+00    0.00000e+00  1.00000e+03
    21 alpha_A0     0.00000e+00  1.00000e-03     no limits
    22 beta_A0      0.00000e+00  1.00000e-03     no limits
    23 alpha_phi    0.00000e+00  1.00000e-03     no limits
    24 beta_phi     0.00000e+00  1.00000e-03     no limits
MINUIT - FIT ONLY WIGGLE
 **********
 **    3 **FIX            5
 **********
 PARAMETER    5  IS CONSTANT.   IGNORED.
 **********
 **    4 **FIX            6
 **********
 **********
 **    5 **FIX            7
 **********
 PARAMETER    7  IS CONSTANT.   IGNORED.
 **********
 **    6 **FIX            8
 **********
 **********
 **    7 **FIX            9
 **********
 **********
 **    8 **FIX           10
 **********
 **********
 **    9 **FIX           11
 **********
 **********
 **   10 **FIX           12
 **********
 PARAMETER   12  IS CONSTANT.   IGNORED.
 **********
 **   11 **FIX           13
 **********
 **********
 **   12 **FIX           14
 **********
 **********
 **   13 **FIX           15
 **********
 PARAMETER   15  IS CONSTANT.   IGNORED.
 **********
 **   14 **FIX           16
 **********
 **********
 **   15 **MIGRAD
 **********
 FIRST CALL TO USER FUNCTION AT NEW START POINT, WITH IFLAG=4.
 START MIGRAD MINIMIZATION.  STRATEGY  1.  CONVERGENCE WHEN EDM .LT. 1.00e-04
 FCN=8114.78 FROM MIGRAD    STATUS=INITIATE      433 CALLS         434 TOTAL
                     EDM= unknown      STRATEGY= 1      NO ERROR MATRIX       
  EXT PARAMETER               CURRENT GUESS       STEP         FIRST   
  NO.   NAME      VALUE            ERROR          SIZE      DERIVATIVE 
   1  N0           2.93777e+06   1.00000e+02   0.00000e+00   6.88529e-02
   2  tau          6.44050e+01   constant   
   3  A0           3.52923e-01   1.00000e-04   0.00000e+00   2.15139e+05
   4  phi          4.11508e+00   1.00000e-02   0.00000e+00  -1.18672e+05
   5  R           -6.11922e+01   constant   
   6  alpha_CBO    0.00000e+00     fixed    
   7  w_CBO        2.32500e+00   constant   
   8  beta_CBO     0.00000e+00     fixed    
   9  alpha_2CBO   0.00000e+00     fixed    
  10  beta_2CBO    0.00000e+00     fixed    
  11  alpha_y      0.00000e+00     fixed    
  12  w_y          1.38860e+01   constant   
  13  beta_y       0.00000e+00     fixed    
  14  alpha_vw     0.00000e+00     fixed    
  15  w_vw         1.43404e+01   constant   
  16  beta_vw      0.00000e+00     fixed    
  17  LM           1.41693e-04   constant   
  18  zeta_y       0.00000e+00   constant   
  19  zeta_vw      0.00000e+00   constant   
  20  T_CBO        1.00000e+02   1.00000e+00   0.00000e+00   0.00000e+00
  21  alpha_A0     0.00000e+00   1.00000e-03   0.00000e+00   2.43660e+04
  22  beta_A0      0.00000e+00   1.00000e-03   0.00000e+00  -2.23724e+04
  23  alpha_phi    0.00000e+00   1.00000e-03   0.00000e+00  -7.72871e+03
  24  beta_phi     0.00000e+00   1.00000e-03   0.00000e+00   3.32892e+03
 CALL LIMIT EXCEEDED IN MIGRAD.
 MIGRAD TERMINATED WITHOUT CONVERGENCE.
 FCN=7523.24 FROM MIGRAD    STATUS=CALL LIMIT   1334 CALLS        1335 TOTAL
                     EDM=0.928158    STRATEGY= 1  ERROR MATRIX UNCERTAINTY   0.1 per cent
  EXT PARAMETER                APPROXIMATE        STEP         FIRST   
  NO.   NAME      VALUE            ERROR          SIZE      DERIVATIVE 
   1  N0           2.93728e+06   2.21012e+02  -1.67889e+00   2.19612e-03
   2  tau          6.44050e+01   constant   
   3  A0           3.52068e-01   9.68728e-05   1.97988e-05   5.12508e+02
   4  phi          4.11971e+00   2.77786e-04   6.66519e-05  -1.11587e+03
   5  R           -6.11922e+01   constant   
   6  alpha_CBO    0.00000e+00     fixed    
   7  w_CBO        2.32500e+00   constant   
   8  beta_CBO     0.00000e+00     fixed    
   9  alpha_2CBO   0.00000e+00     fixed    
  10  beta_2CBO    0.00000e+00     fixed    
  11  alpha_y      0.00000e+00     fixed    
  12  w_y          1.38860e+01   constant   
  13  beta_y       0.00000e+00     fixed    
  14  alpha_vw     0.00000e+00     fixed    
  15  w_vw         1.43404e+01   constant   
  16  beta_vw      0.00000e+00     fixed    
  17  LM           1.41693e-04   constant   
  18  zeta_y       0.00000e+00   constant   
  19  zeta_vw      0.00000e+00   constant   
  20  T_CBO        9.45088e+00   3.80525e-01  -3.56811e-03  -1.56248e+03
  21  alpha_A0    -5.22024e+00   1.15479e+00  -1.00726e+00   6.07272e+00
  22  beta_A0      2.30984e+00   5.12510e-01   4.46995e-01   1.91759e-01
  23  alpha_phi    7.69937e-01   1.70146e-01   1.48390e-01  -1.92445e+00
  24  beta_phi     6.41870e-01   1.40435e-01   1.22507e-01   4.91163e+00
 EXTERNAL ERROR MATRIX.    NDIM=  25    NPAR=  8    ERR DEF=1
  4.885e+04  1.493e-03  1.263e-02  2.946e+00 -7.700e+00  3.410e+00  1.152e+00  9.788e-01 
  1.493e-03  9.384e-09 -1.498e-09 -1.445e-06 -9.043e-06  4.018e-06  1.332e-06  1.089e-06 
  1.263e-02 -1.498e-09  7.717e-08  3.696e-06  5.058e-06 -2.279e-06 -7.518e-07 -5.769e-07 
  2.946e+00 -1.445e-06  3.696e-06  1.448e-01  4.322e-01 -1.918e-01 -6.368e-02 -5.256e-02 
 -7.700e+00 -9.043e-06  5.058e-06  4.322e-01  1.334e+00 -5.918e-01 -1.965e-01 -1.622e-01 
  3.410e+00  4.018e-06 -2.279e-06 -1.918e-01 -5.918e-01  2.627e-01  8.720e-02  7.197e-02 
  1.152e+00  1.332e-06 -7.518e-07 -6.368e-02 -1.965e-01  8.720e-02  2.895e-02  2.389e-02 
  9.788e-01  1.089e-06 -5.769e-07 -5.256e-02 -1.622e-01  7.197e-02  2.389e-02  1.972e-02 
ERR MATRIX APPROXIMATE
 PARAMETER  CORRELATION COEFFICIENTS  
       NO.  GLOBAL      1      3      4     20     21     22     23     24
        1  0.45372   1.000  0.070  0.206  0.035 -0.030  0.030  0.031  0.032
        3  0.27927   0.070  1.000 -0.056 -0.039 -0.081  0.081  0.081  0.080
        4  0.27296   0.206 -0.056  1.000  0.035  0.016 -0.016 -0.016 -0.015
       20  0.98644   0.035 -0.039  0.035  1.000  0.984 -0.984 -0.984 -0.984
       21  1.00000  -0.030 -0.081  0.016  0.984  1.000 -1.000 -1.000 -1.000
       22  1.00000   0.030  0.081 -0.016 -0.984 -1.000  1.000  1.000  1.000
       23  0.99999   0.031  0.081 -0.016 -0.984 -1.000  1.000  1.000  1.000
       24  0.99998   0.032  0.080 -0.015 -0.984 -1.000  1.000  1.000  1.000
 ERR MATRIX APPROXIMATE
MINUIT - FIT ONLY 1-CBO + wiggle
 **********
 **   16 **RES 
 **********
                   PARAMETER   16  beta_vw RESTORED TO VARIABLE.
                   PARAMETER   14  alpha_vw RESTORED TO VARIABLE.
                   PARAMETER   13  beta_y RESTORED TO VARIABLE.
                   PARAMETER   11  alpha_y RESTORED TO VARIABLE.
                   PARAMETER   10  beta_2CBO RESTORED TO VARIABLE.
                   PARAMETER    9  alpha_2CBO RESTORED TO VARIABLE.
                   PARAMETER    8  beta_CBO RESTORED TO VARIABLE.
                   PARAMETER    6  alpha_CBO RESTORED TO VARIABLE.
 **********
 **   17 **FIX            8
 **********
 **********
 **   18 **FIX            9
 **********
 **********
 **   19 **FIX           11
 **********
 **********
 **   20 **FIX           12
 **********
 PARAMETER   12  IS CONSTANT.   IGNORED.
 **********
 **   21 **FIX           14
 **********
 **********
 **   22 **FIX           15
 **********
 PARAMETER   15  IS CONSTANT.   IGNORED.
 **********
 **   23 **FIX           16
 **********
 **********
 **   24 **MIGRAD
 **********
 START MIGRAD MINIMIZATION.  STRATEGY  1.  CONVERGENCE WHEN EDM .LT. 1.00e-04
 FCN=7523.24 FROM MIGRAD    STATUS=INITIATE       28 CALLS        1363 TOTAL
                     EDM= unknown      STRATEGY= 1      NO ERROR MATRIX       
  EXT PARAMETER               CURRENT GUESS       STEP         FIRST   
  NO.   NAME      VALUE            ERROR          SIZE      DERIVATIVE 
   1  N0           2.93728e+06   2.21012e+02  -1.67889e+00   2.19612e-03
   2  tau          6.44050e+01   constant   
   3  A0           3.52068e-01   9.68728e-05   1.97988e-05   5.12508e+02
   4  phi          4.11971e+00   2.77786e-04   6.66519e-05  -1.11587e+03
   5  R           -6.11922e+01   constant   
   6  alpha_CBO    0.00000e+00   1.00000e-03   1.00000e-03  -1.35182e+06
   7  w_CBO        2.32500e+00   constant   
   8  beta_CBO     0.00000e+00     fixed    
   9  alpha_2CBO   0.00000e+00     fixed    
  10  beta_2CBO    0.00000e+00   1.00000e-03   1.00000e-03  -1.74834e+05
  11  alpha_y      0.00000e+00     fixed    
  12  w_y          1.38860e+01   constant   
  13  beta_y       0.00000e+00   1.00000e-03   1.00000e-03  -3.15534e+05
  14  alpha_vw     0.00000e+00     fixed    
  15  w_vw         1.43404e+01   constant   
  16  beta_vw      0.00000e+00     fixed    
  17  LM           1.41693e-04   constant   
  18  zeta_y       0.00000e+00   constant   
  19  zeta_vw      0.00000e+00   constant   
  20  T_CBO        9.45088e+00   3.80525e-01  -3.56811e-03  -1.56248e+03
  21  alpha_A0    -5.22024e+00   1.15479e+00  -1.00726e+00   6.07272e+00
  22  beta_A0      2.30984e+00   5.12510e-01   4.46995e-01   1.91759e-01
  23  alpha_phi    7.69937e-01   1.70146e-01   1.48390e-01  -1.92445e+00
  24  beta_phi     6.41870e-01   1.40435e-01   1.22507e-01   4.91163e+00
 CALL LIMIT EXCEEDED IN MIGRAD.
 MIGRAD TERMINATED WITHOUT CONVERGENCE.
 FCN=2176.77 FROM MIGRAD    STATUS=CALL LIMIT   1919 CALLS        3254 TOTAL
                     EDM=0.00601865    STRATEGY= 1  ERROR MATRIX UNCERTAINTY  18.8 per cent
  EXT PARAMETER                APPROXIMATE        STEP         FIRST   
  NO.   NAME      VALUE            ERROR          SIZE      DERIVATIVE 
   1  N0           2.93802e+06   2.10816e+02  -4.70389e+00  -1.97509e-04
   2  tau          6.44050e+01   constant   
   3  A0           3.53384e-01   9.74195e-05  -1.00432e-06  -8.67263e+01
   4  phi          4.11555e+00   3.04542e-04  -5.07924e-06  -1.25806e+02
   5  R           -6.11922e+01   constant   
   6  alpha_CBO    7.44500e-03   1.04145e-04   4.90513e-07   1.80924e+02
   7  w_CBO        2.32500e+00   constant   
   8  beta_CBO     0.00000e+00     fixed    
   9  alpha_2CBO   0.00000e+00     fixed    
  10  beta_2CBO    7.55993e-04   1.04559e-04  -1.25634e-06  -1.43540e+02
  11  alpha_y      0.00000e+00     fixed    
  12  w_y          1.38860e+01   constant   
  13  beta_y       1.58666e-03   1.01030e-04   7.00316e-07   4.52013e+01
  14  alpha_vw     0.00000e+00     fixed    
  15  w_vw         1.43404e+01   constant   
  16  beta_vw      0.00000e+00     fixed    
  17  LM           1.41693e-04   constant   
  18  zeta_y       0.00000e+00   constant   
  19  zeta_vw      0.00000e+00   constant   
  20  T_CBO        5.87101e+00   3.05621e-01  -4.58973e-05  -6.47570e+01
  21  alpha_A0     2.68801e+01   1.35044e+01   2.52614e-01   4.70308e-03
  22  beta_A0      3.13113e+02   1.89896e+02   3.66026e+00   1.28584e-02
  23  alpha_phi    2.51956e+02   1.29826e+02   2.40240e+00  -1.41577e-02
  24  beta_phi    -1.19709e+02   6.71272e+01  -1.27447e+00   1.52690e-02
 EXTERNAL ERROR MATRIX.    NDIM=  25    NPAR= 11    ERR DEF=1
  4.444e+04 
  2.024e-03  9.491e-09 
  9.836e-03 -2.688e-09  9.275e-08 
  2.205e-03  2.120e-09 -5.496e-09  1.085e-08 
 -7.043e-04 -2.576e-10  2.769e-09 -4.300e-11  1.093e-08 
 -1.253e-05 -1.856e-11  2.067e-10 -1.957e-10 -2.210e-10  1.021e-08 
  2.466e+01  3.169e-06  3.776e-05 -2.207e-06  6.534e-06 -1.549e-06  9.340e-02 
 -1.059e+03 -1.221e-04 -1.832e-03  1.361e-04 -2.871e-04  6.745e-05 -4.099e+00  1.824e+02 
 -1.465e+04 -1.658e-03 -2.532e-02  1.755e-03 -4.142e-03  9.642e-04 -5.765e+01  2.561e+03  3.606e+04 
 -1.004e+04 -1.134e-03 -1.734e-02  1.211e-03 -2.830e-03  6.602e-04 -3.946e+01  1.751e+03  2.465e+04  1.685e+04 
  5.220e+03  5.805e-04  8.996e-03 -6.238e-04  1.472e-03 -3.402e-04  2.039e+01 -9.055e+02 -1.275e+04 -8.714e+03  4.506e+03 
ERR MATRIX APPROXIMATE
 PARAMETER  CORRELATION COEFFICIENTS  
       NO.  GLOBAL      1      3      4      6     10     13     20     21     22     23     24
        1  0.51374   1.000  0.099  0.153  0.100 -0.032 -0.001  0.383 -0.372 -0.366 -0.367  0.369
        3  0.31547   0.099  1.000 -0.091  0.209 -0.025 -0.002  0.106 -0.093 -0.090 -0.090  0.089
        4  0.63255   0.153 -0.091  1.000 -0.173  0.087  0.007  0.406 -0.445 -0.438 -0.439  0.440
        6  0.40166   0.100  0.209 -0.173  1.000 -0.004 -0.019 -0.069  0.097  0.089  0.090 -0.089
       10  0.30208  -0.032 -0.025  0.087 -0.004  1.000 -0.021  0.204 -0.203 -0.209 -0.208  0.210
       13  0.07083  -0.001 -0.002  0.007 -0.019 -0.021  1.000 -0.050  0.049  0.050  0.050 -0.050
       20  0.99761   0.383  0.106  0.406 -0.069  0.204 -0.050  1.000 -0.993 -0.993 -0.994  0.994
       21  0.99898  -0.372 -0.093 -0.445  0.097 -0.203  0.049 -0.993  1.000  0.999  0.999 -0.999
       22  0.99995  -0.366 -0.090 -0.438  0.089 -0.209  0.050 -0.993  0.999  1.000  1.000 -1.000
       23  0.99996  -0.367 -0.090 -0.439  0.090 -0.208  0.050 -0.994  0.999  1.000  1.000 -1.000
       24  0.99995   0.369  0.089  0.440 -0.089  0.210 -0.050  0.994 -0.999 -1.000 -1.000  1.000
 ERR MATRIX APPROXIMATE
MINUIT - FIT ONLY 2-CBO
 **********
 **   25 **RES 
 **********
                   PARAMETER   16  beta_vw RESTORED TO VARIABLE.
                   PARAMETER   14  alpha_vw RESTORED TO VARIABLE.
                   PARAMETER   11  alpha_y RESTORED TO VARIABLE.
                   PARAMETER    9  alpha_2CBO RESTORED TO VARIABLE.
                   PARAMETER    8  beta_CBO RESTORED TO VARIABLE.
 **********
 **   26 **FIX            0
 **********
 PARAMETER    0  IS UNDEFINED. IGNORED.
 **********
 **   27 **FIX            1
 **********
 **********
 **   28 **FIX            2
 **********
 PARAMETER    2  IS CONSTANT.   IGNORED.
 **********
 **   29 **FIX            3
 **********
 **********
 **   30 **FIX            4
 **********
 **********
 **   31 **FIX            5
 **********
 PARAMETER    5  IS CONSTANT.   IGNORED.
 **********
 **   32 **FIX            6
 **********
 **********
 **   33 **FIX            7
 **********
 PARAMETER    7  IS CONSTANT.   IGNORED.
 **********
 **   34 **FIX           10
 **********
 **********
 **   35 **FIX           11
 **********
 **********
 **   36 **FIX           12
 **********
 PARAMETER   12  IS CONSTANT.   IGNORED.
 **********
 **   37 **FIX           13
 **********
 **********
 **   38 **FIX           14
 **********
 **********
 **   39 **FIX           15
 **********
 PARAMETER   15  IS CONSTANT.   IGNORED.
 **********
 **   40 **FIX           16
 **********
 **********
 **   41 **MIGRAD
 **********
 START MIGRAD MINIMIZATION.  STRATEGY  1.  CONVERGENCE WHEN EDM .LT. 1.00e-04
 FCN=2176.77 FROM MIGRAD    STATUS=INITIATE       18 CALLS        3272 TOTAL
                     EDM= unknown      STRATEGY= 1      NO ERROR MATRIX       
  EXT PARAMETER               CURRENT GUESS       STEP         FIRST   
  NO.   NAME      VALUE            ERROR          SIZE      DERIVATIVE 
   1  N0           2.93802e+06     fixed    
   2  tau          6.44050e+01   constant   
   3  A0           3.53384e-01     fixed    
   4  phi          4.11555e+00     fixed    
   5  R           -6.11922e+01   constant   
   6  alpha_CBO    7.44500e-03     fixed    
   7  w_CBO        2.32500e+00   constant   
   8  beta_CBO     0.00000e+00   1.00000e-03   1.00000e-03   8.28764e+05
   9  alpha_2CBO   0.00000e+00   1.00000e-03   1.00000e-03  -1.23125e+05
  10  beta_2CBO    7.55993e-04     fixed    
  11  alpha_y      0.00000e+00     fixed    
  12  w_y          1.38860e+01   constant   
  13  beta_y       1.58666e-03     fixed    
  14  alpha_vw     0.00000e+00     fixed    
  15  w_vw         1.43404e+01   constant   
  16  beta_vw      0.00000e+00     fixed    
  17  LM           1.41693e-04   constant   
  18  zeta_y       0.00000e+00   constant   
  19  zeta_vw      0.00000e+00   constant   
  20  T_CBO        5.87101e+00   3.05621e-01  -4.58973e-05  -6.47578e+01
  21  alpha_A0     2.68801e+01   1.35044e+01   2.52614e-01   4.70308e-03
  22  beta_A0      3.13113e+02   1.89896e+02   3.66026e+00   1.28584e-02
  23  alpha_phi    2.51956e+02   1.29826e+02   2.40240e+00  -1.41577e-02
  24  beta_phi    -1.19709e+02   6.71272e+01  -1.27447e+00   1.52690e-02
 CALL LIMIT EXCEEDED IN MIGRAD.
 MIGRAD TERMINATED WITHOUT CONVERGENCE.
 FCN=272.649 FROM MIGRAD    STATUS=CALL LIMIT   1154 CALLS        4408 TOTAL
                     EDM=0.958958    STRATEGY= 1  ERROR MATRIX UNCERTAINTY  16.5 per cent
  EXT PARAMETER                APPROXIMATE        STEP         FIRST   
  NO.   NAME      VALUE            ERROR          SIZE      DERIVATIVE 
   1  N0           2.93802e+06     fixed    
   2  tau          6.44050e+01   constant   
   3  A0           3.53384e-01     fixed    
   4  phi          4.11555e+00     fixed    
   5  R           -6.11922e+01   constant   
   6  alpha_CBO    7.44500e-03     fixed    
   7  w_CBO        2.32500e+00   constant   
   8  beta_CBO    -4.44597e-03   9.95340e-05   1.49141e-06  -4.16785e+02
   9  alpha_2CBO   5.76142e-04   1.02824e-04  -4.69491e-06   3.78032e+03
  10  beta_2CBO    7.55993e-04     fixed    
  11  alpha_y      0.00000e+00     fixed    
  12  w_y          1.38860e+01   constant   
  13  beta_y       1.58666e-03     fixed    
  14  alpha_vw     0.00000e+00     fixed    
  15  w_vw         1.43404e+01   constant   
  16  beta_vw      0.00000e+00     fixed    
  17  LM           1.41693e-04   constant   
  18  zeta_y       0.00000e+00   constant   
  19  zeta_vw      0.00000e+00   constant   
  20  T_CBO        1.42155e+01   8.04747e-01   2.43902e-03  -9.33954e+02
  21  alpha_A0     5.26761e-02   8.37036e-02  -9.63612e-03  -1.15778e+01
  22  beta_A0      9.09071e-02   6.48958e-02   9.33427e-03   1.25935e+00
  23  alpha_phi    4.82641e-01   1.65542e-01  -5.52451e-02  -3.27384e+01
  24  beta_phi    -2.03853e-01   9.50134e-02   2.46165e-02   1.54980e+01
 EXTERNAL ERROR MATRIX.    NDIM=  25    NPAR=  7    ERR DEF=1
  9.907e-09  4.489e-10 -3.330e-06  2.927e-07  9.394e-07  6.210e-07 -8.434e-08 
  4.489e-10  1.057e-08  4.158e-06 -7.980e-07 -6.082e-07  2.311e-07 -4.564e-07 
 -3.330e-06  4.158e-06  6.476e-01 -1.088e-02 -3.198e-02 -1.288e-01  4.984e-02 
  2.927e-07 -7.980e-07 -1.088e-02  7.006e-03  8.690e-04  3.452e-04  7.444e-04 
  9.394e-07 -6.082e-07 -3.198e-02  8.690e-04  4.211e-03  6.448e-03 -2.234e-03 
  6.210e-07  2.311e-07 -1.288e-01  3.452e-04  6.448e-03  2.740e-02 -8.211e-03 
 -8.434e-08 -4.564e-07  4.984e-02  7.444e-04 -2.234e-03 -8.211e-03  9.028e-03 
ERR MATRIX APPROXIMATE
 PARAMETER  CORRELATION COEFFICIENTS  
       NO.  GLOBAL      8      9     20     21     22     23     24
        8  0.18993   1.000  0.044 -0.042  0.035  0.145  0.038 -0.009
        9  0.61178   0.044  1.000  0.050 -0.093 -0.091  0.014 -0.047
       20  0.99690  -0.042  0.050  1.000 -0.162 -0.612 -0.967  0.652
       21  0.89680   0.035 -0.093 -0.162  1.000  0.160  0.025  0.094
       22  0.64853   0.145 -0.091 -0.612  0.160  1.000  0.600 -0.362
       23  0.99580   0.038  0.014 -0.967  0.025  0.600  1.000 -0.522
       24  0.94832  -0.009 -0.047  0.652  0.094 -0.362 -0.522  1.000
 ERR MATRIX APPROXIMATE
MINUIT - FIT wiggle + 1-CBO + 2-CBO
 **********
 **   42 **RES 
 **********
                   PARAMETER   16  beta_vw RESTORED TO VARIABLE.
                   PARAMETER   14  alpha_vw RESTORED TO VARIABLE.
                   PARAMETER   13  beta_y RESTORED TO VARIABLE.
                   PARAMETER   11  alpha_y RESTORED TO VARIABLE.
                   PARAMETER   10  beta_2CBO RESTORED TO VARIABLE.
                   PARAMETER    6  alpha_CBO RESTORED TO VARIABLE.
                   PARAMETER    4  phi RESTORED TO VARIABLE.
                   PARAMETER    3  A0 RESTORED TO VARIABLE.
                   PARAMETER    1  N0 RESTORED TO VARIABLE.
 **********
 **   43 **FIX           10
 **********
 **********
 **   44 **FIX           11
 **********
 **********
 **   45 **FIX           12
 **********
 PARAMETER   12  IS CONSTANT.   IGNORED.
 **********
 **   46 **FIX           13
 **********
 **********
 **   47 **FIX           14
 **********
 **********
 **   48 **FIX           15
 **********
 PARAMETER   15  IS CONSTANT.   IGNORED.
 **********
 **   49 **FIX           16
 **********
 **********
 **   50 **MIGRAD
 **********
 START MIGRAD MINIMIZATION.  STRATEGY  1.  CONVERGENCE WHEN EDM .LT. 1.00e-04
 FCN=272.649 FROM MIGRAD    STATUS=INITIATE       22 CALLS        4430 TOTAL
                     EDM= unknown      STRATEGY= 1      NO ERROR MATRIX       
  EXT PARAMETER               CURRENT GUESS       STEP         FIRST   
  NO.   NAME      VALUE            ERROR          SIZE      DERIVATIVE 
   1  N0           2.93802e+06   2.10816e+02   2.10816e+02  -2.64953e-03
   2  tau          6.44050e+01   constant   
   3  A0           3.53384e-01   9.74195e-05   9.74195e-05   1.40854e+05
   4  phi          4.11555e+00   3.04542e-04   3.04542e-04   1.76341e+04
   5  R           -6.11922e+01   constant   
   6  alpha_CBO    7.44500e-03   1.04145e-04   1.04145e-04  -3.12960e+04
   7  w_CBO        2.32500e+00   constant   
   8  beta_CBO    -4.44597e-03   9.95340e-05   1.49141e-06  -4.16785e+02
   9  alpha_2CBO   5.76142e-04   1.02824e-04  -4.69491e-06   3.78032e+03
  10  beta_2CBO    7.55993e-04     fixed    
  11  alpha_y      0.00000e+00     fixed    
  12  w_y          1.38860e+01   constant   
  13  beta_y       1.58666e-03     fixed    
  14  alpha_vw     0.00000e+00     fixed    
  15  w_vw         1.43404e+01   constant   
  16  beta_vw      0.00000e+00     fixed    
  17  LM           1.41693e-04   constant   
  18  zeta_y       0.00000e+00   constant   
  19  zeta_vw      0.00000e+00   constant   
  20  T_CBO        1.42155e+01   8.04747e-01   2.43902e-03  -9.33954e+02
  21  alpha_A0     5.26761e-02   8.37036e-02  -9.63612e-03  -1.15778e+01
  22  beta_A0      9.09071e-02   6.48958e-02   9.33427e-03   1.25935e+00
  23  alpha_phi    4.82641e-01   1.65542e-01  -5.52451e-02  -3.27384e+01
  24  beta_phi    -2.03853e-01   9.50134e-02   2.46165e-02   1.54980e+01
 CALL LIMIT EXCEEDED IN MIGRAD.
 MIGRAD TERMINATED WITHOUT CONVERGENCE.
 FCN=211.137 FROM MIGRAD    STATUS=CALL LIMIT   1905 CALLS        6313 TOTAL
                     EDM=0.0172093    STRATEGY= 1  ERROR MATRIX UNCERTAINTY   0.4 per cent
  EXT PARAMETER                APPROXIMATE        STEP         FIRST   
  NO.   NAME      VALUE            ERROR          SIZE      DERIVATIVE 
   1  N0           2.93788e+06   2.08274e+02   2.78218e+00   1.44679e-05
   2  tau          6.44050e+01   constant   
   3  A0           3.52773e-01   9.48382e-05   5.05272e-08   1.19550e+02
   4  phi          4.11525e+00   2.74080e-04  -1.25617e-06   1.15083e+02
   5  R           -6.11922e+01   constant   
   6  alpha_CBO    7.54782e-03   9.88738e-05  -1.06930e-06   5.77758e+02
   7  w_CBO        2.32500e+00   constant   
   8  beta_CBO    -4.60011e-03   9.94804e-05   6.13812e-07  -1.98523e+02
   9  alpha_2CBO   5.03491e-04   9.70440e-05  -1.80597e-07   3.42321e+02
  10  beta_2CBO    7.55993e-04     fixed    
  11  alpha_y      0.00000e+00     fixed    
  12  w_y          1.38860e+01   constant   
  13  beta_y       1.58666e-03     fixed    
  14  alpha_vw     0.00000e+00     fixed    
  15  w_vw         1.43404e+01   constant   
  16  beta_vw      0.00000e+00     fixed    
  17  LM           1.41693e-04   constant   
  18  zeta_y       0.00000e+00   constant   
  19  zeta_vw      0.00000e+00   constant   
  20  T_CBO        1.71535e+02   1.38832e+02   5.65343e-02  -3.62667e+00
  21  alpha_A0     1.79268e-03   1.04498e-03  -7.95619e-05  -1.21598e+01
  22  beta_A0      7.48055e-04   7.74603e-04  -1.39401e-05   4.21443e+01
  23  alpha_phi    7.26520e-03   2.84077e-03  -4.54431e-04  -4.01705e+02
  24  beta_phi    -2.83339e-03   1.32278e-03   1.87695e-04   1.52989e+02
 EXTERNAL ERROR MATRIX.    NDIM=  25    NPAR= 11    ERR DEF=1
  4.338e+04 
  2.601e-03  8.994e-09 
  5.965e-03 -4.447e-10  7.512e-08 
  1.578e-03  1.441e-09 -6.140e-10  9.776e-09 
  1.198e-04  1.533e-09  2.001e-09  1.693e-10  9.896e-09 
  1.976e-04  4.358e-10  5.278e-10  1.714e-10  7.625e-10  9.418e-09 
  1.003e+03  2.711e-04  3.037e-03 -2.926e-04  7.406e-06  8.830e-06  2.021e+04 
 -2.545e-02 -1.432e-09 -4.478e-08  1.306e-08  8.131e-10 -5.115e-09 -9.539e-02  1.092e-06 
  1.676e-02  6.512e-09 -7.419e-09  3.705e-09  1.017e-08 -5.744e-09 -3.880e-02  1.315e-07  6.000e-07 
  5.535e-03 -3.918e-09 -6.223e-08  1.173e-08  7.662e-10  7.017e-09 -3.968e-01  1.901e-06  7.980e-07  8.070e-06 
  2.995e-02 -1.236e-08  5.910e-08 -1.311e-09  5.386e-10 -8.654e-09  1.439e-01 -6.288e-07 -3.121e-07 -2.719e-06  1.750e-06 
ERR MATRIX APPROXIMATE
 PARAMETER  CORRELATION COEFFICIENTS  
       NO.  GLOBAL      1      3      4      6      8      9     20     21     22     23     24
        1  0.34238   1.000  0.132  0.104  0.077  0.006  0.010  0.034 -0.117  0.104  0.009  0.109
        3  0.32410   0.132  1.000 -0.017  0.154  0.162  0.047  0.020 -0.014  0.089 -0.015 -0.099
        4  0.26425   0.104 -0.017  1.000 -0.023  0.073  0.020  0.078 -0.156 -0.035 -0.080  0.163
        6  0.24527   0.077  0.154 -0.023  1.000  0.017  0.018 -0.021  0.126  0.048  0.042 -0.010
        8  0.24385   0.006  0.162  0.073  0.017  1.000  0.079  0.001  0.008  0.132  0.003  0.004
        9  0.26041   0.010  0.047  0.020  0.018  0.079  1.000  0.001 -0.050 -0.076  0.025 -0.067
       20  0.98708   0.034  0.020  0.078 -0.021  0.001  0.001  1.000 -0.642 -0.352 -0.983  0.765
       21  0.67905  -0.117 -0.014 -0.156  0.126  0.008 -0.050 -0.642  1.000  0.163  0.640 -0.455
       22  0.43362   0.104  0.089 -0.035  0.048  0.132 -0.076 -0.352  0.163  1.000  0.363 -0.305
       23  0.98521   0.009 -0.015 -0.080  0.042  0.003  0.025 -0.983  0.640  0.363  1.000 -0.723
       24  0.80621   0.109 -0.099  0.163 -0.010  0.004 -0.067  0.765 -0.455 -0.305 -0.723  1.000
 ERR MATRIX APPROXIMATE
MINUIT - FIT ONLY 1-y
 **********
 **   51 **RES 
 **********
                   PARAMETER   16  beta_vw RESTORED TO VARIABLE.
                   PARAMETER   14  alpha_vw RESTORED TO VARIABLE.
                   PARAMETER   13  beta_y RESTORED TO VARIABLE.
                   PARAMETER   11  alpha_y RESTORED TO VARIABLE.
                   PARAMETER   10  beta_2CBO RESTORED TO VARIABLE.
 **********
 **   52 **FIX            0
 **********
 PARAMETER    0  IS UNDEFINED. IGNORED.
 **********
 **   53 **FIX            1
 **********
 **********
 **   54 **FIX            2
 **********
 PARAMETER    2  IS CONSTANT.   IGNORED.
 **********
 **   55 **FIX            3
 **********
 **********
 **   56 **FIX            4
 **********
 **********
 **   57 **FIX            5
 **********
 PARAMETER    5  IS CONSTANT.   IGNORED.
 **********
 **   58 **FIX            6
 **********
 **********
 **   59 **FIX            7
 **********
 PARAMETER    7  IS CONSTANT.   IGNORED.
 **********
 **   60 **FIX            8
 **********
 **********
 **   61 **FIX            9
 **********
 **********
 **   62 **FIX           13
 **********
 **********
 **   63 **FIX           14
 **********
 **********
 **   64 **FIX           15
 **********
 PARAMETER   15  IS CONSTANT.   IGNORED.
 **********
 **   65 **FIX           16
 **********
 **********
 **   66 **MIGRAD
 **********
 START MIGRAD MINIMIZATION.  STRATEGY  1.  CONVERGENCE WHEN EDM .LT. 1.00e-04
 FCN=211.137 FROM MIGRAD    STATUS=INITIATE       16 CALLS        6329 TOTAL
                     EDM= unknown      STRATEGY= 1      NO ERROR MATRIX       
  EXT PARAMETER               CURRENT GUESS       STEP         FIRST   
  NO.   NAME      VALUE            ERROR          SIZE      DERIVATIVE 
   1  N0           2.93788e+06     fixed    
   2  tau          6.44050e+01   constant   
   3  A0           3.52773e-01     fixed    
   4  phi          4.11525e+00     fixed    
   5  R           -6.11922e+01   constant   
   6  alpha_CBO    7.54782e-03     fixed    
   7  w_CBO        2.32500e+00   constant   
   8  beta_CBO    -4.60011e-03     fixed    
   9  alpha_2CBO   5.03491e-04     fixed    
  10  beta_2CBO    7.55993e-04   1.04559e-04   1.04559e-04   4.44940e+04
  11  alpha_y      0.00000e+00   1.00000e-03   1.00000e-03   1.31238e+05
  12  w_y          1.38860e+01   constant   
  13  beta_y       1.58666e-03     fixed    
  14  alpha_vw     0.00000e+00     fixed    
  15  w_vw         1.43404e+01   constant   
  16  beta_vw      0.00000e+00     fixed    
  17  LM           1.41693e-04   constant   
  18  zeta_y       0.00000e+00   constant   
  19  zeta_vw      0.00000e+00   constant   
  20  T_CBO        1.71535e+02   1.38832e+02   5.65343e-02  -3.62672e+00
  21  alpha_A0     1.79268e-03   1.04498e-03  -7.95619e-05  -1.21598e+01
  22  beta_A0      7.48055e-04   7.74603e-04  -1.39401e-05   4.21443e+01
  23  alpha_phi    7.26520e-03   2.84077e-03  -4.54431e-04  -4.01705e+02
  24  beta_phi    -2.83339e-03   1.32278e-03   1.87695e-04   1.52989e+02
 MIGRAD MINIMIZATION HAS CONVERGED.
 MIGRAD WILL VERIFY CONVERGENCE AND ERROR MATRIX.
 COVARIANCE MATRIX CALCULATED SUCCESSFULLY
 FCN=162.728 FROM MIGRAD    STATUS=CONVERGED     530 CALLS        6843 TOTAL
                     EDM=3.82568e-06    STRATEGY= 1      ERROR MATRIX ACCURATE 
  EXT PARAMETER                                   STEP         FIRST   
  NO.   NAME      VALUE            ERROR          SIZE      DERIVATIVE 
   1  N0           2.93788e+06     fixed    
   2  tau          6.44050e+01   constant   
   3  A0           3.52773e-01     fixed    
   4  phi          4.11525e+00     fixed    
   5  R           -6.11922e+01   constant   
   6  alpha_CBO    7.54782e-03     fixed    
   7  w_CBO        2.32500e+00   constant   
   8  beta_CBO    -4.60011e-03     fixed    
   9  alpha_2CBO   5.03491e-04     fixed    
  10  beta_2CBO    5.15529e-04   1.02295e-04   6.25035e-07  -1.37314e+01
  11  alpha_y     -6.51899e-04   9.94559e-05   6.21029e-07   4.30990e+00
  12  w_y          1.38860e+01   constant   
  13  beta_y       1.58666e-03     fixed    
  14  alpha_vw     0.00000e+00     fixed    
  15  w_vw         1.43404e+01   constant   
  16  beta_vw      0.00000e+00     fixed    
  17  LM           1.41693e-04   constant   
  18  zeta_y       0.00000e+00   constant   
  19  zeta_vw      0.00000e+00   constant   
  20  T_CBO        9.99995e+02   7.37382e+02   4.67061e-02  -1.53238e-04
  21  alpha_A0     1.22589e-03   4.20122e-04   2.60614e-06  -9.70409e-01
  22  beta_A0      6.31668e-04   4.03110e-04   2.49195e-06   1.81238e+00
  23  alpha_phi    5.18437e-03   3.80774e-04   2.35288e-06  -3.42191e+00
  24  beta_phi    -2.13445e-03   4.38311e-04   2.69940e-06   2.31772e+00
 EXTERNAL ERROR MATRIX.    NDIM=  25    NPAR=  7    ERR DEF=1
  1.046e-08  1.180e-10  1.535e-07  3.485e-09 -4.690e-09  3.771e-09  5.575e-09 
  1.180e-10  9.891e-09  1.434e-07  1.772e-10  1.075e-10  7.333e-10 -1.082e-09 
  1.535e-07  1.434e-07  3.321e+02  1.047e-04  5.655e-05  4.562e-04 -1.868e-04 
  3.485e-09  1.772e-10  1.047e-04  1.765e-07 -1.193e-09 -6.036e-09 -1.107e-08 
 -4.690e-09  1.075e-10  5.655e-05 -1.193e-09  1.625e-07 -1.032e-08 -1.419e-08 
  3.771e-09  7.333e-10  4.562e-04 -6.036e-09 -1.032e-08  1.450e-07 -5.259e-09 
  5.575e-09 -1.082e-09 -1.868e-04 -1.107e-08 -1.419e-08 -5.259e-09  1.921e-07 
 PARAMETER  CORRELATION COEFFICIENTS  
       NO.  GLOBAL     10     11     20     21     22     23     24
       10  0.20882   1.000  0.012  0.000  0.081 -0.114  0.097  0.124
       11  0.03390   0.012  1.000  0.000  0.004  0.003  0.019 -0.025
       20  0.07163   0.000  0.000  1.000  0.014  0.008  0.066 -0.023
       21  0.11938   0.081  0.004  0.014  1.000 -0.007 -0.038 -0.060
       22  0.14515  -0.114  0.003  0.008 -0.007  1.000 -0.067 -0.080
       23  0.14796   0.097  0.019  0.066 -0.038 -0.067  1.000 -0.032
       24  0.16849   0.124 -0.025 -0.023 -0.060 -0.080 -0.032  1.000
MINUIT - FIT ONLY 2-y
 **********
 **   67 **RES 
 **********
                   PARAMETER   16  beta_vw RESTORED TO VARIABLE.
                   PARAMETER   14  alpha_vw RESTORED TO VARIABLE.
                   PARAMETER   13  beta_y RESTORED TO VARIABLE.
                   PARAMETER    9  alpha_2CBO RESTORED TO VARIABLE.
                   PARAMETER    8  beta_CBO RESTORED TO VARIABLE.
                   PARAMETER    6  alpha_CBO RESTORED TO VARIABLE.
                   PARAMETER    4  phi RESTORED TO VARIABLE.
                   PARAMETER    3  A0 RESTORED TO VARIABLE.
                   PARAMETER    1  N0 RESTORED TO VARIABLE.
 **********
 **   68 **FIX            0
 **********
 PARAMETER    0  IS UNDEFINED. IGNORED.
 **********
 **   69 **FIX            1
 **********
 **********
 **   70 **FIX            2
 **********
 PARAMETER    2  IS CONSTANT.   IGNORED.
 **********
 **   71 **FIX            3
 **********
 **********
 **   72 **FIX            4
 **********
 **********
 **   73 **FIX            5
 **********
 PARAMETER    5  IS CONSTANT.   IGNORED.
 **********
 **   74 **FIX            6
 **********
 **********
 **   75 **FIX            7
 **********
 PARAMETER    7  IS CONSTANT.   IGNORED.
 **********
 **   76 **FIX            8
 **********
 **********
 **   77 **FIX            9
 **********
 **********
 **   78 **FIX           10
 **********
 **********
 **   79 **FIX           11
 **********
 **********
 **   80 **FIX           12
 **********
 PARAMETER   12  IS CONSTANT.   IGNORED.
 **********
 **   81 **FIX           16
 **********
 **********
 **   82 **MIGRAD
 **********
 START MIGRAD MINIMIZATION.  STRATEGY  1.  CONVERGENCE WHEN EDM .LT. 1.00e-04
 FCN=162.728 FROM MIGRAD    STATUS=INITIATE       16 CALLS        6859 TOTAL
                     EDM= unknown      STRATEGY= 1      NO ERROR MATRIX       
  EXT PARAMETER               CURRENT GUESS       STEP         FIRST   
  NO.   NAME      VALUE            ERROR          SIZE      DERIVATIVE 
   1  N0           2.93788e+06     fixed    
   2  tau          6.44050e+01   constant   
   3  A0           3.52773e-01     fixed    
   4  phi          4.11525e+00     fixed    
   5  R           -6.11922e+01   constant   
   6  alpha_CBO    7.54782e-03     fixed    
   7  w_CBO        2.32500e+00   constant   
   8  beta_CBO    -4.60011e-03     fixed    
   9  alpha_2CBO   5.03491e-04     fixed    
  10  beta_2CBO    5.15529e-04     fixed    
  11  alpha_y     -6.51899e-04     fixed    
  12  w_y          1.38860e+01   constant   
  13  beta_y       1.58666e-03   1.01030e-04   1.01030e-04   1.74105e+04
  14  alpha_vw     0.00000e+00   1.00000e-03   1.00000e-03   7.09776e+04
  15  w_vw         1.43404e+01   constant   
  16  beta_vw      0.00000e+00     fixed    
  17  LM           1.41693e-04   constant   
  18  zeta_y       0.00000e+00   constant   
  19  zeta_vw      0.00000e+00   constant   
  20  T_CBO        9.99995e+02   7.37382e+02   4.67061e-02  -1.55937e-04
  21  alpha_A0     1.22589e-03   4.20122e-04   2.60614e-06  -9.70377e-01
  22  beta_A0      6.31668e-04   4.03110e-04   2.49195e-06   1.81246e+00
  23  alpha_phi    5.18437e-03   3.80774e-04   2.35288e-06  -3.42191e+00
  24  beta_phi    -2.13445e-03   4.38311e-04   2.69940e-06   2.31773e+00
 MIGRAD MINIMIZATION HAS CONVERGED.
 MIGRAD WILL VERIFY CONVERGENCE AND ERROR MATRIX.
 COVARIANCE MATRIX CALCULATED SUCCESSFULLY
 FCN=150.023 FROM MIGRAD    STATUS=CONVERGED     116 CALLS        6959 TOTAL
                     EDM=4.09425e-06    STRATEGY= 1      ERROR MATRIX ACCURATE 
  EXT PARAMETER                                   STEP         FIRST   
  NO.   NAME      VALUE            ERROR          SIZE      DERIVATIVE 
   1  N0           2.93788e+06     fixed    
   2  tau          6.44050e+01   constant   
   3  A0           3.52773e-01     fixed    
   4  phi          4.11525e+00     fixed    
   5  R           -6.11922e+01   constant   
   6  alpha_CBO    7.54782e-03     fixed    
   7  w_CBO        2.32500e+00   constant   
   8  beta_CBO    -4.60011e-03     fixed    
   9  alpha_2CBO   5.03491e-04     fixed    
  10  beta_2CBO    5.15529e-04     fixed    
  11  alpha_y     -6.51899e-04     fixed    
  12  w_y          1.38860e+01   constant   
  13  beta_y       1.60827e-03   1.05827e-04   6.05288e-07  -3.45194e-01
  14  alpha_vw    -3.63308e-04   1.05169e-04   6.01459e-07   9.79763e-02
  15  w_vw         1.43404e+01   constant   
  16  beta_vw      0.00000e+00     fixed    
  17  LM           1.41693e-04   constant   
  18  zeta_y       0.00000e+00   constant   
  19  zeta_vw      0.00000e+00   constant   
  20  T_CBO        1.00000e+03   9.82159e+02   4.51235e-02** at limit **
  21  alpha_A0     1.22633e-03   4.18765e-04   2.50290e-06   6.17630e+00
  22  beta_A0      6.07065e-04   4.00643e-04   2.39327e-06   2.30177e+00
  23  alpha_phi    5.21874e-03   3.79935e-04   2.25967e-06   2.74020e+00
  24  beta_phi    -2.13537e-03   4.34875e-04   2.59247e-06   5.53937e-01
 EXTERNAL ERROR MATRIX.    NDIM=  25    NPAR=  7    ERR DEF=1
  1.120e-08 -3.356e-09  1.886e-08 -5.207e-12 -9.042e-10  1.030e-09  3.399e-10 
 -3.356e-09  1.106e-08 -2.338e-08  7.691e-12  9.142e-10 -1.212e-09 -6.521e-11 
  1.886e-08 -2.338e-08  9.147e-01  7.628e-06  3.968e-06  3.346e-05 -1.364e-05 
 -5.207e-12  7.691e-12  7.628e-06  1.754e-07  3.862e-10 -7.168e-09 -1.297e-08 
 -9.042e-10  9.142e-10  3.968e-06  3.862e-10  1.605e-07 -8.718e-09 -1.172e-08 
  1.030e-09 -1.212e-09  3.346e-05 -7.168e-09 -8.718e-09  1.444e-07 -7.400e-09 
  3.399e-10 -6.521e-11 -1.364e-05 -1.297e-08 -1.172e-08 -7.400e-09  1.891e-07 
 PARAMETER  CORRELATION COEFFICIENTS  
       NO.  GLOBAL     13     14     20     21     22     23     24
       13  0.30239   1.000 -0.302  0.000 -0.000 -0.021  0.026  0.007
       14  0.30272  -0.302  1.000 -0.000  0.000  0.022 -0.030 -0.001
       20  0.09974   0.000 -0.000  1.000  0.019  0.010  0.092 -0.033
       21  0.08880  -0.000  0.000  0.019  1.000  0.002 -0.045 -0.071
       22  0.09471  -0.021  0.022  0.010  0.002  1.000 -0.057 -0.067
       23  0.13264   0.026 -0.030  0.092 -0.045 -0.057  1.000 -0.045
