 + ++++++++++++++++++++++++++++++++++++++++++++++++++++++++++++++++++++ +
 +                                                                      +
 +           You have chose to blind your fitting according to          +
 +                omega_ref * (1 + (R +/- deltaR) *10^{-6})             +
 +                                                                      +
 + ++++++++++++++++++++++++++++++++++++++++++++++++++++++++++++++++++++ +
In main()...
reading format from /gm2data/zkhechad/run45/envelope/formats/formatB_sBin_constraintOn.txt
pBinTau 	= 0  
pBinPhi 	= 0  
constraintau 	= 1 
includeMopTerm 	= 0    
constrainMop    = 0   
Parameters after format file: pBinTau 0 pBinPhi 0 constraintau 1 includeMopTerm 0 constrainMop 0 c_e_scale 0.000000 
Opening file /gm2data/tbarrett/gm2fr/studies/run23_bunch_corrections/CorrectedFourier_Run3b.root.
reading full fit data from /gm2data/zkhechad/cboTemplates/Run4CBOTemplates/fullFits/noRF/sBin_constraintOn_cE0.0_seed0_noRF_calo24.root
windowBins = 69
fitting sliding window 420 from bin 556 at 82.806000 to bin 625 at 93.250000 (69 bins)

Reading data from /gm2data/cornell/histograms/aMethod/histogram_a_noRF.root
 **********
 **    1 **SET PRINTOUT            1
 **********
 **********
 **    2 **SET NOWARNINGS 
 **********
 PARAMETER DEFINITIONS:
    NO.   NAME         VALUE      STEP SIZE      LIMITS
     1 N0           3.17469e+06  1.00000e+02     no limits
     2 tau          6.44005e+01  constant
     3 A0           3.64944e-01  1.00000e-04     no limits
     4 phi          4.11953e+00  1.00000e-02     no limits
     5 R           -6.09192e+01  constant
     6 alpha_CBO    0.00000e+00  1.00000e-03     no limits
     7 w_CBO        2.32500e+00  constant
     8 beta_CBO     0.00000e+00  1.00000e-03     no limits
     9 alpha_2CBO   0.00000e+00  1.00000e-03     no limits
    10 beta_2CBO    0.00000e+00  1.00000e-03     no limits
    11 alpha_y      0.00000e+00  1.00000e-03     no limits
    12 w_y          1.38860e+01  constant
    13 beta_y       0.00000e+00  1.00000e-03     no limits
    14 alpha_vw     0.00000e+00  1.00000e-03     no limits
    15 w_vw         1.43404e+01  constant
    16 beta_vw      0.00000e+00  1.00000e-03     no limits
    17 LM          -6.12107e-05  constant
    18 zeta_y       0.00000e+00  constant
    19 zeta_vw      0.00000e+00  constant
    20 T_CBO        1.00000e+02  1.00000e+00    0.00000e+00  1.00000e+03
    21 alpha_A0     0.00000e+00  1.00000e-03     no limits
    22 beta_A0      0.00000e+00  1.00000e-03     no limits
    23 alpha_phi    0.00000e+00  1.00000e-03     no limits
    24 beta_phi     0.00000e+00  1.00000e-03     no limits
MINUIT - FIT ONLY WIGGLE
 **********
 **    3 **FIX            5
 **********
 PARAMETER    5  IS CONSTANT.   IGNORED.
 **********
 **    4 **FIX            6
 **********
 **********
 **    5 **FIX            7
 **********
 PARAMETER    7  IS CONSTANT.   IGNORED.
 **********
 **    6 **FIX            8
 **********
 **********
 **    7 **FIX            9
 **********
 **********
 **    8 **FIX           10
 **********
 **********
 **    9 **FIX           11
 **********
 **********
 **   10 **FIX           12
 **********
 PARAMETER   12  IS CONSTANT.   IGNORED.
 **********
 **   11 **FIX           13
 **********
 **********
 **   12 **FIX           14
 **********
 **********
 **   13 **FIX           15
 **********
 PARAMETER   15  IS CONSTANT.   IGNORED.
 **********
 **   14 **FIX           16
 **********
 **********
 **   15 **MIGRAD
 **********
 FIRST CALL TO USER FUNCTION AT NEW START POINT, WITH IFLAG=4.
 START MIGRAD MINIMIZATION.  STRATEGY  1.  CONVERGENCE WHEN EDM .LT. 1.00e-04
 FCN=3225.92 FROM MIGRAD    STATUS=INITIATE      427 CALLS         428 TOTAL
                     EDM= unknown      STRATEGY= 1      NO ERROR MATRIX       
  EXT PARAMETER               CURRENT GUESS       STEP         FIRST   
  NO.   NAME      VALUE            ERROR          SIZE      DERIVATIVE 
   1  N0           3.17469e+06   1.00000e+02   0.00000e+00  -1.09451e-02
   2  tau          6.44005e+01   constant   
   3  A0           3.64944e-01   1.00000e-04   0.00000e+00  -8.01892e+03
   4  phi          4.11953e+00   1.00000e-02   0.00000e+00   9.81634e+04
   5  R           -6.09192e+01   constant   
   6  alpha_CBO    0.00000e+00     fixed    
   7  w_CBO        2.32500e+00   constant   
   8  beta_CBO     0.00000e+00     fixed    
   9  alpha_2CBO   0.00000e+00     fixed    
  10  beta_2CBO    0.00000e+00     fixed    
  11  alpha_y      0.00000e+00     fixed    
  12  w_y          1.38860e+01   constant   
  13  beta_y       0.00000e+00     fixed    
  14  alpha_vw     0.00000e+00     fixed    
  15  w_vw         1.43404e+01   constant   
  16  beta_vw      0.00000e+00     fixed    
  17  LM          -6.12107e-05   constant   
  18  zeta_y       0.00000e+00   constant   
  19  zeta_vw      0.00000e+00   constant   
  20  T_CBO        1.00000e+02   1.00000e+00   0.00000e+00   0.00000e+00
  21  alpha_A0     0.00000e+00   1.00000e-03   0.00000e+00   6.38160e+02
  22  beta_A0      0.00000e+00   1.00000e-03   0.00000e+00   4.43894e+03
  23  alpha_phi    0.00000e+00   1.00000e-03   0.00000e+00   7.72031e+03
  24  beta_phi     0.00000e+00   1.00000e-03   0.00000e+00   3.85291e+04
 CALL LIMIT EXCEEDED IN MIGRAD.
 MIGRAD TERMINATED WITHOUT CONVERGENCE.
 FCN=2672.35 FROM MIGRAD    STATUS=CALL LIMIT   1324 CALLS        1325 TOTAL
                     EDM=0.0010411    STRATEGY= 1  ERROR MATRIX UNCERTAINTY   0.4 per cent
  EXT PARAMETER                APPROXIMATE        STEP         FIRST   
  NO.   NAME      VALUE            ERROR          SIZE      DERIVATIVE 
   1  N0           3.17464e+06   2.61629e+02   1.63897e+00   3.26801e-05
   2  tau          6.44005e+01   constant   
   3  A0           3.64961e-01   9.63887e-05  -1.18753e-06  -2.10015e+02
   4  phi          4.11489e+00   3.07081e-04  -6.97408e-06  -1.04602e+02
   5  R           -6.09192e+01   constant   
   6  alpha_CBO    0.00000e+00     fixed    
   7  w_CBO        2.32500e+00   constant   
   8  beta_CBO     0.00000e+00     fixed    
   9  alpha_2CBO   0.00000e+00     fixed    
  10  beta_2CBO    0.00000e+00     fixed    
  11  alpha_y      0.00000e+00     fixed    
  12  w_y          1.38860e+01   constant   
  13  beta_y       0.00000e+00     fixed    
  14  alpha_vw     0.00000e+00     fixed    
  15  w_vw         1.43404e+01   constant   
  16  beta_vw      0.00000e+00     fixed    
  17  LM          -6.12107e-05   constant   
  18  zeta_y       0.00000e+00   constant   
  19  zeta_vw      0.00000e+00   constant   
  20  T_CBO        8.37298e+02   6.39755e+02   7.12049e-02  -2.72458e-02
  21  alpha_A0     1.64944e-03   7.25472e-04  -2.32005e-06  -1.90830e+01
  22  beta_A0     -2.99390e-04   5.10165e-04   1.12337e-05   3.77159e+01
  23  alpha_phi   -1.07630e-03   4.75098e-04  -2.23003e-07   2.32674e+00
  24  beta_phi    -7.61768e-03   1.78568e-03   1.80445e-05   1.39806e+01
 EXTERNAL ERROR MATRIX.    NDIM=  25    NPAR=  8    ERR DEF=1
  6.845e+04  4.842e-03  6.961e-04  3.959e+04 -2.213e-02  2.771e-02  2.138e-02  5.010e-02 
  4.842e-03  9.291e-09 -9.022e-10 -1.558e-02  6.531e-11  1.863e-09 -3.920e-09 -1.545e-08 
  6.961e-04 -9.022e-10  9.430e-08 -1.668e-01  7.814e-10 -1.571e-08 -2.834e-08 -1.880e-07 
  3.959e+04 -1.558e-02 -1.668e-01  2.177e+06 -5.129e-01  2.988e-01  3.218e-01  2.524e+00 
 -2.213e-02  6.531e-11  7.814e-10 -5.129e-01  5.263e-07 -8.574e-08 -6.035e-08 -6.240e-07 
  2.771e-02  1.863e-09 -1.571e-08  2.988e-01 -8.574e-08  2.603e-07  3.625e-08  3.609e-07 
  2.138e-02 -3.920e-09 -2.834e-08  3.218e-01 -6.035e-08  3.625e-08  2.257e-07  3.689e-07 
  5.010e-02 -1.545e-08 -1.880e-07  2.524e+00 -6.240e-07  3.609e-07  3.689e-07  3.189e-06 
ERR MATRIX APPROXIMATE
 PARAMETER  CORRELATION COEFFICIENTS  
       NO.  GLOBAL      1      3      4     20     21     22     23     24
        1  0.33167   1.000  0.192  0.009  0.103 -0.117  0.208  0.172  0.107
        3  0.27211   0.192  1.000 -0.030 -0.110  0.001  0.038 -0.086 -0.090
        4  0.43136   0.009 -0.030  1.000 -0.368  0.004 -0.100 -0.194 -0.343
       20  0.96091   0.103 -0.110 -0.368  1.000 -0.479  0.397  0.459  0.958
       21  0.52708  -0.117  0.001  0.004 -0.479  1.000 -0.232 -0.175 -0.482
       22  0.44218   0.208  0.038 -0.100  0.397 -0.232  1.000  0.150  0.396
       23  0.48734   0.172 -0.086 -0.194  0.459 -0.175  0.150  1.000  0.435
       24  0.95838   0.107 -0.090 -0.343  0.958 -0.482  0.396  0.435  1.000
 ERR MATRIX APPROXIMATE
MINUIT - FIT ONLY 1-CBO + wiggle
 **********
 **   16 **RES 
 **********
                   PARAMETER   16  beta_vw RESTORED TO VARIABLE.
                   PARAMETER   14  alpha_vw RESTORED TO VARIABLE.
                   PARAMETER   13  beta_y RESTORED TO VARIABLE.
                   PARAMETER   11  alpha_y RESTORED TO VARIABLE.
                   PARAMETER   10  beta_2CBO RESTORED TO VARIABLE.
                   PARAMETER    9  alpha_2CBO RESTORED TO VARIABLE.
                   PARAMETER    8  beta_CBO RESTORED TO VARIABLE.
                   PARAMETER    6  alpha_CBO RESTORED TO VARIABLE.
 **********
 **   17 **FIX            8
 **********
 **********
 **   18 **FIX            9
 **********
 **********
 **   19 **FIX           11
 **********
 **********
 **   20 **FIX           12
 **********
 PARAMETER   12  IS CONSTANT.   IGNORED.
 **********
 **   21 **FIX           14
 **********
 **********
 **   22 **FIX           15
 **********
 PARAMETER   15  IS CONSTANT.   IGNORED.
 **********
 **   23 **FIX           16
 **********
 **********
 **   24 **MIGRAD
 **********
 START MIGRAD MINIMIZATION.  STRATEGY  1.  CONVERGENCE WHEN EDM .LT. 1.00e-04
 FCN=2672.35 FROM MIGRAD    STATUS=INITIATE       28 CALLS        1353 TOTAL
                     EDM= unknown      STRATEGY= 1      NO ERROR MATRIX       
  EXT PARAMETER               CURRENT GUESS       STEP         FIRST   
  NO.   NAME      VALUE            ERROR          SIZE      DERIVATIVE 
   1  N0           3.17464e+06   2.61629e+02   1.63897e+00   3.26801e-05
   2  tau          6.44005e+01   constant   
   3  A0           3.64961e-01   9.63887e-05  -1.18753e-06  -2.10015e+02
   4  phi          4.11489e+00   3.07081e-04  -6.97408e-06  -1.04602e+02
   5  R           -6.09192e+01   constant   
   6  alpha_CBO    0.00000e+00   1.00000e-03   1.00000e-03   3.67394e+05
   7  w_CBO        2.32500e+00   constant   
   8  beta_CBO     0.00000e+00     fixed    
   9  alpha_2CBO   0.00000e+00     fixed    
  10  beta_2CBO    0.00000e+00   1.00000e-03   1.00000e-03  -2.55451e+04
  11  alpha_y      0.00000e+00     fixed    
  12  w_y          1.38860e+01   constant   
  13  beta_y       0.00000e+00   1.00000e-03   1.00000e-03   4.14189e+04
  14  alpha_vw     0.00000e+00     fixed    
  15  w_vw         1.43404e+01   constant   
  16  beta_vw      0.00000e+00     fixed    
  17  LM          -6.12107e-05   constant   
  18  zeta_y       0.00000e+00   constant   
  19  zeta_vw      0.00000e+00   constant   
  20  T_CBO        8.37298e+02   6.39755e+02   7.12049e-02  -2.75131e-02
  21  alpha_A0     1.64944e-03   7.25472e-04  -2.32005e-06  -1.90830e+01
  22  beta_A0     -2.99390e-04   5.10165e-04   1.12337e-05   3.77159e+01
  23  alpha_phi   -1.07630e-03   4.75098e-04  -2.23003e-07   2.32673e+00
  24  beta_phi    -7.61768e-03   1.78568e-03   1.80445e-05   1.39806e+01
 CALL LIMIT EXCEEDED IN MIGRAD.
 MIGRAD TERMINATED WITHOUT CONVERGENCE.
 FCN=2159.93 FROM MIGRAD    STATUS=CALL LIMIT   1923 CALLS        3248 TOTAL
                     EDM=0.00546152    STRATEGY= 1  ERROR MATRIX UNCERTAINTY   1.0 per cent
  EXT PARAMETER                APPROXIMATE        STEP         FIRST   
  NO.   NAME      VALUE            ERROR          SIZE      DERIVATIVE 
   1  N0           3.17447e+06   2.70258e+02  -2.05491e-01  -2.10193e-04
   2  tau          6.44005e+01   constant   
   3  A0           3.64504e-01   1.05134e-04  -1.52994e-06   5.14888e+01
   4  phi          4.11570e+00   3.12906e-04  -1.81844e-07   3.02257e+01
   5  R           -6.09192e+01   constant   
   6  alpha_CBO   -2.74178e-03   1.22484e-04   3.29955e-07  -1.39961e+02
   7  w_CBO        2.32500e+00   constant   
   8  beta_CBO     0.00000e+00     fixed    
   9  alpha_2CBO   0.00000e+00     fixed    
  10  beta_2CBO    1.91994e-04   1.16494e-04   2.40412e-07   1.78423e+02
  11  alpha_y      0.00000e+00     fixed    
  12  w_y          1.38860e+01   constant   
  13  beta_y      -3.05676e-04   1.17681e-04   1.79911e-07   2.67154e+00
  14  alpha_vw     0.00000e+00     fixed    
  15  w_vw         1.43404e+01   constant   
  16  beta_vw      0.00000e+00     fixed    
  17  LM          -6.12107e-05   constant   
  18  zeta_y       0.00000e+00   constant   
  19  zeta_vw      0.00000e+00   constant   
  20  T_CBO        2.95122e+01   6.36348e+00  -1.78488e-03  -1.78366e+01
  21  alpha_A0     2.52825e-02   1.97249e-02   8.35573e-04   1.03629e+01
  22  beta_A0     -5.13445e-03   3.34871e-03  -1.12935e-04   3.23234e+01
  23  alpha_phi   -5.07823e-02   2.93418e-02  -1.30032e-03   1.19985e+01
  24  beta_phi    -1.32265e-01   7.91896e-02  -3.54971e-03   7.29139e+00
 EXTERNAL ERROR MATRIX.    NDIM=  25    NPAR= 11    ERR DEF=1
  7.304e+04 
  6.179e-03  1.105e-08 
 -3.240e-03 -7.687e-10  9.791e-08 
  5.151e-04  1.870e-09 -2.772e-09  1.500e-08 
  1.280e-03 -3.981e-10 -7.397e-10 -1.698e-11  1.357e-08 
 -1.858e-04  1.034e-10 -8.033e-10 -6.389e-11 -2.961e-10  1.385e-08 
  7.918e+01  1.695e-04 -7.061e-05 -1.326e-05 -5.965e-05 -1.613e-05  4.051e+01 
 -2.553e-01 -5.282e-07  1.245e-07  1.468e-08  1.908e-07  6.040e-08 -1.235e-01  3.891e-04 
  1.057e-01  6.070e-08 -1.055e-07 -2.050e-08 -6.511e-09  2.235e-09  1.279e-02 -3.076e-05  1.121e-05 
  4.527e-01  8.017e-07 -2.875e-07 -2.035e-08 -2.579e-07 -8.564e-08  1.859e-01 -5.758e-04  5.344e-05  8.609e-04 
  1.273e+00  2.176e-06 -9.078e-07 -1.198e-07 -6.848e-07 -2.153e-07  5.030e-01 -1.543e-03  1.576e-04  2.319e-03  6.271e-03 
ERR MATRIX APPROXIMATE
 PARAMETER  CORRELATION COEFFICIENTS  
       NO.  GLOBAL      1      3      4      6     10     13     20     21     22     23     24
        1  0.38699   1.000  0.217 -0.038  0.016  0.041 -0.006  0.046 -0.048  0.117  0.057  0.060
        3  0.37242   0.217  1.000 -0.023  0.145 -0.033  0.008  0.253 -0.255  0.172  0.260  0.261
        4  0.14503  -0.038 -0.023  1.000 -0.072 -0.020 -0.022 -0.035  0.020 -0.101 -0.031 -0.037
        6  0.27869   0.016  0.145 -0.072  1.000 -0.001 -0.004 -0.017  0.006 -0.050 -0.006 -0.012
       10  0.21852   0.041 -0.033 -0.020 -0.001  1.000 -0.022 -0.080  0.083 -0.017 -0.075 -0.074
       13  0.05861  -0.006  0.008 -0.022 -0.004 -0.022  1.000 -0.022  0.026  0.006 -0.025 -0.023
       20  0.99843   0.046  0.253 -0.035 -0.017 -0.080 -0.022  1.000 -0.983  0.600  0.996  0.998
       21  0.99922  -0.048 -0.255  0.020  0.006  0.083  0.026 -0.983  1.000 -0.466 -0.995 -0.988
       22  0.98487   0.117  0.172 -0.101 -0.050 -0.017  0.006  0.600 -0.466  1.000  0.544  0.594
       23  0.99983   0.057  0.260 -0.031 -0.006 -0.075 -0.025  0.996 -0.995  0.544  1.000  0.998
       24  0.99986   0.060  0.261 -0.037 -0.012 -0.074 -0.023  0.998 -0.988  0.594  0.998  1.000
 ERR MATRIX APPROXIMATE
MINUIT - FIT ONLY 2-CBO
 **********
 **   25 **RES 
 **********
                   PARAMETER   16  beta_vw RESTORED TO VARIABLE.
                   PARAMETER   14  alpha_vw RESTORED TO VARIABLE.
                   PARAMETER   11  alpha_y RESTORED TO VARIABLE.
                   PARAMETER    9  alpha_2CBO RESTORED TO VARIABLE.
                   PARAMETER    8  beta_CBO RESTORED TO VARIABLE.
 **********
 **   26 **FIX            0
 **********
 PARAMETER    0  IS UNDEFINED. IGNORED.
 **********
 **   27 **FIX            1
 **********
 **********
 **   28 **FIX            2
 **********
 PARAMETER    2  IS CONSTANT.   IGNORED.
 **********
 **   29 **FIX            3
 **********
 **********
 **   30 **FIX            4
 **********
 **********
 **   31 **FIX            5
 **********
 PARAMETER    5  IS CONSTANT.   IGNORED.
 **********
 **   32 **FIX            6
 **********
 **********
 **   33 **FIX            7
 **********
 PARAMETER    7  IS CONSTANT.   IGNORED.
 **********
 **   34 **FIX           10
 **********
 **********
 **   35 **FIX           11
 **********
 **********
 **   36 **FIX           12
 **********
 PARAMETER   12  IS CONSTANT.   IGNORED.
 **********
 **   37 **FIX           13
 **********
 **********
 **   38 **FIX           14
 **********
 **********
 **   39 **FIX           15
 **********
 PARAMETER   15  IS CONSTANT.   IGNORED.
 **********
 **   40 **FIX           16
 **********
 **********
 **   41 **MIGRAD
 **********
 START MIGRAD MINIMIZATION.  STRATEGY  1.  CONVERGENCE WHEN EDM .LT. 1.00e-04
 FCN=2159.93 FROM MIGRAD    STATUS=INITIATE       18 CALLS        3266 TOTAL
                     EDM= unknown      STRATEGY= 1      NO ERROR MATRIX       
  EXT PARAMETER               CURRENT GUESS       STEP         FIRST   
  NO.   NAME      VALUE            ERROR          SIZE      DERIVATIVE 
   1  N0           3.17447e+06     fixed    
   2  tau          6.44005e+01   constant   
   3  A0           3.64504e-01     fixed    
   4  phi          4.11570e+00     fixed    
   5  R           -6.09192e+01   constant   
   6  alpha_CBO   -2.74178e-03     fixed    
   7  w_CBO        2.32500e+00   constant   
   8  beta_CBO     0.00000e+00   1.00000e-03   1.00000e-03  -7.40227e+05
   9  alpha_2CBO   0.00000e+00   1.00000e-03   1.00000e-03   4.43744e+00
  10  beta_2CBO    1.91994e-04     fixed    
  11  alpha_y      0.00000e+00     fixed    
  12  w_y          1.38860e+01   constant   
  13  beta_y      -3.05676e-04     fixed    
  14  alpha_vw     0.00000e+00     fixed    
  15  w_vw         1.43404e+01   constant   
  16  beta_vw      0.00000e+00     fixed    
  17  LM          -6.12107e-05   constant   
  18  zeta_y       0.00000e+00   constant   
  19  zeta_vw      0.00000e+00   constant   
  20  T_CBO        2.95122e+01   6.36348e+00  -1.78488e-03  -1.78367e+01
  21  alpha_A0     2.52825e-02   1.97249e-02   8.35573e-04   1.03629e+01
  22  beta_A0     -5.13445e-03   3.34871e-03  -1.12935e-04   3.23234e+01
  23  alpha_phi   -5.07823e-02   2.93418e-02  -1.30032e-03   1.19985e+01
  24  beta_phi    -1.32265e-01   7.91896e-02  -3.54971e-03   7.29139e+00
 MIGRAD MINIMIZATION HAS CONVERGED.
 FCN=258.254 FROM MIGRAD    STATUS=CONVERGED    1125 CALLS        4373 TOTAL
                     EDM=9.07217e-07    STRATEGY= 1  ERROR MATRIX UNCERTAINTY   9.9 per cent
  EXT PARAMETER                                   STEP         FIRST   
  NO.   NAME      VALUE            ERROR          SIZE      DERIVATIVE 
   1  N0           3.17447e+06     fixed    
   2  tau          6.44005e+01   constant   
   3  A0           3.64504e-01     fixed    
   4  phi          4.11570e+00     fixed    
   5  R           -6.09192e+01   constant   
   6  alpha_CBO   -2.74178e-03     fixed    
   7  w_CBO        2.32500e+00   constant   
   8  beta_CBO     5.13412e-03   1.14986e-04  -9.07550e-10  -3.59022e-01
   9  alpha_2CBO  -1.10698e-04   1.13918e-04   1.23726e-08   1.90755e-01
  10  beta_2CBO    1.91994e-04     fixed    
  11  alpha_y      0.00000e+00     fixed    
  12  w_y          1.38860e+01   constant   
  13  beta_y      -3.05676e-04     fixed    
  14  alpha_vw     0.00000e+00     fixed    
  15  w_vw         1.43404e+01   constant   
  16  beta_vw      0.00000e+00     fixed    
  17  LM          -6.12107e-05   constant   
  18  zeta_y       0.00000e+00   constant   
  19  zeta_vw      0.00000e+00   constant   
  20  T_CBO        1.00000e+03   5.95684e+02   1.49382e-02** at limit **
  21  alpha_A0     4.65948e-04   5.01613e-04   3.40997e-07   8.49640e-02
  22  beta_A0     -6.58880e-04   4.92197e-04  -6.49531e-07   2.38573e+00
  23  alpha_phi   -3.35918e-03   4.23530e-04   7.24333e-07   2.58082e+00
  24  beta_phi    -2.46298e-03   4.48495e-04   3.73984e-07   9.87079e-01
 EXTERNAL ERROR MATRIX.    NDIM=  25    NPAR=  7    ERR DEF=1
  1.322e-08  1.525e-10  4.650e-08 -1.824e-09 -1.409e-09 -1.523e-09  1.291e-08 
  1.525e-10  1.298e-08 -3.588e-07 -3.415e-09 -9.361e-09  5.829e-09 -1.098e-09 
  4.650e-08 -3.588e-07  3.673e+00  1.138e-05  3.662e-05  6.073e-05  2.572e-05 
 -1.824e-09 -3.415e-09  1.138e-05  2.516e-07  6.204e-09 -8.047e-09 -8.907e-09 
 -1.409e-09 -9.361e-09  3.662e-05  6.204e-09  2.423e-07  6.477e-09 -2.507e-09 
 -1.523e-09  5.829e-09  6.073e-05 -8.047e-09  6.477e-09  1.794e-07 -1.632e-08 
  1.291e-08 -1.098e-09  2.572e-05 -8.907e-09 -2.507e-09 -1.632e-08  2.011e-07 
 PARAMETER  CORRELATION COEFFICIENTS  
       NO.  GLOBAL      8      9     20     21     22     23     24
        8  0.25292   1.000  0.012  0.000 -0.032 -0.025 -0.031  0.250
        9  0.21625   0.012  1.000 -0.002 -0.060 -0.167  0.121 -0.021
       20  0.09253   0.000 -0.002  1.000  0.012  0.039  0.075  0.030
       21  0.08596  -0.032 -0.060  0.012  1.000  0.025 -0.038 -0.040
       22  0.18024  -0.025 -0.167  0.039  0.025  1.000  0.031 -0.011
       23  0.17677  -0.031  0.121  0.075 -0.038  0.031  1.000 -0.086
       24  0.26771   0.250 -0.021  0.030 -0.040 -0.011 -0.086  1.000
MINUIT - FIT wiggle + 1-CBO + 2-CBO
 **********
 **   42 **RES 
 **********
                   PARAMETER   16  beta_vw RESTORED TO VARIABLE.
                   PARAMETER   14  alpha_vw RESTORED TO VARIABLE.
                   PARAMETER   13  beta_y RESTORED TO VARIABLE.
                   PARAMETER   11  alpha_y RESTORED TO VARIABLE.
                   PARAMETER   10  beta_2CBO RESTORED TO VARIABLE.
                   PARAMETER    6  alpha_CBO RESTORED TO VARIABLE.
                   PARAMETER    4  phi RESTORED TO VARIABLE.
                   PARAMETER    3  A0 RESTORED TO VARIABLE.
                   PARAMETER    1  N0 RESTORED TO VARIABLE.
 **********
 **   43 **FIX           10
 **********
 **********
 **   44 **FIX           11
 **********
 **********
 **   45 **FIX           12
 **********
 PARAMETER   12  IS CONSTANT.   IGNORED.
 **********
 **   46 **FIX           13
 **********
 **********
 **   47 **FIX           14
 **********
 **********
 **   48 **FIX           15
 **********
 PARAMETER   15  IS CONSTANT.   IGNORED.
 **********
 **   49 **FIX           16
 **********
 **********
 **   50 **MIGRAD
 **********
 START MIGRAD MINIMIZATION.  STRATEGY  1.  CONVERGENCE WHEN EDM .LT. 1.00e-04
 FCN=258.254 FROM MIGRAD    STATUS=INITIATE       22 CALLS        4395 TOTAL
                     EDM= unknown      STRATEGY= 1      NO ERROR MATRIX       
  EXT PARAMETER               CURRENT GUESS       STEP         FIRST   
  NO.   NAME      VALUE            ERROR          SIZE      DERIVATIVE 
   1  N0           3.17447e+06   2.70258e+02   2.70258e+02  -2.34775e-03
   2  tau          6.44005e+01   constant   
   3  A0           3.64504e-01   1.05134e-04   1.05134e-04  -7.01091e+04
   4  phi          4.11570e+00   3.12906e-04   3.12906e-04  -6.37579e+04
   5  R           -6.09192e+01   constant   
   6  alpha_CBO   -2.74178e-03   1.22484e-04   1.22484e-04  -5.33983e+03
   7  w_CBO        2.32500e+00   constant   
   8  beta_CBO     5.13412e-03   1.14986e-04  -9.07550e-10  -3.59018e-01
   9  alpha_2CBO  -1.10698e-04   1.13918e-04   1.23726e-08   1.90759e-01
  10  beta_2CBO    1.91994e-04     fixed    
  11  alpha_y      0.00000e+00     fixed    
  12  w_y          1.38860e+01   constant   
  13  beta_y      -3.05676e-04     fixed    
  14  alpha_vw     0.00000e+00     fixed    
  15  w_vw         1.43404e+01   constant   
  16  beta_vw      0.00000e+00     fixed    
  17  LM          -6.12107e-05   constant   
  18  zeta_y       0.00000e+00   constant   
  19  zeta_vw      0.00000e+00   constant   
  20  T_CBO        1.00000e+03   5.95684e+02   1.49382e-02** at limit **
  21  alpha_A0     4.65948e-04   5.01613e-04   3.40997e-07   8.49662e-02
  22  beta_A0     -6.58880e-04   4.92197e-04  -6.49531e-07   2.38576e+00
  23  alpha_phi   -3.35918e-03   4.23530e-04   7.24333e-07   2.58082e+00
  24  beta_phi    -2.46298e-03   4.48495e-04   3.73984e-07   9.87078e-01
 MIGRAD MINIMIZATION HAS CONVERGED.
 MIGRAD WILL VERIFY CONVERGENCE AND ERROR MATRIX.
 COVARIANCE MATRIX CALCULATED SUCCESSFULLY
 FCN=137.597 FROM MIGRAD    STATUS=CONVERGED     265 CALLS        4638 TOTAL
                     EDM=2.46713e-06    STRATEGY= 1      ERROR MATRIX ACCURATE 
  EXT PARAMETER                                   STEP         FIRST   
  NO.   NAME      VALUE            ERROR          SIZE      DERIVATIVE 
   1  N0           3.17478e+06   1.38173e+00   1.51385e+00   7.37590e-07
   2  tau          6.44005e+01   constant   
   3  A0           3.64901e-01   9.98074e-05   5.63721e-07  -2.79493e+00
   4  phi          4.11904e+00   3.22896e-04   1.96411e-06   1.60839e-01
   5  R           -6.09192e+01   constant   
   6  alpha_CBO   -2.74037e-03   1.21787e-04   6.73487e-07   1.51857e+01
   7  w_CBO        2.32500e+00   constant   
   8  beta_CBO     5.46716e-03   1.21474e-04   6.54056e-07   4.05144e+00
   9  alpha_2CBO  -7.23556e-05   1.18812e-04   6.65106e-07   4.32844e-01
  10  beta_2CBO    1.91994e-04     fixed    
  11  alpha_y      0.00000e+00     fixed    
  12  w_y          1.38860e+01   constant   
  13  beta_y      -3.05676e-04     fixed    
  14  alpha_vw     0.00000e+00     fixed    
  15  w_vw         1.43404e+01   constant   
  16  beta_vw      0.00000e+00     fixed    
  17  LM          -6.12107e-05   constant   
  18  zeta_y       0.00000e+00   constant   
  19  zeta_vw      0.00000e+00   constant   
  20  T_CBO        9.99997e+02   7.10183e+02   3.82985e-02  -1.67711e-04
  21  alpha_A0    -6.87466e-04   5.17872e-04   2.89157e-06   1.03589e-01
  22  beta_A0     -1.00862e-03   4.57124e-04   2.56460e-06   2.44877e+00
  23  alpha_phi   -3.51829e-03   4.21828e-04   2.34344e-06   4.07985e-01
  24  beta_phi    -2.14508e-03   4.38400e-04   2.42865e-06   4.67788e-01
 EXTERNAL ERROR MATRIX.    NDIM=  25    NPAR= 11    ERR DEF=1
  1.909e+00 
  1.580e-07  9.962e-09 
 -3.742e-09  5.008e-10  1.043e-07 
  2.074e-08  1.889e-09 -3.393e-09  1.483e-08 
  1.532e-08  7.480e-10  9.544e-09 -3.849e-11  1.476e-08 
  1.820e-08 -4.525e-10  1.655e-09 -3.570e-10 -2.404e-10  1.412e-08 
  1.280e-07 -1.089e-09  1.637e-07 -1.556e-08  2.961e-09 -1.108e-08  6.188e+00 
 -2.603e-07 -1.410e-09 -3.347e-08  2.478e-09 -5.253e-09 -4.169e-09 -2.325e-06  2.682e-07 
  6.473e-07 -7.754e-10 -1.354e-08 -9.332e-10 -2.537e-09 -9.469e-09 -3.417e-06  2.387e-08  2.090e-07 
  4.200e-07 -1.664e-09 -6.197e-09  1.014e-08 -1.768e-09  6.237e-09 -1.238e-05  1.053e-08 -1.227e-08  1.779e-07 
  1.683e-07  9.519e-10  8.090e-09 -1.042e-09  1.368e-08 -1.320e-09 -7.659e-06 -1.726e-08 -6.575e-09 -7.055e-09  1.922e-07 
 PARAMETER  CORRELATION COEFFICIENTS  
       NO.  GLOBAL      1      3      4      6      8      9     20     21     22     23     24
        1  0.00187   1.000  0.001 -0.000  0.000  0.000  0.000  0.000 -0.000  0.001  0.001  0.000
        3  0.18600   0.001  1.000  0.016  0.155  0.062 -0.038 -0.000 -0.027 -0.017 -0.040  0.022
        4  0.32175  -0.000  0.016  1.000 -0.086  0.243  0.043  0.000 -0.200 -0.092 -0.045  0.057
        6  0.27301   0.000  0.155 -0.086  1.000 -0.003 -0.025 -0.000  0.039 -0.017  0.197 -0.020
        8  0.35024   0.000  0.062  0.243 -0.003  1.000 -0.017  0.000 -0.083 -0.046 -0.035  0.257
        9  0.22729   0.000 -0.038  0.043 -0.025 -0.017  1.000 -0.000 -0.068 -0.174  0.124 -0.025
       20  0.01489   0.000 -0.000  0.000 -0.000  0.000 -0.000  1.000 -0.002 -0.003 -0.012 -0.007
       21  0.23777  -0.000 -0.027 -0.200  0.039 -0.083 -0.068 -0.002  1.000  0.101  0.048 -0.076
       22  0.21789   0.001 -0.017 -0.092 -0.017 -0.046 -0.174 -0.003  0.101  1.000 -0.064 -0.033
       23  0.25692   0.001 -0.040 -0.045  0.197 -0.035  0.124 -0.012  0.048 -0.064  1.000 -0.038
       24  0.26693   0.000  0.022  0.057 -0.020  0.257 -0.025 -0.007 -0.076 -0.033 -0.038  1.000
MINUIT - FIT ONLY 1-y
 **********
 **   51 **RES 
 **********
                   PARAMETER   16  beta_vw RESTORED TO VARIABLE.
                   PARAMETER   14  alpha_vw RESTORED TO VARIABLE.
                   PARAMETER   13  beta_y RESTORED TO VARIABLE.
                   PARAMETER   11  alpha_y RESTORED TO VARIABLE.
                   PARAMETER   10  beta_2CBO RESTORED TO VARIABLE.
 **********
 **   52 **FIX            0
 **********
 PARAMETER    0  IS UNDEFINED. IGNORED.
 **********
 **   53 **FIX            1
 **********
 **********
 **   54 **FIX            2
 **********
 PARAMETER    2  IS CONSTANT.   IGNORED.
 **********
 **   55 **FIX            3
 **********
 **********
 **   56 **FIX            4
 **********
 **********
 **   57 **FIX            5
 **********
 PARAMETER    5  IS CONSTANT.   IGNORED.
 **********
 **   58 **FIX            6
 **********
 **********
 **   59 **FIX            7
 **********
 PARAMETER    7  IS CONSTANT.   IGNORED.
 **********
 **   60 **FIX            8
 **********
 **********
 **   61 **FIX            9
 **********
 **********
 **   62 **FIX           13
 **********
 **********
 **   63 **FIX           14
 **********
 **********
 **   64 **FIX           15
 **********
 PARAMETER   15  IS CONSTANT.   IGNORED.
 **********
 **   65 **FIX           16
 **********
 **********
 **   66 **MIGRAD
 **********
 START MIGRAD MINIMIZATION.  STRATEGY  1.  CONVERGENCE WHEN EDM .LT. 1.00e-04
 FCN=137.595 FROM MIGRAD    STATUS=INITIATE       41 CALLS        4679 TOTAL
                     EDM= unknown      STRATEGY= 1      NO ERROR MATRIX       
  EXT PARAMETER               CURRENT GUESS       STEP         FIRST   
  NO.   NAME      VALUE            ERROR          SIZE      DERIVATIVE 
   1  N0           3.17478e+06     fixed    
   2  tau          6.44005e+01   constant   
   3  A0           3.64901e-01     fixed    
   4  phi          4.11904e+00     fixed    
   5  R           -6.09192e+01   constant   
   6  alpha_CBO   -2.74037e-03     fixed    
   7  w_CBO        2.32500e+00   constant   
   8  beta_CBO     5.46716e-03     fixed    
   9  alpha_2CBO  -7.23556e-05     fixed    
  10  beta_2CBO    1.91994e-04   1.16494e-04   0.00000e+00   7.31104e+02
  11  alpha_y      0.00000e+00   1.00000e-03   0.00000e+00   3.47789e+04
  12  w_y          1.38860e+01   constant   
  13  beta_y      -3.05676e-04     fixed    
  14  alpha_vw     0.00000e+00     fixed    
  15  w_vw         1.43404e+01   constant   
  16  beta_vw      0.00000e+00     fixed    
  17  LM          -6.12107e-05   constant   
  18  zeta_y       0.00000e+00   constant   
  19  zeta_vw      0.00000e+00   constant   
  20  T_CBO        9.49371e+02   7.10183e+02  -4.50385e-01   8.25622e-04
  21  alpha_A0    -6.87466e-04   5.17872e-04   0.00000e+00   1.94488e+01
  22  beta_A0     -1.00862e-03   4.57124e-04   0.00000e+00   5.73015e+01
  23  alpha_phi   -3.51829e-03   4.21828e-04   0.00000e+00   2.01786e+02
  24  beta_phi    -2.14508e-03   4.38400e-04   0.00000e+00   1.21654e+02
 CALL LIMIT EXCEEDED IN MIGRAD.
 MIGRAD TERMINATED WITHOUT CONVERGENCE.
 FCN=131.126 FROM MIGRAD    STATUS=CALL LIMIT   1160 CALLS        5798 TOTAL
                     EDM=0.00119805    STRATEGY= 1  ERROR MATRIX UNCERTAINTY   7.3 per cent
  EXT PARAMETER                APPROXIMATE        STEP         FIRST   
  NO.   NAME      VALUE            ERROR          SIZE      DERIVATIVE 
   1  N0           3.17478e+06     fixed    
   2  tau          6.44005e+01   constant   
   3  A0           3.64901e-01     fixed    
   4  phi          4.11904e+00     fixed    
   5  R           -6.09192e+01   constant   
   6  alpha_CBO   -2.74037e-03     fixed    
   7  w_CBO        2.32500e+00   constant   
   8  beta_CBO     5.46716e-03     fixed    
   9  alpha_2CBO  -7.23556e-05     fixed    
  10  beta_2CBO    1.90526e-04   1.15507e-04   4.61231e-07  -1.10167e+02
  11  alpha_y     -2.29896e-04   1.15529e-04  -5.39480e-08   5.66137e+00
  12  w_y          1.38860e+01   constant   
  13  beta_y      -3.05676e-04     fixed    
  14  alpha_vw     0.00000e+00     fixed    
  15  w_vw         1.43404e+01   constant   
  16  beta_vw      0.00000e+00     fixed    
  17  LM          -6.12107e-05   constant   
  18  zeta_y       0.00000e+00   constant   
  19  zeta_vw      0.00000e+00   constant   
  20  T_CBO        2.20659e+01   8.67788e+00  -1.54555e-03  -4.08758e+00
  21  alpha_A0    -3.01737e-02   5.62980e-02  -1.41579e-03  -6.15007e+00
  22  beta_A0     -4.47239e-02   6.84641e-02  -1.72738e-03  -7.81192e+00
  23  alpha_phi   -1.70997e-01   2.54600e-01  -6.42404e-03  -2.24785e+00
  24  beta_phi    -1.07918e-01   1.51193e-01  -3.81648e-03   1.14028e+01
 EXTERNAL ERROR MATRIX.    NDIM=  25    NPAR=  7    ERR DEF=1
  1.334e-08 -1.283e-10  1.554e-05  1.489e-07  1.712e-07  6.361e-07  3.733e-07 
 -1.283e-10  1.335e-08  4.306e-06  3.349e-08  3.748e-08  1.408e-07  8.239e-08 
  1.554e-05  4.306e-06  7.539e+01  4.875e-01  5.937e-01  2.208e+00  1.311e+00 
  1.489e-07  3.349e-08  4.875e-01  3.169e-03  3.851e-03  1.432e-02  8.495e-03 
  1.712e-07  3.748e-08  5.937e-01  3.851e-03  4.687e-03  1.743e-02  1.035e-02 
  6.361e-07  1.408e-07  2.208e+00  1.432e-02  1.743e-02  6.482e-02  3.849e-02 
  3.733e-07  8.239e-08  1.311e+00  8.495e-03  1.035e-02  3.849e-02  2.286e-02 
ERR MATRIX APPROXIMATE
 PARAMETER  CORRELATION COEFFICIENTS  
       NO.  GLOBAL     10     11     20     21     22     23     24
       10  0.13442   1.000 -0.010  0.015  0.023  0.022  0.022  0.021
       11  0.02484  -0.010  1.000  0.004  0.005  0.005  0.005  0.005
       20  0.99890   0.015  0.004  1.000  0.997  0.999  0.999  0.999
       21  0.99991   0.023  0.005  0.997  1.000  0.999  0.999  0.998
       22  0.99998   0.022  0.005  0.999  0.999  1.000  1.000  1.000
       23  1.00000   0.022  0.005  0.999  0.999  1.000  1.000  1.000
       24  0.99999   0.021  0.005  0.999  0.998  1.000  1.000  1.000
 ERR MATRIX APPROXIMATE
MINUIT - FIT ONLY 2-y
 **********
 **   67 **RES 
 **********
                   PARAMETER   16  beta_vw RESTORED TO VARIABLE.
                   PARAMETER   14  alpha_vw RESTORED TO VARIABLE.
                   PARAMETER   13  beta_y RESTORED TO VARIABLE.
                   PARAMETER    9  alpha_2CBO RESTORED TO VARIABLE.
                   PARAMETER    8  beta_CBO RESTORED TO VARIABLE.
                   PARAMETER    6  alpha_CBO RESTORED TO VARIABLE.
                   PARAMETER    4  phi RESTORED TO VARIABLE.
                   PARAMETER    3  A0 RESTORED TO VARIABLE.
                   PARAMETER    1  N0 RESTORED TO VARIABLE.
 **********
 **   68 **FIX            0
 **********
 PARAMETER    0  IS UNDEFINED. IGNORED.
 **********
 **   69 **FIX            1
 **********
 **********
 **   70 **FIX            2
 **********
 PARAMETER    2  IS CONSTANT.   IGNORED.
 **********
 **   71 **FIX            3
 **********
 **********
 **   72 **FIX            4
 **********
 **********
 **   73 **FIX            5
 **********
 PARAMETER    5  IS CONSTANT.   IGNORED.
 **********
 **   74 **FIX            6
 **********
 **********
 **   75 **FIX            7
 **********
 PARAMETER    7  IS CONSTANT.   IGNORED.
 **********
 **   76 **FIX            8
 **********
 **********
 **   77 **FIX            9
 **********
 **********
 **   78 **FIX           10
 **********
 **********
 **   79 **FIX           11
 **********
 **********
 **   80 **FIX           12
 **********
 PARAMETER   12  IS CONSTANT.   IGNORED.
 **********
 **   81 **FIX           16
 **********
 **********
 **   82 **MIGRAD
 **********
 START MIGRAD MINIMIZATION.  STRATEGY  1.  CONVERGENCE WHEN EDM .LT. 1.00e-04
 FCN=131.126 FROM MIGRAD    STATUS=INITIATE       16 CALLS        5814 TOTAL
                     EDM= unknown      STRATEGY= 1      NO ERROR MATRIX       
  EXT PARAMETER               CURRENT GUESS       STEP         FIRST   
  NO.   NAME      VALUE            ERROR          SIZE      DERIVATIVE 
   1  N0           3.17478e+06     fixed    
   2  tau          6.44005e+01   constant   
   3  A0           3.64901e-01     fixed    
   4  phi          4.11904e+00     fixed    
   5  R           -6.09192e+01   constant   
   6  alpha_CBO   -2.74037e-03     fixed    
   7  w_CBO        2.32500e+00   constant   
   8  beta_CBO     5.46716e-03     fixed    
   9  alpha_2CBO  -7.23556e-05     fixed    
  10  beta_2CBO    1.90526e-04     fixed    
  11  alpha_y     -2.29896e-04     fixed    
  12  w_y          1.38860e+01   constant   
  13  beta_y      -3.05676e-04   1.17681e-04   1.17681e-04  -4.17836e+03
  14  alpha_vw     0.00000e+00   1.00000e-03   1.00000e-03  -1.38383e+05
  15  w_vw         1.43404e+01   constant   
  16  beta_vw      0.00000e+00     fixed    
  17  LM          -6.12107e-05   constant   
  18  zeta_y       0.00000e+00   constant   
  19  zeta_vw      0.00000e+00   constant   
  20  T_CBO        2.20659e+01   8.67788e+00  -1.54555e-03  -4.08760e+00
  21  alpha_A0    -3.01737e-02   5.62980e-02  -1.41579e-03  -6.15008e+00
  22  beta_A0     -4.47239e-02   6.84641e-02  -1.72738e-03  -7.81192e+00
  23  alpha_phi   -1.70997e-01   2.54600e-01  -6.42404e-03  -2.24785e+00
  24  beta_phi    -1.07918e-01   1.51193e-01  -3.81648e-03   1.14028e+01
 MIGRAD MINIMIZATION HAS CONVERGED.
 MIGRAD WILL VERIFY CONVERGENCE AND ERROR MATRIX.
 COVARIANCE MATRIX CALCULATED SUCCESSFULLY
 FCN=60.5229 FROM MIGRAD    STATUS=CONVERGED     558 CALLS        6356 TOTAL
                     EDM=1.13125e-05    STRATEGY= 1      ERROR MATRIX ACCURATE 
  EXT PARAMETER                                   STEP         FIRST   
  NO.   NAME      VALUE            ERROR          SIZE      DERIVATIVE 
   1  N0           3.17478e+06     fixed    
   2  tau          6.44005e+01   constant   
   3  A0           3.64901e-01     fixed    
   4  phi          4.11904e+00     fixed    
   5  R           -6.09192e+01   constant   
   6  alpha_CBO   -2.74037e-03     fixed    
   7  w_CBO        2.32500e+00   constant   
   8  beta_CBO     5.46716e-03     fixed    
   9  alpha_2CBO  -7.23556e-05     fixed    
  10  beta_2CBO    1.90526e-04     fixed    
  11  alpha_y     -2.29896e-04     fixed    
  12  w_y          1.38860e+01   constant   
  13  beta_y       5.23064e-06   1.20308e-04   4.42064e-07  -9.02390e+00
  14  alpha_vw     1.00932e-03   1.20244e-04   4.42201e-07   2.87191e+01
  15  w_vw         1.43404e+01   constant   
  16  beta_vw      0.00000e+00     fixed    
  17  LM          -6.12107e-05   constant   
  18  zeta_y       0.00000e+00   constant   
  19  zeta_vw      0.00000e+00   constant   
  20  T_CBO        1.77987e+01   9.54840e+00   9.92130e-06  -7.92518e-01
  21  alpha_A0    -6.16989e-02   1.63084e-01   2.42337e-04   2.79559e-02
  22  beta_A0     -1.03752e-01   2.70280e-01   2.05301e-04  -2.45069e-03
  23  alpha_phi   -4.40306e-01   1.15268e+00   1.88205e-04   4.65808e-02
  24  beta_phi    -2.87531e-01   7.64124e-01   1.99904e-04   2.34252e-03
 EXTERNAL ERROR MATRIX.    NDIM=  25    NPAR=  7    ERR DEF=1
  1.447e-08  4.039e-09 -1.964e-05 -9.502e-08 -3.658e-07 -2.434e-06 -1.624e-06 
  4.039e-09  1.446e-08 -4.222e-06  1.921e-08 -5.708e-08 -5.343e-07 -3.370e-07 
 -1.964e-05 -4.222e-06  9.133e+01  1.433e+00  2.530e+00  1.101e+01  7.285e+00 
 -9.502e-08  1.921e-08  1.433e+00  2.660e-02  3.977e-02  1.727e-01  1.140e-01 
 -3.658e-07 -5.708e-08  2.530e+00  3.977e-02  7.305e-02  3.047e-01  2.020e-01 
 -2.434e-06 -5.343e-07  1.101e+01  1.727e-01  3.047e-01  1.329e+00  8.779e-01 
 -1.624e-06 -3.370e-07  7.285e+00  1.140e-01  2.020e-01  8.779e-01  5.839e-01 
 PARAMETER  CORRELATION COEFFICIENTS  
       NO.  GLOBAL     13     14     20     21     22     23     24
       13  0.28204   1.000  0.279 -0.017 -0.005 -0.011 -0.018 -0.018
       14  0.27927   0.279  1.000 -0.004  0.001 -0.002 -0.004 -0.004
       20  0.99936  -0.017 -0.004  1.000  0.919  0.980  0.999  0.998
       21  0.92024  -0.005  0.001  0.919  1.000  0.902  0.919  0.914
       22  0.97979  -0.011 -0.002  0.980  0.902  1.000  0.978  0.978
       23  0.99908  -0.018 -0.004  0.999  0.919  0.978  1.000  0.997
       24  0.99762  -0.018 -0.004  0.998  0.914  0.978  0.997  1.000
MINUIT - FIT ALTOGETHER
