 + ++++++++++++++++++++++++++++++++++++++++++++++++++++++++++++++++++++ +
 +                                                                      +
 +           You have chose to blind your fitting according to          +
 +                omega_ref * (1 + (R +/- deltaR) *10^{-6})             +
 +                                                                      +
 + ++++++++++++++++++++++++++++++++++++++++++++++++++++++++++++++++++++ +
In main()...
reading format from /gm2data/zkhechad/run45/envelope/formats/formatB_sBin_constraintOn.txt
pBinTau 	= 0  
pBinPhi 	= 0  
constraintau 	= 1 
includeMopTerm 	= 0    
constrainMop    = 0   
Parameters after format file: pBinTau 0 pBinPhi 0 constraintau 1 includeMopTerm 0 constrainMop 0 c_e_scale 0.000000 
Opening file /gm2data/tbarrett/gm2fr/studies/run23_bunch_corrections/CorrectedFourier_Run3b.root.
reading full fit data from /gm2data/zkhechad/cboTemplates/Run4CBOTemplates/fullFits/noRF/sBin_constraintOn_cE0.0_seed0_noRF_calo22.root
windowBins = 69
fitting sliding window 1470 from bin 1606 at 239.466000 to bin 1675 at 249.910000 (69 bins)

Reading data from /gm2data/cornell/histograms/aMethod/histogram_a_noRF.root
 **********
 **    1 **SET PRINTOUT            1
 **********
 **********
 **    2 **SET NOWARNINGS 
 **********
 PARAMETER DEFINITIONS:
    NO.   NAME         VALUE      STEP SIZE      LIMITS
     1 N0           3.01041e+06  1.00000e+02     no limits
     2 tau          6.44059e+01  constant
     3 A0           3.51736e-01  1.00000e-04     no limits
     4 phi          4.11589e+00  1.00000e-02     no limits
     5 R           -6.13499e+01  constant
     6 alpha_CBO    0.00000e+00  1.00000e-03     no limits
     7 w_CBO        2.32500e+00  constant
     8 beta_CBO     0.00000e+00  1.00000e-03     no limits
     9 alpha_2CBO   0.00000e+00  1.00000e-03     no limits
    10 beta_2CBO    0.00000e+00  1.00000e-03     no limits
    11 alpha_y      0.00000e+00  1.00000e-03     no limits
    12 w_y          1.38860e+01  constant
    13 beta_y       0.00000e+00  1.00000e-03     no limits
    14 alpha_vw     0.00000e+00  1.00000e-03     no limits
    15 w_vw         1.43404e+01  constant
    16 beta_vw      0.00000e+00  1.00000e-03     no limits
    17 LM           1.16863e-04  constant
    18 zeta_y       0.00000e+00  constant
    19 zeta_vw      0.00000e+00  constant
    20 T_CBO        1.00000e+02  1.00000e+00    0.00000e+00  1.00000e+03
    21 alpha_A0     0.00000e+00  1.00000e-04   -1.00000e-02  1.00000e-02
    22 beta_A0      0.00000e+00  1.00000e-04   -1.00000e-02  1.00000e-02
    23 alpha_phi    0.00000e+00  1.00000e-04   -1.00000e-02  1.00000e-02
    24 beta_phi     0.00000e+00  1.00000e-04   -1.00000e-02  1.00000e-02
MINUIT - FIT ONLY WIGGLE
 **********
 **    3 **FIX            5
 **********
 PARAMETER    5  IS CONSTANT.   IGNORED.
 **********
 **    4 **FIX            6
 **********
 **********
 **    5 **FIX            7
 **********
 PARAMETER    7  IS CONSTANT.   IGNORED.
 **********
 **    6 **FIX            8
 **********
 **********
 **    7 **FIX            9
 **********
 **********
 **    8 **FIX           10
 **********
 **********
 **    9 **FIX           11
 **********
 **********
 **   10 **FIX           12
 **********
 PARAMETER   12  IS CONSTANT.   IGNORED.
 **********
 **   11 **FIX           13
 **********
 **********
 **   12 **FIX           14
 **********
 **********
 **   13 **FIX           15
 **********
 PARAMETER   15  IS CONSTANT.   IGNORED.
 **********
 **   14 **FIX           16
 **********
 **********
 **   15 **MIGRAD
 **********
 FIRST CALL TO USER FUNCTION AT NEW START POINT, WITH IFLAG=4.
 START MIGRAD MINIMIZATION.  STRATEGY  1.  CONVERGENCE WHEN EDM .LT. 1.00e-04
 FCN=125.658 FROM MIGRAD    STATUS=INITIATE      437 CALLS         438 TOTAL
                     EDM= unknown      STRATEGY= 1      NO ERROR MATRIX       
  EXT PARAMETER               CURRENT GUESS       STEP         FIRST   
  NO.   NAME      VALUE            ERROR          SIZE      DERIVATIVE 
   1  N0           3.01041e+06   1.00000e+02   0.00000e+00   2.43889e-03
   2  tau          6.44059e+01   constant   
   3  A0           3.51736e-01   1.00000e-04   0.00000e+00  -7.84479e+02
   4  phi          4.11589e+00   1.00000e-02   0.00000e+00   1.79164e+03
   5  R           -6.13499e+01   constant   
   6  alpha_CBO    0.00000e+00     fixed    
   7  w_CBO        2.32500e+00   constant   
   8  beta_CBO     0.00000e+00     fixed    
   9  alpha_2CBO   0.00000e+00     fixed    
  10  beta_2CBO    0.00000e+00     fixed    
  11  alpha_y      0.00000e+00     fixed    
  12  w_y          1.38860e+01   constant   
  13  beta_y       0.00000e+00     fixed    
  14  alpha_vw     0.00000e+00     fixed    
  15  w_vw         1.43404e+01   constant   
  16  beta_vw      0.00000e+00     fixed    
  17  LM           1.16863e-04   constant   
  18  zeta_y       0.00000e+00   constant   
  19  zeta_vw      0.00000e+00   constant   
  20  T_CBO        1.00000e+02   1.00000e+00   0.00000e+00   0.00000e+00
  21  alpha_A0     0.00000e+00   1.00000e-04   0.00000e+00   1.63259e+00
  22  beta_A0      0.00000e+00   1.00000e-04   0.00000e+00  -7.31480e-01
  23  alpha_phi    0.00000e+00   1.00000e-04   0.00000e+00   6.82658e-02
  24  beta_phi     0.00000e+00   1.00000e-04   0.00000e+00   1.59820e+00
 CALL LIMIT EXCEEDED IN MIGRAD.
 MIGRAD TERMINATED WITHOUT CONVERGENCE.
 FCN=119.877 FROM MIGRAD    STATUS=CALL LIMIT   1337 CALLS        1338 TOTAL
                     EDM=0.000481546    STRATEGY= 1  ERROR MATRIX UNCERTAINTY   0.9 per cent
  EXT PARAMETER                APPROXIMATE        STEP         FIRST   
  NO.   NAME      VALUE            ERROR          SIZE      DERIVATIVE 
   1  N0           3.00962e+06   8.24880e+02   2.47243e+00  -6.69599e-06
   2  tau          6.44059e+01   constant   
   3  A0           3.51766e-01   3.51371e-04  -1.10798e-06   2.67949e+01
   4  phi          4.11514e+00   1.10707e-03   4.50512e-06  -1.92536e+00
   5  R           -6.13499e+01   constant   
   6  alpha_CBO    0.00000e+00     fixed    
   7  w_CBO        2.32500e+00   constant   
   8  beta_CBO     0.00000e+00     fixed    
   9  alpha_2CBO   0.00000e+00     fixed    
  10  beta_2CBO    0.00000e+00     fixed    
  11  alpha_y      0.00000e+00     fixed    
  12  w_y          1.38860e+01   constant   
  13  beta_y       0.00000e+00     fixed    
  14  alpha_vw     0.00000e+00     fixed    
  15  w_vw         1.43404e+01   constant   
  16  beta_vw      0.00000e+00     fixed    
  17  LM           1.16863e-04   constant   
  18  zeta_y       0.00000e+00   constant   
  19  zeta_vw      0.00000e+00   constant   
  20  T_CBO        9.50627e+02   9.74718e+02   1.43482e-01  -8.12182e-03
  21  alpha_A0    -2.69408e-03   3.42175e-03  -9.01480e-04  -7.58138e-02
  22  beta_A0      8.37446e-04   2.24860e-03  -3.07163e-03  -7.26189e-02
  23  alpha_phi   -5.24293e-04   2.20800e-03   1.65353e-03  -1.55726e-03
  24  beta_phi    -2.51761e-03   2.69588e-03  -5.67764e-03  -1.70019e-01
 EXTERNAL ERROR MATRIX.    NDIM=  25    NPAR=  8    ERR DEF=1
  6.804e+05  1.586e-02 -7.854e-02 -2.117e+04  3.366e-01  3.473e-01  2.275e-01 -1.441e-01 
  1.586e-02  1.235e-07  1.750e-08  9.379e-03  1.087e-09 -5.620e-08 -1.351e-07 -2.986e-08 
 -7.854e-02  1.750e-08  1.226e-06  1.878e-02  4.340e-07 -1.354e-07 -1.628e-07  2.430e-07 
 -2.117e+04  9.379e-03  1.878e-02  3.840e+06 -4.626e+00 -1.315e+00  8.544e-01 -4.224e+00 
  3.366e-01  1.087e-09  4.340e-07 -4.626e+00  1.224e-05  1.138e-06 -2.023e-06  5.392e-06 
  3.473e-01 -5.620e-08 -1.354e-07 -1.315e+00  1.138e-06  5.144e-06  4.604e-07  9.202e-07 
  2.275e-01 -1.351e-07 -1.628e-07  8.544e-01 -2.023e-06  4.604e-07  4.957e-06 -7.546e-07 
 -1.441e-01 -2.986e-08  2.430e-07 -4.224e+00  5.392e-06  9.202e-07 -7.546e-07  7.464e-06 
ERR MATRIX APPROXIMATE
 PARAMETER  CORRELATION COEFFICIENTS  
       NO.  GLOBAL      1      3      4     20     21     22     23     24
        1  0.32794   1.000  0.055 -0.086 -0.013  0.117  0.186  0.124 -0.064
        3  0.21300   0.055  1.000  0.045  0.014  0.001 -0.071 -0.173 -0.031
        4  0.23430  -0.086  0.045  1.000  0.009  0.112 -0.054 -0.066  0.080
       20  0.85822  -0.013  0.014  0.009  1.000 -0.675 -0.296  0.196 -0.789
       21  0.71366   0.117  0.001  0.112 -0.675  1.000  0.143 -0.260  0.564
       22  0.40119   0.186 -0.071 -0.054 -0.296  0.143  1.000  0.091  0.148
       23  0.37860   0.124 -0.173 -0.066  0.196 -0.260  0.091  1.000 -0.124
       24  0.80317  -0.064 -0.031  0.080 -0.789  0.564  0.148 -0.124  1.000
 ERR MATRIX APPROXIMATE
MINUIT - FIT ONLY 1-CBO + wiggle
 **********
 **   16 **RES 
 **********
                   PARAMETER   16  beta_vw RESTORED TO VARIABLE.
                   PARAMETER   14  alpha_vw RESTORED TO VARIABLE.
                   PARAMETER   13  beta_y RESTORED TO VARIABLE.
                   PARAMETER   11  alpha_y RESTORED TO VARIABLE.
                   PARAMETER   10  beta_2CBO RESTORED TO VARIABLE.
                   PARAMETER    9  alpha_2CBO RESTORED TO VARIABLE.
                   PARAMETER    8  beta_CBO RESTORED TO VARIABLE.
                   PARAMETER    6  alpha_CBO RESTORED TO VARIABLE.
 **********
 **   17 **FIX            8
 **********
 **********
 **   18 **FIX            9
 **********
 **********
 **   19 **FIX           11
 **********
 **********
 **   20 **FIX           12
 **********
 PARAMETER   12  IS CONSTANT.   IGNORED.
 **********
 **   21 **FIX           14
 **********
 **********
 **   22 **FIX           15
 **********
 PARAMETER   15  IS CONSTANT.   IGNORED.
 **********
 **   23 **FIX           16
 **********
 **********
 **   24 **MIGRAD
 **********
 START MIGRAD MINIMIZATION.  STRATEGY  1.  CONVERGENCE WHEN EDM .LT. 1.00e-04
 FCN=119.877 FROM MIGRAD    STATUS=INITIATE       28 CALLS        1366 TOTAL
                     EDM= unknown      STRATEGY= 1      NO ERROR MATRIX       
  EXT PARAMETER               CURRENT GUESS       STEP         FIRST   
  NO.   NAME      VALUE            ERROR          SIZE      DERIVATIVE 
   1  N0           3.00962e+06   8.24880e+02   2.47243e+00  -6.69599e-06
   2  tau          6.44059e+01   constant   
   3  A0           3.51766e-01   3.51371e-04  -1.10798e-06   2.67949e+01
   4  phi          4.11514e+00   1.10707e-03   4.50512e-06  -1.92536e+00
   5  R           -6.13499e+01   constant   
   6  alpha_CBO    0.00000e+00   1.00000e-03   1.00000e-03   3.75861e+04
   7  w_CBO        2.32500e+00   constant   
   8  beta_CBO     0.00000e+00     fixed    
   9  alpha_2CBO   0.00000e+00     fixed    
  10  beta_2CBO    0.00000e+00   1.00000e-03   1.00000e-03   7.80618e+02
  11  alpha_y      0.00000e+00     fixed    
  12  w_y          1.38860e+01   constant   
  13  beta_y       0.00000e+00   1.00000e-03   1.00000e-03   9.18515e+03
  14  alpha_vw     0.00000e+00     fixed    
  15  w_vw         1.43404e+01   constant   
  16  beta_vw      0.00000e+00     fixed    
  17  LM           1.16863e-04   constant   
  18  zeta_y       0.00000e+00   constant   
  19  zeta_vw      0.00000e+00   constant   
  20  T_CBO        9.50627e+02   9.74718e+02   1.43482e-01  -8.13583e-03
  21  alpha_A0    -2.69408e-03   3.42175e-03  -9.01480e-04   7.58137e-02
  22  beta_A0      8.37446e-04   2.24860e-03  -3.07163e-03  -7.26189e-02
  23  alpha_phi   -5.24293e-04   2.20800e-03   1.65353e-03  -1.55729e-03
  24  beta_phi    -2.51761e-03   2.69588e-03  -5.67764e-03   1.70019e-01
 MIGRAD MINIMIZATION HAS CONVERGED.
 FCN=54.0592 FROM MIGRAD    STATUS=CONVERGED     176 CALLS        1514 TOTAL
                     EDM=8.93456e-06    STRATEGY= 1  ERROR MATRIX UNCERTAINTY   2.4 per cent
  EXT PARAMETER                                   STEP         FIRST   
  NO.   NAME      VALUE            ERROR          SIZE      DERIVATIVE 
   1  N0           3.00956e+06   8.51423e+02   1.08848e-01  -3.58778e-06
   2  tau          6.44059e+01   constant   
   3  A0           3.51500e-01   3.50605e-04   2.06348e-06  -5.94130e-01
   4  phi          4.11643e+00   1.12688e-03   3.07742e-06   1.92494e-01
   5  R           -6.13499e+01   constant   
   6  alpha_CBO   -3.32498e-03   4.20747e-04   9.12446e-07  -2.07244e+00
   7  w_CBO        2.32500e+00   constant   
   8  beta_CBO     0.00000e+00     fixed    
   9  alpha_2CBO   0.00000e+00     fixed    
  10  beta_2CBO   -1.54681e-04   3.85096e-04   3.88789e-06   6.65798e+00
  11  alpha_y      0.00000e+00     fixed    
  12  w_y          1.38860e+01   constant   
  13  beta_y      -7.12466e-04   3.97731e-04  -3.23554e-06  -1.11305e+00
  14  alpha_vw     0.00000e+00     fixed    
  15  w_vw         1.43404e+01   constant   
  16  beta_vw      0.00000e+00     fixed    
  17  LM           1.16863e-04   constant   
  18  zeta_y       0.00000e+00   constant   
  19  zeta_vw      0.00000e+00   constant   
  20  T_CBO        9.31646e+02   9.65578e+02  -9.77610e-04  -1.07671e-03
  21  alpha_A0    -1.80339e-03   2.01413e-03  -1.32876e-03   8.62491e-05
  22  beta_A0      1.07764e-03   1.97593e-03   8.58376e-04  -1.07870e-02
  23  alpha_phi   -3.34351e-03   1.93165e-03  -8.76443e-04   1.72650e-02
  24  beta_phi    -2.23710e-03   1.79576e-03  -1.47245e-03   2.15756e-03
 EXTERNAL ERROR MATRIX.    NDIM=  25    NPAR= 11    ERR DEF=1
  7.249e+05 
  2.224e-02  1.229e-07 
 -1.212e-01  1.374e-08  1.270e-06 
  5.044e-03  1.465e-08 -6.526e-08  1.770e-07 
  3.036e-02 -1.515e-10 -3.119e-08  4.271e-09  1.483e-07 
 -3.632e-03 -2.380e-09 -5.430e-09 -1.365e-09  3.800e-09  1.582e-07 
 -2.360e+04  1.657e-02  5.990e-02 -2.239e-03 -2.689e-02 -7.986e-03  4.200e+05 
 -6.066e-02  7.421e-09 -1.577e-07 -5.168e-08  2.942e-08  1.207e-08  1.033e-01  4.115e-06 
  2.576e-01 -1.605e-08 -1.642e-07 -6.173e-09  9.910e-09 -2.133e-08 -2.452e-01  2.610e-07  3.957e-06 
  3.141e-01 -5.982e-08 -2.398e-07  1.320e-07  4.651e-08  3.130e-08  2.443e-01  4.970e-07  2.926e-07  3.785e-06 
  1.588e-01 -4.749e-08 -1.203e-07 -1.809e-08  3.051e-08  4.609e-10  3.011e-01  3.175e-07  7.021e-08  2.831e-07  3.262e-06 
 PARAMETER  CORRELATION COEFFICIENTS  
       NO.  GLOBAL      1      3      4      6     10     13     20     21     22     23     24
        1  0.31656   1.000  0.074 -0.126  0.014  0.093 -0.011 -0.043 -0.035  0.152  0.190  0.103
        3  0.23353   0.074  1.000  0.035  0.099 -0.001 -0.017  0.073  0.010 -0.023 -0.088 -0.075
        4  0.24690  -0.126  0.035  1.000 -0.138 -0.072 -0.012  0.082 -0.069 -0.073 -0.109 -0.059
        6  0.25940   0.014  0.099 -0.138  1.000  0.026 -0.008 -0.008 -0.061 -0.007  0.161 -0.024
       10  0.18088   0.093 -0.001 -0.072  0.026  1.000  0.025 -0.108  0.038  0.013  0.062  0.044
       13  0.07752  -0.011 -0.017 -0.012 -0.008  0.025  1.000 -0.031  0.015 -0.027  0.040  0.001
       20  0.43047  -0.043  0.073  0.082 -0.008 -0.108 -0.031  1.000  0.079 -0.190  0.194  0.257
       21  0.21602  -0.035  0.010 -0.069 -0.061  0.038  0.015  0.079  1.000  0.065  0.126  0.087
       22  0.27553   0.152 -0.023 -0.073 -0.007  0.013 -0.027 -0.190  0.065  1.000  0.076  0.020
       23  0.38988   0.190 -0.088 -0.109  0.161  0.062  0.040  0.194  0.126  0.076  1.000  0.081
       24  0.32298   0.103 -0.075 -0.059 -0.024  0.044  0.001  0.257  0.087  0.020  0.081  1.000
MINUIT - FIT ONLY 2-CBO
 **********
 **   25 **RES 
 **********
                   PARAMETER   16  beta_vw RESTORED TO VARIABLE.
                   PARAMETER   14  alpha_vw RESTORED TO VARIABLE.
                   PARAMETER   11  alpha_y RESTORED TO VARIABLE.
                   PARAMETER    9  alpha_2CBO RESTORED TO VARIABLE.
                   PARAMETER    8  beta_CBO RESTORED TO VARIABLE.
 **********
 **   26 **FIX            0
 **********
 PARAMETER    0  IS UNDEFINED. IGNORED.
 **********
 **   27 **FIX            1
 **********
 **********
 **   28 **FIX            2
 **********
 PARAMETER    2  IS CONSTANT.   IGNORED.
 **********
 **   29 **FIX            3
 **********
 **********
 **   30 **FIX            4
 **********
 **********
 **   31 **FIX            5
 **********
 PARAMETER    5  IS CONSTANT.   IGNORED.
 **********
 **   32 **FIX            6
 **********
 **********
 **   33 **FIX            7
 **********
 PARAMETER    7  IS CONSTANT.   IGNORED.
 **********
 **   34 **FIX           10
 **********
 **********
 **   35 **FIX           11
 **********
 **********
 **   36 **FIX           12
 **********
 PARAMETER   12  IS CONSTANT.   IGNORED.
 **********
 **   37 **FIX           13
 **********
 **********
 **   38 **FIX           14
 **********
 **********
 **   39 **FIX           15
 **********
 PARAMETER   15  IS CONSTANT.   IGNORED.
 **********
 **   40 **FIX           16
 **********
 **********
 **   41 **MIGRAD
 **********
 START MIGRAD MINIMIZATION.  STRATEGY  1.  CONVERGENCE WHEN EDM .LT. 1.00e-04
 FCN=54.0592 FROM MIGRAD    STATUS=INITIATE       18 CALLS        1532 TOTAL
                     EDM= unknown      STRATEGY= 1      NO ERROR MATRIX       
  EXT PARAMETER               CURRENT GUESS       STEP         FIRST   
  NO.   NAME      VALUE            ERROR          SIZE      DERIVATIVE 
   1  N0           3.00956e+06     fixed    
   2  tau          6.44059e+01   constant   
   3  A0           3.51500e-01     fixed    
   4  phi          4.11643e+00     fixed    
   5  R           -6.13499e+01   constant   
   6  alpha_CBO   -3.32498e-03     fixed    
   7  w_CBO        2.32500e+00   constant   
   8  beta_CBO     0.00000e+00   1.00000e-03   1.00000e-03  -1.20710e+04
   9  alpha_2CBO   0.00000e+00   1.00000e-03   1.00000e-03  -9.29366e+03
  10  beta_2CBO   -1.54681e-04     fixed    
  11  alpha_y      0.00000e+00     fixed    
  12  w_y          1.38860e+01   constant   
  13  beta_y      -7.12466e-04     fixed    
  14  alpha_vw     0.00000e+00     fixed    
  15  w_vw         1.43404e+01   constant   
  16  beta_vw      0.00000e+00     fixed    
  17  LM           1.16863e-04   constant   
  18  zeta_y       0.00000e+00   constant   
  19  zeta_vw      0.00000e+00   constant   
  20  T_CBO        9.31646e+02   9.65578e+02  -9.77610e-04  -1.07985e-03
  21  alpha_A0    -1.80339e-03   2.01413e-03  -1.32876e-03   8.62127e-05
  22  beta_A0      1.07764e-03   1.97593e-03   8.58376e-04  -1.07870e-02
  23  alpha_phi   -3.34351e-03   1.93165e-03  -8.76443e-04   1.72651e-02
  24  beta_phi    -2.23710e-03   1.79576e-03  -1.47245e-03   2.15756e-03
 MIGRAD MINIMIZATION HAS CONVERGED.
 MIGRAD WILL VERIFY CONVERGENCE AND ERROR MATRIX.
 COVARIANCE MATRIX CALCULATED SUCCESSFULLY
 FCN=44.848 FROM MIGRAD    STATUS=CONVERGED     348 CALLS        1862 TOTAL
                     EDM=3.06801e-06    STRATEGY= 1      ERROR MATRIX ACCURATE 
  EXT PARAMETER                                   STEP         FIRST   
  NO.   NAME      VALUE            ERROR          SIZE      DERIVATIVE 
   1  N0           3.00956e+06     fixed    
   2  tau          6.44059e+01   constant   
   3  A0           3.51500e-01     fixed    
   4  phi          4.11643e+00     fixed    
   5  R           -6.13499e+01   constant   
   6  alpha_CBO   -3.32498e-03     fixed    
   7  w_CBO        2.32500e+00   constant   
   8  beta_CBO     9.51508e-04   4.03540e-04   1.29289e-06  -2.40664e+00
   9  alpha_2CBO   7.46052e-04   4.11493e-04   1.32515e-06  -1.04244e+00
  10  beta_2CBO   -1.54681e-04     fixed    
  11  alpha_y      0.00000e+00     fixed    
  12  w_y          1.38860e+01   constant   
  13  beta_y      -7.12466e-04     fixed    
  14  alpha_vw     0.00000e+00     fixed    
  15  w_vw         1.43404e+01   constant   
  16  beta_vw      0.00000e+00     fixed    
  17  LM           1.16863e-04   constant   
  18  zeta_y       0.00000e+00   constant   
  19  zeta_vw      0.00000e+00   constant   
  20  T_CBO        9.99635e+02   5.58676e+02   8.22378e-02  -6.46627e-05
  21  alpha_A0    -2.28921e-03   1.98815e-03   6.66726e-04   6.95423e-04
  22  beta_A0     -7.12731e-05   1.97892e-03   6.44831e-04   3.93249e-03
  23  alpha_phi   -3.15909e-03   1.91160e-03   6.59316e-04  -9.03272e-06
  24  beta_phi    -1.72807e-03   1.78648e-03   5.85410e-04   2.88938e-03
 EXTERNAL ERROR MATRIX.    NDIM=  25    NPAR=  7    ERR DEF=1
  1.628e-07 -6.734e-09 -3.698e-07 -1.583e-08 -1.091e-07 -3.174e-08  1.478e-07 
 -6.734e-09  1.693e-07 -3.863e-06 -9.065e-08 -1.015e-07  6.905e-08 -9.104e-08 
 -3.698e-07 -3.863e-06  3.430e+05 -1.464e-02 -3.086e-04 -2.025e-02 -1.099e-02 
 -1.583e-08 -9.065e-08 -1.464e-02  4.009e-06  3.266e-07  5.199e-07  1.635e-07 
 -1.091e-07 -1.015e-07 -3.086e-04  3.266e-07  3.968e-06  1.871e-07 -6.321e-08 
 -3.174e-08  6.905e-08 -2.025e-02  5.199e-07  1.871e-07  3.705e-06 -1.619e-07 
  1.478e-07 -9.104e-08 -1.099e-02  1.635e-07 -6.321e-08 -1.619e-07  3.227e-06 
 PARAMETER  CORRELATION COEFFICIENTS  
       NO.  GLOBAL      8      9     20     21     22     23     24
        8  0.24688   1.000 -0.041 -0.000 -0.020 -0.136 -0.041  0.204
        9  0.22644  -0.041  1.000 -0.000 -0.110 -0.124  0.087 -0.123
       20  0.02337  -0.000 -0.000  1.000 -0.012 -0.000 -0.018 -0.010
       21  0.19684  -0.020 -0.110 -0.012  1.000  0.082  0.135  0.045
       22  0.20387  -0.136 -0.124 -0.000  0.082  1.000  0.049 -0.018
       23  0.18290  -0.041  0.087 -0.018  0.135  0.049  1.000 -0.047
       24  0.23981   0.204 -0.123 -0.010  0.045 -0.018 -0.047  1.000
MINUIT - FIT wiggle + 1-CBO + 2-CBO
 **********
 **   42 **RES 
 **********
                   PARAMETER   16  beta_vw RESTORED TO VARIABLE.
                   PARAMETER   14  alpha_vw RESTORED TO VARIABLE.
                   PARAMETER   13  beta_y RESTORED TO VARIABLE.
                   PARAMETER   11  alpha_y RESTORED TO VARIABLE.
                   PARAMETER   10  beta_2CBO RESTORED TO VARIABLE.
                   PARAMETER    6  alpha_CBO RESTORED TO VARIABLE.
                   PARAMETER    4  phi RESTORED TO VARIABLE.
                   PARAMETER    3  A0 RESTORED TO VARIABLE.
                   PARAMETER    1  N0 RESTORED TO VARIABLE.
 **********
 **   43 **FIX           10
 **********
 **********
 **   44 **FIX           11
 **********
 **********
 **   45 **FIX           12
 **********
 PARAMETER   12  IS CONSTANT.   IGNORED.
 **********
 **   46 **FIX           13
 **********
 **********
 **   47 **FIX           14
 **********
 **********
 **   48 **FIX           15
 **********
 PARAMETER   15  IS CONSTANT.   IGNORED.
 **********
 **   49 **FIX           16
 **********
 **********
 **   50 **MIGRAD
 **********
 START MIGRAD MINIMIZATION.  STRATEGY  1.  CONVERGENCE WHEN EDM .LT. 1.00e-04
 FCN=44.848 FROM MIGRAD    STATUS=INITIATE       22 CALLS        1884 TOTAL
                     EDM= unknown      STRATEGY= 1      NO ERROR MATRIX       
  EXT PARAMETER               CURRENT GUESS       STEP         FIRST   
  NO.   NAME      VALUE            ERROR          SIZE      DERIVATIVE 
   1  N0           3.00956e+06   8.51423e+02   8.51423e+02  -4.09263e-04
   2  tau          6.44059e+01   constant   
   3  A0           3.51500e-01   3.50605e-04   3.50605e-04  -1.95568e+03
   4  phi          4.11643e+00   1.12688e-03   1.12688e-03  -9.29477e+02
   5  R           -6.13499e+01   constant   
   6  alpha_CBO   -3.32498e-03   4.20747e-04   4.20747e-04   3.47316e+02
   7  w_CBO        2.32500e+00   constant   
   8  beta_CBO     9.51508e-04   4.03540e-04   1.29289e-06  -2.40664e+00
   9  alpha_2CBO   7.46052e-04   4.11493e-04   1.32515e-06  -1.04244e+00
  10  beta_2CBO   -1.54681e-04     fixed    
  11  alpha_y      0.00000e+00     fixed    
  12  w_y          1.38860e+01   constant   
  13  beta_y      -7.12466e-04     fixed    
  14  alpha_vw     0.00000e+00     fixed    
  15  w_vw         1.43404e+01   constant   
  16  beta_vw      0.00000e+00     fixed    
  17  LM           1.16863e-04   constant   
  18  zeta_y       0.00000e+00   constant   
  19  zeta_vw      0.00000e+00   constant   
  20  T_CBO        9.99635e+02   5.58676e+02   8.22378e-02  -6.74723e-05
  21  alpha_A0    -2.28921e-03   1.98815e-03   6.66726e-04   6.97650e-04
  22  beta_A0     -7.12731e-05   1.97892e-03   6.44831e-04   3.93272e-03
  23  alpha_phi   -3.15909e-03   1.91160e-03   6.59316e-04  -8.45581e-06
  24  beta_phi    -1.72807e-03   1.78648e-03   5.85410e-04   2.89122e-03
 MIGRAD MINIMIZATION HAS CONVERGED.
 MIGRAD WILL VERIFY CONVERGENCE AND ERROR MATRIX.
 COVARIANCE MATRIX CALCULATED SUCCESSFULLY
 FCN=44.3548 FROM MIGRAD    STATUS=CONVERGED     230 CALLS        2092 TOTAL
                     EDM=6.12598e-06    STRATEGY= 1      ERROR MATRIX ACCURATE 
  EXT PARAMETER                                   STEP         FIRST   
  NO.   NAME      VALUE            ERROR          SIZE      DERIVATIVE 
   1  N0           3.00973e+06   9.06012e+02   2.75830e+00  -5.61514e-07
   2  tau          6.44059e+01   constant   
   3  A0           3.51663e-01   3.73414e-04   1.16084e-06   4.17555e+00
   4  phi          4.11706e+00   1.13797e-03   3.56236e-06  -9.37858e-01
   5  R           -6.13499e+01   constant   
   6  alpha_CBO   -3.37233e-03   4.20934e-04   1.33484e-06  -3.00869e+00
   7  w_CBO        2.32500e+00   constant   
   8  beta_CBO     1.02614e-03   4.17850e-04   1.28584e-06  -2.94619e+00
   9  alpha_2CBO   7.55287e-04   4.12625e-04   1.31792e-06   6.36854e-01
  10  beta_2CBO   -1.54681e-04     fixed    
  11  alpha_y      0.00000e+00     fixed    
  12  w_y          1.38860e+01   constant   
  13  beta_y      -7.12466e-04     fixed    
  14  alpha_vw     0.00000e+00     fixed    
  15  w_vw         1.43404e+01   constant   
  16  beta_vw      0.00000e+00     fixed    
  17  LM           1.16863e-04   constant   
  18  zeta_y       0.00000e+00   constant   
  19  zeta_vw      0.00000e+00   constant   
  20  T_CBO        9.99841e+02   8.51168e+02   1.30982e-01  -2.67798e-05
  21  alpha_A0    -2.51671e-03   2.07164e-03   6.66681e-04  -1.00076e-02
  22  beta_A0     -1.80972e-04   2.01953e-03   6.41197e-04   2.33516e-03
  23  alpha_phi   -3.37499e-03   2.06177e-03   6.60850e-04   6.82926e-03
  24  beta_phi    -1.68112e-03   1.82948e-03   5.81483e-04   6.22018e-03
 EXTERNAL ERROR MATRIX.    NDIM=  25    NPAR= 11    ERR DEF=1
  8.209e+05 
  5.837e-02  1.394e-07 
 -1.124e-01  3.540e-08  1.295e-06 
  3.181e-03  1.513e-08 -6.862e-08  1.772e-07 
  1.915e-02  2.992e-08  8.838e-08 -1.953e-09  1.746e-07 
  1.138e-02 -4.006e-09  2.002e-08 -7.646e-09 -5.975e-09  1.703e-07 
  4.540e+02  2.067e-04 -3.884e-04 -1.333e-04  1.551e-05 -4.335e-05  2.020e+05 
 -2.248e-01 -9.656e-08 -2.020e-07 -5.269e-08 -5.127e-08 -9.282e-08 -1.980e-01  4.359e-06 
  2.893e-01 -4.292e-08 -2.734e-07 -2.393e-09 -1.299e-07 -9.873e-08 -1.240e-02  3.346e-07  4.135e-06 
  1.808e-01 -9.329e-08 -2.998e-07  1.348e-07 -6.585e-08  6.641e-08 -2.663e-01  7.885e-07  3.513e-07  4.321e-06 
  2.493e-01  1.564e-08 -4.926e-08 -1.635e-08  1.521e-07 -8.710e-08 -1.313e-01  2.332e-07  3.558e-08  5.652e-08  3.386e-06 
 PARAMETER  CORRELATION COEFFICIENTS  
       NO.  GLOBAL      1      3      4      6      8      9     20     21     22     23     24
        1  0.35284   1.000  0.173 -0.109  0.008  0.051  0.030  0.001 -0.119  0.157  0.096  0.150
        3  0.32601   0.173  1.000  0.083  0.096  0.192 -0.026  0.001 -0.124 -0.057 -0.120  0.023
        4  0.30617  -0.109  0.083  1.000 -0.143  0.186  0.043 -0.001 -0.085 -0.118 -0.127 -0.024
        6  0.26464   0.008  0.096 -0.143  1.000 -0.011 -0.044 -0.001 -0.060 -0.003  0.154 -0.021
        8  0.35251   0.051  0.192  0.186 -0.011  1.000 -0.035  0.000 -0.059 -0.153 -0.076  0.198
        9  0.23785   0.030 -0.026  0.043 -0.044 -0.035  1.000 -0.000 -0.108 -0.118  0.077 -0.115
       20  0.36775   0.001  0.001 -0.001 -0.001  0.000 -0.000  1.000 -0.211 -0.014 -0.285 -0.159
       21  0.34168  -0.119 -0.124 -0.085 -0.060 -0.059 -0.108 -0.211  1.000  0.079  0.182  0.061
       22  0.28432   0.157 -0.057 -0.118 -0.003 -0.153 -0.118 -0.014  0.079  1.000  0.083  0.010
       23  0.41478   0.096 -0.120 -0.127  0.154 -0.076  0.077 -0.285  0.182  0.083  1.000  0.015
       24  0.32062   0.150  0.023 -0.024 -0.021  0.198 -0.115 -0.159  0.061  0.010  0.015  1.000
MINUIT - FIT ONLY 1-y
 **********
 **   51 **RES 
 **********
                   PARAMETER   16  beta_vw RESTORED TO VARIABLE.
                   PARAMETER   14  alpha_vw RESTORED TO VARIABLE.
                   PARAMETER   13  beta_y RESTORED TO VARIABLE.
                   PARAMETER   11  alpha_y RESTORED TO VARIABLE.
                   PARAMETER   10  beta_2CBO RESTORED TO VARIABLE.
 **********
 **   52 **FIX            0
 **********
 PARAMETER    0  IS UNDEFINED. IGNORED.
 **********
 **   53 **FIX            1
 **********
 **********
 **   54 **FIX            2
 **********
 PARAMETER    2  IS CONSTANT.   IGNORED.
 **********
 **   55 **FIX            3
 **********
 **********
 **   56 **FIX            4
 **********
 **********
 **   57 **FIX            5
 **********
 PARAMETER    5  IS CONSTANT.   IGNORED.
 **********
 **   58 **FIX            6
 **********
 **********
 **   59 **FIX            7
 **********
 PARAMETER    7  IS CONSTANT.   IGNORED.
 **********
 **   60 **FIX            8
 **********
 **********
 **   61 **FIX            9
 **********
 **********
 **   62 **FIX           13
 **********
 **********
 **   63 **FIX           14
 **********
 **********
 **   64 **FIX           15
 **********
 PARAMETER   15  IS CONSTANT.   IGNORED.
 **********
 **   65 **FIX           16
 **********
 **********
 **   66 **MIGRAD
 **********
 START MIGRAD MINIMIZATION.  STRATEGY  1.  CONVERGENCE WHEN EDM .LT. 1.00e-04
 FCN=44.3548 FROM MIGRAD    STATUS=INITIATE       16 CALLS        2108 TOTAL
                     EDM= unknown      STRATEGY= 1      NO ERROR MATRIX       
  EXT PARAMETER               CURRENT GUESS       STEP         FIRST   
  NO.   NAME      VALUE            ERROR          SIZE      DERIVATIVE 
   1  N0           3.00973e+06     fixed    
   2  tau          6.44059e+01   constant   
   3  A0           3.51663e-01     fixed    
   4  phi          4.11706e+00     fixed    
   5  R           -6.13499e+01   constant   
   6  alpha_CBO   -3.37233e-03     fixed    
   7  w_CBO        2.32500e+00   constant   
   8  beta_CBO     1.02614e-03     fixed    
   9  alpha_2CBO   7.55287e-04     fixed    
  10  beta_2CBO   -1.54681e-04   3.85096e-04   3.85096e-04   5.50625e+01
  11  alpha_y      0.00000e+00   1.00000e-03   1.00000e-03   9.44069e+03
  12  w_y          1.38860e+01   constant   
  13  beta_y      -7.12466e-04     fixed    
  14  alpha_vw     0.00000e+00     fixed    
  15  w_vw         1.43404e+01   constant   
  16  beta_vw      0.00000e+00     fixed    
  17  LM           1.16863e-04   constant   
  18  zeta_y       0.00000e+00   constant   
  19  zeta_vw      0.00000e+00   constant   
  20  T_CBO        9.99841e+02   8.51168e+02   1.30982e-01  -3.20037e-05
  21  alpha_A0    -2.51671e-03   2.07164e-03   6.66681e-04  -1.00050e-02
  22  beta_A0     -1.80972e-04   2.01953e-03   6.41197e-04   2.33539e-03
  23  alpha_phi   -3.37499e-03   2.06177e-03   6.60850e-04   6.83299e-03
  24  beta_phi    -1.68112e-03   1.82948e-03   5.81483e-04   6.22195e-03
 MIGRAD MINIMIZATION HAS CONVERGED.
 MIGRAD WILL VERIFY CONVERGENCE AND ERROR MATRIX.
 COVARIANCE MATRIX CALCULATED SUCCESSFULLY
 FCN=40.7984 FROM MIGRAD    STATUS=CONVERGED     115 CALLS        2207 TOTAL
                     EDM=1.62356e-06    STRATEGY= 1      ERROR MATRIX ACCURATE 
  EXT PARAMETER                                   STEP         FIRST   
  NO.   NAME      VALUE            ERROR          SIZE      DERIVATIVE 
   1  N0           3.00973e+06     fixed    
   2  tau          6.44059e+01   constant   
   3  A0           3.51663e-01     fixed    
   4  phi          4.11706e+00     fixed    
   5  R           -6.13499e+01   constant   
   6  alpha_CBO   -3.37233e-03     fixed    
   7  w_CBO        2.32500e+00   constant   
   8  beta_CBO     1.02614e-03     fixed    
   9  alpha_2CBO   7.55287e-04     fixed    
  10  beta_2CBO   -1.72670e-04   4.04264e-04   1.24944e-06   6.45973e-02
  11  alpha_y     -7.53312e-04   3.99463e-04   1.26032e-06  -2.37420e-02
  12  w_y          1.38860e+01   constant   
  13  beta_y      -7.12466e-04     fixed    
  14  alpha_vw     0.00000e+00     fixed    
  15  w_vw         1.43404e+01   constant   
  16  beta_vw      0.00000e+00     fixed    
  17  LM           1.16863e-04   constant   
  18  zeta_y       0.00000e+00   constant   
  19  zeta_vw      0.00000e+00   constant   
  20  T_CBO        1.00000e+03   9.99958e+02   1.44201e-01** at limit **
  21  alpha_A0    -2.44370e-03   2.22804e-03   6.38686e-04  -3.97031e-03
  22  beta_A0     -1.09190e-04   1.94968e-03   6.15475e-04   4.71842e-03
  23  alpha_phi   -3.36749e-03   2.36348e-03   6.34234e-04  -4.18371e-03
  24  beta_phi    -1.66112e-03   1.86907e-03   5.57939e-04   1.70993e-03
 EXTERNAL ERROR MATRIX.    NDIM=  25    NPAR=  7    ERR DEF=1
  1.634e-07  2.849e-09  2.270e-06  1.044e-07 -5.999e-08  1.007e-07  5.118e-08 
  2.849e-09  1.596e-07  4.741e-07 -1.587e-08 -1.483e-08 -2.673e-09 -4.735e-09 
  2.270e-06  4.741e-07  1.132e+02 -1.081e-02 -3.858e-04 -1.497e-02 -7.322e-03 
  1.044e-07 -1.587e-08 -1.081e-02  5.054e-06  2.581e-07  2.045e-06  8.643e-07 
 -5.999e-08 -1.483e-08 -3.858e-04  2.581e-07  3.850e-06  2.226e-07 -1.224e-08 
  1.007e-07 -2.673e-09 -1.497e-02  2.045e-06  2.226e-07  5.707e-06  9.005e-07 
  5.118e-08 -4.735e-09 -7.322e-03  8.643e-07 -1.224e-08  9.005e-07  3.536e-06 
 PARAMETER  CORRELATION COEFFICIENTS  
       NO.  GLOBAL     10     11     20     21     22     23     24
       10  0.20366   1.000  0.018  0.001  0.115 -0.076  0.104  0.067
       11  0.03354   0.018  1.000  0.000 -0.018 -0.019 -0.003 -0.006
       20  0.68181   0.001  0.000  1.000 -0.452 -0.018 -0.589 -0.366
       21  0.48818   0.115 -0.018 -0.452  1.000  0.059  0.381  0.204
       22  0.11375  -0.076 -0.019 -0.018  0.059  1.000  0.047 -0.003
       23  0.61093   0.104 -0.003 -0.589  0.381  0.047  1.000  0.200
       24  0.37537   0.067 -0.006 -0.366  0.204 -0.003  0.200  1.000
MINUIT - FIT ONLY 2-y
 **********
 **   67 **RES 
 **********
                   PARAMETER   16  beta_vw RESTORED TO VARIABLE.
                   PARAMETER   14  alpha_vw RESTORED TO VARIABLE.
                   PARAMETER   13  beta_y RESTORED TO VARIABLE.
                   PARAMETER    9  alpha_2CBO RESTORED TO VARIABLE.
                   PARAMETER    8  beta_CBO RESTORED TO VARIABLE.
                   PARAMETER    6  alpha_CBO RESTORED TO VARIABLE.
                   PARAMETER    4  phi RESTORED TO VARIABLE.
                   PARAMETER    3  A0 RESTORED TO VARIABLE.
                   PARAMETER    1  N0 RESTORED TO VARIABLE.
 **********
 **   68 **FIX            0
 **********
 PARAMETER    0  IS UNDEFINED. IGNORED.
 **********
 **   69 **FIX            1
 **********
 **********
 **   70 **FIX            2
 **********
 PARAMETER    2  IS CONSTANT.   IGNORED.
 **********
 **   71 **FIX            3
 **********
 **********
 **   72 **FIX            4
 **********
 **********
 **   73 **FIX            5
 **********
 PARAMETER    5  IS CONSTANT.   IGNORED.
 **********
 **   74 **FIX            6
 **********
 **********
 **   75 **FIX            7
 **********
 PARAMETER    7  IS CONSTANT.   IGNORED.
 **********
 **   76 **FIX            8
 **********
 **********
 **   77 **FIX            9
 **********
 **********
 **   78 **FIX           10
 **********
 **********
 **   79 **FIX           11
 **********
 **********
 **   80 **FIX           12
 **********
 PARAMETER   12  IS CONSTANT.   IGNORED.
 **********
 **   81 **FIX           16
 **********
 **********
 **   82 **MIGRAD
 **********
 START MIGRAD MINIMIZATION.  STRATEGY  1.  CONVERGENCE WHEN EDM .LT. 1.00e-04
 FCN=40.7984 FROM MIGRAD    STATUS=INITIATE       16 CALLS        2223 TOTAL
                     EDM= unknown      STRATEGY= 1      NO ERROR MATRIX       
  EXT PARAMETER               CURRENT GUESS       STEP         FIRST   
  NO.   NAME      VALUE            ERROR          SIZE      DERIVATIVE 
   1  N0           3.00973e+06     fixed    
   2  tau          6.44059e+01   constant   
   3  A0           3.51663e-01     fixed    
   4  phi          4.11706e+00     fixed    
   5  R           -6.13499e+01   constant   
   6  alpha_CBO   -3.37233e-03     fixed    
   7  w_CBO        2.32500e+00   constant   
   8  beta_CBO     1.02614e-03     fixed    
   9  alpha_2CBO   7.55287e-04     fixed    
  10  beta_2CBO   -1.72670e-04     fixed    
  11  alpha_y     -7.53312e-04     fixed    
  12  w_y          1.38860e+01   constant   
  13  beta_y      -7.12466e-04   3.97731e-04   3.97731e-04   1.15535e+02
  14  alpha_vw     0.00000e+00   1.00000e-03   1.00000e-03   7.34370e+03
  15  w_vw         1.43404e+01   constant   
  16  beta_vw      0.00000e+00     fixed    
  17  LM           1.16863e-04   constant   
  18  zeta_y       0.00000e+00   constant   
  19  zeta_vw      0.00000e+00   constant   
  20  T_CBO        1.00000e+03   9.99958e+02   1.44201e-01** at limit **
  21  alpha_A0    -2.44370e-03   2.22804e-03   6.38686e-04  -3.96781e-03
  22  beta_A0     -1.09190e-04   1.94968e-03   6.15475e-04   4.71883e-03
  23  alpha_phi   -3.36749e-03   2.36348e-03   6.34234e-04  -4.18029e-03
  24  beta_phi    -1.66112e-03   1.86907e-03   5.57939e-04   1.71154e-03
 MIGRAD MINIMIZATION HAS CONVERGED.
 MIGRAD WILL VERIFY CONVERGENCE AND ERROR MATRIX.
 COVARIANCE MATRIX CALCULATED SUCCESSFULLY
 FCN=38.4584 FROM MIGRAD    STATUS=CONVERGED     115 CALLS        2322 TOTAL
                     EDM=4.50142e-06    STRATEGY= 1      ERROR MATRIX ACCURATE 
  EXT PARAMETER                                   STEP         FIRST   
  NO.   NAME      VALUE            ERROR          SIZE      DERIVATIVE 
   1  N0           3.00973e+06     fixed    
   2  tau          6.44059e+01   constant   
   3  A0           3.51663e-01     fixed    
   4  phi          4.11706e+00     fixed    
   5  R           -6.13499e+01   constant   
   6  alpha_CBO   -3.37233e-03     fixed    
   7  w_CBO        2.32500e+00   constant   
   8  beta_CBO     1.02614e-03     fixed    
   9  alpha_2CBO   7.55287e-04     fixed    
  10  beta_2CBO   -1.72670e-04     fixed    
  11  alpha_y     -7.53312e-04     fixed    
  12  w_y          1.38860e+01   constant   
  13  beta_y      -5.28560e-04   4.17153e-04   1.21903e-06  -5.48246e-01
  14  alpha_vw    -6.40260e-04   4.18531e-04   1.22350e-06  -1.39893e+00
  15  w_vw         1.43404e+01   constant   
  16  beta_vw      0.00000e+00     fixed    
  17  LM           1.16863e-04   constant   
  18  zeta_y       0.00000e+00   constant   
  19  zeta_vw      0.00000e+00   constant   
  20  T_CBO        1.00000e+03   9.41588e+02   7.03452e-02** at limit **
  21  alpha_A0    -2.42886e-03   2.05287e-03   6.20678e-04  -7.56487e-03
  22  beta_A0     -1.37172e-04   1.94381e-03   5.98007e-04  -1.17027e-02
  23  alpha_phi   -3.32849e-03   2.05317e-03   6.15937e-04   7.88079e-04
  24  beta_phi    -1.67433e-03   1.77897e-03   5.42149e-04  -3.00752e-03
 EXTERNAL ERROR MATRIX.    NDIM=  25    NPAR=  7    ERR DEF=1
  1.740e-07 -5.282e-08  1.061e-06  1.278e-08 -4.075e-09  2.191e-08 -6.354e-09 
 -5.282e-08  1.752e-07 -7.898e-07 -4.347e-09  6.732e-09 -1.078e-08  3.423e-09 
  1.061e-06 -7.898e-07  1.963e+02 -7.985e-03 -3.899e-04 -1.099e-02 -5.484e-03 
  1.278e-08 -4.347e-09 -7.985e-03  4.279e-06  2.737e-07  9.987e-07  3.542e-07 
 -4.075e-09  6.732e-09 -3.899e-04  2.737e-07  3.827e-06  2.295e-07 -7.698e-09 
  2.191e-08 -1.078e-08 -1.099e-02  9.987e-07  2.295e-07  4.284e-06  2.067e-07 
 -6.354e-09  3.423e-09 -5.484e-03  3.542e-07 -7.698e-09  2.067e-07  3.200e-06 
 PARAMETER  CORRELATION COEFFICIENTS  
       NO.  GLOBAL     13     14     20     21     22     23     24
       13  0.30376   1.000 -0.303  0.000  0.015 -0.005  0.025 -0.009
       14  0.30268  -0.303  1.000 -0.000 -0.005  0.008 -0.012  0.005
       20  0.46276   0.000 -0.000  1.000 -0.276 -0.014 -0.379 -0.219
       21  0.31663   0.015 -0.005 -0.276  1.000  0.068  0.233  0.096
       22  0.08299  -0.005  0.008 -0.014  0.068  1.000  0.057 -0.002
       23  0.40614   0.025 -0.012 -0.379  0.233  0.057  1.000  0.056
