 + ++++++++++++++++++++++++++++++++++++++++++++++++++++++++++++++++++++ +
 +                                                                      +
 +           You have chose to blind your fitting according to          +
 +                omega_ref * (1 + (R +/- deltaR) *10^{-6})             +
 +                                                                      +
 + ++++++++++++++++++++++++++++++++++++++++++++++++++++++++++++++++++++ +
In main()...
reading format from /gm2data/zkhechad/run45/envelope/formats/formatB_sBin_constraintOn.txt
pBinTau 	= 0  
pBinPhi 	= 0  
constraintau 	= 1 
includeMopTerm 	= 0    
constrainMop    = 0   
Parameters after format file: pBinTau 0 pBinPhi 0 constraintau 1 includeMopTerm 0 constrainMop 0 c_e_scale 0.000000 
Opening file /gm2data/tbarrett/gm2fr/studies/run23_bunch_corrections/CorrectedFourier_Run3b.root.
reading full fit data from /gm2data/zkhechad/cboTemplates/Run4CBOTemplates/fullFits/noRF/sBin_constraintOn_cE0.0_seed0_noRF_calo3.root
windowBins = 69
fitting sliding window 1050 from bin 1186 at 176.802000 to bin 1255 at 187.246000 (69 bins)

Reading data from /gm2data/cornell/histograms/aMethod/histogram_a_noRF.root
 **********
 **    1 **SET PRINTOUT            1
 **********
 **********
 **    2 **SET NOWARNINGS 
 **********
 PARAMETER DEFINITIONS:
    NO.   NAME         VALUE      STEP SIZE      LIMITS
     1 N0           2.88710e+06  1.00000e+02     no limits
     2 tau          6.43977e+01  constant
     3 A0           3.56389e-01  1.00000e-04     no limits
     4 phi          4.11721e+00  1.00000e-02     no limits
     5 R           -6.10082e+01  constant
     6 alpha_CBO    0.00000e+00  1.00000e-03     no limits
     7 w_CBO        2.32500e+00  constant
     8 beta_CBO     0.00000e+00  1.00000e-03     no limits
     9 alpha_2CBO   0.00000e+00  1.00000e-03     no limits
    10 beta_2CBO    0.00000e+00  1.00000e-03     no limits
    11 alpha_y      0.00000e+00  1.00000e-03     no limits
    12 w_y          1.38860e+01  constant
    13 beta_y       0.00000e+00  1.00000e-03     no limits
    14 alpha_vw     0.00000e+00  1.00000e-03     no limits
    15 w_vw         1.43404e+01  constant
    16 beta_vw      0.00000e+00  1.00000e-03     no limits
    17 LM          -2.57919e-04  constant
    18 zeta_y       0.00000e+00  constant
    19 zeta_vw      0.00000e+00  constant
    20 T_CBO        1.00000e+02  1.00000e+00    0.00000e+00  1.00000e+03
    21 alpha_A0     0.00000e+00  1.00000e-03     no limits
    22 beta_A0      0.00000e+00  1.00000e-03     no limits
    23 alpha_phi    0.00000e+00  1.00000e-03     no limits
    24 beta_phi     0.00000e+00  1.00000e-03     no limits
MINUIT - FIT ONLY WIGGLE
 **********
 **    3 **FIX            5
 **********
 PARAMETER    5  IS CONSTANT.   IGNORED.
 **********
 **    4 **FIX            6
 **********
 **********
 **    5 **FIX            7
 **********
 PARAMETER    7  IS CONSTANT.   IGNORED.
 **********
 **    6 **FIX            8
 **********
 **********
 **    7 **FIX            9
 **********
 **********
 **    8 **FIX           10
 **********
 **********
 **    9 **FIX           11
 **********
 **********
 **   10 **FIX           12
 **********
 PARAMETER   12  IS CONSTANT.   IGNORED.
 **********
 **   11 **FIX           13
 **********
 **********
 **   12 **FIX           14
 **********
 **********
 **   13 **FIX           15
 **********
 PARAMETER   15  IS CONSTANT.   IGNORED.
 **********
 **   14 **FIX           16
 **********
 **********
 **   15 **MIGRAD
 **********
 FIRST CALL TO USER FUNCTION AT NEW START POINT, WITH IFLAG=4.
 START MIGRAD MINIMIZATION.  STRATEGY  1.  CONVERGENCE WHEN EDM .LT. 1.00e-04
 FCN=382.289 FROM MIGRAD    STATUS=INITIATE      437 CALLS         438 TOTAL
                     EDM= unknown      STRATEGY= 1      NO ERROR MATRIX       
  EXT PARAMETER               CURRENT GUESS       STEP         FIRST   
  NO.   NAME      VALUE            ERROR          SIZE      DERIVATIVE 
   1  N0           2.88710e+06   1.00000e+02   0.00000e+00  -1.33339e-02
   2  tau          6.43977e+01   constant   
   3  A0           3.56389e-01   1.00000e-04   0.00000e+00  -8.99418e+03
   4  phi          4.11721e+00   1.00000e-02   0.00000e+00   9.85480e+03
   5  R           -6.10082e+01   constant   
   6  alpha_CBO    0.00000e+00     fixed    
   7  w_CBO        2.32500e+00   constant   
   8  beta_CBO     0.00000e+00     fixed    
   9  alpha_2CBO   0.00000e+00     fixed    
  10  beta_2CBO    0.00000e+00     fixed    
  11  alpha_y      0.00000e+00     fixed    
  12  w_y          1.38860e+01   constant   
  13  beta_y       0.00000e+00     fixed    
  14  alpha_vw     0.00000e+00     fixed    
  15  w_vw         1.43404e+01   constant   
  16  beta_vw      0.00000e+00     fixed    
  17  LM          -2.57919e-04   constant   
  18  zeta_y       0.00000e+00   constant   
  19  zeta_vw      0.00000e+00   constant   
  20  T_CBO        1.00000e+02   1.00000e+00   0.00000e+00   0.00000e+00
  21  alpha_A0     0.00000e+00   1.00000e-03   0.00000e+00  -3.28542e+02
  22  beta_A0      0.00000e+00   1.00000e-03   0.00000e+00   8.69294e+02
  23  alpha_phi    0.00000e+00   1.00000e-03   0.00000e+00   6.32501e+02
  24  beta_phi     0.00000e+00   1.00000e-03   0.00000e+00   1.39390e+03
 CALL LIMIT EXCEEDED IN MIGRAD.
 MIGRAD TERMINATED WITHOUT CONVERGENCE.
 FCN=329.192 FROM MIGRAD    STATUS=CALL LIMIT   1329 CALLS        1330 TOTAL
                     EDM=0.00941032    STRATEGY= 1  ERROR MATRIX UNCERTAINTY   1.5 per cent
  EXT PARAMETER                APPROXIMATE        STEP         FIRST   
  NO.   NAME      VALUE            ERROR          SIZE      DERIVATIVE 
   1  N0           2.88847e+06   5.00024e+02   1.56312e+01  -1.17530e-05
   2  tau          6.43977e+01   constant   
   3  A0           3.56607e-01   2.30292e-04  -2.45940e-06   9.35366e-01
   4  phi          4.11411e+00   7.16623e-04  -1.06745e-05  -4.94660e+01
   5  R           -6.10082e+01   constant   
   6  alpha_CBO    0.00000e+00     fixed    
   7  w_CBO        2.32500e+00   constant   
   8  beta_CBO     0.00000e+00     fixed    
   9  alpha_2CBO   0.00000e+00     fixed    
  10  beta_2CBO    0.00000e+00     fixed    
  11  alpha_y      0.00000e+00     fixed    
  12  w_y          1.38860e+01   constant   
  13  beta_y       0.00000e+00     fixed    
  14  alpha_vw     0.00000e+00     fixed    
  15  w_vw         1.43404e+01   constant   
  16  beta_vw      0.00000e+00     fixed    
  17  LM          -2.57919e-04   constant   
  18  zeta_y       0.00000e+00   constant   
  19  zeta_vw      0.00000e+00   constant   
  20  T_CBO        3.16390e+01   8.16722e+00  -5.63200e-03  -3.03878e+01
  21  alpha_A0     2.80716e-01   3.58620e-01   4.04099e-02  -7.85300e-01
  22  beta_A0     -9.91963e-01   1.28955e+00  -1.45670e-01  -5.40506e-01
  23  alpha_phi   -4.94297e-01   6.18209e-01  -6.99001e-02   3.57692e-01
  24  beta_phi    -1.05470e+00   1.36893e+00  -1.54464e-01   1.26168e+00
 EXTERNAL ERROR MATRIX.    NDIM=  25    NPAR=  8    ERR DEF=1
  2.500e+05 -1.032e-02 -7.494e-03 -3.345e+02  1.429e+01 -5.332e+01 -2.567e+01 -5.631e+01 
 -1.032e-02  5.303e-08  2.892e-10  1.428e-04 -5.852e-06  2.141e-05  1.034e-05  2.267e-05 
 -7.494e-03  2.892e-10  5.135e-07  2.548e-04 -1.831e-05  6.493e-05  3.113e-05  6.847e-05 
 -3.345e+02  1.428e-04  2.548e-04  6.675e+01 -2.911e+00  1.047e+01  5.021e+00  1.112e+01 
  1.429e+01 -5.852e-06 -1.831e-05 -2.911e+00  1.286e-01 -4.624e-01 -2.217e-01 -4.908e-01 
 -5.332e+01  2.141e-05  6.493e-05  1.047e+01 -4.624e-01  1.663e+00  7.972e-01  1.765e+00 
 -2.567e+01  1.034e-05  3.113e-05  5.021e+00 -2.217e-01  7.972e-01  3.822e-01  8.462e-01 
 -5.631e+01  2.267e-05  6.847e-05  1.112e+01 -4.908e-01  1.765e+00  8.462e-01  1.874e+00 
ERR MATRIX APPROXIMATE
 PARAMETER  CORRELATION COEFFICIENTS  
       NO.  GLOBAL      1      3      4     20     21     22     23     24
        1  0.19920   1.000 -0.090 -0.021 -0.082  0.080 -0.083 -0.083 -0.082
        3  0.13540  -0.090  1.000  0.002  0.076 -0.071  0.072  0.073  0.072
        4  0.28609  -0.021  0.002  1.000  0.044 -0.071  0.070  0.070  0.070
       20  0.99482  -0.082  0.076  0.044  1.000 -0.994  0.994  0.994  0.994
       21  0.99984   0.080 -0.071 -0.071 -0.994  1.000 -1.000 -1.000 -1.000
       22  0.99998  -0.083  0.072  0.070  0.994 -1.000  1.000  1.000  1.000
       23  0.99995  -0.083  0.073  0.070  0.994 -1.000  1.000  1.000  1.000
       24  0.99998  -0.082  0.072  0.070  0.994 -1.000  1.000  1.000  1.000
 ERR MATRIX APPROXIMATE
MINUIT - FIT ONLY 1-CBO + wiggle
 **********
 **   16 **RES 
 **********
                   PARAMETER   16  beta_vw RESTORED TO VARIABLE.
                   PARAMETER   14  alpha_vw RESTORED TO VARIABLE.
                   PARAMETER   13  beta_y RESTORED TO VARIABLE.
                   PARAMETER   11  alpha_y RESTORED TO VARIABLE.
                   PARAMETER   10  beta_2CBO RESTORED TO VARIABLE.
                   PARAMETER    9  alpha_2CBO RESTORED TO VARIABLE.
                   PARAMETER    8  beta_CBO RESTORED TO VARIABLE.
                   PARAMETER    6  alpha_CBO RESTORED TO VARIABLE.
 **********
 **   17 **FIX            8
 **********
 **********
 **   18 **FIX            9
 **********
 **********
 **   19 **FIX           11
 **********
 **********
 **   20 **FIX           12
 **********
 PARAMETER   12  IS CONSTANT.   IGNORED.
 **********
 **   21 **FIX           14
 **********
 **********
 **   22 **FIX           15
 **********
 PARAMETER   15  IS CONSTANT.   IGNORED.
 **********
 **   23 **FIX           16
 **********
 **********
 **   24 **MIGRAD
 **********
 START MIGRAD MINIMIZATION.  STRATEGY  1.  CONVERGENCE WHEN EDM .LT. 1.00e-04
 FCN=329.192 FROM MIGRAD    STATUS=INITIATE       28 CALLS        1358 TOTAL
                     EDM= unknown      STRATEGY= 1      NO ERROR MATRIX       
  EXT PARAMETER               CURRENT GUESS       STEP         FIRST   
  NO.   NAME      VALUE            ERROR          SIZE      DERIVATIVE 
   1  N0           2.88847e+06   5.00024e+02   1.56312e+01  -1.17530e-05
   2  tau          6.43977e+01   constant   
   3  A0           3.56607e-01   2.30292e-04  -2.45940e-06   9.35365e-01
   4  phi          4.11411e+00   7.16623e-04  -1.06745e-05  -4.94660e+01
   5  R           -6.10082e+01   constant   
   6  alpha_CBO    0.00000e+00   1.00000e-03   1.00000e-03   8.66396e+04
   7  w_CBO        2.32500e+00   constant   
   8  beta_CBO     0.00000e+00     fixed    
   9  alpha_2CBO   0.00000e+00     fixed    
  10  beta_2CBO    0.00000e+00   1.00000e-03   1.00000e-03   9.87267e+03
  11  alpha_y      0.00000e+00     fixed    
  12  w_y          1.38860e+01   constant   
  13  beta_y       0.00000e+00   1.00000e-03   1.00000e-03   1.51114e+04
  14  alpha_vw     0.00000e+00     fixed    
  15  w_vw         1.43404e+01   constant   
  16  beta_vw      0.00000e+00     fixed    
  17  LM          -2.57919e-04   constant   
  18  zeta_y       0.00000e+00   constant   
  19  zeta_vw      0.00000e+00   constant   
  20  T_CBO        3.16390e+01   8.16722e+00  -5.63200e-03  -3.03879e+01
  21  alpha_A0     2.80716e-01   3.58620e-01   4.04099e-02  -7.85300e-01
  22  beta_A0     -9.91963e-01   1.28955e+00  -1.45670e-01  -5.40506e-01
  23  alpha_phi   -4.94297e-01   6.18209e-01  -6.99001e-02   3.57692e-01
  24  beta_phi    -1.05470e+00   1.36893e+00  -1.54464e-01   1.26168e+00
 CALL LIMIT EXCEEDED IN MIGRAD.
 MIGRAD TERMINATED WITHOUT CONVERGENCE.
 FCN=208.359 FROM MIGRAD    STATUS=CALL LIMIT   1928 CALLS        3258 TOTAL
                     EDM=0.00787115    STRATEGY= 1  ERROR MATRIX UNCERTAINTY  26.4 per cent
  EXT PARAMETER                APPROXIMATE        STEP         FIRST   
  NO.   NAME      VALUE            ERROR          SIZE      DERIVATIVE 
   1  N0           2.88859e+06   4.96745e+02   7.66117e-01   3.28424e-05
   2  tau          6.43977e+01   constant   
   3  A0           3.56713e-01   2.21711e-04   3.13723e-06   2.19255e+02
   4  phi          4.11594e+00   7.12745e-04   2.51845e-06   1.07467e+01
   5  R           -6.10082e+01   constant   
   6  alpha_CBO   -2.63697e-03   2.45071e-04  -5.54262e-07  -1.55207e+01
   7  w_CBO        2.32500e+00   constant   
   8  beta_CBO     0.00000e+00     fixed    
   9  alpha_2CBO   0.00000e+00     fixed    
  10  beta_2CBO   -4.62808e-04   2.36378e-04   1.55110e-06   1.26877e+02
  11  alpha_y      0.00000e+00     fixed    
  12  w_y          1.38860e+01   constant   
  13  beta_y      -4.41980e-04   2.41173e-04  -1.50844e-07  -1.25428e+01
  14  alpha_vw     0.00000e+00     fixed    
  15  w_vw         1.43404e+01   constant   
  16  beta_vw      0.00000e+00     fixed    
  17  LM          -2.57919e-04   constant   
  18  zeta_y       0.00000e+00   constant   
  19  zeta_vw      0.00000e+00   constant   
  20  T_CBO        1.48240e+01   1.29356e+00   9.50426e-05  -2.27530e+00
  21  alpha_A0     2.47439e+02   2.52674e+02   1.28985e+00   8.05829e-04
  22  beta_A0     -5.26219e+02   5.40296e+02  -2.77183e+00  -6.23744e-04
  23  alpha_phi   -1.07777e+02   1.09766e+02  -5.62461e-01   5.12453e-04
  24  beta_phi    -6.38716e+02   6.59112e+02  -3.40154e+00   9.21520e-04
 EXTERNAL ERROR MATRIX.    NDIM=  25    NPAR= 11    ERR DEF=1
  2.468e+05 
 -1.219e-02  4.916e-08 
 -3.186e-03 -4.940e-09  5.080e-07 
 -4.193e-03 -1.682e-09 -4.132e-08  6.006e-08 
 -5.990e-03 -2.141e-09 -5.131e-09  4.487e-09  5.587e-08 
 -9.037e-04  3.373e-11 -1.856e-09  2.303e-10 -3.658e-10  5.816e-08 
 -6.366e+01 -9.532e-05 -8.131e-05  2.030e-05 -5.570e-05  8.890e-06  1.673e+00 
  8.555e+03  1.980e-02  8.202e-03 -2.902e-03  1.260e-02 -1.581e-03 -3.189e+02  6.384e+04 
 -1.842e+04 -4.232e-02 -1.757e-02  6.201e-03 -2.697e-02  3.383e-03  6.819e+02 -1.365e+05  2.919e+05 
 -3.752e+03 -8.594e-03 -3.561e-03  1.253e-03 -5.478e-03  6.876e-04  1.385e+02 -2.773e+04  5.931e+04  1.205e+04 
 -2.243e+04 -5.163e-02 -2.147e-02  7.568e-03 -3.289e-02  4.131e-03  8.317e+02 -1.665e+05  3.561e+05  7.235e+04  4.344e+05 
ERR MATRIX APPROXIMATE
 PARAMETER  CORRELATION COEFFICIENTS  
       NO.  GLOBAL      1      3      4      6     10     13     20     21     22     23     24
        1  0.37393   1.000 -0.111 -0.009 -0.034 -0.051 -0.008 -0.099  0.068 -0.069 -0.069 -0.068
        3  0.42257  -0.111  1.000 -0.031 -0.031 -0.041  0.001 -0.332  0.353 -0.353 -0.353 -0.353
        4  0.36035  -0.009 -0.031  1.000 -0.237 -0.030 -0.011 -0.088  0.046 -0.046 -0.046 -0.046
        6  0.27111  -0.034 -0.031 -0.237  1.000  0.077  0.004  0.064 -0.047  0.047  0.047  0.047
       10  0.30331  -0.051 -0.041 -0.030  0.077  1.000 -0.006 -0.182  0.211 -0.211 -0.211 -0.211
       13  0.04829  -0.008  0.001 -0.011  0.004 -0.006  1.000  0.028 -0.026  0.026  0.026  0.026
       20  0.98308  -0.099 -0.332 -0.088  0.064 -0.182  0.028  1.000 -0.976  0.976  0.976  0.976
       21  1.00000   0.068  0.353  0.046 -0.047  0.211 -0.026 -0.976  1.000 -1.000 -1.000 -1.000
       22  1.00000  -0.069 -0.353 -0.046  0.047 -0.211  0.026  0.976 -1.000  1.000  1.000  1.000
       23  1.00000  -0.069 -0.353 -0.046  0.047 -0.211  0.026  0.976 -1.000  1.000  1.000  1.000
       24  1.00000  -0.068 -0.353 -0.046  0.047 -0.211  0.026  0.976 -1.000  1.000  1.000  1.000
 ERR MATRIX APPROXIMATE
MINUIT - FIT ONLY 2-CBO
 **********
 **   25 **RES 
 **********
                   PARAMETER   16  beta_vw RESTORED TO VARIABLE.
                   PARAMETER   14  alpha_vw RESTORED TO VARIABLE.
                   PARAMETER   11  alpha_y RESTORED TO VARIABLE.
                   PARAMETER    9  alpha_2CBO RESTORED TO VARIABLE.
                   PARAMETER    8  beta_CBO RESTORED TO VARIABLE.
 **********
 **   26 **FIX            0
 **********
 PARAMETER    0  IS UNDEFINED. IGNORED.
 **********
 **   27 **FIX            1
 **********
 **********
 **   28 **FIX            2
 **********
 PARAMETER    2  IS CONSTANT.   IGNORED.
 **********
 **   29 **FIX            3
 **********
 **********
 **   30 **FIX            4
 **********
 **********
 **   31 **FIX            5
 **********
 PARAMETER    5  IS CONSTANT.   IGNORED.
 **********
 **   32 **FIX            6
 **********
 **********
 **   33 **FIX            7
 **********
 PARAMETER    7  IS CONSTANT.   IGNORED.
 **********
 **   34 **FIX           10
 **********
 **********
 **   35 **FIX           11
 **********
 **********
 **   36 **FIX           12
 **********
 PARAMETER   12  IS CONSTANT.   IGNORED.
 **********
 **   37 **FIX           13
 **********
 **********
 **   38 **FIX           14
 **********
 **********
 **   39 **FIX           15
 **********
 PARAMETER   15  IS CONSTANT.   IGNORED.
 **********
 **   40 **FIX           16
 **********
 **********
 **   41 **MIGRAD
 **********
 START MIGRAD MINIMIZATION.  STRATEGY  1.  CONVERGENCE WHEN EDM .LT. 1.00e-04
 FCN=208.359 FROM MIGRAD    STATUS=INITIATE       18 CALLS        3276 TOTAL
                     EDM= unknown      STRATEGY= 1      NO ERROR MATRIX       
  EXT PARAMETER               CURRENT GUESS       STEP         FIRST   
  NO.   NAME      VALUE            ERROR          SIZE      DERIVATIVE 
   1  N0           2.88859e+06     fixed    
   2  tau          6.43977e+01   constant   
   3  A0           3.56713e-01     fixed    
   4  phi          4.11594e+00     fixed    
   5  R           -6.10082e+01   constant   
   6  alpha_CBO   -2.63697e-03     fixed    
   7  w_CBO        2.32500e+00   constant   
   8  beta_CBO     0.00000e+00   1.00000e-03   1.00000e-03   1.00756e+05
   9  alpha_2CBO   0.00000e+00   1.00000e-03   1.00000e-03   1.52762e+04
  10  beta_2CBO   -4.62808e-04     fixed    
  11  alpha_y      0.00000e+00     fixed    
  12  w_y          1.38860e+01   constant   
  13  beta_y      -4.41980e-04     fixed    
  14  alpha_vw     0.00000e+00     fixed    
  15  w_vw         1.43404e+01   constant   
  16  beta_vw      0.00000e+00     fixed    
  17  LM          -2.57919e-04   constant   
  18  zeta_y       0.00000e+00   constant   
  19  zeta_vw      0.00000e+00   constant   
  20  T_CBO        1.48240e+01   1.29356e+00   9.50426e-05  -2.27547e+00
  21  alpha_A0     2.47439e+02   2.52674e+02   1.28985e+00   8.05829e-04
  22  beta_A0     -5.26219e+02   5.40296e+02  -2.77183e+00  -6.23744e-04
  23  alpha_phi   -1.07777e+02   1.09766e+02  -5.62461e-01   5.12453e-04
  24  beta_phi    -6.38716e+02   6.59112e+02  -3.40154e+00   9.21520e-04
 CALL LIMIT EXCEEDED IN MIGRAD.
 MIGRAD TERMINATED WITHOUT CONVERGENCE.
 FCN=54.5978 FROM MIGRAD    STATUS=CALL LIMIT   1147 CALLS        4405 TOTAL
                     EDM=0.0286834    STRATEGY= 1  ERROR MATRIX UNCERTAINTY  12.7 per cent
  EXT PARAMETER                APPROXIMATE        STEP         FIRST   
  NO.   NAME      VALUE            ERROR          SIZE      DERIVATIVE 
   1  N0           2.88859e+06     fixed    
   2  tau          6.43977e+01   constant   
   3  A0           3.56713e-01     fixed    
   4  phi          4.11594e+00     fixed    
   5  R           -6.10082e+01   constant   
   6  alpha_CBO   -2.63697e-03     fixed    
   7  w_CBO        2.32500e+00   constant   
   8  beta_CBO    -3.01059e-03   2.46335e-04  -1.05616e-06   2.91844e+01
   9  alpha_2CBO  -2.55792e-04   2.35790e-04   4.09493e-07   1.10047e+02
  10  beta_2CBO   -4.62808e-04     fixed    
  11  alpha_y      0.00000e+00     fixed    
  12  w_y          1.38860e+01   constant   
  13  beta_y      -4.41980e-04     fixed    
  14  alpha_vw     0.00000e+00     fixed    
  15  w_vw         1.43404e+01   constant   
  16  beta_vw      0.00000e+00     fixed    
  17  LM          -2.57919e-04   constant   
  18  zeta_y       0.00000e+00   constant   
  19  zeta_vw      0.00000e+00   constant   
  20  T_CBO        2.43832e+01   6.03986e+00   1.16656e-03  -2.63744e+01
  21  alpha_A0     2.21500e+00   5.04307e+00  -5.80436e-02  -3.50945e-02
  22  beta_A0     -2.72140e+00   6.59866e+00   1.28751e-01   3.68683e-02
  23  alpha_phi   -7.56515e-01   2.47446e+00  -2.53362e-02  -4.18960e-02
  24  beta_phi    -3.53992e+00   7.97232e+00   2.60872e-01   8.89539e-02
 EXTERNAL ERROR MATRIX.    NDIM=  25    NPAR=  7    ERR DEF=1
  6.068e-08 -4.389e-09 -3.852e-05  1.031e-05 -5.719e-05 -4.389e-05 -7.576e-05 
 -4.389e-09  5.560e-08  4.945e-05 -8.076e-05  7.138e-05  3.987e-06 -2.436e-05 
 -3.852e-05  4.945e-05  3.650e+01 -2.834e+01  3.703e+01  9.444e+00  4.744e+01 
  1.031e-05 -8.076e-05 -2.834e+01  2.543e+01 -2.778e+01 -7.319e+00 -3.613e+01 
 -5.719e-05  7.138e-05  3.703e+01 -2.778e+01  4.354e+01  9.445e+00  4.650e+01 
 -4.389e-05  3.987e-06  9.444e+00 -7.319e+00  9.445e+00  6.123e+00  1.366e+01 
 -7.576e-05 -2.436e-05  4.744e+01 -3.613e+01  4.650e+01  1.366e+01  6.356e+01 
ERR MATRIX APPROXIMATE
 PARAMETER  CORRELATION COEFFICIENTS  
       NO.  GLOBAL      8      9     20     21     22     23     24
        8  0.15645   1.000 -0.076 -0.026  0.008 -0.035 -0.072 -0.039
        9  0.37953  -0.076  1.000  0.035 -0.068  0.046  0.007 -0.013
       20  0.99760  -0.026  0.035  1.000 -0.930  0.929  0.632  0.985
       21  0.95452   0.008 -0.068 -0.930  1.000 -0.835 -0.587 -0.899
       22  0.96559  -0.035  0.046  0.929 -0.835  1.000  0.578  0.884
       23  0.81871  -0.072  0.007  0.632 -0.587  0.578  1.000  0.692
       24  0.99545  -0.039 -0.013  0.985 -0.899  0.884  0.692  1.000
 ERR MATRIX APPROXIMATE
MINUIT - FIT wiggle + 1-CBO + 2-CBO
 **********
 **   42 **RES 
 **********
                   PARAMETER   16  beta_vw RESTORED TO VARIABLE.
                   PARAMETER   14  alpha_vw RESTORED TO VARIABLE.
                   PARAMETER   13  beta_y RESTORED TO VARIABLE.
                   PARAMETER   11  alpha_y RESTORED TO VARIABLE.
                   PARAMETER   10  beta_2CBO RESTORED TO VARIABLE.
                   PARAMETER    6  alpha_CBO RESTORED TO VARIABLE.
                   PARAMETER    4  phi RESTORED TO VARIABLE.
                   PARAMETER    3  A0 RESTORED TO VARIABLE.
                   PARAMETER    1  N0 RESTORED TO VARIABLE.
 **********
 **   43 **FIX           10
 **********
 **********
 **   44 **FIX           11
 **********
 **********
 **   45 **FIX           12
 **********
 PARAMETER   12  IS CONSTANT.   IGNORED.
 **********
 **   46 **FIX           13
 **********
 **********
 **   47 **FIX           14
 **********
 **********
 **   48 **FIX           15
 **********
 PARAMETER   15  IS CONSTANT.   IGNORED.
 **********
 **   49 **FIX           16
 **********
 **********
 **   50 **MIGRAD
 **********
 START MIGRAD MINIMIZATION.  STRATEGY  1.  CONVERGENCE WHEN EDM .LT. 1.00e-04
 FCN=54.5978 FROM MIGRAD    STATUS=INITIATE       22 CALLS        4427 TOTAL
                     EDM= unknown      STRATEGY= 1      NO ERROR MATRIX       
  EXT PARAMETER               CURRENT GUESS       STEP         FIRST   
  NO.   NAME      VALUE            ERROR          SIZE      DERIVATIVE 
   1  N0           2.88859e+06   4.96745e+02   4.96745e+02   4.06170e-03
   2  tau          6.43977e+01   constant   
   3  A0           3.56713e-01   2.21711e-04   2.21711e-04   1.86325e+04
   4  phi          4.11594e+00   7.12745e-04   7.12745e-04  -4.01493e+03
   5  R           -6.10082e+01   constant   
   6  alpha_CBO   -2.63697e-03   2.45071e-04   2.45071e-04  -3.42075e+03
   7  w_CBO        2.32500e+00   constant   
   8  beta_CBO    -3.01059e-03   2.46335e-04  -1.05616e-06   2.91844e+01
   9  alpha_2CBO  -2.55792e-04   2.35790e-04   4.09493e-07   1.10047e+02
  10  beta_2CBO   -4.62808e-04     fixed    
  11  alpha_y      0.00000e+00     fixed    
  12  w_y          1.38860e+01   constant   
  13  beta_y      -4.41980e-04     fixed    
  14  alpha_vw     0.00000e+00     fixed    
  15  w_vw         1.43404e+01   constant   
  16  beta_vw      0.00000e+00     fixed    
  17  LM          -2.57919e-04   constant   
  18  zeta_y       0.00000e+00   constant   
  19  zeta_vw      0.00000e+00   constant   
  20  T_CBO        2.43832e+01   6.03986e+00   1.16656e-03  -2.63744e+01
  21  alpha_A0     2.21500e+00   5.04307e+00  -5.80436e-02  -3.50945e-02
  22  beta_A0     -2.72140e+00   6.59866e+00   1.28751e-01   3.68683e-02
  23  alpha_phi   -7.56515e-01   2.47446e+00  -2.53362e-02  -4.18960e-02
  24  beta_phi    -3.53992e+00   7.97232e+00   2.60872e-01   8.89539e-02
 CALL LIMIT EXCEEDED IN MIGRAD.
 MIGRAD TERMINATED WITHOUT CONVERGENCE.
 FCN=46.6641 FROM MIGRAD    STATUS=CALL LIMIT   1919 CALLS        6324 TOTAL
                     EDM=0.000908528    STRATEGY= 1  ERROR MATRIX UNCERTAINTY   0.2 per cent
  EXT PARAMETER                APPROXIMATE        STEP         FIRST   
  NO.   NAME      VALUE            ERROR          SIZE      DERIVATIVE 
   1  N0           2.88816e+06   4.91423e+02  -3.72320e-01   1.71084e-06
   2  tau          6.43977e+01   constant   
   3  A0           3.56231e-01   2.28064e-04  -1.36476e-07   1.39924e+01
   4  phi          4.11705e+00   7.04589e-04  -1.04417e-06  -6.40918e-01
   5  R           -6.10082e+01   constant   
   6  alpha_CBO   -2.58855e-03   2.31710e-04  -7.11884e-08   3.98832e+00
   7  w_CBO        2.32500e+00   constant   
   8  beta_CBO    -3.17556e-03   2.49216e-04  -6.58824e-08   1.99472e+01
   9  alpha_2CBO  -2.12400e-04   2.38570e-04  -4.28982e-07   1.69971e+01
  10  beta_2CBO   -4.62808e-04     fixed    
  11  alpha_y      0.00000e+00     fixed    
  12  w_y          1.38860e+01   constant   
  13  beta_y      -4.41980e-04     fixed    
  14  alpha_vw     0.00000e+00     fixed    
  15  w_vw         1.43404e+01   constant   
  16  beta_vw      0.00000e+00     fixed    
  17  LM          -2.57919e-04   constant   
  18  zeta_y       0.00000e+00   constant   
  19  zeta_vw      0.00000e+00   constant   
  20  T_CBO        6.21715e+01   2.40632e+01  -1.69499e-03  -1.09837e+00
  21  alpha_A0     2.19431e-02   3.12031e-02   6.76966e-04   2.93029e-02
  22  beta_A0     -2.73764e-02   4.49881e-02  -8.71057e-04   1.57852e+00
  23  alpha_phi   -9.01319e-03   2.49528e-02  -8.52990e-05  -5.46605e-01
  24  beta_phi    -3.56405e-02   4.81151e-02  -9.32602e-04   6.30785e-01
 EXTERNAL ERROR MATRIX.    NDIM=  25    NPAR= 11    ERR DEF=1
  2.415e+05 
 -5.502e-03  5.201e-08 
 -5.260e-03 -9.612e-09  4.964e-07 
 -2.154e-03  8.951e-10 -2.023e-08  5.369e-08 
  1.095e-02  9.339e-09 -2.362e-08 -7.969e-10  6.211e-08 
 -3.671e-03 -2.594e-09  1.391e-08 -3.571e-09 -5.616e-09  5.692e-08 
 -3.217e+02  5.170e-04  1.022e-03  3.230e-05  2.161e-04  3.141e-04  5.810e+02 
 -2.453e+00  1.759e-07 -2.387e-06  1.091e-08 -2.227e-07 -1.347e-06 -5.221e-01  9.736e-04 
 -2.115e+00  1.185e-06  3.699e-06 -2.096e-08 -1.846e-07  6.387e-07  9.894e-01 -8.711e-04  2.024e-03 
 -1.383e+00  9.921e-07  2.543e-06 -3.287e-07 -2.710e-08  3.345e-08  2.519e-01 -1.329e-04  6.084e-04  6.226e-04 
  1.620e+00  2.574e-08  1.811e-06 -8.300e-08  4.432e-08 -9.417e-08  1.035e+00 -9.150e-04  1.587e-03  3.207e-04  2.315e-03 
ERR MATRIX APPROXIMATE
 PARAMETER  CORRELATION COEFFICIENTS  
       NO.  GLOBAL      1      3      4      6      8      9     20     21     22     23     24
        1  0.35372   1.000 -0.049 -0.015 -0.019  0.089 -0.031 -0.027 -0.160 -0.096 -0.113  0.069
        3  0.30434  -0.049  1.000 -0.060  0.017  0.164 -0.048  0.094  0.025  0.115  0.174  0.002
        4  0.28736  -0.015 -0.060  1.000 -0.124 -0.134  0.083  0.060 -0.109  0.117  0.145  0.053
        6  0.16086  -0.019  0.017 -0.124  1.000 -0.014 -0.065  0.006  0.002 -0.002 -0.057 -0.007
        8  0.29066   0.089  0.164 -0.134 -0.014  1.000 -0.094  0.036 -0.029 -0.016 -0.004  0.004
        9  0.28335  -0.031 -0.048  0.083 -0.065 -0.094  1.000  0.055 -0.181  0.060  0.006 -0.008
       20  0.97472  -0.027  0.094  0.060  0.006  0.036  0.055  1.000 -0.694  0.912  0.419  0.893
       21  0.75074  -0.160  0.025 -0.109  0.002 -0.029 -0.181 -0.694  1.000 -0.621 -0.171 -0.609
       22  0.94237  -0.096  0.115  0.117 -0.002 -0.016  0.060  0.912 -0.621  1.000  0.542  0.733
       23  0.61084  -0.113  0.174  0.145 -0.057 -0.004  0.006  0.419 -0.171  0.542  1.000  0.267
       24  0.92362   0.069  0.002  0.053 -0.007  0.004 -0.008  0.893 -0.609  0.733  0.267  1.000
 ERR MATRIX APPROXIMATE
MINUIT - FIT ONLY 1-y
 **********
 **   51 **RES 
 **********
                   PARAMETER   16  beta_vw RESTORED TO VARIABLE.
                   PARAMETER   14  alpha_vw RESTORED TO VARIABLE.
                   PARAMETER   13  beta_y RESTORED TO VARIABLE.
                   PARAMETER   11  alpha_y RESTORED TO VARIABLE.
                   PARAMETER   10  beta_2CBO RESTORED TO VARIABLE.
 **********
 **   52 **FIX            0
 **********
 PARAMETER    0  IS UNDEFINED. IGNORED.
 **********
 **   53 **FIX            1
 **********
 **********
 **   54 **FIX            2
 **********
 PARAMETER    2  IS CONSTANT.   IGNORED.
 **********
 **   55 **FIX            3
 **********
 **********
 **   56 **FIX            4
 **********
 **********
 **   57 **FIX            5
 **********
 PARAMETER    5  IS CONSTANT.   IGNORED.
 **********
 **   58 **FIX            6
 **********
 **********
 **   59 **FIX            7
 **********
 PARAMETER    7  IS CONSTANT.   IGNORED.
 **********
 **   60 **FIX            8
 **********
 **********
 **   61 **FIX            9
 **********
 **********
 **   62 **FIX           13
 **********
 **********
 **   63 **FIX           14
 **********
 **********
 **   64 **FIX           15
 **********
 PARAMETER   15  IS CONSTANT.   IGNORED.
 **********
 **   65 **FIX           16
 **********
 **********
 **   66 **MIGRAD
 **********
 START MIGRAD MINIMIZATION.  STRATEGY  1.  CONVERGENCE WHEN EDM .LT. 1.00e-04
 FCN=46.6641 FROM MIGRAD    STATUS=INITIATE       16 CALLS        6340 TOTAL
                     EDM= unknown      STRATEGY= 1      NO ERROR MATRIX       
  EXT PARAMETER               CURRENT GUESS       STEP         FIRST   
  NO.   NAME      VALUE            ERROR          SIZE      DERIVATIVE 
   1  N0           2.88816e+06     fixed    
   2  tau          6.43977e+01   constant   
   3  A0           3.56231e-01     fixed    
   4  phi          4.11705e+00     fixed    
   5  R           -6.10082e+01   constant   
   6  alpha_CBO   -2.58855e-03     fixed    
   7  w_CBO        2.32500e+00   constant   
   8  beta_CBO    -3.17556e-03     fixed    
   9  alpha_2CBO  -2.12400e-04     fixed    
  10  beta_2CBO   -4.62808e-04   2.36378e-04   2.36378e-04  -4.93786e+03
  11  alpha_y      0.00000e+00   1.00000e-03   1.00000e-03   1.59642e+03
  12  w_y          1.38860e+01   constant   
  13  beta_y      -4.41980e-04     fixed    
  14  alpha_vw     0.00000e+00     fixed    
  15  w_vw         1.43404e+01   constant   
  16  beta_vw      0.00000e+00     fixed    
  17  LM          -2.57919e-04   constant   
  18  zeta_y       0.00000e+00   constant   
  19  zeta_vw      0.00000e+00   constant   
  20  T_CBO        6.21715e+01   2.40632e+01  -1.69499e-03  -1.09837e+00
  21  alpha_A0     2.19431e-02   3.12031e-02   6.76966e-04   2.93015e-02
  22  beta_A0     -2.73764e-02   4.49881e-02  -8.71057e-04   1.57852e+00
  23  alpha_phi   -9.01319e-03   2.49528e-02  -8.52990e-05  -5.46605e-01
  24  beta_phi    -3.56405e-02   4.81151e-02  -9.32602e-04   6.30785e-01
 CALL LIMIT EXCEEDED IN MIGRAD.
 MIGRAD TERMINATED WITHOUT CONVERGENCE.
 FCN=46.1534 FROM MIGRAD    STATUS=CALL LIMIT   1158 CALLS        7482 TOTAL
                     EDM=0.00051634    STRATEGY= 1  ERROR MATRIX UNCERTAINTY  24.9 per cent
  EXT PARAMETER                APPROXIMATE        STEP         FIRST   
  NO.   NAME      VALUE            ERROR          SIZE      DERIVATIVE 
   1  N0           2.88816e+06     fixed    
   2  tau          6.43977e+01   constant   
   3  A0           3.56231e-01     fixed    
   4  phi          4.11705e+00     fixed    
   5  R           -6.10082e+01   constant   
   6  alpha_CBO   -2.58855e-03     fixed    
   7  w_CBO        2.32500e+00   constant   
   8  beta_CBO    -3.17556e-03     fixed    
   9  alpha_2CBO  -2.12400e-04     fixed    
  10  beta_2CBO   -3.08818e-04   2.40665e-04  -1.01909e-07  -1.71551e+00
  11  alpha_y     -4.51225e-05   2.30081e-04  -3.77730e-07  -7.19621e+01
  12  w_y          1.38860e+01   constant   
  13  beta_y      -4.41980e-04     fixed    
  14  alpha_vw     0.00000e+00     fixed    
  15  w_vw         1.43404e+01   constant   
  16  beta_vw      0.00000e+00     fixed    
  17  LM          -2.57919e-04   constant   
  18  zeta_y       0.00000e+00   constant   
  19  zeta_vw      0.00000e+00   constant   
  20  T_CBO        7.30652e+02   6.31654e+02   1.10152e-02  -4.92499e-03
  21  alpha_A0     1.48937e-03   2.03982e-03   3.77790e-06  -7.00784e+00
  22  beta_A0     -2.06846e-03   2.23228e-03  -6.41677e-06  -1.15734e+00
  23  alpha_phi   -5.04421e-04   1.25973e-03  -2.77081e-06  -6.93954e+00
  24  beta_phi    -2.48963e-03   2.16236e-03  -1.22717e-05  -2.01031e+00
 EXTERNAL ERROR MATRIX.    NDIM=  25    NPAR=  7    ERR DEF=1
  5.792e-08  6.219e-10 -1.297e-02 -2.163e-08 -6.771e-08  4.028e-08 -2.294e-08 
  6.219e-10  5.294e-08 -2.274e-01  8.526e-08 -1.660e-07 -6.476e-08 -1.925e-07 
 -1.297e-02 -2.274e-01  4.992e+06 -3.329e+00  3.716e+00  4.414e-01  3.886e+00 
 -2.163e-08  8.526e-08 -3.329e+00  4.161e-06 -2.425e-06 -5.927e-07 -2.558e-06 
 -6.771e-08 -1.660e-07  3.716e+00 -2.425e-06  4.983e-06  6.206e-08  2.569e-06 
  4.028e-08 -6.476e-08  4.414e-01 -5.927e-07  6.206e-08  1.587e-06  2.131e-07 
 -2.294e-08 -1.925e-07  3.886e+00 -2.558e-06  2.569e-06  2.131e-07  4.676e-06 
ERR MATRIX APPROXIMATE
 PARAMETER  CORRELATION COEFFICIENTS  
       NO.  GLOBAL     10     11     20     21     22     23     24
       10  0.21947   1.000  0.011 -0.024 -0.044 -0.126  0.133 -0.044
       11  0.53032   0.011  1.000 -0.442  0.182 -0.323 -0.223 -0.387
       20  0.92010  -0.024 -0.442  1.000 -0.730  0.745  0.157  0.804
       21  0.76296  -0.044  0.182 -0.730  1.000 -0.533 -0.231 -0.580
       22  0.76758  -0.126 -0.323  0.745 -0.533  1.000  0.022  0.532
       23  0.37348   0.133 -0.223  0.157 -0.231  0.022  1.000  0.078
       24  0.81522  -0.044 -0.387  0.804 -0.580  0.532  0.078  1.000
 ERR MATRIX APPROXIMATE
MINUIT - FIT ONLY 2-y
 **********
 **   67 **RES 
 **********
                   PARAMETER   16  beta_vw RESTORED TO VARIABLE.
                   PARAMETER   14  alpha_vw RESTORED TO VARIABLE.
                   PARAMETER   13  beta_y RESTORED TO VARIABLE.
                   PARAMETER    9  alpha_2CBO RESTORED TO VARIABLE.
                   PARAMETER    8  beta_CBO RESTORED TO VARIABLE.
                   PARAMETER    6  alpha_CBO RESTORED TO VARIABLE.
                   PARAMETER    4  phi RESTORED TO VARIABLE.
                   PARAMETER    3  A0 RESTORED TO VARIABLE.
                   PARAMETER    1  N0 RESTORED TO VARIABLE.
 **********
 **   68 **FIX            0
 **********
 PARAMETER    0  IS UNDEFINED. IGNORED.
 **********
 **   69 **FIX            1
 **********
 **********
 **   70 **FIX            2
 **********
 PARAMETER    2  IS CONSTANT.   IGNORED.
 **********
 **   71 **FIX            3
 **********
 **********
 **   72 **FIX            4
 **********
 **********
 **   73 **FIX            5
 **********
 PARAMETER    5  IS CONSTANT.   IGNORED.
 **********
 **   74 **FIX            6
 **********
 **********
 **   75 **FIX            7
 **********
 PARAMETER    7  IS CONSTANT.   IGNORED.
 **********
 **   76 **FIX            8
 **********
 **********
 **   77 **FIX            9
 **********
 **********
 **   78 **FIX           10
 **********
 **********
 **   79 **FIX           11
 **********
 **********
 **   80 **FIX           12
 **********
 PARAMETER   12  IS CONSTANT.   IGNORED.
 **********
 **   81 **FIX           16
 **********
 **********
 **   82 **MIGRAD
 **********
 START MIGRAD MINIMIZATION.  STRATEGY  1.  CONVERGENCE WHEN EDM .LT. 1.00e-04
 FCN=46.1534 FROM MIGRAD    STATUS=INITIATE       16 CALLS        7498 TOTAL
                     EDM= unknown      STRATEGY= 1      NO ERROR MATRIX       
  EXT PARAMETER               CURRENT GUESS       STEP         FIRST   
  NO.   NAME      VALUE            ERROR          SIZE      DERIVATIVE 
   1  N0           2.88816e+06     fixed    
   2  tau          6.43977e+01   constant   
   3  A0           3.56231e-01     fixed    
   4  phi          4.11705e+00     fixed    
   5  R           -6.10082e+01   constant   
   6  alpha_CBO   -2.58855e-03     fixed    
   7  w_CBO        2.32500e+00   constant   
   8  beta_CBO    -3.17556e-03     fixed    
   9  alpha_2CBO  -2.12400e-04     fixed    
  10  beta_2CBO   -3.08818e-04     fixed    
  11  alpha_y     -4.51225e-05     fixed    
  12  w_y          1.38860e+01   constant   
  13  beta_y      -4.41980e-04   2.41173e-04   2.41173e-04  -1.20579e+03
  14  alpha_vw     0.00000e+00   1.00000e-03   1.00000e-03   2.84931e+03
  15  w_vw         1.43404e+01   constant   
  16  beta_vw      0.00000e+00     fixed    
  17  LM          -2.57919e-04   constant   
  18  zeta_y       0.00000e+00   constant   
  19  zeta_vw      0.00000e+00   constant   
  20  T_CBO        7.30652e+02   6.31654e+02   1.10152e-02  -4.92638e-03
  21  alpha_A0     1.48937e-03   2.03982e-03   3.77790e-06  -7.00782e+00
  22  beta_A0     -2.06846e-03   2.23228e-03  -6.41677e-06  -1.15734e+00
  23  alpha_phi   -5.04421e-04   1.25973e-03  -2.77081e-06  -6.93954e+00
  24  beta_phi    -2.48963e-03   2.16236e-03  -1.22717e-05  -2.01031e+00
 MIGRAD MINIMIZATION HAS CONVERGED.
 MIGRAD WILL VERIFY CONVERGENCE AND ERROR MATRIX.
 COVARIANCE MATRIX CALCULATED SUCCESSFULLY
 FCN=46.0285 FROM MIGRAD    STATUS=CONVERGED     271 CALLS        7753 TOTAL
                     EDM=7.09507e-06    STRATEGY= 1      ERROR MATRIX ACCURATE 
  EXT PARAMETER                                   STEP         FIRST   
  NO.   NAME      VALUE            ERROR          SIZE      DERIVATIVE 
   1  N0           2.88816e+06     fixed    
   2  tau          6.43977e+01   constant   
   3  A0           3.56231e-01     fixed    
   4  phi          4.11705e+00     fixed    
   5  R           -6.10082e+01   constant   
   6  alpha_CBO   -2.58855e-03     fixed    
   7  w_CBO        2.32500e+00   constant   
   8  beta_CBO    -3.17556e-03     fixed    
   9  alpha_2CBO  -2.12400e-04     fixed    
  10  beta_2CBO   -3.08818e-04     fixed    
  11  alpha_y     -4.51225e-05     fixed    
  12  w_y          1.38860e+01   constant   
  13  beta_y      -4.23153e-04   2.44549e-04   8.01711e-07   1.99234e-01
  14  alpha_vw    -7.81412e-05   2.44911e-04   8.03138e-07   1.49766e-02
  15  w_vw         1.43404e+01   constant   
  16  beta_vw      0.00000e+00     fixed    
  17  LM          -2.57919e-04   constant   
  18  zeta_y       0.00000e+00   constant   
  19  zeta_vw      0.00000e+00   constant   
  20  T_CBO        9.99462e+02   6.49849e+02   6.69339e-02  -1.40952e-04
  21  alpha_A0     1.39961e-03   1.19652e-03   3.99727e-06   8.69304e-01
  22  beta_A0     -1.93451e-03   1.16695e-03   3.89385e-06   1.14095e+00
  23  alpha_phi   -4.68544e-04   1.05524e-03   3.52642e-06  -2.23799e-01
  24  beta_phi    -2.32787e-03   1.12742e-03   3.75851e-06  -1.28503e-01
 EXTERNAL ERROR MATRIX.    NDIM=  25    NPAR=  7    ERR DEF=1
  5.980e-08  1.211e-08  5.819e-06 -2.852e-10 -7.411e-09  9.552e-10 -1.117e-09 
  1.211e-08  5.998e-08  2.392e-06 -1.982e-10 -2.765e-09  1.304e-09 -1.477e-10 
  5.819e-06  2.392e-06  3.079e+05 -2.179e-02  2.998e-02  7.384e-03  3.637e-02 
 -2.852e-10 -1.982e-10 -2.179e-02  1.432e-06 -2.656e-08  2.491e-08 -7.414e-08 
 -7.411e-09 -2.765e-09  2.998e-02 -2.656e-08  1.362e-06 -5.812e-08 -4.515e-08 
  9.552e-10  1.304e-09  7.384e-03  2.491e-08 -5.812e-08  1.114e-06 -3.787e-08 
 -1.117e-09 -1.477e-10  3.637e-02 -7.414e-08 -4.515e-08 -3.787e-08  1.271e-06 
 PARAMETER  CORRELATION COEFFICIENTS  
       NO.  GLOBAL     13     14     20     21     22     23     24
       13  0.20366   1.000  0.202  0.000 -0.001 -0.026  0.004 -0.004
       14  0.20226   0.202  1.000  0.000 -0.001 -0.010  0.005 -0.001
       20  0.08270   0.000  0.000  1.000 -0.033  0.046  0.013  0.058
       21  0.06776  -0.001 -0.001 -0.033  1.000 -0.019  0.020 -0.055
       22  0.08343  -0.026 -0.010  0.046 -0.019  1.000 -0.047 -0.034
       23  0.06293   0.004  0.005  0.013  0.020 -0.047  1.000 -0.032
