 + ++++++++++++++++++++++++++++++++++++++++++++++++++++++++++++++++++++ +
 +                                                                      +
 +           You have chose to blind your fitting according to          +
 +                omega_ref * (1 + (R +/- deltaR) *10^{-6})             +
 +                                                                      +
 + ++++++++++++++++++++++++++++++++++++++++++++++++++++++++++++++++++++ +
In main()...
reading format from /gm2data/zkhechad/run45/envelope/formats/formatB_sBin_constraintOn.txt
pBinTau 	= 0  
pBinPhi 	= 0  
constraintau 	= 1 
includeMopTerm 	= 0    
constrainMop    = 0   
Parameters after format file: pBinTau 0 pBinPhi 0 constraintau 1 includeMopTerm 0 constrainMop 0 c_e_scale 0.000000 
Opening file /gm2data/tbarrett/gm2fr/studies/run23_bunch_corrections/CorrectedFourier_Run3b.root.
reading full fit data from /gm2data/zkhechad/cboTemplates/Run4CBOTemplates/fullFits/noRF/sBin_constraintOn_cE0.0_seed0_noRF_calo15.root
windowBins = 69
fitting sliding window 1190 from bin 1326 at 197.690000 to bin 1395 at 208.134000 (69 bins)

Reading data from /gm2data/cornell/histograms/aMethod/histogram_a_noRF.root
 **********
 **    1 **SET PRINTOUT            1
 **********
 **********
 **    2 **SET NOWARNINGS 
 **********
 PARAMETER DEFINITIONS:
    NO.   NAME         VALUE      STEP SIZE      LIMITS
     1 N0           3.09348e+06  1.00000e+02     no limits
     2 tau          6.43983e+01  constant
     3 A0           3.54040e-01  1.00000e-04     no limits
     4 phi          4.11948e+00  1.00000e-02     no limits
     5 R           -6.00563e+01  constant
     6 alpha_CBO    0.00000e+00  1.00000e-03     no limits
     7 w_CBO        2.32500e+00  constant
     8 beta_CBO     0.00000e+00  1.00000e-03     no limits
     9 alpha_2CBO   0.00000e+00  1.00000e-03     no limits
    10 beta_2CBO    0.00000e+00  1.00000e-03     no limits
    11 alpha_y      0.00000e+00  1.00000e-03     no limits
    12 w_y          1.38860e+01  constant
    13 beta_y       0.00000e+00  1.00000e-03     no limits
    14 alpha_vw     0.00000e+00  1.00000e-03     no limits
    15 w_vw         1.43404e+01  constant
    16 beta_vw      0.00000e+00  1.00000e-03     no limits
    17 LM          -1.62209e-04  constant
    18 zeta_y       0.00000e+00  constant
    19 zeta_vw      0.00000e+00  constant
    20 T_CBO        1.00000e+02  1.00000e+00    0.00000e+00  1.00000e+03
    21 alpha_A0     0.00000e+00  1.00000e-04   -1.00000e-02  1.00000e-02
    22 beta_A0      0.00000e+00  1.00000e-04   -1.00000e-02  1.00000e-02
    23 alpha_phi    0.00000e+00  1.00000e-04   -1.00000e-02  1.00000e-02
    24 beta_phi     0.00000e+00  1.00000e-04   -1.00000e-02  1.00000e-02
MINUIT - FIT ONLY WIGGLE
 **********
 **    3 **FIX            5
 **********
 PARAMETER    5  IS CONSTANT.   IGNORED.
 **********
 **    4 **FIX            6
 **********
 **********
 **    5 **FIX            7
 **********
 PARAMETER    7  IS CONSTANT.   IGNORED.
 **********
 **    6 **FIX            8
 **********
 **********
 **    7 **FIX            9
 **********
 **********
 **    8 **FIX           10
 **********
 **********
 **    9 **FIX           11
 **********
 **********
 **   10 **FIX           12
 **********
 PARAMETER   12  IS CONSTANT.   IGNORED.
 **********
 **   11 **FIX           13
 **********
 **********
 **   12 **FIX           14
 **********
 **********
 **   13 **FIX           15
 **********
 PARAMETER   15  IS CONSTANT.   IGNORED.
 **********
 **   14 **FIX           16
 **********
 **********
 **   15 **MIGRAD
 **********
 FIRST CALL TO USER FUNCTION AT NEW START POINT, WITH IFLAG=4.
 START MIGRAD MINIMIZATION.  STRATEGY  1.  CONVERGENCE WHEN EDM .LT. 1.00e-04
 FCN=205.405 FROM MIGRAD    STATUS=INITIATE      437 CALLS         438 TOTAL
                     EDM= unknown      STRATEGY= 1      NO ERROR MATRIX       
  EXT PARAMETER               CURRENT GUESS       STEP         FIRST   
  NO.   NAME      VALUE            ERROR          SIZE      DERIVATIVE 
   1  N0           3.09348e+06   1.00000e+02   0.00000e+00   7.07321e-03
   2  tau          6.43983e+01   constant   
   3  A0           3.54040e-01   1.00000e-04   0.00000e+00  -5.87768e+03
   4  phi          4.11948e+00   1.00000e-02   0.00000e+00   2.19283e+03
   5  R           -6.00563e+01   constant   
   6  alpha_CBO    0.00000e+00     fixed    
   7  w_CBO        2.32500e+00   constant   
   8  beta_CBO     0.00000e+00     fixed    
   9  alpha_2CBO   0.00000e+00     fixed    
  10  beta_2CBO    0.00000e+00     fixed    
  11  alpha_y      0.00000e+00     fixed    
  12  w_y          1.38860e+01   constant   
  13  beta_y       0.00000e+00     fixed    
  14  alpha_vw     0.00000e+00     fixed    
  15  w_vw         1.43404e+01   constant   
  16  beta_vw      0.00000e+00     fixed    
  17  LM          -1.62209e-04   constant   
  18  zeta_y       0.00000e+00   constant   
  19  zeta_vw      0.00000e+00   constant   
  20  T_CBO        1.00000e+02   1.00000e+00   0.00000e+00   0.00000e+00
  21  alpha_A0     0.00000e+00   1.00000e-04   0.00000e+00   4.09291e+00
  22  beta_A0      0.00000e+00   1.00000e-04   0.00000e+00   6.63314e+00
  23  alpha_phi    0.00000e+00   1.00000e-04   0.00000e+00  -3.60885e+00
  24  beta_phi     0.00000e+00   1.00000e-04   0.00000e+00  -4.86542e+00
 MIGRAD MINIMIZATION HAS CONVERGED.
 FCN=184.872 FROM MIGRAD    STATUS=CONVERGED     758 CALLS         759 TOTAL
                     EDM=7.17093e-06    STRATEGY= 1  ERROR MATRIX UNCERTAINTY   4.7 per cent
  EXT PARAMETER                                   STEP         FIRST   
  NO.   NAME      VALUE            ERROR          SIZE      DERIVATIVE 
   1  N0           3.09241e+06   6.18899e+02  -6.61486e-01  -4.17710e-06
   2  tau          6.43983e+01   constant   
   3  A0           3.54227e-01   2.82017e-04  -2.64417e-07   3.86400e+00
   4  phi          4.11891e+00   7.59548e-04  -1.24562e-06  -6.05223e-01
   5  R           -6.00563e+01   constant   
   6  alpha_CBO    0.00000e+00     fixed    
   7  w_CBO        2.32500e+00   constant   
   8  beta_CBO     0.00000e+00     fixed    
   9  alpha_2CBO   0.00000e+00     fixed    
  10  beta_2CBO    0.00000e+00     fixed    
  11  alpha_y      0.00000e+00     fixed    
  12  w_y          1.38860e+01   constant   
  13  beta_y       0.00000e+00     fixed    
  14  alpha_vw     0.00000e+00     fixed    
  15  w_vw         1.43404e+01   constant   
  16  beta_vw      0.00000e+00     fixed    
  17  LM          -1.62209e-04   constant   
  18  zeta_y       0.00000e+00   constant   
  19  zeta_vw      0.00000e+00   constant   
  20  T_CBO        1.68671e+02   5.06186e+01  -8.90398e-05  -3.19229e-02
  21  alpha_A0    -5.27869e-03   4.02609e-03   3.58413e-04   3.35920e-03
  22  beta_A0     -9.99997e-03   1.91559e-02   2.58364e-02  -3.28007e-04
  23  alpha_phi    5.32614e-03   4.11607e-03  -2.33880e-04  -1.11094e-03
  24  beta_phi     6.00412e-03   3.93025e-03   4.98362e-04   2.11875e-03
 EXTERNAL ERROR MATRIX.    NDIM=  25    NPAR=  8    ERR DEF=1
  3.830e+05 -1.337e-02  3.568e-02 -1.251e+03 -4.652e-01 -2.567e-03 -1.552e-01  6.315e-01 
 -1.337e-02  7.953e-08 -3.332e-09 -1.612e-03  3.540e-08  2.718e-11  2.943e-07 -5.960e-08 
  3.568e-02 -3.332e-09  5.769e-07 -6.063e-04 -1.294e-07 -1.581e-09  1.528e-07  2.638e-07 
 -1.251e+03 -1.612e-03 -6.063e-04  2.578e+03  9.231e-02 -8.450e-04 -1.066e-01 -9.342e-02 
 -4.652e-01  3.540e-08 -1.294e-07  9.231e-02  1.759e-05 -2.810e-08 -2.219e-06 -4.415e-06 
 -2.567e-03  2.718e-11 -1.581e-09 -8.450e-04 -2.810e-08  7.366e-09  3.375e-08  3.292e-08 
 -1.552e-01  2.943e-07  1.528e-07 -1.066e-01 -2.219e-06  3.375e-08  1.848e-05  2.571e-06 
  6.315e-01 -5.960e-08  2.638e-07 -9.342e-02 -4.415e-06  3.292e-08  2.571e-06  1.688e-05 
 PARAMETER  CORRELATION COEFFICIENTS  
       NO.  GLOBAL      1      3      4     20     21     22     23     24
        1  0.32073   1.000 -0.077  0.076 -0.040 -0.179 -0.048 -0.058  0.248
        3  0.26988  -0.077  1.000 -0.016 -0.113  0.030  0.001  0.243 -0.051
        4  0.12510   0.076 -0.016  1.000 -0.016 -0.041 -0.024  0.047  0.085
       20  0.69778  -0.040 -0.113 -0.016  1.000  0.433 -0.194 -0.488 -0.448
       21  0.47444  -0.179  0.030 -0.041  0.433  1.000 -0.078 -0.123 -0.256
       22  0.20597  -0.048  0.001 -0.024 -0.194 -0.078  1.000  0.091  0.093
       23  0.53676  -0.058  0.243  0.047 -0.488 -0.123  0.091  1.000  0.146
       24  0.51714   0.248 -0.051  0.085 -0.448 -0.256  0.093  0.146  1.000
MINUIT - FIT ONLY 1-CBO + wiggle
 **********
 **   16 **RES 
 **********
                   PARAMETER   16  beta_vw RESTORED TO VARIABLE.
                   PARAMETER   14  alpha_vw RESTORED TO VARIABLE.
                   PARAMETER   13  beta_y RESTORED TO VARIABLE.
                   PARAMETER   11  alpha_y RESTORED TO VARIABLE.
                   PARAMETER   10  beta_2CBO RESTORED TO VARIABLE.
                   PARAMETER    9  alpha_2CBO RESTORED TO VARIABLE.
                   PARAMETER    8  beta_CBO RESTORED TO VARIABLE.
                   PARAMETER    6  alpha_CBO RESTORED TO VARIABLE.
 **********
 **   17 **FIX            8
 **********
 **********
 **   18 **FIX            9
 **********
 **********
 **   19 **FIX           11
 **********
 **********
 **   20 **FIX           12
 **********
 PARAMETER   12  IS CONSTANT.   IGNORED.
 **********
 **   21 **FIX           14
 **********
 **********
 **   22 **FIX           15
 **********
 PARAMETER   15  IS CONSTANT.   IGNORED.
 **********
 **   23 **FIX           16
 **********
 **********
 **   24 **MIGRAD
 **********
 START MIGRAD MINIMIZATION.  STRATEGY  1.  CONVERGENCE WHEN EDM .LT. 1.00e-04
 FCN=184.872 FROM MIGRAD    STATUS=INITIATE       28 CALLS         787 TOTAL
                     EDM= unknown      STRATEGY= 1      NO ERROR MATRIX       
  EXT PARAMETER               CURRENT GUESS       STEP         FIRST   
  NO.   NAME      VALUE            ERROR          SIZE      DERIVATIVE 
   1  N0           3.09241e+06   6.18899e+02  -6.61486e-01  -4.17710e-06
   2  tau          6.43983e+01   constant   
   3  A0           3.54227e-01   2.82017e-04  -2.64417e-07   3.86400e+00
   4  phi          4.11891e+00   7.59548e-04  -1.24562e-06  -6.05224e-01
   5  R           -6.00563e+01   constant   
   6  alpha_CBO    0.00000e+00   1.00000e-03   1.00000e-03  -6.36707e+04
   7  w_CBO        2.32500e+00   constant   
   8  beta_CBO     0.00000e+00     fixed    
   9  alpha_2CBO   0.00000e+00     fixed    
  10  beta_2CBO    0.00000e+00   1.00000e-03   1.00000e-03   2.41632e+04
  11  alpha_y      0.00000e+00     fixed    
  12  w_y          1.38860e+01   constant   
  13  beta_y       0.00000e+00   1.00000e-03   1.00000e-03  -5.12767e+03
  14  alpha_vw     0.00000e+00     fixed    
  15  w_vw         1.43404e+01   constant   
  16  beta_vw      0.00000e+00     fixed    
  17  LM          -1.62209e-04   constant   
  18  zeta_y       0.00000e+00   constant   
  19  zeta_vw      0.00000e+00   constant   
  20  T_CBO        1.68671e+02   5.06186e+01  -8.90398e-05  -3.19227e-02
  21  alpha_A0    -5.27869e-03   4.02609e-03   3.58413e-04   3.35914e-03
  22  beta_A0     -9.99997e-03   1.91559e-02   2.58364e-02   3.29104e-04
  23  alpha_phi    5.32614e-03   4.11607e-03  -2.33880e-04  -1.11094e-03
  24  beta_phi     6.00412e-03   3.93025e-03   4.98362e-04   2.11870e-03
 MIGRAD MINIMIZATION HAS CONVERGED.
 FCN=88.8095 FROM MIGRAD    STATUS=CONVERGED     176 CALLS         935 TOTAL
                     EDM=7.76373e-06    STRATEGY= 1  ERROR MATRIX UNCERTAINTY   2.2 per cent
  EXT PARAMETER                                   STEP         FIRST   
  NO.   NAME      VALUE            ERROR          SIZE      DERIVATIVE 
   1  N0           3.09247e+06   5.96503e+02   5.16716e-01  -2.90946e-06
   2  tau          6.43983e+01   constant   
   3  A0           3.54110e-01   2.64732e-04   1.10163e-06   1.54602e+01
   4  phi          4.11748e+00   7.76710e-04   1.02448e-07   7.00419e-01
   5  R           -6.00563e+01   constant   
   6  alpha_CBO    2.69466e-03   2.91458e-04  -5.47758e-07   2.23000e-01
   7  w_CBO        2.32500e+00   constant   
   8  beta_CBO     0.00000e+00     fixed    
   9  alpha_2CBO   0.00000e+00     fixed    
  10  beta_2CBO   -8.16737e-04   2.74507e-04  -5.39524e-08  -5.70327e+00
  11  alpha_y      0.00000e+00     fixed    
  12  w_y          1.38860e+01   constant   
  13  beta_y       1.60323e-04   2.84081e-04   1.74080e-07   3.56610e+00
  14  alpha_vw     0.00000e+00     fixed    
  15  w_vw         1.43404e+01   constant   
  16  beta_vw      0.00000e+00     fixed    
  17  LM          -1.62209e-04   constant   
  18  zeta_y       0.00000e+00   constant   
  19  zeta_vw      0.00000e+00   constant   
  20  T_CBO        1.50566e+02   4.53589e+01  -1.03791e-03   3.77783e-03
  21  alpha_A0    -1.49756e-03   4.09927e-03  -3.05713e-04   2.36239e-03
  22  beta_A0     -9.99948e-03   1.90374e-02   5.76036e-03   2.21199e-04
  23  alpha_phi    2.95650e-03   3.98556e-03   4.41178e-04  -9.86257e-04
  24  beta_phi     7.92714e-03   4.46004e-03   7.61720e-03  -1.54092e-03
 EXTERNAL ERROR MATRIX.    NDIM=  25    NPAR= 11    ERR DEF=1
  3.558e+05 
  8.778e-03  7.008e-08 
  4.023e-02  7.713e-09  6.033e-07 
  9.674e-06 -1.578e-09 -4.572e-08  8.495e-08 
  1.431e-03 -1.812e-09 -5.619e-09  1.964e-09  7.535e-08 
  1.341e-04 -2.723e-10  1.958e-09 -7.402e-10  2.183e-10  8.070e-08 
 -1.255e+03 -4.667e-04  1.234e-04  1.120e-04  1.514e-03 -2.652e-04  2.069e+03 
 -2.721e-01 -1.940e-08  2.748e-09  1.313e-07 -1.866e-09 -9.104e-09  1.908e-02  1.787e-05 
  3.724e-03 -8.559e-10  1.306e-09  1.545e-10 -1.447e-09  1.789e-10 -1.047e-03 -9.885e-09  1.481e-07 
  9.212e-02  6.814e-08  2.317e-07 -6.666e-08  3.994e-08  1.071e-08 -4.693e-02  5.334e-09  4.691e-08  1.690e-05 
  3.484e-01  5.973e-08  8.128e-08 -3.727e-11 -1.099e-07  3.560e-08 -1.389e-01 -7.371e-07  1.423e-07  3.785e-06  2.503e-05 
 PARAMETER  CORRELATION COEFFICIENTS  
       NO.  GLOBAL      1      3      4      6     10     13     20     21     22     23     24
        1  0.19188   1.000  0.056  0.087  0.000  0.009  0.001 -0.046 -0.108  0.016  0.038  0.117
        3  0.09709   0.056  1.000  0.038 -0.020 -0.025 -0.004 -0.039 -0.017 -0.008  0.063  0.045
        4  0.23428   0.087  0.038  1.000 -0.202 -0.026  0.009  0.003  0.001  0.004  0.073  0.021
        6  0.23592   0.000 -0.020 -0.202  1.000  0.025 -0.009  0.008  0.107  0.001 -0.056 -0.000
       10  0.14853   0.009 -0.025 -0.026  0.025  1.000  0.003  0.121 -0.002 -0.014  0.035 -0.080
       13  0.03002   0.001 -0.004  0.009 -0.009  0.003  1.000 -0.021 -0.008  0.002  0.009  0.025
       20  0.63798  -0.046 -0.039  0.003  0.008  0.121 -0.021  1.000  0.099 -0.060 -0.251 -0.610
       21  0.18960  -0.108 -0.017  0.001  0.107 -0.002 -0.008  0.099  1.000 -0.006  0.000 -0.035
       22  0.07928   0.016 -0.008  0.004  0.001 -0.014  0.002 -0.060 -0.006  1.000  0.030  0.074
       23  0.28291   0.038  0.063  0.073 -0.056  0.035  0.009 -0.251  0.000  0.030  1.000  0.184
       24  0.61984   0.117  0.045  0.021 -0.000 -0.080  0.025 -0.610 -0.035  0.074  0.184  1.000
MINUIT - FIT ONLY 2-CBO
 **********
 **   25 **RES 
 **********
                   PARAMETER   16  beta_vw RESTORED TO VARIABLE.
                   PARAMETER   14  alpha_vw RESTORED TO VARIABLE.
                   PARAMETER   11  alpha_y RESTORED TO VARIABLE.
                   PARAMETER    9  alpha_2CBO RESTORED TO VARIABLE.
                   PARAMETER    8  beta_CBO RESTORED TO VARIABLE.
 **********
 **   26 **FIX            0
 **********
 PARAMETER    0  IS UNDEFINED. IGNORED.
 **********
 **   27 **FIX            1
 **********
 **********
 **   28 **FIX            2
 **********
 PARAMETER    2  IS CONSTANT.   IGNORED.
 **********
 **   29 **FIX            3
 **********
 **********
 **   30 **FIX            4
 **********
 **********
 **   31 **FIX            5
 **********
 PARAMETER    5  IS CONSTANT.   IGNORED.
 **********
 **   32 **FIX            6
 **********
 **********
 **   33 **FIX            7
 **********
 PARAMETER    7  IS CONSTANT.   IGNORED.
 **********
 **   34 **FIX           10
 **********
 **********
 **   35 **FIX           11
 **********
 **********
 **   36 **FIX           12
 **********
 PARAMETER   12  IS CONSTANT.   IGNORED.
 **********
 **   37 **FIX           13
 **********
 **********
 **   38 **FIX           14
 **********
 **********
 **   39 **FIX           15
 **********
 PARAMETER   15  IS CONSTANT.   IGNORED.
 **********
 **   40 **FIX           16
 **********
 **********
 **   41 **MIGRAD
 **********
 START MIGRAD MINIMIZATION.  STRATEGY  1.  CONVERGENCE WHEN EDM .LT. 1.00e-04
 FCN=88.8095 FROM MIGRAD    STATUS=INITIATE       50 CALLS         985 TOTAL
                     EDM= unknown      STRATEGY= 1      NO ERROR MATRIX       
  EXT PARAMETER               CURRENT GUESS       STEP         FIRST   
  NO.   NAME      VALUE            ERROR          SIZE      DERIVATIVE 
   1  N0           3.09247e+06     fixed    
   2  tau          6.43983e+01   constant   
   3  A0           3.54110e-01     fixed    
   4  phi          4.11748e+00     fixed    
   5  R           -6.00563e+01   constant   
   6  alpha_CBO    2.69466e-03     fixed    
   7  w_CBO        2.32500e+00   constant   
   8  beta_CBO     0.00000e+00   1.00000e-03   0.00000e+00  -4.52857e+04
   9  alpha_2CBO   0.00000e+00   1.00000e-03   0.00000e+00  -1.65068e+03
  10  beta_2CBO   -8.16737e-04     fixed    
  11  alpha_y      0.00000e+00     fixed    
  12  w_y          1.38860e+01   constant   
  13  beta_y       1.60323e-04     fixed    
  14  alpha_vw     0.00000e+00     fixed    
  15  w_vw         1.43404e+01   constant   
  16  beta_vw      0.00000e+00     fixed    
  17  LM          -1.62209e-04   constant   
  18  zeta_y       0.00000e+00   constant   
  19  zeta_vw      0.00000e+00   constant   
  20  T_CBO        1.50566e+02   4.53589e+01   0.00000e+00  -5.05377e-02
  21  alpha_A0    -1.49756e-03   4.09927e-03   0.00000e+00   1.13105e-03
  22  beta_A0     -9.98425e-03   1.90374e-02  -6.63084e-02  -4.15434e-04
  23  alpha_phi    2.95650e-03   3.98556e-03   0.00000e+00  -7.74938e-04
  24  beta_phi     7.92714e-03   4.46004e-03   0.00000e+00  -7.45241e-04
 MIGRAD MINIMIZATION HAS CONVERGED.
 MIGRAD WILL VERIFY CONVERGENCE AND ERROR MATRIX.
 COVARIANCE MATRIX CALCULATED SUCCESSFULLY
 FCN=47.7799 FROM MIGRAD    STATUS=CONVERGED     978 CALLS        1913 TOTAL
                     EDM=2.95576e-06    STRATEGY= 1      ERROR MATRIX ACCURATE 
  EXT PARAMETER                                   STEP         FIRST   
  NO.   NAME      VALUE            ERROR          SIZE      DERIVATIVE 
   1  N0           3.09247e+06     fixed    
   2  tau          6.43983e+01   constant   
   3  A0           3.54110e-01     fixed    
   4  phi          4.11748e+00     fixed    
   5  R           -6.00563e+01   constant   
   6  alpha_CBO    2.69466e-03     fixed    
   7  w_CBO        2.32500e+00   constant   
   8  beta_CBO     1.80994e-03   2.82782e-04   9.48232e-07   2.72093e+00
   9  alpha_2CBO   2.08266e-05   2.89756e-04   9.63634e-07  -2.80124e+00
  10  beta_2CBO   -8.16737e-04     fixed    
  11  alpha_y      0.00000e+00     fixed    
  12  w_y          1.38860e+01   constant   
  13  beta_y       1.60323e-04     fixed    
  14  alpha_vw     0.00000e+00     fixed    
  15  w_vw         1.43404e+01   constant   
  16  beta_vw      0.00000e+00     fixed    
  17  LM          -1.62209e-04   constant   
  18  zeta_y       0.00000e+00   constant   
  19  zeta_vw      0.00000e+00   constant   
  20  T_CBO        9.99965e+02   5.91760e+02   6.44027e-02  -5.99771e-05
  21  alpha_A0    -4.54478e-04   1.39102e-03   4.67383e-04  -5.49099e-03
  22  beta_A0     -1.66354e-03   1.33015e-03   4.50943e-04   3.68137e-04
  23  alpha_phi    1.18138e-03   1.35759e-03   4.64238e-04  -3.78846e-03
  24  beta_phi     2.45062e-03   1.34591e-03   4.66075e-04  -1.17368e-02
 EXTERNAL ERROR MATRIX.    NDIM=  25    NPAR=  7    ERR DEF=1
  7.997e-08 -2.112e-09 -3.351e-06  3.106e-09  6.732e-08  1.077e-08 -9.276e-10 
 -2.112e-09  8.396e-08  1.914e-06 -6.084e-08 -1.416e-08 -8.352e-09 -6.134e-08 
 -3.351e-06  1.914e-06  1.367e+04 -2.160e-03 -7.933e-03  5.603e-03  1.162e-02 
  3.106e-09 -6.084e-08 -2.160e-03  1.948e-06  1.419e-07  1.935e-07  3.278e-09 
  6.732e-08 -1.416e-08 -7.933e-03  1.419e-07  1.780e-06  6.044e-09 -1.212e-07 
  1.077e-08 -8.352e-09  5.603e-03  1.935e-07  6.044e-09  1.855e-06 -8.043e-08 
 -9.276e-10 -6.134e-08  1.162e-02  3.278e-09 -1.212e-07 -8.043e-08  1.823e-06 
 PARAMETER  CORRELATION COEFFICIENTS  
       NO.  GLOBAL      8      9     20     21     22     23     24
        8  0.18216   1.000 -0.026 -0.000  0.008  0.178  0.028 -0.002
        9  0.22138  -0.026  1.000  0.000 -0.150 -0.037 -0.021 -0.157
       20  0.09662  -0.000  0.000  1.000 -0.013 -0.051  0.035  0.074
       21  0.19433   0.008 -0.150 -0.013  1.000  0.076  0.102  0.002
       22  0.21229   0.178 -0.037 -0.051  0.076  1.000  0.003 -0.067
       23  0.12208   0.028 -0.021  0.035  0.102  0.003  1.000 -0.044
       24  0.19349  -0.002 -0.157  0.074  0.002 -0.067 -0.044  1.000
MINUIT - FIT wiggle + 1-CBO + 2-CBO
 **********
 **   42 **RES 
 **********
                   PARAMETER   16  beta_vw RESTORED TO VARIABLE.
                   PARAMETER   14  alpha_vw RESTORED TO VARIABLE.
                   PARAMETER   13  beta_y RESTORED TO VARIABLE.
                   PARAMETER   11  alpha_y RESTORED TO VARIABLE.
                   PARAMETER   10  beta_2CBO RESTORED TO VARIABLE.
                   PARAMETER    6  alpha_CBO RESTORED TO VARIABLE.
                   PARAMETER    4  phi RESTORED TO VARIABLE.
                   PARAMETER    3  A0 RESTORED TO VARIABLE.
                   PARAMETER    1  N0 RESTORED TO VARIABLE.
 **********
 **   43 **FIX           10
 **********
 **********
 **   44 **FIX           11
 **********
 **********
 **   45 **FIX           12
 **********
 PARAMETER   12  IS CONSTANT.   IGNORED.
 **********
 **   46 **FIX           13
 **********
 **********
 **   47 **FIX           14
 **********
 **********
 **   48 **FIX           15
 **********
 PARAMETER   15  IS CONSTANT.   IGNORED.
 **********
 **   49 **FIX           16
 **********
 **********
 **   50 **MIGRAD
 **********
 START MIGRAD MINIMIZATION.  STRATEGY  1.  CONVERGENCE WHEN EDM .LT. 1.00e-04
 FCN=47.7799 FROM MIGRAD    STATUS=INITIATE       22 CALLS        1935 TOTAL
                     EDM= unknown      STRATEGY= 1      NO ERROR MATRIX       
  EXT PARAMETER               CURRENT GUESS       STEP         FIRST   
  NO.   NAME      VALUE            ERROR          SIZE      DERIVATIVE 
   1  N0           3.09247e+06   5.96503e+02   5.96503e+02  -1.34741e-03
   2  tau          6.43983e+01   constant   
   3  A0           3.54110e-01   2.64732e-04   2.64732e-04  -1.14777e+04
   4  phi          4.11748e+00   7.76710e-04   7.76710e-04  -2.03728e+02
   5  R           -6.00563e+01   constant   
   6  alpha_CBO    2.69466e-03   2.91458e-04   2.91458e-04  -1.24855e+03
   7  w_CBO        2.32500e+00   constant   
   8  beta_CBO     1.80994e-03   2.82782e-04   9.48232e-07   2.72093e+00
   9  alpha_2CBO   2.08266e-05   2.89756e-04   9.63634e-07  -2.80124e+00
  10  beta_2CBO   -8.16737e-04     fixed    
  11  alpha_y      0.00000e+00     fixed    
  12  w_y          1.38860e+01   constant   
  13  beta_y       1.60323e-04     fixed    
  14  alpha_vw     0.00000e+00     fixed    
  15  w_vw         1.43404e+01   constant   
  16  beta_vw      0.00000e+00     fixed    
  17  LM          -1.62209e-04   constant   
  18  zeta_y       0.00000e+00   constant   
  19  zeta_vw      0.00000e+00   constant   
  20  T_CBO        9.99965e+02   5.91760e+02   6.44027e-02  -6.30609e-05
  21  alpha_A0    -4.54478e-04   1.39102e-03   4.67383e-04  -5.49053e-03
  22  beta_A0     -1.66354e-03   1.33015e-03   4.50943e-04   3.69670e-04
  23  alpha_phi    1.18138e-03   1.35759e-03   4.64238e-04  -3.78980e-03
  24  beta_phi     2.45062e-03   1.34591e-03   4.66075e-04  -1.17396e-02
 MIGRAD MINIMIZATION HAS CONVERGED.
 MIGRAD WILL VERIFY CONVERGENCE AND ERROR MATRIX.
 COVARIANCE MATRIX CALCULATED SUCCESSFULLY
 FCN=44.7962 FROM MIGRAD    STATUS=CONVERGED     247 CALLS        2160 TOTAL
                     EDM=4.56764e-06    STRATEGY= 1      ERROR MATRIX ACCURATE 
  EXT PARAMETER                                   STEP         FIRST   
  NO.   NAME      VALUE            ERROR          SIZE      DERIVATIVE 
   1  N0           3.09274e+06   6.60834e+02   2.02618e+00  -1.82251e-06
   2  tau          6.43983e+01   constant   
   3  A0           3.54592e-01   2.91187e-04   9.03584e-07   1.25353e+00
   4  phi          4.11760e+00   8.04625e-04   2.54544e-06   9.99555e-01
   5  R           -6.00563e+01   constant   
   6  alpha_CBO    2.73663e-03   2.94767e-04   9.45003e-07  -1.89778e+00
   7  w_CBO        2.32500e+00   constant   
   8  beta_CBO     1.94271e-03   2.93030e-04   9.18697e-07   2.05760e+00
   9  alpha_2CBO   9.92329e-06   2.90926e-04   9.33620e-07  -5.05038e+00
  10  beta_2CBO   -8.16737e-04     fixed    
  11  alpha_y      0.00000e+00     fixed    
  12  w_y          1.38860e+01   constant   
  13  beta_y       1.60323e-04     fixed    
  14  alpha_vw     0.00000e+00     fixed    
  15  w_vw         1.43404e+01   constant   
  16  beta_vw      0.00000e+00     fixed    
  17  LM          -1.62209e-04   constant   
  18  zeta_y       0.00000e+00   constant   
  19  zeta_vw      0.00000e+00   constant   
  20  T_CBO        9.99998e+02   8.09075e+02   9.90873e-02   3.05896e-06
  21  alpha_A0    -3.33679e-04   1.44261e-03   4.52212e-04  -6.74801e-03
  22  beta_A0     -1.38208e-03   1.38152e-03   4.34603e-04  -6.23332e-03
  23  alpha_phi    1.64375e-03   1.44715e-03   4.52118e-04  -3.62881e-03
  24  beta_phi     2.38812e-03   1.50913e-03   4.50142e-04   9.48550e-03
 EXTERNAL ERROR MATRIX.    NDIM=  25    NPAR= 11    ERR DEF=1
  4.367e+05 
 -6.458e-03  8.479e-08 
  8.977e-02  3.972e-09  6.474e-07 
  3.685e-03 -1.727e-09 -4.694e-08  8.689e-08 
  1.137e-02  2.152e-08  6.588e-09  1.590e-09  8.587e-08 
  5.238e-03 -2.727e-09 -1.513e-08  4.689e-09 -2.643e-09  8.464e-08 
 -5.632e+00  6.332e-05  1.052e-04 -3.308e-05  4.912e-06 -1.964e-07  5.043e+03 
 -2.095e-01  4.219e-08 -8.012e-08  4.464e-08  8.625e-09 -6.174e-08 -6.021e-03  2.096e-06 
 -8.202e-03  5.043e-08 -4.700e-08  2.194e-09  7.973e-08 -1.461e-08 -2.404e-02  1.994e-07  1.921e-06 
 -4.933e-02  8.661e-08  6.242e-08 -1.048e-08  3.162e-08 -1.344e-08  2.869e-02  2.173e-07 -8.049e-08  2.109e-06 
  2.269e-01 -4.024e-08  1.281e-07  4.351e-09 -4.194e-09 -5.913e-08  4.150e-02 -1.716e-07 -3.456e-07  9.624e-08  2.296e-06 
 PARAMETER  CORRELATION COEFFICIENTS  
       NO.  GLOBAL      1      3      4      6      8      9     20     21     22     23     24
        1  0.35951   1.000 -0.034  0.169  0.019  0.059  0.027 -0.000 -0.219 -0.009 -0.051  0.227
        3  0.34364  -0.034  1.000  0.017 -0.020  0.252 -0.032  0.003  0.100  0.125  0.205 -0.091
        4  0.28883   0.169  0.017  1.000 -0.198  0.028 -0.065  0.002 -0.069 -0.042  0.053  0.105
        6  0.24223   0.019 -0.020 -0.198  1.000  0.018  0.055 -0.002  0.105  0.005 -0.024  0.010
        8  0.31587   0.059  0.252  0.028  0.018  1.000 -0.031  0.000  0.020  0.196  0.074 -0.009
        9  0.23832   0.027 -0.032 -0.065  0.055 -0.031  1.000 -0.000 -0.147 -0.036 -0.032 -0.134
       20  0.51025  -0.000  0.003  0.002 -0.002  0.000 -0.000  1.000 -0.059 -0.244  0.278  0.386
       21  0.32762  -0.219  0.100 -0.069  0.105  0.020 -0.147 -0.059  1.000  0.099  0.103 -0.078
       22  0.34162  -0.009  0.125 -0.042  0.005  0.196 -0.036 -0.244  0.099  1.000 -0.040 -0.165
       23  0.36924  -0.051  0.205  0.053 -0.024  0.074 -0.032  0.278  0.103 -0.040  1.000  0.044
       24  0.48770   0.227 -0.091  0.105  0.010 -0.009 -0.134  0.386 -0.078 -0.165  0.044  1.000
MINUIT - FIT ONLY 1-y
 **********
 **   51 **RES 
 **********
                   PARAMETER   16  beta_vw RESTORED TO VARIABLE.
                   PARAMETER   14  alpha_vw RESTORED TO VARIABLE.
                   PARAMETER   13  beta_y RESTORED TO VARIABLE.
                   PARAMETER   11  alpha_y RESTORED TO VARIABLE.
                   PARAMETER   10  beta_2CBO RESTORED TO VARIABLE.
 **********
 **   52 **FIX            0
 **********
 PARAMETER    0  IS UNDEFINED. IGNORED.
 **********
 **   53 **FIX            1
 **********
 **********
 **   54 **FIX            2
 **********
 PARAMETER    2  IS CONSTANT.   IGNORED.
 **********
 **   55 **FIX            3
 **********
 **********
 **   56 **FIX            4
 **********
 **********
 **   57 **FIX            5
 **********
 PARAMETER    5  IS CONSTANT.   IGNORED.
 **********
 **   58 **FIX            6
 **********
 **********
 **   59 **FIX            7
 **********
 PARAMETER    7  IS CONSTANT.   IGNORED.
 **********
 **   60 **FIX            8
 **********
 **********
 **   61 **FIX            9
 **********
 **********
 **   62 **FIX           13
 **********
 **********
 **   63 **FIX           14
 **********
 **********
 **   64 **FIX           15
 **********
 PARAMETER   15  IS CONSTANT.   IGNORED.
 **********
 **   65 **FIX           16
 **********
 **********
 **   66 **MIGRAD
 **********
 START MIGRAD MINIMIZATION.  STRATEGY  1.  CONVERGENCE WHEN EDM .LT. 1.00e-04
 FCN=44.7962 FROM MIGRAD    STATUS=INITIATE       16 CALLS        2176 TOTAL
                     EDM= unknown      STRATEGY= 1      NO ERROR MATRIX       
  EXT PARAMETER               CURRENT GUESS       STEP         FIRST   
  NO.   NAME      VALUE            ERROR          SIZE      DERIVATIVE 
   1  N0           3.09274e+06     fixed    
   2  tau          6.43983e+01   constant   
   3  A0           3.54592e-01     fixed    
   4  phi          4.11760e+00     fixed    
   5  R           -6.00563e+01   constant   
   6  alpha_CBO    2.73663e-03     fixed    
   7  w_CBO        2.32500e+00   constant   
   8  beta_CBO     1.94271e-03     fixed    
   9  alpha_2CBO   9.92329e-06     fixed    
  10  beta_2CBO   -8.16737e-04   2.74507e-04   2.74507e-04  -1.60889e+03
  11  alpha_y      0.00000e+00   1.00000e-03   1.00000e-03   1.28722e+04
  12  w_y          1.38860e+01   constant   
  13  beta_y       1.60323e-04     fixed    
  14  alpha_vw     0.00000e+00     fixed    
  15  w_vw         1.43404e+01   constant   
  16  beta_vw      0.00000e+00     fixed    
  17  LM          -1.62209e-04   constant   
  18  zeta_y       0.00000e+00   constant   
  19  zeta_vw      0.00000e+00   constant   
  20  T_CBO        9.99998e+02   8.09075e+02   9.90873e-02  -3.36461e-06
  21  alpha_A0    -3.33679e-04   1.44261e-03   4.52212e-04  -6.74777e-03
  22  beta_A0     -1.38208e-03   1.38152e-03   4.34603e-04  -6.23181e-03
  23  alpha_phi    1.64375e-03   1.44715e-03   4.52118e-04  -3.63055e-03
  24  beta_phi     2.38812e-03   1.50913e-03   4.50142e-04   9.48292e-03
 MIGRAD MINIMIZATION HAS CONVERGED.
 MIGRAD WILL VERIFY CONVERGENCE AND ERROR MATRIX.
 COVARIANCE MATRIX CALCULATED SUCCESSFULLY
 FCN=41.4872 FROM MIGRAD    STATUS=CONVERGED     114 CALLS        2274 TOTAL
                     EDM=1.34897e-06    STRATEGY= 1      ERROR MATRIX ACCURATE 
  EXT PARAMETER                                   STEP         FIRST   
  NO.   NAME      VALUE            ERROR          SIZE      DERIVATIVE 
   1  N0           3.09274e+06     fixed    
   2  tau          6.43983e+01   constant   
   3  A0           3.54592e-01     fixed    
   4  phi          4.11760e+00     fixed    
   5  R           -6.00563e+01   constant   
   6  alpha_CBO    2.73663e-03     fixed    
   7  w_CBO        2.32500e+00   constant   
   8  beta_CBO     1.94271e-03     fixed    
   9  alpha_2CBO   9.92329e-06     fixed    
  10  beta_2CBO   -7.43877e-04   2.87655e-04   8.95334e-07  -2.13437e+00
  11  alpha_y     -5.05054e-04   2.79894e-04   8.90398e-07  -1.21843e+00
  12  w_y          1.38860e+01   constant   
  13  beta_y       1.60323e-04     fixed    
  14  alpha_vw     0.00000e+00     fixed    
  15  w_vw         1.43404e+01   constant   
  16  beta_vw      0.00000e+00     fixed    
  17  LM          -1.62209e-04   constant   
  18  zeta_y       0.00000e+00   constant   
  19  zeta_vw      0.00000e+00   constant   
  20  T_CBO        9.99999e+02   7.49425e+02   6.72979e-02   2.24806e-06
  21  alpha_A0    -3.59055e-04   1.37517e-03   4.35611e-04  -9.67304e-03
  22  beta_A0     -1.44277e-03   1.33205e-03   4.18977e-04   2.12209e-03
  23  alpha_phi    1.63963e-03   1.39207e-03   4.35407e-04  -2.47356e-03
  24  beta_phi     2.36899e-03   1.36492e-03   4.33263e-04  -1.84875e-03
 EXTERNAL ERROR MATRIX.    NDIM=  25    NPAR=  7    ERR DEF=1
  8.275e-08 -9.949e-10 -5.694e-07  2.831e-09 -4.945e-08  6.511e-08 -7.162e-09 
 -9.949e-10  7.834e-08 -8.619e-08  4.295e-09  3.379e-09  8.793e-09  1.877e-09 
 -5.694e-07 -8.619e-08  1.130e+03 -1.768e-03 -6.843e-03  7.778e-03  1.122e-02 
  2.831e-09  4.295e-09 -1.768e-03  1.903e-06  1.381e-07  1.786e-07 -5.692e-08 
 -4.945e-08  3.379e-09 -6.843e-03  1.381e-07  1.785e-06 -8.657e-08 -1.864e-07 
  6.511e-08  8.793e-09  7.778e-03  1.786e-07 -8.657e-08  1.951e-06 -1.898e-08 
 -7.162e-09  1.877e-09  1.122e-02 -5.692e-08 -1.864e-07 -1.898e-08  1.875e-06 
 PARAMETER  CORRELATION COEFFICIENTS  
       NO.  GLOBAL     10     11     20     21     22     23     24
       10  0.20887   1.000 -0.012 -0.000  0.007 -0.129  0.162 -0.018
       11  0.03094  -0.012  1.000 -0.000  0.011  0.009  0.022  0.005
       20  0.32404  -0.000 -0.000  1.000 -0.038 -0.152  0.166  0.244
       21  0.13010   0.007  0.011 -0.038  1.000  0.075  0.093 -0.030
       22  0.22233  -0.129  0.009 -0.152  0.075  1.000 -0.046 -0.102
       23  0.25721   0.162  0.022  0.166  0.093 -0.046  1.000 -0.010
       24  0.25871  -0.018  0.005  0.244 -0.030 -0.102 -0.010  1.000
MINUIT - FIT ONLY 2-y
 **********
 **   67 **RES 
 **********
                   PARAMETER   16  beta_vw RESTORED TO VARIABLE.
                   PARAMETER   14  alpha_vw RESTORED TO VARIABLE.
                   PARAMETER   13  beta_y RESTORED TO VARIABLE.
                   PARAMETER    9  alpha_2CBO RESTORED TO VARIABLE.
                   PARAMETER    8  beta_CBO RESTORED TO VARIABLE.
                   PARAMETER    6  alpha_CBO RESTORED TO VARIABLE.
                   PARAMETER    4  phi RESTORED TO VARIABLE.
                   PARAMETER    3  A0 RESTORED TO VARIABLE.
                   PARAMETER    1  N0 RESTORED TO VARIABLE.
 **********
 **   68 **FIX            0
 **********
 PARAMETER    0  IS UNDEFINED. IGNORED.
 **********
 **   69 **FIX            1
 **********
 **********
 **   70 **FIX            2
 **********
 PARAMETER    2  IS CONSTANT.   IGNORED.
 **********
 **   71 **FIX            3
 **********
 **********
 **   72 **FIX            4
 **********
 **********
 **   73 **FIX            5
 **********
 PARAMETER    5  IS CONSTANT.   IGNORED.
 **********
 **   74 **FIX            6
 **********
 **********
 **   75 **FIX            7
 **********
 PARAMETER    7  IS CONSTANT.   IGNORED.
 **********
 **   76 **FIX            8
 **********
 **********
 **   77 **FIX            9
 **********
 **********
 **   78 **FIX           10
 **********
 **********
 **   79 **FIX           11
 **********
 **********
 **   80 **FIX           12
 **********
 PARAMETER   12  IS CONSTANT.   IGNORED.
 **********
 **   81 **FIX           16
 **********
 **********
 **   82 **MIGRAD
 **********
 START MIGRAD MINIMIZATION.  STRATEGY  1.  CONVERGENCE WHEN EDM .LT. 1.00e-04
 FCN=41.4872 FROM MIGRAD    STATUS=INITIATE       16 CALLS        2290 TOTAL
                     EDM= unknown      STRATEGY= 1      NO ERROR MATRIX       
  EXT PARAMETER               CURRENT GUESS       STEP         FIRST   
  NO.   NAME      VALUE            ERROR          SIZE      DERIVATIVE 
   1  N0           3.09274e+06     fixed    
   2  tau          6.43983e+01   constant   
   3  A0           3.54592e-01     fixed    
   4  phi          4.11760e+00     fixed    
   5  R           -6.00563e+01   constant   
   6  alpha_CBO    2.73663e-03     fixed    
   7  w_CBO        2.32500e+00   constant   
   8  beta_CBO     1.94271e-03     fixed    
   9  alpha_2CBO   9.92329e-06     fixed    
  10  beta_2CBO   -7.43877e-04     fixed    
  11  alpha_y     -5.05054e-04     fixed    
  12  w_y          1.38860e+01   constant   
  13  beta_y       1.60323e-04   2.84081e-04   2.84081e-04   2.05697e+02
  14  alpha_vw     0.00000e+00   1.00000e-03   1.00000e-03   2.40153e+03
  15  w_vw         1.43404e+01   constant   
  16  beta_vw      0.00000e+00     fixed    
  17  LM          -1.62209e-04   constant   
  18  zeta_y       0.00000e+00   constant   
  19  zeta_vw      0.00000e+00   constant   
  20  T_CBO        9.99999e+02   7.49425e+02   6.72979e-02  -2.31942e-06
  21  alpha_A0    -3.59055e-04   1.37517e-03   4.35611e-04  -9.67315e-03
  22  beta_A0     -1.44277e-03   1.33205e-03   4.18977e-04   2.12374e-03
  23  alpha_phi    1.63963e-03   1.39207e-03   4.35407e-04  -2.47517e-03
  24  beta_phi     2.36899e-03   1.36492e-03   4.33263e-04  -1.85112e-03
 MIGRAD MINIMIZATION HAS CONVERGED.
 MIGRAD WILL VERIFY CONVERGENCE AND ERROR MATRIX.
 COVARIANCE MATRIX CALCULATED SUCCESSFULLY
 FCN=41.3696 FROM MIGRAD    STATUS=CONVERGED     114 CALLS        2388 TOTAL
                     EDM=1.5296e-08    STRATEGY= 1      ERROR MATRIX ACCURATE 
  EXT PARAMETER                                   STEP         FIRST   
  NO.   NAME      VALUE            ERROR          SIZE      DERIVATIVE 
   1  N0           3.09274e+06     fixed    
   2  tau          6.43983e+01   constant   
   3  A0           3.54592e-01     fixed    
   4  phi          4.11760e+00     fixed    
   5  R           -6.00563e+01   constant   
   6  alpha_CBO    2.73663e-03     fixed    
   7  w_CBO        2.32500e+00   constant   
   8  beta_CBO     1.94271e-03     fixed    
   9  alpha_2CBO   9.92329e-06     fixed    
  10  beta_2CBO   -7.43877e-04     fixed    
  11  alpha_y     -5.05054e-04     fixed    
  12  w_y          1.38860e+01   constant   
  13  beta_y       1.76549e-04   2.93269e-04   9.03434e-07  -1.23796e-02
  14  alpha_vw    -9.93265e-05   2.90707e-04   8.95459e-07   1.44105e-01
  15  w_vw         1.43404e+01   constant   
  16  beta_vw      0.00000e+00     fixed    
  17  LM          -1.62209e-04   constant   
  18  zeta_y       0.00000e+00   constant   
  19  zeta_vw      0.00000e+00   constant   
  20  T_CBO        1.00000e+03   9.73123e+02   1.12738e-01** at limit **
  21  alpha_A0    -3.51535e-04   1.37696e-03   4.35007e-04  -5.18770e-04
  22  beta_A0     -1.43452e-03   1.34867e-03   4.18366e-04   1.36610e-04
  23  alpha_phi    1.63509e-03   1.40763e-03   4.34848e-04  -3.02940e-04
  24  beta_phi     2.37863e-03   1.43709e-03   4.32838e-04   1.00303e-03
 EXTERNAL ERROR MATRIX.    NDIM=  25    NPAR=  7    ERR DEF=1
  8.601e-08 -2.088e-08  2.595e-08  6.022e-09  7.283e-09 -2.689e-09  8.037e-09 
 -2.088e-08  8.451e-08 -3.989e-08 -6.040e-09 -7.585e-09  4.229e-09 -8.548e-09 
  2.595e-08 -3.989e-08  6.288e-01 -6.832e-05 -2.691e-04  3.070e-04  4.456e-04 
  6.022e-09 -6.040e-09 -6.832e-05  1.908e-06  1.590e-07  1.542e-07 -8.670e-08 
  7.283e-09 -7.585e-09 -2.691e-04  1.590e-07  1.830e-06 -1.328e-07 -3.124e-07 
 -2.689e-09  4.229e-09  3.070e-04  1.542e-07 -1.328e-07  1.995e-06  1.262e-07 
  8.037e-09 -8.548e-09  4.456e-04 -8.670e-08 -3.124e-07  1.262e-07  2.080e-06 
 PARAMETER  CORRELATION COEFFICIENTS  
       NO.  GLOBAL     13     14     20     21     22     23     24
       13  0.24610   1.000 -0.245  0.000  0.015  0.018 -0.006  0.019
       14  0.24645  -0.245  1.000 -0.000 -0.015 -0.019  0.010 -0.020
       20  0.49818   0.000 -0.000  1.000 -0.062 -0.251  0.274  0.390
       21  0.13966   0.015 -0.015 -0.062  1.000  0.085  0.079 -0.044
       22  0.26995   0.018 -0.019 -0.251  0.085  1.000 -0.069 -0.160
       23  0.29465  -0.006  0.010  0.274  0.079 -0.069  1.000  0.062
       24  0.39863   0.019 -0.020  0.390 -0.044 -0.160  0.062  1.000
MINUIT - FIT ALTOGETHER
 **********
