 + ++++++++++++++++++++++++++++++++++++++++++++++++++++++++++++++++++++ +
 +                                                                      +
 +           You have chose to blind your fitting according to          +
 +                omega_ref * (1 + (R +/- deltaR) *10^{-6})             +
 +                                                                      +
 + ++++++++++++++++++++++++++++++++++++++++++++++++++++++++++++++++++++ +
In main()...
reading format from /gm2data/zkhechad/run45/envelope/formats/formatB_sBin_constraintOn.txt
pBinTau 	= 0  
pBinPhi 	= 0  
constraintau 	= 1 
includeMopTerm 	= 0    
constrainMop    = 0   
Parameters after format file: pBinTau 0 pBinPhi 0 constraintau 1 includeMopTerm 0 constrainMop 0 c_e_scale 0.000000 
Opening file /gm2data/tbarrett/gm2fr/studies/run23_bunch_corrections/CorrectedFourier_Run3b.root.
reading full fit data from /gm2data/zkhechad/cboTemplates/Run4CBOTemplates/templateFits0_v2.0/noRF/sBin_constraintOn_cE0.0_seed0_noRF_calo22.root
windowBins = 17
fitting sliding window 216 from bin 352 at 52.369200 to bin 369 at 55.054800 (17 bins)

Reading data from /gm2data/cornell/histograms/aMethod/histogram_a_noRF.root
 **********
 **    1 **SET PRINTOUT            1
 **********
 **********
 **    2 **SET NOWARNINGS 
 **********
 PARAMETER DEFINITIONS:
    NO.   NAME         VALUE      STEP SIZE      LIMITS
     1 N0           3.01105e+06  1.00000e+02     no limits
     2 tau          6.44153e+01  constant
     3 A0           3.51737e-01  1.00000e-04     no limits
     4 phi          4.11590e+00  1.00000e-02     no limits
     5 R           -6.13262e+01  constant
     6 alpha_CBO    0.00000e+00  1.00000e-03     no limits
     7 w_CBO        2.32500e+00  constant
     8 beta_CBO     0.00000e+00  1.00000e-03     no limits
     9 alpha_2CBO   0.00000e+00  1.00000e-03     no limits
    10 beta_2CBO    0.00000e+00  1.00000e-03     no limits
    11 alpha_y      0.00000e+00  1.00000e-03     no limits
    12 w_y          1.44500e+01  constant
    13 beta_y       0.00000e+00  1.00000e-03     no limits
    14 alpha_vw     0.00000e+00  1.00000e-03     no limits
    15 w_vw         1.29000e+01  constant
    16 beta_vw      0.00000e+00  1.00000e-03     no limits
    17 LM           4.28749e-04  constant
    18 zeta_y       0.00000e+00  constant
    19 zeta_vw      0.00000e+00  constant
    20 T_CBO        1.00000e+02  1.00000e+00    0.00000e+00  1.00000e+03
    21 alpha_A0     0.00000e+00  1.00000e-03     no limits
    22 beta_A0      0.00000e+00  1.00000e-03     no limits
    23 alpha_phi    0.00000e+00  1.00000e-03     no limits
    24 beta_phi     0.00000e+00  1.00000e-03     no limits
MINUIT - FIT ONLY WIGGLE
 **********
 **    3 **FIX            5
 **********
 PARAMETER    5  IS CONSTANT.   IGNORED.
 **********
 **    4 **FIX            6
 **********
 **********
 **    5 **FIX            7
 **********
 PARAMETER    7  IS CONSTANT.   IGNORED.
 **********
 **    6 **FIX            8
 **********
 **********
 **    7 **FIX            9
 **********
 **********
 **    8 **FIX           10
 **********
 **********
 **    9 **FIX           11
 **********
 **********
 **   10 **FIX           12
 **********
 PARAMETER   12  IS CONSTANT.   IGNORED.
 **********
 **   11 **FIX           13
 **********
 **********
 **   12 **FIX           14
 **********
 **********
 **   13 **FIX           15
 **********
 PARAMETER   15  IS CONSTANT.   IGNORED.
 **********
 **   14 **FIX           16
 **********
 **********
 **   15 **MIGRAD
 **********
 FIRST CALL TO USER FUNCTION AT NEW START POINT, WITH IFLAG=4.
 START MIGRAD MINIMIZATION.  STRATEGY  1.  CONVERGENCE WHEN EDM .LT. 1.00e-04
 FCN=1394.49 FROM MIGRAD    STATUS=INITIATE      429 CALLS         430 TOTAL
                     EDM= unknown      STRATEGY= 1      NO ERROR MATRIX       
  EXT PARAMETER               CURRENT GUESS       STEP         FIRST   
  NO.   NAME      VALUE            ERROR          SIZE      DERIVATIVE 
   1  N0           3.01105e+06   1.00000e+02   0.00000e+00   3.93698e-02
   2  tau          6.44153e+01   constant   
   3  A0           3.51737e-01   1.00000e-04   0.00000e+00   8.51512e+04
   4  phi          4.11590e+00   1.00000e-02   0.00000e+00  -1.32177e+05
   5  R           -6.13262e+01   constant   
   6  alpha_CBO    0.00000e+00     fixed    
   7  w_CBO        2.32500e+00   constant   
   8  beta_CBO     0.00000e+00     fixed    
   9  alpha_2CBO   0.00000e+00     fixed    
  10  beta_2CBO    0.00000e+00     fixed    
  11  alpha_y      0.00000e+00     fixed    
  12  w_y          1.44500e+01   constant   
  13  beta_y       0.00000e+00     fixed    
  14  alpha_vw     0.00000e+00     fixed    
  15  w_vw         1.29000e+01   constant   
  16  beta_vw      0.00000e+00     fixed    
  17  LM           4.28749e-04   constant   
  18  zeta_y       0.00000e+00   constant   
  19  zeta_vw      0.00000e+00   constant   
  20  T_CBO        1.00000e+02   1.00000e+00   0.00000e+00   0.00000e+00
  21  alpha_A0     0.00000e+00   1.00000e-03   0.00000e+00  -2.77841e+04
  22  beta_A0      0.00000e+00   1.00000e-03   0.00000e+00   3.40358e+03
  23  alpha_phi    0.00000e+00   1.00000e-03   0.00000e+00  -4.29316e+04
  24  beta_phi     0.00000e+00   1.00000e-03   0.00000e+00   1.15670e+04
 CALL LIMIT EXCEEDED IN MIGRAD.
 MIGRAD TERMINATED WITHOUT CONVERGENCE.
 FCN=67.7432 FROM MIGRAD    STATUS=CALL LIMIT   1325 CALLS        1326 TOTAL
                     EDM=0.271468    STRATEGY= 1  ERROR MATRIX UNCERTAINTY  14.7 per cent
  EXT PARAMETER                APPROXIMATE        STEP         FIRST   
  NO.   NAME      VALUE            ERROR          SIZE      DERIVATIVE 
   1  N0           3.02344e+06   8.85980e+02   3.55795e+02   1.15447e-03
   2  tau          6.44153e+01   constant   
   3  A0           3.48917e-01   4.33666e-04  -1.01703e-04  -4.50330e+03
   4  phi          4.15232e+00   1.83840e-03   6.59520e-04   4.09740e+02
   5  R           -6.13262e+01   constant   
   6  alpha_CBO    0.00000e+00     fixed    
   7  w_CBO        2.32500e+00   constant   
   8  beta_CBO     0.00000e+00     fixed    
   9  alpha_2CBO   0.00000e+00     fixed    
  10  beta_2CBO    0.00000e+00     fixed    
  11  alpha_y      0.00000e+00     fixed    
  12  w_y          1.44500e+01   constant   
  13  beta_y       0.00000e+00     fixed    
  14  alpha_vw     0.00000e+00     fixed    
  15  w_vw         1.29000e+01   constant   
  16  beta_vw      0.00000e+00     fixed    
  17  LM           4.28749e-04   constant   
  18  zeta_y       0.00000e+00   constant   
  19  zeta_vw      0.00000e+00   constant   
  20  T_CBO        1.59449e+01   6.86011e-01  -1.77933e-03  -7.91872e+02
  21  alpha_A0     1.83050e-02   8.32425e-03  -2.92593e-03   2.22528e+00
  22  beta_A0     -6.66348e-01   1.30326e-01  -4.93187e-02   2.80421e+01
  23  alpha_phi   -7.04595e-01   1.51164e-01  -5.79308e-02   2.83596e+01
  24  beta_phi     1.94614e-01   2.98399e-02   1.14003e-02   4.21812e+01
 EXTERNAL ERROR MATRIX.    NDIM=  25    NPAR=  8    ERR DEF=1
  7.850e+05 -1.084e-01  1.273e+00 -2.304e+02 -3.378e+00 -6.612e+01 -7.837e+01  1.592e+01 
 -1.084e-01  1.881e-07 -5.733e-07  1.561e-04  2.422e-06  4.343e-05  4.933e-05 -1.007e-05 
  1.273e+00 -5.733e-07  3.380e-06 -7.516e-04 -1.090e-05 -2.014e-04 -2.328e-04  4.772e-05 
 -2.304e+02  1.561e-04 -7.516e-04  4.706e-01  5.514e-03  8.163e-02  9.511e-02 -1.826e-02 
 -3.378e+00  2.422e-06 -1.090e-05  5.514e-03  6.929e-05  1.053e-03  1.224e-03 -2.374e-04 
 -6.612e+01  4.343e-05 -2.014e-04  8.163e-02  1.053e-03  1.698e-02  1.969e-02 -3.881e-03 
 -7.837e+01  4.933e-05 -2.328e-04  9.511e-02  1.224e-03  1.969e-02  2.285e-02 -4.497e-03 
  1.592e+01 -1.007e-05  4.772e-05 -1.826e-02 -2.374e-04 -3.881e-03 -4.497e-03  8.904e-04 
ERR MATRIX APPROXIMATE
 PARAMETER  CORRELATION COEFFICIENTS  
       NO.  GLOBAL      1      3      4     20     21     22     23     24
        1  0.95930   1.000 -0.282  0.782 -0.379 -0.458 -0.573 -0.585  0.602
        3  0.98593  -0.282  1.000 -0.719  0.525  0.671  0.768  0.753 -0.778
        4  0.98661   0.782 -0.719  1.000 -0.596 -0.712 -0.841 -0.838  0.870
       20  0.99547  -0.379  0.525 -0.596  1.000  0.966  0.913  0.917 -0.892
       21  0.99518  -0.458  0.671 -0.712  0.966  1.000  0.971  0.972 -0.956
       22  0.99979  -0.573  0.768 -0.841  0.913  0.971  1.000  0.999 -0.998
       23  0.99968  -0.585  0.753 -0.838  0.917  0.972  0.999  1.000 -0.997
       24  0.99968   0.602 -0.778  0.870 -0.892 -0.956 -0.998 -0.997  1.000
 ERR MATRIX APPROXIMATE
MINUIT - FIT ONLY 1-CBO + wiggle
 **********
 **   16 **RES 
 **********
                   PARAMETER   16  beta_vw RESTORED TO VARIABLE.
                   PARAMETER   14  alpha_vw RESTORED TO VARIABLE.
                   PARAMETER   13  beta_y RESTORED TO VARIABLE.
                   PARAMETER   11  alpha_y RESTORED TO VARIABLE.
                   PARAMETER   10  beta_2CBO RESTORED TO VARIABLE.
                   PARAMETER    9  alpha_2CBO RESTORED TO VARIABLE.
                   PARAMETER    8  beta_CBO RESTORED TO VARIABLE.
                   PARAMETER    6  alpha_CBO RESTORED TO VARIABLE.
 **********
 **   17 **FIX            8
 **********
 **********
 **   18 **FIX            9
 **********
 **********
 **   19 **FIX           11
 **********
 **********
 **   20 **FIX           12
 **********
 PARAMETER   12  IS CONSTANT.   IGNORED.
 **********
 **   21 **FIX           14
 **********
 **********
 **   22 **FIX           15
 **********
 PARAMETER   15  IS CONSTANT.   IGNORED.
 **********
 **   23 **FIX           16
 **********
 **********
 **   24 **MIGRAD
 **********
 START MIGRAD MINIMIZATION.  STRATEGY  1.  CONVERGENCE WHEN EDM .LT. 1.00e-04
 FCN=67.7432 FROM MIGRAD    STATUS=INITIATE       28 CALLS        1354 TOTAL
                     EDM= unknown      STRATEGY= 1      NO ERROR MATRIX       
  EXT PARAMETER               CURRENT GUESS       STEP         FIRST   
  NO.   NAME      VALUE            ERROR          SIZE      DERIVATIVE 
   1  N0           3.02344e+06   8.85980e+02   3.55795e+02   1.15447e-03
   2  tau          6.44153e+01   constant   
   3  A0           3.48917e-01   4.33666e-04  -1.01703e-04  -4.50330e+03
   4  phi          4.15232e+00   1.83840e-03   6.59520e-04   4.09740e+02
   5  R           -6.13262e+01   constant   
   6  alpha_CBO    0.00000e+00   1.00000e-03   1.00000e-03  -3.90391e+00
   7  w_CBO        2.32500e+00   constant   
   8  beta_CBO     0.00000e+00     fixed    
   9  alpha_2CBO   0.00000e+00     fixed    
  10  beta_2CBO    0.00000e+00   1.00000e-03   1.00000e-03   5.20635e+03
  11  alpha_y      0.00000e+00     fixed    
  12  w_y          1.44500e+01   constant   
  13  beta_y       0.00000e+00   1.00000e-03   1.00000e-03   4.05410e+04
  14  alpha_vw     0.00000e+00     fixed    
  15  w_vw         1.29000e+01   constant   
  16  beta_vw      0.00000e+00     fixed    
  17  LM           4.28749e-04   constant   
  18  zeta_y       0.00000e+00   constant   
  19  zeta_vw      0.00000e+00   constant   
  20  T_CBO        1.59449e+01   6.86011e-01  -1.77933e-03  -7.91872e+02
  21  alpha_A0     1.83050e-02   8.32425e-03  -2.92593e-03   2.22528e+00
  22  beta_A0     -6.66348e-01   1.30326e-01  -4.93187e-02   2.80421e+01
  23  alpha_phi   -7.04595e-01   1.51164e-01  -5.79308e-02   2.83596e+01
  24  beta_phi     1.94614e-01   2.98399e-02   1.14003e-02   4.21812e+01
 MIGRAD MINIMIZATION HAS CONVERGED.
 MIGRAD WILL VERIFY CONVERGENCE AND ERROR MATRIX.
 COVARIANCE MATRIX CALCULATED SUCCESSFULLY
 FCN=28.3396 FROM HESSE     STATUS=OK            100 CALLS        2409 TOTAL
                     EDM=0.000599312    STRATEGY= 1      ERROR MATRIX ACCURATE 
  EXT PARAMETER                                   STEP         FIRST   
  NO.   NAME      VALUE            ERROR          SIZE      DERIVATIVE 
   1  N0           3.02903e+06   1.69872e+04   1.44435e+00   4.26532e-06
   2  tau          6.44153e+01   constant   
   3  A0           3.39439e-01   1.11613e-02   3.61362e-07  -5.72186e+00
   4  phi          4.12935e+00   1.08784e-01   1.96903e-06  -3.34627e+00
   5  R           -6.13262e+01   constant   
   6  alpha_CBO   -2.23549e-02   1.16125e-02   5.01609e-07   4.50997e+00
   7  w_CBO        2.32500e+00   constant   
   8  beta_CBO     0.00000e+00     fixed    
   9  alpha_2CBO   0.00000e+00     fixed    
  10  beta_2CBO    9.01263e-03   5.31322e-03   5.16325e-07  -2.30075e+00
  11  alpha_y      0.00000e+00     fixed    
  12  w_y          1.44500e+01   constant   
  13  beta_y      -1.05289e-03   2.02728e-04   5.03365e-07  -6.73252e+00
  14  alpha_vw     0.00000e+00     fixed    
  15  w_vw         1.29000e+01   constant   
  16  beta_vw      0.00000e+00     fixed    
  17  LM           4.28749e-04   constant   
  18  zeta_y       0.00000e+00   constant   
  19  zeta_vw      0.00000e+00   constant   
  20  T_CBO        1.93200e+01   1.10503e+01   7.76092e-07  -2.61407e-01
  21  alpha_A0    -3.44864e-01   6.44696e-01   2.78497e-05  -1.09652e-01
  22  beta_A0     -8.01555e-01   1.28197e+00   3.73803e-05   3.99479e-02
  23  alpha_phi   -1.68104e+00   2.33407e+00   2.58514e-05  -1.71538e-02
  24  beta_phi    -3.68430e-01   1.19453e+00   2.41683e-05   1.70371e-01
 MIGRAD MINIMIZATION HAS CONVERGED.
 FCN=28.339 FROM MIGRAD    STATUS=CONVERGED    1227 CALLS        2553 TOTAL
                     EDM=7.39664e-06    STRATEGY= 1  ERROR MATRIX UNCERTAINTY   1.2 per cent
  EXT PARAMETER                                   STEP         FIRST   
  NO.   NAME      VALUE            ERROR          SIZE      DERIVATIVE 
   1  N0           3.02925e+06   1.61135e+04   4.48855e+00  -4.40910e-06
   2  tau          6.44153e+01   constant   
   3  A0           3.39241e-01   8.83537e-03  -1.95864e-06  -8.15819e+00
   4  phi          4.13137e+00   7.86457e-02   1.60531e-05   7.71304e+00
   5  R           -6.13262e+01   constant   
   6  alpha_CBO   -2.21542e-02   9.27002e-03   1.10165e-06  -1.70025e+01
   7  w_CBO        2.32500e+00   constant   
   8  beta_CBO     0.00000e+00     fixed    
   9  alpha_2CBO   0.00000e+00     fixed    
  10  beta_2CBO    9.09421e-03   4.11556e-03   9.62373e-07  -3.42393e-01
  11  alpha_y      0.00000e+00     fixed    
  12  w_y          1.44500e+01   constant   
  13  beta_y      -1.05290e-03   2.00995e-04  -3.23222e-09   8.13457e-01
  14  alpha_vw     0.00000e+00     fixed    
  15  w_vw         1.29000e+01   constant   
  16  beta_vw      0.00000e+00     fixed    
  17  LM           4.28749e-04   constant   
  18  zeta_y       0.00000e+00   constant   
  19  zeta_vw      0.00000e+00   constant   
  20  T_CBO        1.93173e+01   3.09907e+00  -4.98766e-05  -7.32935e+00
  21  alpha_A0    -3.56690e-01   5.41822e-01  -3.87976e-04   3.91942e-02
  22  beta_A0     -8.26425e-01   9.58818e-01  -1.01255e-03   5.52487e-02
  23  alpha_phi   -1.71666e+00   1.44560e+00  -1.98184e-03   2.39413e-01
  24  beta_phi    -3.57021e-01   6.29138e-01  -3.40444e-04  -2.31138e-01
 EXTERNAL ERROR MATRIX.    NDIM=  25    NPAR= 11    ERR DEF=1
  2.596e+08 
 -1.226e+02  7.806e-05 
  5.766e+02 -5.625e-04  6.185e-03 
  4.087e+01 -4.467e-05  6.324e-04  8.593e-05 
  3.879e+01 -3.094e-05  2.401e-04  1.213e-05  1.694e-05 
 -1.358e-01  1.602e-07 -1.475e-07  2.288e-07 -1.372e-07  4.040e-08 
  2.698e+02 -3.762e-03  4.975e-02  3.623e-03  2.826e-03 -3.491e-05  9.606e+00 
  1.436e+02  2.210e-03 -3.454e-02 -3.166e-03 -1.433e-03  5.642e-06  4.502e-02  2.936e-01 
 -9.535e+03  7.377e-03 -6.765e-02 -6.400e-03 -2.967e-03  6.817e-06  5.439e-01  3.856e-01  9.193e-01 
 -1.389e+04  1.057e-02 -9.233e-02 -7.899e-03 -4.548e-03  1.575e-05  1.416e+00  5.750e-01  1.358e+00  2.090e+00 
 -1.046e+03 -2.001e-03  4.012e-02  4.542e-03  1.180e-03  1.802e-06  8.851e-01 -2.781e-01 -3.084e-01 -3.632e-01  3.958e-01 
 PARAMETER  CORRELATION COEFFICIENTS  
       NO.  GLOBAL      1      3      4      6     10     13     20     21     22     23     24
        1  0.99973   1.000 -0.861  0.455  0.274  0.585 -0.042  0.005  0.016 -0.617 -0.596 -0.103
        3  0.99991  -0.861  1.000 -0.810 -0.545 -0.851  0.090 -0.137  0.462  0.871  0.827 -0.360
        4  0.99999   0.455 -0.810  1.000  0.867  0.742 -0.009  0.204 -0.811 -0.897 -0.812  0.811
        6  0.99991   0.274 -0.545  0.867  1.000  0.318  0.123  0.126 -0.630 -0.720 -0.589  0.779
       10  0.99888   0.585 -0.851  0.742  0.318  1.000 -0.166  0.222 -0.643 -0.752 -0.764  0.456
       13  0.33381  -0.042  0.090 -0.009  0.123 -0.166  1.000 -0.056  0.052  0.035  0.054  0.014
       20  0.99995   0.005 -0.137  0.204  0.126  0.222 -0.056  1.000  0.027  0.183  0.316  0.454
       21  0.99981   0.016  0.462 -0.811 -0.630 -0.643  0.052  0.027  1.000  0.742  0.734 -0.816
       22  0.99990  -0.617  0.871 -0.897 -0.720 -0.752  0.035  0.183  0.742  1.000  0.980 -0.511
       23  0.99999  -0.596  0.827 -0.812 -0.589 -0.764  0.054  0.316  0.734  0.980  1.000 -0.399
       24  0.99992  -0.103 -0.360  0.811  0.779  0.456  0.014  0.454 -0.816 -0.511 -0.399  1.000
MINUIT - FIT ONLY 2-CBO
 **********
 **   25 **RES 
 **********
                   PARAMETER   16  beta_vw RESTORED TO VARIABLE.
                   PARAMETER   14  alpha_vw RESTORED TO VARIABLE.
                   PARAMETER   11  alpha_y RESTORED TO VARIABLE.
                   PARAMETER    9  alpha_2CBO RESTORED TO VARIABLE.
                   PARAMETER    8  beta_CBO RESTORED TO VARIABLE.
 **********
 **   26 **FIX            0
 **********
 PARAMETER    0  IS UNDEFINED. IGNORED.
 **********
 **   27 **FIX            1
 **********
 **********
 **   28 **FIX            2
 **********
 PARAMETER    2  IS CONSTANT.   IGNORED.
 **********
 **   29 **FIX            3
 **********
 **********
 **   30 **FIX            4
 **********
 **********
 **   31 **FIX            5
 **********
 PARAMETER    5  IS CONSTANT.   IGNORED.
 **********
 **   32 **FIX            6
 **********
 **********
 **   33 **FIX            7
 **********
 PARAMETER    7  IS CONSTANT.   IGNORED.
 **********
 **   34 **FIX           10
 **********
 **********
 **   35 **FIX           11
 **********
 **********
 **   36 **FIX           12
 **********
 PARAMETER   12  IS CONSTANT.   IGNORED.
 **********
 **   37 **FIX           13
 **********
 **********
 **   38 **FIX           14
 **********
 **********
 **   39 **FIX           15
 **********
 PARAMETER   15  IS CONSTANT.   IGNORED.
 **********
 **   40 **FIX           16
 **********
 **********
 **   41 **MIGRAD
 **********
 START MIGRAD MINIMIZATION.  STRATEGY  1.  CONVERGENCE WHEN EDM .LT. 1.00e-04
 FCN=28.339 FROM MIGRAD    STATUS=INITIATE       18 CALLS        2571 TOTAL
                     EDM= unknown      STRATEGY= 1      NO ERROR MATRIX       
  EXT PARAMETER               CURRENT GUESS       STEP         FIRST   
  NO.   NAME      VALUE            ERROR          SIZE      DERIVATIVE 
   1  N0           3.02925e+06     fixed    
   2  tau          6.44153e+01   constant   
   3  A0           3.39241e-01     fixed    
   4  phi          4.13137e+00     fixed    
   5  R           -6.13262e+01   constant   
   6  alpha_CBO   -2.21542e-02     fixed    
   7  w_CBO        2.32500e+00   constant   
   8  beta_CBO     0.00000e+00   1.00000e-03   1.00000e-03  -5.79370e+00
   9  alpha_2CBO   0.00000e+00   1.00000e-03   1.00000e-03   1.36675e+02
  10  beta_2CBO    9.09421e-03     fixed    
  11  alpha_y      0.00000e+00     fixed    
  12  w_y          1.44500e+01   constant   
  13  beta_y      -1.05290e-03     fixed    
  14  alpha_vw     0.00000e+00     fixed    
  15  w_vw         1.29000e+01   constant   
  16  beta_vw      0.00000e+00     fixed    
  17  LM           4.28749e-04   constant   
  18  zeta_y       0.00000e+00   constant   
  19  zeta_vw      0.00000e+00   constant   
  20  T_CBO        1.93173e+01   3.09907e+00  -4.98766e-05  -7.32938e+00
  21  alpha_A0    -3.56690e-01   5.41822e-01  -3.87976e-04   3.91928e-02
  22  beta_A0     -8.26425e-01   9.58818e-01  -1.01255e-03   5.52488e-02
  23  alpha_phi   -1.71666e+00   1.44560e+00  -1.98184e-03   2.39413e-01
  24  beta_phi    -3.57021e-01   6.29138e-01  -3.40444e-04  -2.31138e-01
 MIGRAD MINIMIZATION HAS CONVERGED.
 MIGRAD WILL VERIFY CONVERGENCE AND ERROR MATRIX.
 COVARIANCE MATRIX CALCULATED SUCCESSFULLY
 FCN=28.3355 FROM HESSE     STATUS=OK             50 CALLS        2719 TOTAL
                     EDM=0.000374617    STRATEGY= 1      ERROR MATRIX ACCURATE 
  EXT PARAMETER                                   STEP         FIRST   
  NO.   NAME      VALUE            ERROR          SIZE      DERIVATIVE 
   1  N0           3.02925e+06     fixed    
   2  tau          6.44153e+01   constant   
   3  A0           3.39241e-01     fixed    
   4  phi          4.13137e+00     fixed    
   5  R           -6.13262e+01   constant   
   6  alpha_CBO   -2.21542e-02     fixed    
   7  w_CBO        2.32500e+00   constant   
   8  beta_CBO    -5.01967e-05   1.10385e-03   4.97821e-07   2.75788e-01
   9  alpha_2CBO  -5.53157e-05   1.06295e-03   4.84580e-07   6.75099e-01
  10  beta_2CBO    9.09421e-03     fixed    
  11  alpha_y      0.00000e+00     fixed    
  12  w_y          1.44500e+01   constant   
  13  beta_y      -1.05290e-03     fixed    
  14  alpha_vw     0.00000e+00     fixed    
  15  w_vw         1.29000e+01   constant   
  16  beta_vw      0.00000e+00     fixed    
  17  LM           4.28749e-04   constant   
  18  zeta_y       0.00000e+00   constant   
  19  zeta_vw      0.00000e+00   constant   
  20  T_CBO        1.93197e+01   8.87685e+00   7.66600e-07  -4.08702e-01
  21  alpha_A0    -3.59069e-01   4.46124e-01   2.78399e-05  -1.18747e-02
  22  beta_A0     -8.28636e-01   1.02065e+00   3.74763e-05  -4.57114e-03
  23  alpha_phi   -1.71579e+00   2.16706e+00   2.58912e-05   5.26022e-04
  24  beta_phi    -3.59376e-01   4.32995e-01   2.41665e-05  -7.06772e-03
 MIGRAD MINIMIZATION HAS CONVERGED.
 MIGRAD WILL VERIFY CONVERGENCE AND ERROR MATRIX.
 COVARIANCE MATRIX CALCULATED SUCCESSFULLY
 FCN=28.3329 FROM MIGRAD    STATUS=CONVERGED     893 CALLS        3446 TOTAL
                     EDM=2.57559e-05    STRATEGY= 1      ERROR MATRIX ACCURATE 
  EXT PARAMETER                                   STEP         FIRST   
  NO.   NAME      VALUE            ERROR          SIZE      DERIVATIVE 
   1  N0           3.02925e+06     fixed    
   2  tau          6.44153e+01   constant   
   3  A0           3.39241e-01     fixed    
   4  phi          4.13137e+00     fixed    
   5  R           -6.13262e+01   constant   
   6  alpha_CBO   -2.21542e-02     fixed    
   7  w_CBO        2.32500e+00   constant   
   8  beta_CBO    -1.15637e-04   1.02017e-03   4.97813e-07  -6.20775e+00
   9  alpha_2CBO  -1.07022e-04   1.00854e-03   4.84555e-07   1.05328e+01
  10  beta_2CBO    9.09421e-03     fixed    
  11  alpha_y      0.00000e+00     fixed    
  12  w_y          1.44500e+01   constant   
  13  beta_y      -1.05290e-03     fixed    
  14  alpha_vw     0.00000e+00     fixed    
  15  w_vw         1.29000e+01   constant   
  16  beta_vw      0.00000e+00     fixed    
  17  LM           4.28749e-04   constant   
  18  zeta_y       0.00000e+00   constant   
  19  zeta_vw      0.00000e+00   constant   
  20  T_CBO        2.03942e+01   7.08323e+00   8.29740e-07  -1.29365e+01
  21  alpha_A0    -3.11459e-01   2.78032e-01   2.41533e-05  -1.95437e-01
  22  beta_A0     -7.19478e-01   6.34876e-01   3.24862e-05   3.07019e-02
  23  alpha_phi   -1.48461e+00   1.34238e+00   2.24876e-05   4.74862e-01
  24  beta_phi    -3.13071e-01   2.71107e-01   2.09560e-05   1.53167e-01
 EXTERNAL ERROR MATRIX.    NDIM=  25    NPAR=  7    ERR DEF=1
  1.041e-06  9.650e-07 -3.132e-03 -8.865e-05 -2.430e-04 -5.962e-04 -8.581e-05 
  9.650e-07  1.017e-06 -2.536e-03 -6.389e-05 -1.923e-04 -4.846e-04 -6.144e-05 
 -3.132e-03 -2.536e-03  5.021e+01  1.951e+00  4.489e+00  9.512e+00  1.902e+00 
 -8.865e-05 -6.389e-05  1.951e+00  7.730e-02  1.759e-01  3.695e-01  7.529e-02 
 -2.430e-04 -1.923e-04  4.489e+00  1.759e-01  4.031e-01  8.502e-01  1.715e-01 
 -5.962e-04 -4.846e-04  9.512e+00  3.695e-01  8.502e-01  1.802e+00  3.602e-01 
 -8.581e-05 -6.144e-05  1.902e+00  7.529e-02  1.715e-01  3.602e-01  7.350e-02 
 PARAMETER  CORRELATION COEFFICIENTS  
       NO.  GLOBAL      8      9     20     21     22     23     24
        8  0.98283   1.000  0.938 -0.433 -0.313 -0.375 -0.435 -0.310
        9  0.98336   0.938  1.000 -0.355 -0.228 -0.300 -0.358 -0.225
       20  0.99998  -0.433 -0.355  1.000  0.990  0.998  1.000  0.990
       21  0.99946  -0.313 -0.228  0.990  1.000  0.996  0.990  0.999
       22  0.99981  -0.375 -0.300  0.998  0.996  1.000  0.998  0.996
       23  0.99998  -0.435 -0.358  1.000  0.990  0.998  1.000  0.990
       24  0.99958  -0.310 -0.225  0.990  0.999  0.996  0.990  1.000
MINUIT - FIT wiggle + 1-CBO + 2-CBO
 **********
 **   42 **RES 
 **********
                   PARAMETER   16  beta_vw RESTORED TO VARIABLE.
                   PARAMETER   14  alpha_vw RESTORED TO VARIABLE.
                   PARAMETER   13  beta_y RESTORED TO VARIABLE.
                   PARAMETER   11  alpha_y RESTORED TO VARIABLE.
                   PARAMETER   10  beta_2CBO RESTORED TO VARIABLE.
                   PARAMETER    6  alpha_CBO RESTORED TO VARIABLE.
                   PARAMETER    4  phi RESTORED TO VARIABLE.
                   PARAMETER    3  A0 RESTORED TO VARIABLE.
                   PARAMETER    1  N0 RESTORED TO VARIABLE.
 **********
 **   43 **FIX           10
 **********
 **********
 **   44 **FIX           11
 **********
 **********
 **   45 **FIX           12
 **********
 PARAMETER   12  IS CONSTANT.   IGNORED.
 **********
 **   46 **FIX           13
 **********
 **********
 **   47 **FIX           14
 **********
 **********
 **   48 **FIX           15
 **********
 PARAMETER   15  IS CONSTANT.   IGNORED.
 **********
 **   49 **FIX           16
 **********
 **********
 **   50 **MIGRAD
 **********
 START MIGRAD MINIMIZATION.  STRATEGY  1.  CONVERGENCE WHEN EDM .LT. 1.00e-04
 FCN=28.3329 FROM MIGRAD    STATUS=INITIATE       22 CALLS        3468 TOTAL
                     EDM= unknown      STRATEGY= 1      NO ERROR MATRIX       
  EXT PARAMETER               CURRENT GUESS       STEP         FIRST   
  NO.   NAME      VALUE            ERROR          SIZE      DERIVATIVE 
   1  N0           3.02925e+06   1.61135e+04   1.61135e+04  -3.21588e-06
   2  tau          6.44153e+01   constant   
   3  A0           3.39241e-01   8.83537e-03   8.83537e-03  -2.54378e+01
   4  phi          4.13137e+00   7.86457e-02   7.86457e-02   1.00718e+01
   5  R           -6.13262e+01   constant   
   6  alpha_CBO   -2.21542e-02   9.27002e-03   9.27002e-03  -4.18418e+01
   7  w_CBO        2.32500e+00   constant   
   8  beta_CBO    -1.15637e-04   1.02017e-03   4.97813e-07  -6.20775e+00
   9  alpha_2CBO  -1.07022e-04   1.00854e-03   4.84555e-07   1.05327e+01
  10  beta_2CBO    9.09421e-03     fixed    
  11  alpha_y      0.00000e+00     fixed    
  12  w_y          1.44500e+01   constant   
  13  beta_y      -1.05290e-03     fixed    
  14  alpha_vw     0.00000e+00     fixed    
  15  w_vw         1.29000e+01   constant   
  16  beta_vw      0.00000e+00     fixed    
  17  LM           4.28749e-04   constant   
  18  zeta_y       0.00000e+00   constant   
  19  zeta_vw      0.00000e+00   constant   
  20  T_CBO        2.03942e+01   7.08323e+00   8.29740e-07  -1.29364e+01
  21  alpha_A0    -3.11459e-01   2.78032e-01   2.41533e-05  -1.95438e-01
  22  beta_A0     -7.19478e-01   6.34876e-01   3.24862e-05   3.07047e-02
  23  alpha_phi   -1.48461e+00   1.34238e+00   2.24876e-05   4.74862e-01
  24  beta_phi    -3.13071e-01   2.71107e-01   2.09560e-05   1.53167e-01
 MIGRAD MINIMIZATION HAS CONVERGED.
 MIGRAD WILL VERIFY CONVERGENCE AND ERROR MATRIX.
 FCN=28.332 FROM HESSE     STATUS=NOT POSDEF    100 CALLS        3764 TOTAL
                     EDM=0.000464581    STRATEGY= 1      ERR MATRIX NOT POS-DEF
  EXT PARAMETER                APPROXIMATE        STEP         FIRST   
  NO.   NAME      VALUE            ERROR          SIZE      DERIVATIVE 
   1  N0           3.02941e+06   4.43480e+03   1.44454e+00  -1.14552e-06
   2  tau          6.44153e+01   constant   
   3  A0           3.39247e-01   1.79914e-03   3.61031e-07   2.32755e+00
   4  phi          4.13138e+00   6.39534e-03   1.96999e-06   1.00895e-01
   5  R           -6.13262e+01   constant   
   6  alpha_CBO   -2.21288e-02   1.32971e-03   5.01538e-07   2.47455e+00
   7  w_CBO        2.32500e+00   constant   
   8  beta_CBO    -1.20035e-04   1.62212e-03   4.97803e-07   1.18714e+01
   9  alpha_2CBO  -9.23269e-05   8.58297e-04   4.84548e-07   5.70653e+00
  10  beta_2CBO    9.09421e-03     fixed    
  11  alpha_y      0.00000e+00     fixed    
  12  w_y          1.44500e+01   constant   
  13  beta_y      -1.05290e-03     fixed    
  14  alpha_vw     0.00000e+00     fixed    
  15  w_vw         1.29000e+01   constant   
  16  beta_vw      0.00000e+00     fixed    
  17  LM           4.28749e-04   constant   
  18  zeta_y       0.00000e+00   constant   
  19  zeta_vw      0.00000e+00   constant   
  20  T_CBO        2.03900e+01   5.35736e-01   8.30816e-07  -3.09847e+00
  21  alpha_A0    -3.07786e-01   7.96409e-02   2.40764e-05   1.08964e-01
  22  beta_A0     -7.18392e-01   8.05407e-02   3.23766e-05   5.97157e-02
  23  alpha_phi   -1.48418e+00   9.76437e-02   2.24114e-05   3.15878e-03
  24  beta_phi    -3.14851e-01   8.41675e-02   2.08868e-05   2.65713e-01
 CALL LIMIT EXCEEDED IN MIGRAD.
 MIGRAD TERMINATED WITHOUT CONVERGENCE.
 FCN=26.8826 FROM MIGRAD    STATUS=CALL LIMIT   1921 CALLS        5367 TOTAL
                     EDM=0.0139046    STRATEGY= 1      ERR MATRIX NOT POS-DEF
  EXT PARAMETER                APPROXIMATE        STEP         FIRST   
  NO.   NAME      VALUE            ERROR          SIZE      DERIVATIVE 
   1  N0           3.14769e+06   2.68017e+04  -1.70968e+03  -2.55375e-04
   2  tau          6.44153e+01   constant   
   3  A0           3.38193e-01   8.62178e-03  -6.70786e-04  -5.14635e+02
   4  phi          4.02792e+00   3.76522e-02  -2.23546e-03   3.11597e+02
   5  R           -6.13262e+01   constant   
   6  alpha_CBO   -4.07842e-02   6.06653e-03  -3.65737e-04  -8.25106e+02
   7  w_CBO        2.32500e+00   constant   
   8  beta_CBO    -2.87742e-02   1.11551e-02   7.85730e-04  -4.38403e+02
   9  alpha_2CBO  -1.03469e-02   1.99959e-03   8.44650e-05   4.33024e+02
  10  beta_2CBO    9.09421e-03     fixed    
  11  alpha_y      0.00000e+00     fixed    
  12  w_y          1.44500e+01   constant   
  13  beta_y      -1.05290e-03     fixed    
  14  alpha_vw     0.00000e+00     fixed    
  15  w_vw         1.29000e+01   constant   
  16  beta_vw      0.00000e+00     fixed    
  17  LM           4.28749e-04   constant   
  18  zeta_y       0.00000e+00   constant   
  19  zeta_vw      0.00000e+00   constant   
  20  T_CBO        2.02441e+01   3.53189e-01   1.70545e-04   5.33388e+02
  21  alpha_A0     1.52650e+00   1.02263e-01  -2.66597e-03   7.19669e+00
  22  beta_A0     -1.32589e+00   2.17685e-01  -3.49833e-03   4.09861e+00
  23  alpha_phi   -1.25138e+00   1.84741e-01  -1.09103e-02   1.09241e+01
  24  beta_phi    -3.04640e+00   1.59439e-01   1.53305e-03  -1.18995e+01
 EXTERNAL ERROR MATRIX.    NDIM=  25    NPAR= 11    ERR DEF=1
  7.183e+08 
  1.939e+02  7.434e-05 
  9.549e+02  2.753e-04  1.418e-03 
  1.487e+02  4.442e-05  2.257e-04  3.680e-05 
 -2.929e+02 -8.777e-05 -3.962e-04 -6.163e-05  1.244e-04 
 -4.227e+01 -8.856e-06 -5.151e-05 -7.350e-06  1.748e-05  3.998e-06 
 -9.299e+03 -2.695e-03 -1.293e-02 -2.016e-03  3.906e-03  5.490e-04  1.247e-01 
  1.543e+03  2.195e-04  1.412e-03  2.325e-04 -4.802e-04 -6.561e-05 -1.484e-02  1.046e-02 
 -2.113e+03  3.043e-04 -2.257e-03 -2.404e-04  6.099e-04  2.942e-04  2.311e-02 -7.283e-03  4.739e-02 
  9.248e+02  1.067e-03  1.418e-03  2.908e-04 -6.830e-04  3.856e-05 -1.670e-02 -2.516e-03  3.186e-02  3.413e-02 
 -1.848e+03 -1.211e-07 -1.039e-03 -8.460e-05  6.029e-04  2.293e-04  1.769e-02 -1.003e-02  2.676e-02  1.287e-02  2.542e-02 
ERR MATRIX NOT POS-DEF
 PARAMETER  CORRELATION COEFFICIENTS  
       NO.  GLOBAL      1      3      4      6      8      9     20     21     22     23     24
        1  0.99998   1.000  0.839  0.946  0.914 -0.980 -0.789 -0.982  0.563 -0.362  0.187 -0.432
        3  0.99998   0.839  1.000  0.848  0.849 -0.913 -0.514 -0.885  0.249  0.162  0.670 -0.000
        4  0.99998   0.946  0.848  1.000  0.988 -0.943 -0.684 -0.973  0.367 -0.275  0.204 -0.173
        6  0.99982   0.914  0.849  0.988  1.000 -0.911 -0.606 -0.941  0.375 -0.182  0.259 -0.087
        8  0.99992  -0.980 -0.913 -0.943 -0.911  1.000  0.783  0.991 -0.421  0.251 -0.331  0.339
        9  0.99820  -0.789 -0.514 -0.684 -0.606  0.783  1.000  0.777 -0.321  0.676  0.104  0.719
       20  0.99969  -0.982 -0.885 -0.973 -0.941  0.991  0.777  1.000 -0.411  0.301 -0.256  0.314
       21  0.99892   0.563  0.249  0.367  0.375 -0.421 -0.321 -0.411  1.000 -0.327 -0.133 -0.615
       22  0.99920  -0.362  0.162 -0.275 -0.182  0.251  0.676  0.301 -0.327  1.000  0.792  0.771
       23  0.99972   0.187  0.670  0.204  0.259 -0.331  0.104 -0.256 -0.133  0.792  1.000  0.437
       24  0.99982  -0.432 -0.000 -0.173 -0.087  0.339  0.719  0.314 -0.615  0.771  0.437  1.000
 ERR MATRIX NOT POS-DEF
MINUIT - FIT ONLY 1-y
 **********
 **   51 **RES 
 **********
                   PARAMETER   16  beta_vw RESTORED TO VARIABLE.
                   PARAMETER   14  alpha_vw RESTORED TO VARIABLE.
                   PARAMETER   13  beta_y RESTORED TO VARIABLE.
                   PARAMETER   11  alpha_y RESTORED TO VARIABLE.
                   PARAMETER   10  beta_2CBO RESTORED TO VARIABLE.
 **********
 **   52 **FIX            0
 **********
 PARAMETER    0  IS UNDEFINED. IGNORED.
 **********
 **   53 **FIX            1
 **********
 **********
 **   54 **FIX            2
 **********
 PARAMETER    2  IS CONSTANT.   IGNORED.
 **********
 **   55 **FIX            3
 **********
 **********
 **   56 **FIX            4
 **********
 **********
 **   57 **FIX            5
 **********
 PARAMETER    5  IS CONSTANT.   IGNORED.
 **********
 **   58 **FIX            6
 **********
 **********
 **   59 **FIX            7
 **********
 PARAMETER    7  IS CONSTANT.   IGNORED.
 **********
 **   60 **FIX            8
 **********
 **********
 **   61 **FIX            9
 **********
 **********
 **   62 **FIX           13
 **********
 **********
 **   63 **FIX           14
 **********
 **********
 **   64 **FIX           15
 **********
 PARAMETER   15  IS CONSTANT.   IGNORED.
 **********
 **   65 **FIX           16
 **********
 **********
 **   66 **MIGRAD
 **********
 START MIGRAD MINIMIZATION.  STRATEGY  1.  CONVERGENCE WHEN EDM .LT. 1.00e-04
 FCN=26.8826 FROM MIGRAD    STATUS=INITIATE       16 CALLS        5383 TOTAL
                     EDM= unknown      STRATEGY= 1      NO ERROR MATRIX       
  EXT PARAMETER               CURRENT GUESS       STEP         FIRST   
  NO.   NAME      VALUE            ERROR          SIZE      DERIVATIVE 
   1  N0           3.14769e+06     fixed    
   2  tau          6.44153e+01   constant   
   3  A0           3.38193e-01     fixed    
   4  phi          4.02792e+00     fixed    
   5  R           -6.13262e+01   constant   
   6  alpha_CBO   -4.07842e-02     fixed    
   7  w_CBO        2.32500e+00   constant   
   8  beta_CBO    -2.87742e-02     fixed    
   9  alpha_2CBO  -1.03469e-02     fixed    
  10  beta_2CBO    9.09421e-03   4.11556e-03   4.11556e-03  -1.07003e+01
  11  alpha_y      0.00000e+00   1.00000e-03   1.00000e-03  -4.53700e+04
  12  w_y          1.44500e+01   constant   
  13  beta_y      -1.05290e-03     fixed    
  14  alpha_vw     0.00000e+00     fixed    
  15  w_vw         1.29000e+01   constant   
  16  beta_vw      0.00000e+00     fixed    
  17  LM           4.28749e-04   constant   
  18  zeta_y       0.00000e+00   constant   
  19  zeta_vw      0.00000e+00   constant   
  20  T_CBO        2.02441e+01   3.53189e-01   1.70545e-04   5.33388e+02
  21  alpha_A0     1.52650e+00   1.02263e-01  -2.66597e-03   7.19669e+00
  22  beta_A0     -1.32589e+00   2.17685e-01  -3.49833e-03   4.09861e+00
  23  alpha_phi   -1.25138e+00   1.84741e-01  -1.09103e-02   1.09241e+01
  24  beta_phi    -3.04640e+00   1.59439e-01   1.53305e-03  -1.18995e+01
 MIGRAD MINIMIZATION HAS CONVERGED.
 MIGRAD WILL VERIFY CONVERGENCE AND ERROR MATRIX.
 FCN=7.75061 FROM HESSE     STATUS=NOT POSDEF     50 CALLS        5528 TOTAL
                     EDM=0.000574463    STRATEGY= 1      ERR MATRIX NOT POS-DEF
  EXT PARAMETER                APPROXIMATE        STEP         FIRST   
  NO.   NAME      VALUE            ERROR          SIZE      DERIVATIVE 
   1  N0           3.14769e+06     fixed    
   2  tau          6.44153e+01   constant   
   3  A0           3.38193e-01     fixed    
   4  phi          4.02792e+00     fixed    
   5  R           -6.13262e+01   constant   
   6  alpha_CBO   -4.07842e-02     fixed    
   7  w_CBO        2.32500e+00   constant   
   8  beta_CBO    -2.87742e-02     fixed    
   9  alpha_2CBO  -1.03469e-02     fixed    
  10  beta_2CBO    9.37142e-03   3.38971e-04   2.80828e-07  -3.42112e-01
  11  alpha_y      8.46600e-04   1.93294e-04   2.71913e-07  -1.38800e+00
  12  w_y          1.44500e+01   constant   
  13  beta_y      -1.05290e-03     fixed    
  14  alpha_vw     0.00000e+00     fixed    
  15  w_vw         1.29000e+01   constant   
  16  beta_vw      0.00000e+00     fixed    
  17  LM           4.28749e-04   constant   
  18  zeta_y       0.00000e+00   constant   
  19  zeta_vw      0.00000e+00   constant   
  20  T_CBO        2.02487e+01   2.11381e-01   6.12846e-07   2.15160e+01
  21  alpha_A0     1.52338e+00   4.38267e-02   1.49864e-05  -6.44811e-02
  22  beta_A0     -1.30798e+00   4.04877e-02   1.72261e-05   9.16131e-03
  23  alpha_phi   -1.25159e+00   3.46989e-02   1.09564e-05   8.10223e-02
  24  beta_phi    -3.05349e+00   8.50624e-02   1.07940e-05   1.16607e-01
 CALL LIMIT EXCEEDED IN MIGRAD.
 MIGRAD TERMINATED WITHOUT CONVERGENCE.
 FCN=7.40981 FROM MIGRAD    STATUS=CALL LIMIT   1151 CALLS        6518 TOTAL
                     EDM=0.000348123    STRATEGY= 1      ERR MATRIX NOT POS-DEF
  EXT PARAMETER                APPROXIMATE        STEP         FIRST   
  NO.   NAME      VALUE            ERROR          SIZE      DERIVATIVE 
   1  N0           3.14769e+06     fixed    
   2  tau          6.44153e+01   constant   
   3  A0           3.38193e-01     fixed    
   4  phi          4.02792e+00     fixed    
   5  R           -6.13262e+01   constant   
   6  alpha_CBO   -4.07842e-02     fixed    
   7  w_CBO        2.32500e+00   constant   
   8  beta_CBO    -2.87742e-02     fixed    
   9  alpha_2CBO  -1.03469e-02     fixed    
  10  beta_2CBO    9.53373e-03   3.32509e-04   4.08467e-06   5.09876e+01
  11  alpha_y      8.60585e-04   1.88951e-04  -4.18243e-08  -1.08590e+01
  12  w_y          1.44500e+01   constant   
  13  beta_y      -1.05290e-03     fixed    
  14  alpha_vw     0.00000e+00     fixed    
  15  w_vw         1.29000e+01   constant   
  16  beta_vw      0.00000e+00     fixed    
  17  LM           4.28749e-04   constant   
  18  zeta_y       0.00000e+00   constant   
  19  zeta_vw      0.00000e+00   constant   
  20  T_CBO        1.77338e+01   2.09337e+00  -3.89957e-04  -1.50793e+02
  21  alpha_A0     2.22481e+00   7.91468e-01   1.95658e-02  -2.33131e-01
  22  beta_A0     -1.87230e+00   6.34060e-01  -1.57282e-02  -2.30728e-01
  23  alpha_phi   -1.80452e+00   6.19967e-01  -1.53535e-02   7.50084e-01
  24  beta_phi    -4.45137e+00   1.57453e+00  -3.89621e-02   1.20054e+00
 EXTERNAL ERROR MATRIX.    NDIM=  25    NPAR=  7    ERR DEF=1
  1.106e-07  1.106e-08 -2.678e-04  1.007e-04 -7.646e-05 -8.026e-05 -2.037e-04 
  1.106e-08  3.570e-08 -2.355e-05  8.823e-06 -6.411e-06 -6.952e-06 -1.803e-05 
 -2.678e-04 -2.355e-05  4.383e+00 -1.657e+00  1.327e+00  1.298e+00  3.296e+00 
  1.007e-04  8.823e-06 -1.657e+00  6.264e-01 -5.015e-01 -4.906e-01 -1.246e+00 
 -7.646e-05 -6.411e-06  1.327e+00 -5.015e-01  4.020e-01  3.928e-01  9.977e-01 
