 + ++++++++++++++++++++++++++++++++++++++++++++++++++++++++++++++++++++ +
 +                                                                      +
 +           You have chose to blind your fitting according to          +
 +                omega_ref * (1 + (R +/- deltaR) *10^{-6})             +
 +                                                                      +
 + ++++++++++++++++++++++++++++++++++++++++++++++++++++++++++++++++++++ +
In main()...
reading format from /gm2data/zkhechad/run45/envelope/formats/formatB_sBin_constraintOn.txt
pBinTau 	= 0  
pBinPhi 	= 0  
constraintau 	= 1 
includeMopTerm 	= 0    
constrainMop    = 0   
Parameters after format file: pBinTau 0 pBinPhi 0 constraintau 1 includeMopTerm 0 constrainMop 0 c_e_scale 0.000000 
Opening file /gm2data/tbarrett/gm2fr/studies/run23_bunch_corrections/CorrectedFourier_Run3b.root.
reading full fit data from /gm2data/zkhechad/cboTemplates/Run4CBOTemplates/fullFits/noRF/sBin_constraintOn_cE0.0_seed0_noRF_calo7.root
windowBins = 69
fitting sliding window 2240 from bin 2376 at 354.350000 to bin 2445 at 364.794000 (69 bins)

Reading data from /gm2data/cornell/histograms/aMethod/histogram_a_noRF.root
 **********
 **    1 **SET PRINTOUT            1
 **********
 **********
 **    2 **SET NOWARNINGS 
 **********
 PARAMETER DEFINITIONS:
    NO.   NAME         VALUE      STEP SIZE      LIMITS
     1 N0           3.03443e+06  1.00000e+02     no limits
     2 tau          6.44117e+01  constant
     3 A0           3.50188e-01  1.00000e-04     no limits
     4 phi          4.11726e+00  1.00000e-02     no limits
     5 R           -6.15857e+01  constant
     6 alpha_CBO    0.00000e+00  1.00000e-03     no limits
     7 w_CBO        2.32500e+00  constant
     8 beta_CBO     0.00000e+00  1.00000e-03     no limits
     9 alpha_2CBO   0.00000e+00  1.00000e-03     no limits
    10 beta_2CBO    0.00000e+00  1.00000e-03     no limits
    11 alpha_y      0.00000e+00  1.00000e-03     no limits
    12 w_y          1.38860e+01  constant
    13 beta_y       0.00000e+00  1.00000e-03     no limits
    14 alpha_vw     0.00000e+00  1.00000e-03     no limits
    15 w_vw         1.43404e+01  constant
    16 beta_vw      0.00000e+00  1.00000e-03     no limits
    17 LM           1.09700e-04  constant
    18 zeta_y       0.00000e+00  constant
    19 zeta_vw      0.00000e+00  constant
    20 T_CBO        1.00000e+02  1.00000e+00    0.00000e+00  1.00000e+03
    21 alpha_A0     0.00000e+00  1.00000e-03     no limits
    22 beta_A0      0.00000e+00  1.00000e-03     no limits
    23 alpha_phi    0.00000e+00  1.00000e-03     no limits
    24 beta_phi     0.00000e+00  1.00000e-03     no limits
MINUIT - FIT ONLY WIGGLE
 **********
 **    3 **FIX            5
 **********
 PARAMETER    5  IS CONSTANT.   IGNORED.
 **********
 **    4 **FIX            6
 **********
 **********
 **    5 **FIX            7
 **********
 PARAMETER    7  IS CONSTANT.   IGNORED.
 **********
 **    6 **FIX            8
 **********
 **********
 **    7 **FIX            9
 **********
 **********
 **    8 **FIX           10
 **********
 **********
 **    9 **FIX           11
 **********
 **********
 **   10 **FIX           12
 **********
 PARAMETER   12  IS CONSTANT.   IGNORED.
 **********
 **   11 **FIX           13
 **********
 **********
 **   12 **FIX           14
 **********
 **********
 **   13 **FIX           15
 **********
 PARAMETER   15  IS CONSTANT.   IGNORED.
 **********
 **   14 **FIX           16
 **********
 **********
 **   15 **MIGRAD
 **********
 FIRST CALL TO USER FUNCTION AT NEW START POINT, WITH IFLAG=4.
 START MIGRAD MINIMIZATION.  STRATEGY  1.  CONVERGENCE WHEN EDM .LT. 1.00e-04
 FCN=85.7791 FROM MIGRAD    STATUS=INITIATE      437 CALLS         438 TOTAL
                     EDM= unknown      STRATEGY= 1      NO ERROR MATRIX       
  EXT PARAMETER               CURRENT GUESS       STEP         FIRST   
  NO.   NAME      VALUE            ERROR          SIZE      DERIVATIVE 
   1  N0           3.03443e+06   1.00000e+02   0.00000e+00   2.48107e-05
   2  tau          6.44117e+01   constant   
   3  A0           3.50188e-01   1.00000e-04   0.00000e+00  -4.94830e+02
   4  phi          4.11726e+00   1.00000e-02   0.00000e+00   6.16817e+02
   5  R           -6.15857e+01   constant   
   6  alpha_CBO    0.00000e+00     fixed    
   7  w_CBO        2.32500e+00   constant   
   8  beta_CBO     0.00000e+00     fixed    
   9  alpha_2CBO   0.00000e+00     fixed    
  10  beta_2CBO    0.00000e+00     fixed    
  11  alpha_y      0.00000e+00     fixed    
  12  w_y          1.38860e+01   constant   
  13  beta_y       0.00000e+00     fixed    
  14  alpha_vw     0.00000e+00     fixed    
  15  w_vw         1.43404e+01   constant   
  16  beta_vw      0.00000e+00     fixed    
  17  LM           1.09700e-04   constant   
  18  zeta_y       0.00000e+00   constant   
  19  zeta_vw      0.00000e+00   constant   
  20  T_CBO        1.00000e+02   1.00000e+00   0.00000e+00   0.00000e+00
  21  alpha_A0     0.00000e+00   1.00000e-03   0.00000e+00  -1.74858e+01
  22  beta_A0      0.00000e+00   1.00000e-03   0.00000e+00  -2.11198e+01
  23  alpha_phi    0.00000e+00   1.00000e-03   0.00000e+00   4.32474e+00
  24  beta_phi     0.00000e+00   1.00000e-03   0.00000e+00  -4.19464e+01
 CALL LIMIT EXCEEDED IN MIGRAD.
 MIGRAD TERMINATED WITHOUT CONVERGENCE.
 FCN=74.4341 FROM MIGRAD    STATUS=CALL LIMIT   1332 CALLS        1333 TOTAL
                     EDM=0.00283058    STRATEGY= 1  ERROR MATRIX UNCERTAINTY   1.4 per cent
  EXT PARAMETER                APPROXIMATE        STEP         FIRST   
  NO.   NAME      VALUE            ERROR          SIZE      DERIVATIVE 
   1  N0           3.03448e+06   2.12242e+03  -3.24881e+01   3.12209e-06
   2  tau          6.44117e+01   constant   
   3  A0           3.50223e-01   9.30248e-04  -4.22394e-05  -3.60537e+01
   4  phi          4.11482e+00   2.70941e-03  -5.48544e-05  -4.82603e+00
   5  R           -6.15857e+01   constant   
   6  alpha_CBO    0.00000e+00     fixed    
   7  w_CBO        2.32500e+00   constant   
   8  beta_CBO     0.00000e+00     fixed    
   9  alpha_2CBO   0.00000e+00     fixed    
  10  beta_2CBO    0.00000e+00     fixed    
  11  alpha_y      0.00000e+00     fixed    
  12  w_y          1.38860e+01   constant   
  13  beta_y       0.00000e+00     fixed    
  14  alpha_vw     0.00000e+00     fixed    
  15  w_vw         1.43404e+01   constant   
  16  beta_vw      0.00000e+00     fixed    
  17  LM           1.09700e-04   constant   
  18  zeta_y       0.00000e+00   constant   
  19  zeta_vw      0.00000e+00   constant   
  20  T_CBO        4.47072e+01   1.31565e+01  -4.59835e-03  -1.10916e+01
  21  alpha_A0     1.55375e+01   3.21083e+01   2.26062e+00   5.37909e-03
  22  beta_A0      1.62540e+01   3.34203e+01   2.35353e+00   7.52920e-03
  23  alpha_phi   -2.57985e+00   6.27298e+00  -4.39196e-01   9.24821e-03
  24  beta_phi     2.63631e+01   5.51760e+01   3.88099e+00  -2.11112e-02
 EXTERNAL ERROR MATRIX.    NDIM=  25    NPAR=  8    ERR DEF=1
  4.505e+06  2.245e-01  8.513e-01  1.904e+02 -9.207e+02 -9.500e+02  1.402e+02 -1.493e+03 
  2.245e-01  8.654e-07 -9.014e-08  1.112e-03 -3.984e-03 -4.126e-03  8.187e-04 -6.872e-03 
  8.513e-01 -9.014e-08  7.341e-06  1.171e-03 -4.388e-03 -4.617e-03  8.488e-04 -7.596e-03 
  1.904e+02  1.112e-03  1.171e-03  1.733e+02 -4.190e+02 -4.361e+02  8.160e+01 -7.197e+02 
 -9.207e+02 -3.984e-03 -4.388e-03 -4.190e+02  1.031e+03  1.073e+03 -2.013e+02  1.772e+03 
 -9.500e+02 -4.126e-03 -4.617e-03 -4.361e+02  1.073e+03  1.117e+03 -2.095e+02  1.844e+03 
  1.402e+02  8.187e-04  8.488e-04  8.160e+01 -2.013e+02 -2.095e+02  3.935e+01 -3.459e+02 
 -1.493e+03 -6.872e-03 -7.596e-03 -7.197e+02  1.772e+03  1.844e+03 -3.459e+02  3.044e+03 
ERR MATRIX APPROXIMATE
 PARAMETER  CORRELATION COEFFICIENTS  
       NO.  GLOBAL      1      3      4     20     21     22     23     24
        1  0.24686   1.000  0.114  0.148  0.007 -0.014 -0.013  0.011 -0.013
        3  0.37223   0.114  1.000 -0.036  0.091 -0.133 -0.133  0.140 -0.134
        4  0.25526   0.148 -0.036  1.000  0.033 -0.050 -0.051  0.050 -0.051
       20  0.99442   0.007  0.091  0.033  1.000 -0.991 -0.991  0.988 -0.991
       21  0.99999  -0.014 -0.133 -0.050 -0.991  1.000  1.000 -0.999  1.000
       22  0.99998  -0.013 -0.133 -0.051 -0.991  1.000  1.000 -0.999  1.000
       23  0.99965   0.011  0.140  0.050  0.988 -0.999 -0.999  1.000 -0.999
       24  0.99999  -0.013 -0.134 -0.051 -0.991  1.000  1.000 -0.999  1.000
 ERR MATRIX APPROXIMATE
MINUIT - FIT ONLY 1-CBO + wiggle
 **********
 **   16 **RES 
 **********
                   PARAMETER   16  beta_vw RESTORED TO VARIABLE.
                   PARAMETER   14  alpha_vw RESTORED TO VARIABLE.
                   PARAMETER   13  beta_y RESTORED TO VARIABLE.
                   PARAMETER   11  alpha_y RESTORED TO VARIABLE.
                   PARAMETER   10  beta_2CBO RESTORED TO VARIABLE.
                   PARAMETER    9  alpha_2CBO RESTORED TO VARIABLE.
                   PARAMETER    8  beta_CBO RESTORED TO VARIABLE.
                   PARAMETER    6  alpha_CBO RESTORED TO VARIABLE.
 **********
 **   17 **FIX            8
 **********
 **********
 **   18 **FIX            9
 **********
 **********
 **   19 **FIX           11
 **********
 **********
 **   20 **FIX           12
 **********
 PARAMETER   12  IS CONSTANT.   IGNORED.
 **********
 **   21 **FIX           14
 **********
 **********
 **   22 **FIX           15
 **********
 PARAMETER   15  IS CONSTANT.   IGNORED.
 **********
 **   23 **FIX           16
 **********
 **********
 **   24 **MIGRAD
 **********
 START MIGRAD MINIMIZATION.  STRATEGY  1.  CONVERGENCE WHEN EDM .LT. 1.00e-04
 FCN=74.4341 FROM MIGRAD    STATUS=INITIATE       28 CALLS        1361 TOTAL
                     EDM= unknown      STRATEGY= 1      NO ERROR MATRIX       
  EXT PARAMETER               CURRENT GUESS       STEP         FIRST   
  NO.   NAME      VALUE            ERROR          SIZE      DERIVATIVE 
   1  N0           3.03448e+06   2.12242e+03  -3.24881e+01   3.12209e-06
   2  tau          6.44117e+01   constant   
   3  A0           3.50223e-01   9.30248e-04  -4.22394e-05  -3.60537e+01
   4  phi          4.11482e+00   2.70941e-03  -5.48544e-05  -4.82603e+00
   5  R           -6.15857e+01   constant   
   6  alpha_CBO    0.00000e+00   1.00000e-03   1.00000e-03  -6.85074e+02
   7  w_CBO        2.32500e+00   constant   
   8  beta_CBO     0.00000e+00     fixed    
   9  alpha_2CBO   0.00000e+00     fixed    
  10  beta_2CBO    0.00000e+00   1.00000e-03   1.00000e-03   1.44625e+03
  11  alpha_y      0.00000e+00     fixed    
  12  w_y          1.38860e+01   constant   
  13  beta_y       0.00000e+00   1.00000e-03   1.00000e-03   5.77270e+02
  14  alpha_vw     0.00000e+00     fixed    
  15  w_vw         1.43404e+01   constant   
  16  beta_vw      0.00000e+00     fixed    
  17  LM           1.09700e-04   constant   
  18  zeta_y       0.00000e+00   constant   
  19  zeta_vw      0.00000e+00   constant   
  20  T_CBO        4.47072e+01   1.31565e+01  -4.59835e-03  -1.10916e+01
  21  alpha_A0     1.55375e+01   3.21083e+01   2.26062e+00   5.37909e-03
  22  beta_A0      1.62540e+01   3.34203e+01   2.35353e+00   7.52920e-03
  23  alpha_phi   -2.57985e+00   6.27298e+00  -4.39196e-01   9.24821e-03
  24  beta_phi     2.63631e+01   5.51760e+01   3.88099e+00  -2.11112e-02
 CALL LIMIT EXCEEDED IN MIGRAD.
 MIGRAD TERMINATED WITHOUT CONVERGENCE.
 FCN=73.1835 FROM MIGRAD    STATUS=CALL LIMIT   1924 CALLS        3257 TOTAL
                     EDM=0.00814875    STRATEGY= 1  ERROR MATRIX UNCERTAINTY  35.6 per cent
  EXT PARAMETER                APPROXIMATE        STEP         FIRST   
  NO.   NAME      VALUE            ERROR          SIZE      DERIVATIVE 
   1  N0           3.03452e+06   2.10300e+03   8.17899e+00   4.37035e-06
   2  tau          6.44117e+01   constant   
   3  A0           3.50109e-01   9.17943e-04   6.14024e-06   6.81148e-02
   4  phi          4.11471e+00   2.67358e-03   1.21798e-05   2.36511e-01
   5  R           -6.15857e+01   constant   
   6  alpha_CBO    3.56849e-04   9.81893e-04   2.78663e-07   1.17465e+01
   7  w_CBO        2.32500e+00   constant   
   8  beta_CBO     0.00000e+00     fixed    
   9  alpha_2CBO   0.00000e+00     fixed    
  10  beta_2CBO   -6.88998e-04   9.66517e-04   2.98930e-06  -1.01683e+01
  11  alpha_y      0.00000e+00     fixed    
  12  w_y          1.38860e+01   constant   
  13  beta_y      -2.50492e-04   9.58374e-04   1.97917e-06   5.67822e+00
  14  alpha_vw     0.00000e+00     fixed    
  15  w_vw         1.43404e+01   constant   
  16  beta_vw      0.00000e+00     fixed    
  17  LM           1.09700e-04   constant   
  18  zeta_y       0.00000e+00   constant   
  19  zeta_vw      0.00000e+00   constant   
  20  T_CBO        2.31031e+01   2.83619e+00  -8.61747e-04  -4.49823e+01
  21  alpha_A0     3.20024e+04   5.43818e+04   2.41283e+03   5.72022e-06
  22  beta_A0      2.85667e+04   4.83823e+04   2.14667e+03  -4.72914e-07
  23  alpha_phi   -8.24040e+03   1.41292e+04  -6.26846e+02   3.61410e-06
  24  beta_phi     5.04174e+04   8.58110e+04   3.80723e+03  -1.29239e-05
 EXTERNAL ERROR MATRIX.    NDIM=  25    NPAR= 11    ERR DEF=1
  4.423e+06 
  1.911e-01  8.426e-07 
  9.501e-01 -7.807e-08  7.148e-06 
  2.343e-02 -7.834e-08 -3.653e-07  9.641e-07 
 -6.288e-03  3.951e-08 -2.104e-08  7.637e-09  9.342e-07 
  2.173e-02  2.104e-08 -6.102e-09 -2.831e-09 -2.203e-08  9.185e-07 
 -1.376e+02 -1.929e-04 -2.540e-04  1.194e-05 -1.515e-04 -6.018e-05  8.045e+00 
  4.513e+06  4.041e+00  5.980e+00  4.672e-01  2.410e+00  1.585e+00 -1.535e+05  2.957e+09 
  4.014e+06  3.595e+00  5.312e+00  4.158e-01  2.144e+00  1.410e+00 -1.366e+05  2.631e+09  2.341e+09 
 -1.177e+06 -1.049e+00 -1.558e+00 -1.204e-01 -6.252e-01 -4.115e-01  3.989e+04 -7.684e+08 -6.836e+08  1.996e+08 
  7.129e+06  6.379e+00  9.435e+00  7.353e-01  3.804e+00  2.501e+00 -2.423e+05  4.667e+09  4.152e+09 -1.212e+09  7.364e+09 
ERR MATRIX APPROXIMATE
 PARAMETER  CORRELATION COEFFICIENTS  
       NO.  GLOBAL      1      3      4      6     10     13     20     21     22     23     24
        1  0.28956   1.000  0.099  0.169  0.011 -0.003  0.011 -0.023  0.039  0.039 -0.040  0.040
        3  0.22895   0.099  1.000 -0.032 -0.087  0.045  0.024 -0.074  0.081  0.081 -0.081  0.081
        4  0.29731   0.169 -0.032  1.000 -0.139 -0.008 -0.002 -0.033  0.041  0.041 -0.041  0.041
        6  0.26157   0.011 -0.087 -0.139  1.000  0.008 -0.003  0.004  0.009  0.009 -0.009  0.009
       10  0.19423  -0.003  0.045 -0.008  0.008  1.000 -0.024 -0.055  0.046  0.046 -0.046  0.046
       13  0.10087   0.011  0.024 -0.002 -0.003 -0.024  1.000 -0.022  0.030  0.030 -0.030  0.030
       20  0.99603  -0.023 -0.074 -0.033  0.004 -0.055 -0.022  1.000 -0.995 -0.995  0.995 -0.995
       21  1.00000   0.039  0.081  0.041  0.009  0.046  0.030 -0.995  1.000  1.000 -1.000  1.000
       22  1.00000   0.039  0.081  0.041  0.009  0.046  0.030 -0.995  1.000  1.000 -1.000  1.000
       23  1.00000  -0.040 -0.081 -0.041 -0.009 -0.046 -0.030  0.995 -1.000 -1.000  1.000 -1.000
       24  1.00000   0.040  0.081  0.041  0.009  0.046  0.030 -0.995  1.000  1.000 -1.000  1.000
 ERR MATRIX APPROXIMATE
MINUIT - FIT ONLY 2-CBO
 **********
 **   25 **RES 
 **********
                   PARAMETER   16  beta_vw RESTORED TO VARIABLE.
                   PARAMETER   14  alpha_vw RESTORED TO VARIABLE.
                   PARAMETER   11  alpha_y RESTORED TO VARIABLE.
                   PARAMETER    9  alpha_2CBO RESTORED TO VARIABLE.
                   PARAMETER    8  beta_CBO RESTORED TO VARIABLE.
 **********
 **   26 **FIX            0
 **********
 PARAMETER    0  IS UNDEFINED. IGNORED.
 **********
 **   27 **FIX            1
 **********
 **********
 **   28 **FIX            2
 **********
 PARAMETER    2  IS CONSTANT.   IGNORED.
 **********
 **   29 **FIX            3
 **********
 **********
 **   30 **FIX            4
 **********
 **********
 **   31 **FIX            5
 **********
 PARAMETER    5  IS CONSTANT.   IGNORED.
 **********
 **   32 **FIX            6
 **********
 **********
 **   33 **FIX            7
 **********
 PARAMETER    7  IS CONSTANT.   IGNORED.
 **********
 **   34 **FIX           10
 **********
 **********
 **   35 **FIX           11
 **********
 **********
 **   36 **FIX           12
 **********
 PARAMETER   12  IS CONSTANT.   IGNORED.
 **********
 **   37 **FIX           13
 **********
 **********
 **   38 **FIX           14
 **********
 **********
 **   39 **FIX           15
 **********
 PARAMETER   15  IS CONSTANT.   IGNORED.
 **********
 **   40 **FIX           16
 **********
 **********
 **   41 **MIGRAD
 **********
 START MIGRAD MINIMIZATION.  STRATEGY  1.  CONVERGENCE WHEN EDM .LT. 1.00e-04
 FCN=73.1835 FROM MIGRAD    STATUS=INITIATE       18 CALLS        3275 TOTAL
                     EDM= unknown      STRATEGY= 1      NO ERROR MATRIX       
  EXT PARAMETER               CURRENT GUESS       STEP         FIRST   
  NO.   NAME      VALUE            ERROR          SIZE      DERIVATIVE 
   1  N0           3.03452e+06     fixed    
   2  tau          6.44117e+01   constant   
   3  A0           3.50109e-01     fixed    
   4  phi          4.11471e+00     fixed    
   5  R           -6.15857e+01   constant   
   6  alpha_CBO    3.56849e-04     fixed    
   7  w_CBO        2.32500e+00   constant   
   8  beta_CBO     0.00000e+00   1.00000e-03   1.00000e-03   6.49692e+03
   9  alpha_2CBO   0.00000e+00   1.00000e-03   1.00000e-03  -2.21523e+03
  10  beta_2CBO   -6.88998e-04     fixed    
  11  alpha_y      0.00000e+00     fixed    
  12  w_y          1.38860e+01   constant   
  13  beta_y      -2.50492e-04     fixed    
  14  alpha_vw     0.00000e+00     fixed    
  15  w_vw         1.43404e+01   constant   
  16  beta_vw      0.00000e+00     fixed    
  17  LM           1.09700e-04   constant   
  18  zeta_y       0.00000e+00   constant   
  19  zeta_vw      0.00000e+00   constant   
  20  T_CBO        2.31031e+01   2.83619e+00  -8.61747e-04  -4.49823e+01
  21  alpha_A0     3.20024e+04   5.43818e+04   2.41283e+03   5.72022e-06
  22  beta_A0      2.85667e+04   4.83823e+04   2.14667e+03  -4.72915e-07
  23  alpha_phi   -8.24040e+03   1.41292e+04  -6.26846e+02   3.61410e-06
  24  beta_phi     5.04174e+04   8.58110e+04   3.80723e+03  -1.29239e-05
 CALL LIMIT EXCEEDED IN MIGRAD.
 MIGRAD TERMINATED WITHOUT CONVERGENCE.
 FCN=61.4546 FROM MIGRAD    STATUS=CALL LIMIT   1145 CALLS        4402 TOTAL
                     EDM=0.00691856    STRATEGY= 1  ERROR MATRIX UNCERTAINTY  23.1 per cent
  EXT PARAMETER                APPROXIMATE        STEP         FIRST   
  NO.   NAME      VALUE            ERROR          SIZE      DERIVATIVE 
   1  N0           3.03452e+06     fixed    
   2  tau          6.44117e+01   constant   
   3  A0           3.50109e-01     fixed    
   4  phi          4.11471e+00     fixed    
   5  R           -6.15857e+01   constant   
   6  alpha_CBO    3.56849e-04     fixed    
   7  w_CBO        2.32500e+00   constant   
   8  beta_CBO    -3.09749e-03   8.93916e-04   5.99290e-05   1.09387e+02
   9  alpha_2CBO   1.17107e-03   9.37614e-04   4.73643e-05   7.00059e+01
  10  beta_2CBO   -6.88998e-04     fixed    
  11  alpha_y      0.00000e+00     fixed    
  12  w_y          1.38860e+01   constant   
  13  beta_y      -2.50492e-04     fixed    
  14  alpha_vw     0.00000e+00     fixed    
  15  w_vw         1.43404e+01   constant   
  16  beta_vw      0.00000e+00     fixed    
  17  LM           1.09700e-04   constant   
  18  zeta_y       0.00000e+00   constant   
  19  zeta_vw      0.00000e+00   constant   
  20  T_CBO        1.65252e+01   2.25785e+00  -1.38698e-03  -2.32068e+01
  21  alpha_A0     1.37594e+07   3.24889e+07   2.97240e+06   1.85354e-09
  22  beta_A0      6.02700e+06   1.43456e+07   1.31739e+06  -2.89674e-08
  23  alpha_phi   -5.34828e+06   1.27469e+07  -1.17046e+06   2.85257e-08
  24  beta_phi     2.16078e+07   5.11379e+07   4.67869e+06   5.17636e-09
 EXTERNAL ERROR MATRIX.    NDIM=  25    NPAR=  7    ERR DEF=1
  7.991e-07 -1.062e-07 -1.155e-04  2.835e+03  1.263e+03 -1.119e+03  4.463e+03 
 -1.062e-07  8.791e-07 -1.425e-04  1.921e+03  8.589e+02 -7.638e+02  3.022e+03 
 -1.155e-04 -1.425e-04  5.098e+00 -7.213e+07 -3.182e+07  2.827e+07 -1.135e+08 
  2.835e+03  1.921e+03 -7.213e+07  1.056e+15  4.661e+14 -4.141e+14  1.661e+15 
  1.263e+03  8.589e+02 -3.182e+07  4.661e+14  2.058e+14 -1.829e+14  7.336e+14 
 -1.119e+03 -7.638e+02  2.827e+07 -4.141e+14 -1.829e+14  1.625e+14 -6.518e+14 
  4.463e+03  3.022e+03 -1.135e+08  1.661e+15  7.336e+14 -6.518e+14  2.615e+15 
ERR MATRIX APPROXIMATE
 PARAMETER  CORRELATION COEFFICIENTS  
       NO.  GLOBAL      8      9     20     21     22     23     24
        8  0.29052   1.000 -0.127 -0.057  0.098  0.098 -0.098  0.098
        9  0.28294  -0.127  1.000 -0.067  0.063  0.064 -0.064  0.063
       20  0.99361  -0.057 -0.067  1.000 -0.983 -0.982  0.982 -0.983
       21  1.00000   0.098  0.063 -0.983  1.000  1.000 -1.000  1.000
       22  1.00000   0.098  0.064 -0.982  1.000  1.000 -1.000  1.000
       23  1.00000  -0.098 -0.064  0.982 -1.000 -1.000  1.000 -1.000
       24  1.00000   0.098  0.063 -0.983  1.000  1.000 -1.000  1.000
 ERR MATRIX APPROXIMATE
MINUIT - FIT wiggle + 1-CBO + 2-CBO
 **********
 **   42 **RES 
 **********
                   PARAMETER   16  beta_vw RESTORED TO VARIABLE.
                   PARAMETER   14  alpha_vw RESTORED TO VARIABLE.
                   PARAMETER   13  beta_y RESTORED TO VARIABLE.
                   PARAMETER   11  alpha_y RESTORED TO VARIABLE.
                   PARAMETER   10  beta_2CBO RESTORED TO VARIABLE.
                   PARAMETER    6  alpha_CBO RESTORED TO VARIABLE.
                   PARAMETER    4  phi RESTORED TO VARIABLE.
                   PARAMETER    3  A0 RESTORED TO VARIABLE.
                   PARAMETER    1  N0 RESTORED TO VARIABLE.
 **********
 **   43 **FIX           10
 **********
 **********
 **   44 **FIX           11
 **********
 **********
 **   45 **FIX           12
 **********
 PARAMETER   12  IS CONSTANT.   IGNORED.
 **********
 **   46 **FIX           13
 **********
 **********
 **   47 **FIX           14
 **********
 **********
 **   48 **FIX           15
 **********
 PARAMETER   15  IS CONSTANT.   IGNORED.
 **********
 **   49 **FIX           16
 **********
 **********
 **   50 **MIGRAD
 **********
 START MIGRAD MINIMIZATION.  STRATEGY  1.  CONVERGENCE WHEN EDM .LT. 1.00e-04
 FCN=61.4546 FROM MIGRAD    STATUS=INITIATE       22 CALLS        4424 TOTAL
                     EDM= unknown      STRATEGY= 1      NO ERROR MATRIX       
  EXT PARAMETER               CURRENT GUESS       STEP         FIRST   
  NO.   NAME      VALUE            ERROR          SIZE      DERIVATIVE 
   1  N0           3.03452e+06   2.10300e+03   2.10300e+03   2.04339e-05
   2  tau          6.44117e+01   constant   
   3  A0           3.50109e-01   9.17943e-04   9.17943e-04   1.56639e+03
   4  phi          4.11471e+00   2.67358e-03   2.67358e-03  -2.73667e+02
   5  R           -6.15857e+01   constant   
   6  alpha_CBO    3.56849e-04   9.81893e-04   9.81893e-04  -8.75443e+00
   7  w_CBO        2.32500e+00   constant   
   8  beta_CBO    -3.09749e-03   8.93916e-04   5.99290e-05   1.09387e+02
   9  alpha_2CBO   1.17107e-03   9.37614e-04   4.73643e-05   7.00059e+01
  10  beta_2CBO   -6.88998e-04     fixed    
  11  alpha_y      0.00000e+00     fixed    
  12  w_y          1.38860e+01   constant   
  13  beta_y      -2.50492e-04     fixed    
  14  alpha_vw     0.00000e+00     fixed    
  15  w_vw         1.43404e+01   constant   
  16  beta_vw      0.00000e+00     fixed    
  17  LM           1.09700e-04   constant   
  18  zeta_y       0.00000e+00   constant   
  19  zeta_vw      0.00000e+00   constant   
  20  T_CBO        1.65252e+01   2.25785e+00  -1.38698e-03  -2.32069e+01
  21  alpha_A0     1.37594e+07   3.24889e+07   2.97240e+06   1.85354e-09
  22  beta_A0      6.02700e+06   1.43456e+07   1.31739e+06  -2.89671e-08
  23  alpha_phi   -5.34828e+06   1.27469e+07  -1.17046e+06   2.85257e-08
  24  beta_phi     2.16078e+07   5.11379e+07   4.67869e+06   5.17637e-09
 CALL LIMIT EXCEEDED IN MIGRAD.
 MIGRAD TERMINATED WITHOUT CONVERGENCE.
 FCN=60.2926 FROM MIGRAD    STATUS=CALL LIMIT   1928 CALLS        6330 TOTAL
                     EDM=0.00200288    STRATEGY= 1  ERROR MATRIX UNCERTAINTY  24.1 per cent
  EXT PARAMETER                APPROXIMATE        STEP         FIRST   
  NO.   NAME      VALUE            ERROR          SIZE      DERIVATIVE 
   1  N0           3.03448e+06   2.17432e+03   5.08508e+01   5.24111e-06
   2  tau          6.44117e+01   constant   
   3  A0           3.49317e-01   9.43790e-04   2.15877e-05   4.50859e+00
   4  phi          4.11594e+00   2.71595e-03   6.36391e-05   4.28492e+00
   5  R           -6.15857e+01   constant   
   6  alpha_CBO    3.96728e-04   9.60566e-04   1.78555e-05   1.54175e+01
   7  w_CBO        2.32500e+00   constant   
   8  beta_CBO    -3.35428e-03   9.93893e-04   1.41581e-05   1.04307e+01
   9  alpha_2CBO   1.17019e-03   9.87063e-04  -9.10681e-06  -1.35259e+01
  10  beta_2CBO   -6.88998e-04     fixed    
  11  alpha_y      0.00000e+00     fixed    
  12  w_y          1.38860e+01   constant   
  13  beta_y      -2.50492e-04     fixed    
  14  alpha_vw     0.00000e+00     fixed    
  15  w_vw         1.43404e+01   constant   
  16  beta_vw      0.00000e+00     fixed    
  17  LM           1.09700e-04   constant   
  18  zeta_y       0.00000e+00   constant   
  19  zeta_vw      0.00000e+00   constant   
  20  T_CBO        1.27376e+01   1.39889e+00  -5.22266e-04  -3.55869e+01
  21  alpha_A0     9.57845e+09   2.65854e+10   1.07793e+09  -1.41626e-11
  22  beta_A0      4.13341e+09   1.14074e+10   4.62499e+08   1.85720e-11
  23  alpha_phi   -5.70921e+09   1.58893e+10  -6.44235e+08   1.20495e-12
  24  beta_phi     1.35068e+10   3.75938e+10   1.52430e+09  -8.78869e-12
 EXTERNAL ERROR MATRIX.    NDIM=  25    NPAR= 11    ERR DEF=1
  4.728e+06 
  2.190e-01  8.907e-07 
  8.218e-01 -2.270e-07  7.376e-06 
  6.782e-04 -6.894e-08 -2.542e-07  9.227e-07 
  6.975e-02  1.956e-07 -2.836e-07  3.777e-08  9.878e-07 
 -1.412e-03 -1.600e-08  1.428e-08  9.590e-09 -3.293e-08  9.743e-07 
 -3.679e+02 -1.660e-04 -4.473e-04 -1.295e-04 -8.984e-05  5.332e-05  1.957e+00 
  8.337e+12  3.196e+06  9.520e+06  2.972e+06  2.253e+06 -1.598e+06 -3.697e+10  7.068e+20 
  3.573e+12  1.371e+06  4.075e+06  1.275e+06  9.684e+05 -6.846e+05 -1.586e+10  3.033e+20  1.301e+20 
 -4.989e+12 -1.910e+06 -5.694e+06 -1.775e+06 -1.346e+06  9.538e+05  2.210e+10 -4.224e+20 -1.813e+20  2.525e+20 
  1.180e+13  4.522e+06  1.346e+07  4.200e+06  3.188e+06 -2.260e+06 -5.228e+10  9.994e+20  4.288e+20 -5.973e+20  1.413e+21 
ERR MATRIX APPROXIMATE
 PARAMETER  CORRELATION COEFFICIENTS  
       NO.  GLOBAL      1      3      4      6      8      9     20     21     22     23     24
        1  0.40669   1.000  0.107  0.139  0.000  0.032 -0.001 -0.121  0.144  0.144 -0.144  0.144
        3  0.33916   0.107  1.000 -0.089 -0.076  0.209 -0.017 -0.126  0.127  0.127 -0.127  0.127
        4  0.39655   0.139 -0.089  1.000 -0.097 -0.105  0.005 -0.118  0.132  0.132 -0.132  0.132
        6  0.32880   0.000 -0.076 -0.097  1.000  0.040  0.010 -0.096  0.116  0.116 -0.116  0.116
        8  0.35915   0.032  0.209 -0.105  0.040  1.000 -0.034 -0.065  0.085  0.085 -0.085  0.085
        9  0.26872  -0.001 -0.017  0.005  0.010 -0.034  1.000  0.039 -0.061 -0.061  0.061 -0.061
       20  0.99559  -0.121 -0.126 -0.118 -0.096 -0.065  0.039  1.000 -0.994 -0.994  0.994 -0.994
       21  1.00000   0.144  0.127  0.132  0.116  0.085 -0.061 -0.994  1.000  1.000 -1.000  1.000
       22  1.00000   0.144  0.127  0.132  0.116  0.085 -0.061 -0.994  1.000  1.000 -1.000  1.000
       23  1.00000  -0.144 -0.127 -0.132 -0.116 -0.085  0.061  0.994 -1.000 -1.000  1.000 -1.000
       24  1.00000   0.144  0.127  0.132  0.116  0.085 -0.061 -0.994  1.000  1.000 -1.000  1.000
 ERR MATRIX APPROXIMATE
MINUIT - FIT ONLY 1-y
 **********
 **   51 **RES 
 **********
                   PARAMETER   16  beta_vw RESTORED TO VARIABLE.
                   PARAMETER   14  alpha_vw RESTORED TO VARIABLE.
                   PARAMETER   13  beta_y RESTORED TO VARIABLE.
                   PARAMETER   11  alpha_y RESTORED TO VARIABLE.
                   PARAMETER   10  beta_2CBO RESTORED TO VARIABLE.
 **********
 **   52 **FIX            0
 **********
 PARAMETER    0  IS UNDEFINED. IGNORED.
 **********
 **   53 **FIX            1
 **********
 **********
 **   54 **FIX            2
 **********
 PARAMETER    2  IS CONSTANT.   IGNORED.
 **********
 **   55 **FIX            3
 **********
 **********
 **   56 **FIX            4
 **********
 **********
 **   57 **FIX            5
 **********
 PARAMETER    5  IS CONSTANT.   IGNORED.
 **********
 **   58 **FIX            6
 **********
 **********
 **   59 **FIX            7
 **********
 PARAMETER    7  IS CONSTANT.   IGNORED.
 **********
 **   60 **FIX            8
 **********
 **********
 **   61 **FIX            9
 **********
 **********
 **   62 **FIX           13
 **********
 **********
 **   63 **FIX           14
 **********
 **********
 **   64 **FIX           15
 **********
 PARAMETER   15  IS CONSTANT.   IGNORED.
 **********
 **   65 **FIX           16
 **********
 **********
 **   66 **MIGRAD
 **********
 START MIGRAD MINIMIZATION.  STRATEGY  1.  CONVERGENCE WHEN EDM .LT. 1.00e-04
 FCN=60.2926 FROM MIGRAD    STATUS=INITIATE       16 CALLS        6346 TOTAL
                     EDM= unknown      STRATEGY= 1      NO ERROR MATRIX       
  EXT PARAMETER               CURRENT GUESS       STEP         FIRST   
  NO.   NAME      VALUE            ERROR          SIZE      DERIVATIVE 
   1  N0           3.03448e+06     fixed    
   2  tau          6.44117e+01   constant   
   3  A0           3.49317e-01     fixed    
   4  phi          4.11594e+00     fixed    
   5  R           -6.15857e+01   constant   
   6  alpha_CBO    3.96728e-04     fixed    
   7  w_CBO        2.32500e+00   constant   
   8  beta_CBO    -3.35428e-03     fixed    
   9  alpha_2CBO   1.17019e-03     fixed    
  10  beta_2CBO   -6.88998e-04   9.66517e-04   9.66517e-04   7.17579e+01
  11  alpha_y      0.00000e+00   1.00000e-03   1.00000e-03  -6.43949e+01
  12  w_y          1.38860e+01   constant   
  13  beta_y      -2.50492e-04     fixed    
  14  alpha_vw     0.00000e+00     fixed    
  15  w_vw         1.43404e+01   constant   
  16  beta_vw      0.00000e+00     fixed    
  17  LM           1.09700e-04   constant   
  18  zeta_y       0.00000e+00   constant   
  19  zeta_vw      0.00000e+00   constant   
  20  T_CBO        1.27376e+01   1.39889e+00  -5.22266e-04  -3.55868e+01
  21  alpha_A0     9.57845e+09   2.65854e+10   1.07793e+09  -1.41626e-11
  22  beta_A0      4.13341e+09   1.14074e+10   4.62499e+08   1.85720e-11
  23  alpha_phi   -5.70921e+09   1.58893e+10  -6.44235e+08   1.20495e-12
  24  beta_phi     1.35068e+10   3.75938e+10   1.52430e+09  -8.78869e-12
 MIGRAD MINIMIZATION HAS CONVERGED.
 MIGRAD WILL VERIFY CONVERGENCE AND ERROR MATRIX.
 COVARIANCE MATRIX CALCULATED SUCCESSFULLY
 FCN=60.2834 FROM MIGRAD    STATUS=CONVERGED     162 CALLS        6492 TOTAL
                     EDM=1.18912e-06    STRATEGY= 1      ERROR MATRIX ACCURATE 
  EXT PARAMETER                                   STEP         FIRST   
  NO.   NAME      VALUE            ERROR          SIZE      DERIVATIVE 
   1  N0           3.03448e+06     fixed    
   2  tau          6.44117e+01   constant   
   3  A0           3.49317e-01     fixed    
   4  phi          4.11594e+00     fixed    
   5  R           -6.15857e+01   constant   
   6  alpha_CBO    3.96728e-04     fixed    
   7  w_CBO        2.32500e+00   constant   
   8  beta_CBO    -3.35428e-03     fixed    
   9  alpha_2CBO   1.17019e-03     fixed    
  10  beta_2CBO   -7.21877e-04   9.73410e-04   3.68484e-06   1.16267e+00
  11  alpha_y      2.98733e-05   9.78648e-04   3.74003e-06  -2.28239e-01
  12  w_y          1.38860e+01   constant   
  13  beta_y      -2.50492e-04     fixed    
  14  alpha_vw     0.00000e+00     fixed    
  15  w_vw         1.43404e+01   constant   
  16  beta_vw      0.00000e+00     fixed    
  17  LM           1.09700e-04   constant   
  18  zeta_y       0.00000e+00   constant   
  19  zeta_vw      0.00000e+00   constant   
  20  T_CBO        1.27348e+01   1.53567e-01   5.17861e-06   8.66680e-01
  21  alpha_A0     9.85625e+09   1.41421e+00   4.69982e+03  -3.16926e-12
  22  beta_A0      3.69335e+09   1.41421e+00   1.76112e+03  -2.19597e-12
  23  alpha_phi   -5.89069e+09   1.41421e+00   2.80890e+03   6.00125e-14
  24  beta_phi     1.38359e+10   1.41421e+00   6.59745e+03   4.72036e-14
 EXTERNAL ERROR MATRIX.    NDIM=  25    NPAR=  7    ERR DEF=1
  9.475e-07 -5.117e-10 -2.072e-05  2.426e-15 -1.799e-14  3.549e-14  1.901e-14 
 -5.117e-10  9.578e-07 -3.051e-06  2.424e-16  1.735e-15 -5.622e-15 -2.977e-15 
 -2.072e-05 -3.051e-06  2.358e-02 -2.245e-11 -1.545e-11  8.478e-12 -4.252e-11 
  2.426e-15  2.424e-16 -2.245e-11  2.000e+00 -2.393e-17 -1.101e-20  2.618e-20 
 -1.799e-14  1.735e-15 -1.545e-11 -2.393e-17  2.000e+00 -1.679e-19 -2.534e-20 
  3.549e-14 -5.622e-15  8.478e-12 -1.101e-20 -1.679e-19  2.000e+00 -6.671e-20 
  1.901e-14 -2.977e-15 -4.252e-11  2.618e-20 -2.534e-20 -6.671e-20  2.000e+00 
 PARAMETER  CORRELATION COEFFICIENTS  
       NO.  GLOBAL     10     11     20     21     22     23     24
       10  0.13868   1.000 -0.001 -0.139  0.000 -0.000  0.000  0.000
       11  0.02058  -0.001  1.000 -0.020  0.000  0.000 -0.000 -0.000
       20  0.14013  -0.139 -0.020  1.000 -0.000 -0.000  0.000 -0.000
       21  0.00000   0.000  0.000 -0.000  1.000 -0.000 -0.000  0.000
       22  0.00000  -0.000  0.000 -0.000 -0.000  1.000 -0.000 -0.000
       23  0.00000   0.000 -0.000  0.000 -0.000 -0.000  1.000 -0.000
       24  0.00000   0.000 -0.000 -0.000  0.000 -0.000 -0.000  1.000
MINUIT - FIT ONLY 2-y
 **********
 **   67 **RES 
 **********
                   PARAMETER   16  beta_vw RESTORED TO VARIABLE.
                   PARAMETER   14  alpha_vw RESTORED TO VARIABLE.
                   PARAMETER   13  beta_y RESTORED TO VARIABLE.
                   PARAMETER    9  alpha_2CBO RESTORED TO VARIABLE.
                   PARAMETER    8  beta_CBO RESTORED TO VARIABLE.
                   PARAMETER    6  alpha_CBO RESTORED TO VARIABLE.
                   PARAMETER    4  phi RESTORED TO VARIABLE.
                   PARAMETER    3  A0 RESTORED TO VARIABLE.
                   PARAMETER    1  N0 RESTORED TO VARIABLE.
 **********
 **   68 **FIX            0
 **********
 PARAMETER    0  IS UNDEFINED. IGNORED.
 **********
 **   69 **FIX            1
 **********
 **********
 **   70 **FIX            2
 **********
 PARAMETER    2  IS CONSTANT.   IGNORED.
 **********
 **   71 **FIX            3
 **********
 **********
 **   72 **FIX            4
 **********
 **********
 **   73 **FIX            5
 **********
 PARAMETER    5  IS CONSTANT.   IGNORED.
 **********
 **   74 **FIX            6
 **********
 **********
 **   75 **FIX            7
 **********
 PARAMETER    7  IS CONSTANT.   IGNORED.
 **********
 **   76 **FIX            8
 **********
 **********
 **   77 **FIX            9
 **********
 **********
 **   78 **FIX           10
 **********
 **********
 **   79 **FIX           11
 **********
 **********
 **   80 **FIX           12
 **********
 PARAMETER   12  IS CONSTANT.   IGNORED.
 **********
 **   81 **FIX           16
 **********
 **********
 **   82 **MIGRAD
 **********
 START MIGRAD MINIMIZATION.  STRATEGY  1.  CONVERGENCE WHEN EDM .LT. 1.00e-04
 FCN=60.2833 FROM MIGRAD    STATUS=INITIATE      100 CALLS        6592 TOTAL
                     EDM= unknown      STRATEGY= 1      NO ERROR MATRIX       
  EXT PARAMETER               CURRENT GUESS       STEP         FIRST   
  NO.   NAME      VALUE            ERROR          SIZE      DERIVATIVE 
   1  N0           3.03448e+06     fixed    
   2  tau          6.44117e+01   constant   
   3  A0           3.49317e-01     fixed    
   4  phi          4.11594e+00     fixed    
   5  R           -6.15857e+01   constant   
   6  alpha_CBO    3.96728e-04     fixed    
   7  w_CBO        2.32500e+00   constant   
   8  beta_CBO    -3.35428e-03     fixed    
   9  alpha_2CBO   1.17019e-03     fixed    
  10  beta_2CBO   -7.21877e-04     fixed    
  11  alpha_y      2.98733e-05     fixed    
  12  w_y          1.38860e+01   constant   
  13  beta_y      -2.50492e-04   9.58374e-04   0.00000e+00  -2.93996e+01
  14  alpha_vw     0.00000e+00   1.00000e-03   0.00000e+00   9.41270e+02
  15  w_vw         1.43404e+01   constant   
  16  beta_vw      0.00000e+00     fixed    
  17  LM           1.09700e-04   constant   
  18  zeta_y       0.00000e+00   constant   
  19  zeta_vw      0.00000e+00   constant   
  20  T_CBO        1.27348e+01   1.53567e-01   0.00000e+00   2.44381e+00
  21  alpha_A0     9.87035e+09   1.41421e+00   0.00000e+00  -2.45351e-12
  22  beta_A0      3.69335e+09   1.41421e+00   0.00000e+00  -2.25941e-12
  23  alpha_phi   -5.89279e+09   1.41421e+00  -2.09809e+06  -7.58614e-17
  24  beta_phi     1.38359e+10   1.41421e+00   0.00000e+00  -1.52616e-14
 CALL LIMIT EXCEEDED IN MIGRAD.
 MIGRAD TERMINATED WITHOUT CONVERGENCE.
 FCN=59.9225 FROM MIGRAD    STATUS=CALL LIMIT   1159 CALLS        7651 TOTAL
                     EDM=0.00487176    STRATEGY= 1  ERROR MATRIX UNCERTAINTY  39.4 per cent
  EXT PARAMETER                APPROXIMATE        STEP         FIRST   
  NO.   NAME      VALUE            ERROR          SIZE      DERIVATIVE 
   1  N0           3.03448e+06     fixed    
   2  tau          6.44117e+01   constant   
   3  A0           3.49317e-01     fixed    
   4  phi          4.11594e+00     fixed    
   5  R           -6.15857e+01   constant   
   6  alpha_CBO    3.96728e-04     fixed    
   7  w_CBO        2.32500e+00   constant   
   8  beta_CBO    -3.35428e-03     fixed    
   9  alpha_2CBO   1.17019e-03     fixed    
  10  beta_2CBO   -7.21877e-04     fixed    
  11  alpha_y      2.98733e-05     fixed    
  12  w_y          1.38860e+01   constant   
  13  beta_y      -2.07126e-04   9.75260e-04  -3.17764e-07   8.88129e+00
  14  alpha_vw    -4.45647e-04   9.73158e-04  -7.03732e-07   1.56070e+00
  15  w_vw         1.43404e+01   constant   
  16  beta_vw      0.00000e+00     fixed    
  17  LM           1.09700e-04   constant   
  18  zeta_y       0.00000e+00   constant   
  19  zeta_vw      0.00000e+00   constant   
  20  T_CBO        1.11038e+01   1.09291e+00  -5.57470e-04  -7.83477e+01
  21  alpha_A0     5.85021e+11   1.61943e+12   8.17024e+10  -4.51422e-13
  22  beta_A0      2.30510e+11   6.45970e+11   3.15899e+10   1.62604e-13
  23  alpha_phi   -3.59303e+11   1.01534e+12  -5.00481e+10   1.40405e-13
  24  beta_phi     8.59120e+11   2.46215e+12   1.24039e+11  -1.68052e-14
 EXTERNAL ERROR MATRIX.    NDIM=  25    NPAR=  7    ERR DEF=1
  9.511e-07 -4.692e-08 -4.064e-06  7.823e+06  2.389e+06  1.540e+06  9.087e+06 
 -4.692e-08  9.470e-07  5.135e-06 -3.880e+06 -3.811e+06  6.990e+06 -5.591e+06 
 -4.064e-06  5.135e-06  1.194e+00 -1.760e+12 -6.786e+11  1.085e+12 -2.677e+12 
  7.823e+06 -3.880e+06 -1.760e+12  2.623e+24  1.018e+24 -1.594e+24  3.966e+24 
  2.389e+06 -3.811e+06 -6.786e+11  1.018e+24  4.173e+23 -6.217e+23  1.510e+24 
  1.540e+06  6.990e+06  1.085e+12 -1.594e+24 -6.217e+23  1.031e+24 -2.447e+24 
  9.087e+06 -5.591e+06 -2.677e+12  3.966e+24  1.510e+24 -2.447e+24  6.062e+24 
ERR MATRIX APPROXIMATE
 PARAMETER  CORRELATION COEFFICIENTS  
       NO.  GLOBAL     13     14     20     21     22     23     24
       13  0.06116   1.000 -0.049 -0.004  0.005  0.004  0.002  0.004
       14  0.05985  -0.049  1.000  0.005 -0.002 -0.006  0.007 -0.002
       20  0.99631  -0.004  0.005  1.000 -0.994 -0.961  0.977 -0.995
       21  0.99997   0.005 -0.002 -0.994  1.000  0.973 -0.970  0.995
       22  0.99974   0.004 -0.006 -0.961  0.973  1.000 -0.948  0.949
       23  0.99953   0.002  0.007  0.977 -0.970 -0.948  1.000 -0.979
