 + ++++++++++++++++++++++++++++++++++++++++++++++++++++++++++++++++++++ +
 +                                                                      +
 +           You have chose to blind your fitting according to          +
 +                omega_ref * (1 + (R +/- deltaR) *10^{-6})             +
 +                                                                      +
 + ++++++++++++++++++++++++++++++++++++++++++++++++++++++++++++++++++++ +
In main()...
reading format from /gm2data/zkhechad/run45/envelope/formats/formatB_sBin_constraintOn.txt
pBinTau 	= 0  
pBinPhi 	= 0  
constraintau 	= 1 
includeMopTerm 	= 0    
constrainMop    = 0   
Parameters after format file: pBinTau 0 pBinPhi 0 constraintau 1 includeMopTerm 0 constrainMop 0 c_e_scale 0.000000 
Opening file /gm2data/tbarrett/gm2fr/studies/run23_bunch_corrections/CorrectedFourier_Run3b.root.
reading full fit data from /gm2data/zkhechad/cboTemplates/Run4CBOTemplates/fullFits/noRF/sBin_constraintOn_cE0.0_seed0_noRF_calo16.root
windowBins = 69
fitting sliding window 2310 from bin 2446 at 364.794000 to bin 2515 at 375.238000 (69 bins)

Reading data from /gm2data/cornell/histograms/aMethod/histogram_a_noRF.root
 **********
 **    1 **SET PRINTOUT            1
 **********
 **********
 **    2 **SET NOWARNINGS 
 **********
 PARAMETER DEFINITIONS:
    NO.   NAME         VALUE      STEP SIZE      LIMITS
     1 N0           3.09937e+06  1.00000e+02     no limits
     2 tau          6.44027e+01  constant
     3 A0           3.49546e-01  1.00000e-04     no limits
     4 phi          4.11716e+00  1.00000e-02     no limits
     5 R           -6.26367e+01  constant
     6 alpha_CBO    0.00000e+00  1.00000e-03     no limits
     7 w_CBO        2.32500e+00  constant
     8 beta_CBO     0.00000e+00  1.00000e-03     no limits
     9 alpha_2CBO   0.00000e+00  1.00000e-03     no limits
    10 beta_2CBO    0.00000e+00  1.00000e-03     no limits
    11 alpha_y      0.00000e+00  1.00000e-03     no limits
    12 w_y          1.38860e+01  constant
    13 beta_y       0.00000e+00  1.00000e-03     no limits
    14 alpha_vw     0.00000e+00  1.00000e-03     no limits
    15 w_vw         1.43404e+01  constant
    16 beta_vw      0.00000e+00  1.00000e-03     no limits
    17 LM          -1.31878e-04  constant
    18 zeta_y       0.00000e+00  constant
    19 zeta_vw      0.00000e+00  constant
    20 T_CBO        1.00000e+02  1.00000e+00    0.00000e+00  1.00000e+03
    21 alpha_A0     0.00000e+00  1.00000e-04   -1.00000e-02  1.00000e-02
    22 beta_A0      0.00000e+00  1.00000e-04   -1.00000e-02  1.00000e-02
    23 alpha_phi    0.00000e+00  1.00000e-04   -1.00000e-02  1.00000e-02
    24 beta_phi     0.00000e+00  1.00000e-04   -1.00000e-02  1.00000e-02
MINUIT - FIT ONLY WIGGLE
 **********
 **    3 **FIX            5
 **********
 PARAMETER    5  IS CONSTANT.   IGNORED.
 **********
 **    4 **FIX            6
 **********
 **********
 **    5 **FIX            7
 **********
 PARAMETER    7  IS CONSTANT.   IGNORED.
 **********
 **    6 **FIX            8
 **********
 **********
 **    7 **FIX            9
 **********
 **********
 **    8 **FIX           10
 **********
 **********
 **    9 **FIX           11
 **********
 **********
 **   10 **FIX           12
 **********
 PARAMETER   12  IS CONSTANT.   IGNORED.
 **********
 **   11 **FIX           13
 **********
 **********
 **   12 **FIX           14
 **********
 **********
 **   13 **FIX           15
 **********
 PARAMETER   15  IS CONSTANT.   IGNORED.
 **********
 **   14 **FIX           16
 **********
 **********
 **   15 **MIGRAD
 **********
 FIRST CALL TO USER FUNCTION AT NEW START POINT, WITH IFLAG=4.
 START MIGRAD MINIMIZATION.  STRATEGY  1.  CONVERGENCE WHEN EDM .LT. 1.00e-04
 FCN=76.4999 FROM MIGRAD    STATUS=INITIATE      437 CALLS         438 TOTAL
                     EDM= unknown      STRATEGY= 1      NO ERROR MATRIX       
  EXT PARAMETER               CURRENT GUESS       STEP         FIRST   
  NO.   NAME      VALUE            ERROR          SIZE      DERIVATIVE 
   1  N0           3.09937e+06   1.00000e+02   0.00000e+00   2.71237e-03
   2  tau          6.44027e+01   constant   
   3  A0           3.49546e-01   1.00000e-04   0.00000e+00  -1.16039e+03
   4  phi          4.11716e+00   1.00000e-02   0.00000e+00   1.56877e+03
   5  R           -6.26367e+01   constant   
   6  alpha_CBO    0.00000e+00     fixed    
   7  w_CBO        2.32500e+00   constant   
   8  beta_CBO     0.00000e+00     fixed    
   9  alpha_2CBO   0.00000e+00     fixed    
  10  beta_2CBO    0.00000e+00     fixed    
  11  alpha_y      0.00000e+00     fixed    
  12  w_y          1.38860e+01   constant   
  13  beta_y       0.00000e+00     fixed    
  14  alpha_vw     0.00000e+00     fixed    
  15  w_vw         1.43404e+01   constant   
  16  beta_vw      0.00000e+00     fixed    
  17  LM          -1.31878e-04   constant   
  18  zeta_y       0.00000e+00   constant   
  19  zeta_vw      0.00000e+00   constant   
  20  T_CBO        1.00000e+02   1.00000e+00   0.00000e+00   0.00000e+00
  21  alpha_A0     0.00000e+00   1.00000e-04   0.00000e+00  -1.72852e-01
  22  beta_A0      0.00000e+00   1.00000e-04   0.00000e+00   2.96399e-02
  23  alpha_phi    0.00000e+00   1.00000e-04   0.00000e+00   1.57571e-01
  24  beta_phi     0.00000e+00   1.00000e-04   0.00000e+00  -5.09281e-02
 MIGRAD MINIMIZATION HAS CONVERGED.
 FCN=59.3456 FROM MIGRAD    STATUS=CONVERGED     760 CALLS         761 TOTAL
                     EDM=6.41221e-07    STRATEGY= 1  ERROR MATRIX UNCERTAINTY   0.9 per cent
  EXT PARAMETER                                   STEP         FIRST   
  NO.   NAME      VALUE            ERROR          SIZE      DERIVATIVE 
   1  N0           3.09241e+06   2.37446e+03  -1.60617e+00   4.54413e-07
   2  tau          6.44027e+01   constant   
   3  A0           3.50431e-01   9.90588e-04  -2.76234e-06  -1.22673e-01
   4  phi          4.11174e+00   2.99207e-03  -2.45021e-06  -6.38313e-03
   5  R           -6.26367e+01   constant   
   6  alpha_CBO    0.00000e+00     fixed    
   7  w_CBO        2.32500e+00   constant   
   8  beta_CBO     0.00000e+00     fixed    
   9  alpha_2CBO   0.00000e+00     fixed    
  10  beta_2CBO    0.00000e+00     fixed    
  11  alpha_y      0.00000e+00     fixed    
  12  w_y          1.38860e+01   constant   
  13  beta_y       0.00000e+00     fixed    
  14  alpha_vw     0.00000e+00     fixed    
  15  w_vw         1.43404e+01   constant   
  16  beta_vw      0.00000e+00     fixed    
  17  LM          -1.31878e-04   constant   
  18  zeta_y       0.00000e+00   constant   
  19  zeta_vw      0.00000e+00   constant   
  20  T_CBO        4.93435e+02   7.28116e+02   3.50911e-03  -8.90654e-04
  21  alpha_A0     5.71816e-03   1.16227e-02   7.85771e-03   5.86328e-06
  22  beta_A0     -3.02961e-03   7.83990e-03  -4.69088e-03  -2.97327e-04
  23  alpha_phi   -9.27718e-03   1.75303e-02  -1.02502e-02  -3.51183e-04
  24  beta_phi     9.98813e-03   1.99597e-02  -5.23868e-03  -2.21112e-04
 EXTERNAL ERROR MATRIX.    NDIM=  25    NPAR=  8    ERR DEF=1
  5.638e+06 -2.425e-01 -6.597e-01 -3.127e+05 -8.328e+00 -2.664e-01  4.778e+00  9.479e-01 
 -2.425e-01  9.813e-07 -8.649e-08  8.969e-02  2.260e-06 -4.555e-07 -1.872e-06 -2.692e-07 
 -6.597e-01 -8.649e-08  8.952e-06  3.410e-02 -1.259e-06  2.233e-06  2.690e-06  1.408e-07 
 -3.127e+05  8.969e-02  3.410e-02  3.419e+05  3.786e+00 -1.546e+00 -6.387e+00 -6.503e-01 
 -8.328e+00  2.260e-06 -1.259e-06  3.786e+00  1.360e-04 -1.809e-05 -6.801e-05 -7.206e-06 
 -2.664e-01 -4.555e-07  2.233e-06 -1.546e+00 -1.809e-05  8.476e-05  2.024e-05  1.483e-06 
  4.778e+00 -1.872e-06  2.690e-06 -6.387e+00 -6.801e-05  2.024e-05  1.921e-04  1.563e-05 
  9.479e-01 -2.692e-07  1.408e-07 -6.503e-01 -7.206e-06  1.483e-06  1.563e-05  2.101e-06 
 PARAMETER  CORRELATION COEFFICIENTS  
       NO.  GLOBAL      1      3      4     20     21     22     23     24
        1  0.38782   1.000 -0.103 -0.093 -0.225 -0.301 -0.012  0.145  0.275
        3  0.23396  -0.103  1.000 -0.029  0.155  0.196 -0.050 -0.136 -0.187
        4  0.20836  -0.093 -0.029  1.000  0.019 -0.036  0.081  0.065  0.032
       20  0.86694  -0.225  0.155  0.019  1.000  0.555 -0.287 -0.788 -0.767
       21  0.59690  -0.301  0.196 -0.036  0.555  1.000 -0.168 -0.421 -0.426
       22  0.35648  -0.012 -0.050  0.081 -0.287 -0.168  1.000  0.159  0.111
       23  0.83924   0.145 -0.136  0.065 -0.788 -0.421  0.159  1.000  0.778
       24  0.83197   0.275 -0.187  0.032 -0.767 -0.426  0.111  0.778  1.000
MINUIT - FIT ONLY 1-CBO + wiggle
 **********
 **   16 **RES 
 **********
                   PARAMETER   16  beta_vw RESTORED TO VARIABLE.
                   PARAMETER   14  alpha_vw RESTORED TO VARIABLE.
                   PARAMETER   13  beta_y RESTORED TO VARIABLE.
                   PARAMETER   11  alpha_y RESTORED TO VARIABLE.
                   PARAMETER   10  beta_2CBO RESTORED TO VARIABLE.
                   PARAMETER    9  alpha_2CBO RESTORED TO VARIABLE.
                   PARAMETER    8  beta_CBO RESTORED TO VARIABLE.
                   PARAMETER    6  alpha_CBO RESTORED TO VARIABLE.
 **********
 **   17 **FIX            8
 **********
 **********
 **   18 **FIX            9
 **********
 **********
 **   19 **FIX           11
 **********
 **********
 **   20 **FIX           12
 **********
 PARAMETER   12  IS CONSTANT.   IGNORED.
 **********
 **   21 **FIX           14
 **********
 **********
 **   22 **FIX           15
 **********
 PARAMETER   15  IS CONSTANT.   IGNORED.
 **********
 **   23 **FIX           16
 **********
 **********
 **   24 **MIGRAD
 **********
 START MIGRAD MINIMIZATION.  STRATEGY  1.  CONVERGENCE WHEN EDM .LT. 1.00e-04
 FCN=59.3456 FROM MIGRAD    STATUS=INITIATE       26 CALLS         787 TOTAL
                     EDM= unknown      STRATEGY= 1      NO ERROR MATRIX       
  EXT PARAMETER               CURRENT GUESS       STEP         FIRST   
  NO.   NAME      VALUE            ERROR          SIZE      DERIVATIVE 
   1  N0           3.09241e+06   2.37446e+03  -1.60617e+00   4.54413e-07
   2  tau          6.44027e+01   constant   
   3  A0           3.50431e-01   9.90588e-04  -2.76234e-06  -1.22673e-01
   4  phi          4.11174e+00   2.99207e-03  -2.45021e-06  -6.38312e-03
   5  R           -6.26367e+01   constant   
   6  alpha_CBO    0.00000e+00   1.00000e-03   1.00000e-03  -1.35486e+03
   7  w_CBO        2.32500e+00   constant   
   8  beta_CBO     0.00000e+00     fixed    
   9  alpha_2CBO   0.00000e+00     fixed    
  10  beta_2CBO    0.00000e+00   1.00000e-03   1.00000e-03   2.02905e+03
  11  alpha_y      0.00000e+00     fixed    
  12  w_y          1.38860e+01   constant   
  13  beta_y       0.00000e+00   1.00000e-03   1.00000e-03  -1.31421e+03
  14  alpha_vw     0.00000e+00     fixed    
  15  w_vw         1.43404e+01   constant   
  16  beta_vw      0.00000e+00     fixed    
  17  LM          -1.31878e-04   constant   
  18  zeta_y       0.00000e+00   constant   
  19  zeta_vw      0.00000e+00   constant   
  20  T_CBO        4.93435e+02   7.28116e+02   3.50911e-03  -8.90918e-04
  21  alpha_A0     5.71816e-03   1.16227e-02   7.85771e-03  -5.65095e-06
  22  beta_A0     -3.02961e-03   7.83990e-03  -4.69088e-03   2.97274e-04
  23  alpha_phi   -9.27718e-03   1.75303e-02  -1.02502e-02   3.48773e-04
  24  beta_phi     9.98813e-03   1.99597e-02  -5.23868e-03  -2.91055e-04
 MIGRAD MINIMIZATION HAS CONVERGED.
 FCN=57.0427 FROM MIGRAD    STATUS=CONVERGED     204 CALLS         965 TOTAL
                     EDM=1.86513e-06    STRATEGY= 1  ERROR MATRIX UNCERTAINTY   2.4 per cent
  EXT PARAMETER                                   STEP         FIRST   
  NO.   NAME      VALUE            ERROR          SIZE      DERIVATIVE 
   1  N0           3.09258e+06   2.09579e+03  -3.19405e+00  -7.63516e-08
   2  tau          6.44027e+01   constant   
   3  A0           3.50497e-01   9.68056e-04  -1.35268e-06  -3.34566e-01
   4  phi          4.11231e+00   3.06506e-03   5.57166e-06   9.66336e-02
   5  R           -6.26367e+01   constant   
   6  alpha_CBO    8.75168e-04   1.06354e-03  -2.27260e-07  -4.39623e-01
   7  w_CBO        2.32500e+00   constant   
   8  beta_CBO     0.00000e+00     fixed    
   9  alpha_2CBO   0.00000e+00     fixed    
  10  beta_2CBO   -1.23348e-03   1.06573e-03  -5.06915e-07  -4.49828e-01
  11  alpha_y      0.00000e+00     fixed    
  12  w_y          1.38860e+01   constant   
  13  beta_y       6.97867e-04   1.01096e-03   1.64821e-07  -4.62325e-01
  14  alpha_vw     0.00000e+00     fixed    
  15  w_vw         1.43404e+01   constant   
  16  beta_vw      0.00000e+00     fixed    
  17  LM          -1.31878e-04   constant   
  18  zeta_y       0.00000e+00   constant   
  19  zeta_vw      0.00000e+00   constant   
  20  T_CBO        4.74686e+02   2.77456e+02   8.23247e-04  -3.27645e-03
  21  alpha_A0     4.94148e-03   1.51589e-02  -2.52278e-03  -3.10327e-05
  22  beta_A0     -4.95564e-03   7.10851e-03  -1.68682e-03  -4.64024e-04
  23  alpha_phi   -8.59582e-03   1.26444e-02  -2.29449e-03  -4.82426e-04
  24  beta_phi     9.84834e-03   1.12351e-02   5.34873e-03  -4.63253e-06
 EXTERNAL ERROR MATRIX.    NDIM=  25    NPAR= 11    ERR DEF=1
  4.392e+06 
  4.530e-02  9.371e-07 
 -4.314e-01  1.088e-08  9.395e-06 
  7.074e-02 -1.326e-09  3.536e-07  1.131e-06 
 -1.382e-01 -5.195e-08 -3.000e-07 -9.873e-08  1.136e-06 
 -3.857e-02  2.015e-08  7.497e-08  2.140e-08 -1.641e-08  1.022e-06 
 -1.817e+05 -9.438e-03  2.051e-01  4.126e-04  5.536e-03 -2.859e-03  8.654e+04 
  2.598e+00 -1.122e-07 -2.358e-08 -8.252e-07  4.064e-07  1.102e-07 -6.362e-01  8.889e-05 
  1.277e+00 -9.904e-08 -2.613e-06 -1.125e-06  8.919e-07 -3.254e-07 -2.557e-01  3.113e-06  6.933e-05 
  9.594e-01 -6.760e-07  3.518e-07 -2.320e-07 -1.066e-06 -4.460e-08  9.956e-01 -3.144e-06 -9.150e-06  8.181e-05 
  5.562e-01 -1.150e-06  2.863e-06  6.589e-07  3.949e-08 -5.672e-09  1.554e+00 -3.106e-06 -2.758e-06  3.015e-05  1.560e-04 
 PARAMETER  CORRELATION COEFFICIENTS  
       NO.  GLOBAL      1      3      4      6     10     13     20     21     22     23     24
        1  0.38280   1.000  0.022 -0.067  0.032 -0.062 -0.018 -0.295  0.131  0.073  0.051  0.021
        3  0.13461   0.022  1.000  0.004 -0.001 -0.050  0.021 -0.033 -0.012 -0.012 -0.077 -0.095
        4  0.29810  -0.067  0.004  1.000  0.108 -0.092  0.024  0.227 -0.001 -0.102  0.013  0.075
        6  0.21349   0.032 -0.001  0.108  1.000 -0.087  0.020  0.001 -0.082 -0.127 -0.024  0.050
       10  0.21738  -0.062 -0.050 -0.092 -0.087  1.000 -0.015  0.018  0.040  0.101 -0.111  0.003
       13  0.05958  -0.018  0.021  0.024  0.020 -0.015  1.000 -0.010  0.012 -0.039 -0.005 -0.000
       20  0.64708  -0.295 -0.033  0.227  0.001  0.018 -0.010  1.000 -0.229 -0.104  0.374  0.423
       21  0.27894   0.131 -0.012 -0.001 -0.082  0.040  0.012 -0.229  1.000  0.040 -0.037 -0.026
       22  0.23108   0.073 -0.012 -0.102 -0.127  0.101 -0.039 -0.104  0.040  1.000 -0.121 -0.027
       23  0.45922   0.051 -0.077  0.013 -0.024 -0.111 -0.005  0.374 -0.037 -0.121  1.000  0.267
       24  0.47270   0.021 -0.095  0.075  0.050  0.003 -0.000  0.423 -0.026 -0.027  0.267  1.000
MINUIT - FIT ONLY 2-CBO
 **********
 **   25 **RES 
 **********
                   PARAMETER   16  beta_vw RESTORED TO VARIABLE.
                   PARAMETER   14  alpha_vw RESTORED TO VARIABLE.
                   PARAMETER   11  alpha_y RESTORED TO VARIABLE.
                   PARAMETER    9  alpha_2CBO RESTORED TO VARIABLE.
                   PARAMETER    8  beta_CBO RESTORED TO VARIABLE.
 **********
 **   26 **FIX            0
 **********
 PARAMETER    0  IS UNDEFINED. IGNORED.
 **********
 **   27 **FIX            1
 **********
 **********
 **   28 **FIX            2
 **********
 PARAMETER    2  IS CONSTANT.   IGNORED.
 **********
 **   29 **FIX            3
 **********
 **********
 **   30 **FIX            4
 **********
 **********
 **   31 **FIX            5
 **********
 PARAMETER    5  IS CONSTANT.   IGNORED.
 **********
 **   32 **FIX            6
 **********
 **********
 **   33 **FIX            7
 **********
 PARAMETER    7  IS CONSTANT.   IGNORED.
 **********
 **   34 **FIX           10
 **********
 **********
 **   35 **FIX           11
 **********
 **********
 **   36 **FIX           12
 **********
 PARAMETER   12  IS CONSTANT.   IGNORED.
 **********
 **   37 **FIX           13
 **********
 **********
 **   38 **FIX           14
 **********
 **********
 **   39 **FIX           15
 **********
 PARAMETER   15  IS CONSTANT.   IGNORED.
 **********
 **   40 **FIX           16
 **********
 **********
 **   41 **MIGRAD
 **********
 START MIGRAD MINIMIZATION.  STRATEGY  1.  CONVERGENCE WHEN EDM .LT. 1.00e-04
 FCN=57.0427 FROM MIGRAD    STATUS=INITIATE       18 CALLS         983 TOTAL
                     EDM= unknown      STRATEGY= 1      NO ERROR MATRIX       
  EXT PARAMETER               CURRENT GUESS       STEP         FIRST   
  NO.   NAME      VALUE            ERROR          SIZE      DERIVATIVE 
   1  N0           3.09258e+06     fixed    
   2  tau          6.44027e+01   constant   
   3  A0           3.50497e-01     fixed    
   4  phi          4.11231e+00     fixed    
   5  R           -6.26367e+01   constant   
   6  alpha_CBO    8.75168e-04     fixed    
   7  w_CBO        2.32500e+00   constant   
   8  beta_CBO     0.00000e+00   1.00000e-03   1.00000e-03  -1.52414e+03
   9  alpha_2CBO   0.00000e+00   1.00000e-03   1.00000e-03  -2.97419e+02
  10  beta_2CBO   -1.23348e-03     fixed    
  11  alpha_y      0.00000e+00     fixed    
  12  w_y          1.38860e+01   constant   
  13  beta_y       6.97867e-04     fixed    
  14  alpha_vw     0.00000e+00     fixed    
  15  w_vw         1.43404e+01   constant   
  16  beta_vw      0.00000e+00     fixed    
  17  LM          -1.31878e-04   constant   
  18  zeta_y       0.00000e+00   constant   
  19  zeta_vw      0.00000e+00   constant   
  20  T_CBO        4.74686e+02   2.77456e+02   8.23247e-04  -3.27649e-03
  21  alpha_A0     4.94148e-03   1.51589e-02  -2.52278e-03  -3.09874e-05
  22  beta_A0     -4.95564e-03   7.10851e-03  -1.68682e-03  -4.64004e-04
  23  alpha_phi   -8.59582e-03   1.26444e-02  -2.29449e-03  -4.82147e-04
  24  beta_phi     9.84834e-03   1.12351e-02   5.34873e-03   1.12753e-05
 MIGRAD MINIMIZATION HAS CONVERGED.
 MIGRAD WILL VERIFY CONVERGENCE AND ERROR MATRIX.
 COVARIANCE MATRIX CALCULATED SUCCESSFULLY
 FCN=56.3873 FROM HESSE     STATUS=OK             54 CALLS        1104 TOTAL
                     EDM=0.000265978    STRATEGY= 1      ERROR MATRIX ACCURATE 
  EXT PARAMETER                                   STEP         FIRST   
  NO.   NAME      VALUE            ERROR          SIZE      DERIVATIVE 
   1  N0           3.09258e+06     fixed    
   2  tau          6.44027e+01   constant   
   3  A0           3.50497e-01     fixed    
   4  phi          4.11231e+00     fixed    
   5  R           -6.26367e+01   constant   
   6  alpha_CBO    8.75168e-04     fixed    
   7  w_CBO        2.32500e+00   constant   
   8  beta_CBO     8.23601e-04   1.03632e-03   3.79555e-06   7.96122e-01
   9  alpha_2CBO   1.87183e-04   1.04504e-03   3.78096e-06  -1.50620e+00
  10  beta_2CBO   -1.23348e-03     fixed    
  11  alpha_y      0.00000e+00     fixed    
  12  w_y          1.38860e+01   constant   
  13  beta_y       6.97867e-04     fixed    
  14  alpha_vw     0.00000e+00     fixed    
  15  w_vw         1.43404e+01   constant   
  16  beta_vw      0.00000e+00     fixed    
  17  LM          -1.31878e-04   constant   
  18  zeta_y       0.00000e+00   constant   
  19  zeta_vw      0.00000e+00   constant   
  20  T_CBO        4.83812e+02   6.18212e+02   2.73560e-03  -3.36673e-03
  21  alpha_A0     5.13606e-03   1.04728e-02   4.01431e-03  -1.54593e-03
  22  beta_A0     -5.81649e-03   1.57116e-02   3.95528e-03   4.35590e-04
  23  alpha_phi   -8.60909e-03   1.22652e-02   6.31100e-03  -2.63686e-04
  24  beta_phi     9.48569e-03   1.89134e-02   9.48499e-03   3.89222e-04
 MIGRAD MINIMIZATION HAS CONVERGED.
 MIGRAD WILL VERIFY CONVERGENCE AND ERROR MATRIX.
 COVARIANCE MATRIX CALCULATED SUCCESSFULLY
 FCN=56.3855 FROM MIGRAD    STATUS=CONVERGED     698 CALLS        1663 TOTAL
                     EDM=1.19264e-05    STRATEGY= 1      ERROR MATRIX ACCURATE 
  EXT PARAMETER                                   STEP         FIRST   
  NO.   NAME      VALUE            ERROR          SIZE      DERIVATIVE 
   1  N0           3.09258e+06     fixed    
   2  tau          6.44027e+01   constant   
   3  A0           3.50497e-01     fixed    
   4  phi          4.11231e+00     fixed    
   5  R           -6.26367e+01   constant   
   6  alpha_CBO    8.75168e-04     fixed    
   7  w_CBO        2.32500e+00   constant   
   8  beta_CBO     8.23092e-04   1.03620e-03   3.79549e-06   3.82866e-01
   9  alpha_2CBO   1.87726e-04   1.04510e-03   3.78090e-06  -3.67904e-01
  10  beta_2CBO   -1.23348e-03     fixed    
  11  alpha_y      0.00000e+00     fixed    
  12  w_y          1.38860e+01   constant   
  13  beta_y       6.97867e-04     fixed    
  14  alpha_vw     0.00000e+00     fixed    
  15  w_vw         1.43404e+01   constant   
  16  beta_vw      0.00000e+00     fixed    
  17  LM          -1.31878e-04   constant   
  18  zeta_y       0.00000e+00   constant   
  19  zeta_vw      0.00000e+00   constant   
  20  T_CBO        9.93885e+02   9.13575e+02   5.00906e-02  -1.64389e-04
  21  alpha_A0     3.47366e-03   6.23196e-03   2.49747e-03  -3.84423e-03
  22  beta_A0     -3.93756e-03   5.97495e-03   2.37372e-03   9.52489e-04
  23  alpha_phi   -5.82026e-03   6.05241e-03   2.55479e-03   6.13457e-04
  24  beta_phi     6.40079e-03   6.30332e-03   2.86029e-03   1.44771e-03
 EXTERNAL ERROR MATRIX.    NDIM=  25    NPAR=  7    ERR DEF=1
  1.074e-06  3.363e-08 -2.796e-04  5.350e-08 -7.380e-07 -1.360e-07 -3.515e-07 
  3.363e-08  1.092e-06 -8.856e-04  9.754e-07 -4.682e-07  6.117e-08  7.943e-07 
 -2.796e-04 -8.856e-04  4.522e+06 -4.929e+00  5.536e+00  8.225e+00 -9.155e+00 
  5.350e-08  9.754e-07 -4.929e+00  4.647e-05 -8.255e-06 -1.075e-05  8.980e-06 
 -7.380e-07 -4.682e-07  5.536e+00 -8.255e-06  4.231e-05  8.874e-06 -1.174e-05 
 -1.360e-07  6.117e-08  8.225e+00 -1.075e-05  8.874e-06  4.660e-05 -1.676e-05 
 -3.515e-07  7.943e-07 -9.155e+00  8.980e-06 -1.174e-05 -1.676e-05  5.464e-05 
 PARAMETER  CORRELATION COEFFICIENTS  
       NO.  GLOBAL      8      9     20     21     22     23     24
        8  0.13918   1.000  0.031 -0.000  0.008 -0.109 -0.019 -0.046
        9  0.20830   0.031  1.000 -0.000  0.137 -0.069  0.009  0.103
       20  0.75392  -0.000 -0.000  1.000 -0.340  0.400  0.567 -0.582
       21  0.37498   0.008  0.137 -0.340  1.000 -0.186 -0.231  0.178
       22  0.42409  -0.109 -0.069  0.400 -0.186  1.000  0.200 -0.244
       23  0.56961  -0.019  0.009  0.567 -0.231  0.200  1.000 -0.332
       24  0.59468  -0.046  0.103 -0.582  0.178 -0.244 -0.332  1.000
MINUIT - FIT wiggle + 1-CBO + 2-CBO
 **********
 **   42 **RES 
 **********
                   PARAMETER   16  beta_vw RESTORED TO VARIABLE.
                   PARAMETER   14  alpha_vw RESTORED TO VARIABLE.
                   PARAMETER   13  beta_y RESTORED TO VARIABLE.
                   PARAMETER   11  alpha_y RESTORED TO VARIABLE.
                   PARAMETER   10  beta_2CBO RESTORED TO VARIABLE.
                   PARAMETER    6  alpha_CBO RESTORED TO VARIABLE.
                   PARAMETER    4  phi RESTORED TO VARIABLE.
                   PARAMETER    3  A0 RESTORED TO VARIABLE.
                   PARAMETER    1  N0 RESTORED TO VARIABLE.
 **********
 **   43 **FIX           10
 **********
 **********
 **   44 **FIX           11
 **********
 **********
 **   45 **FIX           12
 **********
 PARAMETER   12  IS CONSTANT.   IGNORED.
 **********
 **   46 **FIX           13
 **********
 **********
 **   47 **FIX           14
 **********
 **********
 **   48 **FIX           15
 **********
 PARAMETER   15  IS CONSTANT.   IGNORED.
 **********
 **   49 **FIX           16
 **********
 **********
 **   50 **MIGRAD
 **********
 START MIGRAD MINIMIZATION.  STRATEGY  1.  CONVERGENCE WHEN EDM .LT. 1.00e-04
 FCN=56.3855 FROM MIGRAD    STATUS=INITIATE       22 CALLS        1685 TOTAL
                     EDM= unknown      STRATEGY= 1      NO ERROR MATRIX       
  EXT PARAMETER               CURRENT GUESS       STEP         FIRST   
  NO.   NAME      VALUE            ERROR          SIZE      DERIVATIVE 
   1  N0           3.09258e+06   2.09579e+03   2.09579e+03   5.51881e-05
   2  tau          6.44027e+01   constant   
   3  A0           3.50497e-01   9.68056e-04   9.68056e-04   3.55512e+02
   4  phi          4.11231e+00   3.06506e-03   3.06506e-03  -5.93177e+01
   5  R           -6.26367e+01   constant   
   6  alpha_CBO    8.75168e-04   1.06354e-03   1.06354e-03   5.80228e+01
   7  w_CBO        2.32500e+00   constant   
   8  beta_CBO     8.23092e-04   1.03620e-03   3.79549e-06   3.82866e-01
   9  alpha_2CBO   1.87726e-04   1.04510e-03   3.78090e-06  -3.67904e-01
  10  beta_2CBO   -1.23348e-03     fixed    
  11  alpha_y      0.00000e+00     fixed    
  12  w_y          1.38860e+01   constant   
  13  beta_y       6.97867e-04     fixed    
  14  alpha_vw     0.00000e+00     fixed    
  15  w_vw         1.43404e+01   constant   
  16  beta_vw      0.00000e+00     fixed    
  17  LM          -1.31878e-04   constant   
  18  zeta_y       0.00000e+00   constant   
  19  zeta_vw      0.00000e+00   constant   
  20  T_CBO        9.93885e+02   9.13575e+02   5.00906e-02  -1.70865e-04
  21  alpha_A0     3.47366e-03   6.23196e-03   2.49747e-03  -3.84915e-03
  22  beta_A0     -3.93756e-03   5.97495e-03   2.37372e-03   9.58105e-04
  23  alpha_phi   -5.82026e-03   6.05241e-03   2.55479e-03   6.22855e-04
  24  beta_phi     6.40079e-03   6.30332e-03   2.86029e-03   1.43676e-03
 MIGRAD MINIMIZATION HAS CONVERGED.
 MIGRAD WILL VERIFY CONVERGENCE AND ERROR MATRIX.
 COVARIANCE MATRIX CALCULATED SUCCESSFULLY
 FCN=56.3378 FROM HESSE     STATUS=OK            104 CALLS        1887 TOTAL
                     EDM=0.000354245    STRATEGY= 1      ERROR MATRIX ACCURATE 
  EXT PARAMETER                                   STEP         FIRST   
  NO.   NAME      VALUE            ERROR          SIZE      DERIVATIVE 
   1  N0           3.09244e+06   2.41253e+03   7.75140e+00  -3.19325e-07
   2  tau          6.44027e+01   constant   
   3  A0           3.50306e-01   1.04224e-03   3.64646e-06   8.41185e-01
   4  phi          4.11263e+00   3.13163e-03   1.09846e-05   5.90677e-02
   5  R           -6.26367e+01   constant   
   6  alpha_CBO    8.56147e-04   1.06381e-03   3.81091e-06   2.00434e-02
   7  w_CBO        2.32500e+00   constant   
   8  beta_CBO     8.83427e-04   1.07232e-03   3.79408e-06   4.42685e-01
   9  alpha_2CBO   1.98104e-04   1.04737e-03   3.77951e-06   4.44828e-01
  10  beta_2CBO   -1.23348e-03     fixed    
  11  alpha_y      0.00000e+00     fixed    
  12  w_y          1.38860e+01   constant   
  13  beta_y       6.97867e-04     fixed    
  14  alpha_vw     0.00000e+00     fixed    
  15  w_vw         1.43404e+01   constant   
  16  beta_vw      0.00000e+00     fixed    
  17  LM          -1.31878e-04   constant   
  18  zeta_y       0.00000e+00   constant   
  19  zeta_vw      0.00000e+00   constant   
  20  T_CBO        9.99573e+02   6.06763e+02   1.10728e-01   3.92977e-05
  21  alpha_A0     3.63278e-03   1.26027e-02   2.50291e-03   3.90399e-05
  22  beta_A0     -4.08704e-03   1.64262e-02   2.38355e-03  -2.20007e-03
  23  alpha_phi   -5.91863e-03   1.04190e-02   2.57326e-03  -1.23195e-03
  24  beta_phi     6.30820e-03   1.30056e-02   2.83244e-03   4.53349e-04
 MIGRAD MINIMIZATION HAS CONVERGED.
 FCN=56.3378 FROM MIGRAD    STATUS=CONVERGED     275 CALLS        1938 TOTAL
                     EDM=1.68221e-07    STRATEGY= 1  ERROR MATRIX UNCERTAINTY   1.8 per cent
  EXT PARAMETER                                   STEP         FIRST   
  NO.   NAME      VALUE            ERROR          SIZE      DERIVATIVE 
   1  N0           3.09244e+06   2.47407e+03   1.11696e+00  -9.58404e-08
   2  tau          6.44027e+01   constant   
   3  A0           3.50306e-01   1.05239e-03  -3.33256e-07   1.73625e-01
   4  phi          4.11263e+00   3.15399e-03  -7.68318e-07   4.63792e-02
   5  R           -6.26367e+01   constant   
   6  alpha_CBO    8.56078e-04   1.06415e-03  -6.98025e-08   5.48194e-03
   7  w_CBO        2.32500e+00   constant   
   8  beta_CBO     8.83168e-04   1.07970e-03  -2.58564e-07   1.02741e-01
   9  alpha_2CBO   1.97834e-04   1.05569e-03  -2.68955e-07   1.87403e-01
  10  beta_2CBO   -1.23348e-03     fixed    
  11  alpha_y      0.00000e+00     fixed    
  12  w_y          1.38860e+01   constant   
  13  beta_y       6.97867e-04     fixed    
  14  alpha_vw     0.00000e+00     fixed    
  15  w_vw         1.43404e+01   constant   
  16  beta_vw      0.00000e+00     fixed    
  17  LM          -1.31878e-04   constant   
  18  zeta_y       0.00000e+00   constant   
  19  zeta_vw      0.00000e+00   constant   
  20  T_CBO        9.99998e+02   8.16787e+02  -2.19554e-02  -7.22509e-06
  21  alpha_A0     3.63183e-03   6.16821e-03   5.19403e-05  -3.21867e-04
  22  beta_A0     -4.08168e-03   5.49531e-03   4.10236e-04   1.03054e-05
  23  alpha_phi   -5.91446e-03   5.04918e-03   2.27800e-04   3.72693e-04
  24  beta_phi     6.30400e-03   5.43240e-03  -2.16664e-04  -4.86019e-04
 EXTERNAL ERROR MATRIX.    NDIM=  25    NPAR= 11    ERR DEF=1
  6.121e+06 
 -3.660e-01  1.108e-06 
 -9.574e-01 -1.074e-07  9.948e-06 
  2.658e-02  3.934e-08  7.207e-07  1.132e-06 
 -2.513e-01 -2.210e-07  4.280e-07 -2.644e-08  1.166e-06 
 -7.212e-02 -3.399e-09  2.516e-07  2.742e-08  6.207e-08  1.114e-06 
  7.514e+03 -2.143e-03 -5.378e-03 -5.111e-04 -1.778e-03 -1.846e-03  2.061e+03 
  4.569e+00 -1.459e-06  5.580e-07 -4.148e-07  6.230e-08  8.319e-07  4.956e-02  4.544e-05 
  1.623e+00  2.095e-07 -2.398e-06 -1.129e-07 -9.918e-07 -5.827e-07 -2.654e-02  3.482e-07  3.477e-05 
 -1.480e-01  3.494e-07 -2.294e-06 -5.298e-07 -1.361e-07  1.356e-07 -6.298e-02 -1.046e-06 -3.582e-06  2.977e-05 
 -2.912e+00  9.012e-07  9.626e-08 -1.596e-07 -5.942e-07  6.135e-07  6.995e-02 -4.898e-06  2.261e-06  2.587e-06  3.621e-05 
 PARAMETER  CORRELATION COEFFICIENTS  
       NO.  GLOBAL      1      3      4      6      8      9     20     21     22     23     24
        1  0.39120   1.000 -0.141 -0.123  0.010 -0.094 -0.028  0.067  0.274  0.111 -0.011 -0.196
        3  0.31975  -0.141  1.000 -0.032  0.035 -0.195 -0.003 -0.045 -0.206  0.034  0.061  0.142
        4  0.34022  -0.123 -0.032  1.000  0.215  0.126  0.076 -0.038  0.026 -0.129 -0.133  0.005
        6  0.24866   0.010  0.035  0.215  1.000 -0.023  0.024 -0.011 -0.058 -0.018 -0.091 -0.025
        8  0.29946  -0.094 -0.195  0.126 -0.023  1.000  0.054 -0.036  0.009 -0.156 -0.023 -0.091
        9  0.23142  -0.028 -0.003  0.076  0.024  0.054  1.000 -0.039  0.117 -0.094  0.024  0.097
       20  0.47694   0.067 -0.045 -0.038 -0.011 -0.036 -0.039  1.000  0.162 -0.099 -0.254  0.256
       21  0.40104   0.274 -0.206  0.026 -0.058  0.009  0.117  0.162  1.000  0.009 -0.028 -0.121
       22  0.33362   0.111  0.034 -0.129 -0.018 -0.156 -0.094 -0.099  0.009  1.000 -0.111  0.064
       23  0.38325  -0.011  0.061 -0.133 -0.091 -0.023  0.024 -0.254 -0.028 -0.111  1.000  0.079
       24  0.44273  -0.196  0.142  0.005 -0.025 -0.091  0.097  0.256 -0.121  0.064  0.079  1.000
MINUIT - FIT ONLY 1-y
 **********
 **   51 **RES 
 **********
                   PARAMETER   16  beta_vw RESTORED TO VARIABLE.
                   PARAMETER   14  alpha_vw RESTORED TO VARIABLE.
                   PARAMETER   13  beta_y RESTORED TO VARIABLE.
                   PARAMETER   11  alpha_y RESTORED TO VARIABLE.
                   PARAMETER   10  beta_2CBO RESTORED TO VARIABLE.
 **********
 **   52 **FIX            0
 **********
 PARAMETER    0  IS UNDEFINED. IGNORED.
 **********
 **   53 **FIX            1
 **********
 **********
 **   54 **FIX            2
 **********
 PARAMETER    2  IS CONSTANT.   IGNORED.
 **********
 **   55 **FIX            3
 **********
 **********
 **   56 **FIX            4
 **********
 **********
 **   57 **FIX            5
 **********
 PARAMETER    5  IS CONSTANT.   IGNORED.
 **********
 **   58 **FIX            6
 **********
 **********
 **   59 **FIX            7
 **********
 PARAMETER    7  IS CONSTANT.   IGNORED.
 **********
 **   60 **FIX            8
 **********
 **********
 **   61 **FIX            9
 **********
 **********
 **   62 **FIX           13
 **********
 **********
 **   63 **FIX           14
 **********
 **********
 **   64 **FIX           15
 **********
 PARAMETER   15  IS CONSTANT.   IGNORED.
 **********
 **   65 **FIX           16
 **********
 **********
 **   66 **MIGRAD
 **********
 START MIGRAD MINIMIZATION.  STRATEGY  1.  CONVERGENCE WHEN EDM .LT. 1.00e-04
 FCN=56.3378 FROM MIGRAD    STATUS=INITIATE       16 CALLS        1954 TOTAL
                     EDM= unknown      STRATEGY= 1      NO ERROR MATRIX       
  EXT PARAMETER               CURRENT GUESS       STEP         FIRST   
  NO.   NAME      VALUE            ERROR          SIZE      DERIVATIVE 
   1  N0           3.09244e+06     fixed    
   2  tau          6.44027e+01   constant   
   3  A0           3.50306e-01     fixed    
   4  phi          4.11263e+00     fixed    
   5  R           -6.26367e+01   constant   
   6  alpha_CBO    8.56078e-04     fixed    
   7  w_CBO        2.32500e+00   constant   
   8  beta_CBO     8.83168e-04     fixed    
   9  alpha_2CBO   1.97834e-04     fixed    
  10  beta_2CBO   -1.23348e-03   1.06573e-03   1.06573e-03  -7.66212e+01
  11  alpha_y      0.00000e+00   1.00000e-03   1.00000e-03   1.63619e+01
  12  w_y          1.38860e+01   constant   
  13  beta_y       6.97867e-04     fixed    
  14  alpha_vw     0.00000e+00     fixed    
  15  w_vw         1.43404e+01   constant   
  16  beta_vw      0.00000e+00     fixed    
  17  LM          -1.31878e-04   constant   
  18  zeta_y       0.00000e+00   constant   
  19  zeta_vw      0.00000e+00   constant   
  20  T_CBO        9.99998e+02   8.16787e+02  -2.19554e-02  -7.86420e-06
  21  alpha_A0     3.63183e-03   6.16821e-03   5.19403e-05  -3.21861e-04
  22  beta_A0     -4.08168e-03   5.49531e-03   4.10236e-04   1.03006e-05
  23  alpha_phi   -5.91446e-03   5.04918e-03   2.27800e-04   3.72688e-04
  24  beta_phi     6.30400e-03   5.43240e-03  -2.16664e-04  -4.86014e-04
 MIGRAD MINIMIZATION HAS CONVERGED.
 MIGRAD WILL VERIFY CONVERGENCE AND ERROR MATRIX.
 COVARIANCE MATRIX CALCULATED SUCCESSFULLY
 FCN=56.336 FROM MIGRAD    STATUS=CONVERGED      99 CALLS        2037 TOTAL
                     EDM=3.927e-07    STRATEGY= 1      ERROR MATRIX ACCURATE 
  EXT PARAMETER                                   STEP         FIRST   
  NO.   NAME      VALUE            ERROR          SIZE      DERIVATIVE 
   1  N0           3.09244e+06     fixed    
   2  tau          6.44027e+01   constant   
   3  A0           3.50306e-01     fixed    
   4  phi          4.11263e+00     fixed    
   5  R           -6.26367e+01   constant   
   6  alpha_CBO    8.56078e-04     fixed    
   7  w_CBO        2.32500e+00   constant   
   8  beta_CBO     8.83168e-04     fixed    
   9  alpha_2CBO   1.97834e-04     fixed    
  10  beta_2CBO   -1.19010e-03   1.06341e-03   3.82579e-06  -8.23641e-02
  11  alpha_y     -9.41202e-06   1.03358e-03   3.82032e-06  -5.65722e-01
  12  w_y          1.38860e+01   constant   
  13  beta_y       6.97867e-04     fixed    
  14  alpha_vw     0.00000e+00     fixed    
  15  w_vw         1.43404e+01   constant   
  16  beta_vw      0.00000e+00     fixed    
  17  LM          -1.31878e-04   constant   
  18  zeta_y       0.00000e+00   constant   
  19  zeta_vw      0.00000e+00   constant   
  20  T_CBO        1.00000e+03   5.59461e+02   8.46168e-02** at limit **
  21  alpha_A0     3.64973e-03   5.93414e-03   2.50235e-03   3.50896e-04
  22  beta_A0     -4.04252e-03   5.64321e-03   2.38327e-03   3.13670e-04
  23  alpha_phi   -5.95327e-03   5.42338e-03   2.56449e-03   6.05318e-04
  24  beta_phi     6.31226e-03   5.58000e-03   2.82468e-03   5.75902e-04
 EXTERNAL ERROR MATRIX.    NDIM=  25    NPAR=  7    ERR DEF=1
  1.131e-06 -9.600e-09  9.766e-06  4.128e-07  1.001e-06 -1.002e-06  1.551e-07 
 -9.600e-09  1.068e-06 -1.844e-06 -1.011e-07 -4.157e-08  1.063e-07 -6.026e-09 
  9.766e-06 -1.844e-06  2.603e+02  1.737e-02 -1.899e-02 -2.812e-02  3.015e-02 
  4.128e-07 -1.011e-07  1.737e-02  4.140e-05 -2.681e-06 -4.085e-06  3.771e-07 
  1.001e-06 -4.157e-08 -1.899e-02 -2.681e-06  3.698e-05 -9.397e-08 -2.513e-06 
 -1.002e-06  1.063e-07 -2.812e-02 -4.085e-06 -9.397e-08  3.544e-05 -3.591e-06 
  1.551e-07 -6.026e-09  3.015e-02  3.771e-07 -2.513e-06 -3.591e-06  3.879e-05 
 PARAMETER  CORRELATION COEFFICIENTS  
       NO.  GLOBAL     10     11     20     21     22     23     24
       10  0.23056   1.000 -0.009  0.001  0.060  0.155 -0.158  0.023
       11  0.02426  -0.009  1.000 -0.000 -0.015 -0.007  0.017 -0.001
       20  0.45594   0.001 -0.000  1.000  0.167 -0.194 -0.293  0.300
       21  0.19718   0.060 -0.015  0.167  1.000 -0.069 -0.107  0.009
       22  0.25570   0.155 -0.007 -0.194 -0.069  1.000 -0.003 -0.066
       23  0.33888  -0.158  0.017 -0.293 -0.107 -0.003  1.000 -0.097
       24  0.30449   0.023 -0.001  0.300  0.009 -0.066 -0.097  1.000
MINUIT - FIT ONLY 2-y
 **********
 **   67 **RES 
 **********
                   PARAMETER   16  beta_vw RESTORED TO VARIABLE.
                   PARAMETER   14  alpha_vw RESTORED TO VARIABLE.
                   PARAMETER   13  beta_y RESTORED TO VARIABLE.
                   PARAMETER    9  alpha_2CBO RESTORED TO VARIABLE.
                   PARAMETER    8  beta_CBO RESTORED TO VARIABLE.
                   PARAMETER    6  alpha_CBO RESTORED TO VARIABLE.
                   PARAMETER    4  phi RESTORED TO VARIABLE.
                   PARAMETER    3  A0 RESTORED TO VARIABLE.
                   PARAMETER    1  N0 RESTORED TO VARIABLE.
 **********
 **   68 **FIX            0
 **********
 PARAMETER    0  IS UNDEFINED. IGNORED.
 **********
 **   69 **FIX            1
 **********
 **********
 **   70 **FIX            2
 **********
 PARAMETER    2  IS CONSTANT.   IGNORED.
 **********
 **   71 **FIX            3
 **********
 **********
 **   72 **FIX            4
 **********
 **********
 **   73 **FIX            5
 **********
 PARAMETER    5  IS CONSTANT.   IGNORED.
 **********
 **   74 **FIX            6
 **********
 **********
 **   75 **FIX            7
 **********
 PARAMETER    7  IS CONSTANT.   IGNORED.
 **********
 **   76 **FIX            8
 **********
 **********
 **   77 **FIX            9
 **********
 **********
 **   78 **FIX           10
 **********
 **********
 **   79 **FIX           11
 **********
 **********
 **   80 **FIX           12
 **********
 PARAMETER   12  IS CONSTANT.   IGNORED.
 **********
 **   81 **FIX           16
 **********
 **********
 **   82 **MIGRAD
 **********
 START MIGRAD MINIMIZATION.  STRATEGY  1.  CONVERGENCE WHEN EDM .LT. 1.00e-04
 FCN=56.336 FROM MIGRAD    STATUS=INITIATE       16 CALLS        2053 TOTAL
                     EDM= unknown      STRATEGY= 1      NO ERROR MATRIX       
  EXT PARAMETER               CURRENT GUESS       STEP         FIRST   
  NO.   NAME      VALUE            ERROR          SIZE      DERIVATIVE 
   1  N0           3.09244e+06     fixed    
   2  tau          6.44027e+01   constant   
   3  A0           3.50306e-01     fixed    
   4  phi          4.11263e+00     fixed    
   5  R           -6.26367e+01   constant   
   6  alpha_CBO    8.56078e-04     fixed    
   7  w_CBO        2.32500e+00   constant   
   8  beta_CBO     8.83168e-04     fixed    
   9  alpha_2CBO   1.97834e-04     fixed    
  10  beta_2CBO   -1.19010e-03     fixed    
  11  alpha_y     -9.41202e-06     fixed    
  12  w_y          1.38860e+01   constant   
  13  beta_y       6.97867e-04   1.01096e-03   1.01096e-03   1.11689e+01
  14  alpha_vw     0.00000e+00   1.00000e-03   1.00000e-03   1.10885e+03
  15  w_vw         1.43404e+01   constant   
  16  beta_vw      0.00000e+00     fixed    
