 + ++++++++++++++++++++++++++++++++++++++++++++++++++++++++++++++++++++ +
 +                                                                      +
 +           You have chose to blind your fitting according to          +
 +                omega_ref * (1 + (R +/- deltaR) *10^{-6})             +
 +                                                                      +
 + ++++++++++++++++++++++++++++++++++++++++++++++++++++++++++++++++++++ +
In main()...
reading format from /gm2data/zkhechad/run45/envelope/formats/formatB_sBin_constraintOn.txt
pBinTau 	= 0  
pBinPhi 	= 0  
constraintau 	= 1 
includeMopTerm 	= 0    
constrainMop    = 0   
Parameters after format file: pBinTau 0 pBinPhi 0 constraintau 1 includeMopTerm 0 constrainMop 0 c_e_scale 0.000000 
Opening file /gm2data/tbarrett/gm2fr/studies/run23_bunch_corrections/CorrectedFourier_Run3b.root.
reading full fit data from /gm2data/zkhechad/cboTemplates/Run4CBOTemplates/fullFits/noRF/sBin_constraintOn_cE0.0_seed0_noRF_calo22.root
windowBins = 69
fitting sliding window 1820 from bin 1956 at 291.686000 to bin 2025 at 302.130000 (69 bins)

Reading data from /gm2data/cornell/histograms/aMethod/histogram_a_noRF.root
 **********
 **    1 **SET PRINTOUT            1
 **********
 **********
 **    2 **SET NOWARNINGS 
 **********
 PARAMETER DEFINITIONS:
    NO.   NAME         VALUE      STEP SIZE      LIMITS
     1 N0           3.01041e+06  1.00000e+02     no limits
     2 tau          6.44059e+01  constant
     3 A0           3.51736e-01  1.00000e-04     no limits
     4 phi          4.11589e+00  1.00000e-02     no limits
     5 R           -6.13499e+01  constant
     6 alpha_CBO    0.00000e+00  1.00000e-03     no limits
     7 w_CBO        2.32500e+00  constant
     8 beta_CBO     0.00000e+00  1.00000e-03     no limits
     9 alpha_2CBO   0.00000e+00  1.00000e-03     no limits
    10 beta_2CBO    0.00000e+00  1.00000e-03     no limits
    11 alpha_y      0.00000e+00  1.00000e-03     no limits
    12 w_y          1.38860e+01  constant
    13 beta_y       0.00000e+00  1.00000e-03     no limits
    14 alpha_vw     0.00000e+00  1.00000e-03     no limits
    15 w_vw         1.43404e+01  constant
    16 beta_vw      0.00000e+00  1.00000e-03     no limits
    17 LM           1.16863e-04  constant
    18 zeta_y       0.00000e+00  constant
    19 zeta_vw      0.00000e+00  constant
    20 T_CBO        1.00000e+02  1.00000e+00    0.00000e+00  1.00000e+03
    21 alpha_A0     0.00000e+00  1.00000e-03     no limits
    22 beta_A0      0.00000e+00  1.00000e-03     no limits
    23 alpha_phi    0.00000e+00  1.00000e-03     no limits
    24 beta_phi     0.00000e+00  1.00000e-03     no limits
MINUIT - FIT ONLY WIGGLE
 **********
 **    3 **FIX            5
 **********
 PARAMETER    5  IS CONSTANT.   IGNORED.
 **********
 **    4 **FIX            6
 **********
 **********
 **    5 **FIX            7
 **********
 PARAMETER    7  IS CONSTANT.   IGNORED.
 **********
 **    6 **FIX            8
 **********
 **********
 **    7 **FIX            9
 **********
 **********
 **    8 **FIX           10
 **********
 **********
 **    9 **FIX           11
 **********
 **********
 **   10 **FIX           12
 **********
 PARAMETER   12  IS CONSTANT.   IGNORED.
 **********
 **   11 **FIX           13
 **********
 **********
 **   12 **FIX           14
 **********
 **********
 **   13 **FIX           15
 **********
 PARAMETER   15  IS CONSTANT.   IGNORED.
 **********
 **   14 **FIX           16
 **********
 **********
 **   15 **MIGRAD
 **********
 FIRST CALL TO USER FUNCTION AT NEW START POINT, WITH IFLAG=4.
 START MIGRAD MINIMIZATION.  STRATEGY  1.  CONVERGENCE WHEN EDM .LT. 1.00e-04
 FCN=114.234 FROM MIGRAD    STATUS=INITIATE      437 CALLS         438 TOTAL
                     EDM= unknown      STRATEGY= 1      NO ERROR MATRIX       
  EXT PARAMETER               CURRENT GUESS       STEP         FIRST   
  NO.   NAME      VALUE            ERROR          SIZE      DERIVATIVE 
   1  N0           3.01041e+06   1.00000e+02   0.00000e+00   2.19756e-03
   2  tau          6.44059e+01   constant   
   3  A0           3.51736e-01   1.00000e-04   0.00000e+00   3.83283e+03
   4  phi          4.11589e+00   1.00000e-02   0.00000e+00   4.56636e+02
   5  R           -6.13499e+01   constant   
   6  alpha_CBO    0.00000e+00     fixed    
   7  w_CBO        2.32500e+00   constant   
   8  beta_CBO     0.00000e+00     fixed    
   9  alpha_2CBO   0.00000e+00     fixed    
  10  beta_2CBO    0.00000e+00     fixed    
  11  alpha_y      0.00000e+00     fixed    
  12  w_y          1.38860e+01   constant   
  13  beta_y       0.00000e+00     fixed    
  14  alpha_vw     0.00000e+00     fixed    
  15  w_vw         1.43404e+01   constant   
  16  beta_vw      0.00000e+00     fixed    
  17  LM           1.16863e-04   constant   
  18  zeta_y       0.00000e+00   constant   
  19  zeta_vw      0.00000e+00   constant   
  20  T_CBO        1.00000e+02   1.00000e+00   0.00000e+00   0.00000e+00
  21  alpha_A0     0.00000e+00   1.00000e-03   0.00000e+00  -3.74310e+01
  22  beta_A0      0.00000e+00   1.00000e-03   0.00000e+00   8.09429e+01
  23  alpha_phi    0.00000e+00   1.00000e-03   0.00000e+00   6.46723e+01
  24  beta_phi     0.00000e+00   1.00000e-03   0.00000e+00  -2.90660e+01
 CALL LIMIT EXCEEDED IN MIGRAD.
 MIGRAD TERMINATED WITHOUT CONVERGENCE.
 FCN=105.961 FROM MIGRAD    STATUS=CALL LIMIT   1337 CALLS        1338 TOTAL
                     EDM=0.000995813    STRATEGY= 1  ERROR MATRIX UNCERTAINTY   0.3 per cent
  EXT PARAMETER                APPROXIMATE        STEP         FIRST   
  NO.   NAME      VALUE            ERROR          SIZE      DERIVATIVE 
   1  N0           3.00906e+06   1.32056e+03  -1.04002e+00   1.51434e-05
   2  tau          6.44059e+01   constant   
   3  A0           3.50942e-01   5.37181e-04  -2.86744e-06   4.00891e+00
   4  phi          4.11525e+00   1.64130e-03  -3.54290e-06  -1.52629e+00
   5  R           -6.13499e+01   constant   
   6  alpha_CBO    0.00000e+00     fixed    
   7  w_CBO        2.32500e+00   constant   
   8  beta_CBO     0.00000e+00     fixed    
   9  alpha_2CBO   0.00000e+00     fixed    
  10  beta_2CBO    0.00000e+00     fixed    
  11  alpha_y      0.00000e+00     fixed    
  12  w_y          1.38860e+01   constant   
  13  beta_y       0.00000e+00     fixed    
  14  alpha_vw     0.00000e+00     fixed    
  15  w_vw         1.43404e+01   constant   
  16  beta_vw      0.00000e+00     fixed    
  17  LM           1.16863e-04   constant   
  18  zeta_y       0.00000e+00   constant   
  19  zeta_vw      0.00000e+00   constant   
  20  T_CBO        4.30052e+01   1.88888e+01  -2.04916e-03  -5.28425e+00
  21  alpha_A0     1.27362e+00   3.33002e+00   7.23187e-02  -1.54159e-02
  22  beta_A0     -2.99672e+00   8.19310e+00  -1.77913e-01   4.14706e-02
  23  alpha_phi   -2.48107e+00   6.67016e+00  -1.44908e-01   4.13876e-02
  24  beta_phi     2.01655e+00   5.55450e+00   1.20663e-01   3.06296e-02
 EXTERNAL ERROR MATRIX.    NDIM=  25    NPAR=  8    ERR DEF=1
  1.744e+06  8.641e-02 -3.129e-01  4.025e+02  9.806e+01 -2.537e+02 -2.121e+02  1.722e+02 
  8.641e-02  2.886e-07  5.190e-08 -5.570e-06  2.573e-06 -3.176e-06  1.862e-06 -2.222e-06 
 -3.129e-01  5.190e-08  2.694e-06  2.475e-04 -1.132e-04  2.879e-04  2.422e-04 -2.036e-04 
  4.025e+02 -5.570e-06  2.475e-04  3.578e+02 -6.283e+01  1.546e+02  1.258e+02 -1.048e+02 
  9.806e+01  2.573e-06 -1.132e-04 -6.283e+01  1.109e+01 -2.728e+01 -2.221e+01  1.849e+01 
 -2.537e+02 -3.176e-06  2.879e-04  1.546e+02 -2.728e+01  6.713e+01  5.465e+01 -4.551e+01 
 -2.121e+02  1.862e-06  2.422e-04  1.258e+02 -2.221e+01  5.465e+01  4.449e+01 -3.705e+01 
  1.722e+02 -2.222e-06 -2.036e-04 -1.048e+02  1.849e+01 -4.551e+01 -3.705e+01  3.085e+01 
ERR MATRIX APPROXIMATE
 PARAMETER  CORRELATION COEFFICIENTS  
       NO.  GLOBAL      1      3      4     20     21     22     23     24
        1  0.57038   1.000  0.122 -0.144  0.016  0.022 -0.023 -0.024  0.023
        3  0.24247   0.122  1.000  0.059 -0.001  0.001 -0.001  0.001 -0.001
        4  0.22620  -0.144  0.059  1.000  0.008 -0.021  0.021  0.022 -0.022
       20  0.99822   0.016 -0.001  0.008  1.000 -0.997  0.997  0.997 -0.997
       21  0.99988   0.022  0.001 -0.021 -0.997  1.000 -1.000 -1.000  1.000
       22  0.99997  -0.023 -0.001  0.021  0.997 -1.000  1.000  1.000 -1.000
       23  0.99997  -0.024  0.001  0.022  0.997 -1.000  1.000  1.000 -1.000
       24  0.99996   0.023 -0.001 -0.022 -0.997  1.000 -1.000 -1.000  1.000
 ERR MATRIX APPROXIMATE
MINUIT - FIT ONLY 1-CBO + wiggle
 **********
 **   16 **RES 
 **********
                   PARAMETER   16  beta_vw RESTORED TO VARIABLE.
                   PARAMETER   14  alpha_vw RESTORED TO VARIABLE.
                   PARAMETER   13  beta_y RESTORED TO VARIABLE.
                   PARAMETER   11  alpha_y RESTORED TO VARIABLE.
                   PARAMETER   10  beta_2CBO RESTORED TO VARIABLE.
                   PARAMETER    9  alpha_2CBO RESTORED TO VARIABLE.
                   PARAMETER    8  beta_CBO RESTORED TO VARIABLE.
                   PARAMETER    6  alpha_CBO RESTORED TO VARIABLE.
 **********
 **   17 **FIX            8
 **********
 **********
 **   18 **FIX            9
 **********
 **********
 **   19 **FIX           11
 **********
 **********
 **   20 **FIX           12
 **********
 PARAMETER   12  IS CONSTANT.   IGNORED.
 **********
 **   21 **FIX           14
 **********
 **********
 **   22 **FIX           15
 **********
 PARAMETER   15  IS CONSTANT.   IGNORED.
 **********
 **   23 **FIX           16
 **********
 **********
 **   24 **MIGRAD
 **********
 START MIGRAD MINIMIZATION.  STRATEGY  1.  CONVERGENCE WHEN EDM .LT. 1.00e-04
 FCN=105.961 FROM MIGRAD    STATUS=INITIATE       28 CALLS        1366 TOTAL
                     EDM= unknown      STRATEGY= 1      NO ERROR MATRIX       
  EXT PARAMETER               CURRENT GUESS       STEP         FIRST   
  NO.   NAME      VALUE            ERROR          SIZE      DERIVATIVE 
   1  N0           3.00906e+06   1.32056e+03  -1.04002e+00   1.51434e-05
   2  tau          6.44059e+01   constant   
   3  A0           3.50942e-01   5.37181e-04  -2.86744e-06   4.00891e+00
   4  phi          4.11525e+00   1.64130e-03  -3.54290e-06  -1.52630e+00
   5  R           -6.13499e+01   constant   
   6  alpha_CBO    0.00000e+00   1.00000e-03   1.00000e-03   1.82035e+04
   7  w_CBO        2.32500e+00   constant   
   8  beta_CBO     0.00000e+00     fixed    
   9  alpha_2CBO   0.00000e+00     fixed    
  10  beta_2CBO    0.00000e+00   1.00000e-03   1.00000e-03  -1.27433e+03
  11  alpha_y      0.00000e+00     fixed    
  12  w_y          1.38860e+01   constant   
  13  beta_y       0.00000e+00   1.00000e-03   1.00000e-03  -1.77776e+03
  14  alpha_vw     0.00000e+00     fixed    
  15  w_vw         1.43404e+01   constant   
  16  beta_vw      0.00000e+00     fixed    
  17  LM           1.16863e-04   constant   
  18  zeta_y       0.00000e+00   constant   
  19  zeta_vw      0.00000e+00   constant   
  20  T_CBO        4.30052e+01   1.88888e+01  -2.04916e-03  -5.28426e+00
  21  alpha_A0     1.27362e+00   3.33002e+00   7.23187e-02  -1.54159e-02
  22  beta_A0     -2.99672e+00   8.19310e+00  -1.77913e-01   4.14706e-02
  23  alpha_phi   -2.48107e+00   6.67016e+00  -1.44908e-01   4.13876e-02
  24  beta_phi     2.01655e+00   5.55450e+00   1.20663e-01   3.06296e-02
 MIGRAD MINIMIZATION HAS CONVERGED.
 FCN=73.2297 FROM MIGRAD    STATUS=CONVERGED     174 CALLS        1512 TOTAL
                     EDM=8.93918e-06    STRATEGY= 1  ERROR MATRIX UNCERTAINTY   2.9 per cent
  EXT PARAMETER                                   STEP         FIRST   
  NO.   NAME      VALUE            ERROR          SIZE      DERIVATIVE 
   1  N0           3.00952e+06   1.31805e+03   4.21863e+00   8.95339e-08
   2  tau          6.44059e+01   constant   
   3  A0           3.51722e-01   5.81676e-04  -2.33783e-06  -3.73831e+00
   4  phi          4.11567e+00   1.65312e-03  -2.06361e-06   9.02490e-01
   5  R           -6.13499e+01   constant   
   6  alpha_CBO   -3.53324e-03   6.18841e-04   1.21250e-06   1.72878e+00
   7  w_CBO        2.32500e+00   constant   
   8  beta_CBO     0.00000e+00     fixed    
   9  alpha_2CBO   0.00000e+00     fixed    
  10  beta_2CBO    3.86590e-04   5.99541e-04   5.81263e-07   6.58787e-01
  11  alpha_y      0.00000e+00     fixed    
  12  w_y          1.38860e+01   constant   
  13  beta_y       2.90427e-04   5.84814e-04   1.85696e-06   2.64594e+00
  14  alpha_vw     0.00000e+00     fixed    
  15  w_vw         1.43404e+01   constant   
  16  beta_vw      0.00000e+00     fixed    
  17  LM           1.16863e-04   constant   
  18  zeta_y       0.00000e+00   constant   
  19  zeta_vw      0.00000e+00   constant   
  20  T_CBO        4.35730e+01   2.67125e+00   5.01233e-05  -1.73978e-01
  21  alpha_A0     3.30334e+00   2.44902e+00  -6.35612e-03   1.29437e-03
  22  beta_A0     -2.76849e+00   2.04218e+00  -8.49886e-04  -1.00575e-03
  23  alpha_phi   -3.51451e+00   1.87036e+00  -1.86411e-03  -8.13465e-04
  24  beta_phi     7.54977e-01   2.11970e+00  -1.83528e-03  -8.13358e-06
 EXTERNAL ERROR MATRIX.    NDIM=  25    NPAR= 11    ERR DEF=1
  1.737e+06 
  7.886e-02  3.383e-07 
 -9.742e-02  8.652e-08  2.733e-06 
 -3.396e-02 -8.055e-08 -7.469e-08  3.830e-07 
  2.942e-02  1.133e-08 -9.689e-09 -1.986e-08  3.594e-07 
  2.753e-02  2.094e-08 -3.968e-08 -3.705e-09 -4.507e-10  3.420e-07 
  7.635e+02 -2.068e-04 -4.879e-04  6.387e-05  1.525e-05  1.710e-04  7.136e+00 
 -2.426e+02  2.765e-04  3.786e-04 -2.919e-04 -3.125e-05 -1.050e-04 -2.506e+00  5.998e+00 
 -1.996e+02 -1.532e-04 -8.041e-05  1.561e-05  2.514e-05  5.405e-05  1.279e+00 -4.337e-02  4.170e+00 
  2.894e+01 -6.059e-06  2.377e-05  1.385e-04  4.664e-05  4.904e-05  1.503e+00  5.329e-01 -5.063e-01  3.498e+00 
  3.897e+01 -1.709e-04 -1.021e-05  9.362e-05 -5.382e-05 -3.027e-05 -3.628e-01  4.238e-02  5.885e-01  1.594e-02  4.493e+00 
 PARAMETER  CORRELATION COEFFICIENTS  
       NO.  GLOBAL      1      3      4      6     10     13     20     21     22     23     24
        1  0.30713   1.000  0.103 -0.045 -0.042  0.037  0.036  0.217 -0.075 -0.074  0.012  0.014
        3  0.35775   0.103  1.000  0.090 -0.224  0.032  0.062 -0.133  0.194 -0.129 -0.006 -0.139
        4  0.16143  -0.045  0.090  1.000 -0.073 -0.010 -0.041 -0.110  0.094 -0.024  0.008 -0.003
        6  0.33683  -0.042 -0.224 -0.073  1.000 -0.054 -0.010  0.039 -0.193  0.012  0.120  0.071
       10  0.11689   0.037  0.032 -0.010 -0.054  1.000 -0.001  0.010 -0.021  0.021  0.042 -0.042
       13  0.15454   0.036  0.062 -0.041 -0.010 -0.001  1.000  0.109 -0.073  0.045  0.045 -0.024
       20  0.64392   0.217 -0.133 -0.110  0.039  0.010  0.109  1.000 -0.383  0.234  0.301 -0.064
       21  0.53567  -0.075  0.194  0.094 -0.193 -0.021 -0.073 -0.383  1.000 -0.009  0.116  0.008
       22  0.42532  -0.074 -0.129 -0.024  0.012  0.021  0.045  0.234 -0.009  1.000 -0.133  0.136
       23  0.50096   0.012 -0.006  0.008  0.120  0.042  0.045  0.301  0.116 -0.133  1.000  0.004
       24  0.24361   0.014 -0.139 -0.003  0.071 -0.042 -0.024 -0.064  0.008  0.136  0.004  1.000
MINUIT - FIT ONLY 2-CBO
 **********
 **   25 **RES 
 **********
                   PARAMETER   16  beta_vw RESTORED TO VARIABLE.
                   PARAMETER   14  alpha_vw RESTORED TO VARIABLE.
                   PARAMETER   11  alpha_y RESTORED TO VARIABLE.
                   PARAMETER    9  alpha_2CBO RESTORED TO VARIABLE.
                   PARAMETER    8  beta_CBO RESTORED TO VARIABLE.
 **********
 **   26 **FIX            0
 **********
 PARAMETER    0  IS UNDEFINED. IGNORED.
 **********
 **   27 **FIX            1
 **********
 **********
 **   28 **FIX            2
 **********
 PARAMETER    2  IS CONSTANT.   IGNORED.
 **********
 **   29 **FIX            3
 **********
 **********
 **   30 **FIX            4
 **********
 **********
 **   31 **FIX            5
 **********
 PARAMETER    5  IS CONSTANT.   IGNORED.
 **********
 **   32 **FIX            6
 **********
 **********
 **   33 **FIX            7
 **********
 PARAMETER    7  IS CONSTANT.   IGNORED.
 **********
 **   34 **FIX           10
 **********
 **********
 **   35 **FIX           11
 **********
 **********
 **   36 **FIX           12
 **********
 PARAMETER   12  IS CONSTANT.   IGNORED.
 **********
 **   37 **FIX           13
 **********
 **********
 **   38 **FIX           14
 **********
 **********
 **   39 **FIX           15
 **********
 PARAMETER   15  IS CONSTANT.   IGNORED.
 **********
 **   40 **FIX           16
 **********
 **********
 **   41 **MIGRAD
 **********
 START MIGRAD MINIMIZATION.  STRATEGY  1.  CONVERGENCE WHEN EDM .LT. 1.00e-04
 FCN=73.2297 FROM MIGRAD    STATUS=INITIATE       16 CALLS        1528 TOTAL
                     EDM= unknown      STRATEGY= 1      NO ERROR MATRIX       
  EXT PARAMETER               CURRENT GUESS       STEP         FIRST   
  NO.   NAME      VALUE            ERROR          SIZE      DERIVATIVE 
   1  N0           3.00952e+06     fixed    
   2  tau          6.44059e+01   constant   
   3  A0           3.51722e-01     fixed    
   4  phi          4.11567e+00     fixed    
   5  R           -6.13499e+01   constant   
   6  alpha_CBO   -3.53324e-03     fixed    
   7  w_CBO        2.32500e+00   constant   
   8  beta_CBO     0.00000e+00   1.00000e-03   1.00000e-03  -4.26825e+03
   9  alpha_2CBO   0.00000e+00   1.00000e-03   1.00000e-03   2.07648e+03
  10  beta_2CBO    3.86590e-04     fixed    
  11  alpha_y      0.00000e+00     fixed    
  12  w_y          1.38860e+01   constant   
  13  beta_y       2.90427e-04     fixed    
  14  alpha_vw     0.00000e+00     fixed    
  15  w_vw         1.43404e+01   constant   
  16  beta_vw      0.00000e+00     fixed    
  17  LM           1.16863e-04   constant   
  18  zeta_y       0.00000e+00   constant   
  19  zeta_vw      0.00000e+00   constant   
  20  T_CBO        4.35730e+01   2.67125e+00   5.01233e-05  -1.73980e-01
  21  alpha_A0     3.30334e+00   2.44902e+00  -6.35612e-03   1.29437e-03
  22  beta_A0     -2.76849e+00   2.04218e+00  -8.49886e-04  -1.00575e-03
  23  alpha_phi   -3.51451e+00   1.87036e+00  -1.86411e-03  -8.13465e-04
  24  beta_phi     7.54977e-01   2.11970e+00  -1.83528e-03  -8.13350e-06
 MIGRAD MINIMIZATION HAS CONVERGED.
 MIGRAD WILL VERIFY CONVERGENCE AND ERROR MATRIX.
 FCN=71.145 FROM HESSE     STATUS=NOT POSDEF     50 CALLS        1639 TOTAL
                     EDM=0.000908667    STRATEGY= 1      ERR MATRIX NOT POS-DEF
  EXT PARAMETER                APPROXIMATE        STEP         FIRST   
  NO.   NAME      VALUE            ERROR          SIZE      DERIVATIVE 
   1  N0           3.00952e+06     fixed    
   2  tau          6.44059e+01   constant   
   3  A0           3.51722e-01     fixed    
   4  phi          4.11567e+00     fixed    
   5  R           -6.13499e+01   constant   
   6  alpha_CBO   -3.53324e-03     fixed    
   7  w_CBO        2.32500e+00   constant   
   8  beta_CBO     8.02599e-04   6.16402e-04   2.50072e-06   2.26207e-01
   9  alpha_2CBO  -3.58186e-04   6.05421e-04   2.45656e-06   9.30446e-01
  10  beta_2CBO    3.86590e-04     fixed    
  11  alpha_y      0.00000e+00     fixed    
  12  w_y          1.38860e+01   constant   
  13  beta_y       2.90427e-04     fixed    
  14  alpha_vw     0.00000e+00     fixed    
  15  w_vw         1.43404e+01   constant   
  16  beta_vw      0.00000e+00     fixed    
  17  LM           1.16863e-04   constant   
  18  zeta_y       0.00000e+00   constant   
  19  zeta_vw      0.00000e+00   constant   
  20  T_CBO        4.36470e+01   3.30308e+01   4.27534e-05  -1.93941e-01
  21  alpha_A0     3.25769e+00   1.69320e+01   8.53880e-03   1.01966e-05
  22  beta_A0     -3.17210e+00   1.63724e+01   8.22521e-03  -3.51194e-04
  23  alpha_phi   -3.26297e+00   1.69133e+01   7.74930e-03  -1.16019e-03
  24  beta_phi     1.21472e+00   6.71402e+00   8.36022e-03   5.25850e-04
 CALL LIMIT EXCEEDED IN MIGRAD.
 MIGRAD TERMINATED WITHOUT CONVERGENCE.
 FCN=71.1212 FROM MIGRAD    STATUS=CALL LIMIT   1148 CALLS        2660 TOTAL
                     EDM=0.000453174    STRATEGY= 1      ERR MATRIX NOT POS-DEF
  EXT PARAMETER                APPROXIMATE        STEP         FIRST   
  NO.   NAME      VALUE            ERROR          SIZE      DERIVATIVE 
   1  N0           3.00952e+06     fixed    
   2  tau          6.44059e+01   constant   
   3  A0           3.51722e-01     fixed    
   4  phi          4.11567e+00     fixed    
   5  R           -6.13499e+01   constant   
   6  alpha_CBO   -3.53324e-03     fixed    
   7  w_CBO        2.32500e+00   constant   
   8  beta_CBO     7.99398e-04   6.03570e-04  -5.85177e-07   4.44906e-01
   9  alpha_2CBO  -3.57280e-04   5.75112e-04   2.97280e-07  -2.71380e+00
  10  beta_2CBO    3.86590e-04     fixed    
  11  alpha_y      0.00000e+00     fixed    
  12  w_y          1.38860e+01   constant   
  13  beta_y       2.90427e-04     fixed    
  14  alpha_vw     0.00000e+00     fixed    
  15  w_vw         1.43404e+01   constant   
  16  beta_vw      0.00000e+00     fixed    
  17  LM           1.16863e-04   constant   
  18  zeta_y       0.00000e+00   constant   
  19  zeta_vw      0.00000e+00   constant   
  20  T_CBO        7.07146e+01   6.45002e+01   2.58684e-03  -1.45947e+00
  21  alpha_A0     2.41460e-01   1.02535e+00  -9.47665e-03  -1.36576e-01
  22  beta_A0     -2.36414e-01   9.72526e-01   1.06706e-02   1.36592e-01
  23  alpha_phi   -2.41051e-01   1.02003e+00   9.82849e-03   7.20776e-02
  24  beta_phi     8.61932e-02   4.09798e-01  -4.20141e-03  -7.70880e-02
 EXTERNAL ERROR MATRIX.    NDIM=  25    NPAR=  7    ERR DEF=1
  3.643e-07  1.370e-08 -4.308e-04 -5.712e-06 -1.270e-05  5.708e-07  2.167e-05 
  1.370e-08  3.308e-07 -1.502e-04 -1.011e-06  1.188e-05 -1.940e-05  4.566e-06 
 -4.308e-04 -1.502e-04  4.251e+03 -6.620e+01  6.262e+01  6.555e+01 -2.401e+01 
 -5.712e-06 -1.011e-06 -6.620e+01  1.051e+00 -9.656e-01 -1.019e+00  3.657e-01 
 -1.270e-05  1.188e-05  6.262e+01 -9.656e-01  9.458e-01  9.547e-01 -3.440e-01 
  5.708e-07 -1.940e-05  6.555e+01 -1.019e+00  9.547e-01  1.040e+00 -3.689e-01 
  2.167e-05  4.566e-06 -2.401e+01  3.657e-01 -3.440e-01 -3.689e-01  1.679e-01 
ERR MATRIX NOT POS-DEF
 PARAMETER  CORRELATION COEFFICIENTS  
       NO.  GLOBAL      8      9     20     21     22     23     24
        8  0.23321   1.000  0.039 -0.011 -0.009 -0.022  0.001  0.088
        9  0.24049   0.039  1.000 -0.004 -0.002  0.021 -0.033  0.019
       20  0.99945  -0.011 -0.004  1.000 -0.990  0.988  0.986 -0.898
       21  0.99640  -0.009 -0.002 -0.990  1.000 -0.968 -0.974  0.870
       22  0.99648  -0.022  0.021  0.988 -0.968  1.000  0.962 -0.863
       23  0.99213   0.001 -0.033  0.986 -0.974  0.962  1.000 -0.882
       24  0.95820   0.088  0.019 -0.898  0.870 -0.863 -0.882  1.000
 ERR MATRIX NOT POS-DEF
MINUIT - FIT wiggle + 1-CBO + 2-CBO
 **********
 **   42 **RES 
 **********
                   PARAMETER   16  beta_vw RESTORED TO VARIABLE.
                   PARAMETER   14  alpha_vw RESTORED TO VARIABLE.
                   PARAMETER   13  beta_y RESTORED TO VARIABLE.
                   PARAMETER   11  alpha_y RESTORED TO VARIABLE.
                   PARAMETER   10  beta_2CBO RESTORED TO VARIABLE.
                   PARAMETER    6  alpha_CBO RESTORED TO VARIABLE.
                   PARAMETER    4  phi RESTORED TO VARIABLE.
                   PARAMETER    3  A0 RESTORED TO VARIABLE.
                   PARAMETER    1  N0 RESTORED TO VARIABLE.
 **********
 **   43 **FIX           10
 **********
 **********
 **   44 **FIX           11
 **********
 **********
 **   45 **FIX           12
 **********
 PARAMETER   12  IS CONSTANT.   IGNORED.
 **********
 **   46 **FIX           13
 **********
 **********
 **   47 **FIX           14
 **********
 **********
 **   48 **FIX           15
 **********
 PARAMETER   15  IS CONSTANT.   IGNORED.
 **********
 **   49 **FIX           16
 **********
 **********
 **   50 **MIGRAD
 **********
 START MIGRAD MINIMIZATION.  STRATEGY  1.  CONVERGENCE WHEN EDM .LT. 1.00e-04
 FCN=71.1212 FROM MIGRAD    STATUS=INITIATE       22 CALLS        2682 TOTAL
                     EDM= unknown      STRATEGY= 1      NO ERROR MATRIX       
  EXT PARAMETER               CURRENT GUESS       STEP         FIRST   
  NO.   NAME      VALUE            ERROR          SIZE      DERIVATIVE 
   1  N0           3.00952e+06   1.31805e+03   1.31805e+03   7.81193e-05
   2  tau          6.44059e+01   constant   
   3  A0           3.51722e-01   5.81676e-04   5.81676e-04  -4.81729e+01
   4  phi          4.11567e+00   1.65312e-03   1.65312e-03   2.55178e+02
   5  R           -6.13499e+01   constant   
   6  alpha_CBO   -3.53324e-03   6.18841e-04   6.18841e-04  -3.98167e+01
   7  w_CBO        2.32500e+00   constant   
   8  beta_CBO     7.99398e-04   6.03570e-04  -5.85177e-07   4.44907e-01
   9  alpha_2CBO  -3.57280e-04   5.75112e-04   2.97280e-07  -2.71380e+00
  10  beta_2CBO    3.86590e-04     fixed    
  11  alpha_y      0.00000e+00     fixed    
  12  w_y          1.38860e+01   constant   
  13  beta_y       2.90427e-04     fixed    
  14  alpha_vw     0.00000e+00     fixed    
  15  w_vw         1.43404e+01   constant   
  16  beta_vw      0.00000e+00     fixed    
  17  LM           1.16863e-04   constant   
  18  zeta_y       0.00000e+00   constant   
  19  zeta_vw      0.00000e+00   constant   
  20  T_CBO        7.07146e+01   6.45002e+01   2.58684e-03  -1.45947e+00
  21  alpha_A0     2.41460e-01   1.02535e+00  -9.47665e-03  -1.36576e-01
  22  beta_A0     -2.36414e-01   9.72526e-01   1.06706e-02   1.36592e-01
  23  alpha_phi   -2.41051e-01   1.02003e+00   9.82849e-03   7.20776e-02
  24  beta_phi     8.61932e-02   4.09798e-01  -4.20141e-03  -7.70880e-02
 MIGRAD MINIMIZATION HAS CONVERGED.
 MIGRAD WILL VERIFY CONVERGENCE AND ERROR MATRIX.
 FCN=71.0754 FROM MIGRAD    STATUS=CONVERGED     220 CALLS        2880 TOTAL
                     EDM=2.4935e-05    STRATEGY= 1      ERR MATRIX NOT POS-DEF
  EXT PARAMETER                APPROXIMATE        STEP         FIRST   
  NO.   NAME      VALUE            ERROR          SIZE      DERIVATIVE 
   1  N0           3.00949e+06   1.35279e+03   5.13653e+00   3.35459e-07
   2  tau          6.44059e+01   constant   
   3  A0           3.51715e-01   5.75514e-04   2.23385e-06   2.54631e+00
   4  phi          4.11532e+00   1.68483e-03   6.67658e-06  -1.96971e-02
   5  R           -6.13499e+01   constant   
   6  alpha_CBO   -3.52135e-03   6.20285e-04   2.44329e-06  -3.24261e+00
   7  w_CBO        2.32500e+00   constant   
   8  beta_CBO     8.29769e-04   6.31568e-04   2.49956e-06   1.81799e+00
   9  alpha_2CBO  -3.49139e-04   6.08062e-04   2.45543e-06   7.34043e-01
  10  beta_2CBO    3.86590e-04     fixed    
  11  alpha_y      0.00000e+00     fixed    
  12  w_y          1.38860e+01   constant   
  13  beta_y       2.90427e-04     fixed    
  14  alpha_vw     0.00000e+00     fixed    
  15  w_vw         1.43404e+01   constant   
  16  beta_vw      0.00000e+00     fixed    
  17  LM           1.16863e-04   constant   
  18  zeta_y       0.00000e+00   constant   
  19  zeta_vw      0.00000e+00   constant   
  20  T_CBO        7.07597e+01   8.28881e+01   8.92242e-05   2.84202e-03
  21  alpha_A0     2.39540e-01   1.20695e+00   6.33477e-04   9.23646e-04
  22  beta_A0     -2.36928e-01   1.18581e+00   6.10825e-04  -1.45335e-02
  23  alpha_phi   -2.42775e-01   1.22041e+00   5.74354e-04   1.09864e-02
  24  beta_phi     8.91297e-02   4.80913e-01   6.17574e-04   4.05258e-03
 EXTERNAL ERROR MATRIX.    NDIM=  25    NPAR= 11    ERR DEF=1
  1.830e+06 
  1.083e-01  3.312e-07 
 -3.123e-01  8.729e-08  2.839e-06 
 -4.768e-02 -8.093e-08 -4.977e-08  3.848e-07 
 -2.267e-02 -1.967e-08 -2.236e-07  1.190e-10  3.989e-07 
 -2.061e-02 -1.585e-08 -6.425e-08 -1.611e-08  1.736e-08  3.697e-07 
  1.722e+03  2.818e-03  8.863e-03 -9.141e-04 -1.138e-03 -6.623e-05  7.124e+03 
 -3.398e+01 -2.739e-05 -1.010e-04 -4.666e-06  1.134e-05 -5.008e-06 -1.010e+02  1.457e+00 
 -1.614e+01  3.504e-05  1.304e-04 -1.398e-05 -2.407e-05  1.298e-05  9.925e+01 -1.407e+00  1.406e+00 
 -1.363e+01  5.015e-05  1.565e-04 -3.200e-06 -1.743e-05 -1.542e-05  1.023e+02 -1.447e+00  1.423e+00  1.489e+00 
 -1.300e+01 -3.039e-05 -6.712e-05  1.074e-05  2.524e-05  4.053e-06 -3.842e+01  5.419e-01 -5.344e-01 -5.540e-01  2.313e-01 
ERR MATRIX NOT POS-DEF
 PARAMETER  CORRELATION COEFFICIENTS  
       NO.  GLOBAL      1      3      4      6      8      9     20     21     22     23     24
        1  0.35203   1.000  0.139 -0.137 -0.057 -0.027 -0.025  0.015 -0.021 -0.010 -0.008 -0.020
        3  0.35552   0.139  1.000  0.090 -0.227 -0.054 -0.045  0.058 -0.039  0.051  0.071 -0.110
        4  0.29901  -0.137  0.090  1.000 -0.048 -0.210 -0.063  0.062 -0.050  0.065  0.076 -0.083
        6  0.31672  -0.057 -0.227 -0.048  1.000  0.000 -0.043 -0.017 -0.006 -0.019 -0.004  0.036
        8  0.30289  -0.027 -0.054 -0.210  0.000  1.000  0.045 -0.021  0.015 -0.032 -0.023  0.083
        9  0.23335  -0.025 -0.045 -0.063 -0.043  0.045  1.000 -0.001 -0.007  0.018 -0.021  0.014
       20  0.99786   0.015  0.058  0.062 -0.017 -0.021 -0.001  1.000 -0.991  0.992  0.993 -0.947
       21  0.99198  -0.021 -0.039 -0.050 -0.006  0.015 -0.007 -0.991  1.000 -0.983 -0.982  0.934
       22  0.99227  -0.010  0.051  0.065 -0.019 -0.032  0.018  0.992 -0.983  1.000  0.983 -0.937
       23  0.99355  -0.008  0.071  0.076 -0.004 -0.023 -0.021  0.993 -0.982  0.983  1.000 -0.944
       24  0.95097  -0.020 -0.110 -0.083  0.036  0.083  0.014 -0.947  0.934 -0.937 -0.944  1.000
 ERR MATRIX NOT POS-DEF
MINUIT - FIT ONLY 1-y
 **********
 **   51 **RES 
 **********
                   PARAMETER   16  beta_vw RESTORED TO VARIABLE.
                   PARAMETER   14  alpha_vw RESTORED TO VARIABLE.
                   PARAMETER   13  beta_y RESTORED TO VARIABLE.
                   PARAMETER   11  alpha_y RESTORED TO VARIABLE.
                   PARAMETER   10  beta_2CBO RESTORED TO VARIABLE.
 **********
 **   52 **FIX            0
 **********
 PARAMETER    0  IS UNDEFINED. IGNORED.
 **********
 **   53 **FIX            1
 **********
 **********
 **   54 **FIX            2
 **********
 PARAMETER    2  IS CONSTANT.   IGNORED.
 **********
 **   55 **FIX            3
 **********
 **********
 **   56 **FIX            4
 **********
 **********
 **   57 **FIX            5
 **********
 PARAMETER    5  IS CONSTANT.   IGNORED.
 **********
 **   58 **FIX            6
 **********
 **********
 **   59 **FIX            7
 **********
 PARAMETER    7  IS CONSTANT.   IGNORED.
 **********
 **   60 **FIX            8
 **********
 **********
 **   61 **FIX            9
 **********
 **********
 **   62 **FIX           13
 **********
 **********
 **   63 **FIX           14
 **********
 **********
 **   64 **FIX           15
 **********
 PARAMETER   15  IS CONSTANT.   IGNORED.
 **********
 **   65 **FIX           16
 **********
 **********
 **   66 **MIGRAD
 **********
 START MIGRAD MINIMIZATION.  STRATEGY  1.  CONVERGENCE WHEN EDM .LT. 1.00e-04
 FCN=71.0754 FROM MIGRAD    STATUS=INITIATE       16 CALLS        2896 TOTAL
                     EDM= unknown      STRATEGY= 1      NO ERROR MATRIX       
  EXT PARAMETER               CURRENT GUESS       STEP         FIRST   
  NO.   NAME      VALUE            ERROR          SIZE      DERIVATIVE 
   1  N0           3.00949e+06     fixed    
   2  tau          6.44059e+01   constant   
   3  A0           3.51715e-01     fixed    
   4  phi          4.11532e+00     fixed    
   5  R           -6.13499e+01   constant   
   6  alpha_CBO   -3.52135e-03     fixed    
   7  w_CBO        2.32500e+00   constant   
   8  beta_CBO     8.29769e-04     fixed    
   9  alpha_2CBO  -3.49139e-04     fixed    
  10  beta_2CBO    3.86590e-04   5.99541e-04   5.99541e-04   2.99306e+01
  11  alpha_y      0.00000e+00   1.00000e-03   1.00000e-03  -3.43135e+03
  12  w_y          1.38860e+01   constant   
  13  beta_y       2.90427e-04     fixed    
  14  alpha_vw     0.00000e+00     fixed    
  15  w_vw         1.43404e+01   constant   
  16  beta_vw      0.00000e+00     fixed    
  17  LM           1.16863e-04   constant   
  18  zeta_y       0.00000e+00   constant   
  19  zeta_vw      0.00000e+00   constant   
  20  T_CBO        7.07597e+01   8.28881e+01   8.92242e-05   2.87997e-03
  21  alpha_A0     2.39540e-01   1.20695e+00   6.33477e-04   9.23790e-04
  22  beta_A0     -2.36928e-01   1.18581e+00   6.10825e-04  -1.45336e-02
  23  alpha_phi   -2.42775e-01   1.22041e+00   5.74354e-04   1.09864e-02
  24  beta_phi     8.91297e-02   4.80913e-01   6.17574e-04   4.05258e-03
 MIGRAD MINIMIZATION HAS CONVERGED.
 MIGRAD WILL VERIFY CONVERGENCE AND ERROR MATRIX.
 FCN=70.0118 FROM MIGRAD    STATUS=CONVERGED     113 CALLS        2993 TOTAL
                     EDM=4.95157e-05    STRATEGY= 1      ERR MATRIX NOT POS-DEF
  EXT PARAMETER                APPROXIMATE        STEP         FIRST   
  NO.   NAME      VALUE            ERROR          SIZE      DERIVATIVE 
   1  N0           3.00949e+06     fixed    
   2  tau          6.44059e+01   constant   
   3  A0           3.51715e-01     fixed    
   4  phi          4.11532e+00     fixed    
   5  R           -6.13499e+01   constant   
   6  alpha_CBO   -3.52135e-03     fixed    
   7  w_CBO        2.32500e+00   constant   
   8  beta_CBO     8.29769e-04     fixed    
   9  alpha_2CBO  -3.49139e-04     fixed    
  10  beta_2CBO    3.88161e-04   6.13664e-04   2.46834e-06  -3.79964e+00
  11  alpha_y      6.19928e-04   6.00097e-04   2.47254e-06  -6.39881e-02
  12  w_y          1.38860e+01   constant   
  13  beta_y       2.90427e-04     fixed    
  14  alpha_vw     0.00000e+00     fixed    
  15  w_vw         1.43404e+01   constant   
  16  beta_vw      0.00000e+00     fixed    
  17  LM           1.16863e-04   constant   
  18  zeta_y       0.00000e+00   constant   
  19  zeta_vw      0.00000e+00   constant   
  20  T_CBO        7.07383e+01   8.53583e+01   8.90613e-05   2.33264e-02
  21  alpha_A0     2.36975e-01   1.23352e+00   6.30391e-04   6.16328e-03
  22  beta_A0     -2.36007e-01   1.21687e+00   6.07835e-04  -6.34341e-04
  23  alpha_phi   -2.45053e-01   1.26916e+00   5.71548e-04  -1.16909e-02
  24  beta_phi     8.75381e-02   4.83455e-01   6.14550e-04  -1.26624e-02
 EXTERNAL ERROR MATRIX.    NDIM=  25    NPAR=  7    ERR DEF=1
  3.766e-07  4.554e-09  8.949e-04 -2.618e-05  1.053e-05  1.265e-05 -1.921e-05 
  4.554e-09  3.601e-07  1.159e-04 -3.455e-06  2.198e-06  6.542e-07 -1.644e-06 
  8.949e-04  1.159e-04  7.572e+03 -1.065e+02  1.051e+02  1.098e+02 -3.994e+01 
 -2.618e-05 -3.455e-06 -1.065e+02  1.522e+00 -1.478e+00 -1.542e+00  5.603e-01 
  1.053e-05  2.198e-06  1.051e+02 -1.478e+00  1.481e+00  1.522e+00 -5.532e-01 
  1.265e-05  6.542e-07  1.098e+02 -1.542e+00  1.522e+00  1.611e+00 -5.808e-01 
 -1.921e-05 -1.644e-06 -3.994e+01  5.603e-01 -5.532e-01 -5.808e-01  2.337e-01 
ERR MATRIX NOT POS-DEF
 PARAMETER  CORRELATION COEFFICIENTS  
       NO.  GLOBAL     10     11     20     21     22     23     24
       10  0.21844   1.000  0.012  0.017 -0.035  0.014  0.016 -0.065
       11  0.02789   0.012  1.000  0.002 -0.005  0.003  0.001 -0.006
       20  0.99798   0.017  0.002  1.000 -0.992  0.993  0.994 -0.949
       21  0.99230  -0.035 -0.005 -0.992  1.000 -0.985 -0.985  0.939
       22  0.99265   0.014  0.003  0.993 -0.985  1.000  0.986 -0.940
       23  0.99403   0.016  0.001  0.994 -0.985  0.986  1.000 -0.947
       24  0.95136  -0.065 -0.006 -0.949  0.939 -0.940 -0.947  1.000
 ERR MATRIX NOT POS-DEF
MINUIT - FIT ONLY 2-y
 **********
 **   67 **RES 
 **********
                   PARAMETER   16  beta_vw RESTORED TO VARIABLE.
                   PARAMETER   14  alpha_vw RESTORED TO VARIABLE.
                   PARAMETER   13  beta_y RESTORED TO VARIABLE.
                   PARAMETER    9  alpha_2CBO RESTORED TO VARIABLE.
                   PARAMETER    8  beta_CBO RESTORED TO VARIABLE.
                   PARAMETER    6  alpha_CBO RESTORED TO VARIABLE.
                   PARAMETER    4  phi RESTORED TO VARIABLE.
                   PARAMETER    3  A0 RESTORED TO VARIABLE.
                   PARAMETER    1  N0 RESTORED TO VARIABLE.
 **********
 **   68 **FIX            0
 **********
 PARAMETER    0  IS UNDEFINED. IGNORED.
 **********
 **   69 **FIX            1
 **********
 **********
 **   70 **FIX            2
 **********
 PARAMETER    2  IS CONSTANT.   IGNORED.
 **********
 **   71 **FIX            3
 **********
 **********
 **   72 **FIX            4
 **********
 **********
 **   73 **FIX            5
 **********
 PARAMETER    5  IS CONSTANT.   IGNORED.
 **********
 **   74 **FIX            6
 **********
 **********
 **   75 **FIX            7
 **********
 PARAMETER    7  IS CONSTANT.   IGNORED.
 **********
 **   76 **FIX            8
 **********
 **********
 **   77 **FIX            9
 **********
 **********
 **   78 **FIX           10
 **********
 **********
 **   79 **FIX           11
 **********
 **********
 **   80 **FIX           12
 **********
 PARAMETER   12  IS CONSTANT.   IGNORED.
 **********
 **   81 **FIX           16
 **********
 **********
 **   82 **MIGRAD
 **********
 START MIGRAD MINIMIZATION.  STRATEGY  1.  CONVERGENCE WHEN EDM .LT. 1.00e-04
 FCN=70.0118 FROM MIGRAD    STATUS=INITIATE       16 CALLS        3009 TOTAL
                     EDM= unknown      STRATEGY= 1      NO ERROR MATRIX       
  EXT PARAMETER               CURRENT GUESS       STEP         FIRST   
  NO.   NAME      VALUE            ERROR          SIZE      DERIVATIVE 
   1  N0           3.00949e+06     fixed    
   2  tau          6.44059e+01   constant   
   3  A0           3.51715e-01     fixed    
   4  phi          4.11532e+00     fixed    
   5  R           -6.13499e+01   constant   
   6  alpha_CBO   -3.52135e-03     fixed    
   7  w_CBO        2.32500e+00   constant   
   8  beta_CBO     8.29769e-04     fixed    
   9  alpha_2CBO  -3.49139e-04     fixed    
  10  beta_2CBO    3.88161e-04     fixed    
  11  alpha_y      6.19928e-04     fixed    
  12  w_y          1.38860e+01   constant   
  13  beta_y       2.90427e-04   5.84814e-04   5.84814e-04   4.33209e+01
  14  alpha_vw     0.00000e+00   1.00000e-03   1.00000e-03  -7.96717e+02
  15  w_vw         1.43404e+01   constant   
  16  beta_vw      0.00000e+00     fixed    
  17  LM           1.16863e-04   constant   
  18  zeta_y       0.00000e+00   constant   
  19  zeta_vw      0.00000e+00   constant   
  20  T_CBO        7.07383e+01   8.53583e+01   8.90613e-05   2.34830e-02
  21  alpha_A0     2.36975e-01   1.23352e+00   6.30391e-04   6.16311e-03
  22  beta_A0     -2.36007e-01   1.21687e+00   6.07835e-04  -6.34216e-04
  23  alpha_phi   -2.45053e-01   1.26916e+00   5.71548e-04  -1.16909e-02
  24  beta_phi     8.75381e-02   4.83455e-01   6.14550e-04  -1.26624e-02
 MIGRAD MINIMIZATION HAS CONVERGED.
 MIGRAD WILL VERIFY CONVERGENCE AND ERROR MATRIX.
 FCN=69.9552 FROM MIGRAD    STATUS=CONVERGED     112 CALLS        3105 TOTAL
                     EDM=5.24862e-05    STRATEGY= 1      ERR MATRIX NOT POS-DEF
  EXT PARAMETER                APPROXIMATE        STEP         FIRST   
  NO.   NAME      VALUE            ERROR          SIZE      DERIVATIVE 
   1  N0           3.00949e+06     fixed    
   2  tau          6.44059e+01   constant   
   3  A0           3.51715e-01     fixed    
   4  phi          4.11532e+00     fixed    
   5  R           -6.13499e+01   constant   
   6  alpha_CBO   -3.52135e-03     fixed    
   7  w_CBO        2.32500e+00   constant   
   8  beta_CBO     8.29769e-04     fixed    
   9  alpha_2CBO  -3.49139e-04     fixed    
  10  beta_2CBO    3.88161e-04     fixed    
  11  alpha_y      6.19928e-04     fixed    
  12  w_y          1.38860e+01   constant   
  13  beta_y       2.94735e-04   5.92769e-04   2.43225e-06  -1.26839e-01
  14  alpha_vw     1.42163e-04   5.97789e-04   2.45296e-06  -8.65469e-02
  15  w_vw         1.43404e+01   constant   
  16  beta_vw      0.00000e+00     fixed    
  17  LM           1.16863e-04   constant   
  18  zeta_y       0.00000e+00   constant   
