 + ++++++++++++++++++++++++++++++++++++++++++++++++++++++++++++++++++++ +
 +                                                                      +
 +           You have chose to blind your fitting according to          +
 +                omega_ref * (1 + (R +/- deltaR) *10^{-6})             +
 +                                                                      +
 + ++++++++++++++++++++++++++++++++++++++++++++++++++++++++++++++++++++ +
In main()...
reading format from /gm2data/zkhechad/run45/envelope/formats/formatB_sBin_constraintOn.txt
pBinTau 	= 0  
pBinPhi 	= 0  
constraintau 	= 1 
includeMopTerm 	= 0    
constrainMop    = 0   
Parameters after format file: pBinTau 0 pBinPhi 0 constraintau 1 includeMopTerm 0 constrainMop 0 c_e_scale 0.000000 
Opening file /gm2data/tbarrett/gm2fr/studies/run23_bunch_corrections/CorrectedFourier_Run3b.root.
reading full fit data from /gm2data/zkhechad/cboTemplates/Run4CBOTemplates/fullFits/noRF/sBin_constraintOn_cE0.0_seed0_noRF_calo14.root
windowBins = 69
fitting sliding window 1680 from bin 1816 at 270.798000 to bin 1885 at 281.242000 (69 bins)

Reading data from /gm2data/cornell/histograms/aMethod/histogram_a_noRF.root
 **********
 **    1 **SET PRINTOUT            1
 **********
 **********
 **    2 **SET NOWARNINGS 
 **********
 PARAMETER DEFINITIONS:
    NO.   NAME         VALUE      STEP SIZE      LIMITS
     1 N0           3.41750e+06  1.00000e+02     no limits
     2 tau          6.44063e+01  constant
     3 A0           3.61912e-01  1.00000e-04     no limits
     4 phi          4.12132e+00  1.00000e-02     no limits
     5 R           -6.04192e+01  constant
     6 alpha_CBO    0.00000e+00  1.00000e-03     no limits
     7 w_CBO        2.32500e+00  constant
     8 beta_CBO     0.00000e+00  1.00000e-03     no limits
     9 alpha_2CBO   0.00000e+00  1.00000e-03     no limits
    10 beta_2CBO    0.00000e+00  1.00000e-03     no limits
    11 alpha_y      0.00000e+00  1.00000e-03     no limits
    12 w_y          1.38860e+01  constant
    13 beta_y       0.00000e+00  1.00000e-03     no limits
    14 alpha_vw     0.00000e+00  1.00000e-03     no limits
    15 w_vw         1.43404e+01  constant
    16 beta_vw      0.00000e+00  1.00000e-03     no limits
    17 LM           8.43198e-05  constant
    18 zeta_y       0.00000e+00  constant
    19 zeta_vw      0.00000e+00  constant
    20 T_CBO        1.00000e+02  1.00000e+00    0.00000e+00  1.00000e+03
    21 alpha_A0     0.00000e+00  1.00000e-04   -1.00000e-02  1.00000e-02
    22 beta_A0      0.00000e+00  1.00000e-04   -1.00000e-02  1.00000e-02
    23 alpha_phi    0.00000e+00  1.00000e-04   -1.00000e-02  1.00000e-02
    24 beta_phi     0.00000e+00  1.00000e-04   -1.00000e-02  1.00000e-02
MINUIT - FIT ONLY WIGGLE
 **********
 **    3 **FIX            5
 **********
 PARAMETER    5  IS CONSTANT.   IGNORED.
 **********
 **    4 **FIX            6
 **********
 **********
 **    5 **FIX            7
 **********
 PARAMETER    7  IS CONSTANT.   IGNORED.
 **********
 **    6 **FIX            8
 **********
 **********
 **    7 **FIX            9
 **********
 **********
 **    8 **FIX           10
 **********
 **********
 **    9 **FIX           11
 **********
 **********
 **   10 **FIX           12
 **********
 PARAMETER   12  IS CONSTANT.   IGNORED.
 **********
 **   11 **FIX           13
 **********
 **********
 **   12 **FIX           14
 **********
 **********
 **   13 **FIX           15
 **********
 PARAMETER   15  IS CONSTANT.   IGNORED.
 **********
 **   14 **FIX           16
 **********
 **********
 **   15 **MIGRAD
 **********
 FIRST CALL TO USER FUNCTION AT NEW START POINT, WITH IFLAG=4.
 START MIGRAD MINIMIZATION.  STRATEGY  1.  CONVERGENCE WHEN EDM .LT. 1.00e-04
 FCN=98.6825 FROM MIGRAD    STATUS=INITIATE      437 CALLS         438 TOTAL
                     EDM= unknown      STRATEGY= 1      NO ERROR MATRIX       
  EXT PARAMETER               CURRENT GUESS       STEP         FIRST   
  NO.   NAME      VALUE            ERROR          SIZE      DERIVATIVE 
   1  N0           3.41750e+06   1.00000e+02   0.00000e+00  -1.17381e-03
   2  tau          6.44063e+01   constant   
   3  A0           3.61912e-01   1.00000e-04   0.00000e+00   9.45986e+03
   4  phi          4.12132e+00   1.00000e-02   0.00000e+00   2.52540e+03
   5  R           -6.04192e+01   constant   
   6  alpha_CBO    0.00000e+00     fixed    
   7  w_CBO        2.32500e+00   constant   
   8  beta_CBO     0.00000e+00     fixed    
   9  alpha_2CBO   0.00000e+00     fixed    
  10  beta_2CBO    0.00000e+00     fixed    
  11  alpha_y      0.00000e+00     fixed    
  12  w_y          1.38860e+01   constant   
  13  beta_y       0.00000e+00     fixed    
  14  alpha_vw     0.00000e+00     fixed    
  15  w_vw         1.43404e+01   constant   
  16  beta_vw      0.00000e+00     fixed    
  17  LM           8.43198e-05   constant   
  18  zeta_y       0.00000e+00   constant   
  19  zeta_vw      0.00000e+00   constant   
  20  T_CBO        1.00000e+02   1.00000e+00   0.00000e+00   0.00000e+00
  21  alpha_A0     0.00000e+00   1.00000e-04   0.00000e+00  -4.08467e-01
  22  beta_A0      0.00000e+00   1.00000e-04   0.00000e+00  -2.76098e-01
  23  alpha_phi    0.00000e+00   1.00000e-04   0.00000e+00  -2.30576e+00
  24  beta_phi     0.00000e+00   1.00000e-04   0.00000e+00  -1.36416e+00
 MIGRAD MINIMIZATION HAS CONVERGED.
 FCN=80.0715 FROM MIGRAD    STATUS=CONVERGED     859 CALLS         860 TOTAL
                     EDM=3.28961e-07    STRATEGY= 1  ERROR MATRIX UNCERTAINTY   4.3 per cent
  EXT PARAMETER                                   STEP         FIRST   
  NO.   NAME      VALUE            ERROR          SIZE      DERIVATIVE 
   1  N0           3.41704e+06   1.24451e+03  -2.52753e+00  -2.07417e-09
   2  tau          6.44063e+01   constant   
   3  A0           3.61125e-01   4.36226e-04   6.18144e-08   6.09280e-01
   4  phi          4.11903e+00   1.32608e-03   3.25604e-06   9.96580e-02
   5  R           -6.04192e+01   constant   
   6  alpha_CBO    0.00000e+00     fixed    
   7  w_CBO        2.32500e+00   constant   
   8  beta_CBO     0.00000e+00     fixed    
   9  alpha_2CBO   0.00000e+00     fixed    
  10  beta_2CBO    0.00000e+00     fixed    
  11  alpha_y      0.00000e+00     fixed    
  12  w_y          1.38860e+01   constant   
  13  beta_y       0.00000e+00     fixed    
  14  alpha_vw     0.00000e+00     fixed    
  15  w_vw         1.43404e+01   constant   
  16  beta_vw      0.00000e+00     fixed    
  17  LM           8.43198e-05   constant   
  18  zeta_y       0.00000e+00   constant   
  19  zeta_vw      0.00000e+00   constant   
  20  T_CBO        3.69794e+02   1.75525e+02   2.19388e-04  -2.63660e-03
  21  alpha_A0     2.18237e-04   4.25586e-03   1.13438e-04   8.52245e-04
  22  beta_A0      2.25877e-04   3.84049e-03   6.15941e-04   6.14156e-04
  23  alpha_phi    9.99998e-03   1.53381e-02   1.57573e-03  -1.86513e-04
  24  beta_phi     7.19389e-03   4.12731e-03   3.07811e-04  -8.69248e-05
 EXTERNAL ERROR MATRIX.    NDIM=  25    NPAR=  8    ERR DEF=1
  1.549e+06  9.990e-02  1.693e-02 -3.742e+04 -2.848e-01 -7.526e-01 -1.552e-03  2.778e-01 
  9.990e-02  1.903e-07 -3.611e-08  3.168e-03  7.573e-08 -8.133e-08  2.250e-10 -9.109e-08 
  1.693e-02 -3.611e-08  1.758e-06 -5.184e-03 -9.300e-07  6.114e-07  4.064e-09 -1.293e-07 
 -3.742e+04  3.168e-03 -5.184e-03  3.227e+04  1.187e-01 -5.369e-02 -6.713e-03 -4.453e-01 
 -2.848e-01  7.573e-08 -9.300e-07  1.187e-01  1.933e-05 -1.179e-06  2.883e-09 -5.415e-07 
 -7.526e-01 -8.133e-08  6.114e-07 -5.369e-02 -1.179e-06  1.554e-05  9.808e-09  1.077e-07 
 -1.552e-03  2.250e-10  4.064e-09 -6.713e-03  2.883e-09  9.808e-09  8.082e-09  1.004e-07 
  2.778e-01 -9.109e-08 -1.293e-07 -4.453e-01 -5.415e-07  1.077e-07  1.004e-07  1.953e-05 
 PARAMETER  CORRELATION COEFFICIENTS  
       NO.  GLOBAL      1      3      4     20     21     22     23     24
        1  0.32199   1.000  0.184  0.010 -0.167 -0.052 -0.153 -0.014  0.051
        3  0.21526   0.184  1.000 -0.062  0.040  0.039 -0.047  0.006 -0.047
        4  0.20789   0.010 -0.062  1.000 -0.022 -0.160  0.117  0.034 -0.022
       20  0.66452  -0.167  0.040 -0.022  1.000  0.150 -0.076 -0.416 -0.561
       21  0.24425  -0.052  0.039 -0.160  0.150  1.000 -0.068  0.007 -0.028
       22  0.22825  -0.153 -0.047  0.117 -0.076 -0.068  1.000  0.028  0.006
       23  0.43368  -0.014  0.006  0.034 -0.416  0.007  0.028  1.000  0.253
       24  0.56784   0.051 -0.047 -0.022 -0.561 -0.028  0.006  0.253  1.000
MINUIT - FIT ONLY 1-CBO + wiggle
 **********
 **   16 **RES 
 **********
                   PARAMETER   16  beta_vw RESTORED TO VARIABLE.
                   PARAMETER   14  alpha_vw RESTORED TO VARIABLE.
                   PARAMETER   13  beta_y RESTORED TO VARIABLE.
                   PARAMETER   11  alpha_y RESTORED TO VARIABLE.
                   PARAMETER   10  beta_2CBO RESTORED TO VARIABLE.
                   PARAMETER    9  alpha_2CBO RESTORED TO VARIABLE.
                   PARAMETER    8  beta_CBO RESTORED TO VARIABLE.
                   PARAMETER    6  alpha_CBO RESTORED TO VARIABLE.
 **********
 **   17 **FIX            8
 **********
 **********
 **   18 **FIX            9
 **********
 **********
 **   19 **FIX           11
 **********
 **********
 **   20 **FIX           12
 **********
 PARAMETER   12  IS CONSTANT.   IGNORED.
 **********
 **   21 **FIX           14
 **********
 **********
 **   22 **FIX           15
 **********
 PARAMETER   15  IS CONSTANT.   IGNORED.
 **********
 **   23 **FIX           16
 **********
 **********
 **   24 **MIGRAD
 **********
 START MIGRAD MINIMIZATION.  STRATEGY  1.  CONVERGENCE WHEN EDM .LT. 1.00e-04
 FCN=80.0715 FROM MIGRAD    STATUS=INITIATE       28 CALLS         888 TOTAL
                     EDM= unknown      STRATEGY= 1      NO ERROR MATRIX       
  EXT PARAMETER               CURRENT GUESS       STEP         FIRST   
  NO.   NAME      VALUE            ERROR          SIZE      DERIVATIVE 
   1  N0           3.41704e+06   1.24451e+03  -2.52753e+00  -2.07420e-09
   2  tau          6.44063e+01   constant   
   3  A0           3.61125e-01   4.36226e-04   6.18144e-08   6.09279e-01
   4  phi          4.11903e+00   1.32608e-03   3.25604e-06   9.96578e-02
   5  R           -6.04192e+01   constant   
   6  alpha_CBO    0.00000e+00   1.00000e-03   1.00000e-03  -9.68145e+03
   7  w_CBO        2.32500e+00   constant   
   8  beta_CBO     0.00000e+00     fixed    
   9  alpha_2CBO   0.00000e+00     fixed    
  10  beta_2CBO    0.00000e+00   1.00000e-03   1.00000e-03  -2.67469e+03
  11  alpha_y      0.00000e+00     fixed    
  12  w_y          1.38860e+01   constant   
  13  beta_y       0.00000e+00   1.00000e-03   1.00000e-03  -8.62966e+02
  14  alpha_vw     0.00000e+00     fixed    
  15  w_vw         1.43404e+01   constant   
  16  beta_vw      0.00000e+00     fixed    
  17  LM           8.43198e-05   constant   
  18  zeta_y       0.00000e+00   constant   
  19  zeta_vw      0.00000e+00   constant   
  20  T_CBO        3.69794e+02   1.75525e+02   2.19388e-04  -2.63662e-03
  21  alpha_A0     2.18237e-04   4.25586e-03   1.13438e-04  -8.52249e-04
  22  beta_A0      2.25877e-04   3.84049e-03   6.15941e-04   6.14153e-04
  23  alpha_phi    9.99998e-03   1.53381e-02   1.57573e-03  -1.86642e-04
  24  beta_phi     7.19389e-03   4.12731e-03   3.07811e-04  -8.69397e-05
 MIGRAD MINIMIZATION HAS CONVERGED.
 FCN=72.9457 FROM MIGRAD    STATUS=CONVERGED     202 CALLS        1062 TOTAL
                     EDM=7.70187e-06    STRATEGY= 1  ERROR MATRIX UNCERTAINTY   1.9 per cent
  EXT PARAMETER                                   STEP         FIRST   
  NO.   NAME      VALUE            ERROR          SIZE      DERIVATIVE 
   1  N0           3.41697e+06   1.21558e+03   1.21699e+00  -2.21855e-06
   2  tau          6.44063e+01   constant   
   3  A0           3.60905e-01   4.17113e-04  -2.21950e-07  -3.92469e+00
   4  phi          4.11942e+00   1.39436e-03  -3.51216e-06  -3.56434e-03
   5  R           -6.04192e+01   constant   
   6  alpha_CBO    1.35072e-03   5.23791e-04   7.81405e-08  -5.64794e-01
   7  w_CBO        2.32500e+00   constant   
   8  beta_CBO     0.00000e+00     fixed    
   9  alpha_2CBO   0.00000e+00     fixed    
  10  beta_2CBO    3.97821e-04   5.05906e-04   3.11491e-06  -4.82263e+00
  11  alpha_y      0.00000e+00     fixed    
  12  w_y          1.38860e+01   constant   
  13  beta_y       1.25050e-04   5.01615e-04  -2.93468e-08   4.52421e-01
  14  alpha_vw     0.00000e+00     fixed    
  15  w_vw         1.43404e+01   constant   
  16  beta_vw      0.00000e+00     fixed    
  17  LM           8.43198e-05   constant   
  18  zeta_y       0.00000e+00   constant   
  19  zeta_vw      0.00000e+00   constant   
  20  T_CBO        4.59132e+02   2.12574e+02   1.18051e-03  -5.79448e-03
  21  alpha_A0     9.24585e-04   3.90001e-03   9.61926e-04   2.00946e-03
  22  beta_A0      4.28022e-04   3.44043e-03  -3.18540e-03  -7.46411e-03
  23  alpha_phi    9.99986e-03   1.81662e-02  -1.55832e-03   5.60045e-04
  24  beta_phi     5.55708e-03   3.76593e-03   5.19917e-04  -2.21979e-03
 EXTERNAL ERROR MATRIX.    NDIM=  25    NPAR= 11    ERR DEF=1
  1.478e+06 
  5.446e-02  1.740e-07 
 -6.378e-02 -3.947e-08  1.944e-06 
 -2.061e-02 -4.012e-08  7.064e-08  2.744e-07 
  4.486e-02 -7.850e-09  5.719e-09  1.584e-08  2.559e-07 
 -3.012e-04 -3.832e-09  1.209e-08  3.036e-09 -1.895e-10  2.516e-07 
 -5.050e+04 -6.332e-04 -1.314e-02  2.100e-02 -5.296e-04 -9.506e-04  4.823e+04 
  2.542e-01 -1.300e-07  3.916e-07  1.773e-07 -1.469e-07  1.510e-08 -6.942e-02  1.606e-05 
 -4.626e-01 -1.004e-07  2.468e-07  1.503e-08  9.092e-08  2.589e-08 -8.023e-02  2.374e-06  1.234e-05 
 -2.842e-03  5.186e-10  2.470e-09  1.171e-10 -9.508e-10  7.535e-11 -1.641e-03  2.369e-09  4.844e-09  1.386e-08 
  4.996e-01  6.545e-08 -7.557e-08 -2.746e-07 -2.362e-07 -3.189e-08 -3.832e-01 -2.157e-06 -3.614e-07  1.177e-08  1.527e-05 
 PARAMETER  CORRELATION COEFFICIENTS  
       NO.  GLOBAL      1      3      4      6     10     13     20     21     22     23     24
        1  0.27887   1.000  0.107 -0.038 -0.032  0.073 -0.000 -0.189  0.052 -0.108 -0.020  0.105
        3  0.23524   0.107  1.000 -0.068 -0.184 -0.037 -0.018 -0.007 -0.078 -0.069  0.011  0.040
        4  0.14724  -0.038 -0.068  1.000  0.097  0.008  0.017 -0.043  0.070  0.050  0.015 -0.014
        6  0.29371  -0.032 -0.184  0.097  1.000  0.060  0.012  0.183  0.084  0.008  0.002 -0.134
       10  0.21278   0.073 -0.037  0.008  0.060  1.000 -0.001 -0.005 -0.072  0.051 -0.016 -0.119
       13  0.03622  -0.000 -0.018  0.017  0.012 -0.001  1.000 -0.009  0.008  0.015  0.001 -0.016
       20  0.52571  -0.189 -0.007 -0.043  0.183 -0.005 -0.009  1.000 -0.079 -0.104 -0.063 -0.446
       21  0.30774   0.052 -0.078  0.070  0.084 -0.072  0.008 -0.079  1.000  0.169  0.005 -0.138
       22  0.25334  -0.108 -0.069  0.050  0.008  0.051  0.015 -0.104  0.169  1.000  0.012 -0.026
       23  0.07663  -0.020  0.011  0.015  0.002 -0.016  0.001 -0.063  0.005  0.012  1.000  0.026
       24  0.50134   0.105  0.040 -0.014 -0.134 -0.119 -0.016 -0.446 -0.138 -0.026  0.026  1.000
MINUIT - FIT ONLY 2-CBO
 **********
 **   25 **RES 
 **********
                   PARAMETER   16  beta_vw RESTORED TO VARIABLE.
                   PARAMETER   14  alpha_vw RESTORED TO VARIABLE.
                   PARAMETER   11  alpha_y RESTORED TO VARIABLE.
                   PARAMETER    9  alpha_2CBO RESTORED TO VARIABLE.
                   PARAMETER    8  beta_CBO RESTORED TO VARIABLE.
 **********
 **   26 **FIX            0
 **********
 PARAMETER    0  IS UNDEFINED. IGNORED.
 **********
 **   27 **FIX            1
 **********
 **********
 **   28 **FIX            2
 **********
 PARAMETER    2  IS CONSTANT.   IGNORED.
 **********
 **   29 **FIX            3
 **********
 **********
 **   30 **FIX            4
 **********
 **********
 **   31 **FIX            5
 **********
 PARAMETER    5  IS CONSTANT.   IGNORED.
 **********
 **   32 **FIX            6
 **********
 **********
 **   33 **FIX            7
 **********
 PARAMETER    7  IS CONSTANT.   IGNORED.
 **********
 **   34 **FIX           10
 **********
 **********
 **   35 **FIX           11
 **********
 **********
 **   36 **FIX           12
 **********
 PARAMETER   12  IS CONSTANT.   IGNORED.
 **********
 **   37 **FIX           13
 **********
 **********
 **   38 **FIX           14
 **********
 **********
 **   39 **FIX           15
 **********
 PARAMETER   15  IS CONSTANT.   IGNORED.
 **********
 **   40 **FIX           16
 **********
 **********
 **   41 **MIGRAD
 **********
 START MIGRAD MINIMIZATION.  STRATEGY  1.  CONVERGENCE WHEN EDM .LT. 1.00e-04
 FCN=72.9457 FROM MIGRAD    STATUS=INITIATE       18 CALLS        1080 TOTAL
                     EDM= unknown      STRATEGY= 1      NO ERROR MATRIX       
  EXT PARAMETER               CURRENT GUESS       STEP         FIRST   
  NO.   NAME      VALUE            ERROR          SIZE      DERIVATIVE 
   1  N0           3.41697e+06     fixed    
   2  tau          6.44063e+01   constant   
   3  A0           3.60905e-01     fixed    
   4  phi          4.11942e+00     fixed    
   5  R           -6.04192e+01   constant   
   6  alpha_CBO    1.35072e-03     fixed    
   7  w_CBO        2.32500e+00   constant   
   8  beta_CBO     0.00000e+00   1.00000e-03   1.00000e-03   1.12632e+04
   9  alpha_2CBO   0.00000e+00   1.00000e-03   1.00000e-03  -2.38073e+03
  10  beta_2CBO    3.97821e-04     fixed    
  11  alpha_y      0.00000e+00     fixed    
  12  w_y          1.38860e+01   constant   
  13  beta_y       1.25050e-04     fixed    
  14  alpha_vw     0.00000e+00     fixed    
  15  w_vw         1.43404e+01   constant   
  16  beta_vw      0.00000e+00     fixed    
  17  LM           8.43198e-05   constant   
  18  zeta_y       0.00000e+00   constant   
  19  zeta_vw      0.00000e+00   constant   
  20  T_CBO        4.59132e+02   2.12574e+02   1.18051e-03  -5.79462e-03
  21  alpha_A0     9.24585e-04   3.90001e-03   9.61926e-04   2.00945e-03
  22  beta_A0      4.28022e-04   3.44043e-03  -3.18540e-03  -7.46409e-03
  23  alpha_phi    9.99986e-03   1.81662e-02  -1.55832e-03  -5.62524e-04
  24  beta_phi     5.55708e-03   3.76593e-03   5.19917e-04  -2.21979e-03
 MIGRAD MINIMIZATION HAS CONVERGED.
 MIGRAD WILL VERIFY CONVERGENCE AND ERROR MATRIX.
 COVARIANCE MATRIX CALCULATED SUCCESSFULLY
 FCN=64.2848 FROM MIGRAD    STATUS=CONVERGED     155 CALLS        1217 TOTAL
                     EDM=2.28272e-06    STRATEGY= 1      ERROR MATRIX ACCURATE 
  EXT PARAMETER                                   STEP         FIRST   
  NO.   NAME      VALUE            ERROR          SIZE      DERIVATIVE 
   1  N0           3.41697e+06     fixed    
   2  tau          6.44063e+01   constant   
   3  A0           3.60905e-01     fixed    
   4  phi          4.11942e+00     fixed    
   5  R           -6.04192e+01   constant   
   6  alpha_CBO    1.35072e-03     fixed    
   7  w_CBO        2.32500e+00   constant   
   8  beta_CBO    -1.47724e-03   5.12864e-04   1.96620e-06  -4.86414e-01
   9  alpha_2CBO   2.88047e-04   5.07078e-04   1.95861e-06   3.38138e+00
  10  beta_2CBO    3.97821e-04     fixed    
  11  alpha_y      0.00000e+00     fixed    
  12  w_y          1.38860e+01   constant   
  13  beta_y       1.25050e-04     fixed    
  14  alpha_vw     0.00000e+00     fixed    
  15  w_vw         1.43404e+01   constant   
  16  beta_vw      0.00000e+00     fixed    
  17  LM           8.43198e-05   constant   
  18  zeta_y       0.00000e+00   constant   
  19  zeta_vw      0.00000e+00   constant   
  20  T_CBO        4.59589e+02   2.24617e+02   1.68986e-03   7.31030e-04
  21  alpha_A0     1.35434e-03   3.60829e-03   1.44056e-03  -2.26751e-03
  22  beta_A0      3.78536e-04   3.33154e-03   1.31214e-03   2.56957e-03
  23  alpha_phi    1.00000e-02   1.26141e-02   1.58296e-02** at limit **
  24  beta_phi     3.40099e-03   3.32198e-03   1.32534e-03   7.69264e-06
 EXTERNAL ERROR MATRIX.    NDIM=  25    NPAR=  7    ERR DEF=1
  2.630e-07  3.328e-09 -3.269e-03 -3.992e-08  6.958e-08 -3.520e-12  3.973e-07 
  3.328e-09  2.571e-07 -1.509e-02  1.738e-07  2.775e-07  3.182e-12  6.835e-08 
 -3.269e-03 -1.509e-02  5.430e+04 -1.393e-01 -1.065e-01  1.274e-03 -2.296e-01 
 -3.992e-08  1.738e-07 -1.393e-01  1.364e-05  1.307e-06 -2.185e-09 -5.502e-07 
  6.958e-08  2.775e-07 -1.065e-01  1.307e-06  1.154e-05 -6.212e-10  9.296e-08 
 -3.520e-12  3.182e-12  1.274e-03 -2.185e-09 -6.212e-10  2.060e-09 -5.782e-09 
  3.973e-07  6.835e-08 -2.296e-01 -5.502e-07  9.296e-08 -5.782e-09  1.153e-05 
 PARAMETER  CORRELATION COEFFICIENTS  
       NO.  GLOBAL      8      9     20     21     22     23     24
        8  0.23606   1.000  0.013 -0.027 -0.021  0.040 -0.000  0.228
        9  0.20370   0.013  1.000 -0.128  0.093  0.161  0.000  0.040
       20  0.38488  -0.027 -0.128  1.000 -0.162 -0.135  0.120 -0.290
       21  0.21343  -0.021  0.093 -0.162  1.000  0.104 -0.013 -0.044
       22  0.21727   0.040  0.161 -0.135  0.104  1.000 -0.004  0.008
       23  0.12201  -0.000  0.000  0.120 -0.013 -0.004  1.000 -0.038
       24  0.37606   0.228  0.040 -0.290 -0.044  0.008 -0.038  1.000
MINUIT - FIT wiggle + 1-CBO + 2-CBO
 **********
 **   42 **RES 
 **********
                   PARAMETER   16  beta_vw RESTORED TO VARIABLE.
                   PARAMETER   14  alpha_vw RESTORED TO VARIABLE.
                   PARAMETER   13  beta_y RESTORED TO VARIABLE.
                   PARAMETER   11  alpha_y RESTORED TO VARIABLE.
                   PARAMETER   10  beta_2CBO RESTORED TO VARIABLE.
                   PARAMETER    6  alpha_CBO RESTORED TO VARIABLE.
                   PARAMETER    4  phi RESTORED TO VARIABLE.
                   PARAMETER    3  A0 RESTORED TO VARIABLE.
                   PARAMETER    1  N0 RESTORED TO VARIABLE.
 **********
 **   43 **FIX           10
 **********
 **********
 **   44 **FIX           11
 **********
 **********
 **   45 **FIX           12
 **********
 PARAMETER   12  IS CONSTANT.   IGNORED.
 **********
 **   46 **FIX           13
 **********
 **********
 **   47 **FIX           14
 **********
 **********
 **   48 **FIX           15
 **********
 PARAMETER   15  IS CONSTANT.   IGNORED.
 **********
 **   49 **FIX           16
 **********
 **********
 **   50 **MIGRAD
 **********
 START MIGRAD MINIMIZATION.  STRATEGY  1.  CONVERGENCE WHEN EDM .LT. 1.00e-04
 FCN=64.2848 FROM MIGRAD    STATUS=INITIATE       22 CALLS        1239 TOTAL
                     EDM= unknown      STRATEGY= 1      NO ERROR MATRIX       
  EXT PARAMETER               CURRENT GUESS       STEP         FIRST   
  NO.   NAME      VALUE            ERROR          SIZE      DERIVATIVE 
   1  N0           3.41697e+06   1.21558e+03   1.21558e+03   6.66489e-05
   2  tau          6.44063e+01   constant   
   3  A0           3.60905e-01   4.17113e-04   4.17113e-04  -4.51491e+02
   4  phi          4.11942e+00   1.39436e-03   1.39436e-03  -1.02137e+03
   5  R           -6.04192e+01   constant   
   6  alpha_CBO    1.35072e-03   5.23791e-04   5.23791e-04   2.65876e+02
   7  w_CBO        2.32500e+00   constant   
   8  beta_CBO    -1.47724e-03   5.12864e-04   1.96620e-06  -4.86413e-01
   9  alpha_2CBO   2.88047e-04   5.07078e-04   1.95861e-06   3.38138e+00
  10  beta_2CBO    3.97821e-04     fixed    
  11  alpha_y      0.00000e+00     fixed    
  12  w_y          1.38860e+01   constant   
  13  beta_y       1.25050e-04     fixed    
  14  alpha_vw     0.00000e+00     fixed    
  15  w_vw         1.43404e+01   constant   
  16  beta_vw      0.00000e+00     fixed    
  17  LM           8.43198e-05   constant   
  18  zeta_y       0.00000e+00   constant   
  19  zeta_vw      0.00000e+00   constant   
  20  T_CBO        4.59589e+02   2.24617e+02   1.68986e-03   7.09472e-04
  21  alpha_A0     1.35434e-03   3.60829e-03   1.44056e-03  -2.26953e-03
  22  beta_A0      3.78536e-04   3.33154e-03   1.31214e-03   2.56909e-03
  23  alpha_phi    1.00000e-02   1.26141e-02   1.58296e-02** at limit **
  24  beta_phi     3.40099e-03   3.32198e-03   1.32534e-03   6.79680e-06
 MIGRAD MINIMIZATION HAS CONVERGED.
 MIGRAD WILL VERIFY CONVERGENCE AND ERROR MATRIX.
 COVARIANCE MATRIX CALCULATED SUCCESSFULLY
 FCN=63.7652 FROM MIGRAD    STATUS=CONVERGED     217 CALLS        1434 TOTAL
                     EDM=1.09555e-05    STRATEGY= 1      ERROR MATRIX ACCURATE 
  EXT PARAMETER                                   STEP         FIRST   
  NO.   NAME      VALUE            ERROR          SIZE      DERIVATIVE 
   1  N0           3.41700e+06   1.28955e+03   4.64525e+00   1.07801e-06
   2  tau          6.44063e+01   constant   
   3  A0           3.60938e-01   4.48059e-04   1.68498e-06  -5.01813e-01
   4  phi          4.12042e+00   1.41708e-03   5.26179e-06  -8.91687e-01
   5  R           -6.04192e+01   constant   
   6  alpha_CBO    1.34574e-03   5.25550e-04   1.96944e-06  -6.61956e+00
   7  w_CBO        2.32500e+00   constant   
   8  beta_CBO    -1.56478e-03   5.26986e-04   1.95837e-06  -1.81662e+00
   9  alpha_2CBO   3.10363e-04   5.08478e-04   1.95083e-06  -2.15412e-01
  10  beta_2CBO    3.97821e-04     fixed    
  11  alpha_y      0.00000e+00     fixed    
  12  w_y          1.38860e+01   constant   
  13  beta_y       1.25050e-04     fixed    
  14  alpha_vw     0.00000e+00     fixed    
  15  w_vw         1.43404e+01   constant   
  16  beta_vw      0.00000e+00     fixed    
  17  LM           8.43198e-05   constant   
  18  zeta_y       0.00000e+00   constant   
  19  zeta_vw      0.00000e+00   constant   
  20  T_CBO        4.53124e+02   2.26890e+02   1.64766e-03  -1.75477e-03
  21  alpha_A0     1.84659e-03   3.76435e-03   1.45627e-03   6.09597e-04
  22  beta_A0      6.20145e-04   3.44403e-03   1.31850e-03  -4.59463e-03
  23  alpha_phi    1.00000e-02   1.56426e-02   1.45508e-02** at limit **
  24  beta_phi     3.20138e-03   3.35755e-03   1.31860e-03  -1.21829e-03
 EXTERNAL ERROR MATRIX.    NDIM=  25    NPAR= 11    ERR DEF=1
  1.663e+06 
  1.223e-01  2.008e-07 
  1.191e-01 -2.765e-08  2.008e-06 
 -2.050e-02 -4.235e-08  8.149e-08  2.762e-07 
 -4.854e-03 -7.148e-09 -1.681e-07  5.187e-10  2.777e-07 
  2.676e-03 -6.927e-09  4.785e-08 -8.689e-10 -4.417e-10  2.586e-07 
 -4.835e+04  8.268e-04 -9.941e-03  2.256e-02 -2.266e-03 -1.551e-02  5.550e+04 
  5.951e-01 -4.850e-08  1.077e-06  1.767e-07 -1.201e-07  2.116e-07 -1.839e-01  1.492e-05 
 -7.987e-01 -1.187e-07  4.892e-07 -4.349e-09  2.781e-08  2.989e-07 -1.059e-01  1.455e-06  1.236e-05 
  9.681e-07  8.066e-14 -3.090e-12 -2.203e-13 -5.338e-14  2.424e-13  1.153e-04 -2.824e-10 -9.661e-11  2.231e-11 
  1.915e-02 -1.273e-08 -4.288e-07 -1.624e-07  4.338e-07  5.768e-08 -2.246e-01 -7.321e-07  2.978e-08 -5.065e-10  1.178e-05 
 PARAMETER  CORRELATION COEFFICIENTS  
       NO.  GLOBAL      1      3      4      6      8      9     20     21     22     23     24
        1  0.35090   1.000  0.212  0.065 -0.030 -0.007  0.004 -0.159  0.119 -0.176  0.000  0.004
        3  0.29003   0.212  1.000 -0.044 -0.180 -0.030 -0.030  0.008 -0.028 -0.075  0.000 -0.008
        4  0.32728   0.065 -0.044  1.000  0.109 -0.225  0.066 -0.030  0.197  0.098 -0.000 -0.088
        6  0.30093  -0.030 -0.180  0.109  1.000  0.002 -0.003  0.182  0.087 -0.002 -0.000 -0.090
        8  0.32504  -0.007 -0.030 -0.225  0.002  1.000 -0.002 -0.018 -0.059  0.015 -0.000  0.240
        9  0.21619   0.004 -0.030  0.066 -0.003 -0.002  1.000 -0.129  0.108  0.167  0.000  0.033
       20  0.45471  -0.159  0.008 -0.030  0.182 -0.018 -0.129  1.000 -0.202 -0.128  0.104 -0.278
       21  0.33545   0.119 -0.028  0.197  0.087 -0.059  0.108 -0.202  1.000  0.107 -0.015 -0.055
       22  0.30929  -0.176 -0.075  0.098 -0.002  0.015  0.167 -0.128  0.107  1.000 -0.006  0.002
       23  0.10851   0.000  0.000 -0.000 -0.000 -0.000  0.000  0.104 -0.015 -0.006  1.000 -0.031
       24  0.38145   0.004 -0.008 -0.088 -0.090  0.240  0.033 -0.278 -0.055  0.002 -0.031  1.000
MINUIT - FIT ONLY 1-y
 **********
 **   51 **RES 
 **********
                   PARAMETER   16  beta_vw RESTORED TO VARIABLE.
                   PARAMETER   14  alpha_vw RESTORED TO VARIABLE.
                   PARAMETER   13  beta_y RESTORED TO VARIABLE.
                   PARAMETER   11  alpha_y RESTORED TO VARIABLE.
                   PARAMETER   10  beta_2CBO RESTORED TO VARIABLE.
 **********
 **   52 **FIX            0
 **********
 PARAMETER    0  IS UNDEFINED. IGNORED.
 **********
 **   53 **FIX            1
 **********
 **********
 **   54 **FIX            2
 **********
 PARAMETER    2  IS CONSTANT.   IGNORED.
 **********
 **   55 **FIX            3
 **********
 **********
 **   56 **FIX            4
 **********
 **********
 **   57 **FIX            5
 **********
 PARAMETER    5  IS CONSTANT.   IGNORED.
 **********
 **   58 **FIX            6
 **********
 **********
 **   59 **FIX            7
 **********
 PARAMETER    7  IS CONSTANT.   IGNORED.
 **********
 **   60 **FIX            8
 **********
 **********
 **   61 **FIX            9
 **********
 **********
 **   62 **FIX           13
 **********
 **********
 **   63 **FIX           14
 **********
 **********
 **   64 **FIX           15
 **********
 PARAMETER   15  IS CONSTANT.   IGNORED.
 **********
 **   65 **FIX           16
 **********
 **********
 **   66 **MIGRAD
 **********
 START MIGRAD MINIMIZATION.  STRATEGY  1.  CONVERGENCE WHEN EDM .LT. 1.00e-04
 FCN=63.7652 FROM MIGRAD    STATUS=INITIATE       16 CALLS        1450 TOTAL
                     EDM= unknown      STRATEGY= 1      NO ERROR MATRIX       
  EXT PARAMETER               CURRENT GUESS       STEP         FIRST   
  NO.   NAME      VALUE            ERROR          SIZE      DERIVATIVE 
   1  N0           3.41700e+06     fixed    
   2  tau          6.44063e+01   constant   
   3  A0           3.60938e-01     fixed    
   4  phi          4.12042e+00     fixed    
   5  R           -6.04192e+01   constant   
   6  alpha_CBO    1.34574e-03     fixed    
   7  w_CBO        2.32500e+00   constant   
   8  beta_CBO    -1.56478e-03     fixed    
   9  alpha_2CBO   3.10363e-04     fixed    
  10  beta_2CBO    3.97821e-04   5.05906e-04   5.05906e-04   7.98111e+01
  11  alpha_y      0.00000e+00   1.00000e-03   1.00000e-03   1.86823e+02
  12  w_y          1.38860e+01   constant   
  13  beta_y       1.25050e-04     fixed    
  14  alpha_vw     0.00000e+00     fixed    
  15  w_vw         1.43404e+01   constant   
  16  beta_vw      0.00000e+00     fixed    
  17  LM           8.43198e-05   constant   
  18  zeta_y       0.00000e+00   constant   
  19  zeta_vw      0.00000e+00   constant   
  20  T_CBO        4.53124e+02   2.26890e+02   1.64766e-03  -1.80425e-03
  21  alpha_A0     1.84659e-03   3.76435e-03   1.45627e-03   6.05438e-04
  22  beta_A0      6.20145e-04   3.44403e-03   1.31850e-03  -4.59863e-03
  23  alpha_phi    9.99998e-03   1.56426e-02   1.45508e-02  -1.92876e-04
  24  beta_phi     3.20138e-03   3.35755e-03   1.31860e-03  -1.22247e-03
 MIGRAD MINIMIZATION HAS CONVERGED.
 MIGRAD WILL VERIFY CONVERGENCE AND ERROR MATRIX.
 COVARIANCE MATRIX CALCULATED SUCCESSFULLY
 FCN=63.7626 FROM MIGRAD    STATUS=CONVERGED      97 CALLS        1531 TOTAL
                     EDM=2.04485e-06    STRATEGY= 1      ERROR MATRIX ACCURATE 
  EXT PARAMETER                                   STEP         FIRST   
  NO.   NAME      VALUE            ERROR          SIZE      DERIVATIVE 
   1  N0           3.41700e+06     fixed    
   2  tau          6.44063e+01   constant   
   3  A0           3.60938e-01     fixed    
   4  phi          4.12042e+00     fixed    
   5  R           -6.04192e+01   constant   
   6  alpha_CBO    1.34574e-03     fixed    
   7  w_CBO        2.32500e+00   constant   
   8  beta_CBO    -1.56478e-03     fixed    
   9  alpha_2CBO   3.10363e-04     fixed    
  10  beta_2CBO    3.87663e-04   5.15633e-04   1.97715e-06   2.89095e+00
  11  alpha_y     -2.32922e-05   4.98690e-04   1.95874e-06  -7.22330e-01
  12  w_y          1.38860e+01   constant   
  13  beta_y       1.25050e-04     fixed    
  14  alpha_vw     0.00000e+00     fixed    
  15  w_vw         1.43404e+01   constant   
  16  beta_vw      0.00000e+00     fixed    
  17  LM           8.43198e-05   constant   
  18  zeta_y       0.00000e+00   constant   
  19  zeta_vw      0.00000e+00   constant   
  20  T_CBO        4.53473e+02   2.19480e+02   1.65600e-03   2.22948e-03
  21  alpha_A0     1.85185e-03   3.67858e-03   1.45477e-03   9.36022e-04
  22  beta_A0      6.18322e-04   3.32882e-03   1.31642e-03   2.67386e-03
  23  alpha_phi    1.00000e-02   1.49999e-02   1.76488e-02** at limit **
  24  beta_phi     3.20910e-03   3.26838e-03   1.31563e-03  -4.59923e-04
 EXTERNAL ERROR MATRIX.    NDIM=  25    NPAR=  7    ERR DEF=1
  2.659e-07 -6.144e-10 -4.561e-03 -2.662e-07  1.138e-07  1.240e-14 -2.026e-07 
 -6.144e-10  2.487e-07 -2.072e-04  5.333e-08  1.313e-08  8.074e-15 -3.460e-09 
 -4.561e-03 -2.072e-04  5.166e+04 -1.594e-01 -1.075e-01  1.740e-05 -2.026e-01 
 -2.662e-07  5.333e-08 -1.594e-01  1.422e-05  1.156e-06 -4.253e-11 -2.294e-07 
  1.138e-07  1.313e-08 -1.075e-01  1.156e-06  1.152e-05 -1.446e-11 -1.313e-07 
  1.240e-14  8.074e-15  1.740e-05 -4.253e-11 -1.446e-11  3.149e-13 -7.653e-11 
 -2.026e-07 -3.460e-09 -2.026e-01 -2.294e-07 -1.313e-07 -7.653e-11  1.114e-05 
 PARAMETER  CORRELATION COEFFICIENTS  
       NO.  GLOBAL     10     11     20     21     22     23     24
       10  0.21860   1.000 -0.002 -0.039 -0.137  0.065  0.000 -0.118
       11  0.02917  -0.002  1.000 -0.002  0.028  0.008  0.000 -0.002
       20  0.38209  -0.039 -0.002  1.000 -0.186 -0.139  0.136 -0.267
       21  0.26315  -0.137  0.028 -0.186  1.000  0.090 -0.020 -0.018
       22  0.17347   0.065  0.008 -0.139  0.090  1.000 -0.008 -0.012
       23  0.13708   0.000  0.000  0.136 -0.020 -0.008  1.000 -0.041
       24  0.31132  -0.118 -0.002 -0.267 -0.018 -0.012 -0.041  1.000
MINUIT - FIT ONLY 2-y
 **********
 **   67 **RES 
 **********
                   PARAMETER   16  beta_vw RESTORED TO VARIABLE.
                   PARAMETER   14  alpha_vw RESTORED TO VARIABLE.
                   PARAMETER   13  beta_y RESTORED TO VARIABLE.
                   PARAMETER    9  alpha_2CBO RESTORED TO VARIABLE.
                   PARAMETER    8  beta_CBO RESTORED TO VARIABLE.
                   PARAMETER    6  alpha_CBO RESTORED TO VARIABLE.
                   PARAMETER    4  phi RESTORED TO VARIABLE.
                   PARAMETER    3  A0 RESTORED TO VARIABLE.
                   PARAMETER    1  N0 RESTORED TO VARIABLE.
 **********
 **   68 **FIX            0
 **********
 PARAMETER    0  IS UNDEFINED. IGNORED.
 **********
 **   69 **FIX            1
 **********
 **********
 **   70 **FIX            2
 **********
 PARAMETER    2  IS CONSTANT.   IGNORED.
 **********
 **   71 **FIX            3
 **********
 **********
 **   72 **FIX            4
 **********
 **********
 **   73 **FIX            5
 **********
 PARAMETER    5  IS CONSTANT.   IGNORED.
 **********
 **   74 **FIX            6
 **********
 **********
 **   75 **FIX            7
 **********
 PARAMETER    7  IS CONSTANT.   IGNORED.
 **********
 **   76 **FIX            8
 **********
 **********
 **   77 **FIX            9
 **********
 **********
 **   78 **FIX           10
 **********
 **********
 **   79 **FIX           11
 **********
 **********
 **   80 **FIX           12
 **********
 PARAMETER   12  IS CONSTANT.   IGNORED.
 **********
 **   81 **FIX           16
 **********
 **********
 **   82 **MIGRAD
 **********
 START MIGRAD MINIMIZATION.  STRATEGY  1.  CONVERGENCE WHEN EDM .LT. 1.00e-04
 FCN=63.7626 FROM MIGRAD    STATUS=INITIATE       16 CALLS        1547 TOTAL
                     EDM= unknown      STRATEGY= 1      NO ERROR MATRIX       
  EXT PARAMETER               CURRENT GUESS       STEP         FIRST   
  NO.   NAME      VALUE            ERROR          SIZE      DERIVATIVE 
   1  N0           3.41700e+06     fixed    
   2  tau          6.44063e+01   constant   
   3  A0           3.60938e-01     fixed    
   4  phi          4.12042e+00     fixed    
   5  R           -6.04192e+01   constant   
   6  alpha_CBO    1.34574e-03     fixed    
   7  w_CBO        2.32500e+00   constant   
   8  beta_CBO    -1.56478e-03     fixed    
   9  alpha_2CBO   3.10363e-04     fixed    
  10  beta_2CBO    3.87663e-04     fixed    
  11  alpha_y     -2.32922e-05     fixed    
  12  w_y          1.38860e+01   constant   
  13  beta_y       1.25050e-04   5.01615e-04   5.01615e-04   1.08148e+02
  14  alpha_vw     0.00000e+00   1.00000e-03   1.00000e-03  -2.45887e+03
  15  w_vw         1.43404e+01   constant   
  16  beta_vw      0.00000e+00     fixed    
  17  LM           8.43198e-05   constant   
  18  zeta_y       0.00000e+00   constant   
  19  zeta_vw      0.00000e+00   constant   
  20  T_CBO        4.53473e+02   2.19480e+02   1.65600e-03   2.17989e-03
  21  alpha_A0     1.85185e-03   3.67858e-03   1.45477e-03   9.31894e-04
  22  beta_A0      6.18322e-04   3.32882e-03   1.31642e-03   2.66989e-03
  23  alpha_phi    9.99998e-03   1.49999e-02   1.76488e-02  -1.83258e-04
  24  beta_phi     3.20910e-03   3.26838e-03   1.31563e-03  -4.64118e-04
 MIGRAD MINIMIZATION HAS CONVERGED.
 MIGRAD WILL VERIFY CONVERGENCE AND ERROR MATRIX.
 COVARIANCE MATRIX CALCULATED SUCCESSFULLY
 FCN=63.3743 FROM MIGRAD    STATUS=CONVERGED     114 CALLS        1645 TOTAL
                     EDM=1.94331e-06    STRATEGY= 1      ERROR MATRIX ACCURATE 
  EXT PARAMETER                                   STEP         FIRST   
  NO.   NAME      VALUE            ERROR          SIZE      DERIVATIVE 
   1  N0           3.41700e+06     fixed    
   2  tau          6.44063e+01   constant   
   3  A0           3.60938e-01     fixed    
   4  phi          4.12042e+00     fixed    
   5  R           -6.04192e+01   constant   
   6  alpha_CBO    1.34574e-03     fixed    
   7  w_CBO        2.32500e+00   constant   
   8  beta_CBO    -1.56478e-03     fixed    
   9  alpha_2CBO   3.10363e-04     fixed    
  10  beta_2CBO    3.87663e-04     fixed    
  11  alpha_y     -2.32922e-05     fixed    
  12  w_y          1.38860e+01   constant   
  13  beta_y       7.30562e-05   5.05100e-04   1.96307e-06   3.08536e-01
  14  alpha_vw     3.13535e-04   5.03635e-04   1.95813e-06   1.37218e-01
  15  w_vw         1.43404e+01   constant   
  16  beta_vw      0.00000e+00     fixed    
  17  LM           8.43198e-05   constant   
  18  zeta_y       0.00000e+00   constant   
  19  zeta_vw      0.00000e+00   constant   
  20  T_CBO        4.53675e+02   2.19140e+02   1.65090e-03  -5.36598e-05
  21  alpha_A0     1.83485e-03   3.64263e-03   1.45017e-03   3.40001e-03
  22  beta_A0      6.16186e-04   3.32180e-03   1.31252e-03   3.55289e-03
  23  alpha_phi    1.00000e-02   1.55912e-02   1.66579e-02** at limit **
  24  beta_phi     3.20023e-03   3.24540e-03   1.31144e-03   1.95022e-03
 EXTERNAL ERROR MATRIX.    NDIM=  25    NPAR=  7    ERR DEF=1
  2.551e-07 -3.110e-08 -8.302e-04  1.101e-08  3.750e-08  5.265e-16 -2.950e-08 
 -3.110e-08  2.536e-07  2.605e-04 -1.503e-08 -9.092e-10  7.785e-17 -9.958e-09 
 -8.302e-04  2.605e-04  5.149e+04 -1.626e-01 -1.055e-01  8.339e-07 -2.048e-01 
  1.101e-08 -1.503e-08 -1.626e-01  1.392e-05  1.266e-06 -2.019e-12 -4.394e-07 
  3.750e-08 -9.092e-10 -1.055e-01  1.266e-06  1.147e-05 -6.908e-13 -5.106e-08 
  5.265e-16  7.785e-17  8.339e-07 -2.019e-12 -6.908e-13  8.564e-16 -3.656e-12 
 -2.950e-08 -9.958e-09 -2.048e-01 -4.394e-07 -5.106e-08 -3.656e-12  1.097e-05 
 PARAMETER  CORRELATION COEFFICIENTS  
       NO.  GLOBAL     13     14     20     21     22     23     24
       13  0.12589   1.000 -0.122 -0.007  0.006  0.022  0.000 -0.018
       14  0.12282  -0.122  1.000  0.002 -0.008 -0.001  0.000 -0.006
       20  0.37612  -0.007  0.002  1.000 -0.192 -0.137  0.126 -0.272
       21  0.22423   0.006 -0.008 -0.192  1.000  0.100 -0.018 -0.036
       22  0.16230   0.022 -0.001 -0.137  0.100  1.000 -0.007 -0.005
       23  0.12613   0.000  0.000  0.126 -0.018 -0.007  1.000 -0.038
       24  0.28974  -0.018 -0.006 -0.272 -0.036 -0.005 -0.038  1.000
MINUIT - FIT ALTOGETHER
 **********
