 + ++++++++++++++++++++++++++++++++++++++++++++++++++++++++++++++++++++ +
 +                                                                      +
 +           You have chose to blind your fitting according to          +
 +                omega_ref * (1 + (R +/- deltaR) *10^{-6})             +
 +                                                                      +
 + ++++++++++++++++++++++++++++++++++++++++++++++++++++++++++++++++++++ +
In main()...
reading format from /gm2data/zkhechad/run45/envelope/formats/formatB_sBin_constraintOn.txt
pBinTau 	= 0  
pBinPhi 	= 0  
constraintau 	= 1 
includeMopTerm 	= 0    
constrainMop    = 0   
Parameters after format file: pBinTau 0 pBinPhi 0 constraintau 1 includeMopTerm 0 constrainMop 0 c_e_scale 0.000000 
Opening file /gm2data/tbarrett/gm2fr/studies/run23_bunch_corrections/CorrectedFourier_Run3b.root.
reading full fit data from /gm2data/zkhechad/cboTemplates/Run4CBOTemplates/fullFits/noRF/sBin_constraintOn_cE0.0_seed0_noRF_calo11.root
windowBins = 69
fitting sliding window 1960 from bin 2096 at 312.574000 to bin 2165 at 323.018000 (69 bins)

Reading data from /gm2data/cornell/histograms/aMethod/histogram_a_noRF.root
 **********
 **    1 **SET PRINTOUT            1
 **********
 **********
 **    2 **SET NOWARNINGS 
 **********
 PARAMETER DEFINITIONS:
    NO.   NAME         VALUE      STEP SIZE      LIMITS
     1 N0           3.16093e+06  1.00000e+02     no limits
     2 tau          6.43989e+01  constant
     3 A0           3.42733e-01  1.00000e-04     no limits
     4 phi          4.11801e+00  1.00000e-02     no limits
     5 R           -6.14725e+01  constant
     6 alpha_CBO    0.00000e+00  1.00000e-03     no limits
     7 w_CBO        2.32500e+00  constant
     8 beta_CBO     0.00000e+00  1.00000e-03     no limits
     9 alpha_2CBO   0.00000e+00  1.00000e-03     no limits
    10 beta_2CBO    0.00000e+00  1.00000e-03     no limits
    11 alpha_y      0.00000e+00  1.00000e-03     no limits
    12 w_y          1.38860e+01  constant
    13 beta_y       0.00000e+00  1.00000e-03     no limits
    14 alpha_vw     0.00000e+00  1.00000e-03     no limits
    15 w_vw         1.43404e+01  constant
    16 beta_vw      0.00000e+00  1.00000e-03     no limits
    17 LM          -2.06090e-04  constant
    18 zeta_y       0.00000e+00  constant
    19 zeta_vw      0.00000e+00  constant
    20 T_CBO        1.00000e+02  1.00000e+00    0.00000e+00  1.00000e+03
    21 alpha_A0     0.00000e+00  1.00000e-04   -1.00000e-02  1.00000e-02
    22 beta_A0      0.00000e+00  1.00000e-04   -1.00000e-02  1.00000e-02
    23 alpha_phi    0.00000e+00  1.00000e-04   -1.00000e-02  1.00000e-02
    24 beta_phi     0.00000e+00  1.00000e-04   -1.00000e-02  1.00000e-02
MINUIT - FIT ONLY WIGGLE
 **********
 **    3 **FIX            5
 **********
 PARAMETER    5  IS CONSTANT.   IGNORED.
 **********
 **    4 **FIX            6
 **********
 **********
 **    5 **FIX            7
 **********
 PARAMETER    7  IS CONSTANT.   IGNORED.
 **********
 **    6 **FIX            8
 **********
 **********
 **    7 **FIX            9
 **********
 **********
 **    8 **FIX           10
 **********
 **********
 **    9 **FIX           11
 **********
 **********
 **   10 **FIX           12
 **********
 PARAMETER   12  IS CONSTANT.   IGNORED.
 **********
 **   11 **FIX           13
 **********
 **********
 **   12 **FIX           14
 **********
 **********
 **   13 **FIX           15
 **********
 PARAMETER   15  IS CONSTANT.   IGNORED.
 **********
 **   14 **FIX           16
 **********
 **********
 **   15 **MIGRAD
 **********
 FIRST CALL TO USER FUNCTION AT NEW START POINT, WITH IFLAG=4.
 START MIGRAD MINIMIZATION.  STRATEGY  1.  CONVERGENCE WHEN EDM .LT. 1.00e-04
 FCN=92.1035 FROM MIGRAD    STATUS=INITIATE      437 CALLS         438 TOTAL
                     EDM= unknown      STRATEGY= 1      NO ERROR MATRIX       
  EXT PARAMETER               CURRENT GUESS       STEP         FIRST   
  NO.   NAME      VALUE            ERROR          SIZE      DERIVATIVE 
   1  N0           3.16093e+06   1.00000e+02   0.00000e+00  -7.63773e-04
   2  tau          6.43989e+01   constant   
   3  A0           3.42733e-01   1.00000e-04   0.00000e+00  -2.16660e+02
   4  phi          4.11801e+00   1.00000e-02   0.00000e+00  -1.88640e+02
   5  R           -6.14725e+01   constant   
   6  alpha_CBO    0.00000e+00     fixed    
   7  w_CBO        2.32500e+00   constant   
   8  beta_CBO     0.00000e+00     fixed    
   9  alpha_2CBO   0.00000e+00     fixed    
  10  beta_2CBO    0.00000e+00     fixed    
  11  alpha_y      0.00000e+00     fixed    
  12  w_y          1.38860e+01   constant   
  13  beta_y       0.00000e+00     fixed    
  14  alpha_vw     0.00000e+00     fixed    
  15  w_vw         1.43404e+01   constant   
  16  beta_vw      0.00000e+00     fixed    
  17  LM          -2.06090e-04   constant   
  18  zeta_y       0.00000e+00   constant   
  19  zeta_vw      0.00000e+00   constant   
  20  T_CBO        1.00000e+02   1.00000e+00   0.00000e+00   0.00000e+00
  21  alpha_A0     0.00000e+00   1.00000e-04   0.00000e+00   1.39103e-01
  22  beta_A0      0.00000e+00   1.00000e-04   0.00000e+00   5.98050e-01
  23  alpha_phi    0.00000e+00   1.00000e-04   0.00000e+00  -1.27948e-01
  24  beta_phi     0.00000e+00   1.00000e-04   0.00000e+00   4.12042e-01
 MIGRAD MINIMIZATION HAS CONVERGED.
 FCN=85.3693 FROM MIGRAD    STATUS=CONVERGED     740 CALLS         741 TOTAL
                     EDM=1.33652e-06    STRATEGY= 1  ERROR MATRIX UNCERTAINTY   1.2 per cent
  EXT PARAMETER                                   STEP         FIRST   
  NO.   NAME      VALUE            ERROR          SIZE      DERIVATIVE 
   1  N0           3.16227e+06   1.52501e+03   6.37912e-01  -4.18859e-07
   2  tau          6.43989e+01   constant   
   3  A0           3.42688e-01   6.55507e-04  -9.80966e-07  -6.19299e-01
   4  phi          4.11812e+00   1.99533e-03  -5.75280e-06  -2.53346e-01
   5  R           -6.14725e+01   constant   
   6  alpha_CBO    0.00000e+00     fixed    
   7  w_CBO        2.32500e+00   constant   
   8  beta_CBO     0.00000e+00     fixed    
   9  alpha_2CBO   0.00000e+00     fixed    
  10  beta_2CBO    0.00000e+00     fixed    
  11  alpha_y      0.00000e+00     fixed    
  12  w_y          1.38860e+01   constant   
  13  beta_y       0.00000e+00     fixed    
  14  alpha_vw     0.00000e+00     fixed    
  15  w_vw         1.43404e+01   constant   
  16  beta_vw      0.00000e+00     fixed    
  17  LM          -2.06090e-04   constant   
  18  zeta_y       0.00000e+00   constant   
  19  zeta_vw      0.00000e+00   constant   
  20  T_CBO        7.26387e+02   3.26419e+02   1.82101e-03  -3.30393e-03
  21  alpha_A0    -3.08203e-03   4.45916e-03   2.13691e-04  -4.48900e-04
  22  beta_A0     -9.24716e-03   2.58409e-03   1.32128e-03   3.34401e-03
  23  alpha_phi    1.49645e-03   4.22030e-03   6.49929e-04   2.14552e-04
  24  beta_phi    -4.50797e-03   4.25859e-03  -5.98831e-04   8.52891e-04
 EXTERNAL ERROR MATRIX.    NDIM=  25    NPAR=  8    ERR DEF=1
  2.326e+06 -6.596e-02 -3.123e-01  1.201e+05  5.748e-01  1.198e+00  1.566e+00 -1.274e+00 
 -6.596e-02  4.297e-07 -1.830e-08 -3.902e-02 -2.629e-07 -1.631e-07 -2.691e-07  5.237e-07 
 -3.123e-01 -1.830e-08  3.981e-06 -1.294e-01  7.787e-07  3.215e-07 -1.109e-06 -2.108e-07 
  1.201e+05 -3.902e-02 -1.294e-01  1.341e+05 -9.409e-02  6.364e-01  8.021e-02 -3.636e-01 
  5.748e-01 -2.629e-07  7.787e-07 -9.409e-02  2.154e-05  4.475e-07  5.876e-07 -1.130e-06 
  1.198e+00 -1.631e-07  3.215e-07  6.364e-01  4.475e-07  8.068e-06  1.661e-06 -4.062e-06 
  1.566e+00 -2.691e-07 -1.109e-06  8.021e-02  5.876e-07  1.661e-06  1.901e-05 -1.547e-06 
 -1.274e+00  5.237e-07 -2.108e-07 -3.636e-01 -1.130e-06 -4.062e-06 -1.547e-06  1.971e-05 
 PARAMETER  CORRELATION COEFFICIENTS  
       NO.  GLOBAL      1      3      4     20     21     22     23     24
        1  0.37625   1.000 -0.066 -0.103  0.215  0.081  0.277  0.235 -0.188
        3  0.26118  -0.066  1.000 -0.014 -0.163 -0.086 -0.088 -0.094  0.180
        4  0.33231  -0.103 -0.014  1.000 -0.177  0.084  0.057 -0.128 -0.024
       20  0.66526   0.215 -0.163 -0.177  1.000 -0.055  0.612  0.050 -0.224
       21  0.17507   0.081 -0.086  0.084 -0.055  1.000  0.034  0.029 -0.055
       22  0.68110   0.277 -0.088  0.057  0.612  0.034  1.000  0.134 -0.322
       23  0.29666   0.235 -0.094 -0.128  0.050  0.029  0.134  1.000 -0.080
       24  0.37062  -0.188  0.180 -0.024 -0.224 -0.055 -0.322 -0.080  1.000
MINUIT - FIT ONLY 1-CBO + wiggle
 **********
 **   16 **RES 
 **********
                   PARAMETER   16  beta_vw RESTORED TO VARIABLE.
                   PARAMETER   14  alpha_vw RESTORED TO VARIABLE.
                   PARAMETER   13  beta_y RESTORED TO VARIABLE.
                   PARAMETER   11  alpha_y RESTORED TO VARIABLE.
                   PARAMETER   10  beta_2CBO RESTORED TO VARIABLE.
                   PARAMETER    9  alpha_2CBO RESTORED TO VARIABLE.
                   PARAMETER    8  beta_CBO RESTORED TO VARIABLE.
                   PARAMETER    6  alpha_CBO RESTORED TO VARIABLE.
 **********
 **   17 **FIX            8
 **********
 **********
 **   18 **FIX            9
 **********
 **********
 **   19 **FIX           11
 **********
 **********
 **   20 **FIX           12
 **********
 PARAMETER   12  IS CONSTANT.   IGNORED.
 **********
 **   21 **FIX           14
 **********
 **********
 **   22 **FIX           15
 **********
 PARAMETER   15  IS CONSTANT.   IGNORED.
 **********
 **   23 **FIX           16
 **********
 **********
 **   24 **MIGRAD
 **********
 START MIGRAD MINIMIZATION.  STRATEGY  1.  CONVERGENCE WHEN EDM .LT. 1.00e-04
 FCN=85.3693 FROM MIGRAD    STATUS=INITIATE       28 CALLS         769 TOTAL
                     EDM= unknown      STRATEGY= 1      NO ERROR MATRIX       
  EXT PARAMETER               CURRENT GUESS       STEP         FIRST   
  NO.   NAME      VALUE            ERROR          SIZE      DERIVATIVE 
   1  N0           3.16227e+06   1.52501e+03   6.37912e-01  -4.18859e-07
   2  tau          6.43989e+01   constant   
   3  A0           3.42688e-01   6.55507e-04  -9.80966e-07  -6.19299e-01
   4  phi          4.11812e+00   1.99533e-03  -5.75280e-06  -2.53344e-01
   5  R           -6.14725e+01   constant   
   6  alpha_CBO    0.00000e+00   1.00000e-03   1.00000e-03  -1.01476e+04
   7  w_CBO        2.32500e+00   constant   
   8  beta_CBO     0.00000e+00     fixed    
   9  alpha_2CBO   0.00000e+00     fixed    
  10  beta_2CBO    0.00000e+00   1.00000e-03   1.00000e-03  -2.83004e+02
  11  alpha_y      0.00000e+00     fixed    
  12  w_y          1.38860e+01   constant   
  13  beta_y       0.00000e+00   1.00000e-03   1.00000e-03  -3.74426e+02
  14  alpha_vw     0.00000e+00     fixed    
  15  w_vw         1.43404e+01   constant   
  16  beta_vw      0.00000e+00     fixed    
  17  LM          -2.06090e-04   constant   
  18  zeta_y       0.00000e+00   constant   
  19  zeta_vw      0.00000e+00   constant   
  20  T_CBO        7.26387e+02   3.26419e+02   1.82101e-03  -3.30417e-03
  21  alpha_A0    -3.08203e-03   4.45916e-03   2.13691e-04   4.48896e-04
  22  beta_A0     -9.24716e-03   2.58409e-03   1.32128e-03  -3.34348e-03
  23  alpha_phi    1.49645e-03   4.22030e-03   6.49929e-04  -2.14548e-04
  24  beta_phi    -4.50797e-03   4.25859e-03  -5.98831e-04  -8.52908e-04
 MIGRAD MINIMIZATION HAS CONVERGED.
 MIGRAD WILL VERIFY CONVERGENCE AND ERROR MATRIX.
 COVARIANCE MATRIX CALCULATED SUCCESSFULLY
 FCN=71.934 FROM HESSE     STATUS=OK            102 CALLS        1016 TOTAL
                     EDM=7.66458e-05    STRATEGY= 1      ERROR MATRIX ACCURATE 
  EXT PARAMETER                                   STEP         FIRST   
  NO.   NAME      VALUE            ERROR          SIZE      DERIVATIVE 
   1  N0           3.16186e+06   1.64359e+03   6.17534e+00  -1.84793e-08
   2  tau          6.43989e+01   constant   
   3  A0           3.42178e-01   6.95242e-04   2.75706e-06  -2.37280e-02
   4  phi          4.11782e+00   2.04157e-03   8.31807e-06   9.65512e-04
   5  R           -6.14725e+01   constant   
   6  alpha_CBO    2.64322e-03   7.22073e-04   2.90512e-06  -3.30578e-02
   7  w_CBO        2.32500e+00   constant   
   8  beta_CBO     0.00000e+00     fixed    
   9  alpha_2CBO   0.00000e+00     fixed    
  10  beta_2CBO    1.55805e-05   7.05986e-04   2.86741e-06   3.72425e-01
  11  alpha_y      0.00000e+00     fixed    
  12  w_y          1.38860e+01   constant   
  13  beta_y       1.27980e-04   6.88839e-04   2.87082e-06  -7.03708e-02
  14  alpha_vw     0.00000e+00     fixed    
  15  w_vw         1.43404e+01   constant   
  16  beta_vw      0.00000e+00     fixed    
  17  LM          -2.06090e-04   constant   
  18  zeta_y       0.00000e+00   constant   
  19  zeta_vw      0.00000e+00   constant   
  20  T_CBO        7.55309e+02   8.48722e+02   6.63392e-03   6.34897e-04
  21  alpha_A0    -5.44633e-03   1.62966e-02   2.16907e-03  -3.69954e-04
  22  beta_A0     -8.88437e-03   1.94209e-02   3.83835e-03   6.17903e-04
  23  alpha_phi    1.19303e-03   6.78773e-03   1.74792e-03  -3.57092e-04
  24  beta_phi    -4.04308e-03   1.01460e-02   1.89298e-03  -5.65522e-04
 MIGRAD MINIMIZATION HAS CONVERGED.
 FCN=71.9339 FROM MIGRAD    STATUS=CONVERGED     372 CALLS        1113 TOTAL
                     EDM=9.42312e-06    STRATEGY= 1  ERROR MATRIX UNCERTAINTY   0.0 per cent
  EXT PARAMETER                                   STEP         FIRST   
  NO.   NAME      VALUE            ERROR          SIZE      DERIVATIVE 
   1  N0           3.16186e+06   1.64223e+03   6.88677e-02   1.03352e-06
   2  tau          6.43989e+01   constant   
   3  A0           3.42178e-01   6.94127e-04  -6.67024e-08  -1.12594e+00
   4  phi          4.11782e+00   2.04146e-03   3.86078e-08   1.01633e-02
   5  R           -6.14725e+01   constant   
   6  alpha_CBO    2.64328e-03   7.21989e-04   1.89389e-08   2.58875e-01
   7  w_CBO        2.32500e+00   constant   
   8  beta_CBO     0.00000e+00     fixed    
   9  alpha_2CBO   0.00000e+00     fixed    
  10  beta_2CBO    1.54482e-05   7.06223e-04  -9.29888e-08   1.91827e+00
  11  alpha_y      0.00000e+00     fixed    
  12  w_y          1.38860e+01   constant   
  13  beta_y       1.28008e-04   6.88841e-04   1.75940e-08  -5.55818e-02
  14  alpha_vw     0.00000e+00     fixed    
  15  w_vw         1.43404e+01   constant   
  16  beta_vw      0.00000e+00     fixed    
  17  LM          -2.06090e-04   constant   
  18  zeta_y       0.00000e+00   constant   
  19  zeta_vw      0.00000e+00   constant   
  20  T_CBO        7.11884e+02   6.13063e+02  -3.29930e-02  -6.48432e-03
  21  alpha_A0    -5.57907e-03   1.06703e-02  -5.61677e-03   5.74332e-03
  22  beta_A0     -9.09778e-03   1.31809e-02  -1.77101e-02   8.51334e-03
  23  alpha_phi    1.22243e-03   5.07733e-03   1.05905e-03  -8.52355e-04
  24  beta_phi    -4.14025e-03   1.29094e-02  -3.74013e-03   7.88904e-03
 EXTERNAL ERROR MATRIX.    NDIM=  25    NPAR= 11    ERR DEF=1
  2.697e+06 
 -9.704e-02  4.818e-07 
 -4.224e-01 -3.763e-08  4.168e-06 
 -8.171e-02 -1.010e-07 -5.925e-08  5.213e-07 
  3.485e-02  4.819e-09  6.948e-08 -1.089e-08  4.988e-07 
 -1.432e-02  2.183e-10 -2.017e-08  7.820e-09 -2.743e-09  4.745e-07 
  2.981e+04  6.607e-02 -5.885e-02 -2.792e-02  5.381e-02 -9.345e-03  1.983e+07 
 -6.570e-01  7.085e-07 -7.562e-07 -5.463e-07 -3.074e-07  2.519e-08  6.324e+01  2.196e-04 
 -1.511e+00  6.909e-07 -1.778e-07 -9.454e-08  1.578e-07 -5.852e-08  9.931e+01  3.147e-04  5.057e-04 
 -1.491e+00  1.968e-07  1.139e-06 -3.895e-08  1.753e-07 -8.543e-09 -1.406e+01 -4.400e-05 -6.925e-05  2.841e-05 
  1.000e+00 -2.958e-07  4.138e-07  2.406e-08 -2.188e-07 -9.395e-09  4.660e+01  1.455e-04  2.278e-04 -3.412e-05  1.263e-04 
 PARAMETER  CORRELATION COEFFICIENTS  
       NO.  GLOBAL      1      3      4      6     10     13     20     21     22     23     24
        1  0.44970   1.000 -0.085 -0.126 -0.069  0.030 -0.013  0.004 -0.027 -0.041 -0.170  0.054
        3  0.33113  -0.085  1.000 -0.027 -0.201  0.010  0.000  0.021  0.069  0.044  0.053 -0.038
        4  0.21273  -0.126 -0.027  1.000 -0.040  0.048 -0.014 -0.006 -0.025 -0.004  0.105  0.018
        6  0.26493  -0.069 -0.201 -0.040  1.000 -0.021  0.016 -0.009 -0.051 -0.006 -0.010  0.003
       10  0.30693   0.030  0.010  0.048 -0.021  1.000 -0.006  0.017 -0.029  0.010  0.047 -0.028
       13  0.03363  -0.013  0.000 -0.014  0.016 -0.006  1.000 -0.003  0.002 -0.004 -0.002 -0.001
       20  0.99740   0.004  0.021 -0.006 -0.009  0.017 -0.003  1.000  0.958  0.992 -0.592  0.931
       21  0.96813  -0.027  0.069 -0.025 -0.051 -0.029  0.002  0.958  1.000  0.944 -0.557  0.874
       22  0.99503  -0.041  0.044 -0.004 -0.006  0.010 -0.004  0.992  0.944  1.000 -0.578  0.902
       23  0.62671  -0.170  0.053  0.105 -0.010  0.047 -0.002 -0.592 -0.557 -0.578  1.000 -0.570
       24  0.95410   0.054 -0.038  0.018  0.003 -0.028 -0.001  0.931  0.874  0.902 -0.570  1.000
MINUIT - FIT ONLY 2-CBO
 **********
 **   25 **RES 
 **********
                   PARAMETER   16  beta_vw RESTORED TO VARIABLE.
                   PARAMETER   14  alpha_vw RESTORED TO VARIABLE.
                   PARAMETER   11  alpha_y RESTORED TO VARIABLE.
                   PARAMETER    9  alpha_2CBO RESTORED TO VARIABLE.
                   PARAMETER    8  beta_CBO RESTORED TO VARIABLE.
 **********
 **   26 **FIX            0
 **********
 PARAMETER    0  IS UNDEFINED. IGNORED.
 **********
 **   27 **FIX            1
 **********
 **********
 **   28 **FIX            2
 **********
 PARAMETER    2  IS CONSTANT.   IGNORED.
 **********
 **   29 **FIX            3
 **********
 **********
 **   30 **FIX            4
 **********
 **********
 **   31 **FIX            5
 **********
 PARAMETER    5  IS CONSTANT.   IGNORED.
 **********
 **   32 **FIX            6
 **********
 **********
 **   33 **FIX            7
 **********
 PARAMETER    7  IS CONSTANT.   IGNORED.
 **********
 **   34 **FIX           10
 **********
 **********
 **   35 **FIX           11
 **********
 **********
 **   36 **FIX           12
 **********
 PARAMETER   12  IS CONSTANT.   IGNORED.
 **********
 **   37 **FIX           13
 **********
 **********
 **   38 **FIX           14
 **********
 **********
 **   39 **FIX           15
 **********
 PARAMETER   15  IS CONSTANT.   IGNORED.
 **********
 **   40 **FIX           16
 **********
 **********
 **   41 **MIGRAD
 **********
 START MIGRAD MINIMIZATION.  STRATEGY  1.  CONVERGENCE WHEN EDM .LT. 1.00e-04
 FCN=71.9339 FROM MIGRAD    STATUS=INITIATE       18 CALLS        1131 TOTAL
                     EDM= unknown      STRATEGY= 1      NO ERROR MATRIX       
  EXT PARAMETER               CURRENT GUESS       STEP         FIRST   
  NO.   NAME      VALUE            ERROR          SIZE      DERIVATIVE 
   1  N0           3.16186e+06     fixed    
   2  tau          6.43989e+01   constant   
   3  A0           3.42178e-01     fixed    
   4  phi          4.11782e+00     fixed    
   5  R           -6.14725e+01   constant   
   6  alpha_CBO    2.64328e-03     fixed    
   7  w_CBO        2.32500e+00   constant   
   8  beta_CBO     0.00000e+00   1.00000e-03   1.00000e-03   5.08172e+03
   9  alpha_2CBO   0.00000e+00   1.00000e-03   1.00000e-03  -1.05725e+02
  10  beta_2CBO    1.54482e-05     fixed    
  11  alpha_y      0.00000e+00     fixed    
  12  w_y          1.38860e+01   constant   
  13  beta_y       1.28008e-04     fixed    
  14  alpha_vw     0.00000e+00     fixed    
  15  w_vw         1.43404e+01   constant   
  16  beta_vw      0.00000e+00     fixed    
  17  LM          -2.06090e-04   constant   
  18  zeta_y       0.00000e+00   constant   
  19  zeta_vw      0.00000e+00   constant   
  20  T_CBO        7.11884e+02   6.13063e+02  -3.29930e-02  -6.48120e-03
  21  alpha_A0    -5.57907e-03   1.06703e-02  -5.61677e-03   5.74361e-03
  22  beta_A0     -9.09778e-03   1.31809e-02  -1.77101e-02   8.51656e-03
  23  alpha_phi    1.22243e-03   5.07733e-03   1.05905e-03  -8.52394e-04
  24  beta_phi    -4.14025e-03   1.29094e-02  -3.74013e-03   7.88920e-03
 MIGRAD MINIMIZATION HAS CONVERGED.
 MIGRAD WILL VERIFY CONVERGENCE AND ERROR MATRIX.
 COVARIANCE MATRIX CALCULATED SUCCESSFULLY
 FCN=68.933 FROM MIGRAD    STATUS=CONVERGED     134 CALLS        1247 TOTAL
                     EDM=4.45215e-05    STRATEGY= 1      ERROR MATRIX ACCURATE 
  EXT PARAMETER                                   STEP         FIRST   
  NO.   NAME      VALUE            ERROR          SIZE      DERIVATIVE 
   1  N0           3.16186e+06     fixed    
   2  tau          6.43989e+01   constant   
   3  A0           3.42178e-01     fixed    
   4  phi          4.11782e+00     fixed    
   5  R           -6.14725e+01   constant   
   6  alpha_CBO    2.64328e-03     fixed    
   7  w_CBO        2.32500e+00   constant   
   8  beta_CBO    -1.17992e-03   6.81440e-04   2.75365e-06  -2.83943e-01
   9  alpha_2CBO   7.52731e-05   7.00732e-04   2.78848e-06   1.72246e-01
  10  beta_2CBO    1.54482e-05     fixed    
  11  alpha_y      0.00000e+00     fixed    
  12  w_y          1.38860e+01   constant   
  13  beta_y       1.28008e-04     fixed    
  14  alpha_vw     0.00000e+00     fixed    
  15  w_vw         1.43404e+01   constant   
  16  beta_vw      0.00000e+00     fixed    
  17  LM          -2.06090e-04   constant   
  18  zeta_y       0.00000e+00   constant   
  19  zeta_vw      0.00000e+00   constant   
  20  T_CBO        6.63470e+02   5.85322e+02   4.90527e-03   7.82269e-04
  21  alpha_A0    -5.98377e-03   1.27791e-02   2.35744e-03  -1.17580e-03
  22  beta_A0     -8.49346e-03   1.07917e-02   3.45839e-03  -2.32394e-03
  23  alpha_phi    1.09297e-03   8.10236e-03   1.81321e-03   7.56253e-04
  24  beta_phi    -3.81730e-03   1.37528e-02   1.94519e-03   3.02363e-03
 EXTERNAL ERROR MATRIX.    NDIM=  25    NPAR=  7    ERR DEF=1
  4.644e-07 -1.993e-08 -1.443e-01 -5.402e-07 -1.246e-06  1.737e-07 -5.795e-07 
 -1.993e-08  4.910e-07  2.261e-01  8.395e-07  1.864e-06 -6.054e-07  3.133e-07 
 -1.443e-01  2.261e-01  1.111e+08  4.776e+02  6.835e+02 -8.811e+01  3.011e+02 
 -5.402e-07  8.395e-07  4.776e+02  2.074e-03  2.939e-03 -3.782e-04  1.293e-03 
 -1.246e-06  1.864e-06  6.835e+02  2.939e-03  4.225e-03 -5.428e-04  1.850e-03 
  1.737e-07 -6.054e-07 -8.811e+01 -3.782e-04 -5.428e-04  8.972e-05 -2.392e-04 
 -5.795e-07  3.133e-07  3.011e+02  1.293e-03  1.850e-03 -2.392e-04  8.357e-04 
 PARAMETER  CORRELATION COEFFICIENTS  
       NO.  GLOBAL      8      9     20     21     22     23     24
        8  0.14368   1.000 -0.042 -0.020 -0.017 -0.028  0.027 -0.029
        9  0.22417  -0.042  1.000  0.031  0.026  0.041 -0.091  0.015
       20  0.99855  -0.020  0.031  1.000  0.995  0.997 -0.882  0.988
       21  0.99483  -0.017  0.026  0.995  1.000  0.993 -0.877  0.982
       22  0.99761  -0.028  0.041  0.997  0.993  1.000 -0.882  0.985
       23  0.88498   0.027 -0.091 -0.882 -0.877 -0.882  1.000 -0.873
       24  0.98833  -0.029  0.015  0.988  0.982  0.985 -0.873  1.000
MINUIT - FIT wiggle + 1-CBO + 2-CBO
 **********
 **   42 **RES 
 **********
                   PARAMETER   16  beta_vw RESTORED TO VARIABLE.
                   PARAMETER   14  alpha_vw RESTORED TO VARIABLE.
                   PARAMETER   13  beta_y RESTORED TO VARIABLE.
                   PARAMETER   11  alpha_y RESTORED TO VARIABLE.
                   PARAMETER   10  beta_2CBO RESTORED TO VARIABLE.
                   PARAMETER    6  alpha_CBO RESTORED TO VARIABLE.
                   PARAMETER    4  phi RESTORED TO VARIABLE.
                   PARAMETER    3  A0 RESTORED TO VARIABLE.
                   PARAMETER    1  N0 RESTORED TO VARIABLE.
 **********
 **   43 **FIX           10
 **********
 **********
 **   44 **FIX           11
 **********
 **********
 **   45 **FIX           12
 **********
 PARAMETER   12  IS CONSTANT.   IGNORED.
 **********
 **   46 **FIX           13
 **********
 **********
 **   47 **FIX           14
 **********
 **********
 **   48 **FIX           15
 **********
 PARAMETER   15  IS CONSTANT.   IGNORED.
 **********
 **   49 **FIX           16
 **********
 **********
 **   50 **MIGRAD
 **********
 START MIGRAD MINIMIZATION.  STRATEGY  1.  CONVERGENCE WHEN EDM .LT. 1.00e-04
 FCN=68.933 FROM MIGRAD    STATUS=INITIATE       22 CALLS        1269 TOTAL
                     EDM= unknown      STRATEGY= 1      NO ERROR MATRIX       
  EXT PARAMETER               CURRENT GUESS       STEP         FIRST   
  NO.   NAME      VALUE            ERROR          SIZE      DERIVATIVE 
   1  N0           3.16186e+06   1.64223e+03   1.64223e+03   1.63912e-05
   2  tau          6.43989e+01   constant   
   3  A0           3.42178e-01   6.94127e-04   6.94127e-04   5.79110e+02
   4  phi          4.11782e+00   2.04146e-03   2.04146e-03  -3.62775e+02
   5  R           -6.14725e+01   constant   
   6  alpha_CBO    2.64328e-03   7.21989e-04   7.21989e-04   1.31580e+02
   7  w_CBO        2.32500e+00   constant   
   8  beta_CBO    -1.17992e-03   6.81440e-04   2.75365e-06  -2.83942e-01
   9  alpha_2CBO   7.52731e-05   7.00732e-04   2.78848e-06   1.72245e-01
  10  beta_2CBO    1.54482e-05     fixed    
  11  alpha_y      0.00000e+00     fixed    
  12  w_y          1.38860e+01   constant   
  13  beta_y       1.28008e-04     fixed    
  14  alpha_vw     0.00000e+00     fixed    
  15  w_vw         1.43404e+01   constant   
  16  beta_vw      0.00000e+00     fixed    
  17  LM          -2.06090e-04   constant   
  18  zeta_y       0.00000e+00   constant   
  19  zeta_vw      0.00000e+00   constant   
  20  T_CBO        6.63470e+02   5.85322e+02   4.90527e-03   7.59365e-04
  21  alpha_A0    -5.98377e-03   1.27791e-02   2.35744e-03  -1.16385e-03
  22  beta_A0     -8.49346e-03   1.07917e-02   3.45839e-03  -2.29814e-03
  23  alpha_phi    1.09297e-03   8.10236e-03   1.81321e-03   7.54493e-04
  24  beta_phi    -3.81730e-03   1.37528e-02   1.94519e-03   3.03024e-03
 MIGRAD MINIMIZATION HAS CONVERGED.
 MIGRAD WILL VERIFY CONVERGENCE AND ERROR MATRIX.
 COVARIANCE MATRIX CALCULATED SUCCESSFULLY
 FCN=68.739 FROM HESSE     STATUS=OK            100 CALLS        1464 TOTAL
                     EDM=0.000156786    STRATEGY= 1      ERROR MATRIX ACCURATE 
  EXT PARAMETER                                   STEP         FIRST   
  NO.   NAME      VALUE            ERROR          SIZE      DERIVATIVE 
   1  N0           3.16179e+06   1.64427e+03   6.03844e+00   8.06581e-07
   2  tau          6.43989e+01   constant   
   3  A0           3.42030e-01   7.02020e-04   2.69619e-06   2.77690e+00
   4  phi          4.11865e+00   2.09303e-03   8.13764e-06   1.84520e-01
   5  R           -6.14725e+01   constant   
   6  alpha_CBO    2.62843e-03   7.24452e-04   2.84076e-06  -1.27349e+00
   7  w_CBO        2.32500e+00   constant   
   8  beta_CBO    -1.25697e-03   7.03196e-04   2.74986e-06  -1.88643e+00
   9  alpha_2CBO   6.20368e-05   7.04592e-04   2.78464e-06  -1.51669e+00
  10  beta_2CBO    1.54482e-05     fixed    
  11  alpha_y      0.00000e+00     fixed    
  12  w_y          1.38860e+01   constant   
  13  beta_y       1.28008e-04     fixed    
  14  alpha_vw     0.00000e+00     fixed    
  15  w_vw         1.43404e+01   constant   
  16  beta_vw      0.00000e+00     fixed    
  17  LM          -2.06090e-04   constant   
  18  zeta_y       0.00000e+00   constant   
  19  zeta_vw      0.00000e+00   constant   
  20  T_CBO        6.66109e+02   6.54390e+02   4.92195e-03   9.32827e-04
  21  alpha_A0    -6.20243e-03   1.66826e-02   2.39476e-03  -8.34873e-04
  22  beta_A0     -8.49909e-03   1.91823e-02   3.46884e-03   2.30728e-03
  23  alpha_phi    1.25483e-03   7.72252e-03   1.81142e-03   2.24784e-03
  24  beta_phi    -3.51875e-03   1.06138e-02   1.91617e-03  -4.02307e-03
 MIGRAD MINIMIZATION HAS CONVERGED.
 FCN=68.7385 FROM MIGRAD    STATUS=CONVERGED     549 CALLS        1796 TOTAL
                     EDM=9.45667e-06    STRATEGY= 1  ERROR MATRIX UNCERTAINTY   0.7 per cent
  EXT PARAMETER                                   STEP         FIRST   
  NO.   NAME      VALUE            ERROR          SIZE      DERIVATIVE 
   1  N0           3.16179e+06   1.64371e+03  -2.36295e+00  -1.28445e-09
   2  tau          6.43989e+01   constant   
   3  A0           3.42028e-01   6.87578e-04  -6.43363e-07  -3.77518e+00
   4  phi          4.11865e+00   2.08923e-03  -8.65585e-07  -1.75107e-01
   5  R           -6.14725e+01   constant   
   6  alpha_CBO    2.62971e-03   7.18048e-04   6.79209e-07   1.30842e+00
   7  w_CBO        2.32500e+00   constant   
   8  beta_CBO    -1.25634e-03   6.98807e-04   4.40389e-07   1.99680e+00
   9  alpha_2CBO   6.25146e-05   7.02469e-04   7.84222e-07   1.08399e+00
  10  beta_2CBO    1.54482e-05     fixed    
  11  alpha_y      0.00000e+00     fixed    
  12  w_y          1.38860e+01   constant   
  13  beta_y       1.28008e-04     fixed    
  14  alpha_vw     0.00000e+00     fixed    
  15  w_vw         1.43404e+01   constant   
  16  beta_vw      0.00000e+00     fixed    
  17  LM          -2.06090e-04   constant   
  18  zeta_y       0.00000e+00   constant   
  19  zeta_vw      0.00000e+00   constant   
  20  T_CBO        5.18449e+02   6.93234e+02  -3.29448e-03  -5.21831e-03
  21  alpha_A0    -7.10056e-03   1.38841e-02  -2.76785e-03   2.10821e-03
  22  beta_A0     -9.72699e-03   1.63107e-02  -9.87288e-03   3.02400e-03
  23  alpha_phi    1.43282e-03   5.54452e-03   8.05441e-04   1.78230e-03
  24  beta_phi    -4.02549e-03   1.29444e-02  -3.15150e-03  -3.46347e-03
 EXTERNAL ERROR MATRIX.    NDIM=  25    NPAR= 11    ERR DEF=1
  2.702e+06 
 -1.142e-01  4.728e-07 
 -4.711e-01 -9.591e-08  4.365e-06 
 -7.186e-02 -8.995e-08 -4.537e-08  5.156e-07 
  4.240e-02  6.994e-08 -3.166e-07 -2.778e-09  4.883e-07 
  4.952e-02  4.233e-08 -2.452e-08 -4.732e-08 -1.867e-08  4.935e-07 
  4.269e+05  7.150e-02  5.978e-02 -9.169e-02 -3.089e-02 -1.249e-01  4.243e+06 
  2.706e+00  1.241e-06  1.083e-07 -1.288e-06 -2.446e-07 -1.064e-06  3.393e+01  2.901e-04 
  2.982e+00  1.164e-06  1.090e-06 -1.024e-06 -7.024e-07 -9.493e-07  3.933e+01  3.179e-04  3.784e-04 
 -2.313e+00  1.317e-07  1.070e-06  1.202e-07  4.711e-08 -2.442e-07 -7.534e+00 -5.988e-05 -7.082e-05  3.464e-05 
  3.124e+00 -2.009e-07  1.188e-06 -3.481e-07 -4.905e-07 -9.226e-07  2.212e+01  1.773e-04  2.078e-04 -4.124e-05  1.389e-04 
 PARAMETER  CORRELATION COEFFICIENTS  
       NO.  GLOBAL      1      3      4      6      8      9     20     21     22     23     24
        1  0.36192   1.000 -0.101 -0.137 -0.061  0.037  0.043  0.126  0.097  0.093 -0.239  0.161
        3  0.41483  -0.101  1.000 -0.067 -0.182  0.146  0.088  0.050  0.106  0.087  0.033 -0.025
        4  0.29970  -0.137 -0.067  1.000 -0.030 -0.217 -0.017  0.014  0.003  0.027  0.087  0.048
        6  0.27378  -0.061 -0.182 -0.030  1.000 -0.006 -0.094 -0.062 -0.105 -0.073  0.028 -0.041
        8  0.31478   0.037  0.146 -0.217 -0.006  1.000 -0.038 -0.021 -0.021 -0.052  0.011 -0.060
        9  0.25365   0.043  0.088 -0.017 -0.094 -0.038  1.000 -0.086 -0.089 -0.069 -0.059 -0.111
       20  0.98783   0.126  0.050  0.014 -0.062 -0.021 -0.086  1.000  0.967  0.982 -0.621  0.911
       21  0.97081   0.097  0.106  0.003 -0.105 -0.021 -0.089  0.967  1.000  0.960 -0.597  0.883
       22  0.98462   0.093  0.087  0.027 -0.073 -0.052 -0.069  0.982  0.960  1.000 -0.619  0.906
       23  0.66427  -0.239  0.033  0.087  0.028  0.011 -0.059 -0.621 -0.597 -0.619  1.000 -0.595
       24  0.92046   0.161 -0.025  0.048 -0.041 -0.060 -0.111  0.911  0.883  0.906 -0.595  1.000
MINUIT - FIT ONLY 1-y
 **********
 **   51 **RES 
 **********
                   PARAMETER   16  beta_vw RESTORED TO VARIABLE.
                   PARAMETER   14  alpha_vw RESTORED TO VARIABLE.
                   PARAMETER   13  beta_y RESTORED TO VARIABLE.
                   PARAMETER   11  alpha_y RESTORED TO VARIABLE.
                   PARAMETER   10  beta_2CBO RESTORED TO VARIABLE.
 **********
 **   52 **FIX            0
 **********
 PARAMETER    0  IS UNDEFINED. IGNORED.
 **********
 **   53 **FIX            1
 **********
 **********
 **   54 **FIX            2
 **********
 PARAMETER    2  IS CONSTANT.   IGNORED.
 **********
 **   55 **FIX            3
 **********
 **********
 **   56 **FIX            4
 **********
 **********
 **   57 **FIX            5
 **********
 PARAMETER    5  IS CONSTANT.   IGNORED.
 **********
 **   58 **FIX            6
 **********
 **********
 **   59 **FIX            7
 **********
 PARAMETER    7  IS CONSTANT.   IGNORED.
 **********
 **   60 **FIX            8
 **********
 **********
 **   61 **FIX            9
 **********
 **********
 **   62 **FIX           13
 **********
 **********
 **   63 **FIX           14
 **********
 **********
 **   64 **FIX           15
 **********
 PARAMETER   15  IS CONSTANT.   IGNORED.
 **********
 **   65 **FIX           16
 **********
 **********
 **   66 **MIGRAD
 **********
 START MIGRAD MINIMIZATION.  STRATEGY  1.  CONVERGENCE WHEN EDM .LT. 1.00e-04
 FCN=68.7385 FROM MIGRAD    STATUS=INITIATE       16 CALLS        1812 TOTAL
                     EDM= unknown      STRATEGY= 1      NO ERROR MATRIX       
  EXT PARAMETER               CURRENT GUESS       STEP         FIRST   
  NO.   NAME      VALUE            ERROR          SIZE      DERIVATIVE 
   1  N0           3.16179e+06     fixed    
   2  tau          6.43989e+01   constant   
   3  A0           3.42028e-01     fixed    
   4  phi          4.11865e+00     fixed    
   5  R           -6.14725e+01   constant   
   6  alpha_CBO    2.62971e-03     fixed    
   7  w_CBO        2.32500e+00   constant   
   8  beta_CBO    -1.25634e-03     fixed    
   9  alpha_2CBO   6.25146e-05     fixed    
  10  beta_2CBO    1.54482e-05   7.06223e-04   7.06223e-04  -3.15192e+02
  11  alpha_y      0.00000e+00   1.00000e-03   1.00000e-03  -1.26407e+03
  12  w_y          1.38860e+01   constant   
  13  beta_y       1.28008e-04     fixed    
  14  alpha_vw     0.00000e+00     fixed    
  15  w_vw         1.43404e+01   constant   
  16  beta_vw      0.00000e+00     fixed    
  17  LM          -2.06090e-04   constant   
  18  zeta_y       0.00000e+00   constant   
  19  zeta_vw      0.00000e+00   constant   
  20  T_CBO        5.18449e+02   6.93234e+02  -3.29448e-03  -5.21803e-03
  21  alpha_A0    -7.10056e-03   1.38841e-02  -2.76785e-03   2.10838e-03
  22  beta_A0     -9.72699e-03   1.63107e-02  -9.87288e-03   3.03008e-03
  23  alpha_phi    1.43282e-03   5.54452e-03   8.05441e-04   1.78229e-03
  24  beta_phi    -4.02549e-03   1.29444e-02  -3.15150e-03  -3.46341e-03
 MIGRAD MINIMIZATION HAS CONVERGED.
 MIGRAD WILL VERIFY CONVERGENCE AND ERROR MATRIX.
 FCN=68.5421 FROM HESSE     STATUS=NOT POSDEF     52 CALLS        1911 TOTAL
                     EDM=0.000133727    STRATEGY= 1      ERR MATRIX NOT POS-DEF
  EXT PARAMETER                APPROXIMATE        STEP         FIRST   
  NO.   NAME      VALUE            ERROR          SIZE      DERIVATIVE 
   1  N0           3.16179e+06     fixed    
   2  tau          6.43989e+01   constant   
   3  A0           3.42028e-01     fixed    
   4  phi          4.11865e+00     fixed    
   5  R           -6.14725e+01   constant   
   6  alpha_CBO    2.62971e-03     fixed    
   7  w_CBO        2.32500e+00   constant   
   8  beta_CBO    -1.25634e-03     fixed    
   9  alpha_2CBO   6.25146e-05     fixed    
  10  beta_2CBO    8.70221e-05   7.00549e-04   2.79989e-06  -2.03129e+00
  11  alpha_y      2.92852e-04   6.78495e-04   2.77648e-06   7.08919e-01
  12  w_y          1.38860e+01   constant   
  13  beta_y       1.28008e-04     fixed    
  14  alpha_vw     0.00000e+00     fixed    
  15  w_vw         1.43404e+01   constant   
  16  beta_vw      0.00000e+00     fixed    
  17  LM          -2.06090e-04   constant   
  18  zeta_y       0.00000e+00   constant   
  19  zeta_vw      0.00000e+00   constant   
  20  T_CBO        5.22313e+02   7.32648e+02   2.84996e-03   6.60245e-04
  21  alpha_A0    -7.18271e-03   1.05925e-02   3.06874e-03   3.45973e-04
  22  beta_A0     -9.74375e-03   1.76093e-02   9.80913e-03   3.19824e-04
  23  alpha_phi    1.49955e-03   1.47291e-02   2.06518e-03  -1.09141e-04
  24  beta_phi    -4.03338e-03   1.20970e-02   2.23080e-03   1.79408e-03
 MIGRAD MINIMIZATION HAS CONVERGED.
 MIGRAD WILL VERIFY CONVERGENCE AND ERROR MATRIX.
 COVARIANCE MATRIX CALCULATED SUCCESSFULLY
 FCN=68.542 FROM MIGRAD    STATUS=CONVERGED     229 CALLS        2025 TOTAL
                     EDM=9.19651e-05    STRATEGY= 1      ERROR MATRIX ACCURATE 
  EXT PARAMETER                                   STEP         FIRST   
  NO.   NAME      VALUE            ERROR          SIZE      DERIVATIVE 
   1  N0           3.16179e+06     fixed    
   2  tau          6.43989e+01   constant   
   3  A0           3.42028e-01     fixed    
   4  phi          4.11865e+00     fixed    
   5  R           -6.14725e+01   constant   
   6  alpha_CBO    2.62971e-03     fixed    
   7  w_CBO        2.32500e+00   constant   
   8  beta_CBO    -1.25634e-03     fixed    
   9  alpha_2CBO   6.25146e-05     fixed    
  10  beta_2CBO    8.73839e-05   7.04704e-04   2.79989e-06   1.62764e-01
  11  alpha_y      2.92731e-04   6.82247e-04   2.77647e-06   3.12109e-01
  12  w_y          1.38860e+01   constant   
  13  beta_y       1.28008e-04     fixed    
  14  alpha_vw     0.00000e+00     fixed    
  15  w_vw         1.43404e+01   constant   
  16  beta_vw      0.00000e+00     fixed    
  17  LM          -2.06090e-04   constant   
  18  zeta_y       0.00000e+00   constant   
  19  zeta_vw      0.00000e+00   constant   
  20  T_CBO        5.09499e+02   5.54195e+02   2.73909e-03  -8.08601e-03
  21  alpha_A0    -7.29066e-03   1.86092e-02   3.15106e-03   1.09883e-03
  22  beta_A0     -9.87659e-03   1.93106e-02   1.16376e-02   2.26996e-03
  23  alpha_phi    1.52224e-03   6.87290e-03   2.09142e-03   1.01991e-04
  24  beta_phi    -4.09483e-03   1.21166e-02   2.26022e-03   3.14756e-03
 EXTERNAL ERROR MATRIX.    NDIM=  25    NPAR=  7    ERR DEF=1
  4.966e-07 -9.784e-09  1.261e-02 -4.876e-07 -8.988e-09  2.370e-07 -4.026e-07 
 -9.784e-09  4.655e-07  3.403e-04 -2.389e-08 -2.703e-08  5.588e-08  6.119e-08 
  1.261e-02  3.403e-04  9.190e+06  8.168e+01  1.065e+02 -1.703e+01  4.538e+01 
 -4.876e-07 -2.389e-08  8.168e+01  7.554e-04  9.488e-04 -1.513e-04  4.028e-04 
 -8.988e-09 -2.703e-08  1.065e+02  9.488e-04  1.259e-03 -1.981e-04  5.238e-04 
  2.370e-07  5.588e-08 -1.703e+01 -1.513e-04 -1.981e-04  5.776e-05 -8.527e-05 
 -4.026e-07  6.119e-08  4.538e+01  4.028e-04  5.238e-04 -8.527e-05  2.507e-04 
 PARAMETER  CORRELATION COEFFICIENTS  
       NO.  GLOBAL     10     11     20     21     22     23     24
       10  0.21888   1.000 -0.020  0.006 -0.025 -0.000  0.044 -0.036
       11  0.03337  -0.020  1.000  0.000 -0.001 -0.001  0.011  0.006
       20  0.99400   0.006  0.000  1.000  0.980  0.990 -0.739  0.945
       21  0.98092  -0.025 -0.001  0.980  1.000  0.973 -0.724  0.926
       22  0.99004  -0.000 -0.001  0.990  0.973  1.000 -0.734  0.932
       23  0.74158   0.044  0.011 -0.739 -0.724 -0.734  1.000 -0.709
       24  0.94692  -0.036  0.006  0.945  0.926  0.932 -0.709  1.000
MINUIT - FIT ONLY 2-y
 **********
 **   67 **RES 
 **********
                   PARAMETER   16  beta_vw RESTORED TO VARIABLE.
                   PARAMETER   14  alpha_vw RESTORED TO VARIABLE.
                   PARAMETER   13  beta_y RESTORED TO VARIABLE.
                   PARAMETER    9  alpha_2CBO RESTORED TO VARIABLE.
                   PARAMETER    8  beta_CBO RESTORED TO VARIABLE.
                   PARAMETER    6  alpha_CBO RESTORED TO VARIABLE.
                   PARAMETER    4  phi RESTORED TO VARIABLE.
                   PARAMETER    3  A0 RESTORED TO VARIABLE.
                   PARAMETER    1  N0 RESTORED TO VARIABLE.
 **********
 **   68 **FIX            0
 **********
 PARAMETER    0  IS UNDEFINED. IGNORED.
 **********
 **   69 **FIX            1
 **********
 **********
 **   70 **FIX            2
 **********
 PARAMETER    2  IS CONSTANT.   IGNORED.
 **********
 **   71 **FIX            3
 **********
 **********
 **   72 **FIX            4
 **********
 **********
