 + ++++++++++++++++++++++++++++++++++++++++++++++++++++++++++++++++++++ +
 +                                                                      +
 +           You have chose to blind your fitting according to          +
 +                omega_ref * (1 + (R +/- deltaR) *10^{-6})             +
 +                                                                      +
 + ++++++++++++++++++++++++++++++++++++++++++++++++++++++++++++++++++++ +
In main()...
reading format from /gm2data/zkhechad/run45/envelope/formats/formatB_sBin_constraintOn.txt
pBinTau 	= 0  
pBinPhi 	= 0  
constraintau 	= 1 
includeMopTerm 	= 0    
constrainMop    = 0   
Parameters after format file: pBinTau 0 pBinPhi 0 constraintau 1 includeMopTerm 0 constrainMop 0 c_e_scale 0.000000 
Opening file /gm2data/tbarrett/gm2fr/studies/run23_bunch_corrections/CorrectedFourier_Run3b.root.
reading full fit data from /gm2data/zkhechad/cboTemplates/Run4CBOTemplates/templateFits0_v2.0/noRF/sBin_constraintOn_cE0.0_seed0_noRF_calo14.root
windowBins = 17
fitting sliding window 162 from bin 298 at 44.312400 to bin 315 at 46.998000 (17 bins)

Reading data from /gm2data/cornell/histograms/aMethod/histogram_a_noRF.root
 **********
 **    1 **SET PRINTOUT            1
 **********
 **********
 **    2 **SET NOWARNINGS 
 **********
 PARAMETER DEFINITIONS:
    NO.   NAME         VALUE      STEP SIZE      LIMITS
     1 N0           3.41556e+06  1.00000e+02     no limits
     2 tau          6.43834e+01  constant
     3 A0           3.61902e-01  1.00000e-04     no limits
     4 phi          4.12125e+00  1.00000e-02     no limits
     5 R           -6.07281e+01  constant
     6 alpha_CBO    0.00000e+00  1.00000e-03     no limits
     7 w_CBO        2.32500e+00  constant
     8 beta_CBO     0.00000e+00  1.00000e-03     no limits
     9 alpha_2CBO   0.00000e+00  1.00000e-03     no limits
    10 beta_2CBO    0.00000e+00  1.00000e-03     no limits
    11 alpha_y      0.00000e+00  1.00000e-03     no limits
    12 w_y          1.44500e+01  constant
    13 beta_y       0.00000e+00  1.00000e-03     no limits
    14 alpha_vw     0.00000e+00  1.00000e-03     no limits
    15 w_vw         1.29000e+01  constant
    16 beta_vw      0.00000e+00  1.00000e-03     no limits
    17 LM          -7.06631e-04  constant
    18 zeta_y       0.00000e+00  constant
    19 zeta_vw      0.00000e+00  constant
    20 T_CBO        1.00000e+02  1.00000e+00    0.00000e+00  1.00000e+03
    21 alpha_A0     0.00000e+00  1.00000e-03     no limits
    22 beta_A0      0.00000e+00  1.00000e-03     no limits
    23 alpha_phi    0.00000e+00  1.00000e-03     no limits
    24 beta_phi     0.00000e+00  1.00000e-03     no limits
MINUIT - FIT ONLY WIGGLE
 **********
 **    3 **FIX            5
 **********
 PARAMETER    5  IS CONSTANT.   IGNORED.
 **********
 **    4 **FIX            6
 **********
 **********
 **    5 **FIX            7
 **********
 PARAMETER    7  IS CONSTANT.   IGNORED.
 **********
 **    6 **FIX            8
 **********
 **********
 **    7 **FIX            9
 **********
 **********
 **    8 **FIX           10
 **********
 **********
 **    9 **FIX           11
 **********
 **********
 **   10 **FIX           12
 **********
 PARAMETER   12  IS CONSTANT.   IGNORED.
 **********
 **   11 **FIX           13
 **********
 **********
 **   12 **FIX           14
 **********
 **********
 **   13 **FIX           15
 **********
 PARAMETER   15  IS CONSTANT.   IGNORED.
 **********
 **   14 **FIX           16
 **********
 **********
 **   15 **MIGRAD
 **********
 FIRST CALL TO USER FUNCTION AT NEW START POINT, WITH IFLAG=4.
 START MIGRAD MINIMIZATION.  STRATEGY  1.  CONVERGENCE WHEN EDM .LT. 1.00e-04
 FCN=1789.24 FROM MIGRAD    STATUS=INITIATE      429 CALLS         430 TOTAL
                     EDM= unknown      STRATEGY= 1      NO ERROR MATRIX       
  EXT PARAMETER               CURRENT GUESS       STEP         FIRST   
  NO.   NAME      VALUE            ERROR          SIZE      DERIVATIVE 
   1  N0           3.41556e+06   1.00000e+02   0.00000e+00  -6.79407e-02
   2  tau          6.43834e+01   constant   
   3  A0           3.61902e-01   1.00000e-04   0.00000e+00  -2.91819e+05
   4  phi          4.12125e+00   1.00000e-02   0.00000e+00   8.86003e+04
   5  R           -6.07281e+01   constant   
   6  alpha_CBO    0.00000e+00     fixed    
   7  w_CBO        2.32500e+00   constant   
   8  beta_CBO     0.00000e+00     fixed    
   9  alpha_2CBO   0.00000e+00     fixed    
  10  beta_2CBO    0.00000e+00     fixed    
  11  alpha_y      0.00000e+00     fixed    
  12  w_y          1.44500e+01   constant   
  13  beta_y       0.00000e+00     fixed    
  14  alpha_vw     0.00000e+00     fixed    
  15  w_vw         1.29000e+01   constant   
  16  beta_vw      0.00000e+00     fixed    
  17  LM          -7.06631e-04   constant   
  18  zeta_y       0.00000e+00   constant   
  19  zeta_vw      0.00000e+00   constant   
  20  T_CBO        1.00000e+02   1.00000e+00   0.00000e+00   0.00000e+00
  21  alpha_A0     0.00000e+00   1.00000e-03   0.00000e+00   5.62589e+04
  22  beta_A0      0.00000e+00   1.00000e-03   0.00000e+00  -2.60800e+04
  23  alpha_phi    0.00000e+00   1.00000e-03   0.00000e+00   4.06993e+03
  24  beta_phi     0.00000e+00   1.00000e-03   0.00000e+00  -4.55590e+02
 MIGRAD MINIMIZATION HAS CONVERGED.
 FCN=108.999 FROM MIGRAD    STATUS=CONVERGED    1276 CALLS        1277 TOTAL
                     EDM=5.03784e-06    STRATEGY= 1  ERROR MATRIX UNCERTAINTY   2.9 per cent
  EXT PARAMETER                                   STEP         FIRST   
  NO.   NAME      VALUE            ERROR          SIZE      DERIVATIVE 
   1  N0           3.40764e+06   1.03579e+03   2.24333e+00   1.71607e-06
   2  tau          6.43834e+01   constant   
   3  A0           3.85706e-01   3.30888e-03   9.74666e-06   1.22320e+01
   4  phi          4.10066e+00   1.22240e-03   3.57777e-06  -2.64716e+00
   5  R           -6.07281e+01   constant   
   6  alpha_CBO    0.00000e+00     fixed    
   7  w_CBO        2.32500e+00   constant   
   8  beta_CBO     0.00000e+00     fixed    
   9  alpha_2CBO   0.00000e+00     fixed    
  10  beta_2CBO    0.00000e+00     fixed    
  11  alpha_y      0.00000e+00     fixed    
  12  w_y          1.44500e+01   constant   
  13  beta_y       0.00000e+00     fixed    
  14  alpha_vw     0.00000e+00     fixed    
  15  w_vw         1.29000e+01   constant   
  16  beta_vw      0.00000e+00     fixed    
  17  LM          -7.06631e-04   constant   
  18  zeta_y       0.00000e+00   constant   
  19  zeta_vw      0.00000e+00   constant   
  20  T_CBO        2.18214e+01   3.84882e-01  -9.95417e-06  -1.98600e+00
  21  alpha_A0     4.59744e-01   9.42846e-02   3.09863e-04  -8.06015e-01
  22  beta_A0      1.62227e-01   3.58871e-02   1.39547e-04   4.18016e+00
  23  alpha_phi    1.65462e-01   2.77826e-02   7.60444e-05   3.50183e+00
  24  beta_phi    -5.00226e-01   9.10616e-02  -3.13760e-04   2.33697e+00
 EXTERNAL ERROR MATRIX.    NDIM=  25    NPAR=  8    ERR DEF=1
  1.073e+06  1.441e+00  1.157e+00 -1.351e+02  4.310e+01  1.974e+01  1.140e+01 -4.547e+01 
  1.441e+00  1.095e-05  1.949e-06 -9.187e-04  3.086e-04  1.155e-04  9.145e-05 -2.987e-04 
  1.157e+00  1.949e-06  1.494e-06 -1.865e-04  5.825e-05  2.606e-05  1.571e-05 -6.042e-05 
 -1.351e+02 -9.187e-04 -1.865e-04  1.481e-01 -2.932e-02 -1.118e-02 -8.129e-03  2.753e-02 
  4.310e+01  3.086e-04  5.825e-05 -2.932e-02  8.890e-03  3.343e-03  2.601e-03 -8.559e-03 
  1.974e+01  1.155e-04  2.606e-05 -1.118e-02  3.343e-03  1.288e-03  9.648e-04 -3.249e-03 
  1.140e+01  9.145e-05  1.571e-05 -8.129e-03  2.601e-03  9.648e-04  7.719e-04 -2.500e-03 
 -4.547e+01 -2.987e-04 -6.042e-05  2.753e-02 -8.559e-03 -3.249e-03 -2.500e-03  8.292e-03 
 PARAMETER  CORRELATION COEFFICIENTS  
       NO.  GLOBAL      1      3      4     20     21     22     23     24
        1  0.93899   1.000  0.421  0.914 -0.339  0.441  0.531  0.396 -0.482
        3  0.99977   0.421  1.000  0.482 -0.721  0.989  0.973  0.995 -0.991
        4  0.95365   0.914  0.482  1.000 -0.396  0.505  0.594  0.462 -0.543
       20  0.98018  -0.339 -0.721 -0.396  1.000 -0.808 -0.810 -0.760  0.785
       21  0.99966   0.441  0.989  0.505 -0.808  1.000  0.988  0.993 -0.997
       22  0.99972   0.531  0.973  0.594 -0.810  0.988  1.000  0.968 -0.994
       23  0.99957   0.396  0.995  0.462 -0.760  0.993  0.968  1.000 -0.988
       24  0.99993  -0.482 -0.991 -0.543  0.785 -0.997 -0.994 -0.988  1.000
MINUIT - FIT ONLY 1-CBO + wiggle
 **********
 **   16 **RES 
 **********
                   PARAMETER   16  beta_vw RESTORED TO VARIABLE.
                   PARAMETER   14  alpha_vw RESTORED TO VARIABLE.
                   PARAMETER   13  beta_y RESTORED TO VARIABLE.
                   PARAMETER   11  alpha_y RESTORED TO VARIABLE.
                   PARAMETER   10  beta_2CBO RESTORED TO VARIABLE.
                   PARAMETER    9  alpha_2CBO RESTORED TO VARIABLE.
                   PARAMETER    8  beta_CBO RESTORED TO VARIABLE.
                   PARAMETER    6  alpha_CBO RESTORED TO VARIABLE.
 **********
 **   17 **FIX            8
 **********
 **********
 **   18 **FIX            9
 **********
 **********
 **   19 **FIX           11
 **********
 **********
 **   20 **FIX           12
 **********
 PARAMETER   12  IS CONSTANT.   IGNORED.
 **********
 **   21 **FIX           14
 **********
 **********
 **   22 **FIX           15
 **********
 PARAMETER   15  IS CONSTANT.   IGNORED.
 **********
 **   23 **FIX           16
 **********
 **********
 **   24 **MIGRAD
 **********
 START MIGRAD MINIMIZATION.  STRATEGY  1.  CONVERGENCE WHEN EDM .LT. 1.00e-04
 FCN=108.999 FROM MIGRAD    STATUS=INITIATE       28 CALLS        1305 TOTAL
                     EDM= unknown      STRATEGY= 1      NO ERROR MATRIX       
  EXT PARAMETER               CURRENT GUESS       STEP         FIRST   
  NO.   NAME      VALUE            ERROR          SIZE      DERIVATIVE 
   1  N0           3.40764e+06   1.03579e+03   2.24333e+00   1.71607e-06
   2  tau          6.43834e+01   constant   
   3  A0           3.85706e-01   3.30888e-03   9.74666e-06   1.22320e+01
   4  phi          4.10066e+00   1.22240e-03   3.57777e-06  -2.64716e+00
   5  R           -6.07281e+01   constant   
   6  alpha_CBO    0.00000e+00   1.00000e-03   1.00000e-03  -1.47787e+02
   7  w_CBO        2.32500e+00   constant   
   8  beta_CBO     0.00000e+00     fixed    
   9  alpha_2CBO   0.00000e+00     fixed    
  10  beta_2CBO    0.00000e+00   1.00000e-03   1.00000e-03   4.10565e+03
  11  alpha_y      0.00000e+00     fixed    
  12  w_y          1.44500e+01   constant   
  13  beta_y       0.00000e+00   1.00000e-03   1.00000e-03  -1.19154e+05
  14  alpha_vw     0.00000e+00     fixed    
  15  w_vw         1.29000e+01   constant   
  16  beta_vw      0.00000e+00     fixed    
  17  LM          -7.06631e-04   constant   
  18  zeta_y       0.00000e+00   constant   
  19  zeta_vw      0.00000e+00   constant   
  20  T_CBO        2.18214e+01   3.84882e-01  -9.95417e-06  -1.98599e+00
  21  alpha_A0     4.59744e-01   9.42846e-02   3.09863e-04  -8.06015e-01
  22  beta_A0      1.62227e-01   3.58871e-02   1.39547e-04   4.18016e+00
  23  alpha_phi    1.65462e-01   2.77826e-02   7.60444e-05   3.50183e+00
  24  beta_phi    -5.00226e-01   9.10616e-02  -3.13760e-04   2.33697e+00
 MIGRAD MINIMIZATION HAS CONVERGED.
 MIGRAD WILL VERIFY CONVERGENCE AND ERROR MATRIX.
 FCN=4.88568 FROM HESSE     STATUS=NOT POSDEF    100 CALLS        2270 TOTAL
                     EDM=0.000397772    STRATEGY= 1      ERR MATRIX NOT POS-DEF
  EXT PARAMETER                APPROXIMATE        STEP         FIRST   
  NO.   NAME      VALUE            ERROR          SIZE      DERIVATIVE 
   1  N0           3.44419e+06   4.23781e+03   1.64232e+00   2.12818e-06
   2  tau          6.43834e+01   constant   
   3  A0           3.86510e-01   2.13144e-03   1.88782e-07  -1.28538e+01
   4  phi          4.08060e+00   3.47597e-03   1.94578e-06   8.74954e-01
   5  R           -6.07281e+01   constant   
   6  alpha_CBO    3.98973e-03   1.67086e-03   1.96657e-07   4.72121e+00
   7  w_CBO        2.32500e+00   constant   
   8  beta_CBO     0.00000e+00     fixed    
   9  alpha_2CBO   0.00000e+00     fixed    
  10  beta_2CBO   -1.70137e-03   6.19200e-04   2.00022e-07   2.39315e+00
  11  alpha_y      0.00000e+00     fixed    
  12  w_y          1.44500e+01   constant   
  13  beta_y       1.63654e-03   1.67286e-04   1.96190e-07   2.33254e+00
  14  alpha_vw     0.00000e+00     fixed    
  15  w_vw         1.29000e+01   constant   
  16  beta_vw      0.00000e+00     fixed    
  17  LM          -7.06631e-04   constant   
  18  zeta_y       0.00000e+00   constant   
  19  zeta_vw      0.00000e+00   constant   
  20  T_CBO        2.27250e+01   7.42888e-01   6.04699e-07  -2.55601e+00
  21  alpha_A0     7.66675e-01   5.29712e-02   5.11880e-06  -1.03780e-01
  22  beta_A0     -1.35316e-01   3.34643e-02   4.62830e-06  -1.91968e-01
  23  alpha_phi   -1.85478e-01   3.63017e-02   4.35969e-06   1.58361e-01
  24  beta_phi    -6.87735e-01   4.53208e-02   6.05969e-06   1.27320e-01
 CALL LIMIT EXCEEDED IN MIGRAD.
 MIGRAD TERMINATED WITHOUT CONVERGENCE.
 FCN=4.42459 FROM MIGRAD    STATUS=CALL LIMIT   1913 CALLS        3190 TOTAL
                     EDM=0.000122991    STRATEGY= 1      ERR MATRIX NOT POS-DEF
  EXT PARAMETER                APPROXIMATE        STEP         FIRST   
  NO.   NAME      VALUE            ERROR          SIZE      DERIVATIVE 
   1  N0           3.40314e+06   4.94777e+04  -4.34435e+02  -6.80617e-06
   2  tau          6.43834e+01   constant   
   3  A0           4.35507e-01   6.83805e-02   6.08023e-04   5.45227e+01
   4  phi          4.06932e+00   2.48265e-02  -2.06248e-04   1.43085e+01
   5  R           -6.07281e+01   constant   
   6  alpha_CBO   -7.13241e-03   1.56507e-02  -1.25503e-04   3.13263e+01
   7  w_CBO        2.32500e+00   constant   
   8  beta_CBO     0.00000e+00     fixed    
   9  alpha_2CBO   0.00000e+00     fixed    
  10  beta_2CBO   -4.76308e-03   5.32137e-03  -5.04056e-05   1.32040e+01
  11  alpha_y      0.00000e+00     fixed    
  12  w_y          1.44500e+01   constant   
  13  beta_y       1.60813e-03   1.69302e-04  -9.85809e-08   1.77851e+01
  14  alpha_vw     0.00000e+00     fixed    
  15  w_vw         1.29000e+01   constant   
  16  beta_vw      0.00000e+00     fixed    
  17  LM          -7.06631e-04   constant   
  18  zeta_y       0.00000e+00   constant   
  19  zeta_vw      0.00000e+00   constant   
  20  T_CBO        2.17664e+01   1.99001e+00  -1.23856e-04  -5.57576e+01
  21  alpha_A0     1.37461e+00   9.75106e-01   8.81429e-03  -1.28741e+00
  22  beta_A0      2.16734e-01   3.47156e-01   3.09281e-03  -1.21560e-01
  23  alpha_phi    3.39162e-01   6.35785e-01   5.67638e-03  -2.50673e+00
  24  beta_phi    -1.34158e+00   1.01402e+00  -8.97905e-03   1.05849e+00
 EXTERNAL ERROR MATRIX.    NDIM=  25    NPAR= 11    ERR DEF=1
  2.448e+09 
 -3.305e+03  4.676e-03 
  1.163e+03 -1.662e-03  6.164e-04 
  7.595e+02 -1.034e-03  3.773e-04  2.449e-04 
  2.435e+02 -3.546e-04  1.236e-04  7.384e-05  2.832e-05 
  1.359e+00 -2.165e-06  6.819e-07  3.867e-07  1.851e-07  2.866e-08 
  9.493e+04 -1.358e-01  4.858e-02  2.983e-02  1.035e-02  6.412e-05  3.960e+00 
 -4.529e+04  6.597e-02 -2.334e-02 -1.405e-02 -5.150e-03 -3.352e-05 -1.928e+00  9.508e-01 
 -1.700e+04  2.338e-02 -8.066e-03 -5.191e-03 -1.767e-03 -1.097e-05 -6.732e-01  3.262e-01  1.205e-01 
 -3.133e+04  4.306e-02 -1.510e-02 -9.697e-03 -3.222e-03 -1.909e-05 -1.242e+00  5.980e-01  2.200e-01  4.042e-01 
  4.794e+04 -6.910e-02  2.465e-02  1.504e-02  5.297e-03  3.351e-05  2.016e+00 -9.855e-01 -3.418e-01 -6.293e-01  1.028e+00 
ERR MATRIX NOT POS-DEF
 PARAMETER  CORRELATION COEFFICIENTS  
       NO.  GLOBAL      1      3      4      6     10     13     20     21     22     23     24
        1  0.99998   1.000 -0.977  0.946  0.981  0.925  0.162  0.964 -0.939 -0.990 -0.996  0.956
        3  1.00000  -0.977  1.000 -0.979 -0.966 -0.974 -0.187 -0.998  0.989  0.985  0.991 -0.997
        4  0.99995   0.946 -0.979  1.000  0.971  0.935  0.162  0.983 -0.964 -0.936 -0.957  0.979
        6  0.99998   0.981 -0.966  0.971  1.000  0.887  0.146  0.958 -0.921 -0.955 -0.975  0.948
       10  0.99952   0.925 -0.974  0.935  0.887  1.000  0.205  0.978 -0.992 -0.957 -0.952  0.982
       13  0.28619   0.162 -0.187  0.162  0.146  0.205  1.000  0.190 -0.203 -0.187 -0.177  0.195
       20  0.99996   0.964 -0.998  0.983  0.958  0.978  0.190  1.000 -0.994 -0.974 -0.981  0.999
       21  1.00000  -0.939  0.989 -0.964 -0.921 -0.992 -0.203 -0.994  1.000  0.964  0.965 -0.997
       22  0.99995  -0.990  0.985 -0.936 -0.955 -0.957 -0.187 -0.974  0.964  1.000  0.997 -0.971
       23  1.00000  -0.996  0.991 -0.957 -0.975 -0.952 -0.177 -0.981  0.965  0.997  1.000 -0.976
       24  0.99999   0.956 -0.997  0.979  0.948  0.982  0.195  0.999 -0.997 -0.971 -0.976  1.000
 ERR MATRIX NOT POS-DEF
MINUIT - FIT ONLY 2-CBO
 **********
 **   25 **RES 
 **********
                   PARAMETER   16  beta_vw RESTORED TO VARIABLE.
                   PARAMETER   14  alpha_vw RESTORED TO VARIABLE.
                   PARAMETER   11  alpha_y RESTORED TO VARIABLE.
                   PARAMETER    9  alpha_2CBO RESTORED TO VARIABLE.
                   PARAMETER    8  beta_CBO RESTORED TO VARIABLE.
 **********
 **   26 **FIX            0
 **********
 PARAMETER    0  IS UNDEFINED. IGNORED.
 **********
 **   27 **FIX            1
 **********
 **********
 **   28 **FIX            2
 **********
 PARAMETER    2  IS CONSTANT.   IGNORED.
 **********
 **   29 **FIX            3
 **********
 **********
 **   30 **FIX            4
 **********
 **********
 **   31 **FIX            5
 **********
 PARAMETER    5  IS CONSTANT.   IGNORED.
 **********
 **   32 **FIX            6
 **********
 **********
 **   33 **FIX            7
 **********
 PARAMETER    7  IS CONSTANT.   IGNORED.
 **********
 **   34 **FIX           10
 **********
 **********
 **   35 **FIX           11
 **********
 **********
 **   36 **FIX           12
 **********
 PARAMETER   12  IS CONSTANT.   IGNORED.
 **********
 **   37 **FIX           13
 **********
 **********
 **   38 **FIX           14
 **********
 **********
 **   39 **FIX           15
 **********
 PARAMETER   15  IS CONSTANT.   IGNORED.
 **********
 **   40 **FIX           16
 **********
 **********
 **   41 **MIGRAD
 **********
 START MIGRAD MINIMIZATION.  STRATEGY  1.  CONVERGENCE WHEN EDM .LT. 1.00e-04
 FCN=4.42459 FROM MIGRAD    STATUS=INITIATE       18 CALLS        3208 TOTAL
                     EDM= unknown      STRATEGY= 1      NO ERROR MATRIX       
  EXT PARAMETER               CURRENT GUESS       STEP         FIRST   
  NO.   NAME      VALUE            ERROR          SIZE      DERIVATIVE 
   1  N0           3.40314e+06     fixed    
   2  tau          6.43834e+01   constant   
   3  A0           4.35507e-01     fixed    
   4  phi          4.06932e+00     fixed    
   5  R           -6.07281e+01   constant   
   6  alpha_CBO   -7.13241e-03     fixed    
   7  w_CBO        2.32500e+00   constant   
   8  beta_CBO     0.00000e+00   1.00000e-03   1.00000e-03   1.01602e+01
   9  alpha_2CBO   0.00000e+00   1.00000e-03   1.00000e-03  -1.53305e+01
  10  beta_2CBO   -4.76308e-03     fixed    
  11  alpha_y      0.00000e+00     fixed    
  12  w_y          1.44500e+01   constant   
  13  beta_y       1.60813e-03     fixed    
  14  alpha_vw     0.00000e+00     fixed    
  15  w_vw         1.29000e+01   constant   
  16  beta_vw      0.00000e+00     fixed    
  17  LM          -7.06631e-04   constant   
  18  zeta_y       0.00000e+00   constant   
  19  zeta_vw      0.00000e+00   constant   
  20  T_CBO        2.17664e+01   1.99001e+00  -1.23856e-04  -5.57576e+01
  21  alpha_A0     1.37461e+00   9.75106e-01   8.81429e-03  -1.28741e+00
  22  beta_A0      2.16734e-01   3.47156e-01   3.09281e-03  -1.21563e-01
  23  alpha_phi    3.39162e-01   6.35785e-01   5.67638e-03  -2.50673e+00
  24  beta_phi    -1.34158e+00   1.01402e+00  -8.97905e-03   1.05849e+00
 MIGRAD MINIMIZATION HAS CONVERGED.
 MIGRAD WILL VERIFY CONVERGENCE AND ERROR MATRIX.
 FCN=4.42455 FROM MIGRAD    STATUS=CONVERGED     116 CALLS        3306 TOTAL
                     EDM=1.46688e-05    STRATEGY= 1      ERR MATRIX NOT POS-DEF
  EXT PARAMETER                APPROXIMATE        STEP         FIRST   
  NO.   NAME      VALUE            ERROR          SIZE      DERIVATIVE 
   1  N0           3.40314e+06     fixed    
   2  tau          6.43834e+01   constant   
   3  A0           4.35507e-01     fixed    
   4  phi          4.06932e+00     fixed    
   5  R           -6.07281e+01   constant   
   6  alpha_CBO   -7.13241e-03     fixed    
   7  w_CBO        2.32500e+00   constant   
   8  beta_CBO     2.47040e-07   6.35755e-04   1.82840e-07   1.80777e+00
   9  alpha_2CBO  -8.39289e-07   4.30287e-04   1.80037e-07   2.86775e+00
  10  beta_2CBO   -4.76308e-03     fixed    
  11  alpha_y      0.00000e+00     fixed    
  12  w_y          1.44500e+01   constant   
  13  beta_y       1.60813e-03     fixed    
  14  alpha_vw     0.00000e+00     fixed    
  15  w_vw         1.29000e+01   constant   
  16  beta_vw      0.00000e+00     fixed    
  17  LM          -7.06631e-04   constant   
  18  zeta_y       0.00000e+00   constant   
  19  zeta_vw      0.00000e+00   constant   
  20  T_CBO        2.17665e+01   3.42076e-01   6.07799e-07  -3.16000e-01
  21  alpha_A0     1.37460e+00   4.48767e-02   4.45020e-06  -1.13464e-01
  22  beta_A0      2.16734e-01   1.57524e-02   4.05028e-06   2.10969e-01
  23  alpha_phi    3.39187e-01   1.43764e-02   4.27853e-06   1.38684e-02
  24  beta_phi    -1.34161e+00   4.40200e-02   5.91688e-06  -4.44729e-02
 EXTERNAL ERROR MATRIX.    NDIM=  25    NPAR=  7    ERR DEF=1
  4.042e-07  2.126e-07  3.667e-05 -2.737e-06  8.475e-06 -5.664e-06 -7.052e-07 
  2.126e-07  1.851e-07  1.091e-05 -9.660e-08  5.203e-06 -3.786e-06 -5.019e-07 
  3.667e-05  1.091e-05  1.170e-01 -1.524e-02 -1.670e-03 -3.826e-03  1.461e-02 
 -2.737e-06 -9.660e-08 -1.524e-02  2.014e-03  2.662e-04  4.668e-04 -1.931e-03 
  8.475e-06  5.203e-06 -1.670e-03  2.662e-04  2.481e-04 -5.724e-05 -3.275e-04 
 -5.664e-06 -3.786e-06 -3.826e-03  4.668e-04 -5.724e-05  2.067e-04 -4.305e-04 
 -7.052e-07 -5.019e-07  1.461e-02 -1.931e-03 -3.275e-04 -4.305e-04  1.938e-03 
ERR MATRIX NOT POS-DEF
 PARAMETER  CORRELATION COEFFICIENTS  
       NO.  GLOBAL      8      9     20     21     22     23     24
        8  0.96758   1.000  0.777  0.169 -0.096  0.846 -0.620 -0.025
        9  0.93004   0.777  1.000  0.074 -0.005  0.768 -0.612 -0.026
       20  0.99752   0.169  0.074  1.000 -0.993 -0.310 -0.778  0.970
       21  0.99620  -0.096 -0.005 -0.993  1.000  0.377  0.724 -0.977
       22  0.97417   0.846  0.768 -0.310  0.377  1.000 -0.253 -0.472
       23  0.96524  -0.620 -0.612 -0.778  0.724 -0.253  1.000 -0.680
       24  0.99301  -0.025 -0.026  0.970 -0.977 -0.472 -0.680  1.000
 ERR MATRIX NOT POS-DEF
MINUIT - FIT wiggle + 1-CBO + 2-CBO
 **********
 **   42 **RES 
 **********
                   PARAMETER   16  beta_vw RESTORED TO VARIABLE.
                   PARAMETER   14  alpha_vw RESTORED TO VARIABLE.
                   PARAMETER   13  beta_y RESTORED TO VARIABLE.
                   PARAMETER   11  alpha_y RESTORED TO VARIABLE.
                   PARAMETER   10  beta_2CBO RESTORED TO VARIABLE.
                   PARAMETER    6  alpha_CBO RESTORED TO VARIABLE.
                   PARAMETER    4  phi RESTORED TO VARIABLE.
                   PARAMETER    3  A0 RESTORED TO VARIABLE.
                   PARAMETER    1  N0 RESTORED TO VARIABLE.
 **********
 **   43 **FIX           10
 **********
 **********
 **   44 **FIX           11
 **********
 **********
 **   45 **FIX           12
 **********
 PARAMETER   12  IS CONSTANT.   IGNORED.
 **********
 **   46 **FIX           13
 **********
 **********
 **   47 **FIX           14
 **********
 **********
 **   48 **FIX           15
 **********
 PARAMETER   15  IS CONSTANT.   IGNORED.
 **********
 **   49 **FIX           16
 **********
 **********
 **   50 **MIGRAD
 **********
 START MIGRAD MINIMIZATION.  STRATEGY  1.  CONVERGENCE WHEN EDM .LT. 1.00e-04
 FCN=4.42455 FROM MIGRAD    STATUS=INITIATE       22 CALLS        3328 TOTAL
                     EDM= unknown      STRATEGY= 1      NO ERROR MATRIX       
  EXT PARAMETER               CURRENT GUESS       STEP         FIRST   
  NO.   NAME      VALUE            ERROR          SIZE      DERIVATIVE 
   1  N0           3.40314e+06   4.94777e+04   4.94777e+04   2.04176e-06
   2  tau          6.43834e+01   constant   
   3  A0           4.35507e-01   6.83805e-02   6.83805e-02   2.97208e-01
   4  phi          4.06932e+00   2.48265e-02   2.48265e-02   1.59085e+00
   5  R           -6.07281e+01   constant   
   6  alpha_CBO   -7.13241e-03   1.56507e-02   1.56507e-02  -3.94112e+00
   7  w_CBO        2.32500e+00   constant   
   8  beta_CBO     2.47040e-07   6.35755e-04   1.82840e-07   1.80777e+00
   9  alpha_2CBO  -8.39289e-07   4.30287e-04   1.80037e-07   2.86776e+00
  10  beta_2CBO   -4.76308e-03     fixed    
  11  alpha_y      0.00000e+00     fixed    
  12  w_y          1.44500e+01   constant   
  13  beta_y       1.60813e-03     fixed    
  14  alpha_vw     0.00000e+00     fixed    
  15  w_vw         1.29000e+01   constant   
  16  beta_vw      0.00000e+00     fixed    
  17  LM          -7.06631e-04   constant   
  18  zeta_y       0.00000e+00   constant   
  19  zeta_vw      0.00000e+00   constant   
  20  T_CBO        2.17665e+01   3.42076e-01   6.07799e-07  -3.15927e-01
  21  alpha_A0     1.37460e+00   4.48767e-02   4.45020e-06  -1.13470e-01
  22  beta_A0      2.16734e-01   1.57524e-02   4.05028e-06   2.10968e-01
  23  alpha_phi    3.39187e-01   1.43764e-02   4.27853e-06   1.38682e-02
  24  beta_phi    -1.34161e+00   4.40200e-02   5.91688e-06  -4.44729e-02
 MIGRAD MINIMIZATION HAS CONVERGED.
 MIGRAD WILL VERIFY CONVERGENCE AND ERROR MATRIX.
 FCN=4.42454 FROM MIGRAD    STATUS=CONVERGED     171 CALLS        3477 TOTAL
                     EDM=4.52052e-05    STRATEGY= 1      ERR MATRIX NOT POS-DEF
  EXT PARAMETER                APPROXIMATE        STEP         FIRST   
  NO.   NAME      VALUE            ERROR          SIZE      DERIVATIVE 
   1  N0           3.40314e+06   4.27145e+03   1.62274e+00  -9.76934e-07
   2  tau          6.43834e+01   constant   
   3  A0           4.35507e-01   2.29071e-03   2.07666e-07  -2.07275e+00
   4  phi          4.06932e+00   4.10834e-03   1.94040e-06  -1.11962e-01
   5  R           -6.07281e+01   constant   
   6  alpha_CBO   -7.13186e-03   1.28843e-03   1.88310e-07  -2.50884e+00
   7  w_CBO        2.32500e+00   constant   
   8  beta_CBO     7.62258e-09   1.51473e-03   1.82840e-07  -8.99515e+00
   9  alpha_2CBO  -1.18370e-06   4.93718e-04   1.80037e-07   1.52416e+00
  10  beta_2CBO   -4.76308e-03     fixed    
  11  alpha_y      0.00000e+00     fixed    
  12  w_y          1.44500e+01   constant   
  13  beta_y       1.60813e-03     fixed    
  14  alpha_vw     0.00000e+00     fixed    
  15  w_vw         1.29000e+01   constant   
  16  beta_vw      0.00000e+00     fixed    
  17  LM          -7.06631e-04   constant   
  18  zeta_y       0.00000e+00   constant   
  19  zeta_vw      0.00000e+00   constant   
  20  T_CBO        2.17665e+01   2.95336e-01   6.07798e-07   4.14244e+00
  21  alpha_A0     1.37461e+00   3.96257e-02   4.45019e-06   2.14925e-01
  22  beta_A0      2.16722e-01   3.77574e-02   4.05024e-06   3.29902e-01
  23  alpha_phi    3.39190e-01   3.66169e-02   4.27852e-06  -1.49564e-01
  24  beta_phi    -1.34160e+00   4.19198e-02   5.91687e-06   4.81076e-02
 EXTERNAL ERROR MATRIX.    NDIM=  25    NPAR= 11    ERR DEF=1
  1.825e+07 
 -4.432e-01  5.247e-06 
  5.624e+00 -9.795e-07  1.688e-05 
  1.414e+00 -1.894e-06  2.188e-06  1.660e-06 
 -3.510e+00 -8.245e-07 -3.396e-06  5.269e-07  2.294e-06 
 -5.179e-01 -1.101e-07  2.370e-07  2.156e-07  4.236e-07  2.438e-07 
  1.641e+02  2.071e-04  4.454e-05  9.336e-06  1.878e-05  1.533e-05  8.722e-02 
  4.916e+01  1.427e-05  4.579e-06  8.718e-06 -1.636e-06  8.466e-07 -7.116e-03  1.570e-03 
 -9.141e+01 -8.685e-07  5.626e-05  1.648e-05  2.609e-05  1.302e-05 -3.971e-04  7.871e-05  1.426e-03 
 -8.123e+01  2.668e-05  6.446e-05 -1.569e-05 -1.821e-05 -1.691e-06 -2.802e-03 -6.484e-05  6.567e-04  1.341e-03 
 -2.920e+01 -3.727e-05  4.310e-05  7.029e-06 -5.303e-06  1.756e-07  6.268e-03 -1.509e-03  3.488e-05  1.007e-04  1.757e-03 
ERR MATRIX NOT POS-DEF
 PARAMETER  CORRELATION COEFFICIENTS  
       NO.  GLOBAL      1      3      4      6      8      9     20     21     22     23     24
        1  0.99577   1.000 -0.045  0.321  0.257 -0.543 -0.246  0.130  0.290 -0.567 -0.519 -0.163
        3  0.99704  -0.045  1.000 -0.104 -0.642 -0.238 -0.097  0.306  0.157 -0.010  0.318 -0.388
        4  0.99680   0.321 -0.104  1.000  0.413 -0.546  0.117  0.037  0.028  0.363  0.428  0.250
        6  0.99174   0.257 -0.642  0.413  1.000  0.270  0.339  0.025  0.171  0.339 -0.333  0.130
        8  0.99437  -0.543 -0.238 -0.546  0.270  1.000  0.566  0.042 -0.027  0.456 -0.328 -0.084
        9  0.94742  -0.246 -0.097  0.117  0.339  0.566  1.000  0.105  0.043  0.699 -0.094  0.008
       20  0.99668   0.130  0.306  0.037  0.025  0.042  0.105  1.000 -0.608 -0.036 -0.259  0.506
       21  0.99513   0.290  0.157  0.028  0.171 -0.027  0.043 -0.608  1.000  0.053 -0.045 -0.908
       22  0.99556  -0.567 -0.010  0.363  0.339  0.456  0.699 -0.036  0.053  1.000  0.475  0.022
       23  0.99473  -0.519  0.318  0.428 -0.333 -0.328 -0.094 -0.259 -0.045  0.475  1.000  0.066
       24  0.99230  -0.163 -0.388  0.250  0.130 -0.084  0.008  0.506 -0.908  0.022  0.066  1.000
 ERR MATRIX NOT POS-DEF
MINUIT - FIT ONLY 1-y
 **********
 **   51 **RES 
 **********
                   PARAMETER   16  beta_vw RESTORED TO VARIABLE.
                   PARAMETER   14  alpha_vw RESTORED TO VARIABLE.
                   PARAMETER   13  beta_y RESTORED TO VARIABLE.
                   PARAMETER   11  alpha_y RESTORED TO VARIABLE.
                   PARAMETER   10  beta_2CBO RESTORED TO VARIABLE.
 **********
 **   52 **FIX            0
 **********
 PARAMETER    0  IS UNDEFINED. IGNORED.
 **********
 **   53 **FIX            1
 **********
 **********
 **   54 **FIX            2
 **********
 PARAMETER    2  IS CONSTANT.   IGNORED.
 **********
 **   55 **FIX            3
 **********
 **********
 **   56 **FIX            4
 **********
 **********
 **   57 **FIX            5
 **********
 PARAMETER    5  IS CONSTANT.   IGNORED.
 **********
 **   58 **FIX            6
 **********
 **********
 **   59 **FIX            7
 **********
 PARAMETER    7  IS CONSTANT.   IGNORED.
 **********
 **   60 **FIX            8
 **********
 **********
 **   61 **FIX            9
 **********
 **********
 **   62 **FIX           13
 **********
 **********
 **   63 **FIX           14
 **********
 **********
 **   64 **FIX           15
 **********
 PARAMETER   15  IS CONSTANT.   IGNORED.
 **********
 **   65 **FIX           16
 **********
 **********
 **   66 **MIGRAD
 **********
 START MIGRAD MINIMIZATION.  STRATEGY  1.  CONVERGENCE WHEN EDM .LT. 1.00e-04
 FCN=4.42454 FROM MIGRAD    STATUS=INITIATE       16 CALLS        3493 TOTAL
                     EDM= unknown      STRATEGY= 1      NO ERROR MATRIX       
  EXT PARAMETER               CURRENT GUESS       STEP         FIRST   
  NO.   NAME      VALUE            ERROR          SIZE      DERIVATIVE 
   1  N0           3.40314e+06     fixed    
   2  tau          6.43834e+01   constant   
   3  A0           4.35507e-01     fixed    
   4  phi          4.06932e+00     fixed    
   5  R           -6.07281e+01   constant   
   6  alpha_CBO   -7.13186e-03     fixed    
   7  w_CBO        2.32500e+00   constant   
   8  beta_CBO     7.62258e-09     fixed    
   9  alpha_2CBO  -1.18370e-06     fixed    
  10  beta_2CBO   -4.76308e-03   5.32137e-03   5.32137e-03   1.45517e+01
  11  alpha_y      0.00000e+00   1.00000e-03   1.00000e-03  -5.87183e+02
  12  w_y          1.44500e+01   constant   
  13  beta_y       1.60813e-03     fixed    
  14  alpha_vw     0.00000e+00     fixed    
  15  w_vw         1.29000e+01   constant   
  16  beta_vw      0.00000e+00     fixed    
  17  LM          -7.06631e-04   constant   
  18  zeta_y       0.00000e+00   constant   
  19  zeta_vw      0.00000e+00   constant   
  20  T_CBO        2.17665e+01   2.95336e-01   6.07798e-07   4.14250e+00
  21  alpha_A0     1.37461e+00   3.96257e-02   4.45019e-06   2.14923e-01
  22  beta_A0      2.16722e-01   3.77574e-02   4.05024e-06   3.29902e-01
  23  alpha_phi    3.39190e-01   3.66169e-02   4.27852e-06  -1.49564e-01
  24  beta_phi    -1.34160e+00   4.19198e-02   5.91687e-06   4.81081e-02
 MIGRAD MINIMIZATION HAS CONVERGED.
 MIGRAD WILL VERIFY CONVERGENCE AND ERROR MATRIX.
 FCN=4.42218 FROM MIGRAD    STATUS=CONVERGED     129 CALLS        3606 TOTAL
                     EDM=4.3087e-06    STRATEGY= 1      ERR MATRIX NOT POS-DEF
  EXT PARAMETER                APPROXIMATE        STEP         FIRST   
  NO.   NAME      VALUE            ERROR          SIZE      DERIVATIVE 
   1  N0           3.40314e+06     fixed    
   2  tau          6.43834e+01   constant   
   3  A0           4.35507e-01     fixed    
   4  phi          4.06932e+00     fixed    
   5  R           -6.07281e+01   constant   
   6  alpha_CBO   -7.13186e-03     fixed    
   7  w_CBO        2.32500e+00   constant   
   8  beta_CBO     7.62258e-09     fixed    
   9  alpha_2CBO  -1.18370e-06     fixed    
  10  beta_2CBO   -4.76507e-03   2.41089e-04   1.91484e-07  -6.10210e+00
  11  alpha_y      7.98797e-06   1.64378e-04   1.83288e-07   3.92484e-01
  12  w_y          1.44500e+01   constant   
  13  beta_y       1.60813e-03     fixed    
  14  alpha_vw     0.00000e+00     fixed    
  15  w_vw         1.29000e+01   constant   
  16  beta_vw      0.00000e+00     fixed    
  17  LM          -7.06631e-04   constant   
  18  zeta_y       0.00000e+00   constant   
  19  zeta_vw      0.00000e+00   constant   
  20  T_CBO        2.17664e+01   3.56643e-01   6.07799e-07   2.86468e+00
  21  alpha_A0     1.37463e+00   4.69653e-02   4.44927e-06  -3.08575e-02
  22  beta_A0      2.16715e-01   8.56578e-03   4.04943e-06   4.36796e-01
  23  alpha_phi    3.39181e-01   1.14282e-02   4.27763e-06  -4.40945e-01
  24  beta_phi    -1.34154e+00   4.74010e-02   5.91563e-06  -2.03441e-01
 EXTERNAL ERROR MATRIX.    NDIM=  25    NPAR=  7    ERR DEF=1
  5.812e-08 -5.468e-09 -1.001e-05  8.658e-07  5.336e-07  1.897e-07 -2.342e-06 
 -5.468e-09  2.702e-08  8.739e-08  2.232e-08 -2.914e-08 -3.644e-08  2.183e-07 
 -1.001e-05  8.739e-08  1.272e-01 -1.667e-02 -2.713e-03 -3.819e-03  1.672e-02 
  8.658e-07  2.232e-08 -1.667e-02  2.206e-03  3.532e-04  4.966e-04 -2.187e-03 
  5.336e-07 -2.914e-08 -2.713e-03  3.532e-04  7.337e-05  7.950e-05 -3.676e-04 
  1.897e-07 -3.644e-08 -3.819e-03  4.966e-04  7.950e-05  1.306e-04 -4.994e-04 
 -2.342e-06  2.183e-07  1.672e-02 -2.187e-03 -3.676e-04 -4.994e-04  2.247e-03 
ERR MATRIX NOT POS-DEF
 PARAMETER  CORRELATION COEFFICIENTS  
       NO.  GLOBAL     10     11     20     21     22     23     24
       10  0.71631   1.000 -0.138 -0.116  0.076  0.258  0.069 -0.205
       11  0.20086  -0.138  1.000  0.001  0.003 -0.021 -0.019  0.028
       20  0.99772  -0.116  0.001  1.000 -0.995 -0.888 -0.937  0.989
       21  0.99653   0.076  0.003 -0.995  1.000  0.878  0.925 -0.982
       22  0.90967   0.258 -0.021 -0.888  0.878  1.000  0.812 -0.905
       23  0.94438   0.069 -0.019 -0.937  0.925  0.812  1.000 -0.922
       24  0.99397  -0.205  0.028  0.989 -0.982 -0.905 -0.922  1.000
 ERR MATRIX NOT POS-DEF
MINUIT - FIT ONLY 2-y
 **********
 **   67 **RES 
 **********
                   PARAMETER   16  beta_vw RESTORED TO VARIABLE.
                   PARAMETER   14  alpha_vw RESTORED TO VARIABLE.
                   PARAMETER   13  beta_y RESTORED TO VARIABLE.
                   PARAMETER    9  alpha_2CBO RESTORED TO VARIABLE.
                   PARAMETER    8  beta_CBO RESTORED TO VARIABLE.
                   PARAMETER    6  alpha_CBO RESTORED TO VARIABLE.
                   PARAMETER    4  phi RESTORED TO VARIABLE.
                   PARAMETER    3  A0 RESTORED TO VARIABLE.
                   PARAMETER    1  N0 RESTORED TO VARIABLE.
 **********
 **   68 **FIX            0
 **********
 PARAMETER    0  IS UNDEFINED. IGNORED.
 **********
 **   69 **FIX            1
 **********
 **********
 **   70 **FIX            2
 **********
 PARAMETER    2  IS CONSTANT.   IGNORED.
 **********
 **   71 **FIX            3
 **********
 **********
 **   72 **FIX            4
 **********
 **********
 **   73 **FIX            5
 **********
 PARAMETER    5  IS CONSTANT.   IGNORED.
 **********
 **   74 **FIX            6
 **********
 **********
 **   75 **FIX            7
 **********
 PARAMETER    7  IS CONSTANT.   IGNORED.
 **********
 **   76 **FIX            8
 **********
 **********
 **   77 **FIX            9
 **********
 **********
 **   78 **FIX           10
 **********
 **********
 **   79 **FIX           11
 **********
 **********
 **   80 **FIX           12
 **********
 PARAMETER   12  IS CONSTANT.   IGNORED.
 **********
 **   81 **FIX           16
 **********
 **********
 **   82 **MIGRAD
 **********
 START MIGRAD MINIMIZATION.  STRATEGY  1.  CONVERGENCE WHEN EDM .LT. 1.00e-04
 FCN=4.42218 FROM MIGRAD    STATUS=INITIATE       16 CALLS        3622 TOTAL
                     EDM= unknown      STRATEGY= 1      NO ERROR MATRIX       
  EXT PARAMETER               CURRENT GUESS       STEP         FIRST   
  NO.   NAME      VALUE            ERROR          SIZE      DERIVATIVE 
   1  N0           3.40314e+06     fixed    
   2  tau          6.43834e+01   constant   
   3  A0           4.35507e-01     fixed    
   4  phi          4.06932e+00     fixed    
   5  R           -6.07281e+01   constant   
   6  alpha_CBO   -7.13186e-03     fixed    
   7  w_CBO        2.32500e+00   constant   
   8  beta_CBO     7.62258e-09     fixed    
   9  alpha_2CBO  -1.18370e-06     fixed    
  10  beta_2CBO   -4.76507e-03     fixed    
  11  alpha_y      7.98797e-06     fixed    
  12  w_y          1.44500e+01   constant   
  13  beta_y       1.60813e-03   1.69302e-04   1.69302e-04   5.45649e+01
  14  alpha_vw     0.00000e+00   1.00000e-03   1.00000e-03   1.20743e+04
  15  w_vw         1.29000e+01   constant   
  16  beta_vw      0.00000e+00     fixed    
  17  LM          -7.06631e-04   constant   
  18  zeta_y       0.00000e+00   constant   
  19  zeta_vw      0.00000e+00   constant   
  20  T_CBO        2.17664e+01   3.56643e-01   6.07799e-07   2.86474e+00
  21  alpha_A0     1.37463e+00   4.69653e-02   4.44927e-06  -3.08496e-02
  22  beta_A0      2.16715e-01   8.56578e-03   4.04943e-06   4.36784e-01
  23  alpha_phi    3.39181e-01   1.14282e-02   4.27763e-06  -4.40946e-01
  24  beta_phi    -1.34154e+00   4.74010e-02   5.91563e-06  -2.03443e-01
 MIGRAD MINIMIZATION HAS CONVERGED.
 MIGRAD WILL VERIFY CONVERGENCE AND ERROR MATRIX.
 COVARIANCE MATRIX CALCULATED SUCCESSFULLY
 FCN=3.2066 FROM HESSE     STATUS=OK             50 CALLS        3735 TOTAL
                     EDM=0.0854659    STRATEGY= 1      ERROR MATRIX ACCURATE 
  EXT PARAMETER                                   STEP         FIRST   
  NO.   NAME      VALUE            ERROR          SIZE      DERIVATIVE 
   1  N0           3.40314e+06     fixed    
   2  tau          6.43834e+01   constant   
   3  A0           4.35507e-01     fixed    
   4  phi          4.06932e+00     fixed    
   5  R           -6.07281e+01   constant   
   6  alpha_CBO   -7.13186e-03     fixed    
   7  w_CBO        2.32500e+00   constant   
   8  beta_CBO     7.62258e-09     fixed    
   9  alpha_2CBO  -1.18370e-06     fixed    
  10  beta_2CBO   -4.76507e-03     fixed    
  11  alpha_y      7.98797e-06     fixed    
  12  w_y          1.44500e+01   constant   
  13  beta_y       1.70653e-03   1.89228e-04   1.65857e-07  -3.50727e+00
  14  alpha_vw    -2.01873e-04   1.89253e-04   1.60975e-07  -5.32733e+00
