 + ++++++++++++++++++++++++++++++++++++++++++++++++++++++++++++++++++++ +
 +                                                                      +
 +           You have chose to blind your fitting according to          +
 +                omega_ref * (1 + (R +/- deltaR) *10^{-6})             +
 +                                                                      +
 + ++++++++++++++++++++++++++++++++++++++++++++++++++++++++++++++++++++ +
In main()...
reading format from /gm2data/zkhechad/run45/envelope/formats/formatB_sBin_constraintOn.txt
pBinTau 	= 0  
pBinPhi 	= 0  
constraintau 	= 1 
includeMopTerm 	= 0    
constrainMop    = 0   
Parameters after format file: pBinTau 0 pBinPhi 0 constraintau 1 includeMopTerm 0 constrainMop 0 c_e_scale 0.000000 
Opening file /gm2data/tbarrett/gm2fr/studies/run23_bunch_corrections/CorrectedFourier_Run3b.root.
reading full fit data from /gm2data/zkhechad/cboTemplates/Run4CBOTemplates/templateFits0_v2.0/noRF/sBin_constraintOn_cE0.0_seed0_noRF_calo5.root
windowBins = 69
fitting sliding window 718 from bin 854 at 127.267600 to bin 923 at 137.711600 (69 bins)

Reading data from /gm2data/cornell/histograms/aMethod/histogram_a_noRF.root
 **********
 **    1 **SET PRINTOUT            1
 **********
 **********
 **    2 **SET NOWARNINGS 
 **********
 PARAMETER DEFINITIONS:
    NO.   NAME         VALUE      STEP SIZE      LIMITS
     1 N0           2.79488e+06  1.00000e+02     no limits
     2 tau          6.43938e+01  constant
     3 A0           3.58429e-01  1.00000e-04     no limits
     4 phi          4.11634e+00  1.00000e-02     no limits
     5 R           -6.25265e+01  constant
     6 alpha_CBO    0.00000e+00  1.00000e-03     no limits
     7 w_CBO        2.32500e+00  constant
     8 beta_CBO     0.00000e+00  1.00000e-03     no limits
     9 alpha_2CBO   0.00000e+00  1.00000e-03     no limits
    10 beta_2CBO    0.00000e+00  1.00000e-03     no limits
    11 alpha_y      0.00000e+00  1.00000e-03     no limits
    12 w_y          1.44500e+01  constant
    13 beta_y       0.00000e+00  1.00000e-03     no limits
    14 alpha_vw     0.00000e+00  1.00000e-03     no limits
    15 w_vw         1.29000e+01  constant
    16 beta_vw      0.00000e+00  1.00000e-03     no limits
    17 LM          -3.26799e-04  constant
    18 zeta_y       0.00000e+00  constant
    19 zeta_vw      0.00000e+00  constant
    20 T_CBO        1.00000e+02  1.00000e+00    0.00000e+00  1.00000e+03
    21 alpha_A0     0.00000e+00  1.00000e-03     no limits
    22 beta_A0      0.00000e+00  1.00000e-03     no limits
    23 alpha_phi    0.00000e+00  1.00000e-03     no limits
    24 beta_phi     0.00000e+00  1.00000e-03     no limits
MINUIT - FIT ONLY WIGGLE
 **********
 **    3 **FIX            5
 **********
 PARAMETER    5  IS CONSTANT.   IGNORED.
 **********
 **    4 **FIX            6
 **********
 **********
 **    5 **FIX            7
 **********
 PARAMETER    7  IS CONSTANT.   IGNORED.
 **********
 **    6 **FIX            8
 **********
 **********
 **    7 **FIX            9
 **********
 **********
 **    8 **FIX           10
 **********
 **********
 **    9 **FIX           11
 **********
 **********
 **   10 **FIX           12
 **********
 PARAMETER   12  IS CONSTANT.   IGNORED.
 **********
 **   11 **FIX           13
 **********
 **********
 **   12 **FIX           14
 **********
 **********
 **   13 **FIX           15
 **********
 PARAMETER   15  IS CONSTANT.   IGNORED.
 **********
 **   14 **FIX           16
 **********
 **********
 **   15 **MIGRAD
 **********
 FIRST CALL TO USER FUNCTION AT NEW START POINT, WITH IFLAG=4.
 START MIGRAD MINIMIZATION.  STRATEGY  1.  CONVERGENCE WHEN EDM .LT. 1.00e-04
 FCN=723.609 FROM MIGRAD    STATUS=INITIATE      437 CALLS         438 TOTAL
                     EDM= unknown      STRATEGY= 1      NO ERROR MATRIX       
  EXT PARAMETER               CURRENT GUESS       STEP         FIRST   
  NO.   NAME      VALUE            ERROR          SIZE      DERIVATIVE 
   1  N0           2.79488e+06   1.00000e+02   0.00000e+00  -1.47922e-02
   2  tau          6.43938e+01   constant   
   3  A0           3.58429e-01   1.00000e-04   0.00000e+00  -4.54514e+04
   4  phi          4.11634e+00   1.00000e-02   0.00000e+00   1.60772e+04
   5  R           -6.25265e+01   constant   
   6  alpha_CBO    0.00000e+00     fixed    
   7  w_CBO        2.32500e+00   constant   
   8  beta_CBO     0.00000e+00     fixed    
   9  alpha_2CBO   0.00000e+00     fixed    
  10  beta_2CBO    0.00000e+00     fixed    
  11  alpha_y      0.00000e+00     fixed    
  12  w_y          1.44500e+01   constant   
  13  beta_y       0.00000e+00     fixed    
  14  alpha_vw     0.00000e+00     fixed    
  15  w_vw         1.29000e+01   constant   
  16  beta_vw      0.00000e+00     fixed    
  17  LM          -3.26799e-04   constant   
  18  zeta_y       0.00000e+00   constant   
  19  zeta_vw      0.00000e+00   constant   
  20  T_CBO        1.00000e+02   1.00000e+00   0.00000e+00   0.00000e+00
  21  alpha_A0     0.00000e+00   1.00000e-03   0.00000e+00  -2.62668e+03
  22  beta_A0      0.00000e+00   1.00000e-03   0.00000e+00  -5.78820e+02
  23  alpha_phi    0.00000e+00   1.00000e-03   0.00000e+00  -4.04547e+03
  24  beta_phi     0.00000e+00   1.00000e-03   0.00000e+00   2.17418e+03
 MIGRAD MINIMIZATION HAS CONVERGED.
 FCN=642.976 FROM MIGRAD    STATUS=CONVERGED    1237 CALLS        1238 TOTAL
                     EDM=3.2512e-06    STRATEGY= 1  ERROR MATRIX UNCERTAINTY   0.1 per cent
  EXT PARAMETER                                   STEP         FIRST   
  NO.   NAME      VALUE            ERROR          SIZE      DERIVATIVE 
   1  N0           2.79518e+06   3.33070e+02  -4.81832e-03   1.76049e-06
   2  tau          6.43938e+01   constant   
   3  A0           3.59205e-01   1.59238e-04   5.61951e-08  -1.00778e+01
   4  phi          4.11435e+00   4.62727e-04  -1.10200e-07  -2.27684e-01
   5  R           -6.25265e+01   constant   
   6  alpha_CBO    0.00000e+00     fixed    
   7  w_CBO        2.32500e+00   constant   
   8  beta_CBO     0.00000e+00     fixed    
   9  alpha_2CBO   0.00000e+00     fixed    
  10  beta_2CBO    0.00000e+00     fixed    
  11  alpha_y      0.00000e+00     fixed    
  12  w_y          1.44500e+01   constant   
  13  beta_y       0.00000e+00     fixed    
  14  alpha_vw     0.00000e+00     fixed    
  15  w_vw         1.29000e+01   constant   
  16  beta_vw      0.00000e+00     fixed    
  17  LM          -3.26799e-04   constant   
  18  zeta_y       0.00000e+00   constant   
  19  zeta_vw      0.00000e+00   constant   
  20  T_CBO        9.99955e+02   8.60634e+02   1.42845e-02  -3.93410e-04
  21  alpha_A0     1.29841e-03   7.32465e-04  -7.12289e-07  -1.54507e+00
  22  beta_A0      1.35394e-03   7.98770e-04  -6.87887e-08   2.92911e-01
  23  alpha_phi    4.65931e-03   7.89565e-04   3.60436e-06   4.55012e-01
  24  beta_phi    -1.84198e-03   6.98743e-04  -1.08159e-06  -7.86752e-01
 EXTERNAL ERROR MATRIX.    NDIM=  25    NPAR=  8    ERR DEF=1
  1.109e+05  1.852e-03  2.100e-02  8.963e+00 -3.544e-02 -3.973e-02 -2.499e-02  4.767e-02 
  1.852e-03  2.536e-08 -7.378e-09  1.234e-04 -1.074e-08  6.309e-09  1.986e-08 -7.423e-09 
  2.100e-02 -7.378e-09  2.141e-07 -3.136e-04  7.921e-09 -4.399e-08 -3.880e-08  1.859e-08 
  8.963e+00  1.234e-04 -3.136e-04  3.120e+03 -6.538e-03 -4.723e-03 -4.369e-03  2.706e-03 
 -3.544e-02 -1.074e-08  7.921e-09 -6.538e-03  5.365e-07  7.570e-08 -9.071e-10  1.517e-09 
 -3.973e-02  6.309e-09 -4.399e-08 -4.723e-03  7.570e-08  6.380e-07  9.829e-08 -7.056e-08 
 -2.499e-02  1.986e-08 -3.880e-08 -4.369e-03 -9.071e-10  9.829e-08  6.234e-07 -4.529e-08 
  4.767e-02 -7.423e-09  1.859e-08  2.706e-03  1.517e-09 -7.056e-08 -4.529e-08  4.882e-07 
 PARAMETER  CORRELATION COEFFICIENTS  
       NO.  GLOBAL      1      3      4     20     21     22     23     24
        1  0.31153   1.000  0.035  0.136  0.000 -0.145 -0.149 -0.095  0.205
        3  0.21760   0.035  1.000 -0.100  0.014 -0.092  0.050  0.158 -0.067
        4  0.21268   0.136 -0.100  1.000 -0.012  0.023 -0.119 -0.106  0.057
       20  0.21711   0.000  0.014 -0.012  1.000 -0.160 -0.106 -0.099  0.069
       21  0.26067  -0.145 -0.092  0.023 -0.160  1.000  0.129 -0.002  0.003
       22  0.27790  -0.149  0.050 -0.119 -0.106  0.129  1.000  0.156 -0.126
       23  0.25886  -0.095  0.158 -0.106 -0.099 -0.002  0.156  1.000 -0.082
       24  0.25127   0.205 -0.067  0.057  0.069  0.003 -0.126 -0.082  1.000
MINUIT - FIT ONLY 1-CBO + wiggle
 **********
 **   16 **RES 
 **********
                   PARAMETER   16  beta_vw RESTORED TO VARIABLE.
                   PARAMETER   14  alpha_vw RESTORED TO VARIABLE.
                   PARAMETER   13  beta_y RESTORED TO VARIABLE.
                   PARAMETER   11  alpha_y RESTORED TO VARIABLE.
                   PARAMETER   10  beta_2CBO RESTORED TO VARIABLE.
                   PARAMETER    9  alpha_2CBO RESTORED TO VARIABLE.
                   PARAMETER    8  beta_CBO RESTORED TO VARIABLE.
                   PARAMETER    6  alpha_CBO RESTORED TO VARIABLE.
 **********
 **   17 **FIX            8
 **********
 **********
 **   18 **FIX            9
 **********
 **********
 **   19 **FIX           11
 **********
 **********
 **   20 **FIX           12
 **********
 PARAMETER   12  IS CONSTANT.   IGNORED.
 **********
 **   21 **FIX           14
 **********
 **********
 **   22 **FIX           15
 **********
 PARAMETER   15  IS CONSTANT.   IGNORED.
 **********
 **   23 **FIX           16
 **********
 **********
 **   24 **MIGRAD
 **********
 START MIGRAD MINIMIZATION.  STRATEGY  1.  CONVERGENCE WHEN EDM .LT. 1.00e-04
 FCN=642.976 FROM MIGRAD    STATUS=INITIATE       28 CALLS        1266 TOTAL
                     EDM= unknown      STRATEGY= 1      NO ERROR MATRIX       
  EXT PARAMETER               CURRENT GUESS       STEP         FIRST   
  NO.   NAME      VALUE            ERROR          SIZE      DERIVATIVE 
   1  N0           2.79518e+06   3.33070e+02  -4.81832e-03   1.76049e-06
   2  tau          6.43938e+01   constant   
   3  A0           3.59205e-01   1.59238e-04   5.61951e-08  -1.00778e+01
   4  phi          4.11435e+00   4.62727e-04  -1.10200e-07  -2.27684e-01
   5  R           -6.25265e+01   constant   
   6  alpha_CBO    0.00000e+00   1.00000e-03   1.00000e-03   1.27538e+05
   7  w_CBO        2.32500e+00   constant   
   8  beta_CBO     0.00000e+00     fixed    
   9  alpha_2CBO   0.00000e+00     fixed    
  10  beta_2CBO    0.00000e+00   1.00000e-03   1.00000e-03  -2.24848e+04
  11  alpha_y      0.00000e+00     fixed    
  12  w_y          1.44500e+01   constant   
  13  beta_y       0.00000e+00   1.00000e-03   1.00000e-03   8.09805e+03
  14  alpha_vw     0.00000e+00     fixed    
  15  w_vw         1.29000e+01   constant   
  16  beta_vw      0.00000e+00     fixed    
  17  LM          -3.26799e-04   constant   
  18  zeta_y       0.00000e+00   constant   
  19  zeta_vw      0.00000e+00   constant   
  20  T_CBO        9.99955e+02   8.60634e+02   1.42845e-02  -3.97971e-04
  21  alpha_A0     1.29841e-03   7.32465e-04  -7.12289e-07  -1.54509e+00
  22  beta_A0      1.35394e-03   7.98770e-04  -6.87887e-08   2.92906e-01
  23  alpha_phi    4.65931e-03   7.89565e-04   3.60436e-06   4.55012e-01
  24  beta_phi    -1.84198e-03   6.98743e-04  -1.08159e-06  -7.86753e-01
 MIGRAD MINIMIZATION HAS CONVERGED.
 MIGRAD WILL VERIFY CONVERGENCE AND ERROR MATRIX.
 COVARIANCE MATRIX CALCULATED SUCCESSFULLY
 FCN=509.929 FROM MIGRAD    STATUS=CONVERGED     304 CALLS        1542 TOTAL
                     EDM=4.28627e-06    STRATEGY= 1      ERROR MATRIX ACCURATE 
  EXT PARAMETER                                   STEP         FIRST   
  NO.   NAME      VALUE            ERROR          SIZE      DERIVATIVE 
   1  N0           2.79520e+06   3.58646e+02   3.70212e+00  -3.17803e-06
   2  tau          6.43938e+01   constant   
   3  A0           3.59351e-01   1.60892e-04   1.71809e-06  -4.44876e+00
   4  phi          4.11518e+00   4.69549e-04   4.96532e-06   1.95129e+00
   5  R           -6.25265e+01   constant   
   6  alpha_CBO   -2.03129e-03   1.78967e-04   1.91254e-06   1.42429e+00
   7  w_CBO        2.32500e+00   constant   
   8  beta_CBO     0.00000e+00     fixed    
   9  alpha_2CBO   0.00000e+00     fixed    
  10  beta_2CBO    2.76871e-04   1.72899e-04   1.86262e-06   3.38648e+00
  11  alpha_y      0.00000e+00     fixed    
  12  w_y          1.44500e+01   constant   
  13  beta_y      -9.94597e-05   1.68872e-04   1.86276e-06  -6.84539e-01
  14  alpha_vw     0.00000e+00     fixed    
  15  w_vw         1.29000e+01   constant   
  16  beta_vw      0.00000e+00     fixed    
  17  LM          -3.26799e-04   constant   
  18  zeta_y       0.00000e+00   constant   
  19  zeta_vw      0.00000e+00   constant   
  20  T_CBO        9.99988e+02   6.35942e+02   1.43986e-01  -7.11982e-05
  21  alpha_A0     1.63689e-04   7.35659e-04   7.86736e-06   9.71915e-01
  22  beta_A0      1.21120e-03   7.63221e-04   8.17526e-06  -1.11661e+00
  23  alpha_phi    3.91834e-03   8.26312e-04   8.32219e-06  -1.50218e+00
  24  beta_phi    -2.13361e-03   6.87346e-04   7.22255e-06   6.98060e-01
 EXTERNAL ERROR MATRIX.    NDIM=  25    NPAR= 11    ERR DEF=1
  1.286e+05 
  6.027e-03  2.589e-08 
  2.866e-02 -4.774e-09  2.205e-07 
 -2.179e-04 -1.896e-09 -1.364e-08  3.203e-08 
  2.387e-04  2.022e-09 -3.296e-09  9.094e-10  2.989e-08 
 -2.385e-04 -4.847e-10  9.575e-10 -1.989e-10  2.939e-10  2.852e-08 
 -1.323e+01 -2.449e-05 -3.762e-05 -4.471e-06  2.046e-06  1.873e-07  2.200e+03 
 -3.861e-02 -1.356e-08  4.281e-09  1.580e-08 -1.049e-08  1.497e-09  4.137e-04  5.412e-07 
 -3.823e-02  2.217e-09 -4.421e-08  3.498e-10 -1.093e-08 -8.847e-10  3.391e-03  1.207e-08  5.825e-07 
 -2.761e-02  2.037e-08 -5.037e-08  1.584e-08  2.306e-08 -2.977e-09  1.093e-02 -3.877e-08  6.973e-08  6.828e-07 
  4.955e-02 -6.378e-09  2.016e-08  3.531e-09 -6.019e-09  3.466e-10 -5.866e-03  2.238e-08 -6.209e-08 -7.377e-08  4.724e-07 
 PARAMETER  CORRELATION COEFFICIENTS  
       NO.  GLOBAL      1      3      4      6     10     13     20     21     22     23     24
        1  0.34977   1.000  0.104  0.170 -0.003  0.004 -0.004 -0.001 -0.146 -0.140 -0.093  0.201
        3  0.25278   0.104  1.000 -0.063 -0.066  0.073 -0.018 -0.003 -0.115  0.018  0.153 -0.058
        4  0.28640   0.170 -0.063  1.000 -0.162 -0.041  0.012 -0.002  0.012 -0.123 -0.130  0.062
        6  0.24999  -0.003 -0.066 -0.162  1.000  0.029 -0.007 -0.001  0.120  0.003  0.107  0.029
       10  0.21745   0.004  0.073 -0.041  0.029  1.000  0.010  0.000 -0.083 -0.083  0.161 -0.051
       13  0.03409  -0.004 -0.018  0.012 -0.007  0.010  1.000  0.000  0.012 -0.007 -0.021  0.003
       20  0.34047  -0.001 -0.003 -0.002 -0.001  0.000  0.000  1.000  0.012  0.095  0.282 -0.182
       21  0.24739  -0.146 -0.115  0.012  0.120 -0.083  0.012  0.012  1.000  0.021 -0.064  0.044
       22  0.24120  -0.140  0.018 -0.123  0.003 -0.083 -0.007  0.095  0.021  1.000  0.111 -0.118
       23  0.40910  -0.093  0.153 -0.130  0.107  0.161 -0.021  0.282 -0.064  0.111  1.000 -0.130
       24  0.30601   0.201 -0.058  0.062  0.029 -0.051  0.003 -0.182  0.044 -0.118 -0.130  1.000
MINUIT - FIT ONLY 2-CBO
 **********
 **   25 **RES 
 **********
                   PARAMETER   16  beta_vw RESTORED TO VARIABLE.
                   PARAMETER   14  alpha_vw RESTORED TO VARIABLE.
                   PARAMETER   11  alpha_y RESTORED TO VARIABLE.
                   PARAMETER    9  alpha_2CBO RESTORED TO VARIABLE.
                   PARAMETER    8  beta_CBO RESTORED TO VARIABLE.
 **********
 **   26 **FIX            0
 **********
 PARAMETER    0  IS UNDEFINED. IGNORED.
 **********
 **   27 **FIX            1
 **********
 **********
 **   28 **FIX            2
 **********
 PARAMETER    2  IS CONSTANT.   IGNORED.
 **********
 **   29 **FIX            3
 **********
 **********
 **   30 **FIX            4
 **********
 **********
 **   31 **FIX            5
 **********
 PARAMETER    5  IS CONSTANT.   IGNORED.
 **********
 **   32 **FIX            6
 **********
 **********
 **   33 **FIX            7
 **********
 PARAMETER    7  IS CONSTANT.   IGNORED.
 **********
 **   34 **FIX           10
 **********
 **********
 **   35 **FIX           11
 **********
 **********
 **   36 **FIX           12
 **********
 PARAMETER   12  IS CONSTANT.   IGNORED.
 **********
 **   37 **FIX           13
 **********
 **********
 **   38 **FIX           14
 **********
 **********
 **   39 **FIX           15
 **********
 PARAMETER   15  IS CONSTANT.   IGNORED.
 **********
 **   40 **FIX           16
 **********
 **********
 **   41 **MIGRAD
 **********
 START MIGRAD MINIMIZATION.  STRATEGY  1.  CONVERGENCE WHEN EDM .LT. 1.00e-04
 FCN=509.929 FROM MIGRAD    STATUS=INITIATE       18 CALLS        1560 TOTAL
                     EDM= unknown      STRATEGY= 1      NO ERROR MATRIX       
  EXT PARAMETER               CURRENT GUESS       STEP         FIRST   
  NO.   NAME      VALUE            ERROR          SIZE      DERIVATIVE 
   1  N0           2.79520e+06     fixed    
   2  tau          6.43938e+01   constant   
   3  A0           3.59351e-01     fixed    
   4  phi          4.11518e+00     fixed    
   5  R           -6.25265e+01   constant   
   6  alpha_CBO   -2.03129e-03     fixed    
   7  w_CBO        2.32500e+00   constant   
   8  beta_CBO     0.00000e+00   1.00000e-03   1.00000e-03   2.24972e+05
   9  alpha_2CBO   0.00000e+00   1.00000e-03   1.00000e-03  -1.24499e+04
  10  beta_2CBO    2.76871e-04     fixed    
  11  alpha_y      0.00000e+00     fixed    
  12  w_y          1.44500e+01   constant   
  13  beta_y      -9.94597e-05     fixed    
  14  alpha_vw     0.00000e+00     fixed    
  15  w_vw         1.29000e+01   constant   
  16  beta_vw      0.00000e+00     fixed    
  17  LM          -3.26799e-04   constant   
  18  zeta_y       0.00000e+00   constant   
  19  zeta_vw      0.00000e+00   constant   
  20  T_CBO        9.99988e+02   6.35942e+02   1.43986e-01  -7.50036e-05
  21  alpha_A0     1.63689e-04   7.35659e-04   7.86736e-06   9.71867e-01
  22  beta_A0      1.21120e-03   7.63221e-04   8.17526e-06  -1.11659e+00
  23  alpha_phi    3.91834e-03   8.26312e-04   8.32219e-06  -1.50218e+00
  24  beta_phi    -2.13361e-03   6.87346e-04   7.22255e-06   6.98059e-01
 MIGRAD MINIMIZATION HAS CONVERGED.
 MIGRAD WILL VERIFY CONVERGENCE AND ERROR MATRIX.
 COVARIANCE MATRIX CALCULATED SUCCESSFULLY
 FCN=134.915 FROM MIGRAD    STATUS=CONVERGED     167 CALLS        1709 TOTAL
                     EDM=5.78815e-07    STRATEGY= 1      ERROR MATRIX ACCURATE 
  EXT PARAMETER                                   STEP         FIRST   
  NO.   NAME      VALUE            ERROR          SIZE      DERIVATIVE 
   1  N0           2.79520e+06     fixed    
   2  tau          6.43938e+01   constant   
   3  A0           3.59351e-01     fixed    
   4  phi          4.11518e+00     fixed    
   5  R           -6.25265e+01   constant   
   6  alpha_CBO   -2.03129e-03     fixed    
   7  w_CBO        2.32500e+00   constant   
   8  beta_CBO    -3.31747e-03   1.71595e-04   9.50083e-07   3.39458e-01
   9  alpha_2CBO   2.99618e-04   1.75719e-04   9.74990e-07   2.51419e-01
  10  beta_2CBO    2.76871e-04     fixed    
  11  alpha_y      0.00000e+00     fixed    
  12  w_y          1.44500e+01   constant   
  13  beta_y      -9.94597e-05     fixed    
  14  alpha_vw     0.00000e+00     fixed    
  15  w_vw         1.29000e+01   constant   
  16  beta_vw      0.00000e+00     fixed    
  17  LM          -3.26799e-04   constant   
  18  zeta_y       0.00000e+00   constant   
  19  zeta_vw      0.00000e+00   constant   
  20  T_CBO        1.00000e+03   7.82364e+02   4.37808e-02** at limit **
  21  alpha_A0     1.20743e-04   7.22553e-04   4.05954e-06  -7.07989e-02
  22  beta_A0     -1.31740e-03   7.61054e-04   4.22559e-06  -7.12260e-03
  23  alpha_phi    3.26827e-03   7.61569e-04   4.29190e-06  -1.40053e+00
  24  beta_phi    -3.99241e-03   6.74277e-04   3.72640e-06  -2.11381e-01
 EXTERNAL ERROR MATRIX.    NDIM=  25    NPAR=  7    ERR DEF=1
  2.944e-08 -9.470e-10  1.420e-08 -5.245e-10  2.317e-08  5.367e-09  1.541e-08 
 -9.470e-10  3.088e-08 -1.020e-08 -1.666e-08  9.384e-09 -8.207e-09 -1.899e-08 
  1.420e-08 -1.020e-08  4.852e-01  7.368e-07 -1.052e-05  2.641e-05 -3.156e-05 
 -5.245e-10 -1.666e-08  7.368e-07  5.221e-07 -5.644e-09 -3.330e-08  4.055e-08 
  2.317e-08  9.384e-09 -1.052e-05 -5.644e-09  5.792e-07  4.537e-08 -3.061e-08 
  5.367e-09 -8.207e-09  2.641e-05 -3.330e-08  4.537e-08  5.800e-07 -1.732e-08 
  1.541e-08 -1.899e-08 -3.156e-05  4.055e-08 -3.061e-08 -1.732e-08  4.546e-07 
 PARAMETER  CORRELATION COEFFICIENTS  
       NO.  GLOBAL      8      9     20     21     22     23     24
        8  0.23230   1.000 -0.031  0.000 -0.004  0.177  0.041  0.133
        9  0.22344  -0.031  1.000 -0.000 -0.131  0.070 -0.061 -0.160
       20  0.08837   0.000 -0.000  1.000  0.001 -0.020  0.050 -0.067
       21  0.16097  -0.004 -0.131  0.001  1.000 -0.010 -0.061  0.083
       22  0.22064   0.177  0.070 -0.020 -0.010  1.000  0.078 -0.060
       23  0.14112   0.041 -0.061  0.050 -0.061  0.078  1.000 -0.034
       24  0.23976   0.133 -0.160 -0.067  0.083 -0.060 -0.034  1.000
MINUIT - FIT wiggle + 1-CBO + 2-CBO
 **********
 **   42 **RES 
 **********
                   PARAMETER   16  beta_vw RESTORED TO VARIABLE.
                   PARAMETER   14  alpha_vw RESTORED TO VARIABLE.
                   PARAMETER   13  beta_y RESTORED TO VARIABLE.
                   PARAMETER   11  alpha_y RESTORED TO VARIABLE.
                   PARAMETER   10  beta_2CBO RESTORED TO VARIABLE.
                   PARAMETER    6  alpha_CBO RESTORED TO VARIABLE.
                   PARAMETER    4  phi RESTORED TO VARIABLE.
                   PARAMETER    3  A0 RESTORED TO VARIABLE.
                   PARAMETER    1  N0 RESTORED TO VARIABLE.
 **********
 **   43 **FIX           10
 **********
 **********
 **   44 **FIX           11
 **********
 **********
 **   45 **FIX           12
 **********
 PARAMETER   12  IS CONSTANT.   IGNORED.
 **********
 **   46 **FIX           13
 **********
 **********
 **   47 **FIX           14
 **********
 **********
 **   48 **FIX           15
 **********
 PARAMETER   15  IS CONSTANT.   IGNORED.
 **********
 **   49 **FIX           16
 **********
 **********
 **   50 **MIGRAD
 **********
 START MIGRAD MINIMIZATION.  STRATEGY  1.  CONVERGENCE WHEN EDM .LT. 1.00e-04
 FCN=134.915 FROM MIGRAD    STATUS=INITIATE       22 CALLS        1731 TOTAL
                     EDM= unknown      STRATEGY= 1      NO ERROR MATRIX       
  EXT PARAMETER               CURRENT GUESS       STEP         FIRST   
  NO.   NAME      VALUE            ERROR          SIZE      DERIVATIVE 
   1  N0           2.79520e+06   3.58646e+02   3.58646e+02   3.68725e-03
   2  tau          6.43938e+01   constant   
   3  A0           3.59351e-01   1.60892e-04   1.60892e-04   5.37158e+04
   4  phi          4.11518e+00   4.69549e-04   4.69549e-04  -9.44911e+03
   5  R           -6.25265e+01   constant   
   6  alpha_CBO   -2.03129e-03   1.78967e-04   1.78967e-04   8.13783e+02
   7  w_CBO        2.32500e+00   constant   
   8  beta_CBO    -3.31747e-03   1.71595e-04   9.50083e-07   3.37841e-01
   9  alpha_2CBO   2.99618e-04   1.75719e-04   9.74990e-07   2.52011e-01
  10  beta_2CBO    2.76871e-04     fixed    
  11  alpha_y      0.00000e+00     fixed    
  12  w_y          1.44500e+01   constant   
  13  beta_y      -9.94597e-05     fixed    
  14  alpha_vw     0.00000e+00     fixed    
  15  w_vw         1.29000e+01   constant   
  16  beta_vw      0.00000e+00     fixed    
  17  LM          -3.26799e-04   constant   
  18  zeta_y       0.00000e+00   constant   
  19  zeta_vw      0.00000e+00   constant   
  20  T_CBO        9.99999e+02   7.82364e+02   4.37808e-02  -6.23514e-05
  21  alpha_A0     1.20743e-04   7.22553e-04   4.05954e-06  -7.11290e-02
  22  beta_A0     -1.31740e-03   7.61054e-04   4.22559e-06  -6.22867e-03
  23  alpha_phi    3.26827e-03   7.61569e-04   4.29190e-06  -1.40196e+00
  24  beta_phi    -3.99241e-03   6.74277e-04   3.72640e-06  -2.09078e-01
 MIGRAD MINIMIZATION HAS CONVERGED.
 MIGRAD WILL VERIFY CONVERGENCE AND ERROR MATRIX.
 COVARIANCE MATRIX CALCULATED SUCCESSFULLY
 FCN=107.92 FROM MIGRAD    STATUS=CONVERGED     280 CALLS        1989 TOTAL
                     EDM=9.27107e-07    STRATEGY= 1      ERROR MATRIX ACCURATE 
  EXT PARAMETER                                   STEP         FIRST   
  NO.   NAME      VALUE            ERROR          SIZE      DERIVATIVE 
   1  N0           2.79492e+06   3.59121e+02   1.70915e+00   6.95224e-07
   2  tau          6.43938e+01   constant   
   3  A0           3.58577e-01   1.65032e-04   7.93359e-07  -1.42786e-01
   4  phi          4.11638e+00   4.74604e-04   2.29870e-06   7.28931e-02
   5  R           -6.25265e+01   constant   
   6  alpha_CBO   -2.05794e-03   1.79137e-04   8.83123e-07   6.88329e-01
   7  w_CBO        2.32500e+00   constant   
   8  beta_CBO    -3.55780e-03   1.77739e-04   8.50583e-07  -8.18006e-01
   9  alpha_2CBO   3.00559e-04   1.76310e-04   8.72885e-07  -4.21014e-01
  10  beta_2CBO    2.76871e-04     fixed    
  11  alpha_y      0.00000e+00     fixed    
  12  w_y          1.44500e+01   constant   
  13  beta_y      -9.94597e-05     fixed    
  14  alpha_vw     0.00000e+00     fixed    
  15  w_vw         1.29000e+01   constant   
  16  beta_vw      0.00000e+00     fixed    
  17  LM          -3.26799e-04   constant   
  18  zeta_y       0.00000e+00   constant   
  19  zeta_vw      0.00000e+00   constant   
  20  T_CBO        9.99929e+02   9.46269e+02   1.14836e-01  -5.80648e-05
  21  alpha_A0     5.87482e-04   7.41960e-04   3.63975e-06  -4.35409e-01
  22  beta_A0     -1.73477e-03   7.82342e-04   3.78734e-06   3.19800e-01
  23  alpha_phi    2.48840e-03   8.00620e-04   3.85034e-06  -1.90332e-01
  24  beta_phi    -3.96602e-03   7.25010e-04   3.34321e-06  -9.12492e-01
 EXTERNAL ERROR MATRIX.    NDIM=  25    NPAR= 11    ERR DEF=1
  1.290e+05 
  6.630e-03  2.724e-08 
  2.746e-02 -6.778e-09  2.252e-07 
 -9.912e-05 -1.925e-09 -1.388e-08  3.209e-08 
  2.797e-03  6.853e-09 -1.082e-08  3.225e-10  3.159e-08 
  1.989e-03 -8.681e-10 -3.801e-09  1.538e-09 -9.428e-10  3.109e-08 
 -2.640e+01 -3.578e-05  2.350e-04 -1.869e-05 -2.340e-06 -1.772e-05  3.229e+04 
 -3.996e-02 -1.360e-08  7.867e-09  1.525e-08 -4.757e-09 -1.655e-08  6.113e-03  5.505e-07 
 -3.502e-02  8.470e-09 -5.382e-08  1.372e-09  2.674e-08  9.392e-09 -1.779e-02 -5.772e-09  6.121e-07 
 -2.728e-02  2.175e-08 -5.089e-08  1.497e-08  1.230e-08 -8.185e-09  2.605e-02 -2.599e-08  5.513e-08  6.410e-07 
  4.982e-02 -1.500e-09  1.585e-08  3.019e-09  1.548e-08 -1.806e-08 -4.044e-02  2.113e-08 -2.531e-08 -6.167e-08  5.256e-07 
 PARAMETER  CORRELATION COEFFICIENTS  
       NO.  GLOBAL      1      3      4      6      8      9     20     21     22     23     24
        1  0.35333   1.000  0.112  0.161 -0.002  0.044  0.031 -0.000 -0.150 -0.125 -0.095  0.191
        3  0.33177   0.112  1.000 -0.087 -0.065  0.234 -0.030 -0.001 -0.111  0.066  0.165 -0.013
        4  0.31090   0.161 -0.087  1.000 -0.163 -0.128 -0.045  0.003  0.022 -0.145 -0.134  0.046
        6  0.25320  -0.002 -0.065 -0.163  1.000  0.010  0.049 -0.001  0.115  0.010  0.104  0.023
        8  0.34366   0.044  0.234 -0.128  0.010  1.000 -0.030 -0.000 -0.036  0.192  0.086  0.120
        9  0.23692   0.031 -0.030 -0.045  0.049 -0.030  1.000 -0.001 -0.127  0.068 -0.058 -0.141
       20  0.39411  -0.000 -0.001  0.003 -0.001 -0.000 -0.001  1.000  0.046 -0.127  0.181 -0.310
       21  0.27078  -0.150 -0.111  0.022  0.115 -0.036 -0.127  0.046  1.000 -0.010 -0.044  0.039
       22  0.31234  -0.125  0.066 -0.145  0.010  0.192  0.068 -0.127 -0.010  1.000  0.088 -0.045
       23  0.33073  -0.095  0.165 -0.134  0.104  0.086 -0.058  0.181 -0.044  0.088  1.000 -0.106
       24  0.42566   0.191 -0.013  0.046  0.023  0.120 -0.141 -0.310  0.039 -0.045 -0.106  1.000
MINUIT - FIT ONLY 1-y
 **********
 **   51 **RES 
 **********
                   PARAMETER   16  beta_vw RESTORED TO VARIABLE.
                   PARAMETER   14  alpha_vw RESTORED TO VARIABLE.
                   PARAMETER   13  beta_y RESTORED TO VARIABLE.
                   PARAMETER   11  alpha_y RESTORED TO VARIABLE.
                   PARAMETER   10  beta_2CBO RESTORED TO VARIABLE.
 **********
 **   52 **FIX            0
 **********
 PARAMETER    0  IS UNDEFINED. IGNORED.
 **********
 **   53 **FIX            1
 **********
 **********
 **   54 **FIX            2
 **********
 PARAMETER    2  IS CONSTANT.   IGNORED.
 **********
 **   55 **FIX            3
 **********
 **********
 **   56 **FIX            4
 **********
 **********
 **   57 **FIX            5
 **********
 PARAMETER    5  IS CONSTANT.   IGNORED.
 **********
 **   58 **FIX            6
 **********
 **********
 **   59 **FIX            7
 **********
 PARAMETER    7  IS CONSTANT.   IGNORED.
 **********
 **   60 **FIX            8
 **********
 **********
 **   61 **FIX            9
 **********
 **********
 **   62 **FIX           13
 **********
 **********
 **   63 **FIX           14
 **********
 **********
 **   64 **FIX           15
 **********
 PARAMETER   15  IS CONSTANT.   IGNORED.
 **********
 **   65 **FIX           16
 **********
 **********
 **   66 **MIGRAD
 **********
 START MIGRAD MINIMIZATION.  STRATEGY  1.  CONVERGENCE WHEN EDM .LT. 1.00e-04
 FCN=107.92 FROM MIGRAD    STATUS=INITIATE       16 CALLS        2005 TOTAL
                     EDM= unknown      STRATEGY= 1      NO ERROR MATRIX       
  EXT PARAMETER               CURRENT GUESS       STEP         FIRST   
  NO.   NAME      VALUE            ERROR          SIZE      DERIVATIVE 
   1  N0           2.79492e+06     fixed    
   2  tau          6.43938e+01   constant   
   3  A0           3.58577e-01     fixed    
   4  phi          4.11638e+00     fixed    
   5  R           -6.25265e+01   constant   
   6  alpha_CBO   -2.05794e-03     fixed    
   7  w_CBO        2.32500e+00   constant   
   8  beta_CBO    -3.55780e-03     fixed    
   9  alpha_2CBO   3.00559e-04     fixed    
  10  beta_2CBO    2.76871e-04   1.72899e-04   1.72899e-04   3.19584e+03
  11  alpha_y      0.00000e+00   1.00000e-03   1.00000e-03   3.36690e+01
  12  w_y          1.44500e+01   constant   
  13  beta_y      -9.94597e-05     fixed    
  14  alpha_vw     0.00000e+00     fixed    
  15  w_vw         1.29000e+01   constant   
  16  beta_vw      0.00000e+00     fixed    
  17  LM          -3.26799e-04   constant   
  18  zeta_y       0.00000e+00   constant   
  19  zeta_vw      0.00000e+00   constant   
  20  T_CBO        9.99929e+02   9.46269e+02   1.14836e-01  -6.67795e-05
  21  alpha_A0     5.87482e-04   7.41960e-04   3.63975e-06  -4.35411e-01
  22  beta_A0     -1.73477e-03   7.82342e-04   3.78734e-06   3.19835e-01
  23  alpha_phi    2.48840e-03   8.00620e-04   3.85034e-06  -1.90332e-01
  24  beta_phi    -3.96602e-03   7.25010e-04   3.34321e-06  -9.12493e-01
 MIGRAD MINIMIZATION HAS CONVERGED.
 MIGRAD WILL VERIFY CONVERGENCE AND ERROR MATRIX.
 COVARIANCE MATRIX CALCULATED SUCCESSFULLY
 FCN=107.845 FROM MIGRAD    STATUS=CONVERGED     116 CALLS        2105 TOTAL
                     EDM=7.58907e-07    STRATEGY= 1      ERROR MATRIX ACCURATE 
  EXT PARAMETER                                   STEP         FIRST   
  NO.   NAME      VALUE            ERROR          SIZE      DERIVATIVE 
   1  N0           2.79492e+06     fixed    
   2  tau          6.43938e+01   constant   
   3  A0           3.58577e-01     fixed    
   4  phi          4.11638e+00     fixed    
   5  R           -6.25265e+01   constant   
   6  alpha_CBO   -2.05794e-03     fixed    
   7  w_CBO        2.32500e+00   constant   
   8  beta_CBO    -3.55780e-03     fixed    
   9  alpha_2CBO   3.00559e-04     fixed    
  10  beta_2CBO    2.29460e-04   1.72249e-04   8.59748e-07  -5.33063e-06
  11  alpha_y     -6.64324e-07   1.71312e-04   8.72326e-07  -9.53652e-01
  12  w_y          1.44500e+01   constant   
  13  beta_y      -9.94597e-05     fixed    
  14  alpha_vw     0.00000e+00     fixed    
  15  w_vw         1.29000e+01   constant   
  16  beta_vw      0.00000e+00     fixed    
  17  LM          -3.26799e-04   constant   
  18  zeta_y       0.00000e+00   constant   
  19  zeta_vw      0.00000e+00   constant   
  20  T_CBO        9.99999e+02   7.29975e+02   1.03949e-01  -5.63753e-06
  21  alpha_A0     6.03353e-04   7.21339e-04   3.63844e-06   2.96537e-01
  22  beta_A0     -1.71599e-03   7.62564e-04   3.78598e-06   9.23557e-01
  23  alpha_phi    2.45579e-03   7.94580e-04   3.84895e-06   4.28971e-01
  24  beta_phi    -3.95740e-03   7.29675e-04   3.34201e-06  -1.25795e+00
 EXTERNAL ERROR MATRIX.    NDIM=  25    NPAR=  7    ERR DEF=1
  2.967e-08  9.803e-11  1.275e-06 -9.839e-09 -1.162e-08  2.050e-08 -5.470e-09 
  9.803e-11  2.935e-08  7.133e-07  1.236e-09 -1.150e-09  1.964e-09  2.283e-09 
  1.275e-06  7.133e-07  3.629e+02  9.105e-04 -2.565e-03  3.766e-03 -5.898e-03 
 -9.839e-09  1.236e-09  9.105e-04  5.203e-07 -2.588e-09 -3.561e-08  1.808e-08 
 -1.162e-08 -1.150e-09 -2.565e-03 -2.588e-09  5.815e-07  9.724e-09  6.050e-09 
  2.050e-08  1.964e-09  3.766e-03 -3.561e-08  9.724e-09  6.314e-07 -8.809e-08 
 -5.470e-09  2.283e-09 -5.898e-03  1.808e-08  6.050e-09 -8.809e-08  5.324e-07 
 PARAMETER  CORRELATION COEFFICIENTS  
       NO.  GLOBAL     10     11     20     21     22     23     24
       10  0.19993   1.000  0.003  0.000 -0.079 -0.088  0.150 -0.044
       11  0.02898   0.003  1.000  0.000  0.010 -0.009  0.014  0.018
       20  0.50695   0.000  0.000  1.000  0.066 -0.177  0.249 -0.424
       21  0.13997  -0.079  0.010  0.066  1.000 -0.005 -0.062  0.034
       22  0.22394  -0.088 -0.009 -0.177 -0.005  1.000  0.016  0.011
       23  0.30953   0.150  0.014  0.249 -0.062  0.016  1.000 -0.152
       24  0.43776  -0.044  0.018 -0.424  0.034  0.011 -0.152  1.000
MINUIT - FIT ONLY 2-y
 **********
 **   67 **RES 
 **********
                   PARAMETER   16  beta_vw RESTORED TO VARIABLE.
                   PARAMETER   14  alpha_vw RESTORED TO VARIABLE.
                   PARAMETER   13  beta_y RESTORED TO VARIABLE.
                   PARAMETER    9  alpha_2CBO RESTORED TO VARIABLE.
                   PARAMETER    8  beta_CBO RESTORED TO VARIABLE.
                   PARAMETER    6  alpha_CBO RESTORED TO VARIABLE.
                   PARAMETER    4  phi RESTORED TO VARIABLE.
                   PARAMETER    3  A0 RESTORED TO VARIABLE.
                   PARAMETER    1  N0 RESTORED TO VARIABLE.
 **********
 **   68 **FIX            0
 **********
 PARAMETER    0  IS UNDEFINED. IGNORED.
 **********
 **   69 **FIX            1
 **********
 **********
 **   70 **FIX            2
 **********
 PARAMETER    2  IS CONSTANT.   IGNORED.
 **********
 **   71 **FIX            3
 **********
 **********
 **   72 **FIX            4
 **********
 **********
 **   73 **FIX            5
 **********
 PARAMETER    5  IS CONSTANT.   IGNORED.
 **********
 **   74 **FIX            6
 **********
 **********
 **   75 **FIX            7
 **********
 PARAMETER    7  IS CONSTANT.   IGNORED.
 **********
 **   76 **FIX            8
 **********
 **********
 **   77 **FIX            9
 **********
 **********
 **   78 **FIX           10
 **********
 **********
 **   79 **FIX           11
 **********
 **********
 **   80 **FIX           12
 **********
 PARAMETER   12  IS CONSTANT.   IGNORED.
 **********
 **   81 **FIX           16
 **********
 **********
 **   82 **MIGRAD
 **********
 START MIGRAD MINIMIZATION.  STRATEGY  1.  CONVERGENCE WHEN EDM .LT. 1.00e-04
 FCN=107.845 FROM MIGRAD    STATUS=INITIATE       16 CALLS        2121 TOTAL
                     EDM= unknown      STRATEGY= 1      NO ERROR MATRIX       
  EXT PARAMETER               CURRENT GUESS       STEP         FIRST   
  NO.   NAME      VALUE            ERROR          SIZE      DERIVATIVE 
   1  N0           2.79492e+06     fixed    
   2  tau          6.43938e+01   constant   
   3  A0           3.58577e-01     fixed    
   4  phi          4.11638e+00     fixed    
   5  R           -6.25265e+01   constant   
   6  alpha_CBO   -2.05794e-03     fixed    
   7  w_CBO        2.32500e+00   constant   
   8  beta_CBO    -3.55780e-03     fixed    
   9  alpha_2CBO   3.00559e-04     fixed    
  10  beta_2CBO    2.29460e-04     fixed    
  11  alpha_y     -6.64324e-07     fixed    
  12  w_y          1.44500e+01   constant   
  13  beta_y      -9.94597e-05   1.68872e-04   1.68872e-04   3.65128e+02
  14  alpha_vw     0.00000e+00   1.00000e-03   1.00000e-03  -1.54095e+04
  15  w_vw         1.29000e+01   constant   
  16  beta_vw      0.00000e+00     fixed    
  17  LM          -3.26799e-04   constant   
  18  zeta_y       0.00000e+00   constant   
  19  zeta_vw      0.00000e+00   constant   
  20  T_CBO        9.99999e+02   7.29975e+02   1.03949e-01  -6.30361e-06
  21  alpha_A0     6.03353e-04   7.21339e-04   3.63844e-06   2.96570e-01
  22  beta_A0     -1.71599e-03   7.62564e-04   3.78598e-06   9.23605e-01
  23  alpha_phi    2.45579e-03   7.94580e-04   3.84895e-06   4.28972e-01
  24  beta_phi    -3.95740e-03   7.29675e-04   3.34201e-06  -1.25795e+00
 MIGRAD MINIMIZATION HAS CONVERGED.
 MIGRAD WILL VERIFY CONVERGENCE AND ERROR MATRIX.
 COVARIANCE MATRIX CALCULATED SUCCESSFULLY
 FCN=106.106 FROM MIGRAD    STATUS=CONVERGED     114 CALLS        2219 TOTAL
                     EDM=1.12228e-06    STRATEGY= 1      ERROR MATRIX ACCURATE 
  EXT PARAMETER                                   STEP         FIRST   
  NO.   NAME      VALUE            ERROR          SIZE      DERIVATIVE 
   1  N0           2.79492e+06     fixed    
   2  tau          6.43938e+01   constant   
   3  A0           3.58577e-01     fixed    
   4  phi          4.11638e+00     fixed    
   5  R           -6.25265e+01   constant   
   6  alpha_CBO   -2.05794e-03     fixed    
   7  w_CBO        2.32500e+00   constant   
   8  beta_CBO    -3.55780e-03     fixed    
   9  alpha_2CBO   3.00559e-04     fixed    
  10  beta_2CBO    2.29460e-04     fixed    
  11  alpha_y     -6.64324e-07     fixed    
  12  w_y          1.44500e+01   constant   
  13  beta_y      -7.88553e-05   1.69942e-04   8.52860e-07   5.49783e+00
  14  alpha_vw     2.26119e-04   1.71541e-04   8.60647e-07   1.02158e-02
  15  w_vw         1.29000e+01   constant   
  16  beta_vw      0.00000e+00     fixed    
  17  LM          -3.26799e-04   constant   
  18  zeta_y       0.00000e+00   constant   
  19  zeta_vw      0.00000e+00   constant   
  20  T_CBO        1.00000e+03   9.28276e+02   1.15281e-01** at limit **
  21  alpha_A0     6.12013e-04   7.19516e-04   3.60931e-06  -4.22900e-01
  22  beta_A0     -1.72251e-03   7.62248e-04   3.75563e-06   7.13206e-01
  23  alpha_phi    2.42333e-03   7.90645e-04   3.81813e-06   4.35036e-01
  24  beta_phi    -3.96468e-03   7.43235e-04   3.31521e-06  -1.19030e+00
 EXTERNAL ERROR MATRIX.    NDIM=  25    NPAR=  7    ERR DEF=1
  2.888e-08  3.348e-09 -3.489e-10  1.514e-09 -7.111e-10 -3.118e-09  2.298e-10 
  3.348e-09  2.943e-08 -8.736e-10  1.179e-09 -8.519e-10 -4.295e-09 -9.266e-10 
 -3.489e-10 -8.736e-10  7.850e-04  1.497e-06 -4.174e-06  6.024e-06 -9.583e-06 
  1.514e-09  1.179e-09  1.497e-06  5.177e-07 -7.972e-09 -2.715e-08  1.267e-08 
 -7.111e-10 -8.519e-10 -4.174e-06 -7.972e-09  5.810e-07  1.258e-08  1.329e-08 
 -3.118e-09 -4.295e-09  6.024e-06 -2.715e-08  1.258e-08  6.251e-07 -9.670e-08 
  2.298e-10 -9.266e-10 -9.583e-06  1.267e-08  1.329e-08 -9.670e-08  5.524e-07 
 PARAMETER  CORRELATION COEFFICIENTS  
       NO.  GLOBAL     13     14     20     21     22     23     24
       13  0.11712   1.000  0.115 -0.000  0.012 -0.005 -0.023  0.002
       14  0.11942   0.115  1.000 -0.000  0.010 -0.007 -0.032 -0.007
       20  0.54385  -0.000 -0.000  1.000  0.074 -0.195  0.272 -0.460
       21  0.12083   0.012  0.010  0.074  1.000 -0.015 -0.048  0.024
       22  0.22216  -0.005 -0.007 -0.195 -0.015  1.000  0.021  0.023
       23  0.29456  -0.023 -0.032  0.272 -0.048  0.021  1.000 -0.165
       24  0.46996   0.002 -0.007 -0.460  0.024  0.023 -0.165  1.000
