 + ++++++++++++++++++++++++++++++++++++++++++++++++++++++++++++++++++++ +
 +                                                                      +
 +           You have chose to blind your fitting according to          +
 +                omega_ref * (1 + (R +/- deltaR) *10^{-6})             +
 +                                                                      +
 + ++++++++++++++++++++++++++++++++++++++++++++++++++++++++++++++++++++ +
In main()...
reading format from /gm2data/zkhechad/run45/envelope/formats/formatB_sBin_constraintOn.txt
pBinTau 	= 0  
pBinPhi 	= 0  
constraintau 	= 1 
includeMopTerm 	= 0    
constrainMop    = 0   
Parameters after format file: pBinTau 0 pBinPhi 0 constraintau 1 includeMopTerm 0 constrainMop 0 c_e_scale 0.000000 
Opening file /gm2data/tbarrett/gm2fr/studies/run23_bunch_corrections/CorrectedFourier_Run3b.root.
reading full fit data from /gm2data/zkhechad/cboTemplates/Run4CBOTemplates/fullFits/noRF/sBin_constraintOn_cE0.0_seed0_noRF_calo24.root
windowBins = 69
fitting sliding window 350 from bin 486 at 72.362000 to bin 555 at 82.806000 (69 bins)

Reading data from /gm2data/cornell/histograms/aMethod/histogram_a_noRF.root
 **********
 **    1 **SET PRINTOUT            1
 **********
 **********
 **    2 **SET NOWARNINGS 
 **********
 PARAMETER DEFINITIONS:
    NO.   NAME         VALUE      STEP SIZE      LIMITS
     1 N0           3.17469e+06  1.00000e+02     no limits
     2 tau          6.44005e+01  constant
     3 A0           3.64944e-01  1.00000e-04     no limits
     4 phi          4.11953e+00  1.00000e-02     no limits
     5 R           -6.09192e+01  constant
     6 alpha_CBO    0.00000e+00  1.00000e-03     no limits
     7 w_CBO        2.32500e+00  constant
     8 beta_CBO     0.00000e+00  1.00000e-03     no limits
     9 alpha_2CBO   0.00000e+00  1.00000e-03     no limits
    10 beta_2CBO    0.00000e+00  1.00000e-03     no limits
    11 alpha_y      0.00000e+00  1.00000e-03     no limits
    12 w_y          1.38860e+01  constant
    13 beta_y       0.00000e+00  1.00000e-03     no limits
    14 alpha_vw     0.00000e+00  1.00000e-03     no limits
    15 w_vw         1.43404e+01  constant
    16 beta_vw      0.00000e+00  1.00000e-03     no limits
    17 LM          -6.12107e-05  constant
    18 zeta_y       0.00000e+00  constant
    19 zeta_vw      0.00000e+00  constant
    20 T_CBO        1.00000e+02  1.00000e+00    0.00000e+00  1.00000e+03
    21 alpha_A0     0.00000e+00  1.00000e-03     no limits
    22 beta_A0      0.00000e+00  1.00000e-03     no limits
    23 alpha_phi    0.00000e+00  1.00000e-03     no limits
    24 beta_phi     0.00000e+00  1.00000e-03     no limits
MINUIT - FIT ONLY WIGGLE
 **********
 **    3 **FIX            5
 **********
 PARAMETER    5  IS CONSTANT.   IGNORED.
 **********
 **    4 **FIX            6
 **********
 **********
 **    5 **FIX            7
 **********
 PARAMETER    7  IS CONSTANT.   IGNORED.
 **********
 **    6 **FIX            8
 **********
 **********
 **    7 **FIX            9
 **********
 **********
 **    8 **FIX           10
 **********
 **********
 **    9 **FIX           11
 **********
 **********
 **   10 **FIX           12
 **********
 PARAMETER   12  IS CONSTANT.   IGNORED.
 **********
 **   11 **FIX           13
 **********
 **********
 **   12 **FIX           14
 **********
 **********
 **   13 **FIX           15
 **********
 PARAMETER   15  IS CONSTANT.   IGNORED.
 **********
 **   14 **FIX           16
 **********
 **********
 **   15 **MIGRAD
 **********
 FIRST CALL TO USER FUNCTION AT NEW START POINT, WITH IFLAG=4.
 START MIGRAD MINIMIZATION.  STRATEGY  1.  CONVERGENCE WHEN EDM .LT. 1.00e-04
 FCN=4029.04 FROM MIGRAD    STATUS=INITIATE      427 CALLS         428 TOTAL
                     EDM= unknown      STRATEGY= 1      NO ERROR MATRIX       
  EXT PARAMETER               CURRENT GUESS       STEP         FIRST   
  NO.   NAME      VALUE            ERROR          SIZE      DERIVATIVE 
   1  N0           3.17469e+06   1.00000e+02   0.00000e+00   9.89366e-03
   2  tau          6.44005e+01   constant   
   3  A0           3.64944e-01   1.00000e-04   0.00000e+00   1.84314e+04
   4  phi          4.11953e+00   1.00000e-02   0.00000e+00  -9.16633e+04
   5  R           -6.09192e+01   constant   
   6  alpha_CBO    0.00000e+00     fixed    
   7  w_CBO        2.32500e+00   constant   
   8  beta_CBO     0.00000e+00     fixed    
   9  alpha_2CBO   0.00000e+00     fixed    
  10  beta_2CBO    0.00000e+00     fixed    
  11  alpha_y      0.00000e+00     fixed    
  12  w_y          1.38860e+01   constant   
  13  beta_y       0.00000e+00     fixed    
  14  alpha_vw     0.00000e+00     fixed    
  15  w_vw         1.43404e+01   constant   
  16  beta_vw      0.00000e+00     fixed    
  17  LM          -6.12107e-05   constant   
  18  zeta_y       0.00000e+00   constant   
  19  zeta_vw      0.00000e+00   constant   
  20  T_CBO        1.00000e+02   1.00000e+00   0.00000e+00   0.00000e+00
  21  alpha_A0     0.00000e+00   1.00000e-03   0.00000e+00   1.06976e+04
  22  beta_A0      0.00000e+00   1.00000e-03   0.00000e+00  -2.23941e+03
  23  alpha_phi    0.00000e+00   1.00000e-03   0.00000e+00   2.88802e+04
  24  beta_phi     0.00000e+00   1.00000e-03   0.00000e+00   4.77713e+03
 CALL LIMIT EXCEEDED IN MIGRAD.
 MIGRAD TERMINATED WITHOUT CONVERGENCE.
 FCN=3601.39 FROM MIGRAD    STATUS=CALL LIMIT   1326 CALLS        1327 TOTAL
                     EDM=1.20945    STRATEGY= 1  ERROR MATRIX UNCERTAINTY   1.1 per cent
  EXT PARAMETER                APPROXIMATE        STEP         FIRST   
  NO.   NAME      VALUE            ERROR          SIZE      DERIVATIVE 
   1  N0           3.17479e+06   2.37425e+02   9.60083e+01   1.94750e-03
   2  tau          6.44005e+01   constant   
   3  A0           3.64735e-01   1.00392e-04   3.30125e-06   2.29019e+03
   4  phi          4.12395e+00   2.85140e-04  -6.82544e-05  -6.74792e+02
   5  R           -6.09192e+01   constant   
   6  alpha_CBO    0.00000e+00     fixed    
   7  w_CBO        2.32500e+00   constant   
   8  beta_CBO     0.00000e+00     fixed    
   9  alpha_2CBO   0.00000e+00     fixed    
  10  beta_2CBO    0.00000e+00     fixed    
  11  alpha_y      0.00000e+00     fixed    
  12  w_y          1.38860e+01   constant   
  13  beta_y       0.00000e+00     fixed    
  14  alpha_vw     0.00000e+00     fixed    
  15  w_vw         1.43404e+01   constant   
  16  beta_vw      0.00000e+00     fixed    
  17  LM          -6.12107e-05   constant   
  18  zeta_y       0.00000e+00   constant   
  19  zeta_vw      0.00000e+00   constant   
  20  T_CBO        1.03046e+01   3.46994e-01  -3.59863e-04   4.71068e+02
  21  alpha_A0    -3.86533e+00   8.97418e-01  -4.13737e-01   5.95417e-01
  22  beta_A0     -1.84142e-01   4.64159e-02  -2.17115e-02   2.42199e+00
  23  alpha_phi   -9.70358e+00   2.25596e+00  -1.04027e+00   7.76935e-02
  24  beta_phi    -6.30729e-01   1.46660e-01  -6.76171e-02  -4.77109e-01
 EXTERNAL ERROR MATRIX.    NDIM=  25    NPAR=  8    ERR DEF=1
  5.637e+04 -1.026e-03 -4.418e-03 -1.504e+01 -4.657e+01 -2.470e+00 -1.171e+02 -7.608e+00 
 -1.026e-03  1.008e-08 -1.246e-09 -2.120e-06 -3.520e-06 -1.595e-07 -8.833e-06 -5.779e-07 
 -4.418e-03 -1.246e-09  8.131e-08  9.583e-06  1.455e-05  7.405e-07  3.660e-05  2.392e-06 
 -1.504e+01 -2.120e-06  9.583e-06  1.204e-01  2.997e-01  1.547e-02  7.535e-01  4.898e-02 
 -4.657e+01 -3.520e-06  1.455e-05  2.997e-01  8.054e-01  4.163e-02  2.025e+00  1.316e-01 
 -2.470e+00 -1.595e-07  7.405e-07  1.547e-02  4.163e-02  2.154e-03  1.047e-01  6.803e-03 
 -1.171e+02 -8.833e-06  3.660e-05  7.535e-01  2.025e+00  1.047e-01  5.089e+00  3.309e-01 
 -7.608e+00 -5.779e-07  2.392e-06  4.898e-02  1.316e-01  6.803e-03  3.309e-01  2.151e-02 
ERR MATRIX APPROXIMATE
 PARAMETER  CORRELATION COEFFICIENTS  
       NO.  GLOBAL      1      3      4     20     21     22     23     24
        1  0.30616   1.000 -0.043 -0.065 -0.183 -0.219 -0.224 -0.219 -0.218
        3  0.17493  -0.043  1.000 -0.044 -0.061 -0.039 -0.034 -0.039 -0.039
        4  0.19615  -0.065 -0.044  1.000  0.097  0.057  0.056  0.057  0.057
       20  0.96482  -0.183 -0.061  0.097  1.000  0.963  0.961  0.963  0.963
       21  1.00000  -0.219 -0.039  0.057  0.963  1.000  0.999  1.000  1.000
       22  0.99952  -0.224 -0.034  0.056  0.961  0.999  1.000  0.999  0.999
       23  1.00000  -0.219 -0.039  0.057  0.963  1.000  0.999  1.000  1.000
       24  0.99998  -0.218 -0.039  0.057  0.963  1.000  0.999  1.000  1.000
 ERR MATRIX APPROXIMATE
MINUIT - FIT ONLY 1-CBO + wiggle
 **********
 **   16 **RES 
 **********
                   PARAMETER   16  beta_vw RESTORED TO VARIABLE.
                   PARAMETER   14  alpha_vw RESTORED TO VARIABLE.
                   PARAMETER   13  beta_y RESTORED TO VARIABLE.
                   PARAMETER   11  alpha_y RESTORED TO VARIABLE.
                   PARAMETER   10  beta_2CBO RESTORED TO VARIABLE.
                   PARAMETER    9  alpha_2CBO RESTORED TO VARIABLE.
                   PARAMETER    8  beta_CBO RESTORED TO VARIABLE.
                   PARAMETER    6  alpha_CBO RESTORED TO VARIABLE.
 **********
 **   17 **FIX            8
 **********
 **********
 **   18 **FIX            9
 **********
 **********
 **   19 **FIX           11
 **********
 **********
 **   20 **FIX           12
 **********
 PARAMETER   12  IS CONSTANT.   IGNORED.
 **********
 **   21 **FIX           14
 **********
 **********
 **   22 **FIX           15
 **********
 PARAMETER   15  IS CONSTANT.   IGNORED.
 **********
 **   23 **FIX           16
 **********
 **********
 **   24 **MIGRAD
 **********
 START MIGRAD MINIMIZATION.  STRATEGY  1.  CONVERGENCE WHEN EDM .LT. 1.00e-04
 FCN=3601.39 FROM MIGRAD    STATUS=INITIATE       28 CALLS        1355 TOTAL
                     EDM= unknown      STRATEGY= 1      NO ERROR MATRIX       
  EXT PARAMETER               CURRENT GUESS       STEP         FIRST   
  NO.   NAME      VALUE            ERROR          SIZE      DERIVATIVE 
   1  N0           3.17479e+06   2.37425e+02   9.60083e+01   1.94750e-03
   2  tau          6.44005e+01   constant   
   3  A0           3.64735e-01   1.00392e-04   3.30125e-06   2.29019e+03
   4  phi          4.12395e+00   2.85140e-04  -6.82544e-05  -6.74792e+02
   5  R           -6.09192e+01   constant   
   6  alpha_CBO    0.00000e+00   1.00000e-03   1.00000e-03   5.53211e+05
   7  w_CBO        2.32500e+00   constant   
   8  beta_CBO     0.00000e+00     fixed    
   9  alpha_2CBO   0.00000e+00     fixed    
  10  beta_2CBO    0.00000e+00   1.00000e-03   1.00000e-03  -7.61144e+04
  11  alpha_y      0.00000e+00     fixed    
  12  w_y          1.38860e+01   constant   
  13  beta_y       0.00000e+00   1.00000e-03   1.00000e-03  -3.08674e+04
  14  alpha_vw     0.00000e+00     fixed    
  15  w_vw         1.43404e+01   constant   
  16  beta_vw      0.00000e+00     fixed    
  17  LM          -6.12107e-05   constant   
  18  zeta_y       0.00000e+00   constant   
  19  zeta_vw      0.00000e+00   constant   
  20  T_CBO        1.03046e+01   3.46994e-01  -3.59863e-04   4.71054e+02
  21  alpha_A0    -3.86533e+00   8.97418e-01  -4.13737e-01   5.95417e-01
  22  beta_A0     -1.84142e-01   4.64159e-02  -2.17115e-02   2.42199e+00
  23  alpha_phi   -9.70358e+00   2.25596e+00  -1.04027e+00   7.76935e-02
  24  beta_phi    -6.30729e-01   1.46660e-01  -6.76171e-02  -4.77109e-01
 CALL LIMIT EXCEEDED IN MIGRAD.
 MIGRAD TERMINATED WITHOUT CONVERGENCE.
 FCN=2658.44 FROM MIGRAD    STATUS=CALL LIMIT   1924 CALLS        3251 TOTAL
                     EDM=0.133404    STRATEGY= 1  ERROR MATRIX UNCERTAINTY  23.9 per cent
  EXT PARAMETER                APPROXIMATE        STEP         FIRST   
  NO.   NAME      VALUE            ERROR          SIZE      DERIVATIVE 
   1  N0           3.17551e+06   2.34868e+02   4.52001e+01   1.21136e-03
   2  tau          6.44005e+01   constant   
   3  A0           3.65368e-01   1.00559e-04   2.29045e-05   1.83597e+03
   4  phi          4.12274e+00   2.91282e-04  -1.91425e-05   6.40286e+01
   5  R           -6.09192e+01   constant   
   6  alpha_CBO   -3.13627e-03   1.07445e-04  -1.95588e-08   7.86954e+02
   7  w_CBO        2.32500e+00   constant   
   8  beta_CBO     0.00000e+00     fixed    
   9  alpha_2CBO   0.00000e+00     fixed    
  10  beta_2CBO    6.12495e-04   1.02516e-04  -1.30428e-05  -8.14827e+02
  11  alpha_y      0.00000e+00     fixed    
  12  w_y          1.38860e+01   constant   
  13  beta_y       1.44500e-04   1.03559e-04   1.66672e-05   1.18666e+03
  14  alpha_vw     0.00000e+00     fixed    
  15  w_vw         1.43404e+01   constant   
  16  beta_vw      0.00000e+00     fixed    
  17  LM          -6.12107e-05   constant   
  18  zeta_y       0.00000e+00   constant   
  19  zeta_vw      0.00000e+00   constant   
  20  T_CBO        4.18951e+00   1.10527e-01  -6.32693e-04  -1.64093e+03
  21  alpha_A0    -6.29660e+04   2.58859e+04  -9.24778e+03  -2.59027e-05
  22  beta_A0      6.95735e+04   2.85989e+04   1.02170e+04  -7.51243e-05
  23  alpha_phi   -3.57444e+05   1.46901e+05  -5.24807e+04   5.49793e-05
  24  beta_phi    -9.71944e+04   3.99414e+04  -1.42692e+04  -1.56418e-04
 EXTERNAL ERROR MATRIX.    NDIM=  25    NPAR= 11    ERR DEF=1
  5.516e+04 
 -1.372e-03  1.011e-08 
 -4.413e-03 -1.929e-09  8.485e-08 
 -1.192e-03 -2.217e-09  5.056e-09  1.154e-08 
  1.076e-03  5.972e-10 -1.374e-09 -6.150e-10  1.051e-08 
 -7.132e-04 -2.324e-10 -7.726e-11  1.200e-11  2.161e-10  1.072e-08 
 -3.174e+00 -2.033e-06  1.130e-06 -5.557e-08  1.043e-06 -1.246e-06  1.222e-02 
 -1.056e+06 -5.007e-01  1.243e-01 -6.670e-02  2.274e-01 -3.316e-01  2.828e+03  6.701e+08 
  1.167e+06  5.532e-01 -1.374e-01  7.367e-02 -2.512e-01  3.663e-01 -3.124e+03 -7.403e+08  8.179e+08 
 -5.993e+06 -2.841e+00  7.056e-01 -3.785e-01  1.291e+00 -1.882e+00  1.605e+04  3.803e+09 -4.201e+09  2.158e+10 
 -1.629e+06 -7.726e-01  1.919e-01 -1.029e-01  3.509e-01 -5.116e-01  4.363e+03  1.034e+09 -1.142e+09  5.867e+09  1.595e+09 
ERR MATRIX APPROXIMATE
 PARAMETER  CORRELATION COEFFICIENTS  
       NO.  GLOBAL      1      3      4      6     10     13     20     21     22     23     24
        1  0.46868   1.000 -0.058 -0.065 -0.047  0.045 -0.029 -0.122 -0.174  0.174 -0.174 -0.174
        3  0.37371  -0.058  1.000 -0.066 -0.205  0.058 -0.022 -0.183 -0.192  0.192 -0.192 -0.192
        4  0.29915  -0.065 -0.066  1.000  0.162 -0.046 -0.003  0.035  0.016 -0.016  0.016  0.016
        6  0.32633  -0.047 -0.205  0.162  1.000 -0.056  0.001 -0.005 -0.024  0.024 -0.024 -0.024
       10  0.20392   0.045  0.058 -0.046 -0.056  1.000  0.020  0.092  0.086 -0.086  0.086  0.086
       13  0.19338  -0.029 -0.022 -0.003  0.001  0.020  1.000 -0.109 -0.124  0.124 -0.124 -0.124
       20  0.99068  -0.122 -0.183  0.035 -0.005  0.092 -0.109  1.000  0.988 -0.988  0.988  0.988
       21  1.00000  -0.174 -0.192  0.016 -0.024  0.086 -0.124  0.988  1.000 -1.000  1.000  1.000
       22  1.00000   0.174  0.192 -0.016  0.024 -0.086  0.124 -0.988 -1.000  1.000 -1.000 -1.000
       23  1.00000  -0.174 -0.192  0.016 -0.024  0.086 -0.124  0.988  1.000 -1.000  1.000  1.000
       24  1.00000  -0.174 -0.192  0.016 -0.024  0.086 -0.124  0.988  1.000 -1.000  1.000  1.000
 ERR MATRIX APPROXIMATE
MINUIT - FIT ONLY 2-CBO
 **********
 **   25 **RES 
 **********
                   PARAMETER   16  beta_vw RESTORED TO VARIABLE.
                   PARAMETER   14  alpha_vw RESTORED TO VARIABLE.
                   PARAMETER   11  alpha_y RESTORED TO VARIABLE.
                   PARAMETER    9  alpha_2CBO RESTORED TO VARIABLE.
                   PARAMETER    8  beta_CBO RESTORED TO VARIABLE.
 **********
 **   26 **FIX            0
 **********
 PARAMETER    0  IS UNDEFINED. IGNORED.
 **********
 **   27 **FIX            1
 **********
 **********
 **   28 **FIX            2
 **********
 PARAMETER    2  IS CONSTANT.   IGNORED.
 **********
 **   29 **FIX            3
 **********
 **********
 **   30 **FIX            4
 **********
 **********
 **   31 **FIX            5
 **********
 PARAMETER    5  IS CONSTANT.   IGNORED.
 **********
 **   32 **FIX            6
 **********
 **********
 **   33 **FIX            7
 **********
 PARAMETER    7  IS CONSTANT.   IGNORED.
 **********
 **   34 **FIX           10
 **********
 **********
 **   35 **FIX           11
 **********
 **********
 **   36 **FIX           12
 **********
 PARAMETER   12  IS CONSTANT.   IGNORED.
 **********
 **   37 **FIX           13
 **********
 **********
 **   38 **FIX           14
 **********
 **********
 **   39 **FIX           15
 **********
 PARAMETER   15  IS CONSTANT.   IGNORED.
 **********
 **   40 **FIX           16
 **********
 **********
 **   41 **MIGRAD
 **********
 START MIGRAD MINIMIZATION.  STRATEGY  1.  CONVERGENCE WHEN EDM .LT. 1.00e-04
 FCN=2658.44 FROM MIGRAD    STATUS=INITIATE       18 CALLS        3269 TOTAL
                     EDM= unknown      STRATEGY= 1      NO ERROR MATRIX       
  EXT PARAMETER               CURRENT GUESS       STEP         FIRST   
  NO.   NAME      VALUE            ERROR          SIZE      DERIVATIVE 
   1  N0           3.17551e+06     fixed    
   2  tau          6.44005e+01   constant   
   3  A0           3.65368e-01     fixed    
   4  phi          4.12274e+00     fixed    
   5  R           -6.09192e+01   constant   
   6  alpha_CBO   -3.13627e-03     fixed    
   7  w_CBO        2.32500e+00   constant   
   8  beta_CBO     0.00000e+00   1.00000e-03   1.00000e-03  -9.04398e+05
   9  alpha_2CBO   0.00000e+00   1.00000e-03   1.00000e-03   3.16867e+04
  10  beta_2CBO    6.12495e-04     fixed    
  11  alpha_y      0.00000e+00     fixed    
  12  w_y          1.38860e+01   constant   
  13  beta_y       1.44500e-04     fixed    
  14  alpha_vw     0.00000e+00     fixed    
  15  w_vw         1.43404e+01   constant   
  16  beta_vw      0.00000e+00     fixed    
  17  LM          -6.12107e-05   constant   
  18  zeta_y       0.00000e+00   constant   
  19  zeta_vw      0.00000e+00   constant   
  20  T_CBO        4.18951e+00   1.10527e-01  -6.32693e-04  -1.64093e+03
  21  alpha_A0    -6.29660e+04   2.58859e+04  -9.24778e+03  -2.59027e-05
  22  beta_A0      6.95735e+04   2.85989e+04   1.02170e+04  -7.51243e-05
  23  alpha_phi   -3.57444e+05   1.46901e+05  -5.24807e+04   5.49793e-05
  24  beta_phi    -9.71944e+04   3.99414e+04  -1.42692e+04  -1.56418e-04
 MIGRAD MINIMIZATION HAS CONVERGED.
 MIGRAD WILL VERIFY CONVERGENCE AND ERROR MATRIX.
 FCN=360.866 FROM HESSE     STATUS=NOT POSDEF     50 CALLS        4331 TOTAL
                     EDM=0.000467226    STRATEGY= 1      ERR MATRIX NOT POS-DEF
  EXT PARAMETER                APPROXIMATE        STEP         FIRST   
  NO.   NAME      VALUE            ERROR          SIZE      DERIVATIVE 
   1  N0           3.17551e+06     fixed    
   2  tau          6.44005e+01   constant   
   3  A0           3.65368e-01     fixed    
   4  phi          4.12274e+00     fixed    
   5  R           -6.09192e+01   constant   
   6  alpha_CBO   -3.13627e-03     fixed    
   7  w_CBO        2.32500e+00   constant   
   8  beta_CBO     5.11276e-03   1.06903e-04   9.71809e-07   1.03957e+00
   9  alpha_2CBO  -4.00212e-05   1.06725e-04   9.60134e-07   3.74292e+00
  10  beta_2CBO    6.12495e-04     fixed    
  11  alpha_y      0.00000e+00     fixed    
  12  w_y          1.38860e+01   constant   
  13  beta_y       1.44500e-04     fixed    
  14  alpha_vw     0.00000e+00     fixed    
  15  w_vw         1.43404e+01   constant   
  16  beta_vw      0.00000e+00     fixed    
  17  LM          -6.12107e-05   constant   
  18  zeta_y       0.00000e+00   constant   
  19  zeta_vw      0.00000e+00   constant   
  20  T_CBO        3.57294e+00   1.97654e-01   1.95440e-06  -5.31313e+00
  21  alpha_A0    -2.68200e+06   3.21282e+06   5.38024e+01  -4.30319e-08
  22  beta_A0     -3.33782e+06   3.94944e+06   5.38023e+01  -2.25652e-08
  23  alpha_phi   -6.18170e+06   7.06067e+06   5.38015e+01   2.56160e-08
  24  beta_phi    -2.30012e+06   2.70581e+06   5.38017e+01   2.68404e-08
 CALL LIMIT EXCEEDED IN MIGRAD.
 MIGRAD TERMINATED WITHOUT CONVERGENCE.
 FCN=360.865 FROM MIGRAD    STATUS=CALL LIMIT   1145 CALLS        4396 TOTAL
                     EDM=1.88038e-05    STRATEGY= 1      ERR MATRIX NOT POS-DEF
  EXT PARAMETER                APPROXIMATE        STEP         FIRST   
  NO.   NAME      VALUE            ERROR          SIZE      DERIVATIVE 
   1  N0           3.17551e+06     fixed    
   2  tau          6.44005e+01   constant   
   3  A0           3.65368e-01     fixed    
   4  phi          4.12274e+00     fixed    
   5  R           -6.09192e+01   constant   
   6  alpha_CBO   -3.13627e-03     fixed    
   7  w_CBO        2.32500e+00   constant   
   8  beta_CBO     5.11270e-03   1.07044e-04   1.02691e-08   2.09922e-01
   9  alpha_2CBO  -3.96031e-05   1.06749e-04  -1.06651e-08  -8.98766e-01
  10  beta_2CBO    6.12495e-04     fixed    
  11  alpha_y      0.00000e+00     fixed    
  12  w_y          1.38860e+01   constant   
  13  beta_y       1.44500e-04     fixed    
  14  alpha_vw     0.00000e+00     fixed    
  15  w_vw         1.43404e+01   constant   
  16  beta_vw      0.00000e+00     fixed    
  17  LM          -6.12107e-05   constant   
  18  zeta_y       0.00000e+00   constant   
  19  zeta_vw      0.00000e+00   constant   
  20  T_CBO        3.56367e+00   3.88719e-01  -1.84135e-06   1.06733e+00
  21  alpha_A0    -2.82036e+06   6.45206e+06  -3.59784e+03  -2.24765e-09
  22  beta_A0     -3.51764e+06   8.07875e+06  -4.54521e+03  -1.42468e-09
  23  alpha_phi   -6.52834e+06   1.47446e+07  -7.66669e+03   1.00889e-09
  24  beta_phi    -2.43415e+06   5.57513e+06  -2.69611e+03   1.96055e-09
 EXTERNAL ERROR MATRIX.    NDIM=  25    NPAR=  7    ERR DEF=1
  1.146e-08  1.467e-10 -2.918e-06 -5.192e+01 -7.351e+01 -1.067e+02 -4.505e+01 
  1.467e-10  1.140e-08 -1.182e-06 -1.338e+01 -1.267e+01 -5.537e+01 -1.385e+01 
 -2.918e-06 -1.182e-06  1.511e-01  2.495e+06  3.129e+06  5.727e+06  2.156e+06 
 -5.192e+01 -1.338e+01  2.495e+06  4.163e+13  5.171e+13  9.455e+13  3.557e+13 
 -7.351e+01 -1.267e+01  3.129e+06  5.171e+13  6.527e+13  1.186e+14  4.464e+13 
 -1.067e+02 -5.537e+01  5.727e+06  9.455e+13  1.186e+14  2.174e+14  8.174e+13 
 -4.505e+01 -1.385e+01  2.156e+06  3.557e+13  4.464e+13  8.174e+13  3.108e+13 
ERR MATRIX NOT POS-DEF
 PARAMETER  CORRELATION COEFFICIENTS  
       NO.  GLOBAL      8      9     20     21     22     23     24
        8  0.22105   1.000  0.013 -0.070 -0.075 -0.085 -0.068 -0.075
        9  0.25802   0.013  1.000 -0.028 -0.019 -0.015 -0.035 -0.023
       20  0.99948  -0.070 -0.028  1.000  0.995  0.996  0.999  0.995
       21  0.99474  -0.075 -0.019  0.995  1.000  0.992  0.994  0.989
       22  0.99673  -0.085 -0.015  0.996  0.992  1.000  0.995  0.991
       23  0.99927  -0.068 -0.035  0.999  0.994  0.995  1.000  0.994
       24  0.99484  -0.075 -0.023  0.995  0.989  0.991  0.994  1.000
 ERR MATRIX NOT POS-DEF
MINUIT - FIT wiggle + 1-CBO + 2-CBO
 **********
 **   42 **RES 
 **********
                   PARAMETER   16  beta_vw RESTORED TO VARIABLE.
                   PARAMETER   14  alpha_vw RESTORED TO VARIABLE.
                   PARAMETER   13  beta_y RESTORED TO VARIABLE.
                   PARAMETER   11  alpha_y RESTORED TO VARIABLE.
                   PARAMETER   10  beta_2CBO RESTORED TO VARIABLE.
                   PARAMETER    6  alpha_CBO RESTORED TO VARIABLE.
                   PARAMETER    4  phi RESTORED TO VARIABLE.
                   PARAMETER    3  A0 RESTORED TO VARIABLE.
                   PARAMETER    1  N0 RESTORED TO VARIABLE.
 **********
 **   43 **FIX           10
 **********
 **********
 **   44 **FIX           11
 **********
 **********
 **   45 **FIX           12
 **********
 PARAMETER   12  IS CONSTANT.   IGNORED.
 **********
 **   46 **FIX           13
 **********
 **********
 **   47 **FIX           14
 **********
 **********
 **   48 **FIX           15
 **********
 PARAMETER   15  IS CONSTANT.   IGNORED.
 **********
 **   49 **FIX           16
 **********
 **********
 **   50 **MIGRAD
 **********
 START MIGRAD MINIMIZATION.  STRATEGY  1.  CONVERGENCE WHEN EDM .LT. 1.00e-04
 FCN=360.865 FROM MIGRAD    STATUS=INITIATE       22 CALLS        4418 TOTAL
                     EDM= unknown      STRATEGY= 1      NO ERROR MATRIX       
  EXT PARAMETER               CURRENT GUESS       STEP         FIRST   
  NO.   NAME      VALUE            ERROR          SIZE      DERIVATIVE 
   1  N0           3.17551e+06   2.34868e+02   2.34868e+02   2.34325e-02
   2  tau          6.44005e+01   constant   
   3  A0           3.65368e-01   1.00559e-04   1.00559e-04   7.05541e+04
   4  phi          4.12274e+00   2.91282e-04   2.91282e-04   5.15113e+04
   5  R           -6.09192e+01   constant   
   6  alpha_CBO   -3.13627e-03   1.07445e-04   1.07445e-04  -4.62739e+04
   7  w_CBO        2.32500e+00   constant   
   8  beta_CBO     5.11270e-03   1.07044e-04   1.02691e-08   2.09916e-01
   9  alpha_2CBO  -3.96031e-05   1.06749e-04  -1.06651e-08  -8.98758e-01
  10  beta_2CBO    6.12495e-04     fixed    
  11  alpha_y      0.00000e+00     fixed    
  12  w_y          1.38860e+01   constant   
  13  beta_y       1.44500e-04     fixed    
  14  alpha_vw     0.00000e+00     fixed    
  15  w_vw         1.43404e+01   constant   
  16  beta_vw      0.00000e+00     fixed    
  17  LM          -6.12107e-05   constant   
  18  zeta_y       0.00000e+00   constant   
  19  zeta_vw      0.00000e+00   constant   
  20  T_CBO        3.56367e+00   3.88719e-01  -1.84135e-06   1.06725e+00
  21  alpha_A0    -2.82036e+06   6.45206e+06  -3.59784e+03  -2.24636e-09
  22  beta_A0     -3.51764e+06   8.07875e+06  -4.54521e+03  -1.42878e-09
  23  alpha_phi   -6.52834e+06   1.47446e+07  -7.66669e+03   1.00884e-09
  24  beta_phi    -2.43415e+06   5.57513e+06  -2.69611e+03   1.96054e-09
 CALL LIMIT EXCEEDED IN MIGRAD.
 MIGRAD TERMINATED WITHOUT CONVERGENCE.
 FCN=260.831 FROM MIGRAD    STATUS=CALL LIMIT   1919 CALLS        6315 TOTAL
                     EDM=0.238889    STRATEGY= 1  ERROR MATRIX UNCERTAINTY  13.5 per cent
  EXT PARAMETER                APPROXIMATE        STEP         FIRST   
  NO.   NAME      VALUE            ERROR          SIZE      DERIVATIVE 
   1  N0           3.17484e+06   2.25648e+02  -1.01287e+01   8.19151e-04
   2  tau          6.44005e+01   constant   
   3  A0           3.64915e-01   9.24020e-05   7.10549e-06  -7.55027e+02
   4  phi          4.12010e+00   2.93769e-04  -3.05645e-05   2.36061e+01
   5  R           -6.09192e+01   constant   
   6  alpha_CBO   -3.00562e-03   1.04880e-04  -5.95966e-06  -1.84289e+02
   7  w_CBO        2.32500e+00   constant   
   8  beta_CBO     5.31424e-03   1.06496e-04  -1.04783e-05  -1.57851e+03
   9  alpha_2CBO   1.15582e-05   1.04334e-04   9.38604e-06   1.37629e+03
  10  beta_2CBO    6.12495e-04     fixed    
  11  alpha_y      0.00000e+00     fixed    
  12  w_y          1.38860e+01   constant   
  13  beta_y       1.44500e-04     fixed    
  14  alpha_vw     0.00000e+00     fixed    
  15  w_vw         1.43404e+01   constant   
  16  beta_vw      0.00000e+00     fixed    
  17  LM          -6.12107e-05   constant   
  18  zeta_y       0.00000e+00   constant   
  19  zeta_vw      0.00000e+00   constant   
  20  T_CBO        5.03238e+00   1.61004e-01   3.29374e-04  -1.42794e+03
  21  alpha_A0    -4.16542e+03   2.61034e+03  -2.18700e+02  -1.07180e-04
  22  beta_A0     -3.99673e+03   3.74130e+03   3.41885e+02   2.81991e-05
  23  alpha_phi   -1.15133e+04   7.05415e+03   8.63793e+02   3.71121e-04
  24  beta_phi    -7.51396e+03   4.47914e+03   5.31405e+02   1.72146e-04
 EXTERNAL ERROR MATRIX.    NDIM=  25    NPAR= 11    ERR DEF=1
  5.092e+04 
  1.790e-04  8.538e-09 
 -1.253e-03 -5.324e-09  8.630e-08 
  8.173e-04 -3.246e-09  4.589e-09  1.100e-08 
 -1.786e-03 -5.817e-10 -2.859e-09  9.176e-10  1.134e-08 
 -1.054e-03 -1.905e-10 -2.273e-09 -2.935e-10  6.738e-10  1.089e-08 
 -4.466e-01  2.140e-07 -5.595e-06 -7.520e-07 -1.591e-06  1.376e-06  2.592e-02 
  4.752e+04 -2.028e-02 -1.251e-01 -3.698e-02 -2.808e-02  3.147e-02  3.215e+02  6.814e+06 
 -8.670e+04  2.221e-02 -2.415e-01 -3.334e-02 -4.213e-02  5.542e-02  4.497e+02  6.140e+06  1.400e+07 
 -9.536e+04  5.519e-04 -2.798e-01 -3.840e-02 -1.989e-02  1.835e-02  1.115e+03  1.439e+07  1.908e+07  4.976e+07 
 -4.443e+04  3.748e-02 -9.017e-02 -1.435e-02 -4.172e-02  4.079e-02  6.706e+02  8.142e+06  1.195e+07  2.784e+07  2.006e+07 
ERR MATRIX APPROXIMATE
 PARAMETER  CORRELATION COEFFICIENTS  
       NO.  GLOBAL      1      3      4      6      8      9     20     21     22     23     24
        1  0.51698   1.000  0.009 -0.019  0.035 -0.074 -0.045 -0.012  0.081 -0.103 -0.060 -0.044
        3  0.51078   0.009  1.000 -0.196 -0.335 -0.059 -0.020  0.014 -0.084  0.064  0.001  0.091
        4  0.38250  -0.019 -0.196  1.000  0.149 -0.091 -0.074 -0.118 -0.163 -0.220 -0.135 -0.069
        6  0.42257   0.035 -0.335  0.149  1.000  0.082 -0.027 -0.045 -0.135 -0.085 -0.052 -0.031
        8  0.51662  -0.074 -0.059 -0.091  0.082  1.000  0.061 -0.093 -0.101 -0.106 -0.026 -0.087
        9  0.48870  -0.045 -0.020 -0.074 -0.027  0.061  1.000  0.082  0.116  0.142  0.025  0.087
       20  0.99510  -0.012  0.014 -0.118 -0.045 -0.093  0.082  1.000  0.765  0.747  0.982  0.930
       21  0.84442   0.081 -0.084 -0.163 -0.135 -0.101  0.116  0.765  1.000  0.629  0.781  0.696
       22  0.78085  -0.103  0.064 -0.220 -0.085 -0.106  0.142  0.747  0.629  1.000  0.723  0.713
       23  0.99269  -0.060  0.001 -0.135 -0.052 -0.026  0.025  0.982  0.781  0.723  1.000  0.881
       24  0.95818  -0.044  0.091 -0.069 -0.031 -0.087  0.087  0.930  0.696  0.713  0.881  1.000
 ERR MATRIX APPROXIMATE
MINUIT - FIT ONLY 1-y
 **********
 **   51 **RES 
 **********
                   PARAMETER   16  beta_vw RESTORED TO VARIABLE.
                   PARAMETER   14  alpha_vw RESTORED TO VARIABLE.
                   PARAMETER   13  beta_y RESTORED TO VARIABLE.
                   PARAMETER   11  alpha_y RESTORED TO VARIABLE.
                   PARAMETER   10  beta_2CBO RESTORED TO VARIABLE.
 **********
 **   52 **FIX            0
 **********
 PARAMETER    0  IS UNDEFINED. IGNORED.
 **********
 **   53 **FIX            1
 **********
 **********
 **   54 **FIX            2
 **********
 PARAMETER    2  IS CONSTANT.   IGNORED.
 **********
 **   55 **FIX            3
 **********
 **********
 **   56 **FIX            4
 **********
 **********
 **   57 **FIX            5
 **********
 PARAMETER    5  IS CONSTANT.   IGNORED.
 **********
 **   58 **FIX            6
 **********
 **********
 **   59 **FIX            7
 **********
 PARAMETER    7  IS CONSTANT.   IGNORED.
 **********
 **   60 **FIX            8
 **********
 **********
 **   61 **FIX            9
 **********
 **********
 **   62 **FIX           13
 **********
 **********
 **   63 **FIX           14
 **********
 **********
 **   64 **FIX           15
 **********
 PARAMETER   15  IS CONSTANT.   IGNORED.
 **********
 **   65 **FIX           16
 **********
 **********
 **   66 **MIGRAD
 **********
 START MIGRAD MINIMIZATION.  STRATEGY  1.  CONVERGENCE WHEN EDM .LT. 1.00e-04
 FCN=260.831 FROM MIGRAD    STATUS=INITIATE       16 CALLS        6331 TOTAL
                     EDM= unknown      STRATEGY= 1      NO ERROR MATRIX       
  EXT PARAMETER               CURRENT GUESS       STEP         FIRST   
  NO.   NAME      VALUE            ERROR          SIZE      DERIVATIVE 
   1  N0           3.17484e+06     fixed    
   2  tau          6.44005e+01   constant   
   3  A0           3.64915e-01     fixed    
   4  phi          4.12010e+00     fixed    
   5  R           -6.09192e+01   constant   
   6  alpha_CBO   -3.00562e-03     fixed    
   7  w_CBO        2.32500e+00   constant   
   8  beta_CBO     5.31424e-03     fixed    
   9  alpha_2CBO   1.15582e-05     fixed    
  10  beta_2CBO    6.12495e-04   1.02516e-04   1.02516e-04   9.33567e+04
  11  alpha_y      0.00000e+00   1.00000e-03   1.00000e-03   9.07359e+04
  12  w_y          1.38860e+01   constant   
  13  beta_y       1.44500e-04     fixed    
  14  alpha_vw     0.00000e+00     fixed    
  15  w_vw         1.43404e+01   constant   
  16  beta_vw      0.00000e+00     fixed    
  17  LM          -6.12107e-05   constant   
  18  zeta_y       0.00000e+00   constant   
  19  zeta_vw      0.00000e+00   constant   
  20  T_CBO        5.03238e+00   1.61004e-01   3.29374e-04  -1.42794e+03
  21  alpha_A0    -4.16542e+03   2.61034e+03  -2.18700e+02  -1.07180e-04
  22  beta_A0     -3.99673e+03   3.74130e+03   3.41885e+02   2.81991e-05
  23  alpha_phi   -1.15133e+04   7.05415e+03   8.63793e+02   3.71121e-04
  24  beta_phi    -7.51396e+03   4.47914e+03   5.31405e+02   1.72146e-04
 CALL LIMIT EXCEEDED IN MIGRAD.
 MIGRAD TERMINATED WITHOUT CONVERGENCE.
 FCN=204.736 FROM MIGRAD    STATUS=CALL LIMIT   1159 CALLS        7474 TOTAL
                     EDM=0.374789    STRATEGY= 1  ERROR MATRIX UNCERTAINTY  27.4 per cent
  EXT PARAMETER                APPROXIMATE        STEP         FIRST   
  NO.   NAME      VALUE            ERROR          SIZE      DERIVATIVE 
   1  N0           3.17484e+06     fixed    
   2  tau          6.44005e+01   constant   
   3  A0           3.64915e-01     fixed    
   4  phi          4.12010e+00     fixed    
   5  R           -6.09192e+01   constant   
   6  alpha_CBO   -3.00562e-03     fixed    
   7  w_CBO        2.32500e+00   constant   
   8  beta_CBO     5.31424e-03     fixed    
   9  alpha_2CBO   1.15582e-05     fixed    
  10  beta_2CBO    6.16779e-05   1.03029e-04   1.33212e-07  -9.57766e+01
  11  alpha_y     -4.71983e-04   1.01779e-04  -5.33833e-08   1.54885e+03
  12  w_y          1.38860e+01   constant   
  13  beta_y       1.44500e-04     fixed    
  14  alpha_vw     0.00000e+00     fixed    
  15  w_vw         1.43404e+01   constant   
  16  beta_vw      0.00000e+00     fixed    
  17  LM          -6.12107e-05   constant   
  18  zeta_y       0.00000e+00   constant   
  19  zeta_vw      0.00000e+00   constant   
  20  T_CBO        8.30755e+00   5.16270e-01   9.22491e-04  -5.57416e+02
  21  alpha_A0    -7.30927e+00   8.50346e+00   1.01434e+00   3.63809e-02
  22  beta_A0     -1.31042e+01   9.62341e+00   1.67050e+00   1.20847e-01
  23  alpha_phi   -3.35525e+01   2.17698e+01   3.89485e+00   4.04693e-02
  24  beta_phi    -1.77895e+01   1.53897e+01   1.65593e+00   7.12654e-02
 EXTERNAL ERROR MATRIX.    NDIM=  25    NPAR=  7    ERR DEF=1
  1.062e-08 -4.452e-11 -1.548e-06 -9.586e-05  5.721e-05 -8.201e-05 -1.271e-04 
 -4.452e-11  1.036e-08  3.810e-06  1.661e-05  1.398e-05  1.569e-04  3.114e-05 
 -1.548e-06  3.810e-06  2.665e-01  1.931e+00  4.407e+00  1.104e+01  7.010e+00 
 -9.586e-05  1.661e-05  1.931e+00  7.231e+01  3.033e+01  6.886e+01  2.889e+01 
  5.721e-05  1.398e-05  4.407e+00  3.033e+01  9.261e+01  1.784e+02  9.820e+01 
 -8.201e-05  1.569e-04  1.104e+01  6.886e+01  1.784e+02  4.739e+02  2.962e+02 
 -1.271e-04  3.114e-05  7.010e+00  2.889e+01  9.820e+01  2.962e+02  2.368e+02 
ERR MATRIX APPROXIMATE
 PARAMETER  CORRELATION COEFFICIENTS  
       NO.  GLOBAL     10     11     20     21     22     23     24
       10  0.22963   1.000 -0.004 -0.029 -0.109  0.058 -0.037 -0.080
       11  0.26832  -0.004  1.000  0.073  0.019  0.014  0.071  0.020
       20  0.99362  -0.029  0.073  1.000  0.440  0.887  0.982  0.882
       21  0.71447  -0.109  0.019  0.440  1.000  0.371  0.372  0.221
       22  0.94157   0.058  0.014  0.887  0.371  1.000  0.852  0.663
       23  0.98585  -0.037  0.071  0.982  0.372  0.852  1.000  0.884
       24  0.94543  -0.080  0.020  0.882  0.221  0.663  0.884  1.000
 ERR MATRIX APPROXIMATE
MINUIT - FIT ONLY 2-y
 **********
 **   67 **RES 
 **********
                   PARAMETER   16  beta_vw RESTORED TO VARIABLE.
                   PARAMETER   14  alpha_vw RESTORED TO VARIABLE.
                   PARAMETER   13  beta_y RESTORED TO VARIABLE.
                   PARAMETER    9  alpha_2CBO RESTORED TO VARIABLE.
                   PARAMETER    8  beta_CBO RESTORED TO VARIABLE.
                   PARAMETER    6  alpha_CBO RESTORED TO VARIABLE.
                   PARAMETER    4  phi RESTORED TO VARIABLE.
                   PARAMETER    3  A0 RESTORED TO VARIABLE.
                   PARAMETER    1  N0 RESTORED TO VARIABLE.
 **********
 **   68 **FIX            0
 **********
 PARAMETER    0  IS UNDEFINED. IGNORED.
 **********
 **   69 **FIX            1
 **********
 **********
 **   70 **FIX            2
 **********
 PARAMETER    2  IS CONSTANT.   IGNORED.
 **********
 **   71 **FIX            3
 **********
 **********
 **   72 **FIX            4
 **********
 **********
 **   73 **FIX            5
 **********
 PARAMETER    5  IS CONSTANT.   IGNORED.
 **********
 **   74 **FIX            6
 **********
 **********
 **   75 **FIX            7
 **********
 PARAMETER    7  IS CONSTANT.   IGNORED.
 **********
 **   76 **FIX            8
 **********
 **********
 **   77 **FIX            9
 **********
 **********
 **   78 **FIX           10
 **********
 **********
 **   79 **FIX           11
 **********
 **********
 **   80 **FIX           12
 **********
 PARAMETER   12  IS CONSTANT.   IGNORED.
 **********
 **   81 **FIX           16
 **********
 **********
 **   82 **MIGRAD
 **********
 START MIGRAD MINIMIZATION.  STRATEGY  1.  CONVERGENCE WHEN EDM .LT. 1.00e-04
 FCN=204.736 FROM MIGRAD    STATUS=INITIATE       16 CALLS        7490 TOTAL
                     EDM= unknown      STRATEGY= 1      NO ERROR MATRIX       
  EXT PARAMETER               CURRENT GUESS       STEP         FIRST   
  NO.   NAME      VALUE            ERROR          SIZE      DERIVATIVE 
   1  N0           3.17484e+06     fixed    
   2  tau          6.44005e+01   constant   
   3  A0           3.64915e-01     fixed    
   4  phi          4.12010e+00     fixed    
   5  R           -6.09192e+01   constant   
   6  alpha_CBO   -3.00562e-03     fixed    
   7  w_CBO        2.32500e+00   constant   
   8  beta_CBO     5.31424e-03     fixed    
   9  alpha_2CBO   1.15582e-05     fixed    
  10  beta_2CBO    6.16779e-05     fixed    
  11  alpha_y     -4.71983e-04     fixed    
  12  w_y          1.38860e+01   constant   
  13  beta_y       1.44500e-04   1.03559e-04   1.03559e-04  -2.44581e+04
  14  alpha_vw     0.00000e+00   1.00000e-03   1.00000e-03  -2.28646e+05
  15  w_vw         1.43404e+01   constant   
  16  beta_vw      0.00000e+00     fixed    
  17  LM          -6.12107e-05   constant   
  18  zeta_y       0.00000e+00   constant   
  19  zeta_vw      0.00000e+00   constant   
  20  T_CBO        8.30755e+00   5.16270e-01   9.22491e-04  -5.57416e+02
  21  alpha_A0    -7.30927e+00   8.50346e+00   1.01434e+00   3.63809e-02
  22  beta_A0     -1.31042e+01   9.62341e+00   1.67050e+00   1.20847e-01
  23  alpha_phi   -3.35525e+01   2.17698e+01   3.89485e+00   4.04693e-02
  24  beta_phi    -1.77895e+01   1.53897e+01   1.65593e+00   7.12654e-02
 CALL LIMIT EXCEEDED IN MIGRAD.
 MIGRAD TERMINATED WITHOUT CONVERGENCE.
 FCN=61.0312 FROM MIGRAD    STATUS=CALL LIMIT   1159 CALLS        8633 TOTAL
                     EDM=0.0174585    STRATEGY= 1  ERROR MATRIX UNCERTAINTY  23.5 per cent
  EXT PARAMETER                APPROXIMATE        STEP         FIRST   
  NO.   NAME      VALUE            ERROR          SIZE      DERIVATIVE 
   1  N0           3.17484e+06     fixed    
   2  tau          6.44005e+01   constant   
   3  A0           3.64915e-01     fixed    
   4  phi          4.12010e+00     fixed    
   5  R           -6.09192e+01   constant   
   6  alpha_CBO   -3.00562e-03     fixed    
   7  w_CBO        2.32500e+00   constant   
   8  beta_CBO     5.31424e-03     fixed    
   9  alpha_2CBO   1.15582e-05     fixed    
  10  beta_2CBO    6.16779e-05     fixed    
  11  alpha_y     -4.71983e-04     fixed    
  12  w_y          1.38860e+01   constant   
  13  beta_y       6.95812e-05   1.05457e-04   8.45836e-08  -3.29789e+01
  14  alpha_vw     1.23456e-03   9.76663e-05  -1.89581e-07  -6.27299e+02
  15  w_vw         1.43404e+01   constant   
  16  beta_vw      0.00000e+00     fixed    
  17  LM          -6.12107e-05   constant   
