 + ++++++++++++++++++++++++++++++++++++++++++++++++++++++++++++++++++++ +
 +                                                                      +
 +           You have chose to blind your fitting according to          +
 +                omega_ref * (1 + (R +/- deltaR) *10^{-6})             +
 +                                                                      +
 + ++++++++++++++++++++++++++++++++++++++++++++++++++++++++++++++++++++ +
In main()...
reading format from /gm2data/zkhechad/run45/envelope/formats/formatB_sBin_constraintOn.txt
pBinTau 	= 0  
pBinPhi 	= 0  
constraintau 	= 1 
includeMopTerm 	= 0    
constrainMop    = 0   
Parameters after format file: pBinTau 0 pBinPhi 0 constraintau 1 includeMopTerm 0 constrainMop 0 c_e_scale 0.000000 
Opening file /gm2data/tbarrett/gm2fr/studies/run23_bunch_corrections/CorrectedFourier_Run3b.root.
reading full fit data from /gm2data/zkhechad/cboTemplates/Run4CBOTemplates/templateFits0_v2.0/noRF/sBin_constraintOn_cE0.0_seed0_noRF_calo6.root
windowBins = 17
fitting sliding window 0 from bin 136 at 20.142000 to bin 153 at 22.827600 (17 bins)

Reading data from /gm2data/cornell/histograms/aMethod/histogram_a_noRF.root
 **********
 **    1 **SET PRINTOUT            1
 **********
 **********
 **    2 **SET NOWARNINGS 
 **********
 PARAMETER DEFINITIONS:
    NO.   NAME         VALUE      STEP SIZE      LIMITS
     1 N0           2.90949e+06  1.00000e+02     no limits
     2 tau          6.43983e+01  constant
     3 A0           3.53683e-01  1.00000e-04     no limits
     4 phi          4.11541e+00  1.00000e-02     no limits
     5 R           -6.16270e+01  constant
     6 alpha_CBO    0.00000e+00  1.00000e-03     no limits
     7 w_CBO        2.32500e+00  constant
     8 beta_CBO     0.00000e+00  1.00000e-03     no limits
     9 alpha_2CBO   0.00000e+00  1.00000e-03     no limits
    10 beta_2CBO    0.00000e+00  1.00000e-03     no limits
    11 alpha_y      0.00000e+00  1.00000e-03     no limits
    12 w_y          1.44500e+01  constant
    13 beta_y       0.00000e+00  1.00000e-03     no limits
    14 alpha_vw     0.00000e+00  1.00000e-03     no limits
    15 w_vw         1.29000e+01  constant
    16 beta_vw      0.00000e+00  1.00000e-03     no limits
    17 LM          -2.35969e-04  constant
    18 zeta_y       0.00000e+00  constant
    19 zeta_vw      0.00000e+00  constant
    20 T_CBO        1.00000e+02  1.00000e+00    0.00000e+00  1.00000e+03
    21 alpha_A0     0.00000e+00  1.00000e-03     no limits
    22 beta_A0      0.00000e+00  1.00000e-03     no limits
    23 alpha_phi    0.00000e+00  1.00000e-03     no limits
    24 beta_phi     0.00000e+00  1.00000e-03     no limits
MINUIT - FIT ONLY WIGGLE
 **********
 **    3 **FIX            5
 **********
 PARAMETER    5  IS CONSTANT.   IGNORED.
 **********
 **    4 **FIX            6
 **********
 **********
 **    5 **FIX            7
 **********
 PARAMETER    7  IS CONSTANT.   IGNORED.
 **********
 **    6 **FIX            8
 **********
 **********
 **    7 **FIX            9
 **********
 **********
 **    8 **FIX           10
 **********
 **********
 **    9 **FIX           11
 **********
 **********
 **   10 **FIX           12
 **********
 PARAMETER   12  IS CONSTANT.   IGNORED.
 **********
 **   11 **FIX           13
 **********
 **********
 **   12 **FIX           14
 **********
 **********
 **   13 **FIX           15
 **********
 PARAMETER   15  IS CONSTANT.   IGNORED.
 **********
 **   14 **FIX           16
 **********
 **********
 **   15 **MIGRAD
 **********
 FIRST CALL TO USER FUNCTION AT NEW START POINT, WITH IFLAG=4.
 START MIGRAD MINIMIZATION.  STRATEGY  1.  CONVERGENCE WHEN EDM .LT. 1.00e-04
 FCN=5793.9 FROM MIGRAD    STATUS=INITIATE      435 CALLS         436 TOTAL
                     EDM= unknown      STRATEGY= 1      NO ERROR MATRIX       
  EXT PARAMETER               CURRENT GUESS       STEP         FIRST   
  NO.   NAME      VALUE            ERROR          SIZE      DERIVATIVE 
   1  N0           2.90949e+06   1.00000e+02   0.00000e+00  -1.71927e-01
   2  tau          6.43983e+01   constant   
   3  A0           3.53683e-01   1.00000e-04   0.00000e+00  -9.31843e+05
   4  phi          4.11541e+00   1.00000e-02   0.00000e+00  -1.21157e+05
   5  R           -6.16270e+01   constant   
   6  alpha_CBO    0.00000e+00     fixed    
   7  w_CBO        2.32500e+00   constant   
   8  beta_CBO     0.00000e+00     fixed    
   9  alpha_2CBO   0.00000e+00     fixed    
  10  beta_2CBO    0.00000e+00     fixed    
  11  alpha_y      0.00000e+00     fixed    
  12  w_y          1.44500e+01   constant   
  13  beta_y       0.00000e+00     fixed    
  14  alpha_vw     0.00000e+00     fixed    
  15  w_vw         1.29000e+01   constant   
  16  beta_vw      0.00000e+00     fixed    
  17  LM          -2.35969e-04   constant   
  18  zeta_y       0.00000e+00   constant   
  19  zeta_vw      0.00000e+00   constant   
  20  T_CBO        1.00000e+02   1.00000e+00   0.00000e+00   0.00000e+00
  21  alpha_A0     0.00000e+00   1.00000e-03   0.00000e+00   4.40102e+03
  22  beta_A0      0.00000e+00   1.00000e-03   0.00000e+00   1.63990e+05
  23  alpha_phi    0.00000e+00   1.00000e-03   0.00000e+00   3.93777e+04
  24  beta_phi     0.00000e+00   1.00000e-03   0.00000e+00  -2.09186e+04
 CALL LIMIT EXCEEDED IN MIGRAD.
 MIGRAD TERMINATED WITHOUT CONVERGENCE.
 FCN=260.758 FROM MIGRAD    STATUS=CALL LIMIT   1338 CALLS        1339 TOTAL
                     EDM=0.00582081    STRATEGY= 1  ERROR MATRIX UNCERTAINTY   7.6 per cent
  EXT PARAMETER                APPROXIMATE        STEP         FIRST   
  NO.   NAME      VALUE            ERROR          SIZE      DERIVATIVE 
   1  N0           2.87473e+06   1.10000e+04  -5.72386e+02  -4.76891e-05
   2  tau          6.43983e+01   constant   
   3  A0           3.83078e-01   4.54477e-03   2.41861e-04   7.02895e+02
   4  phi          4.11368e+00   8.35375e-03  -4.03884e-04   3.43561e+00
   5  R           -6.16270e+01   constant   
   6  alpha_CBO    0.00000e+00     fixed    
   7  w_CBO        2.32500e+00   constant   
   8  beta_CBO     0.00000e+00     fixed    
   9  alpha_2CBO   0.00000e+00     fixed    
  10  beta_2CBO    0.00000e+00     fixed    
  11  alpha_y      0.00000e+00     fixed    
  12  w_y          1.44500e+01   constant   
  13  beta_y       0.00000e+00     fixed    
  14  alpha_vw     0.00000e+00     fixed    
  15  w_vw         1.29000e+01   constant   
  16  beta_vw      0.00000e+00     fixed    
  17  LM          -2.35969e-04   constant   
  18  zeta_y       0.00000e+00   constant   
  19  zeta_vw      0.00000e+00   constant   
  20  T_CBO        4.19182e+01   1.05388e+01   1.65230e-03  -4.99093e+01
  21  alpha_A0     1.06008e-01   2.30738e-02   1.32828e-03  -5.48155e+00
  22  beta_A0      4.15177e-02   1.64185e-02  -2.40123e-05  -4.56856e+01
  23  alpha_phi    5.58108e-02   1.77471e-02  -3.09416e-04  -4.64550e+01
  24  beta_phi    -1.33331e-01   2.19286e-02  -1.25810e-03   9.63129e+01
 EXTERNAL ERROR MATRIX.    NDIM=  25    NPAR=  8    ERR DEF=1
  1.210e+08 -3.780e+01  9.036e+01 -8.644e+04 -2.295e+02  8.947e+01  1.444e+02  2.046e+02 
 -3.780e+01  2.065e-05 -2.768e-05  3.608e-02  7.868e-05  1.320e-05 -1.208e-05 -6.958e-05 
  9.036e+01 -2.768e-05  6.979e-05 -6.034e-02 -1.793e-04  6.936e-05  1.092e-04  1.603e-04 
 -8.644e+04  3.608e-02 -6.034e-02  1.112e+02  1.123e-01 -4.104e-02 -9.510e-02 -7.977e-02 
 -2.295e+02  7.868e-05 -1.793e-04  1.123e-01  5.324e-04 -1.114e-04 -2.123e-04 -5.003e-04 
  8.947e+01  1.320e-05  6.936e-05 -4.104e-02 -1.114e-04  2.696e-04  2.747e-04  9.139e-05 
  1.444e+02 -1.208e-05  1.092e-04 -9.510e-02 -2.123e-04  2.747e-04  3.150e-04  1.778e-04 
  2.046e+02 -6.958e-05  1.603e-04 -7.977e-02 -5.003e-04  9.139e-05  1.778e-04  4.809e-04 
ERR MATRIX APPROXIMATE
 PARAMETER  CORRELATION COEFFICIENTS  
       NO.  GLOBAL      1      3      4     20     21     22     23     24
        1  0.99975   1.000 -0.756  0.983 -0.745 -0.904  0.495  0.740  0.848
        3  0.99963  -0.756  1.000 -0.729  0.753  0.750  0.177 -0.150 -0.698
        4  0.99928   0.983 -0.729  1.000 -0.685 -0.930  0.506  0.737  0.875
       20  0.99970  -0.745  0.753 -0.685  1.000  0.461 -0.237 -0.508 -0.345
       21  0.99948  -0.904  0.750 -0.930  0.461  1.000 -0.294 -0.518 -0.989
       22  0.99825   0.495  0.177  0.506 -0.237 -0.294  1.000  0.943  0.254
       23  0.99848   0.740 -0.150  0.737 -0.508 -0.518  0.943  1.000  0.457
       24  0.99964   0.848 -0.698  0.875 -0.345 -0.989  0.254  0.457  1.000
 ERR MATRIX APPROXIMATE
MINUIT - FIT ONLY 1-CBO + wiggle
 **********
 **   16 **RES 
 **********
                   PARAMETER   16  beta_vw RESTORED TO VARIABLE.
                   PARAMETER   14  alpha_vw RESTORED TO VARIABLE.
                   PARAMETER   13  beta_y RESTORED TO VARIABLE.
                   PARAMETER   11  alpha_y RESTORED TO VARIABLE.
                   PARAMETER   10  beta_2CBO RESTORED TO VARIABLE.
                   PARAMETER    9  alpha_2CBO RESTORED TO VARIABLE.
                   PARAMETER    8  beta_CBO RESTORED TO VARIABLE.
                   PARAMETER    6  alpha_CBO RESTORED TO VARIABLE.
 **********
 **   17 **FIX            8
 **********
 **********
 **   18 **FIX            9
 **********
 **********
 **   19 **FIX           11
 **********
 **********
 **   20 **FIX           12
 **********
 PARAMETER   12  IS CONSTANT.   IGNORED.
 **********
 **   21 **FIX           14
 **********
 **********
 **   22 **FIX           15
 **********
 PARAMETER   15  IS CONSTANT.   IGNORED.
 **********
 **   23 **FIX           16
 **********
 **********
 **   24 **MIGRAD
 **********
 START MIGRAD MINIMIZATION.  STRATEGY  1.  CONVERGENCE WHEN EDM .LT. 1.00e-04
 FCN=260.758 FROM MIGRAD    STATUS=INITIATE       28 CALLS        1367 TOTAL
                     EDM= unknown      STRATEGY= 1      NO ERROR MATRIX       
  EXT PARAMETER               CURRENT GUESS       STEP         FIRST   
  NO.   NAME      VALUE            ERROR          SIZE      DERIVATIVE 
   1  N0           2.87473e+06   1.10000e+04  -5.72386e+02  -4.76891e-05
   2  tau          6.43983e+01   constant   
   3  A0           3.83078e-01   4.54477e-03   2.41861e-04   7.02895e+02
   4  phi          4.11368e+00   8.35375e-03  -4.03884e-04   3.43561e+00
   5  R           -6.16270e+01   constant   
   6  alpha_CBO    0.00000e+00   1.00000e-03   1.00000e-03   5.08777e+02
   7  w_CBO        2.32500e+00   constant   
   8  beta_CBO     0.00000e+00     fixed    
   9  alpha_2CBO   0.00000e+00     fixed    
  10  beta_2CBO    0.00000e+00   1.00000e-03   1.00000e-03   2.78963e+03
  11  alpha_y      0.00000e+00     fixed    
  12  w_y          1.44500e+01   constant   
  13  beta_y       0.00000e+00   1.00000e-03   1.00000e-03  -1.30818e+04
  14  alpha_vw     0.00000e+00     fixed    
  15  w_vw         1.29000e+01   constant   
  16  beta_vw      0.00000e+00     fixed    
  17  LM          -2.35969e-04   constant   
  18  zeta_y       0.00000e+00   constant   
  19  zeta_vw      0.00000e+00   constant   
  20  T_CBO        4.19182e+01   1.05388e+01   1.65230e-03  -4.99093e+01
  21  alpha_A0     1.06008e-01   2.30738e-02   1.32828e-03  -5.48155e+00
  22  beta_A0      4.15177e-02   1.64185e-02  -2.40123e-05  -4.56856e+01
  23  alpha_phi    5.58108e-02   1.77471e-02  -3.09416e-04  -4.64550e+01
  24  beta_phi    -1.33331e-01   2.19286e-02  -1.25810e-03   9.63129e+01
 CALL LIMIT EXCEEDED IN MIGRAD.
 MIGRAD TERMINATED WITHOUT CONVERGENCE.
 FCN=249.72 FROM MIGRAD    STATUS=CALL LIMIT   1905 CALLS        3244 TOTAL
                     EDM=0.11681    STRATEGY= 1  ERROR MATRIX UNCERTAINTY  11.3 per cent
  EXT PARAMETER                APPROXIMATE        STEP         FIRST   
  NO.   NAME      VALUE            ERROR          SIZE      DERIVATIVE 
   1  N0           2.86619e+06   4.49794e+03  -5.50937e+02  -6.36949e-04
   2  tau          6.43983e+01   constant   
   3  A0           3.63379e-01   1.54008e-03  -1.93813e-04  -4.01981e+01
   4  phi          4.22861e+00   8.35964e-03   3.47952e-04  -8.67831e+02
   5  R           -6.16270e+01   constant   
   6  alpha_CBO   -2.34101e-02   2.09067e-03  -1.39670e-04  -2.62449e+03
   7  w_CBO        2.32500e+00   constant   
   8  beta_CBO     0.00000e+00     fixed    
   9  alpha_2CBO   0.00000e+00     fixed    
  10  beta_2CBO   -1.20749e-03   3.91927e-04  -2.64438e-05   2.20885e+03
  11  alpha_y      0.00000e+00     fixed    
  12  w_y          1.44500e+01   constant   
  13  beta_y       1.51870e-04   1.46465e-04  -1.15066e-05  -9.98489e+02
  14  alpha_vw     0.00000e+00     fixed    
  15  w_vw         1.29000e+01   constant   
  16  beta_vw      0.00000e+00     fixed    
  17  LM          -2.35969e-04   constant   
  18  zeta_y       0.00000e+00   constant   
  19  zeta_vw      0.00000e+00   constant   
  20  T_CBO        1.54042e+01   1.76852e+00  -2.23493e-03  -9.90458e+01
  21  alpha_A0     1.03925e-02   3.97608e-03   7.80046e-04  -1.42085e+02
  22  beta_A0      4.70489e-02   1.73953e-02  -2.67688e-03   1.82421e+02
  23  alpha_phi    1.51304e-01   7.48521e-03   2.68567e-04  -1.14899e+02
  24  beta_phi     2.00248e-02   7.47022e-03   4.57101e-04   4.66956e+01
 EXTERNAL ERROR MATRIX.    NDIM=  25    NPAR= 11    ERR DEF=1
  2.023e+07 
  4.304e+00  2.372e-06 
 -3.520e+01 -4.314e-06  6.988e-05 
  9.048e+00  1.477e-06 -1.719e-05  4.371e-06 
  7.812e-01 -9.543e-08 -1.876e-06  3.898e-07  1.536e-07 
  3.730e-02  1.410e-08 -4.561e-08  9.710e-09 -8.698e-11  2.145e-08 
  5.869e+03  2.663e-03 -6.976e-03  2.130e-03  4.252e-07  1.797e-05  3.128e+00 
 -5.530e+00 -4.717e-06  1.270e-06 -1.684e-06  8.007e-07 -1.329e-08 -4.966e-03  1.581e-05 
  3.932e+01  2.620e-05 -2.762e-05  1.182e-05 -2.049e-06  1.734e-07  2.884e-02 -5.881e-05  3.026e-04 
 -3.041e+01 -6.395e-06  5.573e-05 -1.474e-05 -5.292e-07 -5.062e-08 -8.354e-03  1.219e-05 -5.992e-05  5.603e-05 
 -3.097e+01 -8.966e-06  5.120e-05 -1.398e-05 -5.299e-07 -5.568e-08 -1.101e-02  1.524e-05 -8.794e-05  5.202e-05  5.580e-05 
ERR MATRIX APPROXIMATE
 PARAMETER  CORRELATION COEFFICIENTS  
       NO.  GLOBAL      1      3      4      6     10     13     20     21     22     23     24
        1  0.99953   1.000  0.621 -0.936  0.962  0.443  0.057  0.738 -0.309  0.503 -0.903 -0.922
        3  0.99874   0.621  1.000 -0.335  0.459 -0.158  0.063  0.978 -0.770  0.978 -0.555 -0.779
        4  0.99977  -0.936 -0.335  1.000 -0.984 -0.573 -0.037 -0.472  0.038 -0.190  0.891  0.820
        6  0.99905   0.962  0.459 -0.984  1.000  0.476  0.032  0.576 -0.203  0.325 -0.942 -0.895
       10  0.96415   0.443 -0.158 -0.573  0.476  1.000 -0.002  0.001  0.514 -0.301 -0.180 -0.181
       13  0.19191   0.057  0.063 -0.037  0.032 -0.002  1.000  0.069 -0.023  0.068 -0.046 -0.051
       20  0.99615   0.738  0.978 -0.472  0.576  0.001  0.069  1.000 -0.706  0.938 -0.631 -0.834
       21  0.98888  -0.309 -0.770  0.038 -0.203  0.514 -0.023 -0.706  1.000 -0.850  0.410  0.513
       22  0.99747   0.503  0.978 -0.190  0.325 -0.301  0.068  0.938 -0.850  1.000 -0.460 -0.677
       23  0.99616  -0.903 -0.555  0.891 -0.942 -0.180 -0.046 -0.631  0.410 -0.460  1.000  0.930
       24  0.99855  -0.922 -0.779  0.820 -0.895 -0.181 -0.051 -0.834  0.513 -0.677  0.930  1.000
 ERR MATRIX APPROXIMATE
MINUIT - FIT ONLY 2-CBO
 **********
 **   25 **RES 
 **********
                   PARAMETER   16  beta_vw RESTORED TO VARIABLE.
                   PARAMETER   14  alpha_vw RESTORED TO VARIABLE.
                   PARAMETER   11  alpha_y RESTORED TO VARIABLE.
                   PARAMETER    9  alpha_2CBO RESTORED TO VARIABLE.
                   PARAMETER    8  beta_CBO RESTORED TO VARIABLE.
 **********
 **   26 **FIX            0
 **********
 PARAMETER    0  IS UNDEFINED. IGNORED.
 **********
 **   27 **FIX            1
 **********
 **********
 **   28 **FIX            2
 **********
 PARAMETER    2  IS CONSTANT.   IGNORED.
 **********
 **   29 **FIX            3
 **********
 **********
 **   30 **FIX            4
 **********
 **********
 **   31 **FIX            5
 **********
 PARAMETER    5  IS CONSTANT.   IGNORED.
 **********
 **   32 **FIX            6
 **********
 **********
 **   33 **FIX            7
 **********
 PARAMETER    7  IS CONSTANT.   IGNORED.
 **********
 **   34 **FIX           10
 **********
 **********
 **   35 **FIX           11
 **********
 **********
 **   36 **FIX           12
 **********
 PARAMETER   12  IS CONSTANT.   IGNORED.
 **********
 **   37 **FIX           13
 **********
 **********
 **   38 **FIX           14
 **********
 **********
 **   39 **FIX           15
 **********
 PARAMETER   15  IS CONSTANT.   IGNORED.
 **********
 **   40 **FIX           16
 **********
 **********
 **   41 **MIGRAD
 **********
 START MIGRAD MINIMIZATION.  STRATEGY  1.  CONVERGENCE WHEN EDM .LT. 1.00e-04
 FCN=249.72 FROM MIGRAD    STATUS=INITIATE       18 CALLS        3262 TOTAL
                     EDM= unknown      STRATEGY= 1      NO ERROR MATRIX       
  EXT PARAMETER               CURRENT GUESS       STEP         FIRST   
  NO.   NAME      VALUE            ERROR          SIZE      DERIVATIVE 
   1  N0           2.86619e+06     fixed    
   2  tau          6.43983e+01   constant   
   3  A0           3.63379e-01     fixed    
   4  phi          4.22861e+00     fixed    
   5  R           -6.16270e+01   constant   
   6  alpha_CBO   -2.34101e-02     fixed    
   7  w_CBO        2.32500e+00   constant   
   8  beta_CBO     0.00000e+00   1.00000e-03   1.00000e-03   6.11522e+02
   9  alpha_2CBO   0.00000e+00   1.00000e-03   1.00000e-03   1.28807e+03
  10  beta_2CBO   -1.20749e-03     fixed    
  11  alpha_y      0.00000e+00     fixed    
  12  w_y          1.44500e+01   constant   
  13  beta_y       1.51870e-04     fixed    
  14  alpha_vw     0.00000e+00     fixed    
  15  w_vw         1.29000e+01   constant   
  16  beta_vw      0.00000e+00     fixed    
  17  LM          -2.35969e-04   constant   
  18  zeta_y       0.00000e+00   constant   
  19  zeta_vw      0.00000e+00   constant   
  20  T_CBO        1.54042e+01   1.76852e+00  -2.23493e-03  -9.90458e+01
  21  alpha_A0     1.03925e-02   3.97608e-03   7.80046e-04  -1.42085e+02
  22  beta_A0      4.70489e-02   1.73953e-02  -2.67688e-03   1.82421e+02
  23  alpha_phi    1.51304e-01   7.48521e-03   2.68567e-04  -1.14899e+02
  24  beta_phi     2.00248e-02   7.47022e-03   4.57101e-04   4.66956e+01
 CALL LIMIT EXCEEDED IN MIGRAD.
 MIGRAD TERMINATED WITHOUT CONVERGENCE.
 FCN=249.041 FROM MIGRAD    STATUS=CALL LIMIT   1157 CALLS        4401 TOTAL
                     EDM=0.000113169    STRATEGY= 1  ERROR MATRIX UNCERTAINTY  30.8 per cent
  EXT PARAMETER                APPROXIMATE        STEP         FIRST   
  NO.   NAME      VALUE            ERROR          SIZE      DERIVATIVE 
   1  N0           2.86619e+06     fixed    
   2  tau          6.43983e+01   constant   
   3  A0           3.63379e-01     fixed    
   4  phi          4.22861e+00     fixed    
   5  R           -6.16270e+01   constant   
   6  alpha_CBO   -2.34101e-02     fixed    
   7  w_CBO        2.32500e+00   constant   
   8  beta_CBO     6.53533e-04   7.04256e-04   2.83034e-06  -7.18396e+01
   9  alpha_2CBO   1.82814e-04   4.23406e-04   5.50253e-06   6.13547e+01
  10  beta_2CBO   -1.20749e-03     fixed    
  11  alpha_y      0.00000e+00     fixed    
  12  w_y          1.44500e+01   constant   
  13  beta_y       1.51870e-04     fixed    
  14  alpha_vw     0.00000e+00     fixed    
  15  w_vw         1.29000e+01   constant   
  16  beta_vw      0.00000e+00     fixed    
  17  LM          -2.35969e-04   constant   
  18  zeta_y       0.00000e+00   constant   
  19  zeta_vw      0.00000e+00   constant   
  20  T_CBO        9.66132e+00   3.81368e+00  -3.91685e-04  -1.61754e+01
  21  alpha_A0     1.70397e-02   8.02736e-03   4.63368e-05   8.32962e-01
  22  beta_A0      7.59740e-02   4.41954e-02   4.48452e-04  -1.80982e+00
  23  alpha_phi    3.33843e-01   2.80227e-01   2.87075e-03  -1.96915e+00
  24  beta_phi     3.84693e-02   2.40792e-02   1.95048e-04  -1.38607e-01
 EXTERNAL ERROR MATRIX.    NDIM=  25    NPAR=  7    ERR DEF=1
  4.960e-07  7.316e-08 -1.822e-03  3.058e-06  1.024e-05  1.294e-04  1.273e-05 
  7.316e-08  1.793e-07 -1.232e-03  1.181e-06  1.573e-05  9.267e-05  6.247e-06 
 -1.822e-03 -1.232e-03  1.455e+01 -2.275e-02 -1.539e-01 -1.068e+00 -8.893e-02 
  3.058e-06  1.181e-06 -2.275e-02  6.444e-05  2.367e-04  1.660e-03  1.547e-04 
  1.024e-05  1.573e-05 -1.539e-01  2.367e-04  1.953e-03  1.144e-02  8.886e-04 
  1.294e-04  9.267e-05 -1.068e+00  1.660e-03  1.144e-02  7.853e-02  6.487e-03 
  1.273e-05  6.247e-06 -8.893e-02  1.547e-04  8.886e-04  6.487e-03  5.798e-04 
ERR MATRIX APPROXIMATE
 PARAMETER  CORRELATION COEFFICIENTS  
       NO.  GLOBAL      8      9     20     21     22     23     24
        8  0.98426   1.000  0.245 -0.678  0.541  0.329  0.656  0.750
        9  0.95297   0.245  1.000 -0.763  0.347  0.841  0.781  0.613
       20  0.99986  -0.678 -0.763  1.000 -0.743 -0.913 -0.999 -0.968
       21  0.85980   0.541  0.347 -0.743  1.000  0.667  0.738  0.800
       22  0.99454   0.329  0.841 -0.913  0.667  1.000  0.924  0.835
       23  0.99985   0.656  0.781 -0.999  0.738  0.924  1.000  0.961
       24  0.98848   0.750  0.613 -0.968  0.800  0.835  0.961  1.000
 ERR MATRIX APPROXIMATE
MINUIT - FIT wiggle + 1-CBO + 2-CBO
 **********
 **   42 **RES 
 **********
                   PARAMETER   16  beta_vw RESTORED TO VARIABLE.
                   PARAMETER   14  alpha_vw RESTORED TO VARIABLE.
                   PARAMETER   13  beta_y RESTORED TO VARIABLE.
                   PARAMETER   11  alpha_y RESTORED TO VARIABLE.
                   PARAMETER   10  beta_2CBO RESTORED TO VARIABLE.
                   PARAMETER    6  alpha_CBO RESTORED TO VARIABLE.
                   PARAMETER    4  phi RESTORED TO VARIABLE.
                   PARAMETER    3  A0 RESTORED TO VARIABLE.
                   PARAMETER    1  N0 RESTORED TO VARIABLE.
 **********
 **   43 **FIX           10
 **********
 **********
 **   44 **FIX           11
 **********
 **********
 **   45 **FIX           12
 **********
 PARAMETER   12  IS CONSTANT.   IGNORED.
 **********
 **   46 **FIX           13
 **********
 **********
 **   47 **FIX           14
 **********
 **********
 **   48 **FIX           15
 **********
 PARAMETER   15  IS CONSTANT.   IGNORED.
 **********
 **   49 **FIX           16
 **********
 **********
 **   50 **MIGRAD
 **********
 START MIGRAD MINIMIZATION.  STRATEGY  1.  CONVERGENCE WHEN EDM .LT. 1.00e-04
 FCN=249.041 FROM MIGRAD    STATUS=INITIATE       22 CALLS        4423 TOTAL
                     EDM= unknown      STRATEGY= 1      NO ERROR MATRIX       
  EXT PARAMETER               CURRENT GUESS       STEP         FIRST   
  NO.   NAME      VALUE            ERROR          SIZE      DERIVATIVE 
   1  N0           2.86619e+06   4.49794e+03   4.49794e+03   1.88218e-04
   2  tau          6.43983e+01   constant   
   3  A0           3.63379e-01   1.54008e-03   1.54008e-03  -1.21620e+02
   4  phi          4.22861e+00   8.35964e-03   8.35964e-03  -1.04448e+02
   5  R           -6.16270e+01   constant   
   6  alpha_CBO   -2.34101e-02   2.09067e-03   2.09067e-03  -3.69975e+02
   7  w_CBO        2.32500e+00   constant   
   8  beta_CBO     6.53533e-04   7.04256e-04   2.83034e-06  -7.18396e+01
   9  alpha_2CBO   1.82814e-04   4.23406e-04   5.50253e-06   6.13547e+01
  10  beta_2CBO   -1.20749e-03     fixed    
  11  alpha_y      0.00000e+00     fixed    
  12  w_y          1.44500e+01   constant   
  13  beta_y       1.51870e-04     fixed    
  14  alpha_vw     0.00000e+00     fixed    
  15  w_vw         1.29000e+01   constant   
  16  beta_vw      0.00000e+00     fixed    
  17  LM          -2.35969e-04   constant   
  18  zeta_y       0.00000e+00   constant   
  19  zeta_vw      0.00000e+00   constant   
  20  T_CBO        9.66132e+00   3.81368e+00  -3.91685e-04  -1.61754e+01
  21  alpha_A0     1.70397e-02   8.02736e-03   4.63368e-05   8.32962e-01
  22  beta_A0      7.59740e-02   4.41954e-02   4.48452e-04  -1.80982e+00
  23  alpha_phi    3.33843e-01   2.80227e-01   2.87075e-03  -1.96915e+00
  24  beta_phi     3.84693e-02   2.40792e-02   1.95048e-04  -1.38607e-01
 CALL LIMIT EXCEEDED IN MIGRAD.
 MIGRAD TERMINATED WITHOUT CONVERGENCE.
 FCN=196.457 FROM MIGRAD    STATUS=CALL LIMIT   1906 CALLS        6307 TOTAL
                     EDM=0.354276    STRATEGY= 1  ERROR MATRIX UNCERTAINTY  24.3 per cent
  EXT PARAMETER                APPROXIMATE        STEP         FIRST   
  NO.   NAME      VALUE            ERROR          SIZE      DERIVATIVE 
   1  N0           2.68743e+06   8.07827e+03  -2.46072e+03  -3.00485e-03
   2  tau          6.43983e+01   constant   
   3  A0           4.23932e-01   2.16915e-03   1.86658e-04  -3.26572e+03
   4  phi          4.53004e+00   1.68401e-02   4.99954e-03  -1.52247e+03
   5  R           -6.16270e+01   constant   
   6  alpha_CBO   -1.10834e-01   4.61250e-03  -1.43204e-03  -1.75077e+03
   7  w_CBO        2.32500e+00   constant   
   8  beta_CBO     4.50899e-02   1.63171e-03   3.06853e-04   4.87992e+03
   9  alpha_2CBO  -4.21298e-03   4.43561e-04  -9.50067e-05   1.34102e+03
  10  beta_2CBO   -1.20749e-03     fixed    
  11  alpha_y      0.00000e+00     fixed    
  12  w_y          1.44500e+01   constant   
  13  beta_y       1.51870e-04     fixed    
  14  alpha_vw     0.00000e+00     fixed    
  15  w_vw         1.29000e+01   constant   
  16  beta_vw      0.00000e+00     fixed    
  17  LM          -2.35969e-04   constant   
  18  zeta_y       0.00000e+00   constant   
  19  zeta_vw      0.00000e+00   constant   
  20  T_CBO        1.07721e+01   4.78496e-02  -7.89680e-07  -4.18673e+03
  21  alpha_A0     6.24262e-01   2.38395e-02   7.02334e-03  -1.24057e+02
  22  beta_A0     -2.76424e-01   7.78278e-02  -2.10825e-02   1.29728e+02
  23  alpha_phi    1.12179e+00   3.89376e-02  -4.68304e-04  -5.38230e+01
  24  beta_phi    -1.93772e-01   2.28601e-02   2.42862e-03   2.19053e+02
 EXTERNAL ERROR MATRIX.    NDIM=  25    NPAR= 11    ERR DEF=1
  6.526e+07 
 -1.657e+00  4.705e-06 
 -1.347e+02 -1.417e-06  2.836e-04 
  3.670e+01 -3.370e-07 -7.656e-05  2.128e-05 
 -5.451e+00  2.950e-06  8.418e-06 -2.411e-06  2.662e-06 
  1.403e+00 -2.253e-07 -2.783e-06  9.745e-07 -2.243e-07  1.967e-07 
 -2.105e+01 -8.933e-05  1.401e-04 -3.201e-05 -4.997e-05 -2.640e-06  2.290e-03 
 -1.396e+02  2.025e-05  2.725e-04 -8.644e-05  1.668e-05 -8.244e-06 -1.257e-04  5.683e-04 
  5.765e+02  3.405e-05 -1.244e-03  3.218e-04 -3.399e-05  1.031e-05 -1.191e-03 -9.111e-04  6.057e-03 
  6.195e+01  7.518e-05 -2.082e-04  3.775e-05  3.163e-05 -2.226e-06 -1.531e-03  2.566e-04  1.629e-03  1.516e-03 
 -6.780e+01 -3.685e-05  1.828e-04 -5.124e-05 -2.194e-05 -3.483e-06  9.070e-04  1.599e-04 -8.771e-04 -6.029e-04  5.226e-04 
ERR MATRIX APPROXIMATE
 PARAMETER  CORRELATION COEFFICIENTS  
       NO.  GLOBAL      1      3      4      6      8      9     20     21     22     23     24
        1  0.99989   1.000 -0.095 -0.990  0.985 -0.414  0.391 -0.054 -0.725  0.917  0.197 -0.367
        3  0.99955  -0.095  1.000 -0.039 -0.034  0.833 -0.234 -0.861  0.392  0.202  0.890 -0.743
        4  0.99995  -0.990 -0.039  1.000 -0.986  0.306 -0.373  0.174  0.679 -0.949 -0.318  0.475
        6  0.99980   0.985 -0.034 -0.986  1.000 -0.320  0.476 -0.145 -0.786  0.896  0.210 -0.486
        8  0.99914  -0.414  0.833  0.306 -0.320  1.000 -0.310 -0.640  0.429 -0.268  0.498 -0.588
        9  0.97167   0.391 -0.234 -0.373  0.476 -0.310  1.000 -0.124 -0.780  0.299 -0.129 -0.344
       20  0.98855  -0.054 -0.861  0.174 -0.145 -0.640 -0.124  1.000 -0.110 -0.320 -0.821  0.829
       21  0.99611  -0.725  0.392  0.679 -0.786  0.429 -0.780 -0.110  1.000 -0.491  0.276  0.293
       22  0.99964   0.917  0.202 -0.949  0.896 -0.268  0.299 -0.320 -0.491  1.000  0.538 -0.493
       23  0.99846   0.197  0.890 -0.318  0.210  0.498 -0.129 -0.821  0.276  0.538  1.000 -0.677
       24  0.99816  -0.367 -0.743  0.475 -0.486 -0.588 -0.344  0.829  0.293 -0.493 -0.677  1.000
 ERR MATRIX APPROXIMATE
MINUIT - FIT ONLY 1-y
 **********
 **   51 **RES 
 **********
                   PARAMETER   16  beta_vw RESTORED TO VARIABLE.
                   PARAMETER   14  alpha_vw RESTORED TO VARIABLE.
                   PARAMETER   13  beta_y RESTORED TO VARIABLE.
                   PARAMETER   11  alpha_y RESTORED TO VARIABLE.
                   PARAMETER   10  beta_2CBO RESTORED TO VARIABLE.
 **********
 **   52 **FIX            0
 **********
 PARAMETER    0  IS UNDEFINED. IGNORED.
 **********
 **   53 **FIX            1
 **********
 **********
 **   54 **FIX            2
 **********
 PARAMETER    2  IS CONSTANT.   IGNORED.
 **********
 **   55 **FIX            3
 **********
 **********
 **   56 **FIX            4
 **********
 **********
 **   57 **FIX            5
 **********
 PARAMETER    5  IS CONSTANT.   IGNORED.
 **********
 **   58 **FIX            6
 **********
 **********
 **   59 **FIX            7
 **********
 PARAMETER    7  IS CONSTANT.   IGNORED.
 **********
 **   60 **FIX            8
 **********
 **********
 **   61 **FIX            9
 **********
 **********
 **   62 **FIX           13
 **********
 **********
 **   63 **FIX           14
 **********
 **********
 **   64 **FIX           15
 **********
 PARAMETER   15  IS CONSTANT.   IGNORED.
 **********
 **   65 **FIX           16
 **********
 **********
 **   66 **MIGRAD
 **********
 START MIGRAD MINIMIZATION.  STRATEGY  1.  CONVERGENCE WHEN EDM .LT. 1.00e-04
 FCN=196.457 FROM MIGRAD    STATUS=INITIATE       16 CALLS        6323 TOTAL
                     EDM= unknown      STRATEGY= 1      NO ERROR MATRIX       
  EXT PARAMETER               CURRENT GUESS       STEP         FIRST   
  NO.   NAME      VALUE            ERROR          SIZE      DERIVATIVE 
   1  N0           2.68743e+06     fixed    
   2  tau          6.43983e+01   constant   
   3  A0           4.23932e-01     fixed    
   4  phi          4.53004e+00     fixed    
   5  R           -6.16270e+01   constant   
   6  alpha_CBO   -1.10834e-01     fixed    
   7  w_CBO        2.32500e+00   constant   
   8  beta_CBO     4.50899e-02     fixed    
   9  alpha_2CBO  -4.21298e-03     fixed    
  10  beta_2CBO   -1.20749e-03   3.91927e-04   3.91927e-04   6.15980e+03
  11  alpha_y      0.00000e+00   1.00000e-03   1.00000e-03   1.41786e+05
  12  w_y          1.44500e+01   constant   
  13  beta_y       1.51870e-04     fixed    
  14  alpha_vw     0.00000e+00     fixed    
  15  w_vw         1.29000e+01   constant   
  16  beta_vw      0.00000e+00     fixed    
  17  LM          -2.35969e-04   constant   
  18  zeta_y       0.00000e+00   constant   
  19  zeta_vw      0.00000e+00   constant   
  20  T_CBO        1.07721e+01   4.78496e-02  -7.89680e-07  -4.18673e+03
  21  alpha_A0     6.24262e-01   2.38395e-02   7.02334e-03  -1.24057e+02
  22  beta_A0     -2.76424e-01   7.78278e-02  -2.10825e-02   1.29728e+02
  23  alpha_phi    1.12179e+00   3.89376e-02  -4.68304e-04  -5.38230e+01
  24  beta_phi    -1.93772e-01   2.28601e-02   2.42862e-03   2.19053e+02
 MIGRAD MINIMIZATION HAS CONVERGED.
 MIGRAD WILL VERIFY CONVERGENCE AND ERROR MATRIX.
 COVARIANCE MATRIX CALCULATED SUCCESSFULLY
 FCN=95.8567 FROM MIGRAD    STATUS=CONVERGED     347 CALLS        6654 TOTAL
                     EDM=1.88236e-06    STRATEGY= 1      ERROR MATRIX ACCURATE 
  EXT PARAMETER                                   STEP         FIRST   
  NO.   NAME      VALUE            ERROR          SIZE      DERIVATIVE 
   1  N0           2.68743e+06     fixed    
   2  tau          6.43983e+01   constant   
   3  A0           4.23932e-01     fixed    
   4  phi          4.53004e+00     fixed    
   5  R           -6.16270e+01   constant   
   6  alpha_CBO   -1.10834e-01     fixed    
   7  w_CBO        2.32500e+00   constant   
   8  beta_CBO     4.50899e-02     fixed    
   9  alpha_2CBO  -4.21298e-03     fixed    
  10  beta_2CBO   -8.08157e-04   2.49235e-04   6.77079e-07   3.86359e+00
  11  alpha_y     -1.42199e-03   1.42170e-04   6.57705e-07  -1.59369e+00
  12  w_y          1.44500e+01   constant   
  13  beta_y       1.51870e-04     fixed    
  14  alpha_vw     0.00000e+00     fixed    
  15  w_vw         1.29000e+01   constant   
  16  beta_vw      0.00000e+00     fixed    
  17  LM          -2.35969e-04   constant   
  18  zeta_y       0.00000e+00   constant   
  19  zeta_vw      0.00000e+00   constant   
  20  T_CBO        1.14314e+01   6.12928e-01   7.61146e-07  -8.06536e+00
  21  alpha_A0     5.55965e-01   5.61341e-02   1.50535e-05  -3.13219e-01
  22  beta_A0     -2.50637e-01   2.49044e-02   1.68665e-05  -3.77667e-02
  23  alpha_phi    1.01308e+00   9.91610e-02   1.58758e-05  -2.40674e-01
  24  beta_phi    -1.74105e-01   1.90123e-02   1.27490e-05   2.31191e-01
 EXTERNAL ERROR MATRIX.    NDIM=  25    NPAR=  7    ERR DEF=1
  6.212e-08 -7.170e-09  4.855e-05 -4.400e-06  1.373e-06 -7.006e-06  1.427e-06 
 -7.170e-09  2.021e-08 -1.131e-05  1.050e-06 -4.101e-07  1.671e-06 -3.210e-07 
  4.855e-05 -1.131e-05  3.757e-01 -3.435e-02  1.502e-02 -6.070e-02  1.153e-02 
 -4.400e-06  1.050e-06 -3.435e-02  3.151e-03 -1.375e-03  5.552e-03 -1.053e-03 
  1.373e-06 -4.101e-07  1.502e-02 -1.375e-03  6.202e-04 -2.433e-03  4.642e-04 
 -7.006e-06  1.671e-06 -6.070e-02  5.552e-03 -2.433e-03  9.833e-03 -1.863e-03 
  1.427e-06 -3.210e-07  1.153e-02 -1.053e-03  4.642e-04 -1.863e-03  3.615e-04 
 PARAMETER  CORRELATION COEFFICIENTS  
       NO.  GLOBAL     10     11     20     21     22     23     24
       10  0.82487   1.000 -0.202  0.318 -0.314  0.221 -0.283  0.301
       11  0.27060  -0.202  1.000 -0.130  0.132 -0.116  0.119 -0.119
       20  0.99962   0.318 -0.130  1.000 -0.998  0.984 -0.999  0.989
       21  0.99844  -0.314  0.132 -0.998  1.000 -0.984  0.997 -0.987
       22  0.99002   0.221 -0.116  0.984 -0.984  1.000 -0.985  0.980
       23  0.99945  -0.283  0.119 -0.999  0.997 -0.985  1.000 -0.988
       24  0.99022   0.301 -0.119  0.989 -0.987  0.980 -0.988  1.000
MINUIT - FIT ONLY 2-y
 **********
 **   67 **RES 
 **********
                   PARAMETER   16  beta_vw RESTORED TO VARIABLE.
                   PARAMETER   14  alpha_vw RESTORED TO VARIABLE.
                   PARAMETER   13  beta_y RESTORED TO VARIABLE.
                   PARAMETER    9  alpha_2CBO RESTORED TO VARIABLE.
                   PARAMETER    8  beta_CBO RESTORED TO VARIABLE.
                   PARAMETER    6  alpha_CBO RESTORED TO VARIABLE.
                   PARAMETER    4  phi RESTORED TO VARIABLE.
                   PARAMETER    3  A0 RESTORED TO VARIABLE.
                   PARAMETER    1  N0 RESTORED TO VARIABLE.
 **********
 **   68 **FIX            0
 **********
 PARAMETER    0  IS UNDEFINED. IGNORED.
 **********
 **   69 **FIX            1
 **********
 **********
 **   70 **FIX            2
 **********
 PARAMETER    2  IS CONSTANT.   IGNORED.
 **********
 **   71 **FIX            3
 **********
 **********
 **   72 **FIX            4
 **********
 **********
 **   73 **FIX            5
 **********
 PARAMETER    5  IS CONSTANT.   IGNORED.
 **********
 **   74 **FIX            6
 **********
 **********
 **   75 **FIX            7
 **********
 PARAMETER    7  IS CONSTANT.   IGNORED.
 **********
 **   76 **FIX            8
 **********
 **********
 **   77 **FIX            9
 **********
 **********
 **   78 **FIX           10
 **********
 **********
 **   79 **FIX           11
 **********
 **********
 **   80 **FIX           12
 **********
 PARAMETER   12  IS CONSTANT.   IGNORED.
 **********
 **   81 **FIX           16
 **********
 **********
 **   82 **MIGRAD
 **********
 START MIGRAD MINIMIZATION.  STRATEGY  1.  CONVERGENCE WHEN EDM .LT. 1.00e-04
 FCN=95.8567 FROM MIGRAD    STATUS=INITIATE       16 CALLS        6670 TOTAL
                     EDM= unknown      STRATEGY= 1      NO ERROR MATRIX       
  EXT PARAMETER               CURRENT GUESS       STEP         FIRST   
  NO.   NAME      VALUE            ERROR          SIZE      DERIVATIVE 
   1  N0           2.68743e+06     fixed    
   2  tau          6.43983e+01   constant   
   3  A0           4.23932e-01     fixed    
   4  phi          4.53004e+00     fixed    
   5  R           -6.16270e+01   constant   
   6  alpha_CBO   -1.10834e-01     fixed    
   7  w_CBO        2.32500e+00   constant   
   8  beta_CBO     4.50899e-02     fixed    
   9  alpha_2CBO  -4.21298e-03     fixed    
  10  beta_2CBO   -8.08157e-04     fixed    
  11  alpha_y     -1.42199e-03     fixed    
  12  w_y          1.44500e+01   constant   
  13  beta_y       1.51870e-04   1.46465e-04   1.46465e-04  -6.43724e+03
  14  alpha_vw     0.00000e+00   1.00000e-03   1.00000e-03  -6.65481e+04
  15  w_vw         1.29000e+01   constant   
  16  beta_vw      0.00000e+00     fixed    
  17  LM          -2.35969e-04   constant   
  18  zeta_y       0.00000e+00   constant   
  19  zeta_vw      0.00000e+00   constant   
  20  T_CBO        1.14314e+01   6.12928e-01   7.61146e-07  -8.06526e+00
  21  alpha_A0     5.55965e-01   5.61341e-02   1.50535e-05  -3.13215e-01
  22  beta_A0     -2.50637e-01   2.49044e-02   1.68665e-05  -3.77606e-02
  23  alpha_phi    1.01308e+00   9.91610e-02   1.58758e-05  -2.40676e-01
  24  beta_phi    -1.74105e-01   1.90123e-02   1.27490e-05   2.31191e-01
 MIGRAD MINIMIZATION HAS CONVERGED.
 MIGRAD WILL VERIFY CONVERGENCE AND ERROR MATRIX.
 COVARIANCE MATRIX CALCULATED SUCCESSFULLY
 FCN=70.5565 FROM MIGRAD    STATUS=CONVERGED     246 CALLS        6900 TOTAL
                     EDM=3.66038e-06    STRATEGY= 1      ERROR MATRIX ACCURATE 
  EXT PARAMETER                                   STEP         FIRST   
  NO.   NAME      VALUE            ERROR          SIZE      DERIVATIVE 
   1  N0           2.68743e+06     fixed    
   2  tau          6.43983e+01   constant   
   3  A0           4.23932e-01     fixed    
   4  phi          4.53004e+00     fixed    
   5  R           -6.16270e+01   constant   
   6  alpha_CBO   -1.10834e-01     fixed    
   7  w_CBO        2.32500e+00   constant   
   8  beta_CBO     4.50899e-02     fixed    
   9  alpha_2CBO  -4.21298e-03     fixed    
  10  beta_2CBO   -8.08157e-04     fixed    
  11  alpha_y     -1.42199e-03     fixed    
  12  w_y          1.44500e+01   constant   
  13  beta_y      -1.70285e-04   1.65793e-04   5.99855e-07  -3.57379e+00
  14  alpha_vw     7.91475e-04   1.58110e-04   5.66479e-07  -3.57612e-01
  15  w_vw         1.29000e+01   constant   
  16  beta_vw      0.00000e+00     fixed    
  17  LM          -2.35969e-04   constant   
  18  zeta_y       0.00000e+00   constant   
  19  zeta_vw      0.00000e+00   constant   
  20  T_CBO        1.18503e+01   6.28613e-01   6.90436e-07  -9.40629e+00
  21  alpha_A0     5.20993e-01   5.02262e-02   1.21032e-05  -3.40205e-01
  22  beta_A0     -2.35062e-01   2.29084e-02   1.35515e-05  -2.81200e-01
  23  alpha_phi    9.48527e-01   8.96760e-02   1.27909e-05  -5.23205e-01
  24  beta_phi    -1.61756e-01   1.69757e-02   1.02465e-05  -2.27772e-01
 EXTERNAL ERROR MATRIX.    NDIM=  25    NPAR=  7    ERR DEF=1
  2.749e-08 -1.233e-08  3.994e-06 -3.281e-07  1.502e-07 -5.637e-07  8.849e-08 
 -1.233e-08  2.500e-08  1.332e-05 -1.038e-06  4.626e-07 -1.916e-06  3.670e-07 
  3.994e-06  1.332e-05  3.952e-01 -3.152e-02  1.423e-02 -5.634e-02  1.055e-02 
 -3.281e-07 -1.038e-06 -3.152e-02  2.523e-03 -1.137e-03  4.494e-03 -8.405e-04 
  1.502e-07  4.626e-07  1.423e-02 -1.137e-03  5.248e-04 -2.027e-03  3.822e-04 
 -5.637e-07 -1.916e-06 -5.634e-02  4.494e-03 -2.027e-03  8.042e-03 -1.503e-03 
  8.849e-08  3.670e-07  1.055e-02 -8.405e-04  3.822e-04 -1.503e-03  2.882e-04 
 PARAMETER  CORRELATION COEFFICIENTS  
       NO.  GLOBAL     13     14     20     21     22     23     24
       13  0.48238   1.000 -0.470  0.038 -0.039  0.040 -0.038  0.031
       14  0.49757  -0.470  1.000  0.134 -0.131  0.128 -0.135  0.137
       20  0.99959   0.038  0.134  1.000 -0.998  0.988 -0.999  0.988
       21  0.99830  -0.039 -0.131 -0.998  1.000 -0.988  0.998 -0.986
       22  0.98970   0.040  0.128  0.988 -0.988  1.000 -0.987  0.983
       23  0.99940  -0.038 -0.135 -0.999  0.998 -0.987  1.000 -0.987
