 + ++++++++++++++++++++++++++++++++++++++++++++++++++++++++++++++++++++ +
 +                                                                      +
 +           You have chose to blind your fitting according to          +
 +                omega_ref * (1 + (R +/- deltaR) *10^{-6})             +
 +                                                                      +
 + ++++++++++++++++++++++++++++++++++++++++++++++++++++++++++++++++++++ +
In main()...
reading format from /gm2data/zkhechad/run45/envelope/formats/formatB_sBin_constraintOn.txt
pBinTau 	= 0  
pBinPhi 	= 0  
constraintau 	= 1 
includeMopTerm 	= 0    
constrainMop    = 0   
Parameters after format file: pBinTau 0 pBinPhi 0 constraintau 1 includeMopTerm 0 constrainMop 0 c_e_scale 0.000000 
Opening file /gm2data/tbarrett/gm2fr/studies/run23_bunch_corrections/CorrectedFourier_Run3b.root.
reading full fit data from /gm2data/zkhechad/cboTemplates/Run4CBOTemplates/fullFits/noRF/sBin_constraintOn_cE0.0_seed0_noRF_calo14.root
windowBins = 34
fitting sliding window 70 from bin 206 at 30.586000 to bin 240 at 35.808000 (34 bins)

Reading data from /gm2data/cornell/histograms/aMethod/histogram_a_noRF.root
 **********
 **    1 **SET PRINTOUT            1
 **********
 **********
 **    2 **SET NOWARNINGS 
 **********
 PARAMETER DEFINITIONS:
    NO.   NAME         VALUE      STEP SIZE      LIMITS
     1 N0           3.41750e+06  1.00000e+02     no limits
     2 tau          6.44063e+01  constant
     3 A0           3.61912e-01  1.00000e-04     no limits
     4 phi          4.12132e+00  1.00000e-02     no limits
     5 R           -6.04192e+01  constant
     6 alpha_CBO    0.00000e+00  1.00000e-03     no limits
     7 w_CBO        2.32500e+00  constant
     8 beta_CBO     0.00000e+00  1.00000e-03     no limits
     9 alpha_2CBO   0.00000e+00  1.00000e-03     no limits
    10 beta_2CBO    0.00000e+00  1.00000e-03     no limits
    11 alpha_y      0.00000e+00  1.00000e-03     no limits
    12 w_y          1.38860e+01  constant
    13 beta_y       0.00000e+00  1.00000e-03     no limits
    14 alpha_vw     0.00000e+00  1.00000e-03     no limits
    15 w_vw         1.43404e+01  constant
    16 beta_vw      0.00000e+00  1.00000e-03     no limits
    17 LM           8.43198e-05  constant
    18 zeta_y       0.00000e+00  constant
    19 zeta_vw      0.00000e+00  constant
    20 T_CBO        1.00000e+02  1.00000e+00    0.00000e+00  1.00000e+03
    21 alpha_A0     0.00000e+00  1.00000e-04   -1.00000e-02  1.00000e-02
    22 beta_A0      0.00000e+00  1.00000e-04   -1.00000e-02  1.00000e-02
    23 alpha_phi    0.00000e+00  1.00000e-04   -1.00000e-02  1.00000e-02
    24 beta_phi     0.00000e+00  1.00000e-04   -1.00000e-02  1.00000e-02
MINUIT - FIT ONLY WIGGLE
 **********
 **    3 **FIX            5
 **********
 PARAMETER    5  IS CONSTANT.   IGNORED.
 **********
 **    4 **FIX            6
 **********
 **********
 **    5 **FIX            7
 **********
 PARAMETER    7  IS CONSTANT.   IGNORED.
 **********
 **    6 **FIX            8
 **********
 **********
 **    7 **FIX            9
 **********
 **********
 **    8 **FIX           10
 **********
 **********
 **    9 **FIX           11
 **********
 **********
 **   10 **FIX           12
 **********
 PARAMETER   12  IS CONSTANT.   IGNORED.
 **********
 **   11 **FIX           13
 **********
 **********
 **   12 **FIX           14
 **********
 **********
 **   13 **FIX           15
 **********
 PARAMETER   15  IS CONSTANT.   IGNORED.
 **********
 **   14 **FIX           16
 **********
 **********
 **   15 **MIGRAD
 **********
 FIRST CALL TO USER FUNCTION AT NEW START POINT, WITH IFLAG=4.
 START MIGRAD MINIMIZATION.  STRATEGY  1.  CONVERGENCE WHEN EDM .LT. 1.00e-04
 FCN=5564.61 FROM MIGRAD    STATUS=INITIATE      435 CALLS         436 TOTAL
                     EDM= unknown      STRATEGY= 1      NO ERROR MATRIX       
  EXT PARAMETER               CURRENT GUESS       STEP         FIRST   
  NO.   NAME      VALUE            ERROR          SIZE      DERIVATIVE 
   1  N0           3.41750e+06   1.00000e+02   0.00000e+00   1.67124e-02
   2  tau          6.44063e+01   constant   
   3  A0           3.61912e-01   1.00000e-04   0.00000e+00   3.28021e+05
   4  phi          4.12132e+00   1.00000e-02   0.00000e+00   1.52641e+05
   5  R           -6.04192e+01   constant   
   6  alpha_CBO    0.00000e+00     fixed    
   7  w_CBO        2.32500e+00   constant   
   8  beta_CBO     0.00000e+00     fixed    
   9  alpha_2CBO   0.00000e+00     fixed    
  10  beta_2CBO    0.00000e+00     fixed    
  11  alpha_y      0.00000e+00     fixed    
  12  w_y          1.38860e+01   constant   
  13  beta_y       0.00000e+00     fixed    
  14  alpha_vw     0.00000e+00     fixed    
  15  w_vw         1.43404e+01   constant   
  16  beta_vw      0.00000e+00     fixed    
  17  LM           8.43198e-05   constant   
  18  zeta_y       0.00000e+00   constant   
  19  zeta_vw      0.00000e+00   constant   
  20  T_CBO        1.00000e+02   1.00000e+00   0.00000e+00   0.00000e+00
  21  alpha_A0     0.00000e+00   1.00000e-04   0.00000e+00  -3.42999e+02
  22  beta_A0      0.00000e+00   1.00000e-04   0.00000e+00   9.23856e+01
  23  alpha_phi    0.00000e+00   1.00000e-04   0.00000e+00   4.01617e+02
  24  beta_phi     0.00000e+00   1.00000e-04   0.00000e+00  -3.24479e+02
 MIGRAD MINIMIZATION HAS CONVERGED.
 MIGRAD WILL VERIFY CONVERGENCE AND ERROR MATRIX.
 COVARIANCE MATRIX CALCULATED SUCCESSFULLY
 FCN=3280.32 FROM MIGRAD    STATUS=CONVERGED     966 CALLS         967 TOTAL
                     EDM=1.9279e-07    STRATEGY= 1      ERROR MATRIX ACCURATE 
  EXT PARAMETER                                   STEP         FIRST   
  NO.   NAME      VALUE            ERROR          SIZE      DERIVATIVE 
   1  N0           3.41390e+06   5.88758e+02   7.30639e+00   6.05637e-08
   2  tau          6.44063e+01   constant   
   3  A0           3.58299e-01   1.62909e-04   2.51731e-06   2.11759e+00
   4  phi          4.10902e+00   5.98365e-04   8.40308e-06   2.92494e-01
   5  R           -6.04192e+01   constant   
   6  alpha_CBO    0.00000e+00     fixed    
   7  w_CBO        2.32500e+00   constant   
   8  beta_CBO     0.00000e+00     fixed    
   9  alpha_2CBO   0.00000e+00     fixed    
  10  beta_2CBO    0.00000e+00     fixed    
  11  alpha_y      0.00000e+00     fixed    
  12  w_y          1.38860e+01   constant   
  13  beta_y       0.00000e+00     fixed    
  14  alpha_vw     0.00000e+00     fixed    
  15  w_vw         1.43404e+01   constant   
  16  beta_vw      0.00000e+00     fixed    
  17  LM           8.43198e-05   constant   
  18  zeta_y       0.00000e+00   constant   
  19  zeta_vw      0.00000e+00   constant   
  20  T_CBO        1.00000e+03   4.24439e+01   1.16086e-02** at limit **
  21  alpha_A0     6.86807e-04   1.11959e-03   1.23657e-03  -2.11095e-03
  22  beta_A0     -1.00000e-02   1.43365e-05   1.49796e-03** at limit **
  23  alpha_phi   -9.62223e-03   5.76900e-04   3.50631e-03  -2.42437e-03
  24  beta_phi     2.00048e-03   9.32863e-04   1.14690e-03   6.08424e-04
 EXTERNAL ERROR MATRIX.    NDIM=  25    NPAR=  8    ERR DEF=1
  3.466e+05  7.445e-02 -2.675e-01  2.896e-04  5.695e-01  6.127e-11  2.485e-01 -4.620e-01 
  7.445e-02  2.654e-08 -6.059e-08  1.092e-10  1.429e-07  2.398e-17  7.044e-08 -1.125e-07 
 -2.675e-01 -6.059e-08  3.580e-07  2.352e-11 -5.466e-07 -7.590e-18 -1.985e-07  4.612e-07 
  2.896e-04  1.092e-10  2.352e-11  1.842e-06  5.011e-10  1.063e-20 -2.666e-10 -2.144e-10 
  5.695e-01  1.429e-07 -5.466e-07  5.011e-10  1.259e-06  1.107e-16  4.915e-07 -8.866e-07 
  6.127e-11  2.398e-17 -7.590e-18  1.063e-20  1.107e-16  6.058e-20  5.809e-17 -7.413e-17 
  2.485e-01  7.044e-08 -1.985e-07 -2.666e-10  4.915e-07  5.809e-17  3.379e-07 -3.890e-07 
 -4.620e-01 -1.125e-07  4.612e-07 -2.144e-10 -8.866e-07 -7.413e-17 -3.890e-07  8.729e-07 
 PARAMETER  CORRELATION COEFFICIENTS  
       NO.  GLOBAL      1      3      4     20     21     22     23     24
        1  0.89596   1.000  0.776 -0.759  0.000  0.862  0.000  0.726 -0.840
        3  0.83354   0.776  1.000 -0.622  0.000  0.782  0.001  0.744 -0.739
        4  0.86482  -0.759 -0.622  1.000  0.000 -0.814 -0.000 -0.571  0.825
       20  0.00141   0.000  0.000  0.000  1.000  0.000  0.000 -0.000 -0.000
       21  0.91949   0.862  0.782 -0.814  0.000  1.000  0.000  0.754 -0.846
       22  0.00077   0.000  0.001 -0.000  0.000  0.000  1.000  0.000 -0.000
       23  0.80943   0.726  0.744 -0.571 -0.000  0.754  0.000  1.000 -0.716
       24  0.90282  -0.840 -0.739  0.825 -0.000 -0.846 -0.000 -0.716  1.000
MINUIT - FIT ONLY 1-CBO + wiggle
 **********
 **   16 **RES 
 **********
                   PARAMETER   16  beta_vw RESTORED TO VARIABLE.
                   PARAMETER   14  alpha_vw RESTORED TO VARIABLE.
                   PARAMETER   13  beta_y RESTORED TO VARIABLE.
                   PARAMETER   11  alpha_y RESTORED TO VARIABLE.
                   PARAMETER   10  beta_2CBO RESTORED TO VARIABLE.
                   PARAMETER    9  alpha_2CBO RESTORED TO VARIABLE.
                   PARAMETER    8  beta_CBO RESTORED TO VARIABLE.
                   PARAMETER    6  alpha_CBO RESTORED TO VARIABLE.
 **********
 **   17 **FIX            8
 **********
 **********
 **   18 **FIX            9
 **********
 **********
 **   19 **FIX           11
 **********
 **********
 **   20 **FIX           12
 **********
 PARAMETER   12  IS CONSTANT.   IGNORED.
 **********
 **   21 **FIX           14
 **********
 **********
 **   22 **FIX           15
 **********
 PARAMETER   15  IS CONSTANT.   IGNORED.
 **********
 **   23 **FIX           16
 **********
 **********
 **   24 **MIGRAD
 **********
 START MIGRAD MINIMIZATION.  STRATEGY  1.  CONVERGENCE WHEN EDM .LT. 1.00e-04
 FCN=3280.32 FROM MIGRAD    STATUS=INITIATE       32 CALLS         999 TOTAL
                     EDM= unknown      STRATEGY= 1      NO ERROR MATRIX       
  EXT PARAMETER               CURRENT GUESS       STEP         FIRST   
  NO.   NAME      VALUE            ERROR          SIZE      DERIVATIVE 
   1  N0           3.41390e+06   5.88758e+02   7.30639e+00   2.38172e-08
   2  tau          6.44063e+01   constant   
   3  A0           3.58299e-01   1.62909e-04   2.51731e-06   1.71367e+00
   4  phi          4.10902e+00   5.98365e-04   8.40308e-06   1.45830e-01
   5  R           -6.04192e+01   constant   
   6  alpha_CBO    0.00000e+00   1.00000e-03   1.00000e-03  -6.49587e+05
   7  w_CBO        2.32500e+00   constant   
   8  beta_CBO     0.00000e+00     fixed    
   9  alpha_2CBO   0.00000e+00     fixed    
  10  beta_2CBO    0.00000e+00   1.00000e-03   1.00000e-03   1.15224e+05
  11  alpha_y      0.00000e+00     fixed    
  12  w_y          1.38860e+01   constant   
  13  beta_y       0.00000e+00   1.00000e-03   1.00000e-03  -9.73801e+04
  14  alpha_vw     0.00000e+00     fixed    
  15  w_vw         1.43404e+01   constant   
  16  beta_vw      0.00000e+00     fixed    
  17  LM           8.43198e-05   constant   
  18  zeta_y       0.00000e+00   constant   
  19  zeta_vw      0.00000e+00   constant   
  20  T_CBO        9.99999e+02   4.24439e+01   1.16086e-02  -2.26799e-02
  21  alpha_A0     6.86807e-04   1.11959e-03   1.23657e-03  -2.52921e-03
  22  beta_A0     -9.99998e-03   1.43365e-05   1.49796e-03   1.36203e+00
  23  alpha_phi   -9.62223e-03   5.76900e-04   3.50631e-03  -1.90256e-03
  24  beta_phi     2.00048e-03   9.32863e-04   1.14690e-03   7.34610e-04
 MIGRAD MINIMIZATION HAS CONVERGED.
 FCN=1240.25 FROM MIGRAD    STATUS=CONVERGED     562 CALLS        1529 TOTAL
                     EDM=7.09455e-07    STRATEGY= 1  ERROR MATRIX UNCERTAINTY   0.5 per cent
  EXT PARAMETER                                   STEP         FIRST   
  NO.   NAME      VALUE            ERROR          SIZE      DERIVATIVE 
   1  N0           3.41059e+06   2.69620e+02   3.51744e-01   6.89649e-07
   2  tau          6.44063e+01   constant   
   3  A0           3.58551e-01   1.01575e-04   1.32397e-07  -6.77754e+00
   4  phi          4.12098e+00   3.47479e-04  -3.75880e-07  -8.48307e-01
   5  R           -6.04192e+01   constant   
   6  alpha_CBO    5.80697e-03   1.25802e-04   8.54295e-08   5.48793e+00
   7  w_CBO        2.32500e+00   constant   
   8  beta_CBO     0.00000e+00     fixed    
   9  alpha_2CBO   0.00000e+00     fixed    
  10  beta_2CBO   -3.74441e-04   9.43244e-05   3.08717e-08   1.68012e+01
  11  alpha_y      0.00000e+00     fixed    
  12  w_y          1.38860e+01   constant   
  13  beta_y       5.32605e-04   1.06295e-04  -1.06351e-07   1.21693e+00
  14  alpha_vw     0.00000e+00     fixed    
  15  w_vw         1.43404e+01   constant   
  16  beta_vw      0.00000e+00     fixed    
  17  LM           8.43198e-05   constant   
  18  zeta_y       0.00000e+00   constant   
  19  zeta_vw      0.00000e+00   constant   
  20  T_CBO        1.00000e+03   7.51407e+00   3.28445e-06** at limit **
  21  alpha_A0    -1.00000e-02   1.31910e-04  -6.04547e-04** at limit **
  22  beta_A0     -9.99998e-03   2.51493e-06   3.92994e-06  -1.38349e-02
  23  alpha_phi   -5.13259e-03   4.03810e-04   3.84213e-05   6.68852e-03
  24  beta_phi     1.00000e-02   6.11323e-05  -2.16435e-04** at limit **
 EXTERNAL ERROR MATRIX.    NDIM=  25    NPAR= 11    ERR DEF=1
  7.269e+04 
  8.992e-03  1.032e-08 
  5.752e-03  9.630e-09  1.207e-07 
  4.590e-03  4.210e-09  1.912e-08  1.583e-08 
 -9.765e-04  8.422e-10  2.923e-09 -9.834e-10  8.897e-09 
 -5.017e-05  8.479e-11  1.100e-09 -1.322e-10 -2.275e-10  1.130e-08 
  1.382e-03  6.045e-10 -1.728e-09  4.370e-10 -2.744e-10 -8.509e-10  2.218e-05 
 -2.749e-08  1.374e-14  1.685e-14 -2.542e-15 -1.867e-14 -8.186e-15 -1.091e-13  1.463e-16 
  9.022e-07  3.722e-13 -1.437e-12  1.251e-13 -6.359e-14 -5.142e-13  5.601e-13 -9.985e-17  1.533e-13 
  2.488e-02  1.766e-08  5.210e-08  2.240e-08 -3.019e-09  2.048e-11  1.561e-09  6.640e-15  6.628e-13  1.632e-07 
  6.310e-08 -4.083e-15 -9.611e-14  3.279e-15 -6.377e-14  4.336e-15 -1.051e-13  7.253e-19 -1.005e-16  4.025e-15  1.454e-16 
 PARAMETER  CORRELATION COEFFICIENTS  
       NO.  GLOBAL      1      3      4      6     10     13     20     21     22     23     24
        1  0.35167   1.000  0.328  0.061  0.135 -0.038 -0.002  0.001 -0.008  0.009  0.228  0.019
        3  0.53410   0.328  1.000  0.273  0.329  0.088  0.008  0.001  0.011  0.009  0.430 -0.003
        4  0.50618   0.061  0.273  1.000  0.437  0.089  0.030 -0.001  0.004 -0.011  0.371 -0.023
        6  0.55277   0.135  0.329  0.437  1.000 -0.083 -0.010  0.001 -0.002  0.003  0.441  0.002
       10  0.23882  -0.038  0.088  0.089 -0.083  1.000 -0.023 -0.001 -0.016 -0.002 -0.079 -0.056
       13  0.05265  -0.002  0.008  0.030 -0.010 -0.023  1.000 -0.002 -0.006 -0.012  0.000  0.003
       20  0.00395   0.001  0.001 -0.001  0.001 -0.001 -0.002  1.000 -0.002  0.000  0.001 -0.002
       21  0.03526  -0.008  0.011  0.004 -0.002 -0.016 -0.006 -0.002  1.000 -0.021  0.001  0.005
       22  0.03730   0.009  0.009 -0.011  0.003 -0.002 -0.012  0.000 -0.021  1.000  0.004 -0.021
       23  0.57137   0.228  0.430  0.371  0.441 -0.079  0.000  0.001  0.001  0.004  1.000  0.001
       24  0.06579   0.019 -0.003 -0.023  0.002 -0.056  0.003 -0.002  0.005 -0.021  0.001  1.000
MINUIT - FIT ONLY 2-CBO
 **********
 **   25 **RES 
 **********
                   PARAMETER   16  beta_vw RESTORED TO VARIABLE.
                   PARAMETER   14  alpha_vw RESTORED TO VARIABLE.
                   PARAMETER   11  alpha_y RESTORED TO VARIABLE.
                   PARAMETER    9  alpha_2CBO RESTORED TO VARIABLE.
                   PARAMETER    8  beta_CBO RESTORED TO VARIABLE.
 **********
 **   26 **FIX            0
 **********
 PARAMETER    0  IS UNDEFINED. IGNORED.
 **********
 **   27 **FIX            1
 **********
 **********
 **   28 **FIX            2
 **********
 PARAMETER    2  IS CONSTANT.   IGNORED.
 **********
 **   29 **FIX            3
 **********
 **********
 **   30 **FIX            4
 **********
 **********
 **   31 **FIX            5
 **********
 PARAMETER    5  IS CONSTANT.   IGNORED.
 **********
 **   32 **FIX            6
 **********
 **********
 **   33 **FIX            7
 **********
 PARAMETER    7  IS CONSTANT.   IGNORED.
 **********
 **   34 **FIX           10
 **********
 **********
 **   35 **FIX           11
 **********
 **********
 **   36 **FIX           12
 **********
 PARAMETER   12  IS CONSTANT.   IGNORED.
 **********
 **   37 **FIX           13
 **********
 **********
 **   38 **FIX           14
 **********
 **********
 **   39 **FIX           15
 **********
 PARAMETER   15  IS CONSTANT.   IGNORED.
 **********
 **   40 **FIX           16
 **********
 **********
 **   41 **MIGRAD
 **********
 START MIGRAD MINIMIZATION.  STRATEGY  1.  CONVERGENCE WHEN EDM .LT. 1.00e-04
 FCN=1240.25 FROM MIGRAD    STATUS=INITIATE       26 CALLS        1555 TOTAL
                     EDM= unknown      STRATEGY= 1      NO ERROR MATRIX       
  EXT PARAMETER               CURRENT GUESS       STEP         FIRST   
  NO.   NAME      VALUE            ERROR          SIZE      DERIVATIVE 
   1  N0           3.41059e+06     fixed    
   2  tau          6.44063e+01   constant   
   3  A0           3.58551e-01     fixed    
   4  phi          4.12098e+00     fixed    
   5  R           -6.04192e+01   constant   
   6  alpha_CBO    5.80697e-03     fixed    
   7  w_CBO        2.32500e+00   constant   
   8  beta_CBO     0.00000e+00   1.00000e-03   1.00000e-03   2.87186e+05
   9  alpha_2CBO   0.00000e+00   1.00000e-03   1.00000e-03   4.94059e+04
  10  beta_2CBO   -3.74441e-04     fixed    
  11  alpha_y      0.00000e+00     fixed    
  12  w_y          1.38860e+01   constant   
  13  beta_y       5.32605e-04     fixed    
  14  alpha_vw     0.00000e+00     fixed    
  15  w_vw         1.43404e+01   constant   
  16  beta_vw      0.00000e+00     fixed    
  17  LM           8.43198e-05   constant   
  18  zeta_y       0.00000e+00   constant   
  19  zeta_vw      0.00000e+00   constant   
  20  T_CBO        9.99999e+02   7.51407e+00   3.28445e-06  -8.38976e-03
  21  alpha_A0    -9.99998e-03   1.31910e-04  -6.04547e-04   1.47037e-01
  22  beta_A0     -9.99998e-03   2.51493e-06   3.92994e-06   1.37929e-02
  23  alpha_phi   -5.13259e-03   4.03810e-04   3.84213e-05   5.61973e-03
  24  beta_phi     9.99998e-03   6.11323e-05  -2.16435e-04  -3.22287e-01
 MIGRAD MINIMIZATION HAS CONVERGED.
 MIGRAD WILL VERIFY CONVERGENCE AND ERROR MATRIX.
 COVARIANCE MATRIX CALCULATED SUCCESSFULLY
 FCN=983.324 FROM MIGRAD    STATUS=CONVERGED     270 CALLS        1799 TOTAL
                     EDM=5.18052e-05    STRATEGY= 1      ERROR MATRIX ACCURATE 
  EXT PARAMETER                                   STEP         FIRST   
  NO.   NAME      VALUE            ERROR          SIZE      DERIVATIVE 
   1  N0           3.41059e+06     fixed    
   2  tau          6.44063e+01   constant   
   3  A0           3.58551e-01     fixed    
   4  phi          4.12098e+00     fixed    
   5  R           -6.04192e+01   constant   
   6  alpha_CBO    5.80697e-03     fixed    
   7  w_CBO        2.32500e+00   constant   
   8  beta_CBO    -1.75745e-03   1.11273e-04   1.69901e-06  -1.63157e+00
   9  alpha_2CBO  -1.88070e-04   1.11606e-04   1.69060e-06   1.48201e+01
  10  beta_2CBO   -3.74441e-04     fixed    
  11  alpha_y      0.00000e+00     fixed    
  12  w_y          1.38860e+01   constant   
  13  beta_y       5.32605e-04     fixed    
  14  alpha_vw     0.00000e+00     fixed    
  15  w_vw         1.43404e+01   constant   
  16  beta_vw      0.00000e+00     fixed    
  17  LM           8.43198e-05   constant   
  18  zeta_y       0.00000e+00   constant   
  19  zeta_vw      0.00000e+00   constant   
  20  T_CBO        9.99998e+02   1.58762e+02   1.25566e-02   9.11816e-03
  21  alpha_A0    -1.00000e-02   6.59600e-05   1.76034e-03** at limit **
  22  beta_A0     -9.81004e-03   4.40674e-04   3.46483e-03  -2.40748e-03
  23  alpha_phi   -5.39398e-03   3.44679e-04   6.22868e-04  -8.26364e-03
  24  beta_phi     1.00000e-02   4.05940e-04   4.38519e-03** at limit **
 EXTERNAL ERROR MATRIX.    NDIM=  25    NPAR=  7    ERR DEF=1
  1.238e-08 -8.141e-10 -3.479e-08  1.853e-15 -8.284e-10  1.495e-09 -8.656e-13 
 -8.141e-10  1.246e-08 -3.401e-08  5.338e-15 -6.182e-09  2.146e-09 -1.675e-12 
 -3.479e-08 -3.401e-08  1.576e+00 -5.026e-13 -1.217e-06 -2.618e-07 -1.707e-10 
  1.853e-15  5.338e-15 -5.026e-13  1.425e-14  1.511e-14  2.302e-14  1.555e-18 
 -8.284e-10 -6.182e-09 -1.217e-06  1.511e-14  1.976e-07 -1.556e-08  2.168e-12 
  1.495e-09  2.146e-09 -2.618e-07  2.302e-14 -1.556e-08  1.189e-07  3.425e-12 
 -8.656e-13 -1.675e-12 -1.707e-10  1.555e-18  2.168e-12  3.425e-12  6.896e-12 
 PARAMETER  CORRELATION COEFFICIENTS  
       NO.  GLOBAL      8      9     20     21     22     23     24
        8  0.08111   1.000 -0.066 -0.000  0.000 -0.017  0.039 -0.003
        9  0.14915  -0.066  1.000 -0.000  0.000 -0.125  0.056 -0.006
       20  0.00240  -0.000 -0.000  1.000 -0.000 -0.002 -0.001 -0.000
       21  0.00079   0.000  0.000 -0.000  1.000  0.000  0.001  0.000
       22  0.15793  -0.017 -0.125 -0.002  0.000  1.000 -0.102  0.002
       23  0.11765   0.039  0.056 -0.001  0.001 -0.102  1.000  0.004
       24  0.00801  -0.003 -0.006 -0.000  0.000  0.002  0.004  1.000
MINUIT - FIT wiggle + 1-CBO + 2-CBO
 **********
 **   42 **RES 
 **********
                   PARAMETER   16  beta_vw RESTORED TO VARIABLE.
                   PARAMETER   14  alpha_vw RESTORED TO VARIABLE.
                   PARAMETER   13  beta_y RESTORED TO VARIABLE.
                   PARAMETER   11  alpha_y RESTORED TO VARIABLE.
                   PARAMETER   10  beta_2CBO RESTORED TO VARIABLE.
                   PARAMETER    6  alpha_CBO RESTORED TO VARIABLE.
                   PARAMETER    4  phi RESTORED TO VARIABLE.
                   PARAMETER    3  A0 RESTORED TO VARIABLE.
                   PARAMETER    1  N0 RESTORED TO VARIABLE.
 **********
 **   43 **FIX           10
 **********
 **********
 **   44 **FIX           11
 **********
 **********
 **   45 **FIX           12
 **********
 PARAMETER   12  IS CONSTANT.   IGNORED.
 **********
 **   46 **FIX           13
 **********
 **********
 **   47 **FIX           14
 **********
 **********
 **   48 **FIX           15
 **********
 PARAMETER   15  IS CONSTANT.   IGNORED.
 **********
 **   49 **FIX           16
 **********
 **********
 **   50 **MIGRAD
 **********
 START MIGRAD MINIMIZATION.  STRATEGY  1.  CONVERGENCE WHEN EDM .LT. 1.00e-04
 FCN=983.324 FROM MIGRAD    STATUS=INITIATE       36 CALLS        1835 TOTAL
                     EDM= unknown      STRATEGY= 1      NO ERROR MATRIX       
  EXT PARAMETER               CURRENT GUESS       STEP         FIRST   
  NO.   NAME      VALUE            ERROR          SIZE      DERIVATIVE 
   1  N0           3.41059e+06   2.69620e+02   2.69620e+02   3.49285e-03
   2  tau          6.44063e+01   constant   
   3  A0           3.58551e-01   1.01575e-04   1.01575e-04  -8.54838e+04
   4  phi          4.12098e+00   3.47479e-04   3.47479e-04   1.08130e+04
   5  R           -6.04192e+01   constant   
   6  alpha_CBO    5.80697e-03   1.25802e-04   1.25802e-04   5.32204e+03
   7  w_CBO        2.32500e+00   constant   
   8  beta_CBO    -1.75745e-03   1.11273e-04   1.69901e-06  -1.68987e+00
   9  alpha_2CBO  -1.88070e-04   1.11606e-04   1.69060e-06   1.46564e+01
  10  beta_2CBO   -3.74441e-04     fixed    
  11  alpha_y      0.00000e+00     fixed    
  12  w_y          1.38860e+01   constant   
  13  beta_y       5.32605e-04     fixed    
  14  alpha_vw     0.00000e+00     fixed    
  15  w_vw         1.43404e+01   constant   
  16  beta_vw      0.00000e+00     fixed    
  17  LM           8.43198e-05   constant   
  18  zeta_y       0.00000e+00   constant   
  19  zeta_vw      0.00000e+00   constant   
  20  T_CBO        9.99998e+02   1.58762e+02   1.25566e-02  -9.11844e-03
  21  alpha_A0    -9.99998e-03   6.59600e-05   1.76034e-03   2.95785e-01
  22  beta_A0     -9.81004e-03   4.40674e-04   3.46483e-03  -2.29330e-03
  23  alpha_phi   -5.39398e-03   3.44679e-04   6.22868e-04  -8.71278e-03
  24  beta_phi     1.00000e-02   4.05940e-04   4.38519e-03** at limit **
 MIGRAD FAILS TO FIND IMPROVEMENT
 COVARIANCE MATRIX CALCULATED SUCCESSFULLY
 FCN=956.261 FROM HESSE     STATUS=OK            104 CALLS        2634 TOTAL
                     EDM=0.000474986    STRATEGY= 1      ERROR MATRIX ACCURATE 
  EXT PARAMETER                                   STEP         FIRST   
  NO.   NAME      VALUE            ERROR          SIZE      DERIVATIVE 
   1  N0           3.41128e+06   1.00678e+00   3.94326e+00   4.95541e-04
   2  tau          6.44063e+01   constant   
   3  A0           3.59332e-01   1.48697e-04   1.36429e-06  -2.19471e+02
   4  phi          4.12164e+00   6.17279e-04   4.51953e-06   2.48050e+01
   5  R           -6.04192e+01   constant   
   6  alpha_CBO    6.08525e-03   1.62409e-04   1.59953e-06   4.94682e-02
   7  w_CBO        2.32500e+00   constant   
   8  beta_CBO    -1.98631e-03   1.20147e-04   1.67554e-06   1.96351e+01
   9  alpha_2CBO  -1.72317e-04   1.16411e-04   1.66725e-06   3.25351e+01
  10  beta_2CBO   -3.74441e-04     fixed    
  11  alpha_y      0.00000e+00     fixed    
  12  w_y          1.38860e+01   constant   
  13  beta_y       5.32605e-04     fixed    
  14  alpha_vw     0.00000e+00     fixed    
  15  w_vw         1.43404e+01   constant   
  16  beta_vw      0.00000e+00     fixed    
  17  LM           8.43198e-05   constant   
  18  zeta_y       0.00000e+00   constant   
  19  zeta_vw      0.00000e+00   constant   
  20  T_CBO        9.85535e+02   6.62862e+02   2.34112e-01   6.07014e-03
  21  alpha_A0    -9.99997e-03   1.44962e-02   1.89015e-02  -2.81241e-03
  22  beta_A0     -7.67385e-03   7.74370e-04   1.02616e-03  -1.91449e-01
  23  alpha_phi   -4.18858e-03   4.66584e-04   5.69162e-04   2.12633e-02
  24  beta_phi     9.45872e-03   5.11823e-04   1.85847e-03   5.42532e-02
 MIGRAD MINIMIZATION HAS CONVERGED.
 MIGRAD WILL VERIFY CONVERGENCE AND ERROR MATRIX.
 MIGRAD TERMINATED WITHOUT CONVERGENCE.
 FCN=956.259 FROM MIGRAD    STATUS=FAILED       1079 CALLS        2878 TOTAL
                     EDM=0.0645558    STRATEGY= 1      ERR MATRIX NOT POS-DEF
  EXT PARAMETER                APPROXIMATE        STEP         FIRST   
  NO.   NAME      VALUE            ERROR          SIZE      DERIVATIVE 
   1  N0           3.41128e+06   2.33458e+03   3.94327e+00   1.59336e-04
   2  tau          6.44063e+01   constant   
   3  A0           3.59336e-01   7.63226e-04   1.36429e-06   3.33179e+00
   4  phi          4.12164e+00   1.76468e-03   4.51945e-06   8.53153e-01
   5  R           -6.04192e+01   constant   
   6  alpha_CBO    6.08493e-03   1.61695e-04   1.59954e-06   1.52558e+00
   7  w_CBO        2.32500e+00   constant   
   8  beta_CBO    -1.98812e-03   3.27695e-04   1.67555e-06  -1.45275e+00
   9  alpha_2CBO  -1.71384e-04   1.61740e-04   1.66725e-06  -3.35472e+00
  10  beta_2CBO   -3.74441e-04     fixed    
  11  alpha_y      0.00000e+00     fixed    
  12  w_y          1.38860e+01   constant   
  13  beta_y       5.32605e-04     fixed    
  14  alpha_vw     0.00000e+00     fixed    
  15  w_vw         1.43404e+01   constant   
  16  beta_vw      0.00000e+00     fixed    
  17  LM           8.43198e-05   constant   
  18  zeta_y       0.00000e+00   constant   
  19  zeta_vw      0.00000e+00   constant   
  20  T_CBO        9.84042e+02   5.18362e+02   1.12631e-01   2.60142e-04
  21  alpha_A0    -9.97488e-03   1.06583e-02   9.56019e-03  -1.88569e-03
  22  beta_A0     -7.66370e-03   1.86906e-03   1.02961e-03   7.69947e-04
  23  alpha_phi   -4.17967e-03   2.17218e-03   5.68605e-04  -9.55061e-03
  24  beta_phi     9.44618e-03   1.40023e-02   1.84788e-03   5.05195e-05
 EXTERNAL ERROR MATRIX.    NDIM=  25    NPAR= 11    ERR DEF=1
  5.450e+06 
  1.752e+00  5.825e-07 
 -3.866e+00 -1.213e-06  3.114e-06 
 -1.315e-01 -3.382e-08  1.557e-07  2.615e-08 
 -7.126e-01 -2.335e-07  5.167e-07  1.809e-08  1.074e-07 
  2.578e-01  8.499e-08 -1.914e-07 -6.734e-09 -3.501e-08  2.616e-08 
  1.312e+06  4.178e-01 -9.979e-01 -4.075e-02 -1.717e-01  6.842e-02  2.205e+06 
  1.124e+01  3.635e-06 -8.172e-06 -2.992e-07 -1.483e-06  5.534e-07  3.259e+00  2.373e-05 
  4.084e+00  1.372e-06 -2.641e-06 -4.570e-08 -5.385e-07  1.894e-07  1.319e+00  8.508e-06  3.597e-06 
  5.002e+00  1.642e-06 -3.482e-06 -9.386e-08 -6.593e-07  2.432e-07  1.398e+00  1.045e-05  3.897e-06  4.811e-06 
 -8.221e+00 -2.646e-06  6.046e-06  2.301e-07  1.093e-06 -3.872e-07 -2.469e+00 -1.726e-05 -6.168e-06 -7.621e-06  1.284e-05 
ERR MATRIX NOT POS-DEF
 PARAMETER  CORRELATION COEFFICIENTS  
       NO.  GLOBAL      1      3      4      6      8      9     20     21     22     23     24
        1  0.99393   1.000  0.984 -0.938 -0.348 -0.931  0.683  0.378  0.988  0.922  0.977 -0.983
        3  0.99322   0.984  1.000 -0.901 -0.274 -0.933  0.688  0.369  0.978  0.948  0.981 -0.968
        4  0.98602  -0.938 -0.901  1.000  0.546  0.894 -0.671 -0.381 -0.951 -0.789 -0.900  0.956
        6  0.76540  -0.348 -0.274  0.546  1.000  0.341 -0.257 -0.170 -0.380 -0.149 -0.265  0.397
        8  0.94305  -0.931 -0.933  0.894  0.341  1.000 -0.661 -0.353 -0.929 -0.866 -0.917  0.931
        9  0.74181   0.683  0.688 -0.671 -0.257 -0.661  1.000  0.285  0.702  0.618  0.686 -0.668
       20  0.79424   0.378  0.369 -0.381 -0.170 -0.353  0.285  1.000  0.450  0.468  0.429 -0.464
       21  0.99610   0.988  0.978 -0.951 -0.380 -0.929  0.702  0.450  1.000  0.921  0.978 -0.989
       22  0.97394   0.922  0.948 -0.789 -0.149 -0.866  0.618  0.468  0.921  1.000  0.937 -0.908
       23  0.98819   0.977  0.981 -0.900 -0.265 -0.917  0.686  0.429  0.978  0.937  1.000 -0.970
       24  0.99393  -0.983 -0.968  0.956  0.397  0.931 -0.668 -0.464 -0.989 -0.908 -0.970  1.000
 ERR MATRIX NOT POS-DEF
MINUIT - FIT ONLY 1-y
 **********
 **   51 **RES 
 **********
                   PARAMETER   16  beta_vw RESTORED TO VARIABLE.
                   PARAMETER   14  alpha_vw RESTORED TO VARIABLE.
                   PARAMETER   13  beta_y RESTORED TO VARIABLE.
                   PARAMETER   11  alpha_y RESTORED TO VARIABLE.
                   PARAMETER   10  beta_2CBO RESTORED TO VARIABLE.
 **********
 **   52 **FIX            0
 **********
 PARAMETER    0  IS UNDEFINED. IGNORED.
 **********
 **   53 **FIX            1
 **********
 **********
 **   54 **FIX            2
 **********
 PARAMETER    2  IS CONSTANT.   IGNORED.
 **********
 **   55 **FIX            3
 **********
 **********
 **   56 **FIX            4
 **********
 **********
 **   57 **FIX            5
 **********
 PARAMETER    5  IS CONSTANT.   IGNORED.
 **********
 **   58 **FIX            6
 **********
 **********
 **   59 **FIX            7
 **********
 PARAMETER    7  IS CONSTANT.   IGNORED.
 **********
 **   60 **FIX            8
 **********
 **********
 **   61 **FIX            9
 **********
 **********
 **   62 **FIX           13
 **********
 **********
 **   63 **FIX           14
 **********
 **********
 **   64 **FIX           15
 **********
 PARAMETER   15  IS CONSTANT.   IGNORED.
 **********
 **   65 **FIX           16
 **********
 **********
 **   66 **MIGRAD
 **********
 START MIGRAD MINIMIZATION.  STRATEGY  1.  CONVERGENCE WHEN EDM .LT. 1.00e-04
 FCN=956.259 FROM MIGRAD    STATUS=INITIATE       16 CALLS        2894 TOTAL
                     EDM= unknown      STRATEGY= 1      NO ERROR MATRIX       
  EXT PARAMETER               CURRENT GUESS       STEP         FIRST   
  NO.   NAME      VALUE            ERROR          SIZE      DERIVATIVE 
   1  N0           3.41128e+06     fixed    
   2  tau          6.44063e+01   constant   
   3  A0           3.59336e-01     fixed    
   4  phi          4.12164e+00     fixed    
   5  R           -6.04192e+01   constant   
   6  alpha_CBO    6.08493e-03     fixed    
   7  w_CBO        2.32500e+00   constant   
   8  beta_CBO    -1.98812e-03     fixed    
   9  alpha_2CBO  -1.71384e-04     fixed    
  10  beta_2CBO   -3.74441e-04   9.43244e-05   9.43244e-05  -2.13730e+04
  11  alpha_y      0.00000e+00   1.00000e-03   1.00000e-03  -4.82683e+05
  12  w_y          1.38860e+01   constant   
  13  beta_y       5.32605e-04     fixed    
  14  alpha_vw     0.00000e+00     fixed    
  15  w_vw         1.43404e+01   constant   
  16  beta_vw      0.00000e+00     fixed    
  17  LM           8.43198e-05   constant   
  18  zeta_y       0.00000e+00   constant   
  19  zeta_vw      0.00000e+00   constant   
  20  T_CBO        9.84042e+02   5.18362e+02   1.12631e-01   1.11015e-04
  21  alpha_A0    -9.97488e-03   1.06583e-02   9.56019e-03  -1.35129e-03
  22  beta_A0     -7.66370e-03   1.86906e-03   1.02961e-03   8.15703e-04
  23  alpha_phi   -4.17967e-03   2.17218e-03   5.68605e-04  -9.44976e-03
  24  beta_phi     9.44618e-03   1.40023e-02   1.84788e-03  -5.36548e-05
 MIGRAD MINIMIZATION HAS CONVERGED.
 MIGRAD WILL VERIFY CONVERGENCE AND ERROR MATRIX.
 COVARIANCE MATRIX CALCULATED SUCCESSFULLY
 FCN=251.062 FROM MIGRAD    STATUS=CONVERGED     281 CALLS        3159 TOTAL
                     EDM=2.92862e-05    STRATEGY= 1      ERROR MATRIX ACCURATE 
  EXT PARAMETER                                   STEP         FIRST   
  NO.   NAME      VALUE            ERROR          SIZE      DERIVATIVE 
   1  N0           3.41128e+06     fixed    
   2  tau          6.44063e+01   constant   
   3  A0           3.59336e-01     fixed    
   4  phi          4.12164e+00     fixed    
   5  R           -6.04192e+01   constant   
   6  alpha_CBO    6.08493e-03     fixed    
   7  w_CBO        2.32500e+00   constant   
   8  beta_CBO    -1.98812e-03     fixed    
   9  alpha_2CBO  -1.71384e-04     fixed    
  10  beta_2CBO   -1.46246e-04   1.11728e-04   8.24536e-07  -1.55085e+01
  11  alpha_y      2.91189e-03   1.09765e-04   8.49753e-07  -1.91414e+00
  12  w_y          1.38860e+01   constant   
  13  beta_y       5.32605e-04     fixed    
  14  alpha_vw     0.00000e+00     fixed    
  15  w_vw         1.43404e+01   constant   
  16  beta_vw      0.00000e+00     fixed    
  17  LM           8.43198e-05   constant   
  18  zeta_y       0.00000e+00   constant   
  19  zeta_vw      0.00000e+00   constant   
  20  T_CBO        6.90778e+02   8.16046e+02   7.78434e-03  -8.04497e-04
  21  alpha_A0    -9.99999e-03   3.28242e-03   6.40315e-03   4.79804e-03
  22  beta_A0     -7.75621e-03   5.42907e-04   5.45100e-04  -5.98942e-02
  23  alpha_phi   -4.49759e-03   3.71927e-04   3.01017e-04  -3.46804e-02
  24  beta_phi     9.41270e-03   5.52207e-04   9.36269e-04   2.44923e-03
 EXTERNAL ERROR MATRIX.    NDIM=  25    NPAR=  7    ERR DEF=1
  1.248e-08  3.939e-10 -9.946e-04  3.377e-12  1.308e-08 -6.431e-09  5.715e-09 
  3.939e-10  1.205e-08 -7.079e-04 -4.244e-13 -8.807e-10 -1.000e-09 -5.051e-10 
 -9.946e-04 -7.079e-04  4.634e+05  7.841e-04  1.942e-01  6.497e-02 -2.479e-01 
  3.377e-12 -4.244e-13  7.841e-04  1.925e-10  4.329e-10  2.377e-10 -5.100e-10 
  1.308e-08 -8.807e-10  1.942e-01  4.329e-10  2.955e-07  7.437e-09 -1.072e-07 
 -6.431e-09 -1.000e-09  6.497e-02  2.377e-10  7.437e-09  1.384e-07 -6.575e-08 
  5.715e-09 -5.051e-10 -2.479e-01 -5.100e-10 -1.072e-07 -6.575e-08  3.077e-07 
 PARAMETER  CORRELATION COEFFICIENTS  
       NO.  GLOBAL     10     11     20     21     22     23     24
       10  0.30618   1.000  0.032 -0.013  0.002  0.215 -0.155  0.092
       11  0.05230   0.032  1.000 -0.009 -0.000 -0.015 -0.024 -0.008
       20  0.73198  -0.013 -0.009  1.000  0.083  0.525  0.257 -0.657
       21  0.08963   0.002 -0.000  0.083  1.000  0.057  0.046 -0.066
       22  0.57697   0.215 -0.015  0.525  0.057  1.000  0.037 -0.356
       23  0.36205  -0.155 -0.024  0.257  0.046  0.037  1.000 -0.319
       24  0.67940   0.092 -0.008 -0.657 -0.066 -0.356 -0.319  1.000
MINUIT - FIT ONLY 2-y
 **********
 **   67 **RES 
 **********
                   PARAMETER   16  beta_vw RESTORED TO VARIABLE.
                   PARAMETER   14  alpha_vw RESTORED TO VARIABLE.
                   PARAMETER   13  beta_y RESTORED TO VARIABLE.
                   PARAMETER    9  alpha_2CBO RESTORED TO VARIABLE.
                   PARAMETER    8  beta_CBO RESTORED TO VARIABLE.
                   PARAMETER    6  alpha_CBO RESTORED TO VARIABLE.
                   PARAMETER    4  phi RESTORED TO VARIABLE.
                   PARAMETER    3  A0 RESTORED TO VARIABLE.
                   PARAMETER    1  N0 RESTORED TO VARIABLE.
 **********
 **   68 **FIX            0
 **********
 PARAMETER    0  IS UNDEFINED. IGNORED.
 **********
 **   69 **FIX            1
 **********
 **********
 **   70 **FIX            2
 **********
 PARAMETER    2  IS CONSTANT.   IGNORED.
 **********
 **   71 **FIX            3
 **********
 **********
 **   72 **FIX            4
 **********
 **********
 **   73 **FIX            5
 **********
 PARAMETER    5  IS CONSTANT.   IGNORED.
 **********
 **   74 **FIX            6
 **********
 **********
 **   75 **FIX            7
 **********
 PARAMETER    7  IS CONSTANT.   IGNORED.
 **********
 **   76 **FIX            8
 **********
 **********
 **   77 **FIX            9
 **********
 **********
 **   78 **FIX           10
 **********
 **********
 **   79 **FIX           11
 **********
 **********
 **   80 **FIX           12
 **********
 PARAMETER   12  IS CONSTANT.   IGNORED.
 **********
 **   81 **FIX           16
 **********
 **********
 **   82 **MIGRAD
 **********
 START MIGRAD MINIMIZATION.  STRATEGY  1.  CONVERGENCE WHEN EDM .LT. 1.00e-04
 FCN=251.062 FROM MIGRAD    STATUS=INITIATE       16 CALLS        3175 TOTAL
                     EDM= unknown      STRATEGY= 1      NO ERROR MATRIX       
  EXT PARAMETER               CURRENT GUESS       STEP         FIRST   
  NO.   NAME      VALUE            ERROR          SIZE      DERIVATIVE 
   1  N0           3.41128e+06     fixed    
   2  tau          6.44063e+01   constant   
   3  A0           3.59336e-01     fixed    
   4  phi          4.12164e+00     fixed    
   5  R           -6.04192e+01   constant   
   6  alpha_CBO    6.08493e-03     fixed    
   7  w_CBO        2.32500e+00   constant   
   8  beta_CBO    -1.98812e-03     fixed    
   9  alpha_2CBO  -1.71384e-04     fixed    
  10  beta_2CBO   -1.46246e-04     fixed    
  11  alpha_y      2.91189e-03     fixed    
  12  w_y          1.38860e+01   constant   
  13  beta_y       5.32605e-04   1.06295e-04   1.06295e-04   1.57286e+04
  14  alpha_vw     0.00000e+00   1.00000e-03   1.00000e-03   1.23713e+05
  15  w_vw         1.43404e+01   constant   
  16  beta_vw      0.00000e+00     fixed    
  17  LM           8.43198e-05   constant   
  18  zeta_y       0.00000e+00   constant   
  19  zeta_vw      0.00000e+00   constant   
  20  T_CBO        6.90778e+02   8.16046e+02   7.78434e-03  -8.20903e-04
  21  alpha_A0    -9.99999e-03   3.28242e-03   6.40315e-03   4.83167e-03
  22  beta_A0     -7.75621e-03   5.42907e-04   5.45100e-04  -5.98233e-02
  23  alpha_phi   -4.49759e-03   3.71927e-04   3.01017e-04  -3.46515e-02
  24  beta_phi     9.41270e-03   5.52207e-04   9.36269e-04   2.42248e-03
 MIGRAD MINIMIZATION HAS CONVERGED.
 MIGRAD WILL VERIFY CONVERGENCE AND ERROR MATRIX.
 COVARIANCE MATRIX CALCULATED SUCCESSFULLY
 FCN=182.084 FROM MIGRAD    STATUS=CONVERGED     209 CALLS        3368 TOTAL
                     EDM=4.71667e-07    STRATEGY= 1      ERROR MATRIX ACCURATE 
  EXT PARAMETER                                   STEP         FIRST   
  NO.   NAME      VALUE            ERROR          SIZE      DERIVATIVE 
   1  N0           3.41128e+06     fixed    
   2  tau          6.44063e+01   constant   
   3  A0           3.59336e-01     fixed    
   4  phi          4.12164e+00     fixed    
   5  R           -6.04192e+01   constant   
   6  alpha_CBO    6.08493e-03     fixed    
   7  w_CBO        2.32500e+00   constant   
   8  beta_CBO    -1.98812e-03     fixed    
   9  alpha_2CBO  -1.71384e-04     fixed    
  10  beta_2CBO   -1.46246e-04     fixed    
  11  alpha_y      2.91189e-03     fixed    
  12  w_y          1.38860e+01   constant   
  13  beta_y      -7.08570e-05   1.23912e-04   7.07413e-07   1.89161e+00
