 + ++++++++++++++++++++++++++++++++++++++++++++++++++++++++++++++++++++ +
 +                                                                      +
 +           You have chose to blind your fitting according to          +
 +                omega_ref * (1 + (R +/- deltaR) *10^{-6})             +
 +                                                                      +
 + ++++++++++++++++++++++++++++++++++++++++++++++++++++++++++++++++++++ +
In main()...
reading format from /gm2data/zkhechad/run45/envelope/formats/formatB_sBin_constraintOn.txt
pBinTau 	= 0  
pBinPhi 	= 0  
constraintau 	= 1 
includeMopTerm 	= 0    
constrainMop    = 0   
Parameters after format file: pBinTau 0 pBinPhi 0 constraintau 1 includeMopTerm 0 constrainMop 0 c_e_scale 0.000000 
Opening file /gm2data/tbarrett/gm2fr/studies/run23_bunch_corrections/CorrectedFourier_Run3b.root.
reading full fit data from /gm2data/zkhechad/cboTemplates/Run4CBOTemplates/fullFits/noRF/sBin_constraintOn_cE0.0_seed0_noRF_calo15.root
windowBins = 69
fitting sliding window 1540 from bin 1676 at 249.910000 to bin 1745 at 260.354000 (69 bins)

Reading data from /gm2data/cornell/histograms/aMethod/histogram_a_noRF.root
 **********
 **    1 **SET PRINTOUT            1
 **********
 **********
 **    2 **SET NOWARNINGS 
 **********
 PARAMETER DEFINITIONS:
    NO.   NAME         VALUE      STEP SIZE      LIMITS
     1 N0           3.09348e+06  1.00000e+02     no limits
     2 tau          6.43983e+01  constant
     3 A0           3.54040e-01  1.00000e-04     no limits
     4 phi          4.11948e+00  1.00000e-02     no limits
     5 R           -6.00563e+01  constant
     6 alpha_CBO    0.00000e+00  1.00000e-03     no limits
     7 w_CBO        2.32500e+00  constant
     8 beta_CBO     0.00000e+00  1.00000e-03     no limits
     9 alpha_2CBO   0.00000e+00  1.00000e-03     no limits
    10 beta_2CBO    0.00000e+00  1.00000e-03     no limits
    11 alpha_y      0.00000e+00  1.00000e-03     no limits
    12 w_y          1.38860e+01  constant
    13 beta_y       0.00000e+00  1.00000e-03     no limits
    14 alpha_vw     0.00000e+00  1.00000e-03     no limits
    15 w_vw         1.43404e+01  constant
    16 beta_vw      0.00000e+00  1.00000e-03     no limits
    17 LM          -1.62209e-04  constant
    18 zeta_y       0.00000e+00  constant
    19 zeta_vw      0.00000e+00  constant
    20 T_CBO        1.00000e+02  1.00000e+00    0.00000e+00  1.00000e+03
    21 alpha_A0     0.00000e+00  1.00000e-03     no limits
    22 beta_A0      0.00000e+00  1.00000e-03     no limits
    23 alpha_phi    0.00000e+00  1.00000e-03     no limits
    24 beta_phi     0.00000e+00  1.00000e-03     no limits
MINUIT - FIT ONLY WIGGLE
 **********
 **    3 **FIX            5
 **********
 PARAMETER    5  IS CONSTANT.   IGNORED.
 **********
 **    4 **FIX            6
 **********
 **********
 **    5 **FIX            7
 **********
 PARAMETER    7  IS CONSTANT.   IGNORED.
 **********
 **    6 **FIX            8
 **********
 **********
 **    7 **FIX            9
 **********
 **********
 **    8 **FIX           10
 **********
 **********
 **    9 **FIX           11
 **********
 **********
 **   10 **FIX           12
 **********
 PARAMETER   12  IS CONSTANT.   IGNORED.
 **********
 **   11 **FIX           13
 **********
 **********
 **   12 **FIX           14
 **********
 **********
 **   13 **FIX           15
 **********
 PARAMETER   15  IS CONSTANT.   IGNORED.
 **********
 **   14 **FIX           16
 **********
 **********
 **   15 **MIGRAD
 **********
 FIRST CALL TO USER FUNCTION AT NEW START POINT, WITH IFLAG=4.
 START MIGRAD MINIMIZATION.  STRATEGY  1.  CONVERGENCE WHEN EDM .LT. 1.00e-04
 FCN=128.93 FROM MIGRAD    STATUS=INITIATE      437 CALLS         438 TOTAL
                     EDM= unknown      STRATEGY= 1      NO ERROR MATRIX       
  EXT PARAMETER               CURRENT GUESS       STEP         FIRST   
  NO.   NAME      VALUE            ERROR          SIZE      DERIVATIVE 
   1  N0           3.09348e+06   1.00000e+02   0.00000e+00  -7.61244e-04
   2  tau          6.43983e+01   constant   
   3  A0           3.54040e-01   1.00000e-04   0.00000e+00  -1.31808e+04
   4  phi          4.11948e+00   1.00000e-02   0.00000e+00   9.85826e+02
   5  R           -6.00563e+01   constant   
   6  alpha_CBO    0.00000e+00     fixed    
   7  w_CBO        2.32500e+00   constant   
   8  beta_CBO     0.00000e+00     fixed    
   9  alpha_2CBO   0.00000e+00     fixed    
  10  beta_2CBO    0.00000e+00     fixed    
  11  alpha_y      0.00000e+00     fixed    
  12  w_y          1.38860e+01   constant   
  13  beta_y       0.00000e+00     fixed    
  14  alpha_vw     0.00000e+00     fixed    
  15  w_vw         1.43404e+01   constant   
  16  beta_vw      0.00000e+00     fixed    
  17  LM          -1.62209e-04   constant   
  18  zeta_y       0.00000e+00   constant   
  19  zeta_vw      0.00000e+00   constant   
  20  T_CBO        1.00000e+02   1.00000e+00   0.00000e+00   0.00000e+00
  21  alpha_A0     0.00000e+00   1.00000e-03   0.00000e+00   4.81981e+01
  22  beta_A0      0.00000e+00   1.00000e-03   0.00000e+00   1.41976e+02
  23  alpha_phi    0.00000e+00   1.00000e-03   0.00000e+00   1.59967e+01
  24  beta_phi     0.00000e+00   1.00000e-03   0.00000e+00  -1.54531e+02
 CALL LIMIT EXCEEDED IN MIGRAD.
 MIGRAD TERMINATED WITHOUT CONVERGENCE.
 FCN=112.538 FROM MIGRAD    STATUS=CALL LIMIT   1327 CALLS        1328 TOTAL
                     EDM=0.000433911    STRATEGY= 1  ERROR MATRIX UNCERTAINTY   1.9 per cent
  EXT PARAMETER                APPROXIMATE        STEP         FIRST   
  NO.   NAME      VALUE            ERROR          SIZE      DERIVATIVE 
   1  N0           3.09355e+06   9.62579e+02   2.57046e+00   1.10602e-05
   2  tau          6.43983e+01   constant   
   3  A0           3.55411e-01   4.08295e-04  -1.09860e-06  -4.28402e+00
   4  phi          4.11853e+00   1.12902e-03   4.43510e-06   4.87567e+00
   5  R           -6.00563e+01   constant   
   6  alpha_CBO    0.00000e+00     fixed    
   7  w_CBO        2.32500e+00   constant   
   8  beta_CBO     0.00000e+00     fixed    
   9  alpha_2CBO   0.00000e+00     fixed    
  10  beta_2CBO    0.00000e+00     fixed    
  11  alpha_y      0.00000e+00     fixed    
  12  w_y          1.38860e+01   constant   
  13  beta_y       0.00000e+00     fixed    
  14  alpha_vw     0.00000e+00     fixed    
  15  w_vw         1.43404e+01   constant   
  16  beta_vw      0.00000e+00     fixed    
  17  LM          -1.62209e-04   constant   
  18  zeta_y       0.00000e+00   constant   
  19  zeta_vw      0.00000e+00   constant   
  20  T_CBO        4.72775e+01   3.52885e+01  -4.13247e-03  -1.76521e+00
  21  alpha_A0    -3.32614e-01   1.27758e+00  -2.97157e-02  -2.24753e-01
  22  beta_A0     -4.93977e-01   1.69564e+00  -3.94758e-02   1.59644e-01
  23  alpha_phi   -9.70090e-02   4.54661e-01  -1.05238e-02  -2.61774e-01
  24  beta_phi     9.43104e-01   3.41616e+00   7.94180e-02  -1.34636e-01
 EXTERNAL ERROR MATRIX.    NDIM=  25    NPAR=  8    ERR DEF=1
  9.266e+05  4.436e-03  1.550e-01  3.474e+01  1.529e+01  6.634e+00  3.820e+00 -3.029e+01 
  4.436e-03  1.667e-07 -8.302e-09  1.214e-04 -5.008e-06 -3.873e-06 -2.751e-06  1.109e-05 
  1.550e-01 -8.302e-09  1.275e-06  8.826e-04  4.233e-05  4.649e-05  1.550e-05 -1.012e-04 
  3.474e+01  1.214e-04  8.826e-04  1.257e+03  4.518e+01  5.999e+01  1.600e+01 -1.209e+02 
  1.529e+01 -5.008e-06  4.233e-05  4.518e+01  1.632e+00  2.163e+00  5.790e-01 -4.362e+00 
  6.634e+00 -3.873e-06  4.649e-05  5.999e+01  2.163e+00  2.875e+00  7.652e-01 -5.790e+00 
  3.820e+00 -2.751e-06  1.550e-05  1.600e+01  5.790e-01  7.652e-01  2.067e-01 -1.545e+00 
 -3.029e+01  1.109e-05 -1.012e-04 -1.209e+02 -4.362e+00 -5.790e+00 -1.545e+00  1.167e+01 
ERR MATRIX APPROXIMATE
 PARAMETER  CORRELATION COEFFICIENTS  
       NO.  GLOBAL      1      3      4     20     21     22     23     24
        1  0.34132   1.000  0.011  0.143  0.001  0.012  0.004  0.009 -0.009
        3  0.26613   0.011  1.000 -0.018  0.008 -0.010 -0.006 -0.015  0.008
        4  0.17639   0.143 -0.018  1.000  0.022  0.029  0.024  0.030 -0.026
       20  0.99819   0.001  0.008  0.022  1.000  0.997  0.998  0.993 -0.998
       21  0.99978   0.012 -0.010  0.029  0.997  1.000  0.999  0.997 -0.999
       22  0.99987   0.004 -0.006  0.024  0.998  0.999  1.000  0.993 -1.000
       23  0.99843   0.009 -0.015  0.030  0.993  0.997  0.993  1.000 -0.995
       24  0.99994  -0.009  0.008 -0.026 -0.998 -0.999 -1.000 -0.995  1.000
 ERR MATRIX APPROXIMATE
MINUIT - FIT ONLY 1-CBO + wiggle
 **********
 **   16 **RES 
 **********
                   PARAMETER   16  beta_vw RESTORED TO VARIABLE.
                   PARAMETER   14  alpha_vw RESTORED TO VARIABLE.
                   PARAMETER   13  beta_y RESTORED TO VARIABLE.
                   PARAMETER   11  alpha_y RESTORED TO VARIABLE.
                   PARAMETER   10  beta_2CBO RESTORED TO VARIABLE.
                   PARAMETER    9  alpha_2CBO RESTORED TO VARIABLE.
                   PARAMETER    8  beta_CBO RESTORED TO VARIABLE.
                   PARAMETER    6  alpha_CBO RESTORED TO VARIABLE.
 **********
 **   17 **FIX            8
 **********
 **********
 **   18 **FIX            9
 **********
 **********
 **   19 **FIX           11
 **********
 **********
 **   20 **FIX           12
 **********
 PARAMETER   12  IS CONSTANT.   IGNORED.
 **********
 **   21 **FIX           14
 **********
 **********
 **   22 **FIX           15
 **********
 PARAMETER   15  IS CONSTANT.   IGNORED.
 **********
 **   23 **FIX           16
 **********
 **********
 **   24 **MIGRAD
 **********
 START MIGRAD MINIMIZATION.  STRATEGY  1.  CONVERGENCE WHEN EDM .LT. 1.00e-04
 FCN=112.538 FROM MIGRAD    STATUS=INITIATE       28 CALLS        1356 TOTAL
                     EDM= unknown      STRATEGY= 1      NO ERROR MATRIX       
  EXT PARAMETER               CURRENT GUESS       STEP         FIRST   
  NO.   NAME      VALUE            ERROR          SIZE      DERIVATIVE 
   1  N0           3.09355e+06   9.62579e+02   2.57046e+00   1.10602e-05
   2  tau          6.43983e+01   constant   
   3  A0           3.55411e-01   4.08295e-04  -1.09860e-06  -4.28402e+00
   4  phi          4.11853e+00   1.12902e-03   4.43510e-06   4.87567e+00
   5  R           -6.00563e+01   constant   
   6  alpha_CBO    0.00000e+00   1.00000e-03   1.00000e-03  -2.65753e+04
   7  w_CBO        2.32500e+00   constant   
   8  beta_CBO     0.00000e+00     fixed    
   9  alpha_2CBO   0.00000e+00     fixed    
  10  beta_2CBO    0.00000e+00   1.00000e-03   1.00000e-03   1.17328e+04
  11  alpha_y      0.00000e+00     fixed    
  12  w_y          1.38860e+01   constant   
  13  beta_y       0.00000e+00   1.00000e-03   1.00000e-03  -2.66242e+03
  14  alpha_vw     0.00000e+00     fixed    
  15  w_vw         1.43404e+01   constant   
  16  beta_vw      0.00000e+00     fixed    
  17  LM          -1.62209e-04   constant   
  18  zeta_y       0.00000e+00   constant   
  19  zeta_vw      0.00000e+00   constant   
  20  T_CBO        4.72775e+01   3.52885e+01  -4.13247e-03  -1.76522e+00
  21  alpha_A0    -3.32614e-01   1.27758e+00  -2.97157e-02  -2.24753e-01
  22  beta_A0     -4.93977e-01   1.69564e+00  -3.94758e-02   1.59644e-01
  23  alpha_phi   -9.70090e-02   4.54661e-01  -1.05238e-02  -2.61774e-01
  24  beta_phi     9.43104e-01   3.41616e+00   7.94180e-02  -1.34636e-01
 CALL LIMIT EXCEEDED IN MIGRAD.
 MIGRAD TERMINATED WITHOUT CONVERGENCE.
 FCN=70.8401 FROM MIGRAD    STATUS=CALL LIMIT   1907 CALLS        3235 TOTAL
                     EDM=0.0020919    STRATEGY= 1  ERROR MATRIX UNCERTAINTY  28.5 per cent
  EXT PARAMETER                APPROXIMATE        STEP         FIRST   
  NO.   NAME      VALUE            ERROR          SIZE      DERIVATIVE 
   1  N0           3.09329e+06   9.50941e+02  -1.22213e+01  -1.10536e-05
   2  tau          6.43983e+01   constant   
   3  A0           3.54940e-01   4.24643e-04   3.20464e-06   3.63108e+01
   4  phi          4.11909e+00   1.17435e-03  -1.72457e-05  -1.03713e+01
   5  R           -6.00563e+01   constant   
   6  alpha_CBO    2.60280e-03   4.45613e-04   1.98561e-06   2.36552e+00
   7  w_CBO        2.32500e+00   constant   
   8  beta_CBO     0.00000e+00     fixed    
   9  alpha_2CBO   0.00000e+00     fixed    
  10  beta_2CBO   -1.06985e-03   4.32683e-04   8.14371e-06  -1.14229e+01
  11  alpha_y      0.00000e+00     fixed    
  12  w_y          1.38860e+01   constant   
  13  beta_y       2.21968e-04   4.27575e-04  -1.11336e-05  -1.53438e+01
  14  alpha_vw     0.00000e+00     fixed    
  15  w_vw         1.43404e+01   constant   
  16  beta_vw      0.00000e+00     fixed    
  17  LM          -1.62209e-04   constant   
  18  zeta_y       0.00000e+00   constant   
  19  zeta_vw      0.00000e+00   constant   
  20  T_CBO        2.12032e+01   5.31897e+00  -1.78792e-03  -1.63464e+01
  21  alpha_A0     1.21994e+02   3.25083e+02   1.53097e+01  -9.70273e-04
  22  beta_A0     -3.71472e+02   1.00346e+03  -4.72612e+01   1.49955e-04
  23  alpha_phi    1.16963e+02   3.14229e+02   1.48006e+01  -1.56819e-04
  24  beta_phi     7.36376e+02   1.99939e+03   9.41677e+01  -7.48614e-05
 EXTERNAL ERROR MATRIX.    NDIM=  25    NPAR= 11    ERR DEF=1
  9.043e+05 
  9.866e-03  1.803e-07 
  1.875e-01 -1.806e-08  1.379e-06 
 -3.273e-02 -3.610e-08  5.406e-08  1.986e-07 
 -1.139e-02 -3.854e-09  2.230e-08  6.714e-09  1.872e-07 
  1.047e-02  2.319e-09 -2.875e-09 -4.466e-09 -6.664e-09  1.828e-07 
  2.318e+02 -4.376e-05  4.761e-04 -2.988e-05 -1.745e-04  1.930e-04  2.830e+01 
 -2.033e+04  6.317e-03 -3.701e-02  2.167e-03  9.964e-03 -1.440e-02 -1.719e+03  1.057e+05 
  6.288e+04 -1.952e-02  1.144e-01 -6.597e-03 -3.084e-02  4.446e-02  5.306e+03 -3.262e+05  1.007e+06 
 -1.976e+04  6.099e-03 -3.583e-02  2.080e-03  9.644e-03 -1.392e-02 -1.662e+03  1.022e+05 -3.153e+05  9.874e+04 
 -1.255e+05  3.893e-02 -2.280e-01  1.315e-02  6.149e-02 -8.861e-02 -1.057e+04  6.500e+05 -2.006e+06  6.283e+05  3.998e+06 
ERR MATRIX APPROXIMATE
 PARAMETER  CORRELATION COEFFICIENTS  
       NO.  GLOBAL      1      3      4      6     10     13     20     21     22     23     24
        1  0.35242   1.000  0.024  0.168 -0.077 -0.028  0.026  0.046 -0.066  0.066 -0.066 -0.066
        3  0.32476   0.024  1.000 -0.036 -0.191 -0.021  0.013 -0.019  0.046 -0.046  0.046  0.046
        4  0.28800   0.168 -0.036  1.000  0.103  0.044 -0.006  0.076 -0.097  0.097 -0.097 -0.097
        6  0.29784  -0.077 -0.191  0.103  1.000  0.035 -0.023 -0.013  0.015 -0.015  0.015  0.015
       10  0.23733  -0.028 -0.021  0.044  0.035  1.000 -0.036 -0.076  0.071 -0.071  0.071  0.071
       13  0.21153   0.026  0.013 -0.006 -0.023 -0.036  1.000  0.085 -0.104  0.104 -0.104 -0.104
       20  0.99507   0.046 -0.019  0.076 -0.013 -0.076  0.085  1.000 -0.994  0.994 -0.994 -0.994
       21  1.00000  -0.066  0.046 -0.097  0.015  0.071 -0.104 -0.994  1.000 -1.000  1.000  1.000
       22  1.00000   0.066 -0.046  0.097 -0.015 -0.071  0.104  0.994 -1.000  1.000 -1.000 -1.000
       23  1.00000  -0.066  0.046 -0.097  0.015  0.071 -0.104 -0.994  1.000 -1.000  1.000  1.000
       24  1.00000  -0.066  0.046 -0.097  0.015  0.071 -0.104 -0.994  1.000 -1.000  1.000  1.000
 ERR MATRIX APPROXIMATE
MINUIT - FIT ONLY 2-CBO
 **********
 **   25 **RES 
 **********
                   PARAMETER   16  beta_vw RESTORED TO VARIABLE.
                   PARAMETER   14  alpha_vw RESTORED TO VARIABLE.
                   PARAMETER   11  alpha_y RESTORED TO VARIABLE.
                   PARAMETER    9  alpha_2CBO RESTORED TO VARIABLE.
                   PARAMETER    8  beta_CBO RESTORED TO VARIABLE.
 **********
 **   26 **FIX            0
 **********
 PARAMETER    0  IS UNDEFINED. IGNORED.
 **********
 **   27 **FIX            1
 **********
 **********
 **   28 **FIX            2
 **********
 PARAMETER    2  IS CONSTANT.   IGNORED.
 **********
 **   29 **FIX            3
 **********
 **********
 **   30 **FIX            4
 **********
 **********
 **   31 **FIX            5
 **********
 PARAMETER    5  IS CONSTANT.   IGNORED.
 **********
 **   32 **FIX            6
 **********
 **********
 **   33 **FIX            7
 **********
 PARAMETER    7  IS CONSTANT.   IGNORED.
 **********
 **   34 **FIX           10
 **********
 **********
 **   35 **FIX           11
 **********
 **********
 **   36 **FIX           12
 **********
 PARAMETER   12  IS CONSTANT.   IGNORED.
 **********
 **   37 **FIX           13
 **********
 **********
 **   38 **FIX           14
 **********
 **********
 **   39 **FIX           15
 **********
 PARAMETER   15  IS CONSTANT.   IGNORED.
 **********
 **   40 **FIX           16
 **********
 **********
 **   41 **MIGRAD
 **********
 START MIGRAD MINIMIZATION.  STRATEGY  1.  CONVERGENCE WHEN EDM .LT. 1.00e-04
 FCN=70.8401 FROM MIGRAD    STATUS=INITIATE       18 CALLS        3253 TOTAL
                     EDM= unknown      STRATEGY= 1      NO ERROR MATRIX       
  EXT PARAMETER               CURRENT GUESS       STEP         FIRST   
  NO.   NAME      VALUE            ERROR          SIZE      DERIVATIVE 
   1  N0           3.09329e+06     fixed    
   2  tau          6.43983e+01   constant   
   3  A0           3.54940e-01     fixed    
   4  phi          4.11909e+00     fixed    
   5  R           -6.00563e+01   constant   
   6  alpha_CBO    2.60280e-03     fixed    
   7  w_CBO        2.32500e+00   constant   
   8  beta_CBO     0.00000e+00   1.00000e-03   1.00000e-03  -1.61813e+04
   9  alpha_2CBO   0.00000e+00   1.00000e-03   1.00000e-03  -7.98505e+03
  10  beta_2CBO   -1.06985e-03     fixed    
  11  alpha_y      0.00000e+00     fixed    
  12  w_y          1.38860e+01   constant   
  13  beta_y       2.21968e-04     fixed    
  14  alpha_vw     0.00000e+00     fixed    
  15  w_vw         1.43404e+01   constant   
  16  beta_vw      0.00000e+00     fixed    
  17  LM          -1.62209e-04   constant   
  18  zeta_y       0.00000e+00   constant   
  19  zeta_vw      0.00000e+00   constant   
  20  T_CBO        2.12032e+01   5.31897e+00  -1.78792e-03  -1.63464e+01
  21  alpha_A0     1.21994e+02   3.25083e+02   1.53097e+01  -9.70273e-04
  22  beta_A0     -3.71472e+02   1.00346e+03  -4.72612e+01   1.49955e-04
  23  alpha_phi    1.16963e+02   3.14229e+02   1.48006e+01  -1.56819e-04
  24  beta_phi     7.36376e+02   1.99939e+03   9.41677e+01  -7.48614e-05
 CALL LIMIT EXCEEDED IN MIGRAD.
 MIGRAD TERMINATED WITHOUT CONVERGENCE.
 FCN=55.5444 FROM MIGRAD    STATUS=CALL LIMIT   1150 CALLS        4385 TOTAL
                     EDM=0.00142043    STRATEGY= 1  ERROR MATRIX UNCERTAINTY  14.3 per cent
  EXT PARAMETER                APPROXIMATE        STEP         FIRST   
  NO.   NAME      VALUE            ERROR          SIZE      DERIVATIVE 
   1  N0           3.09329e+06     fixed    
   2  tau          6.43983e+01   constant   
   3  A0           3.54940e-01     fixed    
   4  phi          4.11909e+00     fixed    
   5  R           -6.00563e+01   constant   
   6  alpha_CBO    2.60280e-03     fixed    
   7  w_CBO        2.32500e+00   constant   
   8  beta_CBO     1.48862e-03   4.17444e-04  -8.62475e-06  -7.24383e+01
   9  alpha_2CBO   7.74479e-04   4.24574e-04   5.10862e-06   4.17578e+01
  10  beta_2CBO   -1.06985e-03     fixed    
  11  alpha_y      0.00000e+00     fixed    
  12  w_y          1.38860e+01   constant   
  13  beta_y       2.21968e-04     fixed    
  14  alpha_vw     0.00000e+00     fixed    
  15  w_vw         1.43404e+01   constant   
  16  beta_vw      0.00000e+00     fixed    
  17  LM          -1.62209e-04   constant   
  18  zeta_y       0.00000e+00   constant   
  19  zeta_vw      0.00000e+00   constant   
  20  T_CBO        1.59566e+01   5.61492e+00  -6.69810e-04   1.95049e+00
  21  alpha_A0     1.17084e+04   6.55497e+04   1.11687e+03   2.68775e-06
  22  beta_A0     -9.46708e+03   5.00551e+04  -8.54987e+02   4.08392e-06
  23  alpha_phi    2.55607e+03   1.19963e+04   1.97963e+02  -3.27545e-06
  24  beta_phi     4.02249e+04   2.05505e+05   3.48564e+03   4.35967e-07
 EXTERNAL ERROR MATRIX.    NDIM=  25    NPAR=  7    ERR DEF=1
  1.743e-07  7.671e-09  8.330e-04 -9.438e+00  7.391e+00 -1.847e+00 -3.059e+01 
  7.671e-09  1.803e-07 -4.776e-04  5.601e+00 -4.308e+00  1.024e+00  1.783e+01 
  8.330e-04 -4.776e-04  3.155e+01 -3.657e+05  2.803e+05 -6.565e+04 -1.151e+06 
 -9.438e+00  5.601e+00 -3.657e+05  4.297e+09 -3.274e+09  7.504e+08  1.340e+10 
  7.391e+00 -4.308e+00  2.803e+05 -3.274e+09  2.506e+09 -5.837e+08 -1.028e+10 
 -1.847e+00  1.024e+00 -6.565e+04  7.504e+08 -5.837e+08  1.439e+08  2.415e+09 
 -3.059e+01  1.783e+01 -1.151e+06  1.340e+10 -1.028e+10  2.415e+09  4.223e+10 
ERR MATRIX APPROXIMATE
 PARAMETER  CORRELATION COEFFICIENTS  
       NO.  GLOBAL      8      9     20     21     22     23     24
        8  0.40696   1.000  0.043  0.355 -0.345  0.354 -0.369 -0.357
        9  0.31122   0.043  1.000 -0.200  0.201 -0.203  0.201  0.204
       20  0.99800   0.355 -0.200  1.000 -0.993  0.997 -0.974 -0.997
       21  0.99996  -0.345  0.201 -0.993  1.000 -0.998  0.954  0.995
       22  0.99998   0.354 -0.203  0.997 -0.998  1.000 -0.972 -0.999
       23  0.99970  -0.369  0.201 -0.974  0.954 -0.972  1.000  0.980
       24  0.99998  -0.357  0.204 -0.997  0.995 -0.999  0.980  1.000
 ERR MATRIX APPROXIMATE
MINUIT - FIT wiggle + 1-CBO + 2-CBO
 **********
 **   42 **RES 
 **********
                   PARAMETER   16  beta_vw RESTORED TO VARIABLE.
                   PARAMETER   14  alpha_vw RESTORED TO VARIABLE.
                   PARAMETER   13  beta_y RESTORED TO VARIABLE.
                   PARAMETER   11  alpha_y RESTORED TO VARIABLE.
                   PARAMETER   10  beta_2CBO RESTORED TO VARIABLE.
                   PARAMETER    6  alpha_CBO RESTORED TO VARIABLE.
                   PARAMETER    4  phi RESTORED TO VARIABLE.
                   PARAMETER    3  A0 RESTORED TO VARIABLE.
                   PARAMETER    1  N0 RESTORED TO VARIABLE.
 **********
 **   43 **FIX           10
 **********
 **********
 **   44 **FIX           11
 **********
 **********
 **   45 **FIX           12
 **********
 PARAMETER   12  IS CONSTANT.   IGNORED.
 **********
 **   46 **FIX           13
 **********
 **********
 **   47 **FIX           14
 **********
 **********
 **   48 **FIX           15
 **********
 PARAMETER   15  IS CONSTANT.   IGNORED.
 **********
 **   49 **FIX           16
 **********
 **********
 **   50 **MIGRAD
 **********
 START MIGRAD MINIMIZATION.  STRATEGY  1.  CONVERGENCE WHEN EDM .LT. 1.00e-04
 FCN=55.5444 FROM MIGRAD    STATUS=INITIATE       22 CALLS        4407 TOTAL
                     EDM= unknown      STRATEGY= 1      NO ERROR MATRIX       
  EXT PARAMETER               CURRENT GUESS       STEP         FIRST   
  NO.   NAME      VALUE            ERROR          SIZE      DERIVATIVE 
   1  N0           3.09329e+06   9.50941e+02   9.50941e+02  -9.91673e-05
   2  tau          6.43983e+01   constant   
   3  A0           3.54940e-01   4.24643e-04   4.24643e-04   2.35851e+03
   4  phi          4.11909e+00   1.17435e-03   1.17435e-03   8.01994e+02
   5  R           -6.00563e+01   constant   
   6  alpha_CBO    2.60280e-03   4.45613e-04   4.45613e-04   5.19771e+02
   7  w_CBO        2.32500e+00   constant   
   8  beta_CBO     1.48862e-03   4.17444e-04  -8.62475e-06  -7.24383e+01
   9  alpha_2CBO   7.74479e-04   4.24574e-04   5.10862e-06   4.17578e+01
  10  beta_2CBO   -1.06985e-03     fixed    
  11  alpha_y      0.00000e+00     fixed    
  12  w_y          1.38860e+01   constant   
  13  beta_y       2.21968e-04     fixed    
  14  alpha_vw     0.00000e+00     fixed    
  15  w_vw         1.43404e+01   constant   
  16  beta_vw      0.00000e+00     fixed    
  17  LM          -1.62209e-04   constant   
  18  zeta_y       0.00000e+00   constant   
  19  zeta_vw      0.00000e+00   constant   
  20  T_CBO        1.59566e+01   5.61492e+00  -6.69810e-04   1.95043e+00
  21  alpha_A0     1.17084e+04   6.55497e+04   1.11687e+03   2.68775e-06
  22  beta_A0     -9.46708e+03   5.00551e+04  -8.54987e+02   4.08392e-06
  23  alpha_phi    2.55607e+03   1.19963e+04   1.97963e+02  -3.27545e-06
  24  beta_phi     4.02249e+04   2.05505e+05   3.48564e+03   4.35967e-07
 CALL LIMIT EXCEEDED IN MIGRAD.
 MIGRAD TERMINATED WITHOUT CONVERGENCE.
 FCN=54.9739 FROM MIGRAD    STATUS=CALL LIMIT   1919 CALLS        6304 TOTAL
                     EDM=0.00050066    STRATEGY= 1  ERROR MATRIX UNCERTAINTY  33.1 per cent
  EXT PARAMETER                APPROXIMATE        STEP         FIRST   
  NO.   NAME      VALUE            ERROR          SIZE      DERIVATIVE 
   1  N0           3.09322e+06   9.53769e+02  -1.28997e-01   2.14976e-06
   2  tau          6.43983e+01   constant   
   3  A0           3.54732e-01   4.29759e-04  -2.28648e-07  -1.57883e+00
   4  phi          4.11845e+00   1.16379e-03  -8.21523e-07  -1.30965e+01
   5  R           -6.00563e+01   constant   
   6  alpha_CBO    2.56980e-03   4.35181e-04   1.86326e-07   8.15373e+00
   7  w_CBO        2.32500e+00   constant   
   8  beta_CBO     1.55587e-03   4.27911e-04   2.14818e-07  -6.07817e+00
   9  alpha_2CBO   7.50776e-04   4.18219e-04   1.43823e-07   3.30011e+01
  10  beta_2CBO   -1.06985e-03     fixed    
  11  alpha_y      0.00000e+00     fixed    
  12  w_y          1.38860e+01   constant   
  13  beta_y       2.21968e-04     fixed    
  14  alpha_vw     0.00000e+00     fixed    
  15  w_vw         1.43404e+01   constant   
  16  beta_vw      0.00000e+00     fixed    
  17  LM          -1.62209e-04   constant   
  18  zeta_y       0.00000e+00   constant   
  19  zeta_vw      0.00000e+00   constant   
  20  T_CBO        1.22804e+01   1.29002e+00   6.54366e-05  -1.00080e+00
  21  alpha_A0     1.22534e+06   2.59897e+06  -5.40493e+03   3.42657e-08
  22  beta_A0     -1.12625e+06   2.26152e+06   4.99905e+03  -1.48200e-08
  23  alpha_phi    4.89182e+05   7.29687e+05  -2.47935e+03  -8.18236e-09
  24  beta_phi     4.66132e+06   1.01096e+07  -1.94068e+04  -1.52124e-08
 EXTERNAL ERROR MATRIX.    NDIM=  25    NPAR= 11    ERR DEF=1
  9.097e+05 
  6.255e-03  1.847e-07 
  1.786e-01 -1.753e-08  1.354e-06 
 -2.232e-02 -2.817e-08  6.818e-08  1.894e-07 
 -3.555e-03 -2.769e-08 -8.475e-08 -6.815e-09  1.831e-07 
 -2.964e-03  1.439e-08  1.952e-08 -4.978e-09 -6.457e-09  1.749e-07 
 -1.253e+01 -1.352e-07  5.165e-04 -1.475e-05 -2.444e-06 -1.877e-04  1.664e+00 
 -2.517e+07  3.551e+01 -1.093e+03  3.620e+01 -8.123e+00  4.023e+02 -3.311e+06  6.755e+12 
  2.194e+07 -3.121e+01  9.529e+02 -3.086e+01  7.529e+00 -3.495e+02  2.883e+06 -5.877e+12  5.114e+12 
 -9.659e+06  8.851e+00 -3.047e+02  1.064e+01 -2.024e+00  1.114e+02 -9.356e+05  1.892e+12 -1.647e+12  5.324e+11 
 -1.106e+08  1.403e+02 -4.271e+03  1.373e+02 -3.124e+01  1.566e+03 -1.287e+07  2.627e+13 -2.286e+13  7.356e+12  1.022e+14 
ERR MATRIX APPROXIMATE
 PARAMETER  CORRELATION COEFFICIENTS  
       NO.  GLOBAL      1      3      4      6      8      9     20     21     22     23     24
        1  0.39827   1.000  0.015  0.161 -0.054 -0.009 -0.007 -0.010 -0.010  0.010 -0.014 -0.011
        3  0.37437   0.015  1.000 -0.035 -0.151 -0.151  0.080 -0.000  0.032 -0.032  0.028  0.032
        4  0.52572   0.161 -0.035  1.000  0.135 -0.170  0.040  0.344 -0.361  0.362 -0.359 -0.363
        6  0.28605  -0.054 -0.151  0.135  1.000 -0.037 -0.027 -0.026  0.032 -0.031  0.033  0.031
        8  0.28378  -0.009 -0.151 -0.170 -0.037  1.000 -0.036 -0.004 -0.007  0.008 -0.006 -0.007
        9  0.44719  -0.007  0.080  0.040 -0.027 -0.036  1.000 -0.348  0.370 -0.369  0.365  0.370
       20  0.99668  -0.010 -0.000  0.344 -0.026 -0.004 -0.348  1.000 -0.988  0.988 -0.994 -0.986
       21  0.99997  -0.010  0.032 -0.361  0.032 -0.007  0.370 -0.988  1.000 -1.000  0.998  1.000
       22  0.99998   0.010 -0.032  0.362 -0.031  0.008 -0.369  0.988 -1.000  1.000 -0.998 -1.000
       23  0.99962  -0.014  0.028 -0.359  0.033 -0.006  0.365 -0.994  0.998 -0.998  1.000  0.997
       24  0.99998  -0.011  0.032 -0.363  0.031 -0.007  0.370 -0.986  1.000 -1.000  0.997  1.000
 ERR MATRIX APPROXIMATE
MINUIT - FIT ONLY 1-y
 **********
 **   51 **RES 
 **********
                   PARAMETER   16  beta_vw RESTORED TO VARIABLE.
                   PARAMETER   14  alpha_vw RESTORED TO VARIABLE.
                   PARAMETER   13  beta_y RESTORED TO VARIABLE.
                   PARAMETER   11  alpha_y RESTORED TO VARIABLE.
                   PARAMETER   10  beta_2CBO RESTORED TO VARIABLE.
 **********
 **   52 **FIX            0
 **********
 PARAMETER    0  IS UNDEFINED. IGNORED.
 **********
 **   53 **FIX            1
 **********
 **********
 **   54 **FIX            2
 **********
 PARAMETER    2  IS CONSTANT.   IGNORED.
 **********
 **   55 **FIX            3
 **********
 **********
 **   56 **FIX            4
 **********
 **********
 **   57 **FIX            5
 **********
 PARAMETER    5  IS CONSTANT.   IGNORED.
 **********
 **   58 **FIX            6
 **********
 **********
 **   59 **FIX            7
 **********
 PARAMETER    7  IS CONSTANT.   IGNORED.
 **********
 **   60 **FIX            8
 **********
 **********
 **   61 **FIX            9
 **********
 **********
 **   62 **FIX           13
 **********
 **********
 **   63 **FIX           14
 **********
 **********
 **   64 **FIX           15
 **********
 PARAMETER   15  IS CONSTANT.   IGNORED.
 **********
 **   65 **FIX           16
 **********
 **********
 **   66 **MIGRAD
 **********
 START MIGRAD MINIMIZATION.  STRATEGY  1.  CONVERGENCE WHEN EDM .LT. 1.00e-04
 FCN=54.9739 FROM MIGRAD    STATUS=INITIATE       16 CALLS        6320 TOTAL
                     EDM= unknown      STRATEGY= 1      NO ERROR MATRIX       
  EXT PARAMETER               CURRENT GUESS       STEP         FIRST   
  NO.   NAME      VALUE            ERROR          SIZE      DERIVATIVE 
   1  N0           3.09322e+06     fixed    
   2  tau          6.43983e+01   constant   
   3  A0           3.54732e-01     fixed    
   4  phi          4.11845e+00     fixed    
   5  R           -6.00563e+01   constant   
   6  alpha_CBO    2.56980e-03     fixed    
   7  w_CBO        2.32500e+00   constant   
   8  beta_CBO     1.55587e-03     fixed    
   9  alpha_2CBO   7.50776e-04     fixed    
  10  beta_2CBO   -1.06985e-03   4.32683e-04   4.32683e-04   1.26922e+03
  11  alpha_y      0.00000e+00   1.00000e-03   1.00000e-03  -8.73976e+03
  12  w_y          1.38860e+01   constant   
  13  beta_y       2.21968e-04     fixed    
  14  alpha_vw     0.00000e+00     fixed    
  15  w_vw         1.43404e+01   constant   
  16  beta_vw      0.00000e+00     fixed    
  17  LM          -1.62209e-04   constant   
  18  zeta_y       0.00000e+00   constant   
  19  zeta_vw      0.00000e+00   constant   
  20  T_CBO        1.22804e+01   1.29002e+00   6.54366e-05  -1.00085e+00
  21  alpha_A0     1.22534e+06   2.59897e+06  -5.40493e+03   3.42646e-08
  22  beta_A0     -1.12625e+06   2.26152e+06   4.99905e+03  -1.48201e-08
  23  alpha_phi    4.89182e+05   7.29687e+05  -2.47935e+03  -8.18234e-09
  24  beta_phi     4.66132e+06   1.01096e+07  -1.94068e+04  -1.52124e-08
 MIGRAD MINIMIZATION HAS CONVERGED.
 MIGRAD WILL VERIFY CONVERGENCE AND ERROR MATRIX.
 FCN=51.4869 FROM HESSE     STATUS=NOT POSDEF     50 CALLS        6433 TOTAL
                     EDM=0.00155934    STRATEGY= 1      ERR MATRIX NOT POS-DEF
  EXT PARAMETER                APPROXIMATE        STEP         FIRST   
  NO.   NAME      VALUE            ERROR          SIZE      DERIVATIVE 
   1  N0           3.09322e+06     fixed    
   2  tau          6.43983e+01   constant   
   3  A0           3.54732e-01     fixed    
   4  phi          4.11845e+00     fixed    
   5  R           -6.00563e+01   constant   
   6  alpha_CBO    2.56980e-03     fixed    
   7  w_CBO        2.32500e+00   constant   
   8  beta_CBO     1.55587e-03     fixed    
   9  alpha_2CBO   7.50776e-04     fixed    
  10  beta_2CBO   -1.19544e-03   5.77293e-04   1.51293e-06  -2.97979e+00
  11  alpha_y      7.79831e-04   4.04919e-04   1.49301e-06  -7.16322e-01
  12  w_y          1.38860e+01   constant   
  13  beta_y       2.21968e-04     fixed    
  14  alpha_vw     0.00000e+00     fixed    
  15  w_vw         1.43404e+01   constant   
  16  beta_vw      0.00000e+00     fixed    
  17  LM          -1.62209e-04   constant   
  18  zeta_y       0.00000e+00   constant   
  19  zeta_vw      0.00000e+00   constant   
  20  T_CBO        1.22846e+01   2.88162e+00   6.34611e-06   1.49093e+00
  21  alpha_A0     1.27881e+06   1.61435e+07   2.04912e+01  -1.29036e-09
  22  beta_A0     -1.16396e+06   1.43550e+07   2.04912e+01   3.26299e-10
  23  alpha_phi    6.44625e+05   3.25593e+06   2.04912e+01   3.41945e-10
  24  beta_phi     4.66378e+06   1.93110e+07   2.04912e+01  -8.71416e-10
 CALL LIMIT EXCEEDED IN MIGRAD.
 MIGRAD TERMINATED WITHOUT CONVERGENCE.
 FCN=51.4523 FROM MIGRAD    STATUS=CALL LIMIT   1151 CALLS        7455 TOTAL
                     EDM=0.000425811    STRATEGY= 1      ERR MATRIX NOT POS-DEF
  EXT PARAMETER                APPROXIMATE        STEP         FIRST   
  NO.   NAME      VALUE            ERROR          SIZE      DERIVATIVE 
   1  N0           3.09322e+06     fixed    
   2  tau          6.43983e+01   constant   
   3  A0           3.54732e-01     fixed    
   4  phi          4.11845e+00     fixed    
   5  R           -6.00563e+01   constant   
   6  alpha_CBO    2.56980e-03     fixed    
   7  w_CBO        2.32500e+00   constant   
   8  beta_CBO     1.55587e-03     fixed    
   9  alpha_2CBO   7.50776e-04     fixed    
  10  beta_2CBO   -1.19812e-03   4.36608e-04  -6.30431e-07  -9.06992e+00
  11  alpha_y      7.83578e-04   4.14868e-04  -2.29041e-06   2.63463e+01
  12  w_y          1.38860e+01   constant   
  13  beta_y       2.21968e-04     fixed    
  14  alpha_vw     0.00000e+00     fixed    
  15  w_vw         1.43404e+01   constant   
  16  beta_vw      0.00000e+00     fixed    
  17  LM          -1.62209e-04   constant   
  18  zeta_y       0.00000e+00   constant   
  19  zeta_vw      0.00000e+00   constant   
  20  T_CBO        1.04685e+01   1.93563e+00  -2.87305e-04  -1.83085e+01
  21  alpha_A0     4.48235e+07   2.07528e+08   2.98615e+06  -5.48747e-10
  22  beta_A0     -4.04795e+07   1.68130e+08  -2.47102e+06   9.03925e-10
  23  alpha_phi    2.61126e+07   1.11744e+08   1.65165e+06   1.41263e-09
  24  beta_phi     1.68474e+08   6.95895e+08   1.02671e+07  -3.60383e-10
 EXTERNAL ERROR MATRIX.    NDIM=  25    NPAR=  7    ERR DEF=1
  1.906e-07  2.432e-09  2.663e-05 -4.993e+03  2.937e+03 -2.442e+03 -1.415e+04 
  2.432e-09  1.721e-07  6.927e-06 -4.307e+02  8.778e+02 -3.748e+02 -2.696e+03 
  2.663e-05  6.927e-06  3.747e+00 -3.958e+08  3.229e+08 -2.159e+08 -1.345e+09 
 -4.993e+03 -4.307e+02 -3.958e+08  4.307e+16 -3.360e+16  2.300e+16  1.428e+17 
  2.937e+03  8.778e+02  3.229e+08 -3.360e+16  2.827e+16 -1.857e+16 -1.161e+17 
 -2.442e+03 -3.748e+02 -2.159e+08  2.300e+16 -1.857e+16  1.249e+16  7.771e+16 
 -1.415e+04 -2.696e+03 -1.345e+09  1.428e+17 -1.161e+17  7.771e+16  4.843e+17 
ERR MATRIX NOT POS-DEF
 PARAMETER  CORRELATION COEFFICIENTS  
       NO.  GLOBAL     10     11     20     21     22     23     24
       10  0.36061   1.000  0.013  0.032 -0.055  0.040 -0.050 -0.047
       11  0.04943   0.013  1.000  0.009 -0.005  0.013 -0.008 -0.009
       20  0.99922   0.032  0.009  1.000 -0.985  0.992 -0.998 -0.999
       21  0.99974  -0.055 -0.005 -0.985  1.000 -0.963  0.992  0.988
       22  0.99986   0.040  0.013  0.992 -0.963  1.000 -0.988 -0.992
       23  0.99983  -0.050 -0.008 -0.998  0.992 -0.988  1.000  0.999
       24  0.99998  -0.047 -0.009 -0.999  0.988 -0.992  0.999  1.000
 ERR MATRIX NOT POS-DEF
MINUIT - FIT ONLY 2-y
 **********
 **   67 **RES 
 **********
                   PARAMETER   16  beta_vw RESTORED TO VARIABLE.
                   PARAMETER   14  alpha_vw RESTORED TO VARIABLE.
                   PARAMETER   13  beta_y RESTORED TO VARIABLE.
                   PARAMETER    9  alpha_2CBO RESTORED TO VARIABLE.
                   PARAMETER    8  beta_CBO RESTORED TO VARIABLE.
                   PARAMETER    6  alpha_CBO RESTORED TO VARIABLE.
                   PARAMETER    4  phi RESTORED TO VARIABLE.
                   PARAMETER    3  A0 RESTORED TO VARIABLE.
                   PARAMETER    1  N0 RESTORED TO VARIABLE.
 **********
 **   68 **FIX            0
 **********
 PARAMETER    0  IS UNDEFINED. IGNORED.
 **********
 **   69 **FIX            1
 **********
 **********
 **   70 **FIX            2
 **********
 PARAMETER    2  IS CONSTANT.   IGNORED.
 **********
 **   71 **FIX            3
 **********
 **********
 **   72 **FIX            4
 **********
 **********
 **   73 **FIX            5
 **********
 PARAMETER    5  IS CONSTANT.   IGNORED.
 **********
 **   74 **FIX            6
 **********
 **********
 **   75 **FIX            7
 **********
 PARAMETER    7  IS CONSTANT.   IGNORED.
 **********
 **   76 **FIX            8
 **********
 **********
 **   77 **FIX            9
 **********
 **********
 **   78 **FIX           10
 **********
 **********
 **   79 **FIX           11
 **********
 **********
 **   80 **FIX           12
 **********
 PARAMETER   12  IS CONSTANT.   IGNORED.
 **********
 **   81 **FIX           16
 **********
 **********
 **   82 **MIGRAD
 **********
 START MIGRAD MINIMIZATION.  STRATEGY  1.  CONVERGENCE WHEN EDM .LT. 1.00e-04
 FCN=51.4522 FROM MIGRAD    STATUS=INITIATE       58 CALLS        7513 TOTAL
                     EDM= unknown      STRATEGY= 1      NO ERROR MATRIX       
  EXT PARAMETER               CURRENT GUESS       STEP         FIRST   
  NO.   NAME      VALUE            ERROR          SIZE      DERIVATIVE 
   1  N0           3.09322e+06     fixed    
   2  tau          6.43983e+01   constant   
   3  A0           3.54732e-01     fixed    
   4  phi          4.11845e+00     fixed    
   5  R           -6.00563e+01   constant   
   6  alpha_CBO    2.56980e-03     fixed    
   7  w_CBO        2.32500e+00   constant   
   8  beta_CBO     1.55587e-03     fixed    
   9  alpha_2CBO   7.50776e-04     fixed    
  10  beta_2CBO   -1.19812e-03     fixed    
  11  alpha_y      7.83578e-04     fixed    
  12  w_y          1.38860e+01   constant   
  13  beta_y       2.21968e-04   4.27575e-04   0.00000e+00  -3.26907e+02
  14  alpha_vw     0.00000e+00   1.00000e-03   0.00000e+00   5.58140e+03
  15  w_vw         1.43404e+01   constant   
  16  beta_vw      0.00000e+00     fixed    
  17  LM          -1.62209e-04   constant   
  18  zeta_y       0.00000e+00   constant   
  19  zeta_vw      0.00000e+00   constant   
  20  T_CBO        1.04685e+01   1.93563e+00   0.00000e+00  -1.85190e+01
  21  alpha_A0     4.48235e+07   2.07528e+08   0.00000e+00  -5.52128e-10
  22  beta_A0     -4.04795e+07   1.68130e+08   0.00000e+00   9.00870e-10
  23  alpha_phi    2.60717e+07   1.11744e+08  -2.04846e+04   1.38591e-09
  24  beta_phi     1.68474e+08   6.95895e+08   0.00000e+00  -3.61017e-10
 MIGRAD MINIMIZATION HAS CONVERGED.
 MIGRAD WILL VERIFY CONVERGENCE AND ERROR MATRIX.
 COVARIANCE MATRIX CALCULATED SUCCESSFULLY
 FCN=50.0256 FROM MIGRAD    STATUS=CONVERGED     205 CALLS        7660 TOTAL
                     EDM=4.42069e-08    STRATEGY= 1      ERROR MATRIX ACCURATE 
  EXT PARAMETER                                   STEP         FIRST   
  NO.   NAME      VALUE            ERROR          SIZE      DERIVATIVE 
   1  N0           3.09322e+06     fixed    
   2  tau          6.43983e+01   constant   
   3  A0           3.54732e-01     fixed    
   4  phi          4.11845e+00     fixed    
   5  R           -6.00563e+01   constant   
   6  alpha_CBO    2.56980e-03     fixed    
   7  w_CBO        2.32500e+00   constant   
   8  beta_CBO     1.55587e-03     fixed    
   9  alpha_2CBO   7.50776e-04     fixed    
  10  beta_2CBO   -1.19812e-03     fixed    
  11  alpha_y      7.83578e-04     fixed    
  12  w_y          1.38860e+01   constant   
  13  beta_y       1.67568e-04   4.32479e-04   1.48801e-06   9.22578e-03
  14  alpha_vw    -5.13421e-04   4.30750e-04   1.48220e-06  -4.27828e-01
  15  w_vw         1.43404e+01   constant   
