 + ++++++++++++++++++++++++++++++++++++++++++++++++++++++++++++++++++++ +
 +                                                                      +
 +           You have chose to blind your fitting according to          +
 +                omega_ref * (1 + (R +/- deltaR) *10^{-6})             +
 +                                                                      +
 + ++++++++++++++++++++++++++++++++++++++++++++++++++++++++++++++++++++ +
In main()...
reading format from /gm2data/zkhechad/run45/envelope/formats/formatB_sBin_constraintOn.txt
pBinTau 	= 0  
pBinPhi 	= 0  
constraintau 	= 1 
includeMopTerm 	= 0    
constrainMop    = 0   
Parameters after format file: pBinTau 0 pBinPhi 0 constraintau 1 includeMopTerm 0 constrainMop 0 c_e_scale 0.000000 
Opening file /gm2data/tbarrett/gm2fr/studies/run23_bunch_corrections/CorrectedFourier_Run3b.root.
reading full fit data from /gm2data/zkhechad/cboTemplates/Run4CBOTemplates/templateFits0_v2.0/noRF/sBin_constraintOn_cE0.0_seed0_noRF_calo22.root
windowBins = 17
fitting sliding window 90 from bin 226 at 33.570000 to bin 243 at 36.255600 (17 bins)

Reading data from /gm2data/cornell/histograms/aMethod/histogram_a_noRF.root
 **********
 **    1 **SET PRINTOUT            1
 **********
 **********
 **    2 **SET NOWARNINGS 
 **********
 PARAMETER DEFINITIONS:
    NO.   NAME         VALUE      STEP SIZE      LIMITS
     1 N0           3.01105e+06  1.00000e+02     no limits
     2 tau          6.44153e+01  constant
     3 A0           3.51737e-01  1.00000e-04     no limits
     4 phi          4.11590e+00  1.00000e-02     no limits
     5 R           -6.13262e+01  constant
     6 alpha_CBO    0.00000e+00  1.00000e-03     no limits
     7 w_CBO        2.32500e+00  constant
     8 beta_CBO     0.00000e+00  1.00000e-03     no limits
     9 alpha_2CBO   0.00000e+00  1.00000e-03     no limits
    10 beta_2CBO    0.00000e+00  1.00000e-03     no limits
    11 alpha_y      0.00000e+00  1.00000e-03     no limits
    12 w_y          1.44500e+01  constant
    13 beta_y       0.00000e+00  1.00000e-03     no limits
    14 alpha_vw     0.00000e+00  1.00000e-03     no limits
    15 w_vw         1.29000e+01  constant
    16 beta_vw      0.00000e+00  1.00000e-03     no limits
    17 LM           4.28749e-04  constant
    18 zeta_y       0.00000e+00  constant
    19 zeta_vw      0.00000e+00  constant
    20 T_CBO        1.00000e+02  1.00000e+00    0.00000e+00  1.00000e+03
    21 alpha_A0     0.00000e+00  1.00000e-03     no limits
    22 beta_A0      0.00000e+00  1.00000e-03     no limits
    23 alpha_phi    0.00000e+00  1.00000e-03     no limits
    24 beta_phi     0.00000e+00  1.00000e-03     no limits
MINUIT - FIT ONLY WIGGLE
 **********
 **    3 **FIX            5
 **********
 PARAMETER    5  IS CONSTANT.   IGNORED.
 **********
 **    4 **FIX            6
 **********
 **********
 **    5 **FIX            7
 **********
 PARAMETER    7  IS CONSTANT.   IGNORED.
 **********
 **    6 **FIX            8
 **********
 **********
 **    7 **FIX            9
 **********
 **********
 **    8 **FIX           10
 **********
 **********
 **    9 **FIX           11
 **********
 **********
 **   10 **FIX           12
 **********
 PARAMETER   12  IS CONSTANT.   IGNORED.
 **********
 **   11 **FIX           13
 **********
 **********
 **   12 **FIX           14
 **********
 **********
 **   13 **FIX           15
 **********
 PARAMETER   15  IS CONSTANT.   IGNORED.
 **********
 **   14 **FIX           16
 **********
 **********
 **   15 **MIGRAD
 **********
 FIRST CALL TO USER FUNCTION AT NEW START POINT, WITH IFLAG=4.
 START MIGRAD MINIMIZATION.  STRATEGY  1.  CONVERGENCE WHEN EDM .LT. 1.00e-04
 FCN=4281.69 FROM MIGRAD    STATUS=INITIATE      431 CALLS         432 TOTAL
                     EDM= unknown      STRATEGY= 1      NO ERROR MATRIX       
  EXT PARAMETER               CURRENT GUESS       STEP         FIRST   
  NO.   NAME      VALUE            ERROR          SIZE      DERIVATIVE 
   1  N0           3.01105e+06   1.00000e+02   0.00000e+00  -6.66238e-02
   2  tau          6.44153e+01   constant   
   3  A0           3.51737e-01   1.00000e-04   0.00000e+00  -5.59127e+05
   4  phi          4.11590e+00   1.00000e-02   0.00000e+00   3.78380e+04
   5  R           -6.13262e+01   constant   
   6  alpha_CBO    0.00000e+00     fixed    
   7  w_CBO        2.32500e+00   constant   
   8  beta_CBO     0.00000e+00     fixed    
   9  alpha_2CBO   0.00000e+00     fixed    
  10  beta_2CBO    0.00000e+00     fixed    
  11  alpha_y      0.00000e+00     fixed    
  12  w_y          1.44500e+01   constant   
  13  beta_y       0.00000e+00     fixed    
  14  alpha_vw     0.00000e+00     fixed    
  15  w_vw         1.29000e+01   constant   
  16  beta_vw      0.00000e+00     fixed    
  17  LM           4.28749e-04   constant   
  18  zeta_y       0.00000e+00   constant   
  19  zeta_vw      0.00000e+00   constant   
  20  T_CBO        1.00000e+02   1.00000e+00   0.00000e+00   0.00000e+00
  21  alpha_A0     0.00000e+00   1.00000e-03   0.00000e+00   1.08190e+05
  22  beta_A0      0.00000e+00   1.00000e-03   0.00000e+00  -3.15989e+03
  23  alpha_phi    0.00000e+00   1.00000e-03   0.00000e+00   2.72728e+03
  24  beta_phi     0.00000e+00   1.00000e-03   0.00000e+00   1.71954e+04
 CALL LIMIT EXCEEDED IN MIGRAD.
 MIGRAD TERMINATED WITHOUT CONVERGENCE.
 FCN=360.643 FROM MIGRAD    STATUS=CALL LIMIT   1321 CALLS        1322 TOTAL
                     EDM=0.0822718    STRATEGY= 1  ERROR MATRIX UNCERTAINTY  12.7 per cent
  EXT PARAMETER                APPROXIMATE        STEP         FIRST   
  NO.   NAME      VALUE            ERROR          SIZE      DERIVATIVE 
   1  N0           3.01299e+06   1.16817e+04  -5.44184e+03   4.11116e-05
   2  tau          6.44153e+01   constant   
   3  A0           3.56038e-01   3.84113e-03   2.20343e-03  -3.44019e+03
   4  phi          4.06562e+00   6.16737e-03  -1.84015e-03   9.57231e+01
   5  R           -6.13262e+01   constant   
   6  alpha_CBO    0.00000e+00     fixed    
   7  w_CBO        2.32500e+00   constant   
   8  beta_CBO     0.00000e+00     fixed    
   9  alpha_2CBO   0.00000e+00     fixed    
  10  beta_2CBO    0.00000e+00     fixed    
  11  alpha_y      0.00000e+00     fixed    
  12  w_y          1.44500e+01   constant   
  13  beta_y       0.00000e+00     fixed    
  14  alpha_vw     0.00000e+00     fixed    
  15  w_vw         1.29000e+01   constant   
  16  beta_vw      0.00000e+00     fixed    
  17  LM           4.28749e-04   constant   
  18  zeta_y       0.00000e+00   constant   
  19  zeta_vw      0.00000e+00   constant   
  20  T_CBO        3.45195e+02   8.20034e+01  -8.79638e-03  -2.93459e+00
  21  alpha_A0    -3.23030e-02   1.39741e-02   8.17026e-03   9.55512e+02
  22  beta_A0     -5.10972e-02   1.71902e-02  -6.79404e-03  -1.22726e+02
  23  alpha_phi   -5.14106e-02   1.74770e-02  -7.67045e-03  -2.37818e+00
  24  beta_phi     2.34152e-02   1.19688e-02  -6.98564e-03   1.04369e+02
 EXTERNAL ERROR MATRIX.    NDIM=  25    NPAR=  8    ERR DEF=1
  1.365e+08 -4.233e+01  6.667e+01 -6.070e+05 -1.537e+02  1.986e+02  2.034e+02  1.264e+02 
 -4.233e+01  1.475e-05 -1.857e-05  1.156e-01  5.365e-05 -5.909e-05 -6.245e-05 -4.551e-05 
  6.667e+01 -1.857e-05  3.804e-05 -4.227e-01 -6.726e-05  1.026e-04  1.023e-04  5.182e-05 
 -6.070e+05  1.156e-01 -4.227e-01  6.792e+03  4.163e-01 -1.016e+00 -9.492e-01 -2.728e-01 
 -1.537e+02  5.365e-05 -6.726e-05  4.163e-01  1.953e-04 -2.142e-04 -2.265e-04 -1.657e-04 
  1.986e+02 -5.909e-05  1.026e-04 -1.016e+00 -2.142e-04  2.955e-04  2.988e-04  1.725e-04 
  2.034e+02 -6.245e-05  1.023e-04 -9.492e-01 -2.265e-04  2.988e-04  3.054e-04  1.844e-04 
  1.264e+02 -4.551e-05  5.182e-05 -2.728e-01 -1.657e-04  1.725e-04  1.844e-04  1.433e-04 
ERR MATRIX APPROXIMATE
 PARAMETER  CORRELATION COEFFICIENTS  
       NO.  GLOBAL      1      3      4     20     21     22     23     24
        1  0.99983   1.000 -0.943  0.925 -0.630 -0.941  0.989  0.996  0.904
        3  0.99984  -0.943  1.000 -0.784  0.365  0.999 -0.895 -0.930 -0.990
        4  0.99948   0.925 -0.784  1.000 -0.832 -0.780  0.968  0.949  0.702
       20  0.99338  -0.630  0.365 -0.832  1.000  0.361 -0.717 -0.659 -0.277
       21  0.99988  -0.941  0.999 -0.780  0.361  1.000 -0.892 -0.927 -0.991
       22  0.99948   0.989 -0.895  0.968 -0.717 -0.892  1.000  0.995  0.838
       23  0.99980   0.996 -0.930  0.949 -0.659 -0.927  0.995  1.000  0.881
       24  0.99937   0.904 -0.990  0.702 -0.277 -0.991  0.838  0.881  1.000
 ERR MATRIX APPROXIMATE
MINUIT - FIT ONLY 1-CBO + wiggle
 **********
 **   16 **RES 
 **********
                   PARAMETER   16  beta_vw RESTORED TO VARIABLE.
                   PARAMETER   14  alpha_vw RESTORED TO VARIABLE.
                   PARAMETER   13  beta_y RESTORED TO VARIABLE.
                   PARAMETER   11  alpha_y RESTORED TO VARIABLE.
                   PARAMETER   10  beta_2CBO RESTORED TO VARIABLE.
                   PARAMETER    9  alpha_2CBO RESTORED TO VARIABLE.
                   PARAMETER    8  beta_CBO RESTORED TO VARIABLE.
                   PARAMETER    6  alpha_CBO RESTORED TO VARIABLE.
 **********
 **   17 **FIX            8
 **********
 **********
 **   18 **FIX            9
 **********
 **********
 **   19 **FIX           11
 **********
 **********
 **   20 **FIX           12
 **********
 PARAMETER   12  IS CONSTANT.   IGNORED.
 **********
 **   21 **FIX           14
 **********
 **********
 **   22 **FIX           15
 **********
 PARAMETER   15  IS CONSTANT.   IGNORED.
 **********
 **   23 **FIX           16
 **********
 **********
 **   24 **MIGRAD
 **********
 START MIGRAD MINIMIZATION.  STRATEGY  1.  CONVERGENCE WHEN EDM .LT. 1.00e-04
 FCN=360.643 FROM MIGRAD    STATUS=INITIATE       28 CALLS        1350 TOTAL
                     EDM= unknown      STRATEGY= 1      NO ERROR MATRIX       
  EXT PARAMETER               CURRENT GUESS       STEP         FIRST   
  NO.   NAME      VALUE            ERROR          SIZE      DERIVATIVE 
   1  N0           3.01299e+06   1.16817e+04  -5.44184e+03   4.11116e-05
   2  tau          6.44153e+01   constant   
   3  A0           3.56038e-01   3.84113e-03   2.20343e-03  -3.44019e+03
   4  phi          4.06562e+00   6.16737e-03  -1.84015e-03   9.57231e+01
   5  R           -6.13262e+01   constant   
   6  alpha_CBO    0.00000e+00   1.00000e-03   1.00000e-03   3.30184e+03
   7  w_CBO        2.32500e+00   constant   
   8  beta_CBO     0.00000e+00     fixed    
   9  alpha_2CBO   0.00000e+00     fixed    
  10  beta_2CBO    0.00000e+00   1.00000e-03   1.00000e-03  -7.93910e+03
  11  alpha_y      0.00000e+00     fixed    
  12  w_y          1.44500e+01   constant   
  13  beta_y       0.00000e+00   1.00000e-03   1.00000e-03  -1.30580e+05
  14  alpha_vw     0.00000e+00     fixed    
  15  w_vw         1.29000e+01   constant   
  16  beta_vw      0.00000e+00     fixed    
  17  LM           4.28749e-04   constant   
  18  zeta_y       0.00000e+00   constant   
  19  zeta_vw      0.00000e+00   constant   
  20  T_CBO        3.45195e+02   8.20034e+01  -8.79638e-03  -2.93451e+00
  21  alpha_A0    -3.23030e-02   1.39741e-02   8.17026e-03   9.55512e+02
  22  beta_A0     -5.10972e-02   1.71902e-02  -6.79404e-03  -1.22726e+02
  23  alpha_phi   -5.14106e-02   1.74770e-02  -7.67045e-03  -2.37818e+00
  24  beta_phi     2.34152e-02   1.19688e-02  -6.98564e-03   1.04369e+02
 MIGRAD MINIMIZATION HAS CONVERGED.
 FCN=238.007 FROM MIGRAD    STATUS=CONVERGED    1781 CALLS        3103 TOTAL
                     EDM=5.16344e-06    STRATEGY= 1  ERROR MATRIX UNCERTAINTY   1.1 per cent
  EXT PARAMETER                                   STEP         FIRST   
  NO.   NAME      VALUE            ERROR          SIZE      DERIVATIVE 
   1  N0           3.01568e+06   9.95090e+03   4.37026e+01  -2.77013e-06
   2  tau          6.44153e+01   constant   
   3  A0           3.51051e-01   4.00608e-03   1.79200e-05  -3.78308e+00
   4  phi          4.02726e+00   1.58830e-02  -2.32665e-05  -4.19358e+00
   5  R           -6.13262e+01   constant   
   6  alpha_CBO    1.94414e-03   3.95437e-03   1.45256e-05   2.26017e+00
   7  w_CBO        2.32500e+00   constant   
   8  beta_CBO     0.00000e+00     fixed    
   9  alpha_2CBO   0.00000e+00     fixed    
  10  beta_2CBO    4.14088e-03   1.45535e-03   3.08474e-06  -2.14721e+00
  11  alpha_y      0.00000e+00     fixed    
  12  w_y          1.44500e+01   constant   
  13  beta_y       1.64667e-03   1.70256e-04   1.73712e-08  -8.72107e-01
  14  alpha_vw     0.00000e+00     fixed    
  15  w_vw         1.29000e+01   constant   
  16  beta_vw      0.00000e+00     fixed    
  17  LM           4.28749e-04   constant   
  18  zeta_y       0.00000e+00   constant   
  19  zeta_vw      0.00000e+00   constant   
  20  T_CBO        1.86458e+02   5.17627e+01  -5.76498e-04   4.21327e-02
  21  alpha_A0    -7.22090e-02   1.79674e-02   4.88742e-05   8.17822e-01
  22  beta_A0     -1.03625e-01   2.21050e-02   5.32672e-05  -3.01479e+00
  23  alpha_phi   -8.20242e-02   1.45805e-02   4.73411e-05   9.46285e-02
  24  beta_phi     9.14251e-02   2.59607e-02  -4.75274e-05  -4.31531e+00
 EXTERNAL ERROR MATRIX.    NDIM=  25    NPAR= 11    ERR DEF=1
  9.902e+07 
  3.829e+01  1.605e-05 
 -8.090e+01 -1.631e-05  2.523e-04 
  3.735e+01  1.324e-05 -4.620e-05  1.564e-05 
  7.253e+00  1.463e-06 -2.225e-05  3.976e-06  2.118e-06 
 -2.629e-01 -5.954e-08  7.832e-07 -1.611e-07 -5.960e-08  2.899e-08 
 -4.471e+05 -2.008e-01  2.371e-02 -1.402e-01 -2.837e-03  1.562e-04  2.695e+03 
  6.012e+01  4.136e-05  1.783e-04  2.304e-06 -1.456e-05  6.223e-07 -6.910e-01  3.228e-04 
  8.065e+01  5.379e-05  2.146e-04  6.750e-06 -1.870e-05  6.408e-07 -8.806e-01  3.919e-04  4.886e-04 
  7.571e+01  4.293e-05  1.077e-04  1.422e-05 -9.198e-06  3.293e-07 -6.543e-01  2.538e-04  3.169e-04  2.126e-04 
 -6.064e+01 -5.127e-05 -2.945e-04  5.852e-06  2.595e-05 -8.783e-07  9.078e-01 -4.559e-04 -5.680e-04 -3.595e-04  6.740e-04 
 PARAMETER  CORRELATION COEFFICIENTS  
       NO.  GLOBAL      1      3      4      6     10     13     20     21     22     23     24
        1  0.99989   1.000  0.961 -0.512  0.949  0.501 -0.155 -0.865  0.336  0.367  0.522 -0.235
        3  0.99981   0.961  1.000 -0.256  0.836  0.251 -0.087 -0.965  0.575  0.607  0.735 -0.493
        4  0.99995  -0.512 -0.256  1.000 -0.736 -0.963  0.290  0.029  0.625  0.611  0.465 -0.714
        6  0.99938   0.949  0.836 -0.736  1.000  0.691 -0.239 -0.683  0.032  0.077  0.247  0.057
       10  0.99350   0.501  0.251 -0.963  0.691  1.000 -0.241 -0.038 -0.557 -0.581 -0.433  0.687
       13  0.38325  -0.155 -0.087  0.290 -0.239 -0.241  1.000  0.018  0.203  0.170  0.133 -0.199
       20  0.99615  -0.865 -0.965  0.029 -0.683 -0.038  0.018  1.000 -0.741 -0.767 -0.864  0.674
       21  0.99900   0.336  0.575  0.625  0.032 -0.557  0.203 -0.741  1.000  0.987  0.969 -0.977
       22  0.99983   0.367  0.607  0.611  0.077 -0.581  0.170 -0.767  0.987  1.000  0.983 -0.990
       23  0.99975   0.522  0.735  0.465  0.247 -0.433  0.133 -0.864  0.969  0.983  1.000 -0.950
       24  0.99982  -0.235 -0.493 -0.714  0.057  0.687 -0.199  0.674 -0.977 -0.990 -0.950  1.000
MINUIT - FIT ONLY 2-CBO
 **********
 **   25 **RES 
 **********
                   PARAMETER   16  beta_vw RESTORED TO VARIABLE.
                   PARAMETER   14  alpha_vw RESTORED TO VARIABLE.
                   PARAMETER   11  alpha_y RESTORED TO VARIABLE.
                   PARAMETER    9  alpha_2CBO RESTORED TO VARIABLE.
                   PARAMETER    8  beta_CBO RESTORED TO VARIABLE.
 **********
 **   26 **FIX            0
 **********
 PARAMETER    0  IS UNDEFINED. IGNORED.
 **********
 **   27 **FIX            1
 **********
 **********
 **   28 **FIX            2
 **********
 PARAMETER    2  IS CONSTANT.   IGNORED.
 **********
 **   29 **FIX            3
 **********
 **********
 **   30 **FIX            4
 **********
 **********
 **   31 **FIX            5
 **********
 PARAMETER    5  IS CONSTANT.   IGNORED.
 **********
 **   32 **FIX            6
 **********
 **********
 **   33 **FIX            7
 **********
 PARAMETER    7  IS CONSTANT.   IGNORED.
 **********
 **   34 **FIX           10
 **********
 **********
 **   35 **FIX           11
 **********
 **********
 **   36 **FIX           12
 **********
 PARAMETER   12  IS CONSTANT.   IGNORED.
 **********
 **   37 **FIX           13
 **********
 **********
 **   38 **FIX           14
 **********
 **********
 **   39 **FIX           15
 **********
 PARAMETER   15  IS CONSTANT.   IGNORED.
 **********
 **   40 **FIX           16
 **********
 **********
 **   41 **MIGRAD
 **********
 START MIGRAD MINIMIZATION.  STRATEGY  1.  CONVERGENCE WHEN EDM .LT. 1.00e-04
 FCN=238.007 FROM MIGRAD    STATUS=INITIATE       18 CALLS        3121 TOTAL
                     EDM= unknown      STRATEGY= 1      NO ERROR MATRIX       
  EXT PARAMETER               CURRENT GUESS       STEP         FIRST   
  NO.   NAME      VALUE            ERROR          SIZE      DERIVATIVE 
   1  N0           3.01568e+06     fixed    
   2  tau          6.44153e+01   constant   
   3  A0           3.51051e-01     fixed    
   4  phi          4.02726e+00     fixed    
   5  R           -6.13262e+01   constant   
   6  alpha_CBO    1.94414e-03     fixed    
   7  w_CBO        2.32500e+00   constant   
   8  beta_CBO     0.00000e+00   1.00000e-03   1.00000e-03  -3.77899e+01
   9  alpha_2CBO   0.00000e+00   1.00000e-03   1.00000e-03  -3.90674e+02
  10  beta_2CBO    4.14088e-03     fixed    
  11  alpha_y      0.00000e+00     fixed    
  12  w_y          1.44500e+01   constant   
  13  beta_y       1.64667e-03     fixed    
  14  alpha_vw     0.00000e+00     fixed    
  15  w_vw         1.29000e+01   constant   
  16  beta_vw      0.00000e+00     fixed    
  17  LM           4.28749e-04   constant   
  18  zeta_y       0.00000e+00   constant   
  19  zeta_vw      0.00000e+00   constant   
  20  T_CBO        1.86458e+02   5.17627e+01  -5.76498e-04  -4.21335e-02
  21  alpha_A0    -7.22090e-02   1.79674e-02   4.88742e-05   8.17817e-01
  22  beta_A0     -1.03625e-01   2.21050e-02   5.32672e-05  -3.01479e+00
  23  alpha_phi   -8.20242e-02   1.45805e-02   4.73411e-05   9.46292e-02
  24  beta_phi     9.14251e-02   2.59607e-02  -4.75274e-05  -4.31531e+00
 MIGRAD MINIMIZATION HAS CONVERGED.
 MIGRAD WILL VERIFY CONVERGENCE AND ERROR MATRIX.
 COVARIANCE MATRIX CALCULATED SUCCESSFULLY
 FCN=238.003 FROM HESSE     STATUS=OK             50 CALLS        3268 TOTAL
                     EDM=0.000143761    STRATEGY= 1      ERROR MATRIX ACCURATE 
  EXT PARAMETER                                   STEP         FIRST   
  NO.   NAME      VALUE            ERROR          SIZE      DERIVATIVE 
   1  N0           3.01568e+06     fixed    
   2  tau          6.44153e+01   constant   
   3  A0           3.51051e-01     fixed    
   4  phi          4.02726e+00     fixed    
   5  R           -6.13262e+01   constant   
   6  alpha_CBO    1.94414e-03     fixed    
   7  w_CBO        2.32500e+00   constant   
   8  beta_CBO    -1.41046e-05   4.84642e-04   1.23185e-06  -3.20966e-02
   9  alpha_2CBO   2.70799e-05   4.02983e-04   1.17043e-06  -1.92408e-03
  10  beta_2CBO    4.14088e-03     fixed    
  11  alpha_y      0.00000e+00     fixed    
  12  w_y          1.44500e+01   constant   
  13  beta_y       1.64667e-03     fixed    
  14  alpha_vw     0.00000e+00     fixed    
  15  w_vw         1.29000e+01   constant   
  16  beta_vw      0.00000e+00     fixed    
  17  LM           4.28749e-04   constant   
  18  zeta_y       0.00000e+00   constant   
  19  zeta_vw      0.00000e+00   constant   
  20  T_CBO        1.86060e+02   2.61247e+02   1.03747e-04  -1.67354e-02
  21  alpha_A0    -7.21975e-02   1.99552e-02   6.75661e-06   3.50314e-01
  22  beta_A0     -1.03674e-01   2.86657e-02   5.31978e-06  -1.86504e-01
  23  alpha_phi   -8.19735e-02   2.35088e-02   4.53830e-06  -2.02619e-01
  24  beta_phi     9.13697e-02   2.58495e-02   4.79557e-06   3.30941e-01
 CALL LIMIT EXCEEDED IN MIGRAD.
 MIGRAD TERMINATED WITHOUT CONVERGENCE.
 FCN=237.998 FROM MIGRAD    STATUS=CALL LIMIT   1154 CALLS        4257 TOTAL
                     EDM=8.32312e-05    STRATEGY= 1  ERROR MATRIX UNCERTAINTY  20.0 per cent
  EXT PARAMETER                APPROXIMATE        STEP         FIRST   
  NO.   NAME      VALUE            ERROR          SIZE      DERIVATIVE 
   1  N0           3.01568e+06     fixed    
   2  tau          6.44153e+01   constant   
   3  A0           3.51051e-01     fixed    
   4  phi          4.02726e+00     fixed    
   5  R           -6.13262e+01   constant   
   6  alpha_CBO    1.94414e-03     fixed    
   7  w_CBO        2.32500e+00   constant   
   8  beta_CBO     3.73303e-05   4.86924e-04   9.25641e-07   4.38057e+01
   9  alpha_2CBO   4.94014e-05   3.94571e-04   5.00304e-07  -8.04560e+00
  10  beta_2CBO    4.14088e-03     fixed    
  11  alpha_y      0.00000e+00     fixed    
  12  w_y          1.44500e+01   constant   
  13  beta_y       1.64667e-03     fixed    
  14  alpha_vw     0.00000e+00     fixed    
  15  w_vw         1.29000e+01   constant   
  16  beta_vw      0.00000e+00     fixed    
  17  LM           4.28749e-04   constant   
  18  zeta_y       0.00000e+00   constant   
  19  zeta_vw      0.00000e+00   constant   
  20  T_CBO        3.38627e+02   6.25502e+02   1.35388e-02  -2.09600e-01
  21  alpha_A0    -6.65967e-02   1.72846e-02   1.26551e-04   8.03743e-01
  22  beta_A0     -9.56207e-02   2.48080e-02   1.82415e-04   5.87894e+00
  23  alpha_phi   -7.53838e-02   2.02993e-02   1.48062e-04   4.52144e+00
  24  beta_phi     8.41314e-02   2.23121e-02  -1.64264e-04  -5.79428e+00
 EXTERNAL ERROR MATRIX.    NDIM=  25    NPAR=  7    ERR DEF=1
  2.371e-07 -8.557e-08  1.488e-01  2.565e-06  3.789e-06  3.089e-06 -2.954e-06 
 -8.557e-08  1.557e-07  6.067e-02  1.443e-06  1.737e-06  1.854e-06 -2.094e-06 
  1.488e-01  6.067e-02  7.609e+05  1.503e+01  2.160e+01  1.766e+01 -1.938e+01 
  2.565e-06  1.443e-06  1.503e+01  2.988e-04  4.278e-04  3.502e-04 -3.848e-04 
  3.789e-06  1.737e-06  2.160e+01  4.278e-04  6.154e-04  5.021e-04 -5.521e-04 
  3.089e-06  1.854e-06  1.766e+01  3.502e-04  5.021e-04  4.121e-04 -4.521e-04 
 -2.954e-06 -2.094e-06 -1.938e+01 -3.848e-04 -5.521e-04 -4.521e-04  4.978e-04 
ERR MATRIX APPROXIMATE
 PARAMETER  CORRELATION COEFFICIENTS  
       NO.  GLOBAL      8      9     20     21     22     23     24
        8  0.91083   1.000 -0.445  0.350  0.305  0.314  0.313 -0.272
        9  0.91608  -0.445  1.000  0.176  0.212  0.177  0.231 -0.238
       20  0.99943   0.350  0.176  1.000  0.997  0.998  0.998 -0.996
       21  0.99870   0.305  0.212  0.997  1.000  0.998  0.998 -0.998
       22  0.99958   0.314  0.177  0.998  0.998  1.000  0.997 -0.997
       23  0.99947   0.313  0.231  0.998  0.998  0.997  1.000 -0.998
       24  0.99961  -0.272 -0.238 -0.996 -0.998 -0.997 -0.998  1.000
 ERR MATRIX APPROXIMATE
MINUIT - FIT wiggle + 1-CBO + 2-CBO
 **********
 **   42 **RES 
 **********
                   PARAMETER   16  beta_vw RESTORED TO VARIABLE.
                   PARAMETER   14  alpha_vw RESTORED TO VARIABLE.
                   PARAMETER   13  beta_y RESTORED TO VARIABLE.
                   PARAMETER   11  alpha_y RESTORED TO VARIABLE.
                   PARAMETER   10  beta_2CBO RESTORED TO VARIABLE.
                   PARAMETER    6  alpha_CBO RESTORED TO VARIABLE.
                   PARAMETER    4  phi RESTORED TO VARIABLE.
                   PARAMETER    3  A0 RESTORED TO VARIABLE.
                   PARAMETER    1  N0 RESTORED TO VARIABLE.
 **********
 **   43 **FIX           10
 **********
 **********
 **   44 **FIX           11
 **********
 **********
 **   45 **FIX           12
 **********
 PARAMETER   12  IS CONSTANT.   IGNORED.
 **********
 **   46 **FIX           13
 **********
 **********
 **   47 **FIX           14
 **********
 **********
 **   48 **FIX           15
 **********
 PARAMETER   15  IS CONSTANT.   IGNORED.
 **********
 **   49 **FIX           16
 **********
 **********
 **   50 **MIGRAD
 **********
 START MIGRAD MINIMIZATION.  STRATEGY  1.  CONVERGENCE WHEN EDM .LT. 1.00e-04
 FCN=237.998 FROM MIGRAD    STATUS=INITIATE       22 CALLS        4279 TOTAL
                     EDM= unknown      STRATEGY= 1      NO ERROR MATRIX       
  EXT PARAMETER               CURRENT GUESS       STEP         FIRST   
  NO.   NAME      VALUE            ERROR          SIZE      DERIVATIVE 
   1  N0           3.01568e+06   9.95090e+03   9.95090e+03  -2.50207e-06
   2  tau          6.44153e+01   constant   
   3  A0           3.51051e-01   4.00608e-03   4.00608e-03   4.70671e+01
   4  phi          4.02726e+00   1.58830e-02   1.58830e-02  -4.45739e+01
   5  R           -6.13262e+01   constant   
   6  alpha_CBO    1.94414e-03   3.95437e-03   3.95437e-03  -1.86369e+02
   7  w_CBO        2.32500e+00   constant   
   8  beta_CBO     3.73303e-05   4.86924e-04   9.25641e-07   4.38057e+01
   9  alpha_2CBO   4.94014e-05   3.94571e-04   5.00304e-07  -8.04560e+00
  10  beta_2CBO    4.14088e-03     fixed    
  11  alpha_y      0.00000e+00     fixed    
  12  w_y          1.44500e+01   constant   
  13  beta_y       1.64667e-03     fixed    
  14  alpha_vw     0.00000e+00     fixed    
  15  w_vw         1.29000e+01   constant   
  16  beta_vw      0.00000e+00     fixed    
  17  LM           4.28749e-04   constant   
  18  zeta_y       0.00000e+00   constant   
  19  zeta_vw      0.00000e+00   constant   
  20  T_CBO        3.38627e+02   6.25502e+02   1.35388e-02  -2.09609e-01
  21  alpha_A0    -6.65967e-02   1.72846e-02   1.26551e-04   8.03741e-01
  22  beta_A0     -9.56207e-02   2.48080e-02   1.82415e-04   5.87894e+00
  23  alpha_phi   -7.53838e-02   2.02993e-02   1.48062e-04   4.52144e+00
  24  beta_phi     8.41314e-02   2.23121e-02  -1.64264e-04  -5.79428e+00
 CALL LIMIT EXCEEDED IN MIGRAD.
 MIGRAD TERMINATED WITHOUT CONVERGENCE.
 FCN=237.585 FROM MIGRAD    STATUS=CALL LIMIT   1914 CALLS        6171 TOTAL
                     EDM=0.000370024    STRATEGY= 1  ERROR MATRIX UNCERTAINTY  32.4 per cent
  EXT PARAMETER                APPROXIMATE        STEP         FIRST   
  NO.   NAME      VALUE            ERROR          SIZE      DERIVATIVE 
   1  N0           3.03492e+06   2.09412e+04   2.89228e+02  -2.74649e-05
   2  tau          6.44153e+01   constant   
   3  A0           3.57850e-01   1.08570e-02   1.49147e-04  -3.86396e+01
   4  phi          4.05193e+00   2.59321e-02   3.53532e-04  -2.60314e+01
   5  R           -6.13262e+01   constant   
   6  alpha_CBO    7.55337e-03   7.49175e-03   9.85674e-05   6.93512e+00
   7  w_CBO        2.32500e+00   constant   
   8  beta_CBO     4.21359e-03   4.92475e-03   6.35069e-05   9.64890e+01
   9  alpha_2CBO   1.99389e-03   2.09967e-03   2.46998e-05   5.31456e+01
  10  beta_2CBO    4.14088e-03     fixed    
  11  alpha_y      0.00000e+00     fixed    
  12  w_y          1.44500e+01   constant   
  13  beta_y       1.64667e-03     fixed    
  14  alpha_vw     0.00000e+00     fixed    
  15  w_vw         1.29000e+01   constant   
  16  beta_vw      0.00000e+00     fixed    
  17  LM           4.28749e-04   constant   
  18  zeta_y       0.00000e+00   constant   
  19  zeta_vw      0.00000e+00   constant   
  20  T_CBO        7.10697e+01   8.53118e+01  -4.74680e-03  -3.18780e+00
  21  alpha_A0    -7.23786e-02   7.24272e-03  -4.73014e-05  -4.89766e+00
  22  beta_A0     -9.34121e-02   5.87531e-03  -4.45540e-05   2.24474e+01
  23  alpha_phi   -4.93714e-02   3.41543e-02   4.55508e-04   3.38215e-01
  24  beta_phi     7.54617e-02   1.85483e-02  -2.53771e-04  -9.51814e-01
 EXTERNAL ERROR MATRIX.    NDIM=  25    NPAR= 11    ERR DEF=1
  4.385e+08 
  2.273e+02  1.179e-04 
  5.420e+02  2.811e-04  6.725e-04 
  1.553e+02  8.063e-05  1.935e-04  5.613e-05 
  1.008e+02  5.232e-05  1.260e-04  3.669e-05  2.425e-05 
  4.069e+01  2.117e-05  5.132e-05  1.515e-05  9.919e-06  4.409e-06 
 -1.819e+06 -9.430e-01 -2.246e+00 -6.420e-01 -4.150e-01 -1.678e-01  7.562e+03 
 -9.402e+01 -4.919e-05 -1.244e-04 -3.914e-05 -2.698e-05 -1.260e-05  3.762e-01  5.246e-05 
 -8.796e+01 -4.608e-05 -1.142e-04 -3.523e-05 -2.381e-05 -1.121e-05  3.568e-01  4.042e-05  3.452e-05 
  7.095e+02  3.681e-04  8.831e-04  2.557e-04  1.669e-04  6.912e-05 -2.935e+00 -1.753e-04 -1.595e-04  1.167e-03 
 -3.867e+02 -2.007e-04 -4.780e-04 -1.369e-04 -8.815e-05 -3.616e-05  1.609e+00  8.151e-05  7.755e-05 -6.258e-04  3.440e-04 
ERR MATRIX APPROXIMATE
 PARAMETER  CORRELATION COEFFICIENTS  
       NO.  GLOBAL      1      3      4      6      8      9     20     21     22     23     24
        1  0.99994   1.000  1.000  0.998  0.990  0.978  0.925 -0.999 -0.620 -0.715  0.992 -0.996
        3  0.99996   1.000  1.000  0.998  0.991  0.979  0.929 -0.999 -0.626 -0.722  0.993 -0.997
        4  0.99997   0.998  0.998  1.000  0.996  0.987  0.942 -0.996 -0.662 -0.750  0.997 -0.994
        6  0.99992   0.990  0.991  0.996  1.000  0.994  0.963 -0.985 -0.721 -0.800  0.999 -0.985
        8  0.99987   0.978  0.979  0.987  0.994  1.000  0.959 -0.969 -0.756 -0.823  0.992 -0.965
        9  0.99760   0.925  0.929  0.942  0.963  0.959  1.000 -0.919 -0.828 -0.908  0.964 -0.928
       20  0.99996  -0.999 -0.999 -0.996 -0.985 -0.969 -0.919  1.000  0.597  0.698 -0.988  0.998
       21  0.99555  -0.620 -0.626 -0.662 -0.721 -0.756 -0.828  0.597  1.000  0.950 -0.708  0.607
       22  0.99615  -0.715 -0.722 -0.750 -0.800 -0.823 -0.908  0.698  0.950  1.000 -0.795  0.712
       23  0.99992   0.992  0.993  0.997  0.999  0.992  0.964 -0.988 -0.708 -0.795  1.000 -0.988
       24  0.99972  -0.996 -0.997 -0.994 -0.985 -0.965 -0.928  0.998  0.607  0.712 -0.988  1.000
 ERR MATRIX APPROXIMATE
MINUIT - FIT ONLY 1-y
 **********
 **   51 **RES 
 **********
                   PARAMETER   16  beta_vw RESTORED TO VARIABLE.
                   PARAMETER   14  alpha_vw RESTORED TO VARIABLE.
                   PARAMETER   13  beta_y RESTORED TO VARIABLE.
                   PARAMETER   11  alpha_y RESTORED TO VARIABLE.
                   PARAMETER   10  beta_2CBO RESTORED TO VARIABLE.
 **********
 **   52 **FIX            0
 **********
 PARAMETER    0  IS UNDEFINED. IGNORED.
 **********
 **   53 **FIX            1
 **********
 **********
 **   54 **FIX            2
 **********
 PARAMETER    2  IS CONSTANT.   IGNORED.
 **********
 **   55 **FIX            3
 **********
 **********
 **   56 **FIX            4
 **********
 **********
 **   57 **FIX            5
 **********
 PARAMETER    5  IS CONSTANT.   IGNORED.
 **********
 **   58 **FIX            6
 **********
 **********
 **   59 **FIX            7
 **********
 PARAMETER    7  IS CONSTANT.   IGNORED.
 **********
 **   60 **FIX            8
 **********
 **********
 **   61 **FIX            9
 **********
 **********
 **   62 **FIX           13
 **********
 **********
 **   63 **FIX           14
 **********
 **********
 **   64 **FIX           15
 **********
 PARAMETER   15  IS CONSTANT.   IGNORED.
 **********
 **   65 **FIX           16
 **********
 **********
 **   66 **MIGRAD
 **********
 START MIGRAD MINIMIZATION.  STRATEGY  1.  CONVERGENCE WHEN EDM .LT. 1.00e-04
 FCN=237.585 FROM MIGRAD    STATUS=INITIATE       16 CALLS        6187 TOTAL
                     EDM= unknown      STRATEGY= 1      NO ERROR MATRIX       
  EXT PARAMETER               CURRENT GUESS       STEP         FIRST   
  NO.   NAME      VALUE            ERROR          SIZE      DERIVATIVE 
   1  N0           3.03492e+06     fixed    
   2  tau          6.44153e+01   constant   
   3  A0           3.57850e-01     fixed    
   4  phi          4.05193e+00     fixed    
   5  R           -6.13262e+01   constant   
   6  alpha_CBO    7.55337e-03     fixed    
   7  w_CBO        2.32500e+00   constant   
   8  beta_CBO     4.21359e-03     fixed    
   9  alpha_2CBO   1.99389e-03     fixed    
  10  beta_2CBO    4.14088e-03   1.45535e-03   1.45535e-03  -8.05438e+02
  11  alpha_y      0.00000e+00   1.00000e-03   1.00000e-03   1.69809e+05
  12  w_y          1.44500e+01   constant   
  13  beta_y       1.64667e-03     fixed    
  14  alpha_vw     0.00000e+00     fixed    
  15  w_vw         1.29000e+01   constant   
  16  beta_vw      0.00000e+00     fixed    
  17  LM           4.28749e-04   constant   
  18  zeta_y       0.00000e+00   constant   
  19  zeta_vw      0.00000e+00   constant   
  20  T_CBO        7.10697e+01   8.53118e+01  -4.74680e-03  -3.18779e+00
  21  alpha_A0    -7.23786e-02   7.24272e-03  -4.73014e-05  -4.89765e+00
  22  beta_A0     -9.34121e-02   5.87531e-03  -4.45540e-05   2.24474e+01
  23  alpha_phi   -4.93714e-02   3.41543e-02   4.55508e-04   3.38214e-01
  24  beta_phi     7.54617e-02   1.85483e-02  -2.53771e-04  -9.51813e-01
 CALL LIMIT EXCEEDED IN MIGRAD.
 MIGRAD TERMINATED WITHOUT CONVERGENCE.
 FCN=38.9062 FROM MIGRAD    STATUS=CALL LIMIT   1159 CALLS        7330 TOTAL
                     EDM=0.0124378    STRATEGY= 1  ERROR MATRIX UNCERTAINTY  33.6 per cent
  EXT PARAMETER                APPROXIMATE        STEP         FIRST   
  NO.   NAME      VALUE            ERROR          SIZE      DERIVATIVE 
   1  N0           3.03492e+06     fixed    
   2  tau          6.44153e+01   constant   
   3  A0           3.57850e-01     fixed    
   4  phi          4.05193e+00     fixed    
   5  R           -6.13262e+01   constant   
   6  alpha_CBO    7.55337e-03     fixed    
   7  w_CBO        2.32500e+00   constant   
   8  beta_CBO     4.21359e-03     fixed    
   9  alpha_2CBO   1.99389e-03     fixed    
  10  beta_2CBO    5.02619e-03   2.43724e-04  -2.65124e-06  -1.15900e+02
  11  alpha_y     -2.33645e-03   1.61102e-04   6.13588e-07  -4.16858e+02
  12  w_y          1.44500e+01   constant   
  13  beta_y       1.64667e-03     fixed    
  14  alpha_vw     0.00000e+00     fixed    
  15  w_vw         1.29000e+01   constant   
  16  beta_vw      0.00000e+00     fixed    
  17  LM           4.28749e-04   constant   
  18  zeta_y       0.00000e+00   constant   
  19  zeta_vw      0.00000e+00   constant   
  20  T_CBO        2.74982e+01   3.45335e+00   7.95113e-05  -1.11846e+01
  21  alpha_A0    -1.44633e-01   2.23740e-02  -5.66427e-05   1.40533e+01
  22  beta_A0     -2.02811e-01   3.10276e-02   1.44865e-05   3.25921e+01
  23  alpha_phi   -1.00474e-01   1.60167e-02  -5.15037e-05  -6.41685e+00
  24  beta_phi     1.66271e-01   2.67274e-02   2.47064e-05   3.37503e+01
 EXTERNAL ERROR MATRIX.    NDIM=  25    NPAR=  7    ERR DEF=1
  5.940e-08 -6.544e-09 -4.964e-05 -2.012e-08 -5.137e-07 -9.408e-08  4.811e-07 
 -6.544e-09  2.595e-08  1.727e-04  1.069e-06  1.583e-06  7.498e-07 -1.317e-06 
 -4.964e-05  1.727e-04  1.193e+01  7.690e-02  1.070e-01  5.504e-02 -9.212e-02 
 -2.012e-08  1.069e-06  7.690e-02  5.006e-04  6.909e-04  3.573e-04 -5.954e-04 
 -5.137e-07  1.583e-06  1.070e-01  6.909e-04  9.627e-04  4.942e-04 -8.281e-04 
 -9.408e-08  7.498e-07  5.504e-02  3.573e-04  4.942e-04  2.565e-04 -4.266e-04 
  4.811e-07 -1.317e-06 -9.212e-02 -5.954e-04 -8.281e-04 -4.266e-04  7.144e-04 
ERR MATRIX APPROXIMATE
 PARAMETER  CORRELATION COEFFICIENTS  
       NO.  GLOBAL     10     11     20     21     22     23     24
       10  0.77957   1.000 -0.167 -0.059 -0.004 -0.068 -0.024  0.074
       11  0.40896  -0.167  1.000  0.310  0.297  0.317  0.291 -0.306
       20  0.99862  -0.059  0.310  1.000  0.995  0.998  0.995 -0.998
       21  0.99851  -0.004  0.297  0.995  1.000  0.995  0.997 -0.996
       22  0.99909  -0.068  0.317  0.998  0.995  1.000  0.994 -0.999
       23  0.99828  -0.024  0.291  0.995  0.997  0.994  1.000 -0.997
       24  0.99941   0.074 -0.306 -0.998 -0.996 -0.999 -0.997  1.000
 ERR MATRIX APPROXIMATE
MINUIT - FIT ONLY 2-y
 **********
 **   67 **RES 
 **********
                   PARAMETER   16  beta_vw RESTORED TO VARIABLE.
                   PARAMETER   14  alpha_vw RESTORED TO VARIABLE.
                   PARAMETER   13  beta_y RESTORED TO VARIABLE.
                   PARAMETER    9  alpha_2CBO RESTORED TO VARIABLE.
                   PARAMETER    8  beta_CBO RESTORED TO VARIABLE.
                   PARAMETER    6  alpha_CBO RESTORED TO VARIABLE.
                   PARAMETER    4  phi RESTORED TO VARIABLE.
                   PARAMETER    3  A0 RESTORED TO VARIABLE.
                   PARAMETER    1  N0 RESTORED TO VARIABLE.
 **********
 **   68 **FIX            0
 **********
 PARAMETER    0  IS UNDEFINED. IGNORED.
 **********
 **   69 **FIX            1
 **********
 **********
 **   70 **FIX            2
 **********
 PARAMETER    2  IS CONSTANT.   IGNORED.
 **********
 **   71 **FIX            3
 **********
 **********
 **   72 **FIX            4
 **********
 **********
 **   73 **FIX            5
 **********
 PARAMETER    5  IS CONSTANT.   IGNORED.
 **********
 **   74 **FIX            6
 **********
 **********
 **   75 **FIX            7
 **********
 PARAMETER    7  IS CONSTANT.   IGNORED.
 **********
 **   76 **FIX            8
 **********
 **********
 **   77 **FIX            9
 **********
 **********
 **   78 **FIX           10
 **********
 **********
 **   79 **FIX           11
 **********
 **********
 **   80 **FIX           12
 **********
 PARAMETER   12  IS CONSTANT.   IGNORED.
 **********
 **   81 **FIX           16
 **********
 **********
 **   82 **MIGRAD
 **********
 START MIGRAD MINIMIZATION.  STRATEGY  1.  CONVERGENCE WHEN EDM .LT. 1.00e-04
 FCN=38.9062 FROM MIGRAD    STATUS=INITIATE       16 CALLS        7346 TOTAL
                     EDM= unknown      STRATEGY= 1      NO ERROR MATRIX       
  EXT PARAMETER               CURRENT GUESS       STEP         FIRST   
  NO.   NAME      VALUE            ERROR          SIZE      DERIVATIVE 
   1  N0           3.03492e+06     fixed    
   2  tau          6.44153e+01   constant   
   3  A0           3.57850e-01     fixed    
   4  phi          4.05193e+00     fixed    
   5  R           -6.13262e+01   constant   
   6  alpha_CBO    7.55337e-03     fixed    
   7  w_CBO        2.32500e+00   constant   
   8  beta_CBO     4.21359e-03     fixed    
   9  alpha_2CBO   1.99389e-03     fixed    
  10  beta_2CBO    5.02619e-03     fixed    
  11  alpha_y     -2.33645e-03     fixed    
  12  w_y          1.44500e+01   constant   
  13  beta_y       1.64667e-03   1.70256e-04   1.70256e-04   6.68505e+03
  14  alpha_vw     0.00000e+00   1.00000e-03   1.00000e-03  -3.40869e+04
  15  w_vw         1.29000e+01   constant   
  16  beta_vw      0.00000e+00     fixed    
  17  LM           4.28749e-04   constant   
  18  zeta_y       0.00000e+00   constant   
  19  zeta_vw      0.00000e+00   constant   
  20  T_CBO        2.74982e+01   3.45335e+00   7.95113e-05  -1.11846e+01
  21  alpha_A0    -1.44633e-01   2.23740e-02  -5.66427e-05   1.40533e+01
  22  beta_A0     -2.02811e-01   3.10276e-02   1.44865e-05   3.25921e+01
  23  alpha_phi   -1.00474e-01   1.60167e-02  -5.15037e-05  -6.41685e+00
  24  beta_phi     1.66271e-01   2.67274e-02   2.47064e-05   3.37503e+01
 MIGRAD MINIMIZATION HAS CONVERGED.
 MIGRAD WILL VERIFY CONVERGENCE AND ERROR MATRIX.
 COVARIANCE MATRIX CALCULATED SUCCESSFULLY
 FCN=31.7613 FROM HESSE     STATUS=OK             50 CALLS        7459 TOTAL
                     EDM=0.0857519    STRATEGY= 1      ERROR MATRIX ACCURATE 
  EXT PARAMETER                                   STEP         FIRST   
  NO.   NAME      VALUE            ERROR          SIZE      DERIVATIVE 
   1  N0           3.03492e+06     fixed    
   2  tau          6.44153e+01   constant   
   3  A0           3.57850e-01     fixed    
   4  phi          4.05193e+00     fixed    
   5  R           -6.13262e+01   constant   
   6  alpha_CBO    7.55337e-03     fixed    
   7  w_CBO        2.32500e+00   constant   
   8  beta_CBO     4.21359e-03     fixed    
   9  alpha_2CBO   1.99389e-03     fixed    
  10  beta_2CBO    5.02619e-03     fixed    
  11  alpha_y     -2.33645e-03     fixed    
  12  w_y          1.44500e+01   constant   
  13  beta_y       1.60324e-03   1.61506e-04   4.45515e-07  -6.70918e+00
  14  alpha_vw     4.10622e-04   1.60714e-04   4.35440e-07  -4.12574e+00
  15  w_vw         1.29000e+01   constant   
  16  beta_vw      0.00000e+00     fixed    
