 + ++++++++++++++++++++++++++++++++++++++++++++++++++++++++++++++++++++ +
 +                                                                      +
 +           You have chose to blind your fitting according to          +
 +                omega_ref * (1 + (R +/- deltaR) *10^{-6})             +
 +                                                                      +
 + ++++++++++++++++++++++++++++++++++++++++++++++++++++++++++++++++++++ +
In main()...
reading format from /gm2data/zkhechad/run45/envelope/formats/formatB_sBin_constraintOn.txt
pBinTau 	= 0  
pBinPhi 	= 0  
constraintau 	= 1 
includeMopTerm 	= 0    
constrainMop    = 0   
Parameters after format file: pBinTau 0 pBinPhi 0 constraintau 1 includeMopTerm 0 constrainMop 0 c_e_scale 0.000000 
Opening file /gm2data/tbarrett/gm2fr/studies/run23_bunch_corrections/CorrectedFourier_Run3b.root.
reading full fit data from /gm2data/zkhechad/cboTemplates/Run4CBOTemplates/templateFits0_v2.0/noRF/sBin_constraintOn_cE0.0_seed0_noRF_calo24.root
windowBins = 69
fitting sliding window 1628 from bin 1764 at 263.039600 to bin 1833 at 273.483600 (69 bins)

Reading data from /gm2data/cornell/histograms/aMethod/histogram_a_noRF.root
 **********
 **    1 **SET PRINTOUT            1
 **********
 **********
 **    2 **SET NOWARNINGS 
 **********
 PARAMETER DEFINITIONS:
    NO.   NAME         VALUE      STEP SIZE      LIMITS
     1 N0           3.17742e+06  1.00000e+02     no limits
     2 tau          6.44362e+01  constant
     3 A0           3.64954e-01  1.00000e-04     no limits
     4 phi          4.11955e+00  1.00000e-02     no limits
     5 R           -6.08502e+01  constant
     6 alpha_CBO    0.00000e+00  1.00000e-03     no limits
     7 w_CBO        2.32500e+00  constant
     8 beta_CBO     0.00000e+00  1.00000e-03     no limits
     9 alpha_2CBO   0.00000e+00  1.00000e-03     no limits
    10 beta_2CBO    0.00000e+00  1.00000e-03     no limits
    11 alpha_y      0.00000e+00  1.00000e-03     no limits
    12 w_y          1.44500e+01  constant
    13 beta_y       0.00000e+00  1.00000e-03     no limits
    14 alpha_vw     0.00000e+00  1.00000e-03     no limits
    15 w_vw         1.29000e+01  constant
    16 beta_vw      0.00000e+00  1.00000e-03     no limits
    17 LM           1.15487e-03  constant
    18 zeta_y       0.00000e+00  constant
    19 zeta_vw      0.00000e+00  constant
    20 T_CBO        1.00000e+02  1.00000e+00    0.00000e+00  1.00000e+03
    21 alpha_A0     0.00000e+00  1.00000e-03     no limits
    22 beta_A0      0.00000e+00  1.00000e-03     no limits
    23 alpha_phi    0.00000e+00  1.00000e-03     no limits
    24 beta_phi     0.00000e+00  1.00000e-03     no limits
MINUIT - FIT ONLY WIGGLE
 **********
 **    3 **FIX            5
 **********
 PARAMETER    5  IS CONSTANT.   IGNORED.
 **********
 **    4 **FIX            6
 **********
 **********
 **    5 **FIX            7
 **********
 PARAMETER    7  IS CONSTANT.   IGNORED.
 **********
 **    6 **FIX            8
 **********
 **********
 **    7 **FIX            9
 **********
 **********
 **    8 **FIX           10
 **********
 **********
 **    9 **FIX           11
 **********
 **********
 **   10 **FIX           12
 **********
 PARAMETER   12  IS CONSTANT.   IGNORED.
 **********
 **   11 **FIX           13
 **********
 **********
 **   12 **FIX           14
 **********
 **********
 **   13 **FIX           15
 **********
 PARAMETER   15  IS CONSTANT.   IGNORED.
 **********
 **   14 **FIX           16
 **********
 **********
 **   15 **MIGRAD
 **********
 FIRST CALL TO USER FUNCTION AT NEW START POINT, WITH IFLAG=4.
 START MIGRAD MINIMIZATION.  STRATEGY  1.  CONVERGENCE WHEN EDM .LT. 1.00e-04
 FCN=106.957 FROM MIGRAD    STATUS=INITIATE      437 CALLS         438 TOTAL
                     EDM= unknown      STRATEGY= 1      NO ERROR MATRIX       
  EXT PARAMETER               CURRENT GUESS       STEP         FIRST   
  NO.   NAME      VALUE            ERROR          SIZE      DERIVATIVE 
   1  N0           3.17742e+06   1.00000e+02   0.00000e+00   3.60714e-03
   2  tau          6.44362e+01   constant   
   3  A0           3.64954e-01   1.00000e-04   0.00000e+00  -2.89754e+02
   4  phi          4.11955e+00   1.00000e-02   0.00000e+00  -1.42397e+03
   5  R           -6.08502e+01   constant   
   6  alpha_CBO    0.00000e+00     fixed    
   7  w_CBO        2.32500e+00   constant   
   8  beta_CBO     0.00000e+00     fixed    
   9  alpha_2CBO   0.00000e+00     fixed    
  10  beta_2CBO    0.00000e+00     fixed    
  11  alpha_y      0.00000e+00     fixed    
  12  w_y          1.44500e+01   constant   
  13  beta_y       0.00000e+00     fixed    
  14  alpha_vw     0.00000e+00     fixed    
  15  w_vw         1.29000e+01   constant   
  16  beta_vw      0.00000e+00     fixed    
  17  LM           1.15487e-03   constant   
  18  zeta_y       0.00000e+00   constant   
  19  zeta_vw      0.00000e+00   constant   
  20  T_CBO        1.00000e+02   1.00000e+00   0.00000e+00   0.00000e+00
  21  alpha_A0     0.00000e+00   1.00000e-03   0.00000e+00   9.02861e+01
  22  beta_A0      0.00000e+00   1.00000e-03   0.00000e+00   3.81361e+01
  23  alpha_phi    0.00000e+00   1.00000e-03   0.00000e+00   3.56779e+01
  24  beta_phi     0.00000e+00   1.00000e-03   0.00000e+00   5.98835e+01
 CALL LIMIT EXCEEDED IN MIGRAD.
 MIGRAD TERMINATED WITHOUT CONVERGENCE.
 FCN=101.462 FROM MIGRAD    STATUS=CALL LIMIT   1322 CALLS        1323 TOTAL
                     EDM=0.000388158    STRATEGY= 1  ERROR MATRIX UNCERTAINTY   0.3 per cent
  EXT PARAMETER                APPROXIMATE        STEP         FIRST   
  NO.   NAME      VALUE            ERROR          SIZE      DERIVATIVE 
   1  N0           3.17567e+06   1.00240e+03   5.61443e-01  -1.55040e-06
   2  tau          6.44362e+01   constant   
   3  A0           3.64900e-01   4.44309e-04   2.58856e-07   9.86878e+00
   4  phi          4.12016e+00   1.21296e-03  -1.86298e-06   8.78140e-01
   5  R           -6.08502e+01   constant   
   6  alpha_CBO    0.00000e+00     fixed    
   7  w_CBO        2.32500e+00   constant   
   8  beta_CBO     0.00000e+00     fixed    
   9  alpha_2CBO   0.00000e+00     fixed    
  10  beta_2CBO    0.00000e+00     fixed    
  11  alpha_y      0.00000e+00     fixed    
  12  w_y          1.44500e+01   constant   
  13  beta_y       0.00000e+00     fixed    
  14  alpha_vw     0.00000e+00     fixed    
  15  w_vw         1.29000e+01   constant   
  16  beta_vw      0.00000e+00     fixed    
  17  LM           1.15487e-03   constant   
  18  zeta_y       0.00000e+00   constant   
  19  zeta_vw      0.00000e+00   constant   
  20  T_CBO        8.91324e+02   9.39939e+02   2.75655e-02  -2.24418e-03
  21  alpha_A0    -2.12213e-03   2.95721e-03  -2.83850e-05  -1.06526e-01
  22  beta_A0     -6.68149e-04   2.24510e-03  -6.45860e-06  -7.19865e+00
  23  alpha_phi   -1.64044e-04   2.87557e-03   2.48582e-06   8.86809e-01
  24  beta_phi    -2.16775e-03   3.55139e-03  -1.45577e-05  -3.17071e-01
 EXTERNAL ERROR MATRIX.    NDIM=  25    NPAR=  8    ERR DEF=1
  1.005e+06  1.787e-02  1.508e-01  1.115e+05  3.812e-02 -4.260e-01 -6.580e-01  1.066e-01 
  1.787e-02  1.974e-07  1.078e-08  1.111e-01 -4.770e-09  1.296e-07  2.058e-07  3.338e-07 
  1.508e-01  1.078e-08  1.471e-06 -1.520e-03  1.699e-07 -2.270e-07 -2.807e-07  1.163e-07 
  1.115e+05  1.111e-01 -1.520e-03  7.062e+06  4.654e+00 -9.057e-01  1.360e+00  5.676e+00 
  3.812e-02 -4.770e-09  1.699e-07  4.654e+00  8.745e-06 -1.252e-06 -5.631e-08  2.705e-06 
 -4.260e-01  1.296e-07 -2.270e-07 -9.057e-01 -1.252e-06  5.040e-06  9.150e-07  2.021e-07 
 -6.580e-01  2.058e-07 -2.807e-07  1.360e+00 -5.631e-08  9.150e-07  8.269e-06  2.943e-06 
  1.066e-01  3.338e-07  1.163e-07  5.676e+00  2.705e-06  2.021e-07  2.943e-06  1.261e-05 
ERR MATRIX APPROXIMATE
 PARAMETER  CORRELATION COEFFICIENTS  
       NO.  GLOBAL      1      3      4     20     21     22     23     24
        1  0.32262   1.000  0.040  0.124  0.042  0.013 -0.189 -0.228  0.030
        3  0.27546   0.040  1.000  0.020  0.094 -0.004  0.130  0.161  0.212
        4  0.16728   0.124  0.020  1.000 -0.000  0.047 -0.083 -0.080  0.027
       20  0.75991   0.042  0.094 -0.000  1.000  0.592 -0.152  0.178  0.601
       21  0.61875   0.013 -0.004  0.047  0.592  1.000 -0.189 -0.007  0.258
       22  0.33513  -0.189  0.130 -0.083 -0.152 -0.189  1.000  0.142  0.025
       23  0.41246  -0.228  0.161 -0.080  0.178 -0.007  0.142  1.000  0.288
       24  0.65486   0.030  0.212  0.027  0.601  0.258  0.025  0.288  1.000
 ERR MATRIX APPROXIMATE
MINUIT - FIT ONLY 1-CBO + wiggle
 **********
 **   16 **RES 
 **********
                   PARAMETER   16  beta_vw RESTORED TO VARIABLE.
                   PARAMETER   14  alpha_vw RESTORED TO VARIABLE.
                   PARAMETER   13  beta_y RESTORED TO VARIABLE.
                   PARAMETER   11  alpha_y RESTORED TO VARIABLE.
                   PARAMETER   10  beta_2CBO RESTORED TO VARIABLE.
                   PARAMETER    9  alpha_2CBO RESTORED TO VARIABLE.
                   PARAMETER    8  beta_CBO RESTORED TO VARIABLE.
                   PARAMETER    6  alpha_CBO RESTORED TO VARIABLE.
 **********
 **   17 **FIX            8
 **********
 **********
 **   18 **FIX            9
 **********
 **********
 **   19 **FIX           11
 **********
 **********
 **   20 **FIX           12
 **********
 PARAMETER   12  IS CONSTANT.   IGNORED.
 **********
 **   21 **FIX           14
 **********
 **********
 **   22 **FIX           15
 **********
 PARAMETER   15  IS CONSTANT.   IGNORED.
 **********
 **   23 **FIX           16
 **********
 **********
 **   24 **MIGRAD
 **********
 START MIGRAD MINIMIZATION.  STRATEGY  1.  CONVERGENCE WHEN EDM .LT. 1.00e-04
 FCN=101.462 FROM MIGRAD    STATUS=INITIATE       28 CALLS        1351 TOTAL
                     EDM= unknown      STRATEGY= 1      NO ERROR MATRIX       
  EXT PARAMETER               CURRENT GUESS       STEP         FIRST   
  NO.   NAME      VALUE            ERROR          SIZE      DERIVATIVE 
   1  N0           3.17567e+06   1.00240e+03   5.61443e-01  -1.55040e-06
   2  tau          6.44362e+01   constant   
   3  A0           3.64900e-01   4.44309e-04   2.58856e-07   9.86878e+00
   4  phi          4.12016e+00   1.21296e-03  -1.86298e-06   8.78140e-01
   5  R           -6.08502e+01   constant   
   6  alpha_CBO    0.00000e+00   1.00000e-03   1.00000e-03   4.44170e+03
   7  w_CBO        2.32500e+00   constant   
   8  beta_CBO     0.00000e+00     fixed    
   9  alpha_2CBO   0.00000e+00     fixed    
  10  beta_2CBO    0.00000e+00   1.00000e-03   1.00000e-03  -3.14685e+03
  11  alpha_y      0.00000e+00     fixed    
  12  w_y          1.44500e+01   constant   
  13  beta_y       0.00000e+00   1.00000e-03   1.00000e-03  -4.77412e+03
  14  alpha_vw     0.00000e+00     fixed    
  15  w_vw         1.29000e+01   constant   
  16  beta_vw      0.00000e+00     fixed    
  17  LM           1.15487e-03   constant   
  18  zeta_y       0.00000e+00   constant   
  19  zeta_vw      0.00000e+00   constant   
  20  T_CBO        8.91324e+02   9.39939e+02   2.75655e-02  -2.25349e-03
  21  alpha_A0    -2.12213e-03   2.95721e-03  -2.83850e-05  -1.06527e-01
  22  beta_A0     -6.68149e-04   2.24510e-03  -6.45860e-06  -7.19865e+00
  23  alpha_phi   -1.64044e-04   2.87557e-03   2.48582e-06   8.86809e-01
  24  beta_phi    -2.16775e-03   3.55139e-03  -1.45577e-05  -3.17072e-01
 MIGRAD MINIMIZATION HAS CONVERGED.
 FCN=98.6419 FROM MIGRAD    STATUS=CONVERGED     275 CALLS        1598 TOTAL
                     EDM=6.70983e-06    STRATEGY= 1  ERROR MATRIX UNCERTAINTY   1.7 per cent
  EXT PARAMETER                                   STEP         FIRST   
  NO.   NAME      VALUE            ERROR          SIZE      DERIVATIVE 
   1  N0           3.17572e+06   1.00014e+03   1.16652e+00   2.25037e-06
   2  tau          6.44362e+01   constant   
   3  A0           3.65001e-01   4.80687e-04   6.55659e-07   1.49241e+00
   4  phi          4.12022e+00   1.19586e-03   1.23624e-06   1.09210e+00
   5  R           -6.08502e+01   constant   
   6  alpha_CBO   -4.91419e-04   4.75198e-04  -2.11329e-07  -1.55546e+00
   7  w_CBO        2.32500e+00   constant   
   8  beta_CBO     0.00000e+00     fixed    
   9  alpha_2CBO   0.00000e+00     fixed    
  10  beta_2CBO    3.22492e-04   4.61984e-04  -8.13543e-07   8.89852e-01
  11  alpha_y      0.00000e+00     fixed    
  12  w_y          1.44500e+01   constant   
  13  beta_y       5.12158e-04   4.53629e-04   1.14333e-06   4.44204e+00
  14  alpha_vw     0.00000e+00     fixed    
  15  w_vw         1.29000e+01   constant   
  16  beta_vw      0.00000e+00     fixed    
  17  LM           1.15487e-03   constant   
  18  zeta_y       0.00000e+00   constant   
  19  zeta_vw      0.00000e+00   constant   
  20  T_CBO        9.98787e+02   9.04352e+02  -1.01244e-01   2.98206e-04
  21  alpha_A0    -2.69095e-03   2.50815e-03   8.01777e-06   1.37437e+00
  22  beta_A0     -5.91855e-04   2.39081e-03   4.17529e-06   1.73173e-03
  23  alpha_phi   -1.24357e-04   2.29029e-03   2.31380e-06   8.66992e-02
  24  beta_phi    -2.18960e-03   2.57339e-03   7.68665e-06   5.45465e-01
 EXTERNAL ERROR MATRIX.    NDIM=  25    NPAR= 11    ERR DEF=1
  1.000e+06 
  6.113e-03  2.311e-07 
  5.017e-02 -9.206e-09  1.430e-06 
  3.912e-04 -4.973e-08 -2.735e-08  2.258e-07 
  3.505e-02 -1.040e-08  5.877e-09  1.276e-08  2.134e-07 
 -2.566e-02 -3.820e-09 -1.540e-08  1.017e-09 -1.317e-09  2.058e-07 
 -9.527e+04 -9.787e-03 -8.583e-02  1.046e-02  2.455e-02 -3.023e-02  5.425e+05 
 -1.575e-01 -8.019e-08  7.160e-08  1.928e-07 -1.008e-07 -3.042e-08 -8.595e-01  6.291e-06 
 -2.608e-01  9.943e-08  2.357e-08 -3.657e-08 -4.116e-08  1.010e-08 -1.455e-01  2.128e-08  5.716e-06 
 -3.236e-01  1.455e-07  4.319e-08 -4.772e-08 -2.984e-08 -1.179e-08  2.903e-02 -2.828e-07  3.221e-08  5.245e-06 
  3.378e-03  1.806e-07  9.765e-08 -6.681e-08 -1.657e-07  1.647e-08 -7.422e-01  7.379e-07  5.698e-07  6.043e-07  6.622e-06 
 PARAMETER  CORRELATION COEFFICIENTS  
       NO.  GLOBAL      1      3      4      6     10     13     20     21     22     23     24
        1  0.29643   1.000  0.013  0.042  0.001  0.076 -0.057 -0.129 -0.063 -0.109 -0.141  0.001
        3  0.29493   0.013  1.000 -0.016 -0.218 -0.047 -0.018 -0.028 -0.067  0.087  0.132  0.146
        4  0.12513   0.042 -0.016  1.000 -0.048  0.011 -0.028 -0.097  0.024  0.008  0.016  0.032
        6  0.29495   0.001 -0.218 -0.048  1.000  0.058  0.005  0.030  0.162 -0.032 -0.044 -0.055
       10  0.18610   0.076 -0.047  0.011  0.058  1.000 -0.006  0.072 -0.087 -0.037 -0.028 -0.139
       13  0.15718  -0.057 -0.018 -0.028  0.005 -0.006  1.000 -0.090 -0.027  0.009 -0.011  0.014
       20  0.61993  -0.129 -0.028 -0.097  0.030  0.072 -0.090  1.000 -0.465 -0.083  0.017 -0.392
       21  0.53222  -0.063 -0.067  0.024  0.162 -0.087 -0.027 -0.465  1.000  0.004 -0.049  0.114
       22  0.18477  -0.109  0.087  0.008 -0.032 -0.037  0.009 -0.083  0.004  1.000  0.006  0.093
       23  0.22473  -0.141  0.132  0.016 -0.044 -0.028 -0.011  0.017 -0.049  0.006  1.000  0.103
       24  0.44657   0.001  0.146  0.032 -0.055 -0.139  0.014 -0.392  0.114  0.093  0.103  1.000
MINUIT - FIT ONLY 2-CBO
 **********
 **   25 **RES 
 **********
                   PARAMETER   16  beta_vw RESTORED TO VARIABLE.
                   PARAMETER   14  alpha_vw RESTORED TO VARIABLE.
                   PARAMETER   11  alpha_y RESTORED TO VARIABLE.
                   PARAMETER    9  alpha_2CBO RESTORED TO VARIABLE.
                   PARAMETER    8  beta_CBO RESTORED TO VARIABLE.
 **********
 **   26 **FIX            0
 **********
 PARAMETER    0  IS UNDEFINED. IGNORED.
 **********
 **   27 **FIX            1
 **********
 **********
 **   28 **FIX            2
 **********
 PARAMETER    2  IS CONSTANT.   IGNORED.
 **********
 **   29 **FIX            3
 **********
 **********
 **   30 **FIX            4
 **********
 **********
 **   31 **FIX            5
 **********
 PARAMETER    5  IS CONSTANT.   IGNORED.
 **********
 **   32 **FIX            6
 **********
 **********
 **   33 **FIX            7
 **********
 PARAMETER    7  IS CONSTANT.   IGNORED.
 **********
 **   34 **FIX           10
 **********
 **********
 **   35 **FIX           11
 **********
 **********
 **   36 **FIX           12
 **********
 PARAMETER   12  IS CONSTANT.   IGNORED.
 **********
 **   37 **FIX           13
 **********
 **********
 **   38 **FIX           14
 **********
 **********
 **   39 **FIX           15
 **********
 PARAMETER   15  IS CONSTANT.   IGNORED.
 **********
 **   40 **FIX           16
 **********
 **********
 **   41 **MIGRAD
 **********
 START MIGRAD MINIMIZATION.  STRATEGY  1.  CONVERGENCE WHEN EDM .LT. 1.00e-04
 FCN=98.6419 FROM MIGRAD    STATUS=INITIATE       18 CALLS        1616 TOTAL
                     EDM= unknown      STRATEGY= 1      NO ERROR MATRIX       
  EXT PARAMETER               CURRENT GUESS       STEP         FIRST   
  NO.   NAME      VALUE            ERROR          SIZE      DERIVATIVE 
   1  N0           3.17572e+06     fixed    
   2  tau          6.44362e+01   constant   
   3  A0           3.65001e-01     fixed    
   4  phi          4.12022e+00     fixed    
   5  R           -6.08502e+01   constant   
   6  alpha_CBO   -4.91419e-04     fixed    
   7  w_CBO        2.32500e+00   constant   
   8  beta_CBO     0.00000e+00   1.00000e-03   1.00000e-03  -2.81889e+04
   9  alpha_2CBO   0.00000e+00   1.00000e-03   1.00000e-03   3.02532e+03
  10  beta_2CBO    3.22492e-04     fixed    
  11  alpha_y      0.00000e+00     fixed    
  12  w_y          1.44500e+01   constant   
  13  beta_y       5.12158e-04     fixed    
  14  alpha_vw     0.00000e+00     fixed    
  15  w_vw         1.29000e+01   constant   
  16  beta_vw      0.00000e+00     fixed    
  17  LM           1.15487e-03   constant   
  18  zeta_y       0.00000e+00   constant   
  19  zeta_vw      0.00000e+00   constant   
  20  T_CBO        9.98787e+02   9.04352e+02  -1.01244e-01  -3.05558e-04
  21  alpha_A0    -2.69095e-03   2.50815e-03   8.01777e-06   1.37437e+00
  22  beta_A0     -5.91855e-04   2.39081e-03   4.17529e-06   1.73476e-03
  23  alpha_phi   -1.24357e-04   2.29029e-03   2.31380e-06   8.66992e-02
  24  beta_phi    -2.18960e-03   2.57339e-03   7.68665e-06   5.45465e-01
 MIGRAD FAILS TO FIND IMPROVEMENT
 MIGRAD MINIMIZATION HAS CONVERGED.
 MIGRAD WILL VERIFY CONVERGENCE AND ERROR MATRIX.
 COVARIANCE MATRIX CALCULATED SUCCESSFULLY
 FCN=52.9314 FROM HESSE     STATUS=OK             52 CALLS        1750 TOTAL
                     EDM=9.90294e-05    STRATEGY= 1      ERROR MATRIX ACCURATE 
  EXT PARAMETER                                   STEP         FIRST   
  NO.   NAME      VALUE            ERROR          SIZE      DERIVATIVE 
   1  N0           3.17572e+06     fixed    
   2  tau          6.44362e+01   constant   
   3  A0           3.65001e-01     fixed    
   4  phi          4.12022e+00     fixed    
   5  R           -6.08502e+01   constant   
   6  alpha_CBO   -4.91419e-04     fixed    
   7  w_CBO        2.32500e+00   constant   
   8  beta_CBO     3.18536e-03   4.73610e-04   1.67806e-06   8.65477e+00
   9  alpha_2CBO  -5.44858e-04   4.74482e-04   1.65539e-06   5.51454e+00
  10  beta_2CBO    3.22492e-04     fixed    
  11  alpha_y      0.00000e+00     fixed    
  12  w_y          1.44500e+01   constant   
  13  beta_y       5.12158e-04     fixed    
  14  alpha_vw     0.00000e+00     fixed    
  15  w_vw         1.29000e+01   constant   
  16  beta_vw      0.00000e+00     fixed    
  17  LM           1.15487e-03   constant   
  18  zeta_y       0.00000e+00   constant   
  19  zeta_vw      0.00000e+00   constant   
  20  T_CBO        9.91907e+02   9.55065e+02   3.62450e-01   6.11622e-04
  21  alpha_A0    -2.83075e-03   2.17564e-03   7.80701e-06   1.25269e+00
  22  beta_A0      1.12244e-03   2.35035e-03   8.29839e-06   2.25355e+00
  23  alpha_phi   -2.99593e-05   2.27880e-03   8.04845e-06  -2.10478e-01
  24  beta_phi    -1.49584e-03   2.26510e-03   8.10698e-06  -2.35450e+00
 CALL LIMIT EXCEEDED IN MIGRAD.
 MIGRAD TERMINATED WITHOUT CONVERGENCE.
 FCN=52.8285 FROM MIGRAD    STATUS=CALL LIMIT   1152 CALLS        2750 TOTAL
                     EDM=0.00671011    STRATEGY= 1  ERROR MATRIX UNCERTAINTY  11.4 per cent
  EXT PARAMETER                APPROXIMATE        STEP         FIRST   
  NO.   NAME      VALUE            ERROR          SIZE      DERIVATIVE 
   1  N0           3.17572e+06     fixed    
   2  tau          6.44362e+01   constant   
   3  A0           3.65001e-01     fixed    
   4  phi          4.12022e+00     fixed    
   5  R           -6.08502e+01   constant   
   6  alpha_CBO   -4.91419e-04     fixed    
   7  w_CBO        2.32500e+00   constant   
   8  beta_CBO     3.18399e-03   4.69611e-04  -1.10918e-05  -3.31559e+01
   9  alpha_2CBO  -5.40039e-04   4.67648e-04   2.52706e-07   2.35363e+01
  10  beta_2CBO    3.22492e-04     fixed    
  11  alpha_y      0.00000e+00     fixed    
  12  w_y          1.44500e+01   constant   
  13  beta_y       5.12158e-04     fixed    
  14  alpha_vw     0.00000e+00     fixed    
  15  w_vw         1.29000e+01   constant   
  16  beta_vw      0.00000e+00     fixed    
  17  LM           1.15487e-03   constant   
  18  zeta_y       0.00000e+00   constant   
  19  zeta_vw      0.00000e+00   constant   
  20  T_CBO        5.31195e+01   3.61669e+01  -9.98999e-03  -2.92162e+00
  21  alpha_A0    -3.35841e-01   9.75008e-01  -6.05508e-02   8.01949e-02
  22  beta_A0      1.29258e-01   3.78310e-01   2.34886e-02  -5.12205e-01
  23  alpha_phi   -1.45326e-02   4.42268e-02  -2.74215e-03   2.32528e-01
  24  beta_phi    -1.61070e-01   4.69505e-01  -2.91610e-02   3.86982e-01
 EXTERNAL ERROR MATRIX.    NDIM=  25    NPAR=  7    ERR DEF=1
  2.205e-07 -2.035e-08  4.673e-05  1.711e-05 -6.564e-06  7.813e-07  8.346e-06 
 -2.035e-08  2.187e-07  2.332e-04 -5.222e-06  2.188e-06 -4.092e-07 -2.565e-06 
  4.673e-05  2.332e-04  1.320e+03  3.522e+01 -1.367e+01  1.595e+00  1.696e+01 
  1.711e-05 -5.222e-06  3.522e+01  9.506e-01 -3.688e-01  4.306e-02  4.578e-01 
 -6.564e-06  2.188e-06 -1.367e+01 -3.688e-01  1.431e-01 -1.671e-02 -1.776e-01 
  7.813e-07 -4.092e-07  1.595e+00  4.306e-02 -1.671e-02  1.956e-03  2.074e-02 
  8.346e-06 -2.565e-06  1.696e+01  4.578e-01 -1.776e-01  2.074e-02  2.204e-01 
ERR MATRIX APPROXIMATE
 PARAMETER  CORRELATION COEFFICIENTS  
       NO.  GLOBAL      8      9     20     21     22     23     24
        8  0.35017   1.000 -0.093  0.003  0.037 -0.037  0.038  0.038
        9  0.29891  -0.093  1.000  0.014 -0.011  0.012 -0.020 -0.012
       20  0.99537   0.003  0.014  1.000  0.994 -0.994  0.993  0.994
       21  0.99998   0.037 -0.011  0.994  1.000 -1.000  0.999  1.000
       22  0.99997  -0.037  0.012 -0.994 -1.000  1.000 -0.999 -1.000
       23  0.99871   0.038 -0.020  0.993  0.999 -0.999  1.000  0.999
       24  0.99998   0.038 -0.012  0.994  1.000 -1.000  0.999  1.000
 ERR MATRIX APPROXIMATE
MINUIT - FIT wiggle + 1-CBO + 2-CBO
 **********
 **   42 **RES 
 **********
                   PARAMETER   16  beta_vw RESTORED TO VARIABLE.
                   PARAMETER   14  alpha_vw RESTORED TO VARIABLE.
                   PARAMETER   13  beta_y RESTORED TO VARIABLE.
                   PARAMETER   11  alpha_y RESTORED TO VARIABLE.
                   PARAMETER   10  beta_2CBO RESTORED TO VARIABLE.
                   PARAMETER    6  alpha_CBO RESTORED TO VARIABLE.
                   PARAMETER    4  phi RESTORED TO VARIABLE.
                   PARAMETER    3  A0 RESTORED TO VARIABLE.
                   PARAMETER    1  N0 RESTORED TO VARIABLE.
 **********
 **   43 **FIX           10
 **********
 **********
 **   44 **FIX           11
 **********
 **********
 **   45 **FIX           12
 **********
 PARAMETER   12  IS CONSTANT.   IGNORED.
 **********
 **   46 **FIX           13
 **********
 **********
 **   47 **FIX           14
 **********
 **********
 **   48 **FIX           15
 **********
 PARAMETER   15  IS CONSTANT.   IGNORED.
 **********
 **   49 **FIX           16
 **********
 **********
 **   50 **MIGRAD
 **********
 START MIGRAD MINIMIZATION.  STRATEGY  1.  CONVERGENCE WHEN EDM .LT. 1.00e-04
 FCN=52.8285 FROM MIGRAD    STATUS=INITIATE       22 CALLS        2772 TOTAL
                     EDM= unknown      STRATEGY= 1      NO ERROR MATRIX       
  EXT PARAMETER               CURRENT GUESS       STEP         FIRST   
  NO.   NAME      VALUE            ERROR          SIZE      DERIVATIVE 
   1  N0           3.17572e+06   1.00014e+03   1.00014e+03  -9.77719e-04
   2  tau          6.44362e+01   constant   
   3  A0           3.65001e-01   4.80687e-04   4.80687e-04  -1.74164e+03
   4  phi          4.12022e+00   1.19586e-03   1.19586e-03   2.20992e+03
   5  R           -6.08502e+01   constant   
   6  alpha_CBO   -4.91419e-04   4.75198e-04   4.75198e-04  -6.31443e+01
   7  w_CBO        2.32500e+00   constant   
   8  beta_CBO     3.18399e-03   4.69611e-04  -1.10918e-05  -3.31559e+01
   9  alpha_2CBO  -5.40039e-04   4.67648e-04   2.52706e-07   2.35363e+01
  10  beta_2CBO    3.22492e-04     fixed    
  11  alpha_y      0.00000e+00     fixed    
  12  w_y          1.44500e+01   constant   
  13  beta_y       5.12158e-04     fixed    
  14  alpha_vw     0.00000e+00     fixed    
  15  w_vw         1.29000e+01   constant   
  16  beta_vw      0.00000e+00     fixed    
  17  LM           1.15487e-03   constant   
  18  zeta_y       0.00000e+00   constant   
  19  zeta_vw      0.00000e+00   constant   
  20  T_CBO        5.31195e+01   3.61669e+01  -9.98999e-03  -2.92164e+00
  21  alpha_A0    -3.35841e-01   9.75008e-01  -6.05508e-02   8.01949e-02
  22  beta_A0      1.29258e-01   3.78310e-01   2.34886e-02  -5.12205e-01
  23  alpha_phi   -1.45326e-02   4.42268e-02  -2.74215e-03   2.32528e-01
  24  beta_phi    -1.61070e-01   4.69505e-01  -2.91610e-02   3.86982e-01
 CALL LIMIT EXCEEDED IN MIGRAD.
 MIGRAD TERMINATED WITHOUT CONVERGENCE.
 FCN=50.2511 FROM MIGRAD    STATUS=CALL LIMIT   1920 CALLS        4670 TOTAL
                     EDM=0.00304088    STRATEGY= 1  ERROR MATRIX UNCERTAINTY  10.3 per cent
  EXT PARAMETER                APPROXIMATE        STEP         FIRST   
  NO.   NAME      VALUE            ERROR          SIZE      DERIVATIVE 
   1  N0           3.17603e+06   1.06315e+03  -3.00631e+01  -1.73576e-05
   2  tau          6.44362e+01   constant   
   3  A0           3.65194e-01   4.53026e-04  -1.40210e-05  -4.99827e+01
   4  phi          4.11848e+00   1.25476e-03   5.89556e-06  -2.15673e+00
   5  R           -6.08502e+01   constant   
   6  alpha_CBO   -5.19873e-04   4.77554e-04   1.06679e-05  -1.02392e+01
   7  w_CBO        2.32500e+00   constant   
   8  beta_CBO     3.35767e-03   4.80639e-04   5.80255e-06   4.68275e+01
   9  alpha_2CBO  -5.65214e-04   4.69498e-04   1.95446e-05   9.53493e+01
  10  beta_2CBO    3.22492e-04     fixed    
  11  alpha_y      0.00000e+00     fixed    
  12  w_y          1.44500e+01   constant   
  13  beta_y       5.12158e-04     fixed    
  14  alpha_vw     0.00000e+00     fixed    
  15  w_vw         1.29000e+01   constant   
  16  beta_vw      0.00000e+00     fixed    
  17  LM           1.15487e-03   constant   
  18  zeta_y       0.00000e+00   constant   
  19  zeta_vw      0.00000e+00   constant   
  20  T_CBO        1.90186e+01   4.14770e+00  -1.06686e-03  -1.74855e+01
  21  alpha_A0    -3.29396e+03   8.06533e+03  -3.29081e+02   4.97631e-05
  22  beta_A0      1.57907e+03   3.86838e+03   1.57841e+02  -4.52861e-05
  23  alpha_phi   -1.29073e+02   3.19589e+02  -1.30433e+01   3.93093e-05
  24  beta_phi    -1.18421e+03   2.89825e+03  -1.18254e+02  -1.84403e-05
 EXTERNAL ERROR MATRIX.    NDIM=  25    NPAR= 11    ERR DEF=1
  1.130e+06 
  1.595e-02  2.052e-07 
  2.120e-01 -3.046e-09  1.574e-06 
 -1.589e-02 -4.713e-08 -2.209e-08  2.281e-07 
  3.191e-02  8.807e-09 -1.103e-07  1.016e-10  2.310e-07 
 -2.614e-02 -2.932e-09  2.914e-08 -1.219e-08 -2.046e-08  2.204e-07 
 -3.350e+01  3.817e-06  4.131e-05 -4.022e-05  1.045e-05  4.583e-05  1.721e+01 
  3.380e+05  1.532e-01  2.630e-01 -8.245e-02 -1.036e-01 -2.231e-01  3.276e+04  6.505e+07 
 -1.621e+05 -7.346e-02 -1.261e-01  3.955e-02  4.970e-02  1.070e-01 -1.571e+04 -3.120e+07  1.496e+07 
  1.334e+04  6.094e-03  1.036e-02 -3.274e-03 -4.104e-03 -8.875e-03  1.298e+03  2.578e+06 -1.236e+06  1.021e+05 
  1.214e+05  5.505e-02  9.448e-02 -2.962e-02 -3.722e-02 -8.018e-02  1.177e+04  2.338e+07 -1.121e+07  9.262e+05  8.400e+06 
ERR MATRIX APPROXIMATE
 PARAMETER  CORRELATION COEFFICIENTS  
       NO.  GLOBAL      1      3      4      6      8      9     20     21     22     23     24
        1  0.38744   1.000  0.033  0.159 -0.031  0.062 -0.052 -0.008  0.039 -0.039  0.039  0.039
        3  0.34038   0.033  1.000 -0.005 -0.218  0.040 -0.014  0.002  0.042 -0.042  0.042  0.042
        4  0.28583   0.159 -0.005  1.000 -0.037 -0.183  0.049  0.008  0.026 -0.026  0.026  0.026
        6  0.23774  -0.031 -0.218 -0.037  1.000  0.000 -0.054 -0.020 -0.021  0.021 -0.021 -0.021
        8  0.32708   0.062  0.040 -0.183  0.000  1.000 -0.091  0.005 -0.027  0.027 -0.027 -0.027
        9  0.46720  -0.052 -0.014  0.049 -0.054 -0.091  1.000  0.024 -0.059  0.059 -0.059 -0.059
       20  0.98607  -0.008  0.002  0.008 -0.020  0.005  0.024  1.000  0.979 -0.979  0.979  0.979
       21  1.00000   0.039  0.042  0.026 -0.021 -0.027 -0.059  0.979  1.000 -1.000  1.000  1.000
       22  1.00000  -0.039 -0.042 -0.026  0.021  0.027  0.059 -0.979 -1.000  1.000 -1.000 -1.000
       23  1.00000   0.039  0.042  0.026 -0.021 -0.027 -0.059  0.979  1.000 -1.000  1.000  1.000
       24  1.00000   0.039  0.042  0.026 -0.021 -0.027 -0.059  0.979  1.000 -1.000  1.000  1.000
 ERR MATRIX APPROXIMATE
MINUIT - FIT ONLY 1-y
 **********
 **   51 **RES 
 **********
                   PARAMETER   16  beta_vw RESTORED TO VARIABLE.
                   PARAMETER   14  alpha_vw RESTORED TO VARIABLE.
                   PARAMETER   13  beta_y RESTORED TO VARIABLE.
                   PARAMETER   11  alpha_y RESTORED TO VARIABLE.
                   PARAMETER   10  beta_2CBO RESTORED TO VARIABLE.
 **********
 **   52 **FIX            0
 **********
 PARAMETER    0  IS UNDEFINED. IGNORED.
 **********
 **   53 **FIX            1
 **********
 **********
 **   54 **FIX            2
 **********
 PARAMETER    2  IS CONSTANT.   IGNORED.
 **********
 **   55 **FIX            3
 **********
 **********
 **   56 **FIX            4
 **********
 **********
 **   57 **FIX            5
 **********
 PARAMETER    5  IS CONSTANT.   IGNORED.
 **********
 **   58 **FIX            6
 **********
 **********
 **   59 **FIX            7
 **********
 PARAMETER    7  IS CONSTANT.   IGNORED.
 **********
 **   60 **FIX            8
 **********
 **********
 **   61 **FIX            9
 **********
 **********
 **   62 **FIX           13
 **********
 **********
 **   63 **FIX           14
 **********
 **********
 **   64 **FIX           15
 **********
 PARAMETER   15  IS CONSTANT.   IGNORED.
 **********
 **   65 **FIX           16
 **********
 **********
 **   66 **MIGRAD
 **********
 START MIGRAD MINIMIZATION.  STRATEGY  1.  CONVERGENCE WHEN EDM .LT. 1.00e-04
 FCN=50.2511 FROM MIGRAD    STATUS=INITIATE       16 CALLS        4686 TOTAL
                     EDM= unknown      STRATEGY= 1      NO ERROR MATRIX       
  EXT PARAMETER               CURRENT GUESS       STEP         FIRST   
  NO.   NAME      VALUE            ERROR          SIZE      DERIVATIVE 
   1  N0           3.17603e+06     fixed    
   2  tau          6.44362e+01   constant   
   3  A0           3.65194e-01     fixed    
   4  phi          4.11848e+00     fixed    
   5  R           -6.08502e+01   constant   
   6  alpha_CBO   -5.19873e-04     fixed    
   7  w_CBO        2.32500e+00   constant   
   8  beta_CBO     3.35767e-03     fixed    
   9  alpha_2CBO  -5.65214e-04     fixed    
  10  beta_2CBO    3.22492e-04   4.61984e-04   4.61984e-04   8.74296e+02
  11  alpha_y      0.00000e+00   1.00000e-03   1.00000e-03  -6.34470e+03
  12  w_y          1.44500e+01   constant   
  13  beta_y       5.12158e-04     fixed    
  14  alpha_vw     0.00000e+00     fixed    
  15  w_vw         1.29000e+01   constant   
  16  beta_vw      0.00000e+00     fixed    
  17  LM           1.15487e-03   constant   
  18  zeta_y       0.00000e+00   constant   
  19  zeta_vw      0.00000e+00   constant   
  20  T_CBO        1.90186e+01   4.14770e+00  -1.06686e-03  -1.74855e+01
  21  alpha_A0    -3.29396e+03   8.06533e+03  -3.29081e+02   4.97631e-05
  22  beta_A0      1.57907e+03   3.86838e+03   1.57841e+02  -4.52861e-05
  23  alpha_phi   -1.29073e+02   3.19589e+02  -1.30433e+01   3.93093e-05
  24  beta_phi    -1.18421e+03   2.89825e+03  -1.18254e+02  -1.84403e-05
 CALL LIMIT EXCEEDED IN MIGRAD.
 MIGRAD TERMINATED WITHOUT CONVERGENCE.
 FCN=47.6817 FROM MIGRAD    STATUS=CALL LIMIT   1150 CALLS        5820 TOTAL
                     EDM=0.00622586    STRATEGY= 1  ERROR MATRIX UNCERTAINTY  16.7 per cent
  EXT PARAMETER                APPROXIMATE        STEP         FIRST   
  NO.   NAME      VALUE            ERROR          SIZE      DERIVATIVE 
   1  N0           3.17603e+06     fixed    
   2  tau          6.44362e+01   constant   
   3  A0           3.65194e-01     fixed    
   4  phi          4.11848e+00     fixed    
   5  R           -6.08502e+01   constant   
   6  alpha_CBO   -5.19873e-04     fixed    
   7  w_CBO        2.32500e+00   constant   
   8  beta_CBO     3.35767e-03     fixed    
   9  alpha_2CBO  -5.65214e-04     fixed    
  10  beta_2CBO    2.33895e-04   4.49422e-04   1.27798e-06   6.21224e+01
  11  alpha_y      6.49127e-04   4.37365e-04  -2.54050e-06  -7.92335e+01
  12  w_y          1.44500e+01   constant   
  13  beta_y       5.12158e-04     fixed    
  14  alpha_vw     0.00000e+00     fixed    
  15  w_vw         1.29000e+01   constant   
  16  beta_vw      0.00000e+00     fixed    
  17  LM           1.15487e-03   constant   
  18  zeta_y       0.00000e+00   constant   
  19  zeta_vw      0.00000e+00   constant   
  20  T_CBO        1.15776e+01   1.43075e+00  -6.37242e-04  -4.56147e+01
  21  alpha_A0    -2.79991e+07   6.95557e+07  -3.19940e+06   5.81952e-09
  22  beta_A0      1.52476e+07   3.78756e+07   1.74219e+06  -6.55172e-09
  23  alpha_phi   -2.27839e+06   5.67546e+06  -2.61054e+05   7.00824e-09
  24  beta_phi    -7.24322e+06   1.79964e+07  -8.27792e+05  -2.59254e-09
 EXTERNAL ERROR MATRIX.    NDIM=  25    NPAR=  7    ERR DEF=1
  2.020e-07  8.835e-09 -2.034e-05 -2.161e+03  1.177e+03 -1.764e+02 -5.594e+02 
  8.835e-09  1.913e-07  6.450e-05  4.420e+03 -2.407e+03  3.607e+02  1.144e+03 
 -2.034e-05  6.450e-05  2.047e+00  9.866e+07 -5.372e+07  8.050e+06  2.553e+07 
 -2.161e+03  4.420e+03  9.866e+07  4.838e+15 -2.634e+15  3.948e+14  1.252e+15 
  1.177e+03 -2.407e+03 -5.372e+07 -2.634e+15  1.435e+15 -2.150e+14 -6.816e+14 
 -1.764e+02  3.607e+02  8.050e+06  3.948e+14 -2.150e+14  3.221e+13  1.021e+14 
 -5.594e+02  1.144e+03  2.553e+07  1.252e+15 -6.816e+14  1.021e+14  3.239e+14 
ERR MATRIX APPROXIMATE
 PARAMETER  CORRELATION COEFFICIENTS  
       NO.  GLOBAL     10     11     20     21     22     23     24
       10  0.35815   1.000  0.045 -0.032 -0.069  0.069 -0.069 -0.069
       11  0.37625   0.045  1.000  0.103  0.145 -0.145  0.145  0.145
       20  0.99310  -0.032  0.103  1.000  0.991 -0.991  0.991  0.991
       21  1.00000  -0.069  0.145  0.991  1.000 -1.000  1.000  1.000
       22  1.00000   0.069 -0.145 -0.991 -1.000  1.000 -1.000 -1.000
       23  1.00000  -0.069  0.145  0.991  1.000 -1.000  1.000  1.000
       24  1.00000  -0.069  0.145  0.991  1.000 -1.000  1.000  1.000
 ERR MATRIX APPROXIMATE
MINUIT - FIT ONLY 2-y
 **********
 **   67 **RES 
 **********
                   PARAMETER   16  beta_vw RESTORED TO VARIABLE.
                   PARAMETER   14  alpha_vw RESTORED TO VARIABLE.
                   PARAMETER   13  beta_y RESTORED TO VARIABLE.
                   PARAMETER    9  alpha_2CBO RESTORED TO VARIABLE.
                   PARAMETER    8  beta_CBO RESTORED TO VARIABLE.
                   PARAMETER    6  alpha_CBO RESTORED TO VARIABLE.
                   PARAMETER    4  phi RESTORED TO VARIABLE.
                   PARAMETER    3  A0 RESTORED TO VARIABLE.
                   PARAMETER    1  N0 RESTORED TO VARIABLE.
 **********
 **   68 **FIX            0
 **********
 PARAMETER    0  IS UNDEFINED. IGNORED.
 **********
 **   69 **FIX            1
 **********
 **********
 **   70 **FIX            2
 **********
 PARAMETER    2  IS CONSTANT.   IGNORED.
 **********
 **   71 **FIX            3
 **********
 **********
 **   72 **FIX            4
 **********
 **********
 **   73 **FIX            5
 **********
 PARAMETER    5  IS CONSTANT.   IGNORED.
 **********
 **   74 **FIX            6
 **********
 **********
 **   75 **FIX            7
 **********
 PARAMETER    7  IS CONSTANT.   IGNORED.
 **********
 **   76 **FIX            8
 **********
 **********
 **   77 **FIX            9
 **********
 **********
 **   78 **FIX           10
 **********
 **********
 **   79 **FIX           11
 **********
 **********
 **   80 **FIX           12
 **********
 PARAMETER   12  IS CONSTANT.   IGNORED.
 **********
 **   81 **FIX           16
 **********
 **********
 **   82 **MIGRAD
 **********
 START MIGRAD MINIMIZATION.  STRATEGY  1.  CONVERGENCE WHEN EDM .LT. 1.00e-04
 FCN=47.6815 FROM MIGRAD    STATUS=INITIATE       37 CALLS        5857 TOTAL
                     EDM= unknown      STRATEGY= 1      NO ERROR MATRIX       
  EXT PARAMETER               CURRENT GUESS       STEP         FIRST   
  NO.   NAME      VALUE            ERROR          SIZE      DERIVATIVE 
   1  N0           3.17603e+06     fixed    
   2  tau          6.44362e+01   constant   
   3  A0           3.65194e-01     fixed    
   4  phi          4.11848e+00     fixed    
   5  R           -6.08502e+01   constant   
   6  alpha_CBO   -5.19873e-04     fixed    
   7  w_CBO        2.32500e+00   constant   
   8  beta_CBO     3.35767e-03     fixed    
   9  alpha_2CBO  -5.65214e-04     fixed    
  10  beta_2CBO    2.33895e-04     fixed    
  11  alpha_y      6.49127e-04     fixed    
  12  w_y          1.44500e+01   constant   
  13  beta_y       5.12158e-04   4.53629e-04   0.00000e+00   7.22615e+02
  14  alpha_vw     0.00000e+00   1.00000e-03   0.00000e+00   3.88549e+03
  15  w_vw         1.29000e+01   constant   
  16  beta_vw      0.00000e+00     fixed    
  17  LM           1.15487e-03   constant   
  18  zeta_y       0.00000e+00   constant   
  19  zeta_vw      0.00000e+00   constant   
  20  T_CBO        1.15776e+01   1.43075e+00   0.00000e+00  -4.54671e+01
  21  alpha_A0    -2.79991e+07   6.95557e+07   0.00000e+00   5.80231e-09
  22  beta_A0      1.52476e+07   3.78756e+07   0.00000e+00  -6.53945e-09
  23  alpha_phi   -2.29813e+06   5.67546e+06  -1.97346e+04   6.89896e-09
  24  beta_phi    -7.24322e+06   1.79964e+07   0.00000e+00  -2.57908e-09
 CALL LIMIT EXCEEDED IN MIGRAD.
 MIGRAD TERMINATED WITHOUT CONVERGENCE.
 FCN=46.5243 FROM MIGRAD    STATUS=CALL LIMIT   1161 CALLS        6981 TOTAL
                     EDM=0.00309831    STRATEGY= 1  ERROR MATRIX UNCERTAINTY  12.6 per cent
  EXT PARAMETER                APPROXIMATE        STEP         FIRST   
  NO.   NAME      VALUE            ERROR          SIZE      DERIVATIVE 
   1  N0           3.17603e+06     fixed    
   2  tau          6.44362e+01   constant   
   3  A0           3.65194e-01     fixed    
   4  phi          4.11848e+00     fixed    
   5  R           -6.08502e+01   constant   
   6  alpha_CBO   -5.19873e-04     fixed    
   7  w_CBO        2.32500e+00   constant   
   8  beta_CBO     3.35767e-03     fixed    
   9  alpha_2CBO  -5.65214e-04     fixed    
  10  beta_2CBO    2.33895e-04     fixed    
  11  alpha_y      6.49127e-04     fixed    
  12  w_y          1.44500e+01   constant   
  13  beta_y       5.26048e-04   4.75396e-04   3.02441e-07   2.30748e+01
  14  alpha_vw    -4.09958e-04   4.79298e-04   5.92208e-07   2.80734e+01
  15  w_vw         1.29000e+01   constant   
  16  beta_vw      0.00000e+00     fixed    
