 + ++++++++++++++++++++++++++++++++++++++++++++++++++++++++++++++++++++ +
 +                                                                      +
 +           You have chose to blind your fitting according to          +
 +                omega_ref * (1 + (R +/- deltaR) *10^{-6})             +
 +                                                                      +
 + ++++++++++++++++++++++++++++++++++++++++++++++++++++++++++++++++++++ +
In main()...
reading format from /gm2data/zkhechad/run45/envelope/formats/formatB_sBin_constraintOn.txt
pBinTau 	= 0  
pBinPhi 	= 0  
constraintau 	= 1 
includeMopTerm 	= 0    
constrainMop    = 0   
Parameters after format file: pBinTau 0 pBinPhi 0 constraintau 1 includeMopTerm 0 constrainMop 0 c_e_scale 0.000000 
Opening file /gm2data/tbarrett/gm2fr/studies/run23_bunch_corrections/CorrectedFourier_Run3b.root.
reading full fit data from /gm2data/zkhechad/cboTemplates/Run4CBOTemplates/fullFits/noRF/sBin_constraintOn_cE0.0_seed0_noRF_calo23.root
windowBins = 69
fitting sliding window 1610 from bin 1746 at 260.354000 to bin 1815 at 270.798000 (69 bins)

Reading data from /gm2data/cornell/histograms/aMethod/histogram_a_noRF.root
 **********
 **    1 **SET PRINTOUT            1
 **********
 **********
 **    2 **SET NOWARNINGS 
 **********
 PARAMETER DEFINITIONS:
    NO.   NAME         VALUE      STEP SIZE      LIMITS
     1 N0           3.09539e+06  1.00000e+02     no limits
     2 tau          6.44044e+01  constant
     3 A0           3.43396e-01  1.00000e-04     no limits
     4 phi          4.11986e+00  1.00000e-02     no limits
     5 R           -6.14483e+01  constant
     6 alpha_CBO    0.00000e+00  1.00000e-03     no limits
     7 w_CBO        2.32500e+00  constant
     8 beta_CBO     0.00000e+00  1.00000e-03     no limits
     9 alpha_2CBO   0.00000e+00  1.00000e-03     no limits
    10 beta_2CBO    0.00000e+00  1.00000e-03     no limits
    11 alpha_y      0.00000e+00  1.00000e-03     no limits
    12 w_y          1.38860e+01  constant
    13 beta_y       0.00000e+00  1.00000e-03     no limits
    14 alpha_vw     0.00000e+00  1.00000e-03     no limits
    15 w_vw         1.43404e+01  constant
    16 beta_vw      0.00000e+00  1.00000e-03     no limits
    17 LM          -5.33935e-06  constant
    18 zeta_y       0.00000e+00  constant
    19 zeta_vw      0.00000e+00  constant
    20 T_CBO        1.00000e+02  1.00000e+00    0.00000e+00  1.00000e+03
    21 alpha_A0     0.00000e+00  1.00000e-04   -1.00000e-02  1.00000e-02
    22 beta_A0      0.00000e+00  1.00000e-04   -1.00000e-02  1.00000e-02
    23 alpha_phi    0.00000e+00  1.00000e-04   -1.00000e-02  1.00000e-02
    24 beta_phi     0.00000e+00  1.00000e-04   -1.00000e-02  1.00000e-02
MINUIT - FIT ONLY WIGGLE
 **********
 **    3 **FIX            5
 **********
 PARAMETER    5  IS CONSTANT.   IGNORED.
 **********
 **    4 **FIX            6
 **********
 **********
 **    5 **FIX            7
 **********
 PARAMETER    7  IS CONSTANT.   IGNORED.
 **********
 **    6 **FIX            8
 **********
 **********
 **    7 **FIX            9
 **********
 **********
 **    8 **FIX           10
 **********
 **********
 **    9 **FIX           11
 **********
 **********
 **   10 **FIX           12
 **********
 PARAMETER   12  IS CONSTANT.   IGNORED.
 **********
 **   11 **FIX           13
 **********
 **********
 **   12 **FIX           14
 **********
 **********
 **   13 **FIX           15
 **********
 PARAMETER   15  IS CONSTANT.   IGNORED.
 **********
 **   14 **FIX           16
 **********
 **********
 **   15 **MIGRAD
 **********
 FIRST CALL TO USER FUNCTION AT NEW START POINT, WITH IFLAG=4.
 START MIGRAD MINIMIZATION.  STRATEGY  1.  CONVERGENCE WHEN EDM .LT. 1.00e-04
 FCN=108.891 FROM MIGRAD    STATUS=INITIATE      437 CALLS         438 TOTAL
                     EDM= unknown      STRATEGY= 1      NO ERROR MATRIX       
  EXT PARAMETER               CURRENT GUESS       STEP         FIRST   
  NO.   NAME      VALUE            ERROR          SIZE      DERIVATIVE 
   1  N0           3.09539e+06   1.00000e+02   0.00000e+00   2.01947e-03
   2  tau          6.44044e+01   constant   
   3  A0           3.43396e-01   1.00000e-04   0.00000e+00  -3.18533e+03
   4  phi          4.11986e+00   1.00000e-02   0.00000e+00   3.32619e+03
   5  R           -6.14483e+01   constant   
   6  alpha_CBO    0.00000e+00     fixed    
   7  w_CBO        2.32500e+00   constant   
   8  beta_CBO     0.00000e+00     fixed    
   9  alpha_2CBO   0.00000e+00     fixed    
  10  beta_2CBO    0.00000e+00     fixed    
  11  alpha_y      0.00000e+00     fixed    
  12  w_y          1.38860e+01   constant   
  13  beta_y       0.00000e+00     fixed    
  14  alpha_vw     0.00000e+00     fixed    
  15  w_vw         1.43404e+01   constant   
  16  beta_vw      0.00000e+00     fixed    
  17  LM          -5.33935e-06   constant   
  18  zeta_y       0.00000e+00   constant   
  19  zeta_vw      0.00000e+00   constant   
  20  T_CBO        1.00000e+02   1.00000e+00   0.00000e+00   0.00000e+00
  21  alpha_A0     0.00000e+00   1.00000e-04   0.00000e+00   2.16236e-01
  22  beta_A0      0.00000e+00   1.00000e-04   0.00000e+00  -1.33647e+00
  23  alpha_phi    0.00000e+00   1.00000e-04   0.00000e+00   8.34730e-02
  24  beta_phi     0.00000e+00   1.00000e-04   0.00000e+00  -5.01342e-01
 MIGRAD MINIMIZATION HAS CONVERGED.
 FCN=99.9376 FROM MIGRAD    STATUS=CONVERGED     666 CALLS         667 TOTAL
                     EDM=4.50351e-06    STRATEGY= 1  ERROR MATRIX UNCERTAINTY   2.8 per cent
  EXT PARAMETER                                   STEP         FIRST   
  NO.   NAME      VALUE            ERROR          SIZE      DERIVATIVE 
   1  N0           3.09501e+06   1.05116e+03  -6.62800e-01  -7.97630e-07
   2  tau          6.44044e+01   constant   
   3  A0           3.43686e-01   4.52544e-04   1.68982e-06   2.94751e+00
   4  phi          4.11701e+00   1.34789e-03   5.46313e-06   1.22936e-01
   5  R           -6.14483e+01   constant   
   6  alpha_CBO    0.00000e+00     fixed    
   7  w_CBO        2.32500e+00   constant   
   8  beta_CBO     0.00000e+00     fixed    
   9  alpha_2CBO   0.00000e+00     fixed    
  10  beta_2CBO    0.00000e+00     fixed    
  11  alpha_y      0.00000e+00     fixed    
  12  w_y          1.38860e+01   constant   
  13  beta_y       0.00000e+00     fixed    
  14  alpha_vw     0.00000e+00     fixed    
  15  w_vw         1.43404e+01   constant   
  16  beta_vw      0.00000e+00     fixed    
  17  LM          -5.33935e-06   constant   
  18  zeta_y       0.00000e+00   constant   
  19  zeta_vw      0.00000e+00   constant   
  20  T_CBO        2.41529e+02   1.06234e+02   6.55615e-04  -1.30138e-02
  21  alpha_A0    -1.18745e-03   5.30816e-03  -1.31737e-03   2.45275e-03
  22  beta_A0      8.79182e-03   3.28581e-03  -1.34825e-03  -4.67351e-03
  23  alpha_phi   -1.32393e-03   5.64807e-03  -1.28954e-03   1.43684e-03
  24  beta_phi     4.40772e-03   5.54830e-03  -1.60763e-03  -6.37670e-04
 EXTERNAL ERROR MATRIX.    NDIM=  25    NPAR=  8    ERR DEF=1
  1.105e+06 -2.914e-02 -1.967e-01  5.761e+03 -5.327e-01 -8.866e-01  1.537e+00  3.959e-01 
 -2.914e-02  2.048e-07 -2.898e-08  1.941e-03  1.198e-08  4.623e-07 -4.678e-07  1.660e-07 
 -1.967e-01 -2.898e-08  1.817e-06  3.660e-03  3.647e-07  1.408e-07  4.867e-09 -1.246e-06 
  5.761e+03  1.941e-03  3.660e-03  1.153e+04  1.636e-01 -3.624e-02  1.345e-01 -2.807e-01 
 -5.327e-01  1.198e-08  3.647e-07  1.636e-01  3.136e-05  4.264e-06 -6.220e-07 -2.137e-06 
 -8.866e-01  4.623e-07  1.408e-07 -3.624e-02  4.264e-06  1.315e-05 -1.431e-06 -1.259e-07 
  1.537e+00 -4.678e-07  4.867e-09  1.345e-01 -6.220e-07 -1.431e-06  3.611e-05 -3.148e-06 
  3.959e-01  1.660e-07 -1.246e-06 -2.807e-01 -2.137e-06 -1.259e-07 -3.148e-06  3.577e-05 
 PARAMETER  CORRELATION COEFFICIENTS  
       NO.  GLOBAL      1      3      4     20     21     22     23     24
        1  0.36088   1.000 -0.061 -0.139  0.051 -0.090 -0.233  0.243  0.063
        3  0.36831  -0.061  1.000 -0.048  0.040  0.005  0.282 -0.172  0.061
        4  0.21395  -0.139 -0.048  1.000  0.025  0.048  0.029  0.001 -0.155
       20  0.56880   0.051  0.040  0.025  1.000  0.272 -0.093  0.208 -0.437
       21  0.39048  -0.090  0.005  0.048  0.272  1.000  0.210 -0.018 -0.064
       22  0.44190  -0.233  0.282  0.029 -0.093  0.210  1.000 -0.066 -0.006
       23  0.36602   0.243 -0.172  0.001  0.208 -0.018 -0.066  1.000 -0.088
       24  0.48192   0.063  0.061 -0.155 -0.437 -0.064 -0.006 -0.088  1.000
MINUIT - FIT ONLY 1-CBO + wiggle
 **********
 **   16 **RES 
 **********
                   PARAMETER   16  beta_vw RESTORED TO VARIABLE.
                   PARAMETER   14  alpha_vw RESTORED TO VARIABLE.
                   PARAMETER   13  beta_y RESTORED TO VARIABLE.
                   PARAMETER   11  alpha_y RESTORED TO VARIABLE.
                   PARAMETER   10  beta_2CBO RESTORED TO VARIABLE.
                   PARAMETER    9  alpha_2CBO RESTORED TO VARIABLE.
                   PARAMETER    8  beta_CBO RESTORED TO VARIABLE.
                   PARAMETER    6  alpha_CBO RESTORED TO VARIABLE.
 **********
 **   17 **FIX            8
 **********
 **********
 **   18 **FIX            9
 **********
 **********
 **   19 **FIX           11
 **********
 **********
 **   20 **FIX           12
 **********
 PARAMETER   12  IS CONSTANT.   IGNORED.
 **********
 **   21 **FIX           14
 **********
 **********
 **   22 **FIX           15
 **********
 PARAMETER   15  IS CONSTANT.   IGNORED.
 **********
 **   23 **FIX           16
 **********
 **********
 **   24 **MIGRAD
 **********
 START MIGRAD MINIMIZATION.  STRATEGY  1.  CONVERGENCE WHEN EDM .LT. 1.00e-04
 FCN=99.9376 FROM MIGRAD    STATUS=INITIATE       28 CALLS         695 TOTAL
                     EDM= unknown      STRATEGY= 1      NO ERROR MATRIX       
  EXT PARAMETER               CURRENT GUESS       STEP         FIRST   
  NO.   NAME      VALUE            ERROR          SIZE      DERIVATIVE 
   1  N0           3.09501e+06   1.05116e+03  -6.62800e-01  -7.97630e-07
   2  tau          6.44044e+01   constant   
   3  A0           3.43686e-01   4.52544e-04   1.68982e-06   2.94751e+00
   4  phi          4.11701e+00   1.34789e-03   5.46313e-06   1.22936e-01
   5  R           -6.14483e+01   constant   
   6  alpha_CBO    0.00000e+00   1.00000e-03   1.00000e-03   2.72135e+04
   7  w_CBO        2.32500e+00   constant   
   8  beta_CBO     0.00000e+00     fixed    
   9  alpha_2CBO   0.00000e+00     fixed    
  10  beta_2CBO    0.00000e+00   1.00000e-03   1.00000e-03  -5.81795e+03
  11  alpha_y      0.00000e+00     fixed    
  12  w_y          1.38860e+01   constant   
  13  beta_y       0.00000e+00   1.00000e-03   1.00000e-03   5.74370e+03
  14  alpha_vw     0.00000e+00     fixed    
  15  w_vw         1.43404e+01   constant   
  16  beta_vw      0.00000e+00     fixed    
  17  LM          -5.33935e-06   constant   
  18  zeta_y       0.00000e+00   constant   
  19  zeta_vw      0.00000e+00   constant   
  20  T_CBO        2.41529e+02   1.06234e+02   6.55615e-04  -1.30139e-02
  21  alpha_A0    -1.18745e-03   5.30816e-03  -1.31737e-03   2.45277e-03
  22  beta_A0      8.79182e-03   3.28581e-03  -1.34825e-03   4.67304e-03
  23  alpha_phi   -1.32393e-03   5.64807e-03  -1.28954e-03   1.43683e-03
  24  beta_phi     4.40772e-03   5.54830e-03  -1.60763e-03  -6.37617e-04
 MIGRAD MINIMIZATION HAS CONVERGED.
 FCN=56.2262 FROM MIGRAD    STATUS=CONVERGED     296 CALLS         963 TOTAL
                     EDM=4.84261e-06    STRATEGY= 1  ERROR MATRIX UNCERTAINTY   1.7 per cent
  EXT PARAMETER                                   STEP         FIRST   
  NO.   NAME      VALUE            ERROR          SIZE      DERIVATIVE 
   1  N0           3.09461e+06   1.02455e+03  -6.85035e-01  -5.62308e-07
   2  tau          6.44044e+01   constant   
   3  A0           3.43025e-01   4.60312e-04   5.91090e-07  -1.39988e-01
   4  phi          4.11806e+00   1.33706e-03   1.73255e-06   4.76342e-01
   5  R           -6.14483e+01   constant   
   6  alpha_CBO   -2.97305e-03   4.71413e-04  -4.04847e-07   1.67990e+00
   7  w_CBO        2.32500e+00   constant   
   8  beta_CBO     0.00000e+00     fixed    
   9  alpha_2CBO   0.00000e+00     fixed    
  10  beta_2CBO    5.26350e-04   4.65198e-04  -4.40994e-07   1.92956e-01
  11  alpha_y      0.00000e+00     fixed    
  12  w_y          1.38860e+01   constant   
  13  beta_y      -6.02543e-04   4.60157e-04   2.74119e-07  -8.21877e-01
  14  alpha_vw     0.00000e+00     fixed    
  15  w_vw         1.43404e+01   constant   
  16  beta_vw      0.00000e+00     fixed    
  17  LM          -5.33935e-06   constant   
  18  zeta_y       0.00000e+00   constant   
  19  zeta_vw      0.00000e+00   constant   
  20  T_CBO        2.39567e+02   1.32036e+02  -7.28737e-04  -1.27658e-02
  21  alpha_A0     5.53979e-03   5.86901e-03   7.65109e-04   1.18170e-03
  22  beta_A0      9.99964e-03   1.03499e-02   2.86836e-02  -3.78634e-04
  23  alpha_phi    1.21741e-03   5.38426e-03  -1.82064e-04  -6.90436e-04
  24  beta_phi     3.33194e-03   5.68852e-03   8.26119e-04  -7.23018e-04
 EXTERNAL ERROR MATRIX.    NDIM=  25    NPAR= 11    ERR DEF=1
  1.050e+06 
  4.068e-03  2.119e-07 
 -1.729e-01 -5.005e-08  1.788e-06 
  2.374e-02  4.865e-08 -8.407e-08  2.222e-07 
 -5.217e-03  9.230e-09 -2.444e-08  8.769e-09  2.164e-07 
  1.365e-02 -1.159e-10  5.749e-09 -3.014e-09 -3.270e-09  2.117e-07 
  1.730e+04 -3.621e-03  1.656e-02 -6.568e-03 -9.211e-03  3.432e-03  1.802e+04 
 -9.700e-01  4.089e-08 -2.443e-07 -2.213e-07  4.766e-07 -9.396e-08 -4.726e-01  4.242e-05 
 -4.625e-02  1.177e-08  3.067e-08 -1.461e-09 -3.290e-09  2.131e-09 -2.981e-02  8.368e-07  3.216e-07 
  9.452e-01 -2.932e-07  1.548e-07 -1.432e-07  5.461e-08 -2.559e-08 -5.568e-02  2.798e-06 -6.840e-08  3.239e-05 
  2.417e-01  3.245e-07 -1.265e-06  2.578e-07  5.803e-07 -1.756e-08 -3.054e-01  8.282e-06  4.309e-07 -5.691e-08  3.729e-05 
 PARAMETER  CORRELATION COEFFICIENTS  
       NO.  GLOBAL      1      3      4      6     10     13     20     21     22     23     24
        1  0.28936   1.000  0.009 -0.126  0.049 -0.011  0.029  0.126 -0.145 -0.080  0.162  0.039
        3  0.26970   0.009  1.000 -0.081  0.224  0.043 -0.001 -0.059  0.014  0.045 -0.112  0.115
        4  0.24921  -0.126 -0.081  1.000 -0.133 -0.039  0.009  0.092 -0.028  0.040  0.020 -0.155
        6  0.31035   0.049  0.224 -0.133  1.000  0.040 -0.014 -0.104 -0.072 -0.005 -0.053  0.090
       10  0.25013  -0.011  0.043 -0.039  0.040  1.000 -0.015 -0.148  0.157 -0.012  0.021  0.204
       13  0.07153   0.029 -0.001  0.009 -0.014 -0.015  1.000  0.056 -0.031  0.008 -0.010 -0.006
       20  0.67325   0.126 -0.059  0.092 -0.104 -0.148  0.056  1.000 -0.541 -0.392 -0.073 -0.373
       21  0.56797  -0.145  0.014 -0.028 -0.072  0.157 -0.031 -0.541  1.000  0.227  0.075  0.208
       22  0.41296  -0.080  0.045  0.040 -0.005 -0.012  0.008 -0.392  0.227  1.000 -0.021  0.124
       23  0.24385   0.162 -0.112  0.020 -0.053  0.021 -0.010 -0.073  0.075 -0.021  1.000 -0.002
       24  0.43348   0.039  0.115 -0.155  0.090  0.204 -0.006 -0.373  0.208  0.124 -0.002  1.000
MINUIT - FIT ONLY 2-CBO
 **********
 **   25 **RES 
 **********
                   PARAMETER   16  beta_vw RESTORED TO VARIABLE.
                   PARAMETER   14  alpha_vw RESTORED TO VARIABLE.
                   PARAMETER   11  alpha_y RESTORED TO VARIABLE.
                   PARAMETER    9  alpha_2CBO RESTORED TO VARIABLE.
                   PARAMETER    8  beta_CBO RESTORED TO VARIABLE.
 **********
 **   26 **FIX            0
 **********
 PARAMETER    0  IS UNDEFINED. IGNORED.
 **********
 **   27 **FIX            1
 **********
 **********
 **   28 **FIX            2
 **********
 PARAMETER    2  IS CONSTANT.   IGNORED.
 **********
 **   29 **FIX            3
 **********
 **********
 **   30 **FIX            4
 **********
 **********
 **   31 **FIX            5
 **********
 PARAMETER    5  IS CONSTANT.   IGNORED.
 **********
 **   32 **FIX            6
 **********
 **********
 **   33 **FIX            7
 **********
 PARAMETER    7  IS CONSTANT.   IGNORED.
 **********
 **   34 **FIX           10
 **********
 **********
 **   35 **FIX           11
 **********
 **********
 **   36 **FIX           12
 **********
 PARAMETER   12  IS CONSTANT.   IGNORED.
 **********
 **   37 **FIX           13
 **********
 **********
 **   38 **FIX           14
 **********
 **********
 **   39 **FIX           15
 **********
 PARAMETER   15  IS CONSTANT.   IGNORED.
 **********
 **   40 **FIX           16
 **********
 **********
 **   41 **MIGRAD
 **********
 START MIGRAD MINIMIZATION.  STRATEGY  1.  CONVERGENCE WHEN EDM .LT. 1.00e-04
 FCN=56.2262 FROM MIGRAD    STATUS=INITIATE       18 CALLS         981 TOTAL
                     EDM= unknown      STRATEGY= 1      NO ERROR MATRIX       
  EXT PARAMETER               CURRENT GUESS       STEP         FIRST   
  NO.   NAME      VALUE            ERROR          SIZE      DERIVATIVE 
   1  N0           3.09461e+06     fixed    
   2  tau          6.44044e+01   constant   
   3  A0           3.43025e-01     fixed    
   4  phi          4.11806e+00     fixed    
   5  R           -6.14483e+01   constant   
   6  alpha_CBO   -2.97305e-03     fixed    
   7  w_CBO        2.32500e+00   constant   
   8  beta_CBO     0.00000e+00   1.00000e-03   1.00000e-03  -4.24622e+03
   9  alpha_2CBO   0.00000e+00   1.00000e-03   1.00000e-03  -6.38052e+02
  10  beta_2CBO    5.26350e-04     fixed    
  11  alpha_y      0.00000e+00     fixed    
  12  w_y          1.38860e+01   constant   
  13  beta_y      -6.02543e-04     fixed    
  14  alpha_vw     0.00000e+00     fixed    
  15  w_vw         1.43404e+01   constant   
  16  beta_vw      0.00000e+00     fixed    
  17  LM          -5.33935e-06   constant   
  18  zeta_y       0.00000e+00   constant   
  19  zeta_vw      0.00000e+00   constant   
  20  T_CBO        2.39567e+02   1.32036e+02  -7.28737e-04  -1.27658e-02
  21  alpha_A0     5.53979e-03   5.86901e-03   7.65109e-04   1.18169e-03
  22  beta_A0      9.99964e-03   1.03499e-02   2.86836e-02  -3.79892e-04
  23  alpha_phi    1.21741e-03   5.38426e-03  -1.82064e-04  -6.90441e-04
  24  beta_phi     3.33194e-03   5.68852e-03   8.26119e-04  -7.23035e-04
 MIGRAD MINIMIZATION HAS CONVERGED.
 MIGRAD WILL VERIFY CONVERGENCE AND ERROR MATRIX.
 COVARIANCE MATRIX CALCULATED SUCCESSFULLY
 FCN=55.2311 FROM MIGRAD    STATUS=CONVERGED     150 CALLS        1113 TOTAL
                     EDM=4.85881e-07    STRATEGY= 1      ERROR MATRIX ACCURATE 
  EXT PARAMETER                                   STEP         FIRST   
  NO.   NAME      VALUE            ERROR          SIZE      DERIVATIVE 
   1  N0           3.09461e+06     fixed    
   2  tau          6.44044e+01   constant   
   3  A0           3.43025e-01     fixed    
   4  phi          4.11806e+00     fixed    
   5  R           -6.14483e+01   constant   
   6  alpha_CBO   -2.97305e-03     fixed    
   7  w_CBO        2.32500e+00   constant   
   8  beta_CBO     4.63188e-04   4.69675e-04   1.70103e-06   4.94046e-01
   9  alpha_2CBO   3.74455e-05   4.72387e-04   1.67925e-06   2.52939e-01
  10  beta_2CBO    5.26350e-04     fixed    
  11  alpha_y      0.00000e+00     fixed    
  12  w_y          1.38860e+01   constant   
  13  beta_y      -6.02543e-04     fixed    
  14  alpha_vw     0.00000e+00     fixed    
  15  w_vw         1.43404e+01   constant   
  16  beta_vw      0.00000e+00     fixed    
  17  LM          -5.33935e-06   constant   
  18  zeta_y       0.00000e+00   constant   
  19  zeta_vw      0.00000e+00   constant   
  20  T_CBO        2.23470e+02   1.21192e+02   8.26950e-04   1.49975e-03
  21  alpha_A0     5.86380e-03   6.11066e-03   2.61704e-03  -2.11935e-04
  22  beta_A0      9.99998e-03   1.62870e-02   2.71681e-02   5.64213e-05
  23  alpha_phi    1.51478e-03   5.73955e-03   2.22125e-03  -9.34248e-04
  24  beta_phi     3.66309e-03   5.99220e-03   2.31150e-03   3.53581e-04
 EXTERNAL ERROR MATRIX.    NDIM=  25    NPAR=  7    ERR DEF=1
  2.206e-07 -1.582e-08 -6.498e-03  1.733e-07  5.204e-12  7.983e-08  1.819e-07 
 -1.582e-08  2.231e-07 -6.912e-03 -2.989e-09 -1.069e-11  4.936e-07 -5.605e-08 
 -6.498e-03 -6.912e-03  1.512e+04 -4.607e-01  3.533e-03 -9.441e-02 -3.382e-01 
  1.733e-07 -2.989e-09 -4.607e-01  4.793e-05 -1.111e-07  2.847e-06  1.240e-05 
  5.204e-12 -1.069e-11  3.533e-03 -1.111e-07  2.236e-08 -2.911e-08 -6.884e-08 
  7.983e-08  4.936e-07 -9.441e-02  2.847e-06 -2.911e-08  3.750e-05  8.574e-07 
  1.819e-07 -5.605e-08 -3.382e-01  1.240e-05 -6.884e-08  8.574e-07  4.239e-05 
 PARAMETER  CORRELATION COEFFICIENTS  
       NO.  GLOBAL      8      9     20     21     22     23     24
        8  0.14701   1.000 -0.071 -0.112  0.053  0.000  0.028  0.059
        9  0.23962  -0.071  1.000 -0.119 -0.001 -0.000  0.171 -0.018
       20  0.64400  -0.112 -0.119  1.000 -0.541  0.192 -0.125 -0.422
       21  0.54741   0.053 -0.001 -0.541  1.000 -0.107  0.067  0.275
       22  0.19578   0.000 -0.000  0.192 -0.107  1.000 -0.032 -0.071
       23  0.20471   0.028  0.171 -0.125  0.067 -0.032  1.000  0.022
       24  0.43169   0.059 -0.018 -0.422  0.275 -0.071  0.022  1.000
MINUIT - FIT wiggle + 1-CBO + 2-CBO
 **********
 **   42 **RES 
 **********
                   PARAMETER   16  beta_vw RESTORED TO VARIABLE.
                   PARAMETER   14  alpha_vw RESTORED TO VARIABLE.
                   PARAMETER   13  beta_y RESTORED TO VARIABLE.
                   PARAMETER   11  alpha_y RESTORED TO VARIABLE.
                   PARAMETER   10  beta_2CBO RESTORED TO VARIABLE.
                   PARAMETER    6  alpha_CBO RESTORED TO VARIABLE.
                   PARAMETER    4  phi RESTORED TO VARIABLE.
                   PARAMETER    3  A0 RESTORED TO VARIABLE.
                   PARAMETER    1  N0 RESTORED TO VARIABLE.
 **********
 **   43 **FIX           10
 **********
 **********
 **   44 **FIX           11
 **********
 **********
 **   45 **FIX           12
 **********
 PARAMETER   12  IS CONSTANT.   IGNORED.
 **********
 **   46 **FIX           13
 **********
 **********
 **   47 **FIX           14
 **********
 **********
 **   48 **FIX           15
 **********
 PARAMETER   15  IS CONSTANT.   IGNORED.
 **********
 **   49 **FIX           16
 **********
 **********
 **   50 **MIGRAD
 **********
 START MIGRAD MINIMIZATION.  STRATEGY  1.  CONVERGENCE WHEN EDM .LT. 1.00e-04
 FCN=55.2311 FROM MIGRAD    STATUS=INITIATE       22 CALLS        1135 TOTAL
                     EDM= unknown      STRATEGY= 1      NO ERROR MATRIX       
  EXT PARAMETER               CURRENT GUESS       STEP         FIRST   
  NO.   NAME      VALUE            ERROR          SIZE      DERIVATIVE 
   1  N0           3.09461e+06   1.02455e+03   1.02455e+03  -1.30904e-04
   2  tau          6.44044e+01   constant   
   3  A0           3.43025e-01   4.60312e-04   4.60312e-04  -4.17639e+02
   4  phi          4.11806e+00   1.33706e-03   1.33706e-03  -2.56419e+02
   5  R           -6.14483e+01   constant   
   6  alpha_CBO   -2.97305e-03   4.71413e-04   4.71413e-04  -7.34285e+01
   7  w_CBO        2.32500e+00   constant   
   8  beta_CBO     4.63188e-04   4.69675e-04   1.70103e-06   4.94044e-01
   9  alpha_2CBO   3.74455e-05   4.72387e-04   1.67925e-06   2.52941e-01
  10  beta_2CBO    5.26350e-04     fixed    
  11  alpha_y      0.00000e+00     fixed    
  12  w_y          1.38860e+01   constant   
  13  beta_y      -6.02543e-04     fixed    
  14  alpha_vw     0.00000e+00     fixed    
  15  w_vw         1.43404e+01   constant   
  16  beta_vw      0.00000e+00     fixed    
  17  LM          -5.33935e-06   constant   
  18  zeta_y       0.00000e+00   constant   
  19  zeta_vw      0.00000e+00   constant   
  20  T_CBO        2.23470e+02   1.21192e+02   8.26950e-04   1.48868e-03
  21  alpha_A0     5.86380e-03   6.11066e-03   2.61704e-03  -2.21265e-04
  22  beta_A0      9.99998e-03   1.62870e-02   2.71681e-02  -5.69673e-05
  23  alpha_phi    1.51478e-03   5.73955e-03   2.22125e-03  -9.36219e-04
  24  beta_phi     3.66309e-03   5.99220e-03   2.31150e-03   3.48514e-04
 MIGRAD MINIMIZATION HAS CONVERGED.
 MIGRAD WILL VERIFY CONVERGENCE AND ERROR MATRIX.
 COVARIANCE MATRIX CALCULATED SUCCESSFULLY
 FCN=55.1918 FROM MIGRAD    STATUS=CONVERGED     220 CALLS        1333 TOTAL
                     EDM=5.07007e-06    STRATEGY= 1      ERROR MATRIX ACCURATE 
  EXT PARAMETER                                   STEP         FIRST   
  NO.   NAME      VALUE            ERROR          SIZE      DERIVATIVE 
   1  N0           3.09465e+06   1.06695e+03   3.58898e+00   1.15343e-07
   2  tau          6.44044e+01   constant   
   3  A0           3.43067e-01   4.66963e-04   1.60901e-06  -3.01797e-02
   4  phi          4.11828e+00   1.35695e-03   4.75038e-06   1.62254e-02
   5  R           -6.14483e+01   constant   
   6  alpha_CBO   -2.96318e-03   4.69359e-04   1.63030e-06  -1.29911e+00
   7  w_CBO        2.32500e+00   constant   
   8  beta_CBO     4.82550e-04   4.79908e-04   1.70040e-06  -1.06713e+00
   9  alpha_2CBO   3.05069e-05   4.74246e-04   1.67863e-06  -2.68646e+00
  10  beta_2CBO    5.26350e-04     fixed    
  11  alpha_y      0.00000e+00     fixed    
  12  w_y          1.38860e+01   constant   
  13  beta_y      -6.02543e-04     fixed    
  14  alpha_vw     0.00000e+00     fixed    
  15  w_vw         1.43404e+01   constant   
  16  beta_vw      0.00000e+00     fixed    
  17  LM          -5.33935e-06   constant   
  18  zeta_y       0.00000e+00   constant   
  19  zeta_vw      0.00000e+00   constant   
  20  T_CBO        2.22735e+02   1.24433e+02   8.27084e-04   2.00075e-03
  21  alpha_A0     5.85907e-03   6.25948e-03   2.62296e-03  -2.00482e-03
  22  beta_A0      1.00000e-02   1.57647e-02   3.08633e-02** at limit **
  23  alpha_phi    1.47554e-03   5.92089e-03   2.22454e-03  -1.49124e-03
  24  beta_phi     3.62463e-03   6.08984e-03   2.31200e-03  -1.02841e-03
 EXTERNAL ERROR MATRIX.    NDIM=  25    NPAR= 11    ERR DEF=1
  1.138e+06 
 -2.324e-02  2.181e-07 
 -2.244e-01 -2.505e-08  1.841e-06 
  3.026e-02  5.061e-08 -8.302e-08  2.203e-07 
  2.252e-02  2.136e-08  1.051e-07  3.704e-09  2.303e-07 
 -2.238e-02 -7.654e-09 -2.966e-08  7.135e-09 -1.919e-08  2.249e-07 
  2.538e+04 -9.706e-03 -2.850e-03 -3.039e-03 -6.859e-03 -7.126e-03  1.597e+04 
 -1.486e+00  2.176e-07  5.376e-07 -4.067e-07  1.755e-07 -2.601e-09 -4.977e-01  5.116e-05 
  8.473e-08  7.288e-13 -4.589e-12  6.329e-13 -9.288e-14 -1.025e-13  5.653e-05 -1.790e-09  5.997e-12 
  1.353e+00 -4.735e-07 -1.718e-07 -1.394e-07  6.233e-08  4.807e-07 -4.185e-02  7.518e-07 -4.601e-10  4.029e-05 
  2.443e-02  4.485e-07 -1.068e-06  2.223e-07  1.643e-07 -5.244e-08 -3.537e-01  1.241e-05 -1.091e-09 -1.634e-07  4.405e-05 
 PARAMETER  CORRELATION COEFFICIENTS  
       NO.  GLOBAL      1      3      4      6      8      9     20     21     22     23     24
        1  0.36124   1.000 -0.047 -0.155  0.060  0.044 -0.044  0.188 -0.195  0.000  0.200  0.003
        3  0.33732  -0.047  1.000 -0.040  0.231  0.095 -0.035 -0.164  0.065  0.001 -0.160  0.145
        4  0.29193  -0.155 -0.040  1.000 -0.130  0.161 -0.046 -0.017  0.055 -0.001 -0.020 -0.119
        6  0.31535   0.060  0.231 -0.130  1.000  0.016  0.032 -0.051 -0.121  0.001 -0.047  0.071
        8  0.25087   0.044  0.095  0.161  0.016  1.000 -0.084 -0.113  0.051 -0.000  0.020  0.052
        9  0.25462  -0.044 -0.035 -0.046  0.032 -0.084  1.000 -0.119 -0.001 -0.000  0.160 -0.017
       20  0.66887   0.188 -0.164 -0.017 -0.051 -0.113 -0.119  1.000 -0.551  0.183 -0.052 -0.422
       21  0.58225  -0.195  0.065  0.055 -0.121  0.051 -0.001 -0.551  1.000 -0.102  0.017  0.261
       22  0.19218   0.000  0.001 -0.001  0.001 -0.000 -0.000  0.183 -0.102  1.000 -0.030 -0.067
       23  0.31871   0.200 -0.160 -0.020 -0.047  0.020  0.160 -0.052  0.017 -0.030  1.000 -0.004
       24  0.45951   0.003  0.145 -0.119  0.071  0.052 -0.017 -0.422  0.261 -0.067 -0.004  1.000
MINUIT - FIT ONLY 1-y
 **********
 **   51 **RES 
 **********
                   PARAMETER   16  beta_vw RESTORED TO VARIABLE.
                   PARAMETER   14  alpha_vw RESTORED TO VARIABLE.
                   PARAMETER   13  beta_y RESTORED TO VARIABLE.
                   PARAMETER   11  alpha_y RESTORED TO VARIABLE.
                   PARAMETER   10  beta_2CBO RESTORED TO VARIABLE.
 **********
 **   52 **FIX            0
 **********
 PARAMETER    0  IS UNDEFINED. IGNORED.
 **********
 **   53 **FIX            1
 **********
 **********
 **   54 **FIX            2
 **********
 PARAMETER    2  IS CONSTANT.   IGNORED.
 **********
 **   55 **FIX            3
 **********
 **********
 **   56 **FIX            4
 **********
 **********
 **   57 **FIX            5
 **********
 PARAMETER    5  IS CONSTANT.   IGNORED.
 **********
 **   58 **FIX            6
 **********
 **********
 **   59 **FIX            7
 **********
 PARAMETER    7  IS CONSTANT.   IGNORED.
 **********
 **   60 **FIX            8
 **********
 **********
 **   61 **FIX            9
 **********
 **********
 **   62 **FIX           13
 **********
 **********
 **   63 **FIX           14
 **********
 **********
 **   64 **FIX           15
 **********
 PARAMETER   15  IS CONSTANT.   IGNORED.
 **********
 **   65 **FIX           16
 **********
 **********
 **   66 **MIGRAD
 **********
 START MIGRAD MINIMIZATION.  STRATEGY  1.  CONVERGENCE WHEN EDM .LT. 1.00e-04
 FCN=55.1918 FROM MIGRAD    STATUS=INITIATE       16 CALLS        1349 TOTAL
                     EDM= unknown      STRATEGY= 1      NO ERROR MATRIX       
  EXT PARAMETER               CURRENT GUESS       STEP         FIRST   
  NO.   NAME      VALUE            ERROR          SIZE      DERIVATIVE 
   1  N0           3.09465e+06     fixed    
   2  tau          6.44044e+01   constant   
   3  A0           3.43067e-01     fixed    
   4  phi          4.11828e+00     fixed    
   5  R           -6.14483e+01   constant   
   6  alpha_CBO   -2.96318e-03     fixed    
   7  w_CBO        2.32500e+00   constant   
   8  beta_CBO     4.82550e-04     fixed    
   9  alpha_2CBO   3.05069e-05     fixed    
  10  beta_2CBO    5.26350e-04   4.65198e-04   4.65198e-04  -1.96543e+02
  11  alpha_y      0.00000e+00   1.00000e-03   1.00000e-03  -4.29696e+03
  12  w_y          1.38860e+01   constant   
  13  beta_y      -6.02543e-04     fixed    
  14  alpha_vw     0.00000e+00     fixed    
  15  w_vw         1.43404e+01   constant   
  16  beta_vw      0.00000e+00     fixed    
  17  LM          -5.33935e-06   constant   
  18  zeta_y       0.00000e+00   constant   
  19  zeta_vw      0.00000e+00   constant   
  20  T_CBO        2.22735e+02   1.24433e+02   8.27084e-04   1.96822e-03
  21  alpha_A0     5.85907e-03   6.25948e-03   2.62296e-03  -2.01397e-03
  22  beta_A0      9.99998e-03   1.57647e-02   3.08633e-02  -6.16869e-05
  23  alpha_phi    1.47554e-03   5.92089e-03   2.22454e-03  -1.49255e-03
  24  beta_phi     3.62463e-03   6.08984e-03   2.31200e-03  -1.03406e-03
 MIGRAD MINIMIZATION HAS CONVERGED.
 MIGRAD WILL VERIFY CONVERGENCE AND ERROR MATRIX.
 COVARIANCE MATRIX CALCULATED SUCCESSFULLY
 FCN=54.2523 FROM MIGRAD    STATUS=CONVERGED     130 CALLS        1463 TOTAL
                     EDM=2.72118e-06    STRATEGY= 1      ERROR MATRIX ACCURATE 
  EXT PARAMETER                                   STEP         FIRST   
  NO.   NAME      VALUE            ERROR          SIZE      DERIVATIVE 
   1  N0           3.09465e+06     fixed    
   2  tau          6.44044e+01   constant   
   3  A0           3.43067e-01     fixed    
   4  phi          4.11828e+00     fixed    
   5  R           -6.14483e+01   constant   
   6  alpha_CBO   -2.96318e-03     fixed    
   7  w_CBO        2.32500e+00   constant   
   8  beta_CBO     4.82550e-04     fixed    
   9  alpha_2CBO   3.05069e-05     fixed    
  10  beta_2CBO    5.38801e-04   4.60836e-04   1.63636e-06  -2.44631e-02
  11  alpha_y      4.36710e-04   4.51040e-04   1.63612e-06   1.92644e-01
  12  w_y          1.38860e+01   constant   
  13  beta_y      -6.02543e-04     fixed    
  14  alpha_vw     0.00000e+00     fixed    
  15  w_vw         1.43404e+01   constant   
  16  beta_vw      0.00000e+00     fixed    
  17  LM          -5.33935e-06   constant   
  18  zeta_y       0.00000e+00   constant   
  19  zeta_vw      0.00000e+00   constant   
  20  T_CBO        2.20565e+02   1.18100e+02   8.11516e-04   7.50794e-04
  21  alpha_A0     5.92350e-03   6.21969e-03   2.62985e-03   1.06231e-03
  22  beta_A0      1.00000e-02   1.42556e-02   2.88005e-02** at limit **
  23  alpha_phi    1.48578e-03   5.74435e-03   2.23001e-03  -2.38643e-03
  24  beta_phi     3.82288e-03   6.15907e-03   2.33541e-03  -2.43619e-03
 EXTERNAL ERROR MATRIX.    NDIM=  25    NPAR=  7    ERR DEF=1
  2.124e-07 -3.931e-09 -4.500e-03  4.514e-07 -2.682e-13  1.531e-07  5.370e-07 
 -3.931e-09  2.034e-07 -7.721e-04  5.878e-09 -4.246e-14 -1.306e-09  6.929e-08 
 -4.500e-03 -7.721e-04  1.434e+04 -4.684e-01  4.301e-05 -7.581e-02 -3.567e-01 
  4.514e-07  5.878e-09 -4.684e-01  5.049e-05 -1.406e-09  3.090e-06  1.421e-05 
 -2.682e-13 -4.246e-14  4.301e-05 -1.406e-09  4.434e-12 -3.572e-10 -8.961e-10 
  1.531e-07 -1.306e-09 -7.581e-02  3.090e-06 -3.572e-10  3.757e-05  1.291e-06 
  5.370e-07  6.929e-08 -3.567e-01  1.421e-05 -8.961e-10  1.291e-06  4.545e-05 
 PARAMETER  CORRELATION COEFFICIENTS  
       NO.  GLOBAL     10     11     20     21     22     23     24
       10  0.20703   1.000 -0.019 -0.082  0.138 -0.000  0.054  0.173
       11  0.03356  -0.019  1.000 -0.014  0.002 -0.000 -0.000  0.023
       20  0.63613  -0.082 -0.014  1.000 -0.550  0.171 -0.103 -0.442
       21  0.56031   0.138  0.002 -0.550  1.000 -0.094  0.071  0.297
       22  0.17186  -0.000 -0.000  0.171 -0.094  1.000 -0.028 -0.063
       23  0.11664   0.054 -0.000 -0.103  0.071 -0.028  1.000  0.031
       24  0.46629   0.173  0.023 -0.442  0.297 -0.063  0.031  1.000
MINUIT - FIT ONLY 2-y
 **********
 **   67 **RES 
 **********
                   PARAMETER   16  beta_vw RESTORED TO VARIABLE.
                   PARAMETER   14  alpha_vw RESTORED TO VARIABLE.
                   PARAMETER   13  beta_y RESTORED TO VARIABLE.
                   PARAMETER    9  alpha_2CBO RESTORED TO VARIABLE.
                   PARAMETER    8  beta_CBO RESTORED TO VARIABLE.
                   PARAMETER    6  alpha_CBO RESTORED TO VARIABLE.
                   PARAMETER    4  phi RESTORED TO VARIABLE.
                   PARAMETER    3  A0 RESTORED TO VARIABLE.
                   PARAMETER    1  N0 RESTORED TO VARIABLE.
 **********
 **   68 **FIX            0
 **********
 PARAMETER    0  IS UNDEFINED. IGNORED.
 **********
 **   69 **FIX            1
 **********
 **********
 **   70 **FIX            2
 **********
 PARAMETER    2  IS CONSTANT.   IGNORED.
 **********
 **   71 **FIX            3
 **********
 **********
 **   72 **FIX            4
 **********
 **********
 **   73 **FIX            5
 **********
 PARAMETER    5  IS CONSTANT.   IGNORED.
 **********
 **   74 **FIX            6
 **********
 **********
 **   75 **FIX            7
 **********
 PARAMETER    7  IS CONSTANT.   IGNORED.
 **********
 **   76 **FIX            8
 **********
 **********
 **   77 **FIX            9
 **********
 **********
 **   78 **FIX           10
 **********
 **********
 **   79 **FIX           11
 **********
 **********
 **   80 **FIX           12
 **********
 PARAMETER   12  IS CONSTANT.   IGNORED.
 **********
 **   81 **FIX           16
 **********
 **********
 **   82 **MIGRAD
 **********
 START MIGRAD MINIMIZATION.  STRATEGY  1.  CONVERGENCE WHEN EDM .LT. 1.00e-04
 FCN=54.2523 FROM MIGRAD    STATUS=INITIATE       16 CALLS        1479 TOTAL
                     EDM= unknown      STRATEGY= 1      NO ERROR MATRIX       
  EXT PARAMETER               CURRENT GUESS       STEP         FIRST   
  NO.   NAME      VALUE            ERROR          SIZE      DERIVATIVE 
   1  N0           3.09465e+06     fixed    
   2  tau          6.44044e+01   constant   
   3  A0           3.43067e-01     fixed    
   4  phi          4.11828e+00     fixed    
   5  R           -6.14483e+01   constant   
   6  alpha_CBO   -2.96318e-03     fixed    
   7  w_CBO        2.32500e+00   constant   
   8  beta_CBO     4.82550e-04     fixed    
   9  alpha_2CBO   3.05069e-05     fixed    
  10  beta_2CBO    5.38801e-04     fixed    
  11  alpha_y      4.36710e-04     fixed    
  12  w_y          1.38860e+01   constant   
  13  beta_y      -6.02543e-04   4.60157e-04   4.60157e-04  -8.26461e+01
  14  alpha_vw     0.00000e+00   1.00000e-03   1.00000e-03  -2.74093e+02
  15  w_vw         1.43404e+01   constant   
  16  beta_vw      0.00000e+00     fixed    
  17  LM          -5.33935e-06   constant   
  18  zeta_y       0.00000e+00   constant   
  19  zeta_vw      0.00000e+00   constant   
  20  T_CBO        2.20565e+02   1.18100e+02   8.11516e-04   7.18914e-04
  21  alpha_A0     5.92350e-03   6.21969e-03   2.62985e-03   1.05305e-03
  22  beta_A0      9.99998e-03   1.42556e-02   2.88005e-02  -6.64746e-05
  23  alpha_phi    1.48578e-03   5.74435e-03   2.23001e-03  -2.38773e-03
  24  beta_phi     3.82288e-03   6.15907e-03   2.33541e-03  -2.44205e-03
 MIGRAD MINIMIZATION HAS CONVERGED.
 MIGRAD WILL VERIFY CONVERGENCE AND ERROR MATRIX.
 COVARIANCE MATRIX CALCULATED SUCCESSFULLY
 FCN=54.2469 FROM MIGRAD    STATUS=CONVERGED      98 CALLS        1561 TOTAL
                     EDM=1.14682e-06    STRATEGY= 1      ERROR MATRIX ACCURATE 
  EXT PARAMETER                                   STEP         FIRST   
  NO.   NAME      VALUE            ERROR          SIZE      DERIVATIVE 
   1  N0           3.09465e+06     fixed    
   2  tau          6.44044e+01   constant   
   3  A0           3.43067e-01     fixed    
   4  phi          4.11828e+00     fixed    
   5  R           -6.14483e+01   constant   
   6  alpha_CBO   -2.96318e-03     fixed    
   7  w_CBO        2.32500e+00   constant   
   8  beta_CBO     4.82550e-04     fixed    
   9  alpha_2CBO   3.05069e-05     fixed    
  10  beta_2CBO    5.38801e-04     fixed    
  11  alpha_y      4.36710e-04     fixed    
  12  w_y          1.38860e+01   constant   
  13  beta_y      -5.84124e-04   4.78904e-04   1.66452e-06   6.89469e-02
  14  alpha_vw     3.36222e-05   4.75160e-04   1.65135e-06  -5.36827e-02
  15  w_vw         1.43404e+01   constant   
  16  beta_vw      0.00000e+00     fixed    
  17  LM          -5.33935e-06   constant   
  18  zeta_y       0.00000e+00   constant   
  19  zeta_vw      0.00000e+00   constant   
  20  T_CBO        2.20681e+02   1.17492e+02   8.08625e-04   2.31158e-03
  21  alpha_A0     5.92709e-03   6.17034e-03   2.64957e-03   9.90433e-04
  22  beta_A0      1.00000e-02   1.36611e-02   2.59964e-02** at limit **
  23  alpha_phi    1.47999e-03   5.73680e-03   2.23472e-03   2.05315e-03
  24  beta_phi     3.83293e-03   6.08041e-03   2.34301e-03   5.57803e-04
 EXTERNAL ERROR MATRIX.    NDIM=  25    NPAR=  7    ERR DEF=1
  2.293e-07  6.528e-08  7.792e-04  1.140e-08  1.985e-13 -7.545e-08  2.490e-08 
  6.528e-08  2.258e-07  9.235e-04  1.071e-08  2.386e-13 -8.084e-08  1.743e-08 
  7.792e-04  9.235e-04  1.419e+04 -4.566e-01  1.736e-04 -7.257e-02 -3.447e-01 
  1.140e-08  1.071e-08 -4.566e-01  4.941e-05 -5.669e-09  2.742e-06  1.306e-05 
  1.985e-13  2.386e-13  1.736e-04 -5.669e-09  8.981e-11 -1.442e-09 -3.627e-09 
 -7.545e-08 -8.084e-08 -7.257e-02  2.742e-06 -1.442e-09  3.745e-05  8.892e-07 
  2.490e-08  1.743e-08 -3.447e-01  1.306e-05 -3.627e-09  8.892e-07  4.405e-05 
 PARAMETER  CORRELATION COEFFICIENTS  
       NO.  GLOBAL     13     14     20     21     22     23     24
       13  0.28787   1.000  0.287  0.014  0.003  0.000 -0.026  0.008
       14  0.28816   0.287  1.000  0.016  0.003  0.000 -0.028  0.006
       20  0.63108   0.014  0.016  1.000 -0.545  0.154 -0.100 -0.436
       21  0.54760   0.003  0.003 -0.545  1.000 -0.085  0.064  0.280
       22  0.15444   0.000  0.000  0.154 -0.085  1.000 -0.025 -0.058
       23  0.10822  -0.026 -0.028 -0.100  0.064 -0.025  1.000  0.022
       24  0.43982   0.008  0.006 -0.436  0.280 -0.058  0.022  1.000
MINUIT - FIT ALTOGETHER
 **********
