 + ++++++++++++++++++++++++++++++++++++++++++++++++++++++++++++++++++++ +
 +                                                                      +
 +           You have chose to blind your fitting according to          +
 +                omega_ref * (1 + (R +/- deltaR) *10^{-6})             +
 +                                                                      +
 + ++++++++++++++++++++++++++++++++++++++++++++++++++++++++++++++++++++ +
In main()...
reading format from /gm2data/zkhechad/run45/envelope/formats/formatB_sBin_constraintOn.txt
pBinTau 	= 0  
pBinPhi 	= 0  
constraintau 	= 1 
includeMopTerm 	= 0    
constrainMop    = 0   
Parameters after format file: pBinTau 0 pBinPhi 0 constraintau 1 includeMopTerm 0 constrainMop 0 c_e_scale 0.000000 
Opening file /gm2data/tbarrett/gm2fr/studies/run23_bunch_corrections/CorrectedFourier_Run3b.root.
reading full fit data from /gm2data/zkhechad/cboTemplates/Run4CBOTemplates/templateFits0_v2.0/noRF/sBin_constraintOn_cE0.0_seed0_noRF_calo15.root
windowBins = 17
fitting sliding window 72 from bin 208 at 30.884400 to bin 225 at 33.570000 (17 bins)

Reading data from /gm2data/cornell/histograms/aMethod/histogram_a_noRF.root
 **********
 **    1 **SET PRINTOUT            1
 **********
 **********
 **    2 **SET NOWARNINGS 
 **********
 PARAMETER DEFINITIONS:
    NO.   NAME         VALUE      STEP SIZE      LIMITS
     1 N0           3.09167e+06  1.00000e+02     no limits
     2 tau          6.43743e+01  constant
     3 A0           3.54035e-01  1.00000e-04     no limits
     4 phi          4.11947e+00  1.00000e-02     no limits
     5 R           -6.00908e+01  constant
     6 alpha_CBO    0.00000e+00  1.00000e-03     no limits
     7 w_CBO        2.32500e+00  constant
     8 beta_CBO     0.00000e+00  1.00000e-03     no limits
     9 alpha_2CBO   0.00000e+00  1.00000e-03     no limits
    10 beta_2CBO    0.00000e+00  1.00000e-03     no limits
    11 alpha_y      0.00000e+00  1.00000e-03     no limits
    12 w_y          1.44500e+01  constant
    13 beta_y       0.00000e+00  1.00000e-03     no limits
    14 alpha_vw     0.00000e+00  1.00000e-03     no limits
    15 w_vw         1.29000e+01  constant
    16 beta_vw      0.00000e+00  1.00000e-03     no limits
    17 LM          -9.88464e-04  constant
    18 zeta_y       0.00000e+00  constant
    19 zeta_vw      0.00000e+00  constant
    20 T_CBO        1.00000e+02  1.00000e+00    0.00000e+00  1.00000e+03
    21 alpha_A0     0.00000e+00  1.00000e-03     no limits
    22 beta_A0      0.00000e+00  1.00000e-03     no limits
    23 alpha_phi    0.00000e+00  1.00000e-03     no limits
    24 beta_phi     0.00000e+00  1.00000e-03     no limits
MINUIT - FIT ONLY WIGGLE
 **********
 **    3 **FIX            5
 **********
 PARAMETER    5  IS CONSTANT.   IGNORED.
 **********
 **    4 **FIX            6
 **********
 **********
 **    5 **FIX            7
 **********
 PARAMETER    7  IS CONSTANT.   IGNORED.
 **********
 **    6 **FIX            8
 **********
 **********
 **    7 **FIX            9
 **********
 **********
 **    8 **FIX           10
 **********
 **********
 **    9 **FIX           11
 **********
 **********
 **   10 **FIX           12
 **********
 PARAMETER   12  IS CONSTANT.   IGNORED.
 **********
 **   11 **FIX           13
 **********
 **********
 **   12 **FIX           14
 **********
 **********
 **   13 **FIX           15
 **********
 PARAMETER   15  IS CONSTANT.   IGNORED.
 **********
 **   14 **FIX           16
 **********
 **********
 **   15 **MIGRAD
 **********
 FIRST CALL TO USER FUNCTION AT NEW START POINT, WITH IFLAG=4.
 START MIGRAD MINIMIZATION.  STRATEGY  1.  CONVERGENCE WHEN EDM .LT. 1.00e-04
 FCN=3104.49 FROM MIGRAD    STATUS=INITIATE      431 CALLS         432 TOTAL
                     EDM= unknown      STRATEGY= 1      NO ERROR MATRIX       
  EXT PARAMETER               CURRENT GUESS       STEP         FIRST   
  NO.   NAME      VALUE            ERROR          SIZE      DERIVATIVE 
   1  N0           3.09167e+06   1.00000e+02   0.00000e+00  -9.96873e-02
   2  tau          6.43743e+01   constant   
   3  A0           3.54035e-01   1.00000e-04   0.00000e+00  -5.99420e+05
   4  phi          4.11947e+00   1.00000e-02   0.00000e+00   1.04470e+05
   5  R           -6.00908e+01   constant   
   6  alpha_CBO    0.00000e+00     fixed    
   7  w_CBO        2.32500e+00   constant   
   8  beta_CBO     0.00000e+00     fixed    
   9  alpha_2CBO   0.00000e+00     fixed    
  10  beta_2CBO    0.00000e+00     fixed    
  11  alpha_y      0.00000e+00     fixed    
  12  w_y          1.44500e+01   constant   
  13  beta_y       0.00000e+00     fixed    
  14  alpha_vw     0.00000e+00     fixed    
  15  w_vw         1.29000e+01   constant   
  16  beta_vw      0.00000e+00     fixed    
  17  LM          -9.88464e-04   constant   
  18  zeta_y       0.00000e+00   constant   
  19  zeta_vw      0.00000e+00   constant   
  20  T_CBO        1.00000e+02   1.00000e+00   0.00000e+00   0.00000e+00
  21  alpha_A0     0.00000e+00   1.00000e-03   0.00000e+00   5.93675e+04
  22  beta_A0      0.00000e+00   1.00000e-03   0.00000e+00   5.89308e+04
  23  alpha_phi    0.00000e+00   1.00000e-03   0.00000e+00   4.25622e+04
  24  beta_phi     0.00000e+00   1.00000e-03   0.00000e+00  -1.36057e+04
 MIGRAD MINIMIZATION HAS CONVERGED.
 MIGRAD WILL VERIFY CONVERGENCE AND ERROR MATRIX.
 FCN=481.178 FROM HESSE     STATUS=NOT POSDEF     61 CALLS        1362 TOTAL
                     EDM=0.000974604    STRATEGY= 1      ERR MATRIX NOT POS-DEF
  EXT PARAMETER                APPROXIMATE        STEP         FIRST   
  NO.   NAME      VALUE            ERROR          SIZE      DERIVATIVE 
   1  N0           3.05806e+06   2.55654e+03   3.58166e+00   3.73377e-06
   2  tau          6.43743e+01   constant   
   3  A0           4.08124e-01   1.61169e-03   1.56205e-06  -4.45016e+01
   4  phi          4.08980e+00   2.22011e-03   3.61772e-06   2.74508e+00
   5  R           -6.00908e+01   constant   
   6  alpha_CBO    0.00000e+00     fixed    
   7  w_CBO        2.32500e+00   constant   
   8  beta_CBO     0.00000e+00     fixed    
   9  alpha_2CBO   0.00000e+00     fixed    
  10  beta_2CBO    0.00000e+00     fixed    
  11  alpha_y      0.00000e+00     fixed    
  12  w_y          1.44500e+01   constant   
  13  beta_y       0.00000e+00     fixed    
  14  alpha_vw     0.00000e+00     fixed    
  15  w_vw         1.29000e+01   constant   
  16  beta_vw      0.00000e+00     fixed    
  17  LM          -9.88464e-04   constant   
  18  zeta_y       0.00000e+00   constant   
  19  zeta_vw      0.00000e+00   constant   
  20  T_CBO        2.81796e+01   7.56571e-01   3.81745e-06   3.88291e+00
  21  alpha_A0     9.38176e-02   1.19734e-02   1.59050e-05   7.70449e-01
  22  beta_A0      4.14520e-01   1.25622e-02   1.61635e-05  -2.43882e-01
  23  alpha_phi    4.59031e-01   1.37173e-02   1.43435e-05   5.68942e+00
  24  beta_phi    -4.69451e-02   1.27715e-02   1.65173e-05   7.25514e-01
 CALL LIMIT EXCEEDED IN MIGRAD.
 MIGRAD TERMINATED WITHOUT CONVERGENCE.
 FCN=481.178 FROM MIGRAD    STATUS=CALL LIMIT   1361 CALLS        1362 TOTAL
                     EDM=0.000974604    STRATEGY= 1      ERR MATRIX NOT POS-DEF
  EXT PARAMETER                APPROXIMATE        STEP         FIRST   
  NO.   NAME      VALUE            ERROR          SIZE      DERIVATIVE 
   1  N0           3.05806e+06   2.55654e+03   3.58166e+00   3.73377e-06
   2  tau          6.43743e+01   constant   
   3  A0           4.08124e-01   1.61169e-03   1.56205e-06  -4.45016e+01
   4  phi          4.08980e+00   2.22011e-03   3.61772e-06   2.74508e+00
   5  R           -6.00908e+01   constant   
   6  alpha_CBO    0.00000e+00     fixed    
   7  w_CBO        2.32500e+00   constant   
   8  beta_CBO     0.00000e+00     fixed    
   9  alpha_2CBO   0.00000e+00     fixed    
  10  beta_2CBO    0.00000e+00     fixed    
  11  alpha_y      0.00000e+00     fixed    
  12  w_y          1.44500e+01   constant   
  13  beta_y       0.00000e+00     fixed    
  14  alpha_vw     0.00000e+00     fixed    
  15  w_vw         1.29000e+01   constant   
  16  beta_vw      0.00000e+00     fixed    
  17  LM          -9.88464e-04   constant   
  18  zeta_y       0.00000e+00   constant   
  19  zeta_vw      0.00000e+00   constant   
  20  T_CBO        2.81796e+01   7.56571e-01   3.81745e-06   3.88291e+00
  21  alpha_A0     9.38176e-02   1.19734e-02   1.59050e-05   7.70449e-01
  22  beta_A0      4.14520e-01   1.25622e-02   1.61635e-05  -2.43882e-01
  23  alpha_phi    4.59031e-01   1.37173e-02   1.43435e-05   5.68942e+00
  24  beta_phi    -4.69451e-02   1.27715e-02   1.65173e-05   7.25514e-01
 EXTERNAL ERROR MATRIX.    NDIM=  25    NPAR=  8    ERR DEF=1
  6.536e+06 -2.042e+00 -3.379e+00 -3.336e+02  2.332e+01 -1.030e+01 -1.232e+01 -2.742e+01 
 -2.042e+00  2.598e-06 -2.636e-07  5.786e-04  5.709e-09  9.034e-06  9.732e-06  1.678e-06 
 -3.379e+00 -2.636e-07  4.929e-06 -5.992e-05 -2.446e-05  1.679e-06 -3.956e-07  2.544e-05 
 -3.336e+02  5.786e-04 -5.992e-05  5.724e-01 -1.361e-03 -5.351e-03 -5.930e-03  8.904e-04 
  2.332e+01  5.709e-09 -2.446e-05 -1.361e-03  1.434e-04  1.188e-05  1.703e-05 -1.488e-04 
 -1.030e+01  9.034e-06  1.679e-06 -5.351e-03  1.188e-05  1.578e-04  1.682e-04  7.517e-06 
 -1.232e+01  9.732e-06 -3.956e-07 -5.930e-03  1.703e-05  1.682e-04  1.882e-04  5.916e-06 
 -2.742e+01  1.678e-06  2.544e-05  8.904e-04 -1.488e-04  7.517e-06  5.916e-06  1.631e-04 
ERR MATRIX NOT POS-DEF
 PARAMETER  CORRELATION COEFFICIENTS  
       NO.  GLOBAL      1      3      4     20     21     22     23     24
        1  0.99143   1.000 -0.496 -0.595 -0.172  0.762 -0.321 -0.351 -0.840
        3  0.99592  -0.496  1.000 -0.074  0.475  0.000  0.446  0.440  0.082
        4  0.98843  -0.595 -0.074  1.000 -0.036 -0.920  0.060 -0.013  0.897
       20  0.99697  -0.172  0.475 -0.036  1.000 -0.150 -0.563 -0.571  0.092
       21  0.99232   0.762  0.000 -0.920 -0.150  1.000  0.079  0.104 -0.973
       22  0.99280  -0.321  0.446  0.060 -0.563  0.079  1.000  0.976  0.047
       23  0.99525  -0.351  0.440 -0.013 -0.571  0.104  0.976  1.000  0.034
       24  0.99273  -0.840  0.082  0.897  0.092 -0.973  0.047  0.034  1.000
 ERR MATRIX NOT POS-DEF
MINUIT - FIT ONLY 1-CBO + wiggle
 **********
 **   16 **RES 
 **********
                   PARAMETER   16  beta_vw RESTORED TO VARIABLE.
                   PARAMETER   14  alpha_vw RESTORED TO VARIABLE.
                   PARAMETER   13  beta_y RESTORED TO VARIABLE.
                   PARAMETER   11  alpha_y RESTORED TO VARIABLE.
                   PARAMETER   10  beta_2CBO RESTORED TO VARIABLE.
                   PARAMETER    9  alpha_2CBO RESTORED TO VARIABLE.
                   PARAMETER    8  beta_CBO RESTORED TO VARIABLE.
                   PARAMETER    6  alpha_CBO RESTORED TO VARIABLE.
 **********
 **   17 **FIX            8
 **********
 **********
 **   18 **FIX            9
 **********
 **********
 **   19 **FIX           11
 **********
 **********
 **   20 **FIX           12
 **********
 PARAMETER   12  IS CONSTANT.   IGNORED.
 **********
 **   21 **FIX           14
 **********
 **********
 **   22 **FIX           15
 **********
 PARAMETER   15  IS CONSTANT.   IGNORED.
 **********
 **   23 **FIX           16
 **********
 **********
 **   24 **MIGRAD
 **********
 START MIGRAD MINIMIZATION.  STRATEGY  1.  CONVERGENCE WHEN EDM .LT. 1.00e-04
 FCN=481.178 FROM MIGRAD    STATUS=INITIATE       28 CALLS        1390 TOTAL
                     EDM= unknown      STRATEGY= 1      NO ERROR MATRIX       
  EXT PARAMETER               CURRENT GUESS       STEP         FIRST   
  NO.   NAME      VALUE            ERROR          SIZE      DERIVATIVE 
   1  N0           3.05806e+06   2.55654e+03   3.58166e+00   3.73377e-06
   2  tau          6.43743e+01   constant   
   3  A0           4.08124e-01   1.61169e-03   1.56205e-06  -4.45016e+01
   4  phi          4.08980e+00   2.22011e-03   3.61772e-06   2.74507e+00
   5  R           -6.00908e+01   constant   
   6  alpha_CBO    0.00000e+00   1.00000e-03   1.00000e-03  -2.71567e+03
   7  w_CBO        2.32500e+00   constant   
   8  beta_CBO     0.00000e+00     fixed    
   9  alpha_2CBO   0.00000e+00     fixed    
  10  beta_2CBO    0.00000e+00   1.00000e-03   1.00000e-03  -3.57926e+03
  11  alpha_y      0.00000e+00     fixed    
  12  w_y          1.44500e+01   constant   
  13  beta_y       0.00000e+00   1.00000e-03   1.00000e-03  -1.37514e+05
  14  alpha_vw     0.00000e+00     fixed    
  15  w_vw         1.29000e+01   constant   
  16  beta_vw      0.00000e+00     fixed    
  17  LM          -9.88464e-04   constant   
  18  zeta_y       0.00000e+00   constant   
  19  zeta_vw      0.00000e+00   constant   
  20  T_CBO        2.81796e+01   7.56571e-01   3.81745e-06   3.88264e+00
  21  alpha_A0     9.38176e-02   1.19734e-02   1.59050e-05   7.70444e-01
  22  beta_A0      4.14520e-01   1.25622e-02   1.61635e-05  -2.43862e-01
  23  alpha_phi    4.59031e-01   1.37173e-02   1.43435e-05   5.68941e+00
  24  beta_phi    -4.69451e-02   1.27715e-02   1.65173e-05   7.25513e-01
 CALL LIMIT EXCEEDED IN MIGRAD.
 MIGRAD TERMINATED WITHOUT CONVERGENCE.
 FCN=344.405 FROM MIGRAD    STATUS=CALL LIMIT   1925 CALLS        3287 TOTAL
                     EDM=0.454709    STRATEGY= 1  ERROR MATRIX UNCERTAINTY   3.2 per cent
  EXT PARAMETER                APPROXIMATE        STEP         FIRST   
  NO.   NAME      VALUE            ERROR          SIZE      DERIVATIVE 
   1  N0           3.00580e+06   1.57189e+03   3.63784e+01   5.71349e-04
   2  tau          6.43743e+01   constant   
   3  A0           4.93557e-01   5.04967e-03  -2.15509e-04  -8.82414e+02
   4  phi          4.16672e+00   5.84492e-03  -1.42369e-04  -1.72949e+03
   5  R           -6.00908e+01   constant   
   6  alpha_CBO   -1.74063e-03   1.28298e-03  -2.66121e-06   1.52081e+03
   7  w_CBO        2.32500e+00   constant   
   8  beta_CBO     0.00000e+00     fixed    
   9  alpha_2CBO   0.00000e+00     fixed    
  10  beta_2CBO    1.45327e-02   9.15288e-04  -3.35173e-05   3.92072e+01
  11  alpha_y      0.00000e+00     fixed    
  12  w_y          1.44500e+01   constant   
  13  beta_y       1.51495e-03   1.52594e-04   6.40748e-07  -7.08668e+02
  14  alpha_vw     0.00000e+00     fixed    
  15  w_vw         1.29000e+01   constant   
  16  beta_vw      0.00000e+00     fixed    
  17  LM          -9.88464e-04   constant   
  18  zeta_y       0.00000e+00   constant   
  19  zeta_vw      0.00000e+00   constant   
  20  T_CBO        4.11730e+01   6.64293e-01  -1.76074e-04   1.22770e+03
  21  alpha_A0    -9.00742e-02   7.79893e-03   3.95398e-06   7.84627e+00
  22  beta_A0      6.84064e-01   9.69853e-03  -6.12504e-04   5.00098e+02
  23  alpha_phi    6.20194e-01   7.76195e-03  -4.23429e-04  -1.43038e+02
  24  beta_phi     1.55427e-01   1.22604e-02  -1.11864e-05   4.60480e+02
 EXTERNAL ERROR MATRIX.    NDIM=  25    NPAR= 11    ERR DEF=1
  2.471e+06 
 -3.068e+00  2.550e-05 
  4.951e+00  9.853e-06  3.416e-05 
  1.388e+00  2.530e-09  6.610e-06  1.646e-06 
 -2.842e-01  4.296e-06  2.494e-06  8.769e-08  8.378e-07 
 -2.120e-02 -2.363e-08 -1.032e-07 -2.447e-08 -5.938e-09  2.328e-08 
 -4.637e+02  3.316e-03  9.386e-04 -5.010e-05  5.373e-04 -2.903e-06  4.413e-01 
 -6.443e+00  5.247e-06 -3.597e-05 -6.910e-06 -6.562e-07  8.346e-08  1.279e-03  6.082e-05 
 -1.675e+00  4.551e-05  3.464e-05  3.110e-06  8.578e-06 -8.681e-08  5.622e-03 -1.514e-05  9.406e-05 
 -7.041e+00  3.673e-05  4.158e-06 -1.492e-06  5.432e-06 -2.157e-08  4.950e-03  2.335e-05  5.748e-05  6.025e-05 
  1.068e+01  1.954e-06  6.653e-05  1.419e-05  1.866e-06 -1.652e-07 -5.172e-04 -8.695e-05  3.918e-05 -1.721e-05  1.503e-04 
ERR MATRIX APPROXIMATE
 PARAMETER  CORRELATION COEFFICIENTS  
       NO.  GLOBAL      1      3      4      6     10     13     20     21     22     23     24
        1  0.99352   1.000 -0.387  0.539  0.688 -0.198 -0.088 -0.444 -0.526 -0.110 -0.577  0.554
        3  0.99948  -0.387  1.000  0.334  0.000  0.930 -0.031  0.989  0.133  0.929  0.937  0.032
        4  0.99963   0.539  0.334  1.000  0.881  0.466 -0.116  0.242 -0.789  0.611  0.092  0.928
        6  0.99705   0.688  0.000  0.881  1.000  0.075 -0.125 -0.059 -0.691  0.250 -0.150  0.902
       10  0.99085  -0.198  0.930  0.466  0.075  1.000 -0.043  0.884 -0.092  0.966  0.765  0.166
       13  0.23230  -0.088 -0.031 -0.116 -0.125 -0.043  1.000 -0.029  0.070 -0.059 -0.018 -0.088
       20  0.99882  -0.444  0.989  0.242 -0.059  0.884 -0.029  1.000  0.247  0.873  0.960 -0.064
       21  0.99693  -0.526  0.133 -0.789 -0.691 -0.092  0.070  0.247  1.000 -0.200  0.386 -0.909
       22  0.99742  -0.110  0.929  0.611  0.250  0.966 -0.059  0.873 -0.200  1.000  0.764  0.329
       23  0.99608  -0.577  0.937  0.092 -0.150  0.765 -0.018  0.960  0.386  0.764  1.000 -0.181
       24  0.99826   0.554  0.032  0.928  0.902  0.166 -0.088 -0.064 -0.909  0.329 -0.181  1.000
 ERR MATRIX APPROXIMATE
MINUIT - FIT ONLY 2-CBO
 **********
 **   25 **RES 
 **********
                   PARAMETER   16  beta_vw RESTORED TO VARIABLE.
                   PARAMETER   14  alpha_vw RESTORED TO VARIABLE.
                   PARAMETER   11  alpha_y RESTORED TO VARIABLE.
                   PARAMETER    9  alpha_2CBO RESTORED TO VARIABLE.
                   PARAMETER    8  beta_CBO RESTORED TO VARIABLE.
 **********
 **   26 **FIX            0
 **********
 PARAMETER    0  IS UNDEFINED. IGNORED.
 **********
 **   27 **FIX            1
 **********
 **********
 **   28 **FIX            2
 **********
 PARAMETER    2  IS CONSTANT.   IGNORED.
 **********
 **   29 **FIX            3
 **********
 **********
 **   30 **FIX            4
 **********
 **********
 **   31 **FIX            5
 **********
 PARAMETER    5  IS CONSTANT.   IGNORED.
 **********
 **   32 **FIX            6
 **********
 **********
 **   33 **FIX            7
 **********
 PARAMETER    7  IS CONSTANT.   IGNORED.
 **********
 **   34 **FIX           10
 **********
 **********
 **   35 **FIX           11
 **********
 **********
 **   36 **FIX           12
 **********
 PARAMETER   12  IS CONSTANT.   IGNORED.
 **********
 **   37 **FIX           13
 **********
 **********
 **   38 **FIX           14
 **********
 **********
 **   39 **FIX           15
 **********
 PARAMETER   15  IS CONSTANT.   IGNORED.
 **********
 **   40 **FIX           16
 **********
 **********
 **   41 **MIGRAD
 **********
 START MIGRAD MINIMIZATION.  STRATEGY  1.  CONVERGENCE WHEN EDM .LT. 1.00e-04
 FCN=344.405 FROM MIGRAD    STATUS=INITIATE       18 CALLS        3305 TOTAL
                     EDM= unknown      STRATEGY= 1      NO ERROR MATRIX       
  EXT PARAMETER               CURRENT GUESS       STEP         FIRST   
  NO.   NAME      VALUE            ERROR          SIZE      DERIVATIVE 
   1  N0           3.00580e+06     fixed    
   2  tau          6.43743e+01   constant   
   3  A0           4.93557e-01     fixed    
   4  phi          4.16672e+00     fixed    
   5  R           -6.00908e+01   constant   
   6  alpha_CBO   -1.74063e-03     fixed    
   7  w_CBO        2.32500e+00   constant   
   8  beta_CBO     0.00000e+00   1.00000e-03   1.00000e-03  -3.02625e+03
   9  alpha_2CBO   0.00000e+00   1.00000e-03   1.00000e-03  -3.62188e+03
  10  beta_2CBO    1.45327e-02     fixed    
  11  alpha_y      0.00000e+00     fixed    
  12  w_y          1.44500e+01   constant   
  13  beta_y       1.51495e-03     fixed    
  14  alpha_vw     0.00000e+00     fixed    
  15  w_vw         1.29000e+01   constant   
  16  beta_vw      0.00000e+00     fixed    
  17  LM          -9.88464e-04   constant   
  18  zeta_y       0.00000e+00   constant   
  19  zeta_vw      0.00000e+00   constant   
  20  T_CBO        4.11730e+01   6.64293e-01  -1.76074e-04   1.22770e+03
  21  alpha_A0    -9.00742e-02   7.79893e-03   3.95398e-06   7.84628e+00
  22  beta_A0      6.84064e-01   9.69853e-03  -6.12504e-04   5.00098e+02
  23  alpha_phi    6.20194e-01   7.76195e-03  -4.23429e-04  -1.43038e+02
  24  beta_phi     1.55427e-01   1.22604e-02  -1.11864e-05   4.60480e+02
 MIGRAD MINIMIZATION HAS CONVERGED.
 MIGRAD WILL VERIFY CONVERGENCE AND ERROR MATRIX.
 FCN=344.153 FROM MIGRAD    STATUS=CONVERGED     149 CALLS        3436 TOTAL
                     EDM=7.16707e-05    STRATEGY= 1      ERR MATRIX NOT POS-DEF
  EXT PARAMETER                APPROXIMATE        STEP         FIRST   
  NO.   NAME      VALUE            ERROR          SIZE      DERIVATIVE 
   1  N0           3.00580e+06     fixed    
   2  tau          6.43743e+01   constant   
   3  A0           4.93557e-01     fixed    
   4  phi          4.16672e+00     fixed    
   5  R           -6.00908e+01   constant   
   6  alpha_CBO   -1.74063e-03     fixed    
   7  w_CBO        2.32500e+00   constant   
   8  beta_CBO     1.68809e-04   4.74132e-04   1.36531e-06  -6.61221e+00
   9  alpha_2CBO   1.09423e-04   3.35743e-04   1.37123e-06   1.24836e+01
  10  beta_2CBO    1.45327e-02     fixed    
  11  alpha_y      0.00000e+00     fixed    
  12  w_y          1.44500e+01   constant   
  13  beta_y       1.51495e-03     fixed    
  14  alpha_vw     0.00000e+00     fixed    
  15  w_vw         1.29000e+01   constant   
  16  beta_vw      0.00000e+00     fixed    
  17  LM          -9.88464e-04   constant   
  18  zeta_y       0.00000e+00   constant   
  19  zeta_vw      0.00000e+00   constant   
  20  T_CBO        4.11842e+01   6.00766e-01   1.99355e-06  -5.33877e+00
  21  alpha_A0    -8.97413e-02   1.55252e-03   7.07710e-06   4.87702e-01
  22  beta_A0      6.84625e-01   7.74345e-03   7.40204e-06  -7.21993e-01
  23  alpha_phi    6.19999e-01   6.89569e-03   7.46857e-06  -9.59062e-01
  24  beta_phi     1.55474e-01   2.44818e-03   9.06954e-06   2.24340e+00
 EXTERNAL ERROR MATRIX.    NDIM=  25    NPAR=  7    ERR DEF=1
  2.248e-07  7.198e-08  5.167e-05  3.570e-07  4.619e-07 -6.019e-07 -4.229e-08 
  7.198e-08  1.127e-07  2.356e-06  2.466e-07  3.162e-07 -3.169e-07  4.319e-07 
  5.167e-05  2.356e-06  3.609e-01  6.547e-04 -4.406e-03 -4.069e-03 -1.033e-03 
  3.570e-07  2.466e-07  6.547e-04  2.410e-06 -6.642e-06 -7.771e-06 -1.131e-06 
  4.619e-07  3.162e-07 -4.406e-03 -6.642e-06  5.996e-05  4.964e-05  1.291e-05 
 -6.019e-07 -3.169e-07 -4.069e-03 -7.771e-06  4.964e-05  4.755e-05  1.003e-05 
 -4.229e-08  4.319e-07 -1.033e-03 -1.131e-06  1.291e-05  1.003e-05  5.994e-06 
ERR MATRIX NOT POS-DEF
 PARAMETER  CORRELATION COEFFICIENTS  
       NO.  GLOBAL      8      9     20     21     22     23     24
        8  0.94843   1.000  0.452  0.181  0.485  0.126 -0.184 -0.036
        9  0.89325   0.452  1.000  0.012  0.473  0.122 -0.137  0.525
       20  0.99736   0.181  0.012  1.000  0.702 -0.947 -0.982 -0.702
       21  0.86500   0.485  0.473  0.702  1.000 -0.553 -0.726 -0.297
       22  0.99445   0.126  0.122 -0.947 -0.553  1.000  0.930  0.681
       23  0.99287  -0.184 -0.137 -0.982 -0.726  0.930  1.000  0.594
       24  0.91308  -0.036  0.525 -0.702 -0.297  0.681  0.594  1.000
 ERR MATRIX NOT POS-DEF
MINUIT - FIT wiggle + 1-CBO + 2-CBO
 **********
 **   42 **RES 
 **********
                   PARAMETER   16  beta_vw RESTORED TO VARIABLE.
                   PARAMETER   14  alpha_vw RESTORED TO VARIABLE.
                   PARAMETER   13  beta_y RESTORED TO VARIABLE.
                   PARAMETER   11  alpha_y RESTORED TO VARIABLE.
                   PARAMETER   10  beta_2CBO RESTORED TO VARIABLE.
                   PARAMETER    6  alpha_CBO RESTORED TO VARIABLE.
                   PARAMETER    4  phi RESTORED TO VARIABLE.
                   PARAMETER    3  A0 RESTORED TO VARIABLE.
                   PARAMETER    1  N0 RESTORED TO VARIABLE.
 **********
 **   43 **FIX           10
 **********
 **********
 **   44 **FIX           11
 **********
 **********
 **   45 **FIX           12
 **********
 PARAMETER   12  IS CONSTANT.   IGNORED.
 **********
 **   46 **FIX           13
 **********
 **********
 **   47 **FIX           14
 **********
 **********
 **   48 **FIX           15
 **********
 PARAMETER   15  IS CONSTANT.   IGNORED.
 **********
 **   49 **FIX           16
 **********
 **********
 **   50 **MIGRAD
 **********
 START MIGRAD MINIMIZATION.  STRATEGY  1.  CONVERGENCE WHEN EDM .LT. 1.00e-04
 FCN=344.153 FROM MIGRAD    STATUS=INITIATE       22 CALLS        3458 TOTAL
                     EDM= unknown      STRATEGY= 1      NO ERROR MATRIX       
  EXT PARAMETER               CURRENT GUESS       STEP         FIRST   
  NO.   NAME      VALUE            ERROR          SIZE      DERIVATIVE 
   1  N0           3.00580e+06   1.57189e+03   1.57189e+03   3.46627e-05
   2  tau          6.43743e+01   constant   
   3  A0           4.93557e-01   5.04967e-03   5.04967e-03   1.13196e+02
   4  phi          4.16672e+00   5.84492e-03   5.84492e-03   1.83212e+02
   5  R           -6.00908e+01   constant   
   6  alpha_CBO   -1.74063e-03   1.28298e-03   1.28298e-03  -5.16342e+02
   7  w_CBO        2.32500e+00   constant   
   8  beta_CBO     1.68809e-04   4.74132e-04   1.36531e-06  -6.61224e+00
   9  alpha_2CBO   1.09423e-04   3.35743e-04   1.37123e-06   1.24836e+01
  10  beta_2CBO    1.45327e-02     fixed    
  11  alpha_y      0.00000e+00     fixed    
  12  w_y          1.44500e+01   constant   
  13  beta_y       1.51495e-03     fixed    
  14  alpha_vw     0.00000e+00     fixed    
  15  w_vw         1.29000e+01   constant   
  16  beta_vw      0.00000e+00     fixed    
  17  LM          -9.88464e-04   constant   
  18  zeta_y       0.00000e+00   constant   
  19  zeta_vw      0.00000e+00   constant   
  20  T_CBO        4.11842e+01   6.00766e-01   1.99355e-06  -5.33920e+00
  21  alpha_A0    -8.97413e-02   1.55252e-03   7.07710e-06   4.87798e-01
  22  beta_A0      6.84625e-01   7.74345e-03   7.40204e-06  -7.21905e-01
  23  alpha_phi    6.19999e-01   6.89569e-03   7.46857e-06  -9.59057e-01
  24  beta_phi     1.55474e-01   2.44818e-03   9.06954e-06   2.24339e+00
 MIGRAD MINIMIZATION HAS CONVERGED.
 FCN=340.537 FROM MIGRAD    STATUS=CONVERGED     615 CALLS        4051 TOTAL
                     EDM=5.21471e-07    STRATEGY= 1  ERROR MATRIX UNCERTAINTY   1.2 per cent
  EXT PARAMETER                                   STEP         FIRST   
  NO.   NAME      VALUE            ERROR          SIZE      DERIVATIVE 
   1  N0           3.00545e+06   2.27413e+03   1.06419e+00   4.11675e-07
   2  tau          6.43743e+01   constant   
   3  A0           4.89313e-01   2.72552e-03   3.55375e-06  -1.68330e-01
   4  phi          4.14040e+00   1.60767e-02  -1.71889e-05  -2.53723e+00
   5  R           -6.00908e+01   constant   
   6  alpha_CBO    1.87513e-03   2.51800e-03  -2.26777e-06   4.56305e+00
   7  w_CBO        2.32500e+00   constant   
   8  beta_CBO     1.28224e-02   6.76281e-03   4.56402e-07  -4.44774e+00
   9  alpha_2CBO   5.35244e-03   2.94000e-03   1.57626e-06  -2.37631e+00
  10  beta_2CBO    1.45327e-02     fixed    
  11  alpha_y      0.00000e+00     fixed    
  12  w_y          1.44500e+01   constant   
  13  beta_y       1.51495e-03     fixed    
  14  alpha_vw     0.00000e+00     fixed    
  15  w_vw         1.29000e+01   constant   
  16  beta_vw      0.00000e+00     fixed    
  17  LM          -9.88464e-04   constant   
  18  zeta_y       0.00000e+00   constant   
  19  zeta_vw      0.00000e+00   constant   
  20  T_CBO        4.18151e+01   4.89380e-01   9.41381e-08   3.91205e+00
  21  alpha_A0    -5.88600e-04   5.00802e-02   4.10623e-05  -4.09889e-01
  22  beta_A0      7.20892e-01   2.00082e-02   4.71972e-06   4.02045e-01
  23  alpha_phi    6.25784e-01   6.55963e-03   1.16606e-05  -1.02718e+00
  24  beta_phi     9.64805e-02   3.80066e-02  -4.45145e-05   1.78457e-02
 EXTERNAL ERROR MATRIX.    NDIM=  25    NPAR= 11    ERR DEF=1
  5.172e+06 
 -1.275e+00  7.428e-06 
 -7.779e+00  1.998e-05  2.585e-04 
 -3.771e+00 -3.716e-06 -1.559e-05  6.340e-06 
 -3.328e+00 -1.151e-05 -9.237e-05  1.377e-05  4.574e-05 
  7.861e-02 -4.453e-06 -4.537e-05  4.483e-06  1.895e-05  8.644e-06 
 -8.631e+02 -1.263e-04 -3.342e-03  1.051e-03  2.441e-03  8.487e-04  2.395e-01 
  7.506e+00 -6.959e-05 -7.927e-04  6.802e-05  3.141e-04  1.459e-04  1.357e-02  2.508e-03 
 -1.222e+01 -2.897e-05 -2.733e-04  4.036e-05  1.343e-04  5.593e-05  7.714e-03  9.296e-04  4.003e-04 
 -5.389e+00  7.229e-06 -5.573e-05  3.833e-06  1.898e-05  9.267e-06  2.093e-03  1.746e-04  6.787e-05  4.303e-05 
 -2.472e+01  4.486e-05  6.083e-04 -2.958e-05 -2.067e-04 -1.041e-04 -6.639e-03 -1.838e-03 -6.109e-04 -1.289e-04  1.445e-03 
 PARAMETER  CORRELATION COEFFICIENTS  
       NO.  GLOBAL      1      3      4      6      8      9     20     21     22     23     24
        1  0.99285   1.000 -0.206 -0.213 -0.659 -0.216  0.012 -0.776  0.066 -0.269 -0.361 -0.286
        3  0.99771  -0.206  1.000  0.456 -0.541 -0.624 -0.556 -0.095 -0.510 -0.531  0.404  0.433
        4  0.99990  -0.213  0.456  1.000 -0.385 -0.850 -0.960 -0.425 -0.985 -0.850 -0.528  0.995
        6  0.99831  -0.659 -0.541 -0.385  1.000  0.809  0.606  0.853  0.539  0.801  0.232 -0.309
        8  0.99976  -0.216 -0.624 -0.850  0.809  1.000  0.953  0.738  0.928  0.993  0.428 -0.804
        9  0.99875   0.012 -0.556 -0.960  0.606  0.953  1.000  0.590  0.991  0.951  0.481 -0.932
       20  0.99695  -0.776 -0.095 -0.425  0.853  0.738  0.590  1.000  0.554  0.788  0.652 -0.357
       21  0.99990   0.066 -0.510 -0.985  0.539  0.928  0.991  0.554  1.000  0.928  0.531 -0.966
       22  0.99937  -0.269 -0.531 -0.850  0.801  0.993  0.951  0.788  0.928  1.000  0.517 -0.803
       23  0.99397  -0.361  0.404 -0.528  0.232  0.428  0.481  0.652  0.531  0.517  1.000 -0.517
       24  0.99964  -0.286  0.433  0.995 -0.309 -0.804 -0.932 -0.357 -0.966 -0.803 -0.517  1.000
MINUIT - FIT ONLY 1-y
 **********
 **   51 **RES 
 **********
                   PARAMETER   16  beta_vw RESTORED TO VARIABLE.
                   PARAMETER   14  alpha_vw RESTORED TO VARIABLE.
                   PARAMETER   13  beta_y RESTORED TO VARIABLE.
                   PARAMETER   11  alpha_y RESTORED TO VARIABLE.
                   PARAMETER   10  beta_2CBO RESTORED TO VARIABLE.
 **********
 **   52 **FIX            0
 **********
 PARAMETER    0  IS UNDEFINED. IGNORED.
 **********
 **   53 **FIX            1
 **********
 **********
 **   54 **FIX            2
 **********
 PARAMETER    2  IS CONSTANT.   IGNORED.
 **********
 **   55 **FIX            3
 **********
 **********
 **   56 **FIX            4
 **********
 **********
 **   57 **FIX            5
 **********
 PARAMETER    5  IS CONSTANT.   IGNORED.
 **********
 **   58 **FIX            6
 **********
 **********
 **   59 **FIX            7
 **********
 PARAMETER    7  IS CONSTANT.   IGNORED.
 **********
 **   60 **FIX            8
 **********
 **********
 **   61 **FIX            9
 **********
 **********
 **   62 **FIX           13
 **********
 **********
 **   63 **FIX           14
 **********
 **********
 **   64 **FIX           15
 **********
 PARAMETER   15  IS CONSTANT.   IGNORED.
 **********
 **   65 **FIX           16
 **********
 **********
 **   66 **MIGRAD
 **********
 START MIGRAD MINIMIZATION.  STRATEGY  1.  CONVERGENCE WHEN EDM .LT. 1.00e-04
 FCN=340.537 FROM MIGRAD    STATUS=INITIATE       16 CALLS        4067 TOTAL
                     EDM= unknown      STRATEGY= 1      NO ERROR MATRIX       
  EXT PARAMETER               CURRENT GUESS       STEP         FIRST   
  NO.   NAME      VALUE            ERROR          SIZE      DERIVATIVE 
   1  N0           3.00545e+06     fixed    
   2  tau          6.43743e+01   constant   
   3  A0           4.89313e-01     fixed    
   4  phi          4.14040e+00     fixed    
   5  R           -6.00908e+01   constant   
   6  alpha_CBO    1.87513e-03     fixed    
   7  w_CBO        2.32500e+00   constant   
   8  beta_CBO     1.28224e-02     fixed    
   9  alpha_2CBO   5.35244e-03     fixed    
  10  beta_2CBO    1.45327e-02   9.15288e-04   9.15288e-04  -1.49722e+03
  11  alpha_y      0.00000e+00   1.00000e-03   1.00000e-03  -2.20994e+05
  12  w_y          1.44500e+01   constant   
  13  beta_y       1.51495e-03     fixed    
  14  alpha_vw     0.00000e+00     fixed    
  15  w_vw         1.29000e+01   constant   
  16  beta_vw      0.00000e+00     fixed    
  17  LM          -9.88464e-04   constant   
  18  zeta_y       0.00000e+00   constant   
  19  zeta_vw      0.00000e+00   constant   
  20  T_CBO        4.18151e+01   4.89380e-01   9.41381e-08   3.91212e+00
  21  alpha_A0    -5.88600e-04   5.00802e-02   4.10623e-05  -4.09899e-01
  22  beta_A0      7.20892e-01   2.00082e-02   4.71972e-06   4.02051e-01
  23  alpha_phi    6.25784e-01   6.55963e-03   1.16606e-05  -1.02718e+00
  24  beta_phi     9.64805e-02   3.80066e-02  -4.45145e-05   1.78458e-02
 MIGRAD MINIMIZATION HAS CONVERGED.
 MIGRAD WILL VERIFY CONVERGENCE AND ERROR MATRIX.
 COVARIANCE MATRIX CALCULATED SUCCESSFULLY
 FCN=26.0242 FROM HESSE     STATUS=OK             50 CALLS        4211 TOTAL
                     EDM=0.778423    STRATEGY= 1      ERROR MATRIX ACCURATE 
  EXT PARAMETER                                   STEP         FIRST   
  NO.   NAME      VALUE            ERROR          SIZE      DERIVATIVE 
   1  N0           3.00545e+06     fixed    
   2  tau          6.43743e+01   constant   
   3  A0           4.89313e-01     fixed    
   4  phi          4.14040e+00     fixed    
   5  R           -6.00908e+01   constant   
   6  alpha_CBO    1.87513e-03     fixed    
   7  w_CBO        2.32500e+00   constant   
   8  beta_CBO     1.28224e-02     fixed    
   9  alpha_2CBO   5.35244e-03     fixed    
  10  beta_2CBO    1.41263e-02   3.93593e-04   4.03212e-07  -8.77791e-01
  11  alpha_y      2.84890e-03   1.60701e-04   4.03993e-07   9.63791e-02
  12  w_y          1.44500e+01   constant   
  13  beta_y       1.51495e-03     fixed    
  14  alpha_vw     0.00000e+00     fixed    
  15  w_vw         1.29000e+01   constant   
  16  beta_vw      0.00000e+00     fixed    
  17  LM          -9.88464e-04   constant   
  18  zeta_y       0.00000e+00   constant   
  19  zeta_vw      0.00000e+00   constant   
  20  T_CBO        4.17947e+01   1.06921e+01   5.64173e-07   1.71078e+01
  21  alpha_A0    -3.84400e-04   8.07275e-04   1.95386e-06   3.58341e-01
  22  beta_A0      7.19889e-01   1.42603e-01   2.02569e-06  -3.45048e+00
  23  alpha_phi    6.26338e-01   1.19320e-01   2.08458e-06  -2.94108e+00
  24  beta_phi     9.83807e-02   1.62657e-02   2.62585e-06  -4.17285e-01
 MIGRAD MINIMIZATION HAS CONVERGED.
 MIGRAD WILL VERIFY CONVERGENCE AND ERROR MATRIX.
 COVARIANCE MATRIX CALCULATED SUCCESSFULLY
 FCN=25.6085 FROM MIGRAD    STATUS=CONVERGED     562 CALLS        4613 TOTAL
                     EDM=2.25764e-05    STRATEGY= 1      ERROR MATRIX ACCURATE 
  EXT PARAMETER                                   STEP         FIRST   
  NO.   NAME      VALUE            ERROR          SIZE      DERIVATIVE 
   1  N0           3.00545e+06     fixed    
   2  tau          6.43743e+01   constant   
   3  A0           4.89313e-01     fixed    
   4  phi          4.14040e+00     fixed    
   5  R           -6.00908e+01   constant   
   6  alpha_CBO    1.87513e-03     fixed    
   7  w_CBO        2.32500e+00   constant   
   8  beta_CBO     1.28224e-02     fixed    
   9  alpha_2CBO   5.35244e-03     fixed    
  10  beta_2CBO    1.42829e-02   3.77633e-04   4.00103e-07   1.66816e+01
  11  alpha_y      2.85094e-03   1.60694e-04   4.00874e-07  -2.71514e+00
  12  w_y          1.44500e+01   constant   
  13  beta_y       1.51495e-03     fixed    
  14  alpha_vw     0.00000e+00     fixed    
  15  w_vw         1.29000e+01   constant   
  16  beta_vw      0.00000e+00     fixed    
  17  LM          -9.88464e-04   constant   
  18  zeta_y       0.00000e+00   constant   
  19  zeta_vw      0.00000e+00   constant   
  20  T_CBO        3.73200e+01   8.07529e+00   5.63614e-07  -2.23147e+00
  21  alpha_A0    -4.67528e-04   8.85202e-04   2.12870e-06   3.15007e-01
  22  beta_A0      7.89888e-01   1.48180e-01   2.20491e-06  -1.05331e+00
  23  alpha_phi    6.84803e-01   1.23553e-01   2.26308e-06   3.84024e-01
  24  beta_phi     1.06271e-01   1.66050e-02   2.85721e-06   1.38905e-01
 EXTERNAL ERROR MATRIX.    NDIM=  25    NPAR=  7    ERR DEF=1
  1.426e-07 -2.640e-09 -2.546e-03 -8.384e-08  4.681e-05  3.885e-05  5.144e-06 
 -2.640e-09  2.582e-08 -3.436e-05  1.634e-09  6.169e-07  5.293e-07  8.928e-08 
 -2.546e-03 -3.436e-05  6.525e+01  1.427e-03 -1.197e+00 -9.980e-01 -1.337e-01 
 -8.384e-08  1.634e-09  1.427e-03  7.836e-07 -2.620e-05 -2.166e-05 -2.985e-06 
  4.681e-05  6.169e-07 -1.197e+00 -2.620e-05  2.196e-02  1.831e-02  2.453e-03 
  3.885e-05  5.293e-07 -9.980e-01 -2.166e-05  1.831e-02  1.527e-02  2.045e-03 
  5.144e-06  8.928e-08 -1.337e-01 -2.985e-06  2.453e-03  2.045e-03  2.757e-04 
 PARAMETER  CORRELATION COEFFICIENTS  
       NO.  GLOBAL     10     11     20     21     22     23     24
       10  0.90722   1.000 -0.044 -0.835 -0.251  0.837  0.833  0.820
       11  0.13792  -0.044  1.000 -0.026  0.011  0.026  0.027  0.033
       20  0.99999  -0.835 -0.026  1.000  0.200 -1.000 -1.000 -0.997
       21  0.29780  -0.251  0.011  0.200  1.000 -0.200 -0.198 -0.203
       22  0.99998   0.837  0.026 -1.000 -0.200  1.000  1.000  0.997
       23  0.99997   0.833  0.027 -1.000 -0.198  1.000  1.000  0.997
       24  0.99766   0.820  0.033 -0.997 -0.203  0.997  0.997  1.000
MINUIT - FIT ONLY 2-y
 **********
 **   67 **RES 
 **********
                   PARAMETER   16  beta_vw RESTORED TO VARIABLE.
                   PARAMETER   14  alpha_vw RESTORED TO VARIABLE.
                   PARAMETER   13  beta_y RESTORED TO VARIABLE.
                   PARAMETER    9  alpha_2CBO RESTORED TO VARIABLE.
                   PARAMETER    8  beta_CBO RESTORED TO VARIABLE.
                   PARAMETER    6  alpha_CBO RESTORED TO VARIABLE.
                   PARAMETER    4  phi RESTORED TO VARIABLE.
                   PARAMETER    3  A0 RESTORED TO VARIABLE.
                   PARAMETER    1  N0 RESTORED TO VARIABLE.
 **********
 **   68 **FIX            0
 **********
 PARAMETER    0  IS UNDEFINED. IGNORED.
 **********
 **   69 **FIX            1
 **********
 **********
 **   70 **FIX            2
 **********
 PARAMETER    2  IS CONSTANT.   IGNORED.
 **********
 **   71 **FIX            3
 **********
 **********
 **   72 **FIX            4
 **********
 **********
 **   73 **FIX            5
 **********
 PARAMETER    5  IS CONSTANT.   IGNORED.
 **********
 **   74 **FIX            6
 **********
 **********
 **   75 **FIX            7
 **********
 PARAMETER    7  IS CONSTANT.   IGNORED.
 **********
 **   76 **FIX            8
 **********
 **********
 **   77 **FIX            9
 **********
 **********
 **   78 **FIX           10
 **********
 **********
 **   79 **FIX           11
 **********
 **********
 **   80 **FIX           12
 **********
 PARAMETER   12  IS CONSTANT.   IGNORED.
 **********
 **   81 **FIX           16
 **********
 **********
 **   82 **MIGRAD
 **********
 START MIGRAD MINIMIZATION.  STRATEGY  1.  CONVERGENCE WHEN EDM .LT. 1.00e-04
 FCN=25.6085 FROM MIGRAD    STATUS=INITIATE       16 CALLS        4629 TOTAL
                     EDM= unknown      STRATEGY= 1      NO ERROR MATRIX       
  EXT PARAMETER               CURRENT GUESS       STEP         FIRST   
  NO.   NAME      VALUE            ERROR          SIZE      DERIVATIVE 
   1  N0           3.00545e+06     fixed    
   2  tau          6.43743e+01   constant   
   3  A0           4.89313e-01     fixed    
   4  phi          4.14040e+00     fixed    
   5  R           -6.00908e+01   constant   
   6  alpha_CBO    1.87513e-03     fixed    
   7  w_CBO        2.32500e+00   constant   
   8  beta_CBO     1.28224e-02     fixed    
   9  alpha_2CBO   5.35244e-03     fixed    
  10  beta_2CBO    1.42829e-02     fixed    
  11  alpha_y      2.85094e-03     fixed    
  12  w_y          1.44500e+01   constant   
  13  beta_y       1.51495e-03   1.52594e-04   1.52594e-04   6.94387e+03
  14  alpha_vw     0.00000e+00   1.00000e-03   1.00000e-03  -1.15786e+04
  15  w_vw         1.29000e+01   constant   
  16  beta_vw      0.00000e+00     fixed    
