 + ++++++++++++++++++++++++++++++++++++++++++++++++++++++++++++++++++++ +
 +                                                                      +
 +           You have chose to blind your fitting according to          +
 +                omega_ref * (1 + (R +/- deltaR) *10^{-6})             +
 +                                                                      +
 + ++++++++++++++++++++++++++++++++++++++++++++++++++++++++++++++++++++ +
In main()...
reading format from /gm2data/zkhechad/run45/envelope/formats/formatB_sBin_constraintOn.txt
pBinTau 	= 0  
pBinPhi 	= 0  
constraintau 	= 1 
includeMopTerm 	= 0    
constrainMop    = 0   
Parameters after format file: pBinTau 0 pBinPhi 0 constraintau 1 includeMopTerm 0 constrainMop 0 c_e_scale 0.000000 
Opening file /gm2data/tbarrett/gm2fr/studies/run23_bunch_corrections/CorrectedFourier_Run3b.root.
reading full fit data from /gm2data/zkhechad/cboTemplates/Run4CBOTemplates/fullFits/noRF/sBin_constraintOn_cE0.0_seed0_noRF_calo18.root
windowBins = 69
fitting sliding window 1050 from bin 1186 at 176.802000 to bin 1255 at 187.246000 (69 bins)

Reading data from /gm2data/cornell/histograms/aMethod/histogram_a_noRF.root
 **********
 **    1 **SET PRINTOUT            1
 **********
 **********
 **    2 **SET NOWARNINGS 
 **********
 PARAMETER DEFINITIONS:
    NO.   NAME         VALUE      STEP SIZE      LIMITS
     1 N0           3.61741e+06  1.00000e+02     no limits
     2 tau          6.44109e+01  constant
     3 A0           3.53417e-01  1.00000e-04     no limits
     4 phi          4.12209e+00  1.00000e-02     no limits
     5 R           -6.03373e+01  constant
     6 alpha_CBO    0.00000e+00  1.00000e-03     no limits
     7 w_CBO        2.32500e+00  constant
     8 beta_CBO     0.00000e+00  1.00000e-03     no limits
     9 alpha_2CBO   0.00000e+00  1.00000e-03     no limits
    10 beta_2CBO    0.00000e+00  1.00000e-03     no limits
    11 alpha_y      0.00000e+00  1.00000e-03     no limits
    12 w_y          1.38860e+01  constant
    13 beta_y       0.00000e+00  1.00000e-03     no limits
    14 alpha_vw     0.00000e+00  1.00000e-03     no limits
    15 w_vw         1.43404e+01  constant
    16 beta_vw      0.00000e+00  1.00000e-03     no limits
    17 LM           1.86654e-04  constant
    18 zeta_y       0.00000e+00  constant
    19 zeta_vw      0.00000e+00  constant
    20 T_CBO        1.00000e+02  1.00000e+00    0.00000e+00  1.00000e+03
    21 alpha_A0     0.00000e+00  1.00000e-03     no limits
    22 beta_A0      0.00000e+00  1.00000e-03     no limits
    23 alpha_phi    0.00000e+00  1.00000e-03     no limits
    24 beta_phi     0.00000e+00  1.00000e-03     no limits
MINUIT - FIT ONLY WIGGLE
 **********
 **    3 **FIX            5
 **********
 PARAMETER    5  IS CONSTANT.   IGNORED.
 **********
 **    4 **FIX            6
 **********
 **********
 **    5 **FIX            7
 **********
 PARAMETER    7  IS CONSTANT.   IGNORED.
 **********
 **    6 **FIX            8
 **********
 **********
 **    7 **FIX            9
 **********
 **********
 **    8 **FIX           10
 **********
 **********
 **    9 **FIX           11
 **********
 **********
 **   10 **FIX           12
 **********
 PARAMETER   12  IS CONSTANT.   IGNORED.
 **********
 **   11 **FIX           13
 **********
 **********
 **   12 **FIX           14
 **********
 **********
 **   13 **FIX           15
 **********
 PARAMETER   15  IS CONSTANT.   IGNORED.
 **********
 **   14 **FIX           16
 **********
 **********
 **   15 **MIGRAD
 **********
 FIRST CALL TO USER FUNCTION AT NEW START POINT, WITH IFLAG=4.
 START MIGRAD MINIMIZATION.  STRATEGY  1.  CONVERGENCE WHEN EDM .LT. 1.00e-04
 FCN=405.352 FROM MIGRAD    STATUS=INITIATE      437 CALLS         438 TOTAL
                     EDM= unknown      STRATEGY= 1      NO ERROR MATRIX       
  EXT PARAMETER               CURRENT GUESS       STEP         FIRST   
  NO.   NAME      VALUE            ERROR          SIZE      DERIVATIVE 
   1  N0           3.61741e+06   1.00000e+02   0.00000e+00  -9.41760e-04
   2  tau          6.44109e+01   constant   
   3  A0           3.53417e-01   1.00000e-04   0.00000e+00  -1.91386e+04
   4  phi          4.12209e+00   1.00000e-02   0.00000e+00  -1.50225e+04
   5  R           -6.03373e+01   constant   
   6  alpha_CBO    0.00000e+00     fixed    
   7  w_CBO        2.32500e+00   constant   
   8  beta_CBO     0.00000e+00     fixed    
   9  alpha_2CBO   0.00000e+00     fixed    
  10  beta_2CBO    0.00000e+00     fixed    
  11  alpha_y      0.00000e+00     fixed    
  12  w_y          1.38860e+01   constant   
  13  beta_y       0.00000e+00     fixed    
  14  alpha_vw     0.00000e+00     fixed    
  15  w_vw         1.43404e+01   constant   
  16  beta_vw      0.00000e+00     fixed    
  17  LM           1.86654e-04   constant   
  18  zeta_y       0.00000e+00   constant   
  19  zeta_vw      0.00000e+00   constant   
  20  T_CBO        1.00000e+02   1.00000e+00   0.00000e+00   0.00000e+00
  21  alpha_A0     0.00000e+00   1.00000e-03   0.00000e+00  -1.35578e+02
  22  beta_A0      0.00000e+00   1.00000e-03   0.00000e+00  -4.75009e+02
  23  alpha_phi    0.00000e+00   1.00000e-03   0.00000e+00  -1.60028e+02
  24  beta_phi     0.00000e+00   1.00000e-03   0.00000e+00  -1.19803e+03
 CALL LIMIT EXCEEDED IN MIGRAD.
 MIGRAD TERMINATED WITHOUT CONVERGENCE.
 FCN=359.547 FROM MIGRAD    STATUS=CALL LIMIT   1323 CALLS        1324 TOTAL
                     EDM=0.0246234    STRATEGY= 1  ERROR MATRIX UNCERTAINTY   7.7 per cent
  EXT PARAMETER                APPROXIMATE        STEP         FIRST   
  NO.   NAME      VALUE            ERROR          SIZE      DERIVATIVE 
   1  N0           3.61770e+06   5.69726e+02   5.87908e+01   3.22072e-04
   2  tau          6.44109e+01   constant   
   3  A0           3.53800e-01   2.15649e-04  -1.58197e-05  -6.11919e+02
   4  phi          4.12578e+00   6.90972e-04  -1.81240e-07   3.00039e+01
   5  R           -6.03373e+01   constant   
   6  alpha_CBO    0.00000e+00     fixed    
   7  w_CBO        2.32500e+00   constant   
   8  beta_CBO     0.00000e+00     fixed    
   9  alpha_2CBO   0.00000e+00     fixed    
  10  beta_2CBO    0.00000e+00     fixed    
  11  alpha_y      0.00000e+00     fixed    
  12  w_y          1.38860e+01   constant   
  13  beta_y       0.00000e+00     fixed    
  14  alpha_vw     0.00000e+00     fixed    
  15  w_vw         1.43404e+01   constant   
  16  beta_vw      0.00000e+00     fixed    
  17  LM           1.86654e-04   constant   
  18  zeta_y       0.00000e+00   constant   
  19  zeta_vw      0.00000e+00   constant   
  20  T_CBO        2.57447e+01   5.58087e+00  -4.27388e-03  -3.23815e+01
  21  alpha_A0    -7.72874e-02   8.22366e-02  -1.22068e-02   1.35438e-01
  22  beta_A0      2.13476e+00   2.54020e+00   3.74327e-01  -3.78622e-02
  23  alpha_phi    6.46536e-01   7.54899e-01   1.11208e-01  -1.97297e-01
  24  beta_phi     3.51324e+00   4.12361e+00   6.07571e-01  -2.16978e-01
 EXTERNAL ERROR MATRIX.    NDIM=  25    NPAR=  8    ERR DEF=1
  3.246e+05 -3.355e-03 -5.120e-03  2.298e+02 -2.130e+00  4.937e+01  1.456e+01  8.045e+01 
 -3.355e-03  4.650e-08 -2.892e-09 -1.125e-04 -1.739e-07  9.338e-06  2.795e-06  1.538e-05 
 -5.120e-03 -2.892e-09  4.774e-07 -7.003e-05 -2.550e-06  6.740e-05  2.020e-05  1.090e-04 
  2.298e+02 -1.125e-04 -7.003e-05  3.116e+01  4.385e-01 -1.359e+01 -4.041e+00 -2.207e+01 
 -2.130e+00 -1.739e-07 -2.550e-06  4.385e-01  6.763e-03 -2.083e-01 -6.190e-02 -3.381e-01 
  4.937e+01  9.338e-06  6.740e-05 -1.359e+01 -2.083e-01  6.453e+00  1.918e+00  1.047e+01 
  1.456e+01  2.795e-06  2.020e-05 -4.041e+00 -6.190e-02  1.918e+00  5.699e-01  3.113e+00 
  8.045e+01  1.538e-05  1.090e-04 -2.207e+01 -3.381e-01  1.047e+01  3.113e+00  1.700e+01 
ERR MATRIX APPROXIMATE
 PARAMETER  CORRELATION COEFFICIENTS  
       NO.  GLOBAL      1      3      4     20     21     22     23     24
        1  0.43292   1.000 -0.027 -0.013  0.072 -0.045  0.034  0.034  0.034
        3  0.29993  -0.027  1.000 -0.019 -0.093 -0.010  0.017  0.017  0.017
        4  0.14671  -0.013 -0.019  1.000 -0.018 -0.045  0.038  0.039  0.038
       20  0.97069   0.072 -0.093 -0.018  1.000  0.955 -0.959 -0.959 -0.959
       21  0.99728  -0.045 -0.010 -0.045  0.955  1.000 -0.997 -0.997 -0.997
       22  1.00000   0.034  0.017  0.038 -0.959 -0.997  1.000  1.000  1.000
       23  0.99998   0.034  0.017  0.039 -0.959 -0.997  1.000  1.000  1.000
       24  1.00000   0.034  0.017  0.038 -0.959 -0.997  1.000  1.000  1.000
 ERR MATRIX APPROXIMATE
MINUIT - FIT ONLY 1-CBO + wiggle
 **********
 **   16 **RES 
 **********
                   PARAMETER   16  beta_vw RESTORED TO VARIABLE.
                   PARAMETER   14  alpha_vw RESTORED TO VARIABLE.
                   PARAMETER   13  beta_y RESTORED TO VARIABLE.
                   PARAMETER   11  alpha_y RESTORED TO VARIABLE.
                   PARAMETER   10  beta_2CBO RESTORED TO VARIABLE.
                   PARAMETER    9  alpha_2CBO RESTORED TO VARIABLE.
                   PARAMETER    8  beta_CBO RESTORED TO VARIABLE.
                   PARAMETER    6  alpha_CBO RESTORED TO VARIABLE.
 **********
 **   17 **FIX            8
 **********
 **********
 **   18 **FIX            9
 **********
 **********
 **   19 **FIX           11
 **********
 **********
 **   20 **FIX           12
 **********
 PARAMETER   12  IS CONSTANT.   IGNORED.
 **********
 **   21 **FIX           14
 **********
 **********
 **   22 **FIX           15
 **********
 PARAMETER   15  IS CONSTANT.   IGNORED.
 **********
 **   23 **FIX           16
 **********
 **********
 **   24 **MIGRAD
 **********
 START MIGRAD MINIMIZATION.  STRATEGY  1.  CONVERGENCE WHEN EDM .LT. 1.00e-04
 FCN=359.547 FROM MIGRAD    STATUS=INITIATE       28 CALLS        1352 TOTAL
                     EDM= unknown      STRATEGY= 1      NO ERROR MATRIX       
  EXT PARAMETER               CURRENT GUESS       STEP         FIRST   
  NO.   NAME      VALUE            ERROR          SIZE      DERIVATIVE 
   1  N0           3.61770e+06   5.69726e+02   5.87908e+01   3.22072e-04
   2  tau          6.44109e+01   constant   
   3  A0           3.53800e-01   2.15649e-04  -1.58197e-05  -6.11919e+02
   4  phi          4.12578e+00   6.90972e-04  -1.81240e-07   3.00039e+01
   5  R           -6.03373e+01   constant   
   6  alpha_CBO    0.00000e+00   1.00000e-03   1.00000e-03  -1.41276e+05
   7  w_CBO        2.32500e+00   constant   
   8  beta_CBO     0.00000e+00     fixed    
   9  alpha_2CBO   0.00000e+00     fixed    
  10  beta_2CBO    0.00000e+00   1.00000e-03   1.00000e-03   6.98446e+02
  11  alpha_y      0.00000e+00     fixed    
  12  w_y          1.38860e+01   constant   
  13  beta_y       0.00000e+00   1.00000e-03   1.00000e-03   1.26153e+04
  14  alpha_vw     0.00000e+00     fixed    
  15  w_vw         1.43404e+01   constant   
  16  beta_vw      0.00000e+00     fixed    
  17  LM           1.86654e-04   constant   
  18  zeta_y       0.00000e+00   constant   
  19  zeta_vw      0.00000e+00   constant   
  20  T_CBO        2.57447e+01   5.58087e+00  -4.27388e-03  -3.23818e+01
  21  alpha_A0    -7.72874e-02   8.22366e-02  -1.22068e-02   1.35438e-01
  22  beta_A0      2.13476e+00   2.54020e+00   3.74327e-01  -3.78622e-02
  23  alpha_phi    6.46536e-01   7.54899e-01   1.11208e-01  -1.97297e-01
  24  beta_phi     3.51324e+00   4.12361e+00   6.07571e-01  -2.16978e-01
 CALL LIMIT EXCEEDED IN MIGRAD.
 MIGRAD TERMINATED WITHOUT CONVERGENCE.
 FCN=85.3036 FROM MIGRAD    STATUS=CALL LIMIT   1926 CALLS        3250 TOTAL
                     EDM=0.00446352    STRATEGY= 1  ERROR MATRIX UNCERTAINTY  19.5 per cent
  EXT PARAMETER                APPROXIMATE        STEP         FIRST   
  NO.   NAME      VALUE            ERROR          SIZE      DERIVATIVE 
   1  N0           3.61748e+06   5.97722e+02  -2.76680e-01   2.24052e-05
   2  tau          6.44109e+01   constant   
   3  A0           3.53610e-01   2.21575e-04   2.87198e-07  -1.68233e+01
   4  phi          4.12311e+00   6.89810e-04  -1.16760e-06  -1.39419e+01
   5  R           -6.03373e+01   constant   
   6  alpha_CBO    3.84511e-03   2.29887e-04   1.76966e-07  -1.48891e+02
   7  w_CBO        2.32500e+00   constant   
   8  beta_CBO     0.00000e+00     fixed    
   9  alpha_2CBO   0.00000e+00     fixed    
  10  beta_2CBO    2.37557e-04   2.24606e-04   2.68376e-07   9.95294e+01
  11  alpha_y      0.00000e+00     fixed    
  12  w_y          1.38860e+01   constant   
  13  beta_y      -3.21117e-04   2.16584e-04  -3.06355e-07  -2.07513e+02
  14  alpha_vw     0.00000e+00     fixed    
  15  w_vw         1.43404e+01   constant   
  16  beta_vw      0.00000e+00     fixed    
  17  LM           1.86654e-04   constant   
  18  zeta_y       0.00000e+00   constant   
  19  zeta_vw      0.00000e+00   constant   
  20  T_CBO        1.34654e+01   1.78117e+00   1.19648e-04  -1.50400e+00
  21  alpha_A0    -8.89690e+01   1.35816e+02   1.35309e-01   2.25079e-05
  22  beta_A0      9.21073e+02   1.59613e+03  -1.06009e+00  -1.48617e-04
  23  alpha_phi   -7.96686e+02   1.35531e+03   9.58547e-01   1.35046e-04
  24  beta_phi     1.77272e+03   3.11911e+03  -1.95379e+00   1.03096e-04
 EXTERNAL ERROR MATRIX.    NDIM=  25    NPAR= 11    ERR DEF=1
  3.573e+05 
 -1.484e-02  4.910e-08 
 -5.538e-03 -1.126e-09  4.758e-07 
 -1.469e-03 -2.521e-09 -3.881e-08  5.285e-08 
 -8.801e-03 -5.106e-10 -2.678e-09  4.710e-09  5.045e-08 
  2.259e-03  7.279e-11 -4.620e-09 -2.242e-09  6.384e-10  4.691e-08 
 -2.131e+01 -1.930e-05  1.526e-05  5.302e-05 -5.481e-05  8.643e-05  3.173e+00 
 -4.296e+03 -8.611e-04 -9.513e-04  4.230e-03 -3.442e-03  6.822e-03  2.385e+02  1.845e+04 
  4.768e+04  1.062e-02  9.756e-03 -4.983e-02  4.050e-02 -8.017e-02 -2.800e+03 -2.168e+05  2.548e+06 
 -4.069e+04 -8.959e-03 -8.179e-03  4.226e-02 -3.437e-02  6.807e-02  2.378e+03  1.841e+05 -2.163e+06  1.837e+06 
  9.343e+04  2.068e-02  1.892e-02 -9.738e-02  7.923e-02 -1.567e-01 -5.471e+03 -4.236e+05  4.978e+06 -4.227e+06  9.729e+06 
ERR MATRIX APPROXIMATE
 PARAMETER  CORRELATION COEFFICIENTS  
       NO.  GLOBAL      1      3      4      6     10     13     20     21     22     23     24
        1  0.39754   1.000 -0.112 -0.013 -0.011 -0.066  0.017 -0.020 -0.053  0.050 -0.050  0.050
        3  0.25382  -0.112  1.000 -0.007 -0.049 -0.010  0.002 -0.049 -0.029  0.030 -0.030  0.030
        4  0.33847  -0.013 -0.007  1.000 -0.245 -0.017 -0.031  0.012 -0.010  0.009 -0.009  0.009
        6  0.33119  -0.011 -0.049 -0.245  1.000  0.091 -0.045  0.129  0.135 -0.136  0.136 -0.136
       10  0.31163  -0.066 -0.010 -0.017  0.091  1.000  0.013 -0.137 -0.113  0.113 -0.113  0.113
       13  0.25758   0.017  0.002 -0.031 -0.045  0.013  1.000  0.224  0.232 -0.232  0.232 -0.232
       20  0.99203  -0.020 -0.049  0.012  0.129 -0.137  0.224  1.000  0.986 -0.985  0.985 -0.985
       21  0.99995  -0.053 -0.029 -0.010  0.135 -0.113  0.232  0.986  1.000 -1.000  1.000 -1.000
       22  1.00000   0.050  0.030  0.009 -0.136  0.113 -0.232 -0.985 -1.000  1.000 -1.000  1.000
       23  1.00000  -0.050 -0.030 -0.009  0.136 -0.113  0.232  0.985  1.000 -1.000  1.000 -1.000
       24  1.00000   0.050  0.030  0.009 -0.136  0.113 -0.232 -0.985 -1.000  1.000 -1.000  1.000
 ERR MATRIX APPROXIMATE
MINUIT - FIT ONLY 2-CBO
 **********
 **   25 **RES 
 **********
                   PARAMETER   16  beta_vw RESTORED TO VARIABLE.
                   PARAMETER   14  alpha_vw RESTORED TO VARIABLE.
                   PARAMETER   11  alpha_y RESTORED TO VARIABLE.
                   PARAMETER    9  alpha_2CBO RESTORED TO VARIABLE.
                   PARAMETER    8  beta_CBO RESTORED TO VARIABLE.
 **********
 **   26 **FIX            0
 **********
 PARAMETER    0  IS UNDEFINED. IGNORED.
 **********
 **   27 **FIX            1
 **********
 **********
 **   28 **FIX            2
 **********
 PARAMETER    2  IS CONSTANT.   IGNORED.
 **********
 **   29 **FIX            3
 **********
 **********
 **   30 **FIX            4
 **********
 **********
 **   31 **FIX            5
 **********
 PARAMETER    5  IS CONSTANT.   IGNORED.
 **********
 **   32 **FIX            6
 **********
 **********
 **   33 **FIX            7
 **********
 PARAMETER    7  IS CONSTANT.   IGNORED.
 **********
 **   34 **FIX           10
 **********
 **********
 **   35 **FIX           11
 **********
 **********
 **   36 **FIX           12
 **********
 PARAMETER   12  IS CONSTANT.   IGNORED.
 **********
 **   37 **FIX           13
 **********
 **********
 **   38 **FIX           14
 **********
 **********
 **   39 **FIX           15
 **********
 PARAMETER   15  IS CONSTANT.   IGNORED.
 **********
 **   40 **FIX           16
 **********
 **********
 **   41 **MIGRAD
 **********
 START MIGRAD MINIMIZATION.  STRATEGY  1.  CONVERGENCE WHEN EDM .LT. 1.00e-04
 FCN=85.3036 FROM MIGRAD    STATUS=INITIATE       18 CALLS        3268 TOTAL
                     EDM= unknown      STRATEGY= 1      NO ERROR MATRIX       
  EXT PARAMETER               CURRENT GUESS       STEP         FIRST   
  NO.   NAME      VALUE            ERROR          SIZE      DERIVATIVE 
   1  N0           3.61748e+06     fixed    
   2  tau          6.44109e+01   constant   
   3  A0           3.53610e-01     fixed    
   4  phi          4.12311e+00     fixed    
   5  R           -6.03373e+01   constant   
   6  alpha_CBO    3.84511e-03     fixed    
   7  w_CBO        2.32500e+00   constant   
   8  beta_CBO     0.00000e+00   1.00000e-03   1.00000e-03  -3.66801e+04
   9  alpha_2CBO   0.00000e+00   1.00000e-03   1.00000e-03  -1.74941e+04
  10  beta_2CBO    2.37557e-04     fixed    
  11  alpha_y      0.00000e+00     fixed    
  12  w_y          1.38860e+01   constant   
  13  beta_y      -3.21117e-04     fixed    
  14  alpha_vw     0.00000e+00     fixed    
  15  w_vw         1.43404e+01   constant   
  16  beta_vw      0.00000e+00     fixed    
  17  LM           1.86654e-04   constant   
  18  zeta_y       0.00000e+00   constant   
  19  zeta_vw      0.00000e+00   constant   
  20  T_CBO        1.34654e+01   1.78117e+00   1.19648e-04  -1.50407e+00
  21  alpha_A0    -8.89690e+01   1.35816e+02   1.35309e-01   2.25079e-05
  22  beta_A0      9.21073e+02   1.59613e+03  -1.06009e+00  -1.48617e-04
  23  alpha_phi   -7.96686e+02   1.35531e+03   9.58547e-01   1.35046e-04
  24  beta_phi     1.77272e+03   3.11911e+03  -1.95379e+00   1.03096e-04
 MIGRAD MINIMIZATION HAS CONVERGED.
 MIGRAD WILL VERIFY CONVERGENCE AND ERROR MATRIX.
 FCN=64.0396 FROM HESSE     STATUS=NOT POSDEF     50 CALLS        3398 TOTAL
                     EDM=0.00108776    STRATEGY= 1      ERR MATRIX NOT POS-DEF
  EXT PARAMETER                APPROXIMATE        STEP         FIRST   
  NO.   NAME      VALUE            ERROR          SIZE      DERIVATIVE 
   1  N0           3.61748e+06     fixed    
   2  tau          6.44109e+01   constant   
   3  A0           3.53610e-01     fixed    
   4  phi          4.12311e+00     fixed    
   5  R           -6.03373e+01   constant   
   6  alpha_CBO    3.84511e-03     fixed    
   7  w_CBO        2.32500e+00   constant   
   8  beta_CBO     9.62088e-04   2.32516e-04   9.08005e-07   4.25397e-02
   9  alpha_2CBO   4.11331e-04   2.33152e-04   8.92292e-07   1.12195e+00
  10  beta_2CBO    2.37557e-04     fixed    
  11  alpha_y      0.00000e+00     fixed    
  12  w_y          1.38860e+01   constant   
  13  beta_y      -3.21117e-04     fixed    
  14  alpha_vw     0.00000e+00     fixed    
  15  w_vw         1.43404e+01   constant   
  16  beta_vw      0.00000e+00     fixed    
  17  LM           1.86654e-04   constant   
  18  zeta_y       0.00000e+00   constant   
  19  zeta_vw      0.00000e+00   constant   
  20  T_CBO        1.33860e+01   5.34439e+00   1.16845e-05   7.85368e-01
  21  alpha_A0    -3.23877e+02   1.86866e+03   2.80541e+00  -4.76450e-07
  22  beta_A0      8.64206e+02   4.75512e+03   2.80075e+00  -6.19633e-07
  23  alpha_phi   -9.60916e+02   5.24882e+03   2.47755e+00   2.32735e-06
  24  beta_phi     1.50026e+03   8.06300e+03   2.64657e+00  -1.88883e-06
 CALL LIMIT EXCEEDED IN MIGRAD.
 MIGRAD TERMINATED WITHOUT CONVERGENCE.
 FCN=64.0101 FROM MIGRAD    STATUS=CALL LIMIT   1148 CALLS        4398 TOTAL
                     EDM=0.000421602    STRATEGY= 1      ERR MATRIX NOT POS-DEF
  EXT PARAMETER                APPROXIMATE        STEP         FIRST   
  NO.   NAME      VALUE            ERROR          SIZE      DERIVATIVE 
   1  N0           3.61748e+06     fixed    
   2  tau          6.44109e+01   constant   
   3  A0           3.53610e-01     fixed    
   4  phi          4.12311e+00     fixed    
   5  R           -6.03373e+01   constant   
   6  alpha_CBO    3.84511e-03     fixed    
   7  w_CBO        2.32500e+00   constant   
   8  beta_CBO     9.59880e-04   2.22095e-04   4.51140e-07   3.45077e+01
   9  alpha_2CBO   4.10910e-04   2.11792e-04  -1.56081e-06  -6.54538e+01
  10  beta_2CBO    2.37557e-04     fixed    
  11  alpha_y      0.00000e+00     fixed    
  12  w_y          1.38860e+01   constant   
  13  beta_y      -3.21117e-04     fixed    
  14  alpha_vw     0.00000e+00     fixed    
  15  w_vw         1.43404e+01   constant   
  16  beta_vw      0.00000e+00     fixed    
  17  LM           1.86654e-04   constant   
  18  zeta_y       0.00000e+00   constant   
  19  zeta_vw      0.00000e+00   constant   
  20  T_CBO        1.08126e+01   2.41933e+00  -5.78565e-05  -2.02354e+00
  21  alpha_A0    -8.03851e+03   2.89062e+04  -1.04725e+02  -5.67284e-07
  22  beta_A0      2.18871e+04   7.85997e+04   2.87939e+02  -5.88771e-07
  23  alpha_phi   -2.47297e+04   9.38756e+04  -3.63524e+02  -1.52481e-07
  24  beta_phi     3.64508e+04   1.31041e+05   4.89279e+02  -3.98239e-07
 EXTERNAL ERROR MATRIX.    NDIM=  25    NPAR=  7    ERR DEF=1
  4.933e-08 -1.434e-09 -1.481e-04 -1.761e+00  4.777e+00 -5.612e+00  7.946e+00 
 -1.434e-09  4.486e-08  2.783e-04  3.420e+00 -9.344e+00  1.087e+01 -1.552e+01 
 -1.481e-04  2.783e-04  5.854e+00  6.942e+04 -1.888e+05  2.250e+05 -3.157e+05 
 -1.761e+00  3.420e+00  6.942e+04  8.356e+08 -2.271e+09  2.668e+09 -3.780e+09 
  4.777e+00 -9.344e+00 -1.888e+05 -2.271e+09  6.178e+09 -7.260e+09  1.028e+10 
 -5.612e+00  1.087e+01  2.250e+05  2.668e+09 -7.260e+09  8.813e+09 -1.221e+10 
  7.946e+00 -1.552e+01 -3.157e+05 -3.780e+09  1.028e+10 -1.221e+10  1.717e+10 
ERR MATRIX NOT POS-DEF
 PARAMETER  CORRELATION COEFFICIENTS  
       NO.  GLOBAL      8      9     20     21     22     23     24
        8  0.31232   1.000 -0.030 -0.276 -0.274  0.274 -0.269  0.273
        9  0.60832  -0.030  1.000  0.543  0.559 -0.561  0.547 -0.559
       20  0.99592  -0.276  0.543  1.000  0.993 -0.993  0.990 -0.996
       21  0.99967  -0.274  0.559  0.993  1.000 -1.000  0.983 -0.998
       22  0.99993   0.274 -0.561 -0.993 -1.000  1.000 -0.984  0.998
       23  0.99968  -0.269  0.547  0.990  0.983 -0.984  1.000 -0.992
       24  0.99997   0.273 -0.559 -0.996 -0.998  0.998 -0.992  1.000
 ERR MATRIX NOT POS-DEF
MINUIT - FIT wiggle + 1-CBO + 2-CBO
 **********
 **   42 **RES 
 **********
                   PARAMETER   16  beta_vw RESTORED TO VARIABLE.
                   PARAMETER   14  alpha_vw RESTORED TO VARIABLE.
                   PARAMETER   13  beta_y RESTORED TO VARIABLE.
                   PARAMETER   11  alpha_y RESTORED TO VARIABLE.
                   PARAMETER   10  beta_2CBO RESTORED TO VARIABLE.
                   PARAMETER    6  alpha_CBO RESTORED TO VARIABLE.
                   PARAMETER    4  phi RESTORED TO VARIABLE.
                   PARAMETER    3  A0 RESTORED TO VARIABLE.
                   PARAMETER    1  N0 RESTORED TO VARIABLE.
 **********
 **   43 **FIX           10
 **********
 **********
 **   44 **FIX           11
 **********
 **********
 **   45 **FIX           12
 **********
 PARAMETER   12  IS CONSTANT.   IGNORED.
 **********
 **   46 **FIX           13
 **********
 **********
 **   47 **FIX           14
 **********
 **********
 **   48 **FIX           15
 **********
 PARAMETER   15  IS CONSTANT.   IGNORED.
 **********
 **   49 **FIX           16
 **********
 **********
 **   50 **MIGRAD
 **********
 START MIGRAD MINIMIZATION.  STRATEGY  1.  CONVERGENCE WHEN EDM .LT. 1.00e-04
 FCN=64.0101 FROM MIGRAD    STATUS=INITIATE       22 CALLS        4420 TOTAL
                     EDM= unknown      STRATEGY= 1      NO ERROR MATRIX       
  EXT PARAMETER               CURRENT GUESS       STEP         FIRST   
  NO.   NAME      VALUE            ERROR          SIZE      DERIVATIVE 
   1  N0           3.61748e+06   5.97722e+02   5.97722e+02  -1.03436e-03
   2  tau          6.44109e+01   constant   
   3  A0           3.53610e-01   2.21575e-04   2.21575e-04  -6.64862e+03
   4  phi          4.12311e+00   6.89810e-04   6.89810e-04   9.94173e+02
   5  R           -6.03373e+01   constant   
   6  alpha_CBO    3.84511e-03   2.29887e-04   2.29887e-04   5.29733e+02
   7  w_CBO        2.32500e+00   constant   
   8  beta_CBO     9.59880e-04   2.22095e-04   4.51140e-07   3.45077e+01
   9  alpha_2CBO   4.10910e-04   2.11792e-04  -1.56081e-06  -6.54538e+01
  10  beta_2CBO    2.37557e-04     fixed    
  11  alpha_y      0.00000e+00     fixed    
  12  w_y          1.38860e+01   constant   
  13  beta_y      -3.21117e-04     fixed    
  14  alpha_vw     0.00000e+00     fixed    
  15  w_vw         1.43404e+01   constant   
  16  beta_vw      0.00000e+00     fixed    
  17  LM           1.86654e-04   constant   
  18  zeta_y       0.00000e+00   constant   
  19  zeta_vw      0.00000e+00   constant   
  20  T_CBO        1.08126e+01   2.41933e+00  -5.78565e-05  -2.02357e+00
  21  alpha_A0    -8.03851e+03   2.89062e+04  -1.04725e+02  -5.67283e-07
  22  beta_A0      2.18871e+04   7.85997e+04   2.87939e+02  -5.88771e-07
  23  alpha_phi   -2.47297e+04   9.38756e+04  -3.63524e+02  -1.52481e-07
  24  beta_phi     3.64508e+04   1.31041e+05   4.89279e+02  -3.98239e-07
 MIGRAD MINIMIZATION HAS CONVERGED.
 MIGRAD WILL VERIFY CONVERGENCE AND ERROR MATRIX.
 FCN=63.2579 FROM MIGRAD    STATUS=CONVERGED     241 CALLS        4639 TOTAL
                     EDM=3.51197e-06    STRATEGY= 1      ERR MATRIX NOT POS-DEF
  EXT PARAMETER                APPROXIMATE        STEP         FIRST   
  NO.   NAME      VALUE            ERROR          SIZE      DERIVATIVE 
   1  N0           3.61761e+06   6.28017e+02   2.26613e+00   1.47596e-06
   2  tau          6.44109e+01   constant   
   3  A0           3.53779e-01   2.31015e-04   8.47680e-07  -1.88282e+00
   4  phi          4.12286e+00   7.10655e-04   2.59784e-06  -1.78834e+00
   5  R           -6.03373e+01   constant   
   6  alpha_CBO    3.83548e-03   2.33236e-04   8.78741e-07  -7.66629e+00
   7  w_CBO        2.32500e+00   constant   
   8  beta_CBO     1.00598e-03   2.39294e-04   9.02485e-07  -3.26903e-02
   9  alpha_2CBO   4.00377e-04   2.34181e-04   8.86864e-07  -4.34448e+00
  10  beta_2CBO    2.37557e-04     fixed    
  11  alpha_y      0.00000e+00     fixed    
  12  w_y          1.38860e+01   constant   
  13  beta_y      -3.21117e-04     fixed    
  14  alpha_vw     0.00000e+00     fixed    
  15  w_vw         1.43404e+01   constant   
  16  beta_vw      0.00000e+00     fixed    
  17  LM           1.86654e-04   constant   
  18  zeta_y       0.00000e+00   constant   
  19  zeta_vw      0.00000e+00   constant   
  20  T_CBO        1.07980e+01   3.53583e+00   8.76027e-06   4.97271e-02
  21  alpha_A0    -6.94376e+03   4.23783e+04   2.16023e+01   1.72468e-08
  22  beta_A0      2.28134e+04   1.27822e+05   2.16150e+01  -2.05917e-08
  23  alpha_phi   -2.32502e+04   1.28535e+05   2.13219e+01  -1.16290e-08
  24  beta_phi     3.58959e+04   1.95782e+05   2.14787e+01   1.85022e-08
 EXTERNAL ERROR MATRIX.    NDIM=  25    NPAR= 11    ERR DEF=1
  3.944e+05 
 -2.137e-02  5.337e-08 
  5.585e-03 -1.604e-09  5.050e-07 
 -3.391e-03 -3.792e-09 -3.907e-08  5.440e-08 
  1.063e-02  9.375e-09 -2.025e-08 -1.066e-09  5.726e-08 
 -5.489e-03 -1.402e-09  8.624e-09  6.976e-10 -4.671e-09  5.484e-08 
  7.654e+01 -3.480e-05 -1.996e-04  2.173e-06  2.590e-05 -1.174e-05  1.251e+01 
 -2.236e+06  1.518e-01 -4.203e+00  3.141e-02  4.254e-01 -9.223e-01  1.332e+05  1.796e+09 
 -4.374e+06  1.838e+00  8.852e+00 -1.922e-01 -1.396e+00  8.348e-01 -4.471e+05 -4.765e+09  1.634e+10 
  1.891e+06 -4.415e-01 -6.410e+00 -4.592e-01  9.683e-01 -4.950e-01  4.508e+05  4.831e+09 -1.611e+10  1.652e+10 
 -1.554e+06  1.374e+00  1.311e+01 -3.614e-01 -1.820e+00  1.253e-01 -6.894e+05 -7.378e+09  2.463e+10 -2.486e+10  3.833e+10 
ERR MATRIX NOT POS-DEF
 PARAMETER  CORRELATION COEFFICIENTS  
       NO.  GLOBAL      1      3      4      6      8      9     20     21     22     23     24
        1  0.38103   1.000 -0.147  0.013 -0.023  0.071 -0.037  0.034 -0.084 -0.054  0.023 -0.013
        3  0.35337  -0.147  1.000 -0.010 -0.070  0.170 -0.026 -0.043  0.016  0.062 -0.015  0.030
        4  0.36257   0.013 -0.010  1.000 -0.236 -0.119  0.052 -0.079 -0.140  0.097 -0.070  0.094
        6  0.27820  -0.023 -0.070 -0.236  1.000 -0.019  0.013  0.003  0.003 -0.006 -0.015 -0.008
        8  0.27479   0.071  0.170 -0.119 -0.019  1.000 -0.083  0.031  0.042 -0.046  0.031 -0.039
        9  0.26044  -0.037 -0.026  0.052  0.013 -0.083  1.000 -0.014 -0.093  0.028 -0.016  0.003
       20  0.99787   0.034 -0.043 -0.079  0.003  0.031 -0.014  1.000  0.889 -0.989  0.992 -0.996
       21  0.90379  -0.084  0.016 -0.140  0.003  0.042 -0.093  0.889  1.000 -0.880  0.887 -0.889
       22  0.98975  -0.054  0.062  0.097 -0.006 -0.046  0.028 -0.989 -0.880  1.000 -0.980  0.984
       23  0.99223   0.023 -0.015 -0.070 -0.015  0.031 -0.016  0.992  0.887 -0.980  1.000 -0.988
       24  0.99618  -0.013  0.030  0.094 -0.008 -0.039  0.003 -0.996 -0.889  0.984 -0.988  1.000
 ERR MATRIX NOT POS-DEF
MINUIT - FIT ONLY 1-y
 **********
 **   51 **RES 
 **********
                   PARAMETER   16  beta_vw RESTORED TO VARIABLE.
                   PARAMETER   14  alpha_vw RESTORED TO VARIABLE.
                   PARAMETER   13  beta_y RESTORED TO VARIABLE.
                   PARAMETER   11  alpha_y RESTORED TO VARIABLE.
                   PARAMETER   10  beta_2CBO RESTORED TO VARIABLE.
 **********
 **   52 **FIX            0
 **********
 PARAMETER    0  IS UNDEFINED. IGNORED.
 **********
 **   53 **FIX            1
 **********
 **********
 **   54 **FIX            2
 **********
 PARAMETER    2  IS CONSTANT.   IGNORED.
 **********
 **   55 **FIX            3
 **********
 **********
 **   56 **FIX            4
 **********
 **********
 **   57 **FIX            5
 **********
 PARAMETER    5  IS CONSTANT.   IGNORED.
 **********
 **   58 **FIX            6
 **********
 **********
 **   59 **FIX            7
 **********
 PARAMETER    7  IS CONSTANT.   IGNORED.
 **********
 **   60 **FIX            8
 **********
 **********
 **   61 **FIX            9
 **********
 **********
 **   62 **FIX           13
 **********
 **********
 **   63 **FIX           14
 **********
 **********
 **   64 **FIX           15
 **********
 PARAMETER   15  IS CONSTANT.   IGNORED.
 **********
 **   65 **FIX           16
 **********
 **********
 **   66 **MIGRAD
 **********
 START MIGRAD MINIMIZATION.  STRATEGY  1.  CONVERGENCE WHEN EDM .LT. 1.00e-04
 FCN=63.2579 FROM MIGRAD    STATUS=INITIATE       16 CALLS        4655 TOTAL
                     EDM= unknown      STRATEGY= 1      NO ERROR MATRIX       
  EXT PARAMETER               CURRENT GUESS       STEP         FIRST   
  NO.   NAME      VALUE            ERROR          SIZE      DERIVATIVE 
   1  N0           3.61761e+06     fixed    
   2  tau          6.44109e+01   constant   
   3  A0           3.53779e-01     fixed    
   4  phi          4.12286e+00     fixed    
   5  R           -6.03373e+01   constant   
   6  alpha_CBO    3.83548e-03     fixed    
   7  w_CBO        2.32500e+00   constant   
   8  beta_CBO     1.00598e-03     fixed    
   9  alpha_2CBO   4.00377e-04     fixed    
  10  beta_2CBO    2.37557e-04   2.24606e-04   2.24606e-04   1.58773e+03
  11  alpha_y      0.00000e+00   1.00000e-03   1.00000e-03  -9.55214e+02
  12  w_y          1.38860e+01   constant   
  13  beta_y      -3.21117e-04     fixed    
  14  alpha_vw     0.00000e+00     fixed    
  15  w_vw         1.43404e+01   constant   
  16  beta_vw      0.00000e+00     fixed    
  17  LM           1.86654e-04   constant   
  18  zeta_y       0.00000e+00   constant   
  19  zeta_vw      0.00000e+00   constant   
  20  T_CBO        1.07980e+01   3.53583e+00   8.76027e-06   5.18546e-02
  21  alpha_A0    -6.94376e+03   4.23783e+04   2.16023e+01   1.72428e-08
  22  beta_A0      2.28134e+04   1.27822e+05   2.16150e+01  -2.05955e-08
  23  alpha_phi   -2.32502e+04   1.28535e+05   2.13219e+01  -1.16289e-08
  24  beta_phi     3.58959e+04   1.95782e+05   2.14787e+01   1.85023e-08
 MIGRAD MINIMIZATION HAS CONVERGED.
 MIGRAD WILL VERIFY CONVERGENCE AND ERROR MATRIX.
 FCN=63.2121 FROM MIGRAD    STATUS=CONVERGED     112 CALLS        4751 TOTAL
                     EDM=2.68114e-05    STRATEGY= 1      ERR MATRIX NOT POS-DEF
  EXT PARAMETER                APPROXIMATE        STEP         FIRST   
  NO.   NAME      VALUE            ERROR          SIZE      DERIVATIVE 
   1  N0           3.61761e+06     fixed    
   2  tau          6.44109e+01   constant   
   3  A0           3.53779e-01     fixed    
   4  phi          4.12286e+00     fixed    
   5  R           -6.03373e+01   constant   
   6  alpha_CBO    3.83548e-03     fixed    
   7  w_CBO        2.32500e+00   constant   
   8  beta_CBO     1.00598e-03     fixed    
   9  alpha_2CBO   4.00377e-04     fixed    
  10  beta_2CBO    1.94493e-04   2.33992e-04   8.93610e-07   5.06448e+00
  11  alpha_y      2.42154e-05   2.27470e-04   8.91111e-07   5.98535e+00
  12  w_y          1.38860e+01   constant   
  13  beta_y      -3.21117e-04     fixed    
  14  alpha_vw     0.00000e+00     fixed    
  15  w_vw         1.43404e+01   constant   
  16  beta_vw      0.00000e+00     fixed    
  17  LM           1.86654e-04   constant   
  18  zeta_y       0.00000e+00   constant   
  19  zeta_vw      0.00000e+00   constant   
  20  T_CBO        1.08014e+01   3.55946e+00   8.64620e-06  -2.06490e-01
  21  alpha_A0    -6.72873e+03   4.08838e+04   2.15820e+01   4.31308e-08
  22  beta_A0      2.32498e+04   1.30548e+05   2.15948e+01   2.36779e-08
  23  alpha_phi   -2.35347e+04   1.31098e+05   2.12988e+01  -3.00997e-08
  24  beta_phi     3.58248e+04   1.96394e+05   2.14572e+01  -9.87742e-08
 EXTERNAL ERROR MATRIX.    NDIM=  25    NPAR=  7    ERR DEF=1
  5.475e-08  9.469e-10  1.111e-05 -1.755e-01 -1.070e+00  9.534e-01 -8.098e-01 
  9.469e-10  5.174e-08  1.126e-06 -1.079e-01  1.687e-03  1.005e-01 -1.064e-01 
  1.111e-05  1.126e-06  1.267e+01  1.304e+05 -4.601e+05  4.632e+05 -6.966e+05 
 -1.755e-01 -1.079e-01  1.304e+05  1.671e+09 -4.738e+09  4.782e+09 -7.178e+09 
 -1.070e+00  1.687e-03 -4.601e+05 -4.738e+09  1.704e+10 -1.683e+10  2.529e+10 
  9.534e-01  1.005e-01  4.632e+05  4.782e+09 -1.683e+10  1.719e+10 -2.546e+10 
 -8.098e-01 -1.064e-01 -6.966e+05 -7.178e+09  2.529e+10 -2.546e+10  3.857e+10 
ERR MATRIX NOT POS-DEF
 PARAMETER  CORRELATION COEFFICIENTS  
       NO.  GLOBAL     10     11     20     21     22     23     24
       10  0.22629   1.000  0.018  0.013 -0.018 -0.035  0.031 -0.018
       11  0.04032   0.018  1.000  0.001 -0.012  0.000  0.003 -0.002
       20  0.99794   0.013  0.001  1.000  0.896 -0.990  0.992 -0.996
       21  0.89737  -0.018 -0.012  0.896  1.000 -0.888  0.892 -0.894
       22  0.99028  -0.035  0.000 -0.990 -0.888  1.000 -0.983  0.986
       23  0.99261   0.031  0.003  0.992  0.892 -0.983  1.000 -0.989
       24  0.99624  -0.018 -0.002 -0.996 -0.894  0.986 -0.989  1.000
 ERR MATRIX NOT POS-DEF
MINUIT - FIT ONLY 2-y
 **********
 **   67 **RES 
 **********
                   PARAMETER   16  beta_vw RESTORED TO VARIABLE.
                   PARAMETER   14  alpha_vw RESTORED TO VARIABLE.
                   PARAMETER   13  beta_y RESTORED TO VARIABLE.
                   PARAMETER    9  alpha_2CBO RESTORED TO VARIABLE.
                   PARAMETER    8  beta_CBO RESTORED TO VARIABLE.
                   PARAMETER    6  alpha_CBO RESTORED TO VARIABLE.
                   PARAMETER    4  phi RESTORED TO VARIABLE.
                   PARAMETER    3  A0 RESTORED TO VARIABLE.
                   PARAMETER    1  N0 RESTORED TO VARIABLE.
 **********
 **   68 **FIX            0
 **********
 PARAMETER    0  IS UNDEFINED. IGNORED.
 **********
 **   69 **FIX            1
 **********
 **********
 **   70 **FIX            2
 **********
 PARAMETER    2  IS CONSTANT.   IGNORED.
 **********
 **   71 **FIX            3
 **********
 **********
 **   72 **FIX            4
 **********
 **********
 **   73 **FIX            5
 **********
 PARAMETER    5  IS CONSTANT.   IGNORED.
 **********
 **   74 **FIX            6
 **********
 **********
 **   75 **FIX            7
 **********
 PARAMETER    7  IS CONSTANT.   IGNORED.
 **********
 **   76 **FIX            8
 **********
 **********
 **   77 **FIX            9
 **********
 **********
 **   78 **FIX           10
 **********
 **********
 **   79 **FIX           11
 **********
 **********
 **   80 **FIX           12
 **********
 PARAMETER   12  IS CONSTANT.   IGNORED.
 **********
 **   81 **FIX           16
 **********
 **********
 **   82 **MIGRAD
 **********
 START MIGRAD MINIMIZATION.  STRATEGY  1.  CONVERGENCE WHEN EDM .LT. 1.00e-04
 FCN=63.2121 FROM MIGRAD    STATUS=INITIATE       16 CALLS        4767 TOTAL
                     EDM= unknown      STRATEGY= 1      NO ERROR MATRIX       
  EXT PARAMETER               CURRENT GUESS       STEP         FIRST   
  NO.   NAME      VALUE            ERROR          SIZE      DERIVATIVE 
   1  N0           3.61761e+06     fixed    
   2  tau          6.44109e+01   constant   
   3  A0           3.53779e-01     fixed    
   4  phi          4.12286e+00     fixed    
   5  R           -6.03373e+01   constant   
   6  alpha_CBO    3.83548e-03     fixed    
   7  w_CBO        2.32500e+00   constant   
   8  beta_CBO     1.00598e-03     fixed    
   9  alpha_2CBO   4.00377e-04     fixed    
  10  beta_2CBO    1.94493e-04     fixed    
  11  alpha_y      2.42154e-05     fixed    
  12  w_y          1.38860e+01   constant   
  13  beta_y      -3.21117e-04   2.16584e-04   2.16584e-04   1.30302e+01
  14  alpha_vw     0.00000e+00   1.00000e-03   1.00000e-03  -6.43542e+03
  15  w_vw         1.43404e+01   constant   
  16  beta_vw      0.00000e+00     fixed    
  17  LM           1.86654e-04   constant   
  18  zeta_y       0.00000e+00   constant   
  19  zeta_vw      0.00000e+00   constant   
  20  T_CBO        1.08014e+01   3.55946e+00   8.64620e-06  -2.04346e-01
  21  alpha_A0    -6.72873e+03   4.08838e+04   2.15820e+01   4.31261e-08
  22  beta_A0      2.32498e+04   1.30548e+05   2.15948e+01   2.36727e-08
  23  alpha_phi   -2.35347e+04   1.31098e+05   2.12988e+01  -3.00998e-08
  24  beta_phi     3.58248e+04   1.96394e+05   2.14572e+01  -9.87741e-08
 MIGRAD MINIMIZATION HAS CONVERGED.
 MIGRAD WILL VERIFY CONVERGENCE AND ERROR MATRIX.
 FCN=62.6535 FROM MIGRAD    STATUS=CONVERGED     113 CALLS        4864 TOTAL
                     EDM=2.54881e-05    STRATEGY= 1      ERR MATRIX NOT POS-DEF
  EXT PARAMETER                APPROXIMATE        STEP         FIRST   
  NO.   NAME      VALUE            ERROR          SIZE      DERIVATIVE 
   1  N0           3.61761e+06     fixed    
   2  tau          6.44109e+01   constant   
   3  A0           3.53779e-01     fixed    
   4  phi          4.12286e+00     fixed    
   5  R           -6.03373e+01   constant   
   6  alpha_CBO    3.83548e-03     fixed    
   7  w_CBO        2.32500e+00   constant   
   8  beta_CBO     1.00598e-03     fixed    
   9  alpha_2CBO   4.00377e-04     fixed    
  10  beta_2CBO    1.94493e-04     fixed    
  11  alpha_y      2.42154e-05     fixed    
  12  w_y          1.38860e+01   constant   
  13  beta_y      -2.86378e-04   2.31501e-04   8.85071e-07   2.50456e-01
  14  alpha_vw     1.73649e-04   2.31832e-04   8.86461e-07  -1.30563e-01
  15  w_vw         1.43404e+01   constant   
  16  beta_vw      0.00000e+00     fixed    
