 + ++++++++++++++++++++++++++++++++++++++++++++++++++++++++++++++++++++ +
 +                                                                      +
 +           You have chose to blind your fitting according to          +
 +                omega_ref * (1 + (R +/- deltaR) *10^{-6})             +
 +                                                                      +
 + ++++++++++++++++++++++++++++++++++++++++++++++++++++++++++++++++++++ +
In main()...
reading format from /gm2data/zkhechad/run45/envelope/formats/formatB_sBin_constraintOn.txt
pBinTau 	= 0  
pBinPhi 	= 0  
constraintau 	= 1 
includeMopTerm 	= 0    
constrainMop    = 0   
Parameters after format file: pBinTau 0 pBinPhi 0 constraintau 1 includeMopTerm 0 constrainMop 0 c_e_scale 0.000000 
Opening file /gm2data/tbarrett/gm2fr/studies/run23_bunch_corrections/CorrectedFourier_Run3b.root.
reading full fit data from /gm2data/zkhechad/cboTemplates/Run4CBOTemplates/fullFits/noRF/sBin_constraintOn_cE0.0_seed0_noRF_calo19.root
windowBins = 69
fitting sliding window 1960 from bin 2096 at 312.574000 to bin 2165 at 323.018000 (69 bins)

Reading data from /gm2data/cornell/histograms/aMethod/histogram_a_noRF.root
 **********
 **    1 **SET PRINTOUT            1
 **********
 **********
 **    2 **SET NOWARNINGS 
 **********
 PARAMETER DEFINITIONS:
    NO.   NAME         VALUE      STEP SIZE      LIMITS
     1 N0           3.18973e+06  1.00000e+02     no limits
     2 tau          6.43945e+01  constant
     3 A0           3.47817e-01  1.00000e-04     no limits
     4 phi          4.13218e+00  1.00000e-02     no limits
     5 R           -5.98741e+01  constant
     6 alpha_CBO    0.00000e+00  1.00000e-03     no limits
     7 w_CBO        2.32500e+00  constant
     8 beta_CBO     0.00000e+00  1.00000e-03     no limits
     9 alpha_2CBO   0.00000e+00  1.00000e-03     no limits
    10 beta_2CBO    0.00000e+00  1.00000e-03     no limits
    11 alpha_y      0.00000e+00  1.00000e-03     no limits
    12 w_y          1.38860e+01  constant
    13 beta_y       0.00000e+00  1.00000e-03     no limits
    14 alpha_vw     0.00000e+00  1.00000e-03     no limits
    15 w_vw         1.43404e+01  constant
    16 beta_vw      0.00000e+00  1.00000e-03     no limits
    17 LM          -2.15884e-04  constant
    18 zeta_y       0.00000e+00  constant
    19 zeta_vw      0.00000e+00  constant
    20 T_CBO        1.00000e+02  1.00000e+00    0.00000e+00  1.00000e+03
    21 alpha_A0     0.00000e+00  1.00000e-03     no limits
    22 beta_A0      0.00000e+00  1.00000e-03     no limits
    23 alpha_phi    0.00000e+00  1.00000e-03     no limits
    24 beta_phi     0.00000e+00  1.00000e-03     no limits
MINUIT - FIT ONLY WIGGLE
 **********
 **    3 **FIX            5
 **********
 PARAMETER    5  IS CONSTANT.   IGNORED.
 **********
 **    4 **FIX            6
 **********
 **********
 **    5 **FIX            7
 **********
 PARAMETER    7  IS CONSTANT.   IGNORED.
 **********
 **    6 **FIX            8
 **********
 **********
 **    7 **FIX            9
 **********
 **********
 **    8 **FIX           10
 **********
 **********
 **    9 **FIX           11
 **********
 **********
 **   10 **FIX           12
 **********
 PARAMETER   12  IS CONSTANT.   IGNORED.
 **********
 **   11 **FIX           13
 **********
 **********
 **   12 **FIX           14
 **********
 **********
 **   13 **FIX           15
 **********
 PARAMETER   15  IS CONSTANT.   IGNORED.
 **********
 **   14 **FIX           16
 **********
 **********
 **   15 **MIGRAD
 **********
 FIRST CALL TO USER FUNCTION AT NEW START POINT, WITH IFLAG=4.
 START MIGRAD MINIMIZATION.  STRATEGY  1.  CONVERGENCE WHEN EDM .LT. 1.00e-04
 FCN=94.4295 FROM MIGRAD    STATUS=INITIATE      437 CALLS         438 TOTAL
                     EDM= unknown      STRATEGY= 1      NO ERROR MATRIX       
  EXT PARAMETER               CURRENT GUESS       STEP         FIRST   
  NO.   NAME      VALUE            ERROR          SIZE      DERIVATIVE 
   1  N0           3.18973e+06   1.00000e+02   0.00000e+00   1.07588e-03
   2  tau          6.43945e+01   constant   
   3  A0           3.47817e-01   1.00000e-04   0.00000e+00  -1.59835e+03
   4  phi          4.13218e+00   1.00000e-02   0.00000e+00   7.69706e+02
   5  R           -5.98741e+01   constant   
   6  alpha_CBO    0.00000e+00     fixed    
   7  w_CBO        2.32500e+00   constant   
   8  beta_CBO     0.00000e+00     fixed    
   9  alpha_2CBO   0.00000e+00     fixed    
  10  beta_2CBO    0.00000e+00     fixed    
  11  alpha_y      0.00000e+00     fixed    
  12  w_y          1.38860e+01   constant   
  13  beta_y       0.00000e+00     fixed    
  14  alpha_vw     0.00000e+00     fixed    
  15  w_vw         1.43404e+01   constant   
  16  beta_vw      0.00000e+00     fixed    
  17  LM          -2.15884e-04   constant   
  18  zeta_y       0.00000e+00   constant   
  19  zeta_vw      0.00000e+00   constant   
  20  T_CBO        1.00000e+02   1.00000e+00   0.00000e+00   0.00000e+00
  21  alpha_A0     0.00000e+00   1.00000e-03   0.00000e+00  -1.57177e+01
  22  beta_A0      0.00000e+00   1.00000e-03   0.00000e+00   9.68185e+00
  23  alpha_phi    0.00000e+00   1.00000e-03   0.00000e+00  -4.37927e+00
  24  beta_phi     0.00000e+00   1.00000e-03   0.00000e+00   8.83120e+00
 CALL LIMIT EXCEEDED IN MIGRAD.
 MIGRAD TERMINATED WITHOUT CONVERGENCE.
 FCN=91.9913 FROM MIGRAD    STATUS=CALL LIMIT   1327 CALLS        1328 TOTAL
                     EDM=0.00103803    STRATEGY= 1  ERROR MATRIX UNCERTAINTY   0.1 per cent
  EXT PARAMETER                APPROXIMATE        STEP         FIRST   
  NO.   NAME      VALUE            ERROR          SIZE      DERIVATIVE 
   1  N0           3.18822e+06   1.58031e+03   9.45313e-01  -2.43710e-06
   2  tau          6.43945e+01   constant   
   3  A0           3.48338e-01   6.79939e-04   1.51317e-07   6.35652e+00
   4  phi          4.13072e+00   1.99363e-03  -1.57549e-06  -9.35622e-01
   5  R           -5.98741e+01   constant   
   6  alpha_CBO    0.00000e+00     fixed    
   7  w_CBO        2.32500e+00   constant   
   8  beta_CBO     0.00000e+00     fixed    
   9  alpha_2CBO   0.00000e+00     fixed    
  10  beta_2CBO    0.00000e+00     fixed    
  11  alpha_y      0.00000e+00     fixed    
  12  w_y          1.38860e+01   constant   
  13  beta_y       0.00000e+00     fixed    
  14  alpha_vw     0.00000e+00     fixed    
  15  w_vw         1.43404e+01   constant   
  16  beta_vw      0.00000e+00     fixed    
  17  LM          -2.15884e-04   constant   
  18  zeta_y       0.00000e+00   constant   
  19  zeta_vw      0.00000e+00   constant   
  20  T_CBO        8.22493e+02   5.00193e+02   1.92481e-01  -7.07188e-03
  21  alpha_A0     3.11199e-03   1.01993e-02  -1.51250e-04  -5.28182e+00
  22  beta_A0      7.96287e-05   4.85837e-03   1.30210e-05   1.76416e+00
  23  alpha_phi    1.40168e-03   5.84858e-03  -1.12255e-04  -2.92339e+00
  24  beta_phi    -2.39396e-03   7.66417e-03   1.07899e-04   1.66511e+00
 EXTERNAL ERROR MATRIX.    NDIM=  25    NPAR=  8    ERR DEF=1
  2.497e+06 -6.081e-02 -2.947e-01 -5.236e+04 -3.999e-01 -1.662e+00 -1.476e+00  7.338e-01 
 -6.081e-02  4.623e-07 -6.491e-08  5.127e-02  3.234e-07  3.873e-07  1.995e-07 -3.473e-07 
 -2.947e-01 -6.491e-08  3.975e-06  1.815e-02 -1.108e-06  7.308e-08  1.063e-06  8.794e-07 
 -5.236e+04  5.127e-02  1.815e-02  1.712e+07 -3.829e+01  1.123e-01 -1.669e+01  2.624e+01 
 -3.999e-01  3.234e-07 -1.108e-06 -3.829e+01  1.040e-04  8.259e-06  2.928e-05 -5.828e-05 
 -1.662e+00  3.873e-07  7.308e-08  1.123e-01  8.259e-06  2.360e-05  1.426e-06 -2.658e-06 
 -1.476e+00  1.995e-07  1.063e-06 -1.669e+01  2.928e-05  1.426e-06  3.421e-05 -2.290e-05 
  7.338e-01 -3.473e-07  8.794e-07  2.624e+01 -5.828e-05 -2.658e-06 -2.290e-05  5.874e-05 
ERR MATRIX APPROXIMATE
 PARAMETER  CORRELATION COEFFICIENTS  
       NO.  GLOBAL      1      3      4     20     21     22     23     24
        1  0.37149   1.000 -0.057 -0.094 -0.008 -0.025 -0.216 -0.160  0.061
        3  0.29701  -0.057  1.000 -0.048  0.018  0.047  0.117  0.050 -0.067
        4  0.20953  -0.094 -0.048  1.000  0.002 -0.055  0.008  0.091  0.058
       20  0.97663  -0.008  0.018  0.002  1.000 -0.907  0.006 -0.690  0.828
       21  0.95152  -0.025  0.047 -0.055 -0.907  1.000  0.167  0.491 -0.746
       22  0.54358  -0.216  0.117  0.008  0.006  0.167  1.000  0.050 -0.071
       23  0.82686  -0.160  0.050  0.091 -0.690  0.491  0.050  1.000 -0.511
       24  0.85571   0.061 -0.067  0.058  0.828 -0.746 -0.071 -0.511  1.000
 ERR MATRIX APPROXIMATE
MINUIT - FIT ONLY 1-CBO + wiggle
 **********
 **   16 **RES 
 **********
                   PARAMETER   16  beta_vw RESTORED TO VARIABLE.
                   PARAMETER   14  alpha_vw RESTORED TO VARIABLE.
                   PARAMETER   13  beta_y RESTORED TO VARIABLE.
                   PARAMETER   11  alpha_y RESTORED TO VARIABLE.
                   PARAMETER   10  beta_2CBO RESTORED TO VARIABLE.
                   PARAMETER    9  alpha_2CBO RESTORED TO VARIABLE.
                   PARAMETER    8  beta_CBO RESTORED TO VARIABLE.
                   PARAMETER    6  alpha_CBO RESTORED TO VARIABLE.
 **********
 **   17 **FIX            8
 **********
 **********
 **   18 **FIX            9
 **********
 **********
 **   19 **FIX           11
 **********
 **********
 **   20 **FIX           12
 **********
 PARAMETER   12  IS CONSTANT.   IGNORED.
 **********
 **   21 **FIX           14
 **********
 **********
 **   22 **FIX           15
 **********
 PARAMETER   15  IS CONSTANT.   IGNORED.
 **********
 **   23 **FIX           16
 **********
 **********
 **   24 **MIGRAD
 **********
 START MIGRAD MINIMIZATION.  STRATEGY  1.  CONVERGENCE WHEN EDM .LT. 1.00e-04
 FCN=91.9913 FROM MIGRAD    STATUS=INITIATE       28 CALLS        1356 TOTAL
                     EDM= unknown      STRATEGY= 1      NO ERROR MATRIX       
  EXT PARAMETER               CURRENT GUESS       STEP         FIRST   
  NO.   NAME      VALUE            ERROR          SIZE      DERIVATIVE 
   1  N0           3.18822e+06   1.58031e+03   9.45313e-01  -2.43710e-06
   2  tau          6.43945e+01   constant   
   3  A0           3.48338e-01   6.79939e-04   1.51317e-07   6.35652e+00
   4  phi          4.13072e+00   1.99363e-03  -1.57549e-06  -9.35622e-01
   5  R           -5.98741e+01   constant   
   6  alpha_CBO    0.00000e+00   1.00000e-03   1.00000e-03  -1.32007e+04
   7  w_CBO        2.32500e+00   constant   
   8  beta_CBO     0.00000e+00     fixed    
   9  alpha_2CBO   0.00000e+00     fixed    
  10  beta_2CBO    0.00000e+00   1.00000e-03   1.00000e-03  -2.25966e+02
  11  alpha_y      0.00000e+00     fixed    
  12  w_y          1.38860e+01   constant   
  13  beta_y       0.00000e+00   1.00000e-03   1.00000e-03   5.20348e+03
  14  alpha_vw     0.00000e+00     fixed    
  15  w_vw         1.43404e+01   constant   
  16  beta_vw      0.00000e+00     fixed    
  17  LM          -2.15884e-04   constant   
  18  zeta_y       0.00000e+00   constant   
  19  zeta_vw      0.00000e+00   constant   
  20  T_CBO        8.22493e+02   5.00193e+02   1.92481e-01  -7.08572e-03
  21  alpha_A0     3.11199e-03   1.01993e-02  -1.51250e-04  -5.28182e+00
  22  beta_A0      7.96287e-05   4.85837e-03   1.30210e-05   1.76416e+00
  23  alpha_phi    1.40168e-03   5.84858e-03  -1.12255e-04  -2.92339e+00
  24  beta_phi    -2.39396e-03   7.66417e-03   1.07899e-04   1.66511e+00
 MIGRAD MINIMIZATION HAS CONVERGED.
 MIGRAD WILL VERIFY CONVERGENCE AND ERROR MATRIX.
 COVARIANCE MATRIX CALCULATED SUCCESSFULLY
 FCN=65.8607 FROM HESSE     STATUS=OK            100 CALLS        1631 TOTAL
                     EDM=0.000181851    STRATEGY= 1      ERROR MATRIX ACCURATE 
  EXT PARAMETER                                   STEP         FIRST   
  NO.   NAME      VALUE            ERROR          SIZE      DERIVATIVE 
   1  N0           3.18771e+06   1.67162e+03   6.00637e+00  -6.48894e-07
   2  tau          6.43945e+01   constant   
   3  A0           3.47659e-01   7.00086e-04   2.66120e-06  -4.02994e-01
   4  phi          4.13042e+00   2.02743e-03   7.90897e-06   8.01124e-01
   5  R           -5.98741e+01   constant   
   6  alpha_CBO    3.48339e-03   7.28945e-04   2.80713e-06  -1.28344e+00
   7  w_CBO        2.32500e+00   constant   
   8  beta_CBO     0.00000e+00     fixed    
   9  alpha_2CBO   0.00000e+00     fixed    
  10  beta_2CBO   -4.87289e-06   7.12430e-04   2.76942e-06   1.78373e+00
  11  alpha_y      0.00000e+00     fixed    
  12  w_y          1.38860e+01   constant   
  13  beta_y      -1.21143e-03   6.95407e-04   2.77497e-06  -2.59825e+00
  14  alpha_vw     0.00000e+00     fixed    
  15  w_vw         1.43404e+01   constant   
  16  beta_vw      0.00000e+00     fixed    
  17  LM          -2.15884e-04   constant   
  18  zeta_y       0.00000e+00   constant   
  19  zeta_vw      0.00000e+00   constant   
  20  T_CBO        8.18825e+02   9.01982e+02   3.85329e-02  -9.63307e-04
  21  alpha_A0    -3.25195e-05   4.37773e-03   1.67213e-05   1.90907e-02
  22  beta_A0      3.37056e-04   4.63345e-03   1.62498e-05   1.36032e-02
  23  alpha_phi    1.04669e-03   6.54277e-03   1.59724e-05  -1.09754e-01
  24  beta_phi    -1.95673e-03   1.01762e-02   1.59053e-05  -1.25263e-01
 MIGRAD MINIMIZATION HAS CONVERGED.
 FCN=65.8603 FROM MIGRAD    STATUS=CONVERGED     408 CALLS        1736 TOTAL
                     EDM=3.18143e-06    STRATEGY= 1  ERROR MATRIX UNCERTAINTY   0.1 per cent
  EXT PARAMETER                                   STEP         FIRST   
  NO.   NAME      VALUE            ERROR          SIZE      DERIVATIVE 
   1  N0           3.18771e+06   1.66963e+03  -8.38354e-01  -6.11806e-07
   2  tau          6.43945e+01   constant   
   3  A0           3.47659e-01   6.99450e-04  -2.58828e-07  -4.17227e-02
   4  phi          4.13042e+00   2.00023e-03   3.37803e-06   5.52700e-01
   5  R           -5.98741e+01   constant   
   6  alpha_CBO    3.48345e-03   7.26631e-04  -5.84373e-07  -9.21068e-01
   7  w_CBO        2.32500e+00   constant   
   8  beta_CBO     0.00000e+00     fixed    
   9  alpha_2CBO   0.00000e+00     fixed    
  10  beta_2CBO   -5.02900e-06   7.06433e-04   8.54838e-07   1.35369e+00
  11  alpha_y      0.00000e+00     fixed    
  12  w_y          1.38860e+01   constant   
  13  beta_y      -1.21123e-03   6.83744e-04  -1.23337e-06  -1.79851e+00
  14  alpha_vw     0.00000e+00     fixed    
  15  w_vw         1.43404e+01   constant   
  16  beta_vw      0.00000e+00     fixed    
  17  LM          -2.15884e-04   constant   
  18  zeta_y       0.00000e+00   constant   
  19  zeta_vw      0.00000e+00   constant   
  20  T_CBO        9.98120e+02   8.30669e+02   1.30545e-01  -1.00151e-04
  21  alpha_A0    -2.99958e-05   4.34746e-03  -2.80134e-06  -9.18930e-02
  22  beta_A0      3.10659e-04   4.23605e-03  -3.68705e-06  -1.87692e-01
  23  alpha_phi    9.74110e-04   4.16428e-03  -7.67291e-06  -4.92678e-01
  24  beta_phi    -1.82366e-03   4.42026e-03   5.93984e-06   2.03153e-01
 EXTERNAL ERROR MATRIX.    NDIM=  25    NPAR= 11    ERR DEF=1
  2.788e+06 
 -1.047e-01  4.892e-07 
 -4.003e-01 -2.865e-08  4.001e-06 
 -9.112e-02 -1.050e-07 -3.580e-08  5.280e-07 
  4.209e-02  6.845e-09  3.954e-08 -5.011e-09  4.990e-07 
 -2.424e-02 -4.692e-09  2.219e-08 -1.254e-10  9.468e-09  4.675e-07 
 -9.869e+04 -2.054e-02  3.462e-01 -6.054e-02  8.446e-02 -1.218e-01  2.930e+06 
 -6.781e-01  4.555e-07 -4.063e-07 -4.843e-07 -4.434e-07 -7.138e-09 -1.030e-01  1.890e-05 
 -1.661e+00  3.471e-07  2.498e-07  2.326e-08 -1.165e-07 -4.864e-08 -7.918e-01  2.084e-06  1.794e-05 
 -1.444e+00  2.109e-07  1.238e-06 -9.587e-08  2.448e-07 -8.957e-08 -2.083e+00  4.202e-08  4.482e-07  1.734e-05 
  8.063e-01 -4.271e-07  7.411e-07  4.286e-08 -2.819e-07 -5.337e-08  3.424e+00 -9.879e-07 -2.601e-06 -2.686e-06  1.954e-05 
 PARAMETER  CORRELATION COEFFICIENTS  
       NO.  GLOBAL      1      3      4      6     10     13     20     21     22     23     24
        1  0.39124   1.000 -0.090 -0.120 -0.075  0.036 -0.021 -0.035 -0.093 -0.235 -0.208  0.109
        3  0.30052  -0.090  1.000 -0.020 -0.207  0.014 -0.010 -0.017  0.150  0.117  0.072 -0.138
        4  0.24629  -0.120 -0.020  1.000 -0.025  0.028  0.016  0.101 -0.047  0.029  0.149  0.084
        6  0.27910  -0.075 -0.207 -0.025  1.000 -0.010 -0.000 -0.049 -0.153  0.008 -0.032  0.013
       10  0.25411   0.036  0.014  0.028 -0.010  1.000  0.020  0.070 -0.144 -0.039  0.083 -0.090
       13  0.15086  -0.021 -0.010  0.016 -0.000  0.020  1.000 -0.104 -0.002 -0.017 -0.031 -0.018
       20  0.57067  -0.035 -0.017  0.101 -0.049  0.070 -0.104  1.000 -0.014 -0.109 -0.292  0.453
       21  0.27799  -0.093  0.150 -0.047 -0.153 -0.144 -0.002 -0.014  1.000  0.113  0.002 -0.051
       22  0.30589  -0.235  0.117  0.029  0.008 -0.039 -0.017 -0.109  0.113  1.000  0.025 -0.139
       23  0.42945  -0.208  0.072  0.149 -0.032  0.083 -0.031 -0.292  0.002  0.025  1.000 -0.146
       24  0.50888   0.109 -0.138  0.084  0.013 -0.090 -0.018  0.453 -0.051 -0.139 -0.146  1.000
MINUIT - FIT ONLY 2-CBO
 **********
 **   25 **RES 
 **********
                   PARAMETER   16  beta_vw RESTORED TO VARIABLE.
                   PARAMETER   14  alpha_vw RESTORED TO VARIABLE.
                   PARAMETER   11  alpha_y RESTORED TO VARIABLE.
                   PARAMETER    9  alpha_2CBO RESTORED TO VARIABLE.
                   PARAMETER    8  beta_CBO RESTORED TO VARIABLE.
 **********
 **   26 **FIX            0
 **********
 PARAMETER    0  IS UNDEFINED. IGNORED.
 **********
 **   27 **FIX            1
 **********
 **********
 **   28 **FIX            2
 **********
 PARAMETER    2  IS CONSTANT.   IGNORED.
 **********
 **   29 **FIX            3
 **********
 **********
 **   30 **FIX            4
 **********
 **********
 **   31 **FIX            5
 **********
 PARAMETER    5  IS CONSTANT.   IGNORED.
 **********
 **   32 **FIX            6
 **********
 **********
 **   33 **FIX            7
 **********
 PARAMETER    7  IS CONSTANT.   IGNORED.
 **********
 **   34 **FIX           10
 **********
 **********
 **   35 **FIX           11
 **********
 **********
 **   36 **FIX           12
 **********
 PARAMETER   12  IS CONSTANT.   IGNORED.
 **********
 **   37 **FIX           13
 **********
 **********
 **   38 **FIX           14
 **********
 **********
 **   39 **FIX           15
 **********
 PARAMETER   15  IS CONSTANT.   IGNORED.
 **********
 **   40 **FIX           16
 **********
 **********
 **   41 **MIGRAD
 **********
 START MIGRAD MINIMIZATION.  STRATEGY  1.  CONVERGENCE WHEN EDM .LT. 1.00e-04
 FCN=65.8603 FROM MIGRAD    STATUS=INITIATE       18 CALLS        1754 TOTAL
                     EDM= unknown      STRATEGY= 1      NO ERROR MATRIX       
  EXT PARAMETER               CURRENT GUESS       STEP         FIRST   
  NO.   NAME      VALUE            ERROR          SIZE      DERIVATIVE 
   1  N0           3.18771e+06     fixed    
   2  tau          6.43945e+01   constant   
   3  A0           3.47659e-01     fixed    
   4  phi          4.13042e+00     fixed    
   5  R           -5.98741e+01   constant   
   6  alpha_CBO    3.48345e-03     fixed    
   7  w_CBO        2.32500e+00   constant   
   8  beta_CBO     0.00000e+00   1.00000e-03   1.00000e-03  -5.33043e+03
   9  alpha_2CBO   0.00000e+00   1.00000e-03   1.00000e-03  -4.30586e+03
  10  beta_2CBO   -5.02900e-06     fixed    
  11  alpha_y      0.00000e+00     fixed    
  12  w_y          1.38860e+01   constant   
  13  beta_y      -1.21123e-03     fixed    
  14  alpha_vw     0.00000e+00     fixed    
  15  w_vw         1.43404e+01   constant   
  16  beta_vw      0.00000e+00     fixed    
  17  LM          -2.15884e-04   constant   
  18  zeta_y       0.00000e+00   constant   
  19  zeta_vw      0.00000e+00   constant   
  20  T_CBO        9.98120e+02   8.30669e+02   1.30545e-01  -1.05418e-04
  21  alpha_A0    -2.99958e-05   4.34746e-03  -2.80134e-06  -9.18923e-02
  22  beta_A0      3.10659e-04   4.23605e-03  -3.68705e-06  -1.87691e-01
  23  alpha_phi    9.74110e-04   4.16428e-03  -7.67291e-06  -4.92678e-01
  24  beta_phi    -1.82366e-03   4.42026e-03   5.93984e-06   2.03153e-01
 MIGRAD MINIMIZATION HAS CONVERGED.
 MIGRAD WILL VERIFY CONVERGENCE AND ERROR MATRIX.
 COVARIANCE MATRIX CALCULATED SUCCESSFULLY
 FCN=60.4342 FROM MIGRAD    STATUS=CONVERGED     137 CALLS        1873 TOTAL
                     EDM=1.43342e-07    STRATEGY= 1      ERROR MATRIX ACCURATE 
  EXT PARAMETER                                   STEP         FIRST   
  NO.   NAME      VALUE            ERROR          SIZE      DERIVATIVE 
   1  N0           3.18771e+06     fixed    
   2  tau          6.43945e+01   constant   
   3  A0           3.47659e-01     fixed    
   4  phi          4.13042e+00     fixed    
   5  R           -5.98741e+01   constant   
   6  alpha_CBO    3.48345e-03     fixed    
   7  w_CBO        2.32500e+00   constant   
   8  beta_CBO     1.21310e-03   6.86979e-04   2.60269e-06   2.88285e-01
   9  alpha_2CBO   1.01855e-03   7.06339e-04   2.63677e-06  -4.00466e-01
  10  beta_2CBO   -5.02900e-06     fixed    
  11  alpha_y      0.00000e+00     fixed    
  12  w_y          1.38860e+01   constant   
  13  beta_y      -1.21123e-03     fixed    
  14  alpha_vw     0.00000e+00     fixed    
  15  w_vw         1.43404e+01   constant   
  16  beta_vw      0.00000e+00     fixed    
  17  LM          -2.15884e-04   constant   
  18  zeta_y       0.00000e+00   constant   
  19  zeta_vw      0.00000e+00   constant   
  20  T_CBO        9.99999e+02   5.30713e+02   1.61159e-01   1.48398e-06
  21  alpha_A0    -7.54338e-05   3.92546e-03   1.49393e-05   4.18909e-03
  22  beta_A0      3.78498e-04   3.89647e-03   1.45272e-05   8.69258e-02
  23  alpha_phi    3.25185e-04   3.77306e-03   1.42714e-05   5.22591e-02
  24  beta_phi    -2.79933e-03   4.08788e-03   1.42250e-05  -3.09554e-02
 EXTERNAL ERROR MATRIX.    NDIM=  25    NPAR=  7    ERR DEF=1
  4.719e-07 -2.083e-08 -2.791e-05  6.768e-08 -2.991e-07  4.778e-08 -1.629e-07 
 -2.083e-08  4.989e-07  1.284e-05 -1.054e-07  4.001e-07 -3.625e-07 -2.493e-07 
 -2.791e-05  1.284e-05  1.062e+03 -1.527e-03  7.885e-03  6.133e-03 -5.231e-02 
  6.768e-08 -1.054e-07 -1.527e-03  1.541e-05  1.220e-06  2.352e-07 -4.293e-07 
 -2.991e-07  4.001e-07  7.885e-03  1.220e-06  1.518e-05 -6.023e-07 -1.693e-06 
  4.778e-08 -3.625e-07  6.133e-03  2.352e-07 -6.023e-07  1.424e-05 -6.454e-07 
 -1.629e-07 -2.493e-07 -5.231e-02 -4.293e-07 -1.693e-06 -6.454e-07  1.671e-05 
 PARAMETER  CORRELATION COEFFICIENTS  
       NO.  GLOBAL      8      9     20     21     22     23     24
        8  0.14157   1.000 -0.043 -0.001  0.025 -0.112  0.018 -0.058
        9  0.22044  -0.043  1.000  0.001 -0.038  0.145 -0.136 -0.086
       20  0.39749  -0.001  0.001  1.000 -0.012  0.062  0.050 -0.393
       21  0.10606   0.025 -0.038 -0.012  1.000  0.080  0.016 -0.027
       22  0.22603  -0.112  0.145  0.062  0.080  1.000 -0.041 -0.106
       23  0.15272   0.018 -0.136  0.050  0.016 -0.041  1.000 -0.042
       24  0.41636  -0.058 -0.086 -0.393 -0.027 -0.106 -0.042  1.000
MINUIT - FIT wiggle + 1-CBO + 2-CBO
 **********
 **   42 **RES 
 **********
                   PARAMETER   16  beta_vw RESTORED TO VARIABLE.
                   PARAMETER   14  alpha_vw RESTORED TO VARIABLE.
                   PARAMETER   13  beta_y RESTORED TO VARIABLE.
                   PARAMETER   11  alpha_y RESTORED TO VARIABLE.
                   PARAMETER   10  beta_2CBO RESTORED TO VARIABLE.
                   PARAMETER    6  alpha_CBO RESTORED TO VARIABLE.
                   PARAMETER    4  phi RESTORED TO VARIABLE.
                   PARAMETER    3  A0 RESTORED TO VARIABLE.
                   PARAMETER    1  N0 RESTORED TO VARIABLE.
 **********
 **   43 **FIX           10
 **********
 **********
 **   44 **FIX           11
 **********
 **********
 **   45 **FIX           12
 **********
 PARAMETER   12  IS CONSTANT.   IGNORED.
 **********
 **   46 **FIX           13
 **********
 **********
 **   47 **FIX           14
 **********
 **********
 **   48 **FIX           15
 **********
 PARAMETER   15  IS CONSTANT.   IGNORED.
 **********
 **   49 **FIX           16
 **********
 **********
 **   50 **MIGRAD
 **********
 START MIGRAD MINIMIZATION.  STRATEGY  1.  CONVERGENCE WHEN EDM .LT. 1.00e-04
 FCN=60.4342 FROM MIGRAD    STATUS=INITIATE       22 CALLS        1895 TOTAL
                     EDM= unknown      STRATEGY= 1      NO ERROR MATRIX       
  EXT PARAMETER               CURRENT GUESS       STEP         FIRST   
  NO.   NAME      VALUE            ERROR          SIZE      DERIVATIVE 
   1  N0           3.18771e+06   1.66963e+03   1.66963e+03  -9.32531e-05
   2  tau          6.43945e+01   constant   
   3  A0           3.47659e-01   6.99450e-04   6.99450e-04  -8.40754e+02
   4  phi          4.13042e+00   2.00023e-03   2.00023e-03   4.16229e+02
   5  R           -5.98741e+01   constant   
   6  alpha_CBO    3.48345e-03   7.26631e-04   7.26631e-04   1.61083e+02
   7  w_CBO        2.32500e+00   constant   
   8  beta_CBO     1.21310e-03   6.86979e-04   2.60269e-06   2.88285e-01
   9  alpha_2CBO   1.01855e-03   7.06339e-04   2.63677e-06  -4.00466e-01
  10  beta_2CBO   -5.02900e-06     fixed    
  11  alpha_y      0.00000e+00     fixed    
  12  w_y          1.38860e+01   constant   
  13  beta_y      -1.21123e-03     fixed    
  14  alpha_vw     0.00000e+00     fixed    
  15  w_vw         1.43404e+01   constant   
  16  beta_vw      0.00000e+00     fixed    
  17  LM          -2.15884e-04   constant   
  18  zeta_y       0.00000e+00   constant   
  19  zeta_vw      0.00000e+00   constant   
  20  T_CBO        9.99999e+02   5.30713e+02   1.61159e-01  -1.56954e-06
  21  alpha_A0    -7.54338e-05   3.92546e-03   1.49393e-05   4.18493e-03
  22  beta_A0      3.78498e-04   3.89647e-03   1.45272e-05   8.69266e-02
  23  alpha_phi    3.25185e-04   3.77306e-03   1.42714e-05   5.22591e-02
  24  beta_phi    -2.79933e-03   4.08788e-03   1.42250e-05  -3.09555e-02
 MIGRAD MINIMIZATION HAS CONVERGED.
 MIGRAD WILL VERIFY CONVERGENCE AND ERROR MATRIX.
 COVARIANCE MATRIX CALCULATED SUCCESSFULLY
 FCN=60.1243 FROM MIGRAD    STATUS=CONVERGED     220 CALLS        2093 TOTAL
                     EDM=1.94239e-06    STRATEGY= 1      ERROR MATRIX ACCURATE 
  EXT PARAMETER                                   STEP         FIRST   
  NO.   NAME      VALUE            ERROR          SIZE      DERIVATIVE 
   1  N0           3.18791e+06   1.67274e+03   5.74326e+00   6.75284e-07
   2  tau          6.43945e+01   constant   
   3  A0           3.47889e-01   7.06932e-04   2.54429e-06  -3.54128e-01
   4  phi          4.12947e+00   2.07599e-03   7.55677e-06   3.84449e-02
   5  R           -5.98741e+01   constant   
   6  alpha_CBO    3.40254e-03   7.31295e-04   2.68397e-06  -5.57865e-01
   7  w_CBO        2.32500e+00   constant   
   8  beta_CBO     1.30687e-03   7.08961e-04   2.59598e-06  -4.50792e-01
   9  alpha_2CBO   1.04631e-03   7.10447e-04   2.62998e-06   1.26730e+00
  10  beta_2CBO   -5.02900e-06     fixed    
  11  alpha_y      0.00000e+00     fixed    
  12  w_y          1.38860e+01   constant   
  13  beta_y      -1.21123e-03     fixed    
  14  alpha_vw     0.00000e+00     fixed    
  15  w_vw         1.43404e+01   constant   
  16  beta_vw      0.00000e+00     fixed    
  17  LM          -2.15884e-04   constant   
  18  zeta_y       0.00000e+00   constant   
  19  zeta_vw      0.00000e+00   constant   
  20  T_CBO        9.99999e+02   6.32624e+02   1.34605e-01  -1.60318e-06
  21  alpha_A0     2.39111e-04   4.02944e-03   1.48947e-05  -2.16012e-01
  22  beta_A0      3.87132e-04   4.01615e-03   1.44820e-05  -1.28140e-01
  23  alpha_phi    1.40113e-04   3.88451e-03   1.42242e-05   5.11810e-02
  24  beta_phi    -3.11900e-03   4.12851e-03   1.41794e-05  -9.03492e-02
 EXTERNAL ERROR MATRIX.    NDIM=  25    NPAR= 11    ERR DEF=1
  2.798e+06 
 -9.613e-02  4.998e-07 
 -4.542e-01 -8.016e-08  4.310e-06 
 -8.984e-02 -1.058e-07 -5.319e-08  5.348e-07 
  3.146e-02  5.913e-08 -3.267e-07  4.949e-09  5.026e-07 
  4.793e-02  3.412e-08 -3.461e-08 -4.363e-08 -1.536e-08  5.047e-07 
 -3.863e+01 -3.095e-05 -6.214e-05  7.455e-06 -2.508e-05  9.559e-06  1.379e+03 
 -5.608e-01  4.567e-07 -5.566e-07 -4.258e-07  1.468e-07 -5.671e-08  4.166e-03  1.624e-05 
 -1.515e+00  3.346e-07  2.861e-07  2.187e-09 -2.872e-07  3.922e-07  7.492e-03  1.780e-06  1.613e-05 
 -1.410e+00  2.016e-07  9.848e-07 -2.441e-08 -7.689e-09 -3.778e-07  2.556e-03  5.882e-07  2.323e-07  1.509e-05 
  8.763e-01 -4.686e-07  7.498e-07  9.051e-08 -2.655e-07 -2.721e-07 -5.393e-02 -1.368e-06 -2.291e-06 -8.703e-07  1.704e-05 
 PARAMETER  CORRELATION COEFFICIENTS  
       NO.  GLOBAL      1      3      4      6      8      9     20     21     22     23     24
        1  0.36410   1.000 -0.081 -0.131 -0.073  0.027  0.040 -0.001 -0.083 -0.226 -0.217  0.127
        3  0.33339  -0.081  1.000 -0.055 -0.205  0.118  0.068 -0.001  0.160  0.118  0.073 -0.161
        4  0.30131  -0.131 -0.055  1.000 -0.035 -0.222 -0.023 -0.001 -0.067  0.034  0.122  0.087
        6  0.27513  -0.073 -0.205 -0.035  1.000  0.010 -0.084  0.000 -0.145  0.001 -0.009  0.030
        8  0.28278   0.027  0.118 -0.222  0.010  1.000 -0.030 -0.001  0.051 -0.101 -0.003 -0.091
        9  0.24425   0.040  0.068 -0.023 -0.084 -0.030  1.000  0.000 -0.020  0.137 -0.137 -0.093
       20  0.36331  -0.001 -0.001 -0.001  0.000 -0.001  0.000  1.000  0.028  0.050  0.018 -0.352
       21  0.24979  -0.083  0.160 -0.067 -0.145  0.051 -0.020  0.028  1.000  0.110  0.038 -0.082
       22  0.32827  -0.226  0.118  0.034  0.001 -0.101  0.137  0.050  0.110  1.000  0.015 -0.138
       23  0.28270  -0.217  0.073  0.122 -0.009 -0.003 -0.137  0.018  0.038  0.015  1.000 -0.054
       24  0.43656   0.127 -0.161  0.087  0.030 -0.091 -0.093 -0.352 -0.082 -0.138 -0.054  1.000
MINUIT - FIT ONLY 1-y
 **********
 **   51 **RES 
 **********
                   PARAMETER   16  beta_vw RESTORED TO VARIABLE.
                   PARAMETER   14  alpha_vw RESTORED TO VARIABLE.
                   PARAMETER   13  beta_y RESTORED TO VARIABLE.
                   PARAMETER   11  alpha_y RESTORED TO VARIABLE.
                   PARAMETER   10  beta_2CBO RESTORED TO VARIABLE.
 **********
 **   52 **FIX            0
 **********
 PARAMETER    0  IS UNDEFINED. IGNORED.
 **********
 **   53 **FIX            1
 **********
 **********
 **   54 **FIX            2
 **********
 PARAMETER    2  IS CONSTANT.   IGNORED.
 **********
 **   55 **FIX            3
 **********
 **********
 **   56 **FIX            4
 **********
 **********
 **   57 **FIX            5
 **********
 PARAMETER    5  IS CONSTANT.   IGNORED.
 **********
 **   58 **FIX            6
 **********
 **********
 **   59 **FIX            7
 **********
 PARAMETER    7  IS CONSTANT.   IGNORED.
 **********
 **   60 **FIX            8
 **********
 **********
 **   61 **FIX            9
 **********
 **********
 **   62 **FIX           13
 **********
 **********
 **   63 **FIX           14
 **********
 **********
 **   64 **FIX           15
 **********
 PARAMETER   15  IS CONSTANT.   IGNORED.
 **********
 **   65 **FIX           16
 **********
 **********
 **   66 **MIGRAD
 **********
 START MIGRAD MINIMIZATION.  STRATEGY  1.  CONVERGENCE WHEN EDM .LT. 1.00e-04
 FCN=60.1243 FROM MIGRAD    STATUS=INITIATE       16 CALLS        2109 TOTAL
                     EDM= unknown      STRATEGY= 1      NO ERROR MATRIX       
  EXT PARAMETER               CURRENT GUESS       STEP         FIRST   
  NO.   NAME      VALUE            ERROR          SIZE      DERIVATIVE 
   1  N0           3.18791e+06     fixed    
   2  tau          6.43945e+01   constant   
   3  A0           3.47889e-01     fixed    
   4  phi          4.12947e+00     fixed    
   5  R           -5.98741e+01   constant   
   6  alpha_CBO    3.40254e-03     fixed    
   7  w_CBO        2.32500e+00   constant   
   8  beta_CBO     1.30687e-03     fixed    
   9  alpha_2CBO   1.04631e-03     fixed    
  10  beta_2CBO   -5.02900e-06   7.06433e-04   7.06433e-04   2.34002e+02
  11  alpha_y      0.00000e+00   1.00000e-03   1.00000e-03  -6.27411e+02
  12  w_y          1.38860e+01   constant   
  13  beta_y      -1.21123e-03     fixed    
  14  alpha_vw     0.00000e+00     fixed    
  15  w_vw         1.43404e+01   constant   
  16  beta_vw      0.00000e+00     fixed    
  17  LM          -2.15884e-04   constant   
  18  zeta_y       0.00000e+00   constant   
  19  zeta_vw      0.00000e+00   constant   
  20  T_CBO        9.99999e+02   6.32624e+02   1.34605e-01  -1.68810e-06
  21  alpha_A0     2.39111e-04   4.02944e-03   1.48947e-05  -2.16011e-01
  22  beta_A0      3.87132e-04   4.01615e-03   1.44820e-05  -1.28139e-01
  23  alpha_phi    1.40113e-04   3.88451e-03   1.42242e-05   5.11809e-02
  24  beta_phi    -3.11900e-03   4.12851e-03   1.41794e-05  -9.03492e-02
 MIGRAD MINIMIZATION HAS CONVERGED.
 MIGRAD WILL VERIFY CONVERGENCE AND ERROR MATRIX.
 COVARIANCE MATRIX CALCULATED SUCCESSFULLY
 FCN=60.07 FROM MIGRAD    STATUS=CONVERGED     114 CALLS        2207 TOTAL
                     EDM=2.35857e-07    STRATEGY= 1      ERROR MATRIX ACCURATE 
  EXT PARAMETER                                   STEP         FIRST   
  NO.   NAME      VALUE            ERROR          SIZE      DERIVATIVE 
   1  N0           3.18791e+06     fixed    
   2  tau          6.43945e+01   constant   
   3  A0           3.47889e-01     fixed    
   4  phi          4.12947e+00     fixed    
   5  R           -5.98741e+01   constant   
   6  alpha_CBO    3.40254e-03     fixed    
   7  w_CBO        2.32500e+00   constant   
   8  beta_CBO     1.30687e-03     fixed    
   9  alpha_2CBO   1.04631e-03     fixed    
  10  beta_2CBO   -6.78075e-05   7.11150e-04   2.64667e-06  -5.66416e-01
  11  alpha_y      1.49693e-04   6.87727e-04   2.62246e-06   1.77137e-01
  12  w_y          1.38860e+01   constant   
  13  beta_y      -1.21123e-03     fixed    
  14  alpha_vw     0.00000e+00     fixed    
  15  w_vw         1.43404e+01   constant   
  16  beta_vw      0.00000e+00     fixed    
  17  LM          -2.15884e-04   constant   
  18  zeta_y       0.00000e+00   constant   
  19  zeta_vw      0.00000e+00   constant   
  20  T_CBO        1.00000e+03   5.10083e+02   1.50386e-01** at limit **
  21  alpha_A0     2.85915e-04   3.97306e-03   1.48880e-05  -8.21179e-02
  22  beta_A0      3.93054e-04   3.83372e-03   1.44756e-05  -7.00791e-02
  23  alpha_phi    1.30123e-04   3.74084e-03   1.42179e-05   9.41373e-02
  24  beta_phi    -3.05964e-03   4.08273e-03   1.41731e-05   3.27451e-02
 EXTERNAL ERROR MATRIX.    NDIM=  25    NPAR=  7    ERR DEF=1
  5.057e-07 -1.087e-08 -4.979e-07 -4.479e-07 -1.172e-07  1.886e-07 -3.472e-07 
 -1.087e-08  4.730e-07 -4.422e-08 -2.172e-08 -2.637e-08  3.781e-08  5.665e-08 
 -4.979e-07 -4.422e-08  1.557e+00  1.874e-04  2.827e-04  8.948e-05 -1.972e-03 
 -4.479e-07 -2.172e-08  1.874e-04  1.579e-05  1.493e-06  1.334e-08 -4.680e-07 
 -1.172e-07 -2.637e-08  2.827e-04  1.493e-06  1.470e-05 -3.694e-07 -1.479e-06 
  1.886e-07  3.781e-08  8.948e-05  1.334e-08 -3.694e-07  1.399e-05 -7.484e-07 
 -3.472e-07  5.665e-08 -1.972e-03 -4.680e-07 -1.479e-06 -7.484e-07  1.667e-05 
 PARAMETER  CORRELATION COEFFICIENTS  
       NO.  GLOBAL     10     11     20     21     22     23     24
       10  0.22071   1.000 -0.022 -0.001 -0.159 -0.043  0.071 -0.120
       11  0.03657  -0.022  1.000 -0.000 -0.008 -0.010  0.015  0.020
       20  0.39094  -0.001 -0.000  1.000  0.038  0.059  0.019 -0.387
       21  0.18870  -0.159 -0.008  0.038  1.000  0.098  0.001 -0.029
       22  0.14430  -0.043 -0.010  0.059  0.098  1.000 -0.026 -0.095
       23  0.08877   0.071  0.015  0.019  0.001 -0.026  1.000 -0.049
       24  0.41512  -0.120  0.020 -0.387 -0.029 -0.095 -0.049  1.000
MINUIT - FIT ONLY 2-y
 **********
 **   67 **RES 
 **********
                   PARAMETER   16  beta_vw RESTORED TO VARIABLE.
                   PARAMETER   14  alpha_vw RESTORED TO VARIABLE.
                   PARAMETER   13  beta_y RESTORED TO VARIABLE.
                   PARAMETER    9  alpha_2CBO RESTORED TO VARIABLE.
                   PARAMETER    8  beta_CBO RESTORED TO VARIABLE.
                   PARAMETER    6  alpha_CBO RESTORED TO VARIABLE.
                   PARAMETER    4  phi RESTORED TO VARIABLE.
                   PARAMETER    3  A0 RESTORED TO VARIABLE.
                   PARAMETER    1  N0 RESTORED TO VARIABLE.
 **********
 **   68 **FIX            0
 **********
 PARAMETER    0  IS UNDEFINED. IGNORED.
 **********
 **   69 **FIX            1
 **********
 **********
 **   70 **FIX            2
 **********
 PARAMETER    2  IS CONSTANT.   IGNORED.
 **********
 **   71 **FIX            3
 **********
 **********
 **   72 **FIX            4
 **********
 **********
 **   73 **FIX            5
 **********
 PARAMETER    5  IS CONSTANT.   IGNORED.
 **********
 **   74 **FIX            6
 **********
 **********
 **   75 **FIX            7
 **********
 PARAMETER    7  IS CONSTANT.   IGNORED.
 **********
 **   76 **FIX            8
 **********
 **********
 **   77 **FIX            9
 **********
 **********
 **   78 **FIX           10
 **********
 **********
 **   79 **FIX           11
 **********
 **********
 **   80 **FIX           12
 **********
 PARAMETER   12  IS CONSTANT.   IGNORED.
 **********
 **   81 **FIX           16
 **********
 **********
 **   82 **MIGRAD
 **********
 START MIGRAD MINIMIZATION.  STRATEGY  1.  CONVERGENCE WHEN EDM .LT. 1.00e-04
 FCN=60.07 FROM MIGRAD    STATUS=INITIATE       16 CALLS        2223 TOTAL
                     EDM= unknown      STRATEGY= 1      NO ERROR MATRIX       
  EXT PARAMETER               CURRENT GUESS       STEP         FIRST   
  NO.   NAME      VALUE            ERROR          SIZE      DERIVATIVE 
   1  N0           3.18791e+06     fixed    
   2  tau          6.43945e+01   constant   
   3  A0           3.47889e-01     fixed    
   4  phi          4.12947e+00     fixed    
   5  R           -5.98741e+01   constant   
   6  alpha_CBO    3.40254e-03     fixed    
   7  w_CBO        2.32500e+00   constant   
   8  beta_CBO     1.30687e-03     fixed    
   9  alpha_2CBO   1.04631e-03     fixed    
  10  beta_2CBO   -6.78075e-05     fixed    
  11  alpha_y      1.49693e-04     fixed    
  12  w_y          1.38860e+01   constant   
  13  beta_y      -1.21123e-03   6.83744e-04   6.83744e-04  -2.19914e+01
  14  alpha_vw     0.00000e+00   1.00000e-03   1.00000e-03  -7.03765e+03
  15  w_vw         1.43404e+01   constant   
  16  beta_vw      0.00000e+00     fixed    
  17  LM          -2.15884e-04   constant   
  18  zeta_y       0.00000e+00   constant   
  19  zeta_vw      0.00000e+00   constant   
  20  T_CBO        9.99999e+02   5.10083e+02   1.50386e-01  -2.15506e-06
  21  alpha_A0     2.85915e-04   3.97306e-03   1.48880e-05  -8.21195e-02
  22  beta_A0      3.93054e-04   3.83372e-03   1.44756e-05  -7.00794e-02
  23  alpha_phi    1.30123e-04   3.74084e-03   1.42179e-05   9.41366e-02
  24  beta_phi    -3.05964e-03   4.08273e-03   1.41731e-05   3.28765e-02
 MIGRAD MINIMIZATION HAS CONVERGED.
 MIGRAD WILL VERIFY CONVERGENCE AND ERROR MATRIX.
 COVARIANCE MATRIX CALCULATED SUCCESSFULLY
 FCN=54.1486 FROM MIGRAD    STATUS=CONVERGED     113 CALLS        2320 TOTAL
                     EDM=1.37961e-07    STRATEGY= 1      ERROR MATRIX ACCURATE 
  EXT PARAMETER                                   STEP         FIRST   
  NO.   NAME      VALUE            ERROR          SIZE      DERIVATIVE 
   1  N0           3.18791e+06     fixed    
   2  tau          6.43945e+01   constant   
   3  A0           3.47889e-01     fixed    
   4  phi          4.12947e+00     fixed    
   5  R           -5.98741e+01   constant   
   6  alpha_CBO    3.40254e-03     fixed    
   7  w_CBO        2.32500e+00   constant   
   8  beta_CBO     1.30687e-03     fixed    
   9  alpha_2CBO   1.04631e-03     fixed    
  10  beta_2CBO   -6.78075e-05     fixed    
  11  alpha_y      1.49693e-04     fixed    
  12  w_y          1.38860e+01   constant   
  13  beta_y      -1.32453e-03   6.96911e-04   2.52021e-06  -1.17703e-02
  14  alpha_vw     1.68311e-03   6.91677e-04   2.50154e-06   1.78220e-03
