 + ++++++++++++++++++++++++++++++++++++++++++++++++++++++++++++++++++++ +
 +                                                                      +
 +           You have chose to blind your fitting according to          +
 +                omega_ref * (1 + (R +/- deltaR) *10^{-6})             +
 +                                                                      +
 + ++++++++++++++++++++++++++++++++++++++++++++++++++++++++++++++++++++ +
In main()...
reading format from /gm2data/zkhechad/run45/envelope/formats/formatB_sBin_constraintOn.txt
pBinTau 	= 0  
pBinPhi 	= 0  
constraintau 	= 1 
includeMopTerm 	= 0    
constrainMop    = 0   
Parameters after format file: pBinTau 0 pBinPhi 0 constraintau 1 includeMopTerm 0 constrainMop 0 c_e_scale 0.000000 
Opening file /gm2data/tbarrett/gm2fr/studies/run23_bunch_corrections/CorrectedFourier_Run3b.root.
reading full fit data from /gm2data/zkhechad/cboTemplates/Run4CBOTemplates/templateFits0_v2.0/noRF/sBin_constraintOn_cE0.0_seed0_noRF_calo19.root
windowBins = 69
fitting sliding window 2048 from bin 2184 at 325.703600 to bin 2253 at 336.147600 (69 bins)

Reading data from /gm2data/cornell/histograms/aMethod/histogram_a_noRF.root
 **********
 **    1 **SET PRINTOUT            1
 **********
 **********
 **    2 **SET NOWARNINGS 
 **********
 PARAMETER DEFINITIONS:
    NO.   NAME         VALUE      STEP SIZE      LIMITS
     1 N0           3.18982e+06  1.00000e+02     no limits
     2 tau          6.43968e+01  constant
     3 A0           3.47817e-01  1.00000e-04     no limits
     4 phi          4.13212e+00  1.00000e-02     no limits
     5 R           -6.01460e+01  constant
     6 alpha_CBO    0.00000e+00  1.00000e-03     no limits
     7 w_CBO        2.32500e+00  constant
     8 beta_CBO     0.00000e+00  1.00000e-03     no limits
     9 alpha_2CBO   0.00000e+00  1.00000e-03     no limits
    10 beta_2CBO    0.00000e+00  1.00000e-03     no limits
    11 alpha_y      0.00000e+00  1.00000e-03     no limits
    12 w_y          1.44500e+01  constant
    13 beta_y       0.00000e+00  1.00000e-03     no limits
    14 alpha_vw     0.00000e+00  1.00000e-03     no limits
    15 w_vw         1.29000e+01  constant
    16 beta_vw      0.00000e+00  1.00000e-03     no limits
    17 LM          -1.51189e-04  constant
    18 zeta_y       0.00000e+00  constant
    19 zeta_vw      0.00000e+00  constant
    20 T_CBO        1.00000e+02  1.00000e+00    0.00000e+00  1.00000e+03
    21 alpha_A0     0.00000e+00  1.00000e-03     no limits
    22 beta_A0      0.00000e+00  1.00000e-03     no limits
    23 alpha_phi    0.00000e+00  1.00000e-03     no limits
    24 beta_phi     0.00000e+00  1.00000e-03     no limits
MINUIT - FIT ONLY WIGGLE
 **********
 **    3 **FIX            5
 **********
 PARAMETER    5  IS CONSTANT.   IGNORED.
 **********
 **    4 **FIX            6
 **********
 **********
 **    5 **FIX            7
 **********
 PARAMETER    7  IS CONSTANT.   IGNORED.
 **********
 **    6 **FIX            8
 **********
 **********
 **    7 **FIX            9
 **********
 **********
 **    8 **FIX           10
 **********
 **********
 **    9 **FIX           11
 **********
 **********
 **   10 **FIX           12
 **********
 PARAMETER   12  IS CONSTANT.   IGNORED.
 **********
 **   11 **FIX           13
 **********
 **********
 **   12 **FIX           14
 **********
 **********
 **   13 **FIX           15
 **********
 PARAMETER   15  IS CONSTANT.   IGNORED.
 **********
 **   14 **FIX           16
 **********
 **********
 **   15 **MIGRAD
 **********
 FIRST CALL TO USER FUNCTION AT NEW START POINT, WITH IFLAG=4.
 START MIGRAD MINIMIZATION.  STRATEGY  1.  CONVERGENCE WHEN EDM .LT. 1.00e-04
 FCN=106.075 FROM MIGRAD    STATUS=INITIATE      437 CALLS         438 TOTAL
                     EDM= unknown      STRATEGY= 1      NO ERROR MATRIX       
  EXT PARAMETER               CURRENT GUESS       STEP         FIRST   
  NO.   NAME      VALUE            ERROR          SIZE      DERIVATIVE 
   1  N0           3.18982e+06   1.00000e+02   0.00000e+00   1.55221e-03
   2  tau          6.43968e+01   constant   
   3  A0           3.47817e-01   1.00000e-04   0.00000e+00   2.18822e+02
   4  phi          4.13212e+00   1.00000e-02   0.00000e+00  -3.37544e+02
   5  R           -6.01460e+01   constant   
   6  alpha_CBO    0.00000e+00     fixed    
   7  w_CBO        2.32500e+00   constant   
   8  beta_CBO     0.00000e+00     fixed    
   9  alpha_2CBO   0.00000e+00     fixed    
  10  beta_2CBO    0.00000e+00     fixed    
  11  alpha_y      0.00000e+00     fixed    
  12  w_y          1.44500e+01   constant   
  13  beta_y       0.00000e+00     fixed    
  14  alpha_vw     0.00000e+00     fixed    
  15  w_vw         1.29000e+01   constant   
  16  beta_vw      0.00000e+00     fixed    
  17  LM          -1.51189e-04   constant   
  18  zeta_y       0.00000e+00   constant   
  19  zeta_vw      0.00000e+00   constant   
  20  T_CBO        1.00000e+02   1.00000e+00   0.00000e+00   0.00000e+00
  21  alpha_A0     0.00000e+00   1.00000e-03   0.00000e+00   1.58331e+01
  22  beta_A0      0.00000e+00   1.00000e-03   0.00000e+00  -1.05788e+01
  23  alpha_phi    0.00000e+00   1.00000e-03   0.00000e+00   1.88485e+01
  24  beta_phi     0.00000e+00   1.00000e-03   0.00000e+00  -9.89526e+00
 CALL LIMIT EXCEEDED IN MIGRAD.
 MIGRAD TERMINATED WITHOUT CONVERGENCE.
 FCN=102.944 FROM MIGRAD    STATUS=CALL LIMIT   1333 CALLS        1334 TOTAL
                     EDM=0.00106653    STRATEGY= 1  ERROR MATRIX UNCERTAINTY   0.6 per cent
  EXT PARAMETER                APPROXIMATE        STEP         FIRST   
  NO.   NAME      VALUE            ERROR          SIZE      DERIVATIVE 
   1  N0           3.18757e+06   1.77278e+03   1.95590e+00   8.19200e-06
   2  tau          6.43968e+01   constant   
   3  A0           3.47737e-01   7.40413e-04  -6.35309e-07  -1.31533e+01
   4  phi          4.13326e+00   2.09779e-03   1.39262e-05   1.80410e+01
   5  R           -6.01460e+01   constant   
   6  alpha_CBO    0.00000e+00     fixed    
   7  w_CBO        2.32500e+00   constant   
   8  beta_CBO     0.00000e+00     fixed    
   9  alpha_2CBO   0.00000e+00     fixed    
  10  beta_2CBO    0.00000e+00     fixed    
  11  alpha_y      0.00000e+00     fixed    
  12  w_y          1.44500e+01   constant   
  13  beta_y       0.00000e+00     fixed    
  14  alpha_vw     0.00000e+00     fixed    
  15  w_vw         1.29000e+01   constant   
  16  beta_vw      0.00000e+00     fixed    
  17  LM          -1.51189e-04   constant   
  18  zeta_y       0.00000e+00   constant   
  19  zeta_vw      0.00000e+00   constant   
  20  T_CBO        3.71951e+01   1.31278e+01   8.12234e-04  -5.94026e-01
  21  alpha_A0    -8.24236e+00   2.33358e+01   6.44949e-02   1.58479e-03
  22  beta_A0      1.32108e+01   3.73433e+01  -1.03964e-01  -5.18962e-03
  23  alpha_phi   -1.51657e+01   4.27745e+01   1.19996e-01  -3.21927e-03
  24  beta_phi     3.69378e+00   1.06288e+01  -2.93609e-02   6.54679e-04
 EXTERNAL ERROR MATRIX.    NDIM=  25    NPAR=  8    ERR DEF=1
  3.143e+06 -4.742e-02 -6.186e-01 -1.620e+03 -4.887e+03  7.744e+03 -8.907e+03  2.249e+03 
 -4.742e-02  5.482e-07 -4.378e-09  1.053e-03  2.566e-03 -4.082e-03  4.677e-03 -1.173e-03 
 -6.186e-01 -4.378e-09  4.401e-06 -1.390e-02 -2.770e-02  4.435e-02 -5.076e-02  1.261e-02 
 -1.620e+03  1.053e-03 -1.390e-02  1.726e+02  2.910e+02 -4.659e+02  5.337e+02 -1.325e+02 
 -4.887e+03  2.566e-03 -2.770e-02  2.910e+02  5.446e+02 -8.714e+02  9.982e+02 -2.480e+02 
  7.744e+03 -4.082e-03  4.435e-02 -4.659e+02 -8.714e+02  1.395e+03 -1.597e+03  3.969e+02 
 -8.907e+03  4.677e-03 -5.076e-02  5.337e+02  9.982e+02 -1.597e+03  1.830e+03 -4.546e+02 
  2.249e+03 -1.173e-03  1.261e-02 -1.325e+02 -2.480e+02  3.969e+02 -4.546e+02  1.130e+02 
ERR MATRIX APPROXIMATE
 PARAMETER  CORRELATION COEFFICIENTS  
       NO.  GLOBAL      1      3      4     20     21     22     23     24
        1  0.44219   1.000 -0.036 -0.166 -0.070 -0.118  0.117 -0.117  0.119
        3  0.28244  -0.036  1.000 -0.003  0.108  0.149 -0.148  0.148 -0.149
        4  0.63661  -0.166 -0.003  1.000 -0.504 -0.566  0.566 -0.566  0.566
       20  0.95578  -0.070  0.108 -0.504  1.000  0.949 -0.950  0.950 -0.949
       21  0.99999  -0.118  0.149 -0.566  0.949  1.000 -1.000  1.000 -1.000
       22  1.00000   0.117 -0.148  0.566 -0.950 -1.000  1.000 -1.000  1.000
       23  0.99999  -0.117  0.148 -0.566  0.950  1.000 -1.000  1.000 -1.000
       24  0.99996   0.119 -0.149  0.566 -0.949 -1.000  1.000 -1.000  1.000
 ERR MATRIX APPROXIMATE
MINUIT - FIT ONLY 1-CBO + wiggle
 **********
 **   16 **RES 
 **********
                   PARAMETER   16  beta_vw RESTORED TO VARIABLE.
                   PARAMETER   14  alpha_vw RESTORED TO VARIABLE.
                   PARAMETER   13  beta_y RESTORED TO VARIABLE.
                   PARAMETER   11  alpha_y RESTORED TO VARIABLE.
                   PARAMETER   10  beta_2CBO RESTORED TO VARIABLE.
                   PARAMETER    9  alpha_2CBO RESTORED TO VARIABLE.
                   PARAMETER    8  beta_CBO RESTORED TO VARIABLE.
                   PARAMETER    6  alpha_CBO RESTORED TO VARIABLE.
 **********
 **   17 **FIX            8
 **********
 **********
 **   18 **FIX            9
 **********
 **********
 **   19 **FIX           11
 **********
 **********
 **   20 **FIX           12
 **********
 PARAMETER   12  IS CONSTANT.   IGNORED.
 **********
 **   21 **FIX           14
 **********
 **********
 **   22 **FIX           15
 **********
 PARAMETER   15  IS CONSTANT.   IGNORED.
 **********
 **   23 **FIX           16
 **********
 **********
 **   24 **MIGRAD
 **********
 START MIGRAD MINIMIZATION.  STRATEGY  1.  CONVERGENCE WHEN EDM .LT. 1.00e-04
 FCN=102.944 FROM MIGRAD    STATUS=INITIATE       28 CALLS        1362 TOTAL
                     EDM= unknown      STRATEGY= 1      NO ERROR MATRIX       
  EXT PARAMETER               CURRENT GUESS       STEP         FIRST   
  NO.   NAME      VALUE            ERROR          SIZE      DERIVATIVE 
   1  N0           3.18757e+06   1.77278e+03   1.95590e+00   8.19200e-06
   2  tau          6.43968e+01   constant   
   3  A0           3.47737e-01   7.40413e-04  -6.35309e-07  -1.31533e+01
   4  phi          4.13326e+00   2.09779e-03   1.39262e-05   1.80410e+01
   5  R           -6.01460e+01   constant   
   6  alpha_CBO    0.00000e+00   1.00000e-03   1.00000e-03  -1.34959e+04
   7  w_CBO        2.32500e+00   constant   
   8  beta_CBO     0.00000e+00     fixed    
   9  alpha_2CBO   0.00000e+00     fixed    
  10  beta_2CBO    0.00000e+00   1.00000e-03   1.00000e-03   4.97534e+03
  11  alpha_y      0.00000e+00     fixed    
  12  w_y          1.44500e+01   constant   
  13  beta_y       0.00000e+00   1.00000e-03   1.00000e-03  -2.75865e+03
  14  alpha_vw     0.00000e+00     fixed    
  15  w_vw         1.29000e+01   constant   
  16  beta_vw      0.00000e+00     fixed    
  17  LM          -1.51189e-04   constant   
  18  zeta_y       0.00000e+00   constant   
  19  zeta_vw      0.00000e+00   constant   
  20  T_CBO        3.71951e+01   1.31278e+01   8.12234e-04  -5.94094e-01
  21  alpha_A0    -8.24236e+00   2.33358e+01   6.44949e-02   1.58479e-03
  22  beta_A0      1.32108e+01   3.73433e+01  -1.03964e-01  -5.18962e-03
  23  alpha_phi   -1.51657e+01   4.27745e+01   1.19996e-01  -3.21927e-03
  24  beta_phi     3.69378e+00   1.06288e+01  -2.93609e-02   6.54679e-04
 CALL LIMIT EXCEEDED IN MIGRAD.
 MIGRAD TERMINATED WITHOUT CONVERGENCE.
 FCN=70.2861 FROM MIGRAD    STATUS=CALL LIMIT   1921 CALLS        3255 TOTAL
                     EDM=0.00122835    STRATEGY= 1  ERROR MATRIX UNCERTAINTY  24.2 per cent
  EXT PARAMETER                APPROXIMATE        STEP         FIRST   
  NO.   NAME      VALUE            ERROR          SIZE      DERIVATIVE 
   1  N0           3.18747e+06   1.78851e+03  -1.40000e+00   2.46823e-06
   2  tau          6.43968e+01   constant   
   3  A0           3.47673e-01   7.42426e-04   7.89487e-07  -2.91816e+00
   4  phi          4.13079e+00   2.24767e-03   2.79793e-06  -5.49303e+00
   5  R           -6.01460e+01   constant   
   6  alpha_CBO    4.20158e-03   7.92887e-04   1.09898e-06  -1.53101e+01
   7  w_CBO        2.32500e+00   constant   
   8  beta_CBO     0.00000e+00     fixed    
   9  alpha_2CBO   0.00000e+00     fixed    
  10  beta_2CBO   -1.19385e-03   7.56891e-04   2.07711e-06  -2.74200e+01
  11  alpha_y      0.00000e+00     fixed    
  12  w_y          1.44500e+01   constant   
  13  beta_y       8.93431e-04   7.67872e-04  -4.57018e-07   6.22953e+00
  14  alpha_vw     0.00000e+00     fixed    
  15  w_vw         1.29000e+01   constant   
  16  beta_vw      0.00000e+00     fixed    
  17  LM          -1.51189e-04   constant   
  18  zeta_y       0.00000e+00   constant   
  19  zeta_vw      0.00000e+00   constant   
  20  T_CBO        2.16240e+01   4.79595e+00   1.45355e-04   5.43843e-01
  21  alpha_A0    -1.11212e+04   3.74588e+04   3.14891e+01  -9.19639e-06
  22  beta_A0      1.11219e+04   3.75707e+04  -3.13932e+01  -6.78751e-06
  23  alpha_phi   -1.56943e+04   5.24581e+04   4.43706e+01   2.05513e-06
  24  beta_phi    -8.37976e+01   2.91192e+02   2.08556e-01   2.66507e-07
 EXTERNAL ERROR MATRIX.    NDIM=  25    NPAR= 11    ERR DEF=1
  3.199e+06 
 -8.498e-02  5.512e-07 
 -4.306e-01 -1.869e-08  5.052e-06 
 -3.624e-02 -7.451e-10 -3.930e-07  6.287e-07 
 -3.192e-02 -7.221e-09 -6.368e-08  2.406e-08  5.729e-07 
 -1.150e-02 -1.076e-08  8.098e-09  1.357e-08  1.427e-08  5.896e-07 
 -3.079e+02 -9.472e-05  3.599e-04  2.721e-04  4.003e-04 -8.997e-05  2.301e+01 
 -3.502e+06 -4.039e-01  3.562e+00  1.729e+00  3.946e+00 -5.926e-01  1.768e+05  1.403e+09 
  3.505e+06  4.077e-01 -3.572e+00 -1.736e+00 -3.959e+00  5.939e-01 -1.774e+05 -1.407e+09  1.412e+09 
 -4.896e+06 -5.697e-01  4.996e+00  2.422e+00  5.530e+00 -8.285e-01  2.477e+05  1.965e+09 -1.971e+09  2.752e+09 
 -1.940e+04 -5.417e-03  2.665e-02  1.296e-02  3.039e-02 -4.561e-03  1.371e+03  1.088e+07 -1.092e+07  1.524e+07  8.479e+04 
ERR MATRIX APPROXIMATE
 PARAMETER  CORRELATION COEFFICIENTS  
       NO.  GLOBAL      1      3      4      6     10     13     20     21     22     23     24
        1  0.28895   1.000 -0.064 -0.107 -0.026 -0.024 -0.008 -0.036 -0.052  0.052 -0.052 -0.037
        3  0.20404  -0.064  1.000 -0.011 -0.001 -0.013 -0.019 -0.027 -0.015  0.015 -0.015 -0.025
        4  0.29010  -0.107 -0.011  1.000 -0.221 -0.037  0.005  0.033  0.042 -0.042  0.042  0.041
        6  0.26744  -0.026 -0.001 -0.221  1.000  0.040  0.022  0.072  0.058 -0.058  0.058  0.056
       10  0.28292  -0.024 -0.013 -0.037  0.040  1.000  0.025  0.110  0.139 -0.139  0.139  0.138
       13  0.07359  -0.008 -0.019  0.005  0.022  0.025  1.000 -0.024 -0.021  0.021 -0.021 -0.020
       20  0.98910  -0.036 -0.027  0.033  0.072  0.110 -0.024  1.000  0.984 -0.984  0.984  0.982
       21  1.00000  -0.052 -0.015  0.042  0.058  0.139 -0.021  0.984  1.000 -1.000  1.000  0.998
       22  1.00000   0.052  0.015 -0.042 -0.058 -0.139  0.021 -0.984 -1.000  1.000 -1.000 -0.998
       23  1.00000  -0.052 -0.015  0.042  0.058  0.139 -0.021  0.984  1.000 -1.000  1.000  0.998
       24  0.99808  -0.037 -0.025  0.041  0.056  0.138 -0.020  0.982  0.998 -0.998  0.998  1.000
 ERR MATRIX APPROXIMATE
MINUIT - FIT ONLY 2-CBO
 **********
 **   25 **RES 
 **********
                   PARAMETER   16  beta_vw RESTORED TO VARIABLE.
                   PARAMETER   14  alpha_vw RESTORED TO VARIABLE.
                   PARAMETER   11  alpha_y RESTORED TO VARIABLE.
                   PARAMETER    9  alpha_2CBO RESTORED TO VARIABLE.
                   PARAMETER    8  beta_CBO RESTORED TO VARIABLE.
 **********
 **   26 **FIX            0
 **********
 PARAMETER    0  IS UNDEFINED. IGNORED.
 **********
 **   27 **FIX            1
 **********
 **********
 **   28 **FIX            2
 **********
 PARAMETER    2  IS CONSTANT.   IGNORED.
 **********
 **   29 **FIX            3
 **********
 **********
 **   30 **FIX            4
 **********
 **********
 **   31 **FIX            5
 **********
 PARAMETER    5  IS CONSTANT.   IGNORED.
 **********
 **   32 **FIX            6
 **********
 **********
 **   33 **FIX            7
 **********
 PARAMETER    7  IS CONSTANT.   IGNORED.
 **********
 **   34 **FIX           10
 **********
 **********
 **   35 **FIX           11
 **********
 **********
 **   36 **FIX           12
 **********
 PARAMETER   12  IS CONSTANT.   IGNORED.
 **********
 **   37 **FIX           13
 **********
 **********
 **   38 **FIX           14
 **********
 **********
 **   39 **FIX           15
 **********
 PARAMETER   15  IS CONSTANT.   IGNORED.
 **********
 **   40 **FIX           16
 **********
 **********
 **   41 **MIGRAD
 **********
 START MIGRAD MINIMIZATION.  STRATEGY  1.  CONVERGENCE WHEN EDM .LT. 1.00e-04
 FCN=70.2861 FROM MIGRAD    STATUS=INITIATE       18 CALLS        3273 TOTAL
                     EDM= unknown      STRATEGY= 1      NO ERROR MATRIX       
  EXT PARAMETER               CURRENT GUESS       STEP         FIRST   
  NO.   NAME      VALUE            ERROR          SIZE      DERIVATIVE 
   1  N0           3.18747e+06     fixed    
   2  tau          6.43968e+01   constant   
   3  A0           3.47673e-01     fixed    
   4  phi          4.13079e+00     fixed    
   5  R           -6.01460e+01   constant   
   6  alpha_CBO    4.20158e-03     fixed    
   7  w_CBO        2.32500e+00   constant   
   8  beta_CBO     0.00000e+00   1.00000e-03   1.00000e-03  -9.29767e+02
   9  alpha_2CBO   0.00000e+00   1.00000e-03   1.00000e-03  -4.38672e+03
  10  beta_2CBO   -1.19385e-03     fixed    
  11  alpha_y      0.00000e+00     fixed    
  12  w_y          1.44500e+01   constant   
  13  beta_y       8.93431e-04     fixed    
  14  alpha_vw     0.00000e+00     fixed    
  15  w_vw         1.29000e+01   constant   
  16  beta_vw      0.00000e+00     fixed    
  17  LM          -1.51189e-04   constant   
  18  zeta_y       0.00000e+00   constant   
  19  zeta_vw      0.00000e+00   constant   
  20  T_CBO        2.16240e+01   4.79595e+00   1.45355e-04   5.43791e-01
  21  alpha_A0    -1.11212e+04   3.74588e+04   3.14891e+01  -9.19639e-06
  22  beta_A0      1.11219e+04   3.75707e+04  -3.13932e+01  -6.78751e-06
  23  alpha_phi   -1.56943e+04   5.24581e+04   4.43706e+01   2.05513e-06
  24  beta_phi    -8.37976e+01   2.91192e+02   2.08556e-01   2.66507e-07
 MIGRAD MINIMIZATION HAS CONVERGED.
 MIGRAD WILL VERIFY CONVERGENCE AND ERROR MATRIX.
 FCN=67.25 FROM HESSE     STATUS=NOT POSDEF     50 CALLS        3401 TOTAL
                     EDM=0.00142545    STRATEGY= 1      ERR MATRIX NOT POS-DEF
  EXT PARAMETER                APPROXIMATE        STEP         FIRST   
  NO.   NAME      VALUE            ERROR          SIZE      DERIVATIVE 
   1  N0           3.18747e+06     fixed    
   2  tau          6.43968e+01   constant   
   3  A0           3.47673e-01     fixed    
   4  phi          4.13079e+00     fixed    
   5  R           -6.01460e+01   constant   
   6  alpha_CBO    4.20158e-03     fixed    
   7  w_CBO        2.32500e+00   constant   
   8  beta_CBO     2.30328e-04   7.68349e-04   3.05600e-06  -3.67235e+00
   9  alpha_2CBO   1.33842e-03   7.83233e-04   3.09033e-06   1.49542e+00
  10  beta_2CBO   -1.19385e-03     fixed    
  11  alpha_y      0.00000e+00     fixed    
  12  w_y          1.44500e+01   constant   
  13  beta_y       8.93431e-04     fixed    
  14  alpha_vw     0.00000e+00     fixed    
  15  w_vw         1.29000e+01   constant   
  16  beta_vw      0.00000e+00     fixed    
  17  LM          -1.51189e-04   constant   
  18  zeta_y       0.00000e+00   constant   
  19  zeta_vw      0.00000e+00   constant   
  20  T_CBO        2.16872e+01   1.15699e+01   2.05280e-05   3.74034e-01
  21  alpha_A0    -1.30558e+04   1.05479e+05   2.13890e+01   5.71101e-08
  22  beta_A0      1.18187e+04   9.77119e+04   2.12112e+01  -1.16700e-07
  23  alpha_phi   -1.57567e+04   1.28779e+05   2.10707e+01   1.88299e-07
  24  beta_phi    -3.40162e+03   3.00344e+04   2.11469e+01   1.55058e-07
 CALL LIMIT EXCEEDED IN MIGRAD.
 MIGRAD TERMINATED WITHOUT CONVERGENCE.
 FCN=67.2105 FROM MIGRAD    STATUS=CALL LIMIT   1155 CALLS        4410 TOTAL
                     EDM=0.000475731    STRATEGY= 1      ERR MATRIX NOT POS-DEF
  EXT PARAMETER                APPROXIMATE        STEP         FIRST   
  NO.   NAME      VALUE            ERROR          SIZE      DERIVATIVE 
   1  N0           3.18747e+06     fixed    
   2  tau          6.43968e+01   constant   
   3  A0           3.47673e-01     fixed    
   4  phi          4.13079e+00     fixed    
   5  R           -6.01460e+01   constant   
   6  alpha_CBO    4.20158e-03     fixed    
   7  w_CBO        2.32500e+00   constant   
   8  beta_CBO     2.27386e-04   7.71809e-04   6.44818e-06   3.79693e+00
   9  alpha_2CBO   1.33485e-03   7.80342e-04  -3.05728e-06   4.20213e+00
  10  beta_2CBO   -1.19385e-03     fixed    
  11  alpha_y      0.00000e+00     fixed    
  12  w_y          1.44500e+01   constant   
  13  beta_y       8.93431e-04     fixed    
  14  alpha_vw     0.00000e+00     fixed    
  15  w_vw         1.29000e+01   constant   
  16  beta_vw      0.00000e+00     fixed    
  17  LM          -1.51189e-04   constant   
  18  zeta_y       0.00000e+00   constant   
  19  zeta_vw      0.00000e+00   constant   
  20  T_CBO        1.64663e+01   5.19018e+00  -7.87509e-04  -8.54669e+00
  21  alpha_A0    -1.54022e+06   8.75298e+06  -1.61688e+05  -3.12290e-09
  22  beta_A0      1.51575e+06   8.75107e+06   1.61587e+05  -1.25277e-08
  23  alpha_phi   -1.97296e+06   1.14493e+07  -2.11391e+05   2.18882e-08
  24  beta_phi    -4.08469e+05   2.52142e+06  -4.64638e+04   1.16474e-08
 EXTERNAL ERROR MATRIX.    NDIM=  25    NPAR=  7    ERR DEF=1
  5.957e-07 -1.650e-08 -4.655e-04 -8.355e+02  8.348e+02 -1.095e+03 -2.429e+02 
 -1.650e-08  6.089e-07  2.403e-04  3.643e+02 -3.656e+02  4.793e+02  1.049e+02 
 -4.655e-04  2.403e-04  2.695e+01  4.533e+07 -4.532e+07  5.929e+07  1.305e+07 
 -8.355e+02  3.643e+02  4.533e+07  7.661e+13 -7.660e+13  1.002e+14  2.207e+13 
  8.348e+02 -3.656e+02 -4.532e+07 -7.660e+13  7.658e+13 -1.002e+14 -2.206e+13 
 -1.095e+03  4.793e+02  5.929e+07  1.002e+14 -1.002e+14  1.311e+14  2.887e+13 
 -2.429e+02  1.049e+02  1.305e+07  2.207e+13 -2.206e+13  2.887e+13  6.358e+12 
ERR MATRIX NOT POS-DEF
 PARAMETER  CORRELATION COEFFICIENTS  
       NO.  GLOBAL      8      9     20     21     22     23     24
        8  0.25730   1.000 -0.027 -0.116 -0.124  0.124 -0.124 -0.125
        9  0.21199  -0.027  1.000  0.059  0.053 -0.054  0.054  0.053
       20  0.99832  -0.116  0.059  1.000  0.998 -0.998  0.998  0.997
       21  1.00000  -0.124  0.053  0.998  1.000 -1.000  1.000  1.000
       22  1.00000   0.124 -0.054 -0.998 -1.000  1.000 -1.000 -1.000
       23  1.00000  -0.124  0.054  0.998  1.000 -1.000  1.000  1.000
       24  0.99998  -0.125  0.053  0.997  1.000 -1.000  1.000  1.000
 ERR MATRIX NOT POS-DEF
MINUIT - FIT wiggle + 1-CBO + 2-CBO
 **********
 **   42 **RES 
 **********
                   PARAMETER   16  beta_vw RESTORED TO VARIABLE.
                   PARAMETER   14  alpha_vw RESTORED TO VARIABLE.
                   PARAMETER   13  beta_y RESTORED TO VARIABLE.
                   PARAMETER   11  alpha_y RESTORED TO VARIABLE.
                   PARAMETER   10  beta_2CBO RESTORED TO VARIABLE.
                   PARAMETER    6  alpha_CBO RESTORED TO VARIABLE.
                   PARAMETER    4  phi RESTORED TO VARIABLE.
                   PARAMETER    3  A0 RESTORED TO VARIABLE.
                   PARAMETER    1  N0 RESTORED TO VARIABLE.
 **********
 **   43 **FIX           10
 **********
 **********
 **   44 **FIX           11
 **********
 **********
 **   45 **FIX           12
 **********
 PARAMETER   12  IS CONSTANT.   IGNORED.
 **********
 **   46 **FIX           13
 **********
 **********
 **   47 **FIX           14
 **********
 **********
 **   48 **FIX           15
 **********
 PARAMETER   15  IS CONSTANT.   IGNORED.
 **********
 **   49 **FIX           16
 **********
 **********
 **   50 **MIGRAD
 **********
 START MIGRAD MINIMIZATION.  STRATEGY  1.  CONVERGENCE WHEN EDM .LT. 1.00e-04
 FCN=67.2105 FROM MIGRAD    STATUS=INITIATE       22 CALLS        4432 TOTAL
                     EDM= unknown      STRATEGY= 1      NO ERROR MATRIX       
  EXT PARAMETER               CURRENT GUESS       STEP         FIRST   
  NO.   NAME      VALUE            ERROR          SIZE      DERIVATIVE 
   1  N0           3.18747e+06   1.78851e+03   1.78851e+03  -4.31525e-05
   2  tau          6.43968e+01   constant   
   3  A0           3.47673e-01   7.42426e-04   7.42426e-04  -1.73835e+02
   4  phi          4.13079e+00   2.24767e-03   2.24767e-03  -7.86492e+01
   5  R           -6.01460e+01   constant   
   6  alpha_CBO    4.20158e-03   7.92887e-04   7.92887e-04   1.48277e+02
   7  w_CBO        2.32500e+00   constant   
   8  beta_CBO     2.27386e-04   7.71809e-04   6.44818e-06   3.79693e+00
   9  alpha_2CBO   1.33485e-03   7.80342e-04  -3.05728e-06   4.20213e+00
  10  beta_2CBO   -1.19385e-03     fixed    
  11  alpha_y      0.00000e+00     fixed    
  12  w_y          1.44500e+01   constant   
  13  beta_y       8.93431e-04     fixed    
  14  alpha_vw     0.00000e+00     fixed    
  15  w_vw         1.29000e+01   constant   
  16  beta_vw      0.00000e+00     fixed    
  17  LM          -1.51189e-04   constant   
  18  zeta_y       0.00000e+00   constant   
  19  zeta_vw      0.00000e+00   constant   
  20  T_CBO        1.64663e+01   5.19018e+00  -7.87509e-04  -8.54667e+00
  21  alpha_A0    -1.54022e+06   8.75298e+06  -1.61688e+05  -3.12187e-09
  22  beta_A0      1.51575e+06   8.75107e+06   1.61587e+05  -1.25283e-08
  23  alpha_phi   -1.97296e+06   1.14493e+07  -2.11391e+05   2.18882e-08
  24  beta_phi    -4.08469e+05   2.52142e+06  -4.64638e+04   1.16474e-08
 MIGRAD MINIMIZATION HAS CONVERGED.
 MIGRAD WILL VERIFY CONVERGENCE AND ERROR MATRIX.
 FCN=67.192 FROM HESSE     STATUS=NOT POSDEF    100 CALLS        4627 TOTAL
                     EDM=0.000850807    STRATEGY= 1      ERR MATRIX NOT POS-DEF
  EXT PARAMETER                APPROXIMATE        STEP         FIRST   
  NO.   NAME      VALUE            ERROR          SIZE      DERIVATIVE 
   1  N0           3.18751e+06   1.84752e+03   6.67185e+00  -4.30718e-08
   2  tau          6.43968e+01   constant   
   3  A0           3.47722e-01   7.80118e-04   2.97627e-06  -1.60057e+00
   4  phi          4.13101e+00   2.32144e-03   8.83007e-06   4.46781e-01
   5  R           -6.01460e+01   constant   
   6  alpha_CBO    4.13830e-03   7.96333e-04   3.12473e-06   2.85845e-01
   7  w_CBO        2.32500e+00   constant   
   8  beta_CBO     2.33452e-04   7.97173e-04   3.05462e-06   8.10652e-01
   9  alpha_2CBO   1.34119e-03   7.84543e-04   3.08893e-06  -2.28378e-01
  10  beta_2CBO   -1.19385e-03     fixed    
  11  alpha_y      0.00000e+00     fixed    
  12  w_y          1.44500e+01   constant   
  13  beta_y       8.93431e-04     fixed    
  14  alpha_vw     0.00000e+00     fixed    
  15  w_vw         1.29000e+01   constant   
  16  beta_vw      0.00000e+00     fixed    
  17  LM          -1.51189e-04   constant   
  18  zeta_y       0.00000e+00   constant   
  19  zeta_vw      0.00000e+00   constant   
  20  T_CBO        1.64657e+01   6.63728e+00   1.35494e-05   5.61202e-01
  21  alpha_A0    -1.52652e+06   1.20528e+07   2.33566e+01   8.12572e-10
  22  beta_A0      1.54646e+06   1.29874e+07   2.33565e+01  -6.04101e-10
  23  alpha_phi   -1.97249e+06   1.60006e+07   2.33565e+01   8.28310e-10
  24  beta_phi    -4.20103e+05   3.73893e+06   2.33565e+01  -4.97149e-10
 CALL LIMIT EXCEEDED IN MIGRAD.
 MIGRAD TERMINATED WITHOUT CONVERGENCE.
 FCN=67.1672 FROM MIGRAD    STATUS=CALL LIMIT   1919 CALLS        6329 TOTAL
                     EDM=0.000358384    STRATEGY= 1      ERR MATRIX NOT POS-DEF
  EXT PARAMETER                APPROXIMATE        STEP         FIRST   
  NO.   NAME      VALUE            ERROR          SIZE      DERIVATIVE 
   1  N0           3.18750e+06   1.82953e+03  -2.20360e+00  -2.58094e-07
   2  tau          6.43968e+01   constant   
   3  A0           3.47711e-01   7.93866e-04  -3.09001e-06  -7.19973e+00
   4  phi          4.13103e+00   2.32497e-03   4.66485e-06   6.11374e-01
   5  R           -6.01460e+01   constant   
   6  alpha_CBO    4.13798e-03   7.98754e-04   1.20691e-06   5.17683e+00
   7  w_CBO        2.32500e+00   constant   
   8  beta_CBO     2.26440e-04   8.01802e-04   1.91030e-06   2.70450e+00
   9  alpha_2CBO   1.33913e-03   7.87353e-04   9.28871e-07   6.58407e+00
  10  beta_2CBO   -1.19385e-03     fixed    
  11  alpha_y      0.00000e+00     fixed    
  12  w_y          1.44500e+01   constant   
  13  beta_y       8.93431e-04     fixed    
  14  alpha_vw     0.00000e+00     fixed    
  15  w_vw         1.29000e+01   constant   
  16  beta_vw      0.00000e+00     fixed    
  17  LM          -1.51189e-04   constant   
  18  zeta_y       0.00000e+00   constant   
  19  zeta_vw      0.00000e+00   constant   
  20  T_CBO        1.37405e+01   3.32349e+00  -3.39270e-04  -9.80803e+00
  21  alpha_A0    -7.80411e+07   4.23053e+08  -5.06260e+06  -1.63768e-10
  22  beta_A0      8.37808e+07   4.62780e+08   5.53924e+06  -3.02416e-10
  23  alpha_phi   -1.04803e+08   5.67445e+08  -6.79062e+06   3.16728e-10
  24  beta_phi    -2.05903e+07   8.99097e+07  -9.85086e+05   3.74418e-10
 EXTERNAL ERROR MATRIX.    NDIM=  25    NPAR= 11    ERR DEF=1
  3.347e+06 
 -8.824e-02  6.302e-07 
 -5.217e-01 -1.438e-07  5.406e-06 
 -5.983e-02 -2.248e-08 -3.522e-07  6.380e-07 
  8.296e-02  1.264e-07 -1.875e-07 -9.446e-09  6.429e-07 
  4.000e-04 -4.534e-09  1.051e-07 -1.888e-08 -1.210e-08  6.199e-07 
 -3.139e+02  2.007e-04 -3.535e-04  3.440e-05  5.575e-05  1.023e-04  1.105e+01 
 -3.908e+10  3.514e+04 -5.371e+04 -1.156e+03  4.953e+03  6.441e+03  1.402e+09  1.790e+17 
  4.606e+10 -3.957e+04  6.136e+04  5.057e+02 -6.724e+03 -8.405e+03 -1.531e+09 -1.957e+17  2.142e+17 
 -5.269e+10  4.709e+04 -7.154e+04 -1.305e+03  6.738e+03  9.174e+03  1.880e+09  2.401e+17 -2.625e+17  3.220e+17 
  1.699e+09  3.690e+03 -5.281e+03 -1.500e+03 -1.416e+03 -1.371e+03  2.786e+08  3.522e+16 -3.795e+16  4.712e+16  8.084e+15 
ERR MATRIX NOT POS-DEF
 PARAMETER  CORRELATION COEFFICIENTS  
       NO.  GLOBAL      1      3      4      6      8      9     20     21     22     23     24
        1  0.35127   1.000 -0.061 -0.123 -0.041  0.057  0.000 -0.052 -0.050  0.054 -0.051  0.010
        3  0.48249  -0.061  1.000 -0.078 -0.035  0.199 -0.007  0.076  0.105 -0.108  0.105  0.052
        4  0.36062  -0.123 -0.078  1.000 -0.190 -0.101  0.057 -0.046 -0.055  0.057 -0.054 -0.025
        6  0.35730  -0.041 -0.035 -0.190  1.000 -0.015 -0.030  0.013 -0.003  0.001 -0.003 -0.021
        8  0.36114   0.057  0.199 -0.101 -0.015  1.000 -0.019  0.021  0.015 -0.018  0.015 -0.020
        9  0.37279   0.000 -0.007  0.057 -0.030 -0.019  1.000  0.039  0.019 -0.023  0.021 -0.019
       20  0.99818  -0.052  0.076 -0.046  0.013  0.021  0.039  1.000  0.997 -0.996  0.997  0.932
       21  0.99999  -0.050  0.105 -0.055 -0.003  0.015  0.019  0.997  1.000 -0.999  1.000  0.926
       22  0.99999   0.054 -0.108  0.057  0.001 -0.018 -0.023 -0.996 -0.999  1.000 -1.000 -0.912
       23  0.99999  -0.051  0.105 -0.054 -0.003  0.015  0.021  0.997  1.000 -1.000  1.000  0.924
       24  0.99873   0.010  0.052 -0.025 -0.021 -0.020 -0.019  0.932  0.926 -0.912  0.924  1.000
 ERR MATRIX NOT POS-DEF
MINUIT - FIT ONLY 1-y
 **********
 **   51 **RES 
 **********
                   PARAMETER   16  beta_vw RESTORED TO VARIABLE.
                   PARAMETER   14  alpha_vw RESTORED TO VARIABLE.
                   PARAMETER   13  beta_y RESTORED TO VARIABLE.
                   PARAMETER   11  alpha_y RESTORED TO VARIABLE.
                   PARAMETER   10  beta_2CBO RESTORED TO VARIABLE.
 **********
 **   52 **FIX            0
 **********
 PARAMETER    0  IS UNDEFINED. IGNORED.
 **********
 **   53 **FIX            1
 **********
 **********
 **   54 **FIX            2
 **********
 PARAMETER    2  IS CONSTANT.   IGNORED.
 **********
 **   55 **FIX            3
 **********
 **********
 **   56 **FIX            4
 **********
 **********
 **   57 **FIX            5
 **********
 PARAMETER    5  IS CONSTANT.   IGNORED.
 **********
 **   58 **FIX            6
 **********
 **********
 **   59 **FIX            7
 **********
 PARAMETER    7  IS CONSTANT.   IGNORED.
 **********
 **   60 **FIX            8
 **********
 **********
 **   61 **FIX            9
 **********
 **********
 **   62 **FIX           13
 **********
 **********
 **   63 **FIX           14
 **********
 **********
 **   64 **FIX           15
 **********
 PARAMETER   15  IS CONSTANT.   IGNORED.
 **********
 **   65 **FIX           16
 **********
 **********
 **   66 **MIGRAD
 **********
 START MIGRAD MINIMIZATION.  STRATEGY  1.  CONVERGENCE WHEN EDM .LT. 1.00e-04
 FCN=67.1672 FROM MIGRAD    STATUS=INITIATE       16 CALLS        6345 TOTAL
                     EDM= unknown      STRATEGY= 1      NO ERROR MATRIX       
  EXT PARAMETER               CURRENT GUESS       STEP         FIRST   
  NO.   NAME      VALUE            ERROR          SIZE      DERIVATIVE 
   1  N0           3.18750e+06     fixed    
   2  tau          6.43968e+01   constant   
   3  A0           3.47711e-01     fixed    
   4  phi          4.13103e+00     fixed    
   5  R           -6.01460e+01   constant   
   6  alpha_CBO    4.13798e-03     fixed    
   7  w_CBO        2.32500e+00   constant   
   8  beta_CBO     2.26440e-04     fixed    
   9  alpha_2CBO   1.33913e-03     fixed    
  10  beta_2CBO   -1.19385e-03   7.56891e-04   7.56891e-04   2.05905e+02
  11  alpha_y      0.00000e+00   1.00000e-03   1.00000e-03   3.88773e+03
  12  w_y          1.44500e+01   constant   
  13  beta_y       8.93431e-04     fixed    
  14  alpha_vw     0.00000e+00     fixed    
  15  w_vw         1.29000e+01   constant   
  16  beta_vw      0.00000e+00     fixed    
  17  LM          -1.51189e-04   constant   
  18  zeta_y       0.00000e+00   constant   
  19  zeta_vw      0.00000e+00   constant   
  20  T_CBO        1.37405e+01   3.32349e+00  -3.39270e-04  -9.80804e+00
  21  alpha_A0    -7.80411e+07   4.23053e+08  -5.06260e+06  -1.63768e-10
  22  beta_A0      8.37808e+07   4.62780e+08   5.53924e+06  -3.02416e-10
  23  alpha_phi   -1.04803e+08   5.67445e+08  -6.79062e+06   3.16728e-10
  24  beta_phi    -2.05903e+07   8.99097e+07  -9.85086e+05   3.74418e-10
 MIGRAD MINIMIZATION HAS CONVERGED.
 MIGRAD WILL VERIFY CONVERGENCE AND ERROR MATRIX.
 FCN=64.9312 FROM HESSE     STATUS=NOT POSDEF     52 CALLS        6459 TOTAL
                     EDM=0.000786857    STRATEGY= 1      ERR MATRIX NOT POS-DEF
  EXT PARAMETER                APPROXIMATE        STEP         FIRST   
  NO.   NAME      VALUE            ERROR          SIZE      DERIVATIVE 
   1  N0           3.18750e+06     fixed    
   2  tau          6.43968e+01   constant   
   3  A0           3.47711e-01     fixed    
   4  phi          4.13103e+00     fixed    
   5  R           -6.01460e+01   constant   
   6  alpha_CBO    4.13798e-03     fixed    
   7  w_CBO        2.32500e+00   constant   
   8  beta_CBO     2.26440e-04     fixed    
   9  alpha_2CBO   1.33913e-03     fixed    
  10  beta_2CBO   -1.25080e-03   6.73495e-04   3.03754e-06  -5.89325e-01
  11  alpha_y     -1.14713e-03   6.67772e-04   3.04609e-06  -2.54236e-02
  12  w_y          1.44500e+01   constant   
  13  beta_y       8.93431e-04     fixed    
  14  alpha_vw     0.00000e+00     fixed    
  15  w_vw         1.29000e+01   constant   
  16  beta_vw      0.00000e+00     fixed    
  17  LM          -1.51189e-04   constant   
  18  zeta_y       0.00000e+00   constant   
  19  zeta_vw      0.00000e+00   constant   
  20  T_CBO        1.37358e+01   5.97946e-01   1.01144e-05  -1.25732e-02
  21  alpha_A0    -7.78170e+07   1.23608e+08   3.71061e+01  -1.77704e-10
  22  beta_A0      8.38268e+07   1.08410e+08   3.99717e+01  -2.62031e-10
  23  alpha_phi   -1.07220e+08   2.27286e+08   5.11263e+01  -1.57203e-11
  24  beta_phi    -2.08217e+07   1.38496e+08   2.29663e+01  -1.65560e-11
 MIGRAD MINIMIZATION HAS CONVERGED.
 MIGRAD WILL VERIFY CONVERGENCE AND ERROR MATRIX.
 COVARIANCE MATRIX CALCULATED SUCCESSFULLY
 FCN=64.9311 FROM MIGRAD    STATUS=CONVERGED     198 CALLS        6527 TOTAL
                     EDM=4.11614e-06    STRATEGY= 1      ERROR MATRIX ACCURATE 
  EXT PARAMETER                                   STEP         FIRST   
  NO.   NAME      VALUE            ERROR          SIZE      DERIVATIVE 
   1  N0           3.18750e+06     fixed    
   2  tau          6.43968e+01   constant   
   3  A0           3.47711e-01     fixed    
   4  phi          4.13103e+00     fixed    
   5  R           -6.01460e+01   constant   
   6  alpha_CBO    4.13798e-03     fixed    
   7  w_CBO        2.32500e+00   constant   
   8  beta_CBO     2.26440e-04     fixed    
   9  alpha_2CBO   1.33913e-03     fixed    
  10  beta_2CBO   -1.25088e-03   7.78537e-04   3.03753e-06  -4.50806e-01
  11  alpha_y     -1.14713e-03   7.68385e-04   3.04609e-06  -3.23655e-02
  12  w_y          1.44500e+01   constant   
  13  beta_y       8.93431e-04     fixed    
  14  alpha_vw     0.00000e+00     fixed    
  15  w_vw         1.29000e+01   constant   
  16  beta_vw      0.00000e+00     fixed    
  17  LM          -1.51189e-04   constant   
  18  zeta_y       0.00000e+00   constant   
  19  zeta_vw      0.00000e+00   constant   
  20  T_CBO        1.37372e+01   3.03142e-01   1.01604e-05  -1.11745e+00
  21  alpha_A0    -7.74846e+07   1.41421e+00   3.69475e+01  -1.26834e-10
  22  beta_A0      8.41185e+07   1.41421e+00   4.01108e+01  -1.18714e-10
  23  alpha_phi   -1.06621e+08   1.41421e+00   5.08407e+01   9.23450e-11
  24  beta_phi    -2.04598e+07   1.41421e+00   2.29663e+01   7.74662e-11
 EXTERNAL ERROR MATRIX.    NDIM=  25    NPAR=  7    ERR DEF=1
  6.061e-07 -4.617e-09 -4.194e-05 -2.454e-12 -9.369e-13  1.155e-12 -7.031e-13 
 -4.617e-09  5.904e-07  3.397e-06  7.883e-14  1.210e-13  6.838e-14 -1.501e-13 
 -4.194e-05  3.397e-06  9.190e-02  3.596e-09 -3.426e-09  5.308e-09  1.069e-09 
 -2.454e-12  7.883e-14  3.596e-09  2.000e+00  9.875e-14 -9.031e-18  1.761e-16 
 -9.369e-13  1.210e-13 -3.426e-09  9.875e-14  2.000e+00 -3.525e-16  5.164e-16 
  1.155e-12  6.838e-14  5.308e-09 -9.031e-18 -3.525e-16  2.000e+00 -1.643e-15 
 -7.031e-13 -1.501e-13  1.069e-09  1.761e-16  5.164e-16 -1.643e-15  2.000e+00 
 PARAMETER  CORRELATION COEFFICIENTS  
       NO.  GLOBAL     10     11     20     21     22     23     24
       10  0.17777   1.000 -0.008 -0.178 -0.000 -0.000  0.000 -0.000
       11  0.01549  -0.008  1.000  0.015  0.000  0.000  0.000 -0.000
       20  0.17819  -0.178  0.015  1.000  0.000 -0.000  0.000  0.000
       21  0.00000  -0.000  0.000  0.000  1.000  0.000 -0.000  0.000
       22  0.00000  -0.000  0.000 -0.000  0.000  1.000 -0.000  0.000
       23  0.00000   0.000  0.000  0.000 -0.000 -0.000  1.000 -0.000
       24  0.00000  -0.000 -0.000  0.000  0.000  0.000 -0.000  1.000
MINUIT - FIT ONLY 2-y
 **********
 **   67 **RES 
 **********
                   PARAMETER   16  beta_vw RESTORED TO VARIABLE.
                   PARAMETER   14  alpha_vw RESTORED TO VARIABLE.
                   PARAMETER   13  beta_y RESTORED TO VARIABLE.
                   PARAMETER    9  alpha_2CBO RESTORED TO VARIABLE.
                   PARAMETER    8  beta_CBO RESTORED TO VARIABLE.
                   PARAMETER    6  alpha_CBO RESTORED TO VARIABLE.
                   PARAMETER    4  phi RESTORED TO VARIABLE.
                   PARAMETER    3  A0 RESTORED TO VARIABLE.
                   PARAMETER    1  N0 RESTORED TO VARIABLE.
 **********
 **   68 **FIX            0
 **********
 PARAMETER    0  IS UNDEFINED. IGNORED.
 **********
 **   69 **FIX            1
 **********
 **********
 **   70 **FIX            2
 **********
 PARAMETER    2  IS CONSTANT.   IGNORED.
 **********
 **   71 **FIX            3
 **********
 **********
 **   72 **FIX            4
 **********
 **********
 **   73 **FIX            5
