 + ++++++++++++++++++++++++++++++++++++++++++++++++++++++++++++++++++++ +
 +                                                                      +
 +           You have chose to blind your fitting according to          +
 +                omega_ref * (1 + (R +/- deltaR) *10^{-6})             +
 +                                                                      +
 + ++++++++++++++++++++++++++++++++++++++++++++++++++++++++++++++++++++ +
In main()...
reading format from /gm2data/zkhechad/run45/envelope/formats/formatB_sBin_constraintOn.txt
pBinTau 	= 0  
pBinPhi 	= 0  
constraintau 	= 1 
includeMopTerm 	= 0    
constrainMop    = 0   
Parameters after format file: pBinTau 0 pBinPhi 0 constraintau 1 includeMopTerm 0 constrainMop 0 c_e_scale 0.000000 
Opening file /gm2data/tbarrett/gm2fr/studies/run23_bunch_corrections/CorrectedFourier_Run3b.root.
reading full fit data from /gm2data/zkhechad/cboTemplates/Run4CBOTemplates/templateFits0_v2.0/noRF/sBin_constraintOn_cE0.0_seed0_noRF_calo19.root
windowBins = 69
fitting sliding window 1768 from bin 1904 at 283.927600 to bin 1973 at 294.371600 (69 bins)

Reading data from /gm2data/cornell/histograms/aMethod/histogram_a_noRF.root
 **********
 **    1 **SET PRINTOUT            1
 **********
 **********
 **    2 **SET NOWARNINGS 
 **********
 PARAMETER DEFINITIONS:
    NO.   NAME         VALUE      STEP SIZE      LIMITS
     1 N0           3.18982e+06  1.00000e+02     no limits
     2 tau          6.43968e+01  constant
     3 A0           3.47817e-01  1.00000e-04     no limits
     4 phi          4.13212e+00  1.00000e-02     no limits
     5 R           -6.01460e+01  constant
     6 alpha_CBO    0.00000e+00  1.00000e-03     no limits
     7 w_CBO        2.32500e+00  constant
     8 beta_CBO     0.00000e+00  1.00000e-03     no limits
     9 alpha_2CBO   0.00000e+00  1.00000e-03     no limits
    10 beta_2CBO    0.00000e+00  1.00000e-03     no limits
    11 alpha_y      0.00000e+00  1.00000e-03     no limits
    12 w_y          1.44500e+01  constant
    13 beta_y       0.00000e+00  1.00000e-03     no limits
    14 alpha_vw     0.00000e+00  1.00000e-03     no limits
    15 w_vw         1.29000e+01  constant
    16 beta_vw      0.00000e+00  1.00000e-03     no limits
    17 LM          -1.51189e-04  constant
    18 zeta_y       0.00000e+00  constant
    19 zeta_vw      0.00000e+00  constant
    20 T_CBO        1.00000e+02  1.00000e+00    0.00000e+00  1.00000e+03
    21 alpha_A0     0.00000e+00  1.00000e-03     no limits
    22 beta_A0      0.00000e+00  1.00000e-03     no limits
    23 alpha_phi    0.00000e+00  1.00000e-03     no limits
    24 beta_phi     0.00000e+00  1.00000e-03     no limits
MINUIT - FIT ONLY WIGGLE
 **********
 **    3 **FIX            5
 **********
 PARAMETER    5  IS CONSTANT.   IGNORED.
 **********
 **    4 **FIX            6
 **********
 **********
 **    5 **FIX            7
 **********
 PARAMETER    7  IS CONSTANT.   IGNORED.
 **********
 **    6 **FIX            8
 **********
 **********
 **    7 **FIX            9
 **********
 **********
 **    8 **FIX           10
 **********
 **********
 **    9 **FIX           11
 **********
 **********
 **   10 **FIX           12
 **********
 PARAMETER   12  IS CONSTANT.   IGNORED.
 **********
 **   11 **FIX           13
 **********
 **********
 **   12 **FIX           14
 **********
 **********
 **   13 **FIX           15
 **********
 PARAMETER   15  IS CONSTANT.   IGNORED.
 **********
 **   14 **FIX           16
 **********
 **********
 **   15 **MIGRAD
 **********
 FIRST CALL TO USER FUNCTION AT NEW START POINT, WITH IFLAG=4.
 START MIGRAD MINIMIZATION.  STRATEGY  1.  CONVERGENCE WHEN EDM .LT. 1.00e-04
 FCN=138.302 FROM MIGRAD    STATUS=INITIATE      437 CALLS         438 TOTAL
                     EDM= unknown      STRATEGY= 1      NO ERROR MATRIX       
  EXT PARAMETER               CURRENT GUESS       STEP         FIRST   
  NO.   NAME      VALUE            ERROR          SIZE      DERIVATIVE 
   1  N0           3.18982e+06   1.00000e+02   0.00000e+00   2.68219e-03
   2  tau          6.43968e+01   constant   
   3  A0           3.47817e-01   1.00000e-04   0.00000e+00  -5.52509e+02
   4  phi          4.13212e+00   1.00000e-02   0.00000e+00  -1.13389e+03
   5  R           -6.01460e+01   constant   
   6  alpha_CBO    0.00000e+00     fixed    
   7  w_CBO        2.32500e+00   constant   
   8  beta_CBO     0.00000e+00     fixed    
   9  alpha_2CBO   0.00000e+00     fixed    
  10  beta_2CBO    0.00000e+00     fixed    
  11  alpha_y      0.00000e+00     fixed    
  12  w_y          1.44500e+01   constant   
  13  beta_y       0.00000e+00     fixed    
  14  alpha_vw     0.00000e+00     fixed    
  15  w_vw         1.29000e+01   constant   
  16  beta_vw      0.00000e+00     fixed    
  17  LM          -1.51189e-04   constant   
  18  zeta_y       0.00000e+00   constant   
  19  zeta_vw      0.00000e+00   constant   
  20  T_CBO        1.00000e+02   1.00000e+00   0.00000e+00   0.00000e+00
  21  alpha_A0     0.00000e+00   1.00000e-03   0.00000e+00   9.90262e+01
  22  beta_A0      0.00000e+00   1.00000e-03   0.00000e+00   1.30695e+01
  23  alpha_phi    0.00000e+00   1.00000e-03   0.00000e+00   2.26462e+02
  24  beta_phi     0.00000e+00   1.00000e-03   0.00000e+00   2.54857e+01
 CALL LIMIT EXCEEDED IN MIGRAD.
 MIGRAD TERMINATED WITHOUT CONVERGENCE.
 FCN=116.556 FROM MIGRAD    STATUS=CALL LIMIT   1322 CALLS        1323 TOTAL
                     EDM=0.000486504    STRATEGY= 1  ERROR MATRIX UNCERTAINTY   0.1 per cent
  EXT PARAMETER                APPROXIMATE        STEP         FIRST   
  NO.   NAME      VALUE            ERROR          SIZE      DERIVATIVE 
   1  N0           3.18847e+06   1.34463e+03  -1.41330e+00   7.59584e-06
   2  tau          6.43968e+01   constant   
   3  A0           3.47748e-01   5.10702e-04  -4.26951e-06   9.09862e+00
   4  phi          4.13317e+00   1.60162e-03  -5.20345e-06  -6.97049e-01
   5  R           -6.01460e+01   constant   
   6  alpha_CBO    0.00000e+00     fixed    
   7  w_CBO        2.32500e+00   constant   
   8  beta_CBO     0.00000e+00     fixed    
   9  alpha_2CBO   0.00000e+00     fixed    
  10  beta_2CBO    0.00000e+00     fixed    
  11  alpha_y      0.00000e+00     fixed    
  12  w_y          1.44500e+01   constant   
  13  beta_y       0.00000e+00     fixed    
  14  alpha_vw     0.00000e+00     fixed    
  15  w_vw         1.29000e+01   constant   
  16  beta_vw      0.00000e+00     fixed    
  17  LM          -1.51189e-04   constant   
  18  zeta_y       0.00000e+00   constant   
  19  zeta_vw      0.00000e+00   constant   
  20  T_CBO        5.44806e+01   2.33055e+01  -4.07464e-03  -4.41743e+00
  21  alpha_A0    -5.79097e-01   1.13381e+00  -4.39641e-02   1.15642e-01
  22  beta_A0     -5.80803e-02   8.33769e-02   1.92361e-03   2.04158e-01
  23  alpha_phi   -1.60237e+00   3.44336e+00  -1.33032e-01   1.03043e-01
  24  beta_phi    -2.98214e-01   4.61210e-01  -1.79401e-02  -2.99266e-02
 EXTERNAL ERROR MATRIX.    NDIM=  25    NPAR=  8    ERR DEF=1
  1.808e+06  1.348e-01  2.070e-01  1.419e+03  4.404e+01 -1.670e+01  1.378e+02  2.951e+01 
  1.348e-01  2.608e-07 -1.189e-08  4.956e-04  2.800e-05 -3.426e-06  9.026e-05  1.077e-05 
  2.070e-01 -1.189e-08  2.565e-06  8.893e-04  6.505e-05 -6.730e-06  1.537e-04  1.872e-05 
  1.419e+03  4.956e-04  8.893e-04  5.451e+02  2.635e+01 -1.238e+00  7.993e+01  1.068e+01 
  4.404e+01  2.800e-05  6.505e-05  2.635e+01  1.286e+00 -6.314e-02  3.900e+00  5.169e-01 
 -1.670e+01 -3.426e-06 -6.730e-06 -1.238e+00 -6.314e-02  6.952e-03 -1.958e-01 -2.310e-02 
  1.378e+02  9.026e-05  1.537e-04  7.993e+01  3.900e+00 -1.958e-01  1.186e+01  1.565e+00 
  2.951e+01  1.077e-05  1.872e-05  1.068e+01  5.169e-01 -2.310e-02  1.565e+00  2.127e-01 
ERR MATRIX APPROXIMATE
 PARAMETER  CORRELATION COEFFICIENTS  
       NO.  GLOBAL      1      3      4     20     21     22     23     24
        1  0.43161   1.000  0.196  0.096  0.045  0.029 -0.149  0.030  0.048
        3  0.24357   0.196  1.000 -0.015  0.042  0.048 -0.080  0.051  0.046
        4  0.25630   0.096 -0.015  1.000  0.024  0.036 -0.050  0.028  0.025
       20  0.99734   0.045  0.042  0.024  1.000  0.996 -0.636  0.994  0.992
       21  0.99924   0.029  0.048  0.036  0.996  1.000 -0.668  0.999  0.988
       22  0.83629  -0.149 -0.080 -0.050 -0.636 -0.668  1.000 -0.682 -0.601
       23  0.99913   0.030  0.051  0.028  0.994  0.999 -0.682  1.000  0.985
       24  0.99362   0.048  0.046  0.025  0.992  0.988 -0.601  0.985  1.000
 ERR MATRIX APPROXIMATE
MINUIT - FIT ONLY 1-CBO + wiggle
 **********
 **   16 **RES 
 **********
                   PARAMETER   16  beta_vw RESTORED TO VARIABLE.
                   PARAMETER   14  alpha_vw RESTORED TO VARIABLE.
                   PARAMETER   13  beta_y RESTORED TO VARIABLE.
                   PARAMETER   11  alpha_y RESTORED TO VARIABLE.
                   PARAMETER   10  beta_2CBO RESTORED TO VARIABLE.
                   PARAMETER    9  alpha_2CBO RESTORED TO VARIABLE.
                   PARAMETER    8  beta_CBO RESTORED TO VARIABLE.
                   PARAMETER    6  alpha_CBO RESTORED TO VARIABLE.
 **********
 **   17 **FIX            8
 **********
 **********
 **   18 **FIX            9
 **********
 **********
 **   19 **FIX           11
 **********
 **********
 **   20 **FIX           12
 **********
 PARAMETER   12  IS CONSTANT.   IGNORED.
 **********
 **   21 **FIX           14
 **********
 **********
 **   22 **FIX           15
 **********
 PARAMETER   15  IS CONSTANT.   IGNORED.
 **********
 **   23 **FIX           16
 **********
 **********
 **   24 **MIGRAD
 **********
 START MIGRAD MINIMIZATION.  STRATEGY  1.  CONVERGENCE WHEN EDM .LT. 1.00e-04
 FCN=116.556 FROM MIGRAD    STATUS=INITIATE       28 CALLS        1351 TOTAL
                     EDM= unknown      STRATEGY= 1      NO ERROR MATRIX       
  EXT PARAMETER               CURRENT GUESS       STEP         FIRST   
  NO.   NAME      VALUE            ERROR          SIZE      DERIVATIVE 
   1  N0           3.18847e+06   1.34463e+03  -1.41330e+00   7.59584e-06
   2  tau          6.43968e+01   constant   
   3  A0           3.47748e-01   5.10702e-04  -4.26951e-06   9.09862e+00
   4  phi          4.13317e+00   1.60162e-03  -5.20345e-06  -6.97049e-01
   5  R           -6.01460e+01   constant   
   6  alpha_CBO    0.00000e+00   1.00000e-03   1.00000e-03  -2.31908e+04
   7  w_CBO        2.32500e+00   constant   
   8  beta_CBO     0.00000e+00     fixed    
   9  alpha_2CBO   0.00000e+00     fixed    
  10  beta_2CBO    0.00000e+00   1.00000e-03   1.00000e-03   3.48730e+03
  11  alpha_y      0.00000e+00     fixed    
  12  w_y          1.44500e+01   constant   
  13  beta_y       0.00000e+00   1.00000e-03   1.00000e-03  -2.98271e+03
  14  alpha_vw     0.00000e+00     fixed    
  15  w_vw         1.29000e+01   constant   
  16  beta_vw      0.00000e+00     fixed    
  17  LM          -1.51189e-04   constant   
  18  zeta_y       0.00000e+00   constant   
  19  zeta_vw      0.00000e+00   constant   
  20  T_CBO        5.44806e+01   2.33055e+01  -4.07464e-03  -4.41745e+00
  21  alpha_A0    -5.79097e-01   1.13381e+00  -4.39641e-02   1.15642e-01
  22  beta_A0     -5.80803e-02   8.33769e-02   1.92361e-03   2.04158e-01
  23  alpha_phi   -1.60237e+00   3.44336e+00  -1.33032e-01   1.03043e-01
  24  beta_phi    -2.98214e-01   4.61210e-01  -1.79401e-02  -2.99266e-02
 MIGRAD MINIMIZATION HAS CONVERGED.
 FCN=67.0001 FROM MIGRAD    STATUS=CONVERGED     173 CALLS        1496 TOTAL
                     EDM=7.86889e-06    STRATEGY= 1  ERROR MATRIX UNCERTAINTY   2.4 per cent
  EXT PARAMETER                                   STEP         FIRST   
  NO.   NAME      VALUE            ERROR          SIZE      DERIVATIVE 
   1  N0           3.18828e+06   1.29217e+03  -2.71734e+00  -7.35123e-07
   2  tau          6.43968e+01   constant   
   3  A0           3.47243e-01   4.99457e-04   1.58120e-06   2.39797e+00
   4  phi          4.13203e+00   1.63267e-03  -7.42409e-06  -8.15611e-01
   5  R           -6.01460e+01   constant   
   6  alpha_CBO    4.13601e-03   5.94844e-04  -1.96903e-07  -9.17362e-01
   7  w_CBO        2.32500e+00   constant   
   8  beta_CBO     0.00000e+00     fixed    
   9  alpha_2CBO   0.00000e+00     fixed    
  10  beta_2CBO   -5.79020e-04   5.54793e-04  -5.24428e-07  -4.48861e+00
  11  alpha_y      0.00000e+00     fixed    
  12  w_y          1.44500e+01   constant   
  13  beta_y       4.11504e-04   5.64885e-04  -1.22662e-06  -1.68438e+00
  14  alpha_vw     0.00000e+00     fixed    
  15  w_vw         1.29000e+01   constant   
  16  beta_vw      0.00000e+00     fixed    
  17  LM          -1.51189e-04   constant   
  18  zeta_y       0.00000e+00   constant   
  19  zeta_vw      0.00000e+00   constant   
  20  T_CBO        5.26447e+01   2.45839e+00  -3.58074e-05   2.98813e-01
  21  alpha_A0    -4.79366e-01   5.25096e-01  -1.47171e-03   4.05157e-03
  22  beta_A0     -8.92191e-02   5.38088e-01  -5.74424e-06   2.00013e-03
  23  alpha_phi   -1.33048e+00   3.71988e-01   7.11478e-04   2.80038e-03
  24  beta_phi    -1.88555e-01   4.04955e-01  -8.07263e-04   2.24809e-03
 EXTERNAL ERROR MATRIX.    NDIM=  25    NPAR= 11    ERR DEF=1
  1.670e+06 
  1.123e-01  2.495e-07 
  2.372e-01 -1.855e-09  2.666e-06 
 -1.873e-02 -3.719e-08 -1.130e-07  3.538e-07 
 -3.142e-02  1.590e-08 -7.366e-08 -5.441e-09  3.078e-07 
 -1.503e-02  6.884e-09 -5.055e-09 -9.661e-09 -1.389e-08  3.191e-07 
  4.754e+02 -1.235e-04  7.458e-04 -1.460e-04 -4.765e-05  8.217e-05  6.044e+00 
  7.080e+01 -3.091e-06  1.942e-04  8.616e-06 -7.756e-06  1.254e-05  3.787e-01  2.757e-01 
 -1.160e+02 -1.012e-05 -8.213e-05 -2.754e-06  1.335e-06  1.526e-06 -5.931e-02 -6.177e-02  2.895e-01 
 -2.705e+01 -4.078e-06  2.006e-05  2.368e-05  1.057e-05  6.037e-06  1.198e-01 -2.411e-02  2.734e-03  1.384e-01 
  2.902e+00 -2.193e-05  3.835e-05  7.221e-06 -4.541e-06  5.884e-06  1.276e-01  2.000e-02  9.217e-04 -3.229e-03  1.640e-01 
 PARAMETER  CORRELATION COEFFICIENTS  
       NO.  GLOBAL      1      3      4      6     10     13     20     21     22     23     24
        1  0.30871   1.000  0.174  0.112 -0.024 -0.044 -0.021  0.150  0.104 -0.167 -0.056  0.006
        3  0.27913   0.174  1.000 -0.002 -0.125  0.057  0.024 -0.101 -0.012 -0.038 -0.022 -0.108
        4  0.31051   0.112 -0.002  1.000 -0.116 -0.081 -0.005  0.186  0.227 -0.093  0.033  0.058
        6  0.25865  -0.024 -0.125 -0.116  1.000 -0.016 -0.029 -0.100  0.028 -0.009  0.107  0.030
       10  0.13501  -0.044  0.057 -0.081 -0.016  1.000 -0.044 -0.035 -0.027  0.004  0.051 -0.020
       13  0.10564  -0.021  0.024 -0.005 -0.029 -0.044  1.000  0.059  0.042  0.005  0.029  0.026
       20  0.42676   0.150 -0.101  0.186 -0.100 -0.035  0.059  1.000  0.293 -0.045  0.131  0.128
       21  0.43710   0.104 -0.012  0.227  0.028 -0.027  0.042  0.293  1.000 -0.219 -0.123  0.094
       22  0.27000  -0.167 -0.038 -0.093 -0.009  0.004  0.005 -0.045 -0.219  1.000  0.014  0.004
       23  0.27814  -0.056 -0.022  0.033  0.107  0.051  0.029  0.131 -0.123  0.014  1.000 -0.021
       24  0.18170   0.006 -0.108  0.058  0.030 -0.020  0.026  0.128  0.094  0.004 -0.021  1.000
MINUIT - FIT ONLY 2-CBO
 **********
 **   25 **RES 
 **********
                   PARAMETER   16  beta_vw RESTORED TO VARIABLE.
                   PARAMETER   14  alpha_vw RESTORED TO VARIABLE.
                   PARAMETER   11  alpha_y RESTORED TO VARIABLE.
                   PARAMETER    9  alpha_2CBO RESTORED TO VARIABLE.
                   PARAMETER    8  beta_CBO RESTORED TO VARIABLE.
 **********
 **   26 **FIX            0
 **********
 PARAMETER    0  IS UNDEFINED. IGNORED.
 **********
 **   27 **FIX            1
 **********
 **********
 **   28 **FIX            2
 **********
 PARAMETER    2  IS CONSTANT.   IGNORED.
 **********
 **   29 **FIX            3
 **********
 **********
 **   30 **FIX            4
 **********
 **********
 **   31 **FIX            5
 **********
 PARAMETER    5  IS CONSTANT.   IGNORED.
 **********
 **   32 **FIX            6
 **********
 **********
 **   33 **FIX            7
 **********
 PARAMETER    7  IS CONSTANT.   IGNORED.
 **********
 **   34 **FIX           10
 **********
 **********
 **   35 **FIX           11
 **********
 **********
 **   36 **FIX           12
 **********
 PARAMETER   12  IS CONSTANT.   IGNORED.
 **********
 **   37 **FIX           13
 **********
 **********
 **   38 **FIX           14
 **********
 **********
 **   39 **FIX           15
 **********
 PARAMETER   15  IS CONSTANT.   IGNORED.
 **********
 **   40 **FIX           16
 **********
 **********
 **   41 **MIGRAD
 **********
 START MIGRAD MINIMIZATION.  STRATEGY  1.  CONVERGENCE WHEN EDM .LT. 1.00e-04
 FCN=67.0001 FROM MIGRAD    STATUS=INITIATE       18 CALLS        1514 TOTAL
                     EDM= unknown      STRATEGY= 1      NO ERROR MATRIX       
  EXT PARAMETER               CURRENT GUESS       STEP         FIRST   
  NO.   NAME      VALUE            ERROR          SIZE      DERIVATIVE 
   1  N0           3.18828e+06     fixed    
   2  tau          6.43968e+01   constant   
   3  A0           3.47243e-01     fixed    
   4  phi          4.13203e+00     fixed    
   5  R           -6.01460e+01   constant   
   6  alpha_CBO    4.13601e-03     fixed    
   7  w_CBO        2.32500e+00   constant   
   8  beta_CBO     0.00000e+00   1.00000e-03   1.00000e-03  -1.10799e+04
   9  alpha_2CBO   0.00000e+00   1.00000e-03   1.00000e-03  -1.30862e+03
  10  beta_2CBO   -5.79020e-04     fixed    
  11  alpha_y      0.00000e+00     fixed    
  12  w_y          1.44500e+01   constant   
  13  beta_y       4.11504e-04     fixed    
  14  alpha_vw     0.00000e+00     fixed    
  15  w_vw         1.29000e+01   constant   
  16  beta_vw      0.00000e+00     fixed    
  17  LM          -1.51189e-04   constant   
  18  zeta_y       0.00000e+00   constant   
  19  zeta_vw      0.00000e+00   constant   
  20  T_CBO        5.26447e+01   2.45839e+00  -3.58074e-05   2.98813e-01
  21  alpha_A0    -4.79366e-01   5.25096e-01  -1.47171e-03   4.05156e-03
  22  beta_A0     -8.92191e-02   5.38088e-01  -5.74424e-06   2.00014e-03
  23  alpha_phi   -1.33048e+00   3.71988e-01   7.11478e-04   2.80038e-03
  24  beta_phi    -1.88555e-01   4.04955e-01  -8.07263e-04   2.24809e-03
 CALL LIMIT EXCEEDED IN MIGRAD.
 MIGRAD TERMINATED WITHOUT CONVERGENCE.
 FCN=56.5376 FROM MIGRAD    STATUS=CALL LIMIT   1156 CALLS        2652 TOTAL
                     EDM=0.00293729    STRATEGY= 1  ERROR MATRIX UNCERTAINTY  32.3 per cent
  EXT PARAMETER                APPROXIMATE        STEP         FIRST   
  NO.   NAME      VALUE            ERROR          SIZE      DERIVATIVE 
   1  N0           3.18828e+06     fixed    
   2  tau          6.43968e+01   constant   
   3  A0           3.47243e-01     fixed    
   4  phi          4.13203e+00     fixed    
   5  R           -6.01460e+01   constant   
   6  alpha_CBO    4.13601e-03     fixed    
   7  w_CBO        2.32500e+00   constant   
   8  beta_CBO     1.82750e-03   5.14339e-04   1.12529e-06  -7.43110e+01
   9  alpha_2CBO   1.67473e-04   5.75921e-04   2.52477e-07  -3.18996e+01
  10  beta_2CBO   -5.79020e-04     fixed    
  11  alpha_y      0.00000e+00     fixed    
  12  w_y          1.44500e+01   constant   
  13  beta_y       4.11504e-04     fixed    
  14  alpha_vw     0.00000e+00     fixed    
  15  w_vw         1.29000e+01   constant   
  16  beta_vw      0.00000e+00     fixed    
  17  LM          -1.51189e-04   constant   
  18  zeta_y       0.00000e+00   constant   
  19  zeta_vw      0.00000e+00   constant   
  20  T_CBO        2.59744e+01   4.58680e+00   1.13593e-04   1.23778e+00
  21  alpha_A0    -1.45234e+02   2.69126e+02  -4.56005e-01   1.02578e-04
  22  beta_A0      3.18380e+01   5.86263e+01   9.60034e-02   7.71080e-04
  23  alpha_phi   -3.64265e+02   7.14389e+02  -1.29571e+00  -1.01383e-04
  24  beta_phi     4.43731e+01   8.58645e+01   1.56988e-01  -1.20195e-03
 EXTERNAL ERROR MATRIX.    NDIM=  25    NPAR=  7    ERR DEF=1
  2.645e-07 -3.115e-08  1.101e-03  6.460e-02 -1.406e-02  1.714e-01 -2.056e-02 
 -3.115e-08  3.317e-07  5.293e-04  2.761e-02 -5.992e-03  7.341e-02 -8.854e-03 
  1.101e-03  5.293e-04  2.104e+01  1.216e+03 -2.650e+02  3.227e+03 -3.878e+02 
  6.460e-02  2.761e-02  1.216e+03  7.243e+04 -1.578e+04  1.923e+05 -2.311e+04 
 -1.406e-02 -5.992e-03 -2.650e+02 -1.578e+04  3.437e+03 -4.188e+04  5.033e+03 
  1.714e-01  7.341e-02  3.227e+03  1.923e+05 -4.188e+04  5.104e+05 -6.134e+04 
 -2.056e-02 -8.854e-03 -3.878e+02 -2.311e+04  5.033e+03 -6.134e+04  7.373e+03 
ERR MATRIX APPROXIMATE
 PARAMETER  CORRELATION COEFFICIENTS  
       NO.  GLOBAL      8      9     20     21     22     23     24
        8  0.53426   1.000 -0.105  0.467  0.467 -0.466  0.467 -0.466
        9  0.38563  -0.105  1.000  0.200  0.178 -0.177  0.178 -0.179
       20  0.99201   0.467  0.200  1.000  0.985 -0.985  0.985 -0.985
       21  0.99999   0.467  0.178  0.985  1.000 -1.000  1.000 -1.000
       22  0.99995  -0.466 -0.177 -0.985 -1.000  1.000 -1.000  1.000
       23  0.99999   0.467  0.178  0.985  1.000 -1.000  1.000 -1.000
       24  0.99998  -0.466 -0.179 -0.985 -1.000  1.000 -1.000  1.000
 ERR MATRIX APPROXIMATE
MINUIT - FIT wiggle + 1-CBO + 2-CBO
 **********
 **   42 **RES 
 **********
                   PARAMETER   16  beta_vw RESTORED TO VARIABLE.
                   PARAMETER   14  alpha_vw RESTORED TO VARIABLE.
                   PARAMETER   13  beta_y RESTORED TO VARIABLE.
                   PARAMETER   11  alpha_y RESTORED TO VARIABLE.
                   PARAMETER   10  beta_2CBO RESTORED TO VARIABLE.
                   PARAMETER    6  alpha_CBO RESTORED TO VARIABLE.
                   PARAMETER    4  phi RESTORED TO VARIABLE.
                   PARAMETER    3  A0 RESTORED TO VARIABLE.
                   PARAMETER    1  N0 RESTORED TO VARIABLE.
 **********
 **   43 **FIX           10
 **********
 **********
 **   44 **FIX           11
 **********
 **********
 **   45 **FIX           12
 **********
 PARAMETER   12  IS CONSTANT.   IGNORED.
 **********
 **   46 **FIX           13
 **********
 **********
 **   47 **FIX           14
 **********
 **********
 **   48 **FIX           15
 **********
 PARAMETER   15  IS CONSTANT.   IGNORED.
 **********
 **   49 **FIX           16
 **********
 **********
 **   50 **MIGRAD
 **********
 START MIGRAD MINIMIZATION.  STRATEGY  1.  CONVERGENCE WHEN EDM .LT. 1.00e-04
 FCN=56.5376 FROM MIGRAD    STATUS=INITIATE       22 CALLS        2674 TOTAL
                     EDM= unknown      STRATEGY= 1      NO ERROR MATRIX       
  EXT PARAMETER               CURRENT GUESS       STEP         FIRST   
  NO.   NAME      VALUE            ERROR          SIZE      DERIVATIVE 
   1  N0           3.18828e+06   1.29217e+03   1.29217e+03  -9.13297e-05
   2  tau          6.43968e+01   constant   
   3  A0           3.47243e-01   4.99457e-04   4.99457e-04  -1.44780e+03
   4  phi          4.13203e+00   1.63267e-03   1.63267e-03   9.72787e+02
   5  R           -6.01460e+01   constant   
   6  alpha_CBO    4.13601e-03   5.94844e-04   5.94844e-04   8.31859e+01
   7  w_CBO        2.32500e+00   constant   
   8  beta_CBO     1.82750e-03   5.14339e-04   1.12529e-06  -7.43110e+01
   9  alpha_2CBO   1.67473e-04   5.75921e-04   2.52477e-07  -3.18996e+01
  10  beta_2CBO   -5.79020e-04     fixed    
  11  alpha_y      0.00000e+00     fixed    
  12  w_y          1.44500e+01   constant   
  13  beta_y       4.11504e-04     fixed    
  14  alpha_vw     0.00000e+00     fixed    
  15  w_vw         1.29000e+01   constant   
  16  beta_vw      0.00000e+00     fixed    
  17  LM          -1.51189e-04   constant   
  18  zeta_y       0.00000e+00   constant   
  19  zeta_vw      0.00000e+00   constant   
  20  T_CBO        2.59744e+01   4.58680e+00   1.13593e-04   1.23775e+00
  21  alpha_A0    -1.45234e+02   2.69126e+02  -4.56005e-01   1.02578e-04
  22  beta_A0      3.18380e+01   5.86263e+01   9.60034e-02   7.71080e-04
  23  alpha_phi   -3.64265e+02   7.14389e+02  -1.29571e+00  -1.01383e-04
  24  beta_phi     4.43731e+01   8.58645e+01   1.56988e-01  -1.20195e-03
 CALL LIMIT EXCEEDED IN MIGRAD.
 MIGRAD TERMINATED WITHOUT CONVERGENCE.
 FCN=55.4215 FROM MIGRAD    STATUS=CALL LIMIT   1919 CALLS        4571 TOTAL
                     EDM=0.0189146    STRATEGY= 1  ERROR MATRIX UNCERTAINTY  15.3 per cent
  EXT PARAMETER                APPROXIMATE        STEP         FIRST   
  NO.   NAME      VALUE            ERROR          SIZE      DERIVATIVE 
   1  N0           3.18845e+06   1.34925e+03  -4.32041e+01  -4.72083e-05
   2  tau          6.43968e+01   constant   
   3  A0           3.47461e-01   5.06988e-04  -1.05720e-05  -3.62132e+01
   4  phi          4.13044e+00   1.61869e-03   3.12586e-05   1.99710e+01
   5  R           -6.01460e+01   constant   
   6  alpha_CBO    4.14270e-03   5.80425e-04  -3.36778e-06  -8.29556e+00
   7  w_CBO        2.32500e+00   constant   
   8  beta_CBO     2.00179e-03   5.80723e-04  -1.95797e-05  -9.70994e+01
   9  alpha_2CBO   1.64449e-04   5.62597e-04  -2.89916e-06  -1.92896e+01
  10  beta_2CBO   -5.79020e-04     fixed    
  11  alpha_y      0.00000e+00     fixed    
  12  w_y          1.44500e+01   constant   
  13  beta_y       4.11504e-04     fixed    
  14  alpha_vw     0.00000e+00     fixed    
  15  w_vw         1.29000e+01   constant   
  16  beta_vw      0.00000e+00     fixed    
  17  LM          -1.51189e-04   constant   
  18  zeta_y       0.00000e+00   constant   
  19  zeta_vw      0.00000e+00   constant   
  20  T_CBO        1.66555e+01   2.08707e+00  -1.05579e-03   1.78280e+01
  21  alpha_A0    -1.02624e+05   2.02602e+05  -1.50605e+04  -5.48147e-06
  22  beta_A0      1.10390e+04   2.19598e+04   1.63405e+03  -1.02516e-06
  23  alpha_phi   -1.73750e+05   3.40804e+05  -2.53444e+04   2.77925e-06
  24  beta_phi     3.76501e+04   7.40408e+04   5.50532e+03   5.69855e-07
 EXTERNAL ERROR MATRIX.    NDIM=  25    NPAR= 11    ERR DEF=1
  1.820e+06 
  1.454e-01  2.570e-07 
  4.966e-02 -5.991e-08  2.620e-06 
 -4.446e-02 -2.803e-08 -8.379e-08  3.369e-07 
  4.967e-02  4.393e-08 -1.686e-07  5.929e-09  3.372e-07 
  5.257e-02 -8.729e-09 -3.362e-09 -5.413e-10  6.018e-09  3.165e-07 
  1.639e+03  3.818e-04 -1.162e-03  8.996e-05  7.216e-04  1.277e-04  4.356e+00 
  1.443e+08  3.479e+01 -1.021e+02  1.153e+01  6.578e+01  9.675e+00  4.160e+05  4.105e+10 
 -1.567e+07 -3.770e+00  1.104e+01 -1.240e+00 -7.114e+00 -1.045e+00 -4.508e+04 -4.449e+09  4.822e+08 
  2.427e+08  5.849e+01 -1.718e+02  1.939e+01  1.106e+02  1.627e+01  6.997e+05  6.905e+10 -7.484e+09  1.161e+11 
 -5.274e+07 -1.272e+01  3.732e+01 -4.210e+00 -2.403e+01 -3.538e+00 -1.520e+05 -1.500e+10  1.626e+09 -2.523e+10  5.482e+09 
ERR MATRIX APPROXIMATE
 PARAMETER  CORRELATION COEFFICIENTS  
       NO.  GLOBAL      1      3      4      6      8      9     20     21     22     23     24
        1  0.82821   1.000  0.213  0.023 -0.057  0.063  0.069  0.582  0.528 -0.529  0.528 -0.528
        3  0.45930   0.213  1.000 -0.073 -0.095  0.149 -0.031  0.361  0.339 -0.339  0.339 -0.339
        4  0.61750   0.023 -0.073  1.000 -0.089 -0.179 -0.004 -0.344 -0.311  0.311 -0.311  0.311
        6  0.26298  -0.057 -0.095 -0.089  1.000  0.018 -0.002  0.074  0.098 -0.097  0.098 -0.098
        8  0.79357   0.063  0.149 -0.179  0.018  1.000  0.018  0.595  0.559 -0.558  0.559 -0.559
        9  0.27470   0.069 -0.031 -0.004 -0.002  0.018  1.000  0.109  0.085 -0.085  0.085 -0.085
       20  0.99391   0.582  0.361 -0.344  0.074  0.595  0.109  1.000  0.984 -0.984  0.984 -0.984
       21  1.00000   0.528  0.339 -0.311  0.098  0.559  0.085  0.984  1.000 -1.000  1.000 -1.000
       22  0.99998  -0.529 -0.339  0.311 -0.097 -0.558 -0.085 -0.984 -1.000  1.000 -1.000  1.000
       23  1.00000   0.528  0.339 -0.311  0.098  0.559  0.085  0.984  1.000 -1.000  1.000 -1.000
       24  1.00000  -0.528 -0.339  0.311 -0.098 -0.559 -0.085 -0.984 -1.000  1.000 -1.000  1.000
 ERR MATRIX APPROXIMATE
MINUIT - FIT ONLY 1-y
 **********
 **   51 **RES 
 **********
                   PARAMETER   16  beta_vw RESTORED TO VARIABLE.
                   PARAMETER   14  alpha_vw RESTORED TO VARIABLE.
                   PARAMETER   13  beta_y RESTORED TO VARIABLE.
                   PARAMETER   11  alpha_y RESTORED TO VARIABLE.
                   PARAMETER   10  beta_2CBO RESTORED TO VARIABLE.
 **********
 **   52 **FIX            0
 **********
 PARAMETER    0  IS UNDEFINED. IGNORED.
 **********
 **   53 **FIX            1
 **********
 **********
 **   54 **FIX            2
 **********
 PARAMETER    2  IS CONSTANT.   IGNORED.
 **********
 **   55 **FIX            3
 **********
 **********
 **   56 **FIX            4
 **********
 **********
 **   57 **FIX            5
 **********
 PARAMETER    5  IS CONSTANT.   IGNORED.
 **********
 **   58 **FIX            6
 **********
 **********
 **   59 **FIX            7
 **********
 PARAMETER    7  IS CONSTANT.   IGNORED.
 **********
 **   60 **FIX            8
 **********
 **********
 **   61 **FIX            9
 **********
 **********
 **   62 **FIX           13
 **********
 **********
 **   63 **FIX           14
 **********
 **********
 **   64 **FIX           15
 **********
 PARAMETER   15  IS CONSTANT.   IGNORED.
 **********
 **   65 **FIX           16
 **********
 **********
 **   66 **MIGRAD
 **********
 START MIGRAD MINIMIZATION.  STRATEGY  1.  CONVERGENCE WHEN EDM .LT. 1.00e-04
 FCN=55.4215 FROM MIGRAD    STATUS=INITIATE       16 CALLS        4587 TOTAL
                     EDM= unknown      STRATEGY= 1      NO ERROR MATRIX       
  EXT PARAMETER               CURRENT GUESS       STEP         FIRST   
  NO.   NAME      VALUE            ERROR          SIZE      DERIVATIVE 
   1  N0           3.18845e+06     fixed    
   2  tau          6.43968e+01   constant   
   3  A0           3.47461e-01     fixed    
   4  phi          4.13044e+00     fixed    
   5  R           -6.01460e+01   constant   
   6  alpha_CBO    4.14270e-03     fixed    
   7  w_CBO        2.32500e+00   constant   
   8  beta_CBO     2.00179e-03     fixed    
   9  alpha_2CBO   1.64449e-04     fixed    
  10  beta_2CBO   -5.79020e-04   5.54793e-04   5.54793e-04  -3.76755e+01
  11  alpha_y      0.00000e+00   1.00000e-03   1.00000e-03   5.00729e+03
  12  w_y          1.44500e+01   constant   
  13  beta_y       4.11504e-04     fixed    
  14  alpha_vw     0.00000e+00     fixed    
  15  w_vw         1.29000e+01   constant   
  16  beta_vw      0.00000e+00     fixed    
  17  LM          -1.51189e-04   constant   
  18  zeta_y       0.00000e+00   constant   
  19  zeta_vw      0.00000e+00   constant   
  20  T_CBO        1.66555e+01   2.08707e+00  -1.05579e-03   1.78278e+01
  21  alpha_A0    -1.02624e+05   2.02602e+05  -1.50605e+04  -5.48147e-06
  22  beta_A0      1.10390e+04   2.19598e+04   1.63405e+03  -1.02516e-06
  23  alpha_phi   -1.73750e+05   3.40804e+05  -2.53444e+04   2.77925e-06
  24  beta_phi     3.76501e+04   7.40408e+04   5.50532e+03   5.69855e-07
 CALL LIMIT EXCEEDED IN MIGRAD.
 MIGRAD TERMINATED WITHOUT CONVERGENCE.
 FCN=53.1381 FROM MIGRAD    STATUS=CALL LIMIT   1149 CALLS        5720 TOTAL
                     EDM=0.00157982    STRATEGY= 1  ERROR MATRIX UNCERTAINTY  20.8 per cent
  EXT PARAMETER                APPROXIMATE        STEP         FIRST   
  NO.   NAME      VALUE            ERROR          SIZE      DERIVATIVE 
   1  N0           3.18845e+06     fixed    
   2  tau          6.43968e+01   constant   
   3  A0           3.47461e-01     fixed    
   4  phi          4.13044e+00     fixed    
   5  R           -6.01460e+01   constant   
   6  alpha_CBO    4.14270e-03     fixed    
   7  w_CBO        2.32500e+00   constant   
   8  beta_CBO     2.00179e-03     fixed    
   9  alpha_2CBO   1.64449e-04     fixed    
  10  beta_2CBO   -5.89771e-04   2.53169e-04  -2.45665e-06   1.20510e+02
  11  alpha_y     -7.96393e-04   5.56546e-04  -1.31500e-06   2.62941e+01
  12  w_y          1.44500e+01   constant   
  13  beta_y       4.11504e-04     fixed    
  14  alpha_vw     0.00000e+00     fixed    
  15  w_vw         1.29000e+01   constant   
  16  beta_vw      0.00000e+00     fixed    
  17  LM          -1.51189e-04   constant   
  18  zeta_y       0.00000e+00   constant   
  19  zeta_vw      0.00000e+00   constant   
  20  T_CBO        1.25449e+01   1.56970e+00  -3.49788e-04  -3.07674e+01
  21  alpha_A0    -2.38453e+07   6.10476e+07  -1.48692e+06  -1.77176e-10
  22  beta_A0      5.86892e+06   1.75461e+07   4.27144e+05   1.70669e-08
  23  alpha_phi   -5.18449e+07   1.31653e+08  -3.20666e+06   6.18437e-09
  24  beta_phi     1.29238e+07   3.41116e+07   8.30717e+05   2.14070e-09
 EXTERNAL ERROR MATRIX.    NDIM=  25    NPAR=  7    ERR DEF=1
  6.409e-08 -4.961e-08  1.857e-04  7.475e+03 -2.152e+03  1.612e+04 -4.179e+03 
 -4.961e-08  3.097e-07  4.677e-05  1.883e+03 -5.412e+02  4.059e+03 -1.053e+03 
  1.857e-04  4.677e-05  2.464e+00  9.570e+07 -2.750e+07  2.064e+08 -5.347e+07 
  7.475e+03  1.883e+03  9.570e+07  3.727e+15 -1.071e+15  8.037e+15 -2.082e+15 
 -2.152e+03 -5.412e+02 -2.750e+07 -1.071e+15  3.079e+14 -2.310e+15  5.985e+14 
  1.612e+04  4.059e+03  2.064e+08  8.037e+15 -2.310e+15  1.733e+16 -4.491e+15 
 -4.179e+03 -1.053e+03 -5.347e+07 -2.082e+15  5.985e+14 -4.491e+15  1.164e+15 
ERR MATRIX APPROXIMATE
 PARAMETER  CORRELATION COEFFICIENTS  
       NO.  GLOBAL     10     11     20     21     22     23     24
       10  0.69664   1.000 -0.352  0.467  0.484 -0.485  0.484 -0.484
       11  0.48097  -0.352  1.000  0.054  0.055 -0.055  0.055 -0.055
       20  0.99891   0.467  0.054  1.000  0.999 -0.999  0.999 -0.999
       21  1.00000   0.484  0.055  0.999  1.000 -1.000  1.000 -1.000
       22  0.99998  -0.485 -0.055 -0.999 -1.000  1.000 -1.000  1.000
       23  1.00000   0.484  0.055  0.999  1.000 -1.000  1.000 -1.000
       24  1.00000  -0.484 -0.055 -0.999 -1.000  1.000 -1.000  1.000
 ERR MATRIX APPROXIMATE
MINUIT - FIT ONLY 2-y
 **********
 **   67 **RES 
 **********
                   PARAMETER   16  beta_vw RESTORED TO VARIABLE.
                   PARAMETER   14  alpha_vw RESTORED TO VARIABLE.
                   PARAMETER   13  beta_y RESTORED TO VARIABLE.
                   PARAMETER    9  alpha_2CBO RESTORED TO VARIABLE.
                   PARAMETER    8  beta_CBO RESTORED TO VARIABLE.
                   PARAMETER    6  alpha_CBO RESTORED TO VARIABLE.
                   PARAMETER    4  phi RESTORED TO VARIABLE.
                   PARAMETER    3  A0 RESTORED TO VARIABLE.
                   PARAMETER    1  N0 RESTORED TO VARIABLE.
 **********
 **   68 **FIX            0
 **********
 PARAMETER    0  IS UNDEFINED. IGNORED.
 **********
 **   69 **FIX            1
 **********
 **********
 **   70 **FIX            2
 **********
 PARAMETER    2  IS CONSTANT.   IGNORED.
 **********
 **   71 **FIX            3
 **********
 **********
 **   72 **FIX            4
 **********
 **********
 **   73 **FIX            5
 **********
 PARAMETER    5  IS CONSTANT.   IGNORED.
 **********
 **   74 **FIX            6
 **********
 **********
 **   75 **FIX            7
 **********
 PARAMETER    7  IS CONSTANT.   IGNORED.
 **********
 **   76 **FIX            8
 **********
 **********
 **   77 **FIX            9
 **********
 **********
 **   78 **FIX           10
 **********
 **********
 **   79 **FIX           11
 **********
 **********
 **   80 **FIX           12
 **********
 PARAMETER   12  IS CONSTANT.   IGNORED.
 **********
 **   81 **FIX           16
 **********
 **********
 **   82 **MIGRAD
 **********
 START MIGRAD MINIMIZATION.  STRATEGY  1.  CONVERGENCE WHEN EDM .LT. 1.00e-04
 FCN=53.1381 FROM MIGRAD    STATUS=INITIATE       16 CALLS        5736 TOTAL
                     EDM= unknown      STRATEGY= 1      NO ERROR MATRIX       
  EXT PARAMETER               CURRENT GUESS       STEP         FIRST   
  NO.   NAME      VALUE            ERROR          SIZE      DERIVATIVE 
   1  N0           3.18845e+06     fixed    
   2  tau          6.43968e+01   constant   
   3  A0           3.47461e-01     fixed    
   4  phi          4.13044e+00     fixed    
   5  R           -6.01460e+01   constant   
   6  alpha_CBO    4.14270e-03     fixed    
   7  w_CBO        2.32500e+00   constant   
   8  beta_CBO     2.00179e-03     fixed    
   9  alpha_2CBO   1.64449e-04     fixed    
  10  beta_2CBO   -5.89771e-04     fixed    
  11  alpha_y     -7.96393e-04     fixed    
  12  w_y          1.44500e+01   constant   
  13  beta_y       4.11504e-04   5.64885e-04   5.64885e-04  -9.01198e+01
  14  alpha_vw     0.00000e+00   1.00000e-03   1.00000e-03  -4.97239e+03
  15  w_vw         1.29000e+01   constant   
  16  beta_vw      0.00000e+00     fixed    
  17  LM          -1.51189e-04   constant   
  18  zeta_y       0.00000e+00   constant   
  19  zeta_vw      0.00000e+00   constant   
  20  T_CBO        1.25449e+01   1.56970e+00  -3.49788e-04  -3.07673e+01
  21  alpha_A0    -2.38453e+07   6.10476e+07  -1.48692e+06  -1.77176e-10
  22  beta_A0      5.86892e+06   1.75461e+07   4.27144e+05   1.70669e-08
  23  alpha_phi   -5.18449e+07   1.31653e+08  -3.20666e+06   6.18437e-09
  24  beta_phi     1.29238e+07   3.41116e+07   8.30717e+05   2.14070e-09
 CALL LIMIT EXCEEDED IN MIGRAD.
 MIGRAD TERMINATED WITHOUT CONVERGENCE.
 FCN=50.9381 FROM MIGRAD    STATUS=CALL LIMIT   1161 CALLS        6881 TOTAL
                     EDM=0.00123442    STRATEGY= 1  ERROR MATRIX UNCERTAINTY   7.9 per cent
  EXT PARAMETER                APPROXIMATE        STEP         FIRST   
  NO.   NAME      VALUE            ERROR          SIZE      DERIVATIVE 
   1  N0           3.18845e+06     fixed    
   2  tau          6.43968e+01   constant   
   3  A0           3.47461e-01     fixed    
   4  phi          4.13044e+00     fixed    
   5  R           -6.01460e+01   constant   
   6  alpha_CBO    4.14270e-03     fixed    
   7  w_CBO        2.32500e+00   constant   
   8  beta_CBO     2.00179e-03     fixed    
   9  alpha_2CBO   1.64449e-04     fixed    
  10  beta_2CBO   -5.89771e-04     fixed    
  11  alpha_y     -7.96393e-04     fixed    
  12  w_y          1.44500e+01   constant   
  13  beta_y       4.24457e-04   5.67581e-04  -4.72947e-06  -2.05490e+01
  14  alpha_vw     8.04444e-04   5.35044e-04   1.69568e-05   7.40085e+01
  15  w_vw         1.29000e+01   constant   
  16  beta_vw      0.00000e+00     fixed    
  17  LM          -1.51189e-04   constant   
  18  zeta_y       0.00000e+00   constant   
  19  zeta_vw      0.00000e+00   constant   
  20  T_CBO        1.01579e+01   1.52950e+00  -2.13872e-04  -8.91069e+00
  21  alpha_A0    -5.44633e+09   2.20364e+10  -3.66044e+08  -4.28453e-11
  22  beta_A0      1.06918e+08   5.41852e+08   9.02539e+06   5.66899e-12
  23  alpha_phi   -1.14982e+10   4.47081e+10  -7.41664e+08   1.95957e-11
  24  beta_phi     2.77894e+09   1.07274e+10   1.77925e+08  -2.54438e-11
 EXTERNAL ERROR MATRIX.    NDIM=  25    NPAR=  7    ERR DEF=1
  3.221e-07  9.703e-09  9.080e-05  1.350e+06 -3.327e+04  2.739e+06 -6.571e+05 
  9.703e-09  2.863e-07 -3.407e-04 -4.994e+06  1.226e+05 -1.013e+07  2.431e+06 
  9.080e-05 -3.407e-04  2.340e+00  3.358e+10 -8.245e+08  6.813e+10 -1.635e+10 
  1.350e+06 -4.994e+06  3.358e+10  4.856e+20 -1.193e+19  9.852e+20 -2.364e+20 
 -3.327e+04  1.226e+05 -8.245e+08 -1.193e+19  2.936e+17 -2.419e+19  5.805e+18 
  2.739e+06 -1.013e+07  6.813e+10  9.852e+20 -2.419e+19  1.999e+21 -4.796e+20 
 -6.571e+05  2.431e+06 -1.635e+10 -2.364e+20  5.805e+18 -4.796e+20  1.151e+20 
ERR MATRIX APPROXIMATE
 PARAMETER  CORRELATION COEFFICIENTS  
       NO.  GLOBAL     13     14     20     21     22     23     24
       13  0.14884   1.000  0.032  0.105  0.108 -0.108  0.108 -0.108
       14  0.43630   0.032  1.000 -0.416 -0.424  0.423 -0.424  0.424
       20  0.99689   0.105 -0.416  1.000  0.996 -0.995  0.996 -0.996
       21  1.00000   0.108 -0.424  0.996  1.000 -0.999  1.000 -1.000
       22  0.99896  -0.108  0.423 -0.995 -0.999  1.000 -0.999  0.999
       23  1.00000   0.108 -0.424  0.996  1.000 -0.999  1.000 -1.000
       24  1.00000  -0.108  0.424 -0.996 -1.000  0.999 -1.000  1.000
 ERR MATRIX APPROXIMATE
