 + ++++++++++++++++++++++++++++++++++++++++++++++++++++++++++++++++++++ +
 +                                                                      +
 +           You have chose to blind your fitting according to          +
 +                omega_ref * (1 + (R +/- deltaR) *10^{-6})             +
 +                                                                      +
 + ++++++++++++++++++++++++++++++++++++++++++++++++++++++++++++++++++++ +
In main()...
reading format from /gm2data/zkhechad/run45/envelope/formats/formatB_sBin_constraintOn.txt
pBinTau 	= 0  
pBinPhi 	= 0  
constraintau 	= 1 
includeMopTerm 	= 0    
constrainMop    = 0   
Parameters after format file: pBinTau 0 pBinPhi 0 constraintau 1 includeMopTerm 0 constrainMop 0 c_e_scale 0.000000 
Opening file /gm2data/tbarrett/gm2fr/studies/run23_bunch_corrections/CorrectedFourier_Run3b.root.
reading full fit data from /gm2data/zkhechad/cboTemplates/Run4CBOTemplates/fullFits/noRF/sBin_constraintOn_cE0.0_seed0_noRF_calo9.root
windowBins = 69
fitting sliding window 280 from bin 416 at 61.918000 to bin 485 at 72.362000 (69 bins)

Reading data from /gm2data/cornell/histograms/aMethod/histogram_a_noRF.root
 **********
 **    1 **SET PRINTOUT            1
 **********
 **********
 **    2 **SET NOWARNINGS 
 **********
 PARAMETER DEFINITIONS:
    NO.   NAME         VALUE      STEP SIZE      LIMITS
     1 N0           2.88206e+06  1.00000e+02     no limits
     2 tau          6.44106e+01  constant
     3 A0           3.51420e-01  1.00000e-04     no limits
     4 phi          4.11705e+00  1.00000e-02     no limits
     5 R           -5.98157e+01  constant
     6 alpha_CBO    0.00000e+00  1.00000e-03     no limits
     7 w_CBO        2.32500e+00  constant
     8 beta_CBO     0.00000e+00  1.00000e-03     no limits
     9 alpha_2CBO   0.00000e+00  1.00000e-03     no limits
    10 beta_2CBO    0.00000e+00  1.00000e-03     no limits
    11 alpha_y      0.00000e+00  1.00000e-03     no limits
    12 w_y          1.38860e+01  constant
    13 beta_y       0.00000e+00  1.00000e-03     no limits
    14 alpha_vw     0.00000e+00  1.00000e-03     no limits
    15 w_vw         1.43404e+01  constant
    16 beta_vw      0.00000e+00  1.00000e-03     no limits
    17 LM           1.60296e-04  constant
    18 zeta_y       0.00000e+00  constant
    19 zeta_vw      0.00000e+00  constant
    20 T_CBO        1.00000e+02  1.00000e+00    0.00000e+00  1.00000e+03
    21 alpha_A0     0.00000e+00  1.00000e-04   -1.00000e-02  1.00000e-02
    22 beta_A0      0.00000e+00  1.00000e-04   -1.00000e-02  1.00000e-02
    23 alpha_phi    0.00000e+00  1.00000e-04   -1.00000e-02  1.00000e-02
    24 beta_phi     0.00000e+00  1.00000e-04   -1.00000e-02  1.00000e-02
MINUIT - FIT ONLY WIGGLE
 **********
 **    3 **FIX            5
 **********
 PARAMETER    5  IS CONSTANT.   IGNORED.
 **********
 **    4 **FIX            6
 **********
 **********
 **    5 **FIX            7
 **********
 PARAMETER    7  IS CONSTANT.   IGNORED.
 **********
 **    6 **FIX            8
 **********
 **********
 **    7 **FIX            9
 **********
 **********
 **    8 **FIX           10
 **********
 **********
 **    9 **FIX           11
 **********
 **********
 **   10 **FIX           12
 **********
 PARAMETER   12  IS CONSTANT.   IGNORED.
 **********
 **   11 **FIX           13
 **********
 **********
 **   12 **FIX           14
 **********
 **********
 **   13 **FIX           15
 **********
 PARAMETER   15  IS CONSTANT.   IGNORED.
 **********
 **   14 **FIX           16
 **********
 **********
 **   15 **MIGRAD
 **********
 FIRST CALL TO USER FUNCTION AT NEW START POINT, WITH IFLAG=4.
 START MIGRAD MINIMIZATION.  STRATEGY  1.  CONVERGENCE WHEN EDM .LT. 1.00e-04
 FCN=5372.98 FROM MIGRAD    STATUS=INITIATE      435 CALLS         436 TOTAL
                     EDM= unknown      STRATEGY= 1      NO ERROR MATRIX       
  EXT PARAMETER               CURRENT GUESS       STEP         FIRST   
  NO.   NAME      VALUE            ERROR          SIZE      DERIVATIVE 
   1  N0           2.88206e+06   1.00000e+02   0.00000e+00   4.68306e-02
   2  tau          6.44106e+01   constant   
   3  A0           3.51420e-01   1.00000e-04   0.00000e+00   1.76032e+05
   4  phi          4.11705e+00   1.00000e-02   0.00000e+00  -7.62831e+04
   5  R           -5.98157e+01   constant   
   6  alpha_CBO    0.00000e+00     fixed    
   7  w_CBO        2.32500e+00   constant   
   8  beta_CBO     0.00000e+00     fixed    
   9  alpha_2CBO   0.00000e+00     fixed    
  10  beta_2CBO    0.00000e+00     fixed    
  11  alpha_y      0.00000e+00     fixed    
  12  w_y          1.38860e+01   constant   
  13  beta_y       0.00000e+00     fixed    
  14  alpha_vw     0.00000e+00     fixed    
  15  w_vw         1.43404e+01   constant   
  16  beta_vw      0.00000e+00     fixed    
  17  LM           1.60296e-04   constant   
  18  zeta_y       0.00000e+00   constant   
  19  zeta_vw      0.00000e+00   constant   
  20  T_CBO        1.00000e+02   1.00000e+00   0.00000e+00   0.00000e+00
  21  alpha_A0     0.00000e+00   1.00000e-04   0.00000e+00   2.25534e+02
  22  beta_A0      0.00000e+00   1.00000e-04   0.00000e+00  -1.35135e+02
  23  alpha_phi    0.00000e+00   1.00000e-04   0.00000e+00  -9.01312e+01
  24  beta_phi     0.00000e+00   1.00000e-04   0.00000e+00   3.12060e+00
 MIGRAD MINIMIZATION HAS CONVERGED.
 FCN=5049.45 FROM MIGRAD    STATUS=CONVERGED     780 CALLS         781 TOTAL
                     EDM=5.99198e-06    STRATEGY= 1  ERROR MATRIX UNCERTAINTY   2.4 per cent
  EXT PARAMETER                                   STEP         FIRST   
  NO.   NAME      VALUE            ERROR          SIZE      DERIVATIVE 
   1  N0           2.88180e+06   2.20794e+02  -2.72713e+00  -2.25606e-06
   2  tau          6.44106e+01   constant   
   3  A0           3.50532e-01   9.87135e-05  -6.10810e-07   1.10137e+00
   4  phi          4.12029e+00   2.84021e-04  -3.06453e-06  -2.75127e+00
   5  R           -5.98157e+01   constant   
   6  alpha_CBO    0.00000e+00     fixed    
   7  w_CBO        2.32500e+00   constant   
   8  beta_CBO     0.00000e+00     fixed    
   9  alpha_2CBO   0.00000e+00     fixed    
  10  beta_2CBO    0.00000e+00     fixed    
  11  alpha_y      0.00000e+00     fixed    
  12  w_y          1.38860e+01   constant   
  13  beta_y       0.00000e+00     fixed    
  14  alpha_vw     0.00000e+00     fixed    
  15  w_vw         1.43404e+01   constant   
  16  beta_vw      0.00000e+00     fixed    
  17  LM           1.60296e-04   constant   
  18  zeta_y       0.00000e+00   constant   
  19  zeta_vw      0.00000e+00   constant   
  20  T_CBO        7.33216e+01   8.02625e+00  -1.55601e-04  -1.08049e-01
  21  alpha_A0    -9.99999e-03   3.53585e-03  -1.73643e-02   3.74837e-03
  22  beta_A0      3.09934e-03   7.68279e-04   2.34783e-05  -5.98794e-03
  23  alpha_phi    2.66046e-03   8.48809e-04  -2.69323e-04  -1.21056e-02
  24  beta_phi     2.73803e-03   7.97389e-04  -3.88379e-04   1.81167e-02
 EXTERNAL ERROR MATRIX.    NDIM=  25    NPAR=  8    ERR DEF=1
  4.875e+04  9.088e-04  1.098e-02  2.526e+02  6.895e-05  4.272e-03  2.771e-02  2.934e-02 
  9.088e-04  9.744e-09 -2.165e-09 -2.933e-05  5.943e-12  5.449e-09  2.317e-09 -1.167e-08 
  1.098e-02 -2.165e-09  8.067e-08  2.057e-04  5.068e-11 -1.519e-08 -3.479e-09  2.901e-08 
  2.526e+02 -2.933e-05  2.057e-04  6.444e+01  1.352e-05 -2.239e-03 -1.799e-03 -1.598e-03 
  6.895e-05  5.943e-12  5.068e-11  1.352e-05  1.579e-10 -3.730e-10 -1.960e-10  4.317e-10 
  4.272e-03  5.449e-09 -1.519e-08 -2.239e-03 -3.730e-10  5.915e-07  1.364e-07  5.558e-08 
  2.771e-02  2.317e-09 -3.479e-09 -1.799e-03 -1.960e-10  1.364e-07  7.223e-07  7.276e-08 
  2.934e-02 -1.167e-08  2.901e-08 -1.598e-03  4.317e-10  5.558e-08  7.276e-08  6.373e-07 
 PARAMETER  CORRELATION COEFFICIENTS  
       NO.  GLOBAL      1      3      4     20     21     22     23     24
        1  0.35425   1.000  0.042  0.175  0.143  0.025  0.025  0.148  0.166
        3  0.20448   0.042  1.000 -0.077 -0.037  0.005  0.072  0.028 -0.148
        4  0.23792   0.175 -0.077  1.000  0.090  0.014 -0.070 -0.014  0.128
       20  0.52592   0.143 -0.037  0.090  1.000  0.134 -0.363 -0.264 -0.249
       21  0.15895   0.025  0.005  0.014  0.134  1.000 -0.039 -0.018  0.043
       22  0.39147   0.025  0.072 -0.070 -0.363 -0.039  1.000  0.209  0.091
       23  0.34107   0.148  0.028 -0.014 -0.264 -0.018  0.209  1.000  0.107
       24  0.38597   0.166 -0.148  0.128 -0.249  0.043  0.091  0.107  1.000
MINUIT - FIT ONLY 1-CBO + wiggle
 **********
 **   16 **RES 
 **********
                   PARAMETER   16  beta_vw RESTORED TO VARIABLE.
                   PARAMETER   14  alpha_vw RESTORED TO VARIABLE.
                   PARAMETER   13  beta_y RESTORED TO VARIABLE.
                   PARAMETER   11  alpha_y RESTORED TO VARIABLE.
                   PARAMETER   10  beta_2CBO RESTORED TO VARIABLE.
                   PARAMETER    9  alpha_2CBO RESTORED TO VARIABLE.
                   PARAMETER    8  beta_CBO RESTORED TO VARIABLE.
                   PARAMETER    6  alpha_CBO RESTORED TO VARIABLE.
 **********
 **   17 **FIX            8
 **********
 **********
 **   18 **FIX            9
 **********
 **********
 **   19 **FIX           11
 **********
 **********
 **   20 **FIX           12
 **********
 PARAMETER   12  IS CONSTANT.   IGNORED.
 **********
 **   21 **FIX           14
 **********
 **********
 **   22 **FIX           15
 **********
 PARAMETER   15  IS CONSTANT.   IGNORED.
 **********
 **   23 **FIX           16
 **********
 **********
 **   24 **MIGRAD
 **********
 START MIGRAD MINIMIZATION.  STRATEGY  1.  CONVERGENCE WHEN EDM .LT. 1.00e-04
 FCN=5049.45 FROM MIGRAD    STATUS=INITIATE       28 CALLS         809 TOTAL
                     EDM= unknown      STRATEGY= 1      NO ERROR MATRIX       
  EXT PARAMETER               CURRENT GUESS       STEP         FIRST   
  NO.   NAME      VALUE            ERROR          SIZE      DERIVATIVE 
   1  N0           2.88180e+06   2.20794e+02  -2.72713e+00  -2.25606e-06
   2  tau          6.44106e+01   constant   
   3  A0           3.50532e-01   9.87135e-05  -6.10810e-07   1.10139e+00
   4  phi          4.12029e+00   2.84021e-04  -3.06453e-06  -2.75127e+00
   5  R           -5.98157e+01   constant   
   6  alpha_CBO    0.00000e+00   1.00000e-03   1.00000e-03  -1.19123e+06
   7  w_CBO        2.32500e+00   constant   
   8  beta_CBO     0.00000e+00     fixed    
   9  alpha_2CBO   0.00000e+00     fixed    
  10  beta_2CBO    0.00000e+00   1.00000e-03   1.00000e-03  -8.40022e+04
  11  alpha_y      0.00000e+00     fixed    
  12  w_y          1.38860e+01   constant   
  13  beta_y       0.00000e+00   1.00000e-03   1.00000e-03   1.19235e+05
  14  alpha_vw     0.00000e+00     fixed    
  15  w_vw         1.43404e+01   constant   
  16  beta_vw      0.00000e+00     fixed    
  17  LM           1.60296e-04   constant   
  18  zeta_y       0.00000e+00   constant   
  19  zeta_vw      0.00000e+00   constant   
  20  T_CBO        7.33216e+01   8.02625e+00  -1.55601e-04  -1.08048e-01
  21  alpha_A0    -9.99999e-03   3.53585e-03  -1.73643e-02   3.75139e-03
  22  beta_A0      3.09934e-03   7.68279e-04   2.34783e-05  -5.98826e-03
  23  alpha_phi    2.66046e-03   8.48809e-04  -2.69323e-04  -1.21059e-02
  24  beta_phi     2.73803e-03   7.97389e-04  -3.88379e-04   1.81164e-02
 MIGRAD MINIMIZATION HAS CONVERGED.
 FCN=925.03 FROM MIGRAD    STATUS=CONVERGED    1797 CALLS        2578 TOTAL
                     EDM=1.46023e-06    STRATEGY= 1  ERROR MATRIX UNCERTAINTY   0.3 per cent
  EXT PARAMETER                                   STEP         FIRST   
  NO.   NAME      VALUE            ERROR          SIZE      DERIVATIVE 
   1  N0           2.88260e+06   2.18254e+02   1.69729e-01   3.00161e-07
   2  tau          6.44106e+01   constant   
   3  A0           3.51874e-01   1.00050e-04   1.56890e-08  -6.47839e-01
   4  phi          4.11757e+00   2.84073e-04   2.28090e-07  -8.66667e-01
   5  R           -5.98157e+01   constant   
   6  alpha_CBO    6.83424e-03   1.06499e-04   1.43185e-08  -9.67546e-01
   7  w_CBO        2.32500e+00   constant   
   8  beta_CBO     0.00000e+00     fixed    
   9  alpha_2CBO   0.00000e+00     fixed    
  10  beta_2CBO    3.61229e-04   1.04681e-04  -8.13694e-08   1.68801e+00
  11  alpha_y      0.00000e+00     fixed    
  12  w_y          1.38860e+01   constant   
  13  beta_y      -6.57609e-04   1.02775e-04   4.05664e-08  -3.37887e+00
  14  alpha_vw     0.00000e+00     fixed    
  15  w_vw         1.43404e+01   constant   
  16  beta_vw      0.00000e+00     fixed    
  17  LM           1.60296e-04   constant   
  18  zeta_y       0.00000e+00   constant   
  19  zeta_vw      0.00000e+00   constant   
  20  T_CBO        9.99965e+02   8.12711e+02   1.07535e-02  -2.26384e-04
  21  alpha_A0     1.25506e-03   4.91225e-04  -7.25660e-06  -3.16649e-03
  22  beta_A0      2.68580e-03   4.57940e-04   3.92294e-05   4.10239e-03
  23  alpha_phi    4.59457e-03   4.04042e-04   1.59140e-04  -8.03717e-03
  24  beta_phi    -7.15982e-04   4.61447e-04   1.24504e-04   1.46005e-02
 EXTERNAL ERROR MATRIX.    NDIM=  25    NPAR= 11    ERR DEF=1
  4.763e+04 
  2.278e-03  1.001e-08 
  1.007e-02 -2.062e-09  8.070e-08 
  1.368e-03  2.288e-09 -4.979e-09  1.134e-08 
 -1.241e-03 -4.454e-10  9.860e-10 -2.548e-10  1.096e-08 
 -3.584e-04 -1.993e-10  6.793e-10 -1.117e-10  6.612e-12  1.056e-08 
  4.607e+02  5.077e-06  7.930e-04  2.315e-05 -1.804e-04  9.640e-05  4.052e+03 
  1.741e-02 -2.192e-09  2.072e-08 -9.592e-09 -3.995e-09  3.104e-12  2.267e-03  2.415e-07 
  1.124e-02  4.343e-09 -6.427e-09  2.275e-09 -6.119e-09 -1.093e-09 -4.541e-03  4.765e-09  2.099e-07 
  1.479e-02  1.770e-09  1.784e-09  5.551e-09  3.557e-09  4.919e-10 -4.195e-03  3.184e-09 -3.242e-09  1.634e-07 
  1.323e-02 -9.923e-09  1.475e-08 -3.971e-09  7.120e-09  2.271e-10  4.679e-03  3.080e-08 -2.565e-08 -3.547e-09  2.131e-07 
 PARAMETER  CORRELATION COEFFICIENTS  
       NO.  GLOBAL      1      3      4      6     10     13     20     21     22     23     24
        1  0.35599   1.000  0.104  0.162  0.059 -0.054 -0.016  0.033  0.162  0.112  0.168  0.131
        3  0.32404   0.104  1.000 -0.073  0.215 -0.043 -0.019  0.001 -0.045  0.095  0.044 -0.215
        4  0.27509   0.162 -0.073  1.000 -0.165  0.033  0.023  0.044  0.148 -0.049  0.016  0.112
        6  0.33941   0.059  0.215 -0.165  1.000 -0.023 -0.010  0.003 -0.183  0.047  0.129 -0.081
       10  0.24125  -0.054 -0.043  0.033 -0.023  1.000  0.001 -0.027 -0.078 -0.128  0.084  0.147
       13  0.04476  -0.016 -0.019  0.023 -0.010  0.001  1.000  0.015  0.000 -0.023  0.012  0.005
       20  0.28897   0.033  0.001  0.044  0.003 -0.027  0.015  1.000  0.072 -0.156 -0.163  0.159
       21  0.30434   0.162 -0.045  0.148 -0.183 -0.078  0.000  0.072  1.000  0.021  0.016  0.136
       22  0.27039   0.112  0.095 -0.049  0.047 -0.128 -0.023 -0.156  0.021  1.000 -0.018 -0.121
       23  0.29118   0.168  0.044  0.016  0.129  0.084  0.012 -0.163  0.016 -0.018  1.000 -0.019
       24  0.36840   0.131 -0.215  0.112 -0.081  0.147  0.005  0.159  0.136 -0.121 -0.019  1.000
MINUIT - FIT ONLY 2-CBO
 **********
 **   25 **RES 
 **********
                   PARAMETER   16  beta_vw RESTORED TO VARIABLE.
                   PARAMETER   14  alpha_vw RESTORED TO VARIABLE.
                   PARAMETER   11  alpha_y RESTORED TO VARIABLE.
                   PARAMETER    9  alpha_2CBO RESTORED TO VARIABLE.
                   PARAMETER    8  beta_CBO RESTORED TO VARIABLE.
 **********
 **   26 **FIX            0
 **********
 PARAMETER    0  IS UNDEFINED. IGNORED.
 **********
 **   27 **FIX            1
 **********
 **********
 **   28 **FIX            2
 **********
 PARAMETER    2  IS CONSTANT.   IGNORED.
 **********
 **   29 **FIX            3
 **********
 **********
 **   30 **FIX            4
 **********
 **********
 **   31 **FIX            5
 **********
 PARAMETER    5  IS CONSTANT.   IGNORED.
 **********
 **   32 **FIX            6
 **********
 **********
 **   33 **FIX            7
 **********
 PARAMETER    7  IS CONSTANT.   IGNORED.
 **********
 **   34 **FIX           10
 **********
 **********
 **   35 **FIX           11
 **********
 **********
 **   36 **FIX           12
 **********
 PARAMETER   12  IS CONSTANT.   IGNORED.
 **********
 **   37 **FIX           13
 **********
 **********
 **   38 **FIX           14
 **********
 **********
 **   39 **FIX           15
 **********
 PARAMETER   15  IS CONSTANT.   IGNORED.
 **********
 **   40 **FIX           16
 **********
 **********
 **   41 **MIGRAD
 **********
 START MIGRAD MINIMIZATION.  STRATEGY  1.  CONVERGENCE WHEN EDM .LT. 1.00e-04
 FCN=925.03 FROM MIGRAD    STATUS=INITIATE       18 CALLS        2596 TOTAL
                     EDM= unknown      STRATEGY= 1      NO ERROR MATRIX       
  EXT PARAMETER               CURRENT GUESS       STEP         FIRST   
  NO.   NAME      VALUE            ERROR          SIZE      DERIVATIVE 
   1  N0           2.88260e+06     fixed    
   2  tau          6.44106e+01   constant   
   3  A0           3.51874e-01     fixed    
   4  phi          4.11757e+00     fixed    
   5  R           -5.98157e+01   constant   
   6  alpha_CBO    6.83424e-03     fixed    
   7  w_CBO        2.32500e+00   constant   
   8  beta_CBO     0.00000e+00   1.00000e-03   1.00000e-03   4.83184e+05
   9  alpha_2CBO   0.00000e+00   1.00000e-03   1.00000e-03  -4.01234e+04
  10  beta_2CBO    3.61229e-04     fixed    
  11  alpha_y      0.00000e+00     fixed    
  12  w_y          1.38860e+01   constant   
  13  beta_y      -6.57609e-04     fixed    
  14  alpha_vw     0.00000e+00     fixed    
  15  w_vw         1.43404e+01   constant   
  16  beta_vw      0.00000e+00     fixed    
  17  LM           1.60296e-04   constant   
  18  zeta_y       0.00000e+00   constant   
  19  zeta_vw      0.00000e+00   constant   
  20  T_CBO        9.99965e+02   8.12711e+02   1.07535e-02  -2.38167e-04
  21  alpha_A0     1.25506e-03   4.91225e-04  -7.25660e-06   3.16656e-03
  22  beta_A0      2.68580e-03   4.57940e-04   3.92294e-05   4.10227e-03
  23  alpha_phi    4.59457e-03   4.04042e-04   1.59140e-04  -8.03718e-03
  24  beta_phi    -7.15982e-04   4.61447e-04   1.24504e-04   1.46005e-02
 MIGRAD MINIMIZATION HAS CONVERGED.
 MIGRAD WILL VERIFY CONVERGENCE AND ERROR MATRIX.
 COVARIANCE MATRIX CALCULATED SUCCESSFULLY
 FCN=282.406 FROM MIGRAD    STATUS=CONVERGED     182 CALLS        2760 TOTAL
                     EDM=1.61607e-06    STRATEGY= 1      ERROR MATRIX ACCURATE 
  EXT PARAMETER                                   STEP         FIRST   
  NO.   NAME      VALUE            ERROR          SIZE      DERIVATIVE 
   1  N0           2.88260e+06     fixed    
   2  tau          6.44106e+01   constant   
   3  A0           3.51874e-01     fixed    
   4  phi          4.11757e+00     fixed    
   5  R           -5.98157e+01   constant   
   6  alpha_CBO    6.83424e-03     fixed    
   7  w_CBO        2.32500e+00   constant   
   8  beta_CBO    -2.64435e-03   1.04666e-04   8.48717e-07   4.80808e-01
   9  alpha_2CBO   1.85467e-04   1.04565e-04   8.39471e-07  -3.65015e+00
  10  beta_2CBO    3.61229e-04     fixed    
  11  alpha_y      0.00000e+00     fixed    
  12  w_y          1.38860e+01   constant   
  13  beta_y      -6.57609e-04     fixed    
  14  alpha_vw     0.00000e+00     fixed    
  15  w_vw         1.43404e+01   constant   
  16  beta_vw      0.00000e+00     fixed    
  17  LM           1.60296e-04   constant   
  18  zeta_y       0.00000e+00   constant   
  19  zeta_vw      0.00000e+00   constant   
  20  T_CBO        9.99999e+02   7.44277e+02   3.81586e-02   1.86901e-04
  21  alpha_A0     8.93170e-04   4.29706e-04   3.52261e-04   2.31542e-02
  22  beta_A0      1.09668e-03   4.15807e-04   3.37314e-04   2.16250e-03
  23  alpha_phi    4.88554e-03   3.91223e-04   3.62720e-04  -2.25681e-02
  24  beta_phi    -1.47757e-03   4.47457e-04   3.67061e-04  -3.34595e-03
 EXTERNAL ERROR MATRIX.    NDIM=  25    NPAR=  7    ERR DEF=1
  1.095e-08  1.411e-10  9.465e-08  1.237e-09  6.220e-09 -7.029e-10  2.712e-09 
  1.411e-10  1.093e-08  8.620e-08 -3.358e-09 -4.202e-09  6.071e-09 -4.902e-09 
  9.465e-08  8.620e-08  2.467e+01  1.279e-05  1.790e-05  8.065e-05 -2.356e-05 
  1.237e-09 -3.358e-09  1.279e-05  1.848e-07  2.433e-09 -9.757e-09 -1.167e-08 
  6.220e-09 -4.202e-09  1.790e-05  2.433e-09  1.730e-07 -1.185e-08 -9.008e-09 
 -7.029e-10  6.071e-09  8.065e-05 -9.757e-09 -1.185e-08  1.532e-07 -1.033e-08 
  2.712e-09 -4.902e-09 -2.356e-05 -1.167e-08 -9.008e-09 -1.033e-08  2.004e-07 
 PARAMETER  CORRELATION COEFFICIENTS  
       NO.  GLOBAL      8      9     20     21     22     23     24
        8  0.16393   1.000  0.013  0.000  0.027  0.143 -0.017  0.058
        9  0.21479   0.013  1.000  0.000 -0.075 -0.097  0.148 -0.105
       20  0.04478   0.000  0.000  1.000  0.006  0.009  0.041 -0.011
       21  0.11819   0.027 -0.075  0.006  1.000  0.014 -0.058 -0.061
       22  0.19578   0.143 -0.097  0.009  0.014  1.000 -0.073 -0.048
       23  0.17882  -0.017  0.148  0.041 -0.058 -0.073  1.000 -0.059
       24  0.16313   0.058 -0.105 -0.011 -0.061 -0.048 -0.059  1.000
MINUIT - FIT wiggle + 1-CBO + 2-CBO
 **********
 **   42 **RES 
 **********
                   PARAMETER   16  beta_vw RESTORED TO VARIABLE.
                   PARAMETER   14  alpha_vw RESTORED TO VARIABLE.
                   PARAMETER   13  beta_y RESTORED TO VARIABLE.
                   PARAMETER   11  alpha_y RESTORED TO VARIABLE.
                   PARAMETER   10  beta_2CBO RESTORED TO VARIABLE.
                   PARAMETER    6  alpha_CBO RESTORED TO VARIABLE.
                   PARAMETER    4  phi RESTORED TO VARIABLE.
                   PARAMETER    3  A0 RESTORED TO VARIABLE.
                   PARAMETER    1  N0 RESTORED TO VARIABLE.
 **********
 **   43 **FIX           10
 **********
 **********
 **   44 **FIX           11
 **********
 **********
 **   45 **FIX           12
 **********
 PARAMETER   12  IS CONSTANT.   IGNORED.
 **********
 **   46 **FIX           13
 **********
 **********
 **   47 **FIX           14
 **********
 **********
 **   48 **FIX           15
 **********
 PARAMETER   15  IS CONSTANT.   IGNORED.
 **********
 **   49 **FIX           16
 **********
 **********
 **   50 **MIGRAD
 **********
 START MIGRAD MINIMIZATION.  STRATEGY  1.  CONVERGENCE WHEN EDM .LT. 1.00e-04
 FCN=282.406 FROM MIGRAD    STATUS=INITIATE       22 CALLS        2782 TOTAL
                     EDM= unknown      STRATEGY= 1      NO ERROR MATRIX       
  EXT PARAMETER               CURRENT GUESS       STEP         FIRST   
  NO.   NAME      VALUE            ERROR          SIZE      DERIVATIVE 
   1  N0           2.88260e+06   2.18254e+02   2.18254e+02  -4.10710e-03
   2  tau          6.44106e+01   constant   
   3  A0           3.51874e-01   1.00050e-04   1.00050e-04   7.48812e+04
   4  phi          4.11757e+00   2.84073e-04   2.84073e-04   2.38615e+04
   5  R           -5.98157e+01   constant   
   6  alpha_CBO    6.83424e-03   1.06499e-04   1.06499e-04  -1.29859e+04
   7  w_CBO        2.32500e+00   constant   
   8  beta_CBO    -2.64435e-03   1.04666e-04   8.48717e-07   4.80813e-01
   9  alpha_2CBO   1.85467e-04   1.04565e-04   8.39471e-07  -3.65014e+00
  10  beta_2CBO    3.61229e-04     fixed    
  11  alpha_y      0.00000e+00     fixed    
  12  w_y          1.38860e+01   constant   
  13  beta_y      -6.57609e-04     fixed    
  14  alpha_vw     0.00000e+00     fixed    
  15  w_vw         1.43404e+01   constant   
  16  beta_vw      0.00000e+00     fixed    
  17  LM           1.60296e-04   constant   
  18  zeta_y       0.00000e+00   constant   
  19  zeta_vw      0.00000e+00   constant   
  20  T_CBO        9.99999e+02   7.44277e+02   3.81586e-02  -1.87606e-04
  21  alpha_A0     8.93170e-04   4.29706e-04   3.52261e-04   2.31495e-02
  22  beta_A0      1.09668e-03   4.15807e-04   3.37314e-04   2.15586e-03
  23  alpha_phi    4.88554e-03   3.91223e-04   3.62720e-04  -2.26045e-02
  24  beta_phi    -1.47757e-03   4.47457e-04   3.67061e-04  -3.33625e-03
 MIGRAD MINIMIZATION HAS CONVERGED.
 MIGRAD WILL VERIFY CONVERGENCE AND ERROR MATRIX.
 COVARIANCE MATRIX CALCULATED SUCCESSFULLY
 FCN=258.447 FROM MIGRAD    STATUS=CONVERGED     242 CALLS        3002 TOTAL
                     EDM=2.00083e-06    STRATEGY= 1      ERROR MATRIX ACCURATE 
  EXT PARAMETER                                   STEP         FIRST   
  NO.   NAME      VALUE            ERROR          SIZE      DERIVATIVE 
   1  N0           2.88250e+06   2.22562e+02   1.63582e+00  -3.32782e-06
   2  tau          6.44106e+01   constant   
   3  A0           3.51531e-01   1.01729e-04   7.51342e-07  -4.76503e+00
   4  phi          4.11664e+00   2.89268e-04   2.16988e-06   1.87870e+00
   5  R           -5.98157e+01   constant   
   6  alpha_CBO    6.88020e-03   1.07165e-04   7.93848e-07   5.01045e+00
   7  w_CBO        2.32500e+00   constant   
   8  beta_CBO    -2.74650e-03   1.06735e-04   8.12032e-07   1.64110e+00
   9  alpha_2CBO   1.52309e-04   1.04950e-04   8.03170e-07   5.39982e+00
  10  beta_2CBO    3.61229e-04     fixed    
  11  alpha_y      0.00000e+00     fixed    
  12  w_y          1.38860e+01   constant   
  13  beta_y      -6.57609e-04     fixed    
  14  alpha_vw     0.00000e+00     fixed    
  15  w_vw         1.43404e+01   constant   
  16  beta_vw      0.00000e+00     fixed    
  17  LM           1.60296e-04   constant   
  18  zeta_y       0.00000e+00   constant   
  19  zeta_vw      0.00000e+00   constant   
  20  T_CBO        1.00000e+03   9.99396e+02   7.17983e-02** at limit **
  21  alpha_A0     1.06023e-03   4.45788e-04   3.37725e-04  -1.52671e-02
  22  beta_A0      9.97798e-04   4.21158e-04   3.22571e-04  -2.14016e-02
  23  alpha_phi    4.84884e-03   4.04607e-04   3.46635e-04   2.09007e-02
  24  beta_phi    -1.31099e-03   4.65909e-04   3.50723e-04   4.15698e-04
 EXTERNAL ERROR MATRIX.    NDIM=  25    NPAR= 11    ERR DEF=1
  4.953e+04 
  1.829e-03  1.035e-08 
  1.133e-02 -2.148e-09  8.368e-08 
  1.213e-03  2.319e-09 -4.662e-09  1.148e-08 
  3.989e-04  1.488e-09  3.882e-09 -1.549e-10  1.139e-08 
 -4.046e-04  8.033e-10  4.149e-10  4.005e-10  2.854e-10  1.101e-08 
 -1.011e-01  7.751e-09 -9.891e-07 -1.953e-08  1.168e-08  5.243e-08  9.410e-01 
 -1.507e-02  2.282e-09 -1.895e-08  8.928e-09  5.616e-10 -2.930e-09  1.117e-05  1.989e-07 
  1.107e-02  4.306e-09 -2.190e-09  2.115e-09  6.683e-09 -4.003e-09  1.095e-05  1.456e-09  1.775e-07 
  1.561e-02  2.158e-09  2.165e-09  5.834e-09 -5.245e-10  6.197e-09  5.353e-05 -9.496e-09 -6.806e-09  1.638e-07 
  1.569e-02 -9.458e-09  1.633e-08 -3.851e-09  1.989e-09 -5.782e-09 -1.449e-05 -2.232e-08 -9.819e-09 -8.515e-09  2.172e-07 
 PARAMETER  CORRELATION COEFFICIENTS  
       NO.  GLOBAL      1      3      4      6      8      9     20     21     22     23     24
        1  0.35432   1.000  0.081  0.176  0.051  0.017 -0.017 -0.000 -0.152  0.118  0.173  0.151
        3  0.34371   0.081  1.000 -0.073  0.213  0.137  0.075  0.000  0.050  0.100  0.052 -0.199
        4  0.30056   0.176 -0.073  1.000 -0.150  0.126  0.014 -0.004 -0.147 -0.018  0.018  0.121
        6  0.33597   0.051  0.213 -0.150  1.000 -0.014  0.036 -0.000  0.187  0.047  0.135 -0.077
        8  0.25355   0.017  0.137  0.126 -0.014  1.000  0.025  0.000  0.012  0.149 -0.012  0.040
        9  0.23063  -0.017  0.075  0.014  0.036  0.025  1.000  0.001 -0.063 -0.091  0.146 -0.118
       20  0.15071  -0.000  0.000 -0.004 -0.000  0.000  0.001  1.000  0.026  0.027  0.136 -0.032
       21  0.28847  -0.152  0.050 -0.147  0.187  0.012 -0.063  0.026  1.000  0.008 -0.053 -0.107
       22  0.24825   0.118  0.100 -0.018  0.047  0.149 -0.091  0.027  0.008  1.000 -0.040 -0.050
       23  0.30501   0.173  0.052  0.018  0.135 -0.012  0.146  0.136 -0.053 -0.040  1.000 -0.045
       24  0.31669   0.151 -0.199  0.121 -0.077  0.040 -0.118 -0.032 -0.107 -0.050 -0.045  1.000
MINUIT - FIT ONLY 1-y
 **********
 **   51 **RES 
 **********
                   PARAMETER   16  beta_vw RESTORED TO VARIABLE.
                   PARAMETER   14  alpha_vw RESTORED TO VARIABLE.
                   PARAMETER   13  beta_y RESTORED TO VARIABLE.
                   PARAMETER   11  alpha_y RESTORED TO VARIABLE.
                   PARAMETER   10  beta_2CBO RESTORED TO VARIABLE.
 **********
 **   52 **FIX            0
 **********
 PARAMETER    0  IS UNDEFINED. IGNORED.
 **********
 **   53 **FIX            1
 **********
 **********
 **   54 **FIX            2
 **********
 PARAMETER    2  IS CONSTANT.   IGNORED.
 **********
 **   55 **FIX            3
 **********
 **********
 **   56 **FIX            4
 **********
 **********
 **   57 **FIX            5
 **********
 PARAMETER    5  IS CONSTANT.   IGNORED.
 **********
 **   58 **FIX            6
 **********
 **********
 **   59 **FIX            7
 **********
 PARAMETER    7  IS CONSTANT.   IGNORED.
 **********
 **   60 **FIX            8
 **********
 **********
 **   61 **FIX            9
 **********
 **********
 **   62 **FIX           13
 **********
 **********
 **   63 **FIX           14
 **********
 **********
 **   64 **FIX           15
 **********
 PARAMETER   15  IS CONSTANT.   IGNORED.
 **********
 **   65 **FIX           16
 **********
 **********
 **   66 **MIGRAD
 **********
 START MIGRAD MINIMIZATION.  STRATEGY  1.  CONVERGENCE WHEN EDM .LT. 1.00e-04
 FCN=258.447 FROM MIGRAD    STATUS=INITIATE       16 CALLS        3018 TOTAL
                     EDM= unknown      STRATEGY= 1      NO ERROR MATRIX       
  EXT PARAMETER               CURRENT GUESS       STEP         FIRST   
  NO.   NAME      VALUE            ERROR          SIZE      DERIVATIVE 
   1  N0           2.88250e+06     fixed    
   2  tau          6.44106e+01   constant   
   3  A0           3.51531e-01     fixed    
   4  phi          4.11664e+00     fixed    
   5  R           -5.98157e+01   constant   
   6  alpha_CBO    6.88020e-03     fixed    
   7  w_CBO        2.32500e+00   constant   
   8  beta_CBO    -2.74650e-03     fixed    
   9  alpha_2CBO   1.52309e-04     fixed    
  10  beta_2CBO    3.61229e-04   1.04681e-04   1.04681e-04   3.45729e+04
  11  alpha_y      0.00000e+00   1.00000e-03   1.00000e-03   2.75075e+04
  12  w_y          1.38860e+01   constant   
  13  beta_y      -6.57609e-04     fixed    
  14  alpha_vw     0.00000e+00     fixed    
  15  w_vw         1.43404e+01   constant   
  16  beta_vw      0.00000e+00     fixed    
  17  LM           1.60296e-04   constant   
  18  zeta_y       0.00000e+00   constant   
  19  zeta_vw      0.00000e+00   constant   
  20  T_CBO        9.99999e+02   9.99396e+02   7.17983e-02  -4.54949e-05
  21  alpha_A0     1.06023e-03   4.45788e-04   3.37725e-04  -1.52810e-02
  22  beta_A0      9.97798e-04   4.21158e-04   3.22571e-04  -2.14173e-02
  23  alpha_phi    4.84884e-03   4.04607e-04   3.46635e-04   2.08318e-02
  24  beta_phi    -1.31099e-03   4.65909e-04   3.50723e-04   4.29100e-04
 MIGRAD MINIMIZATION HAS CONVERGED.
 MIGRAD WILL VERIFY CONVERGENCE AND ERROR MATRIX.
 COVARIANCE MATRIX CALCULATED SUCCESSFULLY
 FCN=253.189 FROM MIGRAD    STATUS=CONVERGED     126 CALLS        3128 TOTAL
                     EDM=1.40724e-07    STRATEGY= 1      ERROR MATRIX ACCURATE 
  EXT PARAMETER                                   STEP         FIRST   
  NO.   NAME      VALUE            ERROR          SIZE      DERIVATIVE 
   1  N0           2.88250e+06     fixed    
   2  tau          6.44106e+01   constant   
   3  A0           3.51531e-01     fixed    
   4  phi          4.11664e+00     fixed    
   5  R           -5.98157e+01   constant   
   6  alpha_CBO    6.88020e-03     fixed    
   7  w_CBO        2.32500e+00   constant   
   8  beta_CBO    -2.74650e-03     fixed    
   9  alpha_2CBO   1.52309e-04     fixed    
  10  beta_2CBO    1.71409e-04   1.04317e-04   7.94231e-07  -1.17857e+00
  11  alpha_y     -1.43716e-04   1.01464e-04   7.89423e-07   1.34163e+00
  12  w_y          1.38860e+01   constant   
  13  beta_y      -6.57609e-04     fixed    
  14  alpha_vw     0.00000e+00     fixed    
  15  w_vw         1.43404e+01   constant   
  16  beta_vw      0.00000e+00     fixed    
  17  LM           1.60296e-04   constant   
  18  zeta_y       0.00000e+00   constant   
  19  zeta_vw      0.00000e+00   constant   
  20  T_CBO        1.00000e+03   9.56926e+02   6.72269e-02** at limit **
  21  alpha_A0     9.95383e-04   4.29966e-04   3.34053e-04  -6.13090e-03
  22  beta_A0      1.08126e-03   4.12488e-04   3.19569e-04  -4.51971e-03
  23  alpha_phi    4.76992e-03   3.91623e-04   3.41421e-04  -6.60602e-03
  24  beta_phi    -1.39593e-03   4.48460e-04   3.47560e-04   5.14633e-03
 EXTERNAL ERROR MATRIX.    NDIM=  25    NPAR=  7    ERR DEF=1
  1.088e-08  1.233e-10  1.825e-09  3.618e-09 -4.898e-09  3.938e-09  5.809e-09 
  1.233e-10  1.029e-08  1.473e-09  1.746e-10  9.872e-11  7.713e-10 -1.125e-09 
  1.825e-09  1.473e-09  1.174e-02  9.971e-07  1.144e-06  5.097e-06 -1.475e-06 
  3.618e-09  1.746e-10  9.971e-07  1.850e-07 -1.153e-09 -5.998e-09 -1.171e-08 
 -4.898e-09  9.872e-11  1.144e-06 -1.153e-09  1.702e-07 -1.042e-08 -1.505e-08 
  3.938e-09  7.713e-10  5.097e-06 -5.998e-09 -1.042e-08  1.535e-07 -5.948e-09 
  5.809e-09 -1.125e-09 -1.475e-06 -1.171e-08 -1.505e-08 -5.948e-09  2.013e-07 
 PARAMETER  CORRELATION COEFFICIENTS  
       NO.  GLOBAL     10     11     20     21     22     23     24
       10  0.20856   1.000  0.012  0.000  0.081 -0.114  0.096  0.124
       11  0.03385   0.012  1.000  0.000  0.004  0.002  0.019 -0.025
       20  0.12945   0.000  0.000  1.000  0.021  0.026  0.120 -0.030
       21  0.12018   0.081  0.004  0.021  1.000 -0.006 -0.036 -0.061
       22  0.14747  -0.114  0.002  0.026 -0.006  1.000 -0.064 -0.081
       23  0.17844   0.096  0.019  0.120 -0.036 -0.064  1.000 -0.034
       24  0.16979   0.124 -0.025 -0.030 -0.061 -0.081 -0.034  1.000
MINUIT - FIT ONLY 2-y
 **********
 **   67 **RES 
 **********
                   PARAMETER   16  beta_vw RESTORED TO VARIABLE.
                   PARAMETER   14  alpha_vw RESTORED TO VARIABLE.
                   PARAMETER   13  beta_y RESTORED TO VARIABLE.
                   PARAMETER    9  alpha_2CBO RESTORED TO VARIABLE.
                   PARAMETER    8  beta_CBO RESTORED TO VARIABLE.
                   PARAMETER    6  alpha_CBO RESTORED TO VARIABLE.
                   PARAMETER    4  phi RESTORED TO VARIABLE.
                   PARAMETER    3  A0 RESTORED TO VARIABLE.
                   PARAMETER    1  N0 RESTORED TO VARIABLE.
 **********
 **   68 **FIX            0
 **********
 PARAMETER    0  IS UNDEFINED. IGNORED.
 **********
 **   69 **FIX            1
 **********
 **********
 **   70 **FIX            2
 **********
 PARAMETER    2  IS CONSTANT.   IGNORED.
 **********
 **   71 **FIX            3
 **********
 **********
 **   72 **FIX            4
 **********
 **********
 **   73 **FIX            5
 **********
 PARAMETER    5  IS CONSTANT.   IGNORED.
 **********
 **   74 **FIX            6
 **********
 **********
 **   75 **FIX            7
 **********
 PARAMETER    7  IS CONSTANT.   IGNORED.
 **********
 **   76 **FIX            8
 **********
 **********
 **   77 **FIX            9
 **********
 **********
 **   78 **FIX           10
 **********
 **********
 **   79 **FIX           11
 **********
 **********
 **   80 **FIX           12
 **********
 PARAMETER   12  IS CONSTANT.   IGNORED.
 **********
 **   81 **FIX           16
 **********
 **********
 **   82 **MIGRAD
 **********
 START MIGRAD MINIMIZATION.  STRATEGY  1.  CONVERGENCE WHEN EDM .LT. 1.00e-04
 FCN=253.189 FROM MIGRAD    STATUS=INITIATE       16 CALLS        3144 TOTAL
                     EDM= unknown      STRATEGY= 1      NO ERROR MATRIX       
  EXT PARAMETER               CURRENT GUESS       STEP         FIRST   
  NO.   NAME      VALUE            ERROR          SIZE      DERIVATIVE 
   1  N0           2.88250e+06     fixed    
   2  tau          6.44106e+01   constant   
   3  A0           3.51531e-01     fixed    
   4  phi          4.11664e+00     fixed    
   5  R           -5.98157e+01   constant   
   6  alpha_CBO    6.88020e-03     fixed    
   7  w_CBO        2.32500e+00   constant   
   8  beta_CBO    -2.74650e-03     fixed    
   9  alpha_2CBO   1.52309e-04     fixed    
  10  beta_2CBO    1.71409e-04     fixed    
  11  alpha_y     -1.43716e-04     fixed    
  12  w_y          1.38860e+01   constant   
  13  beta_y      -6.57609e-04   1.02775e-04   1.02775e-04   9.53145e+03
  14  alpha_vw     0.00000e+00   1.00000e-03   1.00000e-03   1.58636e+05
  15  w_vw         1.43404e+01   constant   
  16  beta_vw      0.00000e+00     fixed    
  17  LM           1.60296e-04   constant   
  18  zeta_y       0.00000e+00   constant   
  19  zeta_vw      0.00000e+00   constant   
  20  T_CBO        9.99999e+02   9.56926e+02   6.72269e-02  -5.19097e-05
  21  alpha_A0     9.95383e-04   4.29966e-04   3.34053e-04  -6.14401e-03
  22  beta_A0      1.08126e-03   4.12488e-04   3.19569e-04  -4.53701e-03
  23  alpha_phi    4.76992e-03   3.91623e-04   3.41421e-04  -6.67362e-03
  24  beta_phi    -1.39593e-03   4.48460e-04   3.47560e-04   5.16066e-03
 MIGRAD MINIMIZATION HAS CONVERGED.
 MIGRAD WILL VERIFY CONVERGENCE AND ERROR MATRIX.
 COVARIANCE MATRIX CALCULATED SUCCESSFULLY
 FCN=183.194 FROM MIGRAD    STATUS=CONVERGED     129 CALLS        3257 TOTAL
                     EDM=4.18403e-07    STRATEGY= 1      ERROR MATRIX ACCURATE 
  EXT PARAMETER                                   STEP         FIRST   
  NO.   NAME      VALUE            ERROR          SIZE      DERIVATIVE 
   1  N0           2.88250e+06     fixed    
   2  tau          6.44106e+01   constant   
   3  A0           3.51531e-01     fixed    
   4  phi          4.11664e+00     fixed    
   5  R           -5.98157e+01   constant   
   6  alpha_CBO    6.88020e-03     fixed    
   7  w_CBO        2.32500e+00   constant   
   8  beta_CBO    -2.74650e-03     fixed    
   9  alpha_2CBO   1.52309e-04     fixed    
  10  beta_2CBO    1.71409e-04     fixed    
  11  alpha_y     -1.43716e-04     fixed    
  12  w_y          1.38860e+01   constant   
  13  beta_y      -4.34637e-04   1.07940e-04   6.81423e-07  -6.53290e-01
  14  alpha_vw    -8.95872e-04   1.07264e-04   6.77077e-07  -3.54838e+00
  15  w_vw         1.43404e+01   constant   
  16  beta_vw      0.00000e+00     fixed    
  17  LM           1.60296e-04   constant   
  18  zeta_y       0.00000e+00   constant   
  19  zeta_vw      0.00000e+00   constant   
  20  T_CBO        1.00000e+03   8.45561e+02   9.22678e-02** at limit **
  21  alpha_A0     9.95411e-04   4.28951e-04   2.84363e-04   1.74974e-03
  22  beta_A0      1.01026e-03   4.10423e-04   2.71840e-04  -4.08097e-03
  23  alpha_phi    4.86606e-03   4.02009e-04   2.92355e-04  -8.91022e-03
  24  beta_phi    -1.39679e-03   4.45706e-04   2.95868e-04  -1.65558e-02
 EXTERNAL ERROR MATRIX.    NDIM=  25    NPAR=  7    ERR DEF=1
  1.165e-08 -3.511e-09  1.916e-09  6.599e-12 -9.399e-10  1.103e-09  3.380e-10 
 -3.511e-09  1.151e-08 -2.336e-09  4.356e-12  9.442e-10 -1.293e-09 -1.449e-11 
  1.916e-09 -2.336e-09  1.051e-03  6.738e-07  7.233e-07  3.516e-06 -1.006e-06 
  6.599e-12  4.356e-12  6.738e-07  1.841e-07  8.506e-10 -5.496e-09 -1.414e-08 
 -9.399e-10  9.442e-10  7.233e-07  8.506e-10  1.685e-07 -6.879e-09 -1.298e-08 
  1.103e-09 -1.293e-09  3.516e-06 -5.496e-09 -6.879e-09  1.617e-07 -1.066e-08 
  3.380e-10 -1.449e-11 -1.006e-06 -1.414e-08 -1.298e-08 -1.066e-08  1.988e-07 
 PARAMETER  CORRELATION COEFFICIENTS  
       NO.  GLOBAL     13     14     20     21     22     23     24
       13  0.30412   1.000 -0.303  0.001  0.000 -0.021  0.025  0.007
       14  0.30445  -0.303  1.000 -0.001  0.000  0.021 -0.030 -0.000
       20  0.28694   0.001 -0.001  1.000  0.048  0.054  0.270 -0.070
       21  0.09925   0.000  0.000  0.048  1.000  0.005 -0.032 -0.074
       22  0.10888  -0.021  0.021  0.054  0.005  1.000 -0.042 -0.071
       23  0.28518   0.025 -0.030  0.270 -0.032 -0.042  1.000 -0.059
       24  0.12976   0.007 -0.000 -0.070 -0.074 -0.071 -0.059  1.000
MINUIT - FIT ALTOGETHER
 **********
 **   83 **RES 
