 + ++++++++++++++++++++++++++++++++++++++++++++++++++++++++++++++++++++ +
 +                                                                      +
 +           You have chose to blind your fitting according to          +
 +                omega_ref * (1 + (R +/- deltaR) *10^{-6})             +
 +                                                                      +
 + ++++++++++++++++++++++++++++++++++++++++++++++++++++++++++++++++++++ +
In main()...
reading format from /gm2data/zkhechad/run45/envelope/formats/formatB_sBin_constraintOn.txt
pBinTau 	= 0  
pBinPhi 	= 0  
constraintau 	= 1 
includeMopTerm 	= 0    
constrainMop    = 0   
Parameters after format file: pBinTau 0 pBinPhi 0 constraintau 1 includeMopTerm 0 constrainMop 0 c_e_scale 0.000000 
Opening file /gm2data/tbarrett/gm2fr/studies/run23_bunch_corrections/CorrectedFourier_Run3b.root.
reading full fit data from /gm2data/zkhechad/cboTemplates/Run4CBOTemplates/fullFits/noRF/sBin_constraintOn_cE0.0_seed0_noRF_calo3.root
windowBins = 69
fitting sliding window 2100 from bin 2236 at 333.462000 to bin 2305 at 343.906000 (69 bins)

Reading data from /gm2data/cornell/histograms/aMethod/histogram_a_noRF.root
 **********
 **    1 **SET PRINTOUT            1
 **********
 **********
 **    2 **SET NOWARNINGS 
 **********
 PARAMETER DEFINITIONS:
    NO.   NAME         VALUE      STEP SIZE      LIMITS
     1 N0           2.88710e+06  1.00000e+02     no limits
     2 tau          6.43977e+01  constant
     3 A0           3.56389e-01  1.00000e-04     no limits
     4 phi          4.11721e+00  1.00000e-02     no limits
     5 R           -6.10082e+01  constant
     6 alpha_CBO    0.00000e+00  1.00000e-03     no limits
     7 w_CBO        2.32500e+00  constant
     8 beta_CBO     0.00000e+00  1.00000e-03     no limits
     9 alpha_2CBO   0.00000e+00  1.00000e-03     no limits
    10 beta_2CBO    0.00000e+00  1.00000e-03     no limits
    11 alpha_y      0.00000e+00  1.00000e-03     no limits
    12 w_y          1.38860e+01  constant
    13 beta_y       0.00000e+00  1.00000e-03     no limits
    14 alpha_vw     0.00000e+00  1.00000e-03     no limits
    15 w_vw         1.43404e+01  constant
    16 beta_vw      0.00000e+00  1.00000e-03     no limits
    17 LM          -2.57919e-04  constant
    18 zeta_y       0.00000e+00  constant
    19 zeta_vw      0.00000e+00  constant
    20 T_CBO        1.00000e+02  1.00000e+00    0.00000e+00  1.00000e+03
    21 alpha_A0     0.00000e+00  1.00000e-04   -1.00000e-02  1.00000e-02
    22 beta_A0      0.00000e+00  1.00000e-04   -1.00000e-02  1.00000e-02
    23 alpha_phi    0.00000e+00  1.00000e-04   -1.00000e-02  1.00000e-02
    24 beta_phi     0.00000e+00  1.00000e-04   -1.00000e-02  1.00000e-02
MINUIT - FIT ONLY WIGGLE
 **********
 **    3 **FIX            5
 **********
 PARAMETER    5  IS CONSTANT.   IGNORED.
 **********
 **    4 **FIX            6
 **********
 **********
 **    5 **FIX            7
 **********
 PARAMETER    7  IS CONSTANT.   IGNORED.
 **********
 **    6 **FIX            8
 **********
 **********
 **    7 **FIX            9
 **********
 **********
 **    8 **FIX           10
 **********
 **********
 **    9 **FIX           11
 **********
 **********
 **   10 **FIX           12
 **********
 PARAMETER   12  IS CONSTANT.   IGNORED.
 **********
 **   11 **FIX           13
 **********
 **********
 **   12 **FIX           14
 **********
 **********
 **   13 **FIX           15
 **********
 PARAMETER   15  IS CONSTANT.   IGNORED.
 **********
 **   14 **FIX           16
 **********
 **********
 **   15 **MIGRAD
 **********
 FIRST CALL TO USER FUNCTION AT NEW START POINT, WITH IFLAG=4.
 START MIGRAD MINIMIZATION.  STRATEGY  1.  CONVERGENCE WHEN EDM .LT. 1.00e-04
 FCN=61.525 FROM MIGRAD    STATUS=INITIATE      437 CALLS         438 TOTAL
                     EDM= unknown      STRATEGY= 1      NO ERROR MATRIX       
  EXT PARAMETER               CURRENT GUESS       STEP         FIRST   
  NO.   NAME      VALUE            ERROR          SIZE      DERIVATIVE 
   1  N0           2.88710e+06   1.00000e+02   0.00000e+00   7.88124e-05
   2  tau          6.43977e+01   constant   
   3  A0           3.56389e-01   1.00000e-04   0.00000e+00   2.44938e+03
   4  phi          4.11721e+00   1.00000e-02   0.00000e+00  -3.07357e+02
   5  R           -6.10082e+01   constant   
   6  alpha_CBO    0.00000e+00     fixed    
   7  w_CBO        2.32500e+00   constant   
   8  beta_CBO     0.00000e+00     fixed    
   9  alpha_2CBO   0.00000e+00     fixed    
  10  beta_2CBO    0.00000e+00     fixed    
  11  alpha_y      0.00000e+00     fixed    
  12  w_y          1.38860e+01   constant   
  13  beta_y       0.00000e+00     fixed    
  14  alpha_vw     0.00000e+00     fixed    
  15  w_vw         1.43404e+01   constant   
  16  beta_vw      0.00000e+00     fixed    
  17  LM          -2.57919e-04   constant   
  18  zeta_y       0.00000e+00   constant   
  19  zeta_vw      0.00000e+00   constant   
  20  T_CBO        1.00000e+02   1.00000e+00   0.00000e+00   0.00000e+00
  21  alpha_A0     0.00000e+00   1.00000e-04   0.00000e+00  -3.33847e-02
  22  beta_A0      0.00000e+00   1.00000e-04   0.00000e+00  -5.56630e-02
  23  alpha_phi    0.00000e+00   1.00000e-04   0.00000e+00   1.58816e-01
  24  beta_phi     0.00000e+00   1.00000e-04   0.00000e+00   2.79466e-01
 MIGRAD MINIMIZATION HAS CONVERGED.
 FCN=58.339 FROM MIGRAD    STATUS=CONVERGED     724 CALLS         725 TOTAL
                     EDM=3.88623e-06    STRATEGY= 1  ERROR MATRIX UNCERTAINTY   0.8 per cent
  EXT PARAMETER                                   STEP         FIRST   
  NO.   NAME      VALUE            ERROR          SIZE      DERIVATIVE 
   1  N0           2.88709e+06   1.65777e+03   3.28158e+00  -8.45284e-07
   2  tau          6.43977e+01   constant   
   3  A0           3.55580e-01   7.88481e-04  -2.17526e-07   8.24198e-01
   4  phi          4.11759e+00   2.32833e-03   6.06945e-06   4.42461e-01
   5  R           -6.10082e+01   constant   
   6  alpha_CBO    0.00000e+00     fixed    
   7  w_CBO        2.32500e+00   constant   
   8  beta_CBO     0.00000e+00     fixed    
   9  alpha_2CBO   0.00000e+00     fixed    
  10  beta_2CBO    0.00000e+00     fixed    
  11  alpha_y      0.00000e+00     fixed    
  12  w_y          1.38860e+01   constant   
  13  beta_y       0.00000e+00     fixed    
  14  alpha_vw     0.00000e+00     fixed    
  15  w_vw         1.43404e+01   constant   
  16  beta_vw      0.00000e+00     fixed    
  17  LM          -2.57919e-04   constant   
  18  zeta_y       0.00000e+00   constant   
  19  zeta_vw      0.00000e+00   constant   
  20  T_CBO        3.40587e+02   1.38912e+02   7.88103e-04   1.83248e-03
  21  alpha_A0     5.26561e-04   7.68556e-03  -1.23608e-04   1.89464e-03
  22  beta_A0      1.15880e-03   7.60067e-03   4.46005e-03   3.71545e-03
  23  alpha_phi   -6.70959e-03   1.55988e-02  -5.17591e-04   2.22631e-03
  24  beta_phi    -9.84738e-03   1.69014e-02   6.39912e-03  -2.70510e-03
 EXTERNAL ERROR MATRIX.    NDIM=  25    NPAR=  8    ERR DEF=1
  2.748e+06 -1.020e-01  3.368e-01 -4.369e+04 -2.106e+00  2.999e+00  3.069e+00  1.246e-01 
 -1.020e-01  6.217e-07  8.437e-08 -3.037e-03  1.030e-07 -1.238e-06 -9.517e-07 -2.298e-08 
  3.368e-01  8.437e-08  5.421e-06 -4.102e-02 -8.529e-07 -2.902e-06  6.487e-07  7.874e-07 
 -4.369e+04 -3.037e-03 -4.102e-02  1.988e+04 -4.510e-01  6.424e-01 -3.988e-01 -2.014e-02 
 -2.106e+00  1.030e-07 -8.529e-07 -4.510e-01  7.692e-05 -5.120e-06  3.627e-06  6.239e-06 
  2.999e+00 -1.238e-06 -2.902e-06  6.424e-01 -5.120e-06  7.491e-05 -1.285e-05  1.140e-05 
  3.069e+00 -9.517e-07  6.487e-07 -3.988e-01  3.627e-06 -1.285e-05  7.930e-05  7.391e-06 
  1.246e-01 -2.298e-08  7.874e-07 -2.014e-02  6.239e-06  1.140e-05  7.391e-06  9.842e-06 
 PARAMETER  CORRELATION COEFFICIENTS  
       NO.  GLOBAL      1      3      4     20     21     22     23     24
        1  0.57551   1.000 -0.078  0.087 -0.187 -0.145  0.209  0.208  0.024
        3  0.30582  -0.078  1.000  0.046 -0.027  0.015 -0.181 -0.136 -0.009
        4  0.30999   0.087  0.046  1.000 -0.125 -0.042 -0.144  0.031  0.108
       20  0.75195  -0.187 -0.027 -0.125  1.000 -0.365  0.526 -0.318 -0.046
       21  0.50736  -0.145  0.015 -0.042 -0.365  1.000 -0.067  0.046  0.227
       22  0.80714   0.209 -0.181 -0.144  0.526 -0.067  1.000 -0.167  0.420
       23  0.53758   0.208 -0.136  0.031 -0.318  0.046 -0.167  1.000  0.265
       24  0.68037   0.024 -0.009  0.108 -0.046  0.227  0.420  0.265  1.000
MINUIT - FIT ONLY 1-CBO + wiggle
 **********
 **   16 **RES 
 **********
                   PARAMETER   16  beta_vw RESTORED TO VARIABLE.
                   PARAMETER   14  alpha_vw RESTORED TO VARIABLE.
                   PARAMETER   13  beta_y RESTORED TO VARIABLE.
                   PARAMETER   11  alpha_y RESTORED TO VARIABLE.
                   PARAMETER   10  beta_2CBO RESTORED TO VARIABLE.
                   PARAMETER    9  alpha_2CBO RESTORED TO VARIABLE.
                   PARAMETER    8  beta_CBO RESTORED TO VARIABLE.
                   PARAMETER    6  alpha_CBO RESTORED TO VARIABLE.
 **********
 **   17 **FIX            8
 **********
 **********
 **   18 **FIX            9
 **********
 **********
 **   19 **FIX           11
 **********
 **********
 **   20 **FIX           12
 **********
 PARAMETER   12  IS CONSTANT.   IGNORED.
 **********
 **   21 **FIX           14
 **********
 **********
 **   22 **FIX           15
 **********
 PARAMETER   15  IS CONSTANT.   IGNORED.
 **********
 **   23 **FIX           16
 **********
 **********
 **   24 **MIGRAD
 **********
 START MIGRAD MINIMIZATION.  STRATEGY  1.  CONVERGENCE WHEN EDM .LT. 1.00e-04
 FCN=58.339 FROM MIGRAD    STATUS=INITIATE       28 CALLS         753 TOTAL
                     EDM= unknown      STRATEGY= 1      NO ERROR MATRIX       
  EXT PARAMETER               CURRENT GUESS       STEP         FIRST   
  NO.   NAME      VALUE            ERROR          SIZE      DERIVATIVE 
   1  N0           2.88709e+06   1.65777e+03   3.28158e+00  -8.45284e-07
   2  tau          6.43977e+01   constant   
   3  A0           3.55580e-01   7.88481e-04  -2.17526e-07   8.24198e-01
   4  phi          4.11759e+00   2.32833e-03   6.06945e-06   4.42461e-01
   5  R           -6.10082e+01   constant   
   6  alpha_CBO    0.00000e+00   1.00000e-03   1.00000e-03   3.26702e+03
   7  w_CBO        2.32500e+00   constant   
   8  beta_CBO     0.00000e+00     fixed    
   9  alpha_2CBO   0.00000e+00     fixed    
  10  beta_2CBO    0.00000e+00   1.00000e-03   1.00000e-03  -2.71014e+03
  11  alpha_y      0.00000e+00     fixed    
  12  w_y          1.38860e+01   constant   
  13  beta_y       0.00000e+00   1.00000e-03   1.00000e-03   2.52145e+03
  14  alpha_vw     0.00000e+00     fixed    
  15  w_vw         1.43404e+01   constant   
  16  beta_vw      0.00000e+00     fixed    
  17  LM          -2.57919e-04   constant   
  18  zeta_y       0.00000e+00   constant   
  19  zeta_vw      0.00000e+00   constant   
  20  T_CBO        3.40587e+02   1.38912e+02   7.88103e-04   1.83245e-03
  21  alpha_A0     5.26561e-04   7.68556e-03  -1.23608e-04   1.89464e-03
  22  beta_A0      1.15880e-03   7.60067e-03   4.46005e-03  -3.71545e-03
  23  alpha_phi   -6.70959e-03   1.55988e-02  -5.17591e-04  -2.22635e-03
  24  beta_phi    -9.84738e-03   1.69014e-02   6.39912e-03   2.71321e-03
 MIGRAD MINIMIZATION HAS CONVERGED.
 MIGRAD WILL VERIFY CONVERGENCE AND ERROR MATRIX.
 COVARIANCE MATRIX CALCULATED SUCCESSFULLY
 FCN=54.3095 FROM MIGRAD    STATUS=CONVERGED     300 CALLS        1025 TOTAL
                     EDM=2.13922e-06    STRATEGY= 1      ERROR MATRIX ACCURATE 
  EXT PARAMETER                                   STEP         FIRST   
  NO.   NAME      VALUE            ERROR          SIZE      DERIVATIVE 
   1  N0           2.88716e+06   1.77547e+03   5.77705e+00  -3.04317e-07
   2  tau          6.43977e+01   constant   
   3  A0           3.55745e-01   8.17646e-04   2.82387e-06   7.01314e-01
   4  phi          4.11806e+00   2.39841e-03   8.39312e-06   1.08644e-01
   5  R           -6.10082e+01   constant   
   6  alpha_CBO   -1.09809e-03   8.32600e-04   2.89065e-06   5.41909e-01
   7  w_CBO        2.32500e+00   constant   
   8  beta_CBO     0.00000e+00     fixed    
   9  alpha_2CBO   0.00000e+00     fixed    
  10  beta_2CBO    8.72251e-04   8.28692e-04   2.93330e-06   9.31899e-02
  11  alpha_y      0.00000e+00     fixed    
  12  w_y          1.38860e+01   constant   
  13  beta_y      -8.35639e-04   8.14439e-04   2.95533e-06  -6.54749e-01
  14  alpha_vw     0.00000e+00     fixed    
  15  w_vw         1.43404e+01   constant   
  16  beta_vw      0.00000e+00     fixed    
  17  LM          -2.57919e-04   constant   
  18  zeta_y       0.00000e+00   constant   
  19  zeta_vw      0.00000e+00   constant   
  20  T_CBO        3.60954e+02   3.32819e+02   2.01852e-03  -2.72895e-03
  21  alpha_A0    -1.41428e-03   7.42558e-03   2.94563e-03  -2.97105e-04
  22  beta_A0      3.37555e-04   7.89696e-03   3.17451e-03   2.71634e-04
  23  alpha_phi   -4.57679e-03   1.27115e-02   3.28123e-03   6.64652e-04
  24  beta_phi    -9.99935e-03   1.87862e-02   3.99248e-02   1.01666e-04
 EXTERNAL ERROR MATRIX.    NDIM=  25    NPAR= 11    ERR DEF=1
  3.152e+06 
 -1.836e-01  6.685e-07 
  4.240e-01  1.312e-07  5.752e-06 
 -5.844e-02 -1.243e-07 -3.884e-07  6.932e-07 
 -3.914e-02 -2.798e-08 -9.494e-08  3.028e-08  6.867e-07 
 -2.006e-02  1.788e-10  2.992e-08  5.226e-09  6.920e-09  6.633e-07 
 -7.819e+04  4.632e-03 -1.111e-01  1.128e-02  3.475e-02  1.204e-03  1.352e+05 
 -3.128e+00  1.543e-07 -1.844e-06  7.590e-07 -5.388e-07 -1.304e-07  4.748e-01  7.051e-05 
 -3.089e+00  1.327e-06  1.398e-06 -3.719e-07 -9.164e-07  1.292e-07 -9.657e-02  4.995e-06  8.291e-05 
 -4.102e+00  1.387e-06 -1.462e-06 -5.662e-07  8.523e-07  1.805e-09  1.862e+00  1.308e-05  6.068e-06  9.591e-05 
 -3.676e-03  7.041e-09  1.757e-09 -2.318e-09  1.658e-10  1.038e-10  3.721e-01  1.343e-06 -2.802e-07  4.501e-06  3.528e-06 
 PARAMETER  CORRELATION COEFFICIENTS  
       NO.  GLOBAL      1      3      4      6     10     13     20     21     22     23     24
        1  0.36281   1.000 -0.126  0.100 -0.040 -0.027 -0.014 -0.120 -0.210 -0.191 -0.236 -0.001
        3  0.30900  -0.126  1.000  0.067 -0.183 -0.041  0.000  0.015  0.022  0.178  0.173  0.005
        4  0.26709   0.100  0.067  1.000 -0.194 -0.048  0.015 -0.126 -0.092  0.064 -0.062  0.000
        6  0.29315  -0.040 -0.183 -0.194  1.000  0.044  0.008  0.037  0.109 -0.049 -0.069 -0.001
       10  0.22330  -0.027 -0.041 -0.048  0.044  1.000  0.010  0.114 -0.077 -0.121  0.105  0.000
       13  0.03852  -0.014  0.000  0.015  0.008  0.010  1.000  0.004 -0.019  0.017  0.000  0.000
       20  0.68533  -0.120  0.015 -0.126  0.037  0.114  0.004  1.000  0.154 -0.029  0.517  0.539
       21  0.29791  -0.210  0.022 -0.092  0.109 -0.077 -0.019  0.154  1.000  0.065  0.159  0.085
       22  0.28771  -0.191  0.178  0.064 -0.049 -0.121  0.017 -0.029  0.065  1.000  0.068 -0.016
       23  0.57599  -0.236  0.173 -0.062 -0.069  0.105  0.000  0.517  0.159  0.068  1.000  0.245
       24  0.55026  -0.001  0.005  0.000 -0.001  0.000  0.000  0.539  0.085 -0.016  0.245  1.000
MINUIT - FIT ONLY 2-CBO
 **********
 **   25 **RES 
 **********
                   PARAMETER   16  beta_vw RESTORED TO VARIABLE.
                   PARAMETER   14  alpha_vw RESTORED TO VARIABLE.
                   PARAMETER   11  alpha_y RESTORED TO VARIABLE.
                   PARAMETER    9  alpha_2CBO RESTORED TO VARIABLE.
                   PARAMETER    8  beta_CBO RESTORED TO VARIABLE.
 **********
 **   26 **FIX            0
 **********
 PARAMETER    0  IS UNDEFINED. IGNORED.
 **********
 **   27 **FIX            1
 **********
 **********
 **   28 **FIX            2
 **********
 PARAMETER    2  IS CONSTANT.   IGNORED.
 **********
 **   29 **FIX            3
 **********
 **********
 **   30 **FIX            4
 **********
 **********
 **   31 **FIX            5
 **********
 PARAMETER    5  IS CONSTANT.   IGNORED.
 **********
 **   32 **FIX            6
 **********
 **********
 **   33 **FIX            7
 **********
 PARAMETER    7  IS CONSTANT.   IGNORED.
 **********
 **   34 **FIX           10
 **********
 **********
 **   35 **FIX           11
 **********
 **********
 **   36 **FIX           12
 **********
 PARAMETER   12  IS CONSTANT.   IGNORED.
 **********
 **   37 **FIX           13
 **********
 **********
 **   38 **FIX           14
 **********
 **********
 **   39 **FIX           15
 **********
 PARAMETER   15  IS CONSTANT.   IGNORED.
 **********
 **   40 **FIX           16
 **********
 **********
 **   41 **MIGRAD
 **********
 START MIGRAD MINIMIZATION.  STRATEGY  1.  CONVERGENCE WHEN EDM .LT. 1.00e-04
 FCN=54.3095 FROM MIGRAD    STATUS=INITIATE       18 CALLS        1043 TOTAL
                     EDM= unknown      STRATEGY= 1      NO ERROR MATRIX       
  EXT PARAMETER               CURRENT GUESS       STEP         FIRST   
  NO.   NAME      VALUE            ERROR          SIZE      DERIVATIVE 
   1  N0           2.88716e+06     fixed    
   2  tau          6.43977e+01   constant   
   3  A0           3.55745e-01     fixed    
   4  phi          4.11806e+00     fixed    
   5  R           -6.10082e+01   constant   
   6  alpha_CBO   -1.09809e-03     fixed    
   7  w_CBO        2.32500e+00   constant   
   8  beta_CBO     0.00000e+00   1.00000e-03   1.00000e-03   6.79329e+03
   9  alpha_2CBO   0.00000e+00   1.00000e-03   1.00000e-03   7.54266e+03
  10  beta_2CBO    8.72251e-04     fixed    
  11  alpha_y      0.00000e+00     fixed    
  12  w_y          1.38860e+01   constant   
  13  beta_y      -8.35639e-04     fixed    
  14  alpha_vw     0.00000e+00     fixed    
  15  w_vw         1.43404e+01   constant   
  16  beta_vw      0.00000e+00     fixed    
  17  LM          -2.57919e-04   constant   
  18  zeta_y       0.00000e+00   constant   
  19  zeta_vw      0.00000e+00   constant   
  20  T_CBO        3.60954e+02   3.32819e+02   2.01852e-03  -2.74314e-03
  21  alpha_A0    -1.41428e-03   7.42558e-03   2.94563e-03  -2.95302e-04
  22  beta_A0      3.37555e-04   7.89696e-03   3.17451e-03   2.71203e-04
  23  alpha_phi   -4.57679e-03   1.27115e-02   3.28123e-03   6.71164e-04
  24  beta_phi    -9.99935e-03   1.87862e-02   3.99248e-02   1.06402e-04
 MIGRAD MINIMIZATION HAS CONVERGED.
 MIGRAD WILL VERIFY CONVERGENCE AND ERROR MATRIX.
 COVARIANCE MATRIX CALCULATED SUCCESSFULLY
 FCN=37.5616 FROM MIGRAD    STATUS=CONVERGED     368 CALLS        1393 TOTAL
                     EDM=1.11113e-05    STRATEGY= 1      ERROR MATRIX ACCURATE 
  EXT PARAMETER                                   STEP         FIRST   
  NO.   NAME      VALUE            ERROR          SIZE      DERIVATIVE 
   1  N0           2.88716e+06     fixed    
   2  tau          6.43977e+01   constant   
   3  A0           3.55745e-01     fixed    
   4  phi          4.11806e+00     fixed    
   5  R           -6.10082e+01   constant   
   6  alpha_CBO   -1.09809e-03     fixed    
   7  w_CBO        2.32500e+00   constant   
   8  beta_CBO    -2.17143e-03   8.30389e-04   2.50356e-06   5.71657e-01
   9  alpha_2CBO  -2.48453e-03   8.36605e-04   2.46537e-06   2.69262e+00
  10  beta_2CBO    8.72251e-04     fixed    
  11  alpha_y      0.00000e+00     fixed    
  12  w_y          1.38860e+01   constant   
  13  beta_y      -8.35639e-04     fixed    
  14  alpha_vw     0.00000e+00     fixed    
  15  w_vw         1.43404e+01   constant   
  16  beta_vw      0.00000e+00     fixed    
  17  LM          -2.57919e-04   constant   
  18  zeta_y       0.00000e+00   constant   
  19  zeta_vw      0.00000e+00   constant   
  20  T_CBO        2.52231e+02   2.20366e+02   1.25515e-03  -4.42000e-03
  21  alpha_A0     3.28689e-03   1.59608e-02   3.84309e-03  -6.63424e-05
  22  beta_A0     -5.98572e-03   1.01699e-02   4.91301e-03  -4.62108e-04
  23  alpha_phi   -2.42593e-03   1.37860e-02   3.73615e-03   5.71306e-05
  24  beta_phi    -9.99290e-03   1.87829e-02   3.13042e-02  -2.71831e-04
 EXTERNAL ERROR MATRIX.    NDIM=  25    NPAR=  7    ERR DEF=1
  6.895e-07 -4.511e-08  1.035e-02 -2.215e-07  8.124e-07  4.047e-08  1.737e-09 
 -4.511e-08  6.999e-07  1.582e-02 -1.680e-06  1.798e-06 -8.848e-07 -2.804e-09 
  1.035e-02  1.582e-02  5.342e+04 -1.061e+00  1.756e+00  8.408e-01 -3.512e-01 
 -2.215e-07 -1.680e-06 -1.061e+00  1.691e-04 -3.301e-05 -3.681e-06  6.237e-06 
  8.124e-07  1.798e-06  1.756e+00 -3.301e-05  2.316e-04  3.172e-05 -1.132e-05 
  4.047e-08 -8.848e-07  8.408e-01 -3.681e-06  3.172e-05  1.604e-04 -4.724e-06 
  1.737e-09 -2.804e-09 -3.512e-01  6.237e-06 -1.132e-05 -4.724e-06  3.175e-05 
 PARAMETER  CORRELATION COEFFICIENTS  
       NO.  GLOBAL      8      9     20     21     22     23     24
        8  0.10636   1.000 -0.065  0.054 -0.021  0.064  0.004  0.000
        9  0.23547  -0.065  1.000  0.082 -0.154  0.141 -0.083 -0.001
       20  0.63278   0.054  0.082  1.000 -0.353  0.499  0.287 -0.270
       21  0.38208  -0.021 -0.154 -0.353  1.000 -0.167 -0.022  0.085
       22  0.51281   0.064  0.141  0.499 -0.167  1.000  0.165 -0.132
       23  0.31761   0.004 -0.083  0.287 -0.022  0.165  1.000 -0.066
       24  0.27162   0.000 -0.001 -0.270  0.085 -0.132 -0.066  1.000
MINUIT - FIT wiggle + 1-CBO + 2-CBO
 **********
 **   42 **RES 
 **********
                   PARAMETER   16  beta_vw RESTORED TO VARIABLE.
                   PARAMETER   14  alpha_vw RESTORED TO VARIABLE.
                   PARAMETER   13  beta_y RESTORED TO VARIABLE.
                   PARAMETER   11  alpha_y RESTORED TO VARIABLE.
                   PARAMETER   10  beta_2CBO RESTORED TO VARIABLE.
                   PARAMETER    6  alpha_CBO RESTORED TO VARIABLE.
                   PARAMETER    4  phi RESTORED TO VARIABLE.
                   PARAMETER    3  A0 RESTORED TO VARIABLE.
                   PARAMETER    1  N0 RESTORED TO VARIABLE.
 **********
 **   43 **FIX           10
 **********
 **********
 **   44 **FIX           11
 **********
 **********
 **   45 **FIX           12
 **********
 PARAMETER   12  IS CONSTANT.   IGNORED.
 **********
 **   46 **FIX           13
 **********
 **********
 **   47 **FIX           14
 **********
 **********
 **   48 **FIX           15
 **********
 PARAMETER   15  IS CONSTANT.   IGNORED.
 **********
 **   49 **FIX           16
 **********
 **********
 **   50 **MIGRAD
 **********
 START MIGRAD MINIMIZATION.  STRATEGY  1.  CONVERGENCE WHEN EDM .LT. 1.00e-04
 FCN=37.5616 FROM MIGRAD    STATUS=INITIATE       24 CALLS        1417 TOTAL
                     EDM= unknown      STRATEGY= 1      NO ERROR MATRIX       
  EXT PARAMETER               CURRENT GUESS       STEP         FIRST   
  NO.   NAME      VALUE            ERROR          SIZE      DERIVATIVE 
   1  N0           2.88716e+06   1.77547e+03   1.77547e+03   8.07540e-05
   2  tau          6.43977e+01   constant   
   3  A0           3.55745e-01   8.17646e-04   8.17646e-04   6.62747e+02
   4  phi          4.11806e+00   2.39841e-03   2.39841e-03  -2.69877e+02
   5  R           -6.10082e+01   constant   
   6  alpha_CBO   -1.09809e-03   8.32600e-04   8.32600e-04  -2.33715e+02
   7  w_CBO        2.32500e+00   constant   
   8  beta_CBO    -2.17143e-03   8.30389e-04   2.50356e-06   5.71657e-01
   9  alpha_2CBO  -2.48453e-03   8.36605e-04   2.46537e-06   2.69262e+00
  10  beta_2CBO    8.72251e-04     fixed    
  11  alpha_y      0.00000e+00     fixed    
  12  w_y          1.38860e+01   constant   
  13  beta_y      -8.35639e-04     fixed    
  14  alpha_vw     0.00000e+00     fixed    
  15  w_vw         1.43404e+01   constant   
  16  beta_vw      0.00000e+00     fixed    
  17  LM          -2.57919e-04   constant   
  18  zeta_y       0.00000e+00   constant   
  19  zeta_vw      0.00000e+00   constant   
  20  T_CBO        2.52231e+02   2.20366e+02   1.25515e-03  -4.42493e-03
  21  alpha_A0     3.28689e-03   1.59608e-02   3.84309e-03  -6.94351e-05
  22  beta_A0     -5.98572e-03   1.01699e-02   4.91301e-03  -4.55501e-04
  23  alpha_phi   -2.42593e-03   1.37860e-02   3.73615e-03   5.93385e-05
  24  beta_phi    -9.99290e-03   1.87829e-02   3.13042e-02   3.25981e-04
 MIGRAD MINIMIZATION HAS CONVERGED.
 MIGRAD WILL VERIFY CONVERGENCE AND ERROR MATRIX.
 COVARIANCE MATRIX CALCULATED SUCCESSFULLY
 FCN=37.3839 FROM MIGRAD    STATUS=CONVERGED     329 CALLS        1722 TOTAL
                     EDM=6.15961e-06    STRATEGY= 1      ERROR MATRIX ACCURATE 
  EXT PARAMETER                                   STEP         FIRST   
  NO.   NAME      VALUE            ERROR          SIZE      DERIVATIVE 
   1  N0           2.88713e+06   1.77945e+03   4.81257e+00  -2.28215e-07
   2  tau          6.43977e+01   constant   
   3  A0           3.55525e-01   8.22368e-04   2.35225e-06   2.13196e-01
   4  phi          4.11877e+00   2.43224e-03   6.99829e-06  -2.51884e-01
   5  R           -6.10082e+01   constant   
   6  alpha_CBO   -1.02491e-03   8.31878e-04   2.40801e-06   1.02707e-01
   7  w_CBO        2.32500e+00   constant   
   8  beta_CBO    -2.24721e-03   8.50833e-04   2.49789e-06  -5.79682e-01
   9  alpha_2CBO  -2.46449e-03   8.39110e-04   2.45979e-06   6.65290e-01
  10  beta_2CBO    8.72251e-04     fixed    
  11  alpha_y      0.00000e+00     fixed    
  12  w_y          1.38860e+01   constant   
  13  beta_y      -8.35639e-04     fixed    
  14  alpha_vw     0.00000e+00     fixed    
  15  w_vw         1.43404e+01   constant   
  16  beta_vw      0.00000e+00     fixed    
  17  LM          -2.57919e-04   constant   
  18  zeta_y       0.00000e+00   constant   
  19  zeta_vw      0.00000e+00   constant   
  20  T_CBO        2.42329e+02   2.28623e+02   1.18085e-03  -3.23088e-03
  21  alpha_A0     3.38633e-03   1.62523e-02   4.08906e-03  -2.52913e-04
  22  beta_A0     -6.62994e-03   1.28744e-02   5.58860e-03  -5.85010e-05
  23  alpha_phi   -3.26015e-03   1.31570e-02   4.07174e-03   1.07441e-04
  24  beta_phi    -9.99740e-03   1.19320e-02   3.44959e-02   2.73808e-04
 EXTERNAL ERROR MATRIX.    NDIM=  25    NPAR= 11    ERR DEF=1
  3.166e+06 
 -1.763e-01  6.763e-07 
  3.853e-01  8.851e-08  5.916e-06 
 -5.720e-02 -1.244e-07 -3.797e-07  6.920e-07 
  7.936e-02  7.917e-08 -3.311e-07 -1.219e-08  7.239e-07 
 -6.137e-02 -1.313e-08  1.094e-07 -8.527e-09 -5.581e-08  7.041e-07 
 -5.593e+04  5.547e-03 -8.289e-02  6.550e-03  1.355e-02  1.500e-02  5.816e+04 
 -3.338e+00  4.950e-08 -9.741e-07  1.078e-06 -3.311e-07 -1.738e-06 -1.166e+00  1.974e-04 
 -7.334e+00  2.317e-06 -1.406e-06 -2.898e-07  9.999e-07  2.044e-06  2.359e+00 -3.928e-05  3.039e-04 
 -5.989e+00  2.265e-06 -1.958e-06 -9.979e-07  2.994e-07 -8.121e-07  1.357e+00 -7.686e-06  7.261e-05  2.097e-04 
 -1.356e-02  1.279e-08 -5.359e-09 -3.411e-09 -7.328e-11  2.223e-09  2.906e-01 -5.761e-06  1.132e-05  5.742e-06  9.490e-06 
 PARAMETER  CORRELATION COEFFICIENTS  
       NO.  GLOBAL      1      3      4      6      8      9     20     21     22     23     24
        1  0.36814   1.000 -0.120  0.089 -0.039  0.052 -0.041 -0.130 -0.134 -0.236 -0.232 -0.002
        3  0.32555  -0.120  1.000  0.044 -0.182  0.113 -0.019  0.028  0.004  0.162  0.190  0.005
        4  0.30879   0.089  0.044  1.000 -0.188 -0.160  0.054 -0.141 -0.029 -0.033 -0.056 -0.001
        6  0.29051  -0.039 -0.182 -0.188  1.000 -0.017 -0.012  0.033  0.092 -0.020 -0.083 -0.001
        8  0.24121   0.052  0.113 -0.160 -0.017  1.000 -0.078  0.066 -0.028  0.067  0.024 -0.000
        9  0.24696  -0.041 -0.019  0.054 -0.012 -0.078  1.000  0.074 -0.147  0.140 -0.067  0.001
       20  0.71988  -0.130  0.028 -0.141  0.033  0.066  0.074  1.000 -0.344  0.561  0.389  0.391
       21  0.42791  -0.134  0.004 -0.029  0.092 -0.028 -0.147 -0.344  1.000 -0.160 -0.038 -0.133
       22  0.61066  -0.236  0.162 -0.033 -0.020  0.067  0.140  0.561 -0.160  1.000  0.288  0.211
       23  0.48075  -0.232  0.190 -0.056 -0.083  0.024 -0.067  0.389 -0.038  0.288  1.000  0.129
       24  0.40018  -0.002  0.005 -0.001 -0.001 -0.000  0.001  0.391 -0.133  0.211  0.129  1.000
MINUIT - FIT ONLY 1-y
 **********
 **   51 **RES 
 **********
                   PARAMETER   16  beta_vw RESTORED TO VARIABLE.
                   PARAMETER   14  alpha_vw RESTORED TO VARIABLE.
                   PARAMETER   13  beta_y RESTORED TO VARIABLE.
                   PARAMETER   11  alpha_y RESTORED TO VARIABLE.
                   PARAMETER   10  beta_2CBO RESTORED TO VARIABLE.
 **********
 **   52 **FIX            0
 **********
 PARAMETER    0  IS UNDEFINED. IGNORED.
 **********
 **   53 **FIX            1
 **********
 **********
 **   54 **FIX            2
 **********
 PARAMETER    2  IS CONSTANT.   IGNORED.
 **********
 **   55 **FIX            3
 **********
 **********
 **   56 **FIX            4
 **********
 **********
 **   57 **FIX            5
 **********
 PARAMETER    5  IS CONSTANT.   IGNORED.
 **********
 **   58 **FIX            6
 **********
 **********
 **   59 **FIX            7
 **********
 PARAMETER    7  IS CONSTANT.   IGNORED.
 **********
 **   60 **FIX            8
 **********
 **********
 **   61 **FIX            9
 **********
 **********
 **   62 **FIX           13
 **********
 **********
 **   63 **FIX           14
 **********
 **********
 **   64 **FIX           15
 **********
 PARAMETER   15  IS CONSTANT.   IGNORED.
 **********
 **   65 **FIX           16
 **********
 **********
 **   66 **MIGRAD
 **********
 START MIGRAD MINIMIZATION.  STRATEGY  1.  CONVERGENCE WHEN EDM .LT. 1.00e-04
 FCN=37.3839 FROM MIGRAD    STATUS=INITIATE       16 CALLS        1738 TOTAL
                     EDM= unknown      STRATEGY= 1      NO ERROR MATRIX       
  EXT PARAMETER               CURRENT GUESS       STEP         FIRST   
  NO.   NAME      VALUE            ERROR          SIZE      DERIVATIVE 
   1  N0           2.88713e+06     fixed    
   2  tau          6.43977e+01   constant   
   3  A0           3.55525e-01     fixed    
   4  phi          4.11877e+00     fixed    
   5  R           -6.10082e+01   constant   
   6  alpha_CBO   -1.02491e-03     fixed    
   7  w_CBO        2.32500e+00   constant   
   8  beta_CBO    -2.24721e-03     fixed    
   9  alpha_2CBO  -2.46449e-03     fixed    
  10  beta_2CBO    8.72251e-04   8.28692e-04   8.28692e-04  -2.19525e+02
  11  alpha_y      0.00000e+00   1.00000e-03   1.00000e-03   2.67298e+02
  12  w_y          1.38860e+01   constant   
  13  beta_y      -8.35639e-04     fixed    
  14  alpha_vw     0.00000e+00     fixed    
  15  w_vw         1.43404e+01   constant   
  16  beta_vw      0.00000e+00     fixed    
  17  LM          -2.57919e-04   constant   
  18  zeta_y       0.00000e+00   constant   
  19  zeta_vw      0.00000e+00   constant   
  20  T_CBO        2.42329e+02   2.28623e+02   1.18085e-03  -3.23501e-03
  21  alpha_A0     3.38633e-03   1.62523e-02   4.08906e-03  -2.56067e-04
  22  beta_A0     -6.62994e-03   1.28744e-02   5.58860e-03  -5.72315e-05
  23  alpha_phi   -3.26015e-03   1.31570e-02   4.07174e-03   1.10470e-04
  24  beta_phi    -9.99740e-03   1.19320e-02   3.44959e-02   2.76623e-04
 MIGRAD MINIMIZATION HAS CONVERGED.
 MIGRAD WILL VERIFY CONVERGENCE AND ERROR MATRIX.
 COVARIANCE MATRIX CALCULATED SUCCESSFULLY
 FCN=37.3643 FROM MIGRAD    STATUS=CONVERGED     132 CALLS        1854 TOTAL
                     EDM=3.9081e-06    STRATEGY= 1      ERROR MATRIX ACCURATE 
  EXT PARAMETER                                   STEP         FIRST   
  NO.   NAME      VALUE            ERROR          SIZE      DERIVATIVE 
   1  N0           2.88713e+06     fixed    
   2  tau          6.43977e+01   constant   
   3  A0           3.55525e-01     fixed    
   4  phi          4.11877e+00     fixed    
   5  R           -6.10082e+01   constant   
   6  alpha_CBO   -1.02491e-03     fixed    
   7  w_CBO        2.32500e+00   constant   
   8  beta_CBO    -2.24721e-03     fixed    
   9  alpha_2CBO  -2.46449e-03     fixed    
  10  beta_2CBO    9.46950e-04   8.26719e-04   2.44309e-06   2.16580e+00
  11  alpha_y     -8.56752e-05   8.07325e-04   2.44076e-06   1.78759e+00
  12  w_y          1.38860e+01   constant   
  13  beta_y      -8.35639e-04     fixed    
  14  alpha_vw     0.00000e+00     fixed    
  15  w_vw         1.43404e+01   constant   
  16  beta_vw      0.00000e+00     fixed    
  17  LM          -2.57919e-04   constant   
  18  zeta_y       0.00000e+00   constant   
  19  zeta_vw      0.00000e+00   constant   
  20  T_CBO        2.45209e+02   2.13235e+02   1.18758e-03  -8.22802e-04
  21  alpha_A0     3.20719e-03   1.60403e-02   4.00584e-03   7.49065e-05
  22  beta_A0     -6.69557e-03   1.21017e-02   5.59100e-03  -2.24254e-04
  23  alpha_phi   -3.13753e-03   1.33601e-02   3.99591e-03  -9.35721e-04
  24  beta_phi    -1.00000e-02   1.10654e-02   3.21652e-02** at limit **
 EXTERNAL ERROR MATRIX.    NDIM=  25    NPAR=  7    ERR DEF=1
  6.835e-07  7.728e-09  2.351e-02 -1.574e-06 -4.294e-07  1.156e-06  1.285e-11 
  7.728e-09  6.518e-07 -2.269e-03  3.654e-08  1.102e-07 -6.661e-09 -5.480e-13 
  2.351e-02 -2.269e-03  4.977e+04 -1.038e+00  1.853e+00  1.098e+00  1.750e-03 
 -1.574e-06  3.654e-08 -1.038e+00  1.804e-04 -3.172e-05 -1.237e-05 -3.222e-08 
 -4.294e-07  1.102e-07  1.853e+00 -3.172e-05  2.565e-04  4.649e-05  6.685e-08 
  1.156e-06 -6.661e-09  1.098e+00 -1.237e-05  4.649e-05  1.819e-04  3.233e-08 
  1.285e-11 -5.480e-13  1.750e-03 -3.222e-08  6.685e-08  3.233e-08  2.028e-09 
 PARAMETER  CORRELATION COEFFICIENTS  
       NO.  GLOBAL     10     11     20     21     22     23     24
       10  0.21269   1.000  0.012  0.127 -0.142 -0.032  0.104  0.000
       11  0.02685   0.012  1.000 -0.013  0.003  0.009 -0.001 -0.000
       20  0.65076   0.127 -0.013  1.000 -0.346  0.519  0.365  0.174
       21  0.36722  -0.142  0.003 -0.346  1.000 -0.147 -0.068 -0.053
       22  0.52988  -0.032  0.009  0.519 -0.147  1.000  0.215  0.093
       23  0.37731   0.104 -0.001  0.365 -0.068  0.215  1.000  0.053
       24  0.17590   0.000 -0.000  0.174 -0.053  0.093  0.053  1.000
MINUIT - FIT ONLY 2-y
 **********
 **   67 **RES 
 **********
                   PARAMETER   16  beta_vw RESTORED TO VARIABLE.
                   PARAMETER   14  alpha_vw RESTORED TO VARIABLE.
                   PARAMETER   13  beta_y RESTORED TO VARIABLE.
                   PARAMETER    9  alpha_2CBO RESTORED TO VARIABLE.
                   PARAMETER    8  beta_CBO RESTORED TO VARIABLE.
                   PARAMETER    6  alpha_CBO RESTORED TO VARIABLE.
                   PARAMETER    4  phi RESTORED TO VARIABLE.
                   PARAMETER    3  A0 RESTORED TO VARIABLE.
                   PARAMETER    1  N0 RESTORED TO VARIABLE.
 **********
 **   68 **FIX            0
 **********
 PARAMETER    0  IS UNDEFINED. IGNORED.
 **********
 **   69 **FIX            1
 **********
 **********
 **   70 **FIX            2
 **********
 PARAMETER    2  IS CONSTANT.   IGNORED.
 **********
 **   71 **FIX            3
 **********
 **********
 **   72 **FIX            4
 **********
 **********
 **   73 **FIX            5
 **********
 PARAMETER    5  IS CONSTANT.   IGNORED.
 **********
 **   74 **FIX            6
 **********
 **********
 **   75 **FIX            7
 **********
 PARAMETER    7  IS CONSTANT.   IGNORED.
 **********
 **   76 **FIX            8
 **********
 **********
 **   77 **FIX            9
 **********
 **********
 **   78 **FIX           10
 **********
 **********
 **   79 **FIX           11
 **********
 **********
 **   80 **FIX           12
 **********
 PARAMETER   12  IS CONSTANT.   IGNORED.
 **********
 **   81 **FIX           16
 **********
 **********
 **   82 **MIGRAD
 **********
 START MIGRAD MINIMIZATION.  STRATEGY  1.  CONVERGENCE WHEN EDM .LT. 1.00e-04
 FCN=37.3643 FROM MIGRAD    STATUS=INITIATE       16 CALLS        1870 TOTAL
                     EDM= unknown      STRATEGY= 1      NO ERROR MATRIX       
  EXT PARAMETER               CURRENT GUESS       STEP         FIRST   
  NO.   NAME      VALUE            ERROR          SIZE      DERIVATIVE 
   1  N0           2.88713e+06     fixed    
   2  tau          6.43977e+01   constant   
   3  A0           3.55525e-01     fixed    
   4  phi          4.11877e+00     fixed    
   5  R           -6.10082e+01   constant   
   6  alpha_CBO   -1.02491e-03     fixed    
   7  w_CBO        2.32500e+00   constant   
   8  beta_CBO    -2.24721e-03     fixed    
   9  alpha_2CBO  -2.46449e-03     fixed    
  10  beta_2CBO    9.46950e-04     fixed    
  11  alpha_y     -8.56752e-05     fixed    
  12  w_y          1.38860e+01   constant   
  13  beta_y      -8.35639e-04   8.14439e-04   8.14439e-04  -1.00273e+02
  14  alpha_vw     0.00000e+00   1.00000e-03   1.00000e-03  -4.60501e+02
  15  w_vw         1.43404e+01   constant   
  16  beta_vw      0.00000e+00     fixed    
  17  LM          -2.57919e-04   constant   
  18  zeta_y       0.00000e+00   constant   
  19  zeta_vw      0.00000e+00   constant   
  20  T_CBO        2.45209e+02   2.13235e+02   1.18758e-03  -8.27155e-04
  21  alpha_A0     3.20719e-03   1.60403e-02   4.00584e-03   7.19147e-05
  22  beta_A0     -6.69557e-03   1.21017e-02   5.59100e-03  -2.16341e-04
  23  alpha_phi   -3.13753e-03   1.33601e-02   3.99591e-03  -9.32818e-04
  24  beta_phi    -1.00000e-02   1.10654e-02   3.21652e-02** at limit **
 MIGRAD MINIMIZATION HAS CONVERGED.
 MIGRAD WILL VERIFY CONVERGENCE AND ERROR MATRIX.
 COVARIANCE MATRIX CALCULATED SUCCESSFULLY
 FCN=37.3269 FROM MIGRAD    STATUS=CONVERGED      98 CALLS        1952 TOTAL
                     EDM=5.225e-07    STRATEGY= 1      ERROR MATRIX ACCURATE 
  EXT PARAMETER                                   STEP         FIRST   
  NO.   NAME      VALUE            ERROR          SIZE      DERIVATIVE 
   1  N0           2.88713e+06     fixed    
   2  tau          6.43977e+01   constant   
   3  A0           3.55525e-01     fixed    
   4  phi          4.11877e+00     fixed    
   5  R           -6.10082e+01   constant   
   6  alpha_CBO   -1.02491e-03     fixed    
   7  w_CBO        2.32500e+00   constant   
   8  beta_CBO    -2.24721e-03     fixed    
   9  alpha_2CBO  -2.46449e-03     fixed    
  10  beta_2CBO    9.46950e-04     fixed    
  11  alpha_y     -8.56752e-05     fixed    
  12  w_y          1.38860e+01   constant   
  13  beta_y      -7.94135e-04   8.15282e-04   2.46011e-06   4.72031e-01
  14  alpha_vw     1.53281e-04   8.11342e-04   2.44894e-06  -1.05923e-01
  15  w_vw         1.43404e+01   constant   
  16  beta_vw      0.00000e+00     fixed    
  17  LM          -2.57919e-04   constant   
  18  zeta_y       0.00000e+00   constant   
  19  zeta_vw      0.00000e+00   constant   
  20  T_CBO        2.45097e+02   2.14473e+02   1.19073e-03   6.88111e-04
  21  alpha_A0     3.22123e-03   1.60212e-02   3.98526e-03  -7.41574e-05
  22  beta_A0     -6.68510e-03   1.21111e-02   5.52644e-03   2.11462e-04
  23  alpha_phi   -3.12814e-03   1.33709e-02   3.97475e-03   2.66942e-04
  24  beta_phi    -1.00000e-02   1.50259e-02   4.38827e-02** at limit **
 EXTERNAL ERROR MATRIX.    NDIM=  25    NPAR=  7    ERR DEF=1
  6.647e-07  3.482e-08  6.650e-04 -2.345e-07  2.024e-07 -3.331e-08  1.650e-14 
  3.482e-08  6.583e-07 -1.549e-03  1.323e-07 -5.901e-08 -1.551e-08 -1.017e-14 
  6.650e-04 -1.549e-03  5.041e+04 -1.015e+00  1.920e+00  1.079e+00  8.045e-06 
 -2.345e-07  1.323e-07 -1.015e+00  1.777e-04 -3.393e-05 -1.018e-05 -1.488e-10 
  2.024e-07 -5.901e-08  1.920e+00 -3.393e-05  2.582e-04  4.796e-05  3.069e-10 
 -3.331e-08 -1.551e-08  1.079e+00 -1.018e-05  4.796e-05  1.804e-04  1.478e-10 
  1.650e-14 -1.017e-14  8.045e-06 -1.488e-10  3.069e-10  1.478e-10  2.113e-14 
 PARAMETER  CORRELATION COEFFICIENTS  
       NO.  GLOBAL     13     14     20     21     22     23     24
       13  0.05973   1.000  0.053  0.004 -0.022  0.015 -0.003  0.000
       14  0.05455   0.053  1.000 -0.009  0.012 -0.005 -0.001 -0.000
       20  0.65640   0.004 -0.009  1.000 -0.339  0.532  0.358  0.247
       21  0.34772  -0.022  0.012 -0.339  1.000 -0.158 -0.057 -0.077
       22  0.53395   0.015 -0.005  0.532 -0.158  1.000  0.222  0.131
       23  0.36641  -0.003 -0.001  0.358 -0.057  0.222  1.000  0.076
