 + ++++++++++++++++++++++++++++++++++++++++++++++++++++++++++++++++++++ +
 +                                                                      +
 +           You have chose to blind your fitting according to          +
 +                omega_ref * (1 + (R +/- deltaR) *10^{-6})             +
 +                                                                      +
 + ++++++++++++++++++++++++++++++++++++++++++++++++++++++++++++++++++++ +
In main()...
reading format from /gm2data/zkhechad/run45/envelope/formats/formatB_sBin_constraintOn.txt
pBinTau 	= 0  
pBinPhi 	= 0  
constraintau 	= 1 
includeMopTerm 	= 0    
constrainMop    = 0   
Parameters after format file: pBinTau 0 pBinPhi 0 constraintau 1 includeMopTerm 0 constrainMop 0 c_e_scale 0.000000 
Opening file /gm2data/tbarrett/gm2fr/studies/run23_bunch_corrections/CorrectedFourier_Run3b.root.
reading full fit data from /gm2data/zkhechad/cboTemplates/Run4CBOTemplates/templateFits0_v2.0/noRF/sBin_constraintOn_cE0.0_seed0_noRF_calo16.root
windowBins = 17
fitting sliding window 198 from bin 334 at 49.683600 to bin 351 at 52.369200 (17 bins)

Reading data from /gm2data/cornell/histograms/aMethod/histogram_a_noRF.root
 **********
 **    1 **SET PRINTOUT            1
 **********
 **********
 **    2 **SET NOWARNINGS 
 **********
 PARAMETER DEFINITIONS:
    NO.   NAME         VALUE      STEP SIZE      LIMITS
     1 N0           3.09796e+06  1.00000e+02     no limits
     2 tau          6.43838e+01  constant
     3 A0           3.49539e-01  1.00000e-04     no limits
     4 phi          4.11719e+00  1.00000e-02     no limits
     5 R           -6.25346e+01  constant
     6 alpha_CBO    0.00000e+00  1.00000e-03     no limits
     7 w_CBO        2.32500e+00  constant
     8 beta_CBO     0.00000e+00  1.00000e-03     no limits
     9 alpha_2CBO   0.00000e+00  1.00000e-03     no limits
    10 beta_2CBO    0.00000e+00  1.00000e-03     no limits
    11 alpha_y      0.00000e+00  1.00000e-03     no limits
    12 w_y          1.44500e+01  constant
    13 beta_y       0.00000e+00  1.00000e-03     no limits
    14 alpha_vw     0.00000e+00  1.00000e-03     no limits
    15 w_vw         1.29000e+01  constant
    16 beta_vw      0.00000e+00  1.00000e-03     no limits
    17 LM          -7.79046e-04  constant
    18 zeta_y       0.00000e+00  constant
    19 zeta_vw      0.00000e+00  constant
    20 T_CBO        1.00000e+02  1.00000e+00    0.00000e+00  1.00000e+03
    21 alpha_A0     0.00000e+00  1.00000e-03     no limits
    22 beta_A0      0.00000e+00  1.00000e-03     no limits
    23 alpha_phi    0.00000e+00  1.00000e-03     no limits
    24 beta_phi     0.00000e+00  1.00000e-03     no limits
MINUIT - FIT ONLY WIGGLE
 **********
 **    3 **FIX            5
 **********
 PARAMETER    5  IS CONSTANT.   IGNORED.
 **********
 **    4 **FIX            6
 **********
 **********
 **    5 **FIX            7
 **********
 PARAMETER    7  IS CONSTANT.   IGNORED.
 **********
 **    6 **FIX            8
 **********
 **********
 **    7 **FIX            9
 **********
 **********
 **    8 **FIX           10
 **********
 **********
 **    9 **FIX           11
 **********
 **********
 **   10 **FIX           12
 **********
 PARAMETER   12  IS CONSTANT.   IGNORED.
 **********
 **   11 **FIX           13
 **********
 **********
 **   12 **FIX           14
 **********
 **********
 **   13 **FIX           15
 **********
 PARAMETER   15  IS CONSTANT.   IGNORED.
 **********
 **   14 **FIX           16
 **********
 **********
 **   15 **MIGRAD
 **********
 FIRST CALL TO USER FUNCTION AT NEW START POINT, WITH IFLAG=4.
 START MIGRAD MINIMIZATION.  STRATEGY  1.  CONVERGENCE WHEN EDM .LT. 1.00e-04
 FCN=2763.66 FROM MIGRAD    STATUS=INITIATE      433 CALLS         434 TOTAL
                     EDM= unknown      STRATEGY= 1      NO ERROR MATRIX       
  EXT PARAMETER               CURRENT GUESS       STEP         FIRST   
  NO.   NAME      VALUE            ERROR          SIZE      DERIVATIVE 
   1  N0           3.09796e+06   1.00000e+02   0.00000e+00   6.17233e-02
   2  tau          6.43838e+01   constant   
   3  A0           3.49539e-01   1.00000e-04   0.00000e+00   2.80887e+05
   4  phi          4.11719e+00   1.00000e-02   0.00000e+00  -1.19830e+05
   5  R           -6.25346e+01   constant   
   6  alpha_CBO    0.00000e+00     fixed    
   7  w_CBO        2.32500e+00   constant   
   8  beta_CBO     0.00000e+00     fixed    
   9  alpha_2CBO   0.00000e+00     fixed    
  10  beta_2CBO    0.00000e+00     fixed    
  11  alpha_y      0.00000e+00     fixed    
  12  w_y          1.44500e+01   constant   
  13  beta_y       0.00000e+00     fixed    
  14  alpha_vw     0.00000e+00     fixed    
  15  w_vw         1.29000e+01   constant   
  16  beta_vw      0.00000e+00     fixed    
  17  LM          -7.79046e-04   constant   
  18  zeta_y       0.00000e+00   constant   
  19  zeta_vw      0.00000e+00   constant   
  20  T_CBO        1.00000e+02   1.00000e+00   0.00000e+00   0.00000e+00
  21  alpha_A0     0.00000e+00   1.00000e-03   0.00000e+00  -1.94870e+02
  22  beta_A0      0.00000e+00   1.00000e-03   0.00000e+00  -1.86688e+04
  23  alpha_phi    0.00000e+00   1.00000e-03   0.00000e+00  -1.11202e+04
  24  beta_phi     0.00000e+00   1.00000e-03   0.00000e+00  -5.78824e+04
 MIGRAD MINIMIZATION HAS CONVERGED.
 MIGRAD WILL VERIFY CONVERGENCE AND ERROR MATRIX.
 COVARIANCE MATRIX CALCULATED SUCCESSFULLY
 FCN=79.8786 FROM HESSE     STATUS=OK             61 CALLS        1320 TOTAL
                     EDM=0.000228458    STRATEGY= 1      ERROR MATRIX ACCURATE 
  EXT PARAMETER                                   STEP         FIRST   
  NO.   NAME      VALUE            ERROR          SIZE      DERIVATIVE 
   1  N0           3.12520e+06   3.05353e+04   1.60215e+00  -6.14867e-06
   2  tau          6.43838e+01   constant   
   3  A0           3.40897e-01   3.98125e-03   9.91851e-07  -1.52522e+01
   4  phi          4.17227e+00   1.31327e-02   2.18673e-06  -4.71996e+00
   5  R           -6.25346e+01   constant   
   6  alpha_CBO    0.00000e+00     fixed    
   7  w_CBO        2.32500e+00   constant   
   8  beta_CBO     0.00000e+00     fixed    
   9  alpha_2CBO   0.00000e+00     fixed    
  10  beta_2CBO    0.00000e+00     fixed    
  11  alpha_y      0.00000e+00     fixed    
  12  w_y          1.44500e+01   constant   
  13  beta_y       0.00000e+00     fixed    
  14  alpha_vw     0.00000e+00     fixed    
  15  w_vw         1.29000e+01   constant   
  16  beta_vw      0.00000e+00     fixed    
  17  LM          -7.79046e-04   constant   
  18  zeta_y       0.00000e+00   constant   
  19  zeta_vw      0.00000e+00   constant   
  20  T_CBO        1.10184e+02   5.16648e+02   3.18367e-05   4.87254e-01
  21  alpha_A0     1.88051e-02   7.65402e-02   4.77165e-06  -2.15811e-01
  22  beta_A0     -9.66706e-02   1.64095e-01   5.05984e-06  -1.25781e+00
  23  alpha_phi   -9.59373e-02   1.65178e-01   6.49161e-06  -2.75490e+00
  24  beta_phi     6.33603e-03   8.25593e-02   6.29333e-06   1.06494e+00
 CALL LIMIT EXCEEDED IN MIGRAD.
 MIGRAD TERMINATED WITHOUT CONVERGENCE.
 FCN=79.8785 FROM MIGRAD    STATUS=CALL LIMIT   1337 CALLS        1338 TOTAL
                     EDM=0.000266033    STRATEGY= 1  ERROR MATRIX UNCERTAINTY   0.9 per cent
  EXT PARAMETER                APPROXIMATE        STEP         FIRST   
  NO.   NAME      VALUE            ERROR          SIZE      DERIVATIVE 
   1  N0           3.12520e+06   2.99812e+04  -4.54667e+00  -4.71142e-06
   2  tau          6.43838e+01   constant   
   3  A0           3.40896e-01   3.40437e-03  -1.37608e-06  -1.29863e+01
   4  phi          4.17227e+00   1.29162e-02   9.07956e-07  -3.51017e+00
   5  R           -6.25346e+01   constant   
   6  alpha_CBO    0.00000e+00     fixed    
   7  w_CBO        2.32500e+00   constant   
   8  beta_CBO     0.00000e+00     fixed    
   9  alpha_2CBO   0.00000e+00     fixed    
  10  beta_2CBO    0.00000e+00     fixed    
  11  alpha_y      0.00000e+00     fixed    
  12  w_y          1.44500e+01   constant   
  13  beta_y       0.00000e+00     fixed    
  14  alpha_vw     0.00000e+00     fixed    
  15  w_vw         1.29000e+01   constant   
  16  beta_vw      0.00000e+00     fixed    
  17  LM          -7.79046e-04   constant   
  18  zeta_y       0.00000e+00   constant   
  19  zeta_vw      0.00000e+00   constant   
  20  T_CBO        1.10469e+02   2.40672e+02   9.09856e-04   3.67944e-01
  21  alpha_A0     1.87959e-02   7.41489e-02  -9.17791e-06  -1.98273e-01
  22  beta_A0     -9.65489e-02   1.12267e-01   1.21692e-04  -7.48052e-01
  23  alpha_phi   -9.58148e-02   1.11588e-01   1.22418e-04  -2.35691e+00
  24  beta_phi     6.31490e-03   7.60377e-02  -2.11287e-05   8.41041e-01
 EXTERNAL ERROR MATRIX.    NDIM=  25    NPAR=  8    ERR DEF=1
  8.989e+08  1.030e+02 -2.923e+02  9.031e+05 -2.282e+03 -2.695e+02 -3.795e+02  2.272e+03 
  1.030e+02  1.159e-05 -3.122e-05  3.293e-01 -2.756e-04  5.789e-05  4.394e-05  2.506e-04 
 -2.923e+02 -3.122e-05  1.668e-04 -2.745e-01  8.119e-04 -2.397e-05 -7.109e-06 -8.358e-04 
  9.031e+05  3.293e-01 -2.745e-01 -7.529e+04  3.001e+00 -3.161e+01 -3.171e+01  4.996e+00 
 -2.282e+03 -2.756e-04  8.119e-04  3.001e+00  5.498e-03  2.743e-03  3.005e-03 -6.054e-03 
 -2.695e+02  5.789e-05 -2.397e-05 -3.161e+01  2.743e-03 -1.260e-02 -1.254e-02  5.951e-04 
 -3.795e+02  4.394e-05 -7.109e-06 -3.171e+01  3.005e-03 -1.254e-02 -1.245e-02  3.394e-04 
  2.272e+03  2.506e-04 -8.358e-04  4.996e+00 -6.054e-03  5.951e-04  3.394e-04  5.782e-03 
ERR MATRIX APPROXIMATE
 PARAMETER  CORRELATION COEFFICIENTS  
       NO.  GLOBAL      1      3      4     20     21     22     23     24
        1  0.00000   1.000  1.009 -0.755  0.110 -1.026 -0.080 -0.113  0.996
        3  0.00000   1.009  1.000 -0.710  0.353 -1.092  0.151  0.116  0.968
        4  0.00000  -0.755 -0.710  1.000 -0.077  0.848 -0.017 -0.005 -0.851
       20  0.00000   0.110  0.353 -0.077 -1.000  0.148 -1.026 -1.036  0.239
       21  0.00000  -1.026 -1.092  0.848  0.148  1.000  0.329  0.363 -1.074
       22  0.00000  -0.080  0.151 -0.017 -1.026  0.329 -1.000 -1.001  0.070
       23  0.00000  -0.113  0.116 -0.005 -1.036  0.363 -1.001 -1.000  0.040
       24  0.00000   0.996  0.968 -0.851  0.239 -1.074  0.070  0.040  1.000
 ERR MATRIX APPROXIMATE
MINUIT - FIT ONLY 1-CBO + wiggle
 **********
 **   16 **RES 
 **********
                   PARAMETER   16  beta_vw RESTORED TO VARIABLE.
                   PARAMETER   14  alpha_vw RESTORED TO VARIABLE.
                   PARAMETER   13  beta_y RESTORED TO VARIABLE.
                   PARAMETER   11  alpha_y RESTORED TO VARIABLE.
                   PARAMETER   10  beta_2CBO RESTORED TO VARIABLE.
                   PARAMETER    9  alpha_2CBO RESTORED TO VARIABLE.
                   PARAMETER    8  beta_CBO RESTORED TO VARIABLE.
                   PARAMETER    6  alpha_CBO RESTORED TO VARIABLE.
 **********
 **   17 **FIX            8
 **********
 **********
 **   18 **FIX            9
 **********
 **********
 **   19 **FIX           11
 **********
 **********
 **   20 **FIX           12
 **********
 PARAMETER   12  IS CONSTANT.   IGNORED.
 **********
 **   21 **FIX           14
 **********
 **********
 **   22 **FIX           15
 **********
 PARAMETER   15  IS CONSTANT.   IGNORED.
 **********
 **   23 **FIX           16
 **********
 **********
 **   24 **MIGRAD
 **********
 START MIGRAD MINIMIZATION.  STRATEGY  1.  CONVERGENCE WHEN EDM .LT. 1.00e-04
 FCN=79.8785 FROM MIGRAD    STATUS=INITIATE       28 CALLS        1366 TOTAL
                     EDM= unknown      STRATEGY= 1      NO ERROR MATRIX       
  EXT PARAMETER               CURRENT GUESS       STEP         FIRST   
  NO.   NAME      VALUE            ERROR          SIZE      DERIVATIVE 
   1  N0           3.12520e+06   2.99812e+04  -4.54667e+00  -4.71142e-06
   2  tau          6.43838e+01   constant   
   3  A0           3.40896e-01   3.40437e-03  -1.37608e-06  -1.29863e+01
   4  phi          4.17227e+00   1.29162e-02   9.07956e-07  -3.51017e+00
   5  R           -6.25346e+01   constant   
   6  alpha_CBO    0.00000e+00   1.00000e-03   1.00000e-03  -2.27667e+02
   7  w_CBO        2.32500e+00   constant   
   8  beta_CBO     0.00000e+00     fixed    
   9  alpha_2CBO   0.00000e+00     fixed    
  10  beta_2CBO    0.00000e+00   1.00000e-03   1.00000e-03  -1.20823e+03
  11  alpha_y      0.00000e+00     fixed    
  12  w_y          1.44500e+01   constant   
  13  beta_y       0.00000e+00   1.00000e-03   1.00000e-03   2.29360e+04
  14  alpha_vw     0.00000e+00     fixed    
  15  w_vw         1.29000e+01   constant   
  16  beta_vw      0.00000e+00     fixed    
  17  LM          -7.79046e-04   constant   
  18  zeta_y       0.00000e+00   constant   
  19  zeta_vw      0.00000e+00   constant   
  20  T_CBO        1.10469e+02   2.40672e+02   9.09856e-04   3.67943e-01
  21  alpha_A0     1.87959e-02   7.41489e-02  -9.17791e-06  -1.98262e-01
  22  beta_A0     -9.65489e-02   1.12267e-01   1.21692e-04  -7.48054e-01
  23  alpha_phi   -9.58148e-02   1.11588e-01   1.22418e-04  -2.35691e+00
  24  beta_phi     6.31490e-03   7.60377e-02  -2.11287e-05   8.41040e-01
 CALL LIMIT EXCEEDED IN MIGRAD.
 MIGRAD TERMINATED WITHOUT CONVERGENCE.
 FCN=74.4493 FROM MIGRAD    STATUS=CALL LIMIT   1920 CALLS        3258 TOTAL
                     EDM=0.0257875    STRATEGY= 1  ERROR MATRIX UNCERTAINTY  28.0 per cent
  EXT PARAMETER                APPROXIMATE        STEP         FIRST   
  NO.   NAME      VALUE            ERROR          SIZE      DERIVATIVE 
   1  N0           3.09882e+06   4.78772e+03  -1.62381e+02   1.63198e-04
   2  tau          6.43838e+01   constant   
   3  A0           3.26839e-01   2.73434e-03  -7.41076e-05   2.59075e+02
   4  phi          4.12574e+00   7.51158e-03  -2.54238e-04   3.90232e+01
   5  R           -6.25346e+01   constant   
   6  alpha_CBO    8.55513e-03   2.05032e-03   2.02434e-05   2.64862e+02
   7  w_CBO        2.32500e+00   constant   
   8  beta_CBO     0.00000e+00     fixed    
   9  alpha_2CBO   0.00000e+00     fixed    
  10  beta_2CBO   -5.81240e-05   5.12009e-04   6.91885e-07   3.00385e+01
  11  alpha_y      0.00000e+00     fixed    
  12  w_y          1.44500e+01   constant   
  13  beta_y      -3.51697e-04   1.71005e-04  -3.68902e-06   3.21544e+01
  14  alpha_vw     0.00000e+00     fixed    
  15  w_vw         1.29000e+01   constant   
  16  beta_vw      0.00000e+00     fixed    
  17  LM          -7.79046e-04   constant   
  18  zeta_y       0.00000e+00   constant   
  19  zeta_vw      0.00000e+00   constant   
  20  T_CBO        4.48294e+01   4.97298e+00  -7.74226e-04   1.37078e+01
  21  alpha_A0     1.49763e-01   3.61533e-02   1.42176e-03   1.89809e+01
  22  beta_A0      1.81213e-02   3.82818e-02   1.50183e-03   7.04985e+00
  23  alpha_phi   -3.93301e-02   2.86452e-02   1.23395e-03   1.62553e+01
  24  beta_phi    -9.79747e-02   3.02509e-02  -1.14708e-03  -2.42390e+00
 EXTERNAL ERROR MATRIX.    NDIM=  25    NPAR= 11    ERR DEF=1
  2.292e+07 
  7.975e+00  7.477e-06 
  3.415e+01  1.639e-05  5.642e-05 
 -5.199e+00 -4.923e-06 -9.857e-06  4.204e-06 
  8.508e-01  6.831e-08  6.406e-07 -4.328e-07  2.622e-07 
  8.243e-02  6.374e-08  1.505e-07 -5.470e-08  2.614e-09  2.924e-08 
  1.795e+04  2.899e-03  2.633e-02  8.109e-04 -2.813e-04  5.292e-06  2.474e+01 
 -1.682e+02 -7.370e-05 -2.694e-04  4.389e-05 -3.879e-06 -6.401e-07 -1.342e-01  1.307e-03 
 -1.806e+02 -7.180e-05 -2.819e-04  4.260e-05 -4.778e-06 -6.199e-07 -1.483e-01  1.377e-03  1.465e-03 
 -1.030e+02 -2.733e-05 -1.630e-04 -1.041e-07  3.509e-06 -9.080e-08 -1.375e-01  8.104e-04  8.751e-04  8.206e-04 
  1.267e+02  7.383e-05  2.217e-04 -4.409e-05  1.266e-06  6.247e-07  9.115e-02 -1.046e-03 -1.076e-03 -5.996e-04  9.151e-04 
ERR MATRIX APPROXIMATE
 PARAMETER  CORRELATION COEFFICIENTS  
       NO.  GLOBAL      1      3      4      6     10     13     20     21     22     23     24
        1  0.99923   1.000  0.609  0.950 -0.530  0.347  0.101  0.754 -0.972 -0.986 -0.751  0.875
        3  0.99866   0.609  1.000  0.798 -0.878  0.049  0.136  0.213 -0.746 -0.686 -0.349  0.893
        4  0.99868   0.950  0.798  1.000 -0.640  0.167  0.117  0.705 -0.992 -0.980 -0.757  0.976
        6  0.99790  -0.530 -0.878 -0.640  1.000 -0.412 -0.156  0.080  0.592  0.543 -0.002 -0.711
       10  0.95824   0.347  0.049  0.167 -0.412  1.000  0.030 -0.110 -0.210 -0.244  0.239  0.082
       13  0.20731   0.101  0.136  0.117 -0.156  0.030  1.000  0.006 -0.104 -0.095 -0.019  0.121
       20  0.99570   0.754  0.213  0.705  0.080 -0.110  0.006  1.000 -0.746 -0.779 -0.965  0.606
       21  0.99960  -0.972 -0.746 -0.992  0.592 -0.210 -0.104 -0.746  1.000  0.995  0.783 -0.956
       22  0.99929  -0.986 -0.686 -0.980  0.543 -0.244 -0.095 -0.779  0.995  1.000  0.798 -0.929
       23  0.99803  -0.751 -0.349 -0.757 -0.002  0.239 -0.019 -0.965  0.783  0.798  1.000 -0.692
       24  0.99802   0.875  0.893  0.976 -0.711  0.082  0.121  0.606 -0.956 -0.929 -0.692  1.000
 ERR MATRIX APPROXIMATE
MINUIT - FIT ONLY 2-CBO
 **********
 **   25 **RES 
 **********
                   PARAMETER   16  beta_vw RESTORED TO VARIABLE.
                   PARAMETER   14  alpha_vw RESTORED TO VARIABLE.
                   PARAMETER   11  alpha_y RESTORED TO VARIABLE.
                   PARAMETER    9  alpha_2CBO RESTORED TO VARIABLE.
                   PARAMETER    8  beta_CBO RESTORED TO VARIABLE.
 **********
 **   26 **FIX            0
 **********
 PARAMETER    0  IS UNDEFINED. IGNORED.
 **********
 **   27 **FIX            1
 **********
 **********
 **   28 **FIX            2
 **********
 PARAMETER    2  IS CONSTANT.   IGNORED.
 **********
 **   29 **FIX            3
 **********
 **********
 **   30 **FIX            4
 **********
 **********
 **   31 **FIX            5
 **********
 PARAMETER    5  IS CONSTANT.   IGNORED.
 **********
 **   32 **FIX            6
 **********
 **********
 **   33 **FIX            7
 **********
 PARAMETER    7  IS CONSTANT.   IGNORED.
 **********
 **   34 **FIX           10
 **********
 **********
 **   35 **FIX           11
 **********
 **********
 **   36 **FIX           12
 **********
 PARAMETER   12  IS CONSTANT.   IGNORED.
 **********
 **   37 **FIX           13
 **********
 **********
 **   38 **FIX           14
 **********
 **********
 **   39 **FIX           15
 **********
 PARAMETER   15  IS CONSTANT.   IGNORED.
 **********
 **   40 **FIX           16
 **********
 **********
 **   41 **MIGRAD
 **********
 START MIGRAD MINIMIZATION.  STRATEGY  1.  CONVERGENCE WHEN EDM .LT. 1.00e-04
 FCN=74.4493 FROM MIGRAD    STATUS=INITIATE       18 CALLS        3276 TOTAL
                     EDM= unknown      STRATEGY= 1      NO ERROR MATRIX       
  EXT PARAMETER               CURRENT GUESS       STEP         FIRST   
  NO.   NAME      VALUE            ERROR          SIZE      DERIVATIVE 
   1  N0           3.09882e+06     fixed    
   2  tau          6.43838e+01   constant   
   3  A0           3.26839e-01     fixed    
   4  phi          4.12574e+00     fixed    
   5  R           -6.25346e+01   constant   
   6  alpha_CBO    8.55513e-03     fixed    
   7  w_CBO        2.32500e+00   constant   
   8  beta_CBO     0.00000e+00   1.00000e-03   1.00000e-03   7.03836e+01
   9  alpha_2CBO   0.00000e+00   1.00000e-03   1.00000e-03  -2.50934e+03
  10  beta_2CBO   -5.81240e-05     fixed    
  11  alpha_y      0.00000e+00     fixed    
  12  w_y          1.44500e+01   constant   
  13  beta_y      -3.51697e-04     fixed    
  14  alpha_vw     0.00000e+00     fixed    
  15  w_vw         1.29000e+01   constant   
  16  beta_vw      0.00000e+00     fixed    
  17  LM          -7.79046e-04   constant   
  18  zeta_y       0.00000e+00   constant   
  19  zeta_vw      0.00000e+00   constant   
  20  T_CBO        4.48294e+01   4.97298e+00  -7.74226e-04   1.37078e+01
  21  alpha_A0     1.49763e-01   3.61533e-02   1.42176e-03   1.89809e+01
  22  beta_A0      1.81213e-02   3.82818e-02   1.50183e-03   7.04986e+00
  23  alpha_phi   -3.93301e-02   2.86452e-02   1.23395e-03   1.62553e+01
  24  beta_phi    -9.79747e-02   3.02509e-02  -1.14708e-03  -2.42390e+00
 MIGRAD MINIMIZATION HAS CONVERGED.
 MIGRAD WILL VERIFY CONVERGENCE AND ERROR MATRIX.
 FCN=74.2135 FROM HESSE     STATUS=NOT POSDEF     50 CALLS        3423 TOTAL
                     EDM=0.000259284    STRATEGY= 1      ERR MATRIX NOT POS-DEF
  EXT PARAMETER                APPROXIMATE        STEP         FIRST   
  NO.   NAME      VALUE            ERROR          SIZE      DERIVATIVE 
   1  N0           3.09882e+06     fixed    
   2  tau          6.43838e+01   constant   
   3  A0           3.26839e-01     fixed    
   4  phi          4.12574e+00     fixed    
   5  R           -6.25346e+01   constant   
   6  alpha_CBO    8.55513e-03     fixed    
   7  w_CBO        2.32500e+00   constant   
   8  beta_CBO     9.68561e-05   4.30961e-04   7.09235e-07   9.96999e+00
   9  alpha_2CBO   1.76692e-04   3.60985e-04   6.85231e-07  -6.92600e+00
  10  beta_2CBO   -5.81240e-05     fixed    
  11  alpha_y      0.00000e+00     fixed    
  12  w_y          1.44500e+01   constant   
  13  beta_y      -3.51697e-04     fixed    
  14  alpha_vw     0.00000e+00     fixed    
  15  w_vw         1.29000e+01   constant   
  16  beta_vw      0.00000e+00     fixed    
  17  LM          -7.79046e-04   constant   
  18  zeta_y       0.00000e+00   constant   
  19  zeta_vw      0.00000e+00   constant   
  20  T_CBO        4.47917e+01   7.79678e+00   1.06890e-05  -3.85908e-01
  21  alpha_A0     1.48188e-01   2.93165e-02   9.93831e-06   6.80513e-01
  22  beta_A0      1.88302e-02   5.65675e-03   1.07228e-05   1.53067e-01
  23  alpha_phi   -4.01052e-02   8.13810e-03   1.24685e-05   3.01736e-01
  24  beta_phi    -1.00583e-01   2.06577e-02   1.20259e-05   2.77412e-02
 CALL LIMIT EXCEEDED IN MIGRAD.
 MIGRAD TERMINATED WITHOUT CONVERGENCE.
 FCN=74.1335 FROM MIGRAD    STATUS=CALL LIMIT   1160 CALLS        4418 TOTAL
                     EDM=0.00294753    STRATEGY= 1      ERR MATRIX NOT POS-DEF
  EXT PARAMETER                APPROXIMATE        STEP         FIRST   
  NO.   NAME      VALUE            ERROR          SIZE      DERIVATIVE 
   1  N0           3.09882e+06     fixed    
   2  tau          6.43838e+01   constant   
   3  A0           3.26839e-01     fixed    
   4  phi          4.12574e+00     fixed    
   5  R           -6.25346e+01   constant   
   6  alpha_CBO    8.55513e-03     fixed    
   7  w_CBO        2.32500e+00   constant   
   8  beta_CBO     1.71918e-04   3.88286e-04   4.27890e-06  -1.35296e+02
   9  alpha_2CBO   2.15863e-04   3.09339e-04   1.42116e-06  -6.83612e+01
  10  beta_2CBO   -5.81240e-05     fixed    
  11  alpha_y      0.00000e+00     fixed    
  12  w_y          1.44500e+01   constant   
  13  beta_y      -3.51697e-04     fixed    
  14  alpha_vw     0.00000e+00     fixed    
  15  w_vw         1.29000e+01   constant   
  16  beta_vw      0.00000e+00     fixed    
  17  LM          -7.79046e-04   constant   
  18  zeta_y       0.00000e+00   constant   
  19  zeta_vw      0.00000e+00   constant   
  20  T_CBO        8.03742e+01   3.77083e+01   1.39406e-03   1.76052e+00
  21  alpha_A0     8.99314e-02   2.70082e-02  -2.35778e-04  -4.84729e-01
  22  beta_A0      1.09593e-02   5.26851e-03  -6.11730e-05  -2.11881e+00
  23  alpha_phi   -2.50005e-02   7.24564e-03   6.43426e-05  -3.99219e+00
  24  beta_phi    -6.20076e-02   1.66386e-02   1.20325e-04  -1.55431e+01
 EXTERNAL ERROR MATRIX.    NDIM=  25    NPAR=  7    ERR DEF=1
  1.508e-07  4.302e-08  6.446e-03 -4.848e-06 -1.116e-06  1.055e-06  1.461e-06 
  4.302e-08  9.569e-08  1.711e-03 -1.746e-06  1.558e-07  1.272e-07 -2.442e-08 
  6.446e-03  1.711e-03  1.431e+03 -1.018e+00 -1.748e-01  2.611e-01  6.093e-01 
 -4.848e-06 -1.746e-06 -1.018e+00  7.294e-04  1.226e-04 -1.853e-04 -4.286e-04 
 -1.116e-06  1.558e-07 -1.748e-01  1.226e-04  2.776e-05 -3.273e-05 -7.312e-05 
  1.055e-06  1.272e-07  2.611e-01 -1.853e-04 -3.273e-05  5.250e-05  1.131e-04 
  1.461e-06 -2.442e-08  6.093e-01 -4.286e-04 -7.312e-05  1.131e-04  2.768e-04 
ERR MATRIX NOT POS-DEF
 PARAMETER  CORRELATION COEFFICIENTS  
       NO.  GLOBAL      8      9     20     21     22     23     24
        8  0.93929   1.000  0.358  0.439 -0.462 -0.546  0.375  0.226
        9  0.88022   0.358  1.000  0.146 -0.209  0.096  0.057 -0.005
       20  0.99896   0.439  0.146  1.000 -0.996 -0.877  0.953  0.968
       21  0.99855  -0.462 -0.209 -0.996  1.000  0.861 -0.947 -0.954
       22  0.94544  -0.546  0.096 -0.877  0.861  1.000 -0.857 -0.834
       23  0.95841   0.375  0.057  0.953 -0.947 -0.857  1.000  0.938
       24  0.99612   0.226 -0.005  0.968 -0.954 -0.834  0.938  1.000
 ERR MATRIX NOT POS-DEF
MINUIT - FIT wiggle + 1-CBO + 2-CBO
 **********
 **   42 **RES 
 **********
                   PARAMETER   16  beta_vw RESTORED TO VARIABLE.
                   PARAMETER   14  alpha_vw RESTORED TO VARIABLE.
                   PARAMETER   13  beta_y RESTORED TO VARIABLE.
                   PARAMETER   11  alpha_y RESTORED TO VARIABLE.
                   PARAMETER   10  beta_2CBO RESTORED TO VARIABLE.
                   PARAMETER    6  alpha_CBO RESTORED TO VARIABLE.
                   PARAMETER    4  phi RESTORED TO VARIABLE.
                   PARAMETER    3  A0 RESTORED TO VARIABLE.
                   PARAMETER    1  N0 RESTORED TO VARIABLE.
 **********
 **   43 **FIX           10
 **********
 **********
 **   44 **FIX           11
 **********
 **********
 **   45 **FIX           12
 **********
 PARAMETER   12  IS CONSTANT.   IGNORED.
 **********
 **   46 **FIX           13
 **********
 **********
 **   47 **FIX           14
 **********
 **********
 **   48 **FIX           15
 **********
 PARAMETER   15  IS CONSTANT.   IGNORED.
 **********
 **   49 **FIX           16
 **********
 **********
 **   50 **MIGRAD
 **********
 START MIGRAD MINIMIZATION.  STRATEGY  1.  CONVERGENCE WHEN EDM .LT. 1.00e-04
 FCN=74.1335 FROM MIGRAD    STATUS=INITIATE       22 CALLS        4440 TOTAL
                     EDM= unknown      STRATEGY= 1      NO ERROR MATRIX       
  EXT PARAMETER               CURRENT GUESS       STEP         FIRST   
  NO.   NAME      VALUE            ERROR          SIZE      DERIVATIVE 
   1  N0           3.09882e+06   4.78772e+03   4.78772e+03   6.32786e-05
   2  tau          6.43838e+01   constant   
   3  A0           3.26839e-01   2.73434e-03   2.73434e-03  -1.29416e+02
   4  phi          4.12574e+00   7.51158e-03   7.51158e-03  -9.05327e+01
   5  R           -6.25346e+01   constant   
   6  alpha_CBO    8.55513e-03   2.05032e-03   2.05032e-03  -8.21453e+02
   7  w_CBO        2.32500e+00   constant   
   8  beta_CBO     1.71918e-04   3.88286e-04   4.27890e-06  -1.35296e+02
   9  alpha_2CBO   2.15863e-04   3.09339e-04   1.42116e-06  -6.83612e+01
  10  beta_2CBO   -5.81240e-05     fixed    
  11  alpha_y      0.00000e+00     fixed    
  12  w_y          1.44500e+01   constant   
  13  beta_y      -3.51697e-04     fixed    
  14  alpha_vw     0.00000e+00     fixed    
  15  w_vw         1.29000e+01   constant   
  16  beta_vw      0.00000e+00     fixed    
  17  LM          -7.79046e-04   constant   
  18  zeta_y       0.00000e+00   constant   
  19  zeta_vw      0.00000e+00   constant   
  20  T_CBO        8.03742e+01   3.77083e+01   1.39406e-03   1.76052e+00
  21  alpha_A0     8.99314e-02   2.70082e-02  -2.35778e-04  -4.84726e-01
  22  beta_A0      1.09593e-02   5.26851e-03  -6.11730e-05  -2.11881e+00
  23  alpha_phi   -2.50005e-02   7.24564e-03   6.43426e-05  -3.99219e+00
  24  beta_phi    -6.20076e-02   1.66386e-02   1.20325e-04  -1.55431e+01
 MIGRAD MINIMIZATION HAS CONVERGED.
 FCN=72.2611 FROM MIGRAD    STATUS=CONVERGED     391 CALLS        4809 TOTAL
                     EDM=4.69408e-06    STRATEGY= 1  ERROR MATRIX UNCERTAINTY   4.1 per cent
  EXT PARAMETER                                   STEP         FIRST   
  NO.   NAME      VALUE            ERROR          SIZE      DERIVATIVE 
   1  N0           3.09782e+06   6.76464e+02  -2.32562e+00  -3.77462e-06
   2  tau          6.43838e+01   constant   
   3  A0           3.26104e-01   5.55981e-04  -1.04404e-06   8.47793e+00
   4  phi          4.12350e+00   1.60479e-03  -4.69909e-06   2.02296e+00
   5  R           -6.25346e+01   constant   
   6  alpha_CBO    1.38731e-02   4.00259e-03   1.29840e-05  -1.11322e+01
   7  w_CBO        2.32500e+00   constant   
   8  beta_CBO     4.08247e-03   2.92711e-03   8.51829e-06   1.14770e+01
   9  alpha_2CBO   1.75789e-03   1.22092e-03   3.34005e-06  -1.42945e+00
  10  beta_2CBO   -5.81240e-05     fixed    
  11  alpha_y      0.00000e+00     fixed    
  12  w_y          1.44500e+01   constant   
  13  beta_y      -3.51697e-04     fixed    
  14  alpha_vw     0.00000e+00     fixed    
  15  w_vw         1.29000e+01   constant   
  16  beta_vw      0.00000e+00     fixed    
  17  LM          -7.79046e-04   constant   
  18  zeta_y       0.00000e+00   constant   
  19  zeta_vw      0.00000e+00   constant   
  20  T_CBO        9.98857e+01   1.43626e+01   1.47371e-04   2.00390e-01
  21  alpha_A0     8.35291e-02   3.98467e-03  -7.03812e-06   6.84776e-01
  22  beta_A0      4.43329e-04   7.82928e-03  -2.03525e-05   1.00737e+00
  23  alpha_phi   -6.93882e-02   3.13575e-02  -1.03047e-04  -4.79538e-01
  24  beta_phi    -1.00408e-01   2.70155e-02  -7.36699e-05  -1.01349e-01
 EXTERNAL ERROR MATRIX.    NDIM=  25    NPAR= 11    ERR DEF=1
  4.576e+05 
  2.461e-01  3.091e-07 
  8.560e-01  7.449e-07  2.575e-06 
 -2.276e+00 -1.992e-06 -6.077e-06  1.602e-05 
 -1.616e+00 -1.485e-06 -4.429e-06  1.165e-05  8.568e-06 
 -6.463e-01 -6.149e-07 -1.701e-06  4.673e-06  3.436e-06  1.491e-06 
 -8.151e+03 -7.210e-03 -2.157e-02  5.708e-02  4.168e-02  1.667e-02  2.064e+02 
  1.779e+00  1.882e-06  5.035e-06 -1.384e-05 -1.034e-05 -4.562e-06 -5.007e-02  1.588e-05 
  4.186e+00  3.804e-06  1.165e-05 -3.041e-05 -2.233e-05 -8.594e-06 -1.092e-01  2.551e-05  6.130e-05 
  1.777e+01  1.557e-05  4.713e-05 -1.253e-04 -9.117e-05 -3.685e-05 -4.462e-01  1.094e-04  2.371e-04  9.833e-04 
  1.485e+01  1.389e-05  4.020e-05 -1.070e-04 -7.876e-05 -3.216e-05 -3.826e-01  9.729e-05  2.038e-04  8.389e-04  7.298e-04 
 PARAMETER  CORRELATION COEFFICIENTS  
       NO.  GLOBAL      1      3      4      6      8      9     20     21     22     23     24
        1  0.90647   1.000  0.654  0.789 -0.841 -0.816 -0.782 -0.839  0.660  0.790  0.838  0.813
        3  0.95609   0.654  1.000  0.835 -0.895 -0.912 -0.906 -0.903  0.849  0.874  0.893  0.925
        4  0.96472   0.789  0.835  1.000 -0.946 -0.943 -0.868 -0.936  0.787  0.927  0.936  0.927
        6  0.99921  -0.841 -0.895 -0.946  1.000  0.994  0.956  0.992 -0.868 -0.970 -0.998 -0.990
        8  0.99871  -0.816 -0.912 -0.943  0.994  1.000  0.961  0.991 -0.886 -0.974 -0.993 -0.996
        9  0.99124  -0.782 -0.906 -0.868  0.956  0.961  1.000  0.950 -0.938 -0.899 -0.963 -0.975
       20  0.99519  -0.839 -0.903 -0.936  0.992  0.991  0.950  1.000 -0.874 -0.971 -0.990 -0.986
       21  0.95704   0.660  0.849  0.787 -0.868 -0.886 -0.938 -0.874  1.000  0.818  0.876  0.904
       22  0.98639   0.790  0.874  0.927 -0.970 -0.974 -0.899 -0.971  0.818  1.000  0.966  0.964
       23  0.99892   0.838  0.893  0.936 -0.998 -0.993 -0.963 -0.990  0.876  0.966  1.000  0.990
       24  0.99855   0.813  0.925  0.927 -0.990 -0.996 -0.975 -0.986  0.904  0.964  0.990  1.000
MINUIT - FIT ONLY 1-y
 **********
 **   51 **RES 
 **********
                   PARAMETER   16  beta_vw RESTORED TO VARIABLE.
                   PARAMETER   14  alpha_vw RESTORED TO VARIABLE.
                   PARAMETER   13  beta_y RESTORED TO VARIABLE.
                   PARAMETER   11  alpha_y RESTORED TO VARIABLE.
                   PARAMETER   10  beta_2CBO RESTORED TO VARIABLE.
 **********
 **   52 **FIX            0
 **********
 PARAMETER    0  IS UNDEFINED. IGNORED.
 **********
 **   53 **FIX            1
 **********
 **********
 **   54 **FIX            2
 **********
 PARAMETER    2  IS CONSTANT.   IGNORED.
 **********
 **   55 **FIX            3
 **********
 **********
 **   56 **FIX            4
 **********
 **********
 **   57 **FIX            5
 **********
 PARAMETER    5  IS CONSTANT.   IGNORED.
 **********
 **   58 **FIX            6
 **********
 **********
 **   59 **FIX            7
 **********
 PARAMETER    7  IS CONSTANT.   IGNORED.
 **********
 **   60 **FIX            8
 **********
 **********
 **   61 **FIX            9
 **********
 **********
 **   62 **FIX           13
 **********
 **********
 **   63 **FIX           14
 **********
 **********
 **   64 **FIX           15
 **********
 PARAMETER   15  IS CONSTANT.   IGNORED.
 **********
 **   65 **FIX           16
 **********
 **********
 **   66 **MIGRAD
 **********
 START MIGRAD MINIMIZATION.  STRATEGY  1.  CONVERGENCE WHEN EDM .LT. 1.00e-04
 FCN=72.2611 FROM MIGRAD    STATUS=INITIATE       16 CALLS        4825 TOTAL
                     EDM= unknown      STRATEGY= 1      NO ERROR MATRIX       
  EXT PARAMETER               CURRENT GUESS       STEP         FIRST   
  NO.   NAME      VALUE            ERROR          SIZE      DERIVATIVE 
   1  N0           3.09782e+06     fixed    
   2  tau          6.43838e+01   constant   
   3  A0           3.26104e-01     fixed    
   4  phi          4.12350e+00     fixed    
   5  R           -6.25346e+01   constant   
   6  alpha_CBO    1.38731e-02     fixed    
   7  w_CBO        2.32500e+00   constant   
   8  beta_CBO     4.08247e-03     fixed    
   9  alpha_2CBO   1.75789e-03     fixed    
  10  beta_2CBO   -5.81240e-05   5.12009e-04   5.12009e-04  -1.50487e+02
  11  alpha_y      0.00000e+00   1.00000e-03   1.00000e-03   8.99010e+04
  12  w_y          1.44500e+01   constant   
  13  beta_y      -3.51697e-04     fixed    
  14  alpha_vw     0.00000e+00     fixed    
  15  w_vw         1.29000e+01   constant   
  16  beta_vw      0.00000e+00     fixed    
  17  LM          -7.79046e-04   constant   
  18  zeta_y       0.00000e+00   constant   
  19  zeta_vw      0.00000e+00   constant   
  20  T_CBO        9.98857e+01   1.43626e+01   1.47371e-04   2.00389e-01
  21  alpha_A0     8.35291e-02   3.98467e-03  -7.03812e-06   6.84775e-01
  22  beta_A0      4.43329e-04   7.82928e-03  -2.03525e-05   1.00736e+00
  23  alpha_phi   -6.93882e-02   3.13575e-02  -1.03047e-04  -4.79537e-01
  24  beta_phi    -1.00408e-01   2.70155e-02  -7.36699e-05  -1.01349e-01
 MIGRAD MINIMIZATION HAS CONVERGED.
 MIGRAD WILL VERIFY CONVERGENCE AND ERROR MATRIX.
 FCN=17.2992 FROM HESSE     STATUS=NOT POSDEF     50 CALLS        4969 TOTAL
                     EDM=0.00180901    STRATEGY= 1      ERR MATRIX NOT POS-DEF
  EXT PARAMETER                APPROXIMATE        STEP         FIRST   
  NO.   NAME      VALUE            ERROR          SIZE      DERIVATIVE 
   1  N0           3.09782e+06     fixed    
   2  tau          6.43838e+01   constant   
   3  A0           3.26104e-01     fixed    
   4  phi          4.12350e+00     fixed    
   5  R           -6.25346e+01   constant   
   6  alpha_CBO    1.38731e-02     fixed    
   7  w_CBO        2.32500e+00   constant   
   8  beta_CBO     4.08247e-03     fixed    
   9  alpha_2CBO   1.75789e-03     fixed    
  10  beta_2CBO   -4.93720e-05   2.48951e-04   3.53898e-07  -5.19321e-02
  11  alpha_y     -1.22272e-03   1.64736e-04   3.40622e-07  -2.67456e-01
  12  w_y          1.44500e+01   constant   
  13  beta_y      -3.51697e-04     fixed    
  14  alpha_vw     0.00000e+00     fixed    
  15  w_vw         1.29000e+01   constant   
  16  beta_vw      0.00000e+00     fixed    
  17  LM          -7.79046e-04   constant   
  18  zeta_y       0.00000e+00   constant   
  19  zeta_vw      0.00000e+00   constant   
  20  T_CBO        9.93260e+01   2.83761e+01   1.33412e-05   3.97035e-01
  21  alpha_A0     8.27437e-02   1.19533e-02   2.63000e-06  -1.73840e+00
  22  beta_A0      1.63559e-03   1.80965e-03   2.86078e-06   4.58227e-01
  23  alpha_phi   -6.93982e-02   1.01430e-02   3.28927e-06   8.14253e-01
  24  beta_phi    -1.00700e-01   1.47463e-02   3.19912e-06   1.27079e+00
 CALL LIMIT EXCEEDED IN MIGRAD.
 MIGRAD TERMINATED WITHOUT CONVERGENCE.
 FCN=16.9272 FROM MIGRAD    STATUS=CALL LIMIT   1161 CALLS        5970 TOTAL
                     EDM=0.00521025    STRATEGY= 1      ERR MATRIX NOT POS-DEF
  EXT PARAMETER                APPROXIMATE        STEP         FIRST   
  NO.   NAME      VALUE            ERROR          SIZE      DERIVATIVE 
   1  N0           3.09782e+06     fixed    
   2  tau          6.43838e+01   constant   
   3  A0           3.26104e-01     fixed    
   4  phi          4.12350e+00     fixed    
   5  R           -6.25346e+01   constant   
   6  alpha_CBO    1.38731e-02     fixed    
   7  w_CBO        2.32500e+00   constant   
   8  beta_CBO     4.08247e-03     fixed    
   9  alpha_2CBO   1.75789e-03     fixed    
  10  beta_2CBO   -2.37399e-05   2.50081e-04   1.17465e-05   2.23294e+02
  11  alpha_y     -1.22779e-03   1.64662e-04  -2.83083e-06  -1.62967e+01
  12  w_y          1.44500e+01   constant   
  13  beta_y      -3.51697e-04     fixed    
  14  alpha_vw     0.00000e+00     fixed    
  15  w_vw         1.29000e+01   constant   
  16  beta_vw      0.00000e+00     fixed    
  17  LM          -7.79046e-04   constant   
  18  zeta_y       0.00000e+00   constant   
  19  zeta_vw      0.00000e+00   constant   
  20  T_CBO        4.21556e+01   1.16359e+01  -3.44107e-03  -5.16665e+01
  21  alpha_A0     1.63606e-01   5.18023e-02   3.01807e-03  -1.95841e+01
  22  beta_A0      3.52898e-03   2.69016e-03   1.02338e-05   7.37628e+00
  23  alpha_phi   -1.37469e-01   4.32516e-02  -2.49482e-03   6.09413e+00
  24  beta_phi    -2.00829e-01   6.47763e-02  -3.82763e-03   2.77640e+01
 EXTERNAL ERROR MATRIX.    NDIM=  25    NPAR=  7    ERR DEF=1
  6.254e-08 -2.711e-10 -6.096e-04  2.649e-06 -3.639e-07 -2.023e-06 -3.756e-06 
 -2.711e-10  2.711e-08  1.686e-04 -7.471e-07 -5.315e-08  6.369e-07  9.514e-07 
 -6.096e-04  1.686e-04  1.355e+02 -6.028e-01 -1.160e-02  5.029e-01  7.535e-01 
  2.649e-06 -7.471e-07 -6.028e-01  2.683e-03  5.216e-05 -2.238e-03 -3.352e-03 
 -3.639e-07 -5.315e-08 -1.160e-02  5.216e-05  7.237e-06 -4.517e-05 -6.065e-05 
 -2.023e-06  6.369e-07  5.029e-01 -2.238e-03 -4.517e-05  1.871e-03  2.795e-03 
 -3.756e-06  9.514e-07  7.535e-01 -3.352e-03 -6.065e-05  2.795e-03  4.196e-03 
ERR MATRIX NOT POS-DEF
 PARAMETER  CORRELATION COEFFICIENTS  
       NO.  GLOBAL     10     11     20     21     22     23     24
       10  0.76435   1.000 -0.007 -0.209  0.204 -0.541 -0.187 -0.232
       11  0.17880  -0.007  1.000  0.088 -0.088 -0.120  0.089  0.089
       20  0.99965  -0.209  0.088  1.000 -0.999 -0.370  0.999  0.999
       21  0.99957   0.204 -0.088 -0.999  1.000  0.374 -0.999 -0.999
       22  0.78296  -0.541 -0.120 -0.370  0.374  1.000 -0.388 -0.348
       23  0.99917  -0.187  0.089  0.999 -0.999 -0.388  1.000  0.998
       24  0.99954  -0.232  0.089  0.999 -0.999 -0.348  0.998  1.000
 ERR MATRIX NOT POS-DEF
MINUIT - FIT ONLY 2-y
 **********
 **   67 **RES 
 **********
                   PARAMETER   16  beta_vw RESTORED TO VARIABLE.
                   PARAMETER   14  alpha_vw RESTORED TO VARIABLE.
                   PARAMETER   13  beta_y RESTORED TO VARIABLE.
                   PARAMETER    9  alpha_2CBO RESTORED TO VARIABLE.
                   PARAMETER    8  beta_CBO RESTORED TO VARIABLE.
                   PARAMETER    6  alpha_CBO RESTORED TO VARIABLE.
                   PARAMETER    4  phi RESTORED TO VARIABLE.
                   PARAMETER    3  A0 RESTORED TO VARIABLE.
                   PARAMETER    1  N0 RESTORED TO VARIABLE.
 **********
 **   68 **FIX            0
 **********
 PARAMETER    0  IS UNDEFINED. IGNORED.
 **********
 **   69 **FIX            1
 **********
 **********
 **   70 **FIX            2
 **********
 PARAMETER    2  IS CONSTANT.   IGNORED.
 **********
 **   71 **FIX            3
 **********
 **********
 **   72 **FIX            4
 **********
 **********
 **   73 **FIX            5
 **********
 PARAMETER    5  IS CONSTANT.   IGNORED.
 **********
 **   74 **FIX            6
 **********
 **********
