 + ++++++++++++++++++++++++++++++++++++++++++++++++++++++++++++++++++++ +
 +                                                                      +
 +           You have chose to blind your fitting according to          +
 +                omega_ref * (1 + (R +/- deltaR) *10^{-6})             +
 +                                                                      +
 + ++++++++++++++++++++++++++++++++++++++++++++++++++++++++++++++++++++ +
In main()...
reading format from /gm2data/zkhechad/run45/envelope/formats/formatB_sBin_constraintOn.txt
pBinTau 	= 0  
pBinPhi 	= 0  
constraintau 	= 1 
includeMopTerm 	= 0    
constrainMop    = 0   
Parameters after format file: pBinTau 0 pBinPhi 0 constraintau 1 includeMopTerm 0 constrainMop 0 c_e_scale 0.000000 
Opening file /gm2data/tbarrett/gm2fr/studies/run23_bunch_corrections/CorrectedFourier_Run3b.root.
reading full fit data from /gm2data/zkhechad/cboTemplates/Run4CBOTemplates/fullFits/noRF/sBin_constraintOn_cE0.0_seed0_noRF_calo17.root
windowBins = 69
fitting sliding window 2170 from bin 2306 at 343.906000 to bin 2375 at 354.350000 (69 bins)

Reading data from /gm2data/cornell/histograms/aMethod/histogram_a_noRF.root
 **********
 **    1 **SET PRINTOUT            1
 **********
 **********
 **    2 **SET NOWARNINGS 
 **********
 PARAMETER DEFINITIONS:
    NO.   NAME         VALUE      STEP SIZE      LIMITS
     1 N0           3.18624e+06  1.00000e+02     no limits
     2 tau          6.44064e+01  constant
     3 A0           3.45293e-01  1.00000e-04     no limits
     4 phi          4.12011e+00  1.00000e-02     no limits
     5 R           -6.06001e+01  constant
     6 alpha_CBO    0.00000e+00  1.00000e-03     no limits
     7 w_CBO        2.32500e+00  constant
     8 beta_CBO     0.00000e+00  1.00000e-03     no limits
     9 alpha_2CBO   0.00000e+00  1.00000e-03     no limits
    10 beta_2CBO    0.00000e+00  1.00000e-03     no limits
    11 alpha_y      0.00000e+00  1.00000e-03     no limits
    12 w_y          1.38860e+01  constant
    13 beta_y       0.00000e+00  1.00000e-03     no limits
    14 alpha_vw     0.00000e+00  1.00000e-03     no limits
    15 w_vw         1.43404e+01  constant
    16 beta_vw      0.00000e+00  1.00000e-03     no limits
    17 LM           6.43054e-05  constant
    18 zeta_y       0.00000e+00  constant
    19 zeta_vw      0.00000e+00  constant
    20 T_CBO        1.00000e+02  1.00000e+00    0.00000e+00  1.00000e+03
    21 alpha_A0     0.00000e+00  1.00000e-03     no limits
    22 beta_A0      0.00000e+00  1.00000e-03     no limits
    23 alpha_phi    0.00000e+00  1.00000e-03     no limits
    24 beta_phi     0.00000e+00  1.00000e-03     no limits
MINUIT - FIT ONLY WIGGLE
 **********
 **    3 **FIX            5
 **********
 PARAMETER    5  IS CONSTANT.   IGNORED.
 **********
 **    4 **FIX            6
 **********
 **********
 **    5 **FIX            7
 **********
 PARAMETER    7  IS CONSTANT.   IGNORED.
 **********
 **    6 **FIX            8
 **********
 **********
 **    7 **FIX            9
 **********
 **********
 **    8 **FIX           10
 **********
 **********
 **    9 **FIX           11
 **********
 **********
 **   10 **FIX           12
 **********
 PARAMETER   12  IS CONSTANT.   IGNORED.
 **********
 **   11 **FIX           13
 **********
 **********
 **   12 **FIX           14
 **********
 **********
 **   13 **FIX           15
 **********
 PARAMETER   15  IS CONSTANT.   IGNORED.
 **********
 **   14 **FIX           16
 **********
 **********
 **   15 **MIGRAD
 **********
 FIRST CALL TO USER FUNCTION AT NEW START POINT, WITH IFLAG=4.
 START MIGRAD MINIMIZATION.  STRATEGY  1.  CONVERGENCE WHEN EDM .LT. 1.00e-04
 FCN=76.3571 FROM MIGRAD    STATUS=INITIATE      437 CALLS         438 TOTAL
                     EDM= unknown      STRATEGY= 1      NO ERROR MATRIX       
  EXT PARAMETER               CURRENT GUESS       STEP         FIRST   
  NO.   NAME      VALUE            ERROR          SIZE      DERIVATIVE 
   1  N0           3.18624e+06   1.00000e+02   0.00000e+00  -1.42994e-03
   2  tau          6.44064e+01   constant   
   3  A0           3.45293e-01   1.00000e-04   0.00000e+00  -2.99379e+01
   4  phi          4.12011e+00   1.00000e-02   0.00000e+00  -5.94884e+02
   5  R           -6.06001e+01   constant   
   6  alpha_CBO    0.00000e+00     fixed    
   7  w_CBO        2.32500e+00   constant   
   8  beta_CBO     0.00000e+00     fixed    
   9  alpha_2CBO   0.00000e+00     fixed    
  10  beta_2CBO    0.00000e+00     fixed    
  11  alpha_y      0.00000e+00     fixed    
  12  w_y          1.38860e+01   constant   
  13  beta_y       0.00000e+00     fixed    
  14  alpha_vw     0.00000e+00     fixed    
  15  w_vw         1.43404e+01   constant   
  16  beta_vw      0.00000e+00     fixed    
  17  LM           6.43054e-05   constant   
  18  zeta_y       0.00000e+00   constant   
  19  zeta_vw      0.00000e+00   constant   
  20  T_CBO        1.00000e+02   1.00000e+00   0.00000e+00   0.00000e+00
  21  alpha_A0     0.00000e+00   1.00000e-03   0.00000e+00  -1.29416e+01
  22  beta_A0      0.00000e+00   1.00000e-03   0.00000e+00  -1.39080e+01
  23  alpha_phi    0.00000e+00   1.00000e-03   0.00000e+00   3.73269e+01
  24  beta_phi     0.00000e+00   1.00000e-03   0.00000e+00   4.67341e+00
 MIGRAD MINIMIZATION HAS CONVERGED.
 MIGRAD WILL VERIFY CONVERGENCE AND ERROR MATRIX.
 FCN=68.6866 FROM HESSE     STATUS=NOT POSDEF     61 CALLS         593 TOTAL
                     EDM=0.000604731    STRATEGY= 1      ERR MATRIX NOT POS-DEF
  EXT PARAMETER                APPROXIMATE        STEP         FIRST   
  NO.   NAME      VALUE            ERROR          SIZE      DERIVATIVE 
   1  N0           3.18911e+06   2.11221e+03   7.65302e+00   1.89699e-07
   2  tau          6.44064e+01   constant   
   3  A0           3.45326e-01   8.43316e-04   3.32167e-06  -3.10252e+00
   4  phi          4.12140e+00   2.46323e-03   9.85474e-06  -7.23596e-02
   5  R           -6.06001e+01   constant   
   6  alpha_CBO    0.00000e+00     fixed    
   7  w_CBO        2.32500e+00   constant   
   8  beta_CBO     0.00000e+00     fixed    
   9  alpha_2CBO   0.00000e+00     fixed    
  10  beta_2CBO    0.00000e+00     fixed    
  11  alpha_y      0.00000e+00     fixed    
  12  w_y          1.38860e+01   constant   
  13  beta_y       0.00000e+00     fixed    
  14  alpha_vw     0.00000e+00     fixed    
  15  w_vw         1.43404e+01   constant   
  16  beta_vw      0.00000e+00     fixed    
  17  LM           6.43054e-05   constant   
  18  zeta_y       0.00000e+00   constant   
  19  zeta_vw      0.00000e+00   constant   
  20  T_CBO        1.00159e+02   1.80899e+02   1.68992e-04   4.12161e-02
  21  alpha_A0     1.08599e-01   7.27933e-01   4.62273e-04   1.51556e-02
  22  beta_A0      9.60750e-02   6.61970e-01   4.50581e-04   3.32648e-02
  23  alpha_phi   -1.96971e-01   1.33388e+00   4.30990e-04  -3.56471e-02
  24  beta_phi    -7.03654e-02   4.93643e-01   4.63453e-04   9.68389e-03
 CALL LIMIT EXCEEDED IN MIGRAD.
 MIGRAD TERMINATED WITHOUT CONVERGENCE.
 FCN=68.6737 FROM MIGRAD    STATUS=CALL LIMIT   1331 CALLS        1332 TOTAL
                     EDM=0.000250419    STRATEGY= 1      ERR MATRIX NOT POS-DEF
  EXT PARAMETER                APPROXIMATE        STEP         FIRST   
  NO.   NAME      VALUE            ERROR          SIZE      DERIVATIVE 
   1  N0           3.18912e+06   2.05233e+03   3.05982e+00   2.34412e-06
   2  tau          6.44064e+01   constant   
   3  A0           3.45348e-01   7.99054e-04   9.17944e-06   2.33869e+01
   4  phi          4.12137e+00   2.45201e-03  -1.46820e-06  -4.72306e-01
   5  R           -6.06001e+01   constant   
   6  alpha_CBO    0.00000e+00     fixed    
   7  w_CBO        2.32500e+00   constant   
   8  beta_CBO     0.00000e+00     fixed    
   9  alpha_2CBO   0.00000e+00     fixed    
  10  beta_2CBO    0.00000e+00     fixed    
  11  alpha_y      0.00000e+00     fixed    
  12  w_y          1.38860e+01   constant   
  13  beta_y       0.00000e+00     fixed    
  14  alpha_vw     0.00000e+00     fixed    
  15  w_vw         1.43404e+01   constant   
  16  beta_vw      0.00000e+00     fixed    
  17  LM           6.43054e-05   constant   
  18  zeta_y       0.00000e+00   constant   
  19  zeta_vw      0.00000e+00   constant   
  20  T_CBO        1.93029e+02   5.87257e+02   1.39835e-02  -1.77742e-01
  21  alpha_A0     2.09299e-02   1.02162e-01  -1.14811e-03  -5.99092e-01
  22  beta_A0      1.77307e-02   9.29219e-02  -1.09621e-03  -1.05126e+00
  23  alpha_phi   -3.65510e-02   1.82721e-01   1.78799e-03   8.38623e-02
  24  beta_phi    -1.25822e-02   6.62191e-02   5.83484e-04   4.18992e-01
 EXTERNAL ERROR MATRIX.    NDIM=  25    NPAR=  8    ERR DEF=1
  4.212e+06  1.959e-01 -8.006e-01  6.881e+04 -3.973e+00 -9.541e+00  3.468e+01 -5.101e-01 
  1.959e-01  6.385e-07  8.470e-08  1.072e-01 -2.029e-05 -1.391e-05  4.093e-05  1.565e-05 
 -8.006e-01  8.470e-08  6.012e-06 -4.889e-02  6.261e-06  1.168e-05 -2.265e-05 -8.366e-07 
  6.881e+04  1.072e-01 -4.889e-02  2.179e+05 -4.615e+01 -4.131e+01  8.419e+01  2.870e+01 
 -3.973e+00 -2.029e-05  6.261e-06 -4.615e+01  1.044e-02  8.571e-03 -1.775e-02 -6.164e-03 
 -9.541e+00 -1.391e-05  1.168e-05 -4.131e+01  8.571e-03  8.634e-03 -1.621e-02 -5.333e-03 
  3.468e+01  4.093e-05 -2.265e-05  8.419e+01 -1.775e-02 -1.621e-02  3.339e-02  1.107e-02 
 -5.101e-01  1.565e-05 -8.366e-07  2.870e+01 -6.164e-03 -5.333e-03  1.107e-02  4.385e-03 
ERR MATRIX NOT POS-DEF
 PARAMETER  CORRELATION COEFFICIENTS  
       NO.  GLOBAL      1      3      4     20     21     22     23     24
        1  0.36512   1.000  0.119 -0.159  0.072 -0.019 -0.050  0.092 -0.004
        3  0.46107   0.119  1.000  0.043  0.288 -0.249 -0.187  0.280  0.296
        4  0.19254  -0.159  0.043  1.000 -0.043  0.025  0.051 -0.051 -0.005
       20  0.99333   0.072  0.288 -0.043  1.000 -0.968 -0.952  0.987  0.929
       21  0.97258  -0.019 -0.249  0.025 -0.968  1.000  0.903 -0.951 -0.911
       22  0.96530  -0.050 -0.187  0.051 -0.952  0.903  1.000 -0.955 -0.867
       23  0.98857   0.092  0.280 -0.051  0.987 -0.951 -0.955  1.000  0.915
       24  0.93426  -0.004  0.296 -0.005  0.929 -0.911 -0.867  0.915  1.000
 ERR MATRIX NOT POS-DEF
MINUIT - FIT ONLY 1-CBO + wiggle
 **********
 **   16 **RES 
 **********
                   PARAMETER   16  beta_vw RESTORED TO VARIABLE.
                   PARAMETER   14  alpha_vw RESTORED TO VARIABLE.
                   PARAMETER   13  beta_y RESTORED TO VARIABLE.
                   PARAMETER   11  alpha_y RESTORED TO VARIABLE.
                   PARAMETER   10  beta_2CBO RESTORED TO VARIABLE.
                   PARAMETER    9  alpha_2CBO RESTORED TO VARIABLE.
                   PARAMETER    8  beta_CBO RESTORED TO VARIABLE.
                   PARAMETER    6  alpha_CBO RESTORED TO VARIABLE.
 **********
 **   17 **FIX            8
 **********
 **********
 **   18 **FIX            9
 **********
 **********
 **   19 **FIX           11
 **********
 **********
 **   20 **FIX           12
 **********
 PARAMETER   12  IS CONSTANT.   IGNORED.
 **********
 **   21 **FIX           14
 **********
 **********
 **   22 **FIX           15
 **********
 PARAMETER   15  IS CONSTANT.   IGNORED.
 **********
 **   23 **FIX           16
 **********
 **********
 **   24 **MIGRAD
 **********
 START MIGRAD MINIMIZATION.  STRATEGY  1.  CONVERGENCE WHEN EDM .LT. 1.00e-04
 FCN=68.6737 FROM MIGRAD    STATUS=INITIATE       28 CALLS        1360 TOTAL
                     EDM= unknown      STRATEGY= 1      NO ERROR MATRIX       
  EXT PARAMETER               CURRENT GUESS       STEP         FIRST   
  NO.   NAME      VALUE            ERROR          SIZE      DERIVATIVE 
   1  N0           3.18912e+06   2.05233e+03   3.05982e+00   2.34412e-06
   2  tau          6.44064e+01   constant   
   3  A0           3.45348e-01   7.99054e-04   9.17944e-06   2.33869e+01
   4  phi          4.12137e+00   2.45201e-03  -1.46820e-06  -4.72306e-01
   5  R           -6.06001e+01   constant   
   6  alpha_CBO    0.00000e+00   1.00000e-03   1.00000e-03  -2.04674e+03
   7  w_CBO        2.32500e+00   constant   
   8  beta_CBO     0.00000e+00     fixed    
   9  alpha_2CBO   0.00000e+00     fixed    
  10  beta_2CBO    0.00000e+00   1.00000e-03   1.00000e-03  -7.41308e+02
  11  alpha_y      0.00000e+00     fixed    
  12  w_y          1.38860e+01   constant   
  13  beta_y       0.00000e+00   1.00000e-03   1.00000e-03  -1.74624e+03
  14  alpha_vw     0.00000e+00     fixed    
  15  w_vw         1.43404e+01   constant   
  16  beta_vw      0.00000e+00     fixed    
  17  LM           6.43054e-05   constant   
  18  zeta_y       0.00000e+00   constant   
  19  zeta_vw      0.00000e+00   constant   
  20  T_CBO        1.93029e+02   5.87257e+02   1.39835e-02  -1.77741e-01
  21  alpha_A0     2.09299e-02   1.02162e-01  -1.14811e-03  -5.99092e-01
  22  beta_A0      1.77307e-02   9.29219e-02  -1.09621e-03  -1.05126e+00
  23  alpha_phi   -3.65510e-02   1.82721e-01   1.78799e-03   8.38623e-02
  24  beta_phi    -1.25822e-02   6.62191e-02   5.83484e-04   4.18992e-01
 MIGRAD MINIMIZATION HAS CONVERGED.
 MIGRAD WILL VERIFY CONVERGENCE AND ERROR MATRIX.
 FCN=67.0714 FROM HESSE     STATUS=NOT POSDEF    100 CALLS        1579 TOTAL
                     EDM=0.000699677    STRATEGY= 1      ERR MATRIX NOT POS-DEF
  EXT PARAMETER                APPROXIMATE        STEP         FIRST   
  NO.   NAME      VALUE            ERROR          SIZE      DERIVATIVE 
   1  N0           3.18925e+06   2.11847e+03   7.56415e+00   3.77829e-07
   2  tau          6.44064e+01   constant   
   3  A0           3.45485e-01   8.58886e-04   3.28332e-06   6.04916e-01
   4  phi          4.12181e+00   2.50515e-03   9.73414e-06  -1.25274e-01
   5  R           -6.06001e+01   constant   
   6  alpha_CBO    8.82900e-04   9.27665e-04   3.52619e-06  -5.80655e-01
   7  w_CBO        2.32500e+00   constant   
   8  beta_CBO     0.00000e+00     fixed    
   9  alpha_2CBO   0.00000e+00     fixed    
  10  beta_2CBO    3.15862e-04   9.05813e-04   3.55480e-06  -4.14777e-01
  11  alpha_y      0.00000e+00     fixed    
  12  w_y          1.38860e+01   constant   
  13  beta_y       6.68048e-04   8.75466e-04   3.52998e-06   2.44789e-01
  14  alpha_vw     0.00000e+00     fixed    
  15  w_vw         1.43404e+01   constant   
  16  beta_vw      0.00000e+00     fixed    
  17  LM           6.43054e-05   constant   
  18  zeta_y       0.00000e+00   constant   
  19  zeta_vw      0.00000e+00   constant   
  20  T_CBO        1.90235e+02   5.07819e+02   4.84227e-04  -1.35757e-02
  21  alpha_A0     1.85655e-02   1.28708e-01   8.73882e-05   4.67053e-02
  22  beta_A0      2.04529e-02   1.44916e-01   8.49551e-05   4.59966e-02
  23  alpha_phi   -3.51223e-02   2.45820e-01   8.11202e-05  -6.59430e-02
  24  beta_phi    -1.13409e-02   8.33326e-02   8.76840e-05   1.00081e-02
 MIGRAD MINIMIZATION HAS CONVERGED.
 MIGRAD WILL VERIFY CONVERGENCE AND ERROR MATRIX.
 COVARIANCE MATRIX CALCULATED SUCCESSFULLY
 FCN=67.0593 FROM MIGRAD    STATUS=CONVERGED    1774 CALLS        3106 TOTAL
                     EDM=2.19707e-05    STRATEGY= 1      ERROR MATRIX ACCURATE 
  EXT PARAMETER                                   STEP         FIRST   
  NO.   NAME      VALUE            ERROR          SIZE      DERIVATIVE 
   1  N0           3.18926e+06   2.12341e+03   7.56349e+00  -2.62218e-07
   2  tau          6.44064e+01   constant   
   3  A0           3.45494e-01   8.59341e-04   3.28313e-06  -1.71279e+00
   4  phi          4.12179e+00   2.51024e-03   9.73293e-06   1.94973e-01
   5  R           -6.06001e+01   constant   
   6  alpha_CBO    8.82258e-04   9.29637e-04   3.52589e-06   1.03500e-01
   7  w_CBO        2.32500e+00   constant   
   8  beta_CBO     0.00000e+00     fixed    
   9  alpha_2CBO   0.00000e+00     fixed    
  10  beta_2CBO    3.18238e-04   9.07439e-04   3.55449e-06   1.62767e+00
  11  alpha_y      0.00000e+00     fixed    
  12  w_y          1.38860e+01   constant   
  13  beta_y       6.67608e-04   8.77076e-04   3.52967e-06  -4.85760e-01
  14  alpha_vw     0.00000e+00     fixed    
  15  w_vw         1.43404e+01   constant   
  16  beta_vw      0.00000e+00     fixed    
  17  LM           6.43054e-05   constant   
  18  zeta_y       0.00000e+00   constant   
  19  zeta_vw      0.00000e+00   constant   
  20  T_CBO        9.96846e+02   5.13344e+02   6.75228e-02  -3.59349e-04
  21  alpha_A0     4.35604e-03   5.22694e-03   1.98959e-05  -4.75063e-01
  22  beta_A0      4.62806e-03   5.05551e-03   1.92949e-05  -3.91080e-01
  23  alpha_phi   -7.90947e-03   5.16472e-03   1.83940e-05   7.63887e-01
  24  beta_phi    -2.47902e-03   5.29391e-03   1.99746e-05  -1.30277e-01
 EXTERNAL ERROR MATRIX.    NDIM=  25    NPAR= 11    ERR DEF=1
  4.509e+06 
  1.881e-01  7.385e-07 
 -8.432e-01  1.915e-07  6.301e-06 
  1.129e-01  1.508e-07  4.144e-07  8.642e-07 
  7.456e-02  2.362e-08  1.246e-07  1.050e-08  8.234e-07 
 -2.002e-02 -2.030e-08 -2.966e-08 -3.144e-09 -1.644e-09  7.693e-07 
  1.298e+03  1.574e-03 -4.043e-03 -4.118e-04  2.115e-04  2.022e-05  1.145e+06 
  1.896e+00 -2.267e-07 -1.156e-06 -7.904e-07  2.839e-07  3.946e-09 -1.199e+00  2.732e-05 
  8.280e-01  3.931e-07  5.994e-07  2.775e-07  6.877e-07 -8.737e-08 -1.307e+00  9.278e-07  2.556e-05 
  1.388e+00  3.774e-07 -1.892e-07  7.476e-07 -4.725e-07 -3.948e-08  2.224e+00 -2.544e-06 -2.905e-06  2.667e-05 
 -1.701e+00  9.778e-07  1.417e-06  3.191e-07  4.953e-07 -1.426e-07  7.081e-01 -2.901e-06  2.516e-06  3.374e-06  2.803e-05 
 PARAMETER  CORRELATION COEFFICIENTS  
       NO.  GLOBAL      1      3      4      6     10     13     20     21     22     23     24
        1  0.35540   1.000  0.103 -0.158  0.057  0.039 -0.011  0.001  0.171  0.077  0.127 -0.151
        3  0.31697   0.103  1.000  0.089  0.189  0.030 -0.027  0.002 -0.050  0.090  0.085  0.215
        4  0.27118  -0.158  0.089  1.000  0.178  0.055 -0.013 -0.002 -0.088  0.047 -0.015  0.107
        6  0.33688   0.057  0.189  0.178  1.000  0.012 -0.004 -0.000 -0.163  0.059  0.156  0.065
       10  0.23331   0.039  0.030  0.055  0.012  1.000 -0.002  0.000  0.060  0.150 -0.101  0.103
       13  0.04381  -0.011 -0.027 -0.013 -0.004 -0.002  1.000  0.000  0.001 -0.020 -0.009 -0.031
       20  0.49965   0.001  0.002 -0.002 -0.000  0.000  0.000  1.000 -0.214 -0.242  0.402  0.125
       21  0.33535   0.171 -0.050 -0.088 -0.163  0.060  0.001 -0.214  1.000  0.035 -0.094 -0.105
       22  0.32818   0.077  0.090  0.047  0.059  0.150 -0.020 -0.242  0.035  1.000 -0.111  0.094
       23  0.47226   0.127  0.085 -0.015  0.156 -0.101 -0.009  0.402 -0.094 -0.111  1.000  0.123
       24  0.35765  -0.151  0.215  0.107  0.065  0.103 -0.031  0.125 -0.105  0.094  0.123  1.000
MINUIT - FIT ONLY 2-CBO
 **********
 **   25 **RES 
 **********
                   PARAMETER   16  beta_vw RESTORED TO VARIABLE.
                   PARAMETER   14  alpha_vw RESTORED TO VARIABLE.
                   PARAMETER   11  alpha_y RESTORED TO VARIABLE.
                   PARAMETER    9  alpha_2CBO RESTORED TO VARIABLE.
                   PARAMETER    8  beta_CBO RESTORED TO VARIABLE.
 **********
 **   26 **FIX            0
 **********
 PARAMETER    0  IS UNDEFINED. IGNORED.
 **********
 **   27 **FIX            1
 **********
 **********
 **   28 **FIX            2
 **********
 PARAMETER    2  IS CONSTANT.   IGNORED.
 **********
 **   29 **FIX            3
 **********
 **********
 **   30 **FIX            4
 **********
 **********
 **   31 **FIX            5
 **********
 PARAMETER    5  IS CONSTANT.   IGNORED.
 **********
 **   32 **FIX            6
 **********
 **********
 **   33 **FIX            7
 **********
 PARAMETER    7  IS CONSTANT.   IGNORED.
 **********
 **   34 **FIX           10
 **********
 **********
 **   35 **FIX           11
 **********
 **********
 **   36 **FIX           12
 **********
 PARAMETER   12  IS CONSTANT.   IGNORED.
 **********
 **   37 **FIX           13
 **********
 **********
 **   38 **FIX           14
 **********
 **********
 **   39 **FIX           15
 **********
 PARAMETER   15  IS CONSTANT.   IGNORED.
 **********
 **   40 **FIX           16
 **********
 **********
 **   41 **MIGRAD
 **********
 START MIGRAD MINIMIZATION.  STRATEGY  1.  CONVERGENCE WHEN EDM .LT. 1.00e-04
 FCN=67.0593 FROM MIGRAD    STATUS=INITIATE       18 CALLS        3124 TOTAL
                     EDM= unknown      STRATEGY= 1      NO ERROR MATRIX       
  EXT PARAMETER               CURRENT GUESS       STEP         FIRST   
  NO.   NAME      VALUE            ERROR          SIZE      DERIVATIVE 
   1  N0           3.18926e+06     fixed    
   2  tau          6.44064e+01   constant   
   3  A0           3.45494e-01     fixed    
   4  phi          4.12179e+00     fixed    
   5  R           -6.06001e+01   constant   
   6  alpha_CBO    8.82258e-04     fixed    
   7  w_CBO        2.32500e+00   constant   
   8  beta_CBO     0.00000e+00   1.00000e-03   1.00000e-03  -4.56702e+03
   9  alpha_2CBO   0.00000e+00   1.00000e-03   1.00000e-03  -3.21378e+03
  10  beta_2CBO    3.18238e-04     fixed    
  11  alpha_y      0.00000e+00     fixed    
  12  w_y          1.38860e+01   constant   
  13  beta_y       6.67608e-04     fixed    
  14  alpha_vw     0.00000e+00     fixed    
  15  w_vw         1.43404e+01   constant   
  16  beta_vw      0.00000e+00     fixed    
  17  LM           6.43054e-05   constant   
  18  zeta_y       0.00000e+00   constant   
  19  zeta_vw      0.00000e+00   constant   
  20  T_CBO        9.96846e+02   5.13344e+02   6.75228e-02  -3.71539e-04
  21  alpha_A0     4.35604e-03   5.22694e-03   1.98959e-05  -4.75062e-01
  22  beta_A0      4.62806e-03   5.05551e-03   1.92949e-05  -3.91080e-01
  23  alpha_phi   -7.90947e-03   5.16472e-03   1.83940e-05   7.63887e-01
  24  beta_phi    -2.47902e-03   5.29391e-03   1.99746e-05  -1.30277e-01
 MIGRAD MINIMIZATION HAS CONVERGED.
 MIGRAD WILL VERIFY CONVERGENCE AND ERROR MATRIX.
 COVARIANCE MATRIX CALCULATED SUCCESSFULLY
 FCN=60.699 FROM MIGRAD    STATUS=CONVERGED     374 CALLS        3480 TOTAL
                     EDM=1.31315e-05    STRATEGY= 1      ERROR MATRIX ACCURATE 
  EXT PARAMETER                                   STEP         FIRST   
  NO.   NAME      VALUE            ERROR          SIZE      DERIVATIVE 
   1  N0           3.18926e+06     fixed    
   2  tau          6.44064e+01   constant   
   3  A0           3.45494e-01     fixed    
   4  phi          4.12179e+00     fixed    
   5  R           -6.06001e+01   constant   
   6  alpha_CBO    8.82258e-04     fixed    
   7  w_CBO        2.32500e+00   constant   
   8  beta_CBO     1.86237e-03   8.99779e-04   3.39369e-06   4.81098e-01
   9  alpha_2CBO   1.31130e-03   8.97150e-04   3.36643e-06  -1.65337e+00
  10  beta_2CBO    3.18238e-04     fixed    
  11  alpha_y      0.00000e+00     fixed    
  12  w_y          1.38860e+01   constant   
  13  beta_y       6.67608e-04     fixed    
  14  alpha_vw     0.00000e+00     fixed    
  15  w_vw         1.43404e+01   constant   
  16  beta_vw      0.00000e+00     fixed    
  17  LM           6.43054e-05   constant   
  18  zeta_y       0.00000e+00   constant   
  19  zeta_vw      0.00000e+00   constant   
  20  T_CBO        9.99879e+02   7.62955e+02   6.45906e-02  -1.40962e-04
  21  alpha_A0     5.43978e-03   4.95297e-03   1.88633e-05  -6.55419e-01
  22  beta_A0      2.73208e-03   4.87296e-03   1.83330e-05  -3.72252e-01
  23  alpha_phi   -6.98505e-03   4.60863e-03   1.74396e-05   3.80022e-01
  24  beta_phi    -6.05453e-04   5.06548e-03   1.89686e-05   1.07907e-01
 EXTERNAL ERROR MATRIX.    NDIM=  25    NPAR=  7    ERR DEF=1
  8.096e-07  8.070e-09 -1.363e-05  1.586e-07 -6.381e-07  5.483e-08  4.060e-07 
  8.070e-09  8.049e-07 -8.311e-06  4.549e-07 -2.698e-07  4.943e-07  5.829e-07 
 -1.363e-05 -8.311e-06  3.570e+04  3.136e-02  1.617e-02 -4.095e-02 -3.695e-03 
  1.586e-07  4.549e-07  3.136e-02  2.453e-05 -9.242e-07  3.394e-07 -5.698e-07 
 -6.381e-07 -2.698e-07  1.617e-02 -9.242e-07  2.375e-05 -7.056e-07  2.163e-06 
  5.483e-08  4.943e-07 -4.095e-02  3.394e-07 -7.056e-07  2.124e-05  2.663e-06 
  4.060e-07  5.829e-07 -3.695e-03 -5.698e-07  2.163e-06  2.663e-06  2.566e-05 
 PARAMETER  CORRELATION COEFFICIENTS  
       NO.  GLOBAL      8      9     20     21     22     23     24
        8  0.18148   1.000  0.010 -0.000  0.036 -0.146  0.013  0.089
        9  0.20695   0.010  1.000 -0.000  0.102 -0.062  0.120  0.128
       20  0.06081  -0.000 -0.000  1.000  0.034  0.018 -0.047 -0.004
       21  0.12226   0.036  0.102  0.034  1.000 -0.038  0.015 -0.023
       22  0.19686  -0.146 -0.062  0.018 -0.038  1.000 -0.031  0.088
       23  0.16589   0.013  0.120 -0.047  0.015 -0.031  1.000  0.114
       24  0.21834   0.089  0.128 -0.004 -0.023  0.088  0.114  1.000
MINUIT - FIT wiggle + 1-CBO + 2-CBO
 **********
 **   42 **RES 
 **********
                   PARAMETER   16  beta_vw RESTORED TO VARIABLE.
                   PARAMETER   14  alpha_vw RESTORED TO VARIABLE.
                   PARAMETER   13  beta_y RESTORED TO VARIABLE.
                   PARAMETER   11  alpha_y RESTORED TO VARIABLE.
                   PARAMETER   10  beta_2CBO RESTORED TO VARIABLE.
                   PARAMETER    6  alpha_CBO RESTORED TO VARIABLE.
                   PARAMETER    4  phi RESTORED TO VARIABLE.
                   PARAMETER    3  A0 RESTORED TO VARIABLE.
                   PARAMETER    1  N0 RESTORED TO VARIABLE.
 **********
 **   43 **FIX           10
 **********
 **********
 **   44 **FIX           11
 **********
 **********
 **   45 **FIX           12
 **********
 PARAMETER   12  IS CONSTANT.   IGNORED.
 **********
 **   46 **FIX           13
 **********
 **********
 **   47 **FIX           14
 **********
 **********
 **   48 **FIX           15
 **********
 PARAMETER   15  IS CONSTANT.   IGNORED.
 **********
 **   49 **FIX           16
 **********
 **********
 **   50 **MIGRAD
 **********
 START MIGRAD MINIMIZATION.  STRATEGY  1.  CONVERGENCE WHEN EDM .LT. 1.00e-04
 FCN=60.699 FROM MIGRAD    STATUS=INITIATE       22 CALLS        3502 TOTAL
                     EDM= unknown      STRATEGY= 1      NO ERROR MATRIX       
  EXT PARAMETER               CURRENT GUESS       STEP         FIRST   
  NO.   NAME      VALUE            ERROR          SIZE      DERIVATIVE 
   1  N0           3.18926e+06   2.12341e+03   2.12341e+03   1.22814e-05
   2  tau          6.44064e+01   constant   
   3  A0           3.45494e-01   8.59341e-04   8.59341e-04   6.11628e+02
   4  phi          4.12179e+00   2.51024e-03   2.51024e-03  -1.61853e+02
   5  R           -6.06001e+01   constant   
   6  alpha_CBO    8.82258e-04   9.29637e-04   9.29637e-04  -2.15913e+02
   7  w_CBO        2.32500e+00   constant   
   8  beta_CBO     1.86237e-03   8.99779e-04   3.39369e-06   4.81098e-01
   9  alpha_2CBO   1.31130e-03   8.97150e-04   3.36643e-06  -1.65337e+00
  10  beta_2CBO    3.18238e-04     fixed    
  11  alpha_y      0.00000e+00     fixed    
  12  w_y          1.38860e+01   constant   
  13  beta_y       6.67608e-04     fixed    
  14  alpha_vw     0.00000e+00     fixed    
  15  w_vw         1.43404e+01   constant   
  16  beta_vw      0.00000e+00     fixed    
  17  LM           6.43054e-05   constant   
  18  zeta_y       0.00000e+00   constant   
  19  zeta_vw      0.00000e+00   constant   
  20  T_CBO        9.99879e+02   7.62955e+02   6.45906e-02  -1.42693e-04
  21  alpha_A0     5.43978e-03   4.95297e-03   1.88633e-05  -6.55418e-01
  22  beta_A0      2.73208e-03   4.87296e-03   1.83330e-05  -3.72252e-01
  23  alpha_phi   -6.98505e-03   4.60863e-03   1.74396e-05   3.80022e-01
  24  beta_phi    -6.05453e-04   5.06548e-03   1.89686e-05   1.07907e-01
 MIGRAD MINIMIZATION HAS CONVERGED.
 MIGRAD WILL VERIFY CONVERGENCE AND ERROR MATRIX.
 COVARIANCE MATRIX CALCULATED SUCCESSFULLY
 FCN=60.5849 FROM MIGRAD    STATUS=CONVERGED     220 CALLS        3700 TOTAL
                     EDM=8.53255e-07    STRATEGY= 1      ERROR MATRIX ACCURATE 
  EXT PARAMETER                                   STEP         FIRST   
  NO.   NAME      VALUE            ERROR          SIZE      DERIVATIVE 
   1  N0           3.18911e+06   2.12268e+03   7.19445e+00  -1.93726e-07
   2  tau          6.44064e+01   constant   
   3  A0           3.45289e-01   8.72667e-04   3.12420e-06  -2.21001e-01
   4  phi          4.12230e+00   2.51897e-03   9.26539e-06   5.15302e-02
   5  R           -6.06001e+01   constant   
   6  alpha_CBO    9.62907e-04   9.30399e-04   3.35406e-06   8.91486e-01
   7  w_CBO        2.32500e+00   constant   
   8  beta_CBO     1.92163e-03   9.17920e-04   3.39058e-06  -1.71453e-01
   9  alpha_2CBO   1.29867e-03   8.99989e-04   3.36331e-06  -9.33445e-02
  10  beta_2CBO    3.18238e-04     fixed    
  11  alpha_y      0.00000e+00     fixed    
  12  w_y          1.38860e+01   constant   
  13  beta_y       6.67608e-04     fixed    
  14  alpha_vw     0.00000e+00     fixed    
  15  w_vw         1.43404e+01   constant   
  16  beta_vw      0.00000e+00     fixed    
  17  LM           6.43054e-05   constant   
  18  zeta_y       0.00000e+00   constant   
  19  zeta_vw      0.00000e+00   constant   
  20  T_CBO        1.00000e+03   9.91000e+02   7.63295e-02** at limit **
  21  alpha_A0     5.32579e-03   5.16734e-03   1.88412e-05  -7.69132e-03
  22  beta_A0      2.63469e-03   4.93254e-03   1.83117e-05  -5.33870e-02
  23  alpha_phi   -7.04957e-03   4.84048e-03   1.74254e-05   1.40452e-01
  24  beta_phi    -7.32069e-04   5.28425e-03   1.89542e-05   6.26659e-02
 EXTERNAL ERROR MATRIX.    NDIM=  25    NPAR= 11    ERR DEF=1
  4.506e+06 
  1.952e-01  7.615e-07 
 -8.749e-01  1.544e-07  6.345e-06 
  1.106e-01  1.503e-07  4.170e-07  8.656e-07 
 -6.295e-02 -1.319e-07  2.144e-07  1.421e-08  8.426e-07 
 -6.884e-03  5.906e-08  1.878e-08  2.976e-08 -1.355e-09  8.100e-07 
 -1.280e-01 -1.529e-07  5.784e-07  5.805e-08 -3.128e-08 -5.756e-08  5.693e-02 
  1.853e+00 -2.241e-07 -1.170e-06 -7.786e-07  1.340e-07  4.109e-07  1.811e-04  2.670e-05 
  8.255e-01  4.665e-07  2.512e-07  2.474e-07 -7.099e-07 -2.348e-07  9.177e-05 -6.231e-07  2.433e-05 
  1.421e+00  4.246e-07 -1.008e-07  7.744e-07 -3.003e-09  5.366e-07 -2.436e-04 -5.684e-07 -5.084e-07  2.343e-05 
 -1.777e+00  9.456e-07  1.425e-06  3.401e-07  2.926e-07  6.699e-07 -2.641e-05 -2.011e-06  2.427e-06  2.827e-06  2.792e-05 
 PARAMETER  CORRELATION COEFFICIENTS  
       NO.  GLOBAL      1      3      4      6      8      9     20     21     22     23     24
        1  0.35466   1.000  0.105 -0.164  0.056 -0.032 -0.004 -0.000  0.169  0.079  0.138 -0.158
        3  0.35650   0.105  1.000  0.070  0.185 -0.165  0.075 -0.001 -0.050  0.108  0.101  0.205
        4  0.28027  -0.164  0.070  1.000  0.178  0.093  0.008  0.001 -0.090  0.020 -0.008  0.107
        6  0.33898   0.056  0.185  0.178  1.000  0.017  0.036  0.000 -0.162  0.054  0.172  0.069
        8  0.26601  -0.032 -0.165  0.093  0.017  1.000 -0.002 -0.000  0.028 -0.157 -0.001  0.060
        9  0.22104  -0.004  0.075  0.008  0.036 -0.002  1.000 -0.000  0.088 -0.053  0.123  0.141
       20  0.27246  -0.000 -0.001  0.001  0.000 -0.000 -0.000  1.000  0.147  0.078 -0.211 -0.021
       21  0.30746   0.169 -0.050 -0.090 -0.162  0.028  0.088  0.147  1.000 -0.024 -0.023 -0.074
       22  0.24767   0.079  0.108  0.020  0.054 -0.157 -0.053  0.078 -0.024  1.000 -0.021  0.093
       23  0.34258   0.138  0.101 -0.008  0.172 -0.001  0.123 -0.211 -0.023 -0.021  1.000  0.111
       24  0.35175  -0.158  0.205  0.107  0.069  0.060  0.141 -0.021 -0.074  0.093  0.111  1.000
MINUIT - FIT ONLY 1-y
 **********
 **   51 **RES 
 **********
                   PARAMETER   16  beta_vw RESTORED TO VARIABLE.
                   PARAMETER   14  alpha_vw RESTORED TO VARIABLE.
                   PARAMETER   13  beta_y RESTORED TO VARIABLE.
                   PARAMETER   11  alpha_y RESTORED TO VARIABLE.
                   PARAMETER   10  beta_2CBO RESTORED TO VARIABLE.
 **********
 **   52 **FIX            0
 **********
 PARAMETER    0  IS UNDEFINED. IGNORED.
 **********
 **   53 **FIX            1
 **********
 **********
 **   54 **FIX            2
 **********
 PARAMETER    2  IS CONSTANT.   IGNORED.
 **********
 **   55 **FIX            3
 **********
 **********
 **   56 **FIX            4
 **********
 **********
 **   57 **FIX            5
 **********
 PARAMETER    5  IS CONSTANT.   IGNORED.
 **********
 **   58 **FIX            6
 **********
 **********
 **   59 **FIX            7
 **********
 PARAMETER    7  IS CONSTANT.   IGNORED.
 **********
 **   60 **FIX            8
 **********
 **********
 **   61 **FIX            9
 **********
 **********
 **   62 **FIX           13
 **********
 **********
 **   63 **FIX           14
 **********
 **********
 **   64 **FIX           15
 **********
 PARAMETER   15  IS CONSTANT.   IGNORED.
 **********
 **   65 **FIX           16
 **********
 **********
 **   66 **MIGRAD
 **********
 START MIGRAD MINIMIZATION.  STRATEGY  1.  CONVERGENCE WHEN EDM .LT. 1.00e-04
 FCN=60.5849 FROM MIGRAD    STATUS=INITIATE       16 CALLS        3716 TOTAL
                     EDM= unknown      STRATEGY= 1      NO ERROR MATRIX       
  EXT PARAMETER               CURRENT GUESS       STEP         FIRST   
  NO.   NAME      VALUE            ERROR          SIZE      DERIVATIVE 
   1  N0           3.18911e+06     fixed    
   2  tau          6.44064e+01   constant   
   3  A0           3.45289e-01     fixed    
   4  phi          4.12230e+00     fixed    
   5  R           -6.06001e+01   constant   
   6  alpha_CBO    9.62907e-04     fixed    
   7  w_CBO        2.32500e+00   constant   
   8  beta_CBO     1.92163e-03     fixed    
   9  alpha_2CBO   1.29867e-03     fixed    
  10  beta_2CBO    3.18238e-04   9.07439e-04   9.07439e-04  -2.97439e+02
  11  alpha_y      0.00000e+00   1.00000e-03   1.00000e-03  -3.51029e+03
  12  w_y          1.38860e+01   constant   
  13  beta_y       6.67608e-04     fixed    
  14  alpha_vw     0.00000e+00     fixed    
  15  w_vw         1.43404e+01   constant   
  16  beta_vw      0.00000e+00     fixed    
  17  LM           6.43054e-05   constant   
  18  zeta_y       0.00000e+00   constant   
  19  zeta_vw      0.00000e+00   constant   
  20  T_CBO        9.99999e+02   9.91000e+02   7.63295e-02  -8.48540e-06
  21  alpha_A0     5.32579e-03   5.16734e-03   1.88412e-05  -7.83774e-03
  22  beta_A0      2.63469e-03   4.93254e-03   1.83117e-05  -5.34623e-02
  23  alpha_phi   -7.04957e-03   4.84048e-03   1.74254e-05   1.40676e-01
  24  beta_phi    -7.32069e-04   5.28425e-03   1.89542e-05   6.26688e-02
 MIGRAD MINIMIZATION HAS CONVERGED.
 MIGRAD WILL VERIFY CONVERGENCE AND ERROR MATRIX.
 COVARIANCE MATRIX CALCULATED SUCCESSFULLY
 FCN=58.1548 FROM MIGRAD    STATUS=CONVERGED     114 CALLS        3814 TOTAL
                     EDM=4.11539e-06    STRATEGY= 1      ERROR MATRIX ACCURATE 
  EXT PARAMETER                                   STEP         FIRST   
  NO.   NAME      VALUE            ERROR          SIZE      DERIVATIVE 
   1  N0           3.18911e+06     fixed    
   2  tau          6.44064e+01   constant   
   3  A0           3.45289e-01     fixed    
   4  phi          4.12230e+00     fixed    
   5  R           -6.06001e+01   constant   
   6  alpha_CBO    9.62907e-04     fixed    
   7  w_CBO        2.32500e+00   constant   
   8  beta_CBO     1.92163e-03     fixed    
   9  alpha_2CBO   1.29867e-03     fixed    
  10  beta_2CBO    4.49384e-04   9.04850e-04   3.31376e-06   2.91545e-01
  11  alpha_y      1.37352e-03   8.84348e-04   3.32007e-06   1.35523e-01
  12  w_y          1.38860e+01   constant   
  13  beta_y       6.67608e-04     fixed    
  14  alpha_vw     0.00000e+00     fixed    
  15  w_vw         1.43404e+01   constant   
  16  beta_vw      0.00000e+00     fixed    
  17  LM           6.43054e-05   constant   
  18  zeta_y       0.00000e+00   constant   
  19  zeta_vw      0.00000e+00   constant   
  20  T_CBO        1.00000e+03   9.82252e+02   9.05689e-02** at limit **
  21  alpha_A0     5.36592e-03   5.01404e-03   1.84672e-05  -1.83024e-01
  22  beta_A0      2.77738e-03   4.88945e-03   1.79469e-05  -1.07685e-01
  23  alpha_phi   -7.29950e-03   4.77370e-03   1.70794e-05  -1.29372e-01
  24  beta_phi    -7.20743e-04   5.03662e-03   1.85772e-05  -5.05357e-01
 EXTERNAL ERROR MATRIX.    NDIM=  25    NPAR=  7    ERR DEF=1
  8.188e-07  5.383e-09 -6.193e-08  2.730e-07  6.517e-07 -5.006e-07  4.782e-07 
  5.383e-09  7.821e-07 -2.781e-08  1.468e-09  2.709e-08 -9.752e-08 -3.053e-08 
 -6.193e-08 -2.781e-08  1.391e-01  3.368e-04  1.783e-04 -4.652e-04 -4.815e-05 
  2.730e-07  1.468e-09  3.368e-04  2.514e-05 -1.428e-08 -1.214e-06 -9.325e-07 
  6.517e-07  2.709e-08  1.783e-04 -1.428e-08  2.391e-05 -1.483e-06  2.981e-06 
 -5.006e-07 -9.752e-08 -4.652e-04 -1.214e-06 -1.483e-06  2.279e-05  2.150e-06 
  4.782e-07 -3.053e-08 -4.815e-05 -9.325e-07  2.981e-06  2.150e-06  2.537e-05 
 PARAMETER  CORRELATION COEFFICIENTS  
       NO.  GLOBAL     10     11     20     21     22     23     24
       10  0.22147   1.000  0.007 -0.000  0.060  0.147 -0.116  0.105
       11  0.02544   0.007  1.000 -0.000  0.000  0.006 -0.023 -0.007
       20  0.32509  -0.000 -0.000  1.000  0.180  0.098 -0.261 -0.026
       21  0.19539   0.060  0.000  0.180  1.000 -0.001 -0.051 -0.037
       22  0.21147   0.147  0.006  0.098 -0.001  1.000 -0.064  0.121
       23  0.30393  -0.116 -0.023 -0.261 -0.051 -0.064  1.000  0.089
       24  0.18813   0.105 -0.007 -0.026 -0.037  0.121  0.089  1.000
MINUIT - FIT ONLY 2-y
 **********
 **   67 **RES 
 **********
                   PARAMETER   16  beta_vw RESTORED TO VARIABLE.
                   PARAMETER   14  alpha_vw RESTORED TO VARIABLE.
                   PARAMETER   13  beta_y RESTORED TO VARIABLE.
                   PARAMETER    9  alpha_2CBO RESTORED TO VARIABLE.
                   PARAMETER    8  beta_CBO RESTORED TO VARIABLE.
                   PARAMETER    6  alpha_CBO RESTORED TO VARIABLE.
                   PARAMETER    4  phi RESTORED TO VARIABLE.
                   PARAMETER    3  A0 RESTORED TO VARIABLE.
                   PARAMETER    1  N0 RESTORED TO VARIABLE.
 **********
 **   68 **FIX            0
 **********
 PARAMETER    0  IS UNDEFINED. IGNORED.
 **********
 **   69 **FIX            1
 **********
 **********
 **   70 **FIX            2
 **********
 PARAMETER    2  IS CONSTANT.   IGNORED.
 **********
 **   71 **FIX            3
 **********
 **********
 **   72 **FIX            4
 **********
 **********
 **   73 **FIX            5
 **********
 PARAMETER    5  IS CONSTANT.   IGNORED.
 **********
 **   74 **FIX            6
 **********
 **********
 **   75 **FIX            7
 **********
 PARAMETER    7  IS CONSTANT.   IGNORED.
 **********
 **   76 **FIX            8
 **********
 **********
 **   77 **FIX            9
 **********
 **********
 **   78 **FIX           10
 **********
 **********
 **   79 **FIX           11
 **********
 **********
 **   80 **FIX           12
 **********
 PARAMETER   12  IS CONSTANT.   IGNORED.
 **********
 **   81 **FIX           16
 **********
 **********
 **   82 **MIGRAD
 **********
 START MIGRAD MINIMIZATION.  STRATEGY  1.  CONVERGENCE WHEN EDM .LT. 1.00e-04
 FCN=58.1548 FROM MIGRAD    STATUS=INITIATE       16 CALLS        3830 TOTAL
                     EDM= unknown      STRATEGY= 1      NO ERROR MATRIX       
  EXT PARAMETER               CURRENT GUESS       STEP         FIRST   
  NO.   NAME      VALUE            ERROR          SIZE      DERIVATIVE 
   1  N0           3.18911e+06     fixed    
   2  tau          6.44064e+01   constant   
   3  A0           3.45289e-01     fixed    
   4  phi          4.12230e+00     fixed    
   5  R           -6.06001e+01   constant   
   6  alpha_CBO    9.62907e-04     fixed    
   7  w_CBO        2.32500e+00   constant   
   8  beta_CBO     1.92163e-03     fixed    
   9  alpha_2CBO   1.29867e-03     fixed    
  10  beta_2CBO    4.49384e-04     fixed    
  11  alpha_y      1.37352e-03     fixed    
  12  w_y          1.38860e+01   constant   
  13  beta_y       6.67608e-04   8.77076e-04   8.77076e-04   5.59627e+01
