 + ++++++++++++++++++++++++++++++++++++++++++++++++++++++++++++++++++++ +
 +                                                                      +
 +           You have chose to blind your fitting according to          +
 +                omega_ref * (1 + (R +/- deltaR) *10^{-6})             +
 +                                                                      +
 + ++++++++++++++++++++++++++++++++++++++++++++++++++++++++++++++++++++ +
In main()...
reading format from /gm2data/zkhechad/run45/envelope/formats/formatB_sBin_constraintOn.txt
pBinTau 	= 0  
pBinPhi 	= 0  
constraintau 	= 1 
includeMopTerm 	= 0    
constrainMop    = 0   
Parameters after format file: pBinTau 0 pBinPhi 0 constraintau 1 includeMopTerm 0 constrainMop 0 c_e_scale 0.000000 
Opening file /gm2data/tbarrett/gm2fr/studies/run23_bunch_corrections/CorrectedFourier_Run3b.root.
reading full fit data from /gm2data/zkhechad/cboTemplates/Run4CBOTemplates/templateFits0_v2.0/noRF/sBin_constraintOn_cE0.0_seed0_noRF_calo8.root
windowBins = 17
fitting sliding window 36 from bin 172 at 25.513200 to bin 189 at 28.198800 (17 bins)

Reading data from /gm2data/cornell/histograms/aMethod/histogram_a_noRF.root
 **********
 **    1 **SET PRINTOUT            1
 **********
 **********
 **    2 **SET NOWARNINGS 
 **********
 PARAMETER DEFINITIONS:
    NO.   NAME         VALUE      STEP SIZE      LIMITS
     1 N0           2.93665e+06  1.00000e+02     no limits
     2 tau          6.43896e+01  constant
     3 A0           3.52922e-01  1.00000e-04     no limits
     4 phi          4.11506e+00  1.00000e-02     no limits
     5 R           -6.12649e+01  constant
     6 alpha_CBO    0.00000e+00  1.00000e-03     no limits
     7 w_CBO        2.32500e+00  constant
     8 beta_CBO     0.00000e+00  1.00000e-03     no limits
     9 alpha_2CBO   0.00000e+00  1.00000e-03     no limits
    10 beta_2CBO    0.00000e+00  1.00000e-03     no limits
    11 alpha_y      0.00000e+00  1.00000e-03     no limits
    12 w_y          1.44500e+01  constant
    13 beta_y       0.00000e+00  1.00000e-03     no limits
    14 alpha_vw     0.00000e+00  1.00000e-03     no limits
    15 w_vw         1.29000e+01  constant
    16 beta_vw      0.00000e+00  1.00000e-03     no limits
    17 LM          -3.89610e-04  constant
    18 zeta_y       0.00000e+00  constant
    19 zeta_vw      0.00000e+00  constant
    20 T_CBO        1.00000e+02  1.00000e+00    0.00000e+00  1.00000e+03
    21 alpha_A0     0.00000e+00  1.00000e-03     no limits
    22 beta_A0      0.00000e+00  1.00000e-03     no limits
    23 alpha_phi    0.00000e+00  1.00000e-03     no limits
    24 beta_phi     0.00000e+00  1.00000e-03     no limits
MINUIT - FIT ONLY WIGGLE
 **********
 **    3 **FIX            5
 **********
 PARAMETER    5  IS CONSTANT.   IGNORED.
 **********
 **    4 **FIX            6
 **********
 **********
 **    5 **FIX            7
 **********
 PARAMETER    7  IS CONSTANT.   IGNORED.
 **********
 **    6 **FIX            8
 **********
 **********
 **    7 **FIX            9
 **********
 **********
 **    8 **FIX           10
 **********
 **********
 **    9 **FIX           11
 **********
 **********
 **   10 **FIX           12
 **********
 PARAMETER   12  IS CONSTANT.   IGNORED.
 **********
 **   11 **FIX           13
 **********
 **********
 **   12 **FIX           14
 **********
 **********
 **   13 **FIX           15
 **********
 PARAMETER   15  IS CONSTANT.   IGNORED.
 **********
 **   14 **FIX           16
 **********
 **********
 **   15 **MIGRAD
 **********
 FIRST CALL TO USER FUNCTION AT NEW START POINT, WITH IFLAG=4.
 START MIGRAD MINIMIZATION.  STRATEGY  1.  CONVERGENCE WHEN EDM .LT. 1.00e-04
 FCN=6325.29 FROM MIGRAD    STATUS=INITIATE      435 CALLS         436 TOTAL
                     EDM= unknown      STRATEGY= 1      NO ERROR MATRIX       
  EXT PARAMETER               CURRENT GUESS       STEP         FIRST   
  NO.   NAME      VALUE            ERROR          SIZE      DERIVATIVE 
   1  N0           2.93665e+06   1.00000e+02   0.00000e+00   9.93225e-02
   2  tau          6.43896e+01   constant   
   3  A0           3.52922e-01   1.00000e-04   0.00000e+00   4.81185e+05
   4  phi          4.11506e+00   1.00000e-02   0.00000e+00  -7.21469e+04
   5  R           -6.12649e+01   constant   
   6  alpha_CBO    0.00000e+00     fixed    
   7  w_CBO        2.32500e+00   constant   
   8  beta_CBO     0.00000e+00     fixed    
   9  alpha_2CBO   0.00000e+00     fixed    
  10  beta_2CBO    0.00000e+00     fixed    
  11  alpha_y      0.00000e+00     fixed    
  12  w_y          1.44500e+01   constant   
  13  beta_y       0.00000e+00     fixed    
  14  alpha_vw     0.00000e+00     fixed    
  15  w_vw         1.29000e+01   constant   
  16  beta_vw      0.00000e+00     fixed    
  17  LM          -3.89610e-04   constant   
  18  zeta_y       0.00000e+00   constant   
  19  zeta_vw      0.00000e+00   constant   
  20  T_CBO        1.00000e+02   1.00000e+00   0.00000e+00   0.00000e+00
  21  alpha_A0     0.00000e+00   1.00000e-03   0.00000e+00  -4.81061e+04
  22  beta_A0      0.00000e+00   1.00000e-03   0.00000e+00  -4.88216e+04
  23  alpha_phi    0.00000e+00   1.00000e-03   0.00000e+00   7.46248e+04
  24  beta_phi     0.00000e+00   1.00000e-03   0.00000e+00  -8.94465e+04
 MIGRAD MINIMIZATION HAS CONVERGED.
 FCN=1372.12 FROM MIGRAD    STATUS=CONVERGED     853 CALLS         854 TOTAL
                     EDM=8.27804e-06    STRATEGY= 1  ERROR MATRIX UNCERTAINTY   4.9 per cent
  EXT PARAMETER                                   STEP         FIRST   
  NO.   NAME      VALUE            ERROR          SIZE      DERIVATIVE 
   1  N0           2.90530e+06   4.94847e+02   2.03658e+00   1.26215e-05
   2  tau          6.43896e+01   constant   
   3  A0           3.39977e-01   1.92682e-04   2.81400e-07  -1.17407e+01
   4  phi          4.12414e+00   3.77646e-04  -9.05704e-07  -8.55043e-01
   5  R           -6.12649e+01   constant   
   6  alpha_CBO    0.00000e+00     fixed    
   7  w_CBO        2.32500e+00   constant   
   8  beta_CBO     0.00000e+00     fixed    
   9  alpha_2CBO   0.00000e+00     fixed    
  10  beta_2CBO    0.00000e+00     fixed    
  11  alpha_y      0.00000e+00     fixed    
  12  w_y          1.44500e+01   constant   
  13  beta_y       0.00000e+00     fixed    
  14  alpha_vw     0.00000e+00     fixed    
  15  w_vw         1.29000e+01   constant   
  16  beta_vw      0.00000e+00     fixed    
  17  LM          -3.89610e-04   constant   
  18  zeta_y       0.00000e+00   constant   
  19  zeta_vw      0.00000e+00   constant   
  20  T_CBO        1.52864e+00   5.00213e+01  -7.87118e-03   1.26762e-02
  21  alpha_A0     1.66976e-02   1.11969e-02   1.95057e-04  -2.94899e-04
  22  beta_A0      1.54575e-02   8.49795e-03   1.48090e-04   7.04047e-04
  23  alpha_phi   -1.05225e-02   1.00094e-03   1.45512e-05  -6.29466e-04
  24  beta_phi     1.92635e-02   2.36548e-03   3.91475e-05  -2.05747e-04
 EXTERNAL ERROR MATRIX.    NDIM=  25    NPAR=  8    ERR DEF=1
  2.449e+05  7.296e-02 -2.928e-02 -1.054e+02  1.077e-01  8.428e-02  2.744e-02 -3.308e-02 
  7.296e-02  3.713e-08 -9.871e-09 -8.457e-06  1.752e-08  7.832e-09 -8.759e-09  5.725e-10 
 -2.928e-02 -9.871e-09  1.426e-07  7.295e-05 -6.526e-08 -4.442e-08  9.702e-09 -2.955e-08 
 -1.054e+02 -8.457e-06  7.295e-05  3.116e+02 -1.973e-01 -1.496e-01 -1.431e-02 -4.019e-02 
  1.077e-01  1.752e-08 -6.526e-08 -1.973e-01  1.254e-04  9.470e-05  9.055e-06  2.542e-05 
  8.428e-02  7.832e-09 -4.442e-08 -1.496e-01  9.470e-05  7.222e-05  6.848e-06  1.931e-05 
  2.744e-02 -8.759e-09  9.702e-09 -1.431e-02  9.055e-06  6.848e-06  1.002e-06  1.902e-06 
 -3.308e-02  5.725e-10 -2.955e-08 -4.019e-02  2.542e-05  1.931e-05  1.902e-06  5.596e-06 
 PARAMETER  CORRELATION COEFFICIENTS  
       NO.  GLOBAL      1      3      4     20     21     22     23     24
        1  0.80678   1.000  0.765 -0.157 -0.012  0.019  0.020  0.055 -0.028
        3  0.79297   0.765  1.000 -0.136 -0.002  0.008  0.005 -0.045  0.001
        4  0.21885  -0.157 -0.136  1.000  0.011 -0.015 -0.014  0.026 -0.033
       20  0.99905  -0.012 -0.002  0.011  1.000 -0.998 -0.998 -0.810 -0.963
       21  0.99805   0.019  0.008 -0.015 -0.998  1.000  0.995  0.808  0.960
       22  0.99766   0.020  0.005 -0.014 -0.998  0.995  1.000  0.805  0.961
       23  0.83379   0.055 -0.045  0.026 -0.810  0.808  0.805  1.000  0.803
       24  0.96677  -0.028  0.001 -0.033 -0.963  0.960  0.961  0.803  1.000
MINUIT - FIT ONLY 1-CBO + wiggle
 **********
 **   16 **RES 
 **********
                   PARAMETER   16  beta_vw RESTORED TO VARIABLE.
                   PARAMETER   14  alpha_vw RESTORED TO VARIABLE.
                   PARAMETER   13  beta_y RESTORED TO VARIABLE.
                   PARAMETER   11  alpha_y RESTORED TO VARIABLE.
                   PARAMETER   10  beta_2CBO RESTORED TO VARIABLE.
                   PARAMETER    9  alpha_2CBO RESTORED TO VARIABLE.
                   PARAMETER    8  beta_CBO RESTORED TO VARIABLE.
                   PARAMETER    6  alpha_CBO RESTORED TO VARIABLE.
 **********
 **   17 **FIX            8
 **********
 **********
 **   18 **FIX            9
 **********
 **********
 **   19 **FIX           11
 **********
 **********
 **   20 **FIX           12
 **********
 PARAMETER   12  IS CONSTANT.   IGNORED.
 **********
 **   21 **FIX           14
 **********
 **********
 **   22 **FIX           15
 **********
 PARAMETER   15  IS CONSTANT.   IGNORED.
 **********
 **   23 **FIX           16
 **********
 **********
 **   24 **MIGRAD
 **********
 START MIGRAD MINIMIZATION.  STRATEGY  1.  CONVERGENCE WHEN EDM .LT. 1.00e-04
 FCN=1372.12 FROM MIGRAD    STATUS=INITIATE       32 CALLS         886 TOTAL
                     EDM= unknown      STRATEGY= 1      NO ERROR MATRIX       
  EXT PARAMETER               CURRENT GUESS       STEP         FIRST   
  NO.   NAME      VALUE            ERROR          SIZE      DERIVATIVE 
   1  N0           2.90530e+06   4.94847e+02   2.03658e+00   1.26215e-05
   2  tau          6.43896e+01   constant   
   3  A0           3.39977e-01   1.92682e-04   2.81400e-07  -1.17407e+01
   4  phi          4.12414e+00   3.77646e-04  -9.05704e-07  -8.55039e-01
   5  R           -6.12649e+01   constant   
   6  alpha_CBO    0.00000e+00   1.00000e-03   1.00000e-03   9.56118e+03
   7  w_CBO        2.32500e+00   constant   
   8  beta_CBO     0.00000e+00     fixed    
   9  alpha_2CBO   0.00000e+00     fixed    
  10  beta_2CBO    0.00000e+00   1.00000e-03   1.00000e-03  -6.14564e+04
  11  alpha_y      0.00000e+00     fixed    
  12  w_y          1.44500e+01   constant   
  13  beta_y       0.00000e+00   1.00000e-03   1.00000e-03   3.84209e+05
  14  alpha_vw     0.00000e+00     fixed    
  15  w_vw         1.29000e+01   constant   
  16  beta_vw      0.00000e+00     fixed    
  17  LM          -3.89610e-04   constant   
  18  zeta_y       0.00000e+00   constant   
  19  zeta_vw      0.00000e+00   constant   
  20  T_CBO        1.52864e+00   5.00213e+01  -7.87118e-03   4.54934e-02
  21  alpha_A0     1.66976e-02   1.11969e-02   1.95057e-04  -2.94899e-04
  22  beta_A0      1.54575e-02   8.49795e-03   1.48090e-04   7.04047e-04
  23  alpha_phi   -1.05225e-02   1.00094e-03   1.45512e-05  -6.29466e-04
  24  beta_phi     1.92635e-02   2.36548e-03   3.91475e-05  -2.05747e-04
 MIGRAD MINIMIZATION HAS CONVERGED.
 FCN=283.258 FROM MIGRAD    STATUS=CONVERGED     395 CALLS        1249 TOTAL
                     EDM=5.39607e-06    STRATEGY= 1  ERROR MATRIX UNCERTAINTY   1.1 per cent
  EXT PARAMETER                                   STEP         FIRST   
  NO.   NAME      VALUE            ERROR          SIZE      DERIVATIVE 
   1  N0           2.87562e+06   5.40908e+02  -1.25408e+00  -1.81029e-07
   2  tau          6.43896e+01   constant   
   3  A0           3.24199e-01   2.42023e-04  -6.37944e-07  -1.45785e+01
   4  phi          4.11037e+00   4.22038e-04  -5.23550e-07   8.47159e-01
   5  R           -6.12649e+01   constant   
   6  alpha_CBO   -1.48211e-02   1.68842e-04  -5.23517e-07   1.57348e+01
   7  w_CBO        2.32500e+00   constant   
   8  beta_CBO     0.00000e+00     fixed    
   9  alpha_2CBO   0.00000e+00     fixed    
  10  beta_2CBO    7.54555e-04   1.62291e-04   3.99999e-08  -2.18193e+01
  11  alpha_y      0.00000e+00     fixed    
  12  w_y          1.44500e+01   constant   
  13  beta_y      -5.14253e-03   1.57497e-04  -1.11313e-08  -2.38174e+00
  14  alpha_vw     0.00000e+00     fixed    
  15  w_vw         1.29000e+01   constant   
  16  beta_vw      0.00000e+00     fixed    
  17  LM          -3.89610e-04   constant   
  18  zeta_y       0.00000e+00   constant   
  19  zeta_vw      0.00000e+00   constant   
  20  T_CBO        7.15642e-01   3.94410e-02  -4.56655e-06   1.77806e-05
  21  alpha_A0    -1.89001e+04   1.45793e+04  -2.00271e+00   7.31892e-13
  22  beta_A0     -9.26604e+04   1.89280e+04   1.16672e+00  -8.17716e-13
  23  alpha_phi    1.06050e+05   2.14311e+04  -1.32979e+00  -7.74804e-14
  24  beta_phi     4.29323e+04   2.09544e+04   2.45301e-02  -2.44361e-13
 EXTERNAL ERROR MATRIX.    NDIM=  25    NPAR= 11    ERR DEF=1
  2.926e+05 
  1.055e-01  5.858e-08 
 -8.931e-03  4.638e-09  1.781e-07 
  4.506e-02  2.580e-08  2.015e-08  2.851e-08 
 -1.522e-03  1.201e-09 -4.875e-09  1.730e-09  2.634e-08 
 -3.005e-03 -4.870e-10  6.336e-09  6.645e-10  6.897e-10  2.481e-08 
  1.438e+01  7.642e-06  6.254e-06  6.904e-06 -1.035e-07  2.062e-07  1.556e-03 
  7.484e+05  3.825e-01  2.184e-01  2.512e-01  4.468e-03  6.687e-03  2.202e+01  2.126e+08 
 -7.298e+05 -3.651e-01 -1.007e-01 -3.016e-01  2.376e-02  5.226e-03 -1.300e+01 -1.594e+06  3.583e+08 
  7.593e+05  3.752e-01  7.555e-02  3.174e-01 -2.953e-02 -7.942e-03  1.529e+01  1.767e+06 -1.916e+06  4.593e+08 
  2.901e+05  1.507e-01  7.001e-02  1.528e-01 -1.253e-02 -4.117e-04 -6.654e-01  5.633e+05 -4.980e+05  5.708e+05  4.391e+08 
 PARAMETER  CORRELATION COEFFICIENTS  
       NO.  GLOBAL      1      3      4      6     10     13     20     21     22     23     24
        1  0.80071   1.000  0.806 -0.039  0.493 -0.017 -0.035  0.674  0.095 -0.071  0.065  0.026
        3  0.84204   0.806  1.000  0.045  0.631  0.031 -0.013  0.801  0.108 -0.080  0.072  0.030
        4  0.22413  -0.039  0.045  1.000  0.283 -0.071  0.095  0.376  0.036 -0.013  0.008  0.008
        6  1.17140   0.493  0.631  0.283  1.000  0.063  0.025  1.037  0.102 -0.094  0.088  0.043
       10  0.00000  -0.017  0.031 -0.071  0.063  1.000  0.027 -0.016  0.002  0.008 -0.008 -0.004
       13  0.10493  -0.035 -0.013  0.095  0.025  0.027  1.000  0.033  0.003  0.002 -0.002 -0.000
       20  1.07670   0.674  0.801  0.376  1.037 -0.016  0.033  1.000  0.038 -0.017  0.018 -0.001
       21  0.00000   0.095  0.108  0.036  0.102  0.002  0.003  0.038  1.000 -0.006  0.006  0.002
       22  0.00000  -0.071 -0.080 -0.013 -0.094  0.008  0.002 -0.017 -0.006  1.000 -0.005 -0.001
       23  0.00000   0.065  0.072  0.008  0.088 -0.008 -0.002  0.018  0.006 -0.005  1.000  0.001
       24  0.00000   0.026  0.030  0.008  0.043 -0.004 -0.000 -0.001  0.002 -0.001  0.001  1.000
MINUIT - FIT ONLY 2-CBO
 **********
 **   25 **RES 
 **********
                   PARAMETER   16  beta_vw RESTORED TO VARIABLE.
                   PARAMETER   14  alpha_vw RESTORED TO VARIABLE.
                   PARAMETER   11  alpha_y RESTORED TO VARIABLE.
                   PARAMETER    9  alpha_2CBO RESTORED TO VARIABLE.
                   PARAMETER    8  beta_CBO RESTORED TO VARIABLE.
 **********
 **   26 **FIX            0
 **********
 PARAMETER    0  IS UNDEFINED. IGNORED.
 **********
 **   27 **FIX            1
 **********
 **********
 **   28 **FIX            2
 **********
 PARAMETER    2  IS CONSTANT.   IGNORED.
 **********
 **   29 **FIX            3
 **********
 **********
 **   30 **FIX            4
 **********
 **********
 **   31 **FIX            5
 **********
 PARAMETER    5  IS CONSTANT.   IGNORED.
 **********
 **   32 **FIX            6
 **********
 **********
 **   33 **FIX            7
 **********
 PARAMETER    7  IS CONSTANT.   IGNORED.
 **********
 **   34 **FIX           10
 **********
 **********
 **   35 **FIX           11
 **********
 **********
 **   36 **FIX           12
 **********
 PARAMETER   12  IS CONSTANT.   IGNORED.
 **********
 **   37 **FIX           13
 **********
 **********
 **   38 **FIX           14
 **********
 **********
 **   39 **FIX           15
 **********
 PARAMETER   15  IS CONSTANT.   IGNORED.
 **********
 **   40 **FIX           16
 **********
 **********
 **   41 **MIGRAD
 **********
 START MIGRAD MINIMIZATION.  STRATEGY  1.  CONVERGENCE WHEN EDM .LT. 1.00e-04
 FCN=283.051 FROM MIGRAD    STATUS=INITIATE       50 CALLS        1299 TOTAL
                     EDM= unknown      STRATEGY= 1      NO ERROR MATRIX       
  EXT PARAMETER               CURRENT GUESS       STEP         FIRST   
  NO.   NAME      VALUE            ERROR          SIZE      DERIVATIVE 
   1  N0           2.87562e+06     fixed    
   2  tau          6.43896e+01   constant   
   3  A0           3.24199e-01     fixed    
   4  phi          4.11037e+00     fixed    
   5  R           -6.12649e+01   constant   
   6  alpha_CBO   -1.48211e-02     fixed    
   7  w_CBO        2.32500e+00   constant   
   8  beta_CBO     0.00000e+00   1.00000e-03   0.00000e+00  -3.25773e+03
   9  alpha_2CBO   0.00000e+00   1.00000e-03   0.00000e+00   1.72249e+04
  10  beta_2CBO    7.54555e-04     fixed    
  11  alpha_y      0.00000e+00     fixed    
  12  w_y          1.44500e+01   constant   
  13  beta_y      -5.14253e-03     fixed    
  14  alpha_vw     0.00000e+00     fixed    
  15  w_vw         1.29000e+01   constant   
  16  beta_vw      0.00000e+00     fixed    
  17  LM          -3.89610e-04   constant   
  18  zeta_y       0.00000e+00   constant   
  19  zeta_vw      0.00000e+00   constant   
  20  T_CBO        1.31664e+00   3.94410e-02   1.90777e-02   2.91888e+00
  21  alpha_A0    -1.89001e+04   1.45793e+04   0.00000e+00  -4.23049e-06
  22  beta_A0     -9.26604e+04   1.89280e+04   0.00000e+00  -5.47096e-07
  23  alpha_phi    1.06050e+05   2.14311e+04   0.00000e+00  -4.09709e-07
  24  beta_phi     4.29323e+04   2.09544e+04   0.00000e+00  -1.29241e-06
 CALL LIMIT EXCEEDED IN MIGRAD.
 MIGRAD TERMINATED WITHOUT CONVERGENCE.
 FCN=275.899 FROM MIGRAD    STATUS=CALL LIMIT   1150 CALLS        2399 TOTAL
                     EDM=0.0100847    STRATEGY= 1  ERROR MATRIX UNCERTAINTY  20.9 per cent
  EXT PARAMETER                APPROXIMATE        STEP         FIRST   
  NO.   NAME      VALUE            ERROR          SIZE      DERIVATIVE 
   1  N0           2.87562e+06     fixed    
   2  tau          6.43896e+01   constant   
   3  A0           3.24199e-01     fixed    
   4  phi          4.11037e+00     fixed    
   5  R           -6.12649e+01   constant   
   6  alpha_CBO   -1.48211e-02     fixed    
   7  w_CBO        2.32500e+00   constant   
   8  beta_CBO    -1.03121e-03   5.40202e-04  -1.01939e-05  -3.72078e+02
   9  alpha_2CBO  -1.40735e-03   5.96432e-04  -6.93519e-06  -9.37569e+02
  10  beta_2CBO    7.54555e-04     fixed    
  11  alpha_y      0.00000e+00     fixed    
  12  w_y          1.44500e+01   constant   
  13  beta_y      -5.14253e-03     fixed    
  14  alpha_vw     0.00000e+00     fixed    
  15  w_vw         1.29000e+01   constant   
  16  beta_vw      0.00000e+00     fixed    
  17  LM          -3.89610e-04   constant   
  18  zeta_y       0.00000e+00   constant   
  19  zeta_vw      0.00000e+00   constant   
  20  T_CBO        1.11489e+00   5.22636e-02  -8.57156e-05  -1.09159e+03
  21  alpha_A0    -3.48067e+07   3.14526e+07  -1.97099e+06   2.07263e-08
  22  beta_A0      2.74428e+07   2.08776e+07   1.30842e+06  -7.28842e-09
  23  alpha_phi   -6.52310e+07   6.59764e+07  -4.13414e+06   7.54517e-10
  24  beta_phi    -9.82698e+07   1.03464e+08  -6.48483e+06   7.99351e-09
 EXTERNAL ERROR MATRIX.    NDIM=  25    NPAR=  7    ERR DEF=1
  2.918e-07  2.985e-07 -7.416e-06  2.889e+03 -1.892e+03  6.148e+03  9.790e+03 
  2.985e-07  3.557e-07 -1.026e-05  2.145e+03 -1.455e+03  4.443e+03  7.009e+03 
 -7.416e-06 -1.026e-05  2.731e-03  1.476e+06 -9.786e+05  3.096e+06  4.852e+06 
  2.889e+03  2.145e+03  1.476e+06  9.893e+14 -6.559e+14  2.074e+15  3.253e+15 
 -1.892e+03 -1.455e+03 -9.786e+05 -6.559e+14  4.359e+14 -1.375e+15 -2.155e+15 
  6.148e+03  4.443e+03  3.096e+06  2.074e+15 -1.375e+15  4.353e+15  6.825e+15 
  9.790e+03  7.009e+03  4.852e+06  3.253e+15 -2.155e+15  6.825e+15  1.070e+16 
ERR MATRIX APPROXIMATE
 PARAMETER  CORRELATION COEFFICIENTS  
       NO.  GLOBAL      8      9     20     21     22     23     24
        8  0.97457   1.000  0.926 -0.263  0.170 -0.168  0.172  0.175
        9  0.99150   0.926  1.000 -0.329  0.114 -0.117  0.113  0.114
       20  0.99900  -0.263 -0.329  1.000  0.898 -0.897  0.898  0.897
       21  0.99987   0.170  0.114  0.898  1.000 -0.999  1.000  1.000
       22  0.99920  -0.168 -0.117 -0.897 -0.999  1.000 -0.998 -0.998
       23  0.99991   0.172  0.113  0.898  1.000 -0.998  1.000  1.000
       24  0.99992   0.175  0.114  0.897  1.000 -0.998  1.000  1.000
 ERR MATRIX APPROXIMATE
MINUIT - FIT wiggle + 1-CBO + 2-CBO
 **********
 **   42 **RES 
 **********
                   PARAMETER   16  beta_vw RESTORED TO VARIABLE.
                   PARAMETER   14  alpha_vw RESTORED TO VARIABLE.
                   PARAMETER   13  beta_y RESTORED TO VARIABLE.
                   PARAMETER   11  alpha_y RESTORED TO VARIABLE.
                   PARAMETER   10  beta_2CBO RESTORED TO VARIABLE.
                   PARAMETER    6  alpha_CBO RESTORED TO VARIABLE.
                   PARAMETER    4  phi RESTORED TO VARIABLE.
                   PARAMETER    3  A0 RESTORED TO VARIABLE.
                   PARAMETER    1  N0 RESTORED TO VARIABLE.
 **********
 **   43 **FIX           10
 **********
 **********
 **   44 **FIX           11
 **********
 **********
 **   45 **FIX           12
 **********
 PARAMETER   12  IS CONSTANT.   IGNORED.
 **********
 **   46 **FIX           13
 **********
 **********
 **   47 **FIX           14
 **********
 **********
 **   48 **FIX           15
 **********
 PARAMETER   15  IS CONSTANT.   IGNORED.
 **********
 **   49 **FIX           16
 **********
 **********
 **   50 **MIGRAD
 **********
 START MIGRAD MINIMIZATION.  STRATEGY  1.  CONVERGENCE WHEN EDM .LT. 1.00e-04
 FCN=275.899 FROM MIGRAD    STATUS=INITIATE       22 CALLS        2421 TOTAL
                     EDM= unknown      STRATEGY= 1      NO ERROR MATRIX       
  EXT PARAMETER               CURRENT GUESS       STEP         FIRST   
  NO.   NAME      VALUE            ERROR          SIZE      DERIVATIVE 
   1  N0           2.87562e+06   5.40908e+02   5.40908e+02  -2.18452e-04
   2  tau          6.43896e+01   constant   
   3  A0           3.24199e-01   2.42023e-04   2.42023e-04  -1.88363e+03
   4  phi          4.11037e+00   4.22038e-04   4.22038e-04  -5.56706e+01
   5  R           -6.12649e+01   constant   
   6  alpha_CBO   -1.48211e-02   1.68842e-04   1.68842e-04   2.89124e+03
   7  w_CBO        2.32500e+00   constant   
   8  beta_CBO    -1.03121e-03   5.40202e-04  -1.01939e-05  -3.72078e+02
   9  alpha_2CBO  -1.40735e-03   5.96432e-04  -6.93519e-06  -9.37569e+02
  10  beta_2CBO    7.54555e-04     fixed    
  11  alpha_y      0.00000e+00     fixed    
  12  w_y          1.44500e+01   constant   
  13  beta_y      -5.14253e-03     fixed    
  14  alpha_vw     0.00000e+00     fixed    
  15  w_vw         1.29000e+01   constant   
  16  beta_vw      0.00000e+00     fixed    
  17  LM          -3.89610e-04   constant   
  18  zeta_y       0.00000e+00   constant   
  19  zeta_vw      0.00000e+00   constant   
  20  T_CBO        1.11489e+00   5.22636e-02  -8.57156e-05  -1.09159e+03
  21  alpha_A0    -3.48067e+07   3.14526e+07  -1.97099e+06   2.07262e-08
  22  beta_A0      2.74428e+07   2.08776e+07   1.30842e+06  -7.28874e-09
  23  alpha_phi   -6.52310e+07   6.59764e+07  -4.13414e+06   7.54523e-10
  24  beta_phi    -9.82698e+07   1.03464e+08  -6.48483e+06   7.99352e-09
 CALL LIMIT EXCEEDED IN MIGRAD.
 MIGRAD TERMINATED WITHOUT CONVERGENCE.
 FCN=253.676 FROM MIGRAD    STATUS=CALL LIMIT   1913 CALLS        4312 TOTAL
                     EDM=4.4413    STRATEGY= 1  ERROR MATRIX UNCERTAINTY  23.9 per cent
  EXT PARAMETER                APPROXIMATE        STEP         FIRST   
  NO.   NAME      VALUE            ERROR          SIZE      DERIVATIVE 
   1  N0           3.05116e+06   2.07788e+04   1.71119e+04  -2.72394e-03
   2  tau          6.43896e+01   constant   
   3  A0           3.60920e-01   5.12655e-03   4.88283e-03  -2.35464e+03
   4  phi          4.17483e+00   9.70971e-03   9.71796e-03   3.74601e+03
   5  R           -6.12649e+01   constant   
   6  alpha_CBO    9.23811e-03   3.52872e-03   3.18317e-03   5.00688e+03
   7  w_CBO        2.32500e+00   constant   
   8  beta_CBO    -3.20349e-02   2.64680e-03  -8.53737e-04  -1.27865e+04
   9  alpha_2CBO  -1.09535e-02   9.10199e-04  -7.57126e-05   1.37270e+03
  10  beta_2CBO    7.54555e-04     fixed    
  11  alpha_y      0.00000e+00     fixed    
  12  w_y          1.44500e+01   constant   
  13  beta_y      -5.14253e-03     fixed    
  14  alpha_vw     0.00000e+00     fixed    
  15  w_vw         1.29000e+01   constant   
  16  beta_vw      0.00000e+00     fixed    
  17  LM          -3.89610e-04   constant   
  18  zeta_y       0.00000e+00   constant   
  19  zeta_vw      0.00000e+00   constant   
  20  T_CBO        1.11139e+00   8.39304e-04  -1.43732e-05  -1.53180e+05
  21  alpha_A0     1.53911e+09   2.18954e+08   2.11338e+08   9.34930e-08
  22  beta_A0      1.29152e+09   1.20332e+08  -1.66478e+07  -8.30584e-09
  23  alpha_phi    5.91415e+08   1.06732e+08  -1.09304e+07  -2.01643e-08
  24  beta_phi    -3.39091e+09   3.48590e+08  -2.79497e+08   9.73600e-08
 EXTERNAL ERROR MATRIX.    NDIM=  25    NPAR= 11    ERR DEF=1
  4.318e+08 
  1.052e+02  2.628e-05 
  1.953e+02  4.944e-05  9.428e-05 
  7.129e+01  1.777e-05  3.353e-05  1.245e-05 
 -4.522e+01 -1.008e-05 -1.770e-05 -6.311e-06  7.006e-06 
 -1.104e+01 -2.377e-06 -4.304e-06 -1.382e-06  2.087e-06  8.285e-07 
 -1.615e+01 -3.907e-06 -7.144e-06 -2.765e-06  1.534e-06  2.978e-07  7.044e-07 
  4.494e+12  1.119e+06  2.095e+06  7.503e+05 -4.399e+05 -1.010e+05 -1.668e+05  4.794e+16 
  1.683e+12  3.442e+05  5.778e+05  2.590e+05 -2.433e+05 -6.343e+04 -7.364e+04  1.471e+16  1.448e+16 
  1.216e+12  2.575e+05  4.361e+05  2.223e+05 -1.151e+05 -1.060e+04 -6.425e+04  1.085e+16  1.099e+16  1.139e+16 
 -7.012e+12 -1.702e+06 -3.160e+06 -1.103e+06  8.247e+05  2.295e+05  2.427e+05 -7.304e+16 -2.540e+16 -1.375e+16  1.215e+17 
ERR MATRIX APPROXIMATE
 PARAMETER  CORRELATION COEFFICIENTS  
       NO.  GLOBAL      1      3      4      6      8      9     20     21     22     23     24
        1  0.99998   1.000  0.988  0.968  0.972 -0.822 -0.584 -0.926  0.988  0.673  0.548 -0.968
        3  0.99996   0.988  1.000  0.993  0.982 -0.743 -0.509 -0.908  0.997  0.558  0.471 -0.952
        4  0.99983   0.968  0.993  1.000  0.979 -0.689 -0.487 -0.877  0.985  0.495  0.421 -0.934
        6  0.99955   0.972  0.982  0.979  1.000 -0.676 -0.430 -0.933  0.971  0.610  0.590 -0.897
        8  0.99971  -0.822 -0.743 -0.689 -0.676  1.000  0.866  0.690 -0.759 -0.764 -0.408  0.894
        9  0.99341  -0.584 -0.509 -0.487 -0.430  0.866  1.000  0.390 -0.507 -0.579 -0.109  0.723
       20  0.99400  -0.926 -0.908 -0.877 -0.933  0.690  0.390  1.000 -0.908 -0.729 -0.717  0.829
       21  0.99976   0.988  0.997  0.985  0.971 -0.759 -0.507 -0.908  1.000  0.558  0.464 -0.957
       22  0.99964   0.673  0.558  0.495  0.610 -0.764 -0.579 -0.729  0.558  1.000  0.855 -0.606
       23  0.99412   0.548  0.471  0.421  0.590 -0.408 -0.109 -0.717  0.464  0.855  1.000 -0.370
       24  0.99995  -0.968 -0.952 -0.934 -0.897  0.894  0.723  0.829 -0.957 -0.606 -0.370  1.000
 ERR MATRIX APPROXIMATE
MINUIT - FIT ONLY 1-y
 **********
 **   51 **RES 
 **********
                   PARAMETER   16  beta_vw RESTORED TO VARIABLE.
                   PARAMETER   14  alpha_vw RESTORED TO VARIABLE.
                   PARAMETER   13  beta_y RESTORED TO VARIABLE.
                   PARAMETER   11  alpha_y RESTORED TO VARIABLE.
                   PARAMETER   10  beta_2CBO RESTORED TO VARIABLE.
 **********
 **   52 **FIX            0
 **********
 PARAMETER    0  IS UNDEFINED. IGNORED.
 **********
 **   53 **FIX            1
 **********
 **********
 **   54 **FIX            2
 **********
 PARAMETER    2  IS CONSTANT.   IGNORED.
 **********
 **   55 **FIX            3
 **********
 **********
 **   56 **FIX            4
 **********
 **********
 **   57 **FIX            5
 **********
 PARAMETER    5  IS CONSTANT.   IGNORED.
 **********
 **   58 **FIX            6
 **********
 **********
 **   59 **FIX            7
 **********
 PARAMETER    7  IS CONSTANT.   IGNORED.
 **********
 **   60 **FIX            8
 **********
 **********
 **   61 **FIX            9
 **********
 **********
 **   62 **FIX           13
 **********
 **********
 **   63 **FIX           14
 **********
 **********
 **   64 **FIX           15
 **********
 PARAMETER   15  IS CONSTANT.   IGNORED.
 **********
 **   65 **FIX           16
 **********
 **********
 **   66 **MIGRAD
 **********
 START MIGRAD MINIMIZATION.  STRATEGY  1.  CONVERGENCE WHEN EDM .LT. 1.00e-04
 FCN=253.676 FROM MIGRAD    STATUS=INITIATE       16 CALLS        4328 TOTAL
                     EDM= unknown      STRATEGY= 1      NO ERROR MATRIX       
  EXT PARAMETER               CURRENT GUESS       STEP         FIRST   
  NO.   NAME      VALUE            ERROR          SIZE      DERIVATIVE 
   1  N0           3.05116e+06     fixed    
   2  tau          6.43896e+01   constant   
   3  A0           3.60920e-01     fixed    
   4  phi          4.17483e+00     fixed    
   5  R           -6.12649e+01   constant   
   6  alpha_CBO    9.23811e-03     fixed    
   7  w_CBO        2.32500e+00   constant   
   8  beta_CBO    -3.20349e-02     fixed    
   9  alpha_2CBO  -1.09535e-02     fixed    
  10  beta_2CBO    7.54555e-04   1.62291e-04   1.62291e-04  -2.56270e+03
  11  alpha_y      0.00000e+00   1.00000e-03   1.00000e-03   1.67710e+05
  12  w_y          1.44500e+01   constant   
  13  beta_y      -5.14253e-03     fixed    
  14  alpha_vw     0.00000e+00     fixed    
  15  w_vw         1.29000e+01   constant   
  16  beta_vw      0.00000e+00     fixed    
  17  LM          -3.89610e-04   constant   
  18  zeta_y       0.00000e+00   constant   
  19  zeta_vw      0.00000e+00   constant   
  20  T_CBO        1.11139e+00   8.39304e-04  -1.43732e-05  -1.53180e+05
  21  alpha_A0     1.53911e+09   2.18954e+08   2.11338e+08   9.34930e-08
  22  beta_A0      1.29152e+09   1.20332e+08  -1.66478e+07  -8.30584e-09
  23  alpha_phi    5.91415e+08   1.06732e+08  -1.09304e+07  -2.01643e-08
  24  beta_phi    -3.39091e+09   3.48590e+08  -2.79497e+08   9.73600e-08
 CALL LIMIT EXCEEDED IN MIGRAD.
 MIGRAD TERMINATED WITHOUT CONVERGENCE.
 FCN=60.0138 FROM MIGRAD    STATUS=CALL LIMIT   1148 CALLS        5460 TOTAL
                     EDM=0.172221    STRATEGY= 1  ERROR MATRIX UNCERTAINTY  24.5 per cent
  EXT PARAMETER                APPROXIMATE        STEP         FIRST   
  NO.   NAME      VALUE            ERROR          SIZE      DERIVATIVE 
   1  N0           3.05116e+06     fixed    
   2  tau          6.43896e+01   constant   
   3  A0           3.60920e-01     fixed    
   4  phi          4.17483e+00     fixed    
   5  R           -6.12649e+01   constant   
   6  alpha_CBO    9.23811e-03     fixed    
   7  w_CBO        2.32500e+00   constant   
   8  beta_CBO    -3.20349e-02     fixed    
   9  alpha_2CBO  -1.09535e-02     fixed    
  10  beta_2CBO    5.82402e-04   2.33174e-04  -3.52096e-06   1.02613e+02
  11  alpha_y     -2.26607e-03   1.59951e-04  -5.84296e-06   4.22609e+02
  12  w_y          1.44500e+01   constant   
  13  beta_y      -5.14253e-03     fixed    
  14  alpha_vw     0.00000e+00     fixed    
  15  w_vw         1.29000e+01   constant   
  16  beta_vw      0.00000e+00     fixed    
  17  LM          -3.89610e-04   constant   
  18  zeta_y       0.00000e+00   constant   
  19  zeta_vw      0.00000e+00   constant   
  20  T_CBO        1.15397e+00   5.29909e-03   2.63491e-05  -1.18340e+05
  21  alpha_A0     6.48854e+08   6.75182e+07  -1.13475e+07  -4.62973e-08
  22  beta_A0      5.43577e+08   5.87904e+07  -9.82475e+06  -7.88573e-08
  23  alpha_phi    2.35425e+08   2.68241e+07  -3.74618e+06  -1.06317e-08
  24  beta_phi    -1.41167e+09   1.51585e+08   2.55973e+07   6.90719e-08
 EXTERNAL ERROR MATRIX.    NDIM=  25    NPAR=  7    ERR DEF=1
  5.437e-08  5.829e-10 -1.996e-09  2.460e+02  1.676e+03 -6.169e+01  1.964e+03 
  5.829e-10  2.558e-08 -1.354e-08  3.015e+02 -1.822e+01  8.662e+01 -5.216e+02 
 -1.996e-09 -1.354e-08  2.808e-05 -3.569e+05 -3.058e+05 -1.371e+05  8.004e+05 
  2.460e+02  3.015e+02 -3.569e+05  4.559e+15  3.874e+15  1.748e+15 -1.018e+16 
  1.676e+03 -1.822e+01 -3.058e+05  3.874e+15  3.456e+15  1.515e+15 -8.580e+15 
 -6.169e+01  8.662e+01 -1.371e+05  1.748e+15  1.515e+15  7.195e+14 -3.886e+15 
  1.964e+03 -5.216e+02  8.004e+05 -1.018e+16 -8.580e+15 -3.886e+15  2.298e+16 
ERR MATRIX APPROXIMATE
 PARAMETER  CORRELATION COEFFICIENTS  
       NO.  GLOBAL     10     11     20     21     22     23     24
       10  0.78552   1.000  0.016 -0.002  0.016  0.122 -0.010  0.056
       11  0.18426   0.016  1.000 -0.016  0.028 -0.002  0.020 -0.022
       20  0.99989  -0.002 -0.016  1.000 -0.997 -0.982 -0.965  0.996
       21  0.99871   0.016  0.028 -0.997  1.000  0.976  0.965 -0.994
       22  0.99864   0.122 -0.002 -0.982  0.976  1.000  0.961 -0.963
       23  0.97598  -0.010  0.020 -0.965  0.965  0.961  1.000 -0.956
       24  0.99968   0.056 -0.022  0.996 -0.994 -0.963 -0.956  1.000
 ERR MATRIX APPROXIMATE
MINUIT - FIT ONLY 2-y
 **********
 **   67 **RES 
 **********
                   PARAMETER   16  beta_vw RESTORED TO VARIABLE.
                   PARAMETER   14  alpha_vw RESTORED TO VARIABLE.
                   PARAMETER   13  beta_y RESTORED TO VARIABLE.
                   PARAMETER    9  alpha_2CBO RESTORED TO VARIABLE.
                   PARAMETER    8  beta_CBO RESTORED TO VARIABLE.
                   PARAMETER    6  alpha_CBO RESTORED TO VARIABLE.
                   PARAMETER    4  phi RESTORED TO VARIABLE.
                   PARAMETER    3  A0 RESTORED TO VARIABLE.
                   PARAMETER    1  N0 RESTORED TO VARIABLE.
 **********
 **   68 **FIX            0
 **********
 PARAMETER    0  IS UNDEFINED. IGNORED.
 **********
 **   69 **FIX            1
 **********
 **********
 **   70 **FIX            2
 **********
 PARAMETER    2  IS CONSTANT.   IGNORED.
 **********
 **   71 **FIX            3
 **********
 **********
 **   72 **FIX            4
 **********
 **********
 **   73 **FIX            5
 **********
 PARAMETER    5  IS CONSTANT.   IGNORED.
 **********
 **   74 **FIX            6
 **********
 **********
 **   75 **FIX            7
 **********
 PARAMETER    7  IS CONSTANT.   IGNORED.
 **********
 **   76 **FIX            8
 **********
 **********
 **   77 **FIX            9
 **********
 **********
 **   78 **FIX           10
 **********
 **********
 **   79 **FIX           11
 **********
 **********
 **   80 **FIX           12
 **********
 PARAMETER   12  IS CONSTANT.   IGNORED.
 **********
 **   81 **FIX           16
 **********
 **********
 **   82 **MIGRAD
 **********
 START MIGRAD MINIMIZATION.  STRATEGY  1.  CONVERGENCE WHEN EDM .LT. 1.00e-04
 FCN=60.0138 FROM MIGRAD    STATUS=INITIATE       16 CALLS        5476 TOTAL
                     EDM= unknown      STRATEGY= 1      NO ERROR MATRIX       
  EXT PARAMETER               CURRENT GUESS       STEP         FIRST   
  NO.   NAME      VALUE            ERROR          SIZE      DERIVATIVE 
   1  N0           3.05116e+06     fixed    
   2  tau          6.43896e+01   constant   
   3  A0           3.60920e-01     fixed    
   4  phi          4.17483e+00     fixed    
   5  R           -6.12649e+01   constant   
   6  alpha_CBO    9.23811e-03     fixed    
   7  w_CBO        2.32500e+00   constant   
   8  beta_CBO    -3.20349e-02     fixed    
   9  alpha_2CBO  -1.09535e-02     fixed    
  10  beta_2CBO    5.82402e-04     fixed    
  11  alpha_y     -2.26607e-03     fixed    
  12  w_y          1.44500e+01   constant   
  13  beta_y      -5.14253e-03   1.57497e-04   1.57497e-04   2.35271e+04
  14  alpha_vw     0.00000e+00   1.00000e-03   1.00000e-03  -6.48752e+04
  15  w_vw         1.29000e+01   constant   
  16  beta_vw      0.00000e+00     fixed    
  17  LM          -3.89610e-04   constant   
  18  zeta_y       0.00000e+00   constant   
  19  zeta_vw      0.00000e+00   constant   
  20  T_CBO        1.15397e+00   5.29909e-03   2.63491e-05  -1.18340e+05
  21  alpha_A0     6.48854e+08   6.75182e+07  -1.13475e+07  -4.62973e-08
  22  beta_A0      5.43577e+08   5.87904e+07  -9.82475e+06  -7.88573e-08
  23  alpha_phi    2.35425e+08   2.68241e+07  -3.74618e+06  -1.06317e-08
  24  beta_phi    -1.41167e+09   1.51585e+08   2.55973e+07   6.90719e-08
 CALL LIMIT EXCEEDED IN MIGRAD.
 MIGRAD TERMINATED WITHOUT CONVERGENCE.
 FCN=28.2573 FROM MIGRAD    STATUS=CALL LIMIT   1149 CALLS        6609 TOTAL
                     EDM=0.128122    STRATEGY= 1  ERROR MATRIX UNCERTAINTY  46.5 per cent
  EXT PARAMETER                APPROXIMATE        STEP         FIRST   
  NO.   NAME      VALUE            ERROR          SIZE      DERIVATIVE 
   1  N0           3.05116e+06     fixed    
   2  tau          6.43896e+01   constant   
   3  A0           3.60920e-01     fixed    
   4  phi          4.17483e+00     fixed    
   5  R           -6.12649e+01   constant   
   6  alpha_CBO    9.23811e-03     fixed    
   7  w_CBO        2.32500e+00   constant   
   8  beta_CBO    -3.20349e-02     fixed    
   9  alpha_2CBO  -1.09535e-02     fixed    
  10  beta_2CBO    5.82402e-04     fixed    
  11  alpha_y     -2.26607e-03     fixed    
  12  w_y          1.44500e+01   constant   
  13  beta_y      -5.22359e-03   1.57762e-04  -3.78778e-06  -1.12772e+03
  14  alpha_vw     8.02888e-04   1.57219e-04  -2.27524e-06  -4.73174e+02
  15  w_vw         1.29000e+01   constant   
  16  beta_vw      0.00000e+00     fixed    
  17  LM          -3.89610e-04   constant   
  18  zeta_y       0.00000e+00   constant   
  19  zeta_vw      0.00000e+00   constant   
  20  T_CBO        1.20572e+00   3.56502e-03  -2.69830e-06  -2.67355e+04
  21  alpha_A0     2.49728e+08   1.53681e+07   4.96196e+05   1.17499e-07
  22  beta_A0      2.06243e+08   1.38002e+07   4.07060e+05  -5.79212e-08
  23  alpha_phi    8.49759e+07   6.21969e+06   1.74352e+05   4.37480e-09
  24  beta_phi    -5.27086e+08   3.48180e+07  -1.10812e+06   1.02367e-07
 EXTERNAL ERROR MATRIX.    NDIM=  25    NPAR=  7    ERR DEF=1
  2.489e-08  5.302e-09 -2.049e-07  8.956e+02  8.415e+02  3.431e+02 -1.853e+03 
  5.302e-09  2.472e-08 -1.153e-07  4.898e+02  5.045e+02  1.822e+02 -1.011e+03 
 -2.049e-07 -1.153e-07  1.271e-05 -5.453e+04 -4.771e+04 -1.960e+04  1.235e+05 
  8.956e+02  4.898e+02 -5.453e+04  2.362e+14  2.020e+14  8.338e+13 -5.321e+14 
  8.415e+02  5.045e+02 -4.771e+04  2.020e+14  1.904e+14  7.739e+13 -4.530e+14 
  3.431e+02  1.822e+02 -1.960e+04  8.338e+13  7.739e+13  3.868e+13 -1.864e+14 
 -1.853e+03 -1.011e+03  1.235e+05 -5.321e+14 -4.530e+14 -1.864e+14  1.212e+15 
ERR MATRIX APPROXIMATE
 PARAMETER  CORRELATION COEFFICIENTS  
       NO.  GLOBAL     13     14     20     21     22     23     24
       13  0.49798   1.000  0.214 -0.364  0.369  0.386  0.350 -0.337
       14  0.31394   0.214  1.000 -0.206  0.203  0.233  0.186 -0.185
       20  0.99952  -0.364 -0.206  1.000 -0.995 -0.970 -0.884  0.995
       21  0.99675   0.369  0.203 -0.995  1.000  0.952  0.872 -0.994
       22  0.99378   0.386  0.233 -0.970  0.952  1.000  0.902 -0.943
       23  0.90462   0.350  0.186 -0.884  0.872  0.902  1.000 -0.861
       24  0.99887  -0.337 -0.185  0.995 -0.994 -0.943 -0.861  1.000
 ERR MATRIX APPROXIMATE
MINUIT - FIT ALTOGETHER
 **********
 **   83 **RES 
 **********
