 + ++++++++++++++++++++++++++++++++++++++++++++++++++++++++++++++++++++ +
 +                                                                      +
 +           You have chose to blind your fitting according to          +
 +                omega_ref * (1 + (R +/- deltaR) *10^{-6})             +
 +                                                                      +
 + ++++++++++++++++++++++++++++++++++++++++++++++++++++++++++++++++++++ +
In main()...
reading format from /gm2data/zkhechad/run45/envelope/formats/formatB_sBin_constraintOn.txt
pBinTau 	= 0  
pBinPhi 	= 0  
constraintau 	= 1 
includeMopTerm 	= 0    
constrainMop    = 0   
Parameters after format file: pBinTau 0 pBinPhi 0 constraintau 1 includeMopTerm 0 constrainMop 0 c_e_scale 0.000000 
Opening file /gm2data/tbarrett/gm2fr/studies/run23_bunch_corrections/CorrectedFourier_Run3b.root.
reading full fit data from /gm2data/zkhechad/cboTemplates/Run4CBOTemplates/templateFits0_v2.0/noRF/sBin_constraintOn_cE0.0_seed0_noRF_calo15.root
windowBins = 17
fitting sliding window 288 from bin 424 at 63.111600 to bin 441 at 65.797200 (17 bins)

Reading data from /gm2data/cornell/histograms/aMethod/histogram_a_noRF.root
 **********
 **    1 **SET PRINTOUT            1
 **********
 **********
 **    2 **SET NOWARNINGS 
 **********
 PARAMETER DEFINITIONS:
    NO.   NAME         VALUE      STEP SIZE      LIMITS
     1 N0           3.09167e+06  1.00000e+02     no limits
     2 tau          6.43743e+01  constant
     3 A0           3.54035e-01  1.00000e-04     no limits
     4 phi          4.11947e+00  1.00000e-02     no limits
     5 R           -6.00908e+01  constant
     6 alpha_CBO    0.00000e+00  1.00000e-03     no limits
     7 w_CBO        2.32500e+00  constant
     8 beta_CBO     0.00000e+00  1.00000e-03     no limits
     9 alpha_2CBO   0.00000e+00  1.00000e-03     no limits
    10 beta_2CBO    0.00000e+00  1.00000e-03     no limits
    11 alpha_y      0.00000e+00  1.00000e-03     no limits
    12 w_y          1.44500e+01  constant
    13 beta_y       0.00000e+00  1.00000e-03     no limits
    14 alpha_vw     0.00000e+00  1.00000e-03     no limits
    15 w_vw         1.29000e+01  constant
    16 beta_vw      0.00000e+00  1.00000e-03     no limits
    17 LM          -9.88464e-04  constant
    18 zeta_y       0.00000e+00  constant
    19 zeta_vw      0.00000e+00  constant
    20 T_CBO        1.00000e+02  1.00000e+00    0.00000e+00  1.00000e+03
    21 alpha_A0     0.00000e+00  1.00000e-03     no limits
    22 beta_A0      0.00000e+00  1.00000e-03     no limits
    23 alpha_phi    0.00000e+00  1.00000e-03     no limits
    24 beta_phi     0.00000e+00  1.00000e-03     no limits
MINUIT - FIT ONLY WIGGLE
 **********
 **    3 **FIX            5
 **********
 PARAMETER    5  IS CONSTANT.   IGNORED.
 **********
 **    4 **FIX            6
 **********
 **********
 **    5 **FIX            7
 **********
 PARAMETER    7  IS CONSTANT.   IGNORED.
 **********
 **    6 **FIX            8
 **********
 **********
 **    7 **FIX            9
 **********
 **********
 **    8 **FIX           10
 **********
 **********
 **    9 **FIX           11
 **********
 **********
 **   10 **FIX           12
 **********
 PARAMETER   12  IS CONSTANT.   IGNORED.
 **********
 **   11 **FIX           13
 **********
 **********
 **   12 **FIX           14
 **********
 **********
 **   13 **FIX           15
 **********
 PARAMETER   15  IS CONSTANT.   IGNORED.
 **********
 **   14 **FIX           16
 **********
 **********
 **   15 **MIGRAD
 **********
 FIRST CALL TO USER FUNCTION AT NEW START POINT, WITH IFLAG=4.
 START MIGRAD MINIMIZATION.  STRATEGY  1.  CONVERGENCE WHEN EDM .LT. 1.00e-04
 FCN=1294.35 FROM MIGRAD    STATUS=INITIATE      435 CALLS         436 TOTAL
                     EDM= unknown      STRATEGY= 1      NO ERROR MATRIX       
  EXT PARAMETER               CURRENT GUESS       STEP         FIRST   
  NO.   NAME      VALUE            ERROR          SIZE      DERIVATIVE 
   1  N0           3.09167e+06   1.00000e+02   0.00000e+00   5.76474e-02
   2  tau          6.43743e+01   constant   
   3  A0           3.54035e-01   1.00000e-04   0.00000e+00   2.51620e+05
   4  phi          4.11947e+00   1.00000e-02   0.00000e+00  -6.75942e+04
   5  R           -6.00908e+01   constant   
   6  alpha_CBO    0.00000e+00     fixed    
   7  w_CBO        2.32500e+00   constant   
   8  beta_CBO     0.00000e+00     fixed    
   9  alpha_2CBO   0.00000e+00     fixed    
  10  beta_2CBO    0.00000e+00     fixed    
  11  alpha_y      0.00000e+00     fixed    
  12  w_y          1.44500e+01   constant   
  13  beta_y       0.00000e+00     fixed    
  14  alpha_vw     0.00000e+00     fixed    
  15  w_vw         1.29000e+01   constant   
  16  beta_vw      0.00000e+00     fixed    
  17  LM          -9.88464e-04   constant   
  18  zeta_y       0.00000e+00   constant   
  19  zeta_vw      0.00000e+00   constant   
  20  T_CBO        1.00000e+02   1.00000e+00   0.00000e+00   0.00000e+00
  21  alpha_A0     0.00000e+00   1.00000e-03   0.00000e+00  -5.48090e+03
  22  beta_A0      0.00000e+00   1.00000e-03   0.00000e+00  -1.96352e+04
  23  alpha_phi    0.00000e+00   1.00000e-03   0.00000e+00  -2.22872e+04
  24  beta_phi     0.00000e+00   1.00000e-03   0.00000e+00  -1.85598e+04
 MIGRAD MINIMIZATION HAS CONVERGED.
 MIGRAD WILL VERIFY CONVERGENCE AND ERROR MATRIX.
 COVARIANCE MATRIX CALCULATED SUCCESSFULLY
 FCN=41.649 FROM HESSE     STATUS=OK             61 CALLS        1351 TOTAL
                     EDM=0.00279293    STRATEGY= 1      ERROR MATRIX ACCURATE 
  EXT PARAMETER                                   STEP         FIRST   
  NO.   NAME      VALUE            ERROR          SIZE      DERIVATIVE 
   1  N0           3.04937e+06   2.32120e+04   1.45405e+00   2.76474e-06
   2  tau          6.43743e+01   constant   
   3  A0           3.37476e-01   4.22216e-03   6.76366e-07  -6.99298e-01
   4  phi          4.14151e+00   1.08615e-02   2.02744e-06   2.26531e+00
   5  R           -6.00908e+01   constant   
   6  alpha_CBO    0.00000e+00     fixed    
   7  w_CBO        2.32500e+00   constant   
   8  beta_CBO     0.00000e+00     fixed    
   9  alpha_2CBO   0.00000e+00     fixed    
  10  beta_2CBO    0.00000e+00     fixed    
  11  alpha_y      0.00000e+00     fixed    
  12  w_y          1.44500e+01   constant   
  13  beta_y       0.00000e+00     fixed    
  14  alpha_vw     0.00000e+00     fixed    
  15  w_vw         1.29000e+01   constant   
  16  beta_vw      0.00000e+00     fixed    
  17  LM          -9.88464e-04   constant   
  18  zeta_y       0.00000e+00   constant   
  19  zeta_vw      0.00000e+00   constant   
  20  T_CBO        1.40848e+02   5.60606e+02   2.11620e-05   1.43785e-01
  21  alpha_A0     1.17227e-01   1.58716e-01   4.25838e-06  -5.54117e-01
  22  beta_A0     -9.56354e-02   1.21350e-01   4.87697e-06   9.20949e-01
  23  alpha_phi   -7.94606e-02   1.02346e-01   4.97751e-06   4.59369e-02
  24  beta_phi    -9.49885e-02   1.32564e-01   4.30065e-06  -2.05493e+00
 CALL LIMIT EXCEEDED IN MIGRAD.
 MIGRAD TERMINATED WITHOUT CONVERGENCE.
 FCN=41.649 FROM MIGRAD    STATUS=CALL LIMIT   1350 CALLS        1351 TOTAL
                     EDM=0.00279293    STRATEGY= 1      ERR MATRIX APPROXIMATE
  EXT PARAMETER                APPROXIMATE        STEP         FIRST   
  NO.   NAME      VALUE            ERROR          SIZE      DERIVATIVE 
   1  N0           3.04937e+06   2.32120e+04   1.45405e+00   2.76474e-06
   2  tau          6.43743e+01   constant   
   3  A0           3.37476e-01   4.22216e-03   6.76366e-07  -6.99298e-01
   4  phi          4.14151e+00   1.08615e-02   2.02744e-06   2.26531e+00
   5  R           -6.00908e+01   constant   
   6  alpha_CBO    0.00000e+00     fixed    
   7  w_CBO        2.32500e+00   constant   
   8  beta_CBO     0.00000e+00     fixed    
   9  alpha_2CBO   0.00000e+00     fixed    
  10  beta_2CBO    0.00000e+00     fixed    
  11  alpha_y      0.00000e+00     fixed    
  12  w_y          1.44500e+01   constant   
  13  beta_y       0.00000e+00     fixed    
  14  alpha_vw     0.00000e+00     fixed    
  15  w_vw         1.29000e+01   constant   
  16  beta_vw      0.00000e+00     fixed    
  17  LM          -9.88464e-04   constant   
  18  zeta_y       0.00000e+00   constant   
  19  zeta_vw      0.00000e+00   constant   
  20  T_CBO        1.40848e+02   5.60606e+02   2.11620e-05   1.43785e-01
  21  alpha_A0     1.17227e-01   1.58716e-01   4.25838e-06  -5.54117e-01
  22  beta_A0     -9.56354e-02   1.21350e-01   4.87697e-06   9.20949e-01
  23  alpha_phi   -7.94606e-02   1.02346e-01   4.97751e-06   4.59369e-02
  24  beta_phi    -9.49885e-02   1.32564e-01   4.30065e-06  -2.05493e+00
 EXTERNAL ERROR MATRIX.    NDIM=  25    NPAR=  8    ERR DEF=1
  5.388e+08  8.922e+01 -4.085e+01  1.144e+06 -1.897e+03  1.129e+03  1.005e+03  1.732e+03 
  8.922e+01  1.783e-05 -2.276e-05  1.138e-02 -2.413e-04  1.708e-04  1.576e-04  2.331e-04 
 -4.085e+01 -2.276e-05  1.180e-04 -1.260e-01  1.055e-04 -3.434e-04 -3.283e-04 -1.305e-04 
  1.144e+06  1.138e-02 -1.260e-01  1.336e+05 -5.326e+01  4.176e+01  3.469e+01  4.334e+01 
 -1.897e+03 -2.413e-04  1.055e-04 -5.326e+01  2.519e-02 -1.865e-02 -1.565e-02 -2.100e-02 
  1.129e+03  1.708e-04 -3.434e-04  4.176e+01 -1.865e-02  1.473e-02  1.241e-02  1.552e-02 
  1.005e+03  1.576e-04 -3.283e-04  3.469e+01 -1.565e-02  1.241e-02  1.047e-02  1.306e-02 
  1.732e+03  2.331e-04 -1.305e-04  4.334e+01 -2.100e-02  1.552e-02  1.306e-02  1.757e-02 
ERR MATRIX APPROXIMATE
 PARAMETER  CORRELATION COEFFICIENTS  
       NO.  GLOBAL      1      3      4     20     21     22     23     24
        1  0.99985   1.000  0.910 -0.162  0.135 -0.515  0.401  0.423  0.563
        3  0.99874   0.910  1.000 -0.496  0.007 -0.360  0.333  0.365  0.416
        4  0.99829  -0.162 -0.496  1.000 -0.032  0.061 -0.261 -0.295 -0.091
       20  0.99998   0.135  0.007 -0.032  1.000 -0.918  0.942  0.927  0.895
       21  0.99996  -0.515 -0.360  0.061 -0.918  1.000 -0.968 -0.964 -0.998
       22  0.99992   0.401  0.333 -0.261  0.942 -0.968  1.000  0.999  0.965
       23  0.99988   0.423  0.365 -0.295  0.927 -0.964  0.999  1.000  0.962
       24  0.99995   0.563  0.416 -0.091  0.895 -0.998  0.965  0.962  1.000
 ERR MATRIX APPROXIMATE
MINUIT - FIT ONLY 1-CBO + wiggle
 **********
 **   16 **RES 
 **********
                   PARAMETER   16  beta_vw RESTORED TO VARIABLE.
                   PARAMETER   14  alpha_vw RESTORED TO VARIABLE.
                   PARAMETER   13  beta_y RESTORED TO VARIABLE.
                   PARAMETER   11  alpha_y RESTORED TO VARIABLE.
                   PARAMETER   10  beta_2CBO RESTORED TO VARIABLE.
                   PARAMETER    9  alpha_2CBO RESTORED TO VARIABLE.
                   PARAMETER    8  beta_CBO RESTORED TO VARIABLE.
                   PARAMETER    6  alpha_CBO RESTORED TO VARIABLE.
 **********
 **   17 **FIX            8
 **********
 **********
 **   18 **FIX            9
 **********
 **********
 **   19 **FIX           11
 **********
 **********
 **   20 **FIX           12
 **********
 PARAMETER   12  IS CONSTANT.   IGNORED.
 **********
 **   21 **FIX           14
 **********
 **********
 **   22 **FIX           15
 **********
 PARAMETER   15  IS CONSTANT.   IGNORED.
 **********
 **   23 **FIX           16
 **********
 **********
 **   24 **MIGRAD
 **********
 START MIGRAD MINIMIZATION.  STRATEGY  1.  CONVERGENCE WHEN EDM .LT. 1.00e-04
 FCN=41.649 FROM MIGRAD    STATUS=INITIATE       28 CALLS        1379 TOTAL
                     EDM= unknown      STRATEGY= 1      NO ERROR MATRIX       
  EXT PARAMETER               CURRENT GUESS       STEP         FIRST   
  NO.   NAME      VALUE            ERROR          SIZE      DERIVATIVE 
   1  N0           3.04937e+06   2.32120e+04   1.45405e+00   2.76474e-06
   2  tau          6.43743e+01   constant   
   3  A0           3.37476e-01   4.22216e-03   6.76366e-07  -6.99287e-01
   4  phi          4.14151e+00   1.08615e-02   2.02744e-06   2.26532e+00
   5  R           -6.00908e+01   constant   
   6  alpha_CBO    0.00000e+00   1.00000e-03   1.00000e-03   2.99518e+02
   7  w_CBO        2.32500e+00   constant   
   8  beta_CBO     0.00000e+00     fixed    
   9  alpha_2CBO   0.00000e+00     fixed    
  10  beta_2CBO    0.00000e+00   1.00000e-03   1.00000e-03   1.84614e+03
  11  alpha_y      0.00000e+00     fixed    
  12  w_y          1.44500e+01   constant   
  13  beta_y       0.00000e+00   1.00000e-03   1.00000e-03   5.61489e+04
  14  alpha_vw     0.00000e+00     fixed    
  15  w_vw         1.29000e+01   constant   
  16  beta_vw      0.00000e+00     fixed    
  17  LM          -9.88464e-04   constant   
  18  zeta_y       0.00000e+00   constant   
  19  zeta_vw      0.00000e+00   constant   
  20  T_CBO        1.40848e+02   5.60606e+02   2.11620e-05   1.43755e-01
  21  alpha_A0     1.17227e-01   1.58716e-01   4.25838e-06  -5.54113e-01
  22  beta_A0     -9.56354e-02   1.21350e-01   4.87697e-06   9.20949e-01
  23  alpha_phi   -7.94606e-02   1.02346e-01   4.97751e-06   4.59390e-02
  24  beta_phi    -9.49885e-02   1.32564e-01   4.30065e-06  -2.05493e+00
 MIGRAD MINIMIZATION HAS CONVERGED.
 MIGRAD WILL VERIFY CONVERGENCE AND ERROR MATRIX.
 FCN=13.4512 FROM HESSE     STATUS=NOT POSDEF    100 CALLS        1695 TOTAL
                     EDM=0.00148468    STRATEGY= 1      ERR MATRIX NOT POS-DEF
  EXT PARAMETER                APPROXIMATE        STEP         FIRST   
  NO.   NAME      VALUE            ERROR          SIZE      DERIVATIVE 
   1  N0           3.05004e+06   4.70455e+03   1.45437e+00  -7.41749e-06
   2  tau          6.43743e+01   constant   
   3  A0           3.36689e-01   1.47860e-03   3.92429e-07  -1.04785e+01
   4  phi          4.14078e+00   8.06244e-03   1.97448e-06  -3.76602e+00
   5  R           -6.00908e+01   constant   
   6  alpha_CBO    2.03084e-03   1.58613e-03   3.33167e-07   6.70620e+00
   7  w_CBO        2.32500e+00   constant   
   8  beta_CBO     0.00000e+00     fixed    
   9  alpha_2CBO   0.00000e+00     fixed    
  10  beta_2CBO   -2.75694e-04   6.01779e-04   3.43695e-07   1.66304e+00
  11  alpha_y      0.00000e+00     fixed    
  12  w_y          1.44500e+01   constant   
  13  beta_y      -1.00564e-03   1.87574e-04   3.36083e-07   5.41094e+00
  14  alpha_vw     0.00000e+00     fixed    
  15  w_vw         1.29000e+01   constant   
  16  beta_vw      0.00000e+00     fixed    
  17  LM          -9.88464e-04   constant   
  18  zeta_y       0.00000e+00   constant   
  19  zeta_vw      0.00000e+00   constant   
  20  T_CBO        1.47260e+02   3.30387e+01   1.27951e-05   4.99924e-02
  21  alpha_A0     1.11431e-01   1.29365e-02   2.44403e-06   6.95878e-01
  22  beta_A0     -1.01061e-01   1.41006e-02   2.80537e-06   8.97886e-01
  23  alpha_phi   -9.63006e-02   1.37208e-02   2.85300e-06   7.53181e-01
  24  beta_phi    -9.47789e-02   1.15220e-02   2.45540e-06  -1.17788e+00
 CALL LIMIT EXCEEDED IN MIGRAD.
 MIGRAD TERMINATED WITHOUT CONVERGENCE.
 FCN=13.097 FROM MIGRAD    STATUS=CALL LIMIT   1918 CALLS        3269 TOTAL
                     EDM=0.000627357    STRATEGY= 1      ERR MATRIX NOT POS-DEF
  EXT PARAMETER                APPROXIMATE        STEP         FIRST   
  NO.   NAME      VALUE            ERROR          SIZE      DERIVATIVE 
   1  N0           3.06701e+06   3.14168e+04   8.33045e+00  -2.82886e-06
   2  tau          6.43743e+01   constant   
   3  A0           3.38050e-01   5.43790e-03   3.99973e-07  -6.30710e+00
   4  phi          4.21847e+00   7.25290e-02   3.31278e-04   3.13608e-01
   5  R           -6.00908e+01   constant   
   6  alpha_CBO   -8.04351e-03   1.04938e-02  -5.31521e-05  -1.54411e+01
   7  w_CBO        2.32500e+00   constant   
   8  beta_CBO     0.00000e+00     fixed    
   9  alpha_2CBO   0.00000e+00     fixed    
  10  beta_2CBO   -2.64510e-04   1.64955e-03   5.89291e-06   6.43443e+01
  11  alpha_y      0.00000e+00     fixed    
  12  w_y          1.44500e+01   constant   
  13  beta_y      -9.70899e-04   1.92110e-04   4.22259e-07  -5.03452e+00
  14  alpha_vw     0.00000e+00     fixed    
  15  w_vw         1.29000e+01   constant   
  16  beta_vw      0.00000e+00     fixed    
  17  LM          -9.88464e-04   constant   
  18  zeta_y       0.00000e+00   constant   
  19  zeta_vw      0.00000e+00   constant   
  20  T_CBO        1.20717e+02   1.81032e+01  -2.23276e-04  -8.72847e-01
  21  alpha_A0     4.08404e-02   1.08236e-01  -8.61775e-05  -5.64877e+00
  22  beta_A0     -1.99226e-01   1.13344e-01  -5.74007e-04   3.33693e+00
  23  alpha_phi   -1.56300e-01   5.91247e-02  -2.55892e-04  -1.15141e+00
  24  beta_phi    -2.50195e-02   1.02941e-01   8.00425e-05  -4.58319e+00
 EXTERNAL ERROR MATRIX.    NDIM=  25    NPAR= 11    ERR DEF=1
  9.870e+08 
  1.670e+02  2.957e-05 
  9.301e+02  1.540e-04  5.260e-03 
 -8.496e+01 -1.426e-05 -7.478e-04  1.101e-04 
 -4.063e+01 -7.247e-06  2.139e-05 -5.774e-06  2.721e-06 
  5.260e-01  1.238e-07  2.921e-06 -4.511e-07  4.587e-09  3.691e-08 
  2.675e+05  4.678e-02 -7.890e-01  1.351e-01 -2.532e-02 -4.004e-04  3.281e+02 
 -3.355e+03 -5.700e-04 -4.296e-03  4.601e-04  1.243e-04 -2.467e-06 -6.431e-01  1.172e-02 
  3.128e+02  6.976e-05 -7.151e-03  1.102e-03 -1.170e-04 -3.535e-06  1.864e+00  8.373e-04  1.285e-02 
 -3.236e+02 -4.529e-05 -4.075e-03  5.896e-04 -3.638e-05 -1.810e-06  8.164e-01  2.084e-03  6.372e-03  3.496e-03 
  3.190e+03  5.450e-04  4.067e-03 -4.386e-04 -1.182e-04  2.461e-06  6.181e-01 -1.113e-02 -7.356e-04 -1.920e-03  1.060e-02 
ERR MATRIX NOT POS-DEF
 PARAMETER  CORRELATION COEFFICIENTS  
       NO.  GLOBAL      1      3      4      6     10     13     20     21     22     23     24
        1  0.99995   1.000  0.978  0.408 -0.258 -0.784  0.087  0.470 -0.987  0.088 -0.174  0.986
        3  0.99933   0.978  1.000  0.390 -0.250 -0.808  0.118  0.475 -0.968  0.113 -0.141  0.974
        4  0.99999   0.408  0.390  1.000 -0.982  0.179  0.210 -0.601 -0.547 -0.870 -0.950  0.545
        6  0.99995  -0.258 -0.250 -0.982  1.000 -0.334 -0.224  0.711  0.405  0.927  0.950 -0.406
       10  0.99605  -0.784 -0.808  0.179 -0.334  1.000  0.014 -0.847  0.696 -0.626 -0.373 -0.696
       13  0.40787   0.087  0.118  0.210 -0.224  0.014  1.000 -0.115 -0.119 -0.162 -0.159  0.124
       20  0.99661   0.470  0.475 -0.601  0.711 -0.847 -0.115  1.000 -0.328  0.908  0.762  0.332
       21  0.99995  -0.987 -0.968 -0.547  0.405  0.696 -0.119 -0.328  1.000  0.068  0.326 -0.999
       22  0.99997   0.088  0.113 -0.870  0.927 -0.626 -0.162  0.908  0.068  1.000  0.951 -0.063
       23  0.99975  -0.174 -0.141 -0.950  0.950 -0.373 -0.159  0.762  0.326  0.951  1.000 -0.315
       24  0.99996   0.986  0.974  0.545 -0.406 -0.696  0.124  0.332 -0.999 -0.063 -0.315  1.000
 ERR MATRIX NOT POS-DEF
MINUIT - FIT ONLY 2-CBO
 **********
 **   25 **RES 
 **********
                   PARAMETER   16  beta_vw RESTORED TO VARIABLE.
                   PARAMETER   14  alpha_vw RESTORED TO VARIABLE.
                   PARAMETER   11  alpha_y RESTORED TO VARIABLE.
                   PARAMETER    9  alpha_2CBO RESTORED TO VARIABLE.
                   PARAMETER    8  beta_CBO RESTORED TO VARIABLE.
 **********
 **   26 **FIX            0
 **********
 PARAMETER    0  IS UNDEFINED. IGNORED.
 **********
 **   27 **FIX            1
 **********
 **********
 **   28 **FIX            2
 **********
 PARAMETER    2  IS CONSTANT.   IGNORED.
 **********
 **   29 **FIX            3
 **********
 **********
 **   30 **FIX            4
 **********
 **********
 **   31 **FIX            5
 **********
 PARAMETER    5  IS CONSTANT.   IGNORED.
 **********
 **   32 **FIX            6
 **********
 **********
 **   33 **FIX            7
 **********
 PARAMETER    7  IS CONSTANT.   IGNORED.
 **********
 **   34 **FIX           10
 **********
 **********
 **   35 **FIX           11
 **********
 **********
 **   36 **FIX           12
 **********
 PARAMETER   12  IS CONSTANT.   IGNORED.
 **********
 **   37 **FIX           13
 **********
 **********
 **   38 **FIX           14
 **********
 **********
 **   39 **FIX           15
 **********
 PARAMETER   15  IS CONSTANT.   IGNORED.
 **********
 **   40 **FIX           16
 **********
 **********
 **   41 **MIGRAD
 **********
 START MIGRAD MINIMIZATION.  STRATEGY  1.  CONVERGENCE WHEN EDM .LT. 1.00e-04
 FCN=13.097 FROM MIGRAD    STATUS=INITIATE       18 CALLS        3287 TOTAL
                     EDM= unknown      STRATEGY= 1      NO ERROR MATRIX       
  EXT PARAMETER               CURRENT GUESS       STEP         FIRST   
  NO.   NAME      VALUE            ERROR          SIZE      DERIVATIVE 
   1  N0           3.06701e+06     fixed    
   2  tau          6.43743e+01   constant   
   3  A0           3.38050e-01     fixed    
   4  phi          4.21847e+00     fixed    
   5  R           -6.00908e+01   constant   
   6  alpha_CBO   -8.04351e-03     fixed    
   7  w_CBO        2.32500e+00   constant   
   8  beta_CBO     0.00000e+00   1.00000e-03   1.00000e-03   1.24252e+01
   9  alpha_2CBO   0.00000e+00   1.00000e-03   1.00000e-03   2.27962e+01
  10  beta_2CBO   -2.64510e-04     fixed    
  11  alpha_y      0.00000e+00     fixed    
  12  w_y          1.44500e+01   constant   
  13  beta_y      -9.70899e-04     fixed    
  14  alpha_vw     0.00000e+00     fixed    
  15  w_vw         1.29000e+01   constant   
  16  beta_vw      0.00000e+00     fixed    
  17  LM          -9.88464e-04   constant   
  18  zeta_y       0.00000e+00   constant   
  19  zeta_vw      0.00000e+00   constant   
  20  T_CBO        1.20717e+02   1.81032e+01  -2.23276e-04  -8.72847e-01
  21  alpha_A0     4.08404e-02   1.08236e-01  -8.61775e-05  -5.64876e+00
  22  beta_A0     -1.99226e-01   1.13344e-01  -5.74007e-04   3.33692e+00
  23  alpha_phi   -1.56300e-01   5.91247e-02  -2.55892e-04  -1.15141e+00
  24  beta_phi    -2.50195e-02   1.02941e-01   8.00425e-05  -4.58319e+00
 MIGRAD MINIMIZATION HAS CONVERGED.
 MIGRAD WILL VERIFY CONVERGENCE AND ERROR MATRIX.
 COVARIANCE MATRIX CALCULATED SUCCESSFULLY
 FCN=13.0965 FROM MIGRAD    STATUS=CONVERGED     165 CALLS        3434 TOTAL
                     EDM=7.28713e-05    STRATEGY= 1      ERROR MATRIX ACCURATE 
  EXT PARAMETER                                   STEP         FIRST   
  NO.   NAME      VALUE            ERROR          SIZE      DERIVATIVE 
   1  N0           3.06701e+06     fixed    
   2  tau          6.43743e+01   constant   
   3  A0           3.38050e-01     fixed    
   4  phi          4.21847e+00     fixed    
   5  R           -6.00908e+01   constant   
   6  alpha_CBO   -8.04351e-03     fixed    
   7  w_CBO        2.32500e+00   constant   
   8  beta_CBO    -7.12654e-06   7.45376e-04   3.48827e-07  -5.10586e-04
   9  alpha_2CBO  -8.74388e-06   4.43251e-04   3.37684e-07  -4.64459e-03
  10  beta_2CBO   -2.64510e-04     fixed    
  11  alpha_y      0.00000e+00     fixed    
  12  w_y          1.44500e+01   constant   
  13  beta_y      -9.70899e-04     fixed    
  14  alpha_vw     0.00000e+00     fixed    
  15  w_vw         1.29000e+01   constant   
  16  beta_vw      0.00000e+00     fixed    
  17  LM          -9.88464e-04   constant   
  18  zeta_y       0.00000e+00   constant   
  19  zeta_vw      0.00000e+00   constant   
  20  T_CBO        1.20705e+02   2.23526e+02   9.13904e-06   6.93942e-03
  21  alpha_A0     4.09017e-02   4.41023e-02   2.54519e-06  -5.61639e-03
  22  beta_A0     -1.99205e-01   2.13850e-01   2.93378e-06   1.99367e-02
  23  alpha_phi   -1.56304e-01   1.68314e-01   3.18201e-06   1.34841e-02
  24  beta_phi    -2.49321e-02   2.31482e-02   2.65458e-06   2.02786e-03
 EXTERNAL ERROR MATRIX.    NDIM=  25    NPAR=  7    ERR DEF=1
  5.556e-07  1.629e-07  1.480e-01 -2.728e-05  1.274e-04  1.010e-04  1.194e-05 
  1.629e-07  1.965e-07  1.947e-02 -4.560e-06  1.639e-05  1.329e-05  2.084e-07 
  1.480e-01  1.947e-02  6.068e+04 -1.084e+01  5.267e+01  4.146e+01  5.594e+00 
 -2.728e-05 -4.560e-06 -1.084e+01  1.945e-03 -9.406e-03 -7.406e-03 -9.890e-04 
  1.274e-04  1.639e-05  5.267e+01 -9.406e-03  4.573e-02  3.599e-02  4.866e-03 
  1.010e-04  1.329e-05  4.146e+01 -7.406e-03  3.599e-02  2.833e-02  3.823e-03 
  1.194e-05  2.084e-07  5.594e+00 -9.890e-04  4.866e-03  3.823e-03  5.358e-04 
 PARAMETER  CORRELATION COEFFICIENTS  
       NO.  GLOBAL      8      9     20     21     22     23     24
        8  0.96687   1.000  0.493  0.806 -0.830  0.799  0.805  0.692
        9  0.90957   0.493  1.000  0.178 -0.233  0.173  0.178  0.020
       20  0.99998   0.806  0.178  1.000 -0.998  1.000  1.000  0.981
       21  0.99950  -0.830 -0.233 -0.998  1.000 -0.997 -0.998 -0.969
       22  0.99997   0.799  0.173  1.000 -0.997  1.000  1.000  0.983
       23  0.99995   0.805  0.178  1.000 -0.998  1.000  1.000  0.981
       24  0.99804   0.692  0.020  0.981 -0.969  0.983  0.981  1.000
MINUIT - FIT wiggle + 1-CBO + 2-CBO
 **********
 **   42 **RES 
 **********
                   PARAMETER   16  beta_vw RESTORED TO VARIABLE.
                   PARAMETER   14  alpha_vw RESTORED TO VARIABLE.
                   PARAMETER   13  beta_y RESTORED TO VARIABLE.
                   PARAMETER   11  alpha_y RESTORED TO VARIABLE.
                   PARAMETER   10  beta_2CBO RESTORED TO VARIABLE.
                   PARAMETER    6  alpha_CBO RESTORED TO VARIABLE.
                   PARAMETER    4  phi RESTORED TO VARIABLE.
                   PARAMETER    3  A0 RESTORED TO VARIABLE.
                   PARAMETER    1  N0 RESTORED TO VARIABLE.
 **********
 **   43 **FIX           10
 **********
 **********
 **   44 **FIX           11
 **********
 **********
 **   45 **FIX           12
 **********
 PARAMETER   12  IS CONSTANT.   IGNORED.
 **********
 **   46 **FIX           13
 **********
 **********
 **   47 **FIX           14
 **********
 **********
 **   48 **FIX           15
 **********
 PARAMETER   15  IS CONSTANT.   IGNORED.
 **********
 **   49 **FIX           16
 **********
 **********
 **   50 **MIGRAD
 **********
 START MIGRAD MINIMIZATION.  STRATEGY  1.  CONVERGENCE WHEN EDM .LT. 1.00e-04
 FCN=13.0965 FROM MIGRAD    STATUS=INITIATE       22 CALLS        3456 TOTAL
                     EDM= unknown      STRATEGY= 1      NO ERROR MATRIX       
  EXT PARAMETER               CURRENT GUESS       STEP         FIRST   
  NO.   NAME      VALUE            ERROR          SIZE      DERIVATIVE 
   1  N0           3.06701e+06   3.14168e+04   3.14168e+04  -5.62192e-08
   2  tau          6.43743e+01   constant   
   3  A0           3.38050e-01   5.43790e-03   5.43790e-03   2.23329e+01
   4  phi          4.21847e+00   7.25290e-02   7.25290e-02   5.95768e+00
   5  R           -6.00908e+01   constant   
   6  alpha_CBO   -8.04351e-03   1.04938e-02   1.04938e-02   4.98743e+01
   7  w_CBO        2.32500e+00   constant   
   8  beta_CBO    -7.12654e-06   7.45376e-04   3.48827e-07  -5.06569e-04
   9  alpha_2CBO  -8.74388e-06   4.43251e-04   3.37684e-07  -4.63135e-03
  10  beta_2CBO   -2.64510e-04     fixed    
  11  alpha_y      0.00000e+00     fixed    
  12  w_y          1.44500e+01   constant   
  13  beta_y      -9.70899e-04     fixed    
  14  alpha_vw     0.00000e+00     fixed    
  15  w_vw         1.29000e+01   constant   
  16  beta_vw      0.00000e+00     fixed    
  17  LM          -9.88464e-04   constant   
  18  zeta_y       0.00000e+00   constant   
  19  zeta_vw      0.00000e+00   constant   
  20  T_CBO        1.20705e+02   2.23526e+02   9.13904e-06   6.92348e-03
  21  alpha_A0     4.09017e-02   4.41023e-02   2.54519e-06  -5.59948e-03
  22  beta_A0     -1.99205e-01   2.13850e-01   2.93378e-06   1.99557e-02
  23  alpha_phi   -1.56304e-01   1.68314e-01   3.18201e-06   1.34845e-02
  24  beta_phi    -2.49321e-02   2.31482e-02   2.65458e-06   2.02816e-03
 MIGRAD MINIMIZATION HAS CONVERGED.
 MIGRAD WILL VERIFY CONVERGENCE AND ERROR MATRIX.
 FCN=13.0737 FROM HESSE     STATUS=NOT POSDEF    100 CALLS        3777 TOTAL
                     EDM=0.00047939    STRATEGY= 1      ERR MATRIX NOT POS-DEF
  EXT PARAMETER                APPROXIMATE        STEP         FIRST   
  NO.   NAME      VALUE            ERROR          SIZE      DERIVATIVE 
   1  N0           3.06712e+06   4.55301e+03   1.46252e+00  -5.61631e-08
   2  tau          6.43743e+01   constant   
   3  A0           3.37345e-01   2.70746e-03   3.96536e-07   8.18026e+00
   4  phi          4.21861e+00   8.04783e-03   2.01159e-06   1.29295e+00
   5  R           -6.00908e+01   constant   
   6  alpha_CBO   -8.66090e-03   1.81811e-03   3.28879e-07  -6.13351e+00
   7  w_CBO        2.32500e+00   constant   
   8  beta_CBO    -7.83189e-04   1.65797e-03   3.48641e-07   2.33427e+00
   9  alpha_2CBO  -2.87404e-04   6.98576e-04   3.37436e-07  -3.28118e+00
  10  beta_2CBO   -2.64510e-04     fixed    
  11  alpha_y      0.00000e+00     fixed    
  12  w_y          1.44500e+01   constant   
  13  beta_y      -9.70899e-04     fixed    
  14  alpha_vw     0.00000e+00     fixed    
  15  w_vw         1.29000e+01   constant   
  16  beta_vw      0.00000e+00     fixed    
  17  LM          -9.88464e-04   constant   
  18  zeta_y       0.00000e+00   constant   
  19  zeta_vw      0.00000e+00   constant   
  20  T_CBO        1.19081e+02   2.04730e+01   8.98975e-06  -2.26254e-01
  21  alpha_A0     4.64704e-02   1.53894e-02   2.56782e-06  -2.78077e-01
  22  beta_A0     -1.98502e-01   1.68693e-02   2.95325e-06   2.34093e-01
  23  alpha_phi   -1.53081e-01   1.65278e-02   3.19995e-06   5.37765e-01
  24  beta_phi    -2.15886e-02   1.41924e-02   2.67522e-06   3.91565e-01
 CALL LIMIT EXCEEDED IN MIGRAD.
 MIGRAD TERMINATED WITHOUT CONVERGENCE.
 FCN=12.6945 FROM MIGRAD    STATUS=CALL LIMIT   1909 CALLS        5343 TOTAL
                     EDM=0.00508445    STRATEGY= 1      ERR MATRIX NOT POS-DEF
  EXT PARAMETER                APPROXIMATE        STEP         FIRST   
  NO.   NAME      VALUE            ERROR          SIZE      DERIVATIVE 
   1  N0           3.05344e+06   1.57940e+04  -2.33953e+02  -1.36081e-04
   2  tau          6.43743e+01   constant   
   3  A0           3.10157e-01   1.11773e-02  -3.30993e-04  -4.45296e+02
   4  phi          4.14512e+00   4.77850e-02  -2.11918e-03   1.08526e+02
   5  R           -6.00908e+01   constant   
   6  alpha_CBO    1.88880e-03   6.43166e-03   2.11420e-04   6.45554e+02
   7  w_CBO        2.32500e+00   constant   
   8  beta_CBO    -1.40081e-02   6.21375e-03  -1.88819e-04   2.02276e+02
   9  alpha_2CBO  -5.72893e-04   1.45199e-03  -1.42348e-05  -1.65034e+02
  10  beta_2CBO   -2.64510e-04     fixed    
  11  alpha_y      0.00000e+00     fixed    
  12  w_y          1.44500e+01   constant   
  13  beta_y      -9.70899e-04     fixed    
  14  alpha_vw     0.00000e+00     fixed    
  15  w_vw         1.29000e+01   constant   
  16  beta_vw      0.00000e+00     fixed    
  17  LM          -9.88464e-04   constant   
  18  zeta_y       0.00000e+00   constant   
  19  zeta_vw      0.00000e+00   constant   
  20  T_CBO        1.50485e+02   1.35175e+01   1.32014e-03  -2.07052e+01
  21  alpha_A0     1.93558e-01   7.15419e-02   2.74623e-03  -2.08046e+01
  22  beta_A0     -1.72094e-01   4.77521e-02   1.71804e-03   3.05115e+00
  23  alpha_phi   -1.70488e-01   4.41772e-02   6.18243e-04   8.46659e+01
  24  beta_phi    -1.11857e-01   4.94013e-02  -1.56975e-03   1.46873e+01
 EXTERNAL ERROR MATRIX.    NDIM=  25    NPAR= 11    ERR DEF=1
  2.495e+08 
 -3.866e+01  1.249e-04 
  3.094e+02  3.813e-04  2.283e-03 
 -1.062e+01 -5.622e-05 -2.467e-04  4.137e-05 
 -2.084e+01  6.592e-05  2.093e-04 -2.412e-05  3.861e-05 
  8.802e+00 -1.969e-06  1.417e-05  3.632e-06  1.484e-06  2.108e-06 
 -8.010e+04 -8.594e-02 -5.121e-01  3.300e-02 -5.926e-02 -1.185e-02  1.828e+02 
 -7.156e+02 -4.612e-04 -3.151e-03  2.768e-04 -2.731e-04 -4.347e-05  8.238e-01  5.118e-03 
 -4.225e+02 -9.926e-05 -1.640e-03  5.782e-05 -1.089e-04 -5.159e-05  5.318e-01  2.621e-03  2.280e-03 
 -3.609e+02  1.641e-04 -4.049e-04 -1.167e-04  2.039e-05 -5.742e-05  3.056e-01  1.144e-03  1.715e-03  1.952e-03 
  5.415e+02  2.454e-04  1.907e-03 -2.466e-04  9.439e-05 -5.742e-06 -3.246e-01 -2.905e-03 -1.007e-03  4.074e-05  2.440e-03 
ERR MATRIX NOT POS-DEF
 PARAMETER  CORRELATION COEFFICIENTS  
       NO.  GLOBAL      1      3      4      6      8      9     20     21     22     23     24
        1  0.99994   1.000 -0.219  0.410 -0.105 -0.212  0.384 -0.375 -0.633 -0.560 -0.517  0.694
        3  0.99996  -0.219  1.000  0.714 -0.782  0.949 -0.121 -0.569 -0.577 -0.186  0.332  0.444
        4  0.99997   0.410  0.714  1.000 -0.803  0.705  0.204 -0.793 -0.922 -0.719 -0.192  0.808
        6  0.99989  -0.105 -0.782 -0.803  1.000 -0.604  0.389  0.379  0.601  0.188 -0.411 -0.776
        8  0.99984  -0.212  0.949  0.705 -0.604  1.000  0.165 -0.705 -0.614 -0.367  0.074  0.307
        9  0.99415   0.384 -0.121  0.204  0.389  0.165  1.000 -0.604 -0.418 -0.744 -0.895 -0.080
       20  0.99741  -0.375 -0.569 -0.793  0.379 -0.705 -0.604  1.000  0.852  0.824  0.512 -0.486
       21  0.99993  -0.633 -0.577 -0.922  0.601 -0.614 -0.418  0.852  1.000  0.767  0.362 -0.822
       22  0.99978  -0.560 -0.186 -0.719  0.188 -0.367 -0.744  0.824  0.767  1.000  0.813 -0.427
       23  0.99984  -0.517  0.332 -0.192 -0.411  0.074 -0.895  0.512  0.362  0.813  1.000  0.019
       24  0.99992   0.694  0.444  0.808 -0.776  0.307 -0.080 -0.486 -0.822 -0.427  0.019  1.000
 ERR MATRIX NOT POS-DEF
MINUIT - FIT ONLY 1-y
 **********
 **   51 **RES 
 **********
                   PARAMETER   16  beta_vw RESTORED TO VARIABLE.
                   PARAMETER   14  alpha_vw RESTORED TO VARIABLE.
                   PARAMETER   13  beta_y RESTORED TO VARIABLE.
                   PARAMETER   11  alpha_y RESTORED TO VARIABLE.
                   PARAMETER   10  beta_2CBO RESTORED TO VARIABLE.
 **********
 **   52 **FIX            0
 **********
 PARAMETER    0  IS UNDEFINED. IGNORED.
 **********
 **   53 **FIX            1
 **********
 **********
 **   54 **FIX            2
 **********
 PARAMETER    2  IS CONSTANT.   IGNORED.
 **********
 **   55 **FIX            3
 **********
 **********
 **   56 **FIX            4
 **********
 **********
 **   57 **FIX            5
 **********
 PARAMETER    5  IS CONSTANT.   IGNORED.
 **********
 **   58 **FIX            6
 **********
 **********
 **   59 **FIX            7
 **********
 PARAMETER    7  IS CONSTANT.   IGNORED.
 **********
 **   60 **FIX            8
 **********
 **********
 **   61 **FIX            9
 **********
 **********
 **   62 **FIX           13
 **********
 **********
 **   63 **FIX           14
 **********
 **********
 **   64 **FIX           15
 **********
 PARAMETER   15  IS CONSTANT.   IGNORED.
 **********
 **   65 **FIX           16
 **********
 **********
 **   66 **MIGRAD
 **********
 START MIGRAD MINIMIZATION.  STRATEGY  1.  CONVERGENCE WHEN EDM .LT. 1.00e-04
 FCN=12.6945 FROM MIGRAD    STATUS=INITIATE       16 CALLS        5359 TOTAL
                     EDM= unknown      STRATEGY= 1      NO ERROR MATRIX       
  EXT PARAMETER               CURRENT GUESS       STEP         FIRST   
  NO.   NAME      VALUE            ERROR          SIZE      DERIVATIVE 
   1  N0           3.05344e+06     fixed    
   2  tau          6.43743e+01   constant   
   3  A0           3.10157e-01     fixed    
   4  phi          4.14512e+00     fixed    
   5  R           -6.00908e+01   constant   
   6  alpha_CBO    1.88880e-03     fixed    
   7  w_CBO        2.32500e+00   constant   
   8  beta_CBO    -1.40081e-02     fixed    
   9  alpha_2CBO  -5.72893e-04     fixed    
  10  beta_2CBO   -2.64510e-04   1.64955e-03   1.64955e-03  -3.06897e+02
  11  alpha_y      0.00000e+00   1.00000e-03   1.00000e-03  -2.30152e+04
  12  w_y          1.44500e+01   constant   
  13  beta_y      -9.70899e-04     fixed    
  14  alpha_vw     0.00000e+00     fixed    
  15  w_vw         1.29000e+01   constant   
  16  beta_vw      0.00000e+00     fixed    
  17  LM          -9.88464e-04   constant   
  18  zeta_y       0.00000e+00   constant   
  19  zeta_vw      0.00000e+00   constant   
  20  T_CBO        1.50485e+02   1.35175e+01   1.32014e-03  -2.07052e+01
  21  alpha_A0     1.93558e-01   7.15419e-02   2.74623e-03  -2.08046e+01
  22  beta_A0     -1.72094e-01   4.77521e-02   1.71804e-03   3.05115e+00
  23  alpha_phi   -1.70488e-01   4.41772e-02   6.18243e-04   8.46659e+01
  24  beta_phi    -1.11857e-01   4.94013e-02  -1.56975e-03   1.46873e+01
 MIGRAD MINIMIZATION HAS CONVERGED.
 MIGRAD WILL VERIFY CONVERGENCE AND ERROR MATRIX.
 COVARIANCE MATRIX CALCULATED SUCCESSFULLY
 FCN=7.9328 FROM HESSE     STATUS=OK             50 CALLS        5488 TOTAL
                     EDM=0.00375516    STRATEGY= 1      ERROR MATRIX ACCURATE 
  EXT PARAMETER                                   STEP         FIRST   
  NO.   NAME      VALUE            ERROR          SIZE      DERIVATIVE 
   1  N0           3.05344e+06     fixed    
   2  tau          6.43743e+01   constant   
   3  A0           3.10157e-01     fixed    
   4  phi          4.14512e+00     fixed    
   5  R           -6.00908e+01   constant   
   6  alpha_CBO    1.88880e-03     fixed    
   7  w_CBO        2.32500e+00   constant   
   8  beta_CBO    -1.40081e-02     fixed    
   9  alpha_2CBO  -5.72893e-04     fixed    
  10  beta_2CBO   -2.93621e-04   3.80061e-04   2.70720e-07   1.17673e+00
  11  alpha_y      4.12946e-04   1.89420e-04   2.75117e-07   1.66832e+00
  12  w_y          1.44500e+01   constant   
  13  beta_y      -9.70899e-04     fixed    
  14  alpha_vw     0.00000e+00     fixed    
  15  w_vw         1.29000e+01   constant   
  16  beta_vw      0.00000e+00     fixed    
  17  LM          -9.88464e-04   constant   
  18  zeta_y       0.00000e+00   constant   
  19  zeta_vw      0.00000e+00   constant   
  20  T_CBO        1.50624e+02   2.62383e+02   7.12605e-06   1.31603e-02
  21  alpha_A0     1.93626e-01   1.61017e-01   2.18994e-06   1.57888e+00
  22  beta_A0     -1.72065e-01   1.43846e-01   2.52517e-06   8.50275e-01
  23  alpha_phi   -1.70727e-01   1.39355e-01   2.29691e-06   1.06489e+00
  24  beta_phi    -1.11798e-01   9.30425e-02   2.00883e-06   1.02642e+00
 CALL LIMIT EXCEEDED IN MIGRAD.
 MIGRAD TERMINATED WITHOUT CONVERGENCE.
 FCN=7.91527 FROM MIGRAD    STATUS=CALL LIMIT   1154 CALLS        6497 TOTAL
                     EDM=0.000154361    STRATEGY= 1  ERROR MATRIX UNCERTAINTY  22.4 per cent
  EXT PARAMETER                APPROXIMATE        STEP         FIRST   
  NO.   NAME      VALUE            ERROR          SIZE      DERIVATIVE 
   1  N0           3.05344e+06     fixed    
   2  tau          6.43743e+01   constant   
   3  A0           3.10157e-01     fixed    
   4  phi          4.14512e+00     fixed    
   5  R           -6.00908e+01   constant   
   6  alpha_CBO    1.88880e-03     fixed    
   7  w_CBO        2.32500e+00   constant   
   8  beta_CBO    -1.40081e-02     fixed    
   9  alpha_2CBO  -5.72893e-04     fixed    
  10  beta_2CBO   -2.40839e-04   3.04656e-04   5.90586e-07   2.47076e+01
  11  alpha_y      4.14719e-04   1.84434e-04   4.36106e-07   3.69424e+01
  12  w_y          1.44500e+01   constant   
  13  beta_y      -9.70899e-04     fixed    
  14  alpha_vw     0.00000e+00     fixed    
  15  w_vw         1.29000e+01   constant   
  16  beta_vw      0.00000e+00     fixed    
  17  LM          -9.88464e-04   constant   
  18  zeta_y       0.00000e+00   constant   
  19  zeta_vw      0.00000e+00   constant   
  20  T_CBO        1.06610e+02   6.88304e+01  -2.08752e-03  -6.46107e+00
  21  alpha_A0     2.30768e-01   8.93029e-02   8.26836e-04  -7.30899e+00
  22  beta_A0     -2.05267e-01   7.98793e-02  -7.37617e-04   3.12138e+00
  23  alpha_phi   -2.02822e-01   7.70289e-02  -7.14815e-04   4.90516e+00
  24  beta_phi    -1.33265e-01   5.16099e-02  -4.78106e-04   3.51881e+00
 EXTERNAL ERROR MATRIX.    NDIM=  25    NPAR=  7    ERR DEF=1
  9.282e-08 -3.154e-09 -8.660e-03  1.123e-05 -1.044e-05 -9.385e-06 -6.439e-06 
 -3.154e-09  3.402e-08 -1.740e-03  2.305e-06 -2.029e-06 -1.995e-06 -1.317e-06 
 -8.660e-03 -1.740e-03  4.818e+03 -6.198e+00  5.542e+00  5.346e+00  3.581e+00 
  1.123e-05  2.305e-06 -6.198e+00  7.975e-03 -7.129e-03 -6.875e-03 -4.606e-03 
