 + ++++++++++++++++++++++++++++++++++++++++++++++++++++++++++++++++++++ +
 +                                                                      +
 +           You have chose to blind your fitting according to          +
 +                omega_ref * (1 + (R +/- deltaR) *10^{-6})             +
 +                                                                      +
 + ++++++++++++++++++++++++++++++++++++++++++++++++++++++++++++++++++++ +
In main()...
reading format from /gm2data/zkhechad/run45/envelope/formats/formatB_sBin_constraintOn.txt
pBinTau 	= 0  
pBinPhi 	= 0  
constraintau 	= 1 
includeMopTerm 	= 0    
constrainMop    = 0   
Parameters after format file: pBinTau 0 pBinPhi 0 constraintau 1 includeMopTerm 0 constrainMop 0 c_e_scale 0.000000 
Opening file /gm2data/tbarrett/gm2fr/studies/run23_bunch_corrections/CorrectedFourier_Run3b.root.
reading full fit data from /gm2data/zkhechad/cboTemplates/Run4CBOTemplates/fullFits/noRF/sBin_constraintOn_cE0.0_seed0_noRF_calo13.root
windowBins = 34
fitting sliding window 0 from bin 136 at 20.142000 to bin 170 at 25.364000 (34 bins)

Reading data from /gm2data/cornell/histograms/aMethod/histogram_a_noRF.root
 **********
 **    1 **SET PRINTOUT            1
 **********
 **********
 **    2 **SET NOWARNINGS 
 **********
 PARAMETER DEFINITIONS:
    NO.   NAME         VALUE      STEP SIZE      LIMITS
     1 N0           3.45227e+06  1.00000e+02     no limits
     2 tau          6.44025e+01  constant
     3 A0           3.52708e-01  1.00000e-04     no limits
     4 phi          4.13064e+00  1.00000e-02     no limits
     5 R           -6.08848e+01  constant
     6 alpha_CBO    0.00000e+00  1.00000e-03     no limits
     7 w_CBO        2.32500e+00  constant
     8 beta_CBO     0.00000e+00  1.00000e-03     no limits
     9 alpha_2CBO   0.00000e+00  1.00000e-03     no limits
    10 beta_2CBO    0.00000e+00  1.00000e-03     no limits
    11 alpha_y      0.00000e+00  1.00000e-03     no limits
    12 w_y          1.38860e+01  constant
    13 beta_y       0.00000e+00  1.00000e-03     no limits
    14 alpha_vw     0.00000e+00  1.00000e-03     no limits
    15 w_vw         1.43404e+01  constant
    16 beta_vw      0.00000e+00  1.00000e-03     no limits
    17 LM          -3.36503e-05  constant
    18 zeta_y       0.00000e+00  constant
    19 zeta_vw      0.00000e+00  constant
    20 T_CBO        1.00000e+02  1.00000e+00    0.00000e+00  1.00000e+03
    21 alpha_A0     0.00000e+00  1.00000e-03     no limits
    22 beta_A0      0.00000e+00  1.00000e-03     no limits
    23 alpha_phi    0.00000e+00  1.00000e-03     no limits
    24 beta_phi     0.00000e+00  1.00000e-03     no limits
MINUIT - FIT ONLY WIGGLE
 **********
 **    3 **FIX            5
 **********
 PARAMETER    5  IS CONSTANT.   IGNORED.
 **********
 **    4 **FIX            6
 **********
 **********
 **    5 **FIX            7
 **********
 PARAMETER    7  IS CONSTANT.   IGNORED.
 **********
 **    6 **FIX            8
 **********
 **********
 **    7 **FIX            9
 **********
 **********
 **    8 **FIX           10
 **********
 **********
 **    9 **FIX           11
 **********
 **********
 **   10 **FIX           12
 **********
 PARAMETER   12  IS CONSTANT.   IGNORED.
 **********
 **   11 **FIX           13
 **********
 **********
 **   12 **FIX           14
 **********
 **********
 **   13 **FIX           15
 **********
 PARAMETER   15  IS CONSTANT.   IGNORED.
 **********
 **   14 **FIX           16
 **********
 **********
 **   15 **MIGRAD
 **********
 FIRST CALL TO USER FUNCTION AT NEW START POINT, WITH IFLAG=4.
 START MIGRAD MINIMIZATION.  STRATEGY  1.  CONVERGENCE WHEN EDM .LT. 1.00e-04
 FCN=17590.6 FROM MIGRAD    STATUS=INITIATE      435 CALLS         436 TOTAL
                     EDM= unknown      STRATEGY= 1      NO ERROR MATRIX       
  EXT PARAMETER               CURRENT GUESS       STEP         FIRST   
  NO.   NAME      VALUE            ERROR          SIZE      DERIVATIVE 
   1  N0           3.45227e+06   1.00000e+02   0.00000e+00  -1.25578e-01
   2  tau          6.44025e+01   constant   
   3  A0           3.52708e-01   1.00000e-04   0.00000e+00  -8.70396e+05
   4  phi          4.13064e+00   1.00000e-02   0.00000e+00   5.87474e+04
   5  R           -6.08848e+01   constant   
   6  alpha_CBO    0.00000e+00     fixed    
   7  w_CBO        2.32500e+00   constant   
   8  beta_CBO     0.00000e+00     fixed    
   9  alpha_2CBO   0.00000e+00     fixed    
  10  beta_2CBO    0.00000e+00     fixed    
  11  alpha_y      0.00000e+00     fixed    
  12  w_y          1.38860e+01   constant   
  13  beta_y       0.00000e+00     fixed    
  14  alpha_vw     0.00000e+00     fixed    
  15  w_vw         1.43404e+01   constant   
  16  beta_vw      0.00000e+00     fixed    
  17  LM          -3.36503e-05   constant   
  18  zeta_y       0.00000e+00   constant   
  19  zeta_vw      0.00000e+00   constant   
  20  T_CBO        1.00000e+02   1.00000e+00   0.00000e+00   0.00000e+00
  21  alpha_A0     0.00000e+00   1.00000e-03   0.00000e+00   1.00655e+04
  22  beta_A0      0.00000e+00   1.00000e-03   0.00000e+00   3.33997e+04
  23  alpha_phi    0.00000e+00   1.00000e-03   0.00000e+00  -3.43931e+04
  24  beta_phi     0.00000e+00   1.00000e-03   0.00000e+00  -2.29751e+04
 CALL LIMIT EXCEEDED IN MIGRAD.
 MIGRAD TERMINATED WITHOUT CONVERGENCE.
 FCN=12984.9 FROM MIGRAD    STATUS=CALL LIMIT   1328 CALLS        1329 TOTAL
                     EDM=45.0934    STRATEGY= 1  ERROR MATRIX UNCERTAINTY   0.1 per cent
  EXT PARAMETER                APPROXIMATE        STEP         FIRST   
  NO.   NAME      VALUE            ERROR          SIZE      DERIVATIVE 
   1  N0           3.44933e+06   2.58720e+02  -6.73806e+00  -1.57425e-03
   2  tau          6.44025e+01   constant   
   3  A0           3.58711e-01   1.06593e-04  -6.20581e-05  -2.76376e+04
   4  phi          4.12128e+00   3.13595e-04   1.92461e-04   1.70698e+04
   5  R           -6.08848e+01   constant   
   6  alpha_CBO    0.00000e+00     fixed    
   7  w_CBO        2.32500e+00   constant   
   8  beta_CBO     0.00000e+00     fixed    
   9  alpha_2CBO   0.00000e+00     fixed    
  10  beta_2CBO    0.00000e+00     fixed    
  11  alpha_y      0.00000e+00     fixed    
  12  w_y          1.38860e+01   constant   
  13  beta_y       0.00000e+00     fixed    
  14  alpha_vw     0.00000e+00     fixed    
  15  w_vw         1.43404e+01   constant   
  16  beta_vw      0.00000e+00     fixed    
  17  LM          -3.36503e-05   constant   
  18  zeta_y       0.00000e+00   constant   
  19  zeta_vw      0.00000e+00   constant   
  20  T_CBO        2.85443e+00   1.79111e-02  -1.80730e-05  -3.40918e+04
  21  alpha_A0     4.17725e+01   1.84076e+00   4.70576e+00  -1.61367e+01
  22  beta_A0     -2.89170e+01   1.27231e+00  -3.25212e+00  -2.60971e+01
  23  alpha_phi    2.40040e+01   1.05694e+00   2.70182e+00   1.22908e+01
  24  beta_phi    -1.39758e+01   6.16846e-01  -1.57712e+00   2.95507e+01
 EXTERNAL ERROR MATRIX.    NDIM=  25    NPAR=  8    ERR DEF=1
  6.694e+04 -7.069e-03  1.010e-02  5.961e-01 -2.446e+01  1.694e+01 -1.405e+01  8.183e+00 
 -7.069e-03  1.136e-08 -7.530e-09 -4.566e-07 -5.552e-06  3.819e-06 -3.182e-06  1.870e-06 
  1.010e-02 -7.530e-09  9.834e-08  1.010e-06 -3.109e-06  2.196e-06 -1.802e-06  1.019e-06 
  5.961e-01 -4.566e-07  1.010e-06  3.208e-04  2.978e-02 -2.058e-02  1.710e-02 -9.979e-03 
 -2.446e+01 -5.552e-06 -3.109e-06  2.978e-02  3.388e+00 -2.342e+00  1.946e+00 -1.135e+00 
  1.694e+01  3.819e-06  2.196e-06 -2.058e-02 -2.342e+00  1.619e+00 -1.345e+00  7.848e-01 
 -1.405e+01 -3.182e-06 -1.802e-06  1.710e-02  1.946e+00 -1.345e+00  1.117e+00 -6.520e-01 
  8.183e+00  1.870e-06  1.019e-06 -9.979e-03 -1.135e+00  7.848e-01 -6.520e-01  3.805e-01 
ERR MATRIX APPROXIMATE
 PARAMETER  CORRELATION COEFFICIENTS  
       NO.  GLOBAL      1      3      4     20     21     22     23     24
        1  0.46753   1.000 -0.256  0.124  0.129 -0.051  0.051 -0.051  0.051
        3  0.61279  -0.256  1.000 -0.225 -0.239 -0.028  0.028 -0.028  0.028
        4  0.54828   0.124 -0.225  1.000  0.180 -0.005  0.006 -0.005  0.005
       20  0.94653   0.129 -0.239  0.180  1.000  0.903 -0.903  0.903 -0.903
       21  1.00000  -0.051 -0.028 -0.005  0.903  1.000 -1.000  1.000 -1.000
       22  1.00000   0.051  0.028  0.006 -0.903 -1.000  1.000 -1.000  1.000
       23  1.00000  -0.051 -0.028 -0.005  0.903  1.000 -1.000  1.000 -1.000
       24  1.00000   0.051  0.028  0.005 -0.903 -1.000  1.000 -1.000  1.000
 ERR MATRIX APPROXIMATE
MINUIT - FIT ONLY 1-CBO + wiggle
 **********
 **   16 **RES 
 **********
                   PARAMETER   16  beta_vw RESTORED TO VARIABLE.
                   PARAMETER   14  alpha_vw RESTORED TO VARIABLE.
                   PARAMETER   13  beta_y RESTORED TO VARIABLE.
                   PARAMETER   11  alpha_y RESTORED TO VARIABLE.
                   PARAMETER   10  beta_2CBO RESTORED TO VARIABLE.
                   PARAMETER    9  alpha_2CBO RESTORED TO VARIABLE.
                   PARAMETER    8  beta_CBO RESTORED TO VARIABLE.
                   PARAMETER    6  alpha_CBO RESTORED TO VARIABLE.
 **********
 **   17 **FIX            8
 **********
 **********
 **   18 **FIX            9
 **********
 **********
 **   19 **FIX           11
 **********
 **********
 **   20 **FIX           12
 **********
 PARAMETER   12  IS CONSTANT.   IGNORED.
 **********
 **   21 **FIX           14
 **********
 **********
 **   22 **FIX           15
 **********
 PARAMETER   15  IS CONSTANT.   IGNORED.
 **********
 **   23 **FIX           16
 **********
 **********
 **   24 **MIGRAD
 **********
 START MIGRAD MINIMIZATION.  STRATEGY  1.  CONVERGENCE WHEN EDM .LT. 1.00e-04
 FCN=12984.9 FROM MIGRAD    STATUS=INITIATE       28 CALLS        1357 TOTAL
                     EDM= unknown      STRATEGY= 1      NO ERROR MATRIX       
  EXT PARAMETER               CURRENT GUESS       STEP         FIRST   
  NO.   NAME      VALUE            ERROR          SIZE      DERIVATIVE 
   1  N0           3.44933e+06   2.58720e+02  -6.73806e+00  -1.57425e-03
   2  tau          6.44025e+01   constant   
   3  A0           3.58711e-01   1.06593e-04  -6.20581e-05  -2.76376e+04
   4  phi          4.12128e+00   3.13595e-04   1.92461e-04   1.70698e+04
   5  R           -6.08848e+01   constant   
   6  alpha_CBO    0.00000e+00   1.00000e-03   1.00000e-03  -8.72056e+05
   7  w_CBO        2.32500e+00   constant   
   8  beta_CBO     0.00000e+00     fixed    
   9  alpha_2CBO   0.00000e+00     fixed    
  10  beta_2CBO    0.00000e+00   1.00000e-03   1.00000e-03   8.02609e+04
  11  alpha_y      0.00000e+00     fixed    
  12  w_y          1.38860e+01   constant   
  13  beta_y       0.00000e+00   1.00000e-03   1.00000e-03   5.36891e+05
  14  alpha_vw     0.00000e+00     fixed    
  15  w_vw         1.43404e+01   constant   
  16  beta_vw      0.00000e+00     fixed    
  17  LM          -3.36503e-05   constant   
  18  zeta_y       0.00000e+00   constant   
  19  zeta_vw      0.00000e+00   constant   
  20  T_CBO        2.85443e+00   1.79111e-02  -1.80730e-05   3.40916e+04
  21  alpha_A0     4.17725e+01   1.84076e+00   4.70576e+00  -1.61367e+01
  22  beta_A0     -2.89170e+01   1.27231e+00  -3.25212e+00  -2.60971e+01
  23  alpha_phi    2.40040e+01   1.05694e+00   2.70182e+00   1.22908e+01
  24  beta_phi    -1.39758e+01   6.16846e-01  -1.57712e+00   2.95507e+01
 CALL LIMIT EXCEEDED IN MIGRAD.
 MIGRAD TERMINATED WITHOUT CONVERGENCE.
 FCN=3831.93 FROM MIGRAD    STATUS=CALL LIMIT   1918 CALLS        3247 TOTAL
                     EDM=0.361663    STRATEGY= 1  ERROR MATRIX UNCERTAINTY   3.2 per cent
  EXT PARAMETER                APPROXIMATE        STEP         FIRST   
  NO.   NAME      VALUE            ERROR          SIZE      DERIVATIVE 
   1  N0           3.38681e+06   9.32841e+02   9.84316e+01  -2.97642e-03
   2  tau          6.44025e+01   constant   
   3  A0           3.91717e-01   6.50875e-04  -7.15605e-05   6.45313e+03
   4  phi          4.08904e+00   4.98125e-04  -1.63908e-05  -2.49143e+03
   5  R           -6.08848e+01   constant   
   6  alpha_CBO   -2.81682e-03   2.52102e-04   8.20834e-06  -2.81554e+03
   7  w_CBO        2.32500e+00   constant   
   8  beta_CBO     0.00000e+00     fixed    
   9  alpha_2CBO   0.00000e+00     fixed    
  10  beta_2CBO   -1.36961e-03   1.14373e-04  -3.39797e-06   1.91798e+03
  11  alpha_y      0.00000e+00     fixed    
  12  w_y          1.38860e+01   constant   
  13  beta_y      -3.30924e-03   9.51914e-05  -5.72374e-06   2.65542e+03
  14  alpha_vw     0.00000e+00     fixed    
  15  w_vw         1.43404e+01   constant   
  16  beta_vw      0.00000e+00     fixed    
  17  LM          -3.36503e-05   constant   
  18  zeta_y       0.00000e+00   constant   
  19  zeta_vw      0.00000e+00   constant   
  20  T_CBO        2.52204e+00   1.35936e-02  -1.13870e-04  -1.09568e+05
  21  alpha_A0     7.49718e+02   3.22826e+01   1.32014e+01  -6.86697e-01
  22  beta_A0      2.70448e+02   1.22986e+01   4.47156e+00   2.12099e-01
  23  alpha_phi    1.95757e+02   8.57565e+00   3.40714e+00  -1.54356e-01
  24  beta_phi    -8.16346e+02   3.59784e+01  -1.45554e+01   2.10964e-01
 EXTERNAL ERROR MATRIX.    NDIM=  25    NPAR= 11    ERR DEF=1
  8.702e+05 
 -5.655e-01  4.236e-07 
  1.147e-01 -2.035e-08  2.481e-07 
  1.695e-01 -1.392e-07 -2.600e-08  6.356e-08 
  1.155e-02 -1.296e-08 -2.559e-09  6.420e-09  1.308e-08 
  1.278e-02 -8.913e-09  2.267e-10  2.697e-09 -6.138e-10  9.061e-09 
 -3.959e+00  3.042e-06  1.337e-06 -5.952e-07  1.972e-08 -4.023e-08  1.848e-04 
  1.938e+03 -2.097e-03 -4.516e-03 -2.151e-04 -1.888e-04  3.890e-06 -4.241e-01  1.042e+03 
 -1.506e+03  1.290e-03 -6.285e-04 -9.371e-04 -1.979e-04 -6.887e-05 -1.424e-01  3.711e+02  1.513e+02 
 -3.799e+02  5.722e-04  6.762e-05 -6.228e-04 -3.788e-05 -4.164e-05 -9.799e-02  2.487e+02  1.006e+02  7.354e+01 
 -7.768e+02  1.160e-03  4.591e-03  6.809e-04  2.626e-04  4.343e-05  4.663e-01 -1.158e+03 -4.229e+02 -2.837e+02  1.294e+03 
ERR MATRIX APPROXIMATE
 PARAMETER  CORRELATION COEFFICIENTS  
       NO.  GLOBAL      1      3      4      6     10     13     20     21     22     23     24
        1  0.98865   1.000 -0.931  0.247  0.721  0.108  0.144 -0.312  0.064 -0.131 -0.047 -0.023
        3  0.99526  -0.931  1.000 -0.063 -0.848 -0.174 -0.144  0.344 -0.100  0.161  0.103  0.050
        4  0.94630   0.247 -0.063  1.000 -0.207 -0.045  0.005  0.197 -0.281 -0.103  0.016  0.256
        6  0.93658   0.721 -0.848 -0.207  1.000  0.223  0.112 -0.174 -0.026 -0.302 -0.288  0.075
       10  0.51930   0.108 -0.174 -0.045  0.223  1.000 -0.056  0.013 -0.051 -0.141 -0.039  0.064
       13  0.38713   0.144 -0.144  0.005  0.112 -0.056  1.000 -0.031  0.001 -0.059 -0.051  0.013
       20  0.99986  -0.312  0.344  0.197 -0.174  0.013 -0.031  1.000 -0.966 -0.851 -0.841  0.953
       21  0.99980   0.064 -0.100 -0.281 -0.026 -0.051  0.001 -0.966  1.000  0.935  0.898 -0.997
       22  0.99536  -0.131  0.161 -0.103 -0.302 -0.141 -0.059 -0.851  0.935  1.000  0.954 -0.956
       23  0.98146  -0.047  0.103  0.016 -0.288 -0.039 -0.051 -0.841  0.898  0.954  1.000 -0.919
       24  0.99967  -0.023  0.050  0.256  0.075  0.064  0.013  0.953 -0.997 -0.956 -0.919  1.000
 ERR MATRIX APPROXIMATE
MINUIT - FIT ONLY 2-CBO
 **********
 **   25 **RES 
 **********
                   PARAMETER   16  beta_vw RESTORED TO VARIABLE.
                   PARAMETER   14  alpha_vw RESTORED TO VARIABLE.
                   PARAMETER   11  alpha_y RESTORED TO VARIABLE.
                   PARAMETER    9  alpha_2CBO RESTORED TO VARIABLE.
                   PARAMETER    8  beta_CBO RESTORED TO VARIABLE.
 **********
 **   26 **FIX            0
 **********
 PARAMETER    0  IS UNDEFINED. IGNORED.
 **********
 **   27 **FIX            1
 **********
 **********
 **   28 **FIX            2
 **********
 PARAMETER    2  IS CONSTANT.   IGNORED.
 **********
 **   29 **FIX            3
 **********
 **********
 **   30 **FIX            4
 **********
 **********
 **   31 **FIX            5
 **********
 PARAMETER    5  IS CONSTANT.   IGNORED.
 **********
 **   32 **FIX            6
 **********
 **********
 **   33 **FIX            7
 **********
 PARAMETER    7  IS CONSTANT.   IGNORED.
 **********
 **   34 **FIX           10
 **********
 **********
 **   35 **FIX           11
 **********
 **********
 **   36 **FIX           12
 **********
 PARAMETER   12  IS CONSTANT.   IGNORED.
 **********
 **   37 **FIX           13
 **********
 **********
 **   38 **FIX           14
 **********
 **********
 **   39 **FIX           15
 **********
 PARAMETER   15  IS CONSTANT.   IGNORED.
 **********
 **   40 **FIX           16
 **********
 **********
 **   41 **MIGRAD
 **********
 START MIGRAD MINIMIZATION.  STRATEGY  1.  CONVERGENCE WHEN EDM .LT. 1.00e-04
 FCN=3831.93 FROM MIGRAD    STATUS=INITIATE       18 CALLS        3265 TOTAL
                     EDM= unknown      STRATEGY= 1      NO ERROR MATRIX       
  EXT PARAMETER               CURRENT GUESS       STEP         FIRST   
  NO.   NAME      VALUE            ERROR          SIZE      DERIVATIVE 
   1  N0           3.38681e+06     fixed    
   2  tau          6.44025e+01   constant   
   3  A0           3.91717e-01     fixed    
   4  phi          4.08904e+00     fixed    
   5  R           -6.08848e+01   constant   
   6  alpha_CBO   -2.81682e-03     fixed    
   7  w_CBO        2.32500e+00   constant   
   8  beta_CBO     0.00000e+00   1.00000e-03   1.00000e-03   1.96472e+04
   9  alpha_2CBO   0.00000e+00   1.00000e-03   1.00000e-03  -2.05113e+05
  10  beta_2CBO   -1.36961e-03     fixed    
  11  alpha_y      0.00000e+00     fixed    
  12  w_y          1.38860e+01   constant   
  13  beta_y      -3.30924e-03     fixed    
  14  alpha_vw     0.00000e+00     fixed    
  15  w_vw         1.43404e+01   constant   
  16  beta_vw      0.00000e+00     fixed    
  17  LM          -3.36503e-05   constant   
  18  zeta_y       0.00000e+00   constant   
  19  zeta_vw      0.00000e+00   constant   
  20  T_CBO        2.52204e+00   1.35936e-02  -1.13870e-04  -1.09568e+05
  21  alpha_A0     7.49718e+02   3.22826e+01   1.32014e+01  -6.86697e-01
  22  beta_A0      2.70448e+02   1.22986e+01   4.47156e+00   2.12099e-01
  23  alpha_phi    1.95757e+02   8.57565e+00   3.40714e+00  -1.54356e-01
  24  beta_phi    -8.16346e+02   3.59784e+01  -1.45554e+01   2.10964e-01
 MIGRAD MINIMIZATION HAS CONVERGED.
 MIGRAD WILL VERIFY CONVERGENCE AND ERROR MATRIX.
 COVARIANCE MATRIX CALCULATED SUCCESSFULLY
 FCN=3671.34 FROM MIGRAD    STATUS=CONVERGED     491 CALLS        3738 TOTAL
                     EDM=5.5334e-05    STRATEGY= 1      ERROR MATRIX ACCURATE 
  EXT PARAMETER                                   STEP         FIRST   
  NO.   NAME      VALUE            ERROR          SIZE      DERIVATIVE 
   1  N0           3.38681e+06     fixed    
   2  tau          6.44025e+01   constant   
   3  A0           3.91717e-01     fixed    
   4  phi          4.08904e+00     fixed    
   5  R           -6.08848e+01   constant   
   6  alpha_CBO   -2.81682e-03     fixed    
   7  w_CBO        2.32500e+00   constant   
   8  beta_CBO    -4.06503e-04   1.36865e-04   2.85882e-06   4.27210e+00
   9  alpha_2CBO   1.47703e-03   1.49407e-04   2.80741e-06  -5.20986e+00
  10  beta_2CBO   -1.36961e-03     fixed    
  11  alpha_y      0.00000e+00     fixed    
  12  w_y          1.38860e+01   constant   
  13  beta_y      -3.30924e-03     fixed    
  14  alpha_vw     0.00000e+00     fixed    
  15  w_vw         1.43404e+01   constant   
  16  beta_vw      0.00000e+00     fixed    
  17  LM          -3.36503e-05   constant   
  18  zeta_y       0.00000e+00   constant   
  19  zeta_vw      0.00000e+00   constant   
  20  T_CBO        2.37881e+00   4.27781e-02   7.02482e-07  -4.28621e+02
  21  alpha_A0     1.24962e+03   2.04955e+02   1.03111e-01  -9.64047e-04
  22  beta_A0      4.75776e+02   8.43772e+01   1.00249e-01  -3.32566e-04
  23  alpha_phi    3.40995e+02   5.60754e+01   9.98651e-02  -8.83608e-05
  24  beta_phi    -1.41456e+03   2.40909e+02   1.15048e-01   6.40266e-04
 EXTERNAL ERROR MATRIX.    NDIM=  25    NPAR=  7    ERR DEF=1
  1.873e-08 -9.097e-09  3.594e-06 -1.722e-02 -7.269e-03 -4.742e-03  2.028e-02 
 -9.097e-09  2.232e-08 -4.496e-06  2.143e-02  8.864e-03  5.999e-03 -2.547e-02 
  3.594e-06 -4.496e-06  1.830e-03 -8.766e+00 -3.605e+00 -2.394e+00  1.030e+01 
 -1.722e-02  2.143e-02 -8.766e+00  4.201e+04  1.727e+04  1.146e+04 -4.936e+04 
 -7.269e-03  8.864e-03 -3.605e+00  1.727e+04  7.120e+03  4.717e+03 -2.031e+04 
 -4.742e-03  5.999e-03 -2.394e+00  1.146e+04  4.717e+03  3.144e+03 -1.348e+04 
  2.028e-02 -2.547e-02  1.030e+01 -4.936e+04 -2.031e+04 -1.348e+04  5.804e+04 
 PARAMETER  CORRELATION COEFFICIENTS  
       NO.  GLOBAL      8      9     20     21     22     23     24
        8  0.70830   1.000 -0.445  0.614 -0.614 -0.629 -0.618  0.615
        9  0.77249  -0.445  1.000 -0.703  0.700  0.703  0.716 -0.708
       20  0.99993   0.614 -0.703  1.000 -1.000 -0.999 -0.998  1.000
       21  0.99986  -0.614  0.700 -1.000  1.000  0.999  0.997 -1.000
       22  0.99919  -0.629  0.703 -0.999  0.999  1.000  0.997 -0.999
       23  0.99819  -0.618  0.716 -0.998  0.997  0.997  1.000 -0.998
       24  0.99987   0.615 -0.708  1.000 -1.000 -0.999 -0.998  1.000
MINUIT - FIT wiggle + 1-CBO + 2-CBO
 **********
 **   42 **RES 
 **********
                   PARAMETER   16  beta_vw RESTORED TO VARIABLE.
                   PARAMETER   14  alpha_vw RESTORED TO VARIABLE.
                   PARAMETER   13  beta_y RESTORED TO VARIABLE.
                   PARAMETER   11  alpha_y RESTORED TO VARIABLE.
                   PARAMETER   10  beta_2CBO RESTORED TO VARIABLE.
                   PARAMETER    6  alpha_CBO RESTORED TO VARIABLE.
                   PARAMETER    4  phi RESTORED TO VARIABLE.
                   PARAMETER    3  A0 RESTORED TO VARIABLE.
                   PARAMETER    1  N0 RESTORED TO VARIABLE.
 **********
 **   43 **FIX           10
 **********
 **********
 **   44 **FIX           11
 **********
 **********
 **   45 **FIX           12
 **********
 PARAMETER   12  IS CONSTANT.   IGNORED.
 **********
 **   46 **FIX           13
 **********
 **********
 **   47 **FIX           14
 **********
 **********
 **   48 **FIX           15
 **********
 PARAMETER   15  IS CONSTANT.   IGNORED.
 **********
 **   49 **FIX           16
 **********
 **********
 **   50 **MIGRAD
 **********
 START MIGRAD MINIMIZATION.  STRATEGY  1.  CONVERGENCE WHEN EDM .LT. 1.00e-04
 FCN=3671.34 FROM MIGRAD    STATUS=INITIATE       22 CALLS        3760 TOTAL
                     EDM= unknown      STRATEGY= 1      NO ERROR MATRIX       
  EXT PARAMETER               CURRENT GUESS       STEP         FIRST   
  NO.   NAME      VALUE            ERROR          SIZE      DERIVATIVE 
   1  N0           3.38681e+06   9.32841e+02   9.32841e+02   1.15494e-03
   2  tau          6.44025e+01   constant   
   3  A0           3.91717e-01   6.50875e-04   6.50875e-04   2.33827e+04
   4  phi          4.08904e+00   4.98125e-04   4.98125e-04   2.97703e+02
   5  R           -6.08848e+01   constant   
   6  alpha_CBO   -2.81682e-03   2.52102e-04   2.52102e-04   1.02598e+05
   7  w_CBO        2.32500e+00   constant   
   8  beta_CBO    -4.06503e-04   1.36865e-04   2.85882e-06   4.27214e+00
   9  alpha_2CBO   1.47703e-03   1.49407e-04   2.80741e-06  -5.20986e+00
  10  beta_2CBO   -1.36961e-03     fixed    
  11  alpha_y      0.00000e+00     fixed    
  12  w_y          1.38860e+01   constant   
  13  beta_y      -3.30924e-03     fixed    
  14  alpha_vw     0.00000e+00     fixed    
  15  w_vw         1.43404e+01   constant   
  16  beta_vw      0.00000e+00     fixed    
  17  LM          -3.36503e-05   constant   
  18  zeta_y       0.00000e+00   constant   
  19  zeta_vw      0.00000e+00   constant   
  20  T_CBO        2.37881e+00   4.27781e-02   7.02482e-07  -4.28038e+02
  21  alpha_A0     1.24962e+03   2.04955e+02   1.03111e-01  -9.64003e-04
  22  beta_A0      4.75776e+02   8.43772e+01   1.00249e-01  -3.32501e-04
  23  alpha_phi    3.40995e+02   5.60754e+01   9.98651e-02  -8.83611e-05
  24  beta_phi    -1.41456e+03   2.40909e+02   1.15048e-01   6.40266e-04
 CALL LIMIT EXCEEDED IN MIGRAD.
 MIGRAD TERMINATED WITHOUT CONVERGENCE.
 FCN=3543.49 FROM MIGRAD    STATUS=CALL LIMIT   1924 CALLS        5662 TOTAL
                     EDM=0.127765    STRATEGY= 1  ERROR MATRIX UNCERTAINTY  18.0 per cent
  EXT PARAMETER                APPROXIMATE        STEP         FIRST   
  NO.   NAME      VALUE            ERROR          SIZE      DERIVATIVE 
   1  N0           3.38753e+06   2.20575e+03  -4.00829e+02  -5.66737e-04
   2  tau          6.44025e+01   constant   
   3  A0           3.92717e-01   1.37184e-03   2.92181e-04   1.14984e+03
   4  phi          4.09121e+00   1.61628e-03  -1.65707e-04  -6.90398e+02
   5  R           -6.08848e+01   constant   
   6  alpha_CBO   -5.40412e-03   4.15689e-04  -8.95957e-05   1.47365e+03
   7  w_CBO        2.32500e+00   constant   
   8  beta_CBO    -1.14328e-03   3.66491e-04   4.68398e-05   1.91492e+03
   9  alpha_2CBO   2.33516e-03   1.53408e-04   2.13915e-05  -2.39369e+02
  10  beta_2CBO   -1.36961e-03     fixed    
  11  alpha_y      0.00000e+00     fixed    
  12  w_y          1.38860e+01   constant   
  13  beta_y      -3.30924e-03     fixed    
  14  alpha_vw     0.00000e+00     fixed    
  15  w_vw         1.43404e+01   constant   
  16  beta_vw      0.00000e+00     fixed    
  17  LM          -3.36503e-05   constant   
  18  zeta_y       0.00000e+00   constant   
  19  zeta_vw      0.00000e+00   constant   
  20  T_CBO        2.13267e+00   1.20486e-02   3.27827e-05  -1.79810e+04
  21  alpha_A0     3.64530e+03   1.58314e+02  -4.65109e+00   9.93606e-03
  22  beta_A0      1.57942e+03   8.98722e+01  -9.75566e-01   3.81570e-02
  23  alpha_phi    1.09174e+03   6.57643e+01  -7.33947e-01   2.04174e-02
  24  beta_phi    -4.22852e+03   1.84909e+02   1.47787e+00   4.94490e-02
 EXTERNAL ERROR MATRIX.    NDIM=  25    NPAR= 11    ERR DEF=1
  4.865e+06 
 -2.949e+00  1.882e-06 
  3.121e+00 -1.745e-06  2.612e-06 
  7.302e-01 -5.086e-07  3.207e-07  1.728e-07 
 -7.118e-01  4.103e-07 -5.619e-07 -8.423e-08  1.343e-07 
 -1.368e-01  1.071e-07 -2.183e-08 -4.036e-08  9.414e-09  2.353e-08 
 -1.842e+01  1.031e-05 -1.274e-05 -1.896e-06  2.890e-06  2.848e-07  1.452e-04 
  8.186e+04 -3.233e-02  6.764e-02 -4.276e-03 -1.499e-02  1.840e-03 -1.641e+00  2.506e+04 
  7.537e+04 -3.097e-02  7.673e-02 -2.207e-03 -1.650e-02  2.482e-03 -9.594e-01  1.324e+04  8.077e+03 
  6.710e+04 -2.937e-02  6.593e-02 -2.752e-04 -1.389e-02  1.896e-03 -7.088e-01  9.216e+03  5.804e+03  4.325e+03 
 -7.797e+04  2.386e-02 -7.757e-02  9.917e-03  1.666e-02 -4.229e-03  1.860e+00 -2.910e+04 -1.571e+04 -1.094e+04  3.419e+04 
ERR MATRIX APPROXIMATE
 PARAMETER  CORRELATION COEFFICIENTS  
       NO.  GLOBAL      1      3      4      6      8      9     20     21     22     23     24
        1  0.99558   1.000 -0.974  0.876  0.796 -0.880 -0.404 -0.693  0.234  0.380  0.463 -0.191
        3  0.99797  -0.974  1.000 -0.787 -0.892  0.816  0.509  0.624 -0.149 -0.251 -0.326  0.094
        4  0.99257   0.876 -0.787  1.000  0.477 -0.949 -0.088 -0.654  0.264  0.528  0.620 -0.260
        6  0.97934   0.796 -0.892  0.477  1.000 -0.553 -0.633 -0.378 -0.065 -0.059 -0.010  0.129
        8  0.97339  -0.880  0.816 -0.949 -0.553  1.000  0.167  0.654 -0.258 -0.501 -0.576  0.246
        9  0.76295  -0.404  0.509 -0.088 -0.633  0.167  1.000  0.154  0.076  0.180  0.188 -0.149
       20  0.99966  -0.693  0.624 -0.654 -0.378  0.654  0.154  1.000 -0.860 -0.886 -0.894  0.835
       21  0.99903   0.234 -0.149  0.264 -0.065 -0.258  0.076 -0.860  1.000  0.931  0.885 -0.994
       22  0.99811   0.380 -0.251  0.528 -0.059 -0.501  0.180 -0.886  0.931  1.000  0.982 -0.945
       23  0.99521   0.463 -0.326  0.620 -0.010 -0.576  0.188 -0.894  0.885  0.982  1.000 -0.900
       24  0.99960  -0.191  0.094 -0.260  0.129  0.246 -0.149  0.835 -0.994 -0.945 -0.900  1.000
 ERR MATRIX APPROXIMATE
MINUIT - FIT ONLY 1-y
 **********
 **   51 **RES 
 **********
                   PARAMETER   16  beta_vw RESTORED TO VARIABLE.
                   PARAMETER   14  alpha_vw RESTORED TO VARIABLE.
                   PARAMETER   13  beta_y RESTORED TO VARIABLE.
                   PARAMETER   11  alpha_y RESTORED TO VARIABLE.
                   PARAMETER   10  beta_2CBO RESTORED TO VARIABLE.
 **********
 **   52 **FIX            0
 **********
 PARAMETER    0  IS UNDEFINED. IGNORED.
 **********
 **   53 **FIX            1
 **********
 **********
 **   54 **FIX            2
 **********
 PARAMETER    2  IS CONSTANT.   IGNORED.
 **********
 **   55 **FIX            3
 **********
 **********
 **   56 **FIX            4
 **********
 **********
 **   57 **FIX            5
 **********
 PARAMETER    5  IS CONSTANT.   IGNORED.
 **********
 **   58 **FIX            6
 **********
 **********
 **   59 **FIX            7
 **********
 PARAMETER    7  IS CONSTANT.   IGNORED.
 **********
 **   60 **FIX            8
 **********
 **********
 **   61 **FIX            9
 **********
 **********
 **   62 **FIX           13
 **********
 **********
 **   63 **FIX           14
 **********
 **********
 **   64 **FIX           15
 **********
 PARAMETER   15  IS CONSTANT.   IGNORED.
 **********
 **   65 **FIX           16
 **********
 **********
 **   66 **MIGRAD
 **********
 START MIGRAD MINIMIZATION.  STRATEGY  1.  CONVERGENCE WHEN EDM .LT. 1.00e-04
 FCN=3543.49 FROM MIGRAD    STATUS=INITIATE       16 CALLS        5678 TOTAL
                     EDM= unknown      STRATEGY= 1      NO ERROR MATRIX       
  EXT PARAMETER               CURRENT GUESS       STEP         FIRST   
  NO.   NAME      VALUE            ERROR          SIZE      DERIVATIVE 
   1  N0           3.38753e+06     fixed    
   2  tau          6.44025e+01   constant   
   3  A0           3.92717e-01     fixed    
   4  phi          4.09121e+00     fixed    
   5  R           -6.08848e+01   constant   
   6  alpha_CBO   -5.40412e-03     fixed    
   7  w_CBO        2.32500e+00   constant   
   8  beta_CBO    -1.14328e-03     fixed    
   9  alpha_2CBO   2.33516e-03     fixed    
  10  beta_2CBO   -1.36961e-03   1.14373e-04   1.14373e-04   6.27070e+04
  11  alpha_y      0.00000e+00   1.00000e-03   1.00000e-03  -5.29828e+05
  12  w_y          1.38860e+01   constant   
  13  beta_y      -3.30924e-03     fixed    
  14  alpha_vw     0.00000e+00     fixed    
  15  w_vw         1.43404e+01   constant   
  16  beta_vw      0.00000e+00     fixed    
  17  LM          -3.36503e-05   constant   
  18  zeta_y       0.00000e+00   constant   
  19  zeta_vw      0.00000e+00   constant   
  20  T_CBO        2.13267e+00   1.20486e-02   3.27827e-05  -1.79810e+04
  21  alpha_A0     3.64530e+03   1.58314e+02  -4.65109e+00   9.93606e-03
  22  beta_A0      1.57942e+03   8.98722e+01  -9.75566e-01   3.81570e-02
  23  alpha_phi    1.09174e+03   6.57643e+01  -7.33947e-01   2.04174e-02
  24  beta_phi    -4.22852e+03   1.84909e+02   1.47787e+00   4.94490e-02
 MIGRAD MINIMIZATION HAS CONVERGED.
 FCN=2856.16 FROM MIGRAD    STATUS=CONVERGED     247 CALLS        5909 TOTAL
                     EDM=1.44545e-07    STRATEGY= 1  ERROR MATRIX UNCERTAINTY   2.7 per cent
  EXT PARAMETER                                   STEP         FIRST   
  NO.   NAME      VALUE            ERROR          SIZE      DERIVATIVE 
   1  N0           3.38753e+06     fixed    
   2  tau          6.44025e+01   constant   
   3  A0           3.92717e-01     fixed    
   4  phi          4.09121e+00     fixed    
   5  R           -6.08848e+01   constant   
   6  alpha_CBO   -5.40412e-03     fixed    
   7  w_CBO        2.32500e+00   constant   
   8  beta_CBO    -1.14328e-03     fixed    
   9  alpha_2CBO   2.33516e-03     fixed    
  10  beta_2CBO   -1.90058e-03   1.11407e-04  -2.12342e-08   4.84167e-01
  11  alpha_y      2.52898e-03   9.73240e-05   1.03907e-07  -2.01310e+00
  12  w_y          1.38860e+01   constant   
  13  beta_y      -3.30924e-03     fixed    
  14  alpha_vw     0.00000e+00     fixed    
  15  w_vw         1.43404e+01   constant   
  16  beta_vw      0.00000e+00     fixed    
  17  LM          -3.36503e-05   constant   
  18  zeta_y       0.00000e+00   constant   
  19  zeta_vw      0.00000e+00   constant   
  20  T_CBO        2.11227e+00   1.37570e-02  -7.01321e-07  -1.43981e+01
  21  alpha_A0     4.01989e+03   2.69381e+02   6.17529e-01   3.06959e-05
  22  beta_A0      1.76057e+03   1.24707e+02   2.96329e-01  -8.16672e-06
  23  alpha_phi    1.18070e+03   7.60781e+01   1.89403e-01  -3.03764e-05
  24  beta_phi    -4.68323e+03   3.23200e+02  -7.71806e-01   2.80767e-05
 EXTERNAL ERROR MATRIX.    NDIM=  25    NPAR=  7    ERR DEF=1
  1.241e-08 -4.978e-10  2.541e-07 -4.883e-03 -2.528e-03 -9.998e-04  6.066e-03 
 -4.978e-10  9.472e-09  4.523e-10 -2.410e-05  2.057e-05 -2.044e-06  3.453e-06 
  2.541e-07  4.523e-10  1.893e-04 -3.703e+00 -1.709e+00 -1.036e+00  4.442e+00 
 -4.883e-03 -2.410e-05 -3.703e+00  7.257e+04  3.345e+04  2.024e+04 -8.692e+04 
 -2.528e-03  2.057e-05 -1.709e+00  3.345e+04  1.555e+04  9.353e+03 -4.018e+04 
 -9.998e-04 -2.044e-06 -1.036e+00  2.024e+04  9.353e+03  5.788e+03 -2.434e+04 
  6.066e-03  3.453e-06  4.442e+00 -8.692e+04 -4.018e+04 -2.434e+04  1.045e+05 
 PARAMETER  CORRELATION COEFFICIENTS  
       NO.  GLOBAL     10     11     20     21     22     23     24
       10  0.44865   1.000 -0.046  0.166 -0.163 -0.182 -0.118  0.168
       11  0.05253  -0.046  1.000  0.000 -0.001  0.002 -0.000  0.000
       20  0.99960   0.166  0.000  1.000 -0.999 -0.996 -0.990  0.999
       21  0.99925  -0.163 -0.001 -0.999  1.000  0.996  0.987 -0.998
       22  0.99710  -0.182  0.002 -0.996  0.996  1.000  0.986 -0.997
       23  0.99216  -0.118 -0.000 -0.990  0.987  0.986  1.000 -0.990
       24  0.99932   0.168  0.000  0.999 -0.998 -0.997 -0.990  1.000
MINUIT - FIT ONLY 2-y
 **********
 **   67 **RES 
 **********
                   PARAMETER   16  beta_vw RESTORED TO VARIABLE.
                   PARAMETER   14  alpha_vw RESTORED TO VARIABLE.
                   PARAMETER   13  beta_y RESTORED TO VARIABLE.
                   PARAMETER    9  alpha_2CBO RESTORED TO VARIABLE.
                   PARAMETER    8  beta_CBO RESTORED TO VARIABLE.
                   PARAMETER    6  alpha_CBO RESTORED TO VARIABLE.
                   PARAMETER    4  phi RESTORED TO VARIABLE.
                   PARAMETER    3  A0 RESTORED TO VARIABLE.
                   PARAMETER    1  N0 RESTORED TO VARIABLE.
 **********
 **   68 **FIX            0
 **********
 PARAMETER    0  IS UNDEFINED. IGNORED.
 **********
 **   69 **FIX            1
 **********
 **********
 **   70 **FIX            2
 **********
 PARAMETER    2  IS CONSTANT.   IGNORED.
 **********
 **   71 **FIX            3
 **********
 **********
 **   72 **FIX            4
 **********
 **********
 **   73 **FIX            5
 **********
 PARAMETER    5  IS CONSTANT.   IGNORED.
 **********
 **   74 **FIX            6
 **********
 **********
 **   75 **FIX            7
 **********
 PARAMETER    7  IS CONSTANT.   IGNORED.
 **********
 **   76 **FIX            8
 **********
 **********
 **   77 **FIX            9
 **********
 **********
 **   78 **FIX           10
 **********
 **********
 **   79 **FIX           11
 **********
 **********
 **   80 **FIX           12
 **********
 PARAMETER   12  IS CONSTANT.   IGNORED.
 **********
 **   81 **FIX           16
 **********
 **********
 **   82 **MIGRAD
 **********
 START MIGRAD MINIMIZATION.  STRATEGY  1.  CONVERGENCE WHEN EDM .LT. 1.00e-04
 FCN=2856.16 FROM MIGRAD    STATUS=INITIATE       16 CALLS        5925 TOTAL
                     EDM= unknown      STRATEGY= 1      NO ERROR MATRIX       
  EXT PARAMETER               CURRENT GUESS       STEP         FIRST   
  NO.   NAME      VALUE            ERROR          SIZE      DERIVATIVE 
   1  N0           3.38753e+06     fixed    
   2  tau          6.44025e+01   constant   
   3  A0           3.92717e-01     fixed    
   4  phi          4.09121e+00     fixed    
   5  R           -6.08848e+01   constant   
   6  alpha_CBO   -5.40412e-03     fixed    
   7  w_CBO        2.32500e+00   constant   
   8  beta_CBO    -1.14328e-03     fixed    
   9  alpha_2CBO   2.33516e-03     fixed    
  10  beta_2CBO   -1.90058e-03     fixed    
  11  alpha_y      2.52898e-03     fixed    
  12  w_y          1.38860e+01   constant   
  13  beta_y      -3.30924e-03   9.51914e-05   9.51914e-05   6.18239e+04
  14  alpha_vw     0.00000e+00   1.00000e-03   1.00000e-03   7.06484e+05
  15  w_vw         1.43404e+01   constant   
  16  beta_vw      0.00000e+00     fixed    
  17  LM          -3.36503e-05   constant   
  18  zeta_y       0.00000e+00   constant   
  19  zeta_vw      0.00000e+00   constant   
  20  T_CBO        2.11227e+00   1.37570e-02  -7.01321e-07  -1.43982e+01
  21  alpha_A0     4.01989e+03   2.69381e+02   6.17529e-01   3.06956e-05
  22  beta_A0      1.76057e+03   1.24707e+02   2.96329e-01  -8.16651e-06
  23  alpha_phi    1.18070e+03   7.60781e+01   1.89403e-01  -3.03764e-05
  24  beta_phi    -4.68323e+03   3.23200e+02  -7.71806e-01   2.80767e-05
 MIGRAD MINIMIZATION HAS CONVERGED.
 MIGRAD WILL VERIFY CONVERGENCE AND ERROR MATRIX.
 COVARIANCE MATRIX CALCULATED SUCCESSFULLY
 FCN=1273.14 FROM MIGRAD    STATUS=CONVERGED     401 CALLS        6310 TOTAL
                     EDM=6.93027e-06    STRATEGY= 1      ERROR MATRIX ACCURATE 
  EXT PARAMETER                                   STEP         FIRST   
  NO.   NAME      VALUE            ERROR          SIZE      DERIVATIVE 
   1  N0           3.38753e+06     fixed    
   2  tau          6.44025e+01   constant   
   3  A0           3.92717e-01     fixed    
   4  phi          4.09121e+00     fixed    
   5  R           -6.08848e+01   constant   
   6  alpha_CBO   -5.40412e-03     fixed    
   7  w_CBO        2.32500e+00   constant   
   8  beta_CBO    -1.14328e-03     fixed    
   9  alpha_2CBO   2.33516e-03     fixed    
  10  beta_2CBO   -1.90058e-03     fixed    
  11  alpha_y      2.52898e-03     fixed    
  12  w_y          1.38860e+01   constant   
  13  beta_y      -8.30562e-04   1.22959e-04   1.69263e-06   3.55646e+00
  14  alpha_vw    -4.69598e-03   1.19927e-04   1.67790e-06   1.85431e+01
  15  w_vw         1.43404e+01   constant   
  16  beta_vw      0.00000e+00     fixed    
  17  LM          -3.36503e-05   constant   
  18  zeta_y       0.00000e+00   constant   
  19  zeta_vw      0.00000e+00   constant   
  20  T_CBO        2.18244e+00   2.38967e-02   7.04445e-07  -2.18356e+02
  21  alpha_A0     2.89710e+03   3.16752e+02   1.36017e-01  -1.06145e-04
  22  beta_A0      1.23759e+03   1.41995e+02   1.30498e-01  -6.75071e-07
  23  alpha_phi    8.29976e+02   8.76040e+01   1.30274e-01   2.04086e-05
  24  beta_phi    -3.31113e+03   3.71675e+02   1.55129e-01   2.09746e-04
 EXTERNAL ERROR MATRIX.    NDIM=  25    NPAR=  7    ERR DEF=1
  1.512e-08 -8.742e-09  7.374e-07 -9.728e-03 -4.397e-03 -2.826e-03  1.155e-02 
 -8.742e-09  1.438e-08 -5.938e-07  7.834e-03  3.542e-03  2.258e-03 -9.299e-03 
  7.374e-07 -5.938e-07  5.711e-04 -7.567e+00 -3.388e+00 -2.085e+00  8.879e+00 
 -9.728e-03  7.834e-03 -7.567e+00  1.003e+05  4.489e+04  2.761e+04 -1.176e+05 
 -4.397e-03  3.542e-03 -3.388e+00  4.489e+04  2.016e+04  1.237e+04 -5.270e+04 
 -2.826e-03  2.258e-03 -2.085e+00  2.761e+04  1.237e+04  7.674e+03 -3.243e+04 
  1.155e-02 -9.299e-03  8.879e+00 -1.176e+05 -5.270e+04 -3.243e+04  1.381e+05 
 PARAMETER  CORRELATION COEFFICIENTS  
       NO.  GLOBAL     13     14     20     21     22     23     24
       13  0.61335   1.000 -0.593  0.251 -0.250 -0.252 -0.262  0.253
       14  0.59634  -0.593  1.000 -0.207  0.206  0.208  0.215 -0.209
       20  0.99985   0.251 -0.207  1.000 -1.000 -0.998 -0.996  1.000
       21  0.99970  -0.250  0.206 -1.000  1.000  0.998  0.995 -0.999
       22  0.99861  -0.252  0.208 -0.998  0.998  1.000  0.994 -0.999
       23  0.99636  -0.262  0.215 -0.996  0.995  0.994  1.000 -0.996
       24  0.99971   0.253 -0.209  1.000 -0.999 -0.999 -0.996  1.000
MINUIT - FIT ALTOGETHER
