 + ++++++++++++++++++++++++++++++++++++++++++++++++++++++++++++++++++++ +
 +                                                                      +
 +           You have chose to blind your fitting according to          +
 +                omega_ref * (1 + (R +/- deltaR) *10^{-6})             +
 +                                                                      +
 + ++++++++++++++++++++++++++++++++++++++++++++++++++++++++++++++++++++ +
In main()...
reading format from /gm2data/zkhechad/run45/envelope/formats/formatB_sBin_constraintOn.txt
pBinTau 	= 0  
pBinPhi 	= 0  
constraintau 	= 1 
includeMopTerm 	= 0    
constrainMop    = 0   
Parameters after format file: pBinTau 0 pBinPhi 0 constraintau 1 includeMopTerm 0 constrainMop 0 c_e_scale 0.000000 
Opening file /gm2data/tbarrett/gm2fr/studies/run23_bunch_corrections/CorrectedFourier_Run3b.root.
reading full fit data from /gm2data/zkhechad/cboTemplates/Run4CBOTemplates/fullFits/noRF/sBin_constraintOn_cE0.0_seed0_noRF_calo14.root
windowBins = 69
fitting sliding window 2310 from bin 2446 at 364.794000 to bin 2515 at 375.238000 (69 bins)

Reading data from /gm2data/cornell/histograms/aMethod/histogram_a_noRF.root
 **********
 **    1 **SET PRINTOUT            1
 **********
 **********
 **    2 **SET NOWARNINGS 
 **********
 PARAMETER DEFINITIONS:
    NO.   NAME         VALUE      STEP SIZE      LIMITS
     1 N0           3.41750e+06  1.00000e+02     no limits
     2 tau          6.44063e+01  constant
     3 A0           3.61912e-01  1.00000e-04     no limits
     4 phi          4.12132e+00  1.00000e-02     no limits
     5 R           -6.04192e+01  constant
     6 alpha_CBO    0.00000e+00  1.00000e-03     no limits
     7 w_CBO        2.32500e+00  constant
     8 beta_CBO     0.00000e+00  1.00000e-03     no limits
     9 alpha_2CBO   0.00000e+00  1.00000e-03     no limits
    10 beta_2CBO    0.00000e+00  1.00000e-03     no limits
    11 alpha_y      0.00000e+00  1.00000e-03     no limits
    12 w_y          1.38860e+01  constant
    13 beta_y       0.00000e+00  1.00000e-03     no limits
    14 alpha_vw     0.00000e+00  1.00000e-03     no limits
    15 w_vw         1.43404e+01  constant
    16 beta_vw      0.00000e+00  1.00000e-03     no limits
    17 LM           8.43198e-05  constant
    18 zeta_y       0.00000e+00  constant
    19 zeta_vw      0.00000e+00  constant
    20 T_CBO        1.00000e+02  1.00000e+00    0.00000e+00  1.00000e+03
    21 alpha_A0     0.00000e+00  1.00000e-04   -1.00000e-02  1.00000e-02
    22 beta_A0      0.00000e+00  1.00000e-04   -1.00000e-02  1.00000e-02
    23 alpha_phi    0.00000e+00  1.00000e-04   -1.00000e-02  1.00000e-02
    24 beta_phi     0.00000e+00  1.00000e-04   -1.00000e-02  1.00000e-02
MINUIT - FIT ONLY WIGGLE
 **********
 **    3 **FIX            5
 **********
 PARAMETER    5  IS CONSTANT.   IGNORED.
 **********
 **    4 **FIX            6
 **********
 **********
 **    5 **FIX            7
 **********
 PARAMETER    7  IS CONSTANT.   IGNORED.
 **********
 **    6 **FIX            8
 **********
 **********
 **    7 **FIX            9
 **********
 **********
 **    8 **FIX           10
 **********
 **********
 **    9 **FIX           11
 **********
 **********
 **   10 **FIX           12
 **********
 PARAMETER   12  IS CONSTANT.   IGNORED.
 **********
 **   11 **FIX           13
 **********
 **********
 **   12 **FIX           14
 **********
 **********
 **   13 **FIX           15
 **********
 PARAMETER   15  IS CONSTANT.   IGNORED.
 **********
 **   14 **FIX           16
 **********
 **********
 **   15 **MIGRAD
 **********
 FIRST CALL TO USER FUNCTION AT NEW START POINT, WITH IFLAG=4.
 START MIGRAD MINIMIZATION.  STRATEGY  1.  CONVERGENCE WHEN EDM .LT. 1.00e-04
 FCN=73.3166 FROM MIGRAD    STATUS=INITIATE      437 CALLS         438 TOTAL
                     EDM= unknown      STRATEGY= 1      NO ERROR MATRIX       
  EXT PARAMETER               CURRENT GUESS       STEP         FIRST   
  NO.   NAME      VALUE            ERROR          SIZE      DERIVATIVE 
   1  N0           3.41750e+06   1.00000e+02   0.00000e+00  -9.99372e-04
   2  tau          6.44063e+01   constant   
   3  A0           3.61912e-01   1.00000e-04   0.00000e+00   1.27663e+03
   4  phi          4.12132e+00   1.00000e-02   0.00000e+00   1.28570e+03
   5  R           -6.04192e+01   constant   
   6  alpha_CBO    0.00000e+00     fixed    
   7  w_CBO        2.32500e+00   constant   
   8  beta_CBO     0.00000e+00     fixed    
   9  alpha_2CBO   0.00000e+00     fixed    
  10  beta_2CBO    0.00000e+00     fixed    
  11  alpha_y      0.00000e+00     fixed    
  12  w_y          1.38860e+01   constant   
  13  beta_y       0.00000e+00     fixed    
  14  alpha_vw     0.00000e+00     fixed    
  15  w_vw         1.43404e+01   constant   
  16  beta_vw      0.00000e+00     fixed    
  17  LM           8.43198e-05   constant   
  18  zeta_y       0.00000e+00   constant   
  19  zeta_vw      0.00000e+00   constant   
  20  T_CBO        1.00000e+02   1.00000e+00   0.00000e+00   0.00000e+00
  21  alpha_A0     0.00000e+00   1.00000e-04   0.00000e+00   3.60523e-02
  22  beta_A0      0.00000e+00   1.00000e-04   0.00000e+00  -1.36938e-02
  23  alpha_phi    0.00000e+00   1.00000e-04   0.00000e+00  -2.72438e-01
  24  beta_phi     0.00000e+00   1.00000e-04   0.00000e+00  -5.27885e-02
 MIGRAD MINIMIZATION HAS CONVERGED.
 FCN=62.2584 FROM MIGRAD    STATUS=CONVERGED     811 CALLS         812 TOTAL
                     EDM=6.41265e-06    STRATEGY= 1  ERROR MATRIX UNCERTAINTY   0.2 per cent
  EXT PARAMETER                                   STEP         FIRST   
  NO.   NAME      VALUE            ERROR          SIZE      DERIVATIVE 
   1  N0           3.42129e+06   2.49585e+03   5.91477e-01   1.21596e-07
   2  tau          6.44063e+01   constant   
   3  A0           3.61338e-01   9.67748e-04   4.26783e-06  -1.98870e-01
   4  phi          4.11507e+00   2.80186e-03   8.68065e-06  -9.35247e-01
   5  R           -6.04192e+01   constant   
   6  alpha_CBO    0.00000e+00     fixed    
   7  w_CBO        2.32500e+00   constant   
   8  beta_CBO     0.00000e+00     fixed    
   9  alpha_2CBO   0.00000e+00     fixed    
  10  beta_2CBO    0.00000e+00     fixed    
  11  alpha_y      0.00000e+00     fixed    
  12  w_y          1.38860e+01   constant   
  13  beta_y       0.00000e+00     fixed    
  14  alpha_vw     0.00000e+00     fixed    
  15  w_vw         1.43404e+01   constant   
  16  beta_vw      0.00000e+00     fixed    
  17  LM           8.43198e-05   constant   
  18  zeta_y       0.00000e+00   constant   
  19  zeta_vw      0.00000e+00   constant   
  20  T_CBO        1.00000e+03   9.46552e+02   1.09138e-02** at limit **
  21  alpha_A0    -6.54775e-04   5.83886e-03  -4.67051e-05  -1.51381e-03
  22  beta_A0      2.06374e-03   5.35200e-03  -4.57130e-03  -4.09798e-03
  23  alpha_phi    9.99997e-03   3.78453e-03  -2.80293e-03   3.97554e-03
  24  beta_phi    -2.83162e-04   5.53507e-03   2.54356e-03   1.02543e-03
 EXTERNAL ERROR MATRIX.    NDIM=  25    NPAR=  8    ERR DEF=1
  6.229e+06 -6.892e-02 -4.322e-01 -2.937e+01 -3.395e+00 -3.601e-01 -2.708e-03 -3.500e+00 
 -6.892e-02  9.365e-07  1.651e-08  2.267e-05  9.106e-07  8.070e-08 -8.576e-10  7.817e-07 
 -4.322e-01  1.651e-08  7.850e-06  3.983e-06 -6.214e-07  1.452e-06  2.180e-09  4.749e-07 
 -2.937e+01  2.267e-05  3.983e-06  3.069e-01  4.732e-05  1.018e-04 -4.896e-07  4.058e-05 
 -3.395e+00  9.106e-07 -6.214e-07  4.732e-05  3.890e-05 -1.763e-06  5.126e-09  4.222e-06 
 -3.601e-01  8.070e-08  1.452e-06  1.018e-04 -1.763e-06  3.207e-05  8.663e-09  8.226e-07 
 -2.708e-03 -8.576e-10  2.180e-09 -4.896e-07  5.126e-09  8.663e-09  4.232e-10  8.070e-10 
 -3.500e+00  7.817e-07  4.749e-07  4.058e-05  4.222e-06  8.226e-07  8.070e-10  3.441e-05 
 PARAMETER  CORRELATION COEFFICIENTS  
       NO.  GLOBAL      1      3      4     20     21     22     23     24
        1  0.31813   1.000 -0.029 -0.062 -0.021 -0.218 -0.025 -0.053 -0.239
        3  0.20667  -0.029  1.000  0.006  0.042  0.151  0.015 -0.043  0.138
        4  0.12323  -0.062  0.006  1.000  0.003 -0.036  0.091  0.038  0.029
       20  0.07227  -0.021  0.042  0.003  1.000  0.014  0.032 -0.043  0.012
       21  0.27892  -0.218  0.151 -0.036  0.014  1.000 -0.050  0.040  0.115
       22  0.13727  -0.025  0.015  0.091  0.032 -0.050  1.000  0.074  0.025
       23  0.12157  -0.053 -0.043  0.038 -0.043  0.040  0.074  1.000  0.007
       24  0.27747  -0.239  0.138  0.029  0.012  0.115  0.025  0.007  1.000
MINUIT - FIT ONLY 1-CBO + wiggle
 **********
 **   16 **RES 
 **********
                   PARAMETER   16  beta_vw RESTORED TO VARIABLE.
                   PARAMETER   14  alpha_vw RESTORED TO VARIABLE.
                   PARAMETER   13  beta_y RESTORED TO VARIABLE.
                   PARAMETER   11  alpha_y RESTORED TO VARIABLE.
                   PARAMETER   10  beta_2CBO RESTORED TO VARIABLE.
                   PARAMETER    9  alpha_2CBO RESTORED TO VARIABLE.
                   PARAMETER    8  beta_CBO RESTORED TO VARIABLE.
                   PARAMETER    6  alpha_CBO RESTORED TO VARIABLE.
 **********
 **   17 **FIX            8
 **********
 **********
 **   18 **FIX            9
 **********
 **********
 **   19 **FIX           11
 **********
 **********
 **   20 **FIX           12
 **********
 PARAMETER   12  IS CONSTANT.   IGNORED.
 **********
 **   21 **FIX           14
 **********
 **********
 **   22 **FIX           15
 **********
 PARAMETER   15  IS CONSTANT.   IGNORED.
 **********
 **   23 **FIX           16
 **********
 **********
 **   24 **MIGRAD
 **********
 START MIGRAD MINIMIZATION.  STRATEGY  1.  CONVERGENCE WHEN EDM .LT. 1.00e-04
 FCN=62.2584 FROM MIGRAD    STATUS=INITIATE       28 CALLS         840 TOTAL
                     EDM= unknown      STRATEGY= 1      NO ERROR MATRIX       
  EXT PARAMETER               CURRENT GUESS       STEP         FIRST   
  NO.   NAME      VALUE            ERROR          SIZE      DERIVATIVE 
   1  N0           3.42129e+06   2.49585e+03   5.91477e-01   1.21596e-07
   2  tau          6.44063e+01   constant   
   3  A0           3.61338e-01   9.67748e-04   4.26783e-06  -1.98870e-01
   4  phi          4.11507e+00   2.80186e-03   8.68065e-06  -9.35247e-01
   5  R           -6.04192e+01   constant   
   6  alpha_CBO    0.00000e+00   1.00000e-03   1.00000e-03  -1.08953e+02
   7  w_CBO        2.32500e+00   constant   
   8  beta_CBO     0.00000e+00     fixed    
   9  alpha_2CBO   0.00000e+00     fixed    
  10  beta_2CBO    0.00000e+00   1.00000e-03   1.00000e-03   7.80376e+02
  11  alpha_y      0.00000e+00     fixed    
  12  w_y          1.38860e+01   constant   
  13  beta_y       0.00000e+00   1.00000e-03   1.00000e-03  -3.08957e+03
  14  alpha_vw     0.00000e+00     fixed    
  15  w_vw         1.43404e+01   constant   
  16  beta_vw      0.00000e+00     fixed    
  17  LM           8.43198e-05   constant   
  18  zeta_y       0.00000e+00   constant   
  19  zeta_vw      0.00000e+00   constant   
  20  T_CBO        1.00000e+03   9.46552e+02   1.09138e-02** at limit **
  21  alpha_A0    -6.54775e-04   5.83886e-03  -4.67051e-05   1.51380e-03
  22  beta_A0      2.06374e-03   5.35200e-03  -4.57130e-03   4.09798e-03
  23  alpha_phi    9.99997e-03   3.78453e-03  -2.80293e-03  -3.97554e-03
  24  beta_phi    -2.83162e-04   5.53507e-03   2.54356e-03   1.02543e-03
 MIGRAD MINIMIZATION HAS CONVERGED.
 MIGRAD WILL VERIFY CONVERGENCE AND ERROR MATRIX.
 COVARIANCE MATRIX CALCULATED SUCCESSFULLY
 FCN=59.6736 FROM MIGRAD    STATUS=CONVERGED     224 CALLS        1036 TOTAL
                     EDM=6.86436e-07    STRATEGY= 1      ERROR MATRIX ACCURATE 
  EXT PARAMETER                                   STEP         FIRST   
  NO.   NAME      VALUE            ERROR          SIZE      DERIVATIVE 
   1  N0           3.42136e+06   2.61132e+03   8.54453e+00   1.63614e-07
   2  tau          6.44063e+01   constant   
   3  A0           3.61343e-01   9.92804e-04   3.66066e-06  -3.17858e-01
   4  phi          4.11524e+00   2.91411e-03   1.07244e-05   3.68018e-02
   5  R           -6.04192e+01   constant   
   6  alpha_CBO    1.10842e-04   1.04250e-03   3.84124e-06  -9.05659e-01
   7  w_CBO        2.32500e+00   constant   
   8  beta_CBO     0.00000e+00     fixed    
   9  alpha_2CBO   0.00000e+00     fixed    
  10  beta_2CBO   -4.35356e-04   1.03534e-03   3.85732e-06  -4.69320e-01
  11  alpha_y      0.00000e+00     fixed    
  12  w_y          1.38860e+01   constant   
  13  beta_y       1.55930e-03   1.00373e-03   3.81543e-06  -1.12073e-02
  14  alpha_vw     0.00000e+00     fixed    
  15  w_vw         1.43404e+01   constant   
  16  beta_vw      0.00000e+00     fixed    
  17  LM           8.43198e-05   constant   
  18  zeta_y       0.00000e+00   constant   
  19  zeta_vw      0.00000e+00   constant   
  20  T_CBO        1.00000e+03   9.28694e+02   8.99823e-03** at limit **
  21  alpha_A0    -6.49923e-04   5.88163e-03   2.28254e-03   9.76557e-05
  22  beta_A0      1.52353e-03   5.38285e-03   2.14629e-03  -1.12944e-04
  23  alpha_phi    1.00000e-02   1.23892e-02   3.88407e-03** at limit **
  24  beta_phi    -3.08972e-04   5.54362e-03   2.13837e-03   6.12162e-04
 EXTERNAL ERROR MATRIX.    NDIM=  25    NPAR= 11    ERR DEF=1
  6.819e+06 
 -3.316e-01  9.857e-07 
 -6.583e-01 -6.669e-08  8.492e-06 
  6.940e-02  3.313e-08  6.340e-07  1.087e-06 
 -1.163e-01 -4.355e-08 -1.131e-07 -1.136e-07  1.072e-06 
  1.460e-02 -9.106e-09  5.653e-08  4.776e-09 -6.745e-09  1.007e-06 
 -8.642e-06 -2.123e-12  3.727e-11  7.132e-12  1.493e-11  7.225e-13  6.172e-10 
  3.967e+00 -1.103e-06  3.425e-07 -3.990e-07  3.260e-07  1.008e-07 -2.490e-12  3.956e-05 
  1.161e+00  3.225e-08 -1.658e-06 -2.073e-07  8.634e-07 -1.193e-07  1.009e-10 -8.745e-07  3.240e-05 
 -4.439e-10 -9.328e-17  1.970e-15  3.739e-16  7.874e-16  3.789e-17 -3.029e-19  1.564e-15  1.379e-15  1.680e-18 
 -3.827e+00  9.846e-07  4.437e-07 -1.659e-07  1.742e-07  3.314e-08 -4.840e-12 -4.581e-06 -1.038e-06  3.793e-16  3.453e-05 
 PARAMETER  CORRELATION COEFFICIENTS  
       NO.  GLOBAL      1      3      4      6     10     13     20     21     22     23     24
        1  0.35891   1.000 -0.128 -0.087  0.025 -0.043  0.006 -0.000  0.242  0.078 -0.000 -0.249
        3  0.24528  -0.128  1.000 -0.023  0.032 -0.042 -0.009 -0.000 -0.177  0.006 -0.000  0.169
        4  0.25246  -0.087 -0.023  1.000  0.209 -0.037  0.019  0.001  0.019 -0.100  0.001  0.026
        6  0.24791   0.025  0.032  0.209  1.000 -0.105  0.005  0.000 -0.061 -0.035  0.000 -0.027
       10  0.20115  -0.043 -0.042 -0.037 -0.105  1.000 -0.006  0.001  0.050  0.146  0.001  0.029
       13  0.03342   0.006 -0.009  0.019  0.005 -0.006  1.000  0.000  0.016 -0.021  0.000  0.006
       20  0.00109  -0.000 -0.000  0.001  0.000  0.001  0.000  1.000 -0.000  0.001 -0.000 -0.000
       21  0.30551   0.242 -0.177  0.019 -0.061  0.050  0.016 -0.000  1.000 -0.024  0.000 -0.124
       22  0.19922   0.078  0.006 -0.100 -0.035  0.146 -0.021  0.001 -0.024  1.000  0.000 -0.031
       23  0.00088  -0.000 -0.000  0.001  0.000  0.001  0.000 -0.000  0.000  0.000  1.000  0.000
       24  0.29235  -0.249  0.169  0.026 -0.027  0.029  0.006 -0.000 -0.124 -0.031  0.000  1.000
MINUIT - FIT ONLY 2-CBO
 **********
 **   25 **RES 
 **********
                   PARAMETER   16  beta_vw RESTORED TO VARIABLE.
                   PARAMETER   14  alpha_vw RESTORED TO VARIABLE.
                   PARAMETER   11  alpha_y RESTORED TO VARIABLE.
                   PARAMETER    9  alpha_2CBO RESTORED TO VARIABLE.
                   PARAMETER    8  beta_CBO RESTORED TO VARIABLE.
 **********
 **   26 **FIX            0
 **********
 PARAMETER    0  IS UNDEFINED. IGNORED.
 **********
 **   27 **FIX            1
 **********
 **********
 **   28 **FIX            2
 **********
 PARAMETER    2  IS CONSTANT.   IGNORED.
 **********
 **   29 **FIX            3
 **********
 **********
 **   30 **FIX            4
 **********
 **********
 **   31 **FIX            5
 **********
 PARAMETER    5  IS CONSTANT.   IGNORED.
 **********
 **   32 **FIX            6
 **********
 **********
 **   33 **FIX            7
 **********
 PARAMETER    7  IS CONSTANT.   IGNORED.
 **********
 **   34 **FIX           10
 **********
 **********
 **   35 **FIX           11
 **********
 **********
 **   36 **FIX           12
 **********
 PARAMETER   12  IS CONSTANT.   IGNORED.
 **********
 **   37 **FIX           13
 **********
 **********
 **   38 **FIX           14
 **********
 **********
 **   39 **FIX           15
 **********
 PARAMETER   15  IS CONSTANT.   IGNORED.
 **********
 **   40 **FIX           16
 **********
 **********
 **   41 **MIGRAD
 **********
 START MIGRAD MINIMIZATION.  STRATEGY  1.  CONVERGENCE WHEN EDM .LT. 1.00e-04
 FCN=59.6736 FROM MIGRAD    STATUS=INITIATE       16 CALLS        1052 TOTAL
                     EDM= unknown      STRATEGY= 1      NO ERROR MATRIX       
  EXT PARAMETER               CURRENT GUESS       STEP         FIRST   
  NO.   NAME      VALUE            ERROR          SIZE      DERIVATIVE 
   1  N0           3.42136e+06     fixed    
   2  tau          6.44063e+01   constant   
   3  A0           3.61343e-01     fixed    
   4  phi          4.11524e+00     fixed    
   5  R           -6.04192e+01   constant   
   6  alpha_CBO    1.10842e-04     fixed    
   7  w_CBO        2.32500e+00   constant   
   8  beta_CBO     0.00000e+00   1.00000e-03   1.00000e-03   2.10157e+03
   9  alpha_2CBO   0.00000e+00   1.00000e-03   1.00000e-03  -1.00814e+03
  10  beta_2CBO   -4.35356e-04     fixed    
  11  alpha_y      0.00000e+00     fixed    
  12  w_y          1.38860e+01   constant   
  13  beta_y       1.55930e-03     fixed    
  14  alpha_vw     0.00000e+00     fixed    
  15  w_vw         1.43404e+01   constant   
  16  beta_vw      0.00000e+00     fixed    
  17  LM           8.43198e-05   constant   
  18  zeta_y       0.00000e+00   constant   
  19  zeta_vw      0.00000e+00   constant   
  20  T_CBO        9.99999e+02   9.28694e+02   8.99823e-03  -6.97175e-04
  21  alpha_A0    -6.49923e-04   5.88163e-03   2.28254e-03   9.78988e-05
  22  beta_A0      1.52353e-03   5.38285e-03   2.14629e-03  -1.16055e-04
  23  alpha_phi    9.99998e-03   1.23892e-02   3.88407e-03  -3.74421e-03
  24  beta_phi    -3.08972e-04   5.54362e-03   2.13837e-03   6.12530e-04
 MIGRAD MINIMIZATION HAS CONVERGED.
 MIGRAD WILL VERIFY CONVERGENCE AND ERROR MATRIX.
 COVARIANCE MATRIX CALCULATED SUCCESSFULLY
 FCN=58.3089 FROM MIGRAD    STATUS=CONVERGED     114 CALLS        1150 TOTAL
                     EDM=7.66442e-06    STRATEGY= 1      ERROR MATRIX ACCURATE 
  EXT PARAMETER                                   STEP         FIRST   
  NO.   NAME      VALUE            ERROR          SIZE      DERIVATIVE 
   1  N0           3.42136e+06     fixed    
   2  tau          6.44063e+01   constant   
   3  A0           3.61343e-01     fixed    
   4  phi          4.11524e+00     fixed    
   5  R           -6.04192e+01   constant   
   6  alpha_CBO    1.10842e-04     fixed    
   7  w_CBO        2.32500e+00   constant   
   8  beta_CBO    -1.06315e-03   1.01444e-03   3.77893e-06   6.02761e-01
   9  alpha_2CBO   4.91043e-04   1.02373e-03   3.76351e-06   1.35885e+00
  10  beta_2CBO   -4.35356e-04     fixed    
  11  alpha_y      0.00000e+00     fixed    
  12  w_y          1.38860e+01   constant   
  13  beta_y       1.55930e-03     fixed    
  14  alpha_vw     0.00000e+00     fixed    
  15  w_vw         1.43404e+01   constant   
  16  beta_vw      0.00000e+00     fixed    
  17  LM           8.43198e-05   constant   
  18  zeta_y       0.00000e+00   constant   
  19  zeta_vw      0.00000e+00   constant   
  20  T_CBO        1.00000e+03   9.16728e+02   8.67008e-03** at limit **
  21  alpha_A0    -2.32213e-04   5.70324e-03   2.25208e-03  -5.27150e-03
  22  beta_A0      2.02357e-03   5.33421e-03   2.14582e-03   3.42199e-03
  23  alpha_phi    1.00000e-02   4.52755e-03   3.73116e-03** at limit **
  24  beta_phi     3.92241e-04   5.38221e-03   2.11461e-03   3.70775e-04
 EXTERNAL ERROR MATRIX.    NDIM=  25    NPAR=  7    ERR DEF=1
  1.029e-06  3.584e-08  1.108e-09  3.242e-08 -6.836e-07  9.561e-15 -3.137e-07 
  3.584e-08  1.048e-06 -6.233e-10  9.161e-07 -4.449e-07 -5.373e-15  7.328e-07 
  1.108e-09 -6.233e-10  2.086e-04  7.502e-09  6.578e-08 -1.467e-14  1.258e-08 
  3.242e-08  9.161e-07  7.502e-09  3.684e-05 -2.026e-06  1.174e-13 -1.103e-06 
 -6.836e-07 -4.449e-07  6.578e-08 -2.026e-06  3.182e-05  9.656e-14 -6.534e-07 
  9.561e-15 -5.373e-15 -1.467e-14  1.174e-13  9.656e-14  1.423e-14  3.283e-15 
 -3.137e-07  7.328e-07  1.258e-08 -1.103e-06 -6.534e-07  3.283e-15  3.231e-05 
 PARAMETER  CORRELATION COEFFICIENTS  
       NO.  GLOBAL      8      9     20     21     22     23     24
        8  0.13657   1.000  0.035  0.000  0.005 -0.119  0.000 -0.054
        9  0.21031   0.035  1.000 -0.000  0.147 -0.077 -0.000  0.126
       20  0.00086   0.000 -0.000  1.000  0.000  0.001 -0.000  0.000
       21  0.16360   0.005  0.147  0.000  1.000 -0.059  0.000 -0.032
       22  0.14947  -0.119 -0.077  0.001 -0.059  1.000  0.000 -0.020
       23  0.00025   0.000 -0.000 -0.000  0.000  0.000  1.000  0.000
       24  0.14946  -0.054  0.126  0.000 -0.032 -0.020  0.000  1.000
MINUIT - FIT wiggle + 1-CBO + 2-CBO
 **********
 **   42 **RES 
 **********
                   PARAMETER   16  beta_vw RESTORED TO VARIABLE.
                   PARAMETER   14  alpha_vw RESTORED TO VARIABLE.
                   PARAMETER   13  beta_y RESTORED TO VARIABLE.
                   PARAMETER   11  alpha_y RESTORED TO VARIABLE.
                   PARAMETER   10  beta_2CBO RESTORED TO VARIABLE.
                   PARAMETER    6  alpha_CBO RESTORED TO VARIABLE.
                   PARAMETER    4  phi RESTORED TO VARIABLE.
                   PARAMETER    3  A0 RESTORED TO VARIABLE.
                   PARAMETER    1  N0 RESTORED TO VARIABLE.
 **********
 **   43 **FIX           10
 **********
 **********
 **   44 **FIX           11
 **********
 **********
 **   45 **FIX           12
 **********
 PARAMETER   12  IS CONSTANT.   IGNORED.
 **********
 **   46 **FIX           13
 **********
 **********
 **   47 **FIX           14
 **********
 **********
 **   48 **FIX           15
 **********
 PARAMETER   15  IS CONSTANT.   IGNORED.
 **********
 **   49 **FIX           16
 **********
 **********
 **   50 **MIGRAD
 **********
 START MIGRAD MINIMIZATION.  STRATEGY  1.  CONVERGENCE WHEN EDM .LT. 1.00e-04
 FCN=58.3089 FROM MIGRAD    STATUS=INITIATE       22 CALLS        1172 TOTAL
                     EDM= unknown      STRATEGY= 1      NO ERROR MATRIX       
  EXT PARAMETER               CURRENT GUESS       STEP         FIRST   
  NO.   NAME      VALUE            ERROR          SIZE      DERIVATIVE 
   1  N0           3.42136e+06   2.61132e+03   2.61132e+03  -7.47564e-05
   2  tau          6.44063e+01   constant   
   3  A0           3.61343e-01   9.92804e-04   9.92804e-04  -4.57899e+02
   4  phi          4.11524e+00   2.91411e-03   2.91411e-03   5.20202e+01
   5  R           -6.04192e+01   constant   
   6  alpha_CBO    1.10842e-04   1.04250e-03   1.04250e-03  -9.87369e+01
   7  w_CBO        2.32500e+00   constant   
   8  beta_CBO    -1.06315e-03   1.01444e-03   3.77893e-06   6.02484e-01
   9  alpha_2CBO   4.91043e-04   1.02373e-03   3.76351e-06   1.35900e+00
  10  beta_2CBO   -4.35356e-04     fixed    
  11  alpha_y      0.00000e+00     fixed    
  12  w_y          1.38860e+01   constant   
  13  beta_y       1.55930e-03     fixed    
  14  alpha_vw     0.00000e+00     fixed    
  15  w_vw         1.43404e+01   constant   
  16  beta_vw      0.00000e+00     fixed    
  17  LM           8.43198e-05   constant   
  18  zeta_y       0.00000e+00   constant   
  19  zeta_vw      0.00000e+00   constant   
  20  T_CBO        9.99999e+02   9.16728e+02   8.67008e-03  -7.37903e-04
  21  alpha_A0    -2.32213e-04   5.70324e-03   2.25208e-03  -5.27191e-03
  22  beta_A0      2.02357e-03   5.33421e-03   2.14582e-03   3.41803e-03
  23  alpha_phi    9.99998e-03   4.52755e-03   3.73116e-03  -3.97176e-03
  24  beta_phi     3.92241e-04   5.38221e-03   2.11461e-03   3.70019e-04
 MIGRAD MINIMIZATION HAS CONVERGED.
 MIGRAD WILL VERIFY CONVERGENCE AND ERROR MATRIX.
 COVARIANCE MATRIX CALCULATED SUCCESSFULLY
 FCN=58.2394 FROM MIGRAD    STATUS=CONVERGED     218 CALLS        1368 TOTAL
                     EDM=1.19764e-06    STRATEGY= 1      ERROR MATRIX ACCURATE 
  EXT PARAMETER                                   STEP         FIRST   
  NO.   NAME      VALUE            ERROR          SIZE      DERIVATIVE 
   1  N0           3.42157e+06   2.61602e+03   8.44338e+00   3.95773e-07
   2  tau          6.44063e+01   constant   
   3  A0           3.61573e-01   1.01591e-03   3.61659e-06  -1.91436e-01
   4  phi          4.11498e+00   2.93147e-03   1.05903e-05   7.08858e-02
   5  R           -6.04192e+01   constant   
   6  alpha_CBO    1.58084e-04   1.03740e-03   3.79532e-06  -5.54703e-01
   7  w_CBO        2.32500e+00   constant   
   8  beta_CBO    -1.13360e-03   1.04923e-03   3.77645e-06   2.23047e-01
   9  alpha_2CBO   4.81732e-04   1.02591e-03   3.76103e-06   1.12891e-01
  10  beta_2CBO   -4.35356e-04     fixed    
  11  alpha_y      0.00000e+00     fixed    
  12  w_y          1.38860e+01   constant   
  13  beta_y       1.55930e-03     fixed    
  14  alpha_vw     0.00000e+00     fixed    
  15  w_vw         1.43404e+01   constant   
  16  beta_vw      0.00000e+00     fixed    
  17  LM           8.43198e-05   constant   
  18  zeta_y       0.00000e+00   constant   
  19  zeta_vw      0.00000e+00   constant   
  20  T_CBO        1.00000e+03   9.10546e+02   8.52583e-03** at limit **
  21  alpha_A0    -3.65856e-04   5.92913e-03   2.25072e-03  -2.32191e-04
  22  beta_A0      2.17397e-03   5.38239e-03   2.14668e-03   1.42890e-03
  23  alpha_phi    1.00000e-02   4.41754e-03   3.67827e-03** at limit **
  24  beta_phi     4.77496e-04   5.58564e-03   2.11297e-03  -4.37174e-04
 EXTERNAL ERROR MATRIX.    NDIM=  25    NPAR= 11    ERR DEF=1
  6.844e+06 
 -2.952e-01  1.032e-06 
 -7.287e-01 -1.421e-07  8.593e-06 
  6.335e-02  3.530e-08  6.151e-07  1.076e-06 
 -1.987e-01 -2.300e-07  3.307e-07 -3.399e-08  1.101e-06 
  7.311e-04 -2.244e-08  1.887e-07  2.236e-08  4.653e-08  1.052e-06 
 -2.863e-03 -8.639e-10  1.471e-08  3.174e-09  1.431e-09 -6.796e-11  1.025e-04 
  3.977e+00 -1.140e-06  5.802e-07 -3.488e-07  1.872e-07  9.522e-07  2.558e-09  4.029e-05 
  1.404e+00  2.489e-07 -1.873e-06 -9.902e-08 -8.489e-07 -4.875e-07  4.360e-08 -1.668e-06  3.250e-05 
 -2.434e-08 -6.380e-15  1.297e-13  2.776e-14  1.254e-14 -7.965e-16 -6.868e-15  8.227e-14  3.763e-14  7.793e-15 
 -3.729e+00  1.074e-06  4.592e-07 -1.180e-07 -4.081e-07  7.152e-07  1.085e-08 -4.063e-06 -1.177e-06  9.717e-15  3.513e-05 
 PARAMETER  CORRELATION COEFFICIENTS  
       NO.  GLOBAL      1      3      4      6      8      9     20     21     22     23     24
        1  0.36310   1.000 -0.111 -0.095  0.023 -0.072  0.000 -0.000  0.240  0.094 -0.000 -0.241
        3  0.32045  -0.111  1.000 -0.048  0.033 -0.216 -0.022 -0.000 -0.177  0.043 -0.000  0.178
        4  0.27558  -0.095 -0.048  1.000  0.202  0.108  0.063  0.000  0.031 -0.112  0.001  0.026
        6  0.22879   0.023  0.033  0.202  1.000 -0.031  0.021  0.000 -0.053 -0.017  0.000 -0.019
        8  0.28771  -0.072 -0.216  0.108 -0.031  1.000  0.043  0.000  0.028 -0.142  0.000 -0.066
        9  0.22006   0.000 -0.022  0.063  0.021  0.043  1.000 -0.000  0.146 -0.083 -0.000  0.118
       20  0.00103  -0.000 -0.000  0.000  0.000  0.000 -0.000  1.000  0.000  0.001 -0.000  0.000
       21  0.33289   0.240 -0.177  0.031 -0.053  0.028  0.146  0.000  1.000 -0.046  0.000 -0.108
       22  0.20905   0.094  0.043 -0.112 -0.017 -0.142 -0.083  0.001 -0.046  1.000  0.000 -0.035
       23  0.00060  -0.000 -0.000  0.001  0.000  0.000 -0.000 -0.000  0.000  0.000  1.000  0.000
       24  0.31990  -0.241  0.178  0.026 -0.019 -0.066  0.118  0.000 -0.108 -0.035  0.000  1.000
MINUIT - FIT ONLY 1-y
 **********
 **   51 **RES 
 **********
                   PARAMETER   16  beta_vw RESTORED TO VARIABLE.
                   PARAMETER   14  alpha_vw RESTORED TO VARIABLE.
                   PARAMETER   13  beta_y RESTORED TO VARIABLE.
                   PARAMETER   11  alpha_y RESTORED TO VARIABLE.
                   PARAMETER   10  beta_2CBO RESTORED TO VARIABLE.
 **********
 **   52 **FIX            0
 **********
 PARAMETER    0  IS UNDEFINED. IGNORED.
 **********
 **   53 **FIX            1
 **********
 **********
 **   54 **FIX            2
 **********
 PARAMETER    2  IS CONSTANT.   IGNORED.
 **********
 **   55 **FIX            3
 **********
 **********
 **   56 **FIX            4
 **********
 **********
 **   57 **FIX            5
 **********
 PARAMETER    5  IS CONSTANT.   IGNORED.
 **********
 **   58 **FIX            6
 **********
 **********
 **   59 **FIX            7
 **********
 PARAMETER    7  IS CONSTANT.   IGNORED.
 **********
 **   60 **FIX            8
 **********
 **********
 **   61 **FIX            9
 **********
 **********
 **   62 **FIX           13
 **********
 **********
 **   63 **FIX           14
 **********
 **********
 **   64 **FIX           15
 **********
 PARAMETER   15  IS CONSTANT.   IGNORED.
 **********
 **   65 **FIX           16
 **********
 **********
 **   66 **MIGRAD
 **********
 START MIGRAD MINIMIZATION.  STRATEGY  1.  CONVERGENCE WHEN EDM .LT. 1.00e-04
 FCN=58.2394 FROM MIGRAD    STATUS=INITIATE       16 CALLS        1384 TOTAL
                     EDM= unknown      STRATEGY= 1      NO ERROR MATRIX       
  EXT PARAMETER               CURRENT GUESS       STEP         FIRST   
  NO.   NAME      VALUE            ERROR          SIZE      DERIVATIVE 
   1  N0           3.42157e+06     fixed    
   2  tau          6.44063e+01   constant   
   3  A0           3.61573e-01     fixed    
   4  phi          4.11498e+00     fixed    
   5  R           -6.04192e+01   constant   
   6  alpha_CBO    1.58084e-04     fixed    
   7  w_CBO        2.32500e+00   constant   
   8  beta_CBO    -1.13360e-03     fixed    
   9  alpha_2CBO   4.81732e-04     fixed    
  10  beta_2CBO   -4.35356e-04   1.03534e-03   1.03534e-03   1.09678e+02
  11  alpha_y      0.00000e+00   1.00000e-03   1.00000e-03  -2.20855e+03
  12  w_y          1.38860e+01   constant   
  13  beta_y       1.55930e-03     fixed    
  14  alpha_vw     0.00000e+00     fixed    
  15  w_vw         1.43404e+01   constant   
  16  beta_vw      0.00000e+00     fixed    
  17  LM           8.43198e-05   constant   
  18  zeta_y       0.00000e+00   constant   
  19  zeta_vw      0.00000e+00   constant   
  20  T_CBO        9.99999e+02   9.10546e+02   8.52583e-03  -7.59336e-04
  21  alpha_A0    -3.65856e-04   5.92913e-03   2.25072e-03  -2.32388e-04
  22  beta_A0      2.17397e-03   5.38239e-03   2.14668e-03   1.42470e-03
  23  alpha_phi    9.99998e-03   4.41754e-03   3.67827e-03  -4.07965e-03
  24  beta_phi     4.77496e-04   5.58564e-03   2.11297e-03  -4.38065e-04
 MIGRAD MINIMIZATION HAS CONVERGED.
 MIGRAD WILL VERIFY CONVERGENCE AND ERROR MATRIX.
 COVARIANCE MATRIX CALCULATED SUCCESSFULLY
 FCN=56.987 FROM MIGRAD    STATUS=CONVERGED     114 CALLS        1482 TOTAL
                     EDM=1.01408e-07    STRATEGY= 1      ERROR MATRIX ACCURATE 
  EXT PARAMETER                                   STEP         FIRST   
  NO.   NAME      VALUE            ERROR          SIZE      DERIVATIVE 
   1  N0           3.42157e+06     fixed    
   2  tau          6.44063e+01   constant   
   3  A0           3.61573e-01     fixed    
   4  phi          4.11498e+00     fixed    
   5  R           -6.04192e+01   constant   
   6  alpha_CBO    1.58084e-04     fixed    
   7  w_CBO        2.32500e+00   constant   
   8  beta_CBO    -1.13360e-03     fixed    
   9  alpha_2CBO   4.81732e-04     fixed    
  10  beta_2CBO   -4.97937e-04   1.02735e-03   3.77060e-06   1.60120e-04
  11  alpha_y      1.13101e-03   1.01193e-03   3.76213e-06  -3.53688e-03
  12  w_y          1.38860e+01   constant   
  13  beta_y       1.55930e-03     fixed    
  14  alpha_vw     0.00000e+00     fixed    
  15  w_vw         1.43404e+01   constant   
  16  beta_vw      0.00000e+00     fixed    
  17  LM           8.43198e-05   constant   
  18  zeta_y       0.00000e+00   constant   
  19  zeta_vw      0.00000e+00   constant   
  20  T_CBO        1.00000e+03   8.97851e+02   8.19696e-03** at limit **
  21  alpha_A0    -4.66116e-04   5.65275e-03   2.22777e-03  -5.11249e-04
  22  beta_A0      2.07251e-03   5.33639e-03   2.11903e-03   5.27699e-04
  23  alpha_phi    1.00000e-02   4.18462e-03   3.53475e-03** at limit **
  24  beta_phi     4.72027e-04   5.33339e-03   2.09039e-03   1.39401e-04
 EXTERNAL ERROR MATRIX.    NDIM=  25    NPAR=  7    ERR DEF=1
  1.055e-06 -4.260e-09  3.597e-10  3.135e-07  8.527e-07  3.112e-15  1.356e-07 
 -4.260e-09  1.024e-06 -4.569e-11 -7.368e-08 -4.793e-08 -3.989e-16 -1.151e-10 
  3.597e-10 -4.569e-11  4.518e-07  1.888e-10  3.135e-09 -2.535e-17  7.014e-10 
  3.135e-07 -7.368e-08  1.888e-10  3.610e-05 -1.378e-06  6.330e-15 -1.701e-06 
  8.527e-07 -4.793e-08  3.135e-09 -1.378e-06  3.186e-05  6.964e-15 -4.459e-07 
  3.112e-15 -3.989e-16 -2.535e-17  6.330e-15  6.964e-15  3.311e-17  8.440e-16 
  1.356e-07 -1.151e-10  7.014e-10 -1.701e-06 -4.459e-07  8.440e-16  3.165e-05 
 PARAMETER  CORRELATION COEFFICIENTS  
       NO.  GLOBAL     10     11     20     21     22     23     24
       10  0.16019   1.000 -0.004  0.001  0.051  0.147  0.001  0.023
       11  0.01521  -0.004  1.000 -0.000 -0.012 -0.008 -0.000 -0.000
       20  0.00094   0.001 -0.000  1.000  0.000  0.001 -0.000  0.000
       21  0.08854   0.051 -0.012  0.000  1.000 -0.041  0.000 -0.050
       22  0.15624   0.147 -0.008  0.001 -0.041  1.000  0.000 -0.014
       23  0.00057   0.001 -0.000 -0.000  0.000  0.000  1.000  0.000
       24  0.06017   0.023 -0.000  0.000 -0.050 -0.014  0.000  1.000
MINUIT - FIT ONLY 2-y
 **********
 **   67 **RES 
 **********
                   PARAMETER   16  beta_vw RESTORED TO VARIABLE.
                   PARAMETER   14  alpha_vw RESTORED TO VARIABLE.
                   PARAMETER   13  beta_y RESTORED TO VARIABLE.
                   PARAMETER    9  alpha_2CBO RESTORED TO VARIABLE.
                   PARAMETER    8  beta_CBO RESTORED TO VARIABLE.
                   PARAMETER    6  alpha_CBO RESTORED TO VARIABLE.
                   PARAMETER    4  phi RESTORED TO VARIABLE.
                   PARAMETER    3  A0 RESTORED TO VARIABLE.
                   PARAMETER    1  N0 RESTORED TO VARIABLE.
 **********
 **   68 **FIX            0
 **********
 PARAMETER    0  IS UNDEFINED. IGNORED.
 **********
 **   69 **FIX            1
 **********
 **********
 **   70 **FIX            2
 **********
 PARAMETER    2  IS CONSTANT.   IGNORED.
 **********
 **   71 **FIX            3
 **********
 **********
 **   72 **FIX            4
 **********
 **********
 **   73 **FIX            5
 **********
 PARAMETER    5  IS CONSTANT.   IGNORED.
 **********
 **   74 **FIX            6
 **********
 **********
 **   75 **FIX            7
 **********
 PARAMETER    7  IS CONSTANT.   IGNORED.
 **********
 **   76 **FIX            8
 **********
 **********
 **   77 **FIX            9
 **********
 **********
 **   78 **FIX           10
 **********
 **********
 **   79 **FIX           11
 **********
 **********
 **   80 **FIX           12
 **********
 PARAMETER   12  IS CONSTANT.   IGNORED.
 **********
 **   81 **FIX           16
 **********
 **********
 **   82 **MIGRAD
 **********
 START MIGRAD MINIMIZATION.  STRATEGY  1.  CONVERGENCE WHEN EDM .LT. 1.00e-04
 FCN=56.987 FROM MIGRAD    STATUS=INITIATE       16 CALLS        1498 TOTAL
                     EDM= unknown      STRATEGY= 1      NO ERROR MATRIX       
  EXT PARAMETER               CURRENT GUESS       STEP         FIRST   
  NO.   NAME      VALUE            ERROR          SIZE      DERIVATIVE 
   1  N0           3.42157e+06     fixed    
   2  tau          6.44063e+01   constant   
   3  A0           3.61573e-01     fixed    
   4  phi          4.11498e+00     fixed    
   5  R           -6.04192e+01   constant   
   6  alpha_CBO    1.58084e-04     fixed    
   7  w_CBO        2.32500e+00   constant   
   8  beta_CBO    -1.13360e-03     fixed    
   9  alpha_2CBO   4.81732e-04     fixed    
  10  beta_2CBO   -4.97937e-04     fixed    
  11  alpha_y      1.13101e-03     fixed    
  12  w_y          1.38860e+01   constant   
  13  beta_y       1.55930e-03   1.00373e-03   1.00373e-03  -3.75922e+01
  14  alpha_vw     0.00000e+00   1.00000e-03   1.00000e-03  -1.69526e+03
  15  w_vw         1.43404e+01   constant   
  16  beta_vw      0.00000e+00     fixed    
  17  LM           8.43198e-05   constant   
  18  zeta_y       0.00000e+00   constant   
  19  zeta_vw      0.00000e+00   constant   
  20  T_CBO        9.99999e+02   8.97851e+02   8.19696e-03  -8.04467e-04
  21  alpha_A0    -4.66116e-04   5.65275e-03   2.22777e-03  -5.11288e-04
  22  beta_A0      2.07251e-03   5.33639e-03   2.11903e-03   5.23711e-04
  23  alpha_phi    9.99998e-03   4.18462e-03   3.53475e-03  -4.32670e-03
  24  beta_phi     4.72027e-04   5.33339e-03   2.09039e-03   1.38536e-04
 MIGRAD MINIMIZATION HAS CONVERGED.
 MIGRAD WILL VERIFY CONVERGENCE AND ERROR MATRIX.
 COVARIANCE MATRIX CALCULATED SUCCESSFULLY
 FCN=56.2065 FROM MIGRAD    STATUS=CONVERGED     114 CALLS        1596 TOTAL
                     EDM=9.51342e-08    STRATEGY= 1      ERROR MATRIX ACCURATE 
  EXT PARAMETER                                   STEP         FIRST   
  NO.   NAME      VALUE            ERROR          SIZE      DERIVATIVE 
   1  N0           3.42157e+06     fixed    
   2  tau          6.44063e+01   constant   
   3  A0           3.61573e-01     fixed    
   4  phi          4.11498e+00     fixed    
   5  R           -6.04192e+01   constant   
   6  alpha_CBO    1.58084e-04     fixed    
   7  w_CBO        2.32500e+00   constant   
   8  beta_CBO    -1.13360e-03     fixed    
   9  alpha_2CBO   4.81732e-04     fixed    
  10  beta_2CBO   -4.97937e-04     fixed    
  11  alpha_y      1.13101e-03     fixed    
  12  w_y          1.38860e+01   constant   
  13  beta_y       1.32927e-03   1.04230e-03   3.70479e-06  -1.17755e-02
  14  alpha_vw     9.25809e-04   1.04823e-03   3.72669e-06  -3.46073e-03
  15  w_vw         1.43404e+01   constant   
  16  beta_vw      0.00000e+00     fixed    
  17  LM           8.43198e-05   constant   
  18  zeta_y       0.00000e+00   constant   
  19  zeta_vw      0.00000e+00   constant   
  20  T_CBO        1.00000e+03   9.00992e+02   8.18962e-03** at limit **
  21  alpha_A0    -4.89113e-04   5.64644e-03   2.21264e-03  -5.47410e-05
  22  beta_A0      2.16022e-03   5.28501e-03   2.10683e-03  -4.23949e-04
  23  alpha_phi    1.00000e-02   4.24180e-03   3.53504e-03** at limit **
  24  beta_phi     4.57144e-04   5.33232e-03   2.07643e-03  -6.53684e-04
 EXTERNAL ERROR MATRIX.    NDIM=  25    NPAR=  7    ERR DEF=1
  1.086e-06 -2.955e-07  2.883e-11  8.787e-08 -1.358e-07  2.115e-16  5.514e-08 
 -2.955e-07  1.099e-06  8.179e-11 -2.881e-08  1.088e-07  6.214e-16 -1.866e-08 
  2.883e-11  8.179e-11  6.910e-06  1.975e-10  1.161e-08 -3.583e-16  2.507e-09 
  8.787e-08 -2.881e-08  1.975e-10  3.601e-05 -1.644e-06  1.834e-14 -1.736e-06 
 -1.358e-07  1.088e-07  1.161e-08 -1.644e-06  3.119e-05  1.511e-14 -5.643e-07 
  2.115e-16  6.214e-16 -3.583e-16  1.834e-14  1.511e-14  3.794e-16  1.525e-15 
  5.514e-08 -1.866e-08  2.507e-09 -1.736e-06 -5.643e-07  1.525e-15  3.164e-05 
 PARAMETER  CORRELATION COEFFICIENTS  
       NO.  GLOBAL     13     14     20     21     22     23     24
       13  0.27146   1.000 -0.270  0.000  0.014 -0.023  0.000  0.009
       14  0.27071  -0.270  1.000  0.000 -0.005  0.019  0.000 -0.003
       20  0.00082   0.000  0.000  1.000  0.000  0.001 -0.000  0.000
       21  0.07295   0.014 -0.005  0.000  1.000 -0.049  0.000 -0.051
       22  0.05910  -0.023  0.019  0.001 -0.049  1.000  0.000 -0.018
       23  0.00022   0.000  0.000 -0.000  0.000  0.000  1.000  0.000
