 + ++++++++++++++++++++++++++++++++++++++++++++++++++++++++++++++++++++ +
 +                                                                      +
 +           You have chose to blind your fitting according to          +
 +                omega_ref * (1 + (R +/- deltaR) *10^{-6})             +
 +                                                                      +
 + ++++++++++++++++++++++++++++++++++++++++++++++++++++++++++++++++++++ +
In main()...
reading format from /gm2data/zkhechad/run45/envelope/formats/formatB_sBin_constraintOn.txt
pBinTau 	= 0  
pBinPhi 	= 0  
constraintau 	= 1 
includeMopTerm 	= 0    
constrainMop    = 0   
Parameters after format file: pBinTau 0 pBinPhi 0 constraintau 1 includeMopTerm 0 constrainMop 0 c_e_scale 0.000000 
Opening file /gm2data/tbarrett/gm2fr/studies/run23_bunch_corrections/CorrectedFourier_Run3b.root.
reading full fit data from /gm2data/zkhechad/cboTemplates/Run4CBOTemplates/templateFits0_v2.0/noRF/sBin_constraintOn_cE0.0_seed0_noRF_calo18.root
windowBins = 17
fitting sliding window 180 from bin 316 at 46.998000 to bin 333 at 49.683600 (17 bins)

Reading data from /gm2data/cornell/histograms/aMethod/histogram_a_noRF.root
 **********
 **    1 **SET PRINTOUT            1
 **********
 **********
 **    2 **SET NOWARNINGS 
 **********
 PARAMETER DEFINITIONS:
    NO.   NAME         VALUE      STEP SIZE      LIMITS
     1 N0           3.61661e+06  1.00000e+02     no limits
     2 tau          6.44027e+01  constant
     3 A0           3.53412e-01  1.00000e-04     no limits
     4 phi          4.12202e+00  1.00000e-02     no limits
     5 R           -6.06479e+01  constant
     6 alpha_CBO    0.00000e+00  1.00000e-03     no limits
     7 w_CBO        2.32500e+00  constant
     8 beta_CBO     0.00000e+00  1.00000e-03     no limits
     9 alpha_2CBO   0.00000e+00  1.00000e-03     no limits
    10 beta_2CBO    0.00000e+00  1.00000e-03     no limits
    11 alpha_y      0.00000e+00  1.00000e-03     no limits
    12 w_y          1.44500e+01  constant
    13 beta_y       0.00000e+00  1.00000e-03     no limits
    14 alpha_vw     0.00000e+00  1.00000e-03     no limits
    15 w_vw         1.29000e+01  constant
    16 beta_vw      0.00000e+00  1.00000e-03     no limits
    17 LM          -1.06686e-04  constant
    18 zeta_y       0.00000e+00  constant
    19 zeta_vw      0.00000e+00  constant
    20 T_CBO        1.00000e+02  1.00000e+00    0.00000e+00  1.00000e+03
    21 alpha_A0     0.00000e+00  1.00000e-03     no limits
    22 beta_A0      0.00000e+00  1.00000e-03     no limits
    23 alpha_phi    0.00000e+00  1.00000e-03     no limits
    24 beta_phi     0.00000e+00  1.00000e-03     no limits
MINUIT - FIT ONLY WIGGLE
 **********
 **    3 **FIX            5
 **********
 PARAMETER    5  IS CONSTANT.   IGNORED.
 **********
 **    4 **FIX            6
 **********
 **********
 **    5 **FIX            7
 **********
 PARAMETER    7  IS CONSTANT.   IGNORED.
 **********
 **    6 **FIX            8
 **********
 **********
 **    7 **FIX            9
 **********
 **********
 **    8 **FIX           10
 **********
 **********
 **    9 **FIX           11
 **********
 **********
 **   10 **FIX           12
 **********
 PARAMETER   12  IS CONSTANT.   IGNORED.
 **********
 **   11 **FIX           13
 **********
 **********
 **   12 **FIX           14
 **********
 **********
 **   13 **FIX           15
 **********
 PARAMETER   15  IS CONSTANT.   IGNORED.
 **********
 **   14 **FIX           16
 **********
 **********
 **   15 **MIGRAD
 **********
 FIRST CALL TO USER FUNCTION AT NEW START POINT, WITH IFLAG=4.
 START MIGRAD MINIMIZATION.  STRATEGY  1.  CONVERGENCE WHEN EDM .LT. 1.00e-04
 FCN=2451.53 FROM MIGRAD    STATUS=INITIATE      427 CALLS         428 TOTAL
                     EDM= unknown      STRATEGY= 1      NO ERROR MATRIX       
  EXT PARAMETER               CURRENT GUESS       STEP         FIRST   
  NO.   NAME      VALUE            ERROR          SIZE      DERIVATIVE 
   1  N0           3.61661e+06   1.00000e+02   0.00000e+00   1.09250e-02
   2  tau          6.44027e+01   constant   
   3  A0           3.53412e-01   1.00000e-04   0.00000e+00   4.57943e+05
   4  phi          4.12202e+00   1.00000e-02   0.00000e+00   1.37657e+05
   5  R           -6.06479e+01   constant   
   6  alpha_CBO    0.00000e+00     fixed    
   7  w_CBO        2.32500e+00   constant   
   8  beta_CBO     0.00000e+00     fixed    
   9  alpha_2CBO   0.00000e+00     fixed    
  10  beta_2CBO    0.00000e+00     fixed    
  11  alpha_y      0.00000e+00     fixed    
  12  w_y          1.44500e+01   constant   
  13  beta_y       0.00000e+00     fixed    
  14  alpha_vw     0.00000e+00     fixed    
  15  w_vw         1.29000e+01   constant   
  16  beta_vw      0.00000e+00     fixed    
  17  LM          -1.06686e-04   constant   
  18  zeta_y       0.00000e+00   constant   
  19  zeta_vw      0.00000e+00   constant   
  20  T_CBO        1.00000e+02   1.00000e+00   0.00000e+00   0.00000e+00
  21  alpha_A0     0.00000e+00   1.00000e-03   0.00000e+00  -5.29000e+04
  22  beta_A0      0.00000e+00   1.00000e-03   0.00000e+00  -1.23093e+04
  23  alpha_phi    0.00000e+00   1.00000e-03   0.00000e+00   6.23368e+04
  24  beta_phi     0.00000e+00   1.00000e-03   0.00000e+00   2.67430e+04
 CALL LIMIT EXCEEDED IN MIGRAD.
 MIGRAD TERMINATED WITHOUT CONVERGENCE.
 FCN=114.966 FROM MIGRAD    STATUS=CALL LIMIT   1330 CALLS        1331 TOTAL
                     EDM=0.110408    STRATEGY= 1  ERROR MATRIX UNCERTAINTY  22.1 per cent
  EXT PARAMETER                APPROXIMATE        STEP         FIRST   
  NO.   NAME      VALUE            ERROR          SIZE      DERIVATIVE 
   1  N0           3.63959e+06   1.27787e+04   4.45940e+03   1.14816e-03
   2  tau          6.44027e+01   constant   
   3  A0           3.33954e-01   3.52499e-03  -1.11188e-03  -2.40085e+03
   4  phi          4.06991e+00   5.19784e-03   8.62014e-04   5.97738e+02
   5  R           -6.06479e+01   constant   
   6  alpha_CBO    0.00000e+00     fixed    
   7  w_CBO        2.32500e+00   constant   
   8  beta_CBO     0.00000e+00     fixed    
   9  alpha_2CBO   0.00000e+00     fixed    
  10  beta_2CBO    0.00000e+00     fixed    
  11  alpha_y      0.00000e+00     fixed    
  12  w_y          1.44500e+01   constant   
  13  beta_y       0.00000e+00     fixed    
  14  alpha_vw     0.00000e+00     fixed    
  15  w_vw         1.29000e+01   constant   
  16  beta_vw      0.00000e+00     fixed    
  17  LM          -1.06686e-04   constant   
  18  zeta_y       0.00000e+00   constant   
  19  zeta_vw      0.00000e+00   constant   
  20  T_CBO        4.01331e+01   7.75192e-01  -1.26724e-03  -1.90605e+02
  21  alpha_A0    -1.87675e-01   2.40506e-02   2.06272e-03  -8.24402e+01
  22  beta_A0      1.93454e-01   6.52154e-02   2.20130e-02  -1.31945e+02
  23  alpha_phi    1.72406e-01   6.12565e-02   2.01873e-02  -2.58451e+02
  24  beta_phi     2.22403e-01   2.41187e-02  -2.47063e-03   1.02884e+02
 EXTERNAL ERROR MATRIX.    NDIM=  25    NPAR=  8    ERR DEF=1
  1.633e+08 -4.345e+01  2.255e+01 -7.555e+03  3.749e+01  8.258e+02  7.668e+02 -4.510e+01 
 -4.345e+01  1.243e-05 -2.427e-06  2.272e-03  1.003e-05 -2.276e-04 -2.152e-04 -7.141e-06 
  2.255e+01 -2.427e-06  2.702e-05 -2.553e-04  1.176e-04  8.388e-05  5.712e-05 -1.213e-04 
 -7.555e+03  2.272e-03 -2.553e-04  6.009e-01  4.218e-03 -4.121e-02 -3.968e-02 -3.047e-03 
  3.749e+01  1.003e-05  1.176e-04  4.218e-03  5.784e-04  1.173e-05 -9.633e-05 -5.742e-04 
  8.258e+02 -2.276e-04  8.388e-05 -4.121e-02  1.173e-05  4.253e-03  3.982e-03 -6.334e-05 
  7.668e+02 -2.152e-04  5.712e-05 -3.968e-02 -9.633e-05  3.982e-03  3.752e-03  4.925e-05 
 -4.510e+01 -7.141e-06 -1.213e-04 -3.047e-03 -5.742e-04 -6.334e-05  4.925e-05  5.817e-04 
ERR MATRIX APPROXIMATE
 PARAMETER  CORRELATION COEFFICIENTS  
       NO.  GLOBAL      1      3      4     20     21     22     23     24
        1  0.99955   1.000 -0.965  0.339 -0.763  0.122  0.991  0.980 -0.146
        3  0.99969  -0.965  1.000 -0.132  0.832  0.118 -0.990 -0.996 -0.084
        4  0.99905   0.339 -0.132  1.000 -0.063  0.941  0.247  0.179 -0.967
       20  0.97383  -0.763  0.832 -0.063  1.000  0.226 -0.815 -0.836 -0.163
       21  0.99716   0.122  0.118  0.941  0.226  1.000  0.007 -0.065 -0.990
       22  0.99991   0.991 -0.990  0.247 -0.815  0.007  1.000  0.997 -0.040
       23  0.99983   0.980 -0.996  0.179 -0.836 -0.065  0.997  1.000  0.033
       24  0.99957  -0.146 -0.084 -0.967 -0.163 -0.990 -0.040  0.033  1.000
 ERR MATRIX APPROXIMATE
MINUIT - FIT ONLY 1-CBO + wiggle
 **********
 **   16 **RES 
 **********
                   PARAMETER   16  beta_vw RESTORED TO VARIABLE.
                   PARAMETER   14  alpha_vw RESTORED TO VARIABLE.
                   PARAMETER   13  beta_y RESTORED TO VARIABLE.
                   PARAMETER   11  alpha_y RESTORED TO VARIABLE.
                   PARAMETER   10  beta_2CBO RESTORED TO VARIABLE.
                   PARAMETER    9  alpha_2CBO RESTORED TO VARIABLE.
                   PARAMETER    8  beta_CBO RESTORED TO VARIABLE.
                   PARAMETER    6  alpha_CBO RESTORED TO VARIABLE.
 **********
 **   17 **FIX            8
 **********
 **********
 **   18 **FIX            9
 **********
 **********
 **   19 **FIX           11
 **********
 **********
 **   20 **FIX           12
 **********
 PARAMETER   12  IS CONSTANT.   IGNORED.
 **********
 **   21 **FIX           14
 **********
 **********
 **   22 **FIX           15
 **********
 PARAMETER   15  IS CONSTANT.   IGNORED.
 **********
 **   23 **FIX           16
 **********
 **********
 **   24 **MIGRAD
 **********
 START MIGRAD MINIMIZATION.  STRATEGY  1.  CONVERGENCE WHEN EDM .LT. 1.00e-04
 FCN=114.966 FROM MIGRAD    STATUS=INITIATE       28 CALLS        1359 TOTAL
                     EDM= unknown      STRATEGY= 1      NO ERROR MATRIX       
  EXT PARAMETER               CURRENT GUESS       STEP         FIRST   
  NO.   NAME      VALUE            ERROR          SIZE      DERIVATIVE 
   1  N0           3.63959e+06   1.27787e+04   4.45940e+03   1.14816e-03
   2  tau          6.44027e+01   constant   
   3  A0           3.33954e-01   3.52499e-03  -1.11188e-03  -2.40085e+03
   4  phi          4.06991e+00   5.19784e-03   8.62014e-04   5.97738e+02
   5  R           -6.06479e+01   constant   
   6  alpha_CBO    0.00000e+00   1.00000e-03   1.00000e-03  -4.15313e+02
   7  w_CBO        2.32500e+00   constant   
   8  beta_CBO     0.00000e+00     fixed    
   9  alpha_2CBO   0.00000e+00     fixed    
  10  beta_2CBO    0.00000e+00   1.00000e-03   1.00000e-03  -1.49932e+03
  11  alpha_y      0.00000e+00     fixed    
  12  w_y          1.44500e+01   constant   
  13  beta_y       0.00000e+00   1.00000e-03   1.00000e-03  -2.24177e+04
  14  alpha_vw     0.00000e+00     fixed    
  15  w_vw         1.29000e+01   constant   
  16  beta_vw      0.00000e+00     fixed    
  17  LM          -1.06686e-04   constant   
  18  zeta_y       0.00000e+00   constant   
  19  zeta_vw      0.00000e+00   constant   
  20  T_CBO        4.01331e+01   7.75192e-01  -1.26724e-03  -1.90605e+02
  21  alpha_A0    -1.87675e-01   2.40506e-02   2.06272e-03  -8.24402e+01
  22  beta_A0      1.93454e-01   6.52154e-02   2.20130e-02  -1.31945e+02
  23  alpha_phi    1.72406e-01   6.12565e-02   2.01873e-02  -2.58451e+02
  24  beta_phi     2.22403e-01   2.41187e-02  -2.47063e-03   1.02884e+02
 MIGRAD MINIMIZATION HAS CONVERGED.
 MIGRAD WILL VERIFY CONVERGENCE AND ERROR MATRIX.
 FCN=110.788 FROM HESSE     STATUS=NOT POSDEF    100 CALLS        1730 TOTAL
                     EDM=0.000597146    STRATEGY= 1      ERR MATRIX NOT POS-DEF
  EXT PARAMETER                APPROXIMATE        STEP         FIRST   
  NO.   NAME      VALUE            ERROR          SIZE      DERIVATIVE 
   1  N0           3.64032e+06   4.98127e+03   2.32077e+00  -3.39704e-06
   2  tau          6.44027e+01   constant   
   3  A0           3.33956e-01   1.67159e-03   6.65593e-07   1.13078e+01
   4  phi          4.06993e+00   4.88069e-03   2.44310e-06  -4.13514e+00
   5  R           -6.06479e+01   constant   
   6  alpha_CBO   -4.50601e-04   1.30966e-03   8.84601e-07  -5.56210e+00
   7  w_CBO        2.32500e+00   constant   
   8  beta_CBO     0.00000e+00     fixed    
   9  alpha_2CBO   0.00000e+00     fixed    
  10  beta_2CBO    4.51841e-04   9.04560e-04   9.35040e-07  -1.55742e+00
  11  alpha_y      0.00000e+00     fixed    
  12  w_y          1.44500e+01   constant   
  13  beta_y       3.55313e-04   1.76905e-04   8.73185e-07   1.15078e+00
  14  alpha_vw     0.00000e+00     fixed    
  15  w_vw         1.29000e+01   constant   
  16  beta_vw      0.00000e+00     fixed    
  17  LM          -1.06686e-04   constant   
  18  zeta_y       0.00000e+00   constant   
  19  zeta_vw      0.00000e+00   constant   
  20  T_CBO        3.99494e+01   2.42886e+00   4.98115e-06   1.34199e+00
  21  alpha_A0    -1.77646e-01   2.04423e-02   1.32657e-05   3.49758e-01
  22  beta_A0      1.96860e-01   1.80740e-02   1.03780e-05  -3.15220e-01
  23  alpha_phi    1.71247e-01   1.74376e-02   9.03591e-06   3.75367e-01
  24  beta_phi     2.22859e-01   2.28764e-02   1.08332e-05   1.25850e+00
 MIGRAD MINIMIZATION HAS CONVERGED.
 MIGRAD WILL VERIFY CONVERGENCE AND ERROR MATRIX.
 FCN=110.393 FROM MIGRAD    STATUS=CONVERGED    1546 CALLS        2877 TOTAL
                     EDM=6.33351e-06    STRATEGY= 1      ERR MATRIX NOT POS-DEF
  EXT PARAMETER                APPROXIMATE        STEP         FIRST   
  NO.   NAME      VALUE            ERROR          SIZE      DERIVATIVE 
   1  N0           3.68845e+06   5.21029e+03   2.34738e+00   6.56169e-06
   2  tau          6.44027e+01   constant   
   3  A0           3.26161e-01   1.52956e-03   6.15930e-07  -2.57065e+01
   4  phi          4.10303e+00   4.76381e-03   2.61035e-06   1.42155e+00
   5  R           -6.06479e+01   constant   
   6  alpha_CBO    6.02828e-03   1.31187e-03   8.82147e-07   6.79686e+00
   7  w_CBO        2.32500e+00   constant   
   8  beta_CBO     0.00000e+00     fixed    
   9  alpha_2CBO   0.00000e+00     fixed    
  10  beta_2CBO   -3.15327e-03   9.24005e-04   9.32825e-07   6.68931e+00
  11  alpha_y      0.00000e+00     fixed    
  12  w_y          1.44500e+01   constant   
  13  beta_y       3.27645e-04   1.76591e-04   8.71651e-07  -1.01124e+00
  14  alpha_vw     0.00000e+00     fixed    
  15  w_vw         1.29000e+01   constant   
  16  beta_vw      0.00000e+00     fixed    
  17  LM          -1.06686e-04   constant   
  18  zeta_y       0.00000e+00   constant   
  19  zeta_vw      0.00000e+00   constant   
  20  T_CBO        4.01039e+01   1.44134e+00   2.80375e-06  -5.99981e+00
  21  alpha_A0    -1.32697e-01   2.17581e-02   1.42410e-05  -3.85691e-01
  22  beta_A0      3.99481e-01   1.84903e-02   1.09490e-05  -1.15085e+00
  23  alpha_phi    3.83273e-01   1.79433e-02   8.91499e-06  -1.53730e+00
  24  beta_phi     8.91998e-02   1.92712e-02   1.03751e-05  -1.44813e-01
 EXTERNAL ERROR MATRIX.    NDIM=  25    NPAR= 11    ERR DEF=1
  2.715e+07 
  7.941e-01  2.340e-06 
  2.287e+00  6.748e-07  2.269e-05 
  3.706e+00  8.666e-07  2.097e-06  1.721e-06 
  1.265e+00  5.348e-07 -2.092e-06 -3.945e-07  8.538e-07 
 -7.292e-02 -1.959e-08  5.080e-08 -4.532e-08  1.021e-08  3.118e-08 
  2.480e+03 -8.045e-04 -1.446e-04  2.157e-04 -1.832e-04 -7.470e-06  2.077e+00 
  4.288e+01  1.342e-05  4.253e-05 -2.194e-06  1.101e-05  5.344e-07  2.126e-03  4.734e-04 
  4.288e+01 -8.676e-06  7.600e-06  3.157e-07  1.256e-06  5.157e-08 -1.080e-02  1.434e-06  3.419e-04 
  3.424e+01 -9.875e-06  1.458e-05  5.989e-06 -4.818e-06 -1.061e-07 -9.176e-03 -1.156e-04  2.982e-04  3.220e-04 
 -1.473e+01 -3.053e-06 -8.939e-05 -9.223e-06  8.302e-06 -2.017e-07 -4.169e-03 -1.909e-04  1.489e-05 -1.494e-05  3.714e-04 
ERR MATRIX NOT POS-DEF
 PARAMETER  CORRELATION COEFFICIENTS  
       NO.  GLOBAL      1      3      4      6     10     13     20     21     22     23     24
        1  0.99616   1.000  0.100  0.092  0.542  0.263 -0.079  0.330  0.378  0.445  0.366 -0.147
        3  0.99695   0.100  1.000  0.093  0.432  0.378 -0.073 -0.365  0.403 -0.307 -0.360 -0.104
        4  0.99436   0.092  0.093  1.000  0.335 -0.475  0.060 -0.021  0.410  0.086  0.171 -0.974
        6  0.99148   0.542  0.432  0.335  1.000 -0.325 -0.196  0.114 -0.077  0.013  0.254 -0.365
       10  0.98070   0.263  0.378 -0.475 -0.325  1.000  0.063 -0.138  0.548  0.073 -0.291  0.466
       13  0.29376  -0.079 -0.073  0.060 -0.196  0.063  1.000 -0.029  0.139  0.016 -0.033 -0.059
       20  0.99726   0.330 -0.365 -0.021  0.114 -0.138 -0.029  1.000  0.068 -0.405 -0.355 -0.150
       21  0.99194   0.378  0.403  0.410 -0.077  0.548  0.139  0.068  1.000  0.004 -0.296 -0.455
       22  0.99341   0.445 -0.307  0.086  0.013  0.073  0.016 -0.405  0.004  1.000  0.899  0.042
       23  0.99536   0.366 -0.360  0.171  0.254 -0.291 -0.033 -0.355 -0.296  0.899  1.000 -0.043
       24  0.99455  -0.147 -0.104 -0.974 -0.365  0.466 -0.059 -0.150 -0.455  0.042 -0.043  1.000
 ERR MATRIX NOT POS-DEF
MINUIT - FIT ONLY 2-CBO
 **********
 **   25 **RES 
 **********
                   PARAMETER   16  beta_vw RESTORED TO VARIABLE.
                   PARAMETER   14  alpha_vw RESTORED TO VARIABLE.
                   PARAMETER   11  alpha_y RESTORED TO VARIABLE.
                   PARAMETER    9  alpha_2CBO RESTORED TO VARIABLE.
                   PARAMETER    8  beta_CBO RESTORED TO VARIABLE.
 **********
 **   26 **FIX            0
 **********
 PARAMETER    0  IS UNDEFINED. IGNORED.
 **********
 **   27 **FIX            1
 **********
 **********
 **   28 **FIX            2
 **********
 PARAMETER    2  IS CONSTANT.   IGNORED.
 **********
 **   29 **FIX            3
 **********
 **********
 **   30 **FIX            4
 **********
 **********
 **   31 **FIX            5
 **********
 PARAMETER    5  IS CONSTANT.   IGNORED.
 **********
 **   32 **FIX            6
 **********
 **********
 **   33 **FIX            7
 **********
 PARAMETER    7  IS CONSTANT.   IGNORED.
 **********
 **   34 **FIX           10
 **********
 **********
 **   35 **FIX           11
 **********
 **********
 **   36 **FIX           12
 **********
 PARAMETER   12  IS CONSTANT.   IGNORED.
 **********
 **   37 **FIX           13
 **********
 **********
 **   38 **FIX           14
 **********
 **********
 **   39 **FIX           15
 **********
 PARAMETER   15  IS CONSTANT.   IGNORED.
 **********
 **   40 **FIX           16
 **********
 **********
 **   41 **MIGRAD
 **********
 START MIGRAD MINIMIZATION.  STRATEGY  1.  CONVERGENCE WHEN EDM .LT. 1.00e-04
 FCN=110.393 FROM MIGRAD    STATUS=INITIATE       18 CALLS        2895 TOTAL
                     EDM= unknown      STRATEGY= 1      NO ERROR MATRIX       
  EXT PARAMETER               CURRENT GUESS       STEP         FIRST   
  NO.   NAME      VALUE            ERROR          SIZE      DERIVATIVE 
   1  N0           3.68845e+06     fixed    
   2  tau          6.44027e+01   constant   
   3  A0           3.26161e-01     fixed    
   4  phi          4.10303e+00     fixed    
   5  R           -6.06479e+01   constant   
   6  alpha_CBO    6.02828e-03     fixed    
   7  w_CBO        2.32500e+00   constant   
   8  beta_CBO     0.00000e+00   1.00000e-03   1.00000e-03  -4.38368e+01
   9  alpha_2CBO   0.00000e+00   1.00000e-03   1.00000e-03  -7.93829e+01
  10  beta_2CBO   -3.15327e-03     fixed    
  11  alpha_y      0.00000e+00     fixed    
  12  w_y          1.44500e+01   constant   
  13  beta_y       3.27645e-04     fixed    
  14  alpha_vw     0.00000e+00     fixed    
  15  w_vw         1.29000e+01   constant   
  16  beta_vw      0.00000e+00     fixed    
  17  LM          -1.06686e-04   constant   
  18  zeta_y       0.00000e+00   constant   
  19  zeta_vw      0.00000e+00   constant   
  20  T_CBO        4.01039e+01   1.44134e+00   2.80375e-06  -5.99988e+00
  21  alpha_A0    -1.32697e-01   2.17581e-02   1.42410e-05  -3.85703e-01
  22  beta_A0      3.99481e-01   1.84903e-02   1.09490e-05  -1.15088e+00
  23  alpha_phi    3.83273e-01   1.79433e-02   8.91499e-06  -1.53730e+00
  24  beta_phi     8.91998e-02   1.92712e-02   1.03751e-05  -1.44813e-01
 MIGRAD MINIMIZATION HAS CONVERGED.
 MIGRAD WILL VERIFY CONVERGENCE AND ERROR MATRIX.
 FCN=110.392 FROM MIGRAD    STATUS=CONVERGED     132 CALLS        3009 TOTAL
                     EDM=2.26484e-05    STRATEGY= 1      ERR MATRIX NOT POS-DEF
  EXT PARAMETER                APPROXIMATE        STEP         FIRST   
  NO.   NAME      VALUE            ERROR          SIZE      DERIVATIVE 
   1  N0           3.68845e+06     fixed    
   2  tau          6.44027e+01   constant   
   3  A0           3.26161e-01     fixed    
   4  phi          4.10303e+00     fixed    
   5  R           -6.06479e+01   constant   
   6  alpha_CBO    6.02828e-03     fixed    
   7  w_CBO        2.32500e+00   constant   
   8  beta_CBO     5.92245e-06   3.96892e-04   9.23733e-07   1.58313e+01
   9  alpha_2CBO   9.70045e-06   4.84662e-04   8.74452e-07  -6.96233e+00
  10  beta_2CBO   -3.15327e-03     fixed    
  11  alpha_y      0.00000e+00     fixed    
  12  w_y          1.44500e+01   constant   
  13  beta_y       3.27645e-04     fixed    
  14  alpha_vw     0.00000e+00     fixed    
  15  w_vw         1.29000e+01   constant   
  16  beta_vw      0.00000e+00     fixed    
  17  LM          -1.06686e-04   constant   
  18  zeta_y       0.00000e+00   constant   
  19  zeta_vw      0.00000e+00   constant   
  20  T_CBO        4.01037e+01   1.64205e+00   2.80856e-06  -1.34433e+00
  21  alpha_A0    -1.32643e-01   8.08692e-03   1.42381e-05  -3.34896e-01
  22  beta_A0      3.99380e-01   2.04816e-02   1.09473e-05  -2.44385e-01
  23  alpha_phi    3.83338e-01   1.92962e-02   8.91580e-06  -3.48686e-01
  24  beta_phi     8.92432e-02   6.33460e-03   1.03772e-05  -2.20807e-01
 EXTERNAL ERROR MATRIX.    NDIM=  25    NPAR=  7    ERR DEF=1
  1.575e-07  3.307e-08  2.725e-05 -9.964e-08 -1.018e-06  7.391e-08  1.442e-06 
  3.307e-08  2.349e-07 -7.791e-06  1.637e-06 -2.162e-06  1.421e-06 -4.425e-08 
  2.725e-05 -7.791e-06  2.696e+00  1.086e-02 -3.252e-02 -3.122e-02 -7.432e-03 
 -9.964e-08  1.637e-06  1.086e-02  6.540e-05 -1.468e-04 -1.176e-04 -3.644e-05 
 -1.018e-06 -2.162e-06 -3.252e-02 -1.468e-04  4.195e-04  3.627e-04  8.665e-05 
  7.391e-08  1.421e-06 -3.122e-02 -1.176e-04  3.627e-04  3.723e-04  8.791e-05 
  1.442e-06 -4.425e-08 -7.432e-03 -3.644e-05  8.665e-05  8.791e-05  4.013e-05 
ERR MATRIX NOT POS-DEF
 PARAMETER  CORRELATION COEFFICIENTS  
       NO.  GLOBAL      8      9     20     21     22     23     24
        8  0.89246   1.000  0.172  0.042 -0.031 -0.125  0.010  0.574
        9  0.93686   0.172  1.000 -0.010  0.418 -0.218  0.152 -0.014
       20  0.99788   0.042 -0.010  1.000  0.818 -0.967 -0.985 -0.715
       21  0.93997  -0.031  0.418  0.818  1.000 -0.886 -0.753 -0.711
       22  0.99462  -0.125 -0.218 -0.967 -0.886  1.000  0.918  0.668
       23  0.99598   0.010  0.152 -0.985 -0.753  0.918  1.000  0.719
       24  0.94825   0.574 -0.014 -0.715 -0.711  0.668  0.719  1.000
 ERR MATRIX NOT POS-DEF
MINUIT - FIT wiggle + 1-CBO + 2-CBO
 **********
 **   42 **RES 
 **********
                   PARAMETER   16  beta_vw RESTORED TO VARIABLE.
                   PARAMETER   14  alpha_vw RESTORED TO VARIABLE.
                   PARAMETER   13  beta_y RESTORED TO VARIABLE.
                   PARAMETER   11  alpha_y RESTORED TO VARIABLE.
                   PARAMETER   10  beta_2CBO RESTORED TO VARIABLE.
                   PARAMETER    6  alpha_CBO RESTORED TO VARIABLE.
                   PARAMETER    4  phi RESTORED TO VARIABLE.
                   PARAMETER    3  A0 RESTORED TO VARIABLE.
                   PARAMETER    1  N0 RESTORED TO VARIABLE.
 **********
 **   43 **FIX           10
 **********
 **********
 **   44 **FIX           11
 **********
 **********
 **   45 **FIX           12
 **********
 PARAMETER   12  IS CONSTANT.   IGNORED.
 **********
 **   46 **FIX           13
 **********
 **********
 **   47 **FIX           14
 **********
 **********
 **   48 **FIX           15
 **********
 PARAMETER   15  IS CONSTANT.   IGNORED.
 **********
 **   49 **FIX           16
 **********
 **********
 **   50 **MIGRAD
 **********
 START MIGRAD MINIMIZATION.  STRATEGY  1.  CONVERGENCE WHEN EDM .LT. 1.00e-04
 FCN=110.392 FROM MIGRAD    STATUS=INITIATE       22 CALLS        3031 TOTAL
                     EDM= unknown      STRATEGY= 1      NO ERROR MATRIX       
  EXT PARAMETER               CURRENT GUESS       STEP         FIRST   
  NO.   NAME      VALUE            ERROR          SIZE      DERIVATIVE 
   1  N0           3.68845e+06   5.21029e+03   5.21029e+03   2.00656e-05
   2  tau          6.44027e+01   constant   
   3  A0           3.26161e-01   1.52956e-03   1.52956e-03   5.31030e+01
   4  phi          4.10303e+00   4.76381e-03   4.76381e-03  -2.97786e+00
   5  R           -6.06479e+01   constant   
   6  alpha_CBO    6.02828e-03   1.31187e-03   1.31187e-03  -1.07014e+02
   7  w_CBO        2.32500e+00   constant   
   8  beta_CBO     5.92245e-06   3.96892e-04   9.23733e-07   1.58312e+01
   9  alpha_2CBO   9.70045e-06   4.84662e-04   8.74452e-07  -6.96234e+00
  10  beta_2CBO   -3.15327e-03     fixed    
  11  alpha_y      0.00000e+00     fixed    
  12  w_y          1.44500e+01   constant   
  13  beta_y       3.27645e-04     fixed    
  14  alpha_vw     0.00000e+00     fixed    
  15  w_vw         1.29000e+01   constant   
  16  beta_vw      0.00000e+00     fixed    
  17  LM          -1.06686e-04   constant   
  18  zeta_y       0.00000e+00   constant   
  19  zeta_vw      0.00000e+00   constant   
  20  T_CBO        4.01037e+01   1.64205e+00   2.80856e-06  -1.34434e+00
  21  alpha_A0    -1.32643e-01   8.08692e-03   1.42381e-05  -3.34897e-01
  22  beta_A0      3.99380e-01   2.04816e-02   1.09473e-05  -2.44401e-01
  23  alpha_phi    3.83338e-01   1.92962e-02   8.91580e-06  -3.48685e-01
  24  beta_phi     8.92432e-02   6.33460e-03   1.03772e-05  -2.20806e-01
 CALL LIMIT EXCEEDED IN MIGRAD.
 MIGRAD TERMINATED WITHOUT CONVERGENCE.
 FCN=108.472 FROM MIGRAD    STATUS=CALL LIMIT   1916 CALLS        4925 TOTAL
                     EDM=0.0525713    STRATEGY= 1  ERROR MATRIX UNCERTAINTY   7.5 per cent
  EXT PARAMETER                APPROXIMATE        STEP         FIRST   
  NO.   NAME      VALUE            ERROR          SIZE      DERIVATIVE 
   1  N0           3.70721e+06   2.24755e+04   3.54892e+03  -1.66402e-05
   2  tau          6.44027e+01   constant   
   3  A0           3.19724e-01   2.13381e-03   1.03600e-05  -8.66318e+02
   4  phi          4.10203e+00   1.00379e-02   1.58963e-03  -5.59450e+02
   5  R           -6.06479e+01   constant   
   6  alpha_CBO    2.16857e-02   7.99492e-03   1.08581e-03   5.95357e+02
   7  w_CBO        2.32500e+00   constant   
   8  beta_CBO     1.60648e-02   5.94814e-03   5.18516e-04   1.24288e+03
   9  alpha_2CBO   1.25356e-02   4.61763e-03   3.95305e-04  -8.87907e+02
  10  beta_2CBO   -3.15327e-03     fixed    
  11  alpha_y      0.00000e+00     fixed    
  12  w_y          1.44500e+01   constant   
  13  beta_y       3.27645e-04     fixed    
  14  alpha_vw     0.00000e+00     fixed    
  15  w_vw         1.29000e+01   constant   
  16  beta_vw      0.00000e+00     fixed    
  17  LM          -1.06686e-04   constant   
  18  zeta_y       0.00000e+00   constant   
  19  zeta_vw      0.00000e+00   constant   
  20  T_CBO        4.76611e+01   6.45723e+00   3.98406e-03  -2.25573e+02
  21  alpha_A0    -2.75000e-01   2.12818e-02   4.43402e-03   1.52154e+01
  22  beta_A0      2.96355e-01   3.26042e-02  -7.68574e-04  -6.10742e+01
  23  alpha_phi    5.59545e-01   4.20492e-02   2.27208e-03   2.13989e+01
  24  beta_phi     2.54714e-01   2.41438e-02  -5.22060e-03  -1.49340e+02
 EXTERNAL ERROR MATRIX.    NDIM=  25    NPAR= 11    ERR DEF=1
  5.051e+08 
 -2.866e+01  4.553e-06 
  1.606e+02 -1.503e-05  1.008e-04 
  1.721e+02 -1.252e-05  6.675e-05  6.392e-05 
  1.067e+02 -1.122e-05  5.366e-05  4.424e-05  3.538e-05 
  8.988e+01 -8.571e-06  3.808e-05  3.552e-05  2.682e-05  2.132e-05 
  1.363e+05 -1.115e-02  5.603e-02  5.043e-02  3.604e-02  2.850e-02  4.171e+01 
  1.534e+02  9.333e-06  6.730e-05  2.725e-05 -2.249e-06 -2.676e-06  3.123e-02  4.529e-04 
 -3.684e+02  6.122e-05 -2.706e-04 -1.876e-04 -1.776e-04 -1.279e-04 -1.561e-01  1.506e-04  1.063e-03 
  7.980e+02 -6.932e-05  2.713e-04  3.098e-04  2.226e-04  1.851e-04  2.352e-01 -1.763e-04 -1.014e-03  1.768e-03 
 -1.312e+02 -1.721e-05 -5.340e-05 -1.332e-05  1.909e-05  1.605e-05 -1.892e-02 -4.977e-04 -2.660e-04  2.972e-04  5.829e-04 
ERR MATRIX APPROXIMATE
 PARAMETER  CORRELATION COEFFICIENTS  
       NO.  GLOBAL      1      3      4      6      8      9     20     21     22     23     24
        1  1.00000   1.000 -0.598  0.712  0.958  0.798  0.866  0.939  0.321 -0.503  0.844 -0.242
        3  0.99999  -0.598  1.000 -0.702 -0.734 -0.884 -0.870 -0.809  0.206  0.880 -0.773 -0.334
        4  1.00000   0.712 -0.702  1.000  0.832  0.899  0.822  0.864  0.315 -0.827  0.643 -0.220
        6  1.00000   0.958 -0.734  0.832  1.000  0.930  0.962  0.977  0.160 -0.720  0.922 -0.069
        8  1.00000   0.798 -0.884  0.899  0.930  1.000  0.977  0.938 -0.018 -0.916  0.890  0.133
        9  0.99998   0.866 -0.870  0.822  0.962  0.977  1.000  0.956 -0.027 -0.850  0.954  0.144
       20  1.00000   0.939 -0.809  0.864  0.977  0.938  0.956  1.000  0.227 -0.741  0.866 -0.121
       21  0.99997   0.321  0.206  0.315  0.160 -0.018 -0.027  0.227  1.000  0.217 -0.197 -0.969
       22  1.00000  -0.503  0.880 -0.827 -0.720 -0.916 -0.850 -0.741  0.217  1.000 -0.740 -0.338
       23  1.00000   0.844 -0.773  0.643  0.922  0.890  0.954  0.866 -0.197 -0.740  1.000  0.293
       24  0.99999  -0.242 -0.334 -0.220 -0.069  0.133  0.144 -0.121 -0.969 -0.338  0.293  1.000
 ERR MATRIX APPROXIMATE
MINUIT - FIT ONLY 1-y
 **********
 **   51 **RES 
 **********
                   PARAMETER   16  beta_vw RESTORED TO VARIABLE.
                   PARAMETER   14  alpha_vw RESTORED TO VARIABLE.
                   PARAMETER   13  beta_y RESTORED TO VARIABLE.
                   PARAMETER   11  alpha_y RESTORED TO VARIABLE.
                   PARAMETER   10  beta_2CBO RESTORED TO VARIABLE.
 **********
 **   52 **FIX            0
 **********
 PARAMETER    0  IS UNDEFINED. IGNORED.
 **********
 **   53 **FIX            1
 **********
 **********
 **   54 **FIX            2
 **********
 PARAMETER    2  IS CONSTANT.   IGNORED.
 **********
 **   55 **FIX            3
 **********
 **********
 **   56 **FIX            4
 **********
 **********
 **   57 **FIX            5
 **********
 PARAMETER    5  IS CONSTANT.   IGNORED.
 **********
 **   58 **FIX            6
 **********
 **********
 **   59 **FIX            7
 **********
 PARAMETER    7  IS CONSTANT.   IGNORED.
 **********
 **   60 **FIX            8
 **********
 **********
 **   61 **FIX            9
 **********
 **********
 **   62 **FIX           13
 **********
 **********
 **   63 **FIX           14
 **********
 **********
 **   64 **FIX           15
 **********
 PARAMETER   15  IS CONSTANT.   IGNORED.
 **********
 **   65 **FIX           16
 **********
 **********
 **   66 **MIGRAD
 **********
 START MIGRAD MINIMIZATION.  STRATEGY  1.  CONVERGENCE WHEN EDM .LT. 1.00e-04
 FCN=108.472 FROM MIGRAD    STATUS=INITIATE       16 CALLS        4941 TOTAL
                     EDM= unknown      STRATEGY= 1      NO ERROR MATRIX       
  EXT PARAMETER               CURRENT GUESS       STEP         FIRST   
  NO.   NAME      VALUE            ERROR          SIZE      DERIVATIVE 
   1  N0           3.70721e+06     fixed    
   2  tau          6.44027e+01   constant   
   3  A0           3.19724e-01     fixed    
   4  phi          4.10203e+00     fixed    
   5  R           -6.06479e+01   constant   
   6  alpha_CBO    2.16857e-02     fixed    
   7  w_CBO        2.32500e+00   constant   
   8  beta_CBO     1.60648e-02     fixed    
   9  alpha_2CBO   1.25356e-02     fixed    
  10  beta_2CBO   -3.15327e-03   9.24005e-04   9.24005e-04   5.70868e+02
  11  alpha_y      0.00000e+00   1.00000e-03   1.00000e-03   1.09659e+05
  12  w_y          1.44500e+01   constant   
  13  beta_y       3.27645e-04     fixed    
  14  alpha_vw     0.00000e+00     fixed    
  15  w_vw         1.29000e+01   constant   
  16  beta_vw      0.00000e+00     fixed    
  17  LM          -1.06686e-04   constant   
  18  zeta_y       0.00000e+00   constant   
  19  zeta_vw      0.00000e+00   constant   
  20  T_CBO        4.76611e+01   6.45723e+00   3.98406e-03  -2.25573e+02
  21  alpha_A0    -2.75000e-01   2.12818e-02   4.43402e-03   1.52154e+01
  22  beta_A0      2.96355e-01   3.26042e-02  -7.68574e-04  -6.10742e+01
  23  alpha_phi    5.59545e-01   4.20492e-02   2.27208e-03   2.13989e+01
  24  beta_phi     2.54714e-01   2.41438e-02  -5.22060e-03  -1.49340e+02
 MIGRAD MINIMIZATION HAS CONVERGED.
 MIGRAD WILL VERIFY CONVERGENCE AND ERROR MATRIX.
 FCN=7.27835 FROM HESSE     STATUS=NOT POSDEF     50 CALLS        5085 TOTAL
                     EDM=0.000135132    STRATEGY= 1      ERR MATRIX NOT POS-DEF
  EXT PARAMETER                APPROXIMATE        STEP         FIRST   
  NO.   NAME      VALUE            ERROR          SIZE      DERIVATIVE 
   1  N0           3.70721e+06     fixed    
   2  tau          6.44027e+01   constant   
   3  A0           3.19724e-01     fixed    
   4  phi          4.10203e+00     fixed    
   5  R           -6.06479e+01   constant   
   6  alpha_CBO    2.16857e-02     fixed    
   7  w_CBO        2.32500e+00   constant   
   8  beta_CBO     1.60648e-02     fixed    
   9  alpha_2CBO   1.25356e-02     fixed    
  10  beta_2CBO   -2.79849e-03   2.81133e-04   2.53724e-07   6.80760e+00
  11  alpha_y     -1.84540e-03   1.83233e-04   2.55592e-07   4.93784e-01
  12  w_y          1.44500e+01   constant   
  13  beta_y       3.27645e-04     fixed    
  14  alpha_vw     0.00000e+00     fixed    
  15  w_vw         1.29000e+01   constant   
  16  beta_vw      0.00000e+00     fixed    
  17  LM          -1.06686e-04   constant   
  18  zeta_y       0.00000e+00   constant   
  19  zeta_vw      0.00000e+00   constant   
  20  T_CBO        4.76560e+01   1.44579e+00   6.76742e-07  -3.64926e-01
  21  alpha_A0    -2.72325e-01   9.12696e-03   3.51753e-06  -1.10842e-01
  22  beta_A0      2.97399e-01   9.48510e-03   2.54260e-06  -4.99100e-01
  23  alpha_phi    5.59091e-01   1.73273e-02   1.98952e-06   1.42078e+00
  24  beta_phi     2.56085e-01   8.31327e-03   2.38236e-06  -2.51881e-02
 CALL LIMIT EXCEEDED IN MIGRAD.
 MIGRAD TERMINATED WITHOUT CONVERGENCE.
 FCN=7.10893 FROM MIGRAD    STATUS=CALL LIMIT   1150 CALLS        6075 TOTAL
                     EDM=0.00171695    STRATEGY= 1      ERR MATRIX NOT POS-DEF
  EXT PARAMETER                APPROXIMATE        STEP         FIRST   
  NO.   NAME      VALUE            ERROR          SIZE      DERIVATIVE 
   1  N0           3.70721e+06     fixed    
   2  tau          6.44027e+01   constant   
   3  A0           3.19724e-01     fixed    
   4  phi          4.10203e+00     fixed    
   5  R           -6.06479e+01   constant   
   6  alpha_CBO    2.16857e-02     fixed    
   7  w_CBO        2.32500e+00   constant   
   8  beta_CBO     1.60648e-02     fixed    
   9  alpha_2CBO   1.25356e-02     fixed    
  10  beta_2CBO   -2.79741e-03   2.74051e-04  -2.87226e-07   1.08873e+02
  11  alpha_y     -1.84797e-03   1.81673e-04  -2.58893e-07  -7.14098e+01
  12  w_y          1.44500e+01   constant   
  13  beta_y       3.27645e-04     fixed    
  14  alpha_vw     0.00000e+00     fixed    
  15  w_vw         1.29000e+01   constant   
  16  beta_vw      0.00000e+00     fixed    
  17  LM          -1.06686e-04   constant   
  18  zeta_y       0.00000e+00   constant   
  19  zeta_vw      0.00000e+00   constant   
  20  T_CBO        6.39704e+01   1.07654e+01   6.65283e-04  -3.53285e+01
  21  alpha_A0    -2.09499e-01   2.71032e-02   4.12413e-04  -1.01073e+01
  22  beta_A0      2.28641e-01   3.04024e-02  -4.67259e-04  -3.03656e+01
  23  alpha_phi    4.30978e-01   5.54735e-02  -8.50489e-04  -7.43331e+00
  24  beta_phi     1.96323e-01   2.61528e-02  -4.01212e-04  -1.75034e+01
 EXTERNAL ERROR MATRIX.    NDIM=  25    NPAR=  7    ERR DEF=1
  7.510e-08 -6.021e-09 -1.368e-04  1.442e-07  4.467e-07  5.915e-07  5.080e-07 
 -6.021e-09  3.301e-08 -2.124e-04 -5.839e-07  5.693e-07  1.102e-06  4.936e-07 
 -1.368e-04 -2.124e-04  1.160e+02  2.900e-01 -3.271e-01 -5.973e-01 -2.810e-01 
  1.442e-07 -5.839e-07  2.900e-01  7.346e-04 -8.180e-04 -1.495e-03 -7.038e-04 
  4.467e-07  5.693e-07 -3.271e-01 -8.180e-04  9.243e-04  1.684e-03  7.921e-04 
  5.915e-07  1.102e-06 -5.973e-01 -1.495e-03  1.684e-03  3.077e-03  1.447e-03 
  5.080e-07  4.936e-07 -2.810e-01 -7.038e-04  7.921e-04  1.447e-03  6.840e-04 
ERR MATRIX NOT POS-DEF
 PARAMETER  CORRELATION COEFFICIENTS  
       NO.  GLOBAL     10     11     20     21     22     23     24
       10  0.80798   1.000 -0.121 -0.046  0.019  0.054  0.039  0.071
       11  0.23452  -0.121  1.000 -0.109 -0.119  0.103  0.109  0.104
       20  0.99990  -0.046 -0.109  1.000  0.994 -0.999 -1.000 -0.998
       21  0.99761   0.019 -0.119  0.994  1.000 -0.993 -0.994 -0.993
       22  0.99942   0.054  0.103 -0.999 -0.993  1.000  0.999  0.996
       23  0.99983   0.039  0.109 -1.000 -0.994  0.999  1.000  0.997
       24  0.99887   0.071  0.104 -0.998 -0.993  0.996  0.997  1.000
 ERR MATRIX NOT POS-DEF
MINUIT - FIT ONLY 2-y
 **********
 **   67 **RES 
 **********
                   PARAMETER   16  beta_vw RESTORED TO VARIABLE.
                   PARAMETER   14  alpha_vw RESTORED TO VARIABLE.
                   PARAMETER   13  beta_y RESTORED TO VARIABLE.
                   PARAMETER    9  alpha_2CBO RESTORED TO VARIABLE.
                   PARAMETER    8  beta_CBO RESTORED TO VARIABLE.
                   PARAMETER    6  alpha_CBO RESTORED TO VARIABLE.
                   PARAMETER    4  phi RESTORED TO VARIABLE.
                   PARAMETER    3  A0 RESTORED TO VARIABLE.
                   PARAMETER    1  N0 RESTORED TO VARIABLE.
 **********
 **   68 **FIX            0
 **********
 PARAMETER    0  IS UNDEFINED. IGNORED.
 **********
 **   69 **FIX            1
 **********
 **********
 **   70 **FIX            2
 **********
 PARAMETER    2  IS CONSTANT.   IGNORED.
 **********
 **   71 **FIX            3
 **********
 **********
 **   72 **FIX            4
 **********
 **********
 **   73 **FIX            5
 **********
 PARAMETER    5  IS CONSTANT.   IGNORED.
 **********
 **   74 **FIX            6
 **********
 **********
 **   75 **FIX            7
 **********
 PARAMETER    7  IS CONSTANT.   IGNORED.
 **********
 **   76 **FIX            8
 **********
 **********
 **   77 **FIX            9
 **********
 **********
 **   78 **FIX           10
 **********
 **********
 **   79 **FIX           11
 **********
 **********
 **   80 **FIX           12
 **********
 PARAMETER   12  IS CONSTANT.   IGNORED.
 **********
 **   81 **FIX           16
 **********
 **********
 **   82 **MIGRAD
 **********
 START MIGRAD MINIMIZATION.  STRATEGY  1.  CONVERGENCE WHEN EDM .LT. 1.00e-04
 FCN=7.10893 FROM MIGRAD    STATUS=INITIATE       16 CALLS        6091 TOTAL
                     EDM= unknown      STRATEGY= 1      NO ERROR MATRIX       
  EXT PARAMETER               CURRENT GUESS       STEP         FIRST   
  NO.   NAME      VALUE            ERROR          SIZE      DERIVATIVE 
   1  N0           3.70721e+06     fixed    
   2  tau          6.44027e+01   constant   
   3  A0           3.19724e-01     fixed    
   4  phi          4.10203e+00     fixed    
   5  R           -6.06479e+01   constant   
   6  alpha_CBO    2.16857e-02     fixed    
   7  w_CBO        2.32500e+00   constant   
   8  beta_CBO     1.60648e-02     fixed    
   9  alpha_2CBO   1.25356e-02     fixed    
  10  beta_2CBO   -2.79741e-03     fixed    
  11  alpha_y     -1.84797e-03     fixed    
  12  w_y          1.44500e+01   constant   
  13  beta_y       3.27645e-04   1.76591e-04   1.76591e-04  -4.99783e+02
  14  alpha_vw     0.00000e+00   1.00000e-03   1.00000e-03   1.62284e+03
