 + ++++++++++++++++++++++++++++++++++++++++++++++++++++++++++++++++++++ +
 +                                                                      +
 +           You have chose to blind your fitting according to          +
 +                omega_ref * (1 + (R +/- deltaR) *10^{-6})             +
 +                                                                      +
 + ++++++++++++++++++++++++++++++++++++++++++++++++++++++++++++++++++++ +
In main()...
reading format from /gm2data/zkhechad/run45/envelope/formats/formatB_sBin_constraintOn.txt
pBinTau 	= 0  
pBinPhi 	= 0  
constraintau 	= 1 
includeMopTerm 	= 0    
constrainMop    = 0   
Parameters after format file: pBinTau 0 pBinPhi 0 constraintau 1 includeMopTerm 0 constrainMop 0 c_e_scale 0.000000 
Opening file /gm2data/tbarrett/gm2fr/studies/run23_bunch_corrections/CorrectedFourier_Run3b.root.
reading full fit data from /gm2data/zkhechad/cboTemplates/Run4CBOTemplates/fullFits/noRF/sBin_constraintOn_cE0.0_seed0_noRF_calo14.root
windowBins = 69
fitting sliding window 2030 from bin 2166 at 323.018000 to bin 2235 at 333.462000 (69 bins)

Reading data from /gm2data/cornell/histograms/aMethod/histogram_a_noRF.root
 **********
 **    1 **SET PRINTOUT            1
 **********
 **********
 **    2 **SET NOWARNINGS 
 **********
 PARAMETER DEFINITIONS:
    NO.   NAME         VALUE      STEP SIZE      LIMITS
     1 N0           3.41750e+06  1.00000e+02     no limits
     2 tau          6.44063e+01  constant
     3 A0           3.61912e-01  1.00000e-04     no limits
     4 phi          4.12132e+00  1.00000e-02     no limits
     5 R           -6.04192e+01  constant
     6 alpha_CBO    0.00000e+00  1.00000e-03     no limits
     7 w_CBO        2.32500e+00  constant
     8 beta_CBO     0.00000e+00  1.00000e-03     no limits
     9 alpha_2CBO   0.00000e+00  1.00000e-03     no limits
    10 beta_2CBO    0.00000e+00  1.00000e-03     no limits
    11 alpha_y      0.00000e+00  1.00000e-03     no limits
    12 w_y          1.38860e+01  constant
    13 beta_y       0.00000e+00  1.00000e-03     no limits
    14 alpha_vw     0.00000e+00  1.00000e-03     no limits
    15 w_vw         1.43404e+01  constant
    16 beta_vw      0.00000e+00  1.00000e-03     no limits
    17 LM           8.43198e-05  constant
    18 zeta_y       0.00000e+00  constant
    19 zeta_vw      0.00000e+00  constant
    20 T_CBO        1.00000e+02  1.00000e+00    0.00000e+00  1.00000e+03
    21 alpha_A0     0.00000e+00  1.00000e-03     no limits
    22 beta_A0      0.00000e+00  1.00000e-03     no limits
    23 alpha_phi    0.00000e+00  1.00000e-03     no limits
    24 beta_phi     0.00000e+00  1.00000e-03     no limits
MINUIT - FIT ONLY WIGGLE
 **********
 **    3 **FIX            5
 **********
 PARAMETER    5  IS CONSTANT.   IGNORED.
 **********
 **    4 **FIX            6
 **********
 **********
 **    5 **FIX            7
 **********
 PARAMETER    7  IS CONSTANT.   IGNORED.
 **********
 **    6 **FIX            8
 **********
 **********
 **    7 **FIX            9
 **********
 **********
 **    8 **FIX           10
 **********
 **********
 **    9 **FIX           11
 **********
 **********
 **   10 **FIX           12
 **********
 PARAMETER   12  IS CONSTANT.   IGNORED.
 **********
 **   11 **FIX           13
 **********
 **********
 **   12 **FIX           14
 **********
 **********
 **   13 **FIX           15
 **********
 PARAMETER   15  IS CONSTANT.   IGNORED.
 **********
 **   14 **FIX           16
 **********
 **********
 **   15 **MIGRAD
 **********
 FIRST CALL TO USER FUNCTION AT NEW START POINT, WITH IFLAG=4.
 START MIGRAD MINIMIZATION.  STRATEGY  1.  CONVERGENCE WHEN EDM .LT. 1.00e-04
 FCN=81.8057 FROM MIGRAD    STATUS=INITIATE      437 CALLS         438 TOTAL
                     EDM= unknown      STRATEGY= 1      NO ERROR MATRIX       
  EXT PARAMETER               CURRENT GUESS       STEP         FIRST   
  NO.   NAME      VALUE            ERROR          SIZE      DERIVATIVE 
   1  N0           3.41750e+06   1.00000e+02   0.00000e+00   7.10229e-04
   2  tau          6.44063e+01   constant   
   3  A0           3.61912e-01   1.00000e-04   0.00000e+00   5.42174e+03
   4  phi          4.12132e+00   1.00000e-02   0.00000e+00  -4.17414e+02
   5  R           -6.04192e+01   constant   
   6  alpha_CBO    0.00000e+00     fixed    
   7  w_CBO        2.32500e+00   constant   
   8  beta_CBO     0.00000e+00     fixed    
   9  alpha_2CBO   0.00000e+00     fixed    
  10  beta_2CBO    0.00000e+00     fixed    
  11  alpha_y      0.00000e+00     fixed    
  12  w_y          1.38860e+01   constant   
  13  beta_y       0.00000e+00     fixed    
  14  alpha_vw     0.00000e+00     fixed    
  15  w_vw         1.43404e+01   constant   
  16  beta_vw      0.00000e+00     fixed    
  17  LM           8.43198e-05   constant   
  18  zeta_y       0.00000e+00   constant   
  19  zeta_vw      0.00000e+00   constant   
  20  T_CBO        1.00000e+02   1.00000e+00   0.00000e+00   0.00000e+00
  21  alpha_A0     0.00000e+00   1.00000e-03   0.00000e+00  -6.76088e+01
  22  beta_A0      0.00000e+00   1.00000e-03   0.00000e+00  -1.74049e+01
  23  alpha_phi    0.00000e+00   1.00000e-03   0.00000e+00   3.89183e+01
  24  beta_phi     0.00000e+00   1.00000e-03   0.00000e+00  -4.43468e+01
 CALL LIMIT EXCEEDED IN MIGRAD.
 MIGRAD TERMINATED WITHOUT CONVERGENCE.
 FCN=66.6922 FROM MIGRAD    STATUS=CALL LIMIT   1337 CALLS        1338 TOTAL
                     EDM=0.00244918    STRATEGY= 1  ERROR MATRIX UNCERTAINTY   0.1 per cent
  EXT PARAMETER                APPROXIMATE        STEP         FIRST   
  NO.   NAME      VALUE            ERROR          SIZE      DERIVATIVE 
   1  N0           3.41559e+06   1.80830e+03  -6.04797e+00  -3.11061e-07
   2  tau          6.44063e+01   constant   
   3  A0           3.60736e-01   6.57358e-04   5.70772e-08   1.49784e+00
   4  phi          4.12129e+00   1.99623e-03  -1.57010e-06  -3.76355e+00
   5  R           -6.04192e+01   constant   
   6  alpha_CBO    0.00000e+00     fixed    
   7  w_CBO        2.32500e+00   constant   
   8  beta_CBO     0.00000e+00     fixed    
   9  alpha_2CBO   0.00000e+00     fixed    
  10  beta_2CBO    0.00000e+00     fixed    
  11  alpha_y      0.00000e+00     fixed    
  12  w_y          1.38860e+01   constant   
  13  beta_y       0.00000e+00     fixed    
  14  alpha_vw     0.00000e+00     fixed    
  15  w_vw         1.43404e+01   constant   
  16  beta_vw      0.00000e+00     fixed    
  17  LM           8.43198e-05   constant   
  18  zeta_y       0.00000e+00   constant   
  19  zeta_vw      0.00000e+00   constant   
  20  T_CBO        3.82991e+02   6.85621e+02   3.62630e-02  -4.14796e-01
  21  alpha_A0     1.80048e-02   2.71048e-02  -9.72782e-04  -1.31085e+01
  22  beta_A0      1.02073e-03   9.47789e-03  -1.21806e-04  -1.01349e+00
  23  alpha_phi   -9.12599e-03   1.75596e-02   3.04040e-04   2.06312e+00
  24  beta_phi     8.18528e-03   1.42631e-02  -2.44145e-04  -6.85910e+00
 EXTERNAL ERROR MATRIX.    NDIM=  25    NPAR=  8    ERR DEF=1
  3.270e+06  2.223e-01  2.704e-01  5.138e+03  1.329e-01  3.001e+00  2.293e+00 -9.570e-01 
  2.223e-01  4.321e-07  2.955e-08  4.927e-03 -2.578e-07  1.625e-07  2.350e-07  2.158e-08 
  2.704e-01  2.955e-08  3.985e-06 -2.660e-02 -7.356e-07  1.868e-06 -1.160e-06  1.309e-06 
  5.138e+03  4.927e-03 -2.660e-02  2.950e+05 -1.448e+01 -1.096e+00  7.777e+00 -6.621e+00 
  1.329e-01 -2.578e-07 -7.356e-07 -1.448e+01  7.347e-04  3.617e-05 -3.872e-04  3.038e-04 
  3.001e+00  1.625e-07  1.868e-06 -1.096e+00  3.617e-05  8.983e-05 -3.387e-05  4.032e-05 
  2.293e+00  2.350e-07 -1.160e-06  7.777e+00 -3.872e-04 -3.387e-05  3.083e-04 -1.540e-04 
 -9.570e-01  2.158e-08  1.309e-06 -6.621e+00  3.038e-04  4.032e-05 -1.540e-04  2.034e-04 
ERR MATRIX APPROXIMATE
 PARAMETER  CORRELATION COEFFICIENTS  
       NO.  GLOBAL      1      3      4     20     21     22     23     24
        1  0.34003   1.000  0.187  0.075  0.005  0.003  0.175  0.072 -0.037
        3  0.19346   0.187  1.000  0.023  0.014 -0.014  0.026  0.020  0.002
        4  0.24859   0.075  0.023  1.000 -0.025 -0.014  0.099 -0.033  0.046
       20  0.99395   0.005  0.014 -0.025  1.000 -0.984 -0.213  0.815 -0.855
       21  0.99116   0.003 -0.014 -0.014 -0.984  1.000  0.141 -0.814  0.786
       22  0.49610   0.175  0.026  0.099 -0.213  0.141  1.000 -0.204  0.298
       23  0.83894   0.072  0.020 -0.033  0.815 -0.814 -0.204  1.000 -0.615
       24  0.91594  -0.037  0.002  0.046 -0.855  0.786  0.298 -0.615  1.000
 ERR MATRIX APPROXIMATE
MINUIT - FIT ONLY 1-CBO + wiggle
 **********
 **   16 **RES 
 **********
                   PARAMETER   16  beta_vw RESTORED TO VARIABLE.
                   PARAMETER   14  alpha_vw RESTORED TO VARIABLE.
                   PARAMETER   13  beta_y RESTORED TO VARIABLE.
                   PARAMETER   11  alpha_y RESTORED TO VARIABLE.
                   PARAMETER   10  beta_2CBO RESTORED TO VARIABLE.
                   PARAMETER    9  alpha_2CBO RESTORED TO VARIABLE.
                   PARAMETER    8  beta_CBO RESTORED TO VARIABLE.
                   PARAMETER    6  alpha_CBO RESTORED TO VARIABLE.
 **********
 **   17 **FIX            8
 **********
 **********
 **   18 **FIX            9
 **********
 **********
 **   19 **FIX           11
 **********
 **********
 **   20 **FIX           12
 **********
 PARAMETER   12  IS CONSTANT.   IGNORED.
 **********
 **   21 **FIX           14
 **********
 **********
 **   22 **FIX           15
 **********
 PARAMETER   15  IS CONSTANT.   IGNORED.
 **********
 **   23 **FIX           16
 **********
 **********
 **   24 **MIGRAD
 **********
 START MIGRAD MINIMIZATION.  STRATEGY  1.  CONVERGENCE WHEN EDM .LT. 1.00e-04
 FCN=66.6922 FROM MIGRAD    STATUS=INITIATE       28 CALLS        1366 TOTAL
                     EDM= unknown      STRATEGY= 1      NO ERROR MATRIX       
  EXT PARAMETER               CURRENT GUESS       STEP         FIRST   
  NO.   NAME      VALUE            ERROR          SIZE      DERIVATIVE 
   1  N0           3.41559e+06   1.80830e+03  -6.04797e+00  -3.11061e-07
   2  tau          6.44063e+01   constant   
   3  A0           3.60736e-01   6.57358e-04   5.70772e-08   1.49784e+00
   4  phi          4.12129e+00   1.99623e-03  -1.57010e-06  -3.76355e+00
   5  R           -6.04192e+01   constant   
   6  alpha_CBO    0.00000e+00   1.00000e-03   1.00000e-03  -3.35847e+03
   7  w_CBO        2.32500e+00   constant   
   8  beta_CBO     0.00000e+00     fixed    
   9  alpha_2CBO   0.00000e+00     fixed    
  10  beta_2CBO    0.00000e+00   1.00000e-03   1.00000e-03   4.74563e+03
  11  alpha_y      0.00000e+00     fixed    
  12  w_y          1.38860e+01   constant   
  13  beta_y       0.00000e+00   1.00000e-03   1.00000e-03  -4.34435e+03
  14  alpha_vw     0.00000e+00     fixed    
  15  w_vw         1.43404e+01   constant   
  16  beta_vw      0.00000e+00     fixed    
  17  LM           8.43198e-05   constant   
  18  zeta_y       0.00000e+00   constant   
  19  zeta_vw      0.00000e+00   constant   
  20  T_CBO        3.82991e+02   6.85621e+02   3.62630e-02  -4.14799e-01
  21  alpha_A0     1.80048e-02   2.71048e-02  -9.72782e-04  -1.31085e+01
  22  beta_A0      1.02073e-03   9.47789e-03  -1.21806e-04  -1.01349e+00
  23  alpha_phi   -9.12599e-03   1.75596e-02   3.04040e-04   2.06312e+00
  24  beta_phi     8.18528e-03   1.42631e-02  -2.44145e-04  -6.85910e+00
 MIGRAD MINIMIZATION HAS CONVERGED.
 FCN=58.9416 FROM MIGRAD    STATUS=CONVERGED     767 CALLS        2105 TOTAL
                     EDM=1.11229e-06    STRATEGY= 1  ERROR MATRIX UNCERTAINTY   0.4 per cent
  EXT PARAMETER                                   STEP         FIRST   
  NO.   NAME      VALUE            ERROR          SIZE      DERIVATIVE 
   1  N0           3.41572e+06   1.85910e+03  -3.31443e-01  -1.79306e-08
   2  tau          6.44063e+01   constant   
   3  A0           3.60831e-01   6.48632e-04  -4.51554e-08   4.70190e-01
   4  phi          4.12179e+00   1.98685e-03  -2.00664e-07  -4.46395e-02
   5  R           -6.04192e+01   constant   
   6  alpha_CBO    1.04371e-03   7.75914e-04   7.94297e-08  -1.93305e-02
   7  w_CBO        2.32500e+00   constant   
   8  beta_CBO     0.00000e+00     fixed    
   9  alpha_2CBO   0.00000e+00     fixed    
  10  beta_2CBO   -1.37676e-03   7.49443e-04  -1.70791e-07  -4.83427e-01
  11  alpha_y      0.00000e+00     fixed    
  12  w_y          1.38860e+01   constant   
  13  beta_y       1.24870e-03   7.49387e-04  -4.48602e-09  -9.65010e-01
  14  alpha_vw     0.00000e+00     fixed    
  15  w_vw         1.43404e+01   constant   
  16  beta_vw      0.00000e+00     fixed    
  17  LM           8.43198e-05   constant   
  18  zeta_y       0.00000e+00   constant   
  19  zeta_vw      0.00000e+00   constant   
  20  T_CBO        9.99969e+02   5.51189e+02   1.97311e-02  -1.20825e-04
  21  alpha_A0     9.60276e-03   4.20684e-03  -4.26403e-06  -6.37035e-02
  22  beta_A0      2.16404e-04   3.92649e-03  -8.15057e-07   3.53683e-03
  23  alpha_phi   -3.83107e-03   3.53121e-03   3.12878e-06   2.94989e-01
  24  beta_phi     4.48391e-03   3.58588e-03  -3.10304e-06  -2.59620e-01
 EXTERNAL ERROR MATRIX.    NDIM=  25    NPAR= 11    ERR DEF=1
  3.456e+06 
  2.494e-01  4.207e-07 
  2.031e-01  4.327e-08  3.948e-06 
  4.918e-02  6.235e-08  2.263e-07  6.020e-07 
 -1.137e-02  1.610e-08 -6.530e-08  6.694e-09  5.617e-07 
 -5.880e-03  9.287e-09 -7.935e-09  1.341e-08 -1.509e-08  5.616e-07 
 -1.294e+03  8.332e-05 -1.873e-03  1.023e-03 -2.559e-03 -1.154e-03  5.426e+03 
  6.369e-01  4.214e-08 -1.484e-06 -9.173e-08  4.710e-07  1.122e-08 -5.278e-02  1.770e-05 
  1.489e+00  1.277e-07  7.183e-07  1.104e-08  1.850e-07  2.597e-08 -8.154e-03 -1.687e-06  1.542e-05 
  8.268e-01  3.219e-08  3.657e-07  5.679e-07 -1.684e-07  2.425e-08  4.012e-02 -1.537e-06  4.756e-07  1.247e-05 
 -5.886e-01  1.016e-07 -5.097e-08  1.413e-07  1.949e-07  1.759e-09 -3.368e-02 -5.649e-07  2.519e-07  1.328e-06  1.286e-05 
 PARAMETER  CORRELATION COEFFICIENTS  
       NO.  GLOBAL      1      3      4      6     10     13     20     21     22     23     24
        1  0.34888   1.000  0.207  0.055  0.034 -0.008 -0.004 -0.009  0.081  0.204  0.126 -0.088
        3  0.25074   0.207  1.000  0.034  0.124  0.033  0.019  0.002  0.015  0.050  0.014  0.044
        4  0.25051   0.055  0.034  1.000  0.147 -0.044 -0.005 -0.013 -0.178  0.092  0.052 -0.007
        6  0.27886   0.034  0.124  0.147  1.000  0.012  0.023  0.018 -0.028  0.004  0.207  0.051
       10  0.20261  -0.008  0.033 -0.044  0.012  1.000 -0.027 -0.046  0.149  0.063 -0.064  0.073
       13  0.05022  -0.004  0.019 -0.005  0.023 -0.027  1.000 -0.021  0.004  0.009  0.009  0.001
       20  0.27495  -0.009  0.002 -0.013  0.018 -0.046 -0.021  1.000 -0.170 -0.028  0.154 -0.127
       21  0.33113   0.081  0.015 -0.178 -0.028  0.149  0.004 -0.170  1.000 -0.102 -0.103 -0.037
       22  0.26321   0.204  0.050  0.092  0.004  0.063  0.009 -0.028 -0.102  1.000  0.034  0.018
       23  0.32714   0.126  0.014  0.052  0.207 -0.064  0.009  0.154 -0.103  0.034  1.000  0.105
       24  0.23830  -0.088  0.044 -0.007  0.051  0.073  0.001 -0.127 -0.037  0.018  0.105  1.000
MINUIT - FIT ONLY 2-CBO
 **********
 **   25 **RES 
 **********
                   PARAMETER   16  beta_vw RESTORED TO VARIABLE.
                   PARAMETER   14  alpha_vw RESTORED TO VARIABLE.
                   PARAMETER   11  alpha_y RESTORED TO VARIABLE.
                   PARAMETER    9  alpha_2CBO RESTORED TO VARIABLE.
                   PARAMETER    8  beta_CBO RESTORED TO VARIABLE.
 **********
 **   26 **FIX            0
 **********
 PARAMETER    0  IS UNDEFINED. IGNORED.
 **********
 **   27 **FIX            1
 **********
 **********
 **   28 **FIX            2
 **********
 PARAMETER    2  IS CONSTANT.   IGNORED.
 **********
 **   29 **FIX            3
 **********
 **********
 **   30 **FIX            4
 **********
 **********
 **   31 **FIX            5
 **********
 PARAMETER    5  IS CONSTANT.   IGNORED.
 **********
 **   32 **FIX            6
 **********
 **********
 **   33 **FIX            7
 **********
 PARAMETER    7  IS CONSTANT.   IGNORED.
 **********
 **   34 **FIX           10
 **********
 **********
 **   35 **FIX           11
 **********
 **********
 **   36 **FIX           12
 **********
 PARAMETER   12  IS CONSTANT.   IGNORED.
 **********
 **   37 **FIX           13
 **********
 **********
 **   38 **FIX           14
 **********
 **********
 **   39 **FIX           15
 **********
 PARAMETER   15  IS CONSTANT.   IGNORED.
 **********
 **   40 **FIX           16
 **********
 **********
 **   41 **MIGRAD
 **********
 START MIGRAD MINIMIZATION.  STRATEGY  1.  CONVERGENCE WHEN EDM .LT. 1.00e-04
 FCN=58.9416 FROM MIGRAD    STATUS=INITIATE       18 CALLS        2123 TOTAL
                     EDM= unknown      STRATEGY= 1      NO ERROR MATRIX       
  EXT PARAMETER               CURRENT GUESS       STEP         FIRST   
  NO.   NAME      VALUE            ERROR          SIZE      DERIVATIVE 
   1  N0           3.41572e+06     fixed    
   2  tau          6.44063e+01   constant   
   3  A0           3.60831e-01     fixed    
   4  phi          4.12179e+00     fixed    
   5  R           -6.04192e+01   constant   
   6  alpha_CBO    1.04371e-03     fixed    
   7  w_CBO        2.32500e+00   constant   
   8  beta_CBO     0.00000e+00   1.00000e-03   1.00000e-03   3.37059e+03
   9  alpha_2CBO   0.00000e+00   1.00000e-03   1.00000e-03  -3.56871e+03
  10  beta_2CBO   -1.37676e-03     fixed    
  11  alpha_y      0.00000e+00     fixed    
  12  w_y          1.38860e+01   constant   
  13  beta_y       1.24870e-03     fixed    
  14  alpha_vw     0.00000e+00     fixed    
  15  w_vw         1.43404e+01   constant   
  16  beta_vw      0.00000e+00     fixed    
  17  LM           8.43198e-05   constant   
  18  zeta_y       0.00000e+00   constant   
  19  zeta_vw      0.00000e+00   constant   
  20  T_CBO        9.99969e+02   5.51189e+02   1.97311e-02  -1.20139e-04
  21  alpha_A0     9.60276e-03   4.20684e-03  -4.26403e-06  -6.37039e-02
  22  beta_A0      2.16404e-04   3.92649e-03  -8.15057e-07   3.53827e-03
  23  alpha_phi   -3.83107e-03   3.53121e-03   3.12878e-06   2.94989e-01
  24  beta_phi     4.48391e-03   3.58588e-03  -3.10304e-06  -2.59620e-01
 MIGRAD MINIMIZATION HAS CONVERGED.
 MIGRAD WILL VERIFY CONVERGENCE AND ERROR MATRIX.
 COVARIANCE MATRIX CALCULATED SUCCESSFULLY
 FCN=55.4811 FROM MIGRAD    STATUS=CONVERGED     137 CALLS        2242 TOTAL
                     EDM=1.76179e-06    STRATEGY= 1      ERROR MATRIX ACCURATE 
  EXT PARAMETER                                   STEP         FIRST   
  NO.   NAME      VALUE            ERROR          SIZE      DERIVATIVE 
   1  N0           3.41572e+06     fixed    
   2  tau          6.44063e+01   constant   
   3  A0           3.60831e-01     fixed    
   4  phi          4.12179e+00     fixed    
   5  R           -6.04192e+01   constant   
   6  alpha_CBO    1.04371e-03     fixed    
   7  w_CBO        2.32500e+00   constant   
   8  beta_CBO    -9.65852e-04   7.66497e-04   2.72294e-06   1.30094e+00
   9  alpha_2CBO   1.02712e-03   7.66822e-04   2.75120e-06   1.49031e+00
  10  beta_2CBO   -1.37676e-03     fixed    
  11  alpha_y      0.00000e+00     fixed    
  12  w_y          1.38860e+01   constant   
  13  beta_y       1.24870e-03     fixed    
  14  alpha_vw     0.00000e+00     fixed    
  15  w_vw         1.43404e+01   constant   
  16  beta_vw      0.00000e+00     fixed    
  17  LM           8.43198e-05   constant   
  18  zeta_y       0.00000e+00   constant   
  19  zeta_vw      0.00000e+00   constant   
  20  T_CBO        1.00000e+03   9.92786e+02   5.39847e-02** at limit **
  21  alpha_A0     1.02804e-02   4.19330e-03   1.49392e-05   1.49867e-01
  22  beta_A0     -9.19736e-04   3.93174e-03   1.40965e-05  -5.14545e-02
  23  alpha_phi   -3.51517e-03   3.52871e-03   1.27840e-05  -8.80178e-02
  24  beta_phi     3.64865e-03   3.60411e-03   1.27448e-05   1.41999e-01
 EXTERNAL ERROR MATRIX.    NDIM=  25    NPAR=  7    ERR DEF=1
  5.875e-07  1.347e-08 -4.677e-07 -9.533e-08  1.852e-07  1.034e-07  6.721e-07 
  1.347e-08  5.880e-07 -1.080e-07  2.878e-07 -4.601e-07  2.759e-07  1.657e-07 
 -4.677e-07 -1.080e-07  2.550e+01  3.460e-03 -3.105e-04 -1.185e-03  1.230e-03 
 -9.533e-08  2.878e-07  3.460e-03  1.758e-05 -2.276e-06 -1.287e-06 -6.009e-08 
  1.852e-07 -4.601e-07 -3.105e-04 -2.276e-06  1.546e-05 -2.840e-08  8.222e-07 
  1.034e-07  2.759e-07 -1.185e-03 -1.287e-06 -2.840e-08  1.245e-05  6.789e-07 
  6.721e-07  1.657e-07  1.230e-03 -6.009e-08  8.222e-07  6.789e-07  1.299e-05 
 PARAMETER  CORRELATION COEFFICIENTS  
       NO.  GLOBAL      8      9     20     21     22     23     24
        8  0.25069   1.000  0.023 -0.000 -0.030  0.061  0.038  0.243
        9  0.21000   0.023  1.000 -0.000  0.089 -0.153  0.102  0.060
       20  0.18654  -0.000 -0.000  1.000  0.163 -0.016 -0.067  0.068
       21  0.23971  -0.030  0.089  0.163  1.000 -0.138 -0.087 -0.004
       22  0.21312   0.061 -0.153 -0.016 -0.138  1.000 -0.002  0.058
       23  0.15918   0.038  0.102 -0.067 -0.087 -0.002  1.000  0.053
       24  0.26723   0.243  0.060  0.068 -0.004  0.058  0.053  1.000
MINUIT - FIT wiggle + 1-CBO + 2-CBO
 **********
 **   42 **RES 
 **********
                   PARAMETER   16  beta_vw RESTORED TO VARIABLE.
                   PARAMETER   14  alpha_vw RESTORED TO VARIABLE.
                   PARAMETER   13  beta_y RESTORED TO VARIABLE.
                   PARAMETER   11  alpha_y RESTORED TO VARIABLE.
                   PARAMETER   10  beta_2CBO RESTORED TO VARIABLE.
                   PARAMETER    6  alpha_CBO RESTORED TO VARIABLE.
                   PARAMETER    4  phi RESTORED TO VARIABLE.
                   PARAMETER    3  A0 RESTORED TO VARIABLE.
                   PARAMETER    1  N0 RESTORED TO VARIABLE.
 **********
 **   43 **FIX           10
 **********
 **********
 **   44 **FIX           11
 **********
 **********
 **   45 **FIX           12
 **********
 PARAMETER   12  IS CONSTANT.   IGNORED.
 **********
 **   46 **FIX           13
 **********
 **********
 **   47 **FIX           14
 **********
 **********
 **   48 **FIX           15
 **********
 PARAMETER   15  IS CONSTANT.   IGNORED.
 **********
 **   49 **FIX           16
 **********
 **********
 **   50 **MIGRAD
 **********
 START MIGRAD MINIMIZATION.  STRATEGY  1.  CONVERGENCE WHEN EDM .LT. 1.00e-04
 FCN=55.4811 FROM MIGRAD    STATUS=INITIATE       22 CALLS        2264 TOTAL
                     EDM= unknown      STRATEGY= 1      NO ERROR MATRIX       
  EXT PARAMETER               CURRENT GUESS       STEP         FIRST   
  NO.   NAME      VALUE            ERROR          SIZE      DERIVATIVE 
   1  N0           3.41572e+06   1.85910e+03   1.85910e+03  -2.84494e-05
   2  tau          6.44063e+01   constant   
   3  A0           3.60831e-01   6.48632e-04   6.48632e-04  -2.59757e+02
   4  phi          4.12179e+00   1.98685e-03   1.98685e-03   3.52614e+02
   5  R           -6.04192e+01   constant   
   6  alpha_CBO    1.04371e-03   7.75914e-04   7.75914e-04  -4.66107e+01
   7  w_CBO        2.32500e+00   constant   
   8  beta_CBO    -9.65852e-04   7.66497e-04   2.72294e-06   1.30094e+00
   9  alpha_2CBO   1.02712e-03   7.66822e-04   2.75120e-06   1.49031e+00
  10  beta_2CBO   -1.37676e-03     fixed    
  11  alpha_y      0.00000e+00     fixed    
  12  w_y          1.38860e+01   constant   
  13  beta_y       1.24870e-03     fixed    
  14  alpha_vw     0.00000e+00     fixed    
  15  w_vw         1.43404e+01   constant   
  16  beta_vw      0.00000e+00     fixed    
  17  LM           8.43198e-05   constant   
  18  zeta_y       0.00000e+00   constant   
  19  zeta_vw      0.00000e+00   constant   
  20  T_CBO        1.00000e+03   9.92786e+02   5.39847e-02** at limit **
  21  alpha_A0     1.02804e-02   4.19330e-03   1.49392e-05   1.49871e-01
  22  beta_A0     -9.19736e-04   3.93174e-03   1.40965e-05  -5.14572e-02
  23  alpha_phi   -3.51517e-03   3.52871e-03   1.27840e-05  -8.80178e-02
  24  beta_phi     3.64865e-03   3.60411e-03   1.27448e-05   1.41999e-01
 MIGRAD MINIMIZATION HAS CONVERGED.
 MIGRAD WILL VERIFY CONVERGENCE AND ERROR MATRIX.
 COVARIANCE MATRIX CALCULATED SUCCESSFULLY
 FCN=55.3318 FROM MIGRAD    STATUS=CONVERGED     218 CALLS        2460 TOTAL
                     EDM=3.89137e-06    STRATEGY= 1      ERROR MATRIX ACCURATE 
  EXT PARAMETER                                   STEP         FIRST   
  NO.   NAME      VALUE            ERROR          SIZE      DERIVATIVE 
   1  N0           3.41579e+06   1.93621e+03   6.34046e+00   7.38160e-08
   2  tau          6.44063e+01   constant   
   3  A0           3.60898e-01   6.67388e-04   2.34354e-06   2.75907e+00
   4  phi          4.12100e+00   2.12683e-03   7.37401e-06   2.05580e-01
   5  R           -6.04192e+01   constant   
   6  alpha_CBO    1.03231e-03   7.91294e-04   2.78295e-06  -2.85129e-01
   7  w_CBO        2.32500e+00   constant   
   8  beta_CBO    -1.03993e-03   7.90743e-04   2.71928e-06   1.41609e+00
   9  alpha_2CBO   1.04056e-03   7.68282e-04   2.74751e-06   2.89838e-01
  10  beta_2CBO   -1.37676e-03     fixed    
  11  alpha_y      0.00000e+00     fixed    
  12  w_y          1.38860e+01   constant   
  13  beta_y       1.24870e-03     fixed    
  14  alpha_vw     0.00000e+00     fixed    
  15  w_vw         1.43404e+01   constant   
  16  beta_vw      0.00000e+00     fixed    
  17  LM           8.43198e-05   constant   
  18  zeta_y       0.00000e+00   constant   
  19  zeta_vw      0.00000e+00   constant   
  20  T_CBO        1.00000e+03   8.70911e+02   5.72639e-02** at limit **
  21  alpha_A0     1.06072e-02   4.29869e-03   1.49160e-05   2.18310e-01
  22  beta_A0     -1.06729e-03   4.03298e-03   1.40774e-05   9.81925e-02
  23  alpha_phi   -3.53999e-03   3.64175e-03   1.27650e-05   3.68682e-01
  24  beta_phi     3.56696e-03   3.62490e-03   1.27248e-05  -2.80461e-01
 EXTERNAL ERROR MATRIX.    NDIM=  25    NPAR= 11    ERR DEF=1
  3.749e+06 
  2.885e-01  4.454e-07 
  1.092e-01 -1.545e-08  4.523e-06 
  4.337e-02  7.410e-08  2.064e-07  6.261e-07 
 -1.865e-02 -5.204e-08  3.795e-07 -8.530e-10  6.253e-07 
  2.128e-02 -1.183e-08 -8.640e-08 -7.217e-09  7.660e-09  5.903e-07 
 -1.794e-03 -1.582e-09  1.799e-09  1.024e-09 -1.697e-10 -9.570e-11  2.004e-05 
  7.322e-01  6.335e-08 -1.758e-06 -8.460e-08 -2.478e-07  3.266e-07  3.256e-06  1.848e-05 
  1.472e+00  9.861e-08  1.041e-06  4.655e-09  2.658e-07 -4.704e-07 -3.283e-07 -2.392e-06  1.626e-05 
  9.184e-01  4.811e-08  3.465e-07  6.047e-07  1.188e-07  2.743e-07 -1.085e-06 -1.256e-06  3.559e-07  1.326e-05 
 -5.618e-01  3.673e-08  4.436e-07  1.022e-07  7.025e-07  1.509e-07  1.096e-06 -3.382e-07  7.000e-07  6.384e-07  1.314e-05 
 PARAMETER  CORRELATION COEFFICIENTS  
       NO.  GLOBAL      1      3      4      6      8      9     20     21     22     23     24
        1  0.35123   1.000  0.223  0.027  0.028 -0.012  0.014 -0.000  0.088  0.189  0.130 -0.080
        3  0.28617   0.223  1.000 -0.011  0.140 -0.099 -0.023 -0.001  0.022  0.037  0.020  0.015
        4  0.32396   0.027 -0.011  1.000  0.123  0.226 -0.053  0.000 -0.192  0.121  0.045  0.058
        6  0.28114   0.028  0.140  0.123  1.000 -0.001 -0.012  0.000 -0.025  0.001  0.210  0.036
        8  0.34565  -0.012 -0.099  0.226 -0.001  1.000  0.013 -0.000 -0.073  0.083  0.041  0.245
        9  0.21856   0.014 -0.023 -0.053 -0.012  0.013  1.000 -0.000  0.099 -0.152  0.098  0.054
       20  0.19575  -0.000 -0.001  0.000  0.000 -0.000 -0.000  1.000  0.169 -0.018 -0.067  0.068
       21  0.32175   0.088  0.022 -0.192 -0.025 -0.073  0.099  0.169  1.000 -0.138 -0.080 -0.022
       22  0.30464   0.189  0.037  0.121  0.001  0.083 -0.152 -0.018 -0.138  1.000  0.024  0.048
       23  0.29188   0.130  0.020  0.045  0.210  0.041  0.098 -0.067 -0.080  0.024  1.000  0.048
       24  0.28720  -0.080  0.015  0.058  0.036  0.245  0.054  0.068 -0.022  0.048  0.048  1.000
MINUIT - FIT ONLY 1-y
 **********
 **   51 **RES 
 **********
                   PARAMETER   16  beta_vw RESTORED TO VARIABLE.
                   PARAMETER   14  alpha_vw RESTORED TO VARIABLE.
                   PARAMETER   13  beta_y RESTORED TO VARIABLE.
                   PARAMETER   11  alpha_y RESTORED TO VARIABLE.
                   PARAMETER   10  beta_2CBO RESTORED TO VARIABLE.
 **********
 **   52 **FIX            0
 **********
 PARAMETER    0  IS UNDEFINED. IGNORED.
 **********
 **   53 **FIX            1
 **********
 **********
 **   54 **FIX            2
 **********
 PARAMETER    2  IS CONSTANT.   IGNORED.
 **********
 **   55 **FIX            3
 **********
 **********
 **   56 **FIX            4
 **********
 **********
 **   57 **FIX            5
 **********
 PARAMETER    5  IS CONSTANT.   IGNORED.
 **********
 **   58 **FIX            6
 **********
 **********
 **   59 **FIX            7
 **********
 PARAMETER    7  IS CONSTANT.   IGNORED.
 **********
 **   60 **FIX            8
 **********
 **********
 **   61 **FIX            9
 **********
 **********
 **   62 **FIX           13
 **********
 **********
 **   63 **FIX           14
 **********
 **********
 **   64 **FIX           15
 **********
 PARAMETER   15  IS CONSTANT.   IGNORED.
 **********
 **   65 **FIX           16
 **********
 **********
 **   66 **MIGRAD
 **********
 START MIGRAD MINIMIZATION.  STRATEGY  1.  CONVERGENCE WHEN EDM .LT. 1.00e-04
 FCN=55.3318 FROM MIGRAD    STATUS=INITIATE       16 CALLS        2476 TOTAL
                     EDM= unknown      STRATEGY= 1      NO ERROR MATRIX       
  EXT PARAMETER               CURRENT GUESS       STEP         FIRST   
  NO.   NAME      VALUE            ERROR          SIZE      DERIVATIVE 
   1  N0           3.41579e+06     fixed    
   2  tau          6.44063e+01   constant   
   3  A0           3.60898e-01     fixed    
   4  phi          4.12100e+00     fixed    
   5  R           -6.04192e+01   constant   
   6  alpha_CBO    1.03231e-03     fixed    
   7  w_CBO        2.32500e+00   constant   
   8  beta_CBO    -1.03993e-03     fixed    
   9  alpha_2CBO   1.04056e-03     fixed    
  10  beta_2CBO   -1.37676e-03   7.49443e-04   7.49443e-04   4.49487e+01
  11  alpha_y      0.00000e+00   1.00000e-03   1.00000e-03   1.34153e+02
  12  w_y          1.38860e+01   constant   
  13  beta_y       1.24870e-03     fixed    
  14  alpha_vw     0.00000e+00     fixed    
  15  w_vw         1.43404e+01   constant   
  16  beta_vw      0.00000e+00     fixed    
  17  LM           8.43198e-05   constant   
  18  zeta_y       0.00000e+00   constant   
  19  zeta_vw      0.00000e+00   constant   
  20  T_CBO        9.99999e+02   8.70911e+02   5.72639e-02  -1.94545e-05
  21  alpha_A0     1.06072e-02   4.29869e-03   1.49160e-05   2.17924e-01
  22  beta_A0     -1.06729e-03   4.03298e-03   1.40774e-05   9.81972e-02
  23  alpha_phi   -3.53999e-03   3.64175e-03   1.27650e-05   3.68833e-01
  24  beta_phi     3.56696e-03   3.62490e-03   1.27248e-05  -2.80658e-01
 MIGRAD MINIMIZATION HAS CONVERGED.
 MIGRAD WILL VERIFY CONVERGENCE AND ERROR MATRIX.
 COVARIANCE MATRIX CALCULATED SUCCESSFULLY
 FCN=55.3291 FROM MIGRAD    STATUS=CONVERGED      98 CALLS        2558 TOTAL
                     EDM=1.87687e-06    STRATEGY= 1      ERROR MATRIX ACCURATE 
  EXT PARAMETER                                   STEP         FIRST   
  NO.   NAME      VALUE            ERROR          SIZE      DERIVATIVE 
   1  N0           3.41579e+06     fixed    
   2  tau          6.44063e+01   constant   
   3  A0           3.60898e-01     fixed    
   4  phi          4.12100e+00     fixed    
   5  R           -6.04192e+01   constant   
   6  alpha_CBO    1.03231e-03     fixed    
   7  w_CBO        2.32500e+00   constant   
   8  beta_CBO    -1.03993e-03     fixed    
   9  alpha_2CBO   1.04056e-03     fixed    
  10  beta_2CBO   -1.38894e-03   7.69317e-04   2.75356e-06   2.09309e+00
  11  alpha_y     -3.73034e-05   7.45360e-04   2.73001e-06  -7.03577e-01
  12  w_y          1.38860e+01   constant   
  13  beta_y       1.24870e-03     fixed    
  14  alpha_vw     0.00000e+00     fixed    
  15  w_vw         1.43404e+01   constant   
  16  beta_vw      0.00000e+00     fixed    
  17  LM           8.43198e-05   constant   
  18  zeta_y       0.00000e+00   constant   
  19  zeta_vw      0.00000e+00   constant   
  20  T_CBO        1.00000e+03   8.89566e+02   7.03875e-02** at limit **
  21  alpha_A0     1.05904e-02   4.25990e-03   1.49157e-05   4.02981e-03
  22  beta_A0     -1.07156e-03   3.88989e-03   1.40771e-05  -2.16042e-01
  23  alpha_phi   -3.53575e-03   3.52976e-03   1.27647e-05  -1.33348e-01
  24  beta_phi     3.56372e-03   3.50927e-03   1.27245e-05  -4.24703e-02
 EXTERNAL ERROR MATRIX.    NDIM=  25    NPAR=  7    ERR DEF=1
  5.918e-07 -7.265e-09  1.173e-08  4.727e-07  2.318e-07 -2.678e-07  2.498e-07 
 -7.265e-09  5.556e-07  2.717e-09  8.011e-08 -4.143e-08 -2.090e-08 -1.347e-08 
  1.173e-08  2.717e-09  8.714e-02  2.655e-04 -2.692e-05 -8.865e-05  8.947e-05 
  4.727e-07  8.011e-08  2.655e-04  1.815e-05 -1.878e-06 -1.727e-06  2.810e-07 
  2.318e-07 -4.143e-08 -2.692e-05 -1.878e-06  1.513e-05  6.762e-08  8.213e-07 
 -2.678e-07 -2.090e-08 -8.865e-05 -1.727e-06  6.762e-08  1.246e-05  3.442e-07 
  2.498e-07 -1.347e-08  8.947e-05  2.810e-07  8.213e-07  3.442e-07  1.231e-05 
 PARAMETER  CORRELATION COEFFICIENTS  
       NO.  GLOBAL     10     11     20     21     22     23     24
       10  0.21470   1.000 -0.013  0.000  0.144  0.077 -0.099  0.093
       11  0.03313  -0.013  1.000  0.000  0.025 -0.014 -0.008 -0.005
       20  0.23959   0.000  0.000  1.000  0.211 -0.023 -0.085  0.086
       21  0.29515   0.144  0.025  0.211  1.000 -0.113 -0.115  0.019
       22  0.15759   0.077 -0.014 -0.023 -0.113  1.000  0.005  0.060
       23  0.16193  -0.099 -0.008 -0.085 -0.115  0.005  1.000  0.028
       24  0.14499   0.093 -0.005  0.086  0.019  0.060  0.028  1.000
MINUIT - FIT ONLY 2-y
 **********
 **   67 **RES 
 **********
                   PARAMETER   16  beta_vw RESTORED TO VARIABLE.
                   PARAMETER   14  alpha_vw RESTORED TO VARIABLE.
                   PARAMETER   13  beta_y RESTORED TO VARIABLE.
                   PARAMETER    9  alpha_2CBO RESTORED TO VARIABLE.
                   PARAMETER    8  beta_CBO RESTORED TO VARIABLE.
                   PARAMETER    6  alpha_CBO RESTORED TO VARIABLE.
                   PARAMETER    4  phi RESTORED TO VARIABLE.
                   PARAMETER    3  A0 RESTORED TO VARIABLE.
                   PARAMETER    1  N0 RESTORED TO VARIABLE.
 **********
 **   68 **FIX            0
 **********
 PARAMETER    0  IS UNDEFINED. IGNORED.
 **********
 **   69 **FIX            1
 **********
 **********
 **   70 **FIX            2
 **********
 PARAMETER    2  IS CONSTANT.   IGNORED.
 **********
 **   71 **FIX            3
 **********
 **********
 **   72 **FIX            4
 **********
 **********
 **   73 **FIX            5
 **********
 PARAMETER    5  IS CONSTANT.   IGNORED.
 **********
 **   74 **FIX            6
 **********
 **********
 **   75 **FIX            7
 **********
 PARAMETER    7  IS CONSTANT.   IGNORED.
 **********
 **   76 **FIX            8
 **********
 **********
 **   77 **FIX            9
 **********
 **********
 **   78 **FIX           10
 **********
 **********
 **   79 **FIX           11
 **********
 **********
 **   80 **FIX           12
 **********
 PARAMETER   12  IS CONSTANT.   IGNORED.
 **********
 **   81 **FIX           16
 **********
 **********
 **   82 **MIGRAD
 **********
 START MIGRAD MINIMIZATION.  STRATEGY  1.  CONVERGENCE WHEN EDM .LT. 1.00e-04
 FCN=55.3291 FROM MIGRAD    STATUS=INITIATE       16 CALLS        2574 TOTAL
                     EDM= unknown      STRATEGY= 1      NO ERROR MATRIX       
  EXT PARAMETER               CURRENT GUESS       STEP         FIRST   
  NO.   NAME      VALUE            ERROR          SIZE      DERIVATIVE 
   1  N0           3.41579e+06     fixed    
   2  tau          6.44063e+01   constant   
   3  A0           3.60898e-01     fixed    
   4  phi          4.12100e+00     fixed    
   5  R           -6.04192e+01   constant   
   6  alpha_CBO    1.03231e-03     fixed    
   7  w_CBO        2.32500e+00   constant   
   8  beta_CBO    -1.03993e-03     fixed    
   9  alpha_2CBO   1.04056e-03     fixed    
  10  beta_2CBO   -1.38894e-03     fixed    
  11  alpha_y     -3.73034e-05     fixed    
  12  w_y          1.38860e+01   constant   
  13  beta_y       1.24870e-03   7.49387e-04   7.49387e-04  -8.93820e+00
  14  alpha_vw     0.00000e+00   1.00000e-03   1.00000e-03   8.89516e+02
  15  w_vw         1.43404e+01   constant   
  16  beta_vw      0.00000e+00     fixed    
  17  LM           8.43198e-05   constant   
  18  zeta_y       0.00000e+00   constant   
  19  zeta_vw      0.00000e+00   constant   
  20  T_CBO        9.99999e+02   8.89566e+02   7.03875e-02  -1.83491e-05
  21  alpha_A0     1.05904e-02   4.25990e-03   1.49157e-05   3.65205e-03
  22  beta_A0     -1.07156e-03   3.88989e-03   1.40771e-05  -2.16037e-01
  23  alpha_phi   -3.53575e-03   3.52976e-03   1.27647e-05  -1.33197e-01
  24  beta_phi     3.56372e-03   3.50927e-03   1.27245e-05  -4.26664e-02
 MIGRAD MINIMIZATION HAS CONVERGED.
 MIGRAD WILL VERIFY CONVERGENCE AND ERROR MATRIX.
 COVARIANCE MATRIX CALCULATED SUCCESSFULLY
 FCN=55.2005 FROM MIGRAD    STATUS=CONVERGED     114 CALLS        2672 TOTAL
                     EDM=4.19731e-08    STRATEGY= 1      ERROR MATRIX ACCURATE 
  EXT PARAMETER                                   STEP         FIRST   
  NO.   NAME      VALUE            ERROR          SIZE      DERIVATIVE 
   1  N0           3.41579e+06     fixed    
   2  tau          6.44063e+01   constant   
   3  A0           3.60898e-01     fixed    
   4  phi          4.12100e+00     fixed    
   5  R           -6.04192e+01   constant   
   6  alpha_CBO    1.03231e-03     fixed    
   7  w_CBO        2.32500e+00   constant   
   8  beta_CBO    -1.03993e-03     fixed    
   9  alpha_2CBO   1.04056e-03     fixed    
  10  beta_2CBO   -1.38894e-03     fixed    
  11  alpha_y     -3.73034e-05     fixed    
  12  w_y          1.38860e+01   constant   
  13  beta_y       1.35418e-03   8.09197e-04   2.76853e-06  -1.42358e-02
  14  alpha_vw    -2.87895e-04   8.03105e-04   2.74740e-06  -5.83653e-03
  15  w_vw         1.43404e+01   constant   
  16  beta_vw      0.00000e+00     fixed    
  17  LM           8.43198e-05   constant   
  18  zeta_y       0.00000e+00   constant   
  19  zeta_vw      0.00000e+00   constant   
  20  T_CBO        1.00000e+03   9.09877e+02   4.99022e-02** at limit **
  21  alpha_A0     1.06097e-02   4.16674e-03   1.48983e-05   3.13495e-02
  22  beta_A0     -1.03078e-03   3.87930e-03   1.40609e-05   5.85520e-02
  23  alpha_phi   -3.56562e-03   3.50757e-03   1.27501e-05   4.61329e-02
  24  beta_phi     3.56769e-03   3.48773e-03   1.27099e-05  -5.89365e-03
 EXTERNAL ERROR MATRIX.    NDIM=  25    NPAR=  7    ERR DEF=1
  6.548e-07 -2.306e-07  2.599e-08  4.476e-08  8.087e-08 -6.340e-08  3.238e-09 
 -2.306e-07  6.450e-07 -3.238e-08 -4.332e-08 -8.646e-08  6.889e-08 -7.952e-09 
  2.599e-08 -3.238e-08  1.321e-01  2.330e-04 -2.265e-05 -7.831e-05  7.848e-05 
  4.476e-08 -4.332e-08  2.330e-04  1.736e-05 -2.006e-06 -1.384e-06 -5.064e-08 
  8.087e-08 -8.646e-08 -2.265e-05 -2.006e-06  1.505e-05  1.441e-07  7.383e-07 
 -6.340e-08  6.889e-08 -7.831e-05 -1.384e-06  1.441e-07  1.230e-05  5.004e-07 
  3.238e-09 -7.952e-09  7.848e-05 -5.064e-08  7.383e-07  5.004e-07  1.216e-05 
 PARAMETER  CORRELATION COEFFICIENTS  
       NO.  GLOBAL     13     14     20     21     22     23     24
       13  0.35554   1.000 -0.355  0.000  0.013  0.026 -0.022  0.001
       14  0.35579  -0.355  1.000 -0.000 -0.013 -0.028  0.024 -0.003
       20  0.17336   0.000 -0.000  1.000  0.154 -0.016 -0.061  0.062
       21  0.21421   0.013 -0.013  0.154  1.000 -0.124 -0.095 -0.003
       22  0.13972   0.026 -0.028 -0.016 -0.124  1.000  0.011  0.055
       23  0.11779  -0.022  0.024 -0.061 -0.095  0.011  1.000  0.041
       24  0.09430   0.001 -0.003  0.062 -0.003  0.055  0.041  1.000
