 + ++++++++++++++++++++++++++++++++++++++++++++++++++++++++++++++++++++ +
 +                                                                      +
 +           You have chose to blind your fitting according to          +
 +                omega_ref * (1 + (R +/- deltaR) *10^{-6})             +
 +                                                                      +
 + ++++++++++++++++++++++++++++++++++++++++++++++++++++++++++++++++++++ +
In main()...
reading format from /gm2data/zkhechad/run45/envelope/formats/formatB_sBin_constraintOn.txt
pBinTau 	= 0  
pBinPhi 	= 0  
constraintau 	= 1 
includeMopTerm 	= 0    
constrainMop    = 0   
Parameters after format file: pBinTau 0 pBinPhi 0 constraintau 1 includeMopTerm 0 constrainMop 0 c_e_scale 0.000000 
Opening file /gm2data/tbarrett/gm2fr/studies/run23_bunch_corrections/CorrectedFourier_Run3b.root.
reading full fit data from /gm2data/zkhechad/cboTemplates/Run4CBOTemplates/fullFits/noRF/sBin_constraintOn_cE0.0_seed0_noRF_calo14.root
windowBins = 69
fitting sliding window 1120 from bin 1256 at 187.246000 to bin 1325 at 197.690000 (69 bins)

Reading data from /gm2data/cornell/histograms/aMethod/histogram_a_noRF.root
 **********
 **    1 **SET PRINTOUT            1
 **********
 **********
 **    2 **SET NOWARNINGS 
 **********
 PARAMETER DEFINITIONS:
    NO.   NAME         VALUE      STEP SIZE      LIMITS
     1 N0           3.41750e+06  1.00000e+02     no limits
     2 tau          6.44063e+01  constant
     3 A0           3.61912e-01  1.00000e-04     no limits
     4 phi          4.12132e+00  1.00000e-02     no limits
     5 R           -6.04192e+01  constant
     6 alpha_CBO    0.00000e+00  1.00000e-03     no limits
     7 w_CBO        2.32500e+00  constant
     8 beta_CBO     0.00000e+00  1.00000e-03     no limits
     9 alpha_2CBO   0.00000e+00  1.00000e-03     no limits
    10 beta_2CBO    0.00000e+00  1.00000e-03     no limits
    11 alpha_y      0.00000e+00  1.00000e-03     no limits
    12 w_y          1.38860e+01  constant
    13 beta_y       0.00000e+00  1.00000e-03     no limits
    14 alpha_vw     0.00000e+00  1.00000e-03     no limits
    15 w_vw         1.43404e+01  constant
    16 beta_vw      0.00000e+00  1.00000e-03     no limits
    17 LM           8.43198e-05  constant
    18 zeta_y       0.00000e+00  constant
    19 zeta_vw      0.00000e+00  constant
    20 T_CBO        1.00000e+02  1.00000e+00    0.00000e+00  1.00000e+03
    21 alpha_A0     0.00000e+00  1.00000e-03     no limits
    22 beta_A0      0.00000e+00  1.00000e-03     no limits
    23 alpha_phi    0.00000e+00  1.00000e-03     no limits
    24 beta_phi     0.00000e+00  1.00000e-03     no limits
MINUIT - FIT ONLY WIGGLE
 **********
 **    3 **FIX            5
 **********
 PARAMETER    5  IS CONSTANT.   IGNORED.
 **********
 **    4 **FIX            6
 **********
 **********
 **    5 **FIX            7
 **********
 PARAMETER    7  IS CONSTANT.   IGNORED.
 **********
 **    6 **FIX            8
 **********
 **********
 **    7 **FIX            9
 **********
 **********
 **    8 **FIX           10
 **********
 **********
 **    9 **FIX           11
 **********
 **********
 **   10 **FIX           12
 **********
 PARAMETER   12  IS CONSTANT.   IGNORED.
 **********
 **   11 **FIX           13
 **********
 **********
 **   12 **FIX           14
 **********
 **********
 **   13 **FIX           15
 **********
 PARAMETER   15  IS CONSTANT.   IGNORED.
 **********
 **   14 **FIX           16
 **********
 **********
 **   15 **MIGRAD
 **********
 FIRST CALL TO USER FUNCTION AT NEW START POINT, WITH IFLAG=4.
 START MIGRAD MINIMIZATION.  STRATEGY  1.  CONVERGENCE WHEN EDM .LT. 1.00e-04
 FCN=174.384 FROM MIGRAD    STATUS=INITIATE      435 CALLS         436 TOTAL
                     EDM= unknown      STRATEGY= 1      NO ERROR MATRIX       
  EXT PARAMETER               CURRENT GUESS       STEP         FIRST   
  NO.   NAME      VALUE            ERROR          SIZE      DERIVATIVE 
   1  N0           3.41750e+06   1.00000e+02   0.00000e+00  -4.99406e-03
   2  tau          6.44063e+01   constant   
   3  A0           3.61912e-01   1.00000e-04   0.00000e+00   1.99241e+04
   4  phi          4.12132e+00   1.00000e-02   0.00000e+00   9.14667e+03
   5  R           -6.04192e+01   constant   
   6  alpha_CBO    0.00000e+00     fixed    
   7  w_CBO        2.32500e+00   constant   
   8  beta_CBO     0.00000e+00     fixed    
   9  alpha_2CBO   0.00000e+00     fixed    
  10  beta_2CBO    0.00000e+00     fixed    
  11  alpha_y      0.00000e+00     fixed    
  12  w_y          1.38860e+01   constant   
  13  beta_y       0.00000e+00     fixed    
  14  alpha_vw     0.00000e+00     fixed    
  15  w_vw         1.43404e+01   constant   
  16  beta_vw      0.00000e+00     fixed    
  17  LM           8.43198e-05   constant   
  18  zeta_y       0.00000e+00   constant   
  19  zeta_vw      0.00000e+00   constant   
  20  T_CBO        1.00000e+02   1.00000e+00   0.00000e+00   0.00000e+00
  21  alpha_A0     0.00000e+00   1.00000e-03   0.00000e+00   3.55026e+02
  22  beta_A0      0.00000e+00   1.00000e-03   0.00000e+00   1.97550e+02
  23  alpha_phi    0.00000e+00   1.00000e-03   0.00000e+00  -4.17483e+01
  24  beta_phi     0.00000e+00   1.00000e-03   0.00000e+00  -1.66051e+03
 MIGRAD MINIMIZATION HAS CONVERGED.
 MIGRAD WILL VERIFY CONVERGENCE AND ERROR MATRIX.
 FCN=136.877 FROM MIGRAD    STATUS=CONVERGED     609 CALLS         610 TOTAL
                     EDM=3.12988e-05    STRATEGY= 1      ERR MATRIX NOT POS-DEF
  EXT PARAMETER                APPROXIMATE        STEP         FIRST   
  NO.   NAME      VALUE            ERROR          SIZE      DERIVATIVE 
   1  N0           3.41783e+06   6.71476e+02   3.59677e+00  -2.58683e-07
   2  tau          6.44063e+01   constant   
   3  A0           3.61483e-01   2.33394e-04   1.29534e-06  -7.17485e-01
   4  phi          4.11919e+00   7.08444e-04   3.97750e-06  -3.36273e-01
   5  R           -6.04192e+01   constant   
   6  alpha_CBO    0.00000e+00     fixed    
   7  w_CBO        2.32500e+00   constant   
   8  beta_CBO     0.00000e+00     fixed    
   9  alpha_2CBO   0.00000e+00     fixed    
  10  beta_2CBO    0.00000e+00     fixed    
  11  alpha_y      0.00000e+00     fixed    
  12  w_y          1.38860e+01   constant   
  13  beta_y       0.00000e+00     fixed    
  14  alpha_vw     0.00000e+00     fixed    
  15  w_vw         1.43404e+01   constant   
  16  beta_vw      0.00000e+00     fixed    
  17  LM           8.43198e-05   constant   
  18  zeta_y       0.00000e+00   constant   
  19  zeta_vw      0.00000e+00   constant   
  20  T_CBO        1.00404e+02   1.66999e+02   2.20171e-04  -8.54923e-03
  21  alpha_A0    -4.64568e-03   1.67851e-02   3.62518e-05   4.43454e-02
  22  beta_A0     -5.35296e-03   1.90059e-02   4.01013e-05   3.80531e-02
  23  alpha_phi    1.58177e-03   7.48270e-03   3.49176e-05  -7.17741e-02
  24  beta_phi     2.54382e-02   8.59823e-02   3.38911e-05   5.29567e-02
 EXTERNAL ERROR MATRIX.    NDIM=  25    NPAR=  8    ERR DEF=1
  4.509e+05  3.041e-02 -4.095e-02 -4.752e+02  9.112e-01 -4.001e-02  1.905e-01 -3.993e-01 
  3.041e-02  5.447e-08  1.008e-08 -2.435e-03 -1.517e-07 -6.701e-08  1.497e-07  1.301e-06 
 -4.095e-02  1.008e-08  5.019e-07 -1.235e-02 -1.125e-06 -5.340e-07  3.107e-07  6.461e-06 
 -4.752e+02 -2.435e-03 -1.235e-02  3.135e+04  2.742e+00  3.119e+00 -7.626e-01 -1.519e+01 
  9.112e-01 -1.517e-07 -1.125e-06  2.742e+00  2.817e-04  2.735e-04 -6.587e-05 -1.327e-03 
 -4.001e-02 -6.701e-08 -5.340e-07  3.119e+00  2.735e-04  3.612e-04 -7.224e-05 -1.505e-03 
  1.905e-01  1.497e-07  3.107e-07 -7.626e-01 -6.587e-05 -7.224e-05  5.599e-05  3.715e-04 
 -3.993e-01  1.301e-06  6.461e-06 -1.519e+01 -1.327e-03 -1.505e-03  3.715e-04  7.393e-03 
ERR MATRIX NOT POS-DEF
 PARAMETER  CORRELATION COEFFICIENTS  
       NO.  GLOBAL      1      3      4     20     21     22     23     24
        1  0.34746   1.000  0.194 -0.086 -0.004  0.081 -0.003  0.038 -0.007
        3  0.25909   0.194  1.000  0.061 -0.059 -0.039 -0.015  0.086  0.065
        4  0.21295  -0.086  0.061  1.000 -0.098 -0.095 -0.040  0.059  0.106
       20  0.99788  -0.004 -0.059 -0.098  1.000  0.922  0.927 -0.576 -0.997
       21  0.92666   0.081 -0.039 -0.095  0.922  1.000  0.857 -0.524 -0.919
       22  0.93013  -0.003 -0.015 -0.040  0.927  0.857  1.000 -0.508 -0.921
       23  0.58343   0.038  0.086  0.059 -0.576 -0.524 -0.508  1.000  0.577
       24  0.99764  -0.007  0.065  0.106 -0.997 -0.919 -0.921  0.577  1.000
 ERR MATRIX NOT POS-DEF
MINUIT - FIT ONLY 1-CBO + wiggle
 **********
 **   16 **RES 
 **********
                   PARAMETER   16  beta_vw RESTORED TO VARIABLE.
                   PARAMETER   14  alpha_vw RESTORED TO VARIABLE.
                   PARAMETER   13  beta_y RESTORED TO VARIABLE.
                   PARAMETER   11  alpha_y RESTORED TO VARIABLE.
                   PARAMETER   10  beta_2CBO RESTORED TO VARIABLE.
                   PARAMETER    9  alpha_2CBO RESTORED TO VARIABLE.
                   PARAMETER    8  beta_CBO RESTORED TO VARIABLE.
                   PARAMETER    6  alpha_CBO RESTORED TO VARIABLE.
 **********
 **   17 **FIX            8
 **********
 **********
 **   18 **FIX            9
 **********
 **********
 **   19 **FIX           11
 **********
 **********
 **   20 **FIX           12
 **********
 PARAMETER   12  IS CONSTANT.   IGNORED.
 **********
 **   21 **FIX           14
 **********
 **********
 **   22 **FIX           15
 **********
 PARAMETER   15  IS CONSTANT.   IGNORED.
 **********
 **   23 **FIX           16
 **********
 **********
 **   24 **MIGRAD
 **********
 START MIGRAD MINIMIZATION.  STRATEGY  1.  CONVERGENCE WHEN EDM .LT. 1.00e-04
 FCN=136.877 FROM MIGRAD    STATUS=INITIATE       28 CALLS         638 TOTAL
                     EDM= unknown      STRATEGY= 1      NO ERROR MATRIX       
  EXT PARAMETER               CURRENT GUESS       STEP         FIRST   
  NO.   NAME      VALUE            ERROR          SIZE      DERIVATIVE 
   1  N0           3.41783e+06   6.71476e+02   3.59677e+00  -2.58682e-07
   2  tau          6.44063e+01   constant   
   3  A0           3.61483e-01   2.33394e-04   1.29534e-06  -7.17489e-01
   4  phi          4.11919e+00   7.08444e-04   3.97750e-06  -3.36271e-01
   5  R           -6.04192e+01   constant   
   6  alpha_CBO    0.00000e+00   1.00000e-03   1.00000e-03  -5.20852e+04
   7  w_CBO        2.32500e+00   constant   
   8  beta_CBO     0.00000e+00     fixed    
   9  alpha_2CBO   0.00000e+00     fixed    
  10  beta_2CBO    0.00000e+00   1.00000e-03   1.00000e-03  -3.06190e+03
  11  alpha_y      0.00000e+00     fixed    
  12  w_y          1.38860e+01   constant   
  13  beta_y       0.00000e+00   1.00000e-03   1.00000e-03   8.58986e+01
  14  alpha_vw     0.00000e+00     fixed    
  15  w_vw         1.43404e+01   constant   
  16  beta_vw      0.00000e+00     fixed    
  17  LM           8.43198e-05   constant   
  18  zeta_y       0.00000e+00   constant   
  19  zeta_vw      0.00000e+00   constant   
  20  T_CBO        1.00404e+02   1.66999e+02   2.20171e-04  -8.51409e-03
  21  alpha_A0    -4.64568e-03   1.67851e-02   3.62518e-05   4.43490e-02
  22  beta_A0     -5.35296e-03   1.90059e-02   4.01013e-05   3.80618e-02
  23  alpha_phi    1.58177e-03   7.48270e-03   3.49176e-05  -7.17741e-02
  24  beta_phi     2.54382e-02   8.59823e-02   3.38911e-05   5.29565e-02
 CALL LIMIT EXCEEDED IN MIGRAD.
 MIGRAD TERMINATED WITHOUT CONVERGENCE.
 FCN=85.0759 FROM MIGRAD    STATUS=CALL LIMIT   1909 CALLS        2519 TOTAL
                     EDM=6.78267e-05    STRATEGY= 1  ERROR MATRIX UNCERTAINTY   0.5 per cent
  EXT PARAMETER                APPROXIMATE        STEP         FIRST   
  NO.   NAME      VALUE            ERROR          SIZE      DERIVATIVE 
   1  N0           3.41798e+06   6.50369e+02   5.54564e-01  -2.51344e-06
   2  tau          6.44063e+01   constant   
   3  A0           3.61607e-01   2.34738e-04  -6.23233e-07   1.12684e+01
   4  phi          4.12046e+00   7.22815e-04   1.07871e-06   2.35335e+00
   5  R           -6.04192e+01   constant   
   6  alpha_CBO    1.98098e-03   2.71939e-04   4.92830e-07  -5.78472e+00
   7  w_CBO        2.32500e+00   constant   
   8  beta_CBO     0.00000e+00     fixed    
   9  alpha_2CBO   0.00000e+00     fixed    
  10  beta_2CBO    1.02786e-04   2.67789e-04  -6.67780e-07   9.87658e-01
  11  alpha_y      0.00000e+00     fixed    
  12  w_y          1.38860e+01   constant   
  13  beta_y      -9.37398e-06   2.60523e-04   1.51933e-07   2.68793e+00
  14  alpha_vw     0.00000e+00     fixed    
  15  w_vw         1.43404e+01   constant   
  16  beta_vw      0.00000e+00     fixed    
  17  LM           8.43198e-05   constant   
  18  zeta_y       0.00000e+00   constant   
  19  zeta_vw      0.00000e+00   constant   
  20  T_CBO        9.59151e+02   6.85198e+02   1.38070e-01  -4.28272e-03
  21  alpha_A0    -1.38437e-03   1.65958e-03   1.47853e-05   7.65577e+00
  22  beta_A0     -5.09613e-05   1.42839e-03   5.23842e-06   3.26534e+00
  23  alpha_phi    2.38930e-03   2.22212e-03  -1.68830e-05  -1.90908e+00
  24  beta_phi     4.81653e-03   3.61940e-03  -3.83427e-05  -1.09623e+01
 EXTERNAL ERROR MATRIX.    NDIM=  25    NPAR= 11    ERR DEF=1
  4.230e+05 
  2.567e-02  5.510e-08 
 -3.540e-02  1.194e-08  5.225e-07 
  5.230e-03  3.708e-09  4.818e-08  7.395e-08 
  8.039e-03  1.799e-09  5.856e-09 -1.904e-09  7.171e-08 
  1.398e-03  1.016e-09  1.092e-09  1.888e-10 -1.508e-09  6.787e-08 
  2.766e+04 -5.604e-02  4.496e-02  2.900e-02 -4.771e-02  8.305e-03  7.195e+06 
  1.801e-01  8.465e-09 -4.460e-08 -2.474e-08  3.797e-09  4.041e-09  2.666e+00  2.754e-06 
 -6.681e-03  3.739e-08  1.678e-07  2.747e-08  7.352e-08 -2.123e-09  2.869e-01 -5.629e-08  2.040e-06 
  4.292e-02  4.923e-08  3.455e-08  7.972e-08 -1.994e-08  2.858e-09 -4.572e+00 -1.579e-06 -9.932e-08  4.938e-06 
 -1.373e-01  8.183e-08  5.957e-08 -2.604e-08  5.933e-08 -4.399e-09 -9.218e+00 -3.211e-06  3.274e-08  5.630e-06  1.310e-05 
ERR MATRIX APPROXIMATE
 PARAMETER  CORRELATION COEFFICIENTS  
       NO.  GLOBAL      1      3      4      6     10     13     20     21     22     23     24
        1  0.31543   1.000  0.168 -0.075  0.030  0.046  0.008  0.016  0.167 -0.007  0.030 -0.058
        3  0.25178   0.168  1.000  0.070  0.058  0.029  0.017 -0.089  0.022  0.112  0.094  0.096
        4  0.31802  -0.075  0.070  1.000  0.245  0.030  0.006  0.023 -0.037  0.162  0.022  0.023
        6  0.36840   0.030  0.058  0.245  1.000 -0.026  0.003  0.040 -0.055  0.071  0.132 -0.026
       10  0.28558   0.046  0.029  0.030 -0.026  1.000 -0.022 -0.066  0.009  0.192 -0.034  0.061
       13  0.04581   0.008  0.017  0.006  0.003 -0.022  1.000  0.012  0.009 -0.006  0.005 -0.005
       20  0.97121   0.016 -0.089  0.023  0.040 -0.066  0.012  1.000  0.599  0.075 -0.767 -0.949
       21  0.66011   0.167  0.022 -0.037 -0.055  0.009  0.009  0.599  1.000 -0.024 -0.428 -0.535
       22  0.39879  -0.007  0.112  0.162  0.071  0.192 -0.006  0.075 -0.024  1.000 -0.031  0.006
       23  0.80080   0.030  0.094  0.022  0.132 -0.034  0.005 -0.767 -0.428 -0.031  1.000  0.700
       24  0.95780  -0.058  0.096  0.023 -0.026  0.061 -0.005 -0.949 -0.535  0.006  0.700  1.000
 ERR MATRIX APPROXIMATE
MINUIT - FIT ONLY 2-CBO
 **********
 **   25 **RES 
 **********
                   PARAMETER   16  beta_vw RESTORED TO VARIABLE.
                   PARAMETER   14  alpha_vw RESTORED TO VARIABLE.
                   PARAMETER   11  alpha_y RESTORED TO VARIABLE.
                   PARAMETER    9  alpha_2CBO RESTORED TO VARIABLE.
                   PARAMETER    8  beta_CBO RESTORED TO VARIABLE.
 **********
 **   26 **FIX            0
 **********
 PARAMETER    0  IS UNDEFINED. IGNORED.
 **********
 **   27 **FIX            1
 **********
 **********
 **   28 **FIX            2
 **********
 PARAMETER    2  IS CONSTANT.   IGNORED.
 **********
 **   29 **FIX            3
 **********
 **********
 **   30 **FIX            4
 **********
 **********
 **   31 **FIX            5
 **********
 PARAMETER    5  IS CONSTANT.   IGNORED.
 **********
 **   32 **FIX            6
 **********
 **********
 **   33 **FIX            7
 **********
 PARAMETER    7  IS CONSTANT.   IGNORED.
 **********
 **   34 **FIX           10
 **********
 **********
 **   35 **FIX           11
 **********
 **********
 **   36 **FIX           12
 **********
 PARAMETER   12  IS CONSTANT.   IGNORED.
 **********
 **   37 **FIX           13
 **********
 **********
 **   38 **FIX           14
 **********
 **********
 **   39 **FIX           15
 **********
 PARAMETER   15  IS CONSTANT.   IGNORED.
 **********
 **   40 **FIX           16
 **********
 **********
 **   41 **MIGRAD
 **********
 START MIGRAD MINIMIZATION.  STRATEGY  1.  CONVERGENCE WHEN EDM .LT. 1.00e-04
 FCN=85.0759 FROM MIGRAD    STATUS=INITIATE       18 CALLS        2537 TOTAL
                     EDM= unknown      STRATEGY= 1      NO ERROR MATRIX       
  EXT PARAMETER               CURRENT GUESS       STEP         FIRST   
  NO.   NAME      VALUE            ERROR          SIZE      DERIVATIVE 
   1  N0           3.41798e+06     fixed    
   2  tau          6.44063e+01   constant   
   3  A0           3.61607e-01     fixed    
   4  phi          4.12046e+00     fixed    
   5  R           -6.04192e+01   constant   
   6  alpha_CBO    1.98098e-03     fixed    
   7  w_CBO        2.32500e+00   constant   
   8  beta_CBO     0.00000e+00   1.00000e-03   1.00000e-03   4.22763e+04
   9  alpha_2CBO   0.00000e+00   1.00000e-03   1.00000e-03   1.58942e+04
  10  beta_2CBO    1.02786e-04     fixed    
  11  alpha_y      0.00000e+00     fixed    
  12  w_y          1.38860e+01   constant   
  13  beta_y      -9.37398e-06     fixed    
  14  alpha_vw     0.00000e+00     fixed    
  15  w_vw         1.43404e+01   constant   
  16  beta_vw      0.00000e+00     fixed    
  17  LM           8.43198e-05   constant   
  18  zeta_y       0.00000e+00   constant   
  19  zeta_vw      0.00000e+00   constant   
  20  T_CBO        9.59151e+02   6.85198e+02   1.38070e-01  -4.30450e-03
  21  alpha_A0    -1.38437e-03   1.65958e-03   1.47853e-05   7.65575e+00
  22  beta_A0     -5.09613e-05   1.42839e-03   5.23842e-06   3.26533e+00
  23  alpha_phi    2.38930e-03   2.22212e-03  -1.68830e-05  -1.90908e+00
  24  beta_phi     4.81653e-03   3.61940e-03  -3.83427e-05  -1.09623e+01
 MIGRAD MINIMIZATION HAS CONVERGED.
 MIGRAD WILL VERIFY CONVERGENCE AND ERROR MATRIX.
 COVARIANCE MATRIX CALCULATED SUCCESSFULLY
 FCN=48.0274 FROM MIGRAD    STATUS=CONVERGED     415 CALLS        2934 TOTAL
                     EDM=5.0618e-06    STRATEGY= 1      ERROR MATRIX ACCURATE 
  EXT PARAMETER                                   STEP         FIRST   
  NO.   NAME      VALUE            ERROR          SIZE      DERIVATIVE 
   1  N0           3.41798e+06     fixed    
   2  tau          6.44063e+01   constant   
   3  A0           3.61607e-01     fixed    
   4  phi          4.12046e+00     fixed    
   5  R           -6.04192e+01   constant   
   6  alpha_CBO    1.98098e-03     fixed    
   7  w_CBO        2.32500e+00   constant   
   8  beta_CBO    -1.53881e-03   2.69851e-04   9.03506e-07   3.71675e-02
   9  alpha_2CBO  -5.69861e-04   2.67815e-04   8.94750e-07   1.92232e+00
  10  beta_2CBO    1.02786e-04     fixed    
  11  alpha_y      0.00000e+00     fixed    
  12  w_y          1.38860e+01   constant   
  13  beta_y      -9.37398e-06     fixed    
  14  alpha_vw     0.00000e+00     fixed    
  15  w_vw         1.43404e+01   constant   
  16  beta_vw      0.00000e+00     fixed    
  17  LM           8.43198e-05   constant   
  18  zeta_y       0.00000e+00   constant   
  19  zeta_vw      0.00000e+00   constant   
  20  T_CBO        9.99971e+02   8.14575e+02   4.83408e-02  -1.03105e-04
  21  alpha_A0    -2.02445e-03   1.15332e-03   3.87955e-06   1.11387e+00
  22  beta_A0      4.69043e-04   1.26357e-03   4.26925e-06  -3.93006e-01
  23  alpha_phi    2.28667e-03   1.09072e-03   3.70543e-06  -9.69387e-01
  24  beta_phi     3.35380e-03   1.09911e-03   3.61833e-06  -1.83834e+00
 EXTERNAL ERROR MATRIX.    NDIM=  25    NPAR=  7    ERR DEF=1
  7.282e-08  1.541e-12  2.335e-06  1.178e-08 -2.541e-08 -1.637e-09  5.204e-08 
  1.541e-12  7.172e-08 -1.876e-06  4.995e-08  1.950e-09  1.499e-08  4.150e-08 
  2.335e-06 -1.876e-06  6.087e+03 -2.891e-03  6.703e-04  3.221e-03  4.821e-03 
  1.178e-08  4.995e-08 -2.891e-03  1.330e-06  7.834e-09  1.043e-08  1.081e-07 
 -2.541e-08  1.950e-09  6.703e-04  7.834e-09  1.597e-06  1.032e-07  1.403e-07 
 -1.637e-09  1.499e-08  3.221e-03  1.043e-08  1.032e-07  1.190e-06  8.592e-08 
  5.204e-08  4.150e-08  4.821e-03  1.081e-07  1.403e-07  8.592e-08  1.208e-06 
 PARAMETER  CORRELATION COEFFICIENTS  
       NO.  GLOBAL      8      9     20     21     22     23     24
        8  0.20238   1.000  0.000  0.000  0.038 -0.075 -0.006  0.175
        9  0.21238   0.000  1.000 -0.000  0.162  0.006  0.051  0.141
       20  0.07604   0.000 -0.000  1.000 -0.032  0.007  0.038  0.056
       21  0.17927   0.038  0.162 -0.032  1.000  0.005  0.008  0.085
       22  0.15344  -0.075  0.006  0.007  0.005  1.000  0.075  0.101
       23  0.11323  -0.006  0.051  0.038  0.008  0.075  1.000  0.072
       24  0.27019   0.175  0.141  0.056  0.085  0.101  0.072  1.000
MINUIT - FIT wiggle + 1-CBO + 2-CBO
 **********
 **   42 **RES 
 **********
                   PARAMETER   16  beta_vw RESTORED TO VARIABLE.
                   PARAMETER   14  alpha_vw RESTORED TO VARIABLE.
                   PARAMETER   13  beta_y RESTORED TO VARIABLE.
                   PARAMETER   11  alpha_y RESTORED TO VARIABLE.
                   PARAMETER   10  beta_2CBO RESTORED TO VARIABLE.
                   PARAMETER    6  alpha_CBO RESTORED TO VARIABLE.
                   PARAMETER    4  phi RESTORED TO VARIABLE.
                   PARAMETER    3  A0 RESTORED TO VARIABLE.
                   PARAMETER    1  N0 RESTORED TO VARIABLE.
 **********
 **   43 **FIX           10
 **********
 **********
 **   44 **FIX           11
 **********
 **********
 **   45 **FIX           12
 **********
 PARAMETER   12  IS CONSTANT.   IGNORED.
 **********
 **   46 **FIX           13
 **********
 **********
 **   47 **FIX           14
 **********
 **********
 **   48 **FIX           15
 **********
 PARAMETER   15  IS CONSTANT.   IGNORED.
 **********
 **   49 **FIX           16
 **********
 **********
 **   50 **MIGRAD
 **********
 START MIGRAD MINIMIZATION.  STRATEGY  1.  CONVERGENCE WHEN EDM .LT. 1.00e-04
 FCN=48.0274 FROM MIGRAD    STATUS=INITIATE       22 CALLS        2956 TOTAL
                     EDM= unknown      STRATEGY= 1      NO ERROR MATRIX       
  EXT PARAMETER               CURRENT GUESS       STEP         FIRST   
  NO.   NAME      VALUE            ERROR          SIZE      DERIVATIVE 
   1  N0           3.41798e+06   6.50369e+02   6.50369e+02  -1.66785e-04
   2  tau          6.44063e+01   constant   
   3  A0           3.61607e-01   2.34738e-04   2.34738e-04  -7.82461e+03
   4  phi          4.12046e+00   7.22815e-04   7.22815e-04   2.81714e+02
   5  R           -6.04192e+01   constant   
   6  alpha_CBO    1.98098e-03   2.71939e-04   2.71939e-04   9.73920e+02
   7  w_CBO        2.32500e+00   constant   
   8  beta_CBO    -1.53881e-03   2.69851e-04   9.03506e-07   3.71779e-02
   9  alpha_2CBO  -5.69861e-04   2.67815e-04   8.94750e-07   1.92231e+00
  10  beta_2CBO    1.02786e-04     fixed    
  11  alpha_y      0.00000e+00     fixed    
  12  w_y          1.38860e+01   constant   
  13  beta_y      -9.37398e-06     fixed    
  14  alpha_vw     0.00000e+00     fixed    
  15  w_vw         1.43404e+01   constant   
  16  beta_vw      0.00000e+00     fixed    
  17  LM           8.43198e-05   constant   
  18  zeta_y       0.00000e+00   constant   
  19  zeta_vw      0.00000e+00   constant   
  20  T_CBO        9.99971e+02   8.14575e+02   4.83408e-02  -1.07148e-04
  21  alpha_A0    -2.02445e-03   1.15332e-03   3.87955e-06   1.11390e+00
  22  beta_A0      4.69043e-04   1.26357e-03   4.26925e-06  -3.93062e-01
  23  alpha_phi    2.28667e-03   1.09072e-03   3.70543e-06  -9.69387e-01
  24  beta_phi     3.35380e-03   1.09911e-03   3.61833e-06  -1.83834e+00
 MIGRAD MINIMIZATION HAS CONVERGED.
 MIGRAD WILL VERIFY CONVERGENCE AND ERROR MATRIX.
 COVARIANCE MATRIX CALCULATED SUCCESSFULLY
 FCN=47.1331 FROM MIGRAD    STATUS=CONVERGED     244 CALLS        3178 TOTAL
                     EDM=1.90025e-06    STRATEGY= 1      ERROR MATRIX ACCURATE 
  EXT PARAMETER                                   STEP         FIRST   
  NO.   NAME      VALUE            ERROR          SIZE      DERIVATIVE 
   1  N0           3.41815e+06   6.74223e+02   2.12534e+00   8.61426e-07
   2  tau          6.44063e+01   constant   
   3  A0           3.61827e-01   2.37971e-04   7.65266e-07  -6.48038e-01
   4  phi          4.12041e+00   7.29459e-04   2.34696e-06  -1.41739e+00
   5  R           -6.04192e+01   constant   
   6  alpha_CBO    1.95679e-03   2.75720e-04   8.74140e-07   2.41885e+00
   7  w_CBO        2.32500e+00   constant   
   8  beta_CBO    -1.58530e-03   2.74319e-04   8.95216e-07   5.71857e-01
   9  alpha_2CBO  -5.58557e-04   2.68337e-04   8.86547e-07  -8.93291e-01
  10  beta_2CBO    1.02786e-04     fixed    
  11  alpha_y      0.00000e+00     fixed    
  12  w_y          1.38860e+01   constant   
  13  beta_y      -9.37398e-06     fixed    
  14  alpha_vw     0.00000e+00     fixed    
  15  w_vw         1.43404e+01   constant   
  16  beta_vw      0.00000e+00     fixed    
  17  LM           8.43198e-05   constant   
  18  zeta_y       0.00000e+00   constant   
  19  zeta_vw      0.00000e+00   constant   
  20  T_CBO        1.00000e+03   8.71984e+02   8.55361e-02** at limit **
  21  alpha_A0    -1.95168e-03   1.20526e-03   3.84227e-06   3.41920e-01
  22  beta_A0      5.70771e-04   1.29212e-03   4.22857e-06  -6.20248e-01
  23  alpha_phi    2.31332e-03   1.16081e-03   3.66869e-06  -5.08637e-01
  24  beta_phi     3.38805e-03   1.19467e-03   3.58248e-06  -4.05256e-01
 EXTERNAL ERROR MATRIX.    NDIM=  25    NPAR= 11    ERR DEF=1
  4.546e+05 
  3.205e-02  5.663e-08 
 -3.776e-02  1.254e-08  5.321e-07 
  5.346e-03  4.934e-09  4.975e-08  7.602e-08 
 -6.734e-03 -1.165e-08  3.279e-10  7.122e-10  7.525e-08 
 -2.477e-03  3.319e-09  5.648e-09  1.203e-09 -6.440e-10  7.200e-08 
  1.006e+00  6.550e-06  5.716e-06 -2.160e-07 -1.523e-07 -4.613e-07  3.485e+01 
  1.682e-01  1.160e-08 -2.068e-08 -2.028e-08  8.820e-09  4.883e-08 -1.395e-03  1.453e-06 
  9.723e-04  3.580e-08  1.588e-07  3.203e-08 -3.159e-08  5.616e-09  4.194e-04 -1.478e-08  1.670e-06 
  3.394e-02  1.816e-08  5.985e-08  7.798e-08 -3.546e-09  1.677e-08  1.638e-03 -6.342e-08  1.643e-07  1.347e-06 
 -1.205e-01  1.619e-08  9.198e-08  1.017e-08  4.916e-08  4.432e-08  2.442e-03 -3.382e-08  2.067e-07  2.068e-07  1.427e-06 
 PARAMETER  CORRELATION COEFFICIENTS  
       NO.  GLOBAL      1      3      4      6      8      9     20     21     22     23     24
        1  0.35189   1.000  0.200 -0.077  0.029 -0.036 -0.014  0.000  0.207  0.001  0.043 -0.150
        3  0.31442   0.200  1.000  0.072  0.075 -0.178  0.052  0.005  0.040  0.116  0.066  0.057
        4  0.31298  -0.077  0.072  1.000  0.247  0.002  0.029  0.001 -0.024  0.169  0.071  0.106
        6  0.35231   0.029  0.075  0.247  1.000  0.009  0.016 -0.000 -0.061  0.090  0.244  0.031
        8  0.26828  -0.036 -0.178  0.002  0.009  1.000 -0.009 -0.000  0.027 -0.089 -0.011  0.150
        9  0.22097  -0.014  0.052  0.029  0.016 -0.009  1.000 -0.000  0.151  0.016  0.054  0.138
       20  0.45147   0.000  0.005  0.001 -0.000 -0.000 -0.000  1.000 -0.196  0.055  0.239  0.346
       21  0.33825   0.207  0.040 -0.024 -0.061  0.027  0.151 -0.196  1.000 -0.009 -0.045 -0.023
       22  0.25837   0.001  0.116  0.169  0.090 -0.089  0.016  0.055 -0.009  1.000  0.110  0.134
       23  0.36001   0.043  0.066  0.071  0.244 -0.011  0.054  0.239 -0.045  0.110  1.000  0.149
       24  0.46520  -0.150  0.057  0.106  0.031  0.150  0.138  0.346 -0.023  0.134  0.149  1.000
MINUIT - FIT ONLY 1-y
 **********
 **   51 **RES 
 **********
                   PARAMETER   16  beta_vw RESTORED TO VARIABLE.
                   PARAMETER   14  alpha_vw RESTORED TO VARIABLE.
                   PARAMETER   13  beta_y RESTORED TO VARIABLE.
                   PARAMETER   11  alpha_y RESTORED TO VARIABLE.
                   PARAMETER   10  beta_2CBO RESTORED TO VARIABLE.
 **********
 **   52 **FIX            0
 **********
 PARAMETER    0  IS UNDEFINED. IGNORED.
 **********
 **   53 **FIX            1
 **********
 **********
 **   54 **FIX            2
 **********
 PARAMETER    2  IS CONSTANT.   IGNORED.
 **********
 **   55 **FIX            3
 **********
 **********
 **   56 **FIX            4
 **********
 **********
 **   57 **FIX            5
 **********
 PARAMETER    5  IS CONSTANT.   IGNORED.
 **********
 **   58 **FIX            6
 **********
 **********
 **   59 **FIX            7
 **********
 PARAMETER    7  IS CONSTANT.   IGNORED.
 **********
 **   60 **FIX            8
 **********
 **********
 **   61 **FIX            9
 **********
 **********
 **   62 **FIX           13
 **********
 **********
 **   63 **FIX           14
 **********
 **********
 **   64 **FIX           15
 **********
 PARAMETER   15  IS CONSTANT.   IGNORED.
 **********
 **   65 **FIX           16
 **********
 **********
 **   66 **MIGRAD
 **********
 START MIGRAD MINIMIZATION.  STRATEGY  1.  CONVERGENCE WHEN EDM .LT. 1.00e-04
 FCN=47.1331 FROM MIGRAD    STATUS=INITIATE       16 CALLS        3194 TOTAL
                     EDM= unknown      STRATEGY= 1      NO ERROR MATRIX       
  EXT PARAMETER               CURRENT GUESS       STEP         FIRST   
  NO.   NAME      VALUE            ERROR          SIZE      DERIVATIVE 
   1  N0           3.41815e+06     fixed    
   2  tau          6.44063e+01   constant   
   3  A0           3.61827e-01     fixed    
   4  phi          4.12041e+00     fixed    
   5  R           -6.04192e+01   constant   
   6  alpha_CBO    1.95679e-03     fixed    
   7  w_CBO        2.32500e+00   constant   
   8  beta_CBO    -1.58530e-03     fixed    
   9  alpha_2CBO  -5.58557e-04     fixed    
  10  beta_2CBO    1.02786e-04   2.67789e-04   2.67789e-04   1.76452e+03
  11  alpha_y      0.00000e+00   1.00000e-03   1.00000e-03  -3.93161e+02
  12  w_y          1.38860e+01   constant   
  13  beta_y      -9.37398e-06     fixed    
  14  alpha_vw     0.00000e+00     fixed    
  15  w_vw         1.43404e+01   constant   
  16  beta_vw      0.00000e+00     fixed    
  17  LM           8.43198e-05   constant   
  18  zeta_y       0.00000e+00   constant   
  19  zeta_vw      0.00000e+00   constant   
  20  T_CBO        1.00000e+03   8.71984e+02   8.55361e-02** at limit **
  21  alpha_A0    -1.95168e-03   1.20526e-03   3.84227e-06   3.41910e-01
  22  beta_A0      5.70771e-04   1.29212e-03   4.22857e-06  -6.20283e-01
  23  alpha_phi    2.31332e-03   1.16081e-03   3.66869e-06  -5.08637e-01
  24  beta_phi     3.38805e-03   1.19467e-03   3.58248e-06  -4.05256e-01
 MIGRAD MINIMIZATION HAS CONVERGED.
 MIGRAD WILL VERIFY CONVERGENCE AND ERROR MATRIX.
 COVARIANCE MATRIX CALCULATED SUCCESSFULLY
 FCN=47.0754 FROM MIGRAD    STATUS=CONVERGED     114 CALLS        3292 TOTAL
                     EDM=4.76853e-07    STRATEGY= 1      ERROR MATRIX ACCURATE 
  EXT PARAMETER                                   STEP         FIRST   
  NO.   NAME      VALUE            ERROR          SIZE      DERIVATIVE 
   1  N0           3.41815e+06     fixed    
   2  tau          6.44063e+01   constant   
   3  A0           3.61827e-01     fixed    
   4  phi          4.12041e+00     fixed    
   5  R           -6.04192e+01   constant   
   6  alpha_CBO    1.95679e-03     fixed    
   7  w_CBO        2.32500e+00   constant   
   8  beta_CBO    -1.58530e-03     fixed    
   9  alpha_2CBO  -5.58557e-04     fixed    
  10  beta_2CBO    4.02035e-05   2.66595e-04   8.81919e-07  -1.83313e-01
  11  alpha_y      1.26577e-05   2.59716e-04   8.78794e-07  -1.17848e+00
  12  w_y          1.38860e+01   constant   
  13  beta_y      -9.37398e-06     fixed    
  14  alpha_vw     0.00000e+00     fixed    
  15  w_vw         1.43404e+01   constant   
  16  beta_vw      0.00000e+00     fixed    
  17  LM           8.43198e-05   constant   
  18  zeta_y       0.00000e+00   constant   
  19  zeta_vw      0.00000e+00   constant   
  20  T_CBO        1.00000e+03   7.59953e+02   3.05844e-01** at limit **
  21  alpha_A0    -1.95136e-03   1.42357e-03   3.83997e-06   3.33734e-01
  22  beta_A0      5.17704e-04   1.30033e-03   4.22603e-06   1.45514e-01
  23  alpha_phi    2.34293e-03   1.49586e-03   3.66647e-06   6.73559e-01
  24  beta_phi     3.38067e-03   1.83851e-03   3.58031e-06  -6.34282e-02
 EXTERNAL ERROR MATRIX.    NDIM=  25    NPAR=  7    ERR DEF=1
  7.107e-08  6.312e-10  1.814e-07 -1.058e-09  5.896e-08 -3.242e-08  9.153e-09 
  6.312e-10  6.745e-08  6.408e-09 -4.116e-10 -9.661e-09 -2.016e-09 -2.901e-09 
  1.814e-07  6.408e-09  6.125e-02 -2.122e-04  5.747e-05  2.523e-04  3.702e-04 
 -1.058e-09 -4.116e-10 -2.122e-04  2.027e-06 -1.884e-07 -8.721e-07 -1.210e-06 
  5.896e-08 -9.661e-09  5.747e-05 -1.884e-07  1.691e-06  3.113e-07  5.113e-07 
 -3.242e-08 -2.016e-09  2.523e-04 -8.721e-07  3.113e-07  2.238e-06  1.597e-06 
  9.153e-09 -2.901e-09  3.702e-04 -1.210e-06  5.113e-07  1.597e-06  3.380e-06 
 PARAMETER  CORRELATION COEFFICIENTS  
       NO.  GLOBAL     10     11     20     21     22     23     24
       10  0.21272   1.000  0.009  0.003 -0.003  0.170 -0.081  0.019
       11  0.03343   0.009  1.000  0.000 -0.001 -0.029 -0.005 -0.006
       20  0.87854   0.003  0.000  1.000 -0.602  0.179  0.681  0.814
       21  0.60431  -0.003 -0.001 -0.602  1.000 -0.102 -0.410 -0.462
       22  0.28017   0.170 -0.029  0.179 -0.102  1.000  0.160  0.214
       23  0.68982  -0.081 -0.005  0.681 -0.410  0.160  1.000  0.581
       24  0.81801   0.019 -0.006  0.814 -0.462  0.214  0.581  1.000
MINUIT - FIT ONLY 2-y
 **********
 **   67 **RES 
 **********
                   PARAMETER   16  beta_vw RESTORED TO VARIABLE.
                   PARAMETER   14  alpha_vw RESTORED TO VARIABLE.
                   PARAMETER   13  beta_y RESTORED TO VARIABLE.
                   PARAMETER    9  alpha_2CBO RESTORED TO VARIABLE.
                   PARAMETER    8  beta_CBO RESTORED TO VARIABLE.
                   PARAMETER    6  alpha_CBO RESTORED TO VARIABLE.
                   PARAMETER    4  phi RESTORED TO VARIABLE.
                   PARAMETER    3  A0 RESTORED TO VARIABLE.
                   PARAMETER    1  N0 RESTORED TO VARIABLE.
 **********
 **   68 **FIX            0
 **********
 PARAMETER    0  IS UNDEFINED. IGNORED.
 **********
 **   69 **FIX            1
 **********
 **********
 **   70 **FIX            2
 **********
 PARAMETER    2  IS CONSTANT.   IGNORED.
 **********
 **   71 **FIX            3
 **********
 **********
 **   72 **FIX            4
 **********
 **********
 **   73 **FIX            5
 **********
 PARAMETER    5  IS CONSTANT.   IGNORED.
 **********
 **   74 **FIX            6
 **********
 **********
 **   75 **FIX            7
 **********
 PARAMETER    7  IS CONSTANT.   IGNORED.
 **********
 **   76 **FIX            8
 **********
 **********
 **   77 **FIX            9
 **********
 **********
 **   78 **FIX           10
 **********
 **********
 **   79 **FIX           11
 **********
 **********
 **   80 **FIX           12
 **********
 PARAMETER   12  IS CONSTANT.   IGNORED.
 **********
 **   81 **FIX           16
 **********
 **********
 **   82 **MIGRAD
 **********
 START MIGRAD MINIMIZATION.  STRATEGY  1.  CONVERGENCE WHEN EDM .LT. 1.00e-04
 FCN=47.0754 FROM MIGRAD    STATUS=INITIATE       16 CALLS        3308 TOTAL
                     EDM= unknown      STRATEGY= 1      NO ERROR MATRIX       
  EXT PARAMETER               CURRENT GUESS       STEP         FIRST   
  NO.   NAME      VALUE            ERROR          SIZE      DERIVATIVE 
   1  N0           3.41815e+06     fixed    
   2  tau          6.44063e+01   constant   
   3  A0           3.61827e-01     fixed    
   4  phi          4.12041e+00     fixed    
   5  R           -6.04192e+01   constant   
   6  alpha_CBO    1.95679e-03     fixed    
   7  w_CBO        2.32500e+00   constant   
   8  beta_CBO    -1.58530e-03     fixed    
   9  alpha_2CBO  -5.58557e-04     fixed    
  10  beta_2CBO    4.02035e-05     fixed    
  11  alpha_y      1.26577e-05     fixed    
  12  w_y          1.38860e+01   constant   
  13  beta_y      -9.37398e-06   2.60523e-04   2.60523e-04  -4.87950e+02
  14  alpha_vw     0.00000e+00   1.00000e-03   1.00000e-03   1.00173e+03
  15  w_vw         1.43404e+01   constant   
  16  beta_vw      0.00000e+00     fixed    
  17  LM           8.43198e-05   constant   
  18  zeta_y       0.00000e+00   constant   
  19  zeta_vw      0.00000e+00   constant   
  20  T_CBO        9.99999e+02   7.59953e+02   3.05844e-01  -4.94292e-06
  21  alpha_A0    -1.95136e-03   1.42357e-03   3.83997e-06   3.34351e-01
  22  beta_A0      5.17704e-04   1.30033e-03   4.22603e-06   1.45554e-01
  23  alpha_phi    2.34293e-03   1.49586e-03   3.66647e-06   6.72913e-01
  24  beta_phi     3.38067e-03   1.83851e-03   3.58031e-06  -6.45144e-02
 MIGRAD MINIMIZATION HAS CONVERGED.
 MIGRAD WILL VERIFY CONVERGENCE AND ERROR MATRIX.
 COVARIANCE MATRIX CALCULATED SUCCESSFULLY
 FCN=47.0497 FROM MIGRAD    STATUS=CONVERGED     100 CALLS        3392 TOTAL
                     EDM=1.94094e-06    STRATEGY= 1      ERROR MATRIX ACCURATE 
  EXT PARAMETER                                   STEP         FIRST   
  NO.   NAME      VALUE            ERROR          SIZE      DERIVATIVE 
   1  N0           3.41815e+06     fixed    
   2  tau          6.44063e+01   constant   
   3  A0           3.61827e-01     fixed    
   4  phi          4.12041e+00     fixed    
   5  R           -6.04192e+01   constant   
   6  alpha_CBO    1.95679e-03     fixed    
   7  w_CBO        2.32500e+00   constant   
   8  beta_CBO    -1.58530e-03     fixed    
   9  alpha_2CBO  -5.58557e-04     fixed    
  10  beta_2CBO    4.02035e-05     fixed    
  11  alpha_y      1.26577e-05     fixed    
  12  w_y          1.38860e+01   constant   
  13  beta_y       1.55961e-05   2.68474e-04   8.89068e-07   1.28700e+00
  14  alpha_vw    -3.91061e-05   2.66399e-04   8.82237e-07   6.54236e-01
  15  w_vw         1.43404e+01   constant   
  16  beta_vw      0.00000e+00     fixed    
  17  LM           8.43198e-05   constant   
  18  zeta_y       0.00000e+00   constant   
  19  zeta_vw      0.00000e+00   constant   
  20  T_CBO        1.00000e+03   9.81431e+02   7.34291e-02** at limit **
  21  alpha_A0    -1.94861e-03   1.15209e-03   3.83893e-06  -1.16589e+00
  22  beta_A0      5.14587e-04   1.26081e-03   4.22489e-06  -8.66797e-02
  23  alpha_phi    2.34555e-03   1.11093e-03   3.66549e-06  -9.14104e-01
  24  beta_phi     3.38228e-03   1.11809e-03   3.57935e-06  -7.63909e-01
 EXTERNAL ERROR MATRIX.    NDIM=  25    NPAR=  7    ERR DEF=1
  7.208e-08 -1.468e-08 -3.841e-07  5.934e-09 -1.703e-09  5.277e-09  3.811e-09 
 -1.468e-08  7.097e-08  3.815e-07 -4.607e-09  4.746e-09 -4.592e-09 -2.390e-09 
 -3.841e-07  3.815e-07  4.072e+01 -1.203e-03  3.229e-04  1.432e-03  2.101e-03 
  5.934e-09 -4.607e-09 -1.203e-03  1.327e-06  1.092e-09 -3.990e-08  1.140e-08 
 -1.703e-09  4.746e-09  3.229e-04  1.092e-09  1.590e-06  1.128e-07  1.733e-07 
  5.277e-09 -4.592e-09  1.432e-03 -3.990e-08  1.128e-07  1.234e-06  1.501e-07 
  3.811e-09 -2.390e-09  2.101e-03  1.140e-08  1.733e-07  1.501e-07  1.250e-06 
 PARAMETER  CORRELATION COEFFICIENTS  
       NO.  GLOBAL     13     14     20     21     22     23     24
       13  0.20672   1.000 -0.205 -0.000  0.019 -0.005  0.018  0.013
       14  0.20649  -0.205  1.000  0.000 -0.015  0.014 -0.016 -0.008
       20  0.37515  -0.000  0.000  1.000 -0.164  0.040  0.202  0.294
       21  0.17548   0.019 -0.015 -0.164  1.000  0.001 -0.031  0.009
       22  0.14082  -0.005  0.014  0.040  0.001  1.000  0.081  0.123
       23  0.22295   0.018 -0.016  0.202 -0.031  0.081  1.000  0.121
