 + ++++++++++++++++++++++++++++++++++++++++++++++++++++++++++++++++++++ +
 +                                                                      +
 +           You have chose to blind your fitting according to          +
 +                omega_ref * (1 + (R +/- deltaR) *10^{-6})             +
 +                                                                      +
 + ++++++++++++++++++++++++++++++++++++++++++++++++++++++++++++++++++++ +
In main()...
reading format from /gm2data/zkhechad/run45/envelope/formats/formatB_sBin_constraintOn.txt
pBinTau 	= 0  
pBinPhi 	= 0  
constraintau 	= 1 
includeMopTerm 	= 0    
constrainMop    = 0   
Parameters after format file: pBinTau 0 pBinPhi 0 constraintau 1 includeMopTerm 0 constrainMop 0 c_e_scale 0.000000 
Opening file /gm2data/tbarrett/gm2fr/studies/run23_bunch_corrections/CorrectedFourier_Run3b.root.
reading full fit data from /gm2data/zkhechad/cboTemplates/Run4CBOTemplates/fullFits/noRF/sBin_constraintOn_cE0.0_seed0_noRF_calo5.root
windowBins = 69
fitting sliding window 2450 from bin 2586 at 385.682000 to bin 2655 at 396.126000 (69 bins)

Reading data from /gm2data/cornell/histograms/aMethod/histogram_a_noRF.root
 **********
 **    1 **SET PRINTOUT            1
 **********
 **********
 **    2 **SET NOWARNINGS 
 **********
 PARAMETER DEFINITIONS:
    NO.   NAME         VALUE      STEP SIZE      LIMITS
     1 N0           2.79633e+06  1.00000e+02     no limits
     2 tau          6.44140e+01  constant
     3 A0           3.58434e-01  1.00000e-04     no limits
     4 phi          4.11632e+00  1.00000e-02     no limits
     5 R           -6.26390e+01  constant
     6 alpha_CBO    0.00000e+00  1.00000e-03     no limits
     7 w_CBO        2.32500e+00  constant
     8 beta_CBO     0.00000e+00  1.00000e-03     no limits
     9 alpha_2CBO   0.00000e+00  1.00000e-03     no limits
    10 beta_2CBO    0.00000e+00  1.00000e-03     no limits
    11 alpha_y      0.00000e+00  1.00000e-03     no limits
    12 w_y          1.38860e+01  constant
    13 beta_y       0.00000e+00  1.00000e-03     no limits
    14 alpha_vw     0.00000e+00  1.00000e-03     no limits
    15 w_vw         1.43404e+01  constant
    16 beta_vw      0.00000e+00  1.00000e-03     no limits
    17 LM           3.79801e-04  constant
    18 zeta_y       0.00000e+00  constant
    19 zeta_vw      0.00000e+00  constant
    20 T_CBO        1.00000e+02  1.00000e+00    0.00000e+00  1.00000e+03
    21 alpha_A0     0.00000e+00  1.00000e-03     no limits
    22 beta_A0      0.00000e+00  1.00000e-03     no limits
    23 alpha_phi    0.00000e+00  1.00000e-03     no limits
    24 beta_phi     0.00000e+00  1.00000e-03     no limits
MINUIT - FIT ONLY WIGGLE
 **********
 **    3 **FIX            5
 **********
 PARAMETER    5  IS CONSTANT.   IGNORED.
 **********
 **    4 **FIX            6
 **********
 **********
 **    5 **FIX            7
 **********
 PARAMETER    7  IS CONSTANT.   IGNORED.
 **********
 **    6 **FIX            8
 **********
 **********
 **    7 **FIX            9
 **********
 **********
 **    8 **FIX           10
 **********
 **********
 **    9 **FIX           11
 **********
 **********
 **   10 **FIX           12
 **********
 PARAMETER   12  IS CONSTANT.   IGNORED.
 **********
 **   11 **FIX           13
 **********
 **********
 **   12 **FIX           14
 **********
 **********
 **   13 **FIX           15
 **********
 PARAMETER   15  IS CONSTANT.   IGNORED.
 **********
 **   14 **FIX           16
 **********
 **********
 **   15 **MIGRAD
 **********
 FIRST CALL TO USER FUNCTION AT NEW START POINT, WITH IFLAG=4.
 START MIGRAD MINIMIZATION.  STRATEGY  1.  CONVERGENCE WHEN EDM .LT. 1.00e-04
 FCN=63.801 FROM MIGRAD    STATUS=INITIATE      437 CALLS         438 TOTAL
                     EDM= unknown      STRATEGY= 1      NO ERROR MATRIX       
  EXT PARAMETER               CURRENT GUESS       STEP         FIRST   
  NO.   NAME      VALUE            ERROR          SIZE      DERIVATIVE 
   1  N0           2.79633e+06   1.00000e+02   0.00000e+00   1.54880e-03
   2  tau          6.44140e+01   constant   
   3  A0           3.58434e-01   1.00000e-04   0.00000e+00  -1.17820e+03
   4  phi          4.11632e+00   1.00000e-02   0.00000e+00  -2.17382e+02
   5  R           -6.26390e+01   constant   
   6  alpha_CBO    0.00000e+00     fixed    
   7  w_CBO        2.32500e+00   constant   
   8  beta_CBO     0.00000e+00     fixed    
   9  alpha_2CBO   0.00000e+00     fixed    
  10  beta_2CBO    0.00000e+00     fixed    
  11  alpha_y      0.00000e+00     fixed    
  12  w_y          1.38860e+01   constant   
  13  beta_y       0.00000e+00     fixed    
  14  alpha_vw     0.00000e+00     fixed    
  15  w_vw         1.43404e+01   constant   
  16  beta_vw      0.00000e+00     fixed    
  17  LM           3.79801e-04   constant   
  18  zeta_y       0.00000e+00   constant   
  19  zeta_vw      0.00000e+00   constant   
  20  T_CBO        1.00000e+02   1.00000e+00   0.00000e+00   0.00000e+00
  21  alpha_A0     0.00000e+00   1.00000e-03   0.00000e+00  -7.95648e+00
  22  beta_A0      0.00000e+00   1.00000e-03   0.00000e+00  -4.09245e+00
  23  alpha_phi    0.00000e+00   1.00000e-03   0.00000e+00   4.14958e+00
  24  beta_phi     0.00000e+00   1.00000e-03   0.00000e+00   1.14985e+00
 MIGRAD MINIMIZATION HAS CONVERGED.
 FCN=58.5503 FROM MIGRAD    STATUS=CONVERGED     573 CALLS         574 TOTAL
                     EDM=6.98667e-06    STRATEGY= 1  ERROR MATRIX UNCERTAINTY   4.1 per cent
  EXT PARAMETER                                   STEP         FIRST   
  NO.   NAME      VALUE            ERROR          SIZE      DERIVATIVE 
   1  N0           2.79164e+06   2.63442e+03  -1.02600e+01   7.03255e-07
   2  tau          6.44140e+01   constant   
   3  A0           3.59448e-01   1.22133e-03   2.46921e-06   5.12603e-01
   4  phi          4.11704e+00   3.47153e-03  -7.27988e-06   1.38774e-01
   5  R           -6.26390e+01   constant   
   6  alpha_CBO    0.00000e+00     fixed    
   7  w_CBO        2.32500e+00   constant   
   8  beta_CBO     0.00000e+00     fixed    
   9  alpha_2CBO   0.00000e+00     fixed    
  10  beta_2CBO    0.00000e+00     fixed    
  11  alpha_y      0.00000e+00     fixed    
  12  w_y          1.38860e+01   constant   
  13  beta_y       0.00000e+00     fixed    
  14  alpha_vw     0.00000e+00     fixed    
  15  w_vw         1.43404e+01   constant   
  16  beta_vw      0.00000e+00     fixed    
  17  LM           3.79801e-04   constant   
  18  zeta_y       0.00000e+00   constant   
  19  zeta_vw      0.00000e+00   constant   
  20  T_CBO        9.46031e+01   2.97956e+01   9.88398e-06   9.24105e-03
  21  alpha_A0     1.40312e-01   3.21713e-01  -2.50581e-03   6.54344e-03
  22  beta_A0      1.49393e-01   2.29676e-01   6.97470e-04   1.03571e-02
  23  alpha_phi   -1.80419e-01   2.53568e-01  -3.22375e-04  -1.29570e-02
  24  beta_phi     9.61454e-02   2.78587e-01   1.27546e-03   9.32490e-03
 EXTERNAL ERROR MATRIX.    NDIM=  25    NPAR=  8    ERR DEF=1
  6.940e+06 -3.130e-01  8.479e-01  4.458e+03  2.056e+02 -5.414e+01  8.138e+01 -1.834e+02 
 -3.130e-01  1.492e-06 -1.172e-07 -9.344e-04 -3.294e-05  8.250e-06 -2.708e-05  4.461e-05 
  8.479e-01 -1.172e-07  1.205e-05  1.206e-03  6.979e-05 -1.524e-05  1.941e-05 -4.918e-05 
  4.458e+03 -9.344e-04  1.206e-03  8.909e+02 -2.905e+00 -1.950e+00  3.320e+00 -1.592e+00 
  2.056e+02 -3.294e-05  6.979e-05 -2.905e+00  1.035e-01 -2.023e-03  2.104e-03 -1.824e-02 
 -5.414e+01  8.250e-06 -1.524e-05 -1.950e+00 -2.023e-03  5.275e-02 -3.557e-04  4.414e-04 
  8.138e+01 -2.708e-05  1.941e-05  3.320e+00  2.104e-03 -3.557e-04  6.430e-02 -1.267e-02 
 -1.834e+02  4.461e-05 -4.918e-05 -1.592e+00 -1.824e-02  4.414e-04 -1.267e-02  7.761e-02 
 PARAMETER  CORRELATION COEFFICIENTS  
       NO.  GLOBAL      1      3      4     20     21     22     23     24
        1  0.34829   1.000 -0.097  0.093  0.057  0.243 -0.089  0.122 -0.250
        3  0.16882  -0.097  1.000 -0.028 -0.026 -0.084  0.029 -0.087  0.131
        4  0.10621   0.093 -0.028  1.000  0.012  0.062 -0.019  0.022 -0.051
       20  0.63965   0.057 -0.026  0.012  1.000 -0.303 -0.285  0.439 -0.191
       21  0.49031   0.243 -0.084  0.062 -0.303  1.000 -0.027  0.026 -0.203
       22  0.36144  -0.089  0.029 -0.019 -0.285 -0.027  1.000 -0.006  0.007
       23  0.49883   0.122 -0.087  0.022  0.439  0.026 -0.006  1.000 -0.179
       24  0.39800  -0.250  0.131 -0.051 -0.191 -0.203  0.007 -0.179  1.000
MINUIT - FIT ONLY 1-CBO + wiggle
 **********
 **   16 **RES 
 **********
                   PARAMETER   16  beta_vw RESTORED TO VARIABLE.
                   PARAMETER   14  alpha_vw RESTORED TO VARIABLE.
                   PARAMETER   13  beta_y RESTORED TO VARIABLE.
                   PARAMETER   11  alpha_y RESTORED TO VARIABLE.
                   PARAMETER   10  beta_2CBO RESTORED TO VARIABLE.
                   PARAMETER    9  alpha_2CBO RESTORED TO VARIABLE.
                   PARAMETER    8  beta_CBO RESTORED TO VARIABLE.
                   PARAMETER    6  alpha_CBO RESTORED TO VARIABLE.
 **********
 **   17 **FIX            8
 **********
 **********
 **   18 **FIX            9
 **********
 **********
 **   19 **FIX           11
 **********
 **********
 **   20 **FIX           12
 **********
 PARAMETER   12  IS CONSTANT.   IGNORED.
 **********
 **   21 **FIX           14
 **********
 **********
 **   22 **FIX           15
 **********
 PARAMETER   15  IS CONSTANT.   IGNORED.
 **********
 **   23 **FIX           16
 **********
 **********
 **   24 **MIGRAD
 **********
 START MIGRAD MINIMIZATION.  STRATEGY  1.  CONVERGENCE WHEN EDM .LT. 1.00e-04
 FCN=58.5503 FROM MIGRAD    STATUS=INITIATE       28 CALLS         602 TOTAL
                     EDM= unknown      STRATEGY= 1      NO ERROR MATRIX       
  EXT PARAMETER               CURRENT GUESS       STEP         FIRST   
  NO.   NAME      VALUE            ERROR          SIZE      DERIVATIVE 
   1  N0           2.79164e+06   2.63442e+03  -1.02600e+01   7.03255e-07
   2  tau          6.44140e+01   constant   
   3  A0           3.59448e-01   1.22133e-03   2.46921e-06   5.12603e-01
   4  phi          4.11704e+00   3.47153e-03  -7.27988e-06   1.38774e-01
   5  R           -6.26390e+01   constant   
   6  alpha_CBO    0.00000e+00   1.00000e-03   1.00000e-03   1.18944e+03
   7  w_CBO        2.32500e+00   constant   
   8  beta_CBO     0.00000e+00     fixed    
   9  alpha_2CBO   0.00000e+00     fixed    
  10  beta_2CBO    0.00000e+00   1.00000e-03   1.00000e-03   7.66282e+01
  11  alpha_y      0.00000e+00     fixed    
  12  w_y          1.38860e+01   constant   
  13  beta_y       0.00000e+00   1.00000e-03   1.00000e-03   1.62480e+03
  14  alpha_vw     0.00000e+00     fixed    
  15  w_vw         1.43404e+01   constant   
  16  beta_vw      0.00000e+00     fixed    
  17  LM           3.79801e-04   constant   
  18  zeta_y       0.00000e+00   constant   
  19  zeta_vw      0.00000e+00   constant   
  20  T_CBO        9.46031e+01   2.97956e+01   9.88398e-06   9.24126e-03
  21  alpha_A0     1.40312e-01   3.21713e-01  -2.50581e-03   6.54345e-03
  22  beta_A0      1.49393e-01   2.29676e-01   6.97470e-04   1.03571e-02
  23  alpha_phi   -1.80419e-01   2.53568e-01  -3.22375e-04  -1.29570e-02
  24  beta_phi     9.61454e-02   2.78587e-01   1.27546e-03   9.32490e-03
 MIGRAD MINIMIZATION HAS CONVERGED.
 MIGRAD WILL VERIFY CONVERGENCE AND ERROR MATRIX.
 FCN=56.9618 FROM HESSE     STATUS=NOT POSDEF    100 CALLS         820 TOTAL
                     EDM=0.00184108    STRATEGY= 1      ERR MATRIX NOT POS-DEF
  EXT PARAMETER                APPROXIMATE        STEP         FIRST   
  NO.   NAME      VALUE            ERROR          SIZE      DERIVATIVE 
   1  N0           2.79163e+06   2.61141e+03   8.38872e+00   7.02848e-07
   2  tau          6.44140e+01   constant   
   3  A0           3.59406e-01   1.23098e-03   4.45275e-06   1.84643e-01
   4  phi          4.11646e+00   3.58656e-03   1.28194e-05   1.93899e-01
   5  R           -6.26390e+01   constant   
   6  alpha_CBO   -9.54698e-04   1.28000e-03   4.61478e-06  -7.09369e-01
   7  w_CBO        2.32500e+00   constant   
   8  beta_CBO     0.00000e+00     fixed    
   9  alpha_2CBO   0.00000e+00     fixed    
  10  beta_2CBO   -6.76543e-06   1.28335e-03   4.64777e-06  -8.32659e-01
  11  alpha_y      0.00000e+00     fixed    
  12  w_y          1.38860e+01   constant   
  13  beta_y      -1.25665e-03   1.24610e-03   4.65491e-06  -4.37094e-01
  14  alpha_vw     0.00000e+00     fixed    
  15  w_vw         1.43404e+01   constant   
  16  beta_vw      0.00000e+00     fixed    
  17  LM           3.79801e-04   constant   
  18  zeta_y       0.00000e+00   constant   
  19  zeta_vw      0.00000e+00   constant   
  20  T_CBO        9.37347e+01   5.14880e+02   3.22215e-04  -2.72135e-02
  21  alpha_A0     1.27860e-01   2.22441e+00   1.20792e-03   5.90894e-04
  22  beta_A0      1.54673e-01   2.68604e+00   1.13643e-03   1.11276e-02
  23  alpha_phi   -1.60775e-01   2.78883e+00   1.11270e-03  -2.53016e-03
  24  beta_phi     9.88325e-02   1.78203e+00   1.16333e-03   6.42600e-03
 MIGRAD MINIMIZATION HAS CONVERGED.
 MIGRAD WILL VERIFY CONVERGENCE AND ERROR MATRIX.
 COVARIANCE MATRIX CALCULATED SUCCESSFULLY
 MIGRAD TERMINATED WITHOUT CONVERGENCE.
 FCN=56.9612 FROM MIGRAD    STATUS=FAILED        467 CALLS        1041 TOTAL
                     EDM=0.00620642    STRATEGY= 1      ERR MATRIX APPROXIMATE
  EXT PARAMETER                APPROXIMATE        STEP         FIRST   
  NO.   NAME      VALUE            ERROR          SIZE      DERIVATIVE 
   1  N0           2.79163e+06   2.63126e+03   8.38867e+00  -3.04197e-07
   2  tau          6.44140e+01   constant   
   3  A0           3.59406e-01   1.23978e-03   4.45273e-06   2.83873e-01
   4  phi          4.11646e+00   3.61051e-03   1.28193e-05  -3.96690e-02
   5  R           -6.26390e+01   constant   
   6  alpha_CBO   -9.53681e-04   1.28843e-03   4.61475e-06   1.94303e+00
   7  w_CBO        2.32500e+00   constant   
   8  beta_CBO     0.00000e+00     fixed    
   9  alpha_2CBO   0.00000e+00     fixed    
  10  beta_2CBO   -5.65166e-06   1.29210e-03   4.64774e-06   4.42838e+00
  11  alpha_y      0.00000e+00     fixed    
  12  w_y          1.38860e+01   constant   
  13  beta_y      -1.25620e-03   1.25321e-03   4.65488e-06   5.82765e-01
  14  alpha_vw     0.00000e+00     fixed    
  15  w_vw         1.43404e+01   constant   
  16  beta_vw      0.00000e+00     fixed    
  17  LM           3.79801e-04   constant   
  18  zeta_y       0.00000e+00   constant   
  19  zeta_vw      0.00000e+00   constant   
  20  T_CBO        9.72258e+01   5.95770e+02   3.42273e-04  -3.19474e-01
  21  alpha_A0     1.08403e-01   2.32774e+00   1.06561e-03  -4.64089e-02
  22  beta_A0      1.30845e-01   2.80550e+00   1.00269e-03  -5.69507e-02
  23  alpha_phi   -1.37129e-01   2.96412e+00   9.81553e-04   3.69981e-02
  24  beta_phi     8.31950e-02   1.84279e+00   1.02616e-03  -4.44770e-02
 EXTERNAL ERROR MATRIX.    NDIM=  25    NPAR= 11    ERR DEF=1
  6.924e+06 
 -3.593e-01  1.537e-06 
  1.185e+00  1.584e-07  1.304e-05 
 -5.764e-02  5.546e-08  1.060e-06  1.660e-06 
  1.529e-01  4.976e-08 -1.590e-07 -1.330e-07  1.670e-06 
  5.567e-02  6.925e-09 -4.530e-08 -3.449e-08  2.655e-08  1.571e-06 
  5.028e+04 -2.976e-02  2.308e-02  8.575e-03  2.221e-02  1.794e-03  2.746e+05 
 -2.466e+01  7.980e-05 -6.036e-05 -1.251e-05 -1.021e-04 -7.512e-06 -1.210e+03  5.418e+00 
 -2.627e+02  1.255e-04 -1.542e-04 -5.870e-05 -5.899e-05 -2.353e-06 -1.463e+03  6.455e+00  7.871e+00 
  3.173e+02 -2.194e-04  3.819e-05  2.068e-05  7.331e-05  4.967e-06  1.547e+03 -6.808e+00 -8.246e+00  8.786e+00 
 -3.579e+02  1.460e-04 -2.019e-04 -2.810e-05 -7.365e-05 -6.616e-06 -9.544e+02  4.197e+00  5.085e+00 -5.380e+00  3.396e+00 
ERR MATRIX APPROXIMATE
 PARAMETER  CORRELATION COEFFICIENTS  
       NO.  GLOBAL      1      3      4      6     10     13     20     21     22     23     24
        1  0.36457   1.000 -0.110  0.125 -0.017  0.045  0.017  0.036 -0.004 -0.036  0.041 -0.074
        3  0.25800  -0.110  1.000  0.035  0.035  0.031  0.004 -0.046  0.028  0.036 -0.060  0.064
        4  0.29624   0.125  0.035  1.000  0.228 -0.034 -0.010  0.012 -0.007 -0.015  0.004 -0.030
        6  0.26772  -0.017  0.035  0.228  1.000 -0.080 -0.021  0.013 -0.004 -0.016  0.005 -0.012
       10  0.25238   0.045  0.031 -0.034 -0.080  1.000  0.016  0.033 -0.034 -0.016  0.019 -0.031
       13  0.04042   0.017  0.004 -0.010 -0.021  0.016  1.000  0.003 -0.003 -0.001  0.001 -0.003
       20  0.99860   0.036 -0.046  0.012  0.013  0.033  0.003  1.000 -0.992 -0.995  0.996 -0.988
       21  0.99278  -0.004  0.028 -0.007 -0.004 -0.034 -0.003 -0.992  1.000  0.988 -0.987  0.978
       22  0.99561  -0.036  0.036 -0.015 -0.016 -0.016 -0.001 -0.995  0.988  1.000 -0.992  0.983
       23  0.99623   0.041 -0.060  0.004  0.005  0.019  0.001  0.996 -0.987 -0.992  1.000 -0.985
       24  0.98930  -0.074  0.064 -0.030 -0.012 -0.031 -0.003 -0.988  0.978  0.983 -0.985  1.000
 ERR MATRIX APPROXIMATE
MINUIT - FIT ONLY 2-CBO
 **********
 **   25 **RES 
 **********
                   PARAMETER   16  beta_vw RESTORED TO VARIABLE.
                   PARAMETER   14  alpha_vw RESTORED TO VARIABLE.
                   PARAMETER   11  alpha_y RESTORED TO VARIABLE.
                   PARAMETER    9  alpha_2CBO RESTORED TO VARIABLE.
                   PARAMETER    8  beta_CBO RESTORED TO VARIABLE.
 **********
 **   26 **FIX            0
 **********
 PARAMETER    0  IS UNDEFINED. IGNORED.
 **********
 **   27 **FIX            1
 **********
 **********
 **   28 **FIX            2
 **********
 PARAMETER    2  IS CONSTANT.   IGNORED.
 **********
 **   29 **FIX            3
 **********
 **********
 **   30 **FIX            4
 **********
 **********
 **   31 **FIX            5
 **********
 PARAMETER    5  IS CONSTANT.   IGNORED.
 **********
 **   32 **FIX            6
 **********
 **********
 **   33 **FIX            7
 **********
 PARAMETER    7  IS CONSTANT.   IGNORED.
 **********
 **   34 **FIX           10
 **********
 **********
 **   35 **FIX           11
 **********
 **********
 **   36 **FIX           12
 **********
 PARAMETER   12  IS CONSTANT.   IGNORED.
 **********
 **   37 **FIX           13
 **********
 **********
 **   38 **FIX           14
 **********
 **********
 **   39 **FIX           15
 **********
 PARAMETER   15  IS CONSTANT.   IGNORED.
 **********
 **   40 **FIX           16
 **********
 **********
 **   41 **MIGRAD
 **********
 START MIGRAD MINIMIZATION.  STRATEGY  1.  CONVERGENCE WHEN EDM .LT. 1.00e-04
 FCN=56.9612 FROM MIGRAD    STATUS=INITIATE       18 CALLS        1059 TOTAL
                     EDM= unknown      STRATEGY= 1      NO ERROR MATRIX       
  EXT PARAMETER               CURRENT GUESS       STEP         FIRST   
  NO.   NAME      VALUE            ERROR          SIZE      DERIVATIVE 
   1  N0           2.79163e+06     fixed    
   2  tau          6.44140e+01   constant   
   3  A0           3.59406e-01     fixed    
   4  phi          4.11646e+00     fixed    
   5  R           -6.26390e+01   constant   
   6  alpha_CBO   -9.53681e-04     fixed    
   7  w_CBO        2.32500e+00   constant   
   8  beta_CBO     0.00000e+00   1.00000e-03   1.00000e-03  -5.52226e+02
   9  alpha_2CBO   0.00000e+00   1.00000e-03   1.00000e-03  -1.49818e+03
  10  beta_2CBO   -5.65166e-06     fixed    
  11  alpha_y      0.00000e+00     fixed    
  12  w_y          1.38860e+01   constant   
  13  beta_y      -1.25620e-03     fixed    
  14  alpha_vw     0.00000e+00     fixed    
  15  w_vw         1.43404e+01   constant   
  16  beta_vw      0.00000e+00     fixed    
  17  LM           3.79801e-04   constant   
  18  zeta_y       0.00000e+00   constant   
  19  zeta_vw      0.00000e+00   constant   
  20  T_CBO        9.72258e+01   5.95770e+02   3.42273e-04  -3.19374e-01
  21  alpha_A0     1.08403e-01   2.32774e+00   1.06561e-03  -4.64089e-02
  22  beta_A0      1.30845e-01   2.80550e+00   1.00269e-03  -5.69506e-02
  23  alpha_phi   -1.37129e-01   2.96412e+00   9.81553e-04   3.69981e-02
  24  beta_phi     8.31950e-02   1.84279e+00   1.02616e-03  -4.44770e-02
 CALL LIMIT EXCEEDED IN MIGRAD.
 MIGRAD TERMINATED WITHOUT CONVERGENCE.
 FCN=55.9036 FROM MIGRAD    STATUS=CALL LIMIT   1152 CALLS        2193 TOTAL
                     EDM=0.000517184    STRATEGY= 1  ERROR MATRIX UNCERTAINTY  13.7 per cent
  EXT PARAMETER                APPROXIMATE        STEP         FIRST   
  NO.   NAME      VALUE            ERROR          SIZE      DERIVATIVE 
   1  N0           2.79163e+06     fixed    
   2  tau          6.44140e+01   constant   
   3  A0           3.59406e-01     fixed    
   4  phi          4.11646e+00     fixed    
   5  R           -6.26390e+01   constant   
   6  alpha_CBO   -9.53681e-04     fixed    
   7  w_CBO        2.32500e+00   constant   
   8  beta_CBO     4.80464e-04   1.27861e-03   7.00686e-06   4.53928e+00
   9  alpha_2CBO   1.20546e-03   1.24413e-03  -2.53611e-06  -9.41584e-01
  10  beta_2CBO   -5.65166e-06     fixed    
  11  alpha_y      0.00000e+00     fixed    
  12  w_y          1.38860e+01   constant   
  13  beta_y      -1.25620e-03     fixed    
  14  alpha_vw     0.00000e+00     fixed    
  15  w_vw         1.43404e+01   constant   
  16  beta_vw      0.00000e+00     fixed    
  17  LM           3.79801e-04   constant   
  18  zeta_y       0.00000e+00   constant   
  19  zeta_vw      0.00000e+00   constant   
  20  T_CBO        6.91936e+02   8.45811e+02   6.38444e-02  -1.64022e-03
  21  alpha_A0     4.93807e-03   1.69176e-02  -5.26299e-05   1.07988e+00
  22  beta_A0      5.11381e-03   2.04527e-02  -7.58628e-05  -5.36428e-01
  23  alpha_phi   -4.07352e-03   1.53960e-02   3.29336e-05  -1.10977e+00
  24  beta_phi     3.49741e-03   1.79360e-02  -8.74857e-05  -1.34517e+00
 EXTERNAL ERROR MATRIX.    NDIM=  25    NPAR=  7    ERR DEF=1
  1.635e-06  3.223e-08  1.314e+00 -6.073e-06 -4.177e-06  5.912e-06 -4.110e-06 
  3.223e-08  1.548e-06 -3.892e-01  3.627e-06  2.125e-06 -1.245e-06  2.546e-06 
  1.314e+00 -3.892e-01  1.438e+07 -5.256e+01 -6.759e+01  4.674e+01 -5.927e+01 
 -6.073e-06  3.627e-06 -5.256e+01  2.862e-04  2.532e-04 -1.438e-04  2.325e-04 
 -4.177e-06  2.125e-06 -6.759e+01  2.532e-04  4.183e-04 -2.155e-04  2.592e-04 
  5.912e-06 -1.245e-06  4.674e+01 -1.438e-04 -2.155e-04  2.370e-04 -2.090e-04 
 -4.110e-06  2.546e-06 -5.927e+01  2.325e-04  2.592e-04 -2.090e-04  3.217e-04 
ERR MATRIX APPROXIMATE
 PARAMETER  CORRELATION COEFFICIENTS  
       NO.  GLOBAL      8      9     20     21     22     23     24
        8  0.44857   1.000  0.020  0.271 -0.281 -0.160  0.300 -0.179
        9  0.22308   0.020  1.000 -0.083  0.172  0.083 -0.065  0.114
       20  0.95824   0.271 -0.083  1.000 -0.819 -0.872  0.801 -0.871
       21  0.86618  -0.281  0.172 -0.819  1.000  0.732 -0.552  0.766
       22  0.88664  -0.160  0.083 -0.872  0.732  1.000 -0.684  0.707
       23  0.84806   0.300 -0.065  0.801 -0.552 -0.684  1.000 -0.757
       24  0.90055  -0.179  0.114 -0.871  0.766  0.707 -0.757  1.000
 ERR MATRIX APPROXIMATE
MINUIT - FIT wiggle + 1-CBO + 2-CBO
 **********
 **   42 **RES 
 **********
                   PARAMETER   16  beta_vw RESTORED TO VARIABLE.
                   PARAMETER   14  alpha_vw RESTORED TO VARIABLE.
                   PARAMETER   13  beta_y RESTORED TO VARIABLE.
                   PARAMETER   11  alpha_y RESTORED TO VARIABLE.
                   PARAMETER   10  beta_2CBO RESTORED TO VARIABLE.
                   PARAMETER    6  alpha_CBO RESTORED TO VARIABLE.
                   PARAMETER    4  phi RESTORED TO VARIABLE.
                   PARAMETER    3  A0 RESTORED TO VARIABLE.
                   PARAMETER    1  N0 RESTORED TO VARIABLE.
 **********
 **   43 **FIX           10
 **********
 **********
 **   44 **FIX           11
 **********
 **********
 **   45 **FIX           12
 **********
 PARAMETER   12  IS CONSTANT.   IGNORED.
 **********
 **   46 **FIX           13
 **********
 **********
 **   47 **FIX           14
 **********
 **********
 **   48 **FIX           15
 **********
 PARAMETER   15  IS CONSTANT.   IGNORED.
 **********
 **   49 **FIX           16
 **********
 **********
 **   50 **MIGRAD
 **********
 START MIGRAD MINIMIZATION.  STRATEGY  1.  CONVERGENCE WHEN EDM .LT. 1.00e-04
 FCN=55.9036 FROM MIGRAD    STATUS=INITIATE       22 CALLS        2215 TOTAL
                     EDM= unknown      STRATEGY= 1      NO ERROR MATRIX       
  EXT PARAMETER               CURRENT GUESS       STEP         FIRST   
  NO.   NAME      VALUE            ERROR          SIZE      DERIVATIVE 
   1  N0           2.79163e+06   2.63126e+03   2.63126e+03   1.33768e-05
   2  tau          6.44140e+01   constant   
   3  A0           3.59406e-01   1.23978e-03   1.23978e-03   2.10153e+02
   4  phi          4.11646e+00   3.61051e-03   3.61051e-03   3.77108e+01
   5  R           -6.26390e+01   constant   
   6  alpha_CBO   -9.53681e-04   1.28843e-03   1.28843e-03  -2.18454e+01
   7  w_CBO        2.32500e+00   constant   
   8  beta_CBO     4.80464e-04   1.27861e-03   7.00686e-06   4.53928e+00
   9  alpha_2CBO   1.20546e-03   1.24413e-03  -2.53611e-06  -9.41584e-01
  10  beta_2CBO   -5.65166e-06     fixed    
  11  alpha_y      0.00000e+00     fixed    
  12  w_y          1.38860e+01   constant   
  13  beta_y      -1.25620e-03     fixed    
  14  alpha_vw     0.00000e+00     fixed    
  15  w_vw         1.43404e+01   constant   
  16  beta_vw      0.00000e+00     fixed    
  17  LM           3.79801e-04   constant   
  18  zeta_y       0.00000e+00   constant   
  19  zeta_vw      0.00000e+00   constant   
  20  T_CBO        6.91936e+02   8.45811e+02   6.38444e-02  -1.64414e-03
  21  alpha_A0     4.93807e-03   1.69176e-02  -5.26299e-05   1.07988e+00
  22  beta_A0      5.11381e-03   2.04527e-02  -7.58628e-05  -5.36428e-01
  23  alpha_phi   -4.07352e-03   1.53960e-02   3.29336e-05  -1.10977e+00
  24  beta_phi     3.49741e-03   1.79360e-02  -8.74857e-05  -1.34517e+00
 MIGRAD MINIMIZATION HAS CONVERGED.
 FCN=55.8791 FROM MIGRAD    STATUS=CONVERGED     389 CALLS        2582 TOTAL
                     EDM=8.77294e-06    STRATEGY= 1  ERROR MATRIX UNCERTAINTY   0.5 per cent
  EXT PARAMETER                                   STEP         FIRST   
  NO.   NAME      VALUE            ERROR          SIZE      DERIVATIVE 
   1  N0           2.79159e+06   2.61289e+03   1.12007e+00   5.19642e-07
   2  tau          6.44140e+01   constant   
   3  A0           3.59236e-01   1.26542e-03   6.50057e-07   6.64425e-01
   4  phi          4.11618e+00   3.54704e-03  -7.22043e-06  -6.42180e-01
   5  R           -6.26390e+01   constant   
   6  alpha_CBO   -9.61051e-04   1.25484e-03   5.65386e-07   1.21924e+00
   7  w_CBO        2.32500e+00   constant   
   8  beta_CBO     5.22680e-04   1.30458e-03  -9.59674e-07  -2.99578e-01
   9  alpha_2CBO   1.21878e-03   1.24670e-03  -5.80943e-07   7.32248e-01
  10  beta_2CBO   -5.65166e-06     fixed    
  11  alpha_y      0.00000e+00     fixed    
  12  w_y          1.38860e+01   constant   
  13  beta_y      -1.25620e-03     fixed    
  14  alpha_vw     0.00000e+00     fixed    
  15  w_vw         1.43404e+01   constant   
  16  beta_vw      0.00000e+00     fixed    
  17  LM           3.79801e-04   constant   
  18  zeta_y       0.00000e+00   constant   
  19  zeta_vw      0.00000e+00   constant   
  20  T_CBO        9.97681e+02   9.22424e+02   9.63073e-02  -2.53671e-04
  21  alpha_A0     4.22855e-03   1.00832e-02  -1.58672e-05  -5.52721e-01
  22  beta_A0      4.46550e-03   1.08760e-02   1.62472e-06  -7.30438e-02
  23  alpha_phi   -3.20862e-03   9.35362e-03   5.21034e-06   3.86179e-01
  24  beta_phi     2.93765e-03   9.07100e-03  -1.56232e-05  -3.48836e-01
 EXTERNAL ERROR MATRIX.    NDIM=  25    NPAR= 11    ERR DEF=1
  6.827e+06 
 -1.813e-01  1.601e-06 
  7.873e-01  2.882e-07  1.258e-05 
 -1.788e-01  1.327e-07  6.496e-07  1.575e-06 
 -2.053e-01 -3.158e-07 -5.736e-07  1.545e-08  1.702e-06 
  1.388e-01 -1.014e-07 -2.242e-07 -1.283e-07  6.642e-08  1.554e-06 
  8.235e+02  8.312e-03 -1.312e-01 -4.200e-02 -4.709e-02 -1.212e-02  1.944e+06 
  5.348e+00 -9.598e-07 -4.294e-06  8.320e-07 -3.132e-07  1.148e-06 -7.933e+00  1.017e-04 
 -3.543e-01 -1.303e-06 -2.735e-06 -4.380e-07  1.073e-06  4.172e-07 -8.364e+00  5.273e-05  1.183e-04 
 -8.314e-01 -1.776e-06 -5.200e-07 -1.219e-06  6.007e-07  5.538e-07  5.890e+00 -1.476e-05 -2.942e-05  8.749e-05 
 -3.274e+00  1.302e-06 -4.695e-06  5.446e-07 -5.067e-07  4.320e-07 -5.067e+00  1.714e-05  3.084e-05 -2.497e-05  8.228e-05 
 PARAMETER  CORRELATION COEFFICIENTS  
       NO.  GLOBAL      1      3      4      6      8      9     20     21     22     23     24
        1  0.33956   1.000 -0.055  0.085 -0.055 -0.060  0.043  0.000  0.203 -0.012 -0.034 -0.138
        3  0.30830  -0.055  1.000  0.064  0.084 -0.191 -0.064  0.005 -0.075 -0.095 -0.150  0.113
        4  0.34950   0.085  0.064  1.000  0.146 -0.124 -0.051 -0.027 -0.120 -0.071 -0.016 -0.146
        6  0.27393  -0.055  0.084  0.146  1.000  0.009 -0.082 -0.024  0.066 -0.032 -0.104  0.048
        8  0.27316  -0.060 -0.191 -0.124  0.009  1.000  0.041 -0.026 -0.024  0.076  0.049 -0.043
        9  0.16613   0.043 -0.064 -0.051 -0.082  0.041  1.000 -0.007  0.091  0.031  0.047  0.038
       20  0.74875   0.000  0.005 -0.027 -0.024 -0.026 -0.007  1.000 -0.564 -0.552  0.452 -0.401
       21  0.67920   0.203 -0.075 -0.120  0.066 -0.024  0.091 -0.564  1.000  0.481 -0.157  0.187
       22  0.61971  -0.012 -0.095 -0.071 -0.032  0.076  0.031 -0.552  0.481  1.000 -0.289  0.313
       23  0.52548  -0.034 -0.150 -0.016 -0.104  0.049  0.047  0.452 -0.157 -0.289  1.000 -0.294
       24  0.49858  -0.138  0.113 -0.146  0.048 -0.043  0.038 -0.401  0.187  0.313 -0.294  1.000
MINUIT - FIT ONLY 1-y
 **********
 **   51 **RES 
 **********
                   PARAMETER   16  beta_vw RESTORED TO VARIABLE.
                   PARAMETER   14  alpha_vw RESTORED TO VARIABLE.
                   PARAMETER   13  beta_y RESTORED TO VARIABLE.
                   PARAMETER   11  alpha_y RESTORED TO VARIABLE.
                   PARAMETER   10  beta_2CBO RESTORED TO VARIABLE.
 **********
 **   52 **FIX            0
 **********
 PARAMETER    0  IS UNDEFINED. IGNORED.
 **********
 **   53 **FIX            1
 **********
 **********
 **   54 **FIX            2
 **********
 PARAMETER    2  IS CONSTANT.   IGNORED.
 **********
 **   55 **FIX            3
 **********
 **********
 **   56 **FIX            4
 **********
 **********
 **   57 **FIX            5
 **********
 PARAMETER    5  IS CONSTANT.   IGNORED.
 **********
 **   58 **FIX            6
 **********
 **********
 **   59 **FIX            7
 **********
 PARAMETER    7  IS CONSTANT.   IGNORED.
 **********
 **   60 **FIX            8
 **********
 **********
 **   61 **FIX            9
 **********
 **********
 **   62 **FIX           13
 **********
 **********
 **   63 **FIX           14
 **********
 **********
 **   64 **FIX           15
 **********
 PARAMETER   15  IS CONSTANT.   IGNORED.
 **********
 **   65 **FIX           16
 **********
 **********
 **   66 **MIGRAD
 **********
 START MIGRAD MINIMIZATION.  STRATEGY  1.  CONVERGENCE WHEN EDM .LT. 1.00e-04
 FCN=55.8791 FROM MIGRAD    STATUS=INITIATE       16 CALLS        2598 TOTAL
                     EDM= unknown      STRATEGY= 1      NO ERROR MATRIX       
  EXT PARAMETER               CURRENT GUESS       STEP         FIRST   
  NO.   NAME      VALUE            ERROR          SIZE      DERIVATIVE 
   1  N0           2.79159e+06     fixed    
   2  tau          6.44140e+01   constant   
   3  A0           3.59236e-01     fixed    
   4  phi          4.11618e+00     fixed    
   5  R           -6.26390e+01   constant   
   6  alpha_CBO   -9.61051e-04     fixed    
   7  w_CBO        2.32500e+00   constant   
   8  beta_CBO     5.22680e-04     fixed    
   9  alpha_2CBO   1.21878e-03     fixed    
  10  beta_2CBO   -5.65166e-06   1.29210e-03   1.29210e-03   2.23287e+01
  11  alpha_y      0.00000e+00   1.00000e-03   1.00000e-03   3.58800e+02
  12  w_y          1.38860e+01   constant   
  13  beta_y      -1.25620e-03     fixed    
  14  alpha_vw     0.00000e+00     fixed    
  15  w_vw         1.43404e+01   constant   
  16  beta_vw      0.00000e+00     fixed    
  17  LM           3.79801e-04   constant   
  18  zeta_y       0.00000e+00   constant   
  19  zeta_vw      0.00000e+00   constant   
  20  T_CBO        9.97681e+02   9.22424e+02   9.63073e-02  -2.68722e-04
  21  alpha_A0     4.22855e-03   1.00832e-02  -1.58672e-05  -5.52721e-01
  22  beta_A0      4.46550e-03   1.08760e-02   1.62472e-06  -7.30440e-02
  23  alpha_phi   -3.20862e-03   9.35362e-03   5.21034e-06   3.86179e-01
  24  beta_phi     2.93765e-03   9.07100e-03  -1.56232e-05  -3.48836e-01
 MIGRAD MINIMIZATION HAS CONVERGED.
 MIGRAD WILL VERIFY CONVERGENCE AND ERROR MATRIX.
 COVARIANCE MATRIX CALCULATED SUCCESSFULLY
 FCN=55.8301 FROM MIGRAD    STATUS=CONVERGED     102 CALLS        2684 TOTAL
                     EDM=3.28909e-06    STRATEGY= 1      ERROR MATRIX ACCURATE 
  EXT PARAMETER                                   STEP         FIRST   
  NO.   NAME      VALUE            ERROR          SIZE      DERIVATIVE 
   1  N0           2.79159e+06     fixed    
   2  tau          6.44140e+01   constant   
   3  A0           3.59236e-01     fixed    
   4  phi          4.11618e+00     fixed    
   5  R           -6.26390e+01   constant   
   6  alpha_CBO   -9.61051e-04     fixed    
   7  w_CBO        2.32500e+00   constant   
   8  beta_CBO     5.22680e-04     fixed    
   9  alpha_2CBO   1.21878e-03     fixed    
  10  beta_2CBO   -2.20357e-05   1.28442e-03   4.60230e-06   1.70091e+00
  11  alpha_y     -2.71902e-04   1.23100e-03   4.52974e-06  -1.51218e-01
  12  w_y          1.38860e+01   constant   
  13  beta_y      -1.25620e-03     fixed    
  14  alpha_vw     0.00000e+00     fixed    
  15  w_vw         1.43404e+01   constant   
  16  beta_vw      0.00000e+00     fixed    
  17  LM           3.79801e-04   constant   
  18  zeta_y       0.00000e+00   constant   
  19  zeta_vw      0.00000e+00   constant   
  20  T_CBO        9.99910e+02   9.25991e+02   1.11212e-01  -2.70606e-05
  21  alpha_A0     4.21848e-03   7.55751e-03   2.73127e-05   1.09993e-01
  22  beta_A0      4.42404e-03   7.23828e-03   2.58396e-05   3.55367e-02
  23  alpha_phi   -3.21433e-03   6.98940e-03   2.51023e-05   6.29759e-02
  24  beta_phi     2.92795e-03   7.17620e-03   2.62408e-05  -4.93391e-02
 EXTERNAL ERROR MATRIX.    NDIM=  25    NPAR=  7    ERR DEF=1
  1.650e-06 -1.907e-09 -1.961e-05 -1.331e-07  1.562e-06 -1.426e-06  1.287e-07 
 -1.907e-09  1.515e-06  2.581e-05  1.420e-07  1.446e-07  9.276e-08  7.312e-08 
 -1.961e-05  2.581e-05  1.126e+05  3.570e-01  3.744e-01 -2.717e-01  2.524e-01 
 -1.331e-07  1.420e-07  3.570e-01  5.712e-05  5.399e-06  3.925e-06 -9.727e-07 
  1.562e-06  1.446e-07  3.744e-01  5.399e-06  5.239e-05 -3.149e-06  2.188e-07 
 -1.426e-06  9.276e-08 -2.717e-01  3.925e-06 -3.149e-06  4.885e-05 -2.104e-06 
  1.287e-07  7.312e-08  2.524e-01 -9.727e-07  2.188e-07 -2.104e-06  5.150e-05 
 PARAMETER  CORRELATION COEFFICIENTS  
       NO.  GLOBAL     10     11     20     21     22     23     24
       10  0.22893   1.000 -0.001 -0.000 -0.014  0.168 -0.159  0.014
       11  0.02582  -0.001  1.000  0.000  0.015  0.016  0.011  0.008
       20  0.25584  -0.000  0.000  1.000  0.141  0.154 -0.116  0.105
       21  0.18987  -0.014  0.015  0.141  1.000  0.099  0.074 -0.018
       22  0.24381   0.168  0.016  0.154  0.099  1.000 -0.062  0.004
       23  0.21910  -0.159  0.011 -0.116  0.074 -0.062  1.000 -0.042
       24  0.11465   0.014  0.008  0.105 -0.018  0.004 -0.042  1.000
MINUIT - FIT ONLY 2-y
 **********
 **   67 **RES 
 **********
                   PARAMETER   16  beta_vw RESTORED TO VARIABLE.
                   PARAMETER   14  alpha_vw RESTORED TO VARIABLE.
                   PARAMETER   13  beta_y RESTORED TO VARIABLE.
                   PARAMETER    9  alpha_2CBO RESTORED TO VARIABLE.
                   PARAMETER    8  beta_CBO RESTORED TO VARIABLE.
                   PARAMETER    6  alpha_CBO RESTORED TO VARIABLE.
                   PARAMETER    4  phi RESTORED TO VARIABLE.
                   PARAMETER    3  A0 RESTORED TO VARIABLE.
                   PARAMETER    1  N0 RESTORED TO VARIABLE.
 **********
 **   68 **FIX            0
 **********
 PARAMETER    0  IS UNDEFINED. IGNORED.
 **********
 **   69 **FIX            1
 **********
 **********
 **   70 **FIX            2
 **********
 PARAMETER    2  IS CONSTANT.   IGNORED.
 **********
 **   71 **FIX            3
 **********
 **********
 **   72 **FIX            4
 **********
 **********
 **   73 **FIX            5
 **********
 PARAMETER    5  IS CONSTANT.   IGNORED.
 **********
 **   74 **FIX            6
 **********
 **********
 **   75 **FIX            7
 **********
 PARAMETER    7  IS CONSTANT.   IGNORED.
 **********
 **   76 **FIX            8
 **********
 **********
 **   77 **FIX            9
 **********
 **********
 **   78 **FIX           10
 **********
 **********
 **   79 **FIX           11
 **********
 **********
 **   80 **FIX           12
 **********
 PARAMETER   12  IS CONSTANT.   IGNORED.
 **********
 **   81 **FIX           16
 **********
 **********
 **   82 **MIGRAD
 **********
 START MIGRAD MINIMIZATION.  STRATEGY  1.  CONVERGENCE WHEN EDM .LT. 1.00e-04
 FCN=55.8301 FROM MIGRAD    STATUS=INITIATE       16 CALLS        2700 TOTAL
                     EDM= unknown      STRATEGY= 1      NO ERROR MATRIX       
  EXT PARAMETER               CURRENT GUESS       STEP         FIRST   
  NO.   NAME      VALUE            ERROR          SIZE      DERIVATIVE 
   1  N0           2.79159e+06     fixed    
   2  tau          6.44140e+01   constant   
   3  A0           3.59236e-01     fixed    
   4  phi          4.11618e+00     fixed    
   5  R           -6.26390e+01   constant   
   6  alpha_CBO   -9.61051e-04     fixed    
   7  w_CBO        2.32500e+00   constant   
   8  beta_CBO     5.22680e-04     fixed    
   9  alpha_2CBO   1.21878e-03     fixed    
  10  beta_2CBO   -2.20357e-05     fixed    
  11  alpha_y     -2.71902e-04     fixed    
  12  w_y          1.38860e+01   constant   
  13  beta_y      -1.25620e-03   1.25321e-03   1.25321e-03  -4.40683e-02
  14  alpha_vw     0.00000e+00   1.00000e-03   1.00000e-03  -3.56041e+02
  15  w_vw         1.43404e+01   constant   
  16  beta_vw      0.00000e+00     fixed    
  17  LM           3.79801e-04   constant   
  18  zeta_y       0.00000e+00   constant   
  19  zeta_vw      0.00000e+00   constant   
  20  T_CBO        9.99910e+02   9.25991e+02   1.11212e-01  -2.86269e-05
  21  alpha_A0     4.21848e-03   7.55751e-03   2.73127e-05   1.09990e-01
  22  beta_A0      4.42404e-03   7.23828e-03   2.58396e-05   3.55385e-02
  23  alpha_phi   -3.21433e-03   6.98940e-03   2.51023e-05   6.29759e-02
  24  beta_phi     2.92795e-03   7.17620e-03   2.62408e-05  -4.93391e-02
 MIGRAD MINIMIZATION HAS CONVERGED.
 MIGRAD WILL VERIFY CONVERGENCE AND ERROR MATRIX.
 COVARIANCE MATRIX CALCULATED SUCCESSFULLY
 FCN=55.7766 FROM MIGRAD    STATUS=CONVERGED     101 CALLS        2785 TOTAL
                     EDM=7.7023e-06    STRATEGY= 1      ERROR MATRIX ACCURATE 
  EXT PARAMETER                                   STEP         FIRST   
  NO.   NAME      VALUE            ERROR          SIZE      DERIVATIVE 
   1  N0           2.79159e+06     fixed    
   2  tau          6.44140e+01   constant   
   3  A0           3.59236e-01     fixed    
   4  phi          4.11618e+00     fixed    
   5  R           -6.26390e+01   constant   
   6  alpha_CBO   -9.61051e-04     fixed    
   7  w_CBO        2.32500e+00   constant   
   8  beta_CBO     5.22680e-04     fixed    
   9  alpha_2CBO   1.21878e-03     fixed    
  10  beta_2CBO   -2.20357e-05     fixed    
  11  alpha_y     -2.71902e-04     fixed    
  12  w_y          1.38860e+01   constant   
  13  beta_y      -1.16587e-03   1.31171e-03   4.60705e-06   2.95951e-01
  14  alpha_vw     3.00774e-04   1.29981e-03   4.56456e-06   8.95071e-03
