 + ++++++++++++++++++++++++++++++++++++++++++++++++++++++++++++++++++++ +
 +                                                                      +
 +           You have chose to blind your fitting according to          +
 +                omega_ref * (1 + (R +/- deltaR) *10^{-6})             +
 +                                                                      +
 + ++++++++++++++++++++++++++++++++++++++++++++++++++++++++++++++++++++ +
In main()...
reading format from /gm2data/zkhechad/run45/envelope/formats/formatB_sBin_constraintOn.txt
pBinTau 	= 0  
pBinPhi 	= 0  
constraintau 	= 1 
includeMopTerm 	= 0    
constrainMop    = 0   
Parameters after format file: pBinTau 0 pBinPhi 0 constraintau 1 includeMopTerm 0 constrainMop 0 c_e_scale 0.000000 
Opening file /gm2data/tbarrett/gm2fr/studies/run23_bunch_corrections/CorrectedFourier_Run3b.root.
reading full fit data from /gm2data/zkhechad/cboTemplates/Run4CBOTemplates/templateFits0_v2.0/noRF/sBin_constraintOn_cE0.0_seed0_noRF_calo12.root
windowBins = 69
fitting sliding window 2188 from bin 2324 at 346.591600 to bin 2393 at 357.035600 (69 bins)

Reading data from /gm2data/cornell/histograms/aMethod/histogram_a_noRF.root
 **********
 **    1 **SET PRINTOUT            1
 **********
 **********
 **    2 **SET NOWARNINGS 
 **********
 PARAMETER DEFINITIONS:
    NO.   NAME         VALUE      STEP SIZE      LIMITS
     1 N0           3.55039e+06  1.00000e+02     no limits
     2 tau          6.43775e+01  constant
     3 A0           3.53586e-01  1.00000e-04     no limits
     4 phi          4.11784e+00  1.00000e-02     no limits
     5 R           -5.99595e+01  constant
     6 alpha_CBO    0.00000e+00  1.00000e-03     no limits
     7 w_CBO        2.32500e+00  constant
     8 beta_CBO     0.00000e+00  1.00000e-03     no limits
     9 alpha_2CBO   0.00000e+00  1.00000e-03     no limits
    10 beta_2CBO    0.00000e+00  1.00000e-03     no limits
    11 alpha_y      0.00000e+00  1.00000e-03     no limits
    12 w_y          1.44500e+01  constant
    13 beta_y       0.00000e+00  1.00000e-03     no limits
    14 alpha_vw     0.00000e+00  1.00000e-03     no limits
    15 w_vw         1.29000e+01  constant
    16 beta_vw      0.00000e+00  1.00000e-03     no limits
    17 LM          -9.22867e-04  constant
    18 zeta_y       0.00000e+00  constant
    19 zeta_vw      0.00000e+00  constant
    20 T_CBO        1.00000e+02  1.00000e+00    0.00000e+00  1.00000e+03
    21 alpha_A0     0.00000e+00  1.00000e-03     no limits
    22 beta_A0      0.00000e+00  1.00000e-03     no limits
    23 alpha_phi    0.00000e+00  1.00000e-03     no limits
    24 beta_phi     0.00000e+00  1.00000e-03     no limits
MINUIT - FIT ONLY WIGGLE
 **********
 **    3 **FIX            5
 **********
 PARAMETER    5  IS CONSTANT.   IGNORED.
 **********
 **    4 **FIX            6
 **********
 **********
 **    5 **FIX            7
 **********
 PARAMETER    7  IS CONSTANT.   IGNORED.
 **********
 **    6 **FIX            8
 **********
 **********
 **    7 **FIX            9
 **********
 **********
 **    8 **FIX           10
 **********
 **********
 **    9 **FIX           11
 **********
 **********
 **   10 **FIX           12
 **********
 PARAMETER   12  IS CONSTANT.   IGNORED.
 **********
 **   11 **FIX           13
 **********
 **********
 **   12 **FIX           14
 **********
 **********
 **   13 **FIX           15
 **********
 PARAMETER   15  IS CONSTANT.   IGNORED.
 **********
 **   14 **FIX           16
 **********
 **********
 **   15 **MIGRAD
 **********
 FIRST CALL TO USER FUNCTION AT NEW START POINT, WITH IFLAG=4.
 START MIGRAD MINIMIZATION.  STRATEGY  1.  CONVERGENCE WHEN EDM .LT. 1.00e-04
 FCN=114.478 FROM MIGRAD    STATUS=INITIATE      437 CALLS         438 TOTAL
                     EDM= unknown      STRATEGY= 1      NO ERROR MATRIX       
  EXT PARAMETER               CURRENT GUESS       STEP         FIRST   
  NO.   NAME      VALUE            ERROR          SIZE      DERIVATIVE 
   1  N0           3.55039e+06   1.00000e+02   0.00000e+00  -1.12274e-04
   2  tau          6.43775e+01   constant   
   3  A0           3.53586e-01   1.00000e-04   0.00000e+00  -5.92233e+03
   4  phi          4.11784e+00   1.00000e-02   0.00000e+00  -1.34871e+03
   5  R           -5.99595e+01   constant   
   6  alpha_CBO    0.00000e+00     fixed    
   7  w_CBO        2.32500e+00   constant   
   8  beta_CBO     0.00000e+00     fixed    
   9  alpha_2CBO   0.00000e+00     fixed    
  10  beta_2CBO    0.00000e+00     fixed    
  11  alpha_y      0.00000e+00     fixed    
  12  w_y          1.44500e+01   constant   
  13  beta_y       0.00000e+00     fixed    
  14  alpha_vw     0.00000e+00     fixed    
  15  w_vw         1.29000e+01   constant   
  16  beta_vw      0.00000e+00     fixed    
  17  LM          -9.22867e-04   constant   
  18  zeta_y       0.00000e+00   constant   
  19  zeta_vw      0.00000e+00   constant   
  20  T_CBO        1.00000e+02   1.00000e+00   0.00000e+00   0.00000e+00
  21  alpha_A0     0.00000e+00   1.00000e-03   0.00000e+00  -1.35336e+01
  22  beta_A0      0.00000e+00   1.00000e-03   0.00000e+00   2.69365e+01
  23  alpha_phi    0.00000e+00   1.00000e-03   0.00000e+00  -3.32575e+00
  24  beta_phi     0.00000e+00   1.00000e-03   0.00000e+00   9.01426e+00
 CALL LIMIT EXCEEDED IN MIGRAD.
 MIGRAD TERMINATED WITHOUT CONVERGENCE.
 FCN=101.73 FROM MIGRAD    STATUS=CALL LIMIT   1327 CALLS        1328 TOTAL
                     EDM=0.00106207    STRATEGY= 1  ERROR MATRIX UNCERTAINTY   0.7 per cent
  EXT PARAMETER                APPROXIMATE        STEP         FIRST   
  NO.   NAME      VALUE            ERROR          SIZE      DERIVATIVE 
   1  N0           3.54928e+06   2.25966e+03  -2.23667e+01  -1.17536e-05
   2  tau          6.43775e+01   constant   
   3  A0           3.55843e-01   8.39970e-04  -1.54436e-06  -2.05850e+00
   4  phi          4.12186e+00   2.47780e-03   7.94442e-06   1.60743e-01
   5  R           -5.99595e+01   constant   
   6  alpha_CBO    0.00000e+00     fixed    
   7  w_CBO        2.32500e+00   constant   
   8  beta_CBO     0.00000e+00     fixed    
   9  alpha_2CBO   0.00000e+00     fixed    
  10  beta_2CBO    0.00000e+00     fixed    
  11  alpha_y      0.00000e+00     fixed    
  12  w_y          1.44500e+01   constant   
  13  beta_y       0.00000e+00     fixed    
  14  alpha_vw     0.00000e+00     fixed    
  15  w_vw         1.29000e+01   constant   
  16  beta_vw      0.00000e+00     fixed    
  17  LM          -9.22867e-04   constant   
  18  zeta_y       0.00000e+00   constant   
  19  zeta_vw      0.00000e+00   constant   
  20  T_CBO        3.38459e+02   6.39754e+02   4.71986e-02  -1.13560e-01
  21  alpha_A0     1.26876e-02   3.81404e-02  -7.60187e-04   3.50511e-01
  22  beta_A0     -1.09103e-02   3.60394e-02   9.90999e-04   1.10459e+00
  23  alpha_phi    6.43715e-03   2.22888e-02  -6.16857e-04  -2.09001e+00
  24  beta_phi    -8.72250e-03   3.11684e-02   8.00539e-04   3.49071e+00
 EXTERNAL ERROR MATRIX.    NDIM=  25    NPAR=  8    ERR DEF=1
  5.106e+06 -2.104e-01  2.703e-01 -4.857e+05  1.509e+01 -1.962e+01  9.789e+00 -5.170e+00 
 -2.104e-01  7.055e-07 -1.542e-08 -2.174e-02  2.577e-06 -1.469e-07  9.184e-07 -1.702e-06 
  2.703e-01 -1.542e-08  6.139e-06  1.057e-01 -5.610e-06  7.324e-06  2.092e-06  6.324e-06 
 -4.857e+05 -2.174e-02  1.057e-01  6.719e+05 -2.933e+01  2.808e+01 -1.510e+01  2.361e+01 
  1.509e+01  2.577e-06 -5.610e-06 -2.933e+01  1.455e-03 -1.248e-03  6.330e-04 -1.074e-03 
 -1.962e+01 -1.469e-07  7.324e-06  2.808e+01 -1.248e-03  1.299e-03 -5.923e-04  9.739e-04 
  9.789e+00  9.184e-07  2.092e-06 -1.510e+01  6.330e-04 -5.923e-04  4.968e-04 -4.673e-04 
 -5.170e+00 -1.702e-06  6.324e-06  2.361e+01 -1.074e-03  9.739e-04 -4.673e-04  9.715e-04 
ERR MATRIX APPROXIMATE
 PARAMETER  CORRELATION COEFFICIENTS  
       NO.  GLOBAL      1      3      4     20     21     22     23     24
        1  0.60344   1.000 -0.111  0.048 -0.262  0.175 -0.241  0.194 -0.073
        3  0.20945  -0.111  1.000 -0.007 -0.032  0.080 -0.005  0.049 -0.065
        4  0.18192   0.048 -0.007  1.000  0.052 -0.059  0.082  0.038  0.082
       20  0.99007  -0.262 -0.032  0.052  1.000 -0.938  0.951 -0.827  0.924
       21  0.94655   0.175  0.080 -0.059 -0.938  1.000 -0.908  0.745 -0.903
       22  0.96069  -0.241 -0.005  0.082  0.951 -0.908  1.000 -0.737  0.867
       23  0.89526   0.194  0.049  0.038 -0.827  0.745 -0.737  1.000 -0.673
       24  0.96133  -0.073 -0.065  0.082  0.924 -0.903  0.867 -0.673  1.000
 ERR MATRIX APPROXIMATE
MINUIT - FIT ONLY 1-CBO + wiggle
 **********
 **   16 **RES 
 **********
                   PARAMETER   16  beta_vw RESTORED TO VARIABLE.
                   PARAMETER   14  alpha_vw RESTORED TO VARIABLE.
                   PARAMETER   13  beta_y RESTORED TO VARIABLE.
                   PARAMETER   11  alpha_y RESTORED TO VARIABLE.
                   PARAMETER   10  beta_2CBO RESTORED TO VARIABLE.
                   PARAMETER    9  alpha_2CBO RESTORED TO VARIABLE.
                   PARAMETER    8  beta_CBO RESTORED TO VARIABLE.
                   PARAMETER    6  alpha_CBO RESTORED TO VARIABLE.
 **********
 **   17 **FIX            8
 **********
 **********
 **   18 **FIX            9
 **********
 **********
 **   19 **FIX           11
 **********
 **********
 **   20 **FIX           12
 **********
 PARAMETER   12  IS CONSTANT.   IGNORED.
 **********
 **   21 **FIX           14
 **********
 **********
 **   22 **FIX           15
 **********
 PARAMETER   15  IS CONSTANT.   IGNORED.
 **********
 **   23 **FIX           16
 **********
 **********
 **   24 **MIGRAD
 **********
 START MIGRAD MINIMIZATION.  STRATEGY  1.  CONVERGENCE WHEN EDM .LT. 1.00e-04
 FCN=101.73 FROM MIGRAD    STATUS=INITIATE       28 CALLS        1356 TOTAL
                     EDM= unknown      STRATEGY= 1      NO ERROR MATRIX       
  EXT PARAMETER               CURRENT GUESS       STEP         FIRST   
  NO.   NAME      VALUE            ERROR          SIZE      DERIVATIVE 
   1  N0           3.54928e+06   2.25966e+03  -2.23667e+01  -1.17536e-05
   2  tau          6.43775e+01   constant   
   3  A0           3.55843e-01   8.39970e-04  -1.54436e-06  -2.05850e+00
   4  phi          4.12186e+00   2.47780e-03   7.94442e-06   1.60743e-01
   5  R           -5.99595e+01   constant   
   6  alpha_CBO    0.00000e+00   1.00000e-03   1.00000e-03   1.69105e+03
   7  w_CBO        2.32500e+00   constant   
   8  beta_CBO     0.00000e+00     fixed    
   9  alpha_2CBO   0.00000e+00     fixed    
  10  beta_2CBO    0.00000e+00   1.00000e-03   1.00000e-03  -3.03677e+02
  11  alpha_y      0.00000e+00     fixed    
  12  w_y          1.44500e+01   constant   
  13  beta_y       0.00000e+00   1.00000e-03   1.00000e-03  -1.26671e+03
  14  alpha_vw     0.00000e+00     fixed    
  15  w_vw         1.29000e+01   constant   
  16  beta_vw      0.00000e+00     fixed    
  17  LM          -9.22867e-04   constant   
  18  zeta_y       0.00000e+00   constant   
  19  zeta_vw      0.00000e+00   constant   
  20  T_CBO        3.38459e+02   6.39754e+02   4.71986e-02  -1.13566e-01
  21  alpha_A0     1.26876e-02   3.81404e-02  -7.60187e-04   3.50511e-01
  22  beta_A0     -1.09103e-02   3.60394e-02   9.90999e-04   1.10459e+00
  23  alpha_phi    6.43715e-03   2.22888e-02  -6.16857e-04  -2.09001e+00
  24  beta_phi    -8.72250e-03   3.11684e-02   8.00539e-04   3.49071e+00
 MIGRAD MINIMIZATION HAS CONVERGED.
 FCN=100.853 FROM MIGRAD    STATUS=CONVERGED     763 CALLS        2091 TOTAL
                     EDM=4.54539e-06    STRATEGY= 1  ERROR MATRIX UNCERTAINTY   0.0 per cent
  EXT PARAMETER                                   STEP         FIRST   
  NO.   NAME      VALUE            ERROR          SIZE      DERIVATIVE 
   1  N0           3.54926e+06   2.10531e+03   2.36301e-01  -2.08546e-07
   2  tau          6.43775e+01   constant   
   3  A0           3.55865e-01   8.23457e-04  -5.31482e-08  -4.06091e-01
   4  phi          4.12236e+00   2.57549e-03   1.05769e-06   1.92305e-01
   5  R           -5.99595e+01   constant   
   6  alpha_CBO   -6.53231e-04   8.75663e-04   3.20743e-07   4.59273e-01
   7  w_CBO        2.32500e+00   constant   
   8  beta_CBO     0.00000e+00     fixed    
   9  alpha_2CBO   0.00000e+00     fixed    
  10  beta_2CBO    7.33124e-05   8.61325e-04   5.30064e-07   4.14599e-01
  11  alpha_y      0.00000e+00     fixed    
  12  w_y          1.44500e+01   constant   
  13  beta_y       4.61674e-04   8.51717e-04  -8.31126e-07  -7.38226e-01
  14  alpha_vw     0.00000e+00     fixed    
  15  w_vw         1.29000e+01   constant   
  16  beta_vw      0.00000e+00     fixed    
  17  LM          -9.22867e-04   constant   
  18  zeta_y       0.00000e+00   constant   
  19  zeta_vw      0.00000e+00   constant   
  20  T_CBO        9.99781e+02   7.01663e+02   5.63936e-02  -2.04556e-04
  21  alpha_A0     6.27578e-03   5.84023e-03  -6.07051e-06  -4.12336e-01
  22  beta_A0     -5.35059e-03   5.58369e-03   5.38007e-06   4.65711e-01
  23  alpha_phi    3.76834e-03   4.63501e-03  -1.34576e-05  -2.62667e-01
  24  beta_phi    -4.50458e-03   5.15758e-03  -2.89890e-06  -3.95318e-01
 EXTERNAL ERROR MATRIX.    NDIM=  25    NPAR= 11    ERR DEF=1
  4.432e+06 
  1.208e-03  6.781e-07 
  3.286e-01  1.417e-07  6.633e-06 
  4.088e-02 -1.919e-08 -5.380e-07  7.668e-07 
  3.429e-02 -1.330e-09 -9.191e-08  5.596e-08  7.419e-07 
 -3.340e-03  3.011e-09  3.710e-08 -9.625e-09 -1.636e-08  7.254e-07 
  1.023e+04 -1.293e-03  2.615e-02  1.540e-03  6.375e-03 -9.848e-03  6.648e+04 
 -2.934e+00  6.629e-07  3.478e-07  1.711e-07  1.776e-07 -2.361e-08 -3.388e-01  3.411e-05 
 -3.845e-02  4.670e-07  1.293e-06 -3.082e-07 -8.703e-07  3.547e-07  3.970e-01  4.697e-06  3.118e-05 
 -3.153e-02  2.878e-07  1.653e-06 -4.242e-07  5.379e-07 -7.615e-08 -2.004e-01  2.064e-06 -8.285e-07  2.148e-05 
  2.019e+00 -4.586e-07  1.541e-06  5.768e-08  1.375e-07 -1.555e-07  2.437e-01 -3.364e-06  3.741e-06  1.718e-07  2.660e-05 
 PARAMETER  CORRELATION COEFFICIENTS  
       NO.  GLOBAL      1      3      4      6     10     13     20     21     22     23     24
        1  0.30755   1.000  0.001  0.061  0.022  0.019 -0.002  0.019 -0.239 -0.003 -0.003  0.186
        3  0.22045   0.001  1.000  0.067 -0.027 -0.002  0.004 -0.006  0.138  0.102  0.075 -0.108
        4  0.31228   0.061  0.067  1.000 -0.239 -0.041  0.017  0.039  0.023  0.090  0.138  0.116
        6  0.27495   0.022 -0.027 -0.239  1.000  0.074 -0.013  0.007  0.033 -0.063 -0.105  0.013
       10  0.27709   0.019 -0.002 -0.041  0.074  1.000 -0.022  0.029  0.035 -0.181  0.135  0.031
       13  0.11896  -0.002  0.004  0.017 -0.013 -0.022  1.000 -0.045 -0.005  0.075 -0.019 -0.035
       20  0.45027   0.019 -0.006  0.039  0.007  0.029 -0.045  1.000 -0.225  0.276 -0.168  0.183
       21  0.42283  -0.239  0.138  0.023  0.033  0.035 -0.005 -0.225  1.000  0.144  0.076 -0.112
       22  0.43655  -0.003  0.102  0.090 -0.063 -0.181  0.075  0.276  0.144  1.000 -0.032  0.130
       23  0.28900  -0.003  0.075  0.138 -0.105  0.135 -0.019 -0.168  0.076 -0.032  1.000  0.007
       24  0.32338   0.186 -0.108  0.116  0.013  0.031 -0.035  0.183 -0.112  0.130  0.007  1.000
MINUIT - FIT ONLY 2-CBO
 **********
 **   25 **RES 
 **********
                   PARAMETER   16  beta_vw RESTORED TO VARIABLE.
                   PARAMETER   14  alpha_vw RESTORED TO VARIABLE.
                   PARAMETER   11  alpha_y RESTORED TO VARIABLE.
                   PARAMETER    9  alpha_2CBO RESTORED TO VARIABLE.
                   PARAMETER    8  beta_CBO RESTORED TO VARIABLE.
 **********
 **   26 **FIX            0
 **********
 PARAMETER    0  IS UNDEFINED. IGNORED.
 **********
 **   27 **FIX            1
 **********
 **********
 **   28 **FIX            2
 **********
 PARAMETER    2  IS CONSTANT.   IGNORED.
 **********
 **   29 **FIX            3
 **********
 **********
 **   30 **FIX            4
 **********
 **********
 **   31 **FIX            5
 **********
 PARAMETER    5  IS CONSTANT.   IGNORED.
 **********
 **   32 **FIX            6
 **********
 **********
 **   33 **FIX            7
 **********
 PARAMETER    7  IS CONSTANT.   IGNORED.
 **********
 **   34 **FIX           10
 **********
 **********
 **   35 **FIX           11
 **********
 **********
 **   36 **FIX           12
 **********
 PARAMETER   12  IS CONSTANT.   IGNORED.
 **********
 **   37 **FIX           13
 **********
 **********
 **   38 **FIX           14
 **********
 **********
 **   39 **FIX           15
 **********
 PARAMETER   15  IS CONSTANT.   IGNORED.
 **********
 **   40 **FIX           16
 **********
 **********
 **   41 **MIGRAD
 **********
 START MIGRAD MINIMIZATION.  STRATEGY  1.  CONVERGENCE WHEN EDM .LT. 1.00e-04
 FCN=100.853 FROM MIGRAD    STATUS=INITIATE       18 CALLS        2109 TOTAL
                     EDM= unknown      STRATEGY= 1      NO ERROR MATRIX       
  EXT PARAMETER               CURRENT GUESS       STEP         FIRST   
  NO.   NAME      VALUE            ERROR          SIZE      DERIVATIVE 
   1  N0           3.54926e+06     fixed    
   2  tau          6.43775e+01   constant   
   3  A0           3.55865e-01     fixed    
   4  phi          4.12236e+00     fixed    
   5  R           -5.99595e+01   constant   
   6  alpha_CBO   -6.53231e-04     fixed    
   7  w_CBO        2.32500e+00   constant   
   8  beta_CBO     0.00000e+00   1.00000e-03   1.00000e-03   7.98802e+03
   9  alpha_2CBO   0.00000e+00   1.00000e-03   1.00000e-03   3.09017e+03
  10  beta_2CBO    7.33124e-05     fixed    
  11  alpha_y      0.00000e+00     fixed    
  12  w_y          1.44500e+01   constant   
  13  beta_y       4.61674e-04     fixed    
  14  alpha_vw     0.00000e+00     fixed    
  15  w_vw         1.29000e+01   constant   
  16  beta_vw      0.00000e+00     fixed    
  17  LM          -9.22867e-04   constant   
  18  zeta_y       0.00000e+00   constant   
  19  zeta_vw      0.00000e+00   constant   
  20  T_CBO        9.99781e+02   7.01663e+02   5.63936e-02  -2.07712e-04
  21  alpha_A0     6.27578e-03   5.84023e-03  -6.07051e-06  -4.12336e-01
  22  beta_A0     -5.35059e-03   5.58369e-03   5.38007e-06   4.65711e-01
  23  alpha_phi    3.76834e-03   4.63501e-03  -1.34576e-05  -2.62667e-01
  24  beta_phi    -4.50458e-03   5.15758e-03  -2.89890e-06  -3.95318e-01
 MIGRAD MINIMIZATION HAS CONVERGED.
 MIGRAD WILL VERIFY CONVERGENCE AND ERROR MATRIX.
 COVARIANCE MATRIX CALCULATED SUCCESSFULLY
 FCN=87.4031 FROM MIGRAD    STATUS=CONVERGED     140 CALLS        2231 TOTAL
                     EDM=4.02107e-07    STRATEGY= 1      ERROR MATRIX ACCURATE 
  EXT PARAMETER                                   STEP         FIRST   
  NO.   NAME      VALUE            ERROR          SIZE      DERIVATIVE 
   1  N0           3.54926e+06     fixed    
   2  tau          6.43775e+01   constant   
   3  A0           3.55865e-01     fixed    
   4  phi          4.12236e+00     fixed    
   5  R           -5.99595e+01   constant   
   6  alpha_CBO   -6.53231e-04     fixed    
   7  w_CBO        2.32500e+00   constant   
   8  beta_CBO    -2.96776e-03   8.69737e-04   3.96364e-06  -3.16548e-01
   9  alpha_2CBO  -1.03373e-03   8.70730e-04   3.90673e-06   3.62603e-01
  10  beta_2CBO    7.33124e-05     fixed    
  11  alpha_y      0.00000e+00     fixed    
  12  w_y          1.44500e+01   constant   
  13  beta_y       4.61674e-04     fixed    
  14  alpha_vw     0.00000e+00     fixed    
  15  w_vw         1.29000e+01   constant   
  16  beta_vw      0.00000e+00     fixed    
  17  LM          -9.22867e-04   constant   
  18  zeta_y       0.00000e+00   constant   
  19  zeta_vw      0.00000e+00   constant   
  20  T_CBO        1.00000e+03   6.41664e+02   9.35519e-02** at limit **
  21  alpha_A0     7.46321e-03   5.26391e-03   2.31214e-05  -1.04531e-01
  22  beta_A0     -6.56145e-03   4.96288e-03   2.20861e-05   2.71424e-02
  23  alpha_phi    3.60792e-03   4.54308e-03   2.06296e-05   7.84396e-02
  24  beta_phi    -2.70539e-03   4.86306e-03   2.19855e-05   8.30537e-02
 EXTERNAL ERROR MATRIX.    NDIM=  25    NPAR=  7    ERR DEF=1
  7.564e-07 -3.442e-08  4.162e-08 -2.822e-08  3.710e-07  6.712e-08 -2.452e-07 
 -3.442e-08  7.582e-07 -1.729e-06 -6.922e-07 -1.764e-07 -6.634e-08 -5.361e-07 
  4.162e-08 -1.729e-06  3.028e+01  6.672e-03 -5.844e-03  3.225e-03 -2.351e-03 
 -2.822e-08 -6.922e-07  6.672e-03  2.771e-05  4.120e-07  1.952e-06 -1.148e-06 
  3.710e-07 -1.764e-07 -5.844e-03  4.120e-07  2.463e-05 -1.426e-06  7.408e-07 
  6.712e-08 -6.634e-08  3.225e-03  1.952e-06 -1.426e-06  2.064e-05 -4.799e-07 
 -2.452e-07 -5.361e-07 -2.351e-03 -1.148e-06  7.408e-07 -4.799e-07  2.365e-05 
 PARAMETER  CORRELATION COEFFICIENTS  
       NO.  GLOBAL      8      9     20     21     22     23     24
        8  0.12090   1.000 -0.045  0.000 -0.006  0.086  0.017 -0.058
        9  0.21188  -0.045  1.000 -0.000 -0.151 -0.041 -0.017 -0.127
       20  0.33926   0.000 -0.000  1.000  0.230 -0.214  0.129 -0.088
       21  0.29091  -0.006 -0.151  0.230  1.000  0.016  0.082 -0.045
       22  0.24570   0.086 -0.041 -0.214  0.016  1.000 -0.063  0.031
       23  0.14729   0.017 -0.017  0.129  0.082 -0.063  1.000 -0.022
       24  0.17402  -0.058 -0.127 -0.088 -0.045  0.031 -0.022  1.000
MINUIT - FIT wiggle + 1-CBO + 2-CBO
 **********
 **   42 **RES 
 **********
                   PARAMETER   16  beta_vw RESTORED TO VARIABLE.
                   PARAMETER   14  alpha_vw RESTORED TO VARIABLE.
                   PARAMETER   13  beta_y RESTORED TO VARIABLE.
                   PARAMETER   11  alpha_y RESTORED TO VARIABLE.
                   PARAMETER   10  beta_2CBO RESTORED TO VARIABLE.
                   PARAMETER    6  alpha_CBO RESTORED TO VARIABLE.
                   PARAMETER    4  phi RESTORED TO VARIABLE.
                   PARAMETER    3  A0 RESTORED TO VARIABLE.
                   PARAMETER    1  N0 RESTORED TO VARIABLE.
 **********
 **   43 **FIX           10
 **********
 **********
 **   44 **FIX           11
 **********
 **********
 **   45 **FIX           12
 **********
 PARAMETER   12  IS CONSTANT.   IGNORED.
 **********
 **   46 **FIX           13
 **********
 **********
 **   47 **FIX           14
 **********
 **********
 **   48 **FIX           15
 **********
 PARAMETER   15  IS CONSTANT.   IGNORED.
 **********
 **   49 **FIX           16
 **********
 **********
 **   50 **MIGRAD
 **********
 START MIGRAD MINIMIZATION.  STRATEGY  1.  CONVERGENCE WHEN EDM .LT. 1.00e-04
 FCN=87.4031 FROM MIGRAD    STATUS=INITIATE       22 CALLS        2253 TOTAL
                     EDM= unknown      STRATEGY= 1      NO ERROR MATRIX       
  EXT PARAMETER               CURRENT GUESS       STEP         FIRST   
  NO.   NAME      VALUE            ERROR          SIZE      DERIVATIVE 
   1  N0           3.54926e+06   2.10531e+03   2.10531e+03   2.32887e-04
   2  tau          6.43775e+01   constant   
   3  A0           3.55865e-01   8.23457e-04   8.23457e-04   1.66356e+03
   4  phi          4.12236e+00   2.57549e-03   2.57549e-03   8.38456e+01
   5  R           -5.99595e+01   constant   
   6  alpha_CBO   -6.53231e-04   8.75663e-04   8.75663e-04   2.59524e+02
   7  w_CBO        2.32500e+00   constant   
   8  beta_CBO    -2.96776e-03   8.69737e-04   3.96364e-06  -3.16549e-01
   9  alpha_2CBO  -1.03373e-03   8.70730e-04   3.90673e-06   3.62604e-01
  10  beta_2CBO    7.33124e-05     fixed    
  11  alpha_y      0.00000e+00     fixed    
  12  w_y          1.44500e+01   constant   
  13  beta_y       4.61674e-04     fixed    
  14  alpha_vw     0.00000e+00     fixed    
  15  w_vw         1.29000e+01   constant   
  16  beta_vw      0.00000e+00     fixed    
  17  LM          -9.22867e-04   constant   
  18  zeta_y       0.00000e+00   constant   
  19  zeta_vw      0.00000e+00   constant   
  20  T_CBO        1.00000e+03   6.41664e+02   9.35519e-02** at limit **
  21  alpha_A0     7.46321e-03   5.26391e-03   2.31214e-05  -1.04535e-01
  22  beta_A0     -6.56145e-03   4.96288e-03   2.20861e-05   2.71468e-02
  23  alpha_phi    3.60792e-03   4.54308e-03   2.06296e-05   7.84397e-02
  24  beta_phi    -2.70539e-03   4.86306e-03   2.19855e-05   8.30538e-02
 MIGRAD MINIMIZATION HAS CONVERGED.
 MIGRAD WILL VERIFY CONVERGENCE AND ERROR MATRIX.
 COVARIANCE MATRIX CALCULATED SUCCESSFULLY
 FCN=86.8299 FROM MIGRAD    STATUS=CONVERGED     218 CALLS        2449 TOTAL
                     EDM=8.49697e-06    STRATEGY= 1      ERROR MATRIX ACCURATE 
  EXT PARAMETER                                   STEP         FIRST   
  NO.   NAME      VALUE            ERROR          SIZE      DERIVATIVE 
   1  N0           3.54882e+06   2.30395e+03   9.20951e+00  -1.75681e-07
   2  tau          6.43775e+01   constant   
   3  A0           3.55266e-01   8.66688e-04   3.75488e-06  -1.07187e+00
   4  phi          4.12200e+00   2.57705e-03   1.12116e-05  -5.84583e-01
   5  R           -5.99595e+01   constant   
   6  alpha_CBO   -7.25847e-04   8.80076e-04   3.87877e-06   3.98029e-01
   7  w_CBO        2.32500e+00   constant   
   8  beta_CBO    -3.12528e-03   8.94512e-04   3.95139e-06   2.07606e-01
   9  alpha_2CBO  -9.98344e-04   8.72824e-04   3.89472e-06   3.26486e-01
  10  beta_2CBO    7.33124e-05     fixed    
  11  alpha_y      0.00000e+00     fixed    
  12  w_y          1.44500e+01   constant   
  13  beta_y       4.61674e-04     fixed    
  14  alpha_vw     0.00000e+00     fixed    
  15  w_vw         1.29000e+01   constant   
  16  beta_vw      0.00000e+00     fixed    
  17  LM          -9.22867e-04   constant   
  18  zeta_y       0.00000e+00   constant   
  19  zeta_vw      0.00000e+00   constant   
  20  T_CBO        1.00000e+03   8.83418e+02   1.25622e-01** at limit **
  21  alpha_A0     7.20594e-03   5.85113e-03   2.30654e-05   2.19654e-01
  22  beta_A0     -7.00259e-03   5.40559e-03   2.20383e-05  -3.00071e-01
  23  alpha_phi    3.32615e-03   4.71230e-03   2.05985e-05   2.27925e-01
  24  beta_phi    -2.50230e-03   5.11903e-03   2.19537e-05  -4.08263e-01
 EXTERNAL ERROR MATRIX.    NDIM=  25    NPAR= 11    ERR DEF=1
  5.308e+06 
 -2.473e-01  7.511e-07 
  4.980e-01  1.040e-07  6.641e-06 
  3.986e-02 -1.104e-08 -5.473e-07  7.745e-07 
  1.299e-01  1.620e-07  1.315e-07  1.752e-08  8.002e-07 
 -3.956e-02 -3.162e-08 -1.104e-07  1.978e-09 -4.462e-08  7.618e-07 
  5.484e-01 -4.020e-07 -3.745e-07  6.885e-08 -7.086e-08 -1.129e-07  4.877e-02 
 -3.224e+00  7.347e-07  4.241e-08  1.657e-07  3.707e-08 -7.015e-07  5.154e-04  3.424e-05 
  3.518e-01  4.343e-07  1.376e-06 -1.541e-07  4.988e-07 -2.178e-07 -5.001e-04 -3.413e-06  2.922e-05 
 -2.079e-01  3.663e-07  1.535e-06 -4.805e-07  1.512e-07 -1.011e-07  2.367e-04  4.113e-06 -2.720e-06  2.221e-05 
  2.762e+00 -6.984e-07  1.146e-06  2.069e-08 -2.881e-07 -5.477e-07 -1.738e-04 -4.543e-06  2.100e-06 -1.273e-06  2.620e-05 
 PARAMETER  CORRELATION COEFFICIENTS  
       NO.  GLOBAL      1      3      4      6      8      9     20     21     22     23     24
        1  0.36361   1.000 -0.124  0.084  0.020  0.063 -0.020  0.001 -0.239  0.028 -0.019  0.234
        3  0.32194  -0.124  1.000  0.047 -0.014  0.209 -0.042 -0.002  0.145  0.093  0.090 -0.157
        4  0.31005   0.084  0.047  1.000 -0.241  0.057 -0.049 -0.001  0.003  0.099  0.126  0.087
        6  0.26907   0.020 -0.014 -0.241  1.000  0.022  0.003  0.000  0.032 -0.032 -0.116  0.005
        8  0.26107   0.063  0.209  0.057  0.022  1.000 -0.057 -0.000  0.007  0.103  0.036 -0.063
        9  0.22169  -0.020 -0.042 -0.049  0.003 -0.057  1.000 -0.001 -0.137 -0.046 -0.025 -0.123
       20  0.58379   0.001 -0.002 -0.001  0.000 -0.000 -0.001  1.000  0.399 -0.419  0.227 -0.154
       21  0.50784  -0.239  0.145  0.003  0.032  0.007 -0.137  0.399  1.000 -0.108  0.149 -0.152
       22  0.45415   0.028  0.093  0.099 -0.032  0.103 -0.046 -0.419 -0.108  1.000 -0.107  0.076
       23  0.29583  -0.019  0.090  0.126 -0.116  0.036 -0.025  0.227  0.149 -0.107  1.000 -0.053
       24  0.34881   0.234 -0.157  0.087  0.005 -0.063 -0.123 -0.154 -0.152  0.076 -0.053  1.000
MINUIT - FIT ONLY 1-y
 **********
 **   51 **RES 
 **********
                   PARAMETER   16  beta_vw RESTORED TO VARIABLE.
                   PARAMETER   14  alpha_vw RESTORED TO VARIABLE.
                   PARAMETER   13  beta_y RESTORED TO VARIABLE.
                   PARAMETER   11  alpha_y RESTORED TO VARIABLE.
                   PARAMETER   10  beta_2CBO RESTORED TO VARIABLE.
 **********
 **   52 **FIX            0
 **********
 PARAMETER    0  IS UNDEFINED. IGNORED.
 **********
 **   53 **FIX            1
 **********
 **********
 **   54 **FIX            2
 **********
 PARAMETER    2  IS CONSTANT.   IGNORED.
 **********
 **   55 **FIX            3
 **********
 **********
 **   56 **FIX            4
 **********
 **********
 **   57 **FIX            5
 **********
 PARAMETER    5  IS CONSTANT.   IGNORED.
 **********
 **   58 **FIX            6
 **********
 **********
 **   59 **FIX            7
 **********
 PARAMETER    7  IS CONSTANT.   IGNORED.
 **********
 **   60 **FIX            8
 **********
 **********
 **   61 **FIX            9
 **********
 **********
 **   62 **FIX           13
 **********
 **********
 **   63 **FIX           14
 **********
 **********
 **   64 **FIX           15
 **********
 PARAMETER   15  IS CONSTANT.   IGNORED.
 **********
 **   65 **FIX           16
 **********
 **********
 **   66 **MIGRAD
 **********
 START MIGRAD MINIMIZATION.  STRATEGY  1.  CONVERGENCE WHEN EDM .LT. 1.00e-04
 FCN=86.8299 FROM MIGRAD    STATUS=INITIATE       16 CALLS        2465 TOTAL
                     EDM= unknown      STRATEGY= 1      NO ERROR MATRIX       
  EXT PARAMETER               CURRENT GUESS       STEP         FIRST   
  NO.   NAME      VALUE            ERROR          SIZE      DERIVATIVE 
   1  N0           3.54882e+06     fixed    
   2  tau          6.43775e+01   constant   
   3  A0           3.55266e-01     fixed    
   4  phi          4.12200e+00     fixed    
   5  R           -5.99595e+01   constant   
   6  alpha_CBO   -7.25847e-04     fixed    
   7  w_CBO        2.32500e+00   constant   
   8  beta_CBO    -3.12528e-03     fixed    
   9  alpha_2CBO  -9.98344e-04     fixed    
  10  beta_2CBO    7.33124e-05   8.61325e-04   8.61325e-04   4.36887e+02
  11  alpha_y      0.00000e+00   1.00000e-03   1.00000e-03   4.94616e+02
  12  w_y          1.44500e+01   constant   
  13  beta_y       4.61674e-04     fixed    
  14  alpha_vw     0.00000e+00     fixed    
  15  w_vw         1.29000e+01   constant   
  16  beta_vw      0.00000e+00     fixed    
  17  LM          -9.22867e-04   constant   
  18  zeta_y       0.00000e+00   constant   
  19  zeta_vw      0.00000e+00   constant   
  20  T_CBO        9.99999e+02   8.83418e+02   1.25622e-01  -5.29786e-06
  21  alpha_A0     7.20594e-03   5.85113e-03   2.30654e-05   2.19463e-01
  22  beta_A0     -7.00259e-03   5.40559e-03   2.20383e-05  -2.99860e-01
  23  alpha_phi    3.32615e-03   4.71230e-03   2.05985e-05   2.27837e-01
  24  beta_phi    -2.50230e-03   5.11903e-03   2.19537e-05  -4.08205e-01
 MIGRAD MINIMIZATION HAS CONVERGED.
 MIGRAD WILL VERIFY CONVERGENCE AND ERROR MATRIX.
 COVARIANCE MATRIX CALCULATED SUCCESSFULLY
 FCN=86.7463 FROM MIGRAD    STATUS=CONVERGED     114 CALLS        2563 TOTAL
                     EDM=1.25537e-07    STRATEGY= 1      ERROR MATRIX ACCURATE 
  EXT PARAMETER                                   STEP         FIRST   
  NO.   NAME      VALUE            ERROR          SIZE      DERIVATIVE 
   1  N0           3.54882e+06     fixed    
   2  tau          6.43775e+01   constant   
   3  A0           3.55266e-01     fixed    
   4  phi          4.12200e+00     fixed    
   5  R           -5.99595e+01   constant   
   6  alpha_CBO   -7.25847e-04     fixed    
   7  w_CBO        2.32500e+00   constant   
   8  beta_CBO    -3.12528e-03     fixed    
   9  alpha_2CBO  -9.98344e-04     fixed    
  10  beta_2CBO   -9.97337e-05   8.83213e-04   3.93285e-06   1.32568e-01
  11  alpha_y     -1.85258e-04   8.59952e-04   3.93190e-06  -3.76788e-01
  12  w_y          1.44500e+01   constant   
  13  beta_y       4.61674e-04     fixed    
  14  alpha_vw     0.00000e+00     fixed    
  15  w_vw         1.29000e+01   constant   
  16  beta_vw      0.00000e+00     fixed    
  17  LM          -9.22867e-04   constant   
  18  zeta_y       0.00000e+00   constant   
  19  zeta_vw      0.00000e+00   constant   
  20  T_CBO        1.00000e+03   5.21230e+02   1.05192e-01** at limit **
  21  alpha_A0     7.16118e-03   5.31704e-03   2.30546e-05  -1.34051e-03
  22  beta_A0     -6.81622e-03   5.14364e-03   2.20272e-05  -5.29222e-02
  23  alpha_phi    3.17586e-03   4.61812e-03   2.05888e-05  -5.30662e-02
  24  beta_phi    -2.50864e-03   4.83508e-03   2.19435e-05  -2.21480e-02
 EXTERNAL ERROR MATRIX.    NDIM=  25    NPAR=  7    ERR DEF=1
  7.801e-07  1.013e-08 -7.655e-07  1.241e-07 -7.788e-07  5.997e-07  1.864e-08 
  1.013e-08  7.395e-07  1.090e-07  5.900e-08 -5.336e-08  6.475e-08  2.784e-08 
 -7.655e-07  1.090e-07  1.152e+02  1.731e-02 -1.642e-02  7.633e-03 -5.895e-03 
  1.241e-07  5.900e-08  1.731e-02  2.827e-05 -1.025e-06  2.437e-06 -2.022e-06 
 -7.788e-07 -5.336e-08 -1.642e-02 -1.025e-06  2.646e-05 -2.541e-06  1.117e-06 
  5.997e-07  6.475e-08  7.633e-03  2.437e-06 -2.541e-06  2.133e-05 -6.248e-07 
  1.864e-08  2.784e-08 -5.895e-03 -2.022e-06  1.117e-06 -6.248e-07  2.338e-05 
 PARAMETER  CORRELATION COEFFICIENTS  
       NO.  GLOBAL     10     11     20     21     22     23     24
       10  0.22848   1.000  0.013 -0.000  0.026 -0.171  0.147  0.004
       11  0.02682   0.013  1.000  0.000  0.013 -0.012  0.016  0.007
       20  0.44019  -0.000  0.000  1.000  0.303 -0.297  0.154 -0.114
       21  0.31831   0.026  0.013  0.303  1.000 -0.037  0.099 -0.079
       22  0.35127  -0.171 -0.012 -0.297 -0.037  1.000 -0.107  0.045
       23  0.22342   0.147  0.016  0.154  0.099 -0.107  1.000 -0.028
       24  0.12433   0.004  0.007 -0.114 -0.079  0.045 -0.028  1.000
MINUIT - FIT ONLY 2-y
 **********
 **   67 **RES 
 **********
                   PARAMETER   16  beta_vw RESTORED TO VARIABLE.
                   PARAMETER   14  alpha_vw RESTORED TO VARIABLE.
                   PARAMETER   13  beta_y RESTORED TO VARIABLE.
                   PARAMETER    9  alpha_2CBO RESTORED TO VARIABLE.
                   PARAMETER    8  beta_CBO RESTORED TO VARIABLE.
                   PARAMETER    6  alpha_CBO RESTORED TO VARIABLE.
                   PARAMETER    4  phi RESTORED TO VARIABLE.
                   PARAMETER    3  A0 RESTORED TO VARIABLE.
                   PARAMETER    1  N0 RESTORED TO VARIABLE.
 **********
 **   68 **FIX            0
 **********
 PARAMETER    0  IS UNDEFINED. IGNORED.
 **********
 **   69 **FIX            1
 **********
 **********
 **   70 **FIX            2
 **********
 PARAMETER    2  IS CONSTANT.   IGNORED.
 **********
 **   71 **FIX            3
 **********
 **********
 **   72 **FIX            4
 **********
 **********
 **   73 **FIX            5
 **********
 PARAMETER    5  IS CONSTANT.   IGNORED.
 **********
 **   74 **FIX            6
 **********
 **********
 **   75 **FIX            7
 **********
 PARAMETER    7  IS CONSTANT.   IGNORED.
 **********
 **   76 **FIX            8
 **********
 **********
 **   77 **FIX            9
 **********
 **********
 **   78 **FIX           10
 **********
 **********
 **   79 **FIX           11
 **********
 **********
 **   80 **FIX           12
 **********
 PARAMETER   12  IS CONSTANT.   IGNORED.
 **********
 **   81 **FIX           16
 **********
 **********
 **   82 **MIGRAD
 **********
 START MIGRAD MINIMIZATION.  STRATEGY  1.  CONVERGENCE WHEN EDM .LT. 1.00e-04
 FCN=86.7463 FROM MIGRAD    STATUS=INITIATE       16 CALLS        2579 TOTAL
                     EDM= unknown      STRATEGY= 1      NO ERROR MATRIX       
  EXT PARAMETER               CURRENT GUESS       STEP         FIRST   
  NO.   NAME      VALUE            ERROR          SIZE      DERIVATIVE 
   1  N0           3.54882e+06     fixed    
   2  tau          6.43775e+01   constant   
   3  A0           3.55266e-01     fixed    
   4  phi          4.12200e+00     fixed    
   5  R           -5.99595e+01   constant   
   6  alpha_CBO   -7.25847e-04     fixed    
   7  w_CBO        2.32500e+00   constant   
   8  beta_CBO    -3.12528e-03     fixed    
   9  alpha_2CBO  -9.98344e-04     fixed    
  10  beta_2CBO   -9.97337e-05     fixed    
  11  alpha_y     -1.85258e-04     fixed    
  12  w_y          1.44500e+01   constant   
  13  beta_y       4.61674e-04   8.51717e-04   8.51717e-04  -6.09572e+01
  14  alpha_vw     0.00000e+00   1.00000e-03   1.00000e-03  -2.32217e+03
  15  w_vw         1.29000e+01   constant   
  16  beta_vw      0.00000e+00     fixed    
  17  LM          -9.22867e-04   constant   
  18  zeta_y       0.00000e+00   constant   
  19  zeta_vw      0.00000e+00   constant   
  20  T_CBO        1.00000e+03   5.21230e+02   1.05192e-01** at limit **
  21  alpha_A0     7.16118e-03   5.31704e-03   2.30546e-05  -1.34069e-03
  22  beta_A0     -6.81622e-03   5.14364e-03   2.20272e-05  -5.29172e-02
  23  alpha_phi    3.17586e-03   4.61812e-03   2.05888e-05  -5.30661e-02
  24  beta_phi    -2.50864e-03   4.83508e-03   2.19435e-05  -2.21480e-02
 MIGRAD MINIMIZATION HAS CONVERGED.
 MIGRAD WILL VERIFY CONVERGENCE AND ERROR MATRIX.
 COVARIANCE MATRIX CALCULATED SUCCESSFULLY
 FCN=85.6924 FROM MIGRAD    STATUS=CONVERGED     114 CALLS        2677 TOTAL
                     EDM=4.0482e-07    STRATEGY= 1      ERROR MATRIX ACCURATE 
  EXT PARAMETER                                   STEP         FIRST   
  NO.   NAME      VALUE            ERROR          SIZE      DERIVATIVE 
   1  N0           3.54882e+06     fixed    
   2  tau          6.43775e+01   constant   
   3  A0           3.55266e-01     fixed    
   4  phi          4.12200e+00     fixed    
   5  R           -5.99595e+01   constant   
   6  alpha_CBO   -7.25847e-04     fixed    
   7  w_CBO        2.32500e+00   constant   
   8  beta_CBO    -3.12528e-03     fixed    
   9  alpha_2CBO  -9.98344e-04     fixed    
  10  beta_2CBO   -9.97337e-05     fixed    
  11  alpha_y     -1.85258e-04     fixed    
  12  w_y          1.44500e+01   constant   
  13  beta_y       6.79724e-04   8.72457e-04   3.86886e-06   4.49779e-02
  14  alpha_vw     9.01969e-04   8.78872e-04   3.89741e-06   2.72625e-02
  15  w_vw         1.29000e+01   constant   
  16  beta_vw      0.00000e+00     fixed    
  17  LM          -9.22867e-04   constant   
  18  zeta_y       0.00000e+00   constant   
  19  zeta_vw      0.00000e+00   constant   
  20  T_CBO        1.00000e+03   7.94007e+02   1.00716e-01** at limit **
  21  alpha_A0     7.22768e-03   5.28099e-03   2.29149e-05  -1.51752e-01
  22  beta_A0     -6.68067e-03   5.02705e-03   2.18937e-05  -6.06300e-02
  23  alpha_phi    3.23259e-03   4.56103e-03   2.04650e-05   7.33165e-02
  24  beta_phi    -2.47088e-03   4.82956e-03   2.18115e-05   5.77211e-03
 EXTERNAL ERROR MATRIX.    NDIM=  25    NPAR=  7    ERR DEF=1
  7.612e-07  1.678e-07 -4.266e-08  2.902e-08  1.368e-07  7.637e-09  2.267e-08 
  1.678e-07  7.724e-07 -6.385e-08  5.722e-08  1.135e-07  4.745e-08  3.223e-08 
 -4.266e-08 -6.385e-08  4.949e-01  1.053e-03 -9.704e-04  4.685e-04 -3.500e-04 
  2.902e-08  5.722e-08  1.053e-03  2.789e-05 -4.847e-07  2.193e-06 -1.882e-06 
  1.368e-07  1.135e-07 -9.704e-04 -4.847e-07  2.527e-05 -1.763e-06  9.933e-07 
  7.637e-09  4.745e-08  4.685e-04  2.193e-06 -1.763e-06  2.080e-05 -5.797e-07 
  2.267e-08  3.223e-08 -3.500e-04 -1.882e-06  9.933e-07 -5.797e-07  2.332e-05 
 PARAMETER  CORRELATION COEFFICIENTS  
       NO.  GLOBAL     13     14     20     21     22     23     24
       13  0.22048   1.000  0.219 -0.000  0.006  0.031  0.002  0.005
       14  0.22037   0.219  1.000 -0.000  0.012  0.026  0.012  0.008
       20  0.40976  -0.000 -0.000  1.000  0.283 -0.274  0.146 -0.103
       21  0.29846   0.006  0.012  0.283  1.000 -0.018  0.091 -0.074
       22  0.28692   0.031  0.026 -0.274 -0.018  1.000 -0.077  0.041
       23  0.16111   0.002  0.012  0.146  0.091 -0.077  1.000 -0.026
       24  0.11480   0.005  0.008 -0.103 -0.074  0.041 -0.026  1.000
