 + ++++++++++++++++++++++++++++++++++++++++++++++++++++++++++++++++++++ +
 +                                                                      +
 +           You have chose to blind your fitting according to          +
 +                omega_ref * (1 + (R +/- deltaR) *10^{-6})             +
 +                                                                      +
 + ++++++++++++++++++++++++++++++++++++++++++++++++++++++++++++++++++++ +
In main()...
reading format from /gm2data/zkhechad/run45/envelope/formats/formatB_sBin_constraintOn.txt
pBinTau 	= 0  
pBinPhi 	= 0  
constraintau 	= 1 
includeMopTerm 	= 0    
constrainMop    = 0   
Parameters after format file: pBinTau 0 pBinPhi 0 constraintau 1 includeMopTerm 0 constrainMop 0 c_e_scale 0.000000 
Opening file /gm2data/tbarrett/gm2fr/studies/run23_bunch_corrections/CorrectedFourier_Run3b.root.
reading full fit data from /gm2data/zkhechad/cboTemplates/Run4CBOTemplates/fullFits/noRF/sBin_constraintOn_cE0.0_seed0_noRF_calo21.root
windowBins = 69
fitting sliding window 2450 from bin 2586 at 385.682000 to bin 2655 at 396.126000 (69 bins)

Reading data from /gm2data/cornell/histograms/aMethod/histogram_a_noRF.root
 **********
 **    1 **SET PRINTOUT            1
 **********
 **********
 **    2 **SET NOWARNINGS 
 **********
 PARAMETER DEFINITIONS:
    NO.   NAME         VALUE      STEP SIZE      LIMITS
     1 N0           2.83609e+06  1.00000e+02     no limits
     2 tau          6.44055e+01  constant
     3 A0           3.54106e-01  1.00000e-04     no limits
     4 phi          4.11637e+00  1.00000e-02     no limits
     5 R           -5.93657e+01  constant
     6 alpha_CBO    0.00000e+00  1.00000e-03     no limits
     7 w_CBO        2.32500e+00  constant
     8 beta_CBO     0.00000e+00  1.00000e-03     no limits
     9 alpha_2CBO   0.00000e+00  1.00000e-03     no limits
    10 beta_2CBO    0.00000e+00  1.00000e-03     no limits
    11 alpha_y      0.00000e+00  1.00000e-03     no limits
    12 w_y          1.38860e+01  constant
    13 beta_y       0.00000e+00  1.00000e-03     no limits
    14 alpha_vw     0.00000e+00  1.00000e-03     no limits
    15 w_vw         1.43404e+01  constant
    16 beta_vw      0.00000e+00  1.00000e-03     no limits
    17 LM           6.62355e-05  constant
    18 zeta_y       0.00000e+00  constant
    19 zeta_vw      0.00000e+00  constant
    20 T_CBO        1.00000e+02  1.00000e+00    0.00000e+00  1.00000e+03
    21 alpha_A0     0.00000e+00  1.00000e-04   -1.00000e-02  1.00000e-02
    22 beta_A0      0.00000e+00  1.00000e-04   -1.00000e-02  1.00000e-02
    23 alpha_phi    0.00000e+00  1.00000e-04   -1.00000e-02  1.00000e-02
    24 beta_phi     0.00000e+00  1.00000e-04   -1.00000e-02  1.00000e-02
MINUIT - FIT ONLY WIGGLE
 **********
 **    3 **FIX            5
 **********
 PARAMETER    5  IS CONSTANT.   IGNORED.
 **********
 **    4 **FIX            6
 **********
 **********
 **    5 **FIX            7
 **********
 PARAMETER    7  IS CONSTANT.   IGNORED.
 **********
 **    6 **FIX            8
 **********
 **********
 **    7 **FIX            9
 **********
 **********
 **    8 **FIX           10
 **********
 **********
 **    9 **FIX           11
 **********
 **********
 **   10 **FIX           12
 **********
 PARAMETER   12  IS CONSTANT.   IGNORED.
 **********
 **   11 **FIX           13
 **********
 **********
 **   12 **FIX           14
 **********
 **********
 **   13 **FIX           15
 **********
 PARAMETER   15  IS CONSTANT.   IGNORED.
 **********
 **   14 **FIX           16
 **********
 **********
 **   15 **MIGRAD
 **********
 FIRST CALL TO USER FUNCTION AT NEW START POINT, WITH IFLAG=4.
 START MIGRAD MINIMIZATION.  STRATEGY  1.  CONVERGENCE WHEN EDM .LT. 1.00e-04
 FCN=71.4919 FROM MIGRAD    STATUS=INITIATE      437 CALLS         438 TOTAL
                     EDM= unknown      STRATEGY= 1      NO ERROR MATRIX       
  EXT PARAMETER               CURRENT GUESS       STEP         FIRST   
  NO.   NAME      VALUE            ERROR          SIZE      DERIVATIVE 
   1  N0           2.83609e+06   1.00000e+02   0.00000e+00  -5.32085e-04
   2  tau          6.44055e+01   constant   
   3  A0           3.54106e-01   1.00000e-04   0.00000e+00   1.52761e+03
   4  phi          4.11637e+00   1.00000e-02   0.00000e+00   3.79216e+02
   5  R           -5.93657e+01   constant   
   6  alpha_CBO    0.00000e+00     fixed    
   7  w_CBO        2.32500e+00   constant   
   8  beta_CBO     0.00000e+00     fixed    
   9  alpha_2CBO   0.00000e+00     fixed    
  10  beta_2CBO    0.00000e+00     fixed    
  11  alpha_y      0.00000e+00     fixed    
  12  w_y          1.38860e+01   constant   
  13  beta_y       0.00000e+00     fixed    
  14  alpha_vw     0.00000e+00     fixed    
  15  w_vw         1.43404e+01   constant   
  16  beta_vw      0.00000e+00     fixed    
  17  LM           6.62355e-05   constant   
  18  zeta_y       0.00000e+00   constant   
  19  zeta_vw      0.00000e+00   constant   
  20  T_CBO        1.00000e+02   1.00000e+00   0.00000e+00   0.00000e+00
  21  alpha_A0     0.00000e+00   1.00000e-04   0.00000e+00   8.13555e-02
  22  beta_A0      0.00000e+00   1.00000e-04   0.00000e+00   1.15277e-01
  23  alpha_phi    0.00000e+00   1.00000e-04   0.00000e+00   1.34243e-01
  24  beta_phi     0.00000e+00   1.00000e-04   0.00000e+00  -5.54988e-02
 MIGRAD MINIMIZATION HAS CONVERGED.
 FCN=64.6348 FROM MIGRAD    STATUS=CONVERGED     880 CALLS         881 TOTAL
                     EDM=1.62628e-06    STRATEGY= 1  ERROR MATRIX UNCERTAINTY   1.1 per cent
  EXT PARAMETER                                   STEP         FIRST   
  NO.   NAME      VALUE            ERROR          SIZE      DERIVATIVE 
   1  N0           2.83662e+06   2.55281e+03  -4.06283e+00  -3.76408e-07
   2  tau          6.44055e+01   constant   
   3  A0           3.53589e-01   1.19367e-03   6.05162e-07  -9.22459e-01
   4  phi          4.11453e+00   3.41941e-03   5.47170e-06   4.33170e-02
   5  R           -5.93657e+01   constant   
   6  alpha_CBO    0.00000e+00     fixed    
   7  w_CBO        2.32500e+00   constant   
   8  beta_CBO     0.00000e+00     fixed    
   9  alpha_2CBO   0.00000e+00     fixed    
  10  beta_2CBO    0.00000e+00     fixed    
  11  alpha_y      0.00000e+00     fixed    
  12  w_y          1.38860e+01   constant   
  13  beta_y       0.00000e+00     fixed    
  14  alpha_vw     0.00000e+00     fixed    
  15  w_vw         1.43404e+01   constant   
  16  beta_vw      0.00000e+00     fixed    
  17  LM           6.62355e-05   constant   
  18  zeta_y       0.00000e+00   constant   
  19  zeta_vw      0.00000e+00   constant   
  20  T_CBO        9.99999e+02   6.79014e+02  -2.80668e-02   6.07730e-05
  21  alpha_A0    -8.56237e-03   1.21140e-02   1.38657e-03  -8.11880e-05
  22  beta_A0     -9.86317e-03   1.96946e-02  -1.75480e-02   4.85500e-04
  23  alpha_phi   -9.99997e-03   1.99680e-02  -1.22756e-02  -4.30959e-04
  24  beta_phi     5.61992e-03   6.51313e-03  -4.05752e-04  -6.68290e-05
 EXTERNAL ERROR MATRIX.    NDIM=  25    NPAR=  8    ERR DEF=1
  6.517e+06 -4.150e-01  7.908e-01  3.027e+02  5.701e+00  1.810e-01 -1.008e-03  4.534e+00 
 -4.150e-01  1.425e-06  8.886e-08 -3.099e-04 -1.359e-06 -2.456e-07 -3.835e-09 -1.074e-06 
  7.908e-01  8.886e-08  1.169e-05 -2.903e-04  8.555e-07 -6.667e-07  1.270e-09  2.745e-06 
  3.027e+02 -3.099e-04 -2.903e-04  1.976e+01  1.004e-02  1.917e-02  3.865e-05  2.496e-03 
  5.701e+00 -1.359e-06  8.555e-07  1.004e-02  7.401e-05 -1.773e-06  1.567e-08  8.425e-06 
  1.810e-01 -2.456e-07 -6.667e-07  1.917e-02 -1.773e-06  2.443e-05 -6.354e-09 -5.885e-07 
 -1.008e-03 -3.835e-09  1.270e-09  3.865e-05  1.567e-08 -6.354e-09  6.008e-09 -2.484e-09 
  4.534e+00 -1.074e-06  2.745e-06  2.496e-03  8.425e-06 -5.885e-07 -2.484e-09  5.624e-05 
 PARAMETER  CORRELATION COEFFICIENTS  
       NO.  GLOBAL      1      3      4     20     21     22     23     24
        1  0.39866   1.000 -0.136  0.091  0.027  0.260  0.014 -0.005  0.237
        3  0.21107  -0.136  1.000  0.022 -0.058 -0.132 -0.042 -0.041 -0.120
        4  0.13954   0.091  0.022  1.000 -0.019  0.029 -0.039  0.005  0.107
       20  0.93483   0.027 -0.058 -0.019  1.000  0.263  0.872  0.112  0.075
       21  0.68002   0.260 -0.132  0.029  0.263  1.000 -0.042  0.023  0.131
       22  0.92897   0.014 -0.042 -0.039  0.872 -0.042  1.000 -0.017 -0.016
       23  0.32455  -0.005 -0.041  0.005  0.112  0.023 -0.017  1.000 -0.004
       24  0.32870   0.237 -0.120  0.107  0.075  0.131 -0.016 -0.004  1.000
MINUIT - FIT ONLY 1-CBO + wiggle
 **********
 **   16 **RES 
 **********
                   PARAMETER   16  beta_vw RESTORED TO VARIABLE.
                   PARAMETER   14  alpha_vw RESTORED TO VARIABLE.
                   PARAMETER   13  beta_y RESTORED TO VARIABLE.
                   PARAMETER   11  alpha_y RESTORED TO VARIABLE.
                   PARAMETER   10  beta_2CBO RESTORED TO VARIABLE.
                   PARAMETER    9  alpha_2CBO RESTORED TO VARIABLE.
                   PARAMETER    8  beta_CBO RESTORED TO VARIABLE.
                   PARAMETER    6  alpha_CBO RESTORED TO VARIABLE.
 **********
 **   17 **FIX            8
 **********
 **********
 **   18 **FIX            9
 **********
 **********
 **   19 **FIX           11
 **********
 **********
 **   20 **FIX           12
 **********
 PARAMETER   12  IS CONSTANT.   IGNORED.
 **********
 **   21 **FIX           14
 **********
 **********
 **   22 **FIX           15
 **********
 PARAMETER   15  IS CONSTANT.   IGNORED.
 **********
 **   23 **FIX           16
 **********
 **********
 **   24 **MIGRAD
 **********
 START MIGRAD MINIMIZATION.  STRATEGY  1.  CONVERGENCE WHEN EDM .LT. 1.00e-04
 FCN=64.6348 FROM MIGRAD    STATUS=INITIATE       28 CALLS         909 TOTAL
                     EDM= unknown      STRATEGY= 1      NO ERROR MATRIX       
  EXT PARAMETER               CURRENT GUESS       STEP         FIRST   
  NO.   NAME      VALUE            ERROR          SIZE      DERIVATIVE 
   1  N0           2.83662e+06   2.55281e+03  -4.06283e+00  -3.76408e-07
   2  tau          6.44055e+01   constant   
   3  A0           3.53589e-01   1.19367e-03   6.05162e-07  -9.22459e-01
   4  phi          4.11453e+00   3.41941e-03   5.47170e-06   4.33170e-02
   5  R           -5.93657e+01   constant   
   6  alpha_CBO    0.00000e+00   1.00000e-03   1.00000e-03   2.72730e+03
   7  w_CBO        2.32500e+00   constant   
   8  beta_CBO     0.00000e+00     fixed    
   9  alpha_2CBO   0.00000e+00     fixed    
  10  beta_2CBO    0.00000e+00   1.00000e-03   1.00000e-03   7.93682e+02
  11  alpha_y      0.00000e+00     fixed    
  12  w_y          1.38860e+01   constant   
  13  beta_y       0.00000e+00   1.00000e-03   1.00000e-03   1.47158e+03
  14  alpha_vw     0.00000e+00     fixed    
  15  w_vw         1.43404e+01   constant   
  16  beta_vw      0.00000e+00     fixed    
  17  LM           6.62355e-05   constant   
  18  zeta_y       0.00000e+00   constant   
  19  zeta_vw      0.00000e+00   constant   
  20  T_CBO        9.99999e+02   6.79014e+02  -2.80668e-02  -6.07932e-05
  21  alpha_A0    -8.56237e-03   1.21140e-02   1.38657e-03  -8.14239e-05
  22  beta_A0     -9.86317e-03   1.96946e-02  -1.75480e-02   5.07964e-04
  23  alpha_phi   -9.99997e-03   1.99680e-02  -1.22756e-02   4.30963e-04
  24  beta_phi     5.61992e-03   6.51313e-03  -4.05752e-04   6.68233e-05
 MIGRAD FAILS TO FIND IMPROVEMENT
 COVARIANCE MATRIX CALCULATED SUCCESSFULLY
 FCN=60.7695 FROM HESSE     STATUS=OK            102 CALLS        1189 TOTAL
                     EDM=0.00380444    STRATEGY= 1      ERROR MATRIX ACCURATE 
  EXT PARAMETER                                   STEP         FIRST   
  NO.   NAME      VALUE            ERROR          SIZE      DERIVATIVE 
   1  N0           2.83650e+06   1.36143e+00   8.68888e+00  -2.98601e-05
   2  tau          6.44055e+01   constant   
   3  A0           3.53534e-01   1.19782e-03   4.55601e-06   1.49680e+01
   4  phi          4.11332e+00   3.57650e-03   1.32877e-05   1.26139e+01
   5  R           -5.93657e+01   constant   
   6  alpha_CBO   -2.07730e-03   1.26393e-03   4.70346e-06   5.49425e+01
   7  w_CBO        2.32500e+00   constant   
   8  beta_CBO     0.00000e+00     fixed    
   9  alpha_2CBO   0.00000e+00     fixed    
  10  beta_2CBO   -4.31424e-04   1.24775e-03   4.74160e-06   3.71178e+01
  11  alpha_y      0.00000e+00     fixed    
  12  w_y          1.38860e+01   constant   
  13  beta_y      -1.10536e-03   1.23789e-03   4.74897e-06  -1.76878e+01
  14  alpha_vw     0.00000e+00     fixed    
  15  w_vw         1.43404e+01   constant   
  16  beta_vw      0.00000e+00     fixed    
  17  LM           6.62355e-05   constant   
  18  zeta_y       0.00000e+00   constant   
  19  zeta_vw      0.00000e+00   constant   
  20  T_CBO        9.88613e+02   6.42154e+02   1.12530e-01  -3.61444e-03
  21  alpha_A0    -9.92283e-03   1.35821e-02   1.92736e-02  -1.67889e-02
  22  beta_A0     -9.90619e-03   1.27804e-02   1.25050e-02   1.56133e-02
  23  alpha_phi   -9.20584e-03   1.43394e-02   7.98634e-03   3.26498e-02
  24  beta_phi     5.49494e-03   5.57943e-03   3.31586e-03  -4.75792e-02
 MIGRAD MINIMIZATION HAS CONVERGED.
 MIGRAD WILL VERIFY CONVERGENCE AND ERROR MATRIX.
 COVARIANCE MATRIX CALCULATED SUCCESSFULLY
 MIGRAD TERMINATED WITHOUT CONVERGENCE.
 FCN=60.7611 FROM MIGRAD    STATUS=FAILED        613 CALLS        1494 TOTAL
                     EDM=0.00463733    STRATEGY= 1      ERR MATRIX APPROXIMATE
  EXT PARAMETER                APPROXIMATE        STEP         FIRST   
  NO.   NAME      VALUE            ERROR          SIZE      DERIVATIVE 
   1  N0           2.83650e+06   2.63991e+03   8.68828e+00  -3.53815e-05
   2  tau          6.44055e+01   constant   
   3  A0           3.53511e-01   1.22336e-03   4.55556e-06   2.25192e-02
   4  phi          4.11320e+00   3.62271e-03   1.32882e-05  -1.21068e-01
   5  R           -5.93657e+01   constant   
   6  alpha_CBO   -2.12461e-03   1.27132e-03   4.70333e-06  -6.65379e-01
   7  w_CBO        2.32500e+00   constant   
   8  beta_CBO     0.00000e+00     fixed    
   9  alpha_2CBO   0.00000e+00     fixed    
  10  beta_2CBO   -4.68244e-04   1.26511e-03   4.74144e-06  -1.93281e-01
  11  alpha_y      0.00000e+00     fixed    
  12  w_y          1.38860e+01   constant   
  13  beta_y      -1.09227e-03   1.23829e-03   4.74880e-06   2.96273e-01
  14  alpha_vw     0.00000e+00     fixed    
  15  w_vw         1.43404e+01   constant   
  16  beta_vw      0.00000e+00     fixed    
  17  LM           6.62355e-05   constant   
  18  zeta_y       0.00000e+00   constant   
  19  zeta_vw      0.00000e+00   constant   
  20  T_CBO        9.93740e+02   5.52863e+02   3.80564e-02   1.42803e-03
  21  alpha_A0    -9.51983e-03   1.90441e-02   9.48300e-03  -6.94942e-04
  22  beta_A0     -9.99697e-03   1.14200e-02   2.10340e-02  -1.57623e-03
  23  alpha_phi   -8.86784e-03   1.76876e-02   5.74831e-03   6.41195e-05
  24  beta_phi     5.61620e-03   6.76778e-03   3.34096e-03  -3.91192e-04
 EXTERNAL ERROR MATRIX.    NDIM=  25    NPAR= 11    ERR DEF=1
  6.969e+06 
 -3.644e-01  1.497e-06 
  1.125e+00  1.590e-07  1.312e-05 
 -6.801e-02  4.769e-08  1.047e-06  1.616e-06 
  1.452e-01  6.191e-08 -1.389e-07 -1.247e-07  1.601e-06 
  5.077e-02  8.059e-09 -3.990e-08 -3.067e-08  1.612e-08  1.533e-06 
 -1.212e+04 -7.188e-02 -1.398e-01 -3.617e-02  1.427e-01  1.867e-02  1.118e+06 
  5.353e+00 -1.118e-06  1.625e-06  8.470e-07 -8.653e-07 -1.294e-07 -4.429e+00  7.943e-05 
 -2.588e-03  1.032e-08  1.264e-08  3.785e-09 -1.809e-08 -2.382e-09  9.696e-02 -4.829e-07  1.825e-06 
 -8.700e-01  9.615e-07  2.207e-06  5.816e-07  1.916e-06  1.997e-07  4.530e+00 -2.420e-05  3.675e-07  6.913e-05 
 -4.945e+00  9.884e-07 -3.322e-06 -2.898e-08  4.390e-07  4.608e-08  2.690e+00 -1.680e-05  2.510e-07  1.312e-05  6.281e-05 
ERR MATRIX APPROXIMATE
 PARAMETER  CORRELATION COEFFICIENTS  
       NO.  GLOBAL      1      3      4      6     10     13     20     21     22     23     24
        1  0.36299   1.000 -0.113  0.118 -0.020  0.043  0.016 -0.004  0.228 -0.001 -0.040 -0.236
        3  0.24143  -0.113  1.000  0.036  0.031  0.040  0.005 -0.056 -0.103  0.006  0.095  0.102
        4  0.29375   0.118  0.036  1.000  0.227 -0.030 -0.009 -0.037  0.050  0.003  0.073 -0.116
        6  0.26553  -0.020  0.031  0.227  1.000 -0.078 -0.019 -0.027  0.075  0.002  0.055 -0.003
       10  0.21468   0.043  0.040 -0.030 -0.078  1.000  0.010  0.107 -0.077 -0.011  0.182  0.044
       13  0.03504   0.016  0.005 -0.009 -0.019  0.010  1.000  0.014 -0.012 -0.001  0.019  0.005
       20  0.65650  -0.004 -0.056 -0.037 -0.027  0.107  0.014  1.000 -0.470  0.068  0.515  0.321
       21  0.54290   0.228 -0.103  0.050  0.075 -0.077 -0.012 -0.470  1.000 -0.040 -0.327 -0.238
       22  0.07188  -0.001  0.006  0.003  0.002 -0.011 -0.001  0.068 -0.040  1.000  0.033  0.023
       23  0.56120  -0.040  0.095  0.073  0.055  0.182  0.019  0.515 -0.327  0.033  1.000  0.199
       24  0.41882  -0.236  0.102 -0.116 -0.003  0.044  0.005  0.321 -0.238  0.023  0.199  1.000
 ERR MATRIX APPROXIMATE
MINUIT - FIT ONLY 2-CBO
 **********
 **   25 **RES 
 **********
                   PARAMETER   16  beta_vw RESTORED TO VARIABLE.
                   PARAMETER   14  alpha_vw RESTORED TO VARIABLE.
                   PARAMETER   11  alpha_y RESTORED TO VARIABLE.
                   PARAMETER    9  alpha_2CBO RESTORED TO VARIABLE.
                   PARAMETER    8  beta_CBO RESTORED TO VARIABLE.
 **********
 **   26 **FIX            0
 **********
 PARAMETER    0  IS UNDEFINED. IGNORED.
 **********
 **   27 **FIX            1
 **********
 **********
 **   28 **FIX            2
 **********
 PARAMETER    2  IS CONSTANT.   IGNORED.
 **********
 **   29 **FIX            3
 **********
 **********
 **   30 **FIX            4
 **********
 **********
 **   31 **FIX            5
 **********
 PARAMETER    5  IS CONSTANT.   IGNORED.
 **********
 **   32 **FIX            6
 **********
 **********
 **   33 **FIX            7
 **********
 PARAMETER    7  IS CONSTANT.   IGNORED.
 **********
 **   34 **FIX           10
 **********
 **********
 **   35 **FIX           11
 **********
 **********
 **   36 **FIX           12
 **********
 PARAMETER   12  IS CONSTANT.   IGNORED.
 **********
 **   37 **FIX           13
 **********
 **********
 **   38 **FIX           14
 **********
 **********
 **   39 **FIX           15
 **********
 PARAMETER   15  IS CONSTANT.   IGNORED.
 **********
 **   40 **FIX           16
 **********
 **********
 **   41 **MIGRAD
 **********
 START MIGRAD MINIMIZATION.  STRATEGY  1.  CONVERGENCE WHEN EDM .LT. 1.00e-04
 FCN=60.7611 FROM MIGRAD    STATUS=INITIATE       18 CALLS        1512 TOTAL
                     EDM= unknown      STRATEGY= 1      NO ERROR MATRIX       
  EXT PARAMETER               CURRENT GUESS       STEP         FIRST   
  NO.   NAME      VALUE            ERROR          SIZE      DERIVATIVE 
   1  N0           2.83650e+06     fixed    
   2  tau          6.44055e+01   constant   
   3  A0           3.53511e-01     fixed    
   4  phi          4.11320e+00     fixed    
   5  R           -5.93657e+01   constant   
   6  alpha_CBO   -2.12461e-03     fixed    
   7  w_CBO        2.32500e+00   constant   
   8  beta_CBO     0.00000e+00   1.00000e-03   1.00000e-03  -2.01185e+03
   9  alpha_2CBO   0.00000e+00   1.00000e-03   1.00000e-03   5.63949e+02
  10  beta_2CBO   -4.68244e-04     fixed    
  11  alpha_y      0.00000e+00     fixed    
  12  w_y          1.38860e+01   constant   
  13  beta_y      -1.09227e-03     fixed    
  14  alpha_vw     0.00000e+00     fixed    
  15  w_vw         1.43404e+01   constant   
  16  beta_vw      0.00000e+00     fixed    
  17  LM           6.62355e-05   constant   
  18  zeta_y       0.00000e+00   constant   
  19  zeta_vw      0.00000e+00   constant   
  20  T_CBO        9.93740e+02   5.52863e+02   3.80564e-02  -1.47611e-03
  21  alpha_A0    -9.51983e-03   1.90441e-02   9.48300e-03  -6.87547e-04
  22  beta_A0     -9.99697e-03   1.14200e-02   2.10340e-02   1.59699e-03
  23  alpha_phi   -8.86784e-03   1.76876e-02   5.74831e-03  -5.95886e-05
  24  beta_phi     5.61620e-03   6.76778e-03   3.34096e-03  -4.00784e-04
 MIGRAD MINIMIZATION HAS CONVERGED.
 MIGRAD WILL VERIFY CONVERGENCE AND ERROR MATRIX.
 COVARIANCE MATRIX CALCULATED SUCCESSFULLY
 FCN=59.1148 FROM MIGRAD    STATUS=CONVERGED     267 CALLS        1761 TOTAL
                     EDM=1.80263e-05    STRATEGY= 1      ERROR MATRIX ACCURATE 
  EXT PARAMETER                                   STEP         FIRST   
  NO.   NAME      VALUE            ERROR          SIZE      DERIVATIVE 
   1  N0           2.83650e+06     fixed    
   2  tau          6.44055e+01   constant   
   3  A0           3.53511e-01     fixed    
   4  phi          4.11320e+00     fixed    
   5  R           -5.93657e+01   constant   
   6  alpha_CBO   -2.12461e-03     fixed    
   7  w_CBO        2.32500e+00   constant   
   8  beta_CBO     1.52882e-03   1.23945e-03   4.64536e-06   3.71668e-02
   9  alpha_2CBO  -3.92911e-04   1.24208e-03   4.60847e-06  -8.27834e-01
  10  beta_2CBO   -4.68244e-04     fixed    
  11  alpha_y      0.00000e+00     fixed    
  12  w_y          1.38860e+01   constant   
  13  beta_y      -1.09227e-03     fixed    
  14  alpha_vw     0.00000e+00     fixed    
  15  w_vw         1.43404e+01   constant   
  16  beta_vw      0.00000e+00     fixed    
  17  LM           6.62355e-05   constant   
  18  zeta_y       0.00000e+00   constant   
  19  zeta_vw      0.00000e+00   constant   
  20  T_CBO        9.66972e+02   8.00085e+02   2.03478e-02  -5.01501e-06
  21  alpha_A0    -9.99782e-03   1.78036e-02   2.66482e-02   6.12097e-04
  22  beta_A0     -9.22847e-03   1.71946e-02   7.09078e-03  -2.77873e-04
  23  alpha_phi   -8.87191e-03   1.42967e-02   5.68923e-03  -2.12570e-03
  24  beta_phi     4.94228e-03   7.02796e-03   3.17806e-03  -1.02945e-03
 EXTERNAL ERROR MATRIX.    NDIM=  25    NPAR=  7    ERR DEF=1
  1.536e-06  4.349e-08  1.012e-02  4.194e-11  1.196e-06  1.954e-07 -4.077e-07 
  4.349e-08  1.543e-06 -2.892e-01  1.931e-08 -6.981e-07 -8.449e-07  1.803e-06 
  1.012e-02 -2.892e-01  3.428e+06  1.080e+00  1.189e+01  1.146e+01 -6.649e+00 
  4.194e-11  1.931e-08  1.080e+00  3.121e-06  4.122e-06  3.990e-06 -2.139e-06 
  1.196e-06 -6.981e-07  1.189e+01  4.122e-06  9.335e-05  3.863e-05 -2.366e-05 
  1.954e-07 -8.449e-07  1.146e+01  3.990e-06  3.863e-05  8.709e-05 -2.331e-05 
 -4.077e-07  1.803e-06 -6.649e+00 -2.139e-06 -2.366e-05 -2.331e-05  6.699e-05 
 PARAMETER  CORRELATION COEFFICIENTS  
       NO.  GLOBAL      8      9     20     21     22     23     24
        8  0.14119   1.000  0.028  0.004  0.000  0.100  0.017 -0.040
        9  0.19876   0.028  1.000 -0.126  0.009 -0.058 -0.073  0.177
       20  0.81253   0.004 -0.126  1.000  0.330  0.664  0.663 -0.439
       21  0.33674   0.000  0.009  0.330  1.000  0.241  0.242 -0.148
       22  0.67261   0.100 -0.058  0.664  0.241  1.000  0.428 -0.299
       23  0.66442   0.017 -0.073  0.663  0.242  0.428  1.000 -0.305
       24  0.45822  -0.040  0.177 -0.439 -0.148 -0.299 -0.305  1.000
MINUIT - FIT wiggle + 1-CBO + 2-CBO
 **********
 **   42 **RES 
 **********
                   PARAMETER   16  beta_vw RESTORED TO VARIABLE.
                   PARAMETER   14  alpha_vw RESTORED TO VARIABLE.
                   PARAMETER   13  beta_y RESTORED TO VARIABLE.
                   PARAMETER   11  alpha_y RESTORED TO VARIABLE.
                   PARAMETER   10  beta_2CBO RESTORED TO VARIABLE.
                   PARAMETER    6  alpha_CBO RESTORED TO VARIABLE.
                   PARAMETER    4  phi RESTORED TO VARIABLE.
                   PARAMETER    3  A0 RESTORED TO VARIABLE.
                   PARAMETER    1  N0 RESTORED TO VARIABLE.
 **********
 **   43 **FIX           10
 **********
 **********
 **   44 **FIX           11
 **********
 **********
 **   45 **FIX           12
 **********
 PARAMETER   12  IS CONSTANT.   IGNORED.
 **********
 **   46 **FIX           13
 **********
 **********
 **   47 **FIX           14
 **********
 **********
 **   48 **FIX           15
 **********
 PARAMETER   15  IS CONSTANT.   IGNORED.
 **********
 **   49 **FIX           16
 **********
 **********
 **   50 **MIGRAD
 **********
 START MIGRAD MINIMIZATION.  STRATEGY  1.  CONVERGENCE WHEN EDM .LT. 1.00e-04
 FCN=59.1148 FROM MIGRAD    STATUS=INITIATE       22 CALLS        1783 TOTAL
                     EDM= unknown      STRATEGY= 1      NO ERROR MATRIX       
  EXT PARAMETER               CURRENT GUESS       STEP         FIRST   
  NO.   NAME      VALUE            ERROR          SIZE      DERIVATIVE 
   1  N0           2.83650e+06   2.63991e+03   2.63991e+03   3.62671e-05
   2  tau          6.44055e+01   constant   
   3  A0           3.53511e-01   1.22336e-03   1.22336e-03   4.52854e+02
   4  phi          4.11320e+00   3.62271e-03   3.62271e-03   1.53380e+01
   5  R           -5.93657e+01   constant   
   6  alpha_CBO   -2.12461e-03   1.27132e-03   1.27132e-03  -7.99651e+01
   7  w_CBO        2.32500e+00   constant   
   8  beta_CBO     1.52882e-03   1.23945e-03   4.64536e-06   3.71670e-02
   9  alpha_2CBO  -3.92911e-04   1.24208e-03   4.60847e-06  -8.27834e-01
  10  beta_2CBO   -4.68244e-04     fixed    
  11  alpha_y      0.00000e+00     fixed    
  12  w_y          1.38860e+01   constant   
  13  beta_y      -1.09227e-03     fixed    
  14  alpha_vw     0.00000e+00     fixed    
  15  w_vw         1.43404e+01   constant   
  16  beta_vw      0.00000e+00     fixed    
  17  LM           6.62355e-05   constant   
  18  zeta_y       0.00000e+00   constant   
  19  zeta_vw      0.00000e+00   constant   
  20  T_CBO        9.66972e+02   8.00085e+02   2.03478e-02  -1.02305e-05
  21  alpha_A0    -9.99782e-03   1.78036e-02   2.66482e-02   6.44344e-04
  22  beta_A0     -9.22847e-03   1.71946e-02   7.09078e-03  -2.72284e-04
  23  alpha_phi   -8.87191e-03   1.42967e-02   5.68923e-03  -2.09910e-03
  24  beta_phi     4.94228e-03   7.02796e-03   3.17806e-03  -1.03727e-03
 MIGRAD MINIMIZATION HAS CONVERGED.
 MIGRAD WILL VERIFY CONVERGENCE AND ERROR MATRIX.
 COVARIANCE MATRIX CALCULATED SUCCESSFULLY
 FCN=59.0307 FROM MIGRAD    STATUS=CONVERGED     254 CALLS        2015 TOTAL
                     EDM=1.79868e-05    STRATEGY= 1      ERROR MATRIX ACCURATE 
  EXT PARAMETER                                   STEP         FIRST   
  NO.   NAME      VALUE            ERROR          SIZE      DERIVATIVE 
   1  N0           2.83644e+06   2.63162e+03   8.56527e+00   1.04425e-07
   2  tau          6.44055e+01   constant   
   3  A0           3.53157e-01   1.25774e-03   4.49145e-06  -1.16347e+00
   4  phi          4.11305e+00   3.63681e-03   1.31142e-05  -5.21004e-01
   5  R           -5.93657e+01   constant   
   6  alpha_CBO   -2.08088e-03   1.26794e-03   4.63719e-06  -2.29662e+00
   7  w_CBO        2.32500e+00   constant   
   8  beta_CBO     1.61757e-03   1.27874e-03   4.64229e-06  -1.97092e+00
   9  alpha_2CBO  -3.76169e-04   1.24628e-03   4.60546e-06   8.49076e-01
  10  beta_2CBO   -4.68244e-04     fixed    
  11  alpha_y      0.00000e+00     fixed    
  12  w_y          1.38860e+01   constant   
  13  beta_y      -1.09227e-03     fixed    
  14  alpha_vw     0.00000e+00     fixed    
  15  w_vw         1.43404e+01   constant   
  16  beta_vw      0.00000e+00     fixed    
  17  LM           6.62355e-05   constant   
  18  zeta_y       0.00000e+00   constant   
  19  zeta_vw      0.00000e+00   constant   
  20  T_CBO        9.11095e+02   5.03565e+02   1.38163e-02   1.36079e-04
  21  alpha_A0    -1.00000e-02   1.87994e-02   5.32818e-02** at limit **
  22  beta_A0     -9.16072e-03   1.72029e-02   6.67859e-03   9.71389e-04
  23  alpha_phi   -8.80432e-03   1.44279e-02   5.56458e-03  -4.06471e-05
  24  beta_phi     4.89870e-03   7.24291e-03   3.22284e-03  -1.48467e-03
 EXTERNAL ERROR MATRIX.    NDIM=  25    NPAR= 11    ERR DEF=1
  6.925e+06 
 -3.072e-01  1.582e-06 
  1.148e+00  2.446e-07  1.323e-05 
 -6.638e-02  4.998e-08  1.037e-06  1.608e-06 
 -2.026e-01 -3.660e-07 -2.390e-07  3.615e-08  1.635e-06 
 -1.583e-02 -6.310e-08 -2.722e-07 -3.183e-08  6.159e-08  1.553e-06 
 -1.053e+06  3.003e-01 -9.305e-02 -1.266e-01 -2.790e-02 -2.937e-01  3.172e+06 
  6.878e-05 -2.739e-11  3.609e-11  6.609e-12  2.560e-12  2.263e-11  2.438e-03  2.054e-11 
 -4.785e+00  2.744e-08 -1.887e-06 -7.525e-07  1.383e-06 -7.643e-07  1.231e+01  1.044e-08  1.034e-04 
 -3.452e+00 -1.134e-07 -3.553e-06 -1.396e-06  3.456e-07 -8.704e-07  1.172e+01  1.011e-08  4.549e-05  9.634e-05 
 -2.624e+00  5.663e-07 -2.989e-06  3.266e-07 -3.960e-07  1.941e-06 -6.085e+00 -5.541e-09 -2.427e-05 -2.416e-05  7.307e-05 
 PARAMETER  CORRELATION COEFFICIENTS  
       NO.  GLOBAL      1      3      4      6      8      9     20     21     22     23     24
        1  0.35551   1.000 -0.093  0.120 -0.020 -0.060 -0.005 -0.225  0.006 -0.179 -0.134 -0.117
        3  0.33015  -0.093  1.000  0.053  0.031 -0.228 -0.040  0.134 -0.005  0.002 -0.009  0.053
        4  0.30249   0.120  0.053  1.000  0.225 -0.051 -0.060 -0.014  0.002 -0.051 -0.100 -0.096
        6  0.25586  -0.020  0.031  0.225  1.000  0.022 -0.020 -0.056  0.001 -0.058 -0.112  0.030
        8  0.28136  -0.060 -0.228 -0.051  0.022  1.000  0.039 -0.012  0.000  0.106  0.028 -0.036
        9  0.21422  -0.005 -0.040 -0.060 -0.020  0.039  1.000 -0.132  0.004 -0.060 -0.071  0.182
       20  0.83147  -0.225  0.134 -0.014 -0.056 -0.012 -0.132  1.000  0.302  0.680  0.670 -0.400
       21  0.32072   0.006 -0.005  0.002  0.001  0.000  0.004  0.302  1.000  0.226  0.227 -0.143
       22  0.69450  -0.179  0.002 -0.051 -0.058  0.106 -0.060  0.680  0.226  1.000  0.456 -0.279
       23  0.68616  -0.134 -0.009 -0.100 -0.112  0.028 -0.071  0.670  0.227  0.456  1.000 -0.288
       24  0.48730  -0.117  0.053 -0.096  0.030 -0.036  0.182 -0.400 -0.143 -0.279 -0.288  1.000
MINUIT - FIT ONLY 1-y
 **********
 **   51 **RES 
 **********
                   PARAMETER   16  beta_vw RESTORED TO VARIABLE.
                   PARAMETER   14  alpha_vw RESTORED TO VARIABLE.
                   PARAMETER   13  beta_y RESTORED TO VARIABLE.
                   PARAMETER   11  alpha_y RESTORED TO VARIABLE.
                   PARAMETER   10  beta_2CBO RESTORED TO VARIABLE.
 **********
 **   52 **FIX            0
 **********
 PARAMETER    0  IS UNDEFINED. IGNORED.
 **********
 **   53 **FIX            1
 **********
 **********
 **   54 **FIX            2
 **********
 PARAMETER    2  IS CONSTANT.   IGNORED.
 **********
 **   55 **FIX            3
 **********
 **********
 **   56 **FIX            4
 **********
 **********
 **   57 **FIX            5
 **********
 PARAMETER    5  IS CONSTANT.   IGNORED.
 **********
 **   58 **FIX            6
 **********
 **********
 **   59 **FIX            7
 **********
 PARAMETER    7  IS CONSTANT.   IGNORED.
 **********
 **   60 **FIX            8
 **********
 **********
 **   61 **FIX            9
 **********
 **********
 **   62 **FIX           13
 **********
 **********
 **   63 **FIX           14
 **********
 **********
 **   64 **FIX           15
 **********
 PARAMETER   15  IS CONSTANT.   IGNORED.
 **********
 **   65 **FIX           16
 **********
 **********
 **   66 **MIGRAD
 **********
 START MIGRAD MINIMIZATION.  STRATEGY  1.  CONVERGENCE WHEN EDM .LT. 1.00e-04
 FCN=59.0307 FROM MIGRAD    STATUS=INITIATE       16 CALLS        2031 TOTAL
                     EDM= unknown      STRATEGY= 1      NO ERROR MATRIX       
  EXT PARAMETER               CURRENT GUESS       STEP         FIRST   
  NO.   NAME      VALUE            ERROR          SIZE      DERIVATIVE 
   1  N0           2.83644e+06     fixed    
   2  tau          6.44055e+01   constant   
   3  A0           3.53157e-01     fixed    
   4  phi          4.11305e+00     fixed    
   5  R           -5.93657e+01   constant   
   6  alpha_CBO   -2.08088e-03     fixed    
   7  w_CBO        2.32500e+00   constant   
   8  beta_CBO     1.61757e-03     fixed    
   9  alpha_2CBO  -3.76169e-04     fixed    
  10  beta_2CBO   -4.68244e-04   1.26511e-03   1.26511e-03   1.16135e+02
  11  alpha_y      0.00000e+00   1.00000e-03   1.00000e-03   4.23343e+03
  12  w_y          1.38860e+01   constant   
  13  beta_y      -1.09227e-03     fixed    
  14  alpha_vw     0.00000e+00     fixed    
  15  w_vw         1.43404e+01   constant   
  16  beta_vw      0.00000e+00     fixed    
  17  LM           6.62355e-05   constant   
  18  zeta_y       0.00000e+00   constant   
  19  zeta_vw      0.00000e+00   constant   
  20  T_CBO        9.11095e+02   5.03565e+02   1.38163e-02   1.30549e-04
  21  alpha_A0    -9.99998e-03   1.87994e-02   5.32818e-02   3.92836e-05
  22  beta_A0     -9.16072e-03   1.72029e-02   6.67859e-03   1.00252e-03
  23  alpha_phi   -8.80432e-03   1.44279e-02   5.56458e-03  -3.69238e-05
  24  beta_phi     4.89870e-03   7.24291e-03   3.22284e-03  -1.49223e-03
 MIGRAD MINIMIZATION HAS CONVERGED.
 MIGRAD WILL VERIFY CONVERGENCE AND ERROR MATRIX.
 COVARIANCE MATRIX CALCULATED SUCCESSFULLY
 FCN=52.3997 FROM MIGRAD    STATUS=CONVERGED     134 CALLS        2149 TOTAL
                     EDM=4.75532e-05    STRATEGY= 1      ERROR MATRIX ACCURATE 
  EXT PARAMETER                                   STEP         FIRST   
  NO.   NAME      VALUE            ERROR          SIZE      DERIVATIVE 
   1  N0           2.83644e+06     fixed    
   2  tau          6.44055e+01   constant   
   3  A0           3.53157e-01     fixed    
   4  phi          4.11305e+00     fixed    
   5  R           -5.93657e+01   constant   
   6  alpha_CBO   -2.08088e-03     fixed    
   7  w_CBO        2.32500e+00   constant   
   8  beta_CBO     1.61757e-03     fixed    
   9  alpha_2CBO  -3.76169e-04     fixed    
  10  beta_2CBO   -5.63602e-04   1.26976e-03   4.40904e-06  -1.49932e+00
  11  alpha_y     -3.13000e-03   1.21604e-03   4.33746e-06   7.36547e-02
  12  w_y          1.38860e+01   constant   
  13  beta_y      -1.09227e-03     fixed    
  14  alpha_vw     0.00000e+00     fixed    
  15  w_vw         1.43404e+01   constant   
  16  beta_vw      0.00000e+00     fixed    
  17  LM           6.62355e-05   constant   
  18  zeta_y       0.00000e+00   constant   
  19  zeta_vw      0.00000e+00   constant   
  20  T_CBO        9.44394e+02   6.95209e+02   1.55022e-02  -9.29020e-04
  21  alpha_A0    -1.00000e-02   1.23391e-02   2.43569e-02** at limit **
  22  beta_A0     -9.42935e-03   1.89191e-02   7.79831e-03  -8.91085e-04
  23  alpha_phi   -8.87011e-03   1.41149e-02   5.54106e-03   3.77809e-04
  24  beta_phi     4.64046e-03   6.93996e-03   2.96252e-03   2.76441e-03
 EXTERNAL ERROR MATRIX.    NDIM=  25    NPAR=  7    ERR DEF=1
  1.612e-06 -2.104e-12  4.149e-02  1.472e-12  1.757e-06 -1.311e-06  4.156e-08 
 -2.104e-12  1.479e-06 -1.805e-02  1.786e-12  7.086e-08  6.645e-08  1.305e-07 
  4.149e-02 -1.805e-02  2.775e+06  1.170e-03  1.051e+01  9.620e+00 -5.117e+00 
  1.472e-12  1.786e-12  1.170e-03  4.218e-11  4.871e-09  4.539e-09 -2.330e-09 
  1.757e-06  7.086e-08  1.051e+01  4.871e-09  9.384e-05  3.367e-05 -1.976e-05 
 -1.311e-06  6.645e-08  9.620e+00  4.539e-09  3.367e-05  8.415e-05 -1.897e-05 
  4.156e-08  1.305e-07 -5.117e+00 -2.330e-09 -1.976e-05 -1.897e-05  6.359e-05 
 PARAMETER  CORRELATION COEFFICIENTS  
       NO.  GLOBAL     10     11     20     21     22     23     24
       10  0.23014   1.000 -0.000  0.020  0.000  0.143 -0.113  0.004
       11  0.02643  -0.000  1.000 -0.009  0.000  0.006  0.006  0.013
       20  0.78734   0.020 -0.009  1.000  0.108  0.651  0.629 -0.385
       21  0.10912   0.000  0.000  0.108  1.000  0.077  0.076 -0.045
       22  0.66443   0.143  0.006  0.651  0.077  1.000  0.379 -0.256
       23  0.64244  -0.113  0.006  0.629  0.076  0.379  1.000 -0.259
       24  0.38612   0.004  0.013 -0.385 -0.045 -0.256 -0.259  1.000
MINUIT - FIT ONLY 2-y
 **********
 **   67 **RES 
 **********
                   PARAMETER   16  beta_vw RESTORED TO VARIABLE.
                   PARAMETER   14  alpha_vw RESTORED TO VARIABLE.
                   PARAMETER   13  beta_y RESTORED TO VARIABLE.
                   PARAMETER    9  alpha_2CBO RESTORED TO VARIABLE.
                   PARAMETER    8  beta_CBO RESTORED TO VARIABLE.
                   PARAMETER    6  alpha_CBO RESTORED TO VARIABLE.
                   PARAMETER    4  phi RESTORED TO VARIABLE.
                   PARAMETER    3  A0 RESTORED TO VARIABLE.
                   PARAMETER    1  N0 RESTORED TO VARIABLE.
 **********
 **   68 **FIX            0
 **********
 PARAMETER    0  IS UNDEFINED. IGNORED.
 **********
 **   69 **FIX            1
 **********
 **********
 **   70 **FIX            2
 **********
 PARAMETER    2  IS CONSTANT.   IGNORED.
 **********
 **   71 **FIX            3
 **********
 **********
 **   72 **FIX            4
 **********
 **********
 **   73 **FIX            5
 **********
 PARAMETER    5  IS CONSTANT.   IGNORED.
 **********
 **   74 **FIX            6
 **********
 **********
 **   75 **FIX            7
 **********
 PARAMETER    7  IS CONSTANT.   IGNORED.
 **********
 **   76 **FIX            8
 **********
 **********
 **   77 **FIX            9
 **********
 **********
 **   78 **FIX           10
 **********
 **********
 **   79 **FIX           11
 **********
 **********
 **   80 **FIX           12
 **********
 PARAMETER   12  IS CONSTANT.   IGNORED.
 **********
 **   81 **FIX           16
 **********
 **********
 **   82 **MIGRAD
 **********
 START MIGRAD MINIMIZATION.  STRATEGY  1.  CONVERGENCE WHEN EDM .LT. 1.00e-04
 FCN=52.3997 FROM MIGRAD    STATUS=INITIATE       16 CALLS        2165 TOTAL
                     EDM= unknown      STRATEGY= 1      NO ERROR MATRIX       
  EXT PARAMETER               CURRENT GUESS       STEP         FIRST   
  NO.   NAME      VALUE            ERROR          SIZE      DERIVATIVE 
   1  N0           2.83644e+06     fixed    
   2  tau          6.44055e+01   constant   
   3  A0           3.53157e-01     fixed    
   4  phi          4.11305e+00     fixed    
   5  R           -5.93657e+01   constant   
   6  alpha_CBO   -2.08088e-03     fixed    
   7  w_CBO        2.32500e+00   constant   
   8  beta_CBO     1.61757e-03     fixed    
   9  alpha_2CBO  -3.76169e-04     fixed    
  10  beta_2CBO   -5.63602e-04     fixed    
  11  alpha_y     -3.13000e-03     fixed    
  12  w_y          1.38860e+01   constant   
  13  beta_y      -1.09227e-03   1.23829e-03   1.23829e-03   3.78299e+01
  14  alpha_vw     0.00000e+00   1.00000e-03   1.00000e-03  -1.30206e+03
  15  w_vw         1.43404e+01   constant   
  16  beta_vw      0.00000e+00     fixed    
  17  LM           6.62355e-05   constant   
  18  zeta_y       0.00000e+00   constant   
  19  zeta_vw      0.00000e+00   constant   
  20  T_CBO        9.44394e+02   6.95209e+02   1.55022e-02  -9.57467e-04
  21  alpha_A0    -9.99998e-03   1.23391e-02   2.43569e-02   7.55898e-05
  22  beta_A0     -9.42935e-03   1.89191e-02   7.79831e-03  -8.56462e-04
  23  alpha_phi   -8.87011e-03   1.41149e-02   5.54106e-03   3.81540e-04
  24  beta_phi     4.64046e-03   6.93996e-03   2.96252e-03   2.75817e-03
 MIGRAD MINIMIZATION HAS CONVERGED.
 MIGRAD WILL VERIFY CONVERGENCE AND ERROR MATRIX.
 COVARIANCE MATRIX CALCULATED SUCCESSFULLY
 FCN=51.711 FROM MIGRAD    STATUS=CONVERGED     135 CALLS        2284 TOTAL
                     EDM=1.21806e-05    STRATEGY= 1      ERROR MATRIX ACCURATE 
  EXT PARAMETER                                   STEP         FIRST   
  NO.   NAME      VALUE            ERROR          SIZE      DERIVATIVE 
   1  N0           2.83644e+06     fixed    
   2  tau          6.44055e+01   constant   
   3  A0           3.53157e-01     fixed    
   4  phi          4.11305e+00     fixed    
   5  R           -5.93657e+01   constant   
   6  alpha_CBO   -2.08088e-03     fixed    
   7  w_CBO        2.32500e+00   constant   
   8  beta_CBO     1.61757e-03     fixed    
   9  alpha_2CBO  -3.76169e-04     fixed    
  10  beta_2CBO   -5.63602e-04     fixed    
  11  alpha_y     -3.13000e-03     fixed    
  12  w_y          1.38860e+01   constant   
