 + ++++++++++++++++++++++++++++++++++++++++++++++++++++++++++++++++++++ +
 +                                                                      +
 +           You have chose to blind your fitting according to          +
 +                omega_ref * (1 + (R +/- deltaR) *10^{-6})             +
 +                                                                      +
 + ++++++++++++++++++++++++++++++++++++++++++++++++++++++++++++++++++++ +
In main()...
reading format from /gm2data/zkhechad/run45/envelope/formats/formatB_sBin_constraintOn.txt
pBinTau 	= 0  
pBinPhi 	= 0  
constraintau 	= 1 
includeMopTerm 	= 0    
constrainMop    = 0   
Parameters after format file: pBinTau 0 pBinPhi 0 constraintau 1 includeMopTerm 0 constrainMop 0 c_e_scale 0.000000 
Opening file /gm2data/tbarrett/gm2fr/studies/run23_bunch_corrections/CorrectedFourier_Run3b.root.
reading full fit data from /gm2data/zkhechad/cboTemplates/Run4CBOTemplates/fullFits/noRF/sBin_constraintOn_cE0.0_seed0_noRF_calo15.root
windowBins = 69
fitting sliding window 2450 from bin 2586 at 385.682000 to bin 2655 at 396.126000 (69 bins)

Reading data from /gm2data/cornell/histograms/aMethod/histogram_a_noRF.root
 **********
 **    1 **SET PRINTOUT            1
 **********
 **********
 **    2 **SET NOWARNINGS 
 **********
 PARAMETER DEFINITIONS:
    NO.   NAME         VALUE      STEP SIZE      LIMITS
     1 N0           3.09348e+06  1.00000e+02     no limits
     2 tau          6.43983e+01  constant
     3 A0           3.54040e-01  1.00000e-04     no limits
     4 phi          4.11948e+00  1.00000e-02     no limits
     5 R           -6.00563e+01  constant
     6 alpha_CBO    0.00000e+00  1.00000e-03     no limits
     7 w_CBO        2.32500e+00  constant
     8 beta_CBO     0.00000e+00  1.00000e-03     no limits
     9 alpha_2CBO   0.00000e+00  1.00000e-03     no limits
    10 beta_2CBO    0.00000e+00  1.00000e-03     no limits
    11 alpha_y      0.00000e+00  1.00000e-03     no limits
    12 w_y          1.38860e+01  constant
    13 beta_y       0.00000e+00  1.00000e-03     no limits
    14 alpha_vw     0.00000e+00  1.00000e-03     no limits
    15 w_vw         1.43404e+01  constant
    16 beta_vw      0.00000e+00  1.00000e-03     no limits
    17 LM          -1.62209e-04  constant
    18 zeta_y       0.00000e+00  constant
    19 zeta_vw      0.00000e+00  constant
    20 T_CBO        1.00000e+02  1.00000e+00    0.00000e+00  1.00000e+03
    21 alpha_A0     0.00000e+00  1.00000e-03     no limits
    22 beta_A0      0.00000e+00  1.00000e-03     no limits
    23 alpha_phi    0.00000e+00  1.00000e-03     no limits
    24 beta_phi     0.00000e+00  1.00000e-03     no limits
MINUIT - FIT ONLY WIGGLE
 **********
 **    3 **FIX            5
 **********
 PARAMETER    5  IS CONSTANT.   IGNORED.
 **********
 **    4 **FIX            6
 **********
 **********
 **    5 **FIX            7
 **********
 PARAMETER    7  IS CONSTANT.   IGNORED.
 **********
 **    6 **FIX            8
 **********
 **********
 **    7 **FIX            9
 **********
 **********
 **    8 **FIX           10
 **********
 **********
 **    9 **FIX           11
 **********
 **********
 **   10 **FIX           12
 **********
 PARAMETER   12  IS CONSTANT.   IGNORED.
 **********
 **   11 **FIX           13
 **********
 **********
 **   12 **FIX           14
 **********
 **********
 **   13 **FIX           15
 **********
 PARAMETER   15  IS CONSTANT.   IGNORED.
 **********
 **   14 **FIX           16
 **********
 **********
 **   15 **MIGRAD
 **********
 FIRST CALL TO USER FUNCTION AT NEW START POINT, WITH IFLAG=4.
 START MIGRAD MINIMIZATION.  STRATEGY  1.  CONVERGENCE WHEN EDM .LT. 1.00e-04
 FCN=69.4414 FROM MIGRAD    STATUS=INITIATE      437 CALLS         438 TOTAL
                     EDM= unknown      STRATEGY= 1      NO ERROR MATRIX       
  EXT PARAMETER               CURRENT GUESS       STEP         FIRST   
  NO.   NAME      VALUE            ERROR          SIZE      DERIVATIVE 
   1  N0           3.09348e+06   1.00000e+02   0.00000e+00   1.14874e-03
   2  tau          6.43983e+01   constant   
   3  A0           3.54040e-01   1.00000e-04   0.00000e+00   5.32800e+02
   4  phi          4.11948e+00   1.00000e-02   0.00000e+00  -5.68162e+02
   5  R           -6.00563e+01   constant   
   6  alpha_CBO    0.00000e+00     fixed    
   7  w_CBO        2.32500e+00   constant   
   8  beta_CBO     0.00000e+00     fixed    
   9  alpha_2CBO   0.00000e+00     fixed    
  10  beta_2CBO    0.00000e+00     fixed    
  11  alpha_y      0.00000e+00     fixed    
  12  w_y          1.38860e+01   constant   
  13  beta_y       0.00000e+00     fixed    
  14  alpha_vw     0.00000e+00     fixed    
  15  w_vw         1.43404e+01   constant   
  16  beta_vw      0.00000e+00     fixed    
  17  LM          -1.62209e-04   constant   
  18  zeta_y       0.00000e+00   constant   
  19  zeta_vw      0.00000e+00   constant   
  20  T_CBO        1.00000e+02   1.00000e+00   0.00000e+00   0.00000e+00
  21  alpha_A0     0.00000e+00   1.00000e-03   0.00000e+00  -1.99913e+01
  22  beta_A0      0.00000e+00   1.00000e-03   0.00000e+00   7.29375e+00
  23  alpha_phi    0.00000e+00   1.00000e-03   0.00000e+00  -1.26896e+01
  24  beta_phi     0.00000e+00   1.00000e-03   0.00000e+00   3.23890e+00
 CALL LIMIT EXCEEDED IN MIGRAD.
 MIGRAD TERMINATED WITHOUT CONVERGENCE.
 FCN=58.1373 FROM MIGRAD    STATUS=CALL LIMIT   1334 CALLS        1335 TOTAL
                     EDM=0.000309593    STRATEGY= 1  ERROR MATRIX UNCERTAINTY   1.6 per cent
  EXT PARAMETER                APPROXIMATE        STEP         FIRST   
  NO.   NAME      VALUE            ERROR          SIZE      DERIVATIVE 
   1  N0           3.09179e+06   2.90239e+03   4.30142e+00   6.58975e-07
   2  tau          6.43983e+01   constant   
   3  A0           3.53249e-01   1.22512e-03   2.12470e-06  -1.17061e+01
   4  phi          4.12212e+00   3.50392e-03   4.59200e-06  -9.85271e-01
   5  R           -6.00563e+01   constant   
   6  alpha_CBO    0.00000e+00     fixed    
   7  w_CBO        2.32500e+00   constant   
   8  beta_CBO     0.00000e+00     fixed    
   9  alpha_2CBO   0.00000e+00     fixed    
  10  beta_2CBO    0.00000e+00     fixed    
  11  alpha_y      0.00000e+00     fixed    
  12  w_y          1.38860e+01   constant   
  13  beta_y       0.00000e+00     fixed    
  14  alpha_vw     0.00000e+00     fixed    
  15  w_vw         1.43404e+01   constant   
  16  beta_vw      0.00000e+00     fixed    
  17  LM          -1.62209e-04   constant   
  18  zeta_y       0.00000e+00   constant   
  19  zeta_vw      0.00000e+00   constant   
  20  T_CBO        6.25577e+01   3.73927e+01  -4.24027e-03  -2.37995e+00
  21  alpha_A0     6.37425e+00   2.23476e+01   5.94263e-01  -9.88683e-03
  22  beta_A0     -1.43050e+00   5.87538e+00  -1.54167e-01   5.43027e-03
  23  alpha_phi    4.03999e+00   1.33961e+01   3.57526e-01  -1.01544e-02
  24  beta_phi    -1.25044e+00   3.80294e+00  -1.02042e-01   2.05026e-03
 EXTERNAL ERROR MATRIX.    NDIM=  25    NPAR=  8    ERR DEF=1
  8.424e+06 -2.341e-01  1.319e+00  3.121e+03  1.200e+01  2.540e+01 -6.484e+01 -1.222e+02 
 -2.341e-01  1.501e-06  2.204e-07 -4.892e-03  2.539e-03 -7.104e-04  1.498e-03 -3.934e-04 
  1.319e+00  2.204e-07  1.228e-05 -3.671e-03  2.242e-03 -6.082e-04  1.282e-03 -4.703e-04 
  3.121e+03 -4.892e-03 -3.671e-03  1.409e+03 -8.354e+02  2.185e+02 -5.013e+02  1.422e+02 
  1.200e+01  2.539e-03  2.242e-03 -8.354e+02  4.994e+02 -1.310e+02  2.993e+02 -8.473e+01 
  2.540e+01 -7.104e-04 -6.082e-04  2.185e+02 -1.310e+02  3.452e+01 -7.843e+01  2.218e+01 
 -6.484e+01  1.498e-03  1.282e-03 -5.013e+02  2.993e+02 -7.843e+01  1.795e+02 -5.083e+01 
 -1.222e+02 -3.934e-04 -4.703e-04  1.422e+02 -8.473e+01  2.218e+01 -5.083e+01  1.446e+01 
ERR MATRIX APPROXIMATE
 PARAMETER  CORRELATION COEFFICIENTS  
       NO.  GLOBAL      1      3      4     20     21     22     23     24
        1  0.46284   1.000 -0.066  0.130  0.029  0.000  0.001 -0.002 -0.011
        3  0.31006  -0.066  1.000  0.051 -0.106  0.093 -0.099  0.091 -0.084
        4  0.19143   0.130  0.051  1.000 -0.028  0.029 -0.030  0.027 -0.035
       20  0.99790   0.029 -0.106 -0.028  1.000 -0.996  0.990 -0.997  0.996
       21  0.99983   0.000  0.093  0.029 -0.996  1.000 -0.998  1.000 -0.997
       22  0.99869   0.001 -0.099 -0.030  0.990 -0.998  1.000 -0.997  0.992
       23  0.99978  -0.002  0.091  0.027 -0.997  1.000 -0.997  1.000 -0.998
       24  0.99820  -0.011 -0.084 -0.035  0.996 -0.997  0.992 -0.998  1.000
 ERR MATRIX APPROXIMATE
MINUIT - FIT ONLY 1-CBO + wiggle
 **********
 **   16 **RES 
 **********
                   PARAMETER   16  beta_vw RESTORED TO VARIABLE.
                   PARAMETER   14  alpha_vw RESTORED TO VARIABLE.
                   PARAMETER   13  beta_y RESTORED TO VARIABLE.
                   PARAMETER   11  alpha_y RESTORED TO VARIABLE.
                   PARAMETER   10  beta_2CBO RESTORED TO VARIABLE.
                   PARAMETER    9  alpha_2CBO RESTORED TO VARIABLE.
                   PARAMETER    8  beta_CBO RESTORED TO VARIABLE.
                   PARAMETER    6  alpha_CBO RESTORED TO VARIABLE.
 **********
 **   17 **FIX            8
 **********
 **********
 **   18 **FIX            9
 **********
 **********
 **   19 **FIX           11
 **********
 **********
 **   20 **FIX           12
 **********
 PARAMETER   12  IS CONSTANT.   IGNORED.
 **********
 **   21 **FIX           14
 **********
 **********
 **   22 **FIX           15
 **********
 PARAMETER   15  IS CONSTANT.   IGNORED.
 **********
 **   23 **FIX           16
 **********
 **********
 **   24 **MIGRAD
 **********
 START MIGRAD MINIMIZATION.  STRATEGY  1.  CONVERGENCE WHEN EDM .LT. 1.00e-04
 FCN=58.1373 FROM MIGRAD    STATUS=INITIATE       28 CALLS        1363 TOTAL
                     EDM= unknown      STRATEGY= 1      NO ERROR MATRIX       
  EXT PARAMETER               CURRENT GUESS       STEP         FIRST   
  NO.   NAME      VALUE            ERROR          SIZE      DERIVATIVE 
   1  N0           3.09179e+06   2.90239e+03   4.30142e+00   6.58975e-07
   2  tau          6.43983e+01   constant   
   3  A0           3.53249e-01   1.22512e-03   2.12470e-06  -1.17061e+01
   4  phi          4.12212e+00   3.50392e-03   4.59200e-06  -9.85271e-01
   5  R           -6.00563e+01   constant   
   6  alpha_CBO    0.00000e+00   1.00000e-03   1.00000e-03  -1.71501e+03
   7  w_CBO        2.32500e+00   constant   
   8  beta_CBO     0.00000e+00     fixed    
   9  alpha_2CBO   0.00000e+00     fixed    
  10  beta_2CBO    0.00000e+00   1.00000e-03   1.00000e-03  -1.51037e+03
  11  alpha_y      0.00000e+00     fixed    
  12  w_y          1.38860e+01   constant   
  13  beta_y       0.00000e+00   1.00000e-03   1.00000e-03  -3.93122e+03
  14  alpha_vw     0.00000e+00     fixed    
  15  w_vw         1.43404e+01   constant   
  16  beta_vw      0.00000e+00     fixed    
  17  LM          -1.62209e-04   constant   
  18  zeta_y       0.00000e+00   constant   
  19  zeta_vw      0.00000e+00   constant   
  20  T_CBO        6.25577e+01   3.73927e+01  -4.24027e-03  -2.37996e+00
  21  alpha_A0     6.37425e+00   2.23476e+01   5.94263e-01  -9.88684e-03
  22  beta_A0     -1.43050e+00   5.87538e+00  -1.54167e-01   5.43027e-03
  23  alpha_phi    4.03999e+00   1.33961e+01   3.57526e-01  -1.01544e-02
  24  beta_phi    -1.25044e+00   3.80294e+00  -1.02042e-01   2.05026e-03
 CALL LIMIT EXCEEDED IN MIGRAD.
 MIGRAD TERMINATED WITHOUT CONVERGENCE.
 FCN=50.4813 FROM MIGRAD    STATUS=CALL LIMIT   1918 CALLS        3253 TOTAL
                     EDM=0.000100017    STRATEGY= 1  ERROR MATRIX UNCERTAINTY  12.8 per cent
  EXT PARAMETER                APPROXIMATE        STEP         FIRST   
  NO.   NAME      VALUE            ERROR          SIZE      DERIVATIVE 
   1  N0           3.09203e+06   2.84780e+03  -4.82079e+00   7.51000e-09
   2  tau          6.43983e+01   constant   
   3  A0           3.53380e-01   1.14445e-03   4.99924e-06   6.66146e+00
   4  phi          4.12287e+00   3.51691e-03  -1.53425e-06   1.11069e-01
   5  R           -6.00563e+01   constant   
   6  alpha_CBO    1.19573e-03   1.24938e-03   3.29583e-07   1.09140e-01
   7  w_CBO        2.32500e+00   constant   
   8  beta_CBO     0.00000e+00     fixed    
   9  alpha_2CBO   0.00000e+00     fixed    
  10  beta_2CBO    1.11995e-03   1.20415e-03   1.92361e-06   3.46749e+00
  11  alpha_y      0.00000e+00     fixed    
  12  w_y          1.38860e+01   constant   
  13  beta_y       2.90684e-03   1.21289e-03  -3.09185e-07  -1.10773e+00
  14  alpha_vw     0.00000e+00     fixed    
  15  w_vw         1.43404e+01   constant   
  16  beta_vw      0.00000e+00     fixed    
  17  LM          -1.62209e-04   constant   
  18  zeta_y       0.00000e+00   constant   
  19  zeta_vw      0.00000e+00   constant   
  20  T_CBO        3.85952e+01   1.43003e+01   1.01493e-04  -8.73023e-01
  21  alpha_A0     3.15564e+02   1.11631e+03  -6.25979e-01  -4.97234e-04
  22  beta_A0     -5.43180e+01   2.41024e+02  -1.42689e-01  -8.89230e-04
  23  alpha_phi    1.68001e+02   5.97479e+02  -7.29038e-01   4.13432e-04
  24  beta_phi    -6.29463e+01   2.13375e+02   7.97383e-01  -1.09771e-04
 EXTERNAL ERROR MATRIX.    NDIM=  25    NPAR= 11    ERR DEF=1
  8.110e+06 
 -3.140e-01  1.310e-06 
  1.313e+00  9.038e-08  1.237e-05 
 -6.665e-02  6.836e-08  8.135e-07  1.561e-06 
  2.132e-01 -4.839e-08 -1.236e-07 -1.209e-07  1.450e-06 
  4.398e-02  3.223e-08 -7.729e-08 -1.092e-08  1.540e-08  1.471e-06 
  5.922e+03 -6.506e-03 -4.240e-04  1.342e-04 -1.731e-03  7.545e-04  2.049e+02 
 -4.102e+05  5.188e-01  3.306e-02 -3.803e-03  1.330e-01 -6.308e-02 -1.592e+04  1.246e+06 
  1.006e+05 -1.170e-01  1.157e-04 -1.726e-03 -2.763e-02  1.365e-02  3.382e+03 -2.664e+05  5.809e+04 
 -2.023e+05  2.675e-01  2.684e-02 -6.176e-03  7.040e-02 -3.353e-02 -8.524e+03  6.649e+05 -1.406e+05  3.570e+05 
  4.086e+04 -7.566e-02 -2.377e-02  6.986e-03 -2.340e-02  1.085e-02  2.858e+03 -2.196e+05  4.418e+04 -1.211e+05  4.553e+04 
ERR MATRIX APPROXIMATE
 PARAMETER  CORRELATION COEFFICIENTS  
       NO.  GLOBAL      1      3      4      6     10     13     20     21     22     23     24
        1  0.40121   1.000 -0.096  0.131 -0.019  0.062  0.013  0.145 -0.129  0.147 -0.119  0.067
        3  0.46357  -0.096  1.000  0.022  0.048 -0.035  0.023 -0.397  0.406 -0.424  0.391 -0.310
        4  0.24581   0.131  0.022  1.000  0.185 -0.029 -0.018 -0.008  0.008  0.000  0.013 -0.032
        6  0.24916  -0.019  0.048  0.185  1.000 -0.080 -0.007  0.008 -0.003 -0.006 -0.008  0.026
       10  0.26557   0.062 -0.035 -0.029 -0.080  1.000  0.011 -0.100  0.099 -0.095  0.098 -0.091
       13  0.08413   0.013  0.023 -0.018 -0.007  0.011  1.000  0.043 -0.047  0.047 -0.046  0.042
       20  0.99762   0.145 -0.397 -0.008  0.008 -0.100  0.043  1.000 -0.996  0.980 -0.997  0.936
       21  0.99998  -0.129  0.406  0.008 -0.003  0.099 -0.047 -0.996  1.000 -0.990  0.997 -0.922
       22  0.99988   0.147 -0.424  0.000 -0.006 -0.095  0.047  0.980 -0.990  1.000 -0.976  0.859
       23  0.99998  -0.119  0.391  0.013 -0.008  0.098 -0.046 -0.997  0.997 -0.976  1.000 -0.950
       24  0.99979   0.067 -0.310 -0.032  0.026 -0.091  0.042  0.936 -0.922  0.859 -0.950  1.000
 ERR MATRIX APPROXIMATE
MINUIT - FIT ONLY 2-CBO
 **********
 **   25 **RES 
 **********
                   PARAMETER   16  beta_vw RESTORED TO VARIABLE.
                   PARAMETER   14  alpha_vw RESTORED TO VARIABLE.
                   PARAMETER   11  alpha_y RESTORED TO VARIABLE.
                   PARAMETER    9  alpha_2CBO RESTORED TO VARIABLE.
                   PARAMETER    8  beta_CBO RESTORED TO VARIABLE.
 **********
 **   26 **FIX            0
 **********
 PARAMETER    0  IS UNDEFINED. IGNORED.
 **********
 **   27 **FIX            1
 **********
 **********
 **   28 **FIX            2
 **********
 PARAMETER    2  IS CONSTANT.   IGNORED.
 **********
 **   29 **FIX            3
 **********
 **********
 **   30 **FIX            4
 **********
 **********
 **   31 **FIX            5
 **********
 PARAMETER    5  IS CONSTANT.   IGNORED.
 **********
 **   32 **FIX            6
 **********
 **********
 **   33 **FIX            7
 **********
 PARAMETER    7  IS CONSTANT.   IGNORED.
 **********
 **   34 **FIX           10
 **********
 **********
 **   35 **FIX           11
 **********
 **********
 **   36 **FIX           12
 **********
 PARAMETER   12  IS CONSTANT.   IGNORED.
 **********
 **   37 **FIX           13
 **********
 **********
 **   38 **FIX           14
 **********
 **********
 **   39 **FIX           15
 **********
 PARAMETER   15  IS CONSTANT.   IGNORED.
 **********
 **   40 **FIX           16
 **********
 **********
 **   41 **MIGRAD
 **********
 START MIGRAD MINIMIZATION.  STRATEGY  1.  CONVERGENCE WHEN EDM .LT. 1.00e-04
 FCN=50.4813 FROM MIGRAD    STATUS=INITIATE       18 CALLS        3271 TOTAL
                     EDM= unknown      STRATEGY= 1      NO ERROR MATRIX       
  EXT PARAMETER               CURRENT GUESS       STEP         FIRST   
  NO.   NAME      VALUE            ERROR          SIZE      DERIVATIVE 
   1  N0           3.09203e+06     fixed    
   2  tau          6.43983e+01   constant   
   3  A0           3.53380e-01     fixed    
   4  phi          4.12287e+00     fixed    
   5  R           -6.00563e+01   constant   
   6  alpha_CBO    1.19573e-03     fixed    
   7  w_CBO        2.32500e+00   constant   
   8  beta_CBO     0.00000e+00   1.00000e-03   1.00000e-03  -6.81220e+02
   9  alpha_2CBO   0.00000e+00   1.00000e-03   1.00000e-03  -1.55903e+03
  10  beta_2CBO    1.11995e-03     fixed    
  11  alpha_y      0.00000e+00     fixed    
  12  w_y          1.38860e+01   constant   
  13  beta_y       2.90684e-03     fixed    
  14  alpha_vw     0.00000e+00     fixed    
  15  w_vw         1.43404e+01   constant   
  16  beta_vw      0.00000e+00     fixed    
  17  LM          -1.62209e-04   constant   
  18  zeta_y       0.00000e+00   constant   
  19  zeta_vw      0.00000e+00   constant   
  20  T_CBO        3.85952e+01   1.43003e+01   1.01493e-04  -8.73025e-01
  21  alpha_A0     3.15564e+02   1.11631e+03  -6.25979e-01  -4.97234e-04
  22  beta_A0     -5.43180e+01   2.41024e+02  -1.42689e-01  -8.89230e-04
  23  alpha_phi    1.68001e+02   5.97479e+02  -7.29038e-01   4.13432e-04
  24  beta_phi    -6.29463e+01   2.13375e+02   7.97383e-01  -1.09771e-04
 MIGRAD MINIMIZATION HAS CONVERGED.
 MIGRAD WILL VERIFY CONVERGENCE AND ERROR MATRIX.
 FCN=49.351 FROM HESSE     STATUS=NOT POSDEF     50 CALLS        3384 TOTAL
                     EDM=0.00150147    STRATEGY= 1      ERR MATRIX NOT POS-DEF
  EXT PARAMETER                APPROXIMATE        STEP         FIRST   
  NO.   NAME      VALUE            ERROR          SIZE      DERIVATIVE 
   1  N0           3.09203e+06     fixed    
   2  tau          6.43983e+01   constant   
   3  A0           3.53380e-01     fixed    
   4  phi          4.12287e+00     fixed    
   5  R           -6.00563e+01   constant   
   6  alpha_CBO    1.19573e-03     fixed    
   7  w_CBO        2.32500e+00   constant   
   8  beta_CBO     5.44288e-04   1.21596e-03   4.18138e-06  -8.93177e-01
   9  alpha_2CBO   1.19470e-03   1.22296e-03   4.15325e-06   2.84011e-01
  10  beta_2CBO    1.11995e-03     fixed    
  11  alpha_y      0.00000e+00     fixed    
  12  w_y          1.38860e+01   constant   
  13  beta_y       2.90684e-03     fixed    
  14  alpha_vw     0.00000e+00     fixed    
  15  w_vw         1.43404e+01   constant   
  16  beta_vw      0.00000e+00     fixed    
  17  LM          -1.62209e-04   constant   
  18  zeta_y       0.00000e+00   constant   
  19  zeta_vw      0.00000e+00   constant   
  20  T_CBO        3.86639e+01   1.96199e+01   2.27145e-05   3.85162e-01
  21  alpha_A0     3.31334e+02   1.70379e+03   4.19044e-01  -1.44131e-05
  22  beta_A0     -3.57747e+01   2.13182e+02   3.91574e-01   9.88254e-06
  23  alpha_phi    1.66739e+02   8.62362e+02   3.87542e-01  -1.50117e-05
  24  beta_phi    -4.81020e+01   2.73392e+02   4.06392e-01  -3.74656e-06
 CALL LIMIT EXCEEDED IN MIGRAD.
 MIGRAD TERMINATED WITHOUT CONVERGENCE.
 FCN=49.2996 FROM MIGRAD    STATUS=CALL LIMIT   1148 CALLS        4401 TOTAL
                     EDM=0.00194782    STRATEGY= 1      ERR MATRIX NOT POS-DEF
  EXT PARAMETER                APPROXIMATE        STEP         FIRST   
  NO.   NAME      VALUE            ERROR          SIZE      DERIVATIVE 
   1  N0           3.09203e+06     fixed    
   2  tau          6.43983e+01   constant   
   3  A0           3.53380e-01     fixed    
   4  phi          4.12287e+00     fixed    
   5  R           -6.00563e+01   constant   
   6  alpha_CBO    1.19573e-03     fixed    
   7  w_CBO        2.32500e+00   constant   
   8  beta_CBO     5.39752e-04   1.21556e-03   1.21098e-05   6.80882e+00
   9  alpha_2CBO   1.19478e-03   1.21945e-03  -7.40558e-06   2.93230e-01
  10  beta_2CBO    1.11995e-03     fixed    
  11  alpha_y      0.00000e+00     fixed    
  12  w_y          1.38860e+01   constant   
  13  beta_y       2.90684e-03     fixed    
  14  alpha_vw     0.00000e+00     fixed    
  15  w_vw         1.43404e+01   constant   
  16  beta_vw      0.00000e+00     fixed    
  17  LM          -1.62209e-04   constant   
  18  zeta_y       0.00000e+00   constant   
  19  zeta_vw      0.00000e+00   constant   
  20  T_CBO        2.72597e+01   6.64876e+00  -1.29138e-03  -1.31035e+01
  21  alpha_A0     2.24168e+04   7.23170e+04   2.29044e+03  -9.05791e-06
  22  beta_A0     -2.55735e+03   8.17088e+03  -2.58611e+02  -5.19957e-06
  23  alpha_phi    1.15382e+04   3.70865e+04   1.17458e+03   4.42423e-06
  24  beta_phi    -3.15597e+03   1.03761e+04  -3.28840e+02   7.84830e-06
 EXTERNAL ERROR MATRIX.    NDIM=  25    NPAR=  7    ERR DEF=1
  1.478e-06  4.768e-08 -7.896e-05  2.079e+00 -2.102e-01  1.059e+00 -3.139e-01 
  4.768e-08  1.487e-06  1.462e-04 -1.397e+00  1.622e-01 -7.169e-01  2.286e-01 
 -7.896e-05  1.462e-04  4.423e+01 -4.805e+05  5.429e+04 -2.464e+05  6.894e+04 
  2.079e+00 -1.397e+00 -4.805e+05  5.230e+09 -5.908e+08  2.682e+09 -7.503e+08 
 -2.102e-01  1.622e-01  5.429e+04 -5.908e+08  6.676e+07 -3.030e+08  8.476e+07 
  1.059e+00 -7.169e-01 -2.464e+05  2.682e+09 -3.030e+08  1.375e+09 -3.848e+08 
 -3.139e-01  2.286e-01  6.894e+04 -7.503e+08  8.476e+07 -3.848e+08  1.077e+08 
ERR MATRIX NOT POS-DEF
 PARAMETER  CORRELATION COEFFICIENTS  
       NO.  GLOBAL      8      9     20     21     22     23     24
        8  0.36501   1.000  0.032 -0.010  0.024 -0.021  0.023 -0.025
        9  0.20444   0.032  1.000  0.018 -0.016  0.016 -0.016  0.018
       20  0.99928  -0.010  0.018  1.000 -0.999  0.999 -0.999  0.999
       21  0.99999   0.024 -0.016 -0.999  1.000 -1.000  1.000 -1.000
       22  0.99990  -0.021  0.016  0.999 -1.000  1.000 -1.000  1.000
       23  0.99999   0.023 -0.016 -0.999  1.000 -1.000  1.000 -1.000
       24  0.99993  -0.025  0.018  0.999 -1.000  1.000 -1.000  1.000
 ERR MATRIX NOT POS-DEF
MINUIT - FIT wiggle + 1-CBO + 2-CBO
 **********
 **   42 **RES 
 **********
                   PARAMETER   16  beta_vw RESTORED TO VARIABLE.
                   PARAMETER   14  alpha_vw RESTORED TO VARIABLE.
                   PARAMETER   13  beta_y RESTORED TO VARIABLE.
                   PARAMETER   11  alpha_y RESTORED TO VARIABLE.
                   PARAMETER   10  beta_2CBO RESTORED TO VARIABLE.
                   PARAMETER    6  alpha_CBO RESTORED TO VARIABLE.
                   PARAMETER    4  phi RESTORED TO VARIABLE.
                   PARAMETER    3  A0 RESTORED TO VARIABLE.
                   PARAMETER    1  N0 RESTORED TO VARIABLE.
 **********
 **   43 **FIX           10
 **********
 **********
 **   44 **FIX           11
 **********
 **********
 **   45 **FIX           12
 **********
 PARAMETER   12  IS CONSTANT.   IGNORED.
 **********
 **   46 **FIX           13
 **********
 **********
 **   47 **FIX           14
 **********
 **********
 **   48 **FIX           15
 **********
 PARAMETER   15  IS CONSTANT.   IGNORED.
 **********
 **   49 **FIX           16
 **********
 **********
 **   50 **MIGRAD
 **********
 START MIGRAD MINIMIZATION.  STRATEGY  1.  CONVERGENCE WHEN EDM .LT. 1.00e-04
 FCN=49.2996 FROM MIGRAD    STATUS=INITIATE       22 CALLS        4423 TOTAL
                     EDM= unknown      STRATEGY= 1      NO ERROR MATRIX       
  EXT PARAMETER               CURRENT GUESS       STEP         FIRST   
  NO.   NAME      VALUE            ERROR          SIZE      DERIVATIVE 
   1  N0           3.09203e+06   2.84780e+03   2.84780e+03   1.46703e-05
   2  tau          6.43983e+01   constant   
   3  A0           3.53380e-01   1.14445e-03   1.14445e-03   2.18718e+02
   4  phi          4.12287e+00   3.51691e-03   3.51691e-03   2.23646e+01
   5  R           -6.00563e+01   constant   
   6  alpha_CBO    1.19573e-03   1.24938e-03   1.24938e-03  -6.38380e+00
   7  w_CBO        2.32500e+00   constant   
   8  beta_CBO     5.39752e-04   1.21556e-03   1.21098e-05   6.80882e+00
   9  alpha_2CBO   1.19478e-03   1.21945e-03  -7.40558e-06   2.93230e-01
  10  beta_2CBO    1.11995e-03     fixed    
  11  alpha_y      0.00000e+00     fixed    
  12  w_y          1.38860e+01   constant   
  13  beta_y       2.90684e-03     fixed    
  14  alpha_vw     0.00000e+00     fixed    
  15  w_vw         1.43404e+01   constant   
  16  beta_vw      0.00000e+00     fixed    
  17  LM          -1.62209e-04   constant   
  18  zeta_y       0.00000e+00   constant   
  19  zeta_vw      0.00000e+00   constant   
  20  T_CBO        2.72597e+01   6.64876e+00  -1.29138e-03  -1.31035e+01
  21  alpha_A0     2.24168e+04   7.23170e+04   2.29044e+03  -9.05792e-06
  22  beta_A0     -2.55735e+03   8.17088e+03  -2.58611e+02  -5.19957e-06
  23  alpha_phi    1.15382e+04   3.70865e+04   1.17458e+03   4.42423e-06
  24  beta_phi    -3.15597e+03   1.03761e+04  -3.28840e+02   7.84830e-06
 MIGRAD MINIMIZATION HAS CONVERGED.
 MIGRAD WILL VERIFY CONVERGENCE AND ERROR MATRIX.
 FCN=49.2749 FROM HESSE     STATUS=NOT POSDEF    100 CALLS        4617 TOTAL
                     EDM=0.000545545    STRATEGY= 1      ERR MATRIX NOT POS-DEF
  EXT PARAMETER                APPROXIMATE        STEP         FIRST   
  NO.   NAME      VALUE            ERROR          SIZE      DERIVATIVE 
   1  N0           3.09204e+06   2.83499e+03   8.31570e+00  -2.06166e-07
   2  tau          6.43983e+01   constant   
   3  A0           3.53203e-01   1.23979e-03   4.02924e-06  -8.55464e-02
   4  phi          4.12273e+00   3.57899e-03   1.18134e-05   8.66089e-02
   5  R           -6.00563e+01   constant   
   6  alpha_CBO    1.18749e-03   1.24711e-03   4.18115e-06  -4.96265e-01
   7  w_CBO        2.32500e+00   constant   
   8  beta_CBO     5.82417e-04   1.25484e-03   4.17827e-06   1.61888e-01
   9  alpha_2CBO   1.20706e-03   1.22678e-03   4.15018e-06   3.58335e-01
  10  beta_2CBO    1.11995e-03     fixed    
  11  alpha_y      0.00000e+00     fixed    
  12  w_y          1.38860e+01   constant   
  13  beta_y       2.90684e-03     fixed    
  14  alpha_vw     0.00000e+00     fixed    
  15  w_vw         1.43404e+01   constant   
  16  beta_vw      0.00000e+00     fixed    
  17  LM          -1.62209e-04   constant   
  18  zeta_y       0.00000e+00   constant   
  19  zeta_vw      0.00000e+00   constant   
  20  T_CBO        2.72757e+01   9.34519e+00   1.32354e-05   3.36342e-01
  21  alpha_A0     2.26786e+04   1.11407e+05   1.63694e+01  -1.89550e-07
  22  beta_A0     -2.17953e+03   1.31120e+04   1.59575e+01   9.34505e-09
  23  alpha_phi    1.15892e+04   5.72770e+04   1.59468e+01  -1.07062e-07
  24  beta_phi    -3.45632e+03   1.89540e+04   1.62269e+01   7.65266e-09
 CALL LIMIT EXCEEDED IN MIGRAD.
 MIGRAD TERMINATED WITHOUT CONVERGENCE.
 FCN=49.2442 FROM MIGRAD    STATUS=CALL LIMIT   1934 CALLS        6335 TOTAL
                     EDM=0.00224264    STRATEGY= 1      ERR MATRIX NOT POS-DEF
  EXT PARAMETER                APPROXIMATE        STEP         FIRST   
  NO.   NAME      VALUE            ERROR          SIZE      DERIVATIVE 
   1  N0           3.09208e+06   2.83691e+03  -1.40168e+01  -5.38671e-06
   2  tau          6.43983e+01   constant   
   3  A0           3.53216e-01   1.22432e-03   1.12195e-06   4.83791e+00
   4  phi          4.12283e+00   3.56101e-03  -9.52740e-06  -1.61885e+00
   5  R           -6.00563e+01   constant   
   6  alpha_CBO    1.18966e-03   1.24428e-03   4.03769e-06   5.27343e+00
   7  w_CBO        2.32500e+00   constant   
   8  beta_CBO     5.73374e-04   1.24213e-03   2.20045e-06   2.05880e+00
   9  alpha_2CBO   1.21331e-03   1.24087e-03   6.98418e-06   6.76446e+00
  10  beta_2CBO    1.11995e-03     fixed    
  11  alpha_y      0.00000e+00     fixed    
  12  w_y          1.38860e+01   constant   
  13  beta_y       2.90684e-03     fixed    
  14  alpha_vw     0.00000e+00     fixed    
  15  w_vw         1.43404e+01   constant   
  16  beta_vw      0.00000e+00     fixed    
  17  LM          -1.62209e-04   constant   
  18  zeta_y       0.00000e+00   constant   
  19  zeta_vw      0.00000e+00   constant   
  20  T_CBO        2.13425e+01   3.98689e+00  -6.53020e-04   8.90214e+00
  21  alpha_A0     1.22053e+06   4.15712e+06   1.03743e+05   4.60740e-08
  22  beta_A0     -1.11579e+05   4.02094e+05  -1.02830e+04   4.41531e-09
  23  alpha_phi    6.21838e+05   2.12564e+06   5.31757e+04   1.20485e-08
  24  beta_phi    -1.94356e+05   7.27647e+05  -1.85460e+04  -1.36387e-08
 EXTERNAL ERROR MATRIX.    NDIM=  25    NPAR= 11    ERR DEF=1
  8.048e+06 
 -3.319e-01  1.499e-06 
  1.312e+00  1.569e-07  1.268e-05 
 -9.510e-02  5.669e-08  9.637e-07  1.548e-06 
 -2.096e-01 -3.220e-07 -1.541e-07  3.878e-08  1.543e-06 
 -5.698e-02 -4.588e-08 -2.893e-07 -1.213e-08  5.099e-08  1.540e-06 
  3.414e+03 -4.438e-04  2.201e-03 -9.316e-04 -4.085e-04 -1.595e-03  1.590e+01 
 -3.005e+09  3.559e+02 -2.088e+03  9.193e+02  3.961e+02  1.614e+03 -1.652e+07  1.728e+13 
  2.522e+08 -3.328e+01  1.654e+02 -8.749e+01 -3.644e+01 -1.388e+02  1.570e+06 -1.645e+12  1.617e+11 
 -1.527e+09  1.800e+02 -1.060e+03  4.687e+02  2.031e+02  8.206e+02 -8.444e+06  8.836e+12 -8.425e+11  4.518e+12 
  3.967e+08 -5.202e+01  2.458e+02 -1.540e+02 -6.789e+01 -2.268e+02  2.756e+06 -2.890e+12  2.904e+11 -1.482e+12  5.295e+11 
ERR MATRIX NOT POS-DEF
 PARAMETER  CORRELATION COEFFICIENTS  
       NO.  GLOBAL      1      3      4      6      8      9     20     21     22     23     24
        1  0.67365   1.000 -0.096  0.130 -0.027 -0.059 -0.016  0.302 -0.255  0.221 -0.253  0.192
        3  0.43271  -0.096  1.000  0.036  0.037 -0.212 -0.030 -0.091  0.070 -0.068  0.069 -0.058
        4  0.39808   0.130  0.036  1.000  0.217 -0.035 -0.065  0.155 -0.141  0.116 -0.140  0.095
        6  0.40134  -0.027  0.037  0.217  1.000  0.025 -0.008 -0.188  0.178 -0.175  0.177 -0.170
        8  0.29678  -0.059 -0.212 -0.035  0.025  1.000  0.033 -0.082  0.077 -0.073  0.077 -0.075
        9  0.45016  -0.016 -0.030 -0.065 -0.008  0.033  1.000 -0.322  0.313 -0.278  0.311 -0.251
       20  0.99812   0.302 -0.091  0.155 -0.188 -0.082 -0.322  1.000 -0.996  0.979 -0.996  0.950
       21  0.99999  -0.255  0.070 -0.141  0.178  0.077  0.313 -0.996  1.000 -0.984  1.000 -0.955
       22  0.99980   0.221 -0.068  0.116 -0.175 -0.073 -0.278  0.979 -0.984  1.000 -0.986  0.992
       23  0.99999  -0.253  0.069 -0.140  0.177  0.077  0.311 -0.996  1.000 -0.986  1.000 -0.958
       24  0.99946   0.192 -0.058  0.095 -0.170 -0.075 -0.251  0.950 -0.955  0.992 -0.958  1.000
 ERR MATRIX NOT POS-DEF
MINUIT - FIT ONLY 1-y
 **********
 **   51 **RES 
 **********
                   PARAMETER   16  beta_vw RESTORED TO VARIABLE.
                   PARAMETER   14  alpha_vw RESTORED TO VARIABLE.
                   PARAMETER   13  beta_y RESTORED TO VARIABLE.
                   PARAMETER   11  alpha_y RESTORED TO VARIABLE.
                   PARAMETER   10  beta_2CBO RESTORED TO VARIABLE.
 **********
 **   52 **FIX            0
 **********
 PARAMETER    0  IS UNDEFINED. IGNORED.
 **********
 **   53 **FIX            1
 **********
 **********
 **   54 **FIX            2
 **********
 PARAMETER    2  IS CONSTANT.   IGNORED.
 **********
 **   55 **FIX            3
 **********
 **********
 **   56 **FIX            4
 **********
 **********
 **   57 **FIX            5
 **********
 PARAMETER    5  IS CONSTANT.   IGNORED.
 **********
 **   58 **FIX            6
 **********
 **********
 **   59 **FIX            7
 **********
 PARAMETER    7  IS CONSTANT.   IGNORED.
 **********
 **   60 **FIX            8
 **********
 **********
 **   61 **FIX            9
 **********
 **********
 **   62 **FIX           13
 **********
 **********
 **   63 **FIX           14
 **********
 **********
 **   64 **FIX           15
 **********
 PARAMETER   15  IS CONSTANT.   IGNORED.
 **********
 **   65 **FIX           16
 **********
 **********
 **   66 **MIGRAD
 **********
 START MIGRAD MINIMIZATION.  STRATEGY  1.  CONVERGENCE WHEN EDM .LT. 1.00e-04
 FCN=49.2442 FROM MIGRAD    STATUS=INITIATE       16 CALLS        6351 TOTAL
                     EDM= unknown      STRATEGY= 1      NO ERROR MATRIX       
  EXT PARAMETER               CURRENT GUESS       STEP         FIRST   
  NO.   NAME      VALUE            ERROR          SIZE      DERIVATIVE 
   1  N0           3.09208e+06     fixed    
   2  tau          6.43983e+01   constant   
   3  A0           3.53216e-01     fixed    
   4  phi          4.12283e+00     fixed    
   5  R           -6.00563e+01   constant   
   6  alpha_CBO    1.18966e-03     fixed    
   7  w_CBO        2.32500e+00   constant   
   8  beta_CBO     5.73374e-04     fixed    
   9  alpha_2CBO   1.21331e-03     fixed    
  10  beta_2CBO    1.11995e-03   1.20415e-03   1.20415e-03  -5.13683e+00
  11  alpha_y      0.00000e+00   1.00000e-03   1.00000e-03   1.67942e+02
  12  w_y          1.38860e+01   constant   
  13  beta_y       2.90684e-03     fixed    
  14  alpha_vw     0.00000e+00     fixed    
  15  w_vw         1.43404e+01   constant   
  16  beta_vw      0.00000e+00     fixed    
  17  LM          -1.62209e-04   constant   
  18  zeta_y       0.00000e+00   constant   
  19  zeta_vw      0.00000e+00   constant   
  20  T_CBO        2.13425e+01   3.98689e+00  -6.53020e-04   8.90209e+00
  21  alpha_A0     1.22053e+06   4.15712e+06   1.03743e+05   4.60741e-08
  22  beta_A0     -1.11579e+05   4.02094e+05  -1.02830e+04   4.41471e-09
  23  alpha_phi    6.21838e+05   2.12564e+06   5.31757e+04   1.20485e-08
  24  beta_phi    -1.94356e+05   7.27647e+05  -1.85460e+04  -1.36387e-08
 MIGRAD MINIMIZATION HAS CONVERGED.
 MIGRAD WILL VERIFY CONVERGENCE AND ERROR MATRIX.
 FCN=49.2339 FROM HESSE     STATUS=NOT POSDEF     50 CALLS        6432 TOTAL
                     EDM=0.000232729    STRATEGY= 1      ERR MATRIX NOT POS-DEF
  EXT PARAMETER                APPROXIMATE        STEP         FIRST   
  NO.   NAME      VALUE            ERROR          SIZE      DERIVATIVE 
   1  N0           3.09208e+06     fixed    
   2  tau          6.43983e+01   constant   
   3  A0           3.53216e-01     fixed    
   4  phi          4.12283e+00     fixed    
   5  R           -6.00563e+01   constant   
   6  alpha_CBO    1.18966e-03     fixed    
   7  w_CBO        2.32500e+00   constant   
   8  beta_CBO     5.73374e-04     fixed    
   9  alpha_2CBO   1.21331e-03     fixed    
  10  beta_2CBO    1.12500e-03   1.24535e-03   4.20817e-06   3.15575e-01
  11  alpha_y     -1.21664e-04   1.19362e-03   4.14595e-06  -1.16344e+00
  12  w_y          1.38860e+01   constant   
  13  beta_y       2.90684e-03     fixed    
  14  alpha_vw     0.00000e+00     fixed    
  15  w_vw         1.43404e+01   constant   
  16  beta_vw      0.00000e+00     fixed    
  17  LM          -1.62209e-04   constant   
  18  zeta_y       0.00000e+00   constant   
  19  zeta_vw      0.00000e+00   constant   
  20  T_CBO        2.13397e+01   5.91916e+00   9.14740e-06   5.56655e-01
  21  alpha_A0     1.21803e+06   6.23218e+06   2.00450e+01  -1.37218e-09
  22  beta_A0     -1.12968e+05   6.87621e+05   2.00447e+01   4.71483e-09
  23  alpha_phi    6.21172e+05   3.16149e+06   2.00447e+01   2.00147e-09
  24  beta_phi    -1.93501e+05   1.07044e+06   2.00449e+01   2.78856e-09
 CALL LIMIT EXCEEDED IN MIGRAD.
 MIGRAD TERMINATED WITHOUT CONVERGENCE.
 FCN=49.2214 FROM MIGRAD    STATUS=CALL LIMIT   1152 CALLS        7487 TOTAL
                     EDM=7.48369e-05    STRATEGY= 1      ERR MATRIX NOT POS-DEF
  EXT PARAMETER                APPROXIMATE        STEP         FIRST   
  NO.   NAME      VALUE            ERROR          SIZE      DERIVATIVE 
   1  N0           3.09208e+06     fixed    
   2  tau          6.43983e+01   constant   
   3  A0           3.53216e-01     fixed    
   4  phi          4.12283e+00     fixed    
   5  R           -6.00563e+01   constant   
   6  alpha_CBO    1.18966e-03     fixed    
   7  w_CBO        2.32500e+00   constant   
   8  beta_CBO     5.73374e-04     fixed    
   9  alpha_2CBO   1.21331e-03     fixed    
  10  beta_2CBO    1.12921e-03   1.26503e-03   3.31754e-06  -3.35371e-01
  11  alpha_y     -1.22927e-04   1.20071e-03  -6.90051e-06  -1.70830e+00
  12  w_y          1.38860e+01   constant   
  13  beta_y       2.90684e-03     fixed    
  14  alpha_vw     0.00000e+00     fixed    
  15  w_vw         1.43404e+01   constant   
  16  beta_vw      0.00000e+00     fixed    
  17  LM          -1.62209e-04   constant   
  18  zeta_y       0.00000e+00   constant   
  19  zeta_vw      0.00000e+00   constant   
  20  T_CBO        1.85455e+01   6.06682e+00  -3.54353e-04  -5.42679e+00
  21  alpha_A0     1.91443e+07   1.26957e+08   9.86664e+05  -1.89810e-10
  22  beta_A0     -1.72432e+06   1.05482e+07  -7.73575e+04  -4.47339e-11
  23  alpha_phi    9.70696e+06   6.32128e+07   4.90543e+05  -3.50561e-09
  24  beta_phi    -3.09738e+06   1.99120e+07  -1.53736e+05   3.20118e-10
 EXTERNAL ERROR MATRIX.    NDIM=  25    NPAR=  7    ERR DEF=1
  1.600e-06  1.085e-08 -7.910e-04  1.696e+04 -6.246e+02  7.887e+03 -2.241e+03 
  1.085e-08  1.442e-06  1.137e-03 -2.512e+04  2.419e+03 -1.289e+04  4.209e+03 
 -7.910e-04  1.137e-03  3.683e+01 -7.696e+08  6.087e+07 -3.832e+08  1.202e+08 
  1.696e+04 -2.512e+04 -7.696e+08  1.612e+16 -1.265e+15  8.017e+15 -2.511e+15 
 -6.246e+02  2.419e+03  6.087e+07 -1.265e+15  1.113e+14 -6.386e+14  2.047e+14 
  7.887e+03 -1.289e+04 -3.832e+08  8.017e+15 -6.386e+14  3.996e+15 -1.255e+15 
 -2.241e+03  4.209e+03  1.202e+08 -2.511e+15  2.047e+14 -1.255e+15  3.965e+14 
ERR MATRIX NOT POS-DEF
 PARAMETER  CORRELATION COEFFICIENTS  
       NO.  GLOBAL     10     11     20     21     22     23     24
       10  0.20924   1.000  0.007 -0.103  0.106 -0.047  0.099 -0.089
       11  0.32221   0.007  1.000  0.156 -0.165  0.191 -0.170  0.176
       20  0.99914  -0.103  0.156  1.000 -0.999  0.951 -0.999  0.995
       21  0.99996   0.106 -0.165 -0.999  1.000 -0.944  0.999 -0.993
       22  0.99850  -0.047  0.191  0.951 -0.944  1.000 -0.958  0.975
       23  0.99997   0.099 -0.170 -0.999  0.999 -0.958  1.000 -0.997
       24  0.99972  -0.089  0.176  0.995 -0.993  0.975 -0.997  1.000
 ERR MATRIX NOT POS-DEF
MINUIT - FIT ONLY 2-y
 **********
 **   67 **RES 
 **********
                   PARAMETER   16  beta_vw RESTORED TO VARIABLE.
                   PARAMETER   14  alpha_vw RESTORED TO VARIABLE.
                   PARAMETER   13  beta_y RESTORED TO VARIABLE.
                   PARAMETER    9  alpha_2CBO RESTORED TO VARIABLE.
                   PARAMETER    8  beta_CBO RESTORED TO VARIABLE.
                   PARAMETER    6  alpha_CBO RESTORED TO VARIABLE.
                   PARAMETER    4  phi RESTORED TO VARIABLE.
                   PARAMETER    3  A0 RESTORED TO VARIABLE.
                   PARAMETER    1  N0 RESTORED TO VARIABLE.
 **********
 **   68 **FIX            0
 **********
 PARAMETER    0  IS UNDEFINED. IGNORED.
 **********
 **   69 **FIX            1
 **********
 **********
 **   70 **FIX            2
 **********
 PARAMETER    2  IS CONSTANT.   IGNORED.
 **********
 **   71 **FIX            3
 **********
 **********
 **   72 **FIX            4
 **********
 **********
 **   73 **FIX            5
 **********
