 + ++++++++++++++++++++++++++++++++++++++++++++++++++++++++++++++++++++ +
 +                                                                      +
 +           You have chose to blind your fitting according to          +
 +                omega_ref * (1 + (R +/- deltaR) *10^{-6})             +
 +                                                                      +
 + ++++++++++++++++++++++++++++++++++++++++++++++++++++++++++++++++++++ +
In main()...
reading format from /gm2data/zkhechad/run45/envelope/formats/formatB_sBin_constraintOn.txt
pBinTau 	= 0  
pBinPhi 	= 0  
constraintau 	= 1 
includeMopTerm 	= 0    
constrainMop    = 0   
Parameters after format file: pBinTau 0 pBinPhi 0 constraintau 1 includeMopTerm 0 constrainMop 0 c_e_scale 0.000000 
Opening file /gm2data/tbarrett/gm2fr/studies/run23_bunch_corrections/CorrectedFourier_Run3b.root.
reading full fit data from /gm2data/zkhechad/cboTemplates/Run4CBOTemplates/templateFits0_v2.0/noRF/sBin_constraintOn_cE0.0_seed0_noRF_calo21.root
windowBins = 17
fitting sliding window 360 from bin 496 at 73.854000 to bin 513 at 76.539600 (17 bins)

Reading data from /gm2data/cornell/histograms/aMethod/histogram_a_noRF.root
 **********
 **    1 **SET PRINTOUT            1
 **********
 **********
 **    2 **SET NOWARNINGS 
 **********
 PARAMETER DEFINITIONS:
    NO.   NAME         VALUE      STEP SIZE      LIMITS
     1 N0           2.83546e+06  1.00000e+02     no limits
     2 tau          6.43976e+01  constant
     3 A0           3.54104e-01  1.00000e-04     no limits
     4 phi          4.11635e+00  1.00000e-02     no limits
     5 R           -5.94693e+01  constant
     6 alpha_CBO    0.00000e+00  1.00000e-03     no limits
     7 w_CBO        2.32500e+00  constant
     8 beta_CBO     0.00000e+00  1.00000e-03     no limits
     9 alpha_2CBO   0.00000e+00  1.00000e-03     no limits
    10 beta_2CBO    0.00000e+00  1.00000e-03     no limits
    11 alpha_y      0.00000e+00  1.00000e-03     no limits
    12 w_y          1.44500e+01  constant
    13 beta_y       0.00000e+00  1.00000e-03     no limits
    14 alpha_vw     0.00000e+00  1.00000e-03     no limits
    15 w_vw         1.29000e+01  constant
    16 beta_vw      0.00000e+00  1.00000e-03     no limits
    17 LM          -2.20020e-04  constant
    18 zeta_y       0.00000e+00  constant
    19 zeta_vw      0.00000e+00  constant
    20 T_CBO        1.00000e+02  1.00000e+00    0.00000e+00  1.00000e+03
    21 alpha_A0     0.00000e+00  1.00000e-03     no limits
    22 beta_A0      0.00000e+00  1.00000e-03     no limits
    23 alpha_phi    0.00000e+00  1.00000e-03     no limits
    24 beta_phi     0.00000e+00  1.00000e-03     no limits
MINUIT - FIT ONLY WIGGLE
 **********
 **    3 **FIX            5
 **********
 PARAMETER    5  IS CONSTANT.   IGNORED.
 **********
 **    4 **FIX            6
 **********
 **********
 **    5 **FIX            7
 **********
 PARAMETER    7  IS CONSTANT.   IGNORED.
 **********
 **    6 **FIX            8
 **********
 **********
 **    7 **FIX            9
 **********
 **********
 **    8 **FIX           10
 **********
 **********
 **    9 **FIX           11
 **********
 **********
 **   10 **FIX           12
 **********
 PARAMETER   12  IS CONSTANT.   IGNORED.
 **********
 **   11 **FIX           13
 **********
 **********
 **   12 **FIX           14
 **********
 **********
 **   13 **FIX           15
 **********
 PARAMETER   15  IS CONSTANT.   IGNORED.
 **********
 **   14 **FIX           16
 **********
 **********
 **   15 **MIGRAD
 **********
 FIRST CALL TO USER FUNCTION AT NEW START POINT, WITH IFLAG=4.
 START MIGRAD MINIMIZATION.  STRATEGY  1.  CONVERGENCE WHEN EDM .LT. 1.00e-04
 FCN=939.545 FROM MIGRAD    STATUS=INITIATE      433 CALLS         434 TOTAL
                     EDM= unknown      STRATEGY= 1      NO ERROR MATRIX       
  EXT PARAMETER               CURRENT GUESS       STEP         FIRST   
  NO.   NAME      VALUE            ERROR          SIZE      DERIVATIVE 
   1  N0           2.83546e+06   1.00000e+02   0.00000e+00  -4.03997e-03
   2  tau          6.43976e+01   constant   
   3  A0           3.54104e-01   1.00000e-04   0.00000e+00   5.02603e+03
   4  phi          4.11635e+00   1.00000e-02   0.00000e+00  -9.34166e+04
   5  R           -5.94693e+01   constant   
   6  alpha_CBO    0.00000e+00     fixed    
   7  w_CBO        2.32500e+00   constant   
   8  beta_CBO     0.00000e+00     fixed    
   9  alpha_2CBO   0.00000e+00     fixed    
  10  beta_2CBO    0.00000e+00     fixed    
  11  alpha_y      0.00000e+00     fixed    
  12  w_y          1.44500e+01   constant   
  13  beta_y       0.00000e+00     fixed    
  14  alpha_vw     0.00000e+00     fixed    
  15  w_vw         1.29000e+01   constant   
  16  beta_vw      0.00000e+00     fixed    
  17  LM          -2.20020e-04   constant   
  18  zeta_y       0.00000e+00   constant   
  19  zeta_vw      0.00000e+00   constant   
  20  T_CBO        1.00000e+02   1.00000e+00   0.00000e+00   0.00000e+00
  21  alpha_A0     0.00000e+00   1.00000e-03   0.00000e+00   6.97162e+02
  22  beta_A0      0.00000e+00   1.00000e-03   0.00000e+00  -1.37685e+03
  23  alpha_phi    0.00000e+00   1.00000e-03   0.00000e+00  -2.85566e+04
  24  beta_phi     0.00000e+00   1.00000e-03   0.00000e+00   6.51350e+03
 CALL LIMIT EXCEEDED IN MIGRAD.
 MIGRAD TERMINATED WITHOUT CONVERGENCE.
 FCN=124.012 FROM MIGRAD    STATUS=CALL LIMIT   1333 CALLS        1334 TOTAL
                     EDM=0.0056666    STRATEGY= 1  ERROR MATRIX UNCERTAINTY   7.5 per cent
  EXT PARAMETER                APPROXIMATE        STEP         FIRST   
  NO.   NAME      VALUE            ERROR          SIZE      DERIVATIVE 
   1  N0           2.84488e+06   7.74058e+02  -5.16535e+01  -1.05140e-06
   2  tau          6.43976e+01   constant   
   3  A0           3.56724e-01   2.71394e-04  -2.83945e-05  -3.82454e+02
   4  phi          4.13536e+00   9.17849e-04   1.64615e-05   1.82196e+02
   5  R           -5.94693e+01   constant   
   6  alpha_CBO    0.00000e+00     fixed    
   7  w_CBO        2.32500e+00   constant   
   8  beta_CBO     0.00000e+00     fixed    
   9  alpha_2CBO   0.00000e+00     fixed    
  10  beta_2CBO    0.00000e+00     fixed    
  11  alpha_y      0.00000e+00     fixed    
  12  w_y          1.44500e+01   constant   
  13  beta_y       0.00000e+00     fixed    
  14  alpha_vw     0.00000e+00     fixed    
  15  w_vw         1.29000e+01   constant   
  16  beta_vw      0.00000e+00     fixed    
  17  LM          -2.20020e-04   constant   
  18  zeta_y       0.00000e+00   constant   
  19  zeta_vw      0.00000e+00   constant   
  20  T_CBO        1.89169e+01   3.99707e+00  -1.59975e-03  -3.44951e+01
  21  alpha_A0     1.30435e-01   1.02270e-01   6.07125e-03  -6.65794e-02
  22  beta_A0     -3.86823e-01   3.07898e-01  -1.86361e-02   1.83609e+00
  23  alpha_phi   -9.62473e-02   1.08637e-01  -6.58776e-03   6.15389e+00
  24  beta_phi     1.25489e-01   1.02174e-01   6.05898e-03   9.17482e-01
 EXTERNAL ERROR MATRIX.    NDIM=  25    NPAR=  8    ERR DEF=1
  5.992e+05  1.533e-01  3.588e-01 -9.011e+02  2.394e+01 -6.907e+01 -2.452e+01  2.375e+01 
  1.533e-01  7.365e-08  6.666e-08 -9.954e-05  1.781e-06 -4.366e-06 -1.555e-06  1.818e-06 
  3.588e-01  6.666e-08  8.424e-07 -2.254e-03  6.384e-05 -1.927e-04 -6.805e-05  6.384e-05 
 -9.011e+02 -9.954e-05 -2.254e-03  1.598e+01 -4.033e-01  1.215e+00  4.280e-01 -4.029e-01 
  2.394e+01  1.781e-06  6.384e-05 -4.033e-01  1.046e-02 -3.147e-02 -1.111e-02  1.045e-02 
 -6.907e+01 -4.366e-06 -1.927e-04  1.215e+00 -3.147e-02  9.480e-02  3.344e-02 -3.144e-02 
 -2.452e+01 -1.555e-06 -6.805e-05  4.280e-01 -1.111e-02  3.344e-02  1.180e-02 -1.110e-02 
  2.375e+01  1.818e-06  6.384e-05 -4.029e-01  1.045e-02 -3.144e-02 -1.110e-02  1.044e-02 
ERR MATRIX APPROXIMATE
 PARAMETER  CORRELATION COEFFICIENTS  
       NO.  GLOBAL      1      3      4     20     21     22     23     24
        1  0.82933   1.000  0.730  0.505 -0.291  0.302 -0.290 -0.292  0.300
        3  0.83594   0.730  1.000  0.268 -0.092  0.064 -0.052 -0.053  0.066
        4  0.88590   0.505  0.268  1.000 -0.614  0.680 -0.682 -0.682  0.681
       20  0.99532  -0.291 -0.092 -0.614  1.000 -0.986  0.987  0.986 -0.986
       21  0.99988   0.302  0.064  0.680 -0.986  1.000 -0.999 -1.000  1.000
       22  0.99987  -0.290 -0.052 -0.682  0.987 -0.999  1.000  1.000 -0.999
       23  0.99994  -0.292 -0.053 -0.682  0.986 -1.000  1.000  1.000 -1.000
       24  0.99988   0.300  0.066  0.681 -0.986  1.000 -0.999 -1.000  1.000
 ERR MATRIX APPROXIMATE
MINUIT - FIT ONLY 1-CBO + wiggle
 **********
 **   16 **RES 
 **********
                   PARAMETER   16  beta_vw RESTORED TO VARIABLE.
                   PARAMETER   14  alpha_vw RESTORED TO VARIABLE.
                   PARAMETER   13  beta_y RESTORED TO VARIABLE.
                   PARAMETER   11  alpha_y RESTORED TO VARIABLE.
                   PARAMETER   10  beta_2CBO RESTORED TO VARIABLE.
                   PARAMETER    9  alpha_2CBO RESTORED TO VARIABLE.
                   PARAMETER    8  beta_CBO RESTORED TO VARIABLE.
                   PARAMETER    6  alpha_CBO RESTORED TO VARIABLE.
 **********
 **   17 **FIX            8
 **********
 **********
 **   18 **FIX            9
 **********
 **********
 **   19 **FIX           11
 **********
 **********
 **   20 **FIX           12
 **********
 PARAMETER   12  IS CONSTANT.   IGNORED.
 **********
 **   21 **FIX           14
 **********
 **********
 **   22 **FIX           15
 **********
 PARAMETER   15  IS CONSTANT.   IGNORED.
 **********
 **   23 **FIX           16
 **********
 **********
 **   24 **MIGRAD
 **********
 START MIGRAD MINIMIZATION.  STRATEGY  1.  CONVERGENCE WHEN EDM .LT. 1.00e-04
 FCN=124.012 FROM MIGRAD    STATUS=INITIATE       28 CALLS        1362 TOTAL
                     EDM= unknown      STRATEGY= 1      NO ERROR MATRIX       
  EXT PARAMETER               CURRENT GUESS       STEP         FIRST   
  NO.   NAME      VALUE            ERROR          SIZE      DERIVATIVE 
   1  N0           2.84488e+06   7.74058e+02  -5.16535e+01  -1.05140e-06
   2  tau          6.43976e+01   constant   
   3  A0           3.56724e-01   2.71394e-04  -2.83945e-05  -3.82454e+02
   4  phi          4.13536e+00   9.17849e-04   1.64615e-05   1.82196e+02
   5  R           -5.94693e+01   constant   
   6  alpha_CBO    0.00000e+00   1.00000e-03   1.00000e-03   2.24284e+03
   7  w_CBO        2.32500e+00   constant   
   8  beta_CBO     0.00000e+00     fixed    
   9  alpha_2CBO   0.00000e+00     fixed    
  10  beta_2CBO    0.00000e+00   1.00000e-03   1.00000e-03   7.53065e+03
  11  alpha_y      0.00000e+00     fixed    
  12  w_y          1.44500e+01   constant   
  13  beta_y       0.00000e+00   1.00000e-03   1.00000e-03  -3.87619e+04
  14  alpha_vw     0.00000e+00     fixed    
  15  w_vw         1.29000e+01   constant   
  16  beta_vw      0.00000e+00     fixed    
  17  LM          -2.20020e-04   constant   
  18  zeta_y       0.00000e+00   constant   
  19  zeta_vw      0.00000e+00   constant   
  20  T_CBO        1.89169e+01   3.99707e+00  -1.59975e-03  -3.44952e+01
  21  alpha_A0     1.30435e-01   1.02270e-01   6.07125e-03  -6.65794e-02
  22  beta_A0     -3.86823e-01   3.07898e-01  -1.86361e-02   1.83609e+00
  23  alpha_phi   -9.62473e-02   1.08637e-01  -6.58776e-03   6.15389e+00
  24  beta_phi     1.25489e-01   1.02174e-01   6.05898e-03   9.17482e-01
 MIGRAD MINIMIZATION HAS CONVERGED.
 FCN=77.4655 FROM MIGRAD    STATUS=CONVERGED    1681 CALLS        3015 TOTAL
                     EDM=6.62038e-06    STRATEGY= 1  ERROR MATRIX UNCERTAINTY   1.8 per cent
  EXT PARAMETER                                   STEP         FIRST   
  NO.   NAME      VALUE            ERROR          SIZE      DERIVATIVE 
   1  N0           2.84122e+06   9.29314e+03  -1.45879e+01  -5.92370e-06
   2  tau          6.43976e+01   constant   
   3  A0           3.76235e-01   8.22481e-03   2.84118e-05   4.32727e+00
   4  phi          4.06296e+00   8.59074e-03  -3.02172e-05   3.84789e+00
   5  R           -5.94693e+01   constant   
   6  alpha_CBO    6.26107e-02   1.78475e-02   6.67751e-05  -2.37027e+00
   7  w_CBO        2.32500e+00   constant   
   8  beta_CBO     0.00000e+00     fixed    
   9  alpha_2CBO   0.00000e+00     fixed    
  10  beta_2CBO   -3.10529e-02   8.11563e-03  -2.94667e-05  -5.36247e+00
  11  alpha_y      0.00000e+00     fixed    
  12  w_y          1.44500e+01   constant   
  13  beta_y       1.06175e-03   2.36931e-04  -5.08097e-07  -6.41217e-01
  14  alpha_vw     0.00000e+00     fixed    
  15  w_vw         1.29000e+01   constant   
  16  beta_vw      0.00000e+00     fixed    
  17  LM          -2.20020e-04   constant   
  18  zeta_y       0.00000e+00   constant   
  19  zeta_vw      0.00000e+00   constant   
  20  T_CBO        1.93695e+01   6.84430e-02  -1.81331e-06   2.78527e+00
  21  alpha_A0     2.21061e+00   6.08814e-01   1.93453e-04   1.21104e-01
  22  beta_A0      5.16607e+00   1.08084e+00   4.31071e-03   4.26029e-02
  23  alpha_phi    1.57108e+01   3.62368e+00   1.42811e-02  -2.28653e-02
  24  beta_phi     6.88982e-01   1.02751e+00   2.33761e-03   1.34268e-02
 EXTERNAL ERROR MATRIX.    NDIM=  25    NPAR= 11    ERR DEF=1
  8.636e+07 
 -5.821e+01  6.765e-05 
 -5.357e+00 -3.496e-05  7.380e-05 
 -1.089e+02  1.365e-04 -6.539e-05  3.185e-04 
  5.801e+01 -6.209e-05  2.254e-05 -1.423e-04  6.586e-05 
  2.105e-01 -2.571e-07  1.006e-07 -4.689e-07  2.226e-07  5.614e-08 
  8.795e+01 -3.479e-04  3.234e-04 -9.895e-04  3.996e-04  6.345e-09  4.684e-03 
  5.119e+03 -2.431e-03 -1.977e-03 -3.448e-03  2.258e-03  1.228e-05 -1.009e-02  3.707e-01 
 -3.304e+03  7.589e-03 -7.630e-03  1.626e-02 -6.634e-03 -2.378e-05 -5.929e-02  1.912e-02  1.168e+00 
 -2.136e+04  2.821e-02 -1.615e-02  6.428e-02 -2.852e-02 -9.402e-05 -2.018e-01 -6.211e-01  3.485e+00  1.313e+01 
 -9.140e+03  7.547e-03 -6.829e-04  1.503e-02 -7.437e-03 -2.973e-05 -2.567e-02 -4.993e-01  5.929e-01  2.977e+00  1.056e+00 
 PARAMETER  CORRELATION COEFFICIENTS  
       NO.  GLOBAL      1      3      4      6     10     13     20     21     22     23     24
        1  0.99905   1.000 -0.762 -0.067 -0.656  0.769  0.096  0.138  0.905 -0.329 -0.634 -0.957
        3  0.99972  -0.762  1.000 -0.495  0.930 -0.930 -0.132 -0.618 -0.485  0.854  0.946  0.893
        4  0.99991  -0.067 -0.495  1.000 -0.426  0.323  0.049  0.550 -0.378 -0.822 -0.519 -0.077
        6  1.00000  -0.656  0.930 -0.426  1.000 -0.982 -0.111 -0.810 -0.317  0.843  0.994  0.820
       10  0.99979   0.769 -0.930  0.323 -0.982  1.000  0.116  0.719  0.457 -0.756 -0.970 -0.892
       13  0.80875   0.096 -0.132  0.049 -0.111  0.116  1.000  0.000  0.085 -0.093 -0.110 -0.122
       20  0.99330   0.138 -0.618  0.550 -0.810  0.719  0.000  1.000 -0.242 -0.801 -0.814 -0.365
       21  0.99937   0.905 -0.485 -0.378 -0.317  0.457  0.085 -0.242  1.000  0.029 -0.282 -0.798
       22  0.99944  -0.329  0.854 -0.822  0.843 -0.756 -0.093 -0.801  0.029  1.000  0.890  0.534
       23  1.00000  -0.634  0.946 -0.519  0.994 -0.970 -0.110 -0.814 -0.282  0.890  1.000  0.800
       24  0.99965  -0.957  0.893 -0.077  0.820 -0.892 -0.122 -0.365 -0.798  0.534  0.800  1.000
MINUIT - FIT ONLY 2-CBO
 **********
 **   25 **RES 
 **********
                   PARAMETER   16  beta_vw RESTORED TO VARIABLE.
                   PARAMETER   14  alpha_vw RESTORED TO VARIABLE.
                   PARAMETER   11  alpha_y RESTORED TO VARIABLE.
                   PARAMETER    9  alpha_2CBO RESTORED TO VARIABLE.
                   PARAMETER    8  beta_CBO RESTORED TO VARIABLE.
 **********
 **   26 **FIX            0
 **********
 PARAMETER    0  IS UNDEFINED. IGNORED.
 **********
 **   27 **FIX            1
 **********
 **********
 **   28 **FIX            2
 **********
 PARAMETER    2  IS CONSTANT.   IGNORED.
 **********
 **   29 **FIX            3
 **********
 **********
 **   30 **FIX            4
 **********
 **********
 **   31 **FIX            5
 **********
 PARAMETER    5  IS CONSTANT.   IGNORED.
 **********
 **   32 **FIX            6
 **********
 **********
 **   33 **FIX            7
 **********
 PARAMETER    7  IS CONSTANT.   IGNORED.
 **********
 **   34 **FIX           10
 **********
 **********
 **   35 **FIX           11
 **********
 **********
 **   36 **FIX           12
 **********
 PARAMETER   12  IS CONSTANT.   IGNORED.
 **********
 **   37 **FIX           13
 **********
 **********
 **   38 **FIX           14
 **********
 **********
 **   39 **FIX           15
 **********
 PARAMETER   15  IS CONSTANT.   IGNORED.
 **********
 **   40 **FIX           16
 **********
 **********
 **   41 **MIGRAD
 **********
 START MIGRAD MINIMIZATION.  STRATEGY  1.  CONVERGENCE WHEN EDM .LT. 1.00e-04
 FCN=77.4655 FROM MIGRAD    STATUS=INITIATE       18 CALLS        3033 TOTAL
                     EDM= unknown      STRATEGY= 1      NO ERROR MATRIX       
  EXT PARAMETER               CURRENT GUESS       STEP         FIRST   
  NO.   NAME      VALUE            ERROR          SIZE      DERIVATIVE 
   1  N0           2.84122e+06     fixed    
   2  tau          6.43976e+01   constant   
   3  A0           3.76235e-01     fixed    
   4  phi          4.06296e+00     fixed    
   5  R           -5.94693e+01   constant   
   6  alpha_CBO    6.26107e-02     fixed    
   7  w_CBO        2.32500e+00   constant   
   8  beta_CBO     0.00000e+00   1.00000e-03   1.00000e-03   7.95182e+00
   9  alpha_2CBO   0.00000e+00   1.00000e-03   1.00000e-03   1.80672e+02
  10  beta_2CBO   -3.10529e-02     fixed    
  11  alpha_y      0.00000e+00     fixed    
  12  w_y          1.44500e+01   constant   
  13  beta_y       1.06175e-03     fixed    
  14  alpha_vw     0.00000e+00     fixed    
  15  w_vw         1.29000e+01   constant   
  16  beta_vw      0.00000e+00     fixed    
  17  LM          -2.20020e-04   constant   
  18  zeta_y       0.00000e+00   constant   
  19  zeta_vw      0.00000e+00   constant   
  20  T_CBO        1.93695e+01   6.84430e-02  -1.81331e-06   2.78527e+00
  21  alpha_A0     2.21061e+00   6.08814e-01   1.93453e-04   1.21104e-01
  22  beta_A0      5.16607e+00   1.08084e+00   4.31071e-03   4.26031e-02
  23  alpha_phi    1.57108e+01   3.62368e+00   1.42811e-02  -2.28653e-02
  24  beta_phi     6.88982e-01   1.02751e+00   2.33761e-03   1.34268e-02
 MIGRAD MINIMIZATION HAS CONVERGED.
 MIGRAD WILL VERIFY CONVERGENCE AND ERROR MATRIX.
 FCN=77.4435 FROM MIGRAD    STATUS=CONVERGED     166 CALLS        3181 TOTAL
                     EDM=4.90807e-06    STRATEGY= 1      ERR MATRIX NOT POS-DEF
  EXT PARAMETER                APPROXIMATE        STEP         FIRST   
  NO.   NAME      VALUE            ERROR          SIZE      DERIVATIVE 
   1  N0           2.84122e+06     fixed    
   2  tau          6.43976e+01   constant   
   3  A0           3.76235e-01     fixed    
   4  phi          4.06296e+00     fixed    
   5  R           -5.94693e+01   constant   
   6  alpha_CBO    6.26107e-02     fixed    
   7  w_CBO        2.32500e+00   constant   
   8  beta_CBO    -1.99853e-04   1.20329e-03   1.02297e-06  -1.07786e-01
   9  alpha_2CBO  -2.15225e-04   1.24524e-03   1.01016e-06   5.14134e-01
  10  beta_2CBO   -3.10529e-02     fixed    
  11  alpha_y      0.00000e+00     fixed    
  12  w_y          1.44500e+01   constant   
  13  beta_y       1.06175e-03     fixed    
  14  alpha_vw     0.00000e+00     fixed    
  15  w_vw         1.29000e+01   constant   
  16  beta_vw      0.00000e+00     fixed    
  17  LM          -2.20020e-04   constant   
  18  zeta_y       0.00000e+00   constant   
  19  zeta_vw      0.00000e+00   constant   
  20  T_CBO        1.93702e+01   1.61264e-01   6.15852e-07   1.06476e+00
  21  alpha_A0     2.18790e+00   1.51700e-01   1.20236e-04  -1.36849e-03
  22  beta_A0      5.16239e+00   1.73065e-01   1.57705e-04  -1.41455e-03
  23  alpha_phi    1.57214e+01   5.09127e-01   1.53393e-04  -2.99741e-03
  24  beta_phi     6.54924e-01   2.00498e-01   1.34550e-04  -1.71294e-03
 EXTERNAL ERROR MATRIX.    NDIM=  25    NPAR=  7    ERR DEF=1
  1.448e-06  1.411e-06 -7.568e-07  1.501e-04  2.954e-05 -8.098e-05  2.322e-04 
  1.411e-06  1.551e-06 -2.903e-06  1.608e-04  2.214e-05 -8.298e-05  2.420e-04 
 -7.568e-07 -2.903e-06  2.601e-02 -1.213e-02 -2.669e-02 -8.101e-02 -3.720e-03 
  1.501e-04  1.608e-04 -1.213e-02  2.301e-02  1.468e-02  2.810e-02  2.711e-02 
  2.954e-05  2.214e-05 -2.669e-02  1.468e-02  2.995e-02  8.243e-02  7.247e-03 
 -8.098e-05 -8.298e-05 -8.101e-02  2.810e-02  8.243e-02  2.592e-01 -2.969e-03 
  2.322e-04  2.420e-04 -3.720e-03  2.711e-02  7.247e-03 -2.969e-03  4.020e-02 
ERR MATRIX NOT POS-DEF
 PARAMETER  CORRELATION COEFFICIENTS  
       NO.  GLOBAL      8      9     20     21     22     23     24
        8  0.98053   1.000  0.942 -0.004  0.822  0.142 -0.132  0.962
        9  0.98229   0.942  1.000 -0.014  0.851  0.103 -0.131  0.969
       20  0.99768  -0.004 -0.014  1.000 -0.496 -0.956 -0.987 -0.115
       21  0.98310   0.822  0.851 -0.496  1.000  0.559  0.364  0.891
       22  0.97760   0.142  0.103 -0.956  0.559  1.000  0.935  0.209
       23  0.99758  -0.132 -0.131 -0.987  0.364  0.935  1.000 -0.029
       24  0.98792   0.962  0.969 -0.115  0.891  0.209 -0.029  1.000
 ERR MATRIX NOT POS-DEF
MINUIT - FIT wiggle + 1-CBO + 2-CBO
 **********
 **   42 **RES 
 **********
                   PARAMETER   16  beta_vw RESTORED TO VARIABLE.
                   PARAMETER   14  alpha_vw RESTORED TO VARIABLE.
                   PARAMETER   13  beta_y RESTORED TO VARIABLE.
                   PARAMETER   11  alpha_y RESTORED TO VARIABLE.
                   PARAMETER   10  beta_2CBO RESTORED TO VARIABLE.
                   PARAMETER    6  alpha_CBO RESTORED TO VARIABLE.
                   PARAMETER    4  phi RESTORED TO VARIABLE.
                   PARAMETER    3  A0 RESTORED TO VARIABLE.
                   PARAMETER    1  N0 RESTORED TO VARIABLE.
 **********
 **   43 **FIX           10
 **********
 **********
 **   44 **FIX           11
 **********
 **********
 **   45 **FIX           12
 **********
 PARAMETER   12  IS CONSTANT.   IGNORED.
 **********
 **   46 **FIX           13
 **********
 **********
 **   47 **FIX           14
 **********
 **********
 **   48 **FIX           15
 **********
 PARAMETER   15  IS CONSTANT.   IGNORED.
 **********
 **   49 **FIX           16
 **********
 **********
 **   50 **MIGRAD
 **********
 START MIGRAD MINIMIZATION.  STRATEGY  1.  CONVERGENCE WHEN EDM .LT. 1.00e-04
 FCN=77.4435 FROM MIGRAD    STATUS=INITIATE       22 CALLS        3203 TOTAL
                     EDM= unknown      STRATEGY= 1      NO ERROR MATRIX       
  EXT PARAMETER               CURRENT GUESS       STEP         FIRST   
  NO.   NAME      VALUE            ERROR          SIZE      DERIVATIVE 
   1  N0           2.84122e+06   9.29314e+03   9.29314e+03  -2.35842e-05
   2  tau          6.43976e+01   constant   
   3  A0           3.76235e-01   8.22481e-03   8.22481e-03   1.09641e+01
   4  phi          4.06296e+00   8.59074e-03   8.59074e-03   4.17938e+01
   5  R           -5.94693e+01   constant   
   6  alpha_CBO    6.26107e-02   1.78475e-02   1.78475e-02   1.20154e+02
   7  w_CBO        2.32500e+00   constant   
   8  beta_CBO    -1.99853e-04   1.20329e-03   1.02297e-06  -1.07779e-01
   9  alpha_2CBO  -2.15225e-04   1.24524e-03   1.01016e-06   5.14126e-01
  10  beta_2CBO   -3.10529e-02     fixed    
  11  alpha_y      0.00000e+00     fixed    
  12  w_y          1.44500e+01   constant   
  13  beta_y       1.06175e-03     fixed    
  14  alpha_vw     0.00000e+00     fixed    
  15  w_vw         1.29000e+01   constant   
  16  beta_vw      0.00000e+00     fixed    
  17  LM          -2.20020e-04   constant   
  18  zeta_y       0.00000e+00   constant   
  19  zeta_vw      0.00000e+00   constant   
  20  T_CBO        1.93702e+01   1.61264e-01   6.15852e-07   1.06574e+00
  21  alpha_A0     2.18790e+00   1.51700e-01   1.20236e-04  -1.36976e-03
  22  beta_A0      5.16239e+00   1.73065e-01   1.57705e-04  -1.41372e-03
  23  alpha_phi    1.57214e+01   5.09127e-01   1.53393e-04  -2.99739e-03
  24  beta_phi     6.54924e-01   2.00498e-01   1.34550e-04  -1.71289e-03
 CALL LIMIT EXCEEDED IN MIGRAD.
 MIGRAD TERMINATED WITHOUT CONVERGENCE.
 FCN=75.1487 FROM MIGRAD    STATUS=CALL LIMIT   1924 CALLS        5105 TOTAL
                     EDM=0.0167495    STRATEGY= 1  ERROR MATRIX UNCERTAINTY  13.7 per cent
  EXT PARAMETER                APPROXIMATE        STEP         FIRST   
  NO.   NAME      VALUE            ERROR          SIZE      DERIVATIVE 
   1  N0           3.09668e+06   5.26261e+04   2.97540e+03  -2.54823e-04
   2  tau          6.43976e+01   constant   
   3  A0           4.25574e-01   1.22790e-02   6.09060e-04   9.99051e+02
   4  phi          4.04458e+00   9.86949e-03  -1.78952e-04   3.61859e+02
   5  R           -5.94693e+01   constant   
   6  alpha_CBO    7.79789e-02   4.88482e-03   3.82022e-04  -2.85154e+02
   7  w_CBO        2.32500e+00   constant   
   8  beta_CBO    -8.26158e-02   1.62558e-02  -7.37912e-04   2.38351e+02
   9  alpha_2CBO  -1.13366e-02   3.44747e-03   3.74654e-05  -1.21372e+02
  10  beta_2CBO   -3.10529e-02     fixed    
  11  alpha_y      0.00000e+00     fixed    
  12  w_y          1.44500e+01   constant   
  13  beta_y       1.06175e-03     fixed    
  14  alpha_vw     0.00000e+00     fixed    
  15  w_vw         1.29000e+01   constant   
  16  beta_vw      0.00000e+00     fixed    
  17  LM          -2.20020e-04   constant   
  18  zeta_y       0.00000e+00   constant   
  19  zeta_vw      0.00000e+00   constant   
  20  T_CBO        1.93315e+01   6.47590e-02   4.79965e-06   2.71868e+03
  21  alpha_A0     7.21990e+00   9.22563e-01   6.23455e-02   6.14671e+00
  22  beta_A0      7.16931e+00   8.37356e-01   4.37084e-02  -3.21007e+00
  23  alpha_phi    1.59460e+01   4.30394e-01   1.44787e-02   2.75992e+00
  24  beta_phi    -7.46817e+00   1.29024e+00  -4.85235e-02  -4.30933e+00
 EXTERNAL ERROR MATRIX.    NDIM=  25    NPAR= 11    ERR DEF=1
  2.770e+09 
  6.233e+02  1.508e-04 
 -3.962e+02 -9.872e-05  9.741e-05 
  2.317e+02  5.348e-05 -2.957e-05  2.386e-05 
 -8.409e+02 -1.925e-04  1.331e-04 -6.634e-05  2.643e-04 
 -1.003e+02 -2.408e-05  2.708e-05 -4.792e-06  3.871e-05  1.189e-05 
  6.215e+02  2.800e-04 -4.008e-04  1.035e-04 -2.403e-04 -7.483e-05  4.194e-03 
  4.534e+04  9.360e-03 -5.368e-03  3.925e-03 -1.299e-02 -1.015e-03 -2.607e-04  8.511e-01 
  4.108e+04  1.005e-02 -7.162e-03  3.715e-03 -1.264e-02 -1.611e-03  2.761e-02  6.188e-01  7.012e-01 
  1.801e+04  4.640e-03 -3.965e-03  1.577e-03 -5.946e-03 -1.111e-03  1.892e-02  2.303e-01  3.338e-01  1.852e-01 
 -6.281e+04 -1.352e-02  1.057e-02 -4.566e-03  2.008e-02  3.438e-03 -1.353e-02 -1.007e+00 -8.963e-01 -4.381e-01  1.665e+00 
ERR MATRIX APPROXIMATE
 PARAMETER  CORRELATION COEFFICIENTS  
       NO.  GLOBAL      1      3      4      6      8      9     20     21     22     23     24
        1  0.99998   1.000  0.965 -0.763  0.901 -0.983 -0.553  0.182  0.934  0.932  0.795 -0.925
        3  0.99997   0.965  1.000 -0.815  0.892 -0.964 -0.569  0.352  0.826  0.977  0.878 -0.854
        4  0.99959  -0.763 -0.815  1.000 -0.613  0.830  0.796 -0.627 -0.590 -0.867 -0.933  0.830
        6  0.99927   0.901  0.892 -0.613  1.000 -0.835 -0.285  0.327  0.871  0.908  0.750 -0.725
        8  0.99992  -0.983 -0.964  0.830 -0.835  1.000  0.691 -0.228 -0.866 -0.928 -0.850  0.958
        9  0.99812  -0.553 -0.569  0.796 -0.285  0.691  1.000 -0.335 -0.319 -0.558 -0.749  0.773
       20  0.99663   0.182  0.352 -0.627  0.327 -0.228 -0.335  1.000 -0.004  0.509  0.679 -0.162
       21  0.99984   0.934  0.826 -0.590  0.871 -0.866 -0.319 -0.004  1.000  0.801  0.580 -0.846
       22  0.99960   0.932  0.977 -0.867  0.908 -0.928 -0.558  0.509  0.801  1.000  0.926 -0.830
       23  0.99882   0.795  0.878 -0.933  0.750 -0.850 -0.749  0.679  0.580  0.926  1.000 -0.789
       24  0.99993  -0.925 -0.854  0.830 -0.725  0.958  0.773 -0.162 -0.846 -0.830 -0.789  1.000
 ERR MATRIX APPROXIMATE
MINUIT - FIT ONLY 1-y
 **********
 **   51 **RES 
 **********
                   PARAMETER   16  beta_vw RESTORED TO VARIABLE.
                   PARAMETER   14  alpha_vw RESTORED TO VARIABLE.
                   PARAMETER   13  beta_y RESTORED TO VARIABLE.
                   PARAMETER   11  alpha_y RESTORED TO VARIABLE.
                   PARAMETER   10  beta_2CBO RESTORED TO VARIABLE.
 **********
 **   52 **FIX            0
 **********
 PARAMETER    0  IS UNDEFINED. IGNORED.
 **********
 **   53 **FIX            1
 **********
 **********
 **   54 **FIX            2
 **********
 PARAMETER    2  IS CONSTANT.   IGNORED.
 **********
 **   55 **FIX            3
 **********
 **********
 **   56 **FIX            4
 **********
 **********
 **   57 **FIX            5
 **********
 PARAMETER    5  IS CONSTANT.   IGNORED.
 **********
 **   58 **FIX            6
 **********
 **********
 **   59 **FIX            7
 **********
 PARAMETER    7  IS CONSTANT.   IGNORED.
 **********
 **   60 **FIX            8
 **********
 **********
 **   61 **FIX            9
 **********
 **********
 **   62 **FIX           13
 **********
 **********
 **   63 **FIX           14
 **********
 **********
 **   64 **FIX           15
 **********
 PARAMETER   15  IS CONSTANT.   IGNORED.
 **********
 **   65 **FIX           16
 **********
 **********
 **   66 **MIGRAD
 **********
 START MIGRAD MINIMIZATION.  STRATEGY  1.  CONVERGENCE WHEN EDM .LT. 1.00e-04
 FCN=75.1487 FROM MIGRAD    STATUS=INITIATE       16 CALLS        5121 TOTAL
                     EDM= unknown      STRATEGY= 1      NO ERROR MATRIX       
  EXT PARAMETER               CURRENT GUESS       STEP         FIRST   
  NO.   NAME      VALUE            ERROR          SIZE      DERIVATIVE 
   1  N0           3.09668e+06     fixed    
   2  tau          6.43976e+01   constant   
   3  A0           4.25574e-01     fixed    
   4  phi          4.04458e+00     fixed    
   5  R           -5.94693e+01   constant   
   6  alpha_CBO    7.79789e-02     fixed    
   7  w_CBO        2.32500e+00   constant   
   8  beta_CBO    -8.26158e-02     fixed    
   9  alpha_2CBO  -1.13366e-02     fixed    
  10  beta_2CBO   -3.10529e-02   8.11563e-03   8.11563e-03   4.56758e+02
  11  alpha_y      0.00000e+00   1.00000e-03   1.00000e-03  -4.83425e+04
  12  w_y          1.44500e+01   constant   
  13  beta_y       1.06175e-03     fixed    
  14  alpha_vw     0.00000e+00     fixed    
  15  w_vw         1.29000e+01   constant   
  16  beta_vw      0.00000e+00     fixed    
  17  LM          -2.20020e-04   constant   
  18  zeta_y       0.00000e+00   constant   
  19  zeta_vw      0.00000e+00   constant   
  20  T_CBO        1.93315e+01   6.47590e-02   4.79965e-06   2.71868e+03
  21  alpha_A0     7.21990e+00   9.22563e-01   6.23455e-02   6.14671e+00
  22  beta_A0      7.16931e+00   8.37356e-01   4.37084e-02  -3.21007e+00
  23  alpha_phi    1.59460e+01   4.30394e-01   1.44787e-02   2.75992e+00
  24  beta_phi    -7.46817e+00   1.29024e+00  -4.85235e-02  -4.30933e+00
 MIGRAD MINIMIZATION HAS CONVERGED.
 MIGRAD WILL VERIFY CONVERGENCE AND ERROR MATRIX.
 FCN=43.561 FROM HESSE     STATUS=NOT POSDEF     50 CALLS        5282 TOTAL
                     EDM=9.14267e-05    STRATEGY= 1      ERR MATRIX NOT POS-DEF
  EXT PARAMETER                APPROXIMATE        STEP         FIRST   
  NO.   NAME      VALUE            ERROR          SIZE      DERIVATIVE 
   1  N0           3.09668e+06     fixed    
   2  tau          6.43976e+01   constant   
   3  A0           4.25574e-01     fixed    
   4  phi          4.04458e+00     fixed    
   5  R           -5.94693e+01   constant   
   6  alpha_CBO    7.79789e-02     fixed    
   7  w_CBO        2.32500e+00   constant   
   8  beta_CBO    -8.26158e-02     fixed    
   9  alpha_2CBO  -1.13366e-02     fixed    
  10  beta_2CBO   -3.18233e-02   5.64755e-04   7.37048e-07   4.09893e-02
  11  alpha_y      1.30283e-03   2.31251e-04   7.28191e-07  -1.53722e-01
  12  w_y          1.44500e+01   constant   
  13  beta_y       1.06175e-03     fixed    
  14  alpha_vw     0.00000e+00     fixed    
  15  w_vw         1.29000e+01   constant   
  16  beta_vw      0.00000e+00     fixed    
  17  LM          -2.20020e-04   constant   
  18  zeta_y       0.00000e+00   constant   
  19  zeta_vw      0.00000e+00   constant   
  20  T_CBO        1.93230e+01   9.19799e-02   6.16016e-07  -1.36349e+01
  21  alpha_A0     7.23947e+00   1.39004e-01   7.80652e-05   1.16812e-02
  22  beta_A0      7.04893e+00   1.54245e-01   9.90887e-05   6.67375e-03
  23  alpha_phi    1.59690e+01   2.94922e-01   8.71649e-05   2.00976e-02
  24  beta_phi    -7.41148e+00   1.43629e-01   7.76232e-05  -1.19682e-02
 CALL LIMIT EXCEEDED IN MIGRAD.
 MIGRAD TERMINATED WITHOUT CONVERGENCE.
 FCN=43.252 FROM MIGRAD    STATUS=CALL LIMIT   1145 CALLS        6250 TOTAL
                     EDM=0.00429966    STRATEGY= 1      ERR MATRIX NOT POS-DEF
  EXT PARAMETER                APPROXIMATE        STEP         FIRST   
  NO.   NAME      VALUE            ERROR          SIZE      DERIVATIVE 
   1  N0           3.09668e+06     fixed    
   2  tau          6.43976e+01   constant   
   3  A0           4.25574e-01     fixed    
   4  phi          4.04458e+00     fixed    
   5  R           -5.94693e+01   constant   
   6  alpha_CBO    7.79789e-02     fixed    
   7  w_CBO        2.32500e+00   constant   
   8  beta_CBO    -8.26158e-02     fixed    
   9  alpha_2CBO  -1.13366e-02     fixed    
  10  beta_2CBO   -3.20871e-02   5.09121e-04   1.04095e-06  -2.08125e+00
  11  alpha_y      1.31114e-03   2.21555e-04   1.02778e-06   1.04673e+02
  12  w_y          1.44500e+01   constant   
  13  beta_y       1.06175e-03     fixed    
  14  alpha_vw     0.00000e+00     fixed    
  15  w_vw         1.29000e+01   constant   
  16  beta_vw      0.00000e+00     fixed    
  17  LM          -2.20020e-04   constant   
  18  zeta_y       0.00000e+00   constant   
  19  zeta_vw      0.00000e+00   constant   
  20  T_CBO        2.10796e+01   8.82210e-01   3.09717e-04  -1.36529e+03
  21  alpha_A0     5.20301e+00   8.02583e-01  -4.06293e-02  -4.31499e+00
  22  beta_A0      5.06226e+00   7.77586e-01  -3.80398e-02   1.20582e+00
  23  alpha_phi    1.15660e+01   1.73226e+00  -8.75571e-02  -2.07302e+00
  24  beta_phi    -5.34618e+00   8.12553e-01   4.06487e-02   2.74831e+00
 EXTERNAL ERROR MATRIX.    NDIM=  25    NPAR=  7    ERR DEF=1
  2.592e-07 -2.258e-08 -9.206e-05  8.261e-05  1.081e-04  1.800e-04 -9.893e-05 
 -2.258e-08  4.909e-08  2.567e-05 -2.277e-05 -2.534e-05 -5.043e-05  2.486e-05 
 -9.206e-05  2.567e-05  7.783e-01 -7.079e-01 -6.839e-01 -1.528e+00  7.161e-01 
  8.261e-05 -2.277e-05 -7.079e-01  6.441e-01  6.219e-01  1.390e+00 -6.510e-01 
  1.081e-04 -2.534e-05 -6.839e-01  6.219e-01  6.046e-01  1.343e+00 -6.311e-01 
  1.800e-04 -5.043e-05 -1.528e+00  1.390e+00  1.343e+00  3.001e+00 -1.406e+00 
 -9.893e-05  2.486e-05  7.161e-01 -6.510e-01 -6.311e-01 -1.406e+00  6.602e-01 
ERR MATRIX NOT POS-DEF
 PARAMETER  CORRELATION COEFFICIENTS  
       NO.  GLOBAL     10     11     20     21     22     23     24
       10  0.92344   1.000 -0.200 -0.205  0.202  0.273  0.204 -0.239
       11  0.31951  -0.200  1.000  0.131 -0.128 -0.147 -0.131  0.138
       20  0.99998  -0.205  0.131  1.000 -1.000 -0.997 -1.000  0.999
       21  0.99989   0.202 -0.128 -1.000  1.000  0.996  1.000 -0.998
       22  0.99966   0.273 -0.147 -0.997  0.996  1.000  0.997 -0.999
       23  0.99996   0.204 -0.131 -1.000  1.000  0.997  1.000 -0.999
       24  0.99978  -0.239  0.138  0.999 -0.998 -0.999 -0.999  1.000
 ERR MATRIX NOT POS-DEF
MINUIT - FIT ONLY 2-y
 **********
 **   67 **RES 
 **********
                   PARAMETER   16  beta_vw RESTORED TO VARIABLE.
                   PARAMETER   14  alpha_vw RESTORED TO VARIABLE.
                   PARAMETER   13  beta_y RESTORED TO VARIABLE.
                   PARAMETER    9  alpha_2CBO RESTORED TO VARIABLE.
                   PARAMETER    8  beta_CBO RESTORED TO VARIABLE.
                   PARAMETER    6  alpha_CBO RESTORED TO VARIABLE.
                   PARAMETER    4  phi RESTORED TO VARIABLE.
                   PARAMETER    3  A0 RESTORED TO VARIABLE.
                   PARAMETER    1  N0 RESTORED TO VARIABLE.
 **********
 **   68 **FIX            0
 **********
 PARAMETER    0  IS UNDEFINED. IGNORED.
 **********
 **   69 **FIX            1
 **********
 **********
 **   70 **FIX            2
 **********
 PARAMETER    2  IS CONSTANT.   IGNORED.
 **********
 **   71 **FIX            3
 **********
 **********
 **   72 **FIX            4
 **********
 **********
 **   73 **FIX            5
 **********
 PARAMETER    5  IS CONSTANT.   IGNORED.
 **********
 **   74 **FIX            6
 **********
 **********
 **   75 **FIX            7
 **********
 PARAMETER    7  IS CONSTANT.   IGNORED.
 **********
 **   76 **FIX            8
 **********
 **********
 **   77 **FIX            9
 **********
 **********
 **   78 **FIX           10
 **********
 **********
 **   79 **FIX           11
 **********
 **********
 **   80 **FIX           12
 **********
 PARAMETER   12  IS CONSTANT.   IGNORED.
 **********
 **   81 **FIX           16
 **********
 **********
 **   82 **MIGRAD
 **********
 START MIGRAD MINIMIZATION.  STRATEGY  1.  CONVERGENCE WHEN EDM .LT. 1.00e-04
 FCN=43.252 FROM MIGRAD    STATUS=INITIATE       16 CALLS        6266 TOTAL
                     EDM= unknown      STRATEGY= 1      NO ERROR MATRIX       
  EXT PARAMETER               CURRENT GUESS       STEP         FIRST   
  NO.   NAME      VALUE            ERROR          SIZE      DERIVATIVE 
   1  N0           3.09668e+06     fixed    
   2  tau          6.43976e+01   constant   
   3  A0           4.25574e-01     fixed    
   4  phi          4.04458e+00     fixed    
   5  R           -5.94693e+01   constant   
   6  alpha_CBO    7.79789e-02     fixed    
   7  w_CBO        2.32500e+00   constant   
   8  beta_CBO    -8.26158e-02     fixed    
   9  alpha_2CBO  -1.13366e-02     fixed    
  10  beta_2CBO   -3.20871e-02     fixed    
  11  alpha_y      1.31114e-03     fixed    
  12  w_y          1.44500e+01   constant   
  13  beta_y       1.06175e-03   2.36931e-04   2.36931e-04   3.28020e+02
  14  alpha_vw     0.00000e+00   1.00000e-03   1.00000e-03   3.55774e+04
  15  w_vw         1.29000e+01   constant   
  16  beta_vw      0.00000e+00     fixed    
  17  LM          -2.20020e-04   constant   
  18  zeta_y       0.00000e+00   constant   
  19  zeta_vw      0.00000e+00   constant   
  20  T_CBO        2.10796e+01   8.82210e-01   3.09717e-04  -1.36529e+03
  21  alpha_A0     5.20301e+00   8.02583e-01  -4.06293e-02  -4.31499e+00
  22  beta_A0      5.06226e+00   7.77586e-01  -3.80398e-02   1.20582e+00
  23  alpha_phi    1.15660e+01   1.73226e+00  -8.75571e-02  -2.07302e+00
  24  beta_phi    -5.34618e+00   8.12553e-01   4.06487e-02   2.74831e+00
 MIGRAD MINIMIZATION HAS CONVERGED.
 MIGRAD WILL VERIFY CONVERGENCE AND ERROR MATRIX.
 FCN=24.0714 FROM HESSE     STATUS=NOT POSDEF     50 CALLS        6411 TOTAL
                     EDM=0.000558616    STRATEGY= 1      ERR MATRIX NOT POS-DEF
  EXT PARAMETER                APPROXIMATE        STEP         FIRST   
  NO.   NAME      VALUE            ERROR          SIZE      DERIVATIVE 
   1  N0           3.09668e+06     fixed    
   2  tau          6.43976e+01   constant   
   3  A0           4.25574e-01     fixed    
   4  phi          4.04458e+00     fixed    
   5  R           -5.94693e+01   constant   
   6  alpha_CBO    7.79789e-02     fixed    
   7  w_CBO        2.32500e+00   constant   
   8  beta_CBO    -8.26158e-02     fixed    
   9  alpha_2CBO  -1.13366e-02     fixed    
  10  beta_2CBO   -3.20871e-02     fixed    
  11  alpha_y      1.31114e-03     fixed    
  12  w_y          1.44500e+01   constant   
  13  beta_y       9.04248e-04   2.42628e-04   5.87997e-07  -5.31128e-01
  14  alpha_vw    -1.07656e-03   2.45502e-04   5.87509e-07  -1.51412e-01
  15  w_vw         1.29000e+01   constant   
  16  beta_vw      0.00000e+00     fixed    
  17  LM          -2.20020e-04   constant   
  18  zeta_y       0.00000e+00   constant   
