 + ++++++++++++++++++++++++++++++++++++++++++++++++++++++++++++++++++++ +
 +                                                                      +
 +           You have chose to blind your fitting according to          +
 +                omega_ref * (1 + (R +/- deltaR) *10^{-6})             +
 +                                                                      +
 + ++++++++++++++++++++++++++++++++++++++++++++++++++++++++++++++++++++ +
In main()...
reading format from /gm2data/zkhechad/run45/envelope/formats/formatB_sBin_constraintOn.txt
pBinTau 	= 0  
pBinPhi 	= 0  
constraintau 	= 1 
includeMopTerm 	= 0    
constrainMop    = 0   
Parameters after format file: pBinTau 0 pBinPhi 0 constraintau 1 includeMopTerm 0 constrainMop 0 c_e_scale 0.000000 
Opening file /gm2data/tbarrett/gm2fr/studies/run23_bunch_corrections/CorrectedFourier_Run3b.root.
reading full fit data from /gm2data/zkhechad/cboTemplates/Run4CBOTemplates/fullFits/noRF/sBin_constraintOn_cE0.0_seed0_noRF_calo14.root
windowBins = 69
fitting sliding window 1120 from bin 1256 at 187.246000 to bin 1325 at 197.690000 (69 bins)

Reading data from /gm2data/cornell/histograms/aMethod/histogram_a_noRF.root
 **********
 **    1 **SET PRINTOUT            1
 **********
 **********
 **    2 **SET NOWARNINGS 
 **********
 PARAMETER DEFINITIONS:
    NO.   NAME         VALUE      STEP SIZE      LIMITS
     1 N0           3.41750e+06  1.00000e+02     no limits
     2 tau          6.44063e+01  constant
     3 A0           3.61912e-01  1.00000e-04     no limits
     4 phi          4.12132e+00  1.00000e-02     no limits
     5 R           -6.04192e+01  constant
     6 alpha_CBO    0.00000e+00  1.00000e-03     no limits
     7 w_CBO        2.32500e+00  constant
     8 beta_CBO     0.00000e+00  1.00000e-03     no limits
     9 alpha_2CBO   0.00000e+00  1.00000e-03     no limits
    10 beta_2CBO    0.00000e+00  1.00000e-03     no limits
    11 alpha_y      0.00000e+00  1.00000e-03     no limits
    12 w_y          1.38860e+01  constant
    13 beta_y       0.00000e+00  1.00000e-03     no limits
    14 alpha_vw     0.00000e+00  1.00000e-03     no limits
    15 w_vw         1.43404e+01  constant
    16 beta_vw      0.00000e+00  1.00000e-03     no limits
    17 LM           8.43198e-05  constant
    18 zeta_y       0.00000e+00  constant
    19 zeta_vw      0.00000e+00  constant
    20 T_CBO        1.00000e+02  1.00000e+00    0.00000e+00  1.00000e+03
    21 alpha_A0     0.00000e+00  1.00000e-04   -1.00000e-02  1.00000e-02
    22 beta_A0      0.00000e+00  1.00000e-04   -1.00000e-02  1.00000e-02
    23 alpha_phi    0.00000e+00  1.00000e-04   -1.00000e-02  1.00000e-02
    24 beta_phi     0.00000e+00  1.00000e-04   -1.00000e-02  1.00000e-02
MINUIT - FIT ONLY WIGGLE
 **********
 **    3 **FIX            5
 **********
 PARAMETER    5  IS CONSTANT.   IGNORED.
 **********
 **    4 **FIX            6
 **********
 **********
 **    5 **FIX            7
 **********
 PARAMETER    7  IS CONSTANT.   IGNORED.
 **********
 **    6 **FIX            8
 **********
 **********
 **    7 **FIX            9
 **********
 **********
 **    8 **FIX           10
 **********
 **********
 **    9 **FIX           11
 **********
 **********
 **   10 **FIX           12
 **********
 PARAMETER   12  IS CONSTANT.   IGNORED.
 **********
 **   11 **FIX           13
 **********
 **********
 **   12 **FIX           14
 **********
 **********
 **   13 **FIX           15
 **********
 PARAMETER   15  IS CONSTANT.   IGNORED.
 **********
 **   14 **FIX           16
 **********
 **********
 **   15 **MIGRAD
 **********
 FIRST CALL TO USER FUNCTION AT NEW START POINT, WITH IFLAG=4.
 START MIGRAD MINIMIZATION.  STRATEGY  1.  CONVERGENCE WHEN EDM .LT. 1.00e-04
 FCN=174.384 FROM MIGRAD    STATUS=INITIATE      435 CALLS         436 TOTAL
                     EDM= unknown      STRATEGY= 1      NO ERROR MATRIX       
  EXT PARAMETER               CURRENT GUESS       STEP         FIRST   
  NO.   NAME      VALUE            ERROR          SIZE      DERIVATIVE 
   1  N0           3.41750e+06   1.00000e+02   0.00000e+00  -4.99406e-03
   2  tau          6.44063e+01   constant   
   3  A0           3.61912e-01   1.00000e-04   0.00000e+00   1.99241e+04
   4  phi          4.12132e+00   1.00000e-02   0.00000e+00   9.14667e+03
   5  R           -6.04192e+01   constant   
   6  alpha_CBO    0.00000e+00     fixed    
   7  w_CBO        2.32500e+00   constant   
   8  beta_CBO     0.00000e+00     fixed    
   9  alpha_2CBO   0.00000e+00     fixed    
  10  beta_2CBO    0.00000e+00     fixed    
  11  alpha_y      0.00000e+00     fixed    
  12  w_y          1.38860e+01   constant   
  13  beta_y       0.00000e+00     fixed    
  14  alpha_vw     0.00000e+00     fixed    
  15  w_vw         1.43404e+01   constant   
  16  beta_vw      0.00000e+00     fixed    
  17  LM           8.43198e-05   constant   
  18  zeta_y       0.00000e+00   constant   
  19  zeta_vw      0.00000e+00   constant   
  20  T_CBO        1.00000e+02   1.00000e+00   0.00000e+00   0.00000e+00
  21  alpha_A0     0.00000e+00   1.00000e-04   0.00000e+00   3.55025e+00
  22  beta_A0      0.00000e+00   1.00000e-04   0.00000e+00   1.97549e+00
  23  alpha_phi    0.00000e+00   1.00000e-04   0.00000e+00  -4.17482e-01
  24  beta_phi     0.00000e+00   1.00000e-04   0.00000e+00  -1.66051e+01
 MIGRAD MINIMIZATION HAS CONVERGED.
 FCN=136.874 FROM MIGRAD    STATUS=CONVERGED     611 CALLS         612 TOTAL
                     EDM=7.28143e-06    STRATEGY= 1  ERROR MATRIX UNCERTAINTY   2.6 per cent
  EXT PARAMETER                                   STEP         FIRST   
  NO.   NAME      VALUE            ERROR          SIZE      DERIVATIVE 
   1  N0           3.41783e+06   6.62485e+02   7.18621e-01   1.62185e-06
   2  tau          6.44063e+01   constant   
   3  A0           3.61479e-01   2.15014e-04  -3.95821e-06   5.69149e+00
   4  phi          4.11917e+00   6.94713e-04   1.87980e-05   3.67199e+00
   5  R           -6.04192e+01   constant   
   6  alpha_CBO    0.00000e+00     fixed    
   7  w_CBO        2.32500e+00   constant   
   8  beta_CBO     0.00000e+00     fixed    
   9  alpha_2CBO   0.00000e+00     fixed    
  10  beta_2CBO    0.00000e+00     fixed    
  11  alpha_y      0.00000e+00     fixed    
  12  w_y          1.38860e+01   constant   
  13  beta_y       0.00000e+00     fixed    
  14  alpha_vw     0.00000e+00     fixed    
  15  w_vw         1.43404e+01   constant   
  16  beta_vw      0.00000e+00     fixed    
  17  LM           8.43198e-05   constant   
  18  zeta_y       0.00000e+00   constant   
  19  zeta_vw      0.00000e+00   constant   
  20  T_CBO        2.16091e+02   4.33361e+01   1.06084e-03  -3.07960e-02
  21  alpha_A0    -1.66869e-03   2.39800e-03   2.89692e-03   4.98521e-03
  22  beta_A0     -1.95418e-03   2.61691e-03   1.24654e-03  -5.71682e-03
  23  alpha_phi    6.90819e-04   2.15938e-03  -1.05003e-04  -1.72827e-03
  24  beta_phi     9.12034e-03   1.63453e-03  -3.28652e-03   6.96838e-03
 EXTERNAL ERROR MATRIX.    NDIM=  25    NPAR=  8    ERR DEF=1
  4.389e+05  2.055e-02 -5.783e-02 -3.638e+03  2.973e-01 -3.864e-02  6.721e-02  9.716e-02 
  2.055e-02  4.623e-08 -7.629e-10 -1.465e-04  1.956e-08  3.221e-08  1.773e-08 -5.211e-09 
 -5.783e-02 -7.629e-10  4.826e-07  2.315e-04 -2.852e-08  2.626e-07  5.676e-09 -1.539e-07 
 -3.638e+03 -1.465e-04  2.315e-04  1.885e+03  4.567e-02  3.530e-02 -2.377e-03  1.920e-02 
  2.973e-01  1.956e-08 -2.852e-08  4.567e-02  5.867e-06  6.268e-07  1.835e-08  1.021e-06 
 -3.864e-02  3.221e-08  2.626e-07  3.530e-02  6.268e-07  7.017e-06  3.149e-07  5.639e-07 
  6.721e-02  1.773e-08  5.676e-09 -2.377e-03  1.835e-08  3.149e-07  4.738e-06 -1.007e-07 
  9.716e-02 -5.211e-09 -1.539e-07  1.920e-02  1.021e-06  5.639e-07 -1.007e-07  2.827e-06 
 PARAMETER  CORRELATION COEFFICIENTS  
       NO.  GLOBAL      1      3      4     20     21     22     23     24
        1  0.35369   1.000  0.144 -0.126 -0.126  0.185 -0.022  0.047  0.087
        3  0.16342   0.144  1.000 -0.005 -0.016  0.038  0.057  0.038 -0.014
        4  0.23841  -0.126 -0.005  1.000  0.008 -0.017  0.143  0.004 -0.132
       20  0.56641  -0.126 -0.016  0.008  1.000  0.434  0.307 -0.025  0.263
       21  0.51320   0.185  0.038 -0.017  0.434  1.000  0.098  0.003  0.251
       22  0.36019  -0.022  0.057  0.143  0.307  0.098  1.000  0.055  0.127
       23  0.09233   0.047  0.038  0.004 -0.025  0.003  0.055  1.000 -0.028
       24  0.34747   0.087 -0.014 -0.132  0.263  0.251  0.127 -0.028  1.000
MINUIT - FIT ONLY 1-CBO + wiggle
 **********
 **   16 **RES 
 **********
                   PARAMETER   16  beta_vw RESTORED TO VARIABLE.
                   PARAMETER   14  alpha_vw RESTORED TO VARIABLE.
                   PARAMETER   13  beta_y RESTORED TO VARIABLE.
                   PARAMETER   11  alpha_y RESTORED TO VARIABLE.
                   PARAMETER   10  beta_2CBO RESTORED TO VARIABLE.
                   PARAMETER    9  alpha_2CBO RESTORED TO VARIABLE.
                   PARAMETER    8  beta_CBO RESTORED TO VARIABLE.
                   PARAMETER    6  alpha_CBO RESTORED TO VARIABLE.
 **********
 **   17 **FIX            8
 **********
 **********
 **   18 **FIX            9
 **********
 **********
 **   19 **FIX           11
 **********
 **********
 **   20 **FIX           12
 **********
 PARAMETER   12  IS CONSTANT.   IGNORED.
 **********
 **   21 **FIX           14
 **********
 **********
 **   22 **FIX           15
 **********
 PARAMETER   15  IS CONSTANT.   IGNORED.
 **********
 **   23 **FIX           16
 **********
 **********
 **   24 **MIGRAD
 **********
 START MIGRAD MINIMIZATION.  STRATEGY  1.  CONVERGENCE WHEN EDM .LT. 1.00e-04
 FCN=136.874 FROM MIGRAD    STATUS=INITIATE       28 CALLS         640 TOTAL
                     EDM= unknown      STRATEGY= 1      NO ERROR MATRIX       
  EXT PARAMETER               CURRENT GUESS       STEP         FIRST   
  NO.   NAME      VALUE            ERROR          SIZE      DERIVATIVE 
   1  N0           3.41783e+06   6.62485e+02   7.18621e-01   1.62185e-06
   2  tau          6.44063e+01   constant   
   3  A0           3.61479e-01   2.15014e-04  -3.95821e-06   5.69149e+00
   4  phi          4.11917e+00   6.94713e-04   1.87980e-05   3.67199e+00
   5  R           -6.04192e+01   constant   
   6  alpha_CBO    0.00000e+00   1.00000e-03   1.00000e-03  -5.21130e+04
   7  w_CBO        2.32500e+00   constant   
   8  beta_CBO     0.00000e+00     fixed    
   9  alpha_2CBO   0.00000e+00     fixed    
  10  beta_2CBO    0.00000e+00   1.00000e-03   1.00000e-03  -3.01084e+03
  11  alpha_y      0.00000e+00     fixed    
  12  w_y          1.38860e+01   constant   
  13  beta_y       0.00000e+00   1.00000e-03   1.00000e-03   7.69249e+01
  14  alpha_vw     0.00000e+00     fixed    
  15  w_vw         1.43404e+01   constant   
  16  beta_vw      0.00000e+00     fixed    
  17  LM           8.43198e-05   constant   
  18  zeta_y       0.00000e+00   constant   
  19  zeta_vw      0.00000e+00   constant   
  20  T_CBO        2.16091e+02   4.33361e+01   1.06084e-03  -3.07964e-02
  21  alpha_A0    -1.66869e-03   2.39800e-03   2.89692e-03   4.98512e-03
  22  beta_A0     -1.95418e-03   2.61691e-03   1.24654e-03  -5.71677e-03
  23  alpha_phi    6.90819e-04   2.15938e-03  -1.05003e-04  -1.72826e-03
  24  beta_phi     9.12034e-03   1.63453e-03  -3.28652e-03  -6.97022e-03
 MIGRAD MINIMIZATION HAS CONVERGED.
 FCN=85.099 FROM MIGRAD    STATUS=CONVERGED     170 CALLS         782 TOTAL
                     EDM=8.3764e-06    STRATEGY= 1  ERROR MATRIX UNCERTAINTY   3.7 per cent
  EXT PARAMETER                                   STEP         FIRST   
  NO.   NAME      VALUE            ERROR          SIZE      DERIVATIVE 
   1  N0           3.41798e+06   6.09109e+02   2.54253e+00   1.84675e-06
   2  tau          6.44063e+01   constant   
   3  A0           3.61613e-01   2.29925e-04  -2.68397e-07  -5.94087e+00
   4  phi          4.12047e+00   7.24988e-04   4.35806e-07   4.39611e-01
   5  R           -6.04192e+01   constant   
   6  alpha_CBO    1.98099e-03   2.75706e-04  -4.93911e-08   1.69541e-01
   7  w_CBO        2.32500e+00   constant   
   8  beta_CBO     0.00000e+00     fixed    
   9  alpha_2CBO   0.00000e+00     fixed    
  10  beta_2CBO    1.03825e-04   2.64606e-04   6.19587e-09  -2.81248e+00
  11  alpha_y      0.00000e+00     fixed    
  12  w_y          1.38860e+01   constant   
  13  beta_y      -9.63063e-06   2.64002e-04  -2.87216e-07   3.31707e+00
  14  alpha_vw     0.00000e+00     fixed    
  15  w_vw         1.43404e+01   constant   
  16  beta_vw      0.00000e+00     fixed    
  17  LM           8.43198e-05   constant   
  18  zeta_y       0.00000e+00   constant   
  19  zeta_vw      0.00000e+00   constant   
  20  T_CBO        2.24737e+02   4.70239e+01   1.91706e-04  -2.47965e-02
  21  alpha_A0    -2.65584e-03   2.16525e-03  -2.73520e-04  -4.66572e-03
  22  beta_A0     -7.84325e-05   2.53869e-03   1.23874e-03   1.41677e-03
  23  alpha_phi    4.53706e-03   2.08706e-03  -5.47000e-04   8.99379e-04
  24  beta_phi     9.30010e-03   1.70596e-03  -4.50679e-04   7.16701e-03
 EXTERNAL ERROR MATRIX.    NDIM=  25    NPAR= 11    ERR DEF=1
  3.710e+05 
  1.509e-02  5.287e-08 
 -5.048e-03  1.918e-08  5.256e-07 
  4.496e-03  4.953e-09  4.924e-08  7.601e-08 
  1.194e-02  2.583e-09  3.903e-09 -3.414e-10  7.002e-08 
 -2.061e-03  3.878e-10  7.778e-10 -1.334e-10 -3.774e-10  6.970e-08 
  1.072e+03  2.529e-04  2.496e-03  2.965e-04  5.193e-05 -2.461e-04  2.221e+03 
  1.728e-01 -1.043e-08  5.169e-08 -3.945e-08  2.293e-08  3.360e-10  8.864e-03  4.769e-06 
  4.931e-02  8.244e-08  2.751e-07  6.174e-08  1.219e-07 -5.061e-09  2.608e-02  4.407e-07  6.588e-06 
 -1.131e-01  1.150e-08  8.577e-08  1.428e-07 -5.489e-08  9.164e-09 -1.442e-02 -1.554e-07  1.928e-07  4.438e-06 
 -1.790e-01  4.313e-08  6.679e-08  8.624e-09  9.229e-09  1.560e-08 -2.214e-02  5.080e-07 -1.891e-07  5.859e-08  3.147e-06 
 PARAMETER  CORRELATION COEFFICIENTS  
       NO.  GLOBAL      1      3      4      6     10     13     20     21     22     23     24
        1  0.29033   1.000  0.108 -0.011  0.027  0.074 -0.013  0.037  0.130  0.032 -0.088 -0.166
        3  0.24971   0.108  1.000  0.115  0.078  0.042  0.006  0.023 -0.021  0.140  0.024  0.106
        4  0.29957  -0.011  0.115  1.000  0.246  0.020  0.004  0.073  0.033  0.148  0.056  0.052
        6  0.35793   0.027  0.078  0.246  1.000 -0.005 -0.002  0.023 -0.066  0.087  0.246  0.018
       10  0.22493   0.074  0.042  0.020 -0.005  1.000 -0.005  0.004  0.040  0.179 -0.098  0.020
       13  0.03983  -0.013  0.006  0.004 -0.002 -0.005  1.000 -0.020  0.001 -0.007  0.016  0.033
       20  0.39274   0.037  0.023  0.073  0.023  0.004 -0.020  1.000  0.086  0.216 -0.145 -0.265
       21  0.26848   0.130 -0.021  0.033 -0.066  0.040  0.001  0.086  1.000  0.079 -0.034  0.131
       22  0.34329   0.032  0.140  0.148  0.087  0.179 -0.007  0.216  0.079  1.000  0.036 -0.042
       23  0.32623  -0.088  0.024  0.056  0.246 -0.098  0.016 -0.145 -0.034  0.036  1.000  0.016
       24  0.38755  -0.166  0.106  0.052  0.018  0.020  0.033 -0.265  0.131 -0.042  0.016  1.000
MINUIT - FIT ONLY 2-CBO
 **********
 **   25 **RES 
 **********
                   PARAMETER   16  beta_vw RESTORED TO VARIABLE.
                   PARAMETER   14  alpha_vw RESTORED TO VARIABLE.
                   PARAMETER   11  alpha_y RESTORED TO VARIABLE.
                   PARAMETER    9  alpha_2CBO RESTORED TO VARIABLE.
                   PARAMETER    8  beta_CBO RESTORED TO VARIABLE.
 **********
 **   26 **FIX            0
 **********
 PARAMETER    0  IS UNDEFINED. IGNORED.
 **********
 **   27 **FIX            1
 **********
 **********
 **   28 **FIX            2
 **********
 PARAMETER    2  IS CONSTANT.   IGNORED.
 **********
 **   29 **FIX            3
 **********
 **********
 **   30 **FIX            4
 **********
 **********
 **   31 **FIX            5
 **********
 PARAMETER    5  IS CONSTANT.   IGNORED.
 **********
 **   32 **FIX            6
 **********
 **********
 **   33 **FIX            7
 **********
 PARAMETER    7  IS CONSTANT.   IGNORED.
 **********
 **   34 **FIX           10
 **********
 **********
 **   35 **FIX           11
 **********
 **********
 **   36 **FIX           12
 **********
 PARAMETER   12  IS CONSTANT.   IGNORED.
 **********
 **   37 **FIX           13
 **********
 **********
 **   38 **FIX           14
 **********
 **********
 **   39 **FIX           15
 **********
 PARAMETER   15  IS CONSTANT.   IGNORED.
 **********
 **   40 **FIX           16
 **********
 **********
 **   41 **MIGRAD
 **********
 START MIGRAD MINIMIZATION.  STRATEGY  1.  CONVERGENCE WHEN EDM .LT. 1.00e-04
 FCN=85.099 FROM MIGRAD    STATUS=INITIATE       18 CALLS         800 TOTAL
                     EDM= unknown      STRATEGY= 1      NO ERROR MATRIX       
  EXT PARAMETER               CURRENT GUESS       STEP         FIRST   
  NO.   NAME      VALUE            ERROR          SIZE      DERIVATIVE 
   1  N0           3.41798e+06     fixed    
   2  tau          6.44063e+01   constant   
   3  A0           3.61613e-01     fixed    
   4  phi          4.12047e+00     fixed    
   5  R           -6.04192e+01   constant   
   6  alpha_CBO    1.98099e-03     fixed    
   7  w_CBO        2.32500e+00   constant   
   8  beta_CBO     0.00000e+00   1.00000e-03   1.00000e-03   4.22600e+04
   9  alpha_2CBO   0.00000e+00   1.00000e-03   1.00000e-03   1.59014e+04
  10  beta_2CBO    1.03825e-04     fixed    
  11  alpha_y      0.00000e+00     fixed    
  12  w_y          1.38860e+01   constant   
  13  beta_y      -9.63063e-06     fixed    
  14  alpha_vw     0.00000e+00     fixed    
  15  w_vw         1.43404e+01   constant   
  16  beta_vw      0.00000e+00     fixed    
  17  LM           8.43198e-05   constant   
  18  zeta_y       0.00000e+00   constant   
  19  zeta_vw      0.00000e+00   constant   
  20  T_CBO        2.24737e+02   4.70239e+01   1.91706e-04  -2.47965e-02
  21  alpha_A0    -2.65584e-03   2.16525e-03  -2.73520e-04  -4.66568e-03
  22  beta_A0     -7.84325e-05   2.53869e-03   1.23874e-03   1.41671e-03
  23  alpha_phi    4.53706e-03   2.08706e-03  -5.47000e-04   8.99393e-04
  24  beta_phi     9.30010e-03   1.70596e-03  -4.50679e-04   7.16709e-03
 MIGRAD MINIMIZATION HAS CONVERGED.
 MIGRAD WILL VERIFY CONVERGENCE AND ERROR MATRIX.
 COVARIANCE MATRIX CALCULATED SUCCESSFULLY
 FCN=47.9877 FROM MIGRAD    STATUS=CONVERGED     722 CALLS        1504 TOTAL
                     EDM=6.53726e-06    STRATEGY= 1      ERROR MATRIX ACCURATE 
  EXT PARAMETER                                   STEP         FIRST   
  NO.   NAME      VALUE            ERROR          SIZE      DERIVATIVE 
   1  N0           3.41798e+06     fixed    
   2  tau          6.44063e+01   constant   
   3  A0           3.61613e-01     fixed    
   4  phi          4.12047e+00     fixed    
   5  R           -6.04192e+01   constant   
   6  alpha_CBO    1.98099e-03     fixed    
   7  w_CBO        2.32500e+00   constant   
   8  beta_CBO    -1.53987e-03   2.69850e-04   9.03141e-07   1.55761e+00
   9  alpha_2CBO  -5.69538e-04   2.67815e-04   8.94388e-07  -2.06306e-01
  10  beta_2CBO    1.03825e-04     fixed    
  11  alpha_y      0.00000e+00     fixed    
  12  w_y          1.38860e+01   constant   
  13  beta_y      -9.63063e-06     fixed    
  14  alpha_vw     0.00000e+00     fixed    
  15  w_vw         1.43404e+01   constant   
  16  beta_vw      0.00000e+00     fixed    
  17  LM           8.43198e-05   constant   
  18  zeta_y       0.00000e+00   constant   
  19  zeta_vw      0.00000e+00   constant   
  20  T_CBO        9.99899e+02   9.10597e+02   4.78437e-02  -1.77310e-04
  21  alpha_A0    -2.02469e-03   1.15012e-03   3.96067e-04   3.86798e-03
  22  beta_A0      4.75210e-04   1.26017e-03   4.27314e-04  -9.67402e-03
  23  alpha_phi    2.28844e-03   1.08773e-03   3.80535e-04   6.82125e-03
  24  beta_phi     3.35758e-03   1.09501e-03   3.84086e-04  -1.66164e-02
 EXTERNAL ERROR MATRIX.    NDIM=  25    NPAR=  7    ERR DEF=1
  7.282e-08  1.263e-12  1.286e-06  1.179e-08 -2.541e-08 -1.639e-09  5.203e-08 
  1.263e-12  7.172e-08 -1.143e-06  4.995e-08  1.949e-09  1.499e-08  4.150e-08 
  1.286e-06 -1.143e-06  2.219e+04 -1.628e-03  3.817e-04  1.813e-03  2.713e-03 
  1.179e-08  4.995e-08 -1.628e-03  1.329e-06  8.125e-09  1.182e-08  1.102e-07 
 -2.541e-08  1.949e-09  3.817e-04  8.125e-09  1.597e-06  1.028e-07  1.398e-07 
 -1.639e-09  1.499e-08  1.813e-03  1.182e-08  1.028e-07  1.188e-06  8.358e-08 
  5.203e-08  4.150e-08  2.713e-03  1.102e-07  1.398e-07  8.358e-08  1.204e-06 
 PARAMETER  CORRELATION COEFFICIENTS  
       NO.  GLOBAL      8      9     20     21     22     23     24
        8  0.20236   1.000  0.000  0.000  0.038 -0.075 -0.006  0.176
        9  0.21238   0.000  1.000 -0.000  0.162  0.006  0.051  0.141
       20  0.02248   0.000 -0.000  1.000 -0.009  0.002  0.011  0.017
       21  0.17670   0.038  0.162 -0.009  1.000  0.006  0.009  0.087
       22  0.15330  -0.075  0.006  0.002  0.006  1.000  0.075  0.101
       23  0.10736  -0.006  0.051  0.011  0.009  0.075  1.000  0.070
       24  0.26515   0.176  0.141  0.017  0.087  0.101  0.070  1.000
MINUIT - FIT wiggle + 1-CBO + 2-CBO
 **********
 **   42 **RES 
 **********
                   PARAMETER   16  beta_vw RESTORED TO VARIABLE.
                   PARAMETER   14  alpha_vw RESTORED TO VARIABLE.
                   PARAMETER   13  beta_y RESTORED TO VARIABLE.
                   PARAMETER   11  alpha_y RESTORED TO VARIABLE.
                   PARAMETER   10  beta_2CBO RESTORED TO VARIABLE.
                   PARAMETER    6  alpha_CBO RESTORED TO VARIABLE.
                   PARAMETER    4  phi RESTORED TO VARIABLE.
                   PARAMETER    3  A0 RESTORED TO VARIABLE.
                   PARAMETER    1  N0 RESTORED TO VARIABLE.
 **********
 **   43 **FIX           10
 **********
 **********
 **   44 **FIX           11
 **********
 **********
 **   45 **FIX           12
 **********
 PARAMETER   12  IS CONSTANT.   IGNORED.
 **********
 **   46 **FIX           13
 **********
 **********
 **   47 **FIX           14
 **********
 **********
 **   48 **FIX           15
 **********
 PARAMETER   15  IS CONSTANT.   IGNORED.
 **********
 **   49 **FIX           16
 **********
 **********
 **   50 **MIGRAD
 **********
 START MIGRAD MINIMIZATION.  STRATEGY  1.  CONVERGENCE WHEN EDM .LT. 1.00e-04
 FCN=47.9877 FROM MIGRAD    STATUS=INITIATE       22 CALLS        1526 TOTAL
                     EDM= unknown      STRATEGY= 1      NO ERROR MATRIX       
  EXT PARAMETER               CURRENT GUESS       STEP         FIRST   
  NO.   NAME      VALUE            ERROR          SIZE      DERIVATIVE 
   1  N0           3.41798e+06   6.09109e+02   6.09109e+02  -1.77659e-04
   2  tau          6.44063e+01   constant   
   3  A0           3.61613e-01   2.29925e-04   2.29925e-04  -7.61910e+03
   4  phi          4.12047e+00   7.24988e-04   7.24988e-04   3.13922e+02
   5  R           -6.04192e+01   constant   
   6  alpha_CBO    1.98099e-03   2.75706e-04   2.75706e-04   9.38767e+02
   7  w_CBO        2.32500e+00   constant   
   8  beta_CBO    -1.53987e-03   2.69850e-04   9.03141e-07   1.55761e+00
   9  alpha_2CBO  -5.69538e-04   2.67815e-04   8.94388e-07  -2.06308e-01
  10  beta_2CBO    1.03825e-04     fixed    
  11  alpha_y      0.00000e+00     fixed    
  12  w_y          1.38860e+01   constant   
  13  beta_y      -9.63063e-06     fixed    
  14  alpha_vw     0.00000e+00     fixed    
  15  w_vw         1.43404e+01   constant   
  16  beta_vw      0.00000e+00     fixed    
  17  LM           8.43198e-05   constant   
  18  zeta_y       0.00000e+00   constant   
  19  zeta_vw      0.00000e+00   constant   
  20  T_CBO        9.99899e+02   9.10597e+02   4.78437e-02  -1.85334e-04
  21  alpha_A0    -2.02469e-03   1.15012e-03   3.96067e-04   3.87010e-03
  22  beta_A0      4.75210e-04   1.26017e-03   4.27314e-04  -9.67440e-03
  23  alpha_phi    2.28844e-03   1.08773e-03   3.80535e-04   6.81862e-03
  24  beta_phi     3.35758e-03   1.09501e-03   3.84086e-04  -1.66204e-02
 MIGRAD MINIMIZATION HAS CONVERGED.
 MIGRAD WILL VERIFY CONVERGENCE AND ERROR MATRIX.
 COVARIANCE MATRIX CALCULATED SUCCESSFULLY
 FCN=47.1351 FROM MIGRAD    STATUS=CONVERGED     223 CALLS        1727 TOTAL
                     EDM=1.53543e-05    STRATEGY= 1      ERROR MATRIX ACCURATE 
  EXT PARAMETER                                   STEP         FIRST   
  NO.   NAME      VALUE            ERROR          SIZE      DERIVATIVE 
   1  N0           3.41815e+06   6.74222e+02   2.12538e+00   2.21859e-06
   2  tau          6.44063e+01   constant   
   3  A0           3.61827e-01   2.37970e-04   7.65282e-07  -3.52322e+00
   4  phi          4.12041e+00   7.29457e-04   2.34702e-06   1.52243e+00
   5  R           -6.04192e+01   constant   
   6  alpha_CBO    1.95623e-03   2.75719e-04   8.74159e-07  -1.42091e+01
   7  w_CBO        2.32500e+00   constant   
   8  beta_CBO    -1.58531e-03   2.74318e-04   8.95235e-07  -6.71666e-01
   9  alpha_2CBO  -5.58515e-04   2.68336e-04   8.86566e-07   2.07500e+00
  10  beta_2CBO    1.03825e-04     fixed    
  11  alpha_y      0.00000e+00     fixed    
  12  w_y          1.38860e+01   constant   
  13  beta_y      -9.63063e-06     fixed    
  14  alpha_vw     0.00000e+00     fixed    
  15  w_vw         1.43404e+01   constant   
  16  beta_vw      0.00000e+00     fixed    
  17  LM           8.43198e-05   constant   
  18  zeta_y       0.00000e+00   constant   
  19  zeta_vw      0.00000e+00   constant   
  20  T_CBO        9.99999e+02   8.77466e+02   6.70884e-02   4.82492e-06
  21  alpha_A0    -1.95153e-03   1.19245e-03   3.91757e-04   1.95936e-03
  22  beta_A0      5.70556e-04   1.28768e-03   4.23576e-04  -1.76455e-02
  23  alpha_phi    2.31260e-03   1.14402e-03   3.77006e-04   2.35424e-03
  24  beta_phi     3.38707e-03   1.16089e-03   3.80760e-04  -1.91382e-02
 EXTERNAL ERROR MATRIX.    NDIM=  25    NPAR= 11    ERR DEF=1
  4.546e+05 
  3.205e-02  5.663e-08 
 -3.775e-02  1.254e-08  5.321e-07 
  5.346e-03  4.934e-09  4.975e-08  7.602e-08 
 -6.733e-03 -1.165e-08  3.273e-10  7.122e-10  7.525e-08 
 -2.476e-03  3.319e-09  5.647e-09  1.203e-09 -6.443e-10  7.200e-08 
  3.279e+00  2.023e-05  1.739e-05 -6.418e-07 -5.523e-07 -1.557e-06  5.807e+02 
  1.682e-01  1.171e-08 -2.058e-08 -2.029e-08  8.818e-09  4.883e-08 -4.326e-03  1.429e-06 
  9.709e-04  3.577e-08  1.588e-07  3.203e-08 -3.159e-08  5.617e-09  1.297e-03 -7.650e-09  1.667e-06 
  3.393e-02  1.803e-08  5.973e-08  7.798e-08 -3.545e-09  1.678e-08  5.077e-03 -3.565e-08  1.559e-07  1.315e-06 
 -1.205e-01  1.600e-08  9.179e-08  1.017e-08  4.916e-08  4.432e-08  7.565e-03  7.613e-09  1.942e-07  1.582e-07  1.355e-06 
 PARAMETER  CORRELATION COEFFICIENTS  
       NO.  GLOBAL      1      3      4      6      8      9     20     21     22     23     24
        1  0.35189   1.000  0.200 -0.077  0.029 -0.036 -0.014  0.000  0.209  0.001  0.044 -0.154
        3  0.31441   0.200  1.000  0.072  0.075 -0.178  0.052  0.004  0.041  0.116  0.066  0.058
        4  0.31297  -0.077  0.072  1.000  0.247  0.002  0.029  0.001 -0.024  0.169  0.071  0.108
        6  0.35231   0.029  0.075  0.247  1.000  0.009  0.016 -0.000 -0.062  0.090  0.247  0.032
        8  0.26827  -0.036 -0.178  0.002  0.009  1.000 -0.009 -0.000  0.027 -0.089 -0.011  0.154
        9  0.22096  -0.014  0.052  0.029  0.016 -0.009  1.000 -0.000  0.152  0.016  0.055  0.142
       20  0.35852   0.000  0.004  0.001 -0.000 -0.000 -0.000  1.000 -0.150  0.042  0.184  0.270
       21  0.31586   0.209  0.041 -0.024 -0.062  0.027  0.152 -0.150  1.000 -0.005 -0.026  0.005
       22  0.25602   0.001  0.116  0.169  0.090 -0.089  0.016  0.042 -0.005  1.000  0.105  0.129
       23  0.32864   0.044  0.066  0.071  0.247 -0.011  0.055  0.184 -0.026  0.105  1.000  0.119
       24  0.41761  -0.154  0.058  0.108  0.032  0.154  0.142  0.270  0.005  0.129  0.119  1.000
MINUIT - FIT ONLY 1-y
 **********
 **   51 **RES 
 **********
                   PARAMETER   16  beta_vw RESTORED TO VARIABLE.
                   PARAMETER   14  alpha_vw RESTORED TO VARIABLE.
                   PARAMETER   13  beta_y RESTORED TO VARIABLE.
                   PARAMETER   11  alpha_y RESTORED TO VARIABLE.
                   PARAMETER   10  beta_2CBO RESTORED TO VARIABLE.
 **********
 **   52 **FIX            0
 **********
 PARAMETER    0  IS UNDEFINED. IGNORED.
 **********
 **   53 **FIX            1
 **********
 **********
 **   54 **FIX            2
 **********
 PARAMETER    2  IS CONSTANT.   IGNORED.
 **********
 **   55 **FIX            3
 **********
 **********
 **   56 **FIX            4
 **********
 **********
 **   57 **FIX            5
 **********
 PARAMETER    5  IS CONSTANT.   IGNORED.
 **********
 **   58 **FIX            6
 **********
 **********
 **   59 **FIX            7
 **********
 PARAMETER    7  IS CONSTANT.   IGNORED.
 **********
 **   60 **FIX            8
 **********
 **********
 **   61 **FIX            9
 **********
 **********
 **   62 **FIX           13
 **********
 **********
 **   63 **FIX           14
 **********
 **********
 **   64 **FIX           15
 **********
 PARAMETER   15  IS CONSTANT.   IGNORED.
 **********
 **   65 **FIX           16
 **********
 **********
 **   66 **MIGRAD
 **********
 START MIGRAD MINIMIZATION.  STRATEGY  1.  CONVERGENCE WHEN EDM .LT. 1.00e-04
 FCN=47.1351 FROM MIGRAD    STATUS=INITIATE       16 CALLS        1743 TOTAL
                     EDM= unknown      STRATEGY= 1      NO ERROR MATRIX       
  EXT PARAMETER               CURRENT GUESS       STEP         FIRST   
  NO.   NAME      VALUE            ERROR          SIZE      DERIVATIVE 
   1  N0           3.41815e+06     fixed    
   2  tau          6.44063e+01   constant   
   3  A0           3.61827e-01     fixed    
   4  phi          4.12041e+00     fixed    
   5  R           -6.04192e+01   constant   
   6  alpha_CBO    1.95623e-03     fixed    
   7  w_CBO        2.32500e+00   constant   
   8  beta_CBO    -1.58531e-03     fixed    
   9  alpha_2CBO  -5.58515e-04     fixed    
  10  beta_2CBO    1.03825e-04   2.64606e-04   2.64606e-04   1.79451e+03
  11  alpha_y      0.00000e+00   1.00000e-03   1.00000e-03  -3.93421e+02
  12  w_y          1.38860e+01   constant   
  13  beta_y      -9.63063e-06     fixed    
  14  alpha_vw     0.00000e+00     fixed    
  15  w_vw         1.43404e+01   constant   
  16  beta_vw      0.00000e+00     fixed    
  17  LM           8.43198e-05   constant   
  18  zeta_y       0.00000e+00   constant   
  19  zeta_vw      0.00000e+00   constant   
  20  T_CBO        9.99999e+02   8.77466e+02   6.70884e-02  -5.03464e-06
  21  alpha_A0    -1.95153e-03   1.19245e-03   3.91757e-04   1.96139e-03
  22  beta_A0      5.70556e-04   1.28768e-03   4.23576e-04  -1.76463e-02
  23  alpha_phi    2.31260e-03   1.14402e-03   3.77006e-04   2.35162e-03
  24  beta_phi     3.38707e-03   1.16089e-03   3.80760e-04  -1.91422e-02
 MIGRAD MINIMIZATION HAS CONVERGED.
 MIGRAD WILL VERIFY CONVERGENCE AND ERROR MATRIX.
 COVARIANCE MATRIX CALCULATED SUCCESSFULLY
 FCN=47.0756 FROM MIGRAD    STATUS=CONVERGED     114 CALLS        1841 TOTAL
                     EDM=5.09935e-07    STRATEGY= 1      ERROR MATRIX ACCURATE 
  EXT PARAMETER                                   STEP         FIRST   
  NO.   NAME      VALUE            ERROR          SIZE      DERIVATIVE 
   1  N0           3.41815e+06     fixed    
   2  tau          6.44063e+01   constant   
   3  A0           3.61827e-01     fixed    
   4  phi          4.12041e+00     fixed    
   5  R           -6.04192e+01   constant   
   6  alpha_CBO    1.95623e-03     fixed    
   7  w_CBO        2.32500e+00   constant   
   8  beta_CBO    -1.58531e-03     fixed    
   9  alpha_2CBO  -5.58515e-04     fixed    
  10  beta_2CBO    4.02294e-05   2.66595e-04   8.81921e-07  -1.59051e-01
  11  alpha_y      1.26502e-05   2.59716e-04   8.78795e-07  -1.16632e+00
  12  w_y          1.38860e+01   constant   
  13  beta_y      -9.63063e-06     fixed    
  14  alpha_vw     0.00000e+00     fixed    
  15  w_vw         1.43404e+01   constant   
  16  beta_vw      0.00000e+00     fixed    
  17  LM           8.43198e-05   constant   
  18  zeta_y       0.00000e+00   constant   
  19  zeta_vw      0.00000e+00   constant   
  20  T_CBO        1.00000e+03   7.84136e+02   3.22648e-01** at limit **
  21  alpha_A0    -1.95105e-03   1.44590e-03   3.91520e-04   3.35878e-03
  22  beta_A0      5.17658e-04   1.29887e-03   4.23184e-04   1.51034e-03
  23  alpha_phi    2.34238e-03   1.52643e-03   3.77143e-04   6.75321e-03
  24  beta_phi     3.38057e-03   1.89017e-03   3.80511e-04  -6.09316e-04
 EXTERNAL ERROR MATRIX.    NDIM=  25    NPAR=  7    ERR DEF=1
  7.107e-08  6.312e-10  1.220e-07 -1.135e-09  5.898e-08 -3.233e-08  9.287e-09 
  6.312e-10  6.745e-08  4.789e-09 -4.171e-10 -9.659e-09 -2.009e-09 -2.892e-09 
  1.220e-07  4.789e-09  2.435e-02 -1.408e-04  3.813e-05  1.674e-04  2.457e-04 
 -1.135e-09 -4.171e-10 -1.408e-04  2.106e-06 -2.099e-07 -9.663e-07 -1.348e-06 
  5.898e-08 -9.659e-09  3.813e-05 -2.099e-07  1.697e-06  3.368e-07  5.488e-07 
 -3.233e-08 -2.009e-09  1.674e-04 -9.663e-07  3.368e-07  2.349e-06  1.761e-06 
  9.287e-09 -2.892e-09  2.457e-04 -1.348e-06  5.488e-07  1.761e-06  3.622e-06 
 PARAMETER  CORRELATION COEFFICIENTS  
       NO.  GLOBAL     10     11     20     21     22     23     24
       10  0.21272   1.000  0.009  0.003 -0.003  0.170 -0.079  0.018
       11  0.03343   0.009  1.000  0.000 -0.001 -0.029 -0.005 -0.006
       20  0.88847   0.003  0.000  1.000 -0.622  0.188  0.700  0.827
       21  0.62381  -0.003 -0.001 -0.622  1.000 -0.111 -0.434 -0.488
       22  0.28574   0.170 -0.029  0.188 -0.111  1.000  0.169  0.221
       23  0.70767  -0.079 -0.005  0.700 -0.434  0.169  1.000  0.604
       24  0.83140   0.018 -0.006  0.827 -0.488  0.221  0.604  1.000
MINUIT - FIT ONLY 2-y
 **********
 **   67 **RES 
 **********
                   PARAMETER   16  beta_vw RESTORED TO VARIABLE.
                   PARAMETER   14  alpha_vw RESTORED TO VARIABLE.
                   PARAMETER   13  beta_y RESTORED TO VARIABLE.
                   PARAMETER    9  alpha_2CBO RESTORED TO VARIABLE.
                   PARAMETER    8  beta_CBO RESTORED TO VARIABLE.
                   PARAMETER    6  alpha_CBO RESTORED TO VARIABLE.
                   PARAMETER    4  phi RESTORED TO VARIABLE.
                   PARAMETER    3  A0 RESTORED TO VARIABLE.
                   PARAMETER    1  N0 RESTORED TO VARIABLE.
 **********
 **   68 **FIX            0
 **********
 PARAMETER    0  IS UNDEFINED. IGNORED.
 **********
 **   69 **FIX            1
 **********
 **********
 **   70 **FIX            2
 **********
 PARAMETER    2  IS CONSTANT.   IGNORED.
 **********
 **   71 **FIX            3
 **********
 **********
 **   72 **FIX            4
 **********
 **********
 **   73 **FIX            5
 **********
 PARAMETER    5  IS CONSTANT.   IGNORED.
 **********
 **   74 **FIX            6
 **********
 **********
 **   75 **FIX            7
 **********
 PARAMETER    7  IS CONSTANT.   IGNORED.
 **********
 **   76 **FIX            8
 **********
 **********
 **   77 **FIX            9
 **********
 **********
 **   78 **FIX           10
 **********
 **********
 **   79 **FIX           11
 **********
 **********
 **   80 **FIX           12
 **********
 PARAMETER   12  IS CONSTANT.   IGNORED.
 **********
 **   81 **FIX           16
 **********
 **********
 **   82 **MIGRAD
 **********
 START MIGRAD MINIMIZATION.  STRATEGY  1.  CONVERGENCE WHEN EDM .LT. 1.00e-04
 FCN=47.0756 FROM MIGRAD    STATUS=INITIATE       16 CALLS        1857 TOTAL
                     EDM= unknown      STRATEGY= 1      NO ERROR MATRIX       
  EXT PARAMETER               CURRENT GUESS       STEP         FIRST   
  NO.   NAME      VALUE            ERROR          SIZE      DERIVATIVE 
   1  N0           3.41815e+06     fixed    
   2  tau          6.44063e+01   constant   
   3  A0           3.61827e-01     fixed    
   4  phi          4.12041e+00     fixed    
   5  R           -6.04192e+01   constant   
   6  alpha_CBO    1.95623e-03     fixed    
   7  w_CBO        2.32500e+00   constant   
   8  beta_CBO    -1.58531e-03     fixed    
   9  alpha_2CBO  -5.58515e-04     fixed    
  10  beta_2CBO    4.02294e-05     fixed    
  11  alpha_y      1.26502e-05     fixed    
  12  w_y          1.38860e+01   constant   
  13  beta_y      -9.63063e-06   2.64002e-04   2.64002e-04  -4.95373e+02
  14  alpha_vw     0.00000e+00   1.00000e-03   1.00000e-03   1.00009e+03
  15  w_vw         1.43404e+01   constant   
  16  beta_vw      0.00000e+00     fixed    
  17  LM           8.43198e-05   constant   
  18  zeta_y       0.00000e+00   constant   
  19  zeta_vw      0.00000e+00   constant   
  20  T_CBO        9.99999e+02   7.84136e+02   3.22648e-01  -4.87697e-06
  21  alpha_A0    -1.95105e-03   1.44590e-03   3.91520e-04   3.36701e-03
  22  beta_A0      5.17658e-04   1.29887e-03   4.23184e-04   1.50987e-03
  23  alpha_phi    2.34238e-03   1.52643e-03   3.77143e-04   6.74428e-03
  24  beta_phi     3.38057e-03   1.89017e-03   3.80511e-04  -6.23487e-04
 MIGRAD MINIMIZATION HAS CONVERGED.
 MIGRAD WILL VERIFY CONVERGENCE AND ERROR MATRIX.
 COVARIANCE MATRIX CALCULATED SUCCESSFULLY
 FCN=47.0498 FROM MIGRAD    STATUS=CONVERGED     100 CALLS        1941 TOTAL
                     EDM=1.95325e-06    STRATEGY= 1      ERROR MATRIX ACCURATE 
  EXT PARAMETER                                   STEP         FIRST   
  NO.   NAME      VALUE            ERROR          SIZE      DERIVATIVE 
   1  N0           3.41815e+06     fixed    
   2  tau          6.44063e+01   constant   
   3  A0           3.61827e-01     fixed    
   4  phi          4.12041e+00     fixed    
   5  R           -6.04192e+01   constant   
   6  alpha_CBO    1.95623e-03     fixed    
   7  w_CBO        2.32500e+00   constant   
   8  beta_CBO    -1.58531e-03     fixed    
   9  alpha_2CBO  -5.58515e-04     fixed    
  10  beta_2CBO    4.02294e-05     fixed    
  11  alpha_y      1.26502e-05     fixed    
  12  w_y          1.38860e+01   constant   
  13  beta_y       1.55956e-05   2.68474e-04   8.89068e-07   1.31385e+00
  14  alpha_vw    -3.91017e-05   2.66399e-04   8.82238e-07   6.79071e-01
  15  w_vw         1.43404e+01   constant   
  16  beta_vw      0.00000e+00     fixed    
  17  LM           8.43198e-05   constant   
  18  zeta_y       0.00000e+00   constant   
  19  zeta_vw      0.00000e+00   constant   
  20  T_CBO        1.00000e+03   9.80648e+02   7.33031e-02** at limit **
  21  alpha_A0    -1.94828e-03   1.14939e-03   3.91432e-04  -1.14578e-02
  22  beta_A0      5.14533e-04   1.25746e-03   4.23062e-04  -8.63993e-04
  23  alpha_phi    2.34500e-03   1.10840e-03   3.77018e-04  -8.91419e-03
  24  beta_phi     3.38219e-03   1.11524e-03   3.80315e-04  -7.21254e-03
 EXTERNAL ERROR MATRIX.    NDIM=  25    NPAR=  7    ERR DEF=1
  7.208e-08 -1.468e-08 -3.882e-07  5.934e-09 -1.703e-09  5.276e-09  3.811e-09 
 -1.468e-08  7.097e-08  3.848e-07 -4.607e-09  4.746e-09 -4.592e-09 -2.390e-09 
 -3.882e-07  3.848e-07  4.131e+01 -1.209e-03  3.243e-04  1.439e-03  2.111e-03 
  5.934e-09 -4.607e-09 -1.209e-03  1.327e-06  1.137e-09 -3.971e-08  1.168e-08 
 -1.703e-09  4.746e-09  3.243e-04  1.137e-09  1.590e-06  1.128e-07  1.732e-07 
  5.276e-09 -4.592e-09  1.439e-03 -3.971e-08  1.128e-07  1.234e-06  1.497e-07 
  3.811e-09 -2.390e-09  2.111e-03  1.168e-08  1.732e-07  1.497e-07  1.250e-06 
 PARAMETER  CORRELATION COEFFICIENTS  
       NO.  GLOBAL     13     14     20     21     22     23     24
       13  0.20672   1.000 -0.205 -0.000  0.019 -0.005  0.018  0.013
       14  0.20649  -0.205  1.000  0.000 -0.015  0.014 -0.016 -0.008
       20  0.37442  -0.000  0.000  1.000 -0.163  0.040  0.202  0.294
       21  0.17515   0.019 -0.015 -0.163  1.000  0.001 -0.031  0.009
       22  0.14078  -0.005  0.014  0.040  0.001  1.000  0.081  0.123
       23  0.22252   0.018 -0.016  0.202 -0.031  0.081  1.000  0.121
       24  0.32413   0.013 -0.008  0.294  0.009  0.123  0.121  1.000
MINUIT - FIT ALTOGETHER
 **********
