 + ++++++++++++++++++++++++++++++++++++++++++++++++++++++++++++++++++++ +
 +                                                                      +
 +           You have chose to blind your fitting according to          +
 +                omega_ref * (1 + (R +/- deltaR) *10^{-6})             +
 +                                                                      +
 + ++++++++++++++++++++++++++++++++++++++++++++++++++++++++++++++++++++ +
In main()...
reading format from /gm2data/zkhechad/run45/envelope/formats/formatB_sBin_constraintOn.txt
pBinTau 	= 0  
pBinPhi 	= 0  
constraintau 	= 1 
includeMopTerm 	= 0    
constrainMop    = 0   
Parameters after format file: pBinTau 0 pBinPhi 0 constraintau 1 includeMopTerm 0 constrainMop 0 c_e_scale 0.000000 
Opening file /gm2data/tbarrett/gm2fr/studies/run23_bunch_corrections/CorrectedFourier_Run3b.root.
reading full fit data from /gm2data/zkhechad/cboTemplates/Run4CBOTemplates/templateFits0_v2.0/noRF/sBin_constraintOn_cE0.0_seed0_noRF_calo18.root
windowBins = 17
fitting sliding window 108 from bin 244 at 36.255600 to bin 261 at 38.941200 (17 bins)

Reading data from /gm2data/cornell/histograms/aMethod/histogram_a_noRF.root
 **********
 **    1 **SET PRINTOUT            1
 **********
 **********
 **    2 **SET NOWARNINGS 
 **********
 PARAMETER DEFINITIONS:
    NO.   NAME         VALUE      STEP SIZE      LIMITS
     1 N0           3.61661e+06  1.00000e+02     no limits
     2 tau          6.44027e+01  constant
     3 A0           3.53412e-01  1.00000e-04     no limits
     4 phi          4.12202e+00  1.00000e-02     no limits
     5 R           -6.06479e+01  constant
     6 alpha_CBO    0.00000e+00  1.00000e-03     no limits
     7 w_CBO        2.32500e+00  constant
     8 beta_CBO     0.00000e+00  1.00000e-03     no limits
     9 alpha_2CBO   0.00000e+00  1.00000e-03     no limits
    10 beta_2CBO    0.00000e+00  1.00000e-03     no limits
    11 alpha_y      0.00000e+00  1.00000e-03     no limits
    12 w_y          1.44500e+01  constant
    13 beta_y       0.00000e+00  1.00000e-03     no limits
    14 alpha_vw     0.00000e+00  1.00000e-03     no limits
    15 w_vw         1.29000e+01  constant
    16 beta_vw      0.00000e+00  1.00000e-03     no limits
    17 LM          -1.06686e-04  constant
    18 zeta_y       0.00000e+00  constant
    19 zeta_vw      0.00000e+00  constant
    20 T_CBO        1.00000e+02  1.00000e+00    0.00000e+00  1.00000e+03
    21 alpha_A0     0.00000e+00  1.00000e-03     no limits
    22 beta_A0      0.00000e+00  1.00000e-03     no limits
    23 alpha_phi    0.00000e+00  1.00000e-03     no limits
    24 beta_phi     0.00000e+00  1.00000e-03     no limits
MINUIT - FIT ONLY WIGGLE
 **********
 **    3 **FIX            5
 **********
 PARAMETER    5  IS CONSTANT.   IGNORED.
 **********
 **    4 **FIX            6
 **********
 **********
 **    5 **FIX            7
 **********
 PARAMETER    7  IS CONSTANT.   IGNORED.
 **********
 **    6 **FIX            8
 **********
 **********
 **    7 **FIX            9
 **********
 **********
 **    8 **FIX           10
 **********
 **********
 **    9 **FIX           11
 **********
 **********
 **   10 **FIX           12
 **********
 PARAMETER   12  IS CONSTANT.   IGNORED.
 **********
 **   11 **FIX           13
 **********
 **********
 **   12 **FIX           14
 **********
 **********
 **   13 **FIX           15
 **********
 PARAMETER   15  IS CONSTANT.   IGNORED.
 **********
 **   14 **FIX           16
 **********
 **********
 **   15 **MIGRAD
 **********
 FIRST CALL TO USER FUNCTION AT NEW START POINT, WITH IFLAG=4.
 START MIGRAD MINIMIZATION.  STRATEGY  1.  CONVERGENCE WHEN EDM .LT. 1.00e-04
 FCN=4774.2 FROM MIGRAD    STATUS=INITIATE      429 CALLS         430 TOTAL
                     EDM= unknown      STRATEGY= 1      NO ERROR MATRIX       
  EXT PARAMETER               CURRENT GUESS       STEP         FIRST   
  NO.   NAME      VALUE            ERROR          SIZE      DERIVATIVE 
   1  N0           3.61661e+06   1.00000e+02   0.00000e+00  -1.04203e-03
   2  tau          6.44027e+01   constant   
   3  A0           3.53412e-01   1.00000e-04   0.00000e+00  -3.46236e+05
   4  phi          4.12202e+00   1.00000e-02   0.00000e+00  -2.42668e+05
   5  R           -6.06479e+01   constant   
   6  alpha_CBO    0.00000e+00     fixed    
   7  w_CBO        2.32500e+00   constant   
   8  beta_CBO     0.00000e+00     fixed    
   9  alpha_2CBO   0.00000e+00     fixed    
  10  beta_2CBO    0.00000e+00     fixed    
  11  alpha_y      0.00000e+00     fixed    
  12  w_y          1.44500e+01   constant   
  13  beta_y       0.00000e+00     fixed    
  14  alpha_vw     0.00000e+00     fixed    
  15  w_vw         1.29000e+01   constant   
  16  beta_vw      0.00000e+00     fixed    
  17  LM          -1.06686e-04   constant   
  18  zeta_y       0.00000e+00   constant   
  19  zeta_vw      0.00000e+00   constant   
  20  T_CBO        1.00000e+02   1.00000e+00   0.00000e+00   0.00000e+00
  21  alpha_A0     0.00000e+00   1.00000e-03   0.00000e+00   7.15320e+04
  22  beta_A0      0.00000e+00   1.00000e-03   0.00000e+00   1.39304e+04
  23  alpha_phi    0.00000e+00   1.00000e-03   0.00000e+00  -5.07135e+04
  24  beta_phi     0.00000e+00   1.00000e-03   0.00000e+00  -6.00460e+04
 CALL LIMIT EXCEEDED IN MIGRAD.
 MIGRAD TERMINATED WITHOUT CONVERGENCE.
 FCN=691.319 FROM MIGRAD    STATUS=CALL LIMIT   1328 CALLS        1329 TOTAL
                     EDM=0.428486    STRATEGY= 1  ERROR MATRIX UNCERTAINTY   9.9 per cent
  EXT PARAMETER                APPROXIMATE        STEP         FIRST   
  NO.   NAME      VALUE            ERROR          SIZE      DERIVATIVE 
   1  N0           3.62295e+06   1.64835e+04   6.42800e+03   4.51588e-04
   2  tau          6.44027e+01   constant   
   3  A0           3.69663e-01   2.51994e-03   1.04562e-03   2.86018e+03
   4  phi          4.15799e+00   5.84543e-03  -4.03952e-04   3.49689e+01
   5  R           -6.06479e+01   constant   
   6  alpha_CBO    0.00000e+00     fixed    
   7  w_CBO        2.32500e+00   constant   
   8  beta_CBO     0.00000e+00     fixed    
   9  alpha_2CBO   0.00000e+00     fixed    
  10  beta_2CBO    0.00000e+00     fixed    
  11  alpha_y      0.00000e+00     fixed    
  12  w_y          1.44500e+01   constant   
  13  beta_y       0.00000e+00     fixed    
  14  alpha_vw     0.00000e+00     fixed    
  15  w_vw         1.29000e+01   constant   
  16  beta_vw      0.00000e+00     fixed    
  17  LM          -1.06686e-04   constant   
  18  zeta_y       0.00000e+00   constant   
  19  zeta_vw      0.00000e+00   constant   
  20  T_CBO        3.40101e+01   1.77660e+00  -3.94833e-03  -1.92480e+02
  21  alpha_A0     9.42080e-02   2.63457e-02  -2.31449e-04  -3.02704e+02
  22  beta_A0     -1.22721e-01   6.64599e-02  -2.77598e-02   1.60562e+01
  23  alpha_phi   -8.36934e-02   7.12207e-02  -3.01115e-02   2.07754e+02
  24  beta_phi    -6.51417e-02   2.67619e-02   2.31108e-04  -2.20936e+02
 EXTERNAL ERROR MATRIX.    NDIM=  25    NPAR=  8    ERR DEF=1
  2.717e+08  3.701e+01 -5.520e+01 -1.368e+04 -2.138e+02 -1.083e+03 -1.156e+03  2.260e+02 
  3.701e+01  6.350e-06 -2.951e-06 -3.104e-03 -5.757e-06 -1.585e-04 -1.708e-04  8.841e-06 
 -5.520e+01 -2.951e-06  3.417e-05 -3.197e-03  1.516e-04  1.752e-04  1.829e-04 -1.551e-04 
 -1.368e+04 -3.104e-03 -3.197e-03  3.156e+00 -1.996e-02  6.833e-02  7.529e-02  1.903e-02 
 -2.138e+02 -5.757e-06  1.516e-04 -1.996e-02  6.941e-04  6.258e-04  6.412e-04 -7.004e-04 
 -1.083e+03 -1.585e-04  1.752e-04  6.833e-02  6.258e-04  4.417e-03  4.731e-03 -6.813e-04 
 -1.156e+03 -1.708e-04  1.829e-04  7.529e-02  6.412e-04  4.731e-03  5.072e-03 -7.034e-04 
  2.260e+02  8.841e-06 -1.551e-04  1.903e-02 -7.004e-04 -6.813e-04 -7.034e-04  7.162e-04 
ERR MATRIX APPROXIMATE
 PARAMETER  CORRELATION COEFFICIENTS  
       NO.  GLOBAL      1      3      4     20     21     22     23     24
        1  0.99995   1.000  0.891 -0.573 -0.467 -0.492 -0.988 -0.985  0.512
        3  0.99829   0.891  1.000 -0.200 -0.693 -0.087 -0.946 -0.952  0.131
        4  0.99914  -0.573 -0.200  1.000 -0.308  0.985  0.451  0.439 -0.991
       20  0.97958  -0.467 -0.693 -0.308  1.000 -0.427  0.579  0.595  0.400
       21  0.99976  -0.492 -0.087  0.985 -0.427  1.000  0.357  0.342 -0.993
       22  0.99998  -0.988 -0.946  0.451  0.579  0.357  1.000  1.000 -0.383
       23  0.99992  -0.985 -0.952  0.439  0.595  0.342  1.000  1.000 -0.369
       24  0.99874   0.512  0.131 -0.991  0.400 -0.993 -0.383 -0.369  1.000
 ERR MATRIX APPROXIMATE
MINUIT - FIT ONLY 1-CBO + wiggle
 **********
 **   16 **RES 
 **********
                   PARAMETER   16  beta_vw RESTORED TO VARIABLE.
                   PARAMETER   14  alpha_vw RESTORED TO VARIABLE.
                   PARAMETER   13  beta_y RESTORED TO VARIABLE.
                   PARAMETER   11  alpha_y RESTORED TO VARIABLE.
                   PARAMETER   10  beta_2CBO RESTORED TO VARIABLE.
                   PARAMETER    9  alpha_2CBO RESTORED TO VARIABLE.
                   PARAMETER    8  beta_CBO RESTORED TO VARIABLE.
                   PARAMETER    6  alpha_CBO RESTORED TO VARIABLE.
 **********
 **   17 **FIX            8
 **********
 **********
 **   18 **FIX            9
 **********
 **********
 **   19 **FIX           11
 **********
 **********
 **   20 **FIX           12
 **********
 PARAMETER   12  IS CONSTANT.   IGNORED.
 **********
 **   21 **FIX           14
 **********
 **********
 **   22 **FIX           15
 **********
 PARAMETER   15  IS CONSTANT.   IGNORED.
 **********
 **   23 **FIX           16
 **********
 **********
 **   24 **MIGRAD
 **********
 START MIGRAD MINIMIZATION.  STRATEGY  1.  CONVERGENCE WHEN EDM .LT. 1.00e-04
 FCN=691.319 FROM MIGRAD    STATUS=INITIATE       28 CALLS        1357 TOTAL
                     EDM= unknown      STRATEGY= 1      NO ERROR MATRIX       
  EXT PARAMETER               CURRENT GUESS       STEP         FIRST   
  NO.   NAME      VALUE            ERROR          SIZE      DERIVATIVE 
   1  N0           3.62295e+06   1.64835e+04   6.42800e+03   4.51588e-04
   2  tau          6.44027e+01   constant   
   3  A0           3.69663e-01   2.51994e-03   1.04562e-03   2.86018e+03
   4  phi          4.15799e+00   5.84543e-03  -4.03952e-04   3.49689e+01
   5  R           -6.06479e+01   constant   
   6  alpha_CBO    0.00000e+00   1.00000e-03   1.00000e-03   5.03360e+03
   7  w_CBO        2.32500e+00   constant   
   8  beta_CBO     0.00000e+00     fixed    
   9  alpha_2CBO   0.00000e+00     fixed    
  10  beta_2CBO    0.00000e+00   1.00000e-03   1.00000e-03   6.29131e+02
  11  alpha_y      0.00000e+00     fixed    
  12  w_y          1.44500e+01   constant   
  13  beta_y       0.00000e+00   1.00000e-03   1.00000e-03  -3.38535e+05
  14  alpha_vw     0.00000e+00     fixed    
  15  w_vw         1.29000e+01   constant   
  16  beta_vw      0.00000e+00     fixed    
  17  LM          -1.06686e-04   constant   
  18  zeta_y       0.00000e+00   constant   
  19  zeta_vw      0.00000e+00   constant   
  20  T_CBO        3.40101e+01   1.77660e+00  -3.94833e-03  -1.92480e+02
  21  alpha_A0     9.42080e-02   2.63457e-02  -2.31449e-04  -3.02704e+02
  22  beta_A0     -1.22721e-01   6.64599e-02  -2.77598e-02   1.60562e+01
  23  alpha_phi   -8.36934e-02   7.12207e-02  -3.01115e-02   2.07754e+02
  24  beta_phi    -6.51417e-02   2.67619e-02   2.31108e-04  -2.20936e+02
 MIGRAD MINIMIZATION HAS CONVERGED.
 FCN=69.0569 FROM MIGRAD    STATUS=CONVERGED     367 CALLS        1696 TOTAL
                     EDM=3.3844e-06    STRATEGY= 1  ERROR MATRIX UNCERTAINTY   2.4 per cent
  EXT PARAMETER                                   STEP         FIRST   
  NO.   NAME      VALUE            ERROR          SIZE      DERIVATIVE 
   1  N0           3.62859e+06   3.04666e+03  -2.50387e+01   6.20980e-06
   2  tau          6.44027e+01   constant   
   3  A0           3.67189e-01   1.48341e-03   1.05789e-05   2.43719e+00
   4  phi          4.16360e+00   3.23987e-03  -2.58344e-05  -9.80688e-01
   5  R           -6.06479e+01   constant   
   6  alpha_CBO    2.41861e-03   1.40315e-03  -1.23274e-05  -3.50734e+00
   7  w_CBO        2.32500e+00   constant   
   8  beta_CBO     0.00000e+00     fixed    
   9  alpha_2CBO   0.00000e+00     fixed    
  10  beta_2CBO   -3.77984e-04   5.28836e-04  -2.17239e-07   9.00767e+00
  11  alpha_y      0.00000e+00     fixed    
  12  w_y          1.44500e+01   constant   
  13  beta_y       3.67236e-03   1.47303e-04   1.29041e-09  -7.42966e+00
  14  alpha_vw     0.00000e+00     fixed    
  15  w_vw         1.29000e+01   constant   
  16  beta_vw      0.00000e+00     fixed    
  17  LM          -1.06686e-04   constant   
  18  zeta_y       0.00000e+00   constant   
  19  zeta_vw      0.00000e+00   constant   
  20  T_CBO        3.67499e+01   1.47078e+00  -6.09396e-05  -4.01007e-01
  21  alpha_A0     1.13007e-01   9.09446e-03  -6.57193e-05   8.97162e-01
  22  beta_A0     -1.16822e-01   3.43737e-03  -3.19074e-05   7.46564e-01
  23  alpha_phi   -1.01506e-01   1.06971e-02   8.96509e-05   4.99709e-01
  24  beta_phi    -8.26513e-02   1.35363e-02   1.07116e-04   8.63340e-01
 EXTERNAL ERROR MATRIX.    NDIM=  25    NPAR= 11    ERR DEF=1
  9.282e+06 
 -4.405e+00  2.201e-06 
  9.771e+00 -4.675e-06  1.050e-05 
  3.656e+00 -1.577e-06  3.885e-06  1.969e-06 
  5.935e-01 -4.045e-07  6.318e-07 -7.700e-08  2.797e-07 
  4.582e-02 -2.185e-08  4.727e-08  1.630e-08  1.256e-09  2.170e-08 
  3.592e+03 -1.492e-03  3.821e-03  2.010e-03 -1.416e-04  1.682e-05  2.163e+00 
  1.996e+01 -8.019e-06  2.142e-05  1.224e-05 -1.560e-06  1.031e-07  1.273e-02  8.271e-05 
  6.190e+00 -2.458e-06  6.714e-06  4.109e-06 -6.626e-07  2.637e-08  4.401e-03  2.749e-05  1.182e-05 
 -2.263e+01  8.834e-06 -2.396e-05 -1.426e-05  1.932e-06 -9.130e-08 -1.487e-02 -9.444e-05 -3.260e-05  1.144e-04 
 -3.880e+01  1.955e-05 -4.144e-05 -1.300e-05 -4.390e-06 -1.765e-07 -1.216e-02 -6.235e-05 -1.810e-05  6.870e-05  1.832e-04 
 PARAMETER  CORRELATION COEFFICIENTS  
       NO.  GLOBAL      1      3      4      6     10     13     20     21     22     23     24
        1  0.99473   1.000 -0.975  0.990  0.855  0.368  0.102  0.802  0.720  0.591 -0.694 -0.941
        3  0.99422  -0.975  1.000 -0.973 -0.757 -0.516 -0.100 -0.684 -0.594 -0.482  0.557  0.974
        4  0.99454   0.990 -0.973  1.000  0.855  0.369  0.099  0.802  0.727  0.603 -0.691 -0.945
        6  0.99517   0.855 -0.757  0.855  1.000 -0.104  0.079  0.974  0.959  0.852 -0.950 -0.684
       10  0.96098   0.368 -0.516  0.369 -0.104  1.000  0.016 -0.182 -0.324 -0.364  0.342 -0.613
       13  0.14342   0.102 -0.100  0.099  0.079  0.016  1.000  0.078  0.077  0.052 -0.058 -0.088
       20  0.98362   0.802 -0.684  0.802  0.974 -0.182  0.078  1.000  0.952  0.871 -0.945 -0.611
       21  0.98846   0.720 -0.594  0.727  0.959 -0.324  0.077  0.952  1.000  0.879 -0.971 -0.506
       22  0.91535   0.591 -0.482  0.603  0.852 -0.364  0.052  0.871  0.879  1.000 -0.887 -0.389
       23  0.98609  -0.694  0.557 -0.691 -0.950  0.342 -0.058 -0.945 -0.971 -0.887  1.000  0.474
       24  0.98815  -0.941  0.974 -0.945 -0.684 -0.613 -0.088 -0.611 -0.506 -0.389  0.474  1.000
MINUIT - FIT ONLY 2-CBO
 **********
 **   25 **RES 
 **********
                   PARAMETER   16  beta_vw RESTORED TO VARIABLE.
                   PARAMETER   14  alpha_vw RESTORED TO VARIABLE.
                   PARAMETER   11  alpha_y RESTORED TO VARIABLE.
                   PARAMETER    9  alpha_2CBO RESTORED TO VARIABLE.
                   PARAMETER    8  beta_CBO RESTORED TO VARIABLE.
 **********
 **   26 **FIX            0
 **********
 PARAMETER    0  IS UNDEFINED. IGNORED.
 **********
 **   27 **FIX            1
 **********
 **********
 **   28 **FIX            2
 **********
 PARAMETER    2  IS CONSTANT.   IGNORED.
 **********
 **   29 **FIX            3
 **********
 **********
 **   30 **FIX            4
 **********
 **********
 **   31 **FIX            5
 **********
 PARAMETER    5  IS CONSTANT.   IGNORED.
 **********
 **   32 **FIX            6
 **********
 **********
 **   33 **FIX            7
 **********
 PARAMETER    7  IS CONSTANT.   IGNORED.
 **********
 **   34 **FIX           10
 **********
 **********
 **   35 **FIX           11
 **********
 **********
 **   36 **FIX           12
 **********
 PARAMETER   12  IS CONSTANT.   IGNORED.
 **********
 **   37 **FIX           13
 **********
 **********
 **   38 **FIX           14
 **********
 **********
 **   39 **FIX           15
 **********
 PARAMETER   15  IS CONSTANT.   IGNORED.
 **********
 **   40 **FIX           16
 **********
 **********
 **   41 **MIGRAD
 **********
 START MIGRAD MINIMIZATION.  STRATEGY  1.  CONVERGENCE WHEN EDM .LT. 1.00e-04
 FCN=69.0569 FROM MIGRAD    STATUS=INITIATE       18 CALLS        1714 TOTAL
                     EDM= unknown      STRATEGY= 1      NO ERROR MATRIX       
  EXT PARAMETER               CURRENT GUESS       STEP         FIRST   
  NO.   NAME      VALUE            ERROR          SIZE      DERIVATIVE 
   1  N0           3.62859e+06     fixed    
   2  tau          6.44027e+01   constant   
   3  A0           3.67189e-01     fixed    
   4  phi          4.16360e+00     fixed    
   5  R           -6.06479e+01   constant   
   6  alpha_CBO    2.41861e-03     fixed    
   7  w_CBO        2.32500e+00   constant   
   8  beta_CBO     0.00000e+00   1.00000e-03   1.00000e-03  -2.58654e+02
   9  alpha_2CBO   0.00000e+00   1.00000e-03   1.00000e-03   1.56479e+03
  10  beta_2CBO   -3.77984e-04     fixed    
  11  alpha_y      0.00000e+00     fixed    
  12  w_y          1.44500e+01   constant   
  13  beta_y       3.67236e-03     fixed    
  14  alpha_vw     0.00000e+00     fixed    
  15  w_vw         1.29000e+01   constant   
  16  beta_vw      0.00000e+00     fixed    
  17  LM          -1.06686e-04   constant   
  18  zeta_y       0.00000e+00   constant   
  19  zeta_vw      0.00000e+00   constant   
  20  T_CBO        3.67499e+01   1.47078e+00  -6.09396e-05  -4.01007e-01
  21  alpha_A0     1.13007e-01   9.09446e-03  -6.57193e-05   8.97160e-01
  22  beta_A0     -1.16822e-01   3.43737e-03  -3.19074e-05   7.46564e-01
  23  alpha_phi   -1.01506e-01   1.06971e-02   8.96509e-05   4.99708e-01
  24  beta_phi    -8.26513e-02   1.35363e-02   1.07116e-04   8.63339e-01
 MIGRAD MINIMIZATION HAS CONVERGED.
 MIGRAD WILL VERIFY CONVERGENCE AND ERROR MATRIX.
 FCN=69.0041 FROM MIGRAD    STATUS=CONVERGED     178 CALLS        1874 TOTAL
                     EDM=1.22355e-05    STRATEGY= 1      ERR MATRIX NOT POS-DEF
  EXT PARAMETER                APPROXIMATE        STEP         FIRST   
  NO.   NAME      VALUE            ERROR          SIZE      DERIVATIVE 
   1  N0           3.62859e+06     fixed    
   2  tau          6.44027e+01   constant   
   3  A0           3.67189e-01     fixed    
   4  phi          4.16360e+00     fixed    
   5  R           -6.06479e+01   constant   
   6  alpha_CBO    2.41861e-03     fixed    
   7  w_CBO        2.32500e+00   constant   
   8  beta_CBO    -1.02000e-05   3.87294e-04   5.78236e-07  -4.48346e-01
   9  alpha_2CBO  -6.92679e-05   3.05529e-04   5.69272e-07  -3.42426e-02
  10  beta_2CBO   -3.77984e-04     fixed    
  11  alpha_y      0.00000e+00     fixed    
  12  w_y          1.44500e+01   constant   
  13  beta_y       3.67236e-03     fixed    
  14  alpha_vw     0.00000e+00     fixed    
  15  w_vw         1.29000e+01   constant   
  16  beta_vw      0.00000e+00     fixed    
  17  LM          -1.06686e-04   constant   
  18  zeta_y       0.00000e+00   constant   
  19  zeta_vw      0.00000e+00   constant   
  20  T_CBO        3.67810e+01   4.59525e+00   7.13036e-06   9.63425e-02
  21  alpha_A0     1.13173e-01   1.42871e-02   6.26038e-06  -1.12433e-01
  22  beta_A0     -1.17237e-01   1.54867e-02   6.28662e-06   4.70199e-02
  23  alpha_phi   -1.00953e-01   1.31741e-02   7.63229e-06   3.69026e-02
  24  beta_phi    -8.24780e-02   1.11505e-02   9.05605e-06  -1.62393e-02
 EXTERNAL ERROR MATRIX.    NDIM=  25    NPAR=  7    ERR DEF=1
  1.500e-07  3.772e-08  4.039e-04 -1.167e-06  1.734e-06  6.745e-07 -1.171e-06 
  3.772e-08  9.335e-08  3.131e-05 -4.140e-07  8.186e-07 -5.723e-07 -4.062e-07 
  4.039e-04  3.131e-05  2.112e+01 -6.502e-02  6.998e-02  5.902e-02  4.383e-02 
 -1.167e-06 -4.140e-07 -6.502e-02  2.041e-04 -2.180e-04 -1.804e-04 -1.366e-04 
  1.734e-06  8.186e-07  6.998e-02 -2.180e-04  2.398e-04  1.902e-04  1.403e-04 
  6.745e-07 -5.723e-07  5.902e-02 -1.804e-04  1.902e-04  1.736e-04  1.288e-04 
 -1.171e-06 -4.062e-07  4.383e-02 -1.366e-04  1.403e-04  1.288e-04  1.243e-04 
ERR MATRIX NOT POS-DEF
 PARAMETER  CORRELATION COEFFICIENTS  
       NO.  GLOBAL      8      9     20     21     22     23     24
        8  0.93099   1.000  0.319  0.227 -0.211  0.289  0.132 -0.271
        9  0.89020   0.319  1.000  0.022 -0.095  0.173 -0.142 -0.119
       20  0.99745   0.227  0.022  1.000 -0.990  0.983  0.975  0.855
       21  0.99424  -0.211 -0.095 -0.990  1.000 -0.985 -0.959 -0.858
       22  0.99506   0.289  0.173  0.983 -0.985  1.000  0.932  0.812
       23  0.98992   0.132 -0.142  0.975 -0.959  0.932  1.000  0.877
       24  0.98009  -0.271 -0.119  0.855 -0.858  0.812  0.877  1.000
 ERR MATRIX NOT POS-DEF
MINUIT - FIT wiggle + 1-CBO + 2-CBO
 **********
 **   42 **RES 
 **********
                   PARAMETER   16  beta_vw RESTORED TO VARIABLE.
                   PARAMETER   14  alpha_vw RESTORED TO VARIABLE.
                   PARAMETER   13  beta_y RESTORED TO VARIABLE.
                   PARAMETER   11  alpha_y RESTORED TO VARIABLE.
                   PARAMETER   10  beta_2CBO RESTORED TO VARIABLE.
                   PARAMETER    6  alpha_CBO RESTORED TO VARIABLE.
                   PARAMETER    4  phi RESTORED TO VARIABLE.
                   PARAMETER    3  A0 RESTORED TO VARIABLE.
                   PARAMETER    1  N0 RESTORED TO VARIABLE.
 **********
 **   43 **FIX           10
 **********
 **********
 **   44 **FIX           11
 **********
 **********
 **   45 **FIX           12
 **********
 PARAMETER   12  IS CONSTANT.   IGNORED.
 **********
 **   46 **FIX           13
 **********
 **********
 **   47 **FIX           14
 **********
 **********
 **   48 **FIX           15
 **********
 PARAMETER   15  IS CONSTANT.   IGNORED.
 **********
 **   49 **FIX           16
 **********
 **********
 **   50 **MIGRAD
 **********
 START MIGRAD MINIMIZATION.  STRATEGY  1.  CONVERGENCE WHEN EDM .LT. 1.00e-04
 FCN=69.0041 FROM MIGRAD    STATUS=INITIATE       22 CALLS        1896 TOTAL
                     EDM= unknown      STRATEGY= 1      NO ERROR MATRIX       
  EXT PARAMETER               CURRENT GUESS       STEP         FIRST   
  NO.   NAME      VALUE            ERROR          SIZE      DERIVATIVE 
   1  N0           3.62859e+06   3.04666e+03   3.04666e+03   2.21273e-05
   2  tau          6.44027e+01   constant   
   3  A0           3.67189e-01   1.48341e-03   1.48341e-03   6.67090e+01
   4  phi          4.16360e+00   3.23987e-03   3.23987e-03   2.18653e+01
   5  R           -6.06479e+01   constant   
   6  alpha_CBO    2.41861e-03   1.40315e-03   1.40315e-03   2.80766e+02
   7  w_CBO        2.32500e+00   constant   
   8  beta_CBO    -1.02000e-05   3.87294e-04   5.78236e-07  -4.48384e-01
   9  alpha_2CBO  -6.92679e-05   3.05529e-04   5.69272e-07  -3.43016e-02
  10  beta_2CBO   -3.77984e-04     fixed    
  11  alpha_y      0.00000e+00     fixed    
  12  w_y          1.44500e+01   constant   
  13  beta_y       3.67236e-03     fixed    
  14  alpha_vw     0.00000e+00     fixed    
  15  w_vw         1.29000e+01   constant   
  16  beta_vw      0.00000e+00     fixed    
  17  LM          -1.06686e-04   constant   
  18  zeta_y       0.00000e+00   constant   
  19  zeta_vw      0.00000e+00   constant   
  20  T_CBO        3.67810e+01   4.59525e+00   7.13036e-06   9.63120e-02
  21  alpha_A0     1.13173e-01   1.42871e-02   6.26038e-06  -1.12420e-01
  22  beta_A0     -1.17237e-01   1.54867e-02   6.28662e-06   4.70253e-02
  23  alpha_phi   -1.00953e-01   1.31741e-02   7.63229e-06   3.69014e-02
  24  beta_phi    -8.24780e-02   1.11505e-02   9.05605e-06  -1.62397e-02
 CALL LIMIT EXCEEDED IN MIGRAD.
 MIGRAD TERMINATED WITHOUT CONVERGENCE.
 FCN=67.4304 FROM MIGRAD    STATUS=CALL LIMIT   1922 CALLS        3796 TOTAL
                     EDM=0.000779542    STRATEGY= 1  ERROR MATRIX UNCERTAINTY   7.4 per cent
  EXT PARAMETER                APPROXIMATE        STEP         FIRST   
  NO.   NAME      VALUE            ERROR          SIZE      DERIVATIVE 
   1  N0           3.58904e+06   1.76374e+04  -4.33551e+02  -4.15671e-05
   2  tau          6.44027e+01   constant   
   3  A0           3.72670e-01   7.10771e-03   1.95700e-04  -1.24808e+02
   4  phi          4.13018e+00   1.76067e-02  -4.15278e-04   4.23241e+01
   5  R           -6.06479e+01   constant   
   6  alpha_CBO   -1.89957e-03   3.27586e-03  -8.32293e-05  -1.01673e+02
   7  w_CBO        2.32500e+00   constant   
   8  beta_CBO     6.94265e-03   4.72075e-03   1.25680e-04   2.51039e+02
   9  alpha_2CBO  -2.96057e-04   3.08836e-04   4.67449e-06   1.33574e+02
  10  beta_2CBO   -3.77984e-04     fixed    
  11  alpha_y      0.00000e+00     fixed    
  12  w_y          1.44500e+01   constant   
  13  beta_y       3.67236e-03     fixed    
  14  alpha_vw     0.00000e+00     fixed    
  15  w_vw         1.29000e+01   constant   
  16  beta_vw      0.00000e+00     fixed    
  17  LM          -1.06686e-04   constant   
  18  zeta_y       0.00000e+00   constant   
  19  zeta_vw      0.00000e+00   constant   
  20  T_CBO        1.98199e+01   5.64139e+00  -7.55340e-04  -5.56717e+00
  21  alpha_A0     1.06774e-01   1.99008e-02  -4.67160e-04   3.14000e+00
  22  beta_A0     -5.83243e-02   2.56928e-02   4.91762e-04  -7.74471e+00
  23  alpha_phi    5.02457e-02   1.10836e-01   2.09643e-03  -9.91552e-01
  24  beta_phi    -1.23065e-01   5.71561e-02  -1.49147e-03   9.02556e+00
 EXTERNAL ERROR MATRIX.    NDIM=  25    NPAR= 11    ERR DEF=1
  3.111e+08 
 -1.217e+02  5.052e-05 
  3.098e+02 -1.194e-04  3.100e-04 
  5.692e+01 -2.297e-05  5.630e-05  1.073e-05 
 -8.248e+01  3.303e-05 -8.171e-05 -1.517e-05  2.229e-05 
 -1.767e+00  9.262e-07 -1.596e-06 -3.658e-07  5.634e-07  9.538e-08 
  9.507e+04 -3.453e-02  9.648e-02  1.695e-02 -2.434e-02 -3.218e-04  3.184e+01 
  3.463e+02 -1.358e-04  3.453e-04  6.440e-05 -9.176e-05 -2.148e-06  1.067e-01  3.960e-04 
 -4.281e+02  1.544e-04 -4.346e-04 -7.457e-05  1.111e-04  2.061e-06 -1.421e-01 -4.751e-04  6.601e-04 
 -1.876e+03  6.848e-04 -1.902e-03 -3.358e-04  4.812e-04  5.659e-06 -6.244e-01 -2.109e-03  2.781e-03  1.228e-02 
  9.896e+02 -3.942e-04  9.818e-04  1.813e-04 -2.686e-04 -7.334e-06  2.935e-01  1.107e-03 -1.356e-03 -5.796e-03  3.267e-03 
ERR MATRIX APPROXIMATE
 PARAMETER  CORRELATION COEFFICIENTS  
       NO.  GLOBAL      1      3      4      6      8      9     20     21     22     23     24
        1  0.99995   1.000 -0.971  0.998  0.985 -0.991 -0.324  0.955  0.987 -0.945 -0.960  0.982
        3  0.99990  -0.971  1.000 -0.954 -0.986  0.984  0.422 -0.861 -0.960  0.845  0.869 -0.970
        4  0.99990   0.998 -0.954  1.000  0.976 -0.983 -0.294  0.971  0.986 -0.961 -0.975  0.976
        6  0.99966   0.985 -0.986  0.976  1.000 -0.981 -0.362  0.917  0.988 -0.886 -0.925  0.968
        8  0.99985  -0.991  0.984 -0.983 -0.981  1.000  0.386 -0.914 -0.977  0.916  0.920 -0.995
        9  0.95484  -0.324  0.422 -0.294 -0.362  0.386  1.000 -0.185 -0.350  0.260  0.165 -0.415
       20  0.99939   0.955 -0.861  0.971  0.917 -0.914 -0.185  1.000  0.950 -0.980 -0.998  0.910
       21  0.99802   0.987 -0.960  0.986  0.988 -0.977 -0.350  0.950  1.000 -0.929 -0.956  0.973
       22  0.99910  -0.945  0.845 -0.961 -0.886  0.916  0.260 -0.980 -0.929  1.000  0.976 -0.923
       23  0.99981  -0.960  0.869 -0.975 -0.925  0.920  0.165 -0.998 -0.956  0.976  1.000 -0.915
       24  0.99931   0.982 -0.970  0.976  0.968 -0.995 -0.415  0.910  0.973 -0.923 -0.915  1.000
 ERR MATRIX APPROXIMATE
MINUIT - FIT ONLY 1-y
 **********
 **   51 **RES 
 **********
                   PARAMETER   16  beta_vw RESTORED TO VARIABLE.
                   PARAMETER   14  alpha_vw RESTORED TO VARIABLE.
                   PARAMETER   13  beta_y RESTORED TO VARIABLE.
                   PARAMETER   11  alpha_y RESTORED TO VARIABLE.
                   PARAMETER   10  beta_2CBO RESTORED TO VARIABLE.
 **********
 **   52 **FIX            0
 **********
 PARAMETER    0  IS UNDEFINED. IGNORED.
 **********
 **   53 **FIX            1
 **********
 **********
 **   54 **FIX            2
 **********
 PARAMETER    2  IS CONSTANT.   IGNORED.
 **********
 **   55 **FIX            3
 **********
 **********
 **   56 **FIX            4
 **********
 **********
 **   57 **FIX            5
 **********
 PARAMETER    5  IS CONSTANT.   IGNORED.
 **********
 **   58 **FIX            6
 **********
 **********
 **   59 **FIX            7
 **********
 PARAMETER    7  IS CONSTANT.   IGNORED.
 **********
 **   60 **FIX            8
 **********
 **********
 **   61 **FIX            9
 **********
 **********
 **   62 **FIX           13
 **********
 **********
 **   63 **FIX           14
 **********
 **********
 **   64 **FIX           15
 **********
 PARAMETER   15  IS CONSTANT.   IGNORED.
 **********
 **   65 **FIX           16
 **********
 **********
 **   66 **MIGRAD
 **********
 START MIGRAD MINIMIZATION.  STRATEGY  1.  CONVERGENCE WHEN EDM .LT. 1.00e-04
 FCN=67.4304 FROM MIGRAD    STATUS=INITIATE       16 CALLS        3812 TOTAL
                     EDM= unknown      STRATEGY= 1      NO ERROR MATRIX       
  EXT PARAMETER               CURRENT GUESS       STEP         FIRST   
  NO.   NAME      VALUE            ERROR          SIZE      DERIVATIVE 
   1  N0           3.58904e+06     fixed    
   2  tau          6.44027e+01   constant   
   3  A0           3.72670e-01     fixed    
   4  phi          4.13018e+00     fixed    
   5  R           -6.06479e+01   constant   
   6  alpha_CBO   -1.89957e-03     fixed    
   7  w_CBO        2.32500e+00   constant   
   8  beta_CBO     6.94265e-03     fixed    
   9  alpha_2CBO  -2.96057e-04     fixed    
  10  beta_2CBO   -3.77984e-04   5.28836e-04   5.28836e-04  -2.89716e+03
  11  alpha_y      0.00000e+00   1.00000e-03   1.00000e-03   8.01499e+04
  12  w_y          1.44500e+01   constant   
  13  beta_y       3.67236e-03     fixed    
  14  alpha_vw     0.00000e+00     fixed    
  15  w_vw         1.29000e+01   constant   
  16  beta_vw      0.00000e+00     fixed    
  17  LM          -1.06686e-04   constant   
  18  zeta_y       0.00000e+00   constant   
  19  zeta_vw      0.00000e+00   constant   
  20  T_CBO        1.98199e+01   5.64139e+00  -7.55340e-04  -5.56717e+00
  21  alpha_A0     1.06774e-01   1.99008e-02  -4.67160e-04   3.14000e+00
  22  beta_A0     -5.83243e-02   2.56928e-02   4.91762e-04  -7.74471e+00
  23  alpha_phi    5.02457e-02   1.10836e-01   2.09643e-03  -9.91552e-01
  24  beta_phi    -1.23065e-01   5.71561e-02  -1.49147e-03   9.02556e+00
 MIGRAD MINIMIZATION HAS CONVERGED.
 MIGRAD WILL VERIFY CONVERGENCE AND ERROR MATRIX.
 FCN=35.1768 FROM HESSE     STATUS=NOT POSDEF     50 CALLS        3941 TOTAL
                     EDM=0.000560772    STRATEGY= 1      ERR MATRIX NOT POS-DEF
  EXT PARAMETER                APPROXIMATE        STEP         FIRST   
  NO.   NAME      VALUE            ERROR          SIZE      DERIVATIVE 
   1  N0           3.58904e+06     fixed    
   2  tau          6.44027e+01   constant   
   3  A0           3.72670e-01     fixed    
   4  phi          4.13018e+00     fixed    
   5  R           -6.06479e+01   constant   
   6  alpha_CBO   -1.89957e-03     fixed    
   7  w_CBO        2.32500e+00   constant   
   8  beta_CBO     6.94265e-03     fixed    
   9  alpha_2CBO  -2.96057e-04     fixed    
  10  beta_2CBO   -3.62823e-04   2.20497e-04   4.30323e-07   3.17943e+00
  11  alpha_y     -8.04094e-04   1.41672e-04   4.11155e-07   6.55664e-01
  12  w_y          1.44500e+01   constant   
  13  beta_y       3.67236e-03     fixed    
  14  alpha_vw     0.00000e+00     fixed    
  15  w_vw         1.29000e+01   constant   
  16  beta_vw      0.00000e+00     fixed    
  17  LM          -1.06686e-04   constant   
  18  zeta_y       0.00000e+00   constant   
  19  zeta_vw      0.00000e+00   constant   
  20  T_CBO        1.97077e+01   3.96612e+00   5.52121e-06   7.19454e-01
  21  alpha_A0     1.05465e-01   3.91012e-02   1.10446e-05  -4.65552e-01
  22  beta_A0     -5.64766e-02   2.26676e-02   1.12335e-05   9.97380e-02
  23  alpha_phi    5.01427e-02   1.99928e-02   1.32228e-05  -1.29838e-02
  24  beta_phi    -1.23181e-01   4.86414e-02   1.52584e-05   1.32663e-01
 MIGRAD MINIMIZATION HAS CONVERGED.
 MIGRAD WILL VERIFY CONVERGENCE AND ERROR MATRIX.
 FCN=35.1518 FROM MIGRAD    STATUS=CONVERGED     681 CALLS        4477 TOTAL
                     EDM=9.55602e-06    STRATEGY= 1      ERR MATRIX NOT POS-DEF
  EXT PARAMETER                APPROXIMATE        STEP         FIRST   
  NO.   NAME      VALUE            ERROR          SIZE      DERIVATIVE 
   1  N0           3.58904e+06     fixed    
   2  tau          6.44027e+01   constant   
   3  A0           3.72670e-01     fixed    
   4  phi          4.13018e+00     fixed    
   5  R           -6.06479e+01   constant   
   6  alpha_CBO   -1.89957e-03     fixed    
   7  w_CBO        2.32500e+00   constant   
   8  beta_CBO     6.94265e-03     fixed    
   9  alpha_2CBO  -2.96057e-04     fixed    
  10  beta_2CBO   -3.02909e-04   2.20483e-04   4.30177e-07  -1.69846e+01
  11  alpha_y     -8.02481e-04   1.41684e-04   4.11012e-07   2.38917e+00
  12  w_y          1.44500e+01   constant   
  13  beta_y       3.67236e-03     fixed    
  14  alpha_vw     0.00000e+00     fixed    
  15  w_vw         1.29000e+01   constant   
  16  beta_vw      0.00000e+00     fixed    
  17  LM          -1.06686e-04   constant   
  18  zeta_y       0.00000e+00   constant   
  19  zeta_vw      0.00000e+00   constant   
  20  T_CBO        1.63093e+01   2.70934e+00   4.16748e-06  -1.85364e-01
  21  alpha_A0     1.54483e-01   5.71205e-02   1.61535e-05  -6.06270e-01
  22  beta_A0     -8.51176e-02   3.40435e-02   1.65767e-05  -1.87162e-01
  23  alpha_phi    7.48389e-02   2.97452e-02   1.95153e-05   3.07515e-02
  24  beta_phi    -1.84978e-01   7.28457e-02   2.25416e-05  -3.26922e-01
 EXTERNAL ERROR MATRIX.    NDIM=  25    NPAR=  7    ERR DEF=1
  4.861e-08  1.519e-09 -1.518e-04  2.383e-06 -2.238e-06  2.067e-06 -5.193e-06 
  1.519e-09  2.007e-08 -2.276e-06  1.033e-07 -1.328e-07  6.689e-08 -1.577e-07 
 -1.518e-04 -2.276e-06  7.342e+00 -1.536e-01  9.077e-02 -7.815e-02  1.957e-01 
  2.383e-06  1.033e-07 -1.536e-01  3.263e-03 -1.898e-03  1.617e-03 -4.080e-03 
 -2.238e-06 -1.328e-07  9.077e-02 -1.898e-03  1.159e-03 -9.705e-04  2.433e-03 
  2.067e-06  6.689e-08 -7.815e-02  1.617e-03 -9.705e-04  8.848e-04 -2.090e-03 
 -5.193e-06 -1.577e-07  1.957e-01 -4.080e-03  2.433e-03 -2.090e-03  5.306e-03 
ERR MATRIX NOT POS-DEF
 PARAMETER  CORRELATION COEFFICIENTS  
       NO.  GLOBAL     10     11     20     21     22     23     24
       10  0.74786   1.000  0.049 -0.254  0.189 -0.298  0.315 -0.323
       11  0.16046   0.049  1.000 -0.006  0.013 -0.028  0.016 -0.015
       20  0.99782  -0.254 -0.006  1.000 -0.993  0.984 -0.970  0.991
       21  0.99529   0.189  0.013 -0.993  1.000 -0.976  0.952 -0.980
       22  0.98595  -0.298 -0.028  0.984 -0.976  1.000 -0.958  0.981
       23  0.97435   0.315  0.016 -0.970  0.952 -0.958  1.000 -0.964
       24  0.99435  -0.323 -0.015  0.991 -0.980  0.981 -0.964  1.000
 ERR MATRIX NOT POS-DEF
MINUIT - FIT ONLY 2-y
 **********
 **   67 **RES 
 **********
                   PARAMETER   16  beta_vw RESTORED TO VARIABLE.
                   PARAMETER   14  alpha_vw RESTORED TO VARIABLE.
                   PARAMETER   13  beta_y RESTORED TO VARIABLE.
                   PARAMETER    9  alpha_2CBO RESTORED TO VARIABLE.
                   PARAMETER    8  beta_CBO RESTORED TO VARIABLE.
                   PARAMETER    6  alpha_CBO RESTORED TO VARIABLE.
                   PARAMETER    4  phi RESTORED TO VARIABLE.
                   PARAMETER    3  A0 RESTORED TO VARIABLE.
                   PARAMETER    1  N0 RESTORED TO VARIABLE.
 **********
 **   68 **FIX            0
 **********
 PARAMETER    0  IS UNDEFINED. IGNORED.
 **********
 **   69 **FIX            1
 **********
 **********
 **   70 **FIX            2
 **********
 PARAMETER    2  IS CONSTANT.   IGNORED.
 **********
 **   71 **FIX            3
 **********
 **********
 **   72 **FIX            4
 **********
 **********
 **   73 **FIX            5
 **********
 PARAMETER    5  IS CONSTANT.   IGNORED.
 **********
 **   74 **FIX            6
 **********
 **********
 **   75 **FIX            7
 **********
 PARAMETER    7  IS CONSTANT.   IGNORED.
 **********
 **   76 **FIX            8
 **********
 **********
 **   77 **FIX            9
 **********
 **********
 **   78 **FIX           10
 **********
 **********
 **   79 **FIX           11
 **********
 **********
 **   80 **FIX           12
 **********
 PARAMETER   12  IS CONSTANT.   IGNORED.
 **********
 **   81 **FIX           16
 **********
 **********
 **   82 **MIGRAD
 **********
 START MIGRAD MINIMIZATION.  STRATEGY  1.  CONVERGENCE WHEN EDM .LT. 1.00e-04
 FCN=35.1518 FROM MIGRAD    STATUS=INITIATE       16 CALLS        4493 TOTAL
                     EDM= unknown      STRATEGY= 1      NO ERROR MATRIX       
  EXT PARAMETER               CURRENT GUESS       STEP         FIRST   
  NO.   NAME      VALUE            ERROR          SIZE      DERIVATIVE 
   1  N0           3.58904e+06     fixed    
   2  tau          6.44027e+01   constant   
   3  A0           3.72670e-01     fixed    
   4  phi          4.13018e+00     fixed    
   5  R           -6.06479e+01   constant   
   6  alpha_CBO   -1.89957e-03     fixed    
   7  w_CBO        2.32500e+00   constant   
   8  beta_CBO     6.94265e-03     fixed    
   9  alpha_2CBO  -2.96057e-04     fixed    
  10  beta_2CBO   -3.02909e-04     fixed    
  11  alpha_y     -8.02481e-04     fixed    
  12  w_y          1.44500e+01   constant   
  13  beta_y       3.67236e-03   1.47303e-04   1.47303e-04  -2.15901e+03
  14  alpha_vw     0.00000e+00   1.00000e-03   1.00000e-03  -3.04316e+04
  15  w_vw         1.29000e+01   constant   
  16  beta_vw      0.00000e+00     fixed    
  17  LM          -1.06686e-04   constant   
  18  zeta_y       0.00000e+00   constant   
  19  zeta_vw      0.00000e+00   constant   
  20  T_CBO        1.63093e+01   2.70934e+00   4.16748e-06  -1.85289e-01
  21  alpha_A0     1.54483e-01   5.71205e-02   1.61535e-05  -6.06265e-01
  22  beta_A0     -8.51176e-02   3.40435e-02   1.65767e-05  -1.87161e-01
  23  alpha_phi    7.48389e-02   2.97452e-02   1.95153e-05   3.07524e-02
  24  beta_phi    -1.84978e-01   7.28457e-02   2.25416e-05  -3.26922e-01
 MIGRAD MINIMIZATION HAS CONVERGED.
 MIGRAD WILL VERIFY CONVERGENCE AND ERROR MATRIX.
 COVARIANCE MATRIX CALCULATED SUCCESSFULLY
 FCN=29.3681 FROM MIGRAD    STATUS=CONVERGED     545 CALLS        5022 TOTAL
                     EDM=1.07301e-05    STRATEGY= 1      ERROR MATRIX ACCURATE 
  EXT PARAMETER                                   STEP         FIRST   
  NO.   NAME      VALUE            ERROR          SIZE      DERIVATIVE 
   1  N0           3.58904e+06     fixed    
   2  tau          6.44027e+01   constant   
   3  A0           3.72670e-01     fixed    
   4  phi          4.13018e+00     fixed    
   5  R           -6.06479e+01   constant   
   6  alpha_CBO   -1.89957e-03     fixed    
   7  w_CBO        2.32500e+00   constant   
   8  beta_CBO     6.94265e-03     fixed    
   9  alpha_2CBO  -2.96057e-04     fixed    
  10  beta_2CBO   -3.02909e-04     fixed    
  11  alpha_y     -8.02481e-04     fixed    
  12  w_y          1.44500e+01   constant   
  13  beta_y       3.49727e-03   1.68686e-04   3.92472e-07   8.93906e-02
  14  alpha_vw     3.92445e-04   1.64176e-04   3.76265e-07  -4.31349e-01
  15  w_vw         1.29000e+01   constant   
  16  beta_vw      0.00000e+00     fixed    
  17  LM          -1.06686e-04   constant   
