 + ++++++++++++++++++++++++++++++++++++++++++++++++++++++++++++++++++++ +
 +                                                                      +
 +           You have chose to blind your fitting according to          +
 +                omega_ref * (1 + (R +/- deltaR) *10^{-6})             +
 +                                                                      +
 + ++++++++++++++++++++++++++++++++++++++++++++++++++++++++++++++++++++ +
In main()...
reading format from /gm2data/zkhechad/run45/envelope/formats/formatB_sBin_constraintOn.txt
pBinTau 	= 0  
pBinPhi 	= 0  
constraintau 	= 1 
includeMopTerm 	= 0    
constrainMop    = 0   
Parameters after format file: pBinTau 0 pBinPhi 0 constraintau 1 includeMopTerm 0 constrainMop 0 c_e_scale 0.000000 
Opening file /gm2data/tbarrett/gm2fr/studies/run23_bunch_corrections/CorrectedFourier_Run3b.root.
reading full fit data from /gm2data/zkhechad/cboTemplates/Run4CBOTemplates/fullFits/noRF/sBin_constraintOn_cE0.0_seed0_noRF_calo24.root
windowBins = 69
fitting sliding window 1750 from bin 1886 at 281.242000 to bin 1955 at 291.686000 (69 bins)

Reading data from /gm2data/cornell/histograms/aMethod/histogram_a_noRF.root
 **********
 **    1 **SET PRINTOUT            1
 **********
 **********
 **    2 **SET NOWARNINGS 
 **********
 PARAMETER DEFINITIONS:
    NO.   NAME         VALUE      STEP SIZE      LIMITS
     1 N0           3.17469e+06  1.00000e+02     no limits
     2 tau          6.44005e+01  constant
     3 A0           3.64944e-01  1.00000e-04     no limits
     4 phi          4.11953e+00  1.00000e-02     no limits
     5 R           -6.09192e+01  constant
     6 alpha_CBO    0.00000e+00  1.00000e-03     no limits
     7 w_CBO        2.32500e+00  constant
     8 beta_CBO     0.00000e+00  1.00000e-03     no limits
     9 alpha_2CBO   0.00000e+00  1.00000e-03     no limits
    10 beta_2CBO    0.00000e+00  1.00000e-03     no limits
    11 alpha_y      0.00000e+00  1.00000e-03     no limits
    12 w_y          1.38860e+01  constant
    13 beta_y       0.00000e+00  1.00000e-03     no limits
    14 alpha_vw     0.00000e+00  1.00000e-03     no limits
    15 w_vw         1.43404e+01  constant
    16 beta_vw      0.00000e+00  1.00000e-03     no limits
    17 LM          -6.12107e-05  constant
    18 zeta_y       0.00000e+00  constant
    19 zeta_vw      0.00000e+00  constant
    20 T_CBO        1.00000e+02  1.00000e+00    0.00000e+00  1.00000e+03
    21 alpha_A0     0.00000e+00  1.00000e-04   -1.00000e-02  1.00000e-02
    22 beta_A0      0.00000e+00  1.00000e-04   -1.00000e-02  1.00000e-02
    23 alpha_phi    0.00000e+00  1.00000e-04   -1.00000e-02  1.00000e-02
    24 beta_phi     0.00000e+00  1.00000e-04   -1.00000e-02  1.00000e-02
MINUIT - FIT ONLY WIGGLE
 **********
 **    3 **FIX            5
 **********
 PARAMETER    5  IS CONSTANT.   IGNORED.
 **********
 **    4 **FIX            6
 **********
 **********
 **    5 **FIX            7
 **********
 PARAMETER    7  IS CONSTANT.   IGNORED.
 **********
 **    6 **FIX            8
 **********
 **********
 **    7 **FIX            9
 **********
 **********
 **    8 **FIX           10
 **********
 **********
 **    9 **FIX           11
 **********
 **********
 **   10 **FIX           12
 **********
 PARAMETER   12  IS CONSTANT.   IGNORED.
 **********
 **   11 **FIX           13
 **********
 **********
 **   12 **FIX           14
 **********
 **********
 **   13 **FIX           15
 **********
 PARAMETER   15  IS CONSTANT.   IGNORED.
 **********
 **   14 **FIX           16
 **********
 **********
 **   15 **MIGRAD
 **********
 FIRST CALL TO USER FUNCTION AT NEW START POINT, WITH IFLAG=4.
 START MIGRAD MINIMIZATION.  STRATEGY  1.  CONVERGENCE WHEN EDM .LT. 1.00e-04
 FCN=84.2943 FROM MIGRAD    STATUS=INITIATE      437 CALLS         438 TOTAL
                     EDM= unknown      STRATEGY= 1      NO ERROR MATRIX       
  EXT PARAMETER               CURRENT GUESS       STEP         FIRST   
  NO.   NAME      VALUE            ERROR          SIZE      DERIVATIVE 
   1  N0           3.17469e+06   1.00000e+02   0.00000e+00  -2.66378e-03
   2  tau          6.44005e+01   constant   
   3  A0           3.64944e-01   1.00000e-04   0.00000e+00   1.36310e+03
   4  phi          4.11953e+00   1.00000e-02   0.00000e+00   3.54891e+03
   5  R           -6.09192e+01   constant   
   6  alpha_CBO    0.00000e+00     fixed    
   7  w_CBO        2.32500e+00   constant   
   8  beta_CBO     0.00000e+00     fixed    
   9  alpha_2CBO   0.00000e+00     fixed    
  10  beta_2CBO    0.00000e+00     fixed    
  11  alpha_y      0.00000e+00     fixed    
  12  w_y          1.38860e+01   constant   
  13  beta_y       0.00000e+00     fixed    
  14  alpha_vw     0.00000e+00     fixed    
  15  w_vw         1.43404e+01   constant   
  16  beta_vw      0.00000e+00     fixed    
  17  LM          -6.12107e-05   constant   
  18  zeta_y       0.00000e+00   constant   
  19  zeta_vw      0.00000e+00   constant   
  20  T_CBO        1.00000e+02   1.00000e+00   0.00000e+00   0.00000e+00
  21  alpha_A0     0.00000e+00   1.00000e-04   0.00000e+00  -2.13751e-02
  22  beta_A0      0.00000e+00   1.00000e-04   0.00000e+00   1.13999e+00
  23  alpha_phi    0.00000e+00   1.00000e-04   0.00000e+00   6.98346e-01
  24  beta_phi     0.00000e+00   1.00000e-04   0.00000e+00  -1.98156e-01
 MIGRAD MINIMIZATION HAS CONVERGED.
 FCN=69.9191 FROM MIGRAD    STATUS=CONVERGED     751 CALLS         752 TOTAL
                     EDM=1.00622e-06    STRATEGY= 1  ERROR MATRIX UNCERTAINTY   1.5 per cent
  EXT PARAMETER                                   STEP         FIRST   
  NO.   NAME      VALUE            ERROR          SIZE      DERIVATIVE 
   1  N0           3.17556e+06   1.25480e+03   1.92386e+00   2.57645e-07
   2  tau          6.44005e+01   constant   
   3  A0           3.64861e-01   5.13978e-04   1.01587e-06   6.01883e-01
   4  phi          4.11545e+00   1.45787e-03   8.42171e-07  -8.35334e-02
   5  R           -6.09192e+01   constant   
   6  alpha_CBO    0.00000e+00     fixed    
   7  w_CBO        2.32500e+00   constant   
   8  beta_CBO     0.00000e+00     fixed    
   9  alpha_2CBO   0.00000e+00     fixed    
  10  beta_2CBO    0.00000e+00     fixed    
  11  alpha_y      0.00000e+00     fixed    
  12  w_y          1.38860e+01   constant   
  13  beta_y       0.00000e+00     fixed    
  14  alpha_vw     0.00000e+00     fixed    
  15  w_vw         1.43404e+01   constant   
  16  beta_vw      0.00000e+00     fixed    
  17  LM          -6.12107e-05   constant   
  18  zeta_y       0.00000e+00   constant   
  19  zeta_vw      0.00000e+00   constant   
  20  T_CBO        3.18608e+02   1.85508e+02   2.06998e-04   6.66441e-04
  21  alpha_A0    -8.00264e-04   5.02144e-03   8.73192e-04   1.54105e-04
  22  beta_A0     -9.99294e-03   1.41473e-02   1.33691e-03  -1.42517e-03
  23  alpha_phi   -6.82367e-03   5.42466e-03   2.47373e-05   3.66382e-05
  24  beta_phi     2.05514e-03   4.77527e-03   5.90981e-04   6.54652e-04
 EXTERNAL ERROR MATRIX.    NDIM=  25    NPAR=  8    ERR DEF=1
  1.575e+06 -1.009e-01  9.044e-02 -6.944e+04 -4.442e-01  6.759e-02 -1.189e-01  7.697e-01 
 -1.009e-01  2.642e-07  2.563e-08  1.298e-02  2.947e-07  4.076e-08  2.010e-07 -3.408e-07 
  9.044e-02  2.563e-08  2.125e-06 -5.837e-03  9.141e-07  5.111e-08 -4.920e-07 -5.246e-07 
 -6.944e+04  1.298e-02 -5.837e-03  3.640e+04  1.393e-01 -9.451e-04 -6.123e-01 -2.690e-01 
 -4.442e-01  2.947e-07  9.141e-07  1.393e-01  2.769e-05  2.693e-07 -1.567e-06 -1.296e-06 
  6.759e-02  4.076e-08  5.111e-08 -9.451e-04  2.693e-07  2.619e-07  1.674e-07  2.243e-07 
 -1.189e-01  2.010e-07 -4.920e-07 -6.123e-01 -1.567e-06  1.674e-07  3.736e-05  2.368e-06 
  7.697e-01 -3.408e-07 -5.246e-07 -2.690e-01 -1.296e-06  2.243e-07  2.368e-06  2.489e-05 
 PARAMETER  CORRELATION COEFFICIENTS  
       NO.  GLOBAL      1      3      4     20     21     22     23     24
        1  0.38593   1.000 -0.157  0.049 -0.290 -0.067  0.105 -0.016  0.123
        3  0.30200  -0.157  1.000  0.034  0.132  0.109  0.155  0.064 -0.133
        4  0.18976   0.049  0.034  1.000 -0.021  0.119  0.068 -0.055 -0.072
       20  0.65482  -0.290  0.132 -0.021  1.000  0.139 -0.010 -0.525 -0.283
       21  0.22264  -0.067  0.109  0.119  0.139  1.000  0.100 -0.049 -0.049
       22  0.25920   0.105  0.155  0.068 -0.010  0.100  1.000  0.054  0.088
       23  0.57503  -0.016  0.064 -0.055 -0.525 -0.049  0.054  1.000  0.078
       24  0.33533   0.123 -0.133 -0.072 -0.283 -0.049  0.088  0.078  1.000
MINUIT - FIT ONLY 1-CBO + wiggle
 **********
 **   16 **RES 
 **********
                   PARAMETER   16  beta_vw RESTORED TO VARIABLE.
                   PARAMETER   14  alpha_vw RESTORED TO VARIABLE.
                   PARAMETER   13  beta_y RESTORED TO VARIABLE.
                   PARAMETER   11  alpha_y RESTORED TO VARIABLE.
                   PARAMETER   10  beta_2CBO RESTORED TO VARIABLE.
                   PARAMETER    9  alpha_2CBO RESTORED TO VARIABLE.
                   PARAMETER    8  beta_CBO RESTORED TO VARIABLE.
                   PARAMETER    6  alpha_CBO RESTORED TO VARIABLE.
 **********
 **   17 **FIX            8
 **********
 **********
 **   18 **FIX            9
 **********
 **********
 **   19 **FIX           11
 **********
 **********
 **   20 **FIX           12
 **********
 PARAMETER   12  IS CONSTANT.   IGNORED.
 **********
 **   21 **FIX           14
 **********
 **********
 **   22 **FIX           15
 **********
 PARAMETER   15  IS CONSTANT.   IGNORED.
 **********
 **   23 **FIX           16
 **********
 **********
 **   24 **MIGRAD
 **********
 START MIGRAD MINIMIZATION.  STRATEGY  1.  CONVERGENCE WHEN EDM .LT. 1.00e-04
 FCN=69.9191 FROM MIGRAD    STATUS=INITIATE       28 CALLS         780 TOTAL
                     EDM= unknown      STRATEGY= 1      NO ERROR MATRIX       
  EXT PARAMETER               CURRENT GUESS       STEP         FIRST   
  NO.   NAME      VALUE            ERROR          SIZE      DERIVATIVE 
   1  N0           3.17556e+06   1.25480e+03   1.92386e+00   2.57645e-07
   2  tau          6.44005e+01   constant   
   3  A0           3.64861e-01   5.13978e-04   1.01587e-06   6.01883e-01
   4  phi          4.11545e+00   1.45787e-03   8.42171e-07  -8.35334e-02
   5  R           -6.09192e+01   constant   
   6  alpha_CBO    0.00000e+00   1.00000e-03   1.00000e-03   5.45133e+03
   7  w_CBO        2.32500e+00   constant   
   8  beta_CBO     0.00000e+00     fixed    
   9  alpha_2CBO   0.00000e+00     fixed    
  10  beta_2CBO    0.00000e+00   1.00000e-03   1.00000e-03  -4.18767e+02
  11  alpha_y      0.00000e+00     fixed    
  12  w_y          1.38860e+01   constant   
  13  beta_y       0.00000e+00   1.00000e-03   1.00000e-03   3.32250e+03
  14  alpha_vw     0.00000e+00     fixed    
  15  w_vw         1.43404e+01   constant   
  16  beta_vw      0.00000e+00     fixed    
  17  LM          -6.12107e-05   constant   
  18  zeta_y       0.00000e+00   constant   
  19  zeta_vw      0.00000e+00   constant   
  20  T_CBO        3.18608e+02   1.85508e+02   2.06998e-04   6.66422e-04
  21  alpha_A0    -8.00264e-04   5.02144e-03   8.73192e-04   1.54096e-04
  22  beta_A0     -9.99294e-03   1.41473e-02   1.33691e-03   1.43208e-03
  23  alpha_phi   -6.82367e-03   5.42466e-03   2.47373e-05  -3.66408e-05
  24  beta_phi     2.05514e-03   4.77527e-03   5.90981e-04   6.54652e-04
 MIGRAD MINIMIZATION HAS CONVERGED.
 FCN=66.9124 FROM MIGRAD    STATUS=CONVERGED     173 CALLS         925 TOTAL
                     EDM=4.48034e-06    STRATEGY= 1  ERROR MATRIX UNCERTAINTY   5.1 per cent
  EXT PARAMETER                                   STEP         FIRST   
  NO.   NAME      VALUE            ERROR          SIZE      DERIVATIVE 
   1  N0           3.17542e+06   1.18862e+03  -3.09616e+00   8.50246e-07
   2  tau          6.44005e+01   constant   
   3  A0           3.64714e-01   5.27629e-04   1.43485e-06   4.82436e-03
   4  phi          4.11553e+00   1.45752e-03   2.81820e-06   1.00586e-01
   5  R           -6.09192e+01   constant   
   6  alpha_CBO   -8.20856e-04   5.40309e-04   1.30070e-06   2.50539e+00
   7  w_CBO        2.32500e+00   constant   
   8  beta_CBO     0.00000e+00     fixed    
   9  alpha_2CBO   0.00000e+00     fixed    
  10  beta_2CBO    6.83739e-05   5.18499e-04  -2.40354e-07  -4.24436e-01
  11  alpha_y      0.00000e+00     fixed    
  12  w_y          1.38860e+01   constant   
  13  beta_y      -4.54269e-04   5.06364e-04  -1.84842e-06  -3.81846e+00
  14  alpha_vw     0.00000e+00     fixed    
  15  w_vw         1.43404e+01   constant   
  16  beta_vw      0.00000e+00     fixed    
  17  LM          -6.12107e-05   constant   
  18  zeta_y       0.00000e+00   constant   
  19  zeta_vw      0.00000e+00   constant   
  20  T_CBO        3.23619e+02   1.62962e+02   1.17171e-03  -8.58722e-03
  21  alpha_A0    -9.34142e-04   4.95783e-03   1.03416e-03  -2.57136e-04
  22  beta_A0     -1.00000e-02   1.43566e-02   7.74423e-03** at limit **
  23  alpha_phi   -6.13387e-03   4.89029e-03  -4.21814e-04  -6.57058e-04
  24  beta_phi     2.18774e-03   4.63027e-03  -1.71972e-03  -9.24403e-04
 EXTERNAL ERROR MATRIX.    NDIM=  25    NPAR= 11    ERR DEF=1
  1.413e+06 
 -8.326e-02  2.784e-07 
 -7.987e-02  4.894e-08  2.124e-06 
  2.152e-02  5.413e-08 -2.511e-08  2.919e-07 
  2.861e-03 -6.599e-09  1.669e-09 -2.941e-09  2.688e-07 
  4.081e-02 -1.112e-09 -4.880e-09  1.221e-08 -1.984e-09  2.564e-07 
 -4.473e+04  1.101e-02  1.157e-02  5.119e-03 -5.380e-04 -9.517e-03  2.771e+04 
 -3.552e-01  1.890e-07  2.683e-07  8.781e-08 -1.512e-08 -5.706e-08  1.276e-01  2.693e-05 
 -4.228e-03  1.907e-09  3.082e-10  4.685e-10 -9.433e-11 -6.140e-10  6.945e-04  1.238e-08  2.002e-09 
  3.495e-01 -2.389e-07  7.626e-07 -1.458e-07  2.493e-08 -1.441e-07  3.211e-01  3.167e-07  2.914e-08  2.781e-05 
  4.524e-01 -2.476e-07 -3.771e-07 -7.640e-08  1.356e-08  4.100e-08 -2.095e-01 -1.758e-06 -1.921e-08 -8.031e-07  2.328e-05 
 PARAMETER  CORRELATION COEFFICIENTS  
       NO.  GLOBAL      1      3      4      6     10     13     20     21     22     23     24
        1  0.30633   1.000 -0.133 -0.046  0.034  0.005  0.068 -0.226 -0.058 -0.079  0.056  0.079
        3  0.29809  -0.133  1.000  0.064  0.190 -0.024 -0.004  0.125  0.069  0.081 -0.086 -0.097
        4  0.14742  -0.046  0.064  1.000 -0.032  0.002 -0.007  0.048  0.035  0.005  0.099 -0.054
        6  0.22221   0.034  0.190 -0.032  1.000 -0.010  0.045  0.057  0.031  0.019 -0.051 -0.029
       10  0.02812   0.005 -0.024  0.002 -0.010  1.000 -0.008 -0.006 -0.006 -0.004  0.009  0.005
       13  0.13334   0.068 -0.004 -0.007  0.045 -0.008  1.000 -0.113 -0.022 -0.027 -0.054  0.017
       20  0.52899  -0.226  0.125  0.048  0.057 -0.006 -0.113  1.000  0.148  0.093  0.366 -0.261
       21  0.17123  -0.058  0.069  0.035  0.031 -0.006 -0.022  0.148  1.000  0.053  0.012 -0.070
       22  0.19139  -0.079  0.081  0.005  0.019 -0.004 -0.027  0.093  0.053  1.000  0.123 -0.089
       23  0.44376   0.056 -0.086  0.099 -0.051  0.009 -0.054  0.366  0.012  0.123  1.000 -0.032
       24  0.28822   0.079 -0.097 -0.054 -0.029  0.005  0.017 -0.261 -0.070 -0.089 -0.032  1.000
MINUIT - FIT ONLY 2-CBO
 **********
 **   25 **RES 
 **********
                   PARAMETER   16  beta_vw RESTORED TO VARIABLE.
                   PARAMETER   14  alpha_vw RESTORED TO VARIABLE.
                   PARAMETER   11  alpha_y RESTORED TO VARIABLE.
                   PARAMETER    9  alpha_2CBO RESTORED TO VARIABLE.
                   PARAMETER    8  beta_CBO RESTORED TO VARIABLE.
 **********
 **   26 **FIX            0
 **********
 PARAMETER    0  IS UNDEFINED. IGNORED.
 **********
 **   27 **FIX            1
 **********
 **********
 **   28 **FIX            2
 **********
 PARAMETER    2  IS CONSTANT.   IGNORED.
 **********
 **   29 **FIX            3
 **********
 **********
 **   30 **FIX            4
 **********
 **********
 **   31 **FIX            5
 **********
 PARAMETER    5  IS CONSTANT.   IGNORED.
 **********
 **   32 **FIX            6
 **********
 **********
 **   33 **FIX            7
 **********
 PARAMETER    7  IS CONSTANT.   IGNORED.
 **********
 **   34 **FIX           10
 **********
 **********
 **   35 **FIX           11
 **********
 **********
 **   36 **FIX           12
 **********
 PARAMETER   12  IS CONSTANT.   IGNORED.
 **********
 **   37 **FIX           13
 **********
 **********
 **   38 **FIX           14
 **********
 **********
 **   39 **FIX           15
 **********
 PARAMETER   15  IS CONSTANT.   IGNORED.
 **********
 **   40 **FIX           16
 **********
 **********
 **   41 **MIGRAD
 **********
 START MIGRAD MINIMIZATION.  STRATEGY  1.  CONVERGENCE WHEN EDM .LT. 1.00e-04
 FCN=66.9124 FROM MIGRAD    STATUS=INITIATE       18 CALLS         943 TOTAL
                     EDM= unknown      STRATEGY= 1      NO ERROR MATRIX       
  EXT PARAMETER               CURRENT GUESS       STEP         FIRST   
  NO.   NAME      VALUE            ERROR          SIZE      DERIVATIVE 
   1  N0           3.17542e+06     fixed    
   2  tau          6.44005e+01   constant   
   3  A0           3.64714e-01     fixed    
   4  phi          4.11553e+00     fixed    
   5  R           -6.09192e+01   constant   
   6  alpha_CBO   -8.20856e-04     fixed    
   7  w_CBO        2.32500e+00   constant   
   8  beta_CBO     0.00000e+00   1.00000e-03   1.00000e-03  -2.05511e+04
   9  alpha_2CBO   0.00000e+00   1.00000e-03   1.00000e-03   1.48969e+03
  10  beta_2CBO    6.83739e-05     fixed    
  11  alpha_y      0.00000e+00     fixed    
  12  w_y          1.38860e+01   constant   
  13  beta_y      -4.54269e-04     fixed    
  14  alpha_vw     0.00000e+00     fixed    
  15  w_vw         1.43404e+01   constant   
  16  beta_vw      0.00000e+00     fixed    
  17  LM          -6.12107e-05   constant   
  18  zeta_y       0.00000e+00   constant   
  19  zeta_vw      0.00000e+00   constant   
  20  T_CBO        3.23619e+02   1.62962e+02   1.17171e-03  -8.58731e-03
  21  alpha_A0    -9.34142e-04   4.95783e-03   1.03416e-03  -2.57133e-04
  22  beta_A0     -1.00000e-02   1.43566e-02   7.74423e-03** at limit **
  23  alpha_phi   -6.13387e-03   4.89029e-03  -4.21814e-04  -6.57079e-04
  24  beta_phi     2.18774e-03   4.63027e-03  -1.71972e-03  -9.24388e-04
 MIGRAD MINIMIZATION HAS CONVERGED.
 FCN=38.7666 FROM MIGRAD    STATUS=CONVERGED     116 CALLS        1041 TOTAL
                     EDM=2.75218e-07    STRATEGY= 1  ERROR MATRIX UNCERTAINTY   2.6 per cent
  EXT PARAMETER                                   STEP         FIRST   
  NO.   NAME      VALUE            ERROR          SIZE      DERIVATIVE 
   1  N0           3.17542e+06     fixed    
   2  tau          6.44005e+01   constant   
   3  A0           3.64714e-01     fixed    
   4  phi          4.11553e+00     fixed    
   5  R           -6.09192e+01   constant   
   6  alpha_CBO   -8.20856e-04     fixed    
   7  w_CBO        2.32500e+00   constant   
   8  beta_CBO     2.72118e-03   5.14120e-04   6.43180e-08   3.62315e-02
   9  alpha_2CBO  -2.48665e-04   5.46960e-04  -5.67326e-07   3.87501e-01
  10  beta_2CBO    6.83739e-05     fixed    
  11  alpha_y      0.00000e+00     fixed    
  12  w_y          1.38860e+01   constant   
  13  beta_y      -4.54269e-04     fixed    
  14  alpha_vw     0.00000e+00     fixed    
  15  w_vw         1.43404e+01   constant   
  16  beta_vw      0.00000e+00     fixed    
  17  LM          -6.12107e-05   constant   
  18  zeta_y       0.00000e+00   constant   
  19  zeta_vw      0.00000e+00   constant   
  20  T_CBO        2.76309e+02   1.53408e+02  -1.30167e-03  -3.02377e-04
  21  alpha_A0    -4.02877e-04   5.00312e-03   6.12883e-04  -8.69769e-04
  22  beta_A0     -9.99996e-03   1.05423e-02  -1.55938e-03   1.19439e-04
  23  alpha_phi   -7.66276e-03   1.08083e-02  -3.17526e-03  -2.02016e-04
  24  beta_phi    -3.32440e-04   4.57966e-03   8.29207e-04  -2.07578e-04
 EXTERNAL ERROR MATRIX.    NDIM=  25    NPAR=  7    ERR DEF=1
  2.643e-07 -2.763e-09 -2.723e-03  5.765e-08 -2.396e-10 -8.348e-08 -2.384e-07 
 -2.763e-09  2.992e-07  1.546e-02  6.413e-09  1.187e-09  8.801e-07 -2.213e-08 
 -2.723e-03  1.546e-02  2.452e+04  4.293e-02  1.178e-03  6.583e-01 -6.336e-02 
  5.765e-08  6.413e-09  4.293e-02  2.746e-05 -2.031e-08 -7.606e-07  2.362e-06 
 -2.396e-10  1.187e-09  1.178e-03 -2.031e-08  3.548e-08  2.697e-08 -1.527e-08 
 -8.348e-08  8.801e-07  6.583e-01 -7.606e-07  2.697e-08  4.813e-05 -1.737e-06 
 -2.384e-07 -2.213e-08 -6.336e-02  2.362e-06 -1.527e-08 -1.737e-06  2.263e-05 
 PARAMETER  CORRELATION COEFFICIENTS  
       NO.  GLOBAL      8      9     20     21     22     23     24
        8  0.11143   1.000 -0.010 -0.034  0.021 -0.002 -0.023 -0.097
        9  0.23750  -0.010  1.000  0.181  0.002  0.012  0.232 -0.009
       20  0.61492  -0.034  0.181  1.000  0.052  0.040  0.606 -0.085
       21  0.13631   0.021  0.002  0.052  1.000 -0.021 -0.021  0.095
       22  0.04804  -0.002  0.012  0.040 -0.021  1.000  0.021 -0.017
       23  0.62084  -0.023  0.232  0.606 -0.021  0.021  1.000 -0.053
       24  0.16691  -0.097 -0.009 -0.085  0.095 -0.017 -0.053  1.000
MINUIT - FIT wiggle + 1-CBO + 2-CBO
 **********
 **   42 **RES 
 **********
                   PARAMETER   16  beta_vw RESTORED TO VARIABLE.
                   PARAMETER   14  alpha_vw RESTORED TO VARIABLE.
                   PARAMETER   13  beta_y RESTORED TO VARIABLE.
                   PARAMETER   11  alpha_y RESTORED TO VARIABLE.
                   PARAMETER   10  beta_2CBO RESTORED TO VARIABLE.
                   PARAMETER    6  alpha_CBO RESTORED TO VARIABLE.
                   PARAMETER    4  phi RESTORED TO VARIABLE.
                   PARAMETER    3  A0 RESTORED TO VARIABLE.
                   PARAMETER    1  N0 RESTORED TO VARIABLE.
 **********
 **   43 **FIX           10
 **********
 **********
 **   44 **FIX           11
 **********
 **********
 **   45 **FIX           12
 **********
 PARAMETER   12  IS CONSTANT.   IGNORED.
 **********
 **   46 **FIX           13
 **********
 **********
 **   47 **FIX           14
 **********
 **********
 **   48 **FIX           15
 **********
 PARAMETER   15  IS CONSTANT.   IGNORED.
 **********
 **   49 **FIX           16
 **********
 **********
 **   50 **MIGRAD
 **********
 START MIGRAD MINIMIZATION.  STRATEGY  1.  CONVERGENCE WHEN EDM .LT. 1.00e-04
 FCN=38.7666 FROM MIGRAD    STATUS=INITIATE       22 CALLS        1063 TOTAL
                     EDM= unknown      STRATEGY= 1      NO ERROR MATRIX       
  EXT PARAMETER               CURRENT GUESS       STEP         FIRST   
  NO.   NAME      VALUE            ERROR          SIZE      DERIVATIVE 
   1  N0           3.17542e+06   1.18862e+03   1.18862e+03   9.43826e-05
   2  tau          6.44005e+01   constant   
   3  A0           3.64714e-01   5.27629e-04   5.27629e-04  -8.78763e+02
   4  phi          4.11553e+00   1.45752e-03   1.45752e-03  -1.81010e+03
   5  R           -6.09192e+01   constant   
   6  alpha_CBO   -8.20856e-04   5.40309e-04   5.40309e-04   3.66177e+02
   7  w_CBO        2.32500e+00   constant   
   8  beta_CBO     2.72118e-03   5.14120e-04   6.43180e-08   3.62314e-02
   9  alpha_2CBO  -2.48665e-04   5.46960e-04  -5.67326e-07   3.87501e-01
  10  beta_2CBO    6.83739e-05     fixed    
  11  alpha_y      0.00000e+00     fixed    
  12  w_y          1.38860e+01   constant   
  13  beta_y      -4.54269e-04     fixed    
  14  alpha_vw     0.00000e+00     fixed    
  15  w_vw         1.43404e+01   constant   
  16  beta_vw      0.00000e+00     fixed    
  17  LM          -6.12107e-05   constant   
  18  zeta_y       0.00000e+00   constant   
  19  zeta_vw      0.00000e+00   constant   
  20  T_CBO        2.76309e+02   1.53408e+02  -1.30167e-03  -3.02302e-04
  21  alpha_A0    -4.02877e-04   5.00312e-03   6.12883e-04  -8.69755e-04
  22  beta_A0     -9.99996e-03   1.05423e-02  -1.55938e-03   1.17928e-04
  23  alpha_phi   -7.66276e-03   1.08083e-02  -3.17526e-03  -2.01874e-04
  24  beta_phi    -3.32440e-04   4.57966e-03   8.29207e-04  -2.07576e-04
 MIGRAD MINIMIZATION HAS CONVERGED.
 MIGRAD WILL VERIFY CONVERGENCE AND ERROR MATRIX.
 COVARIANCE MATRIX CALCULATED SUCCESSFULLY
 FCN=36.738 FROM MIGRAD    STATUS=CONVERGED     269 CALLS        1310 TOTAL
                     EDM=1.16796e-06    STRATEGY= 1      ERROR MATRIX ACCURATE 
  EXT PARAMETER                                   STEP         FIRST   
  NO.   NAME      VALUE            ERROR          SIZE      DERIVATIVE 
   1  N0           3.17539e+06   1.25878e+03   3.44177e+00  -4.78012e-07
   2  tau          6.44005e+01   constant   
   3  A0           3.64854e-01   5.24281e-04   1.49004e-06   1.27625e-01
   4  phi          4.11769e+00   1.54166e-03   4.39829e-06   8.74972e-02
   5  R           -6.09192e+01   constant   
   6  alpha_CBO   -8.65847e-04   5.49508e-04   1.59783e-06   1.63311e+00
   7  w_CBO        2.32500e+00   constant   
   8  beta_CBO     2.91897e-03   5.32837e-04   1.53220e-06  -5.26853e-01
   9  alpha_2CBO  -2.42889e-04   5.42212e-04   1.57426e-06  -4.92757e-01
  10  beta_2CBO    6.83739e-05     fixed    
  11  alpha_y      0.00000e+00     fixed    
  12  w_y          1.38860e+01   constant   
  13  beta_y      -4.54269e-04     fixed    
  14  alpha_vw     0.00000e+00     fixed    
  15  w_vw         1.43404e+01   constant   
  16  beta_vw      0.00000e+00     fixed    
  17  LM          -6.12107e-05   constant   
  18  zeta_y       0.00000e+00   constant   
  19  zeta_vw      0.00000e+00   constant   
  20  T_CBO        2.80810e+02   1.77603e+02   8.74548e-04  -3.52286e-04
  21  alpha_A0     7.58242e-04   5.49223e-03   1.72391e-03   1.44624e-03
  22  beta_A0     -1.00000e-02   1.91465e-02   3.31302e-02** at limit **
  23  alpha_phi   -7.07693e-03   1.13392e-02   2.34958e-03  -2.82773e-04
  24  beta_phi    -1.26293e-03   5.05055e-03   1.56592e-03   5.90285e-04
 EXTERNAL ERROR MATRIX.    NDIM=  25    NPAR= 11    ERR DEF=1
  1.585e+06 
 -8.951e-02  2.749e-07 
  9.697e-02  2.720e-08  2.377e-06 
  4.927e-02  5.519e-08 -1.355e-08  3.020e-07 
 -2.276e-03  1.493e-08  2.107e-07 -2.299e-09  2.839e-07 
  3.361e-02  1.420e-08  7.112e-09  2.922e-08 -2.386e-09  2.940e-07 
 -5.742e+04  1.273e-02 -4.048e-03 -4.496e-04 -2.779e-03  1.397e-02  3.334e+04 
 -1.650e-01  2.852e-07  1.138e-06  1.592e-07  1.826e-07 -7.883e-08 -2.202e-02  3.383e-05 
  8.366e-06  5.133e-12  4.796e-11  8.528e-13  3.754e-12 -1.394e-12  7.678e-04 -2.049e-09  1.236e-10 
  2.323e-01 -1.699e-07  6.972e-07 -2.086e-07 -4.693e-08  7.733e-07  7.516e-01 -1.033e-06  1.971e-08  5.054e-05 
  1.661e-01 -2.523e-07 -8.904e-07 -5.385e-08 -3.875e-07 -5.053e-08  8.383e-02  6.186e-07  3.575e-09  3.171e-06  2.808e-05 
 PARAMETER  CORRELATION COEFFICIENTS  
       NO.  GLOBAL      1      3      4      6      8      9     20     21     22     23     24
        1  0.36767   1.000 -0.136  0.050  0.071 -0.003  0.049 -0.250 -0.023  0.001  0.026  0.025
        3  0.31978  -0.136  1.000  0.034  0.192  0.053  0.050  0.133  0.094  0.001 -0.046 -0.091
        4  0.30881   0.050  0.034  1.000 -0.016  0.257  0.009 -0.014  0.127  0.003  0.064 -0.109
        6  0.24555   0.071  0.192 -0.016  1.000 -0.008  0.098 -0.004  0.050  0.000 -0.053 -0.018
        8  0.28457  -0.003  0.053  0.257 -0.008  1.000 -0.008 -0.029  0.059  0.001 -0.012 -0.137
        9  0.25118   0.049  0.050  0.009  0.098 -0.008  1.000  0.141 -0.025 -0.000  0.201 -0.018
       20  0.69542  -0.250  0.133 -0.014 -0.004 -0.029  0.141  1.000 -0.021  0.378  0.579  0.087
       21  0.17657  -0.023  0.094  0.127  0.050  0.059 -0.025 -0.021  1.000 -0.032 -0.025  0.020
       22  0.39953   0.001  0.001  0.003  0.000  0.001 -0.000  0.378 -0.032  1.000  0.249  0.061
       23  0.63050   0.026 -0.046  0.064 -0.053 -0.012  0.201  0.579 -0.025  0.249  1.000  0.084
       24  0.21608   0.025 -0.091 -0.109 -0.018 -0.137 -0.018  0.087  0.020  0.061  0.084  1.000
MINUIT - FIT ONLY 1-y
 **********
 **   51 **RES 
 **********
                   PARAMETER   16  beta_vw RESTORED TO VARIABLE.
                   PARAMETER   14  alpha_vw RESTORED TO VARIABLE.
                   PARAMETER   13  beta_y RESTORED TO VARIABLE.
                   PARAMETER   11  alpha_y RESTORED TO VARIABLE.
                   PARAMETER   10  beta_2CBO RESTORED TO VARIABLE.
 **********
 **   52 **FIX            0
 **********
 PARAMETER    0  IS UNDEFINED. IGNORED.
 **********
 **   53 **FIX            1
 **********
 **********
 **   54 **FIX            2
 **********
 PARAMETER    2  IS CONSTANT.   IGNORED.
 **********
 **   55 **FIX            3
 **********
 **********
 **   56 **FIX            4
 **********
 **********
 **   57 **FIX            5
 **********
 PARAMETER    5  IS CONSTANT.   IGNORED.
 **********
 **   58 **FIX            6
 **********
 **********
 **   59 **FIX            7
 **********
 PARAMETER    7  IS CONSTANT.   IGNORED.
 **********
 **   60 **FIX            8
 **********
 **********
 **   61 **FIX            9
 **********
 **********
 **   62 **FIX           13
 **********
 **********
 **   63 **FIX           14
 **********
 **********
 **   64 **FIX           15
 **********
 PARAMETER   15  IS CONSTANT.   IGNORED.
 **********
 **   65 **FIX           16
 **********
 **********
 **   66 **MIGRAD
 **********
 START MIGRAD MINIMIZATION.  STRATEGY  1.  CONVERGENCE WHEN EDM .LT. 1.00e-04
 FCN=36.738 FROM MIGRAD    STATUS=INITIATE       16 CALLS        1326 TOTAL
                     EDM= unknown      STRATEGY= 1      NO ERROR MATRIX       
  EXT PARAMETER               CURRENT GUESS       STEP         FIRST   
  NO.   NAME      VALUE            ERROR          SIZE      DERIVATIVE 
   1  N0           3.17539e+06     fixed    
   2  tau          6.44005e+01   constant   
   3  A0           3.64854e-01     fixed    
   4  phi          4.11769e+00     fixed    
   5  R           -6.09192e+01   constant   
   6  alpha_CBO   -8.65847e-04     fixed    
   7  w_CBO        2.32500e+00   constant   
   8  beta_CBO     2.91897e-03     fixed    
   9  alpha_2CBO  -2.42889e-04     fixed    
  10  beta_2CBO    6.83739e-05   5.18499e-04   5.18499e-04  -1.02011e+03
  11  alpha_y      0.00000e+00   1.00000e-03   1.00000e-03   1.32700e+03
  12  w_y          1.38860e+01   constant   
  13  beta_y      -4.54269e-04     fixed    
  14  alpha_vw     0.00000e+00     fixed    
  15  w_vw         1.43404e+01   constant   
  16  beta_vw      0.00000e+00     fixed    
  17  LM          -6.12107e-05   constant   
  18  zeta_y       0.00000e+00   constant   
  19  zeta_vw      0.00000e+00   constant   
  20  T_CBO        2.80810e+02   1.77603e+02   8.74548e-04  -3.79433e-04
  21  alpha_A0     7.58242e-04   5.49223e-03   1.72391e-03   1.44626e-03
  22  beta_A0     -9.99998e-03   1.91465e-02   3.31302e-02   1.81783e-05
  23  alpha_phi   -7.07693e-03   1.13392e-02   2.34958e-03  -2.74574e-04
  24  beta_phi    -1.26293e-03   5.05055e-03   1.56592e-03   5.90684e-04
 MIGRAD MINIMIZATION HAS CONVERGED.
 MIGRAD WILL VERIFY CONVERGENCE AND ERROR MATRIX.
 COVARIANCE MATRIX CALCULATED SUCCESSFULLY
 FCN=36.5458 FROM MIGRAD    STATUS=CONVERGED     131 CALLS        1441 TOTAL
                     EDM=1.08506e-05    STRATEGY= 1      ERROR MATRIX ACCURATE 
  EXT PARAMETER                                   STEP         FIRST   
  NO.   NAME      VALUE            ERROR          SIZE      DERIVATIVE 
   1  N0           3.17539e+06     fixed    
   2  tau          6.44005e+01   constant   
   3  A0           3.64854e-01     fixed    
   4  phi          4.11769e+00     fixed    
   5  R           -6.09192e+01   constant   
   6  alpha_CBO   -8.65847e-04     fixed    
   7  w_CBO        2.32500e+00   constant   
   8  beta_CBO     2.91897e-03     fixed    
   9  alpha_2CBO  -2.42889e-04     fixed    
  10  beta_2CBO    2.10119e-04   5.30090e-04   1.54995e-06   3.56816e+00
  11  alpha_y     -1.80705e-04   5.24655e-04   1.56923e-06   2.53777e+00
  12  w_y          1.38860e+01   constant   
  13  beta_y      -4.54269e-04     fixed    
  14  alpha_vw     0.00000e+00     fixed    
  15  w_vw         1.43404e+01   constant   
  16  beta_vw      0.00000e+00     fixed    
  17  LM          -6.12107e-05   constant   
  18  zeta_y       0.00000e+00   constant   
  19  zeta_vw      0.00000e+00   constant   
  20  T_CBO        2.81942e+02   1.64408e+02   8.78460e-04  -1.11606e-02
  21  alpha_A0     1.03581e-03   5.48531e-03   1.71591e-03  -4.45185e-05
  22  beta_A0     -1.00000e-02   1.07655e-02   3.16577e-02** at limit **
  23  alpha_phi   -6.98994e-03   5.80142e-03   2.31072e-03   2.60211e-04
  24  beta_phi    -1.09901e-03   4.98364e-03   1.55167e-03   3.82088e-04
 EXTERNAL ERROR MATRIX.    NDIM=  25    NPAR=  7    ERR DEF=1
  2.810e-07  3.066e-09  8.768e-04  5.456e-07  3.642e-13  9.130e-08  3.465e-07 
  3.066e-09  2.753e-07 -1.428e-03  1.228e-09  3.624e-14 -6.778e-08  1.980e-08 
  8.768e-04 -1.428e-03  2.833e+04 -5.142e-02  2.284e-04  6.633e-01  7.084e-02 
  5.456e-07  1.228e-09 -5.142e-02  3.376e-05 -8.395e-10 -1.125e-06  1.998e-06 
  3.642e-13  3.624e-14  2.284e-04 -8.395e-10  1.882e-11  5.741e-09  9.267e-10 
  9.130e-08 -6.778e-08  6.633e-01 -1.125e-06  5.741e-09  4.579e-05  2.666e-06 
  3.465e-07  1.980e-08  7.084e-02  1.998e-06  9.267e-10  2.666e-06  2.725e-05 
 PARAMETER  CORRELATION COEFFICIENTS  
       NO.  GLOBAL     10     11     20     21     22     23     24
       10  0.21196   1.000  0.011  0.010  0.177  0.000  0.025  0.125
       11  0.02511   0.011  1.000 -0.016  0.000  0.000 -0.019  0.007
       20  0.61842   0.010 -0.016  1.000 -0.053  0.313  0.582  0.081
       21  0.19242   0.177  0.000 -0.053  1.000 -0.033 -0.029  0.066
       22  0.31422   0.000  0.000  0.313 -0.033  1.000  0.196  0.041
       23  0.58360   0.025 -0.019  0.582 -0.029  0.196  1.000  0.075
       24  0.16048   0.125  0.007  0.081  0.066  0.041  0.075  1.000
MINUIT - FIT ONLY 2-y
 **********
 **   67 **RES 
 **********
                   PARAMETER   16  beta_vw RESTORED TO VARIABLE.
                   PARAMETER   14  alpha_vw RESTORED TO VARIABLE.
                   PARAMETER   13  beta_y RESTORED TO VARIABLE.
                   PARAMETER    9  alpha_2CBO RESTORED TO VARIABLE.
                   PARAMETER    8  beta_CBO RESTORED TO VARIABLE.
                   PARAMETER    6  alpha_CBO RESTORED TO VARIABLE.
                   PARAMETER    4  phi RESTORED TO VARIABLE.
                   PARAMETER    3  A0 RESTORED TO VARIABLE.
                   PARAMETER    1  N0 RESTORED TO VARIABLE.
 **********
 **   68 **FIX            0
 **********
 PARAMETER    0  IS UNDEFINED. IGNORED.
 **********
 **   69 **FIX            1
 **********
 **********
 **   70 **FIX            2
 **********
 PARAMETER    2  IS CONSTANT.   IGNORED.
 **********
 **   71 **FIX            3
 **********
 **********
 **   72 **FIX            4
 **********
 **********
 **   73 **FIX            5
 **********
 PARAMETER    5  IS CONSTANT.   IGNORED.
 **********
 **   74 **FIX            6
 **********
 **********
 **   75 **FIX            7
 **********
 PARAMETER    7  IS CONSTANT.   IGNORED.
 **********
 **   76 **FIX            8
 **********
 **********
 **   77 **FIX            9
 **********
 **********
 **   78 **FIX           10
 **********
 **********
 **   79 **FIX           11
 **********
 **********
 **   80 **FIX           12
 **********
 PARAMETER   12  IS CONSTANT.   IGNORED.
 **********
 **   81 **FIX           16
 **********
 **********
 **   82 **MIGRAD
 **********
 START MIGRAD MINIMIZATION.  STRATEGY  1.  CONVERGENCE WHEN EDM .LT. 1.00e-04
 FCN=36.5458 FROM MIGRAD    STATUS=INITIATE       16 CALLS        1457 TOTAL
                     EDM= unknown      STRATEGY= 1      NO ERROR MATRIX       
  EXT PARAMETER               CURRENT GUESS       STEP         FIRST   
  NO.   NAME      VALUE            ERROR          SIZE      DERIVATIVE 
   1  N0           3.17539e+06     fixed    
   2  tau          6.44005e+01   constant   
   3  A0           3.64854e-01     fixed    
   4  phi          4.11769e+00     fixed    
   5  R           -6.09192e+01   constant   
   6  alpha_CBO   -8.65847e-04     fixed    
   7  w_CBO        2.32500e+00   constant   
   8  beta_CBO     2.91897e-03     fixed    
   9  alpha_2CBO  -2.42889e-04     fixed    
  10  beta_2CBO    2.10119e-04     fixed    
  11  alpha_y     -1.80705e-04     fixed    
  12  w_y          1.38860e+01   constant   
  13  beta_y      -4.54269e-04   5.06364e-04   5.06364e-04  -3.94571e+01
  14  alpha_vw     0.00000e+00   1.00000e-03   1.00000e-03   7.97317e+03
  15  w_vw         1.43404e+01   constant   
  16  beta_vw      0.00000e+00     fixed    
  17  LM          -6.12107e-05   constant   
  18  zeta_y       0.00000e+00   constant   
  19  zeta_vw      0.00000e+00   constant   
  20  T_CBO        2.81942e+02   1.64408e+02   8.78460e-04  -1.11878e-02
  21  alpha_A0     1.03581e-03   5.48531e-03   1.71591e-03  -4.47452e-05
  22  beta_A0     -9.99998e-03   1.07655e-02   3.16577e-02   2.80770e-05
  23  alpha_phi   -6.98994e-03   5.80142e-03   2.31072e-03   2.68144e-04
  24  beta_phi    -1.09901e-03   4.98364e-03   1.55167e-03   3.82331e-04
 MIGRAD MINIMIZATION HAS CONVERGED.
 MIGRAD WILL VERIFY CONVERGENCE AND ERROR MATRIX.
 COVARIANCE MATRIX CALCULATED SUCCESSFULLY
 FCN=31.9356 FROM MIGRAD    STATUS=CONVERGED     155 CALLS        1596 TOTAL
                     EDM=2.43206e-07    STRATEGY= 1      ERROR MATRIX ACCURATE 
  EXT PARAMETER                                   STEP         FIRST   
  NO.   NAME      VALUE            ERROR          SIZE      DERIVATIVE 
   1  N0           3.17539e+06     fixed    
   2  tau          6.44005e+01   constant   
   3  A0           3.64854e-01     fixed    
   4  phi          4.11769e+00     fixed    
   5  R           -6.09192e+01   constant   
   6  alpha_CBO   -8.65847e-04     fixed    
   7  w_CBO        2.32500e+00   constant   
   8  beta_CBO     2.91897e-03     fixed    
   9  alpha_2CBO  -2.42889e-04     fixed    
  10  beta_2CBO    2.10119e-04     fixed    
  11  alpha_y     -1.80705e-04     fixed    
  12  w_y          1.38860e+01   constant   
  13  beta_y      -1.65730e-04   5.34986e-04   1.45231e-06  -3.15323e-02
  14  alpha_vw    -1.15499e-03   5.37926e-04   1.46059e-06   4.71561e-02
  15  w_vw         1.43404e+01   constant   
  16  beta_vw      0.00000e+00     fixed    
  17  LM          -6.12107e-05   constant   
  18  zeta_y       0.00000e+00   constant   
  19  zeta_vw      0.00000e+00   constant   
  20  T_CBO        2.86910e+02   1.70641e+02   8.40957e-04   1.11294e-04
  21  alpha_A0     8.11722e-04   5.32421e-03   1.57712e-03   2.40234e-04
  22  beta_A0     -1.00000e-02   1.96157e-02   3.02602e-02** at limit **
  23  alpha_phi   -6.79207e-03   5.76661e-03   2.06302e-03  -2.26312e-05
  24  beta_phi    -1.16588e-03   4.87420e-03   1.43052e-03  -1.33668e-03
 EXTERNAL ERROR MATRIX.    NDIM=  25    NPAR=  7    ERR DEF=1
  2.862e-07 -7.096e-08  7.112e-04 -9.226e-08 -3.288e-12  1.832e-08 -1.706e-09 
 -7.096e-08  2.894e-07 -1.148e-03  5.485e-08  1.613e-12 -4.727e-08  1.609e-08 
  7.112e-04 -1.148e-03  3.062e+04 -3.359e-02  4.762e-03  6.732e-01  8.214e-02 
 -9.226e-08  5.485e-08 -3.359e-02  3.155e-05 -1.309e-08 -8.068e-07  1.314e-06 
 -3.288e-12  1.613e-12  4.762e-03 -1.309e-08  5.481e-09  1.123e-07  1.978e-08 
  1.832e-08 -4.727e-08  6.732e-01 -8.068e-07  1.123e-07  4.400e-05  2.698e-06 
 -1.706e-09  1.609e-08  8.214e-02  1.314e-06  1.978e-08  2.698e-06  2.596e-05 
 PARAMETER  CORRELATION COEFFICIENTS  
       NO.  GLOBAL     13     14     20     21     22     23     24
       13  0.24801   1.000 -0.247  0.008 -0.031 -0.000  0.005 -0.001
       14  0.24723  -0.247  1.000 -0.012  0.018  0.000 -0.013  0.006
       20  0.62963   0.008 -0.012  1.000 -0.034  0.368  0.580  0.092
       21  0.07138  -0.031  0.018 -0.034  1.000 -0.031 -0.022  0.046
       22  0.36915  -0.000  0.000  0.368 -0.031  1.000  0.229  0.052
       23  0.58091   0.005 -0.013  0.580 -0.022  0.229  1.000  0.080
       24  0.11141  -0.001  0.006  0.092  0.046  0.052  0.080  1.000
MINUIT - FIT ALTOGETHER
 **********
 **   83 **RES 
 **********
                   PARAMETER   16  beta_vw RESTORED TO VARIABLE.
