 + ++++++++++++++++++++++++++++++++++++++++++++++++++++++++++++++++++++ +
 +                                                                      +
 +           You have chose to blind your fitting according to          +
 +                omega_ref * (1 + (R +/- deltaR) *10^{-6})             +
 +                                                                      +
 + ++++++++++++++++++++++++++++++++++++++++++++++++++++++++++++++++++++ +
In main()...
reading format from /gm2data/zkhechad/run45/envelope/formats/formatB_sBin_constraintOn.txt
pBinTau 	= 0  
pBinPhi 	= 0  
constraintau 	= 1 
includeMopTerm 	= 0    
constrainMop    = 0   
Parameters after format file: pBinTau 0 pBinPhi 0 constraintau 1 includeMopTerm 0 constrainMop 0 c_e_scale 0.000000 
Opening file /gm2data/tbarrett/gm2fr/studies/run23_bunch_corrections/CorrectedFourier_Run3b.root.
reading full fit data from /gm2data/zkhechad/cboTemplates/Run4CBOTemplates/templateFits0_v2.0/noRF/sBin_constraintOn_cE0.0_seed0_noRF_calo7.root
windowBins = 69
fitting sliding window 1908 from bin 2044 at 304.815600 to bin 2113 at 315.259600 (69 bins)

Reading data from /gm2data/cornell/histograms/aMethod/histogram_a_noRF.root
 **********
 **    1 **SET PRINTOUT            1
 **********
 **********
 **    2 **SET NOWARNINGS 
 **********
 PARAMETER DEFINITIONS:
    NO.   NAME         VALUE      STEP SIZE      LIMITS
     1 N0           3.03263e+06  1.00000e+02     no limits
     2 tau          6.43884e+01  constant
     3 A0           3.50182e-01  1.00000e-04     no limits
     4 phi          4.11722e+00  1.00000e-02     no limits
     5 R           -6.17521e+01  constant
     6 alpha_CBO    0.00000e+00  1.00000e-03     no limits
     7 w_CBO        2.32500e+00  constant
     8 beta_CBO     0.00000e+00  1.00000e-03     no limits
     9 alpha_2CBO   0.00000e+00  1.00000e-03     no limits
    10 beta_2CBO    0.00000e+00  1.00000e-03     no limits
    11 alpha_y      0.00000e+00  1.00000e-03     no limits
    12 w_y          1.44500e+01  constant
    13 beta_y       0.00000e+00  1.00000e-03     no limits
    14 alpha_vw     0.00000e+00  1.00000e-03     no limits
    15 w_vw         1.29000e+01  constant
    16 beta_vw      0.00000e+00  1.00000e-03     no limits
    17 LM          -7.01586e-04  constant
    18 zeta_y       0.00000e+00  constant
    19 zeta_vw      0.00000e+00  constant
    20 T_CBO        1.00000e+02  1.00000e+00    0.00000e+00  1.00000e+03
    21 alpha_A0     0.00000e+00  1.00000e-03     no limits
    22 beta_A0      0.00000e+00  1.00000e-03     no limits
    23 alpha_phi    0.00000e+00  1.00000e-03     no limits
    24 beta_phi     0.00000e+00  1.00000e-03     no limits
MINUIT - FIT ONLY WIGGLE
 **********
 **    3 **FIX            5
 **********
 PARAMETER    5  IS CONSTANT.   IGNORED.
 **********
 **    4 **FIX            6
 **********
 **********
 **    5 **FIX            7
 **********
 PARAMETER    7  IS CONSTANT.   IGNORED.
 **********
 **    6 **FIX            8
 **********
 **********
 **    7 **FIX            9
 **********
 **********
 **    8 **FIX           10
 **********
 **********
 **    9 **FIX           11
 **********
 **********
 **   10 **FIX           12
 **********
 PARAMETER   12  IS CONSTANT.   IGNORED.
 **********
 **   11 **FIX           13
 **********
 **********
 **   12 **FIX           14
 **********
 **********
 **   13 **FIX           15
 **********
 PARAMETER   15  IS CONSTANT.   IGNORED.
 **********
 **   14 **FIX           16
 **********
 **********
 **   15 **MIGRAD
 **********
 FIRST CALL TO USER FUNCTION AT NEW START POINT, WITH IFLAG=4.
 START MIGRAD MINIMIZATION.  STRATEGY  1.  CONVERGENCE WHEN EDM .LT. 1.00e-04
 FCN=86.6495 FROM MIGRAD    STATUS=INITIATE      437 CALLS         438 TOTAL
                     EDM= unknown      STRATEGY= 1      NO ERROR MATRIX       
  EXT PARAMETER               CURRENT GUESS       STEP         FIRST   
  NO.   NAME      VALUE            ERROR          SIZE      DERIVATIVE 
   1  N0           3.03263e+06   1.00000e+02   0.00000e+00   9.82899e-04
   2  tau          6.43884e+01   constant   
   3  A0           3.50182e-01   1.00000e-04   0.00000e+00  -2.52503e+03
   4  phi          4.11722e+00   1.00000e-02   0.00000e+00   7.53708e+02
   5  R           -6.17521e+01   constant   
   6  alpha_CBO    0.00000e+00     fixed    
   7  w_CBO        2.32500e+00   constant   
   8  beta_CBO     0.00000e+00     fixed    
   9  alpha_2CBO   0.00000e+00     fixed    
  10  beta_2CBO    0.00000e+00     fixed    
  11  alpha_y      0.00000e+00     fixed    
  12  w_y          1.44500e+01   constant   
  13  beta_y       0.00000e+00     fixed    
  14  alpha_vw     0.00000e+00     fixed    
  15  w_vw         1.29000e+01   constant   
  16  beta_vw      0.00000e+00     fixed    
  17  LM          -7.01586e-04   constant   
  18  zeta_y       0.00000e+00   constant   
  19  zeta_vw      0.00000e+00   constant   
  20  T_CBO        1.00000e+02   1.00000e+00   0.00000e+00   0.00000e+00
  21  alpha_A0     0.00000e+00   1.00000e-03   0.00000e+00  -3.47327e+01
  22  beta_A0      0.00000e+00   1.00000e-03   0.00000e+00   2.11518e+01
  23  alpha_phi    0.00000e+00   1.00000e-03   0.00000e+00  -5.25714e+01
  24  beta_phi     0.00000e+00   1.00000e-03   0.00000e+00  -2.39360e+00
 CALL LIMIT EXCEEDED IN MIGRAD.
 MIGRAD TERMINATED WITHOUT CONVERGENCE.
 FCN=81.7112 FROM MIGRAD    STATUS=CALL LIMIT   1328 CALLS        1329 TOTAL
                     EDM=0.000689978    STRATEGY= 1  ERROR MATRIX UNCERTAINTY   0.7 per cent
  EXT PARAMETER                APPROXIMATE        STEP         FIRST   
  NO.   NAME      VALUE            ERROR          SIZE      DERIVATIVE 
   1  N0           3.03134e+06   1.44146e+03  -3.31525e+00   2.43146e-06
   2  tau          6.43884e+01   constant   
   3  A0           3.50594e-01   5.86389e-04   1.01079e-06  -5.67971e+00
   4  phi          4.11651e+00   1.82857e-03  -1.04560e-06  -2.87937e+00
   5  R           -6.17521e+01   constant   
   6  alpha_CBO    0.00000e+00     fixed    
   7  w_CBO        2.32500e+00   constant   
   8  beta_CBO     0.00000e+00     fixed    
   9  alpha_2CBO   0.00000e+00     fixed    
  10  beta_2CBO    0.00000e+00     fixed    
  11  alpha_y      0.00000e+00     fixed    
  12  w_y          1.44500e+01   constant   
  13  beta_y       0.00000e+00     fixed    
  14  alpha_vw     0.00000e+00     fixed    
  15  w_vw         1.29000e+01   constant   
  16  beta_vw      0.00000e+00     fixed    
  17  LM          -7.01586e-04   constant   
  18  zeta_y       0.00000e+00   constant   
  19  zeta_vw      0.00000e+00   constant   
  20  T_CBO        4.83652e+01   2.12853e+01  -2.42820e-04   9.35862e-01
  21  alpha_A0     1.86748e+00   5.53004e+00   3.71147e-02   6.03172e-02
  22  beta_A0     -1.02464e+00   3.26132e+00  -2.07931e-02  -5.34802e-02
  23  alpha_phi    1.96674e+00   5.33303e+00   3.87052e-02  -8.15672e-02
  24  beta_phi    -2.34221e-01   8.48526e-01  -5.20096e-03  -6.10729e-03
 EXTERNAL ERROR MATRIX.    NDIM=  25    NPAR=  8    ERR DEF=1
  2.078e+06  9.143e-02 -3.786e-01 -1.103e+03 -8.621e+00 -5.932e+00 -3.814e+00  1.289e+01 
  9.143e-02  3.439e-07  3.194e-08 -3.692e-04  1.191e-04 -7.310e-05  1.045e-04 -2.323e-05 
 -3.786e-01  3.194e-08  3.344e-06  4.818e-03 -1.030e-03  5.942e-04 -1.027e-03  1.417e-04 
 -1.103e+03 -3.692e-04  4.818e-03  4.546e+02 -1.161e+02  6.862e+01 -1.116e+02  1.782e+01 
 -8.621e+00  1.191e-04 -1.030e-03 -1.161e+02  3.058e+01 -1.803e+01  2.947e+01 -4.677e+00 
 -5.932e+00 -7.310e-05  5.942e-04  6.862e+01 -1.803e+01  1.064e+01 -1.736e+01  2.760e+00 
 -3.814e+00  1.045e-04 -1.027e-03 -1.116e+02  2.947e+01 -1.736e+01  2.844e+01 -4.501e+00 
  1.289e+01 -2.323e-05  1.417e-04  1.782e+01 -4.677e+00  2.760e+00 -4.501e+00  7.200e-01 
ERR MATRIX APPROXIMATE
 PARAMETER  CORRELATION COEFFICIENTS  
       NO.  GLOBAL      1      3      4     20     21     22     23     24
        1  0.35871   1.000  0.108 -0.144 -0.036 -0.001 -0.001 -0.000  0.011
        3  0.23680   0.108  1.000  0.030 -0.030  0.037 -0.038  0.033 -0.047
        4  0.29622  -0.144  0.030  1.000  0.124 -0.102  0.100 -0.105  0.091
       20  0.99161  -0.036 -0.030  0.124  1.000 -0.985  0.987 -0.981  0.985
       21  0.99990  -0.001  0.037 -0.102 -0.985  1.000 -1.000  0.999 -0.997
       22  0.99974  -0.001 -0.038  0.100  0.987 -1.000  1.000 -0.998  0.998
       23  0.99972  -0.000  0.033 -0.105 -0.981  0.999 -0.998  1.000 -0.995
       24  0.99792   0.011 -0.047  0.091  0.985 -0.997  0.998 -0.995  1.000
 ERR MATRIX APPROXIMATE
MINUIT - FIT ONLY 1-CBO + wiggle
 **********
 **   16 **RES 
 **********
                   PARAMETER   16  beta_vw RESTORED TO VARIABLE.
                   PARAMETER   14  alpha_vw RESTORED TO VARIABLE.
                   PARAMETER   13  beta_y RESTORED TO VARIABLE.
                   PARAMETER   11  alpha_y RESTORED TO VARIABLE.
                   PARAMETER   10  beta_2CBO RESTORED TO VARIABLE.
                   PARAMETER    9  alpha_2CBO RESTORED TO VARIABLE.
                   PARAMETER    8  beta_CBO RESTORED TO VARIABLE.
                   PARAMETER    6  alpha_CBO RESTORED TO VARIABLE.
 **********
 **   17 **FIX            8
 **********
 **********
 **   18 **FIX            9
 **********
 **********
 **   19 **FIX           11
 **********
 **********
 **   20 **FIX           12
 **********
 PARAMETER   12  IS CONSTANT.   IGNORED.
 **********
 **   21 **FIX           14
 **********
 **********
 **   22 **FIX           15
 **********
 PARAMETER   15  IS CONSTANT.   IGNORED.
 **********
 **   23 **FIX           16
 **********
 **********
 **   24 **MIGRAD
 **********
 START MIGRAD MINIMIZATION.  STRATEGY  1.  CONVERGENCE WHEN EDM .LT. 1.00e-04
 FCN=81.7112 FROM MIGRAD    STATUS=INITIATE       28 CALLS        1357 TOTAL
                     EDM= unknown      STRATEGY= 1      NO ERROR MATRIX       
  EXT PARAMETER               CURRENT GUESS       STEP         FIRST   
  NO.   NAME      VALUE            ERROR          SIZE      DERIVATIVE 
   1  N0           3.03134e+06   1.44146e+03  -3.31525e+00   2.43146e-06
   2  tau          6.43884e+01   constant   
   3  A0           3.50594e-01   5.86389e-04   1.01079e-06  -5.67971e+00
   4  phi          4.11651e+00   1.82857e-03  -1.04560e-06  -2.87937e+00
   5  R           -6.17521e+01   constant   
   6  alpha_CBO    0.00000e+00   1.00000e-03   1.00000e-03  -2.80463e+03
   7  w_CBO        2.32500e+00   constant   
   8  beta_CBO     0.00000e+00     fixed    
   9  alpha_2CBO   0.00000e+00     fixed    
  10  beta_2CBO    0.00000e+00   1.00000e-03   1.00000e-03   4.07787e+02
  11  alpha_y      0.00000e+00     fixed    
  12  w_y          1.44500e+01   constant   
  13  beta_y       0.00000e+00   1.00000e-03   1.00000e-03  -3.18713e+03
  14  alpha_vw     0.00000e+00     fixed    
  15  w_vw         1.29000e+01   constant   
  16  beta_vw      0.00000e+00     fixed    
  17  LM          -7.01586e-04   constant   
  18  zeta_y       0.00000e+00   constant   
  19  zeta_vw      0.00000e+00   constant   
  20  T_CBO        4.83652e+01   2.12853e+01  -2.42820e-04   9.35845e-01
  21  alpha_A0     1.86748e+00   5.53004e+00   3.71147e-02   6.03172e-02
  22  beta_A0     -1.02464e+00   3.26132e+00  -2.07931e-02  -5.34802e-02
  23  alpha_phi    1.96674e+00   5.33303e+00   3.87052e-02  -8.15672e-02
  24  beta_phi    -2.34221e-01   8.48526e-01  -5.20096e-03  -6.10729e-03
 CALL LIMIT EXCEEDED IN MIGRAD.
 MIGRAD TERMINATED WITHOUT CONVERGENCE.
 FCN=79.4029 FROM MIGRAD    STATUS=CALL LIMIT   1910 CALLS        3239 TOTAL
                     EDM=0.00400811    STRATEGY= 1  ERROR MATRIX UNCERTAINTY  20.8 per cent
  EXT PARAMETER                APPROXIMATE        STEP         FIRST   
  NO.   NAME      VALUE            ERROR          SIZE      DERIVATIVE 
   1  N0           3.03121e+06   1.43347e+03  -1.25605e+00  -1.04242e-05
   2  tau          6.43884e+01   constant   
   3  A0           3.50474e-01   6.17742e-04   4.27649e-06   8.99469e+00
   4  phi          4.11614e+00   1.83940e-03   9.14450e-06   4.38824e+00
   5  R           -6.17521e+01   constant   
   6  alpha_CBO    7.03741e-04   6.97672e-04  -3.47978e-06   2.75783e+00
   7  w_CBO        2.32500e+00   constant   
   8  beta_CBO     0.00000e+00     fixed    
   9  alpha_2CBO   0.00000e+00     fixed    
  10  beta_2CBO   -9.10243e-05   6.83251e-04   2.98431e-06   1.92123e+01
  11  alpha_y      0.00000e+00     fixed    
  12  w_y          1.44500e+01   constant   
  13  beta_y       7.12154e-04   6.71145e-04   4.63114e-06   7.74346e+00
  14  alpha_vw     0.00000e+00     fixed    
  15  w_vw         1.29000e+01   constant   
  16  beta_vw      0.00000e+00     fixed    
  17  LM          -7.01586e-04   constant   
  18  zeta_y       0.00000e+00   constant   
  19  zeta_vw      0.00000e+00   constant   
  20  T_CBO        2.41431e+01   6.39561e+00  -1.34195e-03  -1.24915e+01
  21  alpha_A0     9.56917e+02   2.88027e+03   9.26720e+01  -6.63595e-05
  22  beta_A0     -4.58059e+02   1.42152e+03  -4.57359e+01   4.23247e-05
  23  alpha_phi    1.41637e+03   4.29128e+03   1.38067e+02  -6.42636e-05
  24  beta_phi    -2.97531e+01   1.11783e+02  -3.59751e+00  -2.44257e-05
 EXTERNAL ERROR MATRIX.    NDIM=  25    NPAR= 11    ERR DEF=1
  2.055e+06 
  1.251e-01  3.816e-07 
 -2.658e-01  1.238e-07  3.383e-06 
 -6.818e-02 -7.281e-08 -2.436e-07  4.867e-07 
 -6.725e-04  1.239e-08  7.900e-08 -4.296e-09  4.668e-07 
 -1.559e-02  1.012e-08  3.226e-08 -5.273e-09  1.370e-09  4.504e-07 
 -2.249e+02 -9.351e-05 -1.533e-04  1.052e-04 -4.928e-05 -8.777e-05  4.093e+01 
 -2.342e+04  6.878e-02  1.989e-01 -5.473e-02  8.012e-02  7.269e-02 -1.835e+04  8.296e+06 
  1.113e+04 -3.416e-02 -9.879e-02  2.720e-02 -3.985e-02 -3.605e-02  9.056e+03 -4.094e+06  2.021e+06 
 -3.466e+04  1.024e-01  2.965e-01 -8.121e-02  1.196e-01  1.084e-01 -2.734e+04  1.236e+07 -6.100e+06  1.842e+07 
  9.225e+02 -2.935e-03 -8.230e-03  2.275e-03 -3.277e-03 -2.910e-03  7.117e+02 -3.219e+05  1.589e+05 -4.796e+05  1.250e+04 
ERR MATRIX APPROXIMATE
 PARAMETER  CORRELATION COEFFICIENTS  
       NO.  GLOBAL      1      3      4      6     10     13     20     21     22     23     24
        1  0.45720   1.000  0.141 -0.101 -0.068 -0.001 -0.016 -0.025 -0.006  0.005 -0.006  0.006
        3  0.35619   0.141  1.000  0.109 -0.169  0.029  0.024 -0.024  0.039 -0.039  0.039 -0.042
        4  0.33190  -0.101  0.109  1.000 -0.190  0.063  0.026 -0.013  0.038 -0.038  0.038 -0.040
        6  0.33710  -0.068 -0.169 -0.190  1.000 -0.009 -0.011  0.024 -0.027  0.027 -0.027  0.029
       10  0.35441  -0.001  0.029  0.063 -0.009  1.000  0.003 -0.011  0.041 -0.041  0.041 -0.043
       13  0.21201  -0.016  0.024  0.026 -0.011  0.003  1.000 -0.020  0.038 -0.038  0.038 -0.039
       20  0.99751  -0.025 -0.024 -0.013  0.024 -0.011 -0.020  1.000 -0.996  0.996 -0.996  0.995
       21  1.00000  -0.006  0.039  0.038 -0.027  0.041  0.038 -0.996  1.000 -1.000  1.000 -1.000
       22  1.00000   0.005 -0.039 -0.038  0.027 -0.041 -0.038  0.996 -1.000  1.000 -1.000  1.000
       23  1.00000  -0.006  0.039  0.038 -0.027  0.041  0.038 -0.996  1.000 -1.000  1.000 -1.000
       24  0.99990   0.006 -0.042 -0.040  0.029 -0.043 -0.039  0.995 -1.000  1.000 -1.000  1.000
 ERR MATRIX APPROXIMATE
MINUIT - FIT ONLY 2-CBO
 **********
 **   25 **RES 
 **********
                   PARAMETER   16  beta_vw RESTORED TO VARIABLE.
                   PARAMETER   14  alpha_vw RESTORED TO VARIABLE.
                   PARAMETER   11  alpha_y RESTORED TO VARIABLE.
                   PARAMETER    9  alpha_2CBO RESTORED TO VARIABLE.
                   PARAMETER    8  beta_CBO RESTORED TO VARIABLE.
 **********
 **   26 **FIX            0
 **********
 PARAMETER    0  IS UNDEFINED. IGNORED.
 **********
 **   27 **FIX            1
 **********
 **********
 **   28 **FIX            2
 **********
 PARAMETER    2  IS CONSTANT.   IGNORED.
 **********
 **   29 **FIX            3
 **********
 **********
 **   30 **FIX            4
 **********
 **********
 **   31 **FIX            5
 **********
 PARAMETER    5  IS CONSTANT.   IGNORED.
 **********
 **   32 **FIX            6
 **********
 **********
 **   33 **FIX            7
 **********
 PARAMETER    7  IS CONSTANT.   IGNORED.
 **********
 **   34 **FIX           10
 **********
 **********
 **   35 **FIX           11
 **********
 **********
 **   36 **FIX           12
 **********
 PARAMETER   12  IS CONSTANT.   IGNORED.
 **********
 **   37 **FIX           13
 **********
 **********
 **   38 **FIX           14
 **********
 **********
 **   39 **FIX           15
 **********
 PARAMETER   15  IS CONSTANT.   IGNORED.
 **********
 **   40 **FIX           16
 **********
 **********
 **   41 **MIGRAD
 **********
 START MIGRAD MINIMIZATION.  STRATEGY  1.  CONVERGENCE WHEN EDM .LT. 1.00e-04
 FCN=79.4029 FROM MIGRAD    STATUS=INITIATE       16 CALLS        3255 TOTAL
                     EDM= unknown      STRATEGY= 1      NO ERROR MATRIX       
  EXT PARAMETER               CURRENT GUESS       STEP         FIRST   
  NO.   NAME      VALUE            ERROR          SIZE      DERIVATIVE 
   1  N0           3.03121e+06     fixed    
   2  tau          6.43884e+01   constant   
   3  A0           3.50474e-01     fixed    
   4  phi          4.11614e+00     fixed    
   5  R           -6.17521e+01   constant   
   6  alpha_CBO    7.03741e-04     fixed    
   7  w_CBO        2.32500e+00   constant   
   8  beta_CBO     0.00000e+00   1.00000e-03   1.00000e-03   1.56090e+04
   9  alpha_2CBO   0.00000e+00   1.00000e-03   1.00000e-03   2.05548e+03
  10  beta_2CBO   -9.10243e-05     fixed    
  11  alpha_y      0.00000e+00     fixed    
  12  w_y          1.44500e+01   constant   
  13  beta_y       7.12154e-04     fixed    
  14  alpha_vw     0.00000e+00     fixed    
  15  w_vw         1.29000e+01   constant   
  16  beta_vw      0.00000e+00     fixed    
  17  LM          -7.01586e-04   constant   
  18  zeta_y       0.00000e+00   constant   
  19  zeta_vw      0.00000e+00   constant   
  20  T_CBO        2.41431e+01   6.39561e+00  -1.34195e-03  -1.24915e+01
  21  alpha_A0     9.56917e+02   2.88027e+03   9.26720e+01  -6.63595e-05
  22  beta_A0     -4.58059e+02   1.42152e+03  -4.57359e+01   4.23247e-05
  23  alpha_phi    1.41637e+03   4.29128e+03   1.38067e+02  -6.42636e-05
  24  beta_phi    -2.97531e+01   1.11783e+02  -3.59751e+00  -2.44257e-05
 MIGRAD MINIMIZATION HAS CONVERGED.
 MIGRAD WILL VERIFY CONVERGENCE AND ERROR MATRIX.
 FCN=50.1816 FROM HESSE     STATUS=NOT POSDEF     50 CALLS        3384 TOTAL
                     EDM=0.00145757    STRATEGY= 1      ERR MATRIX NOT POS-DEF
  EXT PARAMETER                APPROXIMATE        STEP         FIRST   
  NO.   NAME      VALUE            ERROR          SIZE      DERIVATIVE 
   1  N0           3.03121e+06     fixed    
   2  tau          6.43884e+01   constant   
   3  A0           3.50474e-01     fixed    
   4  phi          4.11614e+00     fixed    
   5  R           -6.17521e+01   constant   
   6  alpha_CBO    7.03741e-04     fixed    
   7  w_CBO        2.32500e+00   constant   
   8  beta_CBO    -3.67786e-03   6.84170e-04   2.35297e-06   4.48280e-01
   9  alpha_2CBO  -5.17977e-04   6.81006e-04   2.33009e-06   2.86829e-01
  10  beta_2CBO   -9.10243e-05     fixed    
  11  alpha_y      0.00000e+00     fixed    
  12  w_y          1.44500e+01   constant   
  13  beta_y       7.12154e-04     fixed    
  14  alpha_vw     0.00000e+00     fixed    
  15  w_vw         1.29000e+01   constant   
  16  beta_vw      0.00000e+00     fixed    
  17  LM          -7.01586e-04   constant   
  18  zeta_y       0.00000e+00   constant   
  19  zeta_vw      0.00000e+00   constant   
  20  T_CBO        2.40783e+01   1.40581e+01   2.04471e-05   5.45381e-01
  21  alpha_A0     9.05422e+02   6.87541e+03   3.25975e+00  -2.15139e-06
  22  beta_A0     -8.18762e+00   1.00125e+03   3.38176e+00   2.96546e-08
  23  alpha_phi    1.48397e+03   1.11682e+04   3.16331e+00  -9.29376e-07
  24  beta_phi    -6.85829e+02   5.21152e+03   3.23089e+00   2.42719e-07
 CALL LIMIT EXCEEDED IN MIGRAD.
 MIGRAD TERMINATED WITHOUT CONVERGENCE.
 FCN=50.1406 FROM MIGRAD    STATUS=CALL LIMIT   1154 CALLS        4393 TOTAL
                     EDM=0.000199829    STRATEGY= 1      ERR MATRIX NOT POS-DEF
  EXT PARAMETER                APPROXIMATE        STEP         FIRST   
  NO.   NAME      VALUE            ERROR          SIZE      DERIVATIVE 
   1  N0           3.03121e+06     fixed    
   2  tau          6.43884e+01   constant   
   3  A0           3.50474e-01     fixed    
   4  phi          4.11614e+00     fixed    
   5  R           -6.17521e+01   constant   
   6  alpha_CBO    7.03741e-04     fixed    
   7  w_CBO        2.32500e+00   constant   
   8  beta_CBO    -3.67881e-03   6.77289e-04  -2.44434e-07  -3.56684e+00
   9  alpha_2CBO  -5.20380e-04   6.59575e-04  -2.76963e-07  -1.09105e+01
  10  beta_2CBO   -9.10243e-05     fixed    
  11  alpha_y      0.00000e+00     fixed    
  12  w_y          1.44500e+01   constant   
  13  beta_y       7.12154e-04     fixed    
  14  alpha_vw     0.00000e+00     fixed    
  15  w_vw         1.29000e+01   constant   
  16  beta_vw      0.00000e+00     fixed    
  17  LM          -7.01586e-04   constant   
  18  zeta_y       0.00000e+00   constant   
  19  zeta_vw      0.00000e+00   constant   
  20  T_CBO        1.78411e+01   4.78081e+00   1.30503e-05   2.67863e-01
  21  alpha_A0     7.98885e+04   3.36437e+05   2.44952e+02  -4.33806e-07
  22  beta_A0     -2.12084e+03   1.31246e+04   1.57432e+00   3.36356e-07
  23  alpha_phi    1.32712e+05   6.37824e+05   4.45804e+02   2.17934e-07
  24  beta_phi    -6.15689e+04   2.78968e+05  -1.98292e+02  -6.67760e-09
 EXTERNAL ERROR MATRIX.    NDIM=  25    NPAR=  7    ERR DEF=1
  4.587e-07  1.008e-08  3.069e-04 -2.254e+01 -6.130e-01 -4.238e+01  1.872e+01 
  1.008e-08  4.350e-07  3.557e-04 -2.854e+01  1.317e-01 -5.037e+01  2.262e+01 
  3.069e-04  3.557e-04  2.287e+01 -1.598e+06 -4.663e+04 -3.034e+06  1.327e+06 
 -2.254e+01 -2.854e+01 -1.598e+06  1.132e+11  3.148e+09  2.142e+11 -9.380e+10 
 -6.130e-01  1.317e-01 -4.663e+04  3.148e+09  1.723e+08  6.295e+09 -2.693e+09 
 -4.238e+01 -5.037e+01 -3.034e+06  2.142e+11  6.295e+09  4.068e+11 -1.779e+11 
  1.872e+01  2.262e+01  1.327e+06 -9.380e+10 -2.693e+09 -1.779e+11  7.782e+10 
ERR MATRIX NOT POS-DEF
 PARAMETER  CORRELATION COEFFICIENTS  
       NO.  GLOBAL      8      9     20     21     22     23     24
        8  0.20923   1.000  0.023  0.095 -0.099 -0.069 -0.098  0.099
        9  0.27117   0.023  1.000  0.113 -0.129  0.015 -0.120  0.123
       20  0.99474   0.095  0.113  1.000 -0.993 -0.743 -0.995  0.995
       21  0.99998  -0.099 -0.129 -0.993  1.000  0.713  0.998 -0.999
       22  0.99671  -0.069  0.015 -0.743  0.713  1.000  0.752 -0.736
       23  0.99999  -0.098 -0.120 -0.995  0.998  0.752  1.000 -1.000
       24  0.99999   0.099  0.123  0.995 -0.999 -0.736 -1.000  1.000
 ERR MATRIX NOT POS-DEF
MINUIT - FIT wiggle + 1-CBO + 2-CBO
 **********
 **   42 **RES 
 **********
                   PARAMETER   16  beta_vw RESTORED TO VARIABLE.
                   PARAMETER   14  alpha_vw RESTORED TO VARIABLE.
                   PARAMETER   13  beta_y RESTORED TO VARIABLE.
                   PARAMETER   11  alpha_y RESTORED TO VARIABLE.
                   PARAMETER   10  beta_2CBO RESTORED TO VARIABLE.
                   PARAMETER    6  alpha_CBO RESTORED TO VARIABLE.
                   PARAMETER    4  phi RESTORED TO VARIABLE.
                   PARAMETER    3  A0 RESTORED TO VARIABLE.
                   PARAMETER    1  N0 RESTORED TO VARIABLE.
 **********
 **   43 **FIX           10
 **********
 **********
 **   44 **FIX           11
 **********
 **********
 **   45 **FIX           12
 **********
 PARAMETER   12  IS CONSTANT.   IGNORED.
 **********
 **   46 **FIX           13
 **********
 **********
 **   47 **FIX           14
 **********
 **********
 **   48 **FIX           15
 **********
 PARAMETER   15  IS CONSTANT.   IGNORED.
 **********
 **   49 **FIX           16
 **********
 **********
 **   50 **MIGRAD
 **********
 START MIGRAD MINIMIZATION.  STRATEGY  1.  CONVERGENCE WHEN EDM .LT. 1.00e-04
 FCN=50.1406 FROM MIGRAD    STATUS=INITIATE       22 CALLS        4415 TOTAL
                     EDM= unknown      STRATEGY= 1      NO ERROR MATRIX       
  EXT PARAMETER               CURRENT GUESS       STEP         FIRST   
  NO.   NAME      VALUE            ERROR          SIZE      DERIVATIVE 
   1  N0           3.03121e+06   1.43347e+03   1.43347e+03  -1.04934e-04
   2  tau          6.43884e+01   constant   
   3  A0           3.50474e-01   6.17742e-04   6.17742e-04   2.74439e+03
   4  phi          4.11614e+00   1.83940e-03   1.83940e-03  -6.13511e+02
   5  R           -6.17521e+01   constant   
   6  alpha_CBO    7.03741e-04   6.97672e-04   6.97672e-04   3.31345e+02
   7  w_CBO        2.32500e+00   constant   
   8  beta_CBO    -3.67881e-03   6.77289e-04  -2.44434e-07  -3.56684e+00
   9  alpha_2CBO  -5.20380e-04   6.59575e-04  -2.76963e-07  -1.09105e+01
  10  beta_2CBO   -9.10243e-05     fixed    
  11  alpha_y      0.00000e+00     fixed    
  12  w_y          1.44500e+01   constant   
  13  beta_y       7.12154e-04     fixed    
  14  alpha_vw     0.00000e+00     fixed    
  15  w_vw         1.29000e+01   constant   
  16  beta_vw      0.00000e+00     fixed    
  17  LM          -7.01586e-04   constant   
  18  zeta_y       0.00000e+00   constant   
  19  zeta_vw      0.00000e+00   constant   
  20  T_CBO        1.78411e+01   4.78081e+00   1.30503e-05   2.67845e-01
  21  alpha_A0     7.98885e+04   3.36437e+05   2.44952e+02  -4.33806e-07
  22  beta_A0     -2.12084e+03   1.31246e+04   1.57432e+00   3.36356e-07
  23  alpha_phi    1.32712e+05   6.37824e+05   4.45804e+02   2.17934e-07
  24  beta_phi    -6.15689e+04   2.78968e+05  -1.98292e+02  -6.67759e-09
 MIGRAD MINIMIZATION HAS CONVERGED.
 MIGRAD WILL VERIFY CONVERGENCE AND ERROR MATRIX.
 FCN=49.1271 FROM HESSE     STATUS=NOT POSDEF    100 CALLS        4633 TOTAL
                     EDM=0.000208774    STRATEGY= 1      ERR MATRIX NOT POS-DEF
  EXT PARAMETER                APPROXIMATE        STEP         FIRST   
  NO.   NAME      VALUE            ERROR          SIZE      DERIVATIVE 
   1  N0           3.03103e+06   1.51881e+03   4.78267e+00  -2.18377e-06
   2  tau          6.43884e+01   constant   
   3  A0           3.49951e-01   6.46633e-04   2.07253e-06  -1.99015e-01
   4  phi          4.11712e+00   1.88299e-03   6.25456e-06   3.30876e-01
   5  R           -6.17521e+01   constant   
   6  alpha_CBO    6.59330e-04   6.99340e-04   2.26828e-06   1.33929e+00
   7  w_CBO        2.32500e+00   constant   
   8  beta_CBO    -3.80216e-03   6.96329e-04   2.32854e-06   1.48762e+00
   9  alpha_2CBO  -5.54690e-04   6.83136e-04   2.30585e-06   2.76939e+00
  10  beta_2CBO   -9.10243e-05     fixed    
  11  alpha_y      0.00000e+00     fixed    
  12  w_y          1.44500e+01   constant   
  13  beta_y       7.12154e-04     fixed    
  14  alpha_vw     0.00000e+00     fixed    
  15  w_vw         1.29000e+01   constant   
  16  beta_vw      0.00000e+00     fixed    
  17  LM          -7.01586e-04   constant   
  18  zeta_y       0.00000e+00   constant   
  19  zeta_vw      0.00000e+00   constant   
  20  T_CBO        1.78413e+01   7.39385e+00   1.27636e-05   1.53838e-01
  21  alpha_A0     7.77675e+04   5.63652e+05   1.99770e+01   7.19785e-09
  22  beta_A0      6.66754e+03   1.00589e+05   1.99815e+01   5.11056e-10
  23  alpha_phi    1.40187e+05   1.00939e+06   1.99759e+01  -2.79873e-08
  24  beta_phi    -5.00606e+04   3.70080e+05   1.99765e+01  -1.17689e-08
 CALL LIMIT EXCEEDED IN MIGRAD.
 MIGRAD TERMINATED WITHOUT CONVERGENCE.
 FCN=49.1169 FROM MIGRAD    STATUS=CALL LIMIT   1907 CALLS        6300 TOTAL
                     EDM=0.000211406    STRATEGY= 1      ERR MATRIX NOT POS-DEF
  EXT PARAMETER                APPROXIMATE        STEP         FIRST   
  NO.   NAME      VALUE            ERROR          SIZE      DERIVATIVE 
   1  N0           3.03103e+06   1.53450e+03   8.96778e-01  -1.04048e-06
   2  tau          6.43884e+01   constant   
   3  A0           3.49960e-01   6.65442e-04  -1.98083e-06  -8.38306e+00
   4  phi          4.11715e+00   1.88774e-03  -1.66516e-06   4.96905e-01
   5  R           -6.17521e+01   constant   
   6  alpha_CBO    6.57461e-04   7.12463e-04   1.37110e-06   5.27617e+00
   7  w_CBO        2.32500e+00   constant   
   8  beta_CBO    -3.79838e-03   7.06374e-04   2.73946e-06   9.17570e+00
   9  alpha_2CBO  -5.56831e-04   6.88701e-04  -2.25657e-06  -9.09353e+00
  10  beta_2CBO   -9.10243e-05     fixed    
  11  alpha_y      0.00000e+00     fixed    
  12  w_y          1.44500e+01   constant   
  13  beta_y       7.12154e-04     fixed    
  14  alpha_vw     0.00000e+00     fixed    
  15  w_vw         1.29000e+01   constant   
  16  beta_vw      0.00000e+00     fixed    
  17  LM          -7.01586e-04   constant   
  18  zeta_y       0.00000e+00   constant   
  19  zeta_vw      0.00000e+00   constant   
  20  T_CBO        1.50513e+01   6.07945e+00  -5.26553e-04  -4.66812e+00
  21  alpha_A0     1.91557e+06   1.50100e+07   1.56734e+05  -1.69483e-09
  22  beta_A0      1.27277e+05   8.91585e+05   9.23606e+03  -6.66393e-10
  23  alpha_phi    3.47468e+06   2.70325e+07   2.87119e+05  -9.28505e-09
  24  beta_phi    -1.24541e+06   9.97330e+06  -1.02257e+05  -4.08921e-09
 EXTERNAL ERROR MATRIX.    NDIM=  25    NPAR= 11    ERR DEF=1
  2.355e+06 
  1.025e-01  4.428e-07 
 -4.323e-01  1.171e-07  3.564e-06 
 -3.395e-02 -1.066e-07 -2.587e-07  5.076e-07 
  2.926e-02  4.346e-08 -1.330e-07  2.817e-08  4.990e-07 
 -2.928e-02  4.572e-08  1.216e-08 -3.072e-08 -2.171e-10  4.743e-07 
  4.109e+01 -2.162e-04 -4.295e-04  1.135e-04 -8.652e-05 -2.263e-05  3.699e+01 
 -5.354e+08  5.229e+02  1.220e+03 -2.410e+02  2.946e+02 -6.432e+01 -9.099e+07  2.253e+14 
 -4.535e+07  2.399e+01  7.557e+01 -1.020e+01  9.763e+00  9.051e-01 -5.375e+06  1.331e+13  7.949e+11 
 -4.631e+08  3.964e+02  1.713e+03  4.132e+01  8.858e+02 -4.691e+02 -1.636e+08  4.042e+14  2.387e+13  7.308e+14 
  4.786e+08 -4.954e+02 -9.463e+02  2.770e+02 -9.035e+01 -6.449e+01  6.025e+07 -1.494e+14 -8.831e+12 -2.666e+14  9.947e+13 
ERR MATRIX NOT POS-DEF
 PARAMETER  CORRELATION COEFFICIENTS  
       NO.  GLOBAL      1      3      4      6      8      9     20     21     22     23     24
        1  0.32204   1.000  0.100 -0.149 -0.031  0.027 -0.028  0.004 -0.023 -0.033 -0.011  0.031
        3  0.47611   0.100  1.000  0.093 -0.225  0.092  0.100 -0.053  0.052  0.040  0.022 -0.075
        4  0.28668  -0.149  0.093  1.000 -0.192 -0.100  0.009 -0.037  0.043  0.045  0.034 -0.050
        6  0.39744  -0.031 -0.225 -0.192  1.000  0.056 -0.063  0.026 -0.023 -0.016  0.002  0.039
        8  0.40132   0.027  0.092 -0.100  0.056  1.000 -0.000 -0.020  0.028  0.016  0.046 -0.013
        9  0.37162  -0.028  0.100  0.009 -0.063 -0.000  1.000 -0.005 -0.006  0.001 -0.025 -0.009
       20  0.99756   0.004 -0.053 -0.037  0.026 -0.020 -0.005  1.000 -0.997 -0.991 -0.995  0.993
       21  0.99997  -0.023  0.052  0.043 -0.023  0.028 -0.006 -0.997  1.000  0.995  0.996 -0.998
       22  0.99504  -0.033  0.040  0.045 -0.016  0.016  0.001 -0.991  0.995  1.000  0.991 -0.993
       23  0.99984  -0.011  0.022  0.034  0.002  0.046 -0.025 -0.995  0.996  0.991  1.000 -0.989
       24  0.99992   0.031 -0.075 -0.050  0.039 -0.013 -0.009  0.993 -0.998 -0.993 -0.989  1.000
 ERR MATRIX NOT POS-DEF
MINUIT - FIT ONLY 1-y
 **********
 **   51 **RES 
 **********
                   PARAMETER   16  beta_vw RESTORED TO VARIABLE.
                   PARAMETER   14  alpha_vw RESTORED TO VARIABLE.
                   PARAMETER   13  beta_y RESTORED TO VARIABLE.
                   PARAMETER   11  alpha_y RESTORED TO VARIABLE.
                   PARAMETER   10  beta_2CBO RESTORED TO VARIABLE.
 **********
 **   52 **FIX            0
 **********
 PARAMETER    0  IS UNDEFINED. IGNORED.
 **********
 **   53 **FIX            1
 **********
 **********
 **   54 **FIX            2
 **********
 PARAMETER    2  IS CONSTANT.   IGNORED.
 **********
 **   55 **FIX            3
 **********
 **********
 **   56 **FIX            4
 **********
 **********
 **   57 **FIX            5
 **********
 PARAMETER    5  IS CONSTANT.   IGNORED.
 **********
 **   58 **FIX            6
 **********
 **********
 **   59 **FIX            7
 **********
 PARAMETER    7  IS CONSTANT.   IGNORED.
 **********
 **   60 **FIX            8
 **********
 **********
 **   61 **FIX            9
 **********
 **********
 **   62 **FIX           13
 **********
 **********
 **   63 **FIX           14
 **********
 **********
 **   64 **FIX           15
 **********
 PARAMETER   15  IS CONSTANT.   IGNORED.
 **********
 **   65 **FIX           16
 **********
 **********
 **   66 **MIGRAD
 **********
 START MIGRAD MINIMIZATION.  STRATEGY  1.  CONVERGENCE WHEN EDM .LT. 1.00e-04
 FCN=49.1169 FROM MIGRAD    STATUS=INITIATE       16 CALLS        6316 TOTAL
                     EDM= unknown      STRATEGY= 1      NO ERROR MATRIX       
  EXT PARAMETER               CURRENT GUESS       STEP         FIRST   
  NO.   NAME      VALUE            ERROR          SIZE      DERIVATIVE 
   1  N0           3.03103e+06     fixed    
   2  tau          6.43884e+01   constant   
   3  A0           3.49960e-01     fixed    
   4  phi          4.11715e+00     fixed    
   5  R           -6.17521e+01   constant   
   6  alpha_CBO    6.57461e-04     fixed    
   7  w_CBO        2.32500e+00   constant   
   8  beta_CBO    -3.79838e-03     fixed    
   9  alpha_2CBO  -5.56831e-04     fixed    
  10  beta_2CBO   -9.10243e-05   6.83251e-04   6.83251e-04  -1.09512e+03
  11  alpha_y      0.00000e+00   1.00000e-03   1.00000e-03  -4.87395e+03
  12  w_y          1.44500e+01   constant   
  13  beta_y       7.12154e-04     fixed    
  14  alpha_vw     0.00000e+00     fixed    
  15  w_vw         1.29000e+01   constant   
  16  beta_vw      0.00000e+00     fixed    
  17  LM          -7.01586e-04   constant   
  18  zeta_y       0.00000e+00   constant   
  19  zeta_vw      0.00000e+00   constant   
  20  T_CBO        1.50513e+01   6.07945e+00  -5.26553e-04  -4.66814e+00
  21  alpha_A0     1.91557e+06   1.50100e+07   1.56734e+05  -1.69368e-09
  22  beta_A0      1.27277e+05   8.91585e+05   9.23606e+03  -6.65716e-10
  23  alpha_phi    3.47468e+06   2.70325e+07   2.87119e+05  -9.28505e-09
  24  beta_phi    -1.24541e+06   9.97330e+06  -1.02257e+05  -4.08921e-09
 MIGRAD MINIMIZATION HAS CONVERGED.
 MIGRAD WILL VERIFY CONVERGENCE AND ERROR MATRIX.
 COVARIANCE MATRIX CALCULATED SUCCESSFULLY
 FCN=46.3509 FROM HESSE     STATUS=OK             50 CALLS        6428 TOTAL
                     EDM=0.000138896    STRATEGY= 1      ERROR MATRIX ACCURATE 
  EXT PARAMETER                                   STEP         FIRST   
  NO.   NAME      VALUE            ERROR          SIZE      DERIVATIVE 
   1  N0           3.03103e+06     fixed    
   2  tau          6.43884e+01   constant   
   3  A0           3.49960e-01     fixed    
   4  phi          4.11715e+00     fixed    
   5  R           -6.17521e+01   constant   
   6  alpha_CBO    6.57461e-04     fixed    
   7  w_CBO        2.32500e+00   constant   
   8  beta_CBO    -3.79838e-03     fixed    
   9  alpha_2CBO  -5.56831e-04     fixed    
  10  beta_2CBO    1.71069e-04   6.90226e-04   2.22560e-06   1.37184e+00
  11  alpha_y      1.07605e-03   6.63904e-04   2.23029e-06   2.41221e-01
  12  w_y          1.44500e+01   constant   
  13  beta_y       7.12154e-04     fixed    
  14  alpha_vw     0.00000e+00     fixed    
  15  w_vw         1.29000e+01   constant   
  16  beta_vw      0.00000e+00     fixed    
  17  LM          -7.01586e-04   constant   
  18  zeta_y       0.00000e+00   constant   
  19  zeta_vw      0.00000e+00   constant   
  20  T_CBO        1.50613e+01   5.65329e+00   9.35253e-06   2.93184e-01
  21  alpha_A0     1.87877e+06   1.38713e+07   1.94629e+01  -8.44320e-11
  22  beta_A0     -1.44049e+04   3.14696e+06   1.94629e+01   2.09023e-10
  23  alpha_phi    3.57444e+06   2.78710e+07   1.94629e+01  -8.26677e-11
  24  beta_phi    -1.26644e+06   9.61978e+06   1.94629e+01   7.22262e-10
 CALL LIMIT EXCEEDED IN MIGRAD.
 MIGRAD TERMINATED WITHOUT CONVERGENCE.
 FCN=46.3449 FROM MIGRAD    STATUS=CALL LIMIT   1156 CALLS        7456 TOTAL
                     EDM=3.53433e-05    STRATEGY= 1  ERROR MATRIX UNCERTAINTY  32.4 per cent
  EXT PARAMETER                APPROXIMATE        STEP         FIRST   
  NO.   NAME      VALUE            ERROR          SIZE      DERIVATIVE 
   1  N0           3.03103e+06     fixed    
   2  tau          6.43884e+01   constant   
   3  A0           3.49960e-01     fixed    
   4  phi          4.11715e+00     fixed    
   5  R           -6.17521e+01   constant   
   6  alpha_CBO    6.57461e-04     fixed    
   7  w_CBO        2.32500e+00   constant   
   8  beta_CBO    -3.79838e-03     fixed    
   9  alpha_2CBO  -5.56831e-04     fixed    
  10  beta_2CBO    1.73393e-04   6.78472e-04   2.08631e-07  -2.91660e+00
  11  alpha_y      1.07498e-03   6.63700e-04   1.73634e-07  -2.81141e+00
  12  w_y          1.44500e+01   constant   
  13  beta_y       7.12154e-04     fixed    
  14  alpha_vw     0.00000e+00     fixed    
  15  w_vw         1.29000e+01   constant   
  16  beta_vw      0.00000e+00     fixed    
  17  LM          -7.01586e-04   constant   
  18  zeta_y       0.00000e+00   constant   
  19  zeta_vw      0.00000e+00   constant   
  20  T_CBO        1.34722e+01   3.05039e+00   4.72225e-05  -2.08178e+00
  21  alpha_A0     2.10190e+07   1.15359e+08  -1.17452e+05   8.14485e-11
  22  beta_A0     -4.97995e+05   2.09861e+07  -2.29421e+04  -1.59312e-10
  23  alpha_phi    4.01880e+07   1.98918e+08  -2.97326e+05  -2.69570e-10
  24  beta_phi    -1.41067e+07   6.68909e+07   1.03744e+05   2.41803e-10
 EXTERNAL ERROR MATRIX.    NDIM=  25    NPAR=  7    ERR DEF=1
  4.603e-07 -1.166e-09  1.212e-04 -4.476e+03 -1.970e+03 -7.193e+03  1.267e+03 
 -1.166e-09  4.405e-07  6.245e-05 -2.236e+03  1.754e+02 -4.098e+03  1.450e+03 
  1.212e-04  6.245e-05  9.307e+00 -3.470e+08  2.235e+07 -6.053e+08  2.020e+08 
 -4.476e+03 -2.236e+03 -3.470e+08  1.331e+16 -9.229e+14  2.273e+16 -7.524e+15 
 -1.970e+03  1.754e+02  2.235e+07 -9.229e+14  4.404e+14 -1.428e+15  6.271e+14 
 -7.193e+03 -4.098e+03 -6.053e+08  2.273e+16 -1.428e+15  3.957e+16 -1.316e+16 
  1.267e+03  1.450e+03  2.020e+08 -7.524e+15  6.271e+14 -1.316e+16  4.474e+15 
ERR MATRIX APPROXIMATE
 PARAMETER  CORRELATION COEFFICIENTS  
       NO.  GLOBAL     10     11     20     21     22     23     24
       10  0.23408   1.000 -0.003  0.059 -0.057 -0.138 -0.053  0.028
       11  0.03918  -0.003  1.000  0.031 -0.029  0.013 -0.031  0.033
       20  0.99781   0.059  0.031  1.000 -0.986  0.349 -0.997  0.990
       21  0.99841  -0.057 -0.029 -0.986  1.000 -0.381  0.991 -0.975
       22  0.96980  -0.138  0.013  0.349 -0.381  1.000 -0.342  0.447
       23  0.99970  -0.053 -0.031 -0.997  0.991 -0.342  1.000 -0.989
       24  0.99927   0.028  0.033  0.990 -0.975  0.447 -0.989  1.000
 ERR MATRIX APPROXIMATE
MINUIT - FIT ONLY 2-y
 **********
 **   67 **RES 
 **********
                   PARAMETER   16  beta_vw RESTORED TO VARIABLE.
                   PARAMETER   14  alpha_vw RESTORED TO VARIABLE.
                   PARAMETER   13  beta_y RESTORED TO VARIABLE.
                   PARAMETER    9  alpha_2CBO RESTORED TO VARIABLE.
                   PARAMETER    8  beta_CBO RESTORED TO VARIABLE.
                   PARAMETER    6  alpha_CBO RESTORED TO VARIABLE.
                   PARAMETER    4  phi RESTORED TO VARIABLE.
                   PARAMETER    3  A0 RESTORED TO VARIABLE.
                   PARAMETER    1  N0 RESTORED TO VARIABLE.
 **********
 **   68 **FIX            0
 **********
 PARAMETER    0  IS UNDEFINED. IGNORED.
 **********
 **   69 **FIX            1
 **********
 **********
 **   70 **FIX            2
 **********
 PARAMETER    2  IS CONSTANT.   IGNORED.
 **********
 **   71 **FIX            3
 **********
 **********
 **   72 **FIX            4
 **********
