 + ++++++++++++++++++++++++++++++++++++++++++++++++++++++++++++++++++++ +
 +                                                                      +
 +           You have chose to blind your fitting according to          +
 +                omega_ref * (1 + (R +/- deltaR) *10^{-6})             +
 +                                                                      +
 + ++++++++++++++++++++++++++++++++++++++++++++++++++++++++++++++++++++ +
In main()...
reading format from /gm2data/zkhechad/run45/envelope/formats/formatB_sBin_constraintOn.txt
pBinTau 	= 0  
pBinPhi 	= 0  
constraintau 	= 1 
includeMopTerm 	= 0    
constrainMop    = 0   
Parameters after format file: pBinTau 0 pBinPhi 0 constraintau 1 includeMopTerm 0 constrainMop 0 c_e_scale 0.000000 
Opening file /gm2data/tbarrett/gm2fr/studies/run23_bunch_corrections/CorrectedFourier_Run3b.root.
reading full fit data from /gm2data/zkhechad/cboTemplates/Run4CBOTemplates/templateFits0_v2.0/noRF/sBin_constraintOn_cE0.0_seed0_noRF_calo21.root
windowBins = 17
fitting sliding window 234 from bin 370 at 55.054800 to bin 387 at 57.740400 (17 bins)

Reading data from /gm2data/cornell/histograms/aMethod/histogram_a_noRF.root
 **********
 **    1 **SET PRINTOUT            1
 **********
 **********
 **    2 **SET NOWARNINGS 
 **********
 PARAMETER DEFINITIONS:
    NO.   NAME         VALUE      STEP SIZE      LIMITS
     1 N0           2.83546e+06  1.00000e+02     no limits
     2 tau          6.43976e+01  constant
     3 A0           3.54104e-01  1.00000e-04     no limits
     4 phi          4.11635e+00  1.00000e-02     no limits
     5 R           -5.94693e+01  constant
     6 alpha_CBO    0.00000e+00  1.00000e-03     no limits
     7 w_CBO        2.32500e+00  constant
     8 beta_CBO     0.00000e+00  1.00000e-03     no limits
     9 alpha_2CBO   0.00000e+00  1.00000e-03     no limits
    10 beta_2CBO    0.00000e+00  1.00000e-03     no limits
    11 alpha_y      0.00000e+00  1.00000e-03     no limits
    12 w_y          1.44500e+01  constant
    13 beta_y       0.00000e+00  1.00000e-03     no limits
    14 alpha_vw     0.00000e+00  1.00000e-03     no limits
    15 w_vw         1.29000e+01  constant
    16 beta_vw      0.00000e+00  1.00000e-03     no limits
    17 LM          -2.20020e-04  constant
    18 zeta_y       0.00000e+00  constant
    19 zeta_vw      0.00000e+00  constant
    20 T_CBO        1.00000e+02  1.00000e+00    0.00000e+00  1.00000e+03
    21 alpha_A0     0.00000e+00  1.00000e-03     no limits
    22 beta_A0      0.00000e+00  1.00000e-03     no limits
    23 alpha_phi    0.00000e+00  1.00000e-03     no limits
    24 beta_phi     0.00000e+00  1.00000e-03     no limits
MINUIT - FIT ONLY WIGGLE
 **********
 **    3 **FIX            5
 **********
 PARAMETER    5  IS CONSTANT.   IGNORED.
 **********
 **    4 **FIX            6
 **********
 **********
 **    5 **FIX            7
 **********
 PARAMETER    7  IS CONSTANT.   IGNORED.
 **********
 **    6 **FIX            8
 **********
 **********
 **    7 **FIX            9
 **********
 **********
 **    8 **FIX           10
 **********
 **********
 **    9 **FIX           11
 **********
 **********
 **   10 **FIX           12
 **********
 PARAMETER   12  IS CONSTANT.   IGNORED.
 **********
 **   11 **FIX           13
 **********
 **********
 **   12 **FIX           14
 **********
 **********
 **   13 **FIX           15
 **********
 PARAMETER   15  IS CONSTANT.   IGNORED.
 **********
 **   14 **FIX           16
 **********
 **********
 **   15 **MIGRAD
 **********
 FIRST CALL TO USER FUNCTION AT NEW START POINT, WITH IFLAG=4.
 START MIGRAD MINIMIZATION.  STRATEGY  1.  CONVERGENCE WHEN EDM .LT. 1.00e-04
 FCN=2332.68 FROM MIGRAD    STATUS=INITIATE      429 CALLS         430 TOTAL
                     EDM= unknown      STRATEGY= 1      NO ERROR MATRIX       
  EXT PARAMETER               CURRENT GUESS       STEP         FIRST   
  NO.   NAME      VALUE            ERROR          SIZE      DERIVATIVE 
   1  N0           2.83546e+06   1.00000e+02   0.00000e+00  -3.78066e-02
   2  tau          6.43976e+01   constant   
   3  A0           3.54104e-01   1.00000e-04   0.00000e+00  -3.04546e+05
   4  phi          4.11635e+00   1.00000e-02   0.00000e+00   7.30251e+04
   5  R           -5.94693e+01   constant   
   6  alpha_CBO    0.00000e+00     fixed    
   7  w_CBO        2.32500e+00   constant   
   8  beta_CBO     0.00000e+00     fixed    
   9  alpha_2CBO   0.00000e+00     fixed    
  10  beta_2CBO    0.00000e+00     fixed    
  11  alpha_y      0.00000e+00     fixed    
  12  w_y          1.44500e+01   constant   
  13  beta_y       0.00000e+00     fixed    
  14  alpha_vw     0.00000e+00     fixed    
  15  w_vw         1.29000e+01   constant   
  16  beta_vw      0.00000e+00     fixed    
  17  LM          -2.20020e-04   constant   
  18  zeta_y       0.00000e+00   constant   
  19  zeta_vw      0.00000e+00   constant   
  20  T_CBO        1.00000e+02   1.00000e+00   0.00000e+00   0.00000e+00
  21  alpha_A0     0.00000e+00   1.00000e-03   0.00000e+00   4.98342e+04
  22  beta_A0      0.00000e+00   1.00000e-03   0.00000e+00  -1.14054e+04
  23  alpha_phi    0.00000e+00   1.00000e-03   0.00000e+00   2.17085e+04
  24  beta_phi     0.00000e+00   1.00000e-03   0.00000e+00   3.06901e+03
 CALL LIMIT EXCEEDED IN MIGRAD.
 MIGRAD TERMINATED WITHOUT CONVERGENCE.
 FCN=30.8975 FROM MIGRAD    STATUS=CALL LIMIT   1325 CALLS        1326 TOTAL
                     EDM=0.0550915    STRATEGY= 1  ERROR MATRIX UNCERTAINTY  26.3 per cent
  EXT PARAMETER                APPROXIMATE        STEP         FIRST   
  NO.   NAME      VALUE            ERROR          SIZE      DERIVATIVE 
   1  N0           2.85586e+06   9.42283e+02   2.57358e+02   1.71581e-04
   2  tau          6.43976e+01   constant   
   3  A0           3.64628e-01   8.96207e-04   1.96530e-04   2.09407e+03
   4  phi          4.09353e+00   1.25042e-03  -8.58170e-05   5.67171e+01
   5  R           -5.94693e+01   constant   
   6  alpha_CBO    0.00000e+00     fixed    
   7  w_CBO        2.32500e+00   constant   
   8  beta_CBO     0.00000e+00     fixed    
   9  alpha_2CBO   0.00000e+00     fixed    
  10  beta_2CBO    0.00000e+00     fixed    
  11  alpha_y      0.00000e+00     fixed    
  12  w_y          1.44500e+01   constant   
  13  beta_y       0.00000e+00     fixed    
  14  alpha_vw     0.00000e+00     fixed    
  15  w_vw         1.29000e+01   constant   
  16  beta_vw      0.00000e+00     fixed    
  17  LM          -2.20020e-04   constant   
  18  zeta_y       0.00000e+00   constant   
  19  zeta_vw      0.00000e+00   constant   
  20  T_CBO        1.99148e+01   1.29634e+00  -2.52712e-03  -3.24244e+02
  21  alpha_A0     2.22591e-01   7.50078e-02   2.00438e-02  -7.32020e+00
  22  beta_A0      4.40311e-01   1.12986e-01   2.99679e-02   2.80929e+01
  23  alpha_phi    2.16060e-01   6.51687e-02   1.74091e-02  -5.82406e+01
  24  beta_phi    -3.74123e-01   8.89945e-02  -2.37120e-02   3.94477e+01
 EXTERNAL ERROR MATRIX.    NDIM=  25    NPAR=  8    ERR DEF=1
  8.879e+05  4.496e-01 -5.139e-01 -8.641e+02  5.110e+01  7.530e+01  4.408e+01 -5.939e+01 
  4.496e-01  8.032e-07  4.802e-07 -7.792e-04  5.724e-05  8.800e-05  5.018e-05 -6.966e-05 
 -5.139e-01  4.802e-07  1.564e-06  9.273e-05  9.774e-06  1.982e-05  9.835e-06 -1.573e-05 
 -8.641e+02 -7.792e-04  9.273e-05  1.681e+00 -9.281e-02 -1.385e-01 -8.038e-02  1.089e-01 
  5.110e+01  5.724e-05  9.774e-06 -9.281e-02  5.626e-03  8.467e-03  4.885e-03 -6.665e-03 
  7.530e+01  8.800e-05  1.982e-05 -1.385e-01  8.467e-03  1.277e-02  7.357e-03 -1.005e-02 
  4.408e+01  5.018e-05  9.835e-06 -8.038e-02  4.885e-03  7.357e-03  4.247e-03 -5.797e-03 
 -5.939e+01 -6.966e-05 -1.573e-05  1.089e-01 -6.665e-03 -1.005e-02 -5.797e-03  7.920e-03 
ERR MATRIX APPROXIMATE
 PARAMETER  CORRELATION COEFFICIENTS  
       NO.  GLOBAL      1      3      4     20     21     22     23     24
        1  0.93860   1.000  0.532 -0.436 -0.707  0.723  0.707  0.718 -0.708
        3  0.99492   0.532  1.000  0.428 -0.671  0.851  0.869  0.859 -0.873
        4  0.94702  -0.436  0.428  1.000  0.057  0.104  0.140  0.121 -0.141
       20  0.99605  -0.707 -0.671  0.057  1.000 -0.954 -0.945 -0.951  0.944
       21  0.99990   0.723  0.851  0.104 -0.954  1.000  0.999  0.999 -0.998
       22  0.99991   0.707  0.869  0.140 -0.945  0.999  1.000  0.999 -1.000
       23  0.99991   0.718  0.859  0.121 -0.951  0.999  0.999  1.000 -0.999
       24  0.99993  -0.708 -0.873 -0.141  0.944 -0.998 -1.000 -0.999  1.000
 ERR MATRIX APPROXIMATE
MINUIT - FIT ONLY 1-CBO + wiggle
 **********
 **   16 **RES 
 **********
                   PARAMETER   16  beta_vw RESTORED TO VARIABLE.
                   PARAMETER   14  alpha_vw RESTORED TO VARIABLE.
                   PARAMETER   13  beta_y RESTORED TO VARIABLE.
                   PARAMETER   11  alpha_y RESTORED TO VARIABLE.
                   PARAMETER   10  beta_2CBO RESTORED TO VARIABLE.
                   PARAMETER    9  alpha_2CBO RESTORED TO VARIABLE.
                   PARAMETER    8  beta_CBO RESTORED TO VARIABLE.
                   PARAMETER    6  alpha_CBO RESTORED TO VARIABLE.
 **********
 **   17 **FIX            8
 **********
 **********
 **   18 **FIX            9
 **********
 **********
 **   19 **FIX           11
 **********
 **********
 **   20 **FIX           12
 **********
 PARAMETER   12  IS CONSTANT.   IGNORED.
 **********
 **   21 **FIX           14
 **********
 **********
 **   22 **FIX           15
 **********
 PARAMETER   15  IS CONSTANT.   IGNORED.
 **********
 **   23 **FIX           16
 **********
 **********
 **   24 **MIGRAD
 **********
 START MIGRAD MINIMIZATION.  STRATEGY  1.  CONVERGENCE WHEN EDM .LT. 1.00e-04
 FCN=30.8975 FROM MIGRAD    STATUS=INITIATE       28 CALLS        1354 TOTAL
                     EDM= unknown      STRATEGY= 1      NO ERROR MATRIX       
  EXT PARAMETER               CURRENT GUESS       STEP         FIRST   
  NO.   NAME      VALUE            ERROR          SIZE      DERIVATIVE 
   1  N0           2.85586e+06   9.42283e+02   2.57358e+02   1.71581e-04
   2  tau          6.43976e+01   constant   
   3  A0           3.64628e-01   8.96207e-04   1.96530e-04   2.09407e+03
   4  phi          4.09353e+00   1.25042e-03  -8.58170e-05   5.67171e+01
   5  R           -5.94693e+01   constant   
   6  alpha_CBO    0.00000e+00   1.00000e-03   1.00000e-03   3.61980e+02
   7  w_CBO        2.32500e+00   constant   
   8  beta_CBO     0.00000e+00     fixed    
   9  alpha_2CBO   0.00000e+00     fixed    
  10  beta_2CBO    0.00000e+00   1.00000e-03   1.00000e-03   2.55947e+03
  11  alpha_y      0.00000e+00     fixed    
  12  w_y          1.44500e+01   constant   
  13  beta_y       0.00000e+00   1.00000e-03   1.00000e-03  -4.83554e+04
  14  alpha_vw     0.00000e+00     fixed    
  15  w_vw         1.29000e+01   constant   
  16  beta_vw      0.00000e+00     fixed    
  17  LM          -2.20020e-04   constant   
  18  zeta_y       0.00000e+00   constant   
  19  zeta_vw      0.00000e+00   constant   
  20  T_CBO        1.99148e+01   1.29634e+00  -2.52712e-03  -3.24244e+02
  21  alpha_A0     2.22591e-01   7.50078e-02   2.00438e-02  -7.32020e+00
  22  beta_A0      4.40311e-01   1.12986e-01   2.99679e-02   2.80929e+01
  23  alpha_phi    2.16060e-01   6.51687e-02   1.74091e-02  -5.82406e+01
  24  beta_phi    -3.74123e-01   8.89945e-02  -2.37120e-02   3.94477e+01
 MIGRAD MINIMIZATION HAS CONVERGED.
 MIGRAD WILL VERIFY CONVERGENCE AND ERROR MATRIX.
 FCN=11.4763 FROM HESSE     STATUS=NOT POSDEF    100 CALLS        1745 TOTAL
                     EDM=9.4528e-05    STRATEGY= 1      ERR MATRIX NOT POS-DEF
  EXT PARAMETER                APPROXIMATE        STEP         FIRST   
  NO.   NAME      VALUE            ERROR          SIZE      DERIVATIVE 
   1  N0           2.85490e+06   4.30227e+03   1.36132e+00   1.48505e-06
   2  tau          6.43976e+01   constant   
   3  A0           3.64833e-01   2.20626e-03   2.82036e-07  -3.15997e+00
   4  phi          4.09545e+00   5.13436e-03   1.95286e-06   1.12444e+00
   5  R           -5.94693e+01   constant   
   6  alpha_CBO   -6.61891e-04   1.48254e-03   3.09987e-07   4.31311e-01
   7  w_CBO        2.32500e+00   constant   
   8  beta_CBO     0.00000e+00     fixed    
   9  alpha_2CBO   0.00000e+00     fixed    
  10  beta_2CBO   -1.38089e-04   6.76202e-04   3.25439e-07  -8.07616e-01
  11  alpha_y      0.00000e+00     fixed    
  12  w_y          1.44500e+01   constant   
  13  beta_y       7.68028e-04   1.88001e-04   3.11229e-07   9.57342e-01
  14  alpha_vw     0.00000e+00     fixed    
  15  w_vw         1.29000e+01   constant   
  16  beta_vw      0.00000e+00     fixed    
  17  LM          -2.20020e-04   constant   
  18  zeta_y       0.00000e+00   constant   
  19  zeta_vw      0.00000e+00   constant   
  20  T_CBO        2.01665e+01   1.80577e+00   1.67955e-06   2.96365e-02
  21  alpha_A0     2.48236e-01   1.09239e-01   2.04042e-05  -1.98781e-02
  22  beta_A0      4.50045e-01   1.27906e-01   2.09526e-05   2.58788e-02
  23  alpha_phi    2.28702e-01   1.01607e-01   1.85763e-05   2.76015e-02
  24  beta_phi    -3.79548e-01   1.09864e-01   1.73759e-05   5.20333e-02
 CALL LIMIT EXCEEDED IN MIGRAD.
 MIGRAD TERMINATED WITHOUT CONVERGENCE.
 FCN=8.81971 FROM MIGRAD    STATUS=CALL LIMIT   1912 CALLS        3238 TOTAL
                     EDM=0.0251184    STRATEGY= 1      ERR MATRIX NOT POS-DEF
  EXT PARAMETER                APPROXIMATE        STEP         FIRST   
  NO.   NAME      VALUE            ERROR          SIZE      DERIVATIVE 
   1  N0           2.97024e+06   3.69447e+04   3.70829e+02   2.60886e-04
   2  tau          6.43976e+01   constant   
   3  A0           4.44307e-01   2.79852e-02  -3.38247e-05  -2.48411e+02
   4  phi          4.11182e+00   1.58401e-02   1.09641e-03   3.77432e+02
   5  R           -5.94693e+01   constant   
   6  alpha_CBO    4.04383e-02   1.46857e-02  -1.08840e-04   3.38059e+02
   7  w_CBO        2.32500e+00   constant   
   8  beta_CBO     0.00000e+00     fixed    
   9  alpha_2CBO   0.00000e+00     fixed    
  10  beta_2CBO   -8.84852e-03   4.81862e-03  -1.02549e-04   4.02512e+01
  11  alpha_y      0.00000e+00     fixed    
  12  w_y          1.44500e+01   constant   
  13  beta_y       8.70298e-04   1.95749e-04  -4.28415e-06  -6.35366e+01
  14  alpha_vw     0.00000e+00     fixed    
  15  w_vw         1.29000e+01   constant   
  16  beta_vw      0.00000e+00     fixed    
  17  LM          -2.20020e-04   constant   
  18  zeta_y       0.00000e+00   constant   
  19  zeta_vw      0.00000e+00   constant   
  20  T_CBO        1.84852e+01   5.27051e-01  -2.71006e-05  -9.14080e+02
  21  alpha_A0     1.17265e+00   2.47165e-01  -1.19781e-02   1.23473e+01
  22  beta_A0      4.51240e+00   1.48914e+00   2.83968e-02  -3.17316e+00
  23  alpha_phi    3.55925e+00   1.19993e+00   2.47020e-02  -1.10330e+01
  24  beta_phi    -2.79684e+00   8.70216e-01   1.07665e-02   7.71958e-01
 EXTERNAL ERROR MATRIX.    NDIM=  25    NPAR= 11    ERR DEF=1
  1.365e+09 
  1.015e+03  7.832e-04 
  4.968e+02  3.551e-04  2.509e-04 
  5.328e+02  4.091e-04  1.798e-04  2.157e-04 
 -1.729e+02 -1.314e-04 -6.865e-05 -6.828e-05  2.322e-05 
  1.316e+00  9.640e-07  1.421e-07  5.783e-07 -1.369e-07  3.832e-08 
 -1.927e+04 -1.467e-02 -7.124e-03 -7.645e-03  2.508e-03 -1.701e-05  2.778e-01 
  6.739e+03  5.736e-03  1.530e-03  2.963e-03 -8.375e-04  7.106e-06 -1.010e-01  6.109e-02 
  5.457e+04  4.093e-02  2.109e-02  2.128e-02 -7.106e-03  4.457e-05 -7.809e-01  2.661e-01  2.218e+00 
  4.403e+04  3.285e-02  1.701e-02  1.706e-02 -5.687e-03  3.506e-05 -6.272e-01  2.139e-01  1.785e+00  1.440e+00 
 -3.054e+04 -2.414e-02 -1.010e-02 -1.261e-02  3.982e-03 -2.997e-05  4.470e-01 -1.899e-01 -1.232e+00 -9.858e-01  7.573e-01 
ERR MATRIX NOT POS-DEF
 PARAMETER  CORRELATION COEFFICIENTS  
       NO.  GLOBAL      1      3      4      6     10     13     20     21     22     23     24
        1  0.99997   1.000  0.982  0.849  0.982 -0.971  0.182 -0.990  0.738  0.992  0.993 -0.950
        3  1.00000   0.982  1.000  0.801  0.995 -0.974  0.176 -0.994  0.829  0.982  0.978 -0.991
        4  0.99988   0.849  0.801  1.000  0.773 -0.899  0.046 -0.853  0.391  0.894  0.895 -0.733
        6  0.99997   0.982  0.995  0.773  1.000 -0.965  0.201 -0.988  0.816  0.973  0.968 -0.986
       10  0.99934  -0.971 -0.974 -0.899 -0.965  1.000 -0.145  0.987 -0.703 -0.990 -0.984  0.950
       13  0.42202   0.182  0.176  0.046  0.201 -0.145  1.000 -0.165  0.147  0.153  0.149 -0.176
       20  0.99980  -0.990 -0.994 -0.853 -0.988  0.987 -0.165  1.000 -0.775 -0.995 -0.992  0.975
       21  0.99942   0.738  0.829  0.391  0.816 -0.703  0.147 -0.775  1.000  0.723  0.721 -0.883
       22  0.99999   0.992  0.982  0.894  0.973 -0.990  0.153 -0.995  0.723  1.000  0.999 -0.951
       23  0.99996   0.993  0.978  0.895  0.968 -0.984  0.149 -0.992  0.721  0.999  1.000 -0.944
       24  0.99997  -0.950 -0.991 -0.733 -0.986  0.950 -0.176  0.975 -0.883 -0.951 -0.944  1.000
 ERR MATRIX NOT POS-DEF
MINUIT - FIT ONLY 2-CBO
 **********
 **   25 **RES 
 **********
                   PARAMETER   16  beta_vw RESTORED TO VARIABLE.
                   PARAMETER   14  alpha_vw RESTORED TO VARIABLE.
                   PARAMETER   11  alpha_y RESTORED TO VARIABLE.
                   PARAMETER    9  alpha_2CBO RESTORED TO VARIABLE.
                   PARAMETER    8  beta_CBO RESTORED TO VARIABLE.
 **********
 **   26 **FIX            0
 **********
 PARAMETER    0  IS UNDEFINED. IGNORED.
 **********
 **   27 **FIX            1
 **********
 **********
 **   28 **FIX            2
 **********
 PARAMETER    2  IS CONSTANT.   IGNORED.
 **********
 **   29 **FIX            3
 **********
 **********
 **   30 **FIX            4
 **********
 **********
 **   31 **FIX            5
 **********
 PARAMETER    5  IS CONSTANT.   IGNORED.
 **********
 **   32 **FIX            6
 **********
 **********
 **   33 **FIX            7
 **********
 PARAMETER    7  IS CONSTANT.   IGNORED.
 **********
 **   34 **FIX           10
 **********
 **********
 **   35 **FIX           11
 **********
 **********
 **   36 **FIX           12
 **********
 PARAMETER   12  IS CONSTANT.   IGNORED.
 **********
 **   37 **FIX           13
 **********
 **********
 **   38 **FIX           14
 **********
 **********
 **   39 **FIX           15
 **********
 PARAMETER   15  IS CONSTANT.   IGNORED.
 **********
 **   40 **FIX           16
 **********
 **********
 **   41 **MIGRAD
 **********
 START MIGRAD MINIMIZATION.  STRATEGY  1.  CONVERGENCE WHEN EDM .LT. 1.00e-04
 FCN=8.81971 FROM MIGRAD    STATUS=INITIATE       18 CALLS        3256 TOTAL
                     EDM= unknown      STRATEGY= 1      NO ERROR MATRIX       
  EXT PARAMETER               CURRENT GUESS       STEP         FIRST   
  NO.   NAME      VALUE            ERROR          SIZE      DERIVATIVE 
   1  N0           2.97024e+06     fixed    
   2  tau          6.43976e+01   constant   
   3  A0           4.44307e-01     fixed    
   4  phi          4.11182e+00     fixed    
   5  R           -5.94693e+01   constant   
   6  alpha_CBO    4.04383e-02     fixed    
   7  w_CBO        2.32500e+00   constant   
   8  beta_CBO     0.00000e+00   1.00000e-03   1.00000e-03  -1.43176e+02
   9  alpha_2CBO   0.00000e+00   1.00000e-03   1.00000e-03   5.13436e+02
  10  beta_2CBO   -8.84852e-03     fixed    
  11  alpha_y      0.00000e+00     fixed    
  12  w_y          1.44500e+01   constant   
  13  beta_y       8.70298e-04     fixed    
  14  alpha_vw     0.00000e+00     fixed    
  15  w_vw         1.29000e+01   constant   
  16  beta_vw      0.00000e+00     fixed    
  17  LM          -2.20020e-04   constant   
  18  zeta_y       0.00000e+00   constant   
  19  zeta_vw      0.00000e+00   constant   
  20  T_CBO        1.84852e+01   5.27051e-01  -2.71006e-05  -9.14080e+02
  21  alpha_A0     1.17265e+00   2.47165e-01  -1.19781e-02   1.23473e+01
  22  beta_A0      4.51240e+00   1.48914e+00   2.83968e-02  -3.17316e+00
  23  alpha_phi    3.55925e+00   1.19993e+00   2.47020e-02  -1.10330e+01
  24  beta_phi    -2.79684e+00   8.70216e-01   1.07665e-02   7.71957e-01
 MIGRAD MINIMIZATION HAS CONVERGED.
 MIGRAD WILL VERIFY CONVERGENCE AND ERROR MATRIX.
 FCN=8.81353 FROM MIGRAD    STATUS=CONVERGED     147 CALLS        3385 TOTAL
                     EDM=1.80466e-05    STRATEGY= 1      ERR MATRIX NOT POS-DEF
  EXT PARAMETER                APPROXIMATE        STEP         FIRST   
  NO.   NAME      VALUE            ERROR          SIZE      DERIVATIVE 
   1  N0           2.97024e+06     fixed    
   2  tau          6.43976e+01   constant   
   3  A0           4.44307e-01     fixed    
   4  phi          4.11182e+00     fixed    
   5  R           -5.94693e+01   constant   
   6  alpha_CBO    4.04383e-02     fixed    
   7  w_CBO        2.32500e+00   constant   
   8  beta_CBO     4.95231e-06   4.32560e-04   2.94201e-07  -2.78226e+00
   9  alpha_2CBO  -4.60295e-06   3.94105e-04   2.78603e-07  -8.49783e+00
  10  beta_2CBO   -8.84852e-03     fixed    
  11  alpha_y      0.00000e+00     fixed    
  12  w_y          1.44500e+01   constant   
  13  beta_y       8.70298e-04     fixed    
  14  alpha_vw     0.00000e+00     fixed    
  15  w_vw         1.29000e+01   constant   
  16  beta_vw      0.00000e+00     fixed    
  17  LM          -2.20020e-04   constant   
  18  zeta_y       0.00000e+00   constant   
  19  zeta_vw      0.00000e+00   constant   
  20  T_CBO        1.84852e+01   1.38010e-01   6.18949e-07  -3.34484e+00
  21  alpha_A0     1.17222e+00   2.78554e-02   1.51462e-05   4.44250e-02
  22  beta_A0      4.51238e+00   1.02635e-01   1.58538e-05   3.15255e-02
  23  alpha_phi    3.55961e+00   8.20261e-02   1.78744e-05  -4.27486e-02
  24  beta_phi    -2.79673e+00   6.63193e-02   1.66914e-05   4.44398e-02
 EXTERNAL ERROR MATRIX.    NDIM=  25    NPAR=  7    ERR DEF=1
  1.871e-07  4.763e-08 -8.751e-06  2.083e-07 -3.113e-06  7.003e-06 -4.219e-06 
  4.763e-08  1.553e-07  4.494e-07 -5.549e-07 -6.080e-06  6.463e-06 -5.154e-06 
 -8.751e-06  4.494e-07  1.905e-02 -3.502e-03 -1.370e-02 -1.092e-02  8.806e-03 
  2.083e-07 -5.549e-07 -3.502e-03  7.759e-04  2.607e-03  2.051e-03 -1.620e-03 
 -3.113e-06 -6.080e-06 -1.370e-02  2.607e-03  1.053e-02  7.618e-03 -6.181e-03 
  7.003e-06  6.463e-06 -1.092e-02  2.051e-03  7.618e-03  6.728e-03 -5.311e-03 
 -4.219e-06 -5.154e-06  8.806e-03 -1.620e-03 -6.181e-03 -5.311e-03  4.398e-03 
ERR MATRIX NOT POS-DEF
 PARAMETER  CORRELATION COEFFICIENTS  
       NO.  GLOBAL      8      9     20     21     22     23     24
        8  0.89602   1.000  0.279 -0.147  0.017 -0.070  0.197 -0.147
        9  0.88714   0.279  1.000  0.008 -0.051 -0.150  0.200 -0.197
       20  0.99711  -0.147  0.008  1.000 -0.911 -0.968 -0.965  0.962
       21  0.93488   0.017 -0.051 -0.911  1.000  0.912  0.898 -0.877
       22  0.99490  -0.070 -0.150 -0.968  0.912  1.000  0.905 -0.908
       23  0.98983   0.197  0.200 -0.965  0.898  0.905  1.000 -0.976
       24  0.98641  -0.147 -0.197  0.962 -0.877 -0.908 -0.976  1.000
 ERR MATRIX NOT POS-DEF
MINUIT - FIT wiggle + 1-CBO + 2-CBO
 **********
 **   42 **RES 
 **********
                   PARAMETER   16  beta_vw RESTORED TO VARIABLE.
                   PARAMETER   14  alpha_vw RESTORED TO VARIABLE.
                   PARAMETER   13  beta_y RESTORED TO VARIABLE.
                   PARAMETER   11  alpha_y RESTORED TO VARIABLE.
                   PARAMETER   10  beta_2CBO RESTORED TO VARIABLE.
                   PARAMETER    6  alpha_CBO RESTORED TO VARIABLE.
                   PARAMETER    4  phi RESTORED TO VARIABLE.
                   PARAMETER    3  A0 RESTORED TO VARIABLE.
                   PARAMETER    1  N0 RESTORED TO VARIABLE.
 **********
 **   43 **FIX           10
 **********
 **********
 **   44 **FIX           11
 **********
 **********
 **   45 **FIX           12
 **********
 PARAMETER   12  IS CONSTANT.   IGNORED.
 **********
 **   46 **FIX           13
 **********
 **********
 **   47 **FIX           14
 **********
 **********
 **   48 **FIX           15
 **********
 PARAMETER   15  IS CONSTANT.   IGNORED.
 **********
 **   49 **FIX           16
 **********
 **********
 **   50 **MIGRAD
 **********
 START MIGRAD MINIMIZATION.  STRATEGY  1.  CONVERGENCE WHEN EDM .LT. 1.00e-04
 FCN=8.81353 FROM MIGRAD    STATUS=INITIATE       22 CALLS        3407 TOTAL
                     EDM= unknown      STRATEGY= 1      NO ERROR MATRIX       
  EXT PARAMETER               CURRENT GUESS       STEP         FIRST   
  NO.   NAME      VALUE            ERROR          SIZE      DERIVATIVE 
   1  N0           2.97024e+06   3.69447e+04   3.69447e+04  -1.14931e-05
   2  tau          6.43976e+01   constant   
   3  A0           4.44307e-01   2.79852e-02   2.79852e-02  -4.75399e+01
   4  phi          4.11182e+00   1.58401e-02   1.58401e-02   1.50672e+01
   5  R           -5.94693e+01   constant   
   6  alpha_CBO    4.04383e-02   1.46857e-02   1.46857e-02   1.08108e+02
   7  w_CBO        2.32500e+00   constant   
   8  beta_CBO     4.95231e-06   4.32560e-04   2.94201e-07  -2.78225e+00
   9  alpha_2CBO  -4.60295e-06   3.94105e-04   2.78603e-07  -8.49783e+00
  10  beta_2CBO   -8.84852e-03     fixed    
  11  alpha_y      0.00000e+00     fixed    
  12  w_y          1.44500e+01   constant   
  13  beta_y       8.70298e-04     fixed    
  14  alpha_vw     0.00000e+00     fixed    
  15  w_vw         1.29000e+01   constant   
  16  beta_vw      0.00000e+00     fixed    
  17  LM          -2.20020e-04   constant   
  18  zeta_y       0.00000e+00   constant   
  19  zeta_vw      0.00000e+00   constant   
  20  T_CBO        1.84852e+01   1.38010e-01   6.18949e-07  -3.34421e+00
  21  alpha_A0     1.17222e+00   2.78554e-02   1.51462e-05   4.44192e-02
  22  beta_A0      4.51238e+00   1.02635e-01   1.58538e-05   3.15225e-02
  23  alpha_phi    3.55961e+00   8.20261e-02   1.78744e-05  -4.27486e-02
  24  beta_phi    -2.79673e+00   6.63193e-02   1.66914e-05   4.44396e-02
 CALL LIMIT EXCEEDED IN MIGRAD.
 MIGRAD TERMINATED WITHOUT CONVERGENCE.
 FCN=7.58411 FROM MIGRAD    STATUS=CALL LIMIT   1922 CALLS        5307 TOTAL
                     EDM=0.000125306    STRATEGY= 1  ERROR MATRIX UNCERTAINTY  12.4 per cent
  EXT PARAMETER                APPROXIMATE        STEP         FIRST   
  NO.   NAME      VALUE            ERROR          SIZE      DERIVATIVE 
   1  N0           2.93640e+06   1.19160e+04  -9.33356e+01   6.02579e-06
   2  tau          6.43976e+01   constant   
   3  A0           4.78562e-01   1.99726e-02   2.41708e-04  -8.42916e+01
   4  phi          4.10264e+00   5.16328e-03  -6.10314e-05   1.82974e+01
   5  R           -5.94693e+01   constant   
   6  alpha_CBO    2.13069e-02   1.48711e-02  -1.31661e-04   5.03173e+01
   7  w_CBO        2.32500e+00   constant   
   8  beta_CBO    -1.28585e-02   1.19195e-02  -1.20799e-04   6.10892e+01
   9  alpha_2CBO  -1.42269e-02   9.64811e-03  -1.04392e-04  -5.98763e+00
  10  beta_2CBO   -8.84852e-03     fixed    
  11  alpha_y      0.00000e+00     fixed    
  12  w_y          1.44500e+01   constant   
  13  beta_y       8.70298e-04     fixed    
  14  alpha_vw     0.00000e+00     fixed    
  15  w_vw         1.29000e+01   constant   
  16  beta_vw      0.00000e+00     fixed    
  17  LM          -2.20020e-04   constant   
  18  zeta_y       0.00000e+00   constant   
  19  zeta_vw      0.00000e+00   constant   
  20  T_CBO        1.92113e+01   4.14660e-01   3.45363e-05   3.09224e+02
  21  alpha_A0     3.32308e+00   1.05645e+00   1.17674e-02   1.00952e+00
  22  beta_A0      4.73620e+00   3.48841e-01   3.54272e-03   1.14710e+00
  23  alpha_phi    3.15791e+00   1.11174e-01  -6.91531e-04  -9.89525e-02
  24  beta_phi    -3.90818e+00   4.59099e-01  -5.51969e-03  -1.58518e+00
 EXTERNAL ERROR MATRIX.    NDIM=  25    NPAR= 11    ERR DEF=1
  1.420e+08 
 -1.562e+02  3.989e-04 
  3.841e+01 -1.013e-04  2.666e-05 
  1.620e+02 -2.167e-04  4.915e-05  2.212e-04 
  1.246e+02 -1.986e-04  4.623e-05  1.744e-04  1.421e-04 
  9.870e+01 -1.741e-04  4.167e-05  1.365e-04  1.137e-04  9.309e-05 
 -3.904e+03  7.733e-03 -1.853e-03 -5.646e-03 -4.804e-03 -3.966e-03  1.719e-01 
 -1.088e+04  1.943e-02 -4.721e-03 -1.473e-02 -1.234e-02 -1.017e-02  4.336e-01  1.116e+00 
 -3.362e+03  5.871e-03 -1.346e-03 -4.994e-03 -4.121e-03 -3.306e-03  1.415e-01  3.568e-01  1.217e-01 
  1.203e+03 -1.257e-03  3.442e-04  1.124e-03  8.660e-04  7.193e-04 -2.723e-02 -8.157e-02 -2.172e-02  1.236e-02 
  3.818e+03 -9.026e-03  2.354e-03  4.775e-03  4.366e-03  3.871e-03 -1.699e-01 -4.371e-01 -1.258e-01  3.400e-02  2.108e-01 
ERR MATRIX APPROXIMATE
 PARAMETER  CORRELATION COEFFICIENTS  
       NO.  GLOBAL      1      3      4      6      8      9     20     21     22     23     24
        1  0.99960   1.000 -0.656  0.624  0.914  0.877  0.858 -0.790 -0.864 -0.809  0.908  0.698
        3  0.99998  -0.656  1.000 -0.982 -0.729 -0.834 -0.903  0.934  0.921  0.843 -0.566 -0.984
        4  0.99881   0.624 -0.982  1.000  0.640  0.751  0.837 -0.866 -0.865 -0.747  0.600  0.993
        6  0.99995   0.914 -0.729  0.640  1.000  0.984  0.951 -0.916 -0.937 -0.963  0.680  0.699
        8  0.99990   0.877 -0.834  0.751  0.984  1.000  0.989 -0.972 -0.980 -0.991  0.654  0.798
        9  0.99983   0.858 -0.903  0.837  0.951  0.989  1.000 -0.991 -0.997 -0.982  0.671  0.874
       20  0.99991  -0.790  0.934 -0.866 -0.916 -0.972 -0.991  1.000  0.990  0.978 -0.591 -0.892
       21  0.99998  -0.864  0.921 -0.865 -0.937 -0.980 -0.997  0.990  1.000  0.968 -0.695 -0.901
       22  0.99980  -0.809  0.843 -0.747 -0.963 -0.991 -0.982  0.978  0.968  1.000 -0.560 -0.786
       23  0.99601   0.908 -0.566  0.600  0.680  0.654  0.671 -0.591 -0.695 -0.560  1.000  0.666
       24  0.99988   0.698 -0.984  0.993  0.699  0.798  0.874 -0.892 -0.901 -0.786  0.666  1.000
 ERR MATRIX APPROXIMATE
MINUIT - FIT ONLY 1-y
 **********
 **   51 **RES 
 **********
                   PARAMETER   16  beta_vw RESTORED TO VARIABLE.
                   PARAMETER   14  alpha_vw RESTORED TO VARIABLE.
                   PARAMETER   13  beta_y RESTORED TO VARIABLE.
                   PARAMETER   11  alpha_y RESTORED TO VARIABLE.
                   PARAMETER   10  beta_2CBO RESTORED TO VARIABLE.
 **********
 **   52 **FIX            0
 **********
 PARAMETER    0  IS UNDEFINED. IGNORED.
 **********
 **   53 **FIX            1
 **********
 **********
 **   54 **FIX            2
 **********
 PARAMETER    2  IS CONSTANT.   IGNORED.
 **********
 **   55 **FIX            3
 **********
 **********
 **   56 **FIX            4
 **********
 **********
 **   57 **FIX            5
 **********
 PARAMETER    5  IS CONSTANT.   IGNORED.
 **********
 **   58 **FIX            6
 **********
 **********
 **   59 **FIX            7
 **********
 PARAMETER    7  IS CONSTANT.   IGNORED.
 **********
 **   60 **FIX            8
 **********
 **********
 **   61 **FIX            9
 **********
 **********
 **   62 **FIX           13
 **********
 **********
 **   63 **FIX           14
 **********
 **********
 **   64 **FIX           15
 **********
 PARAMETER   15  IS CONSTANT.   IGNORED.
 **********
 **   65 **FIX           16
 **********
 **********
 **   66 **MIGRAD
 **********
 START MIGRAD MINIMIZATION.  STRATEGY  1.  CONVERGENCE WHEN EDM .LT. 1.00e-04
 FCN=7.58411 FROM MIGRAD    STATUS=INITIATE       16 CALLS        5323 TOTAL
                     EDM= unknown      STRATEGY= 1      NO ERROR MATRIX       
  EXT PARAMETER               CURRENT GUESS       STEP         FIRST   
  NO.   NAME      VALUE            ERROR          SIZE      DERIVATIVE 
   1  N0           2.93640e+06     fixed    
   2  tau          6.43976e+01   constant   
   3  A0           4.78562e-01     fixed    
   4  phi          4.10264e+00     fixed    
   5  R           -5.94693e+01   constant   
   6  alpha_CBO    2.13069e-02     fixed    
   7  w_CBO        2.32500e+00   constant   
   8  beta_CBO    -1.28585e-02     fixed    
   9  alpha_2CBO  -1.42269e-02     fixed    
  10  beta_2CBO   -8.84852e-03   4.81862e-03   4.81862e-03   7.27874e+01
  11  alpha_y      0.00000e+00   1.00000e-03   1.00000e-03   1.35752e+04
  12  w_y          1.44500e+01   constant   
  13  beta_y       8.70298e-04     fixed    
  14  alpha_vw     0.00000e+00     fixed    
  15  w_vw         1.29000e+01   constant   
  16  beta_vw      0.00000e+00     fixed    
  17  LM          -2.20020e-04   constant   
  18  zeta_y       0.00000e+00   constant   
  19  zeta_vw      0.00000e+00   constant   
  20  T_CBO        1.92113e+01   4.14660e-01   3.45363e-05   3.09224e+02
  21  alpha_A0     3.32308e+00   1.05645e+00   1.17674e-02   1.00952e+00
  22  beta_A0      4.73620e+00   3.48841e-01   3.54272e-03   1.14710e+00
  23  alpha_phi    3.15791e+00   1.11174e-01  -6.91531e-04  -9.89525e-02
  24  beta_phi    -3.90818e+00   4.59099e-01  -5.51969e-03  -1.58518e+00
 MIGRAD MINIMIZATION HAS CONVERGED.
 MIGRAD WILL VERIFY CONVERGENCE AND ERROR MATRIX.
 FCN=5.86545 FROM MIGRAD    STATUS=CONVERGED     145 CALLS        5452 TOTAL
                     EDM=8.50929e-05    STRATEGY= 1      ERR MATRIX NOT POS-DEF
  EXT PARAMETER                APPROXIMATE        STEP         FIRST   
  NO.   NAME      VALUE            ERROR          SIZE      DERIVATIVE 
   1  N0           2.93640e+06     fixed    
   2  tau          6.43976e+01   constant   
   3  A0           4.78562e-01     fixed    
   4  phi          4.10264e+00     fixed    
   5  R           -5.94693e+01   constant   
   6  alpha_CBO    2.13069e-02     fixed    
   7  w_CBO        2.32500e+00   constant   
   8  beta_CBO    -1.28585e-02     fixed    
   9  alpha_2CBO  -1.42269e-02     fixed    
  10  beta_2CBO   -8.88233e-03   2.43204e-04   2.40985e-07  -4.75729e+00
  11  alpha_y     -2.53036e-04   1.92804e-04   2.45350e-07   9.64124e-01
  12  w_y          1.44500e+01   constant   
  13  beta_y       8.70298e-04     fixed    
  14  alpha_vw     0.00000e+00     fixed    
  15  w_vw         1.29000e+01   constant   
  16  beta_vw      0.00000e+00     fixed    
  17  LM          -2.20020e-04   constant   
  18  zeta_y       0.00000e+00   constant   
  19  zeta_vw      0.00000e+00   constant   
  20  T_CBO        1.92111e+01   1.11970e-01   6.16404e-07   3.93614e+00
  21  alpha_A0     3.32245e+00   5.68633e-02   1.00538e-05   3.74280e-02
  22  beta_A0      4.73646e+00   8.11024e-02   1.02380e-05   1.40233e-01
  23  alpha_phi    3.15675e+00   5.34937e-02   1.37299e-05   1.15560e-01
  24  beta_phi    -3.90879e+00   6.91570e-02   1.21267e-05   5.01450e-02
 EXTERNAL ERROR MATRIX.    NDIM=  25    NPAR=  7    ERR DEF=1
  5.915e-08  4.713e-09  1.717e-06  8.291e-08 -1.574e-06 -6.697e-08  2.322e-06 
  4.713e-09  3.717e-08 -9.314e-08  1.411e-07  4.217e-08  2.168e-07  2.370e-08 
  1.717e-06 -9.314e-08  1.254e-02 -6.283e-03 -9.034e-03 -5.841e-03  7.644e-03 
  8.291e-08  1.411e-07 -6.283e-03  3.233e-03  4.528e-03  2.970e-03 -3.811e-03 
 -1.574e-06  4.217e-08 -9.034e-03  4.528e-03  6.578e-03  4.207e-03 -5.500e-03 
 -6.697e-08  2.168e-07 -5.841e-03  2.970e-03  4.207e-03  2.862e-03 -3.560e-03 
  2.322e-06  2.370e-08  7.644e-03 -3.811e-03 -5.500e-03 -3.560e-03  4.783e-03 
ERR MATRIX NOT POS-DEF
 PARAMETER  CORRELATION COEFFICIENTS  
       NO.  GLOBAL     10     11     20     21     22     23     24
       10  0.63367   1.000  0.101  0.063  0.006 -0.080 -0.005  0.138
       11  0.11384   0.101  1.000 -0.004  0.013  0.003  0.021  0.002
       20  0.99765   0.063 -0.004  1.000 -0.987 -0.995 -0.975  0.987
       21  0.99043   0.006  0.013 -0.987  1.000  0.982  0.976 -0.969
       22  0.99513  -0.080  0.003 -0.995  0.982  1.000  0.970 -0.981
       23  0.97972  -0.005  0.021 -0.975  0.976  0.970  1.000 -0.962
       24  0.99058   0.138  0.002  0.987 -0.969 -0.981 -0.962  1.000
 ERR MATRIX NOT POS-DEF
MINUIT - FIT ONLY 2-y
 **********
 **   67 **RES 
 **********
                   PARAMETER   16  beta_vw RESTORED TO VARIABLE.
                   PARAMETER   14  alpha_vw RESTORED TO VARIABLE.
                   PARAMETER   13  beta_y RESTORED TO VARIABLE.
                   PARAMETER    9  alpha_2CBO RESTORED TO VARIABLE.
                   PARAMETER    8  beta_CBO RESTORED TO VARIABLE.
                   PARAMETER    6  alpha_CBO RESTORED TO VARIABLE.
                   PARAMETER    4  phi RESTORED TO VARIABLE.
                   PARAMETER    3  A0 RESTORED TO VARIABLE.
                   PARAMETER    1  N0 RESTORED TO VARIABLE.
 **********
 **   68 **FIX            0
 **********
 PARAMETER    0  IS UNDEFINED. IGNORED.
 **********
 **   69 **FIX            1
 **********
 **********
 **   70 **FIX            2
 **********
 PARAMETER    2  IS CONSTANT.   IGNORED.
 **********
 **   71 **FIX            3
 **********
 **********
 **   72 **FIX            4
 **********
 **********
 **   73 **FIX            5
 **********
 PARAMETER    5  IS CONSTANT.   IGNORED.
 **********
 **   74 **FIX            6
 **********
 **********
 **   75 **FIX            7
 **********
 PARAMETER    7  IS CONSTANT.   IGNORED.
 **********
 **   76 **FIX            8
 **********
 **********
 **   77 **FIX            9
 **********
 **********
 **   78 **FIX           10
 **********
 **********
 **   79 **FIX           11
 **********
 **********
 **   80 **FIX           12
 **********
 PARAMETER   12  IS CONSTANT.   IGNORED.
 **********
 **   81 **FIX           16
 **********
 **********
 **   82 **MIGRAD
 **********
 START MIGRAD MINIMIZATION.  STRATEGY  1.  CONVERGENCE WHEN EDM .LT. 1.00e-04
 FCN=5.86545 FROM MIGRAD    STATUS=INITIATE       16 CALLS        5468 TOTAL
                     EDM= unknown      STRATEGY= 1      NO ERROR MATRIX       
  EXT PARAMETER               CURRENT GUESS       STEP         FIRST   
  NO.   NAME      VALUE            ERROR          SIZE      DERIVATIVE 
   1  N0           2.93640e+06     fixed    
   2  tau          6.43976e+01   constant   
   3  A0           4.78562e-01     fixed    
   4  phi          4.10264e+00     fixed    
   5  R           -5.94693e+01   constant   
   6  alpha_CBO    2.13069e-02     fixed    
   7  w_CBO        2.32500e+00   constant   
   8  beta_CBO    -1.28585e-02     fixed    
   9  alpha_2CBO  -1.42269e-02     fixed    
  10  beta_2CBO   -8.88233e-03     fixed    
  11  alpha_y     -2.53036e-04     fixed    
  12  w_y          1.44500e+01   constant   
  13  beta_y       8.70298e-04   1.95749e-04   1.95749e-04   2.48915e+03
  14  alpha_vw     0.00000e+00   1.00000e-03   1.00000e-03   1.89023e+03
  15  w_vw         1.29000e+01   constant   
  16  beta_vw      0.00000e+00     fixed    
  17  LM          -2.20020e-04   constant   
  18  zeta_y       0.00000e+00   constant   
  19  zeta_vw      0.00000e+00   constant   
  20  T_CBO        1.92111e+01   1.11970e-01   6.16404e-07   3.93748e+00
  21  alpha_A0     3.32245e+00   5.68633e-02   1.00538e-05   3.74266e-02
  22  beta_A0      4.73646e+00   8.11024e-02   1.02380e-05   1.40218e-01
  23  alpha_phi    3.15675e+00   5.34937e-02   1.37299e-05   1.15561e-01
  24  beta_phi    -3.90879e+00   6.91570e-02   1.21267e-05   5.01451e-02
 MIGRAD MINIMIZATION HAS CONVERGED.
 MIGRAD WILL VERIFY CONVERGENCE AND ERROR MATRIX.
 FCN=5.71204 FROM HESSE     STATUS=NOT POSDEF     50 CALLS        5581 TOTAL
                     EDM=8.07369e-05    STRATEGY= 1      ERR MATRIX NOT POS-DEF
  EXT PARAMETER                APPROXIMATE        STEP         FIRST   
  NO.   NAME      VALUE            ERROR          SIZE      DERIVATIVE 
   1  N0           2.93640e+06     fixed    
   2  tau          6.43976e+01   constant   
   3  A0           4.78562e-01     fixed    
   4  phi          4.10264e+00     fixed    
   5  R           -5.94693e+01   constant   
   6  alpha_CBO    2.13069e-02     fixed    
   7  w_CBO        2.32500e+00   constant   
   8  beta_CBO    -1.28585e-02     fixed    
   9  alpha_2CBO  -1.42269e-02     fixed    
  10  beta_2CBO   -8.88233e-03     fixed    
  11  alpha_y     -2.53036e-04     fixed    
  12  w_y          1.44500e+01   constant   
  13  beta_y       7.98446e-04   2.05700e-04   2.28285e-07  -3.06277e+00
  14  alpha_vw    -6.77107e-05   2.12389e-04   2.36699e-07   3.75516e+00
