 + ++++++++++++++++++++++++++++++++++++++++++++++++++++++++++++++++++++ +
 +                                                                      +
 +           You have chose to blind your fitting according to          +
 +                omega_ref * (1 + (R +/- deltaR) *10^{-6})             +
 +                                                                      +
 + ++++++++++++++++++++++++++++++++++++++++++++++++++++++++++++++++++++ +
In main()...
reading format from /gm2data/zkhechad/run45/envelope/formats/formatB_sBin_constraintOn.txt
pBinTau 	= 0  
pBinPhi 	= 0  
constraintau 	= 1 
includeMopTerm 	= 0    
constrainMop    = 0   
Parameters after format file: pBinTau 0 pBinPhi 0 constraintau 1 includeMopTerm 0 constrainMop 0 c_e_scale 0.000000 
Opening file /gm2data/tbarrett/gm2fr/studies/run23_bunch_corrections/CorrectedFourier_Run3b.root.
reading full fit data from /gm2data/zkhechad/cboTemplates/Run4CBOTemplates/fullFits/noRF/sBin_constraintOn_cE0.0_seed0_noRF_calo10.root
windowBins = 69
fitting sliding window 840 from bin 976 at 145.470000 to bin 1045 at 155.914000 (69 bins)

Reading data from /gm2data/cornell/histograms/aMethod/histogram_a_noRF.root
 **********
 **    1 **SET PRINTOUT            1
 **********
 **********
 **    2 **SET NOWARNINGS 
 **********
 PARAMETER DEFINITIONS:
    NO.   NAME         VALUE      STEP SIZE      LIMITS
     1 N0           3.07359e+06  1.00000e+02     no limits
     2 tau          6.44052e+01  constant
     3 A0           3.48563e-01  1.00000e-04     no limits
     4 phi          4.11545e+00  1.00000e-02     no limits
     5 R           -6.12271e+01  constant
     6 alpha_CBO    0.00000e+00  1.00000e-03     no limits
     7 w_CBO        2.32500e+00  constant
     8 beta_CBO     0.00000e+00  1.00000e-03     no limits
     9 alpha_2CBO   0.00000e+00  1.00000e-03     no limits
    10 beta_2CBO    0.00000e+00  1.00000e-03     no limits
    11 alpha_y      0.00000e+00  1.00000e-03     no limits
    12 w_y          1.38860e+01  constant
    13 beta_y       0.00000e+00  1.00000e-03     no limits
    14 alpha_vw     0.00000e+00  1.00000e-03     no limits
    15 w_vw         1.43404e+01  constant
    16 beta_vw      0.00000e+00  1.00000e-03     no limits
    17 LM           5.13638e-05  constant
    18 zeta_y       0.00000e+00  constant
    19 zeta_vw      0.00000e+00  constant
    20 T_CBO        1.00000e+02  1.00000e+00    0.00000e+00  1.00000e+03
    21 alpha_A0     0.00000e+00  1.00000e-03     no limits
    22 beta_A0      0.00000e+00  1.00000e-03     no limits
    23 alpha_phi    0.00000e+00  1.00000e-03     no limits
    24 beta_phi     0.00000e+00  1.00000e-03     no limits
MINUIT - FIT ONLY WIGGLE
 **********
 **    3 **FIX            5
 **********
 PARAMETER    5  IS CONSTANT.   IGNORED.
 **********
 **    4 **FIX            6
 **********
 **********
 **    5 **FIX            7
 **********
 PARAMETER    7  IS CONSTANT.   IGNORED.
 **********
 **    6 **FIX            8
 **********
 **********
 **    7 **FIX            9
 **********
 **********
 **    8 **FIX           10
 **********
 **********
 **    9 **FIX           11
 **********
 **********
 **   10 **FIX           12
 **********
 PARAMETER   12  IS CONSTANT.   IGNORED.
 **********
 **   11 **FIX           13
 **********
 **********
 **   12 **FIX           14
 **********
 **********
 **   13 **FIX           15
 **********
 PARAMETER   15  IS CONSTANT.   IGNORED.
 **********
 **   14 **FIX           16
 **********
 **********
 **   15 **MIGRAD
 **********
 FIRST CALL TO USER FUNCTION AT NEW START POINT, WITH IFLAG=4.
 START MIGRAD MINIMIZATION.  STRATEGY  1.  CONVERGENCE WHEN EDM .LT. 1.00e-04
 FCN=789.487 FROM MIGRAD    STATUS=INITIATE      437 CALLS         438 TOTAL
                     EDM= unknown      STRATEGY= 1      NO ERROR MATRIX       
  EXT PARAMETER               CURRENT GUESS       STEP         FIRST   
  NO.   NAME      VALUE            ERROR          SIZE      DERIVATIVE 
   1  N0           3.07359e+06   1.00000e+02   0.00000e+00   3.01784e-03
   2  tau          6.44052e+01   constant   
   3  A0           3.48563e-01   1.00000e-04   0.00000e+00   5.00751e+04
   4  phi          4.11545e+00   1.00000e-02   0.00000e+00   1.87690e+04
   5  R           -6.12271e+01   constant   
   6  alpha_CBO    0.00000e+00     fixed    
   7  w_CBO        2.32500e+00   constant   
   8  beta_CBO     0.00000e+00     fixed    
   9  alpha_2CBO   0.00000e+00     fixed    
  10  beta_2CBO    0.00000e+00     fixed    
  11  alpha_y      0.00000e+00     fixed    
  12  w_y          1.38860e+01   constant   
  13  beta_y       0.00000e+00     fixed    
  14  alpha_vw     0.00000e+00     fixed    
  15  w_vw         1.43404e+01   constant   
  16  beta_vw      0.00000e+00     fixed    
  17  LM           5.13638e-05   constant   
  18  zeta_y       0.00000e+00   constant   
  19  zeta_vw      0.00000e+00   constant   
  20  T_CBO        1.00000e+02   1.00000e+00   0.00000e+00   0.00000e+00
  21  alpha_A0     0.00000e+00   1.00000e-03   0.00000e+00   1.24416e+03
  22  beta_A0      0.00000e+00   1.00000e-03   0.00000e+00   2.78438e+02
  23  alpha_phi    0.00000e+00   1.00000e-03   0.00000e+00  -4.34444e+03
  24  beta_phi     0.00000e+00   1.00000e-03   0.00000e+00   1.48291e+03
 CALL LIMIT EXCEEDED IN MIGRAD.
 MIGRAD TERMINATED WITHOUT CONVERGENCE.
 FCN=667.97 FROM MIGRAD    STATUS=CALL LIMIT   1326 CALLS        1327 TOTAL
                     EDM=0.0022605    STRATEGY= 1  ERROR MATRIX UNCERTAINTY   1.0 per cent
  EXT PARAMETER                APPROXIMATE        STEP         FIRST   
  NO.   NAME      VALUE            ERROR          SIZE      DERIVATIVE 
   1  N0           3.07384e+06   4.27432e+02  -7.50923e-01   3.07760e-05
   2  tau          6.44052e+01   constant   
   3  A0           3.47447e-01   1.86387e-04  -1.00531e-08  -4.70678e+01
   4  phi          4.11289e+00   5.47695e-04   1.00270e-06  -3.68401e+00
   5  R           -6.12271e+01   constant   
   6  alpha_CBO    0.00000e+00     fixed    
   7  w_CBO        2.32500e+00   constant   
   8  beta_CBO     0.00000e+00     fixed    
   9  alpha_2CBO   0.00000e+00     fixed    
  10  beta_2CBO    0.00000e+00     fixed    
  11  alpha_y      0.00000e+00     fixed    
  12  w_y          1.38860e+01   constant   
  13  beta_y       0.00000e+00     fixed    
  14  alpha_vw     0.00000e+00     fixed    
  15  w_vw         1.43404e+01   constant   
  16  beta_vw      0.00000e+00     fixed    
  17  LM           5.13638e-05   constant   
  18  zeta_y       0.00000e+00   constant   
  19  zeta_vw      0.00000e+00   constant   
  20  T_CBO        9.03123e+02   6.77250e+02   1.27049e-01  -5.38255e-02
  21  alpha_A0    -1.54960e-03   1.24042e-03  -3.11242e-06  -2.67493e+01
  22  beta_A0      7.45220e-04   1.07260e-03  -2.62122e-05  -9.21036e+00
  23  alpha_phi    7.52915e-03   2.58362e-03  -7.51688e-05  -8.44719e+01
  24  beta_phi    -1.49815e-03   1.12557e-03   7.59559e-06   2.36878e+01
 EXTERNAL ERROR MATRIX.    NDIM=  25    NPAR=  8    ERR DEF=1
  1.827e+05 -4.660e-03  3.160e-02  3.661e+03  8.813e-02  8.266e-02  4.152e-02 -3.689e-02 
 -4.660e-03  3.474e-08  4.169e-09 -1.976e-03 -8.777e-09 -2.651e-08 -2.395e-08 -1.595e-08 
  3.160e-02  4.169e-09  3.000e-07 -2.089e-02 -3.038e-09  1.128e-08  5.065e-08 -7.558e-08 
  3.661e+03 -1.976e-03 -2.089e-02  1.526e+06  7.406e-01 -1.064e-01 -3.045e+00  6.453e-01 
  8.813e-02 -8.777e-09 -3.038e-09  7.406e-01  1.539e-06  2.125e-07 -1.759e-06  4.777e-07 
  8.266e-02 -2.651e-08  1.128e-08 -1.064e-01  2.125e-07  1.150e-06  5.362e-08 -3.827e-08 
  4.152e-02 -2.395e-08  5.065e-08 -3.045e+00 -1.759e-06  5.362e-08  6.675e-06 -1.200e-06 
 -3.689e-02 -1.595e-08 -7.558e-08  6.453e-01  4.777e-07 -3.827e-08 -1.200e-06  1.267e-06 
ERR MATRIX APPROXIMATE
 PARAMETER  CORRELATION COEFFICIENTS  
       NO.  GLOBAL      1      3      4     20     21     22     23     24
        1  0.38755   1.000 -0.058  0.135  0.007  0.166  0.180  0.038 -0.077
        3  0.27861  -0.058  1.000  0.041 -0.009 -0.038 -0.133 -0.050 -0.076
        4  0.18384   0.135  0.041  1.000 -0.031 -0.004  0.019  0.036 -0.123
       20  0.96441   0.007 -0.009 -0.031  1.000  0.483 -0.080 -0.954  0.464
       21  0.64115   0.166 -0.038 -0.004  0.483  1.000  0.160 -0.549  0.342
       22  0.35615   0.180 -0.133  0.019 -0.080  0.160  1.000  0.019 -0.032
       23  0.96588   0.038 -0.050  0.036 -0.954 -0.549  0.019  1.000 -0.413
       24  0.53712  -0.077 -0.076 -0.123  0.464  0.342 -0.032 -0.413  1.000
 ERR MATRIX APPROXIMATE
MINUIT - FIT ONLY 1-CBO + wiggle
 **********
 **   16 **RES 
 **********
                   PARAMETER   16  beta_vw RESTORED TO VARIABLE.
                   PARAMETER   14  alpha_vw RESTORED TO VARIABLE.
                   PARAMETER   13  beta_y RESTORED TO VARIABLE.
                   PARAMETER   11  alpha_y RESTORED TO VARIABLE.
                   PARAMETER   10  beta_2CBO RESTORED TO VARIABLE.
                   PARAMETER    9  alpha_2CBO RESTORED TO VARIABLE.
                   PARAMETER    8  beta_CBO RESTORED TO VARIABLE.
                   PARAMETER    6  alpha_CBO RESTORED TO VARIABLE.
 **********
 **   17 **FIX            8
 **********
 **********
 **   18 **FIX            9
 **********
 **********
 **   19 **FIX           11
 **********
 **********
 **   20 **FIX           12
 **********
 PARAMETER   12  IS CONSTANT.   IGNORED.
 **********
 **   21 **FIX           14
 **********
 **********
 **   22 **FIX           15
 **********
 PARAMETER   15  IS CONSTANT.   IGNORED.
 **********
 **   23 **FIX           16
 **********
 **********
 **   24 **MIGRAD
 **********
 START MIGRAD MINIMIZATION.  STRATEGY  1.  CONVERGENCE WHEN EDM .LT. 1.00e-04
 FCN=667.97 FROM MIGRAD    STATUS=INITIATE       28 CALLS        1355 TOTAL
                     EDM= unknown      STRATEGY= 1      NO ERROR MATRIX       
  EXT PARAMETER               CURRENT GUESS       STEP         FIRST   
  NO.   NAME      VALUE            ERROR          SIZE      DERIVATIVE 
   1  N0           3.07384e+06   4.27432e+02  -7.50923e-01   3.07760e-05
   2  tau          6.44052e+01   constant   
   3  A0           3.47447e-01   1.86387e-04  -1.00531e-08  -4.70678e+01
   4  phi          4.11289e+00   5.47695e-04   1.00270e-06  -3.68401e+00
   5  R           -6.12271e+01   constant   
   6  alpha_CBO    0.00000e+00   1.00000e-03   1.00000e-03  -2.48992e+05
   7  w_CBO        2.32500e+00   constant   
   8  beta_CBO     0.00000e+00     fixed    
   9  alpha_2CBO   0.00000e+00     fixed    
  10  beta_2CBO    0.00000e+00   1.00000e-03   1.00000e-03  -3.96869e+04
  11  alpha_y      0.00000e+00     fixed    
  12  w_y          1.38860e+01   constant   
  13  beta_y       0.00000e+00   1.00000e-03   1.00000e-03   2.59071e+02
  14  alpha_vw     0.00000e+00     fixed    
  15  w_vw         1.43404e+01   constant   
  16  beta_vw      0.00000e+00     fixed    
  17  LM           5.13638e-05   constant   
  18  zeta_y       0.00000e+00   constant   
  19  zeta_vw      0.00000e+00   constant   
  20  T_CBO        9.03123e+02   6.77250e+02   1.27049e-01  -5.39138e-02
  21  alpha_A0    -1.54960e-03   1.24042e-03  -3.11242e-06  -2.67493e+01
  22  beta_A0      7.45220e-04   1.07260e-03  -2.62122e-05  -9.21037e+00
  23  alpha_phi    7.52915e-03   2.58362e-03  -7.51688e-05  -8.44719e+01
  24  beta_phi    -1.49815e-03   1.12557e-03   7.59559e-06   2.36878e+01
 MIGRAD MINIMIZATION HAS CONVERGED.
 FCN=77.9783 FROM MIGRAD    STATUS=CONVERGED     222 CALLS        1549 TOTAL
                     EDM=6.03468e-06    STRATEGY= 1  ERROR MATRIX UNCERTAINTY   5.8 per cent
  EXT PARAMETER                                   STEP         FIRST   
  NO.   NAME      VALUE            ERROR          SIZE      DERIVATIVE 
   1  N0           3.07429e+06   4.39521e+02  -3.94251e+00  -1.60534e-06
   2  tau          6.44052e+01   constant   
   3  A0           3.48380e-01   1.98263e-04   2.35201e-07  -1.30158e+01
   4  phi          4.11506e+00   5.66863e-04  -3.70442e-06  -6.02740e-01
   5  R           -6.12271e+01   constant   
   6  alpha_CBO    4.65183e-03   1.93938e-04  -3.19000e-07  -3.08749e+00
   7  w_CBO        2.32500e+00   constant   
   8  beta_CBO     0.00000e+00     fixed    
   9  alpha_2CBO   0.00000e+00     fixed    
  10  beta_2CBO    5.41459e-04   1.96334e-04   4.68291e-07  -8.24695e+00
  11  alpha_y      0.00000e+00     fixed    
  12  w_y          1.38860e+01   constant   
  13  beta_y      -1.37681e-05   1.88170e-04   2.28972e-07   6.45218e+00
  14  alpha_vw     0.00000e+00     fixed    
  15  w_vw         1.43404e+01   constant   
  16  beta_vw      0.00000e+00     fixed    
  17  LM           5.13638e-05   constant   
  18  zeta_y       0.00000e+00   constant   
  19  zeta_vw      0.00000e+00   constant   
  20  T_CBO        9.89248e+02   4.34189e+01   3.90015e-04  -6.79937e-04
  21  alpha_A0     1.75942e-03   8.85330e-04   6.33331e-07   2.32565e+00
  22  beta_A0     -3.69685e-05   9.88451e-04  -4.25639e-06  -1.30074e+00
  23  alpha_phi    5.46884e-03   9.54219e-04  -4.51620e-06   2.18689e+00
  24  beta_phi    -2.15515e-03   8.83132e-04   1.17580e-06  -9.02533e-01
 EXTERNAL ERROR MATRIX.    NDIM=  25    NPAR= 11    ERR DEF=1
  1.932e+05 
 -5.820e-03  3.931e-08 
  3.631e-02  2.554e-09  3.213e-07 
  3.092e-03  7.400e-09  1.847e-08  3.761e-08 
  6.540e-04 -1.715e-09 -5.388e-09 -2.115e-09  3.855e-08 
  8.566e-04 -1.131e-10 -5.088e-10  6.974e-11  4.103e-10  3.541e-08 
  1.328e+03 -4.260e-04  3.112e-04  1.396e-04 -3.680e-04 -5.521e-05  1.917e+03 
  6.155e-02 -1.659e-09  2.948e-08  2.631e-08  1.097e-08 -1.752e-09  5.908e-03  7.838e-07 
  7.506e-02 -2.983e-08 -1.330e-08 -9.181e-09  1.434e-08  1.833e-09 -2.020e-03  6.251e-08  9.770e-07 
  9.215e-02 -2.889e-08  1.549e-08 -1.475e-08  3.828e-10 -7.418e-10 -1.785e-02  1.380e-08  8.977e-08  9.105e-07 
 -4.596e-02 -9.049e-09 -7.876e-08 -9.610e-09  2.532e-08  2.329e-09  1.338e-03  3.084e-08  3.374e-08 -1.815e-08  7.799e-07 
 PARAMETER  CORRELATION COEFFICIENTS  
       NO.  GLOBAL      1      3      4      6     10     13     20     21     22     23     24
        1  0.38454   1.000 -0.067  0.146  0.036  0.008  0.010  0.069  0.158  0.173  0.220 -0.118
        3  0.30100  -0.067  1.000  0.023  0.192 -0.044 -0.003 -0.049 -0.009 -0.152 -0.153 -0.052
        4  0.26020   0.146  0.023  1.000  0.168 -0.048 -0.005  0.013  0.059 -0.024  0.029 -0.157
        6  0.30525   0.036  0.192  0.168  1.000 -0.056  0.002  0.016  0.153 -0.048 -0.080 -0.056
       10  0.19268   0.008 -0.044 -0.048 -0.056  1.000  0.011 -0.043  0.063  0.074  0.002  0.146
       13  0.02919   0.010 -0.003 -0.005  0.002  0.011  1.000 -0.007 -0.011  0.010 -0.004  0.014
       20  0.49921   0.069 -0.049  0.013  0.016 -0.043 -0.007  1.000  0.152 -0.047 -0.427  0.035
       21  0.28691   0.158 -0.009  0.059  0.153  0.063 -0.011  0.152  1.000  0.071  0.016  0.039
       22  0.25389   0.173 -0.152 -0.024 -0.048  0.074  0.010 -0.047  0.071  1.000  0.095  0.039
       23  0.52660   0.220 -0.153  0.029 -0.080  0.002 -0.004 -0.427  0.016  0.095  1.000 -0.022
       24  0.25096  -0.118 -0.052 -0.157 -0.056  0.146  0.014  0.035  0.039  0.039 -0.022  1.000
MINUIT - FIT ONLY 2-CBO
 **********
 **   25 **RES 
 **********
                   PARAMETER   16  beta_vw RESTORED TO VARIABLE.
                   PARAMETER   14  alpha_vw RESTORED TO VARIABLE.
                   PARAMETER   11  alpha_y RESTORED TO VARIABLE.
                   PARAMETER    9  alpha_2CBO RESTORED TO VARIABLE.
                   PARAMETER    8  beta_CBO RESTORED TO VARIABLE.
 **********
 **   26 **FIX            0
 **********
 PARAMETER    0  IS UNDEFINED. IGNORED.
 **********
 **   27 **FIX            1
 **********
 **********
 **   28 **FIX            2
 **********
 PARAMETER    2  IS CONSTANT.   IGNORED.
 **********
 **   29 **FIX            3
 **********
 **********
 **   30 **FIX            4
 **********
 **********
 **   31 **FIX            5
 **********
 PARAMETER    5  IS CONSTANT.   IGNORED.
 **********
 **   32 **FIX            6
 **********
 **********
 **   33 **FIX            7
 **********
 PARAMETER    7  IS CONSTANT.   IGNORED.
 **********
 **   34 **FIX           10
 **********
 **********
 **   35 **FIX           11
 **********
 **********
 **   36 **FIX           12
 **********
 PARAMETER   12  IS CONSTANT.   IGNORED.
 **********
 **   37 **FIX           13
 **********
 **********
 **   38 **FIX           14
 **********
 **********
 **   39 **FIX           15
 **********
 PARAMETER   15  IS CONSTANT.   IGNORED.
 **********
 **   40 **FIX           16
 **********
 **********
 **   41 **MIGRAD
 **********
 START MIGRAD MINIMIZATION.  STRATEGY  1.  CONVERGENCE WHEN EDM .LT. 1.00e-04
 FCN=77.9783 FROM MIGRAD    STATUS=INITIATE       18 CALLS        1567 TOTAL
                     EDM= unknown      STRATEGY= 1      NO ERROR MATRIX       
  EXT PARAMETER               CURRENT GUESS       STEP         FIRST   
  NO.   NAME      VALUE            ERROR          SIZE      DERIVATIVE 
   1  N0           3.07429e+06     fixed    
   2  tau          6.44052e+01   constant   
   3  A0           3.48380e-01     fixed    
   4  phi          4.11506e+00     fixed    
   5  R           -6.12271e+01   constant   
   6  alpha_CBO    4.65183e-03     fixed    
   7  w_CBO        2.32500e+00   constant   
   8  beta_CBO     0.00000e+00   1.00000e-03   1.00000e-03   3.60995e+04
   9  alpha_2CBO   0.00000e+00   1.00000e-03   1.00000e-03  -9.05817e+03
  10  beta_2CBO    5.41459e-04     fixed    
  11  alpha_y      0.00000e+00     fixed    
  12  w_y          1.38860e+01   constant   
  13  beta_y      -1.37681e-05     fixed    
  14  alpha_vw     0.00000e+00     fixed    
  15  w_vw         1.43404e+01   constant   
  16  beta_vw      0.00000e+00     fixed    
  17  LM           5.13638e-05   constant   
  18  zeta_y       0.00000e+00   constant   
  19  zeta_vw      0.00000e+00   constant   
  20  T_CBO        9.89248e+02   4.34189e+01   3.90015e-04  -6.75949e-04
  21  alpha_A0     1.75942e-03   8.85330e-04   6.33331e-07   2.32566e+00
  22  beta_A0     -3.69685e-05   9.88451e-04  -4.25639e-06  -1.30072e+00
  23  alpha_phi    5.46884e-03   9.54219e-04  -4.51620e-06   2.18689e+00
  24  beta_phi    -2.15515e-03   8.83132e-04   1.17580e-06  -9.02533e-01
 MIGRAD MINIMIZATION HAS CONVERGED.
 MIGRAD WILL VERIFY CONVERGENCE AND ERROR MATRIX.
 COVARIANCE MATRIX CALCULATED SUCCESSFULLY
 FCN=65.3589 FROM MIGRAD    STATUS=CONVERGED     206 CALLS        1755 TOTAL
                     EDM=3.37034e-06    STRATEGY= 1      ERROR MATRIX ACCURATE 
  EXT PARAMETER                                   STEP         FIRST   
  NO.   NAME      VALUE            ERROR          SIZE      DERIVATIVE 
   1  N0           3.07429e+06     fixed    
   2  tau          6.44052e+01   constant   
   3  A0           3.48380e-01     fixed    
   4  phi          4.11506e+00     fixed    
   5  R           -6.12271e+01   constant   
   6  alpha_CBO    4.65183e-03     fixed    
   7  w_CBO        2.32500e+00   constant   
   8  beta_CBO    -6.68818e-04   1.94355e-04   7.65636e-07   2.29054e-01
   9  alpha_2CBO   1.20916e-04   1.95333e-04   7.54773e-07   5.73493e-01
  10  beta_2CBO    5.41459e-04     fixed    
  11  alpha_y      0.00000e+00     fixed    
  12  w_y          1.38860e+01   constant   
  13  beta_y      -1.37681e-05     fixed    
  14  alpha_vw     0.00000e+00     fixed    
  15  w_vw         1.43404e+01   constant   
  16  beta_vw      0.00000e+00     fixed    
  17  LM           5.13638e-05   constant   
  18  zeta_y       0.00000e+00   constant   
  19  zeta_vw      0.00000e+00   constant   
  20  T_CBO        9.99936e+02   9.89395e+02   5.20332e-02   1.32151e-04
  21  alpha_A0     1.88226e-03   8.52245e-04   3.33440e-06  -4.13929e-01
  22  beta_A0     -4.51386e-04   9.32674e-04   3.65274e-06  -5.69618e-01
  23  alpha_phi    5.57056e-03   9.33660e-04   3.49482e-06   8.51413e-01
  24  beta_phi    -2.05976e-03   8.61746e-04   3.37939e-06  -4.27638e-01
 EXTERNAL ERROR MATRIX.    NDIM=  25    NPAR=  7    ERR DEF=1
  3.777e-08  2.874e-09  1.222e-05 -2.393e-09  1.836e-08 -3.357e-10 -1.277e-09 
  2.874e-09  3.816e-08  3.317e-06  1.840e-08 -1.825e-08  2.317e-08  1.519e-08 
  1.222e-05  3.317e-06  1.634e+04  1.221e-02 -2.671e-03  3.621e-02 -1.324e-02 
 -2.393e-09  1.840e-08  1.221e-02  7.263e-07  2.208e-08  6.573e-08  4.500e-08 
  1.836e-08 -1.825e-08 -2.671e-03  2.208e-08  8.699e-07  4.281e-08  1.854e-08 
 -3.357e-10  2.317e-08  3.621e-02  6.573e-08  4.281e-08  8.717e-07 -2.493e-08 
 -1.277e-09  1.519e-08 -1.324e-02  4.500e-08  1.854e-08 -2.493e-08  7.426e-07 
 PARAMETER  CORRELATION COEFFICIENTS  
       NO.  GLOBAL      8      9     20     21     22     23     24
        8  0.13830   1.000  0.076  0.000 -0.014  0.101 -0.002 -0.008
        9  0.23724   0.076  1.000  0.000  0.111 -0.100  0.127  0.090
       20  0.34133   0.000  0.000  1.000  0.112 -0.022  0.303 -0.120
       21  0.18024  -0.014  0.111  0.112  1.000  0.028  0.083  0.061
       22  0.17476   0.101 -0.100 -0.022  0.028  1.000  0.049  0.023
       23  0.33828  -0.002  0.127  0.303  0.083  0.049  1.000 -0.031
       24  0.16732  -0.008  0.090 -0.120  0.061  0.023 -0.031  1.000
MINUIT - FIT wiggle + 1-CBO + 2-CBO
 **********
 **   42 **RES 
 **********
                   PARAMETER   16  beta_vw RESTORED TO VARIABLE.
                   PARAMETER   14  alpha_vw RESTORED TO VARIABLE.
                   PARAMETER   13  beta_y RESTORED TO VARIABLE.
                   PARAMETER   11  alpha_y RESTORED TO VARIABLE.
                   PARAMETER   10  beta_2CBO RESTORED TO VARIABLE.
                   PARAMETER    6  alpha_CBO RESTORED TO VARIABLE.
                   PARAMETER    4  phi RESTORED TO VARIABLE.
                   PARAMETER    3  A0 RESTORED TO VARIABLE.
                   PARAMETER    1  N0 RESTORED TO VARIABLE.
 **********
 **   43 **FIX           10
 **********
 **********
 **   44 **FIX           11
 **********
 **********
 **   45 **FIX           12
 **********
 PARAMETER   12  IS CONSTANT.   IGNORED.
 **********
 **   46 **FIX           13
 **********
 **********
 **   47 **FIX           14
 **********
 **********
 **   48 **FIX           15
 **********
 PARAMETER   15  IS CONSTANT.   IGNORED.
 **********
 **   49 **FIX           16
 **********
 **********
 **   50 **MIGRAD
 **********
 START MIGRAD MINIMIZATION.  STRATEGY  1.  CONVERGENCE WHEN EDM .LT. 1.00e-04
 FCN=65.3589 FROM MIGRAD    STATUS=INITIATE       24 CALLS        1779 TOTAL
                     EDM= unknown      STRATEGY= 1      NO ERROR MATRIX       
  EXT PARAMETER               CURRENT GUESS       STEP         FIRST   
  NO.   NAME      VALUE            ERROR          SIZE      DERIVATIVE 
   1  N0           3.07429e+06   4.39521e+02   4.39521e+02  -1.16839e-03
   2  tau          6.44052e+01   constant   
   3  A0           3.48380e-01   1.98263e-04   1.98263e-04  -4.74987e+03
   4  phi          4.11506e+00   5.66863e-04   5.66863e-04   1.88041e+03
   5  R           -6.12271e+01   constant   
   6  alpha_CBO    4.65183e-03   1.93938e-04   1.93938e-04  -2.29381e+02
   7  w_CBO        2.32500e+00   constant   
   8  beta_CBO    -6.68818e-04   1.94355e-04   7.65636e-07   2.29054e-01
   9  alpha_2CBO   1.20916e-04   1.95333e-04   7.54773e-07   5.73492e-01
  10  beta_2CBO    5.41459e-04     fixed    
  11  alpha_y      0.00000e+00     fixed    
  12  w_y          1.38860e+01   constant   
  13  beta_y      -1.37681e-05     fixed    
  14  alpha_vw     0.00000e+00     fixed    
  15  w_vw         1.43404e+01   constant   
  16  beta_vw      0.00000e+00     fixed    
  17  LM           5.13638e-05   constant   
  18  zeta_y       0.00000e+00   constant   
  19  zeta_vw      0.00000e+00   constant   
  20  T_CBO        9.99936e+02   9.89395e+02   5.20332e-02  -1.49659e-04
  21  alpha_A0     1.88226e-03   8.52245e-04   3.33440e-06  -4.13900e-01
  22  beta_A0     -4.51386e-04   9.32674e-04   3.65274e-06  -5.69565e-01
  23  alpha_phi    5.57056e-03   9.33660e-04   3.49482e-06   8.51414e-01
  24  beta_phi    -2.05976e-03   8.61746e-04   3.37939e-06  -4.27638e-01
 MIGRAD MINIMIZATION HAS CONVERGED.
 MIGRAD WILL VERIFY CONVERGENCE AND ERROR MATRIX.
 COVARIANCE MATRIX CALCULATED SUCCESSFULLY
 FCN=64.8777 FROM MIGRAD    STATUS=CONVERGED     222 CALLS        1977 TOTAL
                     EDM=1.08584e-06    STRATEGY= 1      ERROR MATRIX ACCURATE 
  EXT PARAMETER                                   STEP         FIRST   
  NO.   NAME      VALUE            ERROR          SIZE      DERIVATIVE 
   1  N0           3.07435e+06   4.39712e+02   1.61975e+00   9.15762e-07
   2  tau          6.44052e+01   constant   
   3  A0           3.48463e-01   1.94578e-04   7.24811e-07   3.94787e+00
   4  phi          4.11480e+00   5.56554e-04   2.11094e-06   1.48212e+00
   5  R           -6.12271e+01   constant   
   6  alpha_CBO    4.65928e-03   1.93804e-04   7.31857e-07  -1.96351e+00
   7  w_CBO        2.32500e+00   constant   
   8  beta_CBO    -6.97858e-04   1.98816e-04   7.62830e-07  -1.21010e+00
   9  alpha_2CBO   1.11328e-04   1.96056e-04   7.52005e-07  -1.20307e+00
  10  beta_2CBO    5.41459e-04     fixed    
  11  alpha_y      0.00000e+00     fixed    
  12  w_y          1.38860e+01   constant   
  13  beta_y      -1.37681e-05     fixed    
  14  alpha_vw     0.00000e+00     fixed    
  15  w_vw         1.43404e+01   constant   
  16  beta_vw      0.00000e+00     fixed    
  17  LM           5.13638e-05   constant   
  18  zeta_y       0.00000e+00   constant   
  19  zeta_vw      0.00000e+00   constant   
  20  T_CBO        1.00000e+03   8.88610e+02   5.84783e-02** at limit **
  21  alpha_A0     1.91136e-03   8.69521e-04   3.32174e-06  -4.24405e-01
  22  beta_A0     -5.00469e-04   9.61083e-04   3.63891e-06  -2.72224e-01
  23  alpha_phi    5.51654e-03   9.47632e-04   3.48114e-06   7.57994e-01
  24  beta_phi    -2.05220e-03   8.73805e-04   3.36616e-06  -3.78154e-02
 EXTERNAL ERROR MATRIX.    NDIM=  25    NPAR= 11    ERR DEF=1
  1.933e+05 
 -5.719e-03  3.786e-08 
  3.561e-02  4.169e-09  3.098e-07 
  3.134e-03  7.709e-09  1.807e-08  3.756e-08 
 -4.591e-03 -5.051e-09  1.523e-08 -1.181e-10  3.953e-08 
 -3.831e-03 -1.728e-09  3.547e-09  1.154e-09  3.473e-09  3.844e-08 
  1.501e-01  1.834e-07  7.724e-07  5.069e-08  7.994e-08  1.709e-08  1.340e+00 
  6.175e-02  1.821e-09  1.510e-08  2.487e-08 -4.109e-09  1.794e-08  7.252e-05  7.561e-07 
  7.632e-02 -3.176e-08  1.837e-08 -9.634e-09  2.108e-08 -1.839e-08 -1.759e-05  4.140e-08  9.237e-07 
  8.789e-02 -3.748e-08  1.555e-08 -1.413e-08  2.564e-09  2.285e-08  2.088e-04  6.932e-08  1.094e-07  8.980e-07 
 -4.814e-02 -1.172e-08 -6.845e-08 -7.607e-09 -1.549e-09  1.588e-08 -7.727e-05  3.282e-08  7.357e-09 -1.787e-08  7.635e-07 
 PARAMETER  CORRELATION COEFFICIENTS  
       NO.  GLOBAL      1      3      4      6      8      9     20     21     22     23     24
        1  0.36297   1.000 -0.067  0.145  0.037 -0.053 -0.044  0.000  0.162  0.181  0.211 -0.125
        3  0.34139  -0.067  1.000  0.038  0.204 -0.131 -0.045  0.001  0.011 -0.170 -0.203 -0.069
        4  0.28996   0.145  0.038  1.000  0.168  0.138  0.033  0.001  0.031  0.034  0.029 -0.141
        6  0.30344   0.037  0.204  0.168  1.000 -0.003  0.030  0.000  0.148 -0.052 -0.077 -0.045
        8  0.25042  -0.053 -0.131  0.138 -0.003  1.000  0.089  0.000 -0.024  0.110  0.014 -0.009
        9  0.25158  -0.044 -0.045  0.033  0.030  0.089  1.000  0.000  0.105 -0.098  0.123  0.093
       20  0.22644   0.000  0.001  0.001  0.000  0.000  0.000  1.000  0.072 -0.016  0.190 -0.076
       21  0.26615   0.162  0.011  0.031  0.148 -0.024  0.105  0.072  1.000  0.050  0.084  0.043
       22  0.29542   0.181 -0.170  0.034 -0.052  0.110 -0.098 -0.016  0.050  1.000  0.120  0.009
       23  0.37527   0.211 -0.203  0.029 -0.077  0.014  0.123  0.190  0.084  0.120  1.000 -0.022
       24  0.23486  -0.125 -0.069 -0.141 -0.045 -0.009  0.093 -0.076  0.043  0.009 -0.022  1.000
MINUIT - FIT ONLY 1-y
 **********
 **   51 **RES 
 **********
                   PARAMETER   16  beta_vw RESTORED TO VARIABLE.
                   PARAMETER   14  alpha_vw RESTORED TO VARIABLE.
                   PARAMETER   13  beta_y RESTORED TO VARIABLE.
                   PARAMETER   11  alpha_y RESTORED TO VARIABLE.
                   PARAMETER   10  beta_2CBO RESTORED TO VARIABLE.
 **********
 **   52 **FIX            0
 **********
 PARAMETER    0  IS UNDEFINED. IGNORED.
 **********
 **   53 **FIX            1
 **********
 **********
 **   54 **FIX            2
 **********
 PARAMETER    2  IS CONSTANT.   IGNORED.
 **********
 **   55 **FIX            3
 **********
 **********
 **   56 **FIX            4
 **********
 **********
 **   57 **FIX            5
 **********
 PARAMETER    5  IS CONSTANT.   IGNORED.
 **********
 **   58 **FIX            6
 **********
 **********
 **   59 **FIX            7
 **********
 PARAMETER    7  IS CONSTANT.   IGNORED.
 **********
 **   60 **FIX            8
 **********
 **********
 **   61 **FIX            9
 **********
 **********
 **   62 **FIX           13
 **********
 **********
 **   63 **FIX           14
 **********
 **********
 **   64 **FIX           15
 **********
 PARAMETER   15  IS CONSTANT.   IGNORED.
 **********
 **   65 **FIX           16
 **********
 **********
 **   66 **MIGRAD
 **********
 START MIGRAD MINIMIZATION.  STRATEGY  1.  CONVERGENCE WHEN EDM .LT. 1.00e-04
 FCN=64.8777 FROM MIGRAD    STATUS=INITIATE       16 CALLS        1993 TOTAL
                     EDM= unknown      STRATEGY= 1      NO ERROR MATRIX       
  EXT PARAMETER               CURRENT GUESS       STEP         FIRST   
  NO.   NAME      VALUE            ERROR          SIZE      DERIVATIVE 
   1  N0           3.07435e+06     fixed    
   2  tau          6.44052e+01   constant   
   3  A0           3.48463e-01     fixed    
   4  phi          4.11480e+00     fixed    
   5  R           -6.12271e+01   constant   
   6  alpha_CBO    4.65928e-03     fixed    
   7  w_CBO        2.32500e+00   constant   
   8  beta_CBO    -6.97858e-04     fixed    
   9  alpha_2CBO   1.11328e-04     fixed    
  10  beta_2CBO    5.41459e-04   1.96334e-04   1.96334e-04   6.63583e+02
  11  alpha_y      0.00000e+00   1.00000e-03   1.00000e-03  -5.18397e+03
  12  w_y          1.38860e+01   constant   
  13  beta_y      -1.37681e-05     fixed    
  14  alpha_vw     0.00000e+00     fixed    
  15  w_vw         1.43404e+01   constant   
  16  beta_vw      0.00000e+00     fixed    
  17  LM           5.13638e-05   constant   
  18  zeta_y       0.00000e+00   constant   
  19  zeta_vw      0.00000e+00   constant   
  20  T_CBO        9.99999e+02   8.88610e+02   5.84783e-02  -1.83287e-05
  21  alpha_A0     1.91136e-03   8.69521e-04   3.32174e-06  -4.25168e-01
  22  beta_A0     -5.00469e-04   9.61083e-04   3.63891e-06  -2.71920e-01
  23  alpha_phi    5.51654e-03   9.47632e-04   3.48114e-06   7.55971e-01
  24  beta_phi    -2.05220e-03   8.73805e-04   3.36616e-06  -3.69847e-02
 MIGRAD MINIMIZATION HAS CONVERGED.
 MIGRAD WILL VERIFY CONVERGENCE AND ERROR MATRIX.
 COVARIANCE MATRIX CALCULATED SUCCESSFULLY
 FCN=64.6341 FROM MIGRAD    STATUS=CONVERGED     115 CALLS        2092 TOTAL
                     EDM=1.08835e-07    STRATEGY= 1      ERROR MATRIX ACCURATE 
  EXT PARAMETER                                   STEP         FIRST   
  NO.   NAME      VALUE            ERROR          SIZE      DERIVATIVE 
   1  N0           3.07435e+06     fixed    
   2  tau          6.44052e+01   constant   
   3  A0           3.48463e-01     fixed    
   4  phi          4.11480e+00     fixed    
   5  R           -6.12271e+01   constant   
   6  alpha_CBO    4.65928e-03     fixed    
   7  w_CBO        2.32500e+00   constant   
   8  beta_CBO    -6.97858e-04     fixed    
   9  alpha_2CBO   1.11328e-04     fixed    
  10  beta_2CBO    5.27651e-04   1.91368e-04   7.40449e-07  -4.48036e-01
  11  alpha_y      9.22404e-05   1.88422e-04   7.45033e-07   2.46072e-01
  12  w_y          1.38860e+01   constant   
  13  beta_y      -1.37681e-05     fixed    
  14  alpha_vw     0.00000e+00     fixed    
  15  w_vw         1.43404e+01   constant   
  16  beta_vw      0.00000e+00     fixed    
  17  LM           5.13638e-05   constant   
  18  zeta_y       0.00000e+00   constant   
  19  zeta_vw      0.00000e+00   constant   
  20  T_CBO        1.00000e+03   8.38016e+02   5.63205e-02** at limit **
  21  alpha_A0     1.90882e-03   8.46941e-04   3.31559e-06   3.60403e-01
  22  beta_A0     -5.05377e-04   9.28810e-04   3.63218e-06   3.20966e-01
  23  alpha_phi    5.52663e-03   9.00041e-04   3.47468e-06   1.40951e-01
  24  beta_phi    -2.05285e-03   8.61825e-04   3.35992e-06  -6.99475e-02
 EXTERNAL ERROR MATRIX.    NDIM=  25    NPAR=  7    ERR DEF=1
  3.662e-08 -6.419e-10  5.529e-11  1.490e-08  2.125e-08 -1.209e-08  2.205e-08 
 -6.419e-10  3.550e-08 -1.825e-11  8.197e-10  7.317e-10  2.429e-09  2.562e-09 
  5.529e-11 -1.825e-11  6.294e-06  1.480e-07 -3.621e-08  4.276e-07 -1.575e-07 
  1.490e-08  8.197e-10  1.480e-07  7.173e-07  4.279e-08  3.271e-08  5.267e-08 
  2.125e-08  7.317e-10 -3.621e-08  4.279e-08  8.627e-07  5.148e-08  3.885e-08 
 -1.209e-08  2.429e-09  4.276e-07  3.271e-08  5.148e-08  8.101e-07 -2.272e-08 
  2.205e-08  2.562e-09 -1.575e-07  5.267e-08  3.885e-08 -2.272e-08  7.427e-07 
 PARAMETER  CORRELATION COEFFICIENTS  
       NO.  GLOBAL     10     11     20     21     22     23     24
       10  0.20805   1.000 -0.018  0.000  0.092  0.120 -0.070  0.134
       11  0.02971  -0.018  1.000 -0.000  0.005  0.004  0.014  0.016
       20  0.21444   0.000 -0.000  1.000  0.070 -0.016  0.189 -0.073
       21  0.14366   0.092  0.005  0.070  1.000  0.054  0.043  0.072
       22  0.15080   0.120  0.004 -0.016  0.054  1.000  0.062  0.049
       23  0.21809  -0.070  0.014  0.189  0.043  0.062  1.000 -0.029
       24  0.16944   0.134  0.016 -0.073  0.072  0.049 -0.029  1.000
MINUIT - FIT ONLY 2-y
 **********
 **   67 **RES 
 **********
                   PARAMETER   16  beta_vw RESTORED TO VARIABLE.
                   PARAMETER   14  alpha_vw RESTORED TO VARIABLE.
                   PARAMETER   13  beta_y RESTORED TO VARIABLE.
                   PARAMETER    9  alpha_2CBO RESTORED TO VARIABLE.
                   PARAMETER    8  beta_CBO RESTORED TO VARIABLE.
                   PARAMETER    6  alpha_CBO RESTORED TO VARIABLE.
                   PARAMETER    4  phi RESTORED TO VARIABLE.
                   PARAMETER    3  A0 RESTORED TO VARIABLE.
                   PARAMETER    1  N0 RESTORED TO VARIABLE.
 **********
 **   68 **FIX            0
 **********
 PARAMETER    0  IS UNDEFINED. IGNORED.
 **********
 **   69 **FIX            1
 **********
 **********
 **   70 **FIX            2
 **********
 PARAMETER    2  IS CONSTANT.   IGNORED.
 **********
 **   71 **FIX            3
 **********
 **********
 **   72 **FIX            4
 **********
 **********
 **   73 **FIX            5
 **********
 PARAMETER    5  IS CONSTANT.   IGNORED.
 **********
 **   74 **FIX            6
 **********
 **********
 **   75 **FIX            7
 **********
 PARAMETER    7  IS CONSTANT.   IGNORED.
 **********
 **   76 **FIX            8
 **********
 **********
 **   77 **FIX            9
 **********
 **********
 **   78 **FIX           10
 **********
 **********
 **   79 **FIX           11
 **********
 **********
 **   80 **FIX           12
 **********
 PARAMETER   12  IS CONSTANT.   IGNORED.
 **********
 **   81 **FIX           16
 **********
 **********
 **   82 **MIGRAD
 **********
 START MIGRAD MINIMIZATION.  STRATEGY  1.  CONVERGENCE WHEN EDM .LT. 1.00e-04
 FCN=64.6341 FROM MIGRAD    STATUS=INITIATE       16 CALLS        2108 TOTAL
                     EDM= unknown      STRATEGY= 1      NO ERROR MATRIX       
  EXT PARAMETER               CURRENT GUESS       STEP         FIRST   
  NO.   NAME      VALUE            ERROR          SIZE      DERIVATIVE 
   1  N0           3.07435e+06     fixed    
   2  tau          6.44052e+01   constant   
   3  A0           3.48463e-01     fixed    
   4  phi          4.11480e+00     fixed    
   5  R           -6.12271e+01   constant   
   6  alpha_CBO    4.65928e-03     fixed    
   7  w_CBO        2.32500e+00   constant   
   8  beta_CBO    -6.97858e-04     fixed    
   9  alpha_2CBO   1.11328e-04     fixed    
  10  beta_2CBO    5.27651e-04     fixed    
  11  alpha_y      9.22404e-05     fixed    
  12  w_y          1.38860e+01   constant   
  13  beta_y      -1.37681e-05   1.88170e-04   1.88170e-04  -3.55996e+02
  14  alpha_vw     0.00000e+00   1.00000e-03   1.00000e-03  -5.33710e+03
  15  w_vw         1.43404e+01   constant   
  16  beta_vw      0.00000e+00     fixed    
  17  LM           5.13638e-05   constant   
  18  zeta_y       0.00000e+00   constant   
  19  zeta_vw      0.00000e+00   constant   
  20  T_CBO        9.99999e+02   8.38016e+02   5.63205e-02  -1.88673e-05
  21  alpha_A0     1.90882e-03   8.46941e-04   3.31559e-06   3.59670e-01
  22  beta_A0     -5.05377e-04   9.28810e-04   3.63218e-06   3.21273e-01
  23  alpha_phi    5.52663e-03   9.00041e-04   3.47468e-06   1.38910e-01
  24  beta_phi    -2.05285e-03   8.61825e-04   3.35992e-06  -6.91111e-02
 MIGRAD MINIMIZATION HAS CONVERGED.
 MIGRAD WILL VERIFY CONVERGENCE AND ERROR MATRIX.
 COVARIANCE MATRIX CALCULATED SUCCESSFULLY
 FCN=64.3757 FROM MIGRAD    STATUS=CONVERGED     114 CALLS        2206 TOTAL
                     EDM=1.00414e-07    STRATEGY= 1      ERROR MATRIX ACCURATE 
  EXT PARAMETER                                   STEP         FIRST   
  NO.   NAME      VALUE            ERROR          SIZE      DERIVATIVE 
   1  N0           3.07435e+06     fixed    
   2  tau          6.44052e+01   constant   
   3  A0           3.48463e-01     fixed    
   4  phi          4.11480e+00     fixed    
   5  R           -6.12271e+01   constant   
   6  alpha_CBO    4.65928e-03     fixed    
   7  w_CBO        2.32500e+00   constant   
   8  beta_CBO    -6.97858e-04     fixed    
   9  alpha_2CBO   1.11328e-04     fixed    
  10  beta_2CBO    5.27651e-04     fixed    
  11  alpha_y      9.22404e-05     fixed    
  12  w_y          1.38860e+01   constant   
  13  beta_y      -2.79050e-05   1.92957e-04   7.44633e-07  -7.42100e-02
  14  alpha_vw     9.77472e-05   1.92742e-04   7.44100e-07  -1.93572e-01
  15  w_vw         1.43404e+01   constant   
  16  beta_vw      0.00000e+00     fixed    
  17  LM           5.13638e-05   constant   
  18  zeta_y       0.00000e+00   constant   
  19  zeta_vw      0.00000e+00   constant   
  20  T_CBO        1.00000e+03   8.46492e+02   5.06605e-02** at limit **
  21  alpha_A0     1.90758e-03   8.42981e-04   3.30906e-06   3.77684e-01
  22  beta_A0     -5.07359e-04   9.22355e-04   3.62502e-06  -1.33735e-01
  23  alpha_phi    5.52713e-03   8.94716e-04   3.46784e-06   3.15667e-01
  24  beta_phi    -2.05492e-03   8.53588e-04   3.35330e-06   5.59202e-02
 EXTERNAL ERROR MATRIX.    NDIM=  25    NPAR=  7    ERR DEF=1
  3.723e-08 -7.781e-09 -2.164e-09 -1.329e-09  4.106e-09 -1.342e-09  2.100e-09 
 -7.781e-09  3.715e-08 -2.082e-10 -3.728e-10 -9.448e-10  2.589e-10 -9.322e-10 
 -2.164e-09 -2.082e-10  3.380e-02  9.759e-06 -2.404e-06  2.823e-05 -1.041e-05 
 -1.329e-09 -3.728e-10  9.759e-06  7.106e-07  3.413e-08  3.571e-08  4.424e-08 
  4.106e-09 -9.448e-10 -2.404e-06  3.413e-08  8.507e-07  5.874e-08  2.604e-08 
 -1.342e-09  2.589e-10  2.823e-05  3.571e-08  5.874e-08  8.005e-07 -1.369e-08 
  2.100e-09 -9.322e-10 -1.041e-05  4.424e-08  2.604e-08 -1.369e-08  7.286e-07 
 PARAMETER  CORRELATION COEFFICIENTS  
       NO.  GLOBAL     13     14     20     21     22     23     24
       13  0.21107   1.000 -0.209 -0.000 -0.008  0.023 -0.008  0.013
       14  0.20926  -0.209  1.000 -0.000 -0.002 -0.005  0.002 -0.006
       20  0.19404  -0.000 -0.000  1.000  0.063 -0.014  0.172 -0.066
       21  0.10682  -0.008 -0.002  0.063  1.000  0.044  0.047  0.061
       22  0.09494   0.023 -0.005 -0.014  0.044  1.000  0.071  0.033
       23  0.19024  -0.008  0.002  0.172  0.047  0.071  1.000 -0.018
       24  0.09935   0.013 -0.006 -0.066  0.061  0.033 -0.018  1.000
MINUIT - FIT ALTOGETHER
