 + ++++++++++++++++++++++++++++++++++++++++++++++++++++++++++++++++++++ +
 +                                                                      +
 +           You have chose to blind your fitting according to          +
 +                omega_ref * (1 + (R +/- deltaR) *10^{-6})             +
 +                                                                      +
 + ++++++++++++++++++++++++++++++++++++++++++++++++++++++++++++++++++++ +
In main()...
reading format from /gm2data/zkhechad/run45/envelope/formats/formatB_sBin_constraintOn.txt
pBinTau 	= 0  
pBinPhi 	= 0  
constraintau 	= 1 
includeMopTerm 	= 0    
constrainMop    = 0   
Parameters after format file: pBinTau 0 pBinPhi 0 constraintau 1 includeMopTerm 0 constrainMop 0 c_e_scale 0.000000 
Opening file /gm2data/tbarrett/gm2fr/studies/run23_bunch_corrections/CorrectedFourier_Run3b.root.
reading full fit data from /gm2data/zkhechad/cboTemplates/Run4CBOTemplates/fullFits/noRF/sBin_constraintOn_cE0.0_seed0_noRF_calo4.root
windowBins = 69
fitting sliding window 2380 from bin 2516 at 375.238000 to bin 2585 at 385.682000 (69 bins)

Reading data from /gm2data/cornell/histograms/aMethod/histogram_a_noRF.root
 **********
 **    1 **SET PRINTOUT            1
 **********
 **********
 **    2 **SET NOWARNINGS 
 **********
 PARAMETER DEFINITIONS:
    NO.   NAME         VALUE      STEP SIZE      LIMITS
     1 N0           2.96874e+06  1.00000e+02     no limits
     2 tau          6.44041e+01  constant
     3 A0           3.53299e-01  1.00000e-04     no limits
     4 phi          4.11736e+00  1.00000e-02     no limits
     5 R           -5.92716e+01  constant
     6 alpha_CBO    0.00000e+00  1.00000e-03     no limits
     7 w_CBO        2.32500e+00  constant
     8 beta_CBO     0.00000e+00  1.00000e-03     no limits
     9 alpha_2CBO   0.00000e+00  1.00000e-03     no limits
    10 beta_2CBO    0.00000e+00  1.00000e-03     no limits
    11 alpha_y      0.00000e+00  1.00000e-03     no limits
    12 w_y          1.38860e+01  constant
    13 beta_y       0.00000e+00  1.00000e-03     no limits
    14 alpha_vw     0.00000e+00  1.00000e-03     no limits
    15 w_vw         1.43404e+01  constant
    16 beta_vw      0.00000e+00  1.00000e-03     no limits
    17 LM           4.68092e-05  constant
    18 zeta_y       0.00000e+00  constant
    19 zeta_vw      0.00000e+00  constant
    20 T_CBO        1.00000e+02  1.00000e+00    0.00000e+00  1.00000e+03
    21 alpha_A0     0.00000e+00  1.00000e-04   -1.00000e-02  1.00000e-02
    22 beta_A0      0.00000e+00  1.00000e-04   -1.00000e-02  1.00000e-02
    23 alpha_phi    0.00000e+00  1.00000e-04   -1.00000e-02  1.00000e-02
    24 beta_phi     0.00000e+00  1.00000e-04   -1.00000e-02  1.00000e-02
MINUIT - FIT ONLY WIGGLE
 **********
 **    3 **FIX            5
 **********
 PARAMETER    5  IS CONSTANT.   IGNORED.
 **********
 **    4 **FIX            6
 **********
 **********
 **    5 **FIX            7
 **********
 PARAMETER    7  IS CONSTANT.   IGNORED.
 **********
 **    6 **FIX            8
 **********
 **********
 **    7 **FIX            9
 **********
 **********
 **    8 **FIX           10
 **********
 **********
 **    9 **FIX           11
 **********
 **********
 **   10 **FIX           12
 **********
 PARAMETER   12  IS CONSTANT.   IGNORED.
 **********
 **   11 **FIX           13
 **********
 **********
 **   12 **FIX           14
 **********
 **********
 **   13 **FIX           15
 **********
 PARAMETER   15  IS CONSTANT.   IGNORED.
 **********
 **   14 **FIX           16
 **********
 **********
 **   15 **MIGRAD
 **********
 FIRST CALL TO USER FUNCTION AT NEW START POINT, WITH IFLAG=4.
 START MIGRAD MINIMIZATION.  STRATEGY  1.  CONVERGENCE WHEN EDM .LT. 1.00e-04
 FCN=66.1624 FROM MIGRAD    STATUS=INITIATE      437 CALLS         438 TOTAL
                     EDM= unknown      STRATEGY= 1      NO ERROR MATRIX       
  EXT PARAMETER               CURRENT GUESS       STEP         FIRST   
  NO.   NAME      VALUE            ERROR          SIZE      DERIVATIVE 
   1  N0           2.96874e+06   1.00000e+02   0.00000e+00  -9.67495e-04
   2  tau          6.44041e+01   constant   
   3  A0           3.53299e-01   1.00000e-04   0.00000e+00   1.18848e+02
   4  phi          4.11736e+00   1.00000e-02   0.00000e+00   7.29003e+02
   5  R           -5.92716e+01   constant   
   6  alpha_CBO    0.00000e+00     fixed    
   7  w_CBO        2.32500e+00   constant   
   8  beta_CBO     0.00000e+00     fixed    
   9  alpha_2CBO   0.00000e+00     fixed    
  10  beta_2CBO    0.00000e+00     fixed    
  11  alpha_y      0.00000e+00     fixed    
  12  w_y          1.38860e+01   constant   
  13  beta_y       0.00000e+00     fixed    
  14  alpha_vw     0.00000e+00     fixed    
  15  w_vw         1.43404e+01   constant   
  16  beta_vw      0.00000e+00     fixed    
  17  LM           4.68092e-05   constant   
  18  zeta_y       0.00000e+00   constant   
  19  zeta_vw      0.00000e+00   constant   
  20  T_CBO        1.00000e+02   1.00000e+00   0.00000e+00   0.00000e+00
  21  alpha_A0     0.00000e+00   1.00000e-04   0.00000e+00   9.64365e-02
  22  beta_A0      0.00000e+00   1.00000e-04   0.00000e+00   3.94957e-02
  23  alpha_phi    0.00000e+00   1.00000e-04   0.00000e+00   2.19853e-01
  24  beta_phi     0.00000e+00   1.00000e-04   0.00000e+00  -2.01550e-02
 MIGRAD MINIMIZATION HAS CONVERGED.
 FCN=57.2846 FROM MIGRAD    STATUS=CONVERGED     785 CALLS         786 TOTAL
                     EDM=3.6039e-06    STRATEGY= 1  ERROR MATRIX UNCERTAINTY   0.5 per cent
  EXT PARAMETER                                   STEP         FIRST   
  NO.   NAME      VALUE            ERROR          SIZE      DERIVATIVE 
   1  N0           2.97278e+06   2.49303e+03   2.26964e+00   3.18697e-07
   2  tau          6.44041e+01   constant   
   3  A0           3.53609e-01   9.84758e-04  -5.12390e-06  -8.23325e-01
   4  phi          4.11363e+00   3.20803e-03  -1.07158e-05  -6.76196e-01
   5  R           -5.92716e+01   constant   
   6  alpha_CBO    0.00000e+00     fixed    
   7  w_CBO        2.32500e+00   constant   
   8  beta_CBO     0.00000e+00     fixed    
   9  alpha_2CBO   0.00000e+00     fixed    
  10  beta_2CBO    0.00000e+00     fixed    
  11  alpha_y      0.00000e+00     fixed    
  12  w_y          1.38860e+01   constant   
  13  beta_y       0.00000e+00     fixed    
  14  alpha_vw     0.00000e+00     fixed    
  15  w_vw         1.43404e+01   constant   
  16  beta_vw      0.00000e+00     fixed    
  17  LM           4.68092e-05   constant   
  18  zeta_y       0.00000e+00   constant   
  19  zeta_vw      0.00000e+00   constant   
  20  T_CBO        1.00000e+03   9.71026e+02   2.05623e-02** at limit **
  21  alpha_A0    -7.95013e-03   1.44232e-02   6.84958e-06   3.55831e-05
  22  beta_A0     -2.57108e-03   6.91777e-03   6.73457e-04   2.40701e-04
  23  alpha_phi   -9.99998e-03   1.25633e-02  -5.80347e-03   2.80831e-03
  24  beta_phi     2.22272e-03   5.48512e-03   5.40214e-04  -1.58671e-03
 EXTERNAL ERROR MATRIX.    NDIM=  25    NPAR=  8    ERR DEF=1
  6.215e+06  4.095e-01 -3.082e-01 -3.622e+01  3.259e+00 -5.230e-01  1.503e-03  2.258e+00 
  4.095e-01  9.697e-07 -6.441e-08 -4.054e-06  5.354e-08  4.993e-07  1.715e-09 -3.813e-07 
 -3.082e-01 -6.441e-08  1.029e-05 -8.215e-06 -6.813e-07  4.872e-06  3.027e-09 -1.780e-06 
 -3.622e+01 -4.054e-06 -8.215e-06  1.249e+00 -1.979e-04 -6.950e-05 -1.750e-06 -2.246e-04 
  3.259e+00  5.354e-08 -6.813e-07 -1.979e-04  3.744e-05 -2.602e-06 -3.595e-09 -1.330e-07 
 -5.230e-01  4.993e-07  4.872e-06 -6.950e-05 -2.602e-06  5.945e-05 -3.389e-09 -4.051e-06 
  1.503e-03  1.715e-09  3.027e-09 -1.750e-06 -3.595e-09 -3.389e-09  4.516e-10  5.453e-10 
  2.258e+00 -3.813e-07 -1.780e-06 -2.246e-04 -1.330e-07 -4.051e-06  5.453e-10  3.394e-05 
 PARAMETER  CORRELATION COEFFICIENTS  
       NO.  GLOBAL      1      3      4     20     21     22     23     24
        1  0.31861   1.000  0.167 -0.039 -0.013  0.214 -0.027  0.028  0.155
        3  0.22093   0.167  1.000 -0.020 -0.004  0.009  0.066  0.082 -0.066
        4  0.22284  -0.039 -0.020  1.000 -0.002 -0.035  0.197  0.044 -0.095
       20  0.08820  -0.013 -0.004 -0.002  1.000 -0.029 -0.008 -0.074 -0.034
       21  0.23014   0.214  0.009 -0.035 -0.029  1.000 -0.055 -0.028 -0.004
       22  0.22842  -0.027  0.066  0.197 -0.008 -0.055  1.000 -0.021 -0.090
       23  0.13034   0.028  0.082  0.044 -0.074 -0.028 -0.021  1.000  0.004
       24  0.22007   0.155 -0.066 -0.095 -0.034 -0.004 -0.090  0.004  1.000
MINUIT - FIT ONLY 1-CBO + wiggle
 **********
 **   16 **RES 
 **********
                   PARAMETER   16  beta_vw RESTORED TO VARIABLE.
                   PARAMETER   14  alpha_vw RESTORED TO VARIABLE.
                   PARAMETER   13  beta_y RESTORED TO VARIABLE.
                   PARAMETER   11  alpha_y RESTORED TO VARIABLE.
                   PARAMETER   10  beta_2CBO RESTORED TO VARIABLE.
                   PARAMETER    9  alpha_2CBO RESTORED TO VARIABLE.
                   PARAMETER    8  beta_CBO RESTORED TO VARIABLE.
                   PARAMETER    6  alpha_CBO RESTORED TO VARIABLE.
 **********
 **   17 **FIX            8
 **********
 **********
 **   18 **FIX            9
 **********
 **********
 **   19 **FIX           11
 **********
 **********
 **   20 **FIX           12
 **********
 PARAMETER   12  IS CONSTANT.   IGNORED.
 **********
 **   21 **FIX           14
 **********
 **********
 **   22 **FIX           15
 **********
 PARAMETER   15  IS CONSTANT.   IGNORED.
 **********
 **   23 **FIX           16
 **********
 **********
 **   24 **MIGRAD
 **********
 START MIGRAD MINIMIZATION.  STRATEGY  1.  CONVERGENCE WHEN EDM .LT. 1.00e-04
 FCN=57.2846 FROM MIGRAD    STATUS=INITIATE       28 CALLS         814 TOTAL
                     EDM= unknown      STRATEGY= 1      NO ERROR MATRIX       
  EXT PARAMETER               CURRENT GUESS       STEP         FIRST   
  NO.   NAME      VALUE            ERROR          SIZE      DERIVATIVE 
   1  N0           2.97278e+06   2.49303e+03   2.26964e+00   3.18697e-07
   2  tau          6.44041e+01   constant   
   3  A0           3.53609e-01   9.84758e-04  -5.12390e-06  -8.23325e-01
   4  phi          4.11363e+00   3.20803e-03  -1.07158e-05  -6.76196e-01
   5  R           -5.92716e+01   constant   
   6  alpha_CBO    0.00000e+00   1.00000e-03   1.00000e-03   1.24277e+03
   7  w_CBO        2.32500e+00   constant   
   8  beta_CBO     0.00000e+00     fixed    
   9  alpha_2CBO   0.00000e+00     fixed    
  10  beta_2CBO    0.00000e+00   1.00000e-03   1.00000e-03   1.56012e+03
  11  alpha_y      0.00000e+00     fixed    
  12  w_y          1.38860e+01   constant   
  13  beta_y       0.00000e+00   1.00000e-03   1.00000e-03  -2.81064e-01
  14  alpha_vw     0.00000e+00     fixed    
  15  w_vw         1.43404e+01   constant   
  16  beta_vw      0.00000e+00     fixed    
  17  LM           4.68092e-05   constant   
  18  zeta_y       0.00000e+00   constant   
  19  zeta_vw      0.00000e+00   constant   
  20  T_CBO        1.00000e+03   9.71026e+02   2.05623e-02** at limit **
  21  alpha_A0    -7.95013e-03   1.44232e-02   6.84958e-06  -3.55862e-05
  22  beta_A0     -2.57108e-03   6.91777e-03   6.73457e-04  -2.40698e-04
  23  alpha_phi   -9.99998e-03   1.25633e-02  -5.80347e-03   2.80831e-03
  24  beta_phi     2.22272e-03   5.48512e-03   5.40214e-04  -1.58671e-03
 MIGRAD MINIMIZATION HAS CONVERGED.
 MIGRAD WILL VERIFY CONVERGENCE AND ERROR MATRIX.
 COVARIANCE MATRIX CALCULATED SUCCESSFULLY
 FCN=55.9486 FROM MIGRAD    STATUS=CONVERGED     223 CALLS        1009 TOTAL
                     EDM=3.95218e-07    STRATEGY= 1      ERROR MATRIX ACCURATE 
  EXT PARAMETER                                   STEP         FIRST   
  NO.   NAME      VALUE            ERROR          SIZE      DERIVATIVE 
   1  N0           2.97278e+06   2.59236e+03   8.25372e+00   1.52964e-07
   2  tau          6.44041e+01   constant   
   3  A0           3.53615e-01   1.01692e-03   3.63863e-06  -3.27812e-01
   4  phi          4.11401e+00   3.34087e-03   1.16500e-05  -7.65206e-02
   5  R           -5.92716e+01   constant   
   6  alpha_CBO   -8.34154e-04   1.17411e-03   4.18713e-06   1.49799e-01
   7  w_CBO        2.32500e+00   constant   
   8  beta_CBO     0.00000e+00     fixed    
   9  alpha_2CBO   0.00000e+00     fixed    
  10  beta_2CBO   -1.04813e-03   1.16906e-03   4.22661e-06  -1.90290e-01
  11  alpha_y      0.00000e+00     fixed    
  12  w_y          1.38860e+01   constant   
  13  beta_y      -7.61834e-06   1.16029e-03   4.27325e-06   5.36847e-02
  14  alpha_vw     0.00000e+00     fixed    
  15  w_vw         1.43404e+01   constant   
  16  beta_vw      0.00000e+00     fixed    
  17  LM           4.68092e-05   constant   
  18  zeta_y       0.00000e+00   constant   
  19  zeta_vw      0.00000e+00   constant   
  20  T_CBO        1.00000e+03   8.77211e+02   7.75835e-03** at limit **
  21  alpha_A0    -7.80638e-03   1.08205e-02   3.61987e-03   5.11527e-04
  22  beta_A0     -1.73922e-03   6.68173e-03   2.63437e-03  -1.71368e-04
  23  alpha_phi   -1.00000e-02   3.96423e-03   3.40063e-03** at limit **
  24  beta_phi     2.29225e-03   5.43174e-03   2.14600e-03   6.46595e-04
 EXTERNAL ERROR MATRIX.    NDIM=  25    NPAR= 11    ERR DEF=1
  6.720e+06 
  5.875e-01  1.034e-06 
 -9.585e-02  8.777e-08  1.116e-05 
 -2.840e-02 -3.519e-08 -9.758e-07  1.379e-06 
  1.612e-02  1.973e-08  2.926e-07 -2.902e-08  1.367e-06 
  2.290e-02 -1.291e-08 -5.187e-08  3.851e-09  6.979e-09  1.346e-06 
 -2.414e-03 -1.039e-09 -7.471e-09  1.140e-08  3.989e-09  2.404e-11  1.932e-04 
 -3.652e+00 -2.487e-07  9.464e-07 -1.593e-07 -5.862e-08  1.071e-07 -1.702e-07  3.978e-05 
 -4.909e-01 -3.654e-07 -5.305e-06  6.911e-07 -1.619e-06  1.240e-07 -1.882e-08 -7.067e-07  5.393e-05 
 -5.548e-08 -2.592e-14 -1.506e-13  2.448e-13  8.694e-14  3.228e-16 -1.465e-14 -1.035e-14  3.860e-13  9.200e-14 
  2.216e+00 -2.055e-07 -8.053e-07  9.753e-08 -1.636e-07  8.836e-08  5.240e-08  6.129e-07  1.499e-06  4.566e-14  3.321e-05 
 PARAMETER  CORRELATION COEFFICIENTS  
       NO.  GLOBAL      1      3      4      6     10     13     20     21     22     23     24
        1  0.34948   1.000  0.223 -0.011 -0.009  0.005  0.008 -0.000 -0.223 -0.026 -0.000  0.148
        3  0.23887   0.223  1.000  0.026 -0.029  0.017 -0.011 -0.000 -0.039 -0.049 -0.000 -0.035
        4  0.32312  -0.011  0.026  1.000 -0.249  0.075 -0.013 -0.000  0.045 -0.216 -0.000 -0.042
        6  0.25164  -0.009 -0.029 -0.249  1.000 -0.021  0.003  0.001 -0.022  0.080  0.001  0.014
       10  0.19315   0.005  0.017  0.075 -0.021  1.000  0.005  0.000 -0.008 -0.189  0.000 -0.024
       13  0.03179   0.008 -0.011 -0.013  0.003  0.005  1.000  0.000  0.015  0.015  0.000  0.013
       20  0.00228  -0.000 -0.000 -0.000  0.001  0.000  0.000  1.000 -0.002 -0.000 -0.000  0.001
       21  0.23532  -0.223 -0.039  0.045 -0.022 -0.008  0.015 -0.002  1.000 -0.015 -0.000  0.017
       22  0.28329  -0.026 -0.049 -0.216  0.080 -0.189  0.015 -0.000 -0.015  1.000  0.000  0.035
       23  0.00076  -0.000 -0.000 -0.000  0.001  0.000  0.000 -0.000 -0.000  0.000  1.000  0.000
       24  0.18015   0.148 -0.035 -0.042  0.014 -0.024  0.013  0.001  0.017  0.035  0.000  1.000
MINUIT - FIT ONLY 2-CBO
 **********
 **   25 **RES 
 **********
                   PARAMETER   16  beta_vw RESTORED TO VARIABLE.
                   PARAMETER   14  alpha_vw RESTORED TO VARIABLE.
                   PARAMETER   11  alpha_y RESTORED TO VARIABLE.
                   PARAMETER    9  alpha_2CBO RESTORED TO VARIABLE.
                   PARAMETER    8  beta_CBO RESTORED TO VARIABLE.
 **********
 **   26 **FIX            0
 **********
 PARAMETER    0  IS UNDEFINED. IGNORED.
 **********
 **   27 **FIX            1
 **********
 **********
 **   28 **FIX            2
 **********
 PARAMETER    2  IS CONSTANT.   IGNORED.
 **********
 **   29 **FIX            3
 **********
 **********
 **   30 **FIX            4
 **********
 **********
 **   31 **FIX            5
 **********
 PARAMETER    5  IS CONSTANT.   IGNORED.
 **********
 **   32 **FIX            6
 **********
 **********
 **   33 **FIX            7
 **********
 PARAMETER    7  IS CONSTANT.   IGNORED.
 **********
 **   34 **FIX           10
 **********
 **********
 **   35 **FIX           11
 **********
 **********
 **   36 **FIX           12
 **********
 PARAMETER   12  IS CONSTANT.   IGNORED.
 **********
 **   37 **FIX           13
 **********
 **********
 **   38 **FIX           14
 **********
 **********
 **   39 **FIX           15
 **********
 PARAMETER   15  IS CONSTANT.   IGNORED.
 **********
 **   40 **FIX           16
 **********
 **********
 **   41 **MIGRAD
 **********
 START MIGRAD MINIMIZATION.  STRATEGY  1.  CONVERGENCE WHEN EDM .LT. 1.00e-04
 FCN=55.9486 FROM MIGRAD    STATUS=INITIATE       18 CALLS        1027 TOTAL
                     EDM= unknown      STRATEGY= 1      NO ERROR MATRIX       
  EXT PARAMETER               CURRENT GUESS       STEP         FIRST   
  NO.   NAME      VALUE            ERROR          SIZE      DERIVATIVE 
   1  N0           2.97278e+06     fixed    
   2  tau          6.44041e+01   constant   
   3  A0           3.53615e-01     fixed    
   4  phi          4.11401e+00     fixed    
   5  R           -5.92716e+01   constant   
   6  alpha_CBO   -8.34154e-04     fixed    
   7  w_CBO        2.32500e+00   constant   
   8  beta_CBO     0.00000e+00   1.00000e-03   1.00000e-03   1.78794e+03
   9  alpha_2CBO   0.00000e+00   1.00000e-03   1.00000e-03   1.86811e+01
  10  beta_2CBO   -1.04813e-03     fixed    
  11  alpha_y      0.00000e+00     fixed    
  12  w_y          1.38860e+01   constant   
  13  beta_y      -7.61834e-06     fixed    
  14  alpha_vw     0.00000e+00     fixed    
  15  w_vw         1.43404e+01   constant   
  16  beta_vw      0.00000e+00     fixed    
  17  LM           4.68092e-05   constant   
  18  zeta_y       0.00000e+00   constant   
  19  zeta_vw      0.00000e+00   constant   
  20  T_CBO        9.99999e+02   8.77211e+02   7.75835e-03  -8.81887e-04
  21  alpha_A0    -7.80638e-03   1.08205e-02   3.61987e-03   5.28776e-04
  22  beta_A0     -1.73922e-03   6.68173e-03   2.63437e-03  -1.69498e-04
  23  alpha_phi   -9.99998e-03   3.96423e-03   3.40063e-03   4.58706e-03
  24  beta_phi     2.29225e-03   5.43174e-03   2.14600e-03   6.42800e-04
 MIGRAD MINIMIZATION HAS CONVERGED.
 MIGRAD WILL VERIFY CONVERGENCE AND ERROR MATRIX.
 COVARIANCE MATRIX CALCULATED SUCCESSFULLY
 FCN=54.7959 FROM MIGRAD    STATUS=CONVERGED     132 CALLS        1141 TOTAL
                     EDM=1.24183e-06    STRATEGY= 1      ERROR MATRIX ACCURATE 
  EXT PARAMETER                                   STEP         FIRST   
  NO.   NAME      VALUE            ERROR          SIZE      DERIVATIVE 
   1  N0           2.97278e+06     fixed    
   2  tau          6.44041e+01   constant   
   3  A0           3.53615e-01     fixed    
   4  phi          4.11401e+00     fixed    
   5  R           -5.92716e+01   constant   
   6  alpha_CBO   -8.34154e-04     fixed    
   7  w_CBO        2.32500e+00   constant   
   8  beta_CBO    -1.28891e-03   1.20047e-03   4.28759e-06   1.12933e-01
   9  alpha_2CBO  -4.08690e-05   1.19349e-03   4.24562e-06  -2.67543e-01
  10  beta_2CBO   -1.04813e-03     fixed    
  11  alpha_y      0.00000e+00     fixed    
  12  w_y          1.38860e+01   constant   
  13  beta_y      -7.61834e-06     fixed    
  14  alpha_vw     0.00000e+00     fixed    
  15  w_vw         1.43404e+01   constant   
  16  beta_vw      0.00000e+00     fixed    
  17  LM           4.68092e-05   constant   
  18  zeta_y       0.00000e+00   constant   
  19  zeta_vw      0.00000e+00   constant   
  20  T_CBO        1.00000e+03   8.74874e+02   7.62053e-03** at limit **
  21  alpha_A0    -8.00340e-03   1.06076e-02   3.69587e-03   5.91759e-04
  22  beta_A0     -1.77381e-03   6.46662e-03   2.61355e-03  -7.88957e-04
  23  alpha_phi   -1.00000e-02   3.92526e-03   3.34781e-03** at limit **
  24  beta_phi     1.06803e-03   5.51913e-03   2.07977e-03  -2.32269e-03
 EXTERNAL ERROR MATRIX.    NDIM=  25    NPAR=  7    ERR DEF=1
  1.441e-06  3.076e-08  6.195e-11  2.358e-07  3.548e-08  5.392e-16  1.372e-06 
  3.076e-08  1.424e-06 -9.226e-11 -1.302e-06  1.916e-07 -7.827e-16 -9.532e-07 
  6.195e-11 -9.226e-11  8.078e-06 -3.454e-08 -4.133e-09 -2.701e-16  5.289e-09 
  2.358e-07 -1.302e-06 -3.454e-08  3.895e-05 -7.812e-07  4.290e-16  3.032e-06 
  3.548e-08  1.916e-07 -4.133e-09 -7.812e-07  4.978e-05  2.973e-14  9.334e-07 
  5.392e-16 -7.827e-16 -2.701e-16  4.290e-16  2.973e-14  6.025e-16  5.131e-15 
  1.372e-06 -9.532e-07  5.289e-09  3.032e-06  9.334e-07  5.131e-15  3.423e-05 
 PARAMETER  CORRELATION COEFFICIENTS  
       NO.  GLOBAL      8      9     20     21     22     23     24
        8  0.20271   1.000  0.021  0.000  0.031  0.004  0.000  0.195
        9  0.22074   0.021  1.000 -0.000 -0.175  0.023 -0.000 -0.136
       20  0.00205   0.000 -0.000  1.000 -0.002 -0.000 -0.000  0.000
       21  0.18691   0.031 -0.175 -0.002  1.000 -0.018  0.000  0.083
       22  0.03789   0.004  0.023 -0.000 -0.018  1.000  0.000  0.023
       23  0.00018   0.000 -0.000 -0.000  0.000  0.000  1.000  0.000
       24  0.24788   0.195 -0.136  0.000  0.083  0.023  0.000  1.000
MINUIT - FIT wiggle + 1-CBO + 2-CBO
 **********
 **   42 **RES 
 **********
                   PARAMETER   16  beta_vw RESTORED TO VARIABLE.
                   PARAMETER   14  alpha_vw RESTORED TO VARIABLE.
                   PARAMETER   13  beta_y RESTORED TO VARIABLE.
                   PARAMETER   11  alpha_y RESTORED TO VARIABLE.
                   PARAMETER   10  beta_2CBO RESTORED TO VARIABLE.
                   PARAMETER    6  alpha_CBO RESTORED TO VARIABLE.
                   PARAMETER    4  phi RESTORED TO VARIABLE.
                   PARAMETER    3  A0 RESTORED TO VARIABLE.
                   PARAMETER    1  N0 RESTORED TO VARIABLE.
 **********
 **   43 **FIX           10
 **********
 **********
 **   44 **FIX           11
 **********
 **********
 **   45 **FIX           12
 **********
 PARAMETER   12  IS CONSTANT.   IGNORED.
 **********
 **   46 **FIX           13
 **********
 **********
 **   47 **FIX           14
 **********
 **********
 **   48 **FIX           15
 **********
 PARAMETER   15  IS CONSTANT.   IGNORED.
 **********
 **   49 **FIX           16
 **********
 **********
 **   50 **MIGRAD
 **********
 START MIGRAD MINIMIZATION.  STRATEGY  1.  CONVERGENCE WHEN EDM .LT. 1.00e-04
 FCN=54.7959 FROM MIGRAD    STATUS=INITIATE       22 CALLS        1163 TOTAL
                     EDM= unknown      STRATEGY= 1      NO ERROR MATRIX       
  EXT PARAMETER               CURRENT GUESS       STEP         FIRST   
  NO.   NAME      VALUE            ERROR          SIZE      DERIVATIVE 
   1  N0           2.97278e+06   2.59236e+03   2.59236e+03  -9.27554e-06
   2  tau          6.44041e+01   constant   
   3  A0           3.53615e-01   1.01692e-03   1.01692e-03   3.60965e+02
   4  phi          4.11401e+00   3.34087e-03   3.34087e-03  -2.13360e+01
   5  R           -5.92716e+01   constant   
   6  alpha_CBO   -8.34154e-04   1.17411e-03   1.17411e-03  -1.19998e+00
   7  w_CBO        2.32500e+00   constant   
   8  beta_CBO    -1.28891e-03   1.20047e-03   4.28759e-06   1.12905e-01
   9  alpha_2CBO  -4.08690e-05   1.19349e-03   4.24562e-06  -2.67358e-01
  10  beta_2CBO   -1.04813e-03     fixed    
  11  alpha_y      0.00000e+00     fixed    
  12  w_y          1.38860e+01   constant   
  13  beta_y      -7.61834e-06     fixed    
  14  alpha_vw     0.00000e+00     fixed    
  15  w_vw         1.43404e+01   constant   
  16  beta_vw      0.00000e+00     fixed    
  17  LM           4.68092e-05   constant   
  18  zeta_y       0.00000e+00   constant   
  19  zeta_vw      0.00000e+00   constant   
  20  T_CBO        9.99999e+02   8.74874e+02   7.62053e-03  -8.91041e-04
  21  alpha_A0    -8.00340e-03   1.06076e-02   3.69587e-03   6.09757e-04
  22  beta_A0     -1.77381e-03   6.46662e-03   2.61355e-03  -7.87132e-04
  23  alpha_phi   -9.99998e-03   3.92526e-03   3.34781e-03   4.63613e-03
  24  beta_phi     1.06803e-03   5.51913e-03   2.07977e-03  -2.32453e-03
 MIGRAD MINIMIZATION HAS CONVERGED.
 MIGRAD WILL VERIFY CONVERGENCE AND ERROR MATRIX.
 COVARIANCE MATRIX CALCULATED SUCCESSFULLY
 FCN=54.7611 FROM MIGRAD    STATUS=CONVERGED     196 CALLS        1337 TOTAL
                     EDM=5.28038e-06    STRATEGY= 1      ERROR MATRIX ACCURATE 
  EXT PARAMETER                                   STEP         FIRST   
  NO.   NAME      VALUE            ERROR          SIZE      DERIVATIVE 
   1  N0           2.97271e+06   2.59412e+03   8.16706e+00   6.84726e-07
   2  tau          6.44041e+01   constant   
   3  A0           3.53427e-01   1.03219e-03   3.60094e-06  -1.37429e-01
   4  phi          4.11412e+00   3.33379e-03   1.15374e-05  -3.98589e-01
   5  R           -5.92716e+01   constant   
   6  alpha_CBO   -8.38028e-04   1.17384e-03   4.14316e-06  -1.03782e+00
   7  w_CBO        2.32500e+00   constant   
   8  beta_CBO    -1.32867e-03   1.21855e-03   4.28621e-06  -1.16986e+00
   9  alpha_2CBO  -5.24898e-05   1.19557e-03   4.24424e-06  -1.37439e+00
  10  beta_2CBO   -1.04813e-03     fixed    
  11  alpha_y      0.00000e+00     fixed    
  12  w_y          1.38860e+01   constant   
  13  beta_y      -7.61834e-06     fixed    
  14  alpha_vw     0.00000e+00     fixed    
  15  w_vw         1.43404e+01   constant   
  16  beta_vw      0.00000e+00     fixed    
  17  LM           4.68092e-05   constant   
  18  zeta_y       0.00000e+00   constant   
  19  zeta_vw      0.00000e+00   constant   
  20  T_CBO        1.00000e+03   8.75807e+02   7.69436e-03** at limit **
  21  alpha_A0    -7.96427e-03   1.06055e-02   3.77207e-03   1.17282e-04
  22  beta_A0     -1.76420e-03   6.58846e-03   2.61283e-03   5.86073e-04
  23  alpha_phi   -1.00000e-02   3.94456e-03   3.35531e-03** at limit **
  24  beta_phi     1.07962e-03   5.58835e-03   2.08219e-03  -1.80818e-04
 EXTERNAL ERROR MATRIX.    NDIM=  25    NPAR= 11    ERR DEF=1
  6.729e+06 
  5.980e-01  1.065e-06 
 -1.033e-01  6.449e-08  1.111e-05 
 -2.736e-02 -3.453e-08 -9.693e-07  1.378e-06 
  8.966e-02  2.113e-07 -1.170e-07  3.686e-09  1.485e-06 
 -7.648e-02  5.433e-08 -5.463e-08 -8.774e-09  4.274e-08  1.429e-06 
 -1.153e-03 -5.134e-10 -3.919e-09  5.438e-09  9.415e-11 -2.619e-10  4.476e-05 
 -3.574e+00 -2.636e-07  9.963e-07 -1.532e-07  1.881e-07 -1.263e-06 -8.178e-08  4.097e-05 
 -4.842e-01 -3.304e-07 -4.904e-06  6.526e-07  2.783e-08  2.044e-07 -6.896e-09 -9.675e-07  5.210e-05 
 -1.398e-08 -6.811e-15 -4.246e-14  6.194e-14  8.226e-16 -2.930e-15 -1.759e-15  9.893e-16  1.229e-13  5.698e-15 
  2.362e+00 -2.799e-08 -8.382e-07  1.035e-07  1.368e-06 -9.909e-07  1.287e-08  1.699e-06  1.180e-06  1.697e-14  3.522e-05 
 PARAMETER  CORRELATION COEFFICIENTS  
       NO.  GLOBAL      1      3      4      6      8      9     20     21     22     23     24
        1  0.35125   1.000  0.223 -0.012 -0.009  0.028 -0.025 -0.000 -0.215 -0.026 -0.000  0.153
        3  0.29074   0.223  1.000  0.019 -0.028  0.168  0.044 -0.000 -0.040 -0.044 -0.000 -0.005
        4  0.31479  -0.012  0.019  1.000 -0.248 -0.029 -0.014 -0.000  0.047 -0.204 -0.000 -0.042
        6  0.25084  -0.009 -0.028 -0.248  1.000  0.003 -0.006  0.001 -0.020  0.077  0.001  0.015
        8  0.26333   0.028  0.168 -0.029  0.003  1.000  0.029  0.000  0.024  0.003  0.000  0.189
        9  0.22816  -0.025  0.044 -0.014 -0.006  0.029  1.000 -0.000 -0.165  0.024 -0.000 -0.140
       20  0.00217  -0.000 -0.000 -0.000  0.001  0.000 -0.000  1.000 -0.002 -0.000 -0.000  0.000
       21  0.28585  -0.215 -0.040  0.047 -0.020  0.024 -0.165 -0.002  1.000 -0.021  0.000  0.045
       22  0.21359  -0.026 -0.044 -0.204  0.077  0.003  0.024 -0.000 -0.021  1.000  0.000  0.028
       23  0.00073  -0.000 -0.000 -0.000  0.001  0.000 -0.000 -0.000  0.000  0.000  1.000  0.000
       24  0.29434   0.153 -0.005 -0.042  0.015  0.189 -0.140  0.000  0.045  0.028  0.000  1.000
MINUIT - FIT ONLY 1-y
 **********
 **   51 **RES 
 **********
                   PARAMETER   16  beta_vw RESTORED TO VARIABLE.
                   PARAMETER   14  alpha_vw RESTORED TO VARIABLE.
                   PARAMETER   13  beta_y RESTORED TO VARIABLE.
                   PARAMETER   11  alpha_y RESTORED TO VARIABLE.
                   PARAMETER   10  beta_2CBO RESTORED TO VARIABLE.
 **********
 **   52 **FIX            0
 **********
 PARAMETER    0  IS UNDEFINED. IGNORED.
 **********
 **   53 **FIX            1
 **********
 **********
 **   54 **FIX            2
 **********
 PARAMETER    2  IS CONSTANT.   IGNORED.
 **********
 **   55 **FIX            3
 **********
 **********
 **   56 **FIX            4
 **********
 **********
 **   57 **FIX            5
 **********
 PARAMETER    5  IS CONSTANT.   IGNORED.
 **********
 **   58 **FIX            6
 **********
 **********
 **   59 **FIX            7
 **********
 PARAMETER    7  IS CONSTANT.   IGNORED.
 **********
 **   60 **FIX            8
 **********
 **********
 **   61 **FIX            9
 **********
 **********
 **   62 **FIX           13
 **********
 **********
 **   63 **FIX           14
 **********
 **********
 **   64 **FIX           15
 **********
 PARAMETER   15  IS CONSTANT.   IGNORED.
 **********
 **   65 **FIX           16
 **********
 **********
 **   66 **MIGRAD
 **********
 START MIGRAD MINIMIZATION.  STRATEGY  1.  CONVERGENCE WHEN EDM .LT. 1.00e-04
 FCN=54.7611 FROM MIGRAD    STATUS=INITIATE       16 CALLS        1353 TOTAL
                     EDM= unknown      STRATEGY= 1      NO ERROR MATRIX       
  EXT PARAMETER               CURRENT GUESS       STEP         FIRST   
  NO.   NAME      VALUE            ERROR          SIZE      DERIVATIVE 
   1  N0           2.97271e+06     fixed    
   2  tau          6.44041e+01   constant   
   3  A0           3.53427e-01     fixed    
   4  phi          4.11412e+00     fixed    
   5  R           -5.92716e+01   constant   
   6  alpha_CBO   -8.38028e-04     fixed    
   7  w_CBO        2.32500e+00   constant   
   8  beta_CBO    -1.32867e-03     fixed    
   9  alpha_2CBO  -5.24898e-05     fixed    
  10  beta_2CBO   -1.04813e-03   1.16906e-03   1.16906e-03  -1.59077e+01
  11  alpha_y      0.00000e+00   1.00000e-03   1.00000e-03   9.87172e+02
  12  w_y          1.38860e+01   constant   
  13  beta_y      -7.61834e-06     fixed    
  14  alpha_vw     0.00000e+00     fixed    
  15  w_vw         1.43404e+01   constant   
  16  beta_vw      0.00000e+00     fixed    
  17  LM           4.68092e-05   constant   
  18  zeta_y       0.00000e+00   constant   
  19  zeta_vw      0.00000e+00   constant   
  20  T_CBO        9.99999e+02   8.75807e+02   7.69436e-03  -8.87383e-04
  21  alpha_A0    -7.96427e-03   1.06055e-02   3.77207e-03   1.21237e-04
  22  beta_A0     -1.76420e-03   6.58846e-03   2.61283e-03   5.87921e-04
  23  alpha_phi   -9.99998e-03   3.94456e-03   3.35531e-03   4.61170e-03
  24  beta_phi     1.07962e-03   5.58835e-03   2.08219e-03  -1.82674e-04
 MIGRAD MINIMIZATION HAS CONVERGED.
 MIGRAD WILL VERIFY CONVERGENCE AND ERROR MATRIX.
 COVARIANCE MATRIX CALCULATED SUCCESSFULLY
 FCN=54.4374 FROM MIGRAD    STATUS=CONVERGED     116 CALLS        1453 TOTAL
                     EDM=1.25095e-06    STRATEGY= 1      ERROR MATRIX ACCURATE 
  EXT PARAMETER                                   STEP         FIRST   
  NO.   NAME      VALUE            ERROR          SIZE      DERIVATIVE 
   1  N0           2.97271e+06     fixed    
   2  tau          6.44041e+01   constant   
   3  A0           3.53427e-01     fixed    
   4  phi          4.11412e+00     fixed    
   5  R           -5.92716e+01   constant   
   6  alpha_CBO   -8.38028e-04     fixed    
   7  w_CBO        2.32500e+00   constant   
   8  beta_CBO    -1.32867e-03     fixed    
   9  alpha_2CBO  -5.24898e-05     fixed    
  10  beta_2CBO   -1.02606e-03   1.16579e-03   4.16997e-06  -8.62073e-01
  11  alpha_y     -6.55402e-04   1.15216e-03   4.18556e-06  -9.21928e-05
  12  w_y          1.38860e+01   constant   
  13  beta_y      -7.61834e-06     fixed    
  14  alpha_vw     0.00000e+00     fixed    
  15  w_vw         1.43404e+01   constant   
  16  beta_vw      0.00000e+00     fixed    
  17  LM           4.68092e-05   constant   
  18  zeta_y       0.00000e+00   constant   
  19  zeta_vw      0.00000e+00   constant   
  20  T_CBO        1.00000e+03   8.76957e+02   7.62657e-03** at limit **
  21  alpha_A0    -8.01438e-03   1.06248e-02   3.68818e-03   6.21443e-04
  22  beta_A0     -1.66190e-03   6.55498e-03   2.59990e-03   9.50625e-04
  23  alpha_phi   -1.00000e-02   3.96444e-03   3.35542e-03** at limit **
  24  beta_phi     1.05871e-03   5.37907e-03   2.07376e-03  -1.19016e-03
 EXTERNAL ERROR MATRIX.    NDIM=  25    NPAR=  7    ERR DEF=1
  1.359e-06 -2.404e-08  3.499e-09 -7.711e-08 -1.473e-06  3.201e-14 -1.438e-07 
 -2.404e-08  1.327e-06 -1.834e-10  1.043e-07 -2.279e-07 -1.609e-15  3.662e-08 
  3.499e-09 -1.834e-10  1.393e-04 -1.448e-07 -1.890e-08 -4.809e-15  2.100e-08 
 -7.711e-08  1.043e-07 -1.448e-07  3.774e-05 -5.484e-07 -3.744e-15  1.917e-06 
 -1.473e-06 -2.279e-07 -1.890e-08 -5.484e-07  5.141e-05  9.390e-14  1.177e-06 
  3.201e-14 -1.609e-15 -4.809e-15 -3.744e-15  9.390e-14  1.091e-14  1.408e-14 
 -1.438e-07  3.662e-08  2.100e-08  1.917e-06  1.177e-06  1.408e-14  3.230e-05 
 PARAMETER  CORRELATION COEFFICIENTS  
       NO.  GLOBAL     10     11     20     21     22     23     24
       10  0.17882   1.000 -0.018  0.000 -0.011 -0.176  0.000 -0.022
       11  0.03901  -0.018  1.000 -0.000  0.015 -0.028 -0.000  0.006
       20  0.00207   0.000 -0.000  1.000 -0.002 -0.000 -0.000  0.000
       21  0.05963  -0.011  0.015 -0.002  1.000 -0.012 -0.000  0.055
       22  0.18128  -0.176 -0.028 -0.000 -0.012  1.000  0.000  0.029
       23  0.00032   0.000 -0.000 -0.000 -0.000  0.000  1.000  0.000
       24  0.06463  -0.022  0.006  0.000  0.055  0.029  0.000  1.000
MINUIT - FIT ONLY 2-y
 **********
 **   67 **RES 
 **********
                   PARAMETER   16  beta_vw RESTORED TO VARIABLE.
                   PARAMETER   14  alpha_vw RESTORED TO VARIABLE.
                   PARAMETER   13  beta_y RESTORED TO VARIABLE.
                   PARAMETER    9  alpha_2CBO RESTORED TO VARIABLE.
                   PARAMETER    8  beta_CBO RESTORED TO VARIABLE.
                   PARAMETER    6  alpha_CBO RESTORED TO VARIABLE.
                   PARAMETER    4  phi RESTORED TO VARIABLE.
                   PARAMETER    3  A0 RESTORED TO VARIABLE.
                   PARAMETER    1  N0 RESTORED TO VARIABLE.
 **********
 **   68 **FIX            0
 **********
 PARAMETER    0  IS UNDEFINED. IGNORED.
 **********
 **   69 **FIX            1
 **********
 **********
 **   70 **FIX            2
 **********
 PARAMETER    2  IS CONSTANT.   IGNORED.
 **********
 **   71 **FIX            3
 **********
 **********
 **   72 **FIX            4
 **********
 **********
 **   73 **FIX            5
 **********
 PARAMETER    5  IS CONSTANT.   IGNORED.
 **********
 **   74 **FIX            6
 **********
 **********
 **   75 **FIX            7
 **********
 PARAMETER    7  IS CONSTANT.   IGNORED.
 **********
 **   76 **FIX            8
 **********
 **********
 **   77 **FIX            9
 **********
 **********
 **   78 **FIX           10
 **********
 **********
 **   79 **FIX           11
 **********
 **********
 **   80 **FIX           12
 **********
 PARAMETER   12  IS CONSTANT.   IGNORED.
 **********
 **   81 **FIX           16
 **********
 **********
 **   82 **MIGRAD
 **********
 START MIGRAD MINIMIZATION.  STRATEGY  1.  CONVERGENCE WHEN EDM .LT. 1.00e-04
 FCN=54.4374 FROM MIGRAD    STATUS=INITIATE       16 CALLS        1469 TOTAL
                     EDM= unknown      STRATEGY= 1      NO ERROR MATRIX       
  EXT PARAMETER               CURRENT GUESS       STEP         FIRST   
  NO.   NAME      VALUE            ERROR          SIZE      DERIVATIVE 
   1  N0           2.97271e+06     fixed    
   2  tau          6.44041e+01   constant   
   3  A0           3.53427e-01     fixed    
   4  phi          4.11412e+00     fixed    
   5  R           -5.92716e+01   constant   
   6  alpha_CBO   -8.38028e-04     fixed    
   7  w_CBO        2.32500e+00   constant   
   8  beta_CBO    -1.32867e-03     fixed    
   9  alpha_2CBO  -5.24898e-05     fixed    
  10  beta_2CBO   -1.02606e-03     fixed    
  11  alpha_y     -6.55402e-04     fixed    
  12  w_y          1.38860e+01   constant   
  13  beta_y      -7.61834e-06   1.16029e-03   1.16029e-03  -8.45352e+00
  14  alpha_vw     0.00000e+00   1.00000e-03   1.00000e-03  -8.81459e+02
  15  w_vw         1.43404e+01   constant   
  16  beta_vw      0.00000e+00     fixed    
  17  LM           4.68092e-05   constant   
  18  zeta_y       0.00000e+00   constant   
  19  zeta_vw      0.00000e+00   constant   
  20  T_CBO        9.99999e+02   8.76957e+02   7.62657e-03  -8.82895e-04
  21  alpha_A0    -8.01438e-03   1.06248e-02   3.68818e-03   6.39398e-04
  22  beta_A0     -1.66190e-03   6.55498e-03   2.59990e-03   9.52291e-04
  23  alpha_phi   -9.99998e-03   3.96444e-03   3.35542e-03   4.58679e-03
  24  beta_phi     1.05871e-03   5.37907e-03   2.07376e-03  -1.19197e-03
 MIGRAD MINIMIZATION HAS CONVERGED.
 MIGRAD WILL VERIFY CONVERGENCE AND ERROR MATRIX.
 COVARIANCE MATRIX CALCULATED SUCCESSFULLY
 FCN=54.1781 FROM MIGRAD    STATUS=CONVERGED     100 CALLS        1553 TOTAL
                     EDM=4.66206e-07    STRATEGY= 1      ERROR MATRIX ACCURATE 
  EXT PARAMETER                                   STEP         FIRST   
  NO.   NAME      VALUE            ERROR          SIZE      DERIVATIVE 
   1  N0           2.97271e+06     fixed    
   2  tau          6.44041e+01   constant   
   3  A0           3.53427e-01     fixed    
   4  phi          4.11412e+00     fixed    
   5  R           -5.92716e+01   constant   
   6  alpha_CBO   -8.38028e-04     fixed    
   7  w_CBO        2.32500e+00   constant   
   8  beta_CBO    -1.32867e-03     fixed    
   9  alpha_2CBO  -5.24898e-05     fixed    
  10  beta_2CBO   -1.02606e-03     fixed    
  11  alpha_y     -6.55402e-04     fixed    
  12  w_y          1.38860e+01   constant   
  13  beta_y       8.66508e-06   1.16023e-03   4.20633e-06   3.65769e-01
  14  alpha_vw     5.88192e-04   1.15513e-03   4.18851e-06   1.29263e-02
  15  w_vw         1.43404e+01   constant   
  16  beta_vw      0.00000e+00     fixed    
  17  LM           4.68092e-05   constant   
  18  zeta_y       0.00000e+00   constant   
  19  zeta_vw      0.00000e+00   constant   
  20  T_CBO        1.00000e+03   8.77848e+02   7.66145e-03** at limit **
  21  alpha_A0    -7.98154e-03   1.06643e-02   3.73559e-03  -6.04333e-04
  22  beta_A0     -1.68301e-03   6.46854e-03   2.59351e-03  -7.96927e-04
  23  alpha_phi   -1.00000e-02   3.97582e-03   3.35270e-03** at limit **
  24  beta_phi     1.09440e-03   5.37832e-03   2.06846e-03  -3.99183e-04
 EXTERNAL ERROR MATRIX.    NDIM=  25    NPAR=  7    ERR DEF=1
  1.346e-06  2.352e-08 -3.860e-14  1.271e-07  1.077e-07 -5.204e-18  7.408e-08 
  2.352e-08  1.334e-06  2.584e-13  8.128e-08 -3.917e-08  2.726e-17  7.841e-08 
 -3.860e-14  2.584e-13  3.954e-10 -2.453e-10 -2.685e-11 -1.664e-19  3.746e-11 
  1.271e-07  8.128e-08 -2.453e-10  3.778e-05 -6.051e-07 -3.572e-17  1.919e-06 
  1.077e-07 -3.917e-08 -2.685e-11 -6.051e-07  4.978e-05  2.563e-15  1.032e-06 
 -5.204e-18  2.726e-17 -1.664e-19 -3.572e-17  2.563e-15  4.405e-18  3.507e-16 
  7.408e-08  7.841e-08  3.746e-11  1.919e-06  1.032e-06  3.507e-16  3.230e-05 
 PARAMETER  CORRELATION COEFFICIENTS  
       NO.  GLOBAL     13     14     20     21     22     23     24
       13  0.02992   1.000  0.018 -0.000  0.018  0.013 -0.000  0.011
       14  0.02415   0.018  1.000  0.000  0.011 -0.005  0.000  0.012
       20  0.00207  -0.000  0.000  1.000 -0.002 -0.000 -0.000  0.000
       21  0.06059   0.018  0.011 -0.002  1.000 -0.014 -0.000  0.055
       22  0.03314   0.013 -0.005 -0.000 -0.014  1.000  0.000  0.026
       23  0.00018  -0.000  0.000 -0.000 -0.000  0.000  1.000  0.000
