 + ++++++++++++++++++++++++++++++++++++++++++++++++++++++++++++++++++++ +
 +                                                                      +
 +           You have chose to blind your fitting according to          +
 +                omega_ref * (1 + (R +/- deltaR) *10^{-6})             +
 +                                                                      +
 + ++++++++++++++++++++++++++++++++++++++++++++++++++++++++++++++++++++ +
In main()...
reading format from /gm2data/zkhechad/run45/envelope/formats/formatB_sBin_constraintOn.txt
pBinTau 	= 0  
pBinPhi 	= 0  
constraintau 	= 1 
includeMopTerm 	= 0    
constrainMop    = 0   
Parameters after format file: pBinTau 0 pBinPhi 0 constraintau 1 includeMopTerm 0 constrainMop 0 c_e_scale 0.000000 
Opening file /gm2data/tbarrett/gm2fr/studies/run23_bunch_corrections/CorrectedFourier_Run3b.root.
reading full fit data from /gm2data/zkhechad/cboTemplates/Run4CBOTemplates/fullFits/noRF/sBin_constraintOn_cE0.0_seed0_noRF_calo22.root
windowBins = 69
fitting sliding window 1610 from bin 1746 at 260.354000 to bin 1815 at 270.798000 (69 bins)

Reading data from /gm2data/cornell/histograms/aMethod/histogram_a_noRF.root
 **********
 **    1 **SET PRINTOUT            1
 **********
 **********
 **    2 **SET NOWARNINGS 
 **********
 PARAMETER DEFINITIONS:
    NO.   NAME         VALUE      STEP SIZE      LIMITS
     1 N0           3.01041e+06  1.00000e+02     no limits
     2 tau          6.44059e+01  constant
     3 A0           3.51736e-01  1.00000e-04     no limits
     4 phi          4.11589e+00  1.00000e-02     no limits
     5 R           -6.13499e+01  constant
     6 alpha_CBO    0.00000e+00  1.00000e-03     no limits
     7 w_CBO        2.32500e+00  constant
     8 beta_CBO     0.00000e+00  1.00000e-03     no limits
     9 alpha_2CBO   0.00000e+00  1.00000e-03     no limits
    10 beta_2CBO    0.00000e+00  1.00000e-03     no limits
    11 alpha_y      0.00000e+00  1.00000e-03     no limits
    12 w_y          1.38860e+01  constant
    13 beta_y       0.00000e+00  1.00000e-03     no limits
    14 alpha_vw     0.00000e+00  1.00000e-03     no limits
    15 w_vw         1.43404e+01  constant
    16 beta_vw      0.00000e+00  1.00000e-03     no limits
    17 LM           1.16863e-04  constant
    18 zeta_y       0.00000e+00  constant
    19 zeta_vw      0.00000e+00  constant
    20 T_CBO        1.00000e+02  1.00000e+00    0.00000e+00  1.00000e+03
    21 alpha_A0     0.00000e+00  1.00000e-03     no limits
    22 beta_A0      0.00000e+00  1.00000e-03     no limits
    23 alpha_phi    0.00000e+00  1.00000e-03     no limits
    24 beta_phi     0.00000e+00  1.00000e-03     no limits
MINUIT - FIT ONLY WIGGLE
 **********
 **    3 **FIX            5
 **********
 PARAMETER    5  IS CONSTANT.   IGNORED.
 **********
 **    4 **FIX            6
 **********
 **********
 **    5 **FIX            7
 **********
 PARAMETER    7  IS CONSTANT.   IGNORED.
 **********
 **    6 **FIX            8
 **********
 **********
 **    7 **FIX            9
 **********
 **********
 **    8 **FIX           10
 **********
 **********
 **    9 **FIX           11
 **********
 **********
 **   10 **FIX           12
 **********
 PARAMETER   12  IS CONSTANT.   IGNORED.
 **********
 **   11 **FIX           13
 **********
 **********
 **   12 **FIX           14
 **********
 **********
 **   13 **FIX           15
 **********
 PARAMETER   15  IS CONSTANT.   IGNORED.
 **********
 **   14 **FIX           16
 **********
 **********
 **   15 **MIGRAD
 **********
 FIRST CALL TO USER FUNCTION AT NEW START POINT, WITH IFLAG=4.
 START MIGRAD MINIMIZATION.  STRATEGY  1.  CONVERGENCE WHEN EDM .LT. 1.00e-04
 FCN=143.341 FROM MIGRAD    STATUS=INITIATE      437 CALLS         438 TOTAL
                     EDM= unknown      STRATEGY= 1      NO ERROR MATRIX       
  EXT PARAMETER               CURRENT GUESS       STEP         FIRST   
  NO.   NAME      VALUE            ERROR          SIZE      DERIVATIVE 
   1  N0           3.01041e+06   1.00000e+02   0.00000e+00   4.90413e-05
   2  tau          6.44059e+01   constant   
   3  A0           3.51736e-01   1.00000e-04   0.00000e+00  -5.56311e+03
   4  phi          4.11589e+00   1.00000e-02   0.00000e+00   6.76913e+02
   5  R           -6.13499e+01   constant   
   6  alpha_CBO    0.00000e+00     fixed    
   7  w_CBO        2.32500e+00   constant   
   8  beta_CBO     0.00000e+00     fixed    
   9  alpha_2CBO   0.00000e+00     fixed    
  10  beta_2CBO    0.00000e+00     fixed    
  11  alpha_y      0.00000e+00     fixed    
  12  w_y          1.38860e+01   constant   
  13  beta_y       0.00000e+00     fixed    
  14  alpha_vw     0.00000e+00     fixed    
  15  w_vw         1.43404e+01   constant   
  16  beta_vw      0.00000e+00     fixed    
  17  LM           1.16863e-04   constant   
  18  zeta_y       0.00000e+00   constant   
  19  zeta_vw      0.00000e+00   constant   
  20  T_CBO        1.00000e+02   1.00000e+00   0.00000e+00   0.00000e+00
  21  alpha_A0     0.00000e+00   1.00000e-03   0.00000e+00   2.24932e+02
  22  beta_A0      0.00000e+00   1.00000e-03   0.00000e+00  -5.35352e+01
  23  alpha_phi    0.00000e+00   1.00000e-03   0.00000e+00  -1.27673e+00
  24  beta_phi     0.00000e+00   1.00000e-03   0.00000e+00   2.35021e+01
 CALL LIMIT EXCEEDED IN MIGRAD.
 MIGRAD TERMINATED WITHOUT CONVERGENCE.
 FCN=132.888 FROM MIGRAD    STATUS=CALL LIMIT   1336 CALLS        1337 TOTAL
                     EDM=0.00278549    STRATEGY= 1  ERROR MATRIX UNCERTAINTY   0.2 per cent
  EXT PARAMETER                APPROXIMATE        STEP         FIRST   
  NO.   NAME      VALUE            ERROR          SIZE      DERIVATIVE 
   1  N0           3.01075e+06   1.04200e+03  -5.15693e+00   2.99522e-05
   2  tau          6.44059e+01   constant   
   3  A0           3.52238e-01   4.37994e-04  -1.86002e-06   4.36871e+01
   4  phi          4.11517e+00   1.27532e-03  -1.75556e-06   1.55513e+01
   5  R           -6.13499e+01   constant   
   6  alpha_CBO    0.00000e+00     fixed    
   7  w_CBO        2.32500e+00   constant   
   8  beta_CBO     0.00000e+00     fixed    
   9  alpha_2CBO   0.00000e+00     fixed    
  10  beta_2CBO    0.00000e+00     fixed    
  11  alpha_y      0.00000e+00     fixed    
  12  w_y          1.38860e+01   constant   
  13  beta_y       0.00000e+00     fixed    
  14  alpha_vw     0.00000e+00     fixed    
  15  w_vw         1.43404e+01   constant   
  16  beta_vw      0.00000e+00     fixed    
  17  LM           1.16863e-04   constant   
  18  zeta_y       0.00000e+00   constant   
  19  zeta_vw      0.00000e+00   constant   
  20  T_CBO        3.54430e+01   5.55162e+00   1.66592e-03  -9.85235e+00
  21  alpha_A0    -8.91514e+00   8.70630e+00   4.22504e-01   2.71792e-02
  22  beta_A0      1.24976e+00   1.15504e+00  -5.60297e-02  -6.90437e-02
  23  alpha_phi   -5.00053e-01   5.45992e-01   2.63431e-02  -1.15755e-02
  24  beta_phi    -1.09424e+00   9.99114e-01   4.86178e-02   3.16203e-02
 EXTERNAL ERROR MATRIX.    NDIM=  25    NPAR=  8    ERR DEF=1
  1.086e+06 -2.162e-02 -2.237e-01 -1.504e+02 -7.542e+02  1.063e+02 -4.038e+01 -8.277e+01 
 -2.162e-02  1.918e-07 -2.584e-08 -2.532e-04 -4.735e-04  6.055e-05 -3.162e-05 -5.397e-05 
 -2.237e-01 -2.584e-08  1.626e-06 -5.604e-04 -1.071e-03  1.436e-04 -6.840e-05 -1.245e-04 
 -1.504e+02 -2.532e-04 -5.604e-04  3.083e+01  4.722e+01 -6.260e+00  2.956e+00  5.422e+00 
 -7.542e+02 -4.735e-04 -1.071e-03  4.722e+01  7.580e+01 -1.005e+01  4.747e+00  8.694e+00 
  1.063e+02  6.055e-05  1.436e-04 -6.260e+00 -1.005e+01  1.334e+00 -6.293e-01 -1.153e+00 
 -4.038e+01 -3.162e-05 -6.840e-05  2.956e+00  4.747e+00 -6.293e-01  2.981e-01  5.443e-01 
 -8.277e+01 -5.397e-05 -1.245e-04  5.422e+00  8.694e+00 -1.153e+00  5.443e-01  9.982e-01 
ERR MATRIX APPROXIMATE
 PARAMETER  CORRELATION COEFFICIENTS  
       NO.  GLOBAL      1      3      4     20     21     22     23     24
        1  0.44456   1.000 -0.047 -0.168 -0.026 -0.083  0.088 -0.071 -0.080
        3  0.26062  -0.047  1.000 -0.046 -0.104 -0.124  0.120 -0.132 -0.123
        4  0.25688  -0.168 -0.046  1.000 -0.079 -0.096  0.097 -0.098 -0.098
       20  0.97943  -0.026 -0.104 -0.079  1.000  0.977 -0.976  0.975  0.977
       21  0.99983  -0.083 -0.124 -0.096  0.977  1.000 -1.000  0.999  1.000
       22  0.99963   0.088  0.120  0.097 -0.976 -1.000  1.000 -0.998 -0.999
       23  0.99877  -0.071 -0.132 -0.098  0.975  0.999 -0.998  1.000  0.998
       24  0.99956  -0.080 -0.123 -0.098  0.977  1.000 -0.999  0.998  1.000
 ERR MATRIX APPROXIMATE
MINUIT - FIT ONLY 1-CBO + wiggle
 **********
 **   16 **RES 
 **********
                   PARAMETER   16  beta_vw RESTORED TO VARIABLE.
                   PARAMETER   14  alpha_vw RESTORED TO VARIABLE.
                   PARAMETER   13  beta_y RESTORED TO VARIABLE.
                   PARAMETER   11  alpha_y RESTORED TO VARIABLE.
                   PARAMETER   10  beta_2CBO RESTORED TO VARIABLE.
                   PARAMETER    9  alpha_2CBO RESTORED TO VARIABLE.
                   PARAMETER    8  beta_CBO RESTORED TO VARIABLE.
                   PARAMETER    6  alpha_CBO RESTORED TO VARIABLE.
 **********
 **   17 **FIX            8
 **********
 **********
 **   18 **FIX            9
 **********
 **********
 **   19 **FIX           11
 **********
 **********
 **   20 **FIX           12
 **********
 PARAMETER   12  IS CONSTANT.   IGNORED.
 **********
 **   21 **FIX           14
 **********
 **********
 **   22 **FIX           15
 **********
 PARAMETER   15  IS CONSTANT.   IGNORED.
 **********
 **   23 **FIX           16
 **********
 **********
 **   24 **MIGRAD
 **********
 START MIGRAD MINIMIZATION.  STRATEGY  1.  CONVERGENCE WHEN EDM .LT. 1.00e-04
 FCN=132.888 FROM MIGRAD    STATUS=INITIATE       28 CALLS        1365 TOTAL
                     EDM= unknown      STRATEGY= 1      NO ERROR MATRIX       
  EXT PARAMETER               CURRENT GUESS       STEP         FIRST   
  NO.   NAME      VALUE            ERROR          SIZE      DERIVATIVE 
   1  N0           3.01075e+06   1.04200e+03  -5.15693e+00   2.99522e-05
   2  tau          6.44059e+01   constant   
   3  A0           3.52238e-01   4.37994e-04  -1.86002e-06   4.36871e+01
   4  phi          4.11517e+00   1.27532e-03  -1.75556e-06   1.55513e+01
   5  R           -6.13499e+01   constant   
   6  alpha_CBO    0.00000e+00   1.00000e-03   1.00000e-03   3.15717e+04
   7  w_CBO        2.32500e+00   constant   
   8  beta_CBO     0.00000e+00     fixed    
   9  alpha_2CBO   0.00000e+00     fixed    
  10  beta_2CBO    0.00000e+00   1.00000e-03   1.00000e-03  -5.54957e+03
  11  alpha_y      0.00000e+00     fixed    
  12  w_y          1.38860e+01   constant   
  13  beta_y       0.00000e+00   1.00000e-03   1.00000e-03  -7.75817e+03
  14  alpha_vw     0.00000e+00     fixed    
  15  w_vw         1.43404e+01   constant   
  16  beta_vw      0.00000e+00     fixed    
  17  LM           1.16863e-04   constant   
  18  zeta_y       0.00000e+00   constant   
  19  zeta_vw      0.00000e+00   constant   
  20  T_CBO        3.54430e+01   5.55162e+00   1.66592e-03  -9.85238e+00
  21  alpha_A0    -8.91514e+00   8.70630e+00   4.22504e-01   2.71792e-02
  22  beta_A0      1.24976e+00   1.15504e+00  -5.60297e-02  -6.90437e-02
  23  alpha_phi   -5.00053e-01   5.45992e-01   2.63431e-02  -1.15755e-02
  24  beta_phi    -1.09424e+00   9.99114e-01   4.86178e-02   3.16203e-02
 CALL LIMIT EXCEEDED IN MIGRAD.
 MIGRAD TERMINATED WITHOUT CONVERGENCE.
 FCN=72.0926 FROM MIGRAD    STATUS=CALL LIMIT   1926 CALLS        3263 TOTAL
                     EDM=0.00803136    STRATEGY= 1  ERROR MATRIX UNCERTAINTY  24.1 per cent
  EXT PARAMETER                APPROXIMATE        STEP         FIRST   
  NO.   NAME      VALUE            ERROR          SIZE      DERIVATIVE 
   1  N0           3.01035e+06   9.92072e+02   4.24837e+01   7.47710e-05
   2  tau          6.44059e+01   constant   
   3  A0           3.51434e-01   4.53930e-04  -1.94201e-05  -1.51057e+02
   4  phi          4.11650e+00   1.28206e-03  -2.48420e-05  -1.46040e+01
   5  R           -6.13499e+01   constant   
   6  alpha_CBO   -3.52739e-03   4.61741e-04  -1.30913e-05  -5.66521e+01
   7  w_CBO        2.32500e+00   constant   
   8  beta_CBO     0.00000e+00     fixed    
   9  alpha_2CBO   0.00000e+00     fixed    
  10  beta_2CBO    4.47192e-04   4.64841e-04   5.22876e-07  -2.84112e+01
  11  alpha_y      0.00000e+00     fixed    
  12  w_y          1.38860e+01   constant   
  13  beta_y       8.33884e-04   4.63001e-04  -1.64706e-06  -1.94470e+01
  14  alpha_vw     0.00000e+00     fixed    
  15  w_vw         1.43404e+01   constant   
  16  beta_vw      0.00000e+00     fixed    
  17  LM           1.16863e-04   constant   
  18  zeta_y       0.00000e+00   constant   
  19  zeta_vw      0.00000e+00   constant   
  20  T_CBO        1.57506e+01   3.32118e+00  -4.22811e-03  -1.36411e+01
  21  alpha_A0    -5.60064e+04   1.26742e+05  -2.44951e+04  -5.81909e-07
  22  beta_A0      2.88915e+04   6.53476e+04   1.26296e+04  -2.06172e-06
  23  alpha_phi    8.77030e+03   1.98066e+04   3.82798e+03  -4.62867e-06
  24  beta_phi    -2.55451e+04   5.78894e+04  -1.11885e+04   3.15868e-06
 EXTERNAL ERROR MATRIX.    NDIM=  25    NPAR= 11    ERR DEF=1
  9.842e+05 
  1.610e-02  2.061e-07 
 -1.700e-01 -3.265e-08  1.644e-06 
  3.993e-02  4.063e-08 -7.374e-08  2.132e-07 
 -7.532e-03  1.279e-08 -2.389e-08  9.813e-09  2.161e-07 
  6.613e-03  1.602e-10  2.604e-09 -3.453e-10 -9.042e-10  2.144e-07 
  1.238e+02 -2.241e-05 -4.422e-05 -4.401e-06 -2.219e-05 -3.025e-06  1.103e+01 
 -4.150e+05  1.127e+00 -9.328e-01 -5.004e-01  8.302e-01  4.788e-02  3.985e+05  1.606e+10 
  2.151e+05 -5.817e-01  4.811e-01  2.578e-01 -4.281e-01 -2.470e-02 -2.055e+05 -8.282e+09  4.270e+09 
  6.607e+04 -1.766e-01  1.457e-01  7.812e-02 -1.297e-01 -7.492e-03 -6.227e+04 -2.510e+09  1.294e+09  3.923e+08 
 -1.891e+05  5.151e-01 -4.267e-01 -2.282e-01  3.793e-01  2.188e-02  1.820e+05  7.337e+09 -3.783e+09 -1.147e+09  3.351e+09 
ERR MATRIX APPROXIMATE
 PARAMETER  CORRELATION COEFFICIENTS  
       NO.  GLOBAL      1      3      4      6     10     13     20     21     22     23     24
        1  0.37222   1.000  0.036 -0.134  0.087 -0.016  0.014  0.038 -0.003  0.003  0.003 -0.003
        3  0.33184   0.036  1.000 -0.056  0.194  0.061  0.001 -0.015  0.020 -0.020 -0.020  0.020
        4  0.19453  -0.134 -0.056  1.000 -0.125 -0.040  0.004 -0.010 -0.006  0.006  0.006 -0.006
        6  0.27818   0.087  0.194 -0.125  1.000  0.046 -0.002 -0.003 -0.009  0.009  0.009 -0.009
       10  0.12135  -0.016  0.061 -0.040  0.046  1.000 -0.004 -0.014  0.014 -0.014 -0.014  0.014
       13  0.02381   0.014  0.001  0.004 -0.002 -0.004  1.000 -0.002  0.001 -0.001 -0.001  0.001
       20  0.96876   0.038 -0.015 -0.010 -0.003 -0.014 -0.002  1.000  0.947 -0.947 -0.947  0.947
       21  1.00000  -0.003  0.020 -0.006 -0.009  0.014  0.001  0.947  1.000 -1.000 -1.000  1.000
       22  1.00000   0.003 -0.020  0.006  0.009 -0.014 -0.001 -0.947 -1.000  1.000  1.000 -1.000
       23  1.00000   0.003 -0.020  0.006  0.009 -0.014 -0.001 -0.947 -1.000  1.000  1.000 -1.000
       24  1.00000  -0.003  0.020 -0.006 -0.009  0.014  0.001  0.947  1.000 -1.000 -1.000  1.000
 ERR MATRIX APPROXIMATE
MINUIT - FIT ONLY 2-CBO
 **********
 **   25 **RES 
 **********
                   PARAMETER   16  beta_vw RESTORED TO VARIABLE.
                   PARAMETER   14  alpha_vw RESTORED TO VARIABLE.
                   PARAMETER   11  alpha_y RESTORED TO VARIABLE.
                   PARAMETER    9  alpha_2CBO RESTORED TO VARIABLE.
                   PARAMETER    8  beta_CBO RESTORED TO VARIABLE.
 **********
 **   26 **FIX            0
 **********
 PARAMETER    0  IS UNDEFINED. IGNORED.
 **********
 **   27 **FIX            1
 **********
 **********
 **   28 **FIX            2
 **********
 PARAMETER    2  IS CONSTANT.   IGNORED.
 **********
 **   29 **FIX            3
 **********
 **********
 **   30 **FIX            4
 **********
 **********
 **   31 **FIX            5
 **********
 PARAMETER    5  IS CONSTANT.   IGNORED.
 **********
 **   32 **FIX            6
 **********
 **********
 **   33 **FIX            7
 **********
 PARAMETER    7  IS CONSTANT.   IGNORED.
 **********
 **   34 **FIX           10
 **********
 **********
 **   35 **FIX           11
 **********
 **********
 **   36 **FIX           12
 **********
 PARAMETER   12  IS CONSTANT.   IGNORED.
 **********
 **   37 **FIX           13
 **********
 **********
 **   38 **FIX           14
 **********
 **********
 **   39 **FIX           15
 **********
 PARAMETER   15  IS CONSTANT.   IGNORED.
 **********
 **   40 **FIX           16
 **********
 **********
 **   41 **MIGRAD
 **********
 START MIGRAD MINIMIZATION.  STRATEGY  1.  CONVERGENCE WHEN EDM .LT. 1.00e-04
 FCN=72.0926 FROM MIGRAD    STATUS=INITIATE       18 CALLS        3281 TOTAL
                     EDM= unknown      STRATEGY= 1      NO ERROR MATRIX       
  EXT PARAMETER               CURRENT GUESS       STEP         FIRST   
  NO.   NAME      VALUE            ERROR          SIZE      DERIVATIVE 
   1  N0           3.01035e+06     fixed    
   2  tau          6.44059e+01   constant   
   3  A0           3.51434e-01     fixed    
   4  phi          4.11650e+00     fixed    
   5  R           -6.13499e+01   constant   
   6  alpha_CBO   -3.52739e-03     fixed    
   7  w_CBO        2.32500e+00   constant   
   8  beta_CBO     0.00000e+00   1.00000e-03   1.00000e-03  -1.41329e+04
   9  alpha_2CBO   0.00000e+00   1.00000e-03   1.00000e-03   2.84229e+03
  10  beta_2CBO    4.47192e-04     fixed    
  11  alpha_y      0.00000e+00     fixed    
  12  w_y          1.38860e+01   constant   
  13  beta_y       8.33884e-04     fixed    
  14  alpha_vw     0.00000e+00     fixed    
  15  w_vw         1.43404e+01   constant   
  16  beta_vw      0.00000e+00     fixed    
  17  LM           1.16863e-04   constant   
  18  zeta_y       0.00000e+00   constant   
  19  zeta_vw      0.00000e+00   constant   
  20  T_CBO        1.57506e+01   3.32118e+00  -4.22811e-03  -1.36415e+01
  21  alpha_A0    -5.60064e+04   1.26742e+05  -2.44951e+04  -5.81910e-07
  22  beta_A0      2.88915e+04   6.53476e+04   1.26296e+04  -2.06172e-06
  23  alpha_phi    8.77030e+03   1.98066e+04   3.82798e+03  -4.62867e-06
  24  beta_phi    -2.55451e+04   5.78894e+04  -1.11885e+04   3.15868e-06
 CALL LIMIT EXCEEDED IN MIGRAD.
 MIGRAD TERMINATED WITHOUT CONVERGENCE.
 FCN=59.7138 FROM MIGRAD    STATUS=CALL LIMIT   1148 CALLS        4411 TOTAL
                     EDM=0.00854711    STRATEGY= 1  ERROR MATRIX UNCERTAINTY  13.6 per cent
  EXT PARAMETER                APPROXIMATE        STEP         FIRST   
  NO.   NAME      VALUE            ERROR          SIZE      DERIVATIVE 
   1  N0           3.01035e+06     fixed    
   2  tau          6.44059e+01   constant   
   3  A0           3.51434e-01     fixed    
   4  phi          4.11650e+00     fixed    
   5  R           -6.13499e+01   constant   
   6  alpha_CBO   -3.52739e-03     fixed    
   7  w_CBO        2.32500e+00   constant   
   8  beta_CBO     1.62228e-03   4.85843e-04   4.34670e-06   3.05976e+00
   9  alpha_2CBO  -4.30439e-04   5.16615e-04  -2.36416e-05   1.57528e+00
  10  beta_2CBO    4.47192e-04     fixed    
  11  alpha_y      0.00000e+00     fixed    
  12  w_y          1.38860e+01   constant   
  13  beta_y       8.33884e-04     fixed    
  14  alpha_vw     0.00000e+00     fixed    
  15  w_vw         1.43404e+01   constant   
  16  beta_vw      0.00000e+00     fixed    
  17  LM           1.16863e-04   constant   
  18  zeta_y       0.00000e+00   constant   
  19  zeta_vw      0.00000e+00   constant   
  20  T_CBO        1.04710e+01   1.35855e+00  -6.25762e-04  -3.90395e+01
  21  alpha_A0    -2.69751e+08   7.31554e+08  -3.42102e+07   8.72681e-10
  22  beta_A0      6.71968e+07   1.82169e+08   8.51895e+06   8.41790e-10
  23  alpha_phi    4.15427e+07   1.12989e+08   5.28354e+06   4.25101e-10
  24  beta_phi    -9.74197e+07   2.64250e+08  -1.23572e+07   3.05395e-10
 EXTERNAL ERROR MATRIX.    NDIM=  25    NPAR=  7    ERR DEF=1
  2.360e-07 -3.142e-08  6.841e-06 -6.158e+02  1.511e+02  9.561e+01 -2.216e+02 
 -3.142e-08  2.669e-07 -2.370e-05  9.581e+03 -2.386e+03 -1.479e+03  3.460e+03 
  6.841e-06 -2.370e-05  1.846e+00  9.811e+08 -2.443e+08 -1.515e+08  3.544e+08 
 -6.158e+02  9.581e+03  9.811e+08  5.352e+17 -1.333e+17 -8.266e+16  1.933e+17 
  1.511e+02 -2.386e+03 -2.443e+08 -1.333e+17  3.319e+16  2.058e+16 -4.814e+16 
  9.561e+01 -1.479e+03 -1.515e+08 -8.266e+16  2.058e+16  1.277e+16 -2.986e+16 
 -2.216e+02  3.460e+03  3.544e+08  1.933e+17 -4.814e+16 -2.986e+16  6.983e+16 
ERR MATRIX APPROXIMATE
 PARAMETER  CORRELATION COEFFICIENTS  
       NO.  GLOBAL      8      9     20     21     22     23     24
        8  0.18300   1.000 -0.125  0.010 -0.002  0.002  0.002 -0.002
        9  0.39957  -0.125  1.000 -0.034  0.025 -0.025 -0.025  0.025
       20  0.98942   0.010 -0.034  1.000  0.987 -0.987 -0.987  0.987
       21  1.00000  -0.002  0.025  0.987  1.000 -1.000 -1.000  1.000
       22  1.00000   0.002 -0.025 -0.987 -1.000  1.000  1.000 -1.000
       23  1.00000   0.002 -0.025 -0.987 -1.000  1.000  1.000 -1.000
       24  1.00000  -0.002  0.025  0.987  1.000 -1.000 -1.000  1.000
 ERR MATRIX APPROXIMATE
MINUIT - FIT wiggle + 1-CBO + 2-CBO
 **********
 **   42 **RES 
 **********
                   PARAMETER   16  beta_vw RESTORED TO VARIABLE.
                   PARAMETER   14  alpha_vw RESTORED TO VARIABLE.
                   PARAMETER   13  beta_y RESTORED TO VARIABLE.
                   PARAMETER   11  alpha_y RESTORED TO VARIABLE.
                   PARAMETER   10  beta_2CBO RESTORED TO VARIABLE.
                   PARAMETER    6  alpha_CBO RESTORED TO VARIABLE.
                   PARAMETER    4  phi RESTORED TO VARIABLE.
                   PARAMETER    3  A0 RESTORED TO VARIABLE.
                   PARAMETER    1  N0 RESTORED TO VARIABLE.
 **********
 **   43 **FIX           10
 **********
 **********
 **   44 **FIX           11
 **********
 **********
 **   45 **FIX           12
 **********
 PARAMETER   12  IS CONSTANT.   IGNORED.
 **********
 **   46 **FIX           13
 **********
 **********
 **   47 **FIX           14
 **********
 **********
 **   48 **FIX           15
 **********
 PARAMETER   15  IS CONSTANT.   IGNORED.
 **********
 **   49 **FIX           16
 **********
 **********
 **   50 **MIGRAD
 **********
 START MIGRAD MINIMIZATION.  STRATEGY  1.  CONVERGENCE WHEN EDM .LT. 1.00e-04
 FCN=59.7135 FROM MIGRAD    STATUS=INITIATE      138 CALLS        4549 TOTAL
                     EDM= unknown      STRATEGY= 1      NO ERROR MATRIX       
  EXT PARAMETER               CURRENT GUESS       STEP         FIRST   
  NO.   NAME      VALUE            ERROR          SIZE      DERIVATIVE 
   1  N0           3.01035e+06   9.92072e+02   0.00000e+00  -5.27739e-04
   2  tau          6.44059e+01   constant   
   3  A0           3.51434e-01   4.53930e-04   0.00000e+00  -1.61655e+03
   4  phi          4.11650e+00   1.28206e-03   0.00000e+00  -9.13641e+02
   5  R           -6.13499e+01   constant   
   6  alpha_CBO   -3.52739e-03   4.61741e-04   0.00000e+00  -1.97167e+02
   7  w_CBO        2.32500e+00   constant   
   8  beta_CBO     1.62228e-03   4.85843e-04   0.00000e+00   2.89207e+00
   9  alpha_2CBO  -4.30439e-04   5.16615e-04   0.00000e+00   1.01867e+00
  10  beta_2CBO    4.47192e-04     fixed    
  11  alpha_y      0.00000e+00     fixed    
  12  w_y          1.38860e+01   constant   
  13  beta_y       8.33884e-04     fixed    
  14  alpha_vw     0.00000e+00     fixed    
  15  w_vw         1.43404e+01   constant   
  16  beta_vw      0.00000e+00     fixed    
  17  LM           1.16863e-04   constant   
  18  zeta_y       0.00000e+00   constant   
  19  zeta_vw      0.00000e+00   constant   
  20  T_CBO        1.04710e+01   1.35855e+00   0.00000e+00  -3.73351e+01
  21  alpha_A0    -2.70137e+08   7.31554e+08   0.00000e+00   8.45689e-10
  22  beta_A0      6.71968e+07   1.82169e+08   0.00000e+00   8.43632e-10
  23  alpha_phi    4.15206e+07   1.12989e+08  -2.20388e+04   4.23629e-10
  24  beta_phi    -9.74197e+07   2.64250e+08   0.00000e+00   3.05853e-10
 MIGRAD MINIMIZATION HAS CONVERGED.
 MIGRAD WILL VERIFY CONVERGENCE AND ERROR MATRIX.
 COVARIANCE MATRIX CALCULATED SUCCESSFULLY
 FCN=59.1765 FROM MIGRAD    STATUS=CONVERGED     529 CALLS        4940 TOTAL
                     EDM=7.5465e-07    STRATEGY= 1      ERROR MATRIX ACCURATE 
  EXT PARAMETER                                   STEP         FIRST   
  NO.   NAME      VALUE            ERROR          SIZE      DERIVATIVE 
   1  N0           3.01050e+06   1.41421e+00   3.65197e+00  -2.31545e-08
   2  tau          6.44059e+01   constant   
   3  A0           3.51609e-01   4.57659e-04   1.67821e-06  -1.68614e+00
   4  phi          4.11724e+00   1.30861e-03   4.84239e-06   1.97940e-01
   5  R           -6.13499e+01   constant   
   6  alpha_CBO   -3.49319e-03   4.67246e-04   1.70411e-06   1.95476e+00
   7  w_CBO        2.32500e+00   constant   
   8  beta_CBO     1.69744e-03   4.81011e-04   1.77784e-06  -5.87946e-01
   9  alpha_2CBO  -4.45105e-04   4.69376e-04   1.75450e-06  -8.62738e-01
  10  beta_2CBO    4.47192e-04     fixed    
  11  alpha_y      0.00000e+00     fixed    
  12  w_y          1.38860e+01   constant   
  13  beta_y       8.33884e-04     fixed    
  14  alpha_vw     0.00000e+00     fixed    
  15  w_vw         1.43404e+01   constant   
  16  beta_vw      0.00000e+00     fixed    
  17  LM           1.16863e-04   constant   
  18  zeta_y       0.00000e+00   constant   
  19  zeta_vw      0.00000e+00   constant   
  20  T_CBO        1.03752e+01   2.34130e-01   8.55760e-06  -2.44849e-01
  21  alpha_A0    -3.42263e+08   1.41421e+00   1.63204e+02   2.66748e-11
  22  beta_A0      6.24405e+07   1.41421e+00   2.97740e+01  -3.77643e-10
  23  alpha_phi    5.21877e+07   1.41421e+00   2.48850e+01  -6.92896e-12
  24  beta_phi    -1.46232e+08   1.41421e+00   6.97291e+01  -5.70052e-12
 EXTERNAL ERROR MATRIX.    NDIM=  25    NPAR= 11    ERR DEF=1
  2.000e+00 
 -1.439e-09  2.095e-07 
 -3.642e-07 -1.856e-08  1.712e-06 
  7.026e-08  4.251e-08 -6.802e-08  2.183e-07 
  6.039e-08  1.844e-08  1.108e-07  5.316e-11  2.314e-07 
 -4.414e-08 -7.839e-09 -3.795e-08  9.409e-09 -2.401e-08  2.203e-07 
  5.299e-05 -1.068e-05 -3.981e-06  1.395e-05 -4.287e-06  1.234e-05  5.482e-02 
 -3.616e-13 -8.531e-14  1.344e-12 -2.869e-13 -9.065e-14  8.623e-14  1.935e-09  2.000e+00 
  2.687e-12 -7.516e-13  1.341e-12 -3.848e-13 -5.897e-13 -5.771e-13 -2.626e-10 -1.619e-14  2.000e+00 
  3.930e-12 -7.137e-13  1.480e-12 -4.100e-13  1.068e-13  7.031e-13 -2.540e-10  6.274e-16  5.258e-15  2.000e+00 
  3.395e-12 -3.535e-13 -2.035e-12  3.543e-13  7.915e-15 -2.056e-13  8.280e-10  8.473e-17  5.707e-16  1.222e-15  2.000e+00 
 PARAMETER  CORRELATION COEFFICIENTS  
       NO.  GLOBAL      1      3      4      6      8      9     20     21     22     23     24
        1  0.00030   1.000 -0.000 -0.000  0.000  0.000 -0.000  0.000 -0.000  0.000  0.000  0.000
        3  0.25057  -0.000  1.000 -0.031  0.199  0.084 -0.036 -0.100 -0.000 -0.000 -0.000 -0.000
        4  0.21353  -0.000 -0.031  1.000 -0.111  0.176 -0.062 -0.013  0.000  0.000  0.000 -0.000
        6  0.26996   0.000  0.199 -0.111  1.000  0.000  0.043  0.128 -0.000 -0.000 -0.000  0.000
        8  0.21874   0.000  0.084  0.176  0.000  1.000 -0.106 -0.038 -0.000 -0.000  0.000  0.000
        9  0.16166  -0.000 -0.036 -0.062  0.043 -0.106  1.000  0.112  0.000 -0.000  0.000 -0.000
       20  0.20771   0.000 -0.100 -0.013  0.128 -0.038  0.112  1.000  0.000 -0.000 -0.000  0.000
       21  0.00000  -0.000 -0.000  0.000 -0.000 -0.000  0.000  0.000  1.000 -0.000  0.000  0.000
       22  0.00000   0.000 -0.000  0.000 -0.000 -0.000 -0.000 -0.000 -0.000  1.000  0.000  0.000
       23  0.00000   0.000 -0.000  0.000 -0.000  0.000  0.000 -0.000  0.000  0.000  1.000  0.000
       24  0.00000   0.000 -0.000 -0.000  0.000  0.000 -0.000  0.000  0.000  0.000  0.000  1.000
MINUIT - FIT ONLY 1-y
 **********
 **   51 **RES 
 **********
                   PARAMETER   16  beta_vw RESTORED TO VARIABLE.
                   PARAMETER   14  alpha_vw RESTORED TO VARIABLE.
                   PARAMETER   13  beta_y RESTORED TO VARIABLE.
                   PARAMETER   11  alpha_y RESTORED TO VARIABLE.
                   PARAMETER   10  beta_2CBO RESTORED TO VARIABLE.
 **********
 **   52 **FIX            0
 **********
 PARAMETER    0  IS UNDEFINED. IGNORED.
 **********
 **   53 **FIX            1
 **********
 **********
 **   54 **FIX            2
 **********
 PARAMETER    2  IS CONSTANT.   IGNORED.
 **********
 **   55 **FIX            3
 **********
 **********
 **   56 **FIX            4
 **********
 **********
 **   57 **FIX            5
 **********
 PARAMETER    5  IS CONSTANT.   IGNORED.
 **********
 **   58 **FIX            6
 **********
 **********
 **   59 **FIX            7
 **********
 PARAMETER    7  IS CONSTANT.   IGNORED.
 **********
 **   60 **FIX            8
 **********
 **********
 **   61 **FIX            9
 **********
 **********
 **   62 **FIX           13
 **********
 **********
 **   63 **FIX           14
 **********
 **********
 **   64 **FIX           15
 **********
 PARAMETER   15  IS CONSTANT.   IGNORED.
 **********
 **   65 **FIX           16
 **********
 **********
 **   66 **MIGRAD
 **********
 START MIGRAD MINIMIZATION.  STRATEGY  1.  CONVERGENCE WHEN EDM .LT. 1.00e-04
 FCN=59.1765 FROM MIGRAD    STATUS=INITIATE       37 CALLS        4977 TOTAL
                     EDM= unknown      STRATEGY= 1      NO ERROR MATRIX       
  EXT PARAMETER               CURRENT GUESS       STEP         FIRST   
  NO.   NAME      VALUE            ERROR          SIZE      DERIVATIVE 
   1  N0           3.01050e+06     fixed    
   2  tau          6.44059e+01   constant   
   3  A0           3.51609e-01     fixed    
   4  phi          4.11724e+00     fixed    
   5  R           -6.13499e+01   constant   
   6  alpha_CBO   -3.49319e-03     fixed    
   7  w_CBO        2.32500e+00   constant   
   8  beta_CBO     1.69744e-03     fixed    
   9  alpha_2CBO  -4.45105e-04     fixed    
  10  beta_2CBO    4.47192e-04   4.64841e-04   0.00000e+00  -6.67558e+02
  11  alpha_y      0.00000e+00   1.00000e-03   0.00000e+00  -5.81480e+03
  12  w_y          1.38860e+01   constant   
  13  beta_y       8.33884e-04     fixed    
  14  alpha_vw     0.00000e+00     fixed    
  15  w_vw         1.43404e+01   constant   
  16  beta_vw      0.00000e+00     fixed    
  17  LM           1.16863e-04   constant   
  18  zeta_y       0.00000e+00   constant   
  19  zeta_vw      0.00000e+00   constant   
  20  T_CBO        1.03752e+01   2.34130e-01   0.00000e+00  -3.48074e-01
  21  alpha_A0    -3.42263e+08   1.41421e+00   0.00000e+00   2.65104e-11
  22  beta_A0      6.24405e+07   1.41421e+00   0.00000e+00  -3.77321e-10
  23  alpha_phi    5.21877e+07   1.41421e+00   0.00000e+00  -6.86001e-12
  24  beta_phi    -1.46163e+08   1.41421e+00   6.97291e+04  -2.55938e-12
 CALL LIMIT EXCEEDED IN MIGRAD.
 MIGRAD TERMINATED WITHOUT CONVERGENCE.
 FCN=57.2815 FROM MIGRAD    STATUS=CALL LIMIT   1155 CALLS        6095 TOTAL
                     EDM=0.0018592    STRATEGY= 1  ERROR MATRIX UNCERTAINTY  32.7 per cent
  EXT PARAMETER                APPROXIMATE        STEP         FIRST   
  NO.   NAME      VALUE            ERROR          SIZE      DERIVATIVE 
   1  N0           3.01050e+06     fixed    
   2  tau          6.44059e+01   constant   
   3  A0           3.51609e-01     fixed    
   4  phi          4.11724e+00     fixed    
   5  R           -6.13499e+01   constant   
   6  alpha_CBO   -3.49319e-03     fixed    
   7  w_CBO        2.32500e+00   constant   
   8  beta_CBO     1.69744e-03     fixed    
   9  alpha_2CBO  -4.45105e-04     fixed    
  10  beta_2CBO    5.06117e-04   4.57778e-04  -1.10049e-06  -4.58089e+01
  11  alpha_y      5.92797e-04   4.27559e-04  -1.79897e-06  -8.25429e+01
  12  w_y          1.38860e+01   constant   
  13  beta_y       8.33884e-04     fixed    
  14  alpha_vw     0.00000e+00     fixed    
  15  w_vw         1.43404e+01   constant   
  16  beta_vw      0.00000e+00     fixed    
  17  LM           1.16863e-04   constant   
  18  zeta_y       0.00000e+00   constant   
  19  zeta_vw      0.00000e+00   constant   
  20  T_CBO        8.21979e+00   5.94024e-01   5.26178e-05  -2.85039e+00
  21  alpha_A0    -2.69341e+11   6.02935e+11  -8.15095e+07   5.23685e-13
  22  beta_A0      3.52316e+10   7.91864e+10   1.10662e+07  -2.39917e-13
  23  alpha_phi    7.30492e+10   1.64137e+11   2.23865e+07   2.74971e-12
  24  beta_phi    -1.00516e+11   2.24169e+11  -2.92567e+07   8.20080e-13
 EXTERNAL ERROR MATRIX.    NDIM=  25    NPAR=  7    ERR DEF=1
  2.096e-07 -1.932e-08  6.036e-05  7.602e+07 -9.984e+06 -2.070e+07  2.828e+07 
 -1.932e-08  1.828e-07  1.298e-04  1.379e+08 -1.812e+07 -3.755e+07  5.128e+07 
  6.036e-05  1.298e-04  3.529e-01  3.469e+11 -4.555e+10 -9.443e+10  1.290e+11 
  7.602e+07  1.379e+08  3.469e+11  3.635e+23 -4.774e+22 -9.896e+22  1.352e+23 
 -9.984e+06 -1.812e+07 -4.555e+10 -4.774e+22  6.270e+21  1.300e+22 -1.775e+22 
 -2.070e+07 -3.755e+07 -9.443e+10 -9.896e+22  1.300e+22  2.694e+22 -3.679e+22 
  2.828e+07  5.128e+07  1.290e+11  1.352e+23 -1.775e+22 -3.679e+22  5.025e+22 
ERR MATRIX APPROXIMATE
 PARAMETER  CORRELATION COEFFICIENTS  
       NO.  GLOBAL     10     11     20     21     22     23     24
       10  0.48052   1.000 -0.099  0.222  0.275 -0.275 -0.275  0.276
       11  0.59849  -0.099  1.000  0.511  0.535 -0.535 -0.535  0.535
       20  0.97804   0.222  0.511  1.000  0.968 -0.968 -0.968  0.968
       21  1.00000   0.275  0.535  0.968  1.000 -1.000 -1.000  1.000
       22  1.00000  -0.275 -0.535 -0.968 -1.000  1.000  1.000 -1.000
       23  1.00000  -0.275 -0.535 -0.968 -1.000  1.000  1.000 -1.000
       24  1.00000   0.276  0.535  0.968  1.000 -1.000 -1.000  1.000
 ERR MATRIX APPROXIMATE
MINUIT - FIT ONLY 2-y
 **********
 **   67 **RES 
 **********
                   PARAMETER   16  beta_vw RESTORED TO VARIABLE.
                   PARAMETER   14  alpha_vw RESTORED TO VARIABLE.
                   PARAMETER   13  beta_y RESTORED TO VARIABLE.
                   PARAMETER    9  alpha_2CBO RESTORED TO VARIABLE.
                   PARAMETER    8  beta_CBO RESTORED TO VARIABLE.
                   PARAMETER    6  alpha_CBO RESTORED TO VARIABLE.
                   PARAMETER    4  phi RESTORED TO VARIABLE.
                   PARAMETER    3  A0 RESTORED TO VARIABLE.
                   PARAMETER    1  N0 RESTORED TO VARIABLE.
 **********
 **   68 **FIX            0
 **********
 PARAMETER    0  IS UNDEFINED. IGNORED.
 **********
 **   69 **FIX            1
 **********
 **********
 **   70 **FIX            2
 **********
 PARAMETER    2  IS CONSTANT.   IGNORED.
 **********
 **   71 **FIX            3
 **********
 **********
 **   72 **FIX            4
 **********
 **********
 **   73 **FIX            5
 **********
 PARAMETER    5  IS CONSTANT.   IGNORED.
 **********
 **   74 **FIX            6
 **********
 **********
 **   75 **FIX            7
 **********
 PARAMETER    7  IS CONSTANT.   IGNORED.
 **********
 **   76 **FIX            8
 **********
 **********
 **   77 **FIX            9
 **********
 **********
 **   78 **FIX           10
 **********
 **********
 **   79 **FIX           11
 **********
 **********
 **   80 **FIX           12
 **********
 PARAMETER   12  IS CONSTANT.   IGNORED.
 **********
 **   81 **FIX           16
 **********
 **********
 **   82 **MIGRAD
 **********
 START MIGRAD MINIMIZATION.  STRATEGY  1.  CONVERGENCE WHEN EDM .LT. 1.00e-04
 FCN=57.2815 FROM MIGRAD    STATUS=INITIATE       16 CALLS        6111 TOTAL
                     EDM= unknown      STRATEGY= 1      NO ERROR MATRIX       
  EXT PARAMETER               CURRENT GUESS       STEP         FIRST   
  NO.   NAME      VALUE            ERROR          SIZE      DERIVATIVE 
   1  N0           3.01050e+06     fixed    
   2  tau          6.44059e+01   constant   
   3  A0           3.51609e-01     fixed    
   4  phi          4.11724e+00     fixed    
   5  R           -6.13499e+01   constant   
   6  alpha_CBO   -3.49319e-03     fixed    
   7  w_CBO        2.32500e+00   constant   
   8  beta_CBO     1.69744e-03     fixed    
   9  alpha_2CBO  -4.45105e-04     fixed    
  10  beta_2CBO    5.06117e-04     fixed    
  11  alpha_y      5.92797e-04     fixed    
  12  w_y          1.38860e+01   constant   
  13  beta_y       8.33884e-04   4.63001e-04   4.63001e-04  -3.49732e+02
  14  alpha_vw     0.00000e+00   1.00000e-03   1.00000e-03  -1.57512e+03
  15  w_vw         1.43404e+01   constant   
  16  beta_vw      0.00000e+00     fixed    
  17  LM           1.16863e-04   constant   
  18  zeta_y       0.00000e+00   constant   
  19  zeta_vw      0.00000e+00   constant   
  20  T_CBO        8.21979e+00   5.94024e-01   5.26178e-05  -2.85065e+00
  21  alpha_A0    -2.69341e+11   6.02935e+11  -8.15095e+07   5.23685e-13
  22  beta_A0      3.52316e+10   7.91864e+10   1.10662e+07  -2.39917e-13
  23  alpha_phi    7.30492e+10   1.64137e+11   2.23865e+07   2.74971e-12
  24  beta_phi    -1.00516e+11   2.24169e+11  -2.92567e+07   8.20080e-13
 MIGRAD MINIMIZATION HAS CONVERGED.
 MIGRAD WILL VERIFY CONVERGENCE AND ERROR MATRIX.
 COVARIANCE MATRIX CALCULATED SUCCESSFULLY
 FCN=57.0561 FROM MIGRAD    STATUS=CONVERGED     146 CALLS        6241 TOTAL
                     EDM=6.41002e-07    STRATEGY= 1      ERROR MATRIX ACCURATE 
  EXT PARAMETER                                   STEP         FIRST   
  NO.   NAME      VALUE            ERROR          SIZE      DERIVATIVE 
   1  N0           3.01050e+06     fixed    
   2  tau          6.44059e+01   constant   
   3  A0           3.51609e-01     fixed    
   4  phi          4.11724e+00     fixed    
   5  R           -6.13499e+01   constant   
   6  alpha_CBO   -3.49319e-03     fixed    
   7  w_CBO        2.32500e+00   constant   
   8  beta_CBO     1.69744e-03     fixed    
   9  alpha_2CBO  -4.45105e-04     fixed    
  10  beta_2CBO    5.06117e-04     fixed    
  11  alpha_y      5.92797e-04     fixed    
  12  w_y          1.38860e+01   constant   
  13  beta_y       9.29332e-04   4.83711e-04   1.72374e-06   9.88972e-02
  14  alpha_vw     1.95278e-04   4.79836e-04   1.70986e-06   2.08134e-01
  15  w_vw         1.43404e+01   constant   
  16  beta_vw      0.00000e+00     fixed    
  17  LM           1.16863e-04   constant   
  18  zeta_y       0.00000e+00   constant   
  19  zeta_vw      0.00000e+00   constant   
  20  T_CBO        8.22407e+00   1.43700e-01   5.92163e-06   7.09595e-01
  21  alpha_A0    -2.70945e+11   1.41421e+00   1.29196e+05   4.62257e-14
  22  beta_A0      3.52606e+10   1.41421e+00   1.68135e+04  -2.67021e-13
  23  alpha_phi    3.59469e+10   1.41421e+00   1.71408e+04  -4.65686e-15
  24  beta_phi    -1.06686e+11   1.41421e+00   5.08717e+04   3.93614e-15
 EXTERNAL ERROR MATRIX.    NDIM=  25    NPAR=  7    ERR DEF=1
  2.340e-07  6.659e-08 -1.537e-06 -6.626e-17  3.813e-17 -1.508e-16  1.306e-16 
  6.659e-08  2.302e-07 -1.646e-06 -7.307e-17  5.682e-17 -1.621e-16  1.529e-16 
 -1.537e-06 -1.646e-06  2.065e-02  1.589e-12 -1.727e-13 -2.254e-13  6.186e-13 
 -6.626e-17 -7.307e-17  1.589e-12  2.000e+00 -2.532e-20 -2.163e-22 -3.696e-22 
  3.813e-17  5.682e-17 -1.727e-13 -2.532e-20  2.000e+00 -9.564e-21 -5.455e-21 
 -1.508e-16 -1.621e-16 -2.254e-13 -2.163e-22 -9.564e-21  2.000e+00 -1.506e-21 
  1.306e-16  1.529e-16  6.186e-13 -3.696e-22 -5.455e-21 -1.506e-21  2.000e+00 
 PARAMETER  CORRELATION COEFFICIENTS  
       NO.  GLOBAL     13     14     20     21     22     23     24
       13  0.28731   1.000  0.287 -0.022 -0.000  0.000 -0.000  0.000
       14  0.28744   0.287  1.000 -0.024 -0.000  0.000 -0.000  0.000
       20  0.02870  -0.022 -0.024  1.000  0.000 -0.000 -0.000  0.000
       21  0.00000  -0.000 -0.000  0.000  1.000 -0.000 -0.000 -0.000
       22  0.00000   0.000  0.000 -0.000 -0.000  1.000 -0.000 -0.000
       23  0.00000  -0.000 -0.000 -0.000 -0.000 -0.000  1.000 -0.000
