 + ++++++++++++++++++++++++++++++++++++++++++++++++++++++++++++++++++++ +
 +                                                                      +
 +           You have chose to blind your fitting according to          +
 +                omega_ref * (1 + (R +/- deltaR) *10^{-6})             +
 +                                                                      +
 + ++++++++++++++++++++++++++++++++++++++++++++++++++++++++++++++++++++ +
In main()...
reading format from /gm2data/zkhechad/run45/envelope/formats/formatB_sBin_constraintOn.txt
pBinTau 	= 0  
pBinPhi 	= 0  
constraintau 	= 1 
includeMopTerm 	= 0    
constrainMop    = 0   
Parameters after format file: pBinTau 0 pBinPhi 0 constraintau 1 includeMopTerm 0 constrainMop 0 c_e_scale 0.000000 
Opening file /gm2data/tbarrett/gm2fr/studies/run23_bunch_corrections/CorrectedFourier_Run3b.root.
reading full fit data from /gm2data/zkhechad/cboTemplates/Run4CBOTemplates/fullFits/noRF/sBin_constraintOn_cE0.0_seed0_noRF_calo13.root
windowBins = 69
fitting sliding window 1470 from bin 1606 at 239.466000 to bin 1675 at 249.910000 (69 bins)

Reading data from /gm2data/cornell/histograms/aMethod/histogram_a_noRF.root
 **********
 **    1 **SET PRINTOUT            1
 **********
 **********
 **    2 **SET NOWARNINGS 
 **********
 PARAMETER DEFINITIONS:
    NO.   NAME         VALUE      STEP SIZE      LIMITS
     1 N0           3.45227e+06  1.00000e+02     no limits
     2 tau          6.44025e+01  constant
     3 A0           3.52708e-01  1.00000e-04     no limits
     4 phi          4.13064e+00  1.00000e-02     no limits
     5 R           -6.08848e+01  constant
     6 alpha_CBO    0.00000e+00  1.00000e-03     no limits
     7 w_CBO        2.32500e+00  constant
     8 beta_CBO     0.00000e+00  1.00000e-03     no limits
     9 alpha_2CBO   0.00000e+00  1.00000e-03     no limits
    10 beta_2CBO    0.00000e+00  1.00000e-03     no limits
    11 alpha_y      0.00000e+00  1.00000e-03     no limits
    12 w_y          1.38860e+01  constant
    13 beta_y       0.00000e+00  1.00000e-03     no limits
    14 alpha_vw     0.00000e+00  1.00000e-03     no limits
    15 w_vw         1.43404e+01  constant
    16 beta_vw      0.00000e+00  1.00000e-03     no limits
    17 LM          -3.36503e-05  constant
    18 zeta_y       0.00000e+00  constant
    19 zeta_vw      0.00000e+00  constant
    20 T_CBO        1.00000e+02  1.00000e+00    0.00000e+00  1.00000e+03
    21 alpha_A0     0.00000e+00  1.00000e-03     no limits
    22 beta_A0      0.00000e+00  1.00000e-03     no limits
    23 alpha_phi    0.00000e+00  1.00000e-03     no limits
    24 beta_phi     0.00000e+00  1.00000e-03     no limits
MINUIT - FIT ONLY WIGGLE
 **********
 **    3 **FIX            5
 **********
 PARAMETER    5  IS CONSTANT.   IGNORED.
 **********
 **    4 **FIX            6
 **********
 **********
 **    5 **FIX            7
 **********
 PARAMETER    7  IS CONSTANT.   IGNORED.
 **********
 **    6 **FIX            8
 **********
 **********
 **    7 **FIX            9
 **********
 **********
 **    8 **FIX           10
 **********
 **********
 **    9 **FIX           11
 **********
 **********
 **   10 **FIX           12
 **********
 PARAMETER   12  IS CONSTANT.   IGNORED.
 **********
 **   11 **FIX           13
 **********
 **********
 **   12 **FIX           14
 **********
 **********
 **   13 **FIX           15
 **********
 PARAMETER   15  IS CONSTANT.   IGNORED.
 **********
 **   14 **FIX           16
 **********
 **********
 **   15 **MIGRAD
 **********
 FIRST CALL TO USER FUNCTION AT NEW START POINT, WITH IFLAG=4.
 START MIGRAD MINIMIZATION.  STRATEGY  1.  CONVERGENCE WHEN EDM .LT. 1.00e-04
 FCN=234.626 FROM MIGRAD    STATUS=INITIATE      437 CALLS         438 TOTAL
                     EDM= unknown      STRATEGY= 1      NO ERROR MATRIX       
  EXT PARAMETER               CURRENT GUESS       STEP         FIRST   
  NO.   NAME      VALUE            ERROR          SIZE      DERIVATIVE 
   1  N0           3.45227e+06   1.00000e+02   0.00000e+00  -3.13786e-03
   2  tau          6.44025e+01   constant   
   3  A0           3.52708e-01   1.00000e-04   0.00000e+00  -1.21852e+04
   4  phi          4.13064e+00   1.00000e-02   0.00000e+00  -6.30380e+03
   5  R           -6.08848e+01   constant   
   6  alpha_CBO    0.00000e+00     fixed    
   7  w_CBO        2.32500e+00   constant   
   8  beta_CBO     0.00000e+00     fixed    
   9  alpha_2CBO   0.00000e+00     fixed    
  10  beta_2CBO    0.00000e+00     fixed    
  11  alpha_y      0.00000e+00     fixed    
  12  w_y          1.38860e+01   constant   
  13  beta_y       0.00000e+00     fixed    
  14  alpha_vw     0.00000e+00     fixed    
  15  w_vw         1.43404e+01   constant   
  16  beta_vw      0.00000e+00     fixed    
  17  LM          -3.36503e-05   constant   
  18  zeta_y       0.00000e+00   constant   
  19  zeta_vw      0.00000e+00   constant   
  20  T_CBO        1.00000e+02   1.00000e+00   0.00000e+00   0.00000e+00
  21  alpha_A0     0.00000e+00   1.00000e-03   0.00000e+00  -9.88652e+01
  22  beta_A0      0.00000e+00   1.00000e-03   0.00000e+00   1.58149e+02
  23  alpha_phi    0.00000e+00   1.00000e-03   0.00000e+00  -1.14855e+02
  24  beta_phi     0.00000e+00   1.00000e-03   0.00000e+00  -5.23329e+02
 CALL LIMIT EXCEEDED IN MIGRAD.
 MIGRAD TERMINATED WITHOUT CONVERGENCE.
 FCN=196.288 FROM MIGRAD    STATUS=CALL LIMIT   1330 CALLS        1331 TOTAL
                     EDM=0.00977182    STRATEGY= 1  ERROR MATRIX UNCERTAINTY   0.5 per cent
  EXT PARAMETER                APPROXIMATE        STEP         FIRST   
  NO.   NAME      VALUE            ERROR          SIZE      DERIVATIVE 
   1  N0           3.45424e+06   9.87267e+02   7.24254e+00  -4.42121e-06
   2  tau          6.44025e+01   constant   
   3  A0           3.53575e-01   3.68163e-04  -8.06145e-06  -7.19592e+01
   4  phi          4.13397e+00   1.10073e-03   2.62845e-05   5.59671e+00
   5  R           -6.08848e+01   constant   
   6  alpha_CBO    0.00000e+00     fixed    
   7  w_CBO        2.32500e+00   constant   
   8  beta_CBO     0.00000e+00     fixed    
   9  alpha_2CBO   0.00000e+00     fixed    
  10  beta_2CBO    0.00000e+00     fixed    
  11  alpha_y      0.00000e+00     fixed    
  12  w_y          1.38860e+01   constant   
  13  beta_y       0.00000e+00     fixed    
  14  alpha_vw     0.00000e+00     fixed    
  15  w_vw         1.43404e+01   constant   
  16  beta_vw      0.00000e+00     fixed    
  17  LM          -3.36503e-05   constant   
  18  zeta_y       0.00000e+00   constant   
  19  zeta_vw      0.00000e+00   constant   
  20  T_CBO        4.78141e+02   7.38996e+02   8.53519e-02  -7.55391e-02
  21  alpha_A0     8.76203e-04   3.25485e-03  -1.88226e-04  -2.67271e+01
  22  beta_A0     -3.25728e-03   4.20913e-03   1.18835e-04   3.81436e+00
  23  alpha_phi    1.25467e-03   3.89486e-03  -1.28710e-04  -1.34804e+01
  24  beta_phi     9.23857e-03   9.09968e-03  -4.53530e-04   2.95057e+00
 EXTERNAL ERROR MATRIX.    NDIM=  25    NPAR=  8    ERR DEF=1
  9.747e+05  5.584e-02 -1.139e-01  2.592e+03 -4.011e-01  4.896e-01  4.384e-01  3.236e-01 
  5.584e-02  1.355e-07  5.739e-09 -4.947e-02 -9.099e-08 -2.049e-07 -1.281e-07  6.438e-07 
 -1.139e-01  5.739e-09  1.212e-06  1.337e-01 -1.821e-07  2.095e-07 -4.915e-07 -1.857e-06 
  2.592e+03 -4.947e-02  1.337e-01  5.634e+05 -1.723e+00  2.327e+00 -1.497e+00 -6.497e+00 
 -4.011e-01 -9.099e-08 -1.821e-07 -1.723e+00  1.059e-05 -7.044e-06  1.543e-06  1.932e-05 
  4.896e-01 -2.049e-07  2.095e-07  2.327e+00 -7.044e-06  1.772e-05 -4.928e-06 -2.708e-05 
  4.384e-01 -1.281e-07 -4.915e-07 -1.497e+00  1.543e-06 -4.928e-06  1.517e-05  1.645e-05 
  3.236e-01  6.438e-07 -1.857e-06 -6.497e+00  1.932e-05 -2.708e-05  1.645e-05  8.280e-05 
ERR MATRIX APPROXIMATE
 PARAMETER  CORRELATION COEFFICIENTS  
       NO.  GLOBAL      1      3      4     20     21     22     23     24
        1  0.31989   1.000  0.154 -0.105  0.003 -0.125  0.118  0.114  0.036
        3  0.51274   0.154  1.000  0.014 -0.179 -0.076 -0.132 -0.089  0.192
        4  0.26234  -0.105  0.014  1.000  0.162 -0.051  0.045 -0.115 -0.185
       20  0.97029   0.003 -0.179  0.162  1.000 -0.705  0.737 -0.512 -0.951
       21  0.81318  -0.125 -0.076 -0.051 -0.705  1.000 -0.514  0.122  0.652
       22  0.75575   0.118 -0.132  0.045  0.737 -0.514  1.000 -0.301 -0.707
       23  0.70150   0.114 -0.089 -0.115 -0.512  0.122 -0.301  1.000  0.464
       24  0.95365   0.036  0.192 -0.185 -0.951  0.652 -0.707  0.464  1.000
 ERR MATRIX APPROXIMATE
MINUIT - FIT ONLY 1-CBO + wiggle
 **********
 **   16 **RES 
 **********
                   PARAMETER   16  beta_vw RESTORED TO VARIABLE.
                   PARAMETER   14  alpha_vw RESTORED TO VARIABLE.
                   PARAMETER   13  beta_y RESTORED TO VARIABLE.
                   PARAMETER   11  alpha_y RESTORED TO VARIABLE.
                   PARAMETER   10  beta_2CBO RESTORED TO VARIABLE.
                   PARAMETER    9  alpha_2CBO RESTORED TO VARIABLE.
                   PARAMETER    8  beta_CBO RESTORED TO VARIABLE.
                   PARAMETER    6  alpha_CBO RESTORED TO VARIABLE.
 **********
 **   17 **FIX            8
 **********
 **********
 **   18 **FIX            9
 **********
 **********
 **   19 **FIX           11
 **********
 **********
 **   20 **FIX           12
 **********
 PARAMETER   12  IS CONSTANT.   IGNORED.
 **********
 **   21 **FIX           14
 **********
 **********
 **   22 **FIX           15
 **********
 PARAMETER   15  IS CONSTANT.   IGNORED.
 **********
 **   23 **FIX           16
 **********
 **********
 **   24 **MIGRAD
 **********
 START MIGRAD MINIMIZATION.  STRATEGY  1.  CONVERGENCE WHEN EDM .LT. 1.00e-04
 FCN=196.288 FROM MIGRAD    STATUS=INITIATE       28 CALLS        1359 TOTAL
                     EDM= unknown      STRATEGY= 1      NO ERROR MATRIX       
  EXT PARAMETER               CURRENT GUESS       STEP         FIRST   
  NO.   NAME      VALUE            ERROR          SIZE      DERIVATIVE 
   1  N0           3.45424e+06   9.87267e+02   7.24254e+00  -4.42121e-06
   2  tau          6.44025e+01   constant   
   3  A0           3.53575e-01   3.68163e-04  -8.06145e-06  -7.19592e+01
   4  phi          4.13397e+00   1.10073e-03   2.62845e-05   5.59671e+00
   5  R           -6.08848e+01   constant   
   6  alpha_CBO    0.00000e+00   1.00000e-03   1.00000e-03  -1.78141e+04
   7  w_CBO        2.32500e+00   constant   
   8  beta_CBO     0.00000e+00     fixed    
   9  alpha_2CBO   0.00000e+00     fixed    
  10  beta_2CBO    0.00000e+00   1.00000e-03   1.00000e-03   2.62102e+03
  11  alpha_y      0.00000e+00     fixed    
  12  w_y          1.38860e+01   constant   
  13  beta_y       0.00000e+00   1.00000e-03   1.00000e-03   4.71637e+03
  14  alpha_vw     0.00000e+00     fixed    
  15  w_vw         1.43404e+01   constant   
  16  beta_vw      0.00000e+00     fixed    
  17  LM          -3.36503e-05   constant   
  18  zeta_y       0.00000e+00   constant   
  19  zeta_vw      0.00000e+00   constant   
  20  T_CBO        4.78141e+02   7.38996e+02   8.53519e-02  -7.55602e-02
  21  alpha_A0     8.76203e-04   3.25485e-03  -1.88226e-04  -2.67271e+01
  22  beta_A0     -3.25728e-03   4.20913e-03   1.18835e-04   3.81436e+00
  23  alpha_phi    1.25467e-03   3.89486e-03  -1.28710e-04  -1.34804e+01
  24  beta_phi     9.23857e-03   9.09968e-03  -4.53530e-04   2.95057e+00
 MIGRAD MINIMIZATION HAS CONVERGED.
 FCN=181.523 FROM MIGRAD    STATUS=CONVERGED     618 CALLS        1949 TOTAL
                     EDM=4.72171e-06    STRATEGY= 1  ERROR MATRIX UNCERTAINTY   0.6 per cent
  EXT PARAMETER                                   STEP         FIRST   
  NO.   NAME      VALUE            ERROR          SIZE      DERIVATIVE 
   1  N0           3.45429e+06   1.00441e+03  -9.44023e-02  -6.20048e-07
   2  tau          6.44025e+01   constant   
   3  A0           3.53721e-01   3.58503e-04   1.58357e-07  -2.74061e+00
   4  phi          4.13342e+00   1.11031e-03   7.24520e-07  -8.90945e-02
   5  R           -6.08848e+01   constant   
   6  alpha_CBO    1.53241e-03   4.14894e-04  -2.35603e-08   9.75751e-01
   7  w_CBO        2.32500e+00   constant   
   8  beta_CBO     0.00000e+00     fixed    
   9  alpha_2CBO   0.00000e+00     fixed    
  10  beta_2CBO   -1.60956e-04   3.89674e-04   1.92143e-07   3.33960e+00
  11  alpha_y      0.00000e+00     fixed    
  12  w_y          1.38860e+01   constant   
  13  beta_y      -3.68880e-04   3.92269e-04  -2.74229e-07   2.14751e+00
  14  alpha_vw     0.00000e+00     fixed    
  15  w_vw         1.43404e+01   constant   
  16  beta_vw      0.00000e+00     fixed    
  17  LM          -3.36503e-05   constant   
  18  zeta_y       0.00000e+00   constant   
  19  zeta_vw      0.00000e+00   constant   
  20  T_CBO        9.99973e+02   5.35127e+02   4.53688e-02  -1.56202e-04
  21  alpha_A0     9.20932e-05   2.46478e-03  -2.46349e-06   8.01627e-02
  22  beta_A0     -2.49785e-03   2.12423e-03  -1.00447e-06   9.75390e-01
  23  alpha_phi    2.02565e-03   2.35548e-03  -1.94332e-06  -1.01705e-01
  24  beta_phi     6.86757e-03   1.75961e-03  -4.09966e-06  -1.86593e+00
 EXTERNAL ERROR MATRIX.    NDIM=  25    NPAR= 11    ERR DEF=1
  1.009e+06 
  4.664e-02  1.285e-07 
 -1.458e-01  1.718e-08  1.233e-06 
  7.433e-03  1.514e-08 -6.596e-08  1.721e-07 
  1.440e-02 -2.245e-09 -1.961e-08  3.748e-09  1.518e-07 
  2.833e-03 -2.821e-09 -9.066e-09 -9.518e-10 -1.310e-09  1.539e-07 
 -9.230e+02 -1.365e-04 -1.003e-04 -1.125e-04  3.370e-04 -8.158e-05  3.881e+03 
 -1.595e-01 -3.164e-08 -1.885e-07 -8.610e-08  2.871e-08  1.608e-08  9.195e-03  6.075e-06 
  3.172e-01 -6.151e-08 -3.450e-07 -2.011e-08 -6.470e-08  1.603e-08  1.306e-02  4.094e-07  4.512e-06 
  2.953e-01 -6.674e-08 -2.217e-07  1.600e-07  8.928e-08  1.521e-08 -1.284e-02  1.687e-07 -4.808e-07  5.548e-06 
  1.609e-01 -4.979e-08 -8.458e-08 -1.094e-08  1.140e-07 -1.403e-08 -3.390e-02 -5.539e-07  1.495e-07 -4.208e-07  3.096e-06 
 PARAMETER  CORRELATION COEFFICIENTS  
       NO.  GLOBAL      1      3      4      6     10     13     20     21     22     23     24
        1  0.30761   1.000  0.130 -0.131  0.018  0.037  0.007 -0.015 -0.064  0.149  0.125  0.091
        3  0.25879   0.130  1.000  0.043  0.102 -0.016 -0.020 -0.006 -0.036 -0.081 -0.079 -0.079
        4  0.26419  -0.131  0.043  1.000 -0.143 -0.045 -0.021 -0.001 -0.069 -0.146 -0.085 -0.043
        6  0.26300   0.018  0.102 -0.143  1.000  0.023 -0.006 -0.004 -0.084 -0.023  0.164 -0.015
       10  0.24406   0.037 -0.016 -0.045  0.023  1.000 -0.009  0.014  0.030 -0.078  0.097  0.166
       13  0.04580   0.007 -0.020 -0.021 -0.006 -0.009  1.000 -0.003  0.017  0.019  0.016 -0.020
       20  0.36017  -0.015 -0.006 -0.001 -0.004  0.014 -0.003  1.000  0.060  0.099 -0.088 -0.309
       21  0.21621  -0.064 -0.036 -0.069 -0.084  0.030  0.017  0.060  1.000  0.078  0.029 -0.128
       22  0.29762   0.149 -0.081 -0.146 -0.023 -0.078  0.019  0.099  0.078  1.000 -0.096  0.040
       23  0.33614   0.125 -0.079 -0.085  0.164  0.097  0.016 -0.088  0.029 -0.096  1.000 -0.102
       24  0.42736   0.091 -0.079 -0.043 -0.015  0.166 -0.020 -0.309 -0.128  0.040 -0.102  1.000
MINUIT - FIT ONLY 2-CBO
 **********
 **   25 **RES 
 **********
                   PARAMETER   16  beta_vw RESTORED TO VARIABLE.
                   PARAMETER   14  alpha_vw RESTORED TO VARIABLE.
                   PARAMETER   11  alpha_y RESTORED TO VARIABLE.
                   PARAMETER    9  alpha_2CBO RESTORED TO VARIABLE.
                   PARAMETER    8  beta_CBO RESTORED TO VARIABLE.
 **********
 **   26 **FIX            0
 **********
 PARAMETER    0  IS UNDEFINED. IGNORED.
 **********
 **   27 **FIX            1
 **********
 **********
 **   28 **FIX            2
 **********
 PARAMETER    2  IS CONSTANT.   IGNORED.
 **********
 **   29 **FIX            3
 **********
 **********
 **   30 **FIX            4
 **********
 **********
 **   31 **FIX            5
 **********
 PARAMETER    5  IS CONSTANT.   IGNORED.
 **********
 **   32 **FIX            6
 **********
 **********
 **   33 **FIX            7
 **********
 PARAMETER    7  IS CONSTANT.   IGNORED.
 **********
 **   34 **FIX           10
 **********
 **********
 **   35 **FIX           11
 **********
 **********
 **   36 **FIX           12
 **********
 PARAMETER   12  IS CONSTANT.   IGNORED.
 **********
 **   37 **FIX           13
 **********
 **********
 **   38 **FIX           14
 **********
 **********
 **   39 **FIX           15
 **********
 PARAMETER   15  IS CONSTANT.   IGNORED.
 **********
 **   40 **FIX           16
 **********
 **********
 **   41 **MIGRAD
 **********
 START MIGRAD MINIMIZATION.  STRATEGY  1.  CONVERGENCE WHEN EDM .LT. 1.00e-04
 FCN=181.523 FROM MIGRAD    STATUS=INITIATE       18 CALLS        1967 TOTAL
                     EDM= unknown      STRATEGY= 1      NO ERROR MATRIX       
  EXT PARAMETER               CURRENT GUESS       STEP         FIRST   
  NO.   NAME      VALUE            ERROR          SIZE      DERIVATIVE 
   1  N0           3.45429e+06     fixed    
   2  tau          6.44025e+01   constant   
   3  A0           3.53721e-01     fixed    
   4  phi          4.13342e+00     fixed    
   5  R           -6.08848e+01   constant   
   6  alpha_CBO    1.53241e-03     fixed    
   7  w_CBO        2.32500e+00   constant   
   8  beta_CBO     0.00000e+00   1.00000e-03   1.00000e-03   5.53089e+04
   9  alpha_2CBO   0.00000e+00   1.00000e-03   1.00000e-03   2.81912e+03
  10  beta_2CBO   -1.60956e-04     fixed    
  11  alpha_y      0.00000e+00     fixed    
  12  w_y          1.38860e+01   constant   
  13  beta_y      -3.68880e-04     fixed    
  14  alpha_vw     0.00000e+00     fixed    
  15  w_vw         1.43404e+01   constant   
  16  beta_vw      0.00000e+00     fixed    
  17  LM          -3.36503e-05   constant   
  18  zeta_y       0.00000e+00   constant   
  19  zeta_vw      0.00000e+00   constant   
  20  T_CBO        9.99973e+02   5.35127e+02   4.53688e-02  -1.55955e-04
  21  alpha_A0     9.20932e-05   2.46478e-03  -2.46349e-06   8.01639e-02
  22  beta_A0     -2.49785e-03   2.12423e-03  -1.00447e-06   9.75392e-01
  23  alpha_phi    2.02565e-03   2.35548e-03  -1.94332e-06  -1.01705e-01
  24  beta_phi     6.86757e-03   1.75961e-03  -4.09966e-06  -1.86593e+00
 MIGRAD MINIMIZATION HAS CONVERGED.
 MIGRAD WILL VERIFY CONVERGENCE AND ERROR MATRIX.
 COVARIANCE MATRIX CALCULATED SUCCESSFULLY
 FCN=60.3311 FROM MIGRAD    STATUS=CONVERGED     171 CALLS        2120 TOTAL
                     EDM=3.48251e-05    STRATEGY= 1      ERROR MATRIX ACCURATE 
  EXT PARAMETER                                   STEP         FIRST   
  NO.   NAME      VALUE            ERROR          SIZE      DERIVATIVE 
   1  N0           3.45429e+06     fixed    
   2  tau          6.44025e+01   constant   
   3  A0           3.53721e-01     fixed    
   4  phi          4.13342e+00     fixed    
   5  R           -6.08848e+01   constant   
   6  alpha_CBO    1.53241e-03     fixed    
   7  w_CBO        2.32500e+00   constant   
   8  beta_CBO    -4.37992e-03   3.98429e-04   1.47636e-06  -1.12371e-03
   9  alpha_2CBO  -5.94761e-05   4.06188e-04   1.51314e-06  -4.30642e+00
  10  beta_2CBO   -1.60956e-04     fixed    
  11  alpha_y      0.00000e+00     fixed    
  12  w_y          1.38860e+01   constant   
  13  beta_y      -3.68880e-04     fixed    
  14  alpha_vw     0.00000e+00     fixed    
  15  w_vw         1.43404e+01   constant   
  16  beta_vw      0.00000e+00     fixed    
  17  LM          -3.36503e-05   constant   
  18  zeta_y       0.00000e+00   constant   
  19  zeta_vw      0.00000e+00   constant   
  20  T_CBO        9.99463e+02   5.38370e+02   4.99197e-02   6.55571e-04
  21  alpha_A0     6.34251e-04   1.95956e-03   7.34495e-06   3.26877e-02
  22  beta_A0      6.27151e-04   1.96038e-03   7.33160e-06  -3.28100e-02
  23  alpha_phi    2.78120e-03   1.91094e-03   7.10578e-06   2.29526e-01
  24  beta_phi     3.09465e-03   1.78690e-03   6.52708e-06   4.25547e-01
 EXTERNAL ERROR MATRIX.    NDIM=  25    NPAR=  7    ERR DEF=1
  1.587e-07 -6.205e-09 -3.310e-06 -1.509e-08 -1.096e-07 -3.086e-08  1.409e-07 
 -6.205e-09  1.650e-07  3.234e-07 -8.848e-08 -9.754e-08  6.546e-08 -8.848e-08 
 -3.310e-06  3.234e-07  7.789e+04  1.878e-02  1.787e-02  8.067e-02  9.023e-02 
 -1.509e-08 -8.848e-08  1.878e-02  3.840e-06  3.117e-07  5.091e-07  1.877e-07 
 -1.096e-07 -9.754e-08  1.787e-02  3.117e-07  3.843e-06  2.093e-07 -4.042e-08 
 -3.086e-08  6.546e-08  8.067e-02  5.091e-07  2.093e-07  3.652e-06 -5.564e-08 
  1.409e-07 -8.848e-08  9.023e-02  1.877e-07 -4.042e-08 -5.564e-08  3.193e-06 
 PARAMETER  CORRELATION COEFFICIENTS  
       NO.  GLOBAL      8      9     20     21     22     23     24
        8  0.24699   1.000 -0.038 -0.000 -0.019 -0.140 -0.041  0.198
        9  0.22574  -0.038  1.000  0.000 -0.111 -0.122  0.084 -0.122
       20  0.24106  -0.000  0.000  1.000  0.034  0.033  0.151  0.181
       21  0.19804  -0.019 -0.111  0.034  1.000  0.081  0.136  0.054
       22  0.20859  -0.140 -0.122  0.033  0.081  1.000  0.056 -0.012
       23  0.23329  -0.041  0.084  0.151  0.136  0.056  1.000 -0.016
       24  0.29590   0.198 -0.122  0.181  0.054 -0.012 -0.016  1.000
MINUIT - FIT wiggle + 1-CBO + 2-CBO
 **********
 **   42 **RES 
 **********
                   PARAMETER   16  beta_vw RESTORED TO VARIABLE.
                   PARAMETER   14  alpha_vw RESTORED TO VARIABLE.
                   PARAMETER   13  beta_y RESTORED TO VARIABLE.
                   PARAMETER   11  alpha_y RESTORED TO VARIABLE.
                   PARAMETER   10  beta_2CBO RESTORED TO VARIABLE.
                   PARAMETER    6  alpha_CBO RESTORED TO VARIABLE.
                   PARAMETER    4  phi RESTORED TO VARIABLE.
                   PARAMETER    3  A0 RESTORED TO VARIABLE.
                   PARAMETER    1  N0 RESTORED TO VARIABLE.
 **********
 **   43 **FIX           10
 **********
 **********
 **   44 **FIX           11
 **********
 **********
 **   45 **FIX           12
 **********
 PARAMETER   12  IS CONSTANT.   IGNORED.
 **********
 **   46 **FIX           13
 **********
 **********
 **   47 **FIX           14
 **********
 **********
 **   48 **FIX           15
 **********
 PARAMETER   15  IS CONSTANT.   IGNORED.
 **********
 **   49 **FIX           16
 **********
 **********
 **   50 **MIGRAD
 **********
 START MIGRAD MINIMIZATION.  STRATEGY  1.  CONVERGENCE WHEN EDM .LT. 1.00e-04
 FCN=60.3311 FROM MIGRAD    STATUS=INITIATE       22 CALLS        2142 TOTAL
                     EDM= unknown      STRATEGY= 1      NO ERROR MATRIX       
  EXT PARAMETER               CURRENT GUESS       STEP         FIRST   
  NO.   NAME      VALUE            ERROR          SIZE      DERIVATIVE 
   1  N0           3.45429e+06   1.00441e+03   1.00441e+03   9.09867e-04
   2  tau          6.44025e+01   constant   
   3  A0           3.53721e-01   3.58503e-04   3.58503e-04   1.06082e+04
   4  phi          4.13342e+00   1.11031e-03   1.11031e-03   3.60093e+03
   5  R           -6.08848e+01   constant   
   6  alpha_CBO    1.53241e-03   4.14894e-04   4.14894e-04  -2.26746e+02
   7  w_CBO        2.32500e+00   constant   
   8  beta_CBO    -4.37992e-03   3.98429e-04   1.47636e-06  -1.12371e-03
   9  alpha_2CBO  -5.94761e-05   4.06188e-04   1.51314e-06  -4.30642e+00
  10  beta_2CBO   -1.60956e-04     fixed    
  11  alpha_y      0.00000e+00     fixed    
  12  w_y          1.38860e+01   constant   
  13  beta_y      -3.68880e-04     fixed    
  14  alpha_vw     0.00000e+00     fixed    
  15  w_vw         1.43404e+01   constant   
  16  beta_vw      0.00000e+00     fixed    
  17  LM          -3.36503e-05   constant   
  18  zeta_y       0.00000e+00   constant   
  19  zeta_vw      0.00000e+00   constant   
  20  T_CBO        9.99463e+02   5.38370e+02   4.99197e-02  -6.63315e-04
  21  alpha_A0     6.34251e-04   1.95956e-03   7.34495e-06   3.26842e-02
  22  beta_A0      6.27151e-04   1.96038e-03   7.33160e-06  -3.28141e-02
  23  alpha_phi    2.78120e-03   1.91094e-03   7.10578e-06   2.29527e-01
  24  beta_phi     3.09465e-03   1.78690e-03   6.52708e-06   4.25547e-01
 MIGRAD MINIMIZATION HAS CONVERGED.
 MIGRAD WILL VERIFY CONVERGENCE AND ERROR MATRIX.
 COVARIANCE MATRIX CALCULATED SUCCESSFULLY
 FCN=51.4746 FROM MIGRAD    STATUS=CONVERGED     247 CALLS        2367 TOTAL
                     EDM=2.83945e-06    STRATEGY= 1      ERROR MATRIX ACCURATE 
  EXT PARAMETER                                   STEP         FIRST   
  NO.   NAME      VALUE            ERROR          SIZE      DERIVATIVE 
   1  N0           3.45370e+06   1.02648e+03   3.35048e+00  -2.74798e-07
   2  tau          6.44025e+01   constant   
   3  A0           3.52911e-01   3.68499e-04   1.23086e-06   9.34605e-02
   4  phi          4.13104e+00   1.11909e-03   3.76530e-06   2.81652e-01
   5  R           -6.08848e+01   constant   
   6  alpha_CBO    1.59429e-03   4.15521e-04   1.41744e-06  -1.07381e+00
   7  w_CBO        2.32500e+00   constant   
   8  beta_CBO    -4.70012e-03   4.12742e-04   1.36580e-06  -3.37499e+00
   9  alpha_2CBO  -8.10413e-05   4.07324e-04   1.39983e-06   5.20639e-02
  10  beta_2CBO   -1.60956e-04     fixed    
  11  alpha_y      0.00000e+00     fixed    
  12  w_y          1.38860e+01   constant   
  13  beta_y      -3.68880e-04     fixed    
  14  alpha_vw     0.00000e+00     fixed    
  15  w_vw         1.43404e+01   constant   
  16  beta_vw      0.00000e+00     fixed    
  17  LM          -3.36503e-05   constant   
  18  zeta_y       0.00000e+00   constant   
  19  zeta_vw      0.00000e+00   constant   
  20  T_CBO        9.99969e+02   8.09088e+02   5.97927e-02  -1.07113e-04
  21  alpha_A0     1.60233e-03   2.00375e-03   6.80725e-06  -4.11831e-01
  22  beta_A0      1.19224e-03   2.00243e-03   6.78981e-06   1.59924e-01
  23  alpha_phi    3.73319e-03   1.96638e-03   6.58626e-06  -2.87256e-01
  24  beta_phi     2.97911e-03   1.78616e-03   6.05214e-06   1.78136e-01
 EXTERNAL ERROR MATRIX.    NDIM=  25    NPAR= 11    ERR DEF=1
  1.054e+06 
  6.520e-02  1.358e-07 
 -1.282e-01  3.489e-08  1.252e-06 
  4.874e-03  1.437e-08 -6.716e-08  1.727e-07 
  2.207e-02  2.963e-08  8.494e-08 -1.894e-09  1.704e-07 
  1.271e-02 -3.819e-09  1.964e-08 -6.751e-09 -5.457e-09  1.659e-07 
 -1.407e+01 -1.033e-05 -3.238e-06  4.116e-06 -2.286e-06  1.365e-07  6.486e+03 
 -2.514e-01 -9.277e-08 -2.087e-07 -5.282e-08 -5.070e-08 -9.092e-08  4.207e-03  4.015e-06 
  3.199e-01 -4.255e-08 -2.678e-07 -2.063e-09 -1.282e-07 -9.548e-08  3.117e-03  3.111e-07  4.010e-06 
  1.990e-01 -9.562e-08 -2.915e-07  1.308e-07 -6.511e-08  6.385e-08  9.834e-03  5.174e-07  3.382e-07  3.867e-06 
  2.801e-01  1.509e-08 -5.082e-08 -1.597e-08  1.466e-07 -8.492e-08  7.829e-03  1.131e-07  3.778e-08 -9.449e-08  3.190e-06 
 PARAMETER  CORRELATION COEFFICIENTS  
       NO.  GLOBAL      1      3      4      6      8      9     20     21     22     23     24
        1  0.35359   1.000  0.172 -0.112  0.011  0.052  0.030 -0.000 -0.122  0.156  0.099  0.153
        3  0.32899   0.172  1.000  0.085  0.094  0.195 -0.025 -0.000 -0.126 -0.058 -0.132  0.023
        4  0.30845  -0.112  0.085  1.000 -0.144  0.184  0.043 -0.000 -0.093 -0.120 -0.132 -0.025
        6  0.26438   0.011  0.094 -0.144  1.000 -0.011 -0.040  0.000 -0.063 -0.002  0.160 -0.022
        8  0.35321   0.052  0.195  0.184 -0.011  1.000 -0.032 -0.000 -0.061 -0.155 -0.080  0.199
        9  0.23660   0.030 -0.025  0.043 -0.040 -0.032  1.000  0.000 -0.111 -0.117  0.080 -0.117
       20  0.08961  -0.000 -0.000 -0.000  0.000 -0.000  0.000  1.000  0.026  0.019  0.062  0.054
       21  0.27880  -0.122 -0.126 -0.093 -0.063 -0.061 -0.111  0.026  1.000  0.078  0.131  0.032
       22  0.28501   0.156 -0.058 -0.120 -0.002 -0.155 -0.117  0.019  0.078  1.000  0.086  0.011
       23  0.32172   0.099 -0.132 -0.132  0.160 -0.080  0.080  0.062  0.131  0.086  1.000 -0.027
       24  0.28732   0.153  0.023 -0.025 -0.022  0.199 -0.117  0.054  0.032  0.011 -0.027  1.000
MINUIT - FIT ONLY 1-y
 **********
 **   51 **RES 
 **********
                   PARAMETER   16  beta_vw RESTORED TO VARIABLE.
                   PARAMETER   14  alpha_vw RESTORED TO VARIABLE.
                   PARAMETER   13  beta_y RESTORED TO VARIABLE.
                   PARAMETER   11  alpha_y RESTORED TO VARIABLE.
                   PARAMETER   10  beta_2CBO RESTORED TO VARIABLE.
 **********
 **   52 **FIX            0
 **********
 PARAMETER    0  IS UNDEFINED. IGNORED.
 **********
 **   53 **FIX            1
 **********
 **********
 **   54 **FIX            2
 **********
 PARAMETER    2  IS CONSTANT.   IGNORED.
 **********
 **   55 **FIX            3
 **********
 **********
 **   56 **FIX            4
 **********
 **********
 **   57 **FIX            5
 **********
 PARAMETER    5  IS CONSTANT.   IGNORED.
 **********
 **   58 **FIX            6
 **********
 **********
 **   59 **FIX            7
 **********
 PARAMETER    7  IS CONSTANT.   IGNORED.
 **********
 **   60 **FIX            8
 **********
 **********
 **   61 **FIX            9
 **********
 **********
 **   62 **FIX           13
 **********
 **********
 **   63 **FIX           14
 **********
 **********
 **   64 **FIX           15
 **********
 PARAMETER   15  IS CONSTANT.   IGNORED.
 **********
 **   65 **FIX           16
 **********
 **********
 **   66 **MIGRAD
 **********
 START MIGRAD MINIMIZATION.  STRATEGY  1.  CONVERGENCE WHEN EDM .LT. 1.00e-04
 FCN=51.4746 FROM MIGRAD    STATUS=INITIATE       16 CALLS        2383 TOTAL
                     EDM= unknown      STRATEGY= 1      NO ERROR MATRIX       
  EXT PARAMETER               CURRENT GUESS       STEP         FIRST   
  NO.   NAME      VALUE            ERROR          SIZE      DERIVATIVE 
   1  N0           3.45370e+06     fixed    
   2  tau          6.44025e+01   constant   
   3  A0           3.52911e-01     fixed    
   4  phi          4.13104e+00     fixed    
   5  R           -6.08848e+01   constant   
   6  alpha_CBO    1.59429e-03     fixed    
   7  w_CBO        2.32500e+00   constant   
   8  beta_CBO    -4.70012e-03     fixed    
   9  alpha_2CBO  -8.10413e-05     fixed    
  10  beta_2CBO   -1.60956e-04   3.89674e-04   3.89674e-04  -2.81982e+02
  11  alpha_y      0.00000e+00   1.00000e-03   1.00000e-03   5.66557e+03
  12  w_y          1.38860e+01   constant   
  13  beta_y      -3.68880e-04     fixed    
  14  alpha_vw     0.00000e+00     fixed    
  15  w_vw         1.43404e+01   constant   
  16  beta_vw      0.00000e+00     fixed    
  17  LM          -3.36503e-05   constant   
  18  zeta_y       0.00000e+00   constant   
  19  zeta_vw      0.00000e+00   constant   
  20  T_CBO        9.99969e+02   8.09088e+02   5.97927e-02  -1.10237e-04
  21  alpha_A0     1.60233e-03   2.00375e-03   6.80725e-06  -4.11847e-01
  22  beta_A0      1.19224e-03   2.00243e-03   6.78981e-06   1.59924e-01
  23  alpha_phi    3.73319e-03   1.96638e-03   6.58626e-06  -2.87256e-01
  24  beta_phi     2.97911e-03   1.78616e-03   6.05214e-06   1.78136e-01
 MIGRAD MINIMIZATION HAS CONVERGED.
 MIGRAD WILL VERIFY CONVERGENCE AND ERROR MATRIX.
 COVARIANCE MATRIX CALCULATED SUCCESSFULLY
 FCN=50.2266 FROM MIGRAD    STATUS=CONVERGED     115 CALLS        2482 TOTAL
                     EDM=1.78016e-06    STRATEGY= 1      ERROR MATRIX ACCURATE 
  EXT PARAMETER                                   STEP         FIRST   
  NO.   NAME      VALUE            ERROR          SIZE      DERIVATIVE 
   1  N0           3.45370e+06     fixed    
   2  tau          6.44025e+01   constant   
   3  A0           3.52911e-01     fixed    
   4  phi          4.13104e+00     fixed    
   5  R           -6.08848e+01   constant   
   6  alpha_CBO    1.59429e-03     fixed    
   7  w_CBO        2.32500e+00   constant   
   8  beta_CBO    -4.70012e-03     fixed    
   9  alpha_2CBO  -8.10413e-05     fixed    
  10  beta_2CBO   -1.46441e-04   3.99105e-04   1.36559e-06  -2.02169e+00
  11  alpha_y     -4.39820e-04   3.94206e-04   1.37687e-06   9.43300e-02
  12  w_y          1.38860e+01   constant   
  13  beta_y      -3.68880e-04     fixed    
  14  alpha_vw     0.00000e+00     fixed    
  15  w_vw         1.43404e+01   constant   
  16  beta_vw      0.00000e+00     fixed    
  17  LM          -3.36503e-05   constant   
  18  zeta_y       0.00000e+00   constant   
  19  zeta_vw      0.00000e+00   constant   
  20  T_CBO        1.00000e+03   8.18528e+02   4.77748e-02** at limit **
  21  alpha_A0     1.65861e-03   1.96718e-03   6.72496e-06  -3.34440e-01
  22  beta_A0      1.22644e-03   1.93257e-03   6.70773e-06   3.33291e-01
  23  alpha_phi    3.75276e-03   1.90763e-03   6.50659e-06  -6.32874e-01
  24  beta_phi     3.00211e-03   1.72222e-03   5.97895e-06   1.00598e-01
 EXTERNAL ERROR MATRIX.    NDIM=  25    NPAR=  7    ERR DEF=1
  1.593e-07  2.740e-09 -1.934e-09  9.924e-08 -5.998e-08  9.938e-08  4.862e-08 
  2.740e-09  1.554e-07 -7.690e-10 -1.492e-08 -1.497e-08 -2.240e-09 -5.791e-09 
 -1.934e-09 -7.690e-10  8.412e-03  6.359e-06  4.691e-06  1.443e-05  1.154e-05 
  9.924e-08 -1.492e-08  6.359e-06  3.870e-06  2.114e-07  6.024e-07  1.732e-07 
 -5.998e-08 -1.497e-08  4.691e-06  2.114e-07  3.735e-06  1.792e-07 -2.178e-08 
  9.938e-08 -2.240e-09  1.443e-05  6.024e-07  1.792e-07  3.639e-06 -3.993e-08 
  4.862e-08 -5.791e-09  1.154e-05  1.732e-07 -2.178e-08 -3.993e-08  2.966e-06 
 PARAMETER  CORRELATION COEFFICIENTS  
       NO.  GLOBAL     10     11     20     21     22     23     24
       10  0.20351   1.000  0.017 -0.000  0.126 -0.078  0.131  0.071
       11  0.03383   0.017  1.000 -0.000 -0.019 -0.020 -0.003 -0.009
       20  0.11570  -0.000 -0.000  1.000  0.035  0.026  0.083  0.073
       21  0.20766   0.126 -0.019  0.035  1.000  0.056  0.161  0.051
       22  0.11671  -0.078 -0.020  0.026  0.056  1.000  0.049 -0.007
       23  0.21786   0.131 -0.003  0.083  0.161  0.049  1.000 -0.012
       24  0.11480   0.071 -0.009  0.073  0.051 -0.007 -0.012  1.000
MINUIT - FIT ONLY 2-y
 **********
 **   67 **RES 
 **********
                   PARAMETER   16  beta_vw RESTORED TO VARIABLE.
                   PARAMETER   14  alpha_vw RESTORED TO VARIABLE.
                   PARAMETER   13  beta_y RESTORED TO VARIABLE.
                   PARAMETER    9  alpha_2CBO RESTORED TO VARIABLE.
                   PARAMETER    8  beta_CBO RESTORED TO VARIABLE.
                   PARAMETER    6  alpha_CBO RESTORED TO VARIABLE.
                   PARAMETER    4  phi RESTORED TO VARIABLE.
                   PARAMETER    3  A0 RESTORED TO VARIABLE.
                   PARAMETER    1  N0 RESTORED TO VARIABLE.
 **********
 **   68 **FIX            0
 **********
 PARAMETER    0  IS UNDEFINED. IGNORED.
 **********
 **   69 **FIX            1
 **********
 **********
 **   70 **FIX            2
 **********
 PARAMETER    2  IS CONSTANT.   IGNORED.
 **********
 **   71 **FIX            3
 **********
 **********
 **   72 **FIX            4
 **********
 **********
 **   73 **FIX            5
 **********
 PARAMETER    5  IS CONSTANT.   IGNORED.
 **********
 **   74 **FIX            6
 **********
 **********
 **   75 **FIX            7
 **********
 PARAMETER    7  IS CONSTANT.   IGNORED.
 **********
 **   76 **FIX            8
 **********
 **********
 **   77 **FIX            9
 **********
 **********
 **   78 **FIX           10
 **********
 **********
 **   79 **FIX           11
 **********
 **********
 **   80 **FIX           12
 **********
 PARAMETER   12  IS CONSTANT.   IGNORED.
 **********
 **   81 **FIX           16
 **********
 **********
 **   82 **MIGRAD
 **********
 START MIGRAD MINIMIZATION.  STRATEGY  1.  CONVERGENCE WHEN EDM .LT. 1.00e-04
 FCN=50.2266 FROM MIGRAD    STATUS=INITIATE       16 CALLS        2498 TOTAL
                     EDM= unknown      STRATEGY= 1      NO ERROR MATRIX       
  EXT PARAMETER               CURRENT GUESS       STEP         FIRST   
  NO.   NAME      VALUE            ERROR          SIZE      DERIVATIVE 
   1  N0           3.45370e+06     fixed    
   2  tau          6.44025e+01   constant   
   3  A0           3.52911e-01     fixed    
   4  phi          4.13104e+00     fixed    
   5  R           -6.08848e+01   constant   
   6  alpha_CBO    1.59429e-03     fixed    
   7  w_CBO        2.32500e+00   constant   
   8  beta_CBO    -4.70012e-03     fixed    
   9  alpha_2CBO  -8.10413e-05     fixed    
  10  beta_2CBO   -1.46441e-04     fixed    
  11  alpha_y     -4.39820e-04     fixed    
  12  w_y          1.38860e+01   constant   
  13  beta_y      -3.68880e-04   3.92269e-04   3.92269e-04  -5.93784e+01
  14  alpha_vw     0.00000e+00   1.00000e-03   1.00000e-03  -1.27393e+03
  15  w_vw         1.43404e+01   constant   
  16  beta_vw      0.00000e+00     fixed    
  17  LM          -3.36503e-05   constant   
  18  zeta_y       0.00000e+00   constant   
  19  zeta_vw      0.00000e+00   constant   
  20  T_CBO        9.99999e+02   8.18528e+02   4.77748e-02  -1.93669e-05
  21  alpha_A0     1.65861e-03   1.96718e-03   6.72496e-06  -3.34534e-01
  22  beta_A0      1.22644e-03   1.93257e-03   6.70773e-06   3.33177e-01
  23  alpha_phi    3.75276e-03   1.90763e-03   6.50659e-06  -6.33352e-01
  24  beta_phi     3.00211e-03   1.72222e-03   5.97895e-06   1.00113e-01
 MIGRAD MINIMIZATION HAS CONVERGED.
 MIGRAD WILL VERIFY CONVERGENCE AND ERROR MATRIX.
 COVARIANCE MATRIX CALCULATED SUCCESSFULLY
 FCN=50.1592 FROM MIGRAD    STATUS=CONVERGED     115 CALLS        2597 TOTAL
                     EDM=1.53615e-07    STRATEGY= 1      ERROR MATRIX ACCURATE 
  EXT PARAMETER                                   STEP         FIRST   
  NO.   NAME      VALUE            ERROR          SIZE      DERIVATIVE 
   1  N0           3.45370e+06     fixed    
   2  tau          6.44025e+01   constant   
   3  A0           3.52911e-01     fixed    
   4  phi          4.13104e+00     fixed    
   5  R           -6.08848e+01   constant   
   6  alpha_CBO    1.59429e-03     fixed    
   7  w_CBO        2.32500e+00   constant   
   8  beta_CBO    -4.70012e-03     fixed    
   9  alpha_2CBO  -8.10413e-05     fixed    
  10  beta_2CBO   -1.46441e-04     fixed    
  11  alpha_y     -4.39820e-04     fixed    
  12  w_y          1.38860e+01   constant   
  13  beta_y      -3.96524e-04   4.11725e-04   1.37031e-06   1.49337e-01
  14  alpha_vw     1.07130e-04   4.12947e-04   1.37488e-06   5.07616e-01
  15  w_vw         1.43404e+01   constant   
  16  beta_vw      0.00000e+00     fixed    
  17  LM          -3.36503e-05   constant   
  18  zeta_y       0.00000e+00   constant   
  19  zeta_vw      0.00000e+00   constant   
  20  T_CBO        1.00000e+03   8.89075e+02   5.29059e-02** at limit **
  21  alpha_A0     1.65752e-03   1.95151e-03   6.72051e-06   1.53599e-01
  22  beta_A0      1.23071e-03   1.92667e-03   6.70331e-06   1.91270e-01
  23  alpha_phi    3.74824e-03   1.89383e-03   6.50229e-06   4.70380e-02
  24  beta_phi     3.00331e-03   1.71917e-03   5.97501e-06   4.04471e-02
 EXTERNAL ERROR MATRIX.    NDIM=  25    NPAR=  7    ERR DEF=1
  1.695e-07 -5.132e-08 -5.355e-10  1.249e-08 -3.819e-09  2.135e-08 -6.043e-09 
 -5.132e-08  1.705e-07  4.896e-10 -4.014e-09  7.107e-09 -1.015e-08  2.317e-09 
 -5.355e-10  4.896e-10  1.547e-03  3.085e-06  2.283e-06  6.996e-06  5.599e-06 
  1.249e-08 -4.014e-09  3.085e-06  3.808e-06  2.480e-07  5.446e-07  1.442e-07 
 -3.819e-09  7.107e-09  2.283e-06  2.480e-07  3.712e-06  2.179e-07 -2.092e-09 
  2.135e-08 -1.015e-08  6.996e-06  5.446e-07  2.179e-07  3.587e-06 -6.568e-08 
 -6.043e-09  2.317e-09  5.599e-06  1.442e-07 -2.092e-09 -6.568e-08  2.956e-06 
 PARAMETER  CORRELATION COEFFICIENTS  
       NO.  GLOBAL     13     14     20     21     22     23     24
       13  0.30305   1.000 -0.302 -0.000  0.016 -0.005  0.027 -0.009
       14  0.30196  -0.302  1.000  0.000 -0.005  0.009 -0.013  0.003
       20  0.13061  -0.000  0.000  1.000  0.040  0.030  0.094  0.083
       21  0.16645   0.016 -0.005  0.040  1.000  0.066  0.147  0.043
       22  0.08701  -0.005  0.009  0.030  0.066  1.000  0.060 -0.001
       23  0.18311   0.027 -0.013  0.094  0.147  0.060  1.000 -0.020
       24  0.09841  -0.009  0.003  0.083  0.043 -0.001 -0.020  1.000
