 + ++++++++++++++++++++++++++++++++++++++++++++++++++++++++++++++++++++ +
 +                                                                      +
 +           You have chose to blind your fitting according to          +
 +                omega_ref * (1 + (R +/- deltaR) *10^{-6})             +
 +                                                                      +
 + ++++++++++++++++++++++++++++++++++++++++++++++++++++++++++++++++++++ +
In main()...
reading format from /gm2data/zkhechad/run45/envelope/formats/formatB_sBin_constraintOn.txt
pBinTau 	= 0  
pBinPhi 	= 0  
constraintau 	= 1 
includeMopTerm 	= 0    
constrainMop    = 0   
Parameters after format file: pBinTau 0 pBinPhi 0 constraintau 1 includeMopTerm 0 constrainMop 0 c_e_scale 0.000000 
Opening file /gm2data/tbarrett/gm2fr/studies/run23_bunch_corrections/CorrectedFourier_Run3b.root.
reading full fit data from /gm2data/zkhechad/cboTemplates/Run4CBOTemplates/fullFits/noRF/sBin_constraintOn_cE0.0_seed0_noRF_calo2.root
windowBins = 69
fitting sliding window 1960 from bin 2096 at 312.574000 to bin 2165 at 323.018000 (69 bins)

Reading data from /gm2data/cornell/histograms/aMethod/histogram_a_noRF.root
 **********
 **    1 **SET PRINTOUT            1
 **********
 **********
 **    2 **SET NOWARNINGS 
 **********
 PARAMETER DEFINITIONS:
    NO.   NAME         VALUE      STEP SIZE      LIMITS
     1 N0           3.21058e+06  1.00000e+02     no limits
     2 tau          6.44090e+01  constant
     3 A0           3.64384e-01  1.00000e-04     no limits
     4 phi          4.11815e+00  1.00000e-02     no limits
     5 R           -6.00655e+01  constant
     6 alpha_CBO    0.00000e+00  1.00000e-03     no limits
     7 w_CBO        2.32500e+00  constant
     8 beta_CBO     0.00000e+00  1.00000e-03     no limits
     9 alpha_2CBO   0.00000e+00  1.00000e-03     no limits
    10 beta_2CBO    0.00000e+00  1.00000e-03     no limits
    11 alpha_y      0.00000e+00  1.00000e-03     no limits
    12 w_y          1.38860e+01  constant
    13 beta_y       0.00000e+00  1.00000e-03     no limits
    14 alpha_vw     0.00000e+00  1.00000e-03     no limits
    15 w_vw         1.43404e+01  constant
    16 beta_vw      0.00000e+00  1.00000e-03     no limits
    17 LM           2.36781e-04  constant
    18 zeta_y       0.00000e+00  constant
    19 zeta_vw      0.00000e+00  constant
    20 T_CBO        1.00000e+02  1.00000e+00    0.00000e+00  1.00000e+03
    21 alpha_A0     0.00000e+00  1.00000e-03     no limits
    22 beta_A0      0.00000e+00  1.00000e-03     no limits
    23 alpha_phi    0.00000e+00  1.00000e-03     no limits
    24 beta_phi     0.00000e+00  1.00000e-03     no limits
MINUIT - FIT ONLY WIGGLE
 **********
 **    3 **FIX            5
 **********
 PARAMETER    5  IS CONSTANT.   IGNORED.
 **********
 **    4 **FIX            6
 **********
 **********
 **    5 **FIX            7
 **********
 PARAMETER    7  IS CONSTANT.   IGNORED.
 **********
 **    6 **FIX            8
 **********
 **********
 **    7 **FIX            9
 **********
 **********
 **    8 **FIX           10
 **********
 **********
 **    9 **FIX           11
 **********
 **********
 **   10 **FIX           12
 **********
 PARAMETER   12  IS CONSTANT.   IGNORED.
 **********
 **   11 **FIX           13
 **********
 **********
 **   12 **FIX           14
 **********
 **********
 **   13 **FIX           15
 **********
 PARAMETER   15  IS CONSTANT.   IGNORED.
 **********
 **   14 **FIX           16
 **********
 **********
 **   15 **MIGRAD
 **********
 FIRST CALL TO USER FUNCTION AT NEW START POINT, WITH IFLAG=4.
 START MIGRAD MINIMIZATION.  STRATEGY  1.  CONVERGENCE WHEN EDM .LT. 1.00e-04
 FCN=76.9785 FROM MIGRAD    STATUS=INITIATE      437 CALLS         438 TOTAL
                     EDM= unknown      STRATEGY= 1      NO ERROR MATRIX       
  EXT PARAMETER               CURRENT GUESS       STEP         FIRST   
  NO.   NAME      VALUE            ERROR          SIZE      DERIVATIVE 
   1  N0           3.21058e+06   1.00000e+02   0.00000e+00   1.10042e-03
   2  tau          6.44090e+01   constant   
   3  A0           3.64384e-01   1.00000e-04   0.00000e+00   1.89542e+03
   4  phi          4.11815e+00   1.00000e-02   0.00000e+00   1.13086e+03
   5  R           -6.00655e+01   constant   
   6  alpha_CBO    0.00000e+00     fixed    
   7  w_CBO        2.32500e+00   constant   
   8  beta_CBO     0.00000e+00     fixed    
   9  alpha_2CBO   0.00000e+00     fixed    
  10  beta_2CBO    0.00000e+00     fixed    
  11  alpha_y      0.00000e+00     fixed    
  12  w_y          1.38860e+01   constant   
  13  beta_y       0.00000e+00     fixed    
  14  alpha_vw     0.00000e+00     fixed    
  15  w_vw         1.43404e+01   constant   
  16  beta_vw      0.00000e+00     fixed    
  17  LM           2.36781e-04   constant   
  18  zeta_y       0.00000e+00   constant   
  19  zeta_vw      0.00000e+00   constant   
  20  T_CBO        1.00000e+02   1.00000e+00   0.00000e+00   0.00000e+00
  21  alpha_A0     0.00000e+00   1.00000e-03   0.00000e+00   1.48869e+00
  22  beta_A0      0.00000e+00   1.00000e-03   0.00000e+00  -8.42873e+00
  23  alpha_phi    0.00000e+00   1.00000e-03   0.00000e+00  -2.13845e+01
  24  beta_phi     0.00000e+00   1.00000e-03   0.00000e+00  -5.88030e+01
 MIGRAD MINIMIZATION HAS CONVERGED.
 MIGRAD WILL VERIFY CONVERGENCE AND ERROR MATRIX.
 FCN=71.7968 FROM HESSE     STATUS=NOT POSDEF     61 CALLS         611 TOTAL
                     EDM=0.000580353    STRATEGY= 1      ERR MATRIX NOT POS-DEF
  EXT PARAMETER                APPROXIMATE        STEP         FIRST   
  NO.   NAME      VALUE            ERROR          SIZE      DERIVATIVE 
   1  N0           3.20952e+06   1.64639e+03   6.23201e+00  -1.06699e-07
   2  tau          6.44090e+01   constant   
   3  A0           3.63918e-01   6.71440e-04   2.72153e-06  -2.98865e-02
   4  phi          4.11682e+00   1.89719e-03   7.76317e-06  -4.62749e-01
   5  R           -6.00655e+01   constant   
   6  alpha_CBO    0.00000e+00     fixed    
   7  w_CBO        2.32500e+00   constant   
   8  beta_CBO     0.00000e+00     fixed    
   9  alpha_2CBO   0.00000e+00     fixed    
  10  beta_2CBO    0.00000e+00     fixed    
  11  alpha_y      0.00000e+00     fixed    
  12  w_y          1.38860e+01   constant   
  13  beta_y       0.00000e+00     fixed    
  14  alpha_vw     0.00000e+00     fixed    
  15  w_vw         1.43404e+01   constant   
  16  beta_vw      0.00000e+00     fixed    
  17  LM           2.36781e-04   constant   
  18  zeta_y       0.00000e+00   constant   
  19  zeta_vw      0.00000e+00   constant   
  20  T_CBO        1.01809e+02   2.41609e+02   2.47149e-04   6.23073e-03
  21  alpha_A0    -2.78999e-03   6.78197e-02   2.53375e-04   5.27383e-03
  22  beta_A0      1.03448e-02   1.10021e-01   2.44895e-04  -1.32634e-02
  23  alpha_phi    3.31846e-02   2.87271e-01   2.38982e-04   8.06026e-03
  24  beta_phi     9.61058e-02   8.23694e-01   2.38711e-04   6.44104e-02
 CALL LIMIT EXCEEDED IN MIGRAD.
 MIGRAD TERMINATED WITHOUT CONVERGENCE.
 FCN=71.7858 FROM MIGRAD    STATUS=CALL LIMIT   1320 CALLS        1321 TOTAL
                     EDM=0.000360505    STRATEGY= 1      ERR MATRIX NOT POS-DEF
  EXT PARAMETER                APPROXIMATE        STEP         FIRST   
  NO.   NAME      VALUE            ERROR          SIZE      DERIVATIVE 
   1  N0           3.20952e+06   1.57947e+03  -8.54417e-01   1.98414e-06
   2  tau          6.44090e+01   constant   
   3  A0           3.63912e-01   6.58667e-04   1.63440e-07  -2.02540e+00
   4  phi          4.11681e+00   1.88443e-03   5.77655e-06   3.75480e+00
   5  R           -6.00655e+01   constant   
   6  alpha_CBO    0.00000e+00     fixed    
   7  w_CBO        2.32500e+00   constant   
   8  beta_CBO     0.00000e+00     fixed    
   9  alpha_2CBO   0.00000e+00     fixed    
  10  beta_2CBO    0.00000e+00     fixed    
  11  alpha_y      0.00000e+00     fixed    
  12  w_y          1.38860e+01   constant   
  13  beta_y       0.00000e+00     fixed    
  14  alpha_vw     0.00000e+00     fixed    
  15  w_vw         1.43404e+01   constant   
  16  beta_vw      0.00000e+00     fixed    
  17  LM           2.36781e-04   constant   
  18  zeta_y       0.00000e+00   constant   
  19  zeta_vw      0.00000e+00   constant   
  20  T_CBO        2.22894e+02   5.48240e+02   2.25558e-02  -1.19220e-01
  21  alpha_A0    -2.52218e-04   1.51056e-02  -6.13426e-05  -1.74599e-02
  22  beta_A0      1.80818e-03   1.69697e-02  -1.18365e-04  -1.41058e+00
  23  alpha_phi    6.29325e-03   3.54258e-02  -3.35946e-04   5.55327e-01
  24  beta_phi     1.75282e-02   9.24889e-02  -1.23540e-03  -2.17500e+00
 EXTERNAL ERROR MATRIX.    NDIM=  25    NPAR=  8    ERR DEF=1
  2.495e+06 -5.858e-02 -3.800e-01  3.008e+04 -1.927e+00 -5.004e+00 -6.111e+00 -8.287e-01 
 -5.858e-02  4.338e-07 -4.747e-08 -9.466e-03  1.156e-06  1.504e-06  1.067e-06  1.831e-08 
 -3.800e-01 -4.747e-08  3.551e-06  1.262e-01 -1.075e-06  1.052e-06 -4.088e-06 -1.230e-05 
  3.008e+04 -9.466e-03  1.262e-01  5.067e+05  2.764e+00 -7.978e+00 -2.297e+01 -6.550e+01 
 -1.927e+00  1.156e-06 -1.075e-06  2.764e+00  2.282e-04  9.038e-06 -1.704e-04 -4.123e-04 
 -5.004e+00  1.504e-06  1.052e-06 -7.978e+00  9.038e-06  2.880e-04  3.758e-04  9.613e-04 
 -6.111e+00  1.067e-06 -4.088e-06 -2.297e+01 -1.704e-04  3.758e-04  1.255e-03  2.999e-03 
 -8.287e-01  1.831e-08 -1.230e-05 -6.550e+01 -4.123e-04  9.613e-04  2.999e-03  8.554e-03 
ERR MATRIX NOT POS-DEF
 PARAMETER  CORRELATION COEFFICIENTS  
       NO.  GLOBAL      1      3      4     20     21     22     23     24
        1  0.37858   1.000 -0.056 -0.128  0.027 -0.081 -0.187 -0.109 -0.006
        3  0.23728  -0.056  1.000 -0.038 -0.020  0.116  0.135  0.046  0.000
        4  0.44022  -0.128 -0.038  1.000  0.094 -0.038  0.033 -0.061 -0.071
       20  0.99769   0.027 -0.020  0.094  1.000  0.257 -0.660 -0.911 -0.995
       21  0.49471  -0.081  0.116 -0.038  0.257  1.000  0.035 -0.318 -0.295
       22  0.83443  -0.187  0.135  0.033 -0.660  0.035  1.000  0.625  0.612
       23  0.93002  -0.109  0.046 -0.061 -0.911 -0.318  0.625  1.000  0.915
       24  0.99768  -0.006  0.000 -0.071 -0.995 -0.295  0.612  0.915  1.000
 ERR MATRIX NOT POS-DEF
MINUIT - FIT ONLY 1-CBO + wiggle
 **********
 **   16 **RES 
 **********
                   PARAMETER   16  beta_vw RESTORED TO VARIABLE.
                   PARAMETER   14  alpha_vw RESTORED TO VARIABLE.
                   PARAMETER   13  beta_y RESTORED TO VARIABLE.
                   PARAMETER   11  alpha_y RESTORED TO VARIABLE.
                   PARAMETER   10  beta_2CBO RESTORED TO VARIABLE.
                   PARAMETER    9  alpha_2CBO RESTORED TO VARIABLE.
                   PARAMETER    8  beta_CBO RESTORED TO VARIABLE.
                   PARAMETER    6  alpha_CBO RESTORED TO VARIABLE.
 **********
 **   17 **FIX            8
 **********
 **********
 **   18 **FIX            9
 **********
 **********
 **   19 **FIX           11
 **********
 **********
 **   20 **FIX           12
 **********
 PARAMETER   12  IS CONSTANT.   IGNORED.
 **********
 **   21 **FIX           14
 **********
 **********
 **   22 **FIX           15
 **********
 PARAMETER   15  IS CONSTANT.   IGNORED.
 **********
 **   23 **FIX           16
 **********
 **********
 **   24 **MIGRAD
 **********
 START MIGRAD MINIMIZATION.  STRATEGY  1.  CONVERGENCE WHEN EDM .LT. 1.00e-04
 FCN=71.7858 FROM MIGRAD    STATUS=INITIATE       28 CALLS        1349 TOTAL
                     EDM= unknown      STRATEGY= 1      NO ERROR MATRIX       
  EXT PARAMETER               CURRENT GUESS       STEP         FIRST   
  NO.   NAME      VALUE            ERROR          SIZE      DERIVATIVE 
   1  N0           3.20952e+06   1.57947e+03  -8.54417e-01   1.98414e-06
   2  tau          6.44090e+01   constant   
   3  A0           3.63912e-01   6.58667e-04   1.63440e-07  -2.02540e+00
   4  phi          4.11681e+00   1.88443e-03   5.77655e-06   3.75480e+00
   5  R           -6.00655e+01   constant   
   6  alpha_CBO    0.00000e+00   1.00000e-03   1.00000e-03   1.72282e+03
   7  w_CBO        2.32500e+00   constant   
   8  beta_CBO     0.00000e+00     fixed    
   9  alpha_2CBO   0.00000e+00     fixed    
  10  beta_2CBO    0.00000e+00   1.00000e-03   1.00000e-03  -5.43457e+03
  11  alpha_y      0.00000e+00     fixed    
  12  w_y          1.38860e+01   constant   
  13  beta_y       0.00000e+00   1.00000e-03   1.00000e-03   1.37746e+03
  14  alpha_vw     0.00000e+00     fixed    
  15  w_vw         1.43404e+01   constant   
  16  beta_vw      0.00000e+00     fixed    
  17  LM           2.36781e-04   constant   
  18  zeta_y       0.00000e+00   constant   
  19  zeta_vw      0.00000e+00   constant   
  20  T_CBO        2.22894e+02   5.48240e+02   2.25558e-02  -1.19221e-01
  21  alpha_A0    -2.52218e-04   1.51056e-02  -6.13426e-05  -1.74599e-02
  22  beta_A0      1.80818e-03   1.69697e-02  -1.18365e-04  -1.41058e+00
  23  alpha_phi    6.29325e-03   3.54258e-02  -3.35946e-04   5.55327e-01
  24  beta_phi     1.75282e-02   9.24889e-02  -1.23540e-03  -2.17500e+00
 MIGRAD MINIMIZATION HAS CONVERGED.
 MIGRAD WILL VERIFY CONVERGENCE AND ERROR MATRIX.
 FCN=67.4751 FROM HESSE     STATUS=NOT POSDEF    100 CALLS        1567 TOTAL
                     EDM=0.00144565    STRATEGY= 1      ERR MATRIX NOT POS-DEF
  EXT PARAMETER                APPROXIMATE        STEP         FIRST   
  NO.   NAME      VALUE            ERROR          SIZE      DERIVATIVE 
   1  N0           3.20970e+06   1.65322e+03   6.04451e+00   7.96476e-07
   2  tau          6.44090e+01   constant   
   3  A0           3.64011e-01   6.85561e-04   2.63913e-06  -1.28153e+00
   4  phi          4.11705e+00   1.90109e-03   7.52839e-06   5.11074e-01
   5  R           -6.00655e+01   constant   
   6  alpha_CBO   -4.77408e-04   7.16877e-04   2.80431e-06   1.23391e-01
   7  w_CBO        2.32500e+00   constant   
   8  beta_CBO     0.00000e+00     fixed    
   9  alpha_2CBO   0.00000e+00     fixed    
  10  beta_2CBO    1.35118e-03   7.00065e-04   2.76587e-06  -2.05911e-01
  11  alpha_y      0.00000e+00     fixed    
  12  w_y          1.38860e+01   constant   
  13  beta_y      -3.37076e-04   6.83928e-04   2.77203e-06   5.83674e-01
  14  alpha_vw     0.00000e+00     fixed    
  15  w_vw         1.43404e+01   constant   
  16  beta_vw      0.00000e+00     fixed    
  17  LM           2.36781e-04   constant   
  18  zeta_y       0.00000e+00   constant   
  19  zeta_vw      0.00000e+00   constant   
  20  T_CBO        2.15686e+02   8.24263e+02   8.71831e-04  -1.16746e-02
  21  alpha_A0    -2.90582e-03   3.05648e-02   4.72783e-05   7.81621e-02
  22  beta_A0      7.22247e-04   1.39533e-02   4.57382e-05  -7.92801e-02
  23  alpha_phi    8.23984e-03   7.75287e-02   4.47074e-05   1.56474e-01
  24  beta_phi     1.56601e-02   1.47475e-01   4.46559e-05   1.87953e-01
 MIGRAD MINIMIZATION HAS CONVERGED.
 MIGRAD WILL VERIFY CONVERGENCE AND ERROR MATRIX.
 COVARIANCE MATRIX CALCULATED SUCCESSFULLY
 FCN=67.4651 FROM MIGRAD    STATUS=CONVERGED    1422 CALLS        2743 TOTAL
                     EDM=9.92596e-06    STRATEGY= 1      ERROR MATRIX ACCURATE 
  EXT PARAMETER                                   STEP         FIRST   
  NO.   NAME      VALUE            ERROR          SIZE      DERIVATIVE 
   1  N0           3.20970e+06   1.66142e+03   6.04406e+00   3.52525e-07
   2  tau          6.44090e+01   constant   
   3  A0           3.64007e-01   6.87127e-04   2.63891e-06  -1.07768e+00
   4  phi          4.11704e+00   1.90691e-03   7.52797e-06   1.13255e+00
   5  R           -6.00655e+01   constant   
   6  alpha_CBO   -4.79211e-04   7.19847e-04   2.80411e-06  -2.15440e-01
   7  w_CBO        2.32500e+00   constant   
   8  beta_CBO     0.00000e+00     fixed    
   9  alpha_2CBO   0.00000e+00     fixed    
  10  beta_2CBO    1.35089e-03   7.02976e-04   2.76567e-06  -9.10639e-01
  11  alpha_y      0.00000e+00     fixed    
  12  w_y          1.38860e+01   constant   
  13  beta_y      -3.36958e-04   6.86486e-04   2.77183e-06   1.13928e+00
  14  alpha_vw     0.00000e+00     fixed    
  15  w_vw         1.43404e+01   constant   
  16  beta_vw      0.00000e+00     fixed    
  17  LM           2.36781e-04   constant   
  18  zeta_y       0.00000e+00   constant   
  19  zeta_vw      0.00000e+00   constant   
  20  T_CBO        9.99444e+02   8.78396e+02   8.82725e-02  -1.00261e-04
  21  alpha_A0    -8.57682e-04   3.84537e-03   1.48939e-05   3.13280e-01
  22  beta_A0      2.22888e-04   3.71805e-03   1.44172e-05  -3.96240e-02
  23  alpha_phi    2.63641e-03   3.61332e-03   1.41131e-05  -2.91197e-02
  24  beta_phi     4.92875e-03   3.62428e-03   1.40961e-05  -7.54017e-01
 EXTERNAL ERROR MATRIX.    NDIM=  25    NPAR= 11    ERR DEF=1
  2.760e+06 
 -9.518e-02  4.721e-07 
 -3.961e-01 -3.264e-08  3.636e-06 
 -8.843e-02 -9.973e-08 -5.553e-08  5.182e-07 
  3.365e-02  5.067e-09  6.862e-08 -9.735e-09  4.942e-07 
 -1.528e-02 -1.057e-09 -1.756e-08  7.469e-09 -2.356e-09  4.713e-07 
  1.181e+01 -3.760e-05 -7.471e-05 -8.475e-06  3.924e-06 -6.849e-07  4.112e+05 
 -5.801e-01  4.138e-07 -4.273e-07 -3.996e-07 -4.207e-07  5.700e-08  7.456e-03  1.479e-05 
 -1.431e+00  3.124e-07  4.551e-08  4.436e-08 -1.299e-07  4.315e-09 -2.072e-03  1.793e-06  1.382e-05 
 -1.265e+00  2.193e-07  8.685e-07 -4.364e-08  1.809e-07 -9.423e-09 -2.199e-02  3.979e-07  4.062e-07  1.306e-05 
  8.597e-01 -4.154e-07  4.408e-07  7.523e-08 -3.023e-07  2.093e-08 -4.149e-02 -7.928e-07 -1.658e-06 -1.061e-06  1.314e-05 
 PARAMETER  CORRELATION COEFFICIENTS  
       NO.  GLOBAL      1      3      4      6     10     13     20     21     22     23     24
        1  0.36237   1.000 -0.083 -0.125 -0.074  0.029 -0.013  0.000 -0.091 -0.232 -0.211  0.143
        3  0.31052  -0.083  1.000 -0.025 -0.202  0.010 -0.002 -0.000  0.157  0.122  0.088 -0.167
        4  0.21274  -0.125 -0.025  1.000 -0.040  0.051 -0.013 -0.000 -0.058  0.006  0.126  0.064
        6  0.26532  -0.074 -0.202 -0.040  1.000 -0.019  0.015 -0.000 -0.144  0.017 -0.017  0.029
       10  0.22755   0.029  0.010  0.051 -0.019  1.000 -0.005  0.000 -0.156 -0.050  0.071 -0.119
       13  0.03525  -0.013 -0.002 -0.013  0.015 -0.005  1.000 -0.000  0.022  0.002 -0.004  0.008
       20  0.02166   0.000 -0.000 -0.000 -0.000  0.000 -0.000  1.000  0.003 -0.001 -0.009 -0.018
       21  0.28874  -0.091  0.157 -0.058 -0.144 -0.156  0.022  0.003  1.000  0.125  0.029 -0.057
       22  0.28509  -0.232  0.122  0.006  0.017 -0.050  0.002 -0.001  0.125  1.000  0.030 -0.123
       23  0.26047  -0.211  0.088  0.126 -0.017  0.071 -0.004 -0.009  0.029  0.030  1.000 -0.081
       24  0.27515   0.143 -0.167  0.064  0.029 -0.119  0.008 -0.018 -0.057 -0.123 -0.081  1.000
MINUIT - FIT ONLY 2-CBO
 **********
 **   25 **RES 
 **********
                   PARAMETER   16  beta_vw RESTORED TO VARIABLE.
                   PARAMETER   14  alpha_vw RESTORED TO VARIABLE.
                   PARAMETER   11  alpha_y RESTORED TO VARIABLE.
                   PARAMETER    9  alpha_2CBO RESTORED TO VARIABLE.
                   PARAMETER    8  beta_CBO RESTORED TO VARIABLE.
 **********
 **   26 **FIX            0
 **********
 PARAMETER    0  IS UNDEFINED. IGNORED.
 **********
 **   27 **FIX            1
 **********
 **********
 **   28 **FIX            2
 **********
 PARAMETER    2  IS CONSTANT.   IGNORED.
 **********
 **   29 **FIX            3
 **********
 **********
 **   30 **FIX            4
 **********
 **********
 **   31 **FIX            5
 **********
 PARAMETER    5  IS CONSTANT.   IGNORED.
 **********
 **   32 **FIX            6
 **********
 **********
 **   33 **FIX            7
 **********
 PARAMETER    7  IS CONSTANT.   IGNORED.
 **********
 **   34 **FIX           10
 **********
 **********
 **   35 **FIX           11
 **********
 **********
 **   36 **FIX           12
 **********
 PARAMETER   12  IS CONSTANT.   IGNORED.
 **********
 **   37 **FIX           13
 **********
 **********
 **   38 **FIX           14
 **********
 **********
 **   39 **FIX           15
 **********
 PARAMETER   15  IS CONSTANT.   IGNORED.
 **********
 **   40 **FIX           16
 **********
 **********
 **   41 **MIGRAD
 **********
 START MIGRAD MINIMIZATION.  STRATEGY  1.  CONVERGENCE WHEN EDM .LT. 1.00e-04
 FCN=67.4651 FROM MIGRAD    STATUS=INITIATE       18 CALLS        2761 TOTAL
                     EDM= unknown      STRATEGY= 1      NO ERROR MATRIX       
  EXT PARAMETER               CURRENT GUESS       STEP         FIRST   
  NO.   NAME      VALUE            ERROR          SIZE      DERIVATIVE 
   1  N0           3.20970e+06     fixed    
   2  tau          6.44090e+01   constant   
   3  A0           3.64007e-01     fixed    
   4  phi          4.11704e+00     fixed    
   5  R           -6.00655e+01   constant   
   6  alpha_CBO   -4.79211e-04     fixed    
   7  w_CBO        2.32500e+00   constant   
   8  beta_CBO     0.00000e+00   1.00000e-03   1.00000e-03  -6.84275e+03
   9  alpha_2CBO   0.00000e+00   1.00000e-03   1.00000e-03  -6.74872e+03
  10  beta_2CBO    1.35089e-03     fixed    
  11  alpha_y      0.00000e+00     fixed    
  12  w_y          1.38860e+01   constant   
  13  beta_y      -3.36958e-04     fixed    
  14  alpha_vw     0.00000e+00     fixed    
  15  w_vw         1.43404e+01   constant   
  16  beta_vw      0.00000e+00     fixed    
  17  LM           2.36781e-04   constant   
  18  zeta_y       0.00000e+00   constant   
  19  zeta_vw      0.00000e+00   constant   
  20  T_CBO        9.99444e+02   8.78396e+02   8.82725e-02  -1.04300e-04
  21  alpha_A0    -8.57682e-04   3.84537e-03   1.48939e-05   3.13284e-01
  22  beta_A0      2.22888e-04   3.71805e-03   1.44172e-05  -3.96214e-02
  23  alpha_phi    2.63641e-03   3.61332e-03   1.41131e-05  -2.91198e-02
  24  beta_phi     4.92875e-03   3.62428e-03   1.40961e-05  -7.54017e-01
 MIGRAD MINIMIZATION HAS CONVERGED.
 MIGRAD WILL VERIFY CONVERGENCE AND ERROR MATRIX.
 FCN=57.0286 FROM HESSE     STATUS=NOT POSDEF     52 CALLS        2900 TOTAL
                     EDM=0.000514369    STRATEGY= 1      ERR MATRIX NOT POS-DEF
  EXT PARAMETER                APPROXIMATE        STEP         FIRST   
  NO.   NAME      VALUE            ERROR          SIZE      DERIVATIVE 
   1  N0           3.20970e+06     fixed    
   2  tau          6.44090e+01   constant   
   3  A0           3.64007e-01     fixed    
   4  phi          4.11704e+00     fixed    
   5  R           -6.00655e+01   constant   
   6  alpha_CBO   -4.79211e-04     fixed    
   7  w_CBO        2.32500e+00   constant   
   8  beta_CBO     1.50181e-03   6.21720e-04   2.49574e-06  -4.42392e-01
   9  alpha_2CBO   1.56985e-03   6.59085e-04   2.52910e-06  -4.99371e-01
  10  beta_2CBO    1.35089e-03     fixed    
  11  alpha_y      0.00000e+00     fixed    
  12  w_y          1.38860e+01   constant   
  13  beta_y      -3.36958e-04     fixed    
  14  alpha_vw     0.00000e+00     fixed    
  15  w_vw         1.43404e+01   constant   
  16  beta_vw      0.00000e+00     fixed    
  17  LM           2.36781e-04   constant   
  18  zeta_y       0.00000e+00   constant   
  19  zeta_vw      0.00000e+00   constant   
  20  T_CBO        9.97891e+02   5.11554e+02   1.52825e-01   3.46350e-05
  21  alpha_A0    -9.86560e-04   1.26087e-02   1.37012e-05  -1.83921e-01
  22  beta_A0      5.10965e-04   8.04860e-03   1.32760e-05  -8.53555e-02
  23  alpha_phi    1.67966e-03   2.04150e-02   1.29821e-05   5.52177e-01
  24  beta_phi     3.68040e-03   4.44453e-02   1.29859e-05   3.11108e-01
 MIGRAD MINIMIZATION HAS CONVERGED.
 MIGRAD WILL VERIFY CONVERGENCE AND ERROR MATRIX.
 COVARIANCE MATRIX CALCULATED SUCCESSFULLY
 FCN=57.0286 FROM MIGRAD    STATUS=CONVERGED     465 CALLS        3208 TOTAL
                     EDM=2.37431e-11    STRATEGY= 1      ERROR MATRIX ACCURATE 
  EXT PARAMETER                                   STEP         FIRST   
  NO.   NAME      VALUE            ERROR          SIZE      DERIVATIVE 
   1  N0           3.20970e+06     fixed    
   2  tau          6.44090e+01   constant   
   3  A0           3.64007e-01     fixed    
   4  phi          4.11704e+00     fixed    
   5  R           -6.00655e+01   constant   
   6  alpha_CBO   -4.79211e-04     fixed    
   7  w_CBO        2.32500e+00   constant   
   8  beta_CBO     1.50191e-03   6.77655e-04   2.49574e-06  -1.82978e-04
   9  alpha_2CBO   1.57010e-03   6.97210e-04   2.52910e-06   5.33827e-04
  10  beta_2CBO    1.35089e-03     fixed    
  11  alpha_y      0.00000e+00     fixed    
  12  w_y          1.38860e+01   constant   
  13  beta_y      -3.36958e-04     fixed    
  14  alpha_vw     0.00000e+00     fixed    
  15  w_vw         1.43404e+01   constant   
  16  beta_vw      0.00000e+00     fixed    
  17  LM           2.36781e-04   constant   
  18  zeta_y       0.00000e+00   constant   
  19  zeta_vw      0.00000e+00   constant   
  20  T_CBO        1.00000e+03   9.17861e+02   1.54555e-01** at limit **
  21  alpha_A0    -9.84583e-04   3.75753e-03   1.36803e-05  -6.58045e-04
  22  beta_A0      5.11654e-04   3.66783e-03   1.32558e-05   4.81880e-04
  23  alpha_phi    1.67512e-03   3.67939e-03   1.29623e-05   6.13184e-04
  24  beta_phi     3.67593e-03   4.25395e-03   1.29661e-05   1.20821e-03
 EXTERNAL ERROR MATRIX.    NDIM=  25    NPAR=  7    ERR DEF=1
  4.592e-07 -2.053e-08 -1.024e-08  6.775e-08 -2.814e-07  4.585e-08 -1.354e-07 
 -2.053e-08  4.861e-07  2.423e-08 -1.059e-07  3.704e-07 -3.311e-07 -2.337e-07 
 -1.024e-08  2.423e-08  2.464e-03 -3.269e-05  1.694e-05  5.282e-05  1.182e-04 
  6.775e-08 -1.059e-07 -3.269e-05  1.412e-05  8.592e-07 -4.269e-07 -2.006e-06 
 -2.814e-07  3.704e-07  1.694e-05  8.592e-07  1.345e-05 -1.879e-07 -3.438e-07 
  4.585e-08 -3.311e-07  5.282e-05 -4.269e-07 -1.879e-07  1.354e-05  2.175e-06 
 -1.354e-07 -2.337e-07  1.182e-04 -2.006e-06 -3.438e-07  2.175e-06  1.810e-05 
 PARAMETER  CORRELATION COEFFICIENTS  
       NO.  GLOBAL      8      9     20     21     22     23     24
        8  0.14004   1.000 -0.043 -0.000  0.027 -0.113  0.018 -0.047
        9  0.22115  -0.043  1.000  0.001 -0.040  0.145 -0.129 -0.079
       20  0.62139  -0.000  0.001  1.000 -0.175  0.093  0.289  0.560
       21  0.20472   0.027 -0.040 -0.175  1.000  0.062 -0.031 -0.125
       22  0.23647  -0.113  0.145  0.093  0.062  1.000 -0.014 -0.022
       23  0.32080   0.018 -0.129  0.289 -0.031 -0.014  1.000  0.139
       24  0.57314  -0.047 -0.079  0.560 -0.125 -0.022  0.139  1.000
MINUIT - FIT wiggle + 1-CBO + 2-CBO
 **********
 **   42 **RES 
 **********
                   PARAMETER   16  beta_vw RESTORED TO VARIABLE.
                   PARAMETER   14  alpha_vw RESTORED TO VARIABLE.
                   PARAMETER   13  beta_y RESTORED TO VARIABLE.
                   PARAMETER   11  alpha_y RESTORED TO VARIABLE.
                   PARAMETER   10  beta_2CBO RESTORED TO VARIABLE.
                   PARAMETER    6  alpha_CBO RESTORED TO VARIABLE.
                   PARAMETER    4  phi RESTORED TO VARIABLE.
                   PARAMETER    3  A0 RESTORED TO VARIABLE.
                   PARAMETER    1  N0 RESTORED TO VARIABLE.
 **********
 **   43 **FIX           10
 **********
 **********
 **   44 **FIX           11
 **********
 **********
 **   45 **FIX           12
 **********
 PARAMETER   12  IS CONSTANT.   IGNORED.
 **********
 **   46 **FIX           13
 **********
 **********
 **   47 **FIX           14
 **********
 **********
 **   48 **FIX           15
 **********
 PARAMETER   15  IS CONSTANT.   IGNORED.
 **********
 **   49 **FIX           16
 **********
 **********
 **   50 **MIGRAD
 **********
 START MIGRAD MINIMIZATION.  STRATEGY  1.  CONVERGENCE WHEN EDM .LT. 1.00e-04
 FCN=57.0286 FROM MIGRAD    STATUS=INITIATE       22 CALLS        3230 TOTAL
                     EDM= unknown      STRATEGY= 1      NO ERROR MATRIX       
  EXT PARAMETER               CURRENT GUESS       STEP         FIRST   
  NO.   NAME      VALUE            ERROR          SIZE      DERIVATIVE 
   1  N0           3.20970e+06   1.66142e+03   1.66142e+03  -1.41980e-04
   2  tau          6.44090e+01   constant   
   3  A0           3.64007e-01   6.87127e-04   6.87127e-04  -1.16783e+03
   4  phi          4.11704e+00   1.90691e-03   1.90691e-03   5.65585e+02
   5  R           -6.00655e+01   constant   
   6  alpha_CBO   -4.79211e-04   7.19847e-04   7.19847e-04   3.17945e+02
   7  w_CBO        2.32500e+00   constant   
   8  beta_CBO     1.50191e-03   6.77655e-04   2.49574e-06  -2.68665e-04
   9  alpha_2CBO   1.57010e-03   6.97210e-04   2.52910e-06   4.20756e-04
  10  beta_2CBO    1.35089e-03     fixed    
  11  alpha_y      0.00000e+00     fixed    
  12  w_y          1.38860e+01   constant   
  13  beta_y      -3.36958e-04     fixed    
  14  alpha_vw     0.00000e+00     fixed    
  15  w_vw         1.43404e+01   constant   
  16  beta_vw      0.00000e+00     fixed    
  17  LM           2.36781e-04   constant   
  18  zeta_y       0.00000e+00   constant   
  19  zeta_vw      0.00000e+00   constant   
  20  T_CBO        9.99999e+02   9.17861e+02   1.54555e-01  -1.69512e-06
  21  alpha_A0    -9.84583e-04   3.75753e-03   1.36803e-05  -6.08792e-04
  22  beta_A0      5.11654e-04   3.66783e-03   1.32558e-05   4.38268e-04
  23  alpha_phi    1.67512e-03   3.67939e-03   1.29623e-05   5.22278e-04
  24  beta_phi     3.67593e-03   4.25395e-03   1.29661e-05   1.02095e-03
 MIGRAD MINIMIZATION HAS CONVERGED.
 MIGRAD WILL VERIFY CONVERGENCE AND ERROR MATRIX.
 COVARIANCE MATRIX CALCULATED SUCCESSFULLY
 FCN=56.4824 FROM MIGRAD    STATUS=CONVERGED     248 CALLS        3456 TOTAL
                     EDM=2.71215e-06    STRATEGY= 1      ERROR MATRIX ACCURATE 
  EXT PARAMETER                                   STEP         FIRST   
  NO.   NAME      VALUE            ERROR          SIZE      DERIVATIVE 
   1  N0           3.20998e+06   1.66280e+03   5.53856e+00   3.27769e-07
   2  tau          6.44090e+01   constant   
   3  A0           3.64319e-01   6.94097e-04   2.41774e-06   1.96219e-01
   4  phi          4.11590e+00   1.95069e-03   6.89149e-06  -2.76305e-02
   5  R           -6.00655e+01   constant   
   6  alpha_CBO   -6.13477e-04   7.22416e-04   2.56932e-06  -3.55189e-01
   7  w_CBO        2.32500e+00   constant   
   8  beta_CBO     1.62190e-03   6.99059e-04   2.48377e-06  -1.56110e-01
   9  alpha_2CBO   1.60998e-03   7.01503e-04   2.51699e-06   1.18543e+00
  10  beta_2CBO    1.35089e-03     fixed    
  11  alpha_y      0.00000e+00     fixed    
  12  w_y          1.38860e+01   constant   
  13  beta_y      -3.36958e-04     fixed    
  14  alpha_vw     0.00000e+00     fixed    
  15  w_vw         1.43404e+01   constant   
  16  beta_vw      0.00000e+00     fixed    
  17  LM           2.36781e-04   constant   
  18  zeta_y       0.00000e+00   constant   
  19  zeta_vw      0.00000e+00   constant   
  20  T_CBO        9.99990e+02   5.66070e+02   1.33232e-01   3.68479e-06
  21  alpha_A0    -5.85461e-04   3.82343e-03   1.36168e-05  -2.19308e-01
  22  beta_A0      5.37724e-04   3.78612e-03   1.31923e-05   1.71609e-01
  23  alpha_phi    1.44928e-03   3.77529e-03   1.28967e-05   1.74021e-01
  24  beta_phi     3.26961e-03   4.33311e-03   1.29021e-05   3.33812e-01
 EXTERNAL ERROR MATRIX.    NDIM=  25    NPAR= 11    ERR DEF=1
  2.765e+06 
 -8.838e-02  4.818e-07 
 -4.248e-01 -7.195e-08  3.805e-06 
 -9.161e-02 -1.022e-07 -5.351e-08  5.219e-07 
  3.131e-02  5.853e-08 -2.985e-07  4.793e-09  4.887e-07 
  4.850e-02  3.315e-08 -3.412e-08 -4.454e-08 -1.501e-08  4.921e-07 
 -1.845e+02  4.370e-04  9.421e-04  1.032e-04 -8.979e-05  1.083e-04  4.013e+04 
 -5.485e-01  4.304e-07 -4.361e-07 -4.015e-07  1.384e-07 -5.903e-08 -8.841e-02  1.462e-05 
 -1.401e+00  3.080e-07  1.928e-07  7.294e-09 -2.647e-07  3.627e-07  8.149e-02  1.391e-06  1.433e-05 
 -1.311e+00  1.958e-07  8.798e-07 -8.946e-09 -3.825e-09 -3.464e-07  2.073e-01  1.368e-07  6.191e-07  1.425e-05 
  8.384e-01 -4.578e-07  6.578e-07  9.214e-08 -2.334e-07 -2.569e-07  4.732e-01 -2.137e-06 -8.420e-07  1.682e-06  1.878e-05 
 PARAMETER  CORRELATION COEFFICIENTS  
       NO.  GLOBAL      1      3      4      6      8      9     20     21     22     23     24
        1  0.36414   1.000 -0.077 -0.131 -0.076  0.027  0.042 -0.001 -0.086 -0.223 -0.209  0.116
        3  0.33863  -0.077  1.000 -0.053 -0.204  0.121  0.068  0.003  0.162  0.117  0.075 -0.152
        4  0.29884  -0.131 -0.053  1.000 -0.038 -0.219 -0.025  0.002 -0.058  0.026  0.119  0.078
        6  0.27755  -0.076 -0.204 -0.038  1.000  0.009 -0.088  0.001 -0.145  0.003 -0.003  0.029
        8  0.28084   0.027  0.121 -0.219  0.009  1.000 -0.031 -0.001  0.052 -0.100 -0.001 -0.077
        9  0.24627   0.042  0.068 -0.025 -0.088 -0.031  1.000  0.001 -0.022  0.137 -0.131 -0.085
       20  0.61448  -0.001  0.003  0.002  0.001 -0.001  0.001  1.000 -0.115  0.107  0.274  0.545
       21  0.27505  -0.086  0.162 -0.058 -0.145  0.052 -0.022 -0.115  1.000  0.096  0.009 -0.129
       22  0.33943  -0.223  0.117  0.026  0.003 -0.100  0.137  0.107  0.096  1.000  0.043 -0.051
       23  0.38673  -0.209  0.075  0.119 -0.003 -0.001 -0.131  0.274  0.009  0.043  1.000  0.103
       24  0.59488   0.116 -0.152  0.078  0.029 -0.077 -0.085  0.545 -0.129 -0.051  0.103  1.000
MINUIT - FIT ONLY 1-y
 **********
 **   51 **RES 
 **********
                   PARAMETER   16  beta_vw RESTORED TO VARIABLE.
                   PARAMETER   14  alpha_vw RESTORED TO VARIABLE.
                   PARAMETER   13  beta_y RESTORED TO VARIABLE.
                   PARAMETER   11  alpha_y RESTORED TO VARIABLE.
                   PARAMETER   10  beta_2CBO RESTORED TO VARIABLE.
 **********
 **   52 **FIX            0
 **********
 PARAMETER    0  IS UNDEFINED. IGNORED.
 **********
 **   53 **FIX            1
 **********
 **********
 **   54 **FIX            2
 **********
 PARAMETER    2  IS CONSTANT.   IGNORED.
 **********
 **   55 **FIX            3
 **********
 **********
 **   56 **FIX            4
 **********
 **********
 **   57 **FIX            5
 **********
 PARAMETER    5  IS CONSTANT.   IGNORED.
 **********
 **   58 **FIX            6
 **********
 **********
 **   59 **FIX            7
 **********
 PARAMETER    7  IS CONSTANT.   IGNORED.
 **********
 **   60 **FIX            8
 **********
 **********
 **   61 **FIX            9
 **********
 **********
 **   62 **FIX           13
 **********
 **********
 **   63 **FIX           14
 **********
 **********
 **   64 **FIX           15
 **********
 PARAMETER   15  IS CONSTANT.   IGNORED.
 **********
 **   65 **FIX           16
 **********
 **********
 **   66 **MIGRAD
 **********
 START MIGRAD MINIMIZATION.  STRATEGY  1.  CONVERGENCE WHEN EDM .LT. 1.00e-04
 FCN=56.4824 FROM MIGRAD    STATUS=INITIATE       16 CALLS        3472 TOTAL
                     EDM= unknown      STRATEGY= 1      NO ERROR MATRIX       
  EXT PARAMETER               CURRENT GUESS       STEP         FIRST   
  NO.   NAME      VALUE            ERROR          SIZE      DERIVATIVE 
   1  N0           3.20998e+06     fixed    
   2  tau          6.44090e+01   constant   
   3  A0           3.64319e-01     fixed    
   4  phi          4.11590e+00     fixed    
   5  R           -6.00655e+01   constant   
   6  alpha_CBO   -6.13477e-04     fixed    
   7  w_CBO        2.32500e+00   constant   
   8  beta_CBO     1.62190e-03     fixed    
   9  alpha_2CBO   1.60998e-03     fixed    
  10  beta_2CBO    1.35089e-03   7.02976e-04   7.02976e-04   2.81899e+02
  11  alpha_y      0.00000e+00   1.00000e-03   1.00000e-03  -4.14719e+03
  12  w_y          1.38860e+01   constant   
  13  beta_y      -3.36958e-04     fixed    
  14  alpha_vw     0.00000e+00     fixed    
  15  w_vw         1.43404e+01   constant   
  16  beta_vw      0.00000e+00     fixed    
  17  LM           2.36781e-04   constant   
  18  zeta_y       0.00000e+00   constant   
  19  zeta_vw      0.00000e+00   constant   
  20  T_CBO        9.99990e+02   5.66070e+02   1.33232e-01  -4.21242e-06
  21  alpha_A0    -5.85461e-04   3.82343e-03   1.36168e-05  -2.19298e-01
  22  beta_A0      5.37724e-04   3.78612e-03   1.31923e-05   1.71613e-01
  23  alpha_phi    1.44928e-03   3.77529e-03   1.28967e-05   1.74022e-01
  24  beta_phi     3.26961e-03   4.33311e-03   1.29021e-05   3.33812e-01
 MIGRAD MINIMIZATION HAS CONVERGED.
 MIGRAD WILL VERIFY CONVERGENCE AND ERROR MATRIX.
 COVARIANCE MATRIX CALCULATED SUCCESSFULLY
 FCN=54.4844 FROM MIGRAD    STATUS=CONVERGED     120 CALLS        3576 TOTAL
                     EDM=1.34849e-06    STRATEGY= 1      ERROR MATRIX ACCURATE 
  EXT PARAMETER                                   STEP         FIRST   
  NO.   NAME      VALUE            ERROR          SIZE      DERIVATIVE 
   1  N0           3.20998e+06     fixed    
   2  tau          6.44090e+01   constant   
   3  A0           3.64319e-01     fixed    
   4  phi          4.11590e+00     fixed    
   5  R           -6.00655e+01   constant   
   6  alpha_CBO   -6.13477e-04     fixed    
   7  w_CBO        2.32500e+00   constant   
   8  beta_CBO     1.62190e-03     fixed    
   9  alpha_2CBO   1.60998e-03     fixed    
  10  beta_2CBO    1.26005e-03   7.01600e-04   2.48952e-06   1.31040e+00
  11  alpha_y      9.57411e-04   6.78950e-04   2.46798e-06   2.94095e-01
  12  w_y          1.38860e+01   constant   
  13  beta_y      -3.36958e-04     fixed    
  14  alpha_vw     0.00000e+00     fixed    
  15  w_vw         1.43404e+01   constant   
  16  beta_vw      0.00000e+00     fixed    
  17  LM           2.36781e-04   constant   
  18  zeta_y       0.00000e+00   constant   
  19  zeta_vw      0.00000e+00   constant   
  20  T_CBO        9.99977e+02   5.00707e+02   1.83697e-01  -6.53508e-06
  21  alpha_A0    -5.56664e-04   3.75946e-03   1.33702e-05   1.43941e-02
  22  beta_A0      5.03042e-04   3.60938e-03   1.29534e-05  -3.05840e-01
  23  alpha_phi    1.48535e-03   3.62697e-03   1.26628e-05   1.73525e-01
  24  beta_phi     3.41413e-03   4.18653e-03   1.26680e-05   8.12488e-02
 EXTERNAL ERROR MATRIX.    NDIM=  25    NPAR=  7    ERR DEF=1
  4.922e-07 -1.050e-08 -4.586e-05 -4.119e-07 -1.124e-07  1.785e-07 -3.189e-07 
 -1.050e-08  4.610e-07  2.661e-05 -1.483e-08 -2.329e-08  2.921e-08  4.926e-08 
 -4.586e-05  2.661e-05  5.910e+04 -9.317e-02  8.362e-02  2.349e-01  5.473e-01 
 -4.119e-07 -1.483e-08 -9.317e-02  1.413e-05  1.164e-06 -3.144e-07 -1.070e-06 
 -1.124e-07 -2.329e-08  8.362e-02  1.164e-06  1.303e-05  8.155e-09 -2.043e-07 
  1.785e-07  2.921e-08  2.349e-01 -3.144e-07  8.155e-09  1.315e-05  1.557e-06 
 -3.189e-07  4.926e-08  5.473e-01 -1.070e-06 -2.043e-07  1.557e-06  1.753e-05 
 PARAMETER  CORRELATION COEFFICIENTS  
       NO.  GLOBAL     10     11     20     21     22     23     24
       10  0.21956   1.000 -0.022 -0.000 -0.156 -0.044  0.070 -0.109
       11  0.03406  -0.022  1.000  0.000 -0.006 -0.010  0.012  0.017
       20  0.59249  -0.000  0.000  1.000 -0.102  0.095  0.266  0.538
       21  0.20948  -0.156 -0.006 -0.102  1.000  0.086 -0.023 -0.068
       22  0.16241  -0.044 -0.010  0.095  0.086  1.000  0.001 -0.014
       23  0.28030   0.070  0.012  0.266 -0.023  0.001  1.000  0.103
       24  0.55484  -0.109  0.017  0.538 -0.068 -0.014  0.103  1.000
MINUIT - FIT ONLY 2-y
 **********
 **   67 **RES 
 **********
                   PARAMETER   16  beta_vw RESTORED TO VARIABLE.
                   PARAMETER   14  alpha_vw RESTORED TO VARIABLE.
                   PARAMETER   13  beta_y RESTORED TO VARIABLE.
                   PARAMETER    9  alpha_2CBO RESTORED TO VARIABLE.
                   PARAMETER    8  beta_CBO RESTORED TO VARIABLE.
                   PARAMETER    6  alpha_CBO RESTORED TO VARIABLE.
                   PARAMETER    4  phi RESTORED TO VARIABLE.
                   PARAMETER    3  A0 RESTORED TO VARIABLE.
                   PARAMETER    1  N0 RESTORED TO VARIABLE.
 **********
 **   68 **FIX            0
 **********
 PARAMETER    0  IS UNDEFINED. IGNORED.
 **********
 **   69 **FIX            1
 **********
 **********
 **   70 **FIX            2
 **********
 PARAMETER    2  IS CONSTANT.   IGNORED.
 **********
 **   71 **FIX            3
 **********
 **********
 **   72 **FIX            4
 **********
 **********
