 + ++++++++++++++++++++++++++++++++++++++++++++++++++++++++++++++++++++ +
 +                                                                      +
 +           You have chose to blind your fitting according to          +
 +                omega_ref * (1 + (R +/- deltaR) *10^{-6})             +
 +                                                                      +
 + ++++++++++++++++++++++++++++++++++++++++++++++++++++++++++++++++++++ +
In main()...
reading format from /gm2data/zkhechad/run45/envelope/formats/formatB_sBin_constraintOn.txt
pBinTau 	= 0  
pBinPhi 	= 0  
constraintau 	= 1 
includeMopTerm 	= 0    
constrainMop    = 0   
Parameters after format file: pBinTau 0 pBinPhi 0 constraintau 1 includeMopTerm 0 constrainMop 0 c_e_scale 0.000000 
Opening file /gm2data/tbarrett/gm2fr/studies/run23_bunch_corrections/CorrectedFourier_Run3b.root.
reading full fit data from /gm2data/zkhechad/cboTemplates/Run4CBOTemplates/templateFits0_v2.0/noRF/sBin_constraintOn_cE0.0_seed0_noRF_calo15.root
windowBins = 69
fitting sliding window 1488 from bin 1624 at 242.151600 to bin 1693 at 252.595600 (69 bins)

Reading data from /gm2data/cornell/histograms/aMethod/histogram_a_noRF.root
 **********
 **    1 **SET PRINTOUT            1
 **********
 **********
 **    2 **SET NOWARNINGS 
 **********
 PARAMETER DEFINITIONS:
    NO.   NAME         VALUE      STEP SIZE      LIMITS
     1 N0           3.09167e+06  1.00000e+02     no limits
     2 tau          6.43743e+01  constant
     3 A0           3.54035e-01  1.00000e-04     no limits
     4 phi          4.11947e+00  1.00000e-02     no limits
     5 R           -6.00908e+01  constant
     6 alpha_CBO    0.00000e+00  1.00000e-03     no limits
     7 w_CBO        2.32500e+00  constant
     8 beta_CBO     0.00000e+00  1.00000e-03     no limits
     9 alpha_2CBO   0.00000e+00  1.00000e-03     no limits
    10 beta_2CBO    0.00000e+00  1.00000e-03     no limits
    11 alpha_y      0.00000e+00  1.00000e-03     no limits
    12 w_y          1.44500e+01  constant
    13 beta_y       0.00000e+00  1.00000e-03     no limits
    14 alpha_vw     0.00000e+00  1.00000e-03     no limits
    15 w_vw         1.29000e+01  constant
    16 beta_vw      0.00000e+00  1.00000e-03     no limits
    17 LM          -9.88464e-04  constant
    18 zeta_y       0.00000e+00  constant
    19 zeta_vw      0.00000e+00  constant
    20 T_CBO        1.00000e+02  1.00000e+00    0.00000e+00  1.00000e+03
    21 alpha_A0     0.00000e+00  1.00000e-03     no limits
    22 beta_A0      0.00000e+00  1.00000e-03     no limits
    23 alpha_phi    0.00000e+00  1.00000e-03     no limits
    24 beta_phi     0.00000e+00  1.00000e-03     no limits
MINUIT - FIT ONLY WIGGLE
 **********
 **    3 **FIX            5
 **********
 PARAMETER    5  IS CONSTANT.   IGNORED.
 **********
 **    4 **FIX            6
 **********
 **********
 **    5 **FIX            7
 **********
 PARAMETER    7  IS CONSTANT.   IGNORED.
 **********
 **    6 **FIX            8
 **********
 **********
 **    7 **FIX            9
 **********
 **********
 **    8 **FIX           10
 **********
 **********
 **    9 **FIX           11
 **********
 **********
 **   10 **FIX           12
 **********
 PARAMETER   12  IS CONSTANT.   IGNORED.
 **********
 **   11 **FIX           13
 **********
 **********
 **   12 **FIX           14
 **********
 **********
 **   13 **FIX           15
 **********
 PARAMETER   15  IS CONSTANT.   IGNORED.
 **********
 **   14 **FIX           16
 **********
 **********
 **   15 **MIGRAD
 **********
 FIRST CALL TO USER FUNCTION AT NEW START POINT, WITH IFLAG=4.
 START MIGRAD MINIMIZATION.  STRATEGY  1.  CONVERGENCE WHEN EDM .LT. 1.00e-04
 FCN=130.042 FROM MIGRAD    STATUS=INITIATE      437 CALLS         438 TOTAL
                     EDM= unknown      STRATEGY= 1      NO ERROR MATRIX       
  EXT PARAMETER               CURRENT GUESS       STEP         FIRST   
  NO.   NAME      VALUE            ERROR          SIZE      DERIVATIVE 
   1  N0           3.09167e+06   1.00000e+02   0.00000e+00  -7.72793e-04
   2  tau          6.43743e+01   constant   
   3  A0           3.54035e-01   1.00000e-04   0.00000e+00  -2.20492e+03
   4  phi          4.11947e+00   1.00000e-02   0.00000e+00  -3.70802e+03
   5  R           -6.00908e+01   constant   
   6  alpha_CBO    0.00000e+00     fixed    
   7  w_CBO        2.32500e+00   constant   
   8  beta_CBO     0.00000e+00     fixed    
   9  alpha_2CBO   0.00000e+00     fixed    
  10  beta_2CBO    0.00000e+00     fixed    
  11  alpha_y      0.00000e+00     fixed    
  12  w_y          1.44500e+01   constant   
  13  beta_y       0.00000e+00     fixed    
  14  alpha_vw     0.00000e+00     fixed    
  15  w_vw         1.29000e+01   constant   
  16  beta_vw      0.00000e+00     fixed    
  17  LM          -9.88464e-04   constant   
  18  zeta_y       0.00000e+00   constant   
  19  zeta_vw      0.00000e+00   constant   
  20  T_CBO        1.00000e+02   1.00000e+00   0.00000e+00   0.00000e+00
  21  alpha_A0     0.00000e+00   1.00000e-03   0.00000e+00   3.58846e+01
  22  beta_A0      0.00000e+00   1.00000e-03   0.00000e+00   7.08350e+01
  23  alpha_phi    0.00000e+00   1.00000e-03   0.00000e+00  -2.77308e+02
  24  beta_phi     0.00000e+00   1.00000e-03   0.00000e+00  -3.21266e+02
 MIGRAD MINIMIZATION HAS CONVERGED.
 MIGRAD WILL VERIFY CONVERGENCE AND ERROR MATRIX.
 FCN=109.165 FROM HESSE     STATUS=NOT POSDEF     61 CALLS         610 TOTAL
                     EDM=0.000635956    STRATEGY= 1      ERR MATRIX NOT POS-DEF
  EXT PARAMETER                APPROXIMATE        STEP         FIRST   
  NO.   NAME      VALUE            ERROR          SIZE      DERIVATIVE 
   1  N0           3.09149e+06   9.21144e+02   4.36965e+00   3.10094e-08
   2  tau          6.43743e+01   constant   
   3  A0           3.54403e-01   3.87537e-04   1.92606e-06  -1.82680e+00
   4  phi          4.12221e+00   1.16851e-03   5.89347e-06  -4.06045e-01
   5  R           -6.00908e+01   constant   
   6  alpha_CBO    0.00000e+00     fixed    
   7  w_CBO        2.32500e+00   constant   
   8  beta_CBO     0.00000e+00     fixed    
   9  alpha_2CBO   0.00000e+00     fixed    
  10  beta_2CBO    0.00000e+00     fixed    
  11  alpha_y      0.00000e+00     fixed    
  12  w_y          1.44500e+01   constant   
  13  beta_y       0.00000e+00     fixed    
  14  alpha_vw     0.00000e+00     fixed    
  15  w_vw         1.29000e+01   constant   
  16  beta_vw      0.00000e+00     fixed    
  17  LM          -9.88464e-04   constant   
  18  zeta_y       0.00000e+00   constant   
  19  zeta_vw      0.00000e+00   constant   
  20  T_CBO        1.00726e+02   1.49787e+02   1.71545e-04   1.43476e-02
  21  alpha_A0    -1.06710e-02   4.35051e-02   9.67625e-05  -6.17320e-02
  22  beta_A0     -7.05812e-03   3.35177e-02   9.74007e-05   1.49922e-02
  23  alpha_phi    4.74482e-02   1.81191e-01   9.28494e-05   1.28333e-01
  24  beta_phi     5.07403e-02   1.94578e-01   8.64357e-05   1.68373e-01
 CALL LIMIT EXCEEDED IN MIGRAD.
 MIGRAD TERMINATED WITHOUT CONVERGENCE.
 FCN=109.147 FROM MIGRAD    STATUS=CALL LIMIT   1331 CALLS        1332 TOTAL
                     EDM=0.000605564    STRATEGY= 1      ERR MATRIX NOT POS-DEF
  EXT PARAMETER                APPROXIMATE        STEP         FIRST   
  NO.   NAME      VALUE            ERROR          SIZE      DERIVATIVE 
   1  N0           3.09148e+06   9.00125e+02  -6.26431e-01  -7.78185e-06
   2  tau          6.43743e+01   constant   
   3  A0           3.54391e-01   3.84257e-04  -9.10311e-07  -2.43167e+01
   4  phi          4.12224e+00   1.15986e-03  -1.46016e-06  -4.13767e+00
   5  R           -6.00908e+01   constant   
   6  alpha_CBO    0.00000e+00     fixed    
   7  w_CBO        2.32500e+00   constant   
   8  beta_CBO     0.00000e+00     fixed    
   9  alpha_2CBO   0.00000e+00     fixed    
  10  beta_2CBO    0.00000e+00     fixed    
  11  alpha_y      0.00000e+00     fixed    
  12  w_y          1.44500e+01   constant   
  13  beta_y       0.00000e+00     fixed    
  14  alpha_vw     0.00000e+00     fixed    
  15  w_vw         1.29000e+01   constant   
  16  beta_vw      0.00000e+00     fixed    
  17  LM          -9.88464e-04   constant   
  18  zeta_y       0.00000e+00   constant   
  19  zeta_vw      0.00000e+00   constant   
  20  T_CBO        2.18056e+02   3.17397e+02   1.24153e-03  -1.54441e-02
  21  alpha_A0    -2.95539e-03   8.69979e-03   3.78993e-06  -1.46986e-01
  22  beta_A0     -1.85572e-03   9.63275e-03  -3.13435e-07  -6.68180e-01
  23  alpha_phi    1.26983e-02   2.57628e-02   1.10141e-05  -2.87257e+00
  24  beta_phi     1.35394e-02   2.47751e-02   5.83322e-06   3.09363e+00
 EXTERNAL ERROR MATRIX.    NDIM=  25    NPAR=  8    ERR DEF=1
  8.102e+05 -4.334e-02  2.663e-03 -2.070e+04 -9.572e-02 -2.459e+00  1.863e-01  1.371e+00 
 -4.334e-02  1.477e-07  6.082e-09 -4.726e-02 -8.595e-07 -1.507e-08  3.241e-06  3.626e-06 
  2.663e-03  6.082e-09  1.345e-06 -3.208e-02 -1.543e-06 -5.277e-07  1.550e-06  3.010e-06 
 -2.070e+04 -4.726e-02 -3.208e-02  1.311e+05  2.173e+00  1.116e+00 -9.165e+00 -8.802e+00 
 -9.572e-02 -8.595e-07 -1.543e-06  2.173e+00  7.569e-05  1.131e-05 -1.510e-04 -1.458e-04 
 -2.459e+00 -1.507e-08 -5.277e-07  1.116e+00  1.131e-05  9.279e-05 -7.584e-05 -6.341e-05 
  1.863e-01  3.241e-06  1.550e-06 -9.165e+00 -1.510e-04 -7.584e-05  6.637e-04  6.170e-04 
  1.371e+00  3.626e-06  3.010e-06 -8.802e+00 -1.458e-04 -6.341e-05  6.170e-04  6.138e-04 
ERR MATRIX NOT POS-DEF
 PARAMETER  CORRELATION COEFFICIENTS  
       NO.  GLOBAL      1      3      4     20     21     22     23     24
        1  0.44557   1.000 -0.125  0.003 -0.064 -0.012 -0.284  0.008  0.061
        3  0.46136  -0.125  1.000  0.014 -0.340 -0.257 -0.004  0.327  0.381
        4  0.28748   0.003  0.014  1.000 -0.076 -0.153 -0.047  0.052  0.105
       20  0.99153  -0.064 -0.340 -0.076  1.000  0.690  0.320 -0.983 -0.981
       21  0.70565  -0.012 -0.257 -0.153  0.690  1.000  0.135 -0.674 -0.676
       22  0.50563  -0.284 -0.004 -0.047  0.320  0.135  1.000 -0.306 -0.266
       23  0.98487   0.008  0.327  0.052 -0.983 -0.674 -0.306  1.000  0.967
       24  0.98476   0.061  0.381  0.105 -0.981 -0.676 -0.266  0.967  1.000
 ERR MATRIX NOT POS-DEF
MINUIT - FIT ONLY 1-CBO + wiggle
 **********
 **   16 **RES 
 **********
                   PARAMETER   16  beta_vw RESTORED TO VARIABLE.
                   PARAMETER   14  alpha_vw RESTORED TO VARIABLE.
                   PARAMETER   13  beta_y RESTORED TO VARIABLE.
                   PARAMETER   11  alpha_y RESTORED TO VARIABLE.
                   PARAMETER   10  beta_2CBO RESTORED TO VARIABLE.
                   PARAMETER    9  alpha_2CBO RESTORED TO VARIABLE.
                   PARAMETER    8  beta_CBO RESTORED TO VARIABLE.
                   PARAMETER    6  alpha_CBO RESTORED TO VARIABLE.
 **********
 **   17 **FIX            8
 **********
 **********
 **   18 **FIX            9
 **********
 **********
 **   19 **FIX           11
 **********
 **********
 **   20 **FIX           12
 **********
 PARAMETER   12  IS CONSTANT.   IGNORED.
 **********
 **   21 **FIX           14
 **********
 **********
 **   22 **FIX           15
 **********
 PARAMETER   15  IS CONSTANT.   IGNORED.
 **********
 **   23 **FIX           16
 **********
 **********
 **   24 **MIGRAD
 **********
 START MIGRAD MINIMIZATION.  STRATEGY  1.  CONVERGENCE WHEN EDM .LT. 1.00e-04
 FCN=109.147 FROM MIGRAD    STATUS=INITIATE       28 CALLS        1360 TOTAL
                     EDM= unknown      STRATEGY= 1      NO ERROR MATRIX       
  EXT PARAMETER               CURRENT GUESS       STEP         FIRST   
  NO.   NAME      VALUE            ERROR          SIZE      DERIVATIVE 
   1  N0           3.09148e+06   9.00125e+02  -6.26431e-01  -7.78185e-06
   2  tau          6.43743e+01   constant   
   3  A0           3.54391e-01   3.84257e-04  -9.10311e-07  -2.43167e+01
   4  phi          4.12224e+00   1.15986e-03  -1.46016e-06  -4.13768e+00
   5  R           -6.00908e+01   constant   
   6  alpha_CBO    0.00000e+00   1.00000e-03   1.00000e-03  -2.63217e+04
   7  w_CBO        2.32500e+00   constant   
   8  beta_CBO     0.00000e+00     fixed    
   9  alpha_2CBO   0.00000e+00     fixed    
  10  beta_2CBO    0.00000e+00   1.00000e-03   1.00000e-03  -4.52341e+03
  11  alpha_y      0.00000e+00     fixed    
  12  w_y          1.44500e+01   constant   
  13  beta_y       0.00000e+00   1.00000e-03   1.00000e-03   3.80917e+03
  14  alpha_vw     0.00000e+00     fixed    
  15  w_vw         1.29000e+01   constant   
  16  beta_vw      0.00000e+00     fixed    
  17  LM          -9.88464e-04   constant   
  18  zeta_y       0.00000e+00   constant   
  19  zeta_vw      0.00000e+00   constant   
  20  T_CBO        2.18056e+02   3.17397e+02   1.24153e-03  -1.54441e-02
  21  alpha_A0    -2.95539e-03   8.69979e-03   3.78993e-06  -1.46986e-01
  22  beta_A0     -1.85572e-03   9.63275e-03  -3.13435e-07  -6.68180e-01
  23  alpha_phi    1.26983e-02   2.57628e-02   1.10141e-05  -2.87257e+00
  24  beta_phi     1.35394e-02   2.47751e-02   5.83322e-06   3.09363e+00
 MIGRAD MINIMIZATION HAS CONVERGED.
 FCN=78.2276 FROM MIGRAD    STATUS=CONVERGED    1177 CALLS        2509 TOTAL
                     EDM=5.94184e-06    STRATEGY= 1  ERROR MATRIX UNCERTAINTY   0.1 per cent
  EXT PARAMETER                                   STEP         FIRST   
  NO.   NAME      VALUE            ERROR          SIZE      DERIVATIVE 
   1  N0           3.09116e+06   9.05935e+02   4.41411e-02   2.92090e-07
   2  tau          6.43743e+01   constant   
   3  A0           3.53990e-01   3.90611e-04   1.91730e-07   8.37998e-01
   4  phi          4.12248e+00   1.16349e-03  -2.67799e-06   1.56525e-01
   5  R           -6.00908e+01   constant   
   6  alpha_CBO    2.25004e-03   4.13037e-04  -2.69741e-08  -2.00826e-01
   7  w_CBO        2.32500e+00   constant   
   8  beta_CBO     0.00000e+00     fixed    
   9  alpha_2CBO   0.00000e+00     fixed    
  10  beta_2CBO    3.66584e-04   3.90898e-04   1.71344e-07   1.76310e+00
  11  alpha_y      0.00000e+00     fixed    
  12  w_y          1.44500e+01   constant   
  13  beta_y      -2.40799e-04   3.97405e-04   3.50375e-07  -3.73526e-01
  14  alpha_vw     0.00000e+00     fixed    
  15  w_vw         1.29000e+01   constant   
  16  beta_vw      0.00000e+00     fixed    
  17  LM          -9.88464e-04   constant   
  18  zeta_y       0.00000e+00   constant   
  19  zeta_vw      0.00000e+00   constant   
  20  T_CBO        9.99680e+02   9.72669e+02   3.73803e-02  -2.77563e-04
  21  alpha_A0    -1.72366e-03   2.60173e-03   2.48940e-06   1.53132e+00
  22  beta_A0     -4.89962e-04   2.20966e-03   5.68823e-06   1.12324e+00
  23  alpha_phi    4.26319e-03   2.33217e-03   4.93173e-06  -1.06038e-01
  24  beta_phi     5.33884e-03   2.33830e-03   8.13868e-07  -1.00155e+00
 EXTERNAL ERROR MATRIX.    NDIM=  25    NPAR= 11    ERR DEF=1
  8.207e+05 
 -4.505e-02  1.526e-07 
 -1.914e-02  4.064e-09  1.354e-06 
 -2.699e-02 -2.999e-08  1.152e-08  1.706e-07 
  7.567e-04  1.667e-09  2.024e-08  1.852e-09  1.528e-07 
 -6.676e-03 -2.379e-09  4.809e-09  4.407e-09 -2.912e-11  1.579e-07 
  2.671e+03  1.670e-03 -3.372e-02 -2.726e-04  4.229e-03  5.213e-03  8.330e+04 
  5.547e-02 -5.645e-08 -2.143e-07 -3.007e-09 -2.461e-07 -2.264e-08  5.616e-02  6.769e-06 
 -5.910e-01  1.138e-07  1.296e-07  1.464e-08  2.738e-08 -3.821e-08  7.499e-02 -5.669e-07  4.883e-06 
 -4.420e-01  1.478e-07 -4.778e-09 -7.252e-08 -2.565e-08 -3.074e-10 -2.138e-01 -3.456e-07  3.902e-07  5.439e-06 
 -5.264e-02  3.034e-08  2.023e-07 -9.077e-10 -1.126e-07 -9.148e-09 -3.454e-01  1.041e-06  2.017e-07  1.020e-06  5.468e-06 
 PARAMETER  CORRELATION COEFFICIENTS  
       NO.  GLOBAL      1      3      4      6     10     13     20     21     22     23     24
        1  0.37001   1.000 -0.127 -0.018 -0.072  0.002 -0.019  0.010  0.024 -0.295 -0.209 -0.025
        3  0.29007  -0.127  1.000  0.009 -0.186  0.011 -0.015  0.015 -0.056  0.132  0.162  0.033
        4  0.15012  -0.018  0.009  1.000  0.024  0.044  0.010 -0.100 -0.071  0.050 -0.002  0.074
        6  0.22384  -0.072 -0.186  0.024  1.000  0.011  0.027 -0.002 -0.003  0.016 -0.075 -0.001
       10  0.26008   0.002  0.011  0.044  0.011  1.000 -0.000  0.037 -0.242  0.032 -0.028 -0.123
       13  0.09497  -0.019 -0.015  0.010  0.027 -0.000  1.000  0.045 -0.022 -0.044 -0.000 -0.010
       20  0.61034   0.010  0.015 -0.100 -0.002  0.037  0.045  1.000  0.075  0.118 -0.318 -0.512
       21  0.36880   0.024 -0.056 -0.071 -0.003 -0.242 -0.022  0.075  1.000 -0.099 -0.057  0.171
       22  0.38027  -0.295  0.132  0.050  0.016  0.032 -0.044  0.118 -0.099  1.000  0.076  0.039
       23  0.41523  -0.209  0.162 -0.002 -0.075 -0.028 -0.000 -0.318 -0.057  0.076  1.000  0.187
       24  0.57263  -0.025  0.033  0.074 -0.001 -0.123 -0.010 -0.512  0.171  0.039  0.187  1.000
MINUIT - FIT ONLY 2-CBO
 **********
 **   25 **RES 
 **********
                   PARAMETER   16  beta_vw RESTORED TO VARIABLE.
                   PARAMETER   14  alpha_vw RESTORED TO VARIABLE.
                   PARAMETER   11  alpha_y RESTORED TO VARIABLE.
                   PARAMETER    9  alpha_2CBO RESTORED TO VARIABLE.
                   PARAMETER    8  beta_CBO RESTORED TO VARIABLE.
 **********
 **   26 **FIX            0
 **********
 PARAMETER    0  IS UNDEFINED. IGNORED.
 **********
 **   27 **FIX            1
 **********
 **********
 **   28 **FIX            2
 **********
 PARAMETER    2  IS CONSTANT.   IGNORED.
 **********
 **   29 **FIX            3
 **********
 **********
 **   30 **FIX            4
 **********
 **********
 **   31 **FIX            5
 **********
 PARAMETER    5  IS CONSTANT.   IGNORED.
 **********
 **   32 **FIX            6
 **********
 **********
 **   33 **FIX            7
 **********
 PARAMETER    7  IS CONSTANT.   IGNORED.
 **********
 **   34 **FIX           10
 **********
 **********
 **   35 **FIX           11
 **********
 **********
 **   36 **FIX           12
 **********
 PARAMETER   12  IS CONSTANT.   IGNORED.
 **********
 **   37 **FIX           13
 **********
 **********
 **   38 **FIX           14
 **********
 **********
 **   39 **FIX           15
 **********
 PARAMETER   15  IS CONSTANT.   IGNORED.
 **********
 **   40 **FIX           16
 **********
 **********
 **   41 **MIGRAD
 **********
 START MIGRAD MINIMIZATION.  STRATEGY  1.  CONVERGENCE WHEN EDM .LT. 1.00e-04
 FCN=78.2276 FROM MIGRAD    STATUS=INITIATE       18 CALLS        2527 TOTAL
                     EDM= unknown      STRATEGY= 1      NO ERROR MATRIX       
  EXT PARAMETER               CURRENT GUESS       STEP         FIRST   
  NO.   NAME      VALUE            ERROR          SIZE      DERIVATIVE 
   1  N0           3.09116e+06     fixed    
   2  tau          6.43743e+01   constant   
   3  A0           3.53990e-01     fixed    
   4  phi          4.12248e+00     fixed    
   5  R           -6.00908e+01   constant   
   6  alpha_CBO    2.25004e-03     fixed    
   7  w_CBO        2.32500e+00   constant   
   8  beta_CBO     0.00000e+00   1.00000e-03   1.00000e-03  -1.51557e+04
   9  alpha_2CBO   0.00000e+00   1.00000e-03   1.00000e-03  -4.55881e+02
  10  beta_2CBO    3.66584e-04     fixed    
  11  alpha_y      0.00000e+00     fixed    
  12  w_y          1.44500e+01   constant   
  13  beta_y      -2.40799e-04     fixed    
  14  alpha_vw     0.00000e+00     fixed    
  15  w_vw         1.29000e+01   constant   
  16  beta_vw      0.00000e+00     fixed    
  17  LM          -9.88464e-04   constant   
  18  zeta_y       0.00000e+00   constant   
  19  zeta_vw      0.00000e+00   constant   
  20  T_CBO        9.99680e+02   9.72669e+02   3.73803e-02  -2.89085e-04
  21  alpha_A0    -1.72366e-03   2.60173e-03   2.48940e-06   1.53132e+00
  22  beta_A0     -4.89962e-04   2.20966e-03   5.68823e-06   1.12324e+00
  23  alpha_phi    4.26319e-03   2.33217e-03   4.93173e-06  -1.06038e-01
  24  beta_phi     5.33884e-03   2.33830e-03   8.13868e-07  -1.00155e+00
 MIGRAD MINIMIZATION HAS CONVERGED.
 MIGRAD WILL VERIFY CONVERGENCE AND ERROR MATRIX.
 COVARIANCE MATRIX CALCULATED SUCCESSFULLY
 FCN=69.5587 FROM MIGRAD    STATUS=CONVERGED     133 CALLS        2642 TOTAL
                     EDM=2.67824e-07    STRATEGY= 1      ERROR MATRIX ACCURATE 
  EXT PARAMETER                                   STEP         FIRST   
  NO.   NAME      VALUE            ERROR          SIZE      DERIVATIVE 
   1  N0           3.09116e+06     fixed    
   2  tau          6.43743e+01   constant   
   3  A0           3.53990e-01     fixed    
   4  phi          4.12248e+00     fixed    
   5  R           -6.00908e+01   constant   
   6  alpha_CBO    2.25004e-03     fixed    
   7  w_CBO        2.32500e+00   constant   
   8  beta_CBO     1.14324e-03   3.88485e-04   1.58258e-06  -3.48110e-02
   9  alpha_2CBO   2.63577e-05   4.08492e-04   1.63011e-06   8.33110e-01
  10  beta_2CBO    3.66584e-04     fixed    
  11  alpha_y      0.00000e+00     fixed    
  12  w_y          1.44500e+01   constant   
  13  beta_y      -2.40799e-04     fixed    
  14  alpha_vw     0.00000e+00     fixed    
  15  w_vw         1.29000e+01   constant   
  16  beta_vw      0.00000e+00     fixed    
  17  LM          -9.88464e-04   constant   
  18  zeta_y       0.00000e+00   constant   
  19  zeta_vw      0.00000e+00   constant   
  20  T_CBO        1.00000e+03   6.10056e+02   7.40902e-02** at limit **
  21  alpha_A0    -1.61522e-03   2.08617e-03   8.52184e-06  -1.31803e-01
  22  beta_A0     -4.49187e-04   2.12955e-03   8.57872e-06   1.91828e-01
  23  alpha_phi    4.26246e-03   2.04903e-03   8.18074e-06  -1.62423e-01
  24  beta_phi     4.71766e-03   1.91225e-03   7.61626e-06  -1.85560e-02
 EXTERNAL ERROR MATRIX.    NDIM=  25    NPAR=  7    ERR DEF=1
  1.509e-07 -1.545e-09 -9.490e-09  1.426e-08  8.849e-10  3.421e-09 -8.234e-08 
 -1.545e-09  1.669e-07 -5.941e-08  1.646e-08  1.527e-07 -1.173e-07  6.361e-09 
 -9.490e-09 -5.941e-08  5.390e-01 -9.603e-05 -2.785e-05  2.556e-04  2.846e-04 
  1.426e-08  1.646e-08 -9.603e-05  4.352e-06 -5.448e-09 -8.153e-08  1.677e-07 
  8.849e-10  1.527e-07 -2.785e-05 -5.448e-09  4.535e-06  1.452e-07  5.641e-08 
  3.421e-09 -1.173e-07  2.556e-04 -8.153e-08  1.452e-07  4.199e-06  1.697e-07 
 -8.234e-08  6.361e-09  2.846e-04  1.677e-07  5.641e-08  1.697e-07  3.657e-06 
 PARAMETER  CORRELATION COEFFICIENTS  
       NO.  GLOBAL      8      9     20     21     22     23     24
        8  0.11624   1.000 -0.010 -0.000  0.018  0.001  0.004 -0.111
        9  0.23105  -0.010  1.000 -0.000  0.019  0.176 -0.140  0.008
       20  0.27141  -0.000 -0.000  1.000 -0.063 -0.018  0.170  0.203
       21  0.08991   0.018  0.019 -0.063  1.000 -0.001 -0.019  0.042
       22  0.18796   0.001  0.176 -0.018 -0.001  1.000  0.033  0.014
       23  0.22903   0.004 -0.140  0.170 -0.019  0.033  1.000  0.043
       24  0.23878  -0.111  0.008  0.203  0.042  0.014  0.043  1.000
MINUIT - FIT wiggle + 1-CBO + 2-CBO
 **********
 **   42 **RES 
 **********
                   PARAMETER   16  beta_vw RESTORED TO VARIABLE.
                   PARAMETER   14  alpha_vw RESTORED TO VARIABLE.
                   PARAMETER   13  beta_y RESTORED TO VARIABLE.
                   PARAMETER   11  alpha_y RESTORED TO VARIABLE.
                   PARAMETER   10  beta_2CBO RESTORED TO VARIABLE.
                   PARAMETER    6  alpha_CBO RESTORED TO VARIABLE.
                   PARAMETER    4  phi RESTORED TO VARIABLE.
                   PARAMETER    3  A0 RESTORED TO VARIABLE.
                   PARAMETER    1  N0 RESTORED TO VARIABLE.
 **********
 **   43 **FIX           10
 **********
 **********
 **   44 **FIX           11
 **********
 **********
 **   45 **FIX           12
 **********
 PARAMETER   12  IS CONSTANT.   IGNORED.
 **********
 **   46 **FIX           13
 **********
 **********
 **   47 **FIX           14
 **********
 **********
 **   48 **FIX           15
 **********
 PARAMETER   15  IS CONSTANT.   IGNORED.
 **********
 **   49 **FIX           16
 **********
 **********
 **   50 **MIGRAD
 **********
 START MIGRAD MINIMIZATION.  STRATEGY  1.  CONVERGENCE WHEN EDM .LT. 1.00e-04
 FCN=69.5587 FROM MIGRAD    STATUS=INITIATE       22 CALLS        2664 TOTAL
                     EDM= unknown      STRATEGY= 1      NO ERROR MATRIX       
  EXT PARAMETER               CURRENT GUESS       STEP         FIRST   
  NO.   NAME      VALUE            ERROR          SIZE      DERIVATIVE 
   1  N0           3.09116e+06   9.05935e+02   9.05935e+02  -4.44608e-05
   2  tau          6.43743e+01   constant   
   3  A0           3.53990e-01   3.90611e-04   3.90611e-04   2.45728e+02
   4  phi          4.12248e+00   1.16349e-03   1.16349e-03   1.32017e+03
   5  R           -6.00908e+01   constant   
   6  alpha_CBO    2.25004e-03   4.13037e-04   4.13037e-04  -2.59069e+01
   7  w_CBO        2.32500e+00   constant   
   8  beta_CBO     1.14324e-03   3.88485e-04   1.58258e-06  -3.51785e-02
   9  alpha_2CBO   2.63577e-05   4.08492e-04   1.63011e-06   8.32680e-01
  10  beta_2CBO    3.66584e-04     fixed    
  11  alpha_y      0.00000e+00     fixed    
  12  w_y          1.44500e+01   constant   
  13  beta_y      -2.40799e-04     fixed    
  14  alpha_vw     0.00000e+00     fixed    
  15  w_vw         1.29000e+01   constant   
  16  beta_vw      0.00000e+00     fixed    
  17  LM          -9.88464e-04   constant   
  18  zeta_y       0.00000e+00   constant   
  19  zeta_vw      0.00000e+00   constant   
  20  T_CBO        9.99999e+02   6.10056e+02   7.40902e-02  -1.25360e-05
  21  alpha_A0    -1.61522e-03   2.08617e-03   8.52184e-06  -1.31628e-01
  22  beta_A0     -4.49187e-04   2.12955e-03   8.57872e-06   1.91919e-01
  23  alpha_phi    4.26246e-03   2.04903e-03   8.18074e-06  -1.62920e-01
  24  beta_phi     4.71766e-03   1.91225e-03   7.61626e-06  -1.92065e-02
 MIGRAD MINIMIZATION HAS CONVERGED.
 MIGRAD WILL VERIFY CONVERGENCE AND ERROR MATRIX.
 COVARIANCE MATRIX CALCULATED SUCCESSFULLY
 FCN=68.9143 FROM MIGRAD    STATUS=CONVERGED     194 CALLS        2836 TOTAL
                     EDM=8.05228e-06    STRATEGY= 1      ERROR MATRIX ACCURATE 
  EXT PARAMETER                                   STEP         FIRST   
  NO.   NAME      VALUE            ERROR          SIZE      DERIVATIVE 
   1  N0           3.09118e+06   9.27321e+02   3.48069e+00  -3.31830e-06
   2  tau          6.43743e+01   constant   
   3  A0           3.53968e-01   3.94819e-04   1.53470e-06   2.06485e+00
   4  phi          4.12151e+00   1.21297e-03   4.70043e-06  -1.16252e-01
   5  R           -6.00908e+01   constant   
   6  alpha_CBO    2.24682e-03   4.16387e-04   1.64747e-06  -1.34528e+00
   7  w_CBO        2.32500e+00   constant   
   8  beta_CBO     1.22798e-03   4.02637e-04   1.57532e-06  -2.54558e+00
   9  alpha_2CBO   3.01024e-05   4.11408e-04   1.62263e-06  -4.23767e-01
  10  beta_2CBO    3.66584e-04     fixed    
  11  alpha_y      0.00000e+00     fixed    
  12  w_y          1.44500e+01   constant   
  13  beta_y      -2.40799e-04     fixed    
  14  alpha_vw     0.00000e+00     fixed    
  15  w_vw         1.29000e+01   constant   
  16  beta_vw      0.00000e+00     fixed    
  17  LM          -9.88464e-04   constant   
  18  zeta_y       0.00000e+00   constant   
  19  zeta_vw      0.00000e+00   constant   
  20  T_CBO        1.00000e+03   7.11846e+02   8.53739e-02** at limit **
  21  alpha_A0    -1.34416e-03   2.11679e-03   8.48300e-06   1.06407e+00
  22  beta_A0     -4.26119e-04   2.22965e-03   8.53990e-06  -1.82994e-01
  23  alpha_phi    4.29183e-03   2.17635e-03   8.14372e-06  -2.43833e-01
  24  beta_phi     4.53462e-03   1.97445e-03   7.58175e-06   3.27473e-01
 EXTERNAL ERROR MATRIX.    NDIM=  25    NPAR= 11    ERR DEF=1
  8.599e+05 
 -5.277e-02  1.559e-07 
  1.414e-03  2.592e-09  1.471e-06 
 -2.832e-02 -3.130e-08  1.290e-08  1.734e-07 
  2.261e-03 -3.105e-09 -1.280e-07  1.277e-10  1.621e-07 
  2.039e-02  7.529e-09 -6.884e-09 -1.768e-08 -1.117e-09  1.693e-07 
 -2.129e-01  7.177e-06 -1.912e-05 -1.005e-06  1.388e-06 -5.972e-07  6.404e+01 
  6.132e-02 -2.902e-08 -3.993e-07 -1.104e-08  4.958e-08  1.920e-08 -1.340e-03  4.481e-06 
 -5.640e-01  1.303e-07 -7.770e-08  1.550e-09  4.607e-09  1.448e-07 -4.366e-04 -3.512e-08  4.971e-06 
 -4.581e-01  1.505e-07 -8.895e-08 -6.093e-08  7.445e-09 -1.163e-07  4.366e-03 -1.496e-07  5.090e-07  4.736e-06 
 -4.172e-02  3.463e-08  2.696e-07 -1.745e-09 -1.065e-07  5.704e-09  4.620e-03  4.014e-08  7.419e-08  3.804e-07  3.898e-06 
 PARAMETER  CORRELATION COEFFICIENTS  
       NO.  GLOBAL      1      3      4      6      8      9     20     21     22     23     24
        1  0.36889   1.000 -0.144  0.001 -0.073  0.006  0.053 -0.000  0.031 -0.273 -0.227 -0.023
        3  0.30585  -0.144  1.000  0.005 -0.190 -0.020  0.046  0.002 -0.035  0.148  0.175  0.044
        4  0.31482   0.001  0.005  1.000  0.026 -0.262 -0.014 -0.002 -0.156 -0.029 -0.034  0.113
        6  0.24668  -0.073 -0.190  0.026  1.000  0.001 -0.103 -0.000 -0.013  0.002 -0.067 -0.002
        8  0.28575   0.006 -0.020 -0.262  0.001  1.000 -0.007  0.000  0.058  0.005  0.008 -0.134
        9  0.25839   0.053  0.046 -0.014 -0.103 -0.007  1.000 -0.000  0.022  0.158 -0.130  0.007
       20  0.39125  -0.000  0.002 -0.002 -0.000  0.000 -0.000  1.000 -0.079 -0.024  0.251  0.292
       21  0.19112   0.031 -0.035 -0.156 -0.013  0.058  0.022 -0.079  1.000 -0.007 -0.032  0.010
       22  0.34627  -0.273  0.148 -0.029  0.002  0.005  0.158 -0.024 -0.007  1.000  0.105  0.017
       23  0.39999  -0.227  0.175 -0.034 -0.067  0.008 -0.130  0.251 -0.032  0.105  1.000  0.089
       24  0.33973  -0.023  0.044  0.113 -0.002 -0.134  0.007  0.292  0.010  0.017  0.089  1.000
MINUIT - FIT ONLY 1-y
 **********
 **   51 **RES 
 **********
                   PARAMETER   16  beta_vw RESTORED TO VARIABLE.
                   PARAMETER   14  alpha_vw RESTORED TO VARIABLE.
                   PARAMETER   13  beta_y RESTORED TO VARIABLE.
                   PARAMETER   11  alpha_y RESTORED TO VARIABLE.
                   PARAMETER   10  beta_2CBO RESTORED TO VARIABLE.
 **********
 **   52 **FIX            0
 **********
 PARAMETER    0  IS UNDEFINED. IGNORED.
 **********
 **   53 **FIX            1
 **********
 **********
 **   54 **FIX            2
 **********
 PARAMETER    2  IS CONSTANT.   IGNORED.
 **********
 **   55 **FIX            3
 **********
 **********
 **   56 **FIX            4
 **********
 **********
 **   57 **FIX            5
 **********
 PARAMETER    5  IS CONSTANT.   IGNORED.
 **********
 **   58 **FIX            6
 **********
 **********
 **   59 **FIX            7
 **********
 PARAMETER    7  IS CONSTANT.   IGNORED.
 **********
 **   60 **FIX            8
 **********
 **********
 **   61 **FIX            9
 **********
 **********
 **   62 **FIX           13
 **********
 **********
 **   63 **FIX           14
 **********
 **********
 **   64 **FIX           15
 **********
 PARAMETER   15  IS CONSTANT.   IGNORED.
 **********
 **   65 **FIX           16
 **********
 **********
 **   66 **MIGRAD
 **********
 START MIGRAD MINIMIZATION.  STRATEGY  1.  CONVERGENCE WHEN EDM .LT. 1.00e-04
 FCN=68.9143 FROM MIGRAD    STATUS=INITIATE       16 CALLS        2852 TOTAL
                     EDM= unknown      STRATEGY= 1      NO ERROR MATRIX       
  EXT PARAMETER               CURRENT GUESS       STEP         FIRST   
  NO.   NAME      VALUE            ERROR          SIZE      DERIVATIVE 
   1  N0           3.09118e+06     fixed    
   2  tau          6.43743e+01   constant   
   3  A0           3.53968e-01     fixed    
   4  phi          4.12151e+00     fixed    
   5  R           -6.00908e+01   constant   
   6  alpha_CBO    2.24682e-03     fixed    
   7  w_CBO        2.32500e+00   constant   
   8  beta_CBO     1.22798e-03     fixed    
   9  alpha_2CBO   3.01024e-05     fixed    
  10  beta_2CBO    3.66584e-04   3.90898e-04   3.90898e-04   6.75652e+02
  11  alpha_y      0.00000e+00   1.00000e-03   1.00000e-03  -2.43274e+03
  12  w_y          1.44500e+01   constant   
  13  beta_y      -2.40799e-04     fixed    
  14  alpha_vw     0.00000e+00     fixed    
  15  w_vw         1.29000e+01   constant   
  16  beta_vw      0.00000e+00     fixed    
  17  LM          -9.88464e-04   constant   
  18  zeta_y       0.00000e+00   constant   
  19  zeta_vw      0.00000e+00   constant   
  20  T_CBO        1.00000e+03   7.11846e+02   8.53739e-02** at limit **
  21  alpha_A0    -1.34416e-03   2.11679e-03   8.48300e-06   1.06408e+00
  22  beta_A0     -4.26119e-04   2.22965e-03   8.53990e-06  -1.82998e-01
  23  alpha_phi    4.29183e-03   2.17635e-03   8.14372e-06  -2.43833e-01
  24  beta_phi     4.53462e-03   1.97445e-03   7.58175e-06   3.27473e-01
 MIGRAD MINIMIZATION HAS CONVERGED.
 MIGRAD WILL VERIFY CONVERGENCE AND ERROR MATRIX.
 COVARIANCE MATRIX CALCULATED SUCCESSFULLY
 FCN=68.6681 FROM MIGRAD    STATUS=CONVERGED     114 CALLS        2950 TOTAL
                     EDM=1.63256e-07    STRATEGY= 1      ERROR MATRIX ACCURATE 
  EXT PARAMETER                                   STEP         FIRST   
  NO.   NAME      VALUE            ERROR          SIZE      DERIVATIVE 
   1  N0           3.09118e+06     fixed    
   2  tau          6.43743e+01   constant   
   3  A0           3.53968e-01     fixed    
   4  phi          4.12151e+00     fixed    
   5  R           -6.00908e+01   constant   
   6  alpha_CBO    2.24682e-03     fixed    
   7  w_CBO        2.32500e+00   constant   
   8  beta_CBO     1.22798e-03     fixed    
   9  alpha_2CBO   3.01024e-05     fixed    
  10  beta_2CBO    3.10152e-04   4.00195e-04   1.59520e-06  -1.01281e+00
  11  alpha_y      1.86823e-04   3.91184e-04   1.59380e-06   3.22588e-01
  12  w_y          1.44500e+01   constant   
  13  beta_y      -2.40799e-04     fixed    
  14  alpha_vw     0.00000e+00     fixed    
  15  w_vw         1.29000e+01   constant   
  16  beta_vw      0.00000e+00     fixed    
  17  LM          -9.88464e-04   constant   
  18  zeta_y       0.00000e+00   constant   
  19  zeta_vw      0.00000e+00   constant   
  20  T_CBO        1.00000e+03   5.50666e+02   1.14104e-01** at limit **
  21  alpha_A0    -1.31477e-03   2.12664e-03   8.46808e-06  -1.99089e-01
  22  beta_A0     -4.33592e-04   2.09779e-03   8.52486e-06  -3.60353e-02
  23  alpha_phi    4.29779e-03   2.13189e-03   8.12935e-06  -5.68467e-03
  24  beta_phi     4.56856e-03   2.03463e-03   7.56838e-06   5.27141e-02
 EXTERNAL ERROR MATRIX.    NDIM=  25    NPAR=  7    ERR DEF=1
  1.602e-07 -1.933e-09 -2.741e-08 -1.490e-07  8.868e-09 -9.789e-09 -9.222e-08 
 -1.933e-09  1.530e-07  4.743e-09 -1.492e-08 -4.013e-09  1.790e-09  2.841e-09 
 -2.741e-08  4.743e-09  4.955e-02 -4.974e-05 -1.696e-05  1.649e-04  1.760e-04 
 -1.490e-07 -1.492e-08 -4.974e-05  4.523e-06 -1.512e-08 -1.784e-07  1.346e-07 
  8.868e-09 -4.013e-09 -1.696e-05 -1.512e-08  4.401e-06  2.087e-07  3.169e-09 
 -9.789e-09  1.790e-09  1.649e-04 -1.784e-07  2.087e-07  4.545e-06  6.321e-07 
 -9.222e-08  2.841e-09  1.760e-04  1.346e-07  3.169e-09  6.321e-07  4.140e-06 
 PARAMETER  CORRELATION COEFFICIENTS  
       NO.  GLOBAL     10     11     20     21     22     23     24
       10  0.20842   1.000 -0.012 -0.000 -0.175  0.011 -0.011 -0.113
       11  0.02482  -0.012  1.000  0.000 -0.018 -0.005  0.002  0.004
       20  0.50156  -0.000  0.000  1.000 -0.105 -0.036  0.348  0.389
       21  0.21315  -0.175 -0.018 -0.105  1.000 -0.003 -0.039  0.031
       22  0.07611   0.011 -0.005 -0.036 -0.003  1.000  0.047  0.001
       23  0.35298  -0.011  0.002  0.348 -0.039  0.047  1.000  0.146
       24  0.40862  -0.113  0.004  0.389  0.031  0.001  0.146  1.000
MINUIT - FIT ONLY 2-y
 **********
 **   67 **RES 
 **********
                   PARAMETER   16  beta_vw RESTORED TO VARIABLE.
                   PARAMETER   14  alpha_vw RESTORED TO VARIABLE.
                   PARAMETER   13  beta_y RESTORED TO VARIABLE.
                   PARAMETER    9  alpha_2CBO RESTORED TO VARIABLE.
                   PARAMETER    8  beta_CBO RESTORED TO VARIABLE.
                   PARAMETER    6  alpha_CBO RESTORED TO VARIABLE.
                   PARAMETER    4  phi RESTORED TO VARIABLE.
                   PARAMETER    3  A0 RESTORED TO VARIABLE.
                   PARAMETER    1  N0 RESTORED TO VARIABLE.
 **********
 **   68 **FIX            0
 **********
 PARAMETER    0  IS UNDEFINED. IGNORED.
 **********
 **   69 **FIX            1
 **********
 **********
 **   70 **FIX            2
 **********
 PARAMETER    2  IS CONSTANT.   IGNORED.
 **********
 **   71 **FIX            3
 **********
 **********
 **   72 **FIX            4
 **********
 **********
 **   73 **FIX            5
 **********
 PARAMETER    5  IS CONSTANT.   IGNORED.
 **********
 **   74 **FIX            6
 **********
 **********
 **   75 **FIX            7
 **********
 PARAMETER    7  IS CONSTANT.   IGNORED.
 **********
 **   76 **FIX            8
 **********
 **********
 **   77 **FIX            9
 **********
 **********
 **   78 **FIX           10
 **********
 **********
 **   79 **FIX           11
 **********
 **********
 **   80 **FIX           12
 **********
 PARAMETER   12  IS CONSTANT.   IGNORED.
 **********
 **   81 **FIX           16
 **********
 **********
 **   82 **MIGRAD
 **********
 START MIGRAD MINIMIZATION.  STRATEGY  1.  CONVERGENCE WHEN EDM .LT. 1.00e-04
 FCN=68.6681 FROM MIGRAD    STATUS=INITIATE       16 CALLS        2966 TOTAL
                     EDM= unknown      STRATEGY= 1      NO ERROR MATRIX       
  EXT PARAMETER               CURRENT GUESS       STEP         FIRST   
  NO.   NAME      VALUE            ERROR          SIZE      DERIVATIVE 
   1  N0           3.09118e+06     fixed    
   2  tau          6.43743e+01   constant   
   3  A0           3.53968e-01     fixed    
   4  phi          4.12151e+00     fixed    
   5  R           -6.00908e+01   constant   
   6  alpha_CBO    2.24682e-03     fixed    
   7  w_CBO        2.32500e+00   constant   
   8  beta_CBO     1.22798e-03     fixed    
   9  alpha_2CBO   3.01024e-05     fixed    
  10  beta_2CBO    3.10152e-04     fixed    
  11  alpha_y      1.86823e-04     fixed    
  12  w_y          1.44500e+01   constant   
  13  beta_y      -2.40799e-04   3.97405e-04   3.97405e-04  -2.13562e+01
  14  alpha_vw     0.00000e+00   1.00000e-03   1.00000e-03  -3.43214e+03
  15  w_vw         1.29000e+01   constant   
  16  beta_vw      0.00000e+00     fixed    
  17  LM          -9.88464e-04   constant   
  18  zeta_y       0.00000e+00   constant   
  19  zeta_vw      0.00000e+00   constant   
  20  T_CBO        9.99999e+02   5.50666e+02   1.14104e-01  -7.20785e-06
  21  alpha_A0    -1.31477e-03   2.12664e-03   8.46808e-06  -1.98925e-01
  22  beta_A0     -4.33592e-04   2.09779e-03   8.52486e-06  -3.59402e-02
  23  alpha_phi    4.29779e-03   2.13189e-03   8.12935e-06  -6.18840e-03
  24  beta_phi     4.56856e-03   2.03463e-03   7.56838e-06   5.20850e-02
 MIGRAD MINIMIZATION HAS CONVERGED.
 MIGRAD WILL VERIFY CONVERGENCE AND ERROR MATRIX.
 COVARIANCE MATRIX CALCULATED SUCCESSFULLY
 FCN=68.2039 FROM MIGRAD    STATUS=CONVERGED      98 CALLS        3048 TOTAL
                     EDM=3.8399e-06    STRATEGY= 1      ERROR MATRIX ACCURATE 
  EXT PARAMETER                                   STEP         FIRST   
  NO.   NAME      VALUE            ERROR          SIZE      DERIVATIVE 
   1  N0           3.09118e+06     fixed    
   2  tau          6.43743e+01   constant   
   3  A0           3.53968e-01     fixed    
   4  phi          4.12151e+00     fixed    
   5  R           -6.00908e+01   constant   
   6  alpha_CBO    2.24682e-03     fixed    
   7  w_CBO        2.32500e+00   constant   
   8  beta_CBO     1.22798e-03     fixed    
   9  alpha_2CBO   3.01024e-05     fixed    
  10  beta_2CBO    3.10152e-04     fixed    
  11  alpha_y      1.86823e-04     fixed    
  12  w_y          1.44500e+01   constant   
  13  beta_y      -2.41747e-04   3.97823e-04   1.61533e-06   4.67591e-01
  14  alpha_vw     2.70543e-04   3.97058e-04   1.61184e-06  -4.17235e-03
  15  w_vw         1.29000e+01   constant   
  16  beta_vw      0.00000e+00     fixed    
