 + ++++++++++++++++++++++++++++++++++++++++++++++++++++++++++++++++++++ +
 +                                                                      +
 +           You have chose to blind your fitting according to          +
 +                omega_ref * (1 + (R +/- deltaR) *10^{-6})             +
 +                                                                      +
 + ++++++++++++++++++++++++++++++++++++++++++++++++++++++++++++++++++++ +
In main()...
reading format from /gm2data/zkhechad/run45/envelope/formats/formatB_sBin_constraintOn.txt
pBinTau 	= 0  
pBinPhi 	= 0  
constraintau 	= 1 
includeMopTerm 	= 0    
constrainMop    = 0   
Parameters after format file: pBinTau 0 pBinPhi 0 constraintau 1 includeMopTerm 0 constrainMop 0 c_e_scale 0.000000 
Opening file /gm2data/tbarrett/gm2fr/studies/run23_bunch_corrections/CorrectedFourier_Run3b.root.
reading full fit data from /gm2data/zkhechad/cboTemplates/Run4CBOTemplates/templateFits0_v2.0/noRF/sBin_constraintOn_cE0.0_seed0_noRF_calo5.root
windowBins = 69
fitting sliding window 2048 from bin 2184 at 325.703600 to bin 2253 at 336.147600 (69 bins)

Reading data from /gm2data/cornell/histograms/aMethod/histogram_a_noRF.root
 **********
 **    1 **SET PRINTOUT            1
 **********
 **********
 **    2 **SET NOWARNINGS 
 **********
 PARAMETER DEFINITIONS:
    NO.   NAME         VALUE      STEP SIZE      LIMITS
     1 N0           2.79488e+06  1.00000e+02     no limits
     2 tau          6.43938e+01  constant
     3 A0           3.58429e-01  1.00000e-04     no limits
     4 phi          4.11634e+00  1.00000e-02     no limits
     5 R           -6.25265e+01  constant
     6 alpha_CBO    0.00000e+00  1.00000e-03     no limits
     7 w_CBO        2.32500e+00  constant
     8 beta_CBO     0.00000e+00  1.00000e-03     no limits
     9 alpha_2CBO   0.00000e+00  1.00000e-03     no limits
    10 beta_2CBO    0.00000e+00  1.00000e-03     no limits
    11 alpha_y      0.00000e+00  1.00000e-03     no limits
    12 w_y          1.44500e+01  constant
    13 beta_y       0.00000e+00  1.00000e-03     no limits
    14 alpha_vw     0.00000e+00  1.00000e-03     no limits
    15 w_vw         1.29000e+01  constant
    16 beta_vw      0.00000e+00  1.00000e-03     no limits
    17 LM          -3.26799e-04  constant
    18 zeta_y       0.00000e+00  constant
    19 zeta_vw      0.00000e+00  constant
    20 T_CBO        1.00000e+02  1.00000e+00    0.00000e+00  1.00000e+03
    21 alpha_A0     0.00000e+00  1.00000e-03     no limits
    22 beta_A0      0.00000e+00  1.00000e-03     no limits
    23 alpha_phi    0.00000e+00  1.00000e-03     no limits
    24 beta_phi     0.00000e+00  1.00000e-03     no limits
MINUIT - FIT ONLY WIGGLE
 **********
 **    3 **FIX            5
 **********
 PARAMETER    5  IS CONSTANT.   IGNORED.
 **********
 **    4 **FIX            6
 **********
 **********
 **    5 **FIX            7
 **********
 PARAMETER    7  IS CONSTANT.   IGNORED.
 **********
 **    6 **FIX            8
 **********
 **********
 **    7 **FIX            9
 **********
 **********
 **    8 **FIX           10
 **********
 **********
 **    9 **FIX           11
 **********
 **********
 **   10 **FIX           12
 **********
 PARAMETER   12  IS CONSTANT.   IGNORED.
 **********
 **   11 **FIX           13
 **********
 **********
 **   12 **FIX           14
 **********
 **********
 **   13 **FIX           15
 **********
 PARAMETER   15  IS CONSTANT.   IGNORED.
 **********
 **   14 **FIX           16
 **********
 **********
 **   15 **MIGRAD
 **********
 FIRST CALL TO USER FUNCTION AT NEW START POINT, WITH IFLAG=4.
 START MIGRAD MINIMIZATION.  STRATEGY  1.  CONVERGENCE WHEN EDM .LT. 1.00e-04
 FCN=92.5378 FROM MIGRAD    STATUS=INITIATE      437 CALLS         438 TOTAL
                     EDM= unknown      STRATEGY= 1      NO ERROR MATRIX       
  EXT PARAMETER               CURRENT GUESS       STEP         FIRST   
  NO.   NAME      VALUE            ERROR          SIZE      DERIVATIVE 
   1  N0           2.79488e+06   1.00000e+02   0.00000e+00  -1.74491e-03
   2  tau          6.43938e+01   constant   
   3  A0           3.58429e-01   1.00000e-04   0.00000e+00  -1.04521e+03
   4  phi          4.11634e+00   1.00000e-02   0.00000e+00   8.72232e+02
   5  R           -6.25265e+01   constant   
   6  alpha_CBO    0.00000e+00     fixed    
   7  w_CBO        2.32500e+00   constant   
   8  beta_CBO     0.00000e+00     fixed    
   9  alpha_2CBO   0.00000e+00     fixed    
  10  beta_2CBO    0.00000e+00     fixed    
  11  alpha_y      0.00000e+00     fixed    
  12  w_y          1.44500e+01   constant   
  13  beta_y       0.00000e+00     fixed    
  14  alpha_vw     0.00000e+00     fixed    
  15  w_vw         1.29000e+01   constant   
  16  beta_vw      0.00000e+00     fixed    
  17  LM          -3.26799e-04   constant   
  18  zeta_y       0.00000e+00   constant   
  19  zeta_vw      0.00000e+00   constant   
  20  T_CBO        1.00000e+02   1.00000e+00   0.00000e+00   0.00000e+00
  21  alpha_A0     0.00000e+00   1.00000e-03   0.00000e+00  -5.84004e+00
  22  beta_A0      0.00000e+00   1.00000e-03   0.00000e+00   6.39142e+01
  23  alpha_phi    0.00000e+00   1.00000e-03   0.00000e+00   1.97684e+01
  24  beta_phi     0.00000e+00   1.00000e-03   0.00000e+00   6.58710e+00
 CALL LIMIT EXCEEDED IN MIGRAD.
 MIGRAD TERMINATED WITHOUT CONVERGENCE.
 FCN=80.7411 FROM MIGRAD    STATUS=CALL LIMIT   1338 CALLS        1339 TOTAL
                     EDM=0.000932322    STRATEGY= 1  ERROR MATRIX UNCERTAINTY   1.7 per cent
  EXT PARAMETER                APPROXIMATE        STEP         FIRST   
  NO.   NAME      VALUE            ERROR          SIZE      DERIVATIVE 
   1  N0           2.79745e+06   1.59887e+03  -6.24127e+00   3.80937e-06
   2  tau          6.43938e+01   constant   
   3  A0           3.58812e-01   6.82736e-04  -1.46474e-06  -2.75020e+01
   4  phi          4.11313e+00   2.12889e-03  -4.57140e-06  -8.63135e+00
   5  R           -6.25265e+01   constant   
   6  alpha_CBO    0.00000e+00     fixed    
   7  w_CBO        2.32500e+00   constant   
   8  beta_CBO     0.00000e+00     fixed    
   9  alpha_2CBO   0.00000e+00     fixed    
  10  beta_2CBO    0.00000e+00     fixed    
  11  alpha_y      0.00000e+00     fixed    
  12  w_y          1.44500e+01   constant   
  13  beta_y       0.00000e+00     fixed    
  14  alpha_vw     0.00000e+00     fixed    
  15  w_vw         1.29000e+01   constant   
  16  beta_vw      0.00000e+00     fixed    
  17  LM          -3.26799e-04   constant   
  18  zeta_y       0.00000e+00   constant   
  19  zeta_vw      0.00000e+00   constant   
  20  T_CBO        5.63395e+01   3.62366e+01  -4.03742e-03  -2.91123e+00
  21  alpha_A0     3.20533e-01   1.11733e+00   2.77547e-02  -3.55879e-02
  22  beta_A0     -2.87063e+00   9.89215e+00  -2.46245e-01   3.58270e-02
  23  alpha_phi   -9.97155e-01   3.33408e+00  -8.34501e-02   2.38586e-02
  24  beta_phi    -1.03988e-02   2.09923e-01  -3.09718e-03  -3.54094e-02
 EXTERNAL ERROR MATRIX.    NDIM=  25    NPAR=  8    ERR DEF=1
  2.556e+06  1.125e-02 -1.655e-01 -1.224e+03  1.818e+01 -4.663e+02 -1.526e+02  3.221e+01 
  1.125e-02  4.661e-07 -1.868e-07  5.230e-03 -1.894e-04  1.526e-03  5.215e-04  1.365e-06 
 -1.655e-01 -1.868e-07  4.532e-06  8.356e-03 -4.073e-04  2.703e-03  9.812e-04 -1.252e-05 
 -1.224e+03  5.230e-03  8.356e-03  1.324e+03 -3.928e+01  3.593e+02  1.210e+02  4.894e+00 
  1.818e+01 -1.894e-04 -4.073e-04 -3.928e+01  1.248e+00 -1.065e+01 -3.628e+00 -1.118e-01 
 -4.663e+02  1.526e-03  2.703e-03  3.593e+02 -1.065e+01  9.785e+01  3.293e+01  1.354e+00 
 -1.526e+02  5.215e-04  9.812e-04  1.210e+02 -3.628e+00  3.293e+01  1.112e+01  4.360e-01 
  3.221e+01  1.365e-06 -1.252e-05  4.894e+00 -1.118e-01  1.354e+00  4.360e-01  4.407e-02 
ERR MATRIX APPROXIMATE
 PARAMETER  CORRELATION COEFFICIENTS  
       NO.  GLOBAL      1      3      4     20     21     22     23     24
        1  0.35696   1.000  0.010 -0.049 -0.021  0.010 -0.029 -0.029  0.096
        3  0.52860   0.010  1.000 -0.128  0.211 -0.248  0.226  0.229  0.010
        4  0.55910  -0.049 -0.128  1.000  0.108 -0.171  0.128  0.138 -0.028
       20  0.99881  -0.021  0.211  0.108  1.000 -0.966  0.998  0.998  0.641
       21  0.99108   0.010 -0.248 -0.171 -0.966  1.000 -0.964 -0.974 -0.477
       22  0.99956  -0.029  0.226  0.128  0.998 -0.964  1.000  0.999  0.652
       23  0.99958  -0.029  0.229  0.138  0.998 -0.974  0.999  1.000  0.623
       24  0.88805   0.096  0.010 -0.028  0.641 -0.477  0.652  0.623  1.000
 ERR MATRIX APPROXIMATE
MINUIT - FIT ONLY 1-CBO + wiggle
 **********
 **   16 **RES 
 **********
                   PARAMETER   16  beta_vw RESTORED TO VARIABLE.
                   PARAMETER   14  alpha_vw RESTORED TO VARIABLE.
                   PARAMETER   13  beta_y RESTORED TO VARIABLE.
                   PARAMETER   11  alpha_y RESTORED TO VARIABLE.
                   PARAMETER   10  beta_2CBO RESTORED TO VARIABLE.
                   PARAMETER    9  alpha_2CBO RESTORED TO VARIABLE.
                   PARAMETER    8  beta_CBO RESTORED TO VARIABLE.
                   PARAMETER    6  alpha_CBO RESTORED TO VARIABLE.
 **********
 **   17 **FIX            8
 **********
 **********
 **   18 **FIX            9
 **********
 **********
 **   19 **FIX           11
 **********
 **********
 **   20 **FIX           12
 **********
 PARAMETER   12  IS CONSTANT.   IGNORED.
 **********
 **   21 **FIX           14
 **********
 **********
 **   22 **FIX           15
 **********
 PARAMETER   15  IS CONSTANT.   IGNORED.
 **********
 **   23 **FIX           16
 **********
 **********
 **   24 **MIGRAD
 **********
 START MIGRAD MINIMIZATION.  STRATEGY  1.  CONVERGENCE WHEN EDM .LT. 1.00e-04
 FCN=80.7411 FROM MIGRAD    STATUS=INITIATE       28 CALLS        1367 TOTAL
                     EDM= unknown      STRATEGY= 1      NO ERROR MATRIX       
  EXT PARAMETER               CURRENT GUESS       STEP         FIRST   
  NO.   NAME      VALUE            ERROR          SIZE      DERIVATIVE 
   1  N0           2.79745e+06   1.59887e+03  -6.24127e+00   3.80937e-06
   2  tau          6.43938e+01   constant   
   3  A0           3.58812e-01   6.82736e-04  -1.46474e-06  -2.75020e+01
   4  phi          4.11313e+00   2.12889e-03  -4.57140e-06  -8.63135e+00
   5  R           -6.25265e+01   constant   
   6  alpha_CBO    0.00000e+00   1.00000e-03   1.00000e-03   2.16284e+03
   7  w_CBO        2.32500e+00   constant   
   8  beta_CBO     0.00000e+00     fixed    
   9  alpha_2CBO   0.00000e+00     fixed    
  10  beta_2CBO    0.00000e+00   1.00000e-03   1.00000e-03   1.29349e+03
  11  alpha_y      0.00000e+00     fixed    
  12  w_y          1.44500e+01   constant   
  13  beta_y       0.00000e+00   1.00000e-03   1.00000e-03   3.93601e+02
  14  alpha_vw     0.00000e+00     fixed    
  15  w_vw         1.29000e+01   constant   
  16  beta_vw      0.00000e+00     fixed    
  17  LM          -3.26799e-04   constant   
  18  zeta_y       0.00000e+00   constant   
  19  zeta_vw      0.00000e+00   constant   
  20  T_CBO        5.63395e+01   3.62366e+01  -4.03742e-03  -2.91125e+00
  21  alpha_A0     3.20533e-01   1.11733e+00   2.77547e-02  -3.55879e-02
  22  beta_A0     -2.87063e+00   9.89215e+00  -2.46245e-01   3.58270e-02
  23  alpha_phi   -9.97155e-01   3.33408e+00  -8.34501e-02   2.38586e-02
  24  beta_phi    -1.03988e-02   2.09923e-01  -3.09718e-03  -3.54094e-02
 MIGRAD MINIMIZATION HAS CONVERGED.
 MIGRAD WILL VERIFY CONVERGENCE AND ERROR MATRIX.
 FCN=79.5727 FROM HESSE     STATUS=NOT POSDEF    100 CALLS        1587 TOTAL
                     EDM=0.00278036    STRATEGY= 1      ERR MATRIX NOT POS-DEF
  EXT PARAMETER                APPROXIMATE        STEP         FIRST   
  NO.   NAME      VALUE            ERROR          SIZE      DERIVATIVE 
   1  N0           2.79752e+06   1.64928e+03   6.53498e+00  -3.84677e-07
   2  tau          6.43938e+01   constant   
   3  A0           3.58862e-01   7.74603e-04   3.28571e-06  -1.82303e+00
   4  phi          4.11353e+00   2.24875e-03   9.43910e-06  -1.59247e-01
   5  R           -6.25265e+01   constant   
   6  alpha_CBO   -7.60356e-04   8.13351e-04   3.45536e-06   4.07595e-01
   7  w_CBO        2.32500e+00   constant   
   8  beta_CBO     0.00000e+00     fixed    
   9  alpha_2CBO   0.00000e+00     fixed    
  10  beta_2CBO   -4.84603e-04   8.05093e-04   3.41834e-06  -1.11469e+00
  11  alpha_y      0.00000e+00     fixed    
  12  w_y          1.44500e+01   constant   
  13  beta_y      -1.36630e-04   7.78130e-04   3.41126e-06   1.21133e+00
  14  alpha_vw     0.00000e+00     fixed    
  15  w_vw         1.29000e+01   constant   
  16  beta_vw      0.00000e+00     fixed    
  17  LM          -3.26799e-04   constant   
  18  zeta_y       0.00000e+00   constant   
  19  zeta_vw      0.00000e+00   constant   
  20  T_CBO        5.62675e+01   5.10541e+01   6.27611e-05   2.50701e-01
  21  alpha_A0     4.83825e-01   2.94990e+00   4.93147e-03   7.78889e-04
  22  beta_A0     -2.81513e+00   1.51661e+01   4.61312e-03   3.12361e-03
  23  alpha_phi   -1.08850e+00   5.93447e+00   4.51884e-03   6.84122e-04
  24  beta_phi     4.17637e-02   1.13512e+00   4.64361e-03  -1.30237e-03
 CALL LIMIT EXCEEDED IN MIGRAD.
 MIGRAD TERMINATED WITHOUT CONVERGENCE.
 FCN=79.4878 FROM MIGRAD    STATUS=CALL LIMIT   1913 CALLS        3252 TOTAL
                     EDM=7.26087e-05    STRATEGY= 1      ERR MATRIX NOT POS-DEF
  EXT PARAMETER                APPROXIMATE        STEP         FIRST   
  NO.   NAME      VALUE            ERROR          SIZE      DERIVATIVE 
   1  N0           2.79754e+06   1.58561e+03   4.50370e+00   3.64195e-06
   2  tau          6.43938e+01   constant   
   3  A0           3.58820e-01   7.70498e-04  -1.89328e-06  -6.87712e+00
   4  phi          4.11342e+00   2.24402e-03  -1.18174e-06  -1.70318e-01
   5  R           -6.25265e+01   constant   
   6  alpha_CBO   -7.60578e-04   8.15469e-04   5.00226e-07   1.49723e+00
   7  w_CBO        2.32500e+00   constant   
   8  beta_CBO     0.00000e+00     fixed    
   9  alpha_2CBO   0.00000e+00     fixed    
  10  beta_2CBO   -4.85824e-04   8.01896e-04  -1.33053e-08  -2.61729e-01
  11  alpha_y      0.00000e+00     fixed    
  12  w_y          1.44500e+01   constant   
  13  beta_y      -1.37879e-04   7.79057e-04   2.94136e-07   1.30714e+00
  14  alpha_vw     0.00000e+00     fixed    
  15  w_vw         1.29000e+01   constant   
  16  beta_vw      0.00000e+00     fixed    
  17  LM          -3.26799e-04   constant   
  18  zeta_y       0.00000e+00   constant   
  19  zeta_vw      0.00000e+00   constant   
  20  T_CBO        3.23352e+01   1.29020e+01  -1.40191e-04  -1.38646e-01
  21  alpha_A0     3.82554e+01   8.90060e+01   2.34771e-01  -9.27263e-04
  22  beta_A0     -2.19832e+02   8.98088e+02  -2.47984e+00  -9.58750e-05
  23  alpha_phi   -8.43168e+01   3.31451e+02  -9.13720e-01   9.16663e-05
  24  beta_phi     3.87514e+00   2.11366e+01   5.78532e-02   5.90961e-05
 EXTERNAL ERROR MATRIX.    NDIM=  25    NPAR= 11    ERR DEF=1
  2.514e+06 
 -7.440e-02  5.937e-07 
 -4.312e-01 -4.796e-08  5.036e-06 
 -2.928e-02 -2.044e-08 -3.651e-07  6.650e-07 
 -3.722e-02 -4.102e-08 -7.410e-09  6.100e-08  6.430e-07 
 -2.621e-02 -9.788e-09 -1.589e-09  1.507e-08  5.322e-10  6.069e-07 
 -6.371e+03  3.066e-03  1.381e-03 -1.012e-03 -5.259e-04 -3.097e-04  1.668e+02 
  4.406e+04 -2.083e-02 -1.252e-02  6.945e-03  3.627e-03  2.223e-03 -1.140e+03  7.922e+03 
 -4.499e+05  2.115e-01  1.187e-01 -7.202e-02 -4.027e-02 -2.118e-02  1.155e+04 -7.949e+04  8.066e+05 
 -1.661e+05  7.803e-02  4.427e-02 -2.659e-02 -1.461e-02 -7.825e-03  4.265e+03 -2.935e+04  2.977e+05  1.099e+05 
  1.093e+04 -5.052e-03 -2.732e-03  1.662e-03  9.747e-04  4.719e-04 -2.712e+02  1.853e+03 -1.892e+04 -6.980e+03  4.468e+02 
ERR MATRIX NOT POS-DEF
 PARAMETER  CORRELATION COEFFICIENTS  
       NO.  GLOBAL      1      3      4      6     10     13     20     21     22     23     24
        1  0.39885   1.000 -0.061 -0.121 -0.023 -0.029 -0.021 -0.311  0.312 -0.316 -0.316  0.326
        3  0.33363  -0.061  1.000 -0.028 -0.033 -0.066 -0.016  0.308 -0.304  0.306  0.306 -0.310
        4  0.29305  -0.121 -0.028  1.000 -0.200 -0.004 -0.001  0.048 -0.063  0.059  0.060 -0.058
        6  0.25552  -0.023 -0.033 -0.200  1.000  0.093  0.024 -0.096  0.096 -0.098 -0.098  0.096
       10  0.24790  -0.029 -0.066 -0.004  0.093  1.000  0.001 -0.051  0.051 -0.056 -0.055  0.058
       13  0.05675  -0.021 -0.016 -0.001  0.024  0.001  1.000 -0.031  0.032 -0.030 -0.030  0.029
       20  0.99662  -0.311  0.308  0.048 -0.096 -0.051 -0.031  1.000 -0.992  0.996  0.996 -0.993
       21  0.99890   0.312 -0.304 -0.063  0.096  0.051  0.032 -0.992  1.000 -0.994 -0.995  0.985
       22  0.99999  -0.316  0.306  0.059 -0.098 -0.056 -0.030  0.996 -0.994  1.000  1.000 -0.997
       23  0.99999  -0.316  0.306  0.060 -0.098 -0.055 -0.030  0.996 -0.995  1.000  1.000 -0.996
       24  0.99866   0.326 -0.310 -0.058  0.096  0.058  0.029 -0.993  0.985 -0.997 -0.996  1.000
 ERR MATRIX NOT POS-DEF
MINUIT - FIT ONLY 2-CBO
 **********
 **   25 **RES 
 **********
                   PARAMETER   16  beta_vw RESTORED TO VARIABLE.
                   PARAMETER   14  alpha_vw RESTORED TO VARIABLE.
                   PARAMETER   11  alpha_y RESTORED TO VARIABLE.
                   PARAMETER    9  alpha_2CBO RESTORED TO VARIABLE.
                   PARAMETER    8  beta_CBO RESTORED TO VARIABLE.
 **********
 **   26 **FIX            0
 **********
 PARAMETER    0  IS UNDEFINED. IGNORED.
 **********
 **   27 **FIX            1
 **********
 **********
 **   28 **FIX            2
 **********
 PARAMETER    2  IS CONSTANT.   IGNORED.
 **********
 **   29 **FIX            3
 **********
 **********
 **   30 **FIX            4
 **********
 **********
 **   31 **FIX            5
 **********
 PARAMETER    5  IS CONSTANT.   IGNORED.
 **********
 **   32 **FIX            6
 **********
 **********
 **   33 **FIX            7
 **********
 PARAMETER    7  IS CONSTANT.   IGNORED.
 **********
 **   34 **FIX           10
 **********
 **********
 **   35 **FIX           11
 **********
 **********
 **   36 **FIX           12
 **********
 PARAMETER   12  IS CONSTANT.   IGNORED.
 **********
 **   37 **FIX           13
 **********
 **********
 **   38 **FIX           14
 **********
 **********
 **   39 **FIX           15
 **********
 PARAMETER   15  IS CONSTANT.   IGNORED.
 **********
 **   40 **FIX           16
 **********
 **********
 **   41 **MIGRAD
 **********
 START MIGRAD MINIMIZATION.  STRATEGY  1.  CONVERGENCE WHEN EDM .LT. 1.00e-04
 FCN=79.4878 FROM MIGRAD    STATUS=INITIATE       18 CALLS        3270 TOTAL
                     EDM= unknown      STRATEGY= 1      NO ERROR MATRIX       
  EXT PARAMETER               CURRENT GUESS       STEP         FIRST   
  NO.   NAME      VALUE            ERROR          SIZE      DERIVATIVE 
   1  N0           2.79754e+06     fixed    
   2  tau          6.43938e+01   constant   
   3  A0           3.58820e-01     fixed    
   4  phi          4.11342e+00     fixed    
   5  R           -6.25265e+01   constant   
   6  alpha_CBO   -7.60578e-04     fixed    
   7  w_CBO        2.32500e+00   constant   
   8  beta_CBO     0.00000e+00   1.00000e-03   1.00000e-03   5.76334e+03
   9  alpha_2CBO   0.00000e+00   1.00000e-03   1.00000e-03   5.38026e+02
  10  beta_2CBO   -4.85824e-04     fixed    
  11  alpha_y      0.00000e+00     fixed    
  12  w_y          1.44500e+01   constant   
  13  beta_y      -1.37879e-04     fixed    
  14  alpha_vw     0.00000e+00     fixed    
  15  w_vw         1.29000e+01   constant   
  16  beta_vw      0.00000e+00     fixed    
  17  LM          -3.26799e-04   constant   
  18  zeta_y       0.00000e+00   constant   
  19  zeta_vw      0.00000e+00   constant   
  20  T_CBO        3.23352e+01   1.29020e+01  -1.40191e-04  -1.38657e-01
  21  alpha_A0     3.82554e+01   8.90060e+01   2.34771e-01  -9.27263e-04
  22  beta_A0     -2.19832e+02   8.98088e+02  -2.47984e+00  -9.58750e-05
  23  alpha_phi   -8.43168e+01   3.31451e+02  -9.13720e-01   9.16663e-05
  24  beta_phi     3.87514e+00   2.11366e+01   5.78532e-02   5.90961e-05
 MIGRAD MINIMIZATION HAS CONVERGED.
 MIGRAD WILL VERIFY CONVERGENCE AND ERROR MATRIX.
 FCN=74.3735 FROM HESSE     STATUS=NOT POSDEF     50 CALLS        3381 TOTAL
                     EDM=0.000387354    STRATEGY= 1      ERR MATRIX NOT POS-DEF
  EXT PARAMETER                APPROXIMATE        STEP         FIRST   
  NO.   NAME      VALUE            ERROR          SIZE      DERIVATIVE 
   1  N0           2.79754e+06     fixed    
   2  tau          6.43938e+01   constant   
   3  A0           3.58820e-01     fixed    
   4  phi          4.11342e+00     fixed    
   5  R           -6.25265e+01   constant   
   6  alpha_CBO   -7.60578e-04     fixed    
   7  w_CBO        2.32500e+00   constant   
   8  beta_CBO    -1.76222e-03   7.82135e-04   3.27201e-06   1.12371e-01
   9  alpha_2CBO  -1.23197e-04   7.97517e-04   3.30669e-06   1.02672e+00
  10  beta_2CBO   -4.85824e-04     fixed    
  11  alpha_y      0.00000e+00     fixed    
  12  w_y          1.44500e+01   constant   
  13  beta_y      -1.37879e-04     fixed    
  14  alpha_vw     0.00000e+00     fixed    
  15  w_vw         1.29000e+01   constant   
  16  beta_vw      0.00000e+00     fixed    
  17  LM          -3.26799e-04   constant   
  18  zeta_y       0.00000e+00   constant   
  19  zeta_vw      0.00000e+00   constant   
  20  T_CBO        3.21351e+01   1.88761e+01   2.92329e-05   1.99430e-01
  21  alpha_A0     4.40077e+01   2.90270e+02   3.91269e-01  -1.13321e-05
  22  beta_A0     -2.03068e+02   1.23088e+03   3.69050e-01   9.17006e-06
  23  alpha_phi   -8.39067e+01   5.12446e+02   3.58539e-01   6.36048e-06
  24  beta_phi     1.24133e+01   1.15912e+02   3.66789e-01  -4.49566e-06
 MIGRAD MINIMIZATION HAS CONVERGED.
 MIGRAD WILL VERIFY CONVERGENCE AND ERROR MATRIX.
 MIGRAD TERMINATED WITHOUT CONVERGENCE.
 FCN=74.3578 FROM MIGRAD    STATUS=FAILED        953 CALLS        4205 TOTAL
                     EDM=0.00158169    STRATEGY= 1      ERR MATRIX NOT POS-DEF
  EXT PARAMETER                APPROXIMATE        STEP         FIRST   
  NO.   NAME      VALUE            ERROR          SIZE      DERIVATIVE 
   1  N0           2.79754e+06     fixed    
   2  tau          6.43938e+01   constant   
   3  A0           3.58820e-01     fixed    
   4  phi          4.11342e+00     fixed    
   5  R           -6.25265e+01   constant   
   6  alpha_CBO   -7.60578e-04     fixed    
   7  w_CBO        2.32500e+00   constant   
   8  beta_CBO    -1.75652e-03   7.82561e-04   3.27165e-06  -2.19505e+00
   9  alpha_2CBO  -1.21055e-04   7.97855e-04   3.30633e-06  -2.34260e+00
  10  beta_2CBO   -4.85824e-04     fixed    
  11  alpha_y      0.00000e+00     fixed    
  12  w_y          1.44500e+01   constant   
  13  beta_y      -1.37879e-04     fixed    
  14  alpha_vw     0.00000e+00     fixed    
  15  w_vw         1.29000e+01   constant   
  16  beta_vw      0.00000e+00     fixed    
  17  LM          -3.26799e-04   constant   
  18  zeta_y       0.00000e+00   constant   
  19  zeta_vw      0.00000e+00   constant   
  20  T_CBO        2.52691e+01   1.16822e+01   2.06719e-05  -6.68664e-01
  21  alpha_A0     7.47110e+02   4.75291e+03   5.53069e+00  -2.26020e-05
  22  beta_A0     -3.32429e+03   2.01235e+04   5.25475e+00   2.58820e-06
  23  alpha_phi   -1.38028e+03   8.49165e+03   5.08980e+00  -1.19863e-05
  24  beta_phi     1.69609e+02   1.67801e+03   5.18719e+00  -2.39837e-05
 EXTERNAL ERROR MATRIX.    NDIM=  25    NPAR=  7    ERR DEF=1
  6.124e-07 -1.784e-08 -1.054e-04  6.188e-02 -3.665e-01 -1.127e-01 -2.478e-02 
 -1.784e-08  6.366e-07 -2.324e-04 -8.547e-02 -3.258e-01 -1.830e-01 -1.464e-01 
 -1.054e-04 -2.324e-04  1.367e+02 -5.263e+04  2.347e+05  9.797e+04 -1.045e+04 
  6.188e-02 -8.547e-02 -5.263e+04  2.259e+07 -9.049e+07 -3.788e+07  4.016e+06 
 -3.665e-01 -3.258e-01  2.347e+05 -9.049e+07  4.050e+08  1.681e+08 -1.791e+07 
 -1.127e-01 -1.830e-01  9.797e+04 -3.788e+07  1.681e+08  7.211e+07 -7.456e+06 
 -2.478e-02 -1.464e-01 -1.045e+04  4.016e+06 -1.791e+07 -7.456e+06  2.816e+06 
ERR MATRIX NOT POS-DEF
 PARAMETER  CORRELATION COEFFICIENTS  
       NO.  GLOBAL      8      9     20     21     22     23     24
        8  0.17185   1.000 -0.029 -0.012  0.017 -0.023 -0.017 -0.019
        9  0.21559  -0.029  1.000 -0.025 -0.023 -0.020 -0.027 -0.109
       20  0.99793  -0.012 -0.025  1.000 -0.947  0.997  0.987 -0.532
       21  0.94876   0.017 -0.023 -0.947  1.000 -0.946 -0.939  0.504
       22  0.99749  -0.023 -0.020  0.997 -0.946  1.000  0.984 -0.531
       23  0.98677  -0.017 -0.027  0.987 -0.939  0.984  1.000 -0.523
       24  0.54767  -0.019 -0.109 -0.532  0.504 -0.531 -0.523  1.000
 ERR MATRIX NOT POS-DEF
MINUIT - FIT wiggle + 1-CBO + 2-CBO
 **********
 **   42 **RES 
 **********
                   PARAMETER   16  beta_vw RESTORED TO VARIABLE.
                   PARAMETER   14  alpha_vw RESTORED TO VARIABLE.
                   PARAMETER   13  beta_y RESTORED TO VARIABLE.
                   PARAMETER   11  alpha_y RESTORED TO VARIABLE.
                   PARAMETER   10  beta_2CBO RESTORED TO VARIABLE.
                   PARAMETER    6  alpha_CBO RESTORED TO VARIABLE.
                   PARAMETER    4  phi RESTORED TO VARIABLE.
                   PARAMETER    3  A0 RESTORED TO VARIABLE.
                   PARAMETER    1  N0 RESTORED TO VARIABLE.
 **********
 **   43 **FIX           10
 **********
 **********
 **   44 **FIX           11
 **********
 **********
 **   45 **FIX           12
 **********
 PARAMETER   12  IS CONSTANT.   IGNORED.
 **********
 **   46 **FIX           13
 **********
 **********
 **   47 **FIX           14
 **********
 **********
 **   48 **FIX           15
 **********
 PARAMETER   15  IS CONSTANT.   IGNORED.
 **********
 **   49 **FIX           16
 **********
 **********
 **   50 **MIGRAD
 **********
 START MIGRAD MINIMIZATION.  STRATEGY  1.  CONVERGENCE WHEN EDM .LT. 1.00e-04
 FCN=74.3578 FROM MIGRAD    STATUS=INITIATE       22 CALLS        4227 TOTAL
                     EDM= unknown      STRATEGY= 1      NO ERROR MATRIX       
  EXT PARAMETER               CURRENT GUESS       STEP         FIRST   
  NO.   NAME      VALUE            ERROR          SIZE      DERIVATIVE 
   1  N0           2.79754e+06   1.58561e+03   1.58561e+03   2.52945e-04
   2  tau          6.43938e+01   constant   
   3  A0           3.58820e-01   7.70498e-04   7.70498e-04   1.41580e+03
   4  phi          4.11342e+00   2.24402e-03   2.24402e-03  -1.39662e+02
   5  R           -6.25265e+01   constant   
   6  alpha_CBO   -7.60578e-04   8.15469e-04   8.15469e-04  -1.96814e+02
   7  w_CBO        2.32500e+00   constant   
   8  beta_CBO    -1.75652e-03   7.82561e-04   3.27165e-06  -2.19505e+00
   9  alpha_2CBO  -1.21055e-04   7.97855e-04   3.30633e-06  -2.34260e+00
  10  beta_2CBO   -4.85824e-04     fixed    
  11  alpha_y      0.00000e+00     fixed    
  12  w_y          1.44500e+01   constant   
  13  beta_y      -1.37879e-04     fixed    
  14  alpha_vw     0.00000e+00     fixed    
  15  w_vw         1.29000e+01   constant   
  16  beta_vw      0.00000e+00     fixed    
  17  LM          -3.26799e-04   constant   
  18  zeta_y       0.00000e+00   constant   
  19  zeta_vw      0.00000e+00   constant   
  20  T_CBO        2.52691e+01   1.16822e+01   2.06719e-05  -6.67432e-01
  21  alpha_A0     7.47110e+02   4.75291e+03   5.53069e+00  -2.26020e-05
  22  beta_A0     -3.32429e+03   2.01235e+04   5.25475e+00   2.58819e-06
  23  alpha_phi   -1.38028e+03   8.49165e+03   5.08980e+00  -1.19863e-05
  24  beta_phi     1.69609e+02   1.67801e+03   5.18719e+00  -2.39837e-05
 MIGRAD MINIMIZATION HAS CONVERGED.
 MIGRAD WILL VERIFY CONVERGENCE AND ERROR MATRIX.
 FCN=73.9689 FROM HESSE     STATUS=NOT POSDEF    100 CALLS        4445 TOTAL
                     EDM=0.00126687    STRATEGY= 1      ERR MATRIX NOT POS-DEF
  EXT PARAMETER                APPROXIMATE        STEP         FIRST   
  NO.   NAME      VALUE            ERROR          SIZE      DERIVATIVE 
   1  N0           2.79724e+06   1.65151e+03   6.30303e+00  -5.94525e-07
   2  tau          6.43938e+01   constant   
   3  A0           3.58377e-01   7.95967e-04   3.16949e-06   3.91138e-01
   4  phi          4.11388e+00   2.27721e-03   9.11929e-06   9.79471e-02
   5  R           -6.25265e+01   constant   
   6  alpha_CBO   -7.07862e-04   8.11377e-04   3.33341e-06  -2.46106e+00
   7  w_CBO        2.32500e+00   constant   
   8  beta_CBO    -1.89015e-03   8.11540e-04   3.26356e-06   2.49994e-01
   9  alpha_2CBO  -1.12776e-04   7.99899e-04   3.29815e-06   1.49826e+00
  10  beta_2CBO   -4.85824e-04     fixed    
  11  alpha_y      0.00000e+00     fixed    
  12  w_y          1.44500e+01   constant   
  13  beta_y      -1.37879e-04     fixed    
  14  alpha_vw     0.00000e+00     fixed    
  15  w_vw         1.29000e+01   constant   
  16  beta_vw      0.00000e+00     fixed    
  17  LM          -3.26799e-04   constant   
  18  zeta_y       0.00000e+00   constant   
  19  zeta_vw      0.00000e+00   constant   
  20  T_CBO        2.52327e+01   1.19081e+01   2.08645e-05   5.03406e-01
  21  alpha_A0     6.53628e+02   4.46867e+03   6.26624e+00  -5.76555e-07
  22  beta_A0     -3.30687e+03   2.04885e+04   5.95957e+00   1.36129e-06
  23  alpha_phi   -1.31852e+03   8.26473e+03   5.77651e+00   3.40084e-07
  24  beta_phi     2.62873e+02   2.25029e+03   5.88536e+00   9.88501e-08
 CALL LIMIT EXCEEDED IN MIGRAD.
 MIGRAD TERMINATED WITHOUT CONVERGENCE.
 FCN=73.9139 FROM MIGRAD    STATUS=CALL LIMIT   1910 CALLS        6115 TOTAL
                     EDM=0.00173694    STRATEGY= 1      ERR MATRIX NOT POS-DEF
  EXT PARAMETER                APPROXIMATE        STEP         FIRST   
  NO.   NAME      VALUE            ERROR          SIZE      DERIVATIVE 
   1  N0           2.79727e+06   1.57890e+03  -2.03336e-01   5.69981e-06
   2  tau          6.43938e+01   constant   
   3  A0           3.58333e-01   7.74391e-04  -4.19126e-07  -7.45541e+00
   4  phi          4.11378e+00   2.27277e-03  -1.42654e-06  -2.63023e+00
   5  R           -6.25265e+01   constant   
   6  alpha_CBO   -7.09736e-04   8.13009e-04  -1.66023e-07  -3.07069e+00
   7  w_CBO        2.32500e+00   constant   
   8  beta_CBO    -1.88446e-03   8.10651e-04   1.77038e-07   1.02834e+01
   9  alpha_2CBO  -1.13913e-04   7.99373e-04  -1.91778e-08  -2.00105e+00
  10  beta_2CBO   -4.85824e-04     fixed    
  11  alpha_y      0.00000e+00     fixed    
  12  w_y          1.44500e+01   constant   
  13  beta_y      -1.37879e-04     fixed    
  14  alpha_vw     0.00000e+00     fixed    
  15  w_vw         1.29000e+01   constant   
  16  beta_vw      0.00000e+00     fixed    
  17  LM          -3.26799e-04   constant   
  18  zeta_y       0.00000e+00   constant   
  19  zeta_vw      0.00000e+00   constant   
  20  T_CBO        1.82175e+01   4.15321e+00  -5.52543e-04  -1.47738e+01
  21  alpha_A0     1.03839e+05   4.07111e+05   7.08507e+03  -2.58984e-07
  22  beta_A0     -5.10014e+05   1.97661e+06  -3.44053e+04   1.91680e-07
  23  alpha_phi   -2.06322e+05   7.97020e+05  -1.38742e+04   1.23961e-08
  24  beta_phi     4.47058e+04   1.74359e+05   3.03470e+03   1.27002e-07
 EXTERNAL ERROR MATRIX.    NDIM=  25    NPAR= 11    ERR DEF=1
  2.493e+06 
 -2.533e-02  5.997e-07 
 -4.856e-01 -8.933e-08  5.165e-06 
 -4.975e-02 -1.053e-08 -3.603e-07  6.610e-07 
  1.177e-01  1.411e-07 -1.943e-07 -1.813e-08  6.572e-07 
  1.766e-02 -9.443e-09  1.153e-07 -2.635e-08 -2.170e-08  6.390e-07 
 -3.011e+02  2.672e-04  6.059e-05  7.650e-05  3.877e-05 -7.171e-05  1.725e+01 
  4.184e+07 -2.761e+01 -2.133e+01 -8.658e+00  2.496e+00  5.240e+00 -1.687e+06  1.657e+11 
 -2.057e+08  1.351e+02  1.033e+02  4.140e+01 -1.203e+01 -2.620e+01  8.189e+06 -8.047e+11  3.907e+12 
 -8.292e+07  5.442e+01  4.206e+01  1.663e+01 -4.833e+00 -1.059e+01  3.302e+06 -3.245e+11  1.575e+12  6.352e+11 
  1.869e+07 -1.211e+01 -9.101e+00 -3.690e+00  9.881e-01  2.157e+00 -7.223e+05  7.098e+10 -3.446e+11 -1.390e+11  3.040e+10 
ERR MATRIX NOT POS-DEF
 PARAMETER  CORRELATION COEFFICIENTS  
       NO.  GLOBAL      1      3      4      6      8      9     20     21     22     23     24
        1  0.43193   1.000 -0.021 -0.135 -0.039  0.092  0.014 -0.046  0.065 -0.066 -0.066  0.068
        3  0.36167  -0.021  1.000 -0.051 -0.017  0.225 -0.015  0.083 -0.088  0.088  0.088 -0.090
        4  0.35287  -0.135 -0.051  1.000 -0.195 -0.105  0.063  0.006 -0.023  0.023  0.023 -0.023
        6  0.25283  -0.039 -0.017 -0.195  1.000 -0.028 -0.041  0.023 -0.026  0.026  0.026 -0.026
        8  0.36636   0.092  0.225 -0.105 -0.028  1.000 -0.033  0.012  0.008 -0.008 -0.007  0.007
        9  0.21080   0.014 -0.015  0.063 -0.041 -0.033  1.000 -0.022  0.016 -0.017 -0.017  0.015
       20  0.99794  -0.046  0.083  0.006  0.023  0.012 -0.022  1.000 -0.997  0.997  0.997 -0.997
       21  0.99999   0.065 -0.088 -0.023 -0.026  0.008  0.016 -0.997  1.000 -1.000 -1.000  1.000
       22  1.00000  -0.066  0.088  0.023  0.026 -0.008 -0.017  0.997 -1.000  1.000  1.000 -1.000
       23  1.00000  -0.066  0.088  0.023  0.026 -0.007 -0.017  0.997 -1.000  1.000  1.000 -1.000
       24  0.99997   0.068 -0.090 -0.023 -0.026  0.007  0.015 -0.997  1.000 -1.000 -1.000  1.000
 ERR MATRIX NOT POS-DEF
MINUIT - FIT ONLY 1-y
 **********
 **   51 **RES 
 **********
                   PARAMETER   16  beta_vw RESTORED TO VARIABLE.
                   PARAMETER   14  alpha_vw RESTORED TO VARIABLE.
                   PARAMETER   13  beta_y RESTORED TO VARIABLE.
                   PARAMETER   11  alpha_y RESTORED TO VARIABLE.
                   PARAMETER   10  beta_2CBO RESTORED TO VARIABLE.
 **********
 **   52 **FIX            0
 **********
 PARAMETER    0  IS UNDEFINED. IGNORED.
 **********
 **   53 **FIX            1
 **********
 **********
 **   54 **FIX            2
 **********
 PARAMETER    2  IS CONSTANT.   IGNORED.
 **********
 **   55 **FIX            3
 **********
 **********
 **   56 **FIX            4
 **********
 **********
 **   57 **FIX            5
 **********
 PARAMETER    5  IS CONSTANT.   IGNORED.
 **********
 **   58 **FIX            6
 **********
 **********
 **   59 **FIX            7
 **********
 PARAMETER    7  IS CONSTANT.   IGNORED.
 **********
 **   60 **FIX            8
 **********
 **********
 **   61 **FIX            9
 **********
 **********
 **   62 **FIX           13
 **********
 **********
 **   63 **FIX           14
 **********
 **********
 **   64 **FIX           15
 **********
 PARAMETER   15  IS CONSTANT.   IGNORED.
 **********
 **   65 **FIX           16
 **********
 **********
 **   66 **MIGRAD
 **********
 START MIGRAD MINIMIZATION.  STRATEGY  1.  CONVERGENCE WHEN EDM .LT. 1.00e-04
 FCN=73.9139 FROM MIGRAD    STATUS=INITIATE       16 CALLS        6131 TOTAL
                     EDM= unknown      STRATEGY= 1      NO ERROR MATRIX       
  EXT PARAMETER               CURRENT GUESS       STEP         FIRST   
  NO.   NAME      VALUE            ERROR          SIZE      DERIVATIVE 
   1  N0           2.79727e+06     fixed    
   2  tau          6.43938e+01   constant   
   3  A0           3.58333e-01     fixed    
   4  phi          4.11378e+00     fixed    
   5  R           -6.25265e+01   constant   
   6  alpha_CBO   -7.09736e-04     fixed    
   7  w_CBO        2.32500e+00   constant   
   8  beta_CBO    -1.88446e-03     fixed    
   9  alpha_2CBO  -1.13913e-04     fixed    
  10  beta_2CBO   -4.85824e-04   8.01896e-04   8.01896e-04  -2.22177e+02
  11  alpha_y      0.00000e+00   1.00000e-03   1.00000e-03  -3.67229e+03
  12  w_y          1.44500e+01   constant   
  13  beta_y      -1.37879e-04     fixed    
  14  alpha_vw     0.00000e+00     fixed    
  15  w_vw         1.29000e+01   constant   
  16  beta_vw      0.00000e+00     fixed    
  17  LM          -3.26799e-04   constant   
  18  zeta_y       0.00000e+00   constant   
  19  zeta_vw      0.00000e+00   constant   
  20  T_CBO        1.82175e+01   4.15321e+00  -5.52543e-04  -1.47738e+01
  21  alpha_A0     1.03839e+05   4.07111e+05   7.08507e+03  -2.58983e-07
  22  beta_A0     -5.10014e+05   1.97661e+06  -3.44053e+04   1.91680e-07
  23  alpha_phi   -2.06322e+05   7.97020e+05  -1.38742e+04   1.23961e-08
  24  beta_phi     4.47058e+04   1.74359e+05   3.03470e+03   1.27002e-07
 MIGRAD MINIMIZATION HAS CONVERGED.
 MIGRAD WILL VERIFY CONVERGENCE AND ERROR MATRIX.
 FCN=71.8459 FROM HESSE     STATUS=NOT POSDEF     50 CALLS        6227 TOTAL
                     EDM=0.00163857    STRATEGY= 1      ERR MATRIX NOT POS-DEF
  EXT PARAMETER                APPROXIMATE        STEP         FIRST   
  NO.   NAME      VALUE            ERROR          SIZE      DERIVATIVE 
   1  N0           2.79727e+06     fixed    
   2  tau          6.43938e+01   constant   
   3  A0           3.58333e-01     fixed    
   4  phi          4.11378e+00     fixed    
   5  R           -6.25265e+01   constant   
   6  alpha_CBO   -7.09736e-04     fixed    
   7  w_CBO        2.32500e+00   constant   
   8  beta_CBO    -1.88446e-03     fixed    
   9  alpha_2CBO  -1.13913e-04     fixed    
  10  beta_2CBO   -4.21972e-04   8.02012e-04   3.25071e-06  -1.53446e+00
  11  alpha_y      1.12171e-03   7.81008e-04   3.25786e-06   1.19601e-02
  12  w_y          1.44500e+01   constant   
  13  beta_y      -1.37879e-04     fixed    
  14  alpha_vw     0.00000e+00     fixed    
  15  w_vw         1.29000e+01   constant   
  16  beta_vw      0.00000e+00     fixed    
  17  LM          -3.26799e-04   constant   
  18  zeta_y       0.00000e+00   constant   
  19  zeta_vw      0.00000e+00   constant   
  20  T_CBO        1.82187e+01   6.32999e+00   1.25459e-05   9.12973e-01
  21  alpha_A0     1.08216e+05   7.25852e+05   2.41333e+01  -6.19409e-09
  22  beta_A0     -5.12449e+05   3.22391e+06   2.41326e+01   7.29235e-09
  23  alpha_phi   -2.05232e+05   1.31320e+06   2.41319e+01   7.02982e-09
  24  beta_phi     3.90660e+04   3.27732e+05   2.41321e+01  -3.64837e-09
 CALL LIMIT EXCEEDED IN MIGRAD.
 MIGRAD TERMINATED WITHOUT CONVERGENCE.
 FCN=71.8013 FROM MIGRAD    STATUS=CALL LIMIT   1147 CALLS        7262 TOTAL
                     EDM=4.36526e-05    STRATEGY= 1      ERR MATRIX NOT POS-DEF
  EXT PARAMETER                APPROXIMATE        STEP         FIRST   
  NO.   NAME      VALUE            ERROR          SIZE      DERIVATIVE 
   1  N0           2.79727e+06     fixed    
   2  tau          6.43938e+01   constant   
   3  A0           3.58333e-01     fixed    
   4  phi          4.11378e+00     fixed    
   5  R           -6.25265e+01   constant   
   6  alpha_CBO   -7.09736e-04     fixed    
   7  w_CBO        2.32500e+00   constant   
   8  beta_CBO    -1.88446e-03     fixed    
   9  alpha_2CBO  -1.13913e-04     fixed    
  10  beta_2CBO   -4.21721e-04   6.51989e-04   1.35215e-07   1.00439e+01
  11  alpha_y      1.12326e-03   7.80678e-04  -9.13430e-09  -4.45306e-01
  12  w_y          1.44500e+01   constant   
  13  beta_y      -1.37879e-04     fixed    
  14  alpha_vw     0.00000e+00     fixed    
  15  w_vw         1.29000e+01   constant   
  16  beta_vw      0.00000e+00     fixed    
  17  LM          -3.26799e-04   constant   
  18  zeta_y       0.00000e+00   constant   
  19  zeta_vw      0.00000e+00   constant   
  20  T_CBO        1.48531e+01   5.42231e+00  -1.64170e-04  -1.33079e+00
  21  alpha_A0     7.91000e+06   7.24423e+07   2.54681e+05   7.76859e-09
  22  beta_A0     -3.11807e+07   2.39066e+08  -8.42597e+05   7.29075e-10
  23  alpha_phi   -1.21700e+07   9.57996e+07  -3.37137e+05   5.25765e-09
  24  beta_phi     2.50724e+06   2.13780e+07   7.52634e+04   2.42353e-09
 EXTERNAL ERROR MATRIX.    NDIM=  25    NPAR=  7    ERR DEF=1
  4.251e-07  6.218e-09 -3.999e-04  5.538e+03 -1.889e+04 -7.538e+03  1.647e+03 
  6.218e-09  6.095e-07  2.088e-05 -3.175e+02  1.068e+03  4.267e+02 -9.493e+01 
 -3.999e-04  2.088e-05  2.942e+01 -3.926e+08  1.296e+09  5.192e+08 -1.159e+08 
  5.538e+03 -3.175e+02 -3.926e+08  5.248e+15 -1.732e+16 -6.940e+15  1.549e+15 
 -1.889e+04  1.068e+03  1.296e+09 -1.732e+16  5.715e+16  2.290e+16 -5.110e+15 
