 + ++++++++++++++++++++++++++++++++++++++++++++++++++++++++++++++++++++ +
 +                                                                      +
 +           You have chose to blind your fitting according to          +
 +                omega_ref * (1 + (R +/- deltaR) *10^{-6})             +
 +                                                                      +
 + ++++++++++++++++++++++++++++++++++++++++++++++++++++++++++++++++++++ +
In main()...
reading format from /gm2data/zkhechad/run45/envelope/formats/formatB_sBin_constraintOn.txt
pBinTau 	= 0  
pBinPhi 	= 0  
constraintau 	= 1 
includeMopTerm 	= 0    
constrainMop    = 0   
Parameters after format file: pBinTau 0 pBinPhi 0 constraintau 1 includeMopTerm 0 constrainMop 0 c_e_scale 0.000000 
Opening file /gm2data/tbarrett/gm2fr/studies/run23_bunch_corrections/CorrectedFourier_Run3b.root.
reading full fit data from /gm2data/zkhechad/cboTemplates/Run4CBOTemplates/fullFits/noRF/sBin_constraintOn_cE0.0_seed0_noRF_calo10.root
windowBins = 69
fitting sliding window 560 from bin 696 at 103.694000 to bin 765 at 114.138000 (69 bins)

Reading data from /gm2data/cornell/histograms/aMethod/histogram_a_noRF.root
 **********
 **    1 **SET PRINTOUT            1
 **********
 **********
 **    2 **SET NOWARNINGS 
 **********
 PARAMETER DEFINITIONS:
    NO.   NAME         VALUE      STEP SIZE      LIMITS
     1 N0           3.07359e+06  1.00000e+02     no limits
     2 tau          6.44052e+01  constant
     3 A0           3.48563e-01  1.00000e-04     no limits
     4 phi          4.11545e+00  1.00000e-02     no limits
     5 R           -6.12271e+01  constant
     6 alpha_CBO    0.00000e+00  1.00000e-03     no limits
     7 w_CBO        2.32500e+00  constant
     8 beta_CBO     0.00000e+00  1.00000e-03     no limits
     9 alpha_2CBO   0.00000e+00  1.00000e-03     no limits
    10 beta_2CBO    0.00000e+00  1.00000e-03     no limits
    11 alpha_y      0.00000e+00  1.00000e-03     no limits
    12 w_y          1.38860e+01  constant
    13 beta_y       0.00000e+00  1.00000e-03     no limits
    14 alpha_vw     0.00000e+00  1.00000e-03     no limits
    15 w_vw         1.43404e+01  constant
    16 beta_vw      0.00000e+00  1.00000e-03     no limits
    17 LM           5.13638e-05  constant
    18 zeta_y       0.00000e+00  constant
    19 zeta_vw      0.00000e+00  constant
    20 T_CBO        1.00000e+02  1.00000e+00    0.00000e+00  1.00000e+03
    21 alpha_A0     0.00000e+00  1.00000e-04   -1.00000e-02  1.00000e-02
    22 beta_A0      0.00000e+00  1.00000e-04   -1.00000e-02  1.00000e-02
    23 alpha_phi    0.00000e+00  1.00000e-04   -1.00000e-02  1.00000e-02
    24 beta_phi     0.00000e+00  1.00000e-04   -1.00000e-02  1.00000e-02
MINUIT - FIT ONLY WIGGLE
 **********
 **    3 **FIX            5
 **********
 PARAMETER    5  IS CONSTANT.   IGNORED.
 **********
 **    4 **FIX            6
 **********
 **********
 **    5 **FIX            7
 **********
 PARAMETER    7  IS CONSTANT.   IGNORED.
 **********
 **    6 **FIX            8
 **********
 **********
 **    7 **FIX            9
 **********
 **********
 **    8 **FIX           10
 **********
 **********
 **    9 **FIX           11
 **********
 **********
 **   10 **FIX           12
 **********
 PARAMETER   12  IS CONSTANT.   IGNORED.
 **********
 **   11 **FIX           13
 **********
 **********
 **   12 **FIX           14
 **********
 **********
 **   13 **FIX           15
 **********
 PARAMETER   15  IS CONSTANT.   IGNORED.
 **********
 **   14 **FIX           16
 **********
 **********
 **   15 **MIGRAD
 **********
 FIRST CALL TO USER FUNCTION AT NEW START POINT, WITH IFLAG=4.
 START MIGRAD MINIMIZATION.  STRATEGY  1.  CONVERGENCE WHEN EDM .LT. 1.00e-04
 FCN=1629.19 FROM MIGRAD    STATUS=INITIATE      435 CALLS         436 TOTAL
                     EDM= unknown      STRATEGY= 1      NO ERROR MATRIX       
  EXT PARAMETER               CURRENT GUESS       STEP         FIRST   
  NO.   NAME      VALUE            ERROR          SIZE      DERIVATIVE 
   1  N0           3.07359e+06   1.00000e+02   0.00000e+00   1.70985e-02
   2  tau          6.44052e+01   constant   
   3  A0           3.48563e-01   1.00000e-04   0.00000e+00   1.20200e+05
   4  phi          4.11545e+00   1.00000e-02   0.00000e+00   1.41310e+03
   5  R           -6.12271e+01   constant   
   6  alpha_CBO    0.00000e+00     fixed    
   7  w_CBO        2.32500e+00   constant   
   8  beta_CBO     0.00000e+00     fixed    
   9  alpha_2CBO   0.00000e+00     fixed    
  10  beta_2CBO    0.00000e+00     fixed    
  11  alpha_y      0.00000e+00     fixed    
  12  w_y          1.38860e+01   constant   
  13  beta_y       0.00000e+00     fixed    
  14  alpha_vw     0.00000e+00     fixed    
  15  w_vw         1.43404e+01   constant   
  16  beta_vw      0.00000e+00     fixed    
  17  LM           5.13638e-05   constant   
  18  zeta_y       0.00000e+00   constant   
  19  zeta_vw      0.00000e+00   constant   
  20  T_CBO        1.00000e+02   1.00000e+00   0.00000e+00   0.00000e+00
  21  alpha_A0     0.00000e+00   1.00000e-04   0.00000e+00  -1.07797e+02
  22  beta_A0      0.00000e+00   1.00000e-04   0.00000e+00   1.74228e+00
  23  alpha_phi    0.00000e+00   1.00000e-04   0.00000e+00  -5.59889e+01
  24  beta_phi     0.00000e+00   1.00000e-04   0.00000e+00   1.48172e+00
 MIGRAD MINIMIZATION HAS CONVERGED.
 FCN=1441.72 FROM MIGRAD    STATUS=CONVERGED     670 CALLS         671 TOTAL
                     EDM=2.61486e-06    STRATEGY= 1  ERROR MATRIX UNCERTAINTY   1.1 per cent
  EXT PARAMETER                                   STEP         FIRST   
  NO.   NAME      VALUE            ERROR          SIZE      DERIVATIVE 
   1  N0           3.07305e+06   3.20507e+02  -3.50568e-01  -2.33485e-06
   2  tau          6.44052e+01   constant   
   3  A0           3.47304e-01   1.33144e-04   1.68208e-07  -5.11032e+00
   4  phi          4.11515e+00   3.81638e-04  -1.44054e-07  -6.67523e+00
   5  R           -6.12271e+01   constant   
   6  alpha_CBO    0.00000e+00     fixed    
   7  w_CBO        2.32500e+00   constant   
   8  beta_CBO     0.00000e+00     fixed    
   9  alpha_2CBO   0.00000e+00     fixed    
  10  beta_2CBO    0.00000e+00     fixed    
  11  alpha_y      0.00000e+00     fixed    
  12  w_y          1.38860e+01   constant   
  13  beta_y       0.00000e+00     fixed    
  14  alpha_vw     0.00000e+00     fixed    
  15  w_vw         1.43404e+01   constant   
  16  beta_vw      0.00000e+00     fixed    
  17  LM           5.13638e-05   constant   
  18  zeta_y       0.00000e+00   constant   
  19  zeta_vw      0.00000e+00   constant   
  20  T_CBO        1.60329e+02   2.47407e+01  -1.88488e-04  -1.95696e-02
  21  alpha_A0     1.00000e-02   1.25508e-02  -5.76543e-03** at limit **
  22  beta_A0     -4.84117e-05   1.05297e-03  -4.89106e-05  -9.93948e-04
  23  alpha_phi    6.03857e-03   1.14025e-03   3.12150e-05   7.88131e-04
  24  beta_phi    -2.97676e-03   1.13351e-03  -1.62132e-04  -1.45696e-03
 EXTERNAL ERROR MATRIX.    NDIM=  25    NPAR=  8    ERR DEF=1
  1.027e+05  2.625e-03 -2.405e-02  3.547e+02  1.829e-05  6.402e-02  6.534e-02 -4.065e-04 
  2.625e-03  1.773e-08  2.303e-09 -1.886e-04 -7.727e-12 -8.399e-10 -1.382e-08  2.744e-08 
 -2.405e-02  2.303e-09  1.456e-07 -6.973e-04  2.001e-11 -2.364e-08 -1.163e-08 -8.036e-09 
  3.547e+02 -1.886e-04 -6.973e-04  6.130e+02  1.105e-05  1.026e-03 -1.276e-02  6.009e-03 
  1.829e-05 -7.727e-12  2.001e-11  1.105e-05  5.196e-11  2.555e-11 -2.388e-10  1.572e-10 
  6.402e-02 -8.399e-10 -2.364e-08  1.026e-03  2.555e-11  1.113e-06  3.741e-09  9.787e-10 
  6.534e-02 -1.382e-08 -1.163e-08 -1.276e-02 -2.388e-10  3.741e-09  1.309e-06 -2.519e-07 
 -4.065e-04  2.744e-08 -8.036e-09  6.009e-03  1.572e-10  9.787e-10 -2.519e-07  1.291e-06 
 PARAMETER  CORRELATION COEFFICIENTS  
       NO.  GLOBAL      1      3      4     20     21     22     23     24
        1  0.35140   1.000  0.062 -0.197  0.045  0.008  0.189  0.178 -0.001
        3  0.25712   0.062  1.000  0.045 -0.057 -0.008 -0.006 -0.091  0.181
        4  0.21661  -0.197  0.045  1.000 -0.074  0.007 -0.059 -0.027 -0.019
       20  0.50636   0.045 -0.057 -0.074  1.000  0.062  0.039 -0.450  0.214
       21  0.06425   0.008 -0.008  0.007  0.062  1.000  0.003 -0.029  0.019
       22  0.19474   0.189 -0.006 -0.059  0.039  0.003  1.000  0.003  0.001
       23  0.51475   0.178 -0.091 -0.027 -0.450 -0.029  0.003  1.000 -0.194
       24  0.30131  -0.001  0.181 -0.019  0.214  0.019  0.001 -0.194  1.000
MINUIT - FIT ONLY 1-CBO + wiggle
 **********
 **   16 **RES 
 **********
                   PARAMETER   16  beta_vw RESTORED TO VARIABLE.
                   PARAMETER   14  alpha_vw RESTORED TO VARIABLE.
                   PARAMETER   13  beta_y RESTORED TO VARIABLE.
                   PARAMETER   11  alpha_y RESTORED TO VARIABLE.
                   PARAMETER   10  beta_2CBO RESTORED TO VARIABLE.
                   PARAMETER    9  alpha_2CBO RESTORED TO VARIABLE.
                   PARAMETER    8  beta_CBO RESTORED TO VARIABLE.
                   PARAMETER    6  alpha_CBO RESTORED TO VARIABLE.
 **********
 **   17 **FIX            8
 **********
 **********
 **   18 **FIX            9
 **********
 **********
 **   19 **FIX           11
 **********
 **********
 **   20 **FIX           12
 **********
 PARAMETER   12  IS CONSTANT.   IGNORED.
 **********
 **   21 **FIX           14
 **********
 **********
 **   22 **FIX           15
 **********
 PARAMETER   15  IS CONSTANT.   IGNORED.
 **********
 **   23 **FIX           16
 **********
 **********
 **   24 **MIGRAD
 **********
 START MIGRAD MINIMIZATION.  STRATEGY  1.  CONVERGENCE WHEN EDM .LT. 1.00e-04
 FCN=1441.72 FROM MIGRAD    STATUS=INITIATE       28 CALLS         699 TOTAL
                     EDM= unknown      STRATEGY= 1      NO ERROR MATRIX       
  EXT PARAMETER               CURRENT GUESS       STEP         FIRST   
  NO.   NAME      VALUE            ERROR          SIZE      DERIVATIVE 
   1  N0           3.07305e+06   3.20507e+02  -3.50568e-01  -2.33485e-06
   2  tau          6.44052e+01   constant   
   3  A0           3.47304e-01   1.33144e-04   1.68208e-07  -5.11032e+00
   4  phi          4.11515e+00   3.81638e-04  -1.44054e-07  -6.67522e+00
   5  R           -6.12271e+01   constant   
   6  alpha_CBO    0.00000e+00   1.00000e-03   1.00000e-03  -5.10507e+05
   7  w_CBO        2.32500e+00   constant   
   8  beta_CBO     0.00000e+00     fixed    
   9  alpha_2CBO   0.00000e+00     fixed    
  10  beta_2CBO    0.00000e+00   1.00000e-03   1.00000e-03  -3.97613e+04
  11  alpha_y      0.00000e+00     fixed    
  12  w_y          1.38860e+01   constant   
  13  beta_y       0.00000e+00   1.00000e-03   1.00000e-03  -2.14254e+04
  14  alpha_vw     0.00000e+00     fixed    
  15  w_vw         1.43404e+01   constant   
  16  beta_vw      0.00000e+00     fixed    
  17  LM           5.13638e-05   constant   
  18  zeta_y       0.00000e+00   constant   
  19  zeta_vw      0.00000e+00   constant   
  20  T_CBO        1.60329e+02   2.47407e+01  -1.88488e-04  -1.95686e-02
  21  alpha_A0     1.00000e-02   1.25508e-02  -5.76543e-03** at limit **
  22  beta_A0     -4.84117e-05   1.05297e-03  -4.89106e-05  -9.94024e-04
  23  alpha_phi    6.03857e-03   1.14025e-03   3.12150e-05   7.87987e-04
  24  beta_phi    -2.97676e-03   1.13351e-03  -1.62132e-04  -1.45688e-03
 MIGRAD MINIMIZATION HAS CONVERGED.
 FCN=82.3445 FROM MIGRAD    STATUS=CONVERGED     393 CALLS        1064 TOTAL
                     EDM=8.40155e-06    STRATEGY= 1  ERROR MATRIX UNCERTAINTY   0.6 per cent
  EXT PARAMETER                                   STEP         FIRST   
  NO.   NAME      VALUE            ERROR          SIZE      DERIVATIVE 
   1  N0           3.07392e+06   3.20822e+02  -1.54223e-03  -3.33390e-06
   2  tau          6.44052e+01   constant   
   3  A0           3.48638e-01   1.37604e-04   1.35349e-07   8.09002e+00
   4  phi          4.11545e+00   3.86128e-04  -5.86524e-07  -2.15820e+00
   5  R           -6.12271e+01   constant   
   6  alpha_CBO    5.27427e-03   1.41690e-04   1.83784e-07   1.13843e+01
   7  w_CBO        2.32500e+00   constant   
   8  beta_CBO     0.00000e+00     fixed    
   9  alpha_2CBO   0.00000e+00     fixed    
  10  beta_2CBO    5.38317e-04   1.38513e-04  -1.96329e-07  -7.24429e+00
  11  alpha_y      0.00000e+00     fixed    
  12  w_y          1.38860e+01   constant   
  13  beta_y       2.17233e-04   1.37609e-04   7.77408e-08  -1.96854e-01
  14  alpha_vw     0.00000e+00     fixed    
  15  w_vw         1.43404e+01   constant   
  16  beta_vw      0.00000e+00     fixed    
  17  LM           5.13638e-05   constant   
  18  zeta_y       0.00000e+00   constant   
  19  zeta_vw      0.00000e+00   constant   
  20  T_CBO        1.18298e+02   1.76508e+01  -2.27883e-04  -1.38987e-02
  21  alpha_A0     2.57635e-03   1.42578e-03  -3.77704e-04  -1.02645e-02
  22  beta_A0     -3.25691e-04   1.34854e-03   3.18646e-04   1.23859e-02
  23  alpha_phi    9.98983e-03   2.49955e-04   5.72738e-04  -3.10591e-02
  24  beta_phi     1.57355e-03   1.48951e-03   3.84969e-05   1.90504e-02
 EXTERNAL ERROR MATRIX.    NDIM=  25    NPAR= 11    ERR DEF=1
  1.029e+05 
  1.590e-03  1.893e-08 
 -1.672e-02  6.582e-11  1.491e-07 
  3.090e-03  4.267e-09 -4.872e-11  2.008e-08 
 -1.309e-03  1.335e-09  5.002e-10  6.603e-10  1.919e-08 
  7.510e-05 -2.004e-10  1.191e-09  3.810e-10  1.846e-10  1.894e-08 
  1.303e+03 -3.280e-04 -6.792e-04  6.686e-05 -1.316e-05  2.904e-06  3.119e+02 
 -5.427e-03  1.977e-08  9.144e-09  4.713e-08 -2.202e-08 -5.496e-10  3.953e-03  2.048e-06 
  8.558e-02 -1.659e-09 -3.208e-08  5.867e-10  1.825e-09 -2.141e-10  1.142e-03 -7.011e-08  1.830e-06 
  1.422e-03  2.502e-09 -5.404e-09  2.304e-09  3.528e-10  4.674e-10 -6.997e-04 -1.907e-08  2.903e-08  1.022e-08 
 -2.990e-02  4.638e-08 -7.611e-10  1.430e-08  3.574e-08 -4.776e-09 -7.723e-03  7.966e-10 -5.379e-08  6.833e-08  2.236e-06 
 PARAMETER  CORRELATION COEFFICIENTS  
       NO.  GLOBAL      1      3      4      6     10     13     20     21     22     23     24
        1  0.33850   1.000  0.036 -0.135  0.068 -0.029  0.002  0.230 -0.012  0.197  0.044 -0.062
        3  0.33368   0.036  1.000  0.001  0.219  0.070 -0.011 -0.135  0.100 -0.009  0.180  0.225
        4  0.24337  -0.135  0.001  1.000 -0.001  0.009  0.022 -0.100  0.017 -0.061 -0.138 -0.001
        6  0.36517   0.068  0.219 -0.001  1.000  0.034  0.020  0.027  0.232  0.003  0.161  0.068
       10  0.24167  -0.029  0.070  0.009  0.034  1.000  0.010 -0.005 -0.111  0.010  0.025  0.173
       13  0.07045   0.002 -0.011  0.022  0.020  0.010  1.000  0.001 -0.003 -0.001  0.034 -0.023
       20  0.51905   0.230 -0.135 -0.100  0.027 -0.005  0.001  1.000  0.156  0.048 -0.392 -0.292
       21  0.35290  -0.012  0.100  0.017  0.232 -0.111 -0.003  0.156  1.000 -0.036 -0.132  0.000
       22  0.32548   0.197 -0.009 -0.061  0.003  0.010 -0.001  0.048 -0.036  1.000  0.212 -0.027
       23  0.63266   0.044  0.180 -0.138  0.161  0.025  0.034 -0.392 -0.132  0.212  1.000  0.452
       24  0.53329  -0.062  0.225 -0.001  0.068  0.173 -0.023 -0.292  0.000 -0.027  0.452  1.000
MINUIT - FIT ONLY 2-CBO
 **********
 **   25 **RES 
 **********
                   PARAMETER   16  beta_vw RESTORED TO VARIABLE.
                   PARAMETER   14  alpha_vw RESTORED TO VARIABLE.
                   PARAMETER   11  alpha_y RESTORED TO VARIABLE.
                   PARAMETER    9  alpha_2CBO RESTORED TO VARIABLE.
                   PARAMETER    8  beta_CBO RESTORED TO VARIABLE.
 **********
 **   26 **FIX            0
 **********
 PARAMETER    0  IS UNDEFINED. IGNORED.
 **********
 **   27 **FIX            1
 **********
 **********
 **   28 **FIX            2
 **********
 PARAMETER    2  IS CONSTANT.   IGNORED.
 **********
 **   29 **FIX            3
 **********
 **********
 **   30 **FIX            4
 **********
 **********
 **   31 **FIX            5
 **********
 PARAMETER    5  IS CONSTANT.   IGNORED.
 **********
 **   32 **FIX            6
 **********
 **********
 **   33 **FIX            7
 **********
 PARAMETER    7  IS CONSTANT.   IGNORED.
 **********
 **   34 **FIX           10
 **********
 **********
 **   35 **FIX           11
 **********
 **********
 **   36 **FIX           12
 **********
 PARAMETER   12  IS CONSTANT.   IGNORED.
 **********
 **   37 **FIX           13
 **********
 **********
 **   38 **FIX           14
 **********
 **********
 **   39 **FIX           15
 **********
 PARAMETER   15  IS CONSTANT.   IGNORED.
 **********
 **   40 **FIX           16
 **********
 **********
 **   41 **MIGRAD
 **********
 START MIGRAD MINIMIZATION.  STRATEGY  1.  CONVERGENCE WHEN EDM .LT. 1.00e-04
 FCN=82.3445 FROM MIGRAD    STATUS=INITIATE       18 CALLS        1082 TOTAL
                     EDM= unknown      STRATEGY= 1      NO ERROR MATRIX       
  EXT PARAMETER               CURRENT GUESS       STEP         FIRST   
  NO.   NAME      VALUE            ERROR          SIZE      DERIVATIVE 
   1  N0           3.07392e+06     fixed    
   2  tau          6.44052e+01   constant   
   3  A0           3.48638e-01     fixed    
   4  phi          4.11545e+00     fixed    
   5  R           -6.12271e+01   constant   
   6  alpha_CBO    5.27427e-03     fixed    
   7  w_CBO        2.32500e+00   constant   
   8  beta_CBO     0.00000e+00   1.00000e-03   1.00000e-03   3.09319e+04
   9  alpha_2CBO   0.00000e+00   1.00000e-03   1.00000e-03  -5.49486e+02
  10  beta_2CBO    5.38317e-04     fixed    
  11  alpha_y      0.00000e+00     fixed    
  12  w_y          1.38860e+01   constant   
  13  beta_y       2.17233e-04     fixed    
  14  alpha_vw     0.00000e+00     fixed    
  15  w_vw         1.43404e+01   constant   
  16  beta_vw      0.00000e+00     fixed    
  17  LM           5.13638e-05   constant   
  18  zeta_y       0.00000e+00   constant   
  19  zeta_vw      0.00000e+00   constant   
  20  T_CBO        1.18298e+02   1.76508e+01  -2.27883e-04  -1.38988e-02
  21  alpha_A0     2.57635e-03   1.42578e-03  -3.77704e-04   1.02644e-02
  22  beta_A0     -3.25691e-04   1.34854e-03   3.18646e-04   1.23859e-02
  23  alpha_phi    9.98983e-03   2.49955e-04   5.72738e-04  -3.10504e-02
  24  beta_phi     1.57355e-03   1.48951e-03   3.84969e-05   1.90504e-02
 MIGRAD MINIMIZATION HAS CONVERGED.
 MIGRAD WILL VERIFY CONVERGENCE AND ERROR MATRIX.
 COVARIANCE MATRIX CALCULATED SUCCESSFULLY
 FCN=77.4234 FROM MIGRAD    STATUS=CONVERGED     136 CALLS        1200 TOTAL
                     EDM=1.01163e-05    STRATEGY= 1      ERROR MATRIX ACCURATE 
  EXT PARAMETER                                   STEP         FIRST   
  NO.   NAME      VALUE            ERROR          SIZE      DERIVATIVE 
   1  N0           3.07392e+06     fixed    
   2  tau          6.44052e+01   constant   
   3  A0           3.48638e-01     fixed    
   4  phi          4.11545e+00     fixed    
   5  R           -6.12271e+01   constant   
   6  alpha_CBO    5.27427e-03     fixed    
   7  w_CBO        2.32500e+00   constant   
   8  beta_CBO    -3.17738e-04   1.43266e-04   6.09072e-07  -4.49195e-01
   9  alpha_2CBO   2.27547e-05   1.42507e-04   5.99655e-07  -2.28075e+01
  10  beta_2CBO    5.38317e-04     fixed    
  11  alpha_y      0.00000e+00     fixed    
  12  w_y          1.38860e+01   constant   
  13  beta_y       2.17233e-04     fixed    
  14  alpha_vw     0.00000e+00     fixed    
  15  w_vw         1.43404e+01   constant   
  16  beta_vw      0.00000e+00     fixed    
  17  LM           5.13638e-05   constant   
  18  zeta_y       0.00000e+00   constant   
  19  zeta_vw      0.00000e+00   constant   
  20  T_CBO        1.17732e+02   1.66387e+01   2.11488e-04  -2.73555e-02
  21  alpha_A0     2.62742e-03   1.35845e-03   6.02130e-04   8.26283e-03
  22  beta_A0      3.60119e-05   1.35091e-03   5.74187e-04  -2.90733e-03
  23  alpha_phi    9.99998e-03   1.58266e-02   7.18908e-03   1.28563e-03
  24  beta_phi     1.23001e-03   1.42502e-03   6.05494e-04  -5.81077e-03
 EXTERNAL ERROR MATRIX.    NDIM=  25    NPAR=  7    ERR DEF=1
  2.053e-08 -1.123e-09  3.536e-05 -3.187e-09 -2.407e-08 -1.949e-13  2.213e-08 
 -1.123e-09  2.031e-08  4.015e-04 -1.411e-09 -2.766e-08 -5.627e-13 -6.760e-09 
  3.536e-05  4.015e-04  2.771e+02 -3.681e-03 -1.250e-03  4.140e-05 -4.931e-03 
 -3.187e-09 -1.411e-09 -3.681e-03  1.858e-06  8.421e-08 -8.605e-10  1.025e-09 
 -2.407e-08 -2.766e-08 -1.250e-03  8.421e-08  1.836e-06 -1.125e-11 -2.729e-08 
 -1.949e-13 -5.627e-13  4.140e-05 -8.605e-10 -1.125e-11  1.136e-09 -4.279e-10 
  2.213e-08 -6.760e-09 -4.931e-03  1.025e-09 -2.729e-08 -4.279e-10  2.045e-06 
 PARAMETER  CORRELATION COEFFICIENTS  
       NO.  GLOBAL      8      9     20     21     22     23     24
        8  0.18264   1.000 -0.055  0.015 -0.016 -0.124 -0.000  0.108
        9  0.23025  -0.055  1.000  0.169 -0.007 -0.143 -0.000 -0.033
       20  0.31993   0.015  0.169  1.000 -0.162 -0.055  0.074 -0.207
       21  0.17164  -0.016 -0.007 -0.162  1.000  0.046 -0.019  0.001
       22  0.20083  -0.124 -0.143 -0.055  0.046  1.000 -0.000 -0.014
       23  0.07553  -0.000 -0.000  0.074 -0.019 -0.000  1.000 -0.009
       24  0.23768   0.108 -0.033 -0.207  0.001 -0.014 -0.009  1.000
MINUIT - FIT wiggle + 1-CBO + 2-CBO
 **********
 **   42 **RES 
 **********
                   PARAMETER   16  beta_vw RESTORED TO VARIABLE.
                   PARAMETER   14  alpha_vw RESTORED TO VARIABLE.
                   PARAMETER   13  beta_y RESTORED TO VARIABLE.
                   PARAMETER   11  alpha_y RESTORED TO VARIABLE.
                   PARAMETER   10  beta_2CBO RESTORED TO VARIABLE.
                   PARAMETER    6  alpha_CBO RESTORED TO VARIABLE.
                   PARAMETER    4  phi RESTORED TO VARIABLE.
                   PARAMETER    3  A0 RESTORED TO VARIABLE.
                   PARAMETER    1  N0 RESTORED TO VARIABLE.
 **********
 **   43 **FIX           10
 **********
 **********
 **   44 **FIX           11
 **********
 **********
 **   45 **FIX           12
 **********
 PARAMETER   12  IS CONSTANT.   IGNORED.
 **********
 **   46 **FIX           13
 **********
 **********
 **   47 **FIX           14
 **********
 **********
 **   48 **FIX           15
 **********
 PARAMETER   15  IS CONSTANT.   IGNORED.
 **********
 **   49 **FIX           16
 **********
 **********
 **   50 **MIGRAD
 **********
 START MIGRAD MINIMIZATION.  STRATEGY  1.  CONVERGENCE WHEN EDM .LT. 1.00e-04
 FCN=77.4234 FROM MIGRAD    STATUS=INITIATE       22 CALLS        1222 TOTAL
                     EDM= unknown      STRATEGY= 1      NO ERROR MATRIX       
  EXT PARAMETER               CURRENT GUESS       STEP         FIRST   
  NO.   NAME      VALUE            ERROR          SIZE      DERIVATIVE 
   1  N0           3.07392e+06   3.20822e+02   3.20822e+02   8.27752e-04
   2  tau          6.44052e+01   constant   
   3  A0           3.48638e-01   1.37604e-04   1.37604e-04   5.64211e+02
   4  phi          4.11545e+00   3.86128e-04   3.86128e-04   2.30642e+03
   5  R           -6.12271e+01   constant   
   6  alpha_CBO    5.27427e-03   1.41690e-04   1.41690e-04  -4.13268e+01
   7  w_CBO        2.32500e+00   constant   
   8  beta_CBO    -3.17738e-04   1.43266e-04   6.09072e-07  -4.49176e-01
   9  alpha_2CBO   2.27547e-05   1.42507e-04   5.99655e-07  -2.28075e+01
  10  beta_2CBO    5.38317e-04     fixed    
  11  alpha_y      0.00000e+00     fixed    
  12  w_y          1.38860e+01   constant   
  13  beta_y       2.17233e-04     fixed    
  14  alpha_vw     0.00000e+00     fixed    
  15  w_vw         1.43404e+01   constant   
  16  beta_vw      0.00000e+00     fixed    
  17  LM           5.13638e-05   constant   
  18  zeta_y       0.00000e+00   constant   
  19  zeta_vw      0.00000e+00   constant   
  20  T_CBO        1.17732e+02   1.66387e+01   2.11488e-04  -2.73857e-02
  21  alpha_A0     2.62742e-03   1.35845e-03   6.02130e-04   8.25820e-03
  22  beta_A0      3.60119e-05   1.35091e-03   5.74187e-04  -2.90730e-03
  23  alpha_phi    9.99998e-03   1.58266e-02   7.18908e-03  -1.29216e-03
  24  beta_phi     1.23001e-03   1.42502e-03   6.05494e-04  -5.81300e-03
 MIGRAD MINIMIZATION HAS CONVERGED.
 MIGRAD WILL VERIFY CONVERGENCE AND ERROR MATRIX.
 COVARIANCE MATRIX CALCULATED SUCCESSFULLY
 FCN=77.2192 FROM MIGRAD    STATUS=CONVERGED     218 CALLS        1418 TOTAL
                     EDM=5.06567e-06    STRATEGY= 1      ERROR MATRIX ACCURATE 
  EXT PARAMETER                                   STEP         FIRST   
  NO.   NAME      VALUE            ERROR          SIZE      DERIVATIVE 
   1  N0           3.07390e+06   3.21087e+02   1.46575e+00   5.35854e-07
   2  tau          6.44052e+01   constant   
   3  A0           3.48629e-01   1.38760e-04   5.60333e-07  -1.17682e+00
   4  phi          4.11528e+00   3.90972e-04   1.96232e-06  -6.48076e-02
   5  R           -6.12271e+01   constant   
   6  alpha_CBO    5.27069e-03   1.43731e-04   5.84358e-07   1.37028e+01
   7  w_CBO        2.32500e+00   constant   
   8  beta_CBO    -3.30895e-04   1.46179e-04   6.08287e-07  -1.49674e+00
   9  alpha_2CBO   2.78052e-05   1.43223e-04   5.98882e-07   2.83696e+00
  10  beta_2CBO    5.38317e-04     fixed    
  11  alpha_y      0.00000e+00     fixed    
  12  w_y          1.38860e+01   constant   
  13  beta_y       2.17233e-04     fixed    
  14  alpha_vw     0.00000e+00     fixed    
  15  w_vw         1.43404e+01   constant   
  16  beta_vw      0.00000e+00     fixed    
  17  LM           5.13638e-05   constant   
  18  zeta_y       0.00000e+00   constant   
  19  zeta_vw      0.00000e+00   constant   
  20  T_CBO        1.18058e+02   1.73440e+01   2.11648e-04  -4.11230e-02
  21  alpha_A0     2.65113e-03   1.39151e-03   6.00088e-04   9.06396e-03
  22  beta_A0      4.63859e-05   1.37394e-03   5.71999e-04   6.16182e-03
  23  alpha_phi    1.00000e-02   1.57665e-02   7.37413e-03** at limit **
  24  beta_phi     1.20477e-03   1.45941e-03   6.02977e-04  -5.97638e-03
 EXTERNAL ERROR MATRIX.    NDIM=  25    NPAR= 11    ERR DEF=1
  1.031e+05 
  3.259e-03  1.925e-08 
 -2.174e-02  2.631e-09  1.529e-07 
  3.179e-03  5.078e-09  1.219e-09  2.066e-08 
  1.177e-03  6.122e-10  1.081e-08  2.495e-10  2.137e-08 
 -1.748e-03 -3.249e-10 -3.439e-09  1.047e-09 -1.431e-09  2.051e-08 
  1.245e+03 -2.843e-04 -6.581e-04  1.436e-04  1.454e-05  4.068e-04  3.011e+02 
 -9.330e-03 -1.718e-08 -1.390e-08 -4.505e-08 -4.727e-09 -3.222e-09 -3.890e-03  1.950e-06 
  8.337e-02 -3.068e-09 -3.772e-08 -3.382e-09 -2.462e-08 -2.875e-08 -1.723e-04  9.245e-08  1.900e-06 
 -9.429e-10  3.234e-15  9.393e-17  5.764e-16 -2.404e-16 -7.474e-16  5.372e-08 -1.120e-12 -2.101e-14  4.349e-15 
 -1.548e-02  4.513e-08  1.675e-08  1.598e-08  2.368e-08 -6.927e-09 -5.812e-03 -4.804e-08 -5.436e-08 -5.376e-13  2.145e-06 
 PARAMETER  CORRELATION COEFFICIENTS  
       NO.  GLOBAL      1      3      4      6      8      9     20     21     22     23     24
        1  0.35634   1.000  0.073 -0.173  0.069  0.025 -0.038  0.223 -0.021  0.188 -0.000 -0.033
        3  0.35441   0.073  1.000  0.048  0.255  0.030 -0.016 -0.118 -0.089 -0.016  0.000  0.222
        4  0.27860  -0.173  0.048  1.000  0.022  0.189 -0.061 -0.097 -0.025 -0.070  0.000  0.029
        6  0.33712   0.069  0.255  0.022  1.000  0.012  0.051  0.058 -0.224 -0.017  0.000  0.076
        8  0.26736   0.025  0.030  0.189  0.012  1.000 -0.068  0.006 -0.023 -0.122 -0.000  0.111
        9  0.24985  -0.038 -0.016 -0.061  0.051 -0.068  1.000  0.164 -0.016 -0.146 -0.000 -0.033
       20  0.41081   0.223 -0.118 -0.097  0.058  0.006  0.164  1.000 -0.161 -0.007  0.047 -0.229
       21  0.28278  -0.021 -0.089 -0.025 -0.224 -0.023 -0.016 -0.161  1.000  0.048 -0.012 -0.023
       22  0.27764   0.188 -0.016 -0.070 -0.017 -0.122 -0.146 -0.007  0.048  1.000 -0.000 -0.027
       23  0.05008  -0.000  0.000  0.000  0.000 -0.000 -0.000  0.047 -0.012 -0.000  1.000 -0.006
       24  0.32441  -0.033  0.222  0.029  0.076  0.111 -0.033 -0.229 -0.023 -0.027 -0.006  1.000
MINUIT - FIT ONLY 1-y
 **********
 **   51 **RES 
 **********
                   PARAMETER   16  beta_vw RESTORED TO VARIABLE.
                   PARAMETER   14  alpha_vw RESTORED TO VARIABLE.
                   PARAMETER   13  beta_y RESTORED TO VARIABLE.
                   PARAMETER   11  alpha_y RESTORED TO VARIABLE.
                   PARAMETER   10  beta_2CBO RESTORED TO VARIABLE.
 **********
 **   52 **FIX            0
 **********
 PARAMETER    0  IS UNDEFINED. IGNORED.
 **********
 **   53 **FIX            1
 **********
 **********
 **   54 **FIX            2
 **********
 PARAMETER    2  IS CONSTANT.   IGNORED.
 **********
 **   55 **FIX            3
 **********
 **********
 **   56 **FIX            4
 **********
 **********
 **   57 **FIX            5
 **********
 PARAMETER    5  IS CONSTANT.   IGNORED.
 **********
 **   58 **FIX            6
 **********
 **********
 **   59 **FIX            7
 **********
 PARAMETER    7  IS CONSTANT.   IGNORED.
 **********
 **   60 **FIX            8
 **********
 **********
 **   61 **FIX            9
 **********
 **********
 **   62 **FIX           13
 **********
 **********
 **   63 **FIX           14
 **********
 **********
 **   64 **FIX           15
 **********
 PARAMETER   15  IS CONSTANT.   IGNORED.
 **********
 **   65 **FIX           16
 **********
 **********
 **   66 **MIGRAD
 **********
 START MIGRAD MINIMIZATION.  STRATEGY  1.  CONVERGENCE WHEN EDM .LT. 1.00e-04
 FCN=77.2192 FROM MIGRAD    STATUS=INITIATE       16 CALLS        1434 TOTAL
                     EDM= unknown      STRATEGY= 1      NO ERROR MATRIX       
  EXT PARAMETER               CURRENT GUESS       STEP         FIRST   
  NO.   NAME      VALUE            ERROR          SIZE      DERIVATIVE 
   1  N0           3.07390e+06     fixed    
   2  tau          6.44052e+01   constant   
   3  A0           3.48629e-01     fixed    
   4  phi          4.11528e+00     fixed    
   5  R           -6.12271e+01   constant   
   6  alpha_CBO    5.27069e-03     fixed    
   7  w_CBO        2.32500e+00   constant   
   8  beta_CBO    -3.30895e-04     fixed    
   9  alpha_2CBO   2.78052e-05     fixed    
  10  beta_2CBO    5.38317e-04   1.38513e-04   1.38513e-04   1.22417e+03
  11  alpha_y      0.00000e+00   1.00000e-03   1.00000e-03   2.54504e+04
  12  w_y          1.38860e+01   constant   
  13  beta_y       2.17233e-04     fixed    
  14  alpha_vw     0.00000e+00     fixed    
  15  w_vw         1.43404e+01   constant   
  16  beta_vw      0.00000e+00     fixed    
  17  LM           5.13638e-05   constant   
  18  zeta_y       0.00000e+00   constant   
  19  zeta_vw      0.00000e+00   constant   
  20  T_CBO        1.18058e+02   1.73440e+01   2.11648e-04  -4.17446e-02
  21  alpha_A0     2.65113e-03   1.39151e-03   6.00088e-04   9.07778e-03
  22  beta_A0      4.63859e-05   1.37394e-03   5.71999e-04   6.15497e-03
  23  alpha_phi    9.99998e-03   1.57665e-02   7.37413e-03  -1.32041e-03
  24  beta_phi     1.20477e-03   1.45941e-03   6.02977e-04  -5.99756e-03
 MIGRAD MINIMIZATION HAS CONVERGED.
 MIGRAD WILL VERIFY CONVERGENCE AND ERROR MATRIX.
 COVARIANCE MATRIX CALCULATED SUCCESSFULLY
 FCN=74.0845 FROM MIGRAD    STATUS=CONVERGED     113 CALLS        1531 TOTAL
                     EDM=2.97636e-06    STRATEGY= 1      ERROR MATRIX ACCURATE 
  EXT PARAMETER                                   STEP         FIRST   
  NO.   NAME      VALUE            ERROR          SIZE      DERIVATIVE 
   1  N0           3.07390e+06     fixed    
   2  tau          6.44052e+01   constant   
   3  A0           3.48629e-01     fixed    
   4  phi          4.11528e+00     fixed    
   5  R           -6.12271e+01   constant   
   6  alpha_CBO    5.27069e-03     fixed    
   7  w_CBO        2.32500e+00   constant   
   8  beta_CBO    -3.30895e-04     fixed    
   9  alpha_2CBO   2.78052e-05     fixed    
  10  beta_2CBO    5.30225e-04   1.40317e-04   5.81074e-07   8.07922e+00
  11  alpha_y     -2.45888e-04   1.39074e-04   5.88168e-07   5.80843e+00
  12  w_y          1.38860e+01   constant   
  13  beta_y       2.17233e-04     fixed    
  14  alpha_vw     0.00000e+00     fixed    
  15  w_vw         1.43404e+01   constant   
  16  beta_vw      0.00000e+00     fixed    
  17  LM           5.13638e-05   constant   
  18  zeta_y       0.00000e+00   constant   
  19  zeta_vw      0.00000e+00   constant   
  20  T_CBO        1.18658e+02   1.65095e+01   2.08074e-04   1.92480e-02
  21  alpha_A0     2.65016e-03   1.35761e-03   5.85540e-04   7.50106e-03
  22  beta_A0      1.22432e-05   1.31591e-03   5.58074e-04  -1.51406e-03
  23  alpha_phi    1.00000e-02   1.58703e-02   6.88763e-03** at limit **
  24  beta_phi     1.17657e-03   1.42434e-03   5.88064e-04   9.85999e-03
 EXTERNAL ERROR MATRIX.    NDIM=  25    NPAR=  7    ERR DEF=1
  1.969e-08 -3.031e-10 -1.473e-05  2.193e-08  2.069e-09 -5.028e-15  3.307e-08 
 -3.031e-10  1.934e-08 -4.496e-05 -1.007e-09  2.510e-09  1.078e-15  7.234e-10 
 -1.473e-05 -4.496e-05  2.728e+02 -3.669e-03 -5.885e-04  4.746e-07 -4.785e-03 
  2.193e-08 -1.007e-09 -3.669e-03  1.855e-06  7.868e-08 -9.766e-12  3.974e-08 
  2.069e-09  2.510e-09 -5.885e-04  7.868e-08  1.742e-06 -5.162e-14 -6.323e-09 
 -5.028e-15  1.078e-15  4.746e-07 -9.766e-12 -5.162e-14  3.778e-13 -4.665e-12 
  3.307e-08  7.234e-10 -4.785e-03  3.974e-08 -6.323e-09 -4.665e-12  2.043e-06 
 PARAMETER  CORRELATION COEFFICIENTS  
       NO.  GLOBAL     10     11     20     21     22     23     24
       10  0.20502   1.000 -0.016 -0.006  0.115  0.011 -0.000  0.165
       11  0.02943  -0.016  1.000 -0.020 -0.005  0.014  0.000  0.004
       20  0.26675  -0.006 -0.020  1.000 -0.163 -0.027  0.047 -0.203
       21  0.20510   0.115 -0.005 -0.163  1.000  0.044 -0.012  0.020
       22  0.05142   0.011  0.014 -0.027  0.044  1.000 -0.000 -0.003
       23  0.04715  -0.000  0.000  0.047 -0.012 -0.000  1.000 -0.005
       24  0.26266   0.165  0.004 -0.203  0.020 -0.003 -0.005  1.000
MINUIT - FIT ONLY 2-y
 **********
 **   67 **RES 
 **********
                   PARAMETER   16  beta_vw RESTORED TO VARIABLE.
                   PARAMETER   14  alpha_vw RESTORED TO VARIABLE.
                   PARAMETER   13  beta_y RESTORED TO VARIABLE.
                   PARAMETER    9  alpha_2CBO RESTORED TO VARIABLE.
                   PARAMETER    8  beta_CBO RESTORED TO VARIABLE.
                   PARAMETER    6  alpha_CBO RESTORED TO VARIABLE.
                   PARAMETER    4  phi RESTORED TO VARIABLE.
                   PARAMETER    3  A0 RESTORED TO VARIABLE.
                   PARAMETER    1  N0 RESTORED TO VARIABLE.
 **********
 **   68 **FIX            0
 **********
 PARAMETER    0  IS UNDEFINED. IGNORED.
 **********
 **   69 **FIX            1
 **********
 **********
 **   70 **FIX            2
 **********
 PARAMETER    2  IS CONSTANT.   IGNORED.
 **********
 **   71 **FIX            3
 **********
 **********
 **   72 **FIX            4
 **********
 **********
 **   73 **FIX            5
 **********
 PARAMETER    5  IS CONSTANT.   IGNORED.
 **********
 **   74 **FIX            6
 **********
 **********
 **   75 **FIX            7
 **********
 PARAMETER    7  IS CONSTANT.   IGNORED.
 **********
 **   76 **FIX            8
 **********
 **********
 **   77 **FIX            9
 **********
 **********
 **   78 **FIX           10
 **********
 **********
 **   79 **FIX           11
 **********
 **********
 **   80 **FIX           12
 **********
 PARAMETER   12  IS CONSTANT.   IGNORED.
 **********
 **   81 **FIX           16
 **********
 **********
 **   82 **MIGRAD
 **********
 START MIGRAD MINIMIZATION.  STRATEGY  1.  CONVERGENCE WHEN EDM .LT. 1.00e-04
 FCN=74.0845 FROM MIGRAD    STATUS=INITIATE       16 CALLS        1547 TOTAL
                     EDM= unknown      STRATEGY= 1      NO ERROR MATRIX       
  EXT PARAMETER               CURRENT GUESS       STEP         FIRST   
  NO.   NAME      VALUE            ERROR          SIZE      DERIVATIVE 
   1  N0           3.07390e+06     fixed    
   2  tau          6.44052e+01   constant   
   3  A0           3.48629e-01     fixed    
   4  phi          4.11528e+00     fixed    
   5  R           -6.12271e+01   constant   
   6  alpha_CBO    5.27069e-03     fixed    
   7  w_CBO        2.32500e+00   constant   
   8  beta_CBO    -3.30895e-04     fixed    
   9  alpha_2CBO   2.78052e-05     fixed    
  10  beta_2CBO    5.30225e-04     fixed    
  11  alpha_y     -2.45888e-04     fixed    
  12  w_y          1.38860e+01   constant   
  13  beta_y       2.17233e-04   1.37609e-04   1.37609e-04   1.10518e+02
  14  alpha_vw     0.00000e+00   1.00000e-03   1.00000e-03   6.50287e+03
  15  w_vw         1.43404e+01   constant   
  16  beta_vw      0.00000e+00     fixed    
  17  LM           5.13638e-05   constant   
  18  zeta_y       0.00000e+00   constant   
  19  zeta_vw      0.00000e+00   constant   
  20  T_CBO        1.18658e+02   1.65095e+01   2.08074e-04   1.86259e-02
  21  alpha_A0     2.65016e-03   1.35761e-03   5.85540e-04   7.51548e-03
  22  beta_A0      1.22432e-05   1.31591e-03   5.58074e-04  -1.52084e-03
  23  alpha_phi    9.99998e-03   1.58703e-02   6.88763e-03  -1.28889e-03
  24  beta_phi     1.17657e-03   1.42434e-03   5.88064e-04   9.83874e-03
 MIGRAD MINIMIZATION HAS CONVERGED.
 MIGRAD WILL VERIFY CONVERGENCE AND ERROR MATRIX.
 COVARIANCE MATRIX CALCULATED SUCCESSFULLY
 FCN=73.8717 FROM MIGRAD    STATUS=CONVERGED     112 CALLS        1643 TOTAL
                     EDM=2.06652e-07    STRATEGY= 1      ERROR MATRIX ACCURATE 
  EXT PARAMETER                                   STEP         FIRST   
  NO.   NAME      VALUE            ERROR          SIZE      DERIVATIVE 
   1  N0           3.07390e+06     fixed    
   2  tau          6.44052e+01   constant   
   3  A0           3.48629e-01     fixed    
   4  phi          4.11528e+00     fixed    
   5  R           -6.12271e+01   constant   
   6  alpha_CBO    5.27069e-03     fixed    
   7  w_CBO        2.32500e+00   constant   
   8  beta_CBO    -3.30895e-04     fixed    
   9  alpha_2CBO   2.78052e-05     fixed    
  10  beta_2CBO    5.30225e-04     fixed    
  11  alpha_y     -2.45888e-04     fixed    
  12  w_y          1.38860e+01   constant   
  13  beta_y       2.31594e-04   1.41120e-04   5.79076e-07   2.28205e-01
  14  alpha_vw    -6.57023e-05   1.42432e-04   5.84510e-07  -1.04904e-01
  15  w_vw         1.43404e+01   constant   
  16  beta_vw      0.00000e+00     fixed    
  17  LM           5.13638e-05   constant   
  18  zeta_y       0.00000e+00   constant   
  19  zeta_vw      0.00000e+00   constant   
  20  T_CBO        1.18508e+02   1.64887e+01   2.07810e-04   4.21955e-03
  21  alpha_A0     2.64718e-03   1.35018e-03   5.84749e-04  -1.24843e-03
  22  beta_A0      2.10775e-05   1.31738e-03   5.57542e-04  -1.08767e-03
  23  alpha_phi    1.00000e-02   1.58566e-02   7.32367e-03** at limit **
  24  beta_phi     1.17009e-03   1.40702e-03   5.87435e-04   4.16497e-03
 EXTERNAL ERROR MATRIX.    NDIM=  25    NPAR=  7    ERR DEF=1
  1.991e-08 -4.754e-09 -8.226e-06  6.688e-10  4.776e-10 -2.715e-16 -5.913e-09 
 -4.754e-09  2.029e-08  4.503e-05  6.736e-10 -2.726e-09 -6.014e-17  1.952e-09 
 -8.226e-06  4.503e-05  2.721e+02 -3.645e-03 -6.058e-04  7.334e-08 -4.741e-03 
  6.688e-10  6.736e-10 -3.645e-03  1.835e-06  7.678e-08 -1.510e-12  2.460e-09 
  4.776e-10 -2.726e-09 -6.058e-04  7.678e-08  1.746e-06 -1.294e-14 -9.891e-09 
 -2.715e-16 -6.014e-17  7.334e-08 -1.510e-12 -1.294e-14  7.861e-15 -7.179e-13 
 -5.913e-09  1.952e-09 -4.741e-03  2.460e-09 -9.891e-09 -7.179e-13  1.993e-06 
 PARAMETER  CORRELATION COEFFICIENTS  
       NO.  GLOBAL     13     14     20     21     22     23     24
       13  0.23818   1.000 -0.237 -0.004  0.003  0.003 -0.000 -0.030
       14  0.23784  -0.237  1.000  0.019  0.003 -0.014 -0.000  0.010
       20  0.26669  -0.004  0.019  1.000 -0.163 -0.028  0.050 -0.204
       21  0.17089   0.003  0.003 -0.163  1.000  0.043 -0.013  0.001
       22  0.05085   0.003 -0.014 -0.028  0.043  1.000 -0.000 -0.005
       23  0.05057  -0.000 -0.000  0.050 -0.013 -0.000  1.000 -0.006
       24  0.20873  -0.030  0.010 -0.204  0.001 -0.005 -0.006  1.000
MINUIT - FIT ALTOGETHER
 **********
