 + ++++++++++++++++++++++++++++++++++++++++++++++++++++++++++++++++++++ +
 +                                                                      +
 +           You have chose to blind your fitting according to          +
 +                omega_ref * (1 + (R +/- deltaR) *10^{-6})             +
 +                                                                      +
 + ++++++++++++++++++++++++++++++++++++++++++++++++++++++++++++++++++++ +
In main()...
reading format from /gm2data/zkhechad/run45/envelope/formats/formatB_sBin_constraintOn.txt
pBinTau 	= 0  
pBinPhi 	= 0  
constraintau 	= 1 
includeMopTerm 	= 0    
constrainMop    = 0   
Parameters after format file: pBinTau 0 pBinPhi 0 constraintau 1 includeMopTerm 0 constrainMop 0 c_e_scale 0.000000 
Opening file /gm2data/tbarrett/gm2fr/studies/run23_bunch_corrections/CorrectedFourier_Run3b.root.
reading full fit data from /gm2data/zkhechad/cboTemplates/Run4CBOTemplates/templateFits0_v2.0/noRF/sBin_constraintOn_cE0.0_seed0_noRF_calo14.root
windowBins = 17
fitting sliding window 180 from bin 316 at 46.998000 to bin 333 at 49.683600 (17 bins)

Reading data from /gm2data/cornell/histograms/aMethod/histogram_a_noRF.root
 **********
 **    1 **SET PRINTOUT            1
 **********
 **********
 **    2 **SET NOWARNINGS 
 **********
 PARAMETER DEFINITIONS:
    NO.   NAME         VALUE      STEP SIZE      LIMITS
     1 N0           3.41556e+06  1.00000e+02     no limits
     2 tau          6.43834e+01  constant
     3 A0           3.61902e-01  1.00000e-04     no limits
     4 phi          4.12125e+00  1.00000e-02     no limits
     5 R           -6.07281e+01  constant
     6 alpha_CBO    0.00000e+00  1.00000e-03     no limits
     7 w_CBO        2.32500e+00  constant
     8 beta_CBO     0.00000e+00  1.00000e-03     no limits
     9 alpha_2CBO   0.00000e+00  1.00000e-03     no limits
    10 beta_2CBO    0.00000e+00  1.00000e-03     no limits
    11 alpha_y      0.00000e+00  1.00000e-03     no limits
    12 w_y          1.44500e+01  constant
    13 beta_y       0.00000e+00  1.00000e-03     no limits
    14 alpha_vw     0.00000e+00  1.00000e-03     no limits
    15 w_vw         1.29000e+01  constant
    16 beta_vw      0.00000e+00  1.00000e-03     no limits
    17 LM          -7.06631e-04  constant
    18 zeta_y       0.00000e+00  constant
    19 zeta_vw      0.00000e+00  constant
    20 T_CBO        1.00000e+02  1.00000e+00    0.00000e+00  1.00000e+03
    21 alpha_A0     0.00000e+00  1.00000e-03     no limits
    22 beta_A0      0.00000e+00  1.00000e-03     no limits
    23 alpha_phi    0.00000e+00  1.00000e-03     no limits
    24 beta_phi     0.00000e+00  1.00000e-03     no limits
MINUIT - FIT ONLY WIGGLE
 **********
 **    3 **FIX            5
 **********
 PARAMETER    5  IS CONSTANT.   IGNORED.
 **********
 **    4 **FIX            6
 **********
 **********
 **    5 **FIX            7
 **********
 PARAMETER    7  IS CONSTANT.   IGNORED.
 **********
 **    6 **FIX            8
 **********
 **********
 **    7 **FIX            9
 **********
 **********
 **    8 **FIX           10
 **********
 **********
 **    9 **FIX           11
 **********
 **********
 **   10 **FIX           12
 **********
 PARAMETER   12  IS CONSTANT.   IGNORED.
 **********
 **   11 **FIX           13
 **********
 **********
 **   12 **FIX           14
 **********
 **********
 **   13 **FIX           15
 **********
 PARAMETER   15  IS CONSTANT.   IGNORED.
 **********
 **   14 **FIX           16
 **********
 **********
 **   15 **MIGRAD
 **********
 FIRST CALL TO USER FUNCTION AT NEW START POINT, WITH IFLAG=4.
 START MIGRAD MINIMIZATION.  STRATEGY  1.  CONVERGENCE WHEN EDM .LT. 1.00e-04
 FCN=1443.3 FROM MIGRAD    STATUS=INITIATE      427 CALLS         428 TOTAL
                     EDM= unknown      STRATEGY= 1      NO ERROR MATRIX       
  EXT PARAMETER               CURRENT GUESS       STEP         FIRST   
  NO.   NAME      VALUE            ERROR          SIZE      DERIVATIVE 
   1  N0           3.41556e+06   1.00000e+02   0.00000e+00   3.29411e-02
   2  tau          6.43834e+01   constant   
   3  A0           3.61902e-01   1.00000e-04   0.00000e+00   2.65213e+05
   4  phi          4.12125e+00   1.00000e-02   0.00000e+00  -5.83006e+02
   5  R           -6.07281e+01   constant   
   6  alpha_CBO    0.00000e+00     fixed    
   7  w_CBO        2.32500e+00   constant   
   8  beta_CBO     0.00000e+00     fixed    
   9  alpha_2CBO   0.00000e+00     fixed    
  10  beta_2CBO    0.00000e+00     fixed    
  11  alpha_y      0.00000e+00     fixed    
  12  w_y          1.44500e+01   constant   
  13  beta_y       0.00000e+00     fixed    
  14  alpha_vw     0.00000e+00     fixed    
  15  w_vw         1.29000e+01   constant   
  16  beta_vw      0.00000e+00     fixed    
  17  LM          -7.06631e-04   constant   
  18  zeta_y       0.00000e+00   constant   
  19  zeta_vw      0.00000e+00   constant   
  20  T_CBO        1.00000e+02   1.00000e+00   0.00000e+00   0.00000e+00
  21  alpha_A0     0.00000e+00   1.00000e-03   0.00000e+00  -4.54103e+04
  22  beta_A0      0.00000e+00   1.00000e-03   0.00000e+00  -2.86303e+03
  23  alpha_phi    0.00000e+00   1.00000e-03   0.00000e+00   2.69525e+04
  24  beta_phi     0.00000e+00   1.00000e-03   0.00000e+00  -2.72633e+04
 CALL LIMIT EXCEEDED IN MIGRAD.
 MIGRAD TERMINATED WITHOUT CONVERGENCE.
 FCN=169.22 FROM MIGRAD    STATUS=CALL LIMIT   1333 CALLS        1334 TOTAL
                     EDM=0.136512    STRATEGY= 1  ERROR MATRIX UNCERTAINTY   3.9 per cent
  EXT PARAMETER                APPROXIMATE        STEP         FIRST   
  NO.   NAME      VALUE            ERROR          SIZE      DERIVATIVE 
   1  N0           3.39606e+06   7.71692e+02  -2.76747e+00   6.13901e-05
   2  tau          6.43834e+01   constant   
   3  A0           3.53235e-01   3.53655e-04  -7.45335e-07  -1.16426e+03
   4  phi          4.11455e+00   2.47389e-03  -4.09426e-06   3.29696e+02
   5  R           -6.07281e+01   constant   
   6  alpha_CBO    0.00000e+00     fixed    
   7  w_CBO        2.32500e+00   constant   
   8  beta_CBO     0.00000e+00     fixed    
   9  alpha_2CBO   0.00000e+00     fixed    
  10  beta_2CBO    0.00000e+00     fixed    
  11  alpha_y      0.00000e+00     fixed    
  12  w_y          1.44500e+01   constant   
  13  beta_y       0.00000e+00     fixed    
  14  alpha_vw     0.00000e+00     fixed    
  15  w_vw         1.29000e+01   constant   
  16  beta_vw      0.00000e+00     fixed    
  17  LM          -7.06631e-04   constant   
  18  zeta_y       0.00000e+00   constant   
  19  zeta_vw      0.00000e+00   constant   
  20  T_CBO        1.22874e+01   3.94115e-01   2.99504e-04   2.14081e+02
  21  alpha_A0    -9.14174e-01   1.88438e-01   2.81968e-03   5.80734e+01
  22  beta_A0      9.28907e-02   1.23793e-02   4.42725e-04  -1.99970e+01
  23  alpha_phi    1.79480e-01   4.16016e-02  -1.29053e-03   1.05339e+01
  24  beta_phi     1.35046e+00   2.64159e-01  -4.73253e-03   4.32725e+01
 EXTERNAL ERROR MATRIX.    NDIM=  25    NPAR=  8    ERR DEF=1
  5.955e+05  1.253e-01 -3.240e-01  1.659e+02  4.960e+01 -2.696e+00 -1.058e+01 -6.740e+01 
  1.253e-01  1.251e-07  6.089e-07  6.137e-05  5.804e-05 -4.063e-06 -1.220e-05 -8.100e-05 
 -3.240e-01  6.089e-07  6.120e-06 -1.239e-05  3.297e-04 -2.482e-05 -6.892e-05 -4.662e-04 
  1.659e+02  6.137e-05 -1.239e-05  1.553e-01  5.016e-02 -1.899e-03 -1.186e-02 -7.004e-02 
  4.960e+01  5.804e-05  3.297e-04  5.016e-02  3.551e-02 -2.124e-03 -7.789e-03 -4.977e-02 
 -2.696e+00 -4.063e-06 -2.482e-05 -1.899e-03 -2.124e-03  1.532e-04  4.426e-04  2.966e-03 
 -1.058e+01 -1.220e-05 -6.892e-05 -1.186e-02 -7.789e-03  4.426e-04  1.731e-03  1.093e-02 
 -6.740e+01 -8.100e-05 -4.662e-04 -7.004e-02 -4.977e-02  2.966e-03  1.093e-02  6.978e-02 
ERR MATRIX APPROXIMATE
 PARAMETER  CORRELATION COEFFICIENTS  
       NO.  GLOBAL      1      3      4     20     21     22     23     24
        1  0.85650   1.000  0.459 -0.170  0.546  0.341 -0.282 -0.330 -0.331
        3  0.95918   0.459  1.000  0.696  0.440  0.871 -0.928 -0.829 -0.867
        4  0.99572  -0.170  0.696  1.000 -0.013  0.707 -0.810 -0.670 -0.713
       20  0.99108   0.546  0.440 -0.013  1.000  0.675 -0.389 -0.723 -0.673
       21  0.99999   0.341  0.871  0.707  0.675  1.000 -0.910 -0.994 -1.000
       22  0.99703  -0.282 -0.928 -0.810 -0.389 -0.910  1.000  0.859  0.907
       23  0.99982  -0.330 -0.829 -0.670 -0.723 -0.994  0.859  1.000  0.995
       24  0.99999  -0.331 -0.867 -0.713 -0.673 -1.000  0.907  0.995  1.000
 ERR MATRIX APPROXIMATE
MINUIT - FIT ONLY 1-CBO + wiggle
 **********
 **   16 **RES 
 **********
                   PARAMETER   16  beta_vw RESTORED TO VARIABLE.
                   PARAMETER   14  alpha_vw RESTORED TO VARIABLE.
                   PARAMETER   13  beta_y RESTORED TO VARIABLE.
                   PARAMETER   11  alpha_y RESTORED TO VARIABLE.
                   PARAMETER   10  beta_2CBO RESTORED TO VARIABLE.
                   PARAMETER    9  alpha_2CBO RESTORED TO VARIABLE.
                   PARAMETER    8  beta_CBO RESTORED TO VARIABLE.
                   PARAMETER    6  alpha_CBO RESTORED TO VARIABLE.
 **********
 **   17 **FIX            8
 **********
 **********
 **   18 **FIX            9
 **********
 **********
 **   19 **FIX           11
 **********
 **********
 **   20 **FIX           12
 **********
 PARAMETER   12  IS CONSTANT.   IGNORED.
 **********
 **   21 **FIX           14
 **********
 **********
 **   22 **FIX           15
 **********
 PARAMETER   15  IS CONSTANT.   IGNORED.
 **********
 **   23 **FIX           16
 **********
 **********
 **   24 **MIGRAD
 **********
 START MIGRAD MINIMIZATION.  STRATEGY  1.  CONVERGENCE WHEN EDM .LT. 1.00e-04
 FCN=169.22 FROM MIGRAD    STATUS=INITIATE       28 CALLS        1362 TOTAL
                     EDM= unknown      STRATEGY= 1      NO ERROR MATRIX       
  EXT PARAMETER               CURRENT GUESS       STEP         FIRST   
  NO.   NAME      VALUE            ERROR          SIZE      DERIVATIVE 
   1  N0           3.39606e+06   7.71692e+02  -2.76747e+00   6.13901e-05
   2  tau          6.43834e+01   constant   
   3  A0           3.53235e-01   3.53655e-04  -7.45335e-07  -1.16426e+03
   4  phi          4.11455e+00   2.47389e-03  -4.09426e-06   3.29696e+02
   5  R           -6.07281e+01   constant   
   6  alpha_CBO    0.00000e+00   1.00000e-03   1.00000e-03  -2.58269e+03
   7  w_CBO        2.32500e+00   constant   
   8  beta_CBO     0.00000e+00     fixed    
   9  alpha_2CBO   0.00000e+00     fixed    
  10  beta_2CBO    0.00000e+00   1.00000e-03   1.00000e-03  -1.37089e+04
  11  alpha_y      0.00000e+00     fixed    
  12  w_y          1.44500e+01   constant   
  13  beta_y       0.00000e+00   1.00000e-03   1.00000e-03  -1.34272e+05
  14  alpha_vw     0.00000e+00     fixed    
  15  w_vw         1.29000e+01   constant   
  16  beta_vw      0.00000e+00     fixed    
  17  LM          -7.06631e-04   constant   
  18  zeta_y       0.00000e+00   constant   
  19  zeta_vw      0.00000e+00   constant   
  20  T_CBO        1.22874e+01   3.94115e-01   2.99504e-04   2.14081e+02
  21  alpha_A0    -9.14174e-01   1.88438e-01   2.81968e-03   5.80734e+01
  22  beta_A0      9.28907e-02   1.23793e-02   4.42725e-04  -1.99970e+01
  23  alpha_phi    1.79480e-01   4.16016e-02  -1.29053e-03   1.05339e+01
  24  beta_phi     1.35046e+00   2.64159e-01  -4.73253e-03   4.32725e+01
 MIGRAD MINIMIZATION HAS CONVERGED.
 MIGRAD WILL VERIFY CONVERGENCE AND ERROR MATRIX.
 FCN=26.6477 FROM MIGRAD    STATUS=CONVERGED    1712 CALLS        3046 TOTAL
                     EDM=1.50075e-06    STRATEGY= 1      ERR MATRIX NOT POS-DEF
  EXT PARAMETER                APPROXIMATE        STEP         FIRST   
  NO.   NAME      VALUE            ERROR          SIZE      DERIVATIVE 
   1  N0           3.35802e+06   4.87705e+03   1.60123e+00   2.10822e-06
   2  tau          6.43834e+01   constant   
   3  A0           3.62654e-01   1.89277e-03   3.81208e-07  -4.27414e+00
   4  phi          4.07263e+00   4.70680e-03   1.94198e-06   6.80662e-01
   5  R           -6.07281e+01   constant   
   6  alpha_CBO   -1.09884e-03   1.36707e-03   4.52318e-07   1.29009e+00
   7  w_CBO        2.32500e+00   constant   
   8  beta_CBO     0.00000e+00     fixed    
   9  alpha_2CBO   0.00000e+00     fixed    
  10  beta_2CBO    3.96749e-03   1.00917e-03   4.78287e-07  -1.46828e+00
  11  alpha_y      0.00000e+00     fixed    
  12  w_y          1.44500e+01   constant   
  13  beta_y       1.97227e-03   1.82031e-04   4.46458e-07  -3.64493e-01
  14  alpha_vw     0.00000e+00     fixed    
  15  w_vw         1.29000e+01   constant   
  16  beta_vw      0.00000e+00     fixed    
  17  LM          -7.06631e-04   constant   
  18  zeta_y       0.00000e+00   constant   
  19  zeta_vw      0.00000e+00   constant   
  20  T_CBO        1.37740e+01   2.64627e-01   6.36830e-07   5.02147e+00
  21  alpha_A0    -1.74754e+00   1.75446e-01   5.64297e-05  -9.36142e-03
  22  beta_A0     -1.57740e+00   1.59364e-01   4.65597e-05  -3.19204e-02
  23  alpha_phi   -1.55807e+00   1.59039e-01   4.41125e-05  -4.75637e-02
  24  beta_phi     2.90838e+00   2.53511e-01   5.69308e-05   1.08722e-02
 EXTERNAL ERROR MATRIX.    NDIM=  25    NPAR= 11    ERR DEF=1
  2.379e+07 
  9.981e-01  3.583e-06 
  4.221e+00 -8.423e-07  2.215e-05 
  2.492e+00  1.825e-06  1.499e-06  1.869e-06 
  1.575e+00  4.795e-07 -3.328e-06 -2.623e-07  1.018e-06 
 -6.728e-02 -3.507e-08  7.483e-08 -4.668e-08 -3.507e-09  3.314e-08 
 -4.110e+02  8.376e-05 -5.186e-04 -2.016e-05  4.807e-05 -1.558e-06  7.003e-02 
  3.023e+02  1.009e-04  2.704e-04  4.526e-06  4.263e-05  3.677e-06  1.407e-02  3.078e-02 
  4.073e+02 -1.470e-04 -9.927e-05 -5.563e-05  4.585e-05 -7.379e-07  1.314e-02  7.726e-03  2.540e-02 
  3.122e+02 -1.586e-04  8.343e-06 -7.670e-06 -1.435e-05 -1.869e-06  1.263e-02  5.519e-04  2.224e-02  2.529e-02 
  3.634e+01 -5.674e-05 -8.319e-04 -8.559e-05  1.423e-04 -3.036e-06 -2.338e-02 -2.722e-02 -2.822e-03 -7.840e-03  6.427e-02 
ERR MATRIX NOT POS-DEF
 PARAMETER  CORRELATION COEFFICIENTS  
       NO.  GLOBAL      1      3      4      6     10     13     20     21     22     23     24
        1  0.99616   1.000  0.108  0.184  0.374  0.320 -0.076 -0.318  0.353  0.524  0.403  0.029
        3  0.99693   0.108  1.000 -0.095  0.705  0.251 -0.102  0.167  0.304 -0.487 -0.527 -0.118
        4  0.99598   0.184 -0.095  1.000  0.233 -0.701  0.087 -0.416  0.327 -0.132  0.011 -0.697
        6  0.99169   0.374  0.705  0.233  1.000 -0.190 -0.188 -0.056  0.019 -0.255 -0.035 -0.247
       10  0.98288   0.320  0.251 -0.701 -0.190  1.000 -0.019  0.180  0.241  0.285 -0.089  0.556
       13  0.30137  -0.076 -0.102  0.087 -0.188 -0.019  1.000 -0.032  0.115 -0.025 -0.065 -0.066
       20  0.99735  -0.318  0.167 -0.416 -0.056  0.180 -0.032  1.000  0.303  0.312  0.300 -0.348
       21  0.99215   0.353  0.304  0.327  0.019  0.241  0.115  0.303  1.000  0.276  0.020 -0.612
       22  0.99353   0.524 -0.487 -0.132 -0.255  0.285 -0.025  0.312  0.276  1.000  0.878 -0.070
       23  0.99417   0.403 -0.527  0.011 -0.035 -0.089 -0.065  0.300  0.020  0.878  1.000 -0.194
       24  0.99618   0.029 -0.118 -0.697 -0.247  0.556 -0.066 -0.348 -0.612 -0.070 -0.194  1.000
 ERR MATRIX NOT POS-DEF
MINUIT - FIT ONLY 2-CBO
 **********
 **   25 **RES 
 **********
                   PARAMETER   16  beta_vw RESTORED TO VARIABLE.
                   PARAMETER   14  alpha_vw RESTORED TO VARIABLE.
                   PARAMETER   11  alpha_y RESTORED TO VARIABLE.
                   PARAMETER    9  alpha_2CBO RESTORED TO VARIABLE.
                   PARAMETER    8  beta_CBO RESTORED TO VARIABLE.
 **********
 **   26 **FIX            0
 **********
 PARAMETER    0  IS UNDEFINED. IGNORED.
 **********
 **   27 **FIX            1
 **********
 **********
 **   28 **FIX            2
 **********
 PARAMETER    2  IS CONSTANT.   IGNORED.
 **********
 **   29 **FIX            3
 **********
 **********
 **   30 **FIX            4
 **********
 **********
 **   31 **FIX            5
 **********
 PARAMETER    5  IS CONSTANT.   IGNORED.
 **********
 **   32 **FIX            6
 **********
 **********
 **   33 **FIX            7
 **********
 PARAMETER    7  IS CONSTANT.   IGNORED.
 **********
 **   34 **FIX           10
 **********
 **********
 **   35 **FIX           11
 **********
 **********
 **   36 **FIX           12
 **********
 PARAMETER   12  IS CONSTANT.   IGNORED.
 **********
 **   37 **FIX           13
 **********
 **********
 **   38 **FIX           14
 **********
 **********
 **   39 **FIX           15
 **********
 PARAMETER   15  IS CONSTANT.   IGNORED.
 **********
 **   40 **FIX           16
 **********
 **********
 **   41 **MIGRAD
 **********
 START MIGRAD MINIMIZATION.  STRATEGY  1.  CONVERGENCE WHEN EDM .LT. 1.00e-04
 FCN=26.6477 FROM MIGRAD    STATUS=INITIATE       18 CALLS        3064 TOTAL
                     EDM= unknown      STRATEGY= 1      NO ERROR MATRIX       
  EXT PARAMETER               CURRENT GUESS       STEP         FIRST   
  NO.   NAME      VALUE            ERROR          SIZE      DERIVATIVE 
   1  N0           3.35802e+06     fixed    
   2  tau          6.43834e+01   constant   
   3  A0           3.62654e-01     fixed    
   4  phi          4.07263e+00     fixed    
   5  R           -6.07281e+01   constant   
   6  alpha_CBO   -1.09884e-03     fixed    
   7  w_CBO        2.32500e+00   constant   
   8  beta_CBO     0.00000e+00   1.00000e-03   1.00000e-03  -7.69096e+00
   9  alpha_2CBO   0.00000e+00   1.00000e-03   1.00000e-03  -7.70296e+01
  10  beta_2CBO    3.96749e-03     fixed    
  11  alpha_y      0.00000e+00     fixed    
  12  w_y          1.44500e+01   constant   
  13  beta_y       1.97227e-03     fixed    
  14  alpha_vw     0.00000e+00     fixed    
  15  w_vw         1.29000e+01   constant   
  16  beta_vw      0.00000e+00     fixed    
  17  LM          -7.06631e-04   constant   
  18  zeta_y       0.00000e+00   constant   
  19  zeta_vw      0.00000e+00   constant   
  20  T_CBO        1.37740e+01   2.64627e-01   6.36830e-07   5.02167e+00
  21  alpha_A0    -1.74754e+00   1.75446e-01   5.64297e-05  -9.35994e-03
  22  beta_A0     -1.57740e+00   1.59364e-01   4.65597e-05  -3.19224e-02
  23  alpha_phi   -1.55807e+00   1.59039e-01   4.41125e-05  -4.75637e-02
  24  beta_phi     2.90838e+00   2.53511e-01   5.69308e-05   1.08722e-02
 MIGRAD MINIMIZATION HAS CONVERGED.
 MIGRAD WILL VERIFY CONVERGENCE AND ERROR MATRIX.
 FCN=26.6473 FROM MIGRAD    STATUS=CONVERGED     132 CALLS        3178 TOTAL
                     EDM=1.93663e-05    STRATEGY= 1      ERR MATRIX NOT POS-DEF
  EXT PARAMETER                APPROXIMATE        STEP         FIRST   
  NO.   NAME      VALUE            ERROR          SIZE      DERIVATIVE 
   1  N0           3.35802e+06     fixed    
   2  tau          6.43834e+01   constant   
   3  A0           3.62654e-01     fixed    
   4  phi          4.07263e+00     fixed    
   5  R           -6.07281e+01   constant   
   6  alpha_CBO   -1.09884e-03     fixed    
   7  w_CBO        2.32500e+00   constant   
   8  beta_CBO     1.22363e-06   3.60663e-04   4.73605e-07   8.80101e-01
   9  alpha_2CBO   1.06118e-05   5.12775e-04   4.48353e-07  -4.16367e+00
  10  beta_2CBO    3.96749e-03     fixed    
  11  alpha_y      0.00000e+00     fixed    
  12  w_y          1.44500e+01   constant   
  13  beta_y       1.97227e-03     fixed    
  14  alpha_vw     0.00000e+00     fixed    
  15  w_vw         1.29000e+01   constant   
  16  beta_vw      0.00000e+00     fixed    
  17  LM          -7.06631e-04   constant   
  18  zeta_y       0.00000e+00   constant   
  19  zeta_vw      0.00000e+00   constant   
  20  T_CBO        1.37739e+01   2.77446e-01   6.36830e-07  -1.67667e+01
  21  alpha_A0    -1.74697e+00   1.24322e-01   5.64184e-05   4.69195e-02
  22  beta_A0     -1.57826e+00   1.18762e-01   4.65513e-05   1.59048e-02
  23  alpha_phi   -1.55753e+00   1.15948e-01   4.41063e-05   4.19355e-02
  24  beta_phi     2.90841e+00   2.03551e-01   5.69259e-05  -1.35409e-01
 EXTERNAL ERROR MATRIX.    NDIM=  25    NPAR=  7    ERR DEF=1
  1.301e-07  4.161e-08  1.069e-05  3.761e-06 -1.561e-06  8.299e-06  5.403e-06 
  4.161e-08  2.629e-07  5.203e-07  1.409e-05 -2.080e-05  1.404e-05  1.435e-06 
  1.069e-05  5.203e-07  7.698e-02  3.292e-02  3.043e-02  3.085e-02 -5.517e-02 
  3.761e-06  1.409e-05  3.292e-02  1.546e-02  1.192e-02  1.377e-02 -2.397e-02 
 -1.561e-06 -2.080e-05  3.043e-02  1.192e-02  1.410e-02  1.101e-02 -2.223e-02 
  8.299e-06  1.404e-05  3.085e-02  1.377e-02  1.101e-02  1.344e-02 -2.177e-02 
  5.403e-06  1.435e-06 -5.517e-02 -2.397e-02 -2.223e-02 -2.177e-02  4.143e-02 
ERR MATRIX NOT POS-DEF
 PARAMETER  CORRELATION COEFFICIENTS  
       NO.  GLOBAL      8      9     20     21     22     23     24
        8  0.85969   1.000  0.225  0.107  0.084 -0.036  0.198  0.074
        9  0.94038   0.225  1.000  0.004  0.221 -0.342  0.236  0.014
       20  0.99758   0.107  0.004  1.000  0.954  0.924  0.959 -0.977
       21  0.98429   0.084  0.221  0.954  1.000  0.807  0.955 -0.947
       22  0.98831  -0.036 -0.342  0.924  0.807  1.000  0.799 -0.920
       23  0.98899   0.198  0.236  0.959  0.955  0.799  1.000 -0.922
       24  0.99406   0.074  0.014 -0.977 -0.947 -0.920 -0.922  1.000
 ERR MATRIX NOT POS-DEF
MINUIT - FIT wiggle + 1-CBO + 2-CBO
 **********
 **   42 **RES 
 **********
                   PARAMETER   16  beta_vw RESTORED TO VARIABLE.
                   PARAMETER   14  alpha_vw RESTORED TO VARIABLE.
                   PARAMETER   13  beta_y RESTORED TO VARIABLE.
                   PARAMETER   11  alpha_y RESTORED TO VARIABLE.
                   PARAMETER   10  beta_2CBO RESTORED TO VARIABLE.
                   PARAMETER    6  alpha_CBO RESTORED TO VARIABLE.
                   PARAMETER    4  phi RESTORED TO VARIABLE.
                   PARAMETER    3  A0 RESTORED TO VARIABLE.
                   PARAMETER    1  N0 RESTORED TO VARIABLE.
 **********
 **   43 **FIX           10
 **********
 **********
 **   44 **FIX           11
 **********
 **********
 **   45 **FIX           12
 **********
 PARAMETER   12  IS CONSTANT.   IGNORED.
 **********
 **   46 **FIX           13
 **********
 **********
 **   47 **FIX           14
 **********
 **********
 **   48 **FIX           15
 **********
 PARAMETER   15  IS CONSTANT.   IGNORED.
 **********
 **   49 **FIX           16
 **********
 **********
 **   50 **MIGRAD
 **********
 START MIGRAD MINIMIZATION.  STRATEGY  1.  CONVERGENCE WHEN EDM .LT. 1.00e-04
 FCN=26.6473 FROM MIGRAD    STATUS=INITIATE       22 CALLS        3200 TOTAL
                     EDM= unknown      STRATEGY= 1      NO ERROR MATRIX       
  EXT PARAMETER               CURRENT GUESS       STEP         FIRST   
  NO.   NAME      VALUE            ERROR          SIZE      DERIVATIVE 
   1  N0           3.35802e+06   4.87705e+03   4.87705e+03  -3.86053e-07
   2  tau          6.43834e+01   constant   
   3  A0           3.62654e-01   1.89277e-03   1.89277e-03   2.03051e+01
   4  phi          4.07263e+00   4.70680e-03   4.70680e-03  -5.81848e+00
   5  R           -6.07281e+01   constant   
   6  alpha_CBO   -1.09884e-03   1.36707e-03   1.36707e-03  -4.00503e+01
   7  w_CBO        2.32500e+00   constant   
   8  beta_CBO     1.22363e-06   3.60663e-04   4.73605e-07   8.80086e-01
   9  alpha_2CBO   1.06118e-05   5.12775e-04   4.48353e-07  -4.16368e+00
  10  beta_2CBO    3.96749e-03     fixed    
  11  alpha_y      0.00000e+00     fixed    
  12  w_y          1.44500e+01   constant   
  13  beta_y       1.97227e-03     fixed    
  14  alpha_vw     0.00000e+00     fixed    
  15  w_vw         1.29000e+01   constant   
  16  beta_vw      0.00000e+00     fixed    
  17  LM          -7.06631e-04   constant   
  18  zeta_y       0.00000e+00   constant   
  19  zeta_vw      0.00000e+00   constant   
  20  T_CBO        1.37739e+01   2.77446e-01   6.36830e-07  -1.67664e+01
  21  alpha_A0    -1.74697e+00   1.24322e-01   5.64184e-05   4.69203e-02
  22  beta_A0     -1.57826e+00   1.18762e-01   4.65513e-05   1.59030e-02
  23  alpha_phi   -1.55753e+00   1.15948e-01   4.41063e-05   4.19356e-02
  24  beta_phi     2.90841e+00   2.03551e-01   5.69259e-05  -1.35409e-01
 MIGRAD MINIMIZATION HAS CONVERGED.
 FCN=26.6411 FROM MIGRAD    STATUS=CONVERGED     220 CALLS        3398 TOTAL
                     EDM=4.98826e-06    STRATEGY= 1  ERROR MATRIX UNCERTAINTY   8.9 per cent
  EXT PARAMETER                                   STEP         FIRST   
  NO.   NAME      VALUE            ERROR          SIZE      DERIVATIVE 
   1  N0           3.35799e+06   5.86412e+02   1.13270e+00  -3.99510e-06
   2  tau          6.43834e+01   constant   
   3  A0           3.62661e-01   1.63084e-04  -2.34651e-07  -6.55547e+00
   4  phi          4.07281e+00   2.26390e-03  -2.69414e-06  -3.09431e+00
   5  R           -6.07281e+01   constant   
   6  alpha_CBO   -8.89210e-04   2.65747e-03  -3.26031e-06  -1.47265e+00
   7  w_CBO        2.32500e+00   constant   
   8  beta_CBO     1.93591e-04   2.45804e-03  -3.25548e-06   2.43721e+00
   9  alpha_2CBO   1.50292e-04   1.85390e-03  -1.42021e-06   9.22505e+00
  10  beta_2CBO    3.96749e-03     fixed    
  11  alpha_y      0.00000e+00     fixed    
  12  w_y          1.44500e+01   constant   
  13  beta_y       1.97227e-03     fixed    
  14  alpha_vw     0.00000e+00     fixed    
  15  w_vw         1.29000e+01   constant   
  16  beta_vw      0.00000e+00     fixed    
  17  LM          -7.06631e-04   constant   
  18  zeta_y       0.00000e+00   constant   
  19  zeta_vw      0.00000e+00   constant   
  20  T_CBO        1.37793e+01   7.26562e-02  -9.63813e-07   1.11901e+01
  21  alpha_A0    -1.75790e+00   1.43651e-01   1.99604e-04  -7.18230e-02
  22  beta_A0     -1.59070e+00   1.64340e-01   1.78500e-04  -2.84090e-02
  23  alpha_phi   -1.53396e+00   3.00860e-01  -3.64039e-04  -1.16872e-01
  24  beta_phi     2.92268e+00   1.84085e-01  -2.63744e-04   5.59317e-03
 EXTERNAL ERROR MATRIX.    NDIM=  25    NPAR= 11    ERR DEF=1
  3.439e+05 
 -2.295e-02  2.660e-08 
 -8.075e-01  1.739e-07  5.125e-06 
 -9.339e-01  2.148e-07  5.921e-06  7.062e-06 
 -8.333e-01  2.038e-07  5.442e-06  6.477e-06  6.042e-06 
 -5.466e-01  1.230e-07  3.909e-06  4.722e-06  4.354e-06  3.437e-06 
 -2.636e+01  6.389e-06  1.544e-04  1.852e-04  1.727e-04  1.217e-04  5.279e-03 
  5.510e+01 -1.172e-05 -3.144e-04 -3.720e-04 -3.399e-04 -2.358e-04 -9.802e-03  2.064e-02 
  5.310e+01 -1.168e-05 -3.500e-04 -4.222e-04 -3.898e-04 -3.021e-04 -1.096e-02  2.134e-02  2.701e-02 
 -1.009e+02  2.235e-05  6.620e-04  7.932e-04  7.315e-04  5.475e-04  2.084e-02 -4.109e-02 -4.874e-02  9.052e-02 
 -6.201e+01  1.511e-05  4.013e-04  4.817e-04  4.493e-04  3.256e-04  1.282e-02 -2.523e-02 -2.916e-02  5.454e-02  3.389e-02 
 PARAMETER  CORRELATION COEFFICIENTS  
       NO.  GLOBAL      1      3      4      6      8      9     20     21     22     23     24
        1  0.78436   1.000 -0.240 -0.608 -0.599 -0.578 -0.503 -0.619  0.654  0.551 -0.572 -0.574
        3  0.71765  -0.240  1.000  0.471  0.496  0.509  0.407  0.539 -0.500 -0.436  0.456  0.503
        4  0.98910  -0.608  0.471  1.000  0.984  0.978  0.931  0.939 -0.967 -0.941  0.972  0.963
        6  0.99808  -0.599  0.496  0.984  1.000  0.992  0.958  0.959 -0.974 -0.967  0.992  0.985
        8  0.99753  -0.578  0.509  0.978  0.992  1.000  0.955  0.967 -0.963 -0.965  0.989  0.993
        9  0.99639  -0.503  0.407  0.931  0.958  0.955  1.000  0.904 -0.885 -0.992  0.982  0.954
       20  0.98045  -0.619  0.539  0.939  0.959  0.967  0.904  1.000 -0.939 -0.918  0.953  0.959
       21  0.99153   0.654 -0.500 -0.967 -0.974 -0.963 -0.885 -0.939  1.000  0.904 -0.951 -0.954
       22  0.99519   0.551 -0.436 -0.941 -0.967 -0.965 -0.992 -0.918  0.904  1.000 -0.986 -0.964
       23  0.99899  -0.572  0.456  0.972  0.992  0.989  0.982  0.953 -0.951 -0.986  1.000  0.985
       24  0.99441  -0.574  0.503  0.963  0.985  0.993  0.954  0.959 -0.954 -0.964  0.985  1.000
MINUIT - FIT ONLY 1-y
 **********
 **   51 **RES 
 **********
                   PARAMETER   16  beta_vw RESTORED TO VARIABLE.
                   PARAMETER   14  alpha_vw RESTORED TO VARIABLE.
                   PARAMETER   13  beta_y RESTORED TO VARIABLE.
                   PARAMETER   11  alpha_y RESTORED TO VARIABLE.
                   PARAMETER   10  beta_2CBO RESTORED TO VARIABLE.
 **********
 **   52 **FIX            0
 **********
 PARAMETER    0  IS UNDEFINED. IGNORED.
 **********
 **   53 **FIX            1
 **********
 **********
 **   54 **FIX            2
 **********
 PARAMETER    2  IS CONSTANT.   IGNORED.
 **********
 **   55 **FIX            3
 **********
 **********
 **   56 **FIX            4
 **********
 **********
 **   57 **FIX            5
 **********
 PARAMETER    5  IS CONSTANT.   IGNORED.
 **********
 **   58 **FIX            6
 **********
 **********
 **   59 **FIX            7
 **********
 PARAMETER    7  IS CONSTANT.   IGNORED.
 **********
 **   60 **FIX            8
 **********
 **********
 **   61 **FIX            9
 **********
 **********
 **   62 **FIX           13
 **********
 **********
 **   63 **FIX           14
 **********
 **********
 **   64 **FIX           15
 **********
 PARAMETER   15  IS CONSTANT.   IGNORED.
 **********
 **   65 **FIX           16
 **********
 **********
 **   66 **MIGRAD
 **********
 START MIGRAD MINIMIZATION.  STRATEGY  1.  CONVERGENCE WHEN EDM .LT. 1.00e-04
 FCN=26.6411 FROM MIGRAD    STATUS=INITIATE       16 CALLS        3414 TOTAL
                     EDM= unknown      STRATEGY= 1      NO ERROR MATRIX       
  EXT PARAMETER               CURRENT GUESS       STEP         FIRST   
  NO.   NAME      VALUE            ERROR          SIZE      DERIVATIVE 
   1  N0           3.35799e+06     fixed    
   2  tau          6.43834e+01   constant   
   3  A0           3.62661e-01     fixed    
   4  phi          4.07281e+00     fixed    
   5  R           -6.07281e+01   constant   
   6  alpha_CBO   -8.89210e-04     fixed    
   7  w_CBO        2.32500e+00   constant   
   8  beta_CBO     1.93591e-04     fixed    
   9  alpha_2CBO   1.50292e-04     fixed    
  10  beta_2CBO    3.96749e-03   1.00917e-03   1.00917e-03  -6.57681e+01
  11  alpha_y      0.00000e+00   1.00000e-03   1.00000e-03   3.75536e+04
  12  w_y          1.44500e+01   constant   
  13  beta_y       1.97227e-03     fixed    
  14  alpha_vw     0.00000e+00     fixed    
  15  w_vw         1.29000e+01   constant   
  16  beta_vw      0.00000e+00     fixed    
  17  LM          -7.06631e-04   constant   
  18  zeta_y       0.00000e+00   constant   
  19  zeta_vw      0.00000e+00   constant   
  20  T_CBO        1.37793e+01   7.26562e-02  -9.63813e-07   1.11901e+01
  21  alpha_A0    -1.75790e+00   1.43651e-01   1.99604e-04  -7.18232e-02
  22  beta_A0     -1.59070e+00   1.64340e-01   1.78500e-04  -2.84092e-02
  23  alpha_phi   -1.53396e+00   3.00860e-01  -3.64039e-04  -1.16872e-01
  24  beta_phi     2.92268e+00   1.84085e-01  -2.63744e-04   5.59321e-03
 MIGRAD MINIMIZATION HAS CONVERGED.
 MIGRAD WILL VERIFY CONVERGENCE AND ERROR MATRIX.
 FCN=14.0822 FROM MIGRAD    STATUS=CONVERGED     159 CALLS        3557 TOTAL
                     EDM=2.67653e-06    STRATEGY= 1      ERR MATRIX NOT POS-DEF
  EXT PARAMETER                APPROXIMATE        STEP         FIRST   
  NO.   NAME      VALUE            ERROR          SIZE      DERIVATIVE 
   1  N0           3.35799e+06     fixed    
   2  tau          6.43834e+01   constant   
   3  A0           3.62661e-01     fixed    
   4  phi          4.07281e+00     fixed    
   5  R           -6.07281e+01   constant   
   6  alpha_CBO   -8.89210e-04     fixed    
   7  w_CBO        2.32500e+00   constant   
   8  beta_CBO     1.93591e-04     fixed    
   9  alpha_2CBO   1.50292e-04     fixed    
  10  beta_2CBO    4.09666e-03   2.84379e-04   3.53249e-07   1.02698e-01
  11  alpha_y     -6.68630e-04   1.88452e-04   3.54780e-07  -5.06539e-01
  12  w_y          1.44500e+01   constant   
  13  beta_y       1.97227e-03     fixed    
  14  alpha_vw     0.00000e+00     fixed    
  15  w_vw         1.29000e+01   constant   
  16  beta_vw      0.00000e+00     fixed    
  17  LM          -7.06631e-04   constant   
  18  zeta_y       0.00000e+00   constant   
  19  zeta_vw      0.00000e+00   constant   
  20  T_CBO        1.37795e+01   2.96669e-01   6.36807e-07   2.86846e+00
  21  alpha_A0    -1.74992e+00   1.30076e-01   4.16325e-05  -3.04576e-02
  22  beta_A0     -1.58716e+00   1.20102e-01   3.43358e-05   7.91030e-03
  23  alpha_phi   -1.53549e+00   1.18251e-01   3.25224e-05  -5.83278e-02
  24  beta_phi     2.92905e+00   2.21125e-01   4.19945e-05  -2.01943e-03
 EXTERNAL ERROR MATRIX.    NDIM=  25    NPAR=  7    ERR DEF=1
  8.087e-08 -6.664e-09 -5.148e-06  1.723e-06 -4.244e-07 -3.496e-06  8.215e-06 
 -6.664e-09  3.551e-08 -4.052e-08 -4.271e-07 -1.971e-07  6.487e-08 -3.041e-07 
 -5.148e-06 -4.052e-08  8.801e-02  3.771e-02  3.516e-02  3.464e-02 -6.508e-02 
  1.723e-06 -4.271e-07  3.771e-02  1.692e-02  1.509e-02  1.466e-02 -2.783e-02 
 -4.244e-07 -1.971e-07  3.516e-02  1.509e-02  1.442e-02  1.376e-02 -2.593e-02 
 -3.496e-06  6.487e-08  3.464e-02  1.466e-02  1.376e-02  1.398e-02 -2.564e-02 
  8.215e-06 -3.041e-07 -6.508e-02 -2.783e-02 -2.593e-02 -2.564e-02  4.890e-02 
ERR MATRIX NOT POS-DEF
 PARAMETER  CORRELATION COEFFICIENTS  
       NO.  GLOBAL     10     11     20     21     22     23     24
       10  0.75620   1.000 -0.124 -0.061  0.047 -0.012 -0.104  0.131
       11  0.12861  -0.124  1.000 -0.001 -0.017 -0.009  0.003 -0.007
       20  0.99788  -0.061 -0.001  1.000  0.977  0.987  0.987 -0.992
       21  0.98568   0.047 -0.017  0.977  1.000  0.966  0.953 -0.967
       22  0.98860  -0.012 -0.009  0.987  0.966  1.000  0.969 -0.976
       23  0.98945  -0.104  0.003  0.987  0.953  0.969  1.000 -0.980
       24  0.99498   0.131 -0.007 -0.992 -0.967 -0.976 -0.980  1.000
 ERR MATRIX NOT POS-DEF
MINUIT - FIT ONLY 2-y
 **********
 **   67 **RES 
 **********
                   PARAMETER   16  beta_vw RESTORED TO VARIABLE.
                   PARAMETER   14  alpha_vw RESTORED TO VARIABLE.
                   PARAMETER   13  beta_y RESTORED TO VARIABLE.
                   PARAMETER    9  alpha_2CBO RESTORED TO VARIABLE.
                   PARAMETER    8  beta_CBO RESTORED TO VARIABLE.
                   PARAMETER    6  alpha_CBO RESTORED TO VARIABLE.
                   PARAMETER    4  phi RESTORED TO VARIABLE.
                   PARAMETER    3  A0 RESTORED TO VARIABLE.
                   PARAMETER    1  N0 RESTORED TO VARIABLE.
 **********
 **   68 **FIX            0
 **********
 PARAMETER    0  IS UNDEFINED. IGNORED.
 **********
 **   69 **FIX            1
 **********
 **********
 **   70 **FIX            2
 **********
 PARAMETER    2  IS CONSTANT.   IGNORED.
 **********
 **   71 **FIX            3
 **********
 **********
 **   72 **FIX            4
 **********
 **********
 **   73 **FIX            5
 **********
 PARAMETER    5  IS CONSTANT.   IGNORED.
 **********
 **   74 **FIX            6
 **********
 **********
 **   75 **FIX            7
 **********
 PARAMETER    7  IS CONSTANT.   IGNORED.
 **********
 **   76 **FIX            8
 **********
 **********
 **   77 **FIX            9
 **********
 **********
 **   78 **FIX           10
 **********
 **********
 **   79 **FIX           11
 **********
 **********
 **   80 **FIX           12
 **********
 PARAMETER   12  IS CONSTANT.   IGNORED.
 **********
 **   81 **FIX           16
 **********
 **********
 **   82 **MIGRAD
 **********
 START MIGRAD MINIMIZATION.  STRATEGY  1.  CONVERGENCE WHEN EDM .LT. 1.00e-04
 FCN=14.0822 FROM MIGRAD    STATUS=INITIATE       16 CALLS        3573 TOTAL
                     EDM= unknown      STRATEGY= 1      NO ERROR MATRIX       
  EXT PARAMETER               CURRENT GUESS       STEP         FIRST   
  NO.   NAME      VALUE            ERROR          SIZE      DERIVATIVE 
   1  N0           3.35799e+06     fixed    
   2  tau          6.43834e+01   constant   
   3  A0           3.62661e-01     fixed    
   4  phi          4.07281e+00     fixed    
   5  R           -6.07281e+01   constant   
   6  alpha_CBO   -8.89210e-04     fixed    
   7  w_CBO        2.32500e+00   constant   
   8  beta_CBO     1.93591e-04     fixed    
   9  alpha_2CBO   1.50292e-04     fixed    
  10  beta_2CBO    4.09666e-03     fixed    
  11  alpha_y     -6.68630e-04     fixed    
  12  w_y          1.44500e+01   constant   
  13  beta_y       1.97227e-03   1.82031e-04   1.82031e-04  -4.05837e+02
  14  alpha_vw     0.00000e+00   1.00000e-03   1.00000e-03   2.22019e+04
  15  w_vw         1.29000e+01   constant   
  16  beta_vw      0.00000e+00     fixed    
  17  LM          -7.06631e-04   constant   
  18  zeta_y       0.00000e+00   constant   
  19  zeta_vw      0.00000e+00   constant   
  20  T_CBO        1.37795e+01   2.96669e-01   6.36807e-07   2.86864e+00
  21  alpha_A0    -1.74992e+00   1.30076e-01   4.16325e-05  -3.04577e-02
  22  beta_A0     -1.58716e+00   1.20102e-01   3.43358e-05   7.90859e-03
  23  alpha_phi   -1.53549e+00   1.18251e-01   3.25224e-05  -5.83277e-02
  24  beta_phi     2.92905e+00   2.21125e-01   4.19945e-05  -2.01936e-03
 MIGRAD MINIMIZATION HAS CONVERGED.
 MIGRAD WILL VERIFY CONVERGENCE AND ERROR MATRIX.
 FCN=9.63783 FROM HESSE     STATUS=NOT POSDEF     50 CALLS        3716 TOTAL
                     EDM=0.000928888    STRATEGY= 1      ERR MATRIX NOT POS-DEF
  EXT PARAMETER                APPROXIMATE        STEP         FIRST   
  NO.   NAME      VALUE            ERROR          SIZE      DERIVATIVE 
   1  N0           3.35799e+06     fixed    
   2  tau          6.43834e+01   constant   
   3  A0           3.62661e-01     fixed    
   4  phi          4.07281e+00     fixed    
   5  R           -6.07281e+01   constant   
   6  alpha_CBO   -8.89210e-04     fixed    
   7  w_CBO        2.32500e+00   constant   
   8  beta_CBO     1.93591e-04     fixed    
   9  alpha_2CBO   1.50292e-04     fixed    
  10  beta_2CBO    4.09666e-03     fixed    
  11  alpha_y     -6.68630e-04     fixed    
  12  w_y          1.44500e+01   constant   
  13  beta_y       1.83930e-03   1.88183e-04   2.76945e-07   3.19388e-01
  14  alpha_vw    -4.02815e-04   1.90842e-04   2.83600e-07  -6.36253e-02
  15  w_vw         1.29000e+01   constant   
  16  beta_vw      0.00000e+00     fixed    
  17  LM          -7.06631e-04   constant   
  18  zeta_y       0.00000e+00   constant   
  19  zeta_vw      0.00000e+00   constant   
  20  T_CBO        1.37804e+01   2.96939e-01   6.36804e-07  -9.71118e+00
  21  alpha_A0    -1.75546e+00   1.30677e-01   3.49595e-05  -4.26295e-02
  22  beta_A0     -1.58202e+00   1.20099e-01   2.88323e-05  -4.29342e-02
  23  alpha_phi   -1.53579e+00   1.17930e-01   2.73059e-05  -4.22673e-02
  24  beta_phi     2.93095e+00   2.19940e-01   3.52559e-05   9.44942e-02
 CALL LIMIT EXCEEDED IN MIGRAD.
 MIGRAD TERMINATED WITHOUT CONVERGENCE.
 FCN=9.44539 FROM MIGRAD    STATUS=CALL LIMIT   1159 CALLS        4716 TOTAL
                     EDM=4.25423e-05    STRATEGY= 1      ERR MATRIX NOT POS-DEF
  EXT PARAMETER                APPROXIMATE        STEP         FIRST   
  NO.   NAME      VALUE            ERROR          SIZE      DERIVATIVE 
   1  N0           3.35799e+06     fixed    
   2  tau          6.43834e+01   constant   
   3  A0           3.62661e-01     fixed    
   4  phi          4.07281e+00     fixed    
   5  R           -6.07281e+01   constant   
   6  alpha_CBO   -8.89210e-04     fixed    
   7  w_CBO        2.32500e+00   constant   
   8  beta_CBO     1.93591e-04     fixed    
   9  alpha_2CBO   1.50292e-04     fixed    
  10  beta_2CBO    4.09666e-03     fixed    
  11  alpha_y     -6.68630e-04     fixed    
  12  w_y          1.44500e+01   constant   
  13  beta_y       1.83610e-03   1.87526e-04  -6.03415e-08  -3.29051e+00
  14  alpha_vw    -4.19671e-04   1.92311e-04  -2.09696e-07  -1.65677e+00
  15  w_vw         1.29000e+01   constant   
  16  beta_vw      0.00000e+00     fixed    
  17  LM          -7.06631e-04   constant   
  18  zeta_y       0.00000e+00   constant   
