 + ++++++++++++++++++++++++++++++++++++++++++++++++++++++++++++++++++++ +
 +                                                                      +
 +           You have chose to blind your fitting according to          +
 +                omega_ref * (1 + (R +/- deltaR) *10^{-6})             +
 +                                                                      +
 + ++++++++++++++++++++++++++++++++++++++++++++++++++++++++++++++++++++ +
In main()...
reading format from /gm2data/zkhechad/run45/envelope/formats/formatB_sBin_constraintOn.txt
pBinTau 	= 0  
pBinPhi 	= 0  
constraintau 	= 1 
includeMopTerm 	= 0    
constrainMop    = 0   
Parameters after format file: pBinTau 0 pBinPhi 0 constraintau 1 includeMopTerm 0 constrainMop 0 c_e_scale 0.000000 
Opening file /gm2data/tbarrett/gm2fr/studies/run23_bunch_corrections/CorrectedFourier_Run3b.root.
reading full fit data from /gm2data/zkhechad/cboTemplates/Run4CBOTemplates/templateFits0_v2.0/noRF/sBin_constraintOn_cE0.0_seed0_noRF_calo17.root
windowBins = 17
fitting sliding window 252 from bin 388 at 57.740400 to bin 405 at 60.426000 (17 bins)

Reading data from /gm2data/cornell/histograms/aMethod/histogram_a_noRF.root
 **********
 **    1 **SET PRINTOUT            1
 **********
 **********
 **    2 **SET NOWARNINGS 
 **********
 PARAMETER DEFINITIONS:
    NO.   NAME         VALUE      STEP SIZE      LIMITS
     1 N0           3.18443e+06  1.00000e+02     no limits
     2 tau          6.43838e+01  constant
     3 A0           3.45292e-01  1.00000e-04     no limits
     4 phi          4.12003e+00  1.00000e-02     no limits
     5 R           -6.09625e+01  constant
     6 alpha_CBO    0.00000e+00  1.00000e-03     no limits
     7 w_CBO        2.32500e+00  constant
     8 beta_CBO     0.00000e+00  1.00000e-03     no limits
     9 alpha_2CBO   0.00000e+00  1.00000e-03     no limits
    10 beta_2CBO    0.00000e+00  1.00000e-03     no limits
    11 alpha_y      0.00000e+00  1.00000e-03     no limits
    12 w_y          1.44500e+01  constant
    13 beta_y       0.00000e+00  1.00000e-03     no limits
    14 alpha_vw     0.00000e+00  1.00000e-03     no limits
    15 w_vw         1.29000e+01  constant
    16 beta_vw      0.00000e+00  1.00000e-03     no limits
    17 LM          -7.20700e-04  constant
    18 zeta_y       0.00000e+00  constant
    19 zeta_vw      0.00000e+00  constant
    20 T_CBO        1.00000e+02  1.00000e+00    0.00000e+00  1.00000e+03
    21 alpha_A0     0.00000e+00  1.00000e-03     no limits
    22 beta_A0      0.00000e+00  1.00000e-03     no limits
    23 alpha_phi    0.00000e+00  1.00000e-03     no limits
    24 beta_phi     0.00000e+00  1.00000e-03     no limits
MINUIT - FIT ONLY WIGGLE
 **********
 **    3 **FIX            5
 **********
 PARAMETER    5  IS CONSTANT.   IGNORED.
 **********
 **    4 **FIX            6
 **********
 **********
 **    5 **FIX            7
 **********
 PARAMETER    7  IS CONSTANT.   IGNORED.
 **********
 **    6 **FIX            8
 **********
 **********
 **    7 **FIX            9
 **********
 **********
 **    8 **FIX           10
 **********
 **********
 **    9 **FIX           11
 **********
 **********
 **   10 **FIX           12
 **********
 PARAMETER   12  IS CONSTANT.   IGNORED.
 **********
 **   11 **FIX           13
 **********
 **********
 **   12 **FIX           14
 **********
 **********
 **   13 **FIX           15
 **********
 PARAMETER   15  IS CONSTANT.   IGNORED.
 **********
 **   14 **FIX           16
 **********
 **********
 **   15 **MIGRAD
 **********
 FIRST CALL TO USER FUNCTION AT NEW START POINT, WITH IFLAG=4.
 START MIGRAD MINIMIZATION.  STRATEGY  1.  CONVERGENCE WHEN EDM .LT. 1.00e-04
 FCN=1704.14 FROM MIGRAD    STATUS=INITIATE      431 CALLS         432 TOTAL
                     EDM= unknown      STRATEGY= 1      NO ERROR MATRIX       
  EXT PARAMETER               CURRENT GUESS       STEP         FIRST   
  NO.   NAME      VALUE            ERROR          SIZE      DERIVATIVE 
   1  N0           3.18443e+06   1.00000e+02   0.00000e+00   2.68412e-02
   2  tau          6.43838e+01   constant   
   3  A0           3.45292e-01   1.00000e-04   0.00000e+00  -7.12366e+04
   4  phi          4.12003e+00   1.00000e-02   0.00000e+00  -1.15033e+05
   5  R           -6.09625e+01   constant   
   6  alpha_CBO    0.00000e+00     fixed    
   7  w_CBO        2.32500e+00   constant   
   8  beta_CBO     0.00000e+00     fixed    
   9  alpha_2CBO   0.00000e+00     fixed    
  10  beta_2CBO    0.00000e+00     fixed    
  11  alpha_y      0.00000e+00     fixed    
  12  w_y          1.44500e+01   constant   
  13  beta_y       0.00000e+00     fixed    
  14  alpha_vw     0.00000e+00     fixed    
  15  w_vw         1.29000e+01   constant   
  16  beta_vw      0.00000e+00     fixed    
  17  LM          -7.20700e-04   constant   
  18  zeta_y       0.00000e+00   constant   
  19  zeta_vw      0.00000e+00   constant   
  20  T_CBO        1.00000e+02   1.00000e+00   0.00000e+00   0.00000e+00
  21  alpha_A0     0.00000e+00   1.00000e-03   0.00000e+00   5.64523e+03
  22  beta_A0      0.00000e+00   1.00000e-03   0.00000e+00   2.18036e+04
  23  alpha_phi    0.00000e+00   1.00000e-03   0.00000e+00   8.74066e+02
  24  beta_phi     0.00000e+00   1.00000e-03   0.00000e+00  -3.68742e+04
 MIGRAD MINIMIZATION HAS CONVERGED.
 FCN=110.343 FROM MIGRAD    STATUS=CONVERGED     832 CALLS         833 TOTAL
                     EDM=5.27422e-07    STRATEGY= 1  ERROR MATRIX UNCERTAINTY   2.2 per cent
  EXT PARAMETER                                   STEP         FIRST   
  NO.   NAME      VALUE            ERROR          SIZE      DERIVATIVE 
   1  N0           3.19473e+06   1.03308e+03   5.32823e-01   1.20513e-06
   2  tau          6.43838e+01   constant   
   3  A0           3.49770e-01   3.91967e-03  -2.49089e-06  -5.21601e+00
   4  phi          4.15897e+00   7.03663e-03  -4.38901e-06  -1.87325e+00
   5  R           -6.09625e+01   constant   
   6  alpha_CBO    0.00000e+00     fixed    
   7  w_CBO        2.32500e+00   constant   
   8  beta_CBO     0.00000e+00     fixed    
   9  alpha_2CBO   0.00000e+00     fixed    
  10  beta_2CBO    0.00000e+00     fixed    
  11  alpha_y      0.00000e+00     fixed    
  12  w_y          1.44500e+01   constant   
  13  beta_y       0.00000e+00     fixed    
  14  alpha_vw     0.00000e+00     fixed    
  15  w_vw         1.29000e+01   constant   
  16  beta_vw      0.00000e+00     fixed    
  17  LM          -7.20700e-04   constant   
  18  zeta_y       0.00000e+00   constant   
  19  zeta_vw      0.00000e+00   constant   
  20  T_CBO        8.85617e+01   4.77680e+00  -1.69090e-05   7.43309e-03
  21  alpha_A0     7.14208e-02   3.39453e-02  -2.40598e-05   6.20203e-01
  22  beta_A0     -1.63432e-02   5.96690e-03   2.43764e-06  -4.14688e-01
  23  alpha_phi   -9.44365e-03   9.86530e-03   8.74697e-06  -1.84749e-01
  24  beta_phi    -4.07677e-02   3.21709e-02   1.77964e-05  -2.35060e-01
 EXTERNAL ERROR MATRIX.    NDIM=  25    NPAR=  8    ERR DEF=1
  1.067e+06  2.455e+00  5.542e+00 -2.553e+03  2.319e+01 -3.266e+00 -6.794e+00 -2.304e+01 
  2.455e+00  1.536e-05  2.668e-05 -1.119e-02  1.324e-04 -2.278e-05 -3.816e-05 -1.249e-04 
  5.542e+00  2.668e-05  4.951e-05 -2.123e-02  2.352e-04 -3.842e-05 -6.768e-05 -2.241e-04 
 -2.553e+03 -1.119e-02 -2.123e-02  2.282e+01 -1.027e-01  1.632e-02  3.034e-02  9.775e-02 
  2.319e+01  1.324e-04  2.352e-04 -1.027e-01  1.152e-03 -1.943e-04 -3.325e-04 -1.089e-03 
 -3.266e+00 -2.278e-05 -3.842e-05  1.632e-02 -1.943e-04  3.560e-05  5.561e-05  1.824e-04 
 -6.794e+00 -3.816e-05 -6.768e-05  3.034e-02 -3.325e-04  5.561e-05  9.732e-05  3.143e-04 
 -2.304e+01 -1.249e-04 -2.241e-04  9.775e-02 -1.089e-03  1.824e-04  3.143e-04  1.035e-03 
 PARAMETER  CORRELATION COEFFICIENTS  
       NO.  GLOBAL      1      3      4     20     21     22     23     24
        1  0.93868   1.000  0.606  0.762 -0.517  0.661 -0.530 -0.667 -0.693
        3  0.99941   0.606  1.000  0.967 -0.598  0.995 -0.974 -0.987 -0.990
        4  0.99861   0.762  0.967  1.000 -0.632  0.985 -0.915 -0.975 -0.990
       20  0.84079  -0.517 -0.598 -0.632  1.000 -0.633  0.572  0.644  0.636
       21  0.99969   0.661  0.995  0.985 -0.633  1.000 -0.959 -0.993 -0.997
       22  0.98349  -0.530 -0.974 -0.915  0.572 -0.959  1.000  0.945  0.950
       23  0.99578  -0.667 -0.987 -0.975  0.644 -0.993  0.945  1.000  0.990
       24  0.99877  -0.693 -0.990 -0.990  0.636 -0.997  0.950  0.990  1.000
MINUIT - FIT ONLY 1-CBO + wiggle
 **********
 **   16 **RES 
 **********
                   PARAMETER   16  beta_vw RESTORED TO VARIABLE.
                   PARAMETER   14  alpha_vw RESTORED TO VARIABLE.
                   PARAMETER   13  beta_y RESTORED TO VARIABLE.
                   PARAMETER   11  alpha_y RESTORED TO VARIABLE.
                   PARAMETER   10  beta_2CBO RESTORED TO VARIABLE.
                   PARAMETER    9  alpha_2CBO RESTORED TO VARIABLE.
                   PARAMETER    8  beta_CBO RESTORED TO VARIABLE.
                   PARAMETER    6  alpha_CBO RESTORED TO VARIABLE.
 **********
 **   17 **FIX            8
 **********
 **********
 **   18 **FIX            9
 **********
 **********
 **   19 **FIX           11
 **********
 **********
 **   20 **FIX           12
 **********
 PARAMETER   12  IS CONSTANT.   IGNORED.
 **********
 **   21 **FIX           14
 **********
 **********
 **   22 **FIX           15
 **********
 PARAMETER   15  IS CONSTANT.   IGNORED.
 **********
 **   23 **FIX           16
 **********
 **********
 **   24 **MIGRAD
 **********
 START MIGRAD MINIMIZATION.  STRATEGY  1.  CONVERGENCE WHEN EDM .LT. 1.00e-04
 FCN=110.343 FROM MIGRAD    STATUS=INITIATE       28 CALLS         861 TOTAL
                     EDM= unknown      STRATEGY= 1      NO ERROR MATRIX       
  EXT PARAMETER               CURRENT GUESS       STEP         FIRST   
  NO.   NAME      VALUE            ERROR          SIZE      DERIVATIVE 
   1  N0           3.19473e+06   1.03308e+03   5.32823e-01   1.20513e-06
   2  tau          6.43838e+01   constant   
   3  A0           3.49770e-01   3.91967e-03  -2.49089e-06  -5.21601e+00
   4  phi          4.15897e+00   7.03663e-03  -4.38901e-06  -1.87325e+00
   5  R           -6.09625e+01   constant   
   6  alpha_CBO    0.00000e+00   1.00000e-03   1.00000e-03  -3.23815e+01
   7  w_CBO        2.32500e+00   constant   
   8  beta_CBO     0.00000e+00     fixed    
   9  alpha_2CBO   0.00000e+00     fixed    
  10  beta_2CBO    0.00000e+00   1.00000e-03   1.00000e-03   2.57381e+03
  11  alpha_y      0.00000e+00     fixed    
  12  w_y          1.44500e+01   constant   
  13  beta_y       0.00000e+00   1.00000e-03   1.00000e-03   1.02063e+05
  14  alpha_vw     0.00000e+00     fixed    
  15  w_vw         1.29000e+01   constant   
  16  beta_vw      0.00000e+00     fixed    
  17  LM          -7.20700e-04   constant   
  18  zeta_y       0.00000e+00   constant   
  19  zeta_vw      0.00000e+00   constant   
  20  T_CBO        8.85617e+01   4.77680e+00  -1.69090e-05   7.43249e-03
  21  alpha_A0     7.14208e-02   3.39453e-02  -2.40598e-05   6.20210e-01
  22  beta_A0     -1.63432e-02   5.96690e-03   2.43764e-06  -4.14689e-01
  23  alpha_phi   -9.44365e-03   9.86530e-03   8.74697e-06  -1.84749e-01
  24  beta_phi    -4.07677e-02   3.21709e-02   1.77964e-05  -2.35060e-01
 CALL LIMIT EXCEEDED IN MIGRAD.
 MIGRAD TERMINATED WITHOUT CONVERGENCE.
 FCN=17.2671 FROM MIGRAD    STATUS=CALL LIMIT   1908 CALLS        2741 TOTAL
                     EDM=0.05973    STRATEGY= 1  ERROR MATRIX UNCERTAINTY   9.8 per cent
  EXT PARAMETER                APPROXIMATE        STEP         FIRST   
  NO.   NAME      VALUE            ERROR          SIZE      DERIVATIVE 
   1  N0           3.12957e+06   9.33772e+03  -5.39728e+02  -4.54949e-04
   2  tau          6.43838e+01   constant   
   3  A0           3.79085e-01   1.29113e-02   1.80092e-03  -1.41040e+03
   4  phi          4.21510e+00   1.04679e-02   1.27767e-03  -3.39031e+01
   5  R           -6.09625e+01   constant   
   6  alpha_CBO   -1.25814e-02   5.18045e-03  -6.17608e-04  -1.28457e+03
   7  w_CBO        2.32500e+00   constant   
   8  beta_CBO     0.00000e+00     fixed    
   9  alpha_2CBO   0.00000e+00     fixed    
  10  beta_2CBO   -7.86297e-04   8.19336e-04  -2.87566e-05  -6.55725e+01
  11  alpha_y      0.00000e+00     fixed    
  12  w_y          1.44500e+01   constant   
  13  beta_y      -1.76501e-03   1.87267e-04   1.33610e-06   8.06027e+01
  14  alpha_vw     0.00000e+00     fixed    
  15  w_vw         1.29000e+01   constant   
  16  beta_vw      0.00000e+00     fixed    
  17  LM          -7.20700e-04   constant   
  18  zeta_y       0.00000e+00   constant   
  19  zeta_vw      0.00000e+00   constant   
  20  T_CBO        1.06560e+02   6.88611e+00   2.43331e-03   2.45319e+01
  21  alpha_A0     1.77891e-01   3.70298e-02   4.68833e-03   1.15657e+02
  22  beta_A0      1.04099e-01   2.40246e-02  -2.46001e-03  -1.13030e+02
  23  alpha_phi    1.58149e-01   2.93494e-02  -3.16163e-04  -6.82770e+01
  24  beta_phi    -1.64952e-01   4.29757e-02  -6.04171e-03  -1.06075e+02
 EXTERNAL ERROR MATRIX.    NDIM=  25    NPAR= 11    ERR DEF=1
  8.719e+07 
 -6.886e+01  1.667e-04 
 -6.420e+01  1.274e-04  1.096e-04 
  3.904e+01 -5.923e-05 -4.542e-05  2.684e-05 
 -2.389e+00 -3.531e-06 -2.363e-06 -3.955e-07  6.713e-07 
  1.357e-01 -1.768e-07 -1.594e-07  8.912e-08  2.514e-09  3.507e-08 
 -8.373e+02  6.566e-02  5.177e-02 -1.257e-02 -4.348e-03 -8.784e-07  4.743e+01 
 -1.026e+02  4.365e-04  3.415e-04 -1.196e-04 -1.968e-05 -3.884e-07  2.376e-01  1.371e-03 
 -8.244e+01 -1.689e-04 -8.929e-05  2.360e-05  1.363e-05 -1.640e-08 -1.303e-01 -6.295e-04  5.772e-04 
 -2.306e+02  2.709e-05  5.773e-05 -7.259e-05  1.695e-05 -3.245e-07 -1.033e-01 -2.811e-04  5.409e-04  8.614e-04 
  2.148e+02 -5.512e-04 -4.313e-04  1.908e-04  1.200e-05  5.806e-07 -2.277e-01 -1.477e-03  5.780e-04 -4.218e-05  1.847e-03 
ERR MATRIX APPROXIMATE
 PARAMETER  CORRELATION COEFFICIENTS  
       NO.  GLOBAL      1      3      4      6     10     13     20     21     22     23     24
        1  0.99981   1.000 -0.571 -0.657  0.807 -0.312  0.078 -0.013 -0.297 -0.367 -0.841  0.535
        3  0.99994  -0.571  1.000  0.943 -0.885 -0.334 -0.073  0.738  0.913 -0.544  0.071 -0.993
        4  0.99969  -0.657  0.943  1.000 -0.838 -0.276 -0.081  0.718  0.881 -0.355  0.188 -0.959
        6  0.99967   0.807 -0.885 -0.838  1.000 -0.093  0.092 -0.352 -0.624  0.190 -0.477  0.857
       10  0.97702  -0.312 -0.334 -0.276 -0.093  1.000  0.016 -0.771 -0.649  0.692  0.705  0.341
       13  0.25525   0.078 -0.073 -0.081  0.092  0.016  1.000 -0.001 -0.056 -0.004 -0.059  0.072
       20  0.99721  -0.013  0.738  0.718 -0.352 -0.771 -0.001  1.000  0.932 -0.788 -0.511 -0.769
       21  0.99967  -0.297  0.913  0.881 -0.624 -0.649 -0.056  0.932  1.000 -0.708 -0.259 -0.928
       22  0.99956  -0.367 -0.544 -0.355  0.190  0.692 -0.004 -0.788 -0.708  1.000  0.767  0.560
       23  0.99970  -0.841  0.071  0.188 -0.477  0.705 -0.059 -0.511 -0.259  0.767  1.000 -0.033
       24  0.99969   0.535 -0.993 -0.959  0.857  0.341  0.072 -0.769 -0.928  0.560 -0.033  1.000
 ERR MATRIX APPROXIMATE
MINUIT - FIT ONLY 2-CBO
 **********
 **   25 **RES 
 **********
                   PARAMETER   16  beta_vw RESTORED TO VARIABLE.
                   PARAMETER   14  alpha_vw RESTORED TO VARIABLE.
                   PARAMETER   11  alpha_y RESTORED TO VARIABLE.
                   PARAMETER    9  alpha_2CBO RESTORED TO VARIABLE.
                   PARAMETER    8  beta_CBO RESTORED TO VARIABLE.
 **********
 **   26 **FIX            0
 **********
 PARAMETER    0  IS UNDEFINED. IGNORED.
 **********
 **   27 **FIX            1
 **********
 **********
 **   28 **FIX            2
 **********
 PARAMETER    2  IS CONSTANT.   IGNORED.
 **********
 **   29 **FIX            3
 **********
 **********
 **   30 **FIX            4
 **********
 **********
 **   31 **FIX            5
 **********
 PARAMETER    5  IS CONSTANT.   IGNORED.
 **********
 **   32 **FIX            6
 **********
 **********
 **   33 **FIX            7
 **********
 PARAMETER    7  IS CONSTANT.   IGNORED.
 **********
 **   34 **FIX           10
 **********
 **********
 **   35 **FIX           11
 **********
 **********
 **   36 **FIX           12
 **********
 PARAMETER   12  IS CONSTANT.   IGNORED.
 **********
 **   37 **FIX           13
 **********
 **********
 **   38 **FIX           14
 **********
 **********
 **   39 **FIX           15
 **********
 PARAMETER   15  IS CONSTANT.   IGNORED.
 **********
 **   40 **FIX           16
 **********
 **********
 **   41 **MIGRAD
 **********
 START MIGRAD MINIMIZATION.  STRATEGY  1.  CONVERGENCE WHEN EDM .LT. 1.00e-04
 FCN=17.2671 FROM MIGRAD    STATUS=INITIATE       18 CALLS        2759 TOTAL
                     EDM= unknown      STRATEGY= 1      NO ERROR MATRIX       
  EXT PARAMETER               CURRENT GUESS       STEP         FIRST   
  NO.   NAME      VALUE            ERROR          SIZE      DERIVATIVE 
   1  N0           3.12957e+06     fixed    
   2  tau          6.43838e+01   constant   
   3  A0           3.79085e-01     fixed    
   4  phi          4.21510e+00     fixed    
   5  R           -6.09625e+01   constant   
   6  alpha_CBO   -1.25814e-02     fixed    
   7  w_CBO        2.32500e+00   constant   
   8  beta_CBO     0.00000e+00   1.00000e-03   1.00000e-03  -5.47646e+02
   9  alpha_2CBO   0.00000e+00   1.00000e-03   1.00000e-03   8.17174e+02
  10  beta_2CBO   -7.86297e-04     fixed    
  11  alpha_y      0.00000e+00     fixed    
  12  w_y          1.44500e+01   constant   
  13  beta_y      -1.76501e-03     fixed    
  14  alpha_vw     0.00000e+00     fixed    
  15  w_vw         1.29000e+01   constant   
  16  beta_vw      0.00000e+00     fixed    
  17  LM          -7.20700e-04   constant   
  18  zeta_y       0.00000e+00   constant   
  19  zeta_vw      0.00000e+00   constant   
  20  T_CBO        1.06560e+02   6.88611e+00   2.43331e-03   2.45319e+01
  21  alpha_A0     1.77891e-01   3.70298e-02   4.68833e-03   1.15657e+02
  22  beta_A0      1.04099e-01   2.40246e-02  -2.46001e-03  -1.13030e+02
  23  alpha_phi    1.58149e-01   2.93494e-02  -3.16163e-04  -6.82770e+01
  24  beta_phi    -1.64952e-01   4.29757e-02  -6.04171e-03  -1.06075e+02
 MIGRAD MINIMIZATION HAS CONVERGED.
 MIGRAD WILL VERIFY CONVERGENCE AND ERROR MATRIX.
 FCN=17.2418 FROM HESSE     STATUS=NOT POSDEF     50 CALLS        2889 TOTAL
                     EDM=9.68868e-05    STRATEGY= 1      ERR MATRIX NOT POS-DEF
  EXT PARAMETER                APPROXIMATE        STEP         FIRST   
  NO.   NAME      VALUE            ERROR          SIZE      DERIVATIVE 
   1  N0           3.12957e+06     fixed    
   2  tau          6.43838e+01   constant   
   3  A0           3.79085e-01     fixed    
   4  phi          4.21510e+00     fixed    
   5  R           -6.09625e+01   constant   
   6  alpha_CBO   -1.25814e-02     fixed    
   7  w_CBO        2.32500e+00   constant   
   8  beta_CBO     7.62275e-06   7.39114e-04   3.72486e-07   1.38547e+01
   9  alpha_2CBO  -1.08085e-05   5.13993e-04   3.63803e-07   3.98672e-01
  10  beta_2CBO   -7.86297e-04     fixed    
  11  alpha_y      0.00000e+00     fixed    
  12  w_y          1.44500e+01   constant   
  13  beta_y      -1.76501e-03     fixed    
  14  alpha_vw     0.00000e+00     fixed    
  15  w_vw         1.29000e+01   constant   
  16  beta_vw      0.00000e+00     fixed    
  17  LM          -7.20700e-04   constant   
  18  zeta_y       0.00000e+00   constant   
  19  zeta_vw      0.00000e+00   constant   
  20  T_CBO        1.06558e+02   1.07199e+01   4.91970e-06   2.14255e-01
  21  alpha_A0     1.77780e-01   9.79797e-03   2.58532e-06   2.68189e-02
  22  beta_A0      1.04179e-01   7.12196e-03   2.48848e-06   7.77682e-01
  23  alpha_phi    1.58258e-01   9.42545e-03   2.49721e-06  -6.79248e-01
  24  beta_phi    -1.64876e-01   9.54988e-03   3.05760e-06  -1.11180e+00
 MIGRAD MINIMIZATION HAS CONVERGED.
 MIGRAD WILL VERIFY CONVERGENCE AND ERROR MATRIX.
 FCN=17.2417 FROM MIGRAD    STATUS=CONVERGED     214 CALLS        2955 TOTAL
                     EDM=1.16066e-07    STRATEGY= 1      ERR MATRIX NOT POS-DEF
  EXT PARAMETER                APPROXIMATE        STEP         FIRST   
  NO.   NAME      VALUE            ERROR          SIZE      DERIVATIVE 
   1  N0           3.12957e+06     fixed    
   2  tau          6.43838e+01   constant   
   3  A0           3.79085e-01     fixed    
   4  phi          4.21510e+00     fixed    
   5  R           -6.09625e+01   constant   
   6  alpha_CBO   -1.25814e-02     fixed    
   7  w_CBO        2.32500e+00   constant   
   8  beta_CBO    -5.99905e-07   7.39409e-04   3.72485e-07  -6.56709e-01
   9  alpha_2CBO  -1.58258e-05   5.14183e-04   3.63802e-07   7.94817e-01
  10  beta_2CBO   -7.86297e-04     fixed    
  11  alpha_y      0.00000e+00     fixed    
  12  w_y          1.44500e+01   constant   
  13  beta_y      -1.76501e-03     fixed    
  14  alpha_vw     0.00000e+00     fixed    
  15  w_vw         1.29000e+01   constant   
  16  beta_vw      0.00000e+00     fixed    
  17  LM          -7.20700e-04   constant   
  18  zeta_y       0.00000e+00   constant   
  19  zeta_vw      0.00000e+00   constant   
  20  T_CBO        1.06556e+02   1.07204e+01   4.91979e-06  -2.49127e-02
  21  alpha_A0     1.77784e-01   9.79910e-03   2.58531e-06  -1.75550e-02
  22  beta_A0      1.04130e-01   7.11972e-03   2.48847e-06   6.51294e-02
  23  alpha_phi    1.58291e-01   9.42972e-03   2.49719e-06  -2.39818e-02
  24  beta_phi    -1.64837e-01   9.54778e-03   3.05758e-06   6.28501e-02
 EXTERNAL ERROR MATRIX.    NDIM=  25    NPAR=  7    ERR DEF=1
  5.467e-07  3.201e-07  7.706e-04 -8.845e-07  2.786e-06 -2.652e-06 -1.996e-06 
  3.201e-07  2.644e-07  2.220e-04 -3.724e-07  2.041e-06 -1.641e-06 -1.260e-06 
  7.706e-04  2.220e-04  1.150e+02 -1.041e-01 -5.830e-02 -9.527e-02  9.355e-02 
 -8.845e-07 -3.724e-07 -1.041e-01  9.602e-05  5.133e-05  8.685e-05 -8.406e-05 
  2.786e-06  2.041e-06 -5.830e-02  5.133e-05  5.069e-05  3.545e-05 -6.240e-05 
 -2.652e-06 -1.641e-06 -9.527e-02  8.685e-05  3.545e-05  8.892e-05 -6.790e-05 
 -1.996e-06 -1.260e-06  9.355e-02 -8.406e-05 -6.240e-05 -6.790e-05  9.116e-05 
ERR MATRIX NOT POS-DEF
 PARAMETER  CORRELATION COEFFICIENTS  
       NO.  GLOBAL      8      9     20     21     22     23     24
        8  0.97046   1.000  0.842  0.097 -0.122  0.529 -0.380 -0.283
        9  0.94085   0.842  1.000  0.040 -0.074  0.558 -0.338 -0.257
       20  0.99770   0.097  0.040  1.000 -0.991 -0.764 -0.942  0.914
       21  0.99199  -0.122 -0.074 -0.991  1.000  0.736  0.940 -0.898
       22  0.98589   0.529  0.558 -0.764  0.736  1.000  0.528 -0.918
       23  0.99193  -0.380 -0.338 -0.942  0.940  0.528  1.000 -0.754
       24  0.98817  -0.283 -0.257  0.914 -0.898 -0.918 -0.754  1.000
 ERR MATRIX NOT POS-DEF
MINUIT - FIT wiggle + 1-CBO + 2-CBO
 **********
 **   42 **RES 
 **********
                   PARAMETER   16  beta_vw RESTORED TO VARIABLE.
                   PARAMETER   14  alpha_vw RESTORED TO VARIABLE.
                   PARAMETER   13  beta_y RESTORED TO VARIABLE.
                   PARAMETER   11  alpha_y RESTORED TO VARIABLE.
                   PARAMETER   10  beta_2CBO RESTORED TO VARIABLE.
                   PARAMETER    6  alpha_CBO RESTORED TO VARIABLE.
                   PARAMETER    4  phi RESTORED TO VARIABLE.
                   PARAMETER    3  A0 RESTORED TO VARIABLE.
                   PARAMETER    1  N0 RESTORED TO VARIABLE.
 **********
 **   43 **FIX           10
 **********
 **********
 **   44 **FIX           11
 **********
 **********
 **   45 **FIX           12
 **********
 PARAMETER   12  IS CONSTANT.   IGNORED.
 **********
 **   46 **FIX           13
 **********
 **********
 **   47 **FIX           14
 **********
 **********
 **   48 **FIX           15
 **********
 PARAMETER   15  IS CONSTANT.   IGNORED.
 **********
 **   49 **FIX           16
 **********
 **********
 **   50 **MIGRAD
 **********
 START MIGRAD MINIMIZATION.  STRATEGY  1.  CONVERGENCE WHEN EDM .LT. 1.00e-04
 FCN=17.2417 FROM MIGRAD    STATUS=INITIATE       22 CALLS        2977 TOTAL
                     EDM= unknown      STRATEGY= 1      NO ERROR MATRIX       
  EXT PARAMETER               CURRENT GUESS       STEP         FIRST   
  NO.   NAME      VALUE            ERROR          SIZE      DERIVATIVE 
   1  N0           3.12957e+06   9.33772e+03   9.33772e+03   1.05892e-05
   2  tau          6.43838e+01   constant   
   3  A0           3.79085e-01   1.29113e-02   1.29113e-02  -6.02447e+01
   4  phi          4.21510e+00   1.04679e-02   1.04679e-02   1.76280e+01
   5  R           -6.09625e+01   constant   
   6  alpha_CBO   -1.25814e-02   5.18045e-03   5.18045e-03  -9.94372e+01
   7  w_CBO        2.32500e+00   constant   
   8  beta_CBO    -5.99905e-07   7.39409e-04   3.72485e-07  -6.56696e-01
   9  alpha_2CBO  -1.58258e-05   5.14183e-04   3.63802e-07   7.94800e-01
  10  beta_2CBO   -7.86297e-04     fixed    
  11  alpha_y      0.00000e+00     fixed    
  12  w_y          1.44500e+01   constant   
  13  beta_y      -1.76501e-03     fixed    
  14  alpha_vw     0.00000e+00     fixed    
  15  w_vw         1.29000e+01   constant   
  16  beta_vw      0.00000e+00     fixed    
  17  LM          -7.20700e-04   constant   
  18  zeta_y       0.00000e+00   constant   
  19  zeta_vw      0.00000e+00   constant   
  20  T_CBO        1.06556e+02   1.07204e+01   4.91979e-06  -2.49157e-02
  21  alpha_A0     1.77784e-01   9.79910e-03   2.58531e-06  -1.75341e-02
  22  beta_A0      1.04130e-01   7.11972e-03   2.48847e-06   6.51772e-02
  23  alpha_phi    1.58291e-01   9.42972e-03   2.49719e-06  -2.39824e-02
  24  beta_phi    -1.64837e-01   9.54778e-03   3.05758e-06   6.28491e-02
 CALL LIMIT EXCEEDED IN MIGRAD.
 MIGRAD TERMINATED WITHOUT CONVERGENCE.
 FCN=14.6158 FROM MIGRAD    STATUS=CALL LIMIT   1927 CALLS        4882 TOTAL
                     EDM=0.000645255    STRATEGY= 1  ERROR MATRIX UNCERTAINTY   3.3 per cent
  EXT PARAMETER                APPROXIMATE        STEP         FIRST   
  NO.   NAME      VALUE            ERROR          SIZE      DERIVATIVE 
   1  N0           3.00382e+06   4.09179e+04  -2.51635e+02  -5.55372e-05
   2  tau          6.43838e+01   constant   
   3  A0           4.45866e-01   2.14114e-02   1.09769e-04   4.03334e+00
   4  phi          3.97225e+00   4.28749e-02  -2.18413e-04   4.86925e+01
   5  R           -6.09625e+01   constant   
   6  alpha_CBO   -3.86460e-02   9.74692e-03  -3.42059e-05   1.12654e+02
   7  w_CBO        2.32500e+00   constant   
   8  beta_CBO     6.84880e-02   1.56730e-02   9.58511e-05   6.89098e+01
   9  alpha_2CBO   2.92019e-03   9.42207e-04   7.16899e-06   4.18824e+01
  10  beta_2CBO   -7.86297e-04     fixed    
  11  alpha_y      0.00000e+00     fixed    
  12  w_y          1.44500e+01   constant   
  13  beta_y      -1.76501e-03     fixed    
  14  alpha_vw     0.00000e+00     fixed    
  15  w_vw         1.29000e+01   constant   
  16  beta_vw      0.00000e+00     fixed    
  17  LM          -7.20700e-04   constant   
  18  zeta_y       0.00000e+00   constant   
  19  zeta_vw      0.00000e+00   constant   
  20  T_CBO        6.94630e+01   1.42719e+00   6.71319e-05  -1.67548e+01
  21  alpha_A0     8.08217e-03   5.26633e-02  -1.25443e-04  -1.57918e+01
  22  beta_A0      1.28781e-01   2.91642e-02   2.53947e-04  -1.91823e+01
  23  alpha_phi    1.34587e-01   4.51894e-02   1.74001e-04  -7.91072e+00
  24  beta_phi    -3.21115e-01   2.89111e-02  -2.59592e-04   5.53943e+00
 EXTERNAL ERROR MATRIX.    NDIM=  25    NPAR= 11    ERR DEF=1
  1.674e+09 
 -8.746e+02  4.584e-04 
  1.747e+03 -9.173e-04  1.838e-03 
  3.941e+02 -2.074e-04  4.149e-04  9.500e-05 
 -6.397e+02  3.347e-04 -6.698e-04 -1.503e-04  2.456e-04 
 -3.413e+01  1.785e-05 -3.562e-05 -7.923e-06  1.334e-05  8.878e-07 
 -3.841e+04  1.904e-02 -3.714e-02 -7.702e-03  1.478e-02  9.196e-04  2.037e+00 
  2.103e+03 -1.112e-03  2.229e-03  5.117e-04 -8.037e-04 -4.225e-05 -3.785e-02  2.773e-03 
 -1.167e+03  6.042e-04 -1.202e-03 -2.679e-04  4.473e-04  2.534e-05  3.189e-02 -1.411e-03  8.505e-04 
 -1.812e+03  9.498e-04 -1.894e-03 -4.366e-04  6.849e-04  3.469e-05  3.572e-02 -2.339e-03  1.229e-03  2.042e-03 
  1.144e+03 -5.944e-04  1.188e-03  2.615e-04 -4.430e-04 -2.542e-05 -3.113e-02  1.385e-03 -8.316e-04 -1.177e-03  8.358e-04 
ERR MATRIX APPROXIMATE
 PARAMETER  CORRELATION COEFFICIENTS  
       NO.  GLOBAL      1      3      4      6      8      9     20     21     22     23     24
        1  0.99997   1.000 -0.998  0.996  0.988 -0.997 -0.885 -0.658  0.976 -0.978 -0.980  0.967
        3  0.99997  -0.998  1.000 -0.999 -0.994  0.997  0.885  0.623 -0.986  0.968  0.982 -0.960
        4  0.99996   0.996 -0.999  1.000  0.993 -0.997 -0.882 -0.607  0.987 -0.961 -0.978  0.959
        6  0.99995   0.988 -0.994  0.993  1.000 -0.984 -0.863 -0.554  0.997 -0.943 -0.991  0.928
        8  0.99996  -0.997  0.997 -0.997 -0.984  1.000  0.903  0.661 -0.974  0.979  0.967 -0.978
        9  0.98386  -0.885  0.885 -0.882 -0.863  0.903  1.000  0.684 -0.852  0.922  0.815 -0.933
       20  0.97730  -0.658  0.623 -0.607 -0.554  0.661  0.684  1.000 -0.504  0.766  0.554 -0.755
       21  0.99986   0.976 -0.986  0.987  0.997 -0.974 -0.852 -0.504  1.000 -0.919 -0.983  0.910
       22  0.99947  -0.978  0.968 -0.961 -0.943  0.979  0.922  0.766 -0.919  1.000  0.933 -0.986
       23  0.99972  -0.980  0.982 -0.978 -0.991  0.967  0.815  0.554 -0.983  0.933  1.000 -0.901
       24  0.99921   0.967 -0.960  0.959  0.928 -0.978 -0.933 -0.755  0.910 -0.986 -0.901  1.000
 ERR MATRIX APPROXIMATE
MINUIT - FIT ONLY 1-y
 **********
 **   51 **RES 
 **********
                   PARAMETER   16  beta_vw RESTORED TO VARIABLE.
                   PARAMETER   14  alpha_vw RESTORED TO VARIABLE.
                   PARAMETER   13  beta_y RESTORED TO VARIABLE.
                   PARAMETER   11  alpha_y RESTORED TO VARIABLE.
                   PARAMETER   10  beta_2CBO RESTORED TO VARIABLE.
 **********
 **   52 **FIX            0
 **********
 PARAMETER    0  IS UNDEFINED. IGNORED.
 **********
 **   53 **FIX            1
 **********
 **********
 **   54 **FIX            2
 **********
 PARAMETER    2  IS CONSTANT.   IGNORED.
 **********
 **   55 **FIX            3
 **********
 **********
 **   56 **FIX            4
 **********
 **********
 **   57 **FIX            5
 **********
 PARAMETER    5  IS CONSTANT.   IGNORED.
 **********
 **   58 **FIX            6
 **********
 **********
 **   59 **FIX            7
 **********
 PARAMETER    7  IS CONSTANT.   IGNORED.
 **********
 **   60 **FIX            8
 **********
 **********
 **   61 **FIX            9
 **********
 **********
 **   62 **FIX           13
 **********
 **********
 **   63 **FIX           14
 **********
 **********
 **   64 **FIX           15
 **********
 PARAMETER   15  IS CONSTANT.   IGNORED.
 **********
 **   65 **FIX           16
 **********
 **********
 **   66 **MIGRAD
 **********
 START MIGRAD MINIMIZATION.  STRATEGY  1.  CONVERGENCE WHEN EDM .LT. 1.00e-04
 FCN=14.6158 FROM MIGRAD    STATUS=INITIATE       16 CALLS        4898 TOTAL
                     EDM= unknown      STRATEGY= 1      NO ERROR MATRIX       
  EXT PARAMETER               CURRENT GUESS       STEP         FIRST   
  NO.   NAME      VALUE            ERROR          SIZE      DERIVATIVE 
   1  N0           3.00382e+06     fixed    
   2  tau          6.43838e+01   constant   
   3  A0           4.45866e-01     fixed    
   4  phi          3.97225e+00     fixed    
   5  R           -6.09625e+01   constant   
   6  alpha_CBO   -3.86460e-02     fixed    
   7  w_CBO        2.32500e+00   constant   
   8  beta_CBO     6.84880e-02     fixed    
   9  alpha_2CBO   2.92019e-03     fixed    
  10  beta_2CBO   -7.86297e-04   8.19336e-04   8.19336e-04  -5.79666e+02
  11  alpha_y      0.00000e+00   1.00000e-03   1.00000e-03   3.71761e+04
  12  w_y          1.44500e+01   constant   
  13  beta_y      -1.76501e-03     fixed    
  14  alpha_vw     0.00000e+00     fixed    
  15  w_vw         1.29000e+01   constant   
  16  beta_vw      0.00000e+00     fixed    
  17  LM          -7.20700e-04   constant   
  18  zeta_y       0.00000e+00   constant   
  19  zeta_vw      0.00000e+00   constant   
  20  T_CBO        6.94630e+01   1.42719e+00   6.71319e-05  -1.67548e+01
  21  alpha_A0     8.08217e-03   5.26633e-02  -1.25443e-04  -1.57918e+01
  22  beta_A0      1.28781e-01   2.91642e-02   2.53947e-04  -1.91824e+01
  23  alpha_phi    1.34587e-01   4.51894e-02   1.74001e-04  -7.91072e+00
  24  beta_phi    -3.21115e-01   2.89111e-02  -2.59592e-04   5.53943e+00
 MIGRAD MINIMIZATION HAS CONVERGED.
 MIGRAD WILL VERIFY CONVERGENCE AND ERROR MATRIX.
 COVARIANCE MATRIX CALCULATED SUCCESSFULLY
 FCN=3.29463 FROM MIGRAD    STATUS=CONVERGED     998 CALLS        5880 TOTAL
                     EDM=5.26395e-06    STRATEGY= 1      ERROR MATRIX ACCURATE 
  EXT PARAMETER                                   STEP         FIRST   
  NO.   NAME      VALUE            ERROR          SIZE      DERIVATIVE 
   1  N0           3.00382e+06     fixed    
   2  tau          6.43838e+01   constant   
   3  A0           4.45866e-01     fixed    
   4  phi          3.97225e+00     fixed    
   5  R           -6.09625e+01   constant   
   6  alpha_CBO   -3.86460e-02     fixed    
   7  w_CBO        2.32500e+00   constant   
   8  beta_CBO     6.84880e-02     fixed    
   9  alpha_2CBO   2.92019e-03     fixed    
  10  beta_2CBO   -5.77158e-04   3.18818e-04   1.81055e-07  -7.24330e+00
  11  alpha_y     -6.05876e-04   1.80598e-04   1.75951e-07   3.75746e+00
  12  w_y          1.44500e+01   constant   
  13  beta_y      -1.76501e-03     fixed    
  14  alpha_vw     0.00000e+00     fixed    
  15  w_vw         1.29000e+01   constant   
  16  beta_vw      0.00000e+00     fixed    
  17  LM          -7.20700e-04   constant   
  18  zeta_y       0.00000e+00   constant   
  19  zeta_vw      0.00000e+00   constant   
  20  T_CBO        5.00316e+01   2.52578e+01   8.31441e-07   2.02253e+00
  21  alpha_A0     9.76099e-03   4.58008e-03   1.97950e-06  -9.82780e-02
  22  beta_A0      1.77742e-01   1.05411e-01   2.06329e-06   2.53658e-01
  23  alpha_phi    1.87628e-01   1.11571e-01   2.03974e-06   8.38452e-02
  24  beta_phi    -4.49114e-01   2.68807e-01   2.43244e-06  -7.34814e-01
 EXTERNAL ERROR MATRIX.    NDIM=  25    NPAR=  7    ERR DEF=1
  1.016e-07 -1.035e-08 -2.793e-03  3.619e-09  1.139e-05  1.253e-05 -3.038e-05 
 -1.035e-08  3.262e-08  8.327e-04 -1.107e-07 -3.415e-06 -3.702e-06  8.942e-06 
 -2.793e-03  8.327e-04  6.408e+02 -9.613e-02 -2.668e+00 -2.824e+00  6.804e+00 
  3.619e-09 -1.107e-07 -9.613e-02  2.098e-05  4.004e-04  4.208e-04 -1.018e-03 
  1.139e-05 -3.415e-06 -2.668e+00  4.004e-04  1.111e-02  1.176e-02 -2.832e-02 
  1.253e-05 -3.702e-06 -2.824e+00  4.208e-04  1.176e-02  1.245e-02 -2.998e-02 
 -3.038e-05  8.942e-06  6.804e+00 -1.018e-03 -2.832e-02 -2.998e-02  7.226e-02 
 PARAMETER  CORRELATION COEFFICIENTS  
       NO.  GLOBAL     10     11     20     21     22     23     24
       10  0.82766   1.000 -0.180 -0.346  0.002  0.339  0.352 -0.354
       11  0.27013  -0.180  1.000  0.182 -0.134 -0.179 -0.184  0.184
       20  0.99998  -0.346  0.182  1.000 -0.829 -1.000 -1.000  1.000
       21  0.90366   0.002 -0.134 -0.829  1.000  0.829  0.823 -0.827
       22  0.99981   0.339 -0.179 -1.000  0.829  1.000  1.000 -1.000
       23  0.99984   0.352 -0.184 -1.000  0.823  1.000  1.000 -1.000
       24  0.99996  -0.354  0.184  1.000 -0.827 -1.000 -1.000  1.000
MINUIT - FIT ONLY 2-y
 **********
 **   67 **RES 
 **********
                   PARAMETER   16  beta_vw RESTORED TO VARIABLE.
                   PARAMETER   14  alpha_vw RESTORED TO VARIABLE.
                   PARAMETER   13  beta_y RESTORED TO VARIABLE.
                   PARAMETER    9  alpha_2CBO RESTORED TO VARIABLE.
                   PARAMETER    8  beta_CBO RESTORED TO VARIABLE.
                   PARAMETER    6  alpha_CBO RESTORED TO VARIABLE.
                   PARAMETER    4  phi RESTORED TO VARIABLE.
                   PARAMETER    3  A0 RESTORED TO VARIABLE.
                   PARAMETER    1  N0 RESTORED TO VARIABLE.
 **********
 **   68 **FIX            0
 **********
 PARAMETER    0  IS UNDEFINED. IGNORED.
 **********
 **   69 **FIX            1
 **********
 **********
 **   70 **FIX            2
 **********
 PARAMETER    2  IS CONSTANT.   IGNORED.
 **********
 **   71 **FIX            3
 **********
 **********
 **   72 **FIX            4
 **********
 **********
 **   73 **FIX            5
 **********
 PARAMETER    5  IS CONSTANT.   IGNORED.
 **********
 **   74 **FIX            6
 **********
 **********
 **   75 **FIX            7
 **********
 PARAMETER    7  IS CONSTANT.   IGNORED.
 **********
 **   76 **FIX            8
 **********
 **********
 **   77 **FIX            9
 **********
 **********
 **   78 **FIX           10
 **********
 **********
 **   79 **FIX           11
 **********
 **********
 **   80 **FIX           12
 **********
 PARAMETER   12  IS CONSTANT.   IGNORED.
 **********
 **   81 **FIX           16
 **********
 **********
 **   82 **MIGRAD
 **********
 START MIGRAD MINIMIZATION.  STRATEGY  1.  CONVERGENCE WHEN EDM .LT. 1.00e-04
 FCN=3.29463 FROM MIGRAD    STATUS=INITIATE       16 CALLS        5896 TOTAL
                     EDM= unknown      STRATEGY= 1      NO ERROR MATRIX       
  EXT PARAMETER               CURRENT GUESS       STEP         FIRST   
  NO.   NAME      VALUE            ERROR          SIZE      DERIVATIVE 
   1  N0           3.00382e+06     fixed    
   2  tau          6.43838e+01   constant   
   3  A0           4.45866e-01     fixed    
   4  phi          3.97225e+00     fixed    
   5  R           -6.09625e+01   constant   
   6  alpha_CBO   -3.86460e-02     fixed    
   7  w_CBO        2.32500e+00   constant   
   8  beta_CBO     6.84880e-02     fixed    
   9  alpha_2CBO   2.92019e-03     fixed    
  10  beta_2CBO   -5.77158e-04     fixed    
  11  alpha_y     -6.05876e-04     fixed    
  12  w_y          1.44500e+01   constant   
  13  beta_y      -1.76501e-03   1.87267e-04   1.87267e-04   3.68848e+03
  14  alpha_vw     0.00000e+00   1.00000e-03   1.00000e-03  -1.11553e+04
  15  w_vw         1.29000e+01   constant   
  16  beta_vw      0.00000e+00     fixed    
  17  LM          -7.20700e-04   constant   
  18  zeta_y       0.00000e+00   constant   
  19  zeta_vw      0.00000e+00   constant   
  20  T_CBO        5.00316e+01   2.52578e+01   8.31441e-07   2.02254e+00
  21  alpha_A0     9.76099e-03   4.58008e-03   1.97950e-06  -9.82621e-02
  22  beta_A0      1.77742e-01   1.05411e-01   2.06329e-06   2.53665e-01
  23  alpha_phi    1.87628e-01   1.11571e-01   2.03974e-06   8.38460e-02
  24  beta_phi    -4.49114e-01   2.68807e-01   2.43244e-06  -7.34814e-01
 MIGRAD MINIMIZATION HAS CONVERGED.
 MIGRAD WILL VERIFY CONVERGENCE AND ERROR MATRIX.
 COVARIANCE MATRIX CALCULATED SUCCESSFULLY
 FCN=2.27135 FROM HESSE     STATUS=OK             50 CALLS        6026 TOTAL
                     EDM=0.00540533    STRATEGY= 1      ERROR MATRIX ACCURATE 
  EXT PARAMETER                                   STEP         FIRST   
  NO.   NAME      VALUE            ERROR          SIZE      DERIVATIVE 
   1  N0           3.00382e+06     fixed    
   2  tau          6.43838e+01   constant   
   3  A0           4.45866e-01     fixed    
   4  phi          3.97225e+00     fixed    
   5  R           -6.09625e+01   constant   
   6  alpha_CBO   -3.86460e-02     fixed    
   7  w_CBO        2.32500e+00   constant   
   8  beta_CBO     6.84880e-02     fixed    
   9  alpha_2CBO   2.92019e-03     fixed    
  10  beta_2CBO   -5.77158e-04     fixed    
  11  alpha_y     -6.05876e-04     fixed    
  12  w_y          1.44500e+01   constant   
  13  beta_y      -1.78002e-03   1.89524e-04   1.61336e-07   2.59572e+00
  14  alpha_vw     1.78493e-04   1.87431e-04   1.58457e-07   8.90551e-01
  15  w_vw         1.29000e+01   constant   
  16  beta_vw      0.00000e+00     fixed    
  17  LM          -7.20700e-04   constant   
