 + ++++++++++++++++++++++++++++++++++++++++++++++++++++++++++++++++++++ +
 +                                                                      +
 +           You have chose to blind your fitting according to          +
 +                omega_ref * (1 + (R +/- deltaR) *10^{-6})             +
 +                                                                      +
 + ++++++++++++++++++++++++++++++++++++++++++++++++++++++++++++++++++++ +
In main()...
reading format from /gm2data/zkhechad/run45/envelope/formats/formatB_sBin_constraintOn.txt
pBinTau 	= 0  
pBinPhi 	= 0  
constraintau 	= 1 
includeMopTerm 	= 0    
constrainMop    = 0   
Parameters after format file: pBinTau 0 pBinPhi 0 constraintau 1 includeMopTerm 0 constrainMop 0 c_e_scale 0.000000 
Opening file /gm2data/tbarrett/gm2fr/studies/run23_bunch_corrections/CorrectedFourier_Run3b.root.
reading full fit data from /gm2data/zkhechad/cboTemplates/Run4CBOTemplates/fullFits/noRF/sBin_constraintOn_cE0.0_seed0_noRF_calo19.root
windowBins = 69
fitting sliding window 2170 from bin 2306 at 343.906000 to bin 2375 at 354.350000 (69 bins)

Reading data from /gm2data/cornell/histograms/aMethod/histogram_a_noRF.root
 **********
 **    1 **SET PRINTOUT            1
 **********
 **********
 **    2 **SET NOWARNINGS 
 **********
 PARAMETER DEFINITIONS:
    NO.   NAME         VALUE      STEP SIZE      LIMITS
     1 N0           3.18973e+06  1.00000e+02     no limits
     2 tau          6.43945e+01  constant
     3 A0           3.47817e-01  1.00000e-04     no limits
     4 phi          4.13218e+00  1.00000e-02     no limits
     5 R           -5.98741e+01  constant
     6 alpha_CBO    0.00000e+00  1.00000e-03     no limits
     7 w_CBO        2.32500e+00  constant
     8 beta_CBO     0.00000e+00  1.00000e-03     no limits
     9 alpha_2CBO   0.00000e+00  1.00000e-03     no limits
    10 beta_2CBO    0.00000e+00  1.00000e-03     no limits
    11 alpha_y      0.00000e+00  1.00000e-03     no limits
    12 w_y          1.38860e+01  constant
    13 beta_y       0.00000e+00  1.00000e-03     no limits
    14 alpha_vw     0.00000e+00  1.00000e-03     no limits
    15 w_vw         1.43404e+01  constant
    16 beta_vw      0.00000e+00  1.00000e-03     no limits
    17 LM          -2.15884e-04  constant
    18 zeta_y       0.00000e+00  constant
    19 zeta_vw      0.00000e+00  constant
    20 T_CBO        1.00000e+02  1.00000e+00    0.00000e+00  1.00000e+03
    21 alpha_A0     0.00000e+00  1.00000e-03     no limits
    22 beta_A0      0.00000e+00  1.00000e-03     no limits
    23 alpha_phi    0.00000e+00  1.00000e-03     no limits
    24 beta_phi     0.00000e+00  1.00000e-03     no limits
MINUIT - FIT ONLY WIGGLE
 **********
 **    3 **FIX            5
 **********
 PARAMETER    5  IS CONSTANT.   IGNORED.
 **********
 **    4 **FIX            6
 **********
 **********
 **    5 **FIX            7
 **********
 PARAMETER    7  IS CONSTANT.   IGNORED.
 **********
 **    6 **FIX            8
 **********
 **********
 **    7 **FIX            9
 **********
 **********
 **    8 **FIX           10
 **********
 **********
 **    9 **FIX           11
 **********
 **********
 **   10 **FIX           12
 **********
 PARAMETER   12  IS CONSTANT.   IGNORED.
 **********
 **   11 **FIX           13
 **********
 **********
 **   12 **FIX           14
 **********
 **********
 **   13 **FIX           15
 **********
 PARAMETER   15  IS CONSTANT.   IGNORED.
 **********
 **   14 **FIX           16
 **********
 **********
 **   15 **MIGRAD
 **********
 FIRST CALL TO USER FUNCTION AT NEW START POINT, WITH IFLAG=4.
 START MIGRAD MINIMIZATION.  STRATEGY  1.  CONVERGENCE WHEN EDM .LT. 1.00e-04
 FCN=95.7183 FROM MIGRAD    STATUS=INITIATE      437 CALLS         438 TOTAL
                     EDM= unknown      STRATEGY= 1      NO ERROR MATRIX       
  EXT PARAMETER               CURRENT GUESS       STEP         FIRST   
  NO.   NAME      VALUE            ERROR          SIZE      DERIVATIVE 
   1  N0           3.18973e+06   1.00000e+02   0.00000e+00  -1.34061e-03
   2  tau          6.43945e+01   constant   
   3  A0           3.47817e-01   1.00000e-04   0.00000e+00   3.98739e+03
   4  phi          4.13218e+00   1.00000e-02   0.00000e+00  -5.32828e+02
   5  R           -5.98741e+01   constant   
   6  alpha_CBO    0.00000e+00     fixed    
   7  w_CBO        2.32500e+00   constant   
   8  beta_CBO     0.00000e+00     fixed    
   9  alpha_2CBO   0.00000e+00     fixed    
  10  beta_2CBO    0.00000e+00     fixed    
  11  alpha_y      0.00000e+00     fixed    
  12  w_y          1.38860e+01   constant   
  13  beta_y       0.00000e+00     fixed    
  14  alpha_vw     0.00000e+00     fixed    
  15  w_vw         1.43404e+01   constant   
  16  beta_vw      0.00000e+00     fixed    
  17  LM          -2.15884e-04   constant   
  18  zeta_y       0.00000e+00   constant   
  19  zeta_vw      0.00000e+00   constant   
  20  T_CBO        1.00000e+02   1.00000e+00   0.00000e+00   0.00000e+00
  21  alpha_A0     0.00000e+00   1.00000e-03   0.00000e+00   5.83161e+00
  22  beta_A0      0.00000e+00   1.00000e-03   0.00000e+00  -1.92920e+01
  23  alpha_phi    0.00000e+00   1.00000e-03   0.00000e+00   6.06033e+00
  24  beta_phi     0.00000e+00   1.00000e-03   0.00000e+00  -2.74137e+01
 CALL LIMIT EXCEEDED IN MIGRAD.
 MIGRAD TERMINATED WITHOUT CONVERGENCE.
 FCN=88.445 FROM MIGRAD    STATUS=CALL LIMIT   1335 CALLS        1336 TOTAL
                     EDM=0.00371265    STRATEGY= 1  ERROR MATRIX UNCERTAINTY   0.2 per cent
  EXT PARAMETER                APPROXIMATE        STEP         FIRST   
  NO.   NAME      VALUE            ERROR          SIZE      DERIVATIVE 
   1  N0           3.19167e+06   1.93056e+03   1.01868e+00  -1.21884e-07
   2  tau          6.43945e+01   constant   
   3  A0           3.46851e-01   8.63845e-04   6.01424e-06   2.88481e+01
   4  phi          4.13349e+00   2.44027e-03   6.27803e-06   2.82973e+00
   5  R           -5.98741e+01   constant   
   6  alpha_CBO    0.00000e+00     fixed    
   7  w_CBO        2.32500e+00   constant   
   8  beta_CBO     0.00000e+00     fixed    
   9  alpha_2CBO   0.00000e+00     fixed    
  10  beta_2CBO    0.00000e+00     fixed    
  11  alpha_y      0.00000e+00     fixed    
  12  w_y          1.38860e+01   constant   
  13  beta_y       0.00000e+00     fixed    
  14  alpha_vw     0.00000e+00     fixed    
  15  w_vw         1.43404e+01   constant   
  16  beta_vw      0.00000e+00     fixed    
  17  LM          -2.15884e-04   constant   
  18  zeta_y       0.00000e+00   constant   
  19  zeta_vw      0.00000e+00   constant   
  20  T_CBO        6.85202e+02   5.11451e+02   1.15803e-01  -4.60674e-02
  21  alpha_A0    -1.00049e-03   8.98686e-03  -3.66133e-05  -1.76984e+00
  22  beta_A0      7.40304e-03   1.46487e-02  -4.85905e-04  -2.21615e+00
  23  alpha_phi   -9.56333e-04   6.76934e-03  -3.68641e-05  -2.20641e+00
  24  beta_phi     7.72188e-03   1.71071e-02  -4.08082e-04  -9.29574e+00
 EXTERNAL ERROR MATRIX.    NDIM=  25    NPAR=  8    ERR DEF=1
  3.727e+06  2.378e-01 -2.730e-01  1.099e+05  2.231e+00  2.688e-01  1.579e+00 -1.542e+00 
  2.378e-01  7.462e-07  7.378e-08  6.047e-02 -8.122e-07  2.948e-07  3.061e-08  2.028e-06 
 -2.730e-01  7.378e-08  5.955e-06  1.131e-01 -1.422e-06 -2.933e-07 -7.180e-07  1.562e-06 
  1.099e+05  6.047e-02  1.131e-01  3.366e+06  4.826e+00 -2.487e+01  2.527e+00 -2.950e+01 
  2.231e+00 -8.122e-07 -1.422e-06  4.826e+00  8.076e-05 -4.622e-05  6.442e-06 -6.383e-05 
  2.688e-01  2.948e-07 -2.933e-07 -2.487e+01 -4.622e-05  2.146e-04 -2.263e-05  2.183e-04 
  1.579e+00  3.061e-08 -7.180e-07  2.527e+00  6.442e-06 -2.263e-05  4.582e-05 -3.444e-05 
 -1.542e+00  2.028e-06  1.562e-06 -2.950e+01 -6.383e-05  2.183e-04 -3.444e-05  2.927e-04 
ERR MATRIX APPROXIMATE
 PARAMETER  CORRELATION COEFFICIENTS  
       NO.  GLOBAL      1      3      4     20     21     22     23     24
        1  0.26767   1.000  0.143 -0.058  0.031  0.129  0.010  0.121 -0.047
        3  0.60000   0.143  1.000  0.035  0.038 -0.105  0.023  0.005  0.137
        4  0.20895  -0.058  0.035  1.000  0.025 -0.065 -0.008 -0.043  0.037
       20  0.98143   0.031  0.038  0.025  1.000  0.293 -0.925  0.204 -0.940
       21  0.59369   0.129 -0.105 -0.065  0.293  1.000 -0.351  0.106 -0.415
       22  0.93693   0.010  0.023 -0.008 -0.925 -0.351  1.000 -0.228  0.871
       23  0.47370   0.121  0.005 -0.043  0.204  0.106 -0.228  1.000 -0.297
       24  0.97233  -0.047  0.137  0.037 -0.940 -0.415  0.871 -0.297  1.000
 ERR MATRIX APPROXIMATE
MINUIT - FIT ONLY 1-CBO + wiggle
 **********
 **   16 **RES 
 **********
                   PARAMETER   16  beta_vw RESTORED TO VARIABLE.
                   PARAMETER   14  alpha_vw RESTORED TO VARIABLE.
                   PARAMETER   13  beta_y RESTORED TO VARIABLE.
                   PARAMETER   11  alpha_y RESTORED TO VARIABLE.
                   PARAMETER   10  beta_2CBO RESTORED TO VARIABLE.
                   PARAMETER    9  alpha_2CBO RESTORED TO VARIABLE.
                   PARAMETER    8  beta_CBO RESTORED TO VARIABLE.
                   PARAMETER    6  alpha_CBO RESTORED TO VARIABLE.
 **********
 **   17 **FIX            8
 **********
 **********
 **   18 **FIX            9
 **********
 **********
 **   19 **FIX           11
 **********
 **********
 **   20 **FIX           12
 **********
 PARAMETER   12  IS CONSTANT.   IGNORED.
 **********
 **   21 **FIX           14
 **********
 **********
 **   22 **FIX           15
 **********
 PARAMETER   15  IS CONSTANT.   IGNORED.
 **********
 **   23 **FIX           16
 **********
 **********
 **   24 **MIGRAD
 **********
 START MIGRAD MINIMIZATION.  STRATEGY  1.  CONVERGENCE WHEN EDM .LT. 1.00e-04
 FCN=88.445 FROM MIGRAD    STATUS=INITIATE       28 CALLS        1364 TOTAL
                     EDM= unknown      STRATEGY= 1      NO ERROR MATRIX       
  EXT PARAMETER               CURRENT GUESS       STEP         FIRST   
  NO.   NAME      VALUE            ERROR          SIZE      DERIVATIVE 
   1  N0           3.19167e+06   1.93056e+03   1.01868e+00  -1.21884e-07
   2  tau          6.43945e+01   constant   
   3  A0           3.46851e-01   8.63845e-04   6.01424e-06   2.88481e+01
   4  phi          4.13349e+00   2.44027e-03   6.27803e-06   2.82973e+00
   5  R           -5.98741e+01   constant   
   6  alpha_CBO    0.00000e+00   1.00000e-03   1.00000e-03  -1.03806e+04
   7  w_CBO        2.32500e+00   constant   
   8  beta_CBO     0.00000e+00     fixed    
   9  alpha_2CBO   0.00000e+00     fixed    
  10  beta_2CBO    0.00000e+00   1.00000e-03   1.00000e-03  -3.20266e+02
  11  alpha_y      0.00000e+00     fixed    
  12  w_y          1.38860e+01   constant   
  13  beta_y       0.00000e+00   1.00000e-03   1.00000e-03   5.62182e+03
  14  alpha_vw     0.00000e+00     fixed    
  15  w_vw         1.43404e+01   constant   
  16  beta_vw      0.00000e+00     fixed    
  17  LM          -2.15884e-04   constant   
  18  zeta_y       0.00000e+00   constant   
  19  zeta_vw      0.00000e+00   constant   
  20  T_CBO        6.85202e+02   5.11451e+02   1.15803e-01  -4.60762e-02
  21  alpha_A0    -1.00049e-03   8.98686e-03  -3.66133e-05  -1.76984e+00
  22  beta_A0      7.40304e-03   1.46487e-02  -4.85905e-04  -2.21615e+00
  23  alpha_phi   -9.56333e-04   6.76934e-03  -3.68641e-05  -2.20641e+00
  24  beta_phi     7.72188e-03   1.71071e-02  -4.08082e-04  -9.29574e+00
 MIGRAD MINIMIZATION HAS CONVERGED.
 FCN=57.88 FROM MIGRAD    STATUS=CONVERGED     171 CALLS        1507 TOTAL
                     EDM=9.17521e-06    STRATEGY= 1  ERROR MATRIX UNCERTAINTY   4.1 per cent
  EXT PARAMETER                                   STEP         FIRST   
  NO.   NAME      VALUE            ERROR          SIZE      DERIVATIVE 
   1  N0           3.19241e+06   2.09594e+03  -5.33094e+00  -2.13313e-07
   2  tau          6.43945e+01   constant   
   3  A0           3.47734e-01   8.88258e-04  -3.28903e-07   4.18195e-01
   4  phi          4.13578e+00   2.59395e-03   7.55852e-06   5.07835e-01
   5  R           -5.98741e+01   constant   
   6  alpha_CBO    4.65319e-03   9.45997e-04  -4.87772e-07  -7.89199e-02
   7  w_CBO        2.32500e+00   constant   
   8  beta_CBO     0.00000e+00     fixed    
   9  alpha_2CBO   0.00000e+00     fixed    
  10  beta_2CBO    1.87476e-04   8.94602e-04   5.33839e-07   1.40681e+00
  11  alpha_y      0.00000e+00     fixed    
  12  w_y          1.38860e+01   constant   
  13  beta_y      -2.26781e-03   8.88154e-04  -7.11615e-07  -6.14414e-01
  14  alpha_vw     0.00000e+00     fixed    
  15  w_vw         1.43404e+01   constant   
  16  beta_vw      0.00000e+00     fixed    
  17  LM          -2.15884e-04   constant   
  18  zeta_y       0.00000e+00   constant   
  19  zeta_vw      0.00000e+00   constant   
  20  T_CBO        8.49354e+02   8.57520e+02   1.89941e-03  -3.25397e-03
  21  alpha_A0    -5.33174e-03   5.51576e-03   1.29640e-05  -2.20541e-02
  22  beta_A0      8.70038e-03   5.79076e-03  -6.47620e-06   1.58842e-01
  23  alpha_phi    3.33666e-03   5.51686e-03  -1.25706e-05  -1.98425e-01
  24  beta_phi     9.33020e-03   5.64790e-03  -1.26521e-05   9.07587e-02
 EXTERNAL ERROR MATRIX.    NDIM=  25    NPAR= 11    ERR DEF=1
  4.393e+06 
  1.663e-01  7.890e-07 
 -8.453e-01  2.151e-07  6.729e-06 
  1.479e-01  1.699e-07  4.382e-07  8.949e-07 
 -7.537e-02 -1.309e-08  1.487e-07  1.694e-08  8.003e-07 
  1.138e-02 -1.222e-08 -5.999e-08 -8.518e-09  1.383e-08  7.888e-07 
 -3.742e+05  1.230e-02  5.152e-01  1.379e-03  7.586e-02 -4.542e-02  3.251e+05 
  1.332e-01 -4.957e-07  1.492e-07 -8.580e-07  2.285e-07 -5.691e-08  6.041e-01  3.042e-05 
  1.187e+00  1.271e-07 -1.077e-06  2.861e-07 -2.765e-07  9.936e-08 -2.782e-01 -9.113e-07  3.353e-05 
  2.117e+00  2.273e-07 -4.247e-07  7.875e-07 -4.864e-07 -3.493e-08 -8.197e-01 -3.898e-07  2.091e-06  3.044e-05 
 -3.422e-01  8.750e-07 -4.038e-07  3.267e-07  2.474e-07  5.180e-08 -5.676e-01 -1.626e-06  2.716e-06  6.211e-06  3.190e-05 
 PARAMETER  CORRELATION COEFFICIENTS  
       NO.  GLOBAL      1      3      4      6     10     13     20     21     22     23     24
        1  0.38977   1.000  0.089 -0.155  0.075 -0.040  0.006 -0.313  0.012  0.098  0.183 -0.029
        3  0.30362   0.089  1.000  0.093  0.202 -0.016 -0.015  0.024 -0.101  0.025  0.046  0.174
        4  0.40598  -0.155  0.093  1.000  0.179  0.064 -0.026  0.348  0.010 -0.072 -0.030 -0.028
        6  0.34261   0.075  0.202  0.179  1.000  0.020 -0.010  0.003 -0.164  0.052  0.151  0.061
       10  0.20045  -0.040 -0.016  0.064  0.020  1.000  0.017  0.149  0.046 -0.053 -0.099  0.049
       13  0.10390   0.006 -0.015 -0.026 -0.010  0.017  1.000 -0.090 -0.012  0.019 -0.007  0.010
       20  0.55345  -0.313  0.024  0.348  0.003  0.149 -0.090  1.000  0.192 -0.084 -0.261 -0.176
       21  0.28856   0.012 -0.101  0.010 -0.164  0.046 -0.012  0.192  1.000 -0.029 -0.013 -0.052
       22  0.16155   0.098  0.025 -0.072  0.052 -0.053  0.019 -0.084 -0.029  1.000  0.065  0.083
       23  0.36941   0.183  0.046 -0.030  0.151 -0.099 -0.007 -0.261 -0.013  0.065  1.000  0.199
       24  0.33740  -0.029  0.174 -0.028  0.061  0.049  0.010 -0.176 -0.052  0.083  0.199  1.000
MINUIT - FIT ONLY 2-CBO
 **********
 **   25 **RES 
 **********
                   PARAMETER   16  beta_vw RESTORED TO VARIABLE.
                   PARAMETER   14  alpha_vw RESTORED TO VARIABLE.
                   PARAMETER   11  alpha_y RESTORED TO VARIABLE.
                   PARAMETER    9  alpha_2CBO RESTORED TO VARIABLE.
                   PARAMETER    8  beta_CBO RESTORED TO VARIABLE.
 **********
 **   26 **FIX            0
 **********
 PARAMETER    0  IS UNDEFINED. IGNORED.
 **********
 **   27 **FIX            1
 **********
 **********
 **   28 **FIX            2
 **********
 PARAMETER    2  IS CONSTANT.   IGNORED.
 **********
 **   29 **FIX            3
 **********
 **********
 **   30 **FIX            4
 **********
 **********
 **   31 **FIX            5
 **********
 PARAMETER    5  IS CONSTANT.   IGNORED.
 **********
 **   32 **FIX            6
 **********
 **********
 **   33 **FIX            7
 **********
 PARAMETER    7  IS CONSTANT.   IGNORED.
 **********
 **   34 **FIX           10
 **********
 **********
 **   35 **FIX           11
 **********
 **********
 **   36 **FIX           12
 **********
 PARAMETER   12  IS CONSTANT.   IGNORED.
 **********
 **   37 **FIX           13
 **********
 **********
 **   38 **FIX           14
 **********
 **********
 **   39 **FIX           15
 **********
 PARAMETER   15  IS CONSTANT.   IGNORED.
 **********
 **   40 **FIX           16
 **********
 **********
 **   41 **MIGRAD
 **********
 START MIGRAD MINIMIZATION.  STRATEGY  1.  CONVERGENCE WHEN EDM .LT. 1.00e-04
 FCN=57.88 FROM MIGRAD    STATUS=INITIATE       18 CALLS        1525 TOTAL
                     EDM= unknown      STRATEGY= 1      NO ERROR MATRIX       
  EXT PARAMETER               CURRENT GUESS       STEP         FIRST   
  NO.   NAME      VALUE            ERROR          SIZE      DERIVATIVE 
   1  N0           3.19241e+06     fixed    
   2  tau          6.43945e+01   constant   
   3  A0           3.47734e-01     fixed    
   4  phi          4.13578e+00     fixed    
   5  R           -5.98741e+01   constant   
   6  alpha_CBO    4.65319e-03     fixed    
   7  w_CBO        2.32500e+00   constant   
   8  beta_CBO     0.00000e+00   1.00000e-03   1.00000e-03   1.89012e+03
   9  alpha_2CBO   0.00000e+00   1.00000e-03   1.00000e-03  -7.90687e+01
  10  beta_2CBO    1.87476e-04     fixed    
  11  alpha_y      0.00000e+00     fixed    
  12  w_y          1.38860e+01   constant   
  13  beta_y      -2.26781e-03     fixed    
  14  alpha_vw     0.00000e+00     fixed    
  15  w_vw         1.43404e+01   constant   
  16  beta_vw      0.00000e+00     fixed    
  17  LM          -2.15884e-04   constant   
  18  zeta_y       0.00000e+00   constant   
  19  zeta_vw      0.00000e+00   constant   
  20  T_CBO        8.49354e+02   8.57520e+02   1.89941e-03  -3.25391e-03
  21  alpha_A0    -5.33174e-03   5.51576e-03   1.29640e-05  -2.20539e-02
  22  beta_A0      8.70038e-03   5.79076e-03  -6.47620e-06   1.58842e-01
  23  alpha_phi    3.33666e-03   5.51686e-03  -1.25706e-05  -1.98425e-01
  24  beta_phi     9.33020e-03   5.64790e-03  -1.26521e-05   9.07587e-02
 MIGRAD MINIMIZATION HAS CONVERGED.
 MIGRAD WILL VERIFY CONVERGENCE AND ERROR MATRIX.
 COVARIANCE MATRIX CALCULATED SUCCESSFULLY
 FCN=57.1294 FROM MIGRAD    STATUS=CONVERGED     271 CALLS        1778 TOTAL
                     EDM=1.21163e-05    STRATEGY= 1      ERROR MATRIX ACCURATE 
  EXT PARAMETER                                   STEP         FIRST   
  NO.   NAME      VALUE            ERROR          SIZE      DERIVATIVE 
   1  N0           3.19241e+06     fixed    
   2  tau          6.43945e+01   constant   
   3  A0           3.47734e-01     fixed    
   4  phi          4.13578e+00     fixed    
   5  R           -5.98741e+01   constant   
   6  alpha_CBO    4.65319e-03     fixed    
   7  w_CBO        2.32500e+00   constant   
   8  beta_CBO    -7.91694e-04   9.15433e-04   3.35310e-06  -1.75987e-01
   9  alpha_2CBO   2.40894e-05   9.12840e-04   3.32431e-06   4.81035e-01
  10  beta_2CBO    1.87476e-04     fixed    
  11  alpha_y      0.00000e+00     fixed    
  12  w_y          1.38860e+01   constant   
  13  beta_y      -2.26781e-03     fixed    
  14  alpha_vw     0.00000e+00     fixed    
  15  w_vw         1.43404e+01   constant   
  16  beta_vw      0.00000e+00     fixed    
  17  LM          -2.15884e-04   constant   
  18  zeta_y       0.00000e+00   constant   
  19  zeta_vw      0.00000e+00   constant   
  20  T_CBO        9.99557e+02   7.72941e+02   6.63664e-02  -2.38424e-04
  21  alpha_A0    -5.14687e-03   5.00219e-03   1.84918e-05   4.30050e-01
  22  beta_A0      8.78694e-03   4.92655e-03   1.79789e-05  -2.13072e-01
  23  alpha_phi    3.10616e-03   4.65780e-03   1.71101e-05  -3.22050e-01
  24  beta_phi     8.42102e-03   5.13573e-03   1.86638e-05  -1.18370e-01
 EXTERNAL ERROR MATRIX.    NDIM=  25    NPAR=  7    ERR DEF=1
  8.380e-07  9.732e-09 -2.960e-05  1.709e-07 -6.558e-07  4.927e-08  3.965e-07 
  9.732e-09  8.333e-07  9.467e-07  4.621e-07 -2.857e-07  5.217e-07  5.971e-07 
 -2.960e-05  9.467e-07  1.302e+05  4.988e-02 -8.414e-02 -3.062e-02 -8.077e-02 
  1.709e-07  4.621e-07  4.988e-02  2.502e-05 -8.661e-07  4.273e-07 -5.826e-07 
 -6.558e-07 -2.857e-07 -8.414e-02 -8.661e-07  2.427e-05 -6.866e-07  2.127e-06 
  4.927e-08  5.217e-07 -3.062e-02  4.273e-07 -6.866e-07  2.170e-05  2.769e-06 
  3.965e-07  5.971e-07 -8.077e-02 -5.826e-07  2.127e-06  2.769e-06  2.638e-05 
 PARAMETER  CORRELATION COEFFICIENTS  
       NO.  GLOBAL      8      9     20     21     22     23     24
        8  0.17870   1.000  0.012 -0.000  0.037 -0.145  0.012  0.084
        9  0.20755   0.012  1.000  0.000  0.101 -0.064  0.123  0.127
       20  0.06868  -0.000  0.000  1.000  0.028 -0.047 -0.018 -0.044
       21  0.11907   0.037  0.101  0.028  1.000 -0.035  0.018 -0.023
       22  0.19817  -0.145 -0.064 -0.047 -0.035  1.000 -0.030  0.084
       23  0.16303   0.012  0.123 -0.018  0.018 -0.030  1.000  0.116
       24  0.21749   0.084  0.127 -0.044 -0.023  0.084  0.116  1.000
MINUIT - FIT wiggle + 1-CBO + 2-CBO
 **********
 **   42 **RES 
 **********
                   PARAMETER   16  beta_vw RESTORED TO VARIABLE.
                   PARAMETER   14  alpha_vw RESTORED TO VARIABLE.
                   PARAMETER   13  beta_y RESTORED TO VARIABLE.
                   PARAMETER   11  alpha_y RESTORED TO VARIABLE.
                   PARAMETER   10  beta_2CBO RESTORED TO VARIABLE.
                   PARAMETER    6  alpha_CBO RESTORED TO VARIABLE.
                   PARAMETER    4  phi RESTORED TO VARIABLE.
                   PARAMETER    3  A0 RESTORED TO VARIABLE.
                   PARAMETER    1  N0 RESTORED TO VARIABLE.
 **********
 **   43 **FIX           10
 **********
 **********
 **   44 **FIX           11
 **********
 **********
 **   45 **FIX           12
 **********
 PARAMETER   12  IS CONSTANT.   IGNORED.
 **********
 **   46 **FIX           13
 **********
 **********
 **   47 **FIX           14
 **********
 **********
 **   48 **FIX           15
 **********
 PARAMETER   15  IS CONSTANT.   IGNORED.
 **********
 **   49 **FIX           16
 **********
 **********
 **   50 **MIGRAD
 **********
 START MIGRAD MINIMIZATION.  STRATEGY  1.  CONVERGENCE WHEN EDM .LT. 1.00e-04
 FCN=57.1294 FROM MIGRAD    STATUS=INITIATE       22 CALLS        1800 TOTAL
                     EDM= unknown      STRATEGY= 1      NO ERROR MATRIX       
  EXT PARAMETER               CURRENT GUESS       STEP         FIRST   
  NO.   NAME      VALUE            ERROR          SIZE      DERIVATIVE 
   1  N0           3.19241e+06   2.09594e+03   2.09594e+03  -4.00242e-07
   2  tau          6.43945e+01   constant   
   3  A0           3.47734e-01   8.88258e-04   8.88258e-04  -3.55026e+02
   4  phi          4.13578e+00   2.59395e-03   2.59395e-03   7.11250e+01
   5  R           -5.98741e+01   constant   
   6  alpha_CBO    4.65319e-03   9.45997e-04   9.45997e-04   5.66624e+01
   7  w_CBO        2.32500e+00   constant   
   8  beta_CBO    -7.91694e-04   9.15433e-04   3.35310e-06  -1.75987e-01
   9  alpha_2CBO   2.40894e-05   9.12840e-04   3.32431e-06   4.81035e-01
  10  beta_2CBO    1.87476e-04     fixed    
  11  alpha_y      0.00000e+00     fixed    
  12  w_y          1.38860e+01   constant   
  13  beta_y      -2.26781e-03     fixed    
  14  alpha_vw     0.00000e+00     fixed    
  15  w_vw         1.43404e+01   constant   
  16  beta_vw      0.00000e+00     fixed    
  17  LM          -2.15884e-04   constant   
  18  zeta_y       0.00000e+00   constant   
  19  zeta_vw      0.00000e+00   constant   
  20  T_CBO        9.99557e+02   7.72941e+02   6.63664e-02  -2.44426e-04
  21  alpha_A0    -5.14687e-03   5.00219e-03   1.84918e-05   4.30051e-01
  22  beta_A0      8.78694e-03   4.92655e-03   1.79789e-05  -2.13069e-01
  23  alpha_phi    3.10616e-03   4.65780e-03   1.71101e-05  -3.22050e-01
  24  beta_phi     8.42102e-03   5.13573e-03   1.86638e-05  -1.18370e-01
 MIGRAD MINIMIZATION HAS CONVERGED.
 MIGRAD WILL VERIFY CONVERGENCE AND ERROR MATRIX.
 COVARIANCE MATRIX CALCULATED SUCCESSFULLY
 FCN=57.0983 FROM MIGRAD    STATUS=CONVERGED     226 CALLS        2004 TOTAL
                     EDM=4.4442e-07    STRATEGY= 1      ERROR MATRIX ACCURATE 
  EXT PARAMETER                                   STEP         FIRST   
  NO.   NAME      VALUE            ERROR          SIZE      DERIVATIVE 
   1  N0           3.19248e+06   2.16230e+03   7.10441e+00   1.92677e-07
   2  tau          6.43945e+01   constant   
   3  A0           3.47865e-01   8.89257e-04   3.09486e-06  -1.90291e-01
   4  phi          4.13557e+00   2.54534e-03   9.08857e-06  -1.34060e-01
   5  R           -5.98741e+01   constant   
   6  alpha_CBO    4.64103e-03   9.45648e-04   3.31323e-06   4.44331e-02
   7  w_CBO        2.32500e+00   constant   
   8  beta_CBO    -8.24286e-04   9.33892e-04   3.35219e-06   2.17938e-01
   9  alpha_2CBO   3.31543e-05   9.15884e-04   3.32343e-06  -1.62224e-01
  10  beta_2CBO    1.87476e-04     fixed    
  11  alpha_y      0.00000e+00     fixed    
  12  w_y          1.38860e+01   constant   
  13  beta_y      -2.26781e-03     fixed    
  14  alpha_vw     0.00000e+00     fixed    
  15  w_vw         1.43404e+01   constant   
  16  beta_vw      0.00000e+00     fixed    
  17  LM          -2.15884e-04   constant   
  18  zeta_y       0.00000e+00   constant   
  19  zeta_vw      0.00000e+00   constant   
  20  T_CBO        1.00000e+03   9.95828e+02   7.64110e-02** at limit **
  21  alpha_A0    -5.12388e-03   5.21852e-03   1.84783e-05   5.31335e-02
  22  beta_A0      8.86290e-03   5.13071e-03   1.79655e-05   5.29196e-02
  23  alpha_phi    3.16213e-03   4.79872e-03   1.70940e-05  -4.80895e-02
  24  beta_phi     8.53357e-03   5.48657e-03   1.86460e-05  -6.55058e-02
 EXTERNAL ERROR MATRIX.    NDIM=  25    NPAR= 11    ERR DEF=1
  4.676e+06 
  1.927e-01  7.908e-07 
 -9.109e-01  1.573e-07  6.479e-06 
  1.179e-01  1.577e-07  4.251e-07  8.942e-07 
 -6.636e-02 -1.360e-07  2.275e-07  1.403e-08  8.722e-07 
 -6.537e-03  6.202e-08  1.908e-08  3.439e-08 -3.174e-12  8.388e-07 
  2.470e+00  1.255e-06 -1.141e-05  1.028e-06  3.173e-07  7.684e-08  4.299e+00 
  1.905e+00 -2.495e-07 -1.357e-06 -7.975e-07  1.415e-07  4.139e-07 -1.575e-03  2.723e-05 
  9.150e-01  4.705e-07  6.799e-08  2.488e-07 -7.315e-07 -2.487e-07  2.691e-03 -1.764e-06  2.632e-05 
  1.493e+00  3.884e-07 -1.661e-07  7.650e-07 -5.465e-09  5.629e-07  9.907e-04 -2.689e-08  4.918e-07  2.303e-05 
 -1.821e+00  9.755e-07  1.414e-06  3.395e-07  2.786e-07  6.866e-07  2.593e-03 -2.911e-06  3.966e-06  3.307e-06  3.010e-05 
 PARAMETER  CORRELATION COEFFICIENTS  
       NO.  GLOBAL      1      3      4      6      8      9     20     21     22     23     24
        1  0.35458   1.000  0.100 -0.166  0.058 -0.033 -0.003  0.001  0.169  0.082  0.144 -0.154
        3  0.35436   0.100  1.000  0.069  0.187 -0.164  0.076  0.001 -0.054  0.103  0.091  0.200
        4  0.28206  -0.166  0.069  1.000  0.177  0.096  0.008 -0.002 -0.102  0.005 -0.014  0.101
        6  0.33732   0.058  0.187  0.177  1.000  0.016  0.040  0.001 -0.162  0.051  0.169  0.065
        8  0.26426  -0.033 -0.164  0.096  0.016  1.000 -0.000  0.000  0.029 -0.153 -0.001  0.054
        9  0.22231  -0.003  0.076  0.008  0.040 -0.000  1.000  0.000  0.087 -0.053  0.128  0.137
       20  0.35785   0.001  0.001 -0.002  0.001  0.000  0.000  1.000 -0.146  0.253  0.100  0.228
       21  0.30797   0.169 -0.054 -0.102 -0.162  0.029  0.087 -0.146  1.000 -0.066 -0.001 -0.102
       22  0.33890   0.082  0.103  0.005  0.051 -0.153 -0.053  0.253 -0.066  1.000  0.020  0.141
       23  0.28972   0.144  0.091 -0.014  0.169 -0.001  0.128  0.100 -0.001  0.020  1.000  0.126
       24  0.40768  -0.154  0.200  0.101  0.065  0.054  0.137  0.228 -0.102  0.141  0.126  1.000
MINUIT - FIT ONLY 1-y
 **********
 **   51 **RES 
 **********
                   PARAMETER   16  beta_vw RESTORED TO VARIABLE.
                   PARAMETER   14  alpha_vw RESTORED TO VARIABLE.
                   PARAMETER   13  beta_y RESTORED TO VARIABLE.
                   PARAMETER   11  alpha_y RESTORED TO VARIABLE.
                   PARAMETER   10  beta_2CBO RESTORED TO VARIABLE.
 **********
 **   52 **FIX            0
 **********
 PARAMETER    0  IS UNDEFINED. IGNORED.
 **********
 **   53 **FIX            1
 **********
 **********
 **   54 **FIX            2
 **********
 PARAMETER    2  IS CONSTANT.   IGNORED.
 **********
 **   55 **FIX            3
 **********
 **********
 **   56 **FIX            4
 **********
 **********
 **   57 **FIX            5
 **********
 PARAMETER    5  IS CONSTANT.   IGNORED.
 **********
 **   58 **FIX            6
 **********
 **********
 **   59 **FIX            7
 **********
 PARAMETER    7  IS CONSTANT.   IGNORED.
 **********
 **   60 **FIX            8
 **********
 **********
 **   61 **FIX            9
 **********
 **********
 **   62 **FIX           13
 **********
 **********
 **   63 **FIX           14
 **********
 **********
 **   64 **FIX           15
 **********
 PARAMETER   15  IS CONSTANT.   IGNORED.
 **********
 **   65 **FIX           16
 **********
 **********
 **   66 **MIGRAD
 **********
 START MIGRAD MINIMIZATION.  STRATEGY  1.  CONVERGENCE WHEN EDM .LT. 1.00e-04
 FCN=57.0983 FROM MIGRAD    STATUS=INITIATE       16 CALLS        2020 TOTAL
                     EDM= unknown      STRATEGY= 1      NO ERROR MATRIX       
  EXT PARAMETER               CURRENT GUESS       STEP         FIRST   
  NO.   NAME      VALUE            ERROR          SIZE      DERIVATIVE 
   1  N0           3.19248e+06     fixed    
   2  tau          6.43945e+01   constant   
   3  A0           3.47865e-01     fixed    
   4  phi          4.13557e+00     fixed    
   5  R           -5.98741e+01   constant   
   6  alpha_CBO    4.64103e-03     fixed    
   7  w_CBO        2.32500e+00   constant   
   8  beta_CBO    -8.24286e-04     fixed    
   9  alpha_2CBO   3.31543e-05     fixed    
  10  beta_2CBO    1.87476e-04   8.94602e-04   8.94602e-04   1.53669e+02
  11  alpha_y      0.00000e+00   1.00000e-03   1.00000e-03  -7.59659e+02
  12  w_y          1.38860e+01   constant   
  13  beta_y      -2.26781e-03     fixed    
  14  alpha_vw     0.00000e+00     fixed    
  15  w_vw         1.43404e+01   constant   
  16  beta_vw      0.00000e+00     fixed    
  17  LM          -2.15884e-04   constant   
  18  zeta_y       0.00000e+00   constant   
  19  zeta_vw      0.00000e+00   constant   
  20  T_CBO        9.99999e+02   9.95828e+02   7.64110e-02  -8.30812e-06
  21  alpha_A0    -5.12388e-03   5.21852e-03   1.84783e-05   5.32580e-02
  22  beta_A0      8.86290e-03   5.13071e-03   1.79655e-05   5.26966e-02
  23  alpha_phi    3.16213e-03   4.79872e-03   1.70940e-05  -4.81750e-02
  24  beta_phi     8.53357e-03   5.48657e-03   1.86460e-05  -6.56883e-02
 MIGRAD MINIMIZATION HAS CONVERGED.
 MIGRAD WILL VERIFY CONVERGENCE AND ERROR MATRIX.
 COVARIANCE MATRIX CALCULATED SUCCESSFULLY
 FCN=56.9767 FROM MIGRAD    STATUS=CONVERGED     114 CALLS        2118 TOTAL
                     EDM=1.52354e-07    STRATEGY= 1      ERROR MATRIX ACCURATE 
  EXT PARAMETER                                   STEP         FIRST   
  NO.   NAME      VALUE            ERROR          SIZE      DERIVATIVE 
   1  N0           3.19248e+06     fixed    
   2  tau          6.43945e+01   constant   
   3  A0           3.47865e-01     fixed    
   4  phi          4.13557e+00     fixed    
   5  R           -5.98741e+01   constant   
   6  alpha_CBO    4.64103e-03     fixed    
   7  w_CBO        2.32500e+00   constant   
   8  beta_CBO    -8.24286e-04     fixed    
   9  alpha_2CBO   3.31543e-05     fixed    
  10  beta_2CBO    1.24320e-04   9.20668e-04   3.33823e-06   1.33849e-01
  11  alpha_y      3.07144e-04   8.99801e-04   3.34430e-06   6.77443e-03
  12  w_y          1.38860e+01   constant   
  13  beta_y      -2.26781e-03     fixed    
  14  alpha_vw     0.00000e+00     fixed    
  15  w_vw         1.43404e+01   constant   
  16  beta_vw      0.00000e+00     fixed    
  17  LM          -2.15884e-04   constant   
  18  zeta_y       0.00000e+00   constant   
  19  zeta_vw      0.00000e+00   constant   
  20  T_CBO        1.00000e+03   9.39493e+02   8.50800e-02** at limit **
  21  alpha_A0    -5.14903e-03   5.05582e-03   1.84592e-05  -4.59978e-02
  22  beta_A0      8.82367e-03   5.12846e-03   1.79467e-05   1.83383e-03
  23  alpha_phi    3.16246e-03   4.68516e-03   1.70761e-05  -1.02029e-01
  24  beta_phi     8.48774e-03   5.29279e-03   1.86262e-05   1.01310e-02
 EXTERNAL ERROR MATRIX.    NDIM=  25    NPAR=  7    ERR DEF=1
  8.476e-07  5.046e-09 -2.852e-08  2.887e-07  6.618e-07 -5.086e-07  4.985e-07 
  5.046e-09  8.096e-07  4.675e-09 -4.486e-09  3.190e-08 -1.005e-07 -2.229e-08 
 -2.852e-08  4.675e-09  1.575e-02 -1.098e-04  1.857e-04  6.855e-05  1.789e-04 
  2.887e-07 -4.486e-09 -1.098e-04  2.556e-05 -1.615e-06 -5.061e-07 -2.035e-06 
  6.618e-07  3.190e-08  1.857e-04 -1.615e-06  2.630e-05 -8.520e-08  5.084e-06 
 -5.086e-07 -1.005e-07  6.855e-05 -5.061e-07 -8.520e-08  2.195e-05  2.837e-06 
  4.985e-07 -2.229e-08  1.789e-04 -2.035e-06  5.084e-06  2.837e-06  2.801e-05 
 PARAMETER  CORRELATION COEFFICIENTS  
       NO.  GLOBAL     10     11     20     21     22     23     24
       10  0.22111   1.000  0.006 -0.000  0.062  0.140 -0.118  0.102
       11  0.02526   0.006  1.000  0.000 -0.001  0.007 -0.024 -0.005
       20  0.40086  -0.000  0.000  1.000 -0.173  0.288  0.117  0.269
       21  0.18875   0.062 -0.001 -0.173  1.000 -0.062 -0.021 -0.076
       22  0.33773   0.140  0.007  0.288 -0.062  1.000 -0.004  0.187
       23  0.19743  -0.118 -0.024  0.117 -0.021 -0.004  1.000  0.114
       24  0.32256   0.102 -0.005  0.269 -0.076  0.187  0.114  1.000
MINUIT - FIT ONLY 2-y
 **********
 **   67 **RES 
 **********
                   PARAMETER   16  beta_vw RESTORED TO VARIABLE.
                   PARAMETER   14  alpha_vw RESTORED TO VARIABLE.
                   PARAMETER   13  beta_y RESTORED TO VARIABLE.
                   PARAMETER    9  alpha_2CBO RESTORED TO VARIABLE.
                   PARAMETER    8  beta_CBO RESTORED TO VARIABLE.
                   PARAMETER    6  alpha_CBO RESTORED TO VARIABLE.
                   PARAMETER    4  phi RESTORED TO VARIABLE.
                   PARAMETER    3  A0 RESTORED TO VARIABLE.
                   PARAMETER    1  N0 RESTORED TO VARIABLE.
 **********
 **   68 **FIX            0
 **********
 PARAMETER    0  IS UNDEFINED. IGNORED.
 **********
 **   69 **FIX            1
 **********
 **********
 **   70 **FIX            2
 **********
 PARAMETER    2  IS CONSTANT.   IGNORED.
 **********
 **   71 **FIX            3
 **********
 **********
 **   72 **FIX            4
 **********
 **********
 **   73 **FIX            5
 **********
 PARAMETER    5  IS CONSTANT.   IGNORED.
 **********
 **   74 **FIX            6
 **********
 **********
 **   75 **FIX            7
 **********
 PARAMETER    7  IS CONSTANT.   IGNORED.
 **********
 **   76 **FIX            8
 **********
 **********
 **   77 **FIX            9
 **********
 **********
 **   78 **FIX           10
 **********
 **********
 **   79 **FIX           11
 **********
 **********
 **   80 **FIX           12
 **********
 PARAMETER   12  IS CONSTANT.   IGNORED.
 **********
 **   81 **FIX           16
 **********
 **********
 **   82 **MIGRAD
 **********
 START MIGRAD MINIMIZATION.  STRATEGY  1.  CONVERGENCE WHEN EDM .LT. 1.00e-04
 FCN=56.9767 FROM MIGRAD    STATUS=INITIATE       16 CALLS        2134 TOTAL
                     EDM= unknown      STRATEGY= 1      NO ERROR MATRIX       
  EXT PARAMETER               CURRENT GUESS       STEP         FIRST   
  NO.   NAME      VALUE            ERROR          SIZE      DERIVATIVE 
   1  N0           3.19248e+06     fixed    
   2  tau          6.43945e+01   constant   
   3  A0           3.47865e-01     fixed    
   4  phi          4.13557e+00     fixed    
   5  R           -5.98741e+01   constant   
   6  alpha_CBO    4.64103e-03     fixed    
   7  w_CBO        2.32500e+00   constant   
   8  beta_CBO    -8.24286e-04     fixed    
   9  alpha_2CBO   3.31543e-05     fixed    
  10  beta_2CBO    1.24320e-04     fixed    
  11  alpha_y      3.07144e-04     fixed    
  12  w_y          1.38860e+01   constant   
  13  beta_y      -2.26781e-03   8.88154e-04   8.88154e-04  -2.73222e+01
  14  alpha_vw     0.00000e+00   1.00000e-03   1.00000e-03   2.43529e+03
  15  w_vw         1.43404e+01   constant   
  16  beta_vw      0.00000e+00     fixed    
  17  LM          -2.15884e-04   constant   
  18  zeta_y       0.00000e+00   constant   
  19  zeta_vw      0.00000e+00   constant   
  20  T_CBO        9.99999e+02   9.39493e+02   8.50800e-02  -8.04021e-06
  21  alpha_A0    -5.14903e-03   5.05582e-03   1.84592e-05  -4.58670e-02
  22  beta_A0      8.82367e-03   5.12846e-03   1.79467e-05   1.60966e-03
  23  alpha_phi    3.16246e-03   4.68516e-03   1.70761e-05  -1.02115e-01
  24  beta_phi     8.48774e-03   5.29279e-03   1.86262e-05   9.94797e-03
 MIGRAD MINIMIZATION HAS CONVERGED.
 MIGRAD WILL VERIFY CONVERGENCE AND ERROR MATRIX.
 COVARIANCE MATRIX CALCULATED SUCCESSFULLY
 FCN=55.6759 FROM MIGRAD    STATUS=CONVERGED     115 CALLS        2233 TOTAL
                     EDM=5.45236e-07    STRATEGY= 1      ERROR MATRIX ACCURATE 
  EXT PARAMETER                                   STEP         FIRST   
  NO.   NAME      VALUE            ERROR          SIZE      DERIVATIVE 
   1  N0           3.19248e+06     fixed    
   2  tau          6.43945e+01   constant   
   3  A0           3.47865e-01     fixed    
   4  phi          4.13557e+00     fixed    
   5  R           -5.98741e+01   constant   
   6  alpha_CBO    4.64103e-03     fixed    
   7  w_CBO        2.32500e+00   constant   
   8  beta_CBO    -8.24286e-04     fixed    
   9  alpha_2CBO   3.31543e-05     fixed    
  10  beta_2CBO    1.24320e-04     fixed    
  11  alpha_y      3.07144e-04     fixed    
  12  w_y          1.38860e+01   constant   
  13  beta_y      -2.58636e-03   9.37653e-04   3.27800e-06   1.72422e-01
  14  alpha_vw    -1.07207e-03   9.39857e-04   3.28636e-06  -4.69010e-01
  15  w_vw         1.43404e+01   constant   
  16  beta_vw      0.00000e+00     fixed    
  17  LM          -2.15884e-04   constant   
  18  zeta_y       0.00000e+00   constant   
  19  zeta_vw      0.00000e+00   constant   
  20  T_CBO        1.00000e+03   9.29257e+02   4.54564e-02** at limit **
  21  alpha_A0    -5.13545e-03   4.99128e-03   1.82513e-05   1.34034e-01
  22  beta_A0      8.92554e-03   4.92337e-03   1.77437e-05   8.59254e-02
  23  alpha_phi    3.11612e-03   4.62829e-03   1.68838e-05  -9.25359e-02
  24  beta_phi     8.56560e-03   5.12726e-03   1.84163e-05  -5.98144e-02
 EXTERNAL ERROR MATRIX.    NDIM=  25    NPAR=  7    ERR DEF=1
  8.792e-07  2.715e-07 -1.301e-07 -7.440e-10 -9.980e-08 -1.830e-08 -1.157e-07 
  2.715e-07  8.833e-07 -9.795e-08 -1.040e-08 -8.450e-08  3.715e-08 -6.481e-08 
 -1.301e-07 -9.795e-08  5.845e+00 -1.119e-03  1.921e-03  6.907e-04  1.846e-03 
 -7.440e-10 -1.040e-08 -1.119e-03  2.491e-05 -9.128e-07  1.121e-08 -1.311e-06 
 -9.980e-08 -8.450e-08  1.921e-03 -9.128e-07  2.424e-05 -2.661e-07  3.211e-06 
 -1.830e-08  3.715e-08  6.907e-04  1.121e-08 -2.661e-07  2.142e-05  2.574e-06 
 -1.157e-07 -6.481e-08  1.846e-03 -1.311e-06  3.211e-06  2.574e-06  2.629e-05 
 PARAMETER  CORRELATION COEFFICIENTS  
       NO.  GLOBAL     13     14     20     21     22     23     24
       13  0.30908   1.000  0.308 -0.000 -0.000 -0.022 -0.004 -0.024
       14  0.30850   0.308  1.000 -0.000 -0.002 -0.018  0.009 -0.013
       20  0.22773  -0.000 -0.000  1.000 -0.093  0.161  0.062  0.149
       21  0.10238  -0.000 -0.002 -0.093  1.000 -0.037  0.000 -0.051
       22  0.19694  -0.022 -0.018  0.161 -0.037  1.000 -0.012  0.127
       23  0.12317  -0.004  0.009  0.062  0.000 -0.012  1.000  0.108
       24  0.21268  -0.024 -0.013  0.149 -0.051  0.127  0.108  1.000
MINUIT - FIT ALTOGETHER
