 + ++++++++++++++++++++++++++++++++++++++++++++++++++++++++++++++++++++ +
 +                                                                      +
 +           You have chose to blind your fitting according to          +
 +                omega_ref * (1 + (R +/- deltaR) *10^{-6})             +
 +                                                                      +
 + ++++++++++++++++++++++++++++++++++++++++++++++++++++++++++++++++++++ +
In main()...
reading format from /gm2data/zkhechad/run45/envelope/formats/formatB_sBin_constraintOn.txt
pBinTau 	= 0  
pBinPhi 	= 0  
constraintau 	= 1 
includeMopTerm 	= 0    
constrainMop    = 0   
Parameters after format file: pBinTau 0 pBinPhi 0 constraintau 1 includeMopTerm 0 constrainMop 0 c_e_scale 0.000000 
Opening file /gm2data/tbarrett/gm2fr/studies/run23_bunch_corrections/CorrectedFourier_Run3b.root.
reading full fit data from /gm2data/zkhechad/cboTemplates/Run4CBOTemplates/templateFits0_v2.0/noRF/sBin_constraintOn_cE0.0_seed0_noRF_calo13.root
windowBins = 69
fitting sliding window 1278 from bin 1414 at 210.819600 to bin 1483 at 221.263600 (69 bins)

Reading data from /gm2data/cornell/histograms/aMethod/histogram_a_noRF.root
 **********
 **    1 **SET PRINTOUT            1
 **********
 **********
 **    2 **SET NOWARNINGS 
 **********
 PARAMETER DEFINITIONS:
    NO.   NAME         VALUE      STEP SIZE      LIMITS
     1 N0           3.44933e+06  1.00000e+02     no limits
     2 tau          6.43680e+01  constant
     3 A0           3.52702e-01  1.00000e-04     no limits
     4 phi          4.13064e+00  1.00000e-02     no limits
     5 R           -6.08433e+01  constant
     6 alpha_CBO    0.00000e+00  1.00000e-03     no limits
     7 w_CBO        2.32500e+00  constant
     8 beta_CBO     0.00000e+00  1.00000e-03     no limits
     9 alpha_2CBO   0.00000e+00  1.00000e-03     no limits
    10 beta_2CBO    0.00000e+00  1.00000e-03     no limits
    11 alpha_y      0.00000e+00  1.00000e-03     no limits
    12 w_y          1.44500e+01  constant
    13 beta_y       0.00000e+00  1.00000e-03     no limits
    14 alpha_vw     0.00000e+00  1.00000e-03     no limits
    15 w_vw         1.29000e+01  constant
    16 beta_vw      0.00000e+00  1.00000e-03     no limits
    17 LM          -1.22211e-03  constant
    18 zeta_y       0.00000e+00  constant
    19 zeta_vw      0.00000e+00  constant
    20 T_CBO        1.00000e+02  1.00000e+00    0.00000e+00  1.00000e+03
    21 alpha_A0     0.00000e+00  1.00000e-03     no limits
    22 beta_A0      0.00000e+00  1.00000e-03     no limits
    23 alpha_phi    0.00000e+00  1.00000e-03     no limits
    24 beta_phi     0.00000e+00  1.00000e-03     no limits
MINUIT - FIT ONLY WIGGLE
 **********
 **    3 **FIX            5
 **********
 PARAMETER    5  IS CONSTANT.   IGNORED.
 **********
 **    4 **FIX            6
 **********
 **********
 **    5 **FIX            7
 **********
 PARAMETER    7  IS CONSTANT.   IGNORED.
 **********
 **    6 **FIX            8
 **********
 **********
 **    7 **FIX            9
 **********
 **********
 **    8 **FIX           10
 **********
 **********
 **    9 **FIX           11
 **********
 **********
 **   10 **FIX           12
 **********
 PARAMETER   12  IS CONSTANT.   IGNORED.
 **********
 **   11 **FIX           13
 **********
 **********
 **   12 **FIX           14
 **********
 **********
 **   13 **FIX           15
 **********
 PARAMETER   15  IS CONSTANT.   IGNORED.
 **********
 **   14 **FIX           16
 **********
 **********
 **   15 **MIGRAD
 **********
 FIRST CALL TO USER FUNCTION AT NEW START POINT, WITH IFLAG=4.
 START MIGRAD MINIMIZATION.  STRATEGY  1.  CONVERGENCE WHEN EDM .LT. 1.00e-04
 FCN=367.885 FROM MIGRAD    STATUS=INITIATE      437 CALLS         438 TOTAL
                     EDM= unknown      STRATEGY= 1      NO ERROR MATRIX       
  EXT PARAMETER               CURRENT GUESS       STEP         FIRST   
  NO.   NAME      VALUE            ERROR          SIZE      DERIVATIVE 
   1  N0           3.44933e+06   1.00000e+02   0.00000e+00   1.20988e-03
   2  tau          6.43680e+01   constant   
   3  A0           3.52702e-01   1.00000e-04   0.00000e+00  -2.11390e+04
   4  phi          4.13064e+00   1.00000e-02   0.00000e+00  -6.22616e+03
   5  R           -6.08433e+01   constant   
   6  alpha_CBO    0.00000e+00     fixed    
   7  w_CBO        2.32500e+00   constant   
   8  beta_CBO     0.00000e+00     fixed    
   9  alpha_2CBO   0.00000e+00     fixed    
  10  beta_2CBO    0.00000e+00     fixed    
  11  alpha_y      0.00000e+00     fixed    
  12  w_y          1.44500e+01   constant   
  13  beta_y       0.00000e+00     fixed    
  14  alpha_vw     0.00000e+00     fixed    
  15  w_vw         1.29000e+01   constant   
  16  beta_vw      0.00000e+00     fixed    
  17  LM          -1.22211e-03   constant   
  18  zeta_y       0.00000e+00   constant   
  19  zeta_vw      0.00000e+00   constant   
  20  T_CBO        1.00000e+02   1.00000e+00   0.00000e+00   0.00000e+00
  21  alpha_A0     0.00000e+00   1.00000e-03   0.00000e+00  -1.69372e+01
  22  beta_A0      0.00000e+00   1.00000e-03   0.00000e+00  -6.69471e+02
  23  alpha_phi    0.00000e+00   1.00000e-03   0.00000e+00   2.57852e+02
  24  beta_phi     0.00000e+00   1.00000e-03   0.00000e+00  -1.12916e+02
 CALL LIMIT EXCEEDED IN MIGRAD.
 MIGRAD TERMINATED WITHOUT CONVERGENCE.
 FCN=337.73 FROM MIGRAD    STATUS=CALL LIMIT   1330 CALLS        1331 TOTAL
                     EDM=0.00105394    STRATEGY= 1  ERROR MATRIX UNCERTAINTY   0.3 per cent
  EXT PARAMETER                APPROXIMATE        STEP         FIRST   
  NO.   NAME      VALUE            ERROR          SIZE      DERIVATIVE 
   1  N0           3.44958e+06   7.77442e+02   2.02447e+00   3.54687e-06
   2  tau          6.43680e+01   constant   
   3  A0           3.53628e-01   3.00864e-04   1.76597e-07   9.62603e+00
   4  phi          4.13284e+00   8.36947e-04   2.46086e-06  -1.22903e+00
   5  R           -6.08433e+01   constant   
   6  alpha_CBO    0.00000e+00     fixed    
   7  w_CBO        2.32500e+00   constant   
   8  beta_CBO     0.00000e+00     fixed    
   9  alpha_2CBO   0.00000e+00     fixed    
  10  beta_2CBO    0.00000e+00     fixed    
  11  alpha_y      0.00000e+00     fixed    
  12  w_y          1.44500e+01   constant   
  13  beta_y       0.00000e+00     fixed    
  14  alpha_vw     0.00000e+00     fixed    
  15  w_vw         1.29000e+01   constant   
  16  beta_vw      0.00000e+00     fixed    
  17  LM          -1.22211e-03   constant   
  18  zeta_y       0.00000e+00   constant   
  19  zeta_vw      0.00000e+00   constant   
  20  T_CBO        9.01335e+02   5.24725e+02   2.31170e-01  -2.43594e-02
  21  alpha_A0     4.01464e-05   1.86521e-03   4.35490e-06  -1.53580e+01
  22  beta_A0      5.16052e-03   3.92681e-03  -1.46491e-04  -3.02719e+01
  23  alpha_phi   -1.73646e-03   2.06136e-03   6.71257e-05   1.37461e+01
  24  beta_phi     3.55315e-04   1.76873e-03   1.49080e-05   8.59539e+00
 EXTERNAL ERROR MATRIX.    NDIM=  25    NPAR=  8    ERR DEF=1
  6.044e+05 -4.497e-03  8.847e-02 -1.532e+04 -2.214e-01  2.843e-01  2.418e-01  2.627e-01 
 -4.497e-03  9.052e-08 -1.828e-08  8.131e-03  7.609e-08 -2.533e-08  1.593e-08 -1.107e-07 
  8.847e-02 -1.828e-08  7.005e-07  2.643e-02 -8.330e-08  8.086e-09  1.830e-07  5.071e-08 
 -1.532e+04  8.131e-03  2.643e-02  3.682e+06  3.741e-01 -6.949e+00  2.044e+00 -3.951e-01 
 -2.214e-01  7.609e-08 -8.330e-08  3.741e-01  3.479e-06 -9.160e-07 -5.267e-07 -4.259e-07 
  2.843e-01 -2.533e-08  8.086e-09 -6.949e+00 -9.160e-07  1.542e-05 -3.432e-06  1.369e-06 
  2.418e-01  1.593e-08  1.830e-07  2.044e+00 -5.267e-07 -3.432e-06  4.249e-06 -1.591e-07 
  2.627e-01 -1.107e-07  5.071e-08 -3.951e-01 -4.259e-07  1.369e-06 -1.591e-07  3.128e-06 
ERR MATRIX APPROXIMATE
 PARAMETER  CORRELATION COEFFICIENTS  
       NO.  GLOBAL      1      3      4     20     21     22     23     24
        1  0.33361   1.000 -0.019  0.136 -0.010 -0.153  0.093  0.151  0.191
        3  0.25379  -0.019  1.000 -0.073  0.014  0.136 -0.021  0.026 -0.208
        4  0.17991   0.136 -0.073  1.000  0.016 -0.053  0.002  0.106  0.034
       20  0.93587  -0.010  0.014  0.016  1.000  0.105 -0.922  0.517 -0.116
       21  0.31071  -0.153  0.136 -0.053  0.105  1.000 -0.125 -0.137 -0.129
       22  0.93047   0.093 -0.021  0.002 -0.922 -0.125  1.000 -0.424  0.197
       23  0.58232   0.151  0.026  0.106  0.517 -0.137 -0.424  1.000 -0.044
       24  0.36460   0.191 -0.208  0.034 -0.116 -0.129  0.197 -0.044  1.000
 ERR MATRIX APPROXIMATE
MINUIT - FIT ONLY 1-CBO + wiggle
 **********
 **   16 **RES 
 **********
                   PARAMETER   16  beta_vw RESTORED TO VARIABLE.
                   PARAMETER   14  alpha_vw RESTORED TO VARIABLE.
                   PARAMETER   13  beta_y RESTORED TO VARIABLE.
                   PARAMETER   11  alpha_y RESTORED TO VARIABLE.
                   PARAMETER   10  beta_2CBO RESTORED TO VARIABLE.
                   PARAMETER    9  alpha_2CBO RESTORED TO VARIABLE.
                   PARAMETER    8  beta_CBO RESTORED TO VARIABLE.
                   PARAMETER    6  alpha_CBO RESTORED TO VARIABLE.
 **********
 **   17 **FIX            8
 **********
 **********
 **   18 **FIX            9
 **********
 **********
 **   19 **FIX           11
 **********
 **********
 **   20 **FIX           12
 **********
 PARAMETER   12  IS CONSTANT.   IGNORED.
 **********
 **   21 **FIX           14
 **********
 **********
 **   22 **FIX           15
 **********
 PARAMETER   15  IS CONSTANT.   IGNORED.
 **********
 **   23 **FIX           16
 **********
 **********
 **   24 **MIGRAD
 **********
 START MIGRAD MINIMIZATION.  STRATEGY  1.  CONVERGENCE WHEN EDM .LT. 1.00e-04
 FCN=337.73 FROM MIGRAD    STATUS=INITIATE       28 CALLS        1359 TOTAL
                     EDM= unknown      STRATEGY= 1      NO ERROR MATRIX       
  EXT PARAMETER               CURRENT GUESS       STEP         FIRST   
  NO.   NAME      VALUE            ERROR          SIZE      DERIVATIVE 
   1  N0           3.44958e+06   7.77442e+02   2.02447e+00   3.54687e-06
   2  tau          6.43680e+01   constant   
   3  A0           3.53628e-01   3.00864e-04   1.76597e-07   9.62603e+00
   4  phi          4.13284e+00   8.36947e-04   2.46086e-06  -1.22903e+00
   5  R           -6.08433e+01   constant   
   6  alpha_CBO    0.00000e+00   1.00000e-03   1.00000e-03  -2.79508e+04
   7  w_CBO        2.32500e+00   constant   
   8  beta_CBO     0.00000e+00     fixed    
   9  alpha_2CBO   0.00000e+00     fixed    
  10  beta_2CBO    0.00000e+00   1.00000e-03   1.00000e-03  -1.22706e+04
  11  alpha_y      0.00000e+00     fixed    
  12  w_y          1.44500e+01   constant   
  13  beta_y       0.00000e+00   1.00000e-03   1.00000e-03  -4.54668e+03
  14  alpha_vw     0.00000e+00     fixed    
  15  w_vw         1.29000e+01   constant   
  16  beta_vw      0.00000e+00     fixed    
  17  LM          -1.22211e-03   constant   
  18  zeta_y       0.00000e+00   constant   
  19  zeta_vw      0.00000e+00   constant   
  20  T_CBO        9.01335e+02   5.24725e+02   2.31170e-01  -2.44229e-02
  21  alpha_A0     4.01464e-05   1.86521e-03   4.35490e-06  -1.53579e+01
  22  beta_A0      5.16052e-03   3.92681e-03  -1.46491e-04  -3.02719e+01
  23  alpha_phi   -1.73646e-03   2.06136e-03   6.71257e-05   1.37461e+01
  24  beta_phi     3.55315e-04   1.76873e-03   1.49080e-05   8.59539e+00
 MIGRAD MINIMIZATION HAS CONVERGED.
 FCN=313.355 FROM MIGRAD    STATUS=CONVERGED     324 CALLS        1655 TOTAL
                     EDM=2.82751e-06    STRATEGY= 1  ERROR MATRIX UNCERTAINTY   0.5 per cent
  EXT PARAMETER                                   STEP         FIRST   
  NO.   NAME      VALUE            ERROR          SIZE      DERIVATIVE 
   1  N0           3.44973e+06   7.98994e+02   2.86321e-01  -6.56093e-07
   2  tau          6.43680e+01   constant   
   3  A0           3.53896e-01   3.23606e-04   7.01308e-08  -6.29095e-01
   4  phi          4.13255e+00   8.65327e-04   5.16151e-07   4.58843e-01
   5  R           -6.08433e+01   constant   
   6  alpha_CBO    1.45216e-03   3.21876e-04  -2.67619e-08   5.28215e-01
   7  w_CBO        2.32500e+00   constant   
   8  beta_CBO     0.00000e+00     fixed    
   9  alpha_2CBO   0.00000e+00     fixed    
  10  beta_2CBO    5.88051e-04   3.06148e-04   6.37703e-08   1.44534e+00
  11  alpha_y      0.00000e+00     fixed    
  12  w_y          1.44500e+01   constant   
  13  beta_y       2.02595e-04   3.07439e-04   1.26450e-07  -3.91599e+00
  14  alpha_vw     0.00000e+00     fixed    
  15  w_vw         1.29000e+01   constant   
  16  beta_vw      0.00000e+00     fixed    
  17  LM          -1.22211e-03   constant   
  18  zeta_y       0.00000e+00   constant   
  19  zeta_vw      0.00000e+00   constant   
  20  T_CBO        9.99930e+02   7.43782e+02   5.92851e-04  -2.19243e-04
  21  alpha_A0     1.67022e-03   1.62748e-03   2.06593e-06  -6.96477e-02
  22  beta_A0      5.03551e-03   1.50678e-03   3.84818e-06   3.24859e-01
  23  alpha_phi   -1.24861e-03   1.56743e-03  -1.27974e-06   1.50075e-01
  24  beta_phi     3.96458e-04   1.63563e-03  -3.60114e-08   4.23560e-01
 EXTERNAL ERROR MATRIX.    NDIM=  25    NPAR= 11    ERR DEF=1
  6.384e+05 
 -1.402e-02  1.047e-07 
  1.182e-01 -8.880e-09  7.488e-07 
  8.464e-03  1.664e-08 -2.356e-08  1.036e-07 
  4.995e-03  6.417e-09  5.263e-09  6.692e-10  9.373e-08 
 -5.992e-04 -1.109e-09  2.529e-09 -5.400e-10  5.467e-10  9.452e-08 
  1.692e+03  5.522e-06  5.997e-03 -2.411e-04  1.558e-03 -4.651e-04  8.490e+03 
 -1.298e-01  6.556e-08 -6.936e-08  1.075e-07  2.628e-08 -4.048e-09  4.108e-03  2.649e-06 
  1.667e-01 -1.726e-08 -2.022e-08  1.782e-09 -1.850e-08  7.245e-09 -1.610e-02 -2.683e-07  2.270e-06 
  1.753e-01  2.373e-09  1.205e-07  1.824e-08  3.300e-08  2.947e-09 -1.344e-03 -4.844e-08 -1.990e-09  2.457e-06 
  2.482e-01 -1.038e-07  6.595e-09 -1.892e-08  4.277e-08  1.438e-08 -8.948e-04 -3.905e-07  2.488e-07  2.437e-08  2.675e-06 
 PARAMETER  CORRELATION COEFFICIENTS  
       NO.  GLOBAL      1      3      4      6     10     13     20     21     22     23     24
        1  0.32041   1.000 -0.054  0.171  0.033  0.020 -0.002  0.023 -0.100  0.138  0.140  0.190
        3  0.26971  -0.054  1.000 -0.032  0.160  0.065 -0.011  0.000  0.124 -0.035  0.005 -0.196
        4  0.22308   0.171 -0.032  1.000 -0.085  0.020  0.010  0.075 -0.049 -0.016  0.089  0.005
        6  0.26952   0.033  0.160 -0.085  1.000  0.007 -0.005 -0.008  0.205  0.004  0.036 -0.036
       10  0.16438   0.020  0.065  0.020  0.007  1.000  0.006  0.055  0.053 -0.040  0.069  0.085
       13  0.03925  -0.002 -0.011  0.010 -0.005  0.006  1.000 -0.016 -0.008  0.016  0.006  0.029
       20  0.15193   0.023  0.000  0.075 -0.008  0.055 -0.016  1.000  0.027 -0.116 -0.009 -0.006
       21  0.28973  -0.100  0.124 -0.049  0.205  0.053 -0.008  0.027  1.000 -0.109 -0.019 -0.147
       22  0.22157   0.138 -0.035 -0.016  0.004 -0.040  0.016 -0.116 -0.109  1.000 -0.001  0.101
       23  0.17592   0.140  0.005  0.089  0.036  0.069  0.006 -0.009 -0.019 -0.001  1.000  0.010
       24  0.31354   0.190 -0.196  0.005 -0.036  0.085  0.029 -0.006 -0.147  0.101  0.010  1.000
MINUIT - FIT ONLY 2-CBO
 **********
 **   25 **RES 
 **********
                   PARAMETER   16  beta_vw RESTORED TO VARIABLE.
                   PARAMETER   14  alpha_vw RESTORED TO VARIABLE.
                   PARAMETER   11  alpha_y RESTORED TO VARIABLE.
                   PARAMETER    9  alpha_2CBO RESTORED TO VARIABLE.
                   PARAMETER    8  beta_CBO RESTORED TO VARIABLE.
 **********
 **   26 **FIX            0
 **********
 PARAMETER    0  IS UNDEFINED. IGNORED.
 **********
 **   27 **FIX            1
 **********
 **********
 **   28 **FIX            2
 **********
 PARAMETER    2  IS CONSTANT.   IGNORED.
 **********
 **   29 **FIX            3
 **********
 **********
 **   30 **FIX            4
 **********
 **********
 **   31 **FIX            5
 **********
 PARAMETER    5  IS CONSTANT.   IGNORED.
 **********
 **   32 **FIX            6
 **********
 **********
 **   33 **FIX            7
 **********
 PARAMETER    7  IS CONSTANT.   IGNORED.
 **********
 **   34 **FIX           10
 **********
 **********
 **   35 **FIX           11
 **********
 **********
 **   36 **FIX           12
 **********
 PARAMETER   12  IS CONSTANT.   IGNORED.
 **********
 **   37 **FIX           13
 **********
 **********
 **   38 **FIX           14
 **********
 **********
 **   39 **FIX           15
 **********
 PARAMETER   15  IS CONSTANT.   IGNORED.
 **********
 **   40 **FIX           16
 **********
 **********
 **   41 **MIGRAD
 **********
 START MIGRAD MINIMIZATION.  STRATEGY  1.  CONVERGENCE WHEN EDM .LT. 1.00e-04
 FCN=313.355 FROM MIGRAD    STATUS=INITIATE       18 CALLS        1673 TOTAL
                     EDM= unknown      STRATEGY= 1      NO ERROR MATRIX       
  EXT PARAMETER               CURRENT GUESS       STEP         FIRST   
  NO.   NAME      VALUE            ERROR          SIZE      DERIVATIVE 
   1  N0           3.44973e+06     fixed    
   2  tau          6.43680e+01   constant   
   3  A0           3.53896e-01     fixed    
   4  phi          4.13255e+00     fixed    
   5  R           -6.08433e+01   constant   
   6  alpha_CBO    1.45216e-03     fixed    
   7  w_CBO        2.32500e+00   constant   
   8  beta_CBO     0.00000e+00   1.00000e-03   1.00000e-03   9.77731e+04
   9  alpha_2CBO   0.00000e+00   1.00000e-03   1.00000e-03   7.12527e+03
  10  beta_2CBO    5.88051e-04     fixed    
  11  alpha_y      0.00000e+00     fixed    
  12  w_y          1.44500e+01   constant   
  13  beta_y       2.02595e-04     fixed    
  14  alpha_vw     0.00000e+00     fixed    
  15  w_vw         1.29000e+01   constant   
  16  beta_vw      0.00000e+00     fixed    
  17  LM          -1.22211e-03   constant   
  18  zeta_y       0.00000e+00   constant   
  19  zeta_vw      0.00000e+00   constant   
  20  T_CBO        9.99930e+02   7.43782e+02   5.92851e-04  -2.24738e-04
  21  alpha_A0     1.67022e-03   1.62748e-03   2.06593e-06  -6.96411e-02
  22  beta_A0      5.03551e-03   1.50678e-03   3.84818e-06   3.24868e-01
  23  alpha_phi   -1.24861e-03   1.56743e-03  -1.27974e-06   1.50075e-01
  24  beta_phi     3.96458e-04   1.63563e-03  -3.60114e-08   4.23560e-01
 MIGRAD MINIMIZATION HAS CONVERGED.
 MIGRAD WILL VERIFY CONVERGENCE AND ERROR MATRIX.
 COVARIANCE MATRIX CALCULATED SUCCESSFULLY
 FCN=84.7966 FROM MIGRAD    STATUS=CONVERGED     172 CALLS        1827 TOTAL
                     EDM=7.19177e-05    STRATEGY= 1      ERROR MATRIX ACCURATE 
  EXT PARAMETER                                   STEP         FIRST   
  NO.   NAME      VALUE            ERROR          SIZE      DERIVATIVE 
   1  N0           3.44973e+06     fixed    
   2  tau          6.43680e+01   constant   
   3  A0           3.53896e-01     fixed    
   4  phi          4.13255e+00     fixed    
   5  R           -6.08433e+01   constant   
   6  alpha_CBO    1.45216e-03     fixed    
   7  w_CBO        2.32500e+00   constant   
   8  beta_CBO    -4.66038e-03   3.09104e-04   1.38157e-06   1.67053e+00
   9  alpha_2CBO  -2.03172e-04   3.14243e-04   1.39037e-06  -3.37132e+00
  10  beta_2CBO    5.88051e-04     fixed    
  11  alpha_y      0.00000e+00     fixed    
  12  w_y          1.44500e+01   constant   
  13  beta_y       2.02595e-04     fixed    
  14  alpha_vw     0.00000e+00     fixed    
  15  w_vw         1.29000e+01   constant   
  16  beta_vw      0.00000e+00     fixed    
  17  LM          -1.22211e-03   constant   
  18  zeta_y       0.00000e+00   constant   
  19  zeta_vw      0.00000e+00   constant   
  20  T_CBO        9.95818e+02   9.94876e+02   8.84331e-02   6.47270e-04
  21  alpha_A0     1.02782e-03   1.60123e-03   6.94607e-06  -8.11281e-01
  22  beta_A0      2.05579e-03   1.71907e-03   6.55893e-06  -2.03657e+00
  23  alpha_phi   -1.22041e-03   1.54927e-03   6.57881e-06   5.77553e-01
  24  beta_phi     1.31237e-03   1.64617e-03   6.90582e-06  -1.12742e+00
 EXTERNAL ERROR MATRIX.    NDIM=  25    NPAR=  7    ERR DEF=1
  9.555e-08 -3.024e-09 -5.163e-04  1.546e-08  6.444e-08 -4.620e-09 -1.560e-08 
 -3.024e-09  9.875e-08  6.302e-04 -3.016e-08 -5.324e-08  5.627e-08 -5.502e-08 
 -5.163e-04  6.302e-04  2.066e+06  5.904e-01  1.251e+00 -7.094e-01  8.207e-01 
  1.546e-08 -3.016e-08  5.904e-01  2.564e-06  2.230e-07 -2.567e-07  4.698e-08 
  6.444e-08 -5.324e-08  1.251e+00  2.230e-07  2.955e-06 -6.160e-07  6.366e-07 
 -4.620e-09  5.627e-08 -7.094e-01 -2.567e-07 -6.160e-07  2.400e-06 -3.200e-07 
 -1.560e-08 -5.502e-08  8.207e-01  4.698e-08  6.366e-07 -3.200e-07  2.710e-06 
 PARAMETER  CORRELATION COEFFICIENTS  
       NO.  GLOBAL      8      9     20     21     22     23     24
        8  0.15292   1.000 -0.031 -0.001  0.031  0.121 -0.010 -0.031
        9  0.20733  -0.031  1.000  0.001 -0.060 -0.099  0.116 -0.106
       20  0.63372  -0.001  0.001  1.000  0.256  0.506 -0.319  0.347
       21  0.28572   0.031 -0.060  0.256  1.000  0.081 -0.103  0.018
       22  0.53811   0.121 -0.099  0.506  0.081  1.000 -0.231  0.225
       23  0.34639  -0.010  0.116 -0.319 -0.103 -0.231  1.000 -0.125
       24  0.37568  -0.031 -0.106  0.347  0.018  0.225 -0.125  1.000
MINUIT - FIT wiggle + 1-CBO + 2-CBO
 **********
 **   42 **RES 
 **********
                   PARAMETER   16  beta_vw RESTORED TO VARIABLE.
                   PARAMETER   14  alpha_vw RESTORED TO VARIABLE.
                   PARAMETER   13  beta_y RESTORED TO VARIABLE.
                   PARAMETER   11  alpha_y RESTORED TO VARIABLE.
                   PARAMETER   10  beta_2CBO RESTORED TO VARIABLE.
                   PARAMETER    6  alpha_CBO RESTORED TO VARIABLE.
                   PARAMETER    4  phi RESTORED TO VARIABLE.
                   PARAMETER    3  A0 RESTORED TO VARIABLE.
                   PARAMETER    1  N0 RESTORED TO VARIABLE.
 **********
 **   43 **FIX           10
 **********
 **********
 **   44 **FIX           11
 **********
 **********
 **   45 **FIX           12
 **********
 PARAMETER   12  IS CONSTANT.   IGNORED.
 **********
 **   46 **FIX           13
 **********
 **********
 **   47 **FIX           14
 **********
 **********
 **   48 **FIX           15
 **********
 PARAMETER   15  IS CONSTANT.   IGNORED.
 **********
 **   49 **FIX           16
 **********
 **********
 **   50 **MIGRAD
 **********
 START MIGRAD MINIMIZATION.  STRATEGY  1.  CONVERGENCE WHEN EDM .LT. 1.00e-04
 FCN=84.7966 FROM MIGRAD    STATUS=INITIATE       24 CALLS        1851 TOTAL
                     EDM= unknown      STRATEGY= 1      NO ERROR MATRIX       
  EXT PARAMETER               CURRENT GUESS       STEP         FIRST   
  NO.   NAME      VALUE            ERROR          SIZE      DERIVATIVE 
   1  N0           3.44973e+06   7.98994e+02   7.98994e+02  -4.42796e-05
   2  tau          6.43680e+01   constant   
   3  A0           3.53896e-01   3.23606e-04   3.23606e-04   1.68612e+04
   4  phi          4.13255e+00   8.65327e-04   8.65327e-04   6.01734e+03
   5  R           -6.08433e+01   constant   
   6  alpha_CBO    1.45216e-03   3.21876e-04   3.21876e-04  -2.17744e+03
   7  w_CBO        2.32500e+00   constant   
   8  beta_CBO    -4.66038e-03   3.09104e-04   1.38157e-06   1.67053e+00
   9  alpha_2CBO  -2.03172e-04   3.14243e-04   1.39037e-06  -3.37132e+00
  10  beta_2CBO    5.88051e-04     fixed    
  11  alpha_y      0.00000e+00     fixed    
  12  w_y          1.44500e+01   constant   
  13  beta_y       2.02595e-04     fixed    
  14  alpha_vw     0.00000e+00     fixed    
  15  w_vw         1.29000e+01   constant   
  16  beta_vw      0.00000e+00     fixed    
  17  LM          -1.22211e-03   constant   
  18  zeta_y       0.00000e+00   constant   
  19  zeta_vw      0.00000e+00   constant   
  20  T_CBO        9.95818e+02   9.94876e+02   8.84331e-02  -6.84736e-04
  21  alpha_A0     1.02782e-03   1.60123e-03   6.94607e-06  -8.11314e-01
  22  beta_A0      2.05579e-03   1.71907e-03   6.55893e-06  -2.03658e+00
  23  alpha_phi   -1.22041e-03   1.54927e-03   6.57881e-06   5.77554e-01
  24  beta_phi     1.31237e-03   1.64617e-03   6.90582e-06  -1.12742e+00
 MIGRAD MINIMIZATION HAS CONVERGED.
 FCN=70.2405 FROM MIGRAD    STATUS=CONVERGED     341 CALLS        2168 TOTAL
                     EDM=3.38255e-06    STRATEGY= 1  ERROR MATRIX UNCERTAINTY   0.9 per cent
  EXT PARAMETER                                   STEP         FIRST   
  NO.   NAME      VALUE            ERROR          SIZE      DERIVATIVE 
   1  N0           3.44948e+06   8.18380e+02   2.22265e-01  -1.29022e-07
   2  tau          6.43680e+01   constant   
   3  A0           3.53039e-01   3.21351e-04   8.21059e-09  -1.02811e+00
   4  phi          4.13012e+00   8.93034e-04  -3.49417e-08   4.43314e-01
   5  R           -6.08433e+01   constant   
   6  alpha_CBO    1.48367e-03   3.26405e-04  -5.16549e-08   2.42362e+00
   7  w_CBO        2.32500e+00   constant   
   8  beta_CBO    -4.95426e-03   3.18986e-04  -1.42268e-07   4.03483e-01
   9  alpha_2CBO  -2.64672e-04   3.11164e-04  -3.97029e-08  -1.12680e-01
  10  beta_2CBO    5.88051e-04     fixed    
  11  alpha_y      0.00000e+00     fixed    
  12  w_y          1.44500e+01   constant   
  13  beta_y       2.02595e-04     fixed    
  14  alpha_vw     0.00000e+00     fixed    
  15  w_vw         1.29000e+01   constant   
  16  beta_vw      0.00000e+00     fixed    
  17  LM          -1.22211e-03   constant   
  18  zeta_y       0.00000e+00   constant   
  19  zeta_vw      0.00000e+00   constant   
  20  T_CBO        9.99479e+02   5.10239e+02  -9.10127e-04  -1.44244e-04
  21  alpha_A0     7.43116e-04   1.62484e-03   2.00375e-06  -5.39058e-01
  22  beta_A0      1.98438e-03   1.54228e-03   1.93879e-06   5.07872e-01
  23  alpha_phi   -1.91657e-03   1.53600e-03  -1.83234e-06   2.08242e-01
  24  beta_phi     2.22873e-03   1.62968e-03   3.77152e-06   1.60058e-01
 EXTERNAL ERROR MATRIX.    NDIM=  25    NPAR= 11    ERR DEF=1
  6.697e+05 
 -8.152e-03  1.033e-07 
  1.104e-01  2.752e-10  7.975e-07 
  1.694e-03  1.698e-08 -2.143e-08  1.065e-07 
  1.481e-03  1.505e-08  5.213e-08 -2.089e-09  1.018e-07 
  1.408e-02  5.997e-09  6.540e-09  1.024e-08  1.698e-09  9.682e-08 
  2.151e+04 -1.060e-03  4.065e-03 -3.556e-04 -6.580e-03 -2.777e-03  1.899e+05 
 -1.573e-01  6.379e-08 -6.816e-08  6.811e-08 -5.917e-09 -9.659e-09 -4.841e-04  2.640e-06 
  1.987e-01 -2.553e-08  9.059e-08  2.512e-09  4.117e-08 -5.044e-08 -1.069e-01 -2.695e-07  2.379e-06 
  2.382e-01  3.895e-08  1.115e-07 -2.106e-08  6.494e-09  5.708e-08  1.459e-01 -4.616e-08 -2.395e-07  2.359e-06 
  2.048e-01 -9.481e-08 -4.343e-08 -2.596e-08  1.569e-10 -5.973e-08 -4.595e-02 -3.789e-07  2.322e-07 -7.655e-08  2.656e-06 
 PARAMETER  CORRELATION COEFFICIENTS  
       NO.  GLOBAL      1      3      4      6      8      9     20     21     22     23     24
        1  0.34432   1.000 -0.031  0.151  0.006  0.006  0.055  0.060 -0.118  0.157  0.189  0.154
        3  0.30725  -0.031  1.000  0.001  0.162  0.147  0.060 -0.008  0.122 -0.052  0.079 -0.181
        4  0.26227   0.151  0.001  1.000 -0.074  0.183  0.024  0.010 -0.047  0.066  0.081 -0.030
        6  0.24313   0.006  0.162 -0.074  1.000 -0.020  0.101 -0.003  0.128  0.005 -0.042 -0.049
        8  0.25605   0.006  0.147  0.183 -0.020  1.000  0.017 -0.047 -0.011  0.084  0.013  0.000
        9  0.23884   0.055  0.060  0.024  0.101  0.017  1.000 -0.020 -0.019 -0.105  0.119 -0.118
       20  0.28097   0.060 -0.008  0.010 -0.003 -0.047 -0.020  1.000 -0.001 -0.159  0.218 -0.065
       21  0.24760  -0.118  0.122 -0.047  0.128 -0.011 -0.019 -0.001  1.000 -0.108 -0.018 -0.143
       22  0.30436   0.157 -0.052  0.066  0.005  0.084 -0.105 -0.159 -0.108  1.000 -0.101  0.092
       23  0.33426   0.189  0.079  0.081 -0.042  0.013  0.119  0.218 -0.018 -0.101  1.000 -0.031
       24  0.30061   0.154 -0.181 -0.030 -0.049  0.000 -0.118 -0.065 -0.143  0.092 -0.031  1.000
MINUIT - FIT ONLY 1-y
 **********
 **   51 **RES 
 **********
                   PARAMETER   16  beta_vw RESTORED TO VARIABLE.
                   PARAMETER   14  alpha_vw RESTORED TO VARIABLE.
                   PARAMETER   13  beta_y RESTORED TO VARIABLE.
                   PARAMETER   11  alpha_y RESTORED TO VARIABLE.
                   PARAMETER   10  beta_2CBO RESTORED TO VARIABLE.
 **********
 **   52 **FIX            0
 **********
 PARAMETER    0  IS UNDEFINED. IGNORED.
 **********
 **   53 **FIX            1
 **********
 **********
 **   54 **FIX            2
 **********
 PARAMETER    2  IS CONSTANT.   IGNORED.
 **********
 **   55 **FIX            3
 **********
 **********
 **   56 **FIX            4
 **********
 **********
 **   57 **FIX            5
 **********
 PARAMETER    5  IS CONSTANT.   IGNORED.
 **********
 **   58 **FIX            6
 **********
 **********
 **   59 **FIX            7
 **********
 PARAMETER    7  IS CONSTANT.   IGNORED.
 **********
 **   60 **FIX            8
 **********
 **********
 **   61 **FIX            9
 **********
 **********
 **   62 **FIX           13
 **********
 **********
 **   63 **FIX           14
 **********
 **********
 **   64 **FIX           15
 **********
 PARAMETER   15  IS CONSTANT.   IGNORED.
 **********
 **   65 **FIX           16
 **********
 **********
 **   66 **MIGRAD
 **********
 START MIGRAD MINIMIZATION.  STRATEGY  1.  CONVERGENCE WHEN EDM .LT. 1.00e-04
 FCN=70.2405 FROM MIGRAD    STATUS=INITIATE       16 CALLS        2184 TOTAL
                     EDM= unknown      STRATEGY= 1      NO ERROR MATRIX       
  EXT PARAMETER               CURRENT GUESS       STEP         FIRST   
  NO.   NAME      VALUE            ERROR          SIZE      DERIVATIVE 
   1  N0           3.44948e+06     fixed    
   2  tau          6.43680e+01   constant   
   3  A0           3.53039e-01     fixed    
   4  phi          4.13012e+00     fixed    
   5  R           -6.08433e+01   constant   
   6  alpha_CBO    1.48367e-03     fixed    
   7  w_CBO        2.32500e+00   constant   
   8  beta_CBO    -4.95426e-03     fixed    
   9  alpha_2CBO  -2.64672e-04     fixed    
  10  beta_2CBO    5.88051e-04   3.06148e-04   3.06148e-04   6.47635e+03
  11  alpha_y      0.00000e+00   1.00000e-03   1.00000e-03  -4.14645e+03
  12  w_y          1.44500e+01   constant   
  13  beta_y       2.02595e-04     fixed    
  14  alpha_vw     0.00000e+00     fixed    
  15  w_vw         1.29000e+01   constant   
  16  beta_vw      0.00000e+00     fixed    
  17  LM          -1.22211e-03   constant   
  18  zeta_y       0.00000e+00   constant   
  19  zeta_vw      0.00000e+00   constant   
  20  T_CBO        9.99479e+02   5.10239e+02  -9.10127e-04  -1.54714e-04
  21  alpha_A0     7.43116e-04   1.62484e-03   2.00375e-06  -5.39066e-01
  22  beta_A0      1.98438e-03   1.54228e-03   1.93879e-06   5.07875e-01
  23  alpha_phi   -1.91657e-03   1.53600e-03  -1.83234e-06   2.08242e-01
  24  beta_phi     2.22873e-03   1.62968e-03   3.77152e-06   1.60058e-01
 MIGRAD MINIMIZATION HAS CONVERGED.
 MIGRAD WILL VERIFY CONVERGENCE AND ERROR MATRIX.
 COVARIANCE MATRIX CALCULATED SUCCESSFULLY
 FCN=68.7706 FROM MIGRAD    STATUS=CONVERGED     118 CALLS        2286 TOTAL
                     EDM=9.58212e-06    STRATEGY= 1      ERROR MATRIX ACCURATE 
  EXT PARAMETER                                   STEP         FIRST   
  NO.   NAME      VALUE            ERROR          SIZE      DERIVATIVE 
   1  N0           3.44948e+06     fixed    
   2  tau          6.43680e+01   constant   
   3  A0           3.53039e-01     fixed    
   4  phi          4.13012e+00     fixed    
   5  R           -6.08433e+01   constant   
   6  alpha_CBO    1.48367e-03     fixed    
   7  w_CBO        2.32500e+00   constant   
   8  beta_CBO    -4.95426e-03     fixed    
   9  alpha_2CBO  -2.64672e-04     fixed    
  10  beta_2CBO    2.59506e-04   3.18552e-04   1.26602e-06  -1.95508e+00
  11  alpha_y      1.95938e-04   3.07659e-04   1.25439e-06  -1.86744e+00
  12  w_y          1.44500e+01   constant   
  13  beta_y       2.02595e-04     fixed    
  14  alpha_vw     0.00000e+00     fixed    
  15  w_vw         1.29000e+01   constant   
  16  beta_vw      0.00000e+00     fixed    
  17  LM          -1.22211e-03   constant   
  18  zeta_y       0.00000e+00   constant   
  19  zeta_vw      0.00000e+00   constant   
  20  T_CBO        9.99976e+02   6.74199e+02   9.75912e-02  -3.34643e-05
  21  alpha_A0     5.38042e-04   1.56086e-03   6.26085e-06   9.99122e-01
  22  beta_A0      2.09932e-03   1.47941e-03   5.91461e-06   9.89759e-02
  23  alpha_phi   -2.06878e-03   1.48351e-03   5.93738e-06   7.38733e-01
  24  beta_phi     2.04597e-03   1.55876e-03   6.23140e-06  -2.28046e+00
 EXTERNAL ERROR MATRIX.    NDIM=  25    NPAR=  7    ERR DEF=1
  1.015e-07  6.765e-11  4.587e-06  6.939e-08 -3.692e-08  5.243e-08  5.463e-08 
  6.765e-11  9.465e-08  3.428e-08  8.518e-09 -1.766e-09  8.142e-09 -1.195e-09 
  4.587e-06  3.428e-08  1.394e+04  6.240e-03  2.490e-02 -2.418e-02  2.448e-02 
  6.939e-08  8.518e-09  6.240e-03  2.436e-06 -1.761e-07 -6.431e-09 -1.531e-07 
 -3.692e-08 -1.766e-09  2.490e-02 -1.761e-07  2.189e-06 -2.157e-07  1.504e-07 
  5.243e-08  8.142e-09 -2.418e-02 -6.431e-09 -2.157e-07  2.201e-06 -2.072e-08 
  5.463e-08 -1.195e-09  2.448e-02 -1.531e-07  1.504e-07 -2.072e-08  2.430e-06 
 PARAMETER  CORRELATION COEFFICIENTS  
       NO.  GLOBAL     10     11     20     21     22     23     24
       10  0.22466   1.000  0.001  0.000  0.140 -0.078  0.111  0.110
       11  0.02561   0.001  1.000  0.000  0.018 -0.004  0.018 -0.002
       20  0.23183   0.000  0.000  1.000  0.034  0.143 -0.138  0.133
       21  0.18101   0.140  0.018  0.034  1.000 -0.076 -0.003 -0.063
       22  0.19781  -0.078 -0.004  0.143 -0.076  1.000 -0.098  0.065
       23  0.19252   0.111  0.018 -0.138 -0.003 -0.098  1.000 -0.009
       24  0.19816   0.110 -0.002  0.133 -0.063  0.065 -0.009  1.000
MINUIT - FIT ONLY 2-y
 **********
 **   67 **RES 
 **********
                   PARAMETER   16  beta_vw RESTORED TO VARIABLE.
                   PARAMETER   14  alpha_vw RESTORED TO VARIABLE.
                   PARAMETER   13  beta_y RESTORED TO VARIABLE.
                   PARAMETER    9  alpha_2CBO RESTORED TO VARIABLE.
                   PARAMETER    8  beta_CBO RESTORED TO VARIABLE.
                   PARAMETER    6  alpha_CBO RESTORED TO VARIABLE.
                   PARAMETER    4  phi RESTORED TO VARIABLE.
                   PARAMETER    3  A0 RESTORED TO VARIABLE.
                   PARAMETER    1  N0 RESTORED TO VARIABLE.
 **********
 **   68 **FIX            0
 **********
 PARAMETER    0  IS UNDEFINED. IGNORED.
 **********
 **   69 **FIX            1
 **********
 **********
 **   70 **FIX            2
 **********
 PARAMETER    2  IS CONSTANT.   IGNORED.
 **********
 **   71 **FIX            3
 **********
 **********
 **   72 **FIX            4
 **********
 **********
 **   73 **FIX            5
 **********
 PARAMETER    5  IS CONSTANT.   IGNORED.
 **********
 **   74 **FIX            6
 **********
 **********
 **   75 **FIX            7
 **********
 PARAMETER    7  IS CONSTANT.   IGNORED.
 **********
 **   76 **FIX            8
 **********
 **********
 **   77 **FIX            9
 **********
 **********
 **   78 **FIX           10
 **********
 **********
 **   79 **FIX           11
 **********
 **********
 **   80 **FIX           12
 **********
 PARAMETER   12  IS CONSTANT.   IGNORED.
 **********
 **   81 **FIX           16
 **********
 **********
 **   82 **MIGRAD
 **********
 START MIGRAD MINIMIZATION.  STRATEGY  1.  CONVERGENCE WHEN EDM .LT. 1.00e-04
 FCN=68.7706 FROM MIGRAD    STATUS=INITIATE       16 CALLS        2302 TOTAL
                     EDM= unknown      STRATEGY= 1      NO ERROR MATRIX       
  EXT PARAMETER               CURRENT GUESS       STEP         FIRST   
  NO.   NAME      VALUE            ERROR          SIZE      DERIVATIVE 
   1  N0           3.44948e+06     fixed    
   2  tau          6.43680e+01   constant   
   3  A0           3.53039e-01     fixed    
   4  phi          4.13012e+00     fixed    
   5  R           -6.08433e+01   constant   
   6  alpha_CBO    1.48367e-03     fixed    
   7  w_CBO        2.32500e+00   constant   
   8  beta_CBO    -4.95426e-03     fixed    
   9  alpha_2CBO  -2.64672e-04     fixed    
  10  beta_2CBO    2.59506e-04     fixed    
  11  alpha_y      1.95938e-04     fixed    
  12  w_y          1.44500e+01   constant   
  13  beta_y       2.02595e-04   3.07439e-04   3.07439e-04   1.67642e+03
  14  alpha_vw     0.00000e+00   1.00000e-03   1.00000e-03  -1.26825e+04
  15  w_vw         1.29000e+01   constant   
  16  beta_vw      0.00000e+00     fixed    
  17  LM          -1.22211e-03   constant   
  18  zeta_y       0.00000e+00   constant   
  19  zeta_vw      0.00000e+00   constant   
  20  T_CBO        9.99976e+02   6.74199e+02   9.75912e-02  -3.44642e-05
  21  alpha_A0     5.38042e-04   1.56086e-03   6.26085e-06   9.99143e-01
  22  beta_A0      2.09932e-03   1.47941e-03   5.91461e-06   9.89651e-02
  23  alpha_phi   -2.06878e-03   1.48351e-03   5.93738e-06   7.38734e-01
  24  beta_phi     2.04597e-03   1.55876e-03   6.23140e-06  -2.28046e+00
 MIGRAD MINIMIZATION HAS CONVERGED.
 MIGRAD WILL VERIFY CONVERGENCE AND ERROR MATRIX.
 COVARIANCE MATRIX CALCULATED SUCCESSFULLY
 FCN=64.5986 FROM MIGRAD    STATUS=CONVERGED     115 CALLS        2401 TOTAL
                     EDM=3.73551e-06    STRATEGY= 1      ERROR MATRIX ACCURATE 
  EXT PARAMETER                                   STEP         FIRST   
  NO.   NAME      VALUE            ERROR          SIZE      DERIVATIVE 
   1  N0           3.44948e+06     fixed    
   2  tau          6.43680e+01   constant   
   3  A0           3.53039e-01     fixed    
   4  phi          4.13012e+00     fixed    
   5  R           -6.08433e+01   constant   
   6  alpha_CBO    1.48367e-03     fixed    
   7  w_CBO        2.32500e+00   constant   
   8  beta_CBO    -4.95426e-03     fixed    
   9  alpha_2CBO  -2.64672e-04     fixed    
  10  beta_2CBO    2.59506e-04     fixed    
  11  alpha_y      1.95938e-04     fixed    
  12  w_y          1.44500e+01   constant   
  13  beta_y       1.87516e-05   3.14569e-04   1.22733e-06  -9.59136e-01
  14  alpha_vw     6.33658e-04   3.12765e-04   1.22021e-06   5.56307e-01
  15  w_vw         1.29000e+01   constant   
  16  beta_vw      0.00000e+00     fixed    
  17  LM          -1.22211e-03   constant   
  18  zeta_y       0.00000e+00   constant   
  19  zeta_vw      0.00000e+00   constant   
  20  T_CBO        1.00000e+03   9.20807e+02   1.25139e-01   2.74474e-06
  21  alpha_A0     5.86740e-04   1.54848e-03   6.07052e-06  -1.52050e+00
  22  beta_A0      2.09154e-03   1.51233e-03   5.73496e-06   4.86661e-01
  23  alpha_phi   -2.01849e-03   1.50773e-03   5.75708e-06  -6.18225e-01
  24  beta_phi     2.01011e-03   1.58309e-03   6.04227e-06   1.01030e-01
 EXTERNAL ERROR MATRIX.    NDIM=  25    NPAR=  7    ERR DEF=1
  9.895e-08 -1.590e-08 -5.047e-07  3.698e-09  7.430e-10 -1.821e-09  1.041e-08 
 -1.590e-08  9.782e-08 -7.812e-08  8.657e-09 -1.232e-09  7.952e-09 -4.722e-09 
 -5.047e-07 -7.812e-08  2.000e+02  1.530e-03  5.595e-03 -5.322e-03  5.434e-03 
  3.698e-09  8.657e-09  1.530e-03  2.398e-06 -1.191e-07 -7.219e-08 -1.596e-07 
  7.430e-10 -1.232e-09  5.595e-03 -1.191e-07  2.287e-06 -3.023e-07  2.786e-07 
 -1.821e-09  7.952e-09 -5.322e-03 -7.219e-08 -3.023e-07  2.273e-06 -1.514e-07 
  1.041e-08 -4.722e-09  5.434e-03 -1.596e-07  2.786e-07 -1.514e-07  2.506e-06 
 PARAMETER  CORRELATION COEFFICIENTS  
       NO.  GLOBAL     13     14     20     21     22     23     24
       13  0.16335   1.000 -0.162 -0.000  0.008  0.002 -0.004  0.021
       14  0.16374  -0.162  1.000 -0.000  0.018 -0.003  0.017 -0.010
       20  0.40565  -0.000 -0.000  1.000  0.070  0.262 -0.250  0.243
       21  0.13164   0.008  0.018  0.070  1.000 -0.051 -0.031 -0.065
       22  0.28381   0.002 -0.003  0.262 -0.051  1.000 -0.133  0.116
       23  0.26034  -0.004  0.017 -0.250 -0.031 -0.133  1.000 -0.063
       24  0.26183   0.021 -0.010  0.243 -0.065  0.116 -0.063  1.000
MINUIT - FIT ALTOGETHER
 **********
 **   83 **RES 
 **********
