 + ++++++++++++++++++++++++++++++++++++++++++++++++++++++++++++++++++++ +
 +                                                                      +
 +           You have chose to blind your fitting according to          +
 +                omega_ref * (1 + (R +/- deltaR) *10^{-6})             +
 +                                                                      +
 + ++++++++++++++++++++++++++++++++++++++++++++++++++++++++++++++++++++ +
In main()...
reading format from /gm2data/zkhechad/run45/envelope/formats/formatB_sBin_constraintOn.txt
pBinTau 	= 0  
pBinPhi 	= 0  
constraintau 	= 1 
includeMopTerm 	= 0    
constrainMop    = 0   
Parameters after format file: pBinTau 0 pBinPhi 0 constraintau 1 includeMopTerm 0 constrainMop 0 c_e_scale 0.000000 
Opening file /gm2data/tbarrett/gm2fr/studies/run23_bunch_corrections/CorrectedFourier_Run3b.root.
reading full fit data from /gm2data/zkhechad/cboTemplates/Run4CBOTemplates/templateFits0_v2.0/noRF/sBin_constraintOn_cE0.0_seed0_noRF_calo17.root
windowBins = 17
fitting sliding window 90 from bin 226 at 33.570000 to bin 243 at 36.255600 (17 bins)

Reading data from /gm2data/cornell/histograms/aMethod/histogram_a_noRF.root
 **********
 **    1 **SET PRINTOUT            1
 **********
 **********
 **    2 **SET NOWARNINGS 
 **********
 PARAMETER DEFINITIONS:
    NO.   NAME         VALUE      STEP SIZE      LIMITS
     1 N0           3.18443e+06  1.00000e+02     no limits
     2 tau          6.43838e+01  constant
     3 A0           3.45292e-01  1.00000e-04     no limits
     4 phi          4.12003e+00  1.00000e-02     no limits
     5 R           -6.09625e+01  constant
     6 alpha_CBO    0.00000e+00  1.00000e-03     no limits
     7 w_CBO        2.32500e+00  constant
     8 beta_CBO     0.00000e+00  1.00000e-03     no limits
     9 alpha_2CBO   0.00000e+00  1.00000e-03     no limits
    10 beta_2CBO    0.00000e+00  1.00000e-03     no limits
    11 alpha_y      0.00000e+00  1.00000e-03     no limits
    12 w_y          1.44500e+01  constant
    13 beta_y       0.00000e+00  1.00000e-03     no limits
    14 alpha_vw     0.00000e+00  1.00000e-03     no limits
    15 w_vw         1.29000e+01  constant
    16 beta_vw      0.00000e+00  1.00000e-03     no limits
    17 LM          -7.20700e-04  constant
    18 zeta_y       0.00000e+00  constant
    19 zeta_vw      0.00000e+00  constant
    20 T_CBO        1.00000e+02  1.00000e+00    0.00000e+00  1.00000e+03
    21 alpha_A0     0.00000e+00  1.00000e-03     no limits
    22 beta_A0      0.00000e+00  1.00000e-03     no limits
    23 alpha_phi    0.00000e+00  1.00000e-03     no limits
    24 beta_phi     0.00000e+00  1.00000e-03     no limits
MINUIT - FIT ONLY WIGGLE
 **********
 **    3 **FIX            5
 **********
 PARAMETER    5  IS CONSTANT.   IGNORED.
 **********
 **    4 **FIX            6
 **********
 **********
 **    5 **FIX            7
 **********
 PARAMETER    7  IS CONSTANT.   IGNORED.
 **********
 **    6 **FIX            8
 **********
 **********
 **    7 **FIX            9
 **********
 **********
 **    8 **FIX           10
 **********
 **********
 **    9 **FIX           11
 **********
 **********
 **   10 **FIX           12
 **********
 PARAMETER   12  IS CONSTANT.   IGNORED.
 **********
 **   11 **FIX           13
 **********
 **********
 **   12 **FIX           14
 **********
 **********
 **   13 **FIX           15
 **********
 PARAMETER   15  IS CONSTANT.   IGNORED.
 **********
 **   14 **FIX           16
 **********
 **********
 **   15 **MIGRAD
 **********
 FIRST CALL TO USER FUNCTION AT NEW START POINT, WITH IFLAG=4.
 START MIGRAD MINIMIZATION.  STRATEGY  1.  CONVERGENCE WHEN EDM .LT. 1.00e-04
 FCN=3013.8 FROM MIGRAD    STATUS=INITIATE      431 CALLS         432 TOTAL
                     EDM= unknown      STRATEGY= 1      NO ERROR MATRIX       
  EXT PARAMETER               CURRENT GUESS       STEP         FIRST   
  NO.   NAME      VALUE            ERROR          SIZE      DERIVATIVE 
   1  N0           3.18443e+06   1.00000e+02   0.00000e+00   7.69744e-02
   2  tau          6.43838e+01   constant   
   3  A0           3.45292e-01   1.00000e-04   0.00000e+00   3.66634e+05
   4  phi          4.12003e+00   1.00000e-02   0.00000e+00   1.54802e+05
   5  R           -6.09625e+01   constant   
   6  alpha_CBO    0.00000e+00     fixed    
   7  w_CBO        2.32500e+00   constant   
   8  beta_CBO     0.00000e+00     fixed    
   9  alpha_2CBO   0.00000e+00     fixed    
  10  beta_2CBO    0.00000e+00     fixed    
  11  alpha_y      0.00000e+00     fixed    
  12  w_y          1.44500e+01   constant   
  13  beta_y       0.00000e+00     fixed    
  14  alpha_vw     0.00000e+00     fixed    
  15  w_vw         1.29000e+01   constant   
  16  beta_vw      0.00000e+00     fixed    
  17  LM          -7.20700e-04   constant   
  18  zeta_y       0.00000e+00   constant   
  19  zeta_vw      0.00000e+00   constant   
  20  T_CBO        1.00000e+02   1.00000e+00   0.00000e+00   0.00000e+00
  21  alpha_A0     0.00000e+00   1.00000e-03   0.00000e+00  -1.55592e+04
  22  beta_A0      0.00000e+00   1.00000e-03   0.00000e+00  -8.33020e+04
  23  alpha_phi    0.00000e+00   1.00000e-03   0.00000e+00   8.77821e+03
  24  beta_phi     0.00000e+00   1.00000e-03   0.00000e+00   4.95993e+04
 MIGRAD MINIMIZATION HAS CONVERGED.
 MIGRAD WILL VERIFY CONVERGENCE AND ERROR MATRIX.
 COVARIANCE MATRIX CALCULATED SUCCESSFULLY
 FCN=509.112 FROM HESSE     STATUS=OK             61 CALLS        1309 TOTAL
                     EDM=0.00753417    STRATEGY= 1      ERROR MATRIX ACCURATE 
  EXT PARAMETER                                   STEP         FIRST   
  NO.   NAME      VALUE            ERROR          SIZE      DERIVATIVE 
   1  N0           3.17137e+06   1.80810e+04   3.91458e+00   1.05928e-05
   2  tau          6.43838e+01   constant   
   3  A0           3.25022e-01   3.28257e-03   1.34299e-06  -1.89162e-01
   4  phi          4.04926e+00   1.29551e-02   5.63701e-06   6.68143e+00
   5  R           -6.09625e+01   constant   
   6  alpha_CBO    0.00000e+00     fixed    
   7  w_CBO        2.32500e+00   constant   
   8  beta_CBO     0.00000e+00     fixed    
   9  alpha_2CBO   0.00000e+00     fixed    
  10  beta_2CBO    0.00000e+00     fixed    
  11  alpha_y      0.00000e+00     fixed    
  12  w_y          1.44500e+01   constant   
  13  beta_y       0.00000e+00     fixed    
  14  alpha_vw     0.00000e+00     fixed    
  15  w_vw         1.29000e+01   constant   
  16  beta_vw      0.00000e+00     fixed    
  17  LM          -7.20700e-04   constant   
  18  zeta_y       0.00000e+00   constant   
  19  zeta_vw      0.00000e+00   constant   
  20  T_CBO        5.58115e+01   6.97890e+01   2.30982e-05   8.35406e-01
  21  alpha_A0    -1.75591e-01   1.46306e-01   1.70457e-05   7.74886e-01
  22  beta_A0     -1.23725e-01   8.89558e-02   1.33778e-05  -2.41980e+00
  23  alpha_phi   -1.18486e-01   8.41937e-02   1.09560e-05  -3.09253e+00
  24  beta_phi     1.81276e-01   1.47244e-01   1.16460e-05   2.22526e-01
 CALL LIMIT EXCEEDED IN MIGRAD.
 MIGRAD TERMINATED WITHOUT CONVERGENCE.
 FCN=509.112 FROM MIGRAD    STATUS=CALL LIMIT   1326 CALLS        1327 TOTAL
                     EDM=0.00667737    STRATEGY= 1  ERROR MATRIX UNCERTAINTY   8.4 per cent
  EXT PARAMETER                APPROXIMATE        STEP         FIRST   
  NO.   NAME      VALUE            ERROR          SIZE      DERIVATIVE 
   1  N0           3.17135e+06   1.56386e+04  -1.85081e+01   4.56039e-06
   2  tau          6.43838e+01   constant   
   3  A0           3.25028e-01   2.81605e-03   5.75160e-06  -4.14890e+01
   4  phi          4.04924e+00   1.11561e-02  -2.46445e-05  -5.12015e+00
   5  R           -6.09625e+01   constant   
   6  alpha_CBO    0.00000e+00     fixed    
   7  w_CBO        2.32500e+00   constant   
   8  beta_CBO     0.00000e+00     fixed    
   9  alpha_2CBO   0.00000e+00     fixed    
  10  beta_2CBO    0.00000e+00     fixed    
  11  alpha_y      0.00000e+00     fixed    
  12  w_y          1.44500e+01   constant   
  13  beta_y       0.00000e+00     fixed    
  14  alpha_vw     0.00000e+00     fixed    
  15  w_vw         1.29000e+01   constant   
  16  beta_vw      0.00000e+00     fixed    
  17  LM          -7.20700e-04   constant   
  18  zeta_y       0.00000e+00   constant   
  19  zeta_vw      0.00000e+00   constant   
  20  T_CBO        5.61168e+01   7.60432e+01   1.32841e-03  -2.64924e+00
  21  alpha_A0    -1.74973e-01   1.55638e-01   6.18763e-04   2.41907e+00
  22  beta_A0     -1.23386e-01   1.05387e-01   3.39010e-04  -1.94963e+00
  23  alpha_phi   -1.18155e-01   9.99021e-02   3.30125e-04  -3.93083e-01
  24  beta_phi     1.80648e-01   1.58331e-01  -6.27308e-04  -3.66932e+00
 EXTERNAL ERROR MATRIX.    NDIM=  25    NPAR=  8    ERR DEF=1
  2.446e+08 -3.562e+01  1.591e+02 -1.572e+05 -4.181e+02  5.522e+02  4.689e+02  3.529e+02 
 -3.562e+01  7.930e-06 -2.198e-05  7.994e-02  1.975e-04  2.686e-06  5.745e-06 -1.885e-04 
  1.591e+02 -2.198e-05  1.245e-04 -3.641e-01 -7.494e-04  4.325e-05 -9.671e-06  7.200e-04 
 -1.572e+05  7.994e-02 -3.641e-01  6.006e+03  1.199e+01  7.255e+00  7.017e+00 -1.222e+01 
 -4.181e+02  1.975e-04 -7.494e-04  1.199e+01  2.422e-02  1.426e-02  1.376e-02 -2.463e-02 
  5.522e+02  2.686e-06  4.325e-05  7.255e+00  1.426e-02  1.111e-02  1.051e-02 -1.476e-02 
  4.689e+02  5.745e-06 -9.671e-06  7.017e+00  1.376e-02  1.051e-02  9.980e-03 -1.422e-02 
  3.529e+02 -1.885e-04  7.200e-04 -1.222e+01 -2.463e-02 -1.476e-02 -1.422e-02  2.507e-02 
ERR MATRIX APPROXIMATE
 PARAMETER  CORRELATION COEFFICIENTS  
       NO.  GLOBAL      1      3      4     20     21     22     23     24
        1  0.99976   1.000 -0.809  0.912 -0.130 -0.172  0.335  0.300  0.143
        3  0.99938  -0.809  1.000 -0.700  0.366  0.451  0.009  0.020 -0.423
        4  0.99939   0.912 -0.700  1.000 -0.421 -0.432  0.037 -0.009  0.408
       20  0.99999  -0.130  0.366 -0.421  1.000  0.994  0.888  0.906 -0.996
       21  0.99996  -0.172  0.451 -0.432  0.994  1.000  0.870  0.885 -0.999
       22  0.99993   0.335  0.009  0.037  0.888  0.870  1.000  0.998 -0.884
       23  0.99996   0.300  0.020 -0.009  0.906  0.885  0.998  1.000 -0.899
       24  0.99998   0.143 -0.423  0.408 -0.996 -0.999 -0.884 -0.899  1.000
 ERR MATRIX APPROXIMATE
MINUIT - FIT ONLY 1-CBO + wiggle
 **********
 **   16 **RES 
 **********
                   PARAMETER   16  beta_vw RESTORED TO VARIABLE.
                   PARAMETER   14  alpha_vw RESTORED TO VARIABLE.
                   PARAMETER   13  beta_y RESTORED TO VARIABLE.
                   PARAMETER   11  alpha_y RESTORED TO VARIABLE.
                   PARAMETER   10  beta_2CBO RESTORED TO VARIABLE.
                   PARAMETER    9  alpha_2CBO RESTORED TO VARIABLE.
                   PARAMETER    8  beta_CBO RESTORED TO VARIABLE.
                   PARAMETER    6  alpha_CBO RESTORED TO VARIABLE.
 **********
 **   17 **FIX            8
 **********
 **********
 **   18 **FIX            9
 **********
 **********
 **   19 **FIX           11
 **********
 **********
 **   20 **FIX           12
 **********
 PARAMETER   12  IS CONSTANT.   IGNORED.
 **********
 **   21 **FIX           14
 **********
 **********
 **   22 **FIX           15
 **********
 PARAMETER   15  IS CONSTANT.   IGNORED.
 **********
 **   23 **FIX           16
 **********
 **********
 **   24 **MIGRAD
 **********
 START MIGRAD MINIMIZATION.  STRATEGY  1.  CONVERGENCE WHEN EDM .LT. 1.00e-04
 FCN=509.112 FROM MIGRAD    STATUS=INITIATE       28 CALLS        1355 TOTAL
                     EDM= unknown      STRATEGY= 1      NO ERROR MATRIX       
  EXT PARAMETER               CURRENT GUESS       STEP         FIRST   
  NO.   NAME      VALUE            ERROR          SIZE      DERIVATIVE 
   1  N0           3.17135e+06   1.56386e+04  -1.85081e+01   4.56039e-06
   2  tau          6.43838e+01   constant   
   3  A0           3.25028e-01   2.81605e-03   5.75160e-06  -4.14890e+01
   4  phi          4.04924e+00   1.11561e-02  -2.46445e-05  -5.12015e+00
   5  R           -6.09625e+01   constant   
   6  alpha_CBO    0.00000e+00   1.00000e-03   1.00000e-03  -1.62436e+03
   7  w_CBO        2.32500e+00   constant   
   8  beta_CBO     0.00000e+00     fixed    
   9  alpha_2CBO   0.00000e+00     fixed    
  10  beta_2CBO    0.00000e+00   1.00000e-03   1.00000e-03  -2.78718e+03
  11  alpha_y      0.00000e+00     fixed    
  12  w_y          1.44500e+01   constant   
  13  beta_y       0.00000e+00   1.00000e-03   1.00000e-03  -2.68550e+05
  14  alpha_vw     0.00000e+00     fixed    
  15  w_vw         1.29000e+01   constant   
  16  beta_vw      0.00000e+00     fixed    
  17  LM          -7.20700e-04   constant   
  18  zeta_y       0.00000e+00   constant   
  19  zeta_vw      0.00000e+00   constant   
  20  T_CBO        5.61168e+01   7.60432e+01   1.32841e-03  -2.64925e+00
  21  alpha_A0    -1.74973e-01   1.55638e-01   6.18763e-04   2.41907e+00
  22  beta_A0     -1.23386e-01   1.05387e-01   3.39010e-04  -1.94962e+00
  23  alpha_phi   -1.18155e-01   9.99021e-02   3.30125e-04  -3.93083e-01
  24  beta_phi     1.80648e-01   1.58331e-01  -6.27308e-04  -3.66932e+00
 MIGRAD MINIMIZATION HAS CONVERGED.
 MIGRAD WILL VERIFY CONVERGENCE AND ERROR MATRIX.
 FCN=27.0134 FROM HESSE     STATUS=NOT POSDEF    100 CALLS        3027 TOTAL
                     EDM=0.00810611    STRATEGY= 1      ERR MATRIX NOT POS-DEF
  EXT PARAMETER                APPROXIMATE        STEP         FIRST   
  NO.   NAME      VALUE            ERROR          SIZE      DERIVATIVE 
   1  N0           3.19332e+06   4.23366e+03   1.52269e+00   1.63086e-05
   2  tau          6.43838e+01   constant   
   3  A0           3.40588e-01   1.63305e-03   3.23839e-07   2.27799e+01
   4  phi          4.09535e+00   4.71310e-03   1.95282e-06   9.78343e+00
   5  R           -6.09625e+01   constant   
   6  alpha_CBO    2.18876e-03   1.21309e-03   4.03716e-07   4.56636e-01
   7  w_CBO        2.32500e+00   constant   
   8  beta_CBO     0.00000e+00     fixed    
   9  alpha_2CBO   0.00000e+00     fixed    
  10  beta_2CBO   -1.61412e-03   5.57096e-04   4.24937e-07  -1.34645e+01
  11  alpha_y      0.00000e+00     fixed    
  12  w_y          1.44500e+01   constant   
  13  beta_y       3.60913e-03   1.61144e-04   4.06953e-07  -3.73343e+00
  14  alpha_vw     0.00000e+00     fixed    
  15  w_vw         1.29000e+01   constant   
  16  beta_vw      0.00000e+00     fixed    
  17  LM          -7.20700e-04   constant   
  18  zeta_y       0.00000e+00   constant   
  19  zeta_vw      0.00000e+00   constant   
  20  T_CBO        1.49322e+01   1.83875e+00   3.25793e-06  -6.19104e-01
  21  alpha_A0    -2.05095e-01   6.61126e-02   1.84024e-05   2.10867e-01
  22  beta_A0      9.06085e-02   6.49188e-02   1.59502e-05  -3.02512e+00
  23  alpha_phi   -1.10068e-01   5.75371e-02   1.39806e-05   3.05854e-01
  24  beta_phi     1.41546e-01   6.02459e-02   1.45585e-05   2.54049e+00
 CALL LIMIT EXCEEDED IN MIGRAD.
 MIGRAD TERMINATED WITHOUT CONVERGENCE.
 FCN=26.6666 FROM MIGRAD    STATUS=CALL LIMIT   1930 CALLS        3257 TOTAL
                     EDM=0.109459    STRATEGY= 1      ERR MATRIX NOT POS-DEF
  EXT PARAMETER                APPROXIMATE        STEP         FIRST   
  NO.   NAME      VALUE            ERROR          SIZE      DERIVATIVE 
   1  N0           3.19948e+06   1.26523e+04   2.57699e+03  -1.35103e-04
   2  tau          6.43838e+01   constant   
   3  A0           3.45721e-01   8.15288e-03   1.46134e-03  -2.08967e+03
   4  phi          4.10320e+00   9.78822e-03   2.91727e-04  -4.01610e+02
   5  R           -6.09625e+01   constant   
   6  alpha_CBO    3.73498e-03   3.62006e-03   8.16441e-04   1.07486e+03
   7  w_CBO        2.32500e+00   constant   
   8  beta_CBO     0.00000e+00     fixed    
   9  alpha_2CBO   0.00000e+00     fixed    
  10  beta_2CBO   -2.13568e-03   8.26606e-04  -2.36004e-05  -7.14534e+01
  11  alpha_y      0.00000e+00     fixed    
  12  w_y          1.44500e+01   constant   
  13  beta_y       3.62759e-03   1.62612e-04  -1.88380e-06  -1.26699e+02
  14  alpha_vw     0.00000e+00     fixed    
  15  w_vw         1.29000e+01   constant   
  16  beta_vw      0.00000e+00     fixed    
  17  LM          -7.20700e-04   constant   
  18  zeta_y       0.00000e+00   constant   
  19  zeta_vw      0.00000e+00   constant   
  20  T_CBO        1.46440e+01   2.09107e-01   3.29922e-05   1.02762e+02
  21  alpha_A0    -5.66607e-02   2.21703e-01   3.07122e-02   2.25934e+01
  22  beta_A0      2.52720e-01   2.19632e-01   3.15009e-02   1.95122e+01
  23  alpha_phi    4.11849e-03   1.71619e-01   2.68301e-02   2.22248e+00
  24  beta_phi    -5.69561e-02   2.81551e-01  -4.07298e-02  -3.10767e+01
 EXTERNAL ERROR MATRIX.    NDIM=  25    NPAR= 11    ERR DEF=1
  1.601e+08 
  9.339e+01  6.647e-05 
  6.238e+01  5.601e-05  9.581e-05 
  4.397e+01  2.713e-05  1.505e-05  1.310e-05 
 -2.636e+00 -3.360e-06 -6.562e-06 -8.657e-07  6.833e-07 
  1.147e-01  1.245e-07  2.120e-07  1.323e-08 -4.473e-09  2.644e-08 
 -1.030e+03 -9.363e-04 -1.452e-03 -2.400e-04  8.209e-05 -4.882e-06  4.373e-02 
  2.303e+03  1.759e-03  1.725e-03  6.489e-04 -9.760e-05  4.920e-06 -2.982e-02  4.915e-02 
  2.464e+03  1.693e-03  1.813e-03  6.569e-04 -1.068e-04  3.872e-06 -2.928e-02  4.604e-02  4.824e-02 
  2.017e+03  1.317e-03  1.320e-03  5.342e-04 -7.198e-05  2.891e-06 -2.091e-02  3.519e-02  3.740e-02  2.945e-02 
 -2.906e+03 -2.238e-03 -2.297e-03 -8.350e-04  1.500e-04 -5.194e-06  3.719e-02 -6.153e-02 -5.935e-02 -4.510e-02  7.927e-02 
ERR MATRIX NOT POS-DEF
 PARAMETER  CORRELATION COEFFICIENTS  
       NO.  GLOBAL      1      3      4      6     10     13     20     21     22     23     24
        1  0.99977   1.000  0.905  0.504  0.960 -0.252  0.056 -0.389  0.821  0.887  0.929 -0.816
        3  0.99998   0.905  1.000  0.702  0.919 -0.499  0.094 -0.549  0.973  0.946  0.942 -0.975
        4  0.99978   0.504  0.702  1.000  0.425 -0.811  0.133 -0.710  0.795  0.843  0.786 -0.833
        6  0.99970   0.960  0.919  0.425  1.000 -0.289  0.022 -0.317  0.808  0.826  0.860 -0.819
       10  0.98059  -0.252 -0.499 -0.811 -0.289  1.000 -0.033  0.475 -0.533 -0.588 -0.507  0.644
       13  0.31243   0.056  0.094  0.133  0.022 -0.033  1.000 -0.144  0.136  0.108  0.104 -0.113
       20  0.88494  -0.389 -0.549 -0.710 -0.317  0.475 -0.144  1.000 -0.643 -0.638 -0.583  0.632
       21  0.99981   0.821  0.973  0.795  0.808 -0.533  0.136 -0.643  1.000  0.945  0.925 -0.986
       22  0.99985   0.887  0.946  0.843  0.826 -0.588  0.108 -0.638  0.945  1.000  0.992 -0.960
       23  0.99962   0.929  0.942  0.786  0.860 -0.507  0.104 -0.583  0.925  0.992  1.000 -0.933
       24  0.99995  -0.816 -0.975 -0.833 -0.819  0.644 -0.113  0.632 -0.986 -0.960 -0.933  1.000
 ERR MATRIX NOT POS-DEF
MINUIT - FIT ONLY 2-CBO
 **********
 **   25 **RES 
 **********
                   PARAMETER   16  beta_vw RESTORED TO VARIABLE.
                   PARAMETER   14  alpha_vw RESTORED TO VARIABLE.
                   PARAMETER   11  alpha_y RESTORED TO VARIABLE.
                   PARAMETER    9  alpha_2CBO RESTORED TO VARIABLE.
                   PARAMETER    8  beta_CBO RESTORED TO VARIABLE.
 **********
 **   26 **FIX            0
 **********
 PARAMETER    0  IS UNDEFINED. IGNORED.
 **********
 **   27 **FIX            1
 **********
 **********
 **   28 **FIX            2
 **********
 PARAMETER    2  IS CONSTANT.   IGNORED.
 **********
 **   29 **FIX            3
 **********
 **********
 **   30 **FIX            4
 **********
 **********
 **   31 **FIX            5
 **********
 PARAMETER    5  IS CONSTANT.   IGNORED.
 **********
 **   32 **FIX            6
 **********
 **********
 **   33 **FIX            7
 **********
 PARAMETER    7  IS CONSTANT.   IGNORED.
 **********
 **   34 **FIX           10
 **********
 **********
 **   35 **FIX           11
 **********
 **********
 **   36 **FIX           12
 **********
 PARAMETER   12  IS CONSTANT.   IGNORED.
 **********
 **   37 **FIX           13
 **********
 **********
 **   38 **FIX           14
 **********
 **********
 **   39 **FIX           15
 **********
 PARAMETER   15  IS CONSTANT.   IGNORED.
 **********
 **   40 **FIX           16
 **********
 **********
 **   41 **MIGRAD
 **********
 START MIGRAD MINIMIZATION.  STRATEGY  1.  CONVERGENCE WHEN EDM .LT. 1.00e-04
 FCN=26.6666 FROM MIGRAD    STATUS=INITIATE       18 CALLS        3275 TOTAL
                     EDM= unknown      STRATEGY= 1      NO ERROR MATRIX       
  EXT PARAMETER               CURRENT GUESS       STEP         FIRST   
  NO.   NAME      VALUE            ERROR          SIZE      DERIVATIVE 
   1  N0           3.19948e+06     fixed    
   2  tau          6.43838e+01   constant   
   3  A0           3.45721e-01     fixed    
   4  phi          4.10320e+00     fixed    
   5  R           -6.09625e+01   constant   
   6  alpha_CBO    3.73498e-03     fixed    
   7  w_CBO        2.32500e+00   constant   
   8  beta_CBO     0.00000e+00   1.00000e-03   1.00000e-03   1.69558e+03
   9  alpha_2CBO   0.00000e+00   1.00000e-03   1.00000e-03   7.80787e+02
  10  beta_2CBO   -2.13568e-03     fixed    
  11  alpha_y      0.00000e+00     fixed    
  12  w_y          1.44500e+01   constant   
  13  beta_y       3.62759e-03     fixed    
  14  alpha_vw     0.00000e+00     fixed    
  15  w_vw         1.29000e+01   constant   
  16  beta_vw      0.00000e+00     fixed    
  17  LM          -7.20700e-04   constant   
  18  zeta_y       0.00000e+00   constant   
  19  zeta_vw      0.00000e+00   constant   
  20  T_CBO        1.46440e+01   2.09107e-01   3.29922e-05   1.02762e+02
  21  alpha_A0    -5.66607e-02   2.21703e-01   3.07122e-02   2.25934e+01
  22  beta_A0      2.52720e-01   2.19632e-01   3.15009e-02   1.95122e+01
  23  alpha_phi    4.11849e-03   1.71619e-01   2.68301e-02   2.22248e+00
  24  beta_phi    -5.69561e-02   2.81551e-01  -4.07298e-02  -3.10767e+01
 MIGRAD MINIMIZATION HAS CONVERGED.
 MIGRAD WILL VERIFY CONVERGENCE AND ERROR MATRIX.
 FCN=26.5984 FROM MIGRAD    STATUS=CONVERGED     165 CALLS        3422 TOTAL
                     EDM=3.74932e-05    STRATEGY= 1      ERR MATRIX NOT POS-DEF
  EXT PARAMETER                APPROXIMATE        STEP         FIRST   
  NO.   NAME      VALUE            ERROR          SIZE      DERIVATIVE 
   1  N0           3.19948e+06     fixed    
   2  tau          6.43838e+01   constant   
   3  A0           3.45721e-01     fixed    
   4  phi          4.10320e+00     fixed    
   5  R           -6.09625e+01   constant   
   6  alpha_CBO    3.73498e-03     fixed    
   7  w_CBO        2.32500e+00   constant   
   8  beta_CBO     3.24800e-05   4.44565e-04   4.12928e-07   9.58572e+00
   9  alpha_2CBO  -7.54600e-05   3.63909e-04   3.93037e-07  -4.19676e+00
  10  beta_2CBO   -2.13568e-03     fixed    
  11  alpha_y      0.00000e+00     fixed    
  12  w_y          1.44500e+01   constant   
  13  beta_y       3.62759e-03     fixed    
  14  alpha_vw     0.00000e+00     fixed    
  15  w_vw         1.29000e+01   constant   
  16  beta_vw      0.00000e+00     fixed    
  17  LM          -7.20700e-04   constant   
  18  zeta_y       0.00000e+00   constant   
  19  zeta_vw      0.00000e+00   constant   
  20  T_CBO        1.46364e+01   1.99923e+00   3.16801e-06   1.16839e+00
  21  alpha_A0    -5.82720e-02   2.17183e-02   1.83497e-05  -1.48996e-01
  22  beta_A0      2.52890e-01   8.31329e-02   1.61108e-05   1.87187e-02
  23  alpha_phi    1.65016e-03   1.23284e-02   1.44219e-05  -6.34983e-02
  24  beta_phi    -5.41340e-02   2.33964e-02   1.48831e-05  -3.90147e-01
 EXTERNAL ERROR MATRIX.    NDIM=  25    NPAR=  7    ERR DEF=1
  1.976e-07 -5.973e-08 -6.398e-06 -2.583e-06 -4.305e-06 -2.719e-06  6.211e-06 
 -5.973e-08  1.324e-07  6.293e-05  1.903e-06 -3.288e-06  3.838e-06 -3.301e-06 
 -6.398e-06  6.293e-05  3.997e+00  3.905e-02 -1.640e-01  1.246e-03  3.337e-02 
 -2.583e-06  1.903e-06  3.905e-02  4.717e-04 -1.547e-03  7.080e-05  2.302e-04 
 -4.305e-06 -3.288e-06 -1.640e-01 -1.547e-03  6.911e-03 -4.353e-05 -1.485e-03 
 -2.719e-06  3.838e-06  1.246e-03  7.080e-05 -4.353e-05  1.520e-04 -1.351e-04 
  6.211e-06 -3.301e-06  3.337e-02  2.302e-04 -1.485e-03 -1.351e-04  5.474e-04 
ERR MATRIX NOT POS-DEF
 PARAMETER  CORRELATION COEFFICIENTS  
       NO.  GLOBAL      8      9     20     21     22     23     24
        8  0.93234   1.000 -0.369 -0.007 -0.268 -0.116 -0.496  0.597
        9  0.90732  -0.369  1.000  0.086  0.241 -0.109  0.856 -0.388
       20  0.99724  -0.007  0.086  1.000  0.899 -0.986  0.051  0.713
       21  0.94408  -0.268  0.241  0.899  1.000 -0.857  0.264  0.453
       22  0.99714  -0.116 -0.109 -0.986 -0.857  1.000 -0.042 -0.764
       23  0.88974  -0.496  0.856  0.051  0.264 -0.042  1.000 -0.468
       24  0.96870   0.597 -0.388  0.713  0.453 -0.764 -0.468  1.000
 ERR MATRIX NOT POS-DEF
MINUIT - FIT wiggle + 1-CBO + 2-CBO
 **********
 **   42 **RES 
 **********
                   PARAMETER   16  beta_vw RESTORED TO VARIABLE.
                   PARAMETER   14  alpha_vw RESTORED TO VARIABLE.
                   PARAMETER   13  beta_y RESTORED TO VARIABLE.
                   PARAMETER   11  alpha_y RESTORED TO VARIABLE.
                   PARAMETER   10  beta_2CBO RESTORED TO VARIABLE.
                   PARAMETER    6  alpha_CBO RESTORED TO VARIABLE.
                   PARAMETER    4  phi RESTORED TO VARIABLE.
                   PARAMETER    3  A0 RESTORED TO VARIABLE.
                   PARAMETER    1  N0 RESTORED TO VARIABLE.
 **********
 **   43 **FIX           10
 **********
 **********
 **   44 **FIX           11
 **********
 **********
 **   45 **FIX           12
 **********
 PARAMETER   12  IS CONSTANT.   IGNORED.
 **********
 **   46 **FIX           13
 **********
 **********
 **   47 **FIX           14
 **********
 **********
 **   48 **FIX           15
 **********
 PARAMETER   15  IS CONSTANT.   IGNORED.
 **********
 **   49 **FIX           16
 **********
 **********
 **   50 **MIGRAD
 **********
 START MIGRAD MINIMIZATION.  STRATEGY  1.  CONVERGENCE WHEN EDM .LT. 1.00e-04
 FCN=26.5984 FROM MIGRAD    STATUS=INITIATE       22 CALLS        3444 TOTAL
                     EDM= unknown      STRATEGY= 1      NO ERROR MATRIX       
  EXT PARAMETER               CURRENT GUESS       STEP         FIRST   
  NO.   NAME      VALUE            ERROR          SIZE      DERIVATIVE 
   1  N0           3.19948e+06   1.26523e+04   1.26523e+04  -8.15316e-05
   2  tau          6.43838e+01   constant   
   3  A0           3.45721e-01   8.15288e-03   8.15288e-03  -1.88035e+02
   4  phi          4.10320e+00   9.78822e-03   9.78822e-03   6.09403e+01
   5  R           -6.09625e+01   constant   
   6  alpha_CBO    3.73498e-03   3.62006e-03   3.62006e-03   5.00228e+02
   7  w_CBO        2.32500e+00   constant   
   8  beta_CBO     3.24800e-05   4.44565e-04   4.12928e-07   9.58574e+00
   9  alpha_2CBO  -7.54600e-05   3.63909e-04   3.93037e-07  -4.19675e+00
  10  beta_2CBO   -2.13568e-03     fixed    
  11  alpha_y      0.00000e+00     fixed    
  12  w_y          1.44500e+01   constant   
  13  beta_y       3.62759e-03     fixed    
  14  alpha_vw     0.00000e+00     fixed    
  15  w_vw         1.29000e+01   constant   
  16  beta_vw      0.00000e+00     fixed    
  17  LM          -7.20700e-04   constant   
  18  zeta_y       0.00000e+00   constant   
  19  zeta_vw      0.00000e+00   constant   
  20  T_CBO        1.46364e+01   1.99923e+00   3.16801e-06   1.16845e+00
  21  alpha_A0    -5.82720e-02   2.17183e-02   1.83497e-05  -1.48998e-01
  22  beta_A0      2.52890e-01   8.31329e-02   1.61108e-05   1.87186e-02
  23  alpha_phi    1.65016e-03   1.23284e-02   1.44219e-05  -6.34985e-02
  24  beta_phi    -5.41340e-02   2.33964e-02   1.48831e-05  -3.90146e-01
 MIGRAD MINIMIZATION HAS CONVERGED.
 FCN=25.8662 FROM MIGRAD    STATUS=CONVERGED     791 CALLS        4213 TOTAL
                     EDM=3.12502e-06    STRATEGY= 1  ERROR MATRIX UNCERTAINTY   2.2 per cent
  EXT PARAMETER                                   STEP         FIRST   
  NO.   NAME      VALUE            ERROR          SIZE      DERIVATIVE 
   1  N0           3.16986e+06   4.17222e+04   4.84896e+00  -3.99813e-06
   2  tau          6.43838e+01   constant   
   3  A0           3.42896e-01   3.85224e-03   1.22346e-06   1.18682e+01
   4  phi          4.13752e+00   4.97431e-02   1.93087e-06   1.61114e+00
   5  R           -6.09625e+01   constant   
   6  alpha_CBO   -9.03674e-03   1.61834e-02   1.34282e-05   9.42900e+00
   7  w_CBO        2.32500e+00   constant   
   8  beta_CBO     2.46665e-03   5.80341e-03   1.07517e-05  -7.20464e+00
   9  alpha_2CBO  -2.43224e-03   2.32600e-03   5.96340e-06   1.20622e+01
  10  beta_2CBO   -2.13568e-03     fixed    
  11  alpha_y      0.00000e+00     fixed    
  12  w_y          1.44500e+01   constant   
  13  beta_y       3.62759e-03     fixed    
  14  alpha_vw     0.00000e+00     fixed    
  15  w_vw         1.29000e+01   constant   
  16  beta_vw      0.00000e+00     fixed    
  17  LM          -7.20700e-04   constant   
  18  zeta_y       0.00000e+00   constant   
  19  zeta_vw      0.00000e+00   constant   
  20  T_CBO        1.44325e+01   8.59472e-01  -2.06512e-05   5.85214e-01
  21  alpha_A0     3.11767e-01   4.66616e-01  -4.57582e-04   2.09744e-01
  22  beta_A0      3.35880e-01   7.84992e-02  -3.29388e-04   1.75397e-01
  23  alpha_phi   -5.00455e-02   5.11792e-02   1.28959e-04  -3.98954e-02
  24  beta_phi    -1.99022e-01   1.86571e-01   1.06455e-04   4.86458e-01
 EXTERNAL ERROR MATRIX.    NDIM=  25    NPAR= 11    ERR DEF=1
  1.741e+09 
  1.605e+02  1.484e-05 
 -2.074e+03 -1.910e-04  2.474e-03 
  6.698e+02  6.206e-05 -7.954e-04  2.619e-04 
 -2.253e+02 -2.040e-05  2.716e-04 -8.248e-05  3.368e-05 
  8.604e+01  8.058e-06 -1.013e-04  3.519e-05 -9.120e-06  5.410e-06 
  2.964e+04  2.658e-03 -3.597e-02  1.045e-02 -4.830e-03  9.854e-04  7.387e-01 
 -1.922e+04 -1.783e-03  2.280e-02 -7.547e-03  2.336e-03 -1.025e-03 -2.930e-01  2.177e-01 
 -2.266e+03 -2.175e-04  2.623e-03 -9.864e-04  1.759e-04 -1.701e-04 -1.215e-02  2.914e-02  6.162e-03 
  1.920e+03  1.793e-04 -2.262e-03  7.806e-04 -2.081e-04  1.183e-04  2.308e-02 -2.270e-02 -3.670e-03  2.619e-03 
  7.744e+03  7.171e-04 -9.203e-03  3.010e-03 -9.661e-04  3.956e-04  1.244e-01 -8.661e-02 -1.095e-02  8.787e-03  3.481e-02 
 PARAMETER  CORRELATION COEFFICIENTS  
       NO.  GLOBAL      1      3      4      6      8      9     20     21     22     23     24
        1  0.99997   1.000  0.998 -1.000  0.992 -0.930  0.887  0.826 -0.987 -0.692  0.899  0.995
        3  0.99977   0.998  1.000 -0.997  0.996 -0.913  0.899  0.803 -0.992 -0.719  0.909  0.998
        4  0.99997  -1.000 -0.997  1.000 -0.988  0.941 -0.875 -0.841  0.982  0.672 -0.888 -0.992
        6  0.99997   0.992  0.996 -0.988  1.000 -0.878  0.935  0.751 -0.999 -0.776  0.942  0.997
        8  0.99968  -0.930 -0.913  0.941 -0.878  1.000 -0.676 -0.968  0.863  0.386 -0.701 -0.892
        9  0.99789   0.887  0.899 -0.875  0.935 -0.676  1.000  0.493 -0.945 -0.931  0.994  0.911
       20  0.99473   0.826  0.803 -0.841  0.751 -0.968  0.493  1.000 -0.731 -0.180  0.525  0.776
       21  0.99993  -0.987 -0.992  0.982 -0.999  0.863 -0.945 -0.731  1.000  0.796 -0.951 -0.995
       22  0.99776  -0.692 -0.719  0.672 -0.776  0.386 -0.931 -0.180  0.796  1.000 -0.913 -0.747
       23  0.99631   0.899  0.909 -0.888  0.942 -0.701  0.994  0.525 -0.951 -0.913  1.000  0.920
       24  0.99970   0.995  0.998 -0.992  0.997 -0.892  0.911  0.776 -0.995 -0.747  0.920  1.000
MINUIT - FIT ONLY 1-y
 **********
 **   51 **RES 
 **********
                   PARAMETER   16  beta_vw RESTORED TO VARIABLE.
                   PARAMETER   14  alpha_vw RESTORED TO VARIABLE.
                   PARAMETER   13  beta_y RESTORED TO VARIABLE.
                   PARAMETER   11  alpha_y RESTORED TO VARIABLE.
                   PARAMETER   10  beta_2CBO RESTORED TO VARIABLE.
 **********
 **   52 **FIX            0
 **********
 PARAMETER    0  IS UNDEFINED. IGNORED.
 **********
 **   53 **FIX            1
 **********
 **********
 **   54 **FIX            2
 **********
 PARAMETER    2  IS CONSTANT.   IGNORED.
 **********
 **   55 **FIX            3
 **********
 **********
 **   56 **FIX            4
 **********
 **********
 **   57 **FIX            5
 **********
 PARAMETER    5  IS CONSTANT.   IGNORED.
 **********
 **   58 **FIX            6
 **********
 **********
 **   59 **FIX            7
 **********
 PARAMETER    7  IS CONSTANT.   IGNORED.
 **********
 **   60 **FIX            8
 **********
 **********
 **   61 **FIX            9
 **********
 **********
 **   62 **FIX           13
 **********
 **********
 **   63 **FIX           14
 **********
 **********
 **   64 **FIX           15
 **********
 PARAMETER   15  IS CONSTANT.   IGNORED.
 **********
 **   65 **FIX           16
 **********
 **********
 **   66 **MIGRAD
 **********
 START MIGRAD MINIMIZATION.  STRATEGY  1.  CONVERGENCE WHEN EDM .LT. 1.00e-04
 FCN=25.8662 FROM MIGRAD    STATUS=INITIATE       16 CALLS        4229 TOTAL
                     EDM= unknown      STRATEGY= 1      NO ERROR MATRIX       
  EXT PARAMETER               CURRENT GUESS       STEP         FIRST   
  NO.   NAME      VALUE            ERROR          SIZE      DERIVATIVE 
   1  N0           3.16986e+06     fixed    
   2  tau          6.43838e+01   constant   
   3  A0           3.42896e-01     fixed    
   4  phi          4.13752e+00     fixed    
   5  R           -6.09625e+01   constant   
   6  alpha_CBO   -9.03674e-03     fixed    
   7  w_CBO        2.32500e+00   constant   
   8  beta_CBO     2.46665e-03     fixed    
   9  alpha_2CBO  -2.43224e-03     fixed    
  10  beta_2CBO   -2.13568e-03   8.26606e-04   8.26606e-04  -9.28762e+01
  11  alpha_y      0.00000e+00   1.00000e-03   1.00000e-03  -2.74998e+04
  12  w_y          1.44500e+01   constant   
  13  beta_y       3.62759e-03     fixed    
  14  alpha_vw     0.00000e+00     fixed    
  15  w_vw         1.29000e+01   constant   
  16  beta_vw      0.00000e+00     fixed    
  17  LM          -7.20700e-04   constant   
  18  zeta_y       0.00000e+00   constant   
  19  zeta_vw      0.00000e+00   constant   
  20  T_CBO        1.44325e+01   8.59472e-01  -2.06512e-05   5.85205e-01
  21  alpha_A0     3.11767e-01   4.66616e-01  -4.57582e-04   2.09744e-01
  22  beta_A0      3.35880e-01   7.84992e-02  -3.29388e-04   1.75398e-01
  23  alpha_phi   -5.00455e-02   5.11792e-02   1.28959e-04  -3.98952e-02
  24  beta_phi    -1.99022e-01   1.86571e-01   1.06455e-04   4.86458e-01
 MIGRAD MINIMIZATION HAS CONVERGED.
 MIGRAD WILL VERIFY CONVERGENCE AND ERROR MATRIX.
 FCN=20.8567 FROM MIGRAD    STATUS=CONVERGED     145 CALLS        4358 TOTAL
                     EDM=1.54564e-05    STRATEGY= 1      ERR MATRIX NOT POS-DEF
  EXT PARAMETER                APPROXIMATE        STEP         FIRST   
  NO.   NAME      VALUE            ERROR          SIZE      DERIVATIVE 
   1  N0           3.16986e+06     fixed    
   2  tau          6.43838e+01   constant   
   3  A0           3.42896e-01     fixed    
   4  phi          4.13752e+00     fixed    
   5  R           -6.09625e+01   constant   
   6  alpha_CBO   -9.03674e-03     fixed    
   7  w_CBO        2.32500e+00   constant   
   8  beta_CBO     2.46665e-03     fixed    
   9  alpha_2CBO  -2.43224e-03     fixed    
  10  beta_2CBO   -2.21941e-03   2.49770e-04   3.75122e-07  -4.15107e+00
  11  alpha_y      3.64623e-04   1.62703e-04   3.64559e-07   2.06345e+00
  12  w_y          1.44500e+01   constant   
  13  beta_y       3.62759e-03     fixed    
  14  alpha_vw     0.00000e+00     fixed    
  15  w_vw         1.29000e+01   constant   
  16  beta_vw      0.00000e+00     fixed    
  17  LM          -7.20700e-04   constant   
  18  zeta_y       0.00000e+00   constant   
  19  zeta_vw      0.00000e+00   constant   
  20  T_CBO        1.44279e+01   1.34120e+00   1.68543e-06   6.93394e-01
  21  alpha_A0     3.08932e-01   6.96276e-02   1.66399e-05   3.62680e-01
  22  beta_A0      3.36849e-01   7.50575e-02   1.50118e-05  -4.21161e-01
  23  alpha_phi   -5.27912e-02   1.46262e-02   1.39513e-05  -4.26535e-01
  24  beta_phi    -1.99342e-01   4.58252e-02   1.39839e-05  -2.73766e-01
 EXTERNAL ERROR MATRIX.    NDIM=  25    NPAR=  7    ERR DEF=1
  6.238e-08 -6.212e-09 -1.250e-05  2.162e-06  2.670e-07  7.134e-07  3.725e-07 
 -6.212e-09  2.647e-08 -5.496e-09 -2.259e-07  5.361e-08 -1.971e-07 -1.286e-08 
 -1.250e-05 -5.496e-09  1.799e+00 -9.248e-02 -1.002e-01  1.704e-02  6.071e-02 
  2.162e-06 -2.259e-07 -9.248e-02  4.848e-03  5.149e-03 -8.447e-04 -3.107e-03 
  2.670e-07  5.361e-08 -1.002e-01  5.149e-03  5.634e-03 -9.546e-04 -3.396e-03 
  7.134e-07 -1.971e-07  1.704e-02 -8.447e-04 -9.546e-04  2.139e-04  5.760e-04 
  3.725e-07 -1.286e-08  6.071e-02 -3.107e-03 -3.396e-03  5.760e-04  2.100e-03 
ERR MATRIX NOT POS-DEF
 PARAMETER  CORRELATION COEFFICIENTS  
       NO.  GLOBAL     10     11     20     21     22     23     24
       10  0.75367   1.000 -0.153 -0.037  0.124  0.014  0.195  0.033
       11  0.19628  -0.153  1.000 -0.000 -0.020  0.004 -0.083 -0.002
       20  0.99785  -0.037 -0.000  1.000 -0.990 -0.996  0.868  0.988
       21  0.99452   0.124 -0.020 -0.990  1.000  0.985 -0.829 -0.974
       22  0.99616   0.014  0.004 -0.996  0.985  1.000 -0.870 -0.987
       23  0.90873   0.195 -0.083  0.868 -0.829 -0.870  1.000  0.859
       24  0.99105   0.033 -0.002  0.988 -0.974 -0.987  0.859  1.000
 ERR MATRIX NOT POS-DEF
MINUIT - FIT ONLY 2-y
 **********
 **   67 **RES 
 **********
                   PARAMETER   16  beta_vw RESTORED TO VARIABLE.
                   PARAMETER   14  alpha_vw RESTORED TO VARIABLE.
                   PARAMETER   13  beta_y RESTORED TO VARIABLE.
                   PARAMETER    9  alpha_2CBO RESTORED TO VARIABLE.
                   PARAMETER    8  beta_CBO RESTORED TO VARIABLE.
                   PARAMETER    6  alpha_CBO RESTORED TO VARIABLE.
                   PARAMETER    4  phi RESTORED TO VARIABLE.
                   PARAMETER    3  A0 RESTORED TO VARIABLE.
                   PARAMETER    1  N0 RESTORED TO VARIABLE.
 **********
 **   68 **FIX            0
 **********
 PARAMETER    0  IS UNDEFINED. IGNORED.
 **********
 **   69 **FIX            1
 **********
 **********
 **   70 **FIX            2
 **********
 PARAMETER    2  IS CONSTANT.   IGNORED.
 **********
 **   71 **FIX            3
 **********
 **********
 **   72 **FIX            4
 **********
 **********
 **   73 **FIX            5
 **********
 PARAMETER    5  IS CONSTANT.   IGNORED.
 **********
 **   74 **FIX            6
 **********
 **********
 **   75 **FIX            7
 **********
 PARAMETER    7  IS CONSTANT.   IGNORED.
 **********
 **   76 **FIX            8
 **********
 **********
 **   77 **FIX            9
 **********
 **********
 **   78 **FIX           10
 **********
 **********
 **   79 **FIX           11
 **********
 **********
 **   80 **FIX           12
 **********
 PARAMETER   12  IS CONSTANT.   IGNORED.
 **********
 **   81 **FIX           16
 **********
 **********
 **   82 **MIGRAD
 **********
 START MIGRAD MINIMIZATION.  STRATEGY  1.  CONVERGENCE WHEN EDM .LT. 1.00e-04
 FCN=20.8567 FROM MIGRAD    STATUS=INITIATE       16 CALLS        4374 TOTAL
                     EDM= unknown      STRATEGY= 1      NO ERROR MATRIX       
  EXT PARAMETER               CURRENT GUESS       STEP         FIRST   
  NO.   NAME      VALUE            ERROR          SIZE      DERIVATIVE 
   1  N0           3.16986e+06     fixed    
   2  tau          6.43838e+01   constant   
   3  A0           3.42896e-01     fixed    
   4  phi          4.13752e+00     fixed    
   5  R           -6.09625e+01   constant   
   6  alpha_CBO   -9.03674e-03     fixed    
   7  w_CBO        2.32500e+00   constant   
   8  beta_CBO     2.46665e-03     fixed    
   9  alpha_2CBO  -2.43224e-03     fixed    
  10  beta_2CBO   -2.21941e-03     fixed    
  11  alpha_y      3.64623e-04     fixed    
  12  w_y          1.44500e+01   constant   
  13  beta_y       3.62759e-03   1.62612e-04   1.62612e-04  -4.48820e+03
  14  alpha_vw     0.00000e+00   1.00000e-03   1.00000e-03  -1.10305e+04
