 + ++++++++++++++++++++++++++++++++++++++++++++++++++++++++++++++++++++ +
 +                                                                      +
 +           You have chose to blind your fitting according to          +
 +                omega_ref * (1 + (R +/- deltaR) *10^{-6})             +
 +                                                                      +
 + ++++++++++++++++++++++++++++++++++++++++++++++++++++++++++++++++++++ +
In main()...
reading format from /gm2data/zkhechad/run45/envelope/formats/formatB_sBin_constraintOn.txt
pBinTau 	= 0  
pBinPhi 	= 0  
constraintau 	= 1 
includeMopTerm 	= 0    
constrainMop    = 0   
Parameters after format file: pBinTau 0 pBinPhi 0 constraintau 1 includeMopTerm 0 constrainMop 0 c_e_scale 0.000000 
Opening file /gm2data/tbarrett/gm2fr/studies/run23_bunch_corrections/CorrectedFourier_Run3b.root.
reading full fit data from /gm2data/zkhechad/cboTemplates/Run4CBOTemplates/fullFits/noRF/sBin_constraintOn_cE0.0_seed0_noRF_calo12.root
windowBins = 69
fitting sliding window 1260 from bin 1396 at 208.134000 to bin 1465 at 218.578000 (69 bins)

Reading data from /gm2data/cornell/histograms/aMethod/histogram_a_noRF.root
 **********
 **    1 **SET PRINTOUT            1
 **********
 **********
 **    2 **SET NOWARNINGS 
 **********
 PARAMETER DEFINITIONS:
    NO.   NAME         VALUE      STEP SIZE      LIMITS
     1 N0           3.55331e+06  1.00000e+02     no limits
     2 tau          6.44114e+01  constant
     3 A0           3.53594e-01  1.00000e-04     no limits
     4 phi          4.11780e+00  1.00000e-02     no limits
     5 R           -6.01273e+01  constant
     6 alpha_CBO    0.00000e+00  1.00000e-03     no limits
     7 w_CBO        2.32500e+00  constant
     8 beta_CBO     0.00000e+00  1.00000e-03     no limits
     9 alpha_2CBO   0.00000e+00  1.00000e-03     no limits
    10 beta_2CBO    0.00000e+00  1.00000e-03     no limits
    11 alpha_y      0.00000e+00  1.00000e-03     no limits
    12 w_y          1.38860e+01  constant
    13 beta_y       0.00000e+00  1.00000e-03     no limits
    14 alpha_vw     0.00000e+00  1.00000e-03     no limits
    15 w_vw         1.43404e+01  constant
    16 beta_vw      0.00000e+00  1.00000e-03     no limits
    17 LM           2.37201e-04  constant
    18 zeta_y       0.00000e+00  constant
    19 zeta_vw      0.00000e+00  constant
    20 T_CBO        1.00000e+02  1.00000e+00    0.00000e+00  1.00000e+03
    21 alpha_A0     0.00000e+00  1.00000e-03     no limits
    22 beta_A0      0.00000e+00  1.00000e-03     no limits
    23 alpha_phi    0.00000e+00  1.00000e-03     no limits
    24 beta_phi     0.00000e+00  1.00000e-03     no limits
MINUIT - FIT ONLY WIGGLE
 **********
 **    3 **FIX            5
 **********
 PARAMETER    5  IS CONSTANT.   IGNORED.
 **********
 **    4 **FIX            6
 **********
 **********
 **    5 **FIX            7
 **********
 PARAMETER    7  IS CONSTANT.   IGNORED.
 **********
 **    6 **FIX            8
 **********
 **********
 **    7 **FIX            9
 **********
 **********
 **    8 **FIX           10
 **********
 **********
 **    9 **FIX           11
 **********
 **********
 **   10 **FIX           12
 **********
 PARAMETER   12  IS CONSTANT.   IGNORED.
 **********
 **   11 **FIX           13
 **********
 **********
 **   12 **FIX           14
 **********
 **********
 **   13 **FIX           15
 **********
 PARAMETER   15  IS CONSTANT.   IGNORED.
 **********
 **   14 **FIX           16
 **********
 **********
 **   15 **MIGRAD
 **********
 FIRST CALL TO USER FUNCTION AT NEW START POINT, WITH IFLAG=4.
 START MIGRAD MINIMIZATION.  STRATEGY  1.  CONVERGENCE WHEN EDM .LT. 1.00e-04
 FCN=222.409 FROM MIGRAD    STATUS=INITIATE      437 CALLS         438 TOTAL
                     EDM= unknown      STRATEGY= 1      NO ERROR MATRIX       
  EXT PARAMETER               CURRENT GUESS       STEP         FIRST   
  NO.   NAME      VALUE            ERROR          SIZE      DERIVATIVE 
   1  N0           3.55331e+06   1.00000e+02   0.00000e+00   2.74109e-03
   2  tau          6.44114e+01   constant   
   3  A0           3.53594e-01   1.00000e-04   0.00000e+00   1.28204e+04
   4  phi          4.11780e+00   1.00000e-02   0.00000e+00   4.65317e+03
   5  R           -6.01273e+01   constant   
   6  alpha_CBO    0.00000e+00     fixed    
   7  w_CBO        2.32500e+00   constant   
   8  beta_CBO     0.00000e+00     fixed    
   9  alpha_2CBO   0.00000e+00     fixed    
  10  beta_2CBO    0.00000e+00     fixed    
  11  alpha_y      0.00000e+00     fixed    
  12  w_y          1.38860e+01   constant   
  13  beta_y       0.00000e+00     fixed    
  14  alpha_vw     0.00000e+00     fixed    
  15  w_vw         1.43404e+01   constant   
  16  beta_vw      0.00000e+00     fixed    
  17  LM           2.37201e-04   constant   
  18  zeta_y       0.00000e+00   constant   
  19  zeta_vw      0.00000e+00   constant   
  20  T_CBO        1.00000e+02   1.00000e+00   0.00000e+00   0.00000e+00
  21  alpha_A0     0.00000e+00   1.00000e-03   0.00000e+00  -1.29509e+02
  22  beta_A0      0.00000e+00   1.00000e-03   0.00000e+00   4.83384e+02
  23  alpha_phi    0.00000e+00   1.00000e-03   0.00000e+00  -1.45650e+02
  24  beta_phi     0.00000e+00   1.00000e-03   0.00000e+00  -7.30397e+02
 CALL LIMIT EXCEEDED IN MIGRAD.
 MIGRAD TERMINATED WITHOUT CONVERGENCE.
 FCN=197.584 FROM MIGRAD    STATUS=CALL LIMIT   1333 CALLS        1334 TOTAL
                     EDM=0.00334219    STRATEGY= 1  ERROR MATRIX UNCERTAINTY   0.1 per cent
  EXT PARAMETER                APPROXIMATE        STEP         FIRST   
  NO.   NAME      VALUE            ERROR          SIZE      DERIVATIVE 
   1  N0           3.55227e+06   7.98293e+02  -2.03430e+00  -2.65932e-05
   2  tau          6.44114e+01   constant   
   3  A0           3.53121e-01   2.84834e-04  -3.53170e-07   1.43659e+01
   4  phi          4.11667e+00   8.20718e-04   1.73320e-05   1.43919e+01
   5  R           -6.01273e+01   constant   
   6  alpha_CBO    0.00000e+00     fixed    
   7  w_CBO        2.32500e+00   constant   
   8  beta_CBO     0.00000e+00     fixed    
   9  alpha_2CBO   0.00000e+00     fixed    
  10  beta_2CBO    0.00000e+00     fixed    
  11  alpha_y      0.00000e+00     fixed    
  12  w_y          1.38860e+01   constant   
  13  beta_y       0.00000e+00     fixed    
  14  alpha_vw     0.00000e+00     fixed    
  15  w_vw         1.43404e+01   constant   
  16  beta_vw      0.00000e+00     fixed    
  17  LM           2.37201e-04   constant   
  18  zeta_y       0.00000e+00   constant   
  19  zeta_vw      0.00000e+00   constant   
  20  T_CBO        3.92032e+01   1.29461e+01  -3.17924e-03  -1.29753e+01
  21  alpha_A0     2.05777e-01   3.69965e-01   1.76797e-02   1.27563e-02
  22  beta_A0     -5.62738e-01   9.06257e-01  -4.33416e-02   8.32211e-01
  23  alpha_phi    1.26633e-01   1.59470e-01   7.59760e-03  -4.41991e-01
  24  beta_phi     8.50383e-01   1.40164e+00   6.70351e-02  -3.72949e-02
 EXTERNAL ERROR MATRIX.    NDIM=  25    NPAR=  8    ERR DEF=1
  6.373e+05 -2.447e-03 -1.206e-01 -3.058e+02  2.184e+00 -1.978e+00 -8.089e-01  4.263e-01 
 -2.447e-03  8.113e-08 -7.638e-10  8.732e-05 -2.425e-06  5.138e-06 -3.659e-07 -7.493e-06 
 -1.206e-01 -7.638e-10  6.736e-07 -4.706e-04  2.132e-05 -5.204e-05  8.297e-06  8.124e-05 
 -3.058e+02  8.732e-05 -4.706e-04  1.679e+02 -4.780e+00  1.172e+01 -2.057e+00 -1.812e+01 
  2.184e+00 -2.425e-06  2.132e-05 -4.780e+00  1.369e-01 -3.351e-01  5.876e-02  5.183e-01 
 -1.978e+00  5.138e-06 -5.204e-05  1.172e+01 -3.351e-01  8.213e-01 -1.441e-01 -1.270e+00 
 -8.089e-01 -3.659e-07  8.297e-06 -2.057e+00  5.876e-02 -1.441e-01  2.543e-02  2.228e-01 
  4.263e-01 -7.493e-06  8.124e-05 -1.812e+01  5.183e-01 -1.270e+00  2.228e-01  1.965e+00 
ERR MATRIX APPROXIMATE
 PARAMETER  CORRELATION COEFFICIENTS  
       NO.  GLOBAL      1      3      4     20     21     22     23     24
        1  0.51313   1.000 -0.011 -0.184 -0.030  0.007 -0.003 -0.006  0.000
        3  0.22296  -0.011  1.000 -0.003  0.024 -0.023  0.020 -0.008 -0.019
        4  0.40536  -0.184 -0.003  1.000 -0.044  0.070 -0.070  0.063  0.071
       20  0.99858  -0.030  0.024 -0.044  1.000 -0.997  0.998 -0.996 -0.998
       21  0.99960   0.007 -0.023  0.070 -0.997  1.000 -1.000  0.996  1.000
       22  0.99991  -0.003  0.020 -0.070  0.998 -1.000  1.000 -0.997 -1.000
       23  0.99732  -0.006 -0.008  0.063 -0.996  0.996 -0.997  1.000  0.997
       24  0.99992   0.000 -0.019  0.071 -0.998  1.000 -1.000  0.997  1.000
 ERR MATRIX APPROXIMATE
MINUIT - FIT ONLY 1-CBO + wiggle
 **********
 **   16 **RES 
 **********
                   PARAMETER   16  beta_vw RESTORED TO VARIABLE.
                   PARAMETER   14  alpha_vw RESTORED TO VARIABLE.
                   PARAMETER   13  beta_y RESTORED TO VARIABLE.
                   PARAMETER   11  alpha_y RESTORED TO VARIABLE.
                   PARAMETER   10  beta_2CBO RESTORED TO VARIABLE.
                   PARAMETER    9  alpha_2CBO RESTORED TO VARIABLE.
                   PARAMETER    8  beta_CBO RESTORED TO VARIABLE.
                   PARAMETER    6  alpha_CBO RESTORED TO VARIABLE.
 **********
 **   17 **FIX            8
 **********
 **********
 **   18 **FIX            9
 **********
 **********
 **   19 **FIX           11
 **********
 **********
 **   20 **FIX           12
 **********
 PARAMETER   12  IS CONSTANT.   IGNORED.
 **********
 **   21 **FIX           14
 **********
 **********
 **   22 **FIX           15
 **********
 PARAMETER   15  IS CONSTANT.   IGNORED.
 **********
 **   23 **FIX           16
 **********
 **********
 **   24 **MIGRAD
 **********
 START MIGRAD MINIMIZATION.  STRATEGY  1.  CONVERGENCE WHEN EDM .LT. 1.00e-04
 FCN=197.584 FROM MIGRAD    STATUS=INITIATE       28 CALLS        1362 TOTAL
                     EDM= unknown      STRATEGY= 1      NO ERROR MATRIX       
  EXT PARAMETER               CURRENT GUESS       STEP         FIRST   
  NO.   NAME      VALUE            ERROR          SIZE      DERIVATIVE 
   1  N0           3.55227e+06   7.98293e+02  -2.03430e+00  -2.65932e-05
   2  tau          6.44114e+01   constant   
   3  A0           3.53121e-01   2.84834e-04  -3.53170e-07   1.43659e+01
   4  phi          4.11667e+00   8.20718e-04   1.73320e-05   1.43919e+01
   5  R           -6.01273e+01   constant   
   6  alpha_CBO    0.00000e+00   1.00000e-03   1.00000e-03  -6.25489e+03
   7  w_CBO        2.32500e+00   constant   
   8  beta_CBO     0.00000e+00     fixed    
   9  alpha_2CBO   0.00000e+00     fixed    
  10  beta_2CBO    0.00000e+00   1.00000e-03   1.00000e-03  -3.46556e+03
  11  alpha_y      0.00000e+00     fixed    
  12  w_y          1.38860e+01   constant   
  13  beta_y       0.00000e+00   1.00000e-03   1.00000e-03   7.74653e+02
  14  alpha_vw     0.00000e+00     fixed    
  15  w_vw         1.43404e+01   constant   
  16  beta_vw      0.00000e+00     fixed    
  17  LM           2.37201e-04   constant   
  18  zeta_y       0.00000e+00   constant   
  19  zeta_vw      0.00000e+00   constant   
  20  T_CBO        3.92032e+01   1.29461e+01  -3.17924e-03  -1.29753e+01
  21  alpha_A0     2.05777e-01   3.69965e-01   1.76797e-02   1.27563e-02
  22  beta_A0     -5.62738e-01   9.06257e-01  -4.33416e-02   8.32211e-01
  23  alpha_phi    1.26633e-01   1.59470e-01   7.59760e-03  -4.41991e-01
  24  beta_phi     8.50383e-01   1.40164e+00   6.70351e-02  -3.72949e-02
 CALL LIMIT EXCEEDED IN MIGRAD.
 MIGRAD TERMINATED WITHOUT CONVERGENCE.
 FCN=196.126 FROM MIGRAD    STATUS=CALL LIMIT   1915 CALLS        3249 TOTAL
                     EDM=0.00147862    STRATEGY= 1  ERROR MATRIX UNCERTAINTY  23.5 per cent
  EXT PARAMETER                APPROXIMATE        STEP         FIRST   
  NO.   NAME      VALUE            ERROR          SIZE      DERIVATIVE 
   1  N0           3.55226e+06   7.60458e+02  -9.93278e-01  -1.36286e-05
   2  tau          6.44114e+01   constant   
   3  A0           3.53118e-01   2.82733e-04  -4.51286e-07   2.92552e+01
   4  phi          4.11685e+00   8.37473e-04   1.14959e-06   7.60111e+00
   5  R           -6.01273e+01   constant   
   6  alpha_CBO    2.77193e-04   3.07111e-04   1.09153e-06  -3.46030e+01
   7  w_CBO        2.32500e+00   constant   
   8  beta_CBO     0.00000e+00     fixed    
   9  alpha_2CBO   0.00000e+00     fixed    
  10  beta_2CBO    1.17411e-04   2.87978e-04   5.36659e-07  -5.23050e+01
  11  alpha_y      0.00000e+00     fixed    
  12  w_y          1.38860e+01   constant   
  13  beta_y      -3.95663e-05   3.02132e-04  -2.13668e-06   5.56571e+01
  14  alpha_vw     0.00000e+00     fixed    
  15  w_vw         1.43404e+01   constant   
  16  beta_vw      0.00000e+00     fixed    
  17  LM           2.37201e-04   constant   
  18  zeta_y       0.00000e+00   constant   
  19  zeta_vw      0.00000e+00   constant   
  20  T_CBO        1.89643e+01   3.07053e+00  -5.28593e-04  -2.67952e+01
  21  alpha_A0     6.08539e+01   1.04996e+02   2.39758e+00  -1.09927e-04
  22  beta_A0     -1.95269e+02   3.17420e+02  -7.25347e+00   1.12752e-03
  23  alpha_phi    4.24641e+01   6.87931e+01   1.57229e+00   1.96036e-03
  24  beta_phi     2.69829e+02   4.39869e+02   1.00512e+01  -8.86817e-04
 EXTERNAL ERROR MATRIX.    NDIM=  25    NPAR= 11    ERR DEF=1
  5.783e+05 
  3.536e-03  7.994e-08 
 -1.087e-01 -5.607e-09  7.014e-07 
  1.113e-03 -8.633e-09  4.850e-08  9.432e-08 
 -6.495e-03 -2.231e-10 -6.701e-09 -3.657e-09  8.293e-08 
  3.591e-03  8.077e-10 -3.713e-09 -4.848e-09 -3.271e-09  9.128e-08 
 -2.973e+01  1.253e-06 -2.365e-05 -1.074e-05 -2.118e-05  3.455e-05  9.430e+00 
 -8.574e+02  5.788e-05  2.135e-03  5.016e-04  3.058e-04 -1.584e-03 -3.213e+02  1.102e+04 
  2.712e+03 -2.062e-04 -6.511e-03 -1.537e-03 -8.996e-04  4.765e-03  9.715e+02 -3.333e+04  1.008e+05 
 -6.013e+02  5.591e-05  1.385e-03  3.287e-04  1.888e-04 -1.032e-03 -2.106e+02  7.223e+03 -2.184e+04  4.732e+03 
 -3.819e+03  2.972e-04  9.023e-03  2.127e-03  1.256e-03 -6.605e-03 -1.346e+03  4.618e+04 -1.396e+05  3.026e+04  1.935e+05 
ERR MATRIX APPROXIMATE
 PARAMETER  CORRELATION COEFFICIENTS  
       NO.  GLOBAL      1      3      4      6     10     13     20     21     22     23     24
        1  0.44516   1.000  0.016 -0.171  0.005 -0.030  0.016 -0.013 -0.011  0.011 -0.011 -0.011
        3  0.22291   0.016  1.000 -0.024 -0.099 -0.003  0.009  0.001  0.002 -0.002  0.003  0.002
        4  0.31733  -0.171 -0.024  1.000  0.189 -0.028 -0.015 -0.009  0.024 -0.024  0.024  0.024
        6  0.23753   0.005 -0.099  0.189  1.000 -0.041 -0.052 -0.011  0.016 -0.016  0.016  0.016
       10  0.25915  -0.030 -0.003 -0.028 -0.041  1.000 -0.038 -0.024  0.010 -0.010  0.010  0.010
       13  0.18404   0.016  0.009 -0.015 -0.052 -0.038  1.000  0.037 -0.050  0.050 -0.050 -0.050
       20  0.99766  -0.013  0.001 -0.009 -0.011 -0.024  0.037  1.000 -0.997  0.997 -0.997 -0.997
       21  0.99999  -0.011  0.002  0.024  0.016  0.010 -0.050 -0.997  1.000 -1.000  1.000  1.000
       22  1.00000   0.011 -0.002 -0.024 -0.016 -0.010  0.050  0.997 -1.000  1.000 -1.000 -1.000
       23  0.99999  -0.011  0.003  0.024  0.016  0.010 -0.050 -0.997  1.000 -1.000  1.000  1.000
       24  1.00000  -0.011  0.002  0.024  0.016  0.010 -0.050 -0.997  1.000 -1.000  1.000  1.000
 ERR MATRIX APPROXIMATE
MINUIT - FIT ONLY 2-CBO
 **********
 **   25 **RES 
 **********
                   PARAMETER   16  beta_vw RESTORED TO VARIABLE.
                   PARAMETER   14  alpha_vw RESTORED TO VARIABLE.
                   PARAMETER   11  alpha_y RESTORED TO VARIABLE.
                   PARAMETER    9  alpha_2CBO RESTORED TO VARIABLE.
                   PARAMETER    8  beta_CBO RESTORED TO VARIABLE.
 **********
 **   26 **FIX            0
 **********
 PARAMETER    0  IS UNDEFINED. IGNORED.
 **********
 **   27 **FIX            1
 **********
 **********
 **   28 **FIX            2
 **********
 PARAMETER    2  IS CONSTANT.   IGNORED.
 **********
 **   29 **FIX            3
 **********
 **********
 **   30 **FIX            4
 **********
 **********
 **   31 **FIX            5
 **********
 PARAMETER    5  IS CONSTANT.   IGNORED.
 **********
 **   32 **FIX            6
 **********
 **********
 **   33 **FIX            7
 **********
 PARAMETER    7  IS CONSTANT.   IGNORED.
 **********
 **   34 **FIX           10
 **********
 **********
 **   35 **FIX           11
 **********
 **********
 **   36 **FIX           12
 **********
 PARAMETER   12  IS CONSTANT.   IGNORED.
 **********
 **   37 **FIX           13
 **********
 **********
 **   38 **FIX           14
 **********
 **********
 **   39 **FIX           15
 **********
 PARAMETER   15  IS CONSTANT.   IGNORED.
 **********
 **   40 **FIX           16
 **********
 **********
 **   41 **MIGRAD
 **********
 START MIGRAD MINIMIZATION.  STRATEGY  1.  CONVERGENCE WHEN EDM .LT. 1.00e-04
 FCN=196.126 FROM MIGRAD    STATUS=INITIATE       18 CALLS        3267 TOTAL
                     EDM= unknown      STRATEGY= 1      NO ERROR MATRIX       
  EXT PARAMETER               CURRENT GUESS       STEP         FIRST   
  NO.   NAME      VALUE            ERROR          SIZE      DERIVATIVE 
   1  N0           3.55226e+06     fixed    
   2  tau          6.44114e+01   constant   
   3  A0           3.53118e-01     fixed    
   4  phi          4.11685e+00     fixed    
   5  R           -6.01273e+01   constant   
   6  alpha_CBO    2.77193e-04     fixed    
   7  w_CBO        2.32500e+00   constant   
   8  beta_CBO     0.00000e+00   1.00000e-03   1.00000e-03   7.68739e+04
   9  alpha_2CBO   0.00000e+00   1.00000e-03   1.00000e-03   4.74474e+03
  10  beta_2CBO    1.17411e-04     fixed    
  11  alpha_y      0.00000e+00     fixed    
  12  w_y          1.38860e+01   constant   
  13  beta_y      -3.95663e-05     fixed    
  14  alpha_vw     0.00000e+00     fixed    
  15  w_vw         1.43404e+01   constant   
  16  beta_vw      0.00000e+00     fixed    
  17  LM           2.37201e-04   constant   
  18  zeta_y       0.00000e+00   constant   
  19  zeta_vw      0.00000e+00   constant   
  20  T_CBO        1.89643e+01   3.07053e+00  -5.28593e-04  -2.67952e+01
  21  alpha_A0     6.08539e+01   1.04996e+02   2.39758e+00  -1.09927e-04
  22  beta_A0     -1.95269e+02   3.17420e+02  -7.25347e+00   1.12752e-03
  23  alpha_phi    4.24641e+01   6.87931e+01   1.57229e+00   1.96036e-03
  24  beta_phi     2.69829e+02   4.39869e+02   1.00512e+01  -8.86817e-04
 CALL LIMIT EXCEEDED IN MIGRAD.
 MIGRAD TERMINATED WITHOUT CONVERGENCE.
 FCN=63.176 FROM MIGRAD    STATUS=CALL LIMIT   1149 CALLS        4398 TOTAL
                     EDM=0.00253113    STRATEGY= 1  ERROR MATRIX UNCERTAINTY  18.8 per cent
  EXT PARAMETER                APPROXIMATE        STEP         FIRST   
  NO.   NAME      VALUE            ERROR          SIZE      DERIVATIVE 
   1  N0           3.55226e+06     fixed    
   2  tau          6.44114e+01   constant   
   3  A0           3.53118e-01     fixed    
   4  phi          4.11685e+00     fixed    
   5  R           -6.01273e+01   constant   
   6  alpha_CBO    2.77193e-04     fixed    
   7  w_CBO        2.32500e+00   constant   
   8  beta_CBO    -3.43962e-03   2.91713e-04   1.30899e-06   2.35316e+01
   9  alpha_2CBO  -3.31562e-04   3.02496e-04   2.04870e-06   4.65556e+01
  10  beta_2CBO    1.17411e-04     fixed    
  11  alpha_y      0.00000e+00     fixed    
  12  w_y          1.38860e+01   constant   
  13  beta_y      -3.95663e-05     fixed    
  14  alpha_vw     0.00000e+00     fixed    
  15  w_vw         1.43404e+01   constant   
  16  beta_vw      0.00000e+00     fixed    
  17  LM           2.37201e-04   constant   
  18  zeta_y       0.00000e+00   constant   
  19  zeta_vw      0.00000e+00   constant   
  20  T_CBO        2.77474e+01   8.52359e+00   5.37194e-04  -4.51104e+00
  21  alpha_A0     1.41186e+00   5.30308e+00  -9.01282e-03  -4.10365e-03
  22  beta_A0     -8.27823e-03   3.98815e+00   7.51308e-04   9.71890e-03
  23  alpha_phi    2.42750e+00   8.30784e+00  -1.12250e-01  -1.86081e-02
  24  beta_phi     6.40607e+00   1.59260e+01  -7.36554e-02  -3.13983e-03
 EXTERNAL ERROR MATRIX.    NDIM=  25    NPAR=  7    ERR DEF=1
  8.510e-08  6.032e-09  2.199e-04 -9.523e-05 -2.498e-04 -2.302e-04 -3.808e-04 
  6.032e-09  9.150e-08  4.381e-04 -2.107e-05 -7.507e-05 -3.384e-04 -6.806e-04 
  2.199e-04  4.381e-04  7.272e+01 -3.490e+01 -4.818e-01 -6.818e+01 -1.340e+02 
 -9.523e-05 -2.107e-05 -3.490e+01  2.812e+01  1.848e+00  3.258e+01  6.426e+01 
 -2.498e-04 -7.507e-05 -4.818e-01  1.848e+00  1.591e+01  6.054e+00  3.313e+00 
 -2.302e-04 -3.384e-04 -6.818e+01  3.258e+01  6.054e+00  6.902e+01  1.262e+02 
 -3.808e-04 -6.806e-04 -1.340e+02  6.426e+01  3.313e+00  1.262e+02  2.536e+02 
ERR MATRIX APPROXIMATE
 PARAMETER  CORRELATION COEFFICIENTS  
       NO.  GLOBAL      8      9     20     21     22     23     24
        8  0.28385   1.000  0.068  0.088 -0.062 -0.215 -0.095 -0.082
        9  0.39385   0.068  1.000  0.170 -0.013 -0.062 -0.135 -0.141
       20  0.99371   0.088  0.170  1.000 -0.772 -0.014 -0.962 -0.987
       21  0.79502  -0.062 -0.013 -0.772  1.000  0.087  0.740  0.761
       22  0.71213  -0.215 -0.062 -0.014  0.087  1.000  0.183  0.052
       23  0.97926  -0.095 -0.135 -0.962  0.740  0.183  1.000  0.954
       24  0.98832  -0.082 -0.141 -0.987  0.761  0.052  0.954  1.000
 ERR MATRIX APPROXIMATE
MINUIT - FIT wiggle + 1-CBO + 2-CBO
 **********
 **   42 **RES 
 **********
                   PARAMETER   16  beta_vw RESTORED TO VARIABLE.
                   PARAMETER   14  alpha_vw RESTORED TO VARIABLE.
                   PARAMETER   13  beta_y RESTORED TO VARIABLE.
                   PARAMETER   11  alpha_y RESTORED TO VARIABLE.
                   PARAMETER   10  beta_2CBO RESTORED TO VARIABLE.
                   PARAMETER    6  alpha_CBO RESTORED TO VARIABLE.
                   PARAMETER    4  phi RESTORED TO VARIABLE.
                   PARAMETER    3  A0 RESTORED TO VARIABLE.
                   PARAMETER    1  N0 RESTORED TO VARIABLE.
 **********
 **   43 **FIX           10
 **********
 **********
 **   44 **FIX           11
 **********
 **********
 **   45 **FIX           12
 **********
 PARAMETER   12  IS CONSTANT.   IGNORED.
 **********
 **   46 **FIX           13
 **********
 **********
 **   47 **FIX           14
 **********
 **********
 **   48 **FIX           15
 **********
 PARAMETER   15  IS CONSTANT.   IGNORED.
 **********
 **   49 **FIX           16
 **********
 **********
 **   50 **MIGRAD
 **********
 START MIGRAD MINIMIZATION.  STRATEGY  1.  CONVERGENCE WHEN EDM .LT. 1.00e-04
 FCN=63.176 FROM MIGRAD    STATUS=INITIATE       22 CALLS        4420 TOTAL
                     EDM= unknown      STRATEGY= 1      NO ERROR MATRIX       
  EXT PARAMETER               CURRENT GUESS       STEP         FIRST   
  NO.   NAME      VALUE            ERROR          SIZE      DERIVATIVE 
   1  N0           3.55226e+06   7.60458e+02   7.60458e+02  -2.51837e-03
   2  tau          6.44114e+01   constant   
   3  A0           3.53118e-01   2.82733e-04   2.82733e-04  -1.96977e+04
   4  phi          4.11685e+00   8.37473e-04   8.37473e-04  -2.44355e+02
   5  R           -6.01273e+01   constant   
   6  alpha_CBO    2.77193e-04   3.07111e-04   3.07111e-04  -2.87678e+03
   7  w_CBO        2.32500e+00   constant   
   8  beta_CBO    -3.43962e-03   2.91713e-04   1.30899e-06   2.35316e+01
   9  alpha_2CBO  -3.31562e-04   3.02496e-04   2.04870e-06   4.65556e+01
  10  beta_2CBO    1.17411e-04     fixed    
  11  alpha_y      0.00000e+00     fixed    
  12  w_y          1.38860e+01   constant   
  13  beta_y      -3.95663e-05     fixed    
  14  alpha_vw     0.00000e+00     fixed    
  15  w_vw         1.43404e+01   constant   
  16  beta_vw      0.00000e+00     fixed    
  17  LM           2.37201e-04   constant   
  18  zeta_y       0.00000e+00   constant   
  19  zeta_vw      0.00000e+00   constant   
  20  T_CBO        2.77474e+01   8.52359e+00   5.37194e-04  -4.51105e+00
  21  alpha_A0     1.41186e+00   5.30308e+00  -9.01282e-03  -4.10365e-03
  22  beta_A0     -8.27823e-03   3.98815e+00   7.51308e-04   9.71890e-03
  23  alpha_phi    2.42750e+00   8.30784e+00  -1.12250e-01  -1.86081e-02
  24  beta_phi     6.40607e+00   1.59260e+01  -7.36554e-02  -3.13983e-03
 MIGRAD MINIMIZATION HAS CONVERGED.
 MIGRAD WILL VERIFY CONVERGENCE AND ERROR MATRIX.
 FCN=53.3063 FROM HESSE     STATUS=NOT POSDEF    100 CALLS        4662 TOTAL
                     EDM=0.000119211    STRATEGY= 1      ERR MATRIX NOT POS-DEF
  EXT PARAMETER                APPROXIMATE        STEP         FIRST   
  NO.   NAME      VALUE            ERROR          SIZE      DERIVATIVE 
   1  N0           3.55299e+06   7.90516e+02   2.64555e+00  -4.30618e-07
   2  tau          6.44114e+01   constant   
   3  A0           3.54013e-01   3.02569e-04   1.02096e-06   6.90542e-01
   4  phi          4.11679e+00   8.39467e-04   2.88821e-06  -1.68623e+00
   5  R           -6.01273e+01   constant   
   6  alpha_CBO    3.66519e-04   3.06279e-04   1.07084e-06  -1.77443e+00
   7  w_CBO        2.32500e+00   constant   
   8  beta_CBO    -3.69766e-03   3.08620e-04   1.05216e-06  -1.53011e-01
   9  alpha_2CBO  -3.72007e-04   3.01684e-04   1.06062e-06  -1.14532e+00
  10  beta_2CBO    1.17411e-04     fixed    
  11  alpha_y      0.00000e+00     fixed    
  12  w_y          1.38860e+01   constant   
  13  beta_y      -3.95663e-05     fixed    
  14  alpha_vw     0.00000e+00     fixed    
  15  w_vw         1.43404e+01   constant   
  16  beta_vw      0.00000e+00     fixed    
  17  LM           2.37201e-04   constant   
  18  zeta_y       0.00000e+00   constant   
  19  zeta_vw      0.00000e+00   constant   
  20  T_CBO        2.78604e+01   1.73510e+01   2.50775e-05  -1.32346e-01
  21  alpha_A0     7.18485e-01   4.23525e+00   8.43770e-03   3.82118e-04
  22  beta_A0      8.18696e-01   4.55242e+00   8.59398e-03  -3.16341e-04
  23  alpha_phi    3.73993e+00   1.79153e+01   8.68381e-03   2.80211e-04
  24  beta_phi     6.29062e+00   2.98741e+01   8.13404e-03   8.58646e-05
 MIGRAD MINIMIZATION HAS CONVERGED.
 MIGRAD WILL VERIFY CONVERGENCE AND ERROR MATRIX.
 FCN=53.3026 FROM MIGRAD    STATUS=CONVERGED    1617 CALLS        6015 TOTAL
                     EDM=1.06756e-05    STRATEGY= 1      ERR MATRIX NOT POS-DEF
  EXT PARAMETER                APPROXIMATE        STEP         FIRST   
  NO.   NAME      VALUE            ERROR          SIZE      DERIVATIVE 
   1  N0           3.55299e+06   7.90635e+02   2.64546e+00  -1.89870e-07
   2  tau          6.44114e+01   constant   
   3  A0           3.54011e-01   3.02480e-04   1.02092e-06   1.12084e-01
   4  phi          4.11681e+00   8.38595e-04   2.88819e-06   6.53836e-01
   5  R           -6.01273e+01   constant   
   6  alpha_CBO    3.67934e-04   3.06252e-04   1.07080e-06  -2.03180e-01
   7  w_CBO        2.32500e+00   constant   
   8  beta_CBO    -3.69787e-03   3.08579e-04   1.05212e-06  -2.69859e-01
   9  alpha_2CBO  -3.71830e-04   3.01706e-04   1.06058e-06   1.97825e+00
  10  beta_2CBO    1.17411e-04     fixed    
  11  alpha_y      0.00000e+00     fixed    
  12  w_y          1.38860e+01   constant   
  13  beta_y      -3.95663e-05     fixed    
  14  alpha_vw     0.00000e+00     fixed    
  15  w_vw         1.43404e+01   constant   
  16  beta_vw      0.00000e+00     fixed    
  17  LM           2.37201e-04   constant   
  18  zeta_y       0.00000e+00   constant   
  19  zeta_vw      0.00000e+00   constant   
  20  T_CBO        3.40746e+01   2.59243e+01   3.40670e-05  -1.60547e-01
  21  alpha_A0     1.78306e-01   1.04917e+00   2.09498e-03  -4.02671e-03
  22  beta_A0      2.09339e-01   1.15521e+00   2.12833e-03  -1.25073e-03
  23  alpha_phi    9.32328e-01   4.47189e+00   2.15662e-03   1.66116e-03
  24  beta_phi     1.56935e+00   7.45916e+00   2.02143e-03  -3.01766e-03
 EXTERNAL ERROR MATRIX.    NDIM=  25    NPAR= 11    ERR DEF=1
  6.251e+05 
 -4.150e-03  9.149e-08 
 -1.107e-01 -7.359e-09  7.032e-07 
  4.024e-05 -5.359e-09  4.859e-08  9.379e-08 
 -1.822e-02 -2.313e-08 -9.398e-10 -2.290e-09  9.522e-08 
  2.254e-03 -4.590e-09  1.392e-08  2.221e-09  4.031e-09  9.103e-08 
 -3.056e+02 -1.333e-04  1.666e-03  1.018e-04 -8.623e-07  4.933e-05  6.767e+02 
  1.033e+02 -1.873e-05 -8.000e-05 -2.688e-05  3.917e-06  2.430e-05 -2.216e+01  1.101e+00 
 -1.012e+01  2.998e-05 -8.172e-05 -7.898e-06 -3.936e-05 -2.825e-06 -2.551e+01  8.072e-01  1.335e+00 
  1.626e+01  6.172e-05 -3.361e-04 -1.892e-05 -1.596e-05 -2.134e-05 -1.152e+02  3.730e+00  4.375e+00  2.000e+01 
 -2.353e+01  5.363e-05 -4.305e-04 -3.430e-05  6.818e-06  1.222e-05 -1.934e+02  6.335e+00  7.309e+00  3.294e+01  5.564e+01 
ERR MATRIX NOT POS-DEF
 PARAMETER  CORRELATION COEFFICIENTS  
       NO.  GLOBAL      1      3      4      6      8      9     20     21     22     23     24
        1  0.35451   1.000 -0.017 -0.167  0.000 -0.075  0.009 -0.015  0.125 -0.011  0.005 -0.004
        3  0.35313  -0.017  1.000 -0.029 -0.058 -0.248 -0.050 -0.017 -0.059  0.086  0.046  0.024
        4  0.29764  -0.167 -0.029  1.000  0.189 -0.004  0.055  0.076 -0.091 -0.084 -0.090 -0.069
        6  0.24626   0.000 -0.058  0.189  1.000 -0.024  0.024  0.013 -0.084 -0.022 -0.014 -0.015
        8  0.32674  -0.075 -0.248 -0.004 -0.024  1.000  0.043 -0.000  0.012 -0.110 -0.012  0.003
        9  0.22475   0.009 -0.050  0.055  0.024  0.043  1.000  0.006  0.077 -0.008 -0.016  0.005
       20  0.99784  -0.015 -0.017  0.076  0.013 -0.000  0.006  1.000 -0.812 -0.849 -0.990 -0.997
       21  0.83207   0.125 -0.059 -0.091 -0.084  0.012  0.077 -0.812  1.000  0.666  0.795  0.809
       22  0.85912  -0.011  0.086 -0.084 -0.022 -0.110 -0.008 -0.849  0.666  1.000  0.847  0.848
       23  0.99099   0.005  0.046 -0.090 -0.014 -0.012 -0.016 -0.990  0.795  0.847  1.000  0.987
       24  0.99716  -0.004  0.024 -0.069 -0.015  0.003  0.005 -0.997  0.809  0.848  0.987  1.000
 ERR MATRIX NOT POS-DEF
MINUIT - FIT ONLY 1-y
 **********
 **   51 **RES 
 **********
                   PARAMETER   16  beta_vw RESTORED TO VARIABLE.
                   PARAMETER   14  alpha_vw RESTORED TO VARIABLE.
                   PARAMETER   13  beta_y RESTORED TO VARIABLE.
                   PARAMETER   11  alpha_y RESTORED TO VARIABLE.
                   PARAMETER   10  beta_2CBO RESTORED TO VARIABLE.
 **********
 **   52 **FIX            0
 **********
 PARAMETER    0  IS UNDEFINED. IGNORED.
 **********
 **   53 **FIX            1
 **********
 **********
 **   54 **FIX            2
 **********
 PARAMETER    2  IS CONSTANT.   IGNORED.
 **********
 **   55 **FIX            3
 **********
 **********
 **   56 **FIX            4
 **********
 **********
 **   57 **FIX            5
 **********
 PARAMETER    5  IS CONSTANT.   IGNORED.
 **********
 **   58 **FIX            6
 **********
 **********
 **   59 **FIX            7
 **********
 PARAMETER    7  IS CONSTANT.   IGNORED.
 **********
 **   60 **FIX            8
 **********
 **********
 **   61 **FIX            9
 **********
 **********
 **   62 **FIX           13
 **********
 **********
 **   63 **FIX           14
 **********
 **********
 **   64 **FIX           15
 **********
 PARAMETER   15  IS CONSTANT.   IGNORED.
 **********
 **   65 **FIX           16
 **********
 **********
 **   66 **MIGRAD
 **********
 START MIGRAD MINIMIZATION.  STRATEGY  1.  CONVERGENCE WHEN EDM .LT. 1.00e-04
 FCN=53.3026 FROM MIGRAD    STATUS=INITIATE       16 CALLS        6031 TOTAL
                     EDM= unknown      STRATEGY= 1      NO ERROR MATRIX       
  EXT PARAMETER               CURRENT GUESS       STEP         FIRST   
  NO.   NAME      VALUE            ERROR          SIZE      DERIVATIVE 
   1  N0           3.55299e+06     fixed    
   2  tau          6.44114e+01   constant   
   3  A0           3.54011e-01     fixed    
   4  phi          4.11681e+00     fixed    
   5  R           -6.01273e+01   constant   
   6  alpha_CBO    3.67934e-04     fixed    
   7  w_CBO        2.32500e+00   constant   
   8  beta_CBO    -3.69787e-03     fixed    
   9  alpha_2CBO  -3.71830e-04     fixed    
  10  beta_2CBO    1.17411e-04   2.87978e-04   2.87978e-04   2.06362e+03
  11  alpha_y      0.00000e+00   1.00000e-03   1.00000e-03   1.03645e+04
  12  w_y          1.38860e+01   constant   
  13  beta_y      -3.95663e-05     fixed    
  14  alpha_vw     0.00000e+00     fixed    
  15  w_vw         1.43404e+01   constant   
  16  beta_vw      0.00000e+00     fixed    
  17  LM           2.37201e-04   constant   
  18  zeta_y       0.00000e+00   constant   
  19  zeta_vw      0.00000e+00   constant   
  20  T_CBO        3.40746e+01   2.59243e+01   3.40670e-05  -1.60238e-01
  21  alpha_A0     1.78306e-01   1.04917e+00   2.09498e-03  -4.02679e-03
  22  beta_A0      2.09339e-01   1.15521e+00   2.12833e-03  -1.25074e-03
  23  alpha_phi    9.32328e-01   4.47189e+00   2.15662e-03   1.66116e-03
  24  beta_phi     1.56935e+00   7.45916e+00   2.02143e-03  -3.01766e-03
 MIGRAD MINIMIZATION HAS CONVERGED.
 MIGRAD WILL VERIFY CONVERGENCE AND ERROR MATRIX.
 FCN=50.8813 FROM MIGRAD    STATUS=CONVERGED     128 CALLS        6143 TOTAL
                     EDM=9.61052e-05    STRATEGY= 1      ERR MATRIX NOT POS-DEF
  EXT PARAMETER                APPROXIMATE        STEP         FIRST   
  NO.   NAME      VALUE            ERROR          SIZE      DERIVATIVE 
   1  N0           3.55299e+06     fixed    
   2  tau          6.44114e+01   constant   
   3  A0           3.54011e-01     fixed    
   4  phi          4.11681e+00     fixed    
   5  R           -6.01273e+01   constant   
   6  alpha_CBO    3.67934e-04     fixed    
   7  w_CBO        2.32500e+00   constant   
   8  beta_CBO    -3.69787e-03     fixed    
   9  alpha_2CBO  -3.71830e-04     fixed    
  10  beta_2CBO    2.59790e-05   3.02326e-04   1.03814e-06   5.67618e-01
  11  alpha_y     -4.49014e-04   2.93829e-04   1.03572e-06   2.87625e-01
  12  w_y          1.38860e+01   constant   
  13  beta_y      -3.95663e-05     fixed    
  14  alpha_vw     0.00000e+00     fixed    
  15  w_vw         1.43404e+01   constant   
  16  beta_vw      0.00000e+00     fixed    
  17  LM           2.37201e-04   constant   
  18  zeta_y       0.00000e+00   constant   
  19  zeta_vw      0.00000e+00   constant   
  20  T_CBO        3.40962e+01   2.65349e+01   3.30141e-05   5.08243e-02
  21  alpha_A0     1.76714e-01   1.04419e+00   2.04466e-03  -7.92343e-04
  22  beta_A0      1.96330e-01   1.11013e+00   2.07720e-03   9.47017e-04
  23  alpha_phi    9.71397e-01   4.75015e+00   2.10485e-03  -1.72951e-05
  24  beta_phi     1.55938e+00   7.58226e+00   1.97288e-03  -8.58559e-04
 EXTERNAL ERROR MATRIX.    NDIM=  25    NPAR=  7    ERR DEF=1
  9.140e-08 -6.343e-10  7.265e-05 -9.407e-06  2.026e-05 -4.469e-05 -2.932e-05 
 -6.343e-10  8.634e-08  2.477e-05  8.629e-07 -3.010e-06 -6.263e-06 -4.494e-06 
  7.265e-05  2.477e-05  7.092e+02 -2.307e+01 -2.495e+01 -1.255e+02 -2.014e+02 
 -9.407e-06  8.629e-07 -2.307e+01  1.090e+00  7.898e-01  4.058e+00  6.562e+00 
  2.026e-05 -3.010e-06 -2.495e+01  7.898e-01  1.232e+00  4.421e+00  7.094e+00 
 -4.469e-05 -6.263e-06 -1.255e+02  4.058e+00  4.421e+00  2.256e+01  3.563e+01 
 -2.932e-05 -4.494e-06 -2.014e+02  6.562e+00  7.094e+00  3.563e+01  5.749e+01 
ERR MATRIX NOT POS-DEF
 PARAMETER  CORRELATION COEFFICIENTS  
       NO.  GLOBAL     10     11     20     21     22     23     24
       10  0.22714   1.000 -0.007  0.009 -0.030  0.060 -0.031 -0.013
       11  0.02493  -0.007  1.000  0.003  0.003 -0.009 -0.004 -0.002
       20  0.99797   0.009  0.003  1.000 -0.830 -0.844 -0.992 -0.997
       21  0.83175  -0.030  0.003 -0.830  1.000  0.681  0.818  0.829
       22  0.84769   0.060 -0.009 -0.844  0.681  1.000  0.838  0.843
       23  0.99208  -0.031 -0.004 -0.992  0.818  0.838  1.000  0.989
       24  0.99728  -0.013 -0.002 -0.997  0.829  0.843  0.989  1.000
 ERR MATRIX NOT POS-DEF
MINUIT - FIT ONLY 2-y
 **********
 **   67 **RES 
 **********
                   PARAMETER   16  beta_vw RESTORED TO VARIABLE.
                   PARAMETER   14  alpha_vw RESTORED TO VARIABLE.
                   PARAMETER   13  beta_y RESTORED TO VARIABLE.
                   PARAMETER    9  alpha_2CBO RESTORED TO VARIABLE.
                   PARAMETER    8  beta_CBO RESTORED TO VARIABLE.
                   PARAMETER    6  alpha_CBO RESTORED TO VARIABLE.
                   PARAMETER    4  phi RESTORED TO VARIABLE.
                   PARAMETER    3  A0 RESTORED TO VARIABLE.
                   PARAMETER    1  N0 RESTORED TO VARIABLE.
 **********
 **   68 **FIX            0
 **********
 PARAMETER    0  IS UNDEFINED. IGNORED.
 **********
 **   69 **FIX            1
 **********
 **********
 **   70 **FIX            2
 **********
 PARAMETER    2  IS CONSTANT.   IGNORED.
 **********
 **   71 **FIX            3
 **********
 **********
 **   72 **FIX            4
 **********
 **********
 **   73 **FIX            5
 **********
 PARAMETER    5  IS CONSTANT.   IGNORED.
 **********
 **   74 **FIX            6
 **********
 **********
 **   75 **FIX            7
 **********
 PARAMETER    7  IS CONSTANT.   IGNORED.
 **********
 **   76 **FIX            8
 **********
 **********
 **   77 **FIX            9
 **********
 **********
 **   78 **FIX           10
 **********
 **********
 **   79 **FIX           11
 **********
 **********
 **   80 **FIX           12
 **********
 PARAMETER   12  IS CONSTANT.   IGNORED.
 **********
 **   81 **FIX           16
 **********
 **********
 **   82 **MIGRAD
 **********
 START MIGRAD MINIMIZATION.  STRATEGY  1.  CONVERGENCE WHEN EDM .LT. 1.00e-04
 FCN=50.8813 FROM MIGRAD    STATUS=INITIATE       16 CALLS        6159 TOTAL
                     EDM= unknown      STRATEGY= 1      NO ERROR MATRIX       
  EXT PARAMETER               CURRENT GUESS       STEP         FIRST   
  NO.   NAME      VALUE            ERROR          SIZE      DERIVATIVE 
   1  N0           3.55299e+06     fixed    
   2  tau          6.44114e+01   constant   
   3  A0           3.54011e-01     fixed    
   4  phi          4.11681e+00     fixed    
   5  R           -6.01273e+01   constant   
   6  alpha_CBO    3.67934e-04     fixed    
   7  w_CBO        2.32500e+00   constant   
   8  beta_CBO    -3.69787e-03     fixed    
   9  alpha_2CBO  -3.71830e-04     fixed    
  10  beta_2CBO    2.59790e-05     fixed    
  11  alpha_y     -4.49014e-04     fixed    
  12  w_y          1.38860e+01   constant   
  13  beta_y      -3.95663e-05   3.02132e-04   3.02132e-04   1.93122e+02
  14  alpha_vw     0.00000e+00   1.00000e-03   1.00000e-03  -1.69996e+03
  15  w_vw         1.43404e+01   constant   
  16  beta_vw      0.00000e+00     fixed    
  17  LM           2.37201e-04   constant   
  18  zeta_y       0.00000e+00   constant   
  19  zeta_vw      0.00000e+00   constant   
  20  T_CBO        3.40962e+01   2.65349e+01   3.30141e-05   5.11250e-02
  21  alpha_A0     1.76714e-01   1.04419e+00   2.04466e-03  -7.92360e-04
  22  beta_A0      1.96330e-01   1.11013e+00   2.07720e-03   9.46999e-04
  23  alpha_phi    9.71397e-01   4.75015e+00   2.10485e-03  -1.72943e-05
  24  beta_phi     1.55938e+00   7.58226e+00   1.97288e-03  -8.58557e-04
 MIGRAD MINIMIZATION HAS CONVERGED.
 MIGRAD WILL VERIFY CONVERGENCE AND ERROR MATRIX.
 FCN=50.8183 FROM HESSE     STATUS=NOT POSDEF     50 CALLS        6256 TOTAL
                     EDM=5.26473e-05    STRATEGY= 1      ERR MATRIX NOT POS-DEF
  EXT PARAMETER                APPROXIMATE        STEP         FIRST   
  NO.   NAME      VALUE            ERROR          SIZE      DERIVATIVE 
   1  N0           3.55299e+06     fixed    
   2  tau          6.44114e+01   constant   
   3  A0           3.54011e-01     fixed    
   4  phi          4.11681e+00     fixed    
   5  R           -6.01273e+01   constant   
   6  alpha_CBO    3.67934e-04     fixed    
   7  w_CBO        2.32500e+00   constant   
   8  beta_CBO    -3.69787e-03     fixed    
   9  alpha_2CBO  -3.71830e-04     fixed    
  10  beta_2CBO    2.59790e-05     fixed    
  11  alpha_y     -4.49014e-04     fixed    
  12  w_y          1.38860e+01   constant   
  13  beta_y      -3.78660e-05   2.97714e-04   1.03892e-06   9.53297e-02
