 + ++++++++++++++++++++++++++++++++++++++++++++++++++++++++++++++++++++ +
 +                                                                      +
 +           You have chose to blind your fitting according to          +
 +                omega_ref * (1 + (R +/- deltaR) *10^{-6})             +
 +                                                                      +
 + ++++++++++++++++++++++++++++++++++++++++++++++++++++++++++++++++++++ +
In main()...
reading format from /gm2data/zkhechad/run45/envelope/formats/formatB_sBin_constraintOn.txt
pBinTau 	= 0  
pBinPhi 	= 0  
constraintau 	= 1 
includeMopTerm 	= 0    
constrainMop    = 0   
Parameters after format file: pBinTau 0 pBinPhi 0 constraintau 1 includeMopTerm 0 constrainMop 0 c_e_scale 0.000000 
Opening file /gm2data/tbarrett/gm2fr/studies/run23_bunch_corrections/CorrectedFourier_Run3b.root.
reading full fit data from /gm2data/zkhechad/cboTemplates/Run4CBOTemplates/templateFits0_v2.0/noRF/sBin_constraintOn_cE0.0_seed0_noRF_calo21.root
windowBins = 69
fitting sliding window 648 from bin 784 at 116.823600 to bin 853 at 127.267600 (69 bins)

Reading data from /gm2data/cornell/histograms/aMethod/histogram_a_noRF.root
 **********
 **    1 **SET PRINTOUT            1
 **********
 **********
 **    2 **SET NOWARNINGS 
 **********
 PARAMETER DEFINITIONS:
    NO.   NAME         VALUE      STEP SIZE      LIMITS
     1 N0           2.83546e+06  1.00000e+02     no limits
     2 tau          6.43976e+01  constant
     3 A0           3.54104e-01  1.00000e-04     no limits
     4 phi          4.11635e+00  1.00000e-02     no limits
     5 R           -5.94693e+01  constant
     6 alpha_CBO    0.00000e+00  1.00000e-03     no limits
     7 w_CBO        2.32500e+00  constant
     8 beta_CBO     0.00000e+00  1.00000e-03     no limits
     9 alpha_2CBO   0.00000e+00  1.00000e-03     no limits
    10 beta_2CBO    0.00000e+00  1.00000e-03     no limits
    11 alpha_y      0.00000e+00  1.00000e-03     no limits
    12 w_y          1.44500e+01  constant
    13 beta_y       0.00000e+00  1.00000e-03     no limits
    14 alpha_vw     0.00000e+00  1.00000e-03     no limits
    15 w_vw         1.29000e+01  constant
    16 beta_vw      0.00000e+00  1.00000e-03     no limits
    17 LM          -2.20020e-04  constant
    18 zeta_y       0.00000e+00  constant
    19 zeta_vw      0.00000e+00  constant
    20 T_CBO        1.00000e+02  1.00000e+00    0.00000e+00  1.00000e+03
    21 alpha_A0     0.00000e+00  1.00000e-03     no limits
    22 beta_A0      0.00000e+00  1.00000e-03     no limits
    23 alpha_phi    0.00000e+00  1.00000e-03     no limits
    24 beta_phi     0.00000e+00  1.00000e-03     no limits
MINUIT - FIT ONLY WIGGLE
 **********
 **    3 **FIX            5
 **********
 PARAMETER    5  IS CONSTANT.   IGNORED.
 **********
 **    4 **FIX            6
 **********
 **********
 **    5 **FIX            7
 **********
 PARAMETER    7  IS CONSTANT.   IGNORED.
 **********
 **    6 **FIX            8
 **********
 **********
 **    7 **FIX            9
 **********
 **********
 **    8 **FIX           10
 **********
 **********
 **    9 **FIX           11
 **********
 **********
 **   10 **FIX           12
 **********
 PARAMETER   12  IS CONSTANT.   IGNORED.
 **********
 **   11 **FIX           13
 **********
 **********
 **   12 **FIX           14
 **********
 **********
 **   13 **FIX           15
 **********
 PARAMETER   15  IS CONSTANT.   IGNORED.
 **********
 **   14 **FIX           16
 **********
 **********
 **   15 **MIGRAD
 **********
 FIRST CALL TO USER FUNCTION AT NEW START POINT, WITH IFLAG=4.
 START MIGRAD MINIMIZATION.  STRATEGY  1.  CONVERGENCE WHEN EDM .LT. 1.00e-04
 FCN=1444.83 FROM MIGRAD    STATUS=INITIATE      437 CALLS         438 TOTAL
                     EDM= unknown      STRATEGY= 1      NO ERROR MATRIX       
  EXT PARAMETER               CURRENT GUESS       STEP         FIRST   
  NO.   NAME      VALUE            ERROR          SIZE      DERIVATIVE 
   1  N0           2.83546e+06   1.00000e+02   0.00000e+00  -2.92142e-02
   2  tau          6.43976e+01   constant   
   3  A0           3.54104e-01   1.00000e-04   0.00000e+00  -1.01433e+05
   4  phi          4.11635e+00   1.00000e-02   0.00000e+00  -2.98558e+04
   5  R           -5.94693e+01   constant   
   6  alpha_CBO    0.00000e+00     fixed    
   7  w_CBO        2.32500e+00   constant   
   8  beta_CBO     0.00000e+00     fixed    
   9  alpha_2CBO   0.00000e+00     fixed    
  10  beta_2CBO    0.00000e+00     fixed    
  11  alpha_y      0.00000e+00     fixed    
  12  w_y          1.44500e+01   constant   
  13  beta_y       0.00000e+00     fixed    
  14  alpha_vw     0.00000e+00     fixed    
  15  w_vw         1.29000e+01   constant   
  16  beta_vw      0.00000e+00     fixed    
  17  LM          -2.20020e-04   constant   
  18  zeta_y       0.00000e+00   constant   
  19  zeta_vw      0.00000e+00   constant   
  20  T_CBO        1.00000e+02   1.00000e+00   0.00000e+00   0.00000e+00
  21  alpha_A0     0.00000e+00   1.00000e-03   0.00000e+00   9.12791e+03
  22  beta_A0      0.00000e+00   1.00000e-03   0.00000e+00  -2.62720e+03
  23  alpha_phi    0.00000e+00   1.00000e-03   0.00000e+00  -4.84797e+01
  24  beta_phi     0.00000e+00   1.00000e-03   0.00000e+00  -3.04252e+02
 CALL LIMIT EXCEEDED IN MIGRAD.
 MIGRAD TERMINATED WITHOUT CONVERGENCE.
 FCN=1220.88 FROM MIGRAD    STATUS=CALL LIMIT   1333 CALLS        1334 TOTAL
                     EDM=0.144524    STRATEGY= 1  ERROR MATRIX UNCERTAINTY   6.0 per cent
  EXT PARAMETER                APPROXIMATE        STEP         FIRST   
  NO.   NAME      VALUE            ERROR          SIZE      DERIVATIVE 
   1  N0           2.83632e+06   3.28778e+02   4.79774e+01  -4.15461e-04
   2  tau          6.43976e+01   constant   
   3  A0           3.55489e-01   1.49668e-04   7.72608e-06   8.34683e+02
   4  phi          4.11878e+00   4.26330e-04   5.24900e-05  -6.38639e+01
   5  R           -5.94693e+01   constant   
   6  alpha_CBO    0.00000e+00     fixed    
   7  w_CBO        2.32500e+00   constant   
   8  beta_CBO     0.00000e+00     fixed    
   9  alpha_2CBO   0.00000e+00     fixed    
  10  beta_2CBO    0.00000e+00     fixed    
  11  alpha_y      0.00000e+00     fixed    
  12  w_y          1.44500e+01   constant   
  13  beta_y       0.00000e+00     fixed    
  14  alpha_vw     0.00000e+00     fixed    
  15  w_vw         1.29000e+01   constant   
  16  beta_vw      0.00000e+00     fixed    
  17  LM          -2.20020e-04   constant   
  18  zeta_y       0.00000e+00   constant   
  19  zeta_vw      0.00000e+00   constant   
  20  T_CBO        1.98804e+01   1.47642e+00  -2.98070e-03  -3.07968e+02
  21  alpha_A0    -2.49687e+00   9.28433e-01  -2.56550e-01   2.60420e+00
  22  beta_A0      8.12388e-01   3.01887e-01   8.34476e-02  -1.25555e+00
  23  alpha_phi    2.77426e-01   1.02476e-01   2.83263e-02   2.89620e-02
  24  beta_phi     6.76985e-01   2.51785e-01   6.95424e-02  -1.74419e+00
 EXTERNAL ERROR MATRIX.    NDIM=  25    NPAR=  8    ERR DEF=1
  1.081e+05  4.481e-03 -2.006e-02 -1.166e+01 -2.511e+00  8.739e-01  2.771e-01  5.614e-01 
  4.481e-03  2.240e-08  2.145e-09 -8.932e-07 -5.999e-06  1.961e-06  6.600e-07  1.689e-06 
 -2.006e-02  2.145e-09  1.818e-07  3.524e-05  1.421e-05 -4.608e-06 -1.543e-06 -3.784e-06 
 -1.166e+01 -8.932e-07  3.524e-05  2.180e+00  1.361e+00 -4.426e-01 -1.502e-01 -3.691e-01 
 -2.511e+00 -5.999e-06  1.421e-05  1.361e+00  8.620e-01 -2.803e-01 -9.513e-02 -2.338e-01 
  8.739e-01  1.961e-06 -4.608e-06 -4.426e-01 -2.803e-01  9.114e-02  3.093e-02  7.601e-02 
  2.771e-01  6.600e-07 -1.543e-06 -1.502e-01 -9.513e-02  3.093e-02  1.050e-02  2.580e-02 
  5.614e-01  1.689e-06 -3.784e-06 -3.691e-01 -2.338e-01  7.601e-02  2.580e-02  6.340e-02 
ERR MATRIX APPROXIMATE
 PARAMETER  CORRELATION COEFFICIENTS  
       NO.  GLOBAL      1      3      4     20     21     22     23     24
        1  0.31440   1.000  0.091 -0.143 -0.024 -0.008  0.009  0.008  0.007
        3  0.40586   0.091  1.000  0.034 -0.004 -0.043  0.043  0.043  0.045
        4  0.22078  -0.143  0.034  1.000  0.056  0.036 -0.036 -0.035 -0.035
       20  0.99415  -0.024 -0.004  0.056  1.000  0.993 -0.993 -0.993 -0.993
       21  0.99999  -0.008 -0.043  0.036  0.993  1.000 -1.000 -1.000 -1.000
       22  0.99998   0.009  0.043 -0.036 -0.993 -1.000  1.000  1.000  1.000
       23  0.99984   0.008  0.043 -0.035 -0.993 -1.000  1.000  1.000  1.000
       24  0.99997   0.007  0.045 -0.035 -0.993 -1.000  1.000  1.000  1.000
 ERR MATRIX APPROXIMATE
MINUIT - FIT ONLY 1-CBO + wiggle
 **********
 **   16 **RES 
 **********
                   PARAMETER   16  beta_vw RESTORED TO VARIABLE.
                   PARAMETER   14  alpha_vw RESTORED TO VARIABLE.
                   PARAMETER   13  beta_y RESTORED TO VARIABLE.
                   PARAMETER   11  alpha_y RESTORED TO VARIABLE.
                   PARAMETER   10  beta_2CBO RESTORED TO VARIABLE.
                   PARAMETER    9  alpha_2CBO RESTORED TO VARIABLE.
                   PARAMETER    8  beta_CBO RESTORED TO VARIABLE.
                   PARAMETER    6  alpha_CBO RESTORED TO VARIABLE.
 **********
 **   17 **FIX            8
 **********
 **********
 **   18 **FIX            9
 **********
 **********
 **   19 **FIX           11
 **********
 **********
 **   20 **FIX           12
 **********
 PARAMETER   12  IS CONSTANT.   IGNORED.
 **********
 **   21 **FIX           14
 **********
 **********
 **   22 **FIX           15
 **********
 PARAMETER   15  IS CONSTANT.   IGNORED.
 **********
 **   23 **FIX           16
 **********
 **********
 **   24 **MIGRAD
 **********
 START MIGRAD MINIMIZATION.  STRATEGY  1.  CONVERGENCE WHEN EDM .LT. 1.00e-04
 FCN=1220.88 FROM MIGRAD    STATUS=INITIATE       28 CALLS        1362 TOTAL
                     EDM= unknown      STRATEGY= 1      NO ERROR MATRIX       
  EXT PARAMETER               CURRENT GUESS       STEP         FIRST   
  NO.   NAME      VALUE            ERROR          SIZE      DERIVATIVE 
   1  N0           2.83632e+06   3.28778e+02   4.79774e+01  -4.15461e-04
   2  tau          6.43976e+01   constant   
   3  A0           3.55489e-01   1.49668e-04   7.72608e-06   8.34683e+02
   4  phi          4.11878e+00   4.26330e-04   5.24900e-05  -6.38639e+01
   5  R           -5.94693e+01   constant   
   6  alpha_CBO    0.00000e+00   1.00000e-03   1.00000e-03   3.84418e+05
   7  w_CBO        2.32500e+00   constant   
   8  beta_CBO     0.00000e+00     fixed    
   9  alpha_2CBO   0.00000e+00     fixed    
  10  beta_2CBO    0.00000e+00   1.00000e-03   1.00000e-03  -1.45438e+04
  11  alpha_y      0.00000e+00     fixed    
  12  w_y          1.44500e+01   constant   
  13  beta_y       0.00000e+00   1.00000e-03   1.00000e-03  -2.68358e+04
  14  alpha_vw     0.00000e+00     fixed    
  15  w_vw         1.29000e+01   constant   
  16  beta_vw      0.00000e+00     fixed    
  17  LM          -2.20020e-04   constant   
  18  zeta_y       0.00000e+00   constant   
  19  zeta_vw      0.00000e+00   constant   
  20  T_CBO        1.98804e+01   1.47642e+00  -2.98070e-03  -3.07968e+02
  21  alpha_A0    -2.49687e+00   9.28433e-01  -2.56550e-01   2.60420e+00
  22  beta_A0      8.12388e-01   3.01887e-01   8.34476e-02  -1.25555e+00
  23  alpha_phi    2.77426e-01   1.02476e-01   2.83263e-02   2.89620e-02
  24  beta_phi     6.76985e-01   2.51785e-01   6.95424e-02  -1.74419e+00
 CALL LIMIT EXCEEDED IN MIGRAD.
 MIGRAD TERMINATED WITHOUT CONVERGENCE.
 FCN=227.847 FROM MIGRAD    STATUS=CALL LIMIT   1915 CALLS        3249 TOTAL
                     EDM=0.209072    STRATEGY= 1  ERROR MATRIX UNCERTAINTY   7.0 per cent
  EXT PARAMETER                APPROXIMATE        STEP         FIRST   
  NO.   NAME      VALUE            ERROR          SIZE      DERIVATIVE 
   1  N0           2.83574e+06   3.18365e+02  -4.04699e+00   6.02901e-05
   2  tau          6.43976e+01   constant   
   3  A0           3.54676e-01   1.56100e-04   1.78910e-05   8.06765e+02
   4  phi          4.11671e+00   4.21994e-04   2.32972e-05   2.41407e+02
   5  R           -5.94693e+01   constant   
   6  alpha_CBO   -5.12914e-03   1.66384e-04  -2.08490e-05  -1.25671e+03
   7  w_CBO        2.32500e+00   constant   
   8  beta_CBO     0.00000e+00     fixed    
   9  alpha_2CBO   0.00000e+00     fixed    
  10  beta_2CBO    1.51592e-04   1.59598e-04   1.65275e-05   5.77278e+02
  11  alpha_y      0.00000e+00     fixed    
  12  w_y          1.44500e+01   constant   
  13  beta_y       3.03901e-04   1.53910e-04   2.00041e-06   1.11687e+02
  14  alpha_vw     0.00000e+00     fixed    
  15  w_vw         1.29000e+01   constant   
  16  beta_vw      0.00000e+00     fixed    
  17  LM          -2.20020e-04   constant   
  18  zeta_y       0.00000e+00   constant   
  19  zeta_vw      0.00000e+00   constant   
  20  T_CBO        8.48723e+00   4.86245e-01  -1.19313e-03   1.92439e+02
  21  alpha_A0    -4.07265e+03   3.03481e+03  -7.79685e+02   3.93064e-05
  22  beta_A0      2.12932e+03   1.59328e+03   4.09352e+02   9.75783e-04
  23  alpha_phi   -3.60602e+03   2.68393e+03  -6.89536e+02   4.04469e-04
  24  beta_phi     9.20736e+02   6.78693e+02   1.74333e+02   4.66156e-04
 EXTERNAL ERROR MATRIX.    NDIM=  25    NPAR= 11    ERR DEF=1
  1.014e+05 
  2.651e-03  2.437e-08 
 -1.860e-02  5.403e-09  1.781e-07 
  3.294e-03  3.182e-09  8.347e-09  2.768e-08 
 -2.129e-04  1.194e-09  4.218e-09 -8.172e-10  2.547e-08 
  5.743e-04  6.660e-10  2.729e-11 -1.168e-10  2.929e-10  2.369e-08 
  1.020e+01 -2.783e-05 -4.754e-05  3.831e-05 -2.647e-05 -4.417e-06  2.364e-01 
  9.229e+04 -1.648e-01 -2.669e-01  2.080e-01 -1.555e-01 -2.428e-02  1.442e+03  9.210e+06 
 -4.843e+04  8.650e-02  1.401e-01 -1.092e-01  8.166e-02  1.275e-02 -7.571e+02 -4.835e+06  2.539e+06 
  8.164e+04 -1.457e-01 -2.360e-01  1.839e-01 -1.376e-01 -2.147e-02  1.275e+03  8.145e+06 -4.276e+06  7.203e+06 
 -2.066e+04  3.687e-02  5.970e-02 -4.651e-02  3.480e-02  5.433e-03 -3.225e+02 -2.060e+06  1.081e+06 -1.822e+06  4.606e+05 
ERR MATRIX APPROXIMATE
 PARAMETER  CORRELATION COEFFICIENTS  
       NO.  GLOBAL      1      3      4      6     10     13     20     21     22     23     24
        1  0.37244   1.000  0.053 -0.138  0.062 -0.004  0.012  0.066  0.096 -0.095  0.096 -0.096
        3  0.60078   0.053  1.000  0.082  0.123  0.048  0.028 -0.367 -0.348  0.348 -0.348  0.348
        4  0.45718  -0.138  0.082  1.000  0.119  0.063  0.000 -0.232 -0.208  0.208 -0.208  0.208
        6  0.71735   0.062  0.123  0.119  1.000 -0.031 -0.005  0.473  0.412 -0.412  0.412 -0.412
       10  0.45230  -0.004  0.048  0.063 -0.031  1.000  0.012 -0.341 -0.321  0.321 -0.321  0.321
       13  0.08895   0.012  0.028  0.000 -0.005  0.012  1.000 -0.059 -0.052  0.052 -0.052  0.052
       20  0.98835   0.066 -0.367 -0.232  0.473 -0.341 -0.059  1.000  0.977 -0.977  0.977 -0.977
       21  1.00000   0.096 -0.348 -0.208  0.412 -0.321 -0.052  0.977  1.000 -1.000  1.000 -1.000
       22  1.00000  -0.095  0.348  0.208 -0.412  0.321  0.052 -0.977 -1.000  1.000 -1.000  1.000
       23  1.00000   0.096 -0.348 -0.208  0.412 -0.321 -0.052  0.977  1.000 -1.000  1.000 -1.000
       24  1.00000  -0.096  0.348  0.208 -0.412  0.321  0.052 -0.977 -1.000  1.000 -1.000  1.000
 ERR MATRIX APPROXIMATE
MINUIT - FIT ONLY 2-CBO
 **********
 **   25 **RES 
 **********
                   PARAMETER   16  beta_vw RESTORED TO VARIABLE.
                   PARAMETER   14  alpha_vw RESTORED TO VARIABLE.
                   PARAMETER   11  alpha_y RESTORED TO VARIABLE.
                   PARAMETER    9  alpha_2CBO RESTORED TO VARIABLE.
                   PARAMETER    8  beta_CBO RESTORED TO VARIABLE.
 **********
 **   26 **FIX            0
 **********
 PARAMETER    0  IS UNDEFINED. IGNORED.
 **********
 **   27 **FIX            1
 **********
 **********
 **   28 **FIX            2
 **********
 PARAMETER    2  IS CONSTANT.   IGNORED.
 **********
 **   29 **FIX            3
 **********
 **********
 **   30 **FIX            4
 **********
 **********
 **   31 **FIX            5
 **********
 PARAMETER    5  IS CONSTANT.   IGNORED.
 **********
 **   32 **FIX            6
 **********
 **********
 **   33 **FIX            7
 **********
 PARAMETER    7  IS CONSTANT.   IGNORED.
 **********
 **   34 **FIX           10
 **********
 **********
 **   35 **FIX           11
 **********
 **********
 **   36 **FIX           12
 **********
 PARAMETER   12  IS CONSTANT.   IGNORED.
 **********
 **   37 **FIX           13
 **********
 **********
 **   38 **FIX           14
 **********
 **********
 **   39 **FIX           15
 **********
 PARAMETER   15  IS CONSTANT.   IGNORED.
 **********
 **   40 **FIX           16
 **********
 **********
 **   41 **MIGRAD
 **********
 START MIGRAD MINIMIZATION.  STRATEGY  1.  CONVERGENCE WHEN EDM .LT. 1.00e-04
 FCN=227.847 FROM MIGRAD    STATUS=INITIATE       18 CALLS        3267 TOTAL
                     EDM= unknown      STRATEGY= 1      NO ERROR MATRIX       
  EXT PARAMETER               CURRENT GUESS       STEP         FIRST   
  NO.   NAME      VALUE            ERROR          SIZE      DERIVATIVE 
   1  N0           2.83574e+06     fixed    
   2  tau          6.43976e+01   constant   
   3  A0           3.54676e-01     fixed    
   4  phi          4.11671e+00     fixed    
   5  R           -5.94693e+01   constant   
   6  alpha_CBO   -5.12914e-03     fixed    
   7  w_CBO        2.32500e+00   constant   
   8  beta_CBO     0.00000e+00   1.00000e-03   1.00000e-03  -1.37938e+05
   9  alpha_2CBO   0.00000e+00   1.00000e-03   1.00000e-03  -7.32902e+01
  10  beta_2CBO    1.51592e-04     fixed    
  11  alpha_y      0.00000e+00     fixed    
  12  w_y          1.44500e+01   constant   
  13  beta_y       3.03901e-04     fixed    
  14  alpha_vw     0.00000e+00     fixed    
  15  w_vw         1.29000e+01   constant   
  16  beta_vw      0.00000e+00     fixed    
  17  LM          -2.20020e-04   constant   
  18  zeta_y       0.00000e+00   constant   
  19  zeta_vw      0.00000e+00   constant   
  20  T_CBO        8.48723e+00   4.86245e-01  -1.19313e-03   1.92438e+02
  21  alpha_A0    -4.07265e+03   3.03481e+03  -7.79685e+02   3.93064e-05
  22  beta_A0      2.12932e+03   1.59328e+03   4.09352e+02   9.75783e-04
  23  alpha_phi   -3.60602e+03   2.68393e+03  -6.89536e+02   4.04469e-04
  24  beta_phi     9.20736e+02   6.78693e+02   1.74333e+02   4.66156e-04
 CALL LIMIT EXCEEDED IN MIGRAD.
 MIGRAD TERMINATED WITHOUT CONVERGENCE.
 FCN=107.49 FROM MIGRAD    STATUS=CALL LIMIT   1145 CALLS        4394 TOTAL
                     EDM=0.000296569    STRATEGY= 1  ERROR MATRIX UNCERTAINTY  16.6 per cent
  EXT PARAMETER                APPROXIMATE        STEP         FIRST   
  NO.   NAME      VALUE            ERROR          SIZE      DERIVATIVE 
   1  N0           2.83574e+06     fixed    
   2  tau          6.43976e+01   constant   
   3  A0           3.54676e-01     fixed    
   4  phi          4.11671e+00     fixed    
   5  R           -5.94693e+01   constant   
   6  alpha_CBO   -5.12914e-03     fixed    
   7  w_CBO        2.32500e+00   constant   
   8  beta_CBO     1.72219e-03   1.51090e-04   3.83332e-07  -7.14228e+01
   9  alpha_2CBO   5.59641e-05   1.64345e-04  -9.62967e-07  -1.27503e+01
  10  beta_2CBO    1.51592e-04     fixed    
  11  alpha_y      0.00000e+00     fixed    
  12  w_y          1.44500e+01   constant   
  13  beta_y       3.03901e-04     fixed    
  14  alpha_vw     0.00000e+00     fixed    
  15  w_vw         1.29000e+01   constant   
  16  beta_vw      0.00000e+00     fixed    
  17  LM          -2.20020e-04   constant   
  18  zeta_y       0.00000e+00   constant   
  19  zeta_vw      0.00000e+00   constant   
  20  T_CBO        6.29624e+00   9.21585e-01  -2.07069e-04  -3.76859e+01
  21  alpha_A0    -5.04450e+05   1.34283e+06  -2.33623e+04  -2.12769e-06
  22  beta_A0     -1.59478e+04   9.04087e+04  -1.56024e+03  -1.60955e-06
  23  alpha_phi   -4.71321e+05   1.28150e+06  -2.22759e+04   2.15075e-06
  24  beta_phi     2.09994e+05   4.89948e+05   8.54260e+03  -1.43840e-06
 EXTERNAL ERROR MATRIX.    NDIM=  25    NPAR=  7    ERR DEF=1
  2.283e-08 -3.114e-10  5.088e-06  7.798e+00  5.118e-01  7.455e+00 -2.819e+00 
 -3.114e-10  2.701e-08  2.105e-05  3.307e+01  2.248e+00  3.161e+01 -1.200e+01 
  5.088e-06  2.105e-05  8.494e-01  1.236e+06  8.318e+04  1.180e+06 -4.512e+05 
  7.798e+00  3.307e+01  1.236e+06  1.803e+12  1.214e+11  1.721e+12 -6.579e+11 
  5.118e-01  2.248e+00  8.318e+04  1.214e+11  8.174e+09  1.158e+11 -4.428e+10 
  7.455e+00  3.161e+01  1.180e+06  1.721e+12  1.158e+11  1.642e+12 -6.279e+11 
 -2.819e+00 -1.200e+01 -4.512e+05 -6.579e+11 -4.428e+10 -6.279e+11  2.400e+11 
ERR MATRIX APPROXIMATE
 PARAMETER  CORRELATION COEFFICIENTS  
       NO.  GLOBAL      8      9     20     21     22     23     24
        8  0.19694   1.000 -0.013  0.037  0.038  0.037  0.039 -0.038
        9  0.33811  -0.013  1.000  0.139  0.150  0.151  0.150 -0.149
       20  0.99966   0.037  0.139  1.000  0.999  0.998  0.999 -0.999
       21  1.00000   0.038  0.150  0.999  1.000  1.000  1.000 -1.000
       22  0.99994   0.037  0.151  0.998  1.000  1.000  1.000 -1.000
       23  1.00000   0.039  0.150  0.999  1.000  1.000  1.000 -1.000
       24  1.00000  -0.038 -0.149 -0.999 -1.000 -1.000 -1.000  1.000
 ERR MATRIX APPROXIMATE
MINUIT - FIT wiggle + 1-CBO + 2-CBO
 **********
 **   42 **RES 
 **********
                   PARAMETER   16  beta_vw RESTORED TO VARIABLE.
                   PARAMETER   14  alpha_vw RESTORED TO VARIABLE.
                   PARAMETER   13  beta_y RESTORED TO VARIABLE.
                   PARAMETER   11  alpha_y RESTORED TO VARIABLE.
                   PARAMETER   10  beta_2CBO RESTORED TO VARIABLE.
                   PARAMETER    6  alpha_CBO RESTORED TO VARIABLE.
                   PARAMETER    4  phi RESTORED TO VARIABLE.
                   PARAMETER    3  A0 RESTORED TO VARIABLE.
                   PARAMETER    1  N0 RESTORED TO VARIABLE.
 **********
 **   43 **FIX           10
 **********
 **********
 **   44 **FIX           11
 **********
 **********
 **   45 **FIX           12
 **********
 PARAMETER   12  IS CONSTANT.   IGNORED.
 **********
 **   46 **FIX           13
 **********
 **********
 **   47 **FIX           14
 **********
 **********
 **   48 **FIX           15
 **********
 PARAMETER   15  IS CONSTANT.   IGNORED.
 **********
 **   49 **FIX           16
 **********
 **********
 **   50 **MIGRAD
 **********
 START MIGRAD MINIMIZATION.  STRATEGY  1.  CONVERGENCE WHEN EDM .LT. 1.00e-04
 FCN=107.49 FROM MIGRAD    STATUS=INITIATE       22 CALLS        4416 TOTAL
                     EDM= unknown      STRATEGY= 1      NO ERROR MATRIX       
  EXT PARAMETER               CURRENT GUESS       STEP         FIRST   
  NO.   NAME      VALUE            ERROR          SIZE      DERIVATIVE 
   1  N0           2.83574e+06   3.18365e+02   3.18365e+02   1.56365e-03
   2  tau          6.43976e+01   constant   
   3  A0           3.54676e-01   1.56100e-04   1.56100e-04   2.28277e+04
   4  phi          4.11671e+00   4.21994e-04   4.21994e-04  -5.51440e+03
   5  R           -5.94693e+01   constant   
   6  alpha_CBO   -5.12914e-03   1.66384e-04   1.66384e-04  -5.81063e+03
   7  w_CBO        2.32500e+00   constant   
   8  beta_CBO     1.72219e-03   1.51090e-04   3.83332e-07  -7.14228e+01
   9  alpha_2CBO   5.59641e-05   1.64345e-04  -9.62967e-07  -1.27503e+01
  10  beta_2CBO    1.51592e-04     fixed    
  11  alpha_y      0.00000e+00     fixed    
  12  w_y          1.44500e+01   constant   
  13  beta_y       3.03901e-04     fixed    
  14  alpha_vw     0.00000e+00     fixed    
  15  w_vw         1.29000e+01   constant   
  16  beta_vw      0.00000e+00     fixed    
  17  LM          -2.20020e-04   constant   
  18  zeta_y       0.00000e+00   constant   
  19  zeta_vw      0.00000e+00   constant   
  20  T_CBO        6.29624e+00   9.21585e-01  -2.07069e-04  -3.76860e+01
  21  alpha_A0    -5.04450e+05   1.34283e+06  -2.33623e+04  -2.12769e-06
  22  beta_A0     -1.59478e+04   9.04087e+04  -1.56024e+03  -1.60955e-06
  23  alpha_phi   -4.71321e+05   1.28150e+06  -2.22759e+04   2.15075e-06
  24  beta_phi     2.09994e+05   4.89948e+05   8.54260e+03  -1.43840e-06
 CALL LIMIT EXCEEDED IN MIGRAD.
 MIGRAD TERMINATED WITHOUT CONVERGENCE.
 FCN=102.022 FROM MIGRAD    STATUS=CALL LIMIT   1919 CALLS        6313 TOTAL
                     EDM=0.004599    STRATEGY= 1  ERROR MATRIX UNCERTAINTY  35.1 per cent
  EXT PARAMETER                APPROXIMATE        STEP         FIRST   
  NO.   NAME      VALUE            ERROR          SIZE      DERIVATIVE 
   1  N0           2.83558e+06   3.12381e+02   4.45900e-01  -6.72669e-05
   2  tau          6.43976e+01   constant   
   3  A0           3.54370e-01   1.47091e-04  -1.06424e-06   9.43038e+01
   4  phi          4.11731e+00   4.11928e-04  -1.22784e-06   6.20420e+00
   5  R           -5.94693e+01   constant   
   6  alpha_CBO   -5.10137e-03   1.52762e-04  -4.02537e-08   2.13408e+01
   7  w_CBO        2.32500e+00   constant   
   8  beta_CBO     1.80510e-03   1.55527e-04  -5.33649e-07   8.33543e+00
   9  alpha_2CBO   3.96794e-05   1.50834e-04   4.34184e-07  -9.02504e+00
  10  beta_2CBO    1.51592e-04     fixed    
  11  alpha_y      0.00000e+00     fixed    
  12  w_y          1.44500e+01   constant   
  13  beta_y       3.03901e-04     fixed    
  14  alpha_vw     0.00000e+00     fixed    
  15  w_vw         1.29000e+01   constant   
  16  beta_vw      0.00000e+00     fixed    
  17  LM          -2.20020e-04   constant   
  18  zeta_y       0.00000e+00   constant   
  19  zeta_vw      0.00000e+00   constant   
  20  T_CBO        7.95062e+00   1.07340e+00   4.81709e-04  -6.42416e+01
  21  alpha_A0    -8.52043e+03   1.93131e+04   7.51990e+02   2.19371e-05
  22  beta_A0     -4.53636e+02   3.14358e+03   1.32065e+02   1.70821e-05
  23  alpha_phi   -1.02704e+04   2.25782e+04   8.94670e+02   7.97105e-06
  24  beta_phi     2.95754e+03   7.91386e+03  -2.69936e+02  -1.75249e-05
 EXTERNAL ERROR MATRIX.    NDIM=  25    NPAR= 11    ERR DEF=1
  9.758e+04 
  3.301e-03  2.164e-08 
 -1.852e-02  4.283e-09  1.697e-07 
  3.159e-03  1.650e-09  1.092e-08  2.334e-08 
 -8.092e-04 -3.549e-09  6.391e-09  1.551e-09  2.419e-08 
  1.122e-03  1.298e-10  8.934e-10  1.350e-09 -2.050e-09  2.275e-08 
  6.556e+00 -2.317e-05  5.437e-06 -4.039e-06 -1.308e-06  9.190e-07  1.152e+00 
  2.159e+05 -4.535e-01  1.946e-01 -1.461e-01  3.228e-02  6.260e-02  2.049e+04  3.730e+08 
  8.725e+04 -1.196e-02 -2.092e-01  1.139e-02 -6.763e-02 -1.105e-03  1.507e+03  2.460e+07  9.882e+06 
  2.771e+05 -4.531e-01 -8.606e-02  4.754e-03 -3.386e-02  6.159e-02  2.403e+04  4.244e+08  3.085e+07  5.098e+08 
 -1.542e+05  2.513e-01 -8.278e-02  3.578e-02  1.597e-02  7.430e-02 -7.785e+03 -1.353e+08 -6.570e+06 -1.629e+08  6.263e+07 
ERR MATRIX APPROXIMATE
 PARAMETER  CORRELATION COEFFICIENTS  
       NO.  GLOBAL      1      3      4      6      8      9     20     21     22     23     24
        1  0.47825   1.000  0.072 -0.144  0.066 -0.017  0.024  0.020  0.036  0.089  0.039 -0.062
        3  0.43084   0.072  1.000  0.071  0.073 -0.155  0.006 -0.147 -0.160 -0.026 -0.136  0.216
        4  0.37471  -0.144  0.071  1.000  0.174  0.100  0.014  0.012  0.024 -0.162 -0.009 -0.025
        6  0.34557   0.066  0.073  0.174  1.000  0.065  0.059 -0.025 -0.050  0.024  0.001  0.030
        8  0.29361  -0.017 -0.155  0.100  0.065  1.000 -0.087 -0.008  0.011 -0.138 -0.010  0.013
        9  0.25886   0.024  0.006  0.014  0.059 -0.087  1.000  0.006  0.021 -0.002  0.018  0.062
       20  0.99850   0.020 -0.147  0.012 -0.025 -0.008  0.006  1.000  0.989  0.446  0.991 -0.916
       21  0.99486   0.036 -0.160  0.024 -0.050  0.011  0.021  0.989  1.000  0.405  0.973 -0.885
       22  0.77580   0.089 -0.026 -0.162  0.024 -0.138 -0.002  0.446  0.405  1.000  0.435 -0.264
       23  0.99383   0.039 -0.136 -0.009  0.001 -0.010  0.018  0.991  0.973  0.435  1.000 -0.911
       24  0.96328  -0.062  0.216 -0.025  0.030  0.013  0.062 -0.916 -0.885 -0.264 -0.911  1.000
 ERR MATRIX APPROXIMATE
MINUIT - FIT ONLY 1-y
 **********
 **   51 **RES 
 **********
                   PARAMETER   16  beta_vw RESTORED TO VARIABLE.
                   PARAMETER   14  alpha_vw RESTORED TO VARIABLE.
                   PARAMETER   13  beta_y RESTORED TO VARIABLE.
                   PARAMETER   11  alpha_y RESTORED TO VARIABLE.
                   PARAMETER   10  beta_2CBO RESTORED TO VARIABLE.
 **********
 **   52 **FIX            0
 **********
 PARAMETER    0  IS UNDEFINED. IGNORED.
 **********
 **   53 **FIX            1
 **********
 **********
 **   54 **FIX            2
 **********
 PARAMETER    2  IS CONSTANT.   IGNORED.
 **********
 **   55 **FIX            3
 **********
 **********
 **   56 **FIX            4
 **********
 **********
 **   57 **FIX            5
 **********
 PARAMETER    5  IS CONSTANT.   IGNORED.
 **********
 **   58 **FIX            6
 **********
 **********
 **   59 **FIX            7
 **********
 PARAMETER    7  IS CONSTANT.   IGNORED.
 **********
 **   60 **FIX            8
 **********
 **********
 **   61 **FIX            9
 **********
 **********
 **   62 **FIX           13
 **********
 **********
 **   63 **FIX           14
 **********
 **********
 **   64 **FIX           15
 **********
 PARAMETER   15  IS CONSTANT.   IGNORED.
 **********
 **   65 **FIX           16
 **********
 **********
 **   66 **MIGRAD
 **********
 START MIGRAD MINIMIZATION.  STRATEGY  1.  CONVERGENCE WHEN EDM .LT. 1.00e-04
 FCN=102.022 FROM MIGRAD    STATUS=INITIATE       16 CALLS        6329 TOTAL
                     EDM= unknown      STRATEGY= 1      NO ERROR MATRIX       
  EXT PARAMETER               CURRENT GUESS       STEP         FIRST   
  NO.   NAME      VALUE            ERROR          SIZE      DERIVATIVE 
   1  N0           2.83558e+06     fixed    
   2  tau          6.43976e+01   constant   
   3  A0           3.54370e-01     fixed    
   4  phi          4.11731e+00     fixed    
   5  R           -5.94693e+01   constant   
   6  alpha_CBO   -5.10137e-03     fixed    
   7  w_CBO        2.32500e+00   constant   
   8  beta_CBO     1.80510e-03     fixed    
   9  alpha_2CBO   3.96794e-05     fixed    
  10  beta_2CBO    1.51592e-04   1.59598e-04   1.59598e-04  -7.92342e+03
  11  alpha_y      0.00000e+00   1.00000e-03   1.00000e-03   8.50697e+03
  12  w_y          1.44500e+01   constant   
  13  beta_y       3.03901e-04     fixed    
  14  alpha_vw     0.00000e+00     fixed    
  15  w_vw         1.29000e+01   constant   
  16  beta_vw      0.00000e+00     fixed    
  17  LM          -2.20020e-04   constant   
  18  zeta_y       0.00000e+00   constant   
  19  zeta_vw      0.00000e+00   constant   
  20  T_CBO        7.95062e+00   1.07340e+00   4.81709e-04  -6.42415e+01
  21  alpha_A0    -8.52043e+03   1.93131e+04   7.51990e+02   2.19371e-05
  22  beta_A0     -4.53636e+02   3.14358e+03   1.32065e+02   1.70821e-05
  23  alpha_phi   -1.02704e+04   2.25782e+04   8.94670e+02   7.97105e-06
  24  beta_phi     2.95754e+03   7.91386e+03  -2.69936e+02  -1.75249e-05
 MIGRAD MINIMIZATION HAS CONVERGED.
 MIGRAD WILL VERIFY CONVERGENCE AND ERROR MATRIX.
 COVARIANCE MATRIX CALCULATED SUCCESSFULLY
 FCN=101.099 FROM MIGRAD    STATUS=CONVERGED    1111 CALLS        7424 TOTAL
                     EDM=4.7852e-05    STRATEGY= 1      ERROR MATRIX ACCURATE 
  EXT PARAMETER                                   STEP         FIRST   
  NO.   NAME      VALUE            ERROR          SIZE      DERIVATIVE 
   1  N0           2.83558e+06     fixed    
   2  tau          6.43976e+01   constant   
   3  A0           3.54370e-01     fixed    
   4  phi          4.11731e+00     fixed    
   5  R           -5.94693e+01   constant   
   6  alpha_CBO   -5.10137e-03     fixed    
   7  w_CBO        2.32500e+00   constant   
   8  beta_CBO     1.80510e-03     fixed    
   9  alpha_2CBO   3.96794e-05     fixed    
  10  beta_2CBO    2.56342e-04   1.60883e-04   7.68209e-07  -1.45166e+00
  11  alpha_y     -1.05707e-04   1.55931e-04   7.68450e-07  -5.99098e+00
  12  w_y          1.44500e+01   constant   
  13  beta_y       3.03901e-04     fixed    
  14  alpha_vw     0.00000e+00     fixed    
  15  w_vw         1.29000e+01   constant   
  16  beta_vw      0.00000e+00     fixed    
  17  LM          -2.20020e-04   constant   
  18  zeta_y       0.00000e+00   constant   
  19  zeta_vw      0.00000e+00   constant   
  20  T_CBO        9.22430e+00   1.01532e+01   5.74353e-06  -2.73537e+00
  21  alpha_A0    -1.05457e+03   1.51282e+04   1.40301e+00   4.47849e-06
  22  beta_A0     -1.04335e+01   3.62791e+02   1.43137e+00   1.15128e-07
  23  alpha_phi   -1.30013e+03   1.86784e+04   1.44916e+00   1.18865e-05
  24  beta_phi     4.16873e+02   5.91455e+03   1.40599e+00   1.30583e-06
 EXTERNAL ERROR MATRIX.    NDIM=  25    NPAR=  7    ERR DEF=1
  2.588e-08 -3.784e-10  8.306e-06  1.561e-02  8.189e-03  9.666e-03  8.713e-04 
 -3.784e-10  2.431e-08 -4.951e-05 -7.391e-02 -2.217e-03 -9.062e-02  2.765e-02 
  8.306e-06 -4.951e-05  1.035e+02  1.539e+05  2.200e+03  1.900e+05 -6.009e+04 
  1.561e-02 -7.391e-02  1.539e+05  2.289e+08  3.271e+06  2.825e+08 -8.935e+07 
  8.189e-03 -2.217e-03  2.200e+03  3.271e+06  1.316e+05  4.043e+06 -1.269e+06 
  9.666e-03 -9.062e-02  1.900e+05  2.825e+08  4.043e+06  3.489e+08 -1.103e+08 
  8.713e-04  2.765e-02 -6.009e+04 -8.935e+07 -1.269e+06 -1.103e+08  3.498e+07 
 PARAMETER  CORRELATION COEFFICIENTS  
       NO.  GLOBAL     10     11     20     21     22     23     24
       10  0.25171   1.000 -0.015  0.005  0.006  0.140  0.003  0.001
       11  0.04785  -0.015  1.000 -0.031 -0.031 -0.039 -0.031  0.030
       20  0.99994   0.005 -0.031  1.000  1.000  0.596  1.000 -0.999
       21  0.99983   0.006 -0.031  1.000  1.000  0.596  1.000 -0.999
       22  0.61709   0.140 -0.039  0.596  0.596  1.000  0.597 -0.592
       23  0.99988   0.003 -0.031  1.000  1.000  0.597  1.000 -0.999
       24  0.99888   0.001  0.030 -0.999 -0.999 -0.592 -0.999  1.000
MINUIT - FIT ONLY 2-y
 **********
 **   67 **RES 
 **********
                   PARAMETER   16  beta_vw RESTORED TO VARIABLE.
                   PARAMETER   14  alpha_vw RESTORED TO VARIABLE.
                   PARAMETER   13  beta_y RESTORED TO VARIABLE.
                   PARAMETER    9  alpha_2CBO RESTORED TO VARIABLE.
                   PARAMETER    8  beta_CBO RESTORED TO VARIABLE.
                   PARAMETER    6  alpha_CBO RESTORED TO VARIABLE.
                   PARAMETER    4  phi RESTORED TO VARIABLE.
                   PARAMETER    3  A0 RESTORED TO VARIABLE.
                   PARAMETER    1  N0 RESTORED TO VARIABLE.
 **********
 **   68 **FIX            0
 **********
 PARAMETER    0  IS UNDEFINED. IGNORED.
 **********
 **   69 **FIX            1
 **********
 **********
 **   70 **FIX            2
 **********
 PARAMETER    2  IS CONSTANT.   IGNORED.
 **********
 **   71 **FIX            3
 **********
 **********
 **   72 **FIX            4
 **********
 **********
 **   73 **FIX            5
 **********
 PARAMETER    5  IS CONSTANT.   IGNORED.
 **********
 **   74 **FIX            6
 **********
 **********
 **   75 **FIX            7
 **********
 PARAMETER    7  IS CONSTANT.   IGNORED.
 **********
 **   76 **FIX            8
 **********
 **********
 **   77 **FIX            9
 **********
 **********
 **   78 **FIX           10
 **********
 **********
 **   79 **FIX           11
 **********
 **********
 **   80 **FIX           12
 **********
 PARAMETER   12  IS CONSTANT.   IGNORED.
 **********
 **   81 **FIX           16
 **********
 **********
 **   82 **MIGRAD
 **********
 START MIGRAD MINIMIZATION.  STRATEGY  1.  CONVERGENCE WHEN EDM .LT. 1.00e-04
 FCN=101.099 FROM MIGRAD    STATUS=INITIATE       16 CALLS        7440 TOTAL
                     EDM= unknown      STRATEGY= 1      NO ERROR MATRIX       
  EXT PARAMETER               CURRENT GUESS       STEP         FIRST   
  NO.   NAME      VALUE            ERROR          SIZE      DERIVATIVE 
   1  N0           2.83558e+06     fixed    
   2  tau          6.43976e+01   constant   
   3  A0           3.54370e-01     fixed    
   4  phi          4.11731e+00     fixed    
   5  R           -5.94693e+01   constant   
   6  alpha_CBO   -5.10137e-03     fixed    
   7  w_CBO        2.32500e+00   constant   
   8  beta_CBO     1.80510e-03     fixed    
   9  alpha_2CBO   3.96794e-05     fixed    
  10  beta_2CBO    2.56342e-04     fixed    
  11  alpha_y     -1.05707e-04     fixed    
  12  w_y          1.44500e+01   constant   
  13  beta_y       3.03901e-04   1.53910e-04   1.53910e-04  -4.15905e+02
  14  alpha_vw     0.00000e+00   1.00000e-03   1.00000e-03   1.20514e+04
  15  w_vw         1.29000e+01   constant   
  16  beta_vw      0.00000e+00     fixed    
  17  LM          -2.20020e-04   constant   
  18  zeta_y       0.00000e+00   constant   
  19  zeta_vw      0.00000e+00   constant   
  20  T_CBO        9.22430e+00   1.01532e+01   5.74353e-06  -2.73261e+00
  21  alpha_A0    -1.05457e+03   1.51282e+04   1.40301e+00   4.47828e-06
  22  beta_A0     -1.04335e+01   3.62791e+02   1.43137e+00   1.15175e-07
  23  alpha_phi   -1.30013e+03   1.86784e+04   1.44916e+00   1.18865e-05
  24  beta_phi     4.16873e+02   5.91455e+03   1.40599e+00   1.30583e-06
 MIGRAD MINIMIZATION HAS CONVERGED.
 MIGRAD WILL VERIFY CONVERGENCE AND ERROR MATRIX.
 FCN=100.238 FROM MIGRAD    STATUS=CONVERGED     112 CALLS        7536 TOTAL
                     EDM=2.27367e-05    STRATEGY= 1      ERR MATRIX NOT POS-DEF
  EXT PARAMETER                APPROXIMATE        STEP         FIRST   
  NO.   NAME      VALUE            ERROR          SIZE      DERIVATIVE 
   1  N0           2.83558e+06     fixed    
   2  tau          6.43976e+01   constant   
   3  A0           3.54370e-01     fixed    
   4  phi          4.11731e+00     fixed    
   5  R           -5.94693e+01   constant   
   6  alpha_CBO   -5.10137e-03     fixed    
   7  w_CBO        2.32500e+00   constant   
   8  beta_CBO     1.80510e-03     fixed    
   9  alpha_2CBO   3.96794e-05     fixed    
  10  beta_2CBO    2.56342e-04     fixed    
  11  alpha_y     -1.05707e-04     fixed    
  12  w_y          1.44500e+01   constant   
  13  beta_y       3.00400e-04   1.53513e-04   7.53563e-07  -2.17182e+00
  14  alpha_vw    -1.43013e-04   1.54037e-04   7.55956e-07   1.01242e-01
  15  w_vw         1.29000e+01   constant   
  16  beta_vw      0.00000e+00     fixed    
  17  LM          -2.20020e-04   constant   
  18  zeta_y       0.00000e+00   constant   
  19  zeta_vw      0.00000e+00   constant   
  20  T_CBO        9.22431e+00   1.75440e+00   5.73185e-06   1.48967e+00
  21  alpha_A0    -1.05375e+03   2.61663e+03   1.37335e+00  -3.30383e-06
  22  beta_A0     -5.47547e+00   2.87675e+02   1.40100e+00  -2.18437e-06
  23  alpha_phi   -1.29851e+03   3.22529e+03   1.41833e+00  -7.68208e-06
  24  beta_phi     4.23591e+02   1.07253e+03   1.37624e+00   2.63432e-07
 EXTERNAL ERROR MATRIX.    NDIM=  25    NPAR=  7    ERR DEF=1
  2.357e-08  1.385e-09 -5.288e-07 -6.586e-04  4.243e-04 -3.662e-04  1.047e-03 
  1.385e-09  2.373e-08 -4.927e-07 -9.049e-04 -8.340e-04 -1.284e-03 -8.213e-04 
 -5.288e-07 -4.927e-07  3.078e+00  4.564e+03  4.361e+01  5.636e+03 -1.815e+03 
 -6.586e-04 -9.049e-04  4.564e+03  6.847e+06  6.253e+04  8.353e+06 -2.688e+06 
  4.243e-04 -8.340e-04  4.361e+01  6.253e+04  8.276e+04  8.476e+04 -1.907e+04 
 -3.662e-04 -1.284e-03  5.636e+03  8.353e+06  8.476e+04  1.040e+07 -3.312e+06 
  1.047e-03 -8.213e-04 -1.815e+03 -2.688e+06 -1.907e+04 -3.312e+06  1.150e+06 
ERR MATRIX NOT POS-DEF
 PARAMETER  CORRELATION COEFFICIENTS  
       NO.  GLOBAL     13     14     20     21     22     23     24
       13  0.06321   1.000  0.059 -0.002 -0.002  0.010 -0.001  0.006
       14  0.06684   0.059  1.000 -0.002 -0.002 -0.019 -0.003 -0.005
       20  0.99798  -0.002 -0.002  1.000  0.994  0.086  0.996 -0.964
       21  0.99428  -0.002 -0.002  0.994  1.000  0.083  0.990 -0.958
       22  0.13243   0.010 -0.019  0.086  0.083  1.000  0.091 -0.062
       23  0.99599  -0.001 -0.003  0.996  0.990  0.091  1.000 -0.957
