 + ++++++++++++++++++++++++++++++++++++++++++++++++++++++++++++++++++++ +
 +                                                                      +
 +           You have chose to blind your fitting according to          +
 +                omega_ref * (1 + (R +/- deltaR) *10^{-6})             +
 +                                                                      +
 + ++++++++++++++++++++++++++++++++++++++++++++++++++++++++++++++++++++ +
In main()...
reading format from /gm2data/zkhechad/run45/envelope/formats/formatB_sBin_constraintOn.txt
pBinTau 	= 0  
pBinPhi 	= 0  
constraintau 	= 1 
includeMopTerm 	= 0    
constrainMop    = 0   
Parameters after format file: pBinTau 0 pBinPhi 0 constraintau 1 includeMopTerm 0 constrainMop 0 c_e_scale 0.000000 
Opening file /gm2data/tbarrett/gm2fr/studies/run23_bunch_corrections/CorrectedFourier_Run3b.root.
reading full fit data from /gm2data/zkhechad/cboTemplates/Run4CBOTemplates/fullFits/noRF/sBin_constraintOn_cE0.0_seed0_noRF_calo19.root
windowBins = 34
fitting sliding window 70 from bin 206 at 30.586000 to bin 240 at 35.808000 (34 bins)

Reading data from /gm2data/cornell/histograms/aMethod/histogram_a_noRF.root
 **********
 **    1 **SET PRINTOUT            1
 **********
 **********
 **    2 **SET NOWARNINGS 
 **********
 PARAMETER DEFINITIONS:
    NO.   NAME         VALUE      STEP SIZE      LIMITS
     1 N0           3.18973e+06  1.00000e+02     no limits
     2 tau          6.43945e+01  constant
     3 A0           3.47817e-01  1.00000e-04     no limits
     4 phi          4.13218e+00  1.00000e-02     no limits
     5 R           -5.98741e+01  constant
     6 alpha_CBO    0.00000e+00  1.00000e-03     no limits
     7 w_CBO        2.32500e+00  constant
     8 beta_CBO     0.00000e+00  1.00000e-03     no limits
     9 alpha_2CBO   0.00000e+00  1.00000e-03     no limits
    10 beta_2CBO    0.00000e+00  1.00000e-03     no limits
    11 alpha_y      0.00000e+00  1.00000e-03     no limits
    12 w_y          1.38860e+01  constant
    13 beta_y       0.00000e+00  1.00000e-03     no limits
    14 alpha_vw     0.00000e+00  1.00000e-03     no limits
    15 w_vw         1.43404e+01  constant
    16 beta_vw      0.00000e+00  1.00000e-03     no limits
    17 LM          -2.15884e-04  constant
    18 zeta_y       0.00000e+00  constant
    19 zeta_vw      0.00000e+00  constant
    20 T_CBO        1.00000e+02  1.00000e+00    0.00000e+00  1.00000e+03
    21 alpha_A0     0.00000e+00  1.00000e-03     no limits
    22 beta_A0      0.00000e+00  1.00000e-03     no limits
    23 alpha_phi    0.00000e+00  1.00000e-03     no limits
    24 beta_phi     0.00000e+00  1.00000e-03     no limits
MINUIT - FIT ONLY WIGGLE
 **********
 **    3 **FIX            5
 **********
 PARAMETER    5  IS CONSTANT.   IGNORED.
 **********
 **    4 **FIX            6
 **********
 **********
 **    5 **FIX            7
 **********
 PARAMETER    7  IS CONSTANT.   IGNORED.
 **********
 **    6 **FIX            8
 **********
 **********
 **    7 **FIX            9
 **********
 **********
 **    8 **FIX           10
 **********
 **********
 **    9 **FIX           11
 **********
 **********
 **   10 **FIX           12
 **********
 PARAMETER   12  IS CONSTANT.   IGNORED.
 **********
 **   11 **FIX           13
 **********
 **********
 **   12 **FIX           14
 **********
 **********
 **   13 **FIX           15
 **********
 PARAMETER   15  IS CONSTANT.   IGNORED.
 **********
 **   14 **FIX           16
 **********
 **********
 **   15 **MIGRAD
 **********
 FIRST CALL TO USER FUNCTION AT NEW START POINT, WITH IFLAG=4.
 START MIGRAD MINIMIZATION.  STRATEGY  1.  CONVERGENCE WHEN EDM .LT. 1.00e-04
 FCN=11246 FROM MIGRAD    STATUS=INITIATE      435 CALLS         436 TOTAL
                     EDM= unknown      STRATEGY= 1      NO ERROR MATRIX       
  EXT PARAMETER               CURRENT GUESS       STEP         FIRST   
  NO.   NAME      VALUE            ERROR          SIZE      DERIVATIVE 
   1  N0           3.18973e+06   1.00000e+02   0.00000e+00   4.28556e-02
   2  tau          6.43945e+01   constant   
   3  A0           3.47817e-01   1.00000e-04   0.00000e+00  -3.45945e+05
   4  phi          4.13218e+00   1.00000e-02   0.00000e+00   2.09843e+05
   5  R           -5.98741e+01   constant   
   6  alpha_CBO    0.00000e+00     fixed    
   7  w_CBO        2.32500e+00   constant   
   8  beta_CBO     0.00000e+00     fixed    
   9  alpha_2CBO   0.00000e+00     fixed    
  10  beta_2CBO    0.00000e+00     fixed    
  11  alpha_y      0.00000e+00     fixed    
  12  w_y          1.38860e+01   constant   
  13  beta_y       0.00000e+00     fixed    
  14  alpha_vw     0.00000e+00     fixed    
  15  w_vw         1.43404e+01   constant   
  16  beta_vw      0.00000e+00     fixed    
  17  LM          -2.15884e-04   constant   
  18  zeta_y       0.00000e+00   constant   
  19  zeta_vw      0.00000e+00   constant   
  20  T_CBO        1.00000e+02   1.00000e+00   0.00000e+00   0.00000e+00
  21  alpha_A0     0.00000e+00   1.00000e-03   0.00000e+00  -1.84817e+04
  22  beta_A0      0.00000e+00   1.00000e-03   0.00000e+00   1.41221e+04
  23  alpha_phi    0.00000e+00   1.00000e-03   0.00000e+00   1.15817e+05
  24  beta_phi     0.00000e+00   1.00000e-03   0.00000e+00   2.52930e+04
 MIGRAD MINIMIZATION HAS CONVERGED.
 FCN=4361.82 FROM MIGRAD    STATUS=CONVERGED    1005 CALLS        1006 TOTAL
                     EDM=5.21775e-07    STRATEGY= 1  ERROR MATRIX UNCERTAINTY   0.3 per cent
  EXT PARAMETER                                   STEP         FIRST   
  NO.   NAME      VALUE            ERROR          SIZE      DERIVATIVE 
   1  N0           3.22619e+06   6.91041e+02  -3.66142e-01   1.03165e-06
   2  tau          6.43945e+01   constant   
   3  A0           3.59454e-01   2.68661e-04  -1.00883e-07   5.04894e+00
   4  phi          4.08305e+00   6.16456e-04  -3.90922e-07   1.95065e+00
   5  R           -5.98741e+01   constant   
   6  alpha_CBO    0.00000e+00     fixed    
   7  w_CBO        2.32500e+00   constant   
   8  beta_CBO     0.00000e+00     fixed    
   9  alpha_2CBO   0.00000e+00     fixed    
  10  beta_2CBO    0.00000e+00     fixed    
  11  alpha_y      0.00000e+00     fixed    
  12  w_y          1.38860e+01   constant   
  13  beta_y       0.00000e+00     fixed    
  14  alpha_vw     0.00000e+00     fixed    
  15  w_vw         1.43404e+01   constant   
  16  beta_vw      0.00000e+00     fixed    
  17  LM          -2.15884e-04   constant   
  18  zeta_y       0.00000e+00   constant   
  19  zeta_vw      0.00000e+00   constant   
  20  T_CBO        1.00000e+03   8.55896e+02  -1.58067e-03  -5.30513e-04
  21  alpha_A0     8.01625e-02   1.28010e-03   1.41438e-06   3.16458e-02
  22  beta_A0      7.04342e-03   7.61296e-04  -3.43732e-07  -1.91791e+00
  23  alpha_phi    1.83150e-02   6.56824e-04   1.45239e-07  -1.18848e+00
  24  beta_phi    -6.89964e-02   1.06285e-03  -1.15956e-06  -3.12110e-01
 EXTERNAL ERROR MATRIX.    NDIM=  25    NPAR=  8    ERR DEF=1
  4.775e+05  1.618e-01 -2.615e-01 -8.571e+00  7.933e-01  2.867e-01  3.411e-01 -6.369e-01 
  1.618e-01  7.218e-08 -7.550e-08 -6.183e-07  2.969e-07  1.428e-07  1.422e-07 -2.279e-07 
 -2.615e-01 -7.550e-08  3.800e-07 -9.891e-06 -5.439e-07  2.825e-08 -1.471e-07  4.790e-07 
 -8.571e+00 -6.183e-07 -9.891e-06  1.430e+00 -9.757e-06 -1.003e-05 -3.530e-06  1.266e-05 
  7.933e-01  2.969e-07 -5.439e-07 -9.757e-06  1.639e-06  4.910e-07  6.308e-07 -1.182e-06 
  2.867e-01  1.428e-07  2.825e-08 -1.003e-05  4.910e-07  5.796e-07  2.771e-07 -3.419e-07 
  3.411e-01  1.422e-07 -1.471e-07 -3.530e-06  6.308e-07  2.771e-07  4.314e-07 -4.876e-07 
 -6.369e-01 -2.279e-07  4.790e-07  1.266e-05 -1.182e-06 -3.419e-07 -4.876e-07  1.130e-06 
 PARAMETER  CORRELATION COEFFICIENTS  
       NO.  GLOBAL      1      3      4     20     21     22     23     24
        1  0.92913   1.000  0.872 -0.614 -0.010  0.897  0.545  0.751 -0.867
        3  0.93703   0.872  1.000 -0.456 -0.002  0.863  0.698  0.806 -0.798
        4  0.88284  -0.614 -0.456  1.000 -0.013 -0.689  0.060 -0.363  0.731
       20  0.04485  -0.010 -0.002 -0.013  1.000 -0.006 -0.011 -0.004  0.010
       21  0.94135   0.897  0.863 -0.689 -0.006  1.000  0.504  0.750 -0.869
       22  0.83088   0.545  0.698  0.060 -0.011  0.504  1.000  0.554 -0.423
       23  0.82803   0.751  0.806 -0.363 -0.004  0.750  0.554  1.000 -0.698
       24  0.91797  -0.867 -0.798  0.731  0.010 -0.869 -0.423 -0.698  1.000
MINUIT - FIT ONLY 1-CBO + wiggle
 **********
 **   16 **RES 
 **********
                   PARAMETER   16  beta_vw RESTORED TO VARIABLE.
                   PARAMETER   14  alpha_vw RESTORED TO VARIABLE.
                   PARAMETER   13  beta_y RESTORED TO VARIABLE.
                   PARAMETER   11  alpha_y RESTORED TO VARIABLE.
                   PARAMETER   10  beta_2CBO RESTORED TO VARIABLE.
                   PARAMETER    9  alpha_2CBO RESTORED TO VARIABLE.
                   PARAMETER    8  beta_CBO RESTORED TO VARIABLE.
                   PARAMETER    6  alpha_CBO RESTORED TO VARIABLE.
 **********
 **   17 **FIX            8
 **********
 **********
 **   18 **FIX            9
 **********
 **********
 **   19 **FIX           11
 **********
 **********
 **   20 **FIX           12
 **********
 PARAMETER   12  IS CONSTANT.   IGNORED.
 **********
 **   21 **FIX           14
 **********
 **********
 **   22 **FIX           15
 **********
 PARAMETER   15  IS CONSTANT.   IGNORED.
 **********
 **   23 **FIX           16
 **********
 **********
 **   24 **MIGRAD
 **********
 START MIGRAD MINIMIZATION.  STRATEGY  1.  CONVERGENCE WHEN EDM .LT. 1.00e-04
 FCN=4361.82 FROM MIGRAD    STATUS=INITIATE       28 CALLS        1034 TOTAL
                     EDM= unknown      STRATEGY= 1      NO ERROR MATRIX       
  EXT PARAMETER               CURRENT GUESS       STEP         FIRST   
  NO.   NAME      VALUE            ERROR          SIZE      DERIVATIVE 
   1  N0           3.22619e+06   6.91041e+02  -3.66142e-01   1.03165e-06
   2  tau          6.43945e+01   constant   
   3  A0           3.59454e-01   2.68661e-04  -1.00883e-07   5.04894e+00
   4  phi          4.08305e+00   6.16456e-04  -3.90922e-07   1.95066e+00
   5  R           -5.98741e+01   constant   
   6  alpha_CBO    0.00000e+00   1.00000e-03   1.00000e-03  -4.82749e+05
   7  w_CBO        2.32500e+00   constant   
   8  beta_CBO     0.00000e+00     fixed    
   9  alpha_2CBO   0.00000e+00     fixed    
  10  beta_2CBO    0.00000e+00   1.00000e-03   1.00000e-03   3.70238e+05
  11  alpha_y      0.00000e+00     fixed    
  12  w_y          1.38860e+01   constant   
  13  beta_y       0.00000e+00   1.00000e-03   1.00000e-03  -6.31492e+05
  14  alpha_vw     0.00000e+00     fixed    
  15  w_vw         1.43404e+01   constant   
  16  beta_vw      0.00000e+00     fixed    
  17  LM          -2.15884e-04   constant   
  18  zeta_y       0.00000e+00   constant   
  19  zeta_vw      0.00000e+00   constant   
  20  T_CBO        1.00000e+03   8.55896e+02  -1.58067e-03  -5.36491e-04
  21  alpha_A0     8.01625e-02   1.28010e-03   1.41438e-06   3.16300e-02
  22  beta_A0      7.04342e-03   7.61296e-04  -3.43732e-07  -1.91791e+00
  23  alpha_phi    1.83150e-02   6.56824e-04   1.45239e-07  -1.18847e+00
  24  beta_phi    -6.89964e-02   1.06285e-03  -1.15956e-06  -3.12107e-01
 MIGRAD MINIMIZATION HAS CONVERGED.
 FCN=997.025 FROM MIGRAD    STATUS=CONVERGED     364 CALLS        1370 TOTAL
                     EDM=1.25443e-06    STRATEGY= 1  ERROR MATRIX UNCERTAINTY   2.1 per cent
  EXT PARAMETER                                   STEP         FIRST   
  NO.   NAME      VALUE            ERROR          SIZE      DERIVATIVE 
   1  N0           3.23137e+06   7.03946e+02   1.12667e+00  -3.64185e-06
   2  tau          6.43945e+01   constant   
   3  A0           3.65396e-01   3.24037e-04   2.48680e-07  -9.34299e+00
   4  phi          4.10952e+00   9.87800e-04  -2.72808e-06   2.65277e+00
   5  R           -5.98741e+01   constant   
   6  alpha_CBO    8.94918e-03   2.24420e-04  -2.80444e-07   3.78807e-01
   7  w_CBO        2.32500e+00   constant   
   8  beta_CBO     0.00000e+00     fixed    
   9  alpha_2CBO   0.00000e+00     fixed    
  10  beta_2CBO    2.09313e-04   1.51084e-04  -2.61759e-07  -7.86167e-01
  11  alpha_y      0.00000e+00     fixed    
  12  w_y          1.38860e+01   constant   
  13  beta_y       3.98727e-03   1.10477e-04   9.19408e-08   1.96071e+00
  14  alpha_vw     0.00000e+00     fixed    
  15  w_vw         1.43404e+01   constant   
  16  beta_vw      0.00000e+00     fixed    
  17  LM          -2.15884e-04   constant   
  18  zeta_y       0.00000e+00   constant   
  19  zeta_vw      0.00000e+00   constant   
  20  T_CBO        9.99070e+02   1.03359e+01  -2.47456e-04  -1.57226e-02
  21  alpha_A0     7.75552e-02   1.24592e-03   3.62800e-06   2.58544e+00
  22  beta_A0      3.95447e-02   1.25905e-03  -1.67637e-06  -3.18890e-01
  23  alpha_phi    3.85940e-02   8.32692e-04   4.92895e-07  -5.08760e-02
  24  beta_phi    -6.25755e-02   1.10207e-03  -2.00436e-06  -7.01410e-01
 EXTERNAL ERROR MATRIX.    NDIM=  25    NPAR= 11    ERR DEF=1
  4.955e+05 
  1.855e-01  1.050e-07 
 -1.474e-01  7.020e-08  9.757e-07 
  3.026e-02  3.930e-08  1.695e-07  5.036e-08 
  1.110e-02  1.825e-08  8.657e-08  1.816e-08  2.283e-08 
  6.752e-03  2.960e-09  2.524e-09  1.258e-09  5.283e-10  1.221e-08 
 -3.081e+03 -1.257e-03  1.230e-03 -1.504e-04 -5.129e-05 -1.445e-05  3.862e+01 
  7.598e-01  2.725e-07 -5.836e-07 -1.732e-08 -1.231e-08  8.122e-09 -4.314e-03  1.552e-06 
  4.280e-01  3.275e-07  8.095e-07  2.143e-07  1.140e-07  1.111e-08 -2.555e-03  4.045e-07  1.585e-06 
  4.236e-01  2.353e-07  2.300e-07  1.128e-07  3.974e-08  7.452e-09 -2.506e-03  5.977e-07  7.766e-07  6.934e-07 
 -5.998e-01 -1.738e-07  6.968e-07  5.817e-08  3.920e-08 -7.519e-09  3.575e-03 -1.177e-06 -4.800e-08 -3.760e-07  1.215e-06 
 PARAMETER  CORRELATION COEFFICIENTS  
       NO.  GLOBAL      1      3      4      6     10     13     20     21     22     23     24
        1  0.94532   1.000  0.813 -0.212  0.192  0.104  0.087 -0.704  0.866  0.483  0.723 -0.773
        3  0.96422   0.813  1.000  0.219  0.540  0.373  0.083 -0.624  0.675  0.803  0.872 -0.487
        4  0.96533  -0.212  0.219  1.000  0.765  0.580  0.023  0.200 -0.474  0.651  0.280  0.640
        6  0.87037   0.192  0.540  0.765  1.000  0.536  0.051 -0.108 -0.062  0.758  0.603  0.235
       10  0.66314   0.104  0.373  0.580  0.536  1.000  0.032 -0.055 -0.065  0.599  0.316  0.235
       13  0.12101   0.087  0.083  0.023  0.051  0.032  1.000 -0.021  0.059  0.080  0.081 -0.062
       20  0.80367  -0.704 -0.624  0.200 -0.108 -0.055 -0.021  1.000 -0.557 -0.327 -0.484  0.522
       21  0.95520   0.866  0.675 -0.474 -0.062 -0.065  0.059 -0.557  1.000  0.258  0.576 -0.857
       22  0.94474   0.483  0.803  0.651  0.758  0.599  0.080 -0.327  0.258  1.000  0.741 -0.035
       23  0.90531   0.723  0.872  0.280  0.603  0.316  0.081 -0.484  0.576  0.741  1.000 -0.410
       24  0.93100  -0.773 -0.487  0.640  0.235  0.235 -0.062  0.522 -0.857 -0.035 -0.410  1.000
MINUIT - FIT ONLY 2-CBO
 **********
 **   25 **RES 
 **********
                   PARAMETER   16  beta_vw RESTORED TO VARIABLE.
                   PARAMETER   14  alpha_vw RESTORED TO VARIABLE.
                   PARAMETER   11  alpha_y RESTORED TO VARIABLE.
                   PARAMETER    9  alpha_2CBO RESTORED TO VARIABLE.
                   PARAMETER    8  beta_CBO RESTORED TO VARIABLE.
 **********
 **   26 **FIX            0
 **********
 PARAMETER    0  IS UNDEFINED. IGNORED.
 **********
 **   27 **FIX            1
 **********
 **********
 **   28 **FIX            2
 **********
 PARAMETER    2  IS CONSTANT.   IGNORED.
 **********
 **   29 **FIX            3
 **********
 **********
 **   30 **FIX            4
 **********
 **********
 **   31 **FIX            5
 **********
 PARAMETER    5  IS CONSTANT.   IGNORED.
 **********
 **   32 **FIX            6
 **********
 **********
 **   33 **FIX            7
 **********
 PARAMETER    7  IS CONSTANT.   IGNORED.
 **********
 **   34 **FIX           10
 **********
 **********
 **   35 **FIX           11
 **********
 **********
 **   36 **FIX           12
 **********
 PARAMETER   12  IS CONSTANT.   IGNORED.
 **********
 **   37 **FIX           13
 **********
 **********
 **   38 **FIX           14
 **********
 **********
 **   39 **FIX           15
 **********
 PARAMETER   15  IS CONSTANT.   IGNORED.
 **********
 **   40 **FIX           16
 **********
 **********
 **   41 **MIGRAD
 **********
 START MIGRAD MINIMIZATION.  STRATEGY  1.  CONVERGENCE WHEN EDM .LT. 1.00e-04
 FCN=997.025 FROM MIGRAD    STATUS=INITIATE       18 CALLS        1388 TOTAL
                     EDM= unknown      STRATEGY= 1      NO ERROR MATRIX       
  EXT PARAMETER               CURRENT GUESS       STEP         FIRST   
  NO.   NAME      VALUE            ERROR          SIZE      DERIVATIVE 
   1  N0           3.23137e+06     fixed    
   2  tau          6.43945e+01   constant   
   3  A0           3.65396e-01     fixed    
   4  phi          4.10952e+00     fixed    
   5  R           -5.98741e+01   constant   
   6  alpha_CBO    8.94918e-03     fixed    
   7  w_CBO        2.32500e+00   constant   
   8  beta_CBO     0.00000e+00   1.00000e-03   1.00000e-03  -4.41704e+04
   9  alpha_2CBO   0.00000e+00   1.00000e-03   1.00000e-03  -1.85315e+05
  10  beta_2CBO    2.09313e-04     fixed    
  11  alpha_y      0.00000e+00     fixed    
  12  w_y          1.38860e+01   constant   
  13  beta_y       3.98727e-03     fixed    
  14  alpha_vw     0.00000e+00     fixed    
  15  w_vw         1.43404e+01   constant   
  16  beta_vw      0.00000e+00     fixed    
  17  LM          -2.15884e-04   constant   
  18  zeta_y       0.00000e+00   constant   
  19  zeta_vw      0.00000e+00   constant   
  20  T_CBO        9.99070e+02   1.03359e+01  -2.47456e-04  -1.57033e-02
  21  alpha_A0     7.75552e-02   1.24592e-03   3.62800e-06   2.58543e+00
  22  beta_A0      3.95447e-02   1.25905e-03  -1.67637e-06  -3.18876e-01
  23  alpha_phi    3.85940e-02   8.32692e-04   4.92895e-07  -5.08750e-02
  24  beta_phi    -6.25755e-02   1.10207e-03  -2.00436e-06  -7.01411e-01
 MIGRAD MINIMIZATION HAS CONVERGED.
 MIGRAD WILL VERIFY CONVERGENCE AND ERROR MATRIX.
 COVARIANCE MATRIX CALCULATED SUCCESSFULLY
 FCN=867.317 FROM MIGRAD    STATUS=CONVERGED     276 CALLS        1646 TOTAL
                     EDM=1.21183e-06    STRATEGY= 1      ERROR MATRIX ACCURATE 
  EXT PARAMETER                                   STEP         FIRST   
  NO.   NAME      VALUE            ERROR          SIZE      DERIVATIVE 
   1  N0           3.23137e+06     fixed    
   2  tau          6.43945e+01   constant   
   3  A0           3.65396e-01     fixed    
   4  phi          4.10952e+00     fixed    
   5  R           -5.98741e+01   constant   
   6  alpha_CBO    8.94918e-03     fixed    
   7  w_CBO        2.32500e+00   constant   
   8  beta_CBO     2.80296e-04   1.15672e-04   1.63500e-06  -3.19634e-01
   9  alpha_2CBO   1.33300e-03   1.20096e-04   1.62820e-06   5.82090e+00
  10  beta_2CBO    2.09313e-04     fixed    
  11  alpha_y      0.00000e+00     fixed    
  12  w_y          1.38860e+01   constant   
  13  beta_y       3.98727e-03     fixed    
  14  alpha_vw     0.00000e+00     fixed    
  15  w_vw         1.43404e+01   constant   
  16  beta_vw      0.00000e+00     fixed    
  17  LM          -2.15884e-04   constant   
  18  zeta_y       0.00000e+00   constant   
  19  zeta_vw      0.00000e+00   constant   
  20  T_CBO        9.99999e+02   9.91502e+02   4.42834e-02  -2.75135e-04
  21  alpha_A0     7.82946e-02   4.41389e-04   5.88733e-06  -1.48509e+00
  22  beta_A0      3.90120e-02   4.17399e-04   5.82802e-06  -3.04356e-01
  23  alpha_phi    3.87628e-02   3.67871e-04   5.03957e-06  -1.33172e+00
  24  beta_phi    -6.11058e-02   4.50883e-04   5.93638e-06  -2.09323e+00
 EXTERNAL ERROR MATRIX.    NDIM=  25    NPAR=  7    ERR DEF=1
  1.338e-08 -1.648e-10  2.750e-07  2.560e-09 -7.103e-10  1.200e-09  7.989e-09 
 -1.648e-10  1.442e-08  1.657e-08  7.410e-09 -5.565e-09  1.554e-09  1.392e-08 
  2.750e-07  1.657e-08  7.513e+00  2.492e-04  1.262e-04  1.178e-04 -1.932e-04 
  2.560e-09  7.410e-09  2.492e-04  1.948e-07  2.819e-08  3.894e-08 -2.382e-08 
 -7.103e-10 -5.565e-09  1.262e-04  2.819e-08  1.742e-07 -3.130e-09 -2.504e-08 
  1.200e-09  1.554e-09  1.178e-04  3.894e-08 -3.130e-09  1.353e-07 -3.025e-08 
  7.989e-09  1.392e-08 -1.932e-04 -2.382e-08 -2.504e-08 -3.025e-08  2.033e-07 
 PARAMETER  CORRELATION COEFFICIENTS  
       NO.  GLOBAL      8      9     20     21     22     23     24
        8  0.18689   1.000 -0.012  0.001  0.050 -0.015  0.028  0.153
        9  0.33487  -0.012  1.000  0.000  0.140 -0.111  0.035  0.257
       20  0.25970   0.001  0.000  1.000  0.206  0.110  0.117 -0.156
       21  0.37503   0.050  0.140  0.206  1.000  0.153  0.240 -0.120
       22  0.24143  -0.015 -0.111  0.110  0.153  1.000 -0.020 -0.133
       23  0.30575   0.028  0.035  0.117  0.240 -0.020  1.000 -0.182
       24  0.40332   0.153  0.257 -0.156 -0.120 -0.133 -0.182  1.000
MINUIT - FIT wiggle + 1-CBO + 2-CBO
 **********
 **   42 **RES 
 **********
                   PARAMETER   16  beta_vw RESTORED TO VARIABLE.
                   PARAMETER   14  alpha_vw RESTORED TO VARIABLE.
                   PARAMETER   13  beta_y RESTORED TO VARIABLE.
                   PARAMETER   11  alpha_y RESTORED TO VARIABLE.
                   PARAMETER   10  beta_2CBO RESTORED TO VARIABLE.
                   PARAMETER    6  alpha_CBO RESTORED TO VARIABLE.
                   PARAMETER    4  phi RESTORED TO VARIABLE.
                   PARAMETER    3  A0 RESTORED TO VARIABLE.
                   PARAMETER    1  N0 RESTORED TO VARIABLE.
 **********
 **   43 **FIX           10
 **********
 **********
 **   44 **FIX           11
 **********
 **********
 **   45 **FIX           12
 **********
 PARAMETER   12  IS CONSTANT.   IGNORED.
 **********
 **   46 **FIX           13
 **********
 **********
 **   47 **FIX           14
 **********
 **********
 **   48 **FIX           15
 **********
 PARAMETER   15  IS CONSTANT.   IGNORED.
 **********
 **   49 **FIX           16
 **********
 **********
 **   50 **MIGRAD
 **********
 START MIGRAD MINIMIZATION.  STRATEGY  1.  CONVERGENCE WHEN EDM .LT. 1.00e-04
 FCN=867.317 FROM MIGRAD    STATUS=INITIATE       22 CALLS        1668 TOTAL
                     EDM= unknown      STRATEGY= 1      NO ERROR MATRIX       
  EXT PARAMETER               CURRENT GUESS       STEP         FIRST   
  NO.   NAME      VALUE            ERROR          SIZE      DERIVATIVE 
   1  N0           3.23137e+06   7.03946e+02   7.03946e+02   1.01562e-02
   2  tau          6.43945e+01   constant   
   3  A0           3.65396e-01   3.24037e-04   3.24037e-04  -1.06260e+04
   4  phi          4.10952e+00   9.87800e-04   9.87800e-04   3.53244e+03
   5  R           -5.98741e+01   constant   
   6  alpha_CBO    8.94918e-03   2.24420e-04   2.24420e-04  -7.61945e+03
   7  w_CBO        2.32500e+00   constant   
   8  beta_CBO     2.80296e-04   1.15672e-04   1.63500e-06  -3.19590e-01
   9  alpha_2CBO   1.33300e-03   1.20096e-04   1.62820e-06   5.82087e+00
  10  beta_2CBO    2.09313e-04     fixed    
  11  alpha_y      0.00000e+00     fixed    
  12  w_y          1.38860e+01   constant   
  13  beta_y       3.98727e-03     fixed    
  14  alpha_vw     0.00000e+00     fixed    
  15  w_vw         1.43404e+01   constant   
  16  beta_vw      0.00000e+00     fixed    
  17  LM          -2.15884e-04   constant   
  18  zeta_y       0.00000e+00   constant   
  19  zeta_vw      0.00000e+00   constant   
  20  T_CBO        9.99999e+02   9.91502e+02   4.42834e-02  -2.82613e-04
  21  alpha_A0     7.82946e-02   4.41389e-04   5.88733e-06  -1.48507e+00
  22  beta_A0      3.90120e-02   4.17399e-04   5.82802e-06  -3.04289e-01
  23  alpha_phi    3.87628e-02   3.67871e-04   5.03957e-06  -1.33171e+00
  24  beta_phi    -6.11058e-02   4.50883e-04   5.93638e-06  -2.09323e+00
 MIGRAD MINIMIZATION HAS CONVERGED.
 FCN=812.522 FROM MIGRAD    STATUS=CONVERGED     703 CALLS        2349 TOTAL
                     EDM=9.36818e-06    STRATEGY= 1  ERROR MATRIX UNCERTAINTY   3.5 per cent
  EXT PARAMETER                                   STEP         FIRST   
  NO.   NAME      VALUE            ERROR          SIZE      DERIVATIVE 
   1  N0           3.19858e+06   3.95298e+03   7.03924e-01   1.51414e-06
   2  tau          6.43945e+01   constant   
   3  A0           3.52021e-01   1.55735e-03   6.45916e-07   2.62313e+01
   4  phi          4.12883e+00   2.53965e-03   9.82343e-07   1.44632e+00
   5  R           -5.98741e+01   constant   
   6  alpha_CBO    8.34765e-03   1.97384e-04   4.27601e-07   5.28591e+00
   7  w_CBO        2.32500e+00   constant   
   8  beta_CBO     5.84948e-03   6.54702e-04  -3.20231e-08   1.93174e+01
   9  alpha_2CBO   4.20535e-04   1.55881e-04   4.77586e-07   2.67888e+01
  10  beta_2CBO    2.09313e-04     fixed    
  11  alpha_y      0.00000e+00     fixed    
  12  w_y          1.38860e+01   constant   
  13  beta_y       3.98727e-03     fixed    
  14  alpha_vw     0.00000e+00     fixed    
  15  w_vw         1.43404e+01   constant   
  16  beta_vw      0.00000e+00     fixed    
  17  LM          -2.15884e-04   constant   
  18  zeta_y       0.00000e+00   constant   
  19  zeta_vw      0.00000e+00   constant   
  20  T_CBO        6.70968e+01   3.11840e+01  -1.81630e-05   6.33868e-02
  21  alpha_A0     2.71755e-02   6.14768e-03  -5.87452e-08  -5.59191e-01
  22  beta_A0      1.84945e-02   2.03742e-03   4.27782e-06  -5.88307e+00
  23  alpha_phi    1.25342e-02   3.57589e-03   3.43716e-06  -2.21949e+00
  24  beta_phi    -1.66081e-02   6.10488e-03   6.28893e-09   5.39574e-01
 EXTERNAL ERROR MATRIX.    NDIM=  25    NPAR= 11    ERR DEF=1
  1.563e+07 
  6.117e+00  2.425e-06 
 -9.584e+00 -3.678e-06  6.450e-06 
  2.580e-01  1.196e-07 -4.851e-08  3.896e-08 
 -2.540e+00 -9.997e-07  1.572e-06 -4.054e-08  4.286e-07 
  4.182e-01  1.665e-07 -2.579e-07  7.995e-09 -6.980e-08  2.430e-08 
 -1.227e+05 -4.814e-02  7.576e-02 -1.954e-03  2.003e-02 -3.308e-03  9.775e+02 
  2.420e+01  9.480e-06 -1.504e-05  3.654e-07 -3.945e-06  6.624e-07 -1.901e-01  3.779e-05 
  6.162e+00  2.572e-06 -2.963e-06  2.728e-07 -9.957e-07  1.729e-07 -4.740e-02  9.313e-06  4.151e-06 
  1.379e+01  5.484e-06 -8.112e-06  3.185e-07 -2.244e-06  3.779e-07 -1.081e-01  2.126e-05  5.981e-06  1.279e-05 
 -2.391e+01 -9.326e-06  1.507e-05 -3.180e-07  3.914e-06 -6.226e-07  1.881e-01 -3.702e-05 -8.846e-06 -2.087e-05  3.727e-05 
 PARAMETER  CORRELATION COEFFICIENTS  
       NO.  GLOBAL      1      3      4      6      8      9     20     21     22     23     24
        1  0.99911   1.000  0.994 -0.955  0.331 -0.982  0.679 -0.993  0.996  0.765  0.976 -0.991
        3  0.99929   0.994  1.000 -0.930  0.389 -0.980  0.686 -0.989  0.990  0.811  0.985 -0.981
        4  0.99516  -0.955 -0.930  1.000 -0.097  0.946 -0.651  0.954 -0.963 -0.573 -0.893  0.972
        6  0.83451   0.331  0.389 -0.097  1.000 -0.314  0.260 -0.317  0.301  0.678  0.451 -0.264
        8  0.98543  -0.982 -0.980  0.946 -0.314  1.000 -0.684  0.978 -0.980 -0.746 -0.958  0.979
        9  0.73182   0.679  0.686 -0.651  0.260 -0.684  1.000 -0.679  0.691  0.544  0.678 -0.654
       20  0.99598  -0.993 -0.989  0.954 -0.317  0.978 -0.679  1.000 -0.989 -0.744 -0.967  0.986
       21  0.99900   0.996  0.990 -0.963  0.301 -0.980  0.691 -0.989  1.000  0.744  0.967 -0.986
       22  0.96811   0.765  0.811 -0.573  0.678 -0.746  0.544 -0.744  0.744  1.000  0.821 -0.711
       23  0.99073   0.976  0.985 -0.893  0.451 -0.958  0.678 -0.967  0.967  0.821  1.000 -0.956
       24  0.99814  -0.991 -0.981  0.972 -0.264  0.979 -0.654  0.986 -0.986 -0.711 -0.956  1.000
MINUIT - FIT ONLY 1-y
 **********
 **   51 **RES 
 **********
                   PARAMETER   16  beta_vw RESTORED TO VARIABLE.
                   PARAMETER   14  alpha_vw RESTORED TO VARIABLE.
                   PARAMETER   13  beta_y RESTORED TO VARIABLE.
                   PARAMETER   11  alpha_y RESTORED TO VARIABLE.
                   PARAMETER   10  beta_2CBO RESTORED TO VARIABLE.
 **********
 **   52 **FIX            0
 **********
 PARAMETER    0  IS UNDEFINED. IGNORED.
 **********
 **   53 **FIX            1
 **********
 **********
 **   54 **FIX            2
 **********
 PARAMETER    2  IS CONSTANT.   IGNORED.
 **********
 **   55 **FIX            3
 **********
 **********
 **   56 **FIX            4
 **********
 **********
 **   57 **FIX            5
 **********
 PARAMETER    5  IS CONSTANT.   IGNORED.
 **********
 **   58 **FIX            6
 **********
 **********
 **   59 **FIX            7
 **********
 PARAMETER    7  IS CONSTANT.   IGNORED.
 **********
 **   60 **FIX            8
 **********
 **********
 **   61 **FIX            9
 **********
 **********
 **   62 **FIX           13
 **********
 **********
 **   63 **FIX           14
 **********
 **********
 **   64 **FIX           15
 **********
 PARAMETER   15  IS CONSTANT.   IGNORED.
 **********
 **   65 **FIX           16
 **********
 **********
 **   66 **MIGRAD
 **********
 START MIGRAD MINIMIZATION.  STRATEGY  1.  CONVERGENCE WHEN EDM .LT. 1.00e-04
 FCN=812.522 FROM MIGRAD    STATUS=INITIATE       16 CALLS        2365 TOTAL
                     EDM= unknown      STRATEGY= 1      NO ERROR MATRIX       
  EXT PARAMETER               CURRENT GUESS       STEP         FIRST   
  NO.   NAME      VALUE            ERROR          SIZE      DERIVATIVE 
   1  N0           3.19858e+06     fixed    
   2  tau          6.43945e+01   constant   
   3  A0           3.52021e-01     fixed    
   4  phi          4.12883e+00     fixed    
   5  R           -5.98741e+01   constant   
   6  alpha_CBO    8.34765e-03     fixed    
   7  w_CBO        2.32500e+00   constant   
   8  beta_CBO     5.84948e-03     fixed    
   9  alpha_2CBO   4.20535e-04     fixed    
  10  beta_2CBO    2.09313e-04   1.51084e-04   1.51084e-04  -6.21690e+03
  11  alpha_y      0.00000e+00   1.00000e-03   1.00000e-03   7.04973e+04
  12  w_y          1.38860e+01   constant   
  13  beta_y       3.98727e-03     fixed    
  14  alpha_vw     0.00000e+00     fixed    
  15  w_vw         1.43404e+01   constant   
  16  beta_vw      0.00000e+00     fixed    
  17  LM          -2.15884e-04   constant   
  18  zeta_y       0.00000e+00   constant   
  19  zeta_vw      0.00000e+00   constant   
  20  T_CBO        6.70968e+01   3.11840e+01  -1.81630e-05  -6.33874e-02
  21  alpha_A0     2.71755e-02   6.14768e-03  -5.87452e-08  -5.59191e-01
  22  beta_A0      1.84945e-02   2.03742e-03   4.27782e-06  -5.88308e+00
  23  alpha_phi    1.25342e-02   3.57589e-03   3.43716e-06  -2.21949e+00
  24  beta_phi    -1.66081e-02   6.10488e-03   6.28893e-09   5.39573e-01
 MIGRAD MINIMIZATION HAS CONVERGED.
 MIGRAD WILL VERIFY CONVERGENCE AND ERROR MATRIX.
 FCN=796.609 FROM MIGRAD    STATUS=CONVERGED     540 CALLS        2889 TOTAL
                     EDM=4.52571e-06    STRATEGY= 1      ERR MATRIX NOT POS-DEF
  EXT PARAMETER                APPROXIMATE        STEP         FIRST   
  NO.   NAME      VALUE            ERROR          SIZE      DERIVATIVE 
   1  N0           3.19858e+06     fixed    
   2  tau          6.43945e+01   constant   
   3  A0           3.52021e-01     fixed    
   4  phi          4.12883e+00     fixed    
   5  R           -5.98741e+01   constant   
   6  alpha_CBO    8.34765e-03     fixed    
   7  w_CBO        2.32500e+00   constant   
   8  beta_CBO     5.84948e-03     fixed    
   9  alpha_2CBO   4.20535e-04     fixed    
  10  beta_2CBO    2.46649e-04   1.14941e-04   1.50279e-06  -1.48282e+01
  11  alpha_y     -4.47590e-04   1.12463e-04   1.54958e-06  -1.12899e+01
  12  w_y          1.38860e+01   constant   
  13  beta_y       3.98727e-03     fixed    
  14  alpha_vw     0.00000e+00     fixed    
  15  w_vw         1.43404e+01   constant   
  16  beta_vw      0.00000e+00     fixed    
  17  LM          -2.15884e-04   constant   
  18  zeta_y       0.00000e+00   constant   
  19  zeta_vw      0.00000e+00   constant   
  20  T_CBO        4.15486e+01   1.73598e+01   7.90690e-05  -1.46069e-01
  21  alpha_A0     3.68280e-02   1.23377e-02   1.32440e-05  -2.57278e-01
  22  beta_A0      2.53005e-02   8.60460e-03   1.32377e-05  -8.38983e-01
  23  alpha_phi    1.68399e-02   5.47133e-03   1.06532e-05  -8.62900e-02
  24  beta_phi    -2.23804e-02   7.48211e-03   1.24927e-05   4.55514e-01
 EXTERNAL ERROR MATRIX.    NDIM=  25    NPAR=  7    ERR DEF=1
  1.321e-08  4.047e-10 -2.346e-04  1.691e-07  1.453e-07  5.949e-08 -9.147e-08 
  4.047e-10  1.265e-08  4.753e-05 -3.261e-08 -2.445e-08 -1.696e-08  1.835e-08 
 -2.346e-04  4.753e-05  3.021e+02 -2.137e-01 -1.485e-01 -9.402e-02  1.290e-01 
  1.691e-07 -3.261e-08 -2.137e-01  1.522e-04  1.052e-04  6.672e-05 -9.143e-05 
  1.453e-07 -2.445e-08 -1.485e-01  1.052e-04  7.404e-05  4.616e-05 -6.349e-05 
  5.949e-08 -1.696e-08 -9.402e-02  6.672e-05  4.616e-05  2.994e-05 -4.032e-05 
 -9.147e-08  1.835e-08  1.290e-01 -9.143e-05 -6.349e-05 -4.032e-05  5.598e-05 
ERR MATRIX NOT POS-DEF
 PARAMETER  CORRELATION COEFFICIENTS  
       NO.  GLOBAL     10     11     20     21     22     23     24
       10  0.32053   1.000  0.031 -0.117  0.119  0.147  0.095 -0.106
       11  0.05907   0.031  1.000  0.024 -0.024 -0.025 -0.028  0.022
       20  0.99783  -0.117  0.024  1.000 -0.997 -0.993 -0.989  0.992
       21  0.99697   0.119 -0.024 -0.997  1.000  0.991  0.988 -0.990
       22  0.99377   0.147 -0.025 -0.993  0.991  1.000  0.981 -0.986
       23  0.99000   0.095 -0.028 -0.989  0.988  0.981  1.000 -0.985
       24  0.99266  -0.106  0.022  0.992 -0.990 -0.986 -0.985  1.000
 ERR MATRIX NOT POS-DEF
MINUIT - FIT ONLY 2-y
 **********
 **   67 **RES 
 **********
                   PARAMETER   16  beta_vw RESTORED TO VARIABLE.
                   PARAMETER   14  alpha_vw RESTORED TO VARIABLE.
                   PARAMETER   13  beta_y RESTORED TO VARIABLE.
                   PARAMETER    9  alpha_2CBO RESTORED TO VARIABLE.
                   PARAMETER    8  beta_CBO RESTORED TO VARIABLE.
                   PARAMETER    6  alpha_CBO RESTORED TO VARIABLE.
                   PARAMETER    4  phi RESTORED TO VARIABLE.
                   PARAMETER    3  A0 RESTORED TO VARIABLE.
                   PARAMETER    1  N0 RESTORED TO VARIABLE.
 **********
 **   68 **FIX            0
 **********
 PARAMETER    0  IS UNDEFINED. IGNORED.
 **********
 **   69 **FIX            1
 **********
 **********
 **   70 **FIX            2
 **********
 PARAMETER    2  IS CONSTANT.   IGNORED.
 **********
 **   71 **FIX            3
 **********
 **********
 **   72 **FIX            4
 **********
 **********
 **   73 **FIX            5
 **********
 PARAMETER    5  IS CONSTANT.   IGNORED.
 **********
 **   74 **FIX            6
 **********
 **********
 **   75 **FIX            7
 **********
 PARAMETER    7  IS CONSTANT.   IGNORED.
 **********
 **   76 **FIX            8
 **********
 **********
 **   77 **FIX            9
 **********
 **********
 **   78 **FIX           10
 **********
 **********
 **   79 **FIX           11
 **********
 **********
 **   80 **FIX           12
 **********
 PARAMETER   12  IS CONSTANT.   IGNORED.
 **********
 **   81 **FIX           16
 **********
 **********
 **   82 **MIGRAD
 **********
 START MIGRAD MINIMIZATION.  STRATEGY  1.  CONVERGENCE WHEN EDM .LT. 1.00e-04
 FCN=796.609 FROM MIGRAD    STATUS=INITIATE       16 CALLS        2905 TOTAL
                     EDM= unknown      STRATEGY= 1      NO ERROR MATRIX       
  EXT PARAMETER               CURRENT GUESS       STEP         FIRST   
  NO.   NAME      VALUE            ERROR          SIZE      DERIVATIVE 
   1  N0           3.19858e+06     fixed    
   2  tau          6.43945e+01   constant   
   3  A0           3.52021e-01     fixed    
   4  phi          4.12883e+00     fixed    
   5  R           -5.98741e+01   constant   
   6  alpha_CBO    8.34765e-03     fixed    
   7  w_CBO        2.32500e+00   constant   
   8  beta_CBO     5.84948e-03     fixed    
   9  alpha_2CBO   4.20535e-04     fixed    
  10  beta_2CBO    2.46649e-04     fixed    
  11  alpha_y     -4.47590e-04     fixed    
  12  w_y          1.38860e+01   constant   
  13  beta_y       3.98727e-03   1.10477e-04   1.10477e-04   3.14723e+04
  14  alpha_vw     0.00000e+00   1.00000e-03   1.00000e-03   1.29447e+05
  15  w_vw         1.43404e+01   constant   
  16  beta_vw      0.00000e+00     fixed    
  17  LM          -2.15884e-04   constant   
  18  zeta_y       0.00000e+00   constant   
  19  zeta_vw      0.00000e+00   constant   
  20  T_CBO        4.15486e+01   1.73598e+01   7.90690e-05  -1.46692e-01
  21  alpha_A0     3.68280e-02   1.23377e-02   1.32440e-05  -2.57266e-01
  22  beta_A0      2.53005e-02   8.60460e-03   1.32377e-05  -8.38921e-01
  23  alpha_phi    1.68399e-02   5.47133e-03   1.06532e-05  -8.62942e-02
  24  beta_phi    -2.23804e-02   7.48211e-03   1.24927e-05   4.55515e-01
 MIGRAD MINIMIZATION HAS CONVERGED.
 MIGRAD WILL VERIFY CONVERGENCE AND ERROR MATRIX.
 FCN=706.328 FROM MIGRAD    STATUS=CONVERGED     385 CALLS        3274 TOTAL
                     EDM=5.96444e-07    STRATEGY= 1      ERR MATRIX NOT POS-DEF
  EXT PARAMETER                APPROXIMATE        STEP         FIRST   
  NO.   NAME      VALUE            ERROR          SIZE      DERIVATIVE 
   1  N0           3.19858e+06     fixed    
   2  tau          6.43945e+01   constant   
   3  A0           3.52021e-01     fixed    
   4  phi          4.12883e+00     fixed    
   5  R           -5.98741e+01   constant   
   6  alpha_CBO    8.34765e-03     fixed    
   7  w_CBO        2.32500e+00   constant   
   8  beta_CBO     5.84948e-03     fixed    
   9  alpha_2CBO   4.20535e-04     fixed    
  10  beta_2CBO    2.46649e-04     fixed    
  11  alpha_y     -4.47590e-04     fixed    
  12  w_y          1.38860e+01   constant   
  13  beta_y       3.20238e-03   1.26866e-04   1.42481e-06   2.16041e+00
  14  alpha_vw    -1.20403e-03   1.28620e-04   1.44291e-06  -1.26727e+00
  15  w_vw         1.43404e+01   constant   
  16  beta_vw      0.00000e+00     fixed    
  17  LM          -2.15884e-04   constant   
  18  zeta_y       0.00000e+00   constant   
  19  zeta_vw      0.00000e+00   constant   
  20  T_CBO        3.43634e+01   1.18609e+01   5.57276e-05   1.04265e-01
  21  alpha_A0     4.35202e-02   1.45497e-02   1.47091e-05   1.73184e-01
  22  beta_A0      3.02044e-02   1.02108e-02   1.46943e-05   4.89387e-01
  23  alpha_phi    1.97291e-02   6.41329e-03   1.18051e-05  -3.17182e-01
  24  beta_phi    -2.67837e-02   8.94489e-03   1.38517e-05  -5.89776e-02
 EXTERNAL ERROR MATRIX.    NDIM=  25    NPAR=  7    ERR DEF=1
  1.610e-08  8.172e-09 -1.958e-05  2.362e-08  1.876e-08  1.151e-08 -1.690e-08 
  8.172e-09  1.654e-08  2.057e-05 -2.493e-08 -2.215e-08 -1.040e-08  2.131e-08 
 -1.958e-05  2.057e-05  1.409e+02 -1.721e-01 -1.204e-01 -7.526e-02  1.054e-01 
  2.362e-08 -2.493e-08 -1.721e-01  2.117e-04  1.473e-04  9.225e-05 -1.289e-04 
  1.876e-08 -2.215e-08 -1.204e-01  1.473e-04  1.043e-04  6.429e-05 -9.017e-05 
  1.151e-08 -1.040e-08 -7.526e-02  9.225e-05  6.429e-05  4.113e-05 -5.650e-05 
 -1.690e-08  2.131e-08  1.054e-01 -1.289e-04 -9.017e-05 -5.650e-05  8.001e-05 
ERR MATRIX NOT POS-DEF
 PARAMETER  CORRELATION COEFFICIENTS  
       NO.  GLOBAL     13     14     20     21     22     23     24
       13  0.50343   1.000  0.501 -0.013  0.013  0.014  0.014 -0.015
       14  0.50507   0.501  1.000  0.013 -0.013 -0.017 -0.013  0.019
       20  0.99784  -0.013  0.013  1.000 -0.997 -0.994 -0.989  0.992
       21  0.99696   0.013 -0.013 -0.997  1.000  0.992  0.989 -0.991
       22  0.99383   0.014 -0.017 -0.994  0.992  1.000  0.982 -0.987
       23  0.98989   0.014 -0.013 -0.989  0.989  0.982  1.000 -0.985
       24  0.99286  -0.015  0.019  0.992 -0.991 -0.987 -0.985  1.000
 ERR MATRIX NOT POS-DEF
MINUIT - FIT ALTOGETHER
 **********
 **   83 **RES 
 **********
                   PARAMETER   16  beta_vw RESTORED TO VARIABLE.
