 + ++++++++++++++++++++++++++++++++++++++++++++++++++++++++++++++++++++ +
 +                                                                      +
 +           You have chose to blind your fitting according to          +
 +                omega_ref * (1 + (R +/- deltaR) *10^{-6})             +
 +                                                                      +
 + ++++++++++++++++++++++++++++++++++++++++++++++++++++++++++++++++++++ +
In main()...
reading format from /gm2data/zkhechad/run45/envelope/formats/formatB_sBin_constraintOn.txt
pBinTau 	= 0  
pBinPhi 	= 0  
constraintau 	= 1 
includeMopTerm 	= 0    
constrainMop    = 0   
Parameters after format file: pBinTau 0 pBinPhi 0 constraintau 1 includeMopTerm 0 constrainMop 0 c_e_scale 0.000000 
Opening file /gm2data/tbarrett/gm2fr/studies/run23_bunch_corrections/CorrectedFourier_Run3b.root.
reading full fit data from /gm2data/zkhechad/cboTemplates/Run4CBOTemplates/fullFits/noRF/sBin_constraintOn_cE0.0_seed0_noRF_calo11.root
windowBins = 69
fitting sliding window 910 from bin 1046 at 155.914000 to bin 1115 at 166.358000 (69 bins)

Reading data from /gm2data/cornell/histograms/aMethod/histogram_a_noRF.root
 **********
 **    1 **SET PRINTOUT            1
 **********
 **********
 **    2 **SET NOWARNINGS 
 **********
 PARAMETER DEFINITIONS:
    NO.   NAME         VALUE      STEP SIZE      LIMITS
     1 N0           3.16093e+06  1.00000e+02     no limits
     2 tau          6.43989e+01  constant
     3 A0           3.42733e-01  1.00000e-04     no limits
     4 phi          4.11801e+00  1.00000e-02     no limits
     5 R           -6.14725e+01  constant
     6 alpha_CBO    0.00000e+00  1.00000e-03     no limits
     7 w_CBO        2.32500e+00  constant
     8 beta_CBO     0.00000e+00  1.00000e-03     no limits
     9 alpha_2CBO   0.00000e+00  1.00000e-03     no limits
    10 beta_2CBO    0.00000e+00  1.00000e-03     no limits
    11 alpha_y      0.00000e+00  1.00000e-03     no limits
    12 w_y          1.38860e+01  constant
    13 beta_y       0.00000e+00  1.00000e-03     no limits
    14 alpha_vw     0.00000e+00  1.00000e-03     no limits
    15 w_vw         1.43404e+01  constant
    16 beta_vw      0.00000e+00  1.00000e-03     no limits
    17 LM          -2.06090e-04  constant
    18 zeta_y       0.00000e+00  constant
    19 zeta_vw      0.00000e+00  constant
    20 T_CBO        1.00000e+02  1.00000e+00    0.00000e+00  1.00000e+03
    21 alpha_A0     0.00000e+00  1.00000e-03     no limits
    22 beta_A0      0.00000e+00  1.00000e-03     no limits
    23 alpha_phi    0.00000e+00  1.00000e-03     no limits
    24 beta_phi     0.00000e+00  1.00000e-03     no limits
MINUIT - FIT ONLY WIGGLE
 **********
 **    3 **FIX            5
 **********
 PARAMETER    5  IS CONSTANT.   IGNORED.
 **********
 **    4 **FIX            6
 **********
 **********
 **    5 **FIX            7
 **********
 PARAMETER    7  IS CONSTANT.   IGNORED.
 **********
 **    6 **FIX            8
 **********
 **********
 **    7 **FIX            9
 **********
 **********
 **    8 **FIX           10
 **********
 **********
 **    9 **FIX           11
 **********
 **********
 **   10 **FIX           12
 **********
 PARAMETER   12  IS CONSTANT.   IGNORED.
 **********
 **   11 **FIX           13
 **********
 **********
 **   12 **FIX           14
 **********
 **********
 **   13 **FIX           15
 **********
 PARAMETER   15  IS CONSTANT.   IGNORED.
 **********
 **   14 **FIX           16
 **********
 **********
 **   15 **MIGRAD
 **********
 FIRST CALL TO USER FUNCTION AT NEW START POINT, WITH IFLAG=4.
 START MIGRAD MINIMIZATION.  STRATEGY  1.  CONVERGENCE WHEN EDM .LT. 1.00e-04
 FCN=647.208 FROM MIGRAD    STATUS=INITIATE      437 CALLS         438 TOTAL
                     EDM= unknown      STRATEGY= 1      NO ERROR MATRIX       
  EXT PARAMETER               CURRENT GUESS       STEP         FIRST   
  NO.   NAME      VALUE            ERROR          SIZE      DERIVATIVE 
   1  N0           3.16093e+06   1.00000e+02   0.00000e+00  -6.47041e-03
   2  tau          6.43989e+01   constant   
   3  A0           3.42733e-01   1.00000e-04   0.00000e+00  -4.92177e+04
   4  phi          4.11801e+00   1.00000e-02   0.00000e+00  -9.45094e+03
   5  R           -6.14725e+01   constant   
   6  alpha_CBO    0.00000e+00     fixed    
   7  w_CBO        2.32500e+00   constant   
   8  beta_CBO     0.00000e+00     fixed    
   9  alpha_2CBO   0.00000e+00     fixed    
  10  beta_2CBO    0.00000e+00     fixed    
  11  alpha_y      0.00000e+00     fixed    
  12  w_y          1.38860e+01   constant   
  13  beta_y       0.00000e+00     fixed    
  14  alpha_vw     0.00000e+00     fixed    
  15  w_vw         1.43404e+01   constant   
  16  beta_vw      0.00000e+00     fixed    
  17  LM          -2.06090e-04   constant   
  18  zeta_y       0.00000e+00   constant   
  19  zeta_vw      0.00000e+00   constant   
  20  T_CBO        1.00000e+02   1.00000e+00   0.00000e+00   0.00000e+00
  21  alpha_A0     0.00000e+00   1.00000e-03   0.00000e+00  -2.53962e+03
  22  beta_A0      0.00000e+00   1.00000e-03   0.00000e+00  -1.40015e+02
  23  alpha_phi    0.00000e+00   1.00000e-03   0.00000e+00  -1.20275e+03
  24  beta_phi     0.00000e+00   1.00000e-03   0.00000e+00   2.02769e+02
 CALL LIMIT EXCEEDED IN MIGRAD.
 MIGRAD TERMINATED WITHOUT CONVERGENCE.
 FCN=573.36 FROM MIGRAD    STATUS=CALL LIMIT   1323 CALLS        1324 TOTAL
                     EDM=0.0449414    STRATEGY= 1  ERROR MATRIX UNCERTAINTY  12.0 per cent
  EXT PARAMETER                APPROXIMATE        STEP         FIRST   
  NO.   NAME      VALUE            ERROR          SIZE      DERIVATIVE 
   1  N0           3.16086e+06   4.53649e+02   7.13141e+01   4.75251e-04
   2  tau          6.43989e+01   constant   
   3  A0           3.43883e-01   2.01220e-04   6.79675e-06   2.78291e+02
   4  phi          4.11966e+00   5.81066e-04  -6.07670e-05  -2.02463e+02
   5  R           -6.14725e+01   constant   
   6  alpha_CBO    0.00000e+00     fixed    
   7  w_CBO        2.32500e+00   constant   
   8  beta_CBO     0.00000e+00     fixed    
   9  alpha_2CBO   0.00000e+00     fixed    
  10  beta_2CBO    0.00000e+00     fixed    
  11  alpha_y      0.00000e+00     fixed    
  12  w_y          1.38860e+01   constant   
  13  beta_y       0.00000e+00     fixed    
  14  alpha_vw     0.00000e+00     fixed    
  15  w_vw         1.43404e+01   constant   
  16  beta_vw      0.00000e+00     fixed    
  17  LM          -2.06090e-04   constant   
  18  zeta_y       0.00000e+00   constant   
  19  zeta_vw      0.00000e+00   constant   
  20  T_CBO        2.70342e+01   4.95699e+00  -1.17249e-02  -3.81599e+01
  21  alpha_A0     1.82975e+00   1.36831e+00   6.10748e-01  -9.93498e-01
  22  beta_A0      1.08517e-01   8.70437e-02   3.87428e-02   6.83136e-01
  23  alpha_phi    6.19867e-01   4.67612e-01   2.08634e-01   1.01449e+00
  24  beta_phi    -5.36054e-01   3.90045e-01  -1.73842e-01   7.51618e-01
 EXTERNAL ERROR MATRIX.    NDIM=  25    NPAR=  8    ERR DEF=1
  2.058e+05  5.167e-04 -2.769e-02 -3.047e+01  2.049e+00 -3.680e-02  6.262e-01 -2.124e-01 
  5.167e-04  4.049e-08  1.115e-09 -1.444e-05  1.075e-05  6.530e-07  3.594e-06 -3.260e-06 
 -2.769e-02  1.115e-09  3.376e-07  8.150e-05 -2.794e-05 -1.723e-06 -9.512e-06  7.907e-06 
 -3.047e+01 -1.444e-05  8.150e-05  2.458e+01 -6.499e+00 -4.131e-01 -2.221e+00  1.854e+00 
  2.049e+00  1.075e-05 -2.794e-05 -6.499e+00  1.872e+00  1.190e-01  6.398e-01 -5.337e-01 
 -3.680e-02  6.530e-07 -1.723e-06 -4.131e-01  1.190e-01  7.577e-03  4.066e-02 -3.391e-02 
  6.262e-01  3.594e-06 -9.512e-06 -2.221e+00  6.398e-01  4.066e-02  2.187e-01 -1.824e-01 
 -2.124e-01 -3.260e-06  7.907e-06  1.854e+00 -5.337e-01 -3.391e-02 -1.824e-01  1.521e-01 
ERR MATRIX APPROXIMATE
 PARAMETER  CORRELATION COEFFICIENTS  
       NO.  GLOBAL      1      3      4     20     21     22     23     24
        1  0.25324   1.000  0.006 -0.105 -0.014  0.003 -0.001  0.003 -0.001
        3  0.27284   0.006  1.000  0.010 -0.014  0.039  0.037  0.038 -0.042
        4  0.11509  -0.105  0.010  1.000  0.028 -0.035 -0.034 -0.035  0.035
       20  0.96043  -0.014 -0.014  0.028  1.000 -0.958 -0.957 -0.958  0.959
       21  0.99998   0.003  0.039 -0.035 -0.958  1.000  0.999  1.000 -1.000
       22  0.99902  -0.001  0.037 -0.034 -0.957  0.999  1.000  0.999 -0.999
       23  0.99996   0.003  0.038 -0.035 -0.958  1.000  0.999  1.000 -1.000
       24  0.99994  -0.001 -0.042  0.035  0.959 -1.000 -0.999 -1.000  1.000
 ERR MATRIX APPROXIMATE
MINUIT - FIT ONLY 1-CBO + wiggle
 **********
 **   16 **RES 
 **********
                   PARAMETER   16  beta_vw RESTORED TO VARIABLE.
                   PARAMETER   14  alpha_vw RESTORED TO VARIABLE.
                   PARAMETER   13  beta_y RESTORED TO VARIABLE.
                   PARAMETER   11  alpha_y RESTORED TO VARIABLE.
                   PARAMETER   10  beta_2CBO RESTORED TO VARIABLE.
                   PARAMETER    9  alpha_2CBO RESTORED TO VARIABLE.
                   PARAMETER    8  beta_CBO RESTORED TO VARIABLE.
                   PARAMETER    6  alpha_CBO RESTORED TO VARIABLE.
 **********
 **   17 **FIX            8
 **********
 **********
 **   18 **FIX            9
 **********
 **********
 **   19 **FIX           11
 **********
 **********
 **   20 **FIX           12
 **********
 PARAMETER   12  IS CONSTANT.   IGNORED.
 **********
 **   21 **FIX           14
 **********
 **********
 **   22 **FIX           15
 **********
 PARAMETER   15  IS CONSTANT.   IGNORED.
 **********
 **   23 **FIX           16
 **********
 **********
 **   24 **MIGRAD
 **********
 START MIGRAD MINIMIZATION.  STRATEGY  1.  CONVERGENCE WHEN EDM .LT. 1.00e-04
 FCN=573.36 FROM MIGRAD    STATUS=INITIATE       28 CALLS        1352 TOTAL
                     EDM= unknown      STRATEGY= 1      NO ERROR MATRIX       
  EXT PARAMETER               CURRENT GUESS       STEP         FIRST   
  NO.   NAME      VALUE            ERROR          SIZE      DERIVATIVE 
   1  N0           3.16086e+06   4.53649e+02   7.13141e+01   4.75251e-04
   2  tau          6.43989e+01   constant   
   3  A0           3.43883e-01   2.01220e-04   6.79675e-06   2.78291e+02
   4  phi          4.11966e+00   5.81066e-04  -6.07670e-05  -2.02463e+02
   5  R           -6.14725e+01   constant   
   6  alpha_CBO    0.00000e+00   1.00000e-03   1.00000e-03  -2.05932e+05
   7  w_CBO        2.32500e+00   constant   
   8  beta_CBO     0.00000e+00     fixed    
   9  alpha_2CBO   0.00000e+00     fixed    
  10  beta_2CBO    0.00000e+00   1.00000e-03   1.00000e-03  -1.02105e+04
  11  alpha_y      0.00000e+00     fixed    
  12  w_y          1.38860e+01   constant   
  13  beta_y       0.00000e+00   1.00000e-03   1.00000e-03  -2.01659e+04
  14  alpha_vw     0.00000e+00     fixed    
  15  w_vw         1.43404e+01   constant   
  16  beta_vw      0.00000e+00     fixed    
  17  LM          -2.06090e-04   constant   
  18  zeta_y       0.00000e+00   constant   
  19  zeta_vw      0.00000e+00   constant   
  20  T_CBO        2.70342e+01   4.95699e+00  -1.17249e-02  -3.81609e+01
  21  alpha_A0     1.82975e+00   1.36831e+00   6.10748e-01  -9.93498e-01
  22  beta_A0      1.08517e-01   8.70437e-02   3.87428e-02   6.83136e-01
  23  alpha_phi    6.19867e-01   4.67612e-01   2.08634e-01   1.01449e+00
  24  beta_phi    -5.36054e-01   3.90045e-01  -1.73842e-01   7.51618e-01
 CALL LIMIT EXCEEDED IN MIGRAD.
 MIGRAD TERMINATED WITHOUT CONVERGENCE.
 FCN=71.1991 FROM MIGRAD    STATUS=CALL LIMIT   1912 CALLS        3236 TOTAL
                     EDM=0.00283944    STRATEGY= 1  ERROR MATRIX UNCERTAINTY  20.1 per cent
  EXT PARAMETER                APPROXIMATE        STEP         FIRST   
  NO.   NAME      VALUE            ERROR          SIZE      DERIVATIVE 
   1  N0           3.16019e+06   4.76908e+02  -8.42907e+00  -4.56093e-05
   2  tau          6.43989e+01   constant   
   3  A0           3.43126e-01   2.04873e-04   6.98596e-06   3.91548e+01
   4  phi          4.11805e+00   5.89517e-04  -6.04791e-06   6.57715e+00
   5  R           -6.14725e+01   constant   
   6  alpha_CBO    4.83548e-03   2.14830e-04  -3.97361e-06   3.76647e+01
   7  w_CBO        2.32500e+00   constant   
   8  beta_CBO     0.00000e+00     fixed    
   9  alpha_2CBO   0.00000e+00     fixed    
  10  beta_2CBO    1.75891e-04   2.08068e-04  -1.94299e-06   1.63882e+01
  11  alpha_y      0.00000e+00     fixed    
  12  w_y          1.38860e+01   constant   
  13  beta_y       3.77414e-04   2.02933e-04   1.52202e-06   4.14161e+01
  14  alpha_vw     0.00000e+00     fixed    
  15  w_vw         1.43404e+01   constant   
  16  beta_vw      0.00000e+00     fixed    
  17  LM          -2.06090e-04   constant   
  18  zeta_y       0.00000e+00   constant   
  19  zeta_vw      0.00000e+00   constant   
  20  T_CBO        1.45383e+01   2.42345e+00  -1.28430e-03  -4.20662e+01
  21  alpha_A0     9.76071e+01   1.77578e+02   1.09708e+01  -2.05254e-04
  22  beta_A0      4.34181e+01   6.52474e+01   3.93158e+00   2.04099e-03
  23  alpha_phi    2.27111e+02   3.73228e+02   2.30927e+01  -2.27094e-03
  24  beta_phi    -5.13422e+01   7.89156e+01  -4.82709e+00   1.67852e-03
 EXTERNAL ERROR MATRIX.    NDIM=  25    NPAR= 11    ERR DEF=1
  2.274e+05 
  1.092e-03  4.197e-08 
 -4.296e-02  4.046e-09  3.475e-07 
 -5.089e-03 -7.137e-09 -1.550e-08  4.615e-08 
  1.281e-03 -7.838e-10  9.084e-09 -3.136e-10  4.329e-08 
 -3.795e-04  1.123e-09  4.293e-10 -4.697e-10  3.305e-10  4.118e-08 
  1.820e+01 -5.880e-05  4.737e-05  3.984e-05  2.410e-05 -7.028e-06  5.874e+00 
 -4.549e+03  5.503e-03 -3.662e-03 -3.919e-03 -1.973e-03  7.049e-04 -4.231e+02  3.153e+04 
 -1.461e+03  1.643e-03 -4.297e-04 -7.202e-04 -3.964e-04  1.911e-04 -1.556e+02  1.102e+04  4.257e+03 
 -9.151e+03  1.078e-02 -5.590e-03 -6.596e-03 -3.403e-03  1.333e-03 -9.004e+02  6.572e+04  2.394e+04  1.393e+05 
  1.872e+03 -2.129e-03  7.872e-04  1.087e-03  5.747e-04 -2.543e-04  1.898e+02 -1.360e+04 -5.135e+03 -2.927e+04  6.228e+03 
ERR MATRIX APPROXIMATE
 PARAMETER  CORRELATION COEFFICIENTS  
       NO.  GLOBAL      1      3      4      6     10     13     20     21     22     23     24
        1  0.44846   1.000  0.011 -0.153 -0.050  0.013 -0.004  0.016 -0.054 -0.047 -0.051  0.050
        3  0.38956   0.011  1.000  0.033 -0.162 -0.018  0.027 -0.118  0.151  0.123  0.141 -0.132
        4  0.25641  -0.153  0.033  1.000 -0.122  0.074  0.004  0.033 -0.035 -0.011 -0.025  0.017
        6  0.29613  -0.050 -0.162 -0.122  1.000 -0.007 -0.011  0.077 -0.103 -0.051 -0.082  0.064
       10  0.14554   0.013 -0.018  0.074 -0.007  1.000  0.008  0.048 -0.053 -0.029 -0.044  0.035
       13  0.05280  -0.004  0.027  0.004 -0.011  0.008  1.000 -0.014  0.020  0.014  0.018 -0.016
       20  0.99676   0.016 -0.118  0.033  0.077  0.048 -0.014  1.000 -0.983 -0.984 -0.995  0.992
       21  0.99999  -0.054  0.151 -0.035 -0.103 -0.053  0.020 -0.983  1.000  0.951  0.992 -0.971
       22  0.99998  -0.047  0.123 -0.011 -0.051 -0.029  0.014 -0.984  0.951  1.000  0.983 -0.997
       23  1.00000  -0.051  0.141 -0.025 -0.082 -0.044  0.018 -0.995  0.992  0.983  1.000 -0.994
       24  0.99998   0.050 -0.132  0.017  0.064  0.035 -0.016  0.992 -0.971 -0.997 -0.994  1.000
 ERR MATRIX APPROXIMATE
MINUIT - FIT ONLY 2-CBO
 **********
 **   25 **RES 
 **********
                   PARAMETER   16  beta_vw RESTORED TO VARIABLE.
                   PARAMETER   14  alpha_vw RESTORED TO VARIABLE.
                   PARAMETER   11  alpha_y RESTORED TO VARIABLE.
                   PARAMETER    9  alpha_2CBO RESTORED TO VARIABLE.
                   PARAMETER    8  beta_CBO RESTORED TO VARIABLE.
 **********
 **   26 **FIX            0
 **********
 PARAMETER    0  IS UNDEFINED. IGNORED.
 **********
 **   27 **FIX            1
 **********
 **********
 **   28 **FIX            2
 **********
 PARAMETER    2  IS CONSTANT.   IGNORED.
 **********
 **   29 **FIX            3
 **********
 **********
 **   30 **FIX            4
 **********
 **********
 **   31 **FIX            5
 **********
 PARAMETER    5  IS CONSTANT.   IGNORED.
 **********
 **   32 **FIX            6
 **********
 **********
 **   33 **FIX            7
 **********
 PARAMETER    7  IS CONSTANT.   IGNORED.
 **********
 **   34 **FIX           10
 **********
 **********
 **   35 **FIX           11
 **********
 **********
 **   36 **FIX           12
 **********
 PARAMETER   12  IS CONSTANT.   IGNORED.
 **********
 **   37 **FIX           13
 **********
 **********
 **   38 **FIX           14
 **********
 **********
 **   39 **FIX           15
 **********
 PARAMETER   15  IS CONSTANT.   IGNORED.
 **********
 **   40 **FIX           16
 **********
 **********
 **   41 **MIGRAD
 **********
 START MIGRAD MINIMIZATION.  STRATEGY  1.  CONVERGENCE WHEN EDM .LT. 1.00e-04
 FCN=71.1991 FROM MIGRAD    STATUS=INITIATE       18 CALLS        3254 TOTAL
                     EDM= unknown      STRATEGY= 1      NO ERROR MATRIX       
  EXT PARAMETER               CURRENT GUESS       STEP         FIRST   
  NO.   NAME      VALUE            ERROR          SIZE      DERIVATIVE 
   1  N0           3.16019e+06     fixed    
   2  tau          6.43989e+01   constant   
   3  A0           3.43126e-01     fixed    
   4  phi          4.11805e+00     fixed    
   5  R           -6.14725e+01   constant   
   6  alpha_CBO    4.83548e-03     fixed    
   7  w_CBO        2.32500e+00   constant   
   8  beta_CBO     0.00000e+00   1.00000e-03   1.00000e-03   3.78389e+04
   9  alpha_2CBO   0.00000e+00   1.00000e-03   1.00000e-03  -1.10603e+04
  10  beta_2CBO    1.75891e-04     fixed    
  11  alpha_y      0.00000e+00     fixed    
  12  w_y          1.38860e+01   constant   
  13  beta_y       3.77414e-04     fixed    
  14  alpha_vw     0.00000e+00     fixed    
  15  w_vw         1.43404e+01   constant   
  16  beta_vw      0.00000e+00     fixed    
  17  LM          -2.06090e-04   constant   
  18  zeta_y       0.00000e+00   constant   
  19  zeta_vw      0.00000e+00   constant   
  20  T_CBO        1.45383e+01   2.42345e+00  -1.28430e-03  -4.20662e+01
  21  alpha_A0     9.76071e+01   1.77578e+02   1.09708e+01  -2.05253e-04
  22  beta_A0      4.34181e+01   6.52474e+01   3.93158e+00   2.04099e-03
  23  alpha_phi    2.27111e+02   3.73228e+02   2.30927e+01  -2.27094e-03
  24  beta_phi    -5.13422e+01   7.89156e+01  -4.82709e+00   1.67852e-03
 MIGRAD MINIMIZATION HAS CONVERGED.
 MIGRAD WILL VERIFY CONVERGENCE AND ERROR MATRIX.
 FCN=54.1384 FROM HESSE     STATUS=NOT POSDEF     50 CALLS        3383 TOTAL
                     EDM=0.000666961    STRATEGY= 1      ERR MATRIX NOT POS-DEF
  EXT PARAMETER                APPROXIMATE        STEP         FIRST   
  NO.   NAME      VALUE            ERROR          SIZE      DERIVATIVE 
   1  N0           3.16019e+06     fixed    
   2  tau          6.43989e+01   constant   
   3  A0           3.43126e-01     fixed    
   4  phi          4.11805e+00     fixed    
   5  R           -6.14725e+01   constant   
   6  alpha_CBO    4.83548e-03     fixed    
   7  w_CBO        2.32500e+00   constant   
   8  beta_CBO    -8.20636e-04   2.06524e-04   7.36329e-07   7.56347e-01
   9  alpha_2CBO   2.82836e-04   2.08618e-04   7.37773e-07   2.15393e-01
  10  beta_2CBO    1.75891e-04     fixed    
  11  alpha_y      0.00000e+00     fixed    
  12  w_y          1.38860e+01   constant   
  13  beta_y       3.77414e-04     fixed    
  14  alpha_vw     0.00000e+00     fixed    
  15  w_vw         1.43404e+01   constant   
  16  beta_vw      0.00000e+00     fixed    
  17  LM          -2.06090e-04   constant   
  18  zeta_y       0.00000e+00   constant   
  19  zeta_vw      0.00000e+00   constant   
  20  T_CBO        1.45321e+01   3.79707e+00   7.31938e-06   8.52396e-01
  21  alpha_A0     8.32945e+01   2.45257e+02   1.82885e-01  -2.79956e-05
  22  beta_A0      8.01377e+01   2.35995e+02   1.77921e-01  -1.24881e-05
  23  alpha_phi    2.21119e+02   6.36840e+02   1.79602e-01  -2.21606e-05
  24  beta_phi    -7.11009e+01   2.08321e+02   1.80293e-01   4.45819e-06
 MIGRAD MINIMIZATION HAS CONVERGED.
 MIGRAD WILL VERIFY CONVERGENCE AND ERROR MATRIX.
 FCN=54.1273 FROM MIGRAD    STATUS=CONVERGED     741 CALLS        3977 TOTAL
                     EDM=5.35176e-06    STRATEGY= 1      ERR MATRIX NOT POS-DEF
  EXT PARAMETER                APPROXIMATE        STEP         FIRST   
  NO.   NAME      VALUE            ERROR          SIZE      DERIVATIVE 
   1  N0           3.16019e+06     fixed    
   2  tau          6.43989e+01   constant   
   3  A0           3.43126e-01     fixed    
   4  phi          4.11805e+00     fixed    
   5  R           -6.14725e+01   constant   
   6  alpha_CBO    4.83548e-03     fixed    
   7  w_CBO        2.32500e+00   constant   
   8  beta_CBO    -8.19931e-04   2.06596e-04   7.36254e-07  -1.22828e-01
   9  alpha_2CBO   2.81168e-04   2.08741e-04   7.37697e-07  -8.55538e+00
  10  beta_2CBO    1.75891e-04     fixed    
  11  alpha_y      0.00000e+00     fixed    
  12  w_y          1.38860e+01   constant   
  13  beta_y       3.77414e-04     fixed    
  14  alpha_vw     0.00000e+00     fixed    
  15  w_vw         1.43404e+01   constant   
  16  beta_vw      0.00000e+00     fixed    
  17  LM          -2.06090e-04   constant   
  18  zeta_y       0.00000e+00   constant   
  19  zeta_vw      0.00000e+00   constant   
  20  T_CBO        1.31128e+01   3.09303e+00   6.27526e-06  -9.62575e-01
  21  alpha_A0     2.74742e+02   8.08395e+02   5.93400e-01  -7.18642e-06
  22  beta_A0      2.63963e+02   7.76971e+02   5.79011e-01  -2.28682e-06
  23  alpha_phi    7.27450e+02   2.09424e+03   5.85492e-01  -9.26597e-06
  24  beta_phi    -2.31763e+02   6.78890e+02   5.84427e-01   2.39987e-06
 EXTERNAL ERROR MATRIX.    NDIM=  25    NPAR=  7    ERR DEF=1
  4.268e-08 -2.224e-09 -5.950e-06  3.032e-03 -4.694e-03  4.566e-03  1.921e-04 
 -2.224e-09  4.357e-08  1.093e-05 -6.581e-03 -4.614e-04 -1.135e-02 -3.306e-03 
 -5.950e-06  1.093e-05  9.569e+00 -2.447e+03 -2.349e+03 -6.458e+03  2.036e+03 
  3.032e-03 -6.581e-03 -2.447e+03  6.535e+05  5.996e+05  1.650e+06 -5.208e+05 
 -4.694e-03 -4.614e-04 -2.349e+03  5.996e+05  6.037e+05  1.585e+06 -4.995e+05 
  4.566e-03 -1.135e-02 -6.458e+03  1.650e+06  1.585e+06  4.386e+06 -1.371e+06 
  1.921e-04 -3.306e-03  2.036e+03 -5.208e+05 -4.995e+05 -1.371e+06  4.609e+05 
ERR MATRIX NOT POS-DEF
 PARAMETER  CORRELATION COEFFICIENTS  
       NO.  GLOBAL      8      9     20     21     22     23     24
        8  0.19305   1.000 -0.052 -0.009  0.018 -0.029  0.011  0.001
        9  0.23077  -0.052  1.000  0.017 -0.039 -0.003 -0.026 -0.023
       20  0.99798  -0.009  0.017  1.000 -0.979 -0.977 -0.997  0.970
       21  0.97893   0.018 -0.039 -0.979  1.000  0.955  0.975 -0.949
       22  0.97827  -0.029 -0.003 -0.977  0.955  1.000  0.974 -0.947
       23  0.99697   0.011 -0.026 -0.997  0.975  0.974  1.000 -0.964
       24  0.97090   0.001 -0.023  0.970 -0.949 -0.947 -0.964  1.000
 ERR MATRIX NOT POS-DEF
MINUIT - FIT wiggle + 1-CBO + 2-CBO
 **********
 **   42 **RES 
 **********
                   PARAMETER   16  beta_vw RESTORED TO VARIABLE.
                   PARAMETER   14  alpha_vw RESTORED TO VARIABLE.
                   PARAMETER   13  beta_y RESTORED TO VARIABLE.
                   PARAMETER   11  alpha_y RESTORED TO VARIABLE.
                   PARAMETER   10  beta_2CBO RESTORED TO VARIABLE.
                   PARAMETER    6  alpha_CBO RESTORED TO VARIABLE.
                   PARAMETER    4  phi RESTORED TO VARIABLE.
                   PARAMETER    3  A0 RESTORED TO VARIABLE.
                   PARAMETER    1  N0 RESTORED TO VARIABLE.
 **********
 **   43 **FIX           10
 **********
 **********
 **   44 **FIX           11
 **********
 **********
 **   45 **FIX           12
 **********
 PARAMETER   12  IS CONSTANT.   IGNORED.
 **********
 **   46 **FIX           13
 **********
 **********
 **   47 **FIX           14
 **********
 **********
 **   48 **FIX           15
 **********
 PARAMETER   15  IS CONSTANT.   IGNORED.
 **********
 **   49 **FIX           16
 **********
 **********
 **   50 **MIGRAD
 **********
 START MIGRAD MINIMIZATION.  STRATEGY  1.  CONVERGENCE WHEN EDM .LT. 1.00e-04
 FCN=54.1273 FROM MIGRAD    STATUS=INITIATE       22 CALLS        3999 TOTAL
                     EDM= unknown      STRATEGY= 1      NO ERROR MATRIX       
  EXT PARAMETER               CURRENT GUESS       STEP         FIRST   
  NO.   NAME      VALUE            ERROR          SIZE      DERIVATIVE 
   1  N0           3.16019e+06   4.76908e+02   4.76908e+02   2.34827e-04
   2  tau          6.43989e+01   constant   
   3  A0           3.43126e-01   2.04873e-04   2.04873e-04   5.78058e+03
   4  phi          4.11805e+00   5.89517e-04   5.89517e-04  -1.75215e+03
   5  R           -6.14725e+01   constant   
   6  alpha_CBO    4.83548e-03   2.14830e-04   2.14830e-04   1.52661e+03
   7  w_CBO        2.32500e+00   constant   
   8  beta_CBO    -8.19931e-04   2.06596e-04   7.36254e-07  -1.22824e-01
   9  alpha_2CBO   2.81168e-04   2.08741e-04   7.37697e-07  -8.55538e+00
  10  beta_2CBO    1.75891e-04     fixed    
  11  alpha_y      0.00000e+00     fixed    
  12  w_y          1.38860e+01   constant   
  13  beta_y       3.77414e-04     fixed    
  14  alpha_vw     0.00000e+00     fixed    
  15  w_vw         1.43404e+01   constant   
  16  beta_vw      0.00000e+00     fixed    
  17  LM          -2.06090e-04   constant   
  18  zeta_y       0.00000e+00   constant   
  19  zeta_vw      0.00000e+00   constant   
  20  T_CBO        1.31128e+01   3.09303e+00   6.27526e-06  -9.61412e-01
  21  alpha_A0     2.74742e+02   8.08395e+02   5.93400e-01  -7.18619e-06
  22  beta_A0      2.63963e+02   7.76971e+02   5.79011e-01  -2.28698e-06
  23  alpha_phi    7.27450e+02   2.09424e+03   5.85492e-01  -9.26597e-06
  24  beta_phi    -2.31763e+02   6.78890e+02   5.84427e-01   2.39987e-06
 CALL LIMIT EXCEEDED IN MIGRAD.
 MIGRAD TERMINATED WITHOUT CONVERGENCE.
 FCN=53.3577 FROM MIGRAD    STATUS=CALL LIMIT   1927 CALLS        5904 TOTAL
                     EDM=0.000434223    STRATEGY= 1  ERROR MATRIX UNCERTAINTY   3.8 per cent
  EXT PARAMETER                APPROXIMATE        STEP         FIRST   
  NO.   NAME      VALUE            ERROR          SIZE      DERIVATIVE 
   1  N0           3.16014e+06   4.72477e+02  -1.00419e-01  -9.97915e-06
   2  tau          6.43989e+01   constant   
   3  A0           3.42971e-01   2.02298e-04  -1.23235e-07   1.65005e+01
   4  phi          4.11837e+00   5.88910e-04   5.52086e-07   1.19901e+00
   5  R           -6.14725e+01   constant   
   6  alpha_CBO    4.81298e-03   2.10643e-04   5.89051e-08  -9.49919e+00
   7  w_CBO        2.32500e+00   constant   
   8  beta_CBO    -8.66624e-04   2.02221e-04  -3.24123e-07  -1.25854e+01
   9  alpha_2CBO   2.75203e-04   1.98053e-04  -4.00458e-07  -1.75579e+01
  10  beta_2CBO    1.75891e-04     fixed    
  11  alpha_y      0.00000e+00     fixed    
  12  w_y          1.38860e+01   constant   
  13  beta_y       3.77414e-04     fixed    
  14  alpha_vw     0.00000e+00     fixed    
  15  w_vw         1.43404e+01   constant   
  16  beta_vw      0.00000e+00     fixed    
  17  LM          -2.06090e-04   constant   
  18  zeta_y       0.00000e+00   constant   
  19  zeta_vw      0.00000e+00   constant   
  20  T_CBO        1.73264e+01   3.72560e+00  -2.00428e-05  -3.81070e+00
  21  alpha_A0     1.31579e+01   3.32461e+01   2.93984e-02  -2.30693e-03
  22  beta_A0      1.39644e+01   3.24151e+01   3.56672e-02   2.45340e-04
  23  alpha_phi    3.83896e+01   7.55224e+01   1.81679e-01  -1.66669e-04
  24  beta_phi    -1.04920e+01   2.79367e+01   1.58300e-03   7.02612e-04
 EXTERNAL ERROR MATRIX.    NDIM=  25    NPAR= 11    ERR DEF=1
  2.232e+05 
  6.557e-03  4.092e-08 
 -5.361e-02  8.152e-10  3.468e-07 
 -6.946e-03 -5.572e-09 -1.746e-08  4.437e-08 
  8.384e-03  8.727e-09 -1.473e-08  2.240e-10  4.089e-08 
 -1.840e-03  2.552e-09  2.304e-09 -1.354e-09  1.012e-09  3.922e-08 
  5.640e+00 -1.406e-04  1.211e-04  5.268e-05 -1.057e-04 -8.318e-05  1.388e+01 
 -7.903e+02  1.392e-03 -6.322e-04 -7.373e-04  7.537e-04  3.888e-04 -1.204e+02  1.105e+03 
 -6.744e+02  1.198e-03 -2.983e-04 -4.306e-04  4.007e-04  7.619e-04 -1.131e+02  9.979e+02  1.051e+03 
 -7.058e+02  2.675e-03 -1.833e-03 -8.223e-04  2.115e-03  1.492e-03 -2.795e+02  2.419e+03  2.266e+03  5.704e+03 
  8.041e+02 -1.454e-03  8.481e-04  4.152e-04 -6.329e-04 -8.757e-04  9.492e+01 -8.047e+02 -7.923e+02 -1.901e+03  7.805e+02 
ERR MATRIX APPROXIMATE
 PARAMETER  CORRELATION COEFFICIENTS  
       NO.  GLOBAL      1      3      4      6      8      9     20     21     22     23     24
        1  0.41049   1.000  0.069 -0.193 -0.070  0.088 -0.020  0.003 -0.050 -0.044 -0.020  0.061
        3  0.42173   0.069  1.000  0.007 -0.131  0.213  0.064 -0.187  0.207  0.183  0.175 -0.257
        4  0.31154  -0.193  0.007  1.000 -0.141 -0.124  0.020  0.055 -0.032 -0.016 -0.041  0.052
        6  0.30861  -0.070 -0.131 -0.141  1.000  0.005 -0.032  0.067 -0.105 -0.063 -0.052  0.071
        8  0.34840   0.088  0.213 -0.124  0.005  1.000  0.025 -0.140  0.112  0.061  0.139 -0.112
        9  0.30731  -0.020  0.064  0.020 -0.032  0.025  1.000 -0.113  0.059  0.119  0.100 -0.158
       20  0.99643   0.003 -0.187  0.055  0.067 -0.140 -0.113  1.000 -0.972 -0.937 -0.993  0.912
       21  0.97962  -0.050  0.207 -0.032 -0.105  0.112  0.059 -0.972  1.000  0.926  0.963 -0.866
       22  0.94446  -0.044  0.183 -0.016 -0.063  0.061  0.119 -0.937  0.926  1.000  0.926 -0.875
       23  0.99379  -0.020  0.175 -0.041 -0.052  0.139  0.100 -0.993  0.963  0.926  1.000 -0.901
       24  0.93011   0.061 -0.257  0.052  0.071 -0.112 -0.158  0.912 -0.866 -0.875 -0.901  1.000
 ERR MATRIX APPROXIMATE
MINUIT - FIT ONLY 1-y
 **********
 **   51 **RES 
 **********
                   PARAMETER   16  beta_vw RESTORED TO VARIABLE.
                   PARAMETER   14  alpha_vw RESTORED TO VARIABLE.
                   PARAMETER   13  beta_y RESTORED TO VARIABLE.
                   PARAMETER   11  alpha_y RESTORED TO VARIABLE.
                   PARAMETER   10  beta_2CBO RESTORED TO VARIABLE.
 **********
 **   52 **FIX            0
 **********
 PARAMETER    0  IS UNDEFINED. IGNORED.
 **********
 **   53 **FIX            1
 **********
 **********
 **   54 **FIX            2
 **********
 PARAMETER    2  IS CONSTANT.   IGNORED.
 **********
 **   55 **FIX            3
 **********
 **********
 **   56 **FIX            4
 **********
 **********
 **   57 **FIX            5
 **********
 PARAMETER    5  IS CONSTANT.   IGNORED.
 **********
 **   58 **FIX            6
 **********
 **********
 **   59 **FIX            7
 **********
 PARAMETER    7  IS CONSTANT.   IGNORED.
 **********
 **   60 **FIX            8
 **********
 **********
 **   61 **FIX            9
 **********
 **********
 **   62 **FIX           13
 **********
 **********
 **   63 **FIX           14
 **********
 **********
 **   64 **FIX           15
 **********
 PARAMETER   15  IS CONSTANT.   IGNORED.
 **********
 **   65 **FIX           16
 **********
 **********
 **   66 **MIGRAD
 **********
 START MIGRAD MINIMIZATION.  STRATEGY  1.  CONVERGENCE WHEN EDM .LT. 1.00e-04
 FCN=53.3577 FROM MIGRAD    STATUS=INITIATE       16 CALLS        5920 TOTAL
                     EDM= unknown      STRATEGY= 1      NO ERROR MATRIX       
  EXT PARAMETER               CURRENT GUESS       STEP         FIRST   
  NO.   NAME      VALUE            ERROR          SIZE      DERIVATIVE 
   1  N0           3.16014e+06     fixed    
   2  tau          6.43989e+01   constant   
   3  A0           3.42971e-01     fixed    
   4  phi          4.11837e+00     fixed    
   5  R           -6.14725e+01   constant   
   6  alpha_CBO    4.81298e-03     fixed    
   7  w_CBO        2.32500e+00   constant   
   8  beta_CBO    -8.66624e-04     fixed    
   9  alpha_2CBO   2.75203e-04     fixed    
  10  beta_2CBO    1.75891e-04   2.08068e-04   2.08068e-04  -2.77568e+03
  11  alpha_y      0.00000e+00   1.00000e-03   1.00000e-03  -2.75280e+03
  12  w_y          1.38860e+01   constant   
  13  beta_y       3.77414e-04     fixed    
  14  alpha_vw     0.00000e+00     fixed    
  15  w_vw         1.43404e+01   constant   
  16  beta_vw      0.00000e+00     fixed    
  17  LM          -2.06090e-04   constant   
  18  zeta_y       0.00000e+00   constant   
  19  zeta_vw      0.00000e+00   constant   
  20  T_CBO        1.73264e+01   3.72560e+00  -2.00428e-05  -3.81071e+00
  21  alpha_A0     1.31579e+01   3.32461e+01   2.93984e-02  -2.30693e-03
  22  beta_A0      1.39644e+01   3.24151e+01   3.56672e-02   2.45339e-04
  23  alpha_phi    3.83896e+01   7.55224e+01   1.81679e-01  -1.66669e-04
  24  beta_phi    -1.04920e+01   2.79367e+01   1.58300e-03   7.02612e-04
 MIGRAD MINIMIZATION HAS CONVERGED.
 MIGRAD WILL VERIFY CONVERGENCE AND ERROR MATRIX.
 FCN=53.1913 FROM HESSE     STATUS=NOT POSDEF     50 CALLS        6032 TOTAL
                     EDM=0.00046968    STRATEGY= 1      ERR MATRIX NOT POS-DEF
  EXT PARAMETER                APPROXIMATE        STEP         FIRST   
  NO.   NAME      VALUE            ERROR          SIZE      DERIVATIVE 
   1  N0           3.16014e+06     fixed    
   2  tau          6.43989e+01   constant   
   3  A0           3.42971e-01     fixed    
   4  phi          4.11837e+00     fixed    
   5  R           -6.14725e+01   constant   
   6  alpha_CBO    4.81298e-03     fixed    
   7  w_CBO        2.32500e+00   constant   
   8  beta_CBO    -8.66624e-04     fixed    
   9  alpha_2CBO   2.75203e-04     fixed    
  10  beta_2CBO    2.38020e-04   2.11970e-04   7.43114e-07   1.02999e+00
  11  alpha_y      5.82446e-05   2.06136e-04   7.42148e-07  -1.25272e+00
  12  w_y          1.38860e+01   constant   
  13  beta_y       3.77414e-04     fixed    
  14  alpha_vw     0.00000e+00     fixed    
  15  w_vw         1.43404e+01   constant   
  16  beta_vw      0.00000e+00     fixed    
  17  LM          -2.06090e-04   constant   
  18  zeta_y       0.00000e+00   constant   
  19  zeta_vw      0.00000e+00   constant   
  20  T_CBO        1.73311e+01   5.35942e+00   9.39952e-06  -5.25908e-01
  21  alpha_A0     1.30098e+01   3.80947e+01   3.08041e-02   6.05873e-05
  22  beta_A0      1.36208e+01   3.98703e+01   2.98357e-02   4.23673e-05
  23  alpha_phi    3.85883e+01   1.10390e+02   3.00552e-02   1.50939e-04
  24  beta_phi    -1.07394e+01   3.14235e+01   3.04276e-02  -3.99438e-05
 MIGRAD MINIMIZATION HAS CONVERGED.
 MIGRAD WILL VERIFY CONVERGENCE AND ERROR MATRIX.
 FCN=53.1842 FROM MIGRAD    STATUS=CONVERGED     663 CALLS        6567 TOTAL
                     EDM=6.77894e-06    STRATEGY= 1      ERR MATRIX NOT POS-DEF
  EXT PARAMETER                APPROXIMATE        STEP         FIRST   
  NO.   NAME      VALUE            ERROR          SIZE      DERIVATIVE 
   1  N0           3.16014e+06     fixed    
   2  tau          6.43989e+01   constant   
   3  A0           3.42971e-01     fixed    
   4  phi          4.11837e+00     fixed    
   5  R           -6.14725e+01   constant   
   6  alpha_CBO    4.81298e-03     fixed    
   7  w_CBO        2.32500e+00   constant   
   8  beta_CBO    -8.66624e-04     fixed    
   9  alpha_2CBO   2.75203e-04     fixed    
  10  beta_2CBO    2.38673e-04   2.11949e-04   7.43066e-07  -3.31933e-01
  11  alpha_y      5.78650e-05   2.06149e-04   7.42101e-07  -4.51583e-01
  12  w_y          1.38860e+01   constant   
  13  beta_y       3.77414e-04     fixed    
  14  alpha_vw     0.00000e+00     fixed    
  15  w_vw         1.43404e+01   constant   
  16  beta_vw      0.00000e+00     fixed    
  17  LM          -2.06090e-04   constant   
  18  zeta_y       0.00000e+00   constant   
  19  zeta_vw      0.00000e+00   constant   
  20  T_CBO        1.91598e+01   6.54664e+00   1.09337e-05  -3.24160e-01
  21  alpha_A0     5.39613e+00   1.58114e+01   1.27651e-02   4.78529e-04
  22  beta_A0      5.62665e+00   1.64697e+01   1.23369e-02  -5.12038e-04
  23  alpha_phi    1.59707e+01   4.56946e+01   1.24158e-02  -1.55577e-04
  24  beta_phi    -4.48190e+00   1.31074e+01   1.26220e-02   4.10817e-04
 EXTERNAL ERROR MATRIX.    NDIM=  25    NPAR=  7    ERR DEF=1
  4.492e-08 -3.214e-10  2.293e-05 -1.220e-04 -1.503e-04 -6.395e-05 -3.663e-05 
 -3.214e-10  4.250e-08 -9.366e-06  2.994e-05  2.922e-05  5.561e-05 -9.098e-06 
  2.293e-05 -9.366e-06  4.289e+01 -1.009e+02 -1.055e+02 -2.984e+02  8.263e+01 
 -1.220e-04  2.994e-05 -1.009e+02  2.500e+02  2.479e+02  7.011e+02 -1.947e+02 
 -1.503e-04  2.922e-05 -1.055e+02  2.479e+02  2.712e+02  7.331e+02 -2.025e+02 
 -6.395e-05  5.561e-05 -2.984e+02  7.011e+02  7.331e+02  2.088e+03 -5.738e+02 
 -3.663e-05 -9.098e-06  8.263e+01 -1.947e+02 -2.025e+02 -5.738e+02  1.718e+02 
ERR MATRIX NOT POS-DEF
 PARAMETER  CORRELATION COEFFICIENTS  
       NO.  GLOBAL     10     11     20     21     22     23     24
       10  0.22816   1.000 -0.007  0.017 -0.036 -0.043 -0.007 -0.013
       11  0.02389  -0.007  1.000 -0.007  0.009  0.009  0.006 -0.003
       20  0.99798   0.017 -0.007  1.000 -0.974 -0.978 -0.997  0.963
       21  0.97449  -0.036  0.009 -0.974  1.000  0.952  0.970 -0.939
       22  0.97808  -0.043  0.009 -0.978  0.952  1.000  0.974 -0.938
       23  0.99714  -0.007  0.006 -0.997  0.970  0.974  1.000 -0.958
       24  0.96350  -0.013 -0.003  0.963 -0.939 -0.938 -0.958  1.000
 ERR MATRIX NOT POS-DEF
MINUIT - FIT ONLY 2-y
 **********
 **   67 **RES 
 **********
                   PARAMETER   16  beta_vw RESTORED TO VARIABLE.
                   PARAMETER   14  alpha_vw RESTORED TO VARIABLE.
                   PARAMETER   13  beta_y RESTORED TO VARIABLE.
                   PARAMETER    9  alpha_2CBO RESTORED TO VARIABLE.
                   PARAMETER    8  beta_CBO RESTORED TO VARIABLE.
                   PARAMETER    6  alpha_CBO RESTORED TO VARIABLE.
                   PARAMETER    4  phi RESTORED TO VARIABLE.
                   PARAMETER    3  A0 RESTORED TO VARIABLE.
                   PARAMETER    1  N0 RESTORED TO VARIABLE.
 **********
 **   68 **FIX            0
 **********
 PARAMETER    0  IS UNDEFINED. IGNORED.
 **********
 **   69 **FIX            1
 **********
 **********
 **   70 **FIX            2
 **********
 PARAMETER    2  IS CONSTANT.   IGNORED.
 **********
 **   71 **FIX            3
 **********
 **********
 **   72 **FIX            4
 **********
 **********
 **   73 **FIX            5
 **********
 PARAMETER    5  IS CONSTANT.   IGNORED.
 **********
 **   74 **FIX            6
 **********
 **********
 **   75 **FIX            7
 **********
 PARAMETER    7  IS CONSTANT.   IGNORED.
 **********
 **   76 **FIX            8
 **********
 **********
 **   77 **FIX            9
 **********
 **********
 **   78 **FIX           10
 **********
 **********
 **   79 **FIX           11
 **********
 **********
 **   80 **FIX           12
 **********
 PARAMETER   12  IS CONSTANT.   IGNORED.
 **********
 **   81 **FIX           16
 **********
 **********
 **   82 **MIGRAD
 **********
 START MIGRAD MINIMIZATION.  STRATEGY  1.  CONVERGENCE WHEN EDM .LT. 1.00e-04
 FCN=53.1842 FROM MIGRAD    STATUS=INITIATE       16 CALLS        6583 TOTAL
                     EDM= unknown      STRATEGY= 1      NO ERROR MATRIX       
  EXT PARAMETER               CURRENT GUESS       STEP         FIRST   
  NO.   NAME      VALUE            ERROR          SIZE      DERIVATIVE 
   1  N0           3.16014e+06     fixed    
   2  tau          6.43989e+01   constant   
   3  A0           3.42971e-01     fixed    
   4  phi          4.11837e+00     fixed    
   5  R           -6.14725e+01   constant   
   6  alpha_CBO    4.81298e-03     fixed    
   7  w_CBO        2.32500e+00   constant   
   8  beta_CBO    -8.66624e-04     fixed    
   9  alpha_2CBO   2.75203e-04     fixed    
  10  beta_2CBO    2.38673e-04     fixed    
  11  alpha_y      5.78650e-05     fixed    
  12  w_y          1.38860e+01   constant   
  13  beta_y       3.77414e-04   2.02933e-04   2.02933e-04  -2.45979e+02
  14  alpha_vw     0.00000e+00   1.00000e-03   1.00000e-03   2.97108e+03
  15  w_vw         1.43404e+01   constant   
  16  beta_vw      0.00000e+00     fixed    
