 + ++++++++++++++++++++++++++++++++++++++++++++++++++++++++++++++++++++ +
 +                                                                      +
 +           You have chose to blind your fitting according to          +
 +                omega_ref * (1 + (R +/- deltaR) *10^{-6})             +
 +                                                                      +
 + ++++++++++++++++++++++++++++++++++++++++++++++++++++++++++++++++++++ +
In main()...
reading format from /gm2data/zkhechad/run45/envelope/formats/formatB_sBin_constraintOn.txt
pBinTau 	= 0  
pBinPhi 	= 0  
constraintau 	= 1 
includeMopTerm 	= 0    
constrainMop    = 0   
Parameters after format file: pBinTau 0 pBinPhi 0 constraintau 1 includeMopTerm 0 constrainMop 0 c_e_scale 0.000000 
Opening file /gm2data/tbarrett/gm2fr/studies/run23_bunch_corrections/CorrectedFourier_Run3b.root.
reading full fit data from /gm2data/zkhechad/cboTemplates/Run4CBOTemplates/templateFits0_v2.0/noRF/sBin_constraintOn_cE0.0_seed0_noRF_calo4.root
windowBins = 69
fitting sliding window 1908 from bin 2044 at 304.815600 to bin 2113 at 315.259600 (69 bins)

Reading data from /gm2data/cornell/histograms/aMethod/histogram_a_noRF.root
 **********
 **    1 **SET PRINTOUT            1
 **********
 **********
 **    2 **SET NOWARNINGS 
 **********
 PARAMETER DEFINITIONS:
    NO.   NAME         VALUE      STEP SIZE      LIMITS
     1 N0           2.96987e+06  1.00000e+02     no limits
     2 tau          6.44201e+01  constant
     3 A0           3.53307e-01  1.00000e-04     no limits
     4 phi          4.11740e+00  1.00000e-02     no limits
     5 R           -5.91013e+01  constant
     6 alpha_CBO    0.00000e+00  1.00000e-03     no limits
     7 w_CBO        2.32500e+00  constant
     8 beta_CBO     0.00000e+00  1.00000e-03     no limits
     9 alpha_2CBO   0.00000e+00  1.00000e-03     no limits
    10 beta_2CBO    0.00000e+00  1.00000e-03     no limits
    11 alpha_y      0.00000e+00  1.00000e-03     no limits
    12 w_y          1.44500e+01  constant
    13 beta_y       0.00000e+00  1.00000e-03     no limits
    14 alpha_vw     0.00000e+00  1.00000e-03     no limits
    15 w_vw         1.29000e+01  constant
    16 beta_vw      0.00000e+00  1.00000e-03     no limits
    17 LM           5.89621e-04  constant
    18 zeta_y       0.00000e+00  constant
    19 zeta_vw      0.00000e+00  constant
    20 T_CBO        1.00000e+02  1.00000e+00    0.00000e+00  1.00000e+03
    21 alpha_A0     0.00000e+00  1.00000e-03     no limits
    22 beta_A0      0.00000e+00  1.00000e-03     no limits
    23 alpha_phi    0.00000e+00  1.00000e-03     no limits
    24 beta_phi     0.00000e+00  1.00000e-03     no limits
MINUIT - FIT ONLY WIGGLE
 **********
 **    3 **FIX            5
 **********
 PARAMETER    5  IS CONSTANT.   IGNORED.
 **********
 **    4 **FIX            6
 **********
 **********
 **    5 **FIX            7
 **********
 PARAMETER    7  IS CONSTANT.   IGNORED.
 **********
 **    6 **FIX            8
 **********
 **********
 **    7 **FIX            9
 **********
 **********
 **    8 **FIX           10
 **********
 **********
 **    9 **FIX           11
 **********
 **********
 **   10 **FIX           12
 **********
 PARAMETER   12  IS CONSTANT.   IGNORED.
 **********
 **   11 **FIX           13
 **********
 **********
 **   12 **FIX           14
 **********
 **********
 **   13 **FIX           15
 **********
 PARAMETER   15  IS CONSTANT.   IGNORED.
 **********
 **   14 **FIX           16
 **********
 **********
 **   15 **MIGRAD
 **********
 FIRST CALL TO USER FUNCTION AT NEW START POINT, WITH IFLAG=4.
 START MIGRAD MINIMIZATION.  STRATEGY  1.  CONVERGENCE WHEN EDM .LT. 1.00e-04
 FCN=103.234 FROM MIGRAD    STATUS=INITIATE      437 CALLS         438 TOTAL
                     EDM= unknown      STRATEGY= 1      NO ERROR MATRIX       
  EXT PARAMETER               CURRENT GUESS       STEP         FIRST   
  NO.   NAME      VALUE            ERROR          SIZE      DERIVATIVE 
   1  N0           2.96987e+06   1.00000e+02   0.00000e+00   2.76685e-03
   2  tau          6.44201e+01   constant   
   3  A0           3.53307e-01   1.00000e-04   0.00000e+00  -2.22267e+03
   4  phi          4.11740e+00   1.00000e-02   0.00000e+00   3.21204e+02
   5  R           -5.91013e+01   constant   
   6  alpha_CBO    0.00000e+00     fixed    
   7  w_CBO        2.32500e+00   constant   
   8  beta_CBO     0.00000e+00     fixed    
   9  alpha_2CBO   0.00000e+00     fixed    
  10  beta_2CBO    0.00000e+00     fixed    
  11  alpha_y      0.00000e+00     fixed    
  12  w_y          1.44500e+01   constant   
  13  beta_y       0.00000e+00     fixed    
  14  alpha_vw     0.00000e+00     fixed    
  15  w_vw         1.29000e+01   constant   
  16  beta_vw      0.00000e+00     fixed    
  17  LM           5.89621e-04   constant   
  18  zeta_y       0.00000e+00   constant   
  19  zeta_vw      0.00000e+00   constant   
  20  T_CBO        1.00000e+02   1.00000e+00   0.00000e+00   0.00000e+00
  21  alpha_A0     0.00000e+00   1.00000e-03   0.00000e+00   2.31706e+00
  22  beta_A0      0.00000e+00   1.00000e-03   0.00000e+00   3.07258e+01
  23  alpha_phi    0.00000e+00   1.00000e-03   0.00000e+00   2.94360e+01
  24  beta_phi     0.00000e+00   1.00000e-03   0.00000e+00  -8.67030e+00
 MIGRAD MINIMIZATION HAS CONVERGED.
 FCN=98.3626 FROM MIGRAD    STATUS=CONVERGED     577 CALLS         578 TOTAL
                     EDM=5.96022e-06    STRATEGY= 1  ERROR MATRIX UNCERTAINTY   1.6 per cent
  EXT PARAMETER                                   STEP         FIRST   
  NO.   NAME      VALUE            ERROR          SIZE      DERIVATIVE 
   1  N0           2.96731e+06   1.40667e+03  -1.82995e+00   1.42520e-06
   2  tau          6.44201e+01   constant   
   3  A0           3.53600e-01   6.07626e-04  -4.78090e-06  -5.67128e-01
   4  phi          4.11749e+00   1.78312e-03   5.38511e-06   1.28983e+00
   5  R           -5.91013e+01   constant   
   6  alpha_CBO    0.00000e+00     fixed    
   7  w_CBO        2.32500e+00   constant   
   8  beta_CBO     0.00000e+00     fixed    
   9  alpha_2CBO   0.00000e+00     fixed    
  10  beta_2CBO    0.00000e+00     fixed    
  11  alpha_y      0.00000e+00     fixed    
  12  w_y          1.44500e+01   constant   
  13  beta_y       0.00000e+00     fixed    
  14  alpha_vw     0.00000e+00     fixed    
  15  w_vw         1.29000e+01   constant   
  16  beta_vw      0.00000e+00     fixed    
  17  LM           5.89621e-04   constant   
  18  zeta_y       0.00000e+00   constant   
  19  zeta_vw      0.00000e+00   constant   
  20  T_CBO        9.40248e+01   3.49043e+01  -7.52731e-05  -9.16425e-03
  21  alpha_A0     2.29704e-02   6.11133e-02   3.87333e-04  -4.91809e-02
  22  beta_A0     -5.48125e-02   5.59308e-02  -6.58213e-05   2.08609e-02
  23  alpha_phi   -3.52389e-02   5.18356e-02   2.23628e-04   7.03955e-03
  24  beta_phi    -2.25389e-02   6.45272e-02  -5.59085e-04  -2.03112e-02
 EXTERNAL ERROR MATRIX.    NDIM=  25    NPAR=  8    ERR DEF=1
  1.979e+06  9.011e-02 -2.874e-01 -3.064e+03 -1.533e+01 -7.409e-01 -7.716e+00  2.253e+01 
  9.011e-02  3.692e-07  8.452e-08 -3.140e-03 -2.158e-08  2.029e-06  1.540e-06 -3.467e-06 
 -2.874e-01  8.452e-08  3.180e-06  1.291e-03  1.221e-05 -5.413e-06  2.128e-06 -1.452e-05 
 -3.064e+03 -3.140e-03  1.291e-03  1.224e+03  4.890e-01 -9.544e-01 -5.002e-01 -4.114e-01 
 -1.533e+01 -2.158e-08  1.221e-05  4.890e-01  3.735e-03 -3.594e-04  1.795e-04 -8.808e-04 
 -7.409e-01  2.029e-06 -5.413e-06 -9.544e-01 -3.594e-04  3.128e-03 -1.825e-04  4.954e-04 
 -7.716e+00  1.540e-06  2.128e-06 -5.002e-01  1.795e-04 -1.825e-04  2.687e-03 -2.114e-04 
  2.253e+01 -3.467e-06 -1.452e-05 -4.114e-01 -8.808e-04  4.954e-04 -2.114e-04  4.164e-03 
 PARAMETER  CORRELATION COEFFICIENTS  
       NO.  GLOBAL      1      3      4     20     21     22     23     24
        1  0.33872   1.000  0.105 -0.115 -0.062 -0.178 -0.009 -0.106  0.248
        3  0.24254   0.105  1.000  0.078 -0.148 -0.001  0.060  0.049 -0.088
        4  0.19503  -0.115  0.078  1.000  0.021  0.112 -0.054  0.023 -0.126
       20  0.62710  -0.062 -0.148  0.021  1.000  0.229 -0.488 -0.276 -0.182
       21  0.34235  -0.178 -0.001  0.112  0.229  1.000 -0.105  0.057 -0.223
       22  0.53762  -0.009  0.060 -0.054 -0.488 -0.105  1.000 -0.063  0.137
       23  0.39905  -0.106  0.049  0.023 -0.276  0.057 -0.063  1.000 -0.063
       24  0.37590   0.248 -0.088 -0.126 -0.182 -0.223  0.137 -0.063  1.000
MINUIT - FIT ONLY 1-CBO + wiggle
 **********
 **   16 **RES 
 **********
                   PARAMETER   16  beta_vw RESTORED TO VARIABLE.
                   PARAMETER   14  alpha_vw RESTORED TO VARIABLE.
                   PARAMETER   13  beta_y RESTORED TO VARIABLE.
                   PARAMETER   11  alpha_y RESTORED TO VARIABLE.
                   PARAMETER   10  beta_2CBO RESTORED TO VARIABLE.
                   PARAMETER    9  alpha_2CBO RESTORED TO VARIABLE.
                   PARAMETER    8  beta_CBO RESTORED TO VARIABLE.
                   PARAMETER    6  alpha_CBO RESTORED TO VARIABLE.
 **********
 **   17 **FIX            8
 **********
 **********
 **   18 **FIX            9
 **********
 **********
 **   19 **FIX           11
 **********
 **********
 **   20 **FIX           12
 **********
 PARAMETER   12  IS CONSTANT.   IGNORED.
 **********
 **   21 **FIX           14
 **********
 **********
 **   22 **FIX           15
 **********
 PARAMETER   15  IS CONSTANT.   IGNORED.
 **********
 **   23 **FIX           16
 **********
 **********
 **   24 **MIGRAD
 **********
 START MIGRAD MINIMIZATION.  STRATEGY  1.  CONVERGENCE WHEN EDM .LT. 1.00e-04
 FCN=98.3626 FROM MIGRAD    STATUS=INITIATE       28 CALLS         606 TOTAL
                     EDM= unknown      STRATEGY= 1      NO ERROR MATRIX       
  EXT PARAMETER               CURRENT GUESS       STEP         FIRST   
  NO.   NAME      VALUE            ERROR          SIZE      DERIVATIVE 
   1  N0           2.96731e+06   1.40667e+03  -1.82995e+00   1.42520e-06
   2  tau          6.44201e+01   constant   
   3  A0           3.53600e-01   6.07626e-04  -4.78090e-06  -5.67128e-01
   4  phi          4.11749e+00   1.78312e-03   5.38511e-06   1.28983e+00
   5  R           -5.91013e+01   constant   
   6  alpha_CBO    0.00000e+00   1.00000e-03   1.00000e-03   4.28948e+03
   7  w_CBO        2.32500e+00   constant   
   8  beta_CBO     0.00000e+00     fixed    
   9  alpha_2CBO   0.00000e+00     fixed    
  10  beta_2CBO    0.00000e+00   1.00000e-03   1.00000e-03   2.56629e+03
  11  alpha_y      0.00000e+00     fixed    
  12  w_y          1.44500e+01   constant   
  13  beta_y       0.00000e+00   1.00000e-03   1.00000e-03  -3.74736e+03
  14  alpha_vw     0.00000e+00     fixed    
  15  w_vw         1.29000e+01   constant   
  16  beta_vw      0.00000e+00     fixed    
  17  LM           5.89621e-04   constant   
  18  zeta_y       0.00000e+00   constant   
  19  zeta_vw      0.00000e+00   constant   
  20  T_CBO        9.40248e+01   3.49043e+01  -7.52731e-05   9.16344e-03
  21  alpha_A0     2.29704e-02   6.11133e-02   3.87333e-04  -4.91810e-02
  22  beta_A0     -5.48125e-02   5.59308e-02  -6.58213e-05   2.08609e-02
  23  alpha_phi   -3.52389e-02   5.18356e-02   2.23628e-04   7.03955e-03
  24  beta_phi    -2.25389e-02   6.45272e-02  -5.59085e-04  -2.03112e-02
 MIGRAD MINIMIZATION HAS CONVERGED.
 FCN=93.808 FROM MIGRAD    STATUS=CONVERGED     172 CALLS         750 TOTAL
                     EDM=1.47984e-06    STRATEGY= 1  ERROR MATRIX UNCERTAINTY   2.7 per cent
  EXT PARAMETER                                   STEP         FIRST   
  NO.   NAME      VALUE            ERROR          SIZE      DERIVATIVE 
   1  N0           2.96736e+06   1.36220e+03   1.48228e+00   7.76865e-07
   2  tau          6.44201e+01   constant   
   3  A0           3.53739e-01   6.42832e-04   5.50042e-07  -1.76993e+00
   4  phi          4.11792e+00   1.88421e-03   2.17952e-06  -1.08477e-01
   5  R           -5.91013e+01   constant   
   6  alpha_CBO   -1.04843e-03   7.05478e-04  -2.64550e-08  -7.79792e-02
   7  w_CBO        2.32500e+00   constant   
   8  beta_CBO     0.00000e+00     fixed    
   9  alpha_2CBO   0.00000e+00     fixed    
  10  beta_2CBO   -5.86148e-04   7.04302e-04   2.21469e-06  -1.25605e+00
  11  alpha_y      0.00000e+00     fixed    
  12  w_y          1.44500e+01   constant   
  13  beta_y       8.29173e-04   6.71946e-04   1.51145e-06  -4.40044e-01
  14  alpha_vw     0.00000e+00     fixed    
  15  w_vw         1.29000e+01   constant   
  16  beta_vw      0.00000e+00     fixed    
  17  LM           5.89621e-04   constant   
  18  zeta_y       0.00000e+00   constant   
  19  zeta_vw      0.00000e+00   constant   
  20  T_CBO        9.72910e+01   2.33639e+01   1.23834e-04  -4.44352e-03
  21  alpha_A0     3.68538e-02   6.41469e-02   6.11456e-05   7.28505e-03
  22  beta_A0     -4.52848e-02   6.10406e-02   1.96003e-06  -2.96229e-03
  23  alpha_phi   -5.52467e-02   5.73686e-02   1.14136e-05   1.58835e-02
  24  beta_phi    -2.04929e-02   6.41296e-02  -1.78961e-04  -1.63875e-02
 EXTERNAL ERROR MATRIX.    NDIM=  25    NPAR= 11    ERR DEF=1
  1.856e+06 
  3.141e-02  4.132e-07 
  1.604e-02  1.501e-07  3.550e-06 
 -3.008e-02 -8.028e-08 -2.406e-07  4.977e-07 
 -3.295e-02  3.053e-08  3.291e-08 -1.754e-08  4.960e-07 
 -3.125e-02  1.001e-08 -2.570e-09 -8.475e-10  8.451e-09  4.515e-07 
 -2.906e+02  1.631e-03  2.868e-03 -1.731e-03  7.579e-04  9.445e-05  5.470e+02 
 -4.101e+00  1.580e-06  2.571e-07 -4.561e-06 -3.490e-06 -6.475e-07 -2.629e-01  4.115e-03 
 -5.220e+00 -3.428e-06 -9.326e-06  1.438e-06 -6.085e-06  1.358e-06  2.782e-01  2.807e-07  3.726e-03 
 -5.207e-01 -5.766e-07 -2.510e-07  5.978e-06  3.249e-06 -1.342e-06  3.739e-01  3.915e-04 -3.325e-04  3.291e-03 
  6.021e+00 -5.220e-06 -8.991e-06  1.383e-06 -2.479e-06  1.592e-06  4.783e-02  3.237e-04  4.133e-04 -3.218e-05  4.113e-03 
 PARAMETER  CORRELATION COEFFICIENTS  
       NO.  GLOBAL      1      3      4      6     10     13     20     21     22     23     24
        1  0.13833   1.000  0.036  0.006 -0.031 -0.034 -0.034 -0.009 -0.047 -0.063 -0.007  0.069
        3  0.27914   0.036  1.000  0.124 -0.177  0.067  0.023  0.109  0.038 -0.087 -0.016 -0.127
        4  0.22740   0.006  0.124  1.000 -0.181  0.025 -0.002  0.065  0.002 -0.081 -0.002 -0.074
        6  0.34646  -0.031 -0.177 -0.181  1.000 -0.035 -0.002 -0.105 -0.101  0.033  0.148  0.031
       10  0.20285  -0.034  0.067  0.025 -0.035  1.000  0.018  0.046 -0.077 -0.142  0.080 -0.055
       13  0.07914  -0.034  0.023 -0.002 -0.002  0.018  1.000  0.006 -0.015  0.033 -0.035  0.037
       20  0.47142  -0.009  0.109  0.065 -0.105  0.046  0.006  1.000 -0.175  0.195  0.279  0.032
       21  0.32644  -0.047  0.038  0.002 -0.101 -0.077 -0.015 -0.175  1.000  0.000  0.106  0.079
       22  0.34002  -0.063 -0.087 -0.081  0.033 -0.142  0.033  0.195  0.000  1.000 -0.095  0.106
       23  0.42224  -0.007 -0.016 -0.002  0.148  0.080 -0.035  0.279  0.106 -0.095  1.000 -0.009
       24  0.21747   0.069 -0.127 -0.074  0.031 -0.055  0.037  0.032  0.079  0.106 -0.009  1.000
MINUIT - FIT ONLY 2-CBO
 **********
 **   25 **RES 
 **********
                   PARAMETER   16  beta_vw RESTORED TO VARIABLE.
                   PARAMETER   14  alpha_vw RESTORED TO VARIABLE.
                   PARAMETER   11  alpha_y RESTORED TO VARIABLE.
                   PARAMETER    9  alpha_2CBO RESTORED TO VARIABLE.
                   PARAMETER    8  beta_CBO RESTORED TO VARIABLE.
 **********
 **   26 **FIX            0
 **********
 PARAMETER    0  IS UNDEFINED. IGNORED.
 **********
 **   27 **FIX            1
 **********
 **********
 **   28 **FIX            2
 **********
 PARAMETER    2  IS CONSTANT.   IGNORED.
 **********
 **   29 **FIX            3
 **********
 **********
 **   30 **FIX            4
 **********
 **********
 **   31 **FIX            5
 **********
 PARAMETER    5  IS CONSTANT.   IGNORED.
 **********
 **   32 **FIX            6
 **********
 **********
 **   33 **FIX            7
 **********
 PARAMETER    7  IS CONSTANT.   IGNORED.
 **********
 **   34 **FIX           10
 **********
 **********
 **   35 **FIX           11
 **********
 **********
 **   36 **FIX           12
 **********
 PARAMETER   12  IS CONSTANT.   IGNORED.
 **********
 **   37 **FIX           13
 **********
 **********
 **   38 **FIX           14
 **********
 **********
 **   39 **FIX           15
 **********
 PARAMETER   15  IS CONSTANT.   IGNORED.
 **********
 **   40 **FIX           16
 **********
 **********
 **   41 **MIGRAD
 **********
 START MIGRAD MINIMIZATION.  STRATEGY  1.  CONVERGENCE WHEN EDM .LT. 1.00e-04
 FCN=93.808 FROM MIGRAD    STATUS=INITIATE       18 CALLS         768 TOTAL
                     EDM= unknown      STRATEGY= 1      NO ERROR MATRIX       
  EXT PARAMETER               CURRENT GUESS       STEP         FIRST   
  NO.   NAME      VALUE            ERROR          SIZE      DERIVATIVE 
   1  N0           2.96736e+06     fixed    
   2  tau          6.44201e+01   constant   
   3  A0           3.53739e-01     fixed    
   4  phi          4.11792e+00     fixed    
   5  R           -5.91013e+01   constant   
   6  alpha_CBO   -1.04843e-03     fixed    
   7  w_CBO        2.32500e+00   constant   
   8  beta_CBO     0.00000e+00   1.00000e-03   1.00000e-03   1.74935e+04
   9  alpha_2CBO   0.00000e+00   1.00000e-03   1.00000e-03  -2.95135e+02
  10  beta_2CBO   -5.86148e-04     fixed    
  11  alpha_y      0.00000e+00     fixed    
  12  w_y          1.44500e+01   constant   
  13  beta_y       8.29173e-04     fixed    
  14  alpha_vw     0.00000e+00     fixed    
  15  w_vw         1.29000e+01   constant   
  16  beta_vw      0.00000e+00     fixed    
  17  LM           5.89621e-04   constant   
  18  zeta_y       0.00000e+00   constant   
  19  zeta_vw      0.00000e+00   constant   
  20  T_CBO        9.72910e+01   2.33639e+01   1.23834e-04  -4.44388e-03
  21  alpha_A0     3.68538e-02   6.41469e-02   6.11456e-05   7.28506e-03
  22  beta_A0     -4.52848e-02   6.10406e-02   1.96003e-06  -2.96233e-03
  23  alpha_phi   -5.52467e-02   5.73686e-02   1.14136e-05   1.58835e-02
  24  beta_phi    -2.04929e-02   6.41296e-02  -1.78961e-04  -1.63875e-02
 MIGRAD MINIMIZATION HAS CONVERGED.
 MIGRAD WILL VERIFY CONVERGENCE AND ERROR MATRIX.
 COVARIANCE MATRIX CALCULATED SUCCESSFULLY
 FCN=57.7784 FROM HESSE     STATUS=OK             50 CALLS         897 TOTAL
                     EDM=0.00682425    STRATEGY= 1      ERROR MATRIX ACCURATE 
  EXT PARAMETER                                   STEP         FIRST   
  NO.   NAME      VALUE            ERROR          SIZE      DERIVATIVE 
   1  N0           2.96736e+06     fixed    
   2  tau          6.44201e+01   constant   
   3  A0           3.53739e-01     fixed    
   4  phi          4.11792e+00     fixed    
   5  R           -5.91013e+01   constant   
   6  alpha_CBO   -1.04843e-03     fixed    
   7  w_CBO        2.32500e+00   constant   
   8  beta_CBO    -4.11821e-03   6.86771e-04   2.52290e-06   1.73647e-01
   9  alpha_2CBO   2.40227e-05   6.87847e-04   2.50000e-06   1.37935e-01
  10  beta_2CBO   -5.86148e-04     fixed    
  11  alpha_y      0.00000e+00     fixed    
  12  w_y          1.44500e+01   constant   
  13  beta_y       8.29173e-04     fixed    
  14  alpha_vw     0.00000e+00     fixed    
  15  w_vw         1.29000e+01   constant   
  16  beta_vw      0.00000e+00     fixed    
  17  LM           5.89621e-04   constant   
  18  zeta_y       0.00000e+00   constant   
  19  zeta_vw      0.00000e+00   constant   
  20  T_CBO        9.52148e+01   9.29469e+02   2.38546e-04   2.02089e-02
  21  alpha_A0     2.48510e-02   1.06125e+00   2.42411e-04   3.98319e-03
  22  beta_A0     -4.91734e-03   2.32125e-01   2.46128e-04   2.10048e-02
  23  alpha_phi   -6.53939e-02   2.75517e+00   2.25104e-04  -6.45320e-03
  24  beta_phi    -7.49480e-02   3.15352e+00   2.38800e-04   3.09627e-02
 CALL LIMIT EXCEEDED IN MIGRAD.
 MIGRAD TERMINATED WITHOUT CONVERGENCE.
 FCN=57.7674 FROM MIGRAD    STATUS=CALL LIMIT   1154 CALLS        1904 TOTAL
                     EDM=0.000649708    STRATEGY= 1  ERROR MATRIX UNCERTAINTY  25.5 per cent
  EXT PARAMETER                APPROXIMATE        STEP         FIRST   
  NO.   NAME      VALUE            ERROR          SIZE      DERIVATIVE 
   1  N0           2.96736e+06     fixed    
   2  tau          6.44201e+01   constant   
   3  A0           3.53739e-01     fixed    
   4  phi          4.11792e+00     fixed    
   5  R           -5.91013e+01   constant   
   6  alpha_CBO   -1.04843e-03     fixed    
   7  w_CBO        2.32500e+00   constant   
   8  beta_CBO    -4.11467e-03   6.55372e-04   5.76310e-06   2.79654e+01
   9  alpha_2CBO   1.13891e-05   6.41424e-04  -8.35002e-06  -3.85257e+01
  10  beta_2CBO   -5.86148e-04     fixed    
  11  alpha_y      0.00000e+00     fixed    
  12  w_y          1.44500e+01   constant   
  13  beta_y       8.29173e-04     fixed    
  14  alpha_vw     0.00000e+00     fixed    
  15  w_vw         1.29000e+01   constant   
  16  beta_vw      0.00000e+00     fixed    
  17  LM           5.89621e-04   constant   
  18  zeta_y       0.00000e+00   constant   
  19  zeta_vw      0.00000e+00   constant   
  20  T_CBO        4.69735e+01   7.93913e+01  -6.85584e-03   6.29377e-02
  21  alpha_A0     7.00322e-01   6.69116e+00   1.35550e-01  -6.46041e-06
  22  beta_A0     -1.90451e-01   1.88279e+00  -2.49507e-02   9.31531e-03
  23  alpha_phi   -1.84916e+00   1.75262e+01  -3.48872e-01  -3.19107e-03
  24  beta_phi    -2.11084e+00   1.97502e+01  -3.82538e-01   2.23589e-03
 EXTERNAL ERROR MATRIX.    NDIM=  25    NPAR=  7    ERR DEF=1
  4.295e-07  4.511e-08 -5.384e-03  4.127e-04 -1.283e-04 -1.092e-03 -1.247e-03 
  4.511e-08  4.114e-07  9.302e-03 -7.340e-04  2.058e-04  1.920e-03  2.183e-03 
 -5.384e-03  9.302e-03  6.623e+03 -5.407e+02  1.393e+02  1.419e+03  1.601e+03 
  4.127e-04 -7.340e-04 -5.407e+02  4.477e+01 -1.109e+01 -1.172e+02 -1.317e+02 
 -1.283e-04  2.058e-04  1.393e+02 -1.109e+01  3.545e+00  2.955e+01  3.405e+01 
 -1.092e-03  1.920e-03  1.419e+03 -1.172e+02  2.955e+01  3.072e+02  3.457e+02 
 -1.247e-03  2.183e-03  1.601e+03 -1.317e+02  3.405e+01  3.457e+02  3.901e+02 
ERR MATRIX APPROXIMATE
 PARAMETER  CORRELATION COEFFICIENTS  
       NO.  GLOBAL      8      9     20     21     22     23     24
        8  0.23372   1.000  0.107 -0.101  0.094 -0.104 -0.095 -0.096
        9  0.28072   0.107  1.000  0.178 -0.171  0.170  0.171  0.172
       20  0.99594  -0.101  0.178  1.000 -0.993  0.909  0.995  0.996
       21  0.99994   0.094 -0.171 -0.993  1.000 -0.880 -0.999 -0.997
       22  0.99887  -0.104  0.170  0.909 -0.880  1.000  0.895  0.916
       23  0.99999  -0.095  0.171  0.995 -0.999  0.895  1.000  0.999
       24  0.99999  -0.096  0.172  0.996 -0.997  0.916  0.999  1.000
 ERR MATRIX APPROXIMATE
MINUIT - FIT wiggle + 1-CBO + 2-CBO
 **********
 **   42 **RES 
 **********
                   PARAMETER   16  beta_vw RESTORED TO VARIABLE.
                   PARAMETER   14  alpha_vw RESTORED TO VARIABLE.
                   PARAMETER   13  beta_y RESTORED TO VARIABLE.
                   PARAMETER   11  alpha_y RESTORED TO VARIABLE.
                   PARAMETER   10  beta_2CBO RESTORED TO VARIABLE.
                   PARAMETER    6  alpha_CBO RESTORED TO VARIABLE.
                   PARAMETER    4  phi RESTORED TO VARIABLE.
                   PARAMETER    3  A0 RESTORED TO VARIABLE.
                   PARAMETER    1  N0 RESTORED TO VARIABLE.
 **********
 **   43 **FIX           10
 **********
 **********
 **   44 **FIX           11
 **********
 **********
 **   45 **FIX           12
 **********
 PARAMETER   12  IS CONSTANT.   IGNORED.
 **********
 **   46 **FIX           13
 **********
 **********
 **   47 **FIX           14
 **********
 **********
 **   48 **FIX           15
 **********
 PARAMETER   15  IS CONSTANT.   IGNORED.
 **********
 **   49 **FIX           16
 **********
 **********
 **   50 **MIGRAD
 **********
 START MIGRAD MINIMIZATION.  STRATEGY  1.  CONVERGENCE WHEN EDM .LT. 1.00e-04
 FCN=57.7674 FROM MIGRAD    STATUS=INITIATE       22 CALLS        1926 TOTAL
                     EDM= unknown      STRATEGY= 1      NO ERROR MATRIX       
  EXT PARAMETER               CURRENT GUESS       STEP         FIRST   
  NO.   NAME      VALUE            ERROR          SIZE      DERIVATIVE 
   1  N0           2.96736e+06   1.36220e+03   1.36220e+03  -1.00976e-04
   2  tau          6.44201e+01   constant   
   3  A0           3.53739e-01   6.42832e-04   6.42832e-04   3.02265e+03
   4  phi          4.11792e+00   1.88421e-03   1.88421e-03  -5.99891e+02
   5  R           -5.91013e+01   constant   
   6  alpha_CBO   -1.04843e-03   7.05478e-04   7.05478e-04   4.36958e+02
   7  w_CBO        2.32500e+00   constant   
   8  beta_CBO    -4.11467e-03   6.55372e-04   5.76310e-06   2.79654e+01
   9  alpha_2CBO   1.13891e-05   6.41424e-04  -8.35002e-06  -3.85257e+01
  10  beta_2CBO   -5.86148e-04     fixed    
  11  alpha_y      0.00000e+00     fixed    
  12  w_y          1.44500e+01   constant   
  13  beta_y       8.29173e-04     fixed    
  14  alpha_vw     0.00000e+00     fixed    
  15  w_vw         1.29000e+01   constant   
  16  beta_vw      0.00000e+00     fixed    
  17  LM           5.89621e-04   constant   
  18  zeta_y       0.00000e+00   constant   
  19  zeta_vw      0.00000e+00   constant   
  20  T_CBO        4.69735e+01   7.93913e+01  -6.85584e-03   6.28999e-02
  21  alpha_A0     7.00322e-01   6.69116e+00   1.35550e-01  -6.45702e-06
  22  beta_A0     -1.90451e-01   1.88279e+00  -2.49507e-02   9.31531e-03
  23  alpha_phi   -1.84916e+00   1.75262e+01  -3.48872e-01  -3.19107e-03
  24  beta_phi    -2.11084e+00   1.97502e+01  -3.82538e-01   2.23589e-03
 CALL LIMIT EXCEEDED IN MIGRAD.
 MIGRAD TERMINATED WITHOUT CONVERGENCE.
 FCN=56.5453 FROM MIGRAD    STATUS=CALL LIMIT   1910 CALLS        3814 TOTAL
                     EDM=0.00155773    STRATEGY= 1  ERROR MATRIX UNCERTAINTY   0.1 per cent
  EXT PARAMETER                APPROXIMATE        STEP         FIRST   
  NO.   NAME      VALUE            ERROR          SIZE      DERIVATIVE 
   1  N0           2.96715e+06   1.40777e+03  -4.08785e-01   2.86710e-06
   2  tau          6.44201e+01   constant   
   3  A0           3.53150e-01   6.26195e-04   1.28919e-06  -6.48914e+00
   4  phi          4.11890e+00   1.84391e-03   2.86699e-06  -1.42226e+00
   5  R           -5.91013e+01   constant   
   6  alpha_CBO   -1.11653e-03   6.80279e-04  -9.97547e-07   7.80809e+00
   7  w_CBO        2.32500e+00   constant   
   8  beta_CBO    -4.26147e-03   6.78128e-04   1.26584e-06  -1.52481e+01
   9  alpha_2CBO  -1.83834e-05   6.48601e-04   6.17708e-07  -6.29143e+00
  10  beta_2CBO   -5.86148e-04     fixed    
  11  alpha_y      0.00000e+00     fixed    
  12  w_y          1.44500e+01   constant   
  13  beta_y       8.29173e-04     fixed    
  14  alpha_vw     0.00000e+00     fixed    
  15  w_vw         1.29000e+01   constant   
  16  beta_vw      0.00000e+00     fixed    
  17  LM           5.89621e-04   constant   
  18  zeta_y       0.00000e+00   constant   
  19  zeta_vw      0.00000e+00   constant   
  20  T_CBO        1.72190e+02   2.44711e+02   8.33851e-03  -4.29720e-02
  21  alpha_A0     6.52683e-03   1.97849e-02   2.56266e-05   1.87706e+00
  22  beta_A0      2.90447e-04   2.69697e-02  -2.66865e-04  -8.32751e-01
  23  alpha_phi   -1.48460e-02   4.67714e-02   1.86921e-04  -5.20728e-01
  24  beta_phi    -1.60311e-02   5.50037e-02   2.45722e-04   8.27532e-01
 EXTERNAL ERROR MATRIX.    NDIM=  25    NPAR= 11    ERR DEF=1
  1.982e+06 
  1.410e-01  3.921e-07 
 -2.341e-01  7.542e-08  3.400e-06 
 -4.260e-02 -7.164e-08 -2.223e-07  4.628e-07 
 -4.326e-03  5.919e-08 -1.075e-07  1.981e-08  4.599e-07 
 -4.821e-02  3.390e-08  3.064e-08 -3.571e-08  2.872e-08  4.207e-07 
  1.445e+04 -1.147e-02  4.776e-03 -3.453e-03 -1.818e-02 -2.826e-02  7.088e+04 
 -6.458e+00  1.315e-06  2.827e-06 -1.384e-06  2.003e-06  1.660e-06 -3.100e+00  3.914e-04 
 -4.071e+00 -9.247e-07 -2.414e-06  6.050e-07 -3.725e-08  2.633e-06 -3.220e+00  2.915e-04  7.274e-04 
 -9.138e-01 -2.463e-06  1.256e-06  1.754e-06 -3.155e-06 -6.211e-06  1.140e+01 -4.729e-04 -6.358e-04  2.188e-03 
  7.326e+00 -3.833e-06 -3.145e-06  3.416e-08 -2.091e-06 -6.828e-06  1.368e+01 -7.128e-04 -6.632e-04  2.177e-03  3.025e-03 
ERR MATRIX APPROXIMATE
 PARAMETER  CORRELATION COEFFICIENTS  
       NO.  GLOBAL      1      3      4      6      8      9     20     21     22     23     24
        1  0.35927   1.000  0.160 -0.090 -0.044 -0.005 -0.053  0.039 -0.232 -0.107 -0.014  0.095
        3  0.35033   0.160  1.000  0.065 -0.168  0.139  0.083 -0.069  0.106 -0.055 -0.084 -0.111
        4  0.25438  -0.090  0.065  1.000 -0.177 -0.086  0.026  0.010  0.077 -0.049  0.015 -0.031
        6  0.36310  -0.044 -0.168 -0.177  1.000  0.043 -0.081 -0.019 -0.103  0.033  0.055  0.001
        8  0.31881  -0.005  0.139 -0.086  0.043  1.000  0.065 -0.101  0.149 -0.002 -0.099 -0.056
        9  0.27195  -0.053  0.083  0.026 -0.081  0.065  1.000 -0.164  0.129  0.151 -0.205 -0.191
       20  0.96623   0.039 -0.069  0.010 -0.019 -0.101 -0.164  1.000 -0.589 -0.448  0.916  0.934
       21  0.77170  -0.232  0.106  0.077 -0.103  0.149  0.129 -0.589  1.000  0.546 -0.511 -0.655
       22  0.66138  -0.107 -0.055 -0.049  0.033 -0.002  0.151 -0.448  0.546  1.000 -0.504 -0.447
       23  0.93161  -0.014 -0.084  0.015  0.055 -0.099 -0.205  0.916 -0.511 -0.504  1.000  0.846
       24  0.94755   0.095 -0.111 -0.031  0.001 -0.056 -0.191  0.934 -0.655 -0.447  0.846  1.000
 ERR MATRIX APPROXIMATE
MINUIT - FIT ONLY 1-y
 **********
 **   51 **RES 
 **********
                   PARAMETER   16  beta_vw RESTORED TO VARIABLE.
                   PARAMETER   14  alpha_vw RESTORED TO VARIABLE.
                   PARAMETER   13  beta_y RESTORED TO VARIABLE.
                   PARAMETER   11  alpha_y RESTORED TO VARIABLE.
                   PARAMETER   10  beta_2CBO RESTORED TO VARIABLE.
 **********
 **   52 **FIX            0
 **********
 PARAMETER    0  IS UNDEFINED. IGNORED.
 **********
 **   53 **FIX            1
 **********
 **********
 **   54 **FIX            2
 **********
 PARAMETER    2  IS CONSTANT.   IGNORED.
 **********
 **   55 **FIX            3
 **********
 **********
 **   56 **FIX            4
 **********
 **********
 **   57 **FIX            5
 **********
 PARAMETER    5  IS CONSTANT.   IGNORED.
 **********
 **   58 **FIX            6
 **********
 **********
 **   59 **FIX            7
 **********
 PARAMETER    7  IS CONSTANT.   IGNORED.
 **********
 **   60 **FIX            8
 **********
 **********
 **   61 **FIX            9
 **********
 **********
 **   62 **FIX           13
 **********
 **********
 **   63 **FIX           14
 **********
 **********
 **   64 **FIX           15
 **********
 PARAMETER   15  IS CONSTANT.   IGNORED.
 **********
 **   65 **FIX           16
 **********
 **********
 **   66 **MIGRAD
 **********
 START MIGRAD MINIMIZATION.  STRATEGY  1.  CONVERGENCE WHEN EDM .LT. 1.00e-04
 FCN=56.5453 FROM MIGRAD    STATUS=INITIATE       16 CALLS        3830 TOTAL
                     EDM= unknown      STRATEGY= 1      NO ERROR MATRIX       
  EXT PARAMETER               CURRENT GUESS       STEP         FIRST   
  NO.   NAME      VALUE            ERROR          SIZE      DERIVATIVE 
   1  N0           2.96715e+06     fixed    
   2  tau          6.44201e+01   constant   
   3  A0           3.53150e-01     fixed    
   4  phi          4.11890e+00     fixed    
   5  R           -5.91013e+01   constant   
   6  alpha_CBO   -1.11653e-03     fixed    
   7  w_CBO        2.32500e+00   constant   
   8  beta_CBO    -4.26147e-03     fixed    
   9  alpha_2CBO  -1.83834e-05     fixed    
  10  beta_2CBO   -5.86148e-04   7.04302e-04   7.04302e-04  -1.11889e+03
  11  alpha_y      0.00000e+00   1.00000e-03   1.00000e-03   3.48631e+03
  12  w_y          1.44500e+01   constant   
  13  beta_y       8.29173e-04     fixed    
  14  alpha_vw     0.00000e+00     fixed    
  15  w_vw         1.29000e+01   constant   
  16  beta_vw      0.00000e+00     fixed    
  17  LM           5.89621e-04   constant   
  18  zeta_y       0.00000e+00   constant   
  19  zeta_vw      0.00000e+00   constant   
  20  T_CBO        1.72190e+02   2.44711e+02   8.33851e-03  -4.29719e-02
  21  alpha_A0     6.52683e-03   1.97849e-02   2.56266e-05   1.87706e+00
  22  beta_A0      2.90447e-04   2.69697e-02  -2.66865e-04  -8.32751e-01
  23  alpha_phi   -1.48460e-02   4.67714e-02   1.86921e-04  -5.20728e-01
  24  beta_phi    -1.60311e-02   5.50037e-02   2.45722e-04   8.27532e-01
 MIGRAD MINIMIZATION HAS CONVERGED.
 MIGRAD WILL VERIFY CONVERGENCE AND ERROR MATRIX.
 COVARIANCE MATRIX CALCULATED SUCCESSFULLY
 FCN=55.0408 FROM MIGRAD    STATUS=CONVERGED     787 CALLS        4601 TOTAL
                     EDM=9.19499e-06    STRATEGY= 1      ERROR MATRIX ACCURATE 
  EXT PARAMETER                                   STEP         FIRST   
  NO.   NAME      VALUE            ERROR          SIZE      DERIVATIVE 
   1  N0           2.96715e+06     fixed    
   2  tau          6.44201e+01   constant   
   3  A0           3.53150e-01     fixed    
   4  phi          4.11890e+00     fixed    
   5  R           -5.91013e+01   constant   
   6  alpha_CBO   -1.11653e-03     fixed    
   7  w_CBO        2.32500e+00   constant   
   8  beta_CBO    -4.26147e-03     fixed    
   9  alpha_2CBO  -1.83834e-05     fixed    
  10  beta_2CBO   -3.37071e-04   6.77869e-04   2.42198e-06   2.32616e-01
  11  alpha_y     -7.68223e-04   6.64548e-04   2.42834e-06  -2.15050e-01
  12  w_y          1.44500e+01   constant   
  13  beta_y       8.29173e-04     fixed    
  14  alpha_vw     0.00000e+00     fixed    
  15  w_vw         1.29000e+01   constant   
  16  beta_vw      0.00000e+00     fixed    
  17  LM           5.89621e-04   constant   
  18  zeta_y       0.00000e+00   constant   
  19  zeta_vw      0.00000e+00   constant   
  20  T_CBO        9.99124e+02   6.64107e+02   7.59065e-02  -1.41517e-04
  21  alpha_A0     1.36854e-03   3.45075e-03   1.25825e-05   3.25209e-02
  22  beta_A0     -1.05068e-04   3.55559e-03   1.26800e-05  -3.63759e-01
  23  alpha_phi   -3.28898e-03   3.20084e-03   1.15437e-05  -8.36721e-02
  24  beta_phi    -3.84400e-03   3.47538e-03   1.23900e-05  -3.07995e-01
 EXTERNAL ERROR MATRIX.    NDIM=  25    NPAR=  7    ERR DEF=1
  4.595e-07  4.005e-09 -4.820e-05 -1.068e-07 -3.771e-07  2.274e-07 -2.311e-07 
  4.005e-09  4.416e-07 -3.163e-05  1.209e-08  9.661e-09  3.627e-08  3.688e-08 
 -4.820e-05 -3.163e-05  6.049e+05 -9.182e-02  8.047e-03  2.200e-01  2.572e-01 
 -1.068e-07  1.209e-08 -9.182e-02  1.191e-05 -4.291e-07 -2.007e-07 -1.836e-07 
 -3.771e-07  9.661e-09  8.047e-03 -4.291e-07  1.264e-05 -1.280e-07  2.024e-06 
  2.274e-07  3.627e-08  2.200e-01 -2.007e-07 -1.280e-07  1.025e-05  9.493e-07 
 -2.311e-07  3.688e-08  2.572e-01 -1.836e-07  2.024e-06  9.493e-07  1.208e-05 
 PARAMETER  CORRELATION COEFFICIENTS  
       NO.  GLOBAL     10     11     20     21     22     23     24
       10  0.21109   1.000  0.009 -0.000 -0.046 -0.156  0.105 -0.098
       11  0.02524   0.009  1.000 -0.000  0.005  0.004  0.017  0.016
       20  0.12918  -0.000 -0.000  1.000 -0.034  0.003  0.088  0.095
       21  0.07280  -0.046  0.005 -0.034  1.000 -0.035 -0.018 -0.015
       22  0.22025  -0.156  0.004  0.003 -0.035  1.000 -0.011  0.164
       23  0.16408   0.105  0.017  0.088 -0.018 -0.011  1.000  0.085
       24  0.22161  -0.098  0.016  0.095 -0.015  0.164  0.085  1.000
MINUIT - FIT ONLY 2-y
 **********
 **   67 **RES 
 **********
                   PARAMETER   16  beta_vw RESTORED TO VARIABLE.
                   PARAMETER   14  alpha_vw RESTORED TO VARIABLE.
                   PARAMETER   13  beta_y RESTORED TO VARIABLE.
                   PARAMETER    9  alpha_2CBO RESTORED TO VARIABLE.
                   PARAMETER    8  beta_CBO RESTORED TO VARIABLE.
                   PARAMETER    6  alpha_CBO RESTORED TO VARIABLE.
                   PARAMETER    4  phi RESTORED TO VARIABLE.
                   PARAMETER    3  A0 RESTORED TO VARIABLE.
                   PARAMETER    1  N0 RESTORED TO VARIABLE.
 **********
 **   68 **FIX            0
 **********
 PARAMETER    0  IS UNDEFINED. IGNORED.
 **********
 **   69 **FIX            1
 **********
 **********
 **   70 **FIX            2
 **********
 PARAMETER    2  IS CONSTANT.   IGNORED.
 **********
 **   71 **FIX            3
 **********
 **********
 **   72 **FIX            4
 **********
 **********
 **   73 **FIX            5
 **********
 PARAMETER    5  IS CONSTANT.   IGNORED.
 **********
 **   74 **FIX            6
 **********
 **********
 **   75 **FIX            7
 **********
 PARAMETER    7  IS CONSTANT.   IGNORED.
 **********
 **   76 **FIX            8
 **********
 **********
 **   77 **FIX            9
 **********
 **********
 **   78 **FIX           10
 **********
 **********
 **   79 **FIX           11
 **********
 **********
 **   80 **FIX           12
 **********
 PARAMETER   12  IS CONSTANT.   IGNORED.
 **********
 **   81 **FIX           16
 **********
 **********
 **   82 **MIGRAD
 **********
 START MIGRAD MINIMIZATION.  STRATEGY  1.  CONVERGENCE WHEN EDM .LT. 1.00e-04
 FCN=55.0408 FROM MIGRAD    STATUS=INITIATE       16 CALLS        4617 TOTAL
                     EDM= unknown      STRATEGY= 1      NO ERROR MATRIX       
  EXT PARAMETER               CURRENT GUESS       STEP         FIRST   
  NO.   NAME      VALUE            ERROR          SIZE      DERIVATIVE 
   1  N0           2.96715e+06     fixed    
   2  tau          6.44201e+01   constant   
   3  A0           3.53150e-01     fixed    
   4  phi          4.11890e+00     fixed    
   5  R           -5.91013e+01   constant   
   6  alpha_CBO   -1.11653e-03     fixed    
   7  w_CBO        2.32500e+00   constant   
   8  beta_CBO    -4.26147e-03     fixed    
   9  alpha_2CBO  -1.83834e-05     fixed    
  10  beta_2CBO   -3.37071e-04     fixed    
  11  alpha_y     -7.68223e-04     fixed    
  12  w_y          1.44500e+01   constant   
  13  beta_y       8.29173e-04   6.71946e-04   6.71946e-04   3.03253e+02
  14  alpha_vw     0.00000e+00   1.00000e-03   1.00000e-03   3.62352e+03
  15  w_vw         1.29000e+01   constant   
  16  beta_vw      0.00000e+00     fixed    
  17  LM           5.89621e-04   constant   
  18  zeta_y       0.00000e+00   constant   
  19  zeta_vw      0.00000e+00   constant   
  20  T_CBO        9.99124e+02   6.64107e+02   7.59065e-02  -1.44523e-04
  21  alpha_A0     1.36854e-03   3.45075e-03   1.25825e-05   3.25256e-02
  22  beta_A0     -1.05068e-04   3.55559e-03   1.26800e-05  -3.63761e-01
  23  alpha_phi   -3.28898e-03   3.20084e-03   1.15437e-05  -8.36723e-02
  24  beta_phi    -3.84400e-03   3.47538e-03   1.23900e-05  -3.07994e-01
 MIGRAD MINIMIZATION HAS CONVERGED.
 MIGRAD WILL VERIFY CONVERGENCE AND ERROR MATRIX.
 COVARIANCE MATRIX CALCULATED SUCCESSFULLY
 FCN=53.5916 FROM MIGRAD    STATUS=CONVERGED     117 CALLS        4718 TOTAL
                     EDM=2.4637e-06    STRATEGY= 1      ERROR MATRIX ACCURATE 
  EXT PARAMETER                                   STEP         FIRST   
  NO.   NAME      VALUE            ERROR          SIZE      DERIVATIVE 
   1  N0           2.96715e+06     fixed    
   2  tau          6.44201e+01   constant   
   3  A0           3.53150e-01     fixed    
   4  phi          4.11890e+00     fixed    
   5  R           -5.91013e+01   constant   
   6  alpha_CBO   -1.11653e-03     fixed    
   7  w_CBO        2.32500e+00   constant   
   8  beta_CBO    -4.26147e-03     fixed    
   9  alpha_2CBO  -1.83834e-05     fixed    
  10  beta_2CBO   -3.37071e-04     fixed    
  11  alpha_y     -7.68223e-04     fixed    
  12  w_y          1.44500e+01   constant   
  13  beta_y       8.54232e-04   6.70870e-04   2.40358e-06   4.82727e-01
  14  alpha_vw    -8.01998e-04   6.68566e-04   2.39518e-06   6.26691e-02
  15  w_vw         1.29000e+01   constant   
  16  beta_vw      0.00000e+00     fixed    
  17  LM           5.89621e-04   constant   
  18  zeta_y       0.00000e+00   constant   
