 + ++++++++++++++++++++++++++++++++++++++++++++++++++++++++++++++++++++ +
 +                                                                      +
 +           You have chose to blind your fitting according to          +
 +                omega_ref * (1 + (R +/- deltaR) *10^{-6})             +
 +                                                                      +
 + ++++++++++++++++++++++++++++++++++++++++++++++++++++++++++++++++++++ +
In main()...
reading format from /gm2data/zkhechad/run45/envelope/formats/formatB_sBin_constraintOn.txt
pBinTau 	= 0  
pBinPhi 	= 0  
constraintau 	= 1 
includeMopTerm 	= 0    
constrainMop    = 0   
Parameters after format file: pBinTau 0 pBinPhi 0 constraintau 1 includeMopTerm 0 constrainMop 0 c_e_scale 0.000000 
Opening file /gm2data/tbarrett/gm2fr/studies/run23_bunch_corrections/CorrectedFourier_Run3b.root.
reading full fit data from /gm2data/zkhechad/cboTemplates/Run4CBOTemplates/fullFits/noRF/sBin_constraintOn_cE0.0_seed0_noRF_calo17.root
windowBins = 69
fitting sliding window 1960 from bin 2096 at 312.574000 to bin 2165 at 323.018000 (69 bins)

Reading data from /gm2data/cornell/histograms/aMethod/histogram_a_noRF.root
 **********
 **    1 **SET PRINTOUT            1
 **********
 **********
 **    2 **SET NOWARNINGS 
 **********
 PARAMETER DEFINITIONS:
    NO.   NAME         VALUE      STEP SIZE      LIMITS
     1 N0           3.18624e+06  1.00000e+02     no limits
     2 tau          6.44064e+01  constant
     3 A0           3.45293e-01  1.00000e-04     no limits
     4 phi          4.12011e+00  1.00000e-02     no limits
     5 R           -6.06001e+01  constant
     6 alpha_CBO    0.00000e+00  1.00000e-03     no limits
     7 w_CBO        2.32500e+00  constant
     8 beta_CBO     0.00000e+00  1.00000e-03     no limits
     9 alpha_2CBO   0.00000e+00  1.00000e-03     no limits
    10 beta_2CBO    0.00000e+00  1.00000e-03     no limits
    11 alpha_y      0.00000e+00  1.00000e-03     no limits
    12 w_y          1.38860e+01  constant
    13 beta_y       0.00000e+00  1.00000e-03     no limits
    14 alpha_vw     0.00000e+00  1.00000e-03     no limits
    15 w_vw         1.43404e+01  constant
    16 beta_vw      0.00000e+00  1.00000e-03     no limits
    17 LM           6.43054e-05  constant
    18 zeta_y       0.00000e+00  constant
    19 zeta_vw      0.00000e+00  constant
    20 T_CBO        1.00000e+02  1.00000e+00    0.00000e+00  1.00000e+03
    21 alpha_A0     0.00000e+00  1.00000e-03     no limits
    22 beta_A0      0.00000e+00  1.00000e-03     no limits
    23 alpha_phi    0.00000e+00  1.00000e-03     no limits
    24 beta_phi     0.00000e+00  1.00000e-03     no limits
MINUIT - FIT ONLY WIGGLE
 **********
 **    3 **FIX            5
 **********
 PARAMETER    5  IS CONSTANT.   IGNORED.
 **********
 **    4 **FIX            6
 **********
 **********
 **    5 **FIX            7
 **********
 PARAMETER    7  IS CONSTANT.   IGNORED.
 **********
 **    6 **FIX            8
 **********
 **********
 **    7 **FIX            9
 **********
 **********
 **    8 **FIX           10
 **********
 **********
 **    9 **FIX           11
 **********
 **********
 **   10 **FIX           12
 **********
 PARAMETER   12  IS CONSTANT.   IGNORED.
 **********
 **   11 **FIX           13
 **********
 **********
 **   12 **FIX           14
 **********
 **********
 **   13 **FIX           15
 **********
 PARAMETER   15  IS CONSTANT.   IGNORED.
 **********
 **   14 **FIX           16
 **********
 **********
 **   15 **MIGRAD
 **********
 FIRST CALL TO USER FUNCTION AT NEW START POINT, WITH IFLAG=4.
 START MIGRAD MINIMIZATION.  STRATEGY  1.  CONVERGENCE WHEN EDM .LT. 1.00e-04
 FCN=85.5638 FROM MIGRAD    STATUS=INITIATE      437 CALLS         438 TOTAL
                     EDM= unknown      STRATEGY= 1      NO ERROR MATRIX       
  EXT PARAMETER               CURRENT GUESS       STEP         FIRST   
  NO.   NAME      VALUE            ERROR          SIZE      DERIVATIVE 
   1  N0           3.18624e+06   1.00000e+02   0.00000e+00   1.60842e-03
   2  tau          6.44064e+01   constant   
   3  A0           3.45293e-01   1.00000e-04   0.00000e+00  -1.07702e+03
   4  phi          4.12011e+00   1.00000e-02   0.00000e+00  -6.38245e+02
   5  R           -6.06001e+01   constant   
   6  alpha_CBO    0.00000e+00     fixed    
   7  w_CBO        2.32500e+00   constant   
   8  beta_CBO     0.00000e+00     fixed    
   9  alpha_2CBO   0.00000e+00     fixed    
  10  beta_2CBO    0.00000e+00     fixed    
  11  alpha_y      0.00000e+00     fixed    
  12  w_y          1.38860e+01   constant   
  13  beta_y       0.00000e+00     fixed    
  14  alpha_vw     0.00000e+00     fixed    
  15  w_vw         1.43404e+01   constant   
  16  beta_vw      0.00000e+00     fixed    
  17  LM           6.43054e-05   constant   
  18  zeta_y       0.00000e+00   constant   
  19  zeta_vw      0.00000e+00   constant   
  20  T_CBO        1.00000e+02   1.00000e+00   0.00000e+00   0.00000e+00
  21  alpha_A0     0.00000e+00   1.00000e-03   0.00000e+00  -3.54989e+00
  22  beta_A0      0.00000e+00   1.00000e-03   0.00000e+00  -4.80823e+00
  23  alpha_phi    0.00000e+00   1.00000e-03   0.00000e+00   4.57644e+01
  24  beta_phi     0.00000e+00   1.00000e-03   0.00000e+00  -2.26885e+01
 MIGRAD MINIMIZATION HAS CONVERGED.
 MIGRAD WILL VERIFY CONVERGENCE AND ERROR MATRIX.
 FCN=81.3614 FROM HESSE     STATUS=NOT POSDEF     63 CALLS         613 TOTAL
                     EDM=0.000397209    STRATEGY= 1      ERR MATRIX NOT POS-DEF
  EXT PARAMETER                APPROXIMATE        STEP         FIRST   
  NO.   NAME      VALUE            ERROR          SIZE      DERIVATIVE 
   1  N0           3.18453e+06   1.63342e+03   6.55379e+00   1.37004e-07
   2  tau          6.44064e+01   constant   
   3  A0           3.45471e-01   6.71851e-04   2.89940e-06   2.15861e-01
   4  phi          4.12146e+00   1.99637e-03   8.67862e-06   9.56884e-01
   5  R           -6.06001e+01   constant   
   6  alpha_CBO    0.00000e+00     fixed    
   7  w_CBO        2.32500e+00   constant   
   8  beta_CBO     0.00000e+00     fixed    
   9  alpha_2CBO   0.00000e+00     fixed    
  10  beta_2CBO    0.00000e+00     fixed    
  11  alpha_y      0.00000e+00     fixed    
  12  w_y          1.38860e+01   constant   
  13  beta_y       0.00000e+00     fixed    
  14  alpha_vw     0.00000e+00     fixed    
  15  w_vw         1.43404e+01   constant   
  16  beta_vw      0.00000e+00     fixed    
  17  LM           6.43054e-05   constant   
  18  zeta_y       0.00000e+00   constant   
  19  zeta_vw      0.00000e+00   constant   
  20  T_CBO        9.87303e+01   5.18778e+02   3.23534e-04   8.79622e-04
  21  alpha_A0     1.21593e-02   1.66974e-01   3.10846e-04  -1.27521e-03
  22  beta_A0      2.82653e-02   3.31469e-01   3.01190e-04  -5.03375e-03
  23  alpha_phi   -7.95469e-02   8.74524e-01   2.94763e-04   3.16111e-02
  24  beta_phi     4.24573e-02   4.70268e-01   2.94263e-04  -2.02123e-02
 CALL LIMIT EXCEEDED IN MIGRAD.
 MIGRAD TERMINATED WITHOUT CONVERGENCE.
 FCN=81.351 FROM MIGRAD    STATUS=CALL LIMIT   1331 CALLS        1332 TOTAL
                     EDM=0.000415531    STRATEGY= 1      ERR MATRIX NOT POS-DEF
  EXT PARAMETER                APPROXIMATE        STEP         FIRST   
  NO.   NAME      VALUE            ERROR          SIZE      DERIVATIVE 
   1  N0           3.18450e+06   1.54143e+03   5.32952e-01  -1.20149e-05
   2  tau          6.44064e+01   constant   
   3  A0           3.45477e-01   6.63015e-04   2.24152e-08   1.16902e+01
   4  phi          4.12151e+00   1.82269e-03  -1.94929e-06   1.68861e+01
   5  R           -6.06001e+01   constant   
   6  alpha_CBO    0.00000e+00     fixed    
   7  w_CBO        2.32500e+00   constant   
   8  beta_CBO     0.00000e+00     fixed    
   9  alpha_2CBO   0.00000e+00     fixed    
  10  beta_2CBO    0.00000e+00     fixed    
  11  alpha_y      0.00000e+00     fixed    
  12  w_y          1.38860e+01   constant   
  13  beta_y       0.00000e+00     fixed    
  14  alpha_vw     0.00000e+00     fixed    
  15  w_vw         1.43404e+01   constant   
  16  beta_vw      0.00000e+00     fixed    
  17  LM           6.43054e-05   constant   
  18  zeta_y       0.00000e+00   constant   
  19  zeta_vw      0.00000e+00   constant   
  20  T_CBO        5.41155e+01   5.55952e+01  -1.42682e-03  -3.77058e-01
  21  alpha_A0     2.04960e-01   1.37042e+00   6.67477e-03  -1.80523e-02
  22  beta_A0      4.12326e-01   2.50601e+00   1.25495e-02  -3.34058e-02
  23  alpha_phi   -1.11745e+00   6.06770e+00  -3.22924e-02  -4.05390e-03
  24  beta_phi     5.79610e-01   3.19926e+00   1.68265e-02  -1.17002e-02
 EXTERNAL ERROR MATRIX.    NDIM=  25    NPAR=  8    ERR DEF=1
  2.376e+06 -6.077e-02 -6.629e-02  1.556e+04 -4.473e+02 -7.924e+02  1.634e+03 -8.811e+02 
 -6.077e-02  4.396e-07 -8.613e-08 -3.550e-03  1.047e-04  1.797e-04 -3.694e-04  1.958e-04 
 -6.629e-02 -8.613e-08  3.322e-06 -1.355e-02  3.913e-04  7.090e-04 -1.559e-03  8.566e-04 
  1.556e+04 -3.550e-03 -1.355e-02  3.155e+03 -7.557e+01 -1.391e+02  3.397e+02 -1.789e+02 
 -4.473e+02  1.047e-04  3.913e-04 -7.557e+01  1.878e+00  3.426e+00 -8.215e+00  4.343e+00 
 -7.924e+02  1.797e-04  7.090e-04 -1.391e+02  3.426e+00  6.280e+00 -1.511e+01  7.982e+00 
  1.634e+03 -3.694e-04 -1.559e-03  3.397e+02 -8.215e+00 -1.511e+01  3.682e+01 -1.940e+01 
 -8.811e+02  1.958e-04  8.566e-04 -1.789e+02  4.343e+00  7.982e+00 -1.940e+01  1.024e+01 
ERR MATRIX NOT POS-DEF
 PARAMETER  CORRELATION COEFFICIENTS  
       NO.  GLOBAL      1      3      4     20     21     22     23     24
        1  0.36743   1.000 -0.059 -0.024  0.180 -0.212 -0.205  0.175 -0.179
        3  0.25014  -0.059  1.000 -0.071 -0.095  0.115  0.108 -0.092  0.092
        4  0.26593  -0.024 -0.071  1.000 -0.132  0.157  0.155 -0.141  0.147
       20  0.99690   0.180 -0.095 -0.132  1.000 -0.982 -0.988  0.997 -0.996
       21  0.99822  -0.212  0.115  0.157 -0.982  1.000  0.998 -0.988  0.991
       22  0.99913  -0.205  0.108  0.155 -0.988  0.998  1.000 -0.994  0.996
       23  0.99967   0.175 -0.092 -0.141  0.997 -0.988 -0.994  1.000 -0.999
       24  0.99973  -0.179  0.092  0.147 -0.996  0.991  0.996 -0.999  1.000
 ERR MATRIX NOT POS-DEF
MINUIT - FIT ONLY 1-CBO + wiggle
 **********
 **   16 **RES 
 **********
                   PARAMETER   16  beta_vw RESTORED TO VARIABLE.
                   PARAMETER   14  alpha_vw RESTORED TO VARIABLE.
                   PARAMETER   13  beta_y RESTORED TO VARIABLE.
                   PARAMETER   11  alpha_y RESTORED TO VARIABLE.
                   PARAMETER   10  beta_2CBO RESTORED TO VARIABLE.
                   PARAMETER    9  alpha_2CBO RESTORED TO VARIABLE.
                   PARAMETER    8  beta_CBO RESTORED TO VARIABLE.
                   PARAMETER    6  alpha_CBO RESTORED TO VARIABLE.
 **********
 **   17 **FIX            8
 **********
 **********
 **   18 **FIX            9
 **********
 **********
 **   19 **FIX           11
 **********
 **********
 **   20 **FIX           12
 **********
 PARAMETER   12  IS CONSTANT.   IGNORED.
 **********
 **   21 **FIX           14
 **********
 **********
 **   22 **FIX           15
 **********
 PARAMETER   15  IS CONSTANT.   IGNORED.
 **********
 **   23 **FIX           16
 **********
 **********
 **   24 **MIGRAD
 **********
 START MIGRAD MINIMIZATION.  STRATEGY  1.  CONVERGENCE WHEN EDM .LT. 1.00e-04
 FCN=81.351 FROM MIGRAD    STATUS=INITIATE       28 CALLS        1360 TOTAL
                     EDM= unknown      STRATEGY= 1      NO ERROR MATRIX       
  EXT PARAMETER               CURRENT GUESS       STEP         FIRST   
  NO.   NAME      VALUE            ERROR          SIZE      DERIVATIVE 
   1  N0           3.18450e+06   1.54143e+03   5.32952e-01  -1.20149e-05
   2  tau          6.44064e+01   constant   
   3  A0           3.45477e-01   6.63015e-04   2.24152e-08   1.16902e+01
   4  phi          4.12151e+00   1.82269e-03  -1.94929e-06   1.68861e+01
   5  R           -6.06001e+01   constant   
   6  alpha_CBO    0.00000e+00   1.00000e-03   1.00000e-03  -8.02917e+03
   7  w_CBO        2.32500e+00   constant   
   8  beta_CBO     0.00000e+00     fixed    
   9  alpha_2CBO   0.00000e+00     fixed    
  10  beta_2CBO    0.00000e+00   1.00000e-03   1.00000e-03   1.46364e+03
  11  alpha_y      0.00000e+00     fixed    
  12  w_y          1.38860e+01   constant   
  13  beta_y       0.00000e+00   1.00000e-03   1.00000e-03   1.00539e+03
  14  alpha_vw     0.00000e+00     fixed    
  15  w_vw         1.43404e+01   constant   
  16  beta_vw      0.00000e+00     fixed    
  17  LM           6.43054e-05   constant   
  18  zeta_y       0.00000e+00   constant   
  19  zeta_vw      0.00000e+00   constant   
  20  T_CBO        5.41155e+01   5.55952e+01  -1.42682e-03  -3.77060e-01
  21  alpha_A0     2.04960e-01   1.37042e+00   6.67477e-03  -1.80523e-02
  22  beta_A0      4.12326e-01   2.50601e+00   1.25495e-02  -3.34058e-02
  23  alpha_phi   -1.11745e+00   6.06770e+00  -3.22924e-02  -4.05390e-03
  24  beta_phi     5.79610e-01   3.19926e+00   1.68265e-02  -1.17002e-02
 CALL LIMIT EXCEEDED IN MIGRAD.
 MIGRAD TERMINATED WITHOUT CONVERGENCE.
 FCN=72.6105 FROM MIGRAD    STATUS=CALL LIMIT   1914 CALLS        3246 TOTAL
                     EDM=0.000272214    STRATEGY= 1  ERROR MATRIX UNCERTAINTY   0.0 per cent
  EXT PARAMETER                APPROXIMATE        STEP         FIRST   
  NO.   NAME      VALUE            ERROR          SIZE      DERIVATIVE 
   1  N0           3.18419e+06   1.52603e+03   3.81246e-01   2.90360e-06
   2  tau          6.44064e+01   constant   
   3  A0           3.45064e-01   6.58846e-04  -1.23505e-07  -5.57976e+00
   4  phi          4.12118e+00   1.99841e-03   4.53312e-07  -1.96440e-01
   5  R           -6.06001e+01   constant   
   6  alpha_CBO    2.07450e-03   7.04701e-04  -3.27061e-09   1.56030e+00
   7  w_CBO        2.32500e+00   constant   
   8  beta_CBO     0.00000e+00     fixed    
   9  alpha_2CBO   0.00000e+00     fixed    
  10  beta_2CBO   -3.90360e-04   6.74857e-04  -7.62612e-09  -4.10406e+00
  11  alpha_y      0.00000e+00     fixed    
  12  w_y          1.38860e+01   constant   
  13  beta_y      -2.03077e-04   6.89362e-04  -3.83233e-09   7.96392e-01
  14  alpha_vw     0.00000e+00     fixed    
  15  w_vw         1.43404e+01   constant   
  16  beta_vw      0.00000e+00     fixed    
  17  LM           6.43054e-05   constant   
  18  zeta_y       0.00000e+00   constant   
  19  zeta_vw      0.00000e+00   constant   
  20  T_CBO        1.99318e+02   1.95627e+02  -5.74013e-03  -1.40323e-01
  21  alpha_A0    -2.98630e-03   1.88482e-02  -1.00446e-04   2.12140e-01
  22  beta_A0      6.21457e-03   2.09245e-02   1.35505e-04  -1.47084e-01
  23  alpha_phi   -1.68898e-02   3.40653e-02  -4.51324e-04   8.22277e-01
  24  beta_phi     1.03059e-02   2.86708e-02   3.12031e-04  -1.29832e+00
 EXTERNAL ERROR MATRIX.    NDIM=  25    NPAR= 11    ERR DEF=1
  2.329e+06 
  1.106e-02  4.341e-07 
 -3.871e-01  1.135e-08  3.994e-06 
 -9.495e-02 -8.582e-08 -1.092e-07  4.966e-07 
  2.271e-02  5.517e-09  2.797e-08 -2.727e-08  4.554e-07 
 -1.431e-02 -4.627e-10 -4.168e-08  1.248e-08 -3.294e-09  4.752e-07 
  7.925e+03 -3.712e-03 -1.981e-02  3.444e-03 -5.527e-04  1.696e-03  4.179e+04 
 -7.847e-01  1.454e-06 -5.933e-07 -1.813e-06 -2.075e-06  1.643e-08  1.037e+00  3.553e-04 
 -7.056e+00  1.282e-06  9.120e-07  3.300e-07 -2.579e-07  1.485e-07 -2.293e+00 -6.473e-05  4.378e-04 
 -3.458e+00  1.383e-07  1.609e-06  2.270e-07  2.488e-07  1.843e-07  6.185e+00  1.986e-04 -2.913e-04  1.160e-03 
  1.882e+00 -8.424e-07  4.974e-06 -3.651e-07 -1.641e-06 -1.551e-07 -4.875e+00 -2.134e-05  2.346e-04 -6.041e-04  8.220e-04 
ERR MATRIX APPROXIMATE
 PARAMETER  CORRELATION COEFFICIENTS  
       NO.  GLOBAL      1      3      4      6     10     13     20     21     22     23     24
        1  0.39949   1.000  0.011 -0.127 -0.088  0.022 -0.014  0.025 -0.027 -0.221 -0.067  0.043
        3  0.31686   0.011  1.000  0.009 -0.185  0.012 -0.001 -0.028  0.117  0.093  0.006 -0.045
        4  0.22017  -0.127  0.009  1.000 -0.078  0.021 -0.030 -0.048 -0.016  0.022  0.024  0.087
        6  0.27566  -0.088 -0.185 -0.078  1.000 -0.057  0.026  0.024 -0.136  0.022  0.009 -0.018
       10  0.25948   0.022  0.012  0.021 -0.057  1.000 -0.007 -0.004 -0.163 -0.018  0.011 -0.085
       13  0.04869  -0.014 -0.001 -0.030  0.026 -0.007  1.000  0.012  0.001  0.010  0.008 -0.008
       20  0.97150   0.025 -0.028 -0.048  0.024 -0.004  0.012  1.000  0.269 -0.536  0.888 -0.832
       21  0.49807  -0.027  0.117 -0.016 -0.136 -0.163  0.001  0.269  1.000 -0.164  0.309 -0.039
       22  0.61003  -0.221  0.093  0.022  0.022 -0.018  0.010 -0.536 -0.164  1.000 -0.409  0.391
       23  0.92888  -0.067  0.006  0.024  0.009  0.011  0.008  0.888  0.309 -0.409  1.000 -0.619
       24  0.90547   0.043 -0.045  0.087 -0.018 -0.085 -0.008 -0.832 -0.039  0.391 -0.619  1.000
 ERR MATRIX APPROXIMATE
MINUIT - FIT ONLY 2-CBO
 **********
 **   25 **RES 
 **********
                   PARAMETER   16  beta_vw RESTORED TO VARIABLE.
                   PARAMETER   14  alpha_vw RESTORED TO VARIABLE.
                   PARAMETER   11  alpha_y RESTORED TO VARIABLE.
                   PARAMETER    9  alpha_2CBO RESTORED TO VARIABLE.
                   PARAMETER    8  beta_CBO RESTORED TO VARIABLE.
 **********
 **   26 **FIX            0
 **********
 PARAMETER    0  IS UNDEFINED. IGNORED.
 **********
 **   27 **FIX            1
 **********
 **********
 **   28 **FIX            2
 **********
 PARAMETER    2  IS CONSTANT.   IGNORED.
 **********
 **   29 **FIX            3
 **********
 **********
 **   30 **FIX            4
 **********
 **********
 **   31 **FIX            5
 **********
 PARAMETER    5  IS CONSTANT.   IGNORED.
 **********
 **   32 **FIX            6
 **********
 **********
 **   33 **FIX            7
 **********
 PARAMETER    7  IS CONSTANT.   IGNORED.
 **********
 **   34 **FIX           10
 **********
 **********
 **   35 **FIX           11
 **********
 **********
 **   36 **FIX           12
 **********
 PARAMETER   12  IS CONSTANT.   IGNORED.
 **********
 **   37 **FIX           13
 **********
 **********
 **   38 **FIX           14
 **********
 **********
 **   39 **FIX           15
 **********
 PARAMETER   15  IS CONSTANT.   IGNORED.
 **********
 **   40 **FIX           16
 **********
 **********
 **   41 **MIGRAD
 **********
 START MIGRAD MINIMIZATION.  STRATEGY  1.  CONVERGENCE WHEN EDM .LT. 1.00e-04
 FCN=72.6105 FROM MIGRAD    STATUS=INITIATE       18 CALLS        3264 TOTAL
                     EDM= unknown      STRATEGY= 1      NO ERROR MATRIX       
  EXT PARAMETER               CURRENT GUESS       STEP         FIRST   
  NO.   NAME      VALUE            ERROR          SIZE      DERIVATIVE 
   1  N0           3.18419e+06     fixed    
   2  tau          6.44064e+01   constant   
   3  A0           3.45064e-01     fixed    
   4  phi          4.12118e+00     fixed    
   5  R           -6.06001e+01   constant   
   6  alpha_CBO    2.07450e-03     fixed    
   7  w_CBO        2.32500e+00   constant   
   8  beta_CBO     0.00000e+00   1.00000e-03   1.00000e-03  -1.14661e+04
   9  alpha_2CBO   0.00000e+00   1.00000e-03   1.00000e-03  -3.62931e+03
  10  beta_2CBO   -3.90360e-04     fixed    
  11  alpha_y      0.00000e+00     fixed    
  12  w_y          1.38860e+01   constant   
  13  beta_y      -2.03077e-04     fixed    
  14  alpha_vw     0.00000e+00     fixed    
  15  w_vw         1.43404e+01   constant   
  16  beta_vw      0.00000e+00     fixed    
  17  LM           6.43054e-05   constant   
  18  zeta_y       0.00000e+00   constant   
  19  zeta_vw      0.00000e+00   constant   
  20  T_CBO        1.99318e+02   1.95627e+02  -5.74013e-03  -1.40323e-01
  21  alpha_A0    -2.98630e-03   1.88482e-02  -1.00446e-04   2.12140e-01
  22  beta_A0      6.21457e-03   2.09245e-02   1.35505e-04  -1.47084e-01
  23  alpha_phi   -1.68898e-02   3.40653e-02  -4.51324e-04   8.22277e-01
  24  beta_phi     1.03059e-02   2.86708e-02   3.12031e-04  -1.29832e+00
 MIGRAD MINIMIZATION HAS CONVERGED.
 MIGRAD WILL VERIFY CONVERGENCE AND ERROR MATRIX.
 COVARIANCE MATRIX CALCULATED SUCCESSFULLY
 FCN=56.4513 FROM MIGRAD    STATUS=CONVERGED     764 CALLS        4010 TOTAL
                     EDM=4.45809e-06    STRATEGY= 1      ERROR MATRIX ACCURATE 
  EXT PARAMETER                                   STEP         FIRST   
  NO.   NAME      VALUE            ERROR          SIZE      DERIVATIVE 
   1  N0           3.18419e+06     fixed    
   2  tau          6.44064e+01   constant   
   3  A0           3.45064e-01     fixed    
   4  phi          4.12118e+00     fixed    
   5  R           -6.06001e+01   constant   
   6  alpha_CBO    2.07450e-03     fixed    
   7  w_CBO        2.32500e+00   constant   
   8  beta_CBO     2.57642e-03   6.75329e-04   2.47406e-06  -4.23755e-01
   9  alpha_2CBO   7.55526e-04   6.94603e-04   2.50685e-06   1.01092e+00
  10  beta_2CBO   -3.90360e-04     fixed    
  11  alpha_y      0.00000e+00     fixed    
  12  w_y          1.38860e+01   constant   
  13  beta_y      -2.03077e-04     fixed    
  14  alpha_vw     0.00000e+00     fixed    
  15  w_vw         1.43404e+01   constant   
  16  beta_vw      0.00000e+00     fixed    
  17  LM           6.43054e-05   constant   
  18  zeta_y       0.00000e+00   constant   
  19  zeta_vw      0.00000e+00   constant   
  20  T_CBO        9.99941e+02   5.12289e+02   7.99189e-02  -4.53442e-05
  21  alpha_A0    -7.19828e-04   3.89145e-03   1.43253e-05  -4.04964e-02
  22  beta_A0      7.19762e-04   3.84590e-03   1.38943e-05   1.92995e-01
  23  alpha_phi   -5.11786e-03   3.75865e-03   1.36482e-05   6.07535e-01
  24  beta_phi     1.61670e-03   3.72737e-03   1.36344e-05  -2.11982e-01
 EXTERNAL ERROR MATRIX.    NDIM=  25    NPAR=  7    ERR DEF=1
  4.561e-07 -2.088e-08 -8.294e-06  6.655e-08 -2.958e-07  4.676e-08 -1.525e-07 
 -2.088e-08  4.825e-07  1.983e-06 -1.090e-07  3.894e-07 -3.514e-07 -2.465e-07 
 -8.294e-06  1.983e-06  3.801e+04 -1.272e-02  1.463e-02 -9.861e-02  3.104e-02 
  6.655e-08 -1.090e-07 -1.272e-02  1.514e-05  1.209e-06  2.458e-07 -5.436e-07 
 -2.958e-07  3.894e-07  1.463e-02  1.209e-06  1.479e-05 -7.152e-07 -1.253e-06 
  4.676e-08 -3.514e-07 -9.861e-02  2.458e-07 -7.152e-07  1.413e-05 -4.012e-07 
 -1.525e-07 -2.465e-07  3.104e-02 -5.436e-07 -1.253e-06 -4.012e-07  1.389e-05 
 PARAMETER  CORRELATION COEFFICIENTS  
       NO.  GLOBAL      8      9     20     21     22     23     24
        8  0.14203   1.000 -0.045 -0.000  0.025 -0.114  0.018 -0.061
        9  0.22154  -0.045  1.000  0.000 -0.040  0.146 -0.135 -0.095
       20  0.14300  -0.000  0.000  1.000 -0.017  0.020 -0.135  0.043
       21  0.10899   0.025 -0.040 -0.017  1.000  0.081  0.017 -0.037
       22  0.21975  -0.114  0.146  0.020  0.081  1.000 -0.049 -0.087
       23  0.19641   0.018 -0.135 -0.135  0.017 -0.049  1.000 -0.029
       24  0.15604  -0.061 -0.095  0.043 -0.037 -0.087 -0.029  1.000
MINUIT - FIT wiggle + 1-CBO + 2-CBO
 **********
 **   42 **RES 
 **********
                   PARAMETER   16  beta_vw RESTORED TO VARIABLE.
                   PARAMETER   14  alpha_vw RESTORED TO VARIABLE.
                   PARAMETER   13  beta_y RESTORED TO VARIABLE.
                   PARAMETER   11  alpha_y RESTORED TO VARIABLE.
                   PARAMETER   10  beta_2CBO RESTORED TO VARIABLE.
                   PARAMETER    6  alpha_CBO RESTORED TO VARIABLE.
                   PARAMETER    4  phi RESTORED TO VARIABLE.
                   PARAMETER    3  A0 RESTORED TO VARIABLE.
                   PARAMETER    1  N0 RESTORED TO VARIABLE.
 **********
 **   43 **FIX           10
 **********
 **********
 **   44 **FIX           11
 **********
 **********
 **   45 **FIX           12
 **********
 PARAMETER   12  IS CONSTANT.   IGNORED.
 **********
 **   46 **FIX           13
 **********
 **********
 **   47 **FIX           14
 **********
 **********
 **   48 **FIX           15
 **********
 PARAMETER   15  IS CONSTANT.   IGNORED.
 **********
 **   49 **FIX           16
 **********
 **********
 **   50 **MIGRAD
 **********
 START MIGRAD MINIMIZATION.  STRATEGY  1.  CONVERGENCE WHEN EDM .LT. 1.00e-04
 FCN=56.4513 FROM MIGRAD    STATUS=INITIATE       22 CALLS        4032 TOTAL
                     EDM= unknown      STRATEGY= 1      NO ERROR MATRIX       
  EXT PARAMETER               CURRENT GUESS       STEP         FIRST   
  NO.   NAME      VALUE            ERROR          SIZE      DERIVATIVE 
   1  N0           3.18419e+06   1.52603e+03   1.52603e+03  -1.20924e-04
   2  tau          6.44064e+01   constant   
   3  A0           3.45064e-01   6.58846e-04   6.58846e-04  -1.50951e+03
   4  phi          4.12118e+00   1.99841e-03   1.99841e-03   8.53978e+02
   5  R           -6.06001e+01   constant   
   6  alpha_CBO    2.07450e-03   7.04701e-04   7.04701e-04  -4.05704e+01
   7  w_CBO        2.32500e+00   constant   
   8  beta_CBO     2.57642e-03   6.75329e-04   2.47406e-06  -4.23756e-01
   9  alpha_2CBO   7.55526e-04   6.94603e-04   2.50685e-06   1.01092e+00
  10  beta_2CBO   -3.90360e-04     fixed    
  11  alpha_y      0.00000e+00     fixed    
  12  w_y          1.38860e+01   constant   
  13  beta_y      -2.03077e-04     fixed    
  14  alpha_vw     0.00000e+00     fixed    
  15  w_vw         1.43404e+01   constant   
  16  beta_vw      0.00000e+00     fixed    
  17  LM           6.43054e-05   constant   
  18  zeta_y       0.00000e+00   constant   
  19  zeta_vw      0.00000e+00   constant   
  20  T_CBO        9.99941e+02   5.12289e+02   7.99189e-02  -4.61898e-05
  21  alpha_A0    -7.19828e-04   3.89145e-03   1.43253e-05  -4.04942e-02
  22  beta_A0      7.19762e-04   3.84590e-03   1.38943e-05   1.93000e-01
  23  alpha_phi   -5.11786e-03   3.75865e-03   1.36482e-05   6.07534e-01
  24  beta_phi     1.61670e-03   3.72737e-03   1.36344e-05  -2.11982e-01
 MIGRAD MINIMIZATION HAS CONVERGED.
 MIGRAD WILL VERIFY CONVERGENCE AND ERROR MATRIX.
 COVARIANCE MATRIX CALCULATED SUCCESSFULLY
 FCN=55.3344 FROM MIGRAD    STATUS=CONVERGED     221 CALLS        4231 TOTAL
                     EDM=1.48909e-05    STRATEGY= 1      ERROR MATRIX ACCURATE 
  EXT PARAMETER                                   STEP         FIRST   
  NO.   NAME      VALUE            ERROR          SIZE      DERIVATIVE 
   1  N0           3.18448e+06   1.64214e+03   5.42014e+00   1.94847e-06
   2  tau          6.44064e+01   constant   
   3  A0           3.45452e-01   6.94436e-04   2.39774e-06  -2.93756e+00
   4  phi          4.11930e+00   2.05237e-03   7.17765e-06   9.82133e-01
   5  R           -6.06001e+01   constant   
   6  alpha_CBO    2.02622e-03   7.18764e-04   2.53206e-06  -8.24419e-01
   7  w_CBO        2.32500e+00   constant   
   8  beta_CBO     2.75731e-03   6.96829e-04   2.44972e-06   1.40849e+00
   9  alpha_2CBO   7.97106e-04   6.98664e-04   2.48221e-06   7.15220e-01
  10  beta_2CBO   -3.90360e-04     fixed    
  11  alpha_y      0.00000e+00     fixed    
  12  w_y          1.38860e+01   constant   
  13  beta_y      -2.03077e-04     fixed    
  14  alpha_vw     0.00000e+00     fixed    
  15  w_vw         1.43404e+01   constant   
  16  beta_vw      0.00000e+00     fixed    
  17  LM           6.43054e-05   constant   
  18  zeta_y       0.00000e+00   constant   
  19  zeta_vw      0.00000e+00   constant   
  20  T_CBO        1.00000e+03   8.22670e+02   1.04947e-01** at limit **
  21  alpha_A0    -2.30963e-04   3.99159e-03   1.41673e-05  -3.78150e-01
  22  beta_A0      7.58655e-04   3.96410e-03   1.37371e-05  -4.80818e-01
  23  alpha_phi   -5.47386e-03   3.97714e-03   1.34898e-05   2.74791e-02
  24  beta_phi     1.01476e-03   3.83462e-03   1.34786e-05  -4.18315e-02
 EXTERNAL ERROR MATRIX.    NDIM=  25    NPAR= 11    ERR DEF=1
  2.697e+06 
 -8.890e-02  4.822e-07 
 -4.455e-01 -7.653e-08  4.212e-06 
 -8.586e-02 -1.021e-07 -5.604e-08  5.166e-07 
  3.174e-02  5.821e-08 -3.150e-07  4.593e-09  4.856e-07 
  4.597e-02  3.321e-08 -3.411e-08 -4.231e-08 -1.545e-08  4.881e-07 
 -3.306e+00  3.943e-07  3.561e-06 -1.027e-06 -4.036e-07  1.082e-08  3.563e+00 
 -5.657e-01  4.475e-07 -4.592e-07 -4.190e-07  1.385e-07 -6.205e-08 -5.551e-05  1.593e-05 
 -1.456e+00  3.176e-07  2.494e-07  2.420e-09 -2.815e-07  3.816e-07  2.927e-04  1.733e-06  1.571e-05 
 -1.358e+00  1.956e-07  9.705e-07 -1.555e-08 -6.965e-09 -3.664e-07 -1.980e-03  6.018e-07 -1.287e-08  1.582e-05 
  8.647e-01 -4.696e-07  7.138e-07  9.112e-08 -2.527e-07 -2.699e-07  3.616e-04 -1.236e-06 -1.916e-06 -9.499e-07  1.470e-05 
 PARAMETER  CORRELATION COEFFICIENTS  
       NO.  GLOBAL      1      3      4      6      8      9     20     21     22     23     24
        1  0.36375   1.000 -0.078 -0.132 -0.073  0.028  0.040 -0.001 -0.086 -0.224 -0.208  0.137
        3  0.33523  -0.078  1.000 -0.054 -0.205  0.120  0.068  0.000  0.161  0.115  0.071 -0.176
        4  0.29899  -0.132 -0.054  1.000 -0.038 -0.220 -0.024  0.001 -0.056  0.031  0.119  0.091
        6  0.27573  -0.073 -0.205 -0.038  1.000  0.009 -0.084 -0.001 -0.146  0.001 -0.005  0.033
        8  0.28255   0.028  0.120 -0.220  0.009  1.000 -0.032 -0.000  0.050 -0.102 -0.003 -0.095
        9  0.24540   0.040  0.068 -0.024 -0.084 -0.032  1.000  0.000 -0.022  0.138 -0.132 -0.101
       20  0.27886  -0.001  0.000  0.001 -0.001 -0.000  0.000  1.000 -0.007  0.039 -0.264  0.050
       21  0.24918  -0.086  0.161 -0.056 -0.146  0.050 -0.022 -0.007  1.000  0.110  0.038 -0.081
       22  0.32544  -0.224  0.115  0.031  0.001 -0.102  0.138  0.039  0.110  1.000 -0.001 -0.126
       23  0.37877  -0.208  0.071  0.119 -0.005 -0.003 -0.132 -0.264  0.038 -0.001  1.000 -0.062
       24  0.28308   0.137 -0.176  0.091  0.033 -0.095 -0.101  0.050 -0.081 -0.126 -0.062  1.000
MINUIT - FIT ONLY 1-y
 **********
 **   51 **RES 
 **********
                   PARAMETER   16  beta_vw RESTORED TO VARIABLE.
                   PARAMETER   14  alpha_vw RESTORED TO VARIABLE.
                   PARAMETER   13  beta_y RESTORED TO VARIABLE.
                   PARAMETER   11  alpha_y RESTORED TO VARIABLE.
                   PARAMETER   10  beta_2CBO RESTORED TO VARIABLE.
 **********
 **   52 **FIX            0
 **********
 PARAMETER    0  IS UNDEFINED. IGNORED.
 **********
 **   53 **FIX            1
 **********
 **********
 **   54 **FIX            2
 **********
 PARAMETER    2  IS CONSTANT.   IGNORED.
 **********
 **   55 **FIX            3
 **********
 **********
 **   56 **FIX            4
 **********
 **********
 **   57 **FIX            5
 **********
 PARAMETER    5  IS CONSTANT.   IGNORED.
 **********
 **   58 **FIX            6
 **********
 **********
 **   59 **FIX            7
 **********
 PARAMETER    7  IS CONSTANT.   IGNORED.
 **********
 **   60 **FIX            8
 **********
 **********
 **   61 **FIX            9
 **********
 **********
 **   62 **FIX           13
 **********
 **********
 **   63 **FIX           14
 **********
 **********
 **   64 **FIX           15
 **********
 PARAMETER   15  IS CONSTANT.   IGNORED.
 **********
 **   65 **FIX           16
 **********
 **********
 **   66 **MIGRAD
 **********
 START MIGRAD MINIMIZATION.  STRATEGY  1.  CONVERGENCE WHEN EDM .LT. 1.00e-04
 FCN=55.3344 FROM MIGRAD    STATUS=INITIATE       16 CALLS        4247 TOTAL
                     EDM= unknown      STRATEGY= 1      NO ERROR MATRIX       
  EXT PARAMETER               CURRENT GUESS       STEP         FIRST   
  NO.   NAME      VALUE            ERROR          SIZE      DERIVATIVE 
   1  N0           3.18448e+06     fixed    
   2  tau          6.44064e+01   constant   
   3  A0           3.45452e-01     fixed    
   4  phi          4.11930e+00     fixed    
   5  R           -6.06001e+01   constant   
   6  alpha_CBO    2.02622e-03     fixed    
   7  w_CBO        2.32500e+00   constant   
   8  beta_CBO     2.75731e-03     fixed    
   9  alpha_2CBO   7.97106e-04     fixed    
  10  beta_2CBO   -3.90360e-04   6.74857e-04   6.74857e-04   6.29095e+02
  11  alpha_y      0.00000e+00   1.00000e-03   1.00000e-03  -5.24004e+02
  12  w_y          1.38860e+01   constant   
  13  beta_y      -2.03077e-04     fixed    
  14  alpha_vw     0.00000e+00     fixed    
  15  w_vw         1.43404e+01   constant   
  16  beta_vw      0.00000e+00     fixed    
  17  LM           6.43054e-05   constant   
  18  zeta_y       0.00000e+00   constant   
  19  zeta_vw      0.00000e+00   constant   
  20  T_CBO        9.99999e+02   8.22670e+02   1.04947e-01  -7.39635e-06
  21  alpha_A0    -2.30963e-04   3.99159e-03   1.41673e-05  -3.78139e-01
  22  beta_A0      7.58655e-04   3.96410e-03   1.37371e-05  -4.80848e-01
  23  alpha_phi   -5.47386e-03   3.97714e-03   1.34898e-05   2.77180e-02
  24  beta_phi     1.01476e-03   3.83462e-03   1.34786e-05  -4.18685e-02
 MIGRAD MINIMIZATION HAS CONVERGED.
 MIGRAD WILL VERIFY CONVERGENCE AND ERROR MATRIX.
 COVARIANCE MATRIX CALCULATED SUCCESSFULLY
 FCN=55.2531 FROM MIGRAD    STATUS=CONVERGED     113 CALLS        4344 TOTAL
                     EDM=2.93036e-07    STRATEGY= 1      ERROR MATRIX ACCURATE 
  EXT PARAMETER                                   STEP         FIRST   
  NO.   NAME      VALUE            ERROR          SIZE      DERIVATIVE 
   1  N0           3.18448e+06     fixed    
   2  tau          6.44064e+01   constant   
   3  A0           3.45452e-01     fixed    
   4  phi          4.11930e+00     fixed    
   5  R           -6.06001e+01   constant   
   6  alpha_CBO    2.02622e-03     fixed    
   7  w_CBO        2.32500e+00   constant   
   8  beta_CBO     2.75731e-03     fixed    
   9  alpha_2CBO   7.97106e-04     fixed    
  10  beta_2CBO   -5.46410e-04   6.98680e-04   2.49579e-06  -9.70347e-02
  11  alpha_y      1.22754e-04   6.76220e-04   2.47518e-06   4.57365e-01
  12  w_y          1.38860e+01   constant   
  13  beta_y      -2.03077e-04     fixed    
  14  alpha_vw     0.00000e+00     fixed    
  15  w_vw         1.43404e+01   constant   
  16  beta_vw      0.00000e+00     fixed    
  17  LM           6.43054e-05   constant   
  18  zeta_y       0.00000e+00   constant   
  19  zeta_vw      0.00000e+00   constant   
  20  T_CBO        1.00000e+03   7.69554e+02   7.70385e-02** at limit **
  21  alpha_A0    -9.73930e-05   3.93355e-03   1.41567e-05  -7.38640e-02
  22  beta_A0      7.91640e-04   3.78314e-03   1.37270e-05  -8.52768e-02
  23  alpha_phi   -5.52376e-03   3.77837e-03   1.34801e-05   8.96418e-02
  24  beta_phi     1.13383e-03   3.73014e-03   1.34689e-05   1.00728e-01
 EXTERNAL ERROR MATRIX.    NDIM=  25    NPAR=  7    ERR DEF=1
  4.882e-07 -9.044e-09 -1.183e-09 -4.334e-07 -1.144e-07  1.886e-07 -3.375e-07 
 -9.044e-09  4.573e-07 -1.402e-10 -2.054e-08 -2.282e-08  3.467e-08  4.649e-08 
 -1.183e-09 -1.402e-10  3.935e-05 -1.695e-08  7.504e-07 -4.939e-06  1.004e-06 
 -4.334e-07 -2.054e-08 -1.695e-08  1.547e-05  1.441e-06 -2.003e-08 -2.740e-07 
 -1.144e-07 -2.282e-08  7.504e-07  1.441e-06  1.431e-05 -5.188e-07 -1.048e-06 
  1.886e-07  3.467e-08 -4.939e-06 -2.003e-08 -5.188e-07  1.428e-05 -7.373e-07 
 -3.375e-07  4.649e-08  1.004e-06 -2.740e-07 -1.048e-06 -7.373e-07  1.391e-05 
 PARAMETER  CORRELATION COEFFICIENTS  
       NO.  GLOBAL     10     11     20     21     22     23     24
       10  0.22040   1.000 -0.019 -0.000 -0.158 -0.043  0.071 -0.130
       11  0.03219  -0.019  1.000 -0.000 -0.008 -0.009  0.014  0.018
       20  0.21348  -0.000 -0.000  1.000 -0.001  0.032 -0.208  0.043
       21  0.18506  -0.158 -0.008 -0.001  1.000  0.097 -0.001 -0.019
       22  0.13544  -0.043 -0.009  0.032  0.097  1.000 -0.036 -0.074
       23  0.22570   0.071  0.014 -0.208 -0.001 -0.036  1.000 -0.052
       24  0.16693  -0.130  0.018  0.043 -0.019 -0.074 -0.052  1.000
MINUIT - FIT ONLY 2-y
 **********
 **   67 **RES 
 **********
                   PARAMETER   16  beta_vw RESTORED TO VARIABLE.
                   PARAMETER   14  alpha_vw RESTORED TO VARIABLE.
                   PARAMETER   13  beta_y RESTORED TO VARIABLE.
                   PARAMETER    9  alpha_2CBO RESTORED TO VARIABLE.
                   PARAMETER    8  beta_CBO RESTORED TO VARIABLE.
                   PARAMETER    6  alpha_CBO RESTORED TO VARIABLE.
                   PARAMETER    4  phi RESTORED TO VARIABLE.
                   PARAMETER    3  A0 RESTORED TO VARIABLE.
                   PARAMETER    1  N0 RESTORED TO VARIABLE.
 **********
 **   68 **FIX            0
 **********
 PARAMETER    0  IS UNDEFINED. IGNORED.
 **********
 **   69 **FIX            1
 **********
 **********
 **   70 **FIX            2
 **********
 PARAMETER    2  IS CONSTANT.   IGNORED.
 **********
 **   71 **FIX            3
 **********
 **********
 **   72 **FIX            4
 **********
 **********
 **   73 **FIX            5
 **********
 PARAMETER    5  IS CONSTANT.   IGNORED.
 **********
 **   74 **FIX            6
 **********
 **********
 **   75 **FIX            7
 **********
 PARAMETER    7  IS CONSTANT.   IGNORED.
 **********
 **   76 **FIX            8
 **********
 **********
 **   77 **FIX            9
 **********
 **********
 **   78 **FIX           10
 **********
 **********
 **   79 **FIX           11
 **********
 **********
 **   80 **FIX           12
 **********
 PARAMETER   12  IS CONSTANT.   IGNORED.
 **********
 **   81 **FIX           16
 **********
 **********
 **   82 **MIGRAD
 **********
 START MIGRAD MINIMIZATION.  STRATEGY  1.  CONVERGENCE WHEN EDM .LT. 1.00e-04
 FCN=55.2531 FROM MIGRAD    STATUS=INITIATE       16 CALLS        4360 TOTAL
                     EDM= unknown      STRATEGY= 1      NO ERROR MATRIX       
  EXT PARAMETER               CURRENT GUESS       STEP         FIRST   
  NO.   NAME      VALUE            ERROR          SIZE      DERIVATIVE 
   1  N0           3.18448e+06     fixed    
   2  tau          6.44064e+01   constant   
   3  A0           3.45452e-01     fixed    
   4  phi          4.11930e+00     fixed    
   5  R           -6.06001e+01   constant   
   6  alpha_CBO    2.02622e-03     fixed    
   7  w_CBO        2.32500e+00   constant   
   8  beta_CBO     2.75731e-03     fixed    
   9  alpha_2CBO   7.97106e-04     fixed    
  10  beta_2CBO   -5.46410e-04     fixed    
  11  alpha_y      1.22754e-04     fixed    
  12  w_y          1.38860e+01   constant   
  13  beta_y      -2.03077e-04   6.89362e-04   6.89362e-04  -6.93286e+01
  14  alpha_vw     0.00000e+00   1.00000e-03   1.00000e-03   1.51393e+03
  15  w_vw         1.43404e+01   constant   
  16  beta_vw      0.00000e+00     fixed    
  17  LM           6.43054e-05   constant   
  18  zeta_y       0.00000e+00   constant   
  19  zeta_vw      0.00000e+00   constant   
  20  T_CBO        9.99999e+02   7.69554e+02   7.70385e-02  -7.90070e-06
  21  alpha_A0    -9.73930e-05   3.93355e-03   1.41567e-05  -7.38600e-02
  22  beta_A0      7.91640e-04   3.78314e-03   1.37270e-05  -8.53146e-02
  23  alpha_phi   -5.52376e-03   3.77837e-03   1.34801e-05   8.98845e-02
  24  beta_phi     1.13383e-03   3.73014e-03   1.34689e-05   1.00685e-01
 MIGRAD MINIMIZATION HAS CONVERGED.
 MIGRAD WILL VERIFY CONVERGENCE AND ERROR MATRIX.
 COVARIANCE MATRIX CALCULATED SUCCESSFULLY
 FCN=54.9861 FROM MIGRAD    STATUS=CONVERGED      98 CALLS        4442 TOTAL
                     EDM=8.06783e-07    STRATEGY= 1      ERROR MATRIX ACCURATE 
  EXT PARAMETER                                   STEP         FIRST   
  NO.   NAME      VALUE            ERROR          SIZE      DERIVATIVE 
   1  N0           3.18448e+06     fixed    
   2  tau          6.44064e+01   constant   
   3  A0           3.45452e-01     fixed    
   4  phi          4.11930e+00     fixed    
   5  R           -6.06001e+01   constant   
   6  alpha_CBO    2.02622e-03     fixed    
   7  w_CBO        2.32500e+00   constant   
   8  beta_CBO     2.75731e-03     fixed    
   9  alpha_2CBO   7.97106e-04     fixed    
  10  beta_2CBO   -5.46410e-04     fixed    
  11  alpha_y      1.22754e-04     fixed    
  12  w_y          1.38860e+01   constant   
  13  beta_y      -1.62999e-04   6.84571e-04   2.49459e-06  -4.63867e-01
  14  alpha_vw    -3.50896e-04   6.79795e-04   2.47746e-06  -2.04134e-02
  15  w_vw         1.43404e+01   constant   
