 + ++++++++++++++++++++++++++++++++++++++++++++++++++++++++++++++++++++ +
 +                                                                      +
 +           You have chose to blind your fitting according to          +
 +                omega_ref * (1 + (R +/- deltaR) *10^{-6})             +
 +                                                                      +
 + ++++++++++++++++++++++++++++++++++++++++++++++++++++++++++++++++++++ +
In main()...
reading format from /gm2data/zkhechad/run45/envelope/formats/formatB_sBin_constraintOn.txt
pBinTau 	= 0  
pBinPhi 	= 0  
constraintau 	= 1 
includeMopTerm 	= 0    
constrainMop    = 0   
Parameters after format file: pBinTau 0 pBinPhi 0 constraintau 1 includeMopTerm 0 constrainMop 0 c_e_scale 0.000000 
Opening file /gm2data/tbarrett/gm2fr/studies/run23_bunch_corrections/CorrectedFourier_Run3b.root.
reading full fit data from /gm2data/zkhechad/cboTemplates/Run4CBOTemplates/fullFits/noRF/sBin_constraintOn_cE0.0_seed0_noRF_calo9.root
windowBins = 69
fitting sliding window 2380 from bin 2516 at 375.238000 to bin 2585 at 385.682000 (69 bins)

Reading data from /gm2data/cornell/histograms/aMethod/histogram_a_noRF.root
 **********
 **    1 **SET PRINTOUT            1
 **********
 **********
 **    2 **SET NOWARNINGS 
 **********
 PARAMETER DEFINITIONS:
    NO.   NAME         VALUE      STEP SIZE      LIMITS
     1 N0           2.88206e+06  1.00000e+02     no limits
     2 tau          6.44106e+01  constant
     3 A0           3.51420e-01  1.00000e-04     no limits
     4 phi          4.11705e+00  1.00000e-02     no limits
     5 R           -5.98157e+01  constant
     6 alpha_CBO    0.00000e+00  1.00000e-03     no limits
     7 w_CBO        2.32500e+00  constant
     8 beta_CBO     0.00000e+00  1.00000e-03     no limits
     9 alpha_2CBO   0.00000e+00  1.00000e-03     no limits
    10 beta_2CBO    0.00000e+00  1.00000e-03     no limits
    11 alpha_y      0.00000e+00  1.00000e-03     no limits
    12 w_y          1.38860e+01  constant
    13 beta_y       0.00000e+00  1.00000e-03     no limits
    14 alpha_vw     0.00000e+00  1.00000e-03     no limits
    15 w_vw         1.43404e+01  constant
    16 beta_vw      0.00000e+00  1.00000e-03     no limits
    17 LM           1.60296e-04  constant
    18 zeta_y       0.00000e+00  constant
    19 zeta_vw      0.00000e+00  constant
    20 T_CBO        1.00000e+02  1.00000e+00    0.00000e+00  1.00000e+03
    21 alpha_A0     0.00000e+00  1.00000e-03     no limits
    22 beta_A0      0.00000e+00  1.00000e-03     no limits
    23 alpha_phi    0.00000e+00  1.00000e-03     no limits
    24 beta_phi     0.00000e+00  1.00000e-03     no limits
MINUIT - FIT ONLY WIGGLE
 **********
 **    3 **FIX            5
 **********
 PARAMETER    5  IS CONSTANT.   IGNORED.
 **********
 **    4 **FIX            6
 **********
 **********
 **    5 **FIX            7
 **********
 PARAMETER    7  IS CONSTANT.   IGNORED.
 **********
 **    6 **FIX            8
 **********
 **********
 **    7 **FIX            9
 **********
 **********
 **    8 **FIX           10
 **********
 **********
 **    9 **FIX           11
 **********
 **********
 **   10 **FIX           12
 **********
 PARAMETER   12  IS CONSTANT.   IGNORED.
 **********
 **   11 **FIX           13
 **********
 **********
 **   12 **FIX           14
 **********
 **********
 **   13 **FIX           15
 **********
 PARAMETER   15  IS CONSTANT.   IGNORED.
 **********
 **   14 **FIX           16
 **********
 **********
 **   15 **MIGRAD
 **********
 FIRST CALL TO USER FUNCTION AT NEW START POINT, WITH IFLAG=4.
 START MIGRAD MINIMIZATION.  STRATEGY  1.  CONVERGENCE WHEN EDM .LT. 1.00e-04
 FCN=76.9612 FROM MIGRAD    STATUS=INITIATE      437 CALLS         438 TOTAL
                     EDM= unknown      STRATEGY= 1      NO ERROR MATRIX       
  EXT PARAMETER               CURRENT GUESS       STEP         FIRST   
  NO.   NAME      VALUE            ERROR          SIZE      DERIVATIVE 
   1  N0           2.88206e+06   1.00000e+02   0.00000e+00   1.40739e-03
   2  tau          6.44106e+01   constant   
   3  A0           3.51420e-01   1.00000e-04   0.00000e+00   1.79445e+02
   4  phi          4.11705e+00   1.00000e-02   0.00000e+00  -9.78347e+02
   5  R           -5.98157e+01   constant   
   6  alpha_CBO    0.00000e+00     fixed    
   7  w_CBO        2.32500e+00   constant   
   8  beta_CBO     0.00000e+00     fixed    
   9  alpha_2CBO   0.00000e+00     fixed    
  10  beta_2CBO    0.00000e+00     fixed    
  11  alpha_y      0.00000e+00     fixed    
  12  w_y          1.38860e+01   constant   
  13  beta_y       0.00000e+00     fixed    
  14  alpha_vw     0.00000e+00     fixed    
  15  w_vw         1.43404e+01   constant   
  16  beta_vw      0.00000e+00     fixed    
  17  LM           1.60296e-04   constant   
  18  zeta_y       0.00000e+00   constant   
  19  zeta_vw      0.00000e+00   constant   
  20  T_CBO        1.00000e+02   1.00000e+00   0.00000e+00   0.00000e+00
  21  alpha_A0     0.00000e+00   1.00000e-03   0.00000e+00  -8.48235e+00
  22  beta_A0      0.00000e+00   1.00000e-03   0.00000e+00  -1.28485e+00
  23  alpha_phi    0.00000e+00   1.00000e-03   0.00000e+00   7.06543e+00
  24  beta_phi     0.00000e+00   1.00000e-03   0.00000e+00   7.64882e+00
 CALL LIMIT EXCEEDED IN MIGRAD.
 MIGRAD TERMINATED WITHOUT CONVERGENCE.
 FCN=68.1641 FROM MIGRAD    STATUS=CALL LIMIT   1328 CALLS        1329 TOTAL
                     EDM=0.00225081    STRATEGY= 1  ERROR MATRIX UNCERTAINTY   0.6 per cent
  EXT PARAMETER                APPROXIMATE        STEP         FIRST   
  NO.   NAME      VALUE            ERROR          SIZE      DERIVATIVE 
   1  N0           2.87660e+06   2.51077e+03   6.15093e+00  -1.16102e-05
   2  tau          6.44106e+01   constant   
   3  A0           3.50971e-01   1.01740e-03   5.96756e-06  -9.12521e+00
   4  phi          4.12261e+00   3.23627e-03   1.50004e-05  -2.37623e+00
   5  R           -5.98157e+01   constant   
   6  alpha_CBO    0.00000e+00     fixed    
   7  w_CBO        2.32500e+00   constant   
   8  beta_CBO     0.00000e+00     fixed    
   9  alpha_2CBO   0.00000e+00     fixed    
  10  beta_2CBO    0.00000e+00     fixed    
  11  alpha_y      0.00000e+00     fixed    
  12  w_y          1.38860e+01   constant   
  13  beta_y       0.00000e+00     fixed    
  14  alpha_vw     0.00000e+00     fixed    
  15  w_vw         1.43404e+01   constant   
  16  beta_vw      0.00000e+00     fixed    
  17  LM           1.60296e-04   constant   
  18  zeta_y       0.00000e+00   constant   
  19  zeta_vw      0.00000e+00   constant   
  20  T_CBO        4.82999e+01   2.12239e+01  -4.01701e-03  -5.09242e+00
  21  alpha_A0     1.46891e+01   4.45841e+01   1.76570e+00  -8.54504e-03
  22  beta_A0     -1.15239e+00   3.27511e+00  -1.29176e-01   1.00216e-02
  23  alpha_phi   -5.64758e+00   1.73094e+01  -6.85154e-01   8.23327e-03
  24  beta_phi    -1.07202e+01   3.22553e+01  -1.27781e+00  -9.28782e-04
 EXTERNAL ERROR MATRIX.    NDIM=  25    NPAR=  8    ERR DEF=1
  6.304e+06  5.468e-01 -3.850e-01 -1.015e+03 -3.634e+03  2.839e+02  1.386e+03  2.619e+03 
  5.468e-01  1.035e-06 -3.339e-08  1.904e-04 -9.980e-04  7.964e-05  3.900e-04  7.075e-04 
 -3.850e-01 -3.339e-08  1.047e-05  1.215e-03 -2.378e-03  1.135e-04  9.835e-04  1.692e-03 
 -1.015e+03  1.904e-04  1.215e-03  4.519e+02 -9.431e+02  6.903e+01  3.661e+02  6.824e+02 
 -3.634e+03 -9.980e-04 -2.378e-03 -9.431e+02  1.988e+03 -1.456e+02 -7.717e+02 -1.438e+03 
  2.839e+02  7.964e-05  1.135e-04  6.903e+01 -1.456e+02  1.073e+01  5.653e+01  1.053e+02 
  1.386e+03  3.900e-04  9.835e-04  3.661e+02 -7.717e+02  5.653e+01  2.996e+02  5.583e+02 
  2.619e+03  7.075e-04  1.692e-03  6.824e+02 -1.438e+03  1.053e+02  5.583e+02  1.040e+03 
ERR MATRIX APPROXIMATE
 PARAMETER  CORRELATION COEFFICIENTS  
       NO.  GLOBAL      1      3      4     20     21     22     23     24
        1  0.54889   1.000  0.214 -0.047 -0.019 -0.032  0.035  0.032  0.032
        3  0.22315   0.214  1.000 -0.010  0.009 -0.022  0.024  0.022  0.022
        4  0.15026  -0.047 -0.010  1.000  0.018 -0.016  0.011  0.018  0.016
       20  0.99652  -0.019  0.009  0.018  1.000 -0.995  0.991  0.995  0.995
       21  0.99998  -0.032 -0.022 -0.016 -0.995  1.000 -0.997 -1.000 -1.000
       22  0.99741   0.035  0.024  0.011  0.991 -0.997  1.000  0.997  0.997
       23  0.99992   0.032  0.022  0.018  0.995 -1.000  0.997  1.000  1.000
       24  0.99997   0.032  0.022  0.016  0.995 -1.000  0.997  1.000  1.000
 ERR MATRIX APPROXIMATE
MINUIT - FIT ONLY 1-CBO + wiggle
 **********
 **   16 **RES 
 **********
                   PARAMETER   16  beta_vw RESTORED TO VARIABLE.
                   PARAMETER   14  alpha_vw RESTORED TO VARIABLE.
                   PARAMETER   13  beta_y RESTORED TO VARIABLE.
                   PARAMETER   11  alpha_y RESTORED TO VARIABLE.
                   PARAMETER   10  beta_2CBO RESTORED TO VARIABLE.
                   PARAMETER    9  alpha_2CBO RESTORED TO VARIABLE.
                   PARAMETER    8  beta_CBO RESTORED TO VARIABLE.
                   PARAMETER    6  alpha_CBO RESTORED TO VARIABLE.
 **********
 **   17 **FIX            8
 **********
 **********
 **   18 **FIX            9
 **********
 **********
 **   19 **FIX           11
 **********
 **********
 **   20 **FIX           12
 **********
 PARAMETER   12  IS CONSTANT.   IGNORED.
 **********
 **   21 **FIX           14
 **********
 **********
 **   22 **FIX           15
 **********
 PARAMETER   15  IS CONSTANT.   IGNORED.
 **********
 **   23 **FIX           16
 **********
 **********
 **   24 **MIGRAD
 **********
 START MIGRAD MINIMIZATION.  STRATEGY  1.  CONVERGENCE WHEN EDM .LT. 1.00e-04
 FCN=68.1641 FROM MIGRAD    STATUS=INITIATE       28 CALLS        1357 TOTAL
                     EDM= unknown      STRATEGY= 1      NO ERROR MATRIX       
  EXT PARAMETER               CURRENT GUESS       STEP         FIRST   
  NO.   NAME      VALUE            ERROR          SIZE      DERIVATIVE 
   1  N0           2.87660e+06   2.51077e+03   6.15093e+00  -1.16102e-05
   2  tau          6.44106e+01   constant   
   3  A0           3.50971e-01   1.01740e-03   5.96756e-06  -9.12521e+00
   4  phi          4.12261e+00   3.23627e-03   1.50004e-05  -2.37623e+00
   5  R           -5.98157e+01   constant   
   6  alpha_CBO    0.00000e+00   1.00000e-03   1.00000e-03  -5.15994e+03
   7  w_CBO        2.32500e+00   constant   
   8  beta_CBO     0.00000e+00     fixed    
   9  alpha_2CBO   0.00000e+00     fixed    
  10  beta_2CBO    0.00000e+00   1.00000e-03   1.00000e-03   1.21203e+03
  11  alpha_y      0.00000e+00     fixed    
  12  w_y          1.38860e+01   constant   
  13  beta_y       0.00000e+00   1.00000e-03   1.00000e-03  -4.34708e+02
  14  alpha_vw     0.00000e+00     fixed    
  15  w_vw         1.43404e+01   constant   
  16  beta_vw      0.00000e+00     fixed    
  17  LM           1.60296e-04   constant   
  18  zeta_y       0.00000e+00   constant   
  19  zeta_vw      0.00000e+00   constant   
  20  T_CBO        4.82999e+01   2.12239e+01  -4.01701e-03  -5.09243e+00
  21  alpha_A0     1.46891e+01   4.45841e+01   1.76570e+00  -8.54504e-03
  22  beta_A0     -1.15239e+00   3.27511e+00  -1.29176e-01   1.00216e-02
  23  alpha_phi   -5.64758e+00   1.73094e+01  -6.85154e-01   8.23327e-03
  24  beta_phi    -1.07202e+01   3.22553e+01  -1.27781e+00  -9.28782e-04
 CALL LIMIT EXCEEDED IN MIGRAD.
 MIGRAD TERMINATED WITHOUT CONVERGENCE.
 FCN=57.3891 FROM MIGRAD    STATUS=CALL LIMIT   1922 CALLS        3251 TOTAL
                     EDM=0.000687019    STRATEGY= 1  ERROR MATRIX UNCERTAINTY  40.6 per cent
  EXT PARAMETER                APPROXIMATE        STEP         FIRST   
  NO.   NAME      VALUE            ERROR          SIZE      DERIVATIVE 
   1  N0           2.87649e+06   2.45269e+03   2.96079e-01  -6.70767e-06
   2  tau          6.44106e+01   constant   
   3  A0           3.50825e-01   1.02827e-03   2.44806e-07   2.05923e+00
   4  phi          4.11988e+00   3.37062e-03   1.03059e-05   2.32193e-02
   5  R           -5.98157e+01   constant   
   6  alpha_CBO    3.90008e-03   1.20418e-03  -3.49145e-06   3.82418e+00
   7  w_CBO        2.32500e+00   constant   
   8  beta_CBO     0.00000e+00     fixed    
   9  alpha_2CBO   0.00000e+00     fixed    
  10  beta_2CBO   -8.29471e-04   1.16427e-03   4.97003e-07  -5.24444e-01
  11  alpha_y      0.00000e+00     fixed    
  12  w_y          1.38860e+01   constant   
  13  beta_y       3.03898e-04   1.18063e-03  -4.45844e-07   8.88430e-01
  14  alpha_vw     0.00000e+00     fixed    
  15  w_vw         1.43404e+01   constant   
  16  beta_vw      0.00000e+00     fixed    
  17  LM           1.60296e-04   constant   
  18  zeta_y       0.00000e+00   constant   
  19  zeta_vw      0.00000e+00   constant   
  20  T_CBO        2.65441e+01   7.00185e+00  -7.23019e-04  -7.97635e+00
  21  alpha_A0     9.66517e+03   3.22822e+04   5.22049e+02  -2.75797e-06
  22  beta_A0      1.60815e+03   5.46495e+03   8.83263e+01  -2.05159e-05
  23  alpha_phi    1.03974e+03   3.51365e+03   5.67861e+01  -1.79781e-05
  24  beta_phi    -5.85900e+03   1.95742e+04  -3.16533e+02   5.06552e-06
 EXTERNAL ERROR MATRIX.    NDIM=  25    NPAR= 11    ERR DEF=1
  6.016e+06 
  4.529e-01  1.057e-06 
  1.260e-01  1.450e-07  1.136e-05 
 -9.284e-03 -2.140e-08 -1.068e-06  1.450e-06 
  1.568e-01  4.860e-08  1.437e-07 -3.964e-09  1.356e-06 
  1.595e-02 -1.001e-08 -5.485e-08  2.253e-09  1.075e-08  1.394e-06 
 -5.971e+02 -2.902e-05 -1.118e-03  3.042e-04 -1.036e-04  4.876e-05  4.906e+01 
 -6.795e+05  1.155e-01  7.229e+00 -1.849e+00  4.365e-01 -2.421e-01 -2.251e+05  1.042e+09 
 -1.165e+05  1.716e-02  1.217e+00 -3.110e-01  7.212e-02 -4.094e-02 -3.809e+04  1.764e+08  2.987e+07 
 -7.356e+04  1.180e-02  7.861e-01 -1.973e-01  4.878e-02 -2.646e-02 -2.449e+04  1.134e+08  1.920e+07  1.235e+07 
  4.112e+05 -7.037e-02 -4.385e+00  1.121e+00 -2.656e-01  1.469e-01  1.365e+05 -6.319e+08 -1.070e+08 -6.878e+07  3.831e+08 
ERR MATRIX APPROXIMATE
 PARAMETER  CORRELATION COEFFICIENTS  
       NO.  GLOBAL      1      3      4      6     10     13     20     21     22     23     24
        1  0.51428   1.000  0.180  0.015 -0.003  0.055  0.006 -0.035 -0.009 -0.009 -0.009  0.009
        3  0.24154   0.180  1.000  0.042 -0.017  0.041 -0.008 -0.004  0.003  0.003  0.003 -0.003
        4  0.36314   0.015  0.042  1.000 -0.263  0.037 -0.014 -0.047  0.066  0.066  0.066 -0.066
        6  0.34404  -0.003 -0.017 -0.263  1.000 -0.003  0.002  0.036 -0.048 -0.047 -0.047  0.048
       10  0.16182   0.055  0.041  0.037 -0.003  1.000  0.008 -0.013  0.012  0.011  0.012 -0.012
       13  0.02226   0.006 -0.008 -0.014  0.002  0.008  1.000  0.006 -0.006 -0.006 -0.006  0.006
       20  0.99688  -0.035 -0.004 -0.047  0.036 -0.013  0.006  1.000 -0.995 -0.995 -0.995  0.995
       21  1.00000  -0.009  0.003  0.066 -0.048  0.012 -0.006 -0.995  1.000  1.000  1.000 -1.000
       22  1.00000  -0.009  0.003  0.066 -0.047  0.011 -0.006 -0.995  1.000  1.000  1.000 -1.000
       23  0.99999  -0.009  0.003  0.066 -0.047  0.012 -0.006 -0.995  1.000  1.000  1.000 -1.000
       24  1.00000   0.009 -0.003 -0.066  0.048 -0.012  0.006  0.995 -1.000 -1.000 -1.000  1.000
 ERR MATRIX APPROXIMATE
MINUIT - FIT ONLY 2-CBO
 **********
 **   25 **RES 
 **********
                   PARAMETER   16  beta_vw RESTORED TO VARIABLE.
                   PARAMETER   14  alpha_vw RESTORED TO VARIABLE.
                   PARAMETER   11  alpha_y RESTORED TO VARIABLE.
                   PARAMETER    9  alpha_2CBO RESTORED TO VARIABLE.
                   PARAMETER    8  beta_CBO RESTORED TO VARIABLE.
 **********
 **   26 **FIX            0
 **********
 PARAMETER    0  IS UNDEFINED. IGNORED.
 **********
 **   27 **FIX            1
 **********
 **********
 **   28 **FIX            2
 **********
 PARAMETER    2  IS CONSTANT.   IGNORED.
 **********
 **   29 **FIX            3
 **********
 **********
 **   30 **FIX            4
 **********
 **********
 **   31 **FIX            5
 **********
 PARAMETER    5  IS CONSTANT.   IGNORED.
 **********
 **   32 **FIX            6
 **********
 **********
 **   33 **FIX            7
 **********
 PARAMETER    7  IS CONSTANT.   IGNORED.
 **********
 **   34 **FIX           10
 **********
 **********
 **   35 **FIX           11
 **********
 **********
 **   36 **FIX           12
 **********
 PARAMETER   12  IS CONSTANT.   IGNORED.
 **********
 **   37 **FIX           13
 **********
 **********
 **   38 **FIX           14
 **********
 **********
 **   39 **FIX           15
 **********
 PARAMETER   15  IS CONSTANT.   IGNORED.
 **********
 **   40 **FIX           16
 **********
 **********
 **   41 **MIGRAD
 **********
 START MIGRAD MINIMIZATION.  STRATEGY  1.  CONVERGENCE WHEN EDM .LT. 1.00e-04
 FCN=57.3891 FROM MIGRAD    STATUS=INITIATE       18 CALLS        3269 TOTAL
                     EDM= unknown      STRATEGY= 1      NO ERROR MATRIX       
  EXT PARAMETER               CURRENT GUESS       STEP         FIRST   
  NO.   NAME      VALUE            ERROR          SIZE      DERIVATIVE 
   1  N0           2.87649e+06     fixed    
   2  tau          6.44106e+01   constant   
   3  A0           3.50825e-01     fixed    
   4  phi          4.11988e+00     fixed    
   5  R           -5.98157e+01   constant   
   6  alpha_CBO    3.90008e-03     fixed    
   7  w_CBO        2.32500e+00   constant   
   8  beta_CBO     0.00000e+00   1.00000e-03   1.00000e-03   4.84783e+02
   9  alpha_2CBO   0.00000e+00   1.00000e-03   1.00000e-03  -1.12678e+02
  10  beta_2CBO   -8.29471e-04     fixed    
  11  alpha_y      0.00000e+00     fixed    
  12  w_y          1.38860e+01   constant   
  13  beta_y       3.03898e-04     fixed    
  14  alpha_vw     0.00000e+00     fixed    
  15  w_vw         1.43404e+01   constant   
  16  beta_vw      0.00000e+00     fixed    
  17  LM           1.60296e-04   constant   
  18  zeta_y       0.00000e+00   constant   
  19  zeta_vw      0.00000e+00   constant   
  20  T_CBO        2.65441e+01   7.00185e+00  -7.23019e-04  -7.97635e+00
  21  alpha_A0     9.66517e+03   3.22822e+04   5.22049e+02  -2.75797e-06
  22  beta_A0      1.60815e+03   5.46495e+03   8.83263e+01  -2.05159e-05
  23  alpha_phi    1.03974e+03   3.51365e+03   5.67861e+01  -1.79781e-05
  24  beta_phi    -5.85900e+03   1.95742e+04  -3.16533e+02   5.06552e-06
 CALL LIMIT EXCEEDED IN MIGRAD.
 MIGRAD TERMINATED WITHOUT CONVERGENCE.
 FCN=57.2162 FROM MIGRAD    STATUS=CALL LIMIT   1148 CALLS        4399 TOTAL
                     EDM=0.00124796    STRATEGY= 1  ERROR MATRIX UNCERTAINTY  21.0 per cent
  EXT PARAMETER                APPROXIMATE        STEP         FIRST   
  NO.   NAME      VALUE            ERROR          SIZE      DERIVATIVE 
   1  N0           2.87649e+06     fixed    
   2  tau          6.44106e+01   constant   
   3  A0           3.50825e-01     fixed    
   4  phi          4.11988e+00     fixed    
   5  R           -5.98157e+01   constant   
   6  alpha_CBO    3.90008e-03     fixed    
   7  w_CBO        2.32500e+00   constant   
   8  beta_CBO    -3.65186e-04   1.20373e-03  -8.03575e-06  -8.42968e+00
   9  alpha_2CBO   7.46062e-05   1.24769e-03   1.24724e-05   7.08678e+00
  10  beta_2CBO   -8.29471e-04     fixed    
  11  alpha_y      0.00000e+00     fixed    
  12  w_y          1.38860e+01   constant   
  13  beta_y       3.03898e-04     fixed    
  14  alpha_vw     0.00000e+00     fixed    
  15  w_vw         1.43404e+01   constant   
  16  beta_vw      0.00000e+00     fixed    
  17  LM           1.60296e-04   constant   
  18  zeta_y       0.00000e+00   constant   
  19  zeta_vw      0.00000e+00   constant   
  20  T_CBO        1.91633e+01   4.54065e+00  -6.24797e-04  -1.15221e+01
  21  alpha_A0     2.39599e+06   1.00930e+07   1.93536e+05  -3.81070e-08
  22  beta_A0      3.97099e+05   1.54129e+06   2.95665e+04  -9.14892e-08
  23  alpha_phi    4.29696e+05   1.86873e+06   3.58327e+04   5.64778e-08
  24  beta_phi    -1.55271e+06   6.55048e+06  -1.25629e+05  -5.84773e-09
 EXTERNAL ERROR MATRIX.    NDIM=  25    NPAR=  7    ERR DEF=1
  1.449e-06 -3.024e-08  8.105e-06 -4.394e+02 -6.749e+01 -8.142e+01  2.868e+02 
 -3.024e-08  1.557e-06 -5.003e-05  5.381e+02  8.422e+01  9.963e+01 -3.509e+02 
  8.105e-06 -5.003e-05  2.063e+01 -4.568e+07 -6.975e+06 -8.458e+06  2.965e+07 
 -4.394e+02  5.381e+02 -4.568e+07  1.019e+14  1.556e+13  1.886e+13 -6.611e+13 
 -6.749e+01  8.422e+01 -6.975e+06  1.556e+13  2.376e+12  2.880e+12 -1.010e+13 
 -8.142e+01  9.963e+01 -8.458e+06  1.886e+13  2.880e+12  3.492e+12 -1.224e+13 
  2.868e+02 -3.509e+02  2.965e+07 -6.611e+13 -1.010e+13 -1.224e+13  4.291e+13 
ERR MATRIX APPROXIMATE
 PARAMETER  CORRELATION COEFFICIENTS  
       NO.  GLOBAL      8      9     20     21     22     23     24
        8  0.48342   1.000 -0.020  0.001 -0.036 -0.036 -0.036  0.036
        9  0.48360  -0.020  1.000 -0.009  0.043  0.044  0.043 -0.043
       20  0.99783   0.001 -0.009  1.000 -0.997 -0.997 -0.997  0.997
       21  1.00000  -0.036  0.043 -0.997  1.000  1.000  1.000 -1.000
       22  0.99995  -0.036  0.044 -0.997  1.000  1.000  1.000 -1.000
       23  0.99999  -0.036  0.043 -0.997  1.000  1.000  1.000 -1.000
       24  1.00000   0.036 -0.043  0.997 -1.000 -1.000 -1.000  1.000
 ERR MATRIX APPROXIMATE
MINUIT - FIT wiggle + 1-CBO + 2-CBO
 **********
 **   42 **RES 
 **********
                   PARAMETER   16  beta_vw RESTORED TO VARIABLE.
                   PARAMETER   14  alpha_vw RESTORED TO VARIABLE.
                   PARAMETER   13  beta_y RESTORED TO VARIABLE.
                   PARAMETER   11  alpha_y RESTORED TO VARIABLE.
                   PARAMETER   10  beta_2CBO RESTORED TO VARIABLE.
                   PARAMETER    6  alpha_CBO RESTORED TO VARIABLE.
                   PARAMETER    4  phi RESTORED TO VARIABLE.
                   PARAMETER    3  A0 RESTORED TO VARIABLE.
                   PARAMETER    1  N0 RESTORED TO VARIABLE.
 **********
 **   43 **FIX           10
 **********
 **********
 **   44 **FIX           11
 **********
 **********
 **   45 **FIX           12
 **********
 PARAMETER   12  IS CONSTANT.   IGNORED.
 **********
 **   46 **FIX           13
 **********
 **********
 **   47 **FIX           14
 **********
 **********
 **   48 **FIX           15
 **********
 PARAMETER   15  IS CONSTANT.   IGNORED.
 **********
 **   49 **FIX           16
 **********
 **********
 **   50 **MIGRAD
 **********
 START MIGRAD MINIMIZATION.  STRATEGY  1.  CONVERGENCE WHEN EDM .LT. 1.00e-04
 FCN=57.2162 FROM MIGRAD    STATUS=INITIATE       22 CALLS        4421 TOTAL
                     EDM= unknown      STRATEGY= 1      NO ERROR MATRIX       
  EXT PARAMETER               CURRENT GUESS       STEP         FIRST   
  NO.   NAME      VALUE            ERROR          SIZE      DERIVATIVE 
   1  N0           2.87649e+06   2.45269e+03   2.45269e+03   2.93849e-06
   2  tau          6.44106e+01   constant   
   3  A0           3.50825e-01   1.02827e-03   1.02827e-03   9.54671e+01
   4  phi          4.11988e+00   3.37062e-03   3.37062e-03  -2.79936e+01
   5  R           -5.98157e+01   constant   
   6  alpha_CBO    3.90008e-03   1.20418e-03   1.20418e-03  -3.83731e+01
   7  w_CBO        2.32500e+00   constant   
   8  beta_CBO    -3.65186e-04   1.20373e-03  -8.03575e-06  -8.42968e+00
   9  alpha_2CBO   7.46062e-05   1.24769e-03   1.24724e-05   7.08678e+00
  10  beta_2CBO   -8.29471e-04     fixed    
  11  alpha_y      0.00000e+00     fixed    
  12  w_y          1.38860e+01   constant   
  13  beta_y       3.03898e-04     fixed    
  14  alpha_vw     0.00000e+00     fixed    
  15  w_vw         1.43404e+01   constant   
  16  beta_vw      0.00000e+00     fixed    
  17  LM           1.60296e-04   constant   
  18  zeta_y       0.00000e+00   constant   
  19  zeta_vw      0.00000e+00   constant   
  20  T_CBO        1.91633e+01   4.54065e+00  -6.24797e-04  -1.15221e+01
  21  alpha_A0     2.39599e+06   1.00930e+07   1.93536e+05  -3.81062e-08
  22  beta_A0      3.97099e+05   1.54129e+06   2.95665e+04  -9.14904e-08
  23  alpha_phi    4.29696e+05   1.86873e+06   3.58327e+04   5.64777e-08
  24  beta_phi    -1.55271e+06   6.55048e+06  -1.25629e+05  -5.84774e-09
 CALL LIMIT EXCEEDED IN MIGRAD.
 MIGRAD TERMINATED WITHOUT CONVERGENCE.
 FCN=57.1256 FROM MIGRAD    STATUS=CALL LIMIT   1915 CALLS        6314 TOTAL
                     EDM=0.0024792    STRATEGY= 1  ERROR MATRIX UNCERTAINTY  34.2 per cent
  EXT PARAMETER                APPROXIMATE        STEP         FIRST   
  NO.   NAME      VALUE            ERROR          SIZE      DERIVATIVE 
   1  N0           2.87640e+06   2.50303e+03  -6.08730e+00  -3.65479e-06
   2  tau          6.44106e+01   constant   
   3  A0           3.50759e-01   1.02710e-03   8.90223e-07  -1.54057e+00
   4  phi          4.12008e+00   3.33908e-03  -4.51557e-06   1.34580e+00
   5  R           -5.98157e+01   constant   
   6  alpha_CBO    3.91556e-03   1.16988e-03   1.50033e-06  -7.86153e+00
   7  w_CBO        2.32500e+00   constant   
   8  beta_CBO    -3.66292e-04   1.18841e-03  -2.21771e-06   1.69442e+00
   9  alpha_2CBO   6.63469e-05   1.16758e-03   6.03984e-07  -3.81731e+00
  10  beta_2CBO   -8.29471e-04     fixed    
  11  alpha_y      0.00000e+00     fixed    
  12  w_y          1.38860e+01   constant   
  13  beta_y       3.03898e-04     fixed    
  14  alpha_vw     0.00000e+00     fixed    
  15  w_vw         1.43404e+01   constant   
  16  beta_vw      0.00000e+00     fixed    
  17  LM           1.60296e-04   constant   
  18  zeta_y       0.00000e+00   constant   
  19  zeta_vw      0.00000e+00   constant   
  20  T_CBO        1.45389e+01   2.56079e+00  -4.47178e-04  -1.96663e+01
  21  alpha_A0     1.32563e+09   5.57844e+09   1.13986e+08  -1.59003e-10
  22  beta_A0      3.59967e+08   1.53168e+09   3.12971e+07   5.68866e-11
  23  alpha_phi    2.57066e+08   1.08326e+09   2.21385e+07   1.15087e-10
  24  beta_phi    -8.45328e+08   3.55002e+09  -7.25432e+07  -6.83311e-11
 EXTERNAL ERROR MATRIX.    NDIM=  25    NPAR= 11    ERR DEF=1
  6.265e+06 
  4.812e-01  1.055e-06 
  3.645e-01  1.093e-07  1.115e-05 
 -8.849e-02 -6.422e-08 -6.820e-07  1.369e-06 
  6.906e-02  1.867e-07  1.668e-07 -3.433e-08  1.412e-06 
 -3.178e-02  4.033e-08  3.619e-09 -1.231e-09  7.533e-08  1.363e-06 
 -2.981e+02 -1.854e-05 -1.955e-04  1.622e-04 -1.063e-04 -1.613e-05  6.559e+00 
  2.178e+11  2.217e+04  5.591e+05 -4.338e+05  2.004e+05 -1.365e+04 -1.423e+10  3.112e+19 
  5.974e+10  5.836e+03  1.522e+05 -1.189e+05  5.501e+04 -3.600e+03 -3.908e+09  8.544e+18  2.346e+18 
  4.228e+10  4.028e+03  1.080e+05 -8.350e+04  3.880e+04 -2.487e+03 -2.764e+09  6.043e+18  1.659e+18  1.173e+18 
 -1.389e+11 -1.415e+04 -3.555e+05  2.758e+05 -1.275e+05  8.542e+03  9.057e+09 -1.980e+19 -5.437e+18 -3.846e+18  1.260e+19 
ERR MATRIX APPROXIMATE
 PARAMETER  CORRELATION COEFFICIENTS  
       NO.  GLOBAL      1      3      4      6      8      9     20     21     22     23     24
        1  0.41580   1.000  0.187  0.044 -0.030  0.023 -0.011 -0.047  0.016  0.016  0.016 -0.016
        3  0.28966   0.187  1.000  0.032 -0.053  0.153  0.034 -0.007  0.004  0.004  0.004 -0.004
        4  0.25591   0.044  0.032  1.000 -0.175  0.042  0.001 -0.023  0.030  0.030  0.030 -0.030
        6  0.35467  -0.030 -0.053 -0.175  1.000 -0.025 -0.001  0.054 -0.066 -0.066 -0.066  0.066
        8  0.18472   0.023  0.153  0.042 -0.025  1.000  0.054 -0.035  0.030  0.030  0.030 -0.030
        9  0.13858  -0.011  0.034  0.001 -0.001  0.054  1.000 -0.005 -0.002 -0.002 -0.002  0.002
       20  0.99711  -0.047 -0.007 -0.023  0.054 -0.035 -0.005  1.000 -0.996 -0.996 -0.996  0.996
       21  1.00000   0.016  0.004  0.030 -0.066  0.030 -0.002 -0.996  1.000  1.000  1.000 -1.000
       22  1.00000   0.016  0.004  0.030 -0.066  0.030 -0.002 -0.996  1.000  1.000  1.000 -1.000
       23  1.00000   0.016  0.004  0.030 -0.066  0.030 -0.002 -0.996  1.000  1.000  1.000 -1.000
       24  1.00000  -0.016 -0.004 -0.030  0.066 -0.030  0.002  0.996 -1.000 -1.000 -1.000  1.000
 ERR MATRIX APPROXIMATE
MINUIT - FIT ONLY 1-y
 **********
 **   51 **RES 
 **********
                   PARAMETER   16  beta_vw RESTORED TO VARIABLE.
                   PARAMETER   14  alpha_vw RESTORED TO VARIABLE.
                   PARAMETER   13  beta_y RESTORED TO VARIABLE.
                   PARAMETER   11  alpha_y RESTORED TO VARIABLE.
                   PARAMETER   10  beta_2CBO RESTORED TO VARIABLE.
 **********
 **   52 **FIX            0
 **********
 PARAMETER    0  IS UNDEFINED. IGNORED.
 **********
 **   53 **FIX            1
 **********
 **********
 **   54 **FIX            2
 **********
 PARAMETER    2  IS CONSTANT.   IGNORED.
 **********
 **   55 **FIX            3
 **********
 **********
 **   56 **FIX            4
 **********
 **********
 **   57 **FIX            5
 **********
 PARAMETER    5  IS CONSTANT.   IGNORED.
 **********
 **   58 **FIX            6
 **********
 **********
 **   59 **FIX            7
 **********
 PARAMETER    7  IS CONSTANT.   IGNORED.
 **********
 **   60 **FIX            8
 **********
 **********
 **   61 **FIX            9
 **********
 **********
 **   62 **FIX           13
 **********
 **********
 **   63 **FIX           14
 **********
 **********
 **   64 **FIX           15
 **********
 PARAMETER   15  IS CONSTANT.   IGNORED.
 **********
 **   65 **FIX           16
 **********
 **********
 **   66 **MIGRAD
 **********
 START MIGRAD MINIMIZATION.  STRATEGY  1.  CONVERGENCE WHEN EDM .LT. 1.00e-04
 FCN=57.1254 FROM MIGRAD    STATUS=INITIATE       79 CALLS        6393 TOTAL
                     EDM= unknown      STRATEGY= 1      NO ERROR MATRIX       
  EXT PARAMETER               CURRENT GUESS       STEP         FIRST   
  NO.   NAME      VALUE            ERROR          SIZE      DERIVATIVE 
   1  N0           2.87640e+06     fixed    
   2  tau          6.44106e+01   constant   
   3  A0           3.50759e-01     fixed    
   4  phi          4.12008e+00     fixed    
   5  R           -5.98157e+01   constant   
   6  alpha_CBO    3.91556e-03     fixed    
   7  w_CBO        2.32500e+00   constant   
   8  beta_CBO    -3.66292e-04     fixed    
   9  alpha_2CBO   6.63469e-05     fixed    
  10  beta_2CBO   -8.29471e-04   1.16427e-03   0.00000e+00   1.31318e+01
  11  alpha_y      0.00000e+00   1.00000e-03   0.00000e+00   2.15842e+03
  12  w_y          1.38860e+01   constant   
  13  beta_y       3.03898e-04     fixed    
  14  alpha_vw     0.00000e+00     fixed    
  15  w_vw         1.43404e+01   constant   
  16  beta_vw      0.00000e+00     fixed    
  17  LM           1.60296e-04   constant   
  18  zeta_y       0.00000e+00   constant   
  19  zeta_vw      0.00000e+00   constant   
  20  T_CBO        1.45389e+01   2.56079e+00   0.00000e+00  -1.88810e+01
  21  alpha_A0     1.32690e+09   5.57844e+09   6.32412e+05  -1.56094e-10
  22  beta_A0      3.59795e+08   1.53168e+09   0.00000e+00   5.64614e-11
  23  alpha_phi    2.57066e+08   1.08326e+09   0.00000e+00   1.14791e-10
  24  beta_phi    -8.45328e+08   3.55002e+09   0.00000e+00  -6.85336e-11
 MIGRAD MINIMIZATION HAS CONVERGED.
 MIGRAD WILL VERIFY CONVERGENCE AND ERROR MATRIX.
 COVARIANCE MATRIX CALCULATED SUCCESSFULLY
 FCN=55.5171 FROM MIGRAD    STATUS=CONVERGED     226 CALLS        6540 TOTAL
                     EDM=7.87543e-08    STRATEGY= 1      ERROR MATRIX ACCURATE 
  EXT PARAMETER                                   STEP         FIRST   
  NO.   NAME      VALUE            ERROR          SIZE      DERIVATIVE 
   1  N0           2.87640e+06     fixed    
   2  tau          6.44106e+01   constant   
   3  A0           3.50759e-01     fixed    
   4  phi          4.12008e+00     fixed    
   5  R           -5.98157e+01   constant   
   6  alpha_CBO    3.91556e-03     fixed    
   7  w_CBO        2.32500e+00   constant   
   8  beta_CBO    -3.66292e-04     fixed    
   9  alpha_2CBO   6.63469e-05     fixed    
  10  beta_2CBO   -8.19569e-04   1.16988e-03   4.29273e-06   1.34467e-01
  11  alpha_y     -1.48482e-03   1.17341e-03   4.30665e-06  -5.48499e-03
  12  w_y          1.38860e+01   constant   
  13  beta_y       3.03898e-04     fixed    
  14  alpha_vw     0.00000e+00     fixed    
  15  w_vw         1.43404e+01   constant   
  16  beta_vw      0.00000e+00     fixed    
  17  LM           1.60296e-04   constant   
  18  zeta_y       0.00000e+00   constant   
  19  zeta_vw      0.00000e+00   constant   
  20  T_CBO        1.45545e+01   3.09244e-01   9.48915e-06   1.42371e-01
  21  alpha_A0     1.33339e+09   1.41421e+00   6.35811e+02  -9.22250e-12
  22  beta_A0      3.59807e+08   1.41421e+00   1.71569e+02   2.45541e-12
  23  alpha_phi    2.12634e+08   1.41421e+00   1.01392e+02  -9.81035e-13
  24  beta_phi    -8.02018e+08   1.41421e+00   3.82432e+02  -1.74295e-13
 EXTERNAL ERROR MATRIX.    NDIM=  25    NPAR=  7    ERR DEF=1
  1.369e-06 -2.474e-08 -7.693e-06  4.066e-14 -4.048e-13  3.046e-13 -3.481e-14 
 -2.474e-08  1.377e-06  4.796e-07  3.451e-14 -6.620e-14 -1.661e-14  2.428e-14 
 -7.693e-06  4.796e-07  9.563e-02 -5.738e-10 -9.535e-11 -6.914e-12  4.199e-10 
  4.066e-14  3.451e-14 -5.738e-10  2.000e+00 -2.273e-15 -9.659e-18 -3.921e-18 
 -4.048e-13 -6.620e-14 -9.535e-11 -2.273e-15  2.000e+00 -3.685e-17 -5.401e-18 
  3.046e-13 -1.661e-14 -6.914e-12 -9.659e-18 -3.685e-17  2.000e+00 -2.230e-18 
 -3.481e-14  2.428e-14  4.199e-10 -3.921e-18 -5.401e-18 -2.230e-18  2.000e+00 
 PARAMETER  CORRELATION COEFFICIENTS  
       NO.  GLOBAL     10     11     20     21     22     23     24
       10  0.02785   1.000 -0.018 -0.021  0.000 -0.000  0.000 -0.000
       11  0.01804  -0.018  1.000  0.001  0.000 -0.000 -0.000  0.000
       20  0.02128  -0.021  0.001  1.000 -0.000 -0.000 -0.000  0.000
       21  0.00000   0.000  0.000 -0.000  1.000 -0.000 -0.000 -0.000
       22  0.00000  -0.000 -0.000 -0.000 -0.000  1.000 -0.000 -0.000
       23  0.00000   0.000 -0.000 -0.000 -0.000 -0.000  1.000 -0.000
       24  0.00000  -0.000  0.000  0.000 -0.000 -0.000 -0.000  1.000
MINUIT - FIT ONLY 2-y
 **********
 **   67 **RES 
 **********
                   PARAMETER   16  beta_vw RESTORED TO VARIABLE.
                   PARAMETER   14  alpha_vw RESTORED TO VARIABLE.
                   PARAMETER   13  beta_y RESTORED TO VARIABLE.
                   PARAMETER    9  alpha_2CBO RESTORED TO VARIABLE.
                   PARAMETER    8  beta_CBO RESTORED TO VARIABLE.
                   PARAMETER    6  alpha_CBO RESTORED TO VARIABLE.
                   PARAMETER    4  phi RESTORED TO VARIABLE.
                   PARAMETER    3  A0 RESTORED TO VARIABLE.
                   PARAMETER    1  N0 RESTORED TO VARIABLE.
 **********
 **   68 **FIX            0
 **********
 PARAMETER    0  IS UNDEFINED. IGNORED.
 **********
 **   69 **FIX            1
 **********
 **********
 **   70 **FIX            2
 **********
 PARAMETER    2  IS CONSTANT.   IGNORED.
 **********
 **   71 **FIX            3
 **********
 **********
 **   72 **FIX            4
 **********
 **********
 **   73 **FIX            5
 **********
 PARAMETER    5  IS CONSTANT.   IGNORED.
 **********
 **   74 **FIX            6
 **********
 **********
 **   75 **FIX            7
 **********
 PARAMETER    7  IS CONSTANT.   IGNORED.
 **********
 **   76 **FIX            8
 **********
 **********
 **   77 **FIX            9
 **********
 **********
 **   78 **FIX           10
 **********
 **********
 **   79 **FIX           11
 **********
 **********
 **   80 **FIX           12
 **********
 PARAMETER   12  IS CONSTANT.   IGNORED.
 **********
 **   81 **FIX           16
 **********
 **********
 **   82 **MIGRAD
 **********
 START MIGRAD MINIMIZATION.  STRATEGY  1.  CONVERGENCE WHEN EDM .LT. 1.00e-04
 FCN=55.5171 FROM MIGRAD    STATUS=INITIATE       79 CALLS        6619 TOTAL
                     EDM= unknown      STRATEGY= 1      NO ERROR MATRIX       
  EXT PARAMETER               CURRENT GUESS       STEP         FIRST   
  NO.   NAME      VALUE            ERROR          SIZE      DERIVATIVE 
   1  N0           2.87640e+06     fixed    
   2  tau          6.44106e+01   constant   
   3  A0           3.50759e-01     fixed    
   4  phi          4.12008e+00     fixed    
   5  R           -5.98157e+01   constant   
   6  alpha_CBO    3.91556e-03     fixed    
   7  w_CBO        2.32500e+00   constant   
   8  beta_CBO    -3.66292e-04     fixed    
   9  alpha_2CBO   6.63469e-05     fixed    
  10  beta_2CBO   -8.19569e-04     fixed    
  11  alpha_y     -1.48482e-03     fixed    
  12  w_y          1.38860e+01   constant   
  13  beta_y       3.03898e-04   1.18063e-03   0.00000e+00   2.36010e+01
  14  alpha_vw     0.00000e+00   1.00000e-03   0.00000e+00   4.42199e+02
  15  w_vw         1.43404e+01   constant   
  16  beta_vw      0.00000e+00     fixed    
  17  LM           1.60296e-04   constant   
  18  zeta_y       0.00000e+00   constant   
  19  zeta_vw      0.00000e+00   constant   
  20  T_CBO        1.45545e+01   3.09244e-01   0.00000e+00   1.04631e+00
  21  alpha_A0     1.33466e+09   1.41421e+00   0.00000e+00  -6.16004e-12
  22  beta_A0      3.59807e+08   1.41421e+00   0.00000e+00   2.47655e-12
  23  alpha_phi    2.12735e+08   1.41421e+00   1.01392e+05  -1.06343e-12
  24  beta_phi    -8.02018e+08   1.41421e+00   0.00000e+00  -3.72716e-13
 MIGRAD MINIMIZATION HAS CONVERGED.
 MIGRAD WILL VERIFY CONVERGENCE AND ERROR MATRIX.
 COVARIANCE MATRIX CALCULATED SUCCESSFULLY
 FCN=55.449 FROM MIGRAD    STATUS=CONVERGED     160 CALLS        6700 TOTAL
                     EDM=1.21117e-06    STRATEGY= 1      ERROR MATRIX ACCURATE 
  EXT PARAMETER                                   STEP         FIRST   
  NO.   NAME      VALUE            ERROR          SIZE      DERIVATIVE 
   1  N0           2.87640e+06     fixed    
   2  tau          6.44106e+01   constant   
   3  A0           3.50759e-01     fixed    
   4  phi          4.12008e+00     fixed    
   5  R           -5.98157e+01   constant   
   6  alpha_CBO    3.91556e-03     fixed    
   7  w_CBO        2.32500e+00   constant   
   8  beta_CBO    -3.66292e-04     fixed    
   9  alpha_2CBO   6.63469e-05     fixed    
  10  beta_2CBO   -8.19569e-04     fixed    
  11  alpha_y     -1.48482e-03     fixed    
  12  w_y          1.38860e+01   constant   
  13  beta_y       2.81689e-04   1.18217e-03   4.33615e-06  -1.07617e+00
  14  alpha_vw    -3.06880e-04   1.17748e-03   4.31907e-06  -6.72190e-02
  15  w_vw         1.43404e+01   constant   
  16  beta_vw      0.00000e+00     fixed    
  17  LM           1.60296e-04   constant   
  18  zeta_y       0.00000e+00   constant   
  19  zeta_vw      0.00000e+00   constant   
  20  T_CBO        1.45537e+01   3.09301e-01   9.46878e-06   3.49614e-01
  21  alpha_A0     1.33469e+09   1.41421e+00   6.36431e+02  -3.39452e-12
  22  beta_A0      3.59808e+08   1.41421e+00   1.71570e+02  -3.69001e-12
  23  alpha_phi    2.12781e+08   1.41421e+00   1.01462e+02  -9.95973e-13
  24  beta_phi    -8.02856e+08   1.41421e+00   3.82832e+02   5.50028e-12
 EXTERNAL ERROR MATRIX.    NDIM=  25    NPAR=  7    ERR DEF=1
  1.398e-06  2.232e-08  3.241e-06  2.568e-14  1.706e-14 -8.311e-15  4.788e-14 
  2.232e-08  1.386e-06  1.627e-06  2.281e-14 -2.668e-14  2.329e-15  2.558e-14 
  3.241e-06  1.627e-06  9.567e-02 -5.688e-10 -6.792e-11 -4.719e-12  4.183e-10 
  2.568e-14  2.281e-14 -5.688e-10  2.000e+00 -6.780e-16  1.059e-17 -1.144e-18 
  1.706e-14 -2.668e-14 -6.792e-11 -6.780e-16  2.000e+00 -2.204e-17 -2.893e-18 
 -8.311e-15  2.329e-15 -4.719e-12  1.059e-17 -2.204e-17  2.000e+00 -4.045e-18 
  4.788e-14  2.558e-14  4.183e-10 -1.144e-18 -2.893e-18 -4.045e-18  2.000e+00 
 PARAMETER  CORRELATION COEFFICIENTS  
       NO.  GLOBAL     13     14     20     21     22     23     24
       13  0.01829   1.000  0.016  0.009  0.000  0.000 -0.000  0.000
       14  0.01661   0.016  1.000  0.004  0.000 -0.000  0.000  0.000
       20  0.00986   0.009  0.004  1.000 -0.000 -0.000 -0.000  0.000
       21  0.00000   0.000  0.000 -0.000  1.000 -0.000  0.000 -0.000
       22  0.00000   0.000 -0.000 -0.000 -0.000  1.000 -0.000 -0.000
       23  0.00000  -0.000  0.000 -0.000  0.000 -0.000  1.000 -0.000
