 + ++++++++++++++++++++++++++++++++++++++++++++++++++++++++++++++++++++ +
 +                                                                      +
 +           You have chose to blind your fitting according to          +
 +                omega_ref * (1 + (R +/- deltaR) *10^{-6})             +
 +                                                                      +
 + ++++++++++++++++++++++++++++++++++++++++++++++++++++++++++++++++++++ +
In main()...
reading format from /gm2data/zkhechad/run45/envelope/formats/formatB_sBin_constraintOn.txt
pBinTau 	= 0  
pBinPhi 	= 0  
constraintau 	= 1 
includeMopTerm 	= 0    
constrainMop    = 0   
Parameters after format file: pBinTau 0 pBinPhi 0 constraintau 1 includeMopTerm 0 constrainMop 0 c_e_scale 0.000000 
Opening file /gm2data/tbarrett/gm2fr/studies/run23_bunch_corrections/CorrectedFourier_Run3b.root.
reading full fit data from /gm2data/zkhechad/cboTemplates/Run4CBOTemplates/templateFits0_v2.0/noRF/sBin_constraintOn_cE0.0_seed0_noRF_calo1.root
windowBins = 69
fitting sliding window 788 from bin 924 at 137.711600 to bin 993 at 148.155600 (69 bins)

Reading data from /gm2data/cornell/histograms/aMethod/histogram_a_noRF.root
 **********
 **    1 **SET PRINTOUT            1
 **********
 **********
 **    2 **SET NOWARNINGS 
 **********
 PARAMETER DEFINITIONS:
    NO.   NAME         VALUE      STEP SIZE      LIMITS
     1 N0           3.52746e+06  1.00000e+02     no limits
     2 tau          6.44358e+01  constant
     3 A0           3.54698e-01  1.00000e-04     no limits
     4 phi          4.12308e+00  1.00000e-02     no limits
     5 R           -6.05970e+01  constant
     6 alpha_CBO    0.00000e+00  1.00000e-03     no limits
     7 w_CBO        2.32500e+00  constant
     8 beta_CBO     0.00000e+00  1.00000e-03     no limits
     9 alpha_2CBO   0.00000e+00  1.00000e-03     no limits
    10 beta_2CBO    0.00000e+00  1.00000e-03     no limits
    11 alpha_y      0.00000e+00  1.00000e-03     no limits
    12 w_y          1.44500e+01  constant
    13 beta_y       0.00000e+00  1.00000e-03     no limits
    14 alpha_vw     0.00000e+00  1.00000e-03     no limits
    15 w_vw         1.29000e+01  constant
    16 beta_vw      0.00000e+00  1.00000e-03     no limits
    17 LM           1.14256e-03  constant
    18 zeta_y       0.00000e+00  constant
    19 zeta_vw      0.00000e+00  constant
    20 T_CBO        1.00000e+02  1.00000e+00    0.00000e+00  1.00000e+03
    21 alpha_A0     0.00000e+00  1.00000e-03     no limits
    22 beta_A0      0.00000e+00  1.00000e-03     no limits
    23 alpha_phi    0.00000e+00  1.00000e-03     no limits
    24 beta_phi     0.00000e+00  1.00000e-03     no limits
MINUIT - FIT ONLY WIGGLE
 **********
 **    3 **FIX            5
 **********
 PARAMETER    5  IS CONSTANT.   IGNORED.
 **********
 **    4 **FIX            6
 **********
 **********
 **    5 **FIX            7
 **********
 PARAMETER    7  IS CONSTANT.   IGNORED.
 **********
 **    6 **FIX            8
 **********
 **********
 **    7 **FIX            9
 **********
 **********
 **    8 **FIX           10
 **********
 **********
 **    9 **FIX           11
 **********
 **********
 **   10 **FIX           12
 **********
 PARAMETER   12  IS CONSTANT.   IGNORED.
 **********
 **   11 **FIX           13
 **********
 **********
 **   12 **FIX           14
 **********
 **********
 **   13 **FIX           15
 **********
 PARAMETER   15  IS CONSTANT.   IGNORED.
 **********
 **   14 **FIX           16
 **********
 **********
 **   15 **MIGRAD
 **********
 FIRST CALL TO USER FUNCTION AT NEW START POINT, WITH IFLAG=4.
 START MIGRAD MINIMIZATION.  STRATEGY  1.  CONVERGENCE WHEN EDM .LT. 1.00e-04
 FCN=782.325 FROM MIGRAD    STATUS=INITIATE      437 CALLS         438 TOTAL
                     EDM= unknown      STRATEGY= 1      NO ERROR MATRIX       
  EXT PARAMETER               CURRENT GUESS       STEP         FIRST   
  NO.   NAME      VALUE            ERROR          SIZE      DERIVATIVE 
   1  N0           3.52746e+06   1.00000e+02   0.00000e+00  -1.48551e-02
   2  tau          6.44358e+01   constant   
   3  A0           3.54698e-01   1.00000e-04   0.00000e+00  -8.05422e+04
   4  phi          4.12308e+00   1.00000e-02   0.00000e+00  -3.40379e+03
   5  R           -6.05970e+01   constant   
   6  alpha_CBO    0.00000e+00     fixed    
   7  w_CBO        2.32500e+00   constant   
   8  beta_CBO     0.00000e+00     fixed    
   9  alpha_2CBO   0.00000e+00     fixed    
  10  beta_2CBO    0.00000e+00     fixed    
  11  alpha_y      0.00000e+00     fixed    
  12  w_y          1.44500e+01   constant   
  13  beta_y       0.00000e+00     fixed    
  14  alpha_vw     0.00000e+00     fixed    
  15  w_vw         1.29000e+01   constant   
  16  beta_vw      0.00000e+00     fixed    
  17  LM           1.14256e-03   constant   
  18  zeta_y       0.00000e+00   constant   
  19  zeta_vw      0.00000e+00   constant   
  20  T_CBO        1.00000e+02   1.00000e+00   0.00000e+00   0.00000e+00
  21  alpha_A0     0.00000e+00   1.00000e-03   0.00000e+00   8.29741e+02
  22  beta_A0      0.00000e+00   1.00000e-03   0.00000e+00  -1.69342e+03
  23  alpha_phi    0.00000e+00   1.00000e-03   0.00000e+00   1.61081e+03
  24  beta_phi     0.00000e+00   1.00000e-03   0.00000e+00  -5.34187e+01
 CALL LIMIT EXCEEDED IN MIGRAD.
 MIGRAD TERMINATED WITHOUT CONVERGENCE.
 FCN=714.903 FROM MIGRAD    STATUS=CALL LIMIT   1345 CALLS        1346 TOTAL
                     EDM=0.185486    STRATEGY= 1  ERROR MATRIX UNCERTAINTY   0.0 per cent
  EXT PARAMETER                APPROXIMATE        STEP         FIRST   
  NO.   NAME      VALUE            ERROR          SIZE      DERIVATIVE 
   1  N0           3.52837e+06   4.35683e+02   2.12785e-01  -1.24676e-04
   2  tau          6.44358e+01   constant   
   3  A0           3.55795e-01   1.66197e-04   9.75402e-07   3.43153e+02
   4  phi          4.12316e+00   4.89798e-04  -1.20599e-05  -8.75528e+01
   5  R           -6.05970e+01   constant   
   6  alpha_CBO    0.00000e+00     fixed    
   7  w_CBO        2.32500e+00   constant   
   8  beta_CBO     0.00000e+00     fixed    
   9  alpha_2CBO   0.00000e+00     fixed    
  10  beta_2CBO    0.00000e+00     fixed    
  11  alpha_y      0.00000e+00     fixed    
  12  w_y          1.44500e+01   constant   
  13  beta_y       0.00000e+00     fixed    
  14  alpha_vw     0.00000e+00     fixed    
  15  w_vw         1.29000e+01   constant   
  16  beta_vw      0.00000e+00     fixed    
  17  LM           1.14256e-03   constant   
  18  zeta_y       0.00000e+00   constant   
  19  zeta_vw      0.00000e+00   constant   
  20  T_CBO        1.66273e+01   1.94475e+00  -7.14869e-03  -1.13702e+02
  21  alpha_A0    -6.37498e+00   4.61620e+00  -2.32567e+00   1.87907e-01
  22  beta_A0      9.01245e+00   6.52303e+00   3.28635e+00  -2.30866e-01
  23  alpha_phi   -8.27059e+00   5.98471e+00  -3.01520e+00  -5.72146e-02
  24  beta_phi     2.97211e+00   2.15101e+00   1.08375e+00   1.74266e-01
 EXTERNAL ERROR MATRIX.    NDIM=  25    NPAR=  8    ERR DEF=1
  1.898e+05 -7.406e-03 -1.006e-02 -1.892e+01  1.670e+01 -2.311e+01  2.124e+01 -7.852e+00 
 -7.406e-03  2.762e-08 -6.796e-10  5.694e-06 -1.239e-05  1.739e-05 -1.597e-05  5.798e-06 
 -1.006e-02 -6.796e-10  2.399e-07  5.518e-06  6.603e-05 -9.321e-05  8.546e-05 -3.070e-05 
 -1.892e+01  5.694e-06  5.518e-06  3.782e+00  7.720e+00 -1.091e+01  1.001e+01 -3.598e+00 
  1.670e+01 -1.239e-05  6.603e-05  7.720e+00  2.131e+01 -3.011e+01  2.763e+01 -9.929e+00 
 -2.311e+01  1.739e-05 -9.321e-05 -1.091e+01 -3.011e+01  4.255e+01 -3.904e+01  1.403e+01 
  2.124e+01 -1.597e-05  8.546e-05  1.001e+01  2.763e+01 -3.904e+01  3.582e+01 -1.287e+01 
 -7.852e+00  5.798e-06 -3.070e-05 -3.598e+00 -9.929e+00  1.403e+01 -1.287e+01  4.627e+00 
ERR MATRIX APPROXIMATE
 PARAMETER  CORRELATION COEFFICIENTS  
       NO.  GLOBAL      1      3      4     20     21     22     23     24
        1  0.29509   1.000 -0.102 -0.047 -0.022  0.008 -0.008  0.008 -0.008
        3  0.19358  -0.102  1.000 -0.008  0.018 -0.016  0.016 -0.016  0.016
        4  0.09717  -0.047 -0.008  1.000  0.006  0.029 -0.029  0.029 -0.029
       20  0.87385  -0.022  0.018  0.006  1.000  0.860 -0.860  0.860 -0.860
       21  1.00000   0.008 -0.016  0.029  0.860  1.000 -1.000  1.000 -1.000
       22  1.00000  -0.008  0.016 -0.029 -0.860 -1.000  1.000 -1.000  1.000
       23  1.00000   0.008 -0.016  0.029  0.860  1.000 -1.000  1.000 -1.000
       24  1.00000  -0.008  0.016 -0.029 -0.860 -1.000  1.000 -1.000  1.000
 ERR MATRIX APPROXIMATE
MINUIT - FIT ONLY 1-CBO + wiggle
 **********
 **   16 **RES 
 **********
                   PARAMETER   16  beta_vw RESTORED TO VARIABLE.
                   PARAMETER   14  alpha_vw RESTORED TO VARIABLE.
                   PARAMETER   13  beta_y RESTORED TO VARIABLE.
                   PARAMETER   11  alpha_y RESTORED TO VARIABLE.
                   PARAMETER   10  beta_2CBO RESTORED TO VARIABLE.
                   PARAMETER    9  alpha_2CBO RESTORED TO VARIABLE.
                   PARAMETER    8  beta_CBO RESTORED TO VARIABLE.
                   PARAMETER    6  alpha_CBO RESTORED TO VARIABLE.
 **********
 **   17 **FIX            8
 **********
 **********
 **   18 **FIX            9
 **********
 **********
 **   19 **FIX           11
 **********
 **********
 **   20 **FIX           12
 **********
 PARAMETER   12  IS CONSTANT.   IGNORED.
 **********
 **   21 **FIX           14
 **********
 **********
 **   22 **FIX           15
 **********
 PARAMETER   15  IS CONSTANT.   IGNORED.
 **********
 **   23 **FIX           16
 **********
 **********
 **   24 **MIGRAD
 **********
 START MIGRAD MINIMIZATION.  STRATEGY  1.  CONVERGENCE WHEN EDM .LT. 1.00e-04
 FCN=714.903 FROM MIGRAD    STATUS=INITIATE       28 CALLS        1374 TOTAL
                     EDM= unknown      STRATEGY= 1      NO ERROR MATRIX       
  EXT PARAMETER               CURRENT GUESS       STEP         FIRST   
  NO.   NAME      VALUE            ERROR          SIZE      DERIVATIVE 
   1  N0           3.52837e+06   4.35683e+02   2.12785e-01  -1.24676e-04
   2  tau          6.44358e+01   constant   
   3  A0           3.55795e-01   1.66197e-04   9.75402e-07   3.43153e+02
   4  phi          4.12316e+00   4.89798e-04  -1.20599e-05  -8.75528e+01
   5  R           -6.05970e+01   constant   
   6  alpha_CBO    0.00000e+00   1.00000e-03   1.00000e-03   1.47108e+05
   7  w_CBO        2.32500e+00   constant   
   8  beta_CBO     0.00000e+00     fixed    
   9  alpha_2CBO   0.00000e+00     fixed    
  10  beta_2CBO    0.00000e+00   1.00000e-03   1.00000e-03   1.00376e+04
  11  alpha_y      0.00000e+00     fixed    
  12  w_y          1.44500e+01   constant   
  13  beta_y       0.00000e+00   1.00000e-03   1.00000e-03   4.84051e+03
  14  alpha_vw     0.00000e+00     fixed    
  15  w_vw         1.29000e+01   constant   
  16  beta_vw      0.00000e+00     fixed    
  17  LM           1.14256e-03   constant   
  18  zeta_y       0.00000e+00   constant   
  19  zeta_vw      0.00000e+00   constant   
  20  T_CBO        1.66273e+01   1.94475e+00  -7.14869e-03  -1.13703e+02
  21  alpha_A0    -6.37498e+00   4.61620e+00  -2.32567e+00   1.87907e-01
  22  beta_A0      9.01245e+00   6.52303e+00   3.28635e+00  -2.30866e-01
  23  alpha_phi   -8.27059e+00   5.98471e+00  -3.01520e+00  -5.72146e-02
  24  beta_phi     2.97211e+00   2.15101e+00   1.08375e+00   1.74266e-01
 CALL LIMIT EXCEEDED IN MIGRAD.
 MIGRAD TERMINATED WITHOUT CONVERGENCE.
 FCN=543.706 FROM MIGRAD    STATUS=CALL LIMIT   1923 CALLS        3269 TOTAL
                     EDM=0.0774945    STRATEGY= 1  ERROR MATRIX UNCERTAINTY  26.1 per cent
  EXT PARAMETER                APPROXIMATE        STEP         FIRST   
  NO.   NAME      VALUE            ERROR          SIZE      DERIVATIVE 
   1  N0           3.52826e+06   4.16366e+02   6.75052e+00   1.95374e-04
   2  tau          6.44358e+01   constant   
   3  A0           3.55696e-01   1.61437e-04   1.76114e-06   2.40268e+02
   4  phi          4.12137e+00   5.05826e-04  -8.40412e-06  -2.44196e+02
   5  R           -6.05970e+01   constant   
   6  alpha_CBO   -2.21393e-03   1.74259e-04   1.19885e-06   4.85030e+02
   7  w_CBO        2.32500e+00   constant   
   8  beta_CBO     0.00000e+00     fixed    
   9  alpha_2CBO   0.00000e+00     fixed    
  10  beta_2CBO    4.62532e-05   1.73825e-04   6.33485e-07   7.20309e+00
  11  alpha_y      0.00000e+00     fixed    
  12  w_y          1.44500e+01   constant   
  13  beta_y      -5.92351e-05   1.68025e-04   1.96593e-06   2.79751e+02
  14  alpha_vw     0.00000e+00     fixed    
  15  w_vw         1.29000e+01   constant   
  16  beta_vw      0.00000e+00     fixed    
  17  LM           1.14256e-03   constant   
  18  zeta_y       0.00000e+00   constant   
  19  zeta_vw      0.00000e+00   constant   
  20  T_CBO        6.94891e+00   1.76111e-01   1.23103e-04   4.89999e+01
  21  alpha_A0    -1.22297e+06   6.09295e+05  -2.21611e+04  -1.46214e-06
  22  beta_A0      1.89425e+06   9.43733e+05   3.43253e+04  -8.20964e-07
  23  alpha_phi   -6.02612e+05   3.00224e+05  -1.09197e+04  -1.26437e-06
  24  beta_phi     6.15385e+05   3.06612e+05   1.11522e+04  -2.27317e-06
 EXTERNAL ERROR MATRIX.    NDIM=  25    NPAR= 11    ERR DEF=1
  1.734e+05 
 -5.415e-03  2.606e-08 
 -1.247e-02 -2.899e-10  2.559e-07 
  9.131e-04  8.395e-10  2.023e-08  3.037e-08 
 -4.776e-03 -8.456e-10 -5.020e-09 -2.690e-09  3.022e-08 
 -1.299e-03  3.201e-11 -1.000e-09 -1.390e-10 -1.352e-11  2.823e-08 
 -1.833e+01 -2.351e-06  1.972e-05 -4.257e-06  1.453e-06 -3.593e-06  3.102e-02 
 -5.359e+07 -9.481e+00  9.852e+01 -1.555e+01 -1.977e+00 -1.351e+01  9.688e+04  3.712e+11 
  8.300e+07  1.468e+01 -1.526e+02  2.409e+01  3.062e+00  2.092e+01 -1.501e+05 -5.750e+11  8.906e+11 
 -2.640e+07 -4.672e+00  4.854e+01 -7.664e+00 -9.742e-01 -6.656e+00  4.774e+04  1.829e+11 -2.833e+11  9.013e+10 
  2.697e+07  4.771e+00 -4.958e+01  7.827e+00  9.949e-01  6.797e+00 -4.875e+04 -1.868e+11  2.894e+11 -9.205e+10  9.401e+10 
ERR MATRIX APPROXIMATE
 PARAMETER  CORRELATION COEFFICIENTS  
       NO.  GLOBAL      1      3      4      6     10     13     20     21     22     23     24
        1  0.33143   1.000 -0.081 -0.059  0.013 -0.066 -0.019 -0.250 -0.211  0.211 -0.211  0.211
        3  0.20494  -0.081  1.000 -0.004  0.030 -0.030  0.001 -0.083 -0.096  0.096 -0.096  0.096
        4  0.46444  -0.059 -0.004  1.000  0.229 -0.057 -0.012  0.221  0.320 -0.320  0.320 -0.320
        6  0.36066   0.013  0.030  0.229  1.000 -0.089 -0.005 -0.139 -0.146  0.146 -0.146  0.146
       10  0.21535  -0.066 -0.030 -0.057 -0.089  1.000 -0.000  0.047 -0.019  0.019 -0.019  0.019
       13  0.15013  -0.019  0.001 -0.012 -0.005 -0.000  1.000 -0.121 -0.132  0.132 -0.132  0.132
       20  0.91298  -0.250 -0.083  0.221 -0.139  0.047 -0.121  1.000  0.903 -0.903  0.903 -0.903
       21  1.00000  -0.211 -0.096  0.320 -0.146 -0.019 -0.132  0.903  1.000 -1.000  1.000 -1.000
       22  1.00000   0.211  0.096 -0.320  0.146  0.019  0.132 -0.903 -1.000  1.000 -1.000  1.000
       23  1.00000  -0.211 -0.096  0.320 -0.146 -0.019 -0.132  0.903  1.000 -1.000  1.000 -1.000
       24  1.00000   0.211  0.096 -0.320  0.146  0.019  0.132 -0.903 -1.000  1.000 -1.000  1.000
 ERR MATRIX APPROXIMATE
MINUIT - FIT ONLY 2-CBO
 **********
 **   25 **RES 
 **********
                   PARAMETER   16  beta_vw RESTORED TO VARIABLE.
                   PARAMETER   14  alpha_vw RESTORED TO VARIABLE.
                   PARAMETER   11  alpha_y RESTORED TO VARIABLE.
                   PARAMETER    9  alpha_2CBO RESTORED TO VARIABLE.
                   PARAMETER    8  beta_CBO RESTORED TO VARIABLE.
 **********
 **   26 **FIX            0
 **********
 PARAMETER    0  IS UNDEFINED. IGNORED.
 **********
 **   27 **FIX            1
 **********
 **********
 **   28 **FIX            2
 **********
 PARAMETER    2  IS CONSTANT.   IGNORED.
 **********
 **   29 **FIX            3
 **********
 **********
 **   30 **FIX            4
 **********
 **********
 **   31 **FIX            5
 **********
 PARAMETER    5  IS CONSTANT.   IGNORED.
 **********
 **   32 **FIX            6
 **********
 **********
 **   33 **FIX            7
 **********
 PARAMETER    7  IS CONSTANT.   IGNORED.
 **********
 **   34 **FIX           10
 **********
 **********
 **   35 **FIX           11
 **********
 **********
 **   36 **FIX           12
 **********
 PARAMETER   12  IS CONSTANT.   IGNORED.
 **********
 **   37 **FIX           13
 **********
 **********
 **   38 **FIX           14
 **********
 **********
 **   39 **FIX           15
 **********
 PARAMETER   15  IS CONSTANT.   IGNORED.
 **********
 **   40 **FIX           16
 **********
 **********
 **   41 **MIGRAD
 **********
 START MIGRAD MINIMIZATION.  STRATEGY  1.  CONVERGENCE WHEN EDM .LT. 1.00e-04
 FCN=543.706 FROM MIGRAD    STATUS=INITIATE       18 CALLS        3287 TOTAL
                     EDM= unknown      STRATEGY= 1      NO ERROR MATRIX       
  EXT PARAMETER               CURRENT GUESS       STEP         FIRST   
  NO.   NAME      VALUE            ERROR          SIZE      DERIVATIVE 
   1  N0           3.52826e+06     fixed    
   2  tau          6.44358e+01   constant   
   3  A0           3.55696e-01     fixed    
   4  phi          4.12137e+00     fixed    
   5  R           -6.05970e+01   constant   
   6  alpha_CBO   -2.21393e-03     fixed    
   7  w_CBO        2.32500e+00   constant   
   8  beta_CBO     0.00000e+00   1.00000e-03   1.00000e-03  -2.47826e+05
   9  alpha_2CBO   0.00000e+00   1.00000e-03   1.00000e-03   3.17677e+04
  10  beta_2CBO    4.62532e-05     fixed    
  11  alpha_y      0.00000e+00     fixed    
  12  w_y          1.44500e+01   constant   
  13  beta_y      -5.92351e-05     fixed    
  14  alpha_vw     0.00000e+00     fixed    
  15  w_vw         1.29000e+01   constant   
  16  beta_vw      0.00000e+00     fixed    
  17  LM           1.14256e-03   constant   
  18  zeta_y       0.00000e+00   constant   
  19  zeta_vw      0.00000e+00   constant   
  20  T_CBO        6.94891e+00   1.76111e-01   1.23103e-04   4.89956e+01
  21  alpha_A0    -1.22297e+06   6.09295e+05  -2.21611e+04  -1.46214e-06
  22  beta_A0      1.89425e+06   9.43733e+05   3.43253e+04  -8.20965e-07
  23  alpha_phi   -6.02612e+05   3.00224e+05  -1.09197e+04  -1.26437e-06
  24  beta_phi     6.15385e+05   3.06612e+05   1.11522e+04  -2.27317e-06
 CALL LIMIT EXCEEDED IN MIGRAD.
 MIGRAD TERMINATED WITHOUT CONVERGENCE.
 FCN=83.8296 FROM MIGRAD    STATUS=CALL LIMIT   1155 CALLS        4424 TOTAL
                     EDM=0.0182228    STRATEGY= 1  ERROR MATRIX UNCERTAINTY  15.9 per cent
  EXT PARAMETER                APPROXIMATE        STEP         FIRST   
  NO.   NAME      VALUE            ERROR          SIZE      DERIVATIVE 
   1  N0           3.52826e+06     fixed    
   2  tau          6.44358e+01   constant   
   3  A0           3.55696e-01     fixed    
   4  phi          4.12137e+00     fixed    
   5  R           -6.05970e+01   constant   
   6  alpha_CBO   -2.21393e-03     fixed    
   7  w_CBO        2.32500e+00   constant   
   8  beta_CBO     3.68271e-03   1.69523e-04   5.54040e-06   1.42989e+02
   9  alpha_2CBO  -2.57829e-04   1.71702e-04  -2.26666e-06  -1.49241e+02
  10  beta_2CBO    4.62532e-05     fixed    
  11  alpha_y      0.00000e+00     fixed    
  12  w_y          1.44500e+01   constant   
  13  beta_y      -5.92351e-05     fixed    
  14  alpha_vw     0.00000e+00     fixed    
  15  w_vw         1.29000e+01   constant   
  16  beta_vw      0.00000e+00     fixed    
  17  LM           1.14256e-03   constant   
  18  zeta_y       0.00000e+00   constant   
  19  zeta_vw      0.00000e+00   constant   
  20  T_CBO        4.89310e+00   3.60422e-01  -6.89314e-04  -1.64559e+02
  21  alpha_A0    -4.53436e+09   8.01011e+09  -1.10776e+09   2.18359e-11
  22  beta_A0      1.12452e+09   1.98497e+09   2.74510e+08   1.41152e-10
  23  alpha_phi   -4.46187e+09   7.87666e+09  -1.08931e+09   1.21010e-10
  24  beta_phi     5.26469e+08   9.32835e+08   1.29006e+08   2.23882e-11
 EXTERNAL ERROR MATRIX.    NDIM=  25    NPAR=  7    ERR DEF=1
  2.874e-08  2.124e-09  1.857e-06 -1.458e+04  3.594e+03 -1.434e+04  1.697e+03 
  2.124e-09  2.948e-08 -1.591e-06  1.507e+04 -3.743e+03  1.479e+04 -1.748e+03 
  1.857e-06 -1.591e-06  1.299e-01  2.782e+09 -6.895e+08  2.736e+09 -3.240e+08 
 -1.458e+04  1.507e+04  2.782e+09  6.416e+19 -1.590e+19  6.309e+19 -7.472e+18 
  3.594e+03 -3.743e+03 -6.895e+08 -1.590e+19  3.940e+18 -1.563e+19  1.852e+18 
 -1.434e+04  1.479e+04  2.736e+09  6.309e+19 -1.563e+19  6.204e+19 -7.348e+18 
  1.697e+03 -1.748e+03 -3.240e+08 -7.472e+18  1.852e+18 -7.348e+18  8.702e+17 
ERR MATRIX APPROXIMATE
 PARAMETER  CORRELATION COEFFICIENTS  
       NO.  GLOBAL      8      9     20     21     22     23     24
        8  0.23900   1.000  0.073  0.030 -0.011  0.011 -0.011  0.011
        9  0.21367   0.073  1.000 -0.026  0.011 -0.011  0.011 -0.011
       20  0.97074   0.030 -0.026  1.000  0.964 -0.964  0.964 -0.964
       21  1.00000  -0.011  0.011  0.964  1.000 -1.000  1.000 -1.000
       22  1.00000   0.011 -0.011 -0.964 -1.000  1.000 -1.000  1.000
       23  1.00000  -0.011  0.011  0.964  1.000 -1.000  1.000 -1.000
       24  1.00000   0.011 -0.011 -0.964 -1.000  1.000 -1.000  1.000
 ERR MATRIX APPROXIMATE
MINUIT - FIT wiggle + 1-CBO + 2-CBO
 **********
 **   42 **RES 
 **********
                   PARAMETER   16  beta_vw RESTORED TO VARIABLE.
                   PARAMETER   14  alpha_vw RESTORED TO VARIABLE.
                   PARAMETER   13  beta_y RESTORED TO VARIABLE.
                   PARAMETER   11  alpha_y RESTORED TO VARIABLE.
                   PARAMETER   10  beta_2CBO RESTORED TO VARIABLE.
                   PARAMETER    6  alpha_CBO RESTORED TO VARIABLE.
                   PARAMETER    4  phi RESTORED TO VARIABLE.
                   PARAMETER    3  A0 RESTORED TO VARIABLE.
                   PARAMETER    1  N0 RESTORED TO VARIABLE.
 **********
 **   43 **FIX           10
 **********
 **********
 **   44 **FIX           11
 **********
 **********
 **   45 **FIX           12
 **********
 PARAMETER   12  IS CONSTANT.   IGNORED.
 **********
 **   46 **FIX           13
 **********
 **********
 **   47 **FIX           14
 **********
 **********
 **   48 **FIX           15
 **********
 PARAMETER   15  IS CONSTANT.   IGNORED.
 **********
 **   49 **FIX           16
 **********
 **********
 **   50 **MIGRAD
 **********
 START MIGRAD MINIMIZATION.  STRATEGY  1.  CONVERGENCE WHEN EDM .LT. 1.00e-04
 FCN=83.8296 FROM MIGRAD    STATUS=INITIATE       22 CALLS        4446 TOTAL
                     EDM= unknown      STRATEGY= 1      NO ERROR MATRIX       
  EXT PARAMETER               CURRENT GUESS       STEP         FIRST   
  NO.   NAME      VALUE            ERROR          SIZE      DERIVATIVE 
   1  N0           3.52826e+06   4.16366e+02   4.16366e+02   9.07765e-03
   2  tau          6.44358e+01   constant   
   3  A0           3.55696e-01   1.61437e-04   1.61437e-04   4.53205e+04
   4  phi          4.12137e+00   5.05826e-04   5.05826e-04  -9.98307e+03
   5  R           -6.05970e+01   constant   
   6  alpha_CBO   -2.21393e-03   1.74259e-04   1.74259e-04   1.06920e+04
   7  w_CBO        2.32500e+00   constant   
   8  beta_CBO     3.68271e-03   1.69523e-04   5.54040e-06   1.42989e+02
   9  alpha_2CBO  -2.57829e-04   1.71702e-04  -2.26666e-06  -1.49241e+02
  10  beta_2CBO    4.62532e-05     fixed    
  11  alpha_y      0.00000e+00     fixed    
  12  w_y          1.44500e+01   constant   
  13  beta_y      -5.92351e-05     fixed    
  14  alpha_vw     0.00000e+00     fixed    
  15  w_vw         1.29000e+01   constant   
  16  beta_vw      0.00000e+00     fixed    
  17  LM           1.14256e-03   constant   
  18  zeta_y       0.00000e+00   constant   
  19  zeta_vw      0.00000e+00   constant   
  20  T_CBO        4.89310e+00   3.60422e-01  -6.89314e-04  -1.64559e+02
  21  alpha_A0    -4.53436e+09   8.01011e+09  -1.10776e+09   2.18359e-11
  22  beta_A0      1.12452e+09   1.98497e+09   2.74510e+08   1.41152e-10
  23  alpha_phi   -4.46187e+09   7.87666e+09  -1.08931e+09   1.21010e-10
  24  beta_phi     5.26469e+08   9.32835e+08   1.29006e+08   2.23882e-11
 MIGRAD MINIMIZATION HAS CONVERGED.
 MIGRAD WILL VERIFY CONVERGENCE AND ERROR MATRIX.
 COVARIANCE MATRIX CALCULATED SUCCESSFULLY
 FCN=57.9271 FROM MIGRAD    STATUS=CONVERGED     588 CALLS        5012 TOTAL
                     EDM=8.28651e-08    STRATEGY= 1      ERROR MATRIX ACCURATE 
  EXT PARAMETER                                   STEP         FIRST   
  NO.   NAME      VALUE            ERROR          SIZE      DERIVATIVE 
   1  N0           3.52758e+06   1.41421e+00   1.68208e+00  -2.37109e-07
   2  tau          6.44358e+01   constant   
   3  A0           3.55014e-01   1.69312e-04   6.05543e-07  -1.27702e+00
   4  phi          4.12275e+00   5.02135e-04   1.96588e-06   3.78878e-02
   5  R           -6.05970e+01   constant   
   6  alpha_CBO   -2.32489e-03   1.74823e-04   6.30660e-07   8.06481e-01
   7  w_CBO        2.32500e+00   constant   
   8  beta_CBO     3.89676e-03   1.75042e-04   6.37530e-07  -7.90427e-01
   9  alpha_2CBO  -2.04758e-04   1.70593e-04   6.28905e-07  -1.61334e+00
  10  beta_2CBO    4.62532e-05     fixed    
  11  alpha_y      0.00000e+00     fixed    
  12  w_y          1.44500e+01   constant   
  13  beta_y      -5.92351e-05     fixed    
  14  alpha_vw     0.00000e+00     fixed    
  15  w_vw         1.29000e+01   constant   
  16  beta_vw      0.00000e+00     fixed    
  17  LM           1.14256e-03   constant   
  18  zeta_y       0.00000e+00   constant   
  19  zeta_vw      0.00000e+00   constant   
  20  T_CBO        4.86120e+00   1.04862e-01   5.35805e-06  -1.14065e-01
  21  alpha_A0    -3.27320e+09   1.41421e+00   1.56078e+03  -4.00380e-12
  22  beta_A0      1.29809e+09   1.41421e+00   6.18980e+02   3.27743e-11
  23  alpha_phi   -3.14816e+09   1.41421e+00   1.50116e+03  -1.50268e-13
  24  beta_phi    -6.31796e+08   1.41421e+00   3.01264e+02   3.44724e-13
 EXTERNAL ERROR MATRIX.    NDIM=  25    NPAR= 11    ERR DEF=1
  2.000e+00 
 -6.236e-08  2.867e-08 
 -1.578e-07 -4.715e-09  2.521e-07 
  7.153e-09  1.799e-09  1.779e-08  3.056e-08 
 -6.542e-08 -6.345e-09  7.490e-09 -1.317e-09  3.064e-08 
 -2.493e-09 -1.846e-09  4.512e-09 -5.568e-10  1.965e-09  2.910e-08 
 -5.110e-05  3.940e-06 -4.013e-06  2.866e-06 -1.457e-06 -3.010e-06  1.100e-02 
  5.197e-13  2.663e-15  6.037e-14  4.509e-15  3.058e-15  1.193e-14  4.175e-11  2.000e+00 
  5.509e-13 -2.711e-14 -4.029e-14 -6.495e-15 -1.620e-14 -2.259e-15 -2.051e-11 -8.551e-17  2.000e+00 
 -1.456e-13 -1.601e-14 -6.019e-14 -5.041e-15 -6.904e-15 -1.726e-14  5.623e-11 -2.282e-19 -7.543e-19  2.000e+00 
 -9.513e-13  1.448e-14 -9.102e-14 -9.355e-15 -1.603e-14  1.501e-14  1.187e-11  7.588e-18 -1.548e-17 -6.469e-18  2.000e+00 
 PARAMETER  CORRELATION COEFFICIENTS  
       NO.  GLOBAL      1      3      4      6      8      9     20     21     22     23     24
        1  0.00059   1.000 -0.000 -0.000  0.000 -0.000 -0.000 -0.000  0.000  0.000 -0.000 -0.000
        3  0.29924  -0.000  1.000 -0.055  0.061 -0.214 -0.064  0.222  0.000 -0.000 -0.000  0.000
        4  0.24973  -0.000 -0.055  1.000  0.203  0.085  0.053 -0.076  0.000 -0.000 -0.000 -0.000
        6  0.27153   0.000  0.061  0.203  1.000 -0.043 -0.019  0.156  0.000 -0.000 -0.000 -0.000
        8  0.23623  -0.000 -0.214  0.085 -0.043  1.000  0.066 -0.079  0.000 -0.000 -0.000 -0.000
        9  0.18063  -0.000 -0.064  0.053 -0.019  0.066  1.000 -0.168  0.000 -0.000 -0.000  0.000
       20  0.31744  -0.000  0.222 -0.076  0.156 -0.079 -0.168  1.000  0.000 -0.000  0.000  0.000
       21  0.00000   0.000  0.000  0.000  0.000  0.000  0.000  0.000  1.000 -0.000 -0.000  0.000
       22  0.00000   0.000 -0.000 -0.000 -0.000 -0.000 -0.000 -0.000 -0.000  1.000 -0.000 -0.000
       23  0.00000  -0.000 -0.000 -0.000 -0.000 -0.000 -0.000  0.000 -0.000 -0.000  1.000 -0.000
       24  0.00000  -0.000  0.000 -0.000 -0.000 -0.000  0.000  0.000  0.000 -0.000 -0.000  1.000
MINUIT - FIT ONLY 1-y
 **********
 **   51 **RES 
 **********
                   PARAMETER   16  beta_vw RESTORED TO VARIABLE.
                   PARAMETER   14  alpha_vw RESTORED TO VARIABLE.
                   PARAMETER   13  beta_y RESTORED TO VARIABLE.
                   PARAMETER   11  alpha_y RESTORED TO VARIABLE.
                   PARAMETER   10  beta_2CBO RESTORED TO VARIABLE.
 **********
 **   52 **FIX            0
 **********
 PARAMETER    0  IS UNDEFINED. IGNORED.
 **********
 **   53 **FIX            1
 **********
 **********
 **   54 **FIX            2
 **********
 PARAMETER    2  IS CONSTANT.   IGNORED.
 **********
 **   55 **FIX            3
 **********
 **********
 **   56 **FIX            4
 **********
 **********
 **   57 **FIX            5
 **********
 PARAMETER    5  IS CONSTANT.   IGNORED.
 **********
 **   58 **FIX            6
 **********
 **********
 **   59 **FIX            7
 **********
 PARAMETER    7  IS CONSTANT.   IGNORED.
 **********
 **   60 **FIX            8
 **********
 **********
 **   61 **FIX            9
 **********
 **********
 **   62 **FIX           13
 **********
 **********
 **   63 **FIX           14
 **********
 **********
 **   64 **FIX           15
 **********
 PARAMETER   15  IS CONSTANT.   IGNORED.
 **********
 **   65 **FIX           16
 **********
 **********
 **   66 **MIGRAD
 **********
 START MIGRAD MINIMIZATION.  STRATEGY  1.  CONVERGENCE WHEN EDM .LT. 1.00e-04
 FCN=57.9271 FROM MIGRAD    STATUS=INITIATE       37 CALLS        5049 TOTAL
                     EDM= unknown      STRATEGY= 1      NO ERROR MATRIX       
  EXT PARAMETER               CURRENT GUESS       STEP         FIRST   
  NO.   NAME      VALUE            ERROR          SIZE      DERIVATIVE 
   1  N0           3.52758e+06     fixed    
   2  tau          6.44358e+01   constant   
   3  A0           3.55014e-01     fixed    
   4  phi          4.12275e+00     fixed    
   5  R           -6.05970e+01   constant   
   6  alpha_CBO   -2.32489e-03     fixed    
   7  w_CBO        2.32500e+00   constant   
   8  beta_CBO     3.89676e-03     fixed    
   9  alpha_2CBO  -2.04758e-04     fixed    
  10  beta_2CBO    4.62532e-05   1.73825e-04   0.00000e+00  -1.22944e+04
  11  alpha_y      0.00000e+00   1.00000e-03   0.00000e+00  -5.16431e+03
  12  w_y          1.44500e+01   constant   
  13  beta_y      -5.92351e-05     fixed    
  14  alpha_vw     0.00000e+00     fixed    
  15  w_vw         1.29000e+01   constant   
  16  beta_vw      0.00000e+00     fixed    
  17  LM           1.14256e-03   constant   
  18  zeta_y       0.00000e+00   constant   
  19  zeta_vw      0.00000e+00   constant   
  20  T_CBO        4.86120e+00   1.04862e-01   0.00000e+00  -1.84176e-01
  21  alpha_A0    -3.27320e+09   1.41421e+00   0.00000e+00  -3.98411e-12
  22  beta_A0      1.29748e+09   1.41421e+00  -6.18980e+05   3.26873e-11
  23  alpha_phi   -3.14816e+09   1.41421e+00   0.00000e+00  -1.45213e-13
  24  beta_phi    -6.31796e+08   1.41421e+00   0.00000e+00   3.45231e-13
 CALL LIMIT EXCEEDED IN MIGRAD.
 MIGRAD TERMINATED WITHOUT CONVERGENCE.
 FCN=56.256 FROM MIGRAD    STATUS=CALL LIMIT   1151 CALLS        6163 TOTAL
                     EDM=0.0120324    STRATEGY= 1  ERROR MATRIX UNCERTAINTY  15.7 per cent
  EXT PARAMETER                APPROXIMATE        STEP         FIRST   
  NO.   NAME      VALUE            ERROR          SIZE      DERIVATIVE 
   1  N0           3.52758e+06     fixed    
   2  tau          6.44358e+01   constant   
   3  A0           3.55014e-01     fixed    
   4  phi          4.12275e+00     fixed    
   5  R           -6.05970e+01   constant   
   6  alpha_CBO   -2.32489e-03     fixed    
   7  w_CBO        2.32500e+00   constant   
   8  beta_CBO     3.89676e-03     fixed    
   9  alpha_2CBO  -2.04758e-04     fixed    
  10  beta_2CBO    2.40304e-04   1.64236e-04   2.34717e-07   3.06183e+02
  11  alpha_y      7.81324e-05   1.68719e-04   9.51985e-07  -5.19799e+01
  12  w_y          1.44500e+01   constant   
  13  beta_y      -5.92351e-05     fixed    
  14  alpha_vw     0.00000e+00     fixed    
  15  w_vw         1.29000e+01   constant   
  16  beta_vw      0.00000e+00     fixed    
  17  LM           1.14256e-03   constant   
  18  zeta_y       0.00000e+00   constant   
  19  zeta_vw      0.00000e+00   constant   
  20  T_CBO        5.91227e+00   6.53027e-01   2.73468e-04  -6.48005e+01
  21  alpha_A0    -1.74941e+07   5.74294e+07   7.10274e+05   1.55082e-09
  22  beta_A0      8.76471e+06   3.87548e+07  -1.82635e+06  -6.72768e-09
  23  alpha_phi   -2.28913e+07   7.53555e+07   1.62448e+06   2.62796e-09
  24  beta_phi    -4.74847e+06   2.78593e+07   3.31603e+05   1.11141e-09
 EXTERNAL ERROR MATRIX.    NDIM=  25    NPAR=  7    ERR DEF=1
  2.697e-08  1.872e-09  1.137e-05  1.001e+03  1.816e+02  3.689e+02  4.590e+02 
  1.872e-09  2.847e-08 -1.033e-06  9.128e+01 -5.790e+00 -1.963e+02 -3.490e+01 
  1.137e-05 -1.033e-06  4.265e-01  3.489e+07 -2.393e+07  4.704e+07  6.642e+06 
  1.001e+03  9.128e+01  3.489e+07  3.298e+15 -1.933e+15  3.754e+15  4.871e+14 
  1.816e+02 -5.790e+00 -2.393e+07 -1.933e+15  1.502e+15 -2.544e+15 -3.127e+14 
  3.689e+02 -1.963e+02  4.704e+07  3.754e+15 -2.544e+15  5.678e+15  6.019e+14 
  4.590e+02 -3.490e+01  6.642e+06  4.871e+14 -3.127e+14  6.019e+14  7.761e+14 
ERR MATRIX APPROXIMATE
 PARAMETER  CORRELATION COEFFICIENTS  
       NO.  GLOBAL     10     11     20     21     22     23     24
       10  0.61825   1.000  0.068  0.106  0.106  0.029  0.030  0.100
       11  0.12196   0.068  1.000 -0.009  0.009 -0.001 -0.015 -0.007
       20  0.99426   0.106 -0.009  1.000  0.930 -0.946  0.956  0.365
       21  0.94134   0.106  0.009  0.930  1.000 -0.868  0.867  0.304
       22  0.97261   0.029 -0.001 -0.946 -0.868  1.000 -0.871 -0.290
       23  0.97640   0.030 -0.015  0.956  0.867 -0.871  1.000  0.287
       24  0.56102   0.100 -0.007  0.365  0.304 -0.290  0.287  1.000
 ERR MATRIX APPROXIMATE
MINUIT - FIT ONLY 2-y
 **********
 **   67 **RES 
 **********
                   PARAMETER   16  beta_vw RESTORED TO VARIABLE.
                   PARAMETER   14  alpha_vw RESTORED TO VARIABLE.
                   PARAMETER   13  beta_y RESTORED TO VARIABLE.
                   PARAMETER    9  alpha_2CBO RESTORED TO VARIABLE.
                   PARAMETER    8  beta_CBO RESTORED TO VARIABLE.
                   PARAMETER    6  alpha_CBO RESTORED TO VARIABLE.
                   PARAMETER    4  phi RESTORED TO VARIABLE.
                   PARAMETER    3  A0 RESTORED TO VARIABLE.
                   PARAMETER    1  N0 RESTORED TO VARIABLE.
 **********
 **   68 **FIX            0
 **********
 PARAMETER    0  IS UNDEFINED. IGNORED.
 **********
 **   69 **FIX            1
 **********
 **********
 **   70 **FIX            2
 **********
 PARAMETER    2  IS CONSTANT.   IGNORED.
 **********
 **   71 **FIX            3
 **********
 **********
 **   72 **FIX            4
 **********
 **********
 **   73 **FIX            5
 **********
 PARAMETER    5  IS CONSTANT.   IGNORED.
 **********
 **   74 **FIX            6
 **********
 **********
 **   75 **FIX            7
 **********
 PARAMETER    7  IS CONSTANT.   IGNORED.
 **********
 **   76 **FIX            8
 **********
 **********
 **   77 **FIX            9
 **********
 **********
 **   78 **FIX           10
 **********
 **********
 **   79 **FIX           11
 **********
 **********
 **   80 **FIX           12
 **********
 PARAMETER   12  IS CONSTANT.   IGNORED.
 **********
 **   81 **FIX           16
 **********
 **********
 **   82 **MIGRAD
 **********
 START MIGRAD MINIMIZATION.  STRATEGY  1.  CONVERGENCE WHEN EDM .LT. 1.00e-04
 FCN=56.256 FROM MIGRAD    STATUS=INITIATE       16 CALLS        6179 TOTAL
                     EDM= unknown      STRATEGY= 1      NO ERROR MATRIX       
  EXT PARAMETER               CURRENT GUESS       STEP         FIRST   
  NO.   NAME      VALUE            ERROR          SIZE      DERIVATIVE 
   1  N0           3.52758e+06     fixed    
   2  tau          6.44358e+01   constant   
   3  A0           3.55014e-01     fixed    
   4  phi          4.12275e+00     fixed    
   5  R           -6.05970e+01   constant   
   6  alpha_CBO   -2.32489e-03     fixed    
   7  w_CBO        2.32500e+00   constant   
   8  beta_CBO     3.89676e-03     fixed    
   9  alpha_2CBO  -2.04758e-04     fixed    
  10  beta_2CBO    2.40304e-04     fixed    
  11  alpha_y      7.81324e-05     fixed    
  12  w_y          1.44500e+01   constant   
  13  beta_y      -5.92351e-05   1.68025e-04   1.68025e-04  -5.60101e+02
  14  alpha_vw     0.00000e+00   1.00000e-03   1.00000e-03   1.27685e+04
  15  w_vw         1.29000e+01   constant   
  16  beta_vw      0.00000e+00     fixed    
  17  LM           1.14256e-03   constant   
  18  zeta_y       0.00000e+00   constant   
  19  zeta_vw      0.00000e+00   constant   
  20  T_CBO        5.91227e+00   6.53027e-01   2.73468e-04  -6.48006e+01
  21  alpha_A0    -1.74941e+07   5.74294e+07   7.10274e+05   1.55019e-09
  22  beta_A0      8.76471e+06   3.87548e+07  -1.82635e+06  -6.72768e-09
  23  alpha_phi   -2.28913e+07   7.53555e+07   1.62448e+06   2.62796e-09
  24  beta_phi    -4.74847e+06   2.78593e+07   3.31603e+05   1.11141e-09
 CALL LIMIT EXCEEDED IN MIGRAD.
 MIGRAD TERMINATED WITHOUT CONVERGENCE.
 FCN=54.6095 FROM MIGRAD    STATUS=CALL LIMIT   1154 CALLS        7317 TOTAL
                     EDM=0.0410665    STRATEGY= 1  ERROR MATRIX UNCERTAINTY  17.3 per cent
  EXT PARAMETER                APPROXIMATE        STEP         FIRST   
  NO.   NAME      VALUE            ERROR          SIZE      DERIVATIVE 
   1  N0           3.52758e+06     fixed    
   2  tau          6.44358e+01   constant   
   3  A0           3.55014e-01     fixed    
   4  phi          4.12275e+00     fixed    
   5  R           -6.05970e+01   constant   
   6  alpha_CBO   -2.32489e-03     fixed    
   7  w_CBO        2.32500e+00   constant   
   8  beta_CBO     3.89676e-03     fixed    
   9  alpha_2CBO  -2.04758e-04     fixed    
  10  beta_2CBO    2.40304e-04     fixed    
  11  alpha_y      7.81324e-05     fixed    
  12  w_y          1.44500e+01   constant   
  13  beta_y      -1.15334e-05   1.66494e-04   1.42438e-06  -3.43384e+02
  14  alpha_vw    -2.03054e-04   1.56279e-04   2.11740e-06  -5.20192e+02
  15  w_vw         1.29000e+01   constant   
  16  beta_vw      0.00000e+00     fixed    
  17  LM           1.14256e-03   constant   
  18  zeta_y       0.00000e+00   constant   
  19  zeta_vw      0.00000e+00   constant   
  20  T_CBO        7.88951e+00   1.18395e+00   6.43467e-04  -5.48469e+01
  21  alpha_A0    -4.44413e+04   1.67631e+05   7.67142e+03   3.29872e-06
  22  beta_A0      2.71133e+04   1.37201e+05  -3.33944e+03   5.93773e-07
  23  alpha_phi   -5.99641e+04   1.83851e+05   1.07202e+04   1.17505e-06
  24  beta_phi    -1.91101e+04   9.31875e+04   2.79151e+03   3.49648e-07
 EXTERNAL ERROR MATRIX.    NDIM=  25    NPAR=  7    ERR DEF=1
  2.772e-08 -9.977e-09 -1.423e-05 -1.201e+00  1.655e+00 -1.924e+00 -6.983e-02 
 -9.977e-09  2.442e-08 -2.648e-05 -1.459e+00  2.090e+00 -4.180e+00  3.434e-01 
 -1.423e-05 -2.648e-05  1.402e+00  1.939e+05 -1.239e+05  2.110e+05  6.993e+04 
 -1.201e+00 -1.459e+00  1.939e+05  2.810e+10 -1.881e+10  2.828e+10  1.028e+10 
  1.655e+00  2.090e+00 -1.239e+05 -1.881e+10  1.882e+10 -1.744e+10 -8.198e+09 
 -1.924e+00 -4.180e+00  2.110e+05  2.828e+10 -1.744e+10  3.380e+10  9.590e+09 
 -6.983e-02  3.434e-01  6.993e+04  1.028e+10 -8.198e+09  9.590e+09  8.684e+09 
ERR MATRIX APPROXIMATE
 PARAMETER  CORRELATION COEFFICIENTS  
       NO.  GLOBAL     13     14     20     21     22     23     24
       13  0.64577   1.000 -0.383 -0.072 -0.043  0.072 -0.063 -0.005
       14  0.75288  -0.383  1.000 -0.143 -0.056  0.097 -0.145  0.024
       20  0.99666  -0.072 -0.143  1.000  0.977 -0.763  0.969  0.634
       21  0.99328  -0.043 -0.056  0.977  1.000 -0.818  0.918  0.658
       22  0.87747   0.072  0.097 -0.763 -0.818  1.000 -0.691 -0.641
       23  0.98346  -0.063 -0.145  0.969  0.918 -0.691  1.000  0.560
