 + ++++++++++++++++++++++++++++++++++++++++++++++++++++++++++++++++++++ +
 +                                                                      +
 +           You have chose to blind your fitting according to          +
 +                omega_ref * (1 + (R +/- deltaR) *10^{-6})             +
 +                                                                      +
 + ++++++++++++++++++++++++++++++++++++++++++++++++++++++++++++++++++++ +
In main()...
reading format from /gm2data/zkhechad/run45/envelope/formats/formatB_sBin_constraintOn.txt
pBinTau 	= 0  
pBinPhi 	= 0  
constraintau 	= 1 
includeMopTerm 	= 0    
constrainMop    = 0   
Parameters after format file: pBinTau 0 pBinPhi 0 constraintau 1 includeMopTerm 0 constrainMop 0 c_e_scale 0.000000 
Opening file /gm2data/tbarrett/gm2fr/studies/run23_bunch_corrections/CorrectedFourier_Run3b.root.
reading full fit data from /gm2data/zkhechad/cboTemplates/Run4CBOTemplates/fullFits/noRF/sBin_constraintOn_cE0.0_seed0_noRF_calo16.root
windowBins = 69
fitting sliding window 420 from bin 556 at 82.806000 to bin 625 at 93.250000 (69 bins)

Reading data from /gm2data/cornell/histograms/aMethod/histogram_a_noRF.root
 **********
 **    1 **SET PRINTOUT            1
 **********
 **********
 **    2 **SET NOWARNINGS 
 **********
 PARAMETER DEFINITIONS:
    NO.   NAME         VALUE      STEP SIZE      LIMITS
     1 N0           3.09937e+06  1.00000e+02     no limits
     2 tau          6.44027e+01  constant
     3 A0           3.49546e-01  1.00000e-04     no limits
     4 phi          4.11716e+00  1.00000e-02     no limits
     5 R           -6.26367e+01  constant
     6 alpha_CBO    0.00000e+00  1.00000e-03     no limits
     7 w_CBO        2.32500e+00  constant
     8 beta_CBO     0.00000e+00  1.00000e-03     no limits
     9 alpha_2CBO   0.00000e+00  1.00000e-03     no limits
    10 beta_2CBO    0.00000e+00  1.00000e-03     no limits
    11 alpha_y      0.00000e+00  1.00000e-03     no limits
    12 w_y          1.38860e+01  constant
    13 beta_y       0.00000e+00  1.00000e-03     no limits
    14 alpha_vw     0.00000e+00  1.00000e-03     no limits
    15 w_vw         1.43404e+01  constant
    16 beta_vw      0.00000e+00  1.00000e-03     no limits
    17 LM          -1.31878e-04  constant
    18 zeta_y       0.00000e+00  constant
    19 zeta_vw      0.00000e+00  constant
    20 T_CBO        1.00000e+02  1.00000e+00    0.00000e+00  1.00000e+03
    21 alpha_A0     0.00000e+00  1.00000e-03     no limits
    22 beta_A0      0.00000e+00  1.00000e-03     no limits
    23 alpha_phi    0.00000e+00  1.00000e-03     no limits
    24 beta_phi     0.00000e+00  1.00000e-03     no limits
MINUIT - FIT ONLY WIGGLE
 **********
 **    3 **FIX            5
 **********
 PARAMETER    5  IS CONSTANT.   IGNORED.
 **********
 **    4 **FIX            6
 **********
 **********
 **    5 **FIX            7
 **********
 PARAMETER    7  IS CONSTANT.   IGNORED.
 **********
 **    6 **FIX            8
 **********
 **********
 **    7 **FIX            9
 **********
 **********
 **    8 **FIX           10
 **********
 **********
 **    9 **FIX           11
 **********
 **********
 **   10 **FIX           12
 **********
 PARAMETER   12  IS CONSTANT.   IGNORED.
 **********
 **   11 **FIX           13
 **********
 **********
 **   12 **FIX           14
 **********
 **********
 **   13 **FIX           15
 **********
 PARAMETER   15  IS CONSTANT.   IGNORED.
 **********
 **   14 **FIX           16
 **********
 **********
 **   15 **MIGRAD
 **********
 FIRST CALL TO USER FUNCTION AT NEW START POINT, WITH IFLAG=4.
 START MIGRAD MINIMIZATION.  STRATEGY  1.  CONVERGENCE WHEN EDM .LT. 1.00e-04
 FCN=2271.57 FROM MIGRAD    STATUS=INITIATE      427 CALLS         428 TOTAL
                     EDM= unknown      STRATEGY= 1      NO ERROR MATRIX       
  EXT PARAMETER               CURRENT GUESS       STEP         FIRST   
  NO.   NAME      VALUE            ERROR          SIZE      DERIVATIVE 
   1  N0           3.09937e+06   1.00000e+02   0.00000e+00   1.67904e-02
   2  tau          6.44027e+01   constant   
   3  A0           3.49546e-01   1.00000e-04   0.00000e+00   4.77985e+04
   4  phi          4.11716e+00   1.00000e-02   0.00000e+00   6.40940e+04
   5  R           -6.26367e+01   constant   
   6  alpha_CBO    0.00000e+00     fixed    
   7  w_CBO        2.32500e+00   constant   
   8  beta_CBO     0.00000e+00     fixed    
   9  alpha_2CBO   0.00000e+00     fixed    
  10  beta_2CBO    0.00000e+00     fixed    
  11  alpha_y      0.00000e+00     fixed    
  12  w_y          1.38860e+01   constant   
  13  beta_y       0.00000e+00     fixed    
  14  alpha_vw     0.00000e+00     fixed    
  15  w_vw         1.43404e+01   constant   
  16  beta_vw      0.00000e+00     fixed    
  17  LM          -1.31878e-04   constant   
  18  zeta_y       0.00000e+00   constant   
  19  zeta_vw      0.00000e+00   constant   
  20  T_CBO        1.00000e+02   1.00000e+00   0.00000e+00   0.00000e+00
  21  alpha_A0     0.00000e+00   1.00000e-03   0.00000e+00  -4.10773e+02
  22  beta_A0      0.00000e+00   1.00000e-03   0.00000e+00  -6.36442e+03
  23  alpha_phi    0.00000e+00   1.00000e-03   0.00000e+00  -4.47795e+02
  24  beta_phi     0.00000e+00   1.00000e-03   0.00000e+00   4.39383e+03
 CALL LIMIT EXCEEDED IN MIGRAD.
 MIGRAD TERMINATED WITHOUT CONVERGENCE.
 FCN=2120.86 FROM MIGRAD    STATUS=CALL LIMIT   1325 CALLS        1326 TOTAL
                     EDM=0.00736651    STRATEGY= 1  ERROR MATRIX UNCERTAINTY   3.9 per cent
  EXT PARAMETER                APPROXIMATE        STEP         FIRST   
  NO.   NAME      VALUE            ERROR          SIZE      DERIVATIVE 
   1  N0           3.09874e+06   2.72234e+02  -6.72898e+00  -1.77270e-04
   2  tau          6.44027e+01   constant   
   3  A0           3.49187e-01   1.05673e-04  -2.53233e-07  -6.26473e+01
   4  phi          4.11346e+00   3.28700e-04  -1.42380e-05  -3.13629e+02
   5  R           -6.26367e+01   constant   
   6  alpha_CBO    0.00000e+00     fixed    
   7  w_CBO        2.32500e+00   constant   
   8  beta_CBO     0.00000e+00     fixed    
   9  alpha_2CBO   0.00000e+00     fixed    
  10  beta_2CBO    0.00000e+00     fixed    
  11  alpha_y      0.00000e+00     fixed    
  12  w_y          1.38860e+01   constant   
  13  beta_y       0.00000e+00     fixed    
  14  alpha_vw     0.00000e+00     fixed    
  15  w_vw         1.43404e+01   constant   
  16  beta_vw      0.00000e+00     fixed    
  17  LM          -1.31878e-04   constant   
  18  zeta_y       0.00000e+00   constant   
  19  zeta_vw      0.00000e+00   constant   
  20  T_CBO        3.27867e+01   8.98362e+00   1.61538e-03  -6.49621e+00
  21  alpha_A0     2.03345e-02   1.29361e-02  -1.43058e-04  -1.53842e+01
  22  beta_A0      2.26214e-02   1.40679e-02  -1.82715e-04  -1.24474e+01
  23  alpha_phi    2.57788e-03   2.23096e-03  -1.06098e-07  -2.63164e+01
  24  beta_phi    -1.57681e-02   1.03284e-02   1.42768e-04   2.05916e+00
 EXTERNAL ERROR MATRIX.    NDIM=  25    NPAR=  8    ERR DEF=1
  7.411e+04  7.131e-03 -4.697e-03  6.286e+02 -1.003e+00 -1.029e+00 -1.297e-01  7.982e-01 
  7.131e-03  1.117e-08  1.265e-09  1.058e-04 -1.944e-07 -2.032e-07 -3.159e-08  1.529e-07 
 -4.697e-03  1.265e-09  1.080e-07  9.274e-04 -1.867e-06 -1.977e-06 -3.408e-07  1.396e-06 
  6.286e+02  1.058e-04  9.274e-04  8.077e+01 -1.121e-01 -1.226e-01 -1.617e-02  9.005e-02 
 -1.003e+00 -1.944e-07 -1.867e-06 -1.121e-01  1.673e-04  1.811e-04  2.529e-05 -1.322e-04 
 -1.029e+00 -2.032e-07 -1.977e-06 -1.226e-01  1.811e-04  1.979e-04  2.700e-05 -1.444e-04 
 -1.297e-01 -3.159e-08 -3.408e-07 -1.617e-02  2.529e-05  2.700e-05  4.977e-06 -1.922e-05 
  7.982e-01  1.529e-07  1.396e-06  9.005e-02 -1.322e-04 -1.444e-04 -1.922e-05  1.067e-04 
ERR MATRIX APPROXIMATE
 PARAMETER  CORRELATION COEFFICIENTS  
       NO.  GLOBAL      1      3      4     20     21     22     23     24
        1  0.46533   1.000  0.248 -0.052  0.257 -0.285 -0.269 -0.214  0.284
        3  0.27594   0.248  1.000  0.036  0.111 -0.142 -0.137 -0.134  0.140
        4  0.64265  -0.052  0.036  1.000  0.314 -0.439 -0.428 -0.465  0.411
       20  0.97820   0.257  0.111  0.314  1.000 -0.964 -0.970 -0.807  0.970
       21  0.99643  -0.285 -0.142 -0.439 -0.964  1.000  0.995  0.876 -0.990
       22  0.99738  -0.269 -0.137 -0.428 -0.970  0.995  1.000  0.860 -0.994
       23  0.90885  -0.214 -0.134 -0.465 -0.807  0.876  0.860  1.000 -0.834
       24  0.99505   0.284  0.140  0.411  0.970 -0.990 -0.994 -0.834  1.000
 ERR MATRIX APPROXIMATE
MINUIT - FIT ONLY 1-CBO + wiggle
 **********
 **   16 **RES 
 **********
                   PARAMETER   16  beta_vw RESTORED TO VARIABLE.
                   PARAMETER   14  alpha_vw RESTORED TO VARIABLE.
                   PARAMETER   13  beta_y RESTORED TO VARIABLE.
                   PARAMETER   11  alpha_y RESTORED TO VARIABLE.
                   PARAMETER   10  beta_2CBO RESTORED TO VARIABLE.
                   PARAMETER    9  alpha_2CBO RESTORED TO VARIABLE.
                   PARAMETER    8  beta_CBO RESTORED TO VARIABLE.
                   PARAMETER    6  alpha_CBO RESTORED TO VARIABLE.
 **********
 **   17 **FIX            8
 **********
 **********
 **   18 **FIX            9
 **********
 **********
 **   19 **FIX           11
 **********
 **********
 **   20 **FIX           12
 **********
 PARAMETER   12  IS CONSTANT.   IGNORED.
 **********
 **   21 **FIX           14
 **********
 **********
 **   22 **FIX           15
 **********
 PARAMETER   15  IS CONSTANT.   IGNORED.
 **********
 **   23 **FIX           16
 **********
 **********
 **   24 **MIGRAD
 **********
 START MIGRAD MINIMIZATION.  STRATEGY  1.  CONVERGENCE WHEN EDM .LT. 1.00e-04
 FCN=2120.86 FROM MIGRAD    STATUS=INITIATE       28 CALLS        1354 TOTAL
                     EDM= unknown      STRATEGY= 1      NO ERROR MATRIX       
  EXT PARAMETER               CURRENT GUESS       STEP         FIRST   
  NO.   NAME      VALUE            ERROR          SIZE      DERIVATIVE 
   1  N0           3.09874e+06   2.72234e+02  -6.72898e+00  -1.77270e-04
   2  tau          6.44027e+01   constant   
   3  A0           3.49187e-01   1.05673e-04  -2.53233e-07  -6.26473e+01
   4  phi          4.11346e+00   3.28700e-04  -1.42380e-05  -3.13629e+02
   5  R           -6.26367e+01   constant   
   6  alpha_CBO    0.00000e+00   1.00000e-03   1.00000e-03  -9.74889e+04
   7  w_CBO        2.32500e+00   constant   
   8  beta_CBO     0.00000e+00     fixed    
   9  alpha_2CBO   0.00000e+00     fixed    
  10  beta_2CBO    0.00000e+00   1.00000e-03   1.00000e-03   6.51806e+04
  11  alpha_y      0.00000e+00     fixed    
  12  w_y          1.38860e+01   constant   
  13  beta_y       0.00000e+00   1.00000e-03   1.00000e-03  -4.77618e+04
  14  alpha_vw     0.00000e+00     fixed    
  15  w_vw         1.43404e+01   constant   
  16  beta_vw      0.00000e+00     fixed    
  17  LM          -1.31878e-04   constant   
  18  zeta_y       0.00000e+00   constant   
  19  zeta_vw      0.00000e+00   constant   
  20  T_CBO        3.27867e+01   8.98362e+00   1.61538e-03  -6.49624e+00
  21  alpha_A0     2.03345e-02   1.29361e-02  -1.43058e-04  -1.53842e+01
  22  beta_A0      2.26214e-02   1.40679e-02  -1.82715e-04  -1.24474e+01
  23  alpha_phi    2.57788e-03   2.23096e-03  -1.06098e-07  -2.63164e+01
  24  beta_phi    -1.57681e-02   1.03284e-02   1.42768e-04   2.05916e+00
 CALL LIMIT EXCEEDED IN MIGRAD.
 MIGRAD TERMINATED WITHOUT CONVERGENCE.
 FCN=2049.69 FROM MIGRAD    STATUS=CALL LIMIT   1916 CALLS        3242 TOTAL
                     EDM=0.231414    STRATEGY= 1  ERROR MATRIX UNCERTAINTY  18.3 per cent
  EXT PARAMETER                APPROXIMATE        STEP         FIRST   
  NO.   NAME      VALUE            ERROR          SIZE      DERIVATIVE 
   1  N0           3.09873e+06   2.55750e+02   8.24928e+00  -1.00340e-03
   2  tau          6.44027e+01   constant   
   3  A0           3.49157e-01   1.04378e-04  -2.29272e-07   1.58486e+03
   4  phi          4.11339e+00   3.20219e-04   3.42875e-07  -8.45676e+01
   5  R           -6.26367e+01   constant   
   6  alpha_CBO    7.75973e-04   1.23803e-04  -1.09065e-06   3.54016e+01
   7  w_CBO        2.32500e+00   constant   
   8  beta_CBO     0.00000e+00     fixed    
   9  alpha_2CBO   0.00000e+00     fixed    
  10  beta_2CBO   -5.02950e-04   1.13515e-04   6.96478e-07  -9.95149e+02
  11  alpha_y      0.00000e+00     fixed    
  12  w_y          1.38860e+01   constant   
  13  beta_y       3.52735e-04   1.18048e-04   3.22383e-06  -9.35059e+02
  14  alpha_vw     0.00000e+00     fixed    
  15  w_vw         1.43404e+01   constant   
  16  beta_vw      0.00000e+00     fixed    
  17  LM          -1.31878e-04   constant   
  18  zeta_y       0.00000e+00   constant   
  19  zeta_vw      0.00000e+00   constant   
  20  T_CBO        6.52546e+00   2.40139e-01   1.54774e-04   1.33275e+02
  21  alpha_A0     7.34563e+02   3.44429e+02   2.03275e+01   3.74496e-04
  22  beta_A0      9.44773e+02   4.42977e+02   2.61435e+01   6.53053e-03
  23  alpha_phi    4.03679e+02   1.89295e+02   1.11719e+01  -3.28138e-03
  24  beta_phi    -8.62758e+02   4.04570e+02  -2.38770e+01   6.12748e-03
 EXTERNAL ERROR MATRIX.    NDIM=  25    NPAR= 11    ERR DEF=1
  6.541e+04 
  5.389e-03  1.089e-08 
 -2.766e-03  9.855e-11  1.025e-07 
  5.915e-04  1.954e-09 -2.329e-09  1.533e-08 
  1.902e-04  9.078e-11 -1.105e-09 -3.378e-10  1.289e-08 
 -5.902e-04  1.800e-10 -7.475e-11  2.969e-10 -3.198e-10  1.394e-08 
  1.023e+01 -2.592e-06 -1.324e-06  1.541e-07  2.570e-06  1.192e-06  5.767e-02 
 -1.172e+04  5.264e-04 -1.073e-03  7.504e-04 -4.074e-03 -1.285e-03 -7.781e+01  1.186e+05 
 -1.508e+04  6.770e-04 -1.380e-03  9.651e-04 -5.240e-03 -1.653e-03 -1.001e+02  1.526e+05  1.962e+05 
 -6.443e+03  2.893e-04 -5.898e-04  4.125e-04 -2.239e-03 -7.065e-04 -4.276e+01  6.520e+04  8.385e+04  3.583e+04 
  1.377e+04 -6.183e-04  1.260e-03 -8.815e-04  4.785e-03  1.510e-03  9.139e+01 -1.393e+05 -1.792e+05 -7.658e+04  1.637e+05 
ERR MATRIX APPROXIMATE
 PARAMETER  CORRELATION COEFFICIENTS  
       NO.  GLOBAL      1      3      4      6     10     13     20     21     22     23     24
        1  0.38594   1.000  0.202 -0.034  0.019  0.007 -0.020  0.166 -0.133 -0.133 -0.133  0.133
        3  0.39756   0.202  1.000  0.003  0.151  0.008  0.015 -0.103  0.015  0.015  0.015 -0.015
        4  0.15118  -0.034  0.003  1.000 -0.059 -0.030 -0.002 -0.017 -0.010 -0.010 -0.010  0.010
        6  0.24209   0.019  0.151 -0.059  1.000 -0.024  0.020  0.005  0.018  0.018  0.018 -0.018
       10  0.12028   0.007  0.008 -0.030 -0.024  1.000 -0.024  0.094 -0.104 -0.104 -0.104  0.104
       13  0.07433  -0.020  0.015 -0.002  0.020 -0.024  1.000  0.042 -0.032 -0.032 -0.032  0.032
       20  0.94876   0.166 -0.103 -0.017  0.005  0.094  0.042  1.000 -0.941 -0.941 -0.941  0.941
       21  1.00000  -0.133  0.015 -0.010  0.018 -0.104 -0.032 -0.941  1.000  1.000  1.000 -1.000
       22  1.00000  -0.133  0.015 -0.010  0.018 -0.104 -0.032 -0.941  1.000  1.000  1.000 -1.000
       23  1.00000  -0.133  0.015 -0.010  0.018 -0.104 -0.032 -0.941  1.000  1.000  1.000 -1.000
       24  1.00000   0.133 -0.015  0.010 -0.018  0.104  0.032  0.941 -1.000 -1.000 -1.000  1.000
 ERR MATRIX APPROXIMATE
MINUIT - FIT ONLY 2-CBO
 **********
 **   25 **RES 
 **********
                   PARAMETER   16  beta_vw RESTORED TO VARIABLE.
                   PARAMETER   14  alpha_vw RESTORED TO VARIABLE.
                   PARAMETER   11  alpha_y RESTORED TO VARIABLE.
                   PARAMETER    9  alpha_2CBO RESTORED TO VARIABLE.
                   PARAMETER    8  beta_CBO RESTORED TO VARIABLE.
 **********
 **   26 **FIX            0
 **********
 PARAMETER    0  IS UNDEFINED. IGNORED.
 **********
 **   27 **FIX            1
 **********
 **********
 **   28 **FIX            2
 **********
 PARAMETER    2  IS CONSTANT.   IGNORED.
 **********
 **   29 **FIX            3
 **********
 **********
 **   30 **FIX            4
 **********
 **********
 **   31 **FIX            5
 **********
 PARAMETER    5  IS CONSTANT.   IGNORED.
 **********
 **   32 **FIX            6
 **********
 **********
 **   33 **FIX            7
 **********
 PARAMETER    7  IS CONSTANT.   IGNORED.
 **********
 **   34 **FIX           10
 **********
 **********
 **   35 **FIX           11
 **********
 **********
 **   36 **FIX           12
 **********
 PARAMETER   12  IS CONSTANT.   IGNORED.
 **********
 **   37 **FIX           13
 **********
 **********
 **   38 **FIX           14
 **********
 **********
 **   39 **FIX           15
 **********
 PARAMETER   15  IS CONSTANT.   IGNORED.
 **********
 **   40 **FIX           16
 **********
 **********
 **   41 **MIGRAD
 **********
 START MIGRAD MINIMIZATION.  STRATEGY  1.  CONVERGENCE WHEN EDM .LT. 1.00e-04
 FCN=2049.69 FROM MIGRAD    STATUS=INITIATE       18 CALLS        3260 TOTAL
                     EDM= unknown      STRATEGY= 1      NO ERROR MATRIX       
  EXT PARAMETER               CURRENT GUESS       STEP         FIRST   
  NO.   NAME      VALUE            ERROR          SIZE      DERIVATIVE 
   1  N0           3.09873e+06     fixed    
   2  tau          6.44027e+01   constant   
   3  A0           3.49157e-01     fixed    
   4  phi          4.11339e+00     fixed    
   5  R           -6.26367e+01   constant   
   6  alpha_CBO    7.75973e-04     fixed    
   7  w_CBO        2.32500e+00   constant   
   8  beta_CBO     0.00000e+00   1.00000e-03   1.00000e-03  -7.08532e+05
   9  alpha_2CBO   0.00000e+00   1.00000e-03   1.00000e-03  -3.99314e+04
  10  beta_2CBO   -5.02950e-04     fixed    
  11  alpha_y      0.00000e+00     fixed    
  12  w_y          1.38860e+01   constant   
  13  beta_y       3.52735e-04     fixed    
  14  alpha_vw     0.00000e+00     fixed    
  15  w_vw         1.43404e+01   constant   
  16  beta_vw      0.00000e+00     fixed    
  17  LM          -1.31878e-04   constant   
  18  zeta_y       0.00000e+00   constant   
  19  zeta_vw      0.00000e+00   constant   
  20  T_CBO        6.52546e+00   2.40139e-01   1.54774e-04   1.33264e+02
  21  alpha_A0     7.34563e+02   3.44429e+02   2.03275e+01   3.74496e-04
  22  beta_A0      9.44773e+02   4.42977e+02   2.61435e+01   6.53053e-03
  23  alpha_phi    4.03679e+02   1.89295e+02   1.11719e+01  -3.28138e-03
  24  beta_phi    -8.62758e+02   4.04570e+02  -2.38770e+01   6.12748e-03
 CALL LIMIT EXCEEDED IN MIGRAD.
 MIGRAD TERMINATED WITHOUT CONVERGENCE.
 FCN=222.987 FROM MIGRAD    STATUS=CALL LIMIT   1161 CALLS        4403 TOTAL
                     EDM=0.152146    STRATEGY= 1  ERROR MATRIX UNCERTAINTY  15.6 per cent
  EXT PARAMETER                APPROXIMATE        STEP         FIRST   
  NO.   NAME      VALUE            ERROR          SIZE      DERIVATIVE 
   1  N0           3.09873e+06     fixed    
   2  tau          6.44027e+01   constant   
   3  A0           3.49157e-01     fixed    
   4  phi          4.11339e+00     fixed    
   5  R           -6.26367e+01   constant   
   6  alpha_CBO    7.75973e-04     fixed    
   7  w_CBO        2.32500e+00   constant   
   8  beta_CBO     5.17523e-03   1.17690e-04   3.38433e-06   2.14877e+03
   9  alpha_2CBO   2.03602e-04   1.15645e-04   4.57674e-07  -1.80144e+02
  10  beta_2CBO   -5.02950e-04     fixed    
  11  alpha_y      0.00000e+00     fixed    
  12  w_y          1.38860e+01   constant   
  13  beta_y       3.52735e-04     fixed    
  14  alpha_vw     0.00000e+00     fixed    
  15  w_vw         1.43404e+01   constant   
  16  beta_vw      0.00000e+00     fixed    
  17  LM          -1.31878e-04   constant   
  18  zeta_y       0.00000e+00   constant   
  19  zeta_vw      0.00000e+00   constant   
  20  T_CBO        9.35022e+00   8.42203e-01   1.15191e-03  -2.53003e+02
  21  alpha_A0     3.89764e+00   9.73190e+00  -7.10010e-01  -1.02610e-02
  22  beta_A0      1.55384e+01   1.72737e+01  -1.90384e+00  -5.72792e-02
  23  alpha_phi    9.17563e+00   1.10905e+01  -1.01777e+00   2.72998e-02
  24  beta_phi     3.40983e+01   3.20571e+01  -4.40142e+00  -4.42529e-02
 EXTERNAL ERROR MATRIX.    NDIM=  25    NPAR=  7    ERR DEF=1
  1.385e-08 -7.532e-10  2.352e-05 -1.757e-04 -1.936e-04 -3.249e-04 -6.244e-04 
 -7.532e-10  1.337e-08  1.521e-06 -9.641e-05 -7.735e-05  6.194e-05 -2.370e-05 
  2.352e-05  1.521e-06  7.093e-01 -2.339e+00 -1.396e+01 -7.665e+00 -2.667e+01 
 -1.757e-04 -9.641e-05 -2.339e+00  9.471e+01  4.333e+01  2.536e+01  6.598e+01 
 -1.936e-04 -7.735e-05 -1.396e+01  4.333e+01  2.984e+02  1.663e+02  5.215e+02 
 -3.249e-04  6.194e-05 -7.665e+00  2.536e+01  1.663e+02  1.230e+02  2.894e+02 
 -6.244e-04 -2.370e-05 -2.667e+01  6.598e+01  5.215e+02  2.894e+02  1.028e+03 
ERR MATRIX APPROXIMATE
 PARAMETER  CORRELATION COEFFICIENTS  
       NO.  GLOBAL      8      9     20     21     22     23     24
        8  0.91056   1.000 -0.055  0.237 -0.153 -0.095 -0.249 -0.165
        9  0.25991  -0.055  1.000  0.016 -0.086 -0.039  0.048 -0.006
       20  0.99873   0.237  0.016  1.000 -0.285 -0.960 -0.821 -0.988
       21  0.72718  -0.153 -0.086 -0.285  1.000  0.258  0.235  0.211
       22  0.99358  -0.095 -0.039 -0.960  0.258  1.000  0.868  0.942
       23  0.95043  -0.249  0.048 -0.821  0.235  0.868  1.000  0.814
       24  0.99737  -0.165 -0.006 -0.988  0.211  0.942  0.814  1.000
 ERR MATRIX APPROXIMATE
MINUIT - FIT wiggle + 1-CBO + 2-CBO
 **********
 **   42 **RES 
 **********
                   PARAMETER   16  beta_vw RESTORED TO VARIABLE.
                   PARAMETER   14  alpha_vw RESTORED TO VARIABLE.
                   PARAMETER   13  beta_y RESTORED TO VARIABLE.
                   PARAMETER   11  alpha_y RESTORED TO VARIABLE.
                   PARAMETER   10  beta_2CBO RESTORED TO VARIABLE.
                   PARAMETER    6  alpha_CBO RESTORED TO VARIABLE.
                   PARAMETER    4  phi RESTORED TO VARIABLE.
                   PARAMETER    3  A0 RESTORED TO VARIABLE.
                   PARAMETER    1  N0 RESTORED TO VARIABLE.
 **********
 **   43 **FIX           10
 **********
 **********
 **   44 **FIX           11
 **********
 **********
 **   45 **FIX           12
 **********
 PARAMETER   12  IS CONSTANT.   IGNORED.
 **********
 **   46 **FIX           13
 **********
 **********
 **   47 **FIX           14
 **********
 **********
 **   48 **FIX           15
 **********
 PARAMETER   15  IS CONSTANT.   IGNORED.
 **********
 **   49 **FIX           16
 **********
 **********
 **   50 **MIGRAD
 **********
 START MIGRAD MINIMIZATION.  STRATEGY  1.  CONVERGENCE WHEN EDM .LT. 1.00e-04
 FCN=222.987 FROM MIGRAD    STATUS=INITIATE       22 CALLS        4425 TOTAL
                     EDM= unknown      STRATEGY= 1      NO ERROR MATRIX       
  EXT PARAMETER               CURRENT GUESS       STEP         FIRST   
  NO.   NAME      VALUE            ERROR          SIZE      DERIVATIVE 
   1  N0           3.09873e+06   2.55750e+02   2.55750e+02  -4.92830e-03
   2  tau          6.44027e+01   constant   
   3  A0           3.49157e-01   1.04378e-04   1.04378e-04  -9.29342e+04
   4  phi          4.11339e+00   3.20219e-04   3.20219e-04  -5.62336e+04
   5  R           -6.26367e+01   constant   
   6  alpha_CBO    7.75973e-04   1.23803e-04   1.23803e-04  -4.94702e+03
   7  w_CBO        2.32500e+00   constant   
   8  beta_CBO     5.17523e-03   1.17690e-04   3.38433e-06   2.14877e+03
   9  alpha_2CBO   2.03602e-04   1.15645e-04   4.57674e-07  -1.80144e+02
  10  beta_2CBO   -5.02950e-04     fixed    
  11  alpha_y      0.00000e+00     fixed    
  12  w_y          1.38860e+01   constant   
  13  beta_y       3.52735e-04     fixed    
  14  alpha_vw     0.00000e+00     fixed    
  15  w_vw         1.43404e+01   constant   
  16  beta_vw      0.00000e+00     fixed    
  17  LM          -1.31878e-04   constant   
  18  zeta_y       0.00000e+00   constant   
  19  zeta_vw      0.00000e+00   constant   
  20  T_CBO        9.35022e+00   8.42203e-01   1.15191e-03  -2.53003e+02
  21  alpha_A0     3.89764e+00   9.73190e+00  -7.10010e-01  -1.02610e-02
  22  beta_A0      1.55384e+01   1.72737e+01  -1.90384e+00  -5.72792e-02
  23  alpha_phi    9.17563e+00   1.10905e+01  -1.01777e+00   2.72998e-02
  24  beta_phi     3.40983e+01   3.20571e+01  -4.40142e+00  -4.42529e-02
 CALL LIMIT EXCEEDED IN MIGRAD.
 MIGRAD TERMINATED WITHOUT CONVERGENCE.
 FCN=84.6142 FROM MIGRAD    STATUS=CALL LIMIT   1923 CALLS        6326 TOTAL
                     EDM=0.0744709    STRATEGY= 1  ERROR MATRIX UNCERTAINTY   0.1 per cent
  EXT PARAMETER                APPROXIMATE        STEP         FIRST   
  NO.   NAME      VALUE            ERROR          SIZE      DERIVATIVE 
   1  N0           3.09915e+06   2.51936e+02  -2.67966e+00   2.71762e-04
   2  tau          6.44027e+01   constant   
   3  A0           3.49692e-01   1.03909e-04  -9.22361e-07   1.74507e+02
   4  phi          4.11707e+00   3.20449e-04   2.36739e-06  -1.94284e+01
   5  R           -6.26367e+01   constant   
   6  alpha_CBO    7.48401e-04   1.14425e-04  -1.56947e-06   2.71344e+02
   7  w_CBO        2.32500e+00   constant   
   8  beta_CBO     5.53419e-03   1.21486e-04   5.90887e-07   1.09583e+03
   9  alpha_2CBO   2.21205e-04   1.10476e-04  -1.16783e-06   2.34317e+02
  10  beta_2CBO   -5.02950e-04     fixed    
  11  alpha_y      0.00000e+00     fixed    
  12  w_y          1.38860e+01   constant   
  13  beta_y       3.52735e-04     fixed    
  14  alpha_vw     0.00000e+00     fixed    
  15  w_vw         1.43404e+01   constant   
  16  beta_vw      0.00000e+00     fixed    
  17  LM          -1.31878e-04   constant   
  18  zeta_y       0.00000e+00   constant   
  19  zeta_vw      0.00000e+00   constant   
  20  T_CBO        3.09925e+01   5.21725e+00   4.13438e-03  -8.13151e+01
  21  alpha_A0    -1.34149e-02   1.64677e-02   1.67517e-03   1.54011e+01
  22  beta_A0      1.44348e-02   1.40370e-02  -1.13591e-03   1.85092e+00
  23  alpha_phi    7.18280e-04   8.11551e-03  -1.67279e-03  -4.45196e+01
  24  beta_phi     6.11957e-02   3.87694e-02  -4.09305e-03  -5.89133e+01
 EXTERNAL ERROR MATRIX.    NDIM=  25    NPAR= 11    ERR DEF=1
  6.347e+04 
  6.738e-03  1.080e-08 
  2.493e-03 -9.103e-10  1.027e-07 
 -1.094e-03  1.892e-09 -6.394e-10  1.309e-08 
  3.230e-03  1.124e-09  7.125e-09  7.321e-12  1.476e-08 
 -6.272e-05 -3.847e-10 -3.397e-10 -8.422e-10 -1.595e-10  1.220e-08 
 -7.105e+00 -4.357e-05  8.181e-05 -5.044e-06  2.663e-05 -5.280e-06  2.723e+01 
 -2.700e-01 -2.078e-07 -6.761e-07  9.551e-08 -7.666e-08 -8.553e-08  4.902e-02  2.712e-04 
  4.929e-01  8.687e-08 -4.823e-07 -1.591e-08 -7.451e-08 -1.935e-07 -4.650e-02 -6.097e-05  1.970e-04 
  1.943e-01 -3.289e-08 -2.396e-07  1.669e-07 -3.140e-08  9.811e-08 -4.320e-03  3.478e-05 -1.870e-06  6.586e-05 
  2.233e-01  4.080e-07 -5.511e-07 -1.284e-09  7.989e-08 -1.617e-08 -1.995e-01 -3.485e-04  3.570e-04 -2.592e-06  1.503e-03 
ERR MATRIX APPROXIMATE
 PARAMETER  CORRELATION COEFFICIENTS  
       NO.  GLOBAL      1      3      4      6      8      9     20     21     22     23     24
        1  0.48996   1.000  0.257  0.031 -0.038  0.106 -0.002 -0.005 -0.065  0.139  0.095  0.023
        3  0.36295   0.257  1.000 -0.027  0.159  0.089 -0.034 -0.080 -0.121  0.060 -0.039  0.101
        4  0.27981   0.031 -0.027  1.000 -0.017  0.183 -0.010  0.049 -0.128 -0.107 -0.092 -0.044
        6  0.31650  -0.038  0.159 -0.017  1.000  0.001 -0.067 -0.008  0.051 -0.010  0.180 -0.000
        8  0.62237   0.106  0.089  0.183  0.001  1.000 -0.012  0.042 -0.038 -0.044 -0.032  0.017
        9  0.25986  -0.002 -0.034 -0.010 -0.067 -0.012  1.000 -0.009 -0.047 -0.125  0.109 -0.004
       20  0.99742  -0.005 -0.080  0.049 -0.008  0.042 -0.009  1.000  0.570 -0.635 -0.102 -0.986
       21  0.85226  -0.065 -0.121 -0.128  0.051 -0.038 -0.047  0.570  1.000 -0.264  0.260 -0.546
       22  0.69682   0.139  0.060 -0.107 -0.010 -0.044 -0.125 -0.635 -0.264  1.000 -0.016  0.656
       23  0.89450   0.095 -0.039 -0.092  0.180 -0.032  0.109 -0.102  0.260 -0.016  1.000 -0.008
       24  0.99711   0.023  0.101 -0.044 -0.000  0.017 -0.004 -0.986 -0.546  0.656 -0.008  1.000
 ERR MATRIX APPROXIMATE
MINUIT - FIT ONLY 1-y
 **********
 **   51 **RES 
 **********
                   PARAMETER   16  beta_vw RESTORED TO VARIABLE.
                   PARAMETER   14  alpha_vw RESTORED TO VARIABLE.
                   PARAMETER   13  beta_y RESTORED TO VARIABLE.
                   PARAMETER   11  alpha_y RESTORED TO VARIABLE.
                   PARAMETER   10  beta_2CBO RESTORED TO VARIABLE.
 **********
 **   52 **FIX            0
 **********
 PARAMETER    0  IS UNDEFINED. IGNORED.
 **********
 **   53 **FIX            1
 **********
 **********
 **   54 **FIX            2
 **********
 PARAMETER    2  IS CONSTANT.   IGNORED.
 **********
 **   55 **FIX            3
 **********
 **********
 **   56 **FIX            4
 **********
 **********
 **   57 **FIX            5
 **********
 PARAMETER    5  IS CONSTANT.   IGNORED.
 **********
 **   58 **FIX            6
 **********
 **********
 **   59 **FIX            7
 **********
 PARAMETER    7  IS CONSTANT.   IGNORED.
 **********
 **   60 **FIX            8
 **********
 **********
 **   61 **FIX            9
 **********
 **********
 **   62 **FIX           13
 **********
 **********
 **   63 **FIX           14
 **********
 **********
 **   64 **FIX           15
 **********
 PARAMETER   15  IS CONSTANT.   IGNORED.
 **********
 **   65 **FIX           16
 **********
 **********
 **   66 **MIGRAD
 **********
 START MIGRAD MINIMIZATION.  STRATEGY  1.  CONVERGENCE WHEN EDM .LT. 1.00e-04
 FCN=84.6142 FROM MIGRAD    STATUS=INITIATE       16 CALLS        6342 TOTAL
                     EDM= unknown      STRATEGY= 1      NO ERROR MATRIX       
  EXT PARAMETER               CURRENT GUESS       STEP         FIRST   
  NO.   NAME      VALUE            ERROR          SIZE      DERIVATIVE 
   1  N0           3.09915e+06     fixed    
   2  tau          6.44027e+01   constant   
   3  A0           3.49692e-01     fixed    
   4  phi          4.11707e+00     fixed    
   5  R           -6.26367e+01   constant   
   6  alpha_CBO    7.48401e-04     fixed    
   7  w_CBO        2.32500e+00   constant   
   8  beta_CBO     5.53419e-03     fixed    
   9  alpha_2CBO   2.21205e-04     fixed    
  10  beta_2CBO   -5.02950e-04   1.13515e-04   1.13515e-04  -3.18498e+03
  11  alpha_y      0.00000e+00   1.00000e-03   1.00000e-03   3.78281e+04
  12  w_y          1.38860e+01   constant   
  13  beta_y       3.52735e-04     fixed    
  14  alpha_vw     0.00000e+00     fixed    
  15  w_vw         1.43404e+01   constant   
  16  beta_vw      0.00000e+00     fixed    
  17  LM          -1.31878e-04   constant   
  18  zeta_y       0.00000e+00   constant   
  19  zeta_vw      0.00000e+00   constant   
  20  T_CBO        3.09925e+01   5.21725e+00   4.13438e-03  -8.13150e+01
  21  alpha_A0    -1.34149e-02   1.64677e-02   1.67517e-03   1.54011e+01
  22  beta_A0      1.44348e-02   1.40370e-02  -1.13591e-03   1.85092e+00
  23  alpha_phi    7.18280e-04   8.11551e-03  -1.67279e-03  -4.45196e+01
  24  beta_phi     6.11957e-02   3.87694e-02  -4.09305e-03  -5.89133e+01
 MIGRAD MINIMIZATION HAS CONVERGED.
 MIGRAD WILL VERIFY CONVERGENCE AND ERROR MATRIX.
 COVARIANCE MATRIX CALCULATED SUCCESSFULLY
 FCN=76.4785 FROM MIGRAD    STATUS=CONVERGED    1089 CALLS        7415 TOTAL
                     EDM=2.03438e-06    STRATEGY= 1      ERROR MATRIX ACCURATE 
  EXT PARAMETER                                   STEP         FIRST   
  NO.   NAME      VALUE            ERROR          SIZE      DERIVATIVE 
   1  N0           3.09915e+06     fixed    
   2  tau          6.44027e+01   constant   
   3  A0           3.49692e-01     fixed    
   4  phi          4.11707e+00     fixed    
   5  R           -6.26367e+01   constant   
   6  alpha_CBO    7.48401e-04     fixed    
   7  w_CBO        2.32500e+00   constant   
   8  beta_CBO     5.53419e-03     fixed    
   9  alpha_2CBO   2.21205e-04     fixed    
  10  beta_2CBO   -4.77408e-04   1.20747e-04   5.07876e-07   3.11878e-01
  11  alpha_y     -2.66861e-04   1.18539e-04   5.09282e-07   1.25745e+00
  12  w_y          1.38860e+01   constant   
  13  beta_y       3.52735e-04     fixed    
  14  alpha_vw     0.00000e+00     fixed    
  15  w_vw         1.43404e+01   constant   
  16  beta_vw      0.00000e+00     fixed    
  17  LM          -1.31878e-04   constant   
  18  zeta_y       0.00000e+00   constant   
  19  zeta_vw      0.00000e+00   constant   
  20  T_CBO        1.00000e+03   6.61221e+02   3.23885e-02  -4.17915e-05
  21  alpha_A0    -8.36310e-04   5.49436e-04   2.31884e-06   1.41106e+00
  22  beta_A0      8.36092e-04   4.82053e-04   2.06116e-06   1.00961e+00
  23  alpha_phi    9.77041e-05   4.42257e-04   1.89401e-06  -9.94799e-01
  24  beta_phi     4.10077e-03   4.59636e-04   1.95908e-06  -3.58042e+00
 EXTERNAL ERROR MATRIX.    NDIM=  25    NPAR=  7    ERR DEF=1
  1.458e-08 -8.081e-11  1.795e-08  1.057e-08 -2.771e-09  2.839e-09  5.667e-09 
 -8.081e-11  1.405e-08  7.522e-09  1.453e-09 -3.818e-10  5.636e-10 -1.218e-10 
  1.795e-08  7.522e-09  1.928e+01 -1.876e-05  1.894e-05  2.241e-06  8.900e-05 
  1.057e-08  1.453e-09 -1.876e-05  3.019e-07  1.678e-08  1.161e-08 -1.030e-08 
 -2.771e-09 -3.818e-10  1.894e-05  1.678e-08  2.324e-07 -9.892e-09 -6.670e-09 
  2.839e-09  5.636e-10  2.241e-06  1.161e-08 -9.892e-09  1.956e-07 -3.340e-09 
  5.667e-09 -1.218e-10  8.900e-05 -1.030e-08 -6.670e-09 -3.340e-09  2.113e-07 
 PARAMETER  CORRELATION COEFFICIENTS  
       NO.  GLOBAL     10     11     20     21     22     23     24
       10  0.20561   1.000 -0.006  0.000  0.159 -0.048  0.053  0.102
       11  0.02748  -0.006  1.000  0.000  0.022 -0.007  0.011 -0.002
       20  0.04594   0.000  0.000  1.000 -0.008  0.009  0.001  0.044
       21  0.18915   0.159  0.022 -0.008  1.000  0.063  0.048 -0.041
       22  0.10146  -0.048 -0.007  0.009  0.063  1.000 -0.046 -0.030
       23  0.08452   0.053  0.011  0.001  0.048 -0.046  1.000 -0.016
       24  0.12871   0.102 -0.002  0.044 -0.041 -0.030 -0.016  1.000
MINUIT - FIT ONLY 2-y
 **********
 **   67 **RES 
 **********
                   PARAMETER   16  beta_vw RESTORED TO VARIABLE.
                   PARAMETER   14  alpha_vw RESTORED TO VARIABLE.
                   PARAMETER   13  beta_y RESTORED TO VARIABLE.
                   PARAMETER    9  alpha_2CBO RESTORED TO VARIABLE.
                   PARAMETER    8  beta_CBO RESTORED TO VARIABLE.
                   PARAMETER    6  alpha_CBO RESTORED TO VARIABLE.
                   PARAMETER    4  phi RESTORED TO VARIABLE.
                   PARAMETER    3  A0 RESTORED TO VARIABLE.
                   PARAMETER    1  N0 RESTORED TO VARIABLE.
 **********
 **   68 **FIX            0
 **********
 PARAMETER    0  IS UNDEFINED. IGNORED.
 **********
 **   69 **FIX            1
 **********
 **********
 **   70 **FIX            2
 **********
 PARAMETER    2  IS CONSTANT.   IGNORED.
 **********
 **   71 **FIX            3
 **********
 **********
 **   72 **FIX            4
 **********
 **********
 **   73 **FIX            5
 **********
 PARAMETER    5  IS CONSTANT.   IGNORED.
 **********
 **   74 **FIX            6
 **********
 **********
 **   75 **FIX            7
 **********
 PARAMETER    7  IS CONSTANT.   IGNORED.
 **********
 **   76 **FIX            8
 **********
 **********
 **   77 **FIX            9
 **********
 **********
 **   78 **FIX           10
 **********
 **********
 **   79 **FIX           11
 **********
 **********
 **   80 **FIX           12
 **********
 PARAMETER   12  IS CONSTANT.   IGNORED.
 **********
 **   81 **FIX           16
 **********
 **********
 **   82 **MIGRAD
 **********
 START MIGRAD MINIMIZATION.  STRATEGY  1.  CONVERGENCE WHEN EDM .LT. 1.00e-04
 FCN=76.4785 FROM MIGRAD    STATUS=INITIATE       16 CALLS        7431 TOTAL
                     EDM= unknown      STRATEGY= 1      NO ERROR MATRIX       
  EXT PARAMETER               CURRENT GUESS       STEP         FIRST   
  NO.   NAME      VALUE            ERROR          SIZE      DERIVATIVE 
   1  N0           3.09915e+06     fixed    
   2  tau          6.44027e+01   constant   
   3  A0           3.49692e-01     fixed    
   4  phi          4.11707e+00     fixed    
   5  R           -6.26367e+01   constant   
   6  alpha_CBO    7.48401e-04     fixed    
   7  w_CBO        2.32500e+00   constant   
   8  beta_CBO     5.53419e-03     fixed    
   9  alpha_2CBO   2.21205e-04     fixed    
  10  beta_2CBO   -4.77408e-04     fixed    
  11  alpha_y     -2.66861e-04     fixed    
  12  w_y          1.38860e+01   constant   
  13  beta_y       3.52735e-04   1.18048e-04   1.18048e-04  -3.33057e+03
  14  alpha_vw     0.00000e+00   1.00000e-03   1.00000e-03   9.86709e+03
  15  w_vw         1.43404e+01   constant   
  16  beta_vw      0.00000e+00     fixed    
  17  LM          -1.31878e-04   constant   
  18  zeta_y       0.00000e+00   constant   
  19  zeta_vw      0.00000e+00   constant   
  20  T_CBO        1.00000e+03   6.61221e+02   3.23885e-02  -4.20009e-05
  21  alpha_A0    -8.36310e-04   5.49436e-04   2.31884e-06   1.41098e+00
  22  beta_A0      8.36092e-04   4.82053e-04   2.06116e-06   1.00958e+00
  23  alpha_phi    9.77041e-05   4.42257e-04   1.89401e-06  -9.94794e-01
  24  beta_phi     4.10077e-03   4.59636e-04   1.95908e-06  -3.58041e+00
 MIGRAD MINIMIZATION HAS CONVERGED.
 MIGRAD WILL VERIFY CONVERGENCE AND ERROR MATRIX.
 COVARIANCE MATRIX CALCULATED SUCCESSFULLY
 FCN=76.1355 FROM MIGRAD    STATUS=CONVERGED     116 CALLS        7531 TOTAL
                     EDM=5.25563e-08    STRATEGY= 1      ERROR MATRIX ACCURATE 
  EXT PARAMETER                                   STEP         FIRST   
  NO.   NAME      VALUE            ERROR          SIZE      DERIVATIVE 
   1  N0           3.09915e+06     fixed    
   2  tau          6.44027e+01   constant   
   3  A0           3.49692e-01     fixed    
   4  phi          4.11707e+00     fixed    
   5  R           -6.26367e+01   constant   
   6  alpha_CBO    7.48401e-04     fixed    
   7  w_CBO        2.32500e+00   constant   
   8  beta_CBO     5.53419e-03     fixed    
   9  alpha_2CBO   2.21205e-04     fixed    
  10  beta_2CBO   -4.77408e-04     fixed    
  11  alpha_y     -2.66861e-04     fixed    
  12  w_y          1.38860e+01   constant   
  13  beta_y       3.57199e-04   1.23303e-04   5.07699e-07   3.68174e-02
  14  alpha_vw    -6.80068e-05   1.23333e-04   5.08061e-07   9.71684e-03
  15  w_vw         1.43404e+01   constant   
  16  beta_vw      0.00000e+00     fixed    
  17  LM          -1.31878e-04   constant   
  18  zeta_y       0.00000e+00   constant   
  19  zeta_vw      0.00000e+00   constant   
  20  T_CBO        1.00000e+03   6.75721e+02   3.21082e-02** at limit **
  21  alpha_A0    -8.36982e-04   5.42412e-04   2.31368e-06   7.13250e-05
  22  beta_A0      8.35735e-04   4.81638e-04   2.05658e-06  -4.04304e-02
  23  alpha_phi    9.81811e-05   4.41619e-04   1.88980e-06   3.87811e-01
  24  beta_phi     4.10025e-03   4.57316e-04   1.95472e-06  -5.91856e-01
 EXTERNAL ERROR MATRIX.    NDIM=  25    NPAR=  7    ERR DEF=1
  1.520e-08  4.227e-09 -7.719e-11  1.488e-09  1.431e-09 -4.247e-10 -3.808e-10 
  4.227e-09  1.521e-08 -3.189e-11  5.914e-10  5.244e-10 -2.147e-10  4.217e-11 
 -7.719e-11 -3.189e-11  9.382e-04 -1.412e-07  1.423e-07  1.691e-08  6.686e-07 
  1.488e-09  5.914e-10 -1.412e-07  2.942e-07  1.897e-08  9.452e-09 -1.445e-08 
  1.431e-09  5.244e-10  1.423e-07  1.897e-08  2.320e-07 -9.376e-09 -5.616e-09 
 -4.247e-10 -2.147e-10  1.691e-08  9.452e-09 -9.376e-09  1.950e-07 -4.429e-09 
 -3.808e-10  4.217e-11  6.686e-07 -1.445e-08 -5.616e-09 -4.429e-09  2.091e-07 
 PARAMETER  CORRELATION COEFFICIENTS  
       NO.  GLOBAL     13     14     20     21     22     23     24
       13  0.27950   1.000  0.278 -0.000  0.022  0.024 -0.008 -0.007
       14  0.27797   0.278  1.000 -0.000  0.009  0.009 -0.004  0.001
       20  0.04948  -0.000 -0.000  1.000 -0.008  0.010  0.001  0.048
       21  0.10316   0.022  0.009 -0.008  1.000  0.073  0.039 -0.058
       22  0.09270   0.024  0.009  0.010  0.073  1.000 -0.044 -0.025
       23  0.06536  -0.008 -0.004  0.001  0.039 -0.044  1.000 -0.022
