 + ++++++++++++++++++++++++++++++++++++++++++++++++++++++++++++++++++++ +
 +                                                                      +
 +           You have chose to blind your fitting according to          +
 +                omega_ref * (1 + (R +/- deltaR) *10^{-6})             +
 +                                                                      +
 + ++++++++++++++++++++++++++++++++++++++++++++++++++++++++++++++++++++ +
In main()...
reading format from /gm2data/zkhechad/run45/envelope/formats/formatB_sBin_constraintOn.txt
pBinTau 	= 0  
pBinPhi 	= 0  
constraintau 	= 1 
includeMopTerm 	= 0    
constrainMop    = 0   
Parameters after format file: pBinTau 0 pBinPhi 0 constraintau 1 includeMopTerm 0 constrainMop 0 c_e_scale 0.000000 
Opening file /gm2data/tbarrett/gm2fr/studies/run23_bunch_corrections/CorrectedFourier_Run3b.root.
reading full fit data from /gm2data/zkhechad/cboTemplates/Run4CBOTemplates/fullFits/noRF/sBin_constraintOn_cE0.0_seed0_noRF_calo3.root
windowBins = 69
fitting sliding window 1610 from bin 1746 at 260.354000 to bin 1815 at 270.798000 (69 bins)

Reading data from /gm2data/cornell/histograms/aMethod/histogram_a_noRF.root
 **********
 **    1 **SET PRINTOUT            1
 **********
 **********
 **    2 **SET NOWARNINGS 
 **********
 PARAMETER DEFINITIONS:
    NO.   NAME         VALUE      STEP SIZE      LIMITS
     1 N0           2.88710e+06  1.00000e+02     no limits
     2 tau          6.43977e+01  constant
     3 A0           3.56389e-01  1.00000e-04     no limits
     4 phi          4.11721e+00  1.00000e-02     no limits
     5 R           -6.10082e+01  constant
     6 alpha_CBO    0.00000e+00  1.00000e-03     no limits
     7 w_CBO        2.32500e+00  constant
     8 beta_CBO     0.00000e+00  1.00000e-03     no limits
     9 alpha_2CBO   0.00000e+00  1.00000e-03     no limits
    10 beta_2CBO    0.00000e+00  1.00000e-03     no limits
    11 alpha_y      0.00000e+00  1.00000e-03     no limits
    12 w_y          1.38860e+01  constant
    13 beta_y       0.00000e+00  1.00000e-03     no limits
    14 alpha_vw     0.00000e+00  1.00000e-03     no limits
    15 w_vw         1.43404e+01  constant
    16 beta_vw      0.00000e+00  1.00000e-03     no limits
    17 LM          -2.57919e-04  constant
    18 zeta_y       0.00000e+00  constant
    19 zeta_vw      0.00000e+00  constant
    20 T_CBO        1.00000e+02  1.00000e+00    0.00000e+00  1.00000e+03
    21 alpha_A0     0.00000e+00  1.00000e-04   -1.00000e-02  1.00000e-02
    22 beta_A0      0.00000e+00  1.00000e-04   -1.00000e-02  1.00000e-02
    23 alpha_phi    0.00000e+00  1.00000e-04   -1.00000e-02  1.00000e-02
    24 beta_phi     0.00000e+00  1.00000e-04   -1.00000e-02  1.00000e-02
MINUIT - FIT ONLY WIGGLE
 **********
 **    3 **FIX            5
 **********
 PARAMETER    5  IS CONSTANT.   IGNORED.
 **********
 **    4 **FIX            6
 **********
 **********
 **    5 **FIX            7
 **********
 PARAMETER    7  IS CONSTANT.   IGNORED.
 **********
 **    6 **FIX            8
 **********
 **********
 **    7 **FIX            9
 **********
 **********
 **    8 **FIX           10
 **********
 **********
 **    9 **FIX           11
 **********
 **********
 **   10 **FIX           12
 **********
 PARAMETER   12  IS CONSTANT.   IGNORED.
 **********
 **   11 **FIX           13
 **********
 **********
 **   12 **FIX           14
 **********
 **********
 **   13 **FIX           15
 **********
 PARAMETER   15  IS CONSTANT.   IGNORED.
 **********
 **   14 **FIX           16
 **********
 **********
 **   15 **MIGRAD
 **********
 FIRST CALL TO USER FUNCTION AT NEW START POINT, WITH IFLAG=4.
 START MIGRAD MINIMIZATION.  STRATEGY  1.  CONVERGENCE WHEN EDM .LT. 1.00e-04
 FCN=112.082 FROM MIGRAD    STATUS=INITIATE      437 CALLS         438 TOTAL
                     EDM= unknown      STRATEGY= 1      NO ERROR MATRIX       
  EXT PARAMETER               CURRENT GUESS       STEP         FIRST   
  NO.   NAME      VALUE            ERROR          SIZE      DERIVATIVE 
   1  N0           2.88710e+06   1.00000e+02   0.00000e+00   2.39858e-03
   2  tau          6.43977e+01   constant   
   3  A0           3.56389e-01   1.00000e-04   0.00000e+00  -1.67443e+04
   4  phi          4.11721e+00   1.00000e-02   0.00000e+00   3.21721e+02
   5  R           -6.10082e+01   constant   
   6  alpha_CBO    0.00000e+00     fixed    
   7  w_CBO        2.32500e+00   constant   
   8  beta_CBO     0.00000e+00     fixed    
   9  alpha_2CBO   0.00000e+00     fixed    
  10  beta_2CBO    0.00000e+00     fixed    
  11  alpha_y      0.00000e+00     fixed    
  12  w_y          1.38860e+01   constant   
  13  beta_y       0.00000e+00     fixed    
  14  alpha_vw     0.00000e+00     fixed    
  15  w_vw         1.43404e+01   constant   
  16  beta_vw      0.00000e+00     fixed    
  17  LM          -2.57919e-04   constant   
  18  zeta_y       0.00000e+00   constant   
  19  zeta_vw      0.00000e+00   constant   
  20  T_CBO        1.00000e+02   1.00000e+00   0.00000e+00   0.00000e+00
  21  alpha_A0     0.00000e+00   1.00000e-04   0.00000e+00   6.52237e-01
  22  beta_A0      0.00000e+00   1.00000e-04   0.00000e+00   3.59192e-01
  23  alpha_phi    0.00000e+00   1.00000e-04   0.00000e+00  -5.90791e-01
  24  beta_phi     0.00000e+00   1.00000e-04   0.00000e+00   1.41302e+00
 MIGRAD MINIMIZATION HAS CONVERGED.
 FCN=92.2583 FROM MIGRAD    STATUS=CONVERGED     940 CALLS         941 TOTAL
                     EDM=4.51697e-06    STRATEGY= 1  ERROR MATRIX UNCERTAINTY   1.2 per cent
  EXT PARAMETER                                   STEP         FIRST   
  NO.   NAME      VALUE            ERROR          SIZE      DERIVATIVE 
   1  N0           2.88569e+06   9.94874e+02   6.33586e-01   9.15185e-07
   2  tau          6.43977e+01   constant   
   3  A0           3.58093e-01   4.72044e-04  -1.18132e-06  -4.20767e+00
   4  phi          4.11732e+00   1.26670e-03  -8.83595e-07  -3.44684e-01
   5  R           -6.10082e+01   constant   
   6  alpha_CBO    0.00000e+00     fixed    
   7  w_CBO        2.32500e+00   constant   
   8  beta_CBO     0.00000e+00     fixed    
   9  alpha_2CBO   0.00000e+00     fixed    
  10  beta_2CBO    0.00000e+00     fixed    
  11  alpha_y      0.00000e+00     fixed    
  12  w_y          1.38860e+01   constant   
  13  beta_y       0.00000e+00     fixed    
  14  alpha_vw     0.00000e+00     fixed    
  15  w_vw         1.43404e+01   constant   
  16  beta_vw      0.00000e+00     fixed    
  17  LM          -2.57919e-04   constant   
  18  zeta_y       0.00000e+00   constant   
  19  zeta_vw      0.00000e+00   constant   
  20  T_CBO        2.11518e+02   1.17859e+02  -4.18854e-05   1.77571e-03
  21  alpha_A0    -4.50332e-03   6.36749e-03  -7.96760e-04  -1.58166e-03
  22  beta_A0     -7.68954e-03   1.64088e-02   8.14864e-04   1.25316e-03
  23  alpha_phi   -1.34306e-03   6.18910e-03  -1.19583e-03  -6.07266e-04
  24  beta_phi    -9.91489e-03   1.67699e-02  -3.40969e-03   2.34264e-03
 EXTERNAL ERROR MATRIX.    NDIM=  25    NPAR=  8    ERR DEF=1
  9.898e+05 -4.924e-02 -1.624e-01  5.864e+03  4.587e-01 -1.611e+00 -1.619e+00 -5.280e-01 
 -4.924e-02  2.228e-07 -9.522e-10 -1.500e-02  4.005e-07  1.366e-06  6.283e-07  5.355e-07 
 -1.624e-01 -9.522e-10  1.605e-06  1.570e-02 -7.182e-07 -5.041e-07  1.196e-07  2.939e-07 
  5.864e+03 -1.500e-02  1.570e-02  1.429e+04 -4.270e-01 -6.701e-01 -1.492e-01 -1.023e-01 
  4.587e-01  4.005e-07 -7.182e-07 -4.270e-01  5.026e-05  1.865e-05  3.451e-06  5.990e-06 
 -1.611e+00  1.366e-06 -5.041e-07 -6.701e-01  1.865e-05  8.191e-05  1.219e-05  3.301e-06 
 -1.619e+00  6.283e-07  1.196e-07 -1.492e-01  3.451e-06  1.219e-05  4.468e-05  3.165e-06 
 -5.280e-01  5.355e-07  2.939e-07 -1.023e-01  5.990e-06  3.301e-06  3.165e-06  5.560e-06 
 PARAMETER  CORRELATION COEFFICIENTS  
       NO.  GLOBAL      1      3      4     20     21     22     23     24
        1  0.40659   1.000 -0.105 -0.129  0.049  0.065 -0.179 -0.243 -0.225
        3  0.56681  -0.105  1.000 -0.002 -0.266  0.120  0.320  0.199  0.481
        4  0.22062  -0.129 -0.002  1.000  0.104 -0.080 -0.044  0.014  0.098
       20  0.73372   0.049 -0.266  0.104  1.000 -0.504 -0.619 -0.187 -0.363
       21  0.56914   0.065  0.120 -0.080 -0.504  1.000  0.291  0.073  0.358
       22  0.68422  -0.179  0.320 -0.044 -0.619  0.291  1.000  0.201  0.155
       23  0.33523  -0.243  0.199  0.014 -0.187  0.073  0.201  1.000  0.201
       24  0.65412  -0.225  0.481  0.098 -0.363  0.358  0.155  0.201  1.000
MINUIT - FIT ONLY 1-CBO + wiggle
 **********
 **   16 **RES 
 **********
                   PARAMETER   16  beta_vw RESTORED TO VARIABLE.
                   PARAMETER   14  alpha_vw RESTORED TO VARIABLE.
                   PARAMETER   13  beta_y RESTORED TO VARIABLE.
                   PARAMETER   11  alpha_y RESTORED TO VARIABLE.
                   PARAMETER   10  beta_2CBO RESTORED TO VARIABLE.
                   PARAMETER    9  alpha_2CBO RESTORED TO VARIABLE.
                   PARAMETER    8  beta_CBO RESTORED TO VARIABLE.
                   PARAMETER    6  alpha_CBO RESTORED TO VARIABLE.
 **********
 **   17 **FIX            8
 **********
 **********
 **   18 **FIX            9
 **********
 **********
 **   19 **FIX           11
 **********
 **********
 **   20 **FIX           12
 **********
 PARAMETER   12  IS CONSTANT.   IGNORED.
 **********
 **   21 **FIX           14
 **********
 **********
 **   22 **FIX           15
 **********
 PARAMETER   15  IS CONSTANT.   IGNORED.
 **********
 **   23 **FIX           16
 **********
 **********
 **   24 **MIGRAD
 **********
 START MIGRAD MINIMIZATION.  STRATEGY  1.  CONVERGENCE WHEN EDM .LT. 1.00e-04
 FCN=92.2583 FROM MIGRAD    STATUS=INITIATE       28 CALLS         969 TOTAL
                     EDM= unknown      STRATEGY= 1      NO ERROR MATRIX       
  EXT PARAMETER               CURRENT GUESS       STEP         FIRST   
  NO.   NAME      VALUE            ERROR          SIZE      DERIVATIVE 
   1  N0           2.88569e+06   9.94874e+02   6.33586e-01   9.15184e-07
   2  tau          6.43977e+01   constant   
   3  A0           3.58093e-01   4.72044e-04  -1.18132e-06  -4.20767e+00
   4  phi          4.11732e+00   1.26670e-03  -8.83595e-07  -3.44684e-01
   5  R           -6.10082e+01   constant   
   6  alpha_CBO    0.00000e+00   1.00000e-03   1.00000e-03   1.29001e+04
   7  w_CBO        2.32500e+00   constant   
   8  beta_CBO     0.00000e+00     fixed    
   9  alpha_2CBO   0.00000e+00     fixed    
  10  beta_2CBO    0.00000e+00   1.00000e-03   1.00000e-03   3.66635e+03
  11  alpha_y      0.00000e+00     fixed    
  12  w_y          1.38860e+01   constant   
  13  beta_y       0.00000e+00   1.00000e-03   1.00000e-03  -2.26490e+02
  14  alpha_vw     0.00000e+00     fixed    
  15  w_vw         1.43404e+01   constant   
  16  beta_vw      0.00000e+00     fixed    
  17  LM          -2.57919e-04   constant   
  18  zeta_y       0.00000e+00   constant   
  19  zeta_vw      0.00000e+00   constant   
  20  T_CBO        2.11518e+02   1.17859e+02  -4.18854e-05   1.77570e-03
  21  alpha_A0    -4.50332e-03   6.36749e-03  -7.96760e-04   1.58165e-03
  22  beta_A0     -7.68954e-03   1.64088e-02   8.14864e-04  -1.25306e-03
  23  alpha_phi   -1.34306e-03   6.18910e-03  -1.19583e-03   6.07265e-04
  24  beta_phi    -9.91489e-03   1.67699e-02  -3.40969e-03  -2.36621e-03
 MIGRAD MINIMIZATION HAS CONVERGED.
 FCN=81.8565 FROM MIGRAD    STATUS=CONVERGED     224 CALLS        1165 TOTAL
                     EDM=6.89097e-06    STRATEGY= 1  ERROR MATRIX UNCERTAINTY   1.2 per cent
  EXT PARAMETER                                   STEP         FIRST   
  NO.   NAME      VALUE            ERROR          SIZE      DERIVATIVE 
   1  N0           2.88548e+06   9.43711e+02  -1.41115e+00   4.29711e-08
   2  tau          6.43977e+01   constant   
   3  A0           3.57727e-01   4.66562e-04  -4.88057e-07  -5.87782e-01
   4  phi          4.11792e+00   1.30962e-03   5.24909e-07  -7.95363e-01
   5  R           -6.10082e+01   constant   
   6  alpha_CBO   -1.48379e-03   4.76027e-04  -5.27166e-08  -4.63101e-01
   7  w_CBO        2.32500e+00   constant   
   8  beta_CBO     0.00000e+00     fixed    
   9  alpha_2CBO   0.00000e+00     fixed    
  10  beta_2CBO   -4.51980e-04   4.70242e-04  -5.97752e-07   2.42538e-02
  11  alpha_y      0.00000e+00     fixed    
  12  w_y          1.38860e+01   constant   
  13  beta_y       3.62691e-05   4.67022e-04   2.63669e-07   1.26743e-01
  14  alpha_vw     0.00000e+00     fixed    
  15  w_vw         1.43404e+01   constant   
  16  beta_vw      0.00000e+00     fixed    
  17  LM          -2.57919e-04   constant   
  18  zeta_y       0.00000e+00   constant   
  19  zeta_vw      0.00000e+00   constant   
  20  T_CBO        2.51348e+02   1.22799e+02   3.98429e-04  -4.33069e-03
  21  alpha_A0    -1.45763e-03   4.80519e-03  -2.21718e-03  -3.17463e-03
  22  beta_A0     -4.96349e-03   6.01896e-03   5.36280e-04   2.57424e-03
  23  alpha_phi   -2.50653e-04   5.89778e-03  -4.45369e-04   2.32057e-04
  24  beta_phi    -9.94136e-03   1.54765e-02  -2.06930e-03   2.74154e-03
 EXTERNAL ERROR MATRIX.    NDIM=  25    NPAR= 11    ERR DEF=1
  8.906e+05 
  2.245e-02  2.177e-07 
 -5.243e-02 -6.447e-08  1.715e-06 
  2.578e-02  5.449e-08 -8.746e-08  2.266e-07 
  2.744e-02  9.152e-09 -4.434e-08  8.991e-09  2.211e-07 
 -3.142e-03  6.580e-10  4.473e-09 -1.809e-09 -1.644e-09  2.181e-07 
 -6.375e+03 -8.422e-03  2.531e-02 -3.599e-03 -1.338e-02  1.035e-04  1.550e+04 
 -3.190e-01 -2.256e-07  2.233e-07 -4.419e-07  1.540e-07  3.610e-08  5.809e-03  2.518e-05 
  8.411e-01 -5.094e-07  1.132e-06 -2.223e-07 -4.550e-07 -1.622e-08  4.422e-01  9.131e-07  4.423e-05 
  1.103e-01 -1.625e-07  3.086e-07 -1.090e-07 -7.272e-08 -2.016e-08  3.607e-02  1.298e-07  1.692e-06  3.979e-05 
  1.157e-01  5.763e-08 -4.839e-08  9.003e-09  8.615e-08 -2.486e-08 -4.737e-02  1.466e-06 -2.335e-06  5.369e-07  2.860e-06 
 PARAMETER  CORRELATION COEFFICIENTS  
       NO.  GLOBAL      1      3      4      6     10     13     20     21     22     23     24
        1  0.25201   1.000  0.051 -0.042  0.057  0.062 -0.007 -0.054 -0.067  0.134  0.019  0.073
        3  0.30953   0.051  1.000 -0.106  0.245  0.042  0.003 -0.145 -0.096 -0.164 -0.055  0.073
        4  0.22256  -0.042 -0.106  1.000 -0.140 -0.072  0.007  0.155  0.034  0.130  0.037 -0.022
        6  0.31894   0.057  0.245 -0.140  1.000  0.040 -0.008 -0.061 -0.185 -0.070 -0.036  0.011
       10  0.25546   0.062  0.042 -0.072  0.040  1.000 -0.007 -0.228  0.065 -0.146 -0.025  0.108
       13  0.04254  -0.007  0.003  0.007 -0.008 -0.007  1.000  0.002  0.015 -0.005 -0.007 -0.031
       20  0.58134  -0.054 -0.145  0.155 -0.061 -0.228  0.002  1.000  0.009  0.534  0.046 -0.225
       21  0.28627  -0.067 -0.096  0.034 -0.185  0.065  0.015  0.009  1.000  0.027  0.004  0.173
       22  0.57910   0.134 -0.164  0.130 -0.070 -0.146 -0.005  0.534  0.027  1.000  0.040 -0.208
       23  0.10424   0.019 -0.055  0.037 -0.036 -0.025 -0.007  0.046  0.004  0.040  1.000  0.050
       24  0.33292   0.073  0.073 -0.022  0.011  0.108 -0.031 -0.225  0.173 -0.208  0.050  1.000
MINUIT - FIT ONLY 2-CBO
 **********
 **   25 **RES 
 **********
                   PARAMETER   16  beta_vw RESTORED TO VARIABLE.
                   PARAMETER   14  alpha_vw RESTORED TO VARIABLE.
                   PARAMETER   11  alpha_y RESTORED TO VARIABLE.
                   PARAMETER    9  alpha_2CBO RESTORED TO VARIABLE.
                   PARAMETER    8  beta_CBO RESTORED TO VARIABLE.
 **********
 **   26 **FIX            0
 **********
 PARAMETER    0  IS UNDEFINED. IGNORED.
 **********
 **   27 **FIX            1
 **********
 **********
 **   28 **FIX            2
 **********
 PARAMETER    2  IS CONSTANT.   IGNORED.
 **********
 **   29 **FIX            3
 **********
 **********
 **   30 **FIX            4
 **********
 **********
 **   31 **FIX            5
 **********
 PARAMETER    5  IS CONSTANT.   IGNORED.
 **********
 **   32 **FIX            6
 **********
 **********
 **   33 **FIX            7
 **********
 PARAMETER    7  IS CONSTANT.   IGNORED.
 **********
 **   34 **FIX           10
 **********
 **********
 **   35 **FIX           11
 **********
 **********
 **   36 **FIX           12
 **********
 PARAMETER   12  IS CONSTANT.   IGNORED.
 **********
 **   37 **FIX           13
 **********
 **********
 **   38 **FIX           14
 **********
 **********
 **   39 **FIX           15
 **********
 PARAMETER   15  IS CONSTANT.   IGNORED.
 **********
 **   40 **FIX           16
 **********
 **********
 **   41 **MIGRAD
 **********
 START MIGRAD MINIMIZATION.  STRATEGY  1.  CONVERGENCE WHEN EDM .LT. 1.00e-04
 FCN=81.8565 FROM MIGRAD    STATUS=INITIATE       18 CALLS        1183 TOTAL
                     EDM= unknown      STRATEGY= 1      NO ERROR MATRIX       
  EXT PARAMETER               CURRENT GUESS       STEP         FIRST   
  NO.   NAME      VALUE            ERROR          SIZE      DERIVATIVE 
   1  N0           2.88548e+06     fixed    
   2  tau          6.43977e+01   constant   
   3  A0           3.57727e-01     fixed    
   4  phi          4.11792e+00     fixed    
   5  R           -6.10082e+01   constant   
   6  alpha_CBO   -1.48379e-03     fixed    
   7  w_CBO        2.32500e+00   constant   
   8  beta_CBO     0.00000e+00   1.00000e-03   1.00000e-03   2.01054e+04
   9  alpha_2CBO   0.00000e+00   1.00000e-03   1.00000e-03  -3.18776e+03
  10  beta_2CBO   -4.51980e-04     fixed    
  11  alpha_y      0.00000e+00     fixed    
  12  w_y          1.38860e+01   constant   
  13  beta_y       3.62691e-05     fixed    
  14  alpha_vw     0.00000e+00     fixed    
  15  w_vw         1.43404e+01   constant   
  16  beta_vw      0.00000e+00     fixed    
  17  LM          -2.57919e-04   constant   
  18  zeta_y       0.00000e+00   constant   
  19  zeta_vw      0.00000e+00   constant   
  20  T_CBO        2.51348e+02   1.22799e+02   3.98429e-04  -4.33069e-03
  21  alpha_A0    -1.45763e-03   4.80519e-03  -2.21718e-03  -3.17463e-03
  22  beta_A0     -4.96349e-03   6.01896e-03   5.36280e-04   2.57420e-03
  23  alpha_phi   -2.50653e-04   5.89778e-03  -4.45369e-04   2.32056e-04
  24  beta_phi    -9.94136e-03   1.54765e-02  -2.06930e-03  -2.75242e-03
 MIGRAD MINIMIZATION HAS CONVERGED.
 MIGRAD WILL VERIFY CONVERGENCE AND ERROR MATRIX.
 COVARIANCE MATRIX CALCULATED SUCCESSFULLY
 FCN=57.6821 FROM MIGRAD    STATUS=CONVERGED     170 CALLS        1335 TOTAL
                     EDM=2.00738e-05    STRATEGY= 1      ERROR MATRIX ACCURATE 
  EXT PARAMETER                                   STEP         FIRST   
  NO.   NAME      VALUE            ERROR          SIZE      DERIVATIVE 
   1  N0           2.88548e+06     fixed    
   2  tau          6.43977e+01   constant   
   3  A0           3.57727e-01     fixed    
   4  phi          4.11792e+00     fixed    
   5  R           -6.10082e+01   constant   
   6  alpha_CBO   -1.48379e-03     fixed    
   7  w_CBO        2.32500e+00   constant   
   8  beta_CBO    -2.32043e-03   4.77840e-04   1.76788e-06   3.77394e+00
   9  alpha_2CBO   5.31117e-04   4.80412e-04   1.74513e-06   5.51949e+00
  10  beta_2CBO   -4.51980e-04     fixed    
  11  alpha_y      0.00000e+00     fixed    
  12  w_y          1.38860e+01   constant   
  13  beta_y       3.62691e-05     fixed    
  14  alpha_vw     0.00000e+00     fixed    
  15  w_vw         1.43404e+01   constant   
  16  beta_vw      0.00000e+00     fixed    
  17  LM          -2.57919e-04   constant   
  18  zeta_y       0.00000e+00   constant   
  19  zeta_vw      0.00000e+00   constant   
  20  T_CBO        2.67803e+02   1.85475e+02   1.02692e-03  -1.06720e-03
  21  alpha_A0    -1.39228e-03   4.53309e-03   1.75552e-03  -2.06636e-03
  22  beta_A0     -2.30067e-03   5.15036e-03   1.94419e-03   2.63749e-03
  23  alpha_phi    9.80524e-05   4.67343e-03   1.79983e-03   1.30271e-05
  24  beta_phi    -9.98108e-03   1.85087e-02   1.89302e-02  -5.44722e-04
 EXTERNAL ERROR MATRIX.    NDIM=  25    NPAR=  7    ERR DEF=1
  2.283e-07 -1.616e-08 -8.861e-04 -2.987e-08 -2.902e-07  2.305e-08 -8.344e-09 
 -1.616e-08  2.308e-07  4.205e-03 -1.553e-07 -2.630e-07  3.526e-07 -1.514e-09 
 -8.861e-04  4.205e-03  3.663e+04  1.409e-01  3.405e-01  1.282e-02 -8.920e-01 
 -2.987e-08 -1.553e-07  1.409e-01  2.217e-05  1.836e-06  9.473e-08 -4.321e-06 
 -2.902e-07 -2.630e-07  3.405e-01  1.836e-06  2.946e-05  1.192e-06 -7.328e-06 
  2.305e-08  3.526e-07  1.282e-02  9.473e-08  1.192e-06  2.365e-05  2.692e-07 
 -8.344e-09 -1.514e-09 -8.920e-01 -4.321e-06 -7.328e-06  2.692e-07  3.897e-05 
 PARAMETER  CORRELATION COEFFICIENTS  
       NO.  GLOBAL      8      9     20     21     22     23     24
        8  0.14714   1.000 -0.070 -0.010 -0.013 -0.112  0.010 -0.003
        9  0.23844  -0.070  1.000  0.046 -0.069 -0.101  0.151 -0.001
       20  0.76990  -0.010  0.046  1.000  0.156  0.328  0.014 -0.747
       21  0.18058  -0.013 -0.069  0.156  1.000  0.072  0.004 -0.147
       22  0.37505  -0.112 -0.101  0.328  0.072  1.000  0.045 -0.216
       23  0.16738   0.010  0.151  0.014  0.004  0.045  1.000  0.009
       24  0.74891  -0.003 -0.001 -0.747 -0.147 -0.216  0.009  1.000
MINUIT - FIT wiggle + 1-CBO + 2-CBO
 **********
 **   42 **RES 
 **********
                   PARAMETER   16  beta_vw RESTORED TO VARIABLE.
                   PARAMETER   14  alpha_vw RESTORED TO VARIABLE.
                   PARAMETER   13  beta_y RESTORED TO VARIABLE.
                   PARAMETER   11  alpha_y RESTORED TO VARIABLE.
                   PARAMETER   10  beta_2CBO RESTORED TO VARIABLE.
                   PARAMETER    6  alpha_CBO RESTORED TO VARIABLE.
                   PARAMETER    4  phi RESTORED TO VARIABLE.
                   PARAMETER    3  A0 RESTORED TO VARIABLE.
                   PARAMETER    1  N0 RESTORED TO VARIABLE.
 **********
 **   43 **FIX           10
 **********
 **********
 **   44 **FIX           11
 **********
 **********
 **   45 **FIX           12
 **********
 PARAMETER   12  IS CONSTANT.   IGNORED.
 **********
 **   46 **FIX           13
 **********
 **********
 **   47 **FIX           14
 **********
 **********
 **   48 **FIX           15
 **********
 PARAMETER   15  IS CONSTANT.   IGNORED.
 **********
 **   49 **FIX           16
 **********
 **********
 **   50 **MIGRAD
 **********
 START MIGRAD MINIMIZATION.  STRATEGY  1.  CONVERGENCE WHEN EDM .LT. 1.00e-04
 FCN=57.6821 FROM MIGRAD    STATUS=INITIATE       24 CALLS        1359 TOTAL
                     EDM= unknown      STRATEGY= 1      NO ERROR MATRIX       
  EXT PARAMETER               CURRENT GUESS       STEP         FIRST   
  NO.   NAME      VALUE            ERROR          SIZE      DERIVATIVE 
   1  N0           2.88548e+06   9.43711e+02   9.43711e+02   7.96989e-04
   2  tau          6.43977e+01   constant   
   3  A0           3.57727e-01   4.66562e-04   4.66562e-04   2.29996e+03
   4  phi          4.11792e+00   1.30962e-03   1.30962e-03   1.37985e+03
   5  R           -6.10082e+01   constant   
   6  alpha_CBO   -1.48379e-03   4.76027e-04   4.76027e-04   7.68040e+01
   7  w_CBO        2.32500e+00   constant   
   8  beta_CBO    -2.32043e-03   4.77840e-04   1.76788e-06   3.77394e+00
   9  alpha_2CBO   5.31117e-04   4.80412e-04   1.74513e-06   5.51949e+00
  10  beta_2CBO   -4.51980e-04     fixed    
  11  alpha_y      0.00000e+00     fixed    
  12  w_y          1.38860e+01   constant   
  13  beta_y       3.62691e-05     fixed    
  14  alpha_vw     0.00000e+00     fixed    
  15  w_vw         1.43404e+01   constant   
  16  beta_vw      0.00000e+00     fixed    
  17  LM          -2.57919e-04   constant   
  18  zeta_y       0.00000e+00   constant   
  19  zeta_vw      0.00000e+00   constant   
  20  T_CBO        2.67803e+02   1.85475e+02   1.02692e-03  -1.08253e-03
  21  alpha_A0    -1.39228e-03   4.53309e-03   1.75552e-03  -2.06448e-03
  22  beta_A0     -2.30067e-03   5.15036e-03   1.94419e-03   2.64064e-03
  23  alpha_phi    9.80524e-05   4.67343e-03   1.79983e-03   1.28969e-05
  24  beta_phi    -9.98108e-03   1.85087e-02   1.89302e-02   7.24769e-04
 MIGRAD MINIMIZATION HAS CONVERGED.
 MIGRAD WILL VERIFY CONVERGENCE AND ERROR MATRIX.
 COVARIANCE MATRIX CALCULATED SUCCESSFULLY
 FCN=56.5627 FROM MIGRAD    STATUS=CONVERGED     277 CALLS        1612 TOTAL
                     EDM=5.23584e-06    STRATEGY= 1      ERROR MATRIX ACCURATE 
  EXT PARAMETER                                   STEP         FIRST   
  NO.   NAME      VALUE            ERROR          SIZE      DERIVATIVE 
   1  N0           2.88524e+06   1.01202e+03   3.45058e+00   7.91533e-07
   2  tau          6.43977e+01   constant   
   3  A0           3.57493e-01   4.74155e-04   1.64962e-06  -2.17489e+00
   4  phi          4.11683e+00   1.32210e-03   4.68612e-06   1.60727e-01
   5  R           -6.10082e+01   constant   
   6  alpha_CBO   -1.50802e-03   4.77746e-04   1.67909e-06   2.27414e+00
   7  w_CBO        2.32500e+00   constant   
   8  beta_CBO    -2.42616e-03   4.88170e-04   1.75115e-06   1.07485e+00
   9  alpha_2CBO   5.68927e-04   4.82477e-04   1.72863e-06   1.54557e+00
  10  beta_2CBO   -4.51980e-04     fixed    
  11  alpha_y      0.00000e+00     fixed    
  12  w_y          1.38860e+01   constant   
  13  beta_y       3.62691e-05     fixed    
  14  alpha_vw     0.00000e+00     fixed    
  15  w_vw         1.43404e+01   constant   
  16  beta_vw      0.00000e+00     fixed    
  17  LM          -2.57919e-04   constant   
  18  zeta_y       0.00000e+00   constant   
  19  zeta_vw      0.00000e+00   constant   
  20  T_CBO        2.62993e+02   1.60504e+02   1.01296e-03   2.01172e-03
  21  alpha_A0    -1.33885e-03   4.68981e-03   1.76253e-03   5.46654e-05
  22  beta_A0     -2.22551e-03   5.33005e-03   1.94671e-03  -3.49224e-04
  23  alpha_phi    2.68408e-04   4.95239e-03   1.80927e-03  -5.49948e-04
  24  beta_phi    -9.98475e-03   1.23337e-02   4.14114e-02   2.69860e-04
 EXTERNAL ERROR MATRIX.    NDIM=  25    NPAR= 11    ERR DEF=1
  1.024e+06 
 -2.231e-02  2.248e-07 
 -2.046e-01 -2.522e-08  1.748e-06 
  3.058e-02  5.242e-08 -8.222e-08  2.282e-07 
  2.149e-02  2.201e-08  1.037e-07  3.770e-09  2.383e-07 
 -2.150e-02 -7.806e-09 -3.045e-08  8.287e-09 -1.968e-08  2.328e-07 
 -9.675e+03 -6.475e-03  2.301e-02 -3.617e-03 -5.675e-04  4.112e-03  2.699e+04 
 -5.686e-01 -1.094e-07  4.561e-07 -4.329e-07 -3.787e-08 -1.650e-07  1.077e-01  2.387e-05 
  9.713e-01 -4.981e-07  1.595e-07 -1.743e-07 -3.044e-07 -2.816e-07  2.675e-01  1.393e-06  3.180e-05 
  1.213e+00 -4.622e-07 -1.766e-07 -1.308e-07  5.693e-09  3.447e-07  2.390e-03 -2.358e-07  3.208e-06  2.685e-05 
 -1.049e-02  1.260e-08  6.771e-09 -1.127e-10 -4.331e-09 -1.908e-09 -6.592e-01 -3.225e-06 -5.503e-06  5.469e-07  4.030e-05 
 PARAMETER  CORRELATION COEFFICIENTS  
       NO.  GLOBAL      1      3      4      6      8      9     20     21     22     23     24
        1  0.36116   1.000 -0.046 -0.153  0.063  0.044 -0.044 -0.058 -0.115  0.170  0.231 -0.002
        3  0.34358  -0.046  1.000 -0.040  0.231  0.095 -0.034 -0.083 -0.047 -0.186 -0.188  0.004
        4  0.29083  -0.153 -0.040  1.000 -0.130  0.161 -0.048  0.106  0.071  0.021 -0.026  0.001
        6  0.31612   0.063  0.231 -0.130  1.000  0.016  0.036 -0.046 -0.185 -0.065 -0.053 -0.000
        8  0.24978   0.044  0.095  0.161  0.016  1.000 -0.084 -0.007 -0.016 -0.111  0.002 -0.001
        9  0.25429  -0.044 -0.034 -0.048  0.036 -0.084  1.000  0.052 -0.070 -0.104  0.138 -0.001
       20  0.68079  -0.058 -0.083  0.106 -0.046 -0.007  0.052  1.000  0.134  0.289  0.003 -0.632
       21  0.25947  -0.115 -0.047  0.071 -0.185 -0.016 -0.070  0.134  1.000  0.051 -0.009 -0.104
       22  0.41727   0.170 -0.186  0.021 -0.065 -0.111 -0.104  0.289  0.051  1.000  0.110 -0.154
       23  0.33322   0.231 -0.188 -0.026 -0.053  0.002  0.138  0.003 -0.009  0.110  1.000  0.017
       24  0.64071  -0.002  0.004  0.001 -0.000 -0.001 -0.001 -0.632 -0.104 -0.154  0.017  1.000
MINUIT - FIT ONLY 1-y
 **********
 **   51 **RES 
 **********
                   PARAMETER   16  beta_vw RESTORED TO VARIABLE.
                   PARAMETER   14  alpha_vw RESTORED TO VARIABLE.
                   PARAMETER   13  beta_y RESTORED TO VARIABLE.
                   PARAMETER   11  alpha_y RESTORED TO VARIABLE.
                   PARAMETER   10  beta_2CBO RESTORED TO VARIABLE.
 **********
 **   52 **FIX            0
 **********
 PARAMETER    0  IS UNDEFINED. IGNORED.
 **********
 **   53 **FIX            1
 **********
 **********
 **   54 **FIX            2
 **********
 PARAMETER    2  IS CONSTANT.   IGNORED.
 **********
 **   55 **FIX            3
 **********
 **********
 **   56 **FIX            4
 **********
 **********
 **   57 **FIX            5
 **********
 PARAMETER    5  IS CONSTANT.   IGNORED.
 **********
 **   58 **FIX            6
 **********
 **********
 **   59 **FIX            7
 **********
 PARAMETER    7  IS CONSTANT.   IGNORED.
 **********
 **   60 **FIX            8
 **********
 **********
 **   61 **FIX            9
 **********
 **********
 **   62 **FIX           13
 **********
 **********
 **   63 **FIX           14
 **********
 **********
 **   64 **FIX           15
 **********
 PARAMETER   15  IS CONSTANT.   IGNORED.
 **********
 **   65 **FIX           16
 **********
 **********
 **   66 **MIGRAD
 **********
 START MIGRAD MINIMIZATION.  STRATEGY  1.  CONVERGENCE WHEN EDM .LT. 1.00e-04
 FCN=56.5627 FROM MIGRAD    STATUS=INITIATE       18 CALLS        1630 TOTAL
                     EDM= unknown      STRATEGY= 1      NO ERROR MATRIX       
  EXT PARAMETER               CURRENT GUESS       STEP         FIRST   
  NO.   NAME      VALUE            ERROR          SIZE      DERIVATIVE 
   1  N0           2.88524e+06     fixed    
   2  tau          6.43977e+01   constant   
   3  A0           3.57493e-01     fixed    
   4  phi          4.11683e+00     fixed    
   5  R           -6.10082e+01   constant   
   6  alpha_CBO   -1.50802e-03     fixed    
   7  w_CBO        2.32500e+00   constant   
   8  beta_CBO    -2.42616e-03     fixed    
   9  alpha_2CBO   5.68927e-04     fixed    
  10  beta_2CBO   -4.51980e-04   4.70242e-04   4.70242e-04   1.02012e+03
  11  alpha_y      0.00000e+00   1.00000e-03   1.00000e-03   3.53214e+03
  12  w_y          1.38860e+01   constant   
  13  beta_y       3.62691e-05     fixed    
  14  alpha_vw     0.00000e+00     fixed    
  15  w_vw         1.43404e+01   constant   
  16  beta_vw      0.00000e+00     fixed    
  17  LM          -2.57919e-04   constant   
  18  zeta_y       0.00000e+00   constant   
  19  zeta_vw      0.00000e+00   constant   
  20  T_CBO        2.62993e+02   1.60504e+02   1.01296e-03   1.99680e-03
  21  alpha_A0    -1.33885e-03   4.68981e-03   1.76253e-03   5.64596e-05
  22  beta_A0     -2.22551e-03   5.33005e-03   1.94671e-03  -3.46270e-04
  23  alpha_phi    2.68408e-04   4.95239e-03   1.80927e-03  -5.50301e-04
  24  beta_phi    -9.98475e-03   1.23337e-02   4.14114e-02   2.50486e-05
 MIGRAD MINIMIZATION HAS CONVERGED.
 MIGRAD WILL VERIFY CONVERGENCE AND ERROR MATRIX.
 FCN=55.8564 FROM MIGRAD    STATUS=CONVERGED     161 CALLS        1773 TOTAL
                     EDM=1.23463e-05    STRATEGY= 1      ERR MATRIX NOT POS-DEF
  EXT PARAMETER                APPROXIMATE        STEP         FIRST   
  NO.   NAME      VALUE            ERROR          SIZE      DERIVATIVE 
   1  N0           2.88524e+06     fixed    
   2  tau          6.43977e+01   constant   
   3  A0           3.57493e-01     fixed    
   4  phi          4.11683e+00     fixed    
   5  R           -6.10082e+01   constant   
   6  alpha_CBO   -1.50802e-03     fixed    
   7  w_CBO        2.32500e+00   constant   
   8  beta_CBO    -2.42616e-03     fixed    
   9  alpha_2CBO   5.68927e-04     fixed    
  10  beta_2CBO   -5.56658e-04   5.27302e-04   1.68926e-06   2.35516e-01
  11  alpha_y     -3.69668e-04   3.75145e-04   1.68845e-06   4.12747e-01
  12  w_y          1.38860e+01   constant   
  13  beta_y       3.62691e-05     fixed    
  14  alpha_vw     0.00000e+00     fixed    
  15  w_vw         1.43404e+01   constant   
  16  beta_vw      0.00000e+00     fixed    
  17  LM          -2.57919e-04   constant   
  18  zeta_y       0.00000e+00   constant   
  19  zeta_vw      0.00000e+00   constant   
  20  T_CBO        2.69412e+02   8.47955e+02   1.02576e-03   2.05153e-04
  21  alpha_A0    -1.41181e-03   7.19102e-03   1.71355e-03   2.37738e-04
  22  beta_A0     -2.01378e-03   6.65111e-03   1.88105e-03  -7.49399e-05
  23  alpha_phi    2.27296e-04   4.04973e-03   1.75708e-03   2.10448e-04
  24  beta_phi    -9.99958e-03   1.85135e-02   5.29719e-02  -2.13625e-05
 EXTERNAL ERROR MATRIX.    NDIM=  25    NPAR=  7    ERR DEF=1
  2.780e-07  1.835e-08  6.305e-01  2.732e-06  2.149e-06 -5.379e-07  9.534e-06 
  1.835e-08  1.407e-07  9.278e-02  3.829e-07  3.129e-07 -8.681e-08  1.402e-06 
  6.305e-01  9.278e-02  2.930e+06  1.220e+01  1.040e+01 -2.675e+00  4.389e+01 
  2.732e-06  3.829e-07  1.220e+01  6.479e-05  4.328e-05 -1.098e-05  1.831e-04 
  2.149e-06  3.129e-07  1.040e+01  4.328e-05  5.346e-05 -8.824e-06  1.553e-04 
 -5.379e-07 -8.681e-08 -2.675e+00 -1.098e-05 -8.824e-06  1.739e-05 -4.021e-05 
  9.534e-06  1.402e-06  4.389e+01  1.831e-04  1.553e-04 -4.021e-05  6.597e-04 
ERR MATRIX NOT POS-DEF
 PARAMETER  CORRELATION COEFFICIENTS  
       NO.  GLOBAL     10     11     20     21     22     23     24
       10  0.71016   1.000  0.093  0.699  0.644  0.557 -0.245  0.704
       11  0.14708   0.093  1.000  0.144  0.127  0.114 -0.056  0.145
       20  0.99829   0.699  0.144  1.000  0.885  0.831 -0.375  0.998
       21  0.88635   0.644  0.127  0.885  1.000  0.736 -0.327  0.886
       22  0.83270   0.557  0.114  0.831  0.736  1.000 -0.289  0.827
       23  0.37865  -0.245 -0.056 -0.375 -0.327 -0.289  1.000 -0.375
       24  0.99828   0.704  0.145  0.998  0.886  0.827 -0.375  1.000
 ERR MATRIX NOT POS-DEF
MINUIT - FIT ONLY 2-y
 **********
 **   67 **RES 
 **********
                   PARAMETER   16  beta_vw RESTORED TO VARIABLE.
                   PARAMETER   14  alpha_vw RESTORED TO VARIABLE.
                   PARAMETER   13  beta_y RESTORED TO VARIABLE.
                   PARAMETER    9  alpha_2CBO RESTORED TO VARIABLE.
                   PARAMETER    8  beta_CBO RESTORED TO VARIABLE.
                   PARAMETER    6  alpha_CBO RESTORED TO VARIABLE.
                   PARAMETER    4  phi RESTORED TO VARIABLE.
                   PARAMETER    3  A0 RESTORED TO VARIABLE.
                   PARAMETER    1  N0 RESTORED TO VARIABLE.
 **********
 **   68 **FIX            0
 **********
 PARAMETER    0  IS UNDEFINED. IGNORED.
 **********
 **   69 **FIX            1
 **********
 **********
 **   70 **FIX            2
 **********
 PARAMETER    2  IS CONSTANT.   IGNORED.
 **********
 **   71 **FIX            3
 **********
 **********
 **   72 **FIX            4
 **********
 **********
 **   73 **FIX            5
 **********
 PARAMETER    5  IS CONSTANT.   IGNORED.
 **********
 **   74 **FIX            6
 **********
 **********
 **   75 **FIX            7
 **********
 PARAMETER    7  IS CONSTANT.   IGNORED.
 **********
 **   76 **FIX            8
 **********
 **********
 **   77 **FIX            9
 **********
 **********
 **   78 **FIX           10
 **********
 **********
 **   79 **FIX           11
 **********
 **********
 **   80 **FIX           12
 **********
 PARAMETER   12  IS CONSTANT.   IGNORED.
 **********
 **   81 **FIX           16
 **********
 **********
 **   82 **MIGRAD
 **********
 START MIGRAD MINIMIZATION.  STRATEGY  1.  CONVERGENCE WHEN EDM .LT. 1.00e-04
 FCN=55.8564 FROM MIGRAD    STATUS=INITIATE       39 CALLS        1812 TOTAL
                     EDM= unknown      STRATEGY= 1      NO ERROR MATRIX       
  EXT PARAMETER               CURRENT GUESS       STEP         FIRST   
  NO.   NAME      VALUE            ERROR          SIZE      DERIVATIVE 
   1  N0           2.88524e+06     fixed    
   2  tau          6.43977e+01   constant   
   3  A0           3.57493e-01     fixed    
   4  phi          4.11683e+00     fixed    
   5  R           -6.10082e+01   constant   
   6  alpha_CBO   -1.50802e-03     fixed    
   7  w_CBO        2.32500e+00   constant   
   8  beta_CBO    -2.42616e-03     fixed    
   9  alpha_2CBO   5.68927e-04     fixed    
  10  beta_2CBO   -5.56658e-04     fixed    
  11  alpha_y     -3.69668e-04     fixed    
  12  w_y          1.38860e+01   constant   
  13  beta_y       3.62691e-05   4.67022e-04   0.00000e+00   5.49560e+02
  14  alpha_vw     0.00000e+00   1.00000e-03   0.00000e+00  -3.68152e+03
  15  w_vw         1.43404e+01   constant   
  16  beta_vw      0.00000e+00     fixed    
  17  LM          -2.57919e-04   constant   
  18  zeta_y       0.00000e+00   constant   
  19  zeta_vw      0.00000e+00   constant   
  20  T_CBO        2.69412e+02   8.47955e+02   0.00000e+00  -3.39961e-03
  21  alpha_A0    -1.41181e-03   7.19102e-03   0.00000e+00   1.11662e-04
  22  beta_A0     -2.01378e-03   6.65111e-03   0.00000e+00   6.05980e-05
  23  alpha_phi    2.27296e-04   4.04973e-03   0.00000e+00   2.64780e-04
  24  beta_phi    -9.99719e-03   1.85135e-02   1.45075e-02   4.83293e-04
 MIGRAD MINIMIZATION HAS CONVERGED.
 MIGRAD WILL VERIFY CONVERGENCE AND ERROR MATRIX.
 FCN=55.115 FROM HESSE     STATUS=NOT POSDEF     54 CALLS        1918 TOTAL
                     EDM=0.000223995    STRATEGY= 1      ERR MATRIX NOT POS-DEF
  EXT PARAMETER                APPROXIMATE        STEP         FIRST   
  NO.   NAME      VALUE            ERROR          SIZE      DERIVATIVE 
   1  N0           2.88524e+06     fixed    
   2  tau          6.43977e+01   constant   
   3  A0           3.57493e-01     fixed    
   4  phi          4.11683e+00     fixed    
   5  R           -6.10082e+01   constant   
   6  alpha_CBO   -1.50802e-03     fixed    
   7  w_CBO        2.32500e+00   constant   
   8  beta_CBO    -2.42616e-03     fixed    
   9  alpha_2CBO   5.68927e-04     fixed    
  10  beta_2CBO   -5.56658e-04     fixed    
  11  alpha_y     -3.69668e-04     fixed    
  12  w_y          1.38860e+01   constant   
  13  beta_y       9.52867e-05   4.31828e-04   1.70683e-06   1.22674e-01
  14  alpha_vw     4.11585e-04   4.28272e-04   1.69325e-06   2.06907e-02
  15  w_vw         1.43404e+01   constant   
  16  beta_vw      0.00000e+00     fixed    
  17  LM          -2.57919e-04   constant   
  18  zeta_y       0.00000e+00   constant   
  19  zeta_vw      0.00000e+00   constant   
  20  T_CBO        2.68314e+02   8.64981e+02   1.01793e-03   4.04985e-03
  21  alpha_A0    -1.36848e-03   7.80267e-03   1.70846e-03   1.27638e-05
  22  beta_A0     -1.95751e-03   1.37806e-02   1.87410e-03  -2.22136e-04
  23  alpha_phi    1.28841e-04   4.30316e-03   1.75252e-03   4.39769e-04
  24  beta_phi    -9.99978e-03   1.39029e-02   6.21146e-02   3.82208e-05
 MIGRAD FAILS TO FIND IMPROVEMENT
 MIGRAD TERMINATED WITHOUT CONVERGENCE.
 FCN=55.115 FROM MIGRAD    STATUS=FAILED        177 CALLS        1950 TOTAL
                     EDM=0.000360305    STRATEGY= 1      ERR MATRIX NOT POS-DEF
  EXT PARAMETER                APPROXIMATE        STEP         FIRST   
  NO.   NAME      VALUE            ERROR          SIZE      DERIVATIVE 
   1  N0           2.88524e+06     fixed    
   2  tau          6.43977e+01   constant   
   3  A0           3.57493e-01     fixed    
   4  phi          4.11683e+00     fixed    
   5  R           -6.10082e+01   constant   
   6  alpha_CBO   -1.50802e-03     fixed    
   7  w_CBO        2.32500e+00   constant   
   8  beta_CBO    -2.42616e-03     fixed    
   9  alpha_2CBO   5.68927e-04     fixed    
  10  beta_2CBO   -5.56658e-04     fixed    
  11  alpha_y     -3.69668e-04     fixed    
  12  w_y          1.38860e+01   constant   
  13  beta_y       9.52860e-05   4.31438e-04  -0.00000e+00   7.17256e-02
  14  alpha_vw     4.11584e-04   4.28043e-04  -0.00000e+00  -1.75444e-02
  15  w_vw         1.43404e+01   constant   
  16  beta_vw      0.00000e+00     fixed    
  17  LM          -2.57919e-04   constant   
  18  zeta_y       0.00000e+00   constant   
  19  zeta_vw      0.00000e+00   constant   
