 + ++++++++++++++++++++++++++++++++++++++++++++++++++++++++++++++++++++ +
 +                                                                      +
 +           You have chose to blind your fitting according to          +
 +                omega_ref * (1 + (R +/- deltaR) *10^{-6})             +
 +                                                                      +
 + ++++++++++++++++++++++++++++++++++++++++++++++++++++++++++++++++++++ +
In main()...
reading format from /gm2data/zkhechad/run45/envelope/formats/formatB_sBin_constraintOn.txt
pBinTau 	= 0  
pBinPhi 	= 0  
constraintau 	= 1 
includeMopTerm 	= 0    
constrainMop    = 0   
Parameters after format file: pBinTau 0 pBinPhi 0 constraintau 1 includeMopTerm 0 constrainMop 0 c_e_scale 0.000000 
Opening file /gm2data/tbarrett/gm2fr/studies/run23_bunch_corrections/CorrectedFourier_Run3b.root.
reading full fit data from /gm2data/zkhechad/cboTemplates/Run4CBOTemplates/templateFits0_v2.0/noRF/sBin_constraintOn_cE0.0_seed0_noRF_calo17.root
windowBins = 17
fitting sliding window 126 from bin 262 at 38.941200 to bin 279 at 41.626800 (17 bins)

Reading data from /gm2data/cornell/histograms/aMethod/histogram_a_noRF.root
 **********
 **    1 **SET PRINTOUT            1
 **********
 **********
 **    2 **SET NOWARNINGS 
 **********
 PARAMETER DEFINITIONS:
    NO.   NAME         VALUE      STEP SIZE      LIMITS
     1 N0           3.18443e+06  1.00000e+02     no limits
     2 tau          6.43838e+01  constant
     3 A0           3.45292e-01  1.00000e-04     no limits
     4 phi          4.12003e+00  1.00000e-02     no limits
     5 R           -6.09625e+01  constant
     6 alpha_CBO    0.00000e+00  1.00000e-03     no limits
     7 w_CBO        2.32500e+00  constant
     8 beta_CBO     0.00000e+00  1.00000e-03     no limits
     9 alpha_2CBO   0.00000e+00  1.00000e-03     no limits
    10 beta_2CBO    0.00000e+00  1.00000e-03     no limits
    11 alpha_y      0.00000e+00  1.00000e-03     no limits
    12 w_y          1.44500e+01  constant
    13 beta_y       0.00000e+00  1.00000e-03     no limits
    14 alpha_vw     0.00000e+00  1.00000e-03     no limits
    15 w_vw         1.29000e+01  constant
    16 beta_vw      0.00000e+00  1.00000e-03     no limits
    17 LM          -7.20700e-04  constant
    18 zeta_y       0.00000e+00  constant
    19 zeta_vw      0.00000e+00  constant
    20 T_CBO        1.00000e+02  1.00000e+00    0.00000e+00  1.00000e+03
    21 alpha_A0     0.00000e+00  1.00000e-03     no limits
    22 beta_A0      0.00000e+00  1.00000e-03     no limits
    23 alpha_phi    0.00000e+00  1.00000e-03     no limits
    24 beta_phi     0.00000e+00  1.00000e-03     no limits
MINUIT - FIT ONLY WIGGLE
 **********
 **    3 **FIX            5
 **********
 PARAMETER    5  IS CONSTANT.   IGNORED.
 **********
 **    4 **FIX            6
 **********
 **********
 **    5 **FIX            7
 **********
 PARAMETER    7  IS CONSTANT.   IGNORED.
 **********
 **    6 **FIX            8
 **********
 **********
 **    7 **FIX            9
 **********
 **********
 **    8 **FIX           10
 **********
 **********
 **    9 **FIX           11
 **********
 **********
 **   10 **FIX           12
 **********
 PARAMETER   12  IS CONSTANT.   IGNORED.
 **********
 **   11 **FIX           13
 **********
 **********
 **   12 **FIX           14
 **********
 **********
 **   13 **FIX           15
 **********
 PARAMETER   15  IS CONSTANT.   IGNORED.
 **********
 **   14 **FIX           16
 **********
 **********
 **   15 **MIGRAD
 **********
 FIRST CALL TO USER FUNCTION AT NEW START POINT, WITH IFLAG=4.
 START MIGRAD MINIMIZATION.  STRATEGY  1.  CONVERGENCE WHEN EDM .LT. 1.00e-04
 FCN=2085.43 FROM MIGRAD    STATUS=INITIATE      429 CALLS         430 TOTAL
                     EDM= unknown      STRATEGY= 1      NO ERROR MATRIX       
  EXT PARAMETER               CURRENT GUESS       STEP         FIRST   
  NO.   NAME      VALUE            ERROR          SIZE      DERIVATIVE 
   1  N0           3.18443e+06   1.00000e+02   0.00000e+00  -4.78566e-02
   2  tau          6.43838e+01   constant   
   3  A0           3.45292e-01   1.00000e-04   0.00000e+00  -2.87500e+05
   4  phi          4.12003e+00   1.00000e-02   0.00000e+00   1.50219e+05
   5  R           -6.09625e+01   constant   
   6  alpha_CBO    0.00000e+00     fixed    
   7  w_CBO        2.32500e+00   constant   
   8  beta_CBO     0.00000e+00     fixed    
   9  alpha_2CBO   0.00000e+00     fixed    
  10  beta_2CBO    0.00000e+00     fixed    
  11  alpha_y      0.00000e+00     fixed    
  12  w_y          1.44500e+01   constant   
  13  beta_y       0.00000e+00     fixed    
  14  alpha_vw     0.00000e+00     fixed    
  15  w_vw         1.29000e+01   constant   
  16  beta_vw      0.00000e+00     fixed    
  17  LM          -7.20700e-04   constant   
  18  zeta_y       0.00000e+00   constant   
  19  zeta_vw      0.00000e+00   constant   
  20  T_CBO        1.00000e+02   1.00000e+00   0.00000e+00   0.00000e+00
  21  alpha_A0     0.00000e+00   1.00000e-03   0.00000e+00   2.22465e+03
  22  beta_A0      0.00000e+00   1.00000e-03   0.00000e+00   4.48221e+04
  23  alpha_phi    0.00000e+00   1.00000e-03   0.00000e+00   2.87392e+04
  24  beta_phi     0.00000e+00   1.00000e-03   0.00000e+00   4.53887e+04
 MIGRAD MINIMIZATION HAS CONVERGED.
 FCN=228.059 FROM MIGRAD    STATUS=CONVERGED    1205 CALLS        1206 TOTAL
                     EDM=4.92674e-06    STRATEGY= 1  ERROR MATRIX UNCERTAINTY   5.9 per cent
  EXT PARAMETER                                   STEP         FIRST   
  NO.   NAME      VALUE            ERROR          SIZE      DERIVATIVE 
   1  N0           3.14410e+06   1.25359e+04  -5.84564e+01  -1.03422e-05
   2  tau          6.43838e+01   constant   
   3  A0           3.70471e-01   3.82226e-03   1.43940e-05   2.69456e+01
   4  phi          4.12868e+00   5.47559e-03   2.16731e-05   5.68989e+00
   5  R           -6.09625e+01   constant   
   6  alpha_CBO    0.00000e+00     fixed    
   7  w_CBO        2.32500e+00   constant   
   8  beta_CBO     0.00000e+00     fixed    
   9  alpha_2CBO   0.00000e+00     fixed    
  10  beta_2CBO    0.00000e+00     fixed    
  11  alpha_y      0.00000e+00     fixed    
  12  w_y          1.44500e+01   constant   
  13  beta_y       0.00000e+00     fixed    
  14  alpha_vw     0.00000e+00     fixed    
  15  w_vw         1.29000e+01   constant   
  16  beta_vw      0.00000e+00     fixed    
  17  LM          -7.20700e-04   constant   
  18  zeta_y       0.00000e+00   constant   
  19  zeta_vw      0.00000e+00   constant   
  20  T_CBO        2.16049e+01   1.69030e-01  -5.01547e-06  -8.33784e+00
  21  alpha_A0    -4.51855e-01   9.55663e-02  -3.96346e-04   4.97687e-01
  22  beta_A0     -2.61340e-01   7.48337e-02  -3.58932e-04   1.27479e-01
  23  alpha_phi   -3.19746e-01   8.39710e-02  -3.97463e-04   9.73949e-01
  24  beta_phi     4.59801e-01   9.84747e-02   3.78391e-04  -1.39400e+00
 EXTERNAL ERROR MATRIX.    NDIM=  25    NPAR=  8    ERR DEF=1
  1.571e+08 -4.709e+01 -4.155e+01  1.994e+03  1.185e+03  8.140e+02  9.099e+02 -1.203e+03 
 -4.709e+01  1.461e-05  1.052e-05 -5.944e-04 -3.638e-04 -2.263e-04 -2.545e-04  3.745e-04 
 -4.155e+01  1.052e-05  2.998e-05 -6.024e-04 -2.593e-04 -3.759e-04 -4.238e-04  2.322e-04 
  1.994e+03 -5.944e-04 -6.024e-04  2.857e-02  1.491e-02  1.101e-02  1.231e-02 -1.502e-02 
  1.185e+03 -3.638e-04 -2.593e-04  1.491e-02  9.133e-03  5.666e-03  6.344e-03 -9.371e-03 
  8.140e+02 -2.263e-04 -3.759e-04  1.101e-02  5.666e-03  5.600e-03  6.266e-03 -5.481e-03 
  9.099e+02 -2.545e-04 -4.238e-04  1.231e-02  6.344e-03  6.266e-03  7.051e-03 -6.143e-03 
 -1.203e+03  3.745e-04  2.322e-04 -1.502e-02 -9.371e-03 -5.481e-03 -6.143e-03  9.697e-03 
 PARAMETER  CORRELATION COEFFICIENTS  
       NO.  GLOBAL      1      3      4     20     21     22     23     24
        1  0.99992   1.000 -0.983 -0.605  0.941  0.989  0.868  0.864 -0.975
        3  0.99988  -0.983  1.000  0.502 -0.920 -0.996 -0.791 -0.793  0.995
        4  0.99800  -0.605  0.502  1.000 -0.651 -0.495 -0.917 -0.922  0.431
       20  0.97143   0.941 -0.920 -0.651  1.000  0.923  0.870  0.867 -0.902
       21  0.99984   0.989 -0.996 -0.495  0.923  1.000  0.792  0.791 -0.996
       22  0.99906   0.868 -0.791 -0.917  0.870  0.792  1.000  0.997 -0.744
       23  0.99946   0.864 -0.793 -0.922  0.867  0.791  0.997  1.000 -0.743
       24  0.99990  -0.975  0.995  0.431 -0.902 -0.996 -0.744 -0.743  1.000
MINUIT - FIT ONLY 1-CBO + wiggle
 **********
 **   16 **RES 
 **********
                   PARAMETER   16  beta_vw RESTORED TO VARIABLE.
                   PARAMETER   14  alpha_vw RESTORED TO VARIABLE.
                   PARAMETER   13  beta_y RESTORED TO VARIABLE.
                   PARAMETER   11  alpha_y RESTORED TO VARIABLE.
                   PARAMETER   10  beta_2CBO RESTORED TO VARIABLE.
                   PARAMETER    9  alpha_2CBO RESTORED TO VARIABLE.
                   PARAMETER    8  beta_CBO RESTORED TO VARIABLE.
                   PARAMETER    6  alpha_CBO RESTORED TO VARIABLE.
 **********
 **   17 **FIX            8
 **********
 **********
 **   18 **FIX            9
 **********
 **********
 **   19 **FIX           11
 **********
 **********
 **   20 **FIX           12
 **********
 PARAMETER   12  IS CONSTANT.   IGNORED.
 **********
 **   21 **FIX           14
 **********
 **********
 **   22 **FIX           15
 **********
 PARAMETER   15  IS CONSTANT.   IGNORED.
 **********
 **   23 **FIX           16
 **********
 **********
 **   24 **MIGRAD
 **********
 START MIGRAD MINIMIZATION.  STRATEGY  1.  CONVERGENCE WHEN EDM .LT. 1.00e-04
 FCN=228.059 FROM MIGRAD    STATUS=INITIATE       28 CALLS        1234 TOTAL
                     EDM= unknown      STRATEGY= 1      NO ERROR MATRIX       
  EXT PARAMETER               CURRENT GUESS       STEP         FIRST   
  NO.   NAME      VALUE            ERROR          SIZE      DERIVATIVE 
   1  N0           3.14410e+06   1.25359e+04  -5.84564e+01  -1.03422e-05
   2  tau          6.43838e+01   constant   
   3  A0           3.70471e-01   3.82226e-03   1.43940e-05   2.69456e+01
   4  phi          4.12868e+00   5.47559e-03   2.16731e-05   5.68989e+00
   5  R           -6.09625e+01   constant   
   6  alpha_CBO    0.00000e+00   1.00000e-03   1.00000e-03   7.38649e+02
   7  w_CBO        2.32500e+00   constant   
   8  beta_CBO     0.00000e+00     fixed    
   9  alpha_2CBO   0.00000e+00     fixed    
  10  beta_2CBO    0.00000e+00   1.00000e-03   1.00000e-03  -2.57900e+03
  11  alpha_y      0.00000e+00     fixed    
  12  w_y          1.44500e+01   constant   
  13  beta_y       0.00000e+00   1.00000e-03   1.00000e-03  -1.64285e+05
  14  alpha_vw     0.00000e+00     fixed    
  15  w_vw         1.29000e+01   constant   
  16  beta_vw      0.00000e+00     fixed    
  17  LM          -7.20700e-04   constant   
  18  zeta_y       0.00000e+00   constant   
  19  zeta_vw      0.00000e+00   constant   
  20  T_CBO        2.16049e+01   1.69030e-01  -5.01547e-06  -8.33980e+00
  21  alpha_A0    -4.51855e-01   9.55663e-02  -3.96346e-04   4.97684e-01
  22  beta_A0     -2.61340e-01   7.48337e-02  -3.58932e-04   1.27477e-01
  23  alpha_phi   -3.19746e-01   8.39710e-02  -3.97463e-04   9.73949e-01
  24  beta_phi     4.59801e-01   9.84747e-02   3.78391e-04  -1.39400e+00
 MIGRAD MINIMIZATION HAS CONVERGED.
 FCN=21.3569 FROM MIGRAD    STATUS=CONVERGED     569 CALLS        1775 TOTAL
                     EDM=5.28351e-06    STRATEGY= 1  ERROR MATRIX UNCERTAINTY   4.1 per cent
  EXT PARAMETER                                   STEP         FIRST   
  NO.   NAME      VALUE            ERROR          SIZE      DERIVATIVE 
   1  N0           3.15891e+06   1.81338e+04  -6.85309e+01  -7.24185e-06
   2  tau          6.43838e+01   constant   
   3  A0           3.72667e-01   5.26844e-03   2.29078e-05   1.25476e+01
   4  phi          4.12955e+00   9.73070e-04   2.31253e-06  -8.39534e+00
   5  R           -6.09625e+01   constant   
   6  alpha_CBO    4.26276e-03   3.55840e-03  -1.31668e-05   7.53505e+00
   7  w_CBO        2.32500e+00   constant   
   8  beta_CBO     0.00000e+00     fixed    
   9  alpha_2CBO   0.00000e+00     fixed    
  10  beta_2CBO    3.92798e-04   2.99437e-03   9.26609e-06  -1.05808e+01
  11  alpha_y      0.00000e+00     fixed    
  12  w_y          1.44500e+01   constant   
  13  beta_y       2.53182e-03   1.86744e-04  -2.04596e-07   1.15437e+00
  14  alpha_vw     0.00000e+00     fixed    
  15  w_vw         1.29000e+01   constant   
  16  beta_vw      0.00000e+00     fixed    
  17  LM          -7.20700e-04   constant   
  18  zeta_y       0.00000e+00   constant   
  19  zeta_vw      0.00000e+00   constant   
  20  T_CBO        2.10788e+01   1.48217e+00   4.27723e-05  -7.82683e+00
  21  alpha_A0    -4.34712e-01   7.38960e-02  -2.58004e-04   7.54983e-01
  22  beta_A0     -1.67627e-01   4.44496e-02  -9.59775e-05   6.98399e-01
  23  alpha_phi   -2.24160e-01   1.19348e-01  -4.63332e-04  -4.30081e-01
  24  beta_phi     4.84181e-01   7.85832e-02   3.34168e-04  -5.07884e-01
 EXTERNAL ERROR MATRIX.    NDIM=  25    NPAR= 11    ERR DEF=1
  3.288e+08 
 -8.659e+01  2.776e-05 
 -1.365e+00  2.066e-06  9.469e-07 
  3.935e+01 -1.390e-05 -2.526e-06  1.266e-05 
 -1.596e+01  9.170e-06  2.674e-06 -9.581e-06  8.966e-06 
  6.487e-01 -1.986e-07 -4.411e-08  2.655e-07 -1.861e-07  3.487e-08 
 -2.631e+04  7.586e-03  3.635e-04 -3.747e-03  2.034e-03 -5.950e-05  2.197e+00 
  1.312e+03 -3.412e-04  3.437e-06  1.197e-04 -3.308e-05  1.451e-06 -1.035e-01  5.461e-03 
  6.978e+02 -1.352e-04  1.459e-05  4.548e-05  1.796e-05  1.072e-06 -4.930e-02  2.847e-03  1.976e-03 
  1.371e+03 -4.968e-04 -8.732e-05  4.220e-04 -3.260e-04  8.452e-06 -1.316e-01  4.333e-03  1.476e-03  1.424e-02 
 -1.336e+03  4.117e-04  2.433e-05 -1.940e-04  1.186e-04 -2.719e-06  1.146e-01 -5.329e-03 -2.251e-03 -6.957e-03  6.175e-03 
 PARAMETER  CORRELATION COEFFICIENTS  
       NO.  GLOBAL      1      3      4      6     10     13     20     21     22     23     24
        1  0.99981   1.000 -0.906 -0.077  0.610 -0.294  0.192 -0.979  0.979  0.866  0.634 -0.938
        3  0.99965  -0.906  1.000  0.403 -0.741  0.581 -0.202  0.971 -0.876 -0.577 -0.790  0.994
        4  0.95643  -0.077  0.403  1.000 -0.729  0.918 -0.243  0.252  0.048  0.337 -0.752  0.318
        6  0.99901   0.610 -0.741 -0.729  1.000 -0.899  0.400 -0.710  0.455  0.288  0.994 -0.694
       10  0.99840  -0.294  0.581  0.918 -0.899  1.000 -0.333  0.458 -0.150  0.135 -0.912  0.504
       13  0.46321   0.192 -0.202 -0.243  0.400 -0.333  1.000 -0.215  0.105  0.129  0.379 -0.185
       20  0.99974  -0.979  0.971  0.252 -0.710  0.458 -0.215  1.000 -0.945 -0.748 -0.744  0.984
       21  0.99934   0.979 -0.876  0.048  0.455 -0.150  0.105 -0.945  1.000  0.867  0.491 -0.918
       22  0.99728   0.866 -0.577  0.337  0.288  0.135  0.129 -0.748  0.867  1.000  0.278 -0.644
       23  0.99951   0.634 -0.790 -0.752  0.994 -0.912  0.379 -0.744  0.491  0.278  1.000 -0.742
       24  0.99936  -0.938  0.994  0.318 -0.694  0.504 -0.185  0.984 -0.918 -0.644 -0.742  1.000
MINUIT - FIT ONLY 2-CBO
 **********
 **   25 **RES 
 **********
                   PARAMETER   16  beta_vw RESTORED TO VARIABLE.
                   PARAMETER   14  alpha_vw RESTORED TO VARIABLE.
                   PARAMETER   11  alpha_y RESTORED TO VARIABLE.
                   PARAMETER    9  alpha_2CBO RESTORED TO VARIABLE.
                   PARAMETER    8  beta_CBO RESTORED TO VARIABLE.
 **********
 **   26 **FIX            0
 **********
 PARAMETER    0  IS UNDEFINED. IGNORED.
 **********
 **   27 **FIX            1
 **********
 **********
 **   28 **FIX            2
 **********
 PARAMETER    2  IS CONSTANT.   IGNORED.
 **********
 **   29 **FIX            3
 **********
 **********
 **   30 **FIX            4
 **********
 **********
 **   31 **FIX            5
 **********
 PARAMETER    5  IS CONSTANT.   IGNORED.
 **********
 **   32 **FIX            6
 **********
 **********
 **   33 **FIX            7
 **********
 PARAMETER    7  IS CONSTANT.   IGNORED.
 **********
 **   34 **FIX           10
 **********
 **********
 **   35 **FIX           11
 **********
 **********
 **   36 **FIX           12
 **********
 PARAMETER   12  IS CONSTANT.   IGNORED.
 **********
 **   37 **FIX           13
 **********
 **********
 **   38 **FIX           14
 **********
 **********
 **   39 **FIX           15
 **********
 PARAMETER   15  IS CONSTANT.   IGNORED.
 **********
 **   40 **FIX           16
 **********
 **********
 **   41 **MIGRAD
 **********
 START MIGRAD MINIMIZATION.  STRATEGY  1.  CONVERGENCE WHEN EDM .LT. 1.00e-04
 FCN=21.3569 FROM MIGRAD    STATUS=INITIATE       18 CALLS        1793 TOTAL
                     EDM= unknown      STRATEGY= 1      NO ERROR MATRIX       
  EXT PARAMETER               CURRENT GUESS       STEP         FIRST   
  NO.   NAME      VALUE            ERROR          SIZE      DERIVATIVE 
   1  N0           3.15891e+06     fixed    
   2  tau          6.43838e+01   constant   
   3  A0           3.72667e-01     fixed    
   4  phi          4.12955e+00     fixed    
   5  R           -6.09625e+01   constant   
   6  alpha_CBO    4.26276e-03     fixed    
   7  w_CBO        2.32500e+00   constant   
   8  beta_CBO     0.00000e+00   1.00000e-03   1.00000e-03  -6.55056e+00
   9  alpha_2CBO   0.00000e+00   1.00000e-03   1.00000e-03  -5.42494e+01
  10  beta_2CBO    3.92798e-04     fixed    
  11  alpha_y      0.00000e+00     fixed    
  12  w_y          1.44500e+01   constant   
  13  beta_y       2.53182e-03     fixed    
  14  alpha_vw     0.00000e+00     fixed    
  15  w_vw         1.29000e+01   constant   
  16  beta_vw      0.00000e+00     fixed    
  17  LM          -7.20700e-04   constant   
  18  zeta_y       0.00000e+00   constant   
  19  zeta_vw      0.00000e+00   constant   
  20  T_CBO        2.10788e+01   1.48217e+00   4.27723e-05  -7.82686e+00
  21  alpha_A0    -4.34712e-01   7.38960e-02  -2.58004e-04   7.54984e-01
  22  beta_A0     -1.67627e-01   4.44496e-02  -9.59775e-05   6.98398e-01
  23  alpha_phi   -2.24160e-01   1.19348e-01  -4.63332e-04  -4.30081e-01
  24  beta_phi     4.84181e-01   7.85832e-02   3.34168e-04  -5.07884e-01
 MIGRAD MINIMIZATION HAS CONVERGED.
 MIGRAD WILL VERIFY CONVERGENCE AND ERROR MATRIX.
 FCN=21.3566 FROM MIGRAD    STATUS=CONVERGED     149 CALLS        1924 TOTAL
                     EDM=7.78379e-05    STRATEGY= 1      ERR MATRIX NOT POS-DEF
  EXT PARAMETER                APPROXIMATE        STEP         FIRST   
  NO.   NAME      VALUE            ERROR          SIZE      DERIVATIVE 
   1  N0           3.15891e+06     fixed    
   2  tau          6.43838e+01   constant   
   3  A0           3.72667e-01     fixed    
   4  phi          4.12955e+00     fixed    
   5  R           -6.09625e+01   constant   
   6  alpha_CBO    4.26276e-03     fixed    
   7  w_CBO        2.32500e+00   constant   
   8  beta_CBO     3.09587e-06   4.47783e-04   3.92805e-07   3.02788e-01
   9  alpha_2CBO   1.03321e-05   6.00253e-04   3.82116e-07  -3.06321e+00
  10  beta_2CBO    3.92798e-04     fixed    
  11  alpha_y      0.00000e+00     fixed    
  12  w_y          1.44500e+01   constant   
  13  beta_y       2.53182e-03     fixed    
  14  alpha_vw     0.00000e+00     fixed    
  15  w_vw         1.29000e+01   constant   
  16  beta_vw      0.00000e+00     fixed    
  17  LM          -7.20700e-04   constant   
  18  zeta_y       0.00000e+00   constant   
  19  zeta_vw      0.00000e+00   constant   
  20  T_CBO        2.10789e+01   6.87307e-01   7.26467e-07   4.37187e-01
  21  alpha_A0    -4.34562e-01   2.83981e-02   7.27109e-06   1.71495e-02
  22  beta_A0     -1.67725e-01   1.37652e-02   9.10245e-06  -1.00961e+00
  23  alpha_phi   -2.24151e-01   1.55386e-02   9.23814e-06  -5.68514e-01
  24  beta_phi     4.84303e-01   3.12140e-02   7.42189e-06  -5.26385e-01
 EXTERNAL ERROR MATRIX.    NDIM=  25    NPAR=  7    ERR DEF=1
  2.005e-07  1.558e-07  1.277e-05  2.588e-06  1.444e-06  1.503e-06  3.695e-06 
  1.558e-07  3.603e-07  9.052e-06  5.471e-06 -1.986e-06  9.794e-07  4.824e-06 
  1.277e-05  9.052e-06  4.724e-01  1.848e-02  7.631e-03  1.010e-02 -2.013e-02 
  2.588e-06  5.471e-06  1.848e-02  8.064e-04  2.636e-04  4.045e-04 -7.143e-04 
  1.444e-06 -1.986e-06  7.631e-03  2.636e-04  1.895e-04  1.782e-04 -3.201e-04 
  1.503e-06  9.794e-07  1.010e-02  4.045e-04  1.782e-04  2.414e-04 -4.034e-04 
  3.695e-06  4.824e-06 -2.013e-02 -7.143e-04 -3.201e-04 -4.034e-04  9.743e-04 
ERR MATRIX NOT POS-DEF
 PARAMETER  CORRELATION COEFFICIENTS  
       NO.  GLOBAL      8      9     20     21     22     23     24
        8  0.92519   1.000  0.579  0.041  0.204  0.234  0.216  0.264
        9  0.96133   0.579  1.000  0.022  0.321 -0.240  0.105  0.257
       20  0.99784   0.041  0.022  1.000  0.947  0.807  0.946 -0.938
       21  0.99385   0.204  0.321  0.947  1.000  0.674  0.917 -0.806
       22  0.95821   0.234 -0.240  0.807  0.674  1.000  0.833 -0.745
       23  0.96636   0.216  0.105  0.946  0.917  0.833  1.000 -0.832
       24  0.99470   0.264  0.257 -0.938 -0.806 -0.745 -0.832  1.000
 ERR MATRIX NOT POS-DEF
MINUIT - FIT wiggle + 1-CBO + 2-CBO
 **********
 **   42 **RES 
 **********
                   PARAMETER   16  beta_vw RESTORED TO VARIABLE.
                   PARAMETER   14  alpha_vw RESTORED TO VARIABLE.
                   PARAMETER   13  beta_y RESTORED TO VARIABLE.
                   PARAMETER   11  alpha_y RESTORED TO VARIABLE.
                   PARAMETER   10  beta_2CBO RESTORED TO VARIABLE.
                   PARAMETER    6  alpha_CBO RESTORED TO VARIABLE.
                   PARAMETER    4  phi RESTORED TO VARIABLE.
                   PARAMETER    3  A0 RESTORED TO VARIABLE.
                   PARAMETER    1  N0 RESTORED TO VARIABLE.
 **********
 **   43 **FIX           10
 **********
 **********
 **   44 **FIX           11
 **********
 **********
 **   45 **FIX           12
 **********
 PARAMETER   12  IS CONSTANT.   IGNORED.
 **********
 **   46 **FIX           13
 **********
 **********
 **   47 **FIX           14
 **********
 **********
 **   48 **FIX           15
 **********
 PARAMETER   15  IS CONSTANT.   IGNORED.
 **********
 **   49 **FIX           16
 **********
 **********
 **   50 **MIGRAD
 **********
 START MIGRAD MINIMIZATION.  STRATEGY  1.  CONVERGENCE WHEN EDM .LT. 1.00e-04
 FCN=21.3566 FROM MIGRAD    STATUS=INITIATE       22 CALLS        1946 TOTAL
                     EDM= unknown      STRATEGY= 1      NO ERROR MATRIX       
  EXT PARAMETER               CURRENT GUESS       STEP         FIRST   
  NO.   NAME      VALUE            ERROR          SIZE      DERIVATIVE 
   1  N0           3.15891e+06   1.81338e+04   1.81338e+04   5.86277e-06
   2  tau          6.43838e+01   constant   
   3  A0           3.72667e-01   5.26844e-03   5.26844e-03   9.22546e+00
   4  phi          4.12955e+00   9.73070e-04   9.73070e-04  -1.71243e+01
   5  R           -6.09625e+01   constant   
   6  alpha_CBO    4.26276e-03   3.55840e-03   3.55840e-03  -1.14230e+01
   7  w_CBO        2.32500e+00   constant   
   8  beta_CBO     3.09587e-06   4.47783e-04   3.92805e-07   3.02771e-01
   9  alpha_2CBO   1.03321e-05   6.00253e-04   3.82116e-07  -3.06320e+00
  10  beta_2CBO    3.92798e-04     fixed    
  11  alpha_y      0.00000e+00     fixed    
  12  w_y          1.44500e+01   constant   
  13  beta_y       2.53182e-03     fixed    
  14  alpha_vw     0.00000e+00     fixed    
  15  w_vw         1.29000e+01   constant   
  16  beta_vw      0.00000e+00     fixed    
  17  LM          -7.20700e-04   constant   
  18  zeta_y       0.00000e+00   constant   
  19  zeta_vw      0.00000e+00   constant   
  20  T_CBO        2.10789e+01   6.87307e-01   7.26467e-07   4.37246e-01
  21  alpha_A0    -4.34562e-01   2.83981e-02   7.27109e-06   1.71461e-02
  22  beta_A0     -1.67725e-01   1.37652e-02   9.10245e-06  -1.00960e+00
  23  alpha_phi   -2.24151e-01   1.55386e-02   9.23814e-06  -5.68514e-01
  24  beta_phi     4.84303e-01   3.12140e-02   7.42189e-06  -5.26384e-01
 CALL LIMIT EXCEEDED IN MIGRAD.
 MIGRAD TERMINATED WITHOUT CONVERGENCE.
 FCN=20.0787 FROM MIGRAD    STATUS=CALL LIMIT   1905 CALLS        3829 TOTAL
                     EDM=0.000711249    STRATEGY= 1  ERROR MATRIX UNCERTAINTY  19.3 per cent
  EXT PARAMETER                APPROXIMATE        STEP         FIRST   
  NO.   NAME      VALUE            ERROR          SIZE      DERIVATIVE 
   1  N0           3.16406e+06   2.08657e+04   3.95533e+02  -1.35709e-04
   2  tau          6.43838e+01   constant   
   3  A0           3.55766e-01   7.03558e-03   3.22940e-06   4.33200e+02
   4  phi          4.19069e+00   1.84050e-02   6.84673e-05   2.42424e+01
   5  R           -6.09625e+01   constant   
   6  alpha_CBO    2.32225e-02   1.22951e-02   2.16212e-04  -9.90468e+01
   7  w_CBO        2.32500e+00   constant   
   8  beta_CBO     2.71398e-02   1.10392e-02   1.25932e-04   1.92384e+02
   9  alpha_2CBO   1.21950e-02   7.09573e-03   1.24473e-04   1.53617e+02
  10  beta_2CBO    3.92798e-04     fixed    
  11  alpha_y      0.00000e+00     fixed    
  12  w_y          1.44500e+01   constant   
  13  beta_y       2.53182e-03     fixed    
  14  alpha_vw     0.00000e+00     fixed    
  15  w_vw         1.29000e+01   constant   
  16  beta_vw      0.00000e+00     fixed    
  17  LM          -7.20700e-04   constant   
  18  zeta_y       0.00000e+00   constant   
  19  zeta_vw      0.00000e+00   constant   
  20  T_CBO        1.97597e+01   1.11111e+00  -7.55762e-05  -2.17819e+02
  21  alpha_A0     2.82123e-02   3.04266e-01   3.67358e-03   6.99896e+00
  22  beta_A0     -3.72137e-01   1.05621e-01   2.48581e-03   9.98074e+00
  23  alpha_phi   -1.69430e-01   2.90789e-01   6.10683e-03   3.20329e+00
  24  beta_phi     6.38570e-01   1.48954e-01   3.30892e-03  -1.74935e+01
 EXTERNAL ERROR MATRIX.    NDIM=  25    NPAR= 11    ERR DEF=1
  4.354e+08 
 -8.833e+01  4.950e-05 
  2.637e+02 -1.267e-04  3.387e-04 
  2.516e+02 -6.065e-05  1.796e-04  1.512e-04 
  2.036e+02 -6.892e-05  1.921e-04  1.287e-04  1.219e-04 
  1.448e+02 -3.540e-05  1.044e-04  8.700e-05  7.442e-05  5.035e-05 
 -2.055e+04  7.014e-03 -1.883e-02 -1.262e-02 -1.198e-02 -7.310e-03  1.235e+00 
  5.815e+03 -1.858e-03  5.143e-03  3.593e-03  3.338e-03  2.082e-03 -3.343e-01  9.258e-02 
  1.475e+03  1.395e-04 -1.175e-04  7.237e-04  3.100e-04  4.061e-04 -2.981e-02  1.027e-02  1.116e-02 
  6.012e+03 -1.053e-03  3.324e-03  3.465e-03  2.703e-03  1.990e-03 -2.669e-01  7.712e-02  2.276e-02  8.456e-02 
  3.016e+03 -4.766e-04  1.591e-03  1.745e-03  1.334e-03  1.003e-03 -1.283e-01  3.784e-02  1.214e-02  4.300e-02  2.219e-02 
ERR MATRIX APPROXIMATE
 PARAMETER  CORRELATION COEFFICIENTS  
       NO.  GLOBAL      1      3      4      6      8      9     20     21     22     23     24
        1  0.99998   1.000 -0.602  0.687  0.981  0.884  0.978 -0.887  0.916  0.669  0.991  0.970
        3  0.99996  -0.602  1.000 -0.979 -0.701 -0.887 -0.709  0.897 -0.868  0.188 -0.515 -0.455
        4  0.99995   0.687 -0.979  1.000  0.794  0.945  0.799 -0.921  0.918 -0.060  0.621  0.580
        6  0.99996   0.981 -0.701  0.794  1.000  0.948  0.997 -0.924  0.961  0.557  0.969  0.953
        8  0.99992   0.884 -0.887  0.945  0.948  1.000  0.950 -0.977  0.994  0.266  0.842  0.811
        9  0.99994   0.978 -0.709  0.799  0.997  0.950  1.000 -0.927  0.964  0.542  0.964  0.949
       20  0.99991  -0.887  0.897 -0.921 -0.924 -0.977 -0.927  1.000 -0.989 -0.254 -0.826 -0.775
       21  0.99997   0.916 -0.868  0.918  0.961  0.994  0.964 -0.989  1.000  0.319  0.872  0.835
       22  0.99993   0.669  0.188 -0.060  0.557  0.266  0.542 -0.254  0.319  1.000  0.741  0.772
       23  0.99995   0.991 -0.515  0.621  0.969  0.842  0.964 -0.826  0.872  0.741  1.000  0.993
       24  0.99997   0.970 -0.455  0.580  0.953  0.811  0.949 -0.775  0.835  0.772  0.993  1.000
 ERR MATRIX APPROXIMATE
MINUIT - FIT ONLY 1-y
 **********
 **   51 **RES 
 **********
                   PARAMETER   16  beta_vw RESTORED TO VARIABLE.
                   PARAMETER   14  alpha_vw RESTORED TO VARIABLE.
                   PARAMETER   13  beta_y RESTORED TO VARIABLE.
                   PARAMETER   11  alpha_y RESTORED TO VARIABLE.
                   PARAMETER   10  beta_2CBO RESTORED TO VARIABLE.
 **********
 **   52 **FIX            0
 **********
 PARAMETER    0  IS UNDEFINED. IGNORED.
 **********
 **   53 **FIX            1
 **********
 **********
 **   54 **FIX            2
 **********
 PARAMETER    2  IS CONSTANT.   IGNORED.
 **********
 **   55 **FIX            3
 **********
 **********
 **   56 **FIX            4
 **********
 **********
 **   57 **FIX            5
 **********
 PARAMETER    5  IS CONSTANT.   IGNORED.
 **********
 **   58 **FIX            6
 **********
 **********
 **   59 **FIX            7
 **********
 PARAMETER    7  IS CONSTANT.   IGNORED.
 **********
 **   60 **FIX            8
 **********
 **********
 **   61 **FIX            9
 **********
 **********
 **   62 **FIX           13
 **********
 **********
 **   63 **FIX           14
 **********
 **********
 **   64 **FIX           15
 **********
 PARAMETER   15  IS CONSTANT.   IGNORED.
 **********
 **   65 **FIX           16
 **********
 **********
 **   66 **MIGRAD
 **********
 START MIGRAD MINIMIZATION.  STRATEGY  1.  CONVERGENCE WHEN EDM .LT. 1.00e-04
 FCN=20.0787 FROM MIGRAD    STATUS=INITIATE       16 CALLS        3845 TOTAL
                     EDM= unknown      STRATEGY= 1      NO ERROR MATRIX       
  EXT PARAMETER               CURRENT GUESS       STEP         FIRST   
  NO.   NAME      VALUE            ERROR          SIZE      DERIVATIVE 
   1  N0           3.16406e+06     fixed    
   2  tau          6.43838e+01   constant   
   3  A0           3.55766e-01     fixed    
   4  phi          4.19069e+00     fixed    
   5  R           -6.09625e+01   constant   
   6  alpha_CBO    2.32225e-02     fixed    
   7  w_CBO        2.32500e+00   constant   
   8  beta_CBO     2.71398e-02     fixed    
   9  alpha_2CBO   1.21950e-02     fixed    
  10  beta_2CBO    3.92798e-04   2.99437e-03   2.99437e-03   2.36009e+02
  11  alpha_y      0.00000e+00   1.00000e-03   1.00000e-03   3.70715e+04
  12  w_y          1.44500e+01   constant   
  13  beta_y       2.53182e-03     fixed    
  14  alpha_vw     0.00000e+00     fixed    
  15  w_vw         1.29000e+01   constant   
  16  beta_vw      0.00000e+00     fixed    
  17  LM          -7.20700e-04   constant   
  18  zeta_y       0.00000e+00   constant   
  19  zeta_vw      0.00000e+00   constant   
  20  T_CBO        1.97597e+01   1.11111e+00  -7.55762e-05  -2.17819e+02
  21  alpha_A0     2.82123e-02   3.04266e-01   3.67358e-03   6.99896e+00
  22  beta_A0     -3.72137e-01   1.05621e-01   2.48581e-03   9.98074e+00
  23  alpha_phi   -1.69430e-01   2.90789e-01   6.10683e-03   3.20329e+00
  24  beta_phi     6.38570e-01   1.48954e-01   3.30892e-03  -1.74935e+01
 MIGRAD MINIMIZATION HAS CONVERGED.
 MIGRAD WILL VERIFY CONVERGENCE AND ERROR MATRIX.
 FCN=8.93442 FROM HESSE     STATUS=NOT POSDEF     50 CALLS        3974 TOTAL
                     EDM=0.000122455    STRATEGY= 1      ERR MATRIX NOT POS-DEF
  EXT PARAMETER                APPROXIMATE        STEP         FIRST   
  NO.   NAME      VALUE            ERROR          SIZE      DERIVATIVE 
   1  N0           3.16406e+06     fixed    
   2  tau          6.43838e+01   constant   
   3  A0           3.55766e-01     fixed    
   4  phi          4.19069e+00     fixed    
   5  R           -6.09625e+01   constant   
   6  alpha_CBO    2.32225e-02     fixed    
   7  w_CBO        2.32500e+00   constant   
   8  beta_CBO     2.71398e-02     fixed    
   9  alpha_2CBO   1.21950e-02     fixed    
  10  beta_2CBO    2.64728e-04   2.73947e-04   2.74481e-07  -2.65676e+00
  11  alpha_y     -5.99928e-04   1.79534e-04   2.74081e-07   6.58462e+00
  12  w_y          1.44500e+01   constant   
  13  beta_y       2.53182e-03     fixed    
  14  alpha_vw     0.00000e+00     fixed    
  15  w_vw         1.29000e+01   constant   
  16  beta_vw      0.00000e+00     fixed    
  17  LM          -7.20700e-04   constant   
  18  zeta_y       0.00000e+00   constant   
  19  zeta_vw      0.00000e+00   constant   
  20  T_CBO        1.97608e+01   7.32368e-01   6.14508e-07   1.72631e+00
  21  alpha_A0     2.74568e-02   4.63186e-03   5.93863e-06  -5.13878e-01
  22  beta_A0     -3.74272e-01   2.98683e-02   7.09777e-06   4.19856e-01
  23  alpha_phi   -1.68336e-01   1.36655e-02   6.89089e-06   2.86289e-01
  24  beta_phi     6.37950e-01   4.74650e-02   6.05771e-06   8.53786e-02
 CALL LIMIT EXCEEDED IN MIGRAD.
 MIGRAD TERMINATED WITHOUT CONVERGENCE.
 FCN=8.80712 FROM MIGRAD    STATUS=CALL LIMIT   1147 CALLS        4976 TOTAL
                     EDM=0.00354987    STRATEGY= 1      ERR MATRIX NOT POS-DEF
  EXT PARAMETER                APPROXIMATE        STEP         FIRST   
  NO.   NAME      VALUE            ERROR          SIZE      DERIVATIVE 
   1  N0           3.16406e+06     fixed    
   2  tau          6.43838e+01   constant   
   3  A0           3.55766e-01     fixed    
   4  phi          4.19069e+00     fixed    
   5  R           -6.09625e+01   constant   
   6  alpha_CBO    2.32225e-02     fixed    
   7  w_CBO        2.32500e+00   constant   
   8  beta_CBO     2.71398e-02     fixed    
   9  alpha_2CBO   1.21950e-02     fixed    
  10  beta_2CBO   -2.16138e-05   3.13070e-04  -4.40429e-06  -9.39791e+00
  11  alpha_y     -6.02854e-04   1.79319e-04  -4.84244e-07  -8.53341e+01
  12  w_y          1.44500e+01   constant   
  13  beta_y       2.53182e-03     fixed    
  14  alpha_vw     0.00000e+00     fixed    
  15  w_vw         1.29000e+01   constant   
  16  beta_vw      0.00000e+00     fixed    
  17  LM          -7.20700e-04   constant   
  18  zeta_y       0.00000e+00   constant   
  19  zeta_vw      0.00000e+00   constant   
  20  T_CBO        1.60456e+01   1.74297e+00  -3.63916e-04  -3.12496e+02
  21  alpha_A0     4.19419e-02   1.06971e-02   2.36082e-04   3.11030e+00
  22  beta_A0     -6.10029e-01   1.69428e-01  -4.41427e-03   6.99257e+00
  23  alpha_phi   -2.69021e-01   7.18889e-02  -1.85734e-03   8.27773e-01
  24  beta_phi     1.01414e+00   2.69021e-01   7.04192e-03  -1.16791e+01
 EXTERNAL ERROR MATRIX.    NDIM=  25    NPAR=  7    ERR DEF=1
  9.801e-08  8.570e-09  2.805e-04 -1.126e-06  2.813e-05  1.081e-05 -4.285e-05 
  8.570e-09  3.216e-08  2.363e-05 -6.251e-08  2.469e-06  9.141e-07 -3.780e-06 
  2.805e-04  2.363e-05  3.038e+00 -1.672e-02  2.951e-01  1.249e-01 -4.688e-01 
 -1.126e-06 -6.251e-08 -1.672e-02  1.144e-04 -1.627e-03 -6.973e-04  2.579e-03 
  2.813e-05  2.469e-06  2.951e-01 -1.627e-03  2.871e-02  1.213e-02 -4.553e-02 
  1.081e-05  9.141e-07  1.249e-01 -6.973e-04  1.213e-02  5.168e-03 -1.927e-02 
 -4.285e-05 -3.780e-06 -4.688e-01  2.579e-03 -4.553e-02 -1.927e-02  7.237e-02 
ERR MATRIX NOT POS-DEF
 PARAMETER  CORRELATION COEFFICIENTS  
       NO.  GLOBAL     10     11     20     21     22     23     24
       10  0.82303   1.000  0.153  0.514 -0.336  0.530  0.480 -0.509
       11  0.33343   0.153  1.000  0.076 -0.033  0.081  0.071 -0.078
       20  0.99994   0.514  0.076  1.000 -0.897  0.999  0.997 -1.000
       21  0.92250  -0.336 -0.033 -0.897  1.000 -0.898 -0.907  0.896
       22  0.99966   0.530  0.081  0.999 -0.898  1.000  0.996 -0.999
       23  0.99790   0.480  0.071  0.997 -0.907  0.996  1.000 -0.997
       24  0.99989  -0.509 -0.078 -1.000  0.896 -0.999 -0.997  1.000
 ERR MATRIX NOT POS-DEF
MINUIT - FIT ONLY 2-y
 **********
 **   67 **RES 
 **********
                   PARAMETER   16  beta_vw RESTORED TO VARIABLE.
                   PARAMETER   14  alpha_vw RESTORED TO VARIABLE.
                   PARAMETER   13  beta_y RESTORED TO VARIABLE.
                   PARAMETER    9  alpha_2CBO RESTORED TO VARIABLE.
                   PARAMETER    8  beta_CBO RESTORED TO VARIABLE.
                   PARAMETER    6  alpha_CBO RESTORED TO VARIABLE.
                   PARAMETER    4  phi RESTORED TO VARIABLE.
                   PARAMETER    3  A0 RESTORED TO VARIABLE.
                   PARAMETER    1  N0 RESTORED TO VARIABLE.
 **********
 **   68 **FIX            0
 **********
 PARAMETER    0  IS UNDEFINED. IGNORED.
 **********
 **   69 **FIX            1
 **********
 **********
 **   70 **FIX            2
 **********
 PARAMETER    2  IS CONSTANT.   IGNORED.
 **********
 **   71 **FIX            3
 **********
 **********
 **   72 **FIX            4
 **********
 **********
 **   73 **FIX            5
 **********
 PARAMETER    5  IS CONSTANT.   IGNORED.
 **********
 **   74 **FIX            6
 **********
 **********
 **   75 **FIX            7
 **********
 PARAMETER    7  IS CONSTANT.   IGNORED.
 **********
 **   76 **FIX            8
 **********
 **********
 **   77 **FIX            9
 **********
 **********
 **   78 **FIX           10
 **********
 **********
 **   79 **FIX           11
 **********
 **********
 **   80 **FIX           12
 **********
 PARAMETER   12  IS CONSTANT.   IGNORED.
 **********
 **   81 **FIX           16
 **********
 **********
 **   82 **MIGRAD
 **********
 START MIGRAD MINIMIZATION.  STRATEGY  1.  CONVERGENCE WHEN EDM .LT. 1.00e-04
 FCN=8.80712 FROM MIGRAD    STATUS=INITIATE       16 CALLS        4992 TOTAL
                     EDM= unknown      STRATEGY= 1      NO ERROR MATRIX       
  EXT PARAMETER               CURRENT GUESS       STEP         FIRST   
  NO.   NAME      VALUE            ERROR          SIZE      DERIVATIVE 
   1  N0           3.16406e+06     fixed    
   2  tau          6.43838e+01   constant   
   3  A0           3.55766e-01     fixed    
   4  phi          4.19069e+00     fixed    
   5  R           -6.09625e+01   constant   
   6  alpha_CBO    2.32225e-02     fixed    
   7  w_CBO        2.32500e+00   constant   
   8  beta_CBO     2.71398e-02     fixed    
   9  alpha_2CBO   1.21950e-02     fixed    
  10  beta_2CBO   -2.16138e-05     fixed    
  11  alpha_y     -6.02854e-04     fixed    
  12  w_y          1.44500e+01   constant   
  13  beta_y       2.53182e-03   1.86744e-04   1.86744e-04  -4.29581e+03
  14  alpha_vw     0.00000e+00   1.00000e-03   1.00000e-03   5.86057e+03
  15  w_vw         1.29000e+01   constant   
  16  beta_vw      0.00000e+00     fixed    
  17  LM          -7.20700e-04   constant   
  18  zeta_y       0.00000e+00   constant   
  19  zeta_vw      0.00000e+00   constant   
  20  T_CBO        1.60456e+01   1.74297e+00  -3.63916e-04  -3.12496e+02
  21  alpha_A0     4.19419e-02   1.06971e-02   2.36082e-04   3.11030e+00
  22  beta_A0     -6.10029e-01   1.69428e-01  -4.41427e-03   6.99257e+00
  23  alpha_phi   -2.69021e-01   7.18889e-02  -1.85734e-03   8.27773e-01
  24  beta_phi     1.01414e+00   2.69021e-01   7.04192e-03  -1.16791e+01
 MIGRAD MINIMIZATION HAS CONVERGED.
 MIGRAD WILL VERIFY CONVERGENCE AND ERROR MATRIX.
 COVARIANCE MATRIX CALCULATED SUCCESSFULLY
 FCN=8.48419 FROM HESSE     STATUS=OK             50 CALLS        5106 TOTAL
                     EDM=0.00157069    STRATEGY= 1      ERROR MATRIX ACCURATE 
  EXT PARAMETER                                   STEP         FIRST   
  NO.   NAME      VALUE            ERROR          SIZE      DERIVATIVE 
   1  N0           3.16406e+06     fixed    
   2  tau          6.43838e+01   constant   
   3  A0           3.55766e-01     fixed    
   4  phi          4.19069e+00     fixed    
   5  R           -6.09625e+01   constant   
   6  alpha_CBO    2.32225e-02     fixed    
   7  w_CBO        2.32500e+00   constant   
   8  beta_CBO     2.71398e-02     fixed    
   9  alpha_2CBO   1.21950e-02     fixed    
  10  beta_2CBO   -2.16138e-05     fixed    
  11  alpha_y     -6.02854e-04     fixed    
  12  w_y          1.44500e+01   constant   
  13  beta_y       2.58004e-03   1.70427e-04   2.49173e-07  -7.04405e+00
  14  alpha_vw    -7.43541e-05   1.72864e-04   2.50882e-07  -4.93506e+00
  15  w_vw         1.29000e+01   constant   
  16  beta_vw      0.00000e+00     fixed    
  17  LM          -7.20700e-04   constant   
  18  zeta_y       0.00000e+00   constant   
  19  zeta_vw      0.00000e+00   constant   
