 + ++++++++++++++++++++++++++++++++++++++++++++++++++++++++++++++++++++ +
 +                                                                      +
 +           You have chose to blind your fitting according to          +
 +                omega_ref * (1 + (R +/- deltaR) *10^{-6})             +
 +                                                                      +
 + ++++++++++++++++++++++++++++++++++++++++++++++++++++++++++++++++++++ +
In main()...
reading format from /gm2data/zkhechad/run45/envelope/formats/formatB_sBin_constraintOn.txt
pBinTau 	= 0  
pBinPhi 	= 0  
constraintau 	= 1 
includeMopTerm 	= 0    
constrainMop    = 0   
Parameters after format file: pBinTau 0 pBinPhi 0 constraintau 1 includeMopTerm 0 constrainMop 0 c_e_scale 0.000000 
Opening file /gm2data/tbarrett/gm2fr/studies/run23_bunch_corrections/CorrectedFourier_Run3b.root.
reading full fit data from /gm2data/zkhechad/cboTemplates/Run4CBOTemplates/templateFits0_v2.0/noRF/sBin_constraintOn_cE0.0_seed0_noRF_calo24.root
windowBins = 17
fitting sliding window 522 from bin 658 at 98.024400 to bin 675 at 100.710000 (17 bins)

Reading data from /gm2data/cornell/histograms/aMethod/histogram_a_noRF.root
 **********
 **    1 **SET PRINTOUT            1
 **********
 **********
 **    2 **SET NOWARNINGS 
 **********
 PARAMETER DEFINITIONS:
    NO.   NAME         VALUE      STEP SIZE      LIMITS
     1 N0           3.17742e+06  1.00000e+02     no limits
     2 tau          6.44362e+01  constant
     3 A0           3.64954e-01  1.00000e-04     no limits
     4 phi          4.11955e+00  1.00000e-02     no limits
     5 R           -6.08502e+01  constant
     6 alpha_CBO    0.00000e+00  1.00000e-03     no limits
     7 w_CBO        2.32500e+00  constant
     8 beta_CBO     0.00000e+00  1.00000e-03     no limits
     9 alpha_2CBO   0.00000e+00  1.00000e-03     no limits
    10 beta_2CBO    0.00000e+00  1.00000e-03     no limits
    11 alpha_y      0.00000e+00  1.00000e-03     no limits
    12 w_y          1.44500e+01  constant
    13 beta_y       0.00000e+00  1.00000e-03     no limits
    14 alpha_vw     0.00000e+00  1.00000e-03     no limits
    15 w_vw         1.29000e+01  constant
    16 beta_vw      0.00000e+00  1.00000e-03     no limits
    17 LM           1.15487e-03  constant
    18 zeta_y       0.00000e+00  constant
    19 zeta_vw      0.00000e+00  constant
    20 T_CBO        1.00000e+02  1.00000e+00    0.00000e+00  1.00000e+03
    21 alpha_A0     0.00000e+00  1.00000e-03     no limits
    22 beta_A0      0.00000e+00  1.00000e-03     no limits
    23 alpha_phi    0.00000e+00  1.00000e-03     no limits
    24 beta_phi     0.00000e+00  1.00000e-03     no limits
MINUIT - FIT ONLY WIGGLE
 **********
 **    3 **FIX            5
 **********
 PARAMETER    5  IS CONSTANT.   IGNORED.
 **********
 **    4 **FIX            6
 **********
 **********
 **    5 **FIX            7
 **********
 PARAMETER    7  IS CONSTANT.   IGNORED.
 **********
 **    6 **FIX            8
 **********
 **********
 **    7 **FIX            9
 **********
 **********
 **    8 **FIX           10
 **********
 **********
 **    9 **FIX           11
 **********
 **********
 **   10 **FIX           12
 **********
 PARAMETER   12  IS CONSTANT.   IGNORED.
 **********
 **   11 **FIX           13
 **********
 **********
 **   12 **FIX           14
 **********
 **********
 **   13 **FIX           15
 **********
 PARAMETER   15  IS CONSTANT.   IGNORED.
 **********
 **   14 **FIX           16
 **********
 **********
 **   15 **MIGRAD
 **********
 FIRST CALL TO USER FUNCTION AT NEW START POINT, WITH IFLAG=4.
 START MIGRAD MINIMIZATION.  STRATEGY  1.  CONVERGENCE WHEN EDM .LT. 1.00e-04
 FCN=540.131 FROM MIGRAD    STATUS=INITIATE      437 CALLS         438 TOTAL
                     EDM= unknown      STRATEGY= 1      NO ERROR MATRIX       
  EXT PARAMETER               CURRENT GUESS       STEP         FIRST   
  NO.   NAME      VALUE            ERROR          SIZE      DERIVATIVE 
   1  N0           3.17742e+06   1.00000e+02   0.00000e+00  -1.86567e-03
   2  tau          6.44362e+01   constant   
   3  A0           3.64954e-01   1.00000e-04   0.00000e+00   7.20057e+03
   4  phi          4.11955e+00   1.00000e-02   0.00000e+00   4.21406e+04
   5  R           -6.08502e+01   constant   
   6  alpha_CBO    0.00000e+00     fixed    
   7  w_CBO        2.32500e+00   constant   
   8  beta_CBO     0.00000e+00     fixed    
   9  alpha_2CBO   0.00000e+00     fixed    
  10  beta_2CBO    0.00000e+00     fixed    
  11  alpha_y      0.00000e+00     fixed    
  12  w_y          1.44500e+01   constant   
  13  beta_y       0.00000e+00     fixed    
  14  alpha_vw     0.00000e+00     fixed    
  15  w_vw         1.29000e+01   constant   
  16  beta_vw      0.00000e+00     fixed    
  17  LM           1.15487e-03   constant   
  18  zeta_y       0.00000e+00   constant   
  19  zeta_vw      0.00000e+00   constant   
  20  T_CBO        1.00000e+02   1.00000e+00   0.00000e+00   0.00000e+00
  21  alpha_A0     0.00000e+00   1.00000e-03   0.00000e+00   4.87112e+02
  22  beta_A0      0.00000e+00   1.00000e-03   0.00000e+00  -2.91504e+03
  23  alpha_phi    0.00000e+00   1.00000e-03   0.00000e+00   8.35424e+03
  24  beta_phi     0.00000e+00   1.00000e-03   0.00000e+00  -7.53080e+03
 CALL LIMIT EXCEEDED IN MIGRAD.
 MIGRAD TERMINATED WITHOUT CONVERGENCE.
 FCN=19.6471 FROM MIGRAD    STATUS=CALL LIMIT   1320 CALLS        1321 TOTAL
                     EDM=0.40136    STRATEGY= 1  ERROR MATRIX UNCERTAINTY  14.8 per cent
  EXT PARAMETER                APPROXIMATE        STEP         FIRST   
  NO.   NAME      VALUE            ERROR          SIZE      DERIVATIVE 
   1  N0           3.15939e+06   2.04129e+04  -3.14089e+03  -7.66636e-05
   2  tau          6.44362e+01   constant   
   3  A0           3.50702e-01   4.75439e-03  -7.65487e-04  -2.49018e+01
   4  phi          4.11531e+00   9.54714e-03   1.61149e-03  -1.72926e+02
   5  R           -6.08502e+01   constant   
   6  alpha_CBO    0.00000e+00     fixed    
   7  w_CBO        2.32500e+00   constant   
   8  beta_CBO     0.00000e+00     fixed    
   9  alpha_2CBO   0.00000e+00     fixed    
  10  beta_2CBO    0.00000e+00     fixed    
  11  alpha_y      0.00000e+00     fixed    
  12  w_y          1.44500e+01   constant   
  13  beta_y       0.00000e+00     fixed    
  14  alpha_vw     0.00000e+00     fixed    
  15  w_vw         1.29000e+01   constant   
  16  beta_vw      0.00000e+00     fixed    
  17  LM           1.15487e-03   constant   
  18  zeta_y       0.00000e+00   constant   
  19  zeta_vw      0.00000e+00   constant   
  20  T_CBO        3.01268e+02   1.79801e+02   6.59743e-02   1.76362e-01
  21  alpha_A0     1.74203e-02   1.95630e-02   1.30036e-03  -6.45574e+01
  22  beta_A0     -7.64549e-02   3.70125e-02  -6.26711e-03  -1.12105e+01
  23  alpha_phi   -9.51098e-02   3.24987e-02  -5.45539e-03  -1.96488e+01
  24  beta_phi    -2.09382e-02   1.97826e-02  -1.48962e-03   5.71798e+01
 EXTERNAL ERROR MATRIX.    NDIM=  25    NPAR=  8    ERR DEF=1
  4.167e+08  9.076e+01 -1.229e+02 -3.689e+06 -3.264e+02  7.288e+02  6.296e+02  3.530e+02 
  9.076e+01  2.260e-05 -3.681e-05 -8.613e-01 -5.544e-05  1.746e-04  1.528e-04  6.582e-05 
 -1.229e+02 -3.681e-05  9.115e-05  1.358e+00  1.424e-05 -2.778e-04 -2.564e-04 -3.556e-05 
 -3.689e+06 -8.613e-01  1.358e+00  3.413e+04  2.486e+00 -6.789e+00 -5.932e+00 -2.802e+00 
 -3.264e+02 -5.544e-05  1.424e-05  2.486e+00  3.827e-04 -4.737e-04 -3.837e-04 -3.777e-04 
  7.288e+02  1.746e-04 -2.778e-04 -6.789e+00 -4.737e-04  1.370e-03  1.196e-03  5.461e-04 
  6.296e+02  1.528e-04 -2.564e-04 -5.932e+00 -3.837e-04  1.196e-03  1.056e-03  4.476e-04 
  3.530e+02  6.582e-05 -3.556e-05 -2.802e+00 -3.777e-04  5.461e-04  4.476e-04  3.914e-04 
ERR MATRIX APPROXIMATE
 PARAMETER  CORRELATION COEFFICIENTS  
       NO.  GLOBAL      1      3      4     20     21     22     23     24
        1  0.99966   1.000  0.935 -0.631 -0.978 -0.817  0.965  0.949  0.874
        3  0.99861   0.935  1.000 -0.811 -0.981 -0.596  0.992  0.989  0.700
        4  0.99726  -0.631 -0.811  1.000  0.770  0.076 -0.786 -0.826 -0.188
       20  0.99943  -0.978 -0.981  0.770  1.000  0.688 -0.993 -0.988 -0.767
       21  0.99624  -0.817 -0.596  0.076  0.688  1.000 -0.654 -0.603 -0.976
       22  0.99894   0.965  0.992 -0.786 -0.993 -0.654  1.000  0.994  0.746
       23  0.99870   0.949  0.989 -0.826 -0.988 -0.603  0.994  1.000  0.696
       24  0.99572   0.874  0.700 -0.188 -0.767 -0.976  0.746  0.696  1.000
 ERR MATRIX APPROXIMATE
MINUIT - FIT ONLY 1-CBO + wiggle
 **********
 **   16 **RES 
 **********
                   PARAMETER   16  beta_vw RESTORED TO VARIABLE.
                   PARAMETER   14  alpha_vw RESTORED TO VARIABLE.
                   PARAMETER   13  beta_y RESTORED TO VARIABLE.
                   PARAMETER   11  alpha_y RESTORED TO VARIABLE.
                   PARAMETER   10  beta_2CBO RESTORED TO VARIABLE.
                   PARAMETER    9  alpha_2CBO RESTORED TO VARIABLE.
                   PARAMETER    8  beta_CBO RESTORED TO VARIABLE.
                   PARAMETER    6  alpha_CBO RESTORED TO VARIABLE.
 **********
 **   17 **FIX            8
 **********
 **********
 **   18 **FIX            9
 **********
 **********
 **   19 **FIX           11
 **********
 **********
 **   20 **FIX           12
 **********
 PARAMETER   12  IS CONSTANT.   IGNORED.
 **********
 **   21 **FIX           14
 **********
 **********
 **   22 **FIX           15
 **********
 PARAMETER   15  IS CONSTANT.   IGNORED.
 **********
 **   23 **FIX           16
 **********
 **********
 **   24 **MIGRAD
 **********
 START MIGRAD MINIMIZATION.  STRATEGY  1.  CONVERGENCE WHEN EDM .LT. 1.00e-04
 FCN=19.6471 FROM MIGRAD    STATUS=INITIATE       28 CALLS        1349 TOTAL
                     EDM= unknown      STRATEGY= 1      NO ERROR MATRIX       
  EXT PARAMETER               CURRENT GUESS       STEP         FIRST   
  NO.   NAME      VALUE            ERROR          SIZE      DERIVATIVE 
   1  N0           3.15939e+06   2.04129e+04  -3.14089e+03  -7.66636e-05
   2  tau          6.44362e+01   constant   
   3  A0           3.50702e-01   4.75439e-03  -7.65487e-04  -2.49018e+01
   4  phi          4.11531e+00   9.54714e-03   1.61149e-03  -1.72926e+02
   5  R           -6.08502e+01   constant   
   6  alpha_CBO    0.00000e+00   1.00000e-03   1.00000e-03  -1.76264e+02
   7  w_CBO        2.32500e+00   constant   
   8  beta_CBO     0.00000e+00     fixed    
   9  alpha_2CBO   0.00000e+00     fixed    
  10  beta_2CBO    0.00000e+00   1.00000e-03   1.00000e-03   9.37670e+02
  11  alpha_y      0.00000e+00     fixed    
  12  w_y          1.44500e+01   constant   
  13  beta_y       0.00000e+00   1.00000e-03   1.00000e-03   3.62461e+03
  14  alpha_vw     0.00000e+00     fixed    
  15  w_vw         1.29000e+01   constant   
  16  beta_vw      0.00000e+00     fixed    
  17  LM           1.15487e-03   constant   
  18  zeta_y       0.00000e+00   constant   
  19  zeta_vw      0.00000e+00   constant   
  20  T_CBO        3.01268e+02   1.79801e+02   6.59743e-02   1.76361e-01
  21  alpha_A0     1.74203e-02   1.95630e-02   1.30036e-03  -6.45574e+01
  22  beta_A0     -7.64549e-02   3.70125e-02  -6.26711e-03  -1.12105e+01
  23  alpha_phi   -9.51098e-02   3.24987e-02  -5.45539e-03  -1.96488e+01
  24  beta_phi    -2.09382e-02   1.97826e-02  -1.48962e-03   5.71798e+01
 MIGRAD MINIMIZATION HAS CONVERGED.
 MIGRAD WILL VERIFY CONVERGENCE AND ERROR MATRIX.
 FCN=18.6949 FROM HESSE     STATUS=NOT POSDEF    100 CALLS        2508 TOTAL
                     EDM=0.000429838    STRATEGY= 1      ERR MATRIX NOT POS-DEF
  EXT PARAMETER                APPROXIMATE        STEP         FIRST   
  NO.   NAME      VALUE            ERROR          SIZE      DERIVATIVE 
   1  N0           3.12145e+06   6.07008e+03   1.48842e+00   5.67467e-07
   2  tau          6.44362e+01   constant   
   3  A0           3.37153e-01   1.83481e-03   5.70620e-07  -5.88292e+00
   4  phi          4.15038e+00   9.44654e-03   1.97906e-06   3.01779e+00
   5  R           -6.08502e+01   constant   
   6  alpha_CBO   -1.11790e-02   2.38132e-03   4.96580e-07   2.50688e+00
   7  w_CBO        2.32500e+00   constant   
   8  beta_CBO     0.00000e+00     fixed    
   9  alpha_2CBO   0.00000e+00     fixed    
  10  beta_2CBO    1.96801e-03   6.91283e-04   4.98620e-07   2.21138e+00
  11  alpha_y      0.00000e+00     fixed    
  12  w_y          1.44500e+01   constant   
  13  beta_y      -1.65883e-04   2.43448e-04   5.16284e-07   1.31152e-01
  14  alpha_vw     0.00000e+00     fixed    
  15  w_vw         1.29000e+01   constant   
  16  beta_vw      0.00000e+00     fixed    
  17  LM           1.15487e-03   constant   
  18  zeta_y       0.00000e+00   constant   
  19  zeta_vw      0.00000e+00   constant   
  20  T_CBO        8.16249e+02   8.20218e+02   2.38059e-04  -1.28827e-02
  21  alpha_A0     6.40581e-02   1.28064e-02   2.78128e-06  -1.45598e+00
  22  beta_A0     -1.64188e-01   1.44527e-02   3.22358e-06   1.55956e-01
  23  alpha_phi   -1.25589e-01   1.38051e-02   2.90916e-06   8.29246e-01
  24  beta_phi    -4.42760e-02   9.02472e-03   2.73290e-06   1.08547e-02
 CALL LIMIT EXCEEDED IN MIGRAD.
 MIGRAD TERMINATED WITHOUT CONVERGENCE.
 FCN=18.354 FROM MIGRAD    STATUS=CALL LIMIT   1921 CALLS        3242 TOTAL
                     EDM=0.00394364    STRATEGY= 1      ERR MATRIX NOT POS-DEF
  EXT PARAMETER                APPROXIMATE        STEP         FIRST   
  NO.   NAME      VALUE            ERROR          SIZE      DERIVATIVE 
   1  N0           3.07275e+06   3.49390e+04  -1.48051e+03  -2.31334e-04
   2  tau          6.44362e+01   constant   
   3  A0           3.37564e-01   5.64947e-03  -2.66750e-04  -2.42627e+02
   4  phi          4.09229e+00   1.21520e-02  -2.73630e-05  -6.40460e+01
   5  R           -6.08502e+01   constant   
   6  alpha_CBO   -8.27914e-03   3.92487e-03  -2.16558e-04  -2.73363e+01
   7  w_CBO        2.32500e+00   constant   
   8  beta_CBO     0.00000e+00     fixed    
   9  alpha_2CBO   0.00000e+00     fixed    
  10  beta_2CBO    3.71505e-03   1.57025e-03   8.68471e-05   1.26324e+02
  11  alpha_y      0.00000e+00     fixed    
  12  w_y          1.44500e+01   constant   
  13  beta_y      -1.62852e-04   2.43881e-04  -2.39277e-06  -2.56253e+01
  14  alpha_vw     0.00000e+00     fixed    
  15  w_vw         1.29000e+01   constant   
  16  beta_vw      0.00000e+00     fixed    
  17  LM           1.15487e-03   constant   
  18  zeta_y       0.00000e+00   constant   
  19  zeta_vw      0.00000e+00   constant   
  20  T_CBO        9.16761e+02   1.63867e+02   1.70337e-02  -9.42667e-01
  21  alpha_A0     1.81290e-01   6.92617e-02   3.09924e-03  -7.80678e+01
  22  beta_A0     -2.02724e-01   6.73100e-02  -3.13160e-03   1.58459e+01
  23  alpha_phi   -1.54533e-01   4.31813e-02  -1.45130e-03   4.69511e+01
  24  beta_phi    -1.30466e-01   4.04097e-02  -1.55488e-03   3.25780e+01
 EXTERNAL ERROR MATRIX.    NDIM=  25    NPAR= 11    ERR DEF=1
  1.221e+09 
  1.815e+02  3.192e-05 
  2.758e+02  2.537e-05  1.477e-04 
  7.862e+01  1.793e-05 -3.999e-07  1.540e-05 
 -4.826e+01 -8.248e-06 -9.081e-06 -4.909e-06  2.466e-06 
  4.857e-01  8.970e-08 -2.360e-08  1.005e-07 -1.440e-08  5.948e-08 
 -4.435e+06 -7.037e-01 -8.280e-01 -3.533e-01  1.876e-01 -2.380e-03  3.077e+04 
 -2.394e+03 -3.634e-04 -5.601e-04 -1.745e-04  9.994e-05 -1.042e-06  8.552e+00  4.797e-03 
  2.319e+03  3.663e-04  4.416e-04  1.718e-04 -9.587e-05  8.546e-07 -8.209e+00 -4.558e-03  4.531e-03 
  1.459e+03  2.084e-04  3.258e-04  6.894e-05 -5.214e-05  3.536e-07 -4.850e+00 -2.768e-03  2.778e-03  1.865e-03 
  1.398e+03  2.031e-04  3.580e-04  8.629e-05 -5.511e-05  5.495e-07 -4.795e+00 -2.774e-03  2.628e-03  1.657e-03  1.633e-03 
ERR MATRIX NOT POS-DEF
 PARAMETER  CORRELATION COEFFICIENTS  
       NO.  GLOBAL      1      3      4      6     10     13     20     21     22     23     24
        1  0.99995   1.000  0.919  0.650  0.573 -0.880  0.057 -0.724 -0.989  0.986  0.967  0.990
        3  0.99948   0.919  1.000  0.369  0.809 -0.930  0.065 -0.710 -0.929  0.963  0.854  0.890
        4  0.99850   0.650  0.369  1.000 -0.008 -0.476 -0.008 -0.388 -0.665  0.540  0.621  0.729
        6  0.99909   0.573  0.809 -0.008  1.000 -0.797  0.105 -0.513 -0.642  0.650  0.407  0.544
       10  0.99027  -0.880 -0.930 -0.476 -0.797  1.000 -0.038  0.681  0.919 -0.907 -0.769 -0.868
       13  0.23242   0.057  0.065 -0.008  0.105 -0.038  1.000 -0.056 -0.062  0.052  0.034  0.056
       20  0.99223  -0.724 -0.710 -0.388 -0.513  0.681 -0.056  1.000  0.704 -0.695 -0.640 -0.676
       21  0.99989  -0.989 -0.929 -0.665 -0.642  0.919 -0.062  0.704  1.000 -0.978 -0.926 -0.991
       22  0.99978   0.986  0.963  0.540  0.650 -0.907  0.052 -0.695 -0.978  1.000  0.956  0.966
       23  0.99977   0.967  0.854  0.621  0.407 -0.769  0.034 -0.640 -0.926  0.956  1.000  0.949
       24  0.99973   0.990  0.890  0.729  0.544 -0.868  0.056 -0.676 -0.991  0.966  0.949  1.000
 ERR MATRIX NOT POS-DEF
MINUIT - FIT ONLY 2-CBO
 **********
 **   25 **RES 
 **********
                   PARAMETER   16  beta_vw RESTORED TO VARIABLE.
                   PARAMETER   14  alpha_vw RESTORED TO VARIABLE.
                   PARAMETER   11  alpha_y RESTORED TO VARIABLE.
                   PARAMETER    9  alpha_2CBO RESTORED TO VARIABLE.
                   PARAMETER    8  beta_CBO RESTORED TO VARIABLE.
 **********
 **   26 **FIX            0
 **********
 PARAMETER    0  IS UNDEFINED. IGNORED.
 **********
 **   27 **FIX            1
 **********
 **********
 **   28 **FIX            2
 **********
 PARAMETER    2  IS CONSTANT.   IGNORED.
 **********
 **   29 **FIX            3
 **********
 **********
 **   30 **FIX            4
 **********
 **********
 **   31 **FIX            5
 **********
 PARAMETER    5  IS CONSTANT.   IGNORED.
 **********
 **   32 **FIX            6
 **********
 **********
 **   33 **FIX            7
 **********
 PARAMETER    7  IS CONSTANT.   IGNORED.
 **********
 **   34 **FIX           10
 **********
 **********
 **   35 **FIX           11
 **********
 **********
 **   36 **FIX           12
 **********
 PARAMETER   12  IS CONSTANT.   IGNORED.
 **********
 **   37 **FIX           13
 **********
 **********
 **   38 **FIX           14
 **********
 **********
 **   39 **FIX           15
 **********
 PARAMETER   15  IS CONSTANT.   IGNORED.
 **********
 **   40 **FIX           16
 **********
 **********
 **   41 **MIGRAD
 **********
 START MIGRAD MINIMIZATION.  STRATEGY  1.  CONVERGENCE WHEN EDM .LT. 1.00e-04
 FCN=18.354 FROM MIGRAD    STATUS=INITIATE       18 CALLS        3260 TOTAL
                     EDM= unknown      STRATEGY= 1      NO ERROR MATRIX       
  EXT PARAMETER               CURRENT GUESS       STEP         FIRST   
  NO.   NAME      VALUE            ERROR          SIZE      DERIVATIVE 
   1  N0           3.07275e+06     fixed    
   2  tau          6.44362e+01   constant   
   3  A0           3.37564e-01     fixed    
   4  phi          4.09229e+00     fixed    
   5  R           -6.08502e+01   constant   
   6  alpha_CBO   -8.27914e-03     fixed    
   7  w_CBO        2.32500e+00   constant   
   8  beta_CBO     0.00000e+00   1.00000e-03   1.00000e-03  -1.40026e+02
   9  alpha_2CBO   0.00000e+00   1.00000e-03   1.00000e-03  -3.12305e+02
  10  beta_2CBO    3.71505e-03     fixed    
  11  alpha_y      0.00000e+00     fixed    
  12  w_y          1.44500e+01   constant   
  13  beta_y      -1.62852e-04     fixed    
  14  alpha_vw     0.00000e+00     fixed    
  15  w_vw         1.29000e+01   constant   
  16  beta_vw      0.00000e+00     fixed    
  17  LM           1.15487e-03   constant   
  18  zeta_y       0.00000e+00   constant   
  19  zeta_vw      0.00000e+00   constant   
  20  T_CBO        9.16761e+02   1.63867e+02   1.70337e-02  -9.42667e-01
  21  alpha_A0     1.81290e-01   6.92617e-02   3.09924e-03  -7.80678e+01
  22  beta_A0     -2.02724e-01   6.73100e-02  -3.13160e-03   1.58459e+01
  23  alpha_phi   -1.54533e-01   4.31813e-02  -1.45130e-03   4.69511e+01
  24  beta_phi    -1.30466e-01   4.04097e-02  -1.55488e-03   3.25780e+01
 MIGRAD MINIMIZATION HAS CONVERGED.
 MIGRAD WILL VERIFY CONVERGENCE AND ERROR MATRIX.
 COVARIANCE MATRIX CALCULATED SUCCESSFULLY
 FCN=18.3364 FROM MIGRAD    STATUS=CONVERGED     167 CALLS        3409 TOTAL
                     EDM=7.01541e-06    STRATEGY= 1      ERROR MATRIX ACCURATE 
  EXT PARAMETER                                   STEP         FIRST   
  NO.   NAME      VALUE            ERROR          SIZE      DERIVATIVE 
   1  N0           3.07275e+06     fixed    
   2  tau          6.44362e+01   constant   
   3  A0           3.37564e-01     fixed    
   4  phi          4.09229e+00     fixed    
   5  R           -6.08502e+01   constant   
   6  alpha_CBO   -8.27914e-03     fixed    
   7  w_CBO        2.32500e+00   constant   
   8  beta_CBO     1.09225e-04   9.56075e-04   5.23223e-07  -7.49340e-02
   9  alpha_2CBO   7.39474e-05   6.60121e-04   5.20847e-07   7.54856e-03
  10  beta_2CBO    3.71505e-03     fixed    
  11  alpha_y      0.00000e+00     fixed    
  12  w_y          1.44500e+01   constant   
  13  beta_y      -1.62852e-04     fixed    
  14  alpha_vw     0.00000e+00     fixed    
  15  w_vw         1.29000e+01   constant   
  16  beta_vw      0.00000e+00     fixed    
  17  LM           1.15487e-03   constant   
  18  zeta_y       0.00000e+00   constant   
  19  zeta_vw      0.00000e+00   constant   
  20  T_CBO        9.19982e+02   5.13659e+02   2.67929e-04   1.09401e-05
  21  alpha_A0     1.80941e-01   3.05584e-02   2.98959e-06   4.09544e-02
  22  beta_A0     -2.03138e-01   3.39063e-02   3.45193e-06  -2.51851e-02
  23  alpha_phi   -1.54319e-01   2.56197e-02   2.76061e-06  -2.82486e-02
  24  beta_phi    -1.30973e-01   2.24695e-02   2.62263e-06  -4.50010e-02
 EXTERNAL ERROR MATRIX.    NDIM=  25    NPAR=  7    ERR DEF=1
  9.141e-07  5.479e-07  1.608e-02 -3.075e-06 -3.393e-06  1.783e-06 -4.131e-06 
  5.479e-07  4.358e-07  6.610e-03 -2.051e-06 -2.325e-06  1.135e-06 -2.736e-06 
  1.608e-02  6.610e-03  2.026e+06 -4.324e+01  4.787e+01  3.635e+01  3.125e+01 
 -3.075e-06 -2.051e-06 -4.324e+01  9.338e-04 -1.010e-03 -7.803e-04 -6.531e-04 
 -3.393e-06 -2.325e-06  4.787e+01 -1.010e-03  1.150e-03  8.526e-04  7.569e-04 
  1.783e-06  1.135e-06  3.635e+01 -7.803e-04  8.526e-04  6.564e-04  5.531e-04 
 -4.131e-06 -2.736e-06  3.125e+01 -6.531e-04  7.569e-04  5.531e-04  5.049e-04 
 PARAMETER  CORRELATION COEFFICIENTS  
       NO.  GLOBAL      8      9     20     21     22     23     24
        8  0.96697   1.000  0.868  0.012 -0.105 -0.105  0.073 -0.192
        9  0.93003   0.868  1.000  0.007 -0.102 -0.104  0.067 -0.184
       20  0.99972   0.012  0.007  1.000 -0.994  0.992  0.997  0.977
       21  0.99896  -0.105 -0.102 -0.994  1.000 -0.974 -0.997 -0.951
       22  0.99888  -0.105 -0.104  0.992 -0.974  1.000  0.982  0.994
       23  0.99874   0.073  0.067  0.997 -0.997  0.982  1.000  0.961
       24  0.99852  -0.192 -0.184  0.977 -0.951  0.994  0.961  1.000
MINUIT - FIT wiggle + 1-CBO + 2-CBO
 **********
 **   42 **RES 
 **********
                   PARAMETER   16  beta_vw RESTORED TO VARIABLE.
                   PARAMETER   14  alpha_vw RESTORED TO VARIABLE.
                   PARAMETER   13  beta_y RESTORED TO VARIABLE.
                   PARAMETER   11  alpha_y RESTORED TO VARIABLE.
                   PARAMETER   10  beta_2CBO RESTORED TO VARIABLE.
                   PARAMETER    6  alpha_CBO RESTORED TO VARIABLE.
                   PARAMETER    4  phi RESTORED TO VARIABLE.
                   PARAMETER    3  A0 RESTORED TO VARIABLE.
                   PARAMETER    1  N0 RESTORED TO VARIABLE.
 **********
 **   43 **FIX           10
 **********
 **********
 **   44 **FIX           11
 **********
 **********
 **   45 **FIX           12
 **********
 PARAMETER   12  IS CONSTANT.   IGNORED.
 **********
 **   46 **FIX           13
 **********
 **********
 **   47 **FIX           14
 **********
 **********
 **   48 **FIX           15
 **********
 PARAMETER   15  IS CONSTANT.   IGNORED.
 **********
 **   49 **FIX           16
 **********
 **********
 **   50 **MIGRAD
 **********
 START MIGRAD MINIMIZATION.  STRATEGY  1.  CONVERGENCE WHEN EDM .LT. 1.00e-04
 FCN=18.3364 FROM MIGRAD    STATUS=INITIATE       22 CALLS        3431 TOTAL
                     EDM= unknown      STRATEGY= 1      NO ERROR MATRIX       
  EXT PARAMETER               CURRENT GUESS       STEP         FIRST   
  NO.   NAME      VALUE            ERROR          SIZE      DERIVATIVE 
   1  N0           3.07275e+06   3.49390e+04   3.49390e+04   8.76245e-06
   2  tau          6.44362e+01   constant   
   3  A0           3.37564e-01   5.64947e-03   5.64947e-03  -1.27371e+01
   4  phi          4.09229e+00   1.21520e-02   1.21520e-02  -9.10008e+00
   5  R           -6.08502e+01   constant   
   6  alpha_CBO   -8.27914e-03   3.92487e-03   3.92487e-03  -5.23065e+01
   7  w_CBO        2.32500e+00   constant   
   8  beta_CBO     1.09225e-04   9.56075e-04   5.23223e-07  -7.49409e-02
   9  alpha_2CBO   7.39474e-05   6.60121e-04   5.20847e-07   7.56258e-03
  10  beta_2CBO    3.71505e-03     fixed    
  11  alpha_y      0.00000e+00     fixed    
  12  w_y          1.44500e+01   constant   
  13  beta_y      -1.62852e-04     fixed    
  14  alpha_vw     0.00000e+00     fixed    
  15  w_vw         1.29000e+01   constant   
  16  beta_vw      0.00000e+00     fixed    
  17  LM           1.15487e-03   constant   
  18  zeta_y       0.00000e+00   constant   
  19  zeta_vw      0.00000e+00   constant   
  20  T_CBO        9.19982e+02   5.13659e+02   2.67929e-04   9.03124e-06
  21  alpha_A0     1.80941e-01   3.05584e-02   2.98959e-06   4.09606e-02
  22  beta_A0     -2.03138e-01   3.39063e-02   3.45193e-06  -2.52017e-02
  23  alpha_phi   -1.54319e-01   2.56197e-02   2.76061e-06  -2.82483e-02
  24  beta_phi    -1.30973e-01   2.24695e-02   2.62263e-06  -4.50009e-02
 CALL LIMIT EXCEEDED IN MIGRAD.
 MIGRAD TERMINATED WITHOUT CONVERGENCE.
 FCN=17.2732 FROM MIGRAD    STATUS=CALL LIMIT   1906 CALLS        5315 TOTAL
                     EDM=0.0408867    STRATEGY= 1  ERROR MATRIX UNCERTAINTY   5.3 per cent
  EXT PARAMETER                APPROXIMATE        STEP         FIRST   
  NO.   NAME      VALUE            ERROR          SIZE      DERIVATIVE 
   1  N0           3.05596e+06   2.31830e+04   1.11847e+03  -5.59820e-04
   2  tau          6.44362e+01   constant   
   3  A0           3.72826e-01   1.52068e-02   1.00472e-03  -9.50778e+02
   4  phi          4.19130e+00   3.29940e-02   2.26958e-03   4.69257e+01
   5  R           -6.08502e+01   constant   
   6  alpha_CBO   -1.11085e-02   3.93426e-03  -2.23888e-04   5.32032e+02
   7  w_CBO        2.32500e+00   constant   
   8  beta_CBO     2.51736e-02   1.06327e-02   5.69457e-04  -7.72763e+01
   9  alpha_2CBO   6.36770e-04   1.06921e-03   2.00106e-05  -3.20717e+02
  10  beta_2CBO    3.71505e-03     fixed    
  11  alpha_y      0.00000e+00     fixed    
  12  w_y          1.44500e+01   constant   
  13  beta_y      -1.62852e-04     fixed    
  14  alpha_vw     0.00000e+00     fixed    
  15  w_vw         1.29000e+01   constant   
  16  beta_vw      0.00000e+00     fixed    
  17  LM           1.15487e-03   constant   
  18  zeta_y       0.00000e+00   constant   
  19  zeta_vw      0.00000e+00   constant   
  20  T_CBO        9.14161e+02   1.25415e+02   1.17962e-02  -1.77970e+00
  21  alpha_A0     7.74517e-02   3.55983e-02  -4.00337e-03  -1.84251e+02
  22  beta_A0     -1.77175e-01   2.96620e-02   3.07958e-03   1.15572e+02
  23  alpha_phi   -1.07458e-01   3.19704e-02   3.34310e-03   1.62316e+02
  24  beta_phi    -1.13741e-01   2.40902e-02   2.13969e-03   1.35361e+01
 EXTERNAL ERROR MATRIX.    NDIM=  25    NPAR= 11    ERR DEF=1
  5.375e+08 
 -2.026e+02  2.312e-04 
 -3.962e+02  4.889e-04  1.089e-03 
 -4.635e+01 -1.116e-07 -2.468e-05  1.548e-05 
 -1.618e+02  1.600e-04  3.388e-04  2.273e-06  1.131e-04 
 -1.093e+01  7.544e-06  1.294e-05  2.355e-06  6.033e-06  1.143e-06 
  6.141e+05 -9.718e-03  7.664e-01 -2.909e-01  5.199e-03 -1.466e-02  1.691e+04 
  4.697e+01 -4.509e-04 -9.763e-04  3.368e-05 -2.953e-04 -1.626e-05 -8.202e-01  1.267e-03 
  5.385e+02  1.285e-05  9.711e-05 -8.463e-05 -2.755e-05 -1.163e-05  1.023e+00 -5.168e-04  8.798e-04 
  4.809e+02  8.989e-05  3.097e-04 -1.053e-04  3.078e-05 -9.785e-06  1.642e+00 -6.758e-04  9.060e-04  1.022e-03 
  4.854e+02 -5.758e-05 -5.309e-05 -6.982e-05 -6.906e-05 -1.190e-05  1.119e+00 -2.828e-04  6.943e-04  6.975e-04  5.803e-04 
ERR MATRIX APPROXIMATE
 PARAMETER  CORRELATION COEFFICIENTS  
       NO.  GLOBAL      1      3      4      6      8      9     20     21     22     23     24
        1  0.99997   1.000 -0.575 -0.518 -0.508 -0.656 -0.441  0.204  0.057  0.783  0.649  0.869
        3  0.99995  -0.575  1.000  0.974 -0.002  0.990  0.464 -0.005 -0.833  0.028  0.185 -0.157
        4  0.99987  -0.518  0.974  1.000 -0.190  0.966  0.367  0.179 -0.831  0.099  0.294 -0.067
        6  0.99861  -0.508 -0.002 -0.190  1.000  0.054  0.560 -0.569  0.240 -0.725 -0.837 -0.737
        8  0.99990  -0.656  0.990  0.966  0.054  1.000  0.531  0.004 -0.780 -0.087  0.091 -0.270
        9  0.97287  -0.441  0.464  0.367  0.560  0.531  1.000 -0.105 -0.427 -0.367 -0.286 -0.462
       20  0.97740   0.204 -0.005  0.179 -0.569  0.004 -0.105  1.000 -0.177  0.265  0.395  0.357
       21  0.99987   0.057 -0.833 -0.831  0.240 -0.780 -0.427 -0.177  1.000 -0.489 -0.594 -0.330
       22  0.99951   0.783  0.028  0.099 -0.725 -0.087 -0.367  0.265 -0.489  1.000  0.955  0.972
       23  0.99984   0.649  0.185  0.294 -0.837  0.091 -0.286  0.395 -0.594  0.955  1.000  0.906
       24  0.99928   0.869 -0.157 -0.067 -0.737 -0.270 -0.462  0.357 -0.330  0.972  0.906  1.000
 ERR MATRIX APPROXIMATE
MINUIT - FIT ONLY 1-y
 **********
 **   51 **RES 
 **********
                   PARAMETER   16  beta_vw RESTORED TO VARIABLE.
                   PARAMETER   14  alpha_vw RESTORED TO VARIABLE.
                   PARAMETER   13  beta_y RESTORED TO VARIABLE.
                   PARAMETER   11  alpha_y RESTORED TO VARIABLE.
                   PARAMETER   10  beta_2CBO RESTORED TO VARIABLE.
 **********
 **   52 **FIX            0
 **********
 PARAMETER    0  IS UNDEFINED. IGNORED.
 **********
 **   53 **FIX            1
 **********
 **********
 **   54 **FIX            2
 **********
 PARAMETER    2  IS CONSTANT.   IGNORED.
 **********
 **   55 **FIX            3
 **********
 **********
 **   56 **FIX            4
 **********
 **********
 **   57 **FIX            5
 **********
 PARAMETER    5  IS CONSTANT.   IGNORED.
 **********
 **   58 **FIX            6
 **********
 **********
 **   59 **FIX            7
 **********
 PARAMETER    7  IS CONSTANT.   IGNORED.
 **********
 **   60 **FIX            8
 **********
 **********
 **   61 **FIX            9
 **********
 **********
 **   62 **FIX           13
 **********
 **********
 **   63 **FIX           14
 **********
 **********
 **   64 **FIX           15
 **********
 PARAMETER   15  IS CONSTANT.   IGNORED.
 **********
 **   65 **FIX           16
 **********
 **********
 **   66 **MIGRAD
 **********
 START MIGRAD MINIMIZATION.  STRATEGY  1.  CONVERGENCE WHEN EDM .LT. 1.00e-04
 FCN=17.2732 FROM MIGRAD    STATUS=INITIATE       16 CALLS        5331 TOTAL
                     EDM= unknown      STRATEGY= 1      NO ERROR MATRIX       
  EXT PARAMETER               CURRENT GUESS       STEP         FIRST   
  NO.   NAME      VALUE            ERROR          SIZE      DERIVATIVE 
   1  N0           3.05596e+06     fixed    
   2  tau          6.44362e+01   constant   
   3  A0           3.72826e-01     fixed    
   4  phi          4.19130e+00     fixed    
   5  R           -6.08502e+01   constant   
   6  alpha_CBO   -1.11085e-02     fixed    
   7  w_CBO        2.32500e+00   constant   
   8  beta_CBO     2.51736e-02     fixed    
   9  alpha_2CBO   6.36770e-04     fixed    
  10  beta_2CBO    3.71505e-03   1.57025e-03   1.57025e-03   3.89168e+01
  11  alpha_y      0.00000e+00   1.00000e-03   1.00000e-03  -2.90407e+04
  12  w_y          1.44500e+01   constant   
  13  beta_y      -1.62852e-04     fixed    
  14  alpha_vw     0.00000e+00     fixed    
  15  w_vw         1.29000e+01   constant   
  16  beta_vw      0.00000e+00     fixed    
  17  LM           1.15487e-03   constant   
  18  zeta_y       0.00000e+00   constant   
  19  zeta_vw      0.00000e+00   constant   
  20  T_CBO        9.14161e+02   1.25415e+02   1.17962e-02  -1.77970e+00
  21  alpha_A0     7.74517e-02   3.55983e-02  -4.00337e-03  -1.84251e+02
  22  beta_A0     -1.77175e-01   2.96620e-02   3.07958e-03   1.15572e+02
  23  alpha_phi   -1.07458e-01   3.19704e-02   3.34310e-03   1.62316e+02
  24  beta_phi    -1.13741e-01   2.40902e-02   2.13969e-03   1.35361e+01
 MIGRAD MINIMIZATION HAS CONVERGED.
 MIGRAD WILL VERIFY CONVERGENCE AND ERROR MATRIX.
 COVARIANCE MATRIX CALCULATED SUCCESSFULLY
 FCN=5.02877 FROM MIGRAD    STATUS=CONVERGED     161 CALLS        5476 TOTAL
                     EDM=4.34585e-05    STRATEGY= 1      ERROR MATRIX ACCURATE 
  EXT PARAMETER                                   STEP         FIRST   
  NO.   NAME      VALUE            ERROR          SIZE      DERIVATIVE 
   1  N0           3.05596e+06     fixed    
   2  tau          6.44362e+01   constant   
   3  A0           3.72826e-01     fixed    
   4  phi          4.19130e+00     fixed    
   5  R           -6.08502e+01   constant   
   6  alpha_CBO   -1.11085e-02     fixed    
   7  w_CBO        2.32500e+00   constant   
   8  beta_CBO     2.51736e-02     fixed    
   9  alpha_2CBO   6.36770e-04     fixed    
  10  beta_2CBO    4.02941e-03   4.65068e-04   2.75318e-07   1.62848e+00
  11  alpha_y      8.36236e-04   2.39290e-04   2.80189e-07  -5.59847e-01
  12  w_y          1.44500e+01   constant   
  13  beta_y      -1.62852e-04     fixed    
  14  alpha_vw     0.00000e+00     fixed    
  15  w_vw         1.29000e+01   constant   
  16  beta_vw      0.00000e+00     fixed    
  17  LM           1.15487e-03   constant   
  18  zeta_y       0.00000e+00   constant   
  19  zeta_vw      0.00000e+00   constant   
  20  T_CBO        9.24479e+02   8.52663e+02   2.02506e-04  -3.36627e-04
  21  alpha_A0     7.77845e-02   1.89321e-02   1.39260e-06   8.27161e-02
  22  beta_A0     -1.78756e-01   4.31501e-02   1.65786e-06   1.30583e-01
  23  alpha_phi   -1.06958e-01   2.56672e-02   1.47079e-06  -1.98314e-01
  24  beta_phi    -1.12783e-01   2.74753e-02   1.38217e-06  -2.05693e-01
 EXTERNAL ERROR MATRIX.    NDIM=  25    NPAR=  7    ERR DEF=1
  2.163e-07  1.904e-08  8.185e-03  1.844e-07 -6.538e-07  4.339e-07  4.765e-07 
  1.904e-08  5.726e-08  6.791e-04  1.382e-08 -9.067e-08  3.815e-08  6.113e-08 
  8.185e-03  6.791e-04  4.350e+06 -3.939e+01  8.987e+01  5.345e+01  5.723e+01 
  1.844e-07  1.382e-08 -3.939e+01  3.584e-04 -8.145e-04 -4.831e-04 -5.175e-04 
 -6.538e-07 -9.067e-08  8.987e+01 -8.145e-04  1.862e-03  1.103e-03  1.181e-03 
  4.339e-07  3.815e-08  5.345e+01 -4.831e-04  1.103e-03  6.588e-04  7.036e-04 
  4.765e-07  6.113e-08  5.723e+01 -5.175e-04  1.181e-03  7.036e-04  7.549e-04 
 PARAMETER  CORRELATION COEFFICIENTS  
       NO.  GLOBAL     10     11     20     21     22     23     24
       10  0.86959   1.000  0.171  0.008  0.021 -0.033  0.036  0.037
       11  0.21480   0.171  1.000  0.001  0.003 -0.009  0.006  0.009
       20  0.99977   0.008  0.001  1.000 -0.998  0.999  0.998  0.999
       21  0.99812   0.021  0.003 -0.998  1.000 -0.997 -0.994 -0.995
       22  0.99949  -0.033 -0.009  0.999 -0.997  1.000  0.996  0.996
       23  0.99886   0.036  0.006  0.998 -0.994  0.996  1.000  0.998
       24  0.99912   0.037  0.009  0.999 -0.995  0.996  0.998  1.000
MINUIT - FIT ONLY 2-y
 **********
 **   67 **RES 
 **********
                   PARAMETER   16  beta_vw RESTORED TO VARIABLE.
                   PARAMETER   14  alpha_vw RESTORED TO VARIABLE.
                   PARAMETER   13  beta_y RESTORED TO VARIABLE.
                   PARAMETER    9  alpha_2CBO RESTORED TO VARIABLE.
                   PARAMETER    8  beta_CBO RESTORED TO VARIABLE.
                   PARAMETER    6  alpha_CBO RESTORED TO VARIABLE.
                   PARAMETER    4  phi RESTORED TO VARIABLE.
                   PARAMETER    3  A0 RESTORED TO VARIABLE.
                   PARAMETER    1  N0 RESTORED TO VARIABLE.
 **********
 **   68 **FIX            0
 **********
 PARAMETER    0  IS UNDEFINED. IGNORED.
 **********
 **   69 **FIX            1
 **********
 **********
 **   70 **FIX            2
 **********
 PARAMETER    2  IS CONSTANT.   IGNORED.
 **********
 **   71 **FIX            3
 **********
 **********
 **   72 **FIX            4
 **********
 **********
 **   73 **FIX            5
 **********
 PARAMETER    5  IS CONSTANT.   IGNORED.
 **********
 **   74 **FIX            6
 **********
 **********
 **   75 **FIX            7
 **********
 PARAMETER    7  IS CONSTANT.   IGNORED.
 **********
 **   76 **FIX            8
 **********
 **********
 **   77 **FIX            9
 **********
 **********
 **   78 **FIX           10
 **********
 **********
 **   79 **FIX           11
 **********
 **********
 **   80 **FIX           12
 **********
 PARAMETER   12  IS CONSTANT.   IGNORED.
 **********
 **   81 **FIX           16
 **********
 **********
 **   82 **MIGRAD
 **********
 START MIGRAD MINIMIZATION.  STRATEGY  1.  CONVERGENCE WHEN EDM .LT. 1.00e-04
 FCN=5.02877 FROM MIGRAD    STATUS=INITIATE       16 CALLS        5492 TOTAL
                     EDM= unknown      STRATEGY= 1      NO ERROR MATRIX       
  EXT PARAMETER               CURRENT GUESS       STEP         FIRST   
  NO.   NAME      VALUE            ERROR          SIZE      DERIVATIVE 
   1  N0           3.05596e+06     fixed    
   2  tau          6.44362e+01   constant   
   3  A0           3.72826e-01     fixed    
   4  phi          4.19130e+00     fixed    
   5  R           -6.08502e+01   constant   
   6  alpha_CBO   -1.11085e-02     fixed    
   7  w_CBO        2.32500e+00   constant   
   8  beta_CBO     2.51736e-02     fixed    
   9  alpha_2CBO   6.36770e-04     fixed    
  10  beta_2CBO    4.02941e-03     fixed    
  11  alpha_y      8.36236e-04     fixed    
  12  w_y          1.44500e+01   constant   
  13  beta_y      -1.62852e-04   2.43881e-04   2.43881e-04  -7.01145e+02
  14  alpha_vw     0.00000e+00   1.00000e-03   1.00000e-03  -9.24943e+02
  15  w_vw         1.29000e+01   constant   
  16  beta_vw      0.00000e+00     fixed    
  17  LM           1.15487e-03   constant   
  18  zeta_y       0.00000e+00   constant   
  19  zeta_vw      0.00000e+00   constant   
  20  T_CBO        9.24479e+02   8.52663e+02   2.02506e-04  -3.39378e-04
  21  alpha_A0     7.77845e-02   1.89321e-02   1.39260e-06   8.26574e-02
  22  beta_A0     -1.78756e-01   4.31501e-02   1.65786e-06   1.30593e-01
  23  alpha_phi   -1.06958e-01   2.56672e-02   1.47079e-06  -1.98314e-01
  24  beta_phi    -1.12783e-01   2.74753e-02   1.38217e-06  -2.05691e-01
 MIGRAD MINIMIZATION HAS CONVERGED.
 MIGRAD WILL VERIFY CONVERGENCE AND ERROR MATRIX.
 COVARIANCE MATRIX CALCULATED SUCCESSFULLY
 FCN=5.01089 FROM MIGRAD    STATUS=CONVERGED     114 CALLS        5590 TOTAL
                     EDM=1.56418e-05    STRATEGY= 1      ERROR MATRIX ACCURATE 
  EXT PARAMETER                                   STEP         FIRST   
  NO.   NAME      VALUE            ERROR          SIZE      DERIVATIVE 
   1  N0           3.05596e+06     fixed    
   2  tau          6.44362e+01   constant   
   3  A0           3.72826e-01     fixed    
   4  phi          4.19130e+00     fixed    
   5  R           -6.08502e+01   constant   
   6  alpha_CBO   -1.11085e-02     fixed    
   7  w_CBO        2.32500e+00   constant   
   8  beta_CBO     2.51736e-02     fixed    
   9  alpha_2CBO   6.36770e-04     fixed    
  10  beta_2CBO    4.02941e-03     fixed    
  11  alpha_y      8.36236e-04     fixed    
  12  w_y          1.44500e+01   constant   
  13  beta_y      -1.44705e-04   2.40472e-04   2.85222e-07   2.43496e+00
