 + ++++++++++++++++++++++++++++++++++++++++++++++++++++++++++++++++++++ +
 +                                                                      +
 +           You have chose to blind your fitting according to          +
 +                omega_ref * (1 + (R +/- deltaR) *10^{-6})             +
 +                                                                      +
 + ++++++++++++++++++++++++++++++++++++++++++++++++++++++++++++++++++++ +
In main()...
reading format from /gm2data/zkhechad/run45/envelope/formats/formatB_sBin_constraintOn.txt
pBinTau 	= 0  
pBinPhi 	= 0  
constraintau 	= 1 
includeMopTerm 	= 0    
constrainMop    = 0   
Parameters after format file: pBinTau 0 pBinPhi 0 constraintau 1 includeMopTerm 0 constrainMop 0 c_e_scale 0.000000 
Opening file /gm2data/tbarrett/gm2fr/studies/run23_bunch_corrections/CorrectedFourier_Run3b.root.
reading full fit data from /gm2data/zkhechad/cboTemplates/Run4CBOTemplates/fullFits/noRF/sBin_constraintOn_cE0.0_seed0_noRF_calo23.root
windowBins = 69
fitting sliding window 560 from bin 696 at 103.694000 to bin 765 at 114.138000 (69 bins)

Reading data from /gm2data/cornell/histograms/aMethod/histogram_a_noRF.root
 **********
 **    1 **SET PRINTOUT            1
 **********
 **********
 **    2 **SET NOWARNINGS 
 **********
 PARAMETER DEFINITIONS:
    NO.   NAME         VALUE      STEP SIZE      LIMITS
     1 N0           3.09539e+06  1.00000e+02     no limits
     2 tau          6.44044e+01  constant
     3 A0           3.43396e-01  1.00000e-04     no limits
     4 phi          4.11986e+00  1.00000e-02     no limits
     5 R           -6.14483e+01  constant
     6 alpha_CBO    0.00000e+00  1.00000e-03     no limits
     7 w_CBO        2.32500e+00  constant
     8 beta_CBO     0.00000e+00  1.00000e-03     no limits
     9 alpha_2CBO   0.00000e+00  1.00000e-03     no limits
    10 beta_2CBO    0.00000e+00  1.00000e-03     no limits
    11 alpha_y      0.00000e+00  1.00000e-03     no limits
    12 w_y          1.38860e+01  constant
    13 beta_y       0.00000e+00  1.00000e-03     no limits
    14 alpha_vw     0.00000e+00  1.00000e-03     no limits
    15 w_vw         1.43404e+01  constant
    16 beta_vw      0.00000e+00  1.00000e-03     no limits
    17 LM          -5.33935e-06  constant
    18 zeta_y       0.00000e+00  constant
    19 zeta_vw      0.00000e+00  constant
    20 T_CBO        1.00000e+02  1.00000e+00    0.00000e+00  1.00000e+03
    21 alpha_A0     0.00000e+00  1.00000e-03     no limits
    22 beta_A0      0.00000e+00  1.00000e-03     no limits
    23 alpha_phi    0.00000e+00  1.00000e-03     no limits
    24 beta_phi     0.00000e+00  1.00000e-03     no limits
MINUIT - FIT ONLY WIGGLE
 **********
 **    3 **FIX            5
 **********
 PARAMETER    5  IS CONSTANT.   IGNORED.
 **********
 **    4 **FIX            6
 **********
 **********
 **    5 **FIX            7
 **********
 PARAMETER    7  IS CONSTANT.   IGNORED.
 **********
 **    6 **FIX            8
 **********
 **********
 **    7 **FIX            9
 **********
 **********
 **    8 **FIX           10
 **********
 **********
 **    9 **FIX           11
 **********
 **********
 **   10 **FIX           12
 **********
 PARAMETER   12  IS CONSTANT.   IGNORED.
 **********
 **   11 **FIX           13
 **********
 **********
 **   12 **FIX           14
 **********
 **********
 **   13 **FIX           15
 **********
 PARAMETER   15  IS CONSTANT.   IGNORED.
 **********
 **   14 **FIX           16
 **********
 **********
 **   15 **MIGRAD
 **********
 FIRST CALL TO USER FUNCTION AT NEW START POINT, WITH IFLAG=4.
 START MIGRAD MINIMIZATION.  STRATEGY  1.  CONVERGENCE WHEN EDM .LT. 1.00e-04
 FCN=1828.33 FROM MIGRAD    STATUS=INITIATE      435 CALLS         436 TOTAL
                     EDM= unknown      STRATEGY= 1      NO ERROR MATRIX       
  EXT PARAMETER               CURRENT GUESS       STEP         FIRST   
  NO.   NAME      VALUE            ERROR          SIZE      DERIVATIVE 
   1  N0           3.09539e+06   1.00000e+02   0.00000e+00  -1.61662e-02
   2  tau          6.44044e+01   constant   
   3  A0           3.43396e-01   1.00000e-04   0.00000e+00  -1.43384e+05
   4  phi          4.11986e+00   1.00000e-02   0.00000e+00   1.63509e+03
   5  R           -6.14483e+01   constant   
   6  alpha_CBO    0.00000e+00     fixed    
   7  w_CBO        2.32500e+00   constant   
   8  beta_CBO     0.00000e+00     fixed    
   9  alpha_2CBO   0.00000e+00     fixed    
  10  beta_2CBO    0.00000e+00     fixed    
  11  alpha_y      0.00000e+00     fixed    
  12  w_y          1.38860e+01   constant   
  13  beta_y       0.00000e+00     fixed    
  14  alpha_vw     0.00000e+00     fixed    
  15  w_vw         1.43404e+01   constant   
  16  beta_vw      0.00000e+00     fixed    
  17  LM          -5.33935e-06   constant   
  18  zeta_y       0.00000e+00   constant   
  19  zeta_vw      0.00000e+00   constant   
  20  T_CBO        1.00000e+02   1.00000e+00   0.00000e+00   0.00000e+00
  21  alpha_A0     0.00000e+00   1.00000e-03   0.00000e+00   1.16448e+04
  22  beta_A0      0.00000e+00   1.00000e-03   0.00000e+00   4.53729e+03
  23  alpha_phi    0.00000e+00   1.00000e-03   0.00000e+00   4.33228e+03
  24  beta_phi     0.00000e+00   1.00000e-03   0.00000e+00   4.02255e+03
 CALL LIMIT EXCEEDED IN MIGRAD.
 MIGRAD TERMINATED WITHOUT CONVERGENCE.
 FCN=1597.39 FROM MIGRAD    STATUS=CALL LIMIT   1322 CALLS        1323 TOTAL
                     EDM=0.303138    STRATEGY= 1  ERROR MATRIX UNCERTAINTY   2.1 per cent
  EXT PARAMETER                APPROXIMATE        STEP         FIRST   
  NO.   NAME      VALUE            ERROR          SIZE      DERIVATIVE 
   1  N0           3.09577e+06   3.20618e+02   1.36142e+01  -5.20755e-04
   2  tau          6.44044e+01   constant   
   3  A0           3.44790e-01   1.29160e-04  -1.15451e-06   1.04090e+03
   4  phi          4.11984e+00   3.79951e-04  -1.29839e-05  -1.13766e+02
   5  R           -6.14483e+01   constant   
   6  alpha_CBO    0.00000e+00     fixed    
   7  w_CBO        2.32500e+00   constant   
   8  beta_CBO     0.00000e+00     fixed    
   9  alpha_2CBO   0.00000e+00     fixed    
  10  beta_2CBO    0.00000e+00     fixed    
  11  alpha_y      0.00000e+00     fixed    
  12  w_y          1.38860e+01   constant   
  13  beta_y       0.00000e+00     fixed    
  14  alpha_vw     0.00000e+00     fixed    
  15  w_vw         1.43404e+01   constant   
  16  beta_vw      0.00000e+00     fixed    
  17  LM          -5.33935e-06   constant   
  18  zeta_y       0.00000e+00   constant   
  19  zeta_vw      0.00000e+00   constant   
  20  T_CBO        2.33978e+01   2.55713e+00  -6.69145e-03  -1.94139e+02
  21  alpha_A0    -5.44245e-01   2.36647e-01  -9.17444e-02   7.15022e+00
  22  beta_A0     -2.25271e-01   9.96362e-02  -3.86175e-02   9.14818e-01
  23  alpha_phi   -2.30453e-01   9.92467e-02  -3.84348e-02   1.70433e+01
  24  beta_phi    -3.59809e-02   1.64682e-02  -6.38010e-03  -5.33862e+00
 EXTERNAL ERROR MATRIX.    NDIM=  25    NPAR=  8    ERR DEF=1
  1.028e+05 -1.137e-04 -1.565e-02 -6.793e+00  2.338e+00  1.017e+00  1.107e+00  6.867e-02 
 -1.137e-04  1.668e-08  5.300e-09 -9.407e-06 -1.819e-06 -7.666e-07 -7.908e-07 -8.549e-08 
 -1.565e-02  5.300e-09  1.444e-07  7.351e-05  6.916e-06  2.914e-06  2.854e-06  5.313e-07 
 -6.793e+00 -9.407e-06  7.351e-05  6.540e+00  6.000e-01  2.526e-01  2.515e-01  4.162e-02 
  2.338e+00 -1.819e-06  6.916e-06  6.000e-01  5.600e-02  2.358e-02  2.348e-02  3.878e-03 
  1.017e+00 -7.666e-07  2.914e-06  2.526e-01  2.358e-02  9.927e-03  9.886e-03  1.633e-03 
  1.107e+00 -7.908e-07  2.854e-06  2.515e-01  2.348e-02  9.886e-03  9.850e-03  1.626e-03 
  6.867e-02 -8.549e-08  5.313e-07  4.162e-02  3.878e-03  1.633e-03  1.626e-03  2.712e-04 
ERR MATRIX APPROXIMATE
 PARAMETER  CORRELATION COEFFICIENTS  
       NO.  GLOBAL      1      3      4     20     21     22     23     24
        1  0.40185   1.000 -0.003 -0.128 -0.008  0.031  0.032  0.035  0.013
        3  0.33640  -0.003  1.000  0.108 -0.028 -0.060 -0.060 -0.062 -0.040
        4  0.21045  -0.128  0.108  1.000  0.076  0.077  0.077  0.076  0.085
       20  0.99283  -0.008 -0.028  0.076  1.000  0.991  0.991  0.991  0.988
       21  0.99993   0.031 -0.060  0.077  0.991  1.000  1.000  1.000  0.995
       22  0.99986   0.032 -0.060  0.077  0.991  1.000  1.000  1.000  0.995
       23  0.99984   0.035 -0.062  0.076  0.991  1.000  1.000  1.000  0.995
       24  0.99556   0.013 -0.040  0.085  0.988  0.995  0.995  0.995  1.000
 ERR MATRIX APPROXIMATE
MINUIT - FIT ONLY 1-CBO + wiggle
 **********
 **   16 **RES 
 **********
                   PARAMETER   16  beta_vw RESTORED TO VARIABLE.
                   PARAMETER   14  alpha_vw RESTORED TO VARIABLE.
                   PARAMETER   13  beta_y RESTORED TO VARIABLE.
                   PARAMETER   11  alpha_y RESTORED TO VARIABLE.
                   PARAMETER   10  beta_2CBO RESTORED TO VARIABLE.
                   PARAMETER    9  alpha_2CBO RESTORED TO VARIABLE.
                   PARAMETER    8  beta_CBO RESTORED TO VARIABLE.
                   PARAMETER    6  alpha_CBO RESTORED TO VARIABLE.
 **********
 **   17 **FIX            8
 **********
 **********
 **   18 **FIX            9
 **********
 **********
 **   19 **FIX           11
 **********
 **********
 **   20 **FIX           12
 **********
 PARAMETER   12  IS CONSTANT.   IGNORED.
 **********
 **   21 **FIX           14
 **********
 **********
 **   22 **FIX           15
 **********
 PARAMETER   15  IS CONSTANT.   IGNORED.
 **********
 **   23 **FIX           16
 **********
 **********
 **   24 **MIGRAD
 **********
 START MIGRAD MINIMIZATION.  STRATEGY  1.  CONVERGENCE WHEN EDM .LT. 1.00e-04
 FCN=1597.39 FROM MIGRAD    STATUS=INITIATE       28 CALLS        1351 TOTAL
                     EDM= unknown      STRATEGY= 1      NO ERROR MATRIX       
  EXT PARAMETER               CURRENT GUESS       STEP         FIRST   
  NO.   NAME      VALUE            ERROR          SIZE      DERIVATIVE 
   1  N0           3.09577e+06   3.20618e+02   1.36142e+01  -5.20755e-04
   2  tau          6.44044e+01   constant   
   3  A0           3.44790e-01   1.29160e-04  -1.15451e-06   1.04090e+03
   4  phi          4.11984e+00   3.79951e-04  -1.29839e-05  -1.13766e+02
   5  R           -6.14483e+01   constant   
   6  alpha_CBO    0.00000e+00   1.00000e-03   1.00000e-03   5.48379e+05
   7  w_CBO        2.32500e+00   constant   
   8  beta_CBO     0.00000e+00     fixed    
   9  alpha_2CBO   0.00000e+00     fixed    
  10  beta_2CBO    0.00000e+00   1.00000e-03   1.00000e-03  -4.80986e+04
  11  alpha_y      0.00000e+00     fixed    
  12  w_y          1.38860e+01   constant   
  13  beta_y       0.00000e+00   1.00000e-03   1.00000e-03  -1.59666e+03
  14  alpha_vw     0.00000e+00     fixed    
  15  w_vw         1.43404e+01   constant   
  16  beta_vw      0.00000e+00     fixed    
  17  LM          -5.33935e-06   constant   
  18  zeta_y       0.00000e+00   constant   
  19  zeta_vw      0.00000e+00   constant   
  20  T_CBO        2.33978e+01   2.55713e+00  -6.69145e-03  -1.94140e+02
  21  alpha_A0    -5.44245e-01   2.36647e-01  -9.17444e-02   7.15022e+00
  22  beta_A0     -2.25271e-01   9.96362e-02  -3.86175e-02   9.14818e-01
  23  alpha_phi   -2.30453e-01   9.92467e-02  -3.84348e-02   1.70433e+01
  24  beta_phi    -3.59809e-02   1.64682e-02  -6.38010e-03  -5.33862e+00
 CALL LIMIT EXCEEDED IN MIGRAD.
 MIGRAD TERMINATED WITHOUT CONVERGENCE.
 FCN=85.3784 FROM MIGRAD    STATUS=CALL LIMIT   1905 CALLS        3228 TOTAL
                     EDM=0.00212862    STRATEGY= 1  ERROR MATRIX UNCERTAINTY   0.6 per cent
  EXT PARAMETER                APPROXIMATE        STEP         FIRST   
  NO.   NAME      VALUE            ERROR          SIZE      DERIVATIVE 
   1  N0           3.09504e+06   3.06287e+02   5.09666e-01  -1.19181e-04
   2  tau          6.44044e+01   constant   
   3  A0           3.43423e-01   1.30472e-04  -6.62819e-07   5.62920e+01
   4  phi          4.11974e+00   3.76931e-04  -9.93910e-09  -8.09755e+00
   5  R           -6.14483e+01   constant   
   6  alpha_CBO   -5.48961e-03   1.34942e-04  -3.21406e-08  -7.62824e+01
   7  w_CBO        2.32500e+00   constant   
   8  beta_CBO     0.00000e+00     fixed    
   9  alpha_2CBO   0.00000e+00     fixed    
  10  beta_2CBO    3.29995e-04   1.33266e-04   2.35234e-07  -1.49003e+02
  11  alpha_y      0.00000e+00     fixed    
  12  w_y          1.38860e+01   constant   
  13  beta_y       1.34261e-05   1.34049e-04  -3.46471e-08   5.43353e+01
  14  alpha_vw     0.00000e+00     fixed    
  15  w_vw         1.43404e+01   constant   
  16  beta_vw      0.00000e+00     fixed    
  17  LM          -5.33935e-06   constant   
  18  zeta_y       0.00000e+00   constant   
  19  zeta_vw      0.00000e+00   constant   
  20  T_CBO        6.15417e+01   3.38554e+01   3.95857e-03  -6.04040e+00
  21  alpha_A0    -4.53184e-03   5.38844e-03   1.14298e-04  -5.45695e+00
  22  beta_A0     -1.05368e-02   1.16806e-02   3.12799e-04   1.03559e+01
  23  alpha_phi   -2.08704e-02   2.19323e-02   6.50715e-04   2.40502e+01
  24  beta_phi    -1.13841e-02   1.29750e-02   3.21071e-04   1.78719e+01
 EXTERNAL ERROR MATRIX.    NDIM=  25    NPAR= 11    ERR DEF=1
  9.381e+04 
  4.971e-03  1.702e-08 
 -1.918e-02  2.450e-09  1.421e-07 
  3.136e-03  4.255e-09  4.255e-10  1.821e-08 
  1.900e-03  3.423e-10 -1.541e-09  6.766e-10  1.776e-08 
 -3.145e-05 -2.402e-11 -3.150e-11  1.373e-10  5.637e-10  1.797e-08 
 -5.001e+02 -3.348e-04 -6.049e-04 -4.517e-05 -1.867e-04  1.064e-04  1.154e+03 
 -4.130e-02 -8.237e-08 -1.056e-07 -1.022e-07  2.243e-08  1.745e-08  1.364e-01  2.904e-05 
  6.220e-02 -1.226e-07 -2.472e-07 -2.407e-08 -3.736e-08  2.927e-08  3.777e-01  4.603e-05  1.364e-04 
 -7.127e-02 -2.715e-07 -4.823e-07 -9.370e-09 -1.177e-07  6.615e-08  7.388e-01  8.903e-05  2.391e-04  4.810e-04 
 -1.026e-01 -2.126e-08 -2.177e-07  2.478e-08  4.717e-08  1.145e-08  4.232e-01  5.127e-05  1.383e-04  2.654e-04  1.684e-04 
ERR MATRIX APPROXIMATE
 PARAMETER  CORRELATION COEFFICIENTS  
       NO.  GLOBAL      1      3      4      6     10     13     20     21     22     23     24
        1  0.59172   1.000  0.124 -0.166  0.076  0.047 -0.001 -0.048 -0.025  0.017 -0.011 -0.026
        3  0.37021   0.124  1.000  0.050  0.242  0.020 -0.001 -0.076 -0.117 -0.080 -0.095 -0.013
        4  0.19271  -0.166  0.050  1.000  0.008 -0.031 -0.001 -0.047 -0.052 -0.056 -0.058 -0.045
        6  0.36923   0.076  0.242  0.008  1.000  0.038  0.008 -0.010 -0.141 -0.015 -0.003  0.014
       10  0.32982   0.047  0.020 -0.031  0.038  1.000  0.032 -0.041  0.031 -0.024 -0.040  0.027
       13  0.11997  -0.001 -0.001 -0.001  0.008  0.032  1.000  0.023  0.024  0.019  0.022  0.007
       20  0.99852  -0.048 -0.076 -0.047 -0.010 -0.041  0.023  1.000  0.745  0.952  0.992  0.960
       21  0.80636  -0.025 -0.117 -0.052 -0.141  0.031  0.024  0.745  1.000  0.731  0.753  0.733
       22  0.96804   0.017 -0.080 -0.056 -0.015 -0.024  0.019  0.952  0.731  1.000  0.933  0.912
       23  0.99688  -0.011 -0.095 -0.058 -0.003 -0.040  0.022  0.992  0.753  0.933  1.000  0.933
       24  0.98198  -0.026 -0.013 -0.045  0.014  0.027  0.007  0.960  0.733  0.912  0.933  1.000
 ERR MATRIX APPROXIMATE
MINUIT - FIT ONLY 2-CBO
 **********
 **   25 **RES 
 **********
                   PARAMETER   16  beta_vw RESTORED TO VARIABLE.
                   PARAMETER   14  alpha_vw RESTORED TO VARIABLE.
                   PARAMETER   11  alpha_y RESTORED TO VARIABLE.
                   PARAMETER    9  alpha_2CBO RESTORED TO VARIABLE.
                   PARAMETER    8  beta_CBO RESTORED TO VARIABLE.
 **********
 **   26 **FIX            0
 **********
 PARAMETER    0  IS UNDEFINED. IGNORED.
 **********
 **   27 **FIX            1
 **********
 **********
 **   28 **FIX            2
 **********
 PARAMETER    2  IS CONSTANT.   IGNORED.
 **********
 **   29 **FIX            3
 **********
 **********
 **   30 **FIX            4
 **********
 **********
 **   31 **FIX            5
 **********
 PARAMETER    5  IS CONSTANT.   IGNORED.
 **********
 **   32 **FIX            6
 **********
 **********
 **   33 **FIX            7
 **********
 PARAMETER    7  IS CONSTANT.   IGNORED.
 **********
 **   34 **FIX           10
 **********
 **********
 **   35 **FIX           11
 **********
 **********
 **   36 **FIX           12
 **********
 PARAMETER   12  IS CONSTANT.   IGNORED.
 **********
 **   37 **FIX           13
 **********
 **********
 **   38 **FIX           14
 **********
 **********
 **   39 **FIX           15
 **********
 PARAMETER   15  IS CONSTANT.   IGNORED.
 **********
 **   40 **FIX           16
 **********
 **********
 **   41 **MIGRAD
 **********
 START MIGRAD MINIMIZATION.  STRATEGY  1.  CONVERGENCE WHEN EDM .LT. 1.00e-04
 FCN=85.3784 FROM MIGRAD    STATUS=INITIATE       18 CALLS        3246 TOTAL
                     EDM= unknown      STRATEGY= 1      NO ERROR MATRIX       
  EXT PARAMETER               CURRENT GUESS       STEP         FIRST   
  NO.   NAME      VALUE            ERROR          SIZE      DERIVATIVE 
   1  N0           3.09504e+06     fixed    
   2  tau          6.44044e+01   constant   
   3  A0           3.43423e-01     fixed    
   4  phi          4.11974e+00     fixed    
   5  R           -6.14483e+01   constant   
   6  alpha_CBO   -5.48961e-03     fixed    
   7  w_CBO        2.32500e+00   constant   
   8  beta_CBO     0.00000e+00   1.00000e-03   1.00000e-03   2.59450e+03
   9  alpha_2CBO   0.00000e+00   1.00000e-03   1.00000e-03   3.58845e+04
  10  beta_2CBO    3.29995e-04     fixed    
  11  alpha_y      0.00000e+00     fixed    
  12  w_y          1.38860e+01   constant   
  13  beta_y       1.34261e-05     fixed    
  14  alpha_vw     0.00000e+00     fixed    
  15  w_vw         1.43404e+01   constant   
  16  beta_vw      0.00000e+00     fixed    
  17  LM          -5.33935e-06   constant   
  18  zeta_y       0.00000e+00   constant   
  19  zeta_vw      0.00000e+00   constant   
  20  T_CBO        6.15417e+01   3.38554e+01   3.95857e-03  -6.04040e+00
  21  alpha_A0    -4.53184e-03   5.38844e-03   1.14298e-04  -5.45696e+00
  22  beta_A0     -1.05368e-02   1.16806e-02   3.12799e-04   1.03559e+01
  23  alpha_phi   -2.08704e-02   2.19323e-02   6.50715e-04   2.40502e+01
  24  beta_phi    -1.13841e-02   1.29750e-02   3.21071e-04   1.78719e+01
 MIGRAD MINIMIZATION HAS CONVERGED.
 MIGRAD WILL VERIFY CONVERGENCE AND ERROR MATRIX.
 COVARIANCE MATRIX CALCULATED SUCCESSFULLY
 FCN=78.9512 FROM MIGRAD    STATUS=CONVERGED     871 CALLS        4099 TOTAL
                     EDM=6.39272e-06    STRATEGY= 1      ERROR MATRIX ACCURATE 
  EXT PARAMETER                                   STEP         FIRST   
  NO.   NAME      VALUE            ERROR          SIZE      DERIVATIVE 
   1  N0           3.09504e+06     fixed    
   2  tau          6.44044e+01   constant   
   3  A0           3.43423e-01     fixed    
   4  phi          4.11974e+00     fixed    
   5  R           -6.14483e+01   constant   
   6  alpha_CBO   -5.48961e-03     fixed    
   7  w_CBO        2.32500e+00   constant   
   8  beta_CBO    -5.20244e-06   1.41419e-04   6.06709e-07   8.24936e+00
   9  alpha_2CBO  -3.54550e-04   1.40629e-04   5.97371e-07   1.14406e+01
  10  beta_2CBO    3.29995e-04     fixed    
  11  alpha_y      0.00000e+00     fixed    
  12  w_y          1.38860e+01   constant   
  13  beta_y       1.34261e-05     fixed    
  14  alpha_vw     0.00000e+00     fixed    
  15  w_vw         1.43404e+01   constant   
  16  beta_vw      0.00000e+00     fixed    
  17  LM          -5.33935e-06   constant   
  18  zeta_y       0.00000e+00   constant   
  19  zeta_vw      0.00000e+00   constant   
  20  T_CBO        1.35359e+02   5.37231e+02   2.31551e-04  -6.46774e-03
  21  alpha_A0    -1.92872e-03   4.78707e-03   5.22911e-06  -5.90744e-01
  22  beta_A0     -3.59550e-03   9.14975e-03   5.17436e-06   7.90230e-01
  23  alpha_phi   -8.53281e-03   2.16660e-02   4.95085e-06   4.18925e-01
  24  beta_phi    -4.35817e-03   1.11425e-02   5.41988e-06  -7.34738e-01
 EXTERNAL ERROR MATRIX.    NDIM=  25    NPAR=  7    ERR DEF=1
  2.000e-08 -1.055e-09  2.358e-03  2.347e-08  2.882e-08  1.217e-07  8.058e-08 
 -1.055e-09  1.978e-08 -4.019e-04  1.609e-09 -3.268e-08  7.602e-09 -1.275e-08 
  2.358e-03 -4.019e-04  1.835e+05  1.985e+00  3.886e+00  9.268e+00  4.743e+00 
  2.347e-08  1.609e-09  1.985e+00  2.292e-05  4.208e-05  1.004e-04  5.125e-05 
  2.882e-08 -3.268e-08  3.886e+00  4.208e-05  8.372e-05  1.962e-04  1.004e-04 
  1.217e-07  7.602e-09  9.268e+00  1.004e-04  1.962e-04  4.694e-04  2.394e-04 
  8.058e-08 -1.275e-08  4.743e+00  5.125e-05  1.004e-04  2.394e-04  1.242e-04 
 PARAMETER  CORRELATION COEFFICIENTS  
       NO.  GLOBAL      8      9     20     21     22     23     24
        8  0.18557   1.000 -0.053  0.039  0.035  0.022  0.040  0.051
        9  0.23104  -0.053  1.000 -0.007  0.002 -0.025  0.002 -0.008
       20  0.99909   0.039 -0.007  1.000  0.968  0.991  0.999  0.994
       21  0.96845   0.035  0.002  0.968  1.000  0.961  0.968  0.961
       22  0.99164   0.022 -0.025  0.991  0.961  1.000  0.990  0.985
       23  0.99864   0.040  0.002  0.999  0.968  0.990  1.000  0.992
       24  0.99382   0.051 -0.008  0.994  0.961  0.985  0.992  1.000
MINUIT - FIT wiggle + 1-CBO + 2-CBO
 **********
 **   42 **RES 
 **********
                   PARAMETER   16  beta_vw RESTORED TO VARIABLE.
                   PARAMETER   14  alpha_vw RESTORED TO VARIABLE.
                   PARAMETER   13  beta_y RESTORED TO VARIABLE.
                   PARAMETER   11  alpha_y RESTORED TO VARIABLE.
                   PARAMETER   10  beta_2CBO RESTORED TO VARIABLE.
                   PARAMETER    6  alpha_CBO RESTORED TO VARIABLE.
                   PARAMETER    4  phi RESTORED TO VARIABLE.
                   PARAMETER    3  A0 RESTORED TO VARIABLE.
                   PARAMETER    1  N0 RESTORED TO VARIABLE.
 **********
 **   43 **FIX           10
 **********
 **********
 **   44 **FIX           11
 **********
 **********
 **   45 **FIX           12
 **********
 PARAMETER   12  IS CONSTANT.   IGNORED.
 **********
 **   46 **FIX           13
 **********
 **********
 **   47 **FIX           14
 **********
 **********
 **   48 **FIX           15
 **********
 PARAMETER   15  IS CONSTANT.   IGNORED.
 **********
 **   49 **FIX           16
 **********
 **********
 **   50 **MIGRAD
 **********
 START MIGRAD MINIMIZATION.  STRATEGY  1.  CONVERGENCE WHEN EDM .LT. 1.00e-04
 FCN=78.9512 FROM MIGRAD    STATUS=INITIATE       22 CALLS        4121 TOTAL
                     EDM= unknown      STRATEGY= 1      NO ERROR MATRIX       
  EXT PARAMETER               CURRENT GUESS       STEP         FIRST   
  NO.   NAME      VALUE            ERROR          SIZE      DERIVATIVE 
   1  N0           3.09504e+06   3.06287e+02   3.06287e+02  -9.11149e-04
   2  tau          6.44044e+01   constant   
   3  A0           3.43423e-01   1.30472e-04   1.30472e-04   5.18805e+02
   4  phi          4.11974e+00   3.76931e-04   3.76931e-04  -5.73753e+02
   5  R           -6.14483e+01   constant   
   6  alpha_CBO   -5.48961e-03   1.34942e-04   1.34942e-04   1.59642e+03
   7  w_CBO        2.32500e+00   constant   
   8  beta_CBO    -5.20244e-06   1.41419e-04   6.06709e-07   8.24935e+00
   9  alpha_2CBO  -3.54550e-04   1.40629e-04   5.97371e-07   1.14406e+01
  10  beta_2CBO    3.29995e-04     fixed    
  11  alpha_y      0.00000e+00     fixed    
  12  w_y          1.38860e+01   constant   
  13  beta_y       1.34261e-05     fixed    
  14  alpha_vw     0.00000e+00     fixed    
  15  w_vw         1.43404e+01   constant   
  16  beta_vw      0.00000e+00     fixed    
  17  LM          -5.33935e-06   constant   
  18  zeta_y       0.00000e+00   constant   
  19  zeta_vw      0.00000e+00   constant   
  20  T_CBO        1.35359e+02   5.37231e+02   2.31551e-04  -6.50377e-03
  21  alpha_A0    -1.92872e-03   4.78707e-03   5.22911e-06  -5.90700e-01
  22  beta_A0     -3.59550e-03   9.14975e-03   5.17436e-06   7.90247e-01
  23  alpha_phi   -8.53281e-03   2.16660e-02   4.95085e-06   4.18923e-01
  24  beta_phi    -4.35817e-03   1.11425e-02   5.41988e-06  -7.34738e-01
 MIGRAD MINIMIZATION HAS CONVERGED.
 MIGRAD WILL VERIFY CONVERGENCE AND ERROR MATRIX.
 COVARIANCE MATRIX CALCULATED SUCCESSFULLY
 FCN=78.9107 FROM MIGRAD    STATUS=CONVERGED     218 CALLS        4317 TOTAL
                     EDM=8.23961e-05    STRATEGY= 1      ERROR MATRIX ACCURATE 
  EXT PARAMETER                                   STEP         FIRST   
  NO.   NAME      VALUE            ERROR          SIZE      DERIVATIVE 
   1  N0           3.09508e+06   3.18939e+02   1.47585e+00   2.15431e-06
   2  tau          6.44044e+01   constant   
   3  A0           3.43416e-01   1.41176e-04   5.60644e-07  -4.37180e+00
   4  phi          4.11977e+00   3.93782e-04   1.96446e-06   1.67473e+00
   5  R           -6.14483e+01   constant   
   6  alpha_CBO   -5.50523e-03   1.41666e-04   5.82626e-07   1.24784e+01
   7  w_CBO        2.32500e+00   constant   
   8  beta_CBO    -2.02922e-06   1.44195e-04   6.06547e-07   1.22690e+00
   9  alpha_2CBO  -3.57136e-04   1.41242e-04   5.97212e-07  -2.01541e+01
  10  beta_2CBO    3.29995e-04     fixed    
  11  alpha_y      0.00000e+00     fixed    
  12  w_y          1.38860e+01   constant   
  13  beta_y       1.34261e-05     fixed    
  14  alpha_vw     0.00000e+00     fixed    
  15  w_vw         1.43404e+01   constant   
  16  beta_vw      0.00000e+00     fixed    
  17  LM          -5.33935e-06   constant   
  18  zeta_y       0.00000e+00   constant   
  19  zeta_vw      0.00000e+00   constant   
  20  T_CBO        1.35148e+02   5.31648e+02   2.33209e-04  -9.72434e-03
  21  alpha_A0    -1.89459e-03   4.89827e-03   5.21352e-06   5.91132e-01
  22  beta_A0     -3.57386e-03   9.45283e-03   5.15898e-06  -1.09617e+00
  23  alpha_phi   -8.52063e-03   2.25004e-02   4.93618e-06  -1.84173e-01
  24  beta_phi    -4.38274e-03   1.15546e-02   5.40375e-06   1.03489e+00
 EXTERNAL ERROR MATRIX.    NDIM=  25    NPAR= 11    ERR DEF=1
  1.017e+05 
  2.664e-03  1.993e-08 
 -2.216e-02  3.893e-09  1.551e-07 
  2.759e-03  5.035e-09  1.199e-09  2.007e-08 
  1.039e-03  5.246e-10  1.060e-08  2.379e-10  2.079e-08 
 -1.725e-03 -3.868e-10 -3.370e-09  7.990e-10 -1.343e-09  1.995e-08 
  5.154e+03 -1.455e-02 -1.774e-02 -9.415e-04  1.105e-03  2.005e-04  1.962e+05 
  6.980e-02 -1.761e-07 -2.087e-07 -4.694e-08  8.393e-09  6.897e-09  2.100e+00  2.399e-05 
  1.838e-01 -3.105e-07 -4.100e-07 -2.271e-08  1.526e-09 -2.088e-08  4.152e+00  4.450e-05  8.936e-05 
  3.481e-01 -7.570e-07 -9.457e-07 -3.818e-08  5.716e-08  3.824e-08  9.952e+00  1.066e-04  2.106e-04  5.063e-04 
  1.308e-01 -3.398e-07 -4.507e-07 -8.962e-09  4.958e-08  2.476e-09  5.087e+00  5.432e-05  1.076e-04  2.578e-04  1.335e-04 
 PARAMETER  CORRELATION COEFFICIENTS  
       NO.  GLOBAL      1      3      4      6      8      9     20     21     22     23     24
        1  0.35713   1.000  0.059 -0.176  0.061  0.023 -0.038  0.036  0.045  0.061  0.049  0.036
        3  0.41501   0.059  1.000  0.070  0.252  0.026 -0.019 -0.233 -0.255 -0.233 -0.238 -0.208
        4  0.29413  -0.176  0.070  1.000  0.021  0.187 -0.061 -0.102 -0.108 -0.110 -0.107 -0.099
        6  0.33500   0.061  0.252  0.021  1.000  0.012  0.040 -0.015 -0.068 -0.017 -0.012 -0.005
        8  0.26697   0.023  0.026  0.187  0.012  1.000 -0.066  0.017  0.012  0.001  0.018  0.030
        9  0.24821  -0.038 -0.019 -0.061  0.040 -0.066  1.000  0.003  0.010 -0.016  0.012  0.002
       20  0.99915   0.036 -0.233 -0.102 -0.015  0.017  0.003  1.000  0.968  0.991  0.999  0.994
       21  0.96981   0.045 -0.255 -0.108 -0.068  0.012  0.010  0.968  1.000  0.961  0.968  0.960
       22  0.99215   0.061 -0.233 -0.110 -0.017  0.001 -0.016  0.991  0.961  1.000  0.990  0.985
       23  0.99874   0.049 -0.238 -0.107 -0.012  0.018  0.012  0.999  0.968  0.990  1.000  0.992
       24  0.99424   0.036 -0.208 -0.099 -0.005  0.030  0.002  0.994  0.960  0.985  0.992  1.000
MINUIT - FIT ONLY 1-y
 **********
 **   51 **RES 
 **********
                   PARAMETER   16  beta_vw RESTORED TO VARIABLE.
                   PARAMETER   14  alpha_vw RESTORED TO VARIABLE.
                   PARAMETER   13  beta_y RESTORED TO VARIABLE.
                   PARAMETER   11  alpha_y RESTORED TO VARIABLE.
                   PARAMETER   10  beta_2CBO RESTORED TO VARIABLE.
 **********
 **   52 **FIX            0
 **********
 PARAMETER    0  IS UNDEFINED. IGNORED.
 **********
 **   53 **FIX            1
 **********
 **********
 **   54 **FIX            2
 **********
 PARAMETER    2  IS CONSTANT.   IGNORED.
 **********
 **   55 **FIX            3
 **********
 **********
 **   56 **FIX            4
 **********
 **********
 **   57 **FIX            5
 **********
 PARAMETER    5  IS CONSTANT.   IGNORED.
 **********
 **   58 **FIX            6
 **********
 **********
 **   59 **FIX            7
 **********
 PARAMETER    7  IS CONSTANT.   IGNORED.
 **********
 **   60 **FIX            8
 **********
 **********
 **   61 **FIX            9
 **********
 **********
 **   62 **FIX           13
 **********
 **********
 **   63 **FIX           14
 **********
 **********
 **   64 **FIX           15
 **********
 PARAMETER   15  IS CONSTANT.   IGNORED.
 **********
 **   65 **FIX           16
 **********
 **********
 **   66 **MIGRAD
 **********
 START MIGRAD MINIMIZATION.  STRATEGY  1.  CONVERGENCE WHEN EDM .LT. 1.00e-04
 FCN=78.9107 FROM MIGRAD    STATUS=INITIATE       16 CALLS        4333 TOTAL
                     EDM= unknown      STRATEGY= 1      NO ERROR MATRIX       
  EXT PARAMETER               CURRENT GUESS       STEP         FIRST   
  NO.   NAME      VALUE            ERROR          SIZE      DERIVATIVE 
   1  N0           3.09508e+06     fixed    
   2  tau          6.44044e+01   constant   
   3  A0           3.43416e-01     fixed    
   4  phi          4.11977e+00     fixed    
   5  R           -6.14483e+01   constant   
   6  alpha_CBO   -5.50523e-03     fixed    
   7  w_CBO        2.32500e+00   constant   
   8  beta_CBO    -2.02922e-06     fixed    
   9  alpha_2CBO  -3.57136e-04     fixed    
  10  beta_2CBO    3.29995e-04   1.33266e-04   1.33266e-04   7.02802e+02
  11  alpha_y      0.00000e+00   1.00000e-03   1.00000e-03  -6.47434e+03
  12  w_y          1.38860e+01   constant   
  13  beta_y       1.34261e-05     fixed    
  14  alpha_vw     0.00000e+00     fixed    
  15  w_vw         1.43404e+01   constant   
  16  beta_vw      0.00000e+00     fixed    
  17  LM          -5.33935e-06   constant   
  18  zeta_y       0.00000e+00   constant   
  19  zeta_vw      0.00000e+00   constant   
  20  T_CBO        1.35148e+02   5.31648e+02   2.33209e-04  -9.76018e-03
  21  alpha_A0    -1.89459e-03   4.89827e-03   5.21352e-06   5.91192e-01
  22  beta_A0     -3.57386e-03   9.45283e-03   5.15898e-06  -1.09621e+00
  23  alpha_phi   -8.52063e-03   2.25004e-02   4.93618e-06  -1.84172e-01
  24  beta_phi    -4.38274e-03   1.15546e-02   5.40375e-06   1.03489e+00
 MIGRAD MINIMIZATION HAS CONVERGED.
 MIGRAD WILL VERIFY CONVERGENCE AND ERROR MATRIX.
 COVARIANCE MATRIX CALCULATED SUCCESSFULLY
 FCN=78.7105 FROM HESSE     STATUS=OK             50 CALLS        4430 TOTAL
                     EDM=9.73909e-05    STRATEGY= 1      ERROR MATRIX ACCURATE 
  EXT PARAMETER                                   STEP         FIRST   
  NO.   NAME      VALUE            ERROR          SIZE      DERIVATIVE 
   1  N0           3.09508e+06     fixed    
   2  tau          6.44044e+01   constant   
   3  A0           3.43416e-01     fixed    
   4  phi          4.11977e+00     fixed    
   5  R           -6.14483e+01   constant   
   6  alpha_CBO   -5.50523e-03     fixed    
   7  w_CBO        2.32500e+00   constant   
   8  beta_CBO    -2.02922e-06     fixed    
   9  alpha_2CBO  -3.57136e-04     fixed    
  10  beta_2CBO    3.22373e-04   1.38486e-04   5.90545e-07   6.02128e+00
  11  alpha_y      6.10226e-05   1.37165e-04   5.97687e-07   1.76182e+00
  12  w_y          1.38860e+01   constant   
  13  beta_y       1.34261e-05     fixed    
  14  alpha_vw     0.00000e+00     fixed    
  15  w_vw         1.43404e+01   constant   
  16  beta_vw      0.00000e+00     fixed    
  17  LM          -5.33935e-06   constant   
  18  zeta_y       0.00000e+00   constant   
  19  zeta_vw      0.00000e+00   constant   
  20  T_CBO        1.35251e+02   5.36429e+02   2.32962e-04  -1.00478e-02
  21  alpha_A0    -1.90628e-03   4.75264e-03   5.20318e-06  -2.04293e-01
  22  beta_A0     -3.56398e-03   9.12392e-03   5.14876e-06   6.08622e-01
  23  alpha_phi   -8.52579e-03   2.17793e-02   4.92641e-06  -6.74344e-01
  24  beta_phi    -4.38966e-03   1.12770e-02   5.39305e-06   2.75085e-01
 MIGRAD MINIMIZATION HAS CONVERGED.
 MIGRAD WILL VERIFY CONVERGENCE AND ERROR MATRIX.
 COVARIANCE MATRIX CALCULATED SUCCESSFULLY
 FCN=78.7103 FROM MIGRAD    STATUS=CONVERGED     230 CALLS        4547 TOTAL
                     EDM=1.82124e-05    STRATEGY= 1      ERROR MATRIX ACCURATE 
  EXT PARAMETER                                   STEP         FIRST   
  NO.   NAME      VALUE            ERROR          SIZE      DERIVATIVE 
   1  N0           3.09508e+06     fixed    
   2  tau          6.44044e+01   constant   
   3  A0           3.43416e-01     fixed    
   4  phi          4.11977e+00     fixed    
   5  R           -6.14483e+01   constant   
   6  alpha_CBO   -5.50523e-03     fixed    
   7  w_CBO        2.32500e+00   constant   
   8  beta_CBO    -2.02922e-06     fixed    
   9  alpha_2CBO  -3.57136e-04     fixed    
  10  beta_2CBO    3.22234e-04   1.38470e-04   5.90544e-07  -3.11296e+00
  11  alpha_y      6.10203e-05   1.37164e-04   5.97686e-07   1.82976e-01
  12  w_y          1.38860e+01   constant   
  13  beta_y       1.34261e-05     fixed    
  14  alpha_vw     0.00000e+00     fixed    
  15  w_vw         1.43404e+01   constant   
  16  beta_vw      0.00000e+00     fixed    
  17  LM          -5.33935e-06   constant   
  18  zeta_y       0.00000e+00   constant   
  19  zeta_vw      0.00000e+00   constant   
  20  T_CBO        1.44347e+02   5.52675e+02   2.52557e-04  -6.96657e-02
  21  alpha_A0    -1.81665e-03   3.87097e-03   4.99936e-06   3.02313e-01
  22  beta_A0     -3.38862e-03   7.34618e-03   4.94770e-06   1.30007e+00
  23  alpha_phi   -8.10344e-03   1.74780e-02   4.73390e-06   2.99967e+00
  24  beta_phi    -4.17242e-03   9.06872e-03   5.18174e-06   1.61305e+00
 EXTERNAL ERROR MATRIX.    NDIM=  25    NPAR=  7    ERR DEF=1
  1.917e-08 -2.892e-10 -1.442e-03  5.306e-09 -2.378e-08 -6.138e-08 -3.441e-09 
 -2.892e-10  1.881e-08  2.919e-04  9.763e-10  7.199e-09  9.304e-09  6.681e-09 
 -1.442e-03  2.919e-04  1.711e+05  1.529e+00  3.003e+00  7.216e+00  3.718e+00 
  5.306e-09  9.763e-10  1.529e+00  1.498e-05  2.689e-05  6.460e-05  3.320e-05 
 -2.378e-08  7.199e-09  3.003e+00  2.689e-05  5.397e-05  1.266e-04  6.525e-05 
 -6.138e-08  9.304e-09  7.216e+00  6.460e-05  1.266e-04  3.055e-04  1.567e-04 
 -3.441e-09  6.681e-09  3.718e+00  3.320e-05  6.525e-05  1.567e-04  8.224e-05 
 PARAMETER  CORRELATION COEFFICIENTS  
       NO.  GLOBAL     10     11     20     21     22     23     24
       10  0.20722   1.000 -0.015 -0.025  0.010 -0.023 -0.025 -0.003
       11  0.03002  -0.015  1.000  0.005  0.002  0.007  0.004  0.005
       20  0.99873  -0.025  0.005  1.000  0.955  0.988  0.998  0.991
       21  0.95606   0.010  0.002  0.955  1.000  0.945  0.955  0.946
       22  0.98824  -0.023  0.007  0.988  0.945  1.000  0.986  0.979
       23  0.99811  -0.025  0.004  0.998  0.955  0.986  1.000  0.989
       24  0.99155  -0.003  0.005  0.991  0.946  0.979  0.989  1.000
MINUIT - FIT ONLY 2-y
 **********
 **   67 **RES 
 **********
                   PARAMETER   16  beta_vw RESTORED TO VARIABLE.
                   PARAMETER   14  alpha_vw RESTORED TO VARIABLE.
                   PARAMETER   13  beta_y RESTORED TO VARIABLE.
                   PARAMETER    9  alpha_2CBO RESTORED TO VARIABLE.
                   PARAMETER    8  beta_CBO RESTORED TO VARIABLE.
                   PARAMETER    6  alpha_CBO RESTORED TO VARIABLE.
                   PARAMETER    4  phi RESTORED TO VARIABLE.
                   PARAMETER    3  A0 RESTORED TO VARIABLE.
                   PARAMETER    1  N0 RESTORED TO VARIABLE.
 **********
 **   68 **FIX            0
 **********
 PARAMETER    0  IS UNDEFINED. IGNORED.
 **********
 **   69 **FIX            1
 **********
 **********
 **   70 **FIX            2
 **********
 PARAMETER    2  IS CONSTANT.   IGNORED.
 **********
 **   71 **FIX            3
 **********
 **********
 **   72 **FIX            4
 **********
 **********
 **   73 **FIX            5
 **********
 PARAMETER    5  IS CONSTANT.   IGNORED.
 **********
 **   74 **FIX            6
 **********
 **********
 **   75 **FIX            7
 **********
 PARAMETER    7  IS CONSTANT.   IGNORED.
 **********
 **   76 **FIX            8
 **********
 **********
 **   77 **FIX            9
 **********
 **********
 **   78 **FIX           10
 **********
 **********
 **   79 **FIX           11
 **********
 **********
 **   80 **FIX           12
 **********
 PARAMETER   12  IS CONSTANT.   IGNORED.
 **********
 **   81 **FIX           16
 **********
 **********
 **   82 **MIGRAD
 **********
 START MIGRAD MINIMIZATION.  STRATEGY  1.  CONVERGENCE WHEN EDM .LT. 1.00e-04
 FCN=78.7103 FROM MIGRAD    STATUS=INITIATE       16 CALLS        4563 TOTAL
                     EDM= unknown      STRATEGY= 1      NO ERROR MATRIX       
  EXT PARAMETER               CURRENT GUESS       STEP         FIRST   
  NO.   NAME      VALUE            ERROR          SIZE      DERIVATIVE 
   1  N0           3.09508e+06     fixed    
   2  tau          6.44044e+01   constant   
   3  A0           3.43416e-01     fixed    
   4  phi          4.11977e+00     fixed    
   5  R           -6.14483e+01   constant   
   6  alpha_CBO   -5.50523e-03     fixed    
   7  w_CBO        2.32500e+00   constant   
   8  beta_CBO    -2.02922e-06     fixed    
   9  alpha_2CBO  -3.57136e-04     fixed    
  10  beta_2CBO    3.22234e-04     fixed    
  11  alpha_y      6.10203e-05     fixed    
  12  w_y          1.38860e+01   constant   
  13  beta_y       1.34261e-05   1.34049e-04   1.34049e-04  -2.04102e+02
  14  alpha_vw     0.00000e+00   1.00000e-03   1.00000e-03  -4.17432e+04
  15  w_vw         1.43404e+01   constant   
  16  beta_vw      0.00000e+00     fixed    
  17  LM          -5.33935e-06   constant   
  18  zeta_y       0.00000e+00   constant   
  19  zeta_vw      0.00000e+00   constant   
  20  T_CBO        1.44347e+02   5.52675e+02   2.52557e-04  -6.97025e-02
  21  alpha_A0    -1.81665e-03   3.87097e-03   4.99936e-06   3.02275e-01
  22  beta_A0     -3.38862e-03   7.34618e-03   4.94770e-06   1.30004e+00
  23  alpha_phi   -8.10344e-03   1.74780e-02   4.73390e-06   2.99967e+00
  24  beta_phi    -4.17242e-03   9.06872e-03   5.18174e-06   1.61306e+00
 MIGRAD MINIMIZATION HAS CONVERGED.
 MIGRAD WILL VERIFY CONVERGENCE AND ERROR MATRIX.
 COVARIANCE MATRIX CALCULATED SUCCESSFULLY
 FCN=70.137 FROM HESSE     STATUS=OK             50 CALLS        4676 TOTAL
                     EDM=0.00157599    STRATEGY= 1      ERROR MATRIX ACCURATE 
  EXT PARAMETER                                   STEP         FIRST   
  NO.   NAME      VALUE            ERROR          SIZE      DERIVATIVE 
   1  N0           3.09508e+06     fixed    
   2  tau          6.44044e+01   constant   
   3  A0           3.43416e-01     fixed    
   4  phi          4.11977e+00     fixed    
   5  R           -6.14483e+01   constant   
   6  alpha_CBO   -5.50523e-03     fixed    
   7  w_CBO        2.32500e+00   constant   
   8  beta_CBO    -2.02922e-06     fixed    
   9  alpha_2CBO  -3.57136e-04     fixed    
  10  beta_2CBO    3.22234e-04     fixed    
  11  alpha_y      6.10203e-05     fixed    
  12  w_y          1.38860e+01   constant   
  13  beta_y      -8.10663e-05   1.39184e-04   5.56627e-07   6.87075e-01
  14  alpha_vw     4.11237e-04   1.40463e-04   5.61812e-07   7.75610e-01
