 + ++++++++++++++++++++++++++++++++++++++++++++++++++++++++++++++++++++ +
 +                                                                      +
 +           You have chose to blind your fitting according to          +
 +                omega_ref * (1 + (R +/- deltaR) *10^{-6})             +
 +                                                                      +
 + ++++++++++++++++++++++++++++++++++++++++++++++++++++++++++++++++++++ +
In main()...
reading format from /gm2data/zkhechad/run45/envelope/formats/formatB_sBin_constraintOn.txt
pBinTau 	= 0  
pBinPhi 	= 0  
constraintau 	= 1 
includeMopTerm 	= 0    
constrainMop    = 0   
Parameters after format file: pBinTau 0 pBinPhi 0 constraintau 1 includeMopTerm 0 constrainMop 0 c_e_scale 0.000000 
Opening file /gm2data/tbarrett/gm2fr/studies/run23_bunch_corrections/CorrectedFourier_Run3b.root.
reading full fit data from /gm2data/zkhechad/cboTemplates/Run4CBOTemplates/fullFits/noRF/sBin_constraintOn_cE0.0_seed0_noRF_calo4.root
windowBins = 69
fitting sliding window 1190 from bin 1326 at 197.690000 to bin 1395 at 208.134000 (69 bins)

Reading data from /gm2data/cornell/histograms/aMethod/histogram_a_noRF.root
 **********
 **    1 **SET PRINTOUT            1
 **********
 **********
 **    2 **SET NOWARNINGS 
 **********
 PARAMETER DEFINITIONS:
    NO.   NAME         VALUE      STEP SIZE      LIMITS
     1 N0           2.96874e+06  1.00000e+02     no limits
     2 tau          6.44041e+01  constant
     3 A0           3.53299e-01  1.00000e-04     no limits
     4 phi          4.11736e+00  1.00000e-02     no limits
     5 R           -5.92716e+01  constant
     6 alpha_CBO    0.00000e+00  1.00000e-03     no limits
     7 w_CBO        2.32500e+00  constant
     8 beta_CBO     0.00000e+00  1.00000e-03     no limits
     9 alpha_2CBO   0.00000e+00  1.00000e-03     no limits
    10 beta_2CBO    0.00000e+00  1.00000e-03     no limits
    11 alpha_y      0.00000e+00  1.00000e-03     no limits
    12 w_y          1.38860e+01  constant
    13 beta_y       0.00000e+00  1.00000e-03     no limits
    14 alpha_vw     0.00000e+00  1.00000e-03     no limits
    15 w_vw         1.43404e+01  constant
    16 beta_vw      0.00000e+00  1.00000e-03     no limits
    17 LM           4.68092e-05  constant
    18 zeta_y       0.00000e+00  constant
    19 zeta_vw      0.00000e+00  constant
    20 T_CBO        1.00000e+02  1.00000e+00    0.00000e+00  1.00000e+03
    21 alpha_A0     0.00000e+00  1.00000e-04   -1.00000e-02  1.00000e-02
    22 beta_A0      0.00000e+00  1.00000e-04   -1.00000e-02  1.00000e-02
    23 alpha_phi    0.00000e+00  1.00000e-04   -1.00000e-02  1.00000e-02
    24 beta_phi     0.00000e+00  1.00000e-04   -1.00000e-02  1.00000e-02
MINUIT - FIT ONLY WIGGLE
 **********
 **    3 **FIX            5
 **********
 PARAMETER    5  IS CONSTANT.   IGNORED.
 **********
 **    4 **FIX            6
 **********
 **********
 **    5 **FIX            7
 **********
 PARAMETER    7  IS CONSTANT.   IGNORED.
 **********
 **    6 **FIX            8
 **********
 **********
 **    7 **FIX            9
 **********
 **********
 **    8 **FIX           10
 **********
 **********
 **    9 **FIX           11
 **********
 **********
 **   10 **FIX           12
 **********
 PARAMETER   12  IS CONSTANT.   IGNORED.
 **********
 **   11 **FIX           13
 **********
 **********
 **   12 **FIX           14
 **********
 **********
 **   13 **FIX           15
 **********
 PARAMETER   15  IS CONSTANT.   IGNORED.
 **********
 **   14 **FIX           16
 **********
 **********
 **   15 **MIGRAD
 **********
 FIRST CALL TO USER FUNCTION AT NEW START POINT, WITH IFLAG=4.
 START MIGRAD MINIMIZATION.  STRATEGY  1.  CONVERGENCE WHEN EDM .LT. 1.00e-04
 FCN=261.812 FROM MIGRAD    STATUS=INITIATE      437 CALLS         438 TOTAL
                     EDM= unknown      STRATEGY= 1      NO ERROR MATRIX       
  EXT PARAMETER               CURRENT GUESS       STEP         FIRST   
  NO.   NAME      VALUE            ERROR          SIZE      DERIVATIVE 
   1  N0           2.96874e+06   1.00000e+02   0.00000e+00  -8.87364e-03
   2  tau          6.44041e+01   constant   
   3  A0           3.53299e-01   1.00000e-04   0.00000e+00  -1.47466e+04
   4  phi          4.11736e+00   1.00000e-02   0.00000e+00   1.24902e+02
   5  R           -5.92716e+01   constant   
   6  alpha_CBO    0.00000e+00     fixed    
   7  w_CBO        2.32500e+00   constant   
   8  beta_CBO     0.00000e+00     fixed    
   9  alpha_2CBO   0.00000e+00     fixed    
  10  beta_2CBO    0.00000e+00     fixed    
  11  alpha_y      0.00000e+00     fixed    
  12  w_y          1.38860e+01   constant   
  13  beta_y       0.00000e+00     fixed    
  14  alpha_vw     0.00000e+00     fixed    
  15  w_vw         1.43404e+01   constant   
  16  beta_vw      0.00000e+00     fixed    
  17  LM           4.68092e-05   constant   
  18  zeta_y       0.00000e+00   constant   
  19  zeta_vw      0.00000e+00   constant   
  20  T_CBO        1.00000e+02   1.00000e+00   0.00000e+00   0.00000e+00
  21  alpha_A0     0.00000e+00   1.00000e-04   0.00000e+00  -3.71267e+00
  22  beta_A0      0.00000e+00   1.00000e-04   0.00000e+00  -6.13576e+00
  23  alpha_phi    0.00000e+00   1.00000e-04   0.00000e+00  -3.93718e+00
  24  beta_phi     0.00000e+00   1.00000e-04   0.00000e+00   1.25011e+01
 MIGRAD MINIMIZATION HAS CONVERGED.
 MIGRAD WILL VERIFY CONVERGENCE AND ERROR MATRIX.
 COVARIANCE MATRIX CALCULATED SUCCESSFULLY
 FCN=206.457 FROM MIGRAD    STATUS=CONVERGED     995 CALLS         996 TOTAL
                     EDM=9.11449e-06    STRATEGY= 1      ERROR MATRIX ACCURATE 
  EXT PARAMETER                                   STEP         FIRST   
  NO.   NAME      VALUE            ERROR          SIZE      DERIVATIVE 
   1  N0           2.96927e+06   6.38804e+02   4.18206e+00  -2.47719e-06
   2  tau          6.44041e+01   constant   
   3  A0           3.54234e-01   2.84712e-04   1.94312e-06   3.70470e+00
   4  phi          4.11712e+00   7.94620e-04   5.47618e-06   3.09347e-01
   5  R           -5.92716e+01   constant   
   6  alpha_CBO    0.00000e+00     fixed    
   7  w_CBO        2.32500e+00   constant   
   8  beta_CBO     0.00000e+00     fixed    
   9  alpha_2CBO   0.00000e+00     fixed    
  10  beta_2CBO    0.00000e+00     fixed    
  11  alpha_y      0.00000e+00     fixed    
  12  w_y          1.38860e+01   constant   
  13  beta_y       0.00000e+00     fixed    
  14  alpha_vw     0.00000e+00     fixed    
  15  w_vw         1.43404e+01   constant   
  16  beta_vw      0.00000e+00     fixed    
  17  LM           4.68092e-05   constant   
  18  zeta_y       0.00000e+00   constant   
  19  zeta_vw      0.00000e+00   constant   
  20  T_CBO        4.23180e+02   1.64695e+02   1.78864e-03  -1.24748e-02
  21  alpha_A0     4.06101e-03   1.96792e-03   1.40321e-03  -3.94719e-03
  22  beta_A0      5.76055e-03   1.96720e-03   1.49108e-03   4.77420e-03
  23  alpha_phi    4.95261e-03   1.99675e-03   1.45545e-03  -6.37753e-03
  24  beta_phi    -9.99998e-03   1.81791e-02   2.23608e-02   2.38146e-04
 EXTERNAL ERROR MATRIX.    NDIM=  25    NPAR=  8    ERR DEF=1
  4.081e+05 -8.823e-03  8.821e-02 -2.590e+04 -1.512e-01 -1.463e-01 -7.735e-02  6.270e-05 
 -8.823e-03  8.106e-08  9.534e-10  4.939e-03  3.091e-08 -9.662e-09 -7.821e-08  1.275e-11 
  8.821e-02  9.534e-10  6.314e-07 -1.286e-02 -3.215e-08 -1.829e-08 -1.418e-07  2.125e-10 
 -2.590e+04  4.939e-03 -1.286e-02  2.819e+04 -1.026e-01  1.594e-01  1.348e-01  3.488e-03 
 -1.512e-01  3.091e-08 -3.215e-08 -1.026e-01  3.934e-06 -8.249e-07 -9.026e-07 -1.608e-08 
 -1.463e-01 -9.662e-09 -1.829e-08  1.594e-01 -8.249e-07  3.947e-06  7.827e-07  2.270e-08 
 -7.735e-02 -7.821e-08 -1.418e-07  1.348e-01 -9.026e-07  7.827e-07  4.059e-06  1.954e-08 
  6.270e-05  1.275e-11  2.125e-10  3.488e-03 -1.608e-08  2.270e-08  1.954e-08  5.777e-09 
 PARAMETER  CORRELATION COEFFICIENTS  
       NO.  GLOBAL      1      3      4     20     21     22     23     24
        1  0.35249   1.000 -0.049  0.174 -0.241 -0.119 -0.115 -0.060  0.001
        3  0.24143  -0.049  1.000  0.004  0.103  0.055 -0.017 -0.136  0.001
        4  0.19945   0.174  0.004  1.000 -0.096 -0.020 -0.012 -0.089  0.004
       20  0.66428  -0.241  0.103 -0.096  1.000 -0.308  0.478  0.399  0.273
       21  0.39312  -0.119  0.055 -0.020 -0.308  1.000 -0.209 -0.226 -0.107
       22  0.48814  -0.115 -0.017 -0.012  0.478 -0.209  1.000  0.196  0.150
       23  0.45039  -0.060 -0.136 -0.089  0.399 -0.226  0.196  1.000  0.128
       24  0.28494   0.001  0.001  0.004  0.273 -0.107  0.150  0.128  1.000
MINUIT - FIT ONLY 1-CBO + wiggle
 **********
 **   16 **RES 
 **********
                   PARAMETER   16  beta_vw RESTORED TO VARIABLE.
                   PARAMETER   14  alpha_vw RESTORED TO VARIABLE.
                   PARAMETER   13  beta_y RESTORED TO VARIABLE.
                   PARAMETER   11  alpha_y RESTORED TO VARIABLE.
                   PARAMETER   10  beta_2CBO RESTORED TO VARIABLE.
                   PARAMETER    9  alpha_2CBO RESTORED TO VARIABLE.
                   PARAMETER    8  beta_CBO RESTORED TO VARIABLE.
                   PARAMETER    6  alpha_CBO RESTORED TO VARIABLE.
 **********
 **   17 **FIX            8
 **********
 **********
 **   18 **FIX            9
 **********
 **********
 **   19 **FIX           11
 **********
 **********
 **   20 **FIX           12
 **********
 PARAMETER   12  IS CONSTANT.   IGNORED.
 **********
 **   21 **FIX           14
 **********
 **********
 **   22 **FIX           15
 **********
 PARAMETER   15  IS CONSTANT.   IGNORED.
 **********
 **   23 **FIX           16
 **********
 **********
 **   24 **MIGRAD
 **********
 START MIGRAD MINIMIZATION.  STRATEGY  1.  CONVERGENCE WHEN EDM .LT. 1.00e-04
 FCN=206.457 FROM MIGRAD    STATUS=INITIATE       28 CALLS        1024 TOTAL
                     EDM= unknown      STRATEGY= 1      NO ERROR MATRIX       
  EXT PARAMETER               CURRENT GUESS       STEP         FIRST   
  NO.   NAME      VALUE            ERROR          SIZE      DERIVATIVE 
   1  N0           2.96927e+06   6.38804e+02   4.18206e+00  -2.47719e-06
   2  tau          6.44041e+01   constant   
   3  A0           3.54234e-01   2.84712e-04   1.94312e-06   3.70470e+00
   4  phi          4.11712e+00   7.94620e-04   5.47618e-06   3.09348e-01
   5  R           -5.92716e+01   constant   
   6  alpha_CBO    0.00000e+00   1.00000e-03   1.00000e-03   2.39062e+04
   7  w_CBO        2.32500e+00   constant   
   8  beta_CBO     0.00000e+00     fixed    
   9  alpha_2CBO   0.00000e+00     fixed    
  10  beta_2CBO    0.00000e+00   1.00000e-03   1.00000e-03  -2.78096e+03
  11  alpha_y      0.00000e+00     fixed    
  12  w_y          1.38860e+01   constant   
  13  beta_y       0.00000e+00   1.00000e-03   1.00000e-03  -5.14507e+03
  14  alpha_vw     0.00000e+00     fixed    
  15  w_vw         1.43404e+01   constant   
  16  beta_vw      0.00000e+00     fixed    
  17  LM           4.68092e-05   constant   
  18  zeta_y       0.00000e+00   constant   
  19  zeta_vw      0.00000e+00   constant   
  20  T_CBO        4.23180e+02   1.64695e+02   1.78864e-03  -1.25517e-02
  21  alpha_A0     4.06101e-03   1.96792e-03   1.40321e-03  -3.96859e-03
  22  beta_A0      5.76055e-03   1.96720e-03   1.49108e-03  -4.80747e-03
  23  alpha_phi    4.95261e-03   1.99675e-03   1.45545e-03   6.35045e-03
  24  beta_phi    -9.99998e-03   1.81791e-02   2.23608e-02   2.42949e-04
 MIGRAD MINIMIZATION HAS CONVERGED.
 FCN=193.162 FROM MIGRAD    STATUS=CONVERGED     171 CALLS        1167 TOTAL
                     EDM=6.77585e-06    STRATEGY= 1  ERROR MATRIX UNCERTAINTY   5.5 per cent
  EXT PARAMETER                                   STEP         FIRST   
  NO.   NAME      VALUE            ERROR          SIZE      DERIVATIVE 
   1  N0           2.96924e+06   6.34558e+02  -2.55763e+00   2.74091e-06
   2  tau          6.44041e+01   constant   
   3  A0           3.54262e-01   2.69586e-04  -1.62260e-07  -1.18029e+01
   4  phi          4.11769e+00   8.19254e-04  -1.80075e-06  -1.43280e+00
   5  R           -5.92716e+01   constant   
   6  alpha_CBO   -1.05692e-03   2.97635e-04   9.31685e-08   4.94203e-01
   7  w_CBO        2.32500e+00   constant   
   8  beta_CBO     0.00000e+00     fixed    
   9  alpha_2CBO   0.00000e+00     fixed    
  10  beta_2CBO    4.81670e-05   2.77960e-04  -8.35923e-07  -3.28730e+00
  11  alpha_y      0.00000e+00     fixed    
  12  w_y          1.38860e+01   constant   
  13  beta_y       2.30721e-04   2.87473e-04   3.52890e-07   3.42491e+00
  14  alpha_vw     0.00000e+00     fixed    
  15  w_vw         1.43404e+01   constant   
  16  beta_vw      0.00000e+00     fixed    
  17  LM           4.68092e-05   constant   
  18  zeta_y       0.00000e+00   constant   
  19  zeta_vw      0.00000e+00   constant   
  20  T_CBO        4.33750e+02   1.61411e+02   2.15142e-03  -6.47705e-03
  21  alpha_A0     3.27796e-03   1.95504e-03   2.22507e-04   6.21448e-03
  22  beta_A0      5.66816e-03   1.88936e-03  -1.60613e-03  -8.41409e-03
  23  alpha_phi    5.10080e-03   1.98732e-03  -1.13738e-03   2.22971e-03
  24  beta_phi    -1.00000e-02   1.84211e-02   2.55465e-04** at limit **
 EXTERNAL ERROR MATRIX.    NDIM=  25    NPAR= 11    ERR DEF=1
  4.027e+05 
 -2.290e-03  7.268e-08 
  8.208e-02  1.927e-09  6.712e-07 
  3.075e-03 -1.677e-09 -4.677e-08  8.859e-08 
  8.839e-03 -2.563e-09  2.422e-09  5.122e-09  7.726e-08 
 -4.066e-03  2.224e-09  2.987e-09 -1.715e-09 -1.027e-10  8.264e-08 
 -2.532e+04  2.096e-03 -1.200e-02 -7.820e-04 -1.241e-03  7.553e-05  2.703e+04 
 -1.820e-01  3.333e-08 -4.015e-08  6.879e-08  2.143e-08  3.785e-09 -6.846e-02  3.878e-06 
  1.199e-01  3.408e-08  4.856e-08  1.013e-08 -1.012e-08  1.018e-08 -1.379e-01  7.232e-07  3.634e-06 
  1.151e-01  4.800e-08  8.012e-08 -1.081e-08  1.353e-08  5.633e-09 -1.468e-01  5.704e-07  7.839e-07  4.022e-06 
 -1.790e-06 -2.323e-13 -5.938e-13 -8.191e-14  9.114e-13 -3.014e-13  1.324e-06 -7.977e-12  7.197e-12 -1.907e-13  1.915e-11 
 PARAMETER  CORRELATION COEFFICIENTS  
       NO.  GLOBAL      1      3      4      6     10     13     20     21     22     23     24
        1  0.35035   1.000 -0.013  0.158  0.016  0.050 -0.022 -0.243 -0.146  0.099  0.090 -0.001
        3  0.17965  -0.013  1.000  0.009 -0.021 -0.034  0.029  0.047  0.063  0.066  0.089 -0.000
        4  0.25744   0.158  0.009  1.000 -0.192  0.011  0.013 -0.089 -0.025  0.031  0.049 -0.000
        6  0.24196   0.016 -0.021 -0.192  1.000  0.062 -0.020 -0.016  0.117  0.018 -0.018 -0.000
       10  0.10446   0.050 -0.034  0.011  0.062  1.000 -0.001 -0.027  0.039 -0.019  0.024  0.001
       13  0.04758  -0.022  0.029  0.013 -0.020 -0.001  1.000  0.002  0.007  0.019  0.010 -0.000
       20  0.61887  -0.243  0.047 -0.089 -0.016 -0.027  0.002  1.000 -0.211 -0.440 -0.445  0.002
       21  0.34519  -0.146  0.063 -0.025  0.117  0.039  0.007 -0.211  1.000  0.193  0.144 -0.001
       22  0.46024   0.099  0.066  0.031  0.018 -0.019  0.019 -0.440  0.193  1.000  0.205  0.001
       23  0.46190   0.090  0.089  0.049 -0.018  0.024  0.010 -0.445  0.144  0.205  1.000 -0.000
       24  0.00309  -0.001 -0.000 -0.000 -0.000  0.001 -0.000  0.002 -0.001  0.001 -0.000  1.000
MINUIT - FIT ONLY 2-CBO
 **********
 **   25 **RES 
 **********
                   PARAMETER   16  beta_vw RESTORED TO VARIABLE.
                   PARAMETER   14  alpha_vw RESTORED TO VARIABLE.
                   PARAMETER   11  alpha_y RESTORED TO VARIABLE.
                   PARAMETER    9  alpha_2CBO RESTORED TO VARIABLE.
                   PARAMETER    8  beta_CBO RESTORED TO VARIABLE.
 **********
 **   26 **FIX            0
 **********
 PARAMETER    0  IS UNDEFINED. IGNORED.
 **********
 **   27 **FIX            1
 **********
 **********
 **   28 **FIX            2
 **********
 PARAMETER    2  IS CONSTANT.   IGNORED.
 **********
 **   29 **FIX            3
 **********
 **********
 **   30 **FIX            4
 **********
 **********
 **   31 **FIX            5
 **********
 PARAMETER    5  IS CONSTANT.   IGNORED.
 **********
 **   32 **FIX            6
 **********
 **********
 **   33 **FIX            7
 **********
 PARAMETER    7  IS CONSTANT.   IGNORED.
 **********
 **   34 **FIX           10
 **********
 **********
 **   35 **FIX           11
 **********
 **********
 **   36 **FIX           12
 **********
 PARAMETER   12  IS CONSTANT.   IGNORED.
 **********
 **   37 **FIX           13
 **********
 **********
 **   38 **FIX           14
 **********
 **********
 **   39 **FIX           15
 **********
 PARAMETER   15  IS CONSTANT.   IGNORED.
 **********
 **   40 **FIX           16
 **********
 **********
 **   41 **MIGRAD
 **********
 START MIGRAD MINIMIZATION.  STRATEGY  1.  CONVERGENCE WHEN EDM .LT. 1.00e-04
 FCN=193.162 FROM MIGRAD    STATUS=INITIATE       18 CALLS        1185 TOTAL
                     EDM= unknown      STRATEGY= 1      NO ERROR MATRIX       
  EXT PARAMETER               CURRENT GUESS       STEP         FIRST   
  NO.   NAME      VALUE            ERROR          SIZE      DERIVATIVE 
   1  N0           2.96924e+06     fixed    
   2  tau          6.44041e+01   constant   
   3  A0           3.54262e-01     fixed    
   4  phi          4.11769e+00     fixed    
   5  R           -5.92716e+01   constant   
   6  alpha_CBO   -1.05692e-03     fixed    
   7  w_CBO        2.32500e+00   constant   
   8  beta_CBO     0.00000e+00   1.00000e-03   1.00000e-03   7.92079e+04
   9  alpha_2CBO   0.00000e+00   1.00000e-03   1.00000e-03  -9.42644e+03
  10  beta_2CBO    4.81670e-05     fixed    
  11  alpha_y      0.00000e+00     fixed    
  12  w_y          1.38860e+01   constant   
  13  beta_y       2.30721e-04     fixed    
  14  alpha_vw     0.00000e+00     fixed    
  15  w_vw         1.43404e+01   constant   
  16  beta_vw      0.00000e+00     fixed    
  17  LM           4.68092e-05   constant   
  18  zeta_y       0.00000e+00   constant   
  19  zeta_vw      0.00000e+00   constant   
  20  T_CBO        4.33750e+02   1.61411e+02   2.15142e-03  -6.54016e-03
  21  alpha_A0     3.27796e-03   1.95504e-03   2.22507e-04   6.21609e-03
  22  beta_A0      5.66816e-03   1.88936e-03  -1.60613e-03  -8.40643e-03
  23  alpha_phi    5.10080e-03   1.98732e-03  -1.13738e-03   2.23507e-03
  24  beta_phi    -9.99998e-03   1.84211e-02   2.55465e-04   2.22748e-04
 MIGRAD MINIMIZATION HAS CONVERGED.
 MIGRAD WILL VERIFY CONVERGENCE AND ERROR MATRIX.
 COVARIANCE MATRIX CALCULATED SUCCESSFULLY
 FCN=62.8891 FROM MIGRAD    STATUS=CONVERGED     213 CALLS        1380 TOTAL
                     EDM=5.89969e-06    STRATEGY= 1      ERROR MATRIX ACCURATE 
  EXT PARAMETER                                   STEP         FIRST   
  NO.   NAME      VALUE            ERROR          SIZE      DERIVATIVE 
   1  N0           2.96924e+06     fixed    
   2  tau          6.44041e+01   constant   
   3  A0           3.54262e-01     fixed    
   4  phi          4.11769e+00     fixed    
   5  R           -5.92716e+01   constant   
   6  alpha_CBO   -1.05692e-03     fixed    
   7  w_CBO        2.32500e+00   constant   
   8  beta_CBO    -3.23381e-03   2.85431e-04   1.09569e-06   5.66803e-01
   9  alpha_2CBO   4.67772e-04   2.92550e-04   1.11350e-06   1.35499e+00
  10  beta_2CBO    4.81670e-05     fixed    
  11  alpha_y      0.00000e+00     fixed    
  12  w_y          1.38860e+01   constant   
  13  beta_y       2.30721e-04     fixed    
  14  alpha_vw     0.00000e+00     fixed    
  15  w_vw         1.43404e+01   constant   
  16  beta_vw      0.00000e+00     fixed    
  17  LM           4.68092e-05   constant   
  18  zeta_y       0.00000e+00   constant   
  19  zeta_vw      0.00000e+00   constant   
  20  T_CBO        4.68963e+02   1.83242e+02   1.30490e-03  -4.95901e-04
  21  alpha_A0     2.67354e-03   1.82360e-03   7.05531e-04   1.05680e-03
  22  beta_A0      2.00316e-03   1.69899e-03   6.60931e-04   3.13269e-03
  23  alpha_phi    4.33893e-03   1.84031e-03   7.43958e-04  -4.93150e-05
  24  beta_phi    -9.99906e-03   1.06199e-02   1.76042e-02  -5.90855e-04
 EXTERNAL ERROR MATRIX.    NDIM=  25    NPAR=  7    ERR DEF=1
  8.147e-08 -1.612e-09  1.122e-04  2.972e-09  8.566e-08  1.315e-08  1.964e-11 
 -1.612e-09  8.559e-08  8.532e-03 -9.917e-08 -3.331e-08 -4.507e-08  5.141e-13 
  1.122e-04  8.532e-03  3.521e+04 -8.723e-02 -4.427e-02 -1.269e-01 -2.402e-02 
  2.972e-09 -9.917e-08 -8.723e-02  3.366e-06  3.350e-07  6.275e-07  5.926e-08 
  8.566e-08 -3.331e-08 -4.427e-02  3.350e-07  2.916e-06  1.618e-07  4.444e-08 
  1.315e-08 -4.507e-08 -1.269e-01  6.275e-07  1.618e-07  3.435e-06  9.698e-08 
  1.964e-11  5.141e-13 -2.402e-02  5.926e-08  4.444e-08  9.698e-08  6.227e-07 
 PARAMETER  CORRELATION COEFFICIENTS  
       NO.  GLOBAL      8      9     20     21     22     23     24
        8  0.18056   1.000 -0.019  0.002  0.006  0.176  0.025  0.000
        9  0.22121  -0.019  1.000  0.155 -0.185 -0.067 -0.083  0.000
       20  0.45326   0.002  0.155  1.000 -0.253 -0.138 -0.365 -0.162
       21  0.31513   0.006 -0.185 -0.253  1.000  0.107  0.185  0.041
       22  0.23814   0.176 -0.067 -0.138  0.107  1.000  0.051  0.033
       23  0.37842   0.025 -0.083 -0.365  0.185  0.051  1.000  0.066
       24  0.16491   0.000  0.000 -0.162  0.041  0.033  0.066  1.000
MINUIT - FIT wiggle + 1-CBO + 2-CBO
 **********
 **   42 **RES 
 **********
                   PARAMETER   16  beta_vw RESTORED TO VARIABLE.
                   PARAMETER   14  alpha_vw RESTORED TO VARIABLE.
                   PARAMETER   13  beta_y RESTORED TO VARIABLE.
                   PARAMETER   11  alpha_y RESTORED TO VARIABLE.
                   PARAMETER   10  beta_2CBO RESTORED TO VARIABLE.
                   PARAMETER    6  alpha_CBO RESTORED TO VARIABLE.
                   PARAMETER    4  phi RESTORED TO VARIABLE.
                   PARAMETER    3  A0 RESTORED TO VARIABLE.
                   PARAMETER    1  N0 RESTORED TO VARIABLE.
 **********
 **   43 **FIX           10
 **********
 **********
 **   44 **FIX           11
 **********
 **********
 **   45 **FIX           12
 **********
 PARAMETER   12  IS CONSTANT.   IGNORED.
 **********
 **   46 **FIX           13
 **********
 **********
 **   47 **FIX           14
 **********
 **********
 **   48 **FIX           15
 **********
 PARAMETER   15  IS CONSTANT.   IGNORED.
 **********
 **   49 **FIX           16
 **********
 **********
 **   50 **MIGRAD
 **********
 START MIGRAD MINIMIZATION.  STRATEGY  1.  CONVERGENCE WHEN EDM .LT. 1.00e-04
 FCN=62.8891 FROM MIGRAD    STATUS=INITIATE       24 CALLS        1404 TOTAL
                     EDM= unknown      STRATEGY= 1      NO ERROR MATRIX       
  EXT PARAMETER               CURRENT GUESS       STEP         FIRST   
  NO.   NAME      VALUE            ERROR          SIZE      DERIVATIVE 
   1  N0           2.96924e+06   6.34558e+02   6.34558e+02   1.91686e-03
   2  tau          6.44041e+01   constant   
   3  A0           3.54262e-01   2.69586e-04   2.69586e-04   2.05526e+04
   4  phi          4.11769e+00   8.19254e-04   8.19254e-04   7.51509e+02
   5  R           -5.92716e+01   constant   
   6  alpha_CBO   -1.05692e-03   2.97635e-04   2.97635e-04   1.74022e+03
   7  w_CBO        2.32500e+00   constant   
   8  beta_CBO    -3.23381e-03   2.85431e-04   1.09569e-06   5.66798e-01
   9  alpha_2CBO   4.67772e-04   2.92550e-04   1.11350e-06   1.35499e+00
  10  beta_2CBO    4.81670e-05     fixed    
  11  alpha_y      0.00000e+00     fixed    
  12  w_y          1.38860e+01   constant   
  13  beta_y       2.30721e-04     fixed    
  14  alpha_vw     0.00000e+00     fixed    
  15  w_vw         1.43404e+01   constant   
  16  beta_vw      0.00000e+00     fixed    
  17  LM           4.68092e-05   constant   
  18  zeta_y       0.00000e+00   constant   
  19  zeta_vw      0.00000e+00   constant   
  20  T_CBO        4.68963e+02   1.83242e+02   1.30490e-03  -5.19374e-04
  21  alpha_A0     2.67354e-03   1.82360e-03   7.05531e-04   1.05258e-03
  22  beta_A0      2.00316e-03   1.69899e-03   6.60931e-04   3.12955e-03
  23  alpha_phi    4.33893e-03   1.84031e-03   7.43958e-04  -5.04708e-05
  24  beta_phi    -9.99906e-03   1.06199e-02   1.76042e-02   8.47510e-04
 MIGRAD MINIMIZATION HAS CONVERGED.
 FCN=53.2885 FROM MIGRAD    STATUS=CONVERGED     199 CALLS        1579 TOTAL
                     EDM=8.32746e-07    STRATEGY= 1  ERROR MATRIX UNCERTAINTY   1.9 per cent
  EXT PARAMETER                                   STEP         FIRST   
  NO.   NAME      VALUE            ERROR          SIZE      DERIVATIVE 
   1  N0           2.96887e+06   5.71148e+02   1.94135e-01  -9.05389e-07
   2  tau          6.44041e+01   constant   
   3  A0           3.53378e-01   2.92290e-04  -1.16297e-07   2.96065e-01
   4  phi          4.11735e+00   7.67220e-04   6.29789e-07   7.02069e-01
   5  R           -5.92716e+01   constant   
   6  alpha_CBO   -1.10138e-03   2.78615e-04   3.14674e-07   1.79377e+00
   7  w_CBO        2.32500e+00   constant   
   8  beta_CBO    -3.47405e-03   2.95360e-04  -2.92657e-08  -2.16055e+00
   9  alpha_2CBO   4.91595e-04   2.93574e-04  -9.02428e-09  -1.27263e+00
  10  beta_2CBO    4.81670e-05     fixed    
  11  alpha_y      0.00000e+00     fixed    
  12  w_y          1.38860e+01   constant   
  13  beta_y       2.30721e-04     fixed    
  14  alpha_vw     0.00000e+00     fixed    
  15  w_vw         1.43404e+01   constant   
  16  beta_vw      0.00000e+00     fixed    
  17  LM           4.68092e-05   constant   
  18  zeta_y       0.00000e+00   constant   
  19  zeta_vw      0.00000e+00   constant   
  20  T_CBO        4.48393e+02   1.64481e+02   9.78846e-04  -2.81648e-03
  21  alpha_A0     2.39823e-03   1.87099e-03  -4.80121e-04  -3.05759e-03
  22  beta_A0      1.37451e-03   1.74925e-03   3.43148e-05   5.46926e-03
  23  alpha_phi    3.28266e-03   1.90315e-03  -3.28405e-04  -7.18670e-04
  24  beta_phi    -1.00000e-02   1.28953e-02  -1.23714e-03** at limit **
 EXTERNAL ERROR MATRIX.    NDIM=  25    NPAR= 11    ERR DEF=1
  3.262e+05 
  3.716e-03  8.543e-08 
  1.418e-02  1.067e-08  5.886e-07 
  4.329e-03 -2.095e-09 -1.364e-08  7.763e-08 
  1.280e-02  2.147e-08  9.045e-09 -1.683e-09  8.724e-08 
  9.730e-04 -2.595e-09  2.522e-09  2.537e-09 -1.740e-09  8.619e-08 
 -8.867e+03  2.905e-03 -3.133e-03 -1.264e-03  1.491e-03  7.574e-03  2.810e+04 
 -7.375e-02  2.542e-08  1.133e-07  4.320e-08  1.115e-08 -8.232e-08 -7.702e-02  3.545e-06 
 -5.308e-03  6.089e-08  4.087e-08 -9.613e-09  7.262e-08 -2.074e-08 -2.107e-02  2.196e-07  3.092e-06 
 -3.918e-02  1.058e-07  7.052e-08  8.832e-09  2.428e-08 -5.244e-08 -8.372e-02  5.085e-07  3.246e-07  3.672e-06 
  2.462e-06 -1.076e-11 -9.117e-11  1.530e-11 -1.074e-10 -1.452e-11 -1.909e-04  9.789e-10  3.497e-10  1.017e-09  2.016e-11 
 PARAMETER  CORRELATION COEFFICIENTS  
       NO.  GLOBAL      1      3      4      6      8      9     20     21     22     23     24
        1  0.17668   1.000  0.022  0.032  0.027  0.076  0.006 -0.093 -0.069 -0.005 -0.036  0.001
        3  0.33653   0.022  1.000  0.048 -0.026  0.249 -0.030  0.059  0.046  0.118  0.189 -0.008
        4  0.13656   0.032  0.048  1.000 -0.064  0.040  0.011 -0.024  0.078  0.030  0.048 -0.026
        6  0.12919   0.027 -0.026 -0.064  1.000 -0.020  0.031 -0.027  0.082 -0.020  0.017  0.012
        8  0.29583   0.076  0.249  0.040 -0.020  1.000 -0.020  0.030  0.020  0.140  0.043 -0.081
        9  0.21036   0.006 -0.030  0.011  0.031 -0.020  1.000  0.154 -0.149 -0.040 -0.093 -0.011
       20  0.43784  -0.093  0.059 -0.024 -0.027  0.030  0.154  1.000 -0.244 -0.071 -0.261 -0.254
       21  0.32300  -0.069  0.046  0.078  0.082  0.020 -0.149 -0.244  1.000  0.066  0.141  0.116
       22  0.20027  -0.005  0.118  0.030 -0.020  0.140 -0.040 -0.071  0.066  1.000  0.096  0.044
       23  0.35382  -0.036  0.189  0.048  0.017  0.043 -0.093 -0.261  0.141  0.096  1.000  0.118
       24  0.28244   0.001 -0.008 -0.026  0.012 -0.081 -0.011 -0.254  0.116  0.044  0.118  1.000
MINUIT - FIT ONLY 1-y
 **********
 **   51 **RES 
 **********
                   PARAMETER   16  beta_vw RESTORED TO VARIABLE.
                   PARAMETER   14  alpha_vw RESTORED TO VARIABLE.
                   PARAMETER   13  beta_y RESTORED TO VARIABLE.
                   PARAMETER   11  alpha_y RESTORED TO VARIABLE.
                   PARAMETER   10  beta_2CBO RESTORED TO VARIABLE.
 **********
 **   52 **FIX            0
 **********
 PARAMETER    0  IS UNDEFINED. IGNORED.
 **********
 **   53 **FIX            1
 **********
 **********
 **   54 **FIX            2
 **********
 PARAMETER    2  IS CONSTANT.   IGNORED.
 **********
 **   55 **FIX            3
 **********
 **********
 **   56 **FIX            4
 **********
 **********
 **   57 **FIX            5
 **********
 PARAMETER    5  IS CONSTANT.   IGNORED.
 **********
 **   58 **FIX            6
 **********
 **********
 **   59 **FIX            7
 **********
 PARAMETER    7  IS CONSTANT.   IGNORED.
 **********
 **   60 **FIX            8
 **********
 **********
 **   61 **FIX            9
 **********
 **********
 **   62 **FIX           13
 **********
 **********
 **   63 **FIX           14
 **********
 **********
 **   64 **FIX           15
 **********
 PARAMETER   15  IS CONSTANT.   IGNORED.
 **********
 **   65 **FIX           16
 **********
 **********
 **   66 **MIGRAD
 **********
 START MIGRAD MINIMIZATION.  STRATEGY  1.  CONVERGENCE WHEN EDM .LT. 1.00e-04
 FCN=53.2885 FROM MIGRAD    STATUS=INITIATE       16 CALLS        1595 TOTAL
                     EDM= unknown      STRATEGY= 1      NO ERROR MATRIX       
  EXT PARAMETER               CURRENT GUESS       STEP         FIRST   
  NO.   NAME      VALUE            ERROR          SIZE      DERIVATIVE 
   1  N0           2.96887e+06     fixed    
   2  tau          6.44041e+01   constant   
   3  A0           3.53378e-01     fixed    
   4  phi          4.11735e+00     fixed    
   5  R           -5.92716e+01   constant   
   6  alpha_CBO   -1.10138e-03     fixed    
   7  w_CBO        2.32500e+00   constant   
   8  beta_CBO    -3.47405e-03     fixed    
   9  alpha_2CBO   4.91595e-04     fixed    
  10  beta_2CBO    4.81670e-05   2.77960e-04   2.77960e-04   2.37394e+03
  11  alpha_y      0.00000e+00   1.00000e-03   1.00000e-03  -7.74547e+03
  12  w_y          1.38860e+01   constant   
  13  beta_y       2.30721e-04     fixed    
  14  alpha_vw     0.00000e+00     fixed    
  15  w_vw         1.43404e+01   constant   
  16  beta_vw      0.00000e+00     fixed    
  17  LM           4.68092e-05   constant   
  18  zeta_y       0.00000e+00   constant   
  19  zeta_vw      0.00000e+00   constant   
  20  T_CBO        4.48393e+02   1.64481e+02   9.78846e-04  -2.81656e-03
  21  alpha_A0     2.39823e-03   1.87099e-03  -4.80121e-04  -3.05755e-03
  22  beta_A0      1.37451e-03   1.74925e-03   3.43148e-05   5.46915e-03
  23  alpha_phi    3.28266e-03   1.90315e-03  -3.28405e-04  -7.18660e-04
  24  beta_phi    -1.00000e-02   1.28953e-02  -1.23714e-03** at limit **
 MIGRAD MINIMIZATION HAS CONVERGED.
 MIGRAD WILL VERIFY CONVERGENCE AND ERROR MATRIX.
 COVARIANCE MATRIX CALCULATED SUCCESSFULLY
 FCN=51.9619 FROM MIGRAD    STATUS=CONVERGED     113 CALLS        1692 TOTAL
                     EDM=2.77446e-06    STRATEGY= 1      ERROR MATRIX ACCURATE 
  EXT PARAMETER                                   STEP         FIRST   
  NO.   NAME      VALUE            ERROR          SIZE      DERIVATIVE 
   1  N0           2.96887e+06     fixed    
   2  tau          6.44041e+01   constant   
   3  A0           3.53378e-01     fixed    
   4  phi          4.11735e+00     fixed    
   5  R           -5.92716e+01   constant   
   6  alpha_CBO   -1.10138e-03     fixed    
   7  w_CBO        2.32500e+00   constant   
   8  beta_CBO    -3.47405e-03     fixed    
   9  alpha_2CBO   4.91595e-04     fixed    
  10  beta_2CBO   -5.61546e-05   2.90613e-04   1.00992e-06   1.61324e+00
  11  alpha_y      3.10711e-04   2.82594e-04   1.00371e-06   3.79202e+00
  12  w_y          1.38860e+01   constant   
  13  beta_y       2.30721e-04     fixed    
  14  alpha_vw     0.00000e+00     fixed    
  15  w_vw         1.43404e+01   constant   
  16  beta_vw      0.00000e+00     fixed    
  17  LM           4.68092e-05   constant   
  18  zeta_y       0.00000e+00   constant   
  19  zeta_vw      0.00000e+00   constant   
  20  T_CBO        4.46564e+02   1.67342e+02   1.14891e-03   4.47762e-03
  21  alpha_A0     2.41994e-03   1.82527e-03   6.52814e-04   1.24503e-03
  22  beta_A0      1.47081e-03   1.71343e-03   6.10026e-04   5.91700e-03
  23  alpha_phi    3.23267e-03   1.83999e-03   6.60113e-04   7.03585e-03
  24  beta_phi    -1.00000e-02   1.99105e-02   1.07319e-02** at limit **
 EXTERNAL ERROR MATRIX.    NDIM=  25    NPAR=  7    ERR DEF=1
  8.446e-08 -1.079e-09  9.185e-04  1.333e-09 -6.650e-08  8.262e-08 -4.055e-17 
 -1.079e-09  7.986e-08 -2.351e-04  5.885e-09  4.560e-09  1.213e-08  4.752e-17 
  9.185e-04 -2.351e-04  2.913e+04 -6.565e-02 -2.325e-02 -8.018e-02  1.223e-07 
  1.333e-09  5.885e-09 -6.565e-02  3.372e-06  2.615e-07  4.986e-07 -3.052e-13 
 -6.650e-08  4.560e-09 -2.325e-02  2.615e-07  2.966e-06 -1.850e-08 -1.830e-13 
  8.262e-08  1.213e-08 -8.018e-02  4.986e-07 -1.850e-08  3.429e-06 -4.052e-13 
 -4.055e-17  4.752e-17  1.223e-07 -3.052e-13 -1.830e-13 -4.052e-13  4.882e-17 
 PARAMETER  CORRELATION COEFFICIENTS  
       NO.  GLOBAL     10     11     20     21     22     23     24
       10  0.20881   1.000 -0.013  0.019  0.002 -0.133  0.154 -0.000
       11  0.03070  -0.013  1.000 -0.005  0.011  0.009  0.023  0.000
       20  0.33070   0.019 -0.005  1.000 -0.209 -0.079 -0.254  0.103
       21  0.24092   0.002  0.011 -0.209  1.000  0.083  0.147 -0.024
       22  0.16875  -0.133  0.009 -0.079  0.083  1.000 -0.006 -0.015
       23  0.31472   0.154  0.023 -0.254  0.147 -0.006  1.000 -0.031
       24  0.10296  -0.000  0.000  0.103 -0.024 -0.015 -0.031  1.000
MINUIT - FIT ONLY 2-y
 **********
 **   67 **RES 
 **********
                   PARAMETER   16  beta_vw RESTORED TO VARIABLE.
                   PARAMETER   14  alpha_vw RESTORED TO VARIABLE.
                   PARAMETER   13  beta_y RESTORED TO VARIABLE.
                   PARAMETER    9  alpha_2CBO RESTORED TO VARIABLE.
                   PARAMETER    8  beta_CBO RESTORED TO VARIABLE.
                   PARAMETER    6  alpha_CBO RESTORED TO VARIABLE.
                   PARAMETER    4  phi RESTORED TO VARIABLE.
                   PARAMETER    3  A0 RESTORED TO VARIABLE.
                   PARAMETER    1  N0 RESTORED TO VARIABLE.
 **********
 **   68 **FIX            0
 **********
 PARAMETER    0  IS UNDEFINED. IGNORED.
 **********
 **   69 **FIX            1
 **********
 **********
 **   70 **FIX            2
 **********
 PARAMETER    2  IS CONSTANT.   IGNORED.
 **********
 **   71 **FIX            3
 **********
 **********
 **   72 **FIX            4
 **********
 **********
 **   73 **FIX            5
 **********
 PARAMETER    5  IS CONSTANT.   IGNORED.
 **********
 **   74 **FIX            6
 **********
 **********
 **   75 **FIX            7
 **********
 PARAMETER    7  IS CONSTANT.   IGNORED.
 **********
 **   76 **FIX            8
 **********
 **********
 **   77 **FIX            9
 **********
 **********
 **   78 **FIX           10
 **********
 **********
 **   79 **FIX           11
 **********
 **********
 **   80 **FIX           12
 **********
 PARAMETER   12  IS CONSTANT.   IGNORED.
 **********
 **   81 **FIX           16
 **********
 **********
 **   82 **MIGRAD
 **********
 START MIGRAD MINIMIZATION.  STRATEGY  1.  CONVERGENCE WHEN EDM .LT. 1.00e-04
 FCN=51.9619 FROM MIGRAD    STATUS=INITIATE       16 CALLS        1708 TOTAL
                     EDM= unknown      STRATEGY= 1      NO ERROR MATRIX       
  EXT PARAMETER               CURRENT GUESS       STEP         FIRST   
  NO.   NAME      VALUE            ERROR          SIZE      DERIVATIVE 
   1  N0           2.96887e+06     fixed    
   2  tau          6.44041e+01   constant   
   3  A0           3.53378e-01     fixed    
   4  phi          4.11735e+00     fixed    
   5  R           -5.92716e+01   constant   
   6  alpha_CBO   -1.10138e-03     fixed    
   7  w_CBO        2.32500e+00   constant   
   8  beta_CBO    -3.47405e-03     fixed    
   9  alpha_2CBO   4.91595e-04     fixed    
  10  beta_2CBO   -5.61546e-05     fixed    
  11  alpha_y      3.10711e-04     fixed    
  12  w_y          1.38860e+01   constant   
  13  beta_y       2.30721e-04   2.87473e-04   2.87473e-04  -2.48357e+02
  14  alpha_vw     0.00000e+00   1.00000e-03   1.00000e-03  -8.41631e+03
  15  w_vw         1.43404e+01   constant   
  16  beta_vw      0.00000e+00     fixed    
  17  LM           4.68092e-05   constant   
  18  zeta_y       0.00000e+00   constant   
  19  zeta_vw      0.00000e+00   constant   
  20  T_CBO        4.46564e+02   1.67342e+02   1.14891e-03   4.39511e-03
  21  alpha_A0     2.41994e-03   1.82527e-03   6.52814e-04   1.24415e-03
  22  beta_A0      1.47081e-03   1.71343e-03   6.10026e-04   5.92448e-03
  23  alpha_phi    3.23267e-03   1.83999e-03   6.60113e-04   7.03768e-03
  24  beta_phi    -9.99998e-03   1.99105e-02   1.07319e-02   3.61370e-04
 MIGRAD MINIMIZATION HAS CONVERGED.
 MIGRAD WILL VERIFY CONVERGENCE AND ERROR MATRIX.
 COVARIANCE MATRIX CALCULATED SUCCESSFULLY
 FCN=50.4568 FROM MIGRAD    STATUS=CONVERGED     131 CALLS        1823 TOTAL
                     EDM=1.3642e-07    STRATEGY= 1      ERROR MATRIX ACCURATE 
  EXT PARAMETER                                   STEP         FIRST   
  NO.   NAME      VALUE            ERROR          SIZE      DERIVATIVE 
   1  N0           2.96887e+06     fixed    
   2  tau          6.44041e+01   constant   
   3  A0           3.53378e-01     fixed    
   4  phi          4.11735e+00     fixed    
   5  R           -5.92716e+01   constant   
   6  alpha_CBO   -1.10138e-03     fixed    
   7  w_CBO        2.32500e+00   constant   
   8  beta_CBO    -3.47405e-03     fixed    
   9  alpha_2CBO   4.91595e-04     fixed    
  10  beta_2CBO   -5.61546e-05     fixed    
  11  alpha_y      3.10711e-04     fixed    
  12  w_y          1.38860e+01   constant   
  13  beta_y       1.52052e-04   2.96138e-04   1.00538e-06   1.32078e-01
  14  alpha_vw     3.59989e-04   2.93555e-04   9.96517e-07  -9.40688e-02
  15  w_vw         1.43404e+01   constant   
  16  beta_vw      0.00000e+00     fixed    
  17  LM           4.68092e-05   constant   
  18  zeta_y       0.00000e+00   constant   
  19  zeta_vw      0.00000e+00   constant   
  20  T_CBO        4.50920e+02   1.69760e+02   1.14985e-03   9.38323e-04
  21  alpha_A0     2.37548e-03   1.81618e-03   6.40016e-04   2.65436e-04
  22  beta_A0      1.42319e-03   1.69106e-03   5.98216e-04  -6.41283e-04
  23  alpha_phi    3.24009e-03   1.81016e-03   6.48178e-04   2.48045e-03
  24  beta_phi    -1.00000e-02   1.99455e-02   1.08471e-02** at limit **
 EXTERNAL ERROR MATRIX.    NDIM=  25    NPAR=  7    ERR DEF=1
  8.770e-08 -2.128e-08 -1.079e-03  1.012e-08  1.068e-08  2.381e-10  1.582e-15 
 -2.128e-08  8.617e-08  1.089e-03 -1.082e-08 -1.137e-08  1.874e-09 -1.052e-15 
 -1.079e-03  1.089e-03  3.001e+04 -6.515e-02 -2.149e-02 -8.199e-02  2.288e-05 
  1.012e-08 -1.082e-08 -6.515e-02  3.338e-06  2.580e-07  4.882e-07 -5.498e-11 
  1.068e-08 -1.137e-08 -2.149e-02  2.580e-07  2.888e-06  4.140e-08 -3.248e-11 
  2.381e-10  1.874e-09 -8.199e-02  4.882e-07  4.140e-08  3.317e-06 -7.447e-11 
  1.582e-15 -1.052e-15  2.288e-05 -5.498e-11 -3.248e-11 -7.447e-11  1.677e-12 
 PARAMETER  CORRELATION COEFFICIENTS  
       NO.  GLOBAL     13     14     20     21     22     23     24
       13  0.24600   1.000 -0.245 -0.021  0.019  0.021  0.000  0.000
       14  0.24636  -0.245  1.000  0.021 -0.020 -0.023  0.004 -0.000
       20  0.32855  -0.021  0.021  1.000 -0.206 -0.073 -0.260  0.102
       21  0.23827   0.019 -0.020 -0.206  1.000  0.083  0.147 -0.023
       22  0.10480   0.021 -0.023 -0.073  0.083  1.000  0.013 -0.015
       23  0.27728   0.000  0.004 -0.260  0.147  0.013  1.000 -0.032
       24  0.10244   0.000 -0.000  0.102 -0.023 -0.015 -0.032  1.000
MINUIT - FIT ALTOGETHER
 **********
