 + ++++++++++++++++++++++++++++++++++++++++++++++++++++++++++++++++++++ +
 +                                                                      +
 +           You have chose to blind your fitting according to          +
 +                omega_ref * (1 + (R +/- deltaR) *10^{-6})             +
 +                                                                      +
 + ++++++++++++++++++++++++++++++++++++++++++++++++++++++++++++++++++++ +
In main()...
reading format from /gm2data/zkhechad/run45/envelope/formats/formatB_sBin_constraintOn.txt
pBinTau 	= 0  
pBinPhi 	= 0  
constraintau 	= 1 
includeMopTerm 	= 0    
constrainMop    = 0   
Parameters after format file: pBinTau 0 pBinPhi 0 constraintau 1 includeMopTerm 0 constrainMop 0 c_e_scale 0.000000 
Opening file /gm2data/tbarrett/gm2fr/studies/run23_bunch_corrections/CorrectedFourier_Run3b.root.
reading full fit data from /gm2data/zkhechad/cboTemplates/Run4CBOTemplates/templateFits0_v2.0/noRF/sBin_constraintOn_cE0.0_seed0_noRF_calo6.root
windowBins = 69
fitting sliding window 2188 from bin 2324 at 346.591600 to bin 2393 at 357.035600 (69 bins)

Reading data from /gm2data/cornell/histograms/aMethod/histogram_a_noRF.root
 **********
 **    1 **SET PRINTOUT            1
 **********
 **********
 **    2 **SET NOWARNINGS 
 **********
 PARAMETER DEFINITIONS:
    NO.   NAME         VALUE      STEP SIZE      LIMITS
     1 N0           2.90949e+06  1.00000e+02     no limits
     2 tau          6.43983e+01  constant
     3 A0           3.53683e-01  1.00000e-04     no limits
     4 phi          4.11541e+00  1.00000e-02     no limits
     5 R           -6.16270e+01  constant
     6 alpha_CBO    0.00000e+00  1.00000e-03     no limits
     7 w_CBO        2.32500e+00  constant
     8 beta_CBO     0.00000e+00  1.00000e-03     no limits
     9 alpha_2CBO   0.00000e+00  1.00000e-03     no limits
    10 beta_2CBO    0.00000e+00  1.00000e-03     no limits
    11 alpha_y      0.00000e+00  1.00000e-03     no limits
    12 w_y          1.44500e+01  constant
    13 beta_y       0.00000e+00  1.00000e-03     no limits
    14 alpha_vw     0.00000e+00  1.00000e-03     no limits
    15 w_vw         1.29000e+01  constant
    16 beta_vw      0.00000e+00  1.00000e-03     no limits
    17 LM          -2.35969e-04  constant
    18 zeta_y       0.00000e+00  constant
    19 zeta_vw      0.00000e+00  constant
    20 T_CBO        1.00000e+02  1.00000e+00    0.00000e+00  1.00000e+03
    21 alpha_A0     0.00000e+00  1.00000e-03     no limits
    22 beta_A0      0.00000e+00  1.00000e-03     no limits
    23 alpha_phi    0.00000e+00  1.00000e-03     no limits
    24 beta_phi     0.00000e+00  1.00000e-03     no limits
MINUIT - FIT ONLY WIGGLE
 **********
 **    3 **FIX            5
 **********
 PARAMETER    5  IS CONSTANT.   IGNORED.
 **********
 **    4 **FIX            6
 **********
 **********
 **    5 **FIX            7
 **********
 PARAMETER    7  IS CONSTANT.   IGNORED.
 **********
 **    6 **FIX            8
 **********
 **********
 **    7 **FIX            9
 **********
 **********
 **    8 **FIX           10
 **********
 **********
 **    9 **FIX           11
 **********
 **********
 **   10 **FIX           12
 **********
 PARAMETER   12  IS CONSTANT.   IGNORED.
 **********
 **   11 **FIX           13
 **********
 **********
 **   12 **FIX           14
 **********
 **********
 **   13 **FIX           15
 **********
 PARAMETER   15  IS CONSTANT.   IGNORED.
 **********
 **   14 **FIX           16
 **********
 **********
 **   15 **MIGRAD
 **********
 FIRST CALL TO USER FUNCTION AT NEW START POINT, WITH IFLAG=4.
 START MIGRAD MINIMIZATION.  STRATEGY  1.  CONVERGENCE WHEN EDM .LT. 1.00e-04
 FCN=67.1941 FROM MIGRAD    STATUS=INITIATE      437 CALLS         438 TOTAL
                     EDM= unknown      STRATEGY= 1      NO ERROR MATRIX       
  EXT PARAMETER               CURRENT GUESS       STEP         FIRST   
  NO.   NAME      VALUE            ERROR          SIZE      DERIVATIVE 
   1  N0           2.90949e+06   1.00000e+02   0.00000e+00   2.28311e-03
   2  tau          6.43983e+01   constant   
   3  A0           3.53683e-01   1.00000e-04   0.00000e+00  -2.80698e+03
   4  phi          4.11541e+00   1.00000e-02   0.00000e+00  -4.10181e+02
   5  R           -6.16270e+01   constant   
   6  alpha_CBO    0.00000e+00     fixed    
   7  w_CBO        2.32500e+00   constant   
   8  beta_CBO     0.00000e+00     fixed    
   9  alpha_2CBO   0.00000e+00     fixed    
  10  beta_2CBO    0.00000e+00     fixed    
  11  alpha_y      0.00000e+00     fixed    
  12  w_y          1.44500e+01   constant   
  13  beta_y       0.00000e+00     fixed    
  14  alpha_vw     0.00000e+00     fixed    
  15  w_vw         1.29000e+01   constant   
  16  beta_vw      0.00000e+00     fixed    
  17  LM          -2.35969e-04   constant   
  18  zeta_y       0.00000e+00   constant   
  19  zeta_vw      0.00000e+00   constant   
  20  T_CBO        1.00000e+02   1.00000e+00   0.00000e+00   0.00000e+00
  21  alpha_A0     0.00000e+00   1.00000e-03   0.00000e+00   3.64538e+01
  22  beta_A0      0.00000e+00   1.00000e-03   0.00000e+00  -2.05612e+01
  23  alpha_phi    0.00000e+00   1.00000e-03   0.00000e+00  -6.28820e+00
  24  beta_phi     0.00000e+00   1.00000e-03   0.00000e+00   9.83637e+00
 CALL LIMIT EXCEEDED IN MIGRAD.
 MIGRAD TERMINATED WITHOUT CONVERGENCE.
 FCN=55.3779 FROM MIGRAD    STATUS=CALL LIMIT   1332 CALLS        1333 TOTAL
                     EDM=0.000631134    STRATEGY= 1  ERROR MATRIX UNCERTAINTY   0.2 per cent
  EXT PARAMETER                APPROXIMATE        STEP         FIRST   
  NO.   NAME      VALUE            ERROR          SIZE      DERIVATIVE 
   1  N0           2.90584e+06   1.85609e+03   1.14211e+00   3.17266e-06
   2  tau          6.43983e+01   constant   
   3  A0           3.54955e-01   8.80044e-04  -1.43753e-06  -2.93292e-02
   4  phi          4.11663e+00   2.57560e-03  -1.51992e-06   7.36912e-01
   5  R           -6.16270e+01   constant   
   6  alpha_CBO    0.00000e+00     fixed    
   7  w_CBO        2.32500e+00   constant   
   8  beta_CBO     0.00000e+00     fixed    
   9  alpha_2CBO   0.00000e+00     fixed    
  10  beta_2CBO    0.00000e+00     fixed    
  11  alpha_y      0.00000e+00     fixed    
  12  w_y          1.44500e+01   constant   
  13  beta_y       0.00000e+00     fixed    
  14  alpha_vw     0.00000e+00     fixed    
  15  w_vw         1.29000e+01   constant   
  16  beta_vw      0.00000e+00     fixed    
  17  LM          -2.35969e-04   constant   
  18  zeta_y       0.00000e+00   constant   
  19  zeta_vw      0.00000e+00   constant   
  20  T_CBO        2.24971e+02   3.41039e+02   1.72446e-02  -2.49936e-01
  21  alpha_A0    -2.64977e-02   8.37708e-02   1.48896e-03   1.26496e+00
  22  beta_A0      1.94797e-02   7.24198e-02  -1.10253e-03  -1.37738e+00
  23  alpha_phi    6.29827e-03   2.81729e-02  -5.80181e-04  -1.25638e+00
  24  beta_phi    -1.71993e-02   5.60462e-02   9.79253e-04   1.25158e-01
 EXTERNAL ERROR MATRIX.    NDIM=  25    NPAR=  8    ERR DEF=1
  3.445e+06 -1.643e-01 -2.842e-04  2.233e+04 -5.237e+00 -3.561e+00 -1.487e+00  1.097e+01 
 -1.643e-01  7.745e-07  3.128e-08 -2.088e-02 -1.662e-06  4.564e-06  2.018e-06 -4.836e-06 
 -2.842e-04  3.128e-08  6.634e-06 -1.739e-02 -2.231e-06  5.574e-06  4.375e-06  2.406e-06 
  2.233e+04 -2.088e-02 -1.739e-02  1.593e+05  3.262e+01 -2.751e+01 -8.863e+00  2.113e+01 
 -5.237e+00 -1.662e-06 -2.231e-06  3.262e+01  7.018e-03 -5.446e-03 -1.776e-03  4.267e-03 
 -3.561e+00  4.564e-06  5.574e-06 -2.751e+01 -5.446e-03  5.245e-03  1.286e-03 -3.663e-03 
 -1.487e+00  2.018e-06  4.375e-06 -8.863e+00 -1.776e-03  1.286e-03  7.937e-04 -1.135e-03 
  1.097e+01 -4.836e-06  2.406e-06  2.113e+01  4.267e-03 -3.663e-03 -1.135e-03  3.141e-03 
ERR MATRIX APPROXIMATE
 PARAMETER  CORRELATION COEFFICIENTS  
       NO.  GLOBAL      1      3      4     20     21     22     23     24
        1  0.42898   1.000 -0.101 -0.000  0.030 -0.034 -0.026 -0.028  0.105
        3  0.21383  -0.101  1.000  0.014 -0.059 -0.023  0.072  0.081 -0.098
        4  0.18636  -0.000  0.014  1.000 -0.017 -0.010  0.030  0.060  0.017
       20  0.99796   0.030 -0.059 -0.017  1.000  0.976 -0.952 -0.788  0.945
       21  0.99091  -0.034 -0.023 -0.010  0.976  1.000 -0.898 -0.752  0.909
       22  0.98808  -0.026  0.072  0.030 -0.952 -0.898  1.000  0.630 -0.902
       23  0.93874  -0.028  0.081  0.060 -0.788 -0.752  0.630  1.000 -0.719
       24  0.95368   0.105 -0.098  0.017  0.945  0.909 -0.902 -0.719  1.000
 ERR MATRIX APPROXIMATE
MINUIT - FIT ONLY 1-CBO + wiggle
 **********
 **   16 **RES 
 **********
                   PARAMETER   16  beta_vw RESTORED TO VARIABLE.
                   PARAMETER   14  alpha_vw RESTORED TO VARIABLE.
                   PARAMETER   13  beta_y RESTORED TO VARIABLE.
                   PARAMETER   11  alpha_y RESTORED TO VARIABLE.
                   PARAMETER   10  beta_2CBO RESTORED TO VARIABLE.
                   PARAMETER    9  alpha_2CBO RESTORED TO VARIABLE.
                   PARAMETER    8  beta_CBO RESTORED TO VARIABLE.
                   PARAMETER    6  alpha_CBO RESTORED TO VARIABLE.
 **********
 **   17 **FIX            8
 **********
 **********
 **   18 **FIX            9
 **********
 **********
 **   19 **FIX           11
 **********
 **********
 **   20 **FIX           12
 **********
 PARAMETER   12  IS CONSTANT.   IGNORED.
 **********
 **   21 **FIX           14
 **********
 **********
 **   22 **FIX           15
 **********
 PARAMETER   15  IS CONSTANT.   IGNORED.
 **********
 **   23 **FIX           16
 **********
 **********
 **   24 **MIGRAD
 **********
 START MIGRAD MINIMIZATION.  STRATEGY  1.  CONVERGENCE WHEN EDM .LT. 1.00e-04
 FCN=55.3779 FROM MIGRAD    STATUS=INITIATE       28 CALLS        1361 TOTAL
                     EDM= unknown      STRATEGY= 1      NO ERROR MATRIX       
  EXT PARAMETER               CURRENT GUESS       STEP         FIRST   
  NO.   NAME      VALUE            ERROR          SIZE      DERIVATIVE 
   1  N0           2.90584e+06   1.85609e+03   1.14211e+00   3.17266e-06
   2  tau          6.43983e+01   constant   
   3  A0           3.54955e-01   8.80044e-04  -1.43753e-06  -2.93294e-02
   4  phi          4.11663e+00   2.57560e-03  -1.51992e-06   7.36912e-01
   5  R           -6.16270e+01   constant   
   6  alpha_CBO    0.00000e+00   1.00000e-03   1.00000e-03   3.37357e+03
   7  w_CBO        2.32500e+00   constant   
   8  beta_CBO     0.00000e+00     fixed    
   9  alpha_2CBO   0.00000e+00     fixed    
  10  beta_2CBO    0.00000e+00   1.00000e-03   1.00000e-03  -5.88705e+02
  11  alpha_y      0.00000e+00     fixed    
  12  w_y          1.44500e+01   constant   
  13  beta_y       0.00000e+00   1.00000e-03   1.00000e-03  -1.91072e+03
  14  alpha_vw     0.00000e+00     fixed    
  15  w_vw         1.29000e+01   constant   
  16  beta_vw      0.00000e+00     fixed    
  17  LM          -2.35969e-04   constant   
  18  zeta_y       0.00000e+00   constant   
  19  zeta_vw      0.00000e+00   constant   
  20  T_CBO        2.24971e+02   3.41039e+02   1.72446e-02  -2.49936e-01
  21  alpha_A0    -2.64977e-02   8.37708e-02   1.48896e-03   1.26496e+00
  22  beta_A0      1.94797e-02   7.24198e-02  -1.10253e-03  -1.37738e+00
  23  alpha_phi    6.29827e-03   2.81729e-02  -5.80181e-04  -1.25638e+00
  24  beta_phi    -1.71993e-02   5.60462e-02   9.79253e-04   1.25158e-01
 MIGRAD MINIMIZATION HAS CONVERGED.
 FCN=52.1475 FROM MIGRAD    STATUS=CONVERGED    1245 CALLS        2578 TOTAL
                     EDM=1.23079e-06    STRATEGY= 1  ERROR MATRIX UNCERTAINTY   0.6 per cent
  EXT PARAMETER                                   STEP         FIRST   
  NO.   NAME      VALUE            ERROR          SIZE      DERIVATIVE 
   1  N0           2.90579e+06   1.74409e+03   1.20795e+00  -4.77132e-08
   2  tau          6.43983e+01   constant   
   3  A0           3.54981e-01   8.49894e-04   3.38001e-07  -7.55269e-02
   4  phi          4.11770e+00   2.69976e-03  -2.73375e-07   2.11983e-01
   5  R           -6.16270e+01   constant   
   6  alpha_CBO   -1.43806e-03   9.23932e-04  -2.48610e-07  -6.86487e-02
   7  w_CBO        2.32500e+00   constant   
   8  beta_CBO     0.00000e+00     fixed    
   9  alpha_2CBO   0.00000e+00     fixed    
  10  beta_2CBO    1.47552e-04   9.09630e-04  -4.34875e-07  -1.17434e-01
  11  alpha_y      0.00000e+00     fixed    
  12  w_y          1.44500e+01   constant   
  13  beta_y       7.69147e-04   8.95166e-04  -2.90630e-07  -6.26830e-01
  14  alpha_vw     0.00000e+00     fixed    
  15  w_vw         1.29000e+01   constant   
  16  beta_vw      0.00000e+00     fixed    
  17  LM          -2.35969e-04   constant   
  18  zeta_y       0.00000e+00   constant   
  19  zeta_vw      0.00000e+00   constant   
  20  T_CBO        9.99928e+02   6.84771e+02   5.58032e-02  -8.69502e-05
  21  alpha_A0    -8.21936e-03   6.14797e-03  -2.91826e-06   1.08172e-02
  22  beta_A0      6.14779e-03   5.47195e-03  -7.02650e-06  -1.96439e-01
  23  alpha_phi    2.95924e-03   5.28849e-03  -1.24064e-06  -4.11737e-02
  24  beta_phi    -5.11169e-03   5.34824e-03   1.23917e-05   2.90161e-01
 EXTERNAL ERROR MATRIX.    NDIM=  25    NPAR= 11    ERR DEF=1
  3.042e+06 
  3.821e-02  7.223e-07 
  2.376e-01  1.200e-07  7.289e-06 
  3.447e-02 -2.057e-08 -6.139e-07  8.537e-07 
  4.209e-02 -4.968e-09 -1.403e-07  6.436e-08  8.274e-07 
 -1.348e-02 -6.936e-09  4.599e-08 -1.553e-09  1.351e-08  8.013e-07 
  1.235e+04  2.283e-03  3.871e-04 -2.397e-03 -2.839e-03 -2.514e-03  2.903e+04 
 -2.240e+00  6.603e-07  4.175e-07  9.566e-08  1.044e-07 -6.844e-08  2.579e-01  3.780e-05 
  1.718e-01  2.870e-07  1.927e-06 -2.852e-07 -9.031e-07  4.437e-08 -2.047e-01  1.443e-06  2.994e-05 
 -8.757e-05  4.148e-07  1.681e-06 -5.356e-07  6.305e-07 -2.688e-08 -5.294e-02  4.577e-06  7.027e-07  2.797e-05 
  1.594e+00 -7.707e-07  1.461e-06  8.211e-08  1.426e-07  9.155e-08  2.247e-01 -2.226e-07  1.884e-06  3.523e-08  2.860e-05 
 PARAMETER  CORRELATION COEFFICIENTS  
       NO.  GLOBAL      1      3      4      6     10     13     20     21     22     23     24
        1  0.29455   1.000  0.026  0.050  0.021  0.027 -0.009  0.042 -0.209  0.018 -0.000  0.171
        3  0.25647   0.026  1.000  0.052 -0.026 -0.006 -0.009  0.016  0.126  0.062  0.092 -0.170
        4  0.31180   0.050  0.052  1.000 -0.246 -0.057  0.019  0.001  0.025  0.130  0.118  0.101
        6  0.28119   0.021 -0.026 -0.246  1.000  0.077 -0.002 -0.015  0.017 -0.056 -0.110  0.017
       10  0.25787   0.027 -0.006 -0.057  0.077  1.000  0.017 -0.018  0.019 -0.181  0.131  0.029
       13  0.04274  -0.009 -0.009  0.019 -0.002  0.017  1.000 -0.016 -0.012  0.009 -0.006  0.019
       20  0.45141   0.042  0.016  0.001 -0.015 -0.018 -0.016  1.000  0.246 -0.220 -0.059  0.247
       21  0.39993  -0.209  0.126  0.025  0.017  0.019 -0.012  0.246  1.000  0.043  0.141 -0.007
       22  0.35927   0.018  0.062  0.130 -0.056 -0.181  0.009 -0.220  0.043  1.000  0.024  0.064
       23  0.27417  -0.000  0.092  0.118 -0.110  0.131 -0.006 -0.059  0.141  0.024  1.000  0.001
       24  0.38571   0.171 -0.170  0.101  0.017  0.029  0.019  0.247 -0.007  0.064  0.001  1.000
MINUIT - FIT ONLY 2-CBO
 **********
 **   25 **RES 
 **********
                   PARAMETER   16  beta_vw RESTORED TO VARIABLE.
                   PARAMETER   14  alpha_vw RESTORED TO VARIABLE.
                   PARAMETER   11  alpha_y RESTORED TO VARIABLE.
                   PARAMETER    9  alpha_2CBO RESTORED TO VARIABLE.
                   PARAMETER    8  beta_CBO RESTORED TO VARIABLE.
 **********
 **   26 **FIX            0
 **********
 PARAMETER    0  IS UNDEFINED. IGNORED.
 **********
 **   27 **FIX            1
 **********
 **********
 **   28 **FIX            2
 **********
 PARAMETER    2  IS CONSTANT.   IGNORED.
 **********
 **   29 **FIX            3
 **********
 **********
 **   30 **FIX            4
 **********
 **********
 **   31 **FIX            5
 **********
 PARAMETER    5  IS CONSTANT.   IGNORED.
 **********
 **   32 **FIX            6
 **********
 **********
 **   33 **FIX            7
 **********
 PARAMETER    7  IS CONSTANT.   IGNORED.
 **********
 **   34 **FIX           10
 **********
 **********
 **   35 **FIX           11
 **********
 **********
 **   36 **FIX           12
 **********
 PARAMETER   12  IS CONSTANT.   IGNORED.
 **********
 **   37 **FIX           13
 **********
 **********
 **   38 **FIX           14
 **********
 **********
 **   39 **FIX           15
 **********
 PARAMETER   15  IS CONSTANT.   IGNORED.
 **********
 **   40 **FIX           16
 **********
 **********
 **   41 **MIGRAD
 **********
 START MIGRAD MINIMIZATION.  STRATEGY  1.  CONVERGENCE WHEN EDM .LT. 1.00e-04
 FCN=52.1475 FROM MIGRAD    STATUS=INITIATE       18 CALLS        2596 TOTAL
                     EDM= unknown      STRATEGY= 1      NO ERROR MATRIX       
  EXT PARAMETER               CURRENT GUESS       STEP         FIRST   
  NO.   NAME      VALUE            ERROR          SIZE      DERIVATIVE 
   1  N0           2.90579e+06     fixed    
   2  tau          6.43983e+01   constant   
   3  A0           3.54981e-01     fixed    
   4  phi          4.11770e+00     fixed    
   5  R           -6.16270e+01   constant   
   6  alpha_CBO   -1.43806e-03     fixed    
   7  w_CBO        2.32500e+00   constant   
   8  beta_CBO     0.00000e+00   1.00000e-03   1.00000e-03   9.19861e+02
   9  alpha_2CBO   0.00000e+00   1.00000e-03   1.00000e-03  -1.08778e+03
  10  beta_2CBO    1.47552e-04     fixed    
  11  alpha_y      0.00000e+00     fixed    
  12  w_y          1.44500e+01   constant   
  13  beta_y       7.69147e-04     fixed    
  14  alpha_vw     0.00000e+00     fixed    
  15  w_vw         1.29000e+01   constant   
  16  beta_vw      0.00000e+00     fixed    
  17  LM          -2.35969e-04   constant   
  18  zeta_y       0.00000e+00   constant   
  19  zeta_vw      0.00000e+00   constant   
  20  T_CBO        9.99928e+02   6.84771e+02   5.58032e-02  -9.00967e-05
  21  alpha_A0    -8.21936e-03   6.14797e-03  -2.91826e-06   1.08170e-02
  22  beta_A0      6.14779e-03   5.47195e-03  -7.02650e-06  -1.96439e-01
  23  alpha_phi    2.95924e-03   5.28849e-03  -1.24064e-06  -4.11737e-02
  24  beta_phi    -5.11169e-03   5.34824e-03   1.23917e-05   2.90161e-01
 MIGRAD MINIMIZATION HAS CONVERGED.
 MIGRAD WILL VERIFY CONVERGENCE AND ERROR MATRIX.
 COVARIANCE MATRIX CALCULATED SUCCESSFULLY
 FCN=51.7054 FROM MIGRAD    STATUS=CONVERGED     123 CALLS        2701 TOTAL
                     EDM=4.38117e-06    STRATEGY= 1      ERROR MATRIX ACCURATE 
  EXT PARAMETER                                   STEP         FIRST   
  NO.   NAME      VALUE            ERROR          SIZE      DERIVATIVE 
   1  N0           2.90579e+06     fixed    
   2  tau          6.43983e+01   constant   
   3  A0           3.54981e-01     fixed    
   4  phi          4.11770e+00     fixed    
   5  R           -6.16270e+01   constant   
   6  alpha_CBO   -1.43806e-03     fixed    
   7  w_CBO        2.32500e+00   constant   
   8  beta_CBO    -4.03893e-04   9.12171e-04   3.21013e-06  -4.25375e-01
   9  alpha_2CBO   4.71207e-04   9.13326e-04   3.16282e-06  -3.73231e-01
  10  beta_2CBO    1.47552e-04     fixed    
  11  alpha_y      0.00000e+00     fixed    
  12  w_y          1.44500e+01   constant   
  13  beta_y       7.69147e-04     fixed    
  14  alpha_vw     0.00000e+00     fixed    
  15  w_vw         1.29000e+01   constant   
  16  beta_vw      0.00000e+00     fixed    
  17  LM          -2.35969e-04   constant   
  18  zeta_y       0.00000e+00   constant   
  19  zeta_vw      0.00000e+00   constant   
  20  T_CBO        9.99998e+02   5.78962e+02   6.54522e-02  -1.32320e-05
  21  alpha_A0    -8.61318e-03   5.45994e-03   1.87677e-05   3.61703e-01
  22  beta_A0      5.85213e-03   5.13360e-03   1.79254e-05  -3.13156e-01
  23  alpha_phi    2.88170e-03   4.74928e-03   1.67584e-05  -1.29106e-01
  24  beta_phi    -5.31255e-03   5.13660e-03   1.78907e-05   2.23909e-01
 EXTERNAL ERROR MATRIX.    NDIM=  25    NPAR=  7    ERR DEF=1
  8.321e-07 -3.863e-08 -4.095e-08 -3.858e-08  4.004e-07  6.375e-08 -2.694e-07 
 -3.863e-08  8.342e-07 -5.553e-06 -7.668e-07 -2.027e-07 -8.733e-08 -5.952e-07 
 -4.095e-08 -5.553e-06  6.491e+02 -2.272e-02  1.556e-02  7.615e-03 -1.404e-02 
 -3.858e-08 -7.668e-07 -2.272e-02  2.981e-05  1.373e-06  1.056e-06 -3.037e-07 
  4.004e-07 -2.027e-07  1.556e-02  1.373e-06  2.635e-05 -8.048e-07  1.316e-07 
  6.375e-08 -8.733e-08  7.615e-03  1.056e-06 -8.048e-07  2.256e-05 -3.447e-07 
 -2.694e-07 -5.952e-07 -1.404e-02 -3.037e-07  1.316e-07 -3.447e-07  2.638e-05 
 PARAMETER  CORRELATION COEFFICIENTS  
       NO.  GLOBAL      8      9     20     21     22     23     24
        8  0.12002   1.000 -0.046 -0.000 -0.008  0.085  0.015 -0.058
        9  0.21368  -0.046  1.000 -0.000 -0.154 -0.043 -0.020 -0.127
       20  0.24862  -0.000 -0.000  1.000 -0.163  0.119  0.063 -0.107
       21  0.24443  -0.008 -0.154 -0.163  1.000  0.049  0.041 -0.011
       22  0.17242   0.085 -0.043  0.119  0.049  1.000 -0.033  0.005
       23  0.09578   0.015 -0.020  0.063  0.041 -0.033  1.000 -0.014
       24  0.18607  -0.058 -0.127 -0.107 -0.011  0.005 -0.014  1.000
MINUIT - FIT wiggle + 1-CBO + 2-CBO
 **********
 **   42 **RES 
 **********
                   PARAMETER   16  beta_vw RESTORED TO VARIABLE.
                   PARAMETER   14  alpha_vw RESTORED TO VARIABLE.
                   PARAMETER   13  beta_y RESTORED TO VARIABLE.
                   PARAMETER   11  alpha_y RESTORED TO VARIABLE.
                   PARAMETER   10  beta_2CBO RESTORED TO VARIABLE.
                   PARAMETER    6  alpha_CBO RESTORED TO VARIABLE.
                   PARAMETER    4  phi RESTORED TO VARIABLE.
                   PARAMETER    3  A0 RESTORED TO VARIABLE.
                   PARAMETER    1  N0 RESTORED TO VARIABLE.
 **********
 **   43 **FIX           10
 **********
 **********
 **   44 **FIX           11
 **********
 **********
 **   45 **FIX           12
 **********
 PARAMETER   12  IS CONSTANT.   IGNORED.
 **********
 **   46 **FIX           13
 **********
 **********
 **   47 **FIX           14
 **********
 **********
 **   48 **FIX           15
 **********
 PARAMETER   15  IS CONSTANT.   IGNORED.
 **********
 **   49 **FIX           16
 **********
 **********
 **   50 **MIGRAD
 **********
 START MIGRAD MINIMIZATION.  STRATEGY  1.  CONVERGENCE WHEN EDM .LT. 1.00e-04
 FCN=51.7054 FROM MIGRAD    STATUS=INITIATE       22 CALLS        2723 TOTAL
                     EDM= unknown      STRATEGY= 1      NO ERROR MATRIX       
  EXT PARAMETER               CURRENT GUESS       STEP         FIRST   
  NO.   NAME      VALUE            ERROR          SIZE      DERIVATIVE 
   1  N0           2.90579e+06   1.74409e+03   1.74409e+03   4.68682e-05
   2  tau          6.43983e+01   constant   
   3  A0           3.54981e-01   8.49894e-04   8.49894e-04   2.50804e+02
   4  phi          4.11770e+00   2.69976e-03   2.69976e-03   3.45477e+01
   5  R           -6.16270e+01   constant   
   6  alpha_CBO   -1.43806e-03   9.23932e-04   9.23932e-04   4.31401e+01
   7  w_CBO        2.32500e+00   constant   
   8  beta_CBO    -4.03893e-04   9.12171e-04   3.21013e-06  -4.25375e-01
   9  alpha_2CBO   4.71207e-04   9.13326e-04   3.16282e-06  -3.73231e-01
  10  beta_2CBO    1.47552e-04     fixed    
  11  alpha_y      0.00000e+00     fixed    
  12  w_y          1.44500e+01   constant   
  13  beta_y       7.69147e-04     fixed    
  14  alpha_vw     0.00000e+00     fixed    
  15  w_vw         1.29000e+01   constant   
  16  beta_vw      0.00000e+00     fixed    
  17  LM          -2.35969e-04   constant   
  18  zeta_y       0.00000e+00   constant   
  19  zeta_vw      0.00000e+00   constant   
  20  T_CBO        9.99998e+02   5.78962e+02   6.54522e-02  -1.35628e-05
  21  alpha_A0    -8.61318e-03   5.45994e-03   1.87677e-05   3.61707e-01
  22  beta_A0      5.85213e-03   5.13360e-03   1.79254e-05  -3.13155e-01
  23  alpha_phi    2.88170e-03   4.74928e-03   1.67584e-05  -1.29105e-01
  24  beta_phi    -5.31255e-03   5.13660e-03   1.78907e-05   2.23909e-01
 MIGRAD MINIMIZATION HAS CONVERGED.
 MIGRAD WILL VERIFY CONVERGENCE AND ERROR MATRIX.
 COVARIANCE MATRIX CALCULATED SUCCESSFULLY
 FCN=51.6886 FROM MIGRAD    STATUS=CONVERGED     195 CALLS        2896 TOTAL
                     EDM=4.47243e-06    STRATEGY= 1      ERROR MATRIX ACCURATE 
  EXT PARAMETER                                   STEP         FIRST   
  NO.   NAME      VALUE            ERROR          SIZE      DERIVATIVE 
   1  N0           2.90571e+06   1.98145e+03   6.22947e+00  -1.05491e-06
   2  tau          6.43983e+01   constant   
   3  A0           3.54881e-01   9.09723e-04   3.05467e-06   7.13258e-01
   4  phi          4.11756e+00   2.70640e-03   9.12114e-06   4.20251e-02
   5  R           -6.16270e+01   constant   
   6  alpha_CBO   -1.44557e-03   9.24494e-04   3.15525e-06  -3.99017e-01
   7  w_CBO        2.32500e+00   constant   
   8  beta_CBO    -4.31824e-04   9.38129e-04   3.20971e-06  -1.30934e-01
   9  alpha_2CBO   4.78924e-04   9.15434e-04   3.16242e-06   8.73572e-01
  10  beta_2CBO    1.47552e-04     fixed    
  11  alpha_y      0.00000e+00     fixed    
  12  w_y          1.44500e+01   constant   
  13  beta_y       7.69147e-04     fixed    
  14  alpha_vw     0.00000e+00     fixed    
  15  w_vw         1.29000e+01   constant   
  16  beta_vw      0.00000e+00     fixed    
  17  LM          -2.35969e-04   constant   
  18  zeta_y       0.00000e+00   constant   
  19  zeta_vw      0.00000e+00   constant   
  20  T_CBO        1.00000e+03   7.18473e+02   6.66013e-02** at limit **
  21  alpha_A0    -8.65112e-03   5.73066e-03   1.87673e-05   1.99974e-01
  22  beta_A0      5.76719e-03   5.19921e-03   1.79257e-05  -1.42594e-01
  23  alpha_phi    2.82188e-03   4.82952e-03   1.67603e-05   8.32403e-02
  24  beta_phi    -5.29707e-03   5.36229e-03   1.78930e-05   2.36876e-01
 EXTERNAL ERROR MATRIX.    NDIM=  25    NPAR= 11    ERR DEF=1
  3.926e+06 
 -2.236e-01  8.276e-07 
  4.291e-01  1.206e-07  7.325e-06 
  3.731e-02 -1.261e-08 -6.077e-07  8.547e-07 
  1.166e-01  1.783e-07  1.497e-07  1.936e-08  8.801e-07 
 -3.403e-02 -3.389e-08 -1.266e-07  2.788e-09 -4.970e-08  8.380e-07 
 -5.813e-01  1.470e-06 -1.527e-06  2.979e-07  2.961e-07 -4.039e-07  2.300e+00 
 -2.947e+00  8.025e-07  1.128e-07  1.586e-07  3.066e-08 -7.763e-07 -1.541e-03  3.284e-05 
  3.550e-01  4.495e-07  1.514e-06 -1.765e-07  5.357e-07 -2.485e-07  1.037e-03  1.367e-06  2.703e-05 
 -1.854e-01  3.940e-07  1.667e-06 -5.270e-07  1.545e-07 -1.252e-07  5.042e-04  1.390e-06 -2.186e-07  2.332e-05 
  2.519e+00 -7.771e-07  1.216e-06  1.481e-08 -3.201e-07 -6.069e-07 -9.480e-04 -2.479e-06  1.042e-07 -6.035e-07  2.875e-05 
 PARAMETER  CORRELATION COEFFICIENTS  
       NO.  GLOBAL      1      3      4      6      8      9     20     21     22     23     24
        1  0.36522   1.000 -0.124  0.080  0.020  0.063 -0.019 -0.000 -0.260  0.034 -0.019  0.237
        3  0.32010  -0.124  1.000  0.049 -0.015  0.209 -0.041  0.001  0.154  0.095  0.090 -0.159
        4  0.30953   0.080  0.049  1.000 -0.243  0.059 -0.051 -0.000  0.007  0.108  0.128  0.084
        6  0.26970   0.020 -0.015 -0.243  1.000  0.022  0.003  0.000  0.030 -0.037 -0.118  0.003
        8  0.26104   0.063  0.209  0.059  0.022  1.000 -0.058  0.000  0.006  0.110  0.034 -0.064
        9  0.22359  -0.019 -0.041 -0.051  0.003 -0.058  1.000 -0.000 -0.148 -0.052 -0.028 -0.124
       20  0.27882  -0.000  0.001 -0.000  0.000  0.000 -0.000  1.000 -0.177  0.132  0.069 -0.117
       21  0.38240  -0.260  0.154  0.007  0.030  0.006 -0.148 -0.177  1.000  0.046  0.050 -0.081
       22  0.23175   0.034  0.095  0.108 -0.037  0.110 -0.052  0.132  0.046  1.000 -0.009  0.004
       23  0.20313  -0.019  0.090  0.128 -0.118  0.034 -0.028  0.069  0.050 -0.009  1.000 -0.023
       24  0.33710   0.237 -0.159  0.084  0.003 -0.064 -0.124 -0.117 -0.081  0.004 -0.023  1.000
MINUIT - FIT ONLY 1-y
 **********
 **   51 **RES 
 **********
                   PARAMETER   16  beta_vw RESTORED TO VARIABLE.
                   PARAMETER   14  alpha_vw RESTORED TO VARIABLE.
                   PARAMETER   13  beta_y RESTORED TO VARIABLE.
                   PARAMETER   11  alpha_y RESTORED TO VARIABLE.
                   PARAMETER   10  beta_2CBO RESTORED TO VARIABLE.
 **********
 **   52 **FIX            0
 **********
 PARAMETER    0  IS UNDEFINED. IGNORED.
 **********
 **   53 **FIX            1
 **********
 **********
 **   54 **FIX            2
 **********
 PARAMETER    2  IS CONSTANT.   IGNORED.
 **********
 **   55 **FIX            3
 **********
 **********
 **   56 **FIX            4
 **********
 **********
 **   57 **FIX            5
 **********
 PARAMETER    5  IS CONSTANT.   IGNORED.
 **********
 **   58 **FIX            6
 **********
 **********
 **   59 **FIX            7
 **********
 PARAMETER    7  IS CONSTANT.   IGNORED.
 **********
 **   60 **FIX            8
 **********
 **********
 **   61 **FIX            9
 **********
 **********
 **   62 **FIX           13
 **********
 **********
 **   63 **FIX           14
 **********
 **********
 **   64 **FIX           15
 **********
 PARAMETER   15  IS CONSTANT.   IGNORED.
 **********
 **   65 **FIX           16
 **********
 **********
 **   66 **MIGRAD
 **********
 START MIGRAD MINIMIZATION.  STRATEGY  1.  CONVERGENCE WHEN EDM .LT. 1.00e-04
 FCN=51.6886 FROM MIGRAD    STATUS=INITIATE       16 CALLS        2912 TOTAL
                     EDM= unknown      STRATEGY= 1      NO ERROR MATRIX       
  EXT PARAMETER               CURRENT GUESS       STEP         FIRST   
  NO.   NAME      VALUE            ERROR          SIZE      DERIVATIVE 
   1  N0           2.90571e+06     fixed    
   2  tau          6.43983e+01   constant   
   3  A0           3.54881e-01     fixed    
   4  phi          4.11756e+00     fixed    
   5  R           -6.16270e+01   constant   
   6  alpha_CBO   -1.44557e-03     fixed    
   7  w_CBO        2.32500e+00   constant   
   8  beta_CBO    -4.31824e-04     fixed    
   9  alpha_2CBO   4.78924e-04     fixed    
  10  beta_2CBO    1.47552e-04   9.09630e-04   9.09630e-04   7.35179e+01
  11  alpha_y      0.00000e+00   1.00000e-03   1.00000e-03   1.07454e+03
  12  w_y          1.44500e+01   constant   
  13  beta_y       7.69147e-04     fixed    
  14  alpha_vw     0.00000e+00     fixed    
  15  w_vw         1.29000e+01   constant   
  16  beta_vw      0.00000e+00     fixed    
  17  LM          -2.35969e-04   constant   
  18  zeta_y       0.00000e+00   constant   
  19  zeta_vw      0.00000e+00   constant   
  20  T_CBO        9.99999e+02   7.18473e+02   6.66013e-02  -9.73072e-06
  21  alpha_A0    -8.65112e-03   5.73066e-03   1.87673e-05   2.00201e-01
  22  beta_A0      5.76719e-03   5.19921e-03   1.79257e-05  -1.42762e-01
  23  alpha_phi    2.82188e-03   4.82952e-03   1.67603e-05   8.31385e-02
  24  beta_phi    -5.29707e-03   5.36229e-03   1.78930e-05   2.37028e-01
 MIGRAD MINIMIZATION HAS CONVERGED.
 MIGRAD WILL VERIFY CONVERGENCE AND ERROR MATRIX.
 COVARIANCE MATRIX CALCULATED SUCCESSFULLY
 FCN=51.4519 FROM MIGRAD    STATUS=CONVERGED     114 CALLS        3010 TOTAL
                     EDM=3.42872e-07    STRATEGY= 1      ERROR MATRIX ACCURATE 
  EXT PARAMETER                                   STEP         FIRST   
  NO.   NAME      VALUE            ERROR          SIZE      DERIVATIVE 
   1  N0           2.90571e+06     fixed    
   2  tau          6.43983e+01   constant   
   3  A0           3.54881e-01     fixed    
   4  phi          4.11756e+00     fixed    
   5  R           -6.16270e+01   constant   
   6  alpha_CBO   -1.44557e-03     fixed    
   7  w_CBO        2.32500e+00   constant   
   8  beta_CBO    -4.31824e-04     fixed    
   9  alpha_2CBO   4.78924e-04     fixed    
  10  beta_2CBO    1.08999e-04   9.28386e-04   3.19502e-06  -3.33748e-01
  11  alpha_y     -4.37940e-04   9.02311e-04   3.18942e-06  -8.29587e-02
  12  w_y          1.44500e+01   constant   
  13  beta_y       7.69147e-04     fixed    
  14  alpha_vw     0.00000e+00     fixed    
  15  w_vw         1.29000e+01   constant   
  16  beta_vw      0.00000e+00     fixed    
  17  LM          -2.35969e-04   constant   
  18  zeta_y       0.00000e+00   constant   
  19  zeta_vw      0.00000e+00   constant   
  20  T_CBO        1.00000e+03   9.95778e+02   9.05289e-02** at limit **
  21  alpha_A0    -8.69673e-03   5.53128e-03   1.87254e-05  -5.20645e-02
  22  beta_A0      5.82892e-03   5.25896e-03   1.78852e-05  -1.30830e-01
  23  alpha_phi    2.74860e-03   4.81809e-03   1.67225e-05  -2.99989e-02
  24  beta_phi    -5.32224e-03   5.13968e-03   1.78529e-05  -5.41061e-02
 EXTERNAL ERROR MATRIX.    NDIM=  25    NPAR=  7    ERR DEF=1
  8.619e-07  1.238e-08 -2.281e-08  1.458e-07 -8.663e-07  6.666e-07  3.614e-08 
  1.238e-08  8.142e-07 -1.668e-10  6.884e-08 -5.540e-08  8.785e-08  3.750e-08 
 -2.281e-08 -1.668e-10  1.424e-02 -1.791e-04  1.210e-04  5.661e-05 -1.099e-04 
  1.458e-07  6.884e-08 -1.791e-04  3.060e-05  9.559e-08  6.556e-07  2.043e-08 
 -8.663e-07 -5.540e-08  1.210e-04  9.559e-08  2.766e-05 -1.231e-06 -5.042e-07 
  6.666e-07  8.785e-08  5.661e-05  6.556e-07 -1.231e-06  2.321e-05 -6.255e-07 
  3.614e-08  3.750e-08 -1.099e-04  2.043e-08 -5.042e-07 -6.255e-07  2.642e-05 
 PARAMETER  CORRELATION COEFFICIENTS  
       NO.  GLOBAL     10     11     20     21     22     23     24
       10  0.23004   1.000  0.015 -0.000  0.028 -0.177  0.149  0.008
       11  0.02994   0.015  1.000 -0.000  0.014 -0.012  0.020  0.008
       20  0.39340  -0.000 -0.000  1.000 -0.271  0.193  0.098 -0.179
       21  0.28904   0.028  0.014 -0.271  1.000  0.003  0.025  0.001
       22  0.27407  -0.177 -0.012  0.193  0.003  1.000 -0.049 -0.019
       23  0.19164   0.149  0.020  0.098  0.025 -0.049  1.000 -0.025
       24  0.18759   0.008  0.008 -0.179  0.001 -0.019 -0.025  1.000
MINUIT - FIT ONLY 2-y
 **********
 **   67 **RES 
 **********
                   PARAMETER   16  beta_vw RESTORED TO VARIABLE.
                   PARAMETER   14  alpha_vw RESTORED TO VARIABLE.
                   PARAMETER   13  beta_y RESTORED TO VARIABLE.
                   PARAMETER    9  alpha_2CBO RESTORED TO VARIABLE.
                   PARAMETER    8  beta_CBO RESTORED TO VARIABLE.
                   PARAMETER    6  alpha_CBO RESTORED TO VARIABLE.
                   PARAMETER    4  phi RESTORED TO VARIABLE.
                   PARAMETER    3  A0 RESTORED TO VARIABLE.
                   PARAMETER    1  N0 RESTORED TO VARIABLE.
 **********
 **   68 **FIX            0
 **********
 PARAMETER    0  IS UNDEFINED. IGNORED.
 **********
 **   69 **FIX            1
 **********
 **********
 **   70 **FIX            2
 **********
 PARAMETER    2  IS CONSTANT.   IGNORED.
 **********
 **   71 **FIX            3
 **********
 **********
 **   72 **FIX            4
 **********
 **********
 **   73 **FIX            5
 **********
 PARAMETER    5  IS CONSTANT.   IGNORED.
 **********
 **   74 **FIX            6
 **********
 **********
 **   75 **FIX            7
 **********
 PARAMETER    7  IS CONSTANT.   IGNORED.
 **********
 **   76 **FIX            8
 **********
 **********
 **   77 **FIX            9
 **********
 **********
 **   78 **FIX           10
 **********
 **********
 **   79 **FIX           11
 **********
 **********
 **   80 **FIX           12
 **********
 PARAMETER   12  IS CONSTANT.   IGNORED.
 **********
 **   81 **FIX           16
 **********
 **********
 **   82 **MIGRAD
 **********
 START MIGRAD MINIMIZATION.  STRATEGY  1.  CONVERGENCE WHEN EDM .LT. 1.00e-04
 FCN=51.4519 FROM MIGRAD    STATUS=INITIATE       16 CALLS        3026 TOTAL
                     EDM= unknown      STRATEGY= 1      NO ERROR MATRIX       
  EXT PARAMETER               CURRENT GUESS       STEP         FIRST   
  NO.   NAME      VALUE            ERROR          SIZE      DERIVATIVE 
   1  N0           2.90571e+06     fixed    
   2  tau          6.43983e+01   constant   
   3  A0           3.54881e-01     fixed    
   4  phi          4.11756e+00     fixed    
   5  R           -6.16270e+01   constant   
   6  alpha_CBO   -1.44557e-03     fixed    
   7  w_CBO        2.32500e+00   constant   
   8  beta_CBO    -4.31824e-04     fixed    
   9  alpha_2CBO   4.78924e-04     fixed    
  10  beta_2CBO    1.08999e-04     fixed    
  11  alpha_y     -4.37940e-04     fixed    
  12  w_y          1.44500e+01   constant   
  13  beta_y       7.69147e-04   8.95166e-04   8.95166e-04  -4.05329e+01
  14  alpha_vw     0.00000e+00   1.00000e-03   1.00000e-03  -5.16089e+02
  15  w_vw         1.29000e+01   constant   
  16  beta_vw      0.00000e+00     fixed    
  17  LM          -2.35969e-04   constant   
  18  zeta_y       0.00000e+00   constant   
  19  zeta_vw      0.00000e+00   constant   
  20  T_CBO        9.99999e+02   9.95778e+02   9.05289e-02  -8.68528e-06
  21  alpha_A0    -8.69673e-03   5.53128e-03   1.87254e-05  -5.18349e-02
  22  beta_A0      5.82892e-03   5.25896e-03   1.78852e-05  -1.31001e-01
  23  alpha_phi    2.74860e-03   4.81809e-03   1.67225e-05  -3.00993e-02
  24  beta_phi    -5.32224e-03   5.13968e-03   1.78529e-05  -5.39518e-02
 MIGRAD MINIMIZATION HAS CONVERGED.
 MIGRAD WILL VERIFY CONVERGENCE AND ERROR MATRIX.
 COVARIANCE MATRIX CALCULATED SUCCESSFULLY
 FCN=51.3929 FROM MIGRAD    STATUS=CONVERGED      99 CALLS        3109 TOTAL
                     EDM=5.82476e-06    STRATEGY= 1      ERROR MATRIX ACCURATE 
  EXT PARAMETER                                   STEP         FIRST   
  NO.   NAME      VALUE            ERROR          SIZE      DERIVATIVE 
   1  N0           2.90571e+06     fixed    
   2  tau          6.43983e+01   constant   
   3  A0           3.54881e-01     fixed    
   4  phi          4.11756e+00     fixed    
   5  R           -6.16270e+01   constant   
   6  alpha_CBO   -1.44557e-03     fixed    
   7  w_CBO        2.32500e+00   constant   
   8  beta_CBO    -4.31824e-04     fixed    
   9  alpha_2CBO   4.78924e-04     fixed    
  10  beta_2CBO    1.08999e-04     fixed    
  11  alpha_y     -4.37940e-04     fixed    
  12  w_y          1.44500e+01   constant   
  13  beta_y       8.34200e-04   9.16394e-04   3.15852e-06  -6.95192e-02
  14  alpha_vw     2.23963e-04   9.22668e-04   3.18019e-06   1.29501e+00
  15  w_vw         1.29000e+01   constant   
  16  beta_vw      0.00000e+00     fixed    
  17  LM          -2.35969e-04   constant   
  18  zeta_y       0.00000e+00   constant   
  19  zeta_vw      0.00000e+00   constant   
  20  T_CBO        1.00000e+03   9.71352e+02   7.04030e-02** at limit **
  21  alpha_A0    -8.68059e-03   5.44484e-03   1.87148e-05  -2.01110e-01
  22  beta_A0      5.85383e-03   5.13788e-03   1.78751e-05  -5.78101e-01
  23  alpha_phi    2.76409e-03   4.75443e-03   1.67131e-05   4.97141e-02
  24  beta_phi    -5.31533e-03   5.10561e-03   1.78428e-05  -7.61502e-02
 EXTERNAL ERROR MATRIX.    NDIM=  25    NPAR=  7    ERR DEF=1
  8.398e-07  1.859e-07  6.544e-08  2.796e-08  1.381e-07 -1.035e-10  2.863e-08 
  1.859e-07  8.513e-07  8.667e-08  6.931e-08  1.085e-07  5.591e-08  2.571e-08 
  6.544e-08  8.667e-08  9.362e-01 -1.115e-03  7.566e-04  3.552e-04 -6.842e-04 
  2.796e-08  6.931e-08 -1.115e-03  2.965e-05  8.758e-07  8.302e-07 -5.525e-07 
  1.381e-07  1.085e-07  7.566e-04  8.758e-07  2.640e-05 -7.451e-07 -7.865e-08 
 -1.035e-10  5.591e-08  3.552e-04  8.302e-07 -7.451e-07  2.260e-05 -4.784e-07 
  2.863e-08  2.571e-08 -6.842e-04 -5.525e-07 -7.865e-08 -4.784e-07  2.607e-05 
 PARAMETER  CORRELATION COEFFICIENTS  
       NO.  GLOBAL     13     14     20     21     22     23     24
       13  0.22132   1.000  0.220  0.000  0.006  0.029 -0.000  0.006
       14  0.22126   0.220  1.000  0.000  0.014  0.023  0.013  0.005
       20  0.31267   0.000  0.000  1.000 -0.212  0.152  0.077 -0.138
       21  0.23288   0.006  0.014 -0.212  1.000  0.031  0.032 -0.020
       22  0.17614   0.029  0.023  0.152  0.031  1.000 -0.031 -0.003
       23  0.10367  -0.000  0.013  0.077  0.032 -0.031  1.000 -0.020
       24  0.14922   0.006  0.005 -0.138 -0.020 -0.003 -0.020  1.000
