 + ++++++++++++++++++++++++++++++++++++++++++++++++++++++++++++++++++++ +
 +                                                                      +
 +           You have chose to blind your fitting according to          +
 +                omega_ref * (1 + (R +/- deltaR) *10^{-6})             +
 +                                                                      +
 + ++++++++++++++++++++++++++++++++++++++++++++++++++++++++++++++++++++ +
In main()...
reading format from /gm2data/zkhechad/run45/envelope/formats/formatB_sBin_constraintOn.txt
pBinTau 	= 0  
pBinPhi 	= 0  
constraintau 	= 1 
includeMopTerm 	= 0    
constrainMop    = 0   
Parameters after format file: pBinTau 0 pBinPhi 0 constraintau 1 includeMopTerm 0 constrainMop 0 c_e_scale 0.000000 
Opening file /gm2data/tbarrett/gm2fr/studies/run23_bunch_corrections/CorrectedFourier_Run3b.root.
reading full fit data from /gm2data/zkhechad/cboTemplates/Run4CBOTemplates/fullFits/noRF/sBin_constraintOn_cE0.0_seed0_noRF_calo24.root
windowBins = 69
fitting sliding window 1540 from bin 1676 at 249.910000 to bin 1745 at 260.354000 (69 bins)

Reading data from /gm2data/cornell/histograms/aMethod/histogram_a_noRF.root
 **********
 **    1 **SET PRINTOUT            1
 **********
 **********
 **    2 **SET NOWARNINGS 
 **********
 PARAMETER DEFINITIONS:
    NO.   NAME         VALUE      STEP SIZE      LIMITS
     1 N0           3.17469e+06  1.00000e+02     no limits
     2 tau          6.44005e+01  constant
     3 A0           3.64944e-01  1.00000e-04     no limits
     4 phi          4.11953e+00  1.00000e-02     no limits
     5 R           -6.09192e+01  constant
     6 alpha_CBO    0.00000e+00  1.00000e-03     no limits
     7 w_CBO        2.32500e+00  constant
     8 beta_CBO     0.00000e+00  1.00000e-03     no limits
     9 alpha_2CBO   0.00000e+00  1.00000e-03     no limits
    10 beta_2CBO    0.00000e+00  1.00000e-03     no limits
    11 alpha_y      0.00000e+00  1.00000e-03     no limits
    12 w_y          1.38860e+01  constant
    13 beta_y       0.00000e+00  1.00000e-03     no limits
    14 alpha_vw     0.00000e+00  1.00000e-03     no limits
    15 w_vw         1.43404e+01  constant
    16 beta_vw      0.00000e+00  1.00000e-03     no limits
    17 LM          -6.12107e-05  constant
    18 zeta_y       0.00000e+00  constant
    19 zeta_vw      0.00000e+00  constant
    20 T_CBO        1.00000e+02  1.00000e+00    0.00000e+00  1.00000e+03
    21 alpha_A0     0.00000e+00  1.00000e-03     no limits
    22 beta_A0      0.00000e+00  1.00000e-03     no limits
    23 alpha_phi    0.00000e+00  1.00000e-03     no limits
    24 beta_phi     0.00000e+00  1.00000e-03     no limits
MINUIT - FIT ONLY WIGGLE
 **********
 **    3 **FIX            5
 **********
 PARAMETER    5  IS CONSTANT.   IGNORED.
 **********
 **    4 **FIX            6
 **********
 **********
 **    5 **FIX            7
 **********
 PARAMETER    7  IS CONSTANT.   IGNORED.
 **********
 **    6 **FIX            8
 **********
 **********
 **    7 **FIX            9
 **********
 **********
 **    8 **FIX           10
 **********
 **********
 **    9 **FIX           11
 **********
 **********
 **   10 **FIX           12
 **********
 PARAMETER   12  IS CONSTANT.   IGNORED.
 **********
 **   11 **FIX           13
 **********
 **********
 **   12 **FIX           14
 **********
 **********
 **   13 **FIX           15
 **********
 PARAMETER   15  IS CONSTANT.   IGNORED.
 **********
 **   14 **FIX           16
 **********
 **********
 **   15 **MIGRAD
 **********
 FIRST CALL TO USER FUNCTION AT NEW START POINT, WITH IFLAG=4.
 START MIGRAD MINIMIZATION.  STRATEGY  1.  CONVERGENCE WHEN EDM .LT. 1.00e-04
 FCN=169.206 FROM MIGRAD    STATUS=INITIATE      437 CALLS         438 TOTAL
                     EDM= unknown      STRATEGY= 1      NO ERROR MATRIX       
  EXT PARAMETER               CURRENT GUESS       STEP         FIRST   
  NO.   NAME      VALUE            ERROR          SIZE      DERIVATIVE 
   1  N0           3.17469e+06   1.00000e+02   0.00000e+00   3.41354e-03
   2  tau          6.44005e+01   constant   
   3  A0           3.64944e-01   1.00000e-04   0.00000e+00  -3.16676e+03
   4  phi          4.11953e+00   1.00000e-02   0.00000e+00  -1.22727e+03
   5  R           -6.09192e+01   constant   
   6  alpha_CBO    0.00000e+00     fixed    
   7  w_CBO        2.32500e+00   constant   
   8  beta_CBO     0.00000e+00     fixed    
   9  alpha_2CBO   0.00000e+00     fixed    
  10  beta_2CBO    0.00000e+00     fixed    
  11  alpha_y      0.00000e+00     fixed    
  12  w_y          1.38860e+01   constant   
  13  beta_y       0.00000e+00     fixed    
  14  alpha_vw     0.00000e+00     fixed    
  15  w_vw         1.43404e+01   constant   
  16  beta_vw      0.00000e+00     fixed    
  17  LM          -6.12107e-05   constant   
  18  zeta_y       0.00000e+00   constant   
  19  zeta_vw      0.00000e+00   constant   
  20  T_CBO        1.00000e+02   1.00000e+00   0.00000e+00   0.00000e+00
  21  alpha_A0     0.00000e+00   1.00000e-03   0.00000e+00   9.52108e+01
  22  beta_A0      0.00000e+00   1.00000e-03   0.00000e+00   2.23915e+02
  23  alpha_phi    0.00000e+00   1.00000e-03   0.00000e+00   2.98640e+02
  24  beta_phi     0.00000e+00   1.00000e-03   0.00000e+00   2.21900e+01
 CALL LIMIT EXCEEDED IN MIGRAD.
 MIGRAD TERMINATED WITHOUT CONVERGENCE.
 FCN=154.853 FROM MIGRAD    STATUS=CALL LIMIT   1334 CALLS        1335 TOTAL
                     EDM=0.00295066    STRATEGY= 1  ERROR MATRIX UNCERTAINTY   4.9 per cent
  EXT PARAMETER                APPROXIMATE        STEP         FIRST   
  NO.   NAME      VALUE            ERROR          SIZE      DERIVATIVE 
   1  N0           3.17378e+06   1.00724e+03   1.76692e+01   5.52206e-06
   2  tau          6.44005e+01   constant   
   3  A0           3.65327e-01   4.12383e-04   1.88979e-06  -2.16695e+01
   4  phi          4.11995e+00   1.11352e-03   5.57774e-06  -1.43460e+01
   5  R           -6.09192e+01   constant   
   6  alpha_CBO    0.00000e+00     fixed    
   7  w_CBO        2.32500e+00   constant   
   8  beta_CBO     0.00000e+00     fixed    
   9  alpha_2CBO   0.00000e+00     fixed    
  10  beta_2CBO    0.00000e+00     fixed    
  11  alpha_y      0.00000e+00     fixed    
  12  w_y          1.38860e+01   constant   
  13  beta_y       0.00000e+00     fixed    
  14  alpha_vw     0.00000e+00     fixed    
  15  w_vw         1.43404e+01   constant   
  16  beta_vw      0.00000e+00     fixed    
  17  LM          -6.12107e-05   constant   
  18  zeta_y       0.00000e+00   constant   
  19  zeta_vw      0.00000e+00   constant   
  20  T_CBO        4.05516e+01   1.63742e+01  -4.91275e-03  -9.40619e+00
  21  alpha_A0    -7.73415e-01   1.81372e+00  -1.01722e-01  -9.40980e-02
  22  beta_A0     -1.28322e+00   2.90229e+00  -1.62758e-01   2.72915e-01
  23  alpha_phi   -2.03997e+00   4.55985e+00  -2.56151e-01   6.49868e-02
  24  beta_phi     3.44319e-01   8.84599e-01   4.94449e-02   8.58543e-02
 EXTERNAL ERROR MATRIX.    NDIM=  25    NPAR=  8    ERR DEF=1
  1.015e+06  1.194e-02  2.167e-01 -1.303e+02 -8.026e+01 -1.420e+02 -2.136e+02  3.469e+01 
  1.194e-02  1.701e-07 -8.815e-09 -4.162e-04 -5.786e-05 -9.108e-05 -1.443e-04  2.994e-05 
  2.167e-01 -8.815e-09  1.240e-06  8.165e-04  7.311e-05  1.095e-04  1.772e-04 -3.755e-05 
 -1.303e+02 -4.162e-04  8.165e-04  2.687e+02  2.955e+01  4.727e+01  7.431e+01 -1.441e+01 
 -8.026e+01 -5.786e-05  7.311e-05  2.955e+01  3.290e+00  5.263e+00  8.269e+00 -1.604e+00 
 -1.420e+02 -9.108e-05  1.095e-04  4.727e+01  5.263e+00  8.423e+00  1.323e+01 -2.566e+00 
 -2.136e+02 -1.443e-04  1.772e-04  7.431e+01  8.269e+00  1.323e+01  2.079e+01 -4.032e+00 
  3.469e+01  2.994e-05 -3.755e-05 -1.441e+01 -1.604e+00 -2.566e+00 -4.032e+00  7.825e-01 
ERR MATRIX APPROXIMATE
 PARAMETER  CORRELATION COEFFICIENTS  
       NO.  GLOBAL      1      3      4     20     21     22     23     24
        1  0.48661   1.000  0.029  0.193 -0.008 -0.044 -0.049 -0.047  0.039
        3  0.26821   0.029  1.000 -0.019 -0.062 -0.077 -0.076 -0.077  0.082
        4  0.22291   0.193 -0.019  1.000  0.045  0.036  0.034  0.035 -0.038
       20  0.99559  -0.008 -0.062  0.045  1.000  0.994  0.994  0.994 -0.994
       21  0.99992  -0.044 -0.077  0.036  0.994  1.000  1.000  1.000 -1.000
       22  0.99996  -0.049 -0.076  0.034  0.994  1.000  1.000  1.000 -1.000
       23  0.99997  -0.047 -0.077  0.035  0.994  1.000  1.000  1.000 -1.000
       24  0.99970   0.039  0.082 -0.038 -0.994 -1.000 -1.000 -1.000  1.000
 ERR MATRIX APPROXIMATE
MINUIT - FIT ONLY 1-CBO + wiggle
 **********
 **   16 **RES 
 **********
                   PARAMETER   16  beta_vw RESTORED TO VARIABLE.
                   PARAMETER   14  alpha_vw RESTORED TO VARIABLE.
                   PARAMETER   13  beta_y RESTORED TO VARIABLE.
                   PARAMETER   11  alpha_y RESTORED TO VARIABLE.
                   PARAMETER   10  beta_2CBO RESTORED TO VARIABLE.
                   PARAMETER    9  alpha_2CBO RESTORED TO VARIABLE.
                   PARAMETER    8  beta_CBO RESTORED TO VARIABLE.
                   PARAMETER    6  alpha_CBO RESTORED TO VARIABLE.
 **********
 **   17 **FIX            8
 **********
 **********
 **   18 **FIX            9
 **********
 **********
 **   19 **FIX           11
 **********
 **********
 **   20 **FIX           12
 **********
 PARAMETER   12  IS CONSTANT.   IGNORED.
 **********
 **   21 **FIX           14
 **********
 **********
 **   22 **FIX           15
 **********
 PARAMETER   15  IS CONSTANT.   IGNORED.
 **********
 **   23 **FIX           16
 **********
 **********
 **   24 **MIGRAD
 **********
 START MIGRAD MINIMIZATION.  STRATEGY  1.  CONVERGENCE WHEN EDM .LT. 1.00e-04
 FCN=154.853 FROM MIGRAD    STATUS=INITIATE       28 CALLS        1363 TOTAL
                     EDM= unknown      STRATEGY= 1      NO ERROR MATRIX       
  EXT PARAMETER               CURRENT GUESS       STEP         FIRST   
  NO.   NAME      VALUE            ERROR          SIZE      DERIVATIVE 
   1  N0           3.17378e+06   1.00724e+03   1.76692e+01   5.52206e-06
   2  tau          6.44005e+01   constant   
   3  A0           3.65327e-01   4.12383e-04   1.88979e-06  -2.16695e+01
   4  phi          4.11995e+00   1.11352e-03   5.57774e-06  -1.43460e+01
   5  R           -6.09192e+01   constant   
   6  alpha_CBO    0.00000e+00   1.00000e-03   1.00000e-03   5.92679e+03
   7  w_CBO        2.32500e+00   constant   
   8  beta_CBO     0.00000e+00     fixed    
   9  alpha_2CBO   0.00000e+00     fixed    
  10  beta_2CBO    0.00000e+00   1.00000e-03   1.00000e-03  -5.77719e+03
  11  alpha_y      0.00000e+00     fixed    
  12  w_y          1.38860e+01   constant   
  13  beta_y       0.00000e+00   1.00000e-03   1.00000e-03   6.67606e+03
  14  alpha_vw     0.00000e+00     fixed    
  15  w_vw         1.43404e+01   constant   
  16  beta_vw      0.00000e+00     fixed    
  17  LM          -6.12107e-05   constant   
  18  zeta_y       0.00000e+00   constant   
  19  zeta_vw      0.00000e+00   constant   
  20  T_CBO        4.05516e+01   1.63742e+01  -4.91275e-03  -9.40623e+00
  21  alpha_A0    -7.73415e-01   1.81372e+00  -1.01722e-01  -9.40980e-02
  22  beta_A0     -1.28322e+00   2.90229e+00  -1.62758e-01   2.72915e-01
  23  alpha_phi   -2.03997e+00   4.55985e+00  -2.56151e-01   6.49868e-02
  24  beta_phi     3.44319e-01   8.84599e-01   4.94449e-02   8.58543e-02
 CALL LIMIT EXCEEDED IN MIGRAD.
 MIGRAD TERMINATED WITHOUT CONVERGENCE.
 FCN=149.295 FROM MIGRAD    STATUS=CALL LIMIT   1908 CALLS        3243 TOTAL
                     EDM=0.010363    STRATEGY= 1  ERROR MATRIX UNCERTAINTY  13.5 per cent
  EXT PARAMETER                APPROXIMATE        STEP         FIRST   
  NO.   NAME      VALUE            ERROR          SIZE      DERIVATIVE 
   1  N0           3.17377e+06   9.54719e+02  -6.89553e+00  -9.09948e-06
   2  tau          6.44005e+01   constant   
   3  A0           3.65475e-01   3.98482e-04   1.99524e-05   1.80628e+02
   4  phi          4.11968e+00   1.14029e-03   7.66944e-06   4.71421e+00
   5  R           -6.09192e+01   constant   
   6  alpha_CBO   -5.48720e-04   4.32222e-04  -1.42811e-06  -7.96038e+00
   7  w_CBO        2.32500e+00   constant   
   8  beta_CBO     0.00000e+00     fixed    
   9  alpha_2CBO   0.00000e+00     fixed    
  10  beta_2CBO    5.36913e-04   4.13651e-04   1.78846e-05   1.74152e+02
  11  alpha_y      0.00000e+00     fixed    
  12  w_y          1.38860e+01   constant   
  13  beta_y      -5.84176e-04   4.14337e-04  -5.40598e-06  -4.74038e+01
  14  alpha_vw     0.00000e+00     fixed    
  15  w_vw         1.43404e+01   constant   
  16  beta_vw      0.00000e+00     fixed    
  17  LM          -6.12107e-05   constant   
  18  zeta_y       0.00000e+00   constant   
  19  zeta_vw      0.00000e+00   constant   
  20  T_CBO        1.94857e+01   2.99373e+00  -1.84777e-03  -4.09671e+01
  21  alpha_A0    -9.52602e+02   1.62512e+03  -1.52794e+02  -1.06176e-04
  22  beta_A0     -1.18471e+03   2.00332e+03  -1.88320e+02  -1.84829e-04
  23  alpha_phi   -1.91454e+03   3.23296e+03  -3.03920e+02   4.29674e-04
  24  beta_phi     3.05089e+02   5.19222e+02   4.88155e+01  -5.41775e-05
 EXTERNAL ERROR MATRIX.    NDIM=  25    NPAR= 11    ERR DEF=1
  9.115e+05 
  3.465e-03  1.588e-07 
  1.492e-01 -2.510e-08  1.300e-06 
 -7.203e-03 -2.836e-08  4.497e-08  1.868e-07 
  1.083e-02  5.729e-10  9.833e-09  2.302e-09  1.711e-07 
 -1.765e-03  2.095e-09 -5.213e-09  1.301e-09  4.904e-10  1.717e-07 
  4.867e+01  4.313e-05  1.503e-04 -1.937e-05  4.010e-05 -8.020e-06  8.964e+00 
  1.096e+04 -2.219e-02  7.912e-02  5.146e-03 -1.746e-02  5.164e-03  4.761e+03  2.641e+06 
  1.320e+04 -2.724e-02  9.748e-02  6.249e-03 -2.139e-02  6.341e-03  5.869e+03  3.256e+06  4.013e+06 
  2.126e+04 -4.399e-02  1.572e-01  1.013e-02 -3.458e-02  1.024e-02  9.472e+03  5.254e+06  6.477e+06  1.045e+07 
 -3.623e+03  7.134e-03 -2.538e-02 -1.639e-03  5.514e-03 -1.635e-03 -1.521e+03 -8.438e+05 -1.040e+06 -1.679e+06  2.696e+05 
ERR MATRIX APPROXIMATE
 PARAMETER  CORRELATION COEFFICIENTS  
       NO.  GLOBAL      1      3      4      6     10     13     20     21     22     23     24
        1  0.34688   1.000  0.009  0.137 -0.017  0.027 -0.004  0.017  0.007  0.007  0.007 -0.007
        3  0.40765   0.009  1.000 -0.055 -0.165  0.003  0.013  0.036 -0.034 -0.034 -0.034  0.034
        4  0.19758   0.137 -0.055  1.000  0.091  0.021 -0.011  0.044  0.043  0.043  0.043 -0.043
        6  0.21665  -0.017 -0.165  0.091  1.000  0.013  0.007 -0.015  0.007  0.007  0.007 -0.007
       10  0.32750   0.027  0.003  0.021  0.013  1.000  0.003  0.032 -0.026 -0.026 -0.026  0.026
       13  0.08699  -0.004  0.013 -0.011  0.007  0.003  1.000 -0.006  0.008  0.008  0.008 -0.008
       20  0.98650   0.017  0.036  0.044 -0.015  0.032 -0.006  1.000  0.978  0.979  0.979 -0.978
       21  1.00000   0.007 -0.034  0.043  0.007 -0.026  0.008  0.978  1.000  1.000  1.000 -1.000
       22  1.00000   0.007 -0.034  0.043  0.007 -0.026  0.008  0.979  1.000  1.000  1.000 -1.000
       23  1.00000   0.007 -0.034  0.043  0.007 -0.026  0.008  0.979  1.000  1.000  1.000 -1.000
       24  1.00000  -0.007  0.034 -0.043 -0.007  0.026 -0.008 -0.978 -1.000 -1.000 -1.000  1.000
 ERR MATRIX APPROXIMATE
MINUIT - FIT ONLY 2-CBO
 **********
 **   25 **RES 
 **********
                   PARAMETER   16  beta_vw RESTORED TO VARIABLE.
                   PARAMETER   14  alpha_vw RESTORED TO VARIABLE.
                   PARAMETER   11  alpha_y RESTORED TO VARIABLE.
                   PARAMETER    9  alpha_2CBO RESTORED TO VARIABLE.
                   PARAMETER    8  beta_CBO RESTORED TO VARIABLE.
 **********
 **   26 **FIX            0
 **********
 PARAMETER    0  IS UNDEFINED. IGNORED.
 **********
 **   27 **FIX            1
 **********
 **********
 **   28 **FIX            2
 **********
 PARAMETER    2  IS CONSTANT.   IGNORED.
 **********
 **   29 **FIX            3
 **********
 **********
 **   30 **FIX            4
 **********
 **********
 **   31 **FIX            5
 **********
 PARAMETER    5  IS CONSTANT.   IGNORED.
 **********
 **   32 **FIX            6
 **********
 **********
 **   33 **FIX            7
 **********
 PARAMETER    7  IS CONSTANT.   IGNORED.
 **********
 **   34 **FIX           10
 **********
 **********
 **   35 **FIX           11
 **********
 **********
 **   36 **FIX           12
 **********
 PARAMETER   12  IS CONSTANT.   IGNORED.
 **********
 **   37 **FIX           13
 **********
 **********
 **   38 **FIX           14
 **********
 **********
 **   39 **FIX           15
 **********
 PARAMETER   15  IS CONSTANT.   IGNORED.
 **********
 **   40 **FIX           16
 **********
 **********
 **   41 **MIGRAD
 **********
 START MIGRAD MINIMIZATION.  STRATEGY  1.  CONVERGENCE WHEN EDM .LT. 1.00e-04
 FCN=149.295 FROM MIGRAD    STATUS=INITIATE       18 CALLS        3261 TOTAL
                     EDM= unknown      STRATEGY= 1      NO ERROR MATRIX       
  EXT PARAMETER               CURRENT GUESS       STEP         FIRST   
  NO.   NAME      VALUE            ERROR          SIZE      DERIVATIVE 
   1  N0           3.17377e+06     fixed    
   2  tau          6.44005e+01   constant   
   3  A0           3.65475e-01     fixed    
   4  phi          4.11968e+00     fixed    
   5  R           -6.09192e+01   constant   
   6  alpha_CBO   -5.48720e-04     fixed    
   7  w_CBO        2.32500e+00   constant   
   8  beta_CBO     0.00000e+00   1.00000e-03   1.00000e-03  -3.50517e+04
   9  alpha_2CBO   0.00000e+00   1.00000e-03   1.00000e-03   1.27026e+03
  10  beta_2CBO    5.36913e-04     fixed    
  11  alpha_y      0.00000e+00     fixed    
  12  w_y          1.38860e+01   constant   
  13  beta_y      -5.84176e-04     fixed    
  14  alpha_vw     0.00000e+00     fixed    
  15  w_vw         1.43404e+01   constant   
  16  beta_vw      0.00000e+00     fixed    
  17  LM          -6.12107e-05   constant   
  18  zeta_y       0.00000e+00   constant   
  19  zeta_vw      0.00000e+00   constant   
  20  T_CBO        1.94857e+01   2.99373e+00  -1.84777e-03  -4.09673e+01
  21  alpha_A0    -9.52602e+02   1.62512e+03  -1.52794e+02  -1.06176e-04
  22  beta_A0     -1.18471e+03   2.00332e+03  -1.88320e+02  -1.84829e-04
  23  alpha_phi   -1.91454e+03   3.23296e+03  -3.03920e+02   4.29674e-04
  24  beta_phi     3.05089e+02   5.19222e+02   4.88155e+01  -5.41775e-05
 CALL LIMIT EXCEEDED IN MIGRAD.
 MIGRAD TERMINATED WITHOUT CONVERGENCE.
 FCN=95.2156 FROM MIGRAD    STATUS=CALL LIMIT   1146 CALLS        4389 TOTAL
                     EDM=0.000767667    STRATEGY= 1  ERROR MATRIX UNCERTAINTY  13.6 per cent
  EXT PARAMETER                APPROXIMATE        STEP         FIRST   
  NO.   NAME      VALUE            ERROR          SIZE      DERIVATIVE 
   1  N0           3.17377e+06     fixed    
   2  tau          6.44005e+01   constant   
   3  A0           3.65475e-01     fixed    
   4  phi          4.11968e+00     fixed    
   5  R           -6.09192e+01   constant   
   6  alpha_CBO   -5.48720e-04     fixed    
   7  w_CBO        2.32500e+00   constant   
   8  beta_CBO     3.07202e-03   4.00875e-04  -1.01624e-06   1.09060e+01
   9  alpha_2CBO  -3.01670e-05   4.11649e-04  -2.22277e-07   5.90487e+00
  10  beta_2CBO    5.36913e-04     fixed    
  11  alpha_y      0.00000e+00     fixed    
  12  w_y          1.38860e+01   constant   
  13  beta_y      -5.84176e-04     fixed    
  14  alpha_vw     0.00000e+00     fixed    
  15  w_vw         1.43404e+01   constant   
  16  beta_vw      0.00000e+00     fixed    
  17  LM          -6.12107e-05   constant   
  18  zeta_y       0.00000e+00   constant   
  19  zeta_vw      0.00000e+00   constant   
  20  T_CBO        1.42243e+01   1.95326e+00   5.31201e-05   2.90209e-01
  21  alpha_A0    -9.39726e+04   2.46224e+05  -1.11754e+02  -1.28039e-06
  22  beta_A0     -3.19956e+04   7.62094e+04  -4.08811e+01   2.12892e-06
  23  alpha_phi   -2.54388e+05   6.11102e+05  -1.65395e+02   2.45981e-07
  24  beta_phi     2.64545e+04   8.05286e+04   6.62618e+01  -4.76478e-07
 EXTERNAL ERROR MATRIX.    NDIM=  25    NPAR=  7    ERR DEF=1
  1.607e-07 -1.760e-09  4.311e-05  6.183e+00  1.981e+00  1.531e+01 -2.034e+00 
 -1.760e-09  1.695e-07  6.514e-06 -2.602e-01 -3.659e-02 -7.338e-01  1.145e-01 
  4.311e-05  6.514e-06  3.816e+00  4.768e+05  1.475e+05  1.184e+06 -1.556e+05 
  6.183e+00 -2.602e-01  4.768e+05  6.063e+10  1.876e+10  1.505e+11 -1.982e+10 
  1.981e+00 -3.659e-02  1.475e+05  1.876e+10  5.808e+09  4.656e+10 -6.136e+09 
  1.531e+01 -7.338e-01  1.184e+06  1.505e+11  4.656e+10  3.734e+11 -4.920e+10 
 -2.034e+00  1.145e-01 -1.556e+05 -1.982e+10 -6.136e+09 -4.920e+10  6.485e+09 
ERR MATRIX APPROXIMATE
 PARAMETER  CORRELATION COEFFICIENTS  
       NO.  GLOBAL      8      9     20     21     22     23     24
        8  0.16917   1.000 -0.011  0.055  0.063  0.065  0.062 -0.063
        9  0.22358  -0.011  1.000  0.008 -0.003 -0.001 -0.003  0.003
       20  0.99744   0.055  0.008  1.000  0.991  0.991  0.992 -0.989
       21  0.99999   0.063 -0.003  0.991  1.000  1.000  1.000 -1.000
       22  0.99988   0.065 -0.001  0.991  1.000  1.000  1.000 -1.000
       23  0.99999   0.062 -0.003  0.992  1.000  1.000  1.000 -1.000
       24  0.99993  -0.063  0.003 -0.989 -1.000 -1.000 -1.000  1.000
 ERR MATRIX APPROXIMATE
MINUIT - FIT wiggle + 1-CBO + 2-CBO
 **********
 **   42 **RES 
 **********
                   PARAMETER   16  beta_vw RESTORED TO VARIABLE.
                   PARAMETER   14  alpha_vw RESTORED TO VARIABLE.
                   PARAMETER   13  beta_y RESTORED TO VARIABLE.
                   PARAMETER   11  alpha_y RESTORED TO VARIABLE.
                   PARAMETER   10  beta_2CBO RESTORED TO VARIABLE.
                   PARAMETER    6  alpha_CBO RESTORED TO VARIABLE.
                   PARAMETER    4  phi RESTORED TO VARIABLE.
                   PARAMETER    3  A0 RESTORED TO VARIABLE.
                   PARAMETER    1  N0 RESTORED TO VARIABLE.
 **********
 **   43 **FIX           10
 **********
 **********
 **   44 **FIX           11
 **********
 **********
 **   45 **FIX           12
 **********
 PARAMETER   12  IS CONSTANT.   IGNORED.
 **********
 **   46 **FIX           13
 **********
 **********
 **   47 **FIX           14
 **********
 **********
 **   48 **FIX           15
 **********
 PARAMETER   15  IS CONSTANT.   IGNORED.
 **********
 **   49 **FIX           16
 **********
 **********
 **   50 **MIGRAD
 **********
 START MIGRAD MINIMIZATION.  STRATEGY  1.  CONVERGENCE WHEN EDM .LT. 1.00e-04
 FCN=95.2156 FROM MIGRAD    STATUS=INITIATE       22 CALLS        4411 TOTAL
                     EDM= unknown      STRATEGY= 1      NO ERROR MATRIX       
  EXT PARAMETER               CURRENT GUESS       STEP         FIRST   
  NO.   NAME      VALUE            ERROR          SIZE      DERIVATIVE 
   1  N0           3.17377e+06   9.54719e+02   9.54719e+02  -1.12788e-04
   2  tau          6.44005e+01   constant   
   3  A0           3.65475e-01   3.98482e-04   3.98482e-04   6.59442e+03
   4  phi          4.11968e+00   1.14029e-03   1.14029e-03   1.95942e+03
   5  R           -6.09192e+01   constant   
   6  alpha_CBO   -5.48720e-04   4.32222e-04   4.32222e-04   8.80794e+02
   7  w_CBO        2.32500e+00   constant   
   8  beta_CBO     3.07202e-03   4.00875e-04  -1.01624e-06   1.09060e+01
   9  alpha_2CBO  -3.01670e-05   4.11649e-04  -2.22277e-07   5.90487e+00
  10  beta_2CBO    5.36913e-04     fixed    
  11  alpha_y      0.00000e+00     fixed    
  12  w_y          1.38860e+01   constant   
  13  beta_y      -5.84176e-04     fixed    
  14  alpha_vw     0.00000e+00     fixed    
  15  w_vw         1.43404e+01   constant   
  16  beta_vw      0.00000e+00     fixed    
  17  LM          -6.12107e-05   constant   
  18  zeta_y       0.00000e+00   constant   
  19  zeta_vw      0.00000e+00   constant   
  20  T_CBO        1.42243e+01   1.95326e+00   5.31201e-05   2.90129e-01
  21  alpha_A0    -9.39726e+04   2.46224e+05  -1.11754e+02  -1.28039e-06
  22  beta_A0     -3.19956e+04   7.62094e+04  -4.08811e+01   2.12892e-06
  23  alpha_phi   -2.54388e+05   6.11102e+05  -1.65395e+02   2.45981e-07
  24  beta_phi     2.64545e+04   8.05286e+04   6.62618e+01  -4.76478e-07
 CALL LIMIT EXCEEDED IN MIGRAD.
 MIGRAD TERMINATED WITHOUT CONVERGENCE.
 FCN=91.9661 FROM MIGRAD    STATUS=CALL LIMIT   1916 CALLS        6305 TOTAL
                     EDM=0.00629746    STRATEGY= 1  ERROR MATRIX UNCERTAINTY  26.4 per cent
  EXT PARAMETER                APPROXIMATE        STEP         FIRST   
  NO.   NAME      VALUE            ERROR          SIZE      DERIVATIVE 
   1  N0           3.17352e+06   9.28107e+02  -3.57800e-01   1.07158e-05
   2  tau          6.44005e+01   constant   
   3  A0           3.64926e-01   4.17513e-04  -2.92071e-08   4.18326e+01
   4  phi          4.11825e+00   1.11726e-03  -1.24774e-06  -7.43270e+00
   5  R           -6.09192e+01   constant   
   6  alpha_CBO   -5.97235e-04   4.24895e-04  -9.76076e-07  -3.28074e+01
   7  w_CBO        2.32500e+00   constant   
   8  beta_CBO     3.23534e-03   4.18129e-04  -5.00452e-07  -2.07536e+01
   9  alpha_2CBO  -8.05613e-05   4.09244e-04  -2.14913e-07   1.43420e+01
  10  beta_2CBO    5.36913e-04     fixed    
  11  alpha_y      0.00000e+00     fixed    
  12  w_y          1.38860e+01   constant   
  13  beta_y      -5.84176e-04     fixed    
  14  alpha_vw     0.00000e+00     fixed    
  15  w_vw         1.43404e+01   constant   
  16  beta_vw      0.00000e+00     fixed    
  17  LM          -6.12107e-05   constant   
  18  zeta_y       0.00000e+00   constant   
  19  zeta_vw      0.00000e+00   constant   
  20  T_CBO        1.06747e+01   1.16603e+00  -4.42754e-04  -6.70560e+01
  21  alpha_A0    -4.79613e+07   1.15408e+08  -4.43402e+06  -7.60431e-09
  22  beta_A0     -1.01990e+07   2.46977e+07  -9.48708e+05   1.62211e-09
  23  alpha_phi   -8.40019e+07   1.99024e+08  -7.64635e+06   7.78204e-09
  24  beta_phi     7.76422e+06   1.86734e+07   7.17315e+05  -3.41788e-09
 EXTERNAL ERROR MATRIX.    NDIM=  25    NPAR= 11    ERR DEF=1
  8.614e+05 
  2.549e-02  1.743e-07 
  1.485e-01  4.949e-10  1.248e-06 
 -3.021e-02 -3.234e-08  4.687e-08  1.805e-07 
 -9.712e-03 -3.153e-08 -6.738e-08  1.541e-09  1.748e-07 
  9.618e-03  1.388e-08  4.836e-09 -6.774e-09 -8.048e-09  1.675e-07 
  1.854e+01 -7.026e-07  3.844e-05  2.291e-06  5.266e-06  6.946e-06  1.360e+00 
  3.382e+08 -1.375e+03  4.947e+03  1.526e+03  1.229e+03  1.964e+02  1.341e+08  1.332e+16 
  5.518e+07 -2.974e+02  1.051e+03  3.276e+02  2.672e+02  4.286e+01  2.869e+07  2.850e+15  6.100e+14 
  5.424e+08 -2.380e+03  8.475e+03  2.624e+03  2.123e+03  3.285e+02  2.312e+08  2.297e+16  4.915e+15  3.961e+16 
 -6.647e+07  2.323e+02 -8.122e+02 -2.477e+02 -2.000e+02 -2.510e+01 -2.169e+07 -2.155e+15 -4.612e+14 -3.716e+15  3.487e+14 
ERR MATRIX APPROXIMATE
 PARAMETER  CORRELATION COEFFICIENTS  
       NO.  GLOBAL      1      3      4      6      8      9     20     21     22     23     24
        1  0.31927   1.000  0.066  0.143 -0.077 -0.025  0.025  0.017  0.003  0.002  0.003 -0.004
        3  0.40214   0.066  1.000  0.001 -0.182 -0.181  0.081 -0.001 -0.029 -0.029 -0.029  0.030
        4  0.31287   0.143  0.001  1.000  0.099 -0.144  0.011  0.030  0.038  0.038  0.038 -0.039
        6  0.34925  -0.077 -0.182  0.099  1.000  0.009 -0.039  0.005  0.031  0.031  0.031 -0.031
        8  0.28400  -0.025 -0.181 -0.144  0.009  1.000 -0.047  0.011  0.025  0.026  0.026 -0.026
        9  0.20437   0.025  0.081  0.011 -0.039 -0.047  1.000  0.015  0.004  0.004  0.004 -0.003
       20  0.99733   0.017 -0.001  0.030  0.005  0.011  0.015  1.000  0.996  0.996  0.996 -0.996
       21  1.00000   0.003 -0.029  0.038  0.031  0.025  0.004  0.996  1.000  1.000  1.000 -1.000
       22  0.99999   0.002 -0.029  0.038  0.031  0.026  0.004  0.996  1.000  1.000  1.000 -1.000
       23  1.00000   0.003 -0.029  0.038  0.031  0.026  0.004  0.996  1.000  1.000  1.000 -1.000
       24  0.99998  -0.004  0.030 -0.039 -0.031 -0.026 -0.003 -0.996 -1.000 -1.000 -1.000  1.000
 ERR MATRIX APPROXIMATE
MINUIT - FIT ONLY 1-y
 **********
 **   51 **RES 
 **********
                   PARAMETER   16  beta_vw RESTORED TO VARIABLE.
                   PARAMETER   14  alpha_vw RESTORED TO VARIABLE.
                   PARAMETER   13  beta_y RESTORED TO VARIABLE.
                   PARAMETER   11  alpha_y RESTORED TO VARIABLE.
                   PARAMETER   10  beta_2CBO RESTORED TO VARIABLE.
 **********
 **   52 **FIX            0
 **********
 PARAMETER    0  IS UNDEFINED. IGNORED.
 **********
 **   53 **FIX            1
 **********
 **********
 **   54 **FIX            2
 **********
 PARAMETER    2  IS CONSTANT.   IGNORED.
 **********
 **   55 **FIX            3
 **********
 **********
 **   56 **FIX            4
 **********
 **********
 **   57 **FIX            5
 **********
 PARAMETER    5  IS CONSTANT.   IGNORED.
 **********
 **   58 **FIX            6
 **********
 **********
 **   59 **FIX            7
 **********
 PARAMETER    7  IS CONSTANT.   IGNORED.
 **********
 **   60 **FIX            8
 **********
 **********
 **   61 **FIX            9
 **********
 **********
 **   62 **FIX           13
 **********
 **********
 **   63 **FIX           14
 **********
 **********
 **   64 **FIX           15
 **********
 PARAMETER   15  IS CONSTANT.   IGNORED.
 **********
 **   65 **FIX           16
 **********
 **********
 **   66 **MIGRAD
 **********
 START MIGRAD MINIMIZATION.  STRATEGY  1.  CONVERGENCE WHEN EDM .LT. 1.00e-04
 FCN=91.9661 FROM MIGRAD    STATUS=INITIATE       16 CALLS        6321 TOTAL
                     EDM= unknown      STRATEGY= 1      NO ERROR MATRIX       
  EXT PARAMETER               CURRENT GUESS       STEP         FIRST   
  NO.   NAME      VALUE            ERROR          SIZE      DERIVATIVE 
   1  N0           3.17352e+06     fixed    
   2  tau          6.44005e+01   constant   
   3  A0           3.64926e-01     fixed    
   4  phi          4.11825e+00     fixed    
   5  R           -6.09192e+01   constant   
   6  alpha_CBO   -5.97235e-04     fixed    
   7  w_CBO        2.32500e+00   constant   
   8  beta_CBO     3.23534e-03     fixed    
   9  alpha_2CBO  -8.05613e-05     fixed    
  10  beta_2CBO    5.36913e-04   4.13651e-04   4.13651e-04   2.54098e+03
  11  alpha_y      0.00000e+00   1.00000e-03   1.00000e-03  -6.67576e+02
  12  w_y          1.38860e+01   constant   
  13  beta_y      -5.84176e-04     fixed    
  14  alpha_vw     0.00000e+00     fixed    
  15  w_vw         1.43404e+01   constant   
  16  beta_vw      0.00000e+00     fixed    
  17  LM          -6.12107e-05   constant   
  18  zeta_y       0.00000e+00   constant   
  19  zeta_vw      0.00000e+00   constant   
  20  T_CBO        1.06747e+01   1.16603e+00  -4.42754e-04  -6.70560e+01
  21  alpha_A0    -4.79613e+07   1.15408e+08  -4.43402e+06  -7.60442e-09
  22  beta_A0     -1.01990e+07   2.46977e+07  -9.48708e+05   1.62244e-09
  23  alpha_phi   -8.40019e+07   1.99024e+08  -7.64635e+06   7.78204e-09
  24  beta_phi     7.76422e+06   1.86734e+07   7.17315e+05  -3.41789e-09
 MIGRAD MINIMIZATION HAS CONVERGED.
 MIGRAD WILL VERIFY CONVERGENCE AND ERROR MATRIX.
 COVARIANCE MATRIX CALCULATED SUCCESSFULLY
 FCN=91.5927 FROM MIGRAD    STATUS=CONVERGED     200 CALLS        6505 TOTAL
                     EDM=1.37833e-06    STRATEGY= 1      ERROR MATRIX ACCURATE 
  EXT PARAMETER                                   STEP         FIRST   
  NO.   NAME      VALUE            ERROR          SIZE      DERIVATIVE 
   1  N0           3.17352e+06     fixed    
   2  tau          6.44005e+01   constant   
   3  A0           3.64926e-01     fixed    
   4  phi          4.11825e+00     fixed    
   5  R           -6.09192e+01   constant   
   6  alpha_CBO   -5.97235e-04     fixed    
   7  w_CBO        2.32500e+00   constant   
   8  beta_CBO     3.23534e-03     fixed    
   9  alpha_2CBO  -8.05613e-05     fixed    
  10  beta_2CBO    2.97767e-04   4.22464e-04   1.96170e-06   1.02107e+00
  11  alpha_y      5.70001e-05   4.12330e-04   1.93601e-06  -9.98380e-01
  12  w_y          1.38860e+01   constant   
  13  beta_y      -5.84176e-04     fixed    
  14  alpha_vw     0.00000e+00     fixed    
  15  w_vw         1.43404e+01   constant   
  16  beta_vw      0.00000e+00     fixed    
  17  LM          -6.12107e-05   constant   
  18  zeta_y       0.00000e+00   constant   
  19  zeta_vw      0.00000e+00   constant   
  20  T_CBO        1.06016e+01   1.44711e-01   6.55026e-06  -1.15511e+00
  21  alpha_A0    -4.71584e+07   1.41421e+00   2.72165e+01   6.84011e-10
  22  beta_A0     -1.50652e+07   1.41421e+00   2.72165e+01   2.53251e-11
  23  alpha_phi   -1.01571e+08   1.41421e+00   4.84330e+01   6.76257e-11
  24  beta_phi     1.36746e+07   1.41421e+00   2.72166e+01  -2.64986e-12
 EXTERNAL ERROR MATRIX.    NDIM=  25    NPAR=  7    ERR DEF=1
  1.785e-07 -7.955e-10  9.328e-06 -1.651e-12  2.418e-12  2.081e-14 -2.403e-12 
 -7.955e-10  1.700e-07 -2.198e-06  8.202e-14 -2.951e-13 -2.505e-16 -1.645e-13 
  9.328e-06 -2.198e-06  2.094e-02  3.311e-09  2.001e-09  6.785e-09 -3.248e-10 
 -1.651e-12  8.202e-14  3.311e-09  2.000e+00 -1.057e-14  1.387e-15  2.905e-15 
  2.418e-12 -2.951e-13  2.001e-09 -1.057e-14  2.000e+00  5.139e-16  1.446e-15 
  2.081e-14 -2.505e-16  6.785e-09  1.387e-15  5.139e-16  2.000e+00  2.778e-16 
 -2.403e-12 -1.645e-13 -3.248e-10  2.905e-15  1.446e-15  2.778e-16  2.000e+00 
 PARAMETER  CORRELATION COEFFICIENTS  
       NO.  GLOBAL     10     11     20     21     22     23     24
       10  0.15259   1.000 -0.005  0.153 -0.000  0.000  0.000 -0.000
       11  0.03686  -0.005  1.000 -0.037  0.000 -0.000 -0.000 -0.000
       20  0.15681   0.153 -0.037  1.000  0.000  0.000  0.000 -0.000
       21  0.00000  -0.000  0.000  0.000  1.000 -0.000  0.000  0.000
       22  0.00000   0.000 -0.000  0.000 -0.000  1.000  0.000  0.000
       23  0.00000   0.000 -0.000  0.000  0.000  0.000  1.000  0.000
       24  0.00000  -0.000 -0.000 -0.000  0.000  0.000  0.000  1.000
MINUIT - FIT ONLY 2-y
 **********
 **   67 **RES 
 **********
                   PARAMETER   16  beta_vw RESTORED TO VARIABLE.
                   PARAMETER   14  alpha_vw RESTORED TO VARIABLE.
                   PARAMETER   13  beta_y RESTORED TO VARIABLE.
                   PARAMETER    9  alpha_2CBO RESTORED TO VARIABLE.
                   PARAMETER    8  beta_CBO RESTORED TO VARIABLE.
                   PARAMETER    6  alpha_CBO RESTORED TO VARIABLE.
                   PARAMETER    4  phi RESTORED TO VARIABLE.
                   PARAMETER    3  A0 RESTORED TO VARIABLE.
                   PARAMETER    1  N0 RESTORED TO VARIABLE.
 **********
 **   68 **FIX            0
 **********
 PARAMETER    0  IS UNDEFINED. IGNORED.
 **********
 **   69 **FIX            1
 **********
 **********
 **   70 **FIX            2
 **********
 PARAMETER    2  IS CONSTANT.   IGNORED.
 **********
 **   71 **FIX            3
 **********
 **********
 **   72 **FIX            4
 **********
 **********
 **   73 **FIX            5
 **********
 PARAMETER    5  IS CONSTANT.   IGNORED.
 **********
 **   74 **FIX            6
 **********
 **********
 **   75 **FIX            7
 **********
 PARAMETER    7  IS CONSTANT.   IGNORED.
 **********
 **   76 **FIX            8
 **********
 **********
 **   77 **FIX            9
 **********
 **********
 **   78 **FIX           10
 **********
 **********
 **   79 **FIX           11
 **********
 **********
 **   80 **FIX           12
 **********
 PARAMETER   12  IS CONSTANT.   IGNORED.
 **********
 **   81 **FIX           16
 **********
 **********
 **   82 **MIGRAD
 **********
 START MIGRAD MINIMIZATION.  STRATEGY  1.  CONVERGENCE WHEN EDM .LT. 1.00e-04
 FCN=91.5927 FROM MIGRAD    STATUS=INITIATE       37 CALLS        6542 TOTAL
                     EDM= unknown      STRATEGY= 1      NO ERROR MATRIX       
  EXT PARAMETER               CURRENT GUESS       STEP         FIRST   
  NO.   NAME      VALUE            ERROR          SIZE      DERIVATIVE 
   1  N0           3.17352e+06     fixed    
   2  tau          6.44005e+01   constant   
   3  A0           3.64926e-01     fixed    
   4  phi          4.11825e+00     fixed    
   5  R           -6.09192e+01   constant   
   6  alpha_CBO   -5.97235e-04     fixed    
   7  w_CBO        2.32500e+00   constant   
   8  beta_CBO     3.23534e-03     fixed    
   9  alpha_2CBO  -8.05613e-05     fixed    
  10  beta_2CBO    2.97767e-04     fixed    
  11  alpha_y      5.70001e-05     fixed    
  12  w_y          1.38860e+01   constant   
  13  beta_y      -5.84176e-04   4.14337e-04   0.00000e+00  -6.39418e+02
  14  alpha_vw     0.00000e+00   1.00000e-03   0.00000e+00   6.46341e+03
  15  w_vw         1.43404e+01   constant   
  16  beta_vw      0.00000e+00     fixed    
  17  LM          -6.12107e-05   constant   
  18  zeta_y       0.00000e+00   constant   
  19  zeta_vw      0.00000e+00   constant   
  20  T_CBO        1.06016e+01   1.44711e-01   0.00000e+00  -6.68543e-01
  21  alpha_A0    -4.71856e+07   1.41421e+00  -2.72165e+04   6.53252e-10
  22  beta_A0     -1.50652e+07   1.41421e+00   0.00000e+00   2.40440e-11
  23  alpha_phi   -1.01571e+08   1.41421e+00   0.00000e+00   6.27868e-11
  24  beta_phi     1.36746e+07   1.41421e+00   0.00000e+00  -6.89904e-12
 CALL LIMIT EXCEEDED IN MIGRAD.
 MIGRAD TERMINATED WITHOUT CONVERGENCE.
 FCN=89.62 FROM MIGRAD    STATUS=CALL LIMIT   1162 CALLS        7667 TOTAL
                     EDM=0.000245767    STRATEGY= 1  ERROR MATRIX UNCERTAINTY  38.6 per cent
  EXT PARAMETER                APPROXIMATE        STEP         FIRST   
  NO.   NAME      VALUE            ERROR          SIZE      DERIVATIVE 
   1  N0           3.17352e+06     fixed    
   2  tau          6.44005e+01   constant   
   3  A0           3.64926e-01     fixed    
   4  phi          4.11825e+00     fixed    
   5  R           -6.09192e+01   constant   
   6  alpha_CBO   -5.97235e-04     fixed    
   7  w_CBO        2.32500e+00   constant   
   8  beta_CBO     3.23534e-03     fixed    
   9  alpha_2CBO  -8.05613e-05     fixed    
  10  beta_2CBO    2.97767e-04     fixed    
  11  alpha_y      5.70001e-05     fixed    
  12  w_y          1.38860e+01   constant   
  13  beta_y      -6.22995e-04   4.22955e-04   2.11085e-07  -1.45010e-01
  14  alpha_vw    -5.64919e-04   4.28126e-04   1.03392e-06   4.61101e+00
  15  w_vw         1.43404e+01   constant   
  16  beta_vw      0.00000e+00     fixed    
  17  LM          -6.12107e-05   constant   
  18  zeta_y       0.00000e+00   constant   
  19  zeta_vw      0.00000e+00   constant   
  20  T_CBO        8.75755e+00   1.71855e+00  -2.70579e-04  -2.18581e+01
  21  alpha_A0    -7.68579e+09   4.28267e+10  -6.12667e+08  -1.31529e-11
  22  beta_A0     -2.41389e+09   1.53828e+10  -2.19817e+08  -2.67489e-11
  23  alpha_phi   -1.54337e+10   8.16069e+10  -1.16803e+09   1.49223e-11
  24  beta_phi     2.21740e+09   1.05101e+10   1.50601e+08  -1.61778e-11
 EXTERNAL ERROR MATRIX.    NDIM=  25    NPAR=  7    ERR DEF=1
  1.789e-07  3.052e-08 -2.004e-06 -5.186e+04 -1.871e+04 -9.861e+04  1.274e+04 
  3.052e-08  1.833e-07 -2.442e-05 -6.554e+05 -2.353e+05 -1.247e+06  1.598e+05 
 -2.004e-06 -2.442e-05  2.954e+00  7.351e+10  2.640e+10  1.401e+11 -1.804e+10 
 -5.186e+04 -6.554e+05  7.351e+10  1.834e+21  6.588e+20  3.495e+21 -4.501e+20 
 -1.871e+04 -2.353e+05  2.640e+10  6.588e+20  2.366e+20  1.255e+21 -1.617e+20 
 -9.861e+04 -1.247e+06  1.401e+11  3.495e+21  1.255e+21  6.660e+21 -8.577e+20 
  1.274e+04  1.598e+05 -1.804e+10 -4.501e+20 -1.617e+20 -8.577e+20  1.105e+20 
ERR MATRIX APPROXIMATE
 PARAMETER  CORRELATION COEFFICIENTS  
       NO.  GLOBAL     13     14     20     21     22     23     24
       13  0.16893   1.000  0.169 -0.003 -0.003 -0.003 -0.003  0.003
       14  0.18179   0.169  1.000 -0.033 -0.036 -0.036 -0.036  0.036
       20  0.99905  -0.003 -0.033  1.000  0.999  0.999  0.999 -0.999
       21  1.00000  -0.003 -0.036  0.999  1.000  1.000  1.000 -1.000
       22  0.99999  -0.003 -0.036  0.999  1.000  1.000  1.000 -1.000
       23  1.00000  -0.003 -0.036  0.999  1.000  1.000  1.000 -1.000
