 + ++++++++++++++++++++++++++++++++++++++++++++++++++++++++++++++++++++ +
 +                                                                      +
 +           You have chose to blind your fitting according to          +
 +                omega_ref * (1 + (R +/- deltaR) *10^{-6})             +
 +                                                                      +
 + ++++++++++++++++++++++++++++++++++++++++++++++++++++++++++++++++++++ +
In main()...
reading format from /gm2data/zkhechad/run45/envelope/formats/formatB_sBin_constraintOn.txt
pBinTau 	= 0  
pBinPhi 	= 0  
constraintau 	= 1 
includeMopTerm 	= 0    
constrainMop    = 0   
Parameters after format file: pBinTau 0 pBinPhi 0 constraintau 1 includeMopTerm 0 constrainMop 0 c_e_scale 0.000000 
Opening file /gm2data/tbarrett/gm2fr/studies/run23_bunch_corrections/CorrectedFourier_Run3b.root.
reading full fit data from /gm2data/zkhechad/cboTemplates/Run4CBOTemplates/fullFits/noRF/sBin_constraintOn_cE0.0_seed0_noRF_calo24.root
windowBins = 69
fitting sliding window 770 from bin 906 at 135.026000 to bin 975 at 145.470000 (69 bins)

Reading data from /gm2data/cornell/histograms/aMethod/histogram_a_noRF.root
 **********
 **    1 **SET PRINTOUT            1
 **********
 **********
 **    2 **SET NOWARNINGS 
 **********
 PARAMETER DEFINITIONS:
    NO.   NAME         VALUE      STEP SIZE      LIMITS
     1 N0           3.17469e+06  1.00000e+02     no limits
     2 tau          6.44005e+01  constant
     3 A0           3.64944e-01  1.00000e-04     no limits
     4 phi          4.11953e+00  1.00000e-02     no limits
     5 R           -6.09192e+01  constant
     6 alpha_CBO    0.00000e+00  1.00000e-03     no limits
     7 w_CBO        2.32500e+00  constant
     8 beta_CBO     0.00000e+00  1.00000e-03     no limits
     9 alpha_2CBO   0.00000e+00  1.00000e-03     no limits
    10 beta_2CBO    0.00000e+00  1.00000e-03     no limits
    11 alpha_y      0.00000e+00  1.00000e-03     no limits
    12 w_y          1.38860e+01  constant
    13 beta_y       0.00000e+00  1.00000e-03     no limits
    14 alpha_vw     0.00000e+00  1.00000e-03     no limits
    15 w_vw         1.43404e+01  constant
    16 beta_vw      0.00000e+00  1.00000e-03     no limits
    17 LM          -6.12107e-05  constant
    18 zeta_y       0.00000e+00  constant
    19 zeta_vw      0.00000e+00  constant
    20 T_CBO        1.00000e+02  1.00000e+00    0.00000e+00  1.00000e+03
    21 alpha_A0     0.00000e+00  1.00000e-04   -1.00000e-02  1.00000e-02
    22 beta_A0      0.00000e+00  1.00000e-04   -1.00000e-02  1.00000e-02
    23 alpha_phi    0.00000e+00  1.00000e-04   -1.00000e-02  1.00000e-02
    24 beta_phi     0.00000e+00  1.00000e-04   -1.00000e-02  1.00000e-02
MINUIT - FIT ONLY WIGGLE
 **********
 **    3 **FIX            5
 **********
 PARAMETER    5  IS CONSTANT.   IGNORED.
 **********
 **    4 **FIX            6
 **********
 **********
 **    5 **FIX            7
 **********
 PARAMETER    7  IS CONSTANT.   IGNORED.
 **********
 **    6 **FIX            8
 **********
 **********
 **    7 **FIX            9
 **********
 **********
 **    8 **FIX           10
 **********
 **********
 **    9 **FIX           11
 **********
 **********
 **   10 **FIX           12
 **********
 PARAMETER   12  IS CONSTANT.   IGNORED.
 **********
 **   11 **FIX           13
 **********
 **********
 **   12 **FIX           14
 **********
 **********
 **   13 **FIX           15
 **********
 PARAMETER   15  IS CONSTANT.   IGNORED.
 **********
 **   14 **FIX           16
 **********
 **********
 **   15 **MIGRAD
 **********
 FIRST CALL TO USER FUNCTION AT NEW START POINT, WITH IFLAG=4.
 START MIGRAD MINIMIZATION.  STRATEGY  1.  CONVERGENCE WHEN EDM .LT. 1.00e-04
 FCN=891.381 FROM MIGRAD    STATUS=INITIATE      437 CALLS         438 TOTAL
                     EDM= unknown      STRATEGY= 1      NO ERROR MATRIX       
  EXT PARAMETER               CURRENT GUESS       STEP         FIRST   
  NO.   NAME      VALUE            ERROR          SIZE      DERIVATIVE 
   1  N0           3.17469e+06   1.00000e+02   0.00000e+00   4.60567e-03
   2  tau          6.44005e+01   constant   
   3  A0           3.64944e-01   1.00000e-04   0.00000e+00   5.74626e+04
   4  phi          4.11953e+00   1.00000e-02   0.00000e+00  -2.45215e+04
   5  R           -6.09192e+01   constant   
   6  alpha_CBO    0.00000e+00     fixed    
   7  w_CBO        2.32500e+00   constant   
   8  beta_CBO     0.00000e+00     fixed    
   9  alpha_2CBO   0.00000e+00     fixed    
  10  beta_2CBO    0.00000e+00     fixed    
  11  alpha_y      0.00000e+00     fixed    
  12  w_y          1.38860e+01   constant   
  13  beta_y       0.00000e+00     fixed    
  14  alpha_vw     0.00000e+00     fixed    
  15  w_vw         1.43404e+01   constant   
  16  beta_vw      0.00000e+00     fixed    
  17  LM          -6.12107e-05   constant   
  18  zeta_y       0.00000e+00   constant   
  19  zeta_vw      0.00000e+00   constant   
  20  T_CBO        1.00000e+02   1.00000e+00   0.00000e+00   0.00000e+00
  21  alpha_A0     0.00000e+00   1.00000e-04   0.00000e+00   1.97069e+01
  22  beta_A0      0.00000e+00   1.00000e-04   0.00000e+00   2.17851e+01
  23  alpha_phi    0.00000e+00   1.00000e-04   0.00000e+00   3.58557e+01
  24  beta_phi     0.00000e+00   1.00000e-04   0.00000e+00   6.59830e+01
 MIGRAD MINIMIZATION HAS CONVERGED.
 FCN=750.584 FROM MIGRAD    STATUS=CONVERGED     633 CALLS         634 TOTAL
                     EDM=4.27964e-06    STRATEGY= 1  ERROR MATRIX UNCERTAINTY   1.9 per cent
  EXT PARAMETER                                   STEP         FIRST   
  NO.   NAME      VALUE            ERROR          SIZE      DERIVATIVE 
   1  N0           3.17417e+06   3.80524e+02  -5.81545e-01  -8.45906e-06
   2  tau          6.44005e+01   constant   
   3  A0           3.64367e-01   1.46356e-04   1.12327e-06  -1.91112e+00
   4  phi          4.12212e+00   4.52730e-04  -2.30118e-07  -2.90829e+00
   5  R           -6.09192e+01   constant   
   6  alpha_CBO    0.00000e+00     fixed    
   7  w_CBO        2.32500e+00   constant   
   8  beta_CBO     0.00000e+00     fixed    
   9  alpha_2CBO   0.00000e+00     fixed    
  10  beta_2CBO    0.00000e+00     fixed    
  11  alpha_y      0.00000e+00     fixed    
  12  w_y          1.38860e+01   constant   
  13  beta_y       0.00000e+00     fixed    
  14  alpha_vw     0.00000e+00     fixed    
  15  w_vw         1.43404e+01   constant   
  16  beta_vw      0.00000e+00     fixed    
  17  LM          -6.12107e-05   constant   
  18  zeta_y       0.00000e+00   constant   
  19  zeta_vw      0.00000e+00   constant   
  20  T_CBO        1.88270e+02   3.08395e+01   5.80860e-04  -9.37816e-03
  21  alpha_A0    -1.49439e-03   1.44826e-03   9.99291e-04  -5.35354e-03
  22  beta_A0     -4.46643e-03   1.43904e-03   9.37632e-04   2.86935e-03
  23  alpha_phi   -4.57259e-03   1.39609e-03   4.69302e-04   9.02319e-03
  24  beta_phi    -9.99993e-03   2.81674e-04   1.74305e-04   6.96313e-04
 EXTERNAL ERROR MATRIX.    NDIM=  25    NPAR=  8    ERR DEF=1
  1.448e+05  6.672e-03 -9.500e-03 -7.749e+01 -6.162e-02 -8.447e-02 -8.420e-02 -1.940e-04 
  6.672e-03  2.142e-08  2.082e-09  4.302e-04  1.233e-08 -3.972e-09  1.149e-08  1.033e-11 
 -9.500e-03  2.082e-09  2.050e-07  5.517e-04  1.017e-07 -4.449e-08  4.591e-08  2.054e-10 
 -7.749e+01  4.302e-04  5.517e-04  9.531e+02  8.492e-03  1.319e-02  1.720e-02  4.345e-05 
 -6.162e-02  1.233e-08  1.017e-07  8.492e-03  2.113e-06 -1.189e-07  1.199e-07 -6.823e-10 
 -8.447e-02 -3.972e-09 -4.449e-08  1.319e-02 -1.189e-07  2.089e-06  2.120e-07  4.062e-10 
 -8.420e-02  1.149e-08  4.591e-08  1.720e-02  1.199e-07  2.120e-07  1.965e-06  7.108e-10 
 -1.940e-04  1.033e-11  2.054e-10  4.345e-05 -6.823e-10  4.062e-10  7.108e-10  7.999e-11 
 PARAMETER  CORRELATION COEFFICIENTS  
       NO.  GLOBAL      1      3      4     20     21     22     23     24
        1  0.30720   1.000  0.120 -0.055 -0.007 -0.111 -0.154 -0.158 -0.057
        3  0.17131   0.120  1.000  0.031  0.095  0.058 -0.019  0.056  0.008
        4  0.19327  -0.055  0.031  1.000  0.039  0.155 -0.068  0.072  0.051
       20  0.54174  -0.007  0.095  0.039  1.000  0.189  0.296  0.397  0.157
       21  0.31297  -0.111  0.058  0.155  0.189  1.000 -0.057  0.059 -0.052
       22  0.36866  -0.154 -0.019 -0.068  0.296 -0.057  1.000  0.105  0.031
       23  0.43538  -0.158  0.056  0.072  0.397  0.059  0.105  1.000  0.057
       24  0.20231  -0.057  0.008  0.051  0.157 -0.052  0.031  0.057  1.000
MINUIT - FIT ONLY 1-CBO + wiggle
 **********
 **   16 **RES 
 **********
                   PARAMETER   16  beta_vw RESTORED TO VARIABLE.
                   PARAMETER   14  alpha_vw RESTORED TO VARIABLE.
                   PARAMETER   13  beta_y RESTORED TO VARIABLE.
                   PARAMETER   11  alpha_y RESTORED TO VARIABLE.
                   PARAMETER   10  beta_2CBO RESTORED TO VARIABLE.
                   PARAMETER    9  alpha_2CBO RESTORED TO VARIABLE.
                   PARAMETER    8  beta_CBO RESTORED TO VARIABLE.
                   PARAMETER    6  alpha_CBO RESTORED TO VARIABLE.
 **********
 **   17 **FIX            8
 **********
 **********
 **   18 **FIX            9
 **********
 **********
 **   19 **FIX           11
 **********
 **********
 **   20 **FIX           12
 **********
 PARAMETER   12  IS CONSTANT.   IGNORED.
 **********
 **   21 **FIX           14
 **********
 **********
 **   22 **FIX           15
 **********
 PARAMETER   15  IS CONSTANT.   IGNORED.
 **********
 **   23 **FIX           16
 **********
 **********
 **   24 **MIGRAD
 **********
 START MIGRAD MINIMIZATION.  STRATEGY  1.  CONVERGENCE WHEN EDM .LT. 1.00e-04
 FCN=750.584 FROM MIGRAD    STATUS=INITIATE       59 CALLS         693 TOTAL
                     EDM= unknown      STRATEGY= 1      NO ERROR MATRIX       
  EXT PARAMETER               CURRENT GUESS       STEP         FIRST   
  NO.   NAME      VALUE            ERROR          SIZE      DERIVATIVE 
   1  N0           3.17417e+06   3.80524e+02   0.00000e+00  -1.69883e-05
   2  tau          6.44005e+01   constant   
   3  A0           3.64367e-01   1.46356e-04   0.00000e+00   1.56124e+01
   4  phi          4.12212e+00   4.52730e-04   0.00000e+00  -9.96839e-01
   5  R           -6.09192e+01   constant   
   6  alpha_CBO    0.00000e+00   1.00000e-03   0.00000e+00   8.22665e+04
   7  w_CBO        2.32500e+00   constant   
   8  beta_CBO     0.00000e+00     fixed    
   9  alpha_2CBO   0.00000e+00     fixed    
  10  beta_2CBO    0.00000e+00   1.00000e-03   0.00000e+00   2.35237e+04
  11  alpha_y      0.00000e+00     fixed    
  12  w_y          1.38860e+01   constant   
  13  beta_y       0.00000e+00   1.00000e-03   0.00000e+00  -1.39668e+04
  14  alpha_vw     0.00000e+00     fixed    
  15  w_vw         1.43404e+01   constant   
  16  beta_vw      0.00000e+00     fixed    
  17  LM          -6.12107e-05   constant   
  18  zeta_y       0.00000e+00   constant   
  19  zeta_vw      0.00000e+00   constant   
  20  T_CBO        1.88270e+02   3.08395e+01   0.00000e+00  -4.55505e-01
  21  alpha_A0    -1.49439e-03   1.44826e-03   0.00000e+00   7.16942e-03
  22  beta_A0     -4.46643e-03   1.43904e-03   0.00000e+00  -1.94375e-02
  23  alpha_phi   -4.57259e-03   1.39609e-03   0.00000e+00   6.47411e-04
  24  beta_phi    -9.97709e-03   2.81674e-04   6.39397e-02   1.02536e-03
 MIGRAD MINIMIZATION HAS CONVERGED.
 FCN=689.654 FROM MIGRAD    STATUS=CONVERGED    1360 CALLS        1994 TOTAL
                     EDM=2.45725e-06    STRATEGY= 1  ERROR MATRIX UNCERTAINTY   0.4 per cent
  EXT PARAMETER                                   STEP         FIRST   
  NO.   NAME      VALUE            ERROR          SIZE      DERIVATIVE 
   1  N0           3.17432e+06   3.97313e+02   6.94200e-02  -1.56802e-06
   2  tau          6.44005e+01   constant   
   3  A0           3.64535e-01   1.53562e-04  -1.69820e-07   9.58472e+00
   4  phi          4.12267e+00   4.66001e-04   1.65822e-07  -9.20454e-01
   5  R           -6.09192e+01   constant   
   6  alpha_CBO   -1.34564e-03   1.80510e-04   4.74748e-08  -6.07135e+00
   7  w_CBO        2.32500e+00   constant   
   8  beta_CBO     0.00000e+00     fixed    
   9  alpha_2CBO   0.00000e+00     fixed    
  10  beta_2CBO   -3.43529e-04   1.78215e-04   6.41473e-10  -9.48971e-01
  11  alpha_y      0.00000e+00     fixed    
  12  w_y          1.38860e+01   constant   
  13  beta_y       1.99628e-04   1.73812e-04   4.00978e-08  -1.37011e+00
  14  alpha_vw     0.00000e+00     fixed    
  15  w_vw         1.43404e+01   constant   
  16  beta_vw      0.00000e+00     fixed    
  17  LM          -6.12107e-05   constant   
  18  zeta_y       0.00000e+00   constant   
  19  zeta_vw      0.00000e+00   constant   
  20  T_CBO        9.99967e+02   7.13521e+02   2.83643e-02  -2.46281e-04
  21  alpha_A0    -1.34095e-05   8.18163e-04   6.98176e-05  -3.58713e-03
  22  beta_A0     -2.39553e-03   8.31755e-04   7.15132e-06   1.08659e-02
  23  alpha_phi   -3.65342e-03   7.36937e-04  -7.47826e-05   2.67010e-02
  24  beta_phi    -5.53450e-03   7.24392e-04   6.94045e-05   2.00991e-02
 EXTERNAL ERROR MATRIX.    NDIM=  25    NPAR= 11    ERR DEF=1
  1.579e+05 
  1.307e-02  2.358e-08 
  7.319e-04  5.139e-09  2.172e-07 
 -3.739e-03 -4.750e-09 -1.191e-08  3.258e-08 
  1.698e-03  1.496e-09 -4.114e-09 -1.005e-09  3.176e-08 
  3.940e-04 -1.789e-10  6.152e-10  2.660e-10 -1.501e-10  3.021e-08 
 -5.062e+01 -2.504e-04  3.146e-04  8.232e-05  4.108e-05  4.049e-05  4.070e+03 
 -3.491e-02  1.090e-08  6.236e-08 -1.462e-08 -1.790e-08  2.104e-09  1.074e-03  6.709e-07 
 -5.428e-02 -1.140e-08 -4.002e-08  4.024e-09 -1.234e-08  9.263e-11  5.726e-03 -1.465e-07  6.935e-07 
 -3.913e-02  7.592e-10  8.575e-09  2.528e-08  7.554e-09 -1.082e-09  7.596e-03  1.934e-08  5.125e-09  5.442e-07 
  1.194e-02 -7.953e-10 -2.089e-08  3.658e-09 -1.577e-08 -3.389e-11  1.143e-02 -4.746e-08  9.224e-08  7.256e-08  5.261e-07 
 PARAMETER  CORRELATION COEFFICIENTS  
       NO.  GLOBAL      1      3      4      6     10     13     20     21     22     23     24
        1  0.34080   1.000  0.214  0.004 -0.052  0.024  0.006 -0.002 -0.107 -0.164 -0.134  0.041
        3  0.30004   0.214  1.000  0.072 -0.171  0.055 -0.007 -0.026  0.087 -0.089  0.007 -0.007
        4  0.23649   0.004  0.072  1.000 -0.142 -0.050  0.008  0.011  0.163 -0.103  0.025 -0.062
        6  0.30442  -0.052 -0.171 -0.142  1.000 -0.031  0.008  0.007 -0.099  0.027  0.190  0.028
       10  0.24125   0.024  0.055 -0.050 -0.031  1.000 -0.005  0.004 -0.123 -0.083  0.057 -0.122
       13  0.02543   0.006 -0.007  0.008  0.008 -0.005  1.000  0.004  0.015  0.001 -0.008 -0.000
       20  0.29929  -0.002 -0.026  0.011  0.007  0.004  0.004  1.000  0.021  0.108  0.161  0.247
       21  0.35416  -0.107  0.087  0.163 -0.099 -0.123  0.015  0.021  1.000 -0.215  0.032 -0.080
       22  0.34979  -0.164 -0.089 -0.103  0.027 -0.083  0.001  0.108 -0.215  1.000  0.008  0.153
       23  0.32151  -0.134  0.007  0.025  0.190  0.057 -0.008  0.161  0.032  0.008  1.000  0.136
       24  0.33882   0.041 -0.007 -0.062  0.028 -0.122 -0.000  0.247 -0.080  0.153  0.136  1.000
MINUIT - FIT ONLY 2-CBO
 **********
 **   25 **RES 
 **********
                   PARAMETER   16  beta_vw RESTORED TO VARIABLE.
                   PARAMETER   14  alpha_vw RESTORED TO VARIABLE.
                   PARAMETER   11  alpha_y RESTORED TO VARIABLE.
                   PARAMETER    9  alpha_2CBO RESTORED TO VARIABLE.
                   PARAMETER    8  beta_CBO RESTORED TO VARIABLE.
 **********
 **   26 **FIX            0
 **********
 PARAMETER    0  IS UNDEFINED. IGNORED.
 **********
 **   27 **FIX            1
 **********
 **********
 **   28 **FIX            2
 **********
 PARAMETER    2  IS CONSTANT.   IGNORED.
 **********
 **   29 **FIX            3
 **********
 **********
 **   30 **FIX            4
 **********
 **********
 **   31 **FIX            5
 **********
 PARAMETER    5  IS CONSTANT.   IGNORED.
 **********
 **   32 **FIX            6
 **********
 **********
 **   33 **FIX            7
 **********
 PARAMETER    7  IS CONSTANT.   IGNORED.
 **********
 **   34 **FIX           10
 **********
 **********
 **   35 **FIX           11
 **********
 **********
 **   36 **FIX           12
 **********
 PARAMETER   12  IS CONSTANT.   IGNORED.
 **********
 **   37 **FIX           13
 **********
 **********
 **   38 **FIX           14
 **********
 **********
 **   39 **FIX           15
 **********
 PARAMETER   15  IS CONSTANT.   IGNORED.
 **********
 **   40 **FIX           16
 **********
 **********
 **   41 **MIGRAD
 **********
 START MIGRAD MINIMIZATION.  STRATEGY  1.  CONVERGENCE WHEN EDM .LT. 1.00e-04
 FCN=689.654 FROM MIGRAD    STATUS=INITIATE       18 CALLS        2012 TOTAL
                     EDM= unknown      STRATEGY= 1      NO ERROR MATRIX       
  EXT PARAMETER               CURRENT GUESS       STEP         FIRST   
  NO.   NAME      VALUE            ERROR          SIZE      DERIVATIVE 
   1  N0           3.17432e+06     fixed    
   2  tau          6.44005e+01   constant   
   3  A0           3.64535e-01     fixed    
   4  phi          4.12267e+00     fixed    
   5  R           -6.09192e+01   constant   
   6  alpha_CBO   -1.34564e-03     fixed    
   7  w_CBO        2.32500e+00   constant   
   8  beta_CBO     0.00000e+00   1.00000e-03   1.00000e-03  -2.68264e+05
   9  alpha_2CBO   0.00000e+00   1.00000e-03   1.00000e-03   3.58930e+04
  10  beta_2CBO   -3.43529e-04     fixed    
  11  alpha_y      0.00000e+00     fixed    
  12  w_y          1.38860e+01   constant   
  13  beta_y       1.99628e-04     fixed    
  14  alpha_vw     0.00000e+00     fixed    
  15  w_vw         1.43404e+01   constant   
  16  beta_vw      0.00000e+00     fixed    
  17  LM          -6.12107e-05   constant   
  18  zeta_y       0.00000e+00   constant   
  19  zeta_vw      0.00000e+00   constant   
  20  T_CBO        9.99967e+02   7.13521e+02   2.83643e-02  -2.46933e-04
  21  alpha_A0    -1.34095e-05   8.18163e-04   6.98176e-05  -3.58713e-03
  22  beta_A0     -2.39553e-03   8.31755e-04   7.15132e-06   1.08660e-02
  23  alpha_phi   -3.65342e-03   7.36937e-04  -7.47826e-05   2.67010e-02
  24  beta_phi    -5.53450e-03   7.24392e-04   6.94045e-05   2.00990e-02
 MIGRAD MINIMIZATION HAS CONVERGED.
 MIGRAD WILL VERIFY CONVERGENCE AND ERROR MATRIX.
 COVARIANCE MATRIX CALCULATED SUCCESSFULLY
 FCN=105.706 FROM MIGRAD    STATUS=CONVERGED     285 CALLS        2279 TOTAL
                     EDM=1.36451e-06    STRATEGY= 1      ERROR MATRIX ACCURATE 
  EXT PARAMETER                                   STEP         FIRST   
  NO.   NAME      VALUE            ERROR          SIZE      DERIVATIVE 
   1  N0           3.17432e+06     fixed    
   2  tau          6.44005e+01   constant   
   3  A0           3.64535e-01     fixed    
   4  phi          4.12267e+00     fixed    
   5  R           -6.09192e+01   constant   
   6  alpha_CBO   -1.34564e-03     fixed    
   7  w_CBO        2.32500e+00   constant   
   8  beta_CBO     4.27748e-03   1.78548e-04   8.75871e-07   3.40153e-02
   9  alpha_2CBO  -5.72221e-04   1.75461e-04   8.66803e-07  -4.78919e-01
  10  beta_2CBO   -3.43529e-04     fixed    
  11  alpha_y      0.00000e+00     fixed    
  12  w_y          1.38860e+01   constant   
  13  beta_y       1.99628e-04     fixed    
  14  alpha_vw     0.00000e+00     fixed    
  15  w_vw         1.43404e+01   constant   
  16  beta_vw      0.00000e+00     fixed    
  17  LM          -6.12107e-05   constant   
  18  zeta_y       0.00000e+00   constant   
  19  zeta_vw      0.00000e+00   constant   
  20  T_CBO        9.99996e+02   5.34035e+02   3.34841e-02   1.68982e-04
  21  alpha_A0    -1.16180e-04   7.67023e-04   3.81122e-04   4.78303e-03
  22  beta_A0     -2.71444e-03   7.48223e-04   3.83503e-04   5.94316e-03
  23  alpha_phi   -2.92937e-03   6.52781e-04   3.41796e-04   5.94383e-03
  24  beta_phi    -1.62175e-03   6.94174e-04   3.43267e-04  -1.45193e-02
 EXTERNAL ERROR MATRIX.    NDIM=  25    NPAR=  7    ERR DEF=1
  3.188e-08 -1.574e-10 -1.063e-07 -2.821e-09 -8.882e-11  3.848e-09  2.856e-08 
 -1.574e-10  3.079e-08 -8.386e-08 -1.518e-08  1.868e-08 -1.156e-08 -4.873e-09 
 -1.063e-07 -8.386e-08  1.784e+02 -1.395e-05 -3.584e-04 -3.845e-04 -2.128e-04 
 -2.821e-09 -1.518e-08 -1.395e-05  5.895e-07 -7.989e-08 -2.028e-09 -3.230e-08 
 -8.882e-11  1.868e-08 -3.584e-04 -7.989e-08  5.610e-07 -2.724e-08  4.158e-08 
  3.848e-09 -1.156e-08 -3.845e-04 -2.028e-09 -2.724e-08  4.268e-07  1.653e-08 
  2.856e-08 -4.873e-09 -2.128e-04 -3.230e-08  4.158e-08  1.653e-08  4.827e-07 
 PARAMETER  CORRELATION COEFFICIENTS  
       NO.  GLOBAL      8      9     20     21     22     23     24
        8  0.23262   1.000 -0.005 -0.000 -0.021 -0.001  0.033  0.230
        9  0.20178  -0.005  1.000 -0.000 -0.113  0.142 -0.101 -0.040
       20  0.06198  -0.000 -0.000  1.000 -0.001 -0.036 -0.044 -0.023
       21  0.17770  -0.021 -0.113 -0.001  1.000 -0.139 -0.004 -0.061
       22  0.21295  -0.001  0.142 -0.036 -0.139  1.000 -0.056  0.080
       23  0.12740   0.033 -0.101 -0.044 -0.004 -0.056  1.000  0.036
       24  0.25618   0.230 -0.040 -0.023 -0.061  0.080  0.036  1.000
MINUIT - FIT wiggle + 1-CBO + 2-CBO
 **********
 **   42 **RES 
 **********
                   PARAMETER   16  beta_vw RESTORED TO VARIABLE.
                   PARAMETER   14  alpha_vw RESTORED TO VARIABLE.
                   PARAMETER   13  beta_y RESTORED TO VARIABLE.
                   PARAMETER   11  alpha_y RESTORED TO VARIABLE.
                   PARAMETER   10  beta_2CBO RESTORED TO VARIABLE.
                   PARAMETER    6  alpha_CBO RESTORED TO VARIABLE.
                   PARAMETER    4  phi RESTORED TO VARIABLE.
                   PARAMETER    3  A0 RESTORED TO VARIABLE.
                   PARAMETER    1  N0 RESTORED TO VARIABLE.
 **********
 **   43 **FIX           10
 **********
 **********
 **   44 **FIX           11
 **********
 **********
 **   45 **FIX           12
 **********
 PARAMETER   12  IS CONSTANT.   IGNORED.
 **********
 **   46 **FIX           13
 **********
 **********
 **   47 **FIX           14
 **********
 **********
 **   48 **FIX           15
 **********
 PARAMETER   15  IS CONSTANT.   IGNORED.
 **********
 **   49 **FIX           16
 **********
 **********
 **   50 **MIGRAD
 **********
 START MIGRAD MINIMIZATION.  STRATEGY  1.  CONVERGENCE WHEN EDM .LT. 1.00e-04
 FCN=105.706 FROM MIGRAD    STATUS=INITIATE       22 CALLS        2301 TOTAL
                     EDM= unknown      STRATEGY= 1      NO ERROR MATRIX       
  EXT PARAMETER               CURRENT GUESS       STEP         FIRST   
  NO.   NAME      VALUE            ERROR          SIZE      DERIVATIVE 
   1  N0           3.17432e+06   3.97313e+02   3.97313e+02   2.20849e-03
   2  tau          6.44005e+01   constant   
   3  A0           3.64535e-01   1.53562e-04   1.53562e-04  -2.42398e+04
   4  phi          4.12267e+00   4.66001e-04   4.66001e-04   2.09429e+04
   5  R           -6.09192e+01   constant   
   6  alpha_CBO   -1.34564e-03   1.80510e-04   1.80510e-04   4.50103e+03
   7  w_CBO        2.32500e+00   constant   
   8  beta_CBO     4.27748e-03   1.78548e-04   8.75871e-07   3.40099e-02
   9  alpha_2CBO  -5.72221e-04   1.75461e-04   8.66803e-07  -4.78925e-01
  10  beta_2CBO   -3.43529e-04     fixed    
  11  alpha_y      0.00000e+00     fixed    
  12  w_y          1.38860e+01   constant   
  13  beta_y       1.99628e-04     fixed    
  14  alpha_vw     0.00000e+00     fixed    
  15  w_vw         1.43404e+01   constant   
  16  beta_vw      0.00000e+00     fixed    
  17  LM          -6.12107e-05   constant   
  18  zeta_y       0.00000e+00   constant   
  19  zeta_vw      0.00000e+00   constant   
  20  T_CBO        9.99996e+02   5.34035e+02   3.34841e-02  -1.69913e-04
  21  alpha_A0    -1.16180e-04   7.67023e-04   3.81122e-04   4.78327e-03
  22  beta_A0     -2.71444e-03   7.48223e-04   3.83503e-04   5.95038e-03
  23  alpha_phi   -2.92937e-03   6.52781e-04   3.41796e-04   5.95133e-03
  24  beta_phi    -1.62175e-03   6.94174e-04   3.43267e-04  -1.45153e-02
 MIGRAD MINIMIZATION HAS CONVERGED.
 MIGRAD WILL VERIFY CONVERGENCE AND ERROR MATRIX.
 COVARIANCE MATRIX CALCULATED SUCCESSFULLY
 FCN=78.0218 FROM MIGRAD    STATUS=CONVERGED     269 CALLS        2548 TOTAL
                     EDM=5.00508e-07    STRATEGY= 1      ERROR MATRIX ACCURATE 
  EXT PARAMETER                                   STEP         FIRST   
  NO.   NAME      VALUE            ERROR          SIZE      DERIVATIVE 
   1  N0           3.17439e+06   1.41017e+00   1.68272e+00  -3.16944e-07
   2  tau          6.44005e+01   constant   
   3  A0           3.64784e-01   1.51053e-04   6.41257e-07  -1.80618e+00
   4  phi          4.12030e+00   4.82862e-04   1.98352e-06  -1.22395e+00
   5  R           -6.09192e+01   constant   
   6  alpha_CBO   -1.33891e-03   1.81592e-04   7.49125e-07  -1.83542e+00
   7  w_CBO        2.32500e+00   constant   
   8  beta_CBO     4.49119e-03   1.83082e-04   7.53756e-07   7.42998e-01
   9  alpha_2CBO  -5.14845e-04   1.75984e-04   7.45977e-07   1.79571e+00
  10  beta_2CBO   -3.43529e-04     fixed    
  11  alpha_y      0.00000e+00     fixed    
  12  w_y          1.38860e+01   constant   
  13  beta_y       1.99628e-04     fixed    
  14  alpha_vw     0.00000e+00     fixed    
  15  w_vw         1.43404e+01   constant   
  16  beta_vw      0.00000e+00     fixed    
  17  LM          -6.12107e-05   constant   
  18  zeta_y       0.00000e+00   constant   
  19  zeta_vw      0.00000e+00   constant   
  20  T_CBO        9.99998e+02   7.10353e+02   7.24242e-02  -1.91625e-05
  21  alpha_A0    -6.96395e-04   7.82029e-04   3.28628e-04  -2.73238e-04
  22  beta_A0     -2.29743e-03   7.54050e-04   3.26380e-04  -6.74557e-03
  23  alpha_phi   -3.05245e-03   6.67258e-04   2.95169e-04  -4.19101e-03
  24  beta_phi    -1.38330e-03   6.97252e-04   2.94056e-04  -4.39763e-03
 EXTERNAL ERROR MATRIX.    NDIM=  25    NPAR= 11    ERR DEF=1
  1.989e+00 
  1.615e-07  2.282e-08 
 -9.201e-08  4.236e-09  2.332e-07 
 -3.561e-08 -4.412e-09 -1.298e-08  3.298e-08 
  2.539e-09  1.749e-09 -1.836e-08 -3.447e-11  3.352e-08 
 -7.122e-09 -3.735e-10 -5.796e-09 -6.784e-10  2.980e-10  3.097e-08 
  3.777e-07  5.890e-08 -1.917e-07 -7.661e-09  1.352e-08 -2.704e-09  4.753e+00 
 -4.301e-07  9.189e-09  6.773e-08 -1.501e-08 -7.172e-09 -1.663e-08 -5.651e-06  6.128e-07 
 -6.341e-07 -4.989e-09 -4.841e-08  2.010e-09  3.641e-09  1.992e-08 -1.968e-05 -9.485e-08  5.697e-07 
 -4.526e-07  1.873e-09  6.870e-09  2.513e-08  2.901e-09 -1.256e-08 -2.606e-05 -6.909e-09 -3.039e-08  4.460e-07 
  2.133e-07 -7.034e-09 -3.152e-08  6.806e-09  3.021e-08 -4.143e-09 -1.176e-05 -4.444e-08  4.950e-08  1.784e-08  4.870e-07 
 PARAMETER  CORRELATION COEFFICIENTS  
       NO.  GLOBAL      1      3      4      6      8      9     20     21     22     23     24
        1  0.00127   1.000  0.001 -0.000 -0.000  0.000 -0.000  0.000 -0.000 -0.001 -0.000  0.000
        3  0.20838   0.001  1.000  0.058 -0.161  0.063 -0.014  0.000  0.078 -0.044  0.019 -0.067
        4  0.32303  -0.000  0.058  1.000 -0.148 -0.208 -0.068 -0.000  0.179 -0.133  0.021 -0.094
        6  0.31099  -0.000 -0.161 -0.148  1.000 -0.001 -0.021 -0.000 -0.106  0.015  0.207  0.054
        8  0.31675   0.000  0.063 -0.208 -0.001  1.000  0.009  0.000 -0.050  0.026  0.024  0.236
        9  0.21515  -0.000 -0.014 -0.068 -0.021  0.009  1.000 -0.000 -0.121  0.150 -0.107 -0.034
       20  0.02414   0.000  0.000 -0.000 -0.000  0.000 -0.000  1.000 -0.003 -0.012 -0.018 -0.008
       21  0.26802  -0.000  0.078  0.179 -0.106 -0.050 -0.121 -0.003  1.000 -0.161 -0.013 -0.081
       22  0.25025  -0.001 -0.044 -0.133  0.015  0.026  0.150 -0.012 -0.161  1.000 -0.060  0.094
       23  0.24914  -0.000  0.019  0.021  0.207  0.024 -0.107 -0.018 -0.013 -0.060  1.000  0.038
       24  0.27867   0.000 -0.067 -0.094  0.054  0.236 -0.034 -0.008 -0.081  0.094  0.038  1.000
MINUIT - FIT ONLY 1-y
 **********
 **   51 **RES 
 **********
                   PARAMETER   16  beta_vw RESTORED TO VARIABLE.
                   PARAMETER   14  alpha_vw RESTORED TO VARIABLE.
                   PARAMETER   13  beta_y RESTORED TO VARIABLE.
                   PARAMETER   11  alpha_y RESTORED TO VARIABLE.
                   PARAMETER   10  beta_2CBO RESTORED TO VARIABLE.
 **********
 **   52 **FIX            0
 **********
 PARAMETER    0  IS UNDEFINED. IGNORED.
 **********
 **   53 **FIX            1
 **********
 **********
 **   54 **FIX            2
 **********
 PARAMETER    2  IS CONSTANT.   IGNORED.
 **********
 **   55 **FIX            3
 **********
 **********
 **   56 **FIX            4
 **********
 **********
 **   57 **FIX            5
 **********
 PARAMETER    5  IS CONSTANT.   IGNORED.
 **********
 **   58 **FIX            6
 **********
 **********
 **   59 **FIX            7
 **********
 PARAMETER    7  IS CONSTANT.   IGNORED.
 **********
 **   60 **FIX            8
 **********
 **********
 **   61 **FIX            9
 **********
 **********
 **   62 **FIX           13
 **********
 **********
 **   63 **FIX           14
 **********
 **********
 **   64 **FIX           15
 **********
 PARAMETER   15  IS CONSTANT.   IGNORED.
 **********
 **   65 **FIX           16
 **********
 **********
 **   66 **MIGRAD
 **********
 START MIGRAD MINIMIZATION.  STRATEGY  1.  CONVERGENCE WHEN EDM .LT. 1.00e-04
 FCN=78.0218 FROM MIGRAD    STATUS=INITIATE       39 CALLS        2587 TOTAL
                     EDM= unknown      STRATEGY= 1      NO ERROR MATRIX       
  EXT PARAMETER               CURRENT GUESS       STEP         FIRST   
  NO.   NAME      VALUE            ERROR          SIZE      DERIVATIVE 
   1  N0           3.17439e+06     fixed    
   2  tau          6.44005e+01   constant   
   3  A0           3.64784e-01     fixed    
   4  phi          4.12030e+00     fixed    
   5  R           -6.09192e+01   constant   
   6  alpha_CBO   -1.33891e-03     fixed    
   7  w_CBO        2.32500e+00   constant   
   8  beta_CBO     4.49119e-03     fixed    
   9  alpha_2CBO  -5.14845e-04     fixed    
  10  beta_2CBO   -3.43529e-04   1.78215e-04   0.00000e+00  -1.58437e+03
  11  alpha_y      0.00000e+00   1.00000e-03   0.00000e+00  -2.46681e+04
  12  w_y          1.38860e+01   constant   
  13  beta_y       1.99628e-04     fixed    
  14  alpha_vw     0.00000e+00     fixed    
  15  w_vw         1.43404e+01   constant   
  16  beta_vw      0.00000e+00     fixed    
  17  LM          -6.12107e-05   constant   
  18  zeta_y       0.00000e+00   constant   
  19  zeta_vw      0.00000e+00   constant   
  20  T_CBO        9.92206e+02   7.10353e+02  -1.73720e-01  -5.50744e-05
  21  alpha_A0    -6.96395e-04   7.82029e-04   0.00000e+00   4.20600e-02
  22  beta_A0     -2.29743e-03   7.54050e-04   0.00000e+00   9.08494e-02
  23  alpha_phi   -3.05245e-03   6.67258e-04   0.00000e+00   1.52868e-01
  24  beta_phi    -1.38330e-03   6.97252e-04   0.00000e+00   5.13211e-02
 CALL LIMIT EXCEEDED IN MIGRAD.
 MIGRAD TERMINATED WITHOUT CONVERGENCE.
 FCN=73.4304 FROM MIGRAD    STATUS=CALL LIMIT   1159 CALLS        3707 TOTAL
                     EDM=2.98183e-05    STRATEGY= 1  ERROR MATRIX UNCERTAINTY  19.1 per cent
  EXT PARAMETER                APPROXIMATE        STEP         FIRST   
  NO.   NAME      VALUE            ERROR          SIZE      DERIVATIVE 
   1  N0           3.17439e+06     fixed    
   2  tau          6.44005e+01   constant   
   3  A0           3.64784e-01     fixed    
   4  phi          4.12030e+00     fixed    
   5  R           -6.09192e+01   constant   
   6  alpha_CBO   -1.33891e-03     fixed    
   7  w_CBO        2.32500e+00   constant   
   8  beta_CBO     4.49119e-03     fixed    
   9  alpha_2CBO  -5.14845e-04     fixed    
  10  beta_2CBO   -3.21599e-04   1.78208e-04  -7.14238e-09   2.77092e+00
  11  alpha_y      3.64953e-04   1.72057e-04   2.51932e-08   2.08408e+00
  12  w_y          1.38860e+01   constant   
  13  beta_y       1.99628e-04     fixed    
  14  alpha_vw     0.00000e+00     fixed    
  15  w_vw         1.43404e+01   constant   
  16  beta_vw      0.00000e+00     fixed    
  17  LM          -6.12107e-05   constant   
  18  zeta_y       0.00000e+00   constant   
  19  zeta_vw      0.00000e+00   constant   
  20  T_CBO        1.06020e+02   3.55273e+01   6.54248e-04   7.56462e-02
  21  alpha_A0    -2.09257e-03   2.46589e-03  -1.41683e-03  -2.91801e-02
  22  beta_A0     -7.76177e-03   3.81226e-03  -3.71735e-03  -2.71610e-02
  23  alpha_phi   -9.98386e-03   1.41486e-02  -2.82929e-02   4.01329e-03
  24  beta_phi    -4.60940e-03   2.41072e-03  -1.47060e-03   5.57547e-02
 EXTERNAL ERROR MATRIX.    NDIM=  25    NPAR=  7    ERR DEF=1
  3.176e-08 -1.507e-10  2.728e-04 -6.128e-08 -6.506e-08 -2.704e-09 -5.774e-08 
 -1.507e-10  2.960e-08 -1.801e-06  8.226e-09 -8.059e-09 -4.152e-10 -7.447e-09 
  2.728e-04 -1.801e-06  1.268e+03 -4.266e-02 -1.306e-01 -8.921e-02 -6.246e-02 
 -6.128e-08  8.226e-09 -4.266e-02  6.214e-06  3.982e-06  3.978e-06  2.338e-06 
 -6.506e-08 -8.059e-09 -1.306e-01  3.982e-06  1.676e-05  9.333e-06  8.893e-06 
 -2.704e-09 -4.152e-10 -8.921e-02  3.978e-06  9.333e-06  7.867e-06  4.330e-06 
 -5.774e-08 -7.447e-09 -6.246e-02  2.338e-06  8.893e-06  4.330e-06  5.960e-06 
ERR MATRIX APPROXIMATE
 PARAMETER  CORRELATION COEFFICIENTS  
       NO.  GLOBAL     10     11     20     21     22     23     24
       10  0.23976   1.000 -0.005  0.043 -0.138 -0.089 -0.005 -0.133
       11  0.03725  -0.005  1.000 -0.000  0.019 -0.011 -0.001 -0.018
       20  0.94384   0.043 -0.000  1.000 -0.481 -0.896 -0.893 -0.719
       21  0.65085  -0.138  0.019 -0.481  1.000  0.390  0.569  0.384
       22  0.96819  -0.089 -0.011 -0.896  0.390  1.000  0.813  0.890
       23  0.91585  -0.005 -0.001 -0.893  0.569  0.813  1.000  0.632
       24  0.91850  -0.133 -0.018 -0.719  0.384  0.890  0.632  1.000
 ERR MATRIX APPROXIMATE
MINUIT - FIT ONLY 2-y
 **********
 **   67 **RES 
 **********
                   PARAMETER   16  beta_vw RESTORED TO VARIABLE.
                   PARAMETER   14  alpha_vw RESTORED TO VARIABLE.
                   PARAMETER   13  beta_y RESTORED TO VARIABLE.
                   PARAMETER    9  alpha_2CBO RESTORED TO VARIABLE.
                   PARAMETER    8  beta_CBO RESTORED TO VARIABLE.
                   PARAMETER    6  alpha_CBO RESTORED TO VARIABLE.
                   PARAMETER    4  phi RESTORED TO VARIABLE.
                   PARAMETER    3  A0 RESTORED TO VARIABLE.
                   PARAMETER    1  N0 RESTORED TO VARIABLE.
 **********
 **   68 **FIX            0
 **********
 PARAMETER    0  IS UNDEFINED. IGNORED.
 **********
 **   69 **FIX            1
 **********
 **********
 **   70 **FIX            2
 **********
 PARAMETER    2  IS CONSTANT.   IGNORED.
 **********
 **   71 **FIX            3
 **********
 **********
 **   72 **FIX            4
 **********
 **********
 **   73 **FIX            5
 **********
 PARAMETER    5  IS CONSTANT.   IGNORED.
 **********
 **   74 **FIX            6
 **********
 **********
 **   75 **FIX            7
 **********
 PARAMETER    7  IS CONSTANT.   IGNORED.
 **********
 **   76 **FIX            8
 **********
 **********
 **   77 **FIX            9
 **********
 **********
 **   78 **FIX           10
 **********
 **********
 **   79 **FIX           11
 **********
 **********
 **   80 **FIX           12
 **********
 PARAMETER   12  IS CONSTANT.   IGNORED.
 **********
 **   81 **FIX           16
 **********
 **********
 **   82 **MIGRAD
 **********
 START MIGRAD MINIMIZATION.  STRATEGY  1.  CONVERGENCE WHEN EDM .LT. 1.00e-04
 FCN=73.4304 FROM MIGRAD    STATUS=INITIATE       16 CALLS        3723 TOTAL
                     EDM= unknown      STRATEGY= 1      NO ERROR MATRIX       
  EXT PARAMETER               CURRENT GUESS       STEP         FIRST   
  NO.   NAME      VALUE            ERROR          SIZE      DERIVATIVE 
   1  N0           3.17439e+06     fixed    
   2  tau          6.44005e+01   constant   
   3  A0           3.64784e-01     fixed    
   4  phi          4.12030e+00     fixed    
   5  R           -6.09192e+01   constant   
   6  alpha_CBO   -1.33891e-03     fixed    
   7  w_CBO        2.32500e+00   constant   
   8  beta_CBO     4.49119e-03     fixed    
   9  alpha_2CBO  -5.14845e-04     fixed    
  10  beta_2CBO   -3.21599e-04     fixed    
  11  alpha_y      3.64953e-04     fixed    
  12  w_y          1.38860e+01   constant   
  13  beta_y       1.99628e-04   1.73812e-04   1.73812e-04   3.46925e+03
  14  alpha_vw     0.00000e+00   1.00000e-03   1.00000e-03   6.78126e+03
  15  w_vw         1.43404e+01   constant   
  16  beta_vw      0.00000e+00     fixed    
  17  LM          -6.12107e-05   constant   
  18  zeta_y       0.00000e+00   constant   
  19  zeta_vw      0.00000e+00   constant   
  20  T_CBO        1.06020e+02   3.55273e+01   6.54248e-04  -7.56459e-02
  21  alpha_A0    -2.09257e-03   2.46589e-03  -1.41683e-03  -2.91801e-02
  22  beta_A0     -7.76177e-03   3.81226e-03  -3.71735e-03  -2.71607e-02
  23  alpha_phi   -9.98386e-03   1.41486e-02  -2.82929e-02   4.10298e-03
  24  beta_phi    -4.60940e-03   2.41072e-03  -1.47060e-03   5.57547e-02
 MIGRAD MINIMIZATION HAS CONVERGED.
 MIGRAD WILL VERIFY CONVERGENCE AND ERROR MATRIX.
 FCN=72.8632 FROM HESSE     STATUS=NOT POSDEF     52 CALLS        3849 TOTAL
                     EDM=0.00141279    STRATEGY= 1      ERR MATRIX NOT POS-DEF
  EXT PARAMETER                APPROXIMATE        STEP         FIRST   
  NO.   NAME      VALUE            ERROR          SIZE      DERIVATIVE 
   1  N0           3.17439e+06     fixed    
   2  tau          6.44005e+01   constant   
   3  A0           3.64784e-01     fixed    
   4  phi          4.12030e+00     fixed    
   5  R           -6.09192e+01   constant   
   6  alpha_CBO   -1.33891e-03     fixed    
   7  w_CBO        2.32500e+00   constant   
   8  beta_CBO     4.49119e-03     fixed    
   9  alpha_2CBO  -5.14845e-04     fixed    
  10  beta_2CBO   -3.21599e-04     fixed    
  11  alpha_y      3.64953e-04     fixed    
  12  w_y          1.38860e+01   constant   
  13  beta_y       1.14630e-04   1.73896e-04   7.31353e-07   3.04715e+00
  14  alpha_vw    -1.23787e-04   1.72900e-04   7.27006e-07  -1.78028e+00
  15  w_vw         1.43404e+01   constant   
  16  beta_vw      0.00000e+00     fixed    
  17  LM          -6.12107e-05   constant   
  18  zeta_y       0.00000e+00   constant   
  19  zeta_vw      0.00000e+00   constant   
  20  T_CBO        1.05970e+02   1.85081e+02   1.75187e-04   5.07380e-02
  21  alpha_A0    -2.15137e-03   5.14238e-03   1.05010e-03  -1.21612e-02
  22  beta_A0     -7.77343e-03   1.68500e-02   1.58862e-03   4.22613e-03
  23  alpha_phi   -9.98876e-03   1.00687e-02   2.01070e-02   6.64346e-04
  24  beta_phi    -4.65426e-03   1.26103e-02   1.03246e-03   2.32136e-03
 MIGRAD MINIMIZATION HAS CONVERGED.
 MIGRAD WILL VERIFY CONVERGENCE AND ERROR MATRIX.
 COVARIANCE MATRIX CALCULATED SUCCESSFULLY
 FCN=72.8631 FROM MIGRAD    STATUS=CONVERGED     462 CALLS        4169 TOTAL
                     EDM=6.41742e-10    STRATEGY= 1      ERROR MATRIX ACCURATE 
  EXT PARAMETER                                   STEP         FIRST   
  NO.   NAME      VALUE            ERROR          SIZE      DERIVATIVE 
   1  N0           3.17439e+06     fixed    
   2  tau          6.44005e+01   constant   
   3  A0           3.64784e-01     fixed    
   4  phi          4.12030e+00     fixed    
   5  R           -6.09192e+01   constant   
   6  alpha_CBO   -1.33891e-03     fixed    
   7  w_CBO        2.32500e+00   constant   
   8  beta_CBO     4.49119e-03     fixed    
   9  alpha_2CBO  -5.14845e-04     fixed    
  10  beta_2CBO   -3.21599e-04     fixed    
  11  alpha_y      3.64953e-04     fixed    
  12  w_y          1.38860e+01   constant   
  13  beta_y       1.14593e-04   1.80527e-04   7.31353e-07  -6.26107e-03
  14  alpha_vw    -1.23768e-04   1.79456e-04   7.27005e-07   4.96560e-03
  15  w_vw         1.43404e+01   constant   
  16  beta_vw      0.00000e+00     fixed    
  17  LM          -6.12107e-05   constant   
  18  zeta_y       0.00000e+00   constant   
