 + ++++++++++++++++++++++++++++++++++++++++++++++++++++++++++++++++++++ +
 +                                                                      +
 +           You have chose to blind your fitting according to          +
 +                omega_ref * (1 + (R +/- deltaR) *10^{-6})             +
 +                                                                      +
 + ++++++++++++++++++++++++++++++++++++++++++++++++++++++++++++++++++++ +
In main()...
reading format from /gm2data/zkhechad/run45/envelope/formats/formatB_sBin_constraintOn.txt
pBinTau 	= 0  
pBinPhi 	= 0  
constraintau 	= 1 
includeMopTerm 	= 0    
constrainMop    = 0   
Parameters after format file: pBinTau 0 pBinPhi 0 constraintau 1 includeMopTerm 0 constrainMop 0 c_e_scale 0.000000 
Opening file /gm2data/tbarrett/gm2fr/studies/run23_bunch_corrections/CorrectedFourier_Run3b.root.
reading full fit data from /gm2data/zkhechad/cboTemplates/Run4CBOTemplates/fullFits/noRF/sBin_constraintOn_cE0.0_seed0_noRF_calo10.root
windowBins = 69
fitting sliding window 2520 from bin 2656 at 396.126000 to bin 2725 at 406.570000 (69 bins)

Reading data from /gm2data/cornell/histograms/aMethod/histogram_a_noRF.root
 **********
 **    1 **SET PRINTOUT            1
 **********
 **********
 **    2 **SET NOWARNINGS 
 **********
 PARAMETER DEFINITIONS:
    NO.   NAME         VALUE      STEP SIZE      LIMITS
     1 N0           3.07359e+06  1.00000e+02     no limits
     2 tau          6.44052e+01  constant
     3 A0           3.48563e-01  1.00000e-04     no limits
     4 phi          4.11545e+00  1.00000e-02     no limits
     5 R           -6.12271e+01  constant
     6 alpha_CBO    0.00000e+00  1.00000e-03     no limits
     7 w_CBO        2.32500e+00  constant
     8 beta_CBO     0.00000e+00  1.00000e-03     no limits
     9 alpha_2CBO   0.00000e+00  1.00000e-03     no limits
    10 beta_2CBO    0.00000e+00  1.00000e-03     no limits
    11 alpha_y      0.00000e+00  1.00000e-03     no limits
    12 w_y          1.38860e+01  constant
    13 beta_y       0.00000e+00  1.00000e-03     no limits
    14 alpha_vw     0.00000e+00  1.00000e-03     no limits
    15 w_vw         1.43404e+01  constant
    16 beta_vw      0.00000e+00  1.00000e-03     no limits
    17 LM           5.13638e-05  constant
    18 zeta_y       0.00000e+00  constant
    19 zeta_vw      0.00000e+00  constant
    20 T_CBO        1.00000e+02  1.00000e+00    0.00000e+00  1.00000e+03
    21 alpha_A0     0.00000e+00  1.00000e-04   -1.00000e-02  1.00000e-02
    22 beta_A0      0.00000e+00  1.00000e-04   -1.00000e-02  1.00000e-02
    23 alpha_phi    0.00000e+00  1.00000e-04   -1.00000e-02  1.00000e-02
    24 beta_phi     0.00000e+00  1.00000e-04   -1.00000e-02  1.00000e-02
MINUIT - FIT ONLY WIGGLE
 **********
 **    3 **FIX            5
 **********
 PARAMETER    5  IS CONSTANT.   IGNORED.
 **********
 **    4 **FIX            6
 **********
 **********
 **    5 **FIX            7
 **********
 PARAMETER    7  IS CONSTANT.   IGNORED.
 **********
 **    6 **FIX            8
 **********
 **********
 **    7 **FIX            9
 **********
 **********
 **    8 **FIX           10
 **********
 **********
 **    9 **FIX           11
 **********
 **********
 **   10 **FIX           12
 **********
 PARAMETER   12  IS CONSTANT.   IGNORED.
 **********
 **   11 **FIX           13
 **********
 **********
 **   12 **FIX           14
 **********
 **********
 **   13 **FIX           15
 **********
 PARAMETER   15  IS CONSTANT.   IGNORED.
 **********
 **   14 **FIX           16
 **********
 **********
 **   15 **MIGRAD
 **********
 FIRST CALL TO USER FUNCTION AT NEW START POINT, WITH IFLAG=4.
 START MIGRAD MINIMIZATION.  STRATEGY  1.  CONVERGENCE WHEN EDM .LT. 1.00e-04
 FCN=75.8232 FROM MIGRAD    STATUS=INITIATE      437 CALLS         438 TOTAL
                     EDM= unknown      STRATEGY= 1      NO ERROR MATRIX       
  EXT PARAMETER               CURRENT GUESS       STEP         FIRST   
  NO.   NAME      VALUE            ERROR          SIZE      DERIVATIVE 
   1  N0           3.07359e+06   1.00000e+02   0.00000e+00   4.92229e-04
   2  tau          6.44052e+01   constant   
   3  A0           3.48563e-01   1.00000e-04   0.00000e+00   4.96240e+02
   4  phi          4.11545e+00   1.00000e-02   0.00000e+00  -6.35741e+02
   5  R           -6.12271e+01   constant   
   6  alpha_CBO    0.00000e+00     fixed    
   7  w_CBO        2.32500e+00   constant   
   8  beta_CBO     0.00000e+00     fixed    
   9  alpha_2CBO   0.00000e+00     fixed    
  10  beta_2CBO    0.00000e+00     fixed    
  11  alpha_y      0.00000e+00     fixed    
  12  w_y          1.38860e+01   constant   
  13  beta_y       0.00000e+00     fixed    
  14  alpha_vw     0.00000e+00     fixed    
  15  w_vw         1.43404e+01   constant   
  16  beta_vw      0.00000e+00     fixed    
  17  LM           5.13638e-05   constant   
  18  zeta_y       0.00000e+00   constant   
  19  zeta_vw      0.00000e+00   constant   
  20  T_CBO        1.00000e+02   1.00000e+00   0.00000e+00   0.00000e+00
  21  alpha_A0     0.00000e+00   1.00000e-04   0.00000e+00  -4.62618e-02
  22  beta_A0      0.00000e+00   1.00000e-04   0.00000e+00   1.29944e-02
  23  alpha_phi    0.00000e+00   1.00000e-04   0.00000e+00  -9.56719e-02
  24  beta_phi     0.00000e+00   1.00000e-04   0.00000e+00  -1.35844e-02
 MIGRAD MINIMIZATION HAS CONVERGED.
 FCN=70.4969 FROM MIGRAD    STATUS=CONVERGED     786 CALLS         787 TOTAL
                     EDM=3.82155e-06    STRATEGY= 1  ERROR MATRIX UNCERTAINTY   1.9 per cent
  EXT PARAMETER                                   STEP         FIRST   
  NO.   NAME      VALUE            ERROR          SIZE      DERIVATIVE 
   1  N0           3.07048e+06   3.03259e+03  -4.90331e-01  -1.90342e-07
   2  tau          6.44052e+01   constant   
   3  A0           3.47824e-01   1.26565e-03  -4.97476e-06  -1.44028e+00
   4  phi          4.12033e+00   3.72516e-03   2.45781e-05   4.91258e-01
   5  R           -6.12271e+01   constant   
   6  alpha_CBO    0.00000e+00     fixed    
   7  w_CBO        2.32500e+00   constant   
   8  beta_CBO     0.00000e+00     fixed    
   9  alpha_2CBO   0.00000e+00     fixed    
  10  beta_2CBO    0.00000e+00     fixed    
  11  alpha_y      0.00000e+00     fixed    
  12  w_y          1.38860e+01   constant   
  13  beta_y       0.00000e+00     fixed    
  14  alpha_vw     0.00000e+00     fixed    
  15  w_vw         1.43404e+01   constant   
  16  beta_vw      0.00000e+00     fixed    
  17  LM           5.13638e-05   constant   
  18  zeta_y       0.00000e+00   constant   
  19  zeta_vw      0.00000e+00   constant   
  20  T_CBO        1.00000e+03   9.80768e+02   1.93432e-02  -1.61142e-04
  21  alpha_A0     6.60996e-03   1.15769e-02  -2.96514e-03   1.89857e-04
  22  beta_A0     -1.88196e-03   7.15139e-03  -3.99337e-03  -8.65303e-04
  23  alpha_phi    9.99997e-03   1.46355e-02   9.56146e-03  -1.73431e-03
  24  beta_phi     1.44562e-04   6.86733e-03  -3.63877e-03   8.10547e-04
 EXTERNAL ERROR MATRIX.    NDIM=  25    NPAR=  8    ERR DEF=1
  9.197e+06  1.207e-01 -1.392e+00 -2.450e+01  4.673e+00  2.732e+00 -4.577e-03  5.398e+00 
  1.207e-01  1.602e-06  2.917e-07 -5.836e-05 -1.104e-07 -6.406e-07 -1.544e-09 -8.864e-07 
 -1.392e+00  2.917e-07  1.388e-05  7.553e-05 -1.371e-06 -4.855e-07  4.028e-09 -1.670e-06 
 -2.450e+01 -5.836e-05  7.553e-05  3.238e+00  1.153e-03  3.159e-04  2.024e-06  2.386e-06 
  4.673e+00 -1.104e-07 -1.371e-06  1.153e-03  6.404e-05  2.691e-06 -1.251e-08  8.103e-07 
  2.732e+00 -6.406e-07 -4.855e-07  3.159e-04  2.691e-06  6.417e-05 -1.342e-08  6.705e-06 
 -4.577e-03 -1.544e-09  4.028e-09  2.024e-06 -1.251e-08 -1.342e-08  1.159e-09 -8.625e-09 
  5.398e+00 -8.864e-07 -1.670e-06  2.386e-06  8.103e-07  6.705e-06 -8.625e-09  5.731e-05 
 PARAMETER  CORRELATION COEFFICIENTS  
       NO.  GLOBAL      1      3      4     20     21     22     23     24
        1  0.33538   1.000  0.031 -0.123 -0.004  0.193  0.112 -0.044  0.235
        3  0.14658   0.031  1.000  0.062 -0.026 -0.011 -0.063 -0.036 -0.093
        4  0.14682  -0.123  0.062  1.000  0.011 -0.046 -0.016  0.032 -0.059
       20  0.09621  -0.004 -0.026  0.011  1.000  0.080  0.022  0.033  0.000
       21  0.21821   0.193 -0.011 -0.046  0.080  1.000  0.042 -0.046  0.013
       22  0.16241   0.112 -0.063 -0.016  0.022  0.042  1.000 -0.049  0.111
       23  0.09720  -0.044 -0.036  0.032  0.033 -0.046 -0.049  1.000 -0.033
       24  0.27175   0.235 -0.093 -0.059  0.000  0.013  0.111 -0.033  1.000
MINUIT - FIT ONLY 1-CBO + wiggle
 **********
 **   16 **RES 
 **********
                   PARAMETER   16  beta_vw RESTORED TO VARIABLE.
                   PARAMETER   14  alpha_vw RESTORED TO VARIABLE.
                   PARAMETER   13  beta_y RESTORED TO VARIABLE.
                   PARAMETER   11  alpha_y RESTORED TO VARIABLE.
                   PARAMETER   10  beta_2CBO RESTORED TO VARIABLE.
                   PARAMETER    9  alpha_2CBO RESTORED TO VARIABLE.
                   PARAMETER    8  beta_CBO RESTORED TO VARIABLE.
                   PARAMETER    6  alpha_CBO RESTORED TO VARIABLE.
 **********
 **   17 **FIX            8
 **********
 **********
 **   18 **FIX            9
 **********
 **********
 **   19 **FIX           11
 **********
 **********
 **   20 **FIX           12
 **********
 PARAMETER   12  IS CONSTANT.   IGNORED.
 **********
 **   21 **FIX           14
 **********
 **********
 **   22 **FIX           15
 **********
 PARAMETER   15  IS CONSTANT.   IGNORED.
 **********
 **   23 **FIX           16
 **********
 **********
 **   24 **MIGRAD
 **********
 START MIGRAD MINIMIZATION.  STRATEGY  1.  CONVERGENCE WHEN EDM .LT. 1.00e-04
 FCN=70.4969 FROM MIGRAD    STATUS=INITIATE       28 CALLS         815 TOTAL
                     EDM= unknown      STRATEGY= 1      NO ERROR MATRIX       
  EXT PARAMETER               CURRENT GUESS       STEP         FIRST   
  NO.   NAME      VALUE            ERROR          SIZE      DERIVATIVE 
   1  N0           3.07048e+06   3.03259e+03  -4.90331e-01  -1.90342e-07
   2  tau          6.44052e+01   constant   
   3  A0           3.47824e-01   1.26565e-03  -4.97476e-06  -1.44028e+00
   4  phi          4.12033e+00   3.72516e-03   2.45781e-05   4.91258e-01
   5  R           -6.12271e+01   constant   
   6  alpha_CBO    0.00000e+00   1.00000e-03   1.00000e-03  -3.19906e+03
   7  w_CBO        2.32500e+00   constant   
   8  beta_CBO     0.00000e+00     fixed    
   9  alpha_2CBO   0.00000e+00     fixed    
  10  beta_2CBO    0.00000e+00   1.00000e-03   1.00000e-03  -2.16235e+02
  11  alpha_y      0.00000e+00     fixed    
  12  w_y          1.38860e+01   constant   
  13  beta_y       0.00000e+00   1.00000e-03   1.00000e-03  -3.19357e+02
  14  alpha_vw     0.00000e+00     fixed    
  15  w_vw         1.43404e+01   constant   
  16  beta_vw      0.00000e+00     fixed    
  17  LM           5.13638e-05   constant   
  18  zeta_y       0.00000e+00   constant   
  19  zeta_vw      0.00000e+00   constant   
  20  T_CBO        1.00000e+03   9.80768e+02   1.93432e-02  -1.61143e-04
  21  alpha_A0     6.60996e-03   1.15769e-02  -2.96514e-03  -1.89974e-04
  22  beta_A0     -1.88196e-03   7.15139e-03  -3.99337e-03  -8.65294e-04
  23  alpha_phi    9.99997e-03   1.46355e-02   9.56146e-03  -1.73431e-03
  24  beta_phi     1.44562e-04   6.86733e-03  -3.63877e-03   8.10547e-04
 MIGRAD MINIMIZATION HAS CONVERGED.
 MIGRAD WILL VERIFY CONVERGENCE AND ERROR MATRIX.
 COVARIANCE MATRIX CALCULATED SUCCESSFULLY
 FCN=65.3902 FROM MIGRAD    STATUS=CONVERGED     248 CALLS        1035 TOTAL
                     EDM=1.46676e-06    STRATEGY= 1      ERROR MATRIX ACCURATE 
  EXT PARAMETER                                   STEP         FIRST   
  NO.   NAME      VALUE            ERROR          SIZE      DERIVATIVE 
   1  N0           3.07042e+06   3.08918e+03   1.03161e+01   6.29565e-08
   2  tau          6.44052e+01   constant   
   3  A0           3.47966e-01   1.27346e-03   5.01358e-06   9.41256e-01
   4  phi          4.11883e+00   3.77766e-03   1.44974e-05   1.25990e-01
   5  R           -6.12271e+01   constant   
   6  alpha_CBO    3.14734e-03   1.40214e-03   5.41876e-06   8.43528e-02
   7  w_CBO        2.32500e+00   constant   
   8  beta_CBO     0.00000e+00     fixed    
   9  alpha_2CBO   0.00000e+00     fixed    
  10  beta_2CBO    3.31563e-04   1.33853e-03   5.26917e-06  -1.56424e-01
  11  alpha_y      0.00000e+00     fixed    
  12  w_y          1.38860e+01   constant   
  13  beta_y       2.27083e-04   1.34408e-03   5.34258e-06   1.08944e-01
  14  alpha_vw     0.00000e+00     fixed    
  15  w_vw         1.43404e+01   constant   
  16  beta_vw      0.00000e+00     fixed    
  17  LM           5.13638e-05   constant   
  18  zeta_y       0.00000e+00   constant   
  19  zeta_vw      0.00000e+00   constant   
  20  T_CBO        1.00000e+03   9.85731e+02   1.11442e-02** at limit **
  21  alpha_A0     4.35059e-03   6.87638e-03   3.35667e-03   9.09911e-04
  22  beta_A0     -2.24158e-03   7.07236e-03   3.18078e-03  -8.35969e-04
  23  alpha_phi    1.00000e-02   1.34900e-02   5.03016e-03** at limit **
  24  beta_phi    -4.16885e-04   6.82884e-03   2.88580e-03   3.38940e-04
 EXTERNAL ERROR MATRIX.    NDIM=  25    NPAR= 11    ERR DEF=1
  9.543e+06 
  2.519e-01  1.622e-06 
 -2.097e+00  1.169e-07  1.427e-05 
 -4.085e-02  9.164e-08 -9.298e-07  1.966e-06 
 -1.268e-01 -7.043e-08 -8.868e-08  8.364e-08  1.792e-06 
  6.291e-02  1.457e-08  6.042e-08 -4.032e-08  2.763e-08  1.807e-06 
 -6.826e-03  1.030e-08  4.886e-09 -4.069e-09 -8.662e-09  8.556e-10  9.252e-05 
 -4.259e+00 -1.310e-07  1.700e-06 -1.423e-06  5.144e-07 -1.590e-07  1.360e-07  6.123e-05 
  2.229e+00 -4.991e-07 -1.549e-06 -1.367e-07 -1.183e-06 -8.914e-08 -7.985e-08 -3.198e-06  6.263e-05 
 -1.597e-07  2.419e-13  1.068e-13 -9.736e-14 -2.037e-13  2.051e-14 -1.570e-14  1.297e-13 -3.515e-13  5.052e-14 
  5.270e+00 -7.126e-07 -2.480e-06 -3.530e-07  2.232e-07 -1.517e-07 -3.636e-08  1.551e-07  5.943e-06 -5.570e-13  5.653e-05 
 PARAMETER  CORRELATION COEFFICIENTS  
       NO.  GLOBAL      1      3      4      6     10     13     20     21     22     23     24
        1  0.34487   1.000  0.064 -0.180 -0.009 -0.031  0.015 -0.000 -0.176  0.091 -0.000  0.227
        3  0.14415   0.064  1.000  0.024  0.051 -0.041  0.009  0.001 -0.013 -0.050  0.001 -0.074
        4  0.26373  -0.180  0.024  1.000 -0.176 -0.018  0.012  0.000  0.058 -0.052  0.000 -0.087
        6  0.23756  -0.009  0.051 -0.176  1.000  0.045 -0.021 -0.000 -0.130 -0.012 -0.000 -0.033
       10  0.14488  -0.031 -0.041 -0.018  0.045  1.000  0.015 -0.001  0.049 -0.112 -0.001  0.022
       13  0.04269   0.015  0.009  0.012 -0.021  0.015  1.000  0.000 -0.015 -0.008  0.000 -0.015
       20  0.00239  -0.000  0.001  0.000 -0.000 -0.001  0.000  1.000  0.002 -0.001 -0.000 -0.001
       21  0.23196  -0.176 -0.013  0.058 -0.130  0.049 -0.015  0.002  1.000 -0.052  0.000  0.003
       22  0.18028   0.091 -0.050 -0.052 -0.012 -0.112 -0.008 -0.001 -0.052  1.000 -0.000  0.100
       23  0.00119  -0.000  0.001  0.000 -0.000 -0.001  0.000 -0.000  0.000 -0.000  1.000 -0.000
       24  0.26663   0.227 -0.074 -0.087 -0.033  0.022 -0.015 -0.001  0.003  0.100 -0.000  1.000
MINUIT - FIT ONLY 2-CBO
 **********
 **   25 **RES 
 **********
                   PARAMETER   16  beta_vw RESTORED TO VARIABLE.
                   PARAMETER   14  alpha_vw RESTORED TO VARIABLE.
                   PARAMETER   11  alpha_y RESTORED TO VARIABLE.
                   PARAMETER    9  alpha_2CBO RESTORED TO VARIABLE.
                   PARAMETER    8  beta_CBO RESTORED TO VARIABLE.
 **********
 **   26 **FIX            0
 **********
 PARAMETER    0  IS UNDEFINED. IGNORED.
 **********
 **   27 **FIX            1
 **********
 **********
 **   28 **FIX            2
 **********
 PARAMETER    2  IS CONSTANT.   IGNORED.
 **********
 **   29 **FIX            3
 **********
 **********
 **   30 **FIX            4
 **********
 **********
 **   31 **FIX            5
 **********
 PARAMETER    5  IS CONSTANT.   IGNORED.
 **********
 **   32 **FIX            6
 **********
 **********
 **   33 **FIX            7
 **********
 PARAMETER    7  IS CONSTANT.   IGNORED.
 **********
 **   34 **FIX           10
 **********
 **********
 **   35 **FIX           11
 **********
 **********
 **   36 **FIX           12
 **********
 PARAMETER   12  IS CONSTANT.   IGNORED.
 **********
 **   37 **FIX           13
 **********
 **********
 **   38 **FIX           14
 **********
 **********
 **   39 **FIX           15
 **********
 PARAMETER   15  IS CONSTANT.   IGNORED.
 **********
 **   40 **FIX           16
 **********
 **********
 **   41 **MIGRAD
 **********
 START MIGRAD MINIMIZATION.  STRATEGY  1.  CONVERGENCE WHEN EDM .LT. 1.00e-04
 FCN=65.3902 FROM MIGRAD    STATUS=INITIATE       18 CALLS        1053 TOTAL
                     EDM= unknown      STRATEGY= 1      NO ERROR MATRIX       
  EXT PARAMETER               CURRENT GUESS       STEP         FIRST   
  NO.   NAME      VALUE            ERROR          SIZE      DERIVATIVE 
   1  N0           3.07042e+06     fixed    
   2  tau          6.44052e+01   constant   
   3  A0           3.47966e-01     fixed    
   4  phi          4.11883e+00     fixed    
   5  R           -6.12271e+01   constant   
   6  alpha_CBO    3.14734e-03     fixed    
   7  w_CBO        2.32500e+00   constant   
   8  beta_CBO     0.00000e+00   1.00000e-03   1.00000e-03   3.76945e+02
   9  alpha_2CBO   0.00000e+00   1.00000e-03   1.00000e-03   1.41704e+03
  10  beta_2CBO    3.31563e-04     fixed    
  11  alpha_y      0.00000e+00     fixed    
  12  w_y          1.38860e+01   constant   
  13  beta_y       2.27083e-04     fixed    
  14  alpha_vw     0.00000e+00     fixed    
  15  w_vw         1.43404e+01   constant   
  16  beta_vw      0.00000e+00     fixed    
  17  LM           5.13638e-05   constant   
  18  zeta_y       0.00000e+00   constant   
  19  zeta_vw      0.00000e+00   constant   
  20  T_CBO        9.99999e+02   9.85731e+02   1.11442e-02  -4.97524e-04
  21  alpha_A0     4.35059e-03   6.87638e-03   3.35667e-03   9.02064e-04
  22  beta_A0     -2.24158e-03   7.07236e-03   3.18078e-03  -8.31905e-04
  23  alpha_phi    9.99998e-03   1.34900e-02   5.03016e-03  -2.44503e-03
  24  beta_phi    -4.16885e-04   6.82884e-03   2.88580e-03   3.40010e-04
 MIGRAD MINIMIZATION HAS CONVERGED.
 MIGRAD WILL VERIFY CONVERGENCE AND ERROR MATRIX.
 COVARIANCE MATRIX CALCULATED SUCCESSFULLY
 FCN=64.3873 FROM MIGRAD    STATUS=CONVERGED     116 CALLS        1151 TOTAL
                     EDM=1.1256e-05    STRATEGY= 1      ERROR MATRIX ACCURATE 
  EXT PARAMETER                                   STEP         FIRST   
  NO.   NAME      VALUE            ERROR          SIZE      DERIVATIVE 
   1  N0           3.07042e+06     fixed    
   2  tau          6.44052e+01   constant   
   3  A0           3.47966e-01     fixed    
   4  phi          4.11883e+00     fixed    
   5  R           -6.12271e+01   constant   
   6  alpha_CBO    3.14734e-03     fixed    
   7  w_CBO        2.32500e+00   constant   
   8  beta_CBO    -2.87486e-04   1.34308e-03   5.17620e-06  -2.87981e+00
   9  alpha_2CBO  -1.33913e-03   1.38263e-03   5.31988e-06   9.32278e-01
  10  beta_2CBO    3.31563e-04     fixed    
  11  alpha_y      0.00000e+00     fixed    
  12  w_y          1.38860e+01   constant   
  13  beta_y       2.27083e-04     fixed    
  14  alpha_vw     0.00000e+00     fixed    
  15  w_vw         1.43404e+01   constant   
  16  beta_vw      0.00000e+00     fixed    
  17  LM           5.13638e-05   constant   
  18  zeta_y       0.00000e+00   constant   
  19  zeta_vw      0.00000e+00   constant   
  20  T_CBO        1.00000e+03   9.91652e+02   1.13628e-02** at limit **
  21  alpha_A0     5.44326e-03   6.67017e-03   3.58329e-03   5.78083e-04
  22  beta_A0     -1.58506e-03   7.12442e-03   3.10768e-03   9.36699e-04
  23  alpha_phi    1.00000e-02   1.36658e-02   5.13542e-03** at limit **
  24  beta_phi     6.87267e-04   6.74609e-03   2.86394e-03   3.36532e-03
 EXTERNAL ERROR MATRIX.    NDIM=  25    NPAR=  7    ERR DEF=1
  1.804e-06 -7.779e-08  5.534e-10  5.007e-08 -2.023e-06  6.394e-15  8.843e-07 
 -7.779e-08  1.912e-06 -5.795e-10 -1.557e-06 -3.754e-07 -6.252e-15 -1.783e-06 
  5.534e-10 -5.795e-10  6.506e-06  4.639e-08 -1.724e-08 -6.944e-16  2.723e-09 
  5.007e-08 -1.557e-06  4.639e-08  5.946e-05 -1.609e-06  9.416e-15  3.654e-06 
 -2.023e-06 -3.754e-07 -1.724e-08 -1.609e-06  6.334e-05 -5.259e-14  3.857e-06 
  6.394e-15 -6.252e-15 -6.944e-16  9.416e-15 -5.259e-14  7.631e-16 -3.374e-14 
  8.843e-07 -1.783e-06  2.723e-09  3.654e-06  3.857e-06 -3.374e-14  5.489e-05 
 PARAMETER  CORRELATION COEFFICIENTS  
       NO.  GLOBAL      8      9     20     21     22     23     24
        8  0.21732   1.000 -0.042  0.000  0.005 -0.189  0.000  0.089
        9  0.22441  -0.042  1.000 -0.000 -0.146 -0.034 -0.000 -0.174
       20  0.00249   0.000 -0.000  1.000  0.002 -0.001 -0.000  0.000
       21  0.15529   0.005 -0.146  0.002  1.000 -0.026  0.000  0.064
       22  0.21132  -0.189 -0.034 -0.001 -0.026  1.000 -0.000  0.065
       23  0.00037   0.000 -0.000 -0.000  0.000 -0.000  1.000 -0.000
       24  0.21110   0.089 -0.174  0.000  0.064  0.065 -0.000  1.000
MINUIT - FIT wiggle + 1-CBO + 2-CBO
 **********
 **   42 **RES 
 **********
                   PARAMETER   16  beta_vw RESTORED TO VARIABLE.
                   PARAMETER   14  alpha_vw RESTORED TO VARIABLE.
                   PARAMETER   13  beta_y RESTORED TO VARIABLE.
                   PARAMETER   11  alpha_y RESTORED TO VARIABLE.
                   PARAMETER   10  beta_2CBO RESTORED TO VARIABLE.
                   PARAMETER    6  alpha_CBO RESTORED TO VARIABLE.
                   PARAMETER    4  phi RESTORED TO VARIABLE.
                   PARAMETER    3  A0 RESTORED TO VARIABLE.
                   PARAMETER    1  N0 RESTORED TO VARIABLE.
 **********
 **   43 **FIX           10
 **********
 **********
 **   44 **FIX           11
 **********
 **********
 **   45 **FIX           12
 **********
 PARAMETER   12  IS CONSTANT.   IGNORED.
 **********
 **   46 **FIX           13
 **********
 **********
 **   47 **FIX           14
 **********
 **********
 **   48 **FIX           15
 **********
 PARAMETER   15  IS CONSTANT.   IGNORED.
 **********
 **   49 **FIX           16
 **********
 **********
 **   50 **MIGRAD
 **********
 START MIGRAD MINIMIZATION.  STRATEGY  1.  CONVERGENCE WHEN EDM .LT. 1.00e-04
 FCN=64.3873 FROM MIGRAD    STATUS=INITIATE       22 CALLS        1173 TOTAL
                     EDM= unknown      STRATEGY= 1      NO ERROR MATRIX       
  EXT PARAMETER               CURRENT GUESS       STEP         FIRST   
  NO.   NAME      VALUE            ERROR          SIZE      DERIVATIVE 
   1  N0           3.07042e+06   3.08918e+03   3.08918e+03   3.70157e-05
   2  tau          6.44052e+01   constant   
   3  A0           3.47966e-01   1.27346e-03   1.27346e-03   7.40564e+01
   4  phi          4.11883e+00   3.77766e-03   3.77766e-03   3.82246e+01
   5  R           -6.12271e+01   constant   
   6  alpha_CBO    3.14734e-03   1.40214e-03   1.40214e-03  -6.73560e+01
   7  w_CBO        2.32500e+00   constant   
   8  beta_CBO    -2.87486e-04   1.34308e-03   5.17620e-06  -2.87993e+00
   9  alpha_2CBO  -1.33913e-03   1.38263e-03   5.31988e-06   9.32412e-01
  10  beta_2CBO    3.31563e-04     fixed    
  11  alpha_y      0.00000e+00     fixed    
  12  w_y          1.38860e+01   constant   
  13  beta_y       2.27083e-04     fixed    
  14  alpha_vw     0.00000e+00     fixed    
  15  w_vw         1.43404e+01   constant   
  16  beta_vw      0.00000e+00     fixed    
  17  LM           5.13638e-05   constant   
  18  zeta_y       0.00000e+00   constant   
  19  zeta_vw      0.00000e+00   constant   
  20  T_CBO        9.99999e+02   9.91652e+02   1.13628e-02  -4.70173e-04
  21  alpha_A0     5.44326e-03   6.67017e-03   3.58329e-03   5.67760e-04
  22  beta_A0     -1.58506e-03   7.12442e-03   3.10768e-03   9.39609e-04
  23  alpha_phi    9.99998e-03   1.36658e-02   5.13542e-03  -2.30897e-03
  24  beta_phi     6.87267e-04   6.74609e-03   2.86394e-03   3.36457e-03
 MIGRAD MINIMIZATION HAS CONVERGED.
 MIGRAD WILL VERIFY CONVERGENCE AND ERROR MATRIX.
 COVARIANCE MATRIX CALCULATED SUCCESSFULLY
 FCN=64.3739 FROM MIGRAD    STATUS=CONVERGED     194 CALLS        1345 TOTAL
                     EDM=2.60625e-06    STRATEGY= 1      ERROR MATRIX ACCURATE 
  EXT PARAMETER                                   STEP         FIRST   
  NO.   NAME      VALUE            ERROR          SIZE      DERIVATIVE 
   1  N0           3.07027e+06   3.09765e+03   1.02364e+01  -3.01658e-07
   2  tau          6.44052e+01   constant   
   3  A0           3.47898e-01   1.31156e-03   4.97423e-06   1.40232e+00
   4  phi          4.11856e+00   3.79113e-03   1.43901e-05  -1.22509e-01
   5  R           -6.12271e+01   constant   
   6  alpha_CBO    3.22960e-03   1.40279e-03   5.37730e-06   8.47132e-02
   7  w_CBO        2.32500e+00   constant   
   8  beta_CBO    -3.13276e-04   1.38972e-03   5.17598e-06  -4.75641e-02
   9  alpha_2CBO  -1.35161e-03   1.38786e-03   5.31963e-06  -6.32564e-01
  10  beta_2CBO    3.31563e-04     fixed    
  11  alpha_y      0.00000e+00     fixed    
  12  w_y          1.38860e+01   constant   
  13  beta_y       2.27083e-04     fixed    
  14  alpha_vw     0.00000e+00     fixed    
  15  w_vw         1.43404e+01   constant   
  16  beta_vw      0.00000e+00     fixed    
  17  LM           5.13638e-05   constant   
  18  zeta_y       0.00000e+00   constant   
  19  zeta_vw      0.00000e+00   constant   
  20  T_CBO        1.00000e+03   9.89039e+02   1.12471e-02** at limit **
  21  alpha_A0     5.45124e-03   6.78147e-03   3.59126e-03  -6.17366e-04
  22  beta_A0     -1.54806e-03   7.17906e-03   3.11158e-03  -2.96926e-04
  23  alpha_phi    1.00000e-02   1.35850e-02   5.06955e-03** at limit **
  24  beta_phi     6.38728e-04   6.91183e-03   2.86525e-03  -2.36185e-04
 EXTERNAL ERROR MATRIX.    NDIM=  25    NPAR= 11    ERR DEF=1
  9.595e+06 
  3.205e-01  1.720e-06 
 -2.034e+00  1.813e-07  1.437e-05 
 -4.556e-02  9.039e-08 -9.462e-07  1.968e-06 
  3.239e-01  4.436e-07  2.966e-07 -2.176e-08  1.931e-06 
  1.329e-01 -2.155e-08  3.079e-07 -1.101e-07 -7.148e-08  1.926e-06 
 -1.621e-02  2.627e-08  1.163e-08 -8.517e-09  1.118e-08 -5.034e-09  5.033e-04 
 -4.344e+00 -1.209e-07  1.464e-06 -1.361e-06 -6.288e-08 -1.544e-06  4.122e-07  6.240e-05 
  1.729e+00 -1.067e-06 -2.051e-06 -3.069e-08 -2.280e-06 -3.698e-07 -1.657e-07 -2.415e-06  6.459e-05 
 -1.494e-07  2.438e-13  9.998e-14 -8.059e-14  1.059e-13 -4.614e-14 -3.762e-14  2.041e-13 -5.708e-13  4.256e-14 
  5.302e+00 -4.982e-07 -2.612e-06 -2.794e-07  8.671e-07 -1.720e-06  8.453e-10  1.415e-06  5.435e-06 -4.124e-13  5.830e-05 
 PARAMETER  CORRELATION COEFFICIENTS  
       NO.  GLOBAL      1      3      4      6      8      9     20     21     22     23     24
        1  0.35190   1.000  0.079 -0.173 -0.010  0.075  0.031 -0.000 -0.178  0.069 -0.000  0.224
        3  0.27775   0.079  1.000  0.036  0.049  0.243 -0.012  0.001 -0.012 -0.101  0.001 -0.050
        4  0.27499  -0.173  0.036  1.000 -0.178  0.056  0.059  0.000  0.049 -0.067  0.000 -0.090
        6  0.23926  -0.010  0.049 -0.178  1.000 -0.011 -0.057 -0.000 -0.123 -0.003 -0.000 -0.026
        8  0.33167   0.075  0.243  0.056 -0.011  1.000 -0.037  0.000 -0.006 -0.204  0.000  0.082
        9  0.23959   0.031 -0.012  0.059 -0.057 -0.037  1.000 -0.000 -0.141 -0.033 -0.000 -0.162
       20  0.00262  -0.000  0.001  0.000 -0.000  0.000 -0.000  1.000  0.002 -0.001 -0.000  0.000
       21  0.26479  -0.178 -0.012  0.049 -0.123 -0.006 -0.141  0.002  1.000 -0.038  0.000  0.023
       22  0.25034   0.069 -0.101 -0.067 -0.003 -0.204 -0.033 -0.001 -0.038  1.000 -0.000  0.089
       23  0.00107  -0.000  0.001  0.000 -0.000  0.000 -0.000 -0.000  0.000 -0.000  1.000 -0.000
       24  0.31644   0.224 -0.050 -0.090 -0.026  0.082 -0.162  0.000  0.023  0.089 -0.000  1.000
MINUIT - FIT ONLY 1-y
 **********
 **   51 **RES 
 **********
                   PARAMETER   16  beta_vw RESTORED TO VARIABLE.
                   PARAMETER   14  alpha_vw RESTORED TO VARIABLE.
                   PARAMETER   13  beta_y RESTORED TO VARIABLE.
                   PARAMETER   11  alpha_y RESTORED TO VARIABLE.
                   PARAMETER   10  beta_2CBO RESTORED TO VARIABLE.
 **********
 **   52 **FIX            0
 **********
 PARAMETER    0  IS UNDEFINED. IGNORED.
 **********
 **   53 **FIX            1
 **********
 **********
 **   54 **FIX            2
 **********
 PARAMETER    2  IS CONSTANT.   IGNORED.
 **********
 **   55 **FIX            3
 **********
 **********
 **   56 **FIX            4
 **********
 **********
 **   57 **FIX            5
 **********
 PARAMETER    5  IS CONSTANT.   IGNORED.
 **********
 **   58 **FIX            6
 **********
 **********
 **   59 **FIX            7
 **********
 PARAMETER    7  IS CONSTANT.   IGNORED.
 **********
 **   60 **FIX            8
 **********
 **********
 **   61 **FIX            9
 **********
 **********
 **   62 **FIX           13
 **********
 **********
 **   63 **FIX           14
 **********
 **********
 **   64 **FIX           15
 **********
 PARAMETER   15  IS CONSTANT.   IGNORED.
 **********
 **   65 **FIX           16
 **********
 **********
 **   66 **MIGRAD
 **********
 START MIGRAD MINIMIZATION.  STRATEGY  1.  CONVERGENCE WHEN EDM .LT. 1.00e-04
 FCN=64.3739 FROM MIGRAD    STATUS=INITIATE       16 CALLS        1361 TOTAL
                     EDM= unknown      STRATEGY= 1      NO ERROR MATRIX       
  EXT PARAMETER               CURRENT GUESS       STEP         FIRST   
  NO.   NAME      VALUE            ERROR          SIZE      DERIVATIVE 
   1  N0           3.07027e+06     fixed    
   2  tau          6.44052e+01   constant   
   3  A0           3.47898e-01     fixed    
   4  phi          4.11856e+00     fixed    
   5  R           -6.12271e+01   constant   
   6  alpha_CBO    3.22960e-03     fixed    
   7  w_CBO        2.32500e+00   constant   
   8  beta_CBO    -3.13276e-04     fixed    
   9  alpha_2CBO  -1.35161e-03     fixed    
  10  beta_2CBO    3.31563e-04   1.33853e-03   1.33853e-03  -1.95296e+01
  11  alpha_y      0.00000e+00   1.00000e-03   1.00000e-03   1.24994e+03
  12  w_y          1.38860e+01   constant   
  13  beta_y       2.27083e-04     fixed    
  14  alpha_vw     0.00000e+00     fixed    
  15  w_vw         1.43404e+01   constant   
  16  beta_vw      0.00000e+00     fixed    
  17  LM           5.13638e-05   constant   
  18  zeta_y       0.00000e+00   constant   
  19  zeta_vw      0.00000e+00   constant   
  20  T_CBO        9.99999e+02   9.89039e+02   1.12471e-02  -4.82847e-04
  21  alpha_A0     5.45124e-03   6.78147e-03   3.59126e-03  -6.27700e-04
  22  beta_A0     -1.54806e-03   7.17906e-03   3.11158e-03  -2.94037e-04
  23  alpha_phi    9.99998e-03   1.35850e-02   5.06955e-03  -2.36995e-03
  24  beta_phi     6.38728e-04   6.91183e-03   2.86525e-03  -2.36847e-04
 MIGRAD MINIMIZATION HAS CONVERGED.
 MIGRAD WILL VERIFY CONVERGENCE AND ERROR MATRIX.
 COVARIANCE MATRIX CALCULATED SUCCESSFULLY
 FCN=63.6845 FROM MIGRAD    STATUS=CONVERGED     100 CALLS        1445 TOTAL
                     EDM=3.99246e-06    STRATEGY= 1      ERROR MATRIX ACCURATE 
  EXT PARAMETER                                   STEP         FIRST   
  NO.   NAME      VALUE            ERROR          SIZE      DERIVATIVE 
   1  N0           3.07027e+06     fixed    
   2  tau          6.44052e+01   constant   
   3  A0           3.47898e-01     fixed    
   4  phi          4.11856e+00     fixed    
   5  R           -6.12271e+01   constant   
   6  alpha_CBO    3.22960e-03     fixed    
   7  w_CBO        2.32500e+00   constant   
   8  beta_CBO    -3.13276e-04     fixed    
   9  alpha_2CBO  -1.35161e-03     fixed    
  10  beta_2CBO    3.30935e-04   1.33540e-03   5.20151e-06   3.24946e-01
  11  alpha_y     -1.10313e-03   1.32874e-03   5.21669e-06   1.34986e-03
  12  w_y          1.38860e+01   constant   
  13  beta_y       2.27083e-04     fixed    
  14  alpha_vw     0.00000e+00     fixed    
  15  w_vw         1.43404e+01   constant   
  16  beta_vw      0.00000e+00     fixed    
  17  LM           5.13638e-05   constant   
  18  zeta_y       0.00000e+00   constant   
  19  zeta_vw      0.00000e+00   constant   
  20  T_CBO        1.00000e+03   9.84624e+02   1.09314e-02** at limit **
  21  alpha_A0     5.45147e-03   6.62712e-03   3.56965e-03   2.80996e-03
  22  beta_A0     -1.52389e-03   7.05689e-03   3.09333e-03  -9.20011e-04
  23  alpha_phi    1.00000e-02   1.34581e-02   4.92464e-03** at limit **
  24  beta_phi     5.44733e-04   6.64852e-03   2.85104e-03  -9.27524e-04
 EXTERNAL ERROR MATRIX.    NDIM=  25    NPAR=  7    ERR DEF=1
  1.783e-06  2.960e-08 -3.083e-10  5.250e-07 -1.178e-06 -3.387e-15  2.696e-07 
  2.960e-08  1.766e-06  4.270e-11  2.831e-08 -6.220e-08  4.709e-16  1.506e-07 
 -3.083e-10  4.270e-11  1.408e-07  6.216e-09 -2.027e-09 -1.188e-17  5.023e-11 
  5.250e-07  2.831e-08  6.216e-09  5.841e-05 -2.279e-06 -4.242e-16  2.292e-06 
 -1.178e-06 -6.220e-08 -2.027e-09 -2.279e-06  6.177e-05 -4.193e-15  4.260e-06 
 -3.387e-15  4.709e-16 -1.188e-17 -4.242e-16 -4.193e-15  1.666e-17 -6.257e-15 
  2.696e-07  1.506e-07  5.023e-11  2.292e-06  4.260e-06 -6.257e-15  5.293e-05 
 PARAMETER  CORRELATION COEFFICIENTS  
       NO.  GLOBAL     10     11     20     21     22     23     24
       10  0.12740   1.000  0.017 -0.001  0.051 -0.112 -0.001  0.028
       11  0.02316   0.017  1.000  0.000  0.003 -0.006  0.000  0.016
       20  0.00239  -0.001  0.000  1.000  0.002 -0.001 -0.000  0.000
       21  0.07419   0.051  0.003  0.002  1.000 -0.038 -0.000  0.041
       22  0.14108  -0.112 -0.006 -0.001 -0.038  1.000 -0.000  0.074
       23  0.00068  -0.001  0.000 -0.000 -0.000 -0.000  1.000 -0.000
       24  0.09436   0.028  0.016  0.000  0.041  0.074 -0.000  1.000
MINUIT - FIT ONLY 2-y
 **********
 **   67 **RES 
 **********
                   PARAMETER   16  beta_vw RESTORED TO VARIABLE.
                   PARAMETER   14  alpha_vw RESTORED TO VARIABLE.
                   PARAMETER   13  beta_y RESTORED TO VARIABLE.
                   PARAMETER    9  alpha_2CBO RESTORED TO VARIABLE.
                   PARAMETER    8  beta_CBO RESTORED TO VARIABLE.
                   PARAMETER    6  alpha_CBO RESTORED TO VARIABLE.
                   PARAMETER    4  phi RESTORED TO VARIABLE.
                   PARAMETER    3  A0 RESTORED TO VARIABLE.
                   PARAMETER    1  N0 RESTORED TO VARIABLE.
 **********
 **   68 **FIX            0
 **********
 PARAMETER    0  IS UNDEFINED. IGNORED.
 **********
 **   69 **FIX            1
 **********
 **********
 **   70 **FIX            2
 **********
 PARAMETER    2  IS CONSTANT.   IGNORED.
 **********
 **   71 **FIX            3
 **********
 **********
 **   72 **FIX            4
 **********
 **********
 **   73 **FIX            5
 **********
 PARAMETER    5  IS CONSTANT.   IGNORED.
 **********
 **   74 **FIX            6
 **********
 **********
 **   75 **FIX            7
 **********
 PARAMETER    7  IS CONSTANT.   IGNORED.
 **********
 **   76 **FIX            8
 **********
 **********
 **   77 **FIX            9
 **********
 **********
 **   78 **FIX           10
 **********
 **********
 **   79 **FIX           11
 **********
 **********
 **   80 **FIX           12
 **********
 PARAMETER   12  IS CONSTANT.   IGNORED.
 **********
 **   81 **FIX           16
 **********
 **********
 **   82 **MIGRAD
 **********
 START MIGRAD MINIMIZATION.  STRATEGY  1.  CONVERGENCE WHEN EDM .LT. 1.00e-04
 FCN=63.6845 FROM MIGRAD    STATUS=INITIATE       18 CALLS        1463 TOTAL
                     EDM= unknown      STRATEGY= 1      NO ERROR MATRIX       
  EXT PARAMETER               CURRENT GUESS       STEP         FIRST   
  NO.   NAME      VALUE            ERROR          SIZE      DERIVATIVE 
   1  N0           3.07027e+06     fixed    
   2  tau          6.44052e+01   constant   
   3  A0           3.47898e-01     fixed    
   4  phi          4.11856e+00     fixed    
   5  R           -6.12271e+01   constant   
   6  alpha_CBO    3.22960e-03     fixed    
   7  w_CBO        2.32500e+00   constant   
   8  beta_CBO    -3.13276e-04     fixed    
   9  alpha_2CBO  -1.35161e-03     fixed    
  10  beta_2CBO    3.30935e-04     fixed    
  11  alpha_y     -1.10313e-03     fixed    
  12  w_y          1.38860e+01   constant   
  13  beta_y       2.27083e-04   1.34408e-03   1.34408e-03   1.69452e+00
  14  alpha_vw     0.00000e+00   1.00000e-03   1.00000e-03  -2.65365e+03
  15  w_vw         1.43404e+01   constant   
  16  beta_vw      0.00000e+00     fixed    
  17  LM           5.13638e-05   constant   
  18  zeta_y       0.00000e+00   constant   
  19  zeta_vw      0.00000e+00   constant   
  20  T_CBO        9.99999e+02   9.84624e+02   1.09314e-02  -5.02169e-04
  21  alpha_A0     5.45147e-03   6.62712e-03   3.56965e-03   2.79972e-03
  22  beta_A0     -1.52389e-03   7.05689e-03   3.09333e-03  -9.17162e-04
  23  alpha_phi    9.99998e-03   1.34581e-02   4.92464e-03  -2.47105e-03
  24  beta_phi     5.44733e-04   6.64852e-03   2.85104e-03  -9.28020e-04
 MIGRAD MINIMIZATION HAS CONVERGED.
 MIGRAD WILL VERIFY CONVERGENCE AND ERROR MATRIX.
 COVARIANCE MATRIX CALCULATED SUCCESSFULLY
 FCN=60.5214 FROM MIGRAD    STATUS=CONVERGED     116 CALLS        1561 TOTAL
                     EDM=2.91739e-08    STRATEGY= 1      ERROR MATRIX ACCURATE 
  EXT PARAMETER                                   STEP         FIRST   
  NO.   NAME      VALUE            ERROR          SIZE      DERIVATIVE 
   1  N0           3.07027e+06     fixed    
   2  tau          6.44052e+01   constant   
   3  A0           3.47898e-01     fixed    
   4  phi          4.11856e+00     fixed    
   5  R           -6.12271e+01   constant   
   6  alpha_CBO    3.22960e-03     fixed    
   7  w_CBO        2.32500e+00   constant   
   8  beta_CBO    -3.13276e-04     fixed    
   9  alpha_2CBO  -1.35161e-03     fixed    
  10  beta_2CBO    3.30935e-04     fixed    
  11  alpha_y     -1.10313e-03     fixed    
  12  w_y          1.38860e+01   constant   
  13  beta_y       3.22680e-04   1.34439e-03   5.14289e-06  -1.01791e-02
  14  alpha_vw     2.38404e-03   1.34046e-03   5.12870e-06  -1.31892e-03
  15  w_vw         1.43404e+01   constant   
  16  beta_vw      0.00000e+00     fixed    
  17  LM           5.13638e-05   constant   
  18  zeta_y       0.00000e+00   constant   
  19  zeta_vw      0.00000e+00   constant   
  20  T_CBO        1.00000e+03   9.83060e+02   1.06188e-02** at limit **
  21  alpha_A0     5.29772e-03   6.64237e-03   3.44456e-03  -2.35284e-04
  22  beta_A0     -1.60469e-03   7.02023e-03   3.01807e-03   7.01251e-05
  23  alpha_phi    1.00000e-02   1.34269e-02   4.78943e-03** at limit **
  24  beta_phi     3.46666e-04   6.64870e-03   2.77594e-03   1.39996e-04
 EXTERNAL ERROR MATRIX.    NDIM=  25    NPAR=  7    ERR DEF=1
  1.807e-06  7.319e-08  4.224e-10 -1.787e-07 -8.132e-08  2.134e-16 -1.875e-07 
  7.319e-08  1.797e-06 -8.110e-11 -1.111e-07 -6.251e-08 -3.640e-17 -1.477e-07 
  4.224e-10 -8.110e-11  2.415e-05  7.719e-08 -2.932e-08 -8.896e-17 -1.700e-09 
 -1.787e-07 -1.111e-07  7.719e-08  5.823e-05 -1.927e-06  2.998e-16  2.239e-06 
 -8.132e-08 -6.251e-08 -2.932e-08 -1.927e-06  6.100e-05 -3.665e-15  4.458e-06 
  2.134e-16 -3.640e-17 -8.896e-17  2.998e-16 -3.665e-15  5.765e-18 -3.311e-15 
 -1.875e-07 -1.477e-07 -1.700e-09  2.239e-06  4.458e-06 -3.311e-15  5.291e-05 
 PARAMETER  CORRELATION COEFFICIENTS  
       NO.  GLOBAL     13     14     20     21     22     23     24
       13  0.04798   1.000  0.041  0.000 -0.017 -0.008  0.000 -0.019
       14  0.04441   0.041  1.000 -0.000 -0.011 -0.006 -0.000 -0.015
       20  0.00218   0.000 -0.000  1.000  0.002 -0.001 -0.000 -0.000
       21  0.05727  -0.017 -0.011  0.002  1.000 -0.032  0.000  0.040
       22  0.08655  -0.008 -0.006 -0.001 -0.032  1.000 -0.000  0.078
       23  0.00027   0.000 -0.000 -0.000  0.000 -0.000  1.000 -0.000
