 + ++++++++++++++++++++++++++++++++++++++++++++++++++++++++++++++++++++ +
 +                                                                      +
 +           You have chose to blind your fitting according to          +
 +                omega_ref * (1 + (R +/- deltaR) *10^{-6})             +
 +                                                                      +
 + ++++++++++++++++++++++++++++++++++++++++++++++++++++++++++++++++++++ +
In main()...
reading format from /gm2data/zkhechad/run45/envelope/formats/formatB_sBin_constraintOn.txt
pBinTau 	= 0  
pBinPhi 	= 0  
constraintau 	= 1 
includeMopTerm 	= 0    
constrainMop    = 0   
Parameters after format file: pBinTau 0 pBinPhi 0 constraintau 1 includeMopTerm 0 constrainMop 0 c_e_scale 0.000000 
Opening file /gm2data/tbarrett/gm2fr/studies/run23_bunch_corrections/CorrectedFourier_Run3b.root.
reading full fit data from /gm2data/zkhechad/cboTemplates/Run4CBOTemplates/templateFits0_v2.0/noRF/sBin_constraintOn_cE0.0_seed0_noRF_calo8.root
windowBins = 17
fitting sliding window 108 from bin 244 at 36.255600 to bin 261 at 38.941200 (17 bins)

Reading data from /gm2data/cornell/histograms/aMethod/histogram_a_noRF.root
 **********
 **    1 **SET PRINTOUT            1
 **********
 **********
 **    2 **SET NOWARNINGS 
 **********
 PARAMETER DEFINITIONS:
    NO.   NAME         VALUE      STEP SIZE      LIMITS
     1 N0           2.93665e+06  1.00000e+02     no limits
     2 tau          6.43896e+01  constant
     3 A0           3.52922e-01  1.00000e-04     no limits
     4 phi          4.11506e+00  1.00000e-02     no limits
     5 R           -6.12649e+01  constant
     6 alpha_CBO    0.00000e+00  1.00000e-03     no limits
     7 w_CBO        2.32500e+00  constant
     8 beta_CBO     0.00000e+00  1.00000e-03     no limits
     9 alpha_2CBO   0.00000e+00  1.00000e-03     no limits
    10 beta_2CBO    0.00000e+00  1.00000e-03     no limits
    11 alpha_y      0.00000e+00  1.00000e-03     no limits
    12 w_y          1.44500e+01  constant
    13 beta_y       0.00000e+00  1.00000e-03     no limits
    14 alpha_vw     0.00000e+00  1.00000e-03     no limits
    15 w_vw         1.29000e+01  constant
    16 beta_vw      0.00000e+00  1.00000e-03     no limits
    17 LM          -3.89610e-04  constant
    18 zeta_y       0.00000e+00  constant
    19 zeta_vw      0.00000e+00  constant
    20 T_CBO        1.00000e+02  1.00000e+00    0.00000e+00  1.00000e+03
    21 alpha_A0     0.00000e+00  1.00000e-03     no limits
    22 beta_A0      0.00000e+00  1.00000e-03     no limits
    23 alpha_phi    0.00000e+00  1.00000e-03     no limits
    24 beta_phi     0.00000e+00  1.00000e-03     no limits
MINUIT - FIT ONLY WIGGLE
 **********
 **    3 **FIX            5
 **********
 PARAMETER    5  IS CONSTANT.   IGNORED.
 **********
 **    4 **FIX            6
 **********
 **********
 **    5 **FIX            7
 **********
 PARAMETER    7  IS CONSTANT.   IGNORED.
 **********
 **    6 **FIX            8
 **********
 **********
 **    7 **FIX            9
 **********
 **********
 **    8 **FIX           10
 **********
 **********
 **    9 **FIX           11
 **********
 **********
 **   10 **FIX           12
 **********
 PARAMETER   12  IS CONSTANT.   IGNORED.
 **********
 **   11 **FIX           13
 **********
 **********
 **   12 **FIX           14
 **********
 **********
 **   13 **FIX           15
 **********
 PARAMETER   15  IS CONSTANT.   IGNORED.
 **********
 **   14 **FIX           16
 **********
 **********
 **   15 **MIGRAD
 **********
 FIRST CALL TO USER FUNCTION AT NEW START POINT, WITH IFLAG=4.
 START MIGRAD MINIMIZATION.  STRATEGY  1.  CONVERGENCE WHEN EDM .LT. 1.00e-04
 FCN=6091.91 FROM MIGRAD    STATUS=INITIATE      429 CALLS         430 TOTAL
                     EDM= unknown      STRATEGY= 1      NO ERROR MATRIX       
  EXT PARAMETER               CURRENT GUESS       STEP         FIRST   
  NO.   NAME      VALUE            ERROR          SIZE      DERIVATIVE 
   1  N0           2.93665e+06   1.00000e+02   0.00000e+00  -1.26936e-01
   2  tau          6.43896e+01   constant   
   3  A0           3.52922e-01   1.00000e-04   0.00000e+00  -5.24000e+05
   4  phi          4.11506e+00   1.00000e-02   0.00000e+00   3.04047e+04
   5  R           -6.12649e+01   constant   
   6  alpha_CBO    0.00000e+00     fixed    
   7  w_CBO        2.32500e+00   constant   
   8  beta_CBO     0.00000e+00     fixed    
   9  alpha_2CBO   0.00000e+00     fixed    
  10  beta_2CBO    0.00000e+00     fixed    
  11  alpha_y      0.00000e+00     fixed    
  12  w_y          1.44500e+01   constant   
  13  beta_y       0.00000e+00     fixed    
  14  alpha_vw     0.00000e+00     fixed    
  15  w_vw         1.29000e+01   constant   
  16  beta_vw      0.00000e+00     fixed    
  17  LM          -3.89610e-04   constant   
  18  zeta_y       0.00000e+00   constant   
  19  zeta_vw      0.00000e+00   constant   
  20  T_CBO        1.00000e+02   1.00000e+00   0.00000e+00   0.00000e+00
  21  alpha_A0     0.00000e+00   1.00000e-03   0.00000e+00   5.10672e+04
  22  beta_A0      0.00000e+00   1.00000e-03   0.00000e+00  -3.65356e+03
  23  alpha_phi    0.00000e+00   1.00000e-03   0.00000e+00  -7.86083e+04
  24  beta_phi     0.00000e+00   1.00000e-03   0.00000e+00   6.09918e+04
 CALL LIMIT EXCEEDED IN MIGRAD.
 MIGRAD TERMINATED WITHOUT CONVERGENCE.
 FCN=830.823 FROM MIGRAD    STATUS=CALL LIMIT   1334 CALLS        1335 TOTAL
                     EDM=2.82642    STRATEGY= 1  ERROR MATRIX UNCERTAINTY  10.4 per cent
  EXT PARAMETER                APPROXIMATE        STEP         FIRST   
  NO.   NAME      VALUE            ERROR          SIZE      DERIVATIVE 
   1  N0           2.87650e+06   4.44718e+03  -1.17982e+03   4.06748e-04
   2  tau          6.43896e+01   constant   
   3  A0           3.73374e-01   1.56404e-03  -1.82393e-04   6.66720e+02
   4  phi          4.18798e+00   6.25632e-03   1.10368e-03   9.51076e+02
   5  R           -6.12649e+01   constant   
   6  alpha_CBO    0.00000e+00     fixed    
   7  w_CBO        2.32500e+00   constant   
   8  beta_CBO     0.00000e+00     fixed    
   9  alpha_2CBO   0.00000e+00     fixed    
  10  beta_2CBO    0.00000e+00     fixed    
  11  alpha_y      0.00000e+00     fixed    
  12  w_y          1.44500e+01   constant   
  13  beta_y       0.00000e+00     fixed    
  14  alpha_vw     0.00000e+00     fixed    
  15  w_vw         1.29000e+01   constant   
  16  beta_vw      0.00000e+00     fixed    
  17  LM          -3.89610e-04   constant   
  18  zeta_y       0.00000e+00   constant   
  19  zeta_vw      0.00000e+00   constant   
  20  T_CBO        9.98431e+02   7.42396e+00   4.66559e-02  -1.60201e-01
  21  alpha_A0     1.08083e-01   7.80270e-03   1.07674e-03   2.83302e+02
  22  beta_A0      4.65010e-02   8.82064e-03   2.58532e-03  -5.03077e+02
  23  alpha_phi    6.39692e-02   9.23886e-03   2.97800e-03   6.93890e+02
  24  beta_phi    -1.35954e-01   7.98013e-03  -1.35359e-03   1.15344e+03
 EXTERNAL ERROR MATRIX.    NDIM=  25    NPAR=  8    ERR DEF=1
  1.978e+07  3.835e+00 -4.863e+00 -1.754e+04 -8.621e+00 -3.784e+01 -3.957e+01  5.638e+00 
  3.835e+00  2.446e-06  5.962e-06  2.485e-03  7.265e-06 -1.020e-05 -1.062e-05 -7.709e-06 
 -4.863e+00  5.962e-06  3.914e-05  3.746e-02  4.823e-05 -1.108e-06  2.246e-07 -4.976e-05 
 -1.754e+04  2.485e-03  3.746e-02  4.679e+01  4.802e-02  2.517e-02  2.715e-02 -4.672e-02 
 -8.621e+00  7.265e-06  4.823e-05  4.802e-02  6.088e-05  2.571e-06  4.180e-06 -6.129e-05 
 -3.784e+01 -1.020e-05 -1.108e-06  2.517e-02  2.571e-06  7.780e-05  8.095e-05  2.645e-06 
 -3.957e+01 -1.062e-05  2.246e-07  2.715e-02  4.180e-06  8.095e-05  8.536e-05  7.581e-07 
  5.638e+00 -7.709e-06 -4.976e-05 -4.672e-02 -6.129e-05  2.645e-06  7.581e-07  6.368e-05 
ERR MATRIX APPROXIMATE
 PARAMETER  CORRELATION COEFFICIENTS  
       NO.  GLOBAL      1      3      4     20     21     22     23     24
        1  0.99792   1.000  0.551 -0.175 -0.577 -0.248 -0.965 -0.963  0.159
        3  0.99338   0.551  1.000  0.609  0.232  0.595 -0.740 -0.735 -0.618
        4  0.99855  -0.175  0.609  1.000  0.875  0.988 -0.020  0.004 -0.997
       20  0.98836  -0.577  0.232  0.875  1.000  0.900  0.417  0.430 -0.856
       21  0.99751  -0.248  0.595  0.988  0.900  1.000  0.037  0.058 -0.984
       22  0.99793  -0.965 -0.740 -0.020  0.417  0.037  1.000  0.993  0.038
       23  0.99728  -0.963 -0.735  0.004  0.430  0.058  0.993  1.000  0.010
       24  0.99814   0.159 -0.618 -0.997 -0.856 -0.984  0.038  0.010  1.000
 ERR MATRIX APPROXIMATE
MINUIT - FIT ONLY 1-CBO + wiggle
 **********
 **   16 **RES 
 **********
                   PARAMETER   16  beta_vw RESTORED TO VARIABLE.
                   PARAMETER   14  alpha_vw RESTORED TO VARIABLE.
                   PARAMETER   13  beta_y RESTORED TO VARIABLE.
                   PARAMETER   11  alpha_y RESTORED TO VARIABLE.
                   PARAMETER   10  beta_2CBO RESTORED TO VARIABLE.
                   PARAMETER    9  alpha_2CBO RESTORED TO VARIABLE.
                   PARAMETER    8  beta_CBO RESTORED TO VARIABLE.
                   PARAMETER    6  alpha_CBO RESTORED TO VARIABLE.
 **********
 **   17 **FIX            8
 **********
 **********
 **   18 **FIX            9
 **********
 **********
 **   19 **FIX           11
 **********
 **********
 **   20 **FIX           12
 **********
 PARAMETER   12  IS CONSTANT.   IGNORED.
 **********
 **   21 **FIX           14
 **********
 **********
 **   22 **FIX           15
 **********
 PARAMETER   15  IS CONSTANT.   IGNORED.
 **********
 **   23 **FIX           16
 **********
 **********
 **   24 **MIGRAD
 **********
 START MIGRAD MINIMIZATION.  STRATEGY  1.  CONVERGENCE WHEN EDM .LT. 1.00e-04
 FCN=830.823 FROM MIGRAD    STATUS=INITIATE       28 CALLS        1363 TOTAL
                     EDM= unknown      STRATEGY= 1      NO ERROR MATRIX       
  EXT PARAMETER               CURRENT GUESS       STEP         FIRST   
  NO.   NAME      VALUE            ERROR          SIZE      DERIVATIVE 
   1  N0           2.87650e+06   4.44718e+03  -1.17982e+03   4.06748e-04
   2  tau          6.43896e+01   constant   
   3  A0           3.73374e-01   1.56404e-03  -1.82393e-04   6.66720e+02
   4  phi          4.18798e+00   6.25632e-03   1.10368e-03   9.51076e+02
   5  R           -6.12649e+01   constant   
   6  alpha_CBO    0.00000e+00   1.00000e-03   1.00000e-03   4.67720e+03
   7  w_CBO        2.32500e+00   constant   
   8  beta_CBO     0.00000e+00     fixed    
   9  alpha_2CBO   0.00000e+00     fixed    
  10  beta_2CBO    0.00000e+00   1.00000e-03   1.00000e-03  -6.62651e+03
  11  alpha_y      0.00000e+00     fixed    
  12  w_y          1.44500e+01   constant   
  13  beta_y       0.00000e+00   1.00000e-03   1.00000e-03   3.53037e+05
  14  alpha_vw     0.00000e+00     fixed    
  15  w_vw         1.29000e+01   constant   
  16  beta_vw      0.00000e+00     fixed    
  17  LM          -3.89610e-04   constant   
  18  zeta_y       0.00000e+00   constant   
  19  zeta_vw      0.00000e+00   constant   
  20  T_CBO        9.98431e+02   7.42396e+00   4.66559e-02  -1.60201e-01
  21  alpha_A0     1.08083e-01   7.80270e-03   1.07674e-03   2.83302e+02
  22  beta_A0      4.65010e-02   8.82064e-03   2.58532e-03  -5.03077e+02
  23  alpha_phi    6.39692e-02   9.23886e-03   2.97800e-03   6.93890e+02
  24  beta_phi    -1.35954e-01   7.98013e-03  -1.35359e-03   1.15344e+03
 CALL LIMIT EXCEEDED IN MIGRAD.
 MIGRAD TERMINATED WITHOUT CONVERGENCE.
 FCN=38.2296 FROM MIGRAD    STATUS=CALL LIMIT   1926 CALLS        3261 TOTAL
                     EDM=0.172745    STRATEGY= 1  ERROR MATRIX UNCERTAINTY   8.0 per cent
  EXT PARAMETER                APPROXIMATE        STEP         FIRST   
  NO.   NAME      VALUE            ERROR          SIZE      DERIVATIVE 
   1  N0           2.89874e+06   5.24005e+03   7.64160e+01   2.46627e-04
   2  tau          6.43896e+01   constant   
   3  A0           3.61745e-01   4.83861e-03  -3.68893e-04   2.07962e+02
   4  phi          4.09035e+00   8.13488e-03  -4.17001e-04  -2.09047e+02
   5  R           -6.12649e+01   constant   
   6  alpha_CBO   -3.25319e-03   2.90548e-03   2.24060e-04   5.49203e+02
   7  w_CBO        2.32500e+00   constant   
   8  beta_CBO     0.00000e+00     fixed    
   9  alpha_2CBO   0.00000e+00     fixed    
  10  beta_2CBO    3.92594e-03   6.04137e-04  -1.14507e-05  -1.42809e+02
  11  alpha_y      0.00000e+00     fixed    
  12  w_y          1.44500e+01   constant   
  13  beta_y      -4.31791e-03   1.54603e-04   1.80953e-06   1.43845e+02
  14  alpha_vw     0.00000e+00     fixed    
  15  w_vw         1.29000e+01   constant   
  16  beta_vw      0.00000e+00     fixed    
  17  LM          -3.89610e-04   constant   
  18  zeta_y       0.00000e+00   constant   
  19  zeta_vw      0.00000e+00   constant   
  20  T_CBO        9.18499e+01   1.08383e+01  -2.22374e-03  -1.63661e+01
  21  alpha_A0    -6.20225e-02   1.63949e-02  -4.92050e-04   1.16751e+02
  22  beta_A0      5.64779e-02   9.82185e-03   1.03039e-03  -1.07550e+02
  23  alpha_phi    1.29738e-01   1.02261e-02   2.19531e-04   1.96410e+02
  24  beta_phi    -1.07765e-02   1.31041e-02   7.14698e-04  -9.12157e+01
 EXTERNAL ERROR MATRIX.    NDIM=  25    NPAR= 11    ERR DEF=1
  2.746e+07 
 -2.031e+01  2.341e-05 
 -2.610e+01  3.567e-05  6.618e-05 
  1.390e+01 -1.282e-05 -1.805e-05  8.442e-06 
 -2.687e-01 -7.412e-07 -1.470e-06 -2.118e-07  3.650e-07 
  6.736e-02 -7.197e-08 -1.180e-07  3.638e-08  4.462e-10  2.390e-08 
  4.616e+04 -1.898e-02 -1.965e-02  1.994e-02 -2.890e-03  8.550e-05  1.175e+02 
 -4.763e+01  6.864e-05  1.272e-04 -3.033e-05 -5.374e-06 -2.391e-07 -2.401e-02  2.688e-04 
  2.339e+01 -4.227e-05 -7.471e-05  1.974e-05  2.270e-06  1.318e-07 -2.444e-03 -1.448e-04  9.647e-05 
 -7.257e+00 -1.934e-05 -5.036e-05  1.736e-07  4.834e-06  8.403e-08 -5.584e-02 -1.238e-04  6.904e-05  1.046e-04 
  4.085e+01 -5.564e-05 -1.060e-04  2.836e-05  2.014e-06  1.989e-07  3.390e-02 -2.022e-04  1.180e-04  8.043e-05  1.717e-04 
ERR MATRIX APPROXIMATE
 PARAMETER  CORRELATION COEFFICIENTS  
       NO.  GLOBAL      1      3      4      6     10     13     20     21     22     23     24
        1  0.99965   1.000 -0.801 -0.612  0.913 -0.085  0.083  0.813 -0.554  0.454 -0.135  0.595
        3  0.99980  -0.801  1.000  0.906 -0.912 -0.254 -0.096 -0.362  0.865 -0.889 -0.391 -0.878
        4  0.99957  -0.612  0.906  1.000 -0.764 -0.299 -0.094 -0.223  0.954 -0.935 -0.605 -0.994
        6  0.99946   0.913 -0.912 -0.764  1.000 -0.121  0.081  0.633 -0.637  0.692  0.006  0.745
       10  0.98489  -0.085 -0.254 -0.299 -0.121  1.000  0.005 -0.441 -0.543  0.383  0.782  0.254
       13  0.17868   0.083 -0.096 -0.094  0.081  0.005  1.000  0.051 -0.094  0.087  0.053  0.098
       20  0.99263   0.813 -0.362 -0.223  0.633 -0.441  0.051  1.000 -0.135 -0.023 -0.504  0.239
       21  0.99956  -0.554  0.865  0.954 -0.637 -0.543 -0.094 -0.135  1.000 -0.899 -0.738 -0.941
       22  0.99911   0.454 -0.889 -0.935  0.692  0.383  0.087 -0.023 -0.899  1.000  0.687  0.917
       23  0.99938  -0.135 -0.391 -0.605  0.006  0.782  0.053 -0.504 -0.738  0.687  1.000  0.600
       24  0.99945   0.595 -0.878 -0.994  0.745  0.254  0.098  0.239 -0.941  0.917  0.600  1.000
 ERR MATRIX APPROXIMATE
MINUIT - FIT ONLY 2-CBO
 **********
 **   25 **RES 
 **********
                   PARAMETER   16  beta_vw RESTORED TO VARIABLE.
                   PARAMETER   14  alpha_vw RESTORED TO VARIABLE.
                   PARAMETER   11  alpha_y RESTORED TO VARIABLE.
                   PARAMETER    9  alpha_2CBO RESTORED TO VARIABLE.
                   PARAMETER    8  beta_CBO RESTORED TO VARIABLE.
 **********
 **   26 **FIX            0
 **********
 PARAMETER    0  IS UNDEFINED. IGNORED.
 **********
 **   27 **FIX            1
 **********
 **********
 **   28 **FIX            2
 **********
 PARAMETER    2  IS CONSTANT.   IGNORED.
 **********
 **   29 **FIX            3
 **********
 **********
 **   30 **FIX            4
 **********
 **********
 **   31 **FIX            5
 **********
 PARAMETER    5  IS CONSTANT.   IGNORED.
 **********
 **   32 **FIX            6
 **********
 **********
 **   33 **FIX            7
 **********
 PARAMETER    7  IS CONSTANT.   IGNORED.
 **********
 **   34 **FIX           10
 **********
 **********
 **   35 **FIX           11
 **********
 **********
 **   36 **FIX           12
 **********
 PARAMETER   12  IS CONSTANT.   IGNORED.
 **********
 **   37 **FIX           13
 **********
 **********
 **   38 **FIX           14
 **********
 **********
 **   39 **FIX           15
 **********
 PARAMETER   15  IS CONSTANT.   IGNORED.
 **********
 **   40 **FIX           16
 **********
 **********
 **   41 **MIGRAD
 **********
 START MIGRAD MINIMIZATION.  STRATEGY  1.  CONVERGENCE WHEN EDM .LT. 1.00e-04
 FCN=38.2296 FROM MIGRAD    STATUS=INITIATE       18 CALLS        3279 TOTAL
                     EDM= unknown      STRATEGY= 1      NO ERROR MATRIX       
  EXT PARAMETER               CURRENT GUESS       STEP         FIRST   
  NO.   NAME      VALUE            ERROR          SIZE      DERIVATIVE 
   1  N0           2.89874e+06     fixed    
   2  tau          6.43896e+01   constant   
   3  A0           3.61745e-01     fixed    
   4  phi          4.09035e+00     fixed    
   5  R           -6.12649e+01   constant   
   6  alpha_CBO   -3.25319e-03     fixed    
   7  w_CBO        2.32500e+00   constant   
   8  beta_CBO     0.00000e+00   1.00000e-03   1.00000e-03   9.16203e+01
   9  alpha_2CBO   0.00000e+00   1.00000e-03   1.00000e-03   6.67823e+02
  10  beta_2CBO    3.92594e-03     fixed    
  11  alpha_y      0.00000e+00     fixed    
  12  w_y          1.44500e+01   constant   
  13  beta_y      -4.31791e-03     fixed    
  14  alpha_vw     0.00000e+00     fixed    
  15  w_vw         1.29000e+01   constant   
  16  beta_vw      0.00000e+00     fixed    
  17  LM          -3.89610e-04   constant   
  18  zeta_y       0.00000e+00   constant   
  19  zeta_vw      0.00000e+00   constant   
  20  T_CBO        9.18499e+01   1.08383e+01  -2.22374e-03   1.63661e+01
  21  alpha_A0    -6.20225e-02   1.63949e-02  -4.92050e-04   1.16751e+02
  22  beta_A0      5.64779e-02   9.82185e-03   1.03039e-03  -1.07550e+02
  23  alpha_phi    1.29738e-01   1.02261e-02   2.19531e-04   1.96410e+02
  24  beta_phi    -1.07765e-02   1.31041e-02   7.14698e-04  -9.12157e+01
 MIGRAD MINIMIZATION HAS CONVERGED.
 MIGRAD WILL VERIFY CONVERGENCE AND ERROR MATRIX.
 FCN=38.1855 FROM HESSE     STATUS=NOT POSDEF     50 CALLS        3442 TOTAL
                     EDM=0.000300162    STRATEGY= 1      ERR MATRIX NOT POS-DEF
  EXT PARAMETER                APPROXIMATE        STEP         FIRST   
  NO.   NAME      VALUE            ERROR          SIZE      DERIVATIVE 
   1  N0           2.89874e+06     fixed    
   2  tau          6.43896e+01   constant   
   3  A0           3.61745e-01     fixed    
   4  phi          4.09035e+00     fixed    
   5  R           -6.12649e+01   constant   
   6  alpha_CBO   -3.25319e-03     fixed    
   7  w_CBO        2.32500e+00   constant   
   8  beta_CBO    -5.06299e-05   4.46700e-04   4.55183e-07  -1.03011e+00
   9  alpha_2CBO   2.18181e-05   3.36450e-04   4.47877e-07  -5.77308e-01
  10  beta_2CBO    3.92594e-03     fixed    
  11  alpha_y      0.00000e+00     fixed    
  12  w_y          1.44500e+01   constant   
  13  beta_y      -4.31791e-03     fixed    
  14  alpha_vw     0.00000e+00     fixed    
  15  w_vw         1.29000e+01   constant   
  16  beta_vw      0.00000e+00     fixed    
  17  LM          -3.89610e-04   constant   
  18  zeta_y       0.00000e+00   constant   
  19  zeta_vw      0.00000e+00   constant   
  20  T_CBO        9.19026e+01   2.50077e+01   1.84107e-05  -1.56248e-01
  21  alpha_A0    -6.21672e-02   7.06052e-03   3.08859e-06  -6.58295e-01
  22  beta_A0      5.66227e-02   6.71242e-03   2.95713e-06   4.48484e-01
  23  alpha_phi    1.29594e-01   1.44789e-02   3.33517e-06   9.42485e-01
  24  beta_phi    -1.03317e-02   3.85866e-03   3.70499e-06  -7.63422e-02
 CALL LIMIT EXCEEDED IN MIGRAD.
 MIGRAD TERMINATED WITHOUT CONVERGENCE.
 FCN=38.1111 FROM MIGRAD    STATUS=CALL LIMIT   1156 CALLS        4417 TOTAL
                     EDM=0.00146401    STRATEGY= 1      ERR MATRIX NOT POS-DEF
  EXT PARAMETER                APPROXIMATE        STEP         FIRST   
  NO.   NAME      VALUE            ERROR          SIZE      DERIVATIVE 
   1  N0           2.89874e+06     fixed    
   2  tau          6.43896e+01   constant   
   3  A0           3.61745e-01     fixed    
   4  phi          4.09035e+00     fixed    
   5  R           -6.12649e+01   constant   
   6  alpha_CBO   -3.25319e-03     fixed    
   7  w_CBO        2.32500e+00   constant   
   8  beta_CBO    -8.45274e-05   3.94696e-04  -4.43704e-07  -9.58150e+01
   9  alpha_2CBO  -2.41636e-05   3.31029e-04   1.88693e-06   1.08681e+02
  10  beta_2CBO    3.92594e-03     fixed    
  11  alpha_y      0.00000e+00     fixed    
  12  w_y          1.44500e+01   constant   
  13  beta_y      -4.31791e-03     fixed    
  14  alpha_vw     0.00000e+00     fixed    
  15  w_vw         1.29000e+01   constant   
  16  beta_vw      0.00000e+00     fixed    
  17  LM          -3.89610e-04   constant   
  18  zeta_y       0.00000e+00   constant   
  19  zeta_vw      0.00000e+00   constant   
  20  T_CBO        2.24665e+02   1.72537e+02   1.20397e-03   1.45287e-01
  21  alpha_A0    -4.87613e-02   6.54151e-03   3.33608e-06   1.75247e+01
  22  beta_A0      4.41590e-02   5.94818e-03  -1.60445e-06  -2.47158e+00
  23  alpha_phi    1.01819e-01   1.37522e-02  -2.18254e-05   1.56940e+01
  24  beta_phi    -8.13409e-03   2.84977e-03   5.34205e-06  -1.75096e+01
 EXTERNAL ERROR MATRIX.    NDIM=  25    NPAR=  7    ERR DEF=1
  1.558e-07  3.650e-08  1.747e-03  1.057e-07  9.500e-08 -3.845e-07 -1.015e-06 
  3.650e-08  1.096e-07  1.150e-02  1.856e-07  1.993e-08 -1.207e-06 -1.837e-07 
  1.747e-03  1.150e-02  3.164e+04  1.145e+00 -1.026e+00 -2.433e+00  1.339e-01 
  1.057e-07  1.856e-07  1.145e+00  4.279e-05 -3.806e-05 -8.774e-05  4.546e-06 
  9.500e-08  1.993e-08 -1.026e+00 -3.806e-05  3.538e-05  7.769e-05 -5.337e-06 
 -3.845e-07 -1.207e-06 -2.433e+00 -8.774e-05  7.769e-05  1.891e-04 -8.580e-06 
 -1.015e-06 -1.837e-07  1.339e-01  4.546e-06 -5.337e-06 -8.580e-06  8.121e-06 
ERR MATRIX NOT POS-DEF
 PARAMETER  CORRELATION COEFFICIENTS  
       NO.  GLOBAL      8      9     20     21     22     23     24
        8  0.94397   1.000  0.279  0.025  0.041  0.040 -0.071 -0.902
        9  0.90923   0.279  1.000  0.195  0.086  0.010 -0.265 -0.195
       20  0.99829   0.025  0.195  1.000  0.984 -0.970 -0.995  0.264
       21  0.99238   0.041  0.086  0.984  1.000 -0.978 -0.975  0.244
       22  0.99135   0.040  0.010 -0.970 -0.978  1.000  0.950 -0.315
       23  0.99803  -0.071 -0.265 -0.995 -0.975  0.950  1.000 -0.219
       24  0.94723  -0.902 -0.195  0.264  0.244 -0.315 -0.219  1.000
 ERR MATRIX NOT POS-DEF
MINUIT - FIT wiggle + 1-CBO + 2-CBO
 **********
 **   42 **RES 
 **********
                   PARAMETER   16  beta_vw RESTORED TO VARIABLE.
                   PARAMETER   14  alpha_vw RESTORED TO VARIABLE.
                   PARAMETER   13  beta_y RESTORED TO VARIABLE.
                   PARAMETER   11  alpha_y RESTORED TO VARIABLE.
                   PARAMETER   10  beta_2CBO RESTORED TO VARIABLE.
                   PARAMETER    6  alpha_CBO RESTORED TO VARIABLE.
                   PARAMETER    4  phi RESTORED TO VARIABLE.
                   PARAMETER    3  A0 RESTORED TO VARIABLE.
                   PARAMETER    1  N0 RESTORED TO VARIABLE.
 **********
 **   43 **FIX           10
 **********
 **********
 **   44 **FIX           11
 **********
 **********
 **   45 **FIX           12
 **********
 PARAMETER   12  IS CONSTANT.   IGNORED.
 **********
 **   46 **FIX           13
 **********
 **********
 **   47 **FIX           14
 **********
 **********
 **   48 **FIX           15
 **********
 PARAMETER   15  IS CONSTANT.   IGNORED.
 **********
 **   49 **FIX           16
 **********
 **********
 **   50 **MIGRAD
 **********
 START MIGRAD MINIMIZATION.  STRATEGY  1.  CONVERGENCE WHEN EDM .LT. 1.00e-04
 FCN=38.1111 FROM MIGRAD    STATUS=INITIATE       22 CALLS        4439 TOTAL
                     EDM= unknown      STRATEGY= 1      NO ERROR MATRIX       
  EXT PARAMETER               CURRENT GUESS       STEP         FIRST   
  NO.   NAME      VALUE            ERROR          SIZE      DERIVATIVE 
   1  N0           2.89874e+06   5.24005e+03   5.24005e+03  -3.72129e-05
   2  tau          6.43896e+01   constant   
   3  A0           3.61745e-01   4.83861e-03   4.83861e-03   3.47400e+02
   4  phi          4.09035e+00   8.13488e-03   8.13488e-03  -8.19130e+00
   5  R           -6.12649e+01   constant   
   6  alpha_CBO   -3.25319e-03   2.90548e-03   2.90548e-03   5.87715e+02
   7  w_CBO        2.32500e+00   constant   
   8  beta_CBO    -8.45274e-05   3.94696e-04  -4.43704e-07  -9.58150e+01
   9  alpha_2CBO  -2.41636e-05   3.31029e-04   1.88693e-06   1.08681e+02
  10  beta_2CBO    3.92594e-03     fixed    
  11  alpha_y      0.00000e+00     fixed    
  12  w_y          1.44500e+01   constant   
  13  beta_y      -4.31791e-03     fixed    
  14  alpha_vw     0.00000e+00     fixed    
  15  w_vw         1.29000e+01   constant   
  16  beta_vw      0.00000e+00     fixed    
  17  LM          -3.89610e-04   constant   
  18  zeta_y       0.00000e+00   constant   
  19  zeta_vw      0.00000e+00   constant   
  20  T_CBO        2.24665e+02   1.72537e+02   1.20397e-03   1.45287e-01
  21  alpha_A0    -4.87613e-02   6.54151e-03   3.33608e-06   1.75247e+01
  22  beta_A0      4.41590e-02   5.94818e-03  -1.60445e-06  -2.47158e+00
  23  alpha_phi    1.01819e-01   1.37522e-02  -2.18254e-05   1.56940e+01
  24  beta_phi    -8.13409e-03   2.84977e-03   5.34205e-06  -1.75096e+01
 CALL LIMIT EXCEEDED IN MIGRAD.
 MIGRAD TERMINATED WITHOUT CONVERGENCE.
 FCN=25.9745 FROM MIGRAD    STATUS=CALL LIMIT   1911 CALLS        6328 TOTAL
                     EDM=0.0021984    STRATEGY= 1  ERROR MATRIX UNCERTAINTY  11.2 per cent
  EXT PARAMETER                APPROXIMATE        STEP         FIRST   
  NO.   NAME      VALUE            ERROR          SIZE      DERIVATIVE 
   1  N0           3.02156e+06   9.44638e+03  -2.55339e+02   2.45518e-04
   2  tau          6.43896e+01   constant   
   3  A0           2.78492e-01   5.63015e-03   1.43399e-04   2.27649e+02
   4  phi          4.10875e+00   5.16932e-02  -1.45000e-03  -4.89666e+01
   5  R           -6.12649e+01   constant   
   6  alpha_CBO    2.53372e-02   5.84544e-03   1.52304e-04  -3.66913e+01
   7  w_CBO        2.32500e+00   constant   
   8  beta_CBO    -4.47084e-02   1.18500e-02   3.85187e-04  -2.05012e+02
   9  alpha_2CBO  -1.18206e-02   4.33569e-03   1.44911e-04  -1.29987e+02
  10  beta_2CBO    3.92594e-03     fixed    
  11  alpha_y      0.00000e+00     fixed    
  12  w_y          1.44500e+01   constant   
  13  beta_y      -4.31791e-03     fixed    
  14  alpha_vw     0.00000e+00     fixed    
  15  w_vw         1.29000e+01   constant   
  16  beta_vw      0.00000e+00     fixed    
  17  LM          -3.89610e-04   constant   
  18  zeta_y       0.00000e+00   constant   
  19  zeta_vw      0.00000e+00   constant   
  20  T_CBO        9.88587e+02   7.16206e+01  -1.89634e-02   3.28664e-02
  21  alpha_A0    -1.60903e-01   1.48168e-02  -1.91529e-04   3.14391e+01
  22  beta_A0      3.78701e-04   3.63186e-02   1.12009e-03   6.98491e+01
  23  alpha_phi    1.50565e-01   3.45113e-02  -1.15894e-03   4.86554e+01
  24  beta_phi     2.68556e-01   2.99128e-02  -1.17363e-03  -3.97316e+01
 EXTERNAL ERROR MATRIX.    NDIM=  25    NPAR= 11    ERR DEF=1
  8.923e+07 
 -5.269e+01  3.170e-05 
  3.731e+02 -1.959e-04  2.672e-03 
 -2.472e+01  1.083e-05 -2.750e-04  3.417e-05 
 -9.106e+01  4.886e-05 -6.062e-04  6.118e-05  1.404e-04 
 -3.140e+01  1.673e-05 -2.164e-04  2.276e-05  5.071e-05  1.880e-05 
  4.409e+05 -2.377e-01  2.895e+00 -2.975e-01 -6.822e-01 -2.513e-01  3.392e+03 
  6.098e+01 -2.704e-05  6.633e-04 -7.520e-05 -1.383e-04 -4.753e-05  6.126e-01  2.195e-04 
 -2.631e+02  1.388e-04 -1.864e-03  1.944e-04  4.288e-04  1.558e-04 -2.084e+00 -4.395e-04  1.319e-03 
  2.296e+02 -1.199e-04  1.694e-03 -1.864e-04 -3.971e-04 -1.486e-04  1.985e+00  3.722e-04 -1.227e-03  1.191e-03 
  2.446e+02 -1.387e-04  1.298e-03 -1.212e-04 -3.221e-04 -1.204e-04  1.649e+00  2.053e-04 -9.622e-04  9.432e-04  8.948e-04 
ERR MATRIX APPROXIMATE
 PARAMETER  CORRELATION COEFFICIENTS  
       NO.  GLOBAL      1      3      4      6      8      9     20     21     22     23     24
        1  0.99974   1.000 -0.991  0.764 -0.448 -0.813 -0.767  0.801  0.436 -0.767  0.704  0.865
        3  0.99975  -0.991  1.000 -0.673  0.329  0.732  0.685 -0.725 -0.324  0.679 -0.617 -0.824
        4  0.99994   0.764 -0.673  1.000 -0.910 -0.990 -0.966  0.962  0.866 -0.993  0.950  0.839
        6  0.99976  -0.448  0.329 -0.910  1.000  0.883  0.898 -0.874 -0.868  0.916 -0.924 -0.693
        8  0.99993  -0.813  0.732 -0.990  0.883  1.000  0.987 -0.988 -0.788  0.996 -0.971 -0.909
        9  0.99949  -0.767  0.685 -0.966  0.898  0.987  1.000 -0.995 -0.740  0.989 -0.993 -0.928
       20  0.99929   0.801 -0.725  0.962 -0.874 -0.988 -0.995  1.000  0.710 -0.985  0.988  0.947
       21  0.99828   0.436 -0.324  0.866 -0.868 -0.788 -0.740  0.710  1.000 -0.817  0.728  0.463
       22  0.99987  -0.767  0.679 -0.993  0.916  0.996  0.989 -0.985 -0.817  1.000 -0.979 -0.886
       23  0.99979   0.704 -0.617  0.950 -0.924 -0.971 -0.993  0.988  0.728 -0.979  1.000  0.914
       24  0.99955   0.865 -0.824  0.839 -0.693 -0.909 -0.928  0.947  0.463 -0.886  0.914  1.000
 ERR MATRIX APPROXIMATE
MINUIT - FIT ONLY 1-y
 **********
 **   51 **RES 
 **********
                   PARAMETER   16  beta_vw RESTORED TO VARIABLE.
                   PARAMETER   14  alpha_vw RESTORED TO VARIABLE.
                   PARAMETER   13  beta_y RESTORED TO VARIABLE.
                   PARAMETER   11  alpha_y RESTORED TO VARIABLE.
                   PARAMETER   10  beta_2CBO RESTORED TO VARIABLE.
 **********
 **   52 **FIX            0
 **********
 PARAMETER    0  IS UNDEFINED. IGNORED.
 **********
 **   53 **FIX            1
 **********
 **********
 **   54 **FIX            2
 **********
 PARAMETER    2  IS CONSTANT.   IGNORED.
 **********
 **   55 **FIX            3
 **********
 **********
 **   56 **FIX            4
 **********
 **********
 **   57 **FIX            5
 **********
 PARAMETER    5  IS CONSTANT.   IGNORED.
 **********
 **   58 **FIX            6
 **********
 **********
 **   59 **FIX            7
 **********
 PARAMETER    7  IS CONSTANT.   IGNORED.
 **********
 **   60 **FIX            8
 **********
 **********
 **   61 **FIX            9
 **********
 **********
 **   62 **FIX           13
 **********
 **********
 **   63 **FIX           14
 **********
 **********
 **   64 **FIX           15
 **********
 PARAMETER   15  IS CONSTANT.   IGNORED.
 **********
 **   65 **FIX           16
 **********
 **********
 **   66 **MIGRAD
 **********
 START MIGRAD MINIMIZATION.  STRATEGY  1.  CONVERGENCE WHEN EDM .LT. 1.00e-04
 FCN=25.9745 FROM MIGRAD    STATUS=INITIATE       16 CALLS        6344 TOTAL
                     EDM= unknown      STRATEGY= 1      NO ERROR MATRIX       
  EXT PARAMETER               CURRENT GUESS       STEP         FIRST   
  NO.   NAME      VALUE            ERROR          SIZE      DERIVATIVE 
   1  N0           3.02156e+06     fixed    
   2  tau          6.43896e+01   constant   
   3  A0           2.78492e-01     fixed    
   4  phi          4.10875e+00     fixed    
   5  R           -6.12649e+01   constant   
   6  alpha_CBO    2.53372e-02     fixed    
   7  w_CBO        2.32500e+00   constant   
   8  beta_CBO    -4.47084e-02     fixed    
   9  alpha_2CBO  -1.18206e-02     fixed    
  10  beta_2CBO    3.92594e-03   6.04137e-04   6.04137e-04   1.36931e+02
  11  alpha_y      0.00000e+00   1.00000e-03   1.00000e-03  -2.47576e+04
  12  w_y          1.44500e+01   constant   
  13  beta_y      -4.31791e-03     fixed    
  14  alpha_vw     0.00000e+00     fixed    
  15  w_vw         1.29000e+01   constant   
  16  beta_vw      0.00000e+00     fixed    
  17  LM          -3.89610e-04   constant   
  18  zeta_y       0.00000e+00   constant   
  19  zeta_vw      0.00000e+00   constant   
  20  T_CBO        9.88587e+02   7.16206e+01  -1.89634e-02  -3.28731e-02
  21  alpha_A0    -1.60903e-01   1.48168e-02  -1.91529e-04   3.14391e+01
  22  beta_A0      3.78701e-04   3.63186e-02   1.12009e-03   6.98491e+01
  23  alpha_phi    1.50565e-01   3.45113e-02  -1.15894e-03   4.86554e+01
  24  beta_phi     2.68556e-01   2.99128e-02  -1.17363e-03  -3.97316e+01
 MIGRAD MINIMIZATION HAS CONVERGED.
 MIGRAD WILL VERIFY CONVERGENCE AND ERROR MATRIX.
 COVARIANCE MATRIX CALCULATED SUCCESSFULLY
 FCN=22.5528 FROM MIGRAD    STATUS=CONVERGED     166 CALLS        6494 TOTAL
                     EDM=7.07452e-06    STRATEGY= 1      ERROR MATRIX ACCURATE 
  EXT PARAMETER                                   STEP         FIRST   
  NO.   NAME      VALUE            ERROR          SIZE      DERIVATIVE 
   1  N0           3.02156e+06     fixed    
   2  tau          6.43896e+01   constant   
   3  A0           2.78492e-01     fixed    
   4  phi          4.10875e+00     fixed    
   5  R           -6.12649e+01   constant   
   6  alpha_CBO    2.53372e-02     fixed    
   7  w_CBO        2.32500e+00   constant   
   8  beta_CBO    -4.47084e-02     fixed    
   9  alpha_2CBO  -1.18206e-02     fixed    
  10  beta_2CBO    3.92246e-03   2.54609e-04   3.68522e-07  -7.49708e+00
  11  alpha_y      2.76274e-04   1.49393e-04   3.49436e-07   1.16094e-01
  12  w_y          1.44500e+01   constant   
  13  beta_y      -4.31791e-03     fixed    
  14  alpha_vw     0.00000e+00     fixed    
  15  w_vw         1.29000e+01   constant   
  16  beta_vw      0.00000e+00     fixed    
  17  LM          -3.89610e-04   constant   
  18  zeta_y       0.00000e+00   constant   
  19  zeta_vw      0.00000e+00   constant   
  20  T_CBO        9.79830e+02   9.89493e+02   1.64408e-03   1.71091e-04
  21  alpha_A0    -1.60713e-01   8.10046e-03   2.25538e-06   1.11615e+00
  22  beta_A0      2.06707e-04   8.59174e-04   1.89463e-06  -8.89239e-01
  23  alpha_phi    1.50581e-01   7.67636e-03   2.16242e-06   3.75146e+00
  24  beta_phi     2.68582e-01   1.36348e-02   2.50587e-06  -1.27527e+00
 EXTERNAL ERROR MATRIX.    NDIM=  25    NPAR=  7    ERR DEF=1
  6.483e-08  1.654e-10  2.264e-02 -1.395e-07 -4.525e-08  3.286e-08 -3.787e-07 
  1.654e-10  2.232e-08  2.916e-04  2.039e-08 -1.235e-08 -2.778e-09 -1.156e-08 
  2.264e-02  2.916e-04  1.672e+06  1.027e+01 -2.266e-01 -9.785e+00 -1.755e+01 
 -1.395e-07  2.039e-08  1.027e+01  6.562e-05 -1.252e-06 -6.151e-05 -1.076e-04 
 -4.525e-08 -1.235e-08 -2.266e-01 -1.252e-06  7.382e-07  1.129e-06  2.310e-06 
  3.286e-08 -2.778e-09 -9.785e+00 -6.151e-05  1.129e-06  5.893e-05  1.027e-04 
 -3.787e-07 -1.156e-08 -1.755e+01 -1.076e-04  2.310e-06  1.027e-04  1.859e-04 
 PARAMETER  CORRELATION COEFFICIENTS  
       NO.  GLOBAL     10     11     20     21     22     23     24
       10  0.79179   1.000  0.004  0.069 -0.068 -0.207  0.017 -0.109
       11  0.16032   0.004  1.000  0.002  0.017 -0.096 -0.002 -0.006
       20  0.99704   0.069  0.002  1.000  0.980 -0.204 -0.986 -0.996
       21  0.99307  -0.068  0.017  0.980  1.000 -0.180 -0.989 -0.974
       22  0.36613  -0.207 -0.096 -0.204 -0.180  1.000  0.171  0.197
       23  0.99291   0.017 -0.002 -0.986 -0.989  0.171  1.000  0.982
       24  0.99699  -0.109 -0.006 -0.996 -0.974  0.197  0.982  1.000
MINUIT - FIT ONLY 2-y
 **********
 **   67 **RES 
 **********
                   PARAMETER   16  beta_vw RESTORED TO VARIABLE.
                   PARAMETER   14  alpha_vw RESTORED TO VARIABLE.
                   PARAMETER   13  beta_y RESTORED TO VARIABLE.
                   PARAMETER    9  alpha_2CBO RESTORED TO VARIABLE.
                   PARAMETER    8  beta_CBO RESTORED TO VARIABLE.
                   PARAMETER    6  alpha_CBO RESTORED TO VARIABLE.
                   PARAMETER    4  phi RESTORED TO VARIABLE.
                   PARAMETER    3  A0 RESTORED TO VARIABLE.
                   PARAMETER    1  N0 RESTORED TO VARIABLE.
 **********
 **   68 **FIX            0
 **********
 PARAMETER    0  IS UNDEFINED. IGNORED.
 **********
 **   69 **FIX            1
 **********
 **********
 **   70 **FIX            2
 **********
 PARAMETER    2  IS CONSTANT.   IGNORED.
 **********
 **   71 **FIX            3
 **********
 **********
 **   72 **FIX            4
 **********
 **********
 **   73 **FIX            5
 **********
 PARAMETER    5  IS CONSTANT.   IGNORED.
 **********
 **   74 **FIX            6
 **********
 **********
 **   75 **FIX            7
 **********
 PARAMETER    7  IS CONSTANT.   IGNORED.
 **********
 **   76 **FIX            8
 **********
 **********
 **   77 **FIX            9
 **********
 **********
 **   78 **FIX           10
 **********
 **********
 **   79 **FIX           11
 **********
 **********
 **   80 **FIX           12
 **********
 PARAMETER   12  IS CONSTANT.   IGNORED.
 **********
 **   81 **FIX           16
 **********
 **********
 **   82 **MIGRAD
 **********
 START MIGRAD MINIMIZATION.  STRATEGY  1.  CONVERGENCE WHEN EDM .LT. 1.00e-04
 FCN=22.5528 FROM MIGRAD    STATUS=INITIATE       16 CALLS        6510 TOTAL
                     EDM= unknown      STRATEGY= 1      NO ERROR MATRIX       
  EXT PARAMETER               CURRENT GUESS       STEP         FIRST   
  NO.   NAME      VALUE            ERROR          SIZE      DERIVATIVE 
   1  N0           3.02156e+06     fixed    
   2  tau          6.43896e+01   constant   
   3  A0           2.78492e-01     fixed    
   4  phi          4.10875e+00     fixed    
   5  R           -6.12649e+01   constant   
   6  alpha_CBO    2.53372e-02     fixed    
   7  w_CBO        2.32500e+00   constant   
   8  beta_CBO    -4.47084e-02     fixed    
   9  alpha_2CBO  -1.18206e-02     fixed    
  10  beta_2CBO    3.92246e-03     fixed    
  11  alpha_y      2.76274e-04     fixed    
  12  w_y          1.44500e+01   constant   
  13  beta_y      -4.31791e-03   1.54603e-04   1.54603e-04   7.57389e+03
  14  alpha_vw     0.00000e+00   1.00000e-03   1.00000e-03   3.32407e+04
  15  w_vw         1.29000e+01   constant   
  16  beta_vw      0.00000e+00     fixed    
  17  LM          -3.89610e-04   constant   
  18  zeta_y       0.00000e+00   constant   
  19  zeta_vw      0.00000e+00   constant   
  20  T_CBO        9.79830e+02   9.89493e+02   1.64408e-03   1.68008e-04
  21  alpha_A0    -1.60713e-01   8.10046e-03   2.25538e-06   1.11616e+00
  22  beta_A0      2.06707e-04   8.59174e-04   1.89463e-06  -8.89228e-01
  23  alpha_phi    1.50581e-01   7.67636e-03   2.16242e-06   3.75146e+00
  24  beta_phi     2.68582e-01   1.36348e-02   2.50587e-06  -1.27527e+00
 CALL LIMIT EXCEEDED IN MIGRAD.
 MIGRAD TERMINATED WITHOUT CONVERGENCE.
 FCN=15.6554 FROM MIGRAD    STATUS=CALL LIMIT   1154 CALLS        7648 TOTAL
                     EDM=0.00659141    STRATEGY= 1  ERROR MATRIX UNCERTAINTY  21.9 per cent
  EXT PARAMETER                APPROXIMATE        STEP         FIRST   
  NO.   NAME      VALUE            ERROR          SIZE      DERIVATIVE 
   1  N0           3.02156e+06     fixed    
   2  tau          6.43896e+01   constant   
   3  A0           2.78492e-01     fixed    
   4  phi          4.10875e+00     fixed    
   5  R           -6.12649e+01   constant   
   6  alpha_CBO    2.53372e-02     fixed    
   7  w_CBO        2.32500e+00   constant   
   8  beta_CBO    -4.47084e-02     fixed    
   9  alpha_2CBO  -1.18206e-02     fixed    
  10  beta_2CBO    3.92246e-03     fixed    
  11  alpha_y      2.76274e-04     fixed    
  12  w_y          1.44500e+01   constant   
  13  beta_y      -4.18271e-03   1.77703e-04  -5.12344e-07   4.14513e+00
  14  alpha_vw    -4.38696e-04   1.70681e-04   2.49507e-07  -1.92903e+01
  15  w_vw         1.29000e+01   constant   
  16  beta_vw      0.00000e+00     fixed    
