 + ++++++++++++++++++++++++++++++++++++++++++++++++++++++++++++++++++++ +
 +                                                                      +
 +           You have chose to blind your fitting according to          +
 +                omega_ref * (1 + (R +/- deltaR) *10^{-6})             +
 +                                                                      +
 + ++++++++++++++++++++++++++++++++++++++++++++++++++++++++++++++++++++ +
In main()...
reading format from /gm2data/zkhechad/run45/envelope/formats/formatB_sBin_constraintOn.txt
pBinTau 	= 0  
pBinPhi 	= 0  
constraintau 	= 1 
includeMopTerm 	= 0    
constrainMop    = 0   
Parameters after format file: pBinTau 0 pBinPhi 0 constraintau 1 includeMopTerm 0 constrainMop 0 c_e_scale 0.000000 
Opening file /gm2data/tbarrett/gm2fr/studies/run23_bunch_corrections/CorrectedFourier_Run3b.root.
reading full fit data from /gm2data/zkhechad/cboTemplates/Run4CBOTemplates/fullFits/noRF/sBin_constraintOn_cE0.0_seed0_noRF_calo5.root
windowBins = 69
fitting sliding window 1050 from bin 1186 at 176.802000 to bin 1255 at 187.246000 (69 bins)

Reading data from /gm2data/cornell/histograms/aMethod/histogram_a_noRF.root
 **********
 **    1 **SET PRINTOUT            1
 **********
 **********
 **    2 **SET NOWARNINGS 
 **********
 PARAMETER DEFINITIONS:
    NO.   NAME         VALUE      STEP SIZE      LIMITS
     1 N0           2.79633e+06  1.00000e+02     no limits
     2 tau          6.44140e+01  constant
     3 A0           3.58434e-01  1.00000e-04     no limits
     4 phi          4.11632e+00  1.00000e-02     no limits
     5 R           -6.26390e+01  constant
     6 alpha_CBO    0.00000e+00  1.00000e-03     no limits
     7 w_CBO        2.32500e+00  constant
     8 beta_CBO     0.00000e+00  1.00000e-03     no limits
     9 alpha_2CBO   0.00000e+00  1.00000e-03     no limits
    10 beta_2CBO    0.00000e+00  1.00000e-03     no limits
    11 alpha_y      0.00000e+00  1.00000e-03     no limits
    12 w_y          1.38860e+01  constant
    13 beta_y       0.00000e+00  1.00000e-03     no limits
    14 alpha_vw     0.00000e+00  1.00000e-03     no limits
    15 w_vw         1.43404e+01  constant
    16 beta_vw      0.00000e+00  1.00000e-03     no limits
    17 LM           3.79801e-04  constant
    18 zeta_y       0.00000e+00  constant
    19 zeta_vw      0.00000e+00  constant
    20 T_CBO        1.00000e+02  1.00000e+00    0.00000e+00  1.00000e+03
    21 alpha_A0     0.00000e+00  1.00000e-04   -1.00000e-02  1.00000e-02
    22 beta_A0      0.00000e+00  1.00000e-04   -1.00000e-02  1.00000e-02
    23 alpha_phi    0.00000e+00  1.00000e-04   -1.00000e-02  1.00000e-02
    24 beta_phi     0.00000e+00  1.00000e-04   -1.00000e-02  1.00000e-02
MINUIT - FIT ONLY WIGGLE
 **********
 **    3 **FIX            5
 **********
 PARAMETER    5  IS CONSTANT.   IGNORED.
 **********
 **    4 **FIX            6
 **********
 **********
 **    5 **FIX            7
 **********
 PARAMETER    7  IS CONSTANT.   IGNORED.
 **********
 **    6 **FIX            8
 **********
 **********
 **    7 **FIX            9
 **********
 **********
 **    8 **FIX           10
 **********
 **********
 **    9 **FIX           11
 **********
 **********
 **   10 **FIX           12
 **********
 PARAMETER   12  IS CONSTANT.   IGNORED.
 **********
 **   11 **FIX           13
 **********
 **********
 **   12 **FIX           14
 **********
 **********
 **   13 **FIX           15
 **********
 PARAMETER   15  IS CONSTANT.   IGNORED.
 **********
 **   14 **FIX           16
 **********
 **********
 **   15 **MIGRAD
 **********
 FIRST CALL TO USER FUNCTION AT NEW START POINT, WITH IFLAG=4.
 START MIGRAD MINIMIZATION.  STRATEGY  1.  CONVERGENCE WHEN EDM .LT. 1.00e-04
 FCN=312.46 FROM MIGRAD    STATUS=INITIATE      437 CALLS         438 TOTAL
                     EDM= unknown      STRATEGY= 1      NO ERROR MATRIX       
  EXT PARAMETER               CURRENT GUESS       STEP         FIRST   
  NO.   NAME      VALUE            ERROR          SIZE      DERIVATIVE 
   1  N0           2.79633e+06   1.00000e+02   0.00000e+00  -8.79041e-03
   2  tau          6.44140e+01   constant   
   3  A0           3.58434e-01   1.00000e-04   0.00000e+00   2.71703e+03
   4  phi          4.11632e+00   1.00000e-02   0.00000e+00   8.22565e+03
   5  R           -6.26390e+01   constant   
   6  alpha_CBO    0.00000e+00     fixed    
   7  w_CBO        2.32500e+00   constant   
   8  beta_CBO     0.00000e+00     fixed    
   9  alpha_2CBO   0.00000e+00     fixed    
  10  beta_2CBO    0.00000e+00     fixed    
  11  alpha_y      0.00000e+00     fixed    
  12  w_y          1.38860e+01   constant   
  13  beta_y       0.00000e+00     fixed    
  14  alpha_vw     0.00000e+00     fixed    
  15  w_vw         1.43404e+01   constant   
  16  beta_vw      0.00000e+00     fixed    
  17  LM           3.79801e-04   constant   
  18  zeta_y       0.00000e+00   constant   
  19  zeta_vw      0.00000e+00   constant   
  20  T_CBO        1.00000e+02   1.00000e+00   0.00000e+00   0.00000e+00
  21  alpha_A0     0.00000e+00   1.00000e-04   0.00000e+00  -2.24810e+00
  22  beta_A0      0.00000e+00   1.00000e-04   0.00000e+00   5.04128e+00
  23  alpha_phi    0.00000e+00   1.00000e-04   0.00000e+00   4.03872e-01
  24  beta_phi     0.00000e+00   1.00000e-04   0.00000e+00   1.43320e+01
 MIGRAD MINIMIZATION HAS CONVERGED.
 FCN=279.121 FROM MIGRAD    STATUS=CONVERGED     723 CALLS         724 TOTAL
                     EDM=1.03461e-06    STRATEGY= 1  ERROR MATRIX UNCERTAINTY   0.4 per cent
  EXT PARAMETER                                   STEP         FIRST   
  NO.   NAME      VALUE            ERROR          SIZE      DERIVATIVE 
   1  N0           2.79704e+06   5.19212e+02   4.47729e-01   5.50737e-08
   2  tau          6.44140e+01   constant   
   3  A0           3.58466e-01   2.43220e-04   2.76051e-07   8.38398e-01
   4  phi          4.11392e+00   7.11934e-04   3.07199e-07  -3.72622e-01
   5  R           -6.26390e+01   constant   
   6  alpha_CBO    0.00000e+00     fixed    
   7  w_CBO        2.32500e+00   constant   
   8  beta_CBO     0.00000e+00     fixed    
   9  alpha_2CBO   0.00000e+00     fixed    
  10  beta_2CBO    0.00000e+00     fixed    
  11  alpha_y      0.00000e+00     fixed    
  12  w_y          1.38860e+01   constant   
  13  beta_y       0.00000e+00     fixed    
  14  alpha_vw     0.00000e+00     fixed    
  15  w_vw         1.43404e+01   constant   
  16  beta_vw      0.00000e+00     fixed    
  17  LM           3.79801e-04   constant   
  18  zeta_y       0.00000e+00   constant   
  19  zeta_vw      0.00000e+00   constant   
  20  T_CBO        1.86989e+02   5.06612e+01   3.68192e-04   1.01862e-03
  21  alpha_A0     2.23252e-03   2.75706e-03  -8.48014e-05  -3.49704e-04
  22  beta_A0     -5.07640e-03   2.92941e-03   3.63289e-04  -7.02920e-04
  23  alpha_phi   -5.64337e-04   2.35920e-03   1.55675e-04  -5.20565e-04
  24  beta_phi    -9.99993e-03   1.96822e-02   5.79103e-04  -5.46173e-04
 EXTERNAL ERROR MATRIX.    NDIM=  25    NPAR=  8    ERR DEF=1
  2.696e+05 -1.648e-02 -1.053e-02 -6.498e+03 -2.825e-01 -2.966e-01 -9.729e-02  4.722e-03 
 -1.648e-02  5.916e-08 -9.432e-10  1.762e-03  8.231e-08  8.645e-08  5.048e-08  3.176e-09 
 -1.053e-02 -9.432e-10  5.068e-07 -6.080e-04 -1.102e-07  2.206e-07  1.492e-07  7.033e-10 
 -6.498e+03  1.762e-03 -6.080e-04  2.581e+03 -1.525e-02  7.456e-02  1.386e-02 -8.077e-04 
 -2.825e-01  8.231e-08 -1.102e-07 -1.525e-02  7.813e-06 -4.603e-07  4.199e-08  1.782e-08 
 -2.966e-01  8.645e-08  2.206e-07  7.456e-02 -4.603e-07  8.934e-06  3.058e-07 -3.368e-08 
 -9.729e-02  5.048e-08  1.492e-07  1.386e-02  4.199e-08  3.058e-07  5.673e-06  5.896e-09 
  4.722e-03  3.176e-09  7.033e-10 -8.077e-04  1.782e-08 -3.368e-08  5.896e-09  1.802e-08 
 PARAMETER  CORRELATION COEFFICIENTS  
       NO.  GLOBAL      1      3      4     20     21     22     23     24
        1  0.35527   1.000 -0.130 -0.028 -0.246 -0.195 -0.191 -0.079  0.068
        3  0.25251  -0.130  1.000 -0.005  0.143  0.121  0.119  0.087  0.097
        4  0.17358  -0.028 -0.005  1.000 -0.017 -0.055  0.104  0.088  0.007
       20  0.55021  -0.246  0.143 -0.017  1.000 -0.107  0.491  0.115 -0.118
       21  0.28702  -0.195  0.121 -0.055 -0.107  1.000 -0.055  0.006  0.048
       22  0.51203  -0.191  0.119  0.104  0.491 -0.055  1.000  0.043 -0.084
       23  0.17307  -0.079  0.087  0.088  0.115  0.006  0.043  1.000  0.018
       24  0.18094   0.068  0.097  0.007 -0.118  0.048 -0.084  0.018  1.000
MINUIT - FIT ONLY 1-CBO + wiggle
 **********
 **   16 **RES 
 **********
                   PARAMETER   16  beta_vw RESTORED TO VARIABLE.
                   PARAMETER   14  alpha_vw RESTORED TO VARIABLE.
                   PARAMETER   13  beta_y RESTORED TO VARIABLE.
                   PARAMETER   11  alpha_y RESTORED TO VARIABLE.
                   PARAMETER   10  beta_2CBO RESTORED TO VARIABLE.
                   PARAMETER    9  alpha_2CBO RESTORED TO VARIABLE.
                   PARAMETER    8  beta_CBO RESTORED TO VARIABLE.
                   PARAMETER    6  alpha_CBO RESTORED TO VARIABLE.
 **********
 **   17 **FIX            8
 **********
 **********
 **   18 **FIX            9
 **********
 **********
 **   19 **FIX           11
 **********
 **********
 **   20 **FIX           12
 **********
 PARAMETER   12  IS CONSTANT.   IGNORED.
 **********
 **   21 **FIX           14
 **********
 **********
 **   22 **FIX           15
 **********
 PARAMETER   15  IS CONSTANT.   IGNORED.
 **********
 **   23 **FIX           16
 **********
 **********
 **   24 **MIGRAD
 **********
 START MIGRAD MINIMIZATION.  STRATEGY  1.  CONVERGENCE WHEN EDM .LT. 1.00e-04
 FCN=279.121 FROM MIGRAD    STATUS=INITIATE       28 CALLS         752 TOTAL
                     EDM= unknown      STRATEGY= 1      NO ERROR MATRIX       
  EXT PARAMETER               CURRENT GUESS       STEP         FIRST   
  NO.   NAME      VALUE            ERROR          SIZE      DERIVATIVE 
   1  N0           2.79704e+06   5.19212e+02   4.47729e-01   5.50737e-08
   2  tau          6.44140e+01   constant   
   3  A0           3.58466e-01   2.43220e-04   2.76051e-07   8.38397e-01
   4  phi          4.11392e+00   7.11934e-04   3.07199e-07  -3.72622e-01
   5  R           -6.26390e+01   constant   
   6  alpha_CBO    0.00000e+00   1.00000e-03   1.00000e-03   7.18790e+04
   7  w_CBO        2.32500e+00   constant   
   8  beta_CBO     0.00000e+00     fixed    
   9  alpha_2CBO   0.00000e+00     fixed    
  10  beta_2CBO    0.00000e+00   1.00000e-03   1.00000e-03  -1.40198e+04
  11  alpha_y      0.00000e+00     fixed    
  12  w_y          1.38860e+01   constant   
  13  beta_y       0.00000e+00   1.00000e-03   1.00000e-03  -2.47238e+03
  14  alpha_vw     0.00000e+00     fixed    
  15  w_vw         1.43404e+01   constant   
  16  beta_vw      0.00000e+00     fixed    
  17  LM           3.79801e-04   constant   
  18  zeta_y       0.00000e+00   constant   
  19  zeta_vw      0.00000e+00   constant   
  20  T_CBO        1.86989e+02   5.06612e+01   3.68192e-04   1.01864e-03
  21  alpha_A0     2.23252e-03   2.75706e-03  -8.48014e-05  -3.49730e-04
  22  beta_A0     -5.07640e-03   2.92941e-03   3.63289e-04  -7.02964e-04
  23  alpha_phi   -5.64337e-04   2.35920e-03   1.55675e-04  -5.20572e-04
  24  beta_phi    -9.99993e-03   1.96822e-02   5.79103e-04   5.54709e-04
 MIGRAD MINIMIZATION HAS CONVERGED.
 MIGRAD WILL VERIFY CONVERGENCE AND ERROR MATRIX.
 COVARIANCE MATRIX CALCULATED SUCCESSFULLY
 FCN=196.805 FROM MIGRAD    STATUS=CONVERGED     282 CALLS        1006 TOTAL
                     EDM=2.74013e-06    STRATEGY= 1      ERROR MATRIX ACCURATE 
  EXT PARAMETER                                   STEP         FIRST   
  NO.   NAME      VALUE            ERROR          SIZE      DERIVATIVE 
   1  N0           2.79708e+06   1.38387e+00   3.30494e+00  -3.72691e-06
   2  tau          6.44140e+01   constant   
   3  A0           3.58562e-01   2.36873e-04   1.59511e-06   4.71536e+00
   4  phi          4.11548e+00   7.35974e-04   4.82424e-06   1.14277e+00
   5  R           -6.26390e+01   constant   
   6  alpha_CBO   -2.22950e-03   2.50549e-04   1.65448e-06   8.48725e-01
   7  w_CBO        2.32500e+00   constant   
   8  beta_CBO     0.00000e+00     fixed    
   9  alpha_2CBO   0.00000e+00     fixed    
  10  beta_2CBO    3.00544e-04   2.51960e-04   1.68347e-06   1.24817e+00
  11  alpha_y      0.00000e+00     fixed    
  12  w_y          1.38860e+01   constant   
  13  beta_y       6.61138e-05   2.43960e-04   1.67450e-06   5.82333e-02
  14  alpha_vw     0.00000e+00     fixed    
  15  w_vw         1.43404e+01   constant   
  16  beta_vw      0.00000e+00     fixed    
  17  LM           3.79801e-04   constant   
  18  zeta_y       0.00000e+00   constant   
  19  zeta_vw      0.00000e+00   constant   
  20  T_CBO        1.81818e+02   4.71289e+01   7.27139e-04   2.09327e-03
  21  alpha_A0     2.05150e-03   2.69828e-03   1.92190e-03  -2.70760e-03
  22  beta_A0     -4.81348e-03   2.89738e-03   2.09139e-03  -4.31738e-03
  23  alpha_phi    2.62804e-03   2.46209e-03   1.71859e-03   3.80111e-03
  24  beta_phi    -9.99990e-03   1.42791e-02   4.64295e-02   2.75336e-04
 EXTERNAL ERROR MATRIX.    NDIM=  25    NPAR= 11    ERR DEF=1
  1.915e+00 
 -1.392e-07  5.611e-08 
 -5.664e-08  2.882e-10  5.417e-07 
 -1.465e-08 -3.130e-09 -4.511e-08  6.277e-08 
 -3.597e-08 -1.811e-09 -7.808e-09  4.027e-09  6.348e-08 
 -7.632e-09 -2.668e-10 -3.605e-09  1.821e-10 -1.008e-10  5.952e-08 
 -4.117e-02  1.578e-03 -1.078e-03  2.268e-04  5.824e-04  4.921e-05  2.232e+03 
 -2.202e-06  5.302e-08 -1.234e-07 -5.762e-09 -4.777e-08 -1.238e-10 -1.728e-02  7.473e-06 
 -1.939e-06  6.447e-08  2.390e-07 -2.831e-08 -9.809e-08 -1.528e-08  5.945e-02 -5.467e-07  8.720e-06 
 -4.687e-08  1.571e-08  2.091e-07 -7.553e-08  6.528e-08 -9.979e-10 -2.631e-02  2.884e-07 -1.010e-06  6.198e-06 
  1.567e-10  5.083e-13  3.914e-11 -3.994e-12  7.823e-12  1.173e-12  3.037e-04 -3.517e-09  7.625e-09 -4.200e-09  4.091e-09 
 PARAMETER  CORRELATION COEFFICIENTS  
       NO.  GLOBAL      1      3      4      6     10     13     20     21     22     23     24
        1  0.00102   1.000 -0.000 -0.000 -0.000 -0.000 -0.000 -0.001 -0.001 -0.000 -0.000  0.000
        3  0.19609  -0.000  1.000  0.002 -0.053 -0.030 -0.005  0.141  0.082  0.092  0.027  0.000
        4  0.29818  -0.000  0.002  1.000 -0.245 -0.042 -0.020 -0.031 -0.061  0.110  0.114  0.001
        6  0.27456  -0.000 -0.053 -0.245  1.000  0.064  0.003  0.019 -0.008 -0.038 -0.121 -0.000
       10  0.23106  -0.000 -0.030 -0.042  0.064  1.000 -0.002  0.049 -0.069 -0.132  0.104  0.000
       13  0.03185  -0.000 -0.005 -0.020  0.003 -0.002  1.000  0.004 -0.000 -0.021 -0.002  0.000
       20  0.50586  -0.001  0.141 -0.031  0.019  0.049  0.004  1.000 -0.134  0.426 -0.224  0.101
       21  0.19329  -0.001  0.082 -0.061 -0.008 -0.069 -0.000 -0.134  1.000 -0.068  0.042 -0.020
       22  0.47098  -0.000  0.092  0.110 -0.038 -0.132 -0.021  0.426 -0.068  1.000 -0.137  0.040
       23  0.30261  -0.000  0.027  0.114 -0.121  0.104 -0.002 -0.224  0.042 -0.137  1.000 -0.026
       24  0.10200   0.000  0.000  0.001 -0.000  0.000  0.000  0.101 -0.020  0.040 -0.026  1.000
MINUIT - FIT ONLY 2-CBO
 **********
 **   25 **RES 
 **********
                   PARAMETER   16  beta_vw RESTORED TO VARIABLE.
                   PARAMETER   14  alpha_vw RESTORED TO VARIABLE.
                   PARAMETER   11  alpha_y RESTORED TO VARIABLE.
                   PARAMETER    9  alpha_2CBO RESTORED TO VARIABLE.
                   PARAMETER    8  beta_CBO RESTORED TO VARIABLE.
 **********
 **   26 **FIX            0
 **********
 PARAMETER    0  IS UNDEFINED. IGNORED.
 **********
 **   27 **FIX            1
 **********
 **********
 **   28 **FIX            2
 **********
 PARAMETER    2  IS CONSTANT.   IGNORED.
 **********
 **   29 **FIX            3
 **********
 **********
 **   30 **FIX            4
 **********
 **********
 **   31 **FIX            5
 **********
 PARAMETER    5  IS CONSTANT.   IGNORED.
 **********
 **   32 **FIX            6
 **********
 **********
 **   33 **FIX            7
 **********
 PARAMETER    7  IS CONSTANT.   IGNORED.
 **********
 **   34 **FIX           10
 **********
 **********
 **   35 **FIX           11
 **********
 **********
 **   36 **FIX           12
 **********
 PARAMETER   12  IS CONSTANT.   IGNORED.
 **********
 **   37 **FIX           13
 **********
 **********
 **   38 **FIX           14
 **********
 **********
 **   39 **FIX           15
 **********
 PARAMETER   15  IS CONSTANT.   IGNORED.
 **********
 **   40 **FIX           16
 **********
 **********
 **   41 **MIGRAD
 **********
 START MIGRAD MINIMIZATION.  STRATEGY  1.  CONVERGENCE WHEN EDM .LT. 1.00e-04
 FCN=196.805 FROM MIGRAD    STATUS=INITIATE       43 CALLS        1049 TOTAL
                     EDM= unknown      STRATEGY= 1      NO ERROR MATRIX       
  EXT PARAMETER               CURRENT GUESS       STEP         FIRST   
  NO.   NAME      VALUE            ERROR          SIZE      DERIVATIVE 
   1  N0           2.79708e+06     fixed    
   2  tau          6.44140e+01   constant   
   3  A0           3.58562e-01     fixed    
   4  phi          4.11548e+00     fixed    
   5  R           -6.26390e+01   constant   
   6  alpha_CBO   -2.22950e-03     fixed    
   7  w_CBO        2.32500e+00   constant   
   8  beta_CBO     0.00000e+00   1.00000e-03   0.00000e+00   8.77711e+04
   9  alpha_2CBO   0.00000e+00   1.00000e-03   0.00000e+00  -3.39064e+03
  10  beta_2CBO    3.00544e-04     fixed    
  11  alpha_y      0.00000e+00     fixed    
  12  w_y          1.38860e+01   constant   
  13  beta_y       6.61138e-05     fixed    
  14  alpha_vw     0.00000e+00     fixed    
  15  w_vw         1.43404e+01   constant   
  16  beta_vw      0.00000e+00     fixed    
  17  LM           3.79801e-04   constant   
  18  zeta_y       0.00000e+00   constant   
  19  zeta_vw      0.00000e+00   constant   
  20  T_CBO        1.81818e+02   4.71289e+01   0.00000e+00  -1.53819e-01
  21  alpha_A0     2.05150e-03   2.69828e-03   0.00000e+00   9.08495e-04
  22  beta_A0     -4.81348e-03   2.89738e-03   0.00000e+00  -1.86396e-03
  23  alpha_phi    2.62804e-03   2.46209e-03   0.00000e+00   6.26787e-03
  24  beta_phi    -9.97550e-03   1.42791e-02   6.55155e-02   1.44555e-03
 MIGRAD MINIMIZATION HAS CONVERGED.
 MIGRAD WILL VERIFY CONVERGENCE AND ERROR MATRIX.
 COVARIANCE MATRIX CALCULATED SUCCESSFULLY
 FCN=76.3888 FROM MIGRAD    STATUS=CONVERGED     991 CALLS        1997 TOTAL
                     EDM=1.90058e-05    STRATEGY= 1      ERROR MATRIX ACCURATE 
  EXT PARAMETER                                   STEP         FIRST   
  NO.   NAME      VALUE            ERROR          SIZE      DERIVATIVE 
   1  N0           2.79708e+06     fixed    
   2  tau          6.44140e+01   constant   
   3  A0           3.58562e-01     fixed    
   4  phi          4.11548e+00     fixed    
   5  R           -6.26390e+01   constant   
   6  alpha_CBO   -2.22950e-03     fixed    
   7  w_CBO        2.32500e+00   constant   
   8  beta_CBO    -2.73146e-03   2.49150e-04   1.06328e-06  -5.68635e+00
   9  alpha_2CBO   2.72296e-04   2.49553e-04   1.04462e-06  -6.20523e+00
  10  beta_2CBO    3.00544e-04     fixed    
  11  alpha_y      0.00000e+00     fixed    
  12  w_y          1.38860e+01   constant   
  13  beta_y       6.61138e-05     fixed    
  14  alpha_vw     0.00000e+00     fixed    
  15  w_vw         1.43404e+01   constant   
  16  beta_vw      0.00000e+00     fixed    
  17  LM           3.79801e-04   constant   
  18  zeta_y       0.00000e+00   constant   
  19  zeta_vw      0.00000e+00   constant   
  20  T_CBO        9.99793e+02   5.02857e+02   4.94551e-02  -3.48243e-04
  21  alpha_A0     7.90576e-04   1.22336e-03   5.20629e-04   1.45011e-02
  22  beta_A0     -1.37054e-03   1.18130e-03   5.10576e-04   1.73391e-02
  23  alpha_phi    1.33322e-03   1.06510e-03   4.61517e-04  -9.34064e-03
  24  beta_phi    -3.62911e-03   1.14797e-03   5.23572e-04   1.79066e-02
 EXTERNAL ERROR MATRIX.    NDIM=  25    NPAR=  7    ERR DEF=1
  6.208e-08 -3.765e-09 -1.719e-09 -1.067e-10 -1.637e-08 -3.922e-09 -1.933e-08 
 -3.765e-09  6.228e-08  7.610e-07 -4.932e-08  2.053e-08 -4.889e-09 -3.503e-08 
 -1.719e-09  7.610e-07  3.330e+04 -7.039e-04  1.123e-03 -1.127e-03  3.072e-03 
 -1.067e-10 -4.932e-08 -7.039e-04  1.504e-06 -3.941e-08  3.259e-08 -4.513e-08 
 -1.637e-08  2.053e-08  1.123e-03 -3.941e-08  1.402e-06 -6.105e-08 -5.642e-08 
 -3.922e-09 -4.889e-09 -1.127e-03  3.259e-08 -6.105e-08  1.139e-06 -3.548e-08 
 -1.933e-08 -3.503e-08  3.072e-03 -4.513e-08 -5.642e-08 -3.548e-08  1.325e-06 
 PARAMETER  CORRELATION COEFFICIENTS  
       NO.  GLOBAL      8      9     20     21     22     23     24
        8  0.11362   1.000 -0.061 -0.000 -0.000 -0.056 -0.015 -0.067
        9  0.22435  -0.061  1.000  0.000 -0.161  0.069 -0.018 -0.122
       20  0.01679  -0.000  0.000  1.000 -0.003  0.005 -0.006  0.015
       21  0.17200  -0.000 -0.161 -0.003  1.000 -0.027  0.025 -0.032
       22  0.10772  -0.056  0.069  0.005 -0.027  1.000 -0.048 -0.041
       23  0.06699  -0.015 -0.018 -0.006  0.025 -0.048  1.000 -0.029
       24  0.16135  -0.067 -0.122  0.015 -0.032 -0.041 -0.029  1.000
MINUIT - FIT wiggle + 1-CBO + 2-CBO
 **********
 **   42 **RES 
 **********
                   PARAMETER   16  beta_vw RESTORED TO VARIABLE.
                   PARAMETER   14  alpha_vw RESTORED TO VARIABLE.
                   PARAMETER   13  beta_y RESTORED TO VARIABLE.
                   PARAMETER   11  alpha_y RESTORED TO VARIABLE.
                   PARAMETER   10  beta_2CBO RESTORED TO VARIABLE.
                   PARAMETER    6  alpha_CBO RESTORED TO VARIABLE.
                   PARAMETER    4  phi RESTORED TO VARIABLE.
                   PARAMETER    3  A0 RESTORED TO VARIABLE.
                   PARAMETER    1  N0 RESTORED TO VARIABLE.
 **********
 **   43 **FIX           10
 **********
 **********
 **   44 **FIX           11
 **********
 **********
 **   45 **FIX           12
 **********
 PARAMETER   12  IS CONSTANT.   IGNORED.
 **********
 **   46 **FIX           13
 **********
 **********
 **   47 **FIX           14
 **********
 **********
 **   48 **FIX           15
 **********
 PARAMETER   15  IS CONSTANT.   IGNORED.
 **********
 **   49 **FIX           16
 **********
 **********
 **   50 **MIGRAD
 **********
 START MIGRAD MINIMIZATION.  STRATEGY  1.  CONVERGENCE WHEN EDM .LT. 1.00e-04
 FCN=76.3888 FROM MIGRAD    STATUS=INITIATE       22 CALLS        2019 TOTAL
                     EDM= unknown      STRATEGY= 1      NO ERROR MATRIX       
  EXT PARAMETER               CURRENT GUESS       STEP         FIRST   
  NO.   NAME      VALUE            ERROR          SIZE      DERIVATIVE 
   1  N0           2.79708e+06   1.38387e+00   1.38387e+00   4.03752e-03
   2  tau          6.44140e+01   constant   
   3  A0           3.58562e-01   2.36873e-04   2.36873e-04   1.82311e+04
   4  phi          4.11548e+00   7.35974e-04   7.35974e-04  -3.30186e+03
   5  R           -6.26390e+01   constant   
   6  alpha_CBO   -2.22950e-03   2.50549e-04   2.50549e-04  -3.00908e+03
   7  w_CBO        2.32500e+00   constant   
   8  beta_CBO    -2.73146e-03   2.49150e-04   1.06328e-06  -5.68635e+00
   9  alpha_2CBO   2.72296e-04   2.49553e-04   1.04462e-06  -6.20523e+00
  10  beta_2CBO    3.00544e-04     fixed    
  11  alpha_y      0.00000e+00     fixed    
  12  w_y          1.38860e+01   constant   
  13  beta_y       6.61138e-05     fixed    
  14  alpha_vw     0.00000e+00     fixed    
  15  w_vw         1.43404e+01   constant   
  16  beta_vw      0.00000e+00     fixed    
  17  LM           3.79801e-04   constant   
  18  zeta_y       0.00000e+00   constant   
  19  zeta_vw      0.00000e+00   constant   
  20  T_CBO        9.99793e+02   5.02857e+02   4.94551e-02  -3.57506e-04
  21  alpha_A0     7.90576e-04   1.22336e-03   5.20629e-04   1.45001e-02
  22  beta_A0     -1.37054e-03   1.18130e-03   5.10576e-04   1.73419e-02
  23  alpha_phi    1.33322e-03   1.06510e-03   4.61517e-04  -9.34302e-03
  24  beta_phi    -3.62911e-03   1.14797e-03   5.23572e-04   1.79135e-02
 MIGRAD MINIMIZATION HAS CONVERGED.
 MIGRAD WILL VERIFY CONVERGENCE AND ERROR MATRIX.
 COVARIANCE MATRIX CALCULATED SUCCESSFULLY
 FCN=69.3215 FROM MIGRAD    STATUS=CONVERGED     242 CALLS        2239 TOTAL
                     EDM=3.59939e-06    STRATEGY= 1      ERROR MATRIX ACCURATE 
  EXT PARAMETER                                   STEP         FIRST   
  NO.   NAME      VALUE            ERROR          SIZE      DERIVATIVE 
   1  N0           2.79668e+06   5.18955e+02   1.97027e+00   7.73260e-07
   2  tau          6.44140e+01   constant   
   3  A0           3.58046e-01   2.44077e-04   9.51377e-07   3.91423e+00
   4  phi          4.11638e+00   7.41876e-04   2.88046e-06   3.60177e-01
   5  R           -6.26390e+01   constant   
   6  alpha_CBO   -2.17705e-03   2.50234e-04   9.86679e-07  -6.86067e+00
   7  w_CBO        2.32500e+00   constant   
   8  beta_CBO    -2.89053e-03   2.56292e-04   1.01374e-06   1.05284e+00
   9  alpha_2CBO   3.16156e-04   2.50272e-04   9.95965e-07   4.33645e+00
  10  beta_2CBO    3.00544e-04     fixed    
  11  alpha_y      0.00000e+00     fixed    
  12  w_y          1.38860e+01   constant   
  13  beta_y       6.61138e-05     fixed    
  14  alpha_vw     0.00000e+00     fixed    
  15  w_vw         1.43404e+01   constant   
  16  beta_vw      0.00000e+00     fixed    
  17  LM           3.79801e-04   constant   
  18  zeta_y       0.00000e+00   constant   
  19  zeta_vw      0.00000e+00   constant   
  20  T_CBO        1.00000e+03   6.29466e+02   4.79999e-02   1.56420e-05
  21  alpha_A0     6.01225e-04   1.27888e-03   4.95897e-04   1.51681e-03
  22  beta_A0     -1.11838e-03   1.20207e-03   4.85487e-04  -1.93228e-03
  23  alpha_phi    1.34846e-03   1.08461e-03   4.40679e-04   4.63843e-03
  24  beta_phi    -3.40877e-03   1.19862e-03   4.95582e-04  -6.32662e-03
 EXTERNAL ERROR MATRIX.    NDIM=  25    NPAR= 11    ERR DEF=1
  2.693e+05 
 -1.800e-02  5.957e-08 
 -1.211e-02 -3.051e-09  5.504e-07 
 -1.887e-03 -3.080e-09 -4.443e-08  6.262e-08 
  9.337e-03  1.169e-08 -1.948e-08 -1.235e-09  6.569e-08 
 -4.480e-03 -1.955e-09  9.778e-09  3.101e-10 -4.740e-09  6.264e-08 
 -3.951e-01 -6.531e-08 -3.376e-06  3.279e-07  8.586e-08 -1.832e-07  3.530e+01 
 -1.704e-01  4.683e-08 -6.429e-08  6.045e-10  3.931e-09 -4.911e-08  9.930e-05  1.645e-06 
 -6.630e-02  8.618e-09  1.307e-07 -1.175e-08 -2.210e-08  2.372e-08 -1.694e-04 -1.139e-08  1.452e-06 
 -3.694e-02  1.820e-08  9.576e-08 -3.476e-08 -4.158e-09 -3.686e-09  2.046e-04  5.530e-08 -2.887e-08  1.181e-06 
  1.420e-01 -5.250e-08  2.318e-08 -5.408e-09 -2.406e-08 -3.542e-08 -5.280e-04 -1.654e-07 -8.662e-08 -6.297e-08  1.445e-06 
 PARAMETER  CORRELATION COEFFICIENTS  
       NO.  GLOBAL      1      3      4      6      8      9     20     21     22     23     24
        1  0.36646   1.000 -0.142 -0.031 -0.015  0.070 -0.034 -0.000 -0.256 -0.106 -0.065  0.228
        3  0.30627  -0.142  1.000 -0.017 -0.050  0.187 -0.032 -0.000  0.150  0.029  0.069 -0.179
        4  0.31757  -0.031 -0.017  1.000 -0.239 -0.102  0.053 -0.001 -0.068  0.146  0.119  0.026
        6  0.26959  -0.015 -0.050 -0.239  1.000 -0.019  0.005  0.000  0.002 -0.039 -0.128 -0.018
        8  0.25855   0.070  0.187 -0.102 -0.019  1.000 -0.074  0.000  0.012 -0.072 -0.015 -0.078
        9  0.23543  -0.034 -0.032  0.053  0.005 -0.074  1.000 -0.000 -0.153  0.079 -0.014 -0.118
       20  0.08730  -0.000 -0.000 -0.001  0.000  0.000 -0.000  1.000  0.013 -0.024  0.032 -0.074
       21  0.33370  -0.256  0.150 -0.068  0.002  0.012 -0.153  0.013  1.000 -0.007  0.040 -0.107
       22  0.20939  -0.106  0.029  0.146 -0.039 -0.072  0.079 -0.024 -0.007  1.000 -0.022 -0.060
       23  0.19277  -0.065  0.069  0.119 -0.128 -0.015 -0.014  0.032  0.040 -0.022  1.000 -0.048
       24  0.32262   0.228 -0.179  0.026 -0.018 -0.078 -0.118 -0.074 -0.107 -0.060 -0.048  1.000
MINUIT - FIT ONLY 1-y
 **********
 **   51 **RES 
 **********
                   PARAMETER   16  beta_vw RESTORED TO VARIABLE.
                   PARAMETER   14  alpha_vw RESTORED TO VARIABLE.
                   PARAMETER   13  beta_y RESTORED TO VARIABLE.
                   PARAMETER   11  alpha_y RESTORED TO VARIABLE.
                   PARAMETER   10  beta_2CBO RESTORED TO VARIABLE.
 **********
 **   52 **FIX            0
 **********
 PARAMETER    0  IS UNDEFINED. IGNORED.
 **********
 **   53 **FIX            1
 **********
 **********
 **   54 **FIX            2
 **********
 PARAMETER    2  IS CONSTANT.   IGNORED.
 **********
 **   55 **FIX            3
 **********
 **********
 **   56 **FIX            4
 **********
 **********
 **   57 **FIX            5
 **********
 PARAMETER    5  IS CONSTANT.   IGNORED.
 **********
 **   58 **FIX            6
 **********
 **********
 **   59 **FIX            7
 **********
 PARAMETER    7  IS CONSTANT.   IGNORED.
 **********
 **   60 **FIX            8
 **********
 **********
 **   61 **FIX            9
 **********
 **********
 **   62 **FIX           13
 **********
 **********
 **   63 **FIX           14
 **********
 **********
 **   64 **FIX           15
 **********
 PARAMETER   15  IS CONSTANT.   IGNORED.
 **********
 **   65 **FIX           16
 **********
 **********
 **   66 **MIGRAD
 **********
 START MIGRAD MINIMIZATION.  STRATEGY  1.  CONVERGENCE WHEN EDM .LT. 1.00e-04
 FCN=69.3215 FROM MIGRAD    STATUS=INITIATE       16 CALLS        2255 TOTAL
                     EDM= unknown      STRATEGY= 1      NO ERROR MATRIX       
  EXT PARAMETER               CURRENT GUESS       STEP         FIRST   
  NO.   NAME      VALUE            ERROR          SIZE      DERIVATIVE 
   1  N0           2.79668e+06     fixed    
   2  tau          6.44140e+01   constant   
   3  A0           3.58046e-01     fixed    
   4  phi          4.11638e+00     fixed    
   5  R           -6.26390e+01   constant   
   6  alpha_CBO   -2.17705e-03     fixed    
   7  w_CBO        2.32500e+00   constant   
   8  beta_CBO    -2.89053e-03     fixed    
   9  alpha_2CBO   3.16156e-04     fixed    
  10  beta_2CBO    3.00544e-04   2.51960e-04   2.51960e-04  -4.99210e+03
  11  alpha_y      0.00000e+00   1.00000e-03   1.00000e-03   1.58641e+03
  12  w_y          1.38860e+01   constant   
  13  beta_y       6.61138e-05     fixed    
  14  alpha_vw     0.00000e+00     fixed    
  15  w_vw         1.43404e+01   constant   
  16  beta_vw      0.00000e+00     fixed    
  17  LM           3.79801e-04   constant   
  18  zeta_y       0.00000e+00   constant   
  19  zeta_vw      0.00000e+00   constant   
  20  T_CBO        1.00000e+03   6.29466e+02   4.79999e-02  -1.58527e-05
  21  alpha_A0     6.01225e-04   1.27888e-03   4.95897e-04   1.51617e-03
  22  beta_A0     -1.11838e-03   1.20207e-03   4.85487e-04  -1.93056e-03
  23  alpha_phi    1.34846e-03   1.08461e-03   4.40679e-04   4.63624e-03
  24  beta_phi    -3.40877e-03   1.19862e-03   4.95582e-04  -6.32078e-03
 MIGRAD MINIMIZATION HAS CONVERGED.
 MIGRAD WILL VERIFY CONVERGENCE AND ERROR MATRIX.
 COVARIANCE MATRIX CALCULATED SUCCESSFULLY
 FCN=68.8938 FROM MIGRAD    STATUS=CONVERGED     114 CALLS        2353 TOTAL
                     EDM=4.29806e-07    STRATEGY= 1      ERROR MATRIX ACCURATE 
  EXT PARAMETER                                   STEP         FIRST   
  NO.   NAME      VALUE            ERROR          SIZE      DERIVATIVE 
   1  N0           2.79668e+06     fixed    
   2  tau          6.44140e+01   constant   
   3  A0           3.58046e-01     fixed    
   4  phi          4.11638e+00     fixed    
   5  R           -6.26390e+01   constant   
   6  alpha_CBO   -2.17705e-03     fixed    
   7  w_CBO        2.32500e+00   constant   
   8  beta_CBO    -2.89053e-03     fixed    
   9  alpha_2CBO   3.16156e-04     fixed    
  10  beta_2CBO    4.57642e-04   2.51537e-04   1.00090e-06  -3.18027e-01
  11  alpha_y     -4.49254e-05   2.44620e-04   9.98085e-07   4.92947e-01
  12  w_y          1.38860e+01   constant   
  13  beta_y       6.61138e-05     fixed    
  14  alpha_vw     0.00000e+00     fixed    
  15  w_vw         1.43404e+01   constant   
  16  beta_vw      0.00000e+00     fixed    
  17  LM           3.79801e-04   constant   
  18  zeta_y       0.00000e+00   constant   
  19  zeta_vw      0.00000e+00   constant   
  20  T_CBO        1.00000e+03   7.74819e+02   4.60236e-02** at limit **
  21  alpha_A0     5.60191e-04   1.21065e-03   4.94240e-04   3.19213e-03
  22  beta_A0     -1.24503e-03   1.19496e-03   4.84772e-04  -6.81598e-04
  23  alpha_phi    1.43755e-03   1.07680e-03   4.39842e-04   3.60022e-03
  24  beta_phi    -3.43906e-03   1.14181e-03   4.94687e-04   6.21098e-03
 EXTERNAL ERROR MATRIX.    NDIM=  25    NPAR=  7    ERR DEF=1
  6.327e-08  1.012e-09 -1.851e-10 -1.855e-08 -5.017e-08  3.676e-08 -1.326e-08 
  1.012e-09  5.984e-08 -7.120e-12 -6.522e-09  1.880e-09  3.244e-09 -2.481e-09 
 -1.851e-10 -7.120e-12  7.160e-06  3.621e-08 -7.369e-08  8.581e-08 -2.088e-07 
 -1.855e-08 -6.522e-09  3.621e-08  1.473e-06 -9.840e-09  1.719e-08 -7.075e-08 
 -5.017e-08  1.880e-09 -7.369e-08 -9.840e-09  1.435e-06 -9.032e-08 -3.857e-08 
  3.676e-08  3.244e-09  8.581e-08  1.719e-08 -9.032e-08  1.164e-06 -5.026e-08 
 -1.326e-08 -2.481e-09 -2.088e-07 -7.075e-08 -3.857e-08 -5.026e-08  1.310e-06 
 PARAMETER  CORRELATION COEFFICIENTS  
       NO.  GLOBAL     10     11     20     21     22     23     24
       10  0.22326   1.000  0.016 -0.000 -0.061 -0.167  0.135 -0.046
       11  0.03142   0.016  1.000 -0.000 -0.022  0.006  0.012 -0.009
       20  0.07789  -0.000 -0.000  1.000  0.011 -0.023  0.030 -0.068
       21  0.08833  -0.061 -0.022  0.011  1.000 -0.007  0.013 -0.051
       22  0.18000  -0.167  0.006 -0.023 -0.007  1.000 -0.070 -0.028
       23  0.15201   0.135  0.012  0.030  0.013 -0.070  1.000 -0.041
       24  0.11085  -0.046 -0.009 -0.068 -0.051 -0.028 -0.041  1.000
MINUIT - FIT ONLY 2-y
 **********
 **   67 **RES 
 **********
                   PARAMETER   16  beta_vw RESTORED TO VARIABLE.
                   PARAMETER   14  alpha_vw RESTORED TO VARIABLE.
                   PARAMETER   13  beta_y RESTORED TO VARIABLE.
                   PARAMETER    9  alpha_2CBO RESTORED TO VARIABLE.
                   PARAMETER    8  beta_CBO RESTORED TO VARIABLE.
                   PARAMETER    6  alpha_CBO RESTORED TO VARIABLE.
                   PARAMETER    4  phi RESTORED TO VARIABLE.
                   PARAMETER    3  A0 RESTORED TO VARIABLE.
                   PARAMETER    1  N0 RESTORED TO VARIABLE.
 **********
 **   68 **FIX            0
 **********
 PARAMETER    0  IS UNDEFINED. IGNORED.
 **********
 **   69 **FIX            1
 **********
 **********
 **   70 **FIX            2
 **********
 PARAMETER    2  IS CONSTANT.   IGNORED.
 **********
 **   71 **FIX            3
 **********
 **********
 **   72 **FIX            4
 **********
 **********
 **   73 **FIX            5
 **********
 PARAMETER    5  IS CONSTANT.   IGNORED.
 **********
 **   74 **FIX            6
 **********
 **********
 **   75 **FIX            7
 **********
 PARAMETER    7  IS CONSTANT.   IGNORED.
 **********
 **   76 **FIX            8
 **********
 **********
 **   77 **FIX            9
 **********
 **********
 **   78 **FIX           10
 **********
 **********
 **   79 **FIX           11
 **********
 **********
 **   80 **FIX           12
 **********
 PARAMETER   12  IS CONSTANT.   IGNORED.
 **********
 **   81 **FIX           16
 **********
 **********
 **   82 **MIGRAD
 **********
 START MIGRAD MINIMIZATION.  STRATEGY  1.  CONVERGENCE WHEN EDM .LT. 1.00e-04
 FCN=68.8938 FROM MIGRAD    STATUS=INITIATE       16 CALLS        2369 TOTAL
                     EDM= unknown      STRATEGY= 1      NO ERROR MATRIX       
  EXT PARAMETER               CURRENT GUESS       STEP         FIRST   
  NO.   NAME      VALUE            ERROR          SIZE      DERIVATIVE 
   1  N0           2.79668e+06     fixed    
   2  tau          6.44140e+01   constant   
   3  A0           3.58046e-01     fixed    
   4  phi          4.11638e+00     fixed    
   5  R           -6.26390e+01   constant   
   6  alpha_CBO   -2.17705e-03     fixed    
   7  w_CBO        2.32500e+00   constant   
   8  beta_CBO    -2.89053e-03     fixed    
   9  alpha_2CBO   3.16156e-04     fixed    
  10  beta_2CBO    4.57642e-04     fixed    
  11  alpha_y     -4.49254e-05     fixed    
  12  w_y          1.38860e+01   constant   
  13  beta_y       6.61138e-05   2.43960e-04   2.43960e-04  -1.29069e+03
  14  alpha_vw     0.00000e+00   1.00000e-03   1.00000e-03   6.53819e+03
  15  w_vw         1.43404e+01   constant   
  16  beta_vw      0.00000e+00     fixed    
  17  LM           3.79801e-04   constant   
  18  zeta_y       0.00000e+00   constant   
  19  zeta_vw      0.00000e+00   constant   
  20  T_CBO        9.99999e+02   7.74819e+02   4.60236e-02  -3.32862e-05
  21  alpha_A0     5.60191e-04   1.21065e-03   4.94240e-04   3.19054e-03
  22  beta_A0     -1.24503e-03   1.19496e-03   4.84772e-04  -6.76617e-04
  23  alpha_phi    1.43755e-03   1.07680e-03   4.39842e-04   3.59418e-03
  24  beta_phi    -3.43906e-03   1.14181e-03   4.94687e-04   6.22539e-03
 MIGRAD MINIMIZATION HAS CONVERGED.
 MIGRAD WILL VERIFY CONVERGENCE AND ERROR MATRIX.
 COVARIANCE MATRIX CALCULATED SUCCESSFULLY
 FCN=68.2562 FROM MIGRAD    STATUS=CONVERGED     113 CALLS        2466 TOTAL
                     EDM=1.84915e-07    STRATEGY= 1      ERROR MATRIX ACCURATE 
  EXT PARAMETER                                   STEP         FIRST   
  NO.   NAME      VALUE            ERROR          SIZE      DERIVATIVE 
   1  N0           2.79668e+06     fixed    
   2  tau          6.44140e+01   constant   
   3  A0           3.58046e-01     fixed    
   4  phi          4.11638e+00     fixed    
   5  R           -6.26390e+01   constant   
   6  alpha_CBO   -2.17705e-03     fixed    
   7  w_CBO        2.32500e+00   constant   
   8  beta_CBO    -2.89053e-03     fixed    
   9  alpha_2CBO   3.16156e-04     fixed    
  10  beta_2CBO    4.57642e-04     fixed    
  11  alpha_y     -4.49254e-05     fixed    
  12  w_y          1.38860e+01   constant   
  13  beta_y       6.50669e-05   2.49058e-04   9.90823e-07  -3.77552e-02
  14  alpha_vw    -1.95226e-04   2.49397e-04   9.92457e-07  -9.07970e-03
  15  w_vw         1.43404e+01   constant   
  16  beta_vw      0.00000e+00     fixed    
  17  LM           3.79801e-04   constant   
  18  zeta_y       0.00000e+00   constant   
  19  zeta_vw      0.00000e+00   constant   
  20  T_CBO        1.00000e+03   7.63807e+02   4.61031e-02** at limit **
  21  alpha_A0     5.61446e-04   1.20816e-03   4.92008e-04   1.98070e-03
  22  beta_A0     -1.24159e-03   1.17869e-03   4.82583e-04   5.04495e-04
  23  alpha_phi    1.43403e-03   1.06688e-03   4.37854e-04   4.20094e-03
  24  beta_phi    -3.43923e-03   1.14062e-03   4.92324e-04   2.87469e-03
 EXTERNAL ERROR MATRIX.    NDIM=  25    NPAR=  7    ERR DEF=1
  6.203e-08  1.256e-08 -4.088e-10 -2.225e-10 -7.463e-09  8.266e-10 -1.084e-09 
  1.256e-08  6.220e-08 -1.327e-10 -4.412e-10 -2.496e-09  1.251e-09 -2.415e-10 
 -4.088e-10 -1.327e-10  1.263e-03  4.842e-07 -9.839e-07  1.145e-06 -2.791e-06 
 -2.225e-10 -4.412e-10  4.842e-07  1.467e-06 -2.423e-08  2.823e-08 -7.489e-08 
 -7.463e-09 -2.496e-09 -9.839e-07 -2.423e-08  1.396e-06 -6.141e-08 -4.883e-08 
  8.266e-10  1.251e-09  1.145e-06  2.823e-08 -6.141e-08  1.143e-06 -4.249e-08 
 -1.084e-09 -2.415e-10 -2.791e-06 -7.489e-08 -4.883e-08 -4.249e-08  1.307e-06 
 PARAMETER  CORRELATION COEFFICIENTS  
       NO.  GLOBAL     13     14     20     21     22     23     24
       13  0.20372   1.000  0.202 -0.000 -0.001 -0.025  0.003 -0.004
       14  0.20236   0.202  1.000 -0.000 -0.001 -0.008  0.005 -0.001
       20  0.07833  -0.000 -0.000  1.000  0.011 -0.023  0.030 -0.069
       21  0.06075  -0.001 -0.001  0.011  1.000 -0.017  0.022 -0.054
       22  0.07330  -0.025 -0.008 -0.023 -0.017  1.000 -0.049 -0.036
       23  0.06912   0.003  0.005  0.030  0.022 -0.049  1.000 -0.035
