 + ++++++++++++++++++++++++++++++++++++++++++++++++++++++++++++++++++++ +
 +                                                                      +
 +           You have chose to blind your fitting according to          +
 +                omega_ref * (1 + (R +/- deltaR) *10^{-6})             +
 +                                                                      +
 + ++++++++++++++++++++++++++++++++++++++++++++++++++++++++++++++++++++ +
In main()...
reading format from /gm2data/zkhechad/run45/envelope/formats/formatB_sBin_constraintOn.txt
pBinTau 	= 0  
pBinPhi 	= 0  
constraintau 	= 1 
includeMopTerm 	= 0    
constrainMop    = 0   
Parameters after format file: pBinTau 0 pBinPhi 0 constraintau 1 includeMopTerm 0 constrainMop 0 c_e_scale 0.000000 
Opening file /gm2data/tbarrett/gm2fr/studies/run23_bunch_corrections/CorrectedFourier_Run3b.root.
reading full fit data from /gm2data/zkhechad/cboTemplates/Run4CBOTemplates/fullFits/noRF/sBin_constraintOn_cE0.0_seed0_noRF_calo7.root
windowBins = 69
fitting sliding window 2170 from bin 2306 at 343.906000 to bin 2375 at 354.350000 (69 bins)

Reading data from /gm2data/cornell/histograms/aMethod/histogram_a_noRF.root
 **********
 **    1 **SET PRINTOUT            1
 **********
 **********
 **    2 **SET NOWARNINGS 
 **********
 PARAMETER DEFINITIONS:
    NO.   NAME         VALUE      STEP SIZE      LIMITS
     1 N0           3.03443e+06  1.00000e+02     no limits
     2 tau          6.44117e+01  constant
     3 A0           3.50188e-01  1.00000e-04     no limits
     4 phi          4.11726e+00  1.00000e-02     no limits
     5 R           -6.15857e+01  constant
     6 alpha_CBO    0.00000e+00  1.00000e-03     no limits
     7 w_CBO        2.32500e+00  constant
     8 beta_CBO     0.00000e+00  1.00000e-03     no limits
     9 alpha_2CBO   0.00000e+00  1.00000e-03     no limits
    10 beta_2CBO    0.00000e+00  1.00000e-03     no limits
    11 alpha_y      0.00000e+00  1.00000e-03     no limits
    12 w_y          1.38860e+01  constant
    13 beta_y       0.00000e+00  1.00000e-03     no limits
    14 alpha_vw     0.00000e+00  1.00000e-03     no limits
    15 w_vw         1.43404e+01  constant
    16 beta_vw      0.00000e+00  1.00000e-03     no limits
    17 LM           1.09700e-04  constant
    18 zeta_y       0.00000e+00  constant
    19 zeta_vw      0.00000e+00  constant
    20 T_CBO        1.00000e+02  1.00000e+00    0.00000e+00  1.00000e+03
    21 alpha_A0     0.00000e+00  1.00000e-04   -1.00000e-02  1.00000e-02
    22 beta_A0      0.00000e+00  1.00000e-04   -1.00000e-02  1.00000e-02
    23 alpha_phi    0.00000e+00  1.00000e-04   -1.00000e-02  1.00000e-02
    24 beta_phi     0.00000e+00  1.00000e-04   -1.00000e-02  1.00000e-02
MINUIT - FIT ONLY WIGGLE
 **********
 **    3 **FIX            5
 **********
 PARAMETER    5  IS CONSTANT.   IGNORED.
 **********
 **    4 **FIX            6
 **********
 **********
 **    5 **FIX            7
 **********
 PARAMETER    7  IS CONSTANT.   IGNORED.
 **********
 **    6 **FIX            8
 **********
 **********
 **    7 **FIX            9
 **********
 **********
 **    8 **FIX           10
 **********
 **********
 **    9 **FIX           11
 **********
 **********
 **   10 **FIX           12
 **********
 PARAMETER   12  IS CONSTANT.   IGNORED.
 **********
 **   11 **FIX           13
 **********
 **********
 **   12 **FIX           14
 **********
 **********
 **   13 **FIX           15
 **********
 PARAMETER   15  IS CONSTANT.   IGNORED.
 **********
 **   14 **FIX           16
 **********
 **********
 **   15 **MIGRAD
 **********
 FIRST CALL TO USER FUNCTION AT NEW START POINT, WITH IFLAG=4.
 START MIGRAD MINIMIZATION.  STRATEGY  1.  CONVERGENCE WHEN EDM .LT. 1.00e-04
 FCN=86.177 FROM MIGRAD    STATUS=INITIATE      437 CALLS         438 TOTAL
                     EDM= unknown      STRATEGY= 1      NO ERROR MATRIX       
  EXT PARAMETER               CURRENT GUESS       STEP         FIRST   
  NO.   NAME      VALUE            ERROR          SIZE      DERIVATIVE 
   1  N0           3.03443e+06   1.00000e+02   0.00000e+00   2.39448e-04
   2  tau          6.44117e+01   constant   
   3  A0           3.50188e-01   1.00000e-04   0.00000e+00   2.74669e+02
   4  phi          4.11726e+00   1.00000e-02   0.00000e+00  -3.52654e+02
   5  R           -6.15857e+01   constant   
   6  alpha_CBO    0.00000e+00     fixed    
   7  w_CBO        2.32500e+00   constant   
   8  beta_CBO     0.00000e+00     fixed    
   9  alpha_2CBO   0.00000e+00     fixed    
  10  beta_2CBO    0.00000e+00     fixed    
  11  alpha_y      0.00000e+00     fixed    
  12  w_y          1.38860e+01   constant   
  13  beta_y       0.00000e+00     fixed    
  14  alpha_vw     0.00000e+00     fixed    
  15  w_vw         1.43404e+01   constant   
  16  beta_vw      0.00000e+00     fixed    
  17  LM           1.09700e-04   constant   
  18  zeta_y       0.00000e+00   constant   
  19  zeta_vw      0.00000e+00   constant   
  20  T_CBO        1.00000e+02   1.00000e+00   0.00000e+00   0.00000e+00
  21  alpha_A0     0.00000e+00   1.00000e-04   0.00000e+00  -2.60578e-01
  22  beta_A0      0.00000e+00   1.00000e-04   0.00000e+00  -2.84236e-01
  23  alpha_phi    0.00000e+00   1.00000e-04   0.00000e+00  -6.55102e-02
  24  beta_phi     0.00000e+00   1.00000e-04   0.00000e+00   7.33832e-02
 MIGRAD MINIMIZATION HAS CONVERGED.
 FCN=81.3264 FROM MIGRAD    STATUS=CONVERGED     688 CALLS         689 TOTAL
                     EDM=5.15101e-06    STRATEGY= 1  ERROR MATRIX UNCERTAINTY   3.9 per cent
  EXT PARAMETER                                   STEP         FIRST   
  NO.   NAME      VALUE            ERROR          SIZE      DERIVATIVE 
   1  N0           3.03479e+06   2.05674e+03   1.76289e+01  -2.97645e-07
   2  tau          6.44117e+01   constant   
   3  A0           3.50118e-01   8.22533e-04  -2.65064e-06  -1.49293e+00
   4  phi          4.11812e+00   2.46495e-03   1.17048e-05   9.52161e-01
   5  R           -6.15857e+01   constant   
   6  alpha_CBO    0.00000e+00     fixed    
   7  w_CBO        2.32500e+00   constant   
   8  beta_CBO     0.00000e+00     fixed    
   9  alpha_2CBO   0.00000e+00     fixed    
  10  beta_2CBO    0.00000e+00     fixed    
  11  alpha_y      0.00000e+00     fixed    
  12  w_y          1.38860e+01   constant   
  13  beta_y       0.00000e+00     fixed    
  14  alpha_vw     0.00000e+00     fixed    
  15  w_vw         1.43404e+01   constant   
  16  beta_vw      0.00000e+00     fixed    
  17  LM           1.09700e-04   constant   
  18  zeta_y       0.00000e+00   constant   
  19  zeta_vw      0.00000e+00   constant   
  20  T_CBO        7.00222e+02   2.98301e+02   4.73806e-03   3.04448e-03
  21  alpha_A0     8.52002e-03   3.99276e-03  -4.38667e-03   1.38281e-03
  22  beta_A0      8.27672e-03   4.01827e-03  -2.75549e-03   3.54911e-03
  23  alpha_phi    1.53658e-03   5.25829e-03  -6.90842e-05   3.97416e-04
  24  beta_phi    -1.61415e-03   6.08221e-03  -1.11323e-03  -2.70817e-03
 EXTERNAL ERROR MATRIX.    NDIM=  25    NPAR=  8    ERR DEF=1
  4.230e+06  1.321e-01 -9.007e-01  1.821e+05 -1.513e+00  8.158e-01 -1.194e+00  2.111e+00 
  1.321e-01  6.766e-07  9.793e-09  1.453e-02  8.542e-08 -1.201e-07 -1.378e-07 -1.238e-06 
 -9.007e-01  9.793e-09  6.076e-06 -9.902e-02  8.094e-07 -1.460e-06 -6.937e-08 -4.280e-07 
  1.821e+05  1.453e-02 -9.902e-02  1.055e+05 -4.981e-01 -1.607e-01  1.601e-01 -2.401e-01 
 -1.513e+00  8.542e-08  8.094e-07 -4.981e-01  2.062e-05 -4.562e-06  4.915e-07 -3.135e-06 
  8.158e-01 -1.201e-07 -1.460e-06 -1.607e-01 -4.562e-06  2.006e-05 -1.053e-06  5.753e-06 
 -1.194e+00 -1.378e-07 -6.937e-08  1.601e-01  4.915e-07 -1.053e-06  3.074e-05  6.949e-07 
  2.111e+00 -1.238e-06 -4.280e-07 -2.401e-01 -3.135e-06  5.753e-06  6.949e-07  4.295e-05 
 PARAMETER  CORRELATION COEFFICIENTS  
       NO.  GLOBAL      1      3      4     20     21     22     23     24
        1  0.40230   1.000  0.078 -0.178  0.273 -0.162  0.089 -0.105  0.157
        3  0.25882   0.078  1.000  0.005  0.054  0.023 -0.033 -0.030 -0.230
        4  0.23527  -0.178  0.005  1.000 -0.124  0.072 -0.132 -0.005 -0.026
       20  0.49689   0.273  0.054 -0.124  1.000 -0.338 -0.110  0.089 -0.113
       21  0.44206  -0.162  0.023  0.072 -0.338  1.000 -0.224  0.020 -0.105
       22  0.36261   0.089 -0.033 -0.132 -0.110 -0.224  1.000 -0.042  0.196
       23  0.17971  -0.105 -0.030 -0.005  0.089  0.020 -0.042  1.000  0.019
       24  0.37616   0.157 -0.230 -0.026 -0.113 -0.105  0.196  0.019  1.000
MINUIT - FIT ONLY 1-CBO + wiggle
 **********
 **   16 **RES 
 **********
                   PARAMETER   16  beta_vw RESTORED TO VARIABLE.
                   PARAMETER   14  alpha_vw RESTORED TO VARIABLE.
                   PARAMETER   13  beta_y RESTORED TO VARIABLE.
                   PARAMETER   11  alpha_y RESTORED TO VARIABLE.
                   PARAMETER   10  beta_2CBO RESTORED TO VARIABLE.
                   PARAMETER    9  alpha_2CBO RESTORED TO VARIABLE.
                   PARAMETER    8  beta_CBO RESTORED TO VARIABLE.
                   PARAMETER    6  alpha_CBO RESTORED TO VARIABLE.
 **********
 **   17 **FIX            8
 **********
 **********
 **   18 **FIX            9
 **********
 **********
 **   19 **FIX           11
 **********
 **********
 **   20 **FIX           12
 **********
 PARAMETER   12  IS CONSTANT.   IGNORED.
 **********
 **   21 **FIX           14
 **********
 **********
 **   22 **FIX           15
 **********
 PARAMETER   15  IS CONSTANT.   IGNORED.
 **********
 **   23 **FIX           16
 **********
 **********
 **   24 **MIGRAD
 **********
 START MIGRAD MINIMIZATION.  STRATEGY  1.  CONVERGENCE WHEN EDM .LT. 1.00e-04
 FCN=81.3264 FROM MIGRAD    STATUS=INITIATE       28 CALLS         717 TOTAL
                     EDM= unknown      STRATEGY= 1      NO ERROR MATRIX       
  EXT PARAMETER               CURRENT GUESS       STEP         FIRST   
  NO.   NAME      VALUE            ERROR          SIZE      DERIVATIVE 
   1  N0           3.03479e+06   2.05674e+03   1.76289e+01  -2.97645e-07
   2  tau          6.44117e+01   constant   
   3  A0           3.50118e-01   8.22533e-04  -2.65064e-06  -1.49293e+00
   4  phi          4.11812e+00   2.46495e-03   1.17048e-05   9.52161e-01
   5  R           -6.15857e+01   constant   
   6  alpha_CBO    0.00000e+00   1.00000e-03   1.00000e-03  -2.54006e+03
   7  w_CBO        2.32500e+00   constant   
   8  beta_CBO     0.00000e+00     fixed    
   9  alpha_2CBO   0.00000e+00     fixed    
  10  beta_2CBO    0.00000e+00   1.00000e-03   1.00000e-03  -3.30644e+03
  11  alpha_y      0.00000e+00     fixed    
  12  w_y          1.38860e+01   constant   
  13  beta_y       0.00000e+00   1.00000e-03   1.00000e-03   1.27701e+03
  14  alpha_vw     0.00000e+00     fixed    
  15  w_vw         1.43404e+01   constant   
  16  beta_vw      0.00000e+00     fixed    
  17  LM           1.09700e-04   constant   
  18  zeta_y       0.00000e+00   constant   
  19  zeta_vw      0.00000e+00   constant   
  20  T_CBO        7.00222e+02   2.98301e+02   4.73806e-03   3.04390e-03
  21  alpha_A0     8.52002e-03   3.99276e-03  -4.38667e-03  -1.38344e-03
  22  beta_A0      8.27672e-03   4.01827e-03  -2.75549e-03  -3.54943e-03
  23  alpha_phi    1.53658e-03   5.25829e-03  -6.90842e-05  -3.97407e-04
  24  beta_phi    -1.61415e-03   6.08221e-03  -1.11323e-03   2.70816e-03
 MIGRAD MINIMIZATION HAS CONVERGED.
 FCN=77.1868 FROM MIGRAD    STATUS=CONVERGED     350 CALLS        1039 TOTAL
                     EDM=4.48135e-06    STRATEGY= 1  ERROR MATRIX UNCERTAINTY   1.5 per cent
  EXT PARAMETER                                   STEP         FIRST   
  NO.   NAME      VALUE            ERROR          SIZE      DERIVATIVE 
   1  N0           3.03508e+06   1.98445e+03  -2.60536e+00  -1.84586e-07
   2  tau          6.44117e+01   constant   
   3  A0           3.50370e-01   8.70452e-04  -8.00984e-07  -6.94961e-01
   4  phi          4.11888e+00   2.51427e-03  -9.20156e-08   7.40687e-02
   5  R           -6.15857e+01   constant   
   6  alpha_CBO    1.14784e-03   9.32251e-04  -1.21072e-06  -9.77551e-01
   7  w_CBO        2.32500e+00   constant   
   8  beta_CBO     0.00000e+00     fixed    
   9  alpha_2CBO   0.00000e+00     fixed    
  10  beta_2CBO    1.42130e-03   9.17669e-04   7.53036e-07   1.19058e+00
  11  alpha_y      0.00000e+00     fixed    
  12  w_y          1.38860e+01   constant   
  13  beta_y      -5.16082e-04   8.89464e-04   2.29700e-07   9.48223e-01
  14  alpha_vw     0.00000e+00     fixed    
  15  w_vw         1.43404e+01   constant   
  16  beta_vw      0.00000e+00     fixed    
  17  LM           1.09700e-04   constant   
  18  zeta_y       0.00000e+00   constant   
  19  zeta_vw      0.00000e+00   constant   
  20  T_CBO        7.13638e+02   8.56422e+02   6.56199e-03  -5.68193e-04
  21  alpha_A0     7.82310e-03   1.51465e-02  -2.94547e-03  -3.58800e-04
  22  beta_A0      9.99754e-03   1.32931e-02   2.61261e-03  -5.97783e-04
  23  alpha_phi    1.73266e-03   5.03361e-03  -4.84519e-04   6.73229e-04
  24  beta_phi    -7.94545e-05   5.57072e-03   7.53922e-04   3.79140e-04
 EXTERNAL ERROR MATRIX.    NDIM=  25    NPAR= 11    ERR DEF=1
  3.938e+06 
  1.434e-01  7.577e-07 
 -6.848e-01  2.069e-07  6.322e-06 
  5.814e-02  1.379e-07  3.953e-07  8.691e-07 
  8.446e-02  3.447e-08  1.323e-07  2.100e-08  8.421e-07 
 -1.652e-02 -1.159e-08 -4.017e-08 -4.183e-09  3.288e-10  7.911e-07 
  1.597e+05  8.390e-02  9.535e-02  6.591e-02  9.828e-02 -2.100e-02  7.818e+05 
  1.726e+00 -5.885e-07 -1.818e-06 -1.152e-06 -7.384e-08  1.083e-07 -4.138e+00  5.113e-05 
 -4.584e-01 -1.388e-07  7.847e-09 -2.067e-07  1.474e-07  3.806e-08 -5.951e-01  2.523e-06  2.754e-06 
  1.043e+00  2.964e-07 -6.388e-08  7.060e-07 -5.159e-07 -3.349e-08 -9.585e-01  4.819e-06  2.277e-07  2.791e-05 
 -1.801e+00  1.155e-06  1.652e-06  4.119e-07  5.317e-07 -1.358e-07  5.629e-01 -5.301e-06  1.221e-06  2.318e-06  3.491e-05 
 PARAMETER  CORRELATION COEFFICIENTS  
       NO.  GLOBAL      1      3      4      6     10     13     20     21     22     23     24
        1  0.36997   1.000  0.083 -0.137  0.031  0.046 -0.009  0.091  0.122 -0.139  0.099 -0.154
        3  0.31752   0.083  1.000  0.095  0.170  0.043 -0.015  0.109 -0.095 -0.096  0.064  0.224
        4  0.25233  -0.137  0.095  1.000  0.169  0.057 -0.018  0.043 -0.101  0.002 -0.005  0.111
        6  0.33746   0.031  0.170  0.169  1.000  0.025 -0.005  0.080 -0.173 -0.134  0.143  0.075
       10  0.26387   0.046  0.043  0.057  0.025  1.000  0.000  0.121 -0.011  0.097 -0.106  0.098
       13  0.04612  -0.009 -0.015 -0.018 -0.005  0.000  1.000 -0.027  0.017  0.026 -0.007 -0.026
       20  0.74969   0.091  0.109  0.043  0.080  0.121 -0.027  1.000 -0.654 -0.406 -0.205  0.108
       21  0.69745   0.122 -0.095 -0.101 -0.173 -0.011  0.017 -0.654  1.000  0.213  0.128 -0.125
       22  0.49151  -0.139 -0.096  0.002 -0.134  0.097  0.026 -0.406  0.213  1.000  0.026  0.125
       23  0.32352   0.099  0.064 -0.005  0.143 -0.106 -0.007 -0.205  0.128  0.026  1.000  0.074
       24  0.37709  -0.154  0.224  0.111  0.075  0.098 -0.026  0.108 -0.125  0.125  0.074  1.000
MINUIT - FIT ONLY 2-CBO
 **********
 **   25 **RES 
 **********
                   PARAMETER   16  beta_vw RESTORED TO VARIABLE.
                   PARAMETER   14  alpha_vw RESTORED TO VARIABLE.
                   PARAMETER   11  alpha_y RESTORED TO VARIABLE.
                   PARAMETER    9  alpha_2CBO RESTORED TO VARIABLE.
                   PARAMETER    8  beta_CBO RESTORED TO VARIABLE.
 **********
 **   26 **FIX            0
 **********
 PARAMETER    0  IS UNDEFINED. IGNORED.
 **********
 **   27 **FIX            1
 **********
 **********
 **   28 **FIX            2
 **********
 PARAMETER    2  IS CONSTANT.   IGNORED.
 **********
 **   29 **FIX            3
 **********
 **********
 **   30 **FIX            4
 **********
 **********
 **   31 **FIX            5
 **********
 PARAMETER    5  IS CONSTANT.   IGNORED.
 **********
 **   32 **FIX            6
 **********
 **********
 **   33 **FIX            7
 **********
 PARAMETER    7  IS CONSTANT.   IGNORED.
 **********
 **   34 **FIX           10
 **********
 **********
 **   35 **FIX           11
 **********
 **********
 **   36 **FIX           12
 **********
 PARAMETER   12  IS CONSTANT.   IGNORED.
 **********
 **   37 **FIX           13
 **********
 **********
 **   38 **FIX           14
 **********
 **********
 **   39 **FIX           15
 **********
 PARAMETER   15  IS CONSTANT.   IGNORED.
 **********
 **   40 **FIX           16
 **********
 **********
 **   41 **MIGRAD
 **********
 START MIGRAD MINIMIZATION.  STRATEGY  1.  CONVERGENCE WHEN EDM .LT. 1.00e-04
 FCN=77.1868 FROM MIGRAD    STATUS=INITIATE       18 CALLS        1057 TOTAL
                     EDM= unknown      STRATEGY= 1      NO ERROR MATRIX       
  EXT PARAMETER               CURRENT GUESS       STEP         FIRST   
  NO.   NAME      VALUE            ERROR          SIZE      DERIVATIVE 
   1  N0           3.03508e+06     fixed    
   2  tau          6.44117e+01   constant   
   3  A0           3.50370e-01     fixed    
   4  phi          4.11888e+00     fixed    
   5  R           -6.15857e+01   constant   
   6  alpha_CBO    1.14784e-03     fixed    
   7  w_CBO        2.32500e+00   constant   
   8  beta_CBO     0.00000e+00   1.00000e-03   1.00000e-03   8.25292e+03
   9  alpha_2CBO   0.00000e+00   1.00000e-03   1.00000e-03   4.72636e+03
  10  beta_2CBO    1.42130e-03     fixed    
  11  alpha_y      0.00000e+00     fixed    
  12  w_y          1.38860e+01   constant   
  13  beta_y      -5.16082e-04     fixed    
  14  alpha_vw     0.00000e+00     fixed    
  15  w_vw         1.43404e+01   constant   
  16  beta_vw      0.00000e+00     fixed    
  17  LM           1.09700e-04   constant   
  18  zeta_y       0.00000e+00   constant   
  19  zeta_vw      0.00000e+00   constant   
  20  T_CBO        7.13638e+02   8.56422e+02   6.56199e-03  -5.68879e-04
  21  alpha_A0     7.82310e-03   1.51465e-02  -2.94547e-03  -3.58516e-04
  22  beta_A0      9.99754e-03   1.32931e-02   2.61261e-03  -6.28540e-04
  23  alpha_phi    1.73266e-03   5.03361e-03  -4.84519e-04   6.73243e-04
  24  beta_phi    -7.94545e-05   5.57072e-03   7.53922e-04   3.79139e-04
 MIGRAD MINIMIZATION HAS CONVERGED.
 MIGRAD WILL VERIFY CONVERGENCE AND ERROR MATRIX.
 COVARIANCE MATRIX CALCULATED SUCCESSFULLY
 FCN=58.1139 FROM MIGRAD    STATUS=CONVERGED     200 CALLS        1239 TOTAL
                     EDM=1.25227e-06    STRATEGY= 1      ERROR MATRIX ACCURATE 
  EXT PARAMETER                                   STEP         FIRST   
  NO.   NAME      VALUE            ERROR          SIZE      DERIVATIVE 
   1  N0           3.03508e+06     fixed    
   2  tau          6.44117e+01   constant   
   3  A0           3.50370e-01     fixed    
   4  phi          4.11888e+00     fixed    
   5  R           -6.15857e+01   constant   
   6  alpha_CBO    1.14784e-03     fixed    
   7  w_CBO        2.32500e+00   constant   
   8  beta_CBO    -3.44829e-03   9.07827e-04   3.38859e-06  -1.07893e-01
   9  alpha_2CBO  -2.00362e-03   9.12339e-04   3.35813e-06   1.30084e-01
  10  beta_2CBO    1.42130e-03     fixed    
  11  alpha_y      0.00000e+00     fixed    
  12  w_y          1.38860e+01   constant   
  13  beta_y      -5.16082e-04     fixed    
  14  alpha_vw     0.00000e+00     fixed    
  15  w_vw         1.43404e+01   constant   
  16  beta_vw      0.00000e+00     fixed    
  17  LM           1.09700e-04   constant   
  18  zeta_y       0.00000e+00   constant   
  19  zeta_vw      0.00000e+00   constant   
  20  T_CBO        1.00000e+03   9.65245e+02   9.76603e-03** at limit **
  21  alpha_A0     5.10748e-03   4.68638e-03   2.15086e-03  -8.18755e-04
  22  beta_A0      1.00000e-02   1.26309e-02   4.04000e-03** at limit **
  23  alpha_phi    9.90872e-05   4.45537e-03   1.71222e-03   1.72471e-03
  24  beta_phi    -3.31184e-03   4.81960e-03   1.97074e-03  -1.89222e-03
 EXTERNAL ERROR MATRIX.    NDIM=  25    NPAR=  7    ERR DEF=1
  8.242e-07  5.294e-09  5.608e-07  1.379e-07  1.772e-12  4.607e-08  4.652e-07 
  5.294e-09  8.324e-07  2.394e-07  4.509e-07  7.586e-13  4.988e-07  6.147e-07 
  5.608e-07  2.394e-07  1.263e+00  1.131e-05 -4.403e-11  8.400e-07 -8.703e-06 
  1.379e-07  4.509e-07  1.131e-05  2.457e-05  2.839e-12  2.962e-07 -5.008e-07 
  1.772e-12  7.586e-13 -4.403e-11  2.839e-12  1.268e-11  1.912e-12 -5.834e-12 
  4.607e-08  4.988e-07  8.400e-07  2.962e-07  1.912e-12  2.132e-05  2.747e-06 
  4.652e-07  6.147e-07 -8.703e-06 -5.008e-07 -5.834e-12  2.747e-06  2.559e-05 
 PARAMETER  CORRELATION COEFFICIENTS  
       NO.  GLOBAL      8      9     20     21     22     23     24
        8  0.10696   1.000  0.006  0.001  0.031  0.001  0.011  0.101
        9  0.19675   0.006  1.000  0.000  0.100  0.000  0.118  0.133
       20  0.00263   0.001  0.000  1.000  0.002 -0.000  0.000 -0.002
       21  0.11055   0.031  0.100  0.002  1.000  0.000  0.013 -0.020
       22  0.00074   0.001  0.000 -0.000  0.000  1.000  0.000 -0.000
       23  0.15682   0.011  0.118  0.000  0.013  0.000  1.000  0.118
       24  0.19867   0.101  0.133 -0.002 -0.020 -0.000  0.118  1.000
MINUIT - FIT wiggle + 1-CBO + 2-CBO
 **********
 **   42 **RES 
 **********
                   PARAMETER   16  beta_vw RESTORED TO VARIABLE.
                   PARAMETER   14  alpha_vw RESTORED TO VARIABLE.
                   PARAMETER   13  beta_y RESTORED TO VARIABLE.
                   PARAMETER   11  alpha_y RESTORED TO VARIABLE.
                   PARAMETER   10  beta_2CBO RESTORED TO VARIABLE.
                   PARAMETER    6  alpha_CBO RESTORED TO VARIABLE.
                   PARAMETER    4  phi RESTORED TO VARIABLE.
                   PARAMETER    3  A0 RESTORED TO VARIABLE.
                   PARAMETER    1  N0 RESTORED TO VARIABLE.
 **********
 **   43 **FIX           10
 **********
 **********
 **   44 **FIX           11
 **********
 **********
 **   45 **FIX           12
 **********
 PARAMETER   12  IS CONSTANT.   IGNORED.
 **********
 **   46 **FIX           13
 **********
 **********
 **   47 **FIX           14
 **********
 **********
 **   48 **FIX           15
 **********
 PARAMETER   15  IS CONSTANT.   IGNORED.
 **********
 **   49 **FIX           16
 **********
 **********
 **   50 **MIGRAD
 **********
 START MIGRAD MINIMIZATION.  STRATEGY  1.  CONVERGENCE WHEN EDM .LT. 1.00e-04
 FCN=58.1139 FROM MIGRAD    STATUS=INITIATE       22 CALLS        1261 TOTAL
                     EDM= unknown      STRATEGY= 1      NO ERROR MATRIX       
  EXT PARAMETER               CURRENT GUESS       STEP         FIRST   
  NO.   NAME      VALUE            ERROR          SIZE      DERIVATIVE 
   1  N0           3.03508e+06   1.98445e+03   1.98445e+03  -2.42040e-05
   2  tau          6.44117e+01   constant   
   3  A0           3.50370e-01   8.70452e-04   8.70452e-04  -1.10339e+03
   4  phi          4.11888e+00   2.51427e-03   2.51427e-03   3.02289e+02
   5  R           -6.15857e+01   constant   
   6  alpha_CBO    1.14784e-03   9.32251e-04   9.32251e-04   4.12216e+02
   7  w_CBO        2.32500e+00   constant   
   8  beta_CBO    -3.44829e-03   9.07827e-04   3.38859e-06  -1.07893e-01
   9  alpha_2CBO  -2.00362e-03   9.12339e-04   3.35813e-06   1.30084e-01
  10  beta_2CBO    1.42130e-03     fixed    
  11  alpha_y      0.00000e+00     fixed    
  12  w_y          1.38860e+01   constant   
  13  beta_y      -5.16082e-04     fixed    
  14  alpha_vw     0.00000e+00     fixed    
  15  w_vw         1.43404e+01   constant   
  16  beta_vw      0.00000e+00     fixed    
  17  LM           1.09700e-04   constant   
  18  zeta_y       0.00000e+00   constant   
  19  zeta_vw      0.00000e+00   constant   
  20  T_CBO        1.00000e+03   9.65245e+02   9.76603e-03** at limit **
  21  alpha_A0     5.10748e-03   4.68638e-03   2.15086e-03  -8.26785e-04
  22  beta_A0      1.00000e-02   1.26309e-02   4.04000e-03** at limit **
  23  alpha_phi    9.90872e-05   4.45537e-03   1.71222e-03   1.72458e-03
  24  beta_phi    -3.31184e-03   4.81960e-03   1.97074e-03  -1.88747e-03
 MIGRAD MINIMIZATION HAS CONVERGED.
 MIGRAD WILL VERIFY CONVERGENCE AND ERROR MATRIX.
 COVARIANCE MATRIX CALCULATED SUCCESSFULLY
 FCN=57.7206 FROM MIGRAD    STATUS=CONVERGED     216 CALLS        1455 TOTAL
                     EDM=1.36614e-06    STRATEGY= 1      ERROR MATRIX ACCURATE 
  EXT PARAMETER                                   STEP         FIRST   
  NO.   NAME      VALUE            ERROR          SIZE      DERIVATIVE 
   1  N0           3.03533e+06   2.05122e+03   6.83382e+00   9.62743e-08
   2  tau          6.44117e+01   constant   
   3  A0           3.50749e-01   8.82581e-04   3.10267e-06   4.80231e-01
   4  phi          4.11790e+00   2.52402e-03   9.06450e-06   8.41166e-02
   5  R           -6.15857e+01   constant   
   6  alpha_CBO    9.83895e-04   9.45177e-04   3.33290e-06  -3.17129e-02
   7  w_CBO        2.32500e+00   constant   
   8  beta_CBO    -3.55595e-03   9.24461e-04   3.37725e-06  -2.44716e-01
   9  alpha_2CBO  -1.97700e-03   9.15806e-04   3.34696e-06   1.48435e+00
  10  beta_2CBO    1.42130e-03     fixed    
  11  alpha_y      0.00000e+00     fixed    
  12  w_y          1.38860e+01   constant   
  13  beta_y      -5.16082e-04     fixed    
  14  alpha_vw     0.00000e+00     fixed    
  15  w_vw         1.43404e+01   constant   
  16  beta_vw      0.00000e+00     fixed    
  17  LM           1.09700e-04   constant   
  18  zeta_y       0.00000e+00   constant   
  19  zeta_vw      0.00000e+00   constant   
  20  T_CBO        1.00000e+03   9.49683e+02   9.33693e-03** at limit **
  21  alpha_A0     5.35648e-03   4.80749e-03   2.18109e-03  -1.17053e-03
  22  beta_A0      1.00000e-02   1.24418e-02   3.86657e-03** at limit **
  23  alpha_phi    1.94853e-04   4.56055e-03   1.70471e-03  -1.42587e-03
  24  beta_phi    -3.09896e-03   5.00242e-03   1.94796e-03  -3.52547e-04
 EXTERNAL ERROR MATRIX.    NDIM=  25    NPAR= 11    ERR DEF=1
  4.208e+06 
  1.730e-01  7.789e-07 
 -8.590e-01  1.528e-07  6.371e-06 
  1.035e-01  1.502e-07  4.231e-07  8.934e-07 
 -4.528e-02 -1.227e-07  2.283e-07  2.327e-08  8.546e-07 
 -4.570e-04  6.638e-08  2.174e-08  3.533e-08 -3.997e-09  8.387e-07 
 -5.623e-04 -3.516e-10 -2.289e-10 -1.808e-10  5.056e-10  1.667e-10  6.981e-07 
  1.825e+00 -2.160e-07 -1.225e-06 -7.807e-07  1.060e-07  4.065e-07  9.738e-09  2.616e-05 
 -3.216e-09 -1.931e-15 -1.181e-15 -1.034e-15  2.887e-15  9.646e-16 -5.415e-17  4.163e-15  2.363e-17 
  1.365e+00  4.118e-07 -1.061e-07  7.822e-07  4.138e-09  5.465e-07  4.514e-10  1.756e-07  5.359e-16  2.243e-05 
 -1.815e+00  9.356e-07  1.424e-06  3.338e-07  3.616e-07  7.054e-07 -7.066e-09 -1.882e-06 -1.010e-14  2.735e-06  2.775e-05 
 PARAMETER  CORRELATION COEFFICIENTS  
       NO.  GLOBAL      1      3      4      6      8      9     20     21     22     23     24
        1  0.34593   1.000  0.096 -0.166  0.053 -0.024 -0.000 -0.000  0.174 -0.000  0.141 -0.168
        3  0.34245   0.096  1.000  0.069  0.180 -0.150  0.082 -0.000 -0.048 -0.000  0.099  0.201
        4  0.28066  -0.166  0.069  1.000  0.177  0.098  0.009 -0.000 -0.095 -0.000 -0.009  0.107
        6  0.33444   0.053  0.180  0.177  1.000  0.027  0.041 -0.000 -0.161 -0.000  0.175  0.067
        8  0.21618  -0.024 -0.150  0.098  0.027  1.000 -0.005  0.001  0.022  0.001  0.001  0.074
        9  0.21442  -0.000  0.082  0.009  0.041 -0.005  1.000  0.000  0.087  0.000  0.126  0.146
       20  0.00301  -0.000 -0.000 -0.000 -0.000  0.001  0.000  1.000  0.002 -0.000  0.000 -0.002
       21  0.27085   0.174 -0.048 -0.095 -0.161  0.022  0.087  0.002  1.000  0.000  0.007 -0.070
       22  0.00099  -0.000 -0.000 -0.000 -0.000  0.001  0.000 -0.000  0.000  1.000  0.000 -0.000
       23  0.27345   0.141  0.099 -0.009  0.175  0.001  0.126  0.000  0.007  0.000  1.000  0.110
       24  0.34157  -0.168  0.201  0.107  0.067  0.074  0.146 -0.002 -0.070 -0.000  0.110  1.000
MINUIT - FIT ONLY 1-y
 **********
 **   51 **RES 
 **********
                   PARAMETER   16  beta_vw RESTORED TO VARIABLE.
                   PARAMETER   14  alpha_vw RESTORED TO VARIABLE.
                   PARAMETER   13  beta_y RESTORED TO VARIABLE.
                   PARAMETER   11  alpha_y RESTORED TO VARIABLE.
                   PARAMETER   10  beta_2CBO RESTORED TO VARIABLE.
 **********
 **   52 **FIX            0
 **********
 PARAMETER    0  IS UNDEFINED. IGNORED.
 **********
 **   53 **FIX            1
 **********
 **********
 **   54 **FIX            2
 **********
 PARAMETER    2  IS CONSTANT.   IGNORED.
 **********
 **   55 **FIX            3
 **********
 **********
 **   56 **FIX            4
 **********
 **********
 **   57 **FIX            5
 **********
 PARAMETER    5  IS CONSTANT.   IGNORED.
 **********
 **   58 **FIX            6
 **********
 **********
 **   59 **FIX            7
 **********
 PARAMETER    7  IS CONSTANT.   IGNORED.
 **********
 **   60 **FIX            8
 **********
 **********
 **   61 **FIX            9
 **********
 **********
 **   62 **FIX           13
 **********
 **********
 **   63 **FIX           14
 **********
 **********
 **   64 **FIX           15
 **********
 PARAMETER   15  IS CONSTANT.   IGNORED.
 **********
 **   65 **FIX           16
 **********
 **********
 **   66 **MIGRAD
 **********
 START MIGRAD MINIMIZATION.  STRATEGY  1.  CONVERGENCE WHEN EDM .LT. 1.00e-04
 FCN=57.7206 FROM MIGRAD    STATUS=INITIATE       16 CALLS        1471 TOTAL
                     EDM= unknown      STRATEGY= 1      NO ERROR MATRIX       
  EXT PARAMETER               CURRENT GUESS       STEP         FIRST   
  NO.   NAME      VALUE            ERROR          SIZE      DERIVATIVE 
   1  N0           3.03533e+06     fixed    
   2  tau          6.44117e+01   constant   
   3  A0           3.50749e-01     fixed    
   4  phi          4.11790e+00     fixed    
   5  R           -6.15857e+01   constant   
   6  alpha_CBO    9.83895e-04     fixed    
   7  w_CBO        2.32500e+00   constant   
   8  beta_CBO    -3.55595e-03     fixed    
   9  alpha_2CBO  -1.97700e-03     fixed    
  10  beta_2CBO    1.42130e-03   9.17669e-04   9.17669e-04   7.03410e+02
  11  alpha_y      0.00000e+00   1.00000e-03   1.00000e-03  -1.95078e+03
  12  w_y          1.38860e+01   constant   
  13  beta_y      -5.16082e-04     fixed    
  14  alpha_vw     0.00000e+00     fixed    
  15  w_vw         1.43404e+01   constant   
  16  beta_vw      0.00000e+00     fixed    
  17  LM           1.09700e-04   constant   
  18  zeta_y       0.00000e+00   constant   
  19  zeta_vw      0.00000e+00   constant   
  20  T_CBO        9.99999e+02   9.49683e+02   9.33693e-03  -6.27051e-04
  21  alpha_A0     5.35648e-03   4.80749e-03   2.18109e-03  -1.18069e-03
  22  beta_A0      9.99998e-03   1.24418e-02   3.86657e-03  -3.65578e-03
  23  alpha_phi    1.94853e-04   4.56055e-03   1.70471e-03  -1.42696e-03
  24  beta_phi    -3.09896e-03   5.00242e-03   1.94796e-03  -3.45386e-04
 MIGRAD MINIMIZATION HAS CONVERGED.
 MIGRAD WILL VERIFY CONVERGENCE AND ERROR MATRIX.
 COVARIANCE MATRIX CALCULATED SUCCESSFULLY
 FCN=56.8474 FROM MIGRAD    STATUS=CONVERGED     114 CALLS        1569 TOTAL
                     EDM=1.76719e-07    STRATEGY= 1      ERROR MATRIX ACCURATE 
  EXT PARAMETER                                   STEP         FIRST   
  NO.   NAME      VALUE            ERROR          SIZE      DERIVATIVE 
   1  N0           3.03533e+06     fixed    
   2  tau          6.44117e+01   constant   
   3  A0           3.50749e-01     fixed    
   4  phi          4.11790e+00     fixed    
   5  R           -6.15857e+01   constant   
   6  alpha_CBO    9.83895e-04     fixed    
   7  w_CBO        2.32500e+00   constant   
   8  beta_CBO    -3.55595e-03     fixed    
   9  alpha_2CBO  -1.97700e-03     fixed    
  10  beta_2CBO    1.13175e-03   9.11530e-04   3.33773e-06   1.77397e-01
  11  alpha_y      7.90833e-04   9.00952e-04   3.34508e-06   6.63624e-02
  12  w_y          1.38860e+01   constant   
  13  beta_y      -5.16082e-04     fixed    
  14  alpha_vw     0.00000e+00     fixed    
  15  w_vw         1.43404e+01   constant   
  16  beta_vw      0.00000e+00     fixed    
  17  LM           1.09700e-04   constant   
  18  zeta_y       0.00000e+00   constant   
  19  zeta_vw      0.00000e+00   constant   
  20  T_CBO        1.00000e+03   9.66317e+02   9.70793e-03** at limit **
  21  alpha_A0     5.24415e-03   4.66564e-03   2.14905e-03  -4.58662e-04
  22  beta_A0      1.00000e-02   1.26546e-02   4.01541e-03** at limit **
  23  alpha_phi    2.84069e-04   4.45042e-03   1.69242e-03  -1.01506e-03
  24  beta_phi    -3.27756e-03   4.76971e-03   1.94529e-03  -2.41191e-04
 EXTERNAL ERROR MATRIX.    NDIM=  25    NPAR=  7    ERR DEF=1
  8.309e-07  2.676e-09 -3.643e-10  2.955e-07 -2.838e-15 -4.918e-07  3.942e-07 
  2.676e-09  8.117e-07 -2.109e-11 -9.118e-09 -1.633e-16 -8.597e-08 -4.166e-08 
 -3.643e-10 -2.109e-11  3.466e-07  7.070e-09 -4.155e-17  8.860e-10 -5.960e-09 
  2.955e-07 -9.118e-09  7.070e-09  2.438e-05  2.345e-15 -1.419e-07 -7.623e-07 
 -2.838e-15 -1.633e-16 -4.155e-17  2.345e-15  2.189e-17  3.815e-15 -1.304e-14 
 -4.918e-07 -8.597e-08  8.860e-10 -1.419e-07  3.815e-15  2.127e-05  2.126e-06 
  3.942e-07 -4.166e-08 -5.960e-09 -7.623e-07 -1.304e-14  2.126e-06  2.500e-05 
 PARAMETER  CORRELATION COEFFICIENTS  
       NO.  GLOBAL     10     11     20     21     22     23     24
       10  0.16687   1.000  0.003 -0.001  0.066 -0.001 -0.117  0.086
       11  0.02216   0.003  1.000 -0.000 -0.002 -0.000 -0.021 -0.009
       20  0.00322  -0.001 -0.000  1.000  0.002 -0.000  0.000 -0.002
       21  0.07548   0.066 -0.002  0.002  1.000  0.000 -0.006 -0.031
       22  0.00086  -0.001 -0.000 -0.000  0.000  1.000  0.000 -0.001
       23  0.15694  -0.117 -0.021  0.000 -0.006  0.000  1.000  0.092
       24  0.13967   0.086 -0.009 -0.002 -0.031 -0.001  0.092  1.000
MINUIT - FIT ONLY 2-y
 **********
 **   67 **RES 
 **********
                   PARAMETER   16  beta_vw RESTORED TO VARIABLE.
                   PARAMETER   14  alpha_vw RESTORED TO VARIABLE.
                   PARAMETER   13  beta_y RESTORED TO VARIABLE.
                   PARAMETER    9  alpha_2CBO RESTORED TO VARIABLE.
                   PARAMETER    8  beta_CBO RESTORED TO VARIABLE.
                   PARAMETER    6  alpha_CBO RESTORED TO VARIABLE.
                   PARAMETER    4  phi RESTORED TO VARIABLE.
                   PARAMETER    3  A0 RESTORED TO VARIABLE.
                   PARAMETER    1  N0 RESTORED TO VARIABLE.
 **********
 **   68 **FIX            0
 **********
 PARAMETER    0  IS UNDEFINED. IGNORED.
 **********
 **   69 **FIX            1
 **********
 **********
 **   70 **FIX            2
 **********
 PARAMETER    2  IS CONSTANT.   IGNORED.
 **********
 **   71 **FIX            3
 **********
 **********
 **   72 **FIX            4
 **********
 **********
 **   73 **FIX            5
 **********
 PARAMETER    5  IS CONSTANT.   IGNORED.
 **********
 **   74 **FIX            6
 **********
 **********
 **   75 **FIX            7
 **********
 PARAMETER    7  IS CONSTANT.   IGNORED.
 **********
 **   76 **FIX            8
 **********
 **********
 **   77 **FIX            9
 **********
 **********
 **   78 **FIX           10
 **********
 **********
 **   79 **FIX           11
 **********
 **********
 **   80 **FIX           12
 **********
 PARAMETER   12  IS CONSTANT.   IGNORED.
 **********
 **   81 **FIX           16
 **********
 **********
 **   82 **MIGRAD
 **********
 START MIGRAD MINIMIZATION.  STRATEGY  1.  CONVERGENCE WHEN EDM .LT. 1.00e-04
 FCN=56.8474 FROM MIGRAD    STATUS=INITIATE       16 CALLS        1585 TOTAL
                     EDM= unknown      STRATEGY= 1      NO ERROR MATRIX       
  EXT PARAMETER               CURRENT GUESS       STEP         FIRST   
  NO.   NAME      VALUE            ERROR          SIZE      DERIVATIVE 
   1  N0           3.03533e+06     fixed    
   2  tau          6.44117e+01   constant   
   3  A0           3.50749e-01     fixed    
   4  phi          4.11790e+00     fixed    
   5  R           -6.15857e+01   constant   
   6  alpha_CBO    9.83895e-04     fixed    
   7  w_CBO        2.32500e+00   constant   
   8  beta_CBO    -3.55595e-03     fixed    
   9  alpha_2CBO  -1.97700e-03     fixed    
  10  beta_2CBO    1.13175e-03     fixed    
  11  alpha_y      7.90833e-04     fixed    
  12  w_y          1.38860e+01   constant   
  13  beta_y      -5.16082e-04   8.89464e-04   8.89464e-04  -3.38502e+01
  14  alpha_vw     0.00000e+00   1.00000e-03   1.00000e-03   2.63794e+03
  15  w_vw         1.43404e+01   constant   
  16  beta_vw      0.00000e+00     fixed    
  17  LM           1.09700e-04   constant   
  18  zeta_y       0.00000e+00   constant   
  19  zeta_vw      0.00000e+00   constant   
  20  T_CBO        9.99999e+02   9.66317e+02   9.70793e-03  -5.70627e-04
  21  alpha_A0     5.24415e-03   4.66564e-03   2.14905e-03  -4.68463e-04
  22  beta_A0      9.99998e-03   1.26546e-02   4.01541e-03  -3.33340e-03
  23  alpha_phi    2.84069e-04   4.45042e-03   1.69242e-03  -1.01630e-03
  24  beta_phi    -3.27756e-03   4.76971e-03   1.94529e-03  -2.33786e-04
 MIGRAD MINIMIZATION HAS CONVERGED.
 MIGRAD WILL VERIFY CONVERGENCE AND ERROR MATRIX.
 COVARIANCE MATRIX CALCULATED SUCCESSFULLY
 FCN=55.3165 FROM MIGRAD    STATUS=CONVERGED     114 CALLS        1683 TOTAL
                     EDM=8.02297e-07    STRATEGY= 1      ERROR MATRIX ACCURATE 
  EXT PARAMETER                                   STEP         FIRST   
  NO.   NAME      VALUE            ERROR          SIZE      DERIVATIVE 
   1  N0           3.03533e+06     fixed    
   2  tau          6.44117e+01   constant   
   3  A0           3.50749e-01     fixed    
   4  phi          4.11790e+00     fixed    
   5  R           -6.15857e+01   constant   
   6  alpha_CBO    9.83895e-04     fixed    
   7  w_CBO        2.32500e+00   constant   
   8  beta_CBO    -3.55595e-03     fixed    
   9  alpha_2CBO  -1.97700e-03     fixed    
  10  beta_2CBO    1.13175e-03     fixed    
  11  alpha_y      7.90833e-04     fixed    
  12  w_y          1.38860e+01   constant   
  13  beta_y      -8.63382e-04   9.39329e-04   3.27106e-06   5.82930e-02
  14  alpha_vw    -1.16516e-03   9.41753e-04   3.28006e-06   3.76173e-03
  15  w_vw         1.43404e+01   constant   
  16  beta_vw      0.00000e+00     fixed    
  17  LM           1.09700e-04   constant   
  18  zeta_y       0.00000e+00   constant   
  19  zeta_vw      0.00000e+00   constant   
  20  T_CBO        1.00000e+03   9.57704e+02   9.37348e-03** at limit **
  21  alpha_A0     5.26120e-03   4.65651e-03   2.12059e-03   1.10602e-03
  22  beta_A0      1.00000e-02   1.25377e-02   3.87203e-03** at limit **
  23  alpha_phi    2.30827e-04   4.42161e-03   1.66955e-03  -2.31031e-03
  24  beta_phi    -3.20055e-03   4.75585e-03   1.91851e-03   8.16473e-04
 EXTERNAL ERROR MATRIX.    NDIM=  25    NPAR=  7    ERR DEF=1
  8.823e-07  2.746e-07  3.161e-09 -1.451e-08  2.633e-14 -2.028e-08 -1.137e-07 
  2.746e-07  8.869e-07  2.316e-09 -1.264e-08  1.920e-14  3.845e-08 -5.768e-08 
  3.161e-09  2.316e-09  1.093e-03  3.794e-07 -1.411e-13  3.143e-08 -2.993e-07 
 -1.451e-08 -1.264e-08  3.794e-07  2.428e-05  1.846e-13  3.166e-08 -9.009e-07 
  2.633e-14  1.920e-14 -1.411e-13  1.846e-13  7.919e-14  1.182e-13 -6.566e-13 
 -2.028e-08  3.845e-08  3.143e-08  3.166e-08  1.182e-13  2.098e-05  2.357e-06 
 -1.137e-07 -5.768e-08 -2.993e-07 -9.009e-07 -6.566e-13  2.357e-06  2.482e-05 
 PARAMETER  CORRELATION COEFFICIENTS  
       NO.  GLOBAL     13     14     20     21     22     23     24
       13  0.31119   1.000  0.310  0.000 -0.003  0.000 -0.005 -0.024
       14  0.31069   0.310  1.000  0.000 -0.003  0.000  0.009 -0.012
       20  0.00293   0.000  0.000  1.000  0.002 -0.000  0.000 -0.002
       21  0.03741  -0.003 -0.003  0.002  1.000  0.000  0.001 -0.037
       22  0.00051   0.000  0.000 -0.000  0.000  1.000  0.000 -0.000
       23  0.10405  -0.005  0.009  0.000  0.001  0.000  1.000  0.103
       24  0.11240  -0.024 -0.012 -0.002 -0.037 -0.000  0.103  1.000
MINUIT - FIT ALTOGETHER
 **********
