 + ++++++++++++++++++++++++++++++++++++++++++++++++++++++++++++++++++++ +
 +                                                                      +
 +           You have chose to blind your fitting according to          +
 +                omega_ref * (1 + (R +/- deltaR) *10^{-6})             +
 +                                                                      +
 + ++++++++++++++++++++++++++++++++++++++++++++++++++++++++++++++++++++ +
In main()...
reading format from /gm2data/zkhechad/run45/envelope/formats/formatB_sBin_constraintOn.txt
pBinTau 	= 0  
pBinPhi 	= 0  
constraintau 	= 1 
includeMopTerm 	= 0    
constrainMop    = 0   
Parameters after format file: pBinTau 0 pBinPhi 0 constraintau 1 includeMopTerm 0 constrainMop 0 c_e_scale 0.000000 
Opening file /gm2data/tbarrett/gm2fr/studies/run23_bunch_corrections/CorrectedFourier_Run3b.root.
reading full fit data from /gm2data/zkhechad/cboTemplates/Run4CBOTemplates/fullFits/noRF/sBin_constraintOn_cE0.0_seed0_noRF_calo14.root
windowBins = 69
fitting sliding window 2100 from bin 2236 at 333.462000 to bin 2305 at 343.906000 (69 bins)

Reading data from /gm2data/cornell/histograms/aMethod/histogram_a_noRF.root
 **********
 **    1 **SET PRINTOUT            1
 **********
 **********
 **    2 **SET NOWARNINGS 
 **********
 PARAMETER DEFINITIONS:
    NO.   NAME         VALUE      STEP SIZE      LIMITS
     1 N0           3.41750e+06  1.00000e+02     no limits
     2 tau          6.44063e+01  constant
     3 A0           3.61912e-01  1.00000e-04     no limits
     4 phi          4.12132e+00  1.00000e-02     no limits
     5 R           -6.04192e+01  constant
     6 alpha_CBO    0.00000e+00  1.00000e-03     no limits
     7 w_CBO        2.32500e+00  constant
     8 beta_CBO     0.00000e+00  1.00000e-03     no limits
     9 alpha_2CBO   0.00000e+00  1.00000e-03     no limits
    10 beta_2CBO    0.00000e+00  1.00000e-03     no limits
    11 alpha_y      0.00000e+00  1.00000e-03     no limits
    12 w_y          1.38860e+01  constant
    13 beta_y       0.00000e+00  1.00000e-03     no limits
    14 alpha_vw     0.00000e+00  1.00000e-03     no limits
    15 w_vw         1.43404e+01  constant
    16 beta_vw      0.00000e+00  1.00000e-03     no limits
    17 LM           8.43198e-05  constant
    18 zeta_y       0.00000e+00  constant
    19 zeta_vw      0.00000e+00  constant
    20 T_CBO        1.00000e+02  1.00000e+00    0.00000e+00  1.00000e+03
    21 alpha_A0     0.00000e+00  1.00000e-03     no limits
    22 beta_A0      0.00000e+00  1.00000e-03     no limits
    23 alpha_phi    0.00000e+00  1.00000e-03     no limits
    24 beta_phi     0.00000e+00  1.00000e-03     no limits
MINUIT - FIT ONLY WIGGLE
 **********
 **    3 **FIX            5
 **********
 PARAMETER    5  IS CONSTANT.   IGNORED.
 **********
 **    4 **FIX            6
 **********
 **********
 **    5 **FIX            7
 **********
 PARAMETER    7  IS CONSTANT.   IGNORED.
 **********
 **    6 **FIX            8
 **********
 **********
 **    7 **FIX            9
 **********
 **********
 **    8 **FIX           10
 **********
 **********
 **    9 **FIX           11
 **********
 **********
 **   10 **FIX           12
 **********
 PARAMETER   12  IS CONSTANT.   IGNORED.
 **********
 **   11 **FIX           13
 **********
 **********
 **   12 **FIX           14
 **********
 **********
 **   13 **FIX           15
 **********
 PARAMETER   15  IS CONSTANT.   IGNORED.
 **********
 **   14 **FIX           16
 **********
 **********
 **   15 **MIGRAD
 **********
 FIRST CALL TO USER FUNCTION AT NEW START POINT, WITH IFLAG=4.
 START MIGRAD MINIMIZATION.  STRATEGY  1.  CONVERGENCE WHEN EDM .LT. 1.00e-04
 FCN=76.5971 FROM MIGRAD    STATUS=INITIATE      437 CALLS         438 TOTAL
                     EDM= unknown      STRATEGY= 1      NO ERROR MATRIX       
  EXT PARAMETER               CURRENT GUESS       STEP         FIRST   
  NO.   NAME      VALUE            ERROR          SIZE      DERIVATIVE 
   1  N0           3.41750e+06   1.00000e+02   0.00000e+00  -2.23788e-05
   2  tau          6.44063e+01   constant   
   3  A0           3.61912e-01   1.00000e-04   0.00000e+00   3.09852e+03
   4  phi          4.12132e+00   1.00000e-02   0.00000e+00  -1.82710e+02
   5  R           -6.04192e+01   constant   
   6  alpha_CBO    0.00000e+00     fixed    
   7  w_CBO        2.32500e+00   constant   
   8  beta_CBO     0.00000e+00     fixed    
   9  alpha_2CBO   0.00000e+00     fixed    
  10  beta_2CBO    0.00000e+00     fixed    
  11  alpha_y      0.00000e+00     fixed    
  12  w_y          1.38860e+01   constant   
  13  beta_y       0.00000e+00     fixed    
  14  alpha_vw     0.00000e+00     fixed    
  15  w_vw         1.43404e+01   constant   
  16  beta_vw      0.00000e+00     fixed    
  17  LM           8.43198e-05   constant   
  18  zeta_y       0.00000e+00   constant   
  19  zeta_vw      0.00000e+00   constant   
  20  T_CBO        1.00000e+02   1.00000e+00   0.00000e+00   0.00000e+00
  21  alpha_A0     0.00000e+00   1.00000e-03   0.00000e+00   3.99568e+01
  22  beta_A0      0.00000e+00   1.00000e-03   0.00000e+00  -8.88755e+00
  23  alpha_phi    0.00000e+00   1.00000e-03   0.00000e+00  -3.77860e+01
  24  beta_phi     0.00000e+00   1.00000e-03   0.00000e+00   1.03535e+01
 CALL LIMIT EXCEEDED IN MIGRAD.
 MIGRAD TERMINATED WITHOUT CONVERGENCE.
 FCN=69.6935 FROM MIGRAD    STATUS=CALL LIMIT   1335 CALLS        1336 TOTAL
                     EDM=0.000572304    STRATEGY= 1  ERROR MATRIX UNCERTAINTY   0.4 per cent
  EXT PARAMETER                APPROXIMATE        STEP         FIRST   
  NO.   NAME      VALUE            ERROR          SIZE      DERIVATIVE 
   1  N0           3.41755e+06   1.85032e+03  -1.26305e+00  -3.03779e-06
   2  tau          6.44063e+01   constant   
   3  A0           3.61253e-01   7.26288e-04  -1.85455e-07  -2.77114e-01
   4  phi          4.12164e+00   2.17949e-03  -6.07041e-06   5.39442e+00
   5  R           -6.04192e+01   constant   
   6  alpha_CBO    0.00000e+00     fixed    
   7  w_CBO        2.32500e+00   constant   
   8  beta_CBO     0.00000e+00     fixed    
   9  alpha_2CBO   0.00000e+00     fixed    
  10  beta_2CBO    0.00000e+00     fixed    
  11  alpha_y      0.00000e+00     fixed    
  12  w_y          1.38860e+01   constant   
  13  beta_y       0.00000e+00     fixed    
  14  alpha_vw     0.00000e+00     fixed    
  15  w_vw         1.43404e+01   constant   
  16  beta_vw      0.00000e+00     fixed    
  17  LM           8.43198e-05   constant   
  18  zeta_y       0.00000e+00   constant   
  19  zeta_vw      0.00000e+00   constant   
  20  T_CBO        5.00475e+01   2.85498e+01  -2.53864e-03  -3.09030e+00
  21  alpha_A0    -4.27034e+00   1.50015e+01  -2.83449e-01   1.51557e-02
  22  beta_A0      8.03199e-01   2.55805e+00   4.83506e-02  -2.84642e-02
  23  alpha_phi    3.69959e+00   1.30182e+01   2.45919e-01  -2.74021e-02
  24  beta_phi    -1.63850e+00   6.64398e+00  -1.25090e-01  -3.60850e-02
 EXTERNAL ERROR MATRIX.    NDIM=  25    NPAR=  8    ERR DEF=1
  3.424e+06 -3.916e-02  3.943e-01  2.375e+03  1.496e+03 -2.572e+02 -1.311e+03  6.939e+02 
 -3.916e-02  5.275e-07  4.584e-08  1.196e-03  5.741e-04 -9.467e-05 -4.960e-04  2.617e-04 
  3.943e-01  4.584e-08  4.750e-06  2.050e-03  6.995e-04 -9.639e-05 -5.989e-04  3.658e-04 
  2.375e+03  1.196e-03  2.050e-03  8.198e+02  4.285e+02 -7.303e+01 -3.719e+02  1.896e+02 
  1.496e+03  5.741e-04  6.995e-04  4.285e+02  2.250e+02 -3.834e+01 -1.953e+02  9.961e+01 
 -2.572e+02 -9.467e-05 -9.639e-05 -7.303e+01 -3.834e+01  6.544e+00  3.327e+01 -1.696e+01 
 -1.311e+03 -4.960e-04 -5.989e-04 -3.719e+02 -1.953e+02  3.327e+01  1.695e+02 -8.645e+01 
  6.939e+02  2.617e-04  3.658e-04  1.896e+02  9.961e+01 -1.696e+01 -8.645e+01  4.414e+01 
ERR MATRIX APPROXIMATE
 PARAMETER  CORRELATION COEFFICIENTS  
       NO.  GLOBAL      1      3      4     20     21     22     23     24
        1  0.20357   1.000 -0.029  0.098  0.045  0.054 -0.054 -0.054  0.056
        3  0.12393  -0.029  1.000  0.029  0.057  0.053 -0.051 -0.052  0.054
        4  0.27942   0.098  0.029  1.000  0.033  0.021 -0.017 -0.021  0.025
       20  0.99800   0.045  0.057  0.033  1.000  0.998 -0.997 -0.998  0.997
       21  0.99996   0.054  0.053  0.021  0.998  1.000 -0.999 -1.000  0.999
       22  0.99925  -0.054 -0.051 -0.017 -0.997 -0.999  1.000  0.999 -0.998
       23  0.99996  -0.054 -0.052 -0.021 -0.998 -1.000  0.999  1.000 -0.999
       24  0.99956   0.056  0.054  0.025  0.997  0.999 -0.998 -0.999  1.000
 ERR MATRIX APPROXIMATE
MINUIT - FIT ONLY 1-CBO + wiggle
 **********
 **   16 **RES 
 **********
                   PARAMETER   16  beta_vw RESTORED TO VARIABLE.
                   PARAMETER   14  alpha_vw RESTORED TO VARIABLE.
                   PARAMETER   13  beta_y RESTORED TO VARIABLE.
                   PARAMETER   11  alpha_y RESTORED TO VARIABLE.
                   PARAMETER   10  beta_2CBO RESTORED TO VARIABLE.
                   PARAMETER    9  alpha_2CBO RESTORED TO VARIABLE.
                   PARAMETER    8  beta_CBO RESTORED TO VARIABLE.
                   PARAMETER    6  alpha_CBO RESTORED TO VARIABLE.
 **********
 **   17 **FIX            8
 **********
 **********
 **   18 **FIX            9
 **********
 **********
 **   19 **FIX           11
 **********
 **********
 **   20 **FIX           12
 **********
 PARAMETER   12  IS CONSTANT.   IGNORED.
 **********
 **   21 **FIX           14
 **********
 **********
 **   22 **FIX           15
 **********
 PARAMETER   15  IS CONSTANT.   IGNORED.
 **********
 **   23 **FIX           16
 **********
 **********
 **   24 **MIGRAD
 **********
 START MIGRAD MINIMIZATION.  STRATEGY  1.  CONVERGENCE WHEN EDM .LT. 1.00e-04
 FCN=69.6935 FROM MIGRAD    STATUS=INITIATE       28 CALLS        1364 TOTAL
                     EDM= unknown      STRATEGY= 1      NO ERROR MATRIX       
  EXT PARAMETER               CURRENT GUESS       STEP         FIRST   
  NO.   NAME      VALUE            ERROR          SIZE      DERIVATIVE 
   1  N0           3.41755e+06   1.85032e+03  -1.26305e+00  -3.03779e-06
   2  tau          6.44063e+01   constant   
   3  A0           3.61253e-01   7.26288e-04  -1.85455e-07  -2.77114e-01
   4  phi          4.12164e+00   2.17949e-03  -6.07041e-06   5.39442e+00
   5  R           -6.04192e+01   constant   
   6  alpha_CBO    0.00000e+00   1.00000e-03   1.00000e-03  -3.49224e+03
   7  w_CBO        2.32500e+00   constant   
   8  beta_CBO     0.00000e+00     fixed    
   9  alpha_2CBO   0.00000e+00     fixed    
  10  beta_2CBO    0.00000e+00   1.00000e-03   1.00000e-03   5.34675e+03
  11  alpha_y      0.00000e+00     fixed    
  12  w_y          1.38860e+01   constant   
  13  beta_y       0.00000e+00   1.00000e-03   1.00000e-03   1.38296e+03
  14  alpha_vw     0.00000e+00     fixed    
  15  w_vw         1.43404e+01   constant   
  16  beta_vw      0.00000e+00     fixed    
  17  LM           8.43198e-05   constant   
  18  zeta_y       0.00000e+00   constant   
  19  zeta_vw      0.00000e+00   constant   
  20  T_CBO        5.00475e+01   2.85498e+01  -2.53864e-03  -3.09031e+00
  21  alpha_A0    -4.27034e+00   1.50015e+01  -2.83449e-01   1.51557e-02
  22  beta_A0      8.03199e-01   2.55805e+00   4.83506e-02  -2.84642e-02
  23  alpha_phi    3.69959e+00   1.30182e+01   2.45919e-01  -2.74021e-02
  24  beta_phi    -1.63850e+00   6.64398e+00  -1.25090e-01  -3.60850e-02
 CALL LIMIT EXCEEDED IN MIGRAD.
 MIGRAD TERMINATED WITHOUT CONVERGENCE.
 FCN=62.8689 FROM MIGRAD    STATUS=CALL LIMIT   1911 CALLS        3247 TOTAL
                     EDM=0.00288686    STRATEGY= 1  ERROR MATRIX UNCERTAINTY  25.2 per cent
  EXT PARAMETER                APPROXIMATE        STEP         FIRST   
  NO.   NAME      VALUE            ERROR          SIZE      DERIVATIVE 
   1  N0           3.41758e+06   1.97490e+03   4.71580e+01   2.52515e-05
   2  tau          6.44063e+01   constant   
   3  A0           3.61158e-01   7.83766e-04   1.00944e-06   5.13263e+00
   4  phi          4.12112e+00   2.25351e-03  -1.53472e-06   1.06267e+00
   5  R           -6.04192e+01   constant   
   6  alpha_CBO    1.05021e-03   7.98801e-04  -9.93370e-06  -3.30689e+01
   7  w_CBO        2.32500e+00   constant   
   8  beta_CBO     0.00000e+00     fixed    
   9  alpha_2CBO   0.00000e+00     fixed    
  10  beta_2CBO   -1.69356e-03   7.97194e-04  -2.49398e-06  -4.74311e+00
  11  alpha_y      0.00000e+00     fixed    
  12  w_y          1.38860e+01   constant   
  13  beta_y      -4.74226e-04   7.53366e-04  -2.76997e-05  -7.71023e+01
  14  alpha_vw     0.00000e+00     fixed    
  15  w_vw         1.43404e+01   constant   
  16  beta_vw      0.00000e+00     fixed    
  17  LM           8.43198e-05   constant   
  18  zeta_y       0.00000e+00   constant   
  19  zeta_vw      0.00000e+00   constant   
  20  T_CBO        2.51938e+01   1.18510e+01  -5.12640e-03  -1.79097e+00
  21  alpha_A0    -2.55393e+03   1.13104e+04  -8.86813e+02   1.93492e-05
  22  beta_A0      1.04695e+03   4.55007e+03   3.56552e+02  -5.97864e-05
  23  alpha_phi    2.52812e+03   1.13231e+04   8.88069e+02   4.45636e-05
  24  beta_phi    -7.93512e+02   3.49605e+03  -2.74074e+02   4.67914e-05
 EXTERNAL ERROR MATRIX.    NDIM=  25    NPAR= 11    ERR DEF=1
  3.900e+06 
 -1.948e-01  6.143e-07 
  3.746e-01  6.375e-08  5.078e-06 
  3.328e-03 -1.032e-07 -2.818e-07  6.381e-07 
 -2.369e-02 -1.012e-08 -2.935e-08  1.032e-08  6.355e-07 
  9.879e-02 -6.807e-09  3.914e-08 -1.823e-08  3.977e-09  5.676e-07 
  4.549e+01 -2.174e-04  1.476e-03  1.208e-05  3.509e-05  4.128e-04  1.407e+02 
  4.113e+04 -3.715e-01  1.333e+00  1.783e-01 -3.396e-02  4.592e-01  1.316e+05  1.279e+08 
 -1.890e+04  1.501e-01 -5.367e-01 -7.162e-02  1.337e-02 -1.846e-01 -5.295e+04 -5.146e+07  2.070e+07 
 -4.245e+04  3.722e-01 -1.335e+00 -1.785e-01  3.392e-02 -4.602e-01 -1.317e+05 -1.281e+08  5.152e+07  1.282e+08 
  1.368e+04 -1.151e-01  4.122e-01  5.524e-02 -1.049e-02  1.419e-01  4.068e+04  3.954e+07 -1.591e+07 -3.959e+07  1.222e+07 
ERR MATRIX APPROXIMATE
 PARAMETER  CORRELATION COEFFICIENTS  
       NO.  GLOBAL      1      3      4      6     10     13     20     21     22     23     24
        1  0.32325   1.000 -0.126  0.084  0.002 -0.015  0.066  0.002  0.002 -0.002 -0.002  0.002
        3  0.28246  -0.126  1.000  0.036 -0.165 -0.016 -0.012 -0.023 -0.042  0.042  0.042 -0.042
        4  0.19145   0.084  0.036  1.000 -0.157 -0.016  0.023  0.055  0.052 -0.052 -0.052  0.052
        6  0.25238   0.002 -0.165 -0.157  1.000  0.016 -0.030  0.001  0.020 -0.020 -0.020  0.020
       10  0.10677  -0.015 -0.016 -0.016  0.016  1.000  0.007  0.004 -0.004  0.004  0.004 -0.004
       13  0.10536   0.066 -0.012  0.023 -0.030  0.007  1.000  0.046  0.054 -0.054 -0.054  0.054
       20  0.98738   0.002 -0.023  0.055  0.001  0.004  0.046  1.000  0.981 -0.981 -0.981  0.981
       21  1.00000   0.002 -0.042  0.052  0.020 -0.004  0.054  0.981  1.000 -1.000 -1.000  1.000
       22  1.00000  -0.002  0.042 -0.052 -0.020  0.004 -0.054 -0.981 -1.000  1.000  1.000 -1.000
       23  1.00000  -0.002  0.042 -0.052 -0.020  0.004 -0.054 -0.981 -1.000  1.000  1.000 -1.000
       24  1.00000   0.002 -0.042  0.052  0.020 -0.004  0.054  0.981  1.000 -1.000 -1.000  1.000
 ERR MATRIX APPROXIMATE
MINUIT - FIT ONLY 2-CBO
 **********
 **   25 **RES 
 **********
                   PARAMETER   16  beta_vw RESTORED TO VARIABLE.
                   PARAMETER   14  alpha_vw RESTORED TO VARIABLE.
                   PARAMETER   11  alpha_y RESTORED TO VARIABLE.
                   PARAMETER    9  alpha_2CBO RESTORED TO VARIABLE.
                   PARAMETER    8  beta_CBO RESTORED TO VARIABLE.
 **********
 **   26 **FIX            0
 **********
 PARAMETER    0  IS UNDEFINED. IGNORED.
 **********
 **   27 **FIX            1
 **********
 **********
 **   28 **FIX            2
 **********
 PARAMETER    2  IS CONSTANT.   IGNORED.
 **********
 **   29 **FIX            3
 **********
 **********
 **   30 **FIX            4
 **********
 **********
 **   31 **FIX            5
 **********
 PARAMETER    5  IS CONSTANT.   IGNORED.
 **********
 **   32 **FIX            6
 **********
 **********
 **   33 **FIX            7
 **********
 PARAMETER    7  IS CONSTANT.   IGNORED.
 **********
 **   34 **FIX           10
 **********
 **********
 **   35 **FIX           11
 **********
 **********
 **   36 **FIX           12
 **********
 PARAMETER   12  IS CONSTANT.   IGNORED.
 **********
 **   37 **FIX           13
 **********
 **********
 **   38 **FIX           14
 **********
 **********
 **   39 **FIX           15
 **********
 PARAMETER   15  IS CONSTANT.   IGNORED.
 **********
 **   40 **FIX           16
 **********
 **********
 **   41 **MIGRAD
 **********
 START MIGRAD MINIMIZATION.  STRATEGY  1.  CONVERGENCE WHEN EDM .LT. 1.00e-04
 FCN=62.8689 FROM MIGRAD    STATUS=INITIATE       18 CALLS        3265 TOTAL
                     EDM= unknown      STRATEGY= 1      NO ERROR MATRIX       
  EXT PARAMETER               CURRENT GUESS       STEP         FIRST   
  NO.   NAME      VALUE            ERROR          SIZE      DERIVATIVE 
   1  N0           3.41758e+06     fixed    
   2  tau          6.44063e+01   constant   
   3  A0           3.61158e-01     fixed    
   4  phi          4.12112e+00     fixed    
   5  R           -6.04192e+01   constant   
   6  alpha_CBO    1.05021e-03     fixed    
   7  w_CBO        2.32500e+00   constant   
   8  beta_CBO     0.00000e+00   1.00000e-03   1.00000e-03   7.13242e+03
   9  alpha_2CBO   0.00000e+00   1.00000e-03   1.00000e-03  -2.33171e+03
  10  beta_2CBO   -1.69356e-03     fixed    
  11  alpha_y      0.00000e+00     fixed    
  12  w_y          1.38860e+01   constant   
  13  beta_y      -4.74226e-04     fixed    
  14  alpha_vw     0.00000e+00     fixed    
  15  w_vw         1.43404e+01   constant   
  16  beta_vw      0.00000e+00     fixed    
  17  LM           8.43198e-05   constant   
  18  zeta_y       0.00000e+00   constant   
  19  zeta_vw      0.00000e+00   constant   
  20  T_CBO        2.51938e+01   1.18510e+01  -5.12640e-03  -1.79113e+00
  21  alpha_A0    -2.55393e+03   1.13104e+04  -8.86813e+02   1.93492e-05
  22  beta_A0      1.04695e+03   4.55007e+03   3.56552e+02  -5.97864e-05
  23  alpha_phi    2.52812e+03   1.13231e+04   8.88069e+02   4.45636e-05
  24  beta_phi    -7.93512e+02   3.49605e+03  -2.74074e+02   4.67914e-05
 CALL LIMIT EXCEEDED IN MIGRAD.
 MIGRAD TERMINATED WITHOUT CONVERGENCE.
 FCN=53.1575 FROM MIGRAD    STATUS=CALL LIMIT   1155 CALLS        4402 TOTAL
                     EDM=0.00107289    STRATEGY= 1  ERROR MATRIX UNCERTAINTY  24.5 per cent
  EXT PARAMETER                APPROXIMATE        STEP         FIRST   
  NO.   NAME      VALUE            ERROR          SIZE      DERIVATIVE 
   1  N0           3.41758e+06     fixed    
   2  tau          6.44063e+01   constant   
   3  A0           3.61158e-01     fixed    
   4  phi          4.12112e+00     fixed    
   5  R           -6.04192e+01   constant   
   6  alpha_CBO    1.05021e-03     fixed    
   7  w_CBO        2.32500e+00   constant   
   8  beta_CBO    -2.39046e-03   7.65182e-04  -8.55693e-06  -3.07980e+01
   9  alpha_2CBO   9.75222e-04   7.63546e-04   8.31580e-06   2.79759e+01
  10  beta_2CBO   -1.69356e-03     fixed    
  11  alpha_y      0.00000e+00     fixed    
  12  w_y          1.38860e+01   constant   
  13  beta_y      -4.74226e-04     fixed    
  14  alpha_vw     0.00000e+00     fixed    
  15  w_vw         1.43404e+01   constant   
  16  beta_vw      0.00000e+00     fixed    
  17  LM           8.43198e-05   constant   
  18  zeta_y       0.00000e+00   constant   
  19  zeta_vw      0.00000e+00   constant   
  20  T_CBO        1.77549e+01   4.61926e+00  -9.34384e-04  -8.66730e+00
  21  alpha_A0    -7.94864e+05   3.46967e+06  -8.63682e+04   5.60161e-09
  22  beta_A0      3.63090e+05   1.58855e+06   3.95382e+04  -9.92322e-08
  23  alpha_phi    6.16011e+05   2.69381e+06   6.70463e+04  -3.65592e-08
  24  beta_phi    -1.78502e+05   7.93589e+05  -1.97404e+04   8.82287e-08
 EXTERNAL ERROR MATRIX.    NDIM=  25    NPAR=  7    ERR DEF=1
  5.855e-07 -2.849e-08  4.983e-04  3.863e+02 -1.769e+02 -3.000e+02  8.831e+01 
 -2.849e-08  5.830e-07 -4.734e-04 -3.959e+02  1.813e+02  3.070e+02 -9.060e+01 
  4.983e-04 -4.734e-04  2.135e+01  1.598e+07 -7.316e+06 -1.241e+07  3.655e+06 
  3.863e+02 -3.959e+02  1.598e+07  1.204e+13 -5.512e+12 -9.347e+12  2.753e+12 
 -1.769e+02  1.813e+02 -7.316e+06 -5.512e+12  2.523e+12  4.279e+12 -1.261e+12 
 -3.000e+02  3.070e+02 -1.241e+07 -9.347e+12  4.279e+12  7.257e+12 -2.138e+12 
  8.831e+01 -9.060e+01  3.655e+06  2.753e+12 -1.261e+12 -2.138e+12  6.298e+11 
ERR MATRIX APPROXIMATE
 PARAMETER  CORRELATION COEFFICIENTS  
       NO.  GLOBAL      8      9     20     21     22     23     24
        8  0.16715   1.000 -0.049  0.141  0.146 -0.146 -0.146  0.145
        9  0.31066  -0.049  1.000 -0.134 -0.149  0.150  0.149 -0.150
       20  0.99718   0.141 -0.134  1.000  0.997 -0.997 -0.997  0.997
       21  1.00000   0.146 -0.149  0.997  1.000 -1.000 -1.000  1.000
       22  1.00000  -0.146  0.150 -0.997 -1.000  1.000  1.000 -1.000
       23  1.00000  -0.146  0.149 -0.997 -1.000  1.000  1.000 -1.000
       24  1.00000   0.145 -0.150  0.997  1.000 -1.000 -1.000  1.000
 ERR MATRIX APPROXIMATE
MINUIT - FIT wiggle + 1-CBO + 2-CBO
 **********
 **   42 **RES 
 **********
                   PARAMETER   16  beta_vw RESTORED TO VARIABLE.
                   PARAMETER   14  alpha_vw RESTORED TO VARIABLE.
                   PARAMETER   13  beta_y RESTORED TO VARIABLE.
                   PARAMETER   11  alpha_y RESTORED TO VARIABLE.
                   PARAMETER   10  beta_2CBO RESTORED TO VARIABLE.
                   PARAMETER    6  alpha_CBO RESTORED TO VARIABLE.
                   PARAMETER    4  phi RESTORED TO VARIABLE.
                   PARAMETER    3  A0 RESTORED TO VARIABLE.
                   PARAMETER    1  N0 RESTORED TO VARIABLE.
 **********
 **   43 **FIX           10
 **********
 **********
 **   44 **FIX           11
 **********
 **********
 **   45 **FIX           12
 **********
 PARAMETER   12  IS CONSTANT.   IGNORED.
 **********
 **   46 **FIX           13
 **********
 **********
 **   47 **FIX           14
 **********
 **********
 **   48 **FIX           15
 **********
 PARAMETER   15  IS CONSTANT.   IGNORED.
 **********
 **   49 **FIX           16
 **********
 **********
 **   50 **MIGRAD
 **********
 START MIGRAD MINIMIZATION.  STRATEGY  1.  CONVERGENCE WHEN EDM .LT. 1.00e-04
 FCN=53.1575 FROM MIGRAD    STATUS=INITIATE       22 CALLS        4424 TOTAL
                     EDM= unknown      STRATEGY= 1      NO ERROR MATRIX       
  EXT PARAMETER               CURRENT GUESS       STEP         FIRST   
  NO.   NAME      VALUE            ERROR          SIZE      DERIVATIVE 
   1  N0           3.41758e+06   1.97490e+03   1.97490e+03   3.18344e-04
   2  tau          6.44063e+01   constant   
   3  A0           3.61158e-01   7.83766e-04   7.83766e-04   8.77895e+02
   4  phi          4.12112e+00   2.25351e-03   2.25351e-03  -4.68984e+02
   5  R           -6.04192e+01   constant   
   6  alpha_CBO    1.05021e-03   7.98801e-04   7.98801e-04  -2.03156e+02
   7  w_CBO        2.32500e+00   constant   
   8  beta_CBO    -2.39046e-03   7.65182e-04  -8.55693e-06  -3.07980e+01
   9  alpha_2CBO   9.75222e-04   7.63546e-04   8.31580e-06   2.79759e+01
  10  beta_2CBO   -1.69356e-03     fixed    
  11  alpha_y      0.00000e+00     fixed    
  12  w_y          1.38860e+01   constant   
  13  beta_y      -4.74226e-04     fixed    
  14  alpha_vw     0.00000e+00     fixed    
  15  w_vw         1.43404e+01   constant   
  16  beta_vw      0.00000e+00     fixed    
  17  LM           8.43198e-05   constant   
  18  zeta_y       0.00000e+00   constant   
  19  zeta_vw      0.00000e+00   constant   
  20  T_CBO        1.77549e+01   4.61926e+00  -9.34384e-04  -8.66726e+00
  21  alpha_A0    -7.94864e+05   3.46967e+06  -8.63682e+04   5.60239e-09
  22  beta_A0      3.63090e+05   1.58855e+06   3.95382e+04  -9.92322e-08
  23  alpha_phi    6.16011e+05   2.69381e+06   6.70463e+04  -3.65592e-08
  24  beta_phi    -1.78502e+05   7.93589e+05  -1.97404e+04   8.82287e-08
 MIGRAD MINIMIZATION HAS CONVERGED.
 MIGRAD WILL VERIFY CONVERGENCE AND ERROR MATRIX.
 FCN=52.7053 FROM HESSE     STATUS=NOT POSDEF    100 CALLS        4644 TOTAL
                     EDM=0.000655053    STRATEGY= 1      ERR MATRIX NOT POS-DEF
  EXT PARAMETER                APPROXIMATE        STEP         FIRST   
  NO.   NAME      VALUE            ERROR          SIZE      DERIVATIVE 
   1  N0           3.41708e+06   2.05118e+03   6.48124e+00  -3.71739e-08
   2  tau          6.44063e+01   constant   
   3  A0           3.60911e-01   8.05481e-04   2.70825e-06   8.59918e-01
   4  phi          4.12223e+00   2.33511e-03   7.93063e-06   1.36430e-01
   5  R           -6.04192e+01   constant   
   6  alpha_CBO    1.10353e-03   8.08481e-04   2.77726e-06   4.31644e-01
   7  w_CBO        2.32500e+00   constant   
   8  beta_CBO    -2.49869e-03   8.25555e-04   2.87415e-06   5.38653e-01
   9  alpha_2CBO   1.00826e-03   8.16596e-04   2.83311e-06   3.23657e-01
  10  beta_2CBO   -1.69356e-03     fixed    
  11  alpha_y      0.00000e+00     fixed    
  12  w_y          1.38860e+01   constant   
  13  beta_y      -4.74226e-04     fixed    
  14  alpha_vw     0.00000e+00     fixed    
  15  w_vw         1.43404e+01   constant   
  16  beta_vw      0.00000e+00     fixed    
  17  LM           8.43198e-05   constant   
  18  zeta_y       0.00000e+00   constant   
  19  zeta_vw      0.00000e+00   constant   
  20  T_CBO        1.77396e+01   7.37476e+00   1.30042e-05   5.92264e-01
  21  alpha_A0    -7.82252e+05   6.23742e+06   2.07267e+01   1.21442e-09
  22  beta_A0      3.89658e+05   3.16608e+06   2.07269e+01   1.03644e-09
  23  alpha_phi    5.98727e+05   4.74793e+06   2.07268e+01  -2.92666e-09
  24  beta_phi    -1.80033e+05   1.56058e+06   2.07267e+01  -3.98394e-11
 CALL LIMIT EXCEEDED IN MIGRAD.
 MIGRAD TERMINATED WITHOUT CONVERGENCE.
 FCN=52.6807 FROM MIGRAD    STATUS=CALL LIMIT   1931 CALLS        6333 TOTAL
                     EDM=0.000720631    STRATEGY= 1      ERR MATRIX NOT POS-DEF
  EXT PARAMETER                APPROXIMATE        STEP         FIRST   
  NO.   NAME      VALUE            ERROR          SIZE      DERIVATIVE 
   1  N0           3.41705e+06   1.98807e+03  -6.75289e+00  -1.54878e-06
   2  tau          6.44063e+01   constant   
   3  A0           3.60929e-01   8.04814e-04   1.28934e-06   4.16189e+00
   4  phi          4.12214e+00   2.31738e-03  -5.24671e-06  -6.80241e-01
   5  R           -6.04192e+01   constant   
   6  alpha_CBO    1.10516e-03   8.09666e-04  -2.81034e-07  -6.61250e+00
   7  w_CBO        2.32500e+00   constant   
   8  beta_CBO    -2.49442e-03   8.23734e-04  -2.67359e-07  -5.18268e+00
   9  alpha_2CBO   1.01998e-03   8.24494e-04  -1.50252e-06   3.30748e+00
  10  beta_2CBO   -1.69356e-03     fixed    
  11  alpha_y      0.00000e+00     fixed    
  12  w_y          1.38860e+01   constant   
  13  beta_y      -4.74226e-04     fixed    
  14  alpha_vw     0.00000e+00     fixed    
  15  w_vw         1.43404e+01   constant   
  16  beta_vw      0.00000e+00     fixed    
  17  LM           8.43198e-05   constant   
  18  zeta_y       0.00000e+00   constant   
  19  zeta_vw      0.00000e+00   constant   
  20  T_CBO        1.44154e+01   3.89699e+00  -5.28905e-04  -9.84462e+00
  21  alpha_A0    -6.18991e+07   3.57441e+08  -5.72084e+06   5.55371e-10
  22  beta_A0      3.37936e+07   1.97764e+08   3.13031e+06   5.61484e-10
  23  alpha_phi    4.74300e+07   2.75827e+08   4.46577e+06  -7.85884e-10
  24  beta_phi    -1.57012e+07   9.20000e+07  -1.47660e+06   2.26486e-10
 EXTERNAL ERROR MATRIX.    NDIM=  25    NPAR= 11    ERR DEF=1
  3.952e+06 
 -1.141e-01  6.477e-07 
  3.850e-01  1.097e-07  5.370e-06 
 -6.161e-02 -1.306e-07 -3.200e-07  6.556e-07 
  1.328e-01  6.772e-08 -2.840e-07 -1.638e-08  6.785e-07 
 -9.107e-02  6.215e-09  8.781e-08 -6.152e-10 -3.622e-08  6.798e-07 
  2.387e+02  1.014e-05  3.669e-04 -3.906e-06  1.306e-04 -5.788e-05  1.519e+01 
  2.847e+10 -3.440e+03  3.301e+04  3.860e+03  1.372e+04 -9.341e+03  1.391e+09  1.278e+17 
 -1.483e+10  2.144e+03 -1.763e+04 -1.766e+03 -6.808e+03  6.014e+03 -7.683e+08 -7.064e+16  3.911e+16 
 -2.451e+10  2.475e+03 -2.677e+04 -3.577e+03 -1.185e+04  5.768e+03 -1.074e+09 -9.849e+16  5.437e+16  7.608e+16 
  7.687e+09 -8.281e+02  8.834e+03  1.001e+03  3.593e+03 -2.326e+03  3.582e+08  3.288e+16 -1.817e+16 -2.536e+16  8.464e+15 
ERR MATRIX NOT POS-DEF
 PARAMETER  CORRELATION COEFFICIENTS  
       NO.  GLOBAL      1      3      4      6      8      9     20     21     22     23     24
        1  0.51308   1.000 -0.071  0.084 -0.038  0.081 -0.056  0.031  0.040 -0.038 -0.045  0.042
        3  0.51066  -0.071  1.000  0.059 -0.200  0.102  0.009  0.003 -0.012  0.013  0.011 -0.011
        4  0.36538   0.084  0.059  1.000 -0.171 -0.149  0.046  0.041  0.040 -0.038 -0.042  0.041
        6  0.59425  -0.038 -0.200 -0.171  1.000 -0.025 -0.001 -0.001  0.013 -0.011 -0.016  0.013
        8  0.49379   0.081  0.102 -0.149 -0.025  1.000 -0.053  0.041  0.047 -0.042 -0.052  0.047
        9  0.35134  -0.056  0.009  0.046 -0.001 -0.053  1.000 -0.018 -0.032  0.037  0.025 -0.031
       20  0.99972   0.031  0.003  0.041 -0.001  0.041 -0.018  1.000  0.999 -0.997 -0.999  0.999
       21  1.00000   0.040 -0.012  0.040  0.013  0.047 -0.032  0.999  1.000 -0.999 -0.999  1.000
       22  0.99999  -0.038  0.013 -0.038 -0.011 -0.042  0.037 -0.997 -0.999  1.000  0.997 -0.999
       23  0.99999  -0.045  0.011 -0.042 -0.016 -0.052  0.025 -0.999 -0.999  0.997  1.000 -0.999
       24  0.99998   0.042 -0.011  0.041  0.013  0.047 -0.031  0.999  1.000 -0.999 -0.999  1.000
 ERR MATRIX NOT POS-DEF
MINUIT - FIT ONLY 1-y
 **********
 **   51 **RES 
 **********
                   PARAMETER   16  beta_vw RESTORED TO VARIABLE.
                   PARAMETER   14  alpha_vw RESTORED TO VARIABLE.
                   PARAMETER   13  beta_y RESTORED TO VARIABLE.
                   PARAMETER   11  alpha_y RESTORED TO VARIABLE.
                   PARAMETER   10  beta_2CBO RESTORED TO VARIABLE.
 **********
 **   52 **FIX            0
 **********
 PARAMETER    0  IS UNDEFINED. IGNORED.
 **********
 **   53 **FIX            1
 **********
 **********
 **   54 **FIX            2
 **********
 PARAMETER    2  IS CONSTANT.   IGNORED.
 **********
 **   55 **FIX            3
 **********
 **********
 **   56 **FIX            4
 **********
 **********
 **   57 **FIX            5
 **********
 PARAMETER    5  IS CONSTANT.   IGNORED.
 **********
 **   58 **FIX            6
 **********
 **********
 **   59 **FIX            7
 **********
 PARAMETER    7  IS CONSTANT.   IGNORED.
 **********
 **   60 **FIX            8
 **********
 **********
 **   61 **FIX            9
 **********
 **********
 **   62 **FIX           13
 **********
 **********
 **   63 **FIX           14
 **********
 **********
 **   64 **FIX           15
 **********
 PARAMETER   15  IS CONSTANT.   IGNORED.
 **********
 **   65 **FIX           16
 **********
 **********
 **   66 **MIGRAD
 **********
 START MIGRAD MINIMIZATION.  STRATEGY  1.  CONVERGENCE WHEN EDM .LT. 1.00e-04
 FCN=52.6807 FROM MIGRAD    STATUS=INITIATE       16 CALLS        6349 TOTAL
                     EDM= unknown      STRATEGY= 1      NO ERROR MATRIX       
  EXT PARAMETER               CURRENT GUESS       STEP         FIRST   
  NO.   NAME      VALUE            ERROR          SIZE      DERIVATIVE 
   1  N0           3.41705e+06     fixed    
   2  tau          6.44063e+01   constant   
   3  A0           3.60929e-01     fixed    
   4  phi          4.12214e+00     fixed    
   5  R           -6.04192e+01   constant   
   6  alpha_CBO    1.10516e-03     fixed    
   7  w_CBO        2.32500e+00   constant   
   8  beta_CBO    -2.49442e-03     fixed    
   9  alpha_2CBO   1.01998e-03     fixed    
  10  beta_2CBO   -1.69356e-03   7.97194e-04   7.97194e-04  -4.23735e+02
  11  alpha_y      0.00000e+00   1.00000e-03   1.00000e-03   4.08923e+02
  12  w_y          1.38860e+01   constant   
  13  beta_y      -4.74226e-04     fixed    
  14  alpha_vw     0.00000e+00     fixed    
  15  w_vw         1.43404e+01   constant   
  16  beta_vw      0.00000e+00     fixed    
  17  LM           8.43198e-05   constant   
  18  zeta_y       0.00000e+00   constant   
  19  zeta_vw      0.00000e+00   constant   
  20  T_CBO        1.44154e+01   3.89699e+00  -5.28905e-04  -9.84462e+00
  21  alpha_A0    -6.18991e+07   3.57441e+08  -5.72084e+06   5.55371e-10
  22  beta_A0      3.37936e+07   1.97764e+08   3.13031e+06   5.61485e-10
  23  alpha_phi    4.74300e+07   2.75827e+08   4.46577e+06  -7.85884e-10
  24  beta_phi    -1.57012e+07   9.20000e+07  -1.47660e+06   2.26484e-10
 MIGRAD MINIMIZATION HAS CONVERGED.
 MIGRAD WILL VERIFY CONVERGENCE AND ERROR MATRIX.
 COVARIANCE MATRIX CALCULATED SUCCESSFULLY
 FCN=52.6236 FROM MIGRAD    STATUS=CONVERGED     179 CALLS        6512 TOTAL
                     EDM=2.54689e-08    STRATEGY= 1      ERROR MATRIX ACCURATE 
  EXT PARAMETER                                   STEP         FIRST   
  NO.   NAME      VALUE            ERROR          SIZE      DERIVATIVE 
   1  N0           3.41705e+06     fixed    
   2  tau          6.44063e+01   constant   
   3  A0           3.60929e-01     fixed    
   4  phi          4.12214e+00     fixed    
   5  R           -6.04192e+01   constant   
   6  alpha_CBO    1.10516e-03     fixed    
   7  w_CBO        2.32500e+00   constant   
   8  beta_CBO    -2.49442e-03     fixed    
   9  alpha_2CBO   1.01998e-03     fixed    
  10  beta_2CBO   -1.55310e-03   7.91364e-04   2.81375e-06   1.10501e-01
  11  alpha_y     -1.25553e-04   7.86013e-04   2.81023e-06  -1.22437e-01
  12  w_y          1.38860e+01   constant   
  13  beta_y      -4.74226e-04     fixed    
  14  alpha_vw     0.00000e+00     fixed    
  15  w_vw         1.43404e+01   constant   
  16  beta_vw      0.00000e+00     fixed    
  17  LM           8.43198e-05   constant   
  18  zeta_y       0.00000e+00   constant   
  19  zeta_vw      0.00000e+00   constant   
  20  T_CBO        1.43985e+01   3.12998e-01   9.32173e-06  -7.37438e-02
  21  alpha_A0    -6.50049e+07   1.41421e+00   3.09968e+01   3.10755e-11
  22  beta_A0      3.26938e+07   1.41421e+00   2.07120e+01  -9.68923e-11
  23  alpha_phi    5.01400e+07   1.41421e+00   2.39086e+01  -4.76071e-12
  24  beta_phi    -1.75807e+07   1.41421e+00   2.07120e+01   2.49784e-12
 EXTERNAL ERROR MATRIX.    NDIM=  25    NPAR=  7    ERR DEF=1
  6.263e-07  7.269e-09  2.604e-05 -9.413e-13 -4.562e-12  5.413e-13 -3.384e-12 
  7.269e-09  6.178e-07  1.624e-06  3.651e-14  4.424e-13 -1.110e-13  3.593e-13 
  2.604e-05  1.624e-06  9.797e-02  1.052e-08 -4.365e-09 -7.559e-09  1.717e-09 
 -9.413e-13  3.651e-14  1.052e-08  2.000e+00  3.187e-14 -1.038e-15 -5.451e-16 
 -4.562e-12  4.424e-13 -4.365e-09  3.187e-14  2.000e+00  1.729e-15 -2.109e-15 
  5.413e-13 -1.110e-13 -7.559e-09 -1.038e-15  1.729e-15  2.000e+00  1.717e-15 
 -3.384e-12  3.593e-13  1.717e-09 -5.451e-16 -2.109e-15  1.717e-15  2.000e+00 
 PARAMETER  CORRELATION COEFFICIENTS  
       NO.  GLOBAL     10     11     20     21     22     23     24
       10  0.10569   1.000  0.012  0.105 -0.000 -0.000  0.000 -0.000
       11  0.01288   0.012  1.000  0.007  0.000  0.000 -0.000  0.000
       20  0.10526   0.105  0.007  1.000  0.000 -0.000 -0.000  0.000
       21  0.00000  -0.000  0.000  0.000  1.000  0.000 -0.000 -0.000
       22  0.00000  -0.000  0.000 -0.000  0.000  1.000  0.000 -0.000
       23  0.00000   0.000 -0.000 -0.000 -0.000  0.000  1.000  0.000
       24  0.00000  -0.000  0.000  0.000 -0.000 -0.000  0.000  1.000
MINUIT - FIT ONLY 2-y
 **********
 **   67 **RES 
 **********
                   PARAMETER   16  beta_vw RESTORED TO VARIABLE.
                   PARAMETER   14  alpha_vw RESTORED TO VARIABLE.
                   PARAMETER   13  beta_y RESTORED TO VARIABLE.
                   PARAMETER    9  alpha_2CBO RESTORED TO VARIABLE.
                   PARAMETER    8  beta_CBO RESTORED TO VARIABLE.
                   PARAMETER    6  alpha_CBO RESTORED TO VARIABLE.
                   PARAMETER    4  phi RESTORED TO VARIABLE.
                   PARAMETER    3  A0 RESTORED TO VARIABLE.
                   PARAMETER    1  N0 RESTORED TO VARIABLE.
 **********
 **   68 **FIX            0
 **********
 PARAMETER    0  IS UNDEFINED. IGNORED.
 **********
 **   69 **FIX            1
 **********
 **********
 **   70 **FIX            2
 **********
 PARAMETER    2  IS CONSTANT.   IGNORED.
 **********
 **   71 **FIX            3
 **********
 **********
 **   72 **FIX            4
 **********
 **********
 **   73 **FIX            5
 **********
 PARAMETER    5  IS CONSTANT.   IGNORED.
 **********
 **   74 **FIX            6
 **********
 **********
 **   75 **FIX            7
 **********
 PARAMETER    7  IS CONSTANT.   IGNORED.
 **********
 **   76 **FIX            8
 **********
 **********
 **   77 **FIX            9
 **********
 **********
 **   78 **FIX           10
 **********
 **********
 **   79 **FIX           11
 **********
 **********
 **   80 **FIX           12
 **********
 PARAMETER   12  IS CONSTANT.   IGNORED.
 **********
 **   81 **FIX           16
 **********
 **********
 **   82 **MIGRAD
 **********
 START MIGRAD MINIMIZATION.  STRATEGY  1.  CONVERGENCE WHEN EDM .LT. 1.00e-04
 FCN=52.6236 FROM MIGRAD    STATUS=INITIATE      141 CALLS        6653 TOTAL
                     EDM= unknown      STRATEGY= 1      NO ERROR MATRIX       
  EXT PARAMETER               CURRENT GUESS       STEP         FIRST   
  NO.   NAME      VALUE            ERROR          SIZE      DERIVATIVE 
   1  N0           3.41705e+06     fixed    
   2  tau          6.44063e+01   constant   
   3  A0           3.60929e-01     fixed    
   4  phi          4.12214e+00     fixed    
   5  R           -6.04192e+01   constant   
   6  alpha_CBO    1.10516e-03     fixed    
   7  w_CBO        2.32500e+00   constant   
   8  beta_CBO    -2.49442e-03     fixed    
   9  alpha_2CBO   1.01998e-03     fixed    
  10  beta_2CBO   -1.55310e-03     fixed    
  11  alpha_y     -1.25553e-04     fixed    
  12  w_y          1.38860e+01   constant   
  13  beta_y      -4.74226e-04   7.53366e-04   0.00000e+00  -2.68936e+02
  14  alpha_vw     0.00000e+00   1.00000e-03   0.00000e+00   2.75461e+02
  15  w_vw         1.43404e+01   constant   
  16  beta_vw      0.00000e+00     fixed    
  17  LM           8.43198e-05   constant   
  18  zeta_y       0.00000e+00   constant   
  19  zeta_vw      0.00000e+00   constant   
  20  T_CBO        1.43985e+01   3.12998e-01   0.00000e+00   5.66353e-01
  21  alpha_A0    -6.50357e+07   1.41421e+00   0.00000e+00  -3.24438e-13
  22  beta_A0      3.27352e+07   1.41421e+00   0.00000e+00  -6.54467e-11
  23  alpha_phi    5.01435e+07   1.41421e+00   3.58984e+03  -4.01180e-15
  24  beta_phi    -1.75807e+07   1.41421e+00   0.00000e+00   3.21136e-12
 MIGRAD MINIMIZATION HAS CONVERGED.
 MIGRAD WILL VERIFY CONVERGENCE AND ERROR MATRIX.
 COVARIANCE MATRIX CALCULATED SUCCESSFULLY
 FCN=52.6016 FROM MIGRAD    STATUS=CONVERGED     223 CALLS        6735 TOTAL
                     EDM=2.22264e-07    STRATEGY= 1      ERROR MATRIX ACCURATE 
  EXT PARAMETER                                   STEP         FIRST   
  NO.   NAME      VALUE            ERROR          SIZE      DERIVATIVE 
   1  N0           3.41705e+06     fixed    
   2  tau          6.44063e+01   constant   
   3  A0           3.60929e-01     fixed    
   4  phi          4.12214e+00     fixed    
   5  R           -6.04192e+01   constant   
   6  alpha_CBO    1.10516e-03     fixed    
   7  w_CBO        2.32500e+00   constant   
   8  beta_CBO    -2.49442e-03     fixed    
   9  alpha_2CBO   1.01998e-03     fixed    
  10  beta_2CBO   -1.55310e-03     fixed    
  11  alpha_y     -1.25553e-04     fixed    
  12  w_y          1.38860e+01   constant   
  13  beta_y      -3.94064e-04   7.93737e-04   2.83294e-06  -6.59917e-02
