 + ++++++++++++++++++++++++++++++++++++++++++++++++++++++++++++++++++++ +
 +                                                                      +
 +           You have chose to blind your fitting according to          +
 +                omega_ref * (1 + (R +/- deltaR) *10^{-6})             +
 +                                                                      +
 + ++++++++++++++++++++++++++++++++++++++++++++++++++++++++++++++++++++ +
In main()...
reading format from /gm2data/zkhechad/run45/envelope/formats/formatB_sBin_constraintOn.txt
pBinTau 	= 0  
pBinPhi 	= 0  
constraintau 	= 1 
includeMopTerm 	= 0    
constrainMop    = 0   
Parameters after format file: pBinTau 0 pBinPhi 0 constraintau 1 includeMopTerm 0 constrainMop 0 c_e_scale 0.000000 
Opening file /gm2data/tbarrett/gm2fr/studies/run23_bunch_corrections/CorrectedFourier_Run3b.root.
reading full fit data from /gm2data/zkhechad/cboTemplates/Run4CBOTemplates/templateFits0_v2.0/noRF/sBin_constraintOn_cE0.0_seed0_noRF_calo18.root
windowBins = 17
fitting sliding window 144 from bin 280 at 41.626800 to bin 297 at 44.312400 (17 bins)

Reading data from /gm2data/cornell/histograms/aMethod/histogram_a_noRF.root
 **********
 **    1 **SET PRINTOUT            1
 **********
 **********
 **    2 **SET NOWARNINGS 
 **********
 PARAMETER DEFINITIONS:
    NO.   NAME         VALUE      STEP SIZE      LIMITS
     1 N0           3.61661e+06  1.00000e+02     no limits
     2 tau          6.44027e+01  constant
     3 A0           3.53412e-01  1.00000e-04     no limits
     4 phi          4.12202e+00  1.00000e-02     no limits
     5 R           -6.06479e+01  constant
     6 alpha_CBO    0.00000e+00  1.00000e-03     no limits
     7 w_CBO        2.32500e+00  constant
     8 beta_CBO     0.00000e+00  1.00000e-03     no limits
     9 alpha_2CBO   0.00000e+00  1.00000e-03     no limits
    10 beta_2CBO    0.00000e+00  1.00000e-03     no limits
    11 alpha_y      0.00000e+00  1.00000e-03     no limits
    12 w_y          1.44500e+01  constant
    13 beta_y       0.00000e+00  1.00000e-03     no limits
    14 alpha_vw     0.00000e+00  1.00000e-03     no limits
    15 w_vw         1.29000e+01  constant
    16 beta_vw      0.00000e+00  1.00000e-03     no limits
    17 LM          -1.06686e-04  constant
    18 zeta_y       0.00000e+00  constant
    19 zeta_vw      0.00000e+00  constant
    20 T_CBO        1.00000e+02  1.00000e+00    0.00000e+00  1.00000e+03
    21 alpha_A0     0.00000e+00  1.00000e-03     no limits
    22 beta_A0      0.00000e+00  1.00000e-03     no limits
    23 alpha_phi    0.00000e+00  1.00000e-03     no limits
    24 beta_phi     0.00000e+00  1.00000e-03     no limits
MINUIT - FIT ONLY WIGGLE
 **********
 **    3 **FIX            5
 **********
 PARAMETER    5  IS CONSTANT.   IGNORED.
 **********
 **    4 **FIX            6
 **********
 **********
 **    5 **FIX            7
 **********
 PARAMETER    7  IS CONSTANT.   IGNORED.
 **********
 **    6 **FIX            8
 **********
 **********
 **    7 **FIX            9
 **********
 **********
 **    8 **FIX           10
 **********
 **********
 **    9 **FIX           11
 **********
 **********
 **   10 **FIX           12
 **********
 PARAMETER   12  IS CONSTANT.   IGNORED.
 **********
 **   11 **FIX           13
 **********
 **********
 **   12 **FIX           14
 **********
 **********
 **   13 **FIX           15
 **********
 PARAMETER   15  IS CONSTANT.   IGNORED.
 **********
 **   14 **FIX           16
 **********
 **********
 **   15 **MIGRAD
 **********
 FIRST CALL TO USER FUNCTION AT NEW START POINT, WITH IFLAG=4.
 START MIGRAD MINIMIZATION.  STRATEGY  1.  CONVERGENCE WHEN EDM .LT. 1.00e-04
 FCN=3381.87 FROM MIGRAD    STATUS=INITIATE      429 CALLS         430 TOTAL
                     EDM= unknown      STRATEGY= 1      NO ERROR MATRIX       
  EXT PARAMETER               CURRENT GUESS       STEP         FIRST   
  NO.   NAME      VALUE            ERROR          SIZE      DERIVATIVE 
   1  N0           3.61661e+06   1.00000e+02   0.00000e+00   5.63002e-02
   2  tau          6.44027e+01   constant   
   3  A0           3.53412e-01   1.00000e-04   0.00000e+00   5.19359e+05
   4  phi          4.12202e+00   1.00000e-02   0.00000e+00  -1.22802e+05
   5  R           -6.06479e+01   constant   
   6  alpha_CBO    0.00000e+00     fixed    
   7  w_CBO        2.32500e+00   constant   
   8  beta_CBO     0.00000e+00     fixed    
   9  alpha_2CBO   0.00000e+00     fixed    
  10  beta_2CBO    0.00000e+00     fixed    
  11  alpha_y      0.00000e+00     fixed    
  12  w_y          1.44500e+01   constant   
  13  beta_y       0.00000e+00     fixed    
  14  alpha_vw     0.00000e+00     fixed    
  15  w_vw         1.29000e+01   constant   
  16  beta_vw      0.00000e+00     fixed    
  17  LM          -1.06686e-04   constant   
  18  zeta_y       0.00000e+00   constant   
  19  zeta_vw      0.00000e+00   constant   
  20  T_CBO        1.00000e+02   1.00000e+00   0.00000e+00   0.00000e+00
  21  alpha_A0     0.00000e+00   1.00000e-03   0.00000e+00  -4.99194e+04
  22  beta_A0      0.00000e+00   1.00000e-03   0.00000e+00  -5.04366e+04
  23  alpha_phi    0.00000e+00   1.00000e-03   0.00000e+00  -4.67432e+04
  24  beta_phi     0.00000e+00   1.00000e-03   0.00000e+00  -1.72604e+04
 CALL LIMIT EXCEEDED IN MIGRAD.
 MIGRAD TERMINATED WITHOUT CONVERGENCE.
 FCN=276.697 FROM MIGRAD    STATUS=CALL LIMIT   1335 CALLS        1336 TOTAL
                     EDM=0.000677233    STRATEGY= 1  ERROR MATRIX UNCERTAINTY   6.4 per cent
  EXT PARAMETER                APPROXIMATE        STEP         FIRST   
  NO.   NAME      VALUE            ERROR          SIZE      DERIVATIVE 
   1  N0           3.51277e+06   1.73972e+04  -1.26166e+03  -4.82414e-05
   2  tau          6.44027e+01   constant   
   3  A0           3.41230e-01   2.13615e-03  -2.27433e-05  -9.60837e+01
   4  phi          4.10048e+00   1.04655e-02  -6.57120e-04  -3.33305e+01
   5  R           -6.06479e+01   constant   
   6  alpha_CBO    0.00000e+00     fixed    
   7  w_CBO        2.32500e+00   constant   
   8  beta_CBO     0.00000e+00     fixed    
   9  alpha_2CBO   0.00000e+00     fixed    
  10  beta_2CBO    0.00000e+00     fixed    
  11  alpha_y      0.00000e+00     fixed    
  12  w_y          1.44500e+01   constant   
  13  beta_y       0.00000e+00     fixed    
  14  alpha_vw     0.00000e+00     fixed    
  15  w_vw         1.29000e+01   constant   
  16  beta_vw      0.00000e+00     fixed    
  17  LM          -1.06686e-04   constant   
  18  zeta_y       0.00000e+00   constant   
  19  zeta_vw      0.00000e+00   constant   
  20  T_CBO        1.50802e+02   7.50580e+00   1.42340e-03  -3.85943e+00
  21  alpha_A0     1.83781e-01   3.40896e-02   2.47461e-03  -1.20281e+01
  22  beta_A0     -1.03477e-01   1.76812e-02  -9.72140e-04  -6.38133e+00
  23  alpha_phi   -1.03607e-01   1.74934e-02  -1.09437e-03   2.49710e+01
  24  beta_phi    -1.39274e-01   2.80830e-02  -1.94966e-03   1.44031e+01
 EXTERNAL ERROR MATRIX.    NDIM=  25    NPAR=  8    ERR DEF=1
  3.027e+08 -1.348e+00  1.660e+02 -1.063e+05 -5.873e+02  1.978e+02  2.446e+02  4.838e+02 
 -1.348e+00  4.563e-06 -9.033e-06 -5.263e-03  1.168e-05  2.793e-05  2.098e-05 -9.995e-06 
  1.660e+02 -9.033e-06  1.095e-04 -5.050e-02 -3.421e-04  5.523e-05  9.231e-05  2.814e-04 
 -1.063e+05 -5.263e-03 -5.050e-02  5.635e+01  1.961e-01 -1.050e-01 -1.119e-01 -1.595e-01 
 -5.873e+02  1.168e-05 -3.421e-04  1.961e-01  1.162e-03 -3.254e-04 -4.287e-04 -9.562e-04 
  1.978e+02  2.793e-05  5.523e-05 -1.050e-01 -3.254e-04  3.126e-04  2.997e-04  2.662e-04 
  2.446e+02  2.098e-05  9.231e-05 -1.119e-01 -4.287e-04  2.997e-04  3.060e-04  3.521e-04 
  4.838e+02 -9.995e-06  2.814e-04 -1.595e-01 -9.562e-04  2.662e-04  3.521e-04  7.887e-04 
ERR MATRIX APPROXIMATE
 PARAMETER  CORRELATION COEFFICIENTS  
       NO.  GLOBAL      1      3      4     20     21     22     23     24
        1  0.99992   1.000 -0.036  0.912 -0.814 -0.990  0.643  0.804  0.990
        3  0.99878  -0.036  1.000 -0.404 -0.328  0.160  0.739  0.561 -0.167
        4  0.99899   0.912 -0.404  1.000 -0.643 -0.959  0.298  0.504  0.957
       20  0.97186  -0.814 -0.328 -0.643  1.000  0.766 -0.791 -0.852 -0.757
       21  0.99980  -0.990  0.160 -0.959  0.766  1.000 -0.540 -0.719 -0.999
       22  0.99862   0.643  0.739  0.298 -0.791 -0.540  1.000  0.969  0.536
       23  0.99909   0.804  0.561  0.504 -0.852 -0.719  0.969  1.000  0.717
       24  0.99969   0.990 -0.167  0.957 -0.757 -0.999  0.536  0.717  1.000
 ERR MATRIX APPROXIMATE
MINUIT - FIT ONLY 1-CBO + wiggle
 **********
 **   16 **RES 
 **********
                   PARAMETER   16  beta_vw RESTORED TO VARIABLE.
                   PARAMETER   14  alpha_vw RESTORED TO VARIABLE.
                   PARAMETER   13  beta_y RESTORED TO VARIABLE.
                   PARAMETER   11  alpha_y RESTORED TO VARIABLE.
                   PARAMETER   10  beta_2CBO RESTORED TO VARIABLE.
                   PARAMETER    9  alpha_2CBO RESTORED TO VARIABLE.
                   PARAMETER    8  beta_CBO RESTORED TO VARIABLE.
                   PARAMETER    6  alpha_CBO RESTORED TO VARIABLE.
 **********
 **   17 **FIX            8
 **********
 **********
 **   18 **FIX            9
 **********
 **********
 **   19 **FIX           11
 **********
 **********
 **   20 **FIX           12
 **********
 PARAMETER   12  IS CONSTANT.   IGNORED.
 **********
 **   21 **FIX           14
 **********
 **********
 **   22 **FIX           15
 **********
 PARAMETER   15  IS CONSTANT.   IGNORED.
 **********
 **   23 **FIX           16
 **********
 **********
 **   24 **MIGRAD
 **********
 START MIGRAD MINIMIZATION.  STRATEGY  1.  CONVERGENCE WHEN EDM .LT. 1.00e-04
 FCN=276.697 FROM MIGRAD    STATUS=INITIATE       28 CALLS        1364 TOTAL
                     EDM= unknown      STRATEGY= 1      NO ERROR MATRIX       
  EXT PARAMETER               CURRENT GUESS       STEP         FIRST   
  NO.   NAME      VALUE            ERROR          SIZE      DERIVATIVE 
   1  N0           3.51277e+06   1.73972e+04  -1.26166e+03  -4.82414e-05
   2  tau          6.44027e+01   constant   
   3  A0           3.41230e-01   2.13615e-03  -2.27433e-05  -9.60837e+01
   4  phi          4.10048e+00   1.04655e-02  -6.57120e-04  -3.33305e+01
   5  R           -6.06479e+01   constant   
   6  alpha_CBO    0.00000e+00   1.00000e-03   1.00000e-03   5.33574e+02
   7  w_CBO        2.32500e+00   constant   
   8  beta_CBO     0.00000e+00     fixed    
   9  alpha_2CBO   0.00000e+00     fixed    
  10  beta_2CBO    0.00000e+00   1.00000e-03   1.00000e-03  -4.06582e+03
  11  alpha_y      0.00000e+00     fixed    
  12  w_y          1.44500e+01   constant   
  13  beta_y       0.00000e+00   1.00000e-03   1.00000e-03  -9.83194e+04
  14  alpha_vw     0.00000e+00     fixed    
  15  w_vw         1.29000e+01   constant   
  16  beta_vw      0.00000e+00     fixed    
  17  LM          -1.06686e-04   constant   
  18  zeta_y       0.00000e+00   constant   
  19  zeta_vw      0.00000e+00   constant   
  20  T_CBO        1.50802e+02   7.50580e+00   1.42340e-03  -3.85942e+00
  21  alpha_A0     1.83781e-01   3.40896e-02   2.47461e-03  -1.20281e+01
  22  beta_A0     -1.03477e-01   1.76812e-02  -9.72140e-04  -6.38133e+00
  23  alpha_phi   -1.03607e-01   1.74934e-02  -1.09437e-03   2.49710e+01
  24  beta_phi    -1.39274e-01   2.80830e-02  -1.94966e-03   1.44031e+01
 CALL LIMIT EXCEEDED IN MIGRAD.
 MIGRAD TERMINATED WITHOUT CONVERGENCE.
 FCN=186.115 FROM MIGRAD    STATUS=CALL LIMIT   1915 CALLS        3251 TOTAL
                     EDM=0.000502519    STRATEGY= 1  ERROR MATRIX UNCERTAINTY   5.4 per cent
  EXT PARAMETER                APPROXIMATE        STEP         FIRST   
  NO.   NAME      VALUE            ERROR          SIZE      DERIVATIVE 
   1  N0           3.25282e+06   9.34877e+03   8.71666e+01   6.33765e-04
   2  tau          6.44027e+01   constant   
   3  A0           3.39356e-01   3.76804e-03  -1.79814e-04   1.62515e+03
   4  phi          4.20668e+00   2.15276e-02   6.86079e-04   9.22724e+01
   5  R           -6.06479e+01   constant   
   6  alpha_CBO   -4.36280e-02   3.52956e-03   9.71222e-05  -9.48939e+02
   7  w_CBO        2.32500e+00   constant   
   8  beta_CBO     0.00000e+00     fixed    
   9  alpha_2CBO   0.00000e+00     fixed    
  10  beta_2CBO   -2.63024e-03   9.43896e-04  -3.21858e-05   6.14929e+02
  11  alpha_y      0.00000e+00     fixed    
  12  w_y          1.44500e+01   constant   
  13  beta_y       8.15375e-04   1.65736e-04  -3.00544e-06  -2.82947e+03
  14  alpha_vw     0.00000e+00     fixed    
  15  w_vw         1.29000e+01   constant   
  16  beta_vw      0.00000e+00     fixed    
  17  LM          -1.06686e-04   constant   
  18  zeta_y       0.00000e+00   constant   
  19  zeta_vw      0.00000e+00   constant   
  20  T_CBO        7.95474e+02   8.15440e+00  -4.98953e-04   4.02387e+00
  21  alpha_A0     6.45837e-01   1.82332e-02  -2.16121e-04  -1.52498e+02
  22  beta_A0     -2.61919e-01   3.13775e-02  -1.48189e-03  -2.65468e+02
  23  alpha_phi   -2.28612e-01   1.59925e-02  -7.45492e-04   4.24016e+01
  24  beta_phi    -3.30523e-01   6.37992e-03   2.06807e-04  -5.58831e+02
 EXTERNAL ERROR MATRIX.    NDIM=  25    NPAR= 11    ERR DEF=1
  8.740e+07 
 -1.057e+01  1.420e-05 
 -1.164e+02 -4.690e-05  4.634e-04 
  2.978e+01 -8.574e-06 -1.784e-05  1.246e-05 
  4.208e+00  2.315e-06 -1.977e-05  3.706e-07  8.909e-07 
  9.762e-01  6.326e-08 -2.089e-06  2.532e-07  9.152e-08  2.747e-08 
 -5.394e+04  1.743e-02 -3.862e-04 -2.103e-02  6.493e-04 -5.123e-04  6.650e+01 
 -1.631e+02  2.286e-05  1.822e-04 -5.621e-05 -6.180e-06 -1.850e-06  1.239e-01  3.324e-04 
 -2.013e+01  1.147e-04 -4.959e-04 -5.088e-05  2.326e-05  1.305e-06  1.001e-01  5.749e-05  9.846e-04 
 -3.549e+01  5.891e-05 -1.986e-04 -3.489e-05  9.946e-06  4.426e-07  5.649e-02  6.992e-05  4.879e-04  2.558e-04 
  4.838e+01 -1.760e-05 -1.381e-06  2.027e-05 -4.925e-07  3.840e-07 -4.718e-02 -1.003e-04 -1.109e-04 -6.437e-05  4.070e-05 
ERR MATRIX APPROXIMATE
 PARAMETER  CORRELATION COEFFICIENTS  
       NO.  GLOBAL      1      3      4      6     10     13     20     21     22     23     24
        1  0.99999   1.000 -0.300 -0.579  0.902  0.477  0.630 -0.708 -0.957 -0.069 -0.237  0.811
        3  0.99999  -0.300  1.000 -0.578 -0.645  0.651  0.101  0.567  0.333  0.970  0.978 -0.732
        4  0.99990  -0.579 -0.578  1.000 -0.235 -0.973 -0.586 -0.002  0.464 -0.734 -0.577 -0.010
        6  0.99996   0.902 -0.645 -0.235  1.000  0.111  0.433 -0.731 -0.873 -0.459 -0.618  0.900
       10  0.99884   0.477  0.651 -0.973  0.111  1.000  0.585  0.084 -0.359  0.785  0.659 -0.082
       13  0.99779   0.630  0.101 -0.586  0.433  0.585  1.000 -0.379 -0.612  0.251  0.167  0.363
       20  0.98393  -0.708  0.567 -0.002 -0.731  0.084 -0.379  1.000  0.833  0.391  0.433 -0.907
       21  0.99994  -0.957  0.333  0.464 -0.873 -0.359 -0.612  0.833  1.000  0.100  0.240 -0.862
       22  0.99999  -0.069  0.970 -0.734 -0.459  0.785  0.251  0.391  0.100  1.000  0.972 -0.554
       23  0.99934  -0.237  0.978 -0.577 -0.618  0.659  0.167  0.433  0.240  0.972  1.000 -0.631
       24  0.99996   0.811 -0.732 -0.010  0.900 -0.082  0.363 -0.907 -0.862 -0.554 -0.631  1.000
 ERR MATRIX APPROXIMATE
MINUIT - FIT ONLY 2-CBO
 **********
 **   25 **RES 
 **********
                   PARAMETER   16  beta_vw RESTORED TO VARIABLE.
                   PARAMETER   14  alpha_vw RESTORED TO VARIABLE.
                   PARAMETER   11  alpha_y RESTORED TO VARIABLE.
                   PARAMETER    9  alpha_2CBO RESTORED TO VARIABLE.
                   PARAMETER    8  beta_CBO RESTORED TO VARIABLE.
 **********
 **   26 **FIX            0
 **********
 PARAMETER    0  IS UNDEFINED. IGNORED.
 **********
 **   27 **FIX            1
 **********
 **********
 **   28 **FIX            2
 **********
 PARAMETER    2  IS CONSTANT.   IGNORED.
 **********
 **   29 **FIX            3
 **********
 **********
 **   30 **FIX            4
 **********
 **********
 **   31 **FIX            5
 **********
 PARAMETER    5  IS CONSTANT.   IGNORED.
 **********
 **   32 **FIX            6
 **********
 **********
 **   33 **FIX            7
 **********
 PARAMETER    7  IS CONSTANT.   IGNORED.
 **********
 **   34 **FIX           10
 **********
 **********
 **   35 **FIX           11
 **********
 **********
 **   36 **FIX           12
 **********
 PARAMETER   12  IS CONSTANT.   IGNORED.
 **********
 **   37 **FIX           13
 **********
 **********
 **   38 **FIX           14
 **********
 **********
 **   39 **FIX           15
 **********
 PARAMETER   15  IS CONSTANT.   IGNORED.
 **********
 **   40 **FIX           16
 **********
 **********
 **   41 **MIGRAD
 **********
 START MIGRAD MINIMIZATION.  STRATEGY  1.  CONVERGENCE WHEN EDM .LT. 1.00e-04
 FCN=186.115 FROM MIGRAD    STATUS=INITIATE       18 CALLS        3269 TOTAL
                     EDM= unknown      STRATEGY= 1      NO ERROR MATRIX       
  EXT PARAMETER               CURRENT GUESS       STEP         FIRST   
  NO.   NAME      VALUE            ERROR          SIZE      DERIVATIVE 
   1  N0           3.25282e+06     fixed    
   2  tau          6.44027e+01   constant   
   3  A0           3.39356e-01     fixed    
   4  phi          4.20668e+00     fixed    
   5  R           -6.06479e+01   constant   
   6  alpha_CBO   -4.36280e-02     fixed    
   7  w_CBO        2.32500e+00   constant   
   8  beta_CBO     0.00000e+00   1.00000e-03   1.00000e-03  -3.36795e+03
   9  alpha_2CBO   0.00000e+00   1.00000e-03   1.00000e-03   9.32058e+01
  10  beta_2CBO   -2.63024e-03     fixed    
  11  alpha_y      0.00000e+00     fixed    
  12  w_y          1.44500e+01   constant   
  13  beta_y       8.15375e-04     fixed    
  14  alpha_vw     0.00000e+00     fixed    
  15  w_vw         1.29000e+01   constant   
  16  beta_vw      0.00000e+00     fixed    
  17  LM          -1.06686e-04   constant   
  18  zeta_y       0.00000e+00   constant   
  19  zeta_vw      0.00000e+00   constant   
  20  T_CBO        7.95474e+02   8.15440e+00  -4.98953e-04   4.02387e+00
  21  alpha_A0     6.45837e-01   1.82332e-02  -2.16121e-04  -1.52498e+02
  22  beta_A0     -2.61919e-01   3.13775e-02  -1.48189e-03  -2.65468e+02
  23  alpha_phi   -2.28612e-01   1.59925e-02  -7.45492e-04   4.24016e+01
  24  beta_phi    -3.30523e-01   6.37992e-03   2.06807e-04  -5.58831e+02
 MIGRAD MINIMIZATION HAS CONVERGED.
 MIGRAD WILL VERIFY CONVERGENCE AND ERROR MATRIX.
 COVARIANCE MATRIX CALCULATED SUCCESSFULLY
 FCN=185.915 FROM HESSE     STATUS=OK             50 CALLS        3432 TOTAL
                     EDM=0.00938148    STRATEGY= 1      ERROR MATRIX ACCURATE 
  EXT PARAMETER                                   STEP         FIRST   
  NO.   NAME      VALUE            ERROR          SIZE      DERIVATIVE 
   1  N0           3.25282e+06     fixed    
   2  tau          6.44027e+01   constant   
   3  A0           3.39356e-01     fixed    
   4  phi          4.20668e+00     fixed    
   5  R           -6.06479e+01   constant   
   6  alpha_CBO   -4.36280e-02     fixed    
   7  w_CBO        2.32500e+00   constant   
   8  beta_CBO     1.28548e-04   4.00370e-04   1.04163e-06   3.85497e+00
   9  alpha_2CBO  -8.06824e-05   2.57792e-04   9.94792e-07   3.01629e+00
  10  beta_2CBO   -2.63024e-03     fixed    
  11  alpha_y      0.00000e+00     fixed    
  12  w_y          1.44500e+01   constant   
  13  beta_y       8.15375e-04     fixed    
  14  alpha_vw     0.00000e+00     fixed    
  15  w_vw         1.29000e+01   constant   
  16  beta_vw      0.00000e+00     fixed    
  17  LM          -1.06686e-04   constant   
  18  zeta_y       0.00000e+00   constant   
  19  zeta_vw      0.00000e+00   constant   
  20  T_CBO        8.00021e+02   8.99995e+02   3.77599e-04   3.44793e-03
  21  alpha_A0     6.46423e-01   3.81785e-02   8.52959e-06  -1.96363e+00
  22  beta_A0     -2.63002e-01   1.58603e-02   9.50809e-06   5.57645e-01
  23  alpha_phi   -2.28863e-01   1.33517e-02   4.85448e-06   5.52785e-01
  24  beta_phi    -3.30178e-01   1.96908e-02   4.09593e-06   4.85905e+00
 CALL LIMIT EXCEEDED IN MIGRAD.
 MIGRAD TERMINATED WITHOUT CONVERGENCE.
 FCN=185.661 FROM MIGRAD    STATUS=CALL LIMIT   1147 CALLS        4398 TOTAL
                     EDM=0.00849371    STRATEGY= 1  ERROR MATRIX UNCERTAINTY  25.4 per cent
  EXT PARAMETER                APPROXIMATE        STEP         FIRST   
  NO.   NAME      VALUE            ERROR          SIZE      DERIVATIVE 
   1  N0           3.25282e+06     fixed    
   2  tau          6.44027e+01   constant   
   3  A0           3.39356e-01     fixed    
   4  phi          4.20668e+00     fixed    
   5  R           -6.06479e+01   constant   
   6  alpha_CBO   -4.36280e-02     fixed    
   7  w_CBO        2.32500e+00   constant   
   8  beta_CBO     2.16422e-04   3.88440e-04  -1.84898e-06   3.80853e+02
   9  alpha_2CBO  -7.49174e-05   2.55045e-04   1.10182e-06  -1.46772e+02
  10  beta_2CBO   -2.63024e-03     fixed    
  11  alpha_y      0.00000e+00     fixed    
  12  w_y          1.44500e+01   constant   
  13  beta_y       8.15375e-04     fixed    
  14  alpha_vw     0.00000e+00     fixed    
  15  w_vw         1.29000e+01   constant   
  16  beta_vw      0.00000e+00     fixed    
  17  LM          -1.06686e-04   constant   
  18  zeta_y       0.00000e+00   constant   
  19  zeta_vw      0.00000e+00   constant   
  20  T_CBO        3.22608e+02   7.95717e+01   3.53031e-04   3.65808e-01
  21  alpha_A0     6.99744e-01   2.33112e-02  -4.29669e-06   5.11819e+00
  22  beta_A0     -2.84481e-01   1.06287e-02   2.48197e-05   2.60761e+01
  23  alpha_phi   -2.47464e-01   8.17890e-03   3.56738e-06   4.25615e+00
  24  beta_phi    -3.57699e-01   1.19250e-02  -1.09259e-05  -8.80103e+00
 EXTERNAL ERROR MATRIX.    NDIM=  25    NPAR=  7    ERR DEF=1
  1.509e-07 -4.353e-08 -9.051e-03  3.194e-06 -2.582e-06 -1.169e-06 -1.286e-06 
 -4.353e-08  6.505e-08  2.080e-03 -1.079e-06  8.702e-07  4.138e-07  1.577e-07 
 -9.051e-03  2.080e-03  6.394e+03 -1.851e+00  7.743e-01  6.456e-01  9.508e-01 
  3.194e-06 -1.079e-06 -1.851e+00  5.434e-04 -2.328e-04 -1.898e-04 -2.743e-04 
 -2.582e-06  8.702e-07  7.743e-01 -2.328e-04  1.130e-04  8.191e-05  1.139e-04 
 -1.169e-06  4.138e-07  6.456e-01 -1.898e-04  8.191e-05  6.689e-05  9.562e-05 
 -1.286e-06  1.577e-07  9.508e-01 -2.743e-04  1.139e-04  9.562e-05  1.422e-04 
ERR MATRIX APPROXIMATE
 PARAMETER  CORRELATION COEFFICIENTS  
       NO.  GLOBAL      8      9     20     21     22     23     24
        8  0.93210   1.000 -0.439 -0.291  0.353 -0.625 -0.368 -0.278
        9  0.81654  -0.439  1.000  0.102 -0.182  0.321  0.198  0.052
       20  0.99894  -0.291  0.102  1.000 -0.993  0.911  0.987  0.997
       21  0.99845   0.353 -0.182 -0.993  1.000 -0.940 -0.996 -0.987
       22  0.99140  -0.625  0.321  0.911 -0.940  1.000  0.942  0.899
       23  0.99602  -0.368  0.198  0.987 -0.996  0.942  1.000  0.980
       24  0.99850  -0.278  0.052  0.997 -0.987  0.899  0.980  1.000
 ERR MATRIX APPROXIMATE
MINUIT - FIT wiggle + 1-CBO + 2-CBO
 **********
 **   42 **RES 
 **********
                   PARAMETER   16  beta_vw RESTORED TO VARIABLE.
                   PARAMETER   14  alpha_vw RESTORED TO VARIABLE.
                   PARAMETER   13  beta_y RESTORED TO VARIABLE.
                   PARAMETER   11  alpha_y RESTORED TO VARIABLE.
                   PARAMETER   10  beta_2CBO RESTORED TO VARIABLE.
                   PARAMETER    6  alpha_CBO RESTORED TO VARIABLE.
                   PARAMETER    4  phi RESTORED TO VARIABLE.
                   PARAMETER    3  A0 RESTORED TO VARIABLE.
                   PARAMETER    1  N0 RESTORED TO VARIABLE.
 **********
 **   43 **FIX           10
 **********
 **********
 **   44 **FIX           11
 **********
 **********
 **   45 **FIX           12
 **********
 PARAMETER   12  IS CONSTANT.   IGNORED.
 **********
 **   46 **FIX           13
 **********
 **********
 **   47 **FIX           14
 **********
 **********
 **   48 **FIX           15
 **********
 PARAMETER   15  IS CONSTANT.   IGNORED.
 **********
 **   49 **FIX           16
 **********
 **********
 **   50 **MIGRAD
 **********
 START MIGRAD MINIMIZATION.  STRATEGY  1.  CONVERGENCE WHEN EDM .LT. 1.00e-04
 FCN=185.661 FROM MIGRAD    STATUS=INITIATE       22 CALLS        4420 TOTAL
                     EDM= unknown      STRATEGY= 1      NO ERROR MATRIX       
  EXT PARAMETER               CURRENT GUESS       STEP         FIRST   
  NO.   NAME      VALUE            ERROR          SIZE      DERIVATIVE 
   1  N0           3.25282e+06   9.34877e+03   9.34877e+03   1.41857e-06
   2  tau          6.44027e+01   constant   
   3  A0           3.39356e-01   3.76804e-03   3.76804e-03  -1.25680e+03
   4  phi          4.20668e+00   2.15276e-02   2.15276e-02  -1.83385e+02
   5  R           -6.06479e+01   constant   
   6  alpha_CBO   -4.36280e-02   3.52956e-03   3.52956e-03  -7.92442e+02
   7  w_CBO        2.32500e+00   constant   
   8  beta_CBO     2.16422e-04   3.88440e-04  -1.84898e-06   3.80853e+02
   9  alpha_2CBO  -7.49174e-05   2.55045e-04   1.10182e-06  -1.46772e+02
  10  beta_2CBO   -2.63024e-03     fixed    
  11  alpha_y      0.00000e+00     fixed    
  12  w_y          1.44500e+01   constant   
  13  beta_y       8.15375e-04     fixed    
  14  alpha_vw     0.00000e+00     fixed    
  15  w_vw         1.29000e+01   constant   
  16  beta_vw      0.00000e+00     fixed    
  17  LM          -1.06686e-04   constant   
  18  zeta_y       0.00000e+00   constant   
  19  zeta_vw      0.00000e+00   constant   
  20  T_CBO        3.22608e+02   7.95717e+01   3.53031e-04   3.65808e-01
  21  alpha_A0     6.99744e-01   2.33112e-02  -4.29669e-06   5.11819e+00
  22  beta_A0     -2.84481e-01   1.06287e-02   2.48197e-05   2.60761e+01
  23  alpha_phi   -2.47464e-01   8.17890e-03   3.56738e-06   4.25615e+00
  24  beta_phi    -3.57699e-01   1.19250e-02  -1.09259e-05  -8.80103e+00
 MIGRAD MINIMIZATION HAS CONVERGED.
 FCN=179.846 FROM MIGRAD    STATUS=CONVERGED    1339 CALLS        5737 TOTAL
                     EDM=2.95455e-06    STRATEGY= 1  ERROR MATRIX UNCERTAINTY   5.1 per cent
  EXT PARAMETER                                   STEP         FIRST   
  NO.   NAME      VALUE            ERROR          SIZE      DERIVATIVE 
   1  N0           3.21945e+06   1.63057e+04  -1.85299e+01   1.33615e-06
   2  tau          6.44027e+01   constant   
   3  A0           3.52096e-01   5.60209e-03  -2.36215e-06   6.53414e+00
   4  phi          4.23096e+00   1.59342e-02  -1.35702e-05   5.83045e-02
   5  R           -6.06479e+01   constant   
   6  alpha_CBO   -4.98921e-02   3.71543e-03   2.22894e-06  -3.56348e+00
   7  w_CBO        2.32500e+00   constant   
   8  beta_CBO     8.49671e-03   3.45476e-03  -1.00558e-06  -1.12616e+00
   9  alpha_2CBO  -1.07950e-03   1.73868e-03   2.57002e-06   9.01747e+00
  10  beta_2CBO   -2.63024e-03     fixed    
  11  alpha_y      0.00000e+00     fixed    
  12  w_y          1.44500e+01   constant   
  13  beta_y       8.15375e-04     fixed    
  14  alpha_vw     0.00000e+00     fixed    
  15  w_vw         1.29000e+01   constant   
  16  beta_vw      0.00000e+00     fixed    
  17  LM          -1.06686e-04   constant   
  18  zeta_y       0.00000e+00   constant   
  19  zeta_vw      0.00000e+00   constant   
  20  T_CBO        3.57739e+02   9.72018e+01   4.07807e-04  -2.33870e-02
  21  alpha_A0     7.16674e-01   1.76133e-02   3.38049e-05   3.58451e-01
  22  beta_A0     -2.77653e-01   1.88804e-02  -2.35492e-05  -3.19054e-01
  23  alpha_phi   -2.18528e-01   2.04067e-02  -3.19708e-05  -9.35304e-01
  24  beta_phi    -3.76046e-01   1.14101e-02  -1.27803e-05   1.01244e+00
 EXTERNAL ERROR MATRIX.    NDIM=  25    NPAR= 11    ERR DEF=1
  2.659e+08 
 -7.418e+01  3.138e-05 
 -7.211e+00  4.707e-05  2.539e-04 
  3.251e+01 -1.766e-05 -3.769e-05  1.380e-05 
 -3.438e+01  1.698e-05  4.007e-05 -8.314e-06  1.194e-05 
 -9.329e+00 -2.457e-06 -2.498e-05  2.978e-06 -2.814e-06  3.023e-06 
 -1.035e+06  5.171e-02 -1.076e+00  8.146e-02 -3.140e-02  1.547e-01  9.581e+03 
 -2.298e+02  4.140e-05 -1.164e-04 -2.147e-05  3.198e-06  2.002e-05  1.378e+00  3.102e-04 
 -1.429e+02  5.396e-05 -2.692e-05 -4.648e-05  3.501e-06  4.345e-06  2.776e-01  2.023e-04  3.565e-04 
 -7.356e+01  8.292e-05  2.716e-04 -6.860e-05  4.721e-05 -2.726e-05 -1.164e+00 -3.457e-05  1.740e-04  4.164e-04 
  1.772e+02 -4.125e-05  4.659e-05  1.492e-05 -1.499e-05 -1.128e-05 -8.942e-01 -1.767e-04 -1.101e-04 -4.816e-09  1.302e-04 
 PARAMETER  CORRELATION COEFFICIENTS  
       NO.  GLOBAL      1      3      4      6      8      9     20     21     22     23     24
        1  0.99978   1.000 -0.812 -0.028  0.537 -0.610 -0.329 -0.648 -0.800 -0.464 -0.221  0.952
        3  0.99972  -0.812  1.000  0.527 -0.848  0.877 -0.252  0.094  0.420  0.510  0.725 -0.645
        4  0.99847  -0.028  0.527  1.000 -0.637  0.728 -0.902 -0.690 -0.415 -0.089  0.835  0.256
        6  0.99922   0.537 -0.848 -0.637  1.000 -0.648  0.461  0.224 -0.328 -0.663 -0.905  0.352
        8  0.99927  -0.610  0.877  0.728 -0.648  1.000 -0.469 -0.093  0.053  0.054  0.670 -0.380
        9  0.99831  -0.329 -0.252 -0.902  0.461 -0.469  1.000  0.909  0.654  0.132 -0.768 -0.569
       20  0.99964  -0.648  0.094 -0.690  0.224 -0.093  0.909  1.000  0.799  0.150 -0.583 -0.801
       21  0.99831  -0.800  0.420 -0.415 -0.328  0.053  0.654  0.799  1.000  0.608 -0.096 -0.879
       22  0.99745  -0.464  0.510 -0.089 -0.663  0.054  0.132  0.150  0.608  1.000  0.452 -0.511
       23  0.99962  -0.221  0.725  0.835 -0.905  0.670 -0.768 -0.583 -0.096  0.452  1.000 -0.000
       24  0.99865   0.952 -0.645  0.256  0.352 -0.380 -0.569 -0.801 -0.879 -0.511 -0.000  1.000
MINUIT - FIT ONLY 1-y
 **********
 **   51 **RES 
 **********
                   PARAMETER   16  beta_vw RESTORED TO VARIABLE.
                   PARAMETER   14  alpha_vw RESTORED TO VARIABLE.
                   PARAMETER   13  beta_y RESTORED TO VARIABLE.
                   PARAMETER   11  alpha_y RESTORED TO VARIABLE.
                   PARAMETER   10  beta_2CBO RESTORED TO VARIABLE.
 **********
 **   52 **FIX            0
 **********
 PARAMETER    0  IS UNDEFINED. IGNORED.
 **********
 **   53 **FIX            1
 **********
 **********
 **   54 **FIX            2
 **********
 PARAMETER    2  IS CONSTANT.   IGNORED.
 **********
 **   55 **FIX            3
 **********
 **********
 **   56 **FIX            4
 **********
 **********
 **   57 **FIX            5
 **********
 PARAMETER    5  IS CONSTANT.   IGNORED.
 **********
 **   58 **FIX            6
 **********
 **********
 **   59 **FIX            7
 **********
 PARAMETER    7  IS CONSTANT.   IGNORED.
 **********
 **   60 **FIX            8
 **********
 **********
 **   61 **FIX            9
 **********
 **********
 **   62 **FIX           13
 **********
 **********
 **   63 **FIX           14
 **********
 **********
 **   64 **FIX           15
 **********
 PARAMETER   15  IS CONSTANT.   IGNORED.
 **********
 **   65 **FIX           16
 **********
 **********
 **   66 **MIGRAD
 **********
 START MIGRAD MINIMIZATION.  STRATEGY  1.  CONVERGENCE WHEN EDM .LT. 1.00e-04
 FCN=179.846 FROM MIGRAD    STATUS=INITIATE       16 CALLS        5753 TOTAL
                     EDM= unknown      STRATEGY= 1      NO ERROR MATRIX       
  EXT PARAMETER               CURRENT GUESS       STEP         FIRST   
  NO.   NAME      VALUE            ERROR          SIZE      DERIVATIVE 
   1  N0           3.21945e+06     fixed    
   2  tau          6.44027e+01   constant   
   3  A0           3.52096e-01     fixed    
   4  phi          4.23096e+00     fixed    
   5  R           -6.06479e+01   constant   
   6  alpha_CBO   -4.98921e-02     fixed    
   7  w_CBO        2.32500e+00   constant   
   8  beta_CBO     8.49671e-03     fixed    
   9  alpha_2CBO  -1.07950e-03     fixed    
  10  beta_2CBO   -2.63024e-03   9.43896e-04   9.43896e-04  -1.25465e+02
  11  alpha_y      0.00000e+00   1.00000e-03   1.00000e-03   1.44470e+05
  12  w_y          1.44500e+01   constant   
  13  beta_y       8.15375e-04     fixed    
  14  alpha_vw     0.00000e+00     fixed    
  15  w_vw         1.29000e+01   constant   
  16  beta_vw      0.00000e+00     fixed    
  17  LM          -1.06686e-04   constant   
  18  zeta_y       0.00000e+00   constant   
  19  zeta_vw      0.00000e+00   constant   
  20  T_CBO        3.57739e+02   9.72018e+01   4.07807e-04  -2.33872e-02
  21  alpha_A0     7.16674e-01   1.76133e-02   3.38049e-05   3.58450e-01
  22  beta_A0     -2.77653e-01   1.88804e-02  -2.35492e-05  -3.19053e-01
  23  alpha_phi   -2.18528e-01   2.04067e-02  -3.19708e-05  -9.35305e-01
  24  beta_phi    -3.76046e-01   1.14101e-02  -1.27803e-05   1.01244e+00
 CALL LIMIT EXCEEDED IN MIGRAD.
 MIGRAD TERMINATED WITHOUT CONVERGENCE.
 FCN=52.3539 FROM MIGRAD    STATUS=CALL LIMIT   1155 CALLS        6892 TOTAL
                     EDM=0.0408672    STRATEGY= 1  ERROR MATRIX UNCERTAINTY  31.2 per cent
  EXT PARAMETER                APPROXIMATE        STEP         FIRST   
  NO.   NAME      VALUE            ERROR          SIZE      DERIVATIVE 
   1  N0           3.21945e+06     fixed    
   2  tau          6.44027e+01   constant   
   3  A0           3.52096e-01     fixed    
   4  phi          4.23096e+00     fixed    
   5  R           -6.06479e+01   constant   
   6  alpha_CBO   -4.98921e-02     fixed    
   7  w_CBO        2.32500e+00   constant   
   8  beta_CBO     8.49671e-03     fixed    
   9  alpha_2CBO  -1.07950e-03     fixed    
  10  beta_2CBO   -2.99851e-03   2.05134e-04  -1.20982e-05  -5.62325e+02
  11  alpha_y     -1.76156e-03   1.55979e-04  -1.69646e-06   4.47326e+00
  12  w_y          1.44500e+01   constant   
  13  beta_y       8.15375e-04     fixed    
  14  alpha_vw     0.00000e+00     fixed    
  15  w_vw         1.29000e+01   constant   
  16  beta_vw      0.00000e+00     fixed    
  17  LM          -1.06686e-04   constant   
  18  zeta_y       0.00000e+00   constant   
  19  zeta_vw      0.00000e+00   constant   
  20  T_CBO        1.25591e+02   1.85878e+01  -5.51789e-03  -1.19985e+02
  21  alpha_A0     8.96884e-01   4.42116e-02   4.41250e-03  -4.50550e+01
  22  beta_A0     -3.42767e-01   1.61212e-02  -1.56835e-03  -3.26002e-01
  23  alpha_phi   -2.74614e-01   1.34808e-02  -1.36861e-03  -2.92639e+01
  24  beta_phi    -4.69679e-01   2.33105e-02  -2.30072e-03   2.21464e+02
 EXTERNAL ERROR MATRIX.    NDIM=  25    NPAR=  7    ERR DEF=1
  4.208e-08  4.728e-09  5.724e-04 -1.616e-06  4.392e-07  5.984e-07  8.095e-07 
  4.728e-09  2.433e-08  9.194e-05 -2.837e-07  8.624e-08  1.120e-07  1.213e-07 
  5.724e-04  9.194e-05  3.459e+02 -8.209e-01  2.980e-01  2.492e-01  4.333e-01 
 -1.616e-06 -2.837e-07 -8.209e-01  1.955e-03 -7.088e-04 -5.944e-04 -1.029e-03 
  4.392e-07  8.624e-08  2.980e-01 -7.088e-04  2.599e-04  2.151e-04  3.731e-04 
  5.984e-07  1.120e-07  2.492e-01 -5.944e-04  2.151e-04  1.817e-04  3.126e-04 
  8.095e-07  1.213e-07  4.333e-01 -1.029e-03  3.731e-04  3.126e-04  5.434e-04 
ERR MATRIX APPROXIMATE
 PARAMETER  CORRELATION COEFFICIENTS  
       NO.  GLOBAL     10     11     20     21     22     23     24
       10  0.78247   1.000  0.148  0.150 -0.178  0.133  0.216  0.169
       11  0.20934   0.148  1.000  0.032 -0.041  0.034  0.053  0.033
       20  0.99980   0.150  0.032  1.000 -0.998  0.994  0.994  1.000
       21  0.99952  -0.178 -0.041 -0.998  1.000 -0.994 -0.997 -0.998
       22  0.99545   0.133  0.034  0.994 -0.994  1.000  0.990  0.993
       23  0.99828   0.216  0.053  0.994 -0.997  0.990  1.000  0.995
       24  0.99974   0.169  0.033  1.000 -0.998  0.993  0.995  1.000
 ERR MATRIX APPROXIMATE
MINUIT - FIT ONLY 2-y
 **********
 **   67 **RES 
 **********
                   PARAMETER   16  beta_vw RESTORED TO VARIABLE.
                   PARAMETER   14  alpha_vw RESTORED TO VARIABLE.
                   PARAMETER   13  beta_y RESTORED TO VARIABLE.
                   PARAMETER    9  alpha_2CBO RESTORED TO VARIABLE.
                   PARAMETER    8  beta_CBO RESTORED TO VARIABLE.
                   PARAMETER    6  alpha_CBO RESTORED TO VARIABLE.
                   PARAMETER    4  phi RESTORED TO VARIABLE.
                   PARAMETER    3  A0 RESTORED TO VARIABLE.
                   PARAMETER    1  N0 RESTORED TO VARIABLE.
 **********
 **   68 **FIX            0
 **********
 PARAMETER    0  IS UNDEFINED. IGNORED.
 **********
 **   69 **FIX            1
 **********
 **********
 **   70 **FIX            2
 **********
 PARAMETER    2  IS CONSTANT.   IGNORED.
 **********
 **   71 **FIX            3
 **********
 **********
 **   72 **FIX            4
 **********
 **********
 **   73 **FIX            5
 **********
 PARAMETER    5  IS CONSTANT.   IGNORED.
 **********
 **   74 **FIX            6
 **********
 **********
 **   75 **FIX            7
 **********
 PARAMETER    7  IS CONSTANT.   IGNORED.
 **********
 **   76 **FIX            8
 **********
 **********
 **   77 **FIX            9
 **********
 **********
 **   78 **FIX           10
 **********
 **********
 **   79 **FIX           11
 **********
 **********
 **   80 **FIX           12
 **********
 PARAMETER   12  IS CONSTANT.   IGNORED.
 **********
 **   81 **FIX           16
 **********
 **********
 **   82 **MIGRAD
 **********
 START MIGRAD MINIMIZATION.  STRATEGY  1.  CONVERGENCE WHEN EDM .LT. 1.00e-04
 FCN=52.3539 FROM MIGRAD    STATUS=INITIATE       16 CALLS        6908 TOTAL
                     EDM= unknown      STRATEGY= 1      NO ERROR MATRIX       
  EXT PARAMETER               CURRENT GUESS       STEP         FIRST   
  NO.   NAME      VALUE            ERROR          SIZE      DERIVATIVE 
   1  N0           3.21945e+06     fixed    
   2  tau          6.44027e+01   constant   
   3  A0           3.52096e-01     fixed    
   4  phi          4.23096e+00     fixed    
   5  R           -6.06479e+01   constant   
   6  alpha_CBO   -4.98921e-02     fixed    
   7  w_CBO        2.32500e+00   constant   
   8  beta_CBO     8.49671e-03     fixed    
   9  alpha_2CBO  -1.07950e-03     fixed    
  10  beta_2CBO   -2.99851e-03     fixed    
  11  alpha_y     -1.76156e-03     fixed    
  12  w_y          1.44500e+01   constant   
  13  beta_y       8.15375e-04   1.65736e-04   1.65736e-04  -1.80785e+03
  14  alpha_vw     0.00000e+00   1.00000e-03   1.00000e-03  -3.60774e+04
  15  w_vw         1.29000e+01   constant   
  16  beta_vw      0.00000e+00     fixed    
  17  LM          -1.06686e-04   constant   
  18  zeta_y       0.00000e+00   constant   
  19  zeta_vw      0.00000e+00   constant   
  20  T_CBO        1.25591e+02   1.85878e+01  -5.51789e-03  -1.19985e+02
  21  alpha_A0     8.96884e-01   4.42116e-02   4.41250e-03  -4.50550e+01
  22  beta_A0     -3.42767e-01   1.61212e-02  -1.56835e-03  -3.26001e-01
  23  alpha_phi   -2.74614e-01   1.34808e-02  -1.36861e-03  -2.92639e+01
  24  beta_phi    -4.69679e-01   2.33105e-02  -2.30072e-03   2.21464e+02
 MIGRAD MINIMIZATION HAS CONVERGED.
 MIGRAD WILL VERIFY CONVERGENCE AND ERROR MATRIX.
 COVARIANCE MATRIX CALCULATED SUCCESSFULLY
 FCN=44.6807 FROM HESSE     STATUS=OK             50 CALLS        7037 TOTAL
                     EDM=0.00711465    STRATEGY= 1      ERROR MATRIX ACCURATE 
  EXT PARAMETER                                   STEP         FIRST   
  NO.   NAME      VALUE            ERROR          SIZE      DERIVATIVE 
   1  N0           3.21945e+06     fixed    
   2  tau          6.44027e+01   constant   
   3  A0           3.52096e-01     fixed    
   4  phi          4.23096e+00     fixed    
   5  R           -6.06479e+01   constant   
   6  alpha_CBO   -4.98921e-02     fixed    
   7  w_CBO        2.32500e+00   constant   
   8  beta_CBO     8.49671e-03     fixed    
   9  alpha_2CBO  -1.07950e-03     fixed    
  10  beta_2CBO   -2.99851e-03     fixed    
  11  alpha_y     -1.76156e-03     fixed    
  12  w_y          1.44500e+01   constant   
  13  beta_y       8.84545e-04   1.56115e-04   5.07858e-07   5.37262e+00
  14  alpha_vw     4.20690e-04   1.54406e-04   4.96988e-07  -1.66718e+00
  15  w_vw         1.29000e+01   constant   
  16  beta_vw      0.00000e+00     fixed    
