 + ++++++++++++++++++++++++++++++++++++++++++++++++++++++++++++++++++++ +
 +                                                                      +
 +           You have chose to blind your fitting according to          +
 +                omega_ref * (1 + (R +/- deltaR) *10^{-6})             +
 +                                                                      +
 + ++++++++++++++++++++++++++++++++++++++++++++++++++++++++++++++++++++ +
In main()...
reading format from /gm2data/zkhechad/run45/envelope/formats/formatB_sBin_constraintOn.txt
pBinTau 	= 0  
pBinPhi 	= 0  
constraintau 	= 1 
includeMopTerm 	= 0    
constrainMop    = 0   
Parameters after format file: pBinTau 0 pBinPhi 0 constraintau 1 includeMopTerm 0 constrainMop 0 c_e_scale 0.000000 
Opening file /gm2data/tbarrett/gm2fr/studies/run23_bunch_corrections/CorrectedFourier_Run3b.root.
reading full fit data from /gm2data/zkhechad/cboTemplates/Run4CBOTemplates/fullFits/noRF/sBin_constraintOn_cE0.0_seed0_noRF_calo3.root
windowBins = 69
fitting sliding window 490 from bin 626 at 93.250000 to bin 695 at 103.694000 (69 bins)

Reading data from /gm2data/cornell/histograms/aMethod/histogram_a_noRF.root
 **********
 **    1 **SET PRINTOUT            1
 **********
 **********
 **    2 **SET NOWARNINGS 
 **********
 PARAMETER DEFINITIONS:
    NO.   NAME         VALUE      STEP SIZE      LIMITS
     1 N0           2.88710e+06  1.00000e+02     no limits
     2 tau          6.43977e+01  constant
     3 A0           3.56389e-01  1.00000e-04     no limits
     4 phi          4.11721e+00  1.00000e-02     no limits
     5 R           -6.10082e+01  constant
     6 alpha_CBO    0.00000e+00  1.00000e-03     no limits
     7 w_CBO        2.32500e+00  constant
     8 beta_CBO     0.00000e+00  1.00000e-03     no limits
     9 alpha_2CBO   0.00000e+00  1.00000e-03     no limits
    10 beta_2CBO    0.00000e+00  1.00000e-03     no limits
    11 alpha_y      0.00000e+00  1.00000e-03     no limits
    12 w_y          1.38860e+01  constant
    13 beta_y       0.00000e+00  1.00000e-03     no limits
    14 alpha_vw     0.00000e+00  1.00000e-03     no limits
    15 w_vw         1.43404e+01  constant
    16 beta_vw      0.00000e+00  1.00000e-03     no limits
    17 LM          -2.57919e-04  constant
    18 zeta_y       0.00000e+00  constant
    19 zeta_vw      0.00000e+00  constant
    20 T_CBO        1.00000e+02  1.00000e+00    0.00000e+00  1.00000e+03
    21 alpha_A0     0.00000e+00  1.00000e-04   -1.00000e-02  1.00000e-02
    22 beta_A0      0.00000e+00  1.00000e-04   -1.00000e-02  1.00000e-02
    23 alpha_phi    0.00000e+00  1.00000e-04   -1.00000e-02  1.00000e-02
    24 beta_phi     0.00000e+00  1.00000e-04   -1.00000e-02  1.00000e-02
MINUIT - FIT ONLY WIGGLE
 **********
 **    3 **FIX            5
 **********
 PARAMETER    5  IS CONSTANT.   IGNORED.
 **********
 **    4 **FIX            6
 **********
 **********
 **    5 **FIX            7
 **********
 PARAMETER    7  IS CONSTANT.   IGNORED.
 **********
 **    6 **FIX            8
 **********
 **********
 **    7 **FIX            9
 **********
 **********
 **    8 **FIX           10
 **********
 **********
 **    9 **FIX           11
 **********
 **********
 **   10 **FIX           12
 **********
 PARAMETER   12  IS CONSTANT.   IGNORED.
 **********
 **   11 **FIX           13
 **********
 **********
 **   12 **FIX           14
 **********
 **********
 **   13 **FIX           15
 **********
 PARAMETER   15  IS CONSTANT.   IGNORED.
 **********
 **   14 **FIX           16
 **********
 **********
 **   15 **MIGRAD
 **********
 FIRST CALL TO USER FUNCTION AT NEW START POINT, WITH IFLAG=4.
 START MIGRAD MINIMIZATION.  STRATEGY  1.  CONVERGENCE WHEN EDM .LT. 1.00e-04
 FCN=1899.03 FROM MIGRAD    STATUS=INITIATE      435 CALLS         436 TOTAL
                     EDM= unknown      STRATEGY= 1      NO ERROR MATRIX       
  EXT PARAMETER               CURRENT GUESS       STEP         FIRST   
  NO.   NAME      VALUE            ERROR          SIZE      DERIVATIVE 
   1  N0           2.88710e+06   1.00000e+02   0.00000e+00   1.52033e-02
   2  tau          6.43977e+01   constant   
   3  A0           3.56389e-01   1.00000e-04   0.00000e+00   9.30721e+04
   4  phi          4.11721e+00   1.00000e-02   0.00000e+00   4.07591e+04
   5  R           -6.10082e+01   constant   
   6  alpha_CBO    0.00000e+00     fixed    
   7  w_CBO        2.32500e+00   constant   
   8  beta_CBO     0.00000e+00     fixed    
   9  alpha_2CBO   0.00000e+00     fixed    
  10  beta_2CBO    0.00000e+00     fixed    
  11  alpha_y      0.00000e+00     fixed    
  12  w_y          1.38860e+01   constant   
  13  beta_y       0.00000e+00     fixed    
  14  alpha_vw     0.00000e+00     fixed    
  15  w_vw         1.43404e+01   constant   
  16  beta_vw      0.00000e+00     fixed    
  17  LM          -2.57919e-04   constant   
  18  zeta_y       0.00000e+00   constant   
  19  zeta_vw      0.00000e+00   constant   
  20  T_CBO        1.00000e+02   1.00000e+00   0.00000e+00   0.00000e+00
  21  alpha_A0     0.00000e+00   1.00000e-04   0.00000e+00  -7.88598e+01
  22  beta_A0      0.00000e+00   1.00000e-04   0.00000e+00  -5.14719e+01
  23  alpha_phi    0.00000e+00   1.00000e-04   0.00000e+00   2.45378e+01
  24  beta_phi     0.00000e+00   1.00000e-04   0.00000e+00   1.80846e+02
 MIGRAD MINIMIZATION HAS CONVERGED.
 FCN=1599.17 FROM MIGRAD    STATUS=CONVERGED     683 CALLS         684 TOTAL
                     EDM=6.6083e-07    STRATEGY= 1  ERROR MATRIX UNCERTAINTY   1.7 per cent
  EXT PARAMETER                                   STEP         FIRST   
  NO.   NAME      VALUE            ERROR          SIZE      DERIVATIVE 
   1  N0           2.88672e+06   2.77371e+02  -7.85692e-01   1.05533e-06
   2  tau          6.43977e+01   constant   
   3  A0           3.55385e-01   1.23919e-04   1.85830e-07  -1.51911e+00
   4  phi          4.11413e+00   3.66783e-04  -1.04275e-06  -1.71044e-01
   5  R           -6.10082e+01   constant   
   6  alpha_CBO    0.00000e+00     fixed    
   7  w_CBO        2.32500e+00   constant   
   8  beta_CBO     0.00000e+00     fixed    
   9  alpha_2CBO   0.00000e+00     fixed    
  10  beta_2CBO    0.00000e+00     fixed    
  11  alpha_y      0.00000e+00     fixed    
  12  w_y          1.38860e+01   constant   
  13  beta_y       0.00000e+00     fixed    
  14  alpha_vw     0.00000e+00     fixed    
  15  w_vw         1.43404e+01   constant   
  16  beta_vw      0.00000e+00     fixed    
  17  LM          -2.57919e-04   constant   
  18  zeta_y       0.00000e+00   constant   
  19  zeta_vw      0.00000e+00   constant   
  20  T_CBO        2.01333e+02   3.06967e+01   1.48741e-04   6.42321e-03
  21  alpha_A0     4.98864e-03   8.91562e-04  -9.52048e-05   1.13330e-03
  22  beta_A0      1.12183e-03   8.82994e-04  -1.61038e-05   1.35250e-03
  23  alpha_phi   -1.19393e-03   8.41788e-04   2.35079e-04   3.09359e-03
  24  beta_phi    -1.00000e-02   1.30297e-02  -1.40954e-03** at limit **
 EXTERNAL ERROR MATRIX.    NDIM=  25    NPAR=  8    ERR DEF=1
  7.693e+04 -3.931e-03  1.282e-02  1.055e+03 -5.793e-03 -6.293e-02 -5.633e-02 -1.573e-04 
 -3.931e-03  1.536e-08  1.213e-09 -6.186e-04 -4.095e-09  1.509e-08  1.077e-08  1.964e-11 
  1.282e-02  1.213e-09  1.345e-07 -9.467e-04  4.081e-09 -8.744e-10 -4.304e-08 -2.969e-10 
  1.055e+03 -6.186e-04 -9.467e-04  9.441e+02 -1.093e-02 -6.307e-03  2.249e-04 -7.782e-05 
 -5.793e-03 -4.095e-09  4.081e-09 -1.093e-02  7.977e-07 -1.275e-08 -3.308e-08  9.637e-10 
 -6.293e-02  1.509e-08 -8.744e-10 -6.307e-03 -1.275e-08  7.817e-07  5.925e-08  1.847e-10 
 -5.633e-02  1.077e-08 -4.304e-08  2.249e-04 -3.308e-08  5.925e-08  7.103e-07  4.203e-10 
 -1.573e-04  1.964e-11 -2.969e-10 -7.782e-05  9.637e-10  1.847e-10  4.203e-10  7.994e-11 
 PARAMETER  CORRELATION COEFFICIENTS  
       NO.  GLOBAL      1      3      4     20     21     22     23     24
        1  0.36547   1.000 -0.114  0.126  0.124 -0.023 -0.257 -0.241 -0.063
        3  0.24502  -0.114  1.000  0.027 -0.162 -0.037  0.138  0.103  0.018
        4  0.22663   0.126  0.027  1.000 -0.084  0.012 -0.003 -0.139 -0.091
       20  0.54899   0.124 -0.162 -0.084  1.000 -0.398 -0.232  0.009 -0.283
       21  0.42519  -0.023 -0.037  0.012 -0.398  1.000 -0.016 -0.044  0.121
       22  0.35554  -0.257  0.138 -0.003 -0.232 -0.016  1.000  0.080  0.023
       23  0.28552  -0.241  0.103 -0.139  0.009 -0.044  0.080  1.000  0.056
       24  0.31419  -0.063  0.018 -0.091 -0.283  0.121  0.023  0.056  1.000
MINUIT - FIT ONLY 1-CBO + wiggle
 **********
 **   16 **RES 
 **********
                   PARAMETER   16  beta_vw RESTORED TO VARIABLE.
                   PARAMETER   14  alpha_vw RESTORED TO VARIABLE.
                   PARAMETER   13  beta_y RESTORED TO VARIABLE.
                   PARAMETER   11  alpha_y RESTORED TO VARIABLE.
                   PARAMETER   10  beta_2CBO RESTORED TO VARIABLE.
                   PARAMETER    9  alpha_2CBO RESTORED TO VARIABLE.
                   PARAMETER    8  beta_CBO RESTORED TO VARIABLE.
                   PARAMETER    6  alpha_CBO RESTORED TO VARIABLE.
 **********
 **   17 **FIX            8
 **********
 **********
 **   18 **FIX            9
 **********
 **********
 **   19 **FIX           11
 **********
 **********
 **   20 **FIX           12
 **********
 PARAMETER   12  IS CONSTANT.   IGNORED.
 **********
 **   21 **FIX           14
 **********
 **********
 **   22 **FIX           15
 **********
 PARAMETER   15  IS CONSTANT.   IGNORED.
 **********
 **   23 **FIX           16
 **********
 **********
 **   24 **MIGRAD
 **********
 START MIGRAD MINIMIZATION.  STRATEGY  1.  CONVERGENCE WHEN EDM .LT. 1.00e-04
 FCN=1599.17 FROM MIGRAD    STATUS=INITIATE       28 CALLS         712 TOTAL
                     EDM= unknown      STRATEGY= 1      NO ERROR MATRIX       
  EXT PARAMETER               CURRENT GUESS       STEP         FIRST   
  NO.   NAME      VALUE            ERROR          SIZE      DERIVATIVE 
   1  N0           2.88672e+06   2.77371e+02  -7.85692e-01   1.05533e-06
   2  tau          6.43977e+01   constant   
   3  A0           3.55385e-01   1.23919e-04   1.85830e-07  -1.51910e+00
   4  phi          4.11413e+00   3.66783e-04  -1.04275e-06  -1.71045e-01
   5  R           -6.10082e+01   constant   
   6  alpha_CBO    0.00000e+00   1.00000e-03   1.00000e-03   3.08764e+05
   7  w_CBO        2.32500e+00   constant   
   8  beta_CBO     0.00000e+00     fixed    
   9  alpha_2CBO   0.00000e+00     fixed    
  10  beta_2CBO    0.00000e+00   1.00000e-03   1.00000e-03   5.79002e+04
  11  alpha_y      0.00000e+00     fixed    
  12  w_y          1.38860e+01   constant   
  13  beta_y       0.00000e+00   1.00000e-03   1.00000e-03  -6.78553e+04
  14  alpha_vw     0.00000e+00     fixed    
  15  w_vw         1.43404e+01   constant   
  16  beta_vw      0.00000e+00     fixed    
  17  LM          -2.57919e-04   constant   
  18  zeta_y       0.00000e+00   constant   
  19  zeta_vw      0.00000e+00   constant   
  20  T_CBO        2.01333e+02   3.06967e+01   1.48741e-04   6.42202e-03
  21  alpha_A0     4.98864e-03   8.91562e-04  -9.52048e-05   1.13368e-03
  22  beta_A0      1.12183e-03   8.82994e-04  -1.61038e-05   1.35245e-03
  23  alpha_phi   -1.19393e-03   8.41788e-04   2.35079e-04   3.09357e-03
  24  beta_phi    -1.00000e-02   1.30297e-02  -1.40954e-03** at limit **
 MIGRAD MINIMIZATION HAS CONVERGED.
 FCN=1147.42 FROM MIGRAD    STATUS=CONVERGED     199 CALLS         883 TOTAL
                     EDM=1.00945e-07    STRATEGY= 1  ERROR MATRIX UNCERTAINTY   1.7 per cent
  EXT PARAMETER                                   STEP         FIRST   
  NO.   NAME      VALUE            ERROR          SIZE      DERIVATIVE 
   1  N0           2.88714e+06   2.75401e+02   1.43888e-01  -7.89499e-07
   2  tau          6.43977e+01   constant   
   3  A0           3.55957e-01   1.28572e-04   4.14921e-08   1.04417e+00
   4  phi          4.11413e+00   3.64552e-04  -4.26027e-07  -3.96252e-01
   5  R           -6.10082e+01   constant   
   6  alpha_CBO   -2.69755e-03   1.31432e-04  -5.83622e-08  -1.57550e+00
   7  w_CBO        2.32500e+00   constant   
   8  beta_CBO     0.00000e+00     fixed    
   9  alpha_2CBO   0.00000e+00     fixed    
  10  beta_2CBO   -6.04287e-04   1.24891e-04   1.32964e-07   3.58001e+00
  11  alpha_y      0.00000e+00     fixed    
  12  w_y          1.38860e+01   constant   
  13  beta_y       5.22372e-04   1.24860e-04  -1.47119e-07   3.90567e-01
  14  alpha_vw     0.00000e+00     fixed    
  15  w_vw         1.43404e+01   constant   
  16  beta_vw      0.00000e+00     fixed    
  17  LM          -2.57919e-04   constant   
  18  zeta_y       0.00000e+00   constant   
  19  zeta_vw      0.00000e+00   constant   
  20  T_CBO        1.60364e+02   2.25200e+01  -3.16733e-05  -5.09008e-04
  21  alpha_A0     3.62312e-03   8.42518e-04   1.69280e-04  -1.54285e-03
  22  beta_A0      9.49643e-04   9.87477e-04  -9.53750e-05  -4.76226e-04
  23  alpha_phi   -3.56676e-04   9.39668e-04   3.57376e-04  -1.09182e-03
  24  beta_phi    -1.00000e-02   1.32419e-02   1.95812e-04** at limit **
 EXTERNAL ERROR MATRIX.    NDIM=  25    NPAR= 11    ERR DEF=1
  7.585e+04 
 -3.456e-03  1.653e-08 
  1.226e-02  4.513e-10  1.329e-07 
 -2.477e-03 -3.587e-09 -1.423e-10  1.727e-08 
 -1.140e-03 -3.411e-10  1.732e-09  1.055e-09  1.560e-08 
 -3.175e-04  3.052e-10  5.091e-10  1.420e-11  1.538e-10  1.559e-08 
  7.312e+02 -5.460e-04 -2.632e-04  2.263e-04  4.569e-05 -4.215e-05  5.078e+02 
 -2.677e-03 -7.413e-09 -1.995e-08  9.088e-09 -3.714e-09 -2.346e-09 -3.275e-03  7.118e-07 
 -7.119e-02  1.603e-08 -3.004e-09  1.204e-09  2.037e-09  1.308e-09 -4.364e-03 -6.893e-08  9.783e-07 
 -5.652e-02  9.939e-09 -3.782e-08 -4.333e-09 -1.060e-08 -2.360e-09 -1.723e-03  4.493e-08  8.215e-08  8.856e-07 
  1.146e-06 -7.350e-14 -2.190e-13 -3.166e-16 -1.295e-13 -1.095e-13  7.994e-08  2.146e-12 -5.347e-12  1.169e-12  2.202e-13 
 PARAMETER  CORRELATION COEFFICIENTS  
       NO.  GLOBAL      1      3      4      6     10     13     20     21     22     23     24
        1  0.36324   1.000 -0.098  0.122 -0.068 -0.033 -0.009  0.118 -0.012 -0.261 -0.218  0.009
        3  0.31125  -0.098  1.000  0.010 -0.212 -0.021  0.019 -0.188 -0.068  0.126  0.082 -0.001
        4  0.17646   0.122  0.010  1.000 -0.003  0.038  0.011 -0.032 -0.065 -0.008 -0.110 -0.001
        6  0.25833  -0.068 -0.212 -0.003  1.000  0.064  0.001  0.076  0.082  0.009 -0.035 -0.000
       10  0.12960  -0.033 -0.021  0.038  0.064  1.000  0.010  0.016 -0.035  0.016 -0.090 -0.002
       13  0.04216  -0.009  0.019  0.011  0.001  0.010  1.000 -0.015 -0.022  0.011 -0.020 -0.002
       20  0.34015   0.118 -0.188 -0.032  0.076  0.016 -0.015  1.000 -0.172 -0.196 -0.081  0.008
       21  0.26065  -0.012 -0.068 -0.065  0.082 -0.035 -0.022 -0.172  1.000 -0.083  0.057  0.005
       22  0.33883  -0.261  0.126 -0.008  0.009  0.016  0.011 -0.196 -0.083  1.000  0.088 -0.012
       23  0.27104  -0.218  0.082 -0.110 -0.035 -0.090 -0.020 -0.081  0.057  0.088  1.000  0.003
       24  0.01614   0.009 -0.001 -0.001 -0.000 -0.002 -0.002  0.008  0.005 -0.012  0.003  1.000
MINUIT - FIT ONLY 2-CBO
 **********
 **   25 **RES 
 **********
                   PARAMETER   16  beta_vw RESTORED TO VARIABLE.
                   PARAMETER   14  alpha_vw RESTORED TO VARIABLE.
                   PARAMETER   11  alpha_y RESTORED TO VARIABLE.
                   PARAMETER    9  alpha_2CBO RESTORED TO VARIABLE.
                   PARAMETER    8  beta_CBO RESTORED TO VARIABLE.
 **********
 **   26 **FIX            0
 **********
 PARAMETER    0  IS UNDEFINED. IGNORED.
 **********
 **   27 **FIX            1
 **********
 **********
 **   28 **FIX            2
 **********
 PARAMETER    2  IS CONSTANT.   IGNORED.
 **********
 **   29 **FIX            3
 **********
 **********
 **   30 **FIX            4
 **********
 **********
 **   31 **FIX            5
 **********
 PARAMETER    5  IS CONSTANT.   IGNORED.
 **********
 **   32 **FIX            6
 **********
 **********
 **   33 **FIX            7
 **********
 PARAMETER    7  IS CONSTANT.   IGNORED.
 **********
 **   34 **FIX           10
 **********
 **********
 **   35 **FIX           11
 **********
 **********
 **   36 **FIX           12
 **********
 PARAMETER   12  IS CONSTANT.   IGNORED.
 **********
 **   37 **FIX           13
 **********
 **********
 **   38 **FIX           14
 **********
 **********
 **   39 **FIX           15
 **********
 PARAMETER   15  IS CONSTANT.   IGNORED.
 **********
 **   40 **FIX           16
 **********
 **********
 **   41 **MIGRAD
 **********
 START MIGRAD MINIMIZATION.  STRATEGY  1.  CONVERGENCE WHEN EDM .LT. 1.00e-04
 FCN=1147.42 FROM MIGRAD    STATUS=INITIATE       18 CALLS         901 TOTAL
                     EDM= unknown      STRATEGY= 1      NO ERROR MATRIX       
  EXT PARAMETER               CURRENT GUESS       STEP         FIRST   
  NO.   NAME      VALUE            ERROR          SIZE      DERIVATIVE 
   1  N0           2.88714e+06     fixed    
   2  tau          6.43977e+01   constant   
   3  A0           3.55957e-01     fixed    
   4  phi          4.11413e+00     fixed    
   5  R           -6.10082e+01   constant   
   6  alpha_CBO   -2.69755e-03     fixed    
   7  w_CBO        2.32500e+00   constant   
   8  beta_CBO     0.00000e+00   1.00000e-03   1.00000e-03   5.03658e+05
   9  alpha_2CBO   0.00000e+00   1.00000e-03   1.00000e-03  -1.03537e+03
  10  beta_2CBO   -6.04287e-04     fixed    
  11  alpha_y      0.00000e+00     fixed    
  12  w_y          1.38860e+01   constant   
  13  beta_y       5.22372e-04     fixed    
  14  alpha_vw     0.00000e+00     fixed    
  15  w_vw         1.43404e+01   constant   
  16  beta_vw      0.00000e+00     fixed    
  17  LM          -2.57919e-04   constant   
  18  zeta_y       0.00000e+00   constant   
  19  zeta_vw      0.00000e+00   constant   
  20  T_CBO        1.60364e+02   2.25200e+01  -3.16733e-05  -1.21491e-03
  21  alpha_A0     3.62312e-03   8.42518e-04   1.69280e-04  -1.54760e-03
  22  beta_A0      9.49643e-04   9.87477e-04  -9.53750e-05  -5.19703e-04
  23  alpha_phi   -3.56676e-04   9.39668e-04   3.57376e-04  -1.11146e-03
  24  beta_phi    -9.99998e-03   1.32419e-02   1.95812e-04   2.05147e-03
 MIGRAD MINIMIZATION HAS CONVERGED.
 MIGRAD WILL VERIFY CONVERGENCE AND ERROR MATRIX.
 COVARIANCE MATRIX CALCULATED SUCCESSFULLY
 FCN=149.543 FROM MIGRAD    STATUS=CONVERGED     804 CALLS        1687 TOTAL
                     EDM=1.5727e-07    STRATEGY= 1      ERROR MATRIX ACCURATE 
  EXT PARAMETER                                   STEP         FIRST   
  NO.   NAME      VALUE            ERROR          SIZE      DERIVATIVE 
   1  N0           2.88714e+06     fixed    
   2  tau          6.43977e+01   constant   
   3  A0           3.55957e-01     fixed    
   4  phi          4.11413e+00     fixed    
   5  R           -6.10082e+01   constant   
   6  alpha_CBO   -2.69755e-03     fixed    
   7  w_CBO        2.32500e+00   constant   
   8  beta_CBO    -3.96335e-03   1.25437e-04   7.45711e-07   3.59441e-01
   9  alpha_2CBO  -8.22148e-05   1.27878e-04   7.49291e-07  -1.53085e+00
  10  beta_2CBO   -6.04287e-04     fixed    
  11  alpha_y      0.00000e+00     fixed    
  12  w_y          1.38860e+01   constant   
  13  beta_y       5.22372e-04     fixed    
  14  alpha_vw     0.00000e+00     fixed    
  15  w_vw         1.43404e+01   constant   
  16  beta_vw      0.00000e+00     fixed    
  17  LM          -2.57919e-04   constant   
  18  zeta_y       0.00000e+00   constant   
  19  zeta_vw      0.00000e+00   constant   
  20  T_CBO        9.99999e+02   7.10845e+02   4.49103e-02  -4.81464e-05
  21  alpha_A0     1.78889e-03   5.49975e-04   3.33216e-04   3.93397e-04
  22  beta_A0     -9.31041e-04   5.70155e-04   3.34977e-04   4.26717e-03
  23  alpha_phi    8.48796e-05   5.46299e-04   3.24096e-04   2.91560e-03
  24  beta_phi    -4.72800e-03   5.28664e-04   3.55184e-04  -3.32965e-03
 EXTERNAL ERROR MATRIX.    NDIM=  25    NPAR=  7    ERR DEF=1
  1.573e-08  3.636e-10  1.404e-07  1.491e-09  6.052e-09 -1.340e-09  4.933e-09 
  3.636e-10  1.635e-08  1.739e-08 -3.837e-11  1.102e-08 -9.439e-09 -3.934e-09 
  1.404e-07  1.739e-08  3.013e+01  7.718e-05 -3.990e-05  6.161e-06  2.064e-04 
  1.491e-09 -3.837e-11  7.718e-05  3.028e-07 -2.995e-08 -4.049e-09  1.074e-09 
  6.052e-09  1.102e-08 -3.990e-05 -2.995e-08  3.254e-07 -2.149e-09 -2.889e-08 
 -1.340e-09 -9.439e-09  6.161e-06 -4.049e-09 -2.149e-09  2.987e-07 -9.808e-09 
  4.933e-09 -3.934e-09  2.064e-04  1.074e-09 -2.889e-08 -9.808e-09  2.798e-07 
 PARAMETER  CORRELATION COEFFICIENTS  
       NO.  GLOBAL      8      9     20     21     22     23     24
        8  0.12380   1.000  0.023  0.000  0.022  0.085 -0.020  0.074
        9  0.20844   0.023  1.000  0.000 -0.001  0.151 -0.135 -0.058
       20  0.07607   0.000  0.000  1.000  0.026 -0.013  0.002  0.071
       21  0.10490   0.022 -0.001  0.026  1.000 -0.095 -0.013  0.004
       22  0.21836   0.085  0.151 -0.013 -0.095  1.000 -0.007 -0.096
       23  0.14307  -0.020 -0.135  0.002 -0.013 -0.007  1.000 -0.034
       24  0.15678   0.074 -0.058  0.071  0.004 -0.096 -0.034  1.000
MINUIT - FIT wiggle + 1-CBO + 2-CBO
 **********
 **   42 **RES 
 **********
                   PARAMETER   16  beta_vw RESTORED TO VARIABLE.
                   PARAMETER   14  alpha_vw RESTORED TO VARIABLE.
                   PARAMETER   13  beta_y RESTORED TO VARIABLE.
                   PARAMETER   11  alpha_y RESTORED TO VARIABLE.
                   PARAMETER   10  beta_2CBO RESTORED TO VARIABLE.
                   PARAMETER    6  alpha_CBO RESTORED TO VARIABLE.
                   PARAMETER    4  phi RESTORED TO VARIABLE.
                   PARAMETER    3  A0 RESTORED TO VARIABLE.
                   PARAMETER    1  N0 RESTORED TO VARIABLE.
 **********
 **   43 **FIX           10
 **********
 **********
 **   44 **FIX           11
 **********
 **********
 **   45 **FIX           12
 **********
 PARAMETER   12  IS CONSTANT.   IGNORED.
 **********
 **   46 **FIX           13
 **********
 **********
 **   47 **FIX           14
 **********
 **********
 **   48 **FIX           15
 **********
 PARAMETER   15  IS CONSTANT.   IGNORED.
 **********
 **   49 **FIX           16
 **********
 **********
 **   50 **MIGRAD
 **********
 START MIGRAD MINIMIZATION.  STRATEGY  1.  CONVERGENCE WHEN EDM .LT. 1.00e-04
 FCN=149.543 FROM MIGRAD    STATUS=INITIATE       22 CALLS        1709 TOTAL
                     EDM= unknown      STRATEGY= 1      NO ERROR MATRIX       
  EXT PARAMETER               CURRENT GUESS       STEP         FIRST   
  NO.   NAME      VALUE            ERROR          SIZE      DERIVATIVE 
   1  N0           2.88714e+06   2.75401e+02   2.75401e+02   3.68830e-03
   2  tau          6.43977e+01   constant   
   3  A0           3.55957e-01   1.28572e-04   1.28572e-04  -3.62713e+04
   4  phi          4.11413e+00   3.64552e-04   3.64552e-04  -4.03388e+04
   5  R           -6.10082e+01   constant   
   6  alpha_CBO   -2.69755e-03   1.31432e-04   1.31432e-04  -1.63238e+04
   7  w_CBO        2.32500e+00   constant   
   8  beta_CBO    -3.96335e-03   1.25437e-04   7.45711e-07   3.59443e-01
   9  alpha_2CBO  -8.22148e-05   1.27878e-04   7.49291e-07  -1.53086e+00
  10  beta_2CBO   -6.04287e-04     fixed    
  11  alpha_y      0.00000e+00     fixed    
  12  w_y          1.38860e+01   constant   
  13  beta_y       5.22372e-04     fixed    
  14  alpha_vw     0.00000e+00     fixed    
  15  w_vw         1.43404e+01   constant   
  16  beta_vw      0.00000e+00     fixed    
  17  LM          -2.57919e-04   constant   
  18  zeta_y       0.00000e+00   constant   
  19  zeta_vw      0.00000e+00   constant   
  20  T_CBO        9.99999e+02   7.10845e+02   4.49103e-02  -4.88281e-05
  21  alpha_A0     1.78889e-03   5.49975e-04   3.33216e-04   3.87353e-04
  22  beta_A0     -9.31041e-04   5.70155e-04   3.34977e-04   4.27030e-03
  23  alpha_phi    8.48796e-05   5.46299e-04   3.24096e-04   2.91530e-03
  24  beta_phi    -4.72800e-03   5.28664e-04   3.55184e-04   3.34811e-03
 MIGRAD MINIMIZATION HAS CONVERGED.
 MIGRAD WILL VERIFY CONVERGENCE AND ERROR MATRIX.
 COVARIANCE MATRIX CALCULATED SUCCESSFULLY
 FCN=86.6234 FROM MIGRAD    STATUS=CONVERGED     265 CALLS        1952 TOTAL
                     EDM=1.56163e-06    STRATEGY= 1      ERROR MATRIX ACCURATE 
  EXT PARAMETER                                   STEP         FIRST   
  NO.   NAME      VALUE            ERROR          SIZE      DERIVATIVE 
   1  N0           2.88716e+06   1.39817e+00   1.37671e+00   3.20573e-06
   2  tau          6.43977e+01   constant   
   3  A0           3.56285e-01   1.28024e-04   5.53855e-07  -1.18816e-01
   4  phi          4.11693e+00   3.67908e-04   1.96310e-06  -2.67530e-01
   5  R           -6.10082e+01   constant   
   6  alpha_CBO   -2.61995e-03   1.31612e-04   5.80781e-07   6.66154e+00
   7  w_CBO        2.32500e+00   constant   
   8  beta_CBO    -4.21423e-03   1.29357e-04   5.68932e-07  -1.10586e+00
   9  alpha_2CBO  -3.68774e-05   1.28362e-04   5.71672e-07   4.36981e+00
  10  beta_2CBO   -6.04287e-04     fixed    
  11  alpha_y      0.00000e+00     fixed    
  12  w_y          1.38860e+01   constant   
  13  beta_y       5.22372e-04     fixed    
  14  alpha_vw     0.00000e+00     fixed    
  15  w_vw         1.43404e+01   constant   
  16  beta_vw      0.00000e+00     fixed    
  17  LM          -2.57919e-04   constant   
  18  zeta_y       0.00000e+00   constant   
  19  zeta_vw      0.00000e+00   constant   
  20  T_CBO        9.99958e+02   7.07847e+02   4.20489e-02  -3.02872e-04
  21  alpha_A0     1.47159e-03   5.59692e-04   2.52762e-04  -2.35483e-02
  22  beta_A0     -7.70737e-04   5.72233e-04   2.54981e-04   3.96012e-03
  23  alpha_phi   -2.77912e-04   5.50978e-04   2.47110e-04   5.89919e-03
  24  beta_phi    -4.13200e-03   5.36652e-04   2.62055e-04  -9.59493e-03
 EXTERNAL ERROR MATRIX.    NDIM=  25    NPAR= 11    ERR DEF=1
  1.955e+00 
 -8.936e-08  1.639e-08 
  3.103e-07  3.022e-09  1.354e-07 
 -6.055e-08 -3.724e-09  2.525e-10  1.732e-08 
  4.099e-10 -1.268e-09 -1.116e-08 -3.169e-10  1.673e-08 
  2.140e-08  9.739e-10  1.783e-09 -1.089e-09  1.870e-10  1.648e-08 
  6.235e-06 -3.260e-07  9.004e-07  3.146e-08  7.716e-09  1.575e-08  8.491e+01 
  1.658e-07 -1.086e-08 -1.012e-08  1.054e-08  2.733e-09 -1.165e-09  3.267e-05  3.136e-07 
 -1.047e-06  7.803e-09  1.843e-09 -1.223e-09  5.315e-09  1.142e-08 -1.728e-05 -3.470e-08  3.278e-07 
 -9.304e-07  5.899e-09 -2.124e-08 -3.817e-09  9.291e-11 -9.214e-09 -6.417e-06 -8.514e-09  3.712e-10  3.039e-07 
 -3.718e-07  1.158e-08  2.059e-08 -3.403e-09 -7.307e-09  4.886e-09 -9.048e-05 -9.973e-09  3.349e-08  1.102e-08  2.883e-07 
 PARAMETER  CORRELATION COEFFICIENTS  
       NO.  GLOBAL      1      3      4      6      8      9     20     21     22     23     24
        1  0.00198   1.000 -0.000  0.001 -0.000  0.000  0.000  0.000  0.000 -0.001 -0.001 -0.000
        3  0.32268  -0.000  1.000  0.064 -0.221 -0.077  0.059 -0.000 -0.151  0.106  0.084  0.168
        4  0.27665   0.001  0.064  1.000  0.005 -0.235  0.038  0.000 -0.049  0.009 -0.105  0.104
        6  0.26052  -0.000 -0.221  0.005  1.000 -0.019 -0.064  0.000  0.143 -0.016 -0.053 -0.048
        8  0.27216   0.000 -0.077 -0.235 -0.019  1.000  0.011  0.000  0.038  0.072  0.001 -0.105
        9  0.22489   0.000  0.059  0.038 -0.064  0.011  1.000  0.000 -0.016  0.155 -0.130  0.071
       20  0.01980   0.000 -0.000  0.000  0.000  0.000  0.000  1.000  0.006 -0.003 -0.001 -0.018
       21  0.21769   0.000 -0.151 -0.049  0.143  0.038 -0.016  0.006  1.000 -0.108 -0.028 -0.033
       22  0.24040  -0.001  0.106  0.009 -0.016  0.072  0.155 -0.003 -0.108  1.000  0.001  0.109
       23  0.20082  -0.001  0.084 -0.105 -0.053  0.001 -0.130 -0.001 -0.028  0.001  1.000  0.037
       24  0.23707  -0.000  0.168  0.104 -0.048 -0.105  0.071 -0.018 -0.033  0.109  0.037  1.000
MINUIT - FIT ONLY 1-y
 **********
 **   51 **RES 
 **********
                   PARAMETER   16  beta_vw RESTORED TO VARIABLE.
                   PARAMETER   14  alpha_vw RESTORED TO VARIABLE.
                   PARAMETER   13  beta_y RESTORED TO VARIABLE.
                   PARAMETER   11  alpha_y RESTORED TO VARIABLE.
                   PARAMETER   10  beta_2CBO RESTORED TO VARIABLE.
 **********
 **   52 **FIX            0
 **********
 PARAMETER    0  IS UNDEFINED. IGNORED.
 **********
 **   53 **FIX            1
 **********
 **********
 **   54 **FIX            2
 **********
 PARAMETER    2  IS CONSTANT.   IGNORED.
 **********
 **   55 **FIX            3
 **********
 **********
 **   56 **FIX            4
 **********
 **********
 **   57 **FIX            5
 **********
 PARAMETER    5  IS CONSTANT.   IGNORED.
 **********
 **   58 **FIX            6
 **********
 **********
 **   59 **FIX            7
 **********
 PARAMETER    7  IS CONSTANT.   IGNORED.
 **********
 **   60 **FIX            8
 **********
 **********
 **   61 **FIX            9
 **********
 **********
 **   62 **FIX           13
 **********
 **********
 **   63 **FIX           14
 **********
 **********
 **   64 **FIX           15
 **********
 PARAMETER   15  IS CONSTANT.   IGNORED.
 **********
 **   65 **FIX           16
 **********
 **********
 **   66 **MIGRAD
 **********
 START MIGRAD MINIMIZATION.  STRATEGY  1.  CONVERGENCE WHEN EDM .LT. 1.00e-04
 FCN=86.6226 FROM MIGRAD    STATUS=INITIATE       39 CALLS        1991 TOTAL
                     EDM= unknown      STRATEGY= 1      NO ERROR MATRIX       
  EXT PARAMETER               CURRENT GUESS       STEP         FIRST   
  NO.   NAME      VALUE            ERROR          SIZE      DERIVATIVE 
   1  N0           2.88716e+06     fixed    
   2  tau          6.43977e+01   constant   
   3  A0           3.56285e-01     fixed    
   4  phi          4.11693e+00     fixed    
   5  R           -6.10082e+01   constant   
   6  alpha_CBO   -2.61995e-03     fixed    
   7  w_CBO        2.32500e+00   constant   
   8  beta_CBO    -4.21423e-03     fixed    
   9  alpha_2CBO  -3.68774e-05     fixed    
  10  beta_2CBO   -6.04287e-04   1.24891e-04   0.00000e+00  -3.65946e+04
  11  alpha_y      0.00000e+00   1.00000e-03   0.00000e+00   1.00432e+04
  12  w_y          1.38860e+01   constant   
  13  beta_y       5.22372e-04     fixed    
  14  alpha_vw     0.00000e+00     fixed    
  15  w_vw         1.43404e+01   constant   
  16  beta_vw      0.00000e+00     fixed    
  17  LM          -2.57919e-04   constant   
  18  zeta_y       0.00000e+00   constant   
  19  zeta_vw      0.00000e+00   constant   
  20  T_CBO        9.66415e+02   7.07847e+02  -3.55578e-01  -1.14897e-04
  21  alpha_A0     1.47159e-03   5.59692e-04   0.00000e+00  -3.48674e-01
  22  beta_A0     -7.70737e-04   5.72233e-04   0.00000e+00   5.43755e-02
  23  alpha_phi   -2.77912e-04   5.50978e-04   0.00000e+00   2.50328e-02
  24  beta_phi    -4.13200e-03   5.36652e-04   0.00000e+00   9.16536e-01
 MIGRAD MINIMIZATION HAS CONVERGED.
 MIGRAD WILL VERIFY CONVERGENCE AND ERROR MATRIX.
 COVARIANCE MATRIX CALCULATED SUCCESSFULLY
 FCN=80.2728 FROM MIGRAD    STATUS=CONVERGED     891 CALLS        2843 TOTAL
                     EDM=7.69642e-06    STRATEGY= 1      ERROR MATRIX ACCURATE 
  EXT PARAMETER                                   STEP         FIRST   
  NO.   NAME      VALUE            ERROR          SIZE      DERIVATIVE 
   1  N0           2.88716e+06     fixed    
   2  tau          6.43977e+01   constant   
   3  A0           3.56285e-01     fixed    
   4  phi          4.11693e+00     fixed    
   5  R           -6.10082e+01   constant   
   6  alpha_CBO   -2.61995e-03     fixed    
   7  w_CBO        2.32500e+00   constant   
   8  beta_CBO    -4.21423e-03     fixed    
   9  alpha_2CBO  -3.68774e-05     fixed    
  10  beta_2CBO   -2.97252e-04   1.29937e-04   5.56574e-07   1.38272e+01
  11  alpha_y     -8.35678e-05   1.26785e-04   5.57919e-07  -1.68900e+00
  12  w_y          1.38860e+01   constant   
  13  beta_y       5.22372e-04     fixed    
  14  alpha_vw     0.00000e+00     fixed    
  15  w_vw         1.43404e+01   constant   
  16  beta_vw      0.00000e+00     fixed    
  17  LM          -2.57919e-04   constant   
  18  zeta_y       0.00000e+00   constant   
  19  zeta_vw      0.00000e+00   constant   
  20  T_CBO        1.04834e+02   1.38574e+01   1.87719e-04  -1.71285e-02
  21  alpha_A0     2.88877e-03   1.34396e-03   5.80094e-04  -1.25629e-02
  22  beta_A0     -1.79182e-03   1.29452e-03   5.75630e-04  -2.02200e-02
  23  alpha_phi   -7.70241e-04   1.25226e-03   5.53750e-04   6.30147e-03
  24  beta_phi    -1.00000e-02   1.97518e-02   1.18664e-02** at limit **
 EXTERNAL ERROR MATRIX.    NDIM=  25    NPAR=  7    ERR DEF=1
  1.688e-08 -2.023e-10 -2.598e-04 -3.673e-08  6.325e-09 -4.779e-09  2.568e-15 
 -2.023e-10  1.607e-08  3.208e-05  2.990e-09  9.607e-10 -6.128e-10 -8.286e-16 
 -2.598e-04  3.208e-05  1.922e+02  5.492e-03 -1.480e-03 -5.198e-04 -9.720e-08 
 -3.673e-08  2.990e-09  5.492e-03  1.818e-06 -2.190e-07 -2.932e-08 -2.547e-12 
  6.325e-09  9.607e-10 -1.480e-03 -2.190e-07  1.686e-06  2.334e-08  1.593e-12 
 -4.779e-09 -6.128e-10 -5.198e-04 -2.932e-08  2.334e-08  1.576e-06  6.775e-13 
  2.568e-15 -8.286e-16 -9.720e-08 -2.547e-12  1.593e-12  6.775e-13  2.706e-15 
 PARAMETER  CORRELATION COEFFICIENTS  
       NO.  GLOBAL     10     11     20     21     22     23     24
       10  0.23049   1.000 -0.012 -0.144 -0.210  0.037 -0.029  0.000
       11  0.02544  -0.012  1.000  0.018  0.017  0.006 -0.004 -0.000
       20  0.33419  -0.144  0.018  1.000  0.294 -0.082 -0.030 -0.135
       21  0.35297  -0.210  0.017  0.294  1.000 -0.125 -0.017 -0.036
       22  0.13540   0.037  0.006 -0.082 -0.125  1.000  0.014  0.024
       23  0.04947  -0.029 -0.004 -0.030 -0.017  0.014  1.000  0.010
       24  0.13692   0.000 -0.000 -0.135 -0.036  0.024  0.010  1.000
MINUIT - FIT ONLY 2-y
 **********
 **   67 **RES 
 **********
                   PARAMETER   16  beta_vw RESTORED TO VARIABLE.
                   PARAMETER   14  alpha_vw RESTORED TO VARIABLE.
                   PARAMETER   13  beta_y RESTORED TO VARIABLE.
                   PARAMETER    9  alpha_2CBO RESTORED TO VARIABLE.
                   PARAMETER    8  beta_CBO RESTORED TO VARIABLE.
                   PARAMETER    6  alpha_CBO RESTORED TO VARIABLE.
                   PARAMETER    4  phi RESTORED TO VARIABLE.
                   PARAMETER    3  A0 RESTORED TO VARIABLE.
                   PARAMETER    1  N0 RESTORED TO VARIABLE.
 **********
 **   68 **FIX            0
 **********
 PARAMETER    0  IS UNDEFINED. IGNORED.
 **********
 **   69 **FIX            1
 **********
 **********
 **   70 **FIX            2
 **********
 PARAMETER    2  IS CONSTANT.   IGNORED.
 **********
 **   71 **FIX            3
 **********
 **********
 **   72 **FIX            4
 **********
 **********
 **   73 **FIX            5
 **********
 PARAMETER    5  IS CONSTANT.   IGNORED.
 **********
 **   74 **FIX            6
 **********
 **********
 **   75 **FIX            7
 **********
 PARAMETER    7  IS CONSTANT.   IGNORED.
 **********
 **   76 **FIX            8
 **********
 **********
 **   77 **FIX            9
 **********
 **********
 **   78 **FIX           10
 **********
 **********
 **   79 **FIX           11
 **********
 **********
 **   80 **FIX           12
 **********
 PARAMETER   12  IS CONSTANT.   IGNORED.
 **********
 **   81 **FIX           16
 **********
 **********
 **   82 **MIGRAD
 **********
 START MIGRAD MINIMIZATION.  STRATEGY  1.  CONVERGENCE WHEN EDM .LT. 1.00e-04
 FCN=80.2728 FROM MIGRAD    STATUS=INITIATE       16 CALLS        2859 TOTAL
                     EDM= unknown      STRATEGY= 1      NO ERROR MATRIX       
  EXT PARAMETER               CURRENT GUESS       STEP         FIRST   
  NO.   NAME      VALUE            ERROR          SIZE      DERIVATIVE 
   1  N0           2.88716e+06     fixed    
   2  tau          6.43977e+01   constant   
   3  A0           3.56285e-01     fixed    
   4  phi          4.11693e+00     fixed    
   5  R           -6.10082e+01   constant   
   6  alpha_CBO   -2.61995e-03     fixed    
   7  w_CBO        2.32500e+00   constant   
   8  beta_CBO    -4.21423e-03     fixed    
   9  alpha_2CBO  -3.68774e-05     fixed    
  10  beta_2CBO   -2.97252e-04     fixed    
  11  alpha_y     -8.35678e-05     fixed    
  12  w_y          1.38860e+01   constant   
  13  beta_y       5.22372e-04   1.24860e-04   1.24860e-04   5.95587e+02
  14  alpha_vw     0.00000e+00   1.00000e-03   1.00000e-03   2.32172e+03
  15  w_vw         1.43404e+01   constant   
  16  beta_vw      0.00000e+00     fixed    
  17  LM          -2.57919e-04   constant   
  18  zeta_y       0.00000e+00   constant   
  19  zeta_vw      0.00000e+00   constant   
  20  T_CBO        1.04834e+02   1.38574e+01   1.87719e-04   1.63943e-02
  21  alpha_A0     2.88877e-03   1.34396e-03   5.80094e-04  -1.25713e-02
  22  beta_A0     -1.79182e-03   1.29452e-03   5.75630e-04  -2.02403e-02
  23  alpha_phi   -7.70241e-04   1.25226e-03   5.53750e-04   6.29266e-03
  24  beta_phi    -9.99998e-03   1.97518e-02   1.18664e-02   5.10091e-04
 MIGRAD MINIMIZATION HAS CONVERGED.
 MIGRAD WILL VERIFY CONVERGENCE AND ERROR MATRIX.
 COVARIANCE MATRIX CALCULATED SUCCESSFULLY
 FCN=80.2479 FROM MIGRAD    STATUS=CONVERGED      97 CALLS        2940 TOTAL
                     EDM=5.41779e-06    STRATEGY= 1      ERROR MATRIX ACCURATE 
  EXT PARAMETER                                   STEP         FIRST   
  NO.   NAME      VALUE            ERROR          SIZE      DERIVATIVE 
   1  N0           2.88716e+06     fixed    
   2  tau          6.43977e+01   constant   
   3  A0           3.56285e-01     fixed    
   4  phi          4.11693e+00     fixed    
   5  R           -6.10082e+01   constant   
   6  alpha_CBO   -2.61995e-03     fixed    
   7  w_CBO        2.32500e+00   constant   
   8  beta_CBO    -4.21423e-03     fixed    
   9  alpha_2CBO  -3.68774e-05     fixed    
  10  beta_2CBO   -2.97252e-04     fixed    
  11  alpha_y     -8.35678e-05     fixed    
  12  w_y          1.38860e+01   constant   
  13  beta_y       5.14802e-04   1.26254e-04   5.49296e-07  -7.94576e+00
  14  alpha_vw    -1.95077e-05   1.27278e-04   5.53786e-07   1.96230e+00
  15  w_vw         1.43404e+01   constant   
  16  beta_vw      0.00000e+00     fixed    
  17  LM          -2.57919e-04   constant   
  18  zeta_y       0.00000e+00   constant   
  19  zeta_vw      0.00000e+00   constant   
  20  T_CBO        1.04812e+02   1.37421e+01   1.87707e-04   3.62616e-02
  21  alpha_A0     2.89511e-03   1.31574e-03   5.80005e-04  -1.29854e-02
  22  beta_A0     -1.78933e-03   1.29390e-03   5.75459e-04   9.48991e-03
  23  alpha_phi   -7.69966e-04   1.25209e-03   5.53609e-04  -3.21327e-03
  24  beta_phi    -1.00000e-02   1.98270e-02   1.31311e-02** at limit **
 EXTERNAL ERROR MATRIX.    NDIM=  25    NPAR=  7    ERR DEF=1
  1.594e-08  2.382e-09 -7.141e-06 -4.415e-09  1.137e-09 -1.988e-09  3.578e-15 
  2.382e-09  1.620e-08  2.767e-05 -4.741e-09 -2.204e-10 -3.196e-10  3.814e-14 
 -7.141e-06  2.767e-05  1.890e+02 -4.965e-03  1.390e-03  6.000e-04  3.635e-06 
 -4.415e-09 -4.741e-09 -4.965e-03  1.742e-06 -2.059e-07 -3.931e-08 -9.538e-11 
  1.137e-09 -2.204e-10  1.390e-03 -2.059e-07  1.684e-06  2.513e-08  5.941e-11 
 -1.988e-09 -3.196e-10  6.000e-04 -3.931e-08  2.513e-08  1.576e-06  2.539e-11 
  3.578e-15  3.814e-14  3.635e-06 -9.538e-11  5.941e-11  2.539e-11  3.032e-12 
 PARAMETER  CORRELATION COEFFICIENTS  
       NO.  GLOBAL     13     14     20     21     22     23     24
       13  0.15108   1.000  0.148 -0.004 -0.026  0.007 -0.013  0.000
       14  0.15069   0.148  1.000  0.016 -0.028 -0.001 -0.002  0.000
       20  0.31201  -0.004  0.016  1.000 -0.274  0.078  0.035  0.152
       21  0.29330  -0.026 -0.028 -0.274  1.000 -0.120 -0.024 -0.041
       22  0.13054   0.007 -0.001  0.078 -0.120  1.000  0.015  0.026
       23  0.04196  -0.013 -0.002  0.035 -0.024  0.015  1.000  0.012
       24  0.15269   0.000  0.000  0.152 -0.041  0.026  0.012  1.000
MINUIT - FIT ALTOGETHER
 **********
 **   83 **RES 
