 + ++++++++++++++++++++++++++++++++++++++++++++++++++++++++++++++++++++ +
 +                                                                      +
 +           You have chose to blind your fitting according to          +
 +                omega_ref * (1 + (R +/- deltaR) *10^{-6})             +
 +                                                                      +
 + ++++++++++++++++++++++++++++++++++++++++++++++++++++++++++++++++++++ +
In main()...
reading format from /gm2data/zkhechad/run45/envelope/formats/formatB_sBin_constraintOn.txt
pBinTau 	= 0  
pBinPhi 	= 0  
constraintau 	= 1 
includeMopTerm 	= 0    
constrainMop    = 0   
Parameters after format file: pBinTau 0 pBinPhi 0 constraintau 1 includeMopTerm 0 constrainMop 0 c_e_scale 0.000000 
Opening file /gm2data/tbarrett/gm2fr/studies/run23_bunch_corrections/CorrectedFourier_Run3b.root.
reading full fit data from /gm2data/zkhechad/cboTemplates/Run4CBOTemplates/templateFits0_v2.0/noRF/sBin_constraintOn_cE0.0_seed0_noRF_calo17.root
windowBins = 17
fitting sliding window 162 from bin 298 at 44.312400 to bin 315 at 46.998000 (17 bins)

Reading data from /gm2data/cornell/histograms/aMethod/histogram_a_noRF.root
 **********
 **    1 **SET PRINTOUT            1
 **********
 **********
 **    2 **SET NOWARNINGS 
 **********
 PARAMETER DEFINITIONS:
    NO.   NAME         VALUE      STEP SIZE      LIMITS
     1 N0           3.18443e+06  1.00000e+02     no limits
     2 tau          6.43838e+01  constant
     3 A0           3.45292e-01  1.00000e-04     no limits
     4 phi          4.12003e+00  1.00000e-02     no limits
     5 R           -6.09625e+01  constant
     6 alpha_CBO    0.00000e+00  1.00000e-03     no limits
     7 w_CBO        2.32500e+00  constant
     8 beta_CBO     0.00000e+00  1.00000e-03     no limits
     9 alpha_2CBO   0.00000e+00  1.00000e-03     no limits
    10 beta_2CBO    0.00000e+00  1.00000e-03     no limits
    11 alpha_y      0.00000e+00  1.00000e-03     no limits
    12 w_y          1.44500e+01  constant
    13 beta_y       0.00000e+00  1.00000e-03     no limits
    14 alpha_vw     0.00000e+00  1.00000e-03     no limits
    15 w_vw         1.29000e+01  constant
    16 beta_vw      0.00000e+00  1.00000e-03     no limits
    17 LM          -7.20700e-04  constant
    18 zeta_y       0.00000e+00  constant
    19 zeta_vw      0.00000e+00  constant
    20 T_CBO        1.00000e+02  1.00000e+00    0.00000e+00  1.00000e+03
    21 alpha_A0     0.00000e+00  1.00000e-03     no limits
    22 beta_A0      0.00000e+00  1.00000e-03     no limits
    23 alpha_phi    0.00000e+00  1.00000e-03     no limits
    24 beta_phi     0.00000e+00  1.00000e-03     no limits
MINUIT - FIT ONLY WIGGLE
 **********
 **    3 **FIX            5
 **********
 PARAMETER    5  IS CONSTANT.   IGNORED.
 **********
 **    4 **FIX            6
 **********
 **********
 **    5 **FIX            7
 **********
 PARAMETER    7  IS CONSTANT.   IGNORED.
 **********
 **    6 **FIX            8
 **********
 **********
 **    7 **FIX            9
 **********
 **********
 **    8 **FIX           10
 **********
 **********
 **    9 **FIX           11
 **********
 **********
 **   10 **FIX           12
 **********
 PARAMETER   12  IS CONSTANT.   IGNORED.
 **********
 **   11 **FIX           13
 **********
 **********
 **   12 **FIX           14
 **********
 **********
 **   13 **FIX           15
 **********
 PARAMETER   15  IS CONSTANT.   IGNORED.
 **********
 **   14 **FIX           16
 **********
 **********
 **   15 **MIGRAD
 **********
 FIRST CALL TO USER FUNCTION AT NEW START POINT, WITH IFLAG=4.
 START MIGRAD MINIMIZATION.  STRATEGY  1.  CONVERGENCE WHEN EDM .LT. 1.00e-04
 FCN=2950.8 FROM MIGRAD    STATUS=INITIATE      429 CALLS         430 TOTAL
                     EDM= unknown      STRATEGY= 1      NO ERROR MATRIX       
  EXT PARAMETER               CURRENT GUESS       STEP         FIRST   
  NO.   NAME      VALUE            ERROR          SIZE      DERIVATIVE 
   1  N0           3.18443e+06   1.00000e+02   0.00000e+00  -1.48311e-02
   2  tau          6.43838e+01   constant   
   3  A0           3.45292e-01   1.00000e-04   0.00000e+00  -4.00055e+05
   4  phi          4.12003e+00   1.00000e-02   0.00000e+00  -1.18057e+05
   5  R           -6.09625e+01   constant   
   6  alpha_CBO    0.00000e+00     fixed    
   7  w_CBO        2.32500e+00   constant   
   8  beta_CBO     0.00000e+00     fixed    
   9  alpha_2CBO   0.00000e+00     fixed    
  10  beta_2CBO    0.00000e+00     fixed    
  11  alpha_y      0.00000e+00     fixed    
  12  w_y          1.44500e+01   constant   
  13  beta_y       0.00000e+00     fixed    
  14  alpha_vw     0.00000e+00     fixed    
  15  w_vw         1.29000e+01   constant   
  16  beta_vw      0.00000e+00     fixed    
  17  LM          -7.20700e-04   constant   
  18  zeta_y       0.00000e+00   constant   
  19  zeta_vw      0.00000e+00   constant   
  20  T_CBO        1.00000e+02   1.00000e+00   0.00000e+00   0.00000e+00
  21  alpha_A0     0.00000e+00   1.00000e-03   0.00000e+00   1.12062e+04
  22  beta_A0      0.00000e+00   1.00000e-03   0.00000e+00   5.60938e+04
  23  alpha_phi    0.00000e+00   1.00000e-03   0.00000e+00   1.09417e+04
  24  beta_phi     0.00000e+00   1.00000e-03   0.00000e+00  -3.74172e+04
 MIGRAD MINIMIZATION HAS CONVERGED.
 MIGRAD WILL VERIFY CONVERGENCE AND ERROR MATRIX.
 FCN=294.487 FROM HESSE     STATUS=NOT POSDEF     61 CALLS         994 TOTAL
                     EDM=0.000327396    STRATEGY= 1      ERR MATRIX NOT POS-DEF
  EXT PARAMETER                APPROXIMATE        STEP         FIRST   
  NO.   NAME      VALUE            ERROR          SIZE      DERIVATIVE 
   1  N0           3.20328e+06   3.61055e+03   3.12632e+00   2.07528e-07
   2  tau          6.43838e+01   constant   
   3  A0           3.51117e-01   1.65125e-03   1.27980e-06  -1.17911e+01
   4  phi          4.14993e+00   2.76554e-03   4.10542e-06  -2.36690e+00
   5  R           -6.09625e+01   constant   
   6  alpha_CBO    0.00000e+00     fixed    
   7  w_CBO        2.32500e+00   constant   
   8  beta_CBO     0.00000e+00     fixed    
   9  alpha_2CBO   0.00000e+00     fixed    
  10  beta_2CBO    0.00000e+00     fixed    
  11  alpha_y      0.00000e+00     fixed    
  12  w_y          1.44500e+01   constant   
  13  beta_y       0.00000e+00     fixed    
  14  alpha_vw     0.00000e+00     fixed    
  15  w_vw         1.29000e+01   constant   
  16  beta_vw      0.00000e+00     fixed    
  17  LM          -7.20700e-04   constant   
  18  zeta_y       0.00000e+00   constant   
  19  zeta_vw      0.00000e+00   constant   
  20  T_CBO        7.14462e+01   5.89848e+01   1.43741e-04   6.69584e-02
  21  alpha_A0     3.08935e-02   1.62495e-02   1.17170e-05   1.33391e+00
  22  beta_A0      4.26806e-04   1.01554e-02   1.03269e-05   2.02476e+00
  23  alpha_phi    9.99735e-03   1.08675e-02   8.51471e-06   2.76651e+00
  24  beta_phi    -1.49360e-02   1.14330e-02   1.15106e-05   1.00740e+00
 MIGRAD MINIMIZATION HAS CONVERGED.
 MIGRAD WILL VERIFY CONVERGENCE AND ERROR MATRIX.
 MIGRAD TERMINATED WITHOUT CONVERGENCE.
 FCN=294.469 FROM MIGRAD    STATUS=FAILED       1223 CALLS        1224 TOTAL
                     EDM=0.000102808    STRATEGY= 1      ERR MATRIX NOT POS-DEF
  EXT PARAMETER                APPROXIMATE        STEP         FIRST   
  NO.   NAME      VALUE            ERROR          SIZE      DERIVATIVE 
   1  N0           3.20694e+06   3.81771e+03   3.12975e+00  -5.10263e-06
   2  tau          6.43838e+01   constant   
   3  A0           3.50775e-01   1.60233e-03   1.27722e-06   4.04904e+00
   4  phi          4.14725e+00   2.85620e-03   4.09752e-06   2.64428e+00
   5  R           -6.09625e+01   constant   
   6  alpha_CBO    0.00000e+00     fixed    
   7  w_CBO        2.32500e+00   constant   
   8  beta_CBO     0.00000e+00     fixed    
   9  alpha_2CBO   0.00000e+00     fixed    
  10  beta_2CBO    0.00000e+00     fixed    
  11  alpha_y      0.00000e+00     fixed    
  12  w_y          1.44500e+01   constant   
  13  beta_y       0.00000e+00     fixed    
  14  alpha_vw     0.00000e+00     fixed    
  15  w_vw         1.29000e+01   constant   
  16  beta_vw      0.00000e+00     fixed    
  17  LM          -7.20700e-04   constant   
  18  zeta_y       0.00000e+00   constant   
  19  zeta_vw      0.00000e+00   constant   
  20  T_CBO        7.54058e+01   5.53600e+01   1.36051e-04  -7.16049e-02
  21  alpha_A0     3.46884e-02   1.52114e-02   1.13115e-05  -1.28322e+00
  22  beta_A0     -9.29056e-03   1.01395e-02   9.96836e-06  -5.60563e-01
  23  alpha_phi    1.82494e-05   9.49516e-03   8.24564e-06  -2.04749e+00
  24  beta_phi    -1.90662e-02   1.11678e-02   1.11302e-05  -1.91130e+00
 EXTERNAL ERROR MATRIX.    NDIM=  25    NPAR=  8    ERR DEF=1
  1.457e+07  6.808e-01 -8.710e+00  8.330e+04  7.812e+00 -2.287e+01 -3.133e+01 -1.668e+01 
  6.808e-01  2.567e-06  2.831e-07  2.703e-02  9.993e-06  9.388e-06  5.498e-06 -1.155e-05 
 -8.710e+00  2.831e-07  8.158e-06 -4.237e-02 -4.139e-06  2.156e-05  2.334e-05  7.517e-06 
  8.330e+04  2.703e-02 -4.237e-02  3.111e+03 -5.417e-01  1.443e-01 -1.095e-01  1.805e-01 
  7.812e+00  9.993e-06 -4.139e-06 -5.417e-01  2.314e-04 -2.557e-05  6.002e-06 -1.545e-04 
 -2.287e+01  9.388e-06  2.156e-05  1.443e-01 -2.557e-05  1.028e-04  8.306e-05  9.454e-06 
 -3.133e+01  5.498e-06  2.334e-05 -1.095e-01  6.002e-06  8.306e-05  9.016e-05  7.440e-06 
 -1.668e+01 -1.155e-05  7.517e-06  1.805e-01 -1.545e-04  9.454e-06  7.440e-06  1.247e-04 
ERR MATRIX NOT POS-DEF
 PARAMETER  CORRELATION COEFFICIENTS  
       NO.  GLOBAL      1      3      4     20     21     22     23     24
        1  0.99522   1.000  0.111 -0.799  0.391  0.135 -0.591 -0.864 -0.391
        3  0.99550   0.111  1.000  0.062  0.302  0.410  0.578  0.361 -0.646
        4  0.98534  -0.799  0.062  1.000 -0.266 -0.095  0.744  0.861  0.236
       20  0.99710   0.391  0.302 -0.266  1.000 -0.638  0.255 -0.207  0.290
       21  0.99608   0.135  0.410 -0.095 -0.638  1.000 -0.166  0.042 -0.910
       22  0.99315  -0.591  0.578  0.744  0.255 -0.166  1.000  0.863  0.083
       23  0.99465  -0.864  0.361  0.861 -0.207  0.042  0.863  1.000  0.070
       24  0.99295  -0.391 -0.646  0.236  0.290 -0.910  0.083  0.070  1.000
 ERR MATRIX NOT POS-DEF
MINUIT - FIT ONLY 1-CBO + wiggle
 **********
 **   16 **RES 
 **********
                   PARAMETER   16  beta_vw RESTORED TO VARIABLE.
                   PARAMETER   14  alpha_vw RESTORED TO VARIABLE.
                   PARAMETER   13  beta_y RESTORED TO VARIABLE.
                   PARAMETER   11  alpha_y RESTORED TO VARIABLE.
                   PARAMETER   10  beta_2CBO RESTORED TO VARIABLE.
                   PARAMETER    9  alpha_2CBO RESTORED TO VARIABLE.
                   PARAMETER    8  beta_CBO RESTORED TO VARIABLE.
                   PARAMETER    6  alpha_CBO RESTORED TO VARIABLE.
 **********
 **   17 **FIX            8
 **********
 **********
 **   18 **FIX            9
 **********
 **********
 **   19 **FIX           11
 **********
 **********
 **   20 **FIX           12
 **********
 PARAMETER   12  IS CONSTANT.   IGNORED.
 **********
 **   21 **FIX           14
 **********
 **********
 **   22 **FIX           15
 **********
 PARAMETER   15  IS CONSTANT.   IGNORED.
 **********
 **   23 **FIX           16
 **********
 **********
 **   24 **MIGRAD
 **********
 START MIGRAD MINIMIZATION.  STRATEGY  1.  CONVERGENCE WHEN EDM .LT. 1.00e-04
 FCN=294.469 FROM MIGRAD    STATUS=INITIATE       28 CALLS        1252 TOTAL
                     EDM= unknown      STRATEGY= 1      NO ERROR MATRIX       
  EXT PARAMETER               CURRENT GUESS       STEP         FIRST   
  NO.   NAME      VALUE            ERROR          SIZE      DERIVATIVE 
   1  N0           3.20694e+06   3.81771e+03   3.12975e+00  -5.10263e-06
   2  tau          6.43838e+01   constant   
   3  A0           3.50775e-01   1.60233e-03   1.27722e-06   4.04903e+00
   4  phi          4.14725e+00   2.85620e-03   4.09752e-06   2.64427e+00
   5  R           -6.09625e+01   constant   
   6  alpha_CBO    0.00000e+00   1.00000e-03   1.00000e-03  -1.32610e+02
   7  w_CBO        2.32500e+00   constant   
   8  beta_CBO     0.00000e+00     fixed    
   9  alpha_2CBO   0.00000e+00     fixed    
  10  beta_2CBO    0.00000e+00   1.00000e-03   1.00000e-03  -3.45843e+03
  11  alpha_y      0.00000e+00     fixed    
  12  w_y          1.44500e+01   constant   
  13  beta_y       0.00000e+00   1.00000e-03   1.00000e-03  -1.00268e+05
  14  alpha_vw     0.00000e+00     fixed    
  15  w_vw         1.29000e+01   constant   
  16  beta_vw      0.00000e+00     fixed    
  17  LM          -7.20700e-04   constant   
  18  zeta_y       0.00000e+00   constant   
  19  zeta_vw      0.00000e+00   constant   
  20  T_CBO        7.54058e+01   5.53600e+01   1.36051e-04  -7.18251e-02
  21  alpha_A0     3.46884e-02   1.52114e-02   1.13115e-05  -1.28318e+00
  22  beta_A0     -9.29056e-03   1.01395e-02   9.96836e-06  -5.60546e-01
  23  alpha_phi    1.82494e-05   9.49516e-03   8.24564e-06  -2.04749e+00
  24  beta_phi    -1.90662e-02   1.11678e-02   1.11302e-05  -1.91130e+00
 CALL LIMIT EXCEEDED IN MIGRAD.
 MIGRAD TERMINATED WITHOUT CONVERGENCE.
 FCN=216.266 FROM MIGRAD    STATUS=CALL LIMIT   1924 CALLS        3148 TOTAL
                     EDM=0.00773184    STRATEGY= 1  ERROR MATRIX UNCERTAINTY   8.4 per cent
  EXT PARAMETER                APPROXIMATE        STEP         FIRST   
  NO.   NAME      VALUE            ERROR          SIZE      DERIVATIVE 
   1  N0           3.19690e+06   1.21580e+03  -3.44388e+00   8.68640e-05
   2  tau          6.43838e+01   constant   
   3  A0           3.54056e-01   6.68689e-04   6.79068e-06  -5.43642e+02
   4  phi          4.13530e+00   2.73419e-03  -2.49126e-05  -8.50059e+01
   5  R           -6.09625e+01   constant   
   6  alpha_CBO   -8.87050e-03   1.07013e-03  -1.28346e-05  -3.55173e+02
   7  w_CBO        2.32500e+00   constant   
   8  beta_CBO     0.00000e+00     fixed    
   9  alpha_2CBO   0.00000e+00     fixed    
  10  beta_2CBO    2.64451e-03   3.26490e-04   5.15112e-07  -1.83242e+02
  11  alpha_y      0.00000e+00     fixed    
  12  w_y          1.44500e+01   constant   
  13  beta_y       1.47674e-03   1.67912e-04  -1.60245e-06  -3.39885e+02
  14  alpha_vw     0.00000e+00     fixed    
  15  w_vw         1.29000e+01   constant   
  16  beta_vw      0.00000e+00     fixed    
  17  LM          -7.20700e-04   constant   
  18  zeta_y       0.00000e+00   constant   
  19  zeta_vw      0.00000e+00   constant   
  20  T_CBO        1.65339e+01   2.58511e+00   1.37097e-04  -1.52044e+01
  21  alpha_A0    -2.17064e-01   9.27677e-02  -2.30945e-04   3.98483e+00
  22  beta_A0     -1.00420e-01   2.33433e-02  -8.16964e-05   5.55503e+00
  23  alpha_phi    8.41358e-02   5.24200e-02   5.73520e-05   4.44730e+00
  24  beta_phi    -1.29620e-01   5.89015e-02  -7.85988e-05  -1.18990e+00
 EXTERNAL ERROR MATRIX.    NDIM=  25    NPAR= 11    ERR DEF=1
  1.478e+06 
 -6.067e-01  4.471e-07 
  2.172e+00 -1.452e-06  7.476e-06 
  7.401e-01 -6.604e-07  2.498e-06  1.145e-06 
  8.143e-03  7.318e-08 -1.902e-07 -1.786e-07  1.066e-07 
  2.580e-02 -7.620e-09 -8.480e-08 -1.375e-08 -2.319e-09  2.819e-08 
  1.180e+03 -3.153e-04 -2.475e-03 -3.113e-04  3.835e-05  1.806e-04  6.684e+00 
  5.889e+01 -2.899e-05 -2.150e-05  2.201e-05 -5.989e-06  6.186e-06  2.246e-01  8.606e-03 
  2.187e+01 -1.057e-05  1.448e-05  1.024e-05 -4.805e-07  1.315e-06  4.951e-02  1.996e-03  5.449e-04 
 -3.249e+01  1.287e-05  2.494e-05 -4.689e-06  8.175e-07 -3.678e-06 -1.322e-01 -4.785e-03 -1.116e-03  2.748e-03 
  3.010e+01 -1.372e-05 -3.480e-05  6.361e-06 -3.471e-06  4.096e-06  1.465e-01  5.411e-03  1.191e-03 -3.040e-03  3.469e-03 
ERR MATRIX APPROXIMATE
 PARAMETER  CORRELATION COEFFICIENTS  
       NO.  GLOBAL      1      3      4      6     10     13     20     21     22     23     24
        1  0.97798   1.000 -0.746  0.653  0.569  0.021  0.126  0.376  0.522  0.771 -0.510  0.420
        3  0.99093  -0.746  1.000 -0.794 -0.923  0.335 -0.068 -0.182 -0.467 -0.677  0.367 -0.348
        4  0.99386   0.653 -0.794  1.000  0.854 -0.213 -0.185 -0.350 -0.085  0.227  0.174 -0.216
        6  0.99550   0.569 -0.923  0.854  1.000 -0.511 -0.077 -0.113  0.222  0.410 -0.084  0.101
       10  0.91503   0.021  0.335 -0.213 -0.511  1.000 -0.042  0.045 -0.198 -0.063  0.048 -0.181
       13  0.49937   0.126 -0.068 -0.185 -0.077 -0.042  1.000  0.416  0.397  0.335 -0.418  0.414
       20  0.99702   0.376 -0.182 -0.350 -0.113  0.045  0.416  1.000  0.936  0.820 -0.976  0.962
       21  0.99979   0.522 -0.467 -0.085  0.222 -0.198  0.397  0.936  1.000  0.922 -0.984  0.990
       22  0.99875   0.771 -0.677  0.227  0.410 -0.063  0.335  0.820  0.922  1.000 -0.912  0.866
       23  0.99975  -0.510  0.367  0.174 -0.084  0.048 -0.418 -0.976 -0.984 -0.912  1.000 -0.985
       24  0.99974   0.420 -0.348 -0.216  0.101 -0.181  0.414  0.962  0.990  0.866 -0.985  1.000
 ERR MATRIX APPROXIMATE
MINUIT - FIT ONLY 2-CBO
 **********
 **   25 **RES 
 **********
                   PARAMETER   16  beta_vw RESTORED TO VARIABLE.
                   PARAMETER   14  alpha_vw RESTORED TO VARIABLE.
                   PARAMETER   11  alpha_y RESTORED TO VARIABLE.
                   PARAMETER    9  alpha_2CBO RESTORED TO VARIABLE.
                   PARAMETER    8  beta_CBO RESTORED TO VARIABLE.
 **********
 **   26 **FIX            0
 **********
 PARAMETER    0  IS UNDEFINED. IGNORED.
 **********
 **   27 **FIX            1
 **********
 **********
 **   28 **FIX            2
 **********
 PARAMETER    2  IS CONSTANT.   IGNORED.
 **********
 **   29 **FIX            3
 **********
 **********
 **   30 **FIX            4
 **********
 **********
 **   31 **FIX            5
 **********
 PARAMETER    5  IS CONSTANT.   IGNORED.
 **********
 **   32 **FIX            6
 **********
 **********
 **   33 **FIX            7
 **********
 PARAMETER    7  IS CONSTANT.   IGNORED.
 **********
 **   34 **FIX           10
 **********
 **********
 **   35 **FIX           11
 **********
 **********
 **   36 **FIX           12
 **********
 PARAMETER   12  IS CONSTANT.   IGNORED.
 **********
 **   37 **FIX           13
 **********
 **********
 **   38 **FIX           14
 **********
 **********
 **   39 **FIX           15
 **********
 PARAMETER   15  IS CONSTANT.   IGNORED.
 **********
 **   40 **FIX           16
 **********
 **********
 **   41 **MIGRAD
 **********
 START MIGRAD MINIMIZATION.  STRATEGY  1.  CONVERGENCE WHEN EDM .LT. 1.00e-04
 FCN=216.266 FROM MIGRAD    STATUS=INITIATE       18 CALLS        3166 TOTAL
                     EDM= unknown      STRATEGY= 1      NO ERROR MATRIX       
  EXT PARAMETER               CURRENT GUESS       STEP         FIRST   
  NO.   NAME      VALUE            ERROR          SIZE      DERIVATIVE 
   1  N0           3.19690e+06     fixed    
   2  tau          6.43838e+01   constant   
   3  A0           3.54056e-01     fixed    
   4  phi          4.13530e+00     fixed    
   5  R           -6.09625e+01   constant   
   6  alpha_CBO   -8.87050e-03     fixed    
   7  w_CBO        2.32500e+00   constant   
   8  beta_CBO     0.00000e+00   1.00000e-03   1.00000e-03  -6.00532e+02
   9  alpha_2CBO   0.00000e+00   1.00000e-03   1.00000e-03   5.29827e+03
  10  beta_2CBO    2.64451e-03     fixed    
  11  alpha_y      0.00000e+00     fixed    
  12  w_y          1.44500e+01   constant   
  13  beta_y       1.47674e-03     fixed    
  14  alpha_vw     0.00000e+00     fixed    
  15  w_vw         1.29000e+01   constant   
  16  beta_vw      0.00000e+00     fixed    
  17  LM          -7.20700e-04   constant   
  18  zeta_y       0.00000e+00   constant   
  19  zeta_vw      0.00000e+00   constant   
  20  T_CBO        1.65339e+01   2.58511e+00   1.37097e-04  -1.52044e+01
  21  alpha_A0    -2.17064e-01   9.27677e-02  -2.30945e-04   3.98483e+00
  22  beta_A0     -1.00420e-01   2.33433e-02  -8.16964e-05   5.55503e+00
  23  alpha_phi    8.41358e-02   5.24200e-02   5.73520e-05   4.44730e+00
  24  beta_phi    -1.29620e-01   5.89015e-02  -7.85988e-05  -1.18990e+00
 MIGRAD MINIMIZATION HAS CONVERGED.
 MIGRAD WILL VERIFY CONVERGENCE AND ERROR MATRIX.
 FCN=214.506 FROM HESSE     STATUS=NOT POSDEF     50 CALLS        3345 TOTAL
                     EDM=0.0010377    STRATEGY= 1      ERR MATRIX NOT POS-DEF
  EXT PARAMETER                APPROXIMATE        STEP         FIRST   
  NO.   NAME      VALUE            ERROR          SIZE      DERIVATIVE 
   1  N0           3.19690e+06     fixed    
   2  tau          6.43838e+01   constant   
   3  A0           3.54056e-01     fixed    
   4  phi          4.13530e+00     fixed    
   5  R           -6.09625e+01   constant   
   6  alpha_CBO   -8.87050e-03     fixed    
   7  w_CBO        2.32500e+00   constant   
   8  beta_CBO    -6.55355e-04   5.78626e-04   1.16411e-06  -2.94597e+00
   9  alpha_2CBO  -6.95575e-04   5.00070e-04   1.14424e-06  -3.79836e+00
  10  beta_2CBO    2.64451e-03     fixed    
  11  alpha_y      0.00000e+00     fixed    
  12  w_y          1.44500e+01   constant   
  13  beta_y       1.47674e-03     fixed    
  14  alpha_vw     0.00000e+00     fixed    
  15  w_vw         1.29000e+01   constant   
  16  beta_vw      0.00000e+00     fixed    
  17  LM          -7.20700e-04   constant   
  18  zeta_y       0.00000e+00   constant   
  19  zeta_vw      0.00000e+00   constant   
  20  T_CBO        1.69723e+01   2.77167e+00   1.14317e-05   1.35039e+00
  21  alpha_A0    -2.17894e-01   9.58659e-02   7.85930e-05   1.75893e-01
  22  beta_A0     -1.42302e-01   7.19728e-02   6.73889e-05   1.93096e-01
  23  alpha_phi    1.02984e-01   4.71416e-02   5.34126e-05  -6.42252e-02
  24  beta_phi    -1.12773e-01   5.12530e-02   7.60236e-05   8.09814e-02
 CALL LIMIT EXCEEDED IN MIGRAD.
 MIGRAD TERMINATED WITHOUT CONVERGENCE.
 FCN=214.308 FROM MIGRAD    STATUS=CALL LIMIT   1156 CALLS        4304 TOTAL
                     EDM=0.00154796    STRATEGY= 1      ERR MATRIX NOT POS-DEF
  EXT PARAMETER                APPROXIMATE        STEP         FIRST   
  NO.   NAME      VALUE            ERROR          SIZE      DERIVATIVE 
   1  N0           3.19690e+06     fixed    
   2  tau          6.43838e+01   constant   
   3  A0           3.54056e-01     fixed    
   4  phi          4.13530e+00     fixed    
   5  R           -6.09625e+01   constant   
   6  alpha_CBO   -8.87050e-03     fixed    
   7  w_CBO        2.32500e+00   constant   
   8  beta_CBO    -8.68294e-04   3.12972e-04  -3.07900e-06   1.40057e+02
   9  alpha_2CBO  -7.14445e-04   3.04512e-04  -9.32555e-07  -1.28695e+02
  10  beta_2CBO    2.64451e-03     fixed    
  11  alpha_y      0.00000e+00     fixed    
  12  w_y          1.44500e+01   constant   
  13  beta_y       1.47674e-03     fixed    
  14  alpha_vw     0.00000e+00     fixed    
  15  w_vw         1.29000e+01   constant   
  16  beta_vw      0.00000e+00     fixed    
  17  LM          -7.20700e-04   constant   
  18  zeta_y       0.00000e+00   constant   
  19  zeta_vw      0.00000e+00   constant   
  20  T_CBO        1.11930e+01   2.05052e+00  -2.82447e-04  -3.62964e+01
  21  alpha_A0    -8.80977e-01   6.42619e-01  -9.10212e-03   1.54513e+00
  22  beta_A0     -6.09129e-01   4.85619e-01  -6.83569e-03  -1.77225e+00
  23  alpha_phi    4.17177e-01   2.98043e-01   4.28156e-03  -2.32483e+00
  24  beta_phi    -4.12803e-01   2.68160e-01  -3.79612e-03  -4.02835e-01
 EXTERNAL ERROR MATRIX.    NDIM=  25    NPAR=  7    ERR DEF=1
  9.795e-08  4.208e-08  3.655e-04  1.212e-04  9.616e-05 -5.722e-05  4.835e-05 
  4.208e-08  9.273e-08  1.894e-05  1.622e-05  1.606e-05 -1.028e-05  6.969e-06 
  3.655e-04  1.894e-05  4.205e+00  1.315e+00  9.906e-01 -6.085e-01  5.480e-01 
  1.212e-04  1.622e-05  1.315e+00  4.130e-01  3.117e-01 -1.913e-01  1.719e-01 
  9.616e-05  1.606e-05  9.906e-01  3.117e-01  2.358e-01 -1.445e-01  1.297e-01 
 -5.722e-05 -1.028e-05 -6.085e-01 -1.913e-01 -1.445e-01  8.883e-02 -7.964e-02 
  4.835e-05  6.969e-06  5.480e-01  1.719e-01  1.297e-01 -7.964e-02  7.191e-02 
ERR MATRIX NOT POS-DEF
 PARAMETER  CORRELATION COEFFICIENTS  
       NO.  GLOBAL      8      9     20     21     22     23     24
        8  0.92421   1.000  0.441  0.569  0.603  0.633 -0.613  0.576
        9  0.92258   0.441  1.000  0.030  0.083  0.109 -0.113  0.085
       20  0.99957   0.569  0.030  1.000  0.998  0.995 -0.996  0.997
       21  0.99977   0.603  0.083  0.998  1.000  0.999 -0.999  0.997
       22  0.99961   0.633  0.109  0.995  0.999  1.000 -0.998  0.996
       23  0.99951  -0.613 -0.113 -0.996 -0.999 -0.998  1.000 -0.996
       24  0.99880   0.576  0.085  0.997  0.997  0.996 -0.996  1.000
 ERR MATRIX NOT POS-DEF
MINUIT - FIT wiggle + 1-CBO + 2-CBO
 **********
 **   42 **RES 
 **********
                   PARAMETER   16  beta_vw RESTORED TO VARIABLE.
                   PARAMETER   14  alpha_vw RESTORED TO VARIABLE.
                   PARAMETER   13  beta_y RESTORED TO VARIABLE.
                   PARAMETER   11  alpha_y RESTORED TO VARIABLE.
                   PARAMETER   10  beta_2CBO RESTORED TO VARIABLE.
                   PARAMETER    6  alpha_CBO RESTORED TO VARIABLE.
                   PARAMETER    4  phi RESTORED TO VARIABLE.
                   PARAMETER    3  A0 RESTORED TO VARIABLE.
                   PARAMETER    1  N0 RESTORED TO VARIABLE.
 **********
 **   43 **FIX           10
 **********
 **********
 **   44 **FIX           11
 **********
 **********
 **   45 **FIX           12
 **********
 PARAMETER   12  IS CONSTANT.   IGNORED.
 **********
 **   46 **FIX           13
 **********
 **********
 **   47 **FIX           14
 **********
 **********
 **   48 **FIX           15
 **********
 PARAMETER   15  IS CONSTANT.   IGNORED.
 **********
 **   49 **FIX           16
 **********
 **********
 **   50 **MIGRAD
 **********
 START MIGRAD MINIMIZATION.  STRATEGY  1.  CONVERGENCE WHEN EDM .LT. 1.00e-04
 FCN=214.308 FROM MIGRAD    STATUS=INITIATE       22 CALLS        4326 TOTAL
                     EDM= unknown      STRATEGY= 1      NO ERROR MATRIX       
  EXT PARAMETER               CURRENT GUESS       STEP         FIRST   
  NO.   NAME      VALUE            ERROR          SIZE      DERIVATIVE 
   1  N0           3.19690e+06   1.21580e+03   1.21580e+03  -3.63739e-04
   2  tau          6.43838e+01   constant   
   3  A0           3.54056e-01   6.68689e-04   6.68689e-04   4.54302e+02
   4  phi          4.13530e+00   2.73419e-03   2.73419e-03  -2.05258e+01
   5  R           -6.09625e+01   constant   
   6  alpha_CBO   -8.87050e-03   1.07013e-03   1.07013e-03   1.85027e+03
   7  w_CBO        2.32500e+00   constant   
   8  beta_CBO    -8.68294e-04   3.12972e-04  -3.07900e-06   1.40057e+02
   9  alpha_2CBO  -7.14445e-04   3.04512e-04  -9.32555e-07  -1.28695e+02
  10  beta_2CBO    2.64451e-03     fixed    
  11  alpha_y      0.00000e+00     fixed    
  12  w_y          1.44500e+01   constant   
  13  beta_y       1.47674e-03     fixed    
  14  alpha_vw     0.00000e+00     fixed    
  15  w_vw         1.29000e+01   constant   
  16  beta_vw      0.00000e+00     fixed    
  17  LM          -7.20700e-04   constant   
  18  zeta_y       0.00000e+00   constant   
  19  zeta_vw      0.00000e+00   constant   
  20  T_CBO        1.11930e+01   2.05052e+00  -2.82447e-04  -3.62964e+01
  21  alpha_A0    -8.80977e-01   6.42619e-01  -9.10212e-03   1.54513e+00
  22  beta_A0     -6.09129e-01   4.85619e-01  -6.83569e-03  -1.77225e+00
  23  alpha_phi    4.17177e-01   2.98043e-01   4.28156e-03  -2.32483e+00
  24  beta_phi    -4.12803e-01   2.68160e-01  -3.79612e-03  -4.02835e-01
 CALL LIMIT EXCEEDED IN MIGRAD.
 MIGRAD TERMINATED WITHOUT CONVERGENCE.
 FCN=197.466 FROM MIGRAD    STATUS=CALL LIMIT   1925 CALLS        6229 TOTAL
                     EDM=0.00120293    STRATEGY= 1  ERROR MATRIX UNCERTAINTY   2.2 per cent
  EXT PARAMETER                APPROXIMATE        STEP         FIRST   
  NO.   NAME      VALUE            ERROR          SIZE      DERIVATIVE 
   1  N0           3.37592e+06   2.04052e+04  -1.72009e+02   7.56714e-05
   2  tau          6.43838e+01   constant   
   3  A0           3.33662e-01   2.51090e-03  -6.82201e-06   6.17826e+01
   4  phi          4.38346e+00   2.88747e-02  -3.21522e-04   1.75515e+01
   5  R           -6.09625e+01   constant   
   6  alpha_CBO    9.54842e-03   2.79855e-03  -3.12944e-05  -3.07092e+01
   7  w_CBO        2.32500e+00   constant   
   8  beta_CBO    -7.13775e-02   7.18384e-03   7.10111e-05   2.42642e+02
   9  alpha_2CBO  -1.79300e-02   2.80322e-03   4.21427e-06  -8.75938e+01
  10  beta_2CBO    2.64451e-03     fixed    
  11  alpha_y      0.00000e+00     fixed    
  12  w_y          1.44500e+01   constant   
  13  beta_y       1.47674e-03     fixed    
  14  alpha_vw     0.00000e+00     fixed    
  15  w_vw         1.29000e+01   constant   
  16  beta_vw      0.00000e+00     fixed    
  17  LM          -7.20700e-04   constant   
  18  zeta_y       0.00000e+00   constant   
  19  zeta_vw      0.00000e+00   constant   
  20  T_CBO        1.71807e+01   6.84302e-01  -3.56065e-05  -8.13634e+00
  21  alpha_A0    -1.19914e+00   1.47365e-01  -1.02809e-03  -1.35210e+00
  22  beta_A0     -3.09789e+00   1.71413e-01  -1.27025e-03   2.86217e-01
  23  alpha_phi   -3.89362e-01   9.02972e-02  -8.65120e-05   3.84860e+00
  24  beta_phi     7.01000e-01   4.54172e-02   4.11221e-04   6.62097e-01
 EXTERNAL ERROR MATRIX.    NDIM=  25    NPAR= 11    ERR DEF=1
  4.164e+08 
 -4.673e+01  6.305e-06 
  5.857e+02 -6.290e-05  8.337e-04 
  5.076e+01 -5.578e-06  7.321e-05  7.832e-06 
 -1.427e+02  1.542e-05 -2.014e-04 -1.579e-05  5.161e-05 
 -4.712e+01  5.605e-06 -6.448e-05 -4.008e-06  1.834e-05  7.858e-06 
  1.386e+04 -1.574e-03  1.942e-02  1.628e-03 -4.814e-03 -1.653e-03  4.683e-01 
 -9.508e+02  1.419e-04 -1.127e-03  5.188e-05  5.084e-04  3.212e-04 -3.871e-02  2.172e-02 
 -1.370e+03  2.186e-04 -1.631e-03  9.056e-06  6.469e-04  3.884e-04 -5.204e-02  2.445e-02  2.938e-02 
 -1.621e+03  2.178e-04 -2.177e-03 -2.057e-04  5.054e-04  1.635e-04 -5.353e-02  2.799e-03  5.299e-03  8.154e-03 
 -7.959e+02  8.163e-05 -1.158e-03 -1.191e-04  2.535e-04  6.639e-05 -2.589e-02 -7.034e-04 -3.289e-04  2.953e-03  2.063e-03 
ERR MATRIX APPROXIMATE
 PARAMETER  CORRELATION COEFFICIENTS  
       NO.  GLOBAL      1      3      4      6      8      9     20     21     22     23     24
        1  0.99996   1.000 -0.912  0.994  0.889 -0.973 -0.824  0.993 -0.316 -0.392 -0.879 -0.859
        3  0.99928  -0.912  1.000 -0.868 -0.794  0.855  0.796 -0.916  0.384  0.508  0.961  0.716
        4  0.99997   0.994 -0.868  1.000  0.906 -0.971 -0.797  0.983 -0.265 -0.330 -0.835 -0.883
        6  0.99924   0.889 -0.794  0.906  1.000 -0.785 -0.511  0.850  0.126  0.019 -0.814 -0.937
        8  0.99991  -0.973  0.855 -0.971 -0.785  1.000  0.911 -0.979  0.480  0.525  0.779  0.777
        9  0.99864  -0.824  0.796 -0.797 -0.511  0.911  1.000 -0.862  0.778  0.808  0.646  0.521
       20  0.99925   0.993 -0.916  0.983  0.850 -0.979 -0.862  1.000 -0.384 -0.444 -0.866 -0.833
       21  0.99738  -0.316  0.384 -0.265  0.126  0.480  0.778 -0.384  1.000  0.968  0.210 -0.105
       22  0.99849  -0.392  0.508 -0.330  0.019  0.525  0.808 -0.444  0.968  1.000  0.342 -0.042
       23  0.99776  -0.879  0.961 -0.835 -0.814  0.779  0.646 -0.866  0.210  0.342  1.000  0.720
       24  0.98475  -0.859  0.716 -0.883 -0.937  0.777  0.521 -0.833 -0.105 -0.042  0.720  1.000
 ERR MATRIX APPROXIMATE
MINUIT - FIT ONLY 1-y
 **********
 **   51 **RES 
 **********
                   PARAMETER   16  beta_vw RESTORED TO VARIABLE.
                   PARAMETER   14  alpha_vw RESTORED TO VARIABLE.
                   PARAMETER   13  beta_y RESTORED TO VARIABLE.
                   PARAMETER   11  alpha_y RESTORED TO VARIABLE.
                   PARAMETER   10  beta_2CBO RESTORED TO VARIABLE.
 **********
 **   52 **FIX            0
 **********
 PARAMETER    0  IS UNDEFINED. IGNORED.
 **********
 **   53 **FIX            1
 **********
 **********
 **   54 **FIX            2
 **********
 PARAMETER    2  IS CONSTANT.   IGNORED.
 **********
 **   55 **FIX            3
 **********
 **********
 **   56 **FIX            4
 **********
 **********
 **   57 **FIX            5
 **********
 PARAMETER    5  IS CONSTANT.   IGNORED.
 **********
 **   58 **FIX            6
 **********
 **********
 **   59 **FIX            7
 **********
 PARAMETER    7  IS CONSTANT.   IGNORED.
 **********
 **   60 **FIX            8
 **********
 **********
 **   61 **FIX            9
 **********
 **********
 **   62 **FIX           13
 **********
 **********
 **   63 **FIX           14
 **********
 **********
 **   64 **FIX           15
 **********
 PARAMETER   15  IS CONSTANT.   IGNORED.
 **********
 **   65 **FIX           16
 **********
 **********
 **   66 **MIGRAD
 **********
 START MIGRAD MINIMIZATION.  STRATEGY  1.  CONVERGENCE WHEN EDM .LT. 1.00e-04
 FCN=197.466 FROM MIGRAD    STATUS=INITIATE       16 CALLS        6245 TOTAL
                     EDM= unknown      STRATEGY= 1      NO ERROR MATRIX       
  EXT PARAMETER               CURRENT GUESS       STEP         FIRST   
  NO.   NAME      VALUE            ERROR          SIZE      DERIVATIVE 
   1  N0           3.37592e+06     fixed    
   2  tau          6.43838e+01   constant   
   3  A0           3.33662e-01     fixed    
   4  phi          4.38346e+00     fixed    
   5  R           -6.09625e+01   constant   
   6  alpha_CBO    9.54842e-03     fixed    
   7  w_CBO        2.32500e+00   constant   
   8  beta_CBO    -7.13775e-02     fixed    
   9  alpha_2CBO  -1.79300e-02     fixed    
  10  beta_2CBO    2.64451e-03   3.26490e-04   3.26490e-04  -3.37352e+02
  11  alpha_y      0.00000e+00   1.00000e-03   1.00000e-03   1.53561e+05
  12  w_y          1.44500e+01   constant   
  13  beta_y       1.47674e-03     fixed    
  14  alpha_vw     0.00000e+00     fixed    
  15  w_vw         1.29000e+01   constant   
  16  beta_vw      0.00000e+00     fixed    
  17  LM          -7.20700e-04   constant   
  18  zeta_y       0.00000e+00   constant   
  19  zeta_vw      0.00000e+00   constant   
  20  T_CBO        1.71807e+01   6.84302e-01  -3.56065e-05  -8.13635e+00
  21  alpha_A0    -1.19914e+00   1.47365e-01  -1.02809e-03  -1.35210e+00
  22  beta_A0     -3.09789e+00   1.71413e-01  -1.27025e-03   2.86218e-01
  23  alpha_phi   -3.89362e-01   9.02972e-02  -8.65120e-05   3.84860e+00
  24  beta_phi     7.01000e-01   4.54172e-02   4.11221e-04   6.62097e-01
 CALL LIMIT EXCEEDED IN MIGRAD.
 MIGRAD TERMINATED WITHOUT CONVERGENCE.
 FCN=30.9427 FROM MIGRAD    STATUS=CALL LIMIT   1156 CALLS        7385 TOTAL
                     EDM=0.0194114    STRATEGY= 1  ERROR MATRIX UNCERTAINTY  53.3 per cent
  EXT PARAMETER                APPROXIMATE        STEP         FIRST   
  NO.   NAME      VALUE            ERROR          SIZE      DERIVATIVE 
   1  N0           3.37592e+06     fixed    
   2  tau          6.43838e+01   constant   
   3  A0           3.33662e-01     fixed    
   4  phi          4.38346e+00     fixed    
   5  R           -6.09625e+01   constant   
   6  alpha_CBO    9.54842e-03     fixed    
   7  w_CBO        2.32500e+00   constant   
   8  beta_CBO    -7.13775e-02     fixed    
   9  alpha_2CBO  -1.79300e-02     fixed    
  10  beta_2CBO    3.31074e-03   2.72914e-04   7.30934e-06  -1.76681e+02
  11  alpha_y     -2.15575e-03   1.65602e-04   4.15179e-07  -5.93940e+01
  12  w_y          1.44500e+01   constant   
  13  beta_y       1.47674e-03     fixed    
  14  alpha_vw     0.00000e+00     fixed    
  15  w_vw         1.29000e+01   constant   
  16  beta_vw      0.00000e+00     fixed    
  17  LM          -7.20700e-04   constant   
  18  zeta_y       0.00000e+00   constant   
  19  zeta_vw      0.00000e+00   constant   
  20  T_CBO        2.53151e+01   1.21125e+00  -2.98686e-04  -1.66459e+02
  21  alpha_A0    -5.11573e-01   4.56655e-02  -2.06787e-03   5.93030e+00
  22  beta_A0     -1.30529e+00   1.14147e-01  -4.67491e-03   8.59389e+00
  23  alpha_phi   -1.69998e-01   1.48927e-02  -5.96099e-04  -7.76854e-01
  24  beta_phi     2.78161e-01   2.61658e-02   7.61391e-04   3.64162e+00
 EXTERNAL ERROR MATRIX.    NDIM=  25    NPAR=  7    ERR DEF=1
  7.448e-08 -6.312e-09 -2.579e-05 -1.371e-06 -8.980e-07 -6.564e-07 -7.903e-07 
 -6.312e-09  2.742e-08 -7.646e-06 -2.964e-07 -9.098e-07 -1.214e-07  3.919e-07 
 -2.579e-05 -7.646e-06  1.467e+00  5.479e-02  1.379e-01  1.757e-02 -3.061e-02 
 -1.371e-06 -2.964e-07  5.479e-02  2.085e-03  5.155e-03  6.597e-04 -1.147e-03 
 -8.980e-07 -9.098e-07  1.379e-01  5.155e-03  1.303e-02  1.645e-03 -2.918e-03 
 -6.564e-07 -1.214e-07  1.757e-02  6.597e-04  1.645e-03  2.218e-04 -3.639e-04 
 -7.903e-07  3.919e-07 -3.061e-02 -1.147e-03 -2.918e-03 -3.639e-04  6.846e-04 
ERR MATRIX APPROXIMATE
 PARAMETER  CORRELATION COEFFICIENTS  
       NO.  GLOBAL     10     11     20     21     22     23     24
       10  0.84652   1.000 -0.140 -0.078 -0.110 -0.029 -0.161 -0.111
       11  0.22621  -0.140  1.000 -0.038 -0.039 -0.048 -0.049  0.090
       20  0.99902  -0.078 -0.038  1.000  0.991  0.998  0.974 -0.966
       21  0.99276  -0.110 -0.039  0.991  1.000  0.989  0.970 -0.960
       22  0.99920  -0.029 -0.048  0.998  0.989  1.000  0.968 -0.977
       23  0.97925  -0.161 -0.049  0.974  0.970  0.968  1.000 -0.934
       24  0.98961  -0.111  0.090 -0.966 -0.960 -0.977 -0.934  1.000
 ERR MATRIX APPROXIMATE
MINUIT - FIT ONLY 2-y
 **********
 **   67 **RES 
 **********
                   PARAMETER   16  beta_vw RESTORED TO VARIABLE.
                   PARAMETER   14  alpha_vw RESTORED TO VARIABLE.
                   PARAMETER   13  beta_y RESTORED TO VARIABLE.
                   PARAMETER    9  alpha_2CBO RESTORED TO VARIABLE.
                   PARAMETER    8  beta_CBO RESTORED TO VARIABLE.
                   PARAMETER    6  alpha_CBO RESTORED TO VARIABLE.
                   PARAMETER    4  phi RESTORED TO VARIABLE.
                   PARAMETER    3  A0 RESTORED TO VARIABLE.
                   PARAMETER    1  N0 RESTORED TO VARIABLE.
 **********
 **   68 **FIX            0
 **********
 PARAMETER    0  IS UNDEFINED. IGNORED.
 **********
 **   69 **FIX            1
 **********
 **********
 **   70 **FIX            2
 **********
 PARAMETER    2  IS CONSTANT.   IGNORED.
 **********
 **   71 **FIX            3
 **********
 **********
 **   72 **FIX            4
 **********
 **********
 **   73 **FIX            5
 **********
 PARAMETER    5  IS CONSTANT.   IGNORED.
 **********
 **   74 **FIX            6
 **********
 **********
 **   75 **FIX            7
 **********
 PARAMETER    7  IS CONSTANT.   IGNORED.
 **********
 **   76 **FIX            8
 **********
 **********
 **   77 **FIX            9
 **********
 **********
 **   78 **FIX           10
 **********
 **********
 **   79 **FIX           11
 **********
 **********
 **   80 **FIX           12
 **********
 PARAMETER   12  IS CONSTANT.   IGNORED.
 **********
 **   81 **FIX           16
 **********
 **********
 **   82 **MIGRAD
 **********
 START MIGRAD MINIMIZATION.  STRATEGY  1.  CONVERGENCE WHEN EDM .LT. 1.00e-04
 FCN=30.9427 FROM MIGRAD    STATUS=INITIATE       16 CALLS        7401 TOTAL
                     EDM= unknown      STRATEGY= 1      NO ERROR MATRIX       
  EXT PARAMETER               CURRENT GUESS       STEP         FIRST   
  NO.   NAME      VALUE            ERROR          SIZE      DERIVATIVE 
   1  N0           3.37592e+06     fixed    
   2  tau          6.43838e+01   constant   
   3  A0           3.33662e-01     fixed    
   4  phi          4.38346e+00     fixed    
   5  R           -6.09625e+01   constant   
   6  alpha_CBO    9.54842e-03     fixed    
   7  w_CBO        2.32500e+00   constant   
   8  beta_CBO    -7.13775e-02     fixed    
   9  alpha_2CBO  -1.79300e-02     fixed    
  10  beta_2CBO    3.31074e-03     fixed    
  11  alpha_y     -2.15575e-03     fixed    
  12  w_y          1.44500e+01   constant   
  13  beta_y       1.47674e-03   1.67912e-04   1.67912e-04  -1.41260e+04
  14  alpha_vw     0.00000e+00   1.00000e-03   1.00000e-03  -1.51793e+03
  15  w_vw         1.29000e+01   constant   
