 + ++++++++++++++++++++++++++++++++++++++++++++++++++++++++++++++++++++ +
 +                                                                      +
 +           You have chose to blind your fitting according to          +
 +                omega_ref * (1 + (R +/- deltaR) *10^{-6})             +
 +                                                                      +
 + ++++++++++++++++++++++++++++++++++++++++++++++++++++++++++++++++++++ +
In main()...
reading format from /gm2data/zkhechad/run45/envelope/formats/formatB_sBin_constraintOn.txt
pBinTau 	= 0  
pBinPhi 	= 0  
constraintau 	= 1 
includeMopTerm 	= 0    
constrainMop    = 0   
Parameters after format file: pBinTau 0 pBinPhi 0 constraintau 1 includeMopTerm 0 constrainMop 0 c_e_scale 0.000000 
Opening file /gm2data/tbarrett/gm2fr/studies/run23_bunch_corrections/CorrectedFourier_Run3b.root.
reading full fit data from /gm2data/zkhechad/cboTemplates/Run4CBOTemplates/fullFits/noRF/sBin_constraintOn_cE0.0_seed0_noRF_calo18.root
windowBins = 69
fitting sliding window 1610 from bin 1746 at 260.354000 to bin 1815 at 270.798000 (69 bins)

Reading data from /gm2data/cornell/histograms/aMethod/histogram_a_noRF.root
 **********
 **    1 **SET PRINTOUT            1
 **********
 **********
 **    2 **SET NOWARNINGS 
 **********
 PARAMETER DEFINITIONS:
    NO.   NAME         VALUE      STEP SIZE      LIMITS
     1 N0           3.61741e+06  1.00000e+02     no limits
     2 tau          6.44109e+01  constant
     3 A0           3.53417e-01  1.00000e-04     no limits
     4 phi          4.12209e+00  1.00000e-02     no limits
     5 R           -6.03373e+01  constant
     6 alpha_CBO    0.00000e+00  1.00000e-03     no limits
     7 w_CBO        2.32500e+00  constant
     8 beta_CBO     0.00000e+00  1.00000e-03     no limits
     9 alpha_2CBO   0.00000e+00  1.00000e-03     no limits
    10 beta_2CBO    0.00000e+00  1.00000e-03     no limits
    11 alpha_y      0.00000e+00  1.00000e-03     no limits
    12 w_y          1.38860e+01  constant
    13 beta_y       0.00000e+00  1.00000e-03     no limits
    14 alpha_vw     0.00000e+00  1.00000e-03     no limits
    15 w_vw         1.43404e+01  constant
    16 beta_vw      0.00000e+00  1.00000e-03     no limits
    17 LM           1.86654e-04  constant
    18 zeta_y       0.00000e+00  constant
    19 zeta_vw      0.00000e+00  constant
    20 T_CBO        1.00000e+02  1.00000e+00    0.00000e+00  1.00000e+03
    21 alpha_A0     0.00000e+00  1.00000e-03     no limits
    22 beta_A0      0.00000e+00  1.00000e-03     no limits
    23 alpha_phi    0.00000e+00  1.00000e-03     no limits
    24 beta_phi     0.00000e+00  1.00000e-03     no limits
MINUIT - FIT ONLY WIGGLE
 **********
 **    3 **FIX            5
 **********
 PARAMETER    5  IS CONSTANT.   IGNORED.
 **********
 **    4 **FIX            6
 **********
 **********
 **    5 **FIX            7
 **********
 PARAMETER    7  IS CONSTANT.   IGNORED.
 **********
 **    6 **FIX            8
 **********
 **********
 **    7 **FIX            9
 **********
 **********
 **    8 **FIX           10
 **********
 **********
 **    9 **FIX           11
 **********
 **********
 **   10 **FIX           12
 **********
 PARAMETER   12  IS CONSTANT.   IGNORED.
 **********
 **   11 **FIX           13
 **********
 **********
 **   12 **FIX           14
 **********
 **********
 **   13 **FIX           15
 **********
 PARAMETER   15  IS CONSTANT.   IGNORED.
 **********
 **   14 **FIX           16
 **********
 **********
 **   15 **MIGRAD
 **********
 FIRST CALL TO USER FUNCTION AT NEW START POINT, WITH IFLAG=4.
 START MIGRAD MINIMIZATION.  STRATEGY  1.  CONVERGENCE WHEN EDM .LT. 1.00e-04
 FCN=123.584 FROM MIGRAD    STATUS=INITIATE      437 CALLS         438 TOTAL
                     EDM= unknown      STRATEGY= 1      NO ERROR MATRIX       
  EXT PARAMETER               CURRENT GUESS       STEP         FIRST   
  NO.   NAME      VALUE            ERROR          SIZE      DERIVATIVE 
   1  N0           3.61741e+06   1.00000e+02   0.00000e+00   6.20518e-04
   2  tau          6.44109e+01   constant   
   3  A0           3.53417e-01   1.00000e-04   0.00000e+00   9.93675e+03
   4  phi          4.12209e+00   1.00000e-02   0.00000e+00  -2.98082e+02
   5  R           -6.03373e+01   constant   
   6  alpha_CBO    0.00000e+00     fixed    
   7  w_CBO        2.32500e+00   constant   
   8  beta_CBO     0.00000e+00     fixed    
   9  alpha_2CBO   0.00000e+00     fixed    
  10  beta_2CBO    0.00000e+00     fixed    
  11  alpha_y      0.00000e+00     fixed    
  12  w_y          1.38860e+01   constant   
  13  beta_y       0.00000e+00     fixed    
  14  alpha_vw     0.00000e+00     fixed    
  15  w_vw         1.43404e+01   constant   
  16  beta_vw      0.00000e+00     fixed    
  17  LM           1.86654e-04   constant   
  18  zeta_y       0.00000e+00   constant   
  19  zeta_vw      0.00000e+00   constant   
  20  T_CBO        1.00000e+02   1.00000e+00   0.00000e+00   0.00000e+00
  21  alpha_A0     0.00000e+00   1.00000e-03   0.00000e+00  -1.21354e+02
  22  beta_A0      0.00000e+00   1.00000e-03   0.00000e+00   4.90414e+01
  23  alpha_phi    0.00000e+00   1.00000e-03   0.00000e+00  -9.66326e+00
  24  beta_phi     0.00000e+00   1.00000e-03   0.00000e+00  -2.30850e+02
 CALL LIMIT EXCEEDED IN MIGRAD.
 MIGRAD TERMINATED WITHOUT CONVERGENCE.
 FCN=108.851 FROM MIGRAD    STATUS=CALL LIMIT   1336 CALLS        1337 TOTAL
                     EDM=0.00435465    STRATEGY= 1  ERROR MATRIX UNCERTAINTY   0.6 per cent
  EXT PARAMETER                APPROXIMATE        STEP         FIRST   
  NO.   NAME      VALUE            ERROR          SIZE      DERIVATIVE 
   1  N0           3.61709e+06   1.17131e+03   1.48336e+01   9.72516e-06
   2  tau          6.44109e+01   constant   
   3  A0           3.52601e-01   4.17992e-04  -2.42698e-05  -1.34416e+02
   4  phi          4.12200e+00   1.24351e-03  -3.54457e-05  -3.40785e+01
   5  R           -6.03373e+01   constant   
   6  alpha_CBO    0.00000e+00     fixed    
   7  w_CBO        2.32500e+00   constant   
   8  beta_CBO     0.00000e+00     fixed    
   9  alpha_2CBO   0.00000e+00     fixed    
  10  beta_2CBO    0.00000e+00     fixed    
  11  alpha_y      0.00000e+00     fixed    
  12  w_y          1.38860e+01   constant   
  13  beta_y       0.00000e+00     fixed    
  14  alpha_vw     0.00000e+00     fixed    
  15  w_vw         1.43404e+01   constant   
  16  beta_vw      0.00000e+00     fixed    
  17  LM           1.86654e-04   constant   
  18  zeta_y       0.00000e+00   constant   
  19  zeta_vw      0.00000e+00   constant   
  20  T_CBO        3.54865e+01   7.64455e+00  -2.94242e-03  -7.89447e+00
  21  alpha_A0     4.66500e+00   6.27734e+00   4.07542e-01  -2.82830e-02
  22  beta_A0     -1.73704e+00   2.47726e+00  -1.60387e-01   1.07050e-03
  23  alpha_phi    4.01014e-01   3.50934e-01   2.32094e-02  -5.72559e-02
  24  beta_phi     8.14619e+00   1.12486e+01   7.29664e-01  -2.05762e-02
 EXTERNAL ERROR MATRIX.    NDIM=  25    NPAR=  8    ERR DEF=1
  1.372e+06  5.909e-03 -2.037e-01 -6.598e+02  6.365e+02 -2.497e+02  4.014e+01  1.153e+03 
  5.909e-03  1.747e-07 -2.290e-08  1.176e-03 -1.044e-03  4.122e-04 -5.823e-05 -1.872e-03 
 -2.037e-01 -2.290e-08  1.546e-06  1.678e-03 -1.715e-03  6.792e-04 -9.343e-05 -3.083e-03 
 -6.598e+02  1.176e-03  1.678e-03  5.847e+01 -4.727e+01  1.864e+01 -2.644e+00 -8.468e+01 
  6.365e+02 -1.044e-03 -1.715e-03 -4.727e+01  3.940e+01 -1.555e+01  2.194e+00  7.061e+01 
 -2.497e+02  4.122e-04  6.792e-04  1.864e+01 -1.555e+01  6.137e+00 -8.656e-01 -2.786e+01 
  4.014e+01 -5.823e-05 -9.343e-05 -2.644e+00  2.194e+00 -8.656e-01  1.232e-01  3.932e+00 
  1.153e+03 -1.872e-03 -3.083e-03 -8.468e+01  7.061e+01 -2.786e+01  3.932e+00  1.265e+02 
ERR MATRIX APPROXIMATE
 PARAMETER  CORRELATION COEFFICIENTS  
       NO.  GLOBAL      1      3      4     20     21     22     23     24
        1  0.31776   1.000  0.012 -0.140 -0.074  0.087 -0.086  0.098  0.088
        3  0.46273   0.012  1.000 -0.044  0.368 -0.398  0.398 -0.397 -0.398
        4  0.37973  -0.140 -0.044  1.000  0.177 -0.220  0.220 -0.214 -0.220
       20  0.98802  -0.074  0.368  0.177  1.000 -0.985  0.984 -0.985 -0.984
       21  0.99999   0.087 -0.398 -0.220 -0.985  1.000 -1.000  0.996  1.000
       22  0.99994  -0.086  0.398  0.220  0.984 -1.000  1.000 -0.996 -1.000
       23  0.99685   0.098 -0.397 -0.214 -0.985  0.996 -0.996  1.000  0.996
       24  0.99999   0.088 -0.398 -0.220 -0.984  1.000 -1.000  0.996  1.000
 ERR MATRIX APPROXIMATE
MINUIT - FIT ONLY 1-CBO + wiggle
 **********
 **   16 **RES 
 **********
                   PARAMETER   16  beta_vw RESTORED TO VARIABLE.
                   PARAMETER   14  alpha_vw RESTORED TO VARIABLE.
                   PARAMETER   13  beta_y RESTORED TO VARIABLE.
                   PARAMETER   11  alpha_y RESTORED TO VARIABLE.
                   PARAMETER   10  beta_2CBO RESTORED TO VARIABLE.
                   PARAMETER    9  alpha_2CBO RESTORED TO VARIABLE.
                   PARAMETER    8  beta_CBO RESTORED TO VARIABLE.
                   PARAMETER    6  alpha_CBO RESTORED TO VARIABLE.
 **********
 **   17 **FIX            8
 **********
 **********
 **   18 **FIX            9
 **********
 **********
 **   19 **FIX           11
 **********
 **********
 **   20 **FIX           12
 **********
 PARAMETER   12  IS CONSTANT.   IGNORED.
 **********
 **   21 **FIX           14
 **********
 **********
 **   22 **FIX           15
 **********
 PARAMETER   15  IS CONSTANT.   IGNORED.
 **********
 **   23 **FIX           16
 **********
 **********
 **   24 **MIGRAD
 **********
 START MIGRAD MINIMIZATION.  STRATEGY  1.  CONVERGENCE WHEN EDM .LT. 1.00e-04
 FCN=108.851 FROM MIGRAD    STATUS=INITIATE       28 CALLS        1365 TOTAL
                     EDM= unknown      STRATEGY= 1      NO ERROR MATRIX       
  EXT PARAMETER               CURRENT GUESS       STEP         FIRST   
  NO.   NAME      VALUE            ERROR          SIZE      DERIVATIVE 
   1  N0           3.61709e+06   1.17131e+03   1.48336e+01   9.72516e-06
   2  tau          6.44109e+01   constant   
   3  A0           3.52601e-01   4.17992e-04  -2.42698e-05  -1.34416e+02
   4  phi          4.12200e+00   1.24351e-03  -3.54457e-05  -3.40785e+01
   5  R           -6.03373e+01   constant   
   6  alpha_CBO    0.00000e+00   1.00000e-03   1.00000e-03  -3.49738e+04
   7  w_CBO        2.32500e+00   constant   
   8  beta_CBO     0.00000e+00     fixed    
   9  alpha_2CBO   0.00000e+00     fixed    
  10  beta_2CBO    0.00000e+00   1.00000e-03   1.00000e-03   7.38056e+03
  11  alpha_y      0.00000e+00     fixed    
  12  w_y          1.38860e+01   constant   
  13  beta_y       0.00000e+00   1.00000e-03   1.00000e-03  -3.02302e+03
  14  alpha_vw     0.00000e+00     fixed    
  15  w_vw         1.43404e+01   constant   
  16  beta_vw      0.00000e+00     fixed    
  17  LM           1.86654e-04   constant   
  18  zeta_y       0.00000e+00   constant   
  19  zeta_vw      0.00000e+00   constant   
  20  T_CBO        3.54865e+01   7.64455e+00  -2.94242e-03  -7.89446e+00
  21  alpha_A0     4.66500e+00   6.27734e+00   4.07542e-01  -2.82830e-02
  22  beta_A0     -1.73704e+00   2.47726e+00  -1.60387e-01   1.07051e-03
  23  alpha_phi    4.01014e-01   3.50934e-01   2.32094e-02  -5.72559e-02
  24  beta_phi     8.14619e+00   1.12486e+01   7.29664e-01  -2.05762e-02
 CALL LIMIT EXCEEDED IN MIGRAD.
 MIGRAD TERMINATED WITHOUT CONVERGENCE.
 FCN=43.2329 FROM MIGRAD    STATUS=CALL LIMIT   1910 CALLS        3247 TOTAL
                     EDM=0.00708647    STRATEGY= 1  ERROR MATRIX UNCERTAINTY  48.0 per cent
  EXT PARAMETER                APPROXIMATE        STEP         FIRST   
  NO.   NAME      VALUE            ERROR          SIZE      DERIVATIVE 
   1  N0           3.61770e+06   1.12275e+03   1.63040e+00  -3.32683e-05
   2  tau          6.44109e+01   constant   
   3  A0           3.53328e-01   4.32273e-04   1.01082e-06  -1.05119e+02
   4  phi          4.12057e+00   1.24753e-03   3.26705e-07   5.02206e+00
   5  R           -6.03373e+01   constant   
   6  alpha_CBO    3.56467e-03   4.45794e-04   5.62357e-07   2.77119e+01
   7  w_CBO        2.32500e+00   constant   
   8  beta_CBO     0.00000e+00     fixed    
   9  alpha_2CBO   0.00000e+00     fixed    
  10  beta_2CBO   -5.89642e-04   4.38523e-04  -7.83612e-07   7.75601e+01
  11  alpha_y      0.00000e+00     fixed    
  12  w_y          1.38860e+01   constant   
  13  beta_y       2.98752e-04   4.39736e-04  -3.33280e-07   5.12828e+01
  14  alpha_vw     0.00000e+00     fixed    
  15  w_vw         1.43404e+01   constant   
  16  beta_vw      0.00000e+00     fixed    
  17  LM           1.86654e-04   constant   
  18  zeta_y       0.00000e+00   constant   
  19  zeta_vw      0.00000e+00   constant   
  20  T_CBO        1.68696e+01   1.17125e+00   3.25693e-04  -4.20212e+00
  21  alpha_A0     4.88632e+02   4.68296e+02  -6.94781e+00  -8.08371e-06
  22  beta_A0     -1.02133e+04   1.03408e+04   1.51589e+02   1.42877e-05
  23  alpha_phi   -5.45047e+03   5.57242e+03   8.15317e+01  -4.15506e-06
  24  beta_phi     3.46447e+04   3.51116e+04  -5.14647e+02   2.82391e-07
 EXTERNAL ERROR MATRIX.    NDIM=  25    NPAR= 11    ERR DEF=1
  1.261e+06 
 -2.133e-02  1.869e-07 
 -2.065e-01 -2.877e-08  1.556e-06 
  2.495e-02  4.575e-08 -8.177e-08  1.987e-07 
  2.264e-02  1.170e-08 -3.888e-08  6.356e-09  1.923e-07 
  1.760e-02  4.484e-09 -9.799e-10 -5.615e-10 -4.478e-09  1.934e-07 
  3.801e+02  1.820e-04 -2.199e-04  1.416e-05 -8.718e-05 -8.053e-05  1.372e+00 
 -1.607e+05 -7.415e-02  5.972e-02 -1.042e-03  5.066e-02  3.626e-02 -5.240e+02  2.193e+05 
  3.543e+06  1.639e+00 -1.316e+00  1.746e-02 -1.115e+00 -8.015e-01  1.156e+04 -4.842e+06  1.069e+08 
  1.910e+06  8.832e-01 -7.094e-01  9.351e-03 -6.004e-01 -4.319e-01  6.231e+03 -2.609e+06  5.762e+07  3.105e+07 
 -1.203e+07 -5.567e+00  4.468e+00 -5.952e-02  3.785e+00  2.721e+00 -3.926e+04  1.644e+07 -3.631e+08 -1.957e+08  1.233e+09 
ERR MATRIX APPROXIMATE
 PARAMETER  CORRELATION COEFFICIENTS  
       NO.  GLOBAL      1      3      4      6     10     13     20     21     22     23     24
        1  0.49433   1.000 -0.044 -0.147  0.050  0.046  0.036  0.289 -0.306  0.305  0.305 -0.305
        3  0.53723  -0.044  1.000 -0.053  0.237  0.062  0.024  0.360 -0.366  0.367  0.367 -0.367
        4  0.29873  -0.147 -0.053  1.000 -0.147 -0.071 -0.002 -0.150  0.102 -0.102 -0.102  0.102
        6  0.33905   0.050  0.237 -0.147  1.000  0.033 -0.003  0.027 -0.005  0.004  0.004 -0.004
       10  0.45814   0.046  0.062 -0.071  0.033  1.000 -0.023 -0.170  0.247 -0.246 -0.246  0.246
       13  0.26479   0.036  0.024 -0.002 -0.003 -0.023  1.000 -0.156  0.176 -0.176 -0.176  0.176
       20  0.96553   0.289  0.360 -0.150  0.027 -0.170 -0.156  1.000 -0.955  0.955  0.955 -0.955
       21  0.99997  -0.306 -0.366  0.102 -0.005  0.247  0.176 -0.955  1.000 -1.000 -1.000  1.000
       22  1.00000   0.305  0.367 -0.102  0.004 -0.246 -0.176  0.955 -1.000  1.000  1.000 -1.000
       23  1.00000   0.305  0.367 -0.102  0.004 -0.246 -0.176  0.955 -1.000  1.000  1.000 -1.000
       24  1.00000  -0.305 -0.367  0.102 -0.004  0.246  0.176 -0.955  1.000 -1.000 -1.000  1.000
 ERR MATRIX APPROXIMATE
MINUIT - FIT ONLY 2-CBO
 **********
 **   25 **RES 
 **********
                   PARAMETER   16  beta_vw RESTORED TO VARIABLE.
                   PARAMETER   14  alpha_vw RESTORED TO VARIABLE.
                   PARAMETER   11  alpha_y RESTORED TO VARIABLE.
                   PARAMETER    9  alpha_2CBO RESTORED TO VARIABLE.
                   PARAMETER    8  beta_CBO RESTORED TO VARIABLE.
 **********
 **   26 **FIX            0
 **********
 PARAMETER    0  IS UNDEFINED. IGNORED.
 **********
 **   27 **FIX            1
 **********
 **********
 **   28 **FIX            2
 **********
 PARAMETER    2  IS CONSTANT.   IGNORED.
 **********
 **   29 **FIX            3
 **********
 **********
 **   30 **FIX            4
 **********
 **********
 **   31 **FIX            5
 **********
 PARAMETER    5  IS CONSTANT.   IGNORED.
 **********
 **   32 **FIX            6
 **********
 **********
 **   33 **FIX            7
 **********
 PARAMETER    7  IS CONSTANT.   IGNORED.
 **********
 **   34 **FIX           10
 **********
 **********
 **   35 **FIX           11
 **********
 **********
 **   36 **FIX           12
 **********
 PARAMETER   12  IS CONSTANT.   IGNORED.
 **********
 **   37 **FIX           13
 **********
 **********
 **   38 **FIX           14
 **********
 **********
 **   39 **FIX           15
 **********
 PARAMETER   15  IS CONSTANT.   IGNORED.
 **********
 **   40 **FIX           16
 **********
 **********
 **   41 **MIGRAD
 **********
 START MIGRAD MINIMIZATION.  STRATEGY  1.  CONVERGENCE WHEN EDM .LT. 1.00e-04
 FCN=43.2329 FROM MIGRAD    STATUS=INITIATE       18 CALLS        3265 TOTAL
                     EDM= unknown      STRATEGY= 1      NO ERROR MATRIX       
  EXT PARAMETER               CURRENT GUESS       STEP         FIRST   
  NO.   NAME      VALUE            ERROR          SIZE      DERIVATIVE 
   1  N0           3.61770e+06     fixed    
   2  tau          6.44109e+01   constant   
   3  A0           3.53328e-01     fixed    
   4  phi          4.12057e+00     fixed    
   5  R           -6.03373e+01   constant   
   6  alpha_CBO    3.56467e-03     fixed    
   7  w_CBO        2.32500e+00   constant   
   8  beta_CBO     0.00000e+00   1.00000e-03   1.00000e-03   1.68804e+03
   9  alpha_2CBO   0.00000e+00   1.00000e-03   1.00000e-03  -4.23510e+03
  10  beta_2CBO   -5.89642e-04     fixed    
  11  alpha_y      0.00000e+00     fixed    
  12  w_y          1.38860e+01   constant   
  13  beta_y       2.98752e-04     fixed    
  14  alpha_vw     0.00000e+00     fixed    
  15  w_vw         1.43404e+01   constant   
  16  beta_vw      0.00000e+00     fixed    
  17  LM           1.86654e-04   constant   
  18  zeta_y       0.00000e+00   constant   
  19  zeta_vw      0.00000e+00   constant   
  20  T_CBO        1.68696e+01   1.17125e+00   3.25693e-04  -4.20219e+00
  21  alpha_A0     4.88632e+02   4.68296e+02  -6.94781e+00  -8.08371e-06
  22  beta_A0     -1.02133e+04   1.03408e+04   1.51589e+02   1.42877e-05
  23  alpha_phi   -5.45047e+03   5.57242e+03   8.15317e+01  -4.15506e-06
  24  beta_phi     3.46447e+04   3.51116e+04  -5.14647e+02   2.82391e-07
 CALL LIMIT EXCEEDED IN MIGRAD.
 MIGRAD TERMINATED WITHOUT CONVERGENCE.
 FCN=41.7178 FROM MIGRAD    STATUS=CALL LIMIT   1157 CALLS        4404 TOTAL
                     EDM=0.00491852    STRATEGY= 1  ERROR MATRIX UNCERTAINTY  23.6 per cent
  EXT PARAMETER                APPROXIMATE        STEP         FIRST   
  NO.   NAME      VALUE            ERROR          SIZE      DERIVATIVE 
   1  N0           3.61770e+06     fixed    
   2  tau          6.44109e+01   constant   
   3  A0           3.53328e-01     fixed    
   4  phi          4.12057e+00     fixed    
   5  R           -6.03373e+01   constant   
   6  alpha_CBO    3.56467e-03     fixed    
   7  w_CBO        2.32500e+00   constant   
   8  beta_CBO    -2.01796e-04   4.20397e-04  -7.00592e-06  -1.29441e+02
   9  alpha_2CBO   4.46432e-04   4.32618e-04   4.14354e-06   6.49582e+01
  10  beta_2CBO   -5.89642e-04     fixed    
  11  alpha_y      0.00000e+00     fixed    
  12  w_y          1.38860e+01   constant   
  13  beta_y       2.98752e-04     fixed    
  14  alpha_vw     0.00000e+00     fixed    
  15  w_vw         1.43404e+01   constant   
  16  beta_vw      0.00000e+00     fixed    
  17  LM           1.86654e-04   constant   
  18  zeta_y       0.00000e+00   constant   
  19  zeta_vw      0.00000e+00   constant   
  20  T_CBO        1.22098e+01   9.50684e-01  -1.16603e-05  -4.76188e+00
  21  alpha_A0     1.76810e+05   2.61265e+05   2.84756e+03  -6.84851e-09
  22  beta_A0     -4.56620e+06   6.99382e+06  -7.74355e+04   2.78640e-08
  23  alpha_phi   -1.55361e+06   2.33038e+06  -2.55945e+04   1.85398e-08
  24  beta_phi     1.35374e+07   2.18231e+07   2.45542e+05   5.66534e-09
 EXTERNAL ERROR MATRIX.    NDIM=  25    NPAR=  7    ERR DEF=1
  1.767e-07 -3.295e-09  2.350e-04 -6.607e+01  1.766e+03  5.888e+02 -5.515e+03 
 -3.295e-09  1.872e-07 -1.296e-04  3.543e+01 -9.595e+02 -3.188e+02  2.992e+03 
  2.350e-04 -1.296e-04  9.038e-01 -2.440e+05  6.535e+06  2.178e+06 -2.038e+07 
 -6.607e+01  3.543e+01 -2.440e+05  6.826e+10 -1.826e+12 -6.083e+11  5.696e+12 
  1.766e+03 -9.595e+02  6.535e+06 -1.826e+12  4.891e+13  1.630e+13 -1.526e+14 
  5.888e+02 -3.188e+02  2.178e+06 -6.083e+11  1.630e+13  5.431e+12 -5.085e+13 
 -5.515e+03  2.992e+03 -2.038e+07  5.696e+12 -1.526e+14 -5.085e+13  4.762e+14 
ERR MATRIX APPROXIMATE
 PARAMETER  CORRELATION COEFFICIENTS  
       NO.  GLOBAL      8      9     20     21     22     23     24
        8  0.63404   1.000 -0.018  0.588 -0.602  0.601  0.601 -0.601
        9  0.42442  -0.018  1.000 -0.315  0.313 -0.317 -0.316  0.317
       20  0.99013   0.588 -0.315  1.000 -0.982  0.983  0.983 -0.982
       21  0.99909  -0.602  0.313 -0.982  1.000 -0.999 -0.999  0.999
       22  1.00000   0.601 -0.317  0.983 -0.999  1.000  1.000 -1.000
       23  0.99999   0.601 -0.316  0.983 -0.999  1.000  1.000 -1.000
       24  0.99999  -0.601  0.317 -0.982  0.999 -1.000 -1.000  1.000
 ERR MATRIX APPROXIMATE
MINUIT - FIT wiggle + 1-CBO + 2-CBO
 **********
 **   42 **RES 
 **********
                   PARAMETER   16  beta_vw RESTORED TO VARIABLE.
                   PARAMETER   14  alpha_vw RESTORED TO VARIABLE.
                   PARAMETER   13  beta_y RESTORED TO VARIABLE.
                   PARAMETER   11  alpha_y RESTORED TO VARIABLE.
                   PARAMETER   10  beta_2CBO RESTORED TO VARIABLE.
                   PARAMETER    6  alpha_CBO RESTORED TO VARIABLE.
                   PARAMETER    4  phi RESTORED TO VARIABLE.
                   PARAMETER    3  A0 RESTORED TO VARIABLE.
                   PARAMETER    1  N0 RESTORED TO VARIABLE.
 **********
 **   43 **FIX           10
 **********
 **********
 **   44 **FIX           11
 **********
 **********
 **   45 **FIX           12
 **********
 PARAMETER   12  IS CONSTANT.   IGNORED.
 **********
 **   46 **FIX           13
 **********
 **********
 **   47 **FIX           14
 **********
 **********
 **   48 **FIX           15
 **********
 PARAMETER   15  IS CONSTANT.   IGNORED.
 **********
 **   49 **FIX           16
 **********
 **********
 **   50 **MIGRAD
 **********
 START MIGRAD MINIMIZATION.  STRATEGY  1.  CONVERGENCE WHEN EDM .LT. 1.00e-04
 FCN=41.7178 FROM MIGRAD    STATUS=INITIATE       22 CALLS        4426 TOTAL
                     EDM= unknown      STRATEGY= 1      NO ERROR MATRIX       
  EXT PARAMETER               CURRENT GUESS       STEP         FIRST   
  NO.   NAME      VALUE            ERROR          SIZE      DERIVATIVE 
   1  N0           3.61770e+06   1.12275e+03   1.12275e+03   1.07111e-04
   2  tau          6.44109e+01   constant   
   3  A0           3.53328e-01   4.32273e-04   4.32273e-04   6.27711e+02
   4  phi          4.12057e+00   1.24753e-03   1.24753e-03   2.91103e+02
   5  R           -6.03373e+01   constant   
   6  alpha_CBO    3.56467e-03   4.45794e-04   4.45794e-04  -1.22118e+02
   7  w_CBO        2.32500e+00   constant   
   8  beta_CBO    -2.01796e-04   4.20397e-04  -7.00592e-06  -1.29441e+02
   9  alpha_2CBO   4.46432e-04   4.32618e-04   4.14354e-06   6.49582e+01
  10  beta_2CBO   -5.89642e-04     fixed    
  11  alpha_y      0.00000e+00     fixed    
  12  w_y          1.38860e+01   constant   
  13  beta_y       2.98752e-04     fixed    
  14  alpha_vw     0.00000e+00     fixed    
  15  w_vw         1.43404e+01   constant   
  16  beta_vw      0.00000e+00     fixed    
  17  LM           1.86654e-04   constant   
  18  zeta_y       0.00000e+00   constant   
  19  zeta_vw      0.00000e+00   constant   
  20  T_CBO        1.22098e+01   9.50684e-01  -1.16603e-05  -4.76197e+00
  21  alpha_A0     1.76810e+05   2.61265e+05   2.84756e+03  -6.84859e-09
  22  beta_A0     -4.56620e+06   6.99382e+06  -7.74355e+04   2.78646e-08
  23  alpha_phi   -1.55361e+06   2.33038e+06  -2.55945e+04   1.85398e-08
  24  beta_phi     1.35374e+07   2.18231e+07   2.45542e+05   5.66534e-09
 CALL LIMIT EXCEEDED IN MIGRAD.
 MIGRAD TERMINATED WITHOUT CONVERGENCE.
 FCN=41.2003 FROM MIGRAD    STATUS=CALL LIMIT   1927 CALLS        6331 TOTAL
                     EDM=0.0152636    STRATEGY= 1  ERROR MATRIX UNCERTAINTY  20.4 per cent
  EXT PARAMETER                APPROXIMATE        STEP         FIRST   
  NO.   NAME      VALUE            ERROR          SIZE      DERIVATIVE 
   1  N0           3.61769e+06   1.12260e+03  -2.63147e+00  -6.00547e-06
   2  tau          6.44109e+01   constant   
   3  A0           3.53234e-01   4.13292e-04  -6.92376e-07  -7.88809e+00
   4  phi          4.12021e+00   1.25741e-03  -1.41935e-05  -4.20666e+00
   5  R           -6.03373e+01   constant   
   6  alpha_CBO    3.58266e-03   4.29223e-04  -3.31610e-06  -2.21424e+01
   7  w_CBO        2.32500e+00   constant   
   8  beta_CBO    -1.96490e-04   4.52029e-04  -3.30553e-06  -3.41712e+01
   9  alpha_2CBO   4.34068e-04   4.28682e-04  -1.57183e-06   2.19660e-01
  10  beta_2CBO   -5.89642e-04     fixed    
  11  alpha_y      0.00000e+00     fixed    
  12  w_y          1.38860e+01   constant   
  13  beta_y       2.98752e-04     fixed    
  14  alpha_vw     0.00000e+00     fixed    
  15  w_vw         1.43404e+01   constant   
  16  beta_vw      0.00000e+00     fixed    
  17  LM           1.86654e-04   constant   
  18  zeta_y       0.00000e+00   constant   
  19  zeta_vw      0.00000e+00   constant   
  20  T_CBO        9.02368e+00   4.21455e-01  -2.49035e-04   6.68371e+01
  21  alpha_A0    -7.17501e+08   9.85540e+08  -6.98803e+07  -2.12544e-11
  22  beta_A0     -1.05188e+10   1.51250e+10  -1.07498e+09   8.41902e-14
  23  alpha_phi   -3.77497e+09   5.39663e+09  -3.83485e+08   1.73983e-11
  24  beta_phi     2.93744e+10   4.21210e+10   2.99333e+09   7.15231e-12
 EXTERNAL ERROR MATRIX.    NDIM=  25    NPAR= 11    ERR DEF=1
  1.260e+06 
 -6.227e-03  1.708e-07 
 -1.820e-01 -5.133e-09  1.581e-06 
  2.971e-02  3.057e-08 -5.868e-08  1.842e-07 
  2.625e-02  1.234e-08  8.825e-08  6.627e-11  2.043e-07 
 -1.354e-02  4.546e-09 -3.096e-08  1.079e-08 -1.978e-08  1.838e-07 
  2.271e+01  1.144e-05  9.010e-05  1.607e-05  2.683e-05  4.739e-06  1.776e-01 
  3.378e+10  2.367e+04  2.426e+05  2.738e+04  4.954e+04  1.541e+04  4.085e+08  9.713e+17 
  5.298e+11  3.633e+05  3.699e+06  4.260e+05  7.595e+05  2.379e+05  6.267e+09  1.491e+19  2.288e+20 
  1.892e+11  1.297e+05  1.320e+06  1.521e+05  2.711e+05  8.510e+04  2.236e+09  5.318e+18  8.162e+19  2.912e+19 
 -1.472e+12 -1.013e+06 -1.030e+07 -1.187e+06 -2.116e+06 -6.631e+05 -1.745e+10 -4.151e+19 -6.371e+20 -2.273e+20  1.774e+21 
ERR MATRIX APPROXIMATE
 PARAMETER  CORRELATION COEFFICIENTS  
       NO.  GLOBAL      1      3      4      6      8      9     20     21     22     23     24
        1  0.29438   1.000 -0.013 -0.129  0.062  0.052 -0.028  0.048  0.031  0.031  0.031 -0.031
        3  0.26394  -0.013  1.000 -0.010  0.172  0.066  0.026  0.066  0.058  0.058  0.058 -0.058
        4  0.40580  -0.129 -0.010  1.000 -0.109  0.155 -0.057  0.170  0.196  0.194  0.195 -0.195
        6  0.31181   0.062  0.172 -0.109  1.000  0.000  0.059  0.089  0.065  0.066  0.066 -0.066
        8  0.30310   0.052  0.066  0.155  0.000  1.000 -0.102  0.141  0.111  0.111  0.111 -0.111
        9  0.22093  -0.028  0.026 -0.057  0.059 -0.102  1.000  0.026  0.036  0.037  0.037 -0.037
       20  0.98678   0.048  0.066  0.170  0.089  0.141  0.026  1.000  0.983  0.983  0.983 -0.983
       21  0.99999   0.031  0.058  0.196  0.065  0.111  0.036  0.983  1.000  1.000  1.000 -1.000
       22  1.00000   0.031  0.058  0.194  0.066  0.111  0.037  0.983  1.000  1.000  1.000 -1.000
       23  1.00000   0.031  0.058  0.195  0.066  0.111  0.037  0.983  1.000  1.000  1.000 -1.000
       24  1.00000  -0.031 -0.058 -0.195 -0.066 -0.111 -0.037 -0.983 -1.000 -1.000 -1.000  1.000
 ERR MATRIX APPROXIMATE
MINUIT - FIT ONLY 1-y
 **********
 **   51 **RES 
 **********
                   PARAMETER   16  beta_vw RESTORED TO VARIABLE.
                   PARAMETER   14  alpha_vw RESTORED TO VARIABLE.
                   PARAMETER   13  beta_y RESTORED TO VARIABLE.
                   PARAMETER   11  alpha_y RESTORED TO VARIABLE.
                   PARAMETER   10  beta_2CBO RESTORED TO VARIABLE.
 **********
 **   52 **FIX            0
 **********
 PARAMETER    0  IS UNDEFINED. IGNORED.
 **********
 **   53 **FIX            1
 **********
 **********
 **   54 **FIX            2
 **********
 PARAMETER    2  IS CONSTANT.   IGNORED.
 **********
 **   55 **FIX            3
 **********
 **********
 **   56 **FIX            4
 **********
 **********
 **   57 **FIX            5
 **********
 PARAMETER    5  IS CONSTANT.   IGNORED.
 **********
 **   58 **FIX            6
 **********
 **********
 **   59 **FIX            7
 **********
 PARAMETER    7  IS CONSTANT.   IGNORED.
 **********
 **   60 **FIX            8
 **********
 **********
 **   61 **FIX            9
 **********
 **********
 **   62 **FIX           13
 **********
 **********
 **   63 **FIX           14
 **********
 **********
 **   64 **FIX           15
 **********
 PARAMETER   15  IS CONSTANT.   IGNORED.
 **********
 **   65 **FIX           16
 **********
 **********
 **   66 **MIGRAD
 **********
 START MIGRAD MINIMIZATION.  STRATEGY  1.  CONVERGENCE WHEN EDM .LT. 1.00e-04
 FCN=41.2003 FROM MIGRAD    STATUS=INITIATE       37 CALLS        6368 TOTAL
                     EDM= unknown      STRATEGY= 1      NO ERROR MATRIX       
  EXT PARAMETER               CURRENT GUESS       STEP         FIRST   
  NO.   NAME      VALUE            ERROR          SIZE      DERIVATIVE 
   1  N0           3.61769e+06     fixed    
   2  tau          6.44109e+01   constant   
   3  A0           3.53234e-01     fixed    
   4  phi          4.12021e+00     fixed    
   5  R           -6.03373e+01   constant   
   6  alpha_CBO    3.58266e-03     fixed    
   7  w_CBO        2.32500e+00   constant   
   8  beta_CBO    -1.96490e-04     fixed    
   9  alpha_2CBO   4.34068e-04     fixed    
  10  beta_2CBO   -5.89642e-04   4.38523e-04   0.00000e+00  -1.52980e+02
  11  alpha_y      0.00000e+00   1.00000e-03   0.00000e+00   6.68246e+03
  12  w_y          1.38860e+01   constant   
  13  beta_y       2.98752e-04     fixed    
  14  alpha_vw     0.00000e+00     fixed    
  15  w_vw         1.43404e+01   constant   
  16  beta_vw      0.00000e+00     fixed    
  17  LM           1.86654e-04   constant   
  18  zeta_y       0.00000e+00   constant   
  19  zeta_vw      0.00000e+00   constant   
  20  T_CBO        9.02368e+00   4.21455e-01   0.00000e+00   6.68728e+01
  21  alpha_A0    -7.17501e+08   9.85540e+08   0.00000e+00  -2.12539e-11
  22  beta_A0     -1.05188e+10   1.51250e+10   0.00000e+00   8.46265e-14
  23  alpha_phi   -3.77677e+09   5.39663e+09  -1.80005e+06   1.73508e-11
  24  beta_phi     2.93744e+10   4.21210e+10   0.00000e+00   7.15132e-12
 CALL LIMIT EXCEEDED IN MIGRAD.
 MIGRAD TERMINATED WITHOUT CONVERGENCE.
 FCN=38.8087 FROM MIGRAD    STATUS=CALL LIMIT   1149 CALLS        7480 TOTAL
                     EDM=0.00149692    STRATEGY= 1  ERROR MATRIX UNCERTAINTY  72.3 per cent
  EXT PARAMETER                APPROXIMATE        STEP         FIRST   
  NO.   NAME      VALUE            ERROR          SIZE      DERIVATIVE 
   1  N0           3.61769e+06     fixed    
   2  tau          6.44109e+01   constant   
   3  A0           3.53234e-01     fixed    
   4  phi          4.12021e+00     fixed    
   5  R           -6.03373e+01   constant   
   6  alpha_CBO    3.58266e-03     fixed    
   7  w_CBO        2.32500e+00   constant   
   8  beta_CBO    -1.96490e-04     fixed    
   9  alpha_2CBO   4.34068e-04     fixed    
  10  beta_2CBO   -5.48481e-04   4.42214e-04  -1.28034e-06  -1.33777e+01
  11  alpha_y     -6.37147e-04   4.26340e-04  -5.32314e-06  -4.74001e+01
  12  w_y          1.38860e+01   constant   
  13  beta_y       2.98752e-04     fixed    
  14  alpha_vw     0.00000e+00     fixed    
  15  w_vw         1.43404e+01   constant   
  16  beta_vw      0.00000e+00     fixed    
  17  LM           1.86654e-04   constant   
  18  zeta_y       0.00000e+00   constant   
  19  zeta_vw      0.00000e+00   constant   
  20  T_CBO        7.59629e+00   5.70753e-01  -1.20775e-06  -4.03381e-01
  21  alpha_A0     5.15000e+10   1.29337e+11   6.43568e+08  -2.06216e-14
  22  beta_A0     -2.32102e+12   5.66462e+12  -2.80999e+10   1.00734e-13
  23  alpha_phi   -7.84032e+11   1.87714e+12  -9.39445e+09   1.74998e-13
  24  beta_phi     7.17118e+12   1.85408e+13   9.32514e+10   4.51861e-14
 EXTERNAL ERROR MATRIX.    NDIM=  25    NPAR=  7    ERR DEF=1
  1.956e-07 -5.196e-09  1.347e-05 -1.801e+06  7.876e+07  2.641e+07 -2.585e+08 
 -5.196e-09  1.818e-07  4.397e-05 -9.903e+06  4.338e+08  1.437e+08 -1.419e+09 
  1.347e-05  4.397e-05  3.258e-01 -7.332e+10  3.211e+12  1.064e+12 -1.051e+13 
 -1.801e+06 -9.903e+06 -7.332e+10  1.673e+22 -7.326e+23 -2.428e+23  2.398e+24 
  7.876e+07  4.338e+08  3.211e+12 -7.326e+23  3.209e+25  1.063e+25 -1.050e+26 
  2.641e+07  1.437e+08  1.064e+12 -2.428e+23  1.063e+25  3.524e+24 -3.480e+25 
 -2.585e+08 -1.419e+09 -1.051e+13  2.398e+24 -1.050e+26 -3.480e+25  3.438e+26 
ERR MATRIX APPROXIMATE
 PARAMETER  CORRELATION COEFFICIENTS  
       NO.  GLOBAL     10     11     20     21     22     23     24
       10  0.23862   1.000 -0.028  0.053 -0.031  0.031  0.032 -0.032
       11  0.18866  -0.028  1.000  0.181 -0.180  0.180  0.180 -0.179
       20  0.99473   0.053  0.181  1.000 -0.993  0.993  0.993 -0.993
       21  1.00000  -0.031 -0.180 -0.993  1.000 -1.000 -1.000  1.000
       22  1.00000   0.031  0.180  0.993 -1.000  1.000  1.000 -1.000
       23  0.99999   0.032  0.180  0.993 -1.000  1.000  1.000 -1.000
       24  1.00000  -0.032 -0.179 -0.993  1.000 -1.000 -1.000  1.000
 ERR MATRIX APPROXIMATE
MINUIT - FIT ONLY 2-y
 **********
 **   67 **RES 
 **********
                   PARAMETER   16  beta_vw RESTORED TO VARIABLE.
                   PARAMETER   14  alpha_vw RESTORED TO VARIABLE.
                   PARAMETER   13  beta_y RESTORED TO VARIABLE.
                   PARAMETER    9  alpha_2CBO RESTORED TO VARIABLE.
                   PARAMETER    8  beta_CBO RESTORED TO VARIABLE.
                   PARAMETER    6  alpha_CBO RESTORED TO VARIABLE.
                   PARAMETER    4  phi RESTORED TO VARIABLE.
                   PARAMETER    3  A0 RESTORED TO VARIABLE.
                   PARAMETER    1  N0 RESTORED TO VARIABLE.
 **********
 **   68 **FIX            0
 **********
 PARAMETER    0  IS UNDEFINED. IGNORED.
 **********
 **   69 **FIX            1
 **********
 **********
 **   70 **FIX            2
 **********
 PARAMETER    2  IS CONSTANT.   IGNORED.
 **********
 **   71 **FIX            3
 **********
 **********
 **   72 **FIX            4
 **********
 **********
 **   73 **FIX            5
 **********
 PARAMETER    5  IS CONSTANT.   IGNORED.
 **********
 **   74 **FIX            6
 **********
 **********
 **   75 **FIX            7
 **********
 PARAMETER    7  IS CONSTANT.   IGNORED.
 **********
 **   76 **FIX            8
 **********
 **********
 **   77 **FIX            9
 **********
 **********
 **   78 **FIX           10
 **********
 **********
 **   79 **FIX           11
 **********
 **********
 **   80 **FIX           12
 **********
 PARAMETER   12  IS CONSTANT.   IGNORED.
 **********
 **   81 **FIX           16
 **********
 **********
 **   82 **MIGRAD
 **********
 START MIGRAD MINIMIZATION.  STRATEGY  1.  CONVERGENCE WHEN EDM .LT. 1.00e-04
 FCN=38.8086 FROM MIGRAD    STATUS=INITIATE       79 CALLS        7559 TOTAL
                     EDM= unknown      STRATEGY= 1      NO ERROR MATRIX       
  EXT PARAMETER               CURRENT GUESS       STEP         FIRST   
  NO.   NAME      VALUE            ERROR          SIZE      DERIVATIVE 
   1  N0           3.61769e+06     fixed    
   2  tau          6.44109e+01   constant   
   3  A0           3.53234e-01     fixed    
   4  phi          4.12021e+00     fixed    
   5  R           -6.03373e+01   constant   
   6  alpha_CBO    3.58266e-03     fixed    
   7  w_CBO        2.32500e+00   constant   
   8  beta_CBO    -1.96490e-04     fixed    
   9  alpha_2CBO   4.34068e-04     fixed    
  10  beta_2CBO   -5.48481e-04     fixed    
  11  alpha_y     -6.37147e-04     fixed    
  12  w_y          1.38860e+01   constant   
  13  beta_y       2.98752e-04   4.39736e-04   0.00000e+00   1.05803e+01
  14  alpha_vw     0.00000e+00   1.00000e-03   0.00000e+00   5.45870e+03
  15  w_vw         1.43404e+01   constant   
  16  beta_vw      0.00000e+00     fixed    
  17  LM           1.86654e-04   constant   
  18  zeta_y       0.00000e+00   constant   
  19  zeta_vw      0.00000e+00   constant   
  20  T_CBO        7.59629e+00   5.70753e-01   0.00000e+00  -3.63680e-01
  21  alpha_A0     5.15245e+10   1.29337e+11   0.00000e+00  -2.02585e-14
  22  beta_A0     -2.32102e+12   5.66462e+12   0.00000e+00   1.00743e-13
  23  alpha_phi   -7.84780e+11   1.87714e+12  -3.74034e+08   1.74654e-13
  24  beta_phi     7.17118e+12   1.85408e+13   0.00000e+00   4.51797e-14
 CALL LIMIT EXCEEDED IN MIGRAD.
 MIGRAD TERMINATED WITHOUT CONVERGENCE.
 FCN=37.0095 FROM MIGRAD    STATUS=CALL LIMIT   1148 CALLS        8628 TOTAL
                     EDM=0.00300537    STRATEGY= 1  ERROR MATRIX UNCERTAINTY  18.8 per cent
  EXT PARAMETER                APPROXIMATE        STEP         FIRST   
  NO.   NAME      VALUE            ERROR          SIZE      DERIVATIVE 
   1  N0           3.61769e+06     fixed    
   2  tau          6.44109e+01   constant   
   3  A0           3.53234e-01     fixed    
   4  phi          4.12021e+00     fixed    
   5  R           -6.03373e+01   constant   
   6  alpha_CBO    3.58266e-03     fixed    
   7  w_CBO        2.32500e+00   constant   
   8  beta_CBO    -1.96490e-04     fixed    
   9  alpha_2CBO   4.34068e-04     fixed    
  10  beta_2CBO   -5.48481e-04     fixed    
  11  alpha_y     -6.37147e-04     fixed    
  12  w_y          1.38860e+01   constant   
  13  beta_y       1.47099e-04   4.42707e-04   6.96862e-07   6.21248e+01
  14  alpha_vw    -5.56901e-04   4.33063e-04   1.28180e-06   7.56356e+01
  15  w_vw         1.43404e+01   constant   
  16  beta_vw      0.00000e+00     fixed    
  17  LM           1.86654e-04   constant   
  18  zeta_y       0.00000e+00   constant   
  19  zeta_vw      0.00000e+00   constant   
  20  T_CBO        6.56738e+00   3.40574e-01   2.22327e-05  -6.63253e+00
  21  alpha_A0     9.13284e+10   8.30949e+10  -7.98935e+06  -9.75698e-17
  22  beta_A0     -5.42043e+14   1.11044e+15   1.08439e+11   4.64008e-16
  23  alpha_phi   -2.28860e+14   4.73657e+14   3.07600e+10   3.90622e-16
  24  beta_phi     1.63483e+15   3.36736e+15  -4.01470e+11   1.79648e-16
 EXTERNAL ERROR MATRIX.    NDIM=  25    NPAR=  7    ERR DEF=1
  1.960e-07  4.514e-08 -3.302e-05  8.348e+06 -1.119e+11 -4.776e+10  3.393e+11 
  4.514e-08  1.875e-07 -3.997e-05  1.009e+07 -1.352e+11 -5.772e+10  4.102e+11 
 -3.302e-05 -3.997e-05  1.160e-01 -2.791e+10  3.741e+14  1.596e+14 -1.135e+15 
  8.348e+06  1.009e+07 -2.791e+10  6.905e+21 -9.199e+25 -3.924e+25  2.789e+26 
 -1.119e+11 -1.352e+11  3.741e+14 -9.199e+25  1.233e+30  5.260e+29 -3.739e+30 
 -4.776e+10 -5.772e+10  1.596e+14 -3.924e+25  5.260e+29  2.244e+29 -1.595e+30 
  3.393e+11  4.102e+11 -1.135e+15  2.789e+26 -3.739e+30 -1.595e+30  1.134e+31 
ERR MATRIX APPROXIMATE
 PARAMETER  CORRELATION COEFFICIENTS  
       NO.  GLOBAL     13     14     20     21     22     23     24
       13  0.29163   1.000  0.235 -0.219  0.227 -0.228 -0.228  0.228
       14  0.33542   0.235  1.000 -0.271  0.280 -0.281 -0.281  0.281
       20  0.99069  -0.219 -0.271  1.000 -0.986  0.989  0.989 -0.989
       21  0.99691   0.227  0.280 -0.986  1.000 -0.997 -0.997  0.997
       22  1.00000  -0.228 -0.281  0.989 -0.997  1.000  1.000 -1.000
       23  0.99999  -0.228 -0.281  0.989 -0.997  1.000  1.000 -1.000
