 + ++++++++++++++++++++++++++++++++++++++++++++++++++++++++++++++++++++ +
 +                                                                      +
 +           You have chose to blind your fitting according to          +
 +                omega_ref * (1 + (R +/- deltaR) *10^{-6})             +
 +                                                                      +
 + ++++++++++++++++++++++++++++++++++++++++++++++++++++++++++++++++++++ +
In main()...
reading format from /gm2data/zkhechad/run45/envelope/formats/formatB_sBin_constraintOn.txt
pBinTau 	= 0  
pBinPhi 	= 0  
constraintau 	= 1 
includeMopTerm 	= 0    
constrainMop    = 0   
Parameters after format file: pBinTau 0 pBinPhi 0 constraintau 1 includeMopTerm 0 constrainMop 0 c_e_scale 0.000000 
Opening file /gm2data/tbarrett/gm2fr/studies/run23_bunch_corrections/CorrectedFourier_Run3b.root.
reading full fit data from /gm2data/zkhechad/cboTemplates/Run4CBOTemplates/fullFits/noRF/sBin_constraintOn_cE0.0_seed0_noRF_calo12.root
windowBins = 69
fitting sliding window 1330 from bin 1466 at 218.578000 to bin 1535 at 229.022000 (69 bins)

Reading data from /gm2data/cornell/histograms/aMethod/histogram_a_noRF.root
 **********
 **    1 **SET PRINTOUT            1
 **********
 **********
 **    2 **SET NOWARNINGS 
 **********
 PARAMETER DEFINITIONS:
    NO.   NAME         VALUE      STEP SIZE      LIMITS
     1 N0           3.55331e+06  1.00000e+02     no limits
     2 tau          6.44114e+01  constant
     3 A0           3.53594e-01  1.00000e-04     no limits
     4 phi          4.11780e+00  1.00000e-02     no limits
     5 R           -6.01273e+01  constant
     6 alpha_CBO    0.00000e+00  1.00000e-03     no limits
     7 w_CBO        2.32500e+00  constant
     8 beta_CBO     0.00000e+00  1.00000e-03     no limits
     9 alpha_2CBO   0.00000e+00  1.00000e-03     no limits
    10 beta_2CBO    0.00000e+00  1.00000e-03     no limits
    11 alpha_y      0.00000e+00  1.00000e-03     no limits
    12 w_y          1.38860e+01  constant
    13 beta_y       0.00000e+00  1.00000e-03     no limits
    14 alpha_vw     0.00000e+00  1.00000e-03     no limits
    15 w_vw         1.43404e+01  constant
    16 beta_vw      0.00000e+00  1.00000e-03     no limits
    17 LM           2.37201e-04  constant
    18 zeta_y       0.00000e+00  constant
    19 zeta_vw      0.00000e+00  constant
    20 T_CBO        1.00000e+02  1.00000e+00    0.00000e+00  1.00000e+03
    21 alpha_A0     0.00000e+00  1.00000e-03     no limits
    22 beta_A0      0.00000e+00  1.00000e-03     no limits
    23 alpha_phi    0.00000e+00  1.00000e-03     no limits
    24 beta_phi     0.00000e+00  1.00000e-03     no limits
MINUIT - FIT ONLY WIGGLE
 **********
 **    3 **FIX            5
 **********
 PARAMETER    5  IS CONSTANT.   IGNORED.
 **********
 **    4 **FIX            6
 **********
 **********
 **    5 **FIX            7
 **********
 PARAMETER    7  IS CONSTANT.   IGNORED.
 **********
 **    6 **FIX            8
 **********
 **********
 **    7 **FIX            9
 **********
 **********
 **    8 **FIX           10
 **********
 **********
 **    9 **FIX           11
 **********
 **********
 **   10 **FIX           12
 **********
 PARAMETER   12  IS CONSTANT.   IGNORED.
 **********
 **   11 **FIX           13
 **********
 **********
 **   12 **FIX           14
 **********
 **********
 **   13 **FIX           15
 **********
 PARAMETER   15  IS CONSTANT.   IGNORED.
 **********
 **   14 **FIX           16
 **********
 **********
 **   15 **MIGRAD
 **********
 FIRST CALL TO USER FUNCTION AT NEW START POINT, WITH IFLAG=4.
 START MIGRAD MINIMIZATION.  STRATEGY  1.  CONVERGENCE WHEN EDM .LT. 1.00e-04
 FCN=136.061 FROM MIGRAD    STATUS=INITIATE      437 CALLS         438 TOTAL
                     EDM= unknown      STRATEGY= 1      NO ERROR MATRIX       
  EXT PARAMETER               CURRENT GUESS       STEP         FIRST   
  NO.   NAME      VALUE            ERROR          SIZE      DERIVATIVE 
   1  N0           3.55331e+06   1.00000e+02   0.00000e+00  -3.02237e-03
   2  tau          6.44114e+01   constant   
   3  A0           3.53594e-01   1.00000e-04   0.00000e+00  -1.77406e+04
   4  phi          4.11780e+00   1.00000e-02   0.00000e+00   8.98321e+02
   5  R           -6.01273e+01   constant   
   6  alpha_CBO    0.00000e+00     fixed    
   7  w_CBO        2.32500e+00   constant   
   8  beta_CBO     0.00000e+00     fixed    
   9  alpha_2CBO   0.00000e+00     fixed    
  10  beta_2CBO    0.00000e+00     fixed    
  11  alpha_y      0.00000e+00     fixed    
  12  w_y          1.38860e+01   constant   
  13  beta_y       0.00000e+00     fixed    
  14  alpha_vw     0.00000e+00     fixed    
  15  w_vw         1.43404e+01   constant   
  16  beta_vw      0.00000e+00     fixed    
  17  LM           2.37201e-04   constant   
  18  zeta_y       0.00000e+00   constant   
  19  zeta_vw      0.00000e+00   constant   
  20  T_CBO        1.00000e+02   1.00000e+00   0.00000e+00   0.00000e+00
  21  alpha_A0     0.00000e+00   1.00000e-03   0.00000e+00  -2.46055e+02
  22  beta_A0      0.00000e+00   1.00000e-03   0.00000e+00  -5.34521e+01
  23  alpha_phi    0.00000e+00   1.00000e-03   0.00000e+00  -3.28828e+02
  24  beta_phi     0.00000e+00   1.00000e-03   0.00000e+00  -1.78254e+02
 MIGRAD MINIMIZATION HAS CONVERGED.
 FCN=120.967 FROM MIGRAD    STATUS=CONVERGED    1322 CALLS        1323 TOTAL
                     EDM=3.01368e-06    STRATEGY= 1  ERROR MATRIX UNCERTAINTY   0.1 per cent
  EXT PARAMETER                                   STEP         FIRST   
  NO.   NAME      VALUE            ERROR          SIZE      DERIVATIVE 
   1  N0           3.55483e+06   8.10787e+02   2.79571e-01  -2.90555e-07
   2  tau          6.44114e+01   constant   
   3  A0           3.54387e-01   2.96267e-04  -1.79850e-07  -1.30899e+00
   4  phi          4.11739e+00   8.64597e-04   1.58699e-07  -3.27963e-01
   5  R           -6.01273e+01   constant   
   6  alpha_CBO    0.00000e+00     fixed    
   7  w_CBO        2.32500e+00   constant   
   8  beta_CBO     0.00000e+00     fixed    
   9  alpha_2CBO   0.00000e+00     fixed    
  10  beta_2CBO    0.00000e+00     fixed    
  11  alpha_y      0.00000e+00     fixed    
  12  w_y          1.38860e+01   constant   
  13  beta_y       0.00000e+00     fixed    
  14  alpha_vw     0.00000e+00     fixed    
  15  w_vw         1.43404e+01   constant   
  16  beta_vw      0.00000e+00     fixed    
  17  LM           2.37201e-04   constant   
  18  zeta_y       0.00000e+00   constant   
  19  zeta_vw      0.00000e+00   constant   
  20  T_CBO        9.99961e+02   8.15117e+02   7.06112e-02  -1.21714e-04
  21  alpha_A0     1.61987e-03   1.54136e-03  -4.91918e-06  -8.90550e-01
  22  beta_A0      9.30164e-04   1.84382e-03  -8.67377e-07  -3.92847e-01
  23  alpha_phi    2.46572e-03   1.48633e-03   2.93354e-07  -9.47688e-01
  24  beta_phi     1.25594e-03   1.53225e-03   2.59451e-06   1.37665e+00
 EXTERNAL ERROR MATRIX.    NDIM=  25    NPAR=  8    ERR DEF=1
  6.574e+05  4.686e-02  1.003e-02  5.631e+01 -2.653e-01  4.020e-02  7.982e-02  1.883e-01 
  4.686e-02  8.777e-08 -1.156e-08 -1.562e-04 -3.053e-08  3.641e-08 -1.191e-08 -2.066e-08 
  1.003e-02 -1.156e-08  7.475e-07  1.198e-04 -4.744e-08 -2.762e-07 -2.322e-08  1.226e-07 
  5.631e+01 -1.562e-04  1.198e-04  8.106e+03 -1.332e-02 -3.302e-03 -2.048e-02 -1.129e-02 
 -2.653e-01 -3.053e-08 -4.744e-08 -1.332e-02  2.376e-06  1.297e-07  4.107e-08 -6.845e-08 
  4.020e-02  3.641e-08 -2.762e-07 -3.302e-03  1.297e-07  3.400e-06 -8.141e-08 -4.769e-07 
  7.982e-02 -1.191e-08 -2.322e-08 -2.048e-02  4.107e-08 -8.141e-08  2.209e-06 -1.122e-07 
  1.883e-01 -2.066e-08  1.226e-07 -1.129e-02 -6.845e-08 -4.769e-07 -1.122e-07  2.348e-06 
 PARAMETER  CORRELATION COEFFICIENTS  
       NO.  GLOBAL      1      3      4     20     21     22     23     24
        1  0.33412   1.000  0.195  0.014  0.001 -0.212  0.027  0.066  0.152
        3  0.22454   0.195  1.000 -0.045 -0.006 -0.067  0.067 -0.027 -0.046
        4  0.19105   0.014 -0.045  1.000  0.002 -0.036 -0.173 -0.018  0.093
       20  0.20591   0.001 -0.006  0.002  1.000 -0.096 -0.020 -0.153 -0.082
       21  0.24194  -0.212 -0.067 -0.036 -0.096  1.000  0.046  0.018 -0.029
       22  0.25251   0.027  0.067 -0.173 -0.020  0.046  1.000 -0.030 -0.169
       23  0.19573   0.066 -0.027 -0.018 -0.153  0.018 -0.030  1.000 -0.049
       24  0.27289   0.152 -0.046  0.093 -0.082 -0.029 -0.169 -0.049  1.000
MINUIT - FIT ONLY 1-CBO + wiggle
 **********
 **   16 **RES 
 **********
                   PARAMETER   16  beta_vw RESTORED TO VARIABLE.
                   PARAMETER   14  alpha_vw RESTORED TO VARIABLE.
                   PARAMETER   13  beta_y RESTORED TO VARIABLE.
                   PARAMETER   11  alpha_y RESTORED TO VARIABLE.
                   PARAMETER   10  beta_2CBO RESTORED TO VARIABLE.
                   PARAMETER    9  alpha_2CBO RESTORED TO VARIABLE.
                   PARAMETER    8  beta_CBO RESTORED TO VARIABLE.
                   PARAMETER    6  alpha_CBO RESTORED TO VARIABLE.
 **********
 **   17 **FIX            8
 **********
 **********
 **   18 **FIX            9
 **********
 **********
 **   19 **FIX           11
 **********
 **********
 **   20 **FIX           12
 **********
 PARAMETER   12  IS CONSTANT.   IGNORED.
 **********
 **   21 **FIX           14
 **********
 **********
 **   22 **FIX           15
 **********
 PARAMETER   15  IS CONSTANT.   IGNORED.
 **********
 **   23 **FIX           16
 **********
 **********
 **   24 **MIGRAD
 **********
 START MIGRAD MINIMIZATION.  STRATEGY  1.  CONVERGENCE WHEN EDM .LT. 1.00e-04
 FCN=120.967 FROM MIGRAD    STATUS=INITIATE       28 CALLS        1351 TOTAL
                     EDM= unknown      STRATEGY= 1      NO ERROR MATRIX       
  EXT PARAMETER               CURRENT GUESS       STEP         FIRST   
  NO.   NAME      VALUE            ERROR          SIZE      DERIVATIVE 
   1  N0           3.55483e+06   8.10787e+02   2.79571e-01  -2.90555e-07
   2  tau          6.44114e+01   constant   
   3  A0           3.54387e-01   2.96267e-04  -1.79850e-07  -1.30899e+00
   4  phi          4.11739e+00   8.64597e-04   1.58699e-07  -3.27963e-01
   5  R           -6.01273e+01   constant   
   6  alpha_CBO    0.00000e+00   1.00000e-03   1.00000e-03  -9.13237e+03
   7  w_CBO        2.32500e+00   constant   
   8  beta_CBO     0.00000e+00     fixed    
   9  alpha_2CBO   0.00000e+00     fixed    
  10  beta_2CBO    0.00000e+00   1.00000e-03   1.00000e-03  -1.10534e+04
  11  alpha_y      0.00000e+00     fixed    
  12  w_y          1.38860e+01   constant   
  13  beta_y       0.00000e+00   1.00000e-03   1.00000e-03  -7.84037e+02
  14  alpha_vw     0.00000e+00     fixed    
  15  w_vw         1.43404e+01   constant   
  16  beta_vw      0.00000e+00     fixed    
  17  LM           2.37201e-04   constant   
  18  zeta_y       0.00000e+00   constant   
  19  zeta_vw      0.00000e+00   constant   
  20  T_CBO        9.99961e+02   8.15117e+02   7.06112e-02  -1.22274e-04
  21  alpha_A0     1.61987e-03   1.54136e-03  -4.91918e-06  -8.90546e-01
  22  beta_A0      9.30164e-04   1.84382e-03  -8.67377e-07  -3.92845e-01
  23  alpha_phi    2.46572e-03   1.48633e-03   2.93354e-07  -9.47688e-01
  24  beta_phi     1.25594e-03   1.53225e-03   2.59451e-06   1.37665e+00
 MIGRAD MINIMIZATION HAS CONVERGED.
 MIGRAD WILL VERIFY CONVERGENCE AND ERROR MATRIX.
 COVARIANCE MATRIX CALCULATED SUCCESSFULLY
 FCN=115.143 FROM MIGRAD    STATUS=CONVERGED     255 CALLS        1578 TOTAL
                     EDM=2.01866e-06    STRATEGY= 1      ERROR MATRIX ACCURATE 
  EXT PARAMETER                                   STEP         FIRST   
  NO.   NAME      VALUE            ERROR          SIZE      DERIVATIVE 
   1  N0           3.55484e+06   8.73244e+02   4.26119e+00   1.99461e-06
   2  tau          6.44114e+01   constant   
   3  A0           3.54429e-01   2.93933e-04   1.49550e-06  -2.33391e+00
   4  phi          4.11715e+00   9.36760e-04   4.65263e-06  -9.14199e-01
   5  R           -6.01273e+01   constant   
   6  alpha_CBO    5.35383e-04   3.42318e-04   1.68626e-06  -6.92897e-01
   7  w_CBO        2.32500e+00   constant   
   8  beta_CBO     0.00000e+00     fixed    
   9  alpha_2CBO   0.00000e+00     fixed    
  10  beta_2CBO    6.08005e-04   3.31469e-04   1.70372e-06   8.49974e-01
  11  alpha_y      0.00000e+00     fixed    
  12  w_y          1.38860e+01   constant   
  13  beta_y       4.75985e-05   3.23884e-04   1.70253e-06  -2.29543e+00
  14  alpha_vw     0.00000e+00     fixed    
  15  w_vw         1.43404e+01   constant   
  16  beta_vw      0.00000e+00     fixed    
  17  LM           2.37201e-04   constant   
  18  zeta_y       0.00000e+00   constant   
  19  zeta_vw      0.00000e+00   constant   
  20  T_CBO        1.00000e+03   7.60164e+02   8.03206e-02** at limit **
  21  alpha_A0     1.98306e-03   1.57840e-03   8.01590e-06  -4.69171e-03
  22  beta_A0      6.47048e-04   1.69404e-03   8.46386e-06   9.55952e-03
  23  alpha_phi    3.26880e-03   1.46676e-03   7.33500e-06  -1.21740e-01
  24  beta_phi     1.35171e-03   1.50564e-03   7.59506e-06   5.95015e-02
 EXTERNAL ERROR MATRIX.    NDIM=  25    NPAR= 11    ERR DEF=1
  7.626e+05 
  4.779e-02  8.640e-08 
  7.992e-02 -2.215e-08  8.775e-07 
  6.563e-03  1.153e-08 -7.623e-08  1.172e-07 
 -4.193e-03 -2.089e-09  2.018e-08  4.996e-11  1.099e-07 
 -8.768e-04  1.864e-09 -6.081e-09 -1.962e-10  1.352e-09  1.049e-07 
 -8.881e-01 -1.351e-06 -4.078e-06  5.001e-08 -7.924e-08  1.707e-08  2.234e+01 
 -2.899e-01 -2.016e-08 -1.042e-07  6.005e-08  1.629e-08 -3.333e-09  5.896e-04  2.491e-06 
  3.273e-02  4.539e-08 -3.209e-07  5.178e-08 -9.511e-08  1.287e-08  1.925e-04  1.294e-07  2.870e-06 
  9.344e-02  5.869e-09 -9.410e-08  1.173e-07  4.758e-08  7.454e-09  9.625e-04  1.251e-07  9.416e-08  2.151e-06 
  2.045e-01 -3.233e-08  1.630e-07 -2.352e-08  3.784e-08 -1.215e-08  3.965e-04 -6.720e-08 -4.615e-07 -1.330e-07  2.267e-06 
 PARAMETER  CORRELATION COEFFICIENTS  
       NO.  GLOBAL      1      3      4      6     10     13     20     21     22     23     24
        1  0.35063   1.000  0.186  0.098  0.022 -0.014 -0.003 -0.000 -0.210  0.022  0.073  0.156
        3  0.25524   0.186  1.000 -0.080  0.115 -0.021  0.020 -0.001 -0.043  0.091  0.014 -0.073
        4  0.33036   0.098 -0.080  1.000 -0.238  0.065 -0.020 -0.001 -0.070 -0.202 -0.068  0.116
        6  0.35170   0.022  0.115 -0.238  1.000  0.000 -0.002  0.000  0.111  0.089  0.234 -0.046
       10  0.21432  -0.014 -0.021  0.065  0.000  1.000  0.013 -0.000  0.031 -0.169  0.098  0.076
       13  0.04609  -0.003  0.020 -0.020 -0.002  0.013  1.000  0.000 -0.007  0.023  0.016 -0.025
       20  0.17790  -0.000 -0.001 -0.001  0.000 -0.000  0.000  1.000  0.079  0.024  0.139  0.056
       21  0.26192  -0.210 -0.043 -0.070  0.111  0.031 -0.007  0.079  1.000  0.048  0.054 -0.028
       22  0.31387   0.022  0.091 -0.202  0.089 -0.169  0.023  0.024  0.048  1.000  0.038 -0.181
       23  0.31124   0.073  0.014 -0.068  0.234  0.098  0.016  0.139  0.054  0.038  1.000 -0.060
       24  0.28470   0.156 -0.073  0.116 -0.046  0.076 -0.025  0.056 -0.028 -0.181 -0.060  1.000
MINUIT - FIT ONLY 2-CBO
 **********
 **   25 **RES 
 **********
                   PARAMETER   16  beta_vw RESTORED TO VARIABLE.
                   PARAMETER   14  alpha_vw RESTORED TO VARIABLE.
                   PARAMETER   11  alpha_y RESTORED TO VARIABLE.
                   PARAMETER    9  alpha_2CBO RESTORED TO VARIABLE.
                   PARAMETER    8  beta_CBO RESTORED TO VARIABLE.
 **********
 **   26 **FIX            0
 **********
 PARAMETER    0  IS UNDEFINED. IGNORED.
 **********
 **   27 **FIX            1
 **********
 **********
 **   28 **FIX            2
 **********
 PARAMETER    2  IS CONSTANT.   IGNORED.
 **********
 **   29 **FIX            3
 **********
 **********
 **   30 **FIX            4
 **********
 **********
 **   31 **FIX            5
 **********
 PARAMETER    5  IS CONSTANT.   IGNORED.
 **********
 **   32 **FIX            6
 **********
 **********
 **   33 **FIX            7
 **********
 PARAMETER    7  IS CONSTANT.   IGNORED.
 **********
 **   34 **FIX           10
 **********
 **********
 **   35 **FIX           11
 **********
 **********
 **   36 **FIX           12
 **********
 PARAMETER   12  IS CONSTANT.   IGNORED.
 **********
 **   37 **FIX           13
 **********
 **********
 **   38 **FIX           14
 **********
 **********
 **   39 **FIX           15
 **********
 PARAMETER   15  IS CONSTANT.   IGNORED.
 **********
 **   40 **FIX           16
 **********
 **********
 **   41 **MIGRAD
 **********
 START MIGRAD MINIMIZATION.  STRATEGY  1.  CONVERGENCE WHEN EDM .LT. 1.00e-04
 FCN=115.143 FROM MIGRAD    STATUS=INITIATE       16 CALLS        1594 TOTAL
                     EDM= unknown      STRATEGY= 1      NO ERROR MATRIX       
  EXT PARAMETER               CURRENT GUESS       STEP         FIRST   
  NO.   NAME      VALUE            ERROR          SIZE      DERIVATIVE 
   1  N0           3.55484e+06     fixed    
   2  tau          6.44114e+01   constant   
   3  A0           3.54429e-01     fixed    
   4  phi          4.11715e+00     fixed    
   5  R           -6.01273e+01   constant   
   6  alpha_CBO    5.35383e-04     fixed    
   7  w_CBO        2.32500e+00   constant   
   8  beta_CBO     0.00000e+00   1.00000e-03   1.00000e-03   4.81568e+04
   9  alpha_2CBO   0.00000e+00   1.00000e-03   1.00000e-03   2.08482e+03
  10  beta_2CBO    6.08005e-04     fixed    
  11  alpha_y      0.00000e+00     fixed    
  12  w_y          1.38860e+01   constant   
  13  beta_y       4.75985e-05     fixed    
  14  alpha_vw     0.00000e+00     fixed    
  15  w_vw         1.43404e+01   constant   
  16  beta_vw      0.00000e+00     fixed    
  17  LM           2.37201e-04   constant   
  18  zeta_y       0.00000e+00   constant   
  19  zeta_vw      0.00000e+00   constant   
  20  T_CBO        1.00000e+03   7.60164e+02   8.03206e-02** at limit **
  21  alpha_A0     1.98306e-03   1.57840e-03   8.01590e-06  -4.72852e-03
  22  beta_A0      6.47048e-04   1.69404e-03   8.46386e-06   9.52038e-03
  23  alpha_phi    3.26880e-03   1.46676e-03   7.33500e-06  -1.21740e-01
  24  beta_phi     1.35171e-03   1.50564e-03   7.59506e-06   5.95015e-02
 MIGRAD MINIMIZATION HAS CONVERGED.
 MIGRAD WILL VERIFY CONVERGENCE AND ERROR MATRIX.
 COVARIANCE MATRIX CALCULATED SUCCESSFULLY
 FCN=49.1783 FROM MIGRAD    STATUS=CONVERGED     129 CALLS        1707 TOTAL
                     EDM=4.24488e-06    STRATEGY= 1      ERROR MATRIX ACCURATE 
  EXT PARAMETER                                   STEP         FIRST   
  NO.   NAME      VALUE            ERROR          SIZE      DERIVATIVE 
   1  N0           3.55484e+06     fixed    
   2  tau          6.44114e+01   constant   
   3  A0           3.54429e-01     fixed    
   4  phi          4.11715e+00     fixed    
   5  R           -6.01273e+01   constant   
   6  alpha_CBO    5.35383e-04     fixed    
   7  w_CBO        2.32500e+00   constant   
   8  beta_CBO    -2.73241e-03   3.36705e-04   1.14295e-06  -9.47117e-01
   9  alpha_2CBO  -1.61574e-04   3.35200e-04   1.13079e-06   1.31417e+00
  10  beta_2CBO    6.08005e-04     fixed    
  11  alpha_y      0.00000e+00     fixed    
  12  w_y          1.38860e+01   constant   
  13  beta_y       4.75985e-05     fixed    
  14  alpha_vw     0.00000e+00     fixed    
  15  w_vw         1.43404e+01   constant   
  16  beta_vw      0.00000e+00     fixed    
  17  LM           2.37201e-04   constant   
  18  zeta_y       0.00000e+00   constant   
  19  zeta_vw      0.00000e+00   constant   
  20  T_CBO        1.00000e+03   5.77011e+02   5.42758e-02** at limit **
  21  alpha_A0     1.67551e-03   1.54736e-03   5.27182e-06  -9.85993e-01
  22  beta_A0     -5.43429e-04   1.64176e-03   5.57374e-06  -1.06195e+00
  23  alpha_phi    3.28278e-03   1.41627e-03   4.82195e-06  -2.84208e-02
  24  beta_phi    -3.77668e-04   1.49709e-03   4.99286e-06   9.26582e-01
 EXTERNAL ERROR MATRIX.    NDIM=  25    NPAR=  7    ERR DEF=1
  1.134e-07  1.855e-09 -9.793e-09  1.624e-08  5.013e-08 -2.352e-09  7.448e-08 
  1.855e-09  1.124e-07  1.621e-08 -7.698e-08 -1.631e-08  4.141e-08 -6.712e-08 
 -9.793e-09  1.621e-08  1.306e-01  3.320e-05 -1.139e-05  6.442e-05 -7.389e-06 
  1.624e-08 -7.698e-08  3.320e-05  2.394e-06  1.308e-07  5.140e-08  6.656e-08 
  5.013e-08 -1.631e-08 -1.139e-05  1.308e-07  2.695e-06  5.289e-08 -3.339e-07 
 -2.352e-09  4.141e-08  6.442e-05  5.140e-08  5.289e-08  2.006e-06 -1.973e-07 
  7.448e-08 -6.712e-08 -7.389e-06  6.656e-08 -3.339e-07 -1.973e-07  2.241e-06 
 PARAMETER  CORRELATION COEFFICIENTS  
       NO.  GLOBAL      8      9     20     21     22     23     24
        8  0.19195   1.000  0.016 -0.000  0.031  0.091 -0.005  0.148
        9  0.22075   0.016  1.000  0.000 -0.148 -0.030  0.087 -0.134
       20  0.14046  -0.000  0.000  1.000  0.059 -0.019  0.126 -0.014
       21  0.17246   0.031 -0.148  0.059  1.000  0.052  0.023  0.029
       22  0.19124   0.091 -0.030 -0.019  0.052  1.000  0.023 -0.136
       23  0.17624  -0.005  0.087  0.126  0.023  0.023  1.000 -0.093
       24  0.26512   0.148 -0.134 -0.014  0.029 -0.136 -0.093  1.000
MINUIT - FIT wiggle + 1-CBO + 2-CBO
 **********
 **   42 **RES 
 **********
                   PARAMETER   16  beta_vw RESTORED TO VARIABLE.
                   PARAMETER   14  alpha_vw RESTORED TO VARIABLE.
                   PARAMETER   13  beta_y RESTORED TO VARIABLE.
                   PARAMETER   11  alpha_y RESTORED TO VARIABLE.
                   PARAMETER   10  beta_2CBO RESTORED TO VARIABLE.
                   PARAMETER    6  alpha_CBO RESTORED TO VARIABLE.
                   PARAMETER    4  phi RESTORED TO VARIABLE.
                   PARAMETER    3  A0 RESTORED TO VARIABLE.
                   PARAMETER    1  N0 RESTORED TO VARIABLE.
 **********
 **   43 **FIX           10
 **********
 **********
 **   44 **FIX           11
 **********
 **********
 **   45 **FIX           12
 **********
 PARAMETER   12  IS CONSTANT.   IGNORED.
 **********
 **   46 **FIX           13
 **********
 **********
 **   47 **FIX           14
 **********
 **********
 **   48 **FIX           15
 **********
 PARAMETER   15  IS CONSTANT.   IGNORED.
 **********
 **   49 **FIX           16
 **********
 **********
 **   50 **MIGRAD
 **********
 START MIGRAD MINIMIZATION.  STRATEGY  1.  CONVERGENCE WHEN EDM .LT. 1.00e-04
 FCN=49.1783 FROM MIGRAD    STATUS=INITIATE       22 CALLS        1729 TOTAL
                     EDM= unknown      STRATEGY= 1      NO ERROR MATRIX       
  EXT PARAMETER               CURRENT GUESS       STEP         FIRST   
  NO.   NAME      VALUE            ERROR          SIZE      DERIVATIVE 
   1  N0           3.55484e+06   8.73244e+02   8.73244e+02  -2.43571e-04
   2  tau          6.44114e+01   constant   
   3  A0           3.54429e-01   2.93933e-04   2.93933e-04   9.85171e+03
   4  phi          4.11715e+00   9.36760e-04   9.36760e-04   9.26395e+02
   5  R           -6.01273e+01   constant   
   6  alpha_CBO    5.35383e-04   3.42318e-04   3.42318e-04  -6.04558e+02
   7  w_CBO        2.32500e+00   constant   
   8  beta_CBO    -2.73241e-03   3.36705e-04   1.14295e-06  -9.47171e-01
   9  alpha_2CBO  -1.61574e-04   3.35200e-04   1.13079e-06   1.31427e+00
  10  beta_2CBO    6.08005e-04     fixed    
  11  alpha_y      0.00000e+00     fixed    
  12  w_y          1.38860e+01   constant   
  13  beta_y       4.75985e-05     fixed    
  14  alpha_vw     0.00000e+00     fixed    
  15  w_vw         1.43404e+01   constant   
  16  beta_vw      0.00000e+00     fixed    
  17  LM           2.37201e-04   constant   
  18  zeta_y       0.00000e+00   constant   
  19  zeta_vw      0.00000e+00   constant   
  20  T_CBO        9.99999e+02   5.77011e+02   5.42758e-02  -1.26354e-05
  21  alpha_A0     1.67551e-03   1.54736e-03   5.27182e-06  -9.86289e-01
  22  beta_A0     -5.43429e-04   1.64176e-03   5.57374e-06  -1.06183e+00
  23  alpha_phi    3.28278e-03   1.41627e-03   4.82195e-06  -2.91203e-02
  24  beta_phi    -3.77668e-04   1.49709e-03   4.99286e-06   9.26627e-01
 MIGRAD MINIMIZATION HAS CONVERGED.
 MIGRAD WILL VERIFY CONVERGENCE AND ERROR MATRIX.
 FCN=46.9772 FROM MIGRAD    STATUS=CONVERGED     243 CALLS        1950 TOTAL
                     EDM=1.09162e-05    STRATEGY= 1      ERR MATRIX NOT POS-DEF
  EXT PARAMETER                APPROXIMATE        STEP         FIRST   
  NO.   NAME      VALUE            ERROR          SIZE      DERIVATIVE 
   1  N0           3.55466e+06   6.72379e+02   2.73860e+00  -1.77381e-07
   2  tau          6.44114e+01   constant   
   3  A0           3.54009e-01   2.25760e-04   9.61462e-07   3.75668e-01
   4  phi          4.11683e+00   7.33811e-04   2.99551e-06  -3.98701e-01
   5  R           -6.01273e+01   constant   
   6  alpha_CBO    5.50403e-04   4.98149e-04   1.08374e-06   5.88797e-01
   7  w_CBO        2.32500e+00   constant   
   8  beta_CBO    -2.82290e-03   2.63093e-04   1.11758e-06   6.04208e-01
   9  alpha_2CBO  -1.88543e-04   2.60948e-04   1.10568e-06   7.21913e-01
  10  beta_2CBO    6.08005e-04     fixed    
  11  alpha_y      0.00000e+00     fixed    
  12  w_y          1.38860e+01   constant   
  13  beta_y       4.75985e-05     fixed    
  14  alpha_vw     0.00000e+00     fixed    
  15  w_vw         1.43404e+01   constant   
  16  beta_vw      0.00000e+00     fixed    
  17  LM           2.37201e-04   constant   
  18  zeta_y       0.00000e+00   constant   
  19  zeta_vw      0.00000e+00   constant   
  20  T_CBO        1.00000e+03   8.29290e+02   1.92840e-01** at limit **
  21  alpha_A0     1.81602e-03   9.00577e-03   5.15802e-06   1.60545e-01
  22  beta_A0     -6.37317e-04   4.01578e-03   5.45273e-06   6.79138e-02
  23  alpha_phi    3.33925e-03   1.64101e-02   4.72087e-06   2.35066e-01
  24  beta_phi    -3.28931e-04   1.70852e-03   4.88834e-06  -1.85474e-01
 EXTERNAL ERROR MATRIX.    NDIM=  25    NPAR= 11    ERR DEF=1
  4.521e+05 
  1.897e-02  5.097e-08 
  6.204e-02 -3.060e-09  5.385e-07 
 -6.655e-02 -2.534e-09 -1.146e-07  2.482e-07 
  6.015e-03  6.504e-09  1.252e-08 -1.508e-08  6.922e-08 
 -1.028e-02  1.220e-09 -1.010e-08  1.914e-08 -1.520e-10  6.809e-08 
  2.007e+04  1.774e-03  2.625e-02 -5.310e-02  4.254e-03 -5.451e-03  1.541e+04 
  1.346e+00  1.214e-07  1.863e-06 -3.799e-06  3.105e-07 -4.186e-07  1.108e+00  8.110e-05 
 -5.978e-01 -4.017e-08 -8.972e-07  1.641e-06 -1.103e-07  1.606e-07 -4.727e-01 -3.394e-05  1.613e-05 
  2.683e+00  2.333e-07  3.439e-06 -6.965e-06  5.600e-07 -7.048e-07  2.032e+00  1.461e-04 -6.233e-05  2.693e-04 
 -1.301e-01 -2.712e-08 -2.241e-07  5.366e-07 -1.648e-08  3.091e-08 -1.569e-01 -1.128e-05  4.682e-06 -2.076e-05  2.919e-06 
ERR MATRIX NOT POS-DEF
 PARAMETER  CORRELATION COEFFICIENTS  
       NO.  GLOBAL      1      3      4      6      8      9     20     21     22     23     24
        1  0.31965   1.000  0.125  0.126 -0.199  0.034 -0.059  0.240  0.222 -0.221  0.243 -0.113
        3  0.19389   0.125  1.000 -0.018 -0.023  0.109  0.021  0.063  0.060 -0.044  0.063 -0.070
        4  0.34026   0.126 -0.018  1.000 -0.314  0.065 -0.053  0.288  0.282 -0.304  0.286 -0.179
        6  0.86536  -0.199 -0.023 -0.314  1.000 -0.115  0.147 -0.859 -0.847  0.820 -0.852  0.630
        8  0.20622   0.034  0.109  0.065 -0.115  1.000 -0.002  0.130  0.131 -0.104  0.130 -0.037
        9  0.21755  -0.059  0.021 -0.053  0.147 -0.002  1.000 -0.168 -0.178  0.153 -0.165  0.069
       20  0.99835   0.240  0.063  0.288 -0.859  0.130 -0.168  1.000  0.991 -0.948  0.998 -0.740
       21  0.99126   0.222  0.060  0.282 -0.847  0.131 -0.178  0.991  1.000 -0.939  0.989 -0.733
       22  0.94983  -0.221 -0.044 -0.304  0.820 -0.104  0.153 -0.948 -0.939  1.000 -0.946  0.682
       23  0.99780   0.243  0.063  0.286 -0.852  0.130 -0.165  0.998  0.989 -0.946  1.000 -0.740
       24  0.75208  -0.113 -0.070 -0.179  0.630 -0.037  0.069 -0.740 -0.733  0.682 -0.740  1.000
 ERR MATRIX NOT POS-DEF
MINUIT - FIT ONLY 1-y
 **********
 **   51 **RES 
 **********
                   PARAMETER   16  beta_vw RESTORED TO VARIABLE.
                   PARAMETER   14  alpha_vw RESTORED TO VARIABLE.
                   PARAMETER   13  beta_y RESTORED TO VARIABLE.
                   PARAMETER   11  alpha_y RESTORED TO VARIABLE.
                   PARAMETER   10  beta_2CBO RESTORED TO VARIABLE.
 **********
 **   52 **FIX            0
 **********
 PARAMETER    0  IS UNDEFINED. IGNORED.
 **********
 **   53 **FIX            1
 **********
 **********
 **   54 **FIX            2
 **********
 PARAMETER    2  IS CONSTANT.   IGNORED.
 **********
 **   55 **FIX            3
 **********
 **********
 **   56 **FIX            4
 **********
 **********
 **   57 **FIX            5
 **********
 PARAMETER    5  IS CONSTANT.   IGNORED.
 **********
 **   58 **FIX            6
 **********
 **********
 **   59 **FIX            7
 **********
 PARAMETER    7  IS CONSTANT.   IGNORED.
 **********
 **   60 **FIX            8
 **********
 **********
 **   61 **FIX            9
 **********
 **********
 **   62 **FIX           13
 **********
 **********
 **   63 **FIX           14
 **********
 **********
 **   64 **FIX           15
 **********
 PARAMETER   15  IS CONSTANT.   IGNORED.
 **********
 **   65 **FIX           16
 **********
 **********
 **   66 **MIGRAD
 **********
 START MIGRAD MINIMIZATION.  STRATEGY  1.  CONVERGENCE WHEN EDM .LT. 1.00e-04
 FCN=46.9772 FROM MIGRAD    STATUS=INITIATE       40 CALLS        1990 TOTAL
                     EDM= unknown      STRATEGY= 1      NO ERROR MATRIX       
  EXT PARAMETER               CURRENT GUESS       STEP         FIRST   
  NO.   NAME      VALUE            ERROR          SIZE      DERIVATIVE 
   1  N0           3.55466e+06     fixed    
   2  tau          6.44114e+01   constant   
   3  A0           3.54009e-01     fixed    
   4  phi          4.11683e+00     fixed    
   5  R           -6.01273e+01   constant   
   6  alpha_CBO    5.50403e-04     fixed    
   7  w_CBO        2.32500e+00   constant   
   8  beta_CBO    -2.82290e-03     fixed    
   9  alpha_2CBO  -1.88543e-04     fixed    
  10  beta_2CBO    6.08005e-04   3.31469e-04   0.00000e+00   1.74261e+03
  11  alpha_y      0.00000e+00   1.00000e-03   0.00000e+00  -1.66907e+03
  12  w_y          1.38860e+01   constant   
  13  beta_y       4.75985e-05     fixed    
  14  alpha_vw     0.00000e+00     fixed    
  15  w_vw         1.43404e+01   constant   
  16  beta_vw      0.00000e+00     fixed    
  17  LM           2.37201e-04   constant   
  18  zeta_y       0.00000e+00   constant   
  19  zeta_vw      0.00000e+00   constant   
  20  T_CBO        9.96959e+02   8.29290e+02  -1.10017e-01  -6.83034e-05
  21  alpha_A0     1.81602e-03   9.00577e-03   0.00000e+00  -8.67265e-01
  22  beta_A0     -6.37317e-04   4.01578e-03   0.00000e+00   5.22225e-01
  23  alpha_phi    3.33925e-03   1.64101e-02   0.00000e+00  -2.04539e+00
  24  beta_phi    -3.28931e-04   1.70852e-03   0.00000e+00  -6.29218e-02
 MIGRAD MINIMIZATION HAS CONVERGED.
 MIGRAD WILL VERIFY CONVERGENCE AND ERROR MATRIX.
 COVARIANCE MATRIX CALCULATED SUCCESSFULLY
 FCN=46.8203 FROM MIGRAD    STATUS=CONVERGED     201 CALLS        2151 TOTAL
                     EDM=4.69722e-05    STRATEGY= 1      ERROR MATRIX ACCURATE 
  EXT PARAMETER                                   STEP         FIRST   
  NO.   NAME      VALUE            ERROR          SIZE      DERIVATIVE 
   1  N0           3.55466e+06     fixed    
   2  tau          6.44114e+01   constant   
   3  A0           3.54009e-01     fixed    
   4  phi          4.11683e+00     fixed    
   5  R           -6.01273e+01   constant   
   6  alpha_CBO    5.50403e-04     fixed    
   7  w_CBO        2.32500e+00   constant   
   8  beta_CBO    -2.82290e-03     fixed    
   9  alpha_2CBO  -1.88543e-04     fixed    
  10  beta_2CBO    5.13187e-04   3.30565e-04   1.09315e-06   9.53786e-02
  11  alpha_y      8.89884e-05   3.27289e-04   1.10478e-06  -6.40590e-01
  12  w_y          1.38860e+01   constant   
  13  beta_y       4.75985e-05     fixed    
  14  alpha_vw     0.00000e+00     fixed    
  15  w_vw         1.43404e+01   constant   
  16  beta_vw      0.00000e+00     fixed    
  17  LM           2.37201e-04   constant   
  18  zeta_y       0.00000e+00   constant   
  19  zeta_vw      0.00000e+00   constant   
  20  T_CBO        9.67787e+02   6.12498e+02   2.90392e-02   3.33191e-05
  21  alpha_A0     1.82043e-03   2.83763e-03   5.19011e-06  -7.36661e-01
  22  beta_A0     -5.57993e-04   1.82888e-03   5.48648e-06   7.27734e-02
  23  alpha_phi    3.31604e-03   4.51986e-03   4.75005e-06  -1.52407e+00
  24  beta_phi    -3.61593e-04   1.55830e-03   4.91878e-06  -1.03694e-01
 EXTERNAL ERROR MATRIX.    NDIM=  25    NPAR=  7    ERR DEF=1
  1.093e-07  4.206e-10 -4.869e-03  1.759e-08 -8.886e-08  5.234e-08  3.534e-08 
  4.206e-10  1.071e-07  9.230e-04  6.087e-09  9.175e-09 -5.384e-09  1.021e-09 
 -4.869e-03  9.230e-04  3.216e+07 -1.352e+01  4.248e+00 -2.434e+01  2.712e+00 
  1.759e-08  6.087e-09 -1.352e+01  8.052e-06 -1.681e-06  1.030e-05 -1.124e-06 
 -8.886e-08  9.175e-09  4.248e+00 -1.681e-06  3.345e-06 -3.187e-06 -5.377e-08 
  5.234e-08 -5.384e-09 -2.434e+01  1.030e-05 -3.187e-06  2.043e-05 -2.206e-06 
  3.534e-08  1.021e-09  2.712e+00 -1.124e-06 -5.377e-08 -2.206e-06  2.428e-06 
 PARAMETER  CORRELATION COEFFICIENTS  
       NO.  GLOBAL     10     11     20     21     22     23     24
       10  0.20208   1.000  0.004 -0.003  0.019 -0.147  0.035  0.069
       11  0.02456   0.004  1.000  0.000  0.007  0.015 -0.004  0.002
       20  0.96004  -0.003  0.000  1.000 -0.840  0.410 -0.949  0.307
       21  0.84072   0.019  0.007 -0.840  1.000 -0.324  0.803 -0.254
       22  0.45962  -0.147  0.015  0.410 -0.324  1.000 -0.386 -0.019
       23  0.95037   0.035 -0.004 -0.949  0.803 -0.386  1.000 -0.313
       24  0.35603   0.069  0.002  0.307 -0.254 -0.019 -0.313  1.000
MINUIT - FIT ONLY 2-y
 **********
 **   67 **RES 
 **********
                   PARAMETER   16  beta_vw RESTORED TO VARIABLE.
                   PARAMETER   14  alpha_vw RESTORED TO VARIABLE.
                   PARAMETER   13  beta_y RESTORED TO VARIABLE.
                   PARAMETER    9  alpha_2CBO RESTORED TO VARIABLE.
                   PARAMETER    8  beta_CBO RESTORED TO VARIABLE.
                   PARAMETER    6  alpha_CBO RESTORED TO VARIABLE.
                   PARAMETER    4  phi RESTORED TO VARIABLE.
                   PARAMETER    3  A0 RESTORED TO VARIABLE.
                   PARAMETER    1  N0 RESTORED TO VARIABLE.
 **********
 **   68 **FIX            0
 **********
 PARAMETER    0  IS UNDEFINED. IGNORED.
 **********
 **   69 **FIX            1
 **********
 **********
 **   70 **FIX            2
 **********
 PARAMETER    2  IS CONSTANT.   IGNORED.
 **********
 **   71 **FIX            3
 **********
 **********
 **   72 **FIX            4
 **********
 **********
 **   73 **FIX            5
 **********
 PARAMETER    5  IS CONSTANT.   IGNORED.
 **********
 **   74 **FIX            6
 **********
 **********
 **   75 **FIX            7
 **********
 PARAMETER    7  IS CONSTANT.   IGNORED.
 **********
 **   76 **FIX            8
 **********
 **********
 **   77 **FIX            9
 **********
 **********
 **   78 **FIX           10
 **********
 **********
 **   79 **FIX           11
 **********
 **********
 **   80 **FIX           12
 **********
 PARAMETER   12  IS CONSTANT.   IGNORED.
 **********
 **   81 **FIX           16
 **********
 **********
 **   82 **MIGRAD
 **********
 START MIGRAD MINIMIZATION.  STRATEGY  1.  CONVERGENCE WHEN EDM .LT. 1.00e-04
 FCN=46.8203 FROM MIGRAD    STATUS=INITIATE       16 CALLS        2167 TOTAL
                     EDM= unknown      STRATEGY= 1      NO ERROR MATRIX       
  EXT PARAMETER               CURRENT GUESS       STEP         FIRST   
  NO.   NAME      VALUE            ERROR          SIZE      DERIVATIVE 
   1  N0           3.55466e+06     fixed    
   2  tau          6.44114e+01   constant   
   3  A0           3.54009e-01     fixed    
   4  phi          4.11683e+00     fixed    
   5  R           -6.01273e+01   constant   
   6  alpha_CBO    5.50403e-04     fixed    
   7  w_CBO        2.32500e+00   constant   
   8  beta_CBO    -2.82290e-03     fixed    
   9  alpha_2CBO  -1.88543e-04     fixed    
  10  beta_2CBO    5.13187e-04     fixed    
  11  alpha_y      8.89884e-05     fixed    
  12  w_y          1.38860e+01   constant   
  13  beta_y       4.75985e-05   3.23884e-04   3.23884e-04   1.92968e+02
  14  alpha_vw     0.00000e+00   1.00000e-03   1.00000e-03   4.18368e+03
  15  w_vw         1.43404e+01   constant   
  16  beta_vw      0.00000e+00     fixed    
  17  LM           2.37201e-04   constant   
  18  zeta_y       0.00000e+00   constant   
  19  zeta_vw      0.00000e+00   constant   
  20  T_CBO        9.67787e+02   6.12498e+02   2.90392e-02   2.84191e-05
  21  alpha_A0     1.82043e-03   2.83763e-03   5.19011e-06  -7.36657e-01
  22  beta_A0     -5.57993e-04   1.82888e-03   5.48648e-06   7.27943e-02
  23  alpha_phi    3.31604e-03   4.51986e-03   4.75005e-06  -1.52407e+00
  24  beta_phi    -3.61593e-04   1.55830e-03   4.91878e-06  -1.03695e-01
 MIGRAD MINIMIZATION HAS CONVERGED.
 MIGRAD WILL VERIFY CONVERGENCE AND ERROR MATRIX.
 COVARIANCE MATRIX CALCULATED SUCCESSFULLY
 FCN=46.3015 FROM MIGRAD    STATUS=CONVERGED     130 CALLS        2281 TOTAL
                     EDM=4.92965e-05    STRATEGY= 1      ERROR MATRIX ACCURATE 
  EXT PARAMETER                                   STEP         FIRST   
  NO.   NAME      VALUE            ERROR          SIZE      DERIVATIVE 
   1  N0           3.55466e+06     fixed    
   2  tau          6.44114e+01   constant   
   3  A0           3.54009e-01     fixed    
   4  phi          4.11683e+00     fixed    
   5  R           -6.01273e+01   constant   
   6  alpha_CBO    5.50403e-04     fixed    
   7  w_CBO        2.32500e+00   constant   
   8  beta_CBO    -2.82290e-03     fixed    
   9  alpha_2CBO  -1.88543e-04     fixed    
  10  beta_2CBO    5.13187e-04     fixed    
  11  alpha_y      8.89884e-05     fixed    
  12  w_y          1.38860e+01   constant   
  13  beta_y      -3.15503e-05   3.37633e-04   1.08649e-06  -4.81698e-01
  14  alpha_vw    -2.44240e-04   3.39568e-04   1.09307e-06   2.02882e+00
  15  w_vw         1.43404e+01   constant   
  16  beta_vw      0.00000e+00     fixed    
  17  LM           2.37201e-04   constant   
  18  zeta_y       0.00000e+00   constant   
  19  zeta_vw      0.00000e+00   constant   
  20  T_CBO        9.58872e+02   5.01165e+02   2.87265e-02   1.15814e-04
  21  alpha_A0     1.84415e-03   3.12665e-03   5.16675e-06   5.28311e-02
  22  beta_A0     -5.62684e-04   1.85701e-03   5.46181e-06  -7.38253e-02
  23  alpha_phi    3.30481e-03   5.01832e-03   4.72863e-06  -1.31099e+00
  24  beta_phi    -3.42239e-04   1.56807e-03   4.89663e-06  -1.81662e-02
 EXTERNAL ERROR MATRIX.    NDIM=  25    NPAR=  7    ERR DEF=1
  1.140e-07  3.258e-08 -1.199e-03 -5.797e-09  1.174e-08  1.055e-08 -1.353e-08 
  3.258e-08  1.153e-07 -1.108e-03 -8.203e-09  8.597e-10  9.271e-09 -9.082e-09 
 -1.199e-03 -1.108e-03  3.889e+07 -1.696e+01  5.305e+00 -3.003e+01  3.178e+00 
 -5.797e-09 -8.203e-09 -1.696e+01  9.776e-06 -2.197e-06  1.316e-05 -1.374e-06 
  1.174e-08  8.597e-10  5.305e+00 -2.197e-06  3.448e-06 -4.028e-06  4.734e-08 
  1.055e-08  9.271e-09 -3.003e+01  1.316e-05 -4.028e-06  2.518e-05 -2.625e-06 
 -1.353e-08 -9.082e-09  3.178e+00 -1.374e-06  4.734e-08 -2.625e-06  2.459e-06 
 PARAMETER  CORRELATION COEFFICIENTS  
       NO.  GLOBAL     13     14     20     21     22     23     24
       13  0.28598   1.000  0.284 -0.001 -0.005  0.019  0.006 -0.026
       14  0.28494   0.284  1.000 -0.001 -0.008  0.001  0.005 -0.017
       20  0.96795  -0.001 -0.001  1.000 -0.870  0.458 -0.959  0.325
       21  0.87032  -0.005 -0.008 -0.870  1.000 -0.378  0.839 -0.280
       22  0.48131   0.019  0.001  0.458 -0.378  1.000 -0.432  0.016
       23  0.95976   0.006  0.005 -0.959  0.839 -0.432  1.000 -0.334
       24  0.36590  -0.026 -0.017  0.325 -0.280  0.016 -0.334  1.000
