 + ++++++++++++++++++++++++++++++++++++++++++++++++++++++++++++++++++++ +
 +                                                                      +
 +           You have chose to blind your fitting according to          +
 +                omega_ref * (1 + (R +/- deltaR) *10^{-6})             +
 +                                                                      +
 + ++++++++++++++++++++++++++++++++++++++++++++++++++++++++++++++++++++ +
In main()...
reading format from /gm2data/zkhechad/run45/envelope/formats/formatB_sBin_constraintOn.txt
pBinTau 	= 0  
pBinPhi 	= 0  
constraintau 	= 1 
includeMopTerm 	= 0    
constrainMop    = 0   
Parameters after format file: pBinTau 0 pBinPhi 0 constraintau 1 includeMopTerm 0 constrainMop 0 c_e_scale 0.000000 
Opening file /gm2data/tbarrett/gm2fr/studies/run23_bunch_corrections/CorrectedFourier_Run3b.root.
reading full fit data from /gm2data/zkhechad/cboTemplates/Run4CBOTemplates/fullFits/noRF/sBin_constraintOn_cE0.0_seed0_noRF_calo8.root
windowBins = 69
fitting sliding window 490 from bin 626 at 93.250000 to bin 695 at 103.694000 (69 bins)

Reading data from /gm2data/cornell/histograms/aMethod/histogram_a_noRF.root
 **********
 **    1 **SET PRINTOUT            1
 **********
 **********
 **    2 **SET NOWARNINGS 
 **********
 PARAMETER DEFINITIONS:
    NO.   NAME         VALUE      STEP SIZE      LIMITS
     1 N0           2.93777e+06  1.00000e+02     no limits
     2 tau          6.44050e+01  constant
     3 A0           3.52923e-01  1.00000e-04     no limits
     4 phi          4.11508e+00  1.00000e-02     no limits
     5 R           -6.11922e+01  constant
     6 alpha_CBO    0.00000e+00  1.00000e-03     no limits
     7 w_CBO        2.32500e+00  constant
     8 beta_CBO     0.00000e+00  1.00000e-03     no limits
     9 alpha_2CBO   0.00000e+00  1.00000e-03     no limits
    10 beta_2CBO    0.00000e+00  1.00000e-03     no limits
    11 alpha_y      0.00000e+00  1.00000e-03     no limits
    12 w_y          1.38860e+01  constant
    13 beta_y       0.00000e+00  1.00000e-03     no limits
    14 alpha_vw     0.00000e+00  1.00000e-03     no limits
    15 w_vw         1.43404e+01  constant
    16 beta_vw      0.00000e+00  1.00000e-03     no limits
    17 LM           1.41693e-04  constant
    18 zeta_y       0.00000e+00  constant
    19 zeta_vw      0.00000e+00  constant
    20 T_CBO        1.00000e+02  1.00000e+00    0.00000e+00  1.00000e+03
    21 alpha_A0     0.00000e+00  1.00000e-03     no limits
    22 beta_A0      0.00000e+00  1.00000e-03     no limits
    23 alpha_phi    0.00000e+00  1.00000e-03     no limits
    24 beta_phi     0.00000e+00  1.00000e-03     no limits
MINUIT - FIT ONLY WIGGLE
 **********
 **    3 **FIX            5
 **********
 PARAMETER    5  IS CONSTANT.   IGNORED.
 **********
 **    4 **FIX            6
 **********
 **********
 **    5 **FIX            7
 **********
 PARAMETER    7  IS CONSTANT.   IGNORED.
 **********
 **    6 **FIX            8
 **********
 **********
 **    7 **FIX            9
 **********
 **********
 **    8 **FIX           10
 **********
 **********
 **    9 **FIX           11
 **********
 **********
 **   10 **FIX           12
 **********
 PARAMETER   12  IS CONSTANT.   IGNORED.
 **********
 **   11 **FIX           13
 **********
 **********
 **   12 **FIX           14
 **********
 **********
 **   13 **FIX           15
 **********
 PARAMETER   15  IS CONSTANT.   IGNORED.
 **********
 **   14 **FIX           16
 **********
 **********
 **   15 **MIGRAD
 **********
 FIRST CALL TO USER FUNCTION AT NEW START POINT, WITH IFLAG=4.
 START MIGRAD MINIMIZATION.  STRATEGY  1.  CONVERGENCE WHEN EDM .LT. 1.00e-04
 FCN=3700.08 FROM MIGRAD    STATUS=INITIATE      427 CALLS         428 TOTAL
                     EDM= unknown      STRATEGY= 1      NO ERROR MATRIX       
  EXT PARAMETER               CURRENT GUESS       STEP         FIRST   
  NO.   NAME      VALUE            ERROR          SIZE      DERIVATIVE 
   1  N0           2.93777e+06   1.00000e+02   0.00000e+00  -5.01297e-02
   2  tau          6.44050e+01   constant   
   3  A0           3.52923e-01   1.00000e-04   0.00000e+00  -1.41082e+05
   4  phi          4.11508e+00   1.00000e-02   0.00000e+00   4.04945e+04
   5  R           -6.11922e+01   constant   
   6  alpha_CBO    0.00000e+00     fixed    
   7  w_CBO        2.32500e+00   constant   
   8  beta_CBO     0.00000e+00     fixed    
   9  alpha_2CBO   0.00000e+00     fixed    
  10  beta_2CBO    0.00000e+00     fixed    
  11  alpha_y      0.00000e+00     fixed    
  12  w_y          1.38860e+01   constant   
  13  beta_y       0.00000e+00     fixed    
  14  alpha_vw     0.00000e+00     fixed    
  15  w_vw         1.43404e+01   constant   
  16  beta_vw      0.00000e+00     fixed    
  17  LM           1.41693e-04   constant   
  18  zeta_y       0.00000e+00   constant   
  19  zeta_vw      0.00000e+00   constant   
  20  T_CBO        1.00000e+02   1.00000e+00   0.00000e+00   0.00000e+00
  21  alpha_A0     0.00000e+00   1.00000e-03   0.00000e+00  -1.44258e+03
  22  beta_A0      0.00000e+00   1.00000e-03   0.00000e+00  -3.32965e+03
  23  alpha_phi    0.00000e+00   1.00000e-03   0.00000e+00  -1.66818e+04
  24  beta_phi     0.00000e+00   1.00000e-03   0.00000e+00   1.10147e+04
 CALL LIMIT EXCEEDED IN MIGRAD.
 MIGRAD TERMINATED WITHOUT CONVERGENCE.
 FCN=3345.61 FROM MIGRAD    STATUS=CALL LIMIT   1347 CALLS        1348 TOTAL
                     EDM=1.34155    STRATEGY= 1  ERROR MATRIX UNCERTAINTY   3.3 per cent
  EXT PARAMETER                APPROXIMATE        STEP         FIRST   
  NO.   NAME      VALUE            ERROR          SIZE      DERIVATIVE 
   1  N0           2.93860e+06   2.69176e+02   1.26582e+02   2.49248e-03
   2  tau          6.44050e+01   constant   
   3  A0           3.53659e-01   1.16694e-04  -1.45173e-04  -1.47843e+04
   4  phi          4.11209e+00   3.64369e-04   1.64720e-04   2.76958e+03
   5  R           -6.11922e+01   constant   
   6  alpha_CBO    0.00000e+00     fixed    
   7  w_CBO        2.32500e+00   constant   
   8  beta_CBO     0.00000e+00     fixed    
   9  alpha_2CBO   0.00000e+00     fixed    
  10  beta_2CBO    0.00000e+00     fixed    
  11  alpha_y      0.00000e+00     fixed    
  12  w_y          1.38860e+01   constant   
  13  beta_y       0.00000e+00     fixed    
  14  alpha_vw     0.00000e+00     fixed    
  15  w_vw         1.43404e+01   constant   
  16  beta_vw      0.00000e+00     fixed    
  17  LM           1.41693e-04   constant   
  18  zeta_y       0.00000e+00   constant   
  19  zeta_vw      0.00000e+00   constant   
  20  T_CBO        1.39859e+01   9.08391e-01  -1.08346e-02  -7.46171e+01
  21  alpha_A0    -4.75677e-02   1.04744e-02  -1.88862e-02  -1.66759e+00
  22  beta_A0      6.43389e-01   1.61173e-01   2.98116e-01   2.63371e+00
  23  alpha_phi    7.10584e+00   1.81876e+00   3.37108e+00  -5.90286e-01
  24  beta_phi    -3.12136e+00   7.98326e-01  -1.48002e+00   1.36540e+00
 EXTERNAL ERROR MATRIX.    NDIM=  25    NPAR=  8    ERR DEF=1
  7.246e+04  1.453e-04  8.594e-03 -1.319e+01 -5.035e-02  9.737e-01  1.198e+01 -5.319e+00 
  1.453e-04  1.362e-08  4.108e-09  1.633e-05  2.031e-07 -3.270e-06 -3.707e-05  1.629e-05 
  8.594e-03  4.108e-09  1.328e-07 -8.183e-06  1.666e-08 -1.078e-07 -1.020e-06  4.371e-07 
 -1.319e+01  1.633e-05 -8.183e-06  8.252e-01  8.996e-03 -1.387e-01 -1.564e+00  6.866e-01 
 -5.035e-02  2.031e-07  1.666e-08  8.996e-03  1.097e-04 -1.675e-03 -1.889e-02  8.293e-03 
  9.737e-01 -3.270e-06 -1.078e-07 -1.387e-01 -1.675e-03  2.598e-02  2.931e-01 -1.287e-01 
  1.198e+01 -3.707e-05 -1.020e-06 -1.564e+00 -1.889e-02  2.931e-01  3.308e+00 -1.452e+00 
 -5.319e+00  1.629e-05  4.371e-07  6.866e-01  8.293e-03 -1.287e-01 -1.452e+00  6.373e-01 
ERR MATRIX APPROXIMATE
 PARAMETER  CORRELATION COEFFICIENTS  
       NO.  GLOBAL      1      3      4     20     21     22     23     24
        1  0.31083   1.000  0.005  0.088 -0.054 -0.018  0.022  0.024 -0.025
        3  0.24903   0.005  1.000  0.097  0.154  0.166 -0.174 -0.175  0.175
        4  0.15700   0.088  0.097  1.000 -0.025  0.004 -0.002 -0.002  0.002
       20  0.95083  -0.054  0.154 -0.025  1.000  0.945 -0.947 -0.947  0.947
       21  0.99218  -0.018  0.166  0.004  0.945  1.000 -0.992 -0.992  0.992
       22  0.99997   0.022 -0.174 -0.002 -0.947 -0.992  1.000  1.000 -1.000
       23  1.00000   0.024 -0.175 -0.002 -0.947 -0.992  1.000  1.000 -1.000
       24  1.00000  -0.025  0.175  0.002  0.947  0.992 -1.000 -1.000  1.000
 ERR MATRIX APPROXIMATE
MINUIT - FIT ONLY 1-CBO + wiggle
 **********
 **   16 **RES 
 **********
                   PARAMETER   16  beta_vw RESTORED TO VARIABLE.
                   PARAMETER   14  alpha_vw RESTORED TO VARIABLE.
                   PARAMETER   13  beta_y RESTORED TO VARIABLE.
                   PARAMETER   11  alpha_y RESTORED TO VARIABLE.
                   PARAMETER   10  beta_2CBO RESTORED TO VARIABLE.
                   PARAMETER    9  alpha_2CBO RESTORED TO VARIABLE.
                   PARAMETER    8  beta_CBO RESTORED TO VARIABLE.
                   PARAMETER    6  alpha_CBO RESTORED TO VARIABLE.
 **********
 **   17 **FIX            8
 **********
 **********
 **   18 **FIX            9
 **********
 **********
 **   19 **FIX           11
 **********
 **********
 **   20 **FIX           12
 **********
 PARAMETER   12  IS CONSTANT.   IGNORED.
 **********
 **   21 **FIX           14
 **********
 **********
 **   22 **FIX           15
 **********
 PARAMETER   15  IS CONSTANT.   IGNORED.
 **********
 **   23 **FIX           16
 **********
 **********
 **   24 **MIGRAD
 **********
 START MIGRAD MINIMIZATION.  STRATEGY  1.  CONVERGENCE WHEN EDM .LT. 1.00e-04
 FCN=3345.61 FROM MIGRAD    STATUS=INITIATE       28 CALLS        1376 TOTAL
                     EDM= unknown      STRATEGY= 1      NO ERROR MATRIX       
  EXT PARAMETER               CURRENT GUESS       STEP         FIRST   
  NO.   NAME      VALUE            ERROR          SIZE      DERIVATIVE 
   1  N0           2.93860e+06   2.69176e+02   1.26582e+02   2.49248e-03
   2  tau          6.44050e+01   constant   
   3  A0           3.53659e-01   1.16694e-04  -1.45173e-04  -1.47843e+04
   4  phi          4.11209e+00   3.64369e-04   1.64720e-04   2.76958e+03
   5  R           -6.11922e+01   constant   
   6  alpha_CBO    0.00000e+00   1.00000e-03   1.00000e-03  -7.25599e+05
   7  w_CBO        2.32500e+00   constant   
   8  beta_CBO     0.00000e+00     fixed    
   9  alpha_2CBO   0.00000e+00     fixed    
  10  beta_2CBO    0.00000e+00   1.00000e-03   1.00000e-03   4.86466e+04
  11  alpha_y      0.00000e+00     fixed    
  12  w_y          1.38860e+01   constant   
  13  beta_y       0.00000e+00   1.00000e-03   1.00000e-03  -1.26807e+05
  14  alpha_vw     0.00000e+00     fixed    
  15  w_vw         1.43404e+01   constant   
  16  beta_vw      0.00000e+00     fixed    
  17  LM           1.41693e-04   constant   
  18  zeta_y       0.00000e+00   constant   
  19  zeta_vw      0.00000e+00   constant   
  20  T_CBO        1.39859e+01   9.08391e-01  -1.08346e-02  -7.46352e+01
  21  alpha_A0    -4.75677e-02   1.04744e-02  -1.88862e-02  -1.66759e+00
  22  beta_A0      6.43389e-01   1.61173e-01   2.98116e-01   2.63371e+00
  23  alpha_phi    7.10584e+00   1.81876e+00   3.37108e+00  -5.90286e-01
  24  beta_phi    -3.12136e+00   7.98326e-01  -1.48002e+00   1.36540e+00
 CALL LIMIT EXCEEDED IN MIGRAD.
 MIGRAD TERMINATED WITHOUT CONVERGENCE.
 FCN=996.006 FROM MIGRAD    STATUS=CALL LIMIT   1908 CALLS        3256 TOTAL
                     EDM=0.170689    STRATEGY= 1  ERROR MATRIX UNCERTAINTY  31.4 per cent
  EXT PARAMETER                APPROXIMATE        STEP         FIRST   
  NO.   NAME      VALUE            ERROR          SIZE      DERIVATIVE 
   1  N0           2.93784e+06   2.59145e+02   3.78124e+00   8.84359e-04
   2  tau          6.44050e+01   constant   
   3  A0           3.52184e-01   1.28027e-04  -9.05459e-07  -1.00327e+03
   4  phi          4.11247e+00   3.56507e-04   4.16193e-06   4.85292e+02
   5  R           -6.11922e+01   constant   
   6  alpha_CBO    6.23216e-03   1.29038e-04   1.61745e-06   1.21002e+03
   7  w_CBO        2.32500e+00   constant   
   8  beta_CBO     0.00000e+00     fixed    
   9  alpha_2CBO   0.00000e+00     fixed    
  10  beta_2CBO   -1.85295e-04   1.22122e-04  -1.01701e-06  -9.55423e+02
  11  alpha_y      0.00000e+00     fixed    
  12  w_y          1.38860e+01   constant   
  13  beta_y       9.87433e-04   1.23947e-04  -1.40865e-06  -1.14285e+03
  14  alpha_vw     0.00000e+00     fixed    
  15  w_vw         1.43404e+01   constant   
  16  beta_vw      0.00000e+00     fixed    
  17  LM           1.41693e-04   constant   
  18  zeta_y       0.00000e+00   constant   
  19  zeta_vw      0.00000e+00   constant   
  20  T_CBO        6.29768e+00   1.04163e-01   1.25214e-04  -1.30643e+02
  21  alpha_A0     1.65036e+04   4.00340e+03  -6.19855e+01   4.09430e-05
  22  beta_A0      3.27040e+03   7.92862e+02  -1.22686e+01  -2.48081e-04
  23  alpha_phi    2.97527e+04   7.22286e+03  -1.11813e+02   3.77947e-04
  24  beta_phi    -2.15369e+04   5.22761e+03   8.09111e+01   6.34521e-04
 EXTERNAL ERROR MATRIX.    NDIM=  25    NPAR= 11    ERR DEF=1
  6.716e+04 
 -6.561e-05  1.639e-08 
  7.861e-03  3.003e-09  1.271e-07 
 -4.090e-03 -3.310e-09 -1.348e-09  1.665e-08 
 -9.814e-04 -2.483e-10  1.065e-09  9.590e-10  1.491e-08 
  1.218e-03  3.131e-10  1.317e-09  4.635e-10 -2.962e-10  1.536e-08 
 -1.033e+01  2.302e-06 -1.167e-05 -2.717e-06  1.987e-06  2.404e-06  1.085e-02 
  3.864e+05 -1.332e-01  4.419e-01  1.168e-01 -8.687e-02 -1.030e-01 -4.028e+02  1.603e+07 
  7.650e+04 -2.638e-02  8.752e-02  2.314e-02 -1.721e-02 -2.040e-02 -7.978e+01  3.174e+06  6.286e+05 
  6.972e+05 -2.403e-01  7.973e-01  2.108e-01 -1.567e-01 -1.858e-01 -7.268e+02  2.892e+07  5.727e+06  5.217e+07 
 -5.046e+05  1.740e-01 -5.771e-01 -1.526e-01  1.134e-01  1.345e-01  5.260e+02 -2.093e+07 -4.145e+06 -3.776e+07  2.733e+07 
ERR MATRIX APPROXIMATE
 PARAMETER  CORRELATION COEFFICIENTS  
       NO.  GLOBAL      1      3      4      6     10     13     20     21     22     23     24
        1  0.51647   1.000 -0.002  0.085 -0.122 -0.031  0.038 -0.383  0.372  0.372  0.372 -0.372
        3  0.47502  -0.002  1.000  0.066 -0.200 -0.016  0.020  0.173 -0.260 -0.260 -0.260  0.260
        4  0.40280   0.085  0.066  1.000 -0.029  0.024  0.030 -0.314  0.310  0.310  0.310 -0.310
        6  0.40699  -0.122 -0.200 -0.029  1.000  0.061  0.029 -0.202  0.226  0.226  0.226 -0.226
       10  0.28954  -0.031 -0.016  0.024  0.061  1.000 -0.020  0.156 -0.178 -0.178 -0.178  0.178
       13  0.31686   0.038  0.020  0.030  0.029 -0.020  1.000  0.186 -0.208 -0.208 -0.208  0.208
       20  0.97032  -0.383  0.173 -0.314 -0.202  0.156  0.186  1.000 -0.966 -0.966 -0.966  0.966
       21  1.00000   0.372 -0.260  0.310  0.226 -0.178 -0.208 -0.966  1.000  1.000  1.000 -1.000
       22  1.00000   0.372 -0.260  0.310  0.226 -0.178 -0.208 -0.966  1.000  1.000  1.000 -1.000
       23  1.00000   0.372 -0.260  0.310  0.226 -0.178 -0.208 -0.966  1.000  1.000  1.000 -1.000
       24  1.00000  -0.372  0.260 -0.310 -0.226  0.178  0.208  0.966 -1.000 -1.000 -1.000  1.000
 ERR MATRIX APPROXIMATE
MINUIT - FIT ONLY 2-CBO
 **********
 **   25 **RES 
 **********
                   PARAMETER   16  beta_vw RESTORED TO VARIABLE.
                   PARAMETER   14  alpha_vw RESTORED TO VARIABLE.
                   PARAMETER   11  alpha_y RESTORED TO VARIABLE.
                   PARAMETER    9  alpha_2CBO RESTORED TO VARIABLE.
                   PARAMETER    8  beta_CBO RESTORED TO VARIABLE.
 **********
 **   26 **FIX            0
 **********
 PARAMETER    0  IS UNDEFINED. IGNORED.
 **********
 **   27 **FIX            1
 **********
 **********
 **   28 **FIX            2
 **********
 PARAMETER    2  IS CONSTANT.   IGNORED.
 **********
 **   29 **FIX            3
 **********
 **********
 **   30 **FIX            4
 **********
 **********
 **   31 **FIX            5
 **********
 PARAMETER    5  IS CONSTANT.   IGNORED.
 **********
 **   32 **FIX            6
 **********
 **********
 **   33 **FIX            7
 **********
 PARAMETER    7  IS CONSTANT.   IGNORED.
 **********
 **   34 **FIX           10
 **********
 **********
 **   35 **FIX           11
 **********
 **********
 **   36 **FIX           12
 **********
 PARAMETER   12  IS CONSTANT.   IGNORED.
 **********
 **   37 **FIX           13
 **********
 **********
 **   38 **FIX           14
 **********
 **********
 **   39 **FIX           15
 **********
 PARAMETER   15  IS CONSTANT.   IGNORED.
 **********
 **   40 **FIX           16
 **********
 **********
 **   41 **MIGRAD
 **********
 START MIGRAD MINIMIZATION.  STRATEGY  1.  CONVERGENCE WHEN EDM .LT. 1.00e-04
 FCN=996.006 FROM MIGRAD    STATUS=INITIATE       18 CALLS        3274 TOTAL
                     EDM= unknown      STRATEGY= 1      NO ERROR MATRIX       
  EXT PARAMETER               CURRENT GUESS       STEP         FIRST   
  NO.   NAME      VALUE            ERROR          SIZE      DERIVATIVE 
   1  N0           2.93784e+06     fixed    
   2  tau          6.44050e+01   constant   
   3  A0           3.52184e-01     fixed    
   4  phi          4.11247e+00     fixed    
   5  R           -6.11922e+01   constant   
   6  alpha_CBO    6.23216e-03     fixed    
   7  w_CBO        2.32500e+00   constant   
   8  beta_CBO     0.00000e+00   1.00000e-03   1.00000e-03   4.63023e+05
   9  alpha_2CBO   0.00000e+00   1.00000e-03   1.00000e-03  -3.55640e+04
  10  beta_2CBO   -1.85295e-04     fixed    
  11  alpha_y      0.00000e+00     fixed    
  12  w_y          1.38860e+01   constant   
  13  beta_y       9.87433e-04     fixed    
  14  alpha_vw     0.00000e+00     fixed    
  15  w_vw         1.43404e+01   constant   
  16  beta_vw      0.00000e+00     fixed    
  17  LM           1.41693e-04   constant   
  18  zeta_y       0.00000e+00   constant   
  19  zeta_vw      0.00000e+00   constant   
  20  T_CBO        6.29768e+00   1.04163e-01   1.25214e-04  -1.30645e+02
  21  alpha_A0     1.65036e+04   4.00340e+03  -6.19855e+01   4.09430e-05
  22  beta_A0      3.27040e+03   7.92862e+02  -1.22686e+01  -2.48081e-04
  23  alpha_phi    2.97527e+04   7.22286e+03  -1.11813e+02   3.77947e-04
  24  beta_phi    -2.15369e+04   5.22761e+03   8.09111e+01   6.34521e-04
 CALL LIMIT EXCEEDED IN MIGRAD.
 MIGRAD TERMINATED WITHOUT CONVERGENCE.
 FCN=142.496 FROM MIGRAD    STATUS=CALL LIMIT   1155 CALLS        4411 TOTAL
                     EDM=0.0885678    STRATEGY= 1  ERROR MATRIX UNCERTAINTY  15.9 per cent
  EXT PARAMETER                APPROXIMATE        STEP         FIRST   
  NO.   NAME      VALUE            ERROR          SIZE      DERIVATIVE 
   1  N0           2.93784e+06     fixed    
   2  tau          6.44050e+01   constant   
   3  A0           3.52184e-01     fixed    
   4  phi          4.11247e+00     fixed    
   5  R           -6.11922e+01   constant   
   6  alpha_CBO    6.23216e-03     fixed    
   7  w_CBO        2.32500e+00   constant   
   8  beta_CBO    -3.67383e-03   1.20652e-04  -1.29284e-06   8.22965e+02
   9  alpha_2CBO   2.56203e-04   1.22244e-04   1.16190e-06  -4.06951e+02
  10  beta_2CBO   -1.85295e-04     fixed    
  11  alpha_y      0.00000e+00     fixed    
  12  w_y          1.38860e+01   constant   
  13  beta_y       9.87433e-04     fixed    
  14  alpha_vw     0.00000e+00     fixed    
  15  w_vw         1.43404e+01   constant   
  16  beta_vw      0.00000e+00     fixed    
  17  LM           1.41693e-04   constant   
  18  zeta_y       0.00000e+00   constant   
  19  zeta_vw      0.00000e+00   constant   
  20  T_CBO        8.67441e+00   5.70257e-01   5.84865e-04  -3.40206e+02
  21  alpha_A0     2.12910e+02   1.72512e+02  -1.71385e+01  -1.85243e-04
  22  beta_A0      6.01757e+00   4.66273e+01   1.12092e+00   9.07783e-04
  23  alpha_phi    3.95507e+02   3.26213e+02  -3.21517e+01  -6.50034e-03
  24  beta_phi    -2.06212e+02   1.63453e+02   1.62341e+01  -8.22889e-04
 EXTERNAL ERROR MATRIX.    NDIM=  25    NPAR=  7    ERR DEF=1
  1.456e-08 -8.296e-11  8.482e-06 -2.939e-03  1.744e-04 -3.618e-03  1.809e-03 
 -8.296e-11  1.494e-08  4.429e-07  1.430e-05  9.303e-04 -9.505e-04  5.194e-04 
  8.482e-06  4.429e-07  3.252e-01 -9.423e+01 -7.108e-01 -1.853e+02  8.927e+01 
 -2.939e-03  1.430e-05 -9.423e+01  2.976e+04  1.660e+02  5.331e+04 -2.508e+04 
  1.744e-04  9.303e-04 -7.108e-01  1.660e+02  2.174e+03  6.739e+02  3.950e+02 
 -3.618e-03 -9.505e-04 -1.853e+02  5.331e+04  6.739e+02  1.064e+05 -5.098e+04 
  1.809e-03  5.194e-04  8.927e+01 -2.508e+04  3.950e+02 -5.098e+04  2.672e+04 
ERR MATRIX APPROXIMATE
 PARAMETER  CORRELATION COEFFICIENTS  
       NO.  GLOBAL      8      9     20     21     22     23     24
        8  0.37780   1.000 -0.006  0.123 -0.141  0.031 -0.092  0.092
        9  0.29464  -0.006  1.000  0.006  0.001  0.163 -0.024  0.026
       20  0.99773   0.123  0.006  1.000 -0.958 -0.027 -0.996  0.958
       21  0.96531  -0.141  0.001 -0.958  1.000  0.021  0.947 -0.889
       22  0.40247   0.031  0.163 -0.027  0.021  1.000  0.044  0.052
       23  0.99698  -0.092 -0.024 -0.996  0.947  0.044  1.000 -0.956
       24  0.96620   0.092  0.026  0.958 -0.889  0.052 -0.956  1.000
 ERR MATRIX APPROXIMATE
MINUIT - FIT wiggle + 1-CBO + 2-CBO
 **********
 **   42 **RES 
 **********
                   PARAMETER   16  beta_vw RESTORED TO VARIABLE.
                   PARAMETER   14  alpha_vw RESTORED TO VARIABLE.
                   PARAMETER   13  beta_y RESTORED TO VARIABLE.
                   PARAMETER   11  alpha_y RESTORED TO VARIABLE.
                   PARAMETER   10  beta_2CBO RESTORED TO VARIABLE.
                   PARAMETER    6  alpha_CBO RESTORED TO VARIABLE.
                   PARAMETER    4  phi RESTORED TO VARIABLE.
                   PARAMETER    3  A0 RESTORED TO VARIABLE.
                   PARAMETER    1  N0 RESTORED TO VARIABLE.
 **********
 **   43 **FIX           10
 **********
 **********
 **   44 **FIX           11
 **********
 **********
 **   45 **FIX           12
 **********
 PARAMETER   12  IS CONSTANT.   IGNORED.
 **********
 **   46 **FIX           13
 **********
 **********
 **   47 **FIX           14
 **********
 **********
 **   48 **FIX           15
 **********
 PARAMETER   15  IS CONSTANT.   IGNORED.
 **********
 **   49 **FIX           16
 **********
 **********
 **   50 **MIGRAD
 **********
 START MIGRAD MINIMIZATION.  STRATEGY  1.  CONVERGENCE WHEN EDM .LT. 1.00e-04
 FCN=142.496 FROM MIGRAD    STATUS=INITIATE       22 CALLS        4433 TOTAL
                     EDM= unknown      STRATEGY= 1      NO ERROR MATRIX       
  EXT PARAMETER               CURRENT GUESS       STEP         FIRST   
  NO.   NAME      VALUE            ERROR          SIZE      DERIVATIVE 
   1  N0           2.93784e+06   2.59145e+02   2.59145e+02   3.10162e-03
   2  tau          6.44050e+01   constant   
   3  A0           3.52184e-01   1.28027e-04   1.28027e-04  -6.29171e+04
   4  phi          4.11247e+00   3.56507e-04   3.56507e-04  -3.38909e+04
   5  R           -6.11922e+01   constant   
   6  alpha_CBO    6.23216e-03   1.29038e-04   1.29038e-04  -1.80155e+04
   7  w_CBO        2.32500e+00   constant   
   8  beta_CBO    -3.67383e-03   1.20652e-04  -1.29284e-06   8.22965e+02
   9  alpha_2CBO   2.56203e-04   1.22244e-04   1.16190e-06  -4.06951e+02
  10  beta_2CBO   -1.85295e-04     fixed    
  11  alpha_y      0.00000e+00     fixed    
  12  w_y          1.38860e+01   constant   
  13  beta_y       9.87433e-04     fixed    
  14  alpha_vw     0.00000e+00     fixed    
  15  w_vw         1.43404e+01   constant   
  16  beta_vw      0.00000e+00     fixed    
  17  LM           1.41693e-04   constant   
  18  zeta_y       0.00000e+00   constant   
  19  zeta_vw      0.00000e+00   constant   
  20  T_CBO        8.67441e+00   5.70257e-01   5.84865e-04  -3.40206e+02
  21  alpha_A0     2.12910e+02   1.72512e+02  -1.71385e+01  -1.85244e-04
  22  beta_A0      6.01757e+00   4.66273e+01   1.12092e+00   9.07782e-04
  23  alpha_phi    3.95507e+02   3.26213e+02  -3.21517e+01  -6.50034e-03
  24  beta_phi    -2.06212e+02   1.63453e+02   1.62341e+01  -8.22889e-04
 CALL LIMIT EXCEEDED IN MIGRAD.
 MIGRAD TERMINATED WITHOUT CONVERGENCE.
 FCN=78.9269 FROM MIGRAD    STATUS=CALL LIMIT   1917 CALLS        6328 TOTAL
                     EDM=0.0436825    STRATEGY= 1  ERROR MATRIX UNCERTAINTY   0.5 per cent
  EXT PARAMETER                APPROXIMATE        STEP         FIRST   
  NO.   NAME      VALUE            ERROR          SIZE      DERIVATIVE 
   1  N0           2.93786e+06   2.59957e+02  -3.40800e+00  -1.18828e-04
   2  tau          6.44050e+01   constant   
   3  A0           3.52826e-01   1.21997e-04   1.46850e-06  -5.01947e+02
   4  phi          4.11486e+00   3.66548e-04  -3.59902e-06  -8.49502e+01
   5  R           -6.11922e+01   constant   
   6  alpha_CBO    6.30516e-03   1.28188e-04  -4.93406e-08  -9.15775e+00
   7  w_CBO        2.32500e+00   constant   
   8  beta_CBO    -3.94879e-03   1.26113e-04   6.20158e-07   1.52205e+02
   9  alpha_2CBO   3.25406e-04   1.22206e-04   4.56243e-07  -3.08144e+02
  10  beta_2CBO   -1.85295e-04     fixed    
  11  alpha_y      0.00000e+00     fixed    
  12  w_y          1.38860e+01   constant   
  13  beta_y       9.87433e-04     fixed    
  14  alpha_vw     0.00000e+00     fixed    
  15  w_vw         1.43404e+01   constant   
  16  beta_vw      0.00000e+00     fixed    
  17  LM           1.41693e-04   constant   
  18  zeta_y       0.00000e+00   constant   
  19  zeta_vw      0.00000e+00   constant   
  20  T_CBO        1.47745e+01   1.47029e+00   1.31521e-03  -2.01258e+02
  21  alpha_A0     2.00319e+00   1.58272e+00  -2.01027e-01  -5.30331e-01
  22  beta_A0      1.24284e-01   5.63872e-01   3.47903e-02   1.61222e-01
  23  alpha_phi    3.28459e+00   2.57263e+00  -2.53475e-01  -5.20131e-01
  24  beta_phi    -1.52024e+00   1.29486e+00   8.26171e-02   2.70244e-01
 EXTERNAL ERROR MATRIX.    NDIM=  25    NPAR= 11    ERR DEF=1
  6.758e+04 
 -3.289e-04  1.488e-08 
  8.918e-03  5.220e-09  1.344e-07 
 -1.229e-03 -2.352e-09 -1.217e-09  1.643e-08 
 -4.756e-04 -1.132e-09 -1.105e-08 -4.303e-10  1.590e-08 
 -3.498e-06  1.067e-09  1.131e-09 -4.872e-10 -9.669e-10  1.493e-08 
 -2.124e+01  1.921e-05 -2.567e-05  2.439e-06 -2.452e-06 -1.568e-07  2.162e+00 
  2.309e+01 -2.942e-05  3.014e-05  4.336e-06  5.130e-06  9.214e-07 -2.258e+00  2.505e+00 
 -3.666e+01  2.774e-06 -8.188e-06  2.192e-06  4.381e-06  9.807e-06 -1.221e-01  1.674e-01  3.180e-01 
  3.065e+00 -3.176e-05  8.479e-06 -8.493e-06  7.579e-06 -6.025e-06 -3.731e+00  3.803e+00  2.773e-01  6.618e+00 
 -2.826e+01  2.914e-05 -1.517e-05  5.682e-07 -8.889e-06  3.641e-06  1.790e+00 -1.840e+00 -6.792e-02 -3.048e+00  1.677e+00 
ERR MATRIX APPROXIMATE
 PARAMETER  CORRELATION COEFFICIENTS  
       NO.  GLOBAL      1      3      4      6      8      9     20     21     22     23     24
        1  0.40051   1.000 -0.010  0.094 -0.037 -0.015 -0.000 -0.056  0.056 -0.250  0.005 -0.084
        3  0.51439  -0.010  1.000  0.117 -0.150 -0.074  0.072  0.107 -0.152  0.040 -0.101  0.184
        4  0.38781   0.094  0.117  1.000 -0.026 -0.239  0.025 -0.048  0.052 -0.040  0.009 -0.032
        6  0.20611  -0.037 -0.150 -0.026  1.000 -0.027 -0.031  0.013  0.021  0.030 -0.026  0.003
        8  0.31298  -0.015 -0.074 -0.239 -0.027  1.000 -0.063 -0.013  0.026  0.062  0.023 -0.054
        9  0.34373  -0.000  0.072  0.025 -0.031 -0.063  1.000 -0.001  0.005  0.142 -0.019  0.023
       20  0.99876  -0.056  0.107 -0.048  0.013 -0.013 -0.001  1.000 -0.970 -0.147 -0.986  0.940
       21  0.99110   0.056 -0.152  0.052  0.021  0.026  0.005 -0.970  1.000  0.188  0.934 -0.898
       22  0.63277  -0.250  0.040 -0.040  0.030  0.062  0.142 -0.147  0.188  1.000  0.191 -0.093
       23  0.99634   0.005 -0.101  0.009 -0.026  0.023 -0.019 -0.986  0.934  0.191  1.000 -0.915
       24  0.96487  -0.084  0.184 -0.032  0.003 -0.054  0.023  0.940 -0.898 -0.093 -0.915  1.000
 ERR MATRIX APPROXIMATE
MINUIT - FIT ONLY 1-y
 **********
 **   51 **RES 
 **********
                   PARAMETER   16  beta_vw RESTORED TO VARIABLE.
                   PARAMETER   14  alpha_vw RESTORED TO VARIABLE.
                   PARAMETER   13  beta_y RESTORED TO VARIABLE.
                   PARAMETER   11  alpha_y RESTORED TO VARIABLE.
                   PARAMETER   10  beta_2CBO RESTORED TO VARIABLE.
 **********
 **   52 **FIX            0
 **********
 PARAMETER    0  IS UNDEFINED. IGNORED.
 **********
 **   53 **FIX            1
 **********
 **********
 **   54 **FIX            2
 **********
 PARAMETER    2  IS CONSTANT.   IGNORED.
 **********
 **   55 **FIX            3
 **********
 **********
 **   56 **FIX            4
 **********
 **********
 **   57 **FIX            5
 **********
 PARAMETER    5  IS CONSTANT.   IGNORED.
 **********
 **   58 **FIX            6
 **********
 **********
 **   59 **FIX            7
 **********
 PARAMETER    7  IS CONSTANT.   IGNORED.
 **********
 **   60 **FIX            8
 **********
 **********
 **   61 **FIX            9
 **********
 **********
 **   62 **FIX           13
 **********
 **********
 **   63 **FIX           14
 **********
 **********
 **   64 **FIX           15
 **********
 PARAMETER   15  IS CONSTANT.   IGNORED.
 **********
 **   65 **FIX           16
 **********
 **********
 **   66 **MIGRAD
 **********
 START MIGRAD MINIMIZATION.  STRATEGY  1.  CONVERGENCE WHEN EDM .LT. 1.00e-04
 FCN=78.9269 FROM MIGRAD    STATUS=INITIATE       16 CALLS        6344 TOTAL
                     EDM= unknown      STRATEGY= 1      NO ERROR MATRIX       
  EXT PARAMETER               CURRENT GUESS       STEP         FIRST   
  NO.   NAME      VALUE            ERROR          SIZE      DERIVATIVE 
   1  N0           2.93786e+06     fixed    
   2  tau          6.44050e+01   constant   
   3  A0           3.52826e-01     fixed    
   4  phi          4.11486e+00     fixed    
   5  R           -6.11922e+01   constant   
   6  alpha_CBO    6.30516e-03     fixed    
   7  w_CBO        2.32500e+00   constant   
   8  beta_CBO    -3.94879e-03     fixed    
   9  alpha_2CBO   3.25406e-04     fixed    
  10  beta_2CBO   -1.85295e-04   1.22122e-04   1.22122e-04  -3.49919e+04
  11  alpha_y      0.00000e+00   1.00000e-03   1.00000e-03   5.14446e+04
  12  w_y          1.38860e+01   constant   
  13  beta_y       9.87433e-04     fixed    
  14  alpha_vw     0.00000e+00     fixed    
  15  w_vw         1.43404e+01   constant   
  16  beta_vw      0.00000e+00     fixed    
  17  LM           1.41693e-04   constant   
  18  zeta_y       0.00000e+00   constant   
  19  zeta_vw      0.00000e+00   constant   
  20  T_CBO        1.47745e+01   1.47029e+00   1.31521e-03  -2.01258e+02
  21  alpha_A0     2.00319e+00   1.58272e+00  -2.01027e-01  -5.30331e-01
  22  beta_A0      1.24284e-01   5.63872e-01   3.47903e-02   1.61222e-01
  23  alpha_phi    3.28459e+00   2.57263e+00  -2.53475e-01  -5.20131e-01
  24  beta_phi    -1.52024e+00   1.29486e+00   8.26171e-02   2.70244e-01
 CALL LIMIT EXCEEDED IN MIGRAD.
 MIGRAD TERMINATED WITHOUT CONVERGENCE.
 FCN=61.3559 FROM MIGRAD    STATUS=CALL LIMIT   1157 CALLS        7485 TOTAL
                     EDM=0.00712973    STRATEGY= 1  ERROR MATRIX UNCERTAINTY  14.0 per cent
  EXT PARAMETER                APPROXIMATE        STEP         FIRST   
  NO.   NAME      VALUE            ERROR          SIZE      DERIVATIVE 
   1  N0           2.93786e+06     fixed    
   2  tau          6.44050e+01   constant   
   3  A0           3.52826e-01     fixed    
   4  phi          4.11486e+00     fixed    
   5  R           -6.11922e+01   constant   
   6  alpha_CBO    6.30516e-03     fixed    
   7  w_CBO        2.32500e+00   constant   
   8  beta_CBO    -3.94879e-03     fixed    
   9  alpha_2CBO   3.25406e-04     fixed    
  10  beta_2CBO    1.26240e-04   1.22419e-04   2.29612e-06  -3.41253e+02
  11  alpha_y     -4.19962e-04   1.26275e-04  -7.18116e-07   7.81309e+01
  12  w_y          1.38860e+01   constant   
  13  beta_y       9.87433e-04     fixed    
  14  alpha_vw     0.00000e+00     fixed    
  15  w_vw         1.43404e+01   constant   
  16  beta_vw      0.00000e+00     fixed    
  17  LM           1.41693e-04   constant   
  18  zeta_y       0.00000e+00   constant   
  19  zeta_vw      0.00000e+00   constant   
  20  T_CBO        3.23799e+01   1.00439e+01   1.97266e-03  -2.34730e+01
  21  alpha_A0     5.14844e-02   5.55366e-02  -2.14119e-03  -6.63349e+00
  22  beta_A0      4.66288e-03   1.49719e-02  -4.76383e-04  -4.05784e+00
  23  alpha_phi    8.90723e-02   9.38273e-02  -3.09357e-03  -9.33682e+00
  24  beta_phi    -4.60245e-02   5.08556e-02   1.17986e-03   2.00512e+00
 EXTERNAL ERROR MATRIX.    NDIM=  25    NPAR=  7    ERR DEF=1
  1.499e-08  2.242e-10  2.802e-05 -3.654e-07 -4.495e-08 -4.424e-07 -4.990e-08 
  2.242e-10  1.595e-08 -1.391e-05  7.374e-08  4.200e-08  1.671e-07 -5.420e-08 
  2.802e-05 -1.391e-05  1.010e+02 -5.431e-01 -2.098e-02 -9.368e-01  4.931e-01 
 -3.654e-07  7.374e-08 -5.431e-01  3.084e-03  2.691e-05  4.959e-03 -2.673e-03 
 -4.495e-08  4.200e-08 -2.098e-02  2.691e-05  2.242e-04  1.885e-04 -7.087e-05 
 -4.424e-07  1.671e-07 -9.368e-01  4.959e-03  1.885e-04  8.804e-03 -4.547e-03 
 -4.990e-08 -5.420e-08  4.931e-01 -2.673e-03 -7.087e-05 -4.547e-03  2.586e-03 
ERR MATRIX APPROXIMATE
 PARAMETER  CORRELATION COEFFICIENTS  
       NO.  GLOBAL     10     11     20     21     22     23     24
       10  0.38518   1.000  0.015  0.023 -0.054 -0.025 -0.039 -0.008
       11  0.06585   0.015  1.000 -0.011  0.011  0.022  0.014 -0.008
       20  0.99870   0.023 -0.011  1.000 -0.973 -0.139 -0.994  0.965
       21  0.98998  -0.054  0.011 -0.973  1.000  0.032  0.952 -0.947
       22  0.64438  -0.025  0.022 -0.139  0.032  1.000  0.134 -0.093
       23  0.99705  -0.039  0.014 -0.994  0.952  0.134  1.000 -0.953
       24  0.96764  -0.008 -0.008  0.965 -0.947 -0.093 -0.953  1.000
 ERR MATRIX APPROXIMATE
MINUIT - FIT ONLY 2-y
 **********
 **   67 **RES 
 **********
                   PARAMETER   16  beta_vw RESTORED TO VARIABLE.
                   PARAMETER   14  alpha_vw RESTORED TO VARIABLE.
                   PARAMETER   13  beta_y RESTORED TO VARIABLE.
                   PARAMETER    9  alpha_2CBO RESTORED TO VARIABLE.
                   PARAMETER    8  beta_CBO RESTORED TO VARIABLE.
                   PARAMETER    6  alpha_CBO RESTORED TO VARIABLE.
                   PARAMETER    4  phi RESTORED TO VARIABLE.
                   PARAMETER    3  A0 RESTORED TO VARIABLE.
                   PARAMETER    1  N0 RESTORED TO VARIABLE.
 **********
 **   68 **FIX            0
 **********
 PARAMETER    0  IS UNDEFINED. IGNORED.
 **********
 **   69 **FIX            1
 **********
 **********
 **   70 **FIX            2
 **********
 PARAMETER    2  IS CONSTANT.   IGNORED.
 **********
 **   71 **FIX            3
 **********
 **********
 **   72 **FIX            4
 **********
 **********
 **   73 **FIX            5
 **********
 PARAMETER    5  IS CONSTANT.   IGNORED.
 **********
 **   74 **FIX            6
 **********
 **********
 **   75 **FIX            7
 **********
 PARAMETER    7  IS CONSTANT.   IGNORED.
 **********
 **   76 **FIX            8
 **********
 **********
 **   77 **FIX            9
 **********
 **********
 **   78 **FIX           10
 **********
 **********
 **   79 **FIX           11
 **********
 **********
 **   80 **FIX           12
 **********
 PARAMETER   12  IS CONSTANT.   IGNORED.
 **********
 **   81 **FIX           16
 **********
 **********
 **   82 **MIGRAD
 **********
 START MIGRAD MINIMIZATION.  STRATEGY  1.  CONVERGENCE WHEN EDM .LT. 1.00e-04
 FCN=61.3559 FROM MIGRAD    STATUS=INITIATE       16 CALLS        7501 TOTAL
                     EDM= unknown      STRATEGY= 1      NO ERROR MATRIX       
  EXT PARAMETER               CURRENT GUESS       STEP         FIRST   
  NO.   NAME      VALUE            ERROR          SIZE      DERIVATIVE 
   1  N0           2.93786e+06     fixed    
   2  tau          6.44050e+01   constant   
   3  A0           3.52826e-01     fixed    
   4  phi          4.11486e+00     fixed    
   5  R           -6.11922e+01   constant   
   6  alpha_CBO    6.30516e-03     fixed    
   7  w_CBO        2.32500e+00   constant   
   8  beta_CBO    -3.94879e-03     fixed    
   9  alpha_2CBO   3.25406e-04     fixed    
  10  beta_2CBO    1.26240e-04     fixed    
  11  alpha_y     -4.19962e-04     fixed    
  12  w_y          1.38860e+01   constant   
  13  beta_y       9.87433e-04   1.23947e-04   1.23947e-04  -2.27956e+03
  14  alpha_vw     0.00000e+00   1.00000e-03   1.00000e-03   3.36915e+04
  15  w_vw         1.43404e+01   constant   
  16  beta_vw      0.00000e+00     fixed    
  17  LM           1.41693e-04   constant   
  18  zeta_y       0.00000e+00   constant   
  19  zeta_vw      0.00000e+00   constant   
  20  T_CBO        3.23799e+01   1.00439e+01   1.97266e-03  -2.34730e+01
  21  alpha_A0     5.14844e-02   5.55366e-02  -2.14119e-03  -6.63349e+00
  22  beta_A0      4.66288e-03   1.49719e-02  -4.76383e-04  -4.05784e+00
  23  alpha_phi    8.90723e-02   9.38273e-02  -3.09357e-03  -9.33682e+00
  24  beta_phi    -4.60245e-02   5.08556e-02   1.17986e-03   2.00512e+00
 MIGRAD MINIMIZATION HAS CONVERGED.
 MIGRAD WILL VERIFY CONVERGENCE AND ERROR MATRIX.
 FCN=56.8167 FROM MIGRAD    STATUS=CONVERGED     419 CALLS        7904 TOTAL
                     EDM=1.00214e-05    STRATEGY= 1      ERR MATRIX NOT POS-DEF
  EXT PARAMETER                APPROXIMATE        STEP         FIRST   
  NO.   NAME      VALUE            ERROR          SIZE      DERIVATIVE 
   1  N0           2.93786e+06     fixed    
   2  tau          6.44050e+01   constant   
   3  A0           3.52826e-01     fixed    
   4  phi          4.11486e+00     fixed    
   5  R           -6.11922e+01   constant   
   6  alpha_CBO    6.30516e-03     fixed    
   7  w_CBO        2.32500e+00   constant   
   8  beta_CBO    -3.94879e-03     fixed    
   9  alpha_2CBO   3.25406e-04     fixed    
  10  beta_2CBO    1.26240e-04     fixed    
  11  alpha_y     -4.19962e-04     fixed    
  12  w_y          1.38860e+01   constant   
  13  beta_y       9.65570e-04   1.25980e-04   4.62855e-07  -1.93228e-01
  14  alpha_vw    -2.68993e-04   1.27024e-04   4.66645e-07  -1.59184e+00
  15  w_vw         1.43404e+01   constant   
  16  beta_vw      0.00000e+00     fixed    
  17  LM           1.41693e-04   constant   
  18  zeta_y       0.00000e+00   constant   
  19  zeta_vw      0.00000e+00   constant   
  20  T_CBO        3.71982e+01   1.95682e+01   2.42111e-05  -6.03676e-01
  21  alpha_A0     3.54399e-02   4.94038e-02   2.60970e-05  -3.71343e-01
  22  beta_A0      3.44239e-03   8.43518e-03   2.67244e-05   6.79114e-02
  23  alpha_phi    6.05043e-02   8.44401e-02   2.62692e-05  -3.50861e-01
  24  beta_phi    -3.09278e-02   4.33598e-02   2.53000e-05   3.14971e-01
 EXTERNAL ERROR MATRIX.    NDIM=  25    NPAR=  7    ERR DEF=1
  1.587e-08  2.374e-09  2.117e-05 -7.967e-08  2.193e-09 -1.014e-07  4.959e-08 
  2.374e-09  1.613e-08  5.309e-05 -1.560e-07 -1.448e-08 -2.318e-07  1.041e-07 
  2.117e-05  5.309e-05  3.843e+02 -9.588e-01 -8.698e-02 -1.650e+00  8.396e-01 
 -7.967e-08 -1.560e-07 -9.588e-01  2.441e-03  2.115e-04  4.115e-03 -2.095e-03 
  2.193e-09 -1.448e-08 -8.698e-02  2.115e-04  7.115e-05  3.744e-04 -1.851e-04 
 -1.014e-07 -2.318e-07 -1.650e+00  4.115e-03  3.744e-04  7.130e-03 -3.602e-03 
  4.959e-08  1.041e-07  8.396e-01 -2.095e-03 -1.851e-04 -3.602e-03  1.880e-03 
ERR MATRIX NOT POS-DEF
 PARAMETER  CORRELATION COEFFICIENTS  
       NO.  GLOBAL     13     14     20     21     22     23     24
       13  0.15149   1.000  0.148  0.009 -0.013  0.002 -0.010  0.009
       14  0.15210   0.148  1.000  0.021 -0.025 -0.014 -0.022  0.019
       20  0.99799   0.009  0.021  1.000 -0.990 -0.526 -0.997  0.988
       21  0.99012  -0.013 -0.025 -0.990  1.000  0.508  0.986 -0.978
       22  0.54133   0.002 -0.014 -0.526  0.508  1.000  0.526 -0.506
       23  0.99659  -0.010 -0.022 -0.997  0.986  0.526  1.000 -0.984
