 + ++++++++++++++++++++++++++++++++++++++++++++++++++++++++++++++++++++ +
 +                                                                      +
 +           You have chose to blind your fitting according to          +
 +                omega_ref * (1 + (R +/- deltaR) *10^{-6})             +
 +                                                                      +
 + ++++++++++++++++++++++++++++++++++++++++++++++++++++++++++++++++++++ +
In main()...
reading format from /gm2data/zkhechad/run45/envelope/formats/formatB_sBin_constraintOn.txt
pBinTau 	= 0  
pBinPhi 	= 0  
constraintau 	= 1 
includeMopTerm 	= 0    
constrainMop    = 0   
Parameters after format file: pBinTau 0 pBinPhi 0 constraintau 1 includeMopTerm 0 constrainMop 0 c_e_scale 0.000000 
Opening file /gm2data/tbarrett/gm2fr/studies/run23_bunch_corrections/CorrectedFourier_Run3b.root.
reading full fit data from /gm2data/zkhechad/cboTemplates/Run4CBOTemplates/templateFits0_v2.0/noRF/sBin_constraintOn_cE0.0_seed0_noRF_calo16.root
windowBins = 69
fitting sliding window 1068 from bin 1204 at 179.487600 to bin 1273 at 189.931600 (69 bins)

Reading data from /gm2data/cornell/histograms/aMethod/histogram_a_noRF.root
 **********
 **    1 **SET PRINTOUT            1
 **********
 **********
 **    2 **SET NOWARNINGS 
 **********
 PARAMETER DEFINITIONS:
    NO.   NAME         VALUE      STEP SIZE      LIMITS
     1 N0           3.09796e+06  1.00000e+02     no limits
     2 tau          6.43838e+01  constant
     3 A0           3.49539e-01  1.00000e-04     no limits
     4 phi          4.11719e+00  1.00000e-02     no limits
     5 R           -6.25346e+01  constant
     6 alpha_CBO    0.00000e+00  1.00000e-03     no limits
     7 w_CBO        2.32500e+00  constant
     8 beta_CBO     0.00000e+00  1.00000e-03     no limits
     9 alpha_2CBO   0.00000e+00  1.00000e-03     no limits
    10 beta_2CBO    0.00000e+00  1.00000e-03     no limits
    11 alpha_y      0.00000e+00  1.00000e-03     no limits
    12 w_y          1.44500e+01  constant
    13 beta_y       0.00000e+00  1.00000e-03     no limits
    14 alpha_vw     0.00000e+00  1.00000e-03     no limits
    15 w_vw         1.29000e+01  constant
    16 beta_vw      0.00000e+00  1.00000e-03     no limits
    17 LM          -7.79046e-04  constant
    18 zeta_y       0.00000e+00  constant
    19 zeta_vw      0.00000e+00  constant
    20 T_CBO        1.00000e+02  1.00000e+00    0.00000e+00  1.00000e+03
    21 alpha_A0     0.00000e+00  1.00000e-03     no limits
    22 beta_A0      0.00000e+00  1.00000e-03     no limits
    23 alpha_phi    0.00000e+00  1.00000e-03     no limits
    24 beta_phi     0.00000e+00  1.00000e-03     no limits
MINUIT - FIT ONLY WIGGLE
 **********
 **    3 **FIX            5
 **********
 PARAMETER    5  IS CONSTANT.   IGNORED.
 **********
 **    4 **FIX            6
 **********
 **********
 **    5 **FIX            7
 **********
 PARAMETER    7  IS CONSTANT.   IGNORED.
 **********
 **    6 **FIX            8
 **********
 **********
 **    7 **FIX            9
 **********
 **********
 **    8 **FIX           10
 **********
 **********
 **    9 **FIX           11
 **********
 **********
 **   10 **FIX           12
 **********
 PARAMETER   12  IS CONSTANT.   IGNORED.
 **********
 **   11 **FIX           13
 **********
 **********
 **   12 **FIX           14
 **********
 **********
 **   13 **FIX           15
 **********
 PARAMETER   15  IS CONSTANT.   IGNORED.
 **********
 **   14 **FIX           16
 **********
 **********
 **   15 **MIGRAD
 **********
 FIRST CALL TO USER FUNCTION AT NEW START POINT, WITH IFLAG=4.
 START MIGRAD MINIMIZATION.  STRATEGY  1.  CONVERGENCE WHEN EDM .LT. 1.00e-04
 FCN=338.668 FROM MIGRAD    STATUS=INITIATE      437 CALLS         438 TOTAL
                     EDM= unknown      STRATEGY= 1      NO ERROR MATRIX       
  EXT PARAMETER               CURRENT GUESS       STEP         FIRST   
  NO.   NAME      VALUE            ERROR          SIZE      DERIVATIVE 
   1  N0           3.09796e+06   1.00000e+02   0.00000e+00  -2.77347e-03
   2  tau          6.43838e+01   constant   
   3  A0           3.49539e-01   1.00000e-04   0.00000e+00  -2.33222e+04
   4  phi          4.11719e+00   1.00000e-02   0.00000e+00  -3.72975e+03
   5  R           -6.25346e+01   constant   
   6  alpha_CBO    0.00000e+00     fixed    
   7  w_CBO        2.32500e+00   constant   
   8  beta_CBO     0.00000e+00     fixed    
   9  alpha_2CBO   0.00000e+00     fixed    
  10  beta_2CBO    0.00000e+00     fixed    
  11  alpha_y      0.00000e+00     fixed    
  12  w_y          1.44500e+01   constant   
  13  beta_y       0.00000e+00     fixed    
  14  alpha_vw     0.00000e+00     fixed    
  15  w_vw         1.29000e+01   constant   
  16  beta_vw      0.00000e+00     fixed    
  17  LM          -7.79046e-04   constant   
  18  zeta_y       0.00000e+00   constant   
  19  zeta_vw      0.00000e+00   constant   
  20  T_CBO        1.00000e+02   1.00000e+00   0.00000e+00   0.00000e+00
  21  alpha_A0     0.00000e+00   1.00000e-03   0.00000e+00   7.16287e+01
  22  beta_A0      0.00000e+00   1.00000e-03   0.00000e+00   5.99768e+02
  23  alpha_phi    0.00000e+00   1.00000e-03   0.00000e+00  -1.69498e+02
  24  beta_phi     0.00000e+00   1.00000e-03   0.00000e+00  -4.06013e+02
 CALL LIMIT EXCEEDED IN MIGRAD.
 MIGRAD TERMINATED WITHOUT CONVERGENCE.
 FCN=321.868 FROM MIGRAD    STATUS=CALL LIMIT   1339 CALLS        1340 TOTAL
                     EDM=0.0343372    STRATEGY= 1  ERROR MATRIX UNCERTAINTY   5.1 per cent
  EXT PARAMETER                APPROXIMATE        STEP         FIRST   
  NO.   NAME      VALUE            ERROR          SIZE      DERIVATIVE 
   1  N0           3.09864e+06   5.23206e+02   4.41674e+01   3.78574e-04
   2  tau          6.43838e+01   constant   
   3  A0           3.50221e-01   2.26562e-04   7.93012e-06  -1.08102e+02
   4  phi          4.11760e+00   6.52710e-04  -7.94086e-05  -3.46368e+02
   5  R           -6.25346e+01   constant   
   6  alpha_CBO    0.00000e+00     fixed    
   7  w_CBO        2.32500e+00   constant   
   8  beta_CBO     0.00000e+00     fixed    
   9  alpha_2CBO   0.00000e+00     fixed    
  10  beta_2CBO    0.00000e+00     fixed    
  11  alpha_y      0.00000e+00     fixed    
  12  w_y          1.44500e+01   constant   
  13  beta_y       0.00000e+00     fixed    
  14  alpha_vw     0.00000e+00     fixed    
  15  w_vw         1.29000e+01   constant   
  16  beta_vw      0.00000e+00     fixed    
  17  LM          -7.79046e-04   constant   
  18  zeta_y       0.00000e+00   constant   
  19  zeta_vw      0.00000e+00   constant   
  20  T_CBO        2.51125e+01   1.04594e+01  -1.11847e-02   5.20031e+00
  21  alpha_A0     7.71639e-02   1.36577e-01   2.94092e-02  -3.79455e-02
  22  beta_A0     -3.61922e+00   7.03340e+00  -1.51991e+00  -1.75080e-02
  23  alpha_phi    5.42227e-01   1.06395e+00   2.29833e-01   7.92123e-02
  24  beta_phi     2.33391e+00   4.52062e+00   9.76853e-01  -5.07843e-02
 EXTERNAL ERROR MATRIX.    NDIM=  25    NPAR=  8    ERR DEF=1
  2.737e+05  1.711e-02  5.313e-02 -5.355e+02  5.968e+00 -2.980e+02  4.489e+01  1.911e+02 
  1.711e-02  5.133e-08 -1.187e-08  9.686e-06  2.824e-07 -1.037e-05  1.521e-06  6.775e-06 
  5.313e-02 -1.187e-08  4.260e-07  1.226e-03 -1.775e-05  9.077e-04 -1.371e-04 -5.835e-04 
 -5.355e+02  9.686e-06  1.226e-03  1.096e+02 -1.395e+00  7.182e+01 -1.086e+01 -4.616e+01 
  5.968e+00  2.824e-07 -1.775e-05 -1.395e+00  1.865e-02 -9.596e-01  1.452e-01  6.168e-01 
 -2.980e+02 -1.037e-05  9.077e-04  7.182e+01 -9.596e-01  4.947e+01 -7.483e+00 -3.180e+01 
  4.489e+01  1.521e-06 -1.371e-04 -1.086e+01  1.452e-01 -7.483e+00  1.132e+00  4.810e+00 
  1.911e+02  6.775e-06 -5.835e-04 -4.616e+01  6.168e-01 -3.180e+01  4.810e+00  2.044e+01 
ERR MATRIX APPROXIMATE
 PARAMETER  CORRELATION COEFFICIENTS  
       NO.  GLOBAL      1      3      4     20     21     22     23     24
        1  0.31595   1.000  0.144  0.156 -0.098  0.084 -0.081  0.081  0.081
        3  0.21081   0.144  1.000 -0.080  0.004  0.009 -0.007  0.006  0.007
        4  0.29798   0.156 -0.080  1.000  0.180 -0.199  0.198 -0.197 -0.198
       20  0.97610  -0.098  0.004  0.180  1.000 -0.976  0.976 -0.976 -0.975
       21  0.99900   0.084  0.009 -0.199 -0.976  1.000 -0.999  0.999  0.999
       22  1.00000  -0.081 -0.007  0.198  0.976 -0.999  1.000 -1.000 -1.000
       23  0.99999   0.081  0.006 -0.197 -0.976  0.999 -1.000  1.000  1.000
       24  1.00000   0.081  0.007 -0.198 -0.975  0.999 -1.000  1.000  1.000
 ERR MATRIX APPROXIMATE
MINUIT - FIT ONLY 1-CBO + wiggle
 **********
 **   16 **RES 
 **********
                   PARAMETER   16  beta_vw RESTORED TO VARIABLE.
                   PARAMETER   14  alpha_vw RESTORED TO VARIABLE.
                   PARAMETER   13  beta_y RESTORED TO VARIABLE.
                   PARAMETER   11  alpha_y RESTORED TO VARIABLE.
                   PARAMETER   10  beta_2CBO RESTORED TO VARIABLE.
                   PARAMETER    9  alpha_2CBO RESTORED TO VARIABLE.
                   PARAMETER    8  beta_CBO RESTORED TO VARIABLE.
                   PARAMETER    6  alpha_CBO RESTORED TO VARIABLE.
 **********
 **   17 **FIX            8
 **********
 **********
 **   18 **FIX            9
 **********
 **********
 **   19 **FIX           11
 **********
 **********
 **   20 **FIX           12
 **********
 PARAMETER   12  IS CONSTANT.   IGNORED.
 **********
 **   21 **FIX           14
 **********
 **********
 **   22 **FIX           15
 **********
 PARAMETER   15  IS CONSTANT.   IGNORED.
 **********
 **   23 **FIX           16
 **********
 **********
 **   24 **MIGRAD
 **********
 START MIGRAD MINIMIZATION.  STRATEGY  1.  CONVERGENCE WHEN EDM .LT. 1.00e-04
 FCN=321.868 FROM MIGRAD    STATUS=INITIATE       28 CALLS        1368 TOTAL
                     EDM= unknown      STRATEGY= 1      NO ERROR MATRIX       
  EXT PARAMETER               CURRENT GUESS       STEP         FIRST   
  NO.   NAME      VALUE            ERROR          SIZE      DERIVATIVE 
   1  N0           3.09864e+06   5.23206e+02   4.41674e+01   3.78574e-04
   2  tau          6.43838e+01   constant   
   3  A0           3.50221e-01   2.26562e-04   7.93012e-06  -1.08102e+02
   4  phi          4.11760e+00   6.52710e-04  -7.94086e-05  -3.46368e+02
   5  R           -6.25346e+01   constant   
   6  alpha_CBO    0.00000e+00   1.00000e-03   1.00000e-03  -3.84684e+04
   7  w_CBO        2.32500e+00   constant   
   8  beta_CBO     0.00000e+00     fixed    
   9  alpha_2CBO   0.00000e+00     fixed    
  10  beta_2CBO    0.00000e+00   1.00000e-03   1.00000e-03   3.13121e+03
  11  alpha_y      0.00000e+00     fixed    
  12  w_y          1.44500e+01   constant   
  13  beta_y       0.00000e+00   1.00000e-03   1.00000e-03   8.55274e+03
  14  alpha_vw     0.00000e+00     fixed    
  15  w_vw         1.29000e+01   constant   
  16  beta_vw      0.00000e+00     fixed    
  17  LM          -7.79046e-04   constant   
  18  zeta_y       0.00000e+00   constant   
  19  zeta_vw      0.00000e+00   constant   
  20  T_CBO        2.51125e+01   1.04594e+01  -1.11847e-02   5.19910e+00
  21  alpha_A0     7.71639e-02   1.36577e-01   2.94092e-02  -3.79455e-02
  22  beta_A0     -3.61922e+00   7.03340e+00  -1.51991e+00  -1.75080e-02
  23  alpha_phi    5.42227e-01   1.06395e+00   2.29833e-01   7.92123e-02
  24  beta_phi     2.33391e+00   4.52062e+00   9.76853e-01  -5.07843e-02
 CALL LIMIT EXCEEDED IN MIGRAD.
 MIGRAD TERMINATED WITHOUT CONVERGENCE.
 FCN=293.547 FROM MIGRAD    STATUS=CALL LIMIT   1931 CALLS        3271 TOTAL
                     EDM=0.014905    STRATEGY= 1  ERROR MATRIX UNCERTAINTY  21.5 per cent
  EXT PARAMETER                APPROXIMATE        STEP         FIRST   
  NO.   NAME      VALUE            ERROR          SIZE      DERIVATIVE 
   1  N0           3.09849e+06   5.50225e+02  -5.51517e+00  -1.09511e-04
   2  tau          6.43838e+01   constant   
   3  A0           3.50086e-01   2.30379e-04  -8.72037e-07   5.30898e+01
   4  phi          4.11844e+00   7.26654e-04   2.40602e-07  -2.94877e+01
   5  R           -6.25346e+01   constant   
   6  alpha_CBO    1.33669e-03   2.61991e-04  -1.76965e-07   5.04301e+01
   7  w_CBO        2.32500e+00   constant   
   8  beta_CBO     0.00000e+00     fixed    
   9  alpha_2CBO   0.00000e+00     fixed    
  10  beta_2CBO   -1.01481e-04   2.50631e-04   5.33717e-07  -1.65566e+02
  11  alpha_y      0.00000e+00     fixed    
  12  w_y          1.44500e+01   constant   
  13  beta_y      -2.49410e-04   2.40409e-04   3.24251e-06   2.57095e+02
  14  alpha_vw     0.00000e+00     fixed    
  15  w_vw         1.29000e+01   constant   
  16  beta_vw      0.00000e+00     fixed    
  17  LM          -7.79046e-04   constant   
  18  zeta_y       0.00000e+00   constant   
  19  zeta_vw      0.00000e+00   constant   
  20  T_CBO        1.11882e+01   1.24711e+00  -1.23386e-03  -8.15758e+01
  21  alpha_A0     1.18648e+04   1.82393e+04   1.79849e+03   1.05373e-05
  22  beta_A0     -2.88709e+04   4.44100e+04  -4.37904e+03   1.93870e-05
  23  alpha_phi    1.76505e+04   2.71543e+04   2.67754e+03  -1.93140e-05
  24  beta_phi     2.01503e+04   3.09911e+04   3.05587e+03   5.30534e-06
 EXTERNAL ERROR MATRIX.    NDIM=  25    NPAR= 11    ERR DEF=1
  3.027e+05 
  1.718e-02  5.307e-08 
  4.966e-02 -1.472e-08  5.280e-07 
 -8.463e-03 -8.103e-09  4.108e-08  6.864e-08 
 -1.356e-03  1.047e-09  1.487e-09 -9.268e-11  6.282e-08 
  4.794e-03  6.348e-10  2.974e-09  7.753e-10  4.250e-10  5.780e-08 
  6.158e+01  1.298e-05 -4.131e-06  6.547e-06 -7.784e-06 -3.843e-05  1.555e+00 
 -1.262e+06 -1.426e-01 -2.370e-01 -2.657e-02 -5.235e-02  6.874e-01 -2.254e+04  3.327e+08 
  3.074e+06  3.473e-01  5.774e-01  6.489e-02  1.274e-01 -1.674e+00  5.489e+04 -8.100e+08  1.972e+09 
 -1.880e+06 -2.124e-01 -3.528e-01 -3.958e-02 -7.792e-02  1.023e+00 -3.356e+04  4.953e+08 -1.206e+09  7.374e+08 
 -2.145e+06 -2.424e-01 -4.029e-01 -4.527e-02 -8.894e-02  1.168e+00 -3.830e+04  5.653e+08 -1.376e+09  8.415e+08  9.604e+08 
ERR MATRIX APPROXIMATE
 PARAMETER  CORRELATION COEFFICIENTS  
       NO.  GLOBAL      1      3      4      6     10     13     20     21     22     23     24
        1  0.44125   1.000  0.136  0.124 -0.059 -0.010  0.036  0.090 -0.126  0.126 -0.126 -0.126
        3  0.26705   0.136  1.000 -0.088 -0.134  0.018  0.011  0.045 -0.034  0.034 -0.034 -0.034
        4  0.35592   0.124 -0.088  1.000  0.216  0.008  0.017 -0.005 -0.018  0.018 -0.018 -0.018
        6  0.36069  -0.059 -0.134  0.216  1.000 -0.001  0.012  0.020 -0.006  0.006 -0.006 -0.006
       10  0.31460  -0.010  0.018  0.008 -0.001  1.000  0.007 -0.025 -0.011  0.011 -0.011 -0.011
       13  0.29716   0.036  0.011  0.017  0.012  0.007  1.000 -0.128  0.157 -0.157  0.157  0.157
       20  0.99336   0.090  0.045 -0.005  0.020 -0.025 -0.128  1.000 -0.991  0.991 -0.991 -0.991
       21  1.00000  -0.126 -0.034 -0.018 -0.006 -0.011  0.157 -0.991  1.000 -1.000  1.000  1.000
       22  1.00000   0.126  0.034  0.018  0.006  0.011 -0.157  0.991 -1.000  1.000 -1.000 -1.000
       23  1.00000  -0.126 -0.034 -0.018 -0.006 -0.011  0.157 -0.991  1.000 -1.000  1.000  1.000
       24  1.00000  -0.126 -0.034 -0.018 -0.006 -0.011  0.157 -0.991  1.000 -1.000  1.000  1.000
 ERR MATRIX APPROXIMATE
MINUIT - FIT ONLY 2-CBO
 **********
 **   25 **RES 
 **********
                   PARAMETER   16  beta_vw RESTORED TO VARIABLE.
                   PARAMETER   14  alpha_vw RESTORED TO VARIABLE.
                   PARAMETER   11  alpha_y RESTORED TO VARIABLE.
                   PARAMETER    9  alpha_2CBO RESTORED TO VARIABLE.
                   PARAMETER    8  beta_CBO RESTORED TO VARIABLE.
 **********
 **   26 **FIX            0
 **********
 PARAMETER    0  IS UNDEFINED. IGNORED.
 **********
 **   27 **FIX            1
 **********
 **********
 **   28 **FIX            2
 **********
 PARAMETER    2  IS CONSTANT.   IGNORED.
 **********
 **   29 **FIX            3
 **********
 **********
 **   30 **FIX            4
 **********
 **********
 **   31 **FIX            5
 **********
 PARAMETER    5  IS CONSTANT.   IGNORED.
 **********
 **   32 **FIX            6
 **********
 **********
 **   33 **FIX            7
 **********
 PARAMETER    7  IS CONSTANT.   IGNORED.
 **********
 **   34 **FIX           10
 **********
 **********
 **   35 **FIX           11
 **********
 **********
 **   36 **FIX           12
 **********
 PARAMETER   12  IS CONSTANT.   IGNORED.
 **********
 **   37 **FIX           13
 **********
 **********
 **   38 **FIX           14
 **********
 **********
 **   39 **FIX           15
 **********
 PARAMETER   15  IS CONSTANT.   IGNORED.
 **********
 **   40 **FIX           16
 **********
 **********
 **   41 **MIGRAD
 **********
 START MIGRAD MINIMIZATION.  STRATEGY  1.  CONVERGENCE WHEN EDM .LT. 1.00e-04
 FCN=293.547 FROM MIGRAD    STATUS=INITIATE       18 CALLS        3289 TOTAL
                     EDM= unknown      STRATEGY= 1      NO ERROR MATRIX       
  EXT PARAMETER               CURRENT GUESS       STEP         FIRST   
  NO.   NAME      VALUE            ERROR          SIZE      DERIVATIVE 
   1  N0           3.09849e+06     fixed    
   2  tau          6.43838e+01   constant   
   3  A0           3.50086e-01     fixed    
   4  phi          4.11844e+00     fixed    
   5  R           -6.25346e+01   constant   
   6  alpha_CBO    1.33669e-03     fixed    
   7  w_CBO        2.32500e+00   constant   
   8  beta_CBO     0.00000e+00   1.00000e-03   1.00000e-03  -1.16129e+05
   9  alpha_2CBO   0.00000e+00   1.00000e-03   1.00000e-03  -1.77379e+04
  10  beta_2CBO   -1.01481e-04     fixed    
  11  alpha_y      0.00000e+00     fixed    
  12  w_y          1.44500e+01   constant   
  13  beta_y      -2.49410e-04     fixed    
  14  alpha_vw     0.00000e+00     fixed    
  15  w_vw         1.29000e+01   constant   
  16  beta_vw      0.00000e+00     fixed    
  17  LM          -7.79046e-04   constant   
  18  zeta_y       0.00000e+00   constant   
  19  zeta_vw      0.00000e+00   constant   
  20  T_CBO        1.11882e+01   1.24711e+00  -1.23386e-03  -8.15754e+01
  21  alpha_A0     1.18648e+04   1.82393e+04   1.79849e+03   1.05373e-05
  22  beta_A0     -2.88709e+04   4.44100e+04  -4.37904e+03   1.93870e-05
  23  alpha_phi    1.76505e+04   2.71543e+04   2.67754e+03  -1.93140e-05
  24  beta_phi     2.01503e+04   3.09911e+04   3.05587e+03   5.30534e-06
 CALL LIMIT EXCEEDED IN MIGRAD.
 MIGRAD TERMINATED WITHOUT CONVERGENCE.
 FCN=66.767 FROM MIGRAD    STATUS=CALL LIMIT   1151 CALLS        4422 TOTAL
                     EDM=0.0232205    STRATEGY= 1  ERROR MATRIX UNCERTAINTY  29.0 per cent
  EXT PARAMETER                APPROXIMATE        STEP         FIRST   
  NO.   NAME      VALUE            ERROR          SIZE      DERIVATIVE 
   1  N0           3.09849e+06     fixed    
   2  tau          6.43838e+01   constant   
   3  A0           3.50086e-01     fixed    
   4  phi          4.11844e+00     fixed    
   5  R           -6.25346e+01   constant   
   6  alpha_CBO    1.33669e-03     fixed    
   7  w_CBO        2.32500e+00   constant   
   8  beta_CBO     3.82780e-03   2.51603e-04   1.06674e-06   3.58763e+01
   9  alpha_2CBO   5.47204e-04   2.48197e-04   1.86943e-06   6.37426e+01
  10  beta_2CBO   -1.01481e-04     fixed    
  11  alpha_y      0.00000e+00     fixed    
  12  w_y          1.44500e+01   constant   
  13  beta_y      -2.49410e-04     fixed    
  14  alpha_vw     0.00000e+00     fixed    
  15  w_vw         1.29000e+01   constant   
  16  beta_vw      0.00000e+00     fixed    
  17  LM          -7.79046e-04   constant   
  18  zeta_y       0.00000e+00   constant   
  19  zeta_vw      0.00000e+00   constant   
  20  T_CBO        1.59445e+01   2.45566e+00   1.26030e-03  -4.68947e+01
  21  alpha_A0     1.55842e+02   3.21421e+02  -1.62085e+01   1.20006e-04
  22  beta_A0      2.48911e+01   1.57483e+02  -1.15760e+00   3.27566e-04
  23  alpha_phi    1.16410e+02   2.55145e+02  -2.03601e+01  -3.84060e-04
  24  beta_phi     3.02619e+02   6.53897e+02  -3.88903e+01  -1.28821e-03
 EXTERNAL ERROR MATRIX.    NDIM=  25    NPAR=  7    ERR DEF=1
  6.330e-08 -7.862e-10  1.633e-05 -2.183e-03  5.445e-03 -1.934e-03 -7.976e-04 
 -7.862e-10  6.160e-08  2.026e-05  8.717e-04  9.039e-04 -5.298e-03 -1.717e-04 
  1.633e-05  2.026e-05  6.031e+00 -6.997e+02 -1.045e+02 -5.736e+02 -1.593e+03 
 -2.183e-03  8.717e-04 -6.997e+02  1.033e+05  6.694e+03  6.860e+04  1.848e+05 
  5.445e-03  9.039e-04 -1.045e+02  6.694e+03  2.480e+04  6.280e+03  3.434e+04 
 -1.934e-03 -5.298e-03 -5.736e+02  6.860e+04  6.280e+03  6.510e+04  1.453e+05 
 -7.976e-04 -1.717e-04 -1.593e+03  1.848e+05  3.434e+04  1.453e+05  4.276e+05 
ERR MATRIX APPROXIMATE
 PARAMETER  CORRELATION COEFFICIENTS  
       NO.  GLOBAL      8      9     20     21     22     23     24
        8  0.24707   1.000 -0.013  0.026 -0.027  0.137 -0.030 -0.005
        9  0.31367  -0.013  1.000  0.033  0.011  0.023 -0.084 -0.001
       20  0.99840   0.026  0.033  1.000 -0.886 -0.270 -0.915 -0.992
       21  0.90595  -0.027  0.011 -0.886  1.000  0.132  0.836  0.879
       22  0.69346   0.137  0.023 -0.270  0.132  1.000  0.156  0.334
       23  0.96867  -0.030 -0.084 -0.915  0.836  0.156  1.000  0.871
       24  0.99792  -0.005 -0.001 -0.992  0.879  0.334  0.871  1.000
 ERR MATRIX APPROXIMATE
MINUIT - FIT wiggle + 1-CBO + 2-CBO
 **********
 **   42 **RES 
 **********
                   PARAMETER   16  beta_vw RESTORED TO VARIABLE.
                   PARAMETER   14  alpha_vw RESTORED TO VARIABLE.
                   PARAMETER   13  beta_y RESTORED TO VARIABLE.
                   PARAMETER   11  alpha_y RESTORED TO VARIABLE.
                   PARAMETER   10  beta_2CBO RESTORED TO VARIABLE.
                   PARAMETER    6  alpha_CBO RESTORED TO VARIABLE.
                   PARAMETER    4  phi RESTORED TO VARIABLE.
                   PARAMETER    3  A0 RESTORED TO VARIABLE.
                   PARAMETER    1  N0 RESTORED TO VARIABLE.
 **********
 **   43 **FIX           10
 **********
 **********
 **   44 **FIX           11
 **********
 **********
 **   45 **FIX           12
 **********
 PARAMETER   12  IS CONSTANT.   IGNORED.
 **********
 **   46 **FIX           13
 **********
 **********
 **   47 **FIX           14
 **********
 **********
 **   48 **FIX           15
 **********
 PARAMETER   15  IS CONSTANT.   IGNORED.
 **********
 **   49 **FIX           16
 **********
 **********
 **   50 **MIGRAD
 **********
 START MIGRAD MINIMIZATION.  STRATEGY  1.  CONVERGENCE WHEN EDM .LT. 1.00e-04
 FCN=66.767 FROM MIGRAD    STATUS=INITIATE       22 CALLS        4444 TOTAL
                     EDM= unknown      STRATEGY= 1      NO ERROR MATRIX       
  EXT PARAMETER               CURRENT GUESS       STEP         FIRST   
  NO.   NAME      VALUE            ERROR          SIZE      DERIVATIVE 
   1  N0           3.09849e+06   5.50225e+02   5.50225e+02  -6.13097e-04
   2  tau          6.43838e+01   constant   
   3  A0           3.50086e-01   2.30379e-04   2.30379e-04   2.38801e+04
   4  phi          4.11844e+00   7.26654e-04   7.26654e-04   1.44157e+03
   5  R           -6.25346e+01   constant   
   6  alpha_CBO    1.33669e-03   2.61991e-04   2.61991e-04   2.77009e+03
   7  w_CBO        2.32500e+00   constant   
   8  beta_CBO     3.82780e-03   2.51603e-04   1.06674e-06   3.58763e+01
   9  alpha_2CBO   5.47204e-04   2.48197e-04   1.86943e-06   6.37426e+01
  10  beta_2CBO   -1.01481e-04     fixed    
  11  alpha_y      0.00000e+00     fixed    
  12  w_y          1.44500e+01   constant   
  13  beta_y      -2.49410e-04     fixed    
  14  alpha_vw     0.00000e+00     fixed    
  15  w_vw         1.29000e+01   constant   
  16  beta_vw      0.00000e+00     fixed    
  17  LM          -7.79046e-04   constant   
  18  zeta_y       0.00000e+00   constant   
  19  zeta_vw      0.00000e+00   constant   
  20  T_CBO        1.59445e+01   2.45566e+00   1.26030e-03  -4.68947e+01
  21  alpha_A0     1.55842e+02   3.21421e+02  -1.62085e+01   1.20006e-04
  22  beta_A0      2.48911e+01   1.57483e+02  -1.15760e+00   3.27565e-04
  23  alpha_phi    1.16410e+02   2.55145e+02  -2.03601e+01  -3.84060e-04
  24  beta_phi     3.02619e+02   6.53897e+02  -3.88903e+01  -1.28821e-03
 CALL LIMIT EXCEEDED IN MIGRAD.
 MIGRAD TERMINATED WITHOUT CONVERGENCE.
 FCN=58.3278 FROM MIGRAD    STATUS=CALL LIMIT   1927 CALLS        6349 TOTAL
                     EDM=0.00906816    STRATEGY= 1  ERROR MATRIX UNCERTAINTY   0.2 per cent
  EXT PARAMETER                APPROXIMATE        STEP         FIRST   
  NO.   NAME      VALUE            ERROR          SIZE      DERIVATIVE 
   1  N0           3.09828e+06   5.43573e+02  -3.55044e+00  -2.98249e-05
   2  tau          6.43838e+01   constant   
   3  A0           3.49452e-01   2.29036e-04  -5.60408e-07   4.99454e+01
   4  phi          4.11808e+00   6.78029e-04  -1.63940e-05  -2.87728e+01
   5  R           -6.25346e+01   constant   
   6  alpha_CBO    1.28387e-03   2.45566e-04   3.79916e-06   2.02417e+02
   7  w_CBO        2.32500e+00   constant   
   8  beta_CBO     3.97939e-03   2.58774e-04   2.10204e-06   9.90097e+01
   9  alpha_2CBO   5.08415e-04   2.38809e-04  -4.51947e-07   4.06570e+01
  10  beta_2CBO   -1.01481e-04     fixed    
  11  alpha_y      0.00000e+00     fixed    
  12  w_y          1.44500e+01   constant   
  13  beta_y      -2.49410e-04     fixed    
  14  alpha_vw     0.00000e+00     fixed    
  15  w_vw         1.29000e+01   constant   
  16  beta_vw      0.00000e+00     fixed    
  17  LM          -7.79046e-04   constant   
  18  zeta_y       0.00000e+00   constant   
  19  zeta_vw      0.00000e+00   constant   
  20  T_CBO        2.97999e+01   1.08460e+01   5.35751e-03  -1.74903e+01
  21  alpha_A0     5.62278e-01   1.47056e+00  -1.31104e-01  -1.36789e-01
  22  beta_A0      1.67536e-01   9.55099e-01  -4.45593e-02  -8.30697e-02
  23  alpha_phi    4.73092e-01   1.25954e+00  -1.12714e-01  -1.90511e-01
  24  beta_phi     1.45798e+00   3.82987e+00  -3.11312e-01  -1.55940e-01
 EXTERNAL ERROR MATRIX.    NDIM=  25    NPAR= 11    ERR DEF=1
  2.955e+05 
  1.461e-02  5.246e-08 
  4.663e-02 -4.396e-09  4.597e-07 
 -1.456e-02 -5.680e-09  7.713e-09  6.030e-08 
 -3.670e-04 -8.941e-09 -1.204e-08 -5.941e-10  6.696e-08 
 -5.462e-03  2.768e-09  5.793e-09 -7.590e-10 -1.702e-09  5.703e-08 
 -8.110e+01 -3.249e-06 -8.036e-04  3.520e-04  1.521e-04 -3.603e-05  1.178e+02 
  8.243e+01  1.338e-05  1.096e-04 -1.514e-05 -1.714e-05  1.921e-05 -1.398e+01  2.163e+00 
 -1.162e+00 -1.996e-05  1.361e-04 -3.073e-06  2.377e-05  4.143e-06 -4.239e+00  4.569e-01  9.122e-01 
 -3.523e+01 -6.162e-06  4.913e-05  1.958e-05 -1.053e-05 -2.160e-05 -1.133e+01  1.390e+00  3.620e-01  1.586e+00 
 -4.236e+01  1.086e-05  1.818e-04 -1.247e-04 -4.018e-05  3.231e-05 -4.082e+01  4.774e+00  1.214e+00  3.825e+00  1.467e+01 
ERR MATRIX APPROXIMATE
 PARAMETER  CORRELATION COEFFICIENTS  
       NO.  GLOBAL      1      3      4      6      8      9     20     21     22     23     24
        1  0.35333   1.000  0.117  0.127 -0.109 -0.003 -0.042 -0.014  0.103 -0.002 -0.051 -0.020
        3  0.25206   0.117  1.000 -0.028 -0.101 -0.151  0.051 -0.001  0.040 -0.091 -0.021  0.012
        4  0.30380   0.127 -0.028  1.000  0.046 -0.069  0.036 -0.109  0.110  0.210  0.058  0.070
        6  0.41312  -0.109 -0.101  0.046  1.000 -0.009 -0.013  0.132 -0.042 -0.013  0.063 -0.133
        8  0.27344  -0.003 -0.151 -0.069 -0.009  1.000 -0.028  0.054 -0.045  0.096 -0.032 -0.041
        9  0.23350  -0.042  0.051  0.036 -0.013 -0.028  1.000 -0.014  0.055  0.018 -0.072  0.035
       20  0.99190  -0.014 -0.001 -0.109  0.132  0.054 -0.014  1.000 -0.876 -0.409 -0.829 -0.982
       21  0.89153   0.103  0.040  0.110 -0.042 -0.045  0.055 -0.876  1.000  0.325  0.751  0.848
       22  0.62123  -0.002 -0.091  0.210 -0.013  0.096  0.018 -0.409  0.325  1.000  0.301  0.332
       23  0.86819  -0.051 -0.021  0.058  0.063 -0.032 -0.072 -0.829  0.751  0.301  1.000  0.793
       24  0.98779  -0.020  0.012  0.070 -0.133 -0.041  0.035 -0.982  0.848  0.332  0.793  1.000
 ERR MATRIX APPROXIMATE
MINUIT - FIT ONLY 1-y
 **********
 **   51 **RES 
 **********
                   PARAMETER   16  beta_vw RESTORED TO VARIABLE.
                   PARAMETER   14  alpha_vw RESTORED TO VARIABLE.
                   PARAMETER   13  beta_y RESTORED TO VARIABLE.
                   PARAMETER   11  alpha_y RESTORED TO VARIABLE.
                   PARAMETER   10  beta_2CBO RESTORED TO VARIABLE.
 **********
 **   52 **FIX            0
 **********
 PARAMETER    0  IS UNDEFINED. IGNORED.
 **********
 **   53 **FIX            1
 **********
 **********
 **   54 **FIX            2
 **********
 PARAMETER    2  IS CONSTANT.   IGNORED.
 **********
 **   55 **FIX            3
 **********
 **********
 **   56 **FIX            4
 **********
 **********
 **   57 **FIX            5
 **********
 PARAMETER    5  IS CONSTANT.   IGNORED.
 **********
 **   58 **FIX            6
 **********
 **********
 **   59 **FIX            7
 **********
 PARAMETER    7  IS CONSTANT.   IGNORED.
 **********
 **   60 **FIX            8
 **********
 **********
 **   61 **FIX            9
 **********
 **********
 **   62 **FIX           13
 **********
 **********
 **   63 **FIX           14
 **********
 **********
 **   64 **FIX           15
 **********
 PARAMETER   15  IS CONSTANT.   IGNORED.
 **********
 **   65 **FIX           16
 **********
 **********
 **   66 **MIGRAD
 **********
 START MIGRAD MINIMIZATION.  STRATEGY  1.  CONVERGENCE WHEN EDM .LT. 1.00e-04
 FCN=58.3278 FROM MIGRAD    STATUS=INITIATE       16 CALLS        6365 TOTAL
                     EDM= unknown      STRATEGY= 1      NO ERROR MATRIX       
  EXT PARAMETER               CURRENT GUESS       STEP         FIRST   
  NO.   NAME      VALUE            ERROR          SIZE      DERIVATIVE 
   1  N0           3.09828e+06     fixed    
   2  tau          6.43838e+01   constant   
   3  A0           3.49452e-01     fixed    
   4  phi          4.11808e+00     fixed    
   5  R           -6.25346e+01   constant   
   6  alpha_CBO    1.28387e-03     fixed    
   7  w_CBO        2.32500e+00   constant   
   8  beta_CBO     3.97939e-03     fixed    
   9  alpha_2CBO   5.08415e-04     fixed    
  10  beta_2CBO   -1.01481e-04   2.50631e-04   2.50631e-04   5.19178e+03
  11  alpha_y      0.00000e+00   1.00000e-03   1.00000e-03  -5.24639e+03
  12  w_y          1.44500e+01   constant   
  13  beta_y      -2.49410e-04     fixed    
  14  alpha_vw     0.00000e+00     fixed    
  15  w_vw         1.29000e+01   constant   
  16  beta_vw      0.00000e+00     fixed    
  17  LM          -7.79046e-04   constant   
  18  zeta_y       0.00000e+00   constant   
  19  zeta_vw      0.00000e+00   constant   
  20  T_CBO        2.97999e+01   1.08460e+01   5.35751e-03  -1.74903e+01
  21  alpha_A0     5.62278e-01   1.47056e+00  -1.31104e-01  -1.36789e-01
  22  beta_A0      1.67536e-01   9.55099e-01  -4.45593e-02  -8.30697e-02
  23  alpha_phi    4.73092e-01   1.25954e+00  -1.12714e-01  -1.90511e-01
  24  beta_phi     1.45798e+00   3.82987e+00  -3.11312e-01  -1.55940e-01
 CALL LIMIT EXCEEDED IN MIGRAD.
 MIGRAD TERMINATED WITHOUT CONVERGENCE.
 FCN=57.1861 FROM MIGRAD    STATUS=CALL LIMIT   1153 CALLS        7502 TOTAL
                     EDM=0.00370155    STRATEGY= 1  ERROR MATRIX UNCERTAINTY  23.4 per cent
  EXT PARAMETER                APPROXIMATE        STEP         FIRST   
  NO.   NAME      VALUE            ERROR          SIZE      DERIVATIVE 
   1  N0           3.09828e+06     fixed    
   2  tau          6.43838e+01   constant   
   3  A0           3.49452e-01     fixed    
   4  phi          4.11808e+00     fixed    
   5  R           -6.25346e+01   constant   
   6  alpha_CBO    1.28387e-03     fixed    
   7  w_CBO        2.32500e+00   constant   
   8  beta_CBO     3.97939e-03     fixed    
   9  alpha_2CBO   5.08415e-04     fixed    
  10  beta_2CBO   -2.67809e-04   2.49419e-04  -6.65778e-07   1.35508e+01
  11  alpha_y      1.61268e-04   2.49219e-04  -3.22751e-07   9.67476e+00
  12  w_y          1.44500e+01   constant   
  13  beta_y      -2.49410e-04     fixed    
  14  alpha_vw     0.00000e+00     fixed    
  15  w_vw         1.29000e+01   constant   
  16  beta_vw      0.00000e+00     fixed    
  17  LM          -7.79046e-04   constant   
  18  zeta_y       0.00000e+00   constant   
  19  zeta_vw      0.00000e+00   constant   
  20  T_CBO        8.31764e+01   7.58104e+01   7.33260e-03  -9.06031e-01
  21  alpha_A0     1.16891e-02   3.13757e-02  -9.16662e-04  -5.02955e+00
  22  beta_A0      2.65525e-03   1.50335e-02  -2.50180e-04   2.05221e-01
  23  alpha_phi    9.93125e-03   2.20189e-02  -4.45385e-04   1.33404e+00
  24  beta_phi     2.84465e-02   6.64623e-02  -1.81382e-03  -1.03111e+00
 EXTERNAL ERROR MATRIX.    NDIM=  25    NPAR=  7    ERR DEF=1
  6.221e-08  5.147e-10  1.573e-04 -1.743e-07  5.439e-07 -3.614e-07 -3.758e-07 
  5.147e-10  6.211e-08 -1.602e-04  6.361e-08  1.068e-08 -1.974e-08  1.733e-07 
  1.573e-04 -1.602e-04  5.898e+03 -2.308e+00 -3.145e-01 -1.534e+00 -5.043e+00 
 -1.743e-07  6.361e-08 -2.308e+00  9.844e-04  1.195e-04  6.266e-04  1.939e-03 
  5.439e-07  1.068e-08 -3.145e-01  1.195e-04  2.260e-04  5.996e-05  2.044e-04 
 -3.614e-07 -1.974e-08 -1.534e+00  6.266e-04  5.996e-05  4.848e-04  1.305e-03 
 -3.758e-07  1.733e-07 -5.043e+00  1.939e-03  2.044e-04  1.305e-03  4.417e-03 
ERR MATRIX APPROXIMATE
 PARAMETER  CORRELATION COEFFICIENTS  
       NO.  GLOBAL     10     11     20     21     22     23     24
       10  0.20120   1.000  0.008  0.008 -0.022  0.145 -0.066 -0.023
       11  0.03480   0.008  1.000 -0.008  0.008  0.003 -0.004  0.010
       20  0.99536   0.008 -0.008  1.000 -0.958 -0.272 -0.907 -0.988
       21  0.96851  -0.022  0.008 -0.958  1.000  0.253  0.907  0.930
       22  0.55846   0.145  0.003 -0.272  0.253  1.000  0.181  0.205
       23  0.92027  -0.066 -0.004 -0.907  0.907  0.181  1.000  0.891
       24  0.99213  -0.023  0.010 -0.988  0.930  0.205  0.891  1.000
 ERR MATRIX APPROXIMATE
MINUIT - FIT ONLY 2-y
 **********
 **   67 **RES 
 **********
                   PARAMETER   16  beta_vw RESTORED TO VARIABLE.
                   PARAMETER   14  alpha_vw RESTORED TO VARIABLE.
                   PARAMETER   13  beta_y RESTORED TO VARIABLE.
                   PARAMETER    9  alpha_2CBO RESTORED TO VARIABLE.
                   PARAMETER    8  beta_CBO RESTORED TO VARIABLE.
                   PARAMETER    6  alpha_CBO RESTORED TO VARIABLE.
                   PARAMETER    4  phi RESTORED TO VARIABLE.
                   PARAMETER    3  A0 RESTORED TO VARIABLE.
                   PARAMETER    1  N0 RESTORED TO VARIABLE.
 **********
 **   68 **FIX            0
 **********
 PARAMETER    0  IS UNDEFINED. IGNORED.
 **********
 **   69 **FIX            1
 **********
 **********
 **   70 **FIX            2
 **********
 PARAMETER    2  IS CONSTANT.   IGNORED.
 **********
 **   71 **FIX            3
 **********
 **********
 **   72 **FIX            4
 **********
 **********
 **   73 **FIX            5
 **********
 PARAMETER    5  IS CONSTANT.   IGNORED.
 **********
 **   74 **FIX            6
 **********
 **********
 **   75 **FIX            7
 **********
 PARAMETER    7  IS CONSTANT.   IGNORED.
 **********
 **   76 **FIX            8
 **********
 **********
 **   77 **FIX            9
 **********
 **********
 **   78 **FIX           10
 **********
 **********
 **   79 **FIX           11
 **********
 **********
 **   80 **FIX           12
 **********
 PARAMETER   12  IS CONSTANT.   IGNORED.
 **********
 **   81 **FIX           16
 **********
 **********
 **   82 **MIGRAD
 **********
 START MIGRAD MINIMIZATION.  STRATEGY  1.  CONVERGENCE WHEN EDM .LT. 1.00e-04
 FCN=57.1861 FROM MIGRAD    STATUS=INITIATE       16 CALLS        7518 TOTAL
                     EDM= unknown      STRATEGY= 1      NO ERROR MATRIX       
  EXT PARAMETER               CURRENT GUESS       STEP         FIRST   
  NO.   NAME      VALUE            ERROR          SIZE      DERIVATIVE 
   1  N0           3.09828e+06     fixed    
   2  tau          6.43838e+01   constant   
   3  A0           3.49452e-01     fixed    
   4  phi          4.11808e+00     fixed    
   5  R           -6.25346e+01   constant   
   6  alpha_CBO    1.28387e-03     fixed    
   7  w_CBO        2.32500e+00   constant   
   8  beta_CBO     3.97939e-03     fixed    
   9  alpha_2CBO   5.08415e-04     fixed    
  10  beta_2CBO   -2.67809e-04     fixed    
  11  alpha_y      1.61268e-04     fixed    
  12  w_y          1.44500e+01   constant   
  13  beta_y      -2.49410e-04   2.40409e-04   2.40409e-04   1.97263e+03
  14  alpha_vw     0.00000e+00   1.00000e-03   1.00000e-03  -1.01277e+04
  15  w_vw         1.29000e+01   constant   
  16  beta_vw      0.00000e+00     fixed    
  17  LM          -7.79046e-04   constant   
  18  zeta_y       0.00000e+00   constant   
  19  zeta_vw      0.00000e+00   constant   
  20  T_CBO        8.31764e+01   7.58104e+01   7.33260e-03  -9.06028e-01
  21  alpha_A0     1.16891e-02   3.13757e-02  -9.16662e-04  -5.02955e+00
  22  beta_A0      2.65525e-03   1.50335e-02  -2.50180e-04   2.05221e-01
  23  alpha_phi    9.93125e-03   2.20189e-02  -4.45385e-04   1.33404e+00
  24  beta_phi     2.84465e-02   6.64623e-02  -1.81382e-03  -1.03111e+00
 CALL LIMIT EXCEEDED IN MIGRAD.
 MIGRAD TERMINATED WITHOUT CONVERGENCE.
 FCN=55.5084 FROM MIGRAD    STATUS=CALL LIMIT   1146 CALLS        8648 TOTAL
                     EDM=0.000465495    STRATEGY= 1  ERROR MATRIX UNCERTAINTY  12.6 per cent
  EXT PARAMETER                APPROXIMATE        STEP         FIRST   
  NO.   NAME      VALUE            ERROR          SIZE      DERIVATIVE 
   1  N0           3.09828e+06     fixed    
   2  tau          6.43838e+01   constant   
   3  A0           3.49452e-01     fixed    
   4  phi          4.11808e+00     fixed    
   5  R           -6.25346e+01   constant   
   6  alpha_CBO    1.28387e-03     fixed    
   7  w_CBO        2.32500e+00   constant   
   8  beta_CBO     3.97939e-03     fixed    
   9  alpha_2CBO   5.08415e-04     fixed    
  10  beta_2CBO   -2.67809e-04     fixed    
  11  alpha_y      1.61268e-04     fixed    
  12  w_y          1.44500e+01   constant   
  13  beta_y      -2.75281e-04   2.44764e-04   2.11569e-07   2.23075e+01
  14  alpha_vw     3.10062e-04   2.48411e-04   3.22663e-07   7.11021e-01
  15  w_vw         1.29000e+01   constant   
  16  beta_vw      0.00000e+00     fixed    
  17  LM          -7.79046e-04   constant   
  18  zeta_y       0.00000e+00   constant   
  19  zeta_vw      0.00000e+00   constant   
  20  T_CBO        8.69496e+02   9.30486e+02   1.12632e-01  -1.21166e-02
  21  alpha_A0     1.62796e-03   1.88571e-03  -2.49854e-05  -1.05670e+01
  22  beta_A0      3.44183e-04   1.42048e-03   4.87912e-06  -2.11836e+00
  23  alpha_phi    1.32670e-03   1.62543e-03  -1.82924e-05  -1.38801e+01
  24  beta_phi     3.83383e-03   3.68452e-03  -4.20185e-05  -2.06848e+01
 EXTERNAL ERROR MATRIX.    NDIM=  25    NPAR=  7    ERR DEF=1
  5.991e-08  6.262e-09  1.566e-02 -3.627e-09  1.437e-08  1.410e-09  2.435e-08 
  6.262e-09  6.171e-08  6.585e-03 -2.519e-09 -2.903e-09 -1.830e-09  6.054e-09 
  1.566e-02  6.585e-03  8.929e+06 -4.493e+00 -1.210e+00 -3.646e+00 -1.053e+01 
 -3.627e-09 -2.519e-09 -4.493e+00  3.556e-06  7.075e-07  1.644e-06  4.847e-06 
  1.437e-08 -2.903e-09 -1.210e+00  7.075e-07  2.018e-06  4.987e-07  1.304e-06 
  1.410e-09 -1.830e-09 -3.646e+00  1.644e-06  4.987e-07  2.642e-06  3.795e-06 
  2.435e-08  6.054e-09 -1.053e+01  4.847e-06  1.304e-06  3.795e-06  1.358e-05 
ERR MATRIX APPROXIMATE
 PARAMETER  CORRELATION COEFFICIENTS  
       NO.  GLOBAL     13     14     20     21     22     23     24
       13  0.26104   1.000  0.103  0.021 -0.008  0.041  0.004  0.027
       14  0.11344   0.103  1.000  0.009 -0.005 -0.008 -0.005  0.007
       20  0.98707   0.021  0.009  1.000 -0.797 -0.285 -0.751 -0.956
       21  0.85701  -0.008 -0.005 -0.797  1.000  0.264  0.536  0.698
       22  0.30570   0.041 -0.008 -0.285  0.264  1.000  0.216  0.249
       23  0.83881   0.004 -0.005 -0.751  0.536  0.216  1.000  0.634
