 + ++++++++++++++++++++++++++++++++++++++++++++++++++++++++++++++++++++ +
 +                                                                      +
 +           You have chose to blind your fitting according to          +
 +                omega_ref * (1 + (R +/- deltaR) *10^{-6})             +
 +                                                                      +
 + ++++++++++++++++++++++++++++++++++++++++++++++++++++++++++++++++++++ +
In main()...
reading format from /gm2data/zkhechad/run45/envelope/formats/formatB_sBin_constraintOn.txt
pBinTau 	= 0  
pBinPhi 	= 0  
constraintau 	= 1 
includeMopTerm 	= 0    
constrainMop    = 0   
Parameters after format file: pBinTau 0 pBinPhi 0 constraintau 1 includeMopTerm 0 constrainMop 0 c_e_scale 0.000000 
Opening file /gm2data/tbarrett/gm2fr/studies/run23_bunch_corrections/CorrectedFourier_Run3b.root.
reading full fit data from /gm2data/zkhechad/cboTemplates/Run4CBOTemplates/fullFits/noRF/sBin_constraintOn_cE0.0_seed0_noRF_calo14.root
windowBins = 69
fitting sliding window 910 from bin 1046 at 155.914000 to bin 1115 at 166.358000 (69 bins)

Reading data from /gm2data/cornell/histograms/aMethod/histogram_a_noRF.root
 **********
 **    1 **SET PRINTOUT            1
 **********
 **********
 **    2 **SET NOWARNINGS 
 **********
 PARAMETER DEFINITIONS:
    NO.   NAME         VALUE      STEP SIZE      LIMITS
     1 N0           3.41750e+06  1.00000e+02     no limits
     2 tau          6.44063e+01  constant
     3 A0           3.61912e-01  1.00000e-04     no limits
     4 phi          4.12132e+00  1.00000e-02     no limits
     5 R           -6.04192e+01  constant
     6 alpha_CBO    0.00000e+00  1.00000e-03     no limits
     7 w_CBO        2.32500e+00  constant
     8 beta_CBO     0.00000e+00  1.00000e-03     no limits
     9 alpha_2CBO   0.00000e+00  1.00000e-03     no limits
    10 beta_2CBO    0.00000e+00  1.00000e-03     no limits
    11 alpha_y      0.00000e+00  1.00000e-03     no limits
    12 w_y          1.38860e+01  constant
    13 beta_y       0.00000e+00  1.00000e-03     no limits
    14 alpha_vw     0.00000e+00  1.00000e-03     no limits
    15 w_vw         1.43404e+01  constant
    16 beta_vw      0.00000e+00  1.00000e-03     no limits
    17 LM           8.43198e-05  constant
    18 zeta_y       0.00000e+00  constant
    19 zeta_vw      0.00000e+00  constant
    20 T_CBO        1.00000e+02  1.00000e+00    0.00000e+00  1.00000e+03
    21 alpha_A0     0.00000e+00  1.00000e-04   -1.00000e-02  1.00000e-02
    22 beta_A0      0.00000e+00  1.00000e-04   -1.00000e-02  1.00000e-02
    23 alpha_phi    0.00000e+00  1.00000e-04   -1.00000e-02  1.00000e-02
    24 beta_phi     0.00000e+00  1.00000e-04   -1.00000e-02  1.00000e-02
MINUIT - FIT ONLY WIGGLE
 **********
 **    3 **FIX            5
 **********
 PARAMETER    5  IS CONSTANT.   IGNORED.
 **********
 **    4 **FIX            6
 **********
 **********
 **    5 **FIX            7
 **********
 PARAMETER    7  IS CONSTANT.   IGNORED.
 **********
 **    6 **FIX            8
 **********
 **********
 **    7 **FIX            9
 **********
 **********
 **    8 **FIX           10
 **********
 **********
 **    9 **FIX           11
 **********
 **********
 **   10 **FIX           12
 **********
 PARAMETER   12  IS CONSTANT.   IGNORED.
 **********
 **   11 **FIX           13
 **********
 **********
 **   12 **FIX           14
 **********
 **********
 **   13 **FIX           15
 **********
 PARAMETER   15  IS CONSTANT.   IGNORED.
 **********
 **   14 **FIX           16
 **********
 **********
 **   15 **MIGRAD
 **********
 FIRST CALL TO USER FUNCTION AT NEW START POINT, WITH IFLAG=4.
 START MIGRAD MINIMIZATION.  STRATEGY  1.  CONVERGENCE WHEN EDM .LT. 1.00e-04
 FCN=360.093 FROM MIGRAD    STATUS=INITIATE      437 CALLS         438 TOTAL
                     EDM= unknown      STRATEGY= 1      NO ERROR MATRIX       
  EXT PARAMETER               CURRENT GUESS       STEP         FIRST   
  NO.   NAME      VALUE            ERROR          SIZE      DERIVATIVE 
   1  N0           3.41750e+06   1.00000e+02   0.00000e+00   2.25619e-04
   2  tau          6.44063e+01   constant   
   3  A0           3.61912e-01   1.00000e-04   0.00000e+00  -5.57507e+04
   4  phi          4.12132e+00   1.00000e-02   0.00000e+00  -4.77767e+03
   5  R           -6.04192e+01   constant   
   6  alpha_CBO    0.00000e+00     fixed    
   7  w_CBO        2.32500e+00   constant   
   8  beta_CBO     0.00000e+00     fixed    
   9  alpha_2CBO   0.00000e+00     fixed    
  10  beta_2CBO    0.00000e+00     fixed    
  11  alpha_y      0.00000e+00     fixed    
  12  w_y          1.38860e+01   constant   
  13  beta_y       0.00000e+00     fixed    
  14  alpha_vw     0.00000e+00     fixed    
  15  w_vw         1.43404e+01   constant   
  16  beta_vw      0.00000e+00     fixed    
  17  LM           8.43198e-05   constant   
  18  zeta_y       0.00000e+00   constant   
  19  zeta_vw      0.00000e+00   constant   
  20  T_CBO        1.00000e+02   1.00000e+00   0.00000e+00   0.00000e+00
  21  alpha_A0     0.00000e+00   1.00000e-04   0.00000e+00  -8.36100e+00
  22  beta_A0      0.00000e+00   1.00000e-04   0.00000e+00   2.00406e+00
  23  alpha_phi    0.00000e+00   1.00000e-04   0.00000e+00   2.12469e-02
  24  beta_phi     0.00000e+00   1.00000e-04   0.00000e+00  -1.19131e+01
 MIGRAD MINIMIZATION HAS CONVERGED.
 FCN=324.357 FROM MIGRAD    STATUS=CONVERGED     747 CALLS         748 TOTAL
                     EDM=5.0706e-06    STRATEGY= 1  ERROR MATRIX UNCERTAINTY   2.2 per cent
  EXT PARAMETER                                   STEP         FIRST   
  NO.   NAME      VALUE            ERROR          SIZE      DERIVATIVE 
   1  N0           3.41749e+06   5.14313e+02   1.89471e-01  -2.71029e-06
   2  tau          6.44063e+01   constant   
   3  A0           3.62931e-01   1.96073e-04   8.15344e-08  -8.20835e-01
   4  phi          4.12207e+00   5.33496e-04  -3.64666e-07   2.42207e+00
   5  R           -6.04192e+01   constant   
   6  alpha_CBO    0.00000e+00     fixed    
   7  w_CBO        2.32500e+00   constant   
   8  beta_CBO     0.00000e+00     fixed    
   9  alpha_2CBO   0.00000e+00     fixed    
  10  beta_2CBO    0.00000e+00     fixed    
  11  alpha_y      0.00000e+00     fixed    
  12  w_y          1.38860e+01   constant   
  13  beta_y       0.00000e+00     fixed    
  14  alpha_vw     0.00000e+00     fixed    
  15  w_vw         1.43404e+01   constant   
  16  beta_vw      0.00000e+00     fixed    
  17  LM           8.43198e-05   constant   
  18  zeta_y       0.00000e+00   constant   
  19  zeta_vw      0.00000e+00   constant   
  20  T_CBO        8.60008e+01   2.38868e+01  -8.58813e-05  -5.07632e-02
  21  alpha_A0     9.99995e-03   1.07906e-02   2.16335e-02  -1.91618e-04
  22  beta_A0     -1.33078e-03   3.80697e-03  -2.92736e-04  -1.06760e-03
  23  alpha_phi   -5.31651e-04   3.95893e-03   3.32638e-04   8.71453e-04
  24  beta_phi     4.71979e-03   5.19408e-03  -3.82867e-04  -6.66598e-04
 EXTERNAL ERROR MATRIX.    NDIM=  25    NPAR=  8    ERR DEF=1
  2.645e+05  1.981e-04 -4.941e-02 -1.726e+03 -2.030e-03 -2.846e-01 -2.721e-01  5.523e-01 
  1.981e-04  3.844e-08  3.491e-10  5.424e-04  2.211e-10  4.734e-09 -3.812e-08 -2.633e-07 
 -4.941e-02  3.491e-10  2.846e-07  1.510e-04  1.055e-09  1.116e-07  1.632e-07 -6.608e-09 
 -1.726e+03  5.424e-04  1.510e-04  5.720e+02 -9.835e-04  1.053e-02  1.723e-02 -7.987e-02 
 -2.030e-03  2.211e-10  1.055e-09 -9.835e-04  3.469e-08 -7.905e-08  5.292e-08  2.338e-08 
 -2.846e-01  4.734e-09  1.116e-07  1.053e-02 -7.905e-08  1.527e-05  1.559e-06 -1.133e-06 
 -2.721e-01 -3.812e-08  1.632e-07  1.723e-02  5.292e-08  1.559e-06  1.657e-05 -1.183e-06 
  5.523e-01 -2.633e-07 -6.608e-09 -7.987e-02  2.338e-08 -1.133e-06 -1.183e-06  3.085e-05 
 PARAMETER  CORRELATION COEFFICIENTS  
       NO.  GLOBAL      1      3      4     20     21     22     23     24
        1  0.31097   1.000  0.002 -0.180 -0.140 -0.021 -0.142 -0.130  0.193
        3  0.25497   0.002  1.000  0.003  0.116  0.006  0.006 -0.048 -0.242
        4  0.19298  -0.180  0.003  1.000  0.012  0.011  0.054  0.075 -0.002
       20  0.65767  -0.140  0.116  0.012  1.000 -0.221  0.113  0.177 -0.601
       21  0.30280  -0.021  0.006  0.011 -0.221  1.000 -0.109  0.070  0.023
       22  0.21053  -0.142  0.006  0.054  0.113 -0.109  1.000  0.098 -0.052
       23  0.27185  -0.130 -0.048  0.075  0.177  0.070  0.098  1.000 -0.052
       24  0.64798   0.193 -0.242 -0.002 -0.601  0.023 -0.052 -0.052  1.000
MINUIT - FIT ONLY 1-CBO + wiggle
 **********
 **   16 **RES 
 **********
                   PARAMETER   16  beta_vw RESTORED TO VARIABLE.
                   PARAMETER   14  alpha_vw RESTORED TO VARIABLE.
                   PARAMETER   13  beta_y RESTORED TO VARIABLE.
                   PARAMETER   11  alpha_y RESTORED TO VARIABLE.
                   PARAMETER   10  beta_2CBO RESTORED TO VARIABLE.
                   PARAMETER    9  alpha_2CBO RESTORED TO VARIABLE.
                   PARAMETER    8  beta_CBO RESTORED TO VARIABLE.
                   PARAMETER    6  alpha_CBO RESTORED TO VARIABLE.
 **********
 **   17 **FIX            8
 **********
 **********
 **   18 **FIX            9
 **********
 **********
 **   19 **FIX           11
 **********
 **********
 **   20 **FIX           12
 **********
 PARAMETER   12  IS CONSTANT.   IGNORED.
 **********
 **   21 **FIX           14
 **********
 **********
 **   22 **FIX           15
 **********
 PARAMETER   15  IS CONSTANT.   IGNORED.
 **********
 **   23 **FIX           16
 **********
 **********
 **   24 **MIGRAD
 **********
 START MIGRAD MINIMIZATION.  STRATEGY  1.  CONVERGENCE WHEN EDM .LT. 1.00e-04
 FCN=324.357 FROM MIGRAD    STATUS=INITIATE       28 CALLS         776 TOTAL
                     EDM= unknown      STRATEGY= 1      NO ERROR MATRIX       
  EXT PARAMETER               CURRENT GUESS       STEP         FIRST   
  NO.   NAME      VALUE            ERROR          SIZE      DERIVATIVE 
   1  N0           3.41749e+06   5.14313e+02   1.89471e-01  -2.71029e-06
   2  tau          6.44063e+01   constant   
   3  A0           3.62931e-01   1.96073e-04   8.15344e-08  -8.20836e-01
   4  phi          4.12207e+00   5.33496e-04  -3.64666e-07   2.42207e+00
   5  R           -6.04192e+01   constant   
   6  alpha_CBO    0.00000e+00   1.00000e-03   1.00000e-03  -1.00608e+05
   7  w_CBO        2.32500e+00   constant   
   8  beta_CBO     0.00000e+00     fixed    
   9  alpha_2CBO   0.00000e+00     fixed    
  10  beta_2CBO    0.00000e+00   1.00000e-03   1.00000e-03   1.39431e+04
  11  alpha_y      0.00000e+00     fixed    
  12  w_y          1.38860e+01   constant   
  13  beta_y       0.00000e+00   1.00000e-03   1.00000e-03   1.65044e+04
  14  alpha_vw     0.00000e+00     fixed    
  15  w_vw         1.43404e+01   constant   
  16  beta_vw      0.00000e+00     fixed    
  17  LM           8.43198e-05   constant   
  18  zeta_y       0.00000e+00   constant   
  19  zeta_vw      0.00000e+00   constant   
  20  T_CBO        8.60008e+01   2.38868e+01  -8.58813e-05  -5.07630e-02
  21  alpha_A0     9.99995e-03   1.07906e-02   2.16335e-02  -1.93654e-04
  22  beta_A0     -1.33078e-03   3.80697e-03  -2.92736e-04  -1.06758e-03
  23  alpha_phi   -5.31651e-04   3.95893e-03   3.32638e-04   8.71457e-04
  24  beta_phi     4.71979e-03   5.19408e-03  -3.82867e-04  -6.66608e-04
 MIGRAD MINIMIZATION HAS CONVERGED.
 FCN=203.335 FROM MIGRAD    STATUS=CONVERGED     345 CALLS        1093 TOTAL
                     EDM=1.29378e-06    STRATEGY= 1  ERROR MATRIX UNCERTAINTY   1.3 per cent
  EXT PARAMETER                                   STEP         FIRST   
  NO.   NAME      VALUE            ERROR          SIZE      DERIVATIVE 
   1  N0           3.41712e+06   5.19448e+02  -9.44602e-01   1.62153e-06
   2  tau          6.44063e+01   constant   
   3  A0           3.62545e-01   2.03351e-04  -6.69864e-08   4.92591e+00
   4  phi          4.12121e+00   5.35392e-04   6.23415e-07  -6.95826e-01
   5  R           -6.04192e+01   constant   
   6  alpha_CBO    2.30084e-03   2.13098e-04  -2.17850e-07   1.55704e+00
   7  w_CBO        2.32500e+00   constant   
   8  beta_CBO     0.00000e+00     fixed    
   9  alpha_2CBO   0.00000e+00     fixed    
  10  beta_2CBO   -3.36371e-04   2.12855e-04  -5.28276e-07   8.52378e-01
  11  alpha_y      0.00000e+00     fixed    
  12  w_y          1.38860e+01   constant   
  13  beta_y      -3.61051e-04   2.00944e-04  -4.66572e-08  -1.37254e-01
  14  alpha_vw     0.00000e+00     fixed    
  15  w_vw         1.43404e+01   constant   
  16  beta_vw      0.00000e+00     fixed    
  17  LM           8.43198e-05   constant   
  18  zeta_y       0.00000e+00   constant   
  19  zeta_vw      0.00000e+00   constant   
  20  T_CBO        7.69893e+01   2.30241e+01  -2.15715e-04   1.98981e-03
  21  alpha_A0     1.33557e-03   6.24505e-03  -2.02725e-03  -1.92636e-03
  22  beta_A0      1.94295e-03   5.82707e-03   1.64061e-03   4.84725e-04
  23  alpha_phi    5.45707e-03   6.19289e-03   1.59215e-03   8.50716e-04
  24  beta_phi     9.96517e-03   3.54116e-03  -1.00522e-03   1.19299e-03
 EXTERNAL ERROR MATRIX.    NDIM=  25    NPAR= 11    ERR DEF=1
  2.698e+05 
 -6.089e-03  4.135e-08 
 -2.117e-02  4.376e-09  2.866e-07 
 -4.442e-03 -6.994e-09 -1.652e-08  4.541e-08 
  2.140e-03  5.623e-10 -9.813e-10 -3.231e-10  4.531e-08 
  7.696e-04  9.987e-10  1.072e-10 -5.509e-10  5.639e-10  4.038e-08 
  2.752e+03 -9.359e-04 -9.669e-04  9.458e-05 -4.015e-04 -6.729e-05  5.314e+02 
  6.980e-01 -2.049e-07 -2.479e-07  2.340e-07  6.659e-08 -1.097e-08  3.644e-02  4.565e-05 
 -5.129e-01  7.754e-08 -6.590e-08  3.987e-08 -9.950e-08 -2.845e-09 -2.280e-02 -3.106e-06  3.893e-05 
 -8.976e-01  8.435e-08  2.851e-07  1.244e-07  2.693e-07 -8.032e-09 -7.518e-02 -3.555e-06  2.082e-06  4.856e-05 
  6.047e-02 -3.015e-08 -1.708e-08  2.844e-08  4.824e-09 -5.746e-09  6.537e-03  7.290e-07 -2.429e-07  9.379e-08  5.267e-07 
 PARAMETER  CORRELATION COEFFICIENTS  
       NO.  GLOBAL      1      3      4      6     10     13     20     21     22     23     24
        1  0.37344   1.000 -0.058 -0.076 -0.040  0.019  0.007  0.230  0.199 -0.158 -0.248  0.160
        3  0.28984  -0.058  1.000  0.040 -0.161  0.013  0.024 -0.200 -0.149  0.061  0.060 -0.204
        4  0.18941  -0.076  0.040  1.000 -0.145 -0.009  0.001 -0.078 -0.069 -0.020  0.076 -0.044
        6  0.32181  -0.040 -0.161 -0.145  1.000 -0.007 -0.013  0.019  0.163  0.030  0.084  0.184
       10  0.21906   0.019  0.013 -0.009 -0.007  1.000  0.013 -0.082  0.046 -0.075  0.182  0.031
       13  0.04773   0.007  0.024  0.001 -0.013  0.013  1.000 -0.015 -0.008 -0.002 -0.006 -0.039
       20  0.64625   0.230 -0.200 -0.078  0.019 -0.082 -0.015  1.000  0.234 -0.158 -0.468  0.391
       21  0.34002   0.199 -0.149 -0.069  0.163  0.046 -0.008  0.234  1.000 -0.074 -0.076  0.149
       22  0.23181  -0.158  0.061 -0.020  0.030 -0.075 -0.002 -0.158 -0.074  1.000  0.048 -0.054
       23  0.56336  -0.248  0.060  0.076  0.084  0.182 -0.006 -0.468 -0.076  0.048  1.000  0.019
       24  0.50270   0.160 -0.204 -0.044  0.184  0.031 -0.039  0.391  0.149 -0.054  0.019  1.000
MINUIT - FIT ONLY 2-CBO
 **********
 **   25 **RES 
 **********
                   PARAMETER   16  beta_vw RESTORED TO VARIABLE.
                   PARAMETER   14  alpha_vw RESTORED TO VARIABLE.
                   PARAMETER   11  alpha_y RESTORED TO VARIABLE.
                   PARAMETER    9  alpha_2CBO RESTORED TO VARIABLE.
                   PARAMETER    8  beta_CBO RESTORED TO VARIABLE.
 **********
 **   26 **FIX            0
 **********
 PARAMETER    0  IS UNDEFINED. IGNORED.
 **********
 **   27 **FIX            1
 **********
 **********
 **   28 **FIX            2
 **********
 PARAMETER    2  IS CONSTANT.   IGNORED.
 **********
 **   29 **FIX            3
 **********
 **********
 **   30 **FIX            4
 **********
 **********
 **   31 **FIX            5
 **********
 PARAMETER    5  IS CONSTANT.   IGNORED.
 **********
 **   32 **FIX            6
 **********
 **********
 **   33 **FIX            7
 **********
 PARAMETER    7  IS CONSTANT.   IGNORED.
 **********
 **   34 **FIX           10
 **********
 **********
 **   35 **FIX           11
 **********
 **********
 **   36 **FIX           12
 **********
 PARAMETER   12  IS CONSTANT.   IGNORED.
 **********
 **   37 **FIX           13
 **********
 **********
 **   38 **FIX           14
 **********
 **********
 **   39 **FIX           15
 **********
 PARAMETER   15  IS CONSTANT.   IGNORED.
 **********
 **   40 **FIX           16
 **********
 **********
 **   41 **MIGRAD
 **********
 START MIGRAD MINIMIZATION.  STRATEGY  1.  CONVERGENCE WHEN EDM .LT. 1.00e-04
 FCN=203.335 FROM MIGRAD    STATUS=INITIATE       18 CALLS        1111 TOTAL
                     EDM= unknown      STRATEGY= 1      NO ERROR MATRIX       
  EXT PARAMETER               CURRENT GUESS       STEP         FIRST   
  NO.   NAME      VALUE            ERROR          SIZE      DERIVATIVE 
   1  N0           3.41712e+06     fixed    
   2  tau          6.44063e+01   constant   
   3  A0           3.62545e-01     fixed    
   4  phi          4.12121e+00     fixed    
   5  R           -6.04192e+01   constant   
   6  alpha_CBO    2.30084e-03     fixed    
   7  w_CBO        2.32500e+00   constant   
   8  beta_CBO     0.00000e+00   1.00000e-03   1.00000e-03   1.11231e+05
   9  alpha_2CBO   0.00000e+00   1.00000e-03   1.00000e-03   1.95695e+04
  10  beta_2CBO   -3.36371e-04     fixed    
  11  alpha_y      0.00000e+00     fixed    
  12  w_y          1.38860e+01   constant   
  13  beta_y      -3.61051e-04     fixed    
  14  alpha_vw     0.00000e+00     fixed    
  15  w_vw         1.43404e+01   constant   
  16  beta_vw      0.00000e+00     fixed    
  17  LM           8.43198e-05   constant   
  18  zeta_y       0.00000e+00   constant   
  19  zeta_vw      0.00000e+00   constant   
  20  T_CBO        7.69893e+01   2.30241e+01  -2.15715e-04   1.98970e-03
  21  alpha_A0     1.33557e-03   6.24505e-03  -2.02725e-03   1.92633e-03
  22  beta_A0      1.94295e-03   5.82707e-03   1.64061e-03   4.84692e-04
  23  alpha_phi    5.45707e-03   6.19289e-03   1.59215e-03   8.50533e-04
  24  beta_phi     9.96517e-03   3.54116e-03  -1.00522e-03   7.71318e-04
 MIGRAD MINIMIZATION HAS CONVERGED.
 MIGRAD WILL VERIFY CONVERGENCE AND ERROR MATRIX.
 COVARIANCE MATRIX CALCULATED SUCCESSFULLY
 FCN=73.8457 FROM MIGRAD    STATUS=CONVERGED     249 CALLS        1342 TOTAL
                     EDM=3.16161e-06    STRATEGY= 1      ERROR MATRIX ACCURATE 
  EXT PARAMETER                                   STEP         FIRST   
  NO.   NAME      VALUE            ERROR          SIZE      DERIVATIVE 
   1  N0           3.41712e+06     fixed    
   2  tau          6.44063e+01   constant   
   3  A0           3.62545e-01     fixed    
   4  phi          4.12121e+00     fixed    
   5  R           -6.04192e+01   constant   
   6  alpha_CBO    2.30084e-03     fixed    
   7  w_CBO        2.32500e+00   constant   
   8  beta_CBO    -2.27555e-03   2.03113e-04   8.43937e-07  -2.73591e-02
   9  alpha_2CBO  -2.98272e-04   2.04845e-04   8.45572e-07  -8.31836e-01
  10  beta_2CBO   -3.36371e-04     fixed    
  11  alpha_y      0.00000e+00     fixed    
  12  w_y          1.38860e+01   constant   
  13  beta_y      -3.61051e-04     fixed    
  14  alpha_vw     0.00000e+00     fixed    
  15  w_vw         1.43404e+01   constant   
  16  beta_vw      0.00000e+00     fixed    
  17  LM           8.43198e-05   constant   
  18  zeta_y       0.00000e+00   constant   
  19  zeta_vw      0.00000e+00   constant   
  20  T_CBO        8.69785e+01   2.20400e+01   2.51928e-04  -4.14088e-03
  21  alpha_A0    -2.39199e-04   4.73018e-03   2.06694e-03   2.13030e-04
  22  beta_A0      9.99934e-03   1.69707e-02   3.38263e-02  -2.97176e-04
  23  alpha_phi    4.81703e-03   4.97739e-03   2.22675e-03   1.83308e-04
  24  beta_phi     7.60512e-03   5.17674e-03   3.16627e-03   7.19846e-04
 EXTERNAL ERROR MATRIX.    NDIM=  25    NPAR=  7    ERR DEF=1
  4.125e-08 -2.005e-09 -7.614e-04  3.787e-08  1.720e-11  8.524e-08 -1.498e-07 
 -2.005e-09  4.196e-08  3.093e-04 -9.659e-08 -1.311e-11 -1.339e-07  1.947e-07 
 -7.614e-04  3.093e-04  4.868e+02 -9.377e-04  1.963e-03 -5.522e-02  7.447e-02 
  3.787e-08 -9.659e-08 -9.377e-04  2.428e-05  6.123e-09 -1.163e-07  1.139e-06 
  1.720e-11 -1.311e-11  1.963e-03  6.123e-09  9.023e-07 -1.967e-07  3.121e-07 
  8.524e-08 -1.339e-07 -5.522e-02 -1.163e-07 -1.967e-07  2.802e-05 -1.093e-05 
 -1.498e-07  1.947e-07  7.447e-02  1.139e-06  3.121e-07 -1.093e-05  3.590e-05 
 PARAMETER  CORRELATION COEFFICIENTS  
       NO.  GLOBAL      8      9     20     21     22     23     24
        8  0.18036   1.000 -0.048 -0.170  0.038  0.000  0.079 -0.123
        9  0.21243  -0.048  1.000  0.068 -0.096 -0.000 -0.123  0.159
       20  0.64785  -0.170  0.068  1.000 -0.009  0.094 -0.473  0.563
       21  0.12287   0.038 -0.096 -0.009  1.000  0.001 -0.004  0.039
       22  0.09553   0.000 -0.000  0.094  0.001  1.000 -0.039  0.055
       23  0.48870   0.079 -0.123 -0.473 -0.004 -0.039  1.000 -0.345
       24  0.58423  -0.123  0.159  0.563  0.039  0.055 -0.345  1.000
MINUIT - FIT wiggle + 1-CBO + 2-CBO
 **********
 **   42 **RES 
 **********
                   PARAMETER   16  beta_vw RESTORED TO VARIABLE.
                   PARAMETER   14  alpha_vw RESTORED TO VARIABLE.
                   PARAMETER   13  beta_y RESTORED TO VARIABLE.
                   PARAMETER   11  alpha_y RESTORED TO VARIABLE.
                   PARAMETER   10  beta_2CBO RESTORED TO VARIABLE.
                   PARAMETER    6  alpha_CBO RESTORED TO VARIABLE.
                   PARAMETER    4  phi RESTORED TO VARIABLE.
                   PARAMETER    3  A0 RESTORED TO VARIABLE.
                   PARAMETER    1  N0 RESTORED TO VARIABLE.
 **********
 **   43 **FIX           10
 **********
 **********
 **   44 **FIX           11
 **********
 **********
 **   45 **FIX           12
 **********
 PARAMETER   12  IS CONSTANT.   IGNORED.
 **********
 **   46 **FIX           13
 **********
 **********
 **   47 **FIX           14
 **********
 **********
 **   48 **FIX           15
 **********
 PARAMETER   15  IS CONSTANT.   IGNORED.
 **********
 **   49 **FIX           16
 **********
 **********
 **   50 **MIGRAD
 **********
 START MIGRAD MINIMIZATION.  STRATEGY  1.  CONVERGENCE WHEN EDM .LT. 1.00e-04
 FCN=73.8457 FROM MIGRAD    STATUS=INITIATE       22 CALLS        1364 TOTAL
                     EDM= unknown      STRATEGY= 1      NO ERROR MATRIX       
  EXT PARAMETER               CURRENT GUESS       STEP         FIRST   
  NO.   NAME      VALUE            ERROR          SIZE      DERIVATIVE 
   1  N0           3.41712e+06   5.19448e+02   5.19448e+02   1.04341e-03
   2  tau          6.44063e+01   constant   
   3  A0           3.62545e-01   2.03351e-04   2.03351e-04   2.36858e+04
   4  phi          4.12121e+00   5.35392e-04   5.35392e-04  -4.71378e+03
   5  R           -6.04192e+01   constant   
   6  alpha_CBO    2.30084e-03   2.13098e-04   2.13098e-04   2.17899e+03
   7  w_CBO        2.32500e+00   constant   
   8  beta_CBO    -2.27555e-03   2.03113e-04   8.43937e-07  -2.73627e-02
   9  alpha_2CBO  -2.98272e-04   2.04845e-04   8.45572e-07  -8.31838e-01
  10  beta_2CBO   -3.36371e-04     fixed    
  11  alpha_y      0.00000e+00     fixed    
  12  w_y          1.38860e+01   constant   
  13  beta_y      -3.61051e-04     fixed    
  14  alpha_vw     0.00000e+00     fixed    
  15  w_vw         1.43404e+01   constant   
  16  beta_vw      0.00000e+00     fixed    
  17  LM           8.43198e-05   constant   
  18  zeta_y       0.00000e+00   constant   
  19  zeta_vw      0.00000e+00   constant   
  20  T_CBO        8.69785e+01   2.20400e+01   2.51928e-04  -4.12456e-03
  21  alpha_A0    -2.39199e-04   4.73018e-03   2.06694e-03   2.13459e-04
  22  beta_A0      9.99934e-03   1.69707e-02   3.38263e-02  -3.06847e-04
  23  alpha_phi    4.81703e-03   4.97739e-03   2.22675e-03   1.81748e-04
  24  beta_phi     7.60512e-03   5.17674e-03   3.16627e-03  -7.39903e-04
 MIGRAD MINIMIZATION HAS CONVERGED.
 FCN=66.1537 FROM MIGRAD    STATUS=CONVERGED     281 CALLS        1623 TOTAL
                     EDM=2.16659e-06    STRATEGY= 1  ERROR MATRIX UNCERTAINTY   3.4 per cent
  EXT PARAMETER                                   STEP         FIRST   
  NO.   NAME      VALUE            ERROR          SIZE      DERIVATIVE 
   1  N0           3.41683e+06   5.15897e+02  -1.06412e+00  -3.23021e-07
   2  tau          6.44063e+01   constant   
   3  A0           3.62054e-01   2.04124e-04   2.02552e-07  -2.57976e-01
   4  phi          4.12195e+00   5.49693e-04   5.83399e-07   3.03956e-01
   5  R           -6.04192e+01   constant   
   6  alpha_CBO    2.30726e-03   2.08174e-04   5.32411e-07   5.99738e+00
   7  w_CBO        2.32500e+00   constant   
   8  beta_CBO    -2.40778e-03   2.06037e-04   4.80650e-07   2.13171e+00
   9  alpha_2CBO  -3.34169e-04   1.99704e-04   3.40007e-07   5.37466e+00
  10  beta_2CBO   -3.36371e-04     fixed    
  11  alpha_y      0.00000e+00     fixed    
  12  w_y          1.38860e+01   constant   
  13  beta_y      -3.61051e-04     fixed    
  14  alpha_vw     0.00000e+00     fixed    
  15  w_vw         1.43404e+01   constant   
  16  beta_vw      0.00000e+00     fixed    
  17  LM           8.43198e-05   constant   
  18  zeta_y       0.00000e+00   constant   
  19  zeta_vw      0.00000e+00   constant   
  20  T_CBO        9.06222e+01   2.53270e+01   9.21952e-05  -1.58293e-02
  21  alpha_A0    -8.53183e-04   4.53705e-03   1.50086e-03  -9.43583e-04
  22  beta_A0      9.99953e-03   1.33708e-02  -2.86383e-03   3.54451e-04
  23  alpha_phi    6.19691e-03   4.86337e-03  -9.11921e-05  -1.09339e-03
  24  beta_phi     9.34138e-03   1.76518e-02  -5.55536e-03   3.18976e-04
 EXTERNAL ERROR MATRIX.    NDIM=  25    NPAR= 11    ERR DEF=1
  2.662e+05 
  6.129e-03  4.167e-08 
 -2.872e-02 -4.688e-11  3.022e-07 
 -6.537e-03 -5.225e-09 -5.457e-09  4.334e-08 
  3.834e-03  7.661e-09 -1.507e-08  7.145e-10  4.245e-08 
 -1.909e-03  3.791e-09  2.024e-09 -4.577e-09 -1.485e-09  3.988e-08 
 -1.895e+03 -1.298e-04  2.910e-04 -5.914e-05 -7.327e-04  2.084e-04  6.431e+02 
 -2.656e-01  7.306e-08 -1.137e-08 -1.270e-07  5.434e-09 -3.949e-09  7.459e-03  2.219e-05 
  4.494e-02 -4.593e-09 -5.746e-09 -1.566e-09 -1.000e-08 -4.623e-09  9.964e-03  2.002e-07  5.296e-07 
  6.802e-03 -1.161e-07  2.215e-08  1.757e-07  5.431e-08 -1.059e-07 -7.970e-02 -2.123e-06 -1.147e-06  2.751e-05 
  9.006e-01 -2.118e-07 -1.815e-07  6.833e-08  9.299e-08 -1.782e-07 -1.200e-01 -4.559e-06 -1.405e-06  1.629e-05  4.334e-05 
 PARAMETER  CORRELATION COEFFICIENTS  
       NO.  GLOBAL      1      3      4      6      8      9     20     21     22     23     24
        1  0.39668   1.000  0.058 -0.101 -0.061  0.036 -0.019 -0.145 -0.109  0.120  0.003  0.265
        3  0.35950   0.058  1.000 -0.000 -0.123  0.182  0.093 -0.025  0.076 -0.031 -0.108 -0.158
        4  0.17949  -0.101 -0.000  1.000 -0.048 -0.133  0.018  0.021 -0.004 -0.014  0.008 -0.050
        6  0.27047  -0.061 -0.123 -0.048  1.000  0.017 -0.110 -0.011 -0.130 -0.010  0.161  0.050
        8  0.26844   0.036  0.182 -0.133  0.017  1.000 -0.036 -0.140  0.006 -0.067  0.050  0.069
        9  0.21588  -0.019  0.093  0.018 -0.110 -0.036  1.000  0.041 -0.004 -0.032 -0.101 -0.136
       20  0.84511  -0.145 -0.025  0.021 -0.011 -0.140  0.041  1.000  0.062  0.540 -0.599 -0.718
       21  0.23679  -0.109  0.076 -0.004 -0.130  0.006 -0.004  0.062  1.000  0.058 -0.086 -0.147
       22  0.58856   0.120 -0.031 -0.014 -0.010 -0.067 -0.032  0.540  0.058  1.000 -0.300 -0.293
       23  0.63735   0.003 -0.108  0.008  0.161  0.050 -0.101 -0.599 -0.086 -0.300  1.000  0.472
       24  0.77177   0.265 -0.158 -0.050  0.050  0.069 -0.136 -0.718 -0.147 -0.293  0.472  1.000
MINUIT - FIT ONLY 1-y
 **********
 **   51 **RES 
 **********
                   PARAMETER   16  beta_vw RESTORED TO VARIABLE.
                   PARAMETER   14  alpha_vw RESTORED TO VARIABLE.
                   PARAMETER   13  beta_y RESTORED TO VARIABLE.
                   PARAMETER   11  alpha_y RESTORED TO VARIABLE.
                   PARAMETER   10  beta_2CBO RESTORED TO VARIABLE.
 **********
 **   52 **FIX            0
 **********
 PARAMETER    0  IS UNDEFINED. IGNORED.
 **********
 **   53 **FIX            1
 **********
 **********
 **   54 **FIX            2
 **********
 PARAMETER    2  IS CONSTANT.   IGNORED.
 **********
 **   55 **FIX            3
 **********
 **********
 **   56 **FIX            4
 **********
 **********
 **   57 **FIX            5
 **********
 PARAMETER    5  IS CONSTANT.   IGNORED.
 **********
 **   58 **FIX            6
 **********
 **********
 **   59 **FIX            7
 **********
 PARAMETER    7  IS CONSTANT.   IGNORED.
 **********
 **   60 **FIX            8
 **********
 **********
 **   61 **FIX            9
 **********
 **********
 **   62 **FIX           13
 **********
 **********
 **   63 **FIX           14
 **********
 **********
 **   64 **FIX           15
 **********
 PARAMETER   15  IS CONSTANT.   IGNORED.
 **********
 **   65 **FIX           16
 **********
 **********
 **   66 **MIGRAD
 **********
 START MIGRAD MINIMIZATION.  STRATEGY  1.  CONVERGENCE WHEN EDM .LT. 1.00e-04
 FCN=66.1537 FROM MIGRAD    STATUS=INITIATE       16 CALLS        1639 TOTAL
                     EDM= unknown      STRATEGY= 1      NO ERROR MATRIX       
  EXT PARAMETER               CURRENT GUESS       STEP         FIRST   
  NO.   NAME      VALUE            ERROR          SIZE      DERIVATIVE 
   1  N0           3.41683e+06     fixed    
   2  tau          6.44063e+01   constant   
   3  A0           3.62054e-01     fixed    
   4  phi          4.12195e+00     fixed    
   5  R           -6.04192e+01   constant   
   6  alpha_CBO    2.30726e-03     fixed    
   7  w_CBO        2.32500e+00   constant   
   8  beta_CBO    -2.40778e-03     fixed    
   9  alpha_2CBO  -3.34169e-04     fixed    
  10  beta_2CBO   -3.36371e-04   2.12855e-04   2.12855e-04  -7.43679e+03
  11  alpha_y      0.00000e+00   1.00000e-03   1.00000e-03  -5.62174e+03
  12  w_y          1.38860e+01   constant   
  13  beta_y      -3.61051e-04     fixed    
  14  alpha_vw     0.00000e+00     fixed    
  15  w_vw         1.43404e+01   constant   
  16  beta_vw      0.00000e+00     fixed    
  17  LM           8.43198e-05   constant   
  18  zeta_y       0.00000e+00   constant   
  19  zeta_vw      0.00000e+00   constant   
  20  T_CBO        9.06222e+01   2.53270e+01   9.21952e-05  -1.58293e-02
  21  alpha_A0    -8.53183e-04   4.53705e-03   1.50086e-03  -9.43583e-04
  22  beta_A0      9.99953e-03   1.33708e-02  -2.86383e-03  -3.62265e-04
  23  alpha_phi    6.19691e-03   4.86337e-03  -9.11921e-05  -1.09338e-03
  24  beta_phi     9.34138e-03   1.76518e-02  -5.55536e-03   3.20619e-04
 MIGRAD MINIMIZATION HAS CONVERGED.
 MIGRAD WILL VERIFY CONVERGENCE AND ERROR MATRIX.
 FCN=65.2335 FROM HESSE     STATUS=NOT POSDEF     54 CALLS        1796 TOTAL
                     EDM=0.000737649    STRATEGY= 1      ERR MATRIX NOT POS-DEF
  EXT PARAMETER                APPROXIMATE        STEP         FIRST   
  NO.   NAME      VALUE            ERROR          SIZE      DERIVATIVE 
   1  N0           3.41683e+06     fixed    
   2  tau          6.44063e+01   constant   
   3  A0           3.62054e-01     fixed    
   4  phi          4.12195e+00     fixed    
   5  R           -6.04192e+01   constant   
   6  alpha_CBO    2.30726e-03     fixed    
   7  w_CBO        2.32500e+00   constant   
   8  beta_CBO    -2.40778e-03     fixed    
   9  alpha_2CBO  -3.34169e-04     fixed    
  10  beta_2CBO   -1.75696e-04   2.08568e-04   8.08091e-07   1.19356e+00
  11  alpha_y      1.14951e-04   2.00806e-04   8.07221e-07   6.36851e+00
  12  w_y          1.38860e+01   constant   
  13  beta_y      -3.61051e-04     fixed    
  14  alpha_vw     0.00000e+00     fixed    
  15  w_vw         1.43404e+01   constant   
  16  beta_vw      0.00000e+00     fixed    
  17  LM           8.43198e-05   constant   
  18  zeta_y       0.00000e+00   constant   
  19  zeta_vw      0.00000e+00   constant   
  20  T_CBO        8.92644e+01   2.09938e+02   2.10265e-04   5.09105e-02
  21  alpha_A0    -1.17433e-03   6.55201e-03   1.86710e-03   2.08721e-03
  22  beta_A0      9.90465e-03   1.75068e-02   1.42357e-02   2.32334e-05
  23  alpha_phi    6.78650e-03   1.18284e-02   2.38496e-03  -1.11308e-03
  24  beta_phi     9.26507e-03   1.09856e-02   4.90208e-03  -4.87002e-04
 MIGRAD MINIMIZATION HAS CONVERGED.
 MIGRAD WILL VERIFY CONVERGENCE AND ERROR MATRIX.
 COVARIANCE MATRIX CALCULATED SUCCESSFULLY
 FCN=65.2334 FROM MIGRAD    STATUS=CONVERGED     309 CALLS        1932 TOTAL
                     EDM=1.58364e-05    STRATEGY= 1      ERROR MATRIX ACCURATE 
  EXT PARAMETER                                   STEP         FIRST   
  NO.   NAME      VALUE            ERROR          SIZE      DERIVATIVE 
   1  N0           3.41683e+06     fixed    
   2  tau          6.44063e+01   constant   
   3  A0           3.62054e-01     fixed    
   4  phi          4.12195e+00     fixed    
   5  R           -6.04192e+01   constant   
   6  alpha_CBO    2.30726e-03     fixed    
   7  w_CBO        2.32500e+00   constant   
   8  beta_CBO    -2.40778e-03     fixed    
   9  alpha_2CBO  -3.34169e-04     fixed    
  10  beta_2CBO   -1.75586e-04   2.08502e-04   8.08091e-07   2.82747e+00
  11  alpha_y      1.14658e-04   2.03195e-04   8.07220e-07  -7.61293e+00
  12  w_y          1.38860e+01   constant   
  13  beta_y      -3.61051e-04     fixed    
  14  alpha_vw     0.00000e+00     fixed    
  15  w_vw         1.43404e+01   constant   
  16  beta_vw      0.00000e+00     fixed    
  17  LM           8.43198e-05   constant   
  18  zeta_y       0.00000e+00   constant   
  19  zeta_vw      0.00000e+00   constant   
  20  T_CBO        8.87473e+01   3.82149e+01   2.08557e-04   3.32050e-02
  21  alpha_A0    -1.19315e-03   4.65461e-03   1.88975e-03  -2.51731e-03
  22  beta_A0      9.99738e-03   1.39737e-02   2.87581e-02   2.99729e-04
  23  alpha_phi    6.86415e-03   6.01993e-03   2.43940e-03   2.99434e-03
  24  beta_phi     9.36904e-03   1.94201e-02   5.36302e-03   1.67717e-03
 EXTERNAL ERROR MATRIX.    NDIM=  25    NPAR=  7    ERR DEF=1
  4.347e-08 -3.324e-10 -4.812e-04 -1.028e-07  6.448e-09  1.933e-07 -4.788e-09 
 -3.324e-10  4.129e-08  2.032e-05  1.265e-08 -1.170e-09 -1.800e-08  5.818e-09 
 -4.812e-04  2.032e-05  1.469e+03  3.667e-02  1.263e-01 -2.093e-01 -2.742e-01 
 -1.028e-07  1.265e-08  3.667e-02  2.347e-05  3.138e-06 -5.900e-06 -8.175e-06 
  6.448e-09 -1.170e-09  1.263e-01  3.138e-06  1.608e-05 -1.738e-05 -2.403e-05 
  1.933e-07 -1.800e-08 -2.093e-01 -5.900e-06 -1.738e-05  5.029e-05  4.073e-05 
 -4.788e-09  5.818e-09 -2.742e-01 -8.175e-06 -2.403e-05  4.073e-05  7.382e-05 
 PARAMETER  CORRELATION COEFFICIENTS  
       NO.  GLOBAL     10     11     20     21     22     23     24
       10  0.22086   1.000 -0.008 -0.060 -0.102  0.008  0.131 -0.003
       11  0.02441  -0.008  1.000  0.003  0.013 -0.001 -0.012  0.003
       20  0.92110  -0.060  0.003  1.000  0.197  0.822 -0.770 -0.833
       21  0.22780  -0.102  0.013  0.197  1.000  0.162 -0.172 -0.196
       22  0.82436   0.008 -0.001  0.822  0.162  1.000 -0.611 -0.697
       23  0.77762   0.131 -0.012 -0.770 -0.172 -0.611  1.000  0.668
       24  0.83678  -0.003  0.003 -0.833 -0.196 -0.697  0.668  1.000
MINUIT - FIT ONLY 2-y
 **********
 **   67 **RES 
 **********
                   PARAMETER   16  beta_vw RESTORED TO VARIABLE.
                   PARAMETER   14  alpha_vw RESTORED TO VARIABLE.
                   PARAMETER   13  beta_y RESTORED TO VARIABLE.
                   PARAMETER    9  alpha_2CBO RESTORED TO VARIABLE.
                   PARAMETER    8  beta_CBO RESTORED TO VARIABLE.
                   PARAMETER    6  alpha_CBO RESTORED TO VARIABLE.
                   PARAMETER    4  phi RESTORED TO VARIABLE.
                   PARAMETER    3  A0 RESTORED TO VARIABLE.
                   PARAMETER    1  N0 RESTORED TO VARIABLE.
 **********
 **   68 **FIX            0
 **********
 PARAMETER    0  IS UNDEFINED. IGNORED.
 **********
 **   69 **FIX            1
 **********
 **********
 **   70 **FIX            2
 **********
 PARAMETER    2  IS CONSTANT.   IGNORED.
 **********
 **   71 **FIX            3
 **********
 **********
 **   72 **FIX            4
 **********
 **********
 **   73 **FIX            5
 **********
 PARAMETER    5  IS CONSTANT.   IGNORED.
 **********
 **   74 **FIX            6
 **********
 **********
 **   75 **FIX            7
 **********
 PARAMETER    7  IS CONSTANT.   IGNORED.
 **********
 **   76 **FIX            8
 **********
 **********
 **   77 **FIX            9
 **********
 **********
 **   78 **FIX           10
 **********
 **********
 **   79 **FIX           11
 **********
 **********
 **   80 **FIX           12
 **********
 PARAMETER   12  IS CONSTANT.   IGNORED.
 **********
 **   81 **FIX           16
 **********
 **********
 **   82 **MIGRAD
 **********
 START MIGRAD MINIMIZATION.  STRATEGY  1.  CONVERGENCE WHEN EDM .LT. 1.00e-04
 FCN=65.2334 FROM MIGRAD    STATUS=INITIATE       18 CALLS        1950 TOTAL
                     EDM= unknown      STRATEGY= 1      NO ERROR MATRIX       
  EXT PARAMETER               CURRENT GUESS       STEP         FIRST   
  NO.   NAME      VALUE            ERROR          SIZE      DERIVATIVE 
   1  N0           3.41683e+06     fixed    
   2  tau          6.44063e+01   constant   
   3  A0           3.62054e-01     fixed    
   4  phi          4.12195e+00     fixed    
   5  R           -6.04192e+01   constant   
   6  alpha_CBO    2.30726e-03     fixed    
   7  w_CBO        2.32500e+00   constant   
   8  beta_CBO    -2.40778e-03     fixed    
   9  alpha_2CBO  -3.34169e-04     fixed    
  10  beta_2CBO   -1.75586e-04     fixed    
  11  alpha_y      1.14658e-04     fixed    
  12  w_y          1.38860e+01   constant   
  13  beta_y      -3.61051e-04   2.00944e-04   2.00944e-04  -1.67353e+03
  14  alpha_vw     0.00000e+00   1.00000e-03   1.00000e-03  -1.12139e+03
  15  w_vw         1.43404e+01   constant   
  16  beta_vw      0.00000e+00     fixed    
  17  LM           8.43198e-05   constant   
  18  zeta_y       0.00000e+00   constant   
  19  zeta_vw      0.00000e+00   constant   
  20  T_CBO        8.87473e+01   3.82149e+01   2.08557e-04   3.32173e-02
  21  alpha_A0    -1.19315e-03   4.65461e-03   1.88975e-03  -2.51546e-03
  22  beta_A0      9.99738e-03   1.39737e-02   2.87581e-02  -4.92791e-04
  23  alpha_phi    6.86415e-03   6.01993e-03   2.43940e-03   2.98002e-03
  24  beta_phi     9.36904e-03   1.94201e-02   5.36302e-03   1.63638e-03
 MIGRAD MINIMIZATION HAS CONVERGED.
 MIGRAD WILL VERIFY CONVERGENCE AND ERROR MATRIX.
 COVARIANCE MATRIX CALCULATED SUCCESSFULLY
 FCN=65.1994 FROM MIGRAD    STATUS=CONVERGED     118 CALLS        2050 TOTAL
                     EDM=2.20269e-06    STRATEGY= 1      ERROR MATRIX ACCURATE 
  EXT PARAMETER                                   STEP         FIRST   
  NO.   NAME      VALUE            ERROR          SIZE      DERIVATIVE 
   1  N0           3.41683e+06     fixed    
   2  tau          6.44063e+01   constant   
   3  A0           3.62054e-01     fixed    
   4  phi          4.12195e+00     fixed    
   5  R           -6.04192e+01   constant   
   6  alpha_CBO    2.30726e-03     fixed    
   7  w_CBO        2.32500e+00   constant   
   8  beta_CBO    -2.40778e-03     fixed    
   9  alpha_2CBO  -3.34169e-04     fixed    
  10  beta_2CBO   -1.75586e-04     fixed    
  11  alpha_y      1.14658e-04     fixed    
  12  w_y          1.38860e+01   constant   
  13  beta_y      -3.31022e-04   2.05815e-04   7.95849e-07   9.92802e-02
  14  alpha_vw     1.58315e-05   2.06611e-04   7.99068e-07  -1.42373e-01
  15  w_vw         1.43404e+01   constant   
  16  beta_vw      0.00000e+00     fixed    
  17  LM           8.43198e-05   constant   
  18  zeta_y       0.00000e+00   constant   
  19  zeta_vw      0.00000e+00   constant   
