 + ++++++++++++++++++++++++++++++++++++++++++++++++++++++++++++++++++++ +
 +                                                                      +
 +           You have chose to blind your fitting according to          +
 +                omega_ref * (1 + (R +/- deltaR) *10^{-6})             +
 +                                                                      +
 + ++++++++++++++++++++++++++++++++++++++++++++++++++++++++++++++++++++ +
In main()...
reading format from /gm2data/zkhechad/run45/envelope/formats/formatB_sBin_constraintOn.txt
pBinTau 	= 0  
pBinPhi 	= 0  
constraintau 	= 1 
includeMopTerm 	= 0    
constrainMop    = 0   
Parameters after format file: pBinTau 0 pBinPhi 0 constraintau 1 includeMopTerm 0 constrainMop 0 c_e_scale 0.000000 
Opening file /gm2data/tbarrett/gm2fr/studies/run23_bunch_corrections/CorrectedFourier_Run3b.root.
reading full fit data from /gm2data/zkhechad/cboTemplates/Run4CBOTemplates/fullFits/noRF/sBin_constraintOn_cE0.0_seed0_noRF_calo19.root
windowBins = 69
fitting sliding window 2450 from bin 2586 at 385.682000 to bin 2655 at 396.126000 (69 bins)

Reading data from /gm2data/cornell/histograms/aMethod/histogram_a_noRF.root
 **********
 **    1 **SET PRINTOUT            1
 **********
 **********
 **    2 **SET NOWARNINGS 
 **********
 PARAMETER DEFINITIONS:
    NO.   NAME         VALUE      STEP SIZE      LIMITS
     1 N0           3.18973e+06  1.00000e+02     no limits
     2 tau          6.43945e+01  constant
     3 A0           3.47817e-01  1.00000e-04     no limits
     4 phi          4.13218e+00  1.00000e-02     no limits
     5 R           -5.98741e+01  constant
     6 alpha_CBO    0.00000e+00  1.00000e-03     no limits
     7 w_CBO        2.32500e+00  constant
     8 beta_CBO     0.00000e+00  1.00000e-03     no limits
     9 alpha_2CBO   0.00000e+00  1.00000e-03     no limits
    10 beta_2CBO    0.00000e+00  1.00000e-03     no limits
    11 alpha_y      0.00000e+00  1.00000e-03     no limits
    12 w_y          1.38860e+01  constant
    13 beta_y       0.00000e+00  1.00000e-03     no limits
    14 alpha_vw     0.00000e+00  1.00000e-03     no limits
    15 w_vw         1.43404e+01  constant
    16 beta_vw      0.00000e+00  1.00000e-03     no limits
    17 LM          -2.15884e-04  constant
    18 zeta_y       0.00000e+00  constant
    19 zeta_vw      0.00000e+00  constant
    20 T_CBO        1.00000e+02  1.00000e+00    0.00000e+00  1.00000e+03
    21 alpha_A0     0.00000e+00  1.00000e-04   -1.00000e-02  1.00000e-02
    22 beta_A0      0.00000e+00  1.00000e-04   -1.00000e-02  1.00000e-02
    23 alpha_phi    0.00000e+00  1.00000e-04   -1.00000e-02  1.00000e-02
    24 beta_phi     0.00000e+00  1.00000e-04   -1.00000e-02  1.00000e-02
MINUIT - FIT ONLY WIGGLE
 **********
 **    3 **FIX            5
 **********
 PARAMETER    5  IS CONSTANT.   IGNORED.
 **********
 **    4 **FIX            6
 **********
 **********
 **    5 **FIX            7
 **********
 PARAMETER    7  IS CONSTANT.   IGNORED.
 **********
 **    6 **FIX            8
 **********
 **********
 **    7 **FIX            9
 **********
 **********
 **    8 **FIX           10
 **********
 **********
 **    9 **FIX           11
 **********
 **********
 **   10 **FIX           12
 **********
 PARAMETER   12  IS CONSTANT.   IGNORED.
 **********
 **   11 **FIX           13
 **********
 **********
 **   12 **FIX           14
 **********
 **********
 **   13 **FIX           15
 **********
 PARAMETER   15  IS CONSTANT.   IGNORED.
 **********
 **   14 **FIX           16
 **********
 **********
 **   15 **MIGRAD
 **********
 FIRST CALL TO USER FUNCTION AT NEW START POINT, WITH IFLAG=4.
 START MIGRAD MINIMIZATION.  STRATEGY  1.  CONVERGENCE WHEN EDM .LT. 1.00e-04
 FCN=74.1141 FROM MIGRAD    STATUS=INITIATE      437 CALLS         438 TOTAL
                     EDM= unknown      STRATEGY= 1      NO ERROR MATRIX       
  EXT PARAMETER               CURRENT GUESS       STEP         FIRST   
  NO.   NAME      VALUE            ERROR          SIZE      DERIVATIVE 
   1  N0           3.18973e+06   1.00000e+02   0.00000e+00  -1.72296e-03
   2  tau          6.43945e+01   constant   
   3  A0           3.47817e-01   1.00000e-04   0.00000e+00   5.08640e+02
   4  phi          4.13218e+00   1.00000e-02   0.00000e+00   5.86991e+02
   5  R           -5.98741e+01   constant   
   6  alpha_CBO    0.00000e+00     fixed    
   7  w_CBO        2.32500e+00   constant   
   8  beta_CBO     0.00000e+00     fixed    
   9  alpha_2CBO   0.00000e+00     fixed    
  10  beta_2CBO    0.00000e+00     fixed    
  11  alpha_y      0.00000e+00     fixed    
  12  w_y          1.38860e+01   constant   
  13  beta_y       0.00000e+00     fixed    
  14  alpha_vw     0.00000e+00     fixed    
  15  w_vw         1.43404e+01   constant   
  16  beta_vw      0.00000e+00     fixed    
  17  LM          -2.15884e-04   constant   
  18  zeta_y       0.00000e+00   constant   
  19  zeta_vw      0.00000e+00   constant   
  20  T_CBO        1.00000e+02   1.00000e+00   0.00000e+00   0.00000e+00
  21  alpha_A0     0.00000e+00   1.00000e-04   0.00000e+00   1.91276e-01
  22  beta_A0      0.00000e+00   1.00000e-04   0.00000e+00  -1.67328e-02
  23  alpha_phi    0.00000e+00   1.00000e-04   0.00000e+00   1.13325e-01
  24  beta_phi     0.00000e+00   1.00000e-04   0.00000e+00   4.35526e-03
 MIGRAD MINIMIZATION HAS CONVERGED.
 FCN=62.4796 FROM MIGRAD    STATUS=CONVERGED     820 CALLS         821 TOTAL
                     EDM=9.95808e-07    STRATEGY= 1  ERROR MATRIX UNCERTAINTY   1.0 per cent
  EXT PARAMETER                                   STEP         FIRST   
  NO.   NAME      VALUE            ERROR          SIZE      DERIVATIVE 
   1  N0           3.19540e+06   2.78226e+03  -8.79794e-01  -2.74033e-07
   2  tau          6.43945e+01   constant   
   3  A0           3.47600e-01   1.21782e-03   6.91105e-07  -8.40201e-01
   4  phi          4.12993e+00   3.49189e-03   6.88305e-06   1.17527e-01
   5  R           -5.98741e+01   constant   
   6  alpha_CBO    0.00000e+00     fixed    
   7  w_CBO        2.32500e+00   constant   
   8  beta_CBO     0.00000e+00     fixed    
   9  alpha_2CBO   0.00000e+00     fixed    
  10  beta_2CBO    0.00000e+00     fixed    
  11  alpha_y      0.00000e+00     fixed    
  12  w_y          1.38860e+01   constant   
  13  beta_y       0.00000e+00     fixed    
  14  alpha_vw     0.00000e+00     fixed    
  15  w_vw         1.43404e+01   constant   
  16  beta_vw      0.00000e+00     fixed    
  17  LM          -2.15884e-04   constant   
  18  zeta_y       0.00000e+00   constant   
  19  zeta_vw      0.00000e+00   constant   
  20  T_CBO        1.00000e+03   9.11359e+02   2.55324e-04** at limit **
  21  alpha_A0    -1.00000e-02   4.57574e-03  -2.64144e-04** at limit **
  22  beta_A0      6.21125e-04   6.59521e-03   4.44708e-04   3.52513e-04
  23  alpha_phi   -9.30205e-03   1.42419e-02  -3.57928e-03   6.72220e-04
  24  beta_phi    -2.66818e-03   6.72027e-03   1.44163e-03   8.47603e-04
 EXTERNAL ERROR MATRIX.    NDIM=  25    NPAR=  8    ERR DEF=1
  7.741e+06 -2.158e-01  1.095e+00 -1.742e+01 -7.786e-05  3.612e-01  4.357e-01  4.757e+00 
 -2.158e-01  1.483e-06  2.646e-07  8.377e-05 -1.935e-10  8.935e-07 -4.772e-07 -8.110e-07 
  1.095e+00  2.646e-07  1.219e-05 -9.101e-06  1.290e-10  7.543e-07 -3.309e-06  2.637e-06 
 -1.742e+01  8.377e-05 -9.101e-06  8.842e-01  6.360e-08  1.753e-04 -2.488e-05 -1.572e-04 
 -7.786e-05 -1.935e-10  1.290e-10  6.360e-08  6.540e-12  5.810e-11  7.995e-10  5.222e-10 
  3.612e-01  8.935e-07  7.543e-07  1.753e-04  5.810e-11  5.191e-05  1.938e-06 -2.950e-08 
  4.357e-01 -4.772e-07 -3.309e-06 -2.488e-05  7.995e-10  1.938e-06  4.684e-05  2.369e-07 
  4.757e+00 -8.110e-07  2.637e-06 -1.572e-04  5.222e-10 -2.950e-08  2.369e-07  5.530e-05 
 PARAMETER  CORRELATION COEFFICIENTS  
       NO.  GLOBAL      1      3      4     20     21     22     23     24
        1  0.25567   1.000 -0.064  0.113 -0.007 -0.011  0.018  0.023  0.230
        3  0.19181  -0.064  1.000  0.062  0.073 -0.062  0.102 -0.057 -0.090
        4  0.21114   0.113  0.062  1.000 -0.003  0.014  0.030 -0.138  0.102
       20  0.08360  -0.007  0.073 -0.003  1.000  0.026  0.026 -0.004 -0.022
       21  0.09060  -0.011 -0.062  0.014  0.026  1.000  0.003  0.046  0.027
       22  0.11884   0.018  0.102  0.030  0.026  0.003  1.000  0.039 -0.001
       23  0.16474   0.023 -0.057 -0.138 -0.004  0.046  0.039  1.000  0.005
       24  0.25688   0.230 -0.090  0.102 -0.022  0.027 -0.001  0.005  1.000
MINUIT - FIT ONLY 1-CBO + wiggle
 **********
 **   16 **RES 
 **********
                   PARAMETER   16  beta_vw RESTORED TO VARIABLE.
                   PARAMETER   14  alpha_vw RESTORED TO VARIABLE.
                   PARAMETER   13  beta_y RESTORED TO VARIABLE.
                   PARAMETER   11  alpha_y RESTORED TO VARIABLE.
                   PARAMETER   10  beta_2CBO RESTORED TO VARIABLE.
                   PARAMETER    9  alpha_2CBO RESTORED TO VARIABLE.
                   PARAMETER    8  beta_CBO RESTORED TO VARIABLE.
                   PARAMETER    6  alpha_CBO RESTORED TO VARIABLE.
 **********
 **   17 **FIX            8
 **********
 **********
 **   18 **FIX            9
 **********
 **********
 **   19 **FIX           11
 **********
 **********
 **   20 **FIX           12
 **********
 PARAMETER   12  IS CONSTANT.   IGNORED.
 **********
 **   21 **FIX           14
 **********
 **********
 **   22 **FIX           15
 **********
 PARAMETER   15  IS CONSTANT.   IGNORED.
 **********
 **   23 **FIX           16
 **********
 **********
 **   24 **MIGRAD
 **********
 START MIGRAD MINIMIZATION.  STRATEGY  1.  CONVERGENCE WHEN EDM .LT. 1.00e-04
 FCN=62.4796 FROM MIGRAD    STATUS=INITIATE       28 CALLS         849 TOTAL
                     EDM= unknown      STRATEGY= 1      NO ERROR MATRIX       
  EXT PARAMETER               CURRENT GUESS       STEP         FIRST   
  NO.   NAME      VALUE            ERROR          SIZE      DERIVATIVE 
   1  N0           3.19540e+06   2.78226e+03  -8.79794e-01  -2.74033e-07
   2  tau          6.43945e+01   constant   
   3  A0           3.47600e-01   1.21782e-03   6.91105e-07  -8.40201e-01
   4  phi          4.12993e+00   3.49189e-03   6.88305e-06   1.17527e-01
   5  R           -5.98741e+01   constant   
   6  alpha_CBO    0.00000e+00   1.00000e-03   1.00000e-03  -3.74611e+03
   7  w_CBO        2.32500e+00   constant   
   8  beta_CBO     0.00000e+00     fixed    
   9  alpha_2CBO   0.00000e+00     fixed    
  10  beta_2CBO    0.00000e+00   1.00000e-03   1.00000e-03  -2.49758e+03
  11  alpha_y      0.00000e+00     fixed    
  12  w_y          1.38860e+01   constant   
  13  beta_y       0.00000e+00   1.00000e-03   1.00000e-03   1.05632e+03
  14  alpha_vw     0.00000e+00     fixed    
  15  w_vw         1.43404e+01   constant   
  16  beta_vw      0.00000e+00     fixed    
  17  LM          -2.15884e-04   constant   
  18  zeta_y       0.00000e+00   constant   
  19  zeta_vw      0.00000e+00   constant   
  20  T_CBO        1.00000e+03   9.11359e+02   2.55324e-04** at limit **
  21  alpha_A0    -1.00000e-02   4.57574e-03  -2.64144e-04** at limit **
  22  beta_A0      6.21125e-04   6.59521e-03   4.44708e-04  -3.52507e-04
  23  alpha_phi   -9.30205e-03   1.42419e-02  -3.57928e-03   6.73197e-04
  24  beta_phi    -2.66818e-03   6.72027e-03   1.44163e-03  -8.47598e-04
 MIGRAD MINIMIZATION HAS CONVERGED.
 MIGRAD WILL VERIFY CONVERGENCE AND ERROR MATRIX.
 COVARIANCE MATRIX CALCULATED SUCCESSFULLY
 FCN=54.6658 FROM MIGRAD    STATUS=CONVERGED     251 CALLS        1072 TOTAL
                     EDM=9.15051e-07    STRATEGY= 1      ERROR MATRIX ACCURATE 
  EXT PARAMETER                                   STEP         FIRST   
  NO.   NAME      VALUE            ERROR          SIZE      DERIVATIVE 
   1  N0           3.19538e+06   2.85482e+03   9.05151e+00  -3.49252e-08
   2  tau          6.43945e+01   constant   
   3  A0           3.47739e-01   1.19545e-03   4.29936e-06  -2.94161e-01
   4  phi          4.13155e+00   3.63010e-03   1.27213e-05   6.55577e-02
   5  R           -5.98741e+01   constant   
   6  alpha_CBO    2.79444e-03   1.25539e-03   4.43662e-06   5.58619e-02
   7  w_CBO        2.32500e+00   constant   
   8  beta_CBO     0.00000e+00     fixed    
   9  alpha_2CBO   0.00000e+00     fixed    
  10  beta_2CBO    1.69027e-03   1.25203e-03   4.46828e-06   5.06125e-01
  11  alpha_y      0.00000e+00     fixed    
  12  w_y          1.38860e+01   constant   
  13  beta_y      -8.26011e-04   1.22830e-03   4.47238e-06   3.33233e-01
  14  alpha_vw     0.00000e+00     fixed    
  15  w_vw         1.43404e+01   constant   
  16  beta_vw      0.00000e+00     fixed    
  17  LM          -2.15884e-04   constant   
  18  zeta_y       0.00000e+00   constant   
  19  zeta_vw      0.00000e+00   constant   
  20  T_CBO        1.00000e+03   8.66037e+02   7.48146e-03** at limit **
  21  alpha_A0    -1.00000e-02   1.30311e-02   4.24713e-03** at limit **
  22  beta_A0      1.65478e-03   6.61768e-03   2.62914e-03  -1.12672e-03
  23  alpha_phi   -1.00000e-02   1.44163e-02   5.29273e-03** at limit **
  24  beta_phi    -2.40907e-03   6.77394e-03   2.71498e-03   1.04886e-03
 EXTERNAL ERROR MATRIX.    NDIM=  25    NPAR= 11    ERR DEF=1
  8.150e+06 
 -2.546e-01  1.429e-06 
  1.249e+00  1.309e-07  1.318e-05 
 -1.272e-01  5.405e-08  9.872e-07  1.576e-06 
  1.901e-01  1.545e-08 -2.324e-07 -1.473e-07  1.568e-06 
  6.093e-02 -3.254e-09 -4.832e-08 -3.003e-08  1.987e-08  1.509e-06 
  1.583e-03 -6.888e-10 -5.278e-10 -4.030e-11 -4.150e-10 -3.793e-11  1.126e-06 
  6.080e-10 -1.347e-16  1.553e-16  8.582e-17  2.235e-18  2.701e-18 -6.038e-19  7.130e-20 
 -2.708e-01 -7.656e-07 -1.146e-06 -4.271e-07  1.515e-06  1.432e-07  3.496e-09  5.496e-16  5.263e-05 
  5.639e-07 -1.617e-12 -3.871e-12 -1.094e-12 -1.842e-12 -1.928e-13 -1.410e-14  9.151e-22 -2.227e-12  3.024e-12 
 -4.918e+00  9.735e-07 -3.052e-06  1.150e-07  1.797e-08  1.638e-08 -5.851e-09 -6.044e-16 -7.509e-07 -2.584e-12  5.622e-05 
 PARAMETER  CORRELATION COEFFICIENTS  
       NO.  GLOBAL      1      3      4      6     10     13     20     21     22     23     24
        1  0.26790   1.000 -0.075  0.120 -0.035  0.053  0.017  0.001  0.001 -0.013  0.000 -0.230
        3  0.15945  -0.075  1.000  0.030  0.036  0.010 -0.002 -0.001 -0.000 -0.088 -0.001  0.109
        4  0.27326   0.120  0.030  1.000  0.217 -0.051 -0.011 -0.000  0.000 -0.044 -0.001 -0.112
        6  0.24277  -0.035  0.036  0.217  1.000 -0.094 -0.019 -0.000  0.000 -0.047 -0.001  0.012
       10  0.20083   0.053  0.010 -0.051 -0.094  1.000  0.013 -0.000  0.000  0.167 -0.001  0.002
       13  0.03251   0.017 -0.002 -0.011 -0.019  0.013  1.000 -0.000  0.000  0.016 -0.000  0.002
       20  0.00113   0.001 -0.001 -0.000 -0.000 -0.000 -0.000  1.000 -0.000  0.000 -0.000 -0.001
       21  0.00097   0.001 -0.000  0.000  0.000  0.000  0.000 -0.000  1.000  0.000  0.000 -0.000
       22  0.19619  -0.013 -0.088 -0.044 -0.047  0.167  0.016  0.000  0.000  1.000 -0.000 -0.014
       23  0.00140   0.000 -0.001 -0.001 -0.001 -0.001 -0.000 -0.000  0.000 -0.000  1.000 -0.000
       24  0.26423  -0.230  0.109 -0.112  0.012  0.002  0.002 -0.001 -0.000 -0.014 -0.000  1.000
MINUIT - FIT ONLY 2-CBO
 **********
 **   25 **RES 
 **********
                   PARAMETER   16  beta_vw RESTORED TO VARIABLE.
                   PARAMETER   14  alpha_vw RESTORED TO VARIABLE.
                   PARAMETER   11  alpha_y RESTORED TO VARIABLE.
                   PARAMETER    9  alpha_2CBO RESTORED TO VARIABLE.
                   PARAMETER    8  beta_CBO RESTORED TO VARIABLE.
 **********
 **   26 **FIX            0
 **********
 PARAMETER    0  IS UNDEFINED. IGNORED.
 **********
 **   27 **FIX            1
 **********
 **********
 **   28 **FIX            2
 **********
 PARAMETER    2  IS CONSTANT.   IGNORED.
 **********
 **   29 **FIX            3
 **********
 **********
 **   30 **FIX            4
 **********
 **********
 **   31 **FIX            5
 **********
 PARAMETER    5  IS CONSTANT.   IGNORED.
 **********
 **   32 **FIX            6
 **********
 **********
 **   33 **FIX            7
 **********
 PARAMETER    7  IS CONSTANT.   IGNORED.
 **********
 **   34 **FIX           10
 **********
 **********
 **   35 **FIX           11
 **********
 **********
 **   36 **FIX           12
 **********
 PARAMETER   12  IS CONSTANT.   IGNORED.
 **********
 **   37 **FIX           13
 **********
 **********
 **   38 **FIX           14
 **********
 **********
 **   39 **FIX           15
 **********
 PARAMETER   15  IS CONSTANT.   IGNORED.
 **********
 **   40 **FIX           16
 **********
 **********
 **   41 **MIGRAD
 **********
 START MIGRAD MINIMIZATION.  STRATEGY  1.  CONVERGENCE WHEN EDM .LT. 1.00e-04
 FCN=54.6658 FROM MIGRAD    STATUS=INITIATE       18 CALLS        1090 TOTAL
                     EDM= unknown      STRATEGY= 1      NO ERROR MATRIX       
  EXT PARAMETER               CURRENT GUESS       STEP         FIRST   
  NO.   NAME      VALUE            ERROR          SIZE      DERIVATIVE 
   1  N0           3.19538e+06     fixed    
   2  tau          6.43945e+01   constant   
   3  A0           3.47739e-01     fixed    
   4  phi          4.13155e+00     fixed    
   5  R           -5.98741e+01   constant   
   6  alpha_CBO    2.79444e-03     fixed    
   7  w_CBO        2.32500e+00   constant   
   8  beta_CBO     0.00000e+00   1.00000e-03   1.00000e-03  -1.20859e+03
   9  alpha_2CBO   0.00000e+00   1.00000e-03   1.00000e-03  -2.88066e+03
  10  beta_2CBO    1.69027e-03     fixed    
  11  alpha_y      0.00000e+00     fixed    
  12  w_y          1.38860e+01   constant   
  13  beta_y      -8.26011e-04     fixed    
  14  alpha_vw     0.00000e+00     fixed    
  15  w_vw         1.43404e+01   constant   
  16  beta_vw      0.00000e+00     fixed    
  17  LM          -2.15884e-04   constant   
  18  zeta_y       0.00000e+00   constant   
  19  zeta_vw      0.00000e+00   constant   
  20  T_CBO        9.99999e+02   8.66037e+02   7.48146e-03  -9.26390e-04
  21  alpha_A0    -9.99998e-03   1.30311e-02   4.24713e-03   2.87296e-03
  22  beta_A0      1.65478e-03   6.61768e-03   2.62914e-03  -1.12963e-03
  23  alpha_phi   -9.99998e-03   1.44163e-02   5.29273e-03   1.84801e-03
  24  beta_phi    -2.40907e-03   6.77394e-03   2.71498e-03   1.05278e-03
 MIGRAD MINIMIZATION HAS CONVERGED.
 MIGRAD WILL VERIFY CONVERGENCE AND ERROR MATRIX.
 COVARIANCE MATRIX CALCULATED SUCCESSFULLY
 FCN=50.9431 FROM MIGRAD    STATUS=CONVERGED     120 CALLS        1192 TOTAL
                     EDM=3.61927e-06    STRATEGY= 1      ERROR MATRIX ACCURATE 
  EXT PARAMETER                                   STEP         FIRST   
  NO.   NAME      VALUE            ERROR          SIZE      DERIVATIVE 
   1  N0           3.19538e+06     fixed    
   2  tau          6.43945e+01   constant   
   3  A0           3.47739e-01     fixed    
   4  phi          4.13155e+00     fixed    
   5  R           -5.98741e+01   constant   
   6  alpha_CBO    2.79444e-03     fixed    
   7  w_CBO        2.32500e+00   constant   
   8  beta_CBO     9.74714e-04   1.22915e-03   4.28191e-06  -6.03731e-01
   9  alpha_2CBO   2.17547e-03   1.22151e-03   4.25213e-06   3.67596e-01
  10  beta_2CBO    1.69027e-03     fixed    
  11  alpha_y      0.00000e+00     fixed    
  12  w_y          1.38860e+01   constant   
  13  beta_y      -8.26011e-04     fixed    
  14  alpha_vw     0.00000e+00     fixed    
  15  w_vw         1.43404e+01   constant   
  16  beta_vw      0.00000e+00     fixed    
  17  LM          -2.15884e-04   constant   
  18  zeta_y       0.00000e+00   constant   
  19  zeta_vw      0.00000e+00   constant   
  20  T_CBO        1.00000e+03   9.48742e+02   8.74472e-03** at limit **
  21  alpha_A0    -1.00000e-02   1.49636e-02   5.49558e-03** at limit **
  22  beta_A0      2.72989e-03   6.53934e-03   2.60294e-03  -3.20530e-03
  23  alpha_phi   -1.00000e-02   1.49382e-02   5.48401e-03** at limit **
  24  beta_phi    -8.33293e-04   6.67922e-03   2.55507e-03  -1.00944e-03
 EXTERNAL ERROR MATRIX.    NDIM=  25    NPAR=  7    ERR DEF=1
  1.511e-06  4.308e-08  2.043e-09 -3.502e-14  1.173e-06  3.391e-14 -3.705e-07 
  4.308e-08  1.492e-06  2.114e-08  6.424e-13  2.569e-07  2.595e-14  1.251e-06 
  2.043e-09  2.114e-08  1.436e-03 -2.454e-13  2.751e-07 -1.124e-13 -9.159e-08 
 -3.502e-14  6.424e-13 -2.454e-13  4.259e-13  2.308e-12  4.715e-19 -1.492e-13 
  1.173e-06  2.569e-07  2.751e-07  2.308e-12  5.170e-05 -1.870e-13 -8.611e-07 
  3.391e-14  2.595e-14 -1.124e-13  4.715e-19 -1.870e-13  4.900e-14 -2.312e-13 
 -3.705e-07  1.251e-06 -9.159e-08 -1.492e-13 -8.611e-07 -2.312e-13  5.358e-05 
 PARAMETER  CORRELATION COEFFICIENTS  
       NO.  GLOBAL      8      9     20     21     22     23     24
        8  0.14167   1.000  0.029  0.000 -0.000  0.133  0.000 -0.041
        9  0.14667   0.029  1.000  0.000  0.001  0.029  0.000  0.140
       20  0.00117   0.000  0.000  1.000 -0.000  0.001 -0.000 -0.000
       21  0.00095  -0.000  0.001 -0.000  1.000  0.000  0.000 -0.000
       22  0.13592   0.133  0.029  0.001  0.000  1.000 -0.000 -0.016
       23  0.00026   0.000  0.000 -0.000  0.000 -0.000  1.000 -0.000
       24  0.14778  -0.041  0.140 -0.000 -0.000 -0.016 -0.000  1.000
MINUIT - FIT wiggle + 1-CBO + 2-CBO
 **********
 **   42 **RES 
 **********
                   PARAMETER   16  beta_vw RESTORED TO VARIABLE.
                   PARAMETER   14  alpha_vw RESTORED TO VARIABLE.
                   PARAMETER   13  beta_y RESTORED TO VARIABLE.
                   PARAMETER   11  alpha_y RESTORED TO VARIABLE.
                   PARAMETER   10  beta_2CBO RESTORED TO VARIABLE.
                   PARAMETER    6  alpha_CBO RESTORED TO VARIABLE.
                   PARAMETER    4  phi RESTORED TO VARIABLE.
                   PARAMETER    3  A0 RESTORED TO VARIABLE.
                   PARAMETER    1  N0 RESTORED TO VARIABLE.
 **********
 **   43 **FIX           10
 **********
 **********
 **   44 **FIX           11
 **********
 **********
 **   45 **FIX           12
 **********
 PARAMETER   12  IS CONSTANT.   IGNORED.
 **********
 **   46 **FIX           13
 **********
 **********
 **   47 **FIX           14
 **********
 **********
 **   48 **FIX           15
 **********
 PARAMETER   15  IS CONSTANT.   IGNORED.
 **********
 **   49 **FIX           16
 **********
 **********
 **   50 **MIGRAD
 **********
 START MIGRAD MINIMIZATION.  STRATEGY  1.  CONVERGENCE WHEN EDM .LT. 1.00e-04
 FCN=50.9431 FROM MIGRAD    STATUS=INITIATE       22 CALLS        1214 TOTAL
                     EDM= unknown      STRATEGY= 1      NO ERROR MATRIX       
  EXT PARAMETER               CURRENT GUESS       STEP         FIRST   
  NO.   NAME      VALUE            ERROR          SIZE      DERIVATIVE 
   1  N0           3.19538e+06   2.85482e+03   2.85482e+03   7.92959e-05
   2  tau          6.43945e+01   constant   
   3  A0           3.47739e-01   1.19545e-03   1.19545e-03   3.38796e+02
   4  phi          4.13155e+00   3.63010e-03   3.63010e-03   6.26872e+01
   5  R           -5.98741e+01   constant   
   6  alpha_CBO    2.79444e-03   1.25539e-03   1.25539e-03  -1.56296e+01
   7  w_CBO        2.32500e+00   constant   
   8  beta_CBO     9.74714e-04   1.22915e-03   4.28191e-06  -6.03694e-01
   9  alpha_2CBO   2.17547e-03   1.22151e-03   4.25213e-06   3.66769e-01
  10  beta_2CBO    1.69027e-03     fixed    
  11  alpha_y      0.00000e+00     fixed    
  12  w_y          1.38860e+01   constant   
  13  beta_y      -8.26011e-04     fixed    
  14  alpha_vw     0.00000e+00     fixed    
  15  w_vw         1.43404e+01   constant   
  16  beta_vw      0.00000e+00     fixed    
  17  LM          -2.15884e-04   constant   
  18  zeta_y       0.00000e+00   constant   
  19  zeta_vw      0.00000e+00   constant   
  20  T_CBO        9.99999e+02   9.48742e+02   8.74472e-03  -6.30165e-04
  21  alpha_A0    -9.99998e-03   1.49636e-02   5.49558e-03   1.59805e-03
  22  beta_A0      2.72989e-03   6.53934e-03   2.60294e-03  -3.20955e-03
  23  alpha_phi   -9.99998e-03   1.49382e-02   5.48401e-03   1.60844e-03
  24  beta_phi    -8.33293e-04   6.67922e-03   2.55507e-03  -1.00789e-03
 MIGRAD MINIMIZATION HAS CONVERGED.
 MIGRAD WILL VERIFY CONVERGENCE AND ERROR MATRIX.
 COVARIANCE MATRIX CALCULATED SUCCESSFULLY
 FCN=50.872 FROM MIGRAD    STATUS=CONVERGED     194 CALLS        1386 TOTAL
                     EDM=1.63529e-06    STRATEGY= 1      ERROR MATRIX ACCURATE 
  EXT PARAMETER                                   STEP         FIRST   
  NO.   NAME      VALUE            ERROR          SIZE      DERIVATIVE 
   1  N0           3.19504e+06   2.85804e+03   8.73687e+00  -2.17235e-08
   2  tau          6.43945e+01   constant   
   3  A0           3.47487e-01   1.22642e-03   4.15066e-06   2.74043e-02
   4  phi          4.13106e+00   3.63862e-03   1.22922e-05   3.74328e-03
   5  R           -5.98741e+01   constant   
   6  alpha_CBO    2.77286e-03   1.25073e-03   4.28312e-06  -7.20945e-03
   7  w_CBO        2.32500e+00   constant   
   8  beta_CBO     1.05021e-03   1.26668e-03   4.27936e-06   2.07642e-01
   9  alpha_2CBO   2.19327e-03   1.22467e-03   4.24963e-06  -3.64645e-01
  10  beta_2CBO    1.69027e-03     fixed    
  11  alpha_y      0.00000e+00     fixed    
  12  w_y          1.38860e+01   constant   
  13  beta_y      -8.26011e-04     fixed    
  14  alpha_vw     0.00000e+00     fixed    
  15  w_vw         1.43404e+01   constant   
  16  beta_vw      0.00000e+00     fixed    
  17  LM          -2.15884e-04   constant   
  18  zeta_y       0.00000e+00   constant   
  19  zeta_vw      0.00000e+00   constant   
  20  T_CBO        1.00000e+03   9.60367e+02   9.01600e-03** at limit **
  21  alpha_A0    -1.00000e-02   1.49098e-02   5.45111e-03** at limit **
  22  beta_A0      2.99129e-03   6.58198e-03   2.62088e-03   5.07048e-04
  23  alpha_phi   -1.00000e-02   1.55280e-02   5.89745e-03** at limit **
  24  beta_phi    -7.12018e-04   6.88654e-03   2.55450e-03  -2.12557e-03
 EXTERNAL ERROR MATRIX.    NDIM=  25    NPAR= 11    ERR DEF=1
  8.168e+06 
 -2.034e-01  1.504e-06 
  1.331e+00  1.794e-07  1.324e-05 
 -1.116e-01  4.629e-08  9.689e-07  1.564e-06 
 -2.355e-01 -3.476e-07 -1.920e-07  4.459e-08  1.604e-06 
 -1.385e-01 -2.919e-08 -2.610e-07 -3.355e-08  5.596e-08  1.500e-06 
  5.400e-02 -2.479e-08 -2.316e-08 -2.898e-09  5.611e-09  1.430e-08  5.748e-04 
  4.037e-07 -9.299e-14  8.847e-14  5.645e-14  4.445e-15  9.800e-14 -2.606e-14  1.131e-14 
 -6.998e-01 -1.102e-06 -1.226e-06 -2.533e-07  1.461e-06  3.135e-07  2.144e-07  3.935e-13  5.276e-05 
  2.559e-07 -6.544e-13 -1.603e-12 -4.740e-13  2.394e-13  1.140e-13 -2.033e-13  2.457e-19  8.733e-14  2.902e-13 
 -4.983e+00  1.028e-06 -3.240e-06  7.386e-08 -4.102e-07  1.361e-06 -9.617e-08 -3.202e-13 -9.182e-07 -9.272e-13  5.778e-05 
 PARAMETER  CORRELATION COEFFICIENTS  
       NO.  GLOBAL      1      3      4      6      8      9     20     21     22     23     24
        1  0.27214   1.000 -0.058  0.128 -0.031 -0.065 -0.040  0.001  0.001 -0.034  0.000 -0.229
        3  0.27175  -0.058  1.000  0.040  0.030 -0.224 -0.019 -0.001 -0.001 -0.124 -0.001  0.110
        4  0.27781   0.128  0.040  1.000  0.213 -0.042 -0.059 -0.000  0.000 -0.046 -0.001 -0.117
        6  0.22750  -0.031  0.030  0.213  1.000  0.028 -0.022 -0.000  0.000 -0.028 -0.001  0.008
        8  0.27768  -0.065 -0.224 -0.042  0.028  1.000  0.036  0.000  0.000  0.159  0.000 -0.043
        9  0.16243  -0.040 -0.019 -0.059 -0.022  0.036  1.000  0.000  0.001  0.035  0.000  0.146
       20  0.00175   0.001 -0.001 -0.000 -0.000  0.000  0.000  1.000 -0.000  0.001 -0.000 -0.001
       21  0.00182   0.001 -0.001  0.000  0.000  0.000  0.001 -0.000  1.000  0.001  0.000 -0.000
       22  0.19187  -0.034 -0.124 -0.046 -0.028  0.159  0.035  0.001  0.001  1.000  0.000 -0.017
       23  0.00141   0.000 -0.001 -0.001 -0.001  0.000  0.000 -0.000  0.000  0.000  1.000 -0.000
       24  0.30223  -0.229  0.110 -0.117  0.008 -0.043  0.146 -0.001 -0.000 -0.017 -0.000  1.000
MINUIT - FIT ONLY 1-y
 **********
 **   51 **RES 
 **********
                   PARAMETER   16  beta_vw RESTORED TO VARIABLE.
                   PARAMETER   14  alpha_vw RESTORED TO VARIABLE.
                   PARAMETER   13  beta_y RESTORED TO VARIABLE.
                   PARAMETER   11  alpha_y RESTORED TO VARIABLE.
                   PARAMETER   10  beta_2CBO RESTORED TO VARIABLE.
 **********
 **   52 **FIX            0
 **********
 PARAMETER    0  IS UNDEFINED. IGNORED.
 **********
 **   53 **FIX            1
 **********
 **********
 **   54 **FIX            2
 **********
 PARAMETER    2  IS CONSTANT.   IGNORED.
 **********
 **   55 **FIX            3
 **********
 **********
 **   56 **FIX            4
 **********
 **********
 **   57 **FIX            5
 **********
 PARAMETER    5  IS CONSTANT.   IGNORED.
 **********
 **   58 **FIX            6
 **********
 **********
 **   59 **FIX            7
 **********
 PARAMETER    7  IS CONSTANT.   IGNORED.
 **********
 **   60 **FIX            8
 **********
 **********
 **   61 **FIX            9
 **********
 **********
 **   62 **FIX           13
 **********
 **********
 **   63 **FIX           14
 **********
 **********
 **   64 **FIX           15
 **********
 PARAMETER   15  IS CONSTANT.   IGNORED.
 **********
 **   65 **FIX           16
 **********
 **********
 **   66 **MIGRAD
 **********
 START MIGRAD MINIMIZATION.  STRATEGY  1.  CONVERGENCE WHEN EDM .LT. 1.00e-04
 FCN=50.872 FROM MIGRAD    STATUS=INITIATE       16 CALLS        1402 TOTAL
                     EDM= unknown      STRATEGY= 1      NO ERROR MATRIX       
  EXT PARAMETER               CURRENT GUESS       STEP         FIRST   
  NO.   NAME      VALUE            ERROR          SIZE      DERIVATIVE 
   1  N0           3.19504e+06     fixed    
   2  tau          6.43945e+01   constant   
   3  A0           3.47487e-01     fixed    
   4  phi          4.13106e+00     fixed    
   5  R           -5.98741e+01   constant   
   6  alpha_CBO    2.77286e-03     fixed    
   7  w_CBO        2.32500e+00   constant   
   8  beta_CBO     1.05021e-03     fixed    
   9  alpha_2CBO   2.19327e-03     fixed    
  10  beta_2CBO    1.69027e-03   1.25203e-03   1.25203e-03   2.93063e+01
  11  alpha_y      0.00000e+00   1.00000e-03   1.00000e-03  -1.96541e+03
  12  w_y          1.38860e+01   constant   
  13  beta_y      -8.26011e-04     fixed    
  14  alpha_vw     0.00000e+00     fixed    
  15  w_vw         1.43404e+01   constant   
  16  beta_vw      0.00000e+00     fixed    
  17  LM          -2.15884e-04   constant   
  18  zeta_y       0.00000e+00   constant   
  19  zeta_vw      0.00000e+00   constant   
  20  T_CBO        9.99999e+02   9.60367e+02   9.01600e-03  -5.91069e-04
  21  alpha_A0    -9.99998e-03   1.49098e-02   5.45111e-03   1.62022e-03
  22  beta_A0      2.99129e-03   6.58198e-03   2.62088e-03   5.02392e-04
  23  alpha_phi   -9.99998e-03   1.55280e-02   5.89745e-03   1.38980e-03
  24  beta_phi    -7.12018e-04   6.88654e-03   2.55450e-03  -2.12419e-03
 MIGRAD MINIMIZATION HAS CONVERGED.
 MIGRAD WILL VERIFY CONVERGENCE AND ERROR MATRIX.
 COVARIANCE MATRIX CALCULATED SUCCESSFULLY
 FCN=49.4637 FROM MIGRAD    STATUS=CONVERGED     116 CALLS        1502 TOTAL
                     EDM=1.50303e-07    STRATEGY= 1      ERROR MATRIX ACCURATE 
  EXT PARAMETER                                   STEP         FIRST   
  NO.   NAME      VALUE            ERROR          SIZE      DERIVATIVE 
   1  N0           3.19504e+06     fixed    
   2  tau          6.43945e+01   constant   
   3  A0           3.47487e-01     fixed    
   4  phi          4.13106e+00     fixed    
   5  R           -5.98741e+01   constant   
   6  alpha_CBO    2.77286e-03     fixed    
   7  w_CBO        2.32500e+00   constant   
   8  beta_CBO     1.05021e-03     fixed    
   9  alpha_2CBO   2.19327e-03     fixed    
  10  beta_2CBO    1.67414e-03   1.24385e-03   4.25461e-06   3.69707e-02
  11  alpha_y      1.43279e-03   1.20752e-03   4.18748e-06  -2.39698e-03
  12  w_y          1.38860e+01   constant   
  13  beta_y      -8.26011e-04     fixed    
  14  alpha_vw     0.00000e+00     fixed    
  15  w_vw         1.43404e+01   constant   
  16  beta_vw      0.00000e+00     fixed    
  17  LM          -2.15884e-04   constant   
  18  zeta_y       0.00000e+00   constant   
  19  zeta_vw      0.00000e+00   constant   
  20  T_CBO        1.00000e+03   9.70282e+02   9.19364e-03** at limit **
  21  alpha_A0    -1.00000e-02   1.51286e-02   5.53784e-03** at limit **
  22  beta_A0      3.12738e-03   6.55194e-03   2.60298e-03  -3.68518e-04
  23  alpha_phi   -1.00000e-02   1.58041e-02   6.01546e-03** at limit **
  24  beta_phi    -6.17373e-04   6.62677e-03   2.51799e-03   6.46515e-04
 EXTERNAL ERROR MATRIX.    NDIM=  25    NPAR=  7    ERR DEF=1
  1.547e-06  6.741e-09 -3.431e-10 -3.591e-17  1.489e-06 -8.717e-15  8.622e-08 
  6.741e-09  1.458e-06  5.154e-11  6.423e-16  1.628e-07  5.825e-16  8.824e-08 
 -3.431e-10  5.154e-11  2.599e-07 -4.234e-17  4.201e-09 -5.632e-17 -1.371e-09 
 -3.591e-17  6.423e-16 -4.234e-17  3.910e-17  2.234e-14  1.520e-22 -7.015e-15 
  1.489e-06  1.628e-07  4.201e-09  2.234e-14  5.228e-05 -1.550e-14 -6.548e-07 
 -8.717e-15  5.825e-16 -5.632e-17  1.520e-22 -1.550e-14  3.534e-17 -8.481e-15 
  8.622e-08  8.824e-08 -1.371e-09 -7.015e-15 -6.548e-07 -8.481e-15  5.252e-05 
 PARAMETER  CORRELATION COEFFICIENTS  
       NO.  GLOBAL     10     11     20     21     22     23     24
       10  0.16598   1.000  0.004 -0.001 -0.000  0.166 -0.001  0.010
       11  0.02135   0.004  1.000  0.000  0.000  0.019  0.000  0.010
       20  0.00140  -0.001  0.000  1.000 -0.000  0.001 -0.000 -0.000
       21  0.00053  -0.000  0.000 -0.000  1.000  0.000  0.000 -0.000
       22  0.16715   0.166  0.019  0.001  0.000  1.000 -0.000 -0.012
       23  0.00121  -0.001  0.000 -0.000  0.000 -0.000  1.000 -0.000
       24  0.02004   0.010  0.010 -0.000 -0.000 -0.012 -0.000  1.000
MINUIT - FIT ONLY 2-y
 **********
 **   67 **RES 
 **********
                   PARAMETER   16  beta_vw RESTORED TO VARIABLE.
                   PARAMETER   14  alpha_vw RESTORED TO VARIABLE.
                   PARAMETER   13  beta_y RESTORED TO VARIABLE.
                   PARAMETER    9  alpha_2CBO RESTORED TO VARIABLE.
                   PARAMETER    8  beta_CBO RESTORED TO VARIABLE.
                   PARAMETER    6  alpha_CBO RESTORED TO VARIABLE.
                   PARAMETER    4  phi RESTORED TO VARIABLE.
                   PARAMETER    3  A0 RESTORED TO VARIABLE.
                   PARAMETER    1  N0 RESTORED TO VARIABLE.
 **********
 **   68 **FIX            0
 **********
 PARAMETER    0  IS UNDEFINED. IGNORED.
 **********
 **   69 **FIX            1
 **********
 **********
 **   70 **FIX            2
 **********
 PARAMETER    2  IS CONSTANT.   IGNORED.
 **********
 **   71 **FIX            3
 **********
 **********
 **   72 **FIX            4
 **********
 **********
 **   73 **FIX            5
 **********
 PARAMETER    5  IS CONSTANT.   IGNORED.
 **********
 **   74 **FIX            6
 **********
 **********
 **   75 **FIX            7
 **********
 PARAMETER    7  IS CONSTANT.   IGNORED.
 **********
 **   76 **FIX            8
 **********
 **********
 **   77 **FIX            9
 **********
 **********
 **   78 **FIX           10
 **********
 **********
 **   79 **FIX           11
 **********
 **********
 **   80 **FIX           12
 **********
 PARAMETER   12  IS CONSTANT.   IGNORED.
 **********
 **   81 **FIX           16
 **********
 **********
 **   82 **MIGRAD
 **********
 START MIGRAD MINIMIZATION.  STRATEGY  1.  CONVERGENCE WHEN EDM .LT. 1.00e-04
 FCN=49.4637 FROM MIGRAD    STATUS=INITIATE       16 CALLS        1518 TOTAL
                     EDM= unknown      STRATEGY= 1      NO ERROR MATRIX       
  EXT PARAMETER               CURRENT GUESS       STEP         FIRST   
  NO.   NAME      VALUE            ERROR          SIZE      DERIVATIVE 
   1  N0           3.19504e+06     fixed    
   2  tau          6.43945e+01   constant   
   3  A0           3.47487e-01     fixed    
   4  phi          4.13106e+00     fixed    
   5  R           -5.98741e+01   constant   
   6  alpha_CBO    2.77286e-03     fixed    
   7  w_CBO        2.32500e+00   constant   
   8  beta_CBO     1.05021e-03     fixed    
   9  alpha_2CBO   2.19327e-03     fixed    
  10  beta_2CBO    1.67414e-03     fixed    
  11  alpha_y      1.43279e-03     fixed    
  12  w_y          1.38860e+01   constant   
  13  beta_y      -8.26011e-04   1.22830e-03   1.22830e-03   9.19737e+00
  14  alpha_vw     0.00000e+00   1.00000e-03   1.00000e-03   8.65895e+02
  15  w_vw         1.43404e+01   constant   
  16  beta_vw      0.00000e+00     fixed    
  17  LM          -2.15884e-04   constant   
  18  zeta_y       0.00000e+00   constant   
  19  zeta_vw      0.00000e+00   constant   
  20  T_CBO        9.99999e+02   9.70282e+02   9.19364e-03  -5.56679e-04
  21  alpha_A0    -9.99998e-03   1.51286e-02   5.53784e-03   1.53261e-03
  22  beta_A0      3.12738e-03   6.55194e-03   2.60298e-03  -3.73256e-04
  23  alpha_phi   -9.99998e-03   1.58041e-02   6.01546e-03   1.30177e-03
  24  beta_phi    -6.17373e-04   6.62677e-03   2.51799e-03   6.47749e-04
 MIGRAD MINIMIZATION HAS CONVERGED.
 MIGRAD WILL VERIFY CONVERGENCE AND ERROR MATRIX.
 COVARIANCE MATRIX CALCULATED SUCCESSFULLY
 FCN=49.1566 FROM MIGRAD    STATUS=CONVERGED     116 CALLS        1618 TOTAL
                     EDM=1.30279e-09    STRATEGY= 1      ERROR MATRIX ACCURATE 
  EXT PARAMETER                                   STEP         FIRST   
  NO.   NAME      VALUE            ERROR          SIZE      DERIVATIVE 
   1  N0           3.19504e+06     fixed    
   2  tau          6.43945e+01   constant   
   3  A0           3.47487e-01     fixed    
   4  phi          4.13106e+00     fixed    
   5  R           -5.98741e+01   constant   
   6  alpha_CBO    2.77286e-03     fixed    
   7  w_CBO        2.32500e+00   constant   
   8  beta_CBO     1.05021e-03     fixed    
   9  alpha_2CBO   2.19327e-03     fixed    
  10  beta_2CBO    1.67414e-03     fixed    
  11  alpha_y      1.43279e-03     fixed    
  12  w_y          1.38860e+01   constant   
  13  beta_y      -1.04632e-03   1.28675e-03   4.24526e-06  -4.35714e-04
  14  alpha_vw    -7.06892e-04   1.27575e-03   4.20796e-06   1.67400e-03
  15  w_vw         1.43404e+01   constant   
  16  beta_vw      0.00000e+00     fixed    
  17  LM          -2.15884e-04   constant   
  18  zeta_y       0.00000e+00   constant   
  19  zeta_vw      0.00000e+00   constant   
  20  T_CBO        1.00000e+03   9.73465e+02   9.26300e-03** at limit **
  21  alpha_A0    -1.00000e-02   1.51129e-02   5.51169e-03** at limit **
  22  beta_A0      3.00574e-03   6.48645e-03   2.58664e-03   1.05976e-05
  23  alpha_phi   -1.00000e-02   1.60182e-02   6.14009e-03** at limit **
  24  beta_phi    -6.54796e-04   6.62631e-03   2.51083e-03  -6.60778e-05
 EXTERNAL ERROR MATRIX.    NDIM=  25    NPAR=  7    ERR DEF=1
  1.656e-06  4.913e-07 -9.579e-10  4.904e-17  2.044e-07 -4.817e-14  7.220e-08 
  4.913e-07  1.628e-06 -7.963e-10  5.307e-16  2.814e-07 -4.335e-14  8.306e-08 
 -9.579e-10 -7.963e-10  9.256e-05 -4.863e-15  8.407e-08 -4.298e-14 -2.707e-08 
  4.904e-17  5.307e-16 -4.863e-15  1.364e-15  1.309e-13  3.379e-20 -4.127e-14 
  2.044e-07  2.814e-07  8.407e-08  1.309e-13  5.088e-05 -2.826e-13 -7.251e-07 
 -4.817e-14 -4.335e-14 -4.298e-14  3.379e-20 -2.826e-13  4.695e-14 -3.084e-13 
  7.220e-08  8.306e-08 -2.707e-08 -4.127e-14 -7.251e-07 -3.084e-13  5.251e-05 
 PARAMETER  CORRELATION COEFFICIENTS  
       NO.  GLOBAL     13     14     20     21     22     23     24
       13  0.29961   1.000  0.299 -0.000  0.000  0.022 -0.000  0.008
       14  0.30035   0.299  1.000 -0.000  0.000  0.031 -0.000  0.009
       20  0.00129  -0.000 -0.000  1.000 -0.000  0.001 -0.000 -0.000
       21  0.00052   0.000  0.000 -0.000  1.000  0.000  0.000 -0.000
       22  0.03675   0.022  0.031  0.001  0.000  1.000 -0.000 -0.014
       23  0.00034  -0.000 -0.000 -0.000  0.000 -0.000  1.000 -0.000
