 + ++++++++++++++++++++++++++++++++++++++++++++++++++++++++++++++++++++ +
 +                                                                      +
 +           You have chose to blind your fitting according to          +
 +                omega_ref * (1 + (R +/- deltaR) *10^{-6})             +
 +                                                                      +
 + ++++++++++++++++++++++++++++++++++++++++++++++++++++++++++++++++++++ +
In main()...
reading format from /gm2data/zkhechad/run45/envelope/formats/formatB_sBin_constraintOn.txt
pBinTau 	= 0  
pBinPhi 	= 0  
constraintau 	= 1 
includeMopTerm 	= 0    
constrainMop    = 0   
Parameters after format file: pBinTau 0 pBinPhi 0 constraintau 1 includeMopTerm 0 constrainMop 0 c_e_scale 0.000000 
Opening file /gm2data/tbarrett/gm2fr/studies/run23_bunch_corrections/CorrectedFourier_Run3b.root.
reading full fit data from /gm2data/zkhechad/cboTemplates/Run4CBOTemplates/templateFits0_v2.0/noRF/sBin_constraintOn_cE0.0_seed0_noRF_calo23.root
windowBins = 69
fitting sliding window 1138 from bin 1274 at 189.931600 to bin 1343 at 200.375600 (69 bins)

Reading data from /gm2data/cornell/histograms/aMethod/histogram_a_noRF.root
 **********
 **    1 **SET PRINTOUT            1
 **********
 **********
 **    2 **SET NOWARNINGS 
 **********
 PARAMETER DEFINITIONS:
    NO.   NAME         VALUE      STEP SIZE      LIMITS
     1 N0           3.09806e+06  1.00000e+02     no limits
     2 tau          6.44406e+01  constant
     3 A0           3.43401e-01  1.00000e-04     no limits
     4 phi          4.11985e+00  1.00000e-02     no limits
     5 R           -6.14862e+01  constant
     6 alpha_CBO    0.00000e+00  1.00000e-03     no limits
     7 w_CBO        2.32500e+00  constant
     8 beta_CBO     0.00000e+00  1.00000e-03     no limits
     9 alpha_2CBO   0.00000e+00  1.00000e-03     no limits
    10 beta_2CBO    0.00000e+00  1.00000e-03     no limits
    11 alpha_y      0.00000e+00  1.00000e-03     no limits
    12 w_y          1.44500e+01  constant
    13 beta_y       0.00000e+00  1.00000e-03     no limits
    14 alpha_vw     0.00000e+00  1.00000e-03     no limits
    15 w_vw         1.29000e+01  constant
    16 beta_vw      0.00000e+00  1.00000e-03     no limits
    17 LM           1.22331e-03  constant
    18 zeta_y       0.00000e+00  constant
    19 zeta_vw      0.00000e+00  constant
    20 T_CBO        1.00000e+02  1.00000e+00    0.00000e+00  1.00000e+03
    21 alpha_A0     0.00000e+00  1.00000e-03     no limits
    22 beta_A0      0.00000e+00  1.00000e-03     no limits
    23 alpha_phi    0.00000e+00  1.00000e-03     no limits
    24 beta_phi     0.00000e+00  1.00000e-03     no limits
MINUIT - FIT ONLY WIGGLE
 **********
 **    3 **FIX            5
 **********
 PARAMETER    5  IS CONSTANT.   IGNORED.
 **********
 **    4 **FIX            6
 **********
 **********
 **    5 **FIX            7
 **********
 PARAMETER    7  IS CONSTANT.   IGNORED.
 **********
 **    6 **FIX            8
 **********
 **********
 **    7 **FIX            9
 **********
 **********
 **    8 **FIX           10
 **********
 **********
 **    9 **FIX           11
 **********
 **********
 **   10 **FIX           12
 **********
 PARAMETER   12  IS CONSTANT.   IGNORED.
 **********
 **   11 **FIX           13
 **********
 **********
 **   12 **FIX           14
 **********
 **********
 **   13 **FIX           15
 **********
 PARAMETER   15  IS CONSTANT.   IGNORED.
 **********
 **   14 **FIX           16
 **********
 **********
 **   15 **MIGRAD
 **********
 FIRST CALL TO USER FUNCTION AT NEW START POINT, WITH IFLAG=4.
 START MIGRAD MINIMIZATION.  STRATEGY  1.  CONVERGENCE WHEN EDM .LT. 1.00e-04
 FCN=361.723 FROM MIGRAD    STATUS=INITIATE      437 CALLS         438 TOTAL
                     EDM= unknown      STRATEGY= 1      NO ERROR MATRIX       
  EXT PARAMETER               CURRENT GUESS       STEP         FIRST   
  NO.   NAME      VALUE            ERROR          SIZE      DERIVATIVE 
   1  N0           3.09806e+06   1.00000e+02   0.00000e+00  -4.72246e-03
   2  tau          6.44406e+01   constant   
   3  A0           3.43401e-01   1.00000e-04   0.00000e+00  -9.12150e+03
   4  phi          4.11985e+00   1.00000e-02   0.00000e+00   8.99484e+03
   5  R           -6.14862e+01   constant   
   6  alpha_CBO    0.00000e+00     fixed    
   7  w_CBO        2.32500e+00   constant   
   8  beta_CBO     0.00000e+00     fixed    
   9  alpha_2CBO   0.00000e+00     fixed    
  10  beta_2CBO    0.00000e+00     fixed    
  11  alpha_y      0.00000e+00     fixed    
  12  w_y          1.44500e+01   constant   
  13  beta_y       0.00000e+00     fixed    
  14  alpha_vw     0.00000e+00     fixed    
  15  w_vw         1.29000e+01   constant   
  16  beta_vw      0.00000e+00     fixed    
  17  LM           1.22331e-03   constant   
  18  zeta_y       0.00000e+00   constant   
  19  zeta_vw      0.00000e+00   constant   
  20  T_CBO        1.00000e+02   1.00000e+00   0.00000e+00   0.00000e+00
  21  alpha_A0     0.00000e+00   1.00000e-03   0.00000e+00   1.04775e+03
  22  beta_A0      0.00000e+00   1.00000e-03   0.00000e+00   6.22127e+01
  23  alpha_phi    0.00000e+00   1.00000e-03   0.00000e+00   1.49885e+03
  24  beta_phi     0.00000e+00   1.00000e-03   0.00000e+00   3.19156e+02
 CALL LIMIT EXCEEDED IN MIGRAD.
 MIGRAD TERMINATED WITHOUT CONVERGENCE.
 FCN=295.605 FROM MIGRAD    STATUS=CALL LIMIT   1320 CALLS        1321 TOTAL
                     EDM=0.00536046    STRATEGY= 1  ERROR MATRIX UNCERTAINTY   4.8 per cent
  EXT PARAMETER                APPROXIMATE        STEP         FIRST   
  NO.   NAME      VALUE            ERROR          SIZE      DERIVATIVE 
   1  N0           3.09881e+06   6.02466e+02   2.99165e+01   3.06903e-05
   2  tau          6.44406e+01   constant   
   3  A0           3.43692e-01   2.59946e-04  -1.44305e-05  -8.15040e+01
   4  phi          4.11641e+00   8.04069e-04  -3.44222e-05  -3.15344e+01
   5  R           -6.14862e+01   constant   
   6  alpha_CBO    0.00000e+00     fixed    
   7  w_CBO        2.32500e+00   constant   
   8  beta_CBO     0.00000e+00     fixed    
   9  alpha_2CBO   0.00000e+00     fixed    
  10  beta_2CBO    0.00000e+00     fixed    
  11  alpha_y      0.00000e+00     fixed    
  12  w_y          1.44500e+01   constant   
  13  beta_y       0.00000e+00     fixed    
  14  alpha_vw     0.00000e+00     fixed    
  15  w_vw         1.29000e+01   constant   
  16  beta_vw      0.00000e+00     fixed    
  17  LM           1.22331e-03   constant   
  18  zeta_y       0.00000e+00   constant   
  19  zeta_vw      0.00000e+00   constant   
  20  T_CBO        4.26540e+01   1.11246e+01  -5.84199e-03  -1.93941e+01
  21  alpha_A0    -4.24458e-01   4.56222e-01  -4.72278e-02   9.54246e-01
  22  beta_A0     -7.90859e-02   4.42350e-02  -4.35958e-03  -1.29403e-01
  23  alpha_phi   -5.35124e-01   5.70542e-01  -5.89222e-02   1.17046e+00
  24  beta_phi    -1.27381e-01   1.30410e-01  -1.34176e-02   1.89282e-01
 EXTERNAL ERROR MATRIX.    NDIM=  25    NPAR=  8    ERR DEF=1
  3.630e+05 -1.614e-02 -7.395e-03 -8.596e+02 -4.135e+01 -1.106e+00 -4.972e+01 -1.034e+01 
 -1.614e-02  6.757e-08 -5.270e-09  4.562e-04  2.115e-05  1.049e-06  2.591e-05  5.596e-06 
 -7.395e-03 -5.270e-09  6.465e-07  2.847e-04  2.267e-05  2.601e-06  2.818e-05  6.049e-06 
 -8.596e+02  4.562e-04  2.847e-04  1.239e+02  5.038e+00  4.440e-01  6.303e+00  1.441e+00 
 -4.135e+01  2.115e-05  2.267e-05  5.038e+00  2.081e-01  1.753e-02  2.602e-01  5.935e-02 
 -1.106e+00  1.049e-06  2.601e-06  4.440e-01  1.753e-02  1.957e-03  2.195e-02  5.083e-03 
 -4.972e+01  2.591e-05  2.818e-05  6.303e+00  2.602e-01  2.195e-02  3.255e-01  7.424e-02 
 -1.034e+01  5.596e-06  6.049e-06  1.441e+00  5.935e-02  5.083e-03  7.424e-02  1.701e-02 
ERR MATRIX APPROXIMATE
 PARAMETER  CORRELATION COEFFICIENTS  
       NO.  GLOBAL      1      3      4     20     21     22     23     24
        1  0.34961   1.000 -0.103 -0.015 -0.128 -0.150 -0.041 -0.145 -0.132
        3  0.29244  -0.103  1.000 -0.025  0.158  0.178  0.091  0.175  0.165
        4  0.36734  -0.015 -0.025  1.000  0.032  0.062  0.073  0.061  0.058
       20  0.99625  -0.128  0.158  0.032  1.000  0.992  0.902  0.993  0.993
       21  0.99975  -0.150  0.178  0.062  0.992  1.000  0.868  1.000  0.998
       22  0.93806  -0.041  0.091  0.073  0.902  0.868  1.000  0.870  0.881
       23  0.99978  -0.145  0.175  0.061  0.993  1.000  0.870  1.000  0.998
       24  0.99828  -0.132  0.165  0.058  0.993  0.998  0.881  0.998  1.000
 ERR MATRIX APPROXIMATE
MINUIT - FIT ONLY 1-CBO + wiggle
 **********
 **   16 **RES 
 **********
                   PARAMETER   16  beta_vw RESTORED TO VARIABLE.
                   PARAMETER   14  alpha_vw RESTORED TO VARIABLE.
                   PARAMETER   13  beta_y RESTORED TO VARIABLE.
                   PARAMETER   11  alpha_y RESTORED TO VARIABLE.
                   PARAMETER   10  beta_2CBO RESTORED TO VARIABLE.
                   PARAMETER    9  alpha_2CBO RESTORED TO VARIABLE.
                   PARAMETER    8  beta_CBO RESTORED TO VARIABLE.
                   PARAMETER    6  alpha_CBO RESTORED TO VARIABLE.
 **********
 **   17 **FIX            8
 **********
 **********
 **   18 **FIX            9
 **********
 **********
 **   19 **FIX           11
 **********
 **********
 **   20 **FIX           12
 **********
 PARAMETER   12  IS CONSTANT.   IGNORED.
 **********
 **   21 **FIX           14
 **********
 **********
 **   22 **FIX           15
 **********
 PARAMETER   15  IS CONSTANT.   IGNORED.
 **********
 **   23 **FIX           16
 **********
 **********
 **   24 **MIGRAD
 **********
 START MIGRAD MINIMIZATION.  STRATEGY  1.  CONVERGENCE WHEN EDM .LT. 1.00e-04
 FCN=295.605 FROM MIGRAD    STATUS=INITIATE       28 CALLS        1349 TOTAL
                     EDM= unknown      STRATEGY= 1      NO ERROR MATRIX       
  EXT PARAMETER               CURRENT GUESS       STEP         FIRST   
  NO.   NAME      VALUE            ERROR          SIZE      DERIVATIVE 
   1  N0           3.09881e+06   6.02466e+02   2.99165e+01   3.06903e-05
   2  tau          6.44406e+01   constant   
   3  A0           3.43692e-01   2.59946e-04  -1.44305e-05  -8.15040e+01
   4  phi          4.11641e+00   8.04069e-04  -3.44222e-05  -3.15344e+01
   5  R           -6.14862e+01   constant   
   6  alpha_CBO    0.00000e+00   1.00000e-03   1.00000e-03   1.16055e+05
   7  w_CBO        2.32500e+00   constant   
   8  beta_CBO     0.00000e+00     fixed    
   9  alpha_2CBO   0.00000e+00     fixed    
  10  beta_2CBO    0.00000e+00   1.00000e-03   1.00000e-03  -1.24599e+04
  11  alpha_y      0.00000e+00     fixed    
  12  w_y          1.44500e+01   constant   
  13  beta_y       0.00000e+00   1.00000e-03   1.00000e-03   1.09714e+04
  14  alpha_vw     0.00000e+00     fixed    
  15  w_vw         1.29000e+01   constant   
  16  beta_vw      0.00000e+00     fixed    
  17  LM           1.22331e-03   constant   
  18  zeta_y       0.00000e+00   constant   
  19  zeta_vw      0.00000e+00   constant   
  20  T_CBO        4.26540e+01   1.11246e+01  -5.84199e-03  -1.93941e+01
  21  alpha_A0    -4.24458e-01   4.56222e-01  -4.72278e-02   9.54246e-01
  22  beta_A0     -7.90859e-02   4.42350e-02  -4.35958e-03  -1.29403e-01
  23  alpha_phi   -5.35124e-01   5.70542e-01  -5.89222e-02   1.17046e+00
  24  beta_phi    -1.27381e-01   1.30410e-01  -1.34176e-02   1.89282e-01
 MIGRAD MINIMIZATION HAS CONVERGED.
 FCN=50.4558 FROM MIGRAD    STATUS=CONVERGED     195 CALLS        1516 TOTAL
                     EDM=9.8961e-06    STRATEGY= 1  ERROR MATRIX UNCERTAINTY   2.5 per cent
  EXT PARAMETER                                   STEP         FIRST   
  NO.   NAME      VALUE            ERROR          SIZE      DERIVATIVE 
   1  N0           3.09847e+06   6.16631e+02   3.25565e+00   4.65518e-06
   2  tau          6.44406e+01   constant   
   3  A0           3.43218e-01   2.63130e-04  -3.83773e-07   2.60646e+00
   4  phi          4.11935e+00   8.29374e-04  -1.37022e-06  -3.56559e-01
   5  R           -6.14862e+01   constant   
   6  alpha_CBO   -4.16984e-03   2.68471e-04   1.15909e-07  -1.58079e+00
   7  w_CBO        2.32500e+00   constant   
   8  beta_CBO     0.00000e+00     fixed    
   9  alpha_2CBO   0.00000e+00     fixed    
  10  beta_2CBO    2.31710e-04   2.70757e-04   4.96889e-08  -2.20608e+00
  11  alpha_y      0.00000e+00     fixed    
  12  w_y          1.44500e+01   constant   
  13  beta_y      -3.45611e-04   2.61713e-04   1.19181e-07   4.03552e+00
  14  alpha_vw     0.00000e+00     fixed    
  15  w_vw         1.29000e+01   constant   
  16  beta_vw      0.00000e+00     fixed    
  17  LM           1.22331e-03   constant   
  18  zeta_y       0.00000e+00   constant   
  19  zeta_vw      0.00000e+00   constant   
  20  T_CBO        4.08798e+01   1.58151e+00   3.41935e-05  -5.22495e-01
  21  alpha_A0    -3.76033e-01   1.09600e-01  -3.31853e-04  -2.54124e-02
  22  beta_A0      5.43127e-03   1.39551e-01  -4.19626e-04  -7.17936e-03
  23  alpha_phi   -4.10288e-01   1.14937e-01   3.04965e-04  -2.82643e-02
  24  beta_phi    -1.68876e-01   1.23101e-01   3.26386e-04   9.12738e-04
 EXTERNAL ERROR MATRIX.    NDIM=  25    NPAR= 11    ERR DEF=1
  3.802e+05 
 -2.177e-02  6.924e-08 
 -1.745e-02 -4.998e-09  6.879e-07 
  6.447e-03  7.664e-09 -5.084e-08  7.208e-08 
  3.616e-03 -9.300e-10 -1.361e-08  3.364e-09  7.331e-08 
 -1.228e-03  3.405e-10 -1.837e-09 -3.311e-10 -4.145e-11  6.849e-08 
  2.394e+02 -4.476e-05 -1.870e-04  4.146e-05 -1.161e-05  1.008e-05  2.501e+00 
 -8.064e+00  3.455e-06 -7.541e-07 -8.085e-07  1.787e-06 -2.970e-08 -1.879e-02  1.201e-02 
  1.160e+01 -3.442e-06  1.901e-05 -2.343e-06 -5.850e-06 -4.587e-08 -2.426e-02 -2.612e-03  1.947e-02 
  2.308e+01 -5.105e-06 -2.962e-06 -1.442e-06  2.859e-06  1.934e-07  6.311e-02 -3.254e-03 -8.044e-04  1.321e-02 
  2.085e+01 -5.563e-06 -4.416e-06  9.121e-07  2.745e-06 -7.314e-08  4.062e-02 -2.320e-03  1.362e-04  4.635e-03  1.515e-02 
 PARAMETER  CORRELATION COEFFICIENTS  
       NO.  GLOBAL      1      3      4      6     10     13     20     21     22     23     24
        1  0.42743   1.000 -0.134 -0.034  0.039  0.022 -0.008  0.245 -0.119  0.135  0.326  0.275
        3  0.26931  -0.134  1.000 -0.023  0.108 -0.013  0.005 -0.108  0.120 -0.094 -0.169 -0.172
        4  0.29603  -0.034 -0.023  1.000 -0.228 -0.061 -0.008 -0.143 -0.008  0.164 -0.031 -0.043
        6  0.28552   0.039  0.108 -0.228  1.000  0.046 -0.005  0.098 -0.027 -0.063 -0.047  0.028
       10  0.22350   0.022 -0.013 -0.061  0.046  1.000 -0.001 -0.027  0.060 -0.155  0.092  0.082
       13  0.03128  -0.008  0.005 -0.008 -0.005 -0.001  1.000  0.024 -0.001 -0.001  0.006 -0.002
       20  0.43287   0.245 -0.108 -0.143  0.098 -0.027  0.024  1.000 -0.108 -0.110  0.347  0.209
       21  0.34359  -0.119  0.120 -0.008 -0.027  0.060 -0.001 -0.108  1.000 -0.171 -0.258 -0.172
       22  0.35199   0.135 -0.094  0.164 -0.063 -0.155 -0.001 -0.110 -0.171  1.000 -0.050  0.008
       23  0.53023   0.326 -0.169 -0.031 -0.047  0.092  0.006  0.347 -0.258 -0.050  1.000  0.328
       24  0.40695   0.275 -0.172 -0.043  0.028  0.082 -0.002  0.209 -0.172  0.008  0.328  1.000
MINUIT - FIT ONLY 2-CBO
 **********
 **   25 **RES 
 **********
                   PARAMETER   16  beta_vw RESTORED TO VARIABLE.
                   PARAMETER   14  alpha_vw RESTORED TO VARIABLE.
                   PARAMETER   11  alpha_y RESTORED TO VARIABLE.
                   PARAMETER    9  alpha_2CBO RESTORED TO VARIABLE.
                   PARAMETER    8  beta_CBO RESTORED TO VARIABLE.
 **********
 **   26 **FIX            0
 **********
 PARAMETER    0  IS UNDEFINED. IGNORED.
 **********
 **   27 **FIX            1
 **********
 **********
 **   28 **FIX            2
 **********
 PARAMETER    2  IS CONSTANT.   IGNORED.
 **********
 **   29 **FIX            3
 **********
 **********
 **   30 **FIX            4
 **********
 **********
 **   31 **FIX            5
 **********
 PARAMETER    5  IS CONSTANT.   IGNORED.
 **********
 **   32 **FIX            6
 **********
 **********
 **   33 **FIX            7
 **********
 PARAMETER    7  IS CONSTANT.   IGNORED.
 **********
 **   34 **FIX           10
 **********
 **********
 **   35 **FIX           11
 **********
 **********
 **   36 **FIX           12
 **********
 PARAMETER   12  IS CONSTANT.   IGNORED.
 **********
 **   37 **FIX           13
 **********
 **********
 **   38 **FIX           14
 **********
 **********
 **   39 **FIX           15
 **********
 PARAMETER   15  IS CONSTANT.   IGNORED.
 **********
 **   40 **FIX           16
 **********
 **********
 **   41 **MIGRAD
 **********
 START MIGRAD MINIMIZATION.  STRATEGY  1.  CONVERGENCE WHEN EDM .LT. 1.00e-04
 FCN=50.4558 FROM MIGRAD    STATUS=INITIATE       18 CALLS        1534 TOTAL
                     EDM= unknown      STRATEGY= 1      NO ERROR MATRIX       
  EXT PARAMETER               CURRENT GUESS       STEP         FIRST   
  NO.   NAME      VALUE            ERROR          SIZE      DERIVATIVE 
   1  N0           3.09847e+06     fixed    
   2  tau          6.44406e+01   constant   
   3  A0           3.43218e-01     fixed    
   4  phi          4.11935e+00     fixed    
   5  R           -6.14862e+01   constant   
   6  alpha_CBO   -4.16984e-03     fixed    
   7  w_CBO        2.32500e+00   constant   
   8  beta_CBO     0.00000e+00   1.00000e-03   1.00000e-03  -1.63788e+04
   9  alpha_2CBO   0.00000e+00   1.00000e-03   1.00000e-03   5.80168e+03
  10  beta_2CBO    2.31710e-04     fixed    
  11  alpha_y      0.00000e+00     fixed    
  12  w_y          1.44500e+01   constant   
  13  beta_y      -3.45611e-04     fixed    
  14  alpha_vw     0.00000e+00     fixed    
  15  w_vw         1.29000e+01   constant   
  16  beta_vw      0.00000e+00     fixed    
  17  LM           1.22331e-03   constant   
  18  zeta_y       0.00000e+00   constant   
  19  zeta_vw      0.00000e+00   constant   
  20  T_CBO        4.08798e+01   1.58151e+00   3.41935e-05  -5.22495e-01
  21  alpha_A0    -3.76033e-01   1.09600e-01  -3.31853e-04  -2.54123e-02
  22  beta_A0      5.43127e-03   1.39551e-01  -4.19626e-04  -7.17946e-03
  23  alpha_phi   -4.10288e-01   1.14937e-01   3.04965e-04  -2.82643e-02
  24  beta_phi    -1.68876e-01   1.23101e-01   3.26386e-04   9.12739e-04
 CALL LIMIT EXCEEDED IN MIGRAD.
 MIGRAD TERMINATED WITHOUT CONVERGENCE.
 FCN=44.8523 FROM MIGRAD    STATUS=CALL LIMIT   1156 CALLS        2672 TOTAL
                     EDM=0.000300951    STRATEGY= 1  ERROR MATRIX UNCERTAINTY  23.4 per cent
  EXT PARAMETER                APPROXIMATE        STEP         FIRST   
  NO.   NAME      VALUE            ERROR          SIZE      DERIVATIVE 
   1  N0           3.09847e+06     fixed    
   2  tau          6.44406e+01   constant   
   3  A0           3.43218e-01     fixed    
   4  phi          4.11935e+00     fixed    
   5  R           -6.14862e+01   constant   
   6  alpha_CBO   -4.16984e-03     fixed    
   7  w_CBO        2.32500e+00   constant   
   8  beta_CBO     5.92458e-04   2.62473e-04   2.00698e-07   2.01214e+01
   9  alpha_2CBO  -2.41361e-04   2.62815e-04  -3.79896e-07  -2.17971e+01
  10  beta_2CBO    2.31710e-04     fixed    
  11  alpha_y      0.00000e+00     fixed    
  12  w_y          1.44500e+01   constant   
  13  beta_y      -3.45611e-04     fixed    
  14  alpha_vw     0.00000e+00     fixed    
  15  w_vw         1.29000e+01   constant   
  16  beta_vw      0.00000e+00     fixed    
  17  LM           1.22331e-03   constant   
  18  zeta_y       0.00000e+00   constant   
  19  zeta_vw      0.00000e+00   constant   
  20  T_CBO        7.79961e+01   6.63432e+01  -3.05147e-04  -2.12975e-01
  21  alpha_A0    -3.75834e-02   8.37795e-02  -2.22008e-04   7.60390e-01
  22  beta_A0      5.25388e-04   1.50107e-02  -2.75411e-05  -4.59323e-01
  23  alpha_phi   -4.29101e-02   9.40021e-02  -2.20528e-04  -1.20909e-01
  24  beta_phi    -1.82668e-02   4.04106e-02  -9.88588e-05  -5.28222e-01
 EXTERNAL ERROR MATRIX.    NDIM=  25    NPAR=  7    ERR DEF=1
  6.889e-08 -3.380e-09  2.693e-03  2.958e-06 -1.852e-07  3.907e-06  1.436e-06 
 -3.380e-09  6.907e-08 -3.378e-03 -4.442e-06 -3.684e-07 -4.279e-06 -2.691e-06 
  2.693e-03 -3.378e-03  4.494e+03  5.533e+00 -2.798e-01  6.213e+00  2.508e+00 
  2.958e-06 -4.442e-06  5.533e+00  7.019e-03 -3.103e-04  7.580e-03  3.126e-03 
 -1.852e-07 -3.684e-07 -2.798e-01 -3.103e-04  2.253e-04 -4.285e-04 -1.289e-04 
  3.907e-06 -4.279e-06  6.213e+00  7.580e-03 -4.285e-04  8.836e-03  3.413e-03 
  1.436e-06 -2.691e-06  2.508e+00  3.126e-03 -1.289e-04  3.413e-03  1.633e-03 
ERR MATRIX APPROXIMATE
 PARAMETER  CORRELATION COEFFICIENTS  
       NO.  GLOBAL      8      9     20     21     22     23     24
        8  0.18320   1.000 -0.049  0.153  0.135 -0.047  0.158  0.135
        9  0.30901  -0.049  1.000 -0.192 -0.202 -0.093 -0.173 -0.253
       20  0.99537   0.153 -0.192  1.000  0.985 -0.278  0.986  0.926
       21  0.98704   0.135 -0.202  0.985  1.000 -0.247  0.962  0.923
       22  0.37282  -0.047 -0.093 -0.278 -0.247  1.000 -0.304 -0.212
       23  0.98787   0.158 -0.173  0.986  0.962 -0.304  1.000  0.899
       24  0.93322   0.135 -0.253  0.926  0.923 -0.212  0.899  1.000
 ERR MATRIX APPROXIMATE
MINUIT - FIT wiggle + 1-CBO + 2-CBO
 **********
 **   42 **RES 
 **********
                   PARAMETER   16  beta_vw RESTORED TO VARIABLE.
                   PARAMETER   14  alpha_vw RESTORED TO VARIABLE.
                   PARAMETER   13  beta_y RESTORED TO VARIABLE.
                   PARAMETER   11  alpha_y RESTORED TO VARIABLE.
                   PARAMETER   10  beta_2CBO RESTORED TO VARIABLE.
                   PARAMETER    6  alpha_CBO RESTORED TO VARIABLE.
                   PARAMETER    4  phi RESTORED TO VARIABLE.
                   PARAMETER    3  A0 RESTORED TO VARIABLE.
                   PARAMETER    1  N0 RESTORED TO VARIABLE.
 **********
 **   43 **FIX           10
 **********
 **********
 **   44 **FIX           11
 **********
 **********
 **   45 **FIX           12
 **********
 PARAMETER   12  IS CONSTANT.   IGNORED.
 **********
 **   46 **FIX           13
 **********
 **********
 **   47 **FIX           14
 **********
 **********
 **   48 **FIX           15
 **********
 PARAMETER   15  IS CONSTANT.   IGNORED.
 **********
 **   49 **FIX           16
 **********
 **********
 **   50 **MIGRAD
 **********
 START MIGRAD MINIMIZATION.  STRATEGY  1.  CONVERGENCE WHEN EDM .LT. 1.00e-04
 FCN=44.8523 FROM MIGRAD    STATUS=INITIATE       22 CALLS        2694 TOTAL
                     EDM= unknown      STRATEGY= 1      NO ERROR MATRIX       
  EXT PARAMETER               CURRENT GUESS       STEP         FIRST   
  NO.   NAME      VALUE            ERROR          SIZE      DERIVATIVE 
   1  N0           3.09847e+06   6.16631e+02   6.16631e+02  -6.74281e-04
   2  tau          6.44406e+01   constant   
   3  A0           3.43218e-01   2.63130e-04   2.63130e-04  -3.49379e+03
   4  phi          4.11935e+00   8.29374e-04   8.29374e-04  -9.42866e+02
   5  R           -6.14862e+01   constant   
   6  alpha_CBO   -4.16984e-03   2.68471e-04   2.68471e-04  -4.46640e+02
   7  w_CBO        2.32500e+00   constant   
   8  beta_CBO     5.92458e-04   2.62473e-04   2.00698e-07   2.01214e+01
   9  alpha_2CBO  -2.41361e-04   2.62815e-04  -3.79896e-07  -2.17972e+01
  10  beta_2CBO    2.31710e-04     fixed    
  11  alpha_y      0.00000e+00     fixed    
  12  w_y          1.44500e+01   constant   
  13  beta_y      -3.45611e-04     fixed    
  14  alpha_vw     0.00000e+00     fixed    
  15  w_vw         1.29000e+01   constant   
  16  beta_vw      0.00000e+00     fixed    
  17  LM           1.22331e-03   constant   
  18  zeta_y       0.00000e+00   constant   
  19  zeta_vw      0.00000e+00   constant   
  20  T_CBO        7.79961e+01   6.63432e+01  -3.05147e-04  -2.12975e-01
  21  alpha_A0    -3.75834e-02   8.37795e-02  -2.22008e-04   7.60390e-01
  22  beta_A0      5.25388e-04   1.50107e-02  -2.75411e-05  -4.59324e-01
  23  alpha_phi   -4.29101e-02   9.40021e-02  -2.20528e-04  -1.20909e-01
  24  beta_phi    -1.82668e-02   4.04106e-02  -9.88588e-05  -5.28222e-01
 CALL LIMIT EXCEEDED IN MIGRAD.
 MIGRAD TERMINATED WITHOUT CONVERGENCE.
 FCN=44.3938 FROM MIGRAD    STATUS=CALL LIMIT   1907 CALLS        4579 TOTAL
                     EDM=0.000267646    STRATEGY= 1  ERROR MATRIX UNCERTAINTY   0.1 per cent
  EXT PARAMETER                APPROXIMATE        STEP         FIRST   
  NO.   NAME      VALUE            ERROR          SIZE      DERIVATIVE 
   1  N0           3.09855e+06   5.80808e+02   4.50953e-01   1.05061e-06
   2  tau          6.44406e+01   constant   
   3  A0           3.43346e-01   2.51832e-04  -1.52222e-07  -6.83334e-01
   4  phi          4.11968e+00   8.04677e-04  -1.01240e-06  -4.52247e+00
   5  R           -6.14862e+01   constant   
   6  alpha_CBO   -4.16107e-03   2.57712e-04   8.88823e-07   2.19849e+01
   7  w_CBO        2.32500e+00   constant   
   8  beta_CBO     6.30087e-04   2.73275e-04  -7.81274e-07  -4.29095e+00
   9  alpha_2CBO  -2.48922e-04   2.60392e-04   1.14995e-06   5.27066e+01
  10  beta_2CBO    2.31710e-04     fixed    
  11  alpha_y      0.00000e+00     fixed    
  12  w_y          1.44500e+01   constant   
  13  beta_y      -3.45611e-04     fixed    
  14  alpha_vw     0.00000e+00     fixed    
  15  w_vw         1.29000e+01   constant   
  16  beta_vw      0.00000e+00     fixed    
  17  LM           1.22331e-03   constant   
  18  zeta_y       0.00000e+00   constant   
  19  zeta_vw      0.00000e+00   constant   
  20  T_CBO        7.27292e+02   6.41455e+02   1.05524e-01  -2.30736e-02
  21  alpha_A0    -3.95666e-03   5.42091e-03   7.82538e-05   1.29361e+01
  22  beta_A0      1.15845e-04   1.74492e-03   1.08424e-05   3.56149e+00
  23  alpha_phi   -4.59882e-03   6.29116e-03   1.01970e-04   6.49006e+00
  24  beta_phi    -2.03239e-03   3.09232e-03   5.30843e-05   1.22823e+01
 EXTERNAL ERROR MATRIX.    NDIM=  25    NPAR= 11    ERR DEF=1
  3.373e+05 
 -1.057e-02  6.342e-08 
 -2.002e-02  4.041e-11  6.475e-07 
  5.421e-03  7.561e-09 -3.672e-08  6.642e-08 
  1.303e-02  8.628e-09  3.036e-08  2.830e-09  7.468e-08 
 -5.179e-04 -1.117e-09 -1.473e-08  2.394e-09 -3.086e-09  6.780e-08 
  2.703e+03  1.548e-02 -2.094e-04  3.803e-02 -3.482e-02  5.763e-02  9.352e+06 
 -2.278e-01  7.677e-08  1.326e-07  1.391e-08 -4.097e-08  1.099e-09  1.570e+01  2.939e-05 
  1.338e-01 -3.771e-08  1.564e-07 -1.191e-08 -4.699e-09 -4.006e-08 -5.647e-01 -1.196e-06  3.045e-06 
  1.268e-01 -5.870e-09  9.475e-08  2.855e-08 -5.459e-08  1.378e-07  1.877e+01  3.094e-05 -1.517e-06  3.958e-05 
  1.446e-01 -3.399e-08 -7.073e-08  2.878e-08 -5.204e-08 -2.187e-10  8.471e+00  1.410e-05 -3.338e-07  1.686e-05  9.562e-06 
ERR MATRIX APPROXIMATE
 PARAMETER  CORRELATION COEFFICIENTS  
       NO.  GLOBAL      1      3      4      6      8      9     20     21     22     23     24
        1  0.35047   1.000 -0.072 -0.043  0.036  0.082 -0.003  0.002 -0.072  0.132  0.035  0.081
        3  0.26919  -0.072  1.000  0.000  0.116  0.125 -0.017  0.020  0.056 -0.086 -0.004 -0.044
        4  0.29813  -0.043  0.000  1.000 -0.177  0.138 -0.070 -0.000  0.030  0.111  0.019 -0.028
        6  0.28997   0.036  0.116 -0.177  1.000  0.040  0.036  0.048  0.010 -0.026  0.018  0.036
        8  0.23451   0.082  0.125  0.138  0.040  1.000 -0.043 -0.042 -0.028 -0.010 -0.032 -0.062
        9  0.29432  -0.003 -0.017 -0.070  0.036 -0.043  1.000  0.072  0.001 -0.088  0.084 -0.000
       20  0.98998   0.002  0.020 -0.000  0.048 -0.042  0.072  1.000  0.947 -0.106  0.976  0.896
       21  0.95690  -0.072  0.056  0.030  0.010 -0.028  0.001  0.947  1.000 -0.126  0.907  0.841
       22  0.32713   0.132 -0.086  0.111 -0.026 -0.010 -0.088 -0.106 -0.126  1.000 -0.138 -0.062
       23  0.97949   0.035 -0.004  0.019  0.018 -0.032  0.084  0.976  0.907 -0.138  1.000  0.867
       24  0.90560   0.081 -0.044 -0.028  0.036 -0.062 -0.000  0.896  0.841 -0.062  0.867  1.000
 ERR MATRIX APPROXIMATE
MINUIT - FIT ONLY 1-y
 **********
 **   51 **RES 
 **********
                   PARAMETER   16  beta_vw RESTORED TO VARIABLE.
                   PARAMETER   14  alpha_vw RESTORED TO VARIABLE.
                   PARAMETER   13  beta_y RESTORED TO VARIABLE.
                   PARAMETER   11  alpha_y RESTORED TO VARIABLE.
                   PARAMETER   10  beta_2CBO RESTORED TO VARIABLE.
 **********
 **   52 **FIX            0
 **********
 PARAMETER    0  IS UNDEFINED. IGNORED.
 **********
 **   53 **FIX            1
 **********
 **********
 **   54 **FIX            2
 **********
 PARAMETER    2  IS CONSTANT.   IGNORED.
 **********
 **   55 **FIX            3
 **********
 **********
 **   56 **FIX            4
 **********
 **********
 **   57 **FIX            5
 **********
 PARAMETER    5  IS CONSTANT.   IGNORED.
 **********
 **   58 **FIX            6
 **********
 **********
 **   59 **FIX            7
 **********
 PARAMETER    7  IS CONSTANT.   IGNORED.
 **********
 **   60 **FIX            8
 **********
 **********
 **   61 **FIX            9
 **********
 **********
 **   62 **FIX           13
 **********
 **********
 **   63 **FIX           14
 **********
 **********
 **   64 **FIX           15
 **********
 PARAMETER   15  IS CONSTANT.   IGNORED.
 **********
 **   65 **FIX           16
 **********
 **********
 **   66 **MIGRAD
 **********
 START MIGRAD MINIMIZATION.  STRATEGY  1.  CONVERGENCE WHEN EDM .LT. 1.00e-04
 FCN=44.3938 FROM MIGRAD    STATUS=INITIATE       16 CALLS        4595 TOTAL
                     EDM= unknown      STRATEGY= 1      NO ERROR MATRIX       
  EXT PARAMETER               CURRENT GUESS       STEP         FIRST   
  NO.   NAME      VALUE            ERROR          SIZE      DERIVATIVE 
   1  N0           3.09855e+06     fixed    
   2  tau          6.44406e+01   constant   
   3  A0           3.43346e-01     fixed    
   4  phi          4.11968e+00     fixed    
   5  R           -6.14862e+01   constant   
   6  alpha_CBO   -4.16107e-03     fixed    
   7  w_CBO        2.32500e+00   constant   
   8  beta_CBO     6.30087e-04     fixed    
   9  alpha_2CBO  -2.48922e-04     fixed    
  10  beta_2CBO    2.31710e-04   2.70757e-04   2.70757e-04  -1.36404e+03
  11  alpha_y      0.00000e+00   1.00000e-03   1.00000e-03   2.21004e+02
  12  w_y          1.44500e+01   constant   
  13  beta_y      -3.45611e-04     fixed    
  14  alpha_vw     0.00000e+00     fixed    
  15  w_vw         1.29000e+01   constant   
  16  beta_vw      0.00000e+00     fixed    
  17  LM           1.22331e-03   constant   
  18  zeta_y       0.00000e+00   constant   
  19  zeta_vw      0.00000e+00   constant   
  20  T_CBO        7.27292e+02   6.41455e+02   1.05524e-01  -2.30785e-02
  21  alpha_A0    -3.95666e-03   5.42091e-03   7.82538e-05   1.29361e+01
  22  beta_A0      1.15845e-04   1.74492e-03   1.08424e-05   3.56150e+00
  23  alpha_phi   -4.59882e-03   6.29116e-03   1.01970e-04   6.49006e+00
  24  beta_phi    -2.03239e-03   3.09232e-03   5.30843e-05   1.22823e+01
 MIGRAD MINIMIZATION HAS CONVERGED.
 MIGRAD WILL VERIFY CONVERGENCE AND ERROR MATRIX.
 COVARIANCE MATRIX CALCULATED SUCCESSFULLY
 FCN=44.3576 FROM MIGRAD    STATUS=CONVERGED     338 CALLS        4917 TOTAL
                     EDM=7.48827e-06    STRATEGY= 1      ERROR MATRIX ACCURATE 
  EXT PARAMETER                                   STEP         FIRST   
  NO.   NAME      VALUE            ERROR          SIZE      DERIVATIVE 
   1  N0           3.09855e+06     fixed    
   2  tau          6.44406e+01   constant   
   3  A0           3.43346e-01     fixed    
   4  phi          4.11968e+00     fixed    
   5  R           -6.14862e+01   constant   
   6  alpha_CBO   -4.16107e-03     fixed    
   7  w_CBO        2.32500e+00   constant   
   8  beta_CBO     6.30087e-04     fixed    
   9  alpha_2CBO  -2.48922e-04     fixed    
  10  beta_2CBO    2.80094e-04   2.67591e-04   8.57946e-07  -1.46752e+00
  11  alpha_y     -7.45469e-06   2.60563e-04   8.56597e-07  -1.41460e-01
  12  w_y          1.44500e+01   constant   
  13  beta_y      -3.45611e-04     fixed    
  14  alpha_vw     0.00000e+00     fixed    
  15  w_vw         1.29000e+01   constant   
  16  beta_vw      0.00000e+00     fixed    
  17  LM           1.22331e-03   constant   
  18  zeta_y       0.00000e+00   constant   
  19  zeta_vw      0.00000e+00   constant   
  20  T_CBO        9.99646e+02   5.44772e+02   5.30119e-02  -1.67419e-04
  21  alpha_A0    -3.66527e-03   1.33750e-03   4.36228e-06   1.05243e+00
  22  beta_A0      6.54826e-05   1.38751e-03   4.50904e-06  -2.41053e-01
  23  alpha_phi   -4.25707e-03   1.25601e-03   4.08252e-06   1.61746e+00
  24  beta_phi    -1.87586e-03   1.26587e-03   4.12754e-06   1.53652e-01
 EXTERNAL ERROR MATRIX.    NDIM=  25    NPAR=  7    ERR DEF=1
  7.160e-08  4.702e-11  7.655e-07  3.354e-08 -5.488e-08  3.312e-08  3.416e-08 
  4.702e-11  6.789e-08 -8.934e-07 -2.217e-09  6.765e-09 -1.528e-10 -4.401e-09 
  7.655e-07 -8.934e-07  1.334e+05  2.823e-02 -5.752e-04  3.267e-02  1.444e-02 
  3.354e-08 -2.217e-09  2.823e-02  1.789e-06 -6.598e-08 -8.910e-08 -6.323e-09 
 -5.488e-08  6.765e-09 -5.752e-04 -6.598e-08  1.925e-06 -3.538e-08  4.228e-08 
  3.312e-08 -1.528e-10  3.267e-02 -8.910e-08 -3.538e-08  1.578e-06  1.278e-07 
  3.416e-08 -4.401e-09  1.444e-02 -6.323e-09  4.228e-08  1.278e-07  1.602e-06 
 PARAMETER  CORRELATION COEFFICIENTS  
       NO.  GLOBAL     10     11     20     21     22     23     24
       10  0.22231   1.000  0.001  0.000  0.094 -0.148  0.099  0.101
       11  0.02459   0.001  1.000 -0.000 -0.006  0.019 -0.000 -0.013
       20  0.09885   0.000 -0.000  1.000  0.058 -0.001  0.071  0.031
       21  0.13123   0.094 -0.006  0.058  1.000 -0.036 -0.053 -0.004
       22  0.15589  -0.148  0.019 -0.001 -0.036  1.000 -0.020  0.024
       23  0.15463   0.099 -0.000  0.071 -0.053 -0.020  1.000  0.080
       24  0.13322   0.101 -0.013  0.031 -0.004  0.024  0.080  1.000
MINUIT - FIT ONLY 2-y
 **********
 **   67 **RES 
 **********
                   PARAMETER   16  beta_vw RESTORED TO VARIABLE.
                   PARAMETER   14  alpha_vw RESTORED TO VARIABLE.
                   PARAMETER   13  beta_y RESTORED TO VARIABLE.
                   PARAMETER    9  alpha_2CBO RESTORED TO VARIABLE.
                   PARAMETER    8  beta_CBO RESTORED TO VARIABLE.
                   PARAMETER    6  alpha_CBO RESTORED TO VARIABLE.
                   PARAMETER    4  phi RESTORED TO VARIABLE.
                   PARAMETER    3  A0 RESTORED TO VARIABLE.
                   PARAMETER    1  N0 RESTORED TO VARIABLE.
 **********
 **   68 **FIX            0
 **********
 PARAMETER    0  IS UNDEFINED. IGNORED.
 **********
 **   69 **FIX            1
 **********
 **********
 **   70 **FIX            2
 **********
 PARAMETER    2  IS CONSTANT.   IGNORED.
 **********
 **   71 **FIX            3
 **********
 **********
 **   72 **FIX            4
 **********
 **********
 **   73 **FIX            5
 **********
 PARAMETER    5  IS CONSTANT.   IGNORED.
 **********
 **   74 **FIX            6
 **********
 **********
 **   75 **FIX            7
 **********
 PARAMETER    7  IS CONSTANT.   IGNORED.
 **********
 **   76 **FIX            8
 **********
 **********
 **   77 **FIX            9
 **********
 **********
 **   78 **FIX           10
 **********
 **********
 **   79 **FIX           11
 **********
 **********
 **   80 **FIX           12
 **********
 PARAMETER   12  IS CONSTANT.   IGNORED.
 **********
 **   81 **FIX           16
 **********
 **********
 **   82 **MIGRAD
 **********
 START MIGRAD MINIMIZATION.  STRATEGY  1.  CONVERGENCE WHEN EDM .LT. 1.00e-04
 FCN=44.3576 FROM MIGRAD    STATUS=INITIATE       16 CALLS        4933 TOTAL
                     EDM= unknown      STRATEGY= 1      NO ERROR MATRIX       
  EXT PARAMETER               CURRENT GUESS       STEP         FIRST   
  NO.   NAME      VALUE            ERROR          SIZE      DERIVATIVE 
   1  N0           3.09855e+06     fixed    
   2  tau          6.44406e+01   constant   
   3  A0           3.43346e-01     fixed    
   4  phi          4.11968e+00     fixed    
   5  R           -6.14862e+01   constant   
   6  alpha_CBO   -4.16107e-03     fixed    
   7  w_CBO        2.32500e+00   constant   
   8  beta_CBO     6.30087e-04     fixed    
   9  alpha_2CBO  -2.48922e-04     fixed    
  10  beta_2CBO    2.80094e-04     fixed    
  11  alpha_y     -7.45469e-06     fixed    
  12  w_y          1.44500e+01   constant   
  13  beta_y      -3.45611e-04   2.61713e-04   2.61713e-04   3.48318e+02
  14  alpha_vw     0.00000e+00   1.00000e-03   1.00000e-03  -4.59448e+03
  15  w_vw         1.29000e+01   constant   
  16  beta_vw      0.00000e+00     fixed    
  17  LM           1.22331e-03   constant   
  18  zeta_y       0.00000e+00   constant   
  19  zeta_vw      0.00000e+00   constant   
  20  T_CBO        9.99646e+02   5.44772e+02   5.30119e-02  -1.70990e-04
  21  alpha_A0    -3.66527e-03   1.33750e-03   4.36228e-06   1.05244e+00
  22  beta_A0      6.54826e-05   1.38751e-03   4.50904e-06  -2.41012e-01
  23  alpha_phi   -4.25707e-03   1.25601e-03   4.08252e-06   1.61746e+00
  24  beta_phi    -1.87586e-03   1.26587e-03   4.12754e-06   1.53651e-01
 MIGRAD MINIMIZATION HAS CONVERGED.
 MIGRAD WILL VERIFY CONVERGENCE AND ERROR MATRIX.
 COVARIANCE MATRIX CALCULATED SUCCESSFULLY
 FCN=43.9833 FROM MIGRAD    STATUS=CONVERGED     115 CALLS        5032 TOTAL
                     EDM=1.48328e-08    STRATEGY= 1      ERROR MATRIX ACCURATE 
  EXT PARAMETER                                   STEP         FIRST   
  NO.   NAME      VALUE            ERROR          SIZE      DERIVATIVE 
   1  N0           3.09855e+06     fixed    
   2  tau          6.44406e+01   constant   
   3  A0           3.43346e-01     fixed    
   4  phi          4.11968e+00     fixed    
   5  R           -6.14862e+01   constant   
   6  alpha_CBO   -4.16107e-03     fixed    
   7  w_CBO        2.32500e+00   constant   
   8  beta_CBO     6.30087e-04     fixed    
   9  alpha_2CBO  -2.48922e-04     fixed    
  10  beta_2CBO    2.80094e-04     fixed    
  11  alpha_y     -7.45469e-06     fixed    
  12  w_y          1.44500e+01   constant   
  13  beta_y      -3.82004e-04   2.64764e-04   8.56848e-07   2.31971e-03
  14  alpha_vw     1.60170e-04   2.62532e-04   8.49796e-07   6.15868e-02
  15  w_vw         1.29000e+01   constant   
  16  beta_vw      0.00000e+00     fixed    
  17  LM           1.22331e-03   constant   
  18  zeta_y       0.00000e+00   constant   
  19  zeta_vw      0.00000e+00   constant   
  20  T_CBO        1.00000e+03   6.09825e+02   8.40767e-02** at limit **
  21  alpha_A0    -3.66919e-03   1.38004e-03   4.34198e-06   3.18369e-02
  22  beta_A0      6.67823e-05   1.37197e-03   4.48806e-06   2.07624e-02
  23  alpha_phi   -4.25933e-03   1.31803e-03   4.06354e-06   1.32914e-01
  24  beta_phi    -1.87851e-03   1.27281e-03   4.10836e-06  -2.77659e-02
 EXTERNAL ERROR MATRIX.    NDIM=  25    NPAR=  7    ERR DEF=1
  7.010e-08 -1.053e-08 -3.166e-07 -6.628e-09 -2.298e-09  2.306e-10 -2.435e-09 
 -1.053e-08  6.892e-08 -6.083e-08 -1.972e-09  2.828e-10 -6.044e-10 -1.298e-09 
 -3.166e-07 -6.083e-08  7.075e+01 -3.112e-03  6.478e-05 -3.600e-03 -1.592e-03 
 -6.628e-09 -1.972e-09 -3.112e-03  1.905e-06 -4.254e-08  4.682e-08  4.482e-08 
 -2.298e-09  2.828e-10  6.478e-05 -4.254e-08  1.882e-06 -1.314e-08  6.759e-08 
  2.306e-10 -6.044e-10 -3.600e-03  4.682e-08 -1.314e-08  1.737e-06  1.895e-07 
 -2.435e-09 -1.298e-09 -1.592e-03  4.482e-08  6.759e-08  1.895e-07  1.620e-06 
 PARAMETER  CORRELATION COEFFICIENTS  
       NO.  GLOBAL     13     14     20     21     22     23     24
       13  0.15311   1.000 -0.151 -0.000 -0.018 -0.006  0.001 -0.007
       14  0.15182  -0.151  1.000 -0.000 -0.005  0.001 -0.002 -0.004
       20  0.42942  -0.000 -0.000  1.000 -0.268  0.006 -0.325 -0.149
       21  0.27752  -0.018 -0.005 -0.268  1.000 -0.022  0.026  0.026
       22  0.04710  -0.006  0.001  0.006 -0.022  1.000 -0.007  0.039
       23  0.33723   0.001 -0.002 -0.325  0.026 -0.007  1.000  0.113
       24  0.16898  -0.007 -0.004 -0.149  0.026  0.039  0.113  1.000
