 + ++++++++++++++++++++++++++++++++++++++++++++++++++++++++++++++++++++ +
 +                                                                      +
 +           You have chose to blind your fitting according to          +
 +                omega_ref * (1 + (R +/- deltaR) *10^{-6})             +
 +                                                                      +
 + ++++++++++++++++++++++++++++++++++++++++++++++++++++++++++++++++++++ +
In main()...
reading format from /gm2data/zkhechad/run45/envelope/formats/formatB_sBin_constraintOn.txt
pBinTau 	= 0  
pBinPhi 	= 0  
constraintau 	= 1 
includeMopTerm 	= 0    
constrainMop    = 0   
Parameters after format file: pBinTau 0 pBinPhi 0 constraintau 1 includeMopTerm 0 constrainMop 0 c_e_scale 0.000000 
Opening file /gm2data/tbarrett/gm2fr/studies/run23_bunch_corrections/CorrectedFourier_Run3b.root.
reading full fit data from /gm2data/zkhechad/cboTemplates/Run4CBOTemplates/templateFits0_v2.0/noRF/sBin_constraintOn_cE0.0_seed0_noRF_calo24.root
windowBins = 69
fitting sliding window 1908 from bin 2044 at 304.815600 to bin 2113 at 315.259600 (69 bins)

Reading data from /gm2data/cornell/histograms/aMethod/histogram_a_noRF.root
 **********
 **    1 **SET PRINTOUT            1
 **********
 **********
 **    2 **SET NOWARNINGS 
 **********
 PARAMETER DEFINITIONS:
    NO.   NAME         VALUE      STEP SIZE      LIMITS
     1 N0           3.17742e+06  1.00000e+02     no limits
     2 tau          6.44362e+01  constant
     3 A0           3.64954e-01  1.00000e-04     no limits
     4 phi          4.11955e+00  1.00000e-02     no limits
     5 R           -6.08502e+01  constant
     6 alpha_CBO    0.00000e+00  1.00000e-03     no limits
     7 w_CBO        2.32500e+00  constant
     8 beta_CBO     0.00000e+00  1.00000e-03     no limits
     9 alpha_2CBO   0.00000e+00  1.00000e-03     no limits
    10 beta_2CBO    0.00000e+00  1.00000e-03     no limits
    11 alpha_y      0.00000e+00  1.00000e-03     no limits
    12 w_y          1.44500e+01  constant
    13 beta_y       0.00000e+00  1.00000e-03     no limits
    14 alpha_vw     0.00000e+00  1.00000e-03     no limits
    15 w_vw         1.29000e+01  constant
    16 beta_vw      0.00000e+00  1.00000e-03     no limits
    17 LM           1.15487e-03  constant
    18 zeta_y       0.00000e+00  constant
    19 zeta_vw      0.00000e+00  constant
    20 T_CBO        1.00000e+02  1.00000e+00    0.00000e+00  1.00000e+03
    21 alpha_A0     0.00000e+00  1.00000e-03     no limits
    22 beta_A0      0.00000e+00  1.00000e-03     no limits
    23 alpha_phi    0.00000e+00  1.00000e-03     no limits
    24 beta_phi     0.00000e+00  1.00000e-03     no limits
MINUIT - FIT ONLY WIGGLE
 **********
 **    3 **FIX            5
 **********
 PARAMETER    5  IS CONSTANT.   IGNORED.
 **********
 **    4 **FIX            6
 **********
 **********
 **    5 **FIX            7
 **********
 PARAMETER    7  IS CONSTANT.   IGNORED.
 **********
 **    6 **FIX            8
 **********
 **********
 **    7 **FIX            9
 **********
 **********
 **    8 **FIX           10
 **********
 **********
 **    9 **FIX           11
 **********
 **********
 **   10 **FIX           12
 **********
 PARAMETER   12  IS CONSTANT.   IGNORED.
 **********
 **   11 **FIX           13
 **********
 **********
 **   12 **FIX           14
 **********
 **********
 **   13 **FIX           15
 **********
 PARAMETER   15  IS CONSTANT.   IGNORED.
 **********
 **   14 **FIX           16
 **********
 **********
 **   15 **MIGRAD
 **********
 FIRST CALL TO USER FUNCTION AT NEW START POINT, WITH IFLAG=4.
 START MIGRAD MINIMIZATION.  STRATEGY  1.  CONVERGENCE WHEN EDM .LT. 1.00e-04
 FCN=73.4748 FROM MIGRAD    STATUS=INITIATE      437 CALLS         438 TOTAL
                     EDM= unknown      STRATEGY= 1      NO ERROR MATRIX       
  EXT PARAMETER               CURRENT GUESS       STEP         FIRST   
  NO.   NAME      VALUE            ERROR          SIZE      DERIVATIVE 
   1  N0           3.17742e+06   1.00000e+02   0.00000e+00  -1.14763e-03
   2  tau          6.44362e+01   constant   
   3  A0           3.64954e-01   1.00000e-04   0.00000e+00   5.27737e+03
   4  phi          4.11955e+00   1.00000e-02   0.00000e+00  -1.25966e+03
   5  R           -6.08502e+01   constant   
   6  alpha_CBO    0.00000e+00     fixed    
   7  w_CBO        2.32500e+00   constant   
   8  beta_CBO     0.00000e+00     fixed    
   9  alpha_2CBO   0.00000e+00     fixed    
  10  beta_2CBO    0.00000e+00     fixed    
  11  alpha_y      0.00000e+00     fixed    
  12  w_y          1.44500e+01   constant   
  13  beta_y       0.00000e+00     fixed    
  14  alpha_vw     0.00000e+00     fixed    
  15  w_vw         1.29000e+01   constant   
  16  beta_vw      0.00000e+00     fixed    
  17  LM           1.15487e-03   constant   
  18  zeta_y       0.00000e+00   constant   
  19  zeta_vw      0.00000e+00   constant   
  20  T_CBO        1.00000e+02   1.00000e+00   0.00000e+00   0.00000e+00
  21  alpha_A0     0.00000e+00   1.00000e-03   0.00000e+00   1.45060e+01
  22  beta_A0      0.00000e+00   1.00000e-03   0.00000e+00  -6.24881e+01
  23  alpha_phi    0.00000e+00   1.00000e-03   0.00000e+00   5.06368e+01
  24  beta_phi     0.00000e+00   1.00000e-03   0.00000e+00  -3.35057e+01
 CALL LIMIT EXCEEDED IN MIGRAD.
 MIGRAD TERMINATED WITHOUT CONVERGENCE.
 FCN=63.4786 FROM MIGRAD    STATUS=CALL LIMIT   1329 CALLS        1330 TOTAL
                     EDM=0.0010787    STRATEGY= 1  ERROR MATRIX UNCERTAINTY   0.6 per cent
  EXT PARAMETER                APPROXIMATE        STEP         FIRST   
  NO.   NAME      VALUE            ERROR          SIZE      DERIVATIVE 
   1  N0           3.17859e+06   1.49383e+03  -3.10454e+00  -1.10725e-06
   2  tau          6.44362e+01   constant   
   3  A0           3.63958e-01   5.91449e-04  -2.21595e-07  -2.79710e+01
   4  phi          4.12048e+00   1.72480e-03   1.06190e-07  -2.09616e+00
   5  R           -6.08502e+01   constant   
   6  alpha_CBO    0.00000e+00     fixed    
   7  w_CBO        2.32500e+00   constant   
   8  beta_CBO     0.00000e+00     fixed    
   9  alpha_2CBO   0.00000e+00     fixed    
  10  beta_2CBO    0.00000e+00     fixed    
  11  alpha_y      0.00000e+00     fixed    
  12  w_y          1.44500e+01   constant   
  13  beta_y       0.00000e+00     fixed    
  14  alpha_vw     0.00000e+00     fixed    
  15  w_vw         1.29000e+01   constant   
  16  beta_vw      0.00000e+00     fixed    
  17  LM           1.15487e-03   constant   
  18  zeta_y       0.00000e+00   constant   
  19  zeta_vw      0.00000e+00   constant   
  20  T_CBO        3.48671e+02   6.72028e+02   2.72824e-02  -2.34369e-01
  21  alpha_A0    -3.64859e-03   9.46077e-03   2.34457e-04   2.13542e+00
  22  beta_A0      1.09428e-02   2.27227e-02  -4.00478e-04  -6.68836e+00
  23  alpha_phi   -6.05268e-03   1.37592e-02   2.51480e-04   4.07580e+00
  24  beta_phi     8.20271e-03   1.78724e-02  -3.15927e-04  -6.97262e+00
 EXTERNAL ERROR MATRIX.    NDIM=  25    NPAR=  8    ERR DEF=1
  2.232e+06  9.182e-02 -2.960e-01  5.906e+03 -2.218e+00 -2.467e+00 -5.824e-01  4.550e-01 
  9.182e-02  3.498e-07  6.905e-08 -1.926e-03 -8.287e-08 -5.497e-07 -1.684e-07 -8.238e-07 
 -2.960e-01  6.905e-08  2.975e-06 -2.095e-02  7.260e-07  5.448e-07 -2.894e-07 -3.040e-07 
  5.906e+03 -1.926e-03 -2.095e-02  4.447e+05  4.470e+00 -1.452e+01  8.121e+00 -1.121e+01 
 -2.218e+00 -8.287e-08  7.260e-07  4.470e+00  8.951e-05 -1.408e-04  7.074e-05 -1.058e-04 
 -2.467e+00 -5.497e-07  5.448e-07 -1.452e+01 -1.408e-04  5.163e-04 -2.587e-04  3.483e-04 
 -5.824e-01 -1.684e-07 -2.894e-07  8.121e+00  7.074e-05 -2.587e-04  1.893e-04 -1.931e-04 
  4.550e-01 -8.238e-07 -3.040e-07 -1.121e+01 -1.058e-04  3.483e-04 -1.931e-04  3.194e-04 
ERR MATRIX APPROXIMATE
 PARAMETER  CORRELATION COEFFICIENTS  
       NO.  GLOBAL      1      3      4     20     21     22     23     24
        1  0.35884   1.000  0.104 -0.115  0.006 -0.157 -0.073 -0.028  0.017
        3  0.46094   0.104  1.000  0.068 -0.005 -0.015 -0.041 -0.021 -0.078
        4  0.20828  -0.115  0.068  1.000 -0.018  0.044  0.014 -0.012 -0.010
       20  0.99541   0.006 -0.005 -0.018  1.000  0.709 -0.958  0.885 -0.941
       21  0.81799  -0.157 -0.015  0.044  0.709  1.000 -0.655  0.543 -0.626
       22  0.97875  -0.073 -0.041  0.014 -0.958 -0.655  1.000 -0.828  0.858
       23  0.93264  -0.028 -0.021 -0.012  0.885  0.543 -0.828  1.000 -0.785
       24  0.97486   0.017 -0.078 -0.010 -0.941 -0.626  0.858 -0.785  1.000
 ERR MATRIX APPROXIMATE
MINUIT - FIT ONLY 1-CBO + wiggle
 **********
 **   16 **RES 
 **********
                   PARAMETER   16  beta_vw RESTORED TO VARIABLE.
                   PARAMETER   14  alpha_vw RESTORED TO VARIABLE.
                   PARAMETER   13  beta_y RESTORED TO VARIABLE.
                   PARAMETER   11  alpha_y RESTORED TO VARIABLE.
                   PARAMETER   10  beta_2CBO RESTORED TO VARIABLE.
                   PARAMETER    9  alpha_2CBO RESTORED TO VARIABLE.
                   PARAMETER    8  beta_CBO RESTORED TO VARIABLE.
                   PARAMETER    6  alpha_CBO RESTORED TO VARIABLE.
 **********
 **   17 **FIX            8
 **********
 **********
 **   18 **FIX            9
 **********
 **********
 **   19 **FIX           11
 **********
 **********
 **   20 **FIX           12
 **********
 PARAMETER   12  IS CONSTANT.   IGNORED.
 **********
 **   21 **FIX           14
 **********
 **********
 **   22 **FIX           15
 **********
 PARAMETER   15  IS CONSTANT.   IGNORED.
 **********
 **   23 **FIX           16
 **********
 **********
 **   24 **MIGRAD
 **********
 START MIGRAD MINIMIZATION.  STRATEGY  1.  CONVERGENCE WHEN EDM .LT. 1.00e-04
 FCN=63.4786 FROM MIGRAD    STATUS=INITIATE       28 CALLS        1358 TOTAL
                     EDM= unknown      STRATEGY= 1      NO ERROR MATRIX       
  EXT PARAMETER               CURRENT GUESS       STEP         FIRST   
  NO.   NAME      VALUE            ERROR          SIZE      DERIVATIVE 
   1  N0           3.17859e+06   1.49383e+03  -3.10454e+00  -1.10725e-06
   2  tau          6.44362e+01   constant   
   3  A0           3.63958e-01   5.91449e-04  -2.21595e-07  -2.79710e+01
   4  phi          4.12048e+00   1.72480e-03   1.06190e-07  -2.09616e+00
   5  R           -6.08502e+01   constant   
   6  alpha_CBO    0.00000e+00   1.00000e-03   1.00000e-03   1.73100e+03
   7  w_CBO        2.32500e+00   constant   
   8  beta_CBO     0.00000e+00     fixed    
   9  alpha_2CBO   0.00000e+00     fixed    
  10  beta_2CBO    0.00000e+00   1.00000e-03   1.00000e-03   3.56820e+03
  11  alpha_y      0.00000e+00     fixed    
  12  w_y          1.44500e+01   constant   
  13  beta_y       0.00000e+00   1.00000e-03   1.00000e-03   3.52105e+03
  14  alpha_vw     0.00000e+00     fixed    
  15  w_vw         1.29000e+01   constant   
  16  beta_vw      0.00000e+00     fixed    
  17  LM           1.15487e-03   constant   
  18  zeta_y       0.00000e+00   constant   
  19  zeta_vw      0.00000e+00   constant   
  20  T_CBO        3.48671e+02   6.72028e+02   2.72824e-02  -2.34371e-01
  21  alpha_A0    -3.64859e-03   9.46077e-03   2.34457e-04   2.13542e+00
  22  beta_A0      1.09428e-02   2.27227e-02  -4.00478e-04  -6.68836e+00
  23  alpha_phi   -6.05268e-03   1.37592e-02   2.51480e-04   4.07580e+00
  24  beta_phi     8.20271e-03   1.78724e-02  -3.15927e-04  -6.97262e+00
 MIGRAD MINIMIZATION HAS CONVERGED.
 FCN=60.4409 FROM MIGRAD    STATUS=CONVERGED     839 CALLS        2169 TOTAL
                     EDM=4.57708e-06    STRATEGY= 1  ERROR MATRIX UNCERTAINTY   0.1 per cent
  EXT PARAMETER                                   STEP         FIRST   
  NO.   NAME      VALUE            ERROR          SIZE      DERIVATIVE 
   1  N0           3.17863e+06   1.42285e+03  -2.09964e-03  -2.41036e-07
   2  tau          6.44362e+01   constant   
   3  A0           3.64003e-01   6.02108e-04  -9.76839e-08  -6.49113e-02
   4  phi          4.12058e+00   1.73774e-03   4.30862e-07  -2.67931e-01
   5  R           -6.08502e+01   constant   
   6  alpha_CBO   -4.00452e-04   6.70094e-04  -4.26681e-07  -2.06730e-01
   7  w_CBO        2.32500e+00   constant   
   8  beta_CBO     0.00000e+00     fixed    
   9  alpha_2CBO   0.00000e+00     fixed    
  10  beta_2CBO   -7.71607e-04   6.53626e-04   1.67703e-07   1.14728e+00
  11  alpha_y      0.00000e+00     fixed    
  12  w_y          1.44500e+01   constant   
  13  beta_y      -7.32682e-04   6.38668e-04  -4.74290e-07  -1.21683e+00
  14  alpha_vw     0.00000e+00     fixed    
  15  w_vw         1.29000e+01   constant   
  16  beta_vw      0.00000e+00     fixed    
  17  LM           1.15487e-03   constant   
  18  zeta_y       0.00000e+00   constant   
  19  zeta_vw      0.00000e+00   constant   
  20  T_CBO        9.99423e+02   5.21692e+02   2.32656e-02  -2.53827e-04
  21  alpha_A0    -1.58506e-03   3.32510e-03  -7.17363e-06  -1.02176e-01
  22  beta_A0      6.61197e-03   4.27043e-03   2.63527e-06  -3.15255e-01
  23  alpha_phi   -4.12421e-03   3.11334e-03  -7.79100e-06  -3.94996e-01
  24  beta_phi     4.93653e-03   3.67629e-03   1.70279e-06  -2.60950e-01
 EXTERNAL ERROR MATRIX.    NDIM=  25    NPAR= 11    ERR DEF=1
  2.025e+06 
  7.287e-02  3.625e-07 
 -1.719e-01  1.475e-07  3.020e-06 
 -3.548e-02 -6.205e-08 -2.495e-07  4.490e-07 
  1.093e-02  9.087e-09  8.126e-08  2.335e-09  4.272e-07 
 -6.354e-03  2.328e-10 -2.795e-08 -3.816e-09  5.510e-09  4.079e-07 
  6.732e+03 -2.412e-03  1.202e-02 -1.894e-02  1.036e-02 -2.245e-02  2.130e+05 
 -8.647e-01  7.724e-08  4.962e-07 -3.608e-07 -8.523e-08 -3.607e-08 -4.006e-02  1.106e-05 
 -4.982e-01 -2.258e-07 -6.991e-07  2.083e-07 -3.580e-07  8.292e-08 -1.002e+00  6.419e-07  1.824e-05 
 -4.550e-01 -1.207e-07 -4.098e-08  3.445e-07  2.366e-07 -1.023e-07  3.255e-01 -6.302e-07 -2.450e-06  9.693e-06 
  6.876e-01 -3.977e-07 -7.565e-07  1.786e-07 -2.712e-07  6.671e-08 -6.865e-01 -1.303e-06  4.801e-06 -5.251e-07  1.352e-05 
 PARAMETER  CORRELATION COEFFICIENTS  
       NO.  GLOBAL      1      3      4      6     10     13     20     21     22     23     24
        1  0.30714   1.000  0.085 -0.070 -0.037  0.012 -0.007  0.010 -0.183 -0.082 -0.103  0.131
        3  0.29382   0.085  1.000  0.141 -0.154  0.023  0.001 -0.009  0.039 -0.088 -0.064 -0.180
        4  0.28744  -0.070  0.141  1.000 -0.214  0.072 -0.025  0.015  0.086 -0.094 -0.008 -0.118
        6  0.34183  -0.037 -0.154 -0.214  1.000  0.005 -0.009 -0.061 -0.162  0.073  0.165  0.072
       10  0.20840   0.012  0.023  0.072  0.005  1.000  0.013  0.034 -0.039 -0.128  0.116 -0.113
       13  0.09558  -0.007  0.001 -0.025 -0.009  0.013  1.000 -0.076 -0.017  0.030 -0.051  0.028
       20  0.60582   0.010 -0.009  0.015 -0.061  0.034 -0.076  1.000 -0.026 -0.508  0.227 -0.405
       21  0.27904  -0.183  0.039  0.086 -0.162 -0.039 -0.017 -0.026  1.000  0.045 -0.061 -0.107
       22  0.55236  -0.082 -0.088 -0.094  0.073 -0.128  0.030 -0.508  0.045  1.000 -0.184  0.306
       23  0.34859  -0.103 -0.064 -0.008  0.165  0.116 -0.051  0.227 -0.061 -0.184  1.000 -0.046
       24  0.50446   0.131 -0.180 -0.118  0.072 -0.113  0.028 -0.405 -0.107  0.306 -0.046  1.000
MINUIT - FIT ONLY 2-CBO
 **********
 **   25 **RES 
 **********
                   PARAMETER   16  beta_vw RESTORED TO VARIABLE.
                   PARAMETER   14  alpha_vw RESTORED TO VARIABLE.
                   PARAMETER   11  alpha_y RESTORED TO VARIABLE.
                   PARAMETER    9  alpha_2CBO RESTORED TO VARIABLE.
                   PARAMETER    8  beta_CBO RESTORED TO VARIABLE.
 **********
 **   26 **FIX            0
 **********
 PARAMETER    0  IS UNDEFINED. IGNORED.
 **********
 **   27 **FIX            1
 **********
 **********
 **   28 **FIX            2
 **********
 PARAMETER    2  IS CONSTANT.   IGNORED.
 **********
 **   29 **FIX            3
 **********
 **********
 **   30 **FIX            4
 **********
 **********
 **   31 **FIX            5
 **********
 PARAMETER    5  IS CONSTANT.   IGNORED.
 **********
 **   32 **FIX            6
 **********
 **********
 **   33 **FIX            7
 **********
 PARAMETER    7  IS CONSTANT.   IGNORED.
 **********
 **   34 **FIX           10
 **********
 **********
 **   35 **FIX           11
 **********
 **********
 **   36 **FIX           12
 **********
 PARAMETER   12  IS CONSTANT.   IGNORED.
 **********
 **   37 **FIX           13
 **********
 **********
 **   38 **FIX           14
 **********
 **********
 **   39 **FIX           15
 **********
 PARAMETER   15  IS CONSTANT.   IGNORED.
 **********
 **   40 **FIX           16
 **********
 **********
 **   41 **MIGRAD
 **********
 START MIGRAD MINIMIZATION.  STRATEGY  1.  CONVERGENCE WHEN EDM .LT. 1.00e-04
 FCN=60.4409 FROM MIGRAD    STATUS=INITIATE       18 CALLS        2187 TOTAL
                     EDM= unknown      STRATEGY= 1      NO ERROR MATRIX       
  EXT PARAMETER               CURRENT GUESS       STEP         FIRST   
  NO.   NAME      VALUE            ERROR          SIZE      DERIVATIVE 
   1  N0           3.17863e+06     fixed    
   2  tau          6.44362e+01   constant   
   3  A0           3.64003e-01     fixed    
   4  phi          4.12058e+00     fixed    
   5  R           -6.08502e+01   constant   
   6  alpha_CBO   -4.00452e-04     fixed    
   7  w_CBO        2.32500e+00   constant   
   8  beta_CBO     0.00000e+00   1.00000e-03   1.00000e-03  -8.35197e+03
   9  alpha_2CBO   0.00000e+00   1.00000e-03   1.00000e-03   7.11151e+02
  10  beta_2CBO   -7.71607e-04     fixed    
  11  alpha_y      0.00000e+00     fixed    
  12  w_y          1.44500e+01   constant   
  13  beta_y      -7.32682e-04     fixed    
  14  alpha_vw     0.00000e+00     fixed    
  15  w_vw         1.29000e+01   constant   
  16  beta_vw      0.00000e+00     fixed    
  17  LM           1.15487e-03   constant   
  18  zeta_y       0.00000e+00   constant   
  19  zeta_vw      0.00000e+00   constant   
  20  T_CBO        9.99423e+02   5.21692e+02   2.32656e-02  -2.71982e-04
  21  alpha_A0    -1.58506e-03   3.32510e-03  -7.17363e-06  -1.02175e-01
  22  beta_A0      6.61197e-03   4.27043e-03   2.63527e-06  -3.15255e-01
  23  alpha_phi   -4.12421e-03   3.11334e-03  -7.79100e-06  -3.94996e-01
  24  beta_phi     4.93653e-03   3.67629e-03   1.70279e-06  -2.60950e-01
 MIGRAD MINIMIZATION HAS CONVERGED.
 MIGRAD WILL VERIFY CONVERGENCE AND ERROR MATRIX.
 COVARIANCE MATRIX CALCULATED SUCCESSFULLY
 FCN=52.7239 FROM MIGRAD    STATUS=CONVERGED     138 CALLS        2307 TOTAL
                     EDM=1.02191e-06    STRATEGY= 1      ERROR MATRIX ACCURATE 
  EXT PARAMETER                                   STEP         FIRST   
  NO.   NAME      VALUE            ERROR          SIZE      DERIVATIVE 
   1  N0           3.17863e+06     fixed    
   2  tau          6.44362e+01   constant   
   3  A0           3.64003e-01     fixed    
   4  phi          4.12058e+00     fixed    
   5  R           -6.08502e+01   constant   
   6  alpha_CBO   -4.00452e-04     fixed    
   7  w_CBO        2.32500e+00   constant   
   8  beta_CBO     1.83581e-03   6.63288e-04   2.33180e-06  -2.97015e-01
   9  alpha_2CBO  -1.43256e-04   6.61225e-04   2.31112e-06  -7.26647e-01
  10  beta_2CBO   -7.71607e-04     fixed    
  11  alpha_y      0.00000e+00     fixed    
  12  w_y          1.44500e+01   constant   
  13  beta_y      -7.32682e-04     fixed    
  14  alpha_vw     0.00000e+00     fixed    
  15  w_vw         1.29000e+01   constant   
  16  beta_vw      0.00000e+00     fixed    
  17  LM           1.15487e-03   constant   
  18  zeta_y       0.00000e+00   constant   
  19  zeta_vw      0.00000e+00   constant   
  20  T_CBO        9.99999e+02   7.66290e+02   9.22103e-02  -4.59396e-06
  21  alpha_A0    -1.17879e-03   3.25686e-03   1.15279e-05   2.68330e-02
  22  beta_A0      5.52354e-03   3.46591e-03   1.16142e-05   4.04983e-02
  23  alpha_phi   -3.93826e-03   3.05745e-03   1.05252e-05  -3.92511e-01
  24  beta_phi     6.17039e-03   3.45002e-03   1.13045e-05   1.97562e-01
 EXTERNAL ERROR MATRIX.    NDIM=  25    NPAR=  7    ERR DEF=1
  4.400e-07  2.954e-09  5.631e-06  7.357e-08 -2.495e-07  2.542e-08  2.737e-07 
  2.954e-09  4.372e-07  6.019e-07 -2.689e-07  1.325e-07 -2.194e-07 -2.629e-07 
  5.631e-06  6.019e-07  5.060e+02 -4.762e-03  2.299e-02 -1.626e-02  2.549e-02 
  7.357e-08 -2.689e-07 -4.762e-03  1.061e-05 -7.671e-07  1.903e-07 -2.132e-07 
 -2.495e-07  1.325e-07  2.299e-02 -7.671e-07  1.201e-05 -7.796e-07  2.520e-06 
  2.542e-08 -2.194e-07 -1.626e-02  1.903e-07 -7.796e-07  9.348e-06  1.908e-07 
  2.737e-07 -2.629e-07  2.549e-02 -2.132e-07  2.520e-06  1.908e-07  1.190e-05 
 PARAMETER  CORRELATION COEFFICIENTS  
       NO.  GLOBAL      8      9     20     21     22     23     24
        8  0.18743   1.000  0.007  0.000  0.034 -0.109  0.013  0.120
        9  0.21504   0.007  1.000  0.000 -0.125  0.058 -0.109 -0.115
       20  0.46198   0.000  0.000  1.000 -0.065  0.295 -0.236  0.328
       21  0.15116   0.034 -0.125 -0.065  1.000 -0.068  0.019 -0.019
       22  0.35242  -0.109  0.058  0.295 -0.068  1.000 -0.074  0.211
       23  0.27519   0.013 -0.109 -0.236  0.019 -0.074  1.000  0.018
       24  0.40328   0.120 -0.115  0.328 -0.019  0.211  0.018  1.000
MINUIT - FIT wiggle + 1-CBO + 2-CBO
 **********
 **   42 **RES 
 **********
                   PARAMETER   16  beta_vw RESTORED TO VARIABLE.
                   PARAMETER   14  alpha_vw RESTORED TO VARIABLE.
                   PARAMETER   13  beta_y RESTORED TO VARIABLE.
                   PARAMETER   11  alpha_y RESTORED TO VARIABLE.
                   PARAMETER   10  beta_2CBO RESTORED TO VARIABLE.
                   PARAMETER    6  alpha_CBO RESTORED TO VARIABLE.
                   PARAMETER    4  phi RESTORED TO VARIABLE.
                   PARAMETER    3  A0 RESTORED TO VARIABLE.
                   PARAMETER    1  N0 RESTORED TO VARIABLE.
 **********
 **   43 **FIX           10
 **********
 **********
 **   44 **FIX           11
 **********
 **********
 **   45 **FIX           12
 **********
 PARAMETER   12  IS CONSTANT.   IGNORED.
 **********
 **   46 **FIX           13
 **********
 **********
 **   47 **FIX           14
 **********
 **********
 **   48 **FIX           15
 **********
 PARAMETER   15  IS CONSTANT.   IGNORED.
 **********
 **   49 **FIX           16
 **********
 **********
 **   50 **MIGRAD
 **********
 START MIGRAD MINIMIZATION.  STRATEGY  1.  CONVERGENCE WHEN EDM .LT. 1.00e-04
 FCN=52.7239 FROM MIGRAD    STATUS=INITIATE       22 CALLS        2329 TOTAL
                     EDM= unknown      STRATEGY= 1      NO ERROR MATRIX       
  EXT PARAMETER               CURRENT GUESS       STEP         FIRST   
  NO.   NAME      VALUE            ERROR          SIZE      DERIVATIVE 
   1  N0           3.17863e+06   1.42285e+03   1.42285e+03   9.40431e-06
   2  tau          6.44362e+01   constant   
   3  A0           3.64003e-01   6.02108e-04   6.02108e-04  -1.46734e+03
   4  phi          4.12058e+00   1.73774e-03   1.73774e-03   2.97160e+02
   5  R           -6.08502e+01   constant   
   6  alpha_CBO   -4.00452e-04   6.70094e-04   6.70094e-04  -2.09725e+02
   7  w_CBO        2.32500e+00   constant   
   8  beta_CBO     1.83581e-03   6.63288e-04   2.33180e-06  -2.97015e-01
   9  alpha_2CBO  -1.43256e-04   6.61225e-04   2.31112e-06  -7.26647e-01
  10  beta_2CBO   -7.71607e-04     fixed    
  11  alpha_y      0.00000e+00     fixed    
  12  w_y          1.44500e+01   constant   
  13  beta_y      -7.32682e-04     fixed    
  14  alpha_vw     0.00000e+00     fixed    
  15  w_vw         1.29000e+01   constant   
  16  beta_vw      0.00000e+00     fixed    
  17  LM           1.15487e-03   constant   
  18  zeta_y       0.00000e+00   constant   
  19  zeta_vw      0.00000e+00   constant   
  20  T_CBO        9.99999e+02   7.66290e+02   9.22103e-02  -5.02643e-06
  21  alpha_A0    -1.17879e-03   3.25686e-03   1.15279e-05   2.68332e-02
  22  beta_A0      5.52354e-03   3.46591e-03   1.16142e-05   4.05055e-02
  23  alpha_phi   -3.93826e-03   3.05745e-03   1.05252e-05  -3.92511e-01
  24  beta_phi     6.17039e-03   3.45002e-03   1.13045e-05   1.97562e-01
 MIGRAD MINIMIZATION HAS CONVERGED.
 MIGRAD WILL VERIFY CONVERGENCE AND ERROR MATRIX.
 COVARIANCE MATRIX CALCULATED SUCCESSFULLY
 FCN=52.4745 FROM MIGRAD    STATUS=CONVERGED     219 CALLS        2526 TOTAL
                     EDM=3.2227e-06    STRATEGY= 1      ERROR MATRIX ACCURATE 
  EXT PARAMETER                                   STEP         FIRST   
  NO.   NAME      VALUE            ERROR          SIZE      DERIVATIVE 
   1  N0           3.17877e+06   1.54453e+03   5.00685e+00   3.11474e-07
   2  tau          6.44362e+01   constant   
   3  A0           3.64255e-01   6.11531e-04   2.04969e-06  -7.92202e-01
   4  phi          4.12017e+00   1.75702e-03   5.98466e-06  -4.66814e-01
   5  R           -6.08502e+01   constant   
   6  alpha_CBO   -3.67391e-04   6.78250e-04   2.26658e-06   2.09481e-02
   7  w_CBO        2.32500e+00   constant   
   8  beta_CBO     1.89685e-03   6.74398e-04   2.32638e-06  -3.03956e-02
   9  alpha_2CBO  -1.26573e-04   6.62990e-04   2.30577e-06  -1.75286e+00
  10  beta_2CBO   -7.71607e-04     fixed    
  11  alpha_y      0.00000e+00     fixed    
  12  w_y          1.44500e+01   constant   
  13  beta_y      -7.32682e-04     fixed    
  14  alpha_vw     0.00000e+00     fixed    
  15  w_vw         1.29000e+01   constant   
  16  beta_vw      0.00000e+00     fixed    
  17  LM           1.15487e-03   constant   
  18  zeta_y       0.00000e+00   constant   
  19  zeta_vw      0.00000e+00   constant   
  20  T_CBO        1.00000e+03   9.53668e+02   6.57015e-02  -4.00689e-06
  21  alpha_A0    -1.25760e-03   3.35135e-03   1.14914e-05  -3.82497e-01
  22  beta_A0      5.41663e-03   3.41496e-03   1.15779e-05   1.36503e-01
  23  alpha_phi   -3.97257e-03   3.08846e-03   1.04877e-05   1.05470e-01
  24  beta_phi     6.05216e-03   3.43628e-03   1.12636e-05   2.26269e-01
 EXTERNAL ERROR MATRIX.    NDIM=  25    NPAR= 11    ERR DEF=1
  2.386e+06 
  1.397e-01  3.740e-07 
 -3.656e-01  9.490e-08  3.087e-06 
 -5.548e-02 -7.109e-08 -2.454e-07  4.600e-07 
  3.064e-02  6.247e-08 -9.820e-08  6.686e-09  4.548e-07 
 -1.701e-02  2.566e-08  3.369e-09 -1.412e-08  7.211e-09  4.396e-07 
 -1.385e+01 -4.751e-06  9.317e-06  6.725e-07  5.147e-07  3.492e-08  1.365e+02 
 -9.361e-01  4.939e-08  5.541e-07 -3.289e-07  5.769e-08 -2.486e-07 -1.587e-03  1.123e-05 
 -3.557e-01 -2.801e-07 -5.246e-07  1.710e-07 -2.760e-07  1.154e-07  7.080e-03 -6.848e-07  1.166e-05 
 -5.891e-01 -1.333e-07 -8.855e-08  4.317e-07  1.610e-08 -2.310e-07 -5.153e-03  1.026e-08 -5.605e-08  9.539e-06 
  7.403e-01 -3.435e-07 -7.963e-07  1.660e-07  2.406e-07 -2.963e-07  7.842e-03 -5.839e-07  2.043e-06  7.227e-07  1.181e-05 
 PARAMETER  CORRELATION COEFFICIENTS  
       NO.  GLOBAL      1      3      4      6      8      9     20     21     22     23     24
        1  0.35278   1.000  0.148 -0.135 -0.053  0.029 -0.017 -0.001 -0.181 -0.067 -0.123  0.139
        3  0.34475   0.148  1.000  0.088 -0.171  0.151  0.063 -0.001  0.024 -0.134 -0.071 -0.163
        4  0.30001  -0.135  0.088  1.000 -0.206 -0.083  0.003  0.000  0.094 -0.087 -0.016 -0.132
        6  0.35222  -0.053 -0.171 -0.206  1.000  0.015 -0.031  0.000 -0.145  0.074  0.206  0.071
        8  0.25819   0.029  0.151 -0.083  0.015  1.000  0.016  0.000  0.026 -0.120  0.008  0.104
        9  0.22649  -0.017  0.063  0.003 -0.031  0.016  1.000  0.000 -0.112  0.051 -0.113 -0.130
       20  0.29747  -0.001 -0.001  0.000  0.000  0.000  0.000  1.000 -0.041  0.177 -0.143  0.195
       21  0.27897  -0.181  0.024  0.094 -0.145  0.026 -0.112 -0.041  1.000 -0.060  0.001 -0.051
       22  0.31374  -0.067 -0.134 -0.087  0.074 -0.120  0.051  0.177 -0.060  1.000 -0.005  0.174
       23  0.30911  -0.123 -0.071 -0.016  0.206  0.008 -0.113 -0.143  0.001 -0.005  1.000  0.068
       24  0.39657   0.139 -0.163 -0.132  0.071  0.104 -0.130  0.195 -0.051  0.174  0.068  1.000
MINUIT - FIT ONLY 1-y
 **********
 **   51 **RES 
 **********
                   PARAMETER   16  beta_vw RESTORED TO VARIABLE.
                   PARAMETER   14  alpha_vw RESTORED TO VARIABLE.
                   PARAMETER   13  beta_y RESTORED TO VARIABLE.
                   PARAMETER   11  alpha_y RESTORED TO VARIABLE.
                   PARAMETER   10  beta_2CBO RESTORED TO VARIABLE.
 **********
 **   52 **FIX            0
 **********
 PARAMETER    0  IS UNDEFINED. IGNORED.
 **********
 **   53 **FIX            1
 **********
 **********
 **   54 **FIX            2
 **********
 PARAMETER    2  IS CONSTANT.   IGNORED.
 **********
 **   55 **FIX            3
 **********
 **********
 **   56 **FIX            4
 **********
 **********
 **   57 **FIX            5
 **********
 PARAMETER    5  IS CONSTANT.   IGNORED.
 **********
 **   58 **FIX            6
 **********
 **********
 **   59 **FIX            7
 **********
 PARAMETER    7  IS CONSTANT.   IGNORED.
 **********
 **   60 **FIX            8
 **********
 **********
 **   61 **FIX            9
 **********
 **********
 **   62 **FIX           13
 **********
 **********
 **   63 **FIX           14
 **********
 **********
 **   64 **FIX           15
 **********
 PARAMETER   15  IS CONSTANT.   IGNORED.
 **********
 **   65 **FIX           16
 **********
 **********
 **   66 **MIGRAD
 **********
 START MIGRAD MINIMIZATION.  STRATEGY  1.  CONVERGENCE WHEN EDM .LT. 1.00e-04
 FCN=52.4745 FROM MIGRAD    STATUS=INITIATE       16 CALLS        2542 TOTAL
                     EDM= unknown      STRATEGY= 1      NO ERROR MATRIX       
  EXT PARAMETER               CURRENT GUESS       STEP         FIRST   
  NO.   NAME      VALUE            ERROR          SIZE      DERIVATIVE 
   1  N0           3.17877e+06     fixed    
   2  tau          6.44362e+01   constant   
   3  A0           3.64255e-01     fixed    
   4  phi          4.12017e+00     fixed    
   5  R           -6.08502e+01   constant   
   6  alpha_CBO   -3.67391e-04     fixed    
   7  w_CBO        2.32500e+00   constant   
   8  beta_CBO     1.89685e-03     fixed    
   9  alpha_2CBO  -1.26573e-04     fixed    
  10  beta_2CBO   -7.71607e-04   6.53626e-04   6.53626e-04   5.33372e+02
  11  alpha_y      0.00000e+00   1.00000e-03   1.00000e-03  -2.63654e+03
  12  w_y          1.44500e+01   constant   
  13  beta_y      -7.32682e-04     fixed    
  14  alpha_vw     0.00000e+00     fixed    
  15  w_vw         1.29000e+01   constant   
  16  beta_vw      0.00000e+00     fixed    
  17  LM           1.15487e-03   constant   
  18  zeta_y       0.00000e+00   constant   
  19  zeta_vw      0.00000e+00   constant   
  20  T_CBO        1.00000e+03   9.53668e+02   6.57015e-02  -4.14963e-06
  21  alpha_A0    -1.25760e-03   3.35135e-03   1.14914e-05  -3.82496e-01
  22  beta_A0      5.41663e-03   3.41496e-03   1.15779e-05   1.36504e-01
  23  alpha_phi   -3.97257e-03   3.08846e-03   1.04877e-05   1.05470e-01
  24  beta_phi     6.05216e-03   3.43628e-03   1.12636e-05   2.26269e-01
 MIGRAD MINIMIZATION HAS CONVERGED.
 MIGRAD WILL VERIFY CONVERGENCE AND ERROR MATRIX.
 COVARIANCE MATRIX CALCULATED SUCCESSFULLY
 FCN=51.7296 FROM MIGRAD    STATUS=CONVERGED     114 CALLS        2640 TOTAL
                     EDM=9.46039e-07    STRATEGY= 1      ERROR MATRIX ACCURATE 
  EXT PARAMETER                                   STEP         FIRST   
  NO.   NAME      VALUE            ERROR          SIZE      DERIVATIVE 
   1  N0           3.17877e+06     fixed    
   2  tau          6.44362e+01   constant   
   3  A0           3.64255e-01     fixed    
   4  phi          4.12017e+00     fixed    
   5  R           -6.08502e+01   constant   
   6  alpha_CBO   -3.67391e-04     fixed    
   7  w_CBO        2.32500e+00   constant   
   8  beta_CBO     1.89685e-03     fixed    
   9  alpha_2CBO  -1.26573e-04     fixed    
  10  beta_2CBO   -8.81732e-04   6.54914e-04   2.27019e-06   5.10940e-01
  11  alpha_y      5.42731e-04   6.42163e-04   2.27630e-06  -2.98661e-01
  12  w_y          1.44500e+01   constant   
  13  beta_y      -7.32682e-04     fixed    
  14  alpha_vw     0.00000e+00     fixed    
  15  w_vw         1.29000e+01   constant   
  16  beta_vw      0.00000e+00     fixed    
  17  LM           1.15487e-03   constant   
  18  zeta_y       0.00000e+00   constant   
  19  zeta_vw      0.00000e+00   constant   
  20  T_CBO        1.00000e+03   9.52788e+02   6.30528e-02** at limit **
  21  alpha_A0    -1.21195e-03   3.22724e-03   1.14112e-05   2.84640e-01
  22  beta_A0      5.50858e-03   3.37390e-03   1.14972e-05  -4.81431e-02
  23  alpha_phi   -3.98237e-03   2.99545e-03   1.04144e-05   2.90059e-01
  24  beta_phi     6.14062e-03   3.28406e-03   1.11848e-05   9.63332e-02
 EXTERNAL ERROR MATRIX.    NDIM=  25    NPAR=  7    ERR DEF=1
  4.289e-07  3.129e-09 -1.737e-07 -9.854e-08 -3.390e-07  2.036e-07 -2.073e-07 
  3.129e-09  4.124e-07 -1.395e-08  1.192e-08  2.158e-09  3.306e-08  2.595e-08 
 -1.737e-07 -1.395e-08  9.629e-01 -1.205e-04  5.677e-04 -4.079e-04  6.276e-04 
 -9.854e-08  1.192e-08 -1.205e-04  1.042e-05 -4.186e-07 -9.469e-08 -2.115e-07 
 -3.390e-07  2.158e-09  5.677e-04 -4.186e-07  1.138e-05 -3.588e-07  2.136e-06 
  2.036e-07  3.306e-08 -4.079e-04 -9.469e-08 -3.588e-07  8.973e-06  4.989e-07 
 -2.073e-07  2.595e-08  6.276e-04 -2.115e-07  2.136e-06  4.989e-07  1.079e-05 
 PARAMETER  CORRELATION COEFFICIENTS  
       NO.  GLOBAL     10     11     20     21     22     23     24
       10  0.21027   1.000  0.007 -0.000 -0.047 -0.153  0.104 -0.096
       11  0.02272   0.007  1.000 -0.000  0.006  0.001  0.017  0.012
       20  0.28374  -0.000 -0.000  1.000 -0.038  0.171 -0.139  0.195
       21  0.07411  -0.047  0.006 -0.038  1.000 -0.038 -0.010 -0.020
       22  0.27624  -0.153  0.001  0.171 -0.038  1.000 -0.036  0.193
       23  0.19622   0.104  0.017 -0.139 -0.010 -0.036  1.000  0.051
       24  0.27812  -0.096  0.012  0.195 -0.020  0.193  0.051  1.000
MINUIT - FIT ONLY 2-y
 **********
 **   67 **RES 
 **********
                   PARAMETER   16  beta_vw RESTORED TO VARIABLE.
                   PARAMETER   14  alpha_vw RESTORED TO VARIABLE.
                   PARAMETER   13  beta_y RESTORED TO VARIABLE.
                   PARAMETER    9  alpha_2CBO RESTORED TO VARIABLE.
                   PARAMETER    8  beta_CBO RESTORED TO VARIABLE.
                   PARAMETER    6  alpha_CBO RESTORED TO VARIABLE.
                   PARAMETER    4  phi RESTORED TO VARIABLE.
                   PARAMETER    3  A0 RESTORED TO VARIABLE.
                   PARAMETER    1  N0 RESTORED TO VARIABLE.
 **********
 **   68 **FIX            0
 **********
 PARAMETER    0  IS UNDEFINED. IGNORED.
 **********
 **   69 **FIX            1
 **********
 **********
 **   70 **FIX            2
 **********
 PARAMETER    2  IS CONSTANT.   IGNORED.
 **********
 **   71 **FIX            3
 **********
 **********
 **   72 **FIX            4
 **********
 **********
 **   73 **FIX            5
 **********
 PARAMETER    5  IS CONSTANT.   IGNORED.
 **********
 **   74 **FIX            6
 **********
 **********
 **   75 **FIX            7
 **********
 PARAMETER    7  IS CONSTANT.   IGNORED.
 **********
 **   76 **FIX            8
 **********
 **********
 **   77 **FIX            9
 **********
 **********
 **   78 **FIX           10
 **********
 **********
 **   79 **FIX           11
 **********
 **********
 **   80 **FIX           12
 **********
 PARAMETER   12  IS CONSTANT.   IGNORED.
 **********
 **   81 **FIX           16
 **********
 **********
 **   82 **MIGRAD
 **********
 START MIGRAD MINIMIZATION.  STRATEGY  1.  CONVERGENCE WHEN EDM .LT. 1.00e-04
 FCN=51.7296 FROM MIGRAD    STATUS=INITIATE       16 CALLS        2656 TOTAL
                     EDM= unknown      STRATEGY= 1      NO ERROR MATRIX       
  EXT PARAMETER               CURRENT GUESS       STEP         FIRST   
  NO.   NAME      VALUE            ERROR          SIZE      DERIVATIVE 
   1  N0           3.17877e+06     fixed    
   2  tau          6.44362e+01   constant   
   3  A0           3.64255e-01     fixed    
   4  phi          4.12017e+00     fixed    
   5  R           -6.08502e+01   constant   
   6  alpha_CBO   -3.67391e-04     fixed    
   7  w_CBO        2.32500e+00   constant   
   8  beta_CBO     1.89685e-03     fixed    
   9  alpha_2CBO  -1.26573e-04     fixed    
  10  beta_2CBO   -8.81732e-04     fixed    
  11  alpha_y      5.42731e-04     fixed    
  12  w_y          1.44500e+01   constant   
  13  beta_y      -7.32682e-04   6.38668e-04   6.38668e-04  -1.27080e+02
  14  alpha_vw     0.00000e+00   1.00000e-03   1.00000e-03   6.06801e+03
  15  w_vw         1.29000e+01   constant   
  16  beta_vw      0.00000e+00     fixed    
  17  LM           1.15487e-03   constant   
  18  zeta_y       0.00000e+00   constant   
  19  zeta_vw      0.00000e+00   constant   
  20  T_CBO        9.99999e+02   9.52788e+02   6.30528e-02  -8.79706e-06
  21  alpha_A0    -1.21195e-03   3.22724e-03   1.14112e-05   2.84690e-01
  22  beta_A0      5.50858e-03   3.37390e-03   1.14972e-05  -4.84008e-02
  23  alpha_phi   -3.98237e-03   2.99545e-03   1.04144e-05   2.90364e-01
  24  beta_phi     6.14062e-03   3.28406e-03   1.11848e-05   9.59980e-02
 MIGRAD MINIMIZATION HAS CONVERGED.
 MIGRAD WILL VERIFY CONVERGENCE AND ERROR MATRIX.
 COVARIANCE MATRIX CALCULATED SUCCESSFULLY
 FCN=47.86 FROM MIGRAD    STATUS=CONVERGED     114 CALLS        2754 TOTAL
                     EDM=1.70691e-06    STRATEGY= 1      ERROR MATRIX ACCURATE 
  EXT PARAMETER                                   STEP         FIRST   
  NO.   NAME      VALUE            ERROR          SIZE      DERIVATIVE 
   1  N0           3.17877e+06     fixed    
   2  tau          6.44362e+01   constant   
   3  A0           3.64255e-01     fixed    
   4  phi          4.12017e+00     fixed    
   5  R           -6.08502e+01   constant   
   6  alpha_CBO   -3.67391e-04     fixed    
   7  w_CBO        2.32500e+00   constant   
   8  beta_CBO     1.89685e-03     fixed    
   9  alpha_2CBO  -1.26573e-04     fixed    
  10  beta_2CBO   -8.81732e-04     fixed    
  11  alpha_y      5.42731e-04     fixed    
  12  w_y          1.44500e+01   constant   
  13  beta_y      -5.55083e-04   6.48701e-04   2.19778e-06   1.33286e+00
  14  alpha_vw    -1.27172e-03   6.46611e-04   2.19068e-06  -4.92021e-03
  15  w_vw         1.29000e+01   constant   
  16  beta_vw      0.00000e+00     fixed    
  17  LM           1.15487e-03   constant   
  18  zeta_y       0.00000e+00   constant   
  19  zeta_vw      0.00000e+00   constant   
  20  T_CBO        1.00000e+03   9.61211e+02   8.39037e-02** at limit **
  21  alpha_A0    -1.19330e-03   3.22539e-03   1.09843e-05  -4.12596e-02
  22  beta_A0      5.39119e-03   3.37019e-03   1.10672e-05   4.40621e-01
  23  alpha_phi   -4.02319e-03   3.00244e-03   1.00248e-05   1.53747e-01
  24  beta_phi     6.03812e-03   3.31347e-03   1.07667e-05   7.37600e-02
 EXTERNAL ERROR MATRIX.    NDIM=  25    NPAR=  7    ERR DEF=1
  4.208e-07 -4.963e-08  1.542e-08 -1.412e-08  4.121e-08 -2.203e-08  1.385e-08 
 -4.963e-08  4.181e-07  2.270e-08 -6.731e-09  4.061e-08  1.295e-08  3.390e-08 
  1.542e-08  2.270e-08  6.910e-02 -4.239e-05  1.982e-04 -1.470e-04  2.201e-04 
 -1.412e-08 -6.731e-09 -4.239e-05  1.040e-05 -5.496e-07 -9.301e-09 -3.178e-07 
  4.121e-08  4.061e-08  1.982e-04 -5.496e-07  1.136e-05 -3.806e-07  2.240e-06 
 -2.203e-08  1.295e-08 -1.470e-04 -9.301e-09 -3.806e-07  9.015e-06  3.927e-07 
  1.385e-08  3.390e-08  2.201e-04 -3.178e-07  2.240e-06  3.927e-07  1.098e-05 
 PARAMETER  CORRELATION COEFFICIENTS  
       NO.  GLOBAL     13     14     20     21     22     23     24
       13  0.12108   1.000 -0.118  0.000 -0.007  0.019 -0.011  0.006
       14  0.12115  -0.118  1.000  0.000 -0.003  0.019  0.007  0.016
       20  0.36304   0.000  0.000  1.000 -0.050  0.224 -0.186  0.253
       21  0.06632  -0.007 -0.003 -0.050  1.000 -0.051 -0.001 -0.030
       22  0.27257   0.019  0.019  0.224 -0.051  1.000 -0.038  0.201
       23  0.20739  -0.011  0.007 -0.186 -0.001 -0.038  1.000  0.039
       24  0.30598   0.006  0.016  0.253 -0.030  0.201  0.039  1.000
