 + ++++++++++++++++++++++++++++++++++++++++++++++++++++++++++++++++++++ +
 +                                                                      +
 +           You have chose to blind your fitting according to          +
 +                omega_ref * (1 + (R +/- deltaR) *10^{-6})             +
 +                                                                      +
 + ++++++++++++++++++++++++++++++++++++++++++++++++++++++++++++++++++++ +
In main()...
reading format from /gm2data/zkhechad/run45/envelope/formats/formatB_sBin_constraintOn.txt
pBinTau 	= 0  
pBinPhi 	= 0  
constraintau 	= 1 
includeMopTerm 	= 0    
constrainMop    = 0   
Parameters after format file: pBinTau 0 pBinPhi 0 constraintau 1 includeMopTerm 0 constrainMop 0 c_e_scale 0.000000 
Opening file /gm2data/tbarrett/gm2fr/studies/run23_bunch_corrections/CorrectedFourier_Run3b.root.
reading full fit data from /gm2data/zkhechad/cboTemplates/Run4CBOTemplates/templateFits0_v2.0/noRF/sBin_constraintOn_cE0.0_seed0_noRF_calo16.root
windowBins = 17
fitting sliding window 342 from bin 478 at 71.168400 to bin 495 at 73.854000 (17 bins)

Reading data from /gm2data/cornell/histograms/aMethod/histogram_a_noRF.root
 **********
 **    1 **SET PRINTOUT            1
 **********
 **********
 **    2 **SET NOWARNINGS 
 **********
 PARAMETER DEFINITIONS:
    NO.   NAME         VALUE      STEP SIZE      LIMITS
     1 N0           3.09796e+06  1.00000e+02     no limits
     2 tau          6.43838e+01  constant
     3 A0           3.49539e-01  1.00000e-04     no limits
     4 phi          4.11719e+00  1.00000e-02     no limits
     5 R           -6.25346e+01  constant
     6 alpha_CBO    0.00000e+00  1.00000e-03     no limits
     7 w_CBO        2.32500e+00  constant
     8 beta_CBO     0.00000e+00  1.00000e-03     no limits
     9 alpha_2CBO   0.00000e+00  1.00000e-03     no limits
    10 beta_2CBO    0.00000e+00  1.00000e-03     no limits
    11 alpha_y      0.00000e+00  1.00000e-03     no limits
    12 w_y          1.44500e+01  constant
    13 beta_y       0.00000e+00  1.00000e-03     no limits
    14 alpha_vw     0.00000e+00  1.00000e-03     no limits
    15 w_vw         1.29000e+01  constant
    16 beta_vw      0.00000e+00  1.00000e-03     no limits
    17 LM          -7.79046e-04  constant
    18 zeta_y       0.00000e+00  constant
    19 zeta_vw      0.00000e+00  constant
    20 T_CBO        1.00000e+02  1.00000e+00    0.00000e+00  1.00000e+03
    21 alpha_A0     0.00000e+00  1.00000e-03     no limits
    22 beta_A0      0.00000e+00  1.00000e-03     no limits
    23 alpha_phi    0.00000e+00  1.00000e-03     no limits
    24 beta_phi     0.00000e+00  1.00000e-03     no limits
MINUIT - FIT ONLY WIGGLE
 **********
 **    3 **FIX            5
 **********
 PARAMETER    5  IS CONSTANT.   IGNORED.
 **********
 **    4 **FIX            6
 **********
 **********
 **    5 **FIX            7
 **********
 PARAMETER    7  IS CONSTANT.   IGNORED.
 **********
 **    6 **FIX            8
 **********
 **********
 **    7 **FIX            9
 **********
 **********
 **    8 **FIX           10
 **********
 **********
 **    9 **FIX           11
 **********
 **********
 **   10 **FIX           12
 **********
 PARAMETER   12  IS CONSTANT.   IGNORED.
 **********
 **   11 **FIX           13
 **********
 **********
 **   12 **FIX           14
 **********
 **********
 **   13 **FIX           15
 **********
 PARAMETER   15  IS CONSTANT.   IGNORED.
 **********
 **   14 **FIX           16
 **********
 **********
 **   15 **MIGRAD
 **********
 FIRST CALL TO USER FUNCTION AT NEW START POINT, WITH IFLAG=4.
 START MIGRAD MINIMIZATION.  STRATEGY  1.  CONVERGENCE WHEN EDM .LT. 1.00e-04
 FCN=1340.79 FROM MIGRAD    STATUS=INITIATE      437 CALLS         438 TOTAL
                     EDM= unknown      STRATEGY= 1      NO ERROR MATRIX       
  EXT PARAMETER               CURRENT GUESS       STEP         FIRST   
  NO.   NAME      VALUE            ERROR          SIZE      DERIVATIVE 
   1  N0           3.09796e+06   1.00000e+02   0.00000e+00   3.14440e-02
   2  tau          6.43838e+01   constant   
   3  A0           3.49539e-01   1.00000e-04   0.00000e+00   1.03422e+05
   4  phi          4.11719e+00   1.00000e-02   0.00000e+00  -7.29523e+04
   5  R           -6.25346e+01   constant   
   6  alpha_CBO    0.00000e+00     fixed    
   7  w_CBO        2.32500e+00   constant   
   8  beta_CBO     0.00000e+00     fixed    
   9  alpha_2CBO   0.00000e+00     fixed    
  10  beta_2CBO    0.00000e+00     fixed    
  11  alpha_y      0.00000e+00     fixed    
  12  w_y          1.44500e+01   constant   
  13  beta_y       0.00000e+00     fixed    
  14  alpha_vw     0.00000e+00     fixed    
  15  w_vw         1.29000e+01   constant   
  16  beta_vw      0.00000e+00     fixed    
  17  LM          -7.79046e-04   constant   
  18  zeta_y       0.00000e+00   constant   
  19  zeta_vw      0.00000e+00   constant   
  20  T_CBO        1.00000e+02   1.00000e+00   0.00000e+00   0.00000e+00
  21  alpha_A0     0.00000e+00   1.00000e-03   0.00000e+00  -1.45662e+03
  22  beta_A0      0.00000e+00   1.00000e-03   0.00000e+00   6.23172e+03
  23  alpha_phi    0.00000e+00   1.00000e-03   0.00000e+00  -7.63039e+03
  24  beta_phi     0.00000e+00   1.00000e-03   0.00000e+00  -2.79236e+04
 MIGRAD MINIMIZATION HAS CONVERGED.
 MIGRAD WILL VERIFY CONVERGENCE AND ERROR MATRIX.
 FCN=29.7472 FROM HESSE     STATUS=NOT POSDEF     61 CALLS        1093 TOTAL
                     EDM=0.000172913    STRATEGY= 1      ERR MATRIX NOT POS-DEF
  EXT PARAMETER                APPROXIMATE        STEP         FIRST   
  NO.   NAME      VALUE            ERROR          SIZE      DERIVATIVE 
   1  N0           3.10976e+06   5.05800e+03   1.48285e+00   3.33597e-07
   2  tau          6.43838e+01   constant   
   3  A0           3.45094e-01   1.59581e-03   6.88588e-07  -7.32902e+00
   4  phi          4.15547e+00   6.74741e-03   1.98148e-06  -7.86358e-01
   5  R           -6.25346e+01   constant   
   6  alpha_CBO    0.00000e+00     fixed    
   7  w_CBO        2.32500e+00   constant   
   8  beta_CBO     0.00000e+00     fixed    
   9  alpha_2CBO   0.00000e+00     fixed    
  10  beta_2CBO    0.00000e+00     fixed    
  11  alpha_y      0.00000e+00     fixed    
  12  w_y          1.44500e+01   constant   
  13  beta_y       0.00000e+00     fixed    
  14  alpha_vw     0.00000e+00     fixed    
  15  w_vw         1.29000e+01   constant   
  16  beta_vw      0.00000e+00     fixed    
  17  LM          -7.79046e-04   constant   
  18  zeta_y       0.00000e+00   constant   
  19  zeta_vw      0.00000e+00   constant   
  20  T_CBO        5.40929e+01   1.37629e+01   1.20814e-05   2.44230e-01
  21  alpha_A0     8.87068e-02   3.65004e-02   8.14224e-06  -2.65780e-01
  22  beta_A0     -9.83301e-02   3.66606e-02   9.08357e-06  -1.24722e+00
  23  alpha_phi   -7.48963e-02   3.63681e-02   1.04883e-05   4.08933e-01
  24  beta_phi    -2.88984e-02   3.26486e-02   1.09805e-05   9.63012e-02
 CALL LIMIT EXCEEDED IN MIGRAD.
 MIGRAD TERMINATED WITHOUT CONVERGENCE.
 FCN=29.4344 FROM MIGRAD    STATUS=CALL LIMIT   1320 CALLS        1321 TOTAL
                     EDM=0.167643    STRATEGY= 1      ERR MATRIX NOT POS-DEF
  EXT PARAMETER                APPROXIMATE        STEP         FIRST   
  NO.   NAME      VALUE            ERROR          SIZE      DERIVATIVE 
   1  N0           3.08402e+06   2.52514e+04  -4.22821e+03  -8.32119e-04
   2  tau          6.43838e+01   constant   
   3  A0           3.42290e-01   3.29865e-03  -3.79475e-04  -2.08571e+03
   4  phi          4.16972e+00   1.39308e-02   2.94083e-03  -4.26965e+02
   5  R           -6.25346e+01   constant   
   6  alpha_CBO    0.00000e+00     fixed    
   7  w_CBO        2.32500e+00   constant   
   8  beta_CBO     0.00000e+00     fixed    
   9  alpha_2CBO   0.00000e+00     fixed    
  10  beta_2CBO    0.00000e+00     fixed    
  11  alpha_y      0.00000e+00     fixed    
  12  w_y          1.44500e+01   constant   
  13  beta_y       0.00000e+00     fixed    
  14  alpha_vw     0.00000e+00     fixed    
  15  w_vw         1.29000e+01   constant   
  16  beta_vw      0.00000e+00     fixed    
  17  LM          -7.79046e-04   constant   
  18  zeta_y       0.00000e+00   constant   
  19  zeta_vw      0.00000e+00   constant   
  20  T_CBO        5.61481e+01   1.85261e+00   4.51085e-04  -8.38327e+00
  21  alpha_A0     2.21238e-01   1.27455e-01   2.45721e-02  -5.68837e+00
  22  beta_A0     -5.35617e-04   1.02902e-01   1.45875e-02  -1.48234e+02
  23  alpha_phi    2.47674e-02   1.06581e-01   1.36124e-02  -7.07979e+01
  24  beta_phi    -1.65947e-01   1.29002e-01  -2.38908e-02  -9.26781e+00
 EXTERNAL ERROR MATRIX.    NDIM=  25    NPAR=  8    ERR DEF=1
  6.376e+08  7.707e+01 -3.219e+02 -3.552e+04 -3.180e+03 -2.550e+03 -2.621e+03  3.217e+03 
  7.707e+01  1.088e-05 -3.384e-05 -4.133e-03 -3.659e-04 -3.313e-04 -3.442e-04  3.739e-04 
 -3.219e+02 -3.384e-05  1.941e-04  1.922e-02  1.713e-03  1.189e-03  1.196e-03 -1.734e-03 
 -3.552e+04 -4.133e-03  1.922e-02  3.432e+00  1.776e-01  1.404e-01  1.417e-01 -1.818e-01 
 -3.180e+03 -3.659e-04  1.713e-03  1.776e-01  1.624e-02  1.236e-02  1.262e-02 -1.642e-02 
 -2.550e+03 -3.313e-04  1.189e-03  1.404e-01  1.236e-02  1.059e-02  1.095e-02 -1.255e-02 
 -2.621e+03 -3.442e-04  1.196e-03  1.417e-01  1.262e-02  1.095e-02  1.136e-02 -1.280e-02 
  3.217e+03  3.739e-04 -1.734e-03 -1.818e-01 -1.642e-02 -1.255e-02 -1.280e-02  1.664e-02 
ERR MATRIX NOT POS-DEF
 PARAMETER  CORRELATION COEFFICIENTS  
       NO.  GLOBAL      1      3      4     20     21     22     23     24
        1  0.99997   1.000  0.925 -0.915 -0.759 -0.988 -0.981 -0.974  0.988
        3  0.99924   0.925  1.000 -0.736 -0.676 -0.870 -0.976 -0.979  0.879
        4  0.99931  -0.915 -0.736  1.000  0.745  0.965  0.830  0.805 -0.965
       20  0.95151  -0.759 -0.676  0.745  1.000  0.752  0.736  0.718 -0.761
       21  0.99990  -0.988 -0.870  0.965  0.752  1.000  0.943  0.929 -0.998
       22  0.99970  -0.981 -0.976  0.830  0.736  0.943  1.000  0.998 -0.945
       23  0.99983  -0.974 -0.979  0.805  0.718  0.929  0.998  1.000 -0.931
       24  0.99972   0.988  0.879 -0.965 -0.761 -0.998 -0.945 -0.931  1.000
 ERR MATRIX NOT POS-DEF
MINUIT - FIT ONLY 1-CBO + wiggle
 **********
 **   16 **RES 
 **********
                   PARAMETER   16  beta_vw RESTORED TO VARIABLE.
                   PARAMETER   14  alpha_vw RESTORED TO VARIABLE.
                   PARAMETER   13  beta_y RESTORED TO VARIABLE.
                   PARAMETER   11  alpha_y RESTORED TO VARIABLE.
                   PARAMETER   10  beta_2CBO RESTORED TO VARIABLE.
                   PARAMETER    9  alpha_2CBO RESTORED TO VARIABLE.
                   PARAMETER    8  beta_CBO RESTORED TO VARIABLE.
                   PARAMETER    6  alpha_CBO RESTORED TO VARIABLE.
 **********
 **   17 **FIX            8
 **********
 **********
 **   18 **FIX            9
 **********
 **********
 **   19 **FIX           11
 **********
 **********
 **   20 **FIX           12
 **********
 PARAMETER   12  IS CONSTANT.   IGNORED.
 **********
 **   21 **FIX           14
 **********
 **********
 **   22 **FIX           15
 **********
 PARAMETER   15  IS CONSTANT.   IGNORED.
 **********
 **   23 **FIX           16
 **********
 **********
 **   24 **MIGRAD
 **********
 START MIGRAD MINIMIZATION.  STRATEGY  1.  CONVERGENCE WHEN EDM .LT. 1.00e-04
 FCN=29.4344 FROM MIGRAD    STATUS=INITIATE       28 CALLS        1349 TOTAL
                     EDM= unknown      STRATEGY= 1      NO ERROR MATRIX       
  EXT PARAMETER               CURRENT GUESS       STEP         FIRST   
  NO.   NAME      VALUE            ERROR          SIZE      DERIVATIVE 
   1  N0           3.08402e+06   2.52514e+04  -4.22821e+03  -8.32119e-04
   2  tau          6.43838e+01   constant   
   3  A0           3.42290e-01   3.29865e-03  -3.79475e-04  -2.08571e+03
   4  phi          4.16972e+00   1.39308e-02   2.94083e-03  -4.26965e+02
   5  R           -6.25346e+01   constant   
   6  alpha_CBO    0.00000e+00   1.00000e-03   1.00000e-03  -1.81527e+03
   7  w_CBO        2.32500e+00   constant   
   8  beta_CBO     0.00000e+00     fixed    
   9  alpha_2CBO   0.00000e+00     fixed    
  10  beta_2CBO    0.00000e+00   1.00000e-03   1.00000e-03  -1.29586e+03
  11  alpha_y      0.00000e+00     fixed    
  12  w_y          1.44500e+01   constant   
  13  beta_y       0.00000e+00   1.00000e-03   1.00000e-03   2.21201e+04
  14  alpha_vw     0.00000e+00     fixed    
  15  w_vw         1.29000e+01   constant   
  16  beta_vw      0.00000e+00     fixed    
  17  LM          -7.79046e-04   constant   
  18  zeta_y       0.00000e+00   constant   
  19  zeta_vw      0.00000e+00   constant   
  20  T_CBO        5.61481e+01   1.85261e+00   4.51085e-04  -8.38327e+00
  21  alpha_A0     2.21238e-01   1.27455e-01   2.45721e-02  -5.68837e+00
  22  beta_A0     -5.35617e-04   1.02902e-01   1.45875e-02  -1.48234e+02
  23  alpha_phi    2.47674e-02   1.06581e-01   1.36124e-02  -7.07979e+01
  24  beta_phi    -1.65947e-01   1.29002e-01  -2.38908e-02  -9.26781e+00
 MIGRAD MINIMIZATION HAS CONVERGED.
 MIGRAD WILL VERIFY CONVERGENCE AND ERROR MATRIX.
 FCN=22.8227 FROM MIGRAD    STATUS=CONVERGED    1593 CALLS        2914 TOTAL
                     EDM=1.32115e-06    STRATEGY= 1      ERR MATRIX NOT POS-DEF
  EXT PARAMETER                APPROXIMATE        STEP         FIRST   
  NO.   NAME      VALUE            ERROR          SIZE      DERIVATIVE 
   1  N0           3.09394e+06   4.48895e+03   1.47530e+00  -2.11881e-06
   2  tau          6.43838e+01   constant   
   3  A0           3.63604e-01   2.43514e-03   6.15458e-07  -4.12246e+00
   4  phi          4.22110e+00   6.55540e-03   2.01278e-06   7.61799e-01
   5  R           -6.25346e+01   constant   
   6  alpha_CBO   -1.31193e-02   2.21899e-03   4.57398e-07  -1.27292e+00
   7  w_CBO        2.32500e+00   constant   
   8  beta_CBO     0.00000e+00     fixed    
   9  alpha_2CBO   0.00000e+00     fixed    
  10  beta_2CBO    1.70173e-03   5.95674e-04   4.65573e-07  -2.87486e+00
  11  alpha_y      0.00000e+00     fixed    
  12  w_y          1.44500e+01   constant   
  13  beta_y      -5.03660e-04   2.01698e-04   4.63272e-07  -5.81204e-01
  14  alpha_vw     0.00000e+00     fixed    
  15  w_vw         1.29000e+01   constant   
  16  beta_vw      0.00000e+00     fixed    
  17  LM          -7.79046e-04   constant   
  18  zeta_y       0.00000e+00   constant   
  19  zeta_vw      0.00000e+00   constant   
  20  T_CBO        5.74287e+01   4.65013e+00   3.54061e-06   7.94201e-02
  21  alpha_A0     2.38254e-01   3.05811e-02   6.29203e-06  -1.35903e-01
  22  beta_A0     -2.44630e-01   3.17840e-02   6.89583e-06  -3.22462e-01
  23  alpha_phi   -9.59449e-02   3.70564e-02   8.14905e-06  -9.71422e-02
  24  beta_phi    -2.65032e-01   3.12091e-02   8.88914e-06   1.24237e-01
 EXTERNAL ERROR MATRIX.    NDIM=  25    NPAR= 11    ERR DEF=1
  2.015e+07 
  2.404e+00  5.930e-06 
 -7.095e+00  1.071e-05  4.297e-05 
  4.032e-01 -3.103e-06 -3.494e-06  4.924e-06 
  2.362e-01  3.159e-07  4.159e-07 -8.778e-07  3.548e-07 
  3.220e-02 -1.779e-08  2.805e-08  6.103e-08  3.955e-09  4.068e-08 
 -7.288e+02  2.835e-03  1.445e-02  1.250e-03 -3.123e-04  5.245e-05  2.163e+01 
 -7.461e+01 -8.968e-06  6.782e-05  2.549e-05 -6.696e-06  2.648e-07 -4.532e-02  9.352e-04 
 -8.481e+01 -4.184e-05 -2.078e-05  2.150e-05 -4.860e-06 -6.068e-08  7.736e-02 -4.684e-05  1.010e-03 
 -9.885e+01 -2.655e-05 -5.361e-05 -4.268e-05  9.368e-06 -8.028e-07 -2.048e-02 -2.327e-04  5.769e-04  1.373e-03 
  7.242e+01 -5.505e-06 -9.951e-05  5.117e-06 -2.490e-06 -1.670e-07  5.952e-02 -8.015e-04  2.338e-04 -3.879e-05  9.740e-04 
ERR MATRIX NOT POS-DEF
 PARAMETER  CORRELATION COEFFICIENTS  
       NO.  GLOBAL      1      3      4      6     10     13     20     21     22     23     24
        1  0.99543   1.000  0.220 -0.241  0.040  0.088  0.036 -0.035 -0.543 -0.594 -0.594  0.517
        3  0.99438   0.220  1.000  0.671 -0.574  0.218 -0.036  0.250 -0.120 -0.541 -0.294 -0.072
        4  0.99640  -0.241  0.671  1.000 -0.240  0.106  0.021  0.474  0.338 -0.100 -0.221 -0.486
        6  0.99627   0.040 -0.574 -0.240  1.000 -0.664  0.136  0.121  0.376  0.305 -0.519  0.074
       10  0.94489   0.088  0.218  0.106 -0.664  1.000  0.033 -0.113 -0.368 -0.257  0.424 -0.134
       13  0.27280   0.036 -0.036  0.021  0.136  0.033  1.000  0.056  0.043 -0.009 -0.107 -0.027
       20  0.99723  -0.035  0.250  0.474  0.121 -0.113  0.056  1.000 -0.319  0.523 -0.119  0.410
       21  0.99627  -0.543 -0.120  0.338  0.376 -0.368  0.043 -0.319  1.000 -0.048 -0.205 -0.840
       22  0.99586  -0.594 -0.541 -0.100  0.305 -0.257 -0.009  0.523 -0.048  1.000  0.490  0.236
       23  0.99574  -0.594 -0.294 -0.221 -0.519  0.424 -0.107 -0.119 -0.205  0.490  1.000 -0.034
       24  0.99285   0.517 -0.072 -0.486  0.074 -0.134 -0.027  0.410 -0.840  0.236 -0.034  1.000
 ERR MATRIX NOT POS-DEF
MINUIT - FIT ONLY 2-CBO
 **********
 **   25 **RES 
 **********
                   PARAMETER   16  beta_vw RESTORED TO VARIABLE.
                   PARAMETER   14  alpha_vw RESTORED TO VARIABLE.
                   PARAMETER   11  alpha_y RESTORED TO VARIABLE.
                   PARAMETER    9  alpha_2CBO RESTORED TO VARIABLE.
                   PARAMETER    8  beta_CBO RESTORED TO VARIABLE.
 **********
 **   26 **FIX            0
 **********
 PARAMETER    0  IS UNDEFINED. IGNORED.
 **********
 **   27 **FIX            1
 **********
 **********
 **   28 **FIX            2
 **********
 PARAMETER    2  IS CONSTANT.   IGNORED.
 **********
 **   29 **FIX            3
 **********
 **********
 **   30 **FIX            4
 **********
 **********
 **   31 **FIX            5
 **********
 PARAMETER    5  IS CONSTANT.   IGNORED.
 **********
 **   32 **FIX            6
 **********
 **********
 **   33 **FIX            7
 **********
 PARAMETER    7  IS CONSTANT.   IGNORED.
 **********
 **   34 **FIX           10
 **********
 **********
 **   35 **FIX           11
 **********
 **********
 **   36 **FIX           12
 **********
 PARAMETER   12  IS CONSTANT.   IGNORED.
 **********
 **   37 **FIX           13
 **********
 **********
 **   38 **FIX           14
 **********
 **********
 **   39 **FIX           15
 **********
 PARAMETER   15  IS CONSTANT.   IGNORED.
 **********
 **   40 **FIX           16
 **********
 **********
 **   41 **MIGRAD
 **********
 START MIGRAD MINIMIZATION.  STRATEGY  1.  CONVERGENCE WHEN EDM .LT. 1.00e-04
 FCN=22.8227 FROM MIGRAD    STATUS=INITIATE       18 CALLS        2932 TOTAL
                     EDM= unknown      STRATEGY= 1      NO ERROR MATRIX       
  EXT PARAMETER               CURRENT GUESS       STEP         FIRST   
  NO.   NAME      VALUE            ERROR          SIZE      DERIVATIVE 
   1  N0           3.09394e+06     fixed    
   2  tau          6.43838e+01   constant   
   3  A0           3.63604e-01     fixed    
   4  phi          4.22110e+00     fixed    
   5  R           -6.25346e+01   constant   
   6  alpha_CBO   -1.31193e-02     fixed    
   7  w_CBO        2.32500e+00   constant   
   8  beta_CBO     0.00000e+00   1.00000e-03   1.00000e-03   2.70882e+01
   9  alpha_2CBO   0.00000e+00   1.00000e-03   1.00000e-03  -1.23623e+02
  10  beta_2CBO    1.70173e-03     fixed    
  11  alpha_y      0.00000e+00     fixed    
  12  w_y          1.44500e+01   constant   
  13  beta_y      -5.03660e-04     fixed    
  14  alpha_vw     0.00000e+00     fixed    
  15  w_vw         1.29000e+01   constant   
  16  beta_vw      0.00000e+00     fixed    
  17  LM          -7.79046e-04   constant   
  18  zeta_y       0.00000e+00   constant   
  19  zeta_vw      0.00000e+00   constant   
  20  T_CBO        5.74287e+01   4.65013e+00   3.54061e-06   7.94198e-02
  21  alpha_A0     2.38254e-01   3.05811e-02   6.29203e-06  -1.35904e-01
  22  beta_A0     -2.44630e-01   3.17840e-02   6.89583e-06  -3.22465e-01
  23  alpha_phi   -9.59449e-02   3.70564e-02   8.14905e-06  -9.71422e-02
  24  beta_phi    -2.65032e-01   3.12091e-02   8.88914e-06   1.24237e-01
 MIGRAD MINIMIZATION HAS CONVERGED.
 MIGRAD WILL VERIFY CONVERGENCE AND ERROR MATRIX.
 FCN=22.8217 FROM MIGRAD    STATUS=CONVERGED     149 CALLS        3063 TOTAL
                     EDM=1.86048e-06    STRATEGY= 1      ERR MATRIX NOT POS-DEF
  EXT PARAMETER                APPROXIMATE        STEP         FIRST   
  NO.   NAME      VALUE            ERROR          SIZE      DERIVATIVE 
   1  N0           3.09394e+06     fixed    
   2  tau          6.43838e+01   constant   
   3  A0           3.63604e-01     fixed    
   4  phi          4.22110e+00     fixed    
   5  R           -6.25346e+01   constant   
   6  alpha_CBO   -1.31193e-02     fixed    
   7  w_CBO        2.32500e+00   constant   
   8  beta_CBO     1.98479e-05   7.79833e-04   4.77870e-07  -7.61579e+00
   9  alpha_2CBO   1.90275e-05   5.96693e-04   4.69045e-07  -2.09399e+00
  10  beta_2CBO    1.70173e-03     fixed    
  11  alpha_y      0.00000e+00     fixed    
  12  w_y          1.44500e+01   constant   
  13  beta_y      -5.03660e-04     fixed    
  14  alpha_vw     0.00000e+00     fixed    
  15  w_vw         1.29000e+01   constant   
  16  beta_vw      0.00000e+00     fixed    
  17  LM          -7.79046e-04   constant   
  18  zeta_y       0.00000e+00   constant   
  19  zeta_vw      0.00000e+00   constant   
  20  T_CBO        5.74257e+01   4.88751e+00   3.54867e-06   5.20267e-01
  21  alpha_A0     2.38126e-01   2.57508e-02   6.29694e-06   2.54233e-01
  22  beta_A0     -2.44447e-01   2.71654e-02   6.90172e-06   3.12924e-01
  23  alpha_phi   -9.61267e-02   1.23488e-02   8.15323e-06  -6.06407e-03
  24  beta_phi    -2.65432e-01   3.12954e-02   8.89185e-06  -4.30199e-01
 EXTERNAL ERROR MATRIX.    NDIM=  25    NPAR=  7    ERR DEF=1
  6.081e-07  4.011e-07  2.245e-04 -4.604e-06  5.961e-06 -3.811e-06 -9.470e-06 
  4.011e-07  3.560e-07 -4.421e-05 -2.540e-06  3.535e-06 -3.463e-06 -7.768e-06 
  2.245e-04 -4.421e-05  2.389e+01 -1.230e-01  1.282e-01  5.050e-02  1.359e-01 
 -4.604e-06 -2.540e-06 -1.230e-01  6.631e-04 -6.913e-04 -2.345e-04 -6.363e-04 
  5.961e-06  3.535e-06  1.282e-01 -6.913e-04  7.380e-04  2.345e-04  6.431e-04 
 -3.811e-06 -3.463e-06  5.050e-02 -2.345e-04  2.345e-04  1.525e-04  3.673e-04 
 -9.470e-06 -7.768e-06  1.359e-01 -6.363e-04  6.431e-04  3.673e-04  9.794e-04 
ERR MATRIX NOT POS-DEF
 PARAMETER  CORRELATION COEFFICIENTS  
       NO.  GLOBAL      8      9     20     21     22     23     24
        8  0.96646   1.000  0.862  0.059 -0.229  0.281 -0.396 -0.388
        9  0.94417   0.862  1.000 -0.015 -0.165  0.218 -0.470 -0.416
       20  0.99749   0.059 -0.015  1.000 -0.978  0.965  0.837  0.888
       21  0.99473  -0.229 -0.165 -0.978  1.000 -0.988 -0.737 -0.790
       22  0.99431   0.281  0.218  0.965 -0.988  1.000  0.699  0.757
       23  0.96095  -0.396 -0.470  0.837 -0.737  0.699  1.000  0.950
       24  0.99288  -0.388 -0.416  0.888 -0.790  0.757  0.950  1.000
 ERR MATRIX NOT POS-DEF
MINUIT - FIT wiggle + 1-CBO + 2-CBO
 **********
 **   42 **RES 
 **********
                   PARAMETER   16  beta_vw RESTORED TO VARIABLE.
                   PARAMETER   14  alpha_vw RESTORED TO VARIABLE.
                   PARAMETER   13  beta_y RESTORED TO VARIABLE.
                   PARAMETER   11  alpha_y RESTORED TO VARIABLE.
                   PARAMETER   10  beta_2CBO RESTORED TO VARIABLE.
                   PARAMETER    6  alpha_CBO RESTORED TO VARIABLE.
                   PARAMETER    4  phi RESTORED TO VARIABLE.
                   PARAMETER    3  A0 RESTORED TO VARIABLE.
                   PARAMETER    1  N0 RESTORED TO VARIABLE.
 **********
 **   43 **FIX           10
 **********
 **********
 **   44 **FIX           11
 **********
 **********
 **   45 **FIX           12
 **********
 PARAMETER   12  IS CONSTANT.   IGNORED.
 **********
 **   46 **FIX           13
 **********
 **********
 **   47 **FIX           14
 **********
 **********
 **   48 **FIX           15
 **********
 PARAMETER   15  IS CONSTANT.   IGNORED.
 **********
 **   49 **FIX           16
 **********
 **********
 **   50 **MIGRAD
 **********
 START MIGRAD MINIMIZATION.  STRATEGY  1.  CONVERGENCE WHEN EDM .LT. 1.00e-04
 FCN=22.8217 FROM MIGRAD    STATUS=INITIATE       22 CALLS        3085 TOTAL
                     EDM= unknown      STRATEGY= 1      NO ERROR MATRIX       
  EXT PARAMETER               CURRENT GUESS       STEP         FIRST   
  NO.   NAME      VALUE            ERROR          SIZE      DERIVATIVE 
   1  N0           3.09394e+06   4.48895e+03   4.48895e+03  -4.84689e-07
   2  tau          6.43838e+01   constant   
   3  A0           3.63604e-01   2.43514e-03   2.43514e-03   6.58640e+00
   4  phi          4.22110e+00   6.55540e-03   6.55540e-03  -3.94313e+00
   5  R           -6.25346e+01   constant   
   6  alpha_CBO   -1.31193e-02   2.21899e-03   2.21899e-03  -1.69788e+01
   7  w_CBO        2.32500e+00   constant   
   8  beta_CBO     1.98479e-05   7.79833e-04   4.77870e-07  -7.61581e+00
   9  alpha_2CBO   1.90275e-05   5.96693e-04   4.69045e-07  -2.09400e+00
  10  beta_2CBO    1.70173e-03     fixed    
  11  alpha_y      0.00000e+00     fixed    
  12  w_y          1.44500e+01   constant   
  13  beta_y      -5.03660e-04     fixed    
  14  alpha_vw     0.00000e+00     fixed    
  15  w_vw         1.29000e+01   constant   
  16  beta_vw      0.00000e+00     fixed    
  17  LM          -7.79046e-04   constant   
  18  zeta_y       0.00000e+00   constant   
  19  zeta_vw      0.00000e+00   constant   
  20  T_CBO        5.74257e+01   4.88751e+00   3.54867e-06   5.20247e-01
  21  alpha_A0     2.38126e-01   2.57508e-02   6.29694e-06   2.54235e-01
  22  beta_A0     -2.44447e-01   2.71654e-02   6.90172e-06   3.12926e-01
  23  alpha_phi   -9.61267e-02   1.23488e-02   8.15323e-06  -6.06557e-03
  24  beta_phi    -2.65432e-01   3.12954e-02   8.89185e-06  -4.30199e-01
 MIGRAD MINIMIZATION HAS CONVERGED.
 MIGRAD WILL VERIFY CONVERGENCE AND ERROR MATRIX.
 FCN=22.8205 FROM HESSE     STATUS=NOT POSDEF    100 CALLS        3383 TOTAL
                     EDM=0.000337736    STRATEGY= 1      ERR MATRIX NOT POS-DEF
  EXT PARAMETER                APPROXIMATE        STEP         FIRST   
  NO.   NAME      VALUE            ERROR          SIZE      DERIVATIVE 
   1  N0           3.09411e+06   5.31630e+03   1.47539e+00  -1.03744e-06
   2  tau          6.43838e+01   constant   
   3  A0           3.63474e-01   3.31589e-03   6.15281e-07   4.91622e+00
   4  phi          4.22115e+00   7.54604e-03   2.01280e-06  -7.49128e-02
   5  R           -6.25346e+01   constant   
   6  alpha_CBO   -1.30189e-02   1.74760e-03   4.57393e-07   4.29094e+00
   7  w_CBO        2.32500e+00   constant   
   8  beta_CBO    -4.68428e-06   1.86112e-03   4.77859e-07   4.09503e+00
   9  alpha_2CBO   3.74148e-05   6.40402e-04   4.69041e-07   2.11452e+00
  10  beta_2CBO    1.70173e-03     fixed    
  11  alpha_y      0.00000e+00     fixed    
  12  w_y          1.44500e+01   constant   
  13  beta_y      -5.03660e-04     fixed    
  14  alpha_vw     0.00000e+00     fixed    
  15  w_vw         1.29000e+01   constant   
  16  beta_vw      0.00000e+00     fixed    
  17  LM          -7.79046e-04   constant   
  18  zeta_y       0.00000e+00   constant   
  19  zeta_vw      0.00000e+00   constant   
  20  T_CBO        5.74557e+01   4.54678e+00   3.54902e-06  -1.37017e-01
  21  alpha_A0     2.38319e-01   2.89643e-02   6.29343e-06   5.80333e-02
  22  beta_A0     -2.44222e-01   3.07064e-02   6.89873e-06   6.86171e-01
  23  alpha_phi   -9.72898e-02   3.66382e-02   8.14917e-06  -2.10328e-01
  24  beta_phi    -2.65595e-01   3.33327e-02   8.88802e-06  -3.86128e-01
 MIGRAD MINIMIZATION HAS CONVERGED.
 MIGRAD WILL VERIFY CONVERGENCE AND ERROR MATRIX.
 FCN=22.6927 FROM MIGRAD    STATUS=CONVERGED     989 CALLS        4052 TOTAL
                     EDM=7.97404e-06    STRATEGY= 1      ERR MATRIX NOT POS-DEF
  EXT PARAMETER                APPROXIMATE        STEP         FIRST   
  NO.   NAME      VALUE            ERROR          SIZE      DERIVATIVE 
   1  N0           3.14192e+06   5.43239e+03   1.49818e+00   2.63958e-06
   2  tau          6.43838e+01   constant   
   3  A0           3.51569e-01   3.36285e-03   6.30756e-07   7.99097e+00
   4  phi          4.24489e+00   7.07017e-03   2.02412e-06   8.51619e-01
   5  R           -6.25346e+01   constant   
   6  alpha_CBO   -1.09598e-02   1.75563e-03   4.56414e-07   1.26423e+01
   7  w_CBO        2.32500e+00   constant   
   8  beta_CBO    -1.17919e-02   1.84234e-03   4.77565e-07  -4.69530e+00
   9  alpha_2CBO  -9.38240e-05   6.90589e-04   4.68422e-07  -8.00734e-01
  10  beta_2CBO    1.70173e-03     fixed    
  11  alpha_y      0.00000e+00     fixed    
  12  w_y          1.44500e+01   constant   
  13  beta_y      -5.03660e-04     fixed    
  14  alpha_vw     0.00000e+00     fixed    
  15  w_vw         1.29000e+01   constant   
  16  beta_vw      0.00000e+00     fixed    
  17  LM          -7.79046e-04   constant   
  18  zeta_y       0.00000e+00   constant   
  19  zeta_vw      0.00000e+00   constant   
  20  T_CBO        5.68171e+01   3.76422e+00   3.02162e-06  -1.07890e+00
  21  alpha_A0     2.04381e-01   2.87207e-02   6.28536e-06  -3.23403e-01
  22  beta_A0     -3.81026e-01   3.23162e-02   6.88466e-06   1.23616e-01
  23  alpha_phi   -2.31605e-01   3.82742e-02   8.43662e-06   6.29112e-01
  24  beta_phi    -1.40370e-01   3.30863e-02   9.44284e-06  -3.37319e-01
 EXTERNAL ERROR MATRIX.    NDIM=  25    NPAR= 11    ERR DEF=1
  2.951e+07 
 -3.365e+00  1.131e-05 
  6.541e+00  1.117e-06  4.999e-05 
  1.045e+00 -2.627e-06 -2.240e-06  3.082e-06 
 -3.987e+00  3.580e-06 -7.129e-06  4.800e-07  3.394e-06 
  6.719e-01  2.336e-08 -5.850e-07  5.267e-07  6.341e-07  4.769e-07 
  3.434e+03  3.463e-03  9.407e-03  3.111e-04  1.577e-04  1.925e-04  1.417e+01 
 -7.056e+01 -1.391e-05  1.053e-04  9.248e-06 -1.202e-05 -3.342e-06 -3.388e-02  8.249e-04 
 -5.857e+01 -2.701e-05 -1.672e-05  1.549e-05  6.968e-06  3.289e-06  7.424e-02 -1.518e-04  1.044e-03 
 -9.758e+01 -4.201e-05 -1.293e-05 -2.787e-05 -2.455e-05 -1.444e-05  5.702e-03 -1.138e-05  6.286e-04  1.465e-03 
  8.702e+01 -2.538e-05 -8.622e-05 -1.501e-05 -2.336e-05 -9.661e-06  4.688e-03 -6.609e-04 -4.787e-05  3.985e-04  1.095e-03 
ERR MATRIX NOT POS-DEF
 PARAMETER  CORRELATION COEFFICIENTS  
       NO.  GLOBAL      1      3      4      6      8      9     20     21     22     23     24
        1  0.99678   1.000 -0.184  0.170  0.110 -0.398  0.179  0.168 -0.452 -0.334 -0.469  0.484
        3  0.99689  -0.184  1.000  0.047 -0.445  0.578  0.010  0.274 -0.144 -0.249 -0.326 -0.228
        4  0.99699   0.170  0.047  1.000 -0.180 -0.547 -0.120  0.353  0.519 -0.073 -0.048 -0.369
        6  0.99402   0.110 -0.445 -0.180  1.000  0.148  0.434  0.047  0.183  0.273 -0.415 -0.258
        8  0.99406  -0.398  0.578 -0.547  0.148  1.000  0.498  0.023 -0.227  0.117 -0.348 -0.383
        9  0.95857   0.179  0.010 -0.120  0.434  0.498  1.000  0.074 -0.168  0.147 -0.546 -0.423
       20  0.99697   0.168  0.274  0.353  0.047  0.023  0.074  1.000 -0.313  0.610  0.040  0.038
       21  0.99577  -0.452 -0.144  0.519  0.183 -0.227 -0.168 -0.313  1.000 -0.164 -0.010 -0.695
       22  0.99599  -0.334 -0.249 -0.073  0.273  0.117  0.147  0.610 -0.164  1.000  0.508 -0.045
       23  0.99570  -0.469 -0.326 -0.048 -0.415 -0.348 -0.546  0.040 -0.010  0.508  1.000  0.315
       24  0.99278   0.484 -0.228 -0.369 -0.258 -0.383 -0.423  0.038 -0.695 -0.045  0.315  1.000
 ERR MATRIX NOT POS-DEF
MINUIT - FIT ONLY 1-y
 **********
 **   51 **RES 
 **********
                   PARAMETER   16  beta_vw RESTORED TO VARIABLE.
                   PARAMETER   14  alpha_vw RESTORED TO VARIABLE.
                   PARAMETER   13  beta_y RESTORED TO VARIABLE.
                   PARAMETER   11  alpha_y RESTORED TO VARIABLE.
                   PARAMETER   10  beta_2CBO RESTORED TO VARIABLE.
 **********
 **   52 **FIX            0
 **********
 PARAMETER    0  IS UNDEFINED. IGNORED.
 **********
 **   53 **FIX            1
 **********
 **********
 **   54 **FIX            2
 **********
 PARAMETER    2  IS CONSTANT.   IGNORED.
 **********
 **   55 **FIX            3
 **********
 **********
 **   56 **FIX            4
 **********
 **********
 **   57 **FIX            5
 **********
 PARAMETER    5  IS CONSTANT.   IGNORED.
 **********
 **   58 **FIX            6
 **********
 **********
 **   59 **FIX            7
 **********
 PARAMETER    7  IS CONSTANT.   IGNORED.
 **********
 **   60 **FIX            8
 **********
 **********
 **   61 **FIX            9
 **********
 **********
 **   62 **FIX           13
 **********
 **********
 **   63 **FIX           14
 **********
 **********
 **   64 **FIX           15
 **********
 PARAMETER   15  IS CONSTANT.   IGNORED.
 **********
 **   65 **FIX           16
 **********
 **********
 **   66 **MIGRAD
 **********
 START MIGRAD MINIMIZATION.  STRATEGY  1.  CONVERGENCE WHEN EDM .LT. 1.00e-04
 FCN=22.6927 FROM MIGRAD    STATUS=INITIATE       16 CALLS        4068 TOTAL
                     EDM= unknown      STRATEGY= 1      NO ERROR MATRIX       
  EXT PARAMETER               CURRENT GUESS       STEP         FIRST   
  NO.   NAME      VALUE            ERROR          SIZE      DERIVATIVE 
   1  N0           3.14192e+06     fixed    
   2  tau          6.43838e+01   constant   
   3  A0           3.51569e-01     fixed    
   4  phi          4.24489e+00     fixed    
   5  R           -6.25346e+01   constant   
   6  alpha_CBO   -1.09598e-02     fixed    
   7  w_CBO        2.32500e+00   constant   
   8  beta_CBO    -1.17919e-02     fixed    
   9  alpha_2CBO  -9.38240e-05     fixed    
  10  beta_2CBO    1.70173e-03   5.95674e-04   5.95674e-04   1.99856e+01
  11  alpha_y      0.00000e+00   1.00000e-03   1.00000e-03  -3.34236e+04
  12  w_y          1.44500e+01   constant   
  13  beta_y      -5.03660e-04     fixed    
  14  alpha_vw     0.00000e+00     fixed    
  15  w_vw         1.29000e+01   constant   
  16  beta_vw      0.00000e+00     fixed    
  17  LM          -7.79046e-04   constant   
  18  zeta_y       0.00000e+00   constant   
  19  zeta_vw      0.00000e+00   constant   
  20  T_CBO        5.68171e+01   3.76422e+00   3.02162e-06  -1.07890e+00
  21  alpha_A0     2.04381e-01   2.87207e-02   6.28536e-06  -3.23395e-01
  22  beta_A0     -3.81026e-01   3.23162e-02   6.88466e-06   1.23608e-01
  23  alpha_phi   -2.31605e-01   3.82742e-02   8.43662e-06   6.29112e-01
  24  beta_phi    -1.40370e-01   3.30863e-02   9.44284e-06  -3.37319e-01
 CALL LIMIT EXCEEDED IN MIGRAD.
 MIGRAD TERMINATED WITHOUT CONVERGENCE.
 FCN=11.3792 FROM MIGRAD    STATUS=CALL LIMIT   1146 CALLS        5198 TOTAL
                     EDM=1.20609e-05    STRATEGY= 1  ERROR MATRIX UNCERTAINTY  17.9 per cent
  EXT PARAMETER                APPROXIMATE        STEP         FIRST   
  NO.   NAME      VALUE            ERROR          SIZE      DERIVATIVE 
   1  N0           3.14192e+06     fixed    
   2  tau          6.43838e+01   constant   
   3  A0           3.51569e-01     fixed    
   4  phi          4.24489e+00     fixed    
   5  R           -6.25346e+01   constant   
   6  alpha_CBO   -1.09598e-02     fixed    
   7  w_CBO        2.32500e+00   constant   
   8  beta_CBO    -1.17919e-02     fixed    
   9  alpha_2CBO  -9.38240e-05     fixed    
  10  beta_2CBO    1.50213e-03   4.21974e-04   9.20193e-08  -8.54057e+00
  11  alpha_y      6.76762e-04   1.99846e-04   7.11789e-08   1.17015e+00
  12  w_y          1.44500e+01   constant   
  13  beta_y      -5.03660e-04     fixed    
  14  alpha_vw     0.00000e+00     fixed    
  15  w_vw         1.29000e+01   constant   
  16  beta_vw      0.00000e+00     fixed    
  17  LM          -7.79046e-04   constant   
  18  zeta_y       0.00000e+00   constant   
  19  zeta_vw      0.00000e+00   constant   
  20  T_CBO        8.35511e+01   5.05826e+01   7.74943e-05  -2.13762e-01
  21  alpha_A0     1.36904e-01   7.13650e-02  -2.85676e-05  -1.11355e+00
  22  beta_A0     -2.51788e-01   1.34027e-01   4.93352e-05   1.14020e-01
  23  alpha_phi   -1.53933e-01   8.17184e-02   3.10615e-05  -2.68355e-01
  24  beta_phi    -9.10433e-02   4.93079e-02   1.54067e-05  -7.75704e-01
 EXTERNAL ERROR MATRIX.    NDIM=  25    NPAR=  7    ERR DEF=1
  1.781e-07 -7.230e-09 -8.790e-03  1.196e-05 -2.397e-05 -1.370e-05 -9.678e-06 
 -7.230e-09  3.994e-08  1.370e-03 -1.920e-06  3.647e-06  2.190e-06  1.389e-06 
 -8.790e-03  1.370e-03  2.588e+03 -3.629e+00  6.816e+00  4.155e+00  2.500e+00 
  1.196e-05 -1.920e-06 -3.629e+00  5.093e-03 -9.557e-03 -5.828e-03 -3.503e-03 
 -2.397e-05  3.647e-06  6.816e+00 -9.557e-03  1.796e-02  1.094e-02  6.592e-03 
 -1.370e-05  2.190e-06  4.155e+00 -5.828e-03  1.094e-02  6.678e-03  4.011e-03 
 -9.678e-06  1.389e-06  2.500e+00 -3.503e-03  6.592e-03  4.011e-03  2.431e-03 
ERR MATRIX APPROXIMATE
 PARAMETER  CORRELATION COEFFICIENTS  
       NO.  GLOBAL     10     11     20     21     22     23     24
       10  0.89603   1.000 -0.086 -0.410  0.397 -0.424 -0.397 -0.465
       11  0.17402  -0.086  1.000  0.135 -0.135  0.136  0.134  0.141
       20  0.99992  -0.410  0.135  1.000 -1.000  1.000  0.999  0.997
       21  0.99971   0.397 -0.135 -1.000  1.000 -0.999 -0.999 -0.996
       22  0.99989  -0.424  0.136  1.000 -0.999  1.000  0.999  0.997
       23  0.99957  -0.397  0.134  0.999 -0.999  0.999  1.000  0.995
       24  0.99864  -0.465  0.141  0.997 -0.996  0.997  0.995  1.000
 ERR MATRIX APPROXIMATE
MINUIT - FIT ONLY 2-y
 **********
 **   67 **RES 
 **********
                   PARAMETER   16  beta_vw RESTORED TO VARIABLE.
                   PARAMETER   14  alpha_vw RESTORED TO VARIABLE.
                   PARAMETER   13  beta_y RESTORED TO VARIABLE.
                   PARAMETER    9  alpha_2CBO RESTORED TO VARIABLE.
                   PARAMETER    8  beta_CBO RESTORED TO VARIABLE.
                   PARAMETER    6  alpha_CBO RESTORED TO VARIABLE.
                   PARAMETER    4  phi RESTORED TO VARIABLE.
                   PARAMETER    3  A0 RESTORED TO VARIABLE.
                   PARAMETER    1  N0 RESTORED TO VARIABLE.
 **********
 **   68 **FIX            0
 **********
 PARAMETER    0  IS UNDEFINED. IGNORED.
 **********
 **   69 **FIX            1
 **********
 **********
 **   70 **FIX            2
 **********
 PARAMETER    2  IS CONSTANT.   IGNORED.
 **********
 **   71 **FIX            3
 **********
 **********
 **   72 **FIX            4
 **********
 **********
 **   73 **FIX            5
 **********
 PARAMETER    5  IS CONSTANT.   IGNORED.
 **********
 **   74 **FIX            6
 **********
 **********
 **   75 **FIX            7
 **********
 PARAMETER    7  IS CONSTANT.   IGNORED.
 **********
 **   76 **FIX            8
 **********
 **********
 **   77 **FIX            9
 **********
 **********
 **   78 **FIX           10
 **********
 **********
 **   79 **FIX           11
 **********
 **********
 **   80 **FIX           12
 **********
 PARAMETER   12  IS CONSTANT.   IGNORED.
 **********
 **   81 **FIX           16
 **********
 **********
 **   82 **MIGRAD
 **********
 START MIGRAD MINIMIZATION.  STRATEGY  1.  CONVERGENCE WHEN EDM .LT. 1.00e-04
 FCN=11.3792 FROM MIGRAD    STATUS=INITIATE       16 CALLS        5214 TOTAL
                     EDM= unknown      STRATEGY= 1      NO ERROR MATRIX       
  EXT PARAMETER               CURRENT GUESS       STEP         FIRST   
  NO.   NAME      VALUE            ERROR          SIZE      DERIVATIVE 
   1  N0           3.14192e+06     fixed    
   2  tau          6.43838e+01   constant   
   3  A0           3.51569e-01     fixed    
   4  phi          4.24489e+00     fixed    
   5  R           -6.25346e+01   constant   
   6  alpha_CBO   -1.09598e-02     fixed    
   7  w_CBO        2.32500e+00   constant   
   8  beta_CBO    -1.17919e-02     fixed    
   9  alpha_2CBO  -9.38240e-05     fixed    
  10  beta_2CBO    1.50213e-03     fixed    
  11  alpha_y      6.76762e-04     fixed    
  12  w_y          1.44500e+01   constant   
  13  beta_y      -5.03660e-04   2.01698e-04   2.01698e-04  -9.10418e+02
