 + ++++++++++++++++++++++++++++++++++++++++++++++++++++++++++++++++++++ +
 +                                                                      +
 +           You have chose to blind your fitting according to          +
 +                omega_ref * (1 + (R +/- deltaR) *10^{-6})             +
 +                                                                      +
 + ++++++++++++++++++++++++++++++++++++++++++++++++++++++++++++++++++++ +
In main()...
reading format from /gm2data/zkhechad/run45/envelope/formats/formatB_sBin_constraintOn.txt
pBinTau 	= 0  
pBinPhi 	= 0  
constraintau 	= 1 
includeMopTerm 	= 0    
constrainMop    = 0   
Parameters after format file: pBinTau 0 pBinPhi 0 constraintau 1 includeMopTerm 0 constrainMop 0 c_e_scale 0.000000 
Opening file /gm2data/tbarrett/gm2fr/studies/run23_bunch_corrections/CorrectedFourier_Run3b.root.
reading full fit data from /gm2data/zkhechad/cboTemplates/Run4CBOTemplates/fullFits/noRF/sBin_constraintOn_cE0.0_seed0_noRF_calo16.root
windowBins = 69
fitting sliding window 1260 from bin 1396 at 208.134000 to bin 1465 at 218.578000 (69 bins)

Reading data from /gm2data/cornell/histograms/aMethod/histogram_a_noRF.root
 **********
 **    1 **SET PRINTOUT            1
 **********
 **********
 **    2 **SET NOWARNINGS 
 **********
 PARAMETER DEFINITIONS:
    NO.   NAME         VALUE      STEP SIZE      LIMITS
     1 N0           3.09937e+06  1.00000e+02     no limits
     2 tau          6.44027e+01  constant
     3 A0           3.49546e-01  1.00000e-04     no limits
     4 phi          4.11716e+00  1.00000e-02     no limits
     5 R           -6.26367e+01  constant
     6 alpha_CBO    0.00000e+00  1.00000e-03     no limits
     7 w_CBO        2.32500e+00  constant
     8 beta_CBO     0.00000e+00  1.00000e-03     no limits
     9 alpha_2CBO   0.00000e+00  1.00000e-03     no limits
    10 beta_2CBO    0.00000e+00  1.00000e-03     no limits
    11 alpha_y      0.00000e+00  1.00000e-03     no limits
    12 w_y          1.38860e+01  constant
    13 beta_y       0.00000e+00  1.00000e-03     no limits
    14 alpha_vw     0.00000e+00  1.00000e-03     no limits
    15 w_vw         1.43404e+01  constant
    16 beta_vw      0.00000e+00  1.00000e-03     no limits
    17 LM          -1.31878e-04  constant
    18 zeta_y       0.00000e+00  constant
    19 zeta_vw      0.00000e+00  constant
    20 T_CBO        1.00000e+02  1.00000e+00    0.00000e+00  1.00000e+03
    21 alpha_A0     0.00000e+00  1.00000e-04   -1.00000e-02  1.00000e-02
    22 beta_A0      0.00000e+00  1.00000e-04   -1.00000e-02  1.00000e-02
    23 alpha_phi    0.00000e+00  1.00000e-04   -1.00000e-02  1.00000e-02
    24 beta_phi     0.00000e+00  1.00000e-04   -1.00000e-02  1.00000e-02
MINUIT - FIT ONLY WIGGLE
 **********
 **    3 **FIX            5
 **********
 PARAMETER    5  IS CONSTANT.   IGNORED.
 **********
 **    4 **FIX            6
 **********
 **********
 **    5 **FIX            7
 **********
 PARAMETER    7  IS CONSTANT.   IGNORED.
 **********
 **    6 **FIX            8
 **********
 **********
 **    7 **FIX            9
 **********
 **********
 **    8 **FIX           10
 **********
 **********
 **    9 **FIX           11
 **********
 **********
 **   10 **FIX           12
 **********
 PARAMETER   12  IS CONSTANT.   IGNORED.
 **********
 **   11 **FIX           13
 **********
 **********
 **   12 **FIX           14
 **********
 **********
 **   13 **FIX           15
 **********
 PARAMETER   15  IS CONSTANT.   IGNORED.
 **********
 **   14 **FIX           16
 **********
 **********
 **   15 **MIGRAD
 **********
 FIRST CALL TO USER FUNCTION AT NEW START POINT, WITH IFLAG=4.
 START MIGRAD MINIMIZATION.  STRATEGY  1.  CONVERGENCE WHEN EDM .LT. 1.00e-04
 FCN=209.144 FROM MIGRAD    STATUS=INITIATE      437 CALLS         438 TOTAL
                     EDM= unknown      STRATEGY= 1      NO ERROR MATRIX       
  EXT PARAMETER               CURRENT GUESS       STEP         FIRST   
  NO.   NAME      VALUE            ERROR          SIZE      DERIVATIVE 
   1  N0           3.09937e+06   1.00000e+02   0.00000e+00   2.57912e-04
   2  tau          6.44027e+01   constant   
   3  A0           3.49546e-01   1.00000e-04   0.00000e+00  -2.02297e+04
   4  phi          4.11716e+00   1.00000e-02   0.00000e+00   4.49263e+02
   5  R           -6.26367e+01   constant   
   6  alpha_CBO    0.00000e+00     fixed    
   7  w_CBO        2.32500e+00   constant   
   8  beta_CBO     0.00000e+00     fixed    
   9  alpha_2CBO   0.00000e+00     fixed    
  10  beta_2CBO    0.00000e+00     fixed    
  11  alpha_y      0.00000e+00     fixed    
  12  w_y          1.38860e+01   constant   
  13  beta_y       0.00000e+00     fixed    
  14  alpha_vw     0.00000e+00     fixed    
  15  w_vw         1.43404e+01   constant   
  16  beta_vw      0.00000e+00     fixed    
  17  LM          -1.31878e-04   constant   
  18  zeta_y       0.00000e+00   constant   
  19  zeta_vw      0.00000e+00   constant   
  20  T_CBO        1.00000e+02   1.00000e+00   0.00000e+00   0.00000e+00
  21  alpha_A0     0.00000e+00   1.00000e-04   0.00000e+00   3.58551e+00
  22  beta_A0      0.00000e+00   1.00000e-04   0.00000e+00  -4.21102e+00
  23  alpha_phi    0.00000e+00   1.00000e-04   0.00000e+00   2.24363e+00
  24  beta_phi     0.00000e+00   1.00000e-04   0.00000e+00  -1.89192e+00
 MIGRAD MINIMIZATION HAS CONVERGED.
 FCN=187.443 FROM MIGRAD    STATUS=CONVERGED     698 CALLS         699 TOTAL
                     EDM=7.70794e-06    STRATEGY= 1  ERROR MATRIX UNCERTAINTY   0.3 per cent
  EXT PARAMETER                                   STEP         FIRST   
  NO.   NAME      VALUE            ERROR          SIZE      DERIVATIVE 
   1  N0           3.09879e+06   7.13055e+02   6.78003e-01   9.12863e-09
   2  tau          6.44027e+01   constant   
   3  A0           3.50558e-01   3.08391e-04   5.32018e-07   2.39589e+00
   4  phi          4.11723e+00   8.54679e-04   1.39515e-06   5.24657e+00
   5  R           -6.26367e+01   constant   
   6  alpha_CBO    0.00000e+00     fixed    
   7  w_CBO        2.32500e+00   constant   
   8  beta_CBO     0.00000e+00     fixed    
   9  alpha_2CBO   0.00000e+00     fixed    
  10  beta_2CBO    0.00000e+00     fixed    
  11  alpha_y      0.00000e+00     fixed    
  12  w_y          1.38860e+01   constant   
  13  beta_y       0.00000e+00     fixed    
  14  alpha_vw     0.00000e+00     fixed    
  15  w_vw         1.43404e+01   constant   
  16  beta_vw      0.00000e+00     fixed    
  17  LM          -1.31878e-04   constant   
  18  zeta_y       0.00000e+00   constant   
  19  zeta_vw      0.00000e+00   constant   
  20  T_CBO        1.84341e+02   6.23789e+01   1.55374e-03  -2.65827e-02
  21  alpha_A0    -8.92118e-03   1.45822e-02  -9.37318e-03  -1.83103e-03
  22  beta_A0      9.99058e-03   4.27271e-03   7.96404e-04   1.01125e-03
  23  alpha_phi   -5.86789e-04   4.12986e-03   1.84664e-03   2.79660e-03
  24  beta_phi     5.41183e-03   4.19457e-03  -3.30836e-03  -4.16620e-03
 EXTERNAL ERROR MATRIX.    NDIM=  25    NPAR=  8    ERR DEF=1
  5.084e+05 -1.448e-02 -6.673e-02 -4.688e+03 -4.078e-01  1.093e-02 -2.352e-01 -5.724e-01 
 -1.448e-02  9.510e-08 -5.863e-09  1.675e-03  4.711e-08 -1.011e-08  2.742e-07  6.564e-08 
 -6.673e-02 -5.863e-09  7.305e-07  7.562e-04  1.102e-08  5.553e-09 -2.934e-07  2.444e-07 
 -4.688e+03  1.675e-03  7.562e-04  3.925e+03 -2.008e-01  3.815e-03  2.718e-02 -1.087e-01 
 -4.078e-01  4.711e-08  1.102e-08 -2.008e-01  2.590e-05 -5.164e-07  4.536e-07  6.401e-06 
  1.093e-02 -1.011e-08  5.553e-09  3.815e-03 -5.164e-07  1.741e-07 -1.856e-07 -1.321e-07 
 -2.352e-01  2.742e-07 -2.934e-07  2.718e-02  4.536e-07 -1.856e-07  1.813e-05  1.327e-06 
 -5.724e-01  6.564e-08  2.444e-07 -1.087e-01  6.401e-06 -1.321e-07  1.327e-06  1.929e-05 
 PARAMETER  CORRELATION COEFFICIENTS  
       NO.  GLOBAL      1      3      4     20     21     22     23     24
        1  0.35504   1.000 -0.066 -0.109 -0.105 -0.112  0.037 -0.077 -0.183
        3  0.25031  -0.066  1.000 -0.022  0.087  0.030 -0.079  0.209  0.048
        4  0.15574  -0.109 -0.022  1.000  0.014  0.003  0.016 -0.081  0.065
       20  0.71681  -0.105  0.087  0.014  1.000 -0.630  0.146  0.102 -0.395
       21  0.67510  -0.112  0.030  0.003 -0.630  1.000 -0.243  0.021  0.286
       22  0.26831   0.037 -0.079  0.016  0.146 -0.243  1.000 -0.104 -0.072
       23  0.28953  -0.077  0.209 -0.081  0.102  0.021 -0.104  1.000  0.071
       24  0.47161  -0.183  0.048  0.065 -0.395  0.286 -0.072  0.071  1.000
MINUIT - FIT ONLY 1-CBO + wiggle
 **********
 **   16 **RES 
 **********
                   PARAMETER   16  beta_vw RESTORED TO VARIABLE.
                   PARAMETER   14  alpha_vw RESTORED TO VARIABLE.
                   PARAMETER   13  beta_y RESTORED TO VARIABLE.
                   PARAMETER   11  alpha_y RESTORED TO VARIABLE.
                   PARAMETER   10  beta_2CBO RESTORED TO VARIABLE.
                   PARAMETER    9  alpha_2CBO RESTORED TO VARIABLE.
                   PARAMETER    8  beta_CBO RESTORED TO VARIABLE.
                   PARAMETER    6  alpha_CBO RESTORED TO VARIABLE.
 **********
 **   17 **FIX            8
 **********
 **********
 **   18 **FIX            9
 **********
 **********
 **   19 **FIX           11
 **********
 **********
 **   20 **FIX           12
 **********
 PARAMETER   12  IS CONSTANT.   IGNORED.
 **********
 **   21 **FIX           14
 **********
 **********
 **   22 **FIX           15
 **********
 PARAMETER   15  IS CONSTANT.   IGNORED.
 **********
 **   23 **FIX           16
 **********
 **********
 **   24 **MIGRAD
 **********
 START MIGRAD MINIMIZATION.  STRATEGY  1.  CONVERGENCE WHEN EDM .LT. 1.00e-04
 FCN=187.443 FROM MIGRAD    STATUS=INITIATE       28 CALLS         727 TOTAL
                     EDM= unknown      STRATEGY= 1      NO ERROR MATRIX       
  EXT PARAMETER               CURRENT GUESS       STEP         FIRST   
  NO.   NAME      VALUE            ERROR          SIZE      DERIVATIVE 
   1  N0           3.09879e+06   7.13055e+02   6.78003e-01   9.12853e-09
   2  tau          6.44027e+01   constant   
   3  A0           3.50558e-01   3.08391e-04   5.32018e-07   2.39589e+00
   4  phi          4.11723e+00   8.54679e-04   1.39515e-06   5.24657e+00
   5  R           -6.26367e+01   constant   
   6  alpha_CBO    0.00000e+00   1.00000e-03   1.00000e-03  -2.15894e+04
   7  w_CBO        2.32500e+00   constant   
   8  beta_CBO     0.00000e+00     fixed    
   9  alpha_2CBO   0.00000e+00     fixed    
  10  beta_2CBO    0.00000e+00   1.00000e-03   1.00000e-03   3.58148e+03
  11  alpha_y      0.00000e+00     fixed    
  12  w_y          1.38860e+01   constant   
  13  beta_y       0.00000e+00   1.00000e-03   1.00000e-03  -3.46175e+03
  14  alpha_vw     0.00000e+00     fixed    
  15  w_vw         1.43404e+01   constant   
  16  beta_vw      0.00000e+00     fixed    
  17  LM          -1.31878e-04   constant   
  18  zeta_y       0.00000e+00   constant   
  19  zeta_vw      0.00000e+00   constant   
  20  T_CBO        1.84341e+02   6.23789e+01   1.55374e-03  -2.65830e-02
  21  alpha_A0    -8.92118e-03   1.45822e-02  -9.37318e-03   1.82645e-03
  22  beta_A0      9.99058e-03   4.27271e-03   7.96404e-04  -9.16874e-04
  23  alpha_phi   -5.86789e-04   4.12986e-03   1.84664e-03   2.79657e-03
  24  beta_phi     5.41183e-03   4.19457e-03  -3.30836e-03  -4.16584e-03
 MIGRAD MINIMIZATION HAS CONVERGED.
 FCN=174.583 FROM MIGRAD    STATUS=CONVERGED     205 CALLS         904 TOTAL
                     EDM=9.06691e-06    STRATEGY= 1  ERROR MATRIX UNCERTAINTY   3.0 per cent
  EXT PARAMETER                                   STEP         FIRST   
  NO.   NAME      VALUE            ERROR          SIZE      DERIVATIVE 
   1  N0           3.09880e+06   7.12903e+02   1.83723e+00  -3.30634e-06
   2  tau          6.44027e+01   constant   
   3  A0           3.50499e-01   2.94361e-04   5.64886e-07   9.13684e+00
   4  phi          4.11782e+00   8.85353e-04  -2.88072e-06   3.04928e-01
   5  R           -6.26367e+01   constant   
   6  alpha_CBO    1.12338e-03   3.20771e-04   1.69475e-07   3.30450e-01
   7  w_CBO        2.32500e+00   constant   
   8  beta_CBO     0.00000e+00     fixed    
   9  alpha_2CBO   0.00000e+00     fixed    
  10  beta_2CBO   -2.74991e-04   3.07083e-04  -7.36896e-07   4.37343e+00
  11  alpha_y      0.00000e+00     fixed    
  12  w_y          1.38860e+01   constant   
  13  beta_y       1.39974e-04   3.03611e-04   4.28243e-07   9.70184e+00
  14  alpha_vw     0.00000e+00     fixed    
  15  w_vw         1.43404e+01   constant   
  16  beta_vw      0.00000e+00     fixed    
  17  LM          -1.31878e-04   constant   
  18  zeta_y       0.00000e+00   constant   
  19  zeta_vw      0.00000e+00   constant   
  20  T_CBO        1.94704e+02   6.16235e+01   9.82761e-04  -2.98521e-02
  21  alpha_A0    -9.96838e-03   3.56647e-03  -1.96027e-03  -8.96769e-04
  22  beta_A0      8.73676e-03   4.02139e-03  -8.39265e-03  -3.59505e-03
  23  alpha_phi   -2.25819e-04   3.78072e-03  -4.01035e-04   8.15197e-04
  24  beta_phi     4.93108e-03   3.77871e-03  -2.90791e-03  -1.85460e-04
 EXTERNAL ERROR MATRIX.    NDIM=  25    NPAR= 11    ERR DEF=1
  5.082e+05 
  2.632e-03  8.665e-08 
 -1.175e-01  6.276e-09  7.838e-07 
 -2.981e-03 -4.165e-09  4.998e-08  1.029e-07 
 -1.112e-02  2.870e-09 -3.613e-09 -8.730e-09  9.430e-08 
  5.129e-04 -1.093e-09 -1.044e-09 -2.490e-09 -8.568e-10  9.218e-08 
 -8.154e+03  2.038e-03  2.321e-03  1.911e-03  1.301e-04  1.377e-04  3.829e+03 
  7.831e-02 -1.092e-08 -2.243e-08 -3.012e-08  2.063e-10  1.355e-09 -9.027e-03  4.817e-07 
  2.364e-01  4.912e-08 -2.623e-07 -1.539e-07  8.040e-08  2.908e-09 -1.701e-01  2.938e-07  2.241e-05 
 -2.526e-01  5.040e-08 -5.410e-09  3.920e-08 -3.727e-08 -1.199e-08  3.173e-02 -1.313e-07 -2.324e-06  1.503e-05 
 -3.194e-01  6.032e-09  2.220e-07 -7.281e-08 -2.399e-08 -5.192e-09 -9.513e-02  3.589e-07  5.578e-06 -1.049e-06  1.528e-05 
 PARAMETER  CORRELATION COEFFICIENTS  
       NO.  GLOBAL      1      3      4      6     10     13     20     21     22     23     24
        1  0.36394   1.000  0.013 -0.186 -0.013 -0.051  0.002 -0.185  0.158  0.070 -0.091 -0.115
        3  0.19989   0.013  1.000  0.024 -0.044  0.032 -0.012  0.112 -0.053  0.035  0.044  0.005
        4  0.26963  -0.186  0.024  1.000  0.176 -0.013 -0.004  0.042 -0.036 -0.063 -0.002  0.064
        6  0.26005  -0.013 -0.044  0.176  1.000 -0.089 -0.026  0.096 -0.135 -0.101  0.032 -0.058
       10  0.13429  -0.051  0.032 -0.013 -0.089  1.000 -0.009  0.007  0.001  0.055 -0.031 -0.020
       13  0.03620   0.002 -0.012 -0.004 -0.026 -0.009  1.000  0.007  0.006  0.002 -0.010 -0.004
       20  0.67139  -0.185  0.112  0.042  0.096  0.007  0.007  1.000 -0.210 -0.581  0.132 -0.393
       21  0.28768   0.158 -0.053 -0.036 -0.135  0.001  0.006 -0.210  1.000  0.089 -0.049  0.132
       22  0.60337   0.070  0.035 -0.063 -0.101  0.055  0.002 -0.581  0.089  1.000 -0.127  0.301
       23  0.17615  -0.091  0.044 -0.002  0.032 -0.031 -0.010  0.132 -0.049 -0.127  1.000 -0.069
       24  0.45894  -0.115  0.005  0.064 -0.058 -0.020 -0.004 -0.393  0.132  0.301 -0.069  1.000
MINUIT - FIT ONLY 2-CBO
 **********
 **   25 **RES 
 **********
                   PARAMETER   16  beta_vw RESTORED TO VARIABLE.
                   PARAMETER   14  alpha_vw RESTORED TO VARIABLE.
                   PARAMETER   11  alpha_y RESTORED TO VARIABLE.
                   PARAMETER    9  alpha_2CBO RESTORED TO VARIABLE.
                   PARAMETER    8  beta_CBO RESTORED TO VARIABLE.
 **********
 **   26 **FIX            0
 **********
 PARAMETER    0  IS UNDEFINED. IGNORED.
 **********
 **   27 **FIX            1
 **********
 **********
 **   28 **FIX            2
 **********
 PARAMETER    2  IS CONSTANT.   IGNORED.
 **********
 **   29 **FIX            3
 **********
 **********
 **   30 **FIX            4
 **********
 **********
 **   31 **FIX            5
 **********
 PARAMETER    5  IS CONSTANT.   IGNORED.
 **********
 **   32 **FIX            6
 **********
 **********
 **   33 **FIX            7
 **********
 PARAMETER    7  IS CONSTANT.   IGNORED.
 **********
 **   34 **FIX           10
 **********
 **********
 **   35 **FIX           11
 **********
 **********
 **   36 **FIX           12
 **********
 PARAMETER   12  IS CONSTANT.   IGNORED.
 **********
 **   37 **FIX           13
 **********
 **********
 **   38 **FIX           14
 **********
 **********
 **   39 **FIX           15
 **********
 PARAMETER   15  IS CONSTANT.   IGNORED.
 **********
 **   40 **FIX           16
 **********
 **********
 **   41 **MIGRAD
 **********
 START MIGRAD MINIMIZATION.  STRATEGY  1.  CONVERGENCE WHEN EDM .LT. 1.00e-04
 FCN=174.583 FROM MIGRAD    STATUS=INITIATE       18 CALLS         922 TOTAL
                     EDM= unknown      STRATEGY= 1      NO ERROR MATRIX       
  EXT PARAMETER               CURRENT GUESS       STEP         FIRST   
  NO.   NAME      VALUE            ERROR          SIZE      DERIVATIVE 
   1  N0           3.09880e+06     fixed    
   2  tau          6.44027e+01   constant   
   3  A0           3.50499e-01     fixed    
   4  phi          4.11782e+00     fixed    
   5  R           -6.26367e+01   constant   
   6  alpha_CBO    1.12338e-03     fixed    
   7  w_CBO        2.32500e+00   constant   
   8  beta_CBO     0.00000e+00   1.00000e-03   1.00000e-03  -6.92983e+04
   9  alpha_2CBO   0.00000e+00   1.00000e-03   1.00000e-03  -3.58141e+03
  10  beta_2CBO   -2.74991e-04     fixed    
  11  alpha_y      0.00000e+00     fixed    
  12  w_y          1.38860e+01   constant   
  13  beta_y       1.39974e-04     fixed    
  14  alpha_vw     0.00000e+00     fixed    
  15  w_vw         1.43404e+01   constant   
  16  beta_vw      0.00000e+00     fixed    
  17  LM          -1.31878e-04   constant   
  18  zeta_y       0.00000e+00   constant   
  19  zeta_vw      0.00000e+00   constant   
  20  T_CBO        1.94704e+02   6.16235e+01   9.82761e-04  -2.98524e-02
  21  alpha_A0    -9.96838e-03   3.56647e-03  -1.96027e-03  -6.87360e-04
  22  beta_A0      8.73676e-03   4.02139e-03  -8.39265e-03  -3.59178e-03
  23  alpha_phi   -2.25819e-04   3.78072e-03  -4.01035e-04   8.15191e-04
  24  beta_phi     4.93108e-03   3.77871e-03  -2.90791e-03  -1.85261e-04
 MIGRAD MINIMIZATION HAS CONVERGED.
 MIGRAD WILL VERIFY CONVERGENCE AND ERROR MATRIX.
 COVARIANCE MATRIX CALCULATED SUCCESSFULLY
 FCN=58.3056 FROM MIGRAD    STATUS=CONVERGED     209 CALLS        1113 TOTAL
                     EDM=6.85802e-05    STRATEGY= 1      ERROR MATRIX ACCURATE 
  EXT PARAMETER                                   STEP         FIRST   
  NO.   NAME      VALUE            ERROR          SIZE      DERIVATIVE 
   1  N0           3.09880e+06     fixed    
   2  tau          6.44027e+01   constant   
   3  A0           3.50499e-01     fixed    
   4  phi          4.11782e+00     fixed    
   5  R           -6.26367e+01   constant   
   6  alpha_CBO    1.12338e-03     fixed    
   7  w_CBO        2.32500e+00   constant   
   8  beta_CBO     3.34186e-03   3.10352e-04   1.14494e-06  -4.70542e-01
   9  alpha_2CBO   2.75062e-04   3.14141e-04   1.15417e-06   8.76906e-01
  10  beta_2CBO   -2.74991e-04     fixed    
  11  alpha_y      0.00000e+00     fixed    
  12  w_y          1.38860e+01   constant   
  13  beta_y       1.39974e-04     fixed    
  14  alpha_vw     0.00000e+00     fixed    
  15  w_vw         1.43404e+01   constant   
  16  beta_vw      0.00000e+00     fixed    
  17  LM          -1.31878e-04   constant   
  18  zeta_y       0.00000e+00   constant   
  19  zeta_vw      0.00000e+00   constant   
  20  T_CBO        1.90486e+02   8.23592e+01   4.75124e-04   2.35555e-03
  21  alpha_A0    -9.98437e-03   1.05855e-02   1.85271e-02  -1.61803e-03
  22  beta_A0      1.55339e-03   3.69488e-03   1.39736e-03  -2.34285e-04
  23  alpha_phi   -1.82174e-03   3.85561e-03   1.44123e-03   6.68963e-04
  24  beta_phi     6.66986e-03   4.57719e-03   1.79102e-03  -1.43849e-03
 EXTERNAL ERROR MATRIX.    NDIM=  25    NPAR=  7    ERR DEF=1
  9.632e-08  2.830e-09 -1.098e-05  1.577e-09 -2.146e-07 -4.298e-08  3.700e-08 
  2.830e-09  9.868e-08 -2.811e-03  2.124e-10  2.686e-08 -9.713e-08  2.875e-07 
 -1.098e-05 -2.811e-03  6.885e+03 -2.013e-01 -4.479e-02  9.719e-02 -2.798e-01 
  1.577e-09  2.124e-10 -2.013e-01  1.411e-05  1.754e-06 -2.238e-06  7.859e-06 
 -2.146e-07  2.686e-08 -4.479e-02  1.754e-06  1.434e-05 -4.384e-11  2.562e-06 
 -4.298e-08 -9.713e-08  9.719e-02 -2.238e-06 -4.384e-11  1.570e-05 -3.724e-06 
  3.700e-08  2.875e-07 -2.798e-01  7.859e-06  2.562e-06 -3.724e-06  2.429e-05 
 PARAMETER  CORRELATION COEFFICIENTS  
       NO.  GLOBAL      8      9     20     21     22     23     24
        8  0.19355   1.000  0.029 -0.000  0.001 -0.183 -0.035  0.024
        9  0.21290   0.029  1.000 -0.108  0.000  0.023 -0.078  0.186
       20  0.80138  -0.000 -0.108  1.000 -0.646 -0.143  0.296 -0.684
       21  0.65191   0.001  0.000 -0.646  1.000  0.123 -0.150  0.425
       22  0.24586  -0.183  0.023 -0.143  0.123  1.000 -0.000  0.137
       23  0.30801  -0.035 -0.078  0.296 -0.150 -0.000  1.000 -0.191
       24  0.69549   0.024  0.186 -0.684  0.425  0.137 -0.191  1.000
MINUIT - FIT wiggle + 1-CBO + 2-CBO
 **********
 **   42 **RES 
 **********
                   PARAMETER   16  beta_vw RESTORED TO VARIABLE.
                   PARAMETER   14  alpha_vw RESTORED TO VARIABLE.
                   PARAMETER   13  beta_y RESTORED TO VARIABLE.
                   PARAMETER   11  alpha_y RESTORED TO VARIABLE.
                   PARAMETER   10  beta_2CBO RESTORED TO VARIABLE.
                   PARAMETER    6  alpha_CBO RESTORED TO VARIABLE.
                   PARAMETER    4  phi RESTORED TO VARIABLE.
                   PARAMETER    3  A0 RESTORED TO VARIABLE.
                   PARAMETER    1  N0 RESTORED TO VARIABLE.
 **********
 **   43 **FIX           10
 **********
 **********
 **   44 **FIX           11
 **********
 **********
 **   45 **FIX           12
 **********
 PARAMETER   12  IS CONSTANT.   IGNORED.
 **********
 **   46 **FIX           13
 **********
 **********
 **   47 **FIX           14
 **********
 **********
 **   48 **FIX           15
 **********
 PARAMETER   15  IS CONSTANT.   IGNORED.
 **********
 **   49 **FIX           16
 **********
 **********
 **   50 **MIGRAD
 **********
 START MIGRAD MINIMIZATION.  STRATEGY  1.  CONVERGENCE WHEN EDM .LT. 1.00e-04
 FCN=58.3056 FROM MIGRAD    STATUS=INITIATE       24 CALLS        1137 TOTAL
                     EDM= unknown      STRATEGY= 1      NO ERROR MATRIX       
  EXT PARAMETER               CURRENT GUESS       STEP         FIRST   
  NO.   NAME      VALUE            ERROR          SIZE      DERIVATIVE 
   1  N0           3.09880e+06   7.12903e+02   7.12903e+02   2.36847e-03
   2  tau          6.44027e+01   constant   
   3  A0           3.50499e-01   2.94361e-04   2.94361e-04   1.81395e+04
   4  phi          4.11782e+00   8.85353e-04   8.85353e-04   6.15003e+02
   5  R           -6.26367e+01   constant   
   6  alpha_CBO    1.12338e-03   3.20771e-04   3.20771e-04   2.37158e+03
   7  w_CBO        2.32500e+00   constant   
   8  beta_CBO     3.34186e-03   3.10352e-04   1.14494e-06  -4.70547e-01
   9  alpha_2CBO   2.75062e-04   3.14141e-04   1.15417e-06   8.76901e-01
  10  beta_2CBO   -2.74991e-04     fixed    
  11  alpha_y      0.00000e+00     fixed    
  12  w_y          1.38860e+01   constant   
  13  beta_y       1.39974e-04     fixed    
  14  alpha_vw     0.00000e+00     fixed    
  15  w_vw         1.43404e+01   constant   
  16  beta_vw      0.00000e+00     fixed    
  17  LM          -1.31878e-04   constant   
  18  zeta_y       0.00000e+00   constant   
  19  zeta_vw      0.00000e+00   constant   
  20  T_CBO        1.90486e+02   8.23592e+01   4.75124e-04   2.34174e-03
  21  alpha_A0    -9.98437e-03   1.05855e-02   1.85271e-02   1.77349e-03
  22  beta_A0      1.55339e-03   3.69488e-03   1.39736e-03  -2.36455e-04
  23  alpha_phi   -1.82174e-03   3.85561e-03   1.44123e-03   6.71480e-04
  24  beta_phi     6.66986e-03   4.57719e-03   1.79102e-03  -1.45064e-03
 MIGRAD MINIMIZATION HAS CONVERGED.
 FCN=49.3242 FROM MIGRAD    STATUS=CONVERGED    1098 CALLS        2211 TOTAL
                     EDM=1.74405e-06    STRATEGY= 1  ERROR MATRIX UNCERTAINTY   0.1 per cent
  EXT PARAMETER                                   STEP         FIRST   
  NO.   NAME      VALUE            ERROR          SIZE      DERIVATIVE 
   1  N0           3.09824e+06   7.13262e+02   3.33401e-02  -2.01660e-07
   2  tau          6.44027e+01   constant   
   3  A0           3.49599e-01   3.13760e-04  -1.70061e-07  -9.73623e-01
   4  phi          4.11770e+00   8.41867e-04   3.26557e-07   2.65634e-01
   5  R           -6.26367e+01   constant   
   6  alpha_CBO    1.04369e-03   3.09402e-04  -1.31983e-07   8.21270e-01
   7  w_CBO        2.32500e+00   constant   
   8  beta_CBO     3.59777e-03   3.24344e-04  -5.45109e-07  -1.16373e+00
   9  alpha_2CBO   3.10752e-04   3.11136e-04   2.88512e-07  -2.21158e-01
  10  beta_2CBO   -2.74991e-04     fixed    
  11  alpha_y      0.00000e+00     fixed    
  12  w_y          1.38860e+01   constant   
  13  beta_y       1.39974e-04     fixed    
  14  alpha_vw     0.00000e+00     fixed    
  15  w_vw         1.43404e+01   constant   
  16  beta_vw      0.00000e+00     fixed    
  17  LM          -1.31878e-04   constant   
  18  zeta_y       0.00000e+00   constant   
  19  zeta_vw      0.00000e+00   constant   
  20  T_CBO        9.99989e+02   5.57835e+02   3.49933e-02  -7.21454e-05
  21  alpha_A0    -3.79383e-03   2.06503e-03   1.40424e-04   1.17560e-02
  22  beta_A0      1.19555e-04   1.57271e-03  -1.44386e-05   2.26425e-03
  23  alpha_phi   -1.57566e-03   1.68548e-03   5.23730e-06   2.73754e-03
  24  beta_phi     2.71521e-03   1.57418e-03  -8.63425e-05   6.71447e-04
 EXTERNAL ERROR MATRIX.    NDIM=  25    NPAR= 11    ERR DEF=1
  5.087e+05 
 -4.258e-03  9.845e-08 
 -7.423e-02 -3.517e-09  7.087e-07 
  6.904e-03 -5.721e-09  2.742e-08  9.573e-08 
 -9.710e-03 -2.662e-08 -1.381e-09 -3.182e-09  1.052e-07 
  1.073e-02 -6.071e-09  6.283e-09  3.804e-09  5.817e-09  9.681e-08 
  1.047e+02 -2.083e-04  6.324e-04 -1.706e-04 -4.056e-04  4.699e-04  1.905e+03 
  2.306e-01 -2.812e-08 -4.129e-08 -4.110e-08  1.223e-07  6.244e-08  1.650e-02  4.337e-06 
 -7.296e-02  7.217e-08  2.219e-08 -6.162e-09 -9.392e-08 -7.443e-09  9.874e-04  4.057e-08  2.494e-06 
 -1.469e-01  1.260e-07 -7.217e-08 -6.300e-09 -4.761e-08 -4.741e-08  3.364e-03 -2.341e-07  2.688e-07  2.869e-06 
 -2.599e-01  3.665e-08  1.278e-07 -1.142e-08  3.309e-08  6.286e-08 -2.746e-03  5.509e-07  2.633e-07  2.633e-07  2.500e-06 
 PARAMETER  CORRELATION COEFFICIENTS  
       NO.  GLOBAL      1      3      4      6      8      9     20     21     22     23     24
        1  0.35026   1.000 -0.019 -0.124  0.031 -0.042  0.048  0.003  0.155 -0.065 -0.122 -0.230
        3  0.36223  -0.019  1.000 -0.013 -0.059 -0.262 -0.062 -0.015 -0.043  0.146  0.237  0.074
        4  0.19679  -0.124 -0.013  1.000  0.105 -0.005  0.024  0.017 -0.024  0.017 -0.051  0.096
        6  0.15588   0.031 -0.059  0.105  1.000 -0.032  0.040 -0.013 -0.064 -0.013 -0.012 -0.023
        8  0.36748  -0.042 -0.262 -0.005 -0.032  1.000  0.058 -0.029  0.181 -0.183 -0.087  0.065
        9  0.20203   0.048 -0.062  0.024  0.040  0.058  1.000  0.035  0.096 -0.015 -0.090  0.128
       20  0.22445   0.003 -0.015  0.017 -0.013 -0.029  0.035  1.000  0.182  0.014  0.046 -0.040
       21  0.38250   0.155 -0.043 -0.024 -0.064  0.181  0.096  0.182  1.000  0.012 -0.066  0.167
       22  0.24940  -0.065  0.146  0.017 -0.013 -0.183 -0.015  0.014  0.012  1.000  0.100  0.105
       23  0.30591  -0.122  0.237 -0.051 -0.012 -0.087 -0.090  0.046 -0.066  0.100  1.000  0.098
       24  0.37697  -0.230  0.074  0.096 -0.023  0.065  0.128 -0.040  0.167  0.105  0.098  1.000
MINUIT - FIT ONLY 1-y
 **********
 **   51 **RES 
 **********
                   PARAMETER   16  beta_vw RESTORED TO VARIABLE.
                   PARAMETER   14  alpha_vw RESTORED TO VARIABLE.
                   PARAMETER   13  beta_y RESTORED TO VARIABLE.
                   PARAMETER   11  alpha_y RESTORED TO VARIABLE.
                   PARAMETER   10  beta_2CBO RESTORED TO VARIABLE.
 **********
 **   52 **FIX            0
 **********
 PARAMETER    0  IS UNDEFINED. IGNORED.
 **********
 **   53 **FIX            1
 **********
 **********
 **   54 **FIX            2
 **********
 PARAMETER    2  IS CONSTANT.   IGNORED.
 **********
 **   55 **FIX            3
 **********
 **********
 **   56 **FIX            4
 **********
 **********
 **   57 **FIX            5
 **********
 PARAMETER    5  IS CONSTANT.   IGNORED.
 **********
 **   58 **FIX            6
 **********
 **********
 **   59 **FIX            7
 **********
 PARAMETER    7  IS CONSTANT.   IGNORED.
 **********
 **   60 **FIX            8
 **********
 **********
 **   61 **FIX            9
 **********
 **********
 **   62 **FIX           13
 **********
 **********
 **   63 **FIX           14
 **********
 **********
 **   64 **FIX           15
 **********
 PARAMETER   15  IS CONSTANT.   IGNORED.
 **********
 **   65 **FIX           16
 **********
 **********
 **   66 **MIGRAD
 **********
 START MIGRAD MINIMIZATION.  STRATEGY  1.  CONVERGENCE WHEN EDM .LT. 1.00e-04
 FCN=49.3242 FROM MIGRAD    STATUS=INITIATE       16 CALLS        2227 TOTAL
                     EDM= unknown      STRATEGY= 1      NO ERROR MATRIX       
  EXT PARAMETER               CURRENT GUESS       STEP         FIRST   
  NO.   NAME      VALUE            ERROR          SIZE      DERIVATIVE 
   1  N0           3.09824e+06     fixed    
   2  tau          6.44027e+01   constant   
   3  A0           3.49599e-01     fixed    
   4  phi          4.11770e+00     fixed    
   5  R           -6.26367e+01   constant   
   6  alpha_CBO    1.04369e-03     fixed    
   7  w_CBO        2.32500e+00   constant   
   8  beta_CBO     3.59777e-03     fixed    
   9  alpha_2CBO   3.10752e-04     fixed    
  10  beta_2CBO   -2.74991e-04   3.07083e-04   3.07083e-04  -1.98346e+03
  11  alpha_y      0.00000e+00   1.00000e-03   1.00000e-03   1.23831e+04
  12  w_y          1.38860e+01   constant   
  13  beta_y       1.39974e-04     fixed    
  14  alpha_vw     0.00000e+00     fixed    
  15  w_vw         1.43404e+01   constant   
  16  beta_vw      0.00000e+00     fixed    
  17  LM          -1.31878e-04   constant   
  18  zeta_y       0.00000e+00   constant   
  19  zeta_vw      0.00000e+00   constant   
  20  T_CBO        9.99989e+02   5.57835e+02   3.49933e-02  -7.21458e-05
  21  alpha_A0    -3.79383e-03   2.06503e-03   1.40424e-04   1.17559e-02
  22  beta_A0      1.19555e-04   1.57271e-03  -1.44386e-05   2.26427e-03
  23  alpha_phi   -1.57566e-03   1.68548e-03   5.23730e-06   2.73753e-03
  24  beta_phi     2.71521e-03   1.57418e-03  -8.63425e-05   6.71446e-04
 MIGRAD MINIMIZATION HAS CONVERGED.
 MIGRAD WILL VERIFY CONVERGENCE AND ERROR MATRIX.
 COVARIANCE MATRIX CALCULATED SUCCESSFULLY
 FCN=45.6085 FROM MIGRAD    STATUS=CONVERGED     113 CALLS        2324 TOTAL
                     EDM=5.59271e-06    STRATEGY= 1      ERROR MATRIX ACCURATE 
  EXT PARAMETER                                   STEP         FIRST   
  NO.   NAME      VALUE            ERROR          SIZE      DERIVATIVE 
   1  N0           3.09824e+06     fixed    
   2  tau          6.44027e+01   constant   
   3  A0           3.49599e-01     fixed    
   4  phi          4.11770e+00     fixed    
   5  R           -6.26367e+01   constant   
   6  alpha_CBO    1.04369e-03     fixed    
   7  w_CBO        2.32500e+00   constant   
   8  beta_CBO     3.59777e-03     fixed    
   9  alpha_2CBO   3.10752e-04     fixed    
  10  beta_2CBO   -1.71777e-04   3.15300e-04   1.02519e-06  -1.00597e+00
  11  alpha_y     -5.83624e-04   3.06803e-04   1.02235e-06  -1.17574e+00
  12  w_y          1.38860e+01   constant   
  13  beta_y       1.39974e-04     fixed    
  14  alpha_vw     0.00000e+00     fixed    
  15  w_vw         1.43404e+01   constant   
  16  beta_vw      0.00000e+00     fixed    
  17  LM          -1.31878e-04   constant   
  18  zeta_y       0.00000e+00   constant   
  19  zeta_vw      0.00000e+00   constant   
  20  T_CBO        1.00000e+03   6.94145e+02   4.19495e-02** at limit **
  21  alpha_A0    -3.84770e-03   1.48798e-03   5.34180e-04  -3.24370e-03
  22  beta_A0      2.18076e-04   1.49884e-03   4.94971e-04  -2.34594e-03
  23  alpha_phi   -1.62165e-03   1.55209e-03   5.16808e-04   1.68786e-02
  24  beta_phi     2.64608e-03   1.44096e-03   4.97034e-04  -1.19898e-02
 EXTERNAL ERROR MATRIX.    NDIM=  25    NPAR=  7    ERR DEF=1
  9.941e-08 -7.592e-10  1.066e-10 -1.750e-08  6.038e-08 -8.103e-08 -2.348e-08 
 -7.592e-10  9.413e-08 -3.566e-12  5.554e-09 -6.299e-09 -5.230e-09  7.218e-09 
  1.066e-10 -3.566e-12  1.213e-05 -4.141e-07  2.099e-08 -1.774e-07  2.840e-07 
 -1.750e-08  5.554e-09 -4.141e-07  2.234e-06 -1.650e-07 -1.634e-07  5.050e-08 
  6.038e-08 -6.299e-09  2.099e-08 -1.650e-07  2.264e-06  4.650e-08  1.226e-07 
 -8.103e-08 -5.230e-09 -1.774e-07 -1.634e-07  4.650e-08  2.429e-06  7.338e-08 
 -2.348e-08  7.218e-09  2.840e-07  5.050e-08  1.226e-07  7.338e-08  2.092e-06 
 PARAMETER  CORRELATION COEFFICIENTS  
       NO.  GLOBAL     10     11     20     21     22     23     24
       10  0.22051   1.000 -0.008  0.000 -0.037  0.127 -0.165 -0.051
       11  0.02734  -0.008  1.000 -0.000  0.012 -0.014 -0.011  0.016
       20  0.10684   0.000 -0.000  1.000 -0.080  0.004 -0.033  0.056
       21  0.13982  -0.037  0.012 -0.080  1.000 -0.073 -0.070  0.023
       22  0.16261   0.127 -0.014  0.004 -0.073  1.000  0.020  0.056
       23  0.19132  -0.165 -0.011 -0.033 -0.070  0.020  1.000  0.033
       24  0.10822  -0.051  0.016  0.056  0.023  0.056  0.033  1.000
MINUIT - FIT ONLY 2-y
 **********
 **   67 **RES 
 **********
                   PARAMETER   16  beta_vw RESTORED TO VARIABLE.
                   PARAMETER   14  alpha_vw RESTORED TO VARIABLE.
                   PARAMETER   13  beta_y RESTORED TO VARIABLE.
                   PARAMETER    9  alpha_2CBO RESTORED TO VARIABLE.
                   PARAMETER    8  beta_CBO RESTORED TO VARIABLE.
                   PARAMETER    6  alpha_CBO RESTORED TO VARIABLE.
                   PARAMETER    4  phi RESTORED TO VARIABLE.
                   PARAMETER    3  A0 RESTORED TO VARIABLE.
                   PARAMETER    1  N0 RESTORED TO VARIABLE.
 **********
 **   68 **FIX            0
 **********
 PARAMETER    0  IS UNDEFINED. IGNORED.
 **********
 **   69 **FIX            1
 **********
 **********
 **   70 **FIX            2
 **********
 PARAMETER    2  IS CONSTANT.   IGNORED.
 **********
 **   71 **FIX            3
 **********
 **********
 **   72 **FIX            4
 **********
 **********
 **   73 **FIX            5
 **********
 PARAMETER    5  IS CONSTANT.   IGNORED.
 **********
 **   74 **FIX            6
 **********
 **********
 **   75 **FIX            7
 **********
 PARAMETER    7  IS CONSTANT.   IGNORED.
 **********
 **   76 **FIX            8
 **********
 **********
 **   77 **FIX            9
 **********
 **********
 **   78 **FIX           10
 **********
 **********
 **   79 **FIX           11
 **********
 **********
 **   80 **FIX           12
 **********
 PARAMETER   12  IS CONSTANT.   IGNORED.
 **********
 **   81 **FIX           16
 **********
 **********
 **   82 **MIGRAD
 **********
 START MIGRAD MINIMIZATION.  STRATEGY  1.  CONVERGENCE WHEN EDM .LT. 1.00e-04
 FCN=45.6085 FROM MIGRAD    STATUS=INITIATE       16 CALLS        2340 TOTAL
                     EDM= unknown      STRATEGY= 1      NO ERROR MATRIX       
  EXT PARAMETER               CURRENT GUESS       STEP         FIRST   
  NO.   NAME      VALUE            ERROR          SIZE      DERIVATIVE 
   1  N0           3.09824e+06     fixed    
   2  tau          6.44027e+01   constant   
   3  A0           3.49599e-01     fixed    
   4  phi          4.11770e+00     fixed    
   5  R           -6.26367e+01   constant   
   6  alpha_CBO    1.04369e-03     fixed    
   7  w_CBO        2.32500e+00   constant   
   8  beta_CBO     3.59777e-03     fixed    
   9  alpha_2CBO   3.10752e-04     fixed    
  10  beta_2CBO   -1.71777e-04     fixed    
  11  alpha_y     -5.83624e-04     fixed    
  12  w_y          1.38860e+01   constant   
  13  beta_y       1.39974e-04   3.03611e-04   3.03611e-04  -5.27311e+02
  14  alpha_vw     0.00000e+00   1.00000e-03   1.00000e-03   5.79117e+03
  15  w_vw         1.43404e+01   constant   
  16  beta_vw      0.00000e+00     fixed    
  17  LM          -1.31878e-04   constant   
  18  zeta_y       0.00000e+00   constant   
  19  zeta_vw      0.00000e+00   constant   
  20  T_CBO        9.99999e+02   6.94145e+02   4.19495e-02  -2.07560e-05
  21  alpha_A0    -3.84770e-03   1.48798e-03   5.34180e-04  -3.23252e-03
  22  beta_A0      2.18076e-04   1.49884e-03   4.94971e-04  -2.34568e-03
  23  alpha_phi   -1.62165e-03   1.55209e-03   5.16808e-04   1.68838e-02
  24  beta_phi     2.64608e-03   1.44096e-03   4.97034e-04  -1.19980e-02
 MIGRAD MINIMIZATION HAS CONVERGED.
 MIGRAD WILL VERIFY CONVERGENCE AND ERROR MATRIX.
 COVARIANCE MATRIX CALCULATED SUCCESSFULLY
 FCN=44.8134 FROM MIGRAD    STATUS=CONVERGED     112 CALLS        2436 TOTAL
                     EDM=1.33405e-07    STRATEGY= 1      ERROR MATRIX ACCURATE 
  EXT PARAMETER                                   STEP         FIRST   
  NO.   NAME      VALUE            ERROR          SIZE      DERIVATIVE 
   1  N0           3.09824e+06     fixed    
   2  tau          6.44027e+01   constant   
   3  A0           3.49599e-01     fixed    
   4  phi          4.11770e+00     fixed    
   5  R           -6.26367e+01   constant   
   6  alpha_CBO    1.04369e-03     fixed    
   7  w_CBO        2.32500e+00   constant   
   8  beta_CBO     3.59777e-03     fixed    
   9  alpha_2CBO   3.10752e-04     fixed    
  10  beta_2CBO   -1.71777e-04     fixed    
  11  alpha_y     -5.83624e-04     fixed    
  12  w_y          1.38860e+01   constant   
  13  beta_y       1.27057e-04   3.10807e-04   1.01712e-06  -4.63115e-02
  14  alpha_vw    -2.75769e-04   3.10561e-04   1.01663e-06   1.30328e-01
  15  w_vw         1.43404e+01   constant   
  16  beta_vw      0.00000e+00     fixed    
  17  LM          -1.31878e-04   constant   
  18  zeta_y       0.00000e+00   constant   
  19  zeta_vw      0.00000e+00   constant   
  20  T_CBO        1.00000e+03   7.62495e+02   4.93629e-02** at limit **
  21  alpha_A0    -3.85356e-03   1.48893e-03   5.30030e-04   2.66877e-03
  22  beta_A0      2.19274e-04   1.48663e-03   4.90737e-04  -1.39578e-03
  23  alpha_phi   -1.62323e-03   1.53180e-03   5.12456e-04   3.44436e-04
  24  beta_phi     2.63890e-03   1.43994e-03   4.92679e-04  -1.00307e-03
 EXTERNAL ERROR MATRIX.    NDIM=  25    NPAR=  7    ERR DEF=1
  9.660e-08  1.326e-08  3.497e-10 -5.986e-10  9.235e-10 -1.220e-08 -1.367e-09 
  1.326e-08  9.645e-08 -4.560e-11  2.260e-09 -3.048e-10 -1.248e-09  2.775e-09 
  3.497e-10 -4.560e-11  1.020e-03 -4.563e-06  2.316e-07 -1.956e-06  3.120e-06 
 -5.986e-10  2.260e-09 -4.563e-06  2.236e-06 -1.544e-07 -1.746e-07  4.178e-08 
  9.235e-10 -3.048e-10  2.316e-07 -1.544e-07  2.227e-06  9.510e-08  1.375e-07 
 -1.220e-08 -1.248e-09 -1.956e-06 -1.746e-07  9.510e-08  2.366e-06  5.303e-08 
 -1.367e-09  2.775e-09  3.120e-06  4.178e-08  1.375e-07  5.303e-08  2.089e-06 
 PARAMETER  CORRELATION COEFFICIENTS  
       NO.  GLOBAL     13     14     20     21     22     23     24
       13  0.13978   1.000  0.137  0.000 -0.001  0.002 -0.026 -0.003
       14  0.13762   0.137  1.000 -0.000  0.005 -0.001 -0.003  0.006
       20  0.12796   0.000 -0.000  1.000 -0.096  0.005 -0.040  0.068
       21  0.14437  -0.001  0.005 -0.096  1.000 -0.069 -0.076  0.019
       22  0.10129   0.002 -0.001  0.005 -0.069  1.000  0.041  0.064
       23  0.10325  -0.026 -0.003 -0.040 -0.076  0.041  1.000  0.024
       24  0.10128  -0.003  0.006  0.068  0.019  0.064  0.024  1.000
MINUIT - FIT ALTOGETHER
 **********
 **   83 **RES 
 **********
