 + ++++++++++++++++++++++++++++++++++++++++++++++++++++++++++++++++++++ +
 +                                                                      +
 +           You have chose to blind your fitting according to          +
 +                omega_ref * (1 + (R +/- deltaR) *10^{-6})             +
 +                                                                      +
 + ++++++++++++++++++++++++++++++++++++++++++++++++++++++++++++++++++++ +
In main()...
reading format from /gm2data/zkhechad/run45/envelope/formats/formatB_sBin_constraintOn.txt
pBinTau 	= 0  
pBinPhi 	= 0  
constraintau 	= 1 
includeMopTerm 	= 0    
constrainMop    = 0   
Parameters after format file: pBinTau 0 pBinPhi 0 constraintau 1 includeMopTerm 0 constrainMop 0 c_e_scale 0.000000 
Opening file /gm2data/tbarrett/gm2fr/studies/run23_bunch_corrections/CorrectedFourier_Run3b.root.
reading full fit data from /gm2data/zkhechad/cboTemplates/Run4CBOTemplates/fullFits/noRF/sBin_constraintOn_cE0.0_seed0_noRF_calo0.root
windowBins = 69
fitting sliding window 840 from bin 976 at 145.470000 to bin 1045 at 155.914000 (69 bins)

Reading data from /gm2data/cornell/histograms/aMethod/histogram_a_noRF.root
 **********
 **    1 **SET PRINTOUT            1
 **********
 **********
 **    2 **SET NOWARNINGS 
 **********
 PARAMETER DEFINITIONS:
    NO.   NAME         VALUE      STEP SIZE      LIMITS
     1 N0           7.53894e+07  1.00000e+02     no limits
     2 tau          6.44000e+01  constant
     3 A0           3.53538e-01  1.00000e-04     no limits
     4 phi          4.11945e+00  1.00000e-02     no limits
     5 R           -6.07615e+01  constant
     6 alpha_CBO    0.00000e+00  1.00000e-03     no limits
     7 w_CBO        2.32500e+00  constant
     8 beta_CBO     0.00000e+00  1.00000e-03     no limits
     9 alpha_2CBO   0.00000e+00  1.00000e-03     no limits
    10 beta_2CBO    0.00000e+00  1.00000e-03     no limits
    11 alpha_y      0.00000e+00  1.00000e-03     no limits
    12 w_y          1.38860e+01  constant
    13 beta_y       0.00000e+00  1.00000e-03     no limits
    14 alpha_vw     0.00000e+00  1.00000e-03     no limits
    15 w_vw         1.43404e+01  constant
    16 beta_vw      0.00000e+00  1.00000e-03     no limits
    17 LM          -1.74374e-04  constant
    18 zeta_y       0.00000e+00  constant
    19 zeta_vw      0.00000e+00  constant
    20 T_CBO        1.00000e+02  1.00000e+00    0.00000e+00  1.00000e+03
    21 alpha_A0     0.00000e+00  1.00000e-04   -1.00000e-02  1.00000e-02
    22 beta_A0      0.00000e+00  1.00000e-04   -1.00000e-02  1.00000e-02
    23 alpha_phi    0.00000e+00  1.00000e-04   -1.00000e-02  1.00000e-02
    24 beta_phi     0.00000e+00  1.00000e-04   -1.00000e-02  1.00000e-02
MINUIT - FIT ONLY WIGGLE
 **********
 **    3 **FIX            5
 **********
 PARAMETER    5  IS CONSTANT.   IGNORED.
 **********
 **    4 **FIX            6
 **********
 **********
 **    5 **FIX            7
 **********
 PARAMETER    7  IS CONSTANT.   IGNORED.
 **********
 **    6 **FIX            8
 **********
 **********
 **    7 **FIX            9
 **********
 **********
 **    8 **FIX           10
 **********
 **********
 **    9 **FIX           11
 **********
 **********
 **   10 **FIX           12
 **********
 PARAMETER   12  IS CONSTANT.   IGNORED.
 **********
 **   11 **FIX           13
 **********
 **********
 **   12 **FIX           14
 **********
 **********
 **   13 **FIX           15
 **********
 PARAMETER   15  IS CONSTANT.   IGNORED.
 **********
 **   14 **FIX           16
 **********
 **********
 **   15 **MIGRAD
 **********
 FIRST CALL TO USER FUNCTION AT NEW START POINT, WITH IFLAG=4.
 START MIGRAD MINIMIZATION.  STRATEGY  1.  CONVERGENCE WHEN EDM .LT. 1.00e-04
 FCN=591.948 FROM MIGRAD    STATUS=INITIATE      435 CALLS         436 TOTAL
                     EDM= unknown      STRATEGY= 1      NO ERROR MATRIX       
  EXT PARAMETER               CURRENT GUESS       STEP         FIRST   
  NO.   NAME      VALUE            ERROR          SIZE      DERIVATIVE 
   1  N0           7.53894e+07   1.00000e+02   0.00000e+00   8.18661e-04
   2  tau          6.44000e+01   constant   
   3  A0           3.53538e-01   1.00000e-04   0.00000e+00   2.40870e+05
   4  phi          4.11945e+00   1.00000e-02   0.00000e+00   7.62506e+04
   5  R           -6.07615e+01   constant   
   6  alpha_CBO    0.00000e+00     fixed    
   7  w_CBO        2.32500e+00   constant   
   8  beta_CBO     0.00000e+00     fixed    
   9  alpha_2CBO   0.00000e+00     fixed    
  10  beta_2CBO    0.00000e+00     fixed    
  11  alpha_y      0.00000e+00     fixed    
  12  w_y          1.38860e+01   constant   
  13  beta_y       0.00000e+00     fixed    
  14  alpha_vw     0.00000e+00     fixed    
  15  w_vw         1.43404e+01   constant   
  16  beta_vw      0.00000e+00     fixed    
  17  LM          -1.74374e-04   constant   
  18  zeta_y       0.00000e+00   constant   
  19  zeta_vw      0.00000e+00   constant   
  20  T_CBO        1.00000e+02   1.00000e+00   0.00000e+00   0.00000e+00
  21  alpha_A0     0.00000e+00   1.00000e-04   0.00000e+00   5.10405e+01
  22  beta_A0      0.00000e+00   1.00000e-04   0.00000e+00  -4.19394e+01
  23  alpha_phi    0.00000e+00   1.00000e-04   0.00000e+00  -2.83951e+01
  24  beta_phi     0.00000e+00   1.00000e-04   0.00000e+00   3.86019e+01
 MIGRAD MINIMIZATION HAS CONVERGED.
 FCN=543.754 FROM MIGRAD    STATUS=CONVERGED    1301 CALLS        1302 TOTAL
                     EDM=2.87136e-06    STRATEGY= 1  ERROR MATRIX UNCERTAINTY   0.4 per cent
  EXT PARAMETER                                   STEP         FIRST   
  NO.   NAME      VALUE            ERROR          SIZE      DERIVATIVE 
   1  N0           7.53878e+07   2.10794e+03  -4.94813e-01   7.21661e-07
   2  tau          6.44000e+01   constant   
   3  A0           3.53350e-01   3.81731e-05  -1.21228e-08   1.36772e+00
   4  phi          4.11900e+00   1.02456e-04   2.86226e-10  -6.30294e+00
   5  R           -6.07615e+01   constant   
   6  alpha_CBO    0.00000e+00     fixed    
   7  w_CBO        2.32500e+00   constant   
   8  beta_CBO     0.00000e+00     fixed    
   9  alpha_2CBO   0.00000e+00     fixed    
  10  beta_2CBO    0.00000e+00     fixed    
  11  alpha_y      0.00000e+00     fixed    
  12  w_y          1.38860e+01   constant   
  13  beta_y       0.00000e+00     fixed    
  14  alpha_vw     0.00000e+00     fixed    
  15  w_vw         1.43404e+01   constant   
  16  beta_vw      0.00000e+00     fixed    
  17  LM          -1.74374e-04   constant   
  18  zeta_y       0.00000e+00   constant   
  19  zeta_vw      0.00000e+00   constant   
  20  T_CBO        9.99940e+02   9.69241e+02   4.13858e-02  -1.44244e-04
  21  alpha_A0    -2.80063e-04   1.89552e-04   2.11587e-05   3.51472e-02
  22  beta_A0      3.75240e-04   1.90310e-04  -1.45496e-05  -8.77557e-02
  23  alpha_phi    2.89847e-04   1.94323e-04  -3.30130e-05  -1.75890e-02
  24  beta_phi    -6.20719e-05   1.77484e-04   1.49776e-05   1.07173e-01
 EXTERNAL ERROR MATRIX.    NDIM=  25    NPAR=  8    ERR DEF=1
  4.443e+06 -3.796e-03  2.492e-02 -9.097e+02  8.418e-02  7.429e-02  1.081e-01 -2.181e-02 
 -3.796e-03  1.457e-09  2.338e-10 -7.359e-05 -2.295e-10 -1.197e-09 -1.485e-09 -3.784e-10 
  2.492e-02  2.338e-10  1.050e-08 -9.361e-05  1.460e-11  2.363e-10  1.910e-10 -2.352e-09 
 -9.097e+02 -7.359e-05 -9.361e-05  1.374e+04  1.988e-03 -2.760e-03 -3.222e-03  9.524e-04 
  8.418e-02 -2.295e-10  1.460e-11  1.988e-03  3.593e-08  4.431e-09  9.177e-09  5.447e-09 
  7.429e-02 -1.197e-09  2.363e-10 -2.760e-03  4.431e-09  3.622e-08  5.359e-09  1.355e-09 
  1.081e-01 -1.485e-09  1.910e-10 -3.222e-03  9.177e-09  5.359e-09  3.777e-08  3.906e-09 
 -2.181e-02 -3.784e-10 -2.352e-09  9.524e-04  5.447e-09  1.355e-09  3.906e-09  3.150e-08 
 PARAMETER  CORRELATION COEFFICIENTS  
       NO.  GLOBAL      1      3      4     20     21     22     23     24
        1  0.36606   1.000 -0.047  0.115 -0.004  0.211  0.185  0.264 -0.058
        3  0.26245  -0.047  1.000  0.060 -0.016 -0.032 -0.165 -0.200 -0.056
        4  0.17850   0.115  0.060  1.000 -0.008  0.001  0.012  0.010 -0.129
       20  0.24052  -0.004 -0.016 -0.008  1.000  0.089 -0.124 -0.141  0.046
       21  0.35496   0.211 -0.032  0.001  0.089  1.000  0.123  0.249  0.162
       22  0.29194   0.185 -0.165  0.012 -0.124  0.123  1.000  0.145  0.040
       23  0.42142   0.264 -0.200  0.010 -0.141  0.249  0.145  1.000  0.113
       24  0.24976  -0.058 -0.056 -0.129  0.046  0.162  0.040  0.113  1.000
MINUIT - FIT ONLY 1-CBO + wiggle
 **********
 **   16 **RES 
 **********
                   PARAMETER   16  beta_vw RESTORED TO VARIABLE.
                   PARAMETER   14  alpha_vw RESTORED TO VARIABLE.
                   PARAMETER   13  beta_y RESTORED TO VARIABLE.
                   PARAMETER   11  alpha_y RESTORED TO VARIABLE.
                   PARAMETER   10  beta_2CBO RESTORED TO VARIABLE.
                   PARAMETER    9  alpha_2CBO RESTORED TO VARIABLE.
                   PARAMETER    8  beta_CBO RESTORED TO VARIABLE.
                   PARAMETER    6  alpha_CBO RESTORED TO VARIABLE.
 **********
 **   17 **FIX            8
 **********
 **********
 **   18 **FIX            9
 **********
 **********
 **   19 **FIX           11
 **********
 **********
 **   20 **FIX           12
 **********
 PARAMETER   12  IS CONSTANT.   IGNORED.
 **********
 **   21 **FIX           14
 **********
 **********
 **   22 **FIX           15
 **********
 PARAMETER   15  IS CONSTANT.   IGNORED.
 **********
 **   23 **FIX           16
 **********
 **********
 **   24 **MIGRAD
 **********
 START MIGRAD MINIMIZATION.  STRATEGY  1.  CONVERGENCE WHEN EDM .LT. 1.00e-04
 FCN=543.754 FROM MIGRAD    STATUS=INITIATE       28 CALLS        1330 TOTAL
                     EDM= unknown      STRATEGY= 1      NO ERROR MATRIX       
  EXT PARAMETER               CURRENT GUESS       STEP         FIRST   
  NO.   NAME      VALUE            ERROR          SIZE      DERIVATIVE 
   1  N0           7.53878e+07   2.10794e+03  -4.94813e-01   7.21661e-07
   2  tau          6.44000e+01   constant   
   3  A0           3.53350e-01   3.81731e-05  -1.21228e-08   1.36774e+00
   4  phi          4.11900e+00   1.02456e-04   2.86226e-10  -6.30294e+00
   5  R           -6.07615e+01   constant   
   6  alpha_CBO    0.00000e+00   1.00000e-03   1.00000e-03  -1.04053e+06
   7  w_CBO        2.32500e+00   constant   
   8  beta_CBO     0.00000e+00     fixed    
   9  alpha_2CBO   0.00000e+00     fixed    
  10  beta_2CBO    0.00000e+00   1.00000e-03   1.00000e-03  -1.33428e+04
  11  alpha_y      0.00000e+00     fixed    
  12  w_y          1.38860e+01   constant   
  13  beta_y       0.00000e+00   1.00000e-03   1.00000e-03  -1.37094e+05
  14  alpha_vw     0.00000e+00     fixed    
  15  w_vw         1.43404e+01   constant   
  16  beta_vw      0.00000e+00     fixed    
  17  LM          -1.74374e-04   constant   
  18  zeta_y       0.00000e+00   constant   
  19  zeta_vw      0.00000e+00   constant   
  20  T_CBO        9.99940e+02   9.69241e+02   4.13858e-02  -1.40787e-04
  21  alpha_A0    -2.80063e-04   1.89552e-04   2.11587e-05   3.51471e-02
  22  beta_A0      3.75240e-04   1.90310e-04  -1.45496e-05  -8.77585e-02
  23  alpha_phi    2.89847e-04   1.94323e-04  -3.30130e-05  -1.75888e-02
  24  beta_phi    -6.20719e-05   1.77484e-04   1.49776e-05   1.07173e-01
 MIGRAD MINIMIZATION HAS CONVERGED.
 FCN=120.136 FROM MIGRAD    STATUS=CONVERGED     452 CALLS        1754 TOTAL
                     EDM=8.00006e-06    STRATEGY= 1  ERROR MATRIX UNCERTAINTY   6.1 per cent
  EXT PARAMETER                                   STEP         FIRST   
  NO.   NAME      VALUE            ERROR          SIZE      DERIVATIVE 
   1  N0           7.53895e+07   2.16941e+03  -3.52136e+01   4.18778e-06
   2  tau          6.44000e+01   constant   
   3  A0           3.53515e-01   3.90846e-05   3.47503e-08   3.18406e+00
   4  phi          4.11938e+00   1.10145e-04  -2.54653e-07   5.18800e-01
   5  R           -6.07615e+01   constant   
   6  alpha_CBO    8.01457e-04   3.92583e-05  -1.73578e-08   4.58174e-01
   7  w_CBO        2.32500e+00   constant   
   8  beta_CBO     0.00000e+00     fixed    
   9  alpha_2CBO   0.00000e+00     fixed    
  10  beta_2CBO   -2.36475e-05   3.88748e-05   6.38338e-09  -1.04873e+00
  11  alpha_y      0.00000e+00     fixed    
  12  w_y          1.38860e+01   constant   
  13  beta_y       9.93248e-05   3.82174e-05  -5.38058e-09  -8.52040e-02
  14  alpha_vw     0.00000e+00     fixed    
  15  w_vw         1.43404e+01   constant   
  16  beta_vw      0.00000e+00     fixed    
  17  LM          -1.74374e-04   constant   
  18  zeta_y       0.00000e+00   constant   
  19  zeta_vw      0.00000e+00   constant   
  20  T_CBO        5.11267e+02   7.21377e+02  -1.44342e-02  -1.05156e-02
  21  alpha_A0     2.60108e-04   1.97540e-04   1.58890e-04  -1.42037e-02
  22  beta_A0      2.10467e-04   2.14042e-04   1.54174e-04  -2.23875e-03
  23  alpha_phi   -1.19383e-05   2.09201e-04  -3.10705e-05   1.12573e-02
  24  beta_phi    -2.80609e-04   2.05257e-04  -1.49946e-04   2.15255e-02
 EXTERNAL ERROR MATRIX.    NDIM=  25    NPAR= 11    ERR DEF=1
  4.706e+06 
 -6.970e-03  1.528e-09 
  3.679e-02  2.564e-10  1.213e-08 
  2.958e-03  3.203e-10  7.357e-10  1.541e-09 
  6.338e-04 -7.624e-11 -2.583e-10 -6.308e-11  1.511e-09 
  8.082e-04 -1.802e-11 -7.077e-11 -1.386e-12 -1.093e-11  1.461e-09 
  1.005e+06 -1.542e-03  7.909e-03  6.360e-04  1.610e-04  1.753e-04  2.827e+05 
 -7.178e-02  2.736e-10 -3.978e-10  1.009e-09  6.424e-10 -8.073e-11 -2.088e-02  3.903e-08 
 -2.808e-02 -1.264e-09 -5.967e-10 -5.287e-10  1.034e-09  1.818e-10 -9.288e-03  2.994e-09  4.582e-08 
  1.062e-01 -1.650e-09  7.641e-10 -6.432e-10 -4.506e-10 -2.370e-11  2.408e-02 -1.023e-09  3.511e-09  4.377e-08 
  1.091e-01 -8.491e-10 -2.026e-09 -3.172e-10  1.119e-09  1.186e-10  3.082e-02  1.153e-10  1.110e-09  2.590e-09  4.214e-08 
 PARAMETER  CORRELATION COEFFICIENTS  
       NO.  GLOBAL      1      3      4      6     10     13     20     21     22     23     24
        1  0.87386   1.000 -0.082  0.154  0.035  0.008  0.010  0.872 -0.167 -0.060  0.234  0.245
        3  0.32260  -0.082  1.000  0.060  0.209 -0.050 -0.012 -0.074  0.035 -0.151 -0.202 -0.106
        4  0.26302   0.154  0.060  1.000  0.170 -0.060 -0.017  0.135 -0.018 -0.025  0.033 -0.090
        6  0.30410   0.035  0.209  0.170  1.000 -0.041 -0.001  0.030  0.130 -0.063 -0.078 -0.039
       10  0.22182   0.008 -0.050 -0.060 -0.041  1.000 -0.007  0.008  0.084  0.124 -0.055  0.140
       13  0.03828   0.010 -0.012 -0.017 -0.001 -0.007  1.000  0.009 -0.011  0.022 -0.003  0.015
       20  0.87718   0.872 -0.074  0.135  0.030  0.008  0.009  1.000 -0.199 -0.082  0.217  0.282
       21  0.27072  -0.167  0.035 -0.018  0.130  0.084 -0.011 -0.199  1.000  0.071 -0.025  0.003
       22  0.23490  -0.060 -0.151 -0.025 -0.063  0.124  0.022 -0.082  0.071  1.000  0.078  0.025
       23  0.32041   0.234 -0.202  0.033 -0.078 -0.055 -0.003  0.217 -0.025  0.078  1.000  0.060
       24  0.34892   0.245 -0.106 -0.090 -0.039  0.140  0.015  0.282  0.003  0.025  0.060  1.000
MINUIT - FIT ONLY 2-CBO
 **********
 **   25 **RES 
 **********
                   PARAMETER   16  beta_vw RESTORED TO VARIABLE.
                   PARAMETER   14  alpha_vw RESTORED TO VARIABLE.
                   PARAMETER   11  alpha_y RESTORED TO VARIABLE.
                   PARAMETER    9  alpha_2CBO RESTORED TO VARIABLE.
                   PARAMETER    8  beta_CBO RESTORED TO VARIABLE.
 **********
 **   26 **FIX            0
 **********
 PARAMETER    0  IS UNDEFINED. IGNORED.
 **********
 **   27 **FIX            1
 **********
 **********
 **   28 **FIX            2
 **********
 PARAMETER    2  IS CONSTANT.   IGNORED.
 **********
 **   29 **FIX            3
 **********
 **********
 **   30 **FIX            4
 **********
 **********
 **   31 **FIX            5
 **********
 PARAMETER    5  IS CONSTANT.   IGNORED.
 **********
 **   32 **FIX            6
 **********
 **********
 **   33 **FIX            7
 **********
 PARAMETER    7  IS CONSTANT.   IGNORED.
 **********
 **   34 **FIX           10
 **********
 **********
 **   35 **FIX           11
 **********
 **********
 **   36 **FIX           12
 **********
 PARAMETER   12  IS CONSTANT.   IGNORED.
 **********
 **   37 **FIX           13
 **********
 **********
 **   38 **FIX           14
 **********
 **********
 **   39 **FIX           15
 **********
 PARAMETER   15  IS CONSTANT.   IGNORED.
 **********
 **   40 **FIX           16
 **********
 **********
 **   41 **MIGRAD
 **********
 START MIGRAD MINIMIZATION.  STRATEGY  1.  CONVERGENCE WHEN EDM .LT. 1.00e-04
 FCN=120.136 FROM MIGRAD    STATUS=INITIATE       18 CALLS        1772 TOTAL
                     EDM= unknown      STRATEGY= 1      NO ERROR MATRIX       
  EXT PARAMETER               CURRENT GUESS       STEP         FIRST   
  NO.   NAME      VALUE            ERROR          SIZE      DERIVATIVE 
   1  N0           7.53895e+07     fixed    
   2  tau          6.44000e+01   constant   
   3  A0           3.53515e-01     fixed    
   4  phi          4.11938e+00     fixed    
   5  R           -6.07615e+01   constant   
   6  alpha_CBO    8.01457e-04     fixed    
   7  w_CBO        2.32500e+00   constant   
   8  beta_CBO     0.00000e+00   1.00000e-03   1.00000e-03   3.82277e+05
   9  alpha_2CBO   0.00000e+00   1.00000e-03   1.00000e-03  -7.82344e+03
  10  beta_2CBO   -2.36475e-05     fixed    
  11  alpha_y      0.00000e+00     fixed    
  12  w_y          1.38860e+01   constant   
  13  beta_y       9.93248e-05     fixed    
  14  alpha_vw     0.00000e+00     fixed    
  15  w_vw         1.43404e+01   constant   
  16  beta_vw      0.00000e+00     fixed    
  17  LM          -1.74374e-04   constant   
  18  zeta_y       0.00000e+00   constant   
  19  zeta_vw      0.00000e+00   constant   
  20  T_CBO        5.11267e+02   7.21377e+02  -1.44342e-02  -1.05137e-02
  21  alpha_A0     2.60108e-04   1.97540e-04   1.58890e-04  -1.42036e-02
  22  beta_A0      2.10467e-04   2.14042e-04   1.54174e-04  -2.24150e-03
  23  alpha_phi   -1.19383e-05   2.09201e-04  -3.10705e-05   1.12573e-02
  24  beta_phi    -2.80609e-04   2.05257e-04  -1.49946e-04   2.15254e-02
 MIGRAD MINIMIZATION HAS CONVERGED.
 MIGRAD WILL VERIFY CONVERGENCE AND ERROR MATRIX.
 COVARIANCE MATRIX CALCULATED SUCCESSFULLY
 FCN=63.6725 FROM MIGRAD    STATUS=CONVERGED     323 CALLS        2077 TOTAL
                     EDM=4.84257e-06    STRATEGY= 1      ERROR MATRIX ACCURATE 
  EXT PARAMETER                                   STEP         FIRST   
  NO.   NAME      VALUE            ERROR          SIZE      DERIVATIVE 
   1  N0           7.53895e+07     fixed    
   2  tau          6.44000e+01   constant   
   3  A0           3.53515e-01     fixed    
   4  phi          4.11938e+00     fixed    
   5  R           -6.07615e+01   constant   
   6  alpha_CBO    8.01457e-04     fixed    
   7  w_CBO        2.32500e+00   constant   
   8  beta_CBO    -2.95707e-04   3.93631e-05   1.53061e-07   9.47735e+00
   9  alpha_2CBO  -1.66266e-05   3.95516e-05   1.50888e-07  -1.34407e+01
  10  beta_2CBO   -2.36475e-05     fixed    
  11  alpha_y      0.00000e+00     fixed    
  12  w_y          1.38860e+01   constant   
  13  beta_y       9.93248e-05     fixed    
  14  alpha_vw     0.00000e+00     fixed    
  15  w_vw         1.43404e+01   constant   
  16  beta_vw      0.00000e+00     fixed    
  17  LM          -1.74374e-04   constant   
  18  zeta_y       0.00000e+00   constant   
  19  zeta_vw      0.00000e+00   constant   
  20  T_CBO        9.99928e+02   5.83931e+02   7.08193e-02  -1.04130e-04
  21  alpha_A0     2.46886e-04   1.69012e-04   6.56926e-05  -9.25769e-03
  22  beta_A0      3.61935e-05   1.86024e-04   7.19377e-05  -1.01970e-01
  23  alpha_phi   -5.08027e-06   1.77451e-04   6.88280e-05  -4.25386e-02
  24  beta_phi    -2.32585e-04   1.70377e-04   6.64362e-05   7.55068e-02
 EXTERNAL ERROR MATRIX.    NDIM=  25    NPAR=  7    ERR DEF=1
  1.549e-09  1.189e-10  6.911e-07 -9.404e-11  7.500e-10 -1.179e-11 -3.745e-11 
  1.189e-10  1.564e-09  6.490e-07  7.365e-10 -7.405e-10  9.327e-10  6.078e-10 
  6.911e-07  6.490e-07  2.340e+04  9.238e-04  1.404e-04 -1.121e-06 -8.872e-04 
 -9.404e-11  7.365e-10  9.238e-04  2.857e-08  9.421e-10  1.504e-09  2.192e-09 
  7.500e-10 -7.405e-10  1.404e-04  9.421e-10  3.461e-08  2.013e-09  6.262e-10 
 -1.179e-11  9.327e-10 -1.121e-06  1.504e-09  2.013e-09  3.149e-08  1.863e-10 
 -3.745e-11  6.078e-10 -8.872e-04  2.192e-09  6.262e-10  1.863e-10  2.903e-08 
 PARAMETER  CORRELATION COEFFICIENTS  
       NO.  GLOBAL      8      9     20     21     22     23     24
        8  0.13931   1.000  0.076  0.000 -0.014  0.102 -0.002 -0.006
        9  0.23689   0.076  1.000  0.000  0.110 -0.101  0.133  0.090
       20  0.05157   0.000  0.000  1.000  0.036  0.005 -0.000 -0.034
       21  0.14594  -0.014  0.110  0.036  1.000  0.030  0.050  0.076
       22  0.17507   0.102 -0.101  0.005  0.030  1.000  0.061  0.020
       23  0.15747  -0.002  0.133 -0.000  0.050  0.061  1.000  0.006
       24  0.12208  -0.006  0.090 -0.034  0.076  0.020  0.006  1.000
MINUIT - FIT wiggle + 1-CBO + 2-CBO
 **********
 **   42 **RES 
 **********
                   PARAMETER   16  beta_vw RESTORED TO VARIABLE.
                   PARAMETER   14  alpha_vw RESTORED TO VARIABLE.
                   PARAMETER   13  beta_y RESTORED TO VARIABLE.
                   PARAMETER   11  alpha_y RESTORED TO VARIABLE.
                   PARAMETER   10  beta_2CBO RESTORED TO VARIABLE.
                   PARAMETER    6  alpha_CBO RESTORED TO VARIABLE.
                   PARAMETER    4  phi RESTORED TO VARIABLE.
                   PARAMETER    3  A0 RESTORED TO VARIABLE.
                   PARAMETER    1  N0 RESTORED TO VARIABLE.
 **********
 **   43 **FIX           10
 **********
 **********
 **   44 **FIX           11
 **********
 **********
 **   45 **FIX           12
 **********
 PARAMETER   12  IS CONSTANT.   IGNORED.
 **********
 **   46 **FIX           13
 **********
 **********
 **   47 **FIX           14
 **********
 **********
 **   48 **FIX           15
 **********
 PARAMETER   15  IS CONSTANT.   IGNORED.
 **********
 **   49 **FIX           16
 **********
 **********
 **   50 **MIGRAD
 **********
 START MIGRAD MINIMIZATION.  STRATEGY  1.  CONVERGENCE WHEN EDM .LT. 1.00e-04
 FCN=63.6725 FROM MIGRAD    STATUS=INITIATE       22 CALLS        2099 TOTAL
                     EDM= unknown      STRATEGY= 1      NO ERROR MATRIX       
  EXT PARAMETER               CURRENT GUESS       STEP         FIRST   
  NO.   NAME      VALUE            ERROR          SIZE      DERIVATIVE 
   1  N0           7.53895e+07   2.16941e+03   2.16941e+03  -5.94309e-04
   2  tau          6.44000e+01   constant   
   3  A0           3.53515e-01   3.90846e-05   3.90846e-05  -5.49306e+04
   4  phi          4.11938e+00   1.10145e-04   1.10145e-04   2.14048e+04
   5  R           -6.07615e+01   constant   
   6  alpha_CBO    8.01457e-04   3.92583e-05   3.92583e-05   6.79206e+02
   7  w_CBO        2.32500e+00   constant   
   8  beta_CBO    -2.95707e-04   3.93631e-05   1.53061e-07   9.47716e+00
   9  alpha_2CBO  -1.66266e-05   3.95516e-05   1.50888e-07  -1.34407e+01
  10  beta_2CBO   -2.36475e-05     fixed    
  11  alpha_y      0.00000e+00     fixed    
  12  w_y          1.38860e+01   constant   
  13  beta_y       9.93248e-05     fixed    
  14  alpha_vw     0.00000e+00     fixed    
  15  w_vw         1.43404e+01   constant   
  16  beta_vw      0.00000e+00     fixed    
  17  LM          -1.74374e-04   constant   
  18  zeta_y       0.00000e+00   constant   
  19  zeta_vw      0.00000e+00   constant   
  20  T_CBO        9.99928e+02   5.83931e+02   7.08193e-02  -1.06268e-04
  21  alpha_A0     2.46886e-04   1.69012e-04   6.56926e-05  -9.24697e-03
  22  beta_A0      3.61935e-05   1.86024e-04   7.19377e-05  -1.01977e-01
  23  alpha_phi   -5.08027e-06   1.77451e-04   6.88280e-05  -4.25387e-02
  24  beta_phi    -2.32585e-04   1.70377e-04   6.64362e-05   7.55076e-02
 MIGRAD MINIMIZATION HAS CONVERGED.
 MIGRAD WILL VERIFY CONVERGENCE AND ERROR MATRIX.
 COVARIANCE MATRIX CALCULATED SUCCESSFULLY
 FCN=61.0876 FROM MIGRAD    STATUS=CONVERGED     224 CALLS        2301 TOTAL
                     EDM=5.72807e-06    STRATEGY= 1      ERROR MATRIX ACCURATE 
  EXT PARAMETER                                   STEP         FIRST   
  NO.   NAME      VALUE            ERROR          SIZE      DERIVATIVE 
   1  N0           7.53904e+07   2.18332e+03   3.59489e+01   4.70169e-07
   2  tau          6.44000e+01   constant   
   3  A0           3.53554e-01   3.93630e-05   1.68588e-07   4.31487e+01
   4  phi          4.11926e+00   1.11025e-04   1.96422e-06   1.83309e+01
   5  R           -6.07615e+01   constant   
   6  alpha_CBO    8.02725e-04   3.92397e-05   1.43877e-07  -2.86919e+01
   7  w_CBO        2.32500e+00   constant   
   8  beta_CBO    -3.09366e-04   4.02676e-05   1.49968e-07  -1.02197e+01
   9  alpha_2CBO  -2.13653e-05   3.96977e-05   1.47839e-07  -2.27893e+01
  10  beta_2CBO   -2.36475e-05     fixed    
  11  alpha_y      0.00000e+00     fixed    
  12  w_y          1.38860e+01   constant   
  13  beta_y       9.93248e-05     fixed    
  14  alpha_vw     0.00000e+00     fixed    
  15  w_vw         1.43404e+01   constant   
  16  beta_vw      0.00000e+00     fixed    
  17  LM          -1.74374e-04   constant   
  18  zeta_y       0.00000e+00   constant   
  19  zeta_vw      0.00000e+00   constant   
  20  T_CBO        9.99980e+02   5.00675e+02   1.13599e-01   9.85292e-06
  21  alpha_A0     2.59016e-04   1.81781e-04   6.43512e-05  -4.76654e-02
  22  beta_A0      1.61510e-05   1.91813e-04   7.04663e-05  -1.80454e-02
  23  alpha_phi   -2.69367e-05   1.85635e-04   6.74168e-05   6.49952e-02
  24  beta_phi    -2.31316e-04   1.80752e-04   6.50734e-05  -5.09443e-03
 EXTERNAL ERROR MATRIX.    NDIM=  25    NPAR= 11    ERR DEF=1
  4.767e+06 
 -5.680e-03  1.549e-09 
  3.547e-02  1.657e-10  1.233e-08 
  2.996e-03  3.164e-10  7.268e-10  1.540e-09 
 -4.720e-03 -2.062e-10  6.150e-10 -5.924e-12  1.621e-09 
 -3.890e-03 -7.266e-11  1.457e-10  4.157e-11  1.440e-10  1.576e-09 
 -1.613e+02  4.132e-05 -4.076e-05  2.523e-06 -1.029e-06  4.652e-06  3.939e+04 
  6.058e-02  9.257e-11  7.108e-10  1.015e-09 -1.589e-10  7.171e-10  1.109e-02  3.305e-08 
  7.598e-02 -1.290e-09  6.983e-10 -3.915e-10  8.560e-10 -7.447e-10  6.378e-04  1.837e-09  3.680e-08 
  8.731e-02 -1.504e-09  6.457e-10 -5.635e-10  1.034e-10  9.224e-10 -1.079e-03  1.960e-09  4.528e-09  3.446e-08 
 -4.699e-02 -5.100e-10 -2.702e-09 -3.103e-10 -4.380e-11  6.362e-10 -1.009e-02 -1.341e-09  1.028e-10  7.937e-11  3.267e-08 
 PARAMETER  CORRELATION COEFFICIENTS  
       NO.  GLOBAL      1      3      4      6      8      9     20     21     22     23     24
        1  0.36291   1.000 -0.066  0.146  0.035 -0.054 -0.045 -0.000  0.153  0.181  0.215 -0.119
        3  0.34161  -0.066  1.000  0.038  0.205 -0.130 -0.046  0.005  0.013 -0.171 -0.206 -0.072
        4  0.29015   0.146  0.038  1.000  0.167  0.138  0.033 -0.002  0.035  0.033  0.031 -0.135
        6  0.30296   0.035  0.205  0.167  1.000 -0.004  0.027  0.000  0.142 -0.052 -0.077 -0.044
        8  0.25099  -0.054 -0.130  0.138 -0.004  1.000  0.090 -0.000 -0.022  0.111  0.014 -0.006
        9  0.25116  -0.045 -0.046  0.033  0.027  0.090  1.000  0.001  0.099 -0.098  0.125  0.089
       20  0.42274  -0.000  0.005 -0.002  0.000 -0.000  0.001  1.000  0.307  0.017 -0.029 -0.281
       21  0.39253   0.153  0.013  0.035  0.142 -0.022  0.099  0.307  1.000  0.053  0.058 -0.041
       22  0.29731   0.181 -0.171  0.033 -0.052  0.111 -0.098  0.017  0.053  1.000  0.127  0.003
       23  0.33035   0.215 -0.206  0.031 -0.077  0.014  0.125 -0.029  0.058  0.127  1.000  0.002
       24  0.35354  -0.119 -0.072 -0.135 -0.044 -0.006  0.089 -0.281 -0.041  0.003  0.002  1.000
MINUIT - FIT ONLY 1-y
 **********
 **   51 **RES 
 **********
                   PARAMETER   16  beta_vw RESTORED TO VARIABLE.
                   PARAMETER   14  alpha_vw RESTORED TO VARIABLE.
                   PARAMETER   13  beta_y RESTORED TO VARIABLE.
                   PARAMETER   11  alpha_y RESTORED TO VARIABLE.
                   PARAMETER   10  beta_2CBO RESTORED TO VARIABLE.
 **********
 **   52 **FIX            0
 **********
 PARAMETER    0  IS UNDEFINED. IGNORED.
 **********
 **   53 **FIX            1
 **********
 **********
 **   54 **FIX            2
 **********
 PARAMETER    2  IS CONSTANT.   IGNORED.
 **********
 **   55 **FIX            3
 **********
 **********
 **   56 **FIX            4
 **********
 **********
 **   57 **FIX            5
 **********
 PARAMETER    5  IS CONSTANT.   IGNORED.
 **********
 **   58 **FIX            6
 **********
 **********
 **   59 **FIX            7
 **********
 PARAMETER    7  IS CONSTANT.   IGNORED.
 **********
 **   60 **FIX            8
 **********
 **********
 **   61 **FIX            9
 **********
 **********
 **   62 **FIX           13
 **********
 **********
 **   63 **FIX           14
 **********
 **********
 **   64 **FIX           15
 **********
 PARAMETER   15  IS CONSTANT.   IGNORED.
 **********
 **   65 **FIX           16
 **********
 **********
 **   66 **MIGRAD
 **********
 START MIGRAD MINIMIZATION.  STRATEGY  1.  CONVERGENCE WHEN EDM .LT. 1.00e-04
 FCN=61.0876 FROM MIGRAD    STATUS=INITIATE       16 CALLS        2317 TOTAL
                     EDM= unknown      STRATEGY= 1      NO ERROR MATRIX       
  EXT PARAMETER               CURRENT GUESS       STEP         FIRST   
  NO.   NAME      VALUE            ERROR          SIZE      DERIVATIVE 
   1  N0           7.53904e+07     fixed    
   2  tau          6.44000e+01   constant   
   3  A0           3.53554e-01     fixed    
   4  phi          4.11926e+00     fixed    
   5  R           -6.07615e+01   constant   
   6  alpha_CBO    8.02725e-04     fixed    
   7  w_CBO        2.32500e+00   constant   
   8  beta_CBO    -3.09366e-04     fixed    
   9  alpha_2CBO  -2.13653e-05     fixed    
  10  beta_2CBO   -2.36475e-05   3.88748e-05   3.88748e-05   4.68443e+03
  11  alpha_y      0.00000e+00   1.00000e-03   1.00000e-03  -6.12199e+04
  12  w_y          1.38860e+01   constant   
  13  beta_y       9.93248e-05     fixed    
  14  alpha_vw     0.00000e+00     fixed    
  15  w_vw         1.43404e+01   constant   
  16  beta_vw      0.00000e+00     fixed    
  17  LM          -1.74374e-04   constant   
  18  zeta_y       0.00000e+00   constant   
  19  zeta_vw      0.00000e+00   constant   
  20  T_CBO        9.99980e+02   5.00675e+02   1.13599e-01  -1.03243e-05
  21  alpha_A0     2.59016e-04   1.81781e-04   6.43512e-05  -4.76637e-02
  22  beta_A0      1.61510e-05   1.91813e-04   7.04663e-05  -1.80487e-02
  23  alpha_phi   -2.69367e-05   1.85635e-04   6.74168e-05   6.49947e-02
  24  beta_phi    -2.31316e-04   1.80752e-04   6.50734e-05  -5.09369e-03
 MIGRAD MINIMIZATION HAS CONVERGED.
 MIGRAD WILL VERIFY CONVERGENCE AND ERROR MATRIX.
 COVARIANCE MATRIX CALCULATED SUCCESSFULLY
 FCN=59.7118 FROM MIGRAD    STATUS=CONVERGED     114 CALLS        2415 TOTAL
                     EDM=5.96321e-07    STRATEGY= 1      ERROR MATRIX ACCURATE 
  EXT PARAMETER                                   STEP         FIRST   
  NO.   NAME      VALUE            ERROR          SIZE      DERIVATIVE 
   1  N0           7.53904e+07     fixed    
   2  tau          6.44000e+01   constant   
   3  A0           3.53554e-01     fixed    
   4  phi          4.11926e+00     fixed    
   5  R           -6.07615e+01   constant   
   6  alpha_CBO    8.02725e-04     fixed    
   7  w_CBO        2.32500e+00   constant   
   8  beta_CBO    -3.09366e-04     fixed    
   9  alpha_2CBO  -2.13653e-05     fixed    
  10  beta_2CBO   -2.79347e-05   3.87500e-05   1.44213e-07   1.26239e+01
  11  alpha_y      4.46215e-05   3.81537e-05   1.45097e-07   3.50324e+00
  12  w_y          1.38860e+01   constant   
  13  beta_y       9.93248e-05     fixed    
  14  alpha_vw     0.00000e+00     fixed    
  15  w_vw         1.43404e+01   constant   
  16  beta_vw      0.00000e+00     fixed    
  17  LM          -1.74374e-04   constant   
  18  zeta_y       0.00000e+00   constant   
  19  zeta_vw      0.00000e+00   constant   
  20  T_CBO        1.00000e+03   5.04975e+02   1.36669e-01** at limit **
  21  alpha_A0     2.58696e-04   1.81110e-04   6.36338e-05   2.96866e-02
  22  beta_A0      1.50507e-05   1.85271e-04   6.96808e-05   3.84873e-03
  23  alpha_phi   -2.28603e-05   1.76376e-04   6.66650e-05   4.45296e-02
  24  beta_phi    -2.30275e-04   1.81380e-04   6.43477e-05   1.12084e-03
 EXTERNAL ERROR MATRIX.    NDIM=  25    NPAR=  7    ERR DEF=1
  1.502e-09 -2.560e-11 -4.213e-07  6.024e-10  8.517e-10 -4.833e-10  8.933e-10 
 -2.560e-11  1.456e-09  5.021e-08  3.256e-11  2.773e-11  9.713e-11  1.009e-10 
 -4.213e-07  5.021e-08  7.013e+01  5.551e-04  3.121e-05 -4.349e-05 -5.036e-04 
  6.024e-10  3.256e-11  5.551e-04  3.280e-08  1.958e-09  5.243e-10 -1.691e-09 
  8.517e-10  2.773e-11  3.121e-05  1.958e-09  3.433e-08  2.206e-09  1.250e-09 
 -4.833e-10  9.713e-11 -4.349e-05  5.243e-10  2.206e-09  3.111e-08 -1.478e-10 
  8.933e-10  1.009e-10 -5.036e-04 -1.691e-09  1.250e-09 -1.478e-10  3.290e-08 
 PARAMETER  CORRELATION COEFFICIENTS  
       NO.  GLOBAL     10     11     20     21     22     23     24
       10  0.20769   1.000 -0.017 -0.001  0.086  0.119 -0.071  0.127
       11  0.02906  -0.017  1.000  0.000  0.005  0.004  0.014  0.015
       20  0.48324  -0.001  0.000  1.000  0.366  0.020 -0.029 -0.332
       21  0.38450   0.086  0.005  0.366  1.000  0.058  0.016 -0.051
       22  0.15134   0.119  0.004  0.020  0.058  1.000  0.068  0.037
       23  0.11462  -0.071  0.014 -0.029  0.016  0.068  1.000 -0.005
       24  0.36199   0.127  0.015 -0.332 -0.051  0.037 -0.005  1.000
MINUIT - FIT ONLY 2-y
 **********
 **   67 **RES 
 **********
                   PARAMETER   16  beta_vw RESTORED TO VARIABLE.
                   PARAMETER   14  alpha_vw RESTORED TO VARIABLE.
                   PARAMETER   13  beta_y RESTORED TO VARIABLE.
                   PARAMETER    9  alpha_2CBO RESTORED TO VARIABLE.
                   PARAMETER    8  beta_CBO RESTORED TO VARIABLE.
                   PARAMETER    6  alpha_CBO RESTORED TO VARIABLE.
                   PARAMETER    4  phi RESTORED TO VARIABLE.
                   PARAMETER    3  A0 RESTORED TO VARIABLE.
                   PARAMETER    1  N0 RESTORED TO VARIABLE.
 **********
 **   68 **FIX            0
 **********
 PARAMETER    0  IS UNDEFINED. IGNORED.
 **********
 **   69 **FIX            1
 **********
 **********
 **   70 **FIX            2
 **********
 PARAMETER    2  IS CONSTANT.   IGNORED.
 **********
 **   71 **FIX            3
 **********
 **********
 **   72 **FIX            4
 **********
 **********
 **   73 **FIX            5
 **********
 PARAMETER    5  IS CONSTANT.   IGNORED.
 **********
 **   74 **FIX            6
 **********
 **********
 **   75 **FIX            7
 **********
 PARAMETER    7  IS CONSTANT.   IGNORED.
 **********
 **   76 **FIX            8
 **********
 **********
 **   77 **FIX            9
 **********
 **********
 **   78 **FIX           10
 **********
 **********
 **   79 **FIX           11
 **********
 **********
 **   80 **FIX           12
 **********
 PARAMETER   12  IS CONSTANT.   IGNORED.
 **********
 **   81 **FIX           16
 **********
 **********
 **   82 **MIGRAD
 **********
 START MIGRAD MINIMIZATION.  STRATEGY  1.  CONVERGENCE WHEN EDM .LT. 1.00e-04
 FCN=59.7118 FROM MIGRAD    STATUS=INITIATE       16 CALLS        2431 TOTAL
                     EDM= unknown      STRATEGY= 1      NO ERROR MATRIX       
  EXT PARAMETER               CURRENT GUESS       STEP         FIRST   
  NO.   NAME      VALUE            ERROR          SIZE      DERIVATIVE 
   1  N0           7.53904e+07     fixed    
   2  tau          6.44000e+01   constant   
   3  A0           3.53554e-01     fixed    
   4  phi          4.11926e+00     fixed    
   5  R           -6.07615e+01   constant   
   6  alpha_CBO    8.02725e-04     fixed    
   7  w_CBO        2.32500e+00   constant   
   8  beta_CBO    -3.09366e-04     fixed    
   9  alpha_2CBO  -2.13653e-05     fixed    
  10  beta_2CBO   -2.79347e-05     fixed    
  11  alpha_y      4.46215e-05     fixed    
  12  w_y          1.38860e+01   constant   
  13  beta_y       9.93248e-05   3.82174e-05   3.82174e-05  -4.43922e+03
  14  alpha_vw     0.00000e+00   1.00000e-03   1.00000e-03  -2.12503e+04
  15  w_vw         1.43404e+01   constant   
  16  beta_vw      0.00000e+00     fixed    
  17  LM          -1.74374e-04   constant   
  18  zeta_y       0.00000e+00   constant   
  19  zeta_vw      0.00000e+00   constant   
  20  T_CBO        1.00000e+03   5.04975e+02   1.36669e-01** at limit **
  21  alpha_A0     2.58696e-04   1.81110e-04   6.36338e-05   2.96911e-02
  22  beta_A0      1.50507e-05   1.85271e-04   6.96808e-05   3.86179e-03
  23  alpha_phi   -2.28603e-05   1.76376e-04   6.66650e-05   4.45295e-02
  24  beta_phi    -2.30275e-04   1.81380e-04   6.43477e-05   1.12112e-03
 MIGRAD MINIMIZATION HAS CONVERGED.
 MIGRAD WILL VERIFY CONVERGENCE AND ERROR MATRIX.
 COVARIANCE MATRIX CALCULATED SUCCESSFULLY
 FCN=59.5473 FROM MIGRAD    STATUS=CONVERGED     115 CALLS        2530 TOTAL
                     EDM=7.23333e-08    STRATEGY= 1      ERROR MATRIX ACCURATE 
  EXT PARAMETER                                   STEP         FIRST   
  NO.   NAME      VALUE            ERROR          SIZE      DERIVATIVE 
   1  N0           7.53904e+07     fixed    
   2  tau          6.44000e+01   constant   
   3  A0           3.53554e-01     fixed    
   4  phi          4.11926e+00     fixed    
   5  R           -6.07615e+01   constant   
   6  alpha_CBO    8.02725e-04     fixed    
   7  w_CBO        2.32500e+00   constant   
   8  beta_CBO    -3.09366e-04     fixed    
   9  alpha_2CBO  -2.13653e-05     fixed    
  10  beta_2CBO   -2.79347e-05     fixed    
  11  alpha_y      4.46215e-05     fixed    
  12  w_y          1.38860e+01   constant   
  13  beta_y       9.93268e-05   3.90683e-05   1.45099e-07  -3.52793e-01
  14  alpha_vw     1.54746e-05   3.90251e-05   1.44997e-07   8.36189e-02
  15  w_vw         1.43404e+01   constant   
  16  beta_vw      0.00000e+00     fixed    
  17  LM          -1.74374e-04   constant   
  18  zeta_y       0.00000e+00   constant   
  19  zeta_vw      0.00000e+00   constant   
  20  T_CBO        1.00000e+03   5.40821e+02   1.31379e-01** at limit **
  21  alpha_A0     2.58398e-04   1.79236e-04   6.35468e-05   1.47684e-02
  22  beta_A0      1.50008e-05   1.84008e-04   6.95865e-05  -7.77228e-03
  23  alpha_phi   -2.29287e-05   1.75918e-04   6.65747e-05   1.39540e-02
  24  beta_phi    -2.30502e-04   1.78941e-04   6.42606e-05   1.03931e-03
 EXTERNAL ERROR MATRIX.    NDIM=  25    NPAR=  7    ERR DEF=1
  1.526e-09 -3.186e-10 -1.001e-08 -5.371e-11  1.674e-10 -5.517e-11  8.298e-11 
 -3.186e-10  1.523e-09  1.543e-09 -1.460e-11 -3.733e-11  9.764e-12 -3.844e-11 
 -1.001e-08  1.543e-09  8.307e-01  5.735e-05  3.229e-06 -4.540e-06 -5.212e-05 
 -5.371e-11 -1.460e-11  5.735e-05  3.213e-08  1.583e-09  7.495e-10 -1.668e-09 
  1.674e-10 -3.733e-11  3.229e-06  1.583e-09  3.386e-08  2.473e-09  7.724e-10 
 -5.517e-11  9.764e-12 -4.540e-06  7.495e-10  2.473e-09  3.095e-08  1.015e-10 
  8.298e-11 -3.844e-11 -5.212e-05 -1.668e-09  7.724e-10  1.015e-10  3.202e-08 
 PARAMETER  CORRELATION COEFFICIENTS  
       NO.  GLOBAL     13     14     20     21     22     23     24
       13  0.21088   1.000 -0.209 -0.000 -0.008  0.023 -0.008  0.012
       14  0.20905  -0.209  1.000  0.000 -0.002 -0.005  0.001 -0.006
       20  0.46444  -0.000  0.000  1.000  0.351  0.019 -0.028 -0.320
       21  0.36040  -0.008 -0.002  0.351  1.000  0.048  0.024 -0.052
       22  0.09700   0.023 -0.005  0.019  0.048  1.000  0.076  0.023
       23  0.08941  -0.008  0.001 -0.028  0.024  0.076  1.000  0.003
       24  0.32740   0.012 -0.006 -0.320 -0.052  0.023  0.003  1.000
MINUIT - FIT ALTOGETHER
 **********
