 + ++++++++++++++++++++++++++++++++++++++++++++++++++++++++++++++++++++ +
 +                                                                      +
 +           You have chose to blind your fitting according to          +
 +                omega_ref * (1 + (R +/- deltaR) *10^{-6})             +
 +                                                                      +
 + ++++++++++++++++++++++++++++++++++++++++++++++++++++++++++++++++++++ +
In main()...
reading format from /gm2data/zkhechad/run45/envelope/formats/formatB_sBin_constraintOn.txt
pBinTau 	= 0  
pBinPhi 	= 0  
constraintau 	= 1 
includeMopTerm 	= 0    
constrainMop    = 0   
Parameters after format file: pBinTau 0 pBinPhi 0 constraintau 1 includeMopTerm 0 constrainMop 0 c_e_scale 0.000000 
Opening file /gm2data/tbarrett/gm2fr/studies/run23_bunch_corrections/CorrectedFourier_Run3b.root.
reading full fit data from /gm2data/zkhechad/cboTemplates/Run4CBOTemplates/templateFits0_v2.0/noRF/sBin_constraintOn_cE0.0_seed0_noRF_calo19.root
windowBins = 17
fitting sliding window 378 from bin 514 at 76.539600 to bin 531 at 79.225200 (17 bins)

Reading data from /gm2data/cornell/histograms/aMethod/histogram_a_noRF.root
 **********
 **    1 **SET PRINTOUT            1
 **********
 **********
 **    2 **SET NOWARNINGS 
 **********
 PARAMETER DEFINITIONS:
    NO.   NAME         VALUE      STEP SIZE      LIMITS
     1 N0           3.18982e+06  1.00000e+02     no limits
     2 tau          6.43968e+01  constant
     3 A0           3.47817e-01  1.00000e-04     no limits
     4 phi          4.13212e+00  1.00000e-02     no limits
     5 R           -6.01460e+01  constant
     6 alpha_CBO    0.00000e+00  1.00000e-03     no limits
     7 w_CBO        2.32500e+00  constant
     8 beta_CBO     0.00000e+00  1.00000e-03     no limits
     9 alpha_2CBO   0.00000e+00  1.00000e-03     no limits
    10 beta_2CBO    0.00000e+00  1.00000e-03     no limits
    11 alpha_y      0.00000e+00  1.00000e-03     no limits
    12 w_y          1.44500e+01  constant
    13 beta_y       0.00000e+00  1.00000e-03     no limits
    14 alpha_vw     0.00000e+00  1.00000e-03     no limits
    15 w_vw         1.29000e+01  constant
    16 beta_vw      0.00000e+00  1.00000e-03     no limits
    17 LM          -1.51189e-04  constant
    18 zeta_y       0.00000e+00  constant
    19 zeta_vw      0.00000e+00  constant
    20 T_CBO        1.00000e+02  1.00000e+00    0.00000e+00  1.00000e+03
    21 alpha_A0     0.00000e+00  1.00000e-03     no limits
    22 beta_A0      0.00000e+00  1.00000e-03     no limits
    23 alpha_phi    0.00000e+00  1.00000e-03     no limits
    24 beta_phi     0.00000e+00  1.00000e-03     no limits
MINUIT - FIT ONLY WIGGLE
 **********
 **    3 **FIX            5
 **********
 PARAMETER    5  IS CONSTANT.   IGNORED.
 **********
 **    4 **FIX            6
 **********
 **********
 **    5 **FIX            7
 **********
 PARAMETER    7  IS CONSTANT.   IGNORED.
 **********
 **    6 **FIX            8
 **********
 **********
 **    7 **FIX            9
 **********
 **********
 **    8 **FIX           10
 **********
 **********
 **    9 **FIX           11
 **********
 **********
 **   10 **FIX           12
 **********
 PARAMETER   12  IS CONSTANT.   IGNORED.
 **********
 **   11 **FIX           13
 **********
 **********
 **   12 **FIX           14
 **********
 **********
 **   13 **FIX           15
 **********
 PARAMETER   15  IS CONSTANT.   IGNORED.
 **********
 **   14 **FIX           16
 **********
 **********
 **   15 **MIGRAD
 **********
 FIRST CALL TO USER FUNCTION AT NEW START POINT, WITH IFLAG=4.
 START MIGRAD MINIMIZATION.  STRATEGY  1.  CONVERGENCE WHEN EDM .LT. 1.00e-04
 FCN=1512.63 FROM MIGRAD    STATUS=INITIATE      437 CALLS         438 TOTAL
                     EDM= unknown      STRATEGY= 1      NO ERROR MATRIX       
  EXT PARAMETER               CURRENT GUESS       STEP         FIRST   
  NO.   NAME      VALUE            ERROR          SIZE      DERIVATIVE 
   1  N0           3.18982e+06   1.00000e+02   0.00000e+00   4.20332e-02
   2  tau          6.43968e+01   constant   
   3  A0           3.47817e-01   1.00000e-04   0.00000e+00   2.92026e+05
   4  phi          4.13212e+00   1.00000e-02   0.00000e+00  -1.86115e+04
   5  R           -6.01460e+01   constant   
   6  alpha_CBO    0.00000e+00     fixed    
   7  w_CBO        2.32500e+00   constant   
   8  beta_CBO     0.00000e+00     fixed    
   9  alpha_2CBO   0.00000e+00     fixed    
  10  beta_2CBO    0.00000e+00     fixed    
  11  alpha_y      0.00000e+00     fixed    
  12  w_y          1.44500e+01   constant   
  13  beta_y       0.00000e+00     fixed    
  14  alpha_vw     0.00000e+00     fixed    
  15  w_vw         1.29000e+01   constant   
  16  beta_vw      0.00000e+00     fixed    
  17  LM          -1.51189e-04   constant   
  18  zeta_y       0.00000e+00   constant   
  19  zeta_vw      0.00000e+00   constant   
  20  T_CBO        1.00000e+02   1.00000e+00   0.00000e+00   0.00000e+00
  21  alpha_A0     0.00000e+00   1.00000e-03   0.00000e+00  -2.06370e+04
  22  beta_A0      0.00000e+00   1.00000e-03   0.00000e+00  -2.01796e+04
  23  alpha_phi    0.00000e+00   1.00000e-03   0.00000e+00  -9.21498e+03
  24  beta_phi     0.00000e+00   1.00000e-03   0.00000e+00  -5.34104e+03
 CALL LIMIT EXCEEDED IN MIGRAD.
 MIGRAD TERMINATED WITHOUT CONVERGENCE.
 FCN=23.5661 FROM MIGRAD    STATUS=CALL LIMIT   1334 CALLS        1335 TOTAL
                     EDM=0.00338426    STRATEGY= 1  ERROR MATRIX UNCERTAINTY   6.9 per cent
  EXT PARAMETER                APPROXIMATE        STEP         FIRST   
  NO.   NAME      VALUE            ERROR          SIZE      DERIVATIVE 
   1  N0           3.11338e+06   1.60560e+04  -1.32075e+02  -3.25118e-06
   2  tau          6.43968e+01   constant   
   3  A0           3.22941e-01   2.32760e-03   1.25810e-05  -7.12485e+00
   4  phi          4.10562e+00   1.48505e-02  -9.52764e-05  -1.77222e+01
   5  R           -6.01460e+01   constant   
   6  alpha_CBO    0.00000e+00     fixed    
   7  w_CBO        2.32500e+00   constant   
   8  beta_CBO     0.00000e+00     fixed    
   9  alpha_2CBO   0.00000e+00     fixed    
  10  beta_2CBO    0.00000e+00     fixed    
  11  alpha_y      0.00000e+00     fixed    
  12  w_y          1.44500e+01   constant   
  13  beta_y       0.00000e+00     fixed    
  14  alpha_vw     0.00000e+00     fixed    
  15  w_vw         1.29000e+01   constant   
  16  beta_vw      0.00000e+00     fixed    
  17  LM          -1.51189e-04   constant   
  18  zeta_y       0.00000e+00   constant   
  19  zeta_vw      0.00000e+00   constant   
  20  T_CBO        1.36295e+02   1.48105e+01   5.23552e-04  -2.62243e+00
  21  alpha_A0     9.22641e-02   4.64263e-02   1.86011e-04  -2.32818e+01
  22  beta_A0     -2.93691e-01   1.52638e-02  -1.25885e-04   3.38607e+00
  23  alpha_phi   -2.62652e-01   1.47716e-02  -1.12719e-04  -1.17971e+00
  24  beta_phi    -4.23830e-02   3.48916e-02  -1.64182e-04  -2.40977e+01
 EXTERNAL ERROR MATRIX.    NDIM=  25    NPAR=  8    ERR DEF=1
  2.578e+08 -3.149e+01  2.320e+02 -2.329e+05 -7.308e+02  1.488e+02  1.723e+02  5.513e+02 
 -3.149e+01  5.418e-06 -3.124e-05  3.016e-02  9.959e-05 -3.256e-06 -8.894e-06 -7.422e-05 
  2.320e+02 -3.124e-05  2.205e-04 -2.161e-01 -6.854e-04  1.053e-04  1.277e-04  5.146e-04 
 -2.329e+05  3.016e-02 -2.161e-01  2.195e+02  6.749e-01 -1.143e-01 -1.355e-01 -5.060e-01 
 -7.308e+02  9.959e-05 -6.854e-04  6.749e-01  2.155e-03 -3.220e-04 -4.021e-04 -1.617e-03 
  1.488e+02 -3.256e-06  1.053e-04 -1.143e-01 -3.220e-04  2.330e-04  2.181e-04  2.542e-04 
  1.723e+02 -8.894e-06  1.277e-04 -1.355e-01 -4.021e-04  2.181e-04  2.182e-04  3.124e-04 
  5.513e+02 -7.422e-05  5.146e-04 -5.060e-01 -1.617e-03  2.542e-04  3.124e-04  1.217e-03 
ERR MATRIX APPROXIMATE
 PARAMETER  CORRELATION COEFFICIENTS  
       NO.  GLOBAL      1      3      4     20     21     22     23     24
        1  0.99982   1.000 -0.842  0.973 -0.979 -0.980  0.607  0.727  0.984
        3  0.99853  -0.842  1.000 -0.904  0.875  0.922 -0.092 -0.259 -0.914
        4  0.99838   0.973 -0.904  1.000 -0.982 -0.994  0.465  0.582  0.993
       20  0.99818  -0.979  0.875 -0.982  1.000  0.981 -0.505 -0.619 -0.979
       21  0.99936  -0.980  0.922 -0.994  0.981  1.000 -0.454 -0.586 -0.998
       22  0.99483   0.607 -0.092  0.465 -0.505 -0.454  1.000  0.967  0.477
       23  0.99690   0.727 -0.259  0.582 -0.619 -0.586  0.967  1.000  0.606
       24  0.99945   0.984 -0.914  0.993 -0.979 -0.998  0.477  0.606  1.000
 ERR MATRIX APPROXIMATE
MINUIT - FIT ONLY 1-CBO + wiggle
 **********
 **   16 **RES 
 **********
                   PARAMETER   16  beta_vw RESTORED TO VARIABLE.
                   PARAMETER   14  alpha_vw RESTORED TO VARIABLE.
                   PARAMETER   13  beta_y RESTORED TO VARIABLE.
                   PARAMETER   11  alpha_y RESTORED TO VARIABLE.
                   PARAMETER   10  beta_2CBO RESTORED TO VARIABLE.
                   PARAMETER    9  alpha_2CBO RESTORED TO VARIABLE.
                   PARAMETER    8  beta_CBO RESTORED TO VARIABLE.
                   PARAMETER    6  alpha_CBO RESTORED TO VARIABLE.
 **********
 **   17 **FIX            8
 **********
 **********
 **   18 **FIX            9
 **********
 **********
 **   19 **FIX           11
 **********
 **********
 **   20 **FIX           12
 **********
 PARAMETER   12  IS CONSTANT.   IGNORED.
 **********
 **   21 **FIX           14
 **********
 **********
 **   22 **FIX           15
 **********
 PARAMETER   15  IS CONSTANT.   IGNORED.
 **********
 **   23 **FIX           16
 **********
 **********
 **   24 **MIGRAD
 **********
 START MIGRAD MINIMIZATION.  STRATEGY  1.  CONVERGENCE WHEN EDM .LT. 1.00e-04
 FCN=23.5661 FROM MIGRAD    STATUS=INITIATE       26 CALLS        1361 TOTAL
                     EDM= unknown      STRATEGY= 1      NO ERROR MATRIX       
  EXT PARAMETER               CURRENT GUESS       STEP         FIRST   
  NO.   NAME      VALUE            ERROR          SIZE      DERIVATIVE 
   1  N0           3.11338e+06   1.60560e+04  -1.32075e+02  -3.25118e-06
   2  tau          6.43968e+01   constant   
   3  A0           3.22941e-01   2.32760e-03   1.25810e-05  -7.12485e+00
   4  phi          4.10562e+00   1.48505e-02  -9.52764e-05  -1.77222e+01
   5  R           -6.01460e+01   constant   
   6  alpha_CBO    0.00000e+00   1.00000e-03   1.00000e-03  -4.72004e+02
   7  w_CBO        2.32500e+00   constant   
   8  beta_CBO     0.00000e+00     fixed    
   9  alpha_2CBO   0.00000e+00     fixed    
  10  beta_2CBO    0.00000e+00   1.00000e-03   1.00000e-03   1.91959e+03
  11  alpha_y      0.00000e+00     fixed    
  12  w_y          1.44500e+01   constant   
  13  beta_y       0.00000e+00   1.00000e-03   1.00000e-03  -3.56155e+04
  14  alpha_vw     0.00000e+00     fixed    
  15  w_vw         1.29000e+01   constant   
  16  beta_vw      0.00000e+00     fixed    
  17  LM          -1.51189e-04   constant   
  18  zeta_y       0.00000e+00   constant   
  19  zeta_vw      0.00000e+00   constant   
  20  T_CBO        1.36295e+02   1.48105e+01   5.23552e-04  -2.62243e+00
  21  alpha_A0     9.22641e-02   4.64263e-02   1.86011e-04  -2.32818e+01
  22  beta_A0     -2.93691e-01   1.52638e-02  -1.25885e-04   3.38607e+00
  23  alpha_phi   -2.62652e-01   1.47716e-02  -1.12719e-04  -1.17971e+00
  24  beta_phi    -4.23830e-02   3.48916e-02  -1.64182e-04  -2.40977e+01
 MIGRAD MINIMIZATION HAS CONVERGED.
 MIGRAD WILL VERIFY CONVERGENCE AND ERROR MATRIX.
 FCN=7.93831 FROM HESSE     STATUS=NOT POSDEF    100 CALLS        1729 TOTAL
                     EDM=0.000601839    STRATEGY= 1      ERR MATRIX NOT POS-DEF
  EXT PARAMETER                APPROXIMATE        STEP         FIRST   
  NO.   NAME      VALUE            ERROR          SIZE      DERIVATIVE 
   1  N0           3.11189e+06   5.56039e+03   1.48386e+00   3.45942e-06
   2  tau          6.43968e+01   constant   
   3  A0           3.23453e-01   1.98484e-03   2.99154e-07   6.78960e+00
   4  phi          4.10929e+00   7.22187e-03   1.95946e-06  -3.64909e-01
   5  R           -6.01460e+01   constant   
   6  alpha_CBO    1.35034e-06   1.71356e-03   2.97638e-07   9.28272e+00
   7  w_CBO        2.32500e+00   constant   
   8  beta_CBO     0.00000e+00     fixed    
   9  alpha_2CBO   0.00000e+00     fixed    
  10  beta_2CBO   -7.83587e-04   7.02500e-04   3.02288e-07  -3.67709e+00
  11  alpha_y      0.00000e+00     fixed    
  12  w_y          1.44500e+01   constant   
  13  beta_y       8.39742e-04   2.16529e-04   3.03249e-07  -2.53346e-01
  14  alpha_vw     0.00000e+00     fixed    
  15  w_vw         1.29000e+01   constant   
  16  beta_vw      0.00000e+00     fixed    
  17  LM          -1.51189e-04   constant   
  18  zeta_y       0.00000e+00   constant   
  19  zeta_vw      0.00000e+00   constant   
  20  T_CBO        1.35428e+02   1.46727e+01   4.79521e-06  -3.21234e-01
  21  alpha_A0     8.80378e-02   1.97316e-02   2.91878e-06   1.52825e-01
  22  beta_A0     -2.86842e-01   2.01779e-02   3.32006e-06   2.57595e-01
  23  alpha_phi   -2.65539e-01   1.75957e-02   2.54449e-06   6.73901e-01
  24  beta_phi    -4.56608e-02   1.20055e-02   2.24954e-06  -2.23829e-01
 MIGRAD MINIMIZATION HAS CONVERGED.
 MIGRAD WILL VERIFY CONVERGENCE AND ERROR MATRIX.
 COVARIANCE MATRIX CALCULATED SUCCESSFULLY
 FCN=7.76926 FROM MIGRAD    STATUS=CONVERGED    1824 CALLS        3159 TOTAL
                     EDM=5.61556e-06    STRATEGY= 1      ERROR MATRIX ACCURATE 
  EXT PARAMETER                                   STEP         FIRST   
  NO.   NAME      VALUE            ERROR          SIZE      DERIVATIVE 
   1  N0           3.11993e+06   5.18983e+04   1.48770e+00  -4.53422e-06
   2  tau          6.43968e+01   constant   
   3  A0           3.08481e-01   2.44500e-02   2.86997e-07  -1.33461e+01
   4  phi          4.17701e+00   1.43484e-01   1.99175e-06  -5.26065e-01
   5  R           -6.01460e+01   constant   
   6  alpha_CBO   -6.59925e-03   1.38493e-02   2.95049e-07   7.59844e+00
   7  w_CBO        2.32500e+00   constant   
   8  beta_CBO     0.00000e+00     fixed    
   9  alpha_2CBO   0.00000e+00     fixed    
  10  beta_2CBO   -2.07628e-03   3.30025e-03   2.99600e-07   1.92309e+00
  11  alpha_y      0.00000e+00     fixed    
  12  w_y          1.44500e+01   constant   
  13  beta_y       8.36288e-04   2.34050e-04   3.00369e-07  -9.20238e-01
  14  alpha_vw     0.00000e+00     fixed    
  15  w_vw         1.29000e+01   constant   
  16  beta_vw      0.00000e+00     fixed    
  17  LM          -1.51189e-04   constant   
  18  zeta_y       0.00000e+00   constant   
  19  zeta_vw      0.00000e+00   constant   
  20  T_CBO        1.37270e+02   1.86742e+02   5.24877e-06  -7.23270e-01
  21  alpha_A0    -4.56073e-02   3.12133e-01   3.09951e-06  -2.35928e-01
  22  beta_A0     -3.60341e-01   3.16218e-01   3.69941e-06   8.48247e-01
  23  alpha_phi   -3.14577e-01   2.62088e-01   2.59878e-06   7.56932e-01
  24  beta_phi     5.66198e-02   2.15478e-01   2.26276e-06   3.74667e-01
 EXTERNAL ERROR MATRIX.    NDIM=  25    NPAR= 11    ERR DEF=1
  2.693e+09 
 -6.621e+02  5.978e-04 
  5.066e+03 -3.433e-03  2.059e-02 
 -2.646e+02  3.317e-04 -1.839e-03  1.918e-04 
 -1.446e+02  6.594e-05 -4.300e-04  3.199e-05  1.089e-05 
 -4.045e+00  3.466e-07 -4.162e-06 -7.414e-08  1.694e-07  5.478e-08 
  1.682e+06 -1.016e+00  5.572e+00 -5.184e-01 -1.270e-01 -1.237e-03  3.896e+04 
 -1.368e+04  6.714e-03 -4.281e-02  3.376e-03  9.900e-04  1.597e-05 -5.367e+00  9.743e-02 
  4.120e+03  1.355e-03 -5.050e-03  1.064e-03 -5.004e-05 -8.708e-06  5.401e+01  8.855e-03  9.999e-02 
  2.344e+03  8.229e-04 -3.477e-03  6.264e-04 -8.534e-06 -4.585e-06  4.744e+01  9.301e-03  8.193e-02  6.869e-02 
  8.860e+03 -4.730e-03  2.969e-02 -2.436e-03 -6.593e-04 -9.614e-06 -1.271e-01 -6.669e-02 -1.390e-02 -1.244e-02  4.643e-02 
 PARAMETER  CORRELATION COEFFICIENTS  
       NO.  GLOBAL      1      3      4      6     10     13     20     21     22     23     24
        1  0.99996   1.000 -0.522  0.680 -0.368 -0.845 -0.333  0.164 -0.845  0.251  0.172  0.792
        3  0.99997  -0.522  1.000 -0.979  0.979  0.817  0.061 -0.211  0.880  0.175  0.128 -0.898
        4  0.99998   0.680 -0.979  1.000 -0.925 -0.908 -0.124  0.197 -0.956 -0.111 -0.092  0.960
        6  0.99989  -0.368  0.979 -0.925  1.000  0.700 -0.023 -0.190  0.781  0.243  0.173 -0.816
       10  0.99803  -0.845  0.817 -0.908  0.700  1.000  0.219 -0.195  0.961 -0.048 -0.010 -0.927
       13  0.46070  -0.333  0.061 -0.124 -0.023  0.219  1.000 -0.027  0.219 -0.118 -0.075 -0.191
       20  0.99998   0.164 -0.211  0.197 -0.190 -0.195 -0.027  1.000 -0.087  0.865  0.917 -0.003
       21  0.99998  -0.845  0.880 -0.956  0.781  0.961  0.219 -0.087  1.000  0.090  0.114 -0.992
       22  0.99997   0.251  0.175 -0.111  0.243 -0.048 -0.118  0.865  0.090  1.000  0.989 -0.204
       23  0.99998   0.172  0.128 -0.092  0.173 -0.010 -0.075  0.917  0.114  0.989  1.000 -0.220
       24  0.99997   0.792 -0.898  0.960 -0.816 -0.927 -0.191 -0.003 -0.992 -0.204 -0.220  1.000
MINUIT - FIT ONLY 2-CBO
 **********
 **   25 **RES 
 **********
                   PARAMETER   16  beta_vw RESTORED TO VARIABLE.
                   PARAMETER   14  alpha_vw RESTORED TO VARIABLE.
                   PARAMETER   11  alpha_y RESTORED TO VARIABLE.
                   PARAMETER    9  alpha_2CBO RESTORED TO VARIABLE.
                   PARAMETER    8  beta_CBO RESTORED TO VARIABLE.
 **********
 **   26 **FIX            0
 **********
 PARAMETER    0  IS UNDEFINED. IGNORED.
 **********
 **   27 **FIX            1
 **********
 **********
 **   28 **FIX            2
 **********
 PARAMETER    2  IS CONSTANT.   IGNORED.
 **********
 **   29 **FIX            3
 **********
 **********
 **   30 **FIX            4
 **********
 **********
 **   31 **FIX            5
 **********
 PARAMETER    5  IS CONSTANT.   IGNORED.
 **********
 **   32 **FIX            6
 **********
 **********
 **   33 **FIX            7
 **********
 PARAMETER    7  IS CONSTANT.   IGNORED.
 **********
 **   34 **FIX           10
 **********
 **********
 **   35 **FIX           11
 **********
 **********
 **   36 **FIX           12
 **********
 PARAMETER   12  IS CONSTANT.   IGNORED.
 **********
 **   37 **FIX           13
 **********
 **********
 **   38 **FIX           14
 **********
 **********
 **   39 **FIX           15
 **********
 PARAMETER   15  IS CONSTANT.   IGNORED.
 **********
 **   40 **FIX           16
 **********
 **********
 **   41 **MIGRAD
 **********
 START MIGRAD MINIMIZATION.  STRATEGY  1.  CONVERGENCE WHEN EDM .LT. 1.00e-04
 FCN=7.76926 FROM MIGRAD    STATUS=INITIATE       18 CALLS        3177 TOTAL
                     EDM= unknown      STRATEGY= 1      NO ERROR MATRIX       
  EXT PARAMETER               CURRENT GUESS       STEP         FIRST   
  NO.   NAME      VALUE            ERROR          SIZE      DERIVATIVE 
   1  N0           3.11993e+06     fixed    
   2  tau          6.43968e+01   constant   
   3  A0           3.08481e-01     fixed    
   4  phi          4.17701e+00     fixed    
   5  R           -6.01460e+01   constant   
   6  alpha_CBO   -6.59925e-03     fixed    
   7  w_CBO        2.32500e+00   constant   
   8  beta_CBO     0.00000e+00   1.00000e-03   1.00000e-03   6.22785e+00
   9  alpha_2CBO   0.00000e+00   1.00000e-03   1.00000e-03   7.18318e+00
  10  beta_2CBO   -2.07628e-03     fixed    
  11  alpha_y      0.00000e+00     fixed    
  12  w_y          1.44500e+01   constant   
  13  beta_y       8.36288e-04     fixed    
  14  alpha_vw     0.00000e+00     fixed    
  15  w_vw         1.29000e+01   constant   
  16  beta_vw      0.00000e+00     fixed    
  17  LM          -1.51189e-04   constant   
  18  zeta_y       0.00000e+00   constant   
  19  zeta_vw      0.00000e+00   constant   
  20  T_CBO        1.37270e+02   1.86742e+02   5.24877e-06  -7.23276e-01
  21  alpha_A0    -4.56073e-02   3.12133e-01   3.09951e-06  -2.35936e-01
  22  beta_A0     -3.60341e-01   3.16218e-01   3.69941e-06   8.48244e-01
  23  alpha_phi   -3.14577e-01   2.62088e-01   2.59878e-06   7.56932e-01
  24  beta_phi     5.66198e-02   2.15478e-01   2.26276e-06   3.74667e-01
 MIGRAD MINIMIZATION HAS CONVERGED.
 MIGRAD WILL VERIFY CONVERGENCE AND ERROR MATRIX.
 COVARIANCE MATRIX CALCULATED SUCCESSFULLY
 FCN=7.76926 FROM MIGRAD    STATUS=CONVERGED      84 CALLS        3243 TOTAL
                     EDM=4.82609e-06    STRATEGY= 1      ERROR MATRIX ACCURATE 
  EXT PARAMETER                                   STEP         FIRST   
  NO.   NAME      VALUE            ERROR          SIZE      DERIVATIVE 
   1  N0           3.11993e+06     fixed    
   2  tau          6.43968e+01   constant   
   3  A0           3.08481e-01     fixed    
   4  phi          4.17701e+00     fixed    
   5  R           -6.01460e+01   constant   
   6  alpha_CBO   -6.59925e-03     fixed    
   7  w_CBO        2.32500e+00   constant   
   8  beta_CBO    -7.98213e-08   7.55772e-04   3.17849e-07  -2.41435e+00
   9  alpha_2CBO  -8.89537e-08   5.60762e-04   3.12431e-07   4.57838e+00
  10  beta_2CBO   -2.07628e-03     fixed    
  11  alpha_y      0.00000e+00     fixed    
  12  w_y          1.44500e+01   constant   
  13  beta_y       8.36288e-04     fixed    
  14  alpha_vw     0.00000e+00     fixed    
  15  w_vw         1.29000e+01   constant   
  16  beta_vw      0.00000e+00     fixed    
  17  LM          -1.51189e-04   constant   
  18  zeta_y       0.00000e+00   constant   
  19  zeta_vw      0.00000e+00   constant   
  20  T_CBO        1.37271e+02   2.45357e+02   5.24550e-06  -5.12227e-03
  21  alpha_A0    -4.56070e-02   4.90118e-02   3.10108e-06   1.12398e-01
  22  beta_A0     -3.60343e-01   3.99197e-01   3.70233e-06  -1.37712e-01
  23  alpha_phi   -3.14578e-01   3.51892e-01   2.59968e-06   1.06123e-01
  24  beta_phi     5.66195e-02   6.53680e-02   2.26329e-06  -2.49992e-01
 EXTERNAL ERROR MATRIX.    NDIM=  25    NPAR=  7    ERR DEF=1
  5.712e-07  2.804e-07  1.534e-01  2.618e-05  2.214e-04  1.985e-04 -3.815e-05 
  2.804e-07  3.145e-07  4.049e-02  5.742e-06  5.668e-05  5.331e-05 -1.147e-05 
  1.534e-01  4.049e-02  7.461e+04  1.335e+01  1.090e+02  9.612e+01 -1.783e+01 
  2.618e-05  5.742e-06  1.335e+01  2.402e-03  1.952e-02  1.719e-02 -3.179e-03 
  2.214e-04  5.668e-05  1.090e+02  1.952e-02  1.594e-01  1.404e-01 -2.603e-02 
  1.985e-04  5.331e-05  9.612e+01  1.719e-02  1.404e-01  1.238e-01 -2.297e-02 
 -3.815e-05 -1.147e-05 -1.783e+01 -3.179e-03 -2.603e-02 -2.297e-02  4.273e-03 
 PARAMETER  CORRELATION COEFFICIENTS  
       NO.  GLOBAL      8      9     20     21     22     23     24
        8  0.95677   1.000  0.662  0.743  0.707  0.734  0.746 -0.772
        9  0.92278   0.662  1.000  0.264  0.209  0.253  0.270 -0.313
       20  0.99999   0.743  0.264  1.000  0.997  1.000  1.000 -0.998
       21  0.99904   0.707  0.209  0.997  1.000  0.998  0.997 -0.992
       22  0.99998   0.734  0.253  1.000  0.998  1.000  1.000 -0.998
       23  0.99999   0.746  0.270  1.000  0.997  1.000  1.000 -0.999
       24  0.99971  -0.772 -0.313 -0.998 -0.992 -0.998 -0.999  1.000
MINUIT - FIT wiggle + 1-CBO + 2-CBO
 **********
 **   42 **RES 
 **********
                   PARAMETER   16  beta_vw RESTORED TO VARIABLE.
                   PARAMETER   14  alpha_vw RESTORED TO VARIABLE.
                   PARAMETER   13  beta_y RESTORED TO VARIABLE.
                   PARAMETER   11  alpha_y RESTORED TO VARIABLE.
                   PARAMETER   10  beta_2CBO RESTORED TO VARIABLE.
                   PARAMETER    6  alpha_CBO RESTORED TO VARIABLE.
                   PARAMETER    4  phi RESTORED TO VARIABLE.
                   PARAMETER    3  A0 RESTORED TO VARIABLE.
                   PARAMETER    1  N0 RESTORED TO VARIABLE.
 **********
 **   43 **FIX           10
 **********
 **********
 **   44 **FIX           11
 **********
 **********
 **   45 **FIX           12
 **********
 PARAMETER   12  IS CONSTANT.   IGNORED.
 **********
 **   46 **FIX           13
 **********
 **********
 **   47 **FIX           14
 **********
 **********
 **   48 **FIX           15
 **********
 PARAMETER   15  IS CONSTANT.   IGNORED.
 **********
 **   49 **FIX           16
 **********
 **********
 **   50 **MIGRAD
 **********
 START MIGRAD MINIMIZATION.  STRATEGY  1.  CONVERGENCE WHEN EDM .LT. 1.00e-04
 FCN=7.76926 FROM MIGRAD    STATUS=INITIATE       22 CALLS        3265 TOTAL
                     EDM= unknown      STRATEGY= 1      NO ERROR MATRIX       
  EXT PARAMETER               CURRENT GUESS       STEP         FIRST   
  NO.   NAME      VALUE            ERROR          SIZE      DERIVATIVE 
   1  N0           3.11993e+06   5.18983e+04   5.18983e+04   5.72798e-07
   2  tau          6.43968e+01   constant   
   3  A0           3.08481e-01   2.44500e-02   2.44500e-02  -1.15998e+00
   4  phi          4.17701e+00   1.43484e-01   1.43484e-01   4.60132e-01
   5  R           -6.01460e+01   constant   
   6  alpha_CBO   -6.59925e-03   1.38493e-02   1.38493e-02   2.64225e+00
   7  w_CBO        2.32500e+00   constant   
   8  beta_CBO    -7.98213e-08   7.55772e-04   3.17849e-07  -2.41436e+00
   9  alpha_2CBO  -8.89537e-08   5.60762e-04   3.12431e-07   4.57839e+00
  10  beta_2CBO   -2.07628e-03     fixed    
  11  alpha_y      0.00000e+00     fixed    
  12  w_y          1.44500e+01   constant   
  13  beta_y       8.36288e-04     fixed    
  14  alpha_vw     0.00000e+00     fixed    
  15  w_vw         1.29000e+01   constant   
  16  beta_vw      0.00000e+00     fixed    
  17  LM          -1.51189e-04   constant   
  18  zeta_y       0.00000e+00   constant   
  19  zeta_vw      0.00000e+00   constant   
  20  T_CBO        1.37271e+02   2.45357e+02   5.24550e-06  -5.12864e-03
  21  alpha_A0    -4.56070e-02   4.90118e-02   3.10108e-06   1.12395e-01
  22  beta_A0     -3.60343e-01   3.99197e-01   3.70233e-06  -1.37712e-01
  23  alpha_phi   -3.14578e-01   3.51892e-01   2.59968e-06   1.06125e-01
  24  beta_phi     5.66195e-02   6.53680e-02   2.26329e-06  -2.49992e-01
 MIGRAD MINIMIZATION HAS CONVERGED.
 MIGRAD WILL VERIFY CONVERGENCE AND ERROR MATRIX.
 FCN=7.76926 FROM MIGRAD    STATUS=CONVERGED     146 CALLS        3389 TOTAL
                     EDM=2.64901e-05    STRATEGY= 1      ERR MATRIX NOT POS-DEF
  EXT PARAMETER                APPROXIMATE        STEP         FIRST   
  NO.   NAME      VALUE            ERROR          SIZE      DERIVATIVE 
   1  N0           3.11993e+06   5.80388e+03   1.48770e+00  -7.76892e-07
   2  tau          6.43968e+01   constant   
   3  A0           3.08481e-01   2.48176e-03   2.86956e-07  -9.71346e-01
   4  phi          4.17701e+00   1.16169e-02   1.99175e-06  -7.48207e-01
   5  R           -6.01460e+01   constant   
   6  alpha_CBO   -6.59929e-03   2.12393e-03   2.95051e-07  -1.13389e+00
   7  w_CBO        2.32500e+00   constant   
   8  beta_CBO    -3.90589e-08   1.85801e-03   3.17849e-07  -5.07327e-04
   9  alpha_2CBO  -1.63639e-07   9.46397e-04   3.12431e-07   2.72176e+00
  10  beta_2CBO   -2.07628e-03     fixed    
  11  alpha_y      0.00000e+00     fixed    
  12  w_y          1.44500e+01   constant   
  13  beta_y       8.36288e-04     fixed    
  14  alpha_vw     0.00000e+00     fixed    
  15  w_vw         1.29000e+01   constant   
  16  beta_vw      0.00000e+00     fixed    
  17  LM          -1.51189e-04   constant   
  18  zeta_y       0.00000e+00   constant   
  19  zeta_vw      0.00000e+00   constant   
  20  T_CBO        1.37271e+02   1.62613e+01   5.24554e-06  -4.63056e-02
  21  alpha_A0    -4.56072e-02   2.33506e-02   3.10107e-06  -3.35586e-01
  22  beta_A0     -3.60342e-01   2.52012e-02   3.70233e-06  -1.57279e-02
  23  alpha_phi   -3.14578e-01   1.88400e-02   2.59967e-06   1.68609e-01
  24  beta_phi     5.66197e-02   1.39427e-02   2.26329e-06   1.32411e-02
 EXTERNAL ERROR MATRIX.    NDIM=  25    NPAR= 11    ERR DEF=1
  3.369e+07 
  3.649e-01  6.159e-06 
 -1.021e+01  9.244e-07  1.350e-04 
  1.664e+00  1.489e-06 -1.352e-05  4.511e-06 
 -3.033e+00  2.730e-06  1.286e-05  7.378e-07  3.452e-06 
 -7.443e-01 -1.481e-08 -5.539e-07  1.325e-06  8.238e-07  8.957e-07 
 -2.865e+04 -1.531e-02  9.681e-03  3.742e-03  1.175e-03  4.959e-03  2.646e+02 
 -4.269e+01  3.916e-06 -1.134e-04 -1.912e-05 -2.190e-05 -1.414e-05 -4.997e-02  5.453e-04 
  6.223e+01  1.719e-05 -3.217e-05 -5.730e-06 -8.680e-06 -1.020e-05  1.102e-01  1.685e-04  6.351e-04 
  2.846e+01  1.123e-05  2.873e-05 -4.573e-06  4.293e-06 -2.045e-06  1.555e-01  2.868e-05  4.171e-04  3.549e-04 
  5.041e+01 -1.296e-05  6.878e-05 -1.456e-05 -7.150e-06 -5.680e-06 -6.583e-02 -9.716e-05  2.980e-05 -8.939e-06  1.944e-04 
ERR MATRIX NOT POS-DEF
 PARAMETER  CORRELATION COEFFICIENTS  
       NO.  GLOBAL      1      3      4      6      8      9     20     21     22     23     24
        1  0.99678   1.000  0.025 -0.151  0.135 -0.281 -0.136 -0.303 -0.315  0.425  0.260  0.623
        3  0.99681   0.025  1.000  0.032  0.282  0.592 -0.006 -0.379  0.068  0.275  0.240 -0.375
        4  0.99680  -0.151  0.032  1.000 -0.548  0.596 -0.050  0.051 -0.418 -0.110  0.131  0.425
        6  0.99539   0.135  0.282 -0.548  1.000  0.187  0.659  0.108 -0.385 -0.107 -0.114 -0.492
        8  0.99300  -0.281  0.592  0.596  0.187  1.000  0.468  0.039 -0.505 -0.185  0.123 -0.276
        9  0.97369  -0.136 -0.006 -0.050  0.659  0.468  1.000  0.322 -0.640 -0.428 -0.115 -0.430
       20  0.99706  -0.303 -0.379  0.051  0.108  0.039  0.322  1.000 -0.132  0.269  0.507 -0.290
       21  0.99579  -0.315  0.068 -0.418 -0.385 -0.505 -0.640 -0.132  1.000  0.286  0.065 -0.298
       22  0.99484   0.425  0.275 -0.110 -0.107 -0.185 -0.428  0.269  0.286  1.000  0.878  0.085
       23  0.99545   0.260  0.240  0.131 -0.114  0.123 -0.115  0.507  0.065  0.878  1.000 -0.034
       24  0.99370   0.623 -0.375  0.425 -0.492 -0.276 -0.430 -0.290 -0.298  0.085 -0.034  1.000
 ERR MATRIX NOT POS-DEF
MINUIT - FIT ONLY 1-y
 **********
 **   51 **RES 
 **********
                   PARAMETER   16  beta_vw RESTORED TO VARIABLE.
                   PARAMETER   14  alpha_vw RESTORED TO VARIABLE.
                   PARAMETER   13  beta_y RESTORED TO VARIABLE.
                   PARAMETER   11  alpha_y RESTORED TO VARIABLE.
                   PARAMETER   10  beta_2CBO RESTORED TO VARIABLE.
 **********
 **   52 **FIX            0
 **********
 PARAMETER    0  IS UNDEFINED. IGNORED.
 **********
 **   53 **FIX            1
 **********
 **********
 **   54 **FIX            2
 **********
 PARAMETER    2  IS CONSTANT.   IGNORED.
 **********
 **   55 **FIX            3
 **********
 **********
 **   56 **FIX            4
 **********
 **********
 **   57 **FIX            5
 **********
 PARAMETER    5  IS CONSTANT.   IGNORED.
 **********
 **   58 **FIX            6
 **********
 **********
 **   59 **FIX            7
 **********
 PARAMETER    7  IS CONSTANT.   IGNORED.
 **********
 **   60 **FIX            8
 **********
 **********
 **   61 **FIX            9
 **********
 **********
 **   62 **FIX           13
 **********
 **********
 **   63 **FIX           14
 **********
 **********
 **   64 **FIX           15
 **********
 PARAMETER   15  IS CONSTANT.   IGNORED.
 **********
 **   65 **FIX           16
 **********
 **********
 **   66 **MIGRAD
 **********
 START MIGRAD MINIMIZATION.  STRATEGY  1.  CONVERGENCE WHEN EDM .LT. 1.00e-04
 FCN=7.76926 FROM MIGRAD    STATUS=INITIATE       16 CALLS        3405 TOTAL
                     EDM= unknown      STRATEGY= 1      NO ERROR MATRIX       
  EXT PARAMETER               CURRENT GUESS       STEP         FIRST   
  NO.   NAME      VALUE            ERROR          SIZE      DERIVATIVE 
   1  N0           3.11993e+06     fixed    
   2  tau          6.43968e+01   constant   
   3  A0           3.08481e-01     fixed    
   4  phi          4.17701e+00     fixed    
   5  R           -6.01460e+01   constant   
   6  alpha_CBO   -6.59929e-03     fixed    
   7  w_CBO        2.32500e+00   constant   
   8  beta_CBO    -3.90589e-08     fixed    
   9  alpha_2CBO  -1.63639e-07     fixed    
  10  beta_2CBO   -2.07628e-03   3.30025e-03   3.30025e-03  -5.66911e-01
  11  alpha_y      0.00000e+00   1.00000e-03   1.00000e-03  -2.78010e+03
  12  w_y          1.44500e+01   constant   
  13  beta_y       8.36288e-04     fixed    
  14  alpha_vw     0.00000e+00     fixed    
  15  w_vw         1.29000e+01   constant   
  16  beta_vw      0.00000e+00     fixed    
  17  LM          -1.51189e-04   constant   
  18  zeta_y       0.00000e+00   constant   
  19  zeta_vw      0.00000e+00   constant   
  20  T_CBO        1.37271e+02   1.62613e+01   5.24554e-06  -4.63109e-02
  21  alpha_A0    -4.56072e-02   2.33506e-02   3.10107e-06  -3.35587e-01
  22  beta_A0     -3.60342e-01   2.52012e-02   3.70233e-06  -1.57241e-02
  23  alpha_phi   -3.14578e-01   1.88400e-02   2.59967e-06   1.68608e-01
  24  beta_phi     5.66197e-02   1.39427e-02   2.26329e-06   1.32399e-02
 MIGRAD MINIMIZATION HAS CONVERGED.
 MIGRAD WILL VERIFY CONVERGENCE AND ERROR MATRIX.
 COVARIANCE MATRIX CALCULATED SUCCESSFULLY
 FCN=7.67835 FROM MIGRAD    STATUS=CONVERGED     145 CALLS        3534 TOTAL
                     EDM=4.90231e-05    STRATEGY= 1      ERROR MATRIX ACCURATE 
  EXT PARAMETER                                   STEP         FIRST   
  NO.   NAME      VALUE            ERROR          SIZE      DERIVATIVE 
   1  N0           3.11993e+06     fixed    
   2  tau          6.43968e+01   constant   
   3  A0           3.08481e-01     fixed    
   4  phi          4.17701e+00     fixed    
   5  R           -6.01460e+01   constant   
   6  alpha_CBO   -6.59929e-03     fixed    
   7  w_CBO        2.32500e+00   constant   
   8  beta_CBO    -3.90589e-08     fixed    
   9  alpha_2CBO  -1.63639e-07     fixed    
  10  beta_2CBO   -2.08844e-03   5.27069e-04   2.98044e-07  -1.02890e+00
  11  alpha_y      6.54038e-05   2.16957e-04   3.09636e-07  -2.23072e-02
  12  w_y          1.44500e+01   constant   
  13  beta_y       8.36288e-04     fixed    
  14  alpha_vw     0.00000e+00     fixed    
  15  w_vw         1.29000e+01   constant   
  16  beta_vw      0.00000e+00     fixed    
  17  LM          -1.51189e-04   constant   
  18  zeta_y       0.00000e+00   constant   
  19  zeta_vw      0.00000e+00   constant   
  20  T_CBO        1.37262e+02   2.13406e+02   5.21784e-06  -4.23523e-02
  21  alpha_A0    -4.56494e-02   4.14105e-02   3.08507e-06   3.30942e-01
  22  beta_A0     -3.60275e-01   3.42731e-01   3.68303e-06   1.66656e-01
  23  alpha_phi   -3.14616e-01   2.94874e-01   2.58631e-06  -7.63110e-02
  24  beta_phi     5.65500e-02   5.45066e-02   2.25170e-06   1.92418e-01
 EXTERNAL ERROR MATRIX.    NDIM=  25    NPAR=  7    ERR DEF=1
  2.778e-07 -7.411e-09 -8.349e-02 -1.445e-05 -1.251e-04 -1.066e-04  2.027e-05 
 -7.411e-09  4.707e-08 -8.874e-04 -1.899e-07 -1.264e-06 -1.156e-06  1.578e-07 
 -8.349e-02 -8.874e-04  5.299e+04  9.511e+00  7.889e+01  6.788e+01 -1.254e+01 
 -1.445e-05 -1.899e-07  9.511e+00  1.715e-03  1.416e-02  1.219e-02 -2.248e-03 
 -1.251e-04 -1.264e-06  7.889e+01  1.416e-02  1.175e-01  1.011e-01 -1.867e-02 
 -1.066e-04 -1.156e-06  6.788e+01  1.219e-02  1.011e-01  8.695e-02 -1.606e-02 
  2.027e-05  1.578e-07 -1.254e+01 -2.248e-03 -1.867e-02 -1.606e-02  2.971e-03 
 PARAMETER  CORRELATION COEFFICIENTS  
       NO.  GLOBAL     10     11     20     21     22     23     24
       10  0.91949   1.000 -0.065 -0.688 -0.662 -0.693 -0.686  0.705
       11  0.12485  -0.065  1.000 -0.018 -0.021 -0.017 -0.018  0.013
       20  0.99999  -0.688 -0.018  1.000  0.998  1.000  1.000 -0.999
       21  0.99866  -0.662 -0.021  0.998  1.000  0.998  0.998 -0.996
       22  0.99997  -0.693 -0.017  1.000  0.998  1.000  1.000 -0.999
       23  0.99998  -0.686 -0.018  1.000  0.998  1.000  1.000 -0.999
       24  0.99959   0.705  0.013 -0.999 -0.996 -0.999 -0.999  1.000
MINUIT - FIT ONLY 2-y
 **********
 **   67 **RES 
 **********
                   PARAMETER   16  beta_vw RESTORED TO VARIABLE.
                   PARAMETER   14  alpha_vw RESTORED TO VARIABLE.
                   PARAMETER   13  beta_y RESTORED TO VARIABLE.
                   PARAMETER    9  alpha_2CBO RESTORED TO VARIABLE.
                   PARAMETER    8  beta_CBO RESTORED TO VARIABLE.
                   PARAMETER    6  alpha_CBO RESTORED TO VARIABLE.
                   PARAMETER    4  phi RESTORED TO VARIABLE.
                   PARAMETER    3  A0 RESTORED TO VARIABLE.
                   PARAMETER    1  N0 RESTORED TO VARIABLE.
 **********
 **   68 **FIX            0
 **********
 PARAMETER    0  IS UNDEFINED. IGNORED.
 **********
 **   69 **FIX            1
 **********
 **********
 **   70 **FIX            2
 **********
 PARAMETER    2  IS CONSTANT.   IGNORED.
 **********
 **   71 **FIX            3
 **********
 **********
 **   72 **FIX            4
 **********
 **********
 **   73 **FIX            5
 **********
 PARAMETER    5  IS CONSTANT.   IGNORED.
 **********
 **   74 **FIX            6
 **********
 **********
 **   75 **FIX            7
 **********
 PARAMETER    7  IS CONSTANT.   IGNORED.
 **********
 **   76 **FIX            8
 **********
 **********
 **   77 **FIX            9
 **********
 **********
 **   78 **FIX           10
 **********
 **********
 **   79 **FIX           11
 **********
 **********
 **   80 **FIX           12
 **********
 PARAMETER   12  IS CONSTANT.   IGNORED.
 **********
 **   81 **FIX           16
 **********
 **********
 **   82 **MIGRAD
 **********
 START MIGRAD MINIMIZATION.  STRATEGY  1.  CONVERGENCE WHEN EDM .LT. 1.00e-04
 FCN=7.67835 FROM MIGRAD    STATUS=INITIATE       16 CALLS        3550 TOTAL
                     EDM= unknown      STRATEGY= 1      NO ERROR MATRIX       
  EXT PARAMETER               CURRENT GUESS       STEP         FIRST   
  NO.   NAME      VALUE            ERROR          SIZE      DERIVATIVE 
   1  N0           3.11993e+06     fixed    
   2  tau          6.43968e+01   constant   
   3  A0           3.08481e-01     fixed    
   4  phi          4.17701e+00     fixed    
   5  R           -6.01460e+01   constant   
   6  alpha_CBO   -6.59929e-03     fixed    
   7  w_CBO        2.32500e+00   constant   
   8  beta_CBO    -3.90589e-08     fixed    
   9  alpha_2CBO  -1.63639e-07     fixed    
  10  beta_2CBO   -2.08844e-03     fixed    
  11  alpha_y      6.54038e-05     fixed    
  12  w_y          1.44500e+01   constant   
  13  beta_y       8.36288e-04   2.34050e-04   2.34050e-04   8.02534e+01
  14  alpha_vw     0.00000e+00   1.00000e-03   1.00000e-03  -5.49960e+03
  15  w_vw         1.29000e+01   constant   
  16  beta_vw      0.00000e+00     fixed    
  17  LM          -1.51189e-04   constant   
  18  zeta_y       0.00000e+00   constant   
  19  zeta_vw      0.00000e+00   constant   
  20  T_CBO        1.37262e+02   2.13406e+02   5.21784e-06  -4.23566e-02
  21  alpha_A0    -4.56494e-02   4.14105e-02   3.08507e-06   3.30949e-01
  22  beta_A0     -3.60275e-01   3.42731e-01   3.68303e-06   1.66656e-01
  23  alpha_phi   -3.14616e-01   2.94874e-01   2.58631e-06  -7.63124e-02
  24  beta_phi     5.65500e-02   5.45066e-02   2.25170e-06   1.92420e-01
 MIGRAD MINIMIZATION HAS CONVERGED.
 MIGRAD WILL VERIFY CONVERGENCE AND ERROR MATRIX.
 COVARIANCE MATRIX CALCULATED SUCCESSFULLY
 FCN=7.19742 FROM HESSE     STATUS=OK             50 CALLS        3662 TOTAL
                     EDM=0.000129508    STRATEGY= 1      ERROR MATRIX ACCURATE 
  EXT PARAMETER                                   STEP         FIRST   
  NO.   NAME      VALUE            ERROR          SIZE      DERIVATIVE 
   1  N0           3.11993e+06     fixed    
   2  tau          6.43968e+01   constant   
   3  A0           3.08481e-01     fixed    
   4  phi          4.17701e+00     fixed    
   5  R           -6.01460e+01   constant   
   6  alpha_CBO   -6.59929e-03     fixed    
   7  w_CBO        2.32500e+00   constant   
   8  beta_CBO    -3.90589e-08     fixed    
   9  alpha_2CBO  -1.63639e-07     fixed    
  10  beta_2CBO   -2.08844e-03     fixed    
  11  alpha_y      6.54038e-05     fixed    
  12  w_y          1.44500e+01   constant   
  13  beta_y       7.56113e-04   2.38894e-04   2.90409e-07  -2.11607e+00
