 + ++++++++++++++++++++++++++++++++++++++++++++++++++++++++++++++++++++ +
 +                                                                      +
 +           You have chose to blind your fitting according to          +
 +                omega_ref * (1 + (R +/- deltaR) *10^{-6})             +
 +                                                                      +
 + ++++++++++++++++++++++++++++++++++++++++++++++++++++++++++++++++++++ +
In main()...
reading format from /gm2data/zkhechad/run45/envelope/formats/formatB_sBin_constraintOn.txt
pBinTau 	= 0  
pBinPhi 	= 0  
constraintau 	= 1 
includeMopTerm 	= 0    
constrainMop    = 0   
Parameters after format file: pBinTau 0 pBinPhi 0 constraintau 1 includeMopTerm 0 constrainMop 0 c_e_scale 0.000000 
Opening file /gm2data/tbarrett/gm2fr/studies/run23_bunch_corrections/CorrectedFourier_Run3b.root.
reading full fit data from /gm2data/zkhechad/cboTemplates/Run4CBOTemplates/templateFits0_v2.0/noRF/sBin_constraintOn_cE0.0_seed0_noRF_calo20.root
windowBins = 69
fitting sliding window 558 from bin 694 at 103.395600 to bin 763 at 113.839600 (69 bins)

Reading data from /gm2data/cornell/histograms/aMethod/histogram_a_noRF.root
 **********
 **    1 **SET PRINTOUT            1
 **********
 **********
 **    2 **SET NOWARNINGS 
 **********
 PARAMETER DEFINITIONS:
    NO.   NAME         VALUE      STEP SIZE      LIMITS
     1 N0           3.28923e+06  1.00000e+02     no limits
     2 tau          6.43975e+01  constant
     3 A0           3.64482e-01  1.00000e-04     no limits
     4 phi          4.11977e+00  1.00000e-02     no limits
     5 R           -6.08541e+01  constant
     6 alpha_CBO    0.00000e+00  1.00000e-03     no limits
     7 w_CBO        2.32500e+00  constant
     8 beta_CBO     0.00000e+00  1.00000e-03     no limits
     9 alpha_2CBO   0.00000e+00  1.00000e-03     no limits
    10 beta_2CBO    0.00000e+00  1.00000e-03     no limits
    11 alpha_y      0.00000e+00  1.00000e-03     no limits
    12 w_y          1.44500e+01  constant
    13 beta_y       0.00000e+00  1.00000e-03     no limits
    14 alpha_vw     0.00000e+00  1.00000e-03     no limits
    15 w_vw         1.29000e+01  constant
    16 beta_vw      0.00000e+00  1.00000e-03     no limits
    17 LM          -3.35021e-04  constant
    18 zeta_y       0.00000e+00  constant
    19 zeta_vw      0.00000e+00  constant
    20 T_CBO        1.00000e+02  1.00000e+00    0.00000e+00  1.00000e+03
    21 alpha_A0     0.00000e+00  1.00000e-03     no limits
    22 beta_A0      0.00000e+00  1.00000e-03     no limits
    23 alpha_phi    0.00000e+00  1.00000e-03     no limits
    24 beta_phi     0.00000e+00  1.00000e-03     no limits
MINUIT - FIT ONLY WIGGLE
 **********
 **    3 **FIX            5
 **********
 PARAMETER    5  IS CONSTANT.   IGNORED.
 **********
 **    4 **FIX            6
 **********
 **********
 **    5 **FIX            7
 **********
 PARAMETER    7  IS CONSTANT.   IGNORED.
 **********
 **    6 **FIX            8
 **********
 **********
 **    7 **FIX            9
 **********
 **********
 **    8 **FIX           10
 **********
 **********
 **    9 **FIX           11
 **********
 **********
 **   10 **FIX           12
 **********
 PARAMETER   12  IS CONSTANT.   IGNORED.
 **********
 **   11 **FIX           13
 **********
 **********
 **   12 **FIX           14
 **********
 **********
 **   13 **FIX           15
 **********
 PARAMETER   15  IS CONSTANT.   IGNORED.
 **********
 **   14 **FIX           16
 **********
 **********
 **   15 **MIGRAD
 **********
 FIRST CALL TO USER FUNCTION AT NEW START POINT, WITH IFLAG=4.
 START MIGRAD MINIMIZATION.  STRATEGY  1.  CONVERGENCE WHEN EDM .LT. 1.00e-04
 FCN=1067.04 FROM MIGRAD    STATUS=INITIATE      433 CALLS         434 TOTAL
                     EDM= unknown      STRATEGY= 1      NO ERROR MATRIX       
  EXT PARAMETER               CURRENT GUESS       STEP         FIRST   
  NO.   NAME      VALUE            ERROR          SIZE      DERIVATIVE 
   1  N0           3.28923e+06   1.00000e+02   0.00000e+00   8.48776e-03
   2  tau          6.43975e+01   constant   
   3  A0           3.64482e-01   1.00000e-04   0.00000e+00   2.93497e+04
   4  phi          4.11977e+00   1.00000e-02   0.00000e+00   3.10008e+04
   5  R           -6.08541e+01   constant   
   6  alpha_CBO    0.00000e+00     fixed    
   7  w_CBO        2.32500e+00   constant   
   8  beta_CBO     0.00000e+00     fixed    
   9  alpha_2CBO   0.00000e+00     fixed    
  10  beta_2CBO    0.00000e+00     fixed    
  11  alpha_y      0.00000e+00     fixed    
  12  w_y          1.44500e+01   constant   
  13  beta_y       0.00000e+00     fixed    
  14  alpha_vw     0.00000e+00     fixed    
  15  w_vw         1.29000e+01   constant   
  16  beta_vw      0.00000e+00     fixed    
  17  LM          -3.35021e-04   constant   
  18  zeta_y       0.00000e+00   constant   
  19  zeta_vw      0.00000e+00   constant   
  20  T_CBO        1.00000e+02   1.00000e+00   0.00000e+00   0.00000e+00
  21  alpha_A0     0.00000e+00   1.00000e-03   0.00000e+00  -3.79525e+03
  22  beta_A0      0.00000e+00   1.00000e-03   0.00000e+00  -6.09012e+03
  23  alpha_phi    0.00000e+00   1.00000e-03   0.00000e+00   8.69984e+03
  24  beta_phi     0.00000e+00   1.00000e-03   0.00000e+00  -3.90978e+03
 CALL LIMIT EXCEEDED IN MIGRAD.
 MIGRAD TERMINATED WITHOUT CONVERGENCE.
 FCN=958.618 FROM MIGRAD    STATUS=CALL LIMIT   1324 CALLS        1325 TOTAL
                     EDM=0.00995616    STRATEGY= 1  ERROR MATRIX UNCERTAINTY   2.2 per cent
  EXT PARAMETER                APPROXIMATE        STEP         FIRST   
  NO.   NAME      VALUE            ERROR          SIZE      DERIVATIVE 
   1  N0           3.28888e+06   3.12000e+02   2.80838e-01   1.31994e-04
   2  tau          6.43975e+01   constant   
   3  A0           3.64290e-01   1.25185e-04  -4.43918e-07   2.49206e+02
   4  phi          4.11795e+00   3.48803e-04  -3.14351e-07   1.81279e+02
   5  R           -6.08541e+01   constant   
   6  alpha_CBO    0.00000e+00     fixed    
   7  w_CBO        2.32500e+00   constant   
   8  beta_CBO     0.00000e+00     fixed    
   9  alpha_2CBO   0.00000e+00     fixed    
  10  beta_2CBO    0.00000e+00     fixed    
  11  alpha_y      0.00000e+00     fixed    
  12  w_y          1.44500e+01   constant   
  13  beta_y       0.00000e+00     fixed    
  14  alpha_vw     0.00000e+00     fixed    
  15  w_vw         1.29000e+01   constant   
  16  beta_vw      0.00000e+00     fixed    
  17  LM          -3.35021e-04   constant   
  18  zeta_y       0.00000e+00   constant   
  19  zeta_vw      0.00000e+00   constant   
  20  T_CBO        2.55380e+01   6.08157e+00  -3.80545e-03  -3.71996e+01
  21  alpha_A0     1.00762e-01   1.02405e-01   9.79086e-03   1.36192e+01
  22  beta_A0      1.54998e-01   1.37575e-01   1.31924e-02  -1.55898e+01
  23  alpha_phi   -1.99104e-01   1.74915e-01  -1.67858e-02   7.30501e+00
  24  beta_phi     9.89942e-02   8.51183e-02   8.17609e-03   6.20127e+00
 EXTERNAL ERROR MATRIX.    NDIM=  25    NPAR=  8    ERR DEF=1
  9.734e+04  5.097e-04 -2.095e-02 -1.904e+02  3.366e+00  4.599e+00 -5.661e+00  2.729e+00 
  5.097e-04  1.567e-08 -1.519e-09  1.358e-05 -8.169e-08 -8.898e-08  9.462e-08 -4.321e-08 
 -2.095e-02 -1.519e-09  1.217e-07 -2.042e-04  4.214e-06  5.610e-06 -7.142e-06  3.431e-06 
 -1.904e+02  1.358e-05 -2.042e-04  3.700e+01 -6.208e-01 -8.346e-01  1.061e+00 -5.165e-01 
  3.366e+00 -8.169e-08  4.214e-06 -6.208e-01  1.049e-02  1.408e-02 -1.791e-02  8.712e-03 
  4.599e+00 -8.898e-08  5.610e-06 -8.346e-01  1.408e-02  1.893e-02 -2.406e-02  1.171e-02 
 -5.661e+00  9.462e-08 -7.142e-06  1.061e+00 -1.791e-02 -2.406e-02  3.060e-02 -1.489e-02 
  2.729e+00 -4.321e-08  3.431e-06 -5.165e-01  8.712e-03  1.171e-02 -1.489e-02  7.245e-03 
ERR MATRIX APPROXIMATE
 PARAMETER  CORRELATION COEFFICIENTS  
       NO.  GLOBAL      1      3      4     20     21     22     23     24
        1  0.35258   1.000  0.013 -0.192 -0.100  0.105  0.107 -0.104  0.103
        3  0.26023   0.013  1.000 -0.035  0.018 -0.006 -0.005  0.004 -0.004
        4  0.39405  -0.192 -0.035  1.000 -0.096  0.118  0.117 -0.117  0.116
       20  0.99800  -0.100  0.018 -0.096  1.000 -0.997 -0.997  0.997 -0.997
       21  0.99973   0.105 -0.006  0.118 -0.997  1.000  1.000 -1.000  0.999
       22  0.99991   0.107 -0.005  0.117 -0.997  1.000  1.000 -1.000  1.000
       23  0.99993  -0.104  0.004 -0.117  0.997 -1.000 -1.000  1.000 -1.000
       24  0.99979   0.103 -0.004  0.116 -0.997  0.999  1.000 -1.000  1.000
 ERR MATRIX APPROXIMATE
MINUIT - FIT ONLY 1-CBO + wiggle
 **********
 **   16 **RES 
 **********
                   PARAMETER   16  beta_vw RESTORED TO VARIABLE.
                   PARAMETER   14  alpha_vw RESTORED TO VARIABLE.
                   PARAMETER   13  beta_y RESTORED TO VARIABLE.
                   PARAMETER   11  alpha_y RESTORED TO VARIABLE.
                   PARAMETER   10  beta_2CBO RESTORED TO VARIABLE.
                   PARAMETER    9  alpha_2CBO RESTORED TO VARIABLE.
                   PARAMETER    8  beta_CBO RESTORED TO VARIABLE.
                   PARAMETER    6  alpha_CBO RESTORED TO VARIABLE.
 **********
 **   17 **FIX            8
 **********
 **********
 **   18 **FIX            9
 **********
 **********
 **   19 **FIX           11
 **********
 **********
 **   20 **FIX           12
 **********
 PARAMETER   12  IS CONSTANT.   IGNORED.
 **********
 **   21 **FIX           14
 **********
 **********
 **   22 **FIX           15
 **********
 PARAMETER   15  IS CONSTANT.   IGNORED.
 **********
 **   23 **FIX           16
 **********
 **********
 **   24 **MIGRAD
 **********
 START MIGRAD MINIMIZATION.  STRATEGY  1.  CONVERGENCE WHEN EDM .LT. 1.00e-04
 FCN=958.618 FROM MIGRAD    STATUS=INITIATE       28 CALLS        1353 TOTAL
                     EDM= unknown      STRATEGY= 1      NO ERROR MATRIX       
  EXT PARAMETER               CURRENT GUESS       STEP         FIRST   
  NO.   NAME      VALUE            ERROR          SIZE      DERIVATIVE 
   1  N0           3.28888e+06   3.12000e+02   2.80838e-01   1.31994e-04
   2  tau          6.43975e+01   constant   
   3  A0           3.64290e-01   1.25185e-04  -4.43918e-07   2.49206e+02
   4  phi          4.11795e+00   3.48803e-04  -3.14351e-07   1.81279e+02
   5  R           -6.08541e+01   constant   
   6  alpha_CBO    0.00000e+00   1.00000e-03   1.00000e-03  -2.12033e+05
   7  w_CBO        2.32500e+00   constant   
   8  beta_CBO     0.00000e+00     fixed    
   9  alpha_2CBO   0.00000e+00     fixed    
  10  beta_2CBO    0.00000e+00   1.00000e-03   1.00000e-03   4.10436e+04
  11  alpha_y      0.00000e+00     fixed    
  12  w_y          1.44500e+01   constant   
  13  beta_y       0.00000e+00   1.00000e-03   1.00000e-03  -8.06252e+03
  14  alpha_vw     0.00000e+00     fixed    
  15  w_vw         1.29000e+01   constant   
  16  beta_vw      0.00000e+00     fixed    
  17  LM          -3.35021e-04   constant   
  18  zeta_y       0.00000e+00   constant   
  19  zeta_vw      0.00000e+00   constant   
  20  T_CBO        2.55380e+01   6.08157e+00  -3.80545e-03  -3.71998e+01
  21  alpha_A0     1.00762e-01   1.02405e-01   9.79086e-03   1.36192e+01
  22  beta_A0      1.54998e-01   1.37575e-01   1.31924e-02  -1.55898e+01
  23  alpha_phi   -1.99104e-01   1.74915e-01  -1.67858e-02   7.30501e+00
  24  beta_phi     9.89942e-02   8.51183e-02   8.17609e-03   6.20127e+00
 CALL LIMIT EXCEEDED IN MIGRAD.
 MIGRAD TERMINATED WITHOUT CONVERGENCE.
 FCN=726.52 FROM MIGRAD    STATUS=CALL LIMIT   1917 CALLS        3242 TOTAL
                     EDM=0.0233495    STRATEGY= 1  ERROR MATRIX UNCERTAINTY   1.3 per cent
  EXT PARAMETER                APPROXIMATE        STEP         FIRST   
  NO.   NAME      VALUE            ERROR          SIZE      DERIVATIVE 
   1  N0           3.28921e+06   3.24258e+02   2.78952e+00  -7.89633e-05
   2  tau          6.43975e+01   constant   
   3  A0           3.64752e-01   1.36108e-04  -6.30350e-06  -2.54981e+02
   4  phi          4.11786e+00   3.63260e-04   5.30523e-06   2.02390e+01
   5  R           -6.08541e+01   constant   
   6  alpha_CBO    2.10724e-03   1.41109e-04  -6.29336e-06  -3.25682e+02
   7  w_CBO        2.32500e+00   constant   
   8  beta_CBO     0.00000e+00     fixed    
   9  alpha_2CBO   0.00000e+00     fixed    
  10  beta_2CBO   -3.42714e-04   1.38683e-04  -6.00751e-06  -1.10037e+02
  11  alpha_y      0.00000e+00     fixed    
  12  w_y          1.44500e+01   constant   
  13  beta_y       6.92471e-05   1.35281e-04   2.52921e-06   9.25337e+01
  14  alpha_vw     0.00000e+00     fixed    
  15  w_vw         1.29000e+01   constant   
  16  beta_vw      0.00000e+00     fixed    
  17  LM          -3.35021e-04   constant   
  18  zeta_y       0.00000e+00   constant   
  19  zeta_vw      0.00000e+00   constant   
  20  T_CBO        1.12089e+01   1.12218e+00  -1.25889e-03  -1.70957e+02
  21  alpha_A0    -1.00229e+01   8.60252e+00  -1.03371e+00  -5.07964e-02
  22  beta_A0      3.21926e+01   2.74748e+01   3.30441e+00  -4.45758e-02
  23  alpha_phi   -3.72324e+01   3.14027e+01  -3.77565e+00   3.03929e-02
  24  beta_phi     2.58410e+01   2.19914e+01   2.64373e+00  -3.24151e-03
 EXTERNAL ERROR MATRIX.    NDIM=  25    NPAR= 11    ERR DEF=1
  1.051e+05 
  1.989e-03  1.853e-08 
 -1.985e-02 -6.025e-10  1.320e-07 
  4.425e-03  4.659e-09  1.572e-09  1.991e-08 
  2.536e-03  1.172e-09  8.657e-10  1.059e-09  1.923e-08 
 -7.170e-04  2.040e-10 -6.122e-10 -1.595e-10 -3.184e-10  1.830e-08 
 -9.333e+00  3.491e-06  2.473e-05 -1.810e-06 -8.483e-07 -5.033e-07  1.259e+00 
 -2.059e+01  5.560e-05  1.727e-04  2.216e-05  7.742e-06 -1.245e-05  9.635e+00  7.400e+01 
  6.962e+01 -1.823e-04 -5.477e-04 -7.651e-05 -2.465e-05  3.992e-05 -3.077e+01 -2.363e+02  7.549e+02 
 -7.458e+01  2.060e-04  6.250e-04  8.649e-05  2.745e-05 -4.539e-05  3.517e+01  2.701e+02 -8.628e+02  9.861e+02 
  5.332e+01 -1.439e-04 -4.397e-04 -6.035e-05 -1.870e-05  3.195e-05 -2.463e+01 -1.892e+02  6.042e+02 -6.906e+02  4.836e+02 
ERR MATRIX APPROXIMATE
 PARAMETER  CORRELATION COEFFICIENTS  
       NO.  GLOBAL      1      3      4      6     10     13     20     21     22     23     24
        1  0.43430   1.000  0.045 -0.169  0.097  0.056 -0.016 -0.026 -0.007  0.008 -0.007  0.007
        3  0.47481   0.045  1.000 -0.012  0.243  0.062  0.011  0.023  0.047 -0.049  0.048 -0.048
        4  0.24747  -0.169 -0.012  1.000  0.031  0.017 -0.012  0.061  0.055 -0.055  0.055 -0.055
        6  0.52525   0.097  0.243  0.031  1.000  0.054 -0.008 -0.011  0.018 -0.020  0.020 -0.019
       10  0.24036   0.056  0.062  0.017  0.054  1.000 -0.017 -0.005  0.006 -0.006  0.006 -0.006
       13  0.14796  -0.016  0.011 -0.012 -0.008 -0.017  1.000 -0.003 -0.011  0.011 -0.011  0.011
       20  0.99884  -0.026  0.023  0.061 -0.011 -0.005 -0.003  1.000  0.998 -0.998  0.998 -0.998
       21  0.99999  -0.007  0.047  0.055  0.018  0.006 -0.011  0.998  1.000 -1.000  1.000 -1.000
       22  1.00000   0.008 -0.049 -0.055 -0.020 -0.006  0.011 -0.998 -1.000  1.000 -1.000  1.000
       23  1.00000  -0.007  0.048  0.055  0.020  0.006 -0.011  0.998  1.000 -1.000  1.000 -1.000
       24  1.00000   0.007 -0.048 -0.055 -0.019 -0.006  0.011 -0.998 -1.000  1.000 -1.000  1.000
 ERR MATRIX APPROXIMATE
MINUIT - FIT ONLY 2-CBO
 **********
 **   25 **RES 
 **********
                   PARAMETER   16  beta_vw RESTORED TO VARIABLE.
                   PARAMETER   14  alpha_vw RESTORED TO VARIABLE.
                   PARAMETER   11  alpha_y RESTORED TO VARIABLE.
                   PARAMETER    9  alpha_2CBO RESTORED TO VARIABLE.
                   PARAMETER    8  beta_CBO RESTORED TO VARIABLE.
 **********
 **   26 **FIX            0
 **********
 PARAMETER    0  IS UNDEFINED. IGNORED.
 **********
 **   27 **FIX            1
 **********
 **********
 **   28 **FIX            2
 **********
 PARAMETER    2  IS CONSTANT.   IGNORED.
 **********
 **   29 **FIX            3
 **********
 **********
 **   30 **FIX            4
 **********
 **********
 **   31 **FIX            5
 **********
 PARAMETER    5  IS CONSTANT.   IGNORED.
 **********
 **   32 **FIX            6
 **********
 **********
 **   33 **FIX            7
 **********
 PARAMETER    7  IS CONSTANT.   IGNORED.
 **********
 **   34 **FIX           10
 **********
 **********
 **   35 **FIX           11
 **********
 **********
 **   36 **FIX           12
 **********
 PARAMETER   12  IS CONSTANT.   IGNORED.
 **********
 **   37 **FIX           13
 **********
 **********
 **   38 **FIX           14
 **********
 **********
 **   39 **FIX           15
 **********
 PARAMETER   15  IS CONSTANT.   IGNORED.
 **********
 **   40 **FIX           16
 **********
 **********
 **   41 **MIGRAD
 **********
 START MIGRAD MINIMIZATION.  STRATEGY  1.  CONVERGENCE WHEN EDM .LT. 1.00e-04
 FCN=726.52 FROM MIGRAD    STATUS=INITIATE       18 CALLS        3260 TOTAL
                     EDM= unknown      STRATEGY= 1      NO ERROR MATRIX       
  EXT PARAMETER               CURRENT GUESS       STEP         FIRST   
  NO.   NAME      VALUE            ERROR          SIZE      DERIVATIVE 
   1  N0           3.28921e+06     fixed    
   2  tau          6.43975e+01   constant   
   3  A0           3.64752e-01     fixed    
   4  phi          4.11786e+00     fixed    
   5  R           -6.08541e+01   constant   
   6  alpha_CBO    2.10724e-03     fixed    
   7  w_CBO        2.32500e+00   constant   
   8  beta_CBO     0.00000e+00   1.00000e-03   1.00000e-03  -3.57893e+05
   9  alpha_2CBO   0.00000e+00   1.00000e-03   1.00000e-03  -2.80682e+04
  10  beta_2CBO   -3.42714e-04     fixed    
  11  alpha_y      0.00000e+00     fixed    
  12  w_y          1.44500e+01   constant   
  13  beta_y       6.92471e-05     fixed    
  14  alpha_vw     0.00000e+00     fixed    
  15  w_vw         1.29000e+01   constant   
  16  beta_vw      0.00000e+00     fixed    
  17  LM          -3.35021e-04   constant   
  18  zeta_y       0.00000e+00   constant   
  19  zeta_vw      0.00000e+00   constant   
  20  T_CBO        1.12089e+01   1.12218e+00  -1.25889e-03  -1.70958e+02
  21  alpha_A0    -1.00229e+01   8.60252e+00  -1.03371e+00  -5.07964e-02
  22  beta_A0      3.21926e+01   2.74748e+01   3.30441e+00  -4.45758e-02
  23  alpha_phi   -3.72324e+01   3.14027e+01  -3.77565e+00   3.03929e-02
  24  beta_phi     2.58410e+01   2.19914e+01   2.64373e+00  -3.24151e-03
 CALL LIMIT EXCEEDED IN MIGRAD.
 MIGRAD TERMINATED WITHOUT CONVERGENCE.
 FCN=121.089 FROM MIGRAD    STATUS=CALL LIMIT   1149 CALLS        4391 TOTAL
                     EDM=0.000190323    STRATEGY= 1  ERROR MATRIX UNCERTAINTY  40.5 per cent
  EXT PARAMETER                APPROXIMATE        STEP         FIRST   
  NO.   NAME      VALUE            ERROR          SIZE      DERIVATIVE 
   1  N0           3.28921e+06     fixed    
   2  tau          6.43975e+01   constant   
   3  A0           3.64752e-01     fixed    
   4  phi          4.11786e+00     fixed    
   5  R           -6.08541e+01   constant   
   6  alpha_CBO    2.10724e-03     fixed    
   7  w_CBO        2.32500e+00   constant   
   8  beta_CBO     3.37034e-03   1.38902e-04   1.41153e-07  -2.21788e+01
   9  alpha_2CBO   2.67375e-04   1.35105e-04   1.20017e-06   4.86908e+01
  10  beta_2CBO   -3.42714e-04     fixed    
  11  alpha_y      0.00000e+00     fixed    
  12  w_y          1.44500e+01   constant   
  13  beta_y       6.92471e-05     fixed    
  14  alpha_vw     0.00000e+00     fixed    
  15  w_vw         1.29000e+01   constant   
  16  beta_vw      0.00000e+00     fixed    
  17  LM          -3.35021e-04   constant   
  18  zeta_y       0.00000e+00   constant   
  19  zeta_vw      0.00000e+00   constant   
  20  T_CBO        8.05648e+00   1.83864e+00  -4.61554e-04  -1.17256e+01
  21  alpha_A0    -2.31404e+02   6.08197e+02  -1.31036e+01   1.61290e-04
  22  beta_A0      7.36575e+01   1.72968e+02  -9.30880e-01  -3.10906e-05
  23  alpha_phi   -1.08125e+03   3.05348e+03  -6.93660e+01   4.50272e-06
  24  beta_phi     1.45956e+03   4.21452e+03   9.59834e+01  -3.25019e-05
 EXTERNAL ERROR MATRIX.    NDIM=  25    NPAR=  7    ERR DEF=1
  1.929e-08  4.115e-11 -2.080e-05 -5.580e-03 -3.219e-03 -3.476e-02  4.855e-02 
  4.115e-11  1.825e-08 -3.174e-05 -1.016e-02 -6.605e-04 -5.301e-02  7.360e-02 
 -2.080e-05 -3.174e-05  3.381e+00  1.113e+03 -7.213e+01  5.606e+03 -7.736e+03 
 -5.580e-03 -1.016e-02  1.113e+03  3.699e+05 -3.199e+04  1.847e+06 -2.548e+06 
 -3.219e-03 -6.605e-04 -7.213e+01 -3.199e+04  2.992e+04 -1.080e+05  1.452e+05 
 -3.476e-02 -5.301e-02  5.606e+03  1.847e+06 -1.080e+05  9.324e+06 -1.287e+07 
  4.855e-02  7.360e-02 -7.736e+03 -2.548e+06  1.452e+05 -1.287e+07  1.776e+07 
ERR MATRIX APPROXIMATE
 PARAMETER  CORRELATION COEFFICIENTS  
       NO.  GLOBAL      8      9     20     21     22     23     24
        8  0.19356   1.000  0.002 -0.081 -0.066 -0.134 -0.082  0.083
        9  0.20816   0.002  1.000 -0.128 -0.124 -0.028 -0.128  0.129
       20  0.99869  -0.081 -0.128  1.000  0.995 -0.227  0.998 -0.998
       21  0.99990  -0.066 -0.124  0.995  1.000 -0.304  0.995 -0.994
       22  0.99234  -0.134 -0.028 -0.227 -0.304  1.000 -0.204  0.199
       23  0.99999  -0.082 -0.128  0.998  0.995 -0.204  1.000 -1.000
       24  0.99999   0.083  0.129 -0.998 -0.994  0.199 -1.000  1.000
 ERR MATRIX APPROXIMATE
MINUIT - FIT wiggle + 1-CBO + 2-CBO
 **********
 **   42 **RES 
 **********
                   PARAMETER   16  beta_vw RESTORED TO VARIABLE.
                   PARAMETER   14  alpha_vw RESTORED TO VARIABLE.
                   PARAMETER   13  beta_y RESTORED TO VARIABLE.
                   PARAMETER   11  alpha_y RESTORED TO VARIABLE.
                   PARAMETER   10  beta_2CBO RESTORED TO VARIABLE.
                   PARAMETER    6  alpha_CBO RESTORED TO VARIABLE.
                   PARAMETER    4  phi RESTORED TO VARIABLE.
                   PARAMETER    3  A0 RESTORED TO VARIABLE.
                   PARAMETER    1  N0 RESTORED TO VARIABLE.
 **********
 **   43 **FIX           10
 **********
 **********
 **   44 **FIX           11
 **********
 **********
 **   45 **FIX           12
 **********
 PARAMETER   12  IS CONSTANT.   IGNORED.
 **********
 **   46 **FIX           13
 **********
 **********
 **   47 **FIX           14
 **********
 **********
 **   48 **FIX           15
 **********
 PARAMETER   15  IS CONSTANT.   IGNORED.
 **********
 **   49 **FIX           16
 **********
 **********
 **   50 **MIGRAD
 **********
 START MIGRAD MINIMIZATION.  STRATEGY  1.  CONVERGENCE WHEN EDM .LT. 1.00e-04
 FCN=121.089 FROM MIGRAD    STATUS=INITIATE       22 CALLS        4413 TOTAL
                     EDM= unknown      STRATEGY= 1      NO ERROR MATRIX       
  EXT PARAMETER               CURRENT GUESS       STEP         FIRST   
  NO.   NAME      VALUE            ERROR          SIZE      DERIVATIVE 
   1  N0           3.28921e+06   3.24258e+02   3.24258e+02  -3.29937e-03
   2  tau          6.43975e+01   constant   
   3  A0           3.64752e-01   1.36108e-04   1.36108e-04   2.33085e+04
   4  phi          4.11786e+00   3.63260e-04   3.63260e-04  -2.30323e+04
   5  R           -6.08541e+01   constant   
   6  alpha_CBO    2.10724e-03   1.41109e-04   1.41109e-04  -1.56363e+04
   7  w_CBO        2.32500e+00   constant   
   8  beta_CBO     3.37034e-03   1.38902e-04   1.41153e-07  -2.21788e+01
   9  alpha_2CBO   2.67375e-04   1.35105e-04   1.20017e-06   4.86908e+01
  10  beta_2CBO   -3.42714e-04     fixed    
  11  alpha_y      0.00000e+00     fixed    
  12  w_y          1.44500e+01   constant   
  13  beta_y       6.92471e-05     fixed    
  14  alpha_vw     0.00000e+00     fixed    
  15  w_vw         1.29000e+01   constant   
  16  beta_vw      0.00000e+00     fixed    
  17  LM          -3.35021e-04   constant   
  18  zeta_y       0.00000e+00   constant   
  19  zeta_vw      0.00000e+00   constant   
  20  T_CBO        8.05648e+00   1.83864e+00  -4.61554e-04  -1.17257e+01
  21  alpha_A0    -2.31404e+02   6.08197e+02  -1.31036e+01   1.61290e-04
  22  beta_A0      7.36575e+01   1.72968e+02  -9.30880e-01  -3.10906e-05
  23  alpha_phi   -1.08125e+03   3.05348e+03  -6.93660e+01   4.50272e-06
  24  beta_phi     1.45956e+03   4.21452e+03   9.59834e+01  -3.25019e-05
 CALL LIMIT EXCEEDED IN MIGRAD.
 MIGRAD TERMINATED WITHOUT CONVERGENCE.
 FCN=96.002 FROM MIGRAD    STATUS=CALL LIMIT   1911 CALLS        6302 TOTAL
                     EDM=0.0418582    STRATEGY= 1  ERROR MATRIX UNCERTAINTY   0.1 per cent
  EXT PARAMETER                APPROXIMATE        STEP         FIRST   
  NO.   NAME      VALUE            ERROR          SIZE      DERIVATIVE 
   1  N0           3.28921e+06   2.99574e+02  -1.68914e+00  -9.55944e-05
   2  tau          6.43975e+01   constant   
   3  A0           3.64536e-01   1.21692e-04   9.99176e-07   1.00022e+02
   4  phi          4.11963e+00   3.44551e-04  -3.68565e-06   9.97352e+00
   5  R           -6.08541e+01   constant   
   6  alpha_CBO    2.20210e-03   1.30875e-04  -9.91056e-08  -2.10182e+02
   7  w_CBO        2.32500e+00   constant   
   8  beta_CBO     3.50308e-03   1.36245e-04  -5.36949e-07  -1.34243e+02
   9  alpha_2CBO   2.16874e-04   1.30133e-04  -4.05097e-07  -3.04127e+02
  10  beta_2CBO   -3.42714e-04     fixed    
  11  alpha_y      0.00000e+00     fixed    
  12  w_y          1.44500e+01   constant   
  13  beta_y       6.92471e-05     fixed    
  14  alpha_vw     0.00000e+00     fixed    
  15  w_vw         1.29000e+01   constant   
  16  beta_vw      0.00000e+00     fixed    
  17  LM          -3.35021e-04   constant   
  18  zeta_y       0.00000e+00   constant   
  19  zeta_vw      0.00000e+00   constant   
  20  T_CBO        1.56473e+01   2.27937e+00   1.89626e-03  -6.57887e+01
  21  alpha_A0    -6.52308e-02   6.96195e-01  -2.41930e-02  -1.69210e-01
  22  beta_A0      3.35537e-01   8.84628e-01  -3.83457e-02  -7.61267e-02
  23  alpha_phi   -1.86579e+00   2.22942e+00   2.52350e-01   4.51237e-01
  24  beta_phi     1.76589e+00   1.89290e+00  -1.69800e-01   3.19523e-03
 EXTERNAL ERROR MATRIX.    NDIM=  25    NPAR= 11    ERR DEF=1
  8.974e+04 
  4.913e-03  1.481e-08 
 -4.911e-03 -2.129e-09  1.187e-07 
  4.141e-03  9.660e-10  3.830e-09  1.713e-08 
  4.033e-03 -2.360e-09  8.398e-09  5.590e-10  1.856e-08 
  2.530e-03 -6.979e-10  1.158e-09 -2.338e-11 -1.216e-09  1.693e-08 
 -2.356e+01  9.347e-06 -1.359e-05 -6.187e-06 -7.049e-06 -9.368e-06  5.196e+00 
  5.343e+00 -5.726e-06  4.933e-06 -1.925e-05  2.538e-06  1.812e-06 -2.008e-02  4.847e-01 
  3.839e+01 -1.200e-05 -9.274e-06  2.095e-06 -9.672e-06 -8.388e-06 -9.647e-01  1.804e-02  7.826e-01 
  1.125e+01  2.722e-06 -1.437e-05 -1.964e-06 -1.451e-06  2.715e-06  4.983e+00  7.011e-02 -8.962e-01  4.970e+00 
  1.039e+01  3.768e-06 -1.971e-05  6.896e-06  3.743e-06  1.123e-05 -4.099e+00  6.087e-02  7.717e-01 -3.939e+00  3.583e+00 
ERR MATRIX APPROXIMATE
 PARAMETER  CORRELATION COEFFICIENTS  
       NO.  GLOBAL      1      3      4      6      8      9     20     21     22     23     24
        1  0.38423   1.000  0.135 -0.048  0.106  0.099  0.065 -0.035  0.026  0.145  0.017  0.018
        3  0.34523   0.135  1.000 -0.051  0.061 -0.142 -0.044  0.034 -0.068 -0.112  0.010  0.016
        4  0.27327  -0.048 -0.051  1.000  0.085  0.179  0.026 -0.017  0.021 -0.030 -0.019 -0.030
        6  0.29612   0.106  0.061  0.085  1.000  0.031 -0.001 -0.021 -0.211  0.018 -0.007  0.028
        8  0.31920   0.099 -0.142  0.179  0.031  1.000 -0.069 -0.023  0.027 -0.080 -0.005  0.015
        9  0.28831   0.065 -0.044  0.026 -0.001 -0.069  1.000 -0.032  0.020 -0.073  0.009  0.046
       20  0.98788  -0.035  0.034 -0.017 -0.021 -0.023 -0.032  1.000 -0.013 -0.478  0.980 -0.950
       21  0.40484   0.026 -0.068  0.021 -0.211  0.027  0.020 -0.013  1.000  0.029  0.045  0.046
       22  0.54071   0.145 -0.112 -0.030  0.018 -0.080 -0.073 -0.478  0.029  1.000 -0.454  0.461
       23  0.98475   0.017  0.010 -0.019 -0.007 -0.005  0.009  0.980  0.045 -0.454  1.000 -0.933
       24  0.95423   0.018  0.016 -0.030  0.028  0.015  0.046 -0.950  0.046  0.461 -0.933  1.000
 ERR MATRIX APPROXIMATE
MINUIT - FIT ONLY 1-y
 **********
 **   51 **RES 
 **********
                   PARAMETER   16  beta_vw RESTORED TO VARIABLE.
                   PARAMETER   14  alpha_vw RESTORED TO VARIABLE.
                   PARAMETER   13  beta_y RESTORED TO VARIABLE.
                   PARAMETER   11  alpha_y RESTORED TO VARIABLE.
                   PARAMETER   10  beta_2CBO RESTORED TO VARIABLE.
 **********
 **   52 **FIX            0
 **********
 PARAMETER    0  IS UNDEFINED. IGNORED.
 **********
 **   53 **FIX            1
 **********
 **********
 **   54 **FIX            2
 **********
 PARAMETER    2  IS CONSTANT.   IGNORED.
 **********
 **   55 **FIX            3
 **********
 **********
 **   56 **FIX            4
 **********
 **********
 **   57 **FIX            5
 **********
 PARAMETER    5  IS CONSTANT.   IGNORED.
 **********
 **   58 **FIX            6
 **********
 **********
 **   59 **FIX            7
 **********
 PARAMETER    7  IS CONSTANT.   IGNORED.
 **********
 **   60 **FIX            8
 **********
 **********
 **   61 **FIX            9
 **********
 **********
 **   62 **FIX           13
 **********
 **********
 **   63 **FIX           14
 **********
 **********
 **   64 **FIX           15
 **********
 PARAMETER   15  IS CONSTANT.   IGNORED.
 **********
 **   65 **FIX           16
 **********
 **********
 **   66 **MIGRAD
 **********
 START MIGRAD MINIMIZATION.  STRATEGY  1.  CONVERGENCE WHEN EDM .LT. 1.00e-04
 FCN=96.002 FROM MIGRAD    STATUS=INITIATE       16 CALLS        6318 TOTAL
                     EDM= unknown      STRATEGY= 1      NO ERROR MATRIX       
  EXT PARAMETER               CURRENT GUESS       STEP         FIRST   
  NO.   NAME      VALUE            ERROR          SIZE      DERIVATIVE 
   1  N0           3.28921e+06     fixed    
   2  tau          6.43975e+01   constant   
   3  A0           3.64536e-01     fixed    
   4  phi          4.11963e+00     fixed    
   5  R           -6.08541e+01   constant   
   6  alpha_CBO    2.20210e-03     fixed    
   7  w_CBO        2.32500e+00   constant   
   8  beta_CBO     3.50308e-03     fixed    
   9  alpha_2CBO   2.16874e-04     fixed    
  10  beta_2CBO   -3.42714e-04   1.38683e-04   1.38683e-04  -3.41617e+04
  11  alpha_y      0.00000e+00   1.00000e-03   1.00000e-03  -3.39891e+04
  12  w_y          1.44500e+01   constant   
  13  beta_y       6.92471e-05     fixed    
  14  alpha_vw     0.00000e+00     fixed    
  15  w_vw         1.29000e+01   constant   
  16  beta_vw      0.00000e+00     fixed    
  17  LM          -3.35021e-04   constant   
  18  zeta_y       0.00000e+00   constant   
  19  zeta_vw      0.00000e+00   constant   
  20  T_CBO        1.56473e+01   2.27937e+00   1.89626e-03  -6.57886e+01
  21  alpha_A0    -6.52308e-02   6.96195e-01  -2.41930e-02  -1.69210e-01
  22  beta_A0      3.35537e-01   8.84628e-01  -3.83457e-02  -7.61267e-02
  23  alpha_phi   -1.86579e+00   2.22942e+00   2.52350e-01   4.51237e-01
  24  beta_phi     1.76589e+00   1.89290e+00  -1.69800e-01   3.19523e-03
 CALL LIMIT EXCEEDED IN MIGRAD.
 MIGRAD TERMINATED WITHOUT CONVERGENCE.
 FCN=84.0543 FROM MIGRAD    STATUS=CALL LIMIT   1145 CALLS        7447 TOTAL
                     EDM=0.0159417    STRATEGY= 1  ERROR MATRIX UNCERTAINTY  14.4 per cent
  EXT PARAMETER                APPROXIMATE        STEP         FIRST   
  NO.   NAME      VALUE            ERROR          SIZE      DERIVATIVE 
   1  N0           3.28921e+06     fixed    
   2  tau          6.43975e+01   constant   
   3  A0           3.64536e-01     fixed    
   4  phi          4.11963e+00     fixed    
   5  R           -6.08541e+01   constant   
   6  alpha_CBO    2.20210e-03     fixed    
   7  w_CBO        2.32500e+00   constant   
   8  beta_CBO     3.50308e-03     fixed    
   9  alpha_2CBO   2.16874e-04     fixed    
  10  beta_2CBO   -2.29261e-05   1.35696e-04   8.32751e-08   2.53369e+02
  11  alpha_y      3.06542e-04   1.33321e-04  -9.29937e-08  -5.91075e+01
  12  w_y          1.44500e+01   constant   
  13  beta_y       6.92471e-05     fixed    
  14  alpha_vw     0.00000e+00     fixed    
  15  w_vw         1.29000e+01   constant   
  16  beta_vw      0.00000e+00     fixed    
  17  LM          -3.35021e-04   constant   
  18  zeta_y       0.00000e+00   constant   
  19  zeta_vw      0.00000e+00   constant   
  20  T_CBO        4.52989e+01   1.86093e+01   5.32827e-03  -1.35242e+01
  21  alpha_A0     3.16712e-04   8.04103e-03   2.17700e-04   3.31541e+00
  22  beta_A0      5.11954e-03   8.70672e-03  -1.53215e-04  -9.90375e+00
  23  alpha_phi   -2.29166e-02   2.61217e-02   1.45943e-03   1.98874e+01
  24  beta_phi     2.11807e-02   2.48045e-02  -1.52848e-03  -2.69085e+01
 EXTERNAL ERROR MATRIX.    NDIM=  25    NPAR=  7    ERR DEF=1
  1.841e-08  2.737e-11 -2.057e-05  1.404e-07  3.230e-08 -5.403e-08  1.880e-07 
  2.737e-11  1.777e-08 -1.611e-06 -8.299e-09 -8.338e-09  7.452e-09 -2.689e-08 
 -2.057e-05 -1.611e-06  3.472e+02 -2.954e-02 -1.099e-01  4.732e-01 -4.506e-01 
  1.404e-07 -8.299e-09 -2.954e-02  6.466e-05  4.010e-06 -3.573e-05  5.293e-05 
  3.230e-08 -8.338e-09 -1.099e-01  4.010e-06  7.581e-05 -1.558e-04  1.270e-04 
 -5.403e-08  7.452e-09  4.732e-01 -3.573e-05 -1.558e-04  6.823e-04 -5.893e-04 
  1.880e-07 -2.689e-08 -4.506e-01  5.293e-05  1.270e-04 -5.893e-04  6.153e-04 
ERR MATRIX APPROXIMATE
 PARAMETER  CORRELATION COEFFICIENTS  
       NO.  GLOBAL     10     11     20     21     22     23     24
       10  0.41112   1.000  0.002 -0.008  0.129  0.027 -0.015  0.056
       11  0.09753   0.002  1.000 -0.001 -0.008 -0.007  0.002 -0.008
       20  0.99780  -0.008 -0.001  1.000 -0.197 -0.677  0.972 -0.975
       21  0.45103   0.129 -0.008 -0.197  1.000  0.057 -0.170  0.265
       22  0.78943   0.027 -0.007 -0.677  0.057  1.000 -0.685  0.588
       23  0.98982  -0.015  0.002  0.972 -0.170 -0.685  1.000 -0.910
       24  0.99351   0.056 -0.008 -0.975  0.265  0.588 -0.910  1.000
 ERR MATRIX APPROXIMATE
MINUIT - FIT ONLY 2-y
 **********
 **   67 **RES 
 **********
                   PARAMETER   16  beta_vw RESTORED TO VARIABLE.
                   PARAMETER   14  alpha_vw RESTORED TO VARIABLE.
                   PARAMETER   13  beta_y RESTORED TO VARIABLE.
                   PARAMETER    9  alpha_2CBO RESTORED TO VARIABLE.
                   PARAMETER    8  beta_CBO RESTORED TO VARIABLE.
                   PARAMETER    6  alpha_CBO RESTORED TO VARIABLE.
                   PARAMETER    4  phi RESTORED TO VARIABLE.
                   PARAMETER    3  A0 RESTORED TO VARIABLE.
                   PARAMETER    1  N0 RESTORED TO VARIABLE.
 **********
 **   68 **FIX            0
 **********
 PARAMETER    0  IS UNDEFINED. IGNORED.
 **********
 **   69 **FIX            1
 **********
 **********
 **   70 **FIX            2
 **********
 PARAMETER    2  IS CONSTANT.   IGNORED.
 **********
 **   71 **FIX            3
 **********
 **********
 **   72 **FIX            4
 **********
 **********
 **   73 **FIX            5
 **********
 PARAMETER    5  IS CONSTANT.   IGNORED.
 **********
 **   74 **FIX            6
 **********
 **********
 **   75 **FIX            7
 **********
 PARAMETER    7  IS CONSTANT.   IGNORED.
 **********
 **   76 **FIX            8
 **********
 **********
 **   77 **FIX            9
 **********
 **********
 **   78 **FIX           10
 **********
 **********
 **   79 **FIX           11
 **********
 **********
 **   80 **FIX           12
 **********
 PARAMETER   12  IS CONSTANT.   IGNORED.
 **********
 **   81 **FIX           16
 **********
 **********
 **   82 **MIGRAD
 **********
 START MIGRAD MINIMIZATION.  STRATEGY  1.  CONVERGENCE WHEN EDM .LT. 1.00e-04
 FCN=84.0543 FROM MIGRAD    STATUS=INITIATE       16 CALLS        7463 TOTAL
                     EDM= unknown      STRATEGY= 1      NO ERROR MATRIX       
  EXT PARAMETER               CURRENT GUESS       STEP         FIRST   
  NO.   NAME      VALUE            ERROR          SIZE      DERIVATIVE 
   1  N0           3.28921e+06     fixed    
   2  tau          6.43975e+01   constant   
   3  A0           3.64536e-01     fixed    
   4  phi          4.11963e+00     fixed    
   5  R           -6.08541e+01   constant   
   6  alpha_CBO    2.20210e-03     fixed    
   7  w_CBO        2.32500e+00   constant   
   8  beta_CBO     3.50308e-03     fixed    
   9  alpha_2CBO   2.16874e-04     fixed    
  10  beta_2CBO   -2.29261e-05     fixed    
  11  alpha_y      3.06542e-04     fixed    
  12  w_y          1.44500e+01   constant   
  13  beta_y       6.92471e-05   1.35281e-04   1.35281e-04   4.65664e+03
  14  alpha_vw     0.00000e+00   1.00000e-03   1.00000e-03   1.18511e+04
  15  w_vw         1.29000e+01   constant   
  16  beta_vw      0.00000e+00     fixed    
  17  LM          -3.35021e-04   constant   
  18  zeta_y       0.00000e+00   constant   
  19  zeta_vw      0.00000e+00   constant   
  20  T_CBO        4.52989e+01   1.86093e+01   5.32827e-03  -1.35242e+01
  21  alpha_A0     3.16712e-04   8.04103e-03   2.17700e-04   3.31540e+00
  22  beta_A0      5.11954e-03   8.70672e-03  -1.53215e-04  -9.90375e+00
  23  alpha_phi   -2.29166e-02   2.61217e-02   1.45943e-03   1.98874e+01
  24  beta_phi     2.11807e-02   2.48045e-02  -1.52848e-03  -2.69085e+01
 CALL LIMIT EXCEEDED IN MIGRAD.
 MIGRAD TERMINATED WITHOUT CONVERGENCE.
 FCN=82.9052 FROM MIGRAD    STATUS=CALL LIMIT   1148 CALLS        8595 TOTAL
                     EDM=0.000955608    STRATEGY= 1  ERROR MATRIX UNCERTAINTY  38.5 per cent
  EXT PARAMETER                APPROXIMATE        STEP         FIRST   
  NO.   NAME      VALUE            ERROR          SIZE      DERIVATIVE 
   1  N0           3.28921e+06     fixed    
   2  tau          6.43975e+01   constant   
   3  A0           3.64536e-01     fixed    
   4  phi          4.11963e+00     fixed    
   5  R           -6.08541e+01   constant   
   6  alpha_CBO    2.20210e-03     fixed    
   7  w_CBO        2.32500e+00   constant   
   8  beta_CBO     3.50308e-03     fixed    
   9  alpha_2CBO   2.16874e-04     fixed    
  10  beta_2CBO   -2.29261e-05     fixed    
  11  alpha_y      3.06542e-04     fixed    
  12  w_y          1.44500e+01   constant   
  13  beta_y       6.28538e-06   1.36504e-04  -5.75530e-07  -2.35906e+01
  14  alpha_vw    -1.19303e-04   1.36323e-04   2.64490e-07   1.62711e+01
  15  w_vw         1.29000e+01   constant   
  16  beta_vw      0.00000e+00     fixed    
  17  LM          -3.35021e-04   constant   
  18  zeta_y       0.00000e+00   constant   
  19  zeta_vw      0.00000e+00   constant   
  20  T_CBO        8.50296e+02   5.66330e+02   3.08778e-02  -2.26502e-03
  21  alpha_A0    -1.57458e-05   6.35278e-04   2.36819e-06   1.96316e+00
  22  beta_A0      5.85202e-04   5.94845e-04   3.25797e-06   5.94276e+00
  23  alpha_phi   -2.48622e-03   9.27501e-04  -5.65491e-06   9.88769e+00
  24  beta_phi     2.23780e-03   6.95992e-04   1.87642e-06   2.87797e+01
 EXTERNAL ERROR MATRIX.    NDIM=  25    NPAR=  7    ERR DEF=1
  1.863e-08  3.131e-09 -3.474e-02 -3.343e-09  1.300e-09 -1.024e-08  1.875e-08 
  3.131e-09  1.858e-08  2.166e-02  1.502e-10 -1.724e-09  8.034e-09 -8.653e-09 
 -3.474e-02  2.166e-02  3.478e+06  1.191e-01 -1.896e-01  1.401e+00 -7.723e-01 
 -3.343e-09  1.502e-10  1.191e-01  4.036e-07  8.461e-09  7.291e-08 -9.084e-08 
  1.300e-09 -1.724e-09 -1.896e-01  8.461e-09  3.538e-07 -9.331e-08 -2.323e-08 
 -1.024e-08  8.034e-09  1.401e+00  7.291e-08 -9.331e-08  8.603e-07 -3.373e-07 
  1.875e-08 -8.653e-09 -7.723e-01 -9.084e-08 -2.323e-08 -3.373e-07  4.844e-07 
ERR MATRIX APPROXIMATE
 PARAMETER  CORRELATION COEFFICIENTS  
       NO.  GLOBAL     13     14     20     21     22     23     24
       13  0.28305   1.000  0.168 -0.136 -0.039  0.016 -0.081  0.197
       14  0.21843   0.168  1.000  0.085  0.002 -0.021  0.064 -0.091
       20  0.83907  -0.136  0.085  1.000  0.101 -0.171  0.810 -0.595
       21  0.21552  -0.039  0.002  0.101  1.000  0.022  0.124 -0.205
       22  0.27180   0.016 -0.021 -0.171  0.022  1.000 -0.169 -0.056
       23  0.81422  -0.081  0.064  0.810  0.124 -0.169  1.000 -0.523
