 + ++++++++++++++++++++++++++++++++++++++++++++++++++++++++++++++++++++ +
 +                                                                      +
 +           You have chose to blind your fitting according to          +
 +                omega_ref * (1 + (R +/- deltaR) *10^{-6})             +
 +                                                                      +
 + ++++++++++++++++++++++++++++++++++++++++++++++++++++++++++++++++++++ +
In main()...
reading format from /gm2data/zkhechad/run45/envelope/formats/formatB_sBin_constraintOn.txt
pBinTau 	= 0  
pBinPhi 	= 0  
constraintau 	= 1 
includeMopTerm 	= 0    
constrainMop    = 0   
Parameters after format file: pBinTau 0 pBinPhi 0 constraintau 1 includeMopTerm 0 constrainMop 0 c_e_scale 0.000000 
Opening file /gm2data/tbarrett/gm2fr/studies/run23_bunch_corrections/CorrectedFourier_Run3b.root.
reading full fit data from /gm2data/zkhechad/cboTemplates/Run4CBOTemplates/templateFits0_v2.0/noRF/sBin_constraintOn_cE0.0_seed0_noRF_calo20.root
windowBins = 17
fitting sliding window 108 from bin 244 at 36.255600 to bin 261 at 38.941200 (17 bins)

Reading data from /gm2data/cornell/histograms/aMethod/histogram_a_noRF.root
 **********
 **    1 **SET PRINTOUT            1
 **********
 **********
 **    2 **SET NOWARNINGS 
 **********
 PARAMETER DEFINITIONS:
    NO.   NAME         VALUE      STEP SIZE      LIMITS
     1 N0           3.28923e+06  1.00000e+02     no limits
     2 tau          6.43975e+01  constant
     3 A0           3.64482e-01  1.00000e-04     no limits
     4 phi          4.11977e+00  1.00000e-02     no limits
     5 R           -6.08541e+01  constant
     6 alpha_CBO    0.00000e+00  1.00000e-03     no limits
     7 w_CBO        2.32500e+00  constant
     8 beta_CBO     0.00000e+00  1.00000e-03     no limits
     9 alpha_2CBO   0.00000e+00  1.00000e-03     no limits
    10 beta_2CBO    0.00000e+00  1.00000e-03     no limits
    11 alpha_y      0.00000e+00  1.00000e-03     no limits
    12 w_y          1.44500e+01  constant
    13 beta_y       0.00000e+00  1.00000e-03     no limits
    14 alpha_vw     0.00000e+00  1.00000e-03     no limits
    15 w_vw         1.29000e+01  constant
    16 beta_vw      0.00000e+00  1.00000e-03     no limits
    17 LM          -3.35021e-04  constant
    18 zeta_y       0.00000e+00  constant
    19 zeta_vw      0.00000e+00  constant
    20 T_CBO        1.00000e+02  1.00000e+00    0.00000e+00  1.00000e+03
    21 alpha_A0     0.00000e+00  1.00000e-03     no limits
    22 beta_A0      0.00000e+00  1.00000e-03     no limits
    23 alpha_phi    0.00000e+00  1.00000e-03     no limits
    24 beta_phi     0.00000e+00  1.00000e-03     no limits
MINUIT - FIT ONLY WIGGLE
 **********
 **    3 **FIX            5
 **********
 PARAMETER    5  IS CONSTANT.   IGNORED.
 **********
 **    4 **FIX            6
 **********
 **********
 **    5 **FIX            7
 **********
 PARAMETER    7  IS CONSTANT.   IGNORED.
 **********
 **    6 **FIX            8
 **********
 **********
 **    7 **FIX            9
 **********
 **********
 **    8 **FIX           10
 **********
 **********
 **    9 **FIX           11
 **********
 **********
 **   10 **FIX           12
 **********
 PARAMETER   12  IS CONSTANT.   IGNORED.
 **********
 **   11 **FIX           13
 **********
 **********
 **   12 **FIX           14
 **********
 **********
 **   13 **FIX           15
 **********
 PARAMETER   15  IS CONSTANT.   IGNORED.
 **********
 **   14 **FIX           16
 **********
 **********
 **   15 **MIGRAD
 **********
 FIRST CALL TO USER FUNCTION AT NEW START POINT, WITH IFLAG=4.
 START MIGRAD MINIMIZATION.  STRATEGY  1.  CONVERGENCE WHEN EDM .LT. 1.00e-04
 FCN=3095.51 FROM MIGRAD    STATUS=INITIATE      429 CALLS         430 TOTAL
                     EDM= unknown      STRATEGY= 1      NO ERROR MATRIX       
  EXT PARAMETER               CURRENT GUESS       STEP         FIRST   
  NO.   NAME      VALUE            ERROR          SIZE      DERIVATIVE 
   1  N0           3.28923e+06   1.00000e+02   0.00000e+00   3.03588e-02
   2  tau          6.43975e+01   constant   
   3  A0           3.64482e-01   1.00000e-04   0.00000e+00  -3.86441e+04
   4  phi          4.11977e+00   1.00000e-02   0.00000e+00  -2.06472e+05
   5  R           -6.08541e+01   constant   
   6  alpha_CBO    0.00000e+00     fixed    
   7  w_CBO        2.32500e+00   constant   
   8  beta_CBO     0.00000e+00     fixed    
   9  alpha_2CBO   0.00000e+00     fixed    
  10  beta_2CBO    0.00000e+00     fixed    
  11  alpha_y      0.00000e+00     fixed    
  12  w_y          1.44500e+01   constant   
  13  beta_y       0.00000e+00     fixed    
  14  alpha_vw     0.00000e+00     fixed    
  15  w_vw         1.29000e+01   constant   
  16  beta_vw      0.00000e+00     fixed    
  17  LM          -3.35021e-04   constant   
  18  zeta_y       0.00000e+00   constant   
  19  zeta_vw      0.00000e+00   constant   
  20  T_CBO        1.00000e+02   1.00000e+00   0.00000e+00   0.00000e+00
  21  alpha_A0     0.00000e+00   1.00000e-03   0.00000e+00   2.78250e+04
  22  beta_A0      0.00000e+00   1.00000e-03   0.00000e+00   1.37819e+04
  23  alpha_phi    0.00000e+00   1.00000e-03   0.00000e+00  -1.34839e+04
  24  beta_phi     0.00000e+00   1.00000e-03   0.00000e+00  -7.61892e+04
 MIGRAD MINIMIZATION HAS CONVERGED.
 MIGRAD WILL VERIFY CONVERGENCE AND ERROR MATRIX.
 FCN=469.817 FROM MIGRAD    STATUS=CONVERGED    1272 CALLS        1273 TOTAL
                     EDM=2.61576e-05    STRATEGY= 1      ERR MATRIX NOT POS-DEF
  EXT PARAMETER                APPROXIMATE        STEP         FIRST   
  NO.   NAME      VALUE            ERROR          SIZE      DERIVATIVE 
   1  N0           3.30034e+06   3.31617e+03   3.63160e+00  -2.52242e-06
   2  tau          6.43975e+01   constant   
   3  A0           3.92110e-01   1.73274e-03   2.19519e-06  -6.75437e+00
   4  phi          4.23989e+00   4.19845e-03   3.87825e-06  -6.83197e-01
   5  R           -6.08541e+01   constant   
   6  alpha_CBO    0.00000e+00     fixed    
   7  w_CBO        2.32500e+00   constant   
   8  beta_CBO     0.00000e+00     fixed    
   9  alpha_2CBO   0.00000e+00     fixed    
  10  beta_2CBO    0.00000e+00     fixed    
  11  alpha_y      0.00000e+00     fixed    
  12  w_y          1.44500e+01   constant   
  13  beta_y       0.00000e+00     fixed    
  14  alpha_vw     0.00000e+00     fixed    
  15  w_vw         1.29000e+01   constant   
  16  beta_vw      0.00000e+00     fixed    
  17  LM          -3.35021e-04   constant   
  18  zeta_y       0.00000e+00   constant   
  19  zeta_vw      0.00000e+00   constant   
  20  T_CBO        4.56791e+01   2.40248e+00   8.68910e-06   6.66353e-01
  21  alpha_A0     3.20042e-01   1.37272e-02   1.22970e-05   1.42250e-01
  22  beta_A0     -1.26320e-01   1.12149e-02   1.24134e-05  -2.37926e-01
  23  alpha_phi   -1.42091e-01   1.36892e-02   1.60631e-05  -7.67008e-01
  24  beta_phi    -3.27684e-01   1.51234e-02   1.90163e-05  -4.25076e-01
 EXTERNAL ERROR MATRIX.    NDIM=  25    NPAR=  8    ERR DEF=1
  1.100e+07  2.072e+00 -3.110e+00  1.158e+03 -1.434e+01 -3.182e+01 -3.905e+01  1.191e+01 
  2.072e+00  3.002e-06  5.033e-06  1.835e-03  6.689e-06 -8.281e-06 -1.129e-05 -9.647e-06 
 -3.110e+00  5.033e-06  1.763e-05  4.589e-03  2.604e-05  1.007e-05  9.972e-06 -3.568e-05 
  1.158e+03  1.835e-03  4.589e-03  5.772e+00 -1.887e-02  6.831e-03  6.723e-03  1.682e-02 
 -1.434e+01  6.689e-06  2.604e-05 -1.887e-02  1.884e-04 -1.964e-05 -2.257e-05 -2.022e-04 
 -3.182e+01 -8.281e-06  1.007e-05  6.831e-03 -1.964e-05  1.258e-04  1.513e-04  2.556e-05 
 -3.905e+01 -1.129e-05  9.972e-06  6.723e-03 -2.257e-05  1.513e-04  1.874e-04  3.018e-05 
  1.191e+01 -9.647e-06 -3.568e-05  1.682e-02 -2.022e-04  2.556e-05  3.018e-05  2.287e-04 
ERR MATRIX NOT POS-DEF
 PARAMETER  CORRELATION COEFFICIENTS  
       NO.  GLOBAL      1      3      4     20     21     22     23     24
        1  0.99464   1.000  0.361 -0.223  0.145 -0.315 -0.856 -0.860  0.237
        3  0.99285   0.361  1.000  0.692  0.441  0.281 -0.426 -0.476 -0.368
        4  0.99620  -0.223  0.692  1.000  0.455  0.452  0.214  0.174 -0.562
       20  0.99746   0.145  0.441  0.455  1.000 -0.572  0.254  0.204  0.463
       21  0.99643  -0.315  0.281  0.452 -0.572  1.000 -0.128 -0.120 -0.974
       22  0.99454  -0.856 -0.426  0.214  0.254 -0.128  1.000  0.985  0.151
       23  0.99387  -0.860 -0.476  0.174  0.204 -0.120  0.985  1.000  0.146
       24  0.99295   0.237 -0.368 -0.562  0.463 -0.974  0.151  0.146  1.000
 ERR MATRIX NOT POS-DEF
MINUIT - FIT ONLY 1-CBO + wiggle
 **********
 **   16 **RES 
 **********
                   PARAMETER   16  beta_vw RESTORED TO VARIABLE.
                   PARAMETER   14  alpha_vw RESTORED TO VARIABLE.
                   PARAMETER   13  beta_y RESTORED TO VARIABLE.
                   PARAMETER   11  alpha_y RESTORED TO VARIABLE.
                   PARAMETER   10  beta_2CBO RESTORED TO VARIABLE.
                   PARAMETER    9  alpha_2CBO RESTORED TO VARIABLE.
                   PARAMETER    8  beta_CBO RESTORED TO VARIABLE.
                   PARAMETER    6  alpha_CBO RESTORED TO VARIABLE.
 **********
 **   17 **FIX            8
 **********
 **********
 **   18 **FIX            9
 **********
 **********
 **   19 **FIX           11
 **********
 **********
 **   20 **FIX           12
 **********
 PARAMETER   12  IS CONSTANT.   IGNORED.
 **********
 **   21 **FIX           14
 **********
 **********
 **   22 **FIX           15
 **********
 PARAMETER   15  IS CONSTANT.   IGNORED.
 **********
 **   23 **FIX           16
 **********
 **********
 **   24 **MIGRAD
 **********
 START MIGRAD MINIMIZATION.  STRATEGY  1.  CONVERGENCE WHEN EDM .LT. 1.00e-04
 FCN=469.817 FROM MIGRAD    STATUS=INITIATE       28 CALLS        1301 TOTAL
                     EDM= unknown      STRATEGY= 1      NO ERROR MATRIX       
  EXT PARAMETER               CURRENT GUESS       STEP         FIRST   
  NO.   NAME      VALUE            ERROR          SIZE      DERIVATIVE 
   1  N0           3.30034e+06   3.31617e+03   3.63160e+00  -2.52241e-06
   2  tau          6.43975e+01   constant   
   3  A0           3.92110e-01   1.73274e-03   2.19519e-06  -6.75437e+00
   4  phi          4.23989e+00   4.19845e-03   3.87825e-06  -6.83204e-01
   5  R           -6.08541e+01   constant   
   6  alpha_CBO    0.00000e+00   1.00000e-03   1.00000e-03  -2.38628e+03
   7  w_CBO        2.32500e+00   constant   
   8  beta_CBO     0.00000e+00     fixed    
   9  alpha_2CBO   0.00000e+00     fixed    
  10  beta_2CBO    0.00000e+00   1.00000e-03   1.00000e-03  -6.33550e+03
  11  alpha_y      0.00000e+00     fixed    
  12  w_y          1.44500e+01   constant   
  13  beta_y       0.00000e+00   1.00000e-03   1.00000e-03  -1.19175e+05
  14  alpha_vw     0.00000e+00     fixed    
  15  w_vw         1.29000e+01   constant   
  16  beta_vw      0.00000e+00     fixed    
  17  LM          -3.35021e-04   constant   
  18  zeta_y       0.00000e+00   constant   
  19  zeta_vw      0.00000e+00   constant   
  20  T_CBO        4.56791e+01   2.40248e+00   8.68910e-06   6.66066e-01
  21  alpha_A0     3.20042e-01   1.37272e-02   1.22970e-05   1.42255e-01
  22  beta_A0     -1.26320e-01   1.12149e-02   1.24134e-05  -2.37948e-01
  23  alpha_phi   -1.42091e-01   1.36892e-02   1.60631e-05  -7.67009e-01
  24  beta_phi    -3.27684e-01   1.51234e-02   1.90163e-05  -4.25076e-01
 MIGRAD MINIMIZATION HAS CONVERGED.
 FCN=361.99 FROM MIGRAD    STATUS=CONVERGED    1922 CALLS        3195 TOTAL
                     EDM=9.33187e-06    STRATEGY= 1  ERROR MATRIX UNCERTAINTY   2.0 per cent
  EXT PARAMETER                                   STEP         FIRST   
  NO.   NAME      VALUE            ERROR          SIZE      DERIVATIVE 
   1  N0           3.23638e+06   2.09315e+04   3.18102e+01   6.03958e-06
   2  tau          6.43975e+01   constant   
   3  A0           4.01705e-01   1.70736e-02   3.23947e-06   1.41832e+01
   4  phi          4.37109e+00   3.08150e-02   3.95534e-05  -4.95100e+00
   5  R           -6.08541e+01   constant   
   6  alpha_CBO    2.19234e-02   5.06447e-03   1.37231e-05   2.40194e+01
   7  w_CBO        2.32500e+00   constant   
   8  beta_CBO     0.00000e+00     fixed    
   9  alpha_2CBO   0.00000e+00     fixed    
  10  beta_2CBO   -9.11354e-03   3.52158e-03  -2.10542e-06  -7.81439e+00
  11  alpha_y      0.00000e+00     fixed    
  12  w_y          1.44500e+01   constant   
  13  beta_y       1.50389e-03   1.53981e-04   7.11318e-08  -1.45675e+00
  14  alpha_vw     0.00000e+00     fixed    
  15  w_vw         1.29000e+01   constant   
  16  beta_vw      0.00000e+00     fixed    
  17  LM          -3.35021e-04   constant   
  18  zeta_y       0.00000e+00   constant   
  19  zeta_vw      0.00000e+00   constant   
  20  T_CBO        6.51379e+01   6.10020e+00   4.84589e-05  -8.36820e-01
  21  alpha_A0     6.17846e-01   5.71564e-02   4.63923e-05  -2.81203e+00
  22  beta_A0      9.92549e-02   1.69908e-02  -3.80135e-05   6.66044e-01
  23  alpha_phi    5.57195e-02   4.49262e-02  -6.58014e-05   3.32849e+00
  24  beta_phi    -5.16119e-01   3.55670e-02  -4.81156e-05  -5.61185e-01
 EXTERNAL ERROR MATRIX.    NDIM=  25    NPAR= 11    ERR DEF=1
  4.381e+08 
 -3.237e+02  2.915e-04 
 -4.462e+02  4.828e-04  9.496e-04 
  4.027e+01 -6.978e-07  5.905e-05  2.565e-05 
  5.971e+01 -5.806e-05 -1.057e-04 -3.958e-06  1.240e-05 
 -2.116e-01  3.407e-07  8.498e-07  1.107e-07 -8.785e-08  2.371e-08 
 -7.017e+04  8.754e-02  1.843e-01  1.639e-02 -1.994e-02  1.764e-04  3.722e+01 
 -9.073e+02  9.189e-04  1.747e-03  8.870e-05 -1.997e-04  1.508e-06  3.330e-01  3.267e-03 
 -3.196e+02  2.174e-04  3.184e-04 -2.439e-05 -4.282e-05  1.817e-07  4.693e-02  6.700e-04  2.887e-04 
 -9.307e+02  6.638e-04  9.018e-04 -9.533e-05 -1.210e-04  4.324e-07  1.356e-01  1.848e-03  7.105e-04  2.018e-03 
  4.964e+02 -5.501e-04 -1.091e-03 -6.898e-05  1.195e-04 -9.808e-07 -2.121e-01 -1.987e-03 -3.446e-04 -1.007e-03  1.265e-03 
 PARAMETER  CORRELATION COEFFICIENTS  
       NO.  GLOBAL      1      3      4      6     10     13     20     21     22     23     24
        1  0.99989   1.000 -0.906 -0.692  0.380  0.810 -0.066 -0.549 -0.758 -0.899 -0.990  0.667
        3  0.99993  -0.906  1.000  0.918 -0.008 -0.966  0.130  0.840  0.942  0.749  0.865 -0.906
        4  0.99995  -0.692  0.918  1.000  0.378 -0.974  0.179  0.980  0.992  0.608  0.651 -0.995
        6  0.99956   0.380 -0.008  0.378  1.000 -0.222  0.142  0.531  0.306 -0.283 -0.419 -0.383
       10  0.99914   0.810 -0.966 -0.974 -0.222  1.000 -0.162 -0.928 -0.992 -0.716 -0.765  0.954
       13  0.22679  -0.066  0.130  0.179  0.142 -0.162  1.000  0.188  0.171  0.069  0.063 -0.179
       20  0.99978  -0.549  0.840  0.980  0.531 -0.928  0.188  1.000  0.955  0.453  0.495 -0.978
       21  0.99991  -0.758  0.942  0.992  0.306 -0.992  0.171  0.955  1.000  0.690  0.719 -0.978
       22  0.99873  -0.899  0.749  0.608 -0.283 -0.716  0.069  0.453  0.690  1.000  0.931 -0.570
       23  0.99959  -0.990  0.865  0.651 -0.419 -0.765  0.063  0.495  0.719  0.931  1.000 -0.630
       24  0.99950   0.667 -0.906 -0.995 -0.383  0.954 -0.179 -0.978 -0.978 -0.570 -0.630  1.000
MINUIT - FIT ONLY 2-CBO
 **********
 **   25 **RES 
 **********
                   PARAMETER   16  beta_vw RESTORED TO VARIABLE.
                   PARAMETER   14  alpha_vw RESTORED TO VARIABLE.
                   PARAMETER   11  alpha_y RESTORED TO VARIABLE.
                   PARAMETER    9  alpha_2CBO RESTORED TO VARIABLE.
                   PARAMETER    8  beta_CBO RESTORED TO VARIABLE.
 **********
 **   26 **FIX            0
 **********
 PARAMETER    0  IS UNDEFINED. IGNORED.
 **********
 **   27 **FIX            1
 **********
 **********
 **   28 **FIX            2
 **********
 PARAMETER    2  IS CONSTANT.   IGNORED.
 **********
 **   29 **FIX            3
 **********
 **********
 **   30 **FIX            4
 **********
 **********
 **   31 **FIX            5
 **********
 PARAMETER    5  IS CONSTANT.   IGNORED.
 **********
 **   32 **FIX            6
 **********
 **********
 **   33 **FIX            7
 **********
 PARAMETER    7  IS CONSTANT.   IGNORED.
 **********
 **   34 **FIX           10
 **********
 **********
 **   35 **FIX           11
 **********
 **********
 **   36 **FIX           12
 **********
 PARAMETER   12  IS CONSTANT.   IGNORED.
 **********
 **   37 **FIX           13
 **********
 **********
 **   38 **FIX           14
 **********
 **********
 **   39 **FIX           15
 **********
 PARAMETER   15  IS CONSTANT.   IGNORED.
 **********
 **   40 **FIX           16
 **********
 **********
 **   41 **MIGRAD
 **********
 START MIGRAD MINIMIZATION.  STRATEGY  1.  CONVERGENCE WHEN EDM .LT. 1.00e-04
 FCN=361.99 FROM MIGRAD    STATUS=INITIATE       18 CALLS        3213 TOTAL
                     EDM= unknown      STRATEGY= 1      NO ERROR MATRIX       
  EXT PARAMETER               CURRENT GUESS       STEP         FIRST   
  NO.   NAME      VALUE            ERROR          SIZE      DERIVATIVE 
   1  N0           3.23638e+06     fixed    
   2  tau          6.43975e+01   constant   
   3  A0           4.01705e-01     fixed    
   4  phi          4.37109e+00     fixed    
   5  R           -6.08541e+01   constant   
   6  alpha_CBO    2.19234e-02     fixed    
   7  w_CBO        2.32500e+00   constant   
   8  beta_CBO     0.00000e+00   1.00000e-03   1.00000e-03  -4.36409e+01
   9  alpha_2CBO   0.00000e+00   1.00000e-03   1.00000e-03  -2.39932e+03
  10  beta_2CBO   -9.11354e-03     fixed    
  11  alpha_y      0.00000e+00     fixed    
  12  w_y          1.44500e+01   constant   
  13  beta_y       1.50389e-03     fixed    
  14  alpha_vw     0.00000e+00     fixed    
  15  w_vw         1.29000e+01   constant   
  16  beta_vw      0.00000e+00     fixed    
  17  LM          -3.35021e-04   constant   
  18  zeta_y       0.00000e+00   constant   
  19  zeta_vw      0.00000e+00   constant   
  20  T_CBO        6.51379e+01   6.10020e+00   4.84589e-05  -8.36840e-01
  21  alpha_A0     6.17846e-01   5.71564e-02   4.63923e-05  -2.81204e+00
  22  beta_A0      9.92549e-02   1.69908e-02  -3.80135e-05   6.66041e-01
  23  alpha_phi    5.57195e-02   4.49262e-02  -6.58014e-05   3.32849e+00
  24  beta_phi    -5.16119e-01   3.55670e-02  -4.81156e-05  -5.61185e-01
 MIGRAD MINIMIZATION HAS CONVERGED.
 MIGRAD WILL VERIFY CONVERGENCE AND ERROR MATRIX.
 FCN=361.868 FROM MIGRAD    STATUS=CONVERGED     166 CALLS        3361 TOTAL
                     EDM=8.17105e-05    STRATEGY= 1      ERR MATRIX NOT POS-DEF
  EXT PARAMETER                APPROXIMATE        STEP         FIRST   
  NO.   NAME      VALUE            ERROR          SIZE      DERIVATIVE 
   1  N0           3.23638e+06     fixed    
   2  tau          6.43975e+01   constant   
   3  A0           4.01705e-01     fixed    
   4  phi          4.37109e+00     fixed    
   5  R           -6.08541e+01   constant   
   6  alpha_CBO    2.19234e-02     fixed    
   7  w_CBO        2.32500e+00   constant   
   8  beta_CBO     2.08502e-05   4.73898e-04   1.35644e-06   3.27595e-01
   9  alpha_2CBO   1.00848e-04   2.85451e-04   1.33602e-06   1.74498e+01
  10  beta_2CBO   -9.11354e-03     fixed    
  11  alpha_y      0.00000e+00     fixed    
  12  w_y          1.44500e+01   constant   
  13  beta_y       1.50389e-03     fixed    
  14  alpha_vw     0.00000e+00     fixed    
  15  w_vw         1.29000e+01   constant   
  16  beta_vw      0.00000e+00     fixed    
  17  LM          -3.35021e-04   constant   
  18  zeta_y       0.00000e+00   constant   
  19  zeta_vw      0.00000e+00   constant   
  20  T_CBO        6.51203e+01   1.93894e+00   5.38589e-06   6.36829e-02
  21  alpha_A0     6.17715e-01   1.03809e-02   8.44741e-06   1.07930e+00
  22  beta_A0      9.97168e-02   2.26834e-03   8.35732e-06  -1.09018e+00
  23  alpha_phi    5.51852e-02   2.14604e-03   1.16649e-05   1.14625e+00
  24  beta_phi    -5.15996e-01   9.11967e-03   1.19406e-05  -3.15889e-01
 EXTERNAL ERROR MATRIX.    NDIM=  25    NPAR=  7    ERR DEF=1
  2.246e-07  1.343e-08  1.551e-04 -7.808e-07  2.977e-07 -1.180e-07 -9.094e-07 
  1.343e-08  8.148e-08  3.574e-06 -2.027e-07  3.523e-07 -4.363e-07  2.048e-07 
  1.551e-04  3.574e-06  3.760e+00 -2.001e-02 -2.835e-03 -1.498e-03  1.610e-02 
 -7.808e-07 -2.027e-07 -2.001e-02  1.078e-04  1.433e-05  9.214e-06 -8.677e-05 
  2.977e-07  3.523e-07 -2.835e-03  1.433e-05  5.145e-06 -8.339e-07 -1.363e-05 
 -1.180e-07 -4.363e-07 -1.498e-03  9.214e-06 -8.339e-07  4.606e-06 -7.838e-06 
 -9.094e-07  2.048e-07  1.610e-02 -8.677e-05 -1.363e-05 -7.838e-06  8.317e-05 
ERR MATRIX NOT POS-DEF
 PARAMETER  CORRELATION COEFFICIENTS  
       NO.  GLOBAL      8      9     20     21     22     23     24
        8  0.95161   1.000  0.099  0.169 -0.159  0.277 -0.116 -0.210
        9  0.86458   0.099  1.000  0.006 -0.068  0.544 -0.712  0.079
       20  0.99729   0.169  0.006  1.000 -0.994 -0.645 -0.360  0.911
       21  0.99618  -0.159 -0.068 -0.994  1.000  0.609  0.414 -0.917
       22  0.91845   0.277  0.544 -0.645  0.609  1.000 -0.171 -0.659
       23  0.81208  -0.116 -0.712 -0.360  0.414 -0.171  1.000 -0.400
       24  0.99007  -0.210  0.079  0.911 -0.917 -0.659 -0.400  1.000
 ERR MATRIX NOT POS-DEF
MINUIT - FIT wiggle + 1-CBO + 2-CBO
 **********
 **   42 **RES 
 **********
                   PARAMETER   16  beta_vw RESTORED TO VARIABLE.
                   PARAMETER   14  alpha_vw RESTORED TO VARIABLE.
                   PARAMETER   13  beta_y RESTORED TO VARIABLE.
                   PARAMETER   11  alpha_y RESTORED TO VARIABLE.
                   PARAMETER   10  beta_2CBO RESTORED TO VARIABLE.
                   PARAMETER    6  alpha_CBO RESTORED TO VARIABLE.
                   PARAMETER    4  phi RESTORED TO VARIABLE.
                   PARAMETER    3  A0 RESTORED TO VARIABLE.
                   PARAMETER    1  N0 RESTORED TO VARIABLE.
 **********
 **   43 **FIX           10
 **********
 **********
 **   44 **FIX           11
 **********
 **********
 **   45 **FIX           12
 **********
 PARAMETER   12  IS CONSTANT.   IGNORED.
 **********
 **   46 **FIX           13
 **********
 **********
 **   47 **FIX           14
 **********
 **********
 **   48 **FIX           15
 **********
 PARAMETER   15  IS CONSTANT.   IGNORED.
 **********
 **   49 **FIX           16
 **********
 **********
 **   50 **MIGRAD
 **********
 START MIGRAD MINIMIZATION.  STRATEGY  1.  CONVERGENCE WHEN EDM .LT. 1.00e-04
 FCN=361.868 FROM MIGRAD    STATUS=INITIATE       22 CALLS        3383 TOTAL
                     EDM= unknown      STRATEGY= 1      NO ERROR MATRIX       
  EXT PARAMETER               CURRENT GUESS       STEP         FIRST   
  NO.   NAME      VALUE            ERROR          SIZE      DERIVATIVE 
   1  N0           3.23638e+06   2.09315e+04   2.09315e+04   1.60433e-04
   2  tau          6.43975e+01   constant   
   3  A0           4.01705e-01   1.70736e-02   1.70736e-02   1.89062e+02
   4  phi          4.37109e+00   3.08150e-02   3.08150e-02  -3.03994e+01
   5  R           -6.08541e+01   constant   
   6  alpha_CBO    2.19234e-02   5.06447e-03   5.06447e-03  -2.21910e+02
   7  w_CBO        2.32500e+00   constant   
   8  beta_CBO     2.08502e-05   4.73898e-04   1.35644e-06   3.27612e-01
   9  alpha_2CBO   1.00848e-04   2.85451e-04   1.33602e-06   1.74498e+01
  10  beta_2CBO   -9.11354e-03     fixed    
  11  alpha_y      0.00000e+00     fixed    
  12  w_y          1.44500e+01   constant   
  13  beta_y       1.50389e-03     fixed    
  14  alpha_vw     0.00000e+00     fixed    
  15  w_vw         1.29000e+01   constant   
  16  beta_vw      0.00000e+00     fixed    
  17  LM          -3.35021e-04   constant   
  18  zeta_y       0.00000e+00   constant   
  19  zeta_vw      0.00000e+00   constant   
  20  T_CBO        6.51203e+01   1.93894e+00   5.38589e-06   6.33524e-02
  21  alpha_A0     6.17715e-01   1.03809e-02   8.44741e-06   1.07930e+00
  22  beta_A0      9.97168e-02   2.26834e-03   8.35732e-06  -1.09017e+00
  23  alpha_phi    5.51852e-02   2.14604e-03   1.16649e-05   1.14625e+00
  24  beta_phi    -5.15996e-01   9.11967e-03   1.19406e-05  -3.15891e-01
 CALL LIMIT EXCEEDED IN MIGRAD.
 MIGRAD TERMINATED WITHOUT CONVERGENCE.
 FCN=327.337 FROM MIGRAD    STATUS=CALL LIMIT   1908 CALLS        5269 TOTAL
                     EDM=0.00198191    STRATEGY= 1  ERROR MATRIX UNCERTAINTY   6.9 per cent
  EXT PARAMETER                APPROXIMATE        STEP         FIRST   
  NO.   NAME      VALUE            ERROR          SIZE      DERIVATIVE 
   1  N0           3.36934e+06   3.82695e+04  -7.23276e+02   5.22559e-05
   2  tau          6.43975e+01   constant   
   3  A0           2.87664e-01   1.46541e-02   3.29005e-04   1.10029e+02
   4  phi          4.52684e+00   3.19473e-02  -6.23152e-04  -9.96751e+01
   5  R           -6.08541e+01   constant   
   6  alpha_CBO    1.24399e-01   1.52521e-02  -4.04962e-04   2.23923e+02
   7  w_CBO        2.32500e+00   constant   
   8  beta_CBO     8.92941e-03   3.92986e-03  -5.83185e-05  -2.85795e+02
   9  alpha_2CBO   1.64019e-02   1.75628e-03  -4.90688e-05   1.86251e+02
  10  beta_2CBO   -9.11354e-03     fixed    
  11  alpha_y      0.00000e+00     fixed    
  12  w_y          1.44500e+01   constant   
  13  beta_y       1.50389e-03     fixed    
  14  alpha_vw     0.00000e+00     fixed    
  15  w_vw         1.29000e+01   constant   
  16  beta_vw      0.00000e+00     fixed    
  17  LM          -3.35021e-04   constant   
  18  zeta_y       0.00000e+00   constant   
  19  zeta_vw      0.00000e+00   constant   
  20  T_CBO        1.08302e+02   7.35271e+00  -6.47335e-04   8.54787e+00
  21  alpha_A0     8.50983e-01   4.18991e-02  -1.13838e-03  -1.88642e+01
  22  beta_A0      4.57802e-01   2.38825e-02  -7.65689e-04   8.59740e+00
  23  alpha_phi   -2.07608e-02   4.27913e-02   9.51338e-04   3.02482e+01
  24  beta_phi    -5.25255e-01   1.14022e-02   3.78954e-04  -4.06269e+01
 EXTERNAL ERROR MATRIX.    NDIM=  25    NPAR= 11    ERR DEF=1
  1.465e+09 
 -5.571e+02  2.147e-04 
  1.171e+03 -4.470e-04  1.021e-03 
  5.637e+02 -2.195e-04  4.693e-04  2.326e-04 
 -9.463e+01  3.225e-05 -6.803e-05 -2.503e-05  1.544e-05 
  5.013e+01 -1.995e-05  4.967e-05  2.306e-05 -9.840e-07  3.085e-06 
  2.532e+05 -9.936e-02  2.264e-01  1.091e-01 -8.804e-03  1.227e-02  5.407e+01 
  1.510e+03 -5.899e-04  1.297e-03  6.354e-04 -6.052e-05  6.666e-05  3.053e-01  1.756e-03 
  3.721e+02 -1.668e-04  4.506e-04  2.229e-04  2.737e-05  3.697e-05  1.327e-01  6.801e-04  5.704e-04 
 -1.524e+03  5.835e-04 -1.093e-03 -5.815e-04  8.938e-05 -4.134e-05 -2.403e-01 -1.507e-03 -2.393e-04  1.831e-03 
 -7.164e+01  3.597e-05 -7.528e-05 -6.307e-05 -2.733e-05 -8.819e-06 -3.523e-02 -1.886e-04 -1.602e-04  1.249e-04  1.300e-04 
ERR MATRIX APPROXIMATE
 PARAMETER  CORRELATION COEFFICIENTS  
       NO.  GLOBAL      1      3      4      6      8      9     20     21     22     23     24
        1  0.99996   1.000 -0.993  0.958  0.966 -0.629  0.746  0.900  0.942  0.407 -0.930 -0.164
        3  0.99991  -0.993  1.000 -0.955 -0.982  0.560 -0.775 -0.922 -0.961 -0.477  0.931  0.215
        4  0.99993   0.958 -0.955  1.000  0.963 -0.542  0.885  0.964  0.969  0.591 -0.799 -0.207
        6  0.99996   0.966 -0.982  0.963  1.000 -0.418  0.861  0.973  0.994  0.612 -0.891 -0.363
        8  0.99953  -0.629  0.560 -0.542 -0.418  1.000 -0.143 -0.305 -0.368  0.292  0.531 -0.610
        9  0.99771   0.746 -0.775  0.885  0.861 -0.143  1.000  0.950  0.906  0.881 -0.550 -0.440
       20  0.99982   0.900 -0.922  0.964  0.973 -0.305  0.950  1.000  0.991  0.756 -0.764 -0.420
       21  0.99980   0.942 -0.961  0.969  0.994 -0.368  0.906  0.991  1.000  0.680 -0.840 -0.395
       22  0.99929   0.407 -0.477  0.591  0.612  0.292  0.881  0.756  0.680  1.000 -0.234 -0.588
       23  0.99956  -0.930  0.931 -0.799 -0.891  0.531 -0.550 -0.764 -0.840 -0.234  1.000  0.256
       24  0.99613  -0.164  0.215 -0.207 -0.363 -0.610 -0.440 -0.420 -0.395 -0.588  0.256  1.000
 ERR MATRIX APPROXIMATE
MINUIT - FIT ONLY 1-y
 **********
 **   51 **RES 
 **********
                   PARAMETER   16  beta_vw RESTORED TO VARIABLE.
                   PARAMETER   14  alpha_vw RESTORED TO VARIABLE.
                   PARAMETER   13  beta_y RESTORED TO VARIABLE.
                   PARAMETER   11  alpha_y RESTORED TO VARIABLE.
                   PARAMETER   10  beta_2CBO RESTORED TO VARIABLE.
 **********
 **   52 **FIX            0
 **********
 PARAMETER    0  IS UNDEFINED. IGNORED.
 **********
 **   53 **FIX            1
 **********
 **********
 **   54 **FIX            2
 **********
 PARAMETER    2  IS CONSTANT.   IGNORED.
 **********
 **   55 **FIX            3
 **********
 **********
 **   56 **FIX            4
 **********
 **********
 **   57 **FIX            5
 **********
 PARAMETER    5  IS CONSTANT.   IGNORED.
 **********
 **   58 **FIX            6
 **********
 **********
 **   59 **FIX            7
 **********
 PARAMETER    7  IS CONSTANT.   IGNORED.
 **********
 **   60 **FIX            8
 **********
 **********
 **   61 **FIX            9
 **********
 **********
 **   62 **FIX           13
 **********
 **********
 **   63 **FIX           14
 **********
 **********
 **   64 **FIX           15
 **********
 PARAMETER   15  IS CONSTANT.   IGNORED.
 **********
 **   65 **FIX           16
 **********
 **********
 **   66 **MIGRAD
 **********
 START MIGRAD MINIMIZATION.  STRATEGY  1.  CONVERGENCE WHEN EDM .LT. 1.00e-04
 FCN=327.337 FROM MIGRAD    STATUS=INITIATE       16 CALLS        5285 TOTAL
                     EDM= unknown      STRATEGY= 1      NO ERROR MATRIX       
  EXT PARAMETER               CURRENT GUESS       STEP         FIRST   
  NO.   NAME      VALUE            ERROR          SIZE      DERIVATIVE 
   1  N0           3.36934e+06     fixed    
   2  tau          6.43975e+01   constant   
   3  A0           2.87664e-01     fixed    
   4  phi          4.52684e+00     fixed    
   5  R           -6.08541e+01   constant   
   6  alpha_CBO    1.24399e-01     fixed    
   7  w_CBO        2.32500e+00   constant   
   8  beta_CBO     8.92941e-03     fixed    
   9  alpha_2CBO   1.64019e-02     fixed    
  10  beta_2CBO   -9.11354e-03   3.52158e-03   3.52158e-03   3.19815e+02
  11  alpha_y      0.00000e+00   1.00000e-03   1.00000e-03   1.98448e+05
  12  w_y          1.44500e+01   constant   
  13  beta_y       1.50389e-03     fixed    
  14  alpha_vw     0.00000e+00     fixed    
  15  w_vw         1.29000e+01   constant   
  16  beta_vw      0.00000e+00     fixed    
  17  LM          -3.35021e-04   constant   
  18  zeta_y       0.00000e+00   constant   
  19  zeta_vw      0.00000e+00   constant   
  20  T_CBO        1.08302e+02   7.35271e+00  -6.47335e-04   8.54787e+00
  21  alpha_A0     8.50983e-01   4.18991e-02  -1.13838e-03  -1.88642e+01
  22  beta_A0      4.57802e-01   2.38825e-02  -7.65689e-04   8.59741e+00
  23  alpha_phi   -2.07608e-02   4.27913e-02   9.51338e-04   3.02482e+01
  24  beta_phi    -5.25255e-01   1.14022e-02   3.78954e-04  -4.06269e+01
 CALL LIMIT EXCEEDED IN MIGRAD.
 MIGRAD TERMINATED WITHOUT CONVERGENCE.
 FCN=112.122 FROM MIGRAD    STATUS=CALL LIMIT   1159 CALLS        6428 TOTAL
                     EDM=0.027388    STRATEGY= 1  ERROR MATRIX UNCERTAINTY  28.0 per cent
  EXT PARAMETER                APPROXIMATE        STEP         FIRST   
  NO.   NAME      VALUE            ERROR          SIZE      DERIVATIVE 
   1  N0           3.36934e+06     fixed    
   2  tau          6.43975e+01   constant   
   3  A0           2.87664e-01     fixed    
   4  phi          4.52684e+00     fixed    
   5  R           -6.08541e+01   constant   
   6  alpha_CBO    1.24399e-01     fixed    
   7  w_CBO        2.32500e+00   constant   
   8  beta_CBO     8.92941e-03     fixed    
   9  alpha_2CBO   1.64019e-02     fixed    
  10  beta_2CBO   -9.18662e-03   1.77534e-04  -9.67092e-07  -5.62240e+01
  11  alpha_y     -2.16278e-03   1.48500e-04   2.35760e-06   2.06500e+02
  12  w_y          1.44500e+01   constant   
  13  beta_y       1.50389e-03     fixed    
  14  alpha_vw     0.00000e+00     fixed    
  15  w_vw         1.29000e+01   constant   
  16  beta_vw      0.00000e+00     fixed    
  17  LM          -3.35021e-04   constant   
  18  zeta_y       0.00000e+00   constant   
  19  zeta_vw      0.00000e+00   constant   
  20  T_CBO        6.13945e+01   5.22159e+00  -2.05158e-03  -4.60504e+02
  21  alpha_A0     1.10023e+00   5.52668e-02   5.23799e-03  -8.31260e+01
  22  beta_A0      5.93099e-01   2.95096e-02   2.80288e-03  -7.02232e+01
  23  alpha_phi   -3.97938e-02   4.14333e-03  -2.97390e-04   4.51626e+01
  24  beta_phi    -6.85146e-01   3.57583e-02  -3.33679e-03   8.95808e+01
 EXTERNAL ERROR MATRIX.    NDIM=  25    NPAR=  7    ERR DEF=1
  3.152e-08  1.569e-10  4.975e-05 -6.431e-07 -3.177e-07 -2.791e-08  2.528e-07 
  1.569e-10  2.205e-08  1.432e-05 -9.696e-08 -7.867e-08  6.121e-08  5.706e-08 
  4.975e-05  1.432e-05  2.727e+01 -2.885e-01 -1.539e-01  1.877e-02  1.866e-01 
 -6.431e-07 -9.696e-08 -2.885e-01  3.054e-03  1.629e-03 -1.964e-04 -1.973e-03 
 -3.177e-07 -7.867e-08 -1.539e-01  1.629e-03  8.708e-04 -1.052e-04 -1.052e-03 
 -2.791e-08  6.121e-08  1.877e-02 -1.964e-04 -1.052e-04  1.717e-05  1.285e-04 
  2.528e-07  5.706e-08  1.866e-01 -1.973e-03 -1.052e-03  1.285e-04  1.279e-03 
ERR MATRIX APPROXIMATE
 PARAMETER  CORRELATION COEFFICIENTS  
       NO.  GLOBAL     10     11     20     21     22     23     24
       10  0.47241   1.000  0.006  0.054 -0.066 -0.061 -0.038  0.040
       11  0.35591   0.006  1.000  0.018 -0.012 -0.018  0.099  0.011
       20  0.99992   0.054  0.018  1.000 -1.000 -0.999  0.868  0.999
       21  0.99981  -0.066 -0.012 -1.000  1.000  0.999 -0.858 -0.998
       22  0.99938  -0.061 -0.018 -0.999  0.999  1.000 -0.861 -0.997
       23  0.93013  -0.038  0.099  0.868 -0.858 -0.861  1.000  0.867
       24  0.99954   0.040  0.011  0.999 -0.998 -0.997  0.867  1.000
 ERR MATRIX APPROXIMATE
MINUIT - FIT ONLY 2-y
 **********
 **   67 **RES 
 **********
                   PARAMETER   16  beta_vw RESTORED TO VARIABLE.
                   PARAMETER   14  alpha_vw RESTORED TO VARIABLE.
                   PARAMETER   13  beta_y RESTORED TO VARIABLE.
                   PARAMETER    9  alpha_2CBO RESTORED TO VARIABLE.
                   PARAMETER    8  beta_CBO RESTORED TO VARIABLE.
                   PARAMETER    6  alpha_CBO RESTORED TO VARIABLE.
                   PARAMETER    4  phi RESTORED TO VARIABLE.
                   PARAMETER    3  A0 RESTORED TO VARIABLE.
                   PARAMETER    1  N0 RESTORED TO VARIABLE.
 **********
 **   68 **FIX            0
 **********
 PARAMETER    0  IS UNDEFINED. IGNORED.
 **********
 **   69 **FIX            1
 **********
 **********
 **   70 **FIX            2
 **********
 PARAMETER    2  IS CONSTANT.   IGNORED.
 **********
 **   71 **FIX            3
 **********
 **********
 **   72 **FIX            4
 **********
 **********
 **   73 **FIX            5
 **********
 PARAMETER    5  IS CONSTANT.   IGNORED.
 **********
 **   74 **FIX            6
 **********
 **********
 **   75 **FIX            7
 **********
 PARAMETER    7  IS CONSTANT.   IGNORED.
 **********
 **   76 **FIX            8
 **********
 **********
 **   77 **FIX            9
 **********
 **********
 **   78 **FIX           10
 **********
 **********
 **   79 **FIX           11
 **********
 **********
 **   80 **FIX           12
 **********
 PARAMETER   12  IS CONSTANT.   IGNORED.
 **********
 **   81 **FIX           16
 **********
 **********
 **   82 **MIGRAD
 **********
 START MIGRAD MINIMIZATION.  STRATEGY  1.  CONVERGENCE WHEN EDM .LT. 1.00e-04
 FCN=112.122 FROM MIGRAD    STATUS=INITIATE       16 CALLS        6444 TOTAL
                     EDM= unknown      STRATEGY= 1      NO ERROR MATRIX       
  EXT PARAMETER               CURRENT GUESS       STEP         FIRST   
  NO.   NAME      VALUE            ERROR          SIZE      DERIVATIVE 
   1  N0           3.36934e+06     fixed    
   2  tau          6.43975e+01   constant   
   3  A0           2.87664e-01     fixed    
   4  phi          4.52684e+00     fixed    
   5  R           -6.08541e+01   constant   
   6  alpha_CBO    1.24399e-01     fixed    
   7  w_CBO        2.32500e+00   constant   
   8  beta_CBO     8.92941e-03     fixed    
   9  alpha_2CBO   1.64019e-02     fixed    
  10  beta_2CBO   -9.18662e-03     fixed    
  11  alpha_y     -2.16278e-03     fixed    
  12  w_y          1.44500e+01   constant   
  13  beta_y       1.50389e-03   1.53981e-04   1.53981e-04  -2.46178e+03
  14  alpha_vw     0.00000e+00   1.00000e-03   1.00000e-03  -2.36449e+03
  15  w_vw         1.29000e+01   constant   
  16  beta_vw      0.00000e+00     fixed    
  17  LM          -3.35021e-04   constant   
  18  zeta_y       0.00000e+00   constant   
  19  zeta_vw      0.00000e+00   constant   
  20  T_CBO        6.13945e+01   5.22159e+00  -2.05158e-03  -4.60504e+02
  21  alpha_A0     1.10023e+00   5.52668e-02   5.23799e-03  -8.31260e+01
  22  beta_A0      5.93099e-01   2.95096e-02   2.80288e-03  -7.02232e+01
  23  alpha_phi   -3.97938e-02   4.14333e-03  -2.97390e-04   4.51626e+01
  24  beta_phi    -6.85146e-01   3.57583e-02  -3.33679e-03   8.95808e+01
 MIGRAD MINIMIZATION HAS CONVERGED.
 MIGRAD WILL VERIFY CONVERGENCE AND ERROR MATRIX.
 COVARIANCE MATRIX CALCULATED SUCCESSFULLY
 FCN=112.072 FROM HESSE     STATUS=OK             50 CALLS        6558 TOTAL
                     EDM=0.0788858    STRATEGY= 1      ERROR MATRIX ACCURATE 
  EXT PARAMETER                                   STEP         FIRST   
  NO.   NAME      VALUE            ERROR          SIZE      DERIVATIVE 
   1  N0           3.36934e+06     fixed    
   2  tau          6.43975e+01   constant   
   3  A0           2.87664e-01     fixed    
   4  phi          4.52684e+00     fixed    
   5  R           -6.08541e+01   constant   
   6  alpha_CBO    1.24399e-01     fixed    
   7  w_CBO        2.32500e+00   constant   
   8  beta_CBO     8.92941e-03     fixed    
   9  alpha_2CBO   1.64019e-02     fixed    
  10  beta_2CBO   -9.18662e-03     fixed    
  11  alpha_y     -2.16278e-03     fixed    
  12  w_y          1.44500e+01   constant   
  13  beta_y       1.52402e-03   1.75020e-04   7.79982e-07  -2.92166e+00
  14  alpha_vw     1.50296e-05   1.69404e-04   7.47808e-07   3.55166e+00
  15  w_vw         1.29000e+01   constant   
  16  beta_vw      0.00000e+00     fixed    
  17  LM          -3.35021e-04   constant   
  18  zeta_y       0.00000e+00   constant   
  19  zeta_vw      0.00000e+00   constant   
  20  T_CBO        6.13971e+01   2.02045e+01   1.75476e-06   4.06869e+00
  21  alpha_A0     1.10025e+00   2.16306e-01   6.07650e-06  -3.40774e-01
  22  beta_A0      5.93108e-01   1.15439e-01   6.68719e-06  -9.17014e-01
  23  alpha_phi   -3.97992e-02   1.45816e-02   1.01623e-05   1.17034e-01
  24  beta_phi    -6.85221e-01   1.40706e-01   8.18322e-06   2.68758e-01
 MIGRAD MINIMIZATION HAS CONVERGED.
 MIGRAD WILL VERIFY CONVERGENCE AND ERROR MATRIX.
 COVARIANCE MATRIX CALCULATED SUCCESSFULLY
 FCN=112.03 FROM MIGRAD    STATUS=CONVERGED     419 CALLS        6847 TOTAL
                     EDM=2.13447e-05    STRATEGY= 1      ERROR MATRIX ACCURATE 
  EXT PARAMETER                                   STEP         FIRST   
  NO.   NAME      VALUE            ERROR          SIZE      DERIVATIVE 
   1  N0           3.36934e+06     fixed    
   2  tau          6.43975e+01   constant   
   3  A0           2.87664e-01     fixed    
   4  phi          4.52684e+00     fixed    
   5  R           -6.08541e+01   constant   
   6  alpha_CBO    1.24399e-01     fixed    
   7  w_CBO        2.32500e+00   constant   
   8  beta_CBO     8.92941e-03     fixed    
   9  alpha_2CBO   1.64019e-02     fixed    
  10  beta_2CBO   -9.18662e-03     fixed    
  11  alpha_y     -2.16278e-03     fixed    
  12  w_y          1.44500e+01   constant   
  13  beta_y       1.52100e-03   1.74649e-04   7.79833e-07   4.64321e+00
  14  alpha_vw     1.97636e-05   1.68495e-04   7.47664e-07  -5.38553e+00
  15  w_vw         1.29000e+01   constant   
  16  beta_vw      0.00000e+00     fixed    
