 + ++++++++++++++++++++++++++++++++++++++++++++++++++++++++++++++++++++ +
 +                                                                      +
 +           You have chose to blind your fitting according to          +
 +                omega_ref * (1 + (R +/- deltaR) *10^{-6})             +
 +                                                                      +
 + ++++++++++++++++++++++++++++++++++++++++++++++++++++++++++++++++++++ +
In main()...
reading format from /gm2data/zkhechad/run45/envelope/formats/formatB_sBin_constraintOn.txt
pBinTau 	= 0  
pBinPhi 	= 0  
constraintau 	= 1 
includeMopTerm 	= 0    
constrainMop    = 0   
Parameters after format file: pBinTau 0 pBinPhi 0 constraintau 1 includeMopTerm 0 constrainMop 0 c_e_scale 0.000000 
Opening file /gm2data/tbarrett/gm2fr/studies/run23_bunch_corrections/CorrectedFourier_Run3b.root.
reading full fit data from /gm2data/zkhechad/cboTemplates/Run4CBOTemplates/fullFits/noRF/sBin_constraintOn_cE0.0_seed0_noRF_calo11.root
windowBins = 69
fitting sliding window 490 from bin 626 at 93.250000 to bin 695 at 103.694000 (69 bins)

Reading data from /gm2data/cornell/histograms/aMethod/histogram_a_noRF.root
 **********
 **    1 **SET PRINTOUT            1
 **********
 **********
 **    2 **SET NOWARNINGS 
 **********
 PARAMETER DEFINITIONS:
    NO.   NAME         VALUE      STEP SIZE      LIMITS
     1 N0           3.16093e+06  1.00000e+02     no limits
     2 tau          6.43989e+01  constant
     3 A0           3.42733e-01  1.00000e-04     no limits
     4 phi          4.11801e+00  1.00000e-02     no limits
     5 R           -6.14725e+01  constant
     6 alpha_CBO    0.00000e+00  1.00000e-03     no limits
     7 w_CBO        2.32500e+00  constant
     8 beta_CBO     0.00000e+00  1.00000e-03     no limits
     9 alpha_2CBO   0.00000e+00  1.00000e-03     no limits
    10 beta_2CBO    0.00000e+00  1.00000e-03     no limits
    11 alpha_y      0.00000e+00  1.00000e-03     no limits
    12 w_y          1.38860e+01  constant
    13 beta_y       0.00000e+00  1.00000e-03     no limits
    14 alpha_vw     0.00000e+00  1.00000e-03     no limits
    15 w_vw         1.43404e+01  constant
    16 beta_vw      0.00000e+00  1.00000e-03     no limits
    17 LM          -2.06090e-04  constant
    18 zeta_y       0.00000e+00  constant
    19 zeta_vw      0.00000e+00  constant
    20 T_CBO        1.00000e+02  1.00000e+00    0.00000e+00  1.00000e+03
    21 alpha_A0     0.00000e+00  1.00000e-04   -1.00000e-02  1.00000e-02
    22 beta_A0      0.00000e+00  1.00000e-04   -1.00000e-02  1.00000e-02
    23 alpha_phi    0.00000e+00  1.00000e-04   -1.00000e-02  1.00000e-02
    24 beta_phi     0.00000e+00  1.00000e-04   -1.00000e-02  1.00000e-02
MINUIT - FIT ONLY WIGGLE
 **********
 **    3 **FIX            5
 **********
 PARAMETER    5  IS CONSTANT.   IGNORED.
 **********
 **    4 **FIX            6
 **********
 **********
 **    5 **FIX            7
 **********
 PARAMETER    7  IS CONSTANT.   IGNORED.
 **********
 **    6 **FIX            8
 **********
 **********
 **    7 **FIX            9
 **********
 **********
 **    8 **FIX           10
 **********
 **********
 **    9 **FIX           11
 **********
 **********
 **   10 **FIX           12
 **********
 PARAMETER   12  IS CONSTANT.   IGNORED.
 **********
 **   11 **FIX           13
 **********
 **********
 **   12 **FIX           14
 **********
 **********
 **   13 **FIX           15
 **********
 PARAMETER   15  IS CONSTANT.   IGNORED.
 **********
 **   14 **FIX           16
 **********
 **********
 **   15 **MIGRAD
 **********
 FIRST CALL TO USER FUNCTION AT NEW START POINT, WITH IFLAG=4.
 START MIGRAD MINIMIZATION.  STRATEGY  1.  CONVERGENCE WHEN EDM .LT. 1.00e-04
 FCN=2481.2 FROM MIGRAD    STATUS=INITIATE      435 CALLS         436 TOTAL
                     EDM= unknown      STRATEGY= 1      NO ERROR MATRIX       
  EXT PARAMETER               CURRENT GUESS       STEP         FIRST   
  NO.   NAME      VALUE            ERROR          SIZE      DERIVATIVE 
   1  N0           3.16093e+06   1.00000e+02   0.00000e+00  -4.19229e-02
   2  tau          6.43989e+01   constant   
   3  A0           3.42733e-01   1.00000e-04   0.00000e+00  -1.40218e+05
   4  phi          4.11801e+00   1.00000e-02   0.00000e+00   1.19704e+04
   5  R           -6.14725e+01   constant   
   6  alpha_CBO    0.00000e+00     fixed    
   7  w_CBO        2.32500e+00   constant   
   8  beta_CBO     0.00000e+00     fixed    
   9  alpha_2CBO   0.00000e+00     fixed    
  10  beta_2CBO    0.00000e+00     fixed    
  11  alpha_y      0.00000e+00     fixed    
  12  w_y          1.38860e+01   constant   
  13  beta_y       0.00000e+00     fixed    
  14  alpha_vw     0.00000e+00     fixed    
  15  w_vw         1.43404e+01   constant   
  16  beta_vw      0.00000e+00     fixed    
  17  LM          -2.06090e-04   constant   
  18  zeta_y       0.00000e+00   constant   
  19  zeta_vw      0.00000e+00   constant   
  20  T_CBO        1.00000e+02   1.00000e+00   0.00000e+00   0.00000e+00
  21  alpha_A0     0.00000e+00   1.00000e-04   0.00000e+00   5.13967e+01
  22  beta_A0      0.00000e+00   1.00000e-04   0.00000e+00  -3.55609e+01
  23  alpha_phi    0.00000e+00   1.00000e-04   0.00000e+00  -1.10088e+02
  24  beta_phi     0.00000e+00   1.00000e-04   0.00000e+00  -5.74984e+01
 MIGRAD MINIMIZATION HAS CONVERGED.
 FCN=2265.46 FROM MIGRAD    STATUS=CONVERGED     565 CALLS         566 TOTAL
                     EDM=1.19069e-06    STRATEGY= 1  ERROR MATRIX UNCERTAINTY   2.0 per cent
  EXT PARAMETER                                   STEP         FIRST   
  NO.   NAME      VALUE            ERROR          SIZE      DERIVATIVE 
   1  N0           3.16150e+06   2.98231e+02   1.10587e-01   1.21087e-06
   2  tau          6.43989e+01   constant   
   3  A0           3.43999e-01   1.26280e-04   6.14341e-08   2.55694e-01
   4  phi          4.11729e+00   3.74124e-04   6.64180e-07  -4.99763e-01
   5  R           -6.14725e+01   constant   
   6  alpha_CBO    0.00000e+00     fixed    
   7  w_CBO        2.32500e+00   constant   
   8  beta_CBO     0.00000e+00     fixed    
   9  alpha_2CBO   0.00000e+00     fixed    
  10  beta_2CBO    0.00000e+00     fixed    
  11  alpha_y      0.00000e+00     fixed    
  12  w_y          1.38860e+01   constant   
  13  beta_y       0.00000e+00     fixed    
  14  alpha_vw     0.00000e+00     fixed    
  15  w_vw         1.43404e+01   constant   
  16  beta_vw      0.00000e+00     fixed    
  17  LM          -2.06090e-04   constant   
  18  zeta_y       0.00000e+00   constant   
  19  zeta_vw      0.00000e+00   constant   
  20  T_CBO        1.33564e+02   1.98570e+01   3.47661e-04  -8.52460e-03
  21  alpha_A0    -5.35578e-03   1.18796e-03   2.35003e-04  -1.05097e-03
  22  beta_A0      4.20896e-03   1.12507e-03  -1.54161e-04   6.82122e-03
  23  alpha_phi    8.77226e-03   6.70303e-04   2.56009e-04   1.17373e-02
  24  beta_phi     5.75860e-03   1.12099e-03   4.33474e-05   3.42954e-03
 EXTERNAL ERROR MATRIX.    NDIM=  25    NPAR=  8    ERR DEF=1
  8.894e+04 -4.138e-03  1.281e-02 -8.294e+02 -6.205e-03 -6.612e-02 -3.539e-02 -4.569e-03 
 -4.138e-03  1.595e-08  2.674e-10  2.617e-04 -8.978e-09  1.433e-08  8.525e-10  1.505e-08 
  1.281e-02  2.674e-10  1.400e-07 -5.599e-04 -2.985e-08  6.020e-11 -2.064e-08  3.735e-08 
 -8.294e+02  2.617e-04 -5.599e-04  3.947e+02  8.415e-03 -5.078e-03 -2.009e-03 -8.436e-03 
 -6.205e-03 -8.978e-09 -2.985e-08  8.415e-03  1.421e-06 -2.630e-07  5.036e-08 -1.233e-07 
 -6.612e-02  1.433e-08  6.020e-11 -5.078e-03 -2.630e-07  1.272e-06 -4.027e-08  2.250e-07 
 -3.539e-02  8.525e-10 -2.064e-08 -2.009e-03  5.036e-08 -4.027e-08  4.523e-07 -7.193e-08 
 -4.569e-03  1.505e-08  3.735e-08 -8.436e-03 -1.233e-07  2.250e-07 -7.193e-08  1.265e-06 
 PARAMETER  CORRELATION COEFFICIENTS  
       NO.  GLOBAL      1      3      4     20     21     22     23     24
        1  0.37601   1.000 -0.110  0.115 -0.140 -0.017 -0.197 -0.176 -0.014
        3  0.25508  -0.110  1.000  0.006  0.104 -0.060  0.101  0.010  0.106
        4  0.16726   0.115  0.006  1.000 -0.075 -0.067  0.000 -0.082  0.089
       20  0.60678  -0.140  0.104 -0.075  1.000  0.355 -0.227 -0.150 -0.378
       21  0.41229  -0.017 -0.060 -0.067  0.355  1.000 -0.196  0.063 -0.092
       22  0.38021  -0.197  0.101  0.000 -0.227 -0.196  1.000 -0.053  0.177
       23  0.36397  -0.176  0.010 -0.082 -0.150  0.063 -0.053  1.000 -0.095
       24  0.45734  -0.014  0.106  0.089 -0.378 -0.092  0.177 -0.095  1.000
MINUIT - FIT ONLY 1-CBO + wiggle
 **********
 **   16 **RES 
 **********
                   PARAMETER   16  beta_vw RESTORED TO VARIABLE.
                   PARAMETER   14  alpha_vw RESTORED TO VARIABLE.
                   PARAMETER   13  beta_y RESTORED TO VARIABLE.
                   PARAMETER   11  alpha_y RESTORED TO VARIABLE.
                   PARAMETER   10  beta_2CBO RESTORED TO VARIABLE.
                   PARAMETER    9  alpha_2CBO RESTORED TO VARIABLE.
                   PARAMETER    8  beta_CBO RESTORED TO VARIABLE.
                   PARAMETER    6  alpha_CBO RESTORED TO VARIABLE.
 **********
 **   17 **FIX            8
 **********
 **********
 **   18 **FIX            9
 **********
 **********
 **   19 **FIX           11
 **********
 **********
 **   20 **FIX           12
 **********
 PARAMETER   12  IS CONSTANT.   IGNORED.
 **********
 **   21 **FIX           14
 **********
 **********
 **   22 **FIX           15
 **********
 PARAMETER   15  IS CONSTANT.   IGNORED.
 **********
 **   23 **FIX           16
 **********
 **********
 **   24 **MIGRAD
 **********
 START MIGRAD MINIMIZATION.  STRATEGY  1.  CONVERGENCE WHEN EDM .LT. 1.00e-04
 FCN=2265.46 FROM MIGRAD    STATUS=INITIATE       28 CALLS         594 TOTAL
                     EDM= unknown      STRATEGY= 1      NO ERROR MATRIX       
  EXT PARAMETER               CURRENT GUESS       STEP         FIRST   
  NO.   NAME      VALUE            ERROR          SIZE      DERIVATIVE 
   1  N0           3.16150e+06   2.98231e+02   1.10587e-01   1.21086e-06
   2  tau          6.43989e+01   constant   
   3  A0           3.43999e-01   1.26280e-04   6.14341e-08   2.55698e-01
   4  phi          4.11729e+00   3.74124e-04   6.64180e-07  -4.99763e-01
   5  R           -6.14725e+01   constant   
   6  alpha_CBO    0.00000e+00   1.00000e-03   1.00000e-03  -6.91823e+05
   7  w_CBO        2.32500e+00   constant   
   8  beta_CBO     0.00000e+00     fixed    
   9  alpha_2CBO   0.00000e+00     fixed    
  10  beta_2CBO    0.00000e+00   1.00000e-03   1.00000e-03   3.58351e+04
  11  alpha_y      0.00000e+00     fixed    
  12  w_y          1.38860e+01   constant   
  13  beta_y       0.00000e+00   1.00000e-03   1.00000e-03  -1.65499e+05
  14  alpha_vw     0.00000e+00     fixed    
  15  w_vw         1.43404e+01   constant   
  16  beta_vw      0.00000e+00     fixed    
  17  LM          -2.06090e-04   constant   
  18  zeta_y       0.00000e+00   constant   
  19  zeta_vw      0.00000e+00   constant   
  20  T_CBO        1.33564e+02   1.98570e+01   3.47661e-04  -8.52701e-03
  21  alpha_A0    -5.35578e-03   1.18796e-03   2.35003e-04  -1.05161e-03
  22  beta_A0      4.20896e-03   1.12507e-03  -1.54161e-04   6.82149e-03
  23  alpha_phi    8.77226e-03   6.70303e-04   2.56009e-04   1.17350e-02
  24  beta_phi     5.75860e-03   1.12099e-03   4.33474e-05   3.42990e-03
 MIGRAD MINIMIZATION HAS CONVERGED.
 FCN=124.617 FROM MIGRAD    STATUS=CONVERGED    1406 CALLS        1972 TOTAL
                     EDM=6.24643e-06    STRATEGY= 1  ERROR MATRIX UNCERTAINTY   0.1 per cent
  EXT PARAMETER                                   STEP         FIRST   
  NO.   NAME      VALUE            ERROR          SIZE      DERIVATIVE 
   1  N0           3.16076e+06   2.66025e+02   1.80709e-02  -4.62432e-06
   2  tau          6.43989e+01   constant   
   3  A0           3.42794e-01   1.24869e-04  -6.11907e-08   6.45448e+00
   4  phi          4.11735e+00   3.62088e-04  -1.84976e-07   2.14395e+00
   5  R           -6.14725e+01   constant   
   6  alpha_CBO    5.88037e-03   1.30241e-04   6.85512e-08  -5.24423e+00
   7  w_CBO        2.32500e+00   constant   
   8  beta_CBO     0.00000e+00     fixed    
   9  alpha_2CBO   0.00000e+00     fixed    
  10  beta_2CBO   -2.93710e-05   1.25747e-04  -3.79450e-08  -4.61160e+00
  11  alpha_y      0.00000e+00     fixed    
  12  w_y          1.38860e+01   constant   
  13  beta_y       1.29060e-03   1.21913e-04  -3.37679e-08   9.82917e+00
  14  alpha_vw     0.00000e+00     fixed    
  15  w_vw         1.43404e+01   constant   
  16  beta_vw      0.00000e+00     fixed    
  17  LM          -2.06090e-04   constant   
  18  zeta_y       0.00000e+00   constant   
  19  zeta_vw      0.00000e+00   constant   
  20  T_CBO        9.99923e+02   9.26111e+02   5.28519e-02  -1.72190e-04
  21  alpha_A0     6.60461e-04   6.17744e-04   1.41198e-05  -2.05642e-02
  22  beta_A0      2.61043e-03   6.19490e-04  -1.07842e-04  -2.82242e-02
  23  alpha_phi    3.32413e-03   5.79668e-04  -1.27458e-04  -3.71134e-02
  24  beta_phi     2.15804e-03   5.69935e-04  -2.52584e-05  -5.41108e-02
 EXTERNAL ERROR MATRIX.    NDIM=  25    NPAR= 11    ERR DEF=1
  7.077e+04 
 -2.831e-04  1.559e-08 
  4.986e-03  3.195e-09  1.311e-07 
 -2.001e-03 -3.508e-09 -3.715e-10  1.696e-08 
 -1.440e-03 -3.267e-10  2.279e-09  7.523e-10  1.581e-08 
  2.169e-04  4.370e-10  6.940e-10  6.924e-11  7.529e-11  1.486e-08 
  2.166e+02 -1.314e-04  9.388e-05  1.126e-04 -1.317e-04  6.618e-05  1.720e+04 
  8.083e-03 -1.288e-08 -1.911e-08  1.149e-08 -1.289e-08 -2.159e-09 -3.498e-03  3.821e-07 
 -3.677e-02  7.529e-09  2.291e-09  1.645e-09  1.835e-09  3.027e-10 -1.608e-02 -4.868e-08  3.843e-07 
 -2.863e-02  4.089e-09 -2.497e-08 -3.181e-09 -4.007e-09  6.517e-10 -2.102e-02  1.852e-09 -2.317e-08  3.364e-07 
 -1.216e-02  9.468e-09  1.172e-08 -2.652e-09 -1.100e-08  3.326e-09 -1.268e-02 -1.840e-08  3.666e-08  1.230e-08  3.252e-07 
 PARAMETER  CORRELATION COEFFICIENTS  
       NO.  GLOBAL      1      3      4      6     10     13     20     21     22     23     24
        1  0.33780   1.000 -0.009  0.052 -0.058 -0.043  0.007  0.006  0.049 -0.223 -0.186 -0.080
        3  0.30584  -0.009  1.000  0.071 -0.216 -0.021  0.029 -0.008 -0.167  0.097  0.056  0.133
        4  0.17957   0.052  0.071  1.000 -0.008  0.050  0.016  0.002 -0.085  0.010 -0.119  0.057
        6  0.26332  -0.058 -0.216 -0.008  1.000  0.046  0.004  0.007  0.143  0.020 -0.042 -0.036
       10  0.26250  -0.043 -0.021  0.050  0.046  1.000  0.005 -0.008 -0.166  0.024 -0.055 -0.153
       13  0.06445   0.007  0.029  0.016  0.004  0.005  1.000  0.004 -0.029  0.004  0.009  0.048
       20  0.40591   0.006 -0.008  0.002  0.007 -0.008  0.004  1.000 -0.043 -0.198 -0.276 -0.170
       21  0.31014   0.049 -0.167 -0.085  0.143 -0.166 -0.029 -0.043  1.000 -0.127  0.005 -0.052
       22  0.37707  -0.223  0.097  0.010  0.020  0.024  0.004 -0.198 -0.127  1.000 -0.064  0.104
       23  0.40107  -0.186  0.056 -0.119 -0.042 -0.055  0.009 -0.276  0.005 -0.064  1.000  0.037
       24  0.29617  -0.080  0.133  0.057 -0.036 -0.153  0.048 -0.170 -0.052  0.104  0.037  1.000
MINUIT - FIT ONLY 2-CBO
 **********
 **   25 **RES 
 **********
                   PARAMETER   16  beta_vw RESTORED TO VARIABLE.
                   PARAMETER   14  alpha_vw RESTORED TO VARIABLE.
                   PARAMETER   11  alpha_y RESTORED TO VARIABLE.
                   PARAMETER    9  alpha_2CBO RESTORED TO VARIABLE.
                   PARAMETER    8  beta_CBO RESTORED TO VARIABLE.
 **********
 **   26 **FIX            0
 **********
 PARAMETER    0  IS UNDEFINED. IGNORED.
 **********
 **   27 **FIX            1
 **********
 **********
 **   28 **FIX            2
 **********
 PARAMETER    2  IS CONSTANT.   IGNORED.
 **********
 **   29 **FIX            3
 **********
 **********
 **   30 **FIX            4
 **********
 **********
 **   31 **FIX            5
 **********
 PARAMETER    5  IS CONSTANT.   IGNORED.
 **********
 **   32 **FIX            6
 **********
 **********
 **   33 **FIX            7
 **********
 PARAMETER    7  IS CONSTANT.   IGNORED.
 **********
 **   34 **FIX           10
 **********
 **********
 **   35 **FIX           11
 **********
 **********
 **   36 **FIX           12
 **********
 PARAMETER   12  IS CONSTANT.   IGNORED.
 **********
 **   37 **FIX           13
 **********
 **********
 **   38 **FIX           14
 **********
 **********
 **   39 **FIX           15
 **********
 PARAMETER   15  IS CONSTANT.   IGNORED.
 **********
 **   40 **FIX           16
 **********
 **********
 **   41 **MIGRAD
 **********
 START MIGRAD MINIMIZATION.  STRATEGY  1.  CONVERGENCE WHEN EDM .LT. 1.00e-04
 FCN=124.617 FROM MIGRAD    STATUS=INITIATE       18 CALLS        1990 TOTAL
                     EDM= unknown      STRATEGY= 1      NO ERROR MATRIX       
  EXT PARAMETER               CURRENT GUESS       STEP         FIRST   
  NO.   NAME      VALUE            ERROR          SIZE      DERIVATIVE 
   1  N0           3.16076e+06     fixed    
   2  tau          6.43989e+01   constant   
   3  A0           3.42794e-01     fixed    
   4  phi          4.11735e+00     fixed    
   5  R           -6.14725e+01   constant   
   6  alpha_CBO    5.88037e-03     fixed    
   7  w_CBO        2.32500e+00   constant   
   8  beta_CBO     0.00000e+00   1.00000e-03   1.00000e-03   4.47925e+04
   9  alpha_2CBO   0.00000e+00   1.00000e-03   1.00000e-03   2.35400e+04
  10  beta_2CBO   -2.93710e-05     fixed    
  11  alpha_y      0.00000e+00     fixed    
  12  w_y          1.38860e+01   constant   
  13  beta_y       1.29060e-03     fixed    
  14  alpha_vw     0.00000e+00     fixed    
  15  w_vw         1.43404e+01   constant   
  16  beta_vw      0.00000e+00     fixed    
  17  LM          -2.06090e-04   constant   
  18  zeta_y       0.00000e+00   constant   
  19  zeta_vw      0.00000e+00   constant   
  20  T_CBO        9.99923e+02   9.26111e+02   5.28519e-02  -1.72329e-04
  21  alpha_A0     6.60461e-04   6.17744e-04   1.41198e-05  -2.05641e-02
  22  beta_A0      2.61043e-03   6.19490e-04  -1.07842e-04  -2.82241e-02
  23  alpha_phi    3.32413e-03   5.79668e-04  -1.27458e-04  -3.71135e-02
  24  beta_phi     2.15804e-03   5.69935e-04  -2.52584e-05  -5.41108e-02
 MIGRAD MINIMIZATION HAS CONVERGED.
 MIGRAD WILL VERIFY CONVERGENCE AND ERROR MATRIX.
 COVARIANCE MATRIX CALCULATED SUCCESSFULLY
 FCN=114.504 FROM MIGRAD    STATUS=CONVERGED     131 CALLS        2103 TOTAL
                     EDM=4.37097e-07    STRATEGY= 1      ERROR MATRIX ACCURATE 
  EXT PARAMETER                                   STEP         FIRST   
  NO.   NAME      VALUE            ERROR          SIZE      DERIVATIVE 
   1  N0           3.16076e+06     fixed    
   2  tau          6.43989e+01   constant   
   3  A0           3.42794e-01     fixed    
   4  phi          4.11735e+00     fixed    
   5  R           -6.14725e+01   constant   
   6  alpha_CBO    5.88037e-03     fixed    
   7  w_CBO        2.32500e+00   constant   
   8  beta_CBO    -3.49192e-04   1.24323e-04   6.47410e-07  -1.04455e+00
   9  alpha_2CBO  -1.94814e-04   1.26749e-04   6.50579e-07   1.99245e+00
  10  beta_2CBO   -2.93710e-05     fixed    
  11  alpha_y      0.00000e+00     fixed    
  12  w_y          1.38860e+01   constant   
  13  beta_y       1.29060e-03     fixed    
  14  alpha_vw     0.00000e+00     fixed    
  15  w_vw         1.43404e+01   constant   
  16  beta_vw      0.00000e+00     fixed    
  17  LM          -2.06090e-04   constant   
  18  zeta_y       0.00000e+00   constant   
  19  zeta_vw      0.00000e+00   constant   
  20  T_CBO        1.00000e+03   8.58430e+02   1.14548e-01** at limit **
  21  alpha_A0     6.25787e-04   5.67612e-04   2.96748e-04   2.09849e-03
  22  beta_A0      2.34316e-03   5.96204e-04   3.09012e-04   6.28947e-03
  23  alpha_phi    3.46721e-03   5.87410e-04   3.12694e-04   1.26341e-02
  24  beta_phi     2.22746e-03   5.55122e-04   2.90867e-04   2.53326e-03
 EXTERNAL ERROR MATRIX.    NDIM=  25    NPAR=  7    ERR DEF=1
  1.546e-08  2.569e-10  1.713e-09  1.567e-09  6.096e-09 -1.238e-09 -5.177e-09 
  2.569e-10  1.607e-08  1.397e-07 -1.466e-11  1.117e-08 -9.722e-09  4.047e-09 
  1.713e-09  1.397e-07  3.279e+01  1.605e-04  6.364e-04  9.349e-04  5.997e-04 
  1.567e-09 -1.466e-11  1.605e-04  3.225e-07 -2.798e-08  4.202e-10  1.949e-09 
  6.096e-09  1.117e-08  6.364e-04 -2.798e-08  3.559e-07  1.507e-08  4.067e-08 
 -1.238e-09 -9.722e-09  9.349e-04  4.202e-10  1.507e-08  3.455e-07  2.654e-08 
 -5.177e-09  4.047e-09  5.997e-04  1.949e-09  4.067e-08  2.654e-08  3.085e-07 
 PARAMETER  CORRELATION COEFFICIENTS  
       NO.  GLOBAL      8      9     20     21     22     23     24
        8  0.12353   1.000  0.016  0.000  0.022  0.082 -0.017 -0.075
        9  0.20809   0.016  1.000  0.000 -0.000  0.148 -0.130  0.057
       20  0.36451   0.000  0.000  1.000  0.049  0.186  0.278  0.189
       21  0.11160   0.022 -0.000  0.049  1.000 -0.083  0.001  0.006
       22  0.28160   0.082  0.148  0.186 -0.083  1.000  0.043  0.123
       23  0.30971  -0.017 -0.130  0.278  0.001  0.043  1.000  0.081
       24  0.23175  -0.075  0.057  0.189  0.006  0.123  0.081  1.000
MINUIT - FIT wiggle + 1-CBO + 2-CBO
 **********
 **   42 **RES 
 **********
                   PARAMETER   16  beta_vw RESTORED TO VARIABLE.
                   PARAMETER   14  alpha_vw RESTORED TO VARIABLE.
                   PARAMETER   13  beta_y RESTORED TO VARIABLE.
                   PARAMETER   11  alpha_y RESTORED TO VARIABLE.
                   PARAMETER   10  beta_2CBO RESTORED TO VARIABLE.
                   PARAMETER    6  alpha_CBO RESTORED TO VARIABLE.
                   PARAMETER    4  phi RESTORED TO VARIABLE.
                   PARAMETER    3  A0 RESTORED TO VARIABLE.
                   PARAMETER    1  N0 RESTORED TO VARIABLE.
 **********
 **   43 **FIX           10
 **********
 **********
 **   44 **FIX           11
 **********
 **********
 **   45 **FIX           12
 **********
 PARAMETER   12  IS CONSTANT.   IGNORED.
 **********
 **   46 **FIX           13
 **********
 **********
 **   47 **FIX           14
 **********
 **********
 **   48 **FIX           15
 **********
 PARAMETER   15  IS CONSTANT.   IGNORED.
 **********
 **   49 **FIX           16
 **********
 **********
 **   50 **MIGRAD
 **********
 START MIGRAD MINIMIZATION.  STRATEGY  1.  CONVERGENCE WHEN EDM .LT. 1.00e-04
 FCN=114.504 FROM MIGRAD    STATUS=INITIATE       22 CALLS        2125 TOTAL
                     EDM= unknown      STRATEGY= 1      NO ERROR MATRIX       
  EXT PARAMETER               CURRENT GUESS       STEP         FIRST   
  NO.   NAME      VALUE            ERROR          SIZE      DERIVATIVE 
   1  N0           3.16076e+06   2.66025e+02   2.66025e+02   6.72154e-04
   2  tau          6.43989e+01   constant   
   3  A0           3.42794e-01   1.24869e-04   1.24869e-04  -2.01426e+03
   4  phi          4.11735e+00   3.62088e-04   3.62088e-04  -3.22421e+03
   5  R           -6.14725e+01   constant   
   6  alpha_CBO    5.88037e-03   1.30241e-04   1.30241e-04  -2.48610e+03
   7  w_CBO        2.32500e+00   constant   
   8  beta_CBO    -3.49192e-04   1.24323e-04   6.47410e-07  -1.04461e+00
   9  alpha_2CBO  -1.94814e-04   1.26749e-04   6.50579e-07   1.99243e+00
  10  beta_2CBO   -2.93710e-05     fixed    
  11  alpha_y      0.00000e+00     fixed    
  12  w_y          1.38860e+01   constant   
  13  beta_y       1.29060e-03     fixed    
  14  alpha_vw     0.00000e+00     fixed    
  15  w_vw         1.43404e+01   constant   
  16  beta_vw      0.00000e+00     fixed    
  17  LM          -2.06090e-04   constant   
  18  zeta_y       0.00000e+00   constant   
  19  zeta_vw      0.00000e+00   constant   
  20  T_CBO        1.00000e+03   8.58430e+02   1.14548e-01** at limit **
  21  alpha_A0     6.25787e-04   5.67612e-04   2.96748e-04   2.09555e-03
  22  beta_A0      2.34316e-03   5.96204e-04   3.09012e-04   6.28280e-03
  23  alpha_phi    3.46721e-03   5.87410e-04   3.12694e-04   1.26244e-02
  24  beta_phi     2.22746e-03   5.55122e-04   2.90867e-04   2.52716e-03
 MIGRAD MINIMIZATION HAS CONVERGED.
 MIGRAD WILL VERIFY CONVERGENCE AND ERROR MATRIX.
 COVARIANCE MATRIX CALCULATED SUCCESSFULLY
 FCN=114.083 FROM MIGRAD    STATUS=CONVERGED     216 CALLS        2319 TOTAL
                     EDM=3.40569e-06    STRATEGY= 1      ERROR MATRIX ACCURATE 
  EXT PARAMETER                                   STEP         FIRST   
  NO.   NAME      VALUE            ERROR          SIZE      DERIVATIVE 
   1  N0           3.16075e+06   2.98747e+02   1.50716e+00   4.06437e-06
   2  tau          6.43989e+01   constant   
   3  A0           3.42811e-01   1.28003e-04   6.32260e-07  -5.49505e-01
   4  phi          4.11758e+00   3.82091e-04   1.96342e-06   1.26958e+00
   5  R           -6.14725e+01   constant   
   6  alpha_CBO    5.89853e-03   1.30637e-04   6.59693e-07   2.88530e+00
   7  w_CBO        2.32500e+00   constant   
   8  beta_CBO    -3.69399e-04   1.28268e-04   6.46234e-07  -8.79175e-01
   9  alpha_2CBO  -1.92192e-04   1.27212e-04   6.49397e-07   3.33016e+00
  10  beta_2CBO   -2.93710e-05     fixed    
  11  alpha_y      0.00000e+00     fixed    
  12  w_y          1.38860e+01   constant   
  13  beta_y       1.29060e-03     fixed    
  14  alpha_vw     0.00000e+00     fixed    
  15  w_vw         1.43404e+01   constant   
  16  beta_vw      0.00000e+00     fixed    
  17  LM          -2.06090e-04   constant   
  18  zeta_y       0.00000e+00   constant   
  19  zeta_vw      0.00000e+00   constant   
  20  T_CBO        1.00000e+03   5.64963e+02   5.83837e-02** at limit **
  21  alpha_A0     6.06196e-04   5.78708e-04   2.96165e-04   3.00712e-02
  22  beta_A0      2.35744e-03   6.09445e-04   3.08508e-04  -1.41852e-02
  23  alpha_phi    3.43729e-03   5.88377e-04   3.11732e-04   7.36801e-03
  24  beta_phi     2.27304e-03   5.59138e-04   2.90619e-04   3.70064e-03
 EXTERNAL ERROR MATRIX.    NDIM=  25    NPAR= 11    ERR DEF=1
  8.925e+04 
 -3.810e-03  1.638e-08 
  1.351e-02  2.616e-09  1.460e-07 
 -2.328e-03 -3.569e-09 -1.681e-10  1.707e-08 
  2.238e-04 -1.269e-09 -1.146e-08 -3.003e-10  1.645e-08 
  8.651e-04  9.171e-10  1.976e-09 -9.656e-10  7.823e-11  1.618e-08 
 -2.414e-03 -2.889e-09 -1.940e-08 -1.847e-10  1.697e-09 -1.209e-10  7.675e-04 
  7.079e-03 -1.149e-08 -1.203e-08  1.064e-08  3.046e-09 -1.108e-09  2.769e-07  3.353e-07 
 -4.526e-02  9.765e-09 -6.456e-09  9.542e-11  5.437e-09  1.115e-08  1.120e-06 -3.924e-08  3.719e-07 
 -4.041e-02  6.965e-09 -2.907e-08 -2.800e-09  2.150e-10 -9.972e-09  1.625e-06 -9.946e-09  2.238e-08  3.466e-07 
 -1.607e-02  1.233e-08  1.948e-08 -2.924e-09 -7.636e-09  4.839e-09  1.067e-06 -1.185e-08  4.412e-08  1.959e-08  3.130e-07 
 PARAMETER  CORRELATION COEFFICIENTS  
       NO.  GLOBAL      1      3      4      6      8      9     20     21     22     23     24
        1  0.36220   1.000 -0.100  0.118 -0.060  0.006  0.023 -0.000  0.041 -0.248 -0.230 -0.096
        3  0.33286  -0.100  1.000  0.053 -0.213 -0.077  0.056 -0.001 -0.155  0.125  0.092  0.172
        4  0.30143   0.118  0.053  1.000 -0.003 -0.234  0.041 -0.002 -0.054 -0.028 -0.129  0.091
        6  0.26571  -0.060 -0.213 -0.003  1.000 -0.018 -0.058 -0.000  0.141  0.001 -0.036 -0.040
        8  0.27367   0.006 -0.077 -0.234 -0.018  1.000  0.005  0.000  0.041  0.070  0.003 -0.106
        9  0.22413   0.023  0.056  0.041 -0.058  0.005  1.000 -0.000 -0.015  0.144 -0.133  0.068
       20  0.14029  -0.000 -0.001 -0.002 -0.000  0.000 -0.000  1.000  0.017  0.066  0.100  0.069
       21  0.22367   0.041 -0.155 -0.054  0.141  0.041 -0.015  0.017  1.000 -0.111 -0.029 -0.037
       22  0.34501  -0.248  0.125 -0.028  0.001  0.070  0.144  0.066 -0.111  1.000  0.062  0.129
       23  0.31461  -0.230  0.092 -0.129 -0.036  0.003 -0.133  0.100 -0.029  0.062  1.000  0.059
       24  0.25945  -0.096  0.172  0.091 -0.040 -0.106  0.068  0.069 -0.037  0.129  0.059  1.000
MINUIT - FIT ONLY 1-y
 **********
 **   51 **RES 
 **********
                   PARAMETER   16  beta_vw RESTORED TO VARIABLE.
                   PARAMETER   14  alpha_vw RESTORED TO VARIABLE.
                   PARAMETER   13  beta_y RESTORED TO VARIABLE.
                   PARAMETER   11  alpha_y RESTORED TO VARIABLE.
                   PARAMETER   10  beta_2CBO RESTORED TO VARIABLE.
 **********
 **   52 **FIX            0
 **********
 PARAMETER    0  IS UNDEFINED. IGNORED.
 **********
 **   53 **FIX            1
 **********
 **********
 **   54 **FIX            2
 **********
 PARAMETER    2  IS CONSTANT.   IGNORED.
 **********
 **   55 **FIX            3
 **********
 **********
 **   56 **FIX            4
 **********
 **********
 **   57 **FIX            5
 **********
 PARAMETER    5  IS CONSTANT.   IGNORED.
 **********
 **   58 **FIX            6
 **********
 **********
 **   59 **FIX            7
 **********
 PARAMETER    7  IS CONSTANT.   IGNORED.
 **********
 **   60 **FIX            8
 **********
 **********
 **   61 **FIX            9
 **********
 **********
 **   62 **FIX           13
 **********
 **********
 **   63 **FIX           14
 **********
 **********
 **   64 **FIX           15
 **********
 PARAMETER   15  IS CONSTANT.   IGNORED.
 **********
 **   65 **FIX           16
 **********
 **********
 **   66 **MIGRAD
 **********
 START MIGRAD MINIMIZATION.  STRATEGY  1.  CONVERGENCE WHEN EDM .LT. 1.00e-04
 FCN=114.083 FROM MIGRAD    STATUS=INITIATE       16 CALLS        2335 TOTAL
                     EDM= unknown      STRATEGY= 1      NO ERROR MATRIX       
  EXT PARAMETER               CURRENT GUESS       STEP         FIRST   
  NO.   NAME      VALUE            ERROR          SIZE      DERIVATIVE 
   1  N0           3.16075e+06     fixed    
   2  tau          6.43989e+01   constant   
   3  A0           3.42811e-01     fixed    
   4  phi          4.11758e+00     fixed    
   5  R           -6.14725e+01   constant   
   6  alpha_CBO    5.89853e-03     fixed    
   7  w_CBO        2.32500e+00   constant   
   8  beta_CBO    -3.69399e-04     fixed    
   9  alpha_2CBO  -1.92192e-04     fixed    
  10  beta_2CBO   -2.93710e-05   1.25747e-04   1.25747e-04  -3.33619e+03
  11  alpha_y      0.00000e+00   1.00000e-03   1.00000e-03   7.13969e+04
  12  w_y          1.38860e+01   constant   
  13  beta_y       1.29060e-03     fixed    
  14  alpha_vw     0.00000e+00     fixed    
  15  w_vw         1.43404e+01   constant   
  16  beta_vw      0.00000e+00     fixed    
  17  LM          -2.06090e-04   constant   
  18  zeta_y       0.00000e+00   constant   
  19  zeta_vw      0.00000e+00   constant   
  20  T_CBO        9.99999e+02   5.64963e+02   5.83837e-02  -2.91760e-05
  21  alpha_A0     6.06196e-04   5.78708e-04   2.96165e-04   3.00643e-02
  22  beta_A0      2.35744e-03   6.09445e-04   3.08508e-04  -1.42036e-02
  23  alpha_phi    3.43729e-03   5.88377e-04   3.11732e-04   7.33948e-03
  24  beta_phi     2.27304e-03   5.59138e-04   2.90619e-04   3.68234e-03
 MIGRAD MINIMIZATION HAS CONVERGED.
 MIGRAD WILL VERIFY CONVERGENCE AND ERROR MATRIX.
 COVARIANCE MATRIX CALCULATED SUCCESSFULLY
 FCN=93.8996 FROM MIGRAD    STATUS=CONVERGED     129 CALLS        2448 TOTAL
                     EDM=1.15924e-07    STRATEGY= 1      ERROR MATRIX ACCURATE 
  EXT PARAMETER                                   STEP         FIRST   
  NO.   NAME      VALUE            ERROR          SIZE      DERIVATIVE 
   1  N0           3.16075e+06     fixed    
   2  tau          6.43989e+01   constant   
   3  A0           3.42811e-01     fixed    
   4  phi          4.11758e+00     fixed    
   5  R           -6.14725e+01   constant   
   6  alpha_CBO    5.89853e-03     fixed    
   7  w_CBO        2.32500e+00   constant   
   8  beta_CBO    -3.69399e-04     fixed    
   9  alpha_2CBO  -1.92192e-04     fixed    
  10  beta_2CBO    5.12073e-06   1.28686e-04   5.96048e-07  -3.88219e-01
  11  alpha_y     -5.63758e-04   1.25631e-04   5.97394e-07  -2.60717e-03
  12  w_y          1.38860e+01   constant   
  13  beta_y       1.29060e-03     fixed    
  14  alpha_vw     0.00000e+00     fixed    
  15  w_vw         1.43404e+01   constant   
  16  beta_vw      0.00000e+00     fixed    
  17  LM          -2.06090e-04   constant   
  18  zeta_y       0.00000e+00   constant   
  19  zeta_vw      0.00000e+00   constant   
  20  T_CBO        1.00000e+03   5.37935e+02   5.77088e-02** at limit **
  21  alpha_A0     5.51573e-04   5.75901e-04   2.68853e-04   5.22756e-03
  22  beta_A0      2.33384e-03   5.78606e-04   2.80003e-04  -4.10655e-03
  23  alpha_phi    3.43950e-03   5.62497e-04   2.83122e-04  -2.18191e-03
  24  beta_phi     2.21109e-03   5.49617e-04   2.63516e-04  -3.33132e-03
 EXTERNAL ERROR MATRIX.    NDIM=  25    NPAR=  7    ERR DEF=1
  1.656e-08 -1.915e-10  4.499e-11 -1.309e-08  8.908e-10 -2.798e-09 -1.012e-08 
 -1.915e-10  1.578e-08 -5.710e-12  9.046e-10  7.149e-10 -1.914e-10  1.261e-09 
  4.499e-11 -5.710e-12  1.009e-05  2.839e-08  1.277e-07  1.866e-07  1.199e-07 
 -1.309e-08  9.046e-10  2.839e-08  3.320e-07 -3.201e-08 -1.384e-09  7.937e-09 
  8.908e-10  7.149e-10  1.277e-07 -3.201e-08  3.352e-07  6.291e-09  2.919e-08 
 -2.798e-09 -1.914e-10  1.866e-07 -1.384e-09  6.291e-09  3.168e-07  1.542e-08 
 -1.012e-08  1.261e-09  1.199e-07  7.937e-09  2.919e-08  1.542e-08  3.024e-07 
 PARAMETER  CORRELATION COEFFICIENTS  
       NO.  GLOBAL     10     11     20     21     22     23     24
       10  0.22763   1.000 -0.012  0.000 -0.177  0.012 -0.039 -0.143
       11  0.02530  -0.012  1.000 -0.000  0.012  0.010 -0.003  0.018
       20  0.13936   0.000 -0.000  1.000  0.016  0.069  0.104  0.069
       21  0.20195  -0.177  0.012  0.016  1.000 -0.096 -0.004  0.025
       22  0.14984   0.012  0.010  0.069 -0.096  1.000  0.019  0.092
       23  0.11851  -0.039 -0.003  0.104 -0.004  0.019  1.000  0.050
       24  0.18627  -0.143  0.018  0.069  0.025  0.092  0.050  1.000
MINUIT - FIT ONLY 2-y
 **********
 **   67 **RES 
 **********
                   PARAMETER   16  beta_vw RESTORED TO VARIABLE.
                   PARAMETER   14  alpha_vw RESTORED TO VARIABLE.
                   PARAMETER   13  beta_y RESTORED TO VARIABLE.
                   PARAMETER    9  alpha_2CBO RESTORED TO VARIABLE.
                   PARAMETER    8  beta_CBO RESTORED TO VARIABLE.
                   PARAMETER    6  alpha_CBO RESTORED TO VARIABLE.
                   PARAMETER    4  phi RESTORED TO VARIABLE.
                   PARAMETER    3  A0 RESTORED TO VARIABLE.
                   PARAMETER    1  N0 RESTORED TO VARIABLE.
 **********
 **   68 **FIX            0
 **********
 PARAMETER    0  IS UNDEFINED. IGNORED.
 **********
 **   69 **FIX            1
 **********
 **********
 **   70 **FIX            2
 **********
 PARAMETER    2  IS CONSTANT.   IGNORED.
 **********
 **   71 **FIX            3
 **********
 **********
 **   72 **FIX            4
 **********
 **********
 **   73 **FIX            5
 **********
 PARAMETER    5  IS CONSTANT.   IGNORED.
 **********
 **   74 **FIX            6
 **********
 **********
 **   75 **FIX            7
 **********
 PARAMETER    7  IS CONSTANT.   IGNORED.
 **********
 **   76 **FIX            8
 **********
 **********
 **   77 **FIX            9
 **********
 **********
 **   78 **FIX           10
 **********
 **********
 **   79 **FIX           11
 **********
 **********
 **   80 **FIX           12
 **********
 PARAMETER   12  IS CONSTANT.   IGNORED.
 **********
 **   81 **FIX           16
 **********
 **********
 **   82 **MIGRAD
 **********
 START MIGRAD MINIMIZATION.  STRATEGY  1.  CONVERGENCE WHEN EDM .LT. 1.00e-04
 FCN=93.8996 FROM MIGRAD    STATUS=INITIATE       16 CALLS        2464 TOTAL
                     EDM= unknown      STRATEGY= 1      NO ERROR MATRIX       
  EXT PARAMETER               CURRENT GUESS       STEP         FIRST   
  NO.   NAME      VALUE            ERROR          SIZE      DERIVATIVE 
   1  N0           3.16075e+06     fixed    
   2  tau          6.43989e+01   constant   
   3  A0           3.42811e-01     fixed    
   4  phi          4.11758e+00     fixed    
   5  R           -6.14725e+01   constant   
   6  alpha_CBO    5.89853e-03     fixed    
   7  w_CBO        2.32500e+00   constant   
   8  beta_CBO    -3.69399e-04     fixed    
   9  alpha_2CBO  -1.92192e-04     fixed    
  10  beta_2CBO    5.12073e-06     fixed    
  11  alpha_y     -5.63758e-04     fixed    
  12  w_y          1.38860e+01   constant   
  13  beta_y       1.29060e-03   1.21913e-04   1.21913e-04  -9.16761e+02
  14  alpha_vw     0.00000e+00   1.00000e-03   1.00000e-03   9.27624e+04
  15  w_vw         1.43404e+01   constant   
  16  beta_vw      0.00000e+00     fixed    
  17  LM          -2.06090e-04   constant   
  18  zeta_y       0.00000e+00   constant   
  19  zeta_vw      0.00000e+00   constant   
  20  T_CBO        9.99999e+02   5.37935e+02   5.77088e-02  -2.72511e-05
  21  alpha_A0     5.51573e-04   5.75901e-04   2.68853e-04   5.22150e-03
  22  beta_A0      2.33384e-03   5.78606e-04   2.80003e-04  -4.12411e-03
  23  alpha_phi    3.43950e-03   5.62497e-04   2.83122e-04  -2.20869e-03
  24  beta_phi     2.21109e-03   5.49617e-04   2.63516e-04  -3.34808e-03
 MIGRAD MINIMIZATION HAS CONVERGED.
 MIGRAD WILL VERIFY CONVERGENCE AND ERROR MATRIX.
 COVARIANCE MATRIX CALCULATED SUCCESSFULLY
 FCN=59.7923 FROM MIGRAD    STATUS=CONVERGED     112 CALLS        2560 TOTAL
                     EDM=8.29385e-06    STRATEGY= 1      ERROR MATRIX ACCURATE 
  EXT PARAMETER                                   STEP         FIRST   
  NO.   NAME      VALUE            ERROR          SIZE      DERIVATIVE 
   1  N0           3.16075e+06     fixed    
   2  tau          6.43989e+01   constant   
   3  A0           3.42811e-01     fixed    
   4  phi          4.11758e+00     fixed    
   5  R           -6.14725e+01   constant   
   6  alpha_CBO    5.89853e-03     fixed    
   7  w_CBO        2.32500e+00   constant   
   8  beta_CBO    -3.69399e-04     fixed    
   9  alpha_2CBO  -1.92192e-04     fixed    
  10  beta_2CBO    5.12073e-06     fixed    
  11  alpha_y     -5.63758e-04     fixed    
  12  w_y          1.38860e+01   constant   
  13  beta_y       1.18851e-03   1.25072e-04   4.70625e-07   4.28986e-01
  14  alpha_vw    -7.36376e-04   1.26095e-04   4.74502e-07   1.72206e-01
  15  w_vw         1.43404e+01   constant   
  16  beta_vw      0.00000e+00     fixed    
  17  LM          -2.06090e-04   constant   
  18  zeta_y       0.00000e+00   constant   
  19  zeta_vw      0.00000e+00   constant   
  20  T_CBO        1.00000e+03   5.00218e+02   3.92602e-02** at limit **
  21  alpha_A0     6.29358e-04   5.67175e-04   2.15271e-04  -2.01304e-02
  22  beta_A0      2.35153e-03   5.77886e-04   2.24246e-04   6.14655e-02
  23  alpha_phi    3.44962e-03   5.60616e-04   2.26587e-04   1.17855e-02
  24  beta_phi     2.26056e-03   5.43363e-04   2.11167e-04   7.65151e-03
 EXTERNAL ERROR MATRIX.    NDIM=  25    NPAR=  7    ERR DEF=1
  1.564e-08  2.356e-09 -9.221e-10 -1.981e-09  5.549e-10 -7.978e-10  3.183e-10 
  2.356e-09  1.590e-08 -1.709e-10 -1.710e-09 -3.395e-10 -2.113e-10 -1.053e-09 
 -9.221e-10 -1.709e-10  3.270e-02  1.331e-06  5.218e-06  7.601e-06  4.972e-06 
 -1.981e-09 -1.710e-09  1.331e-06  3.220e-07 -3.152e-08 -3.715e-09 -2.010e-10 
  5.549e-10 -3.395e-10  5.218e-06 -3.152e-08  3.343e-07  5.279e-09  2.901e-08 
 -7.978e-10 -2.113e-10  7.601e-06 -3.715e-09  5.279e-09  3.147e-07  1.266e-08 
  3.183e-10 -1.053e-09  4.972e-06 -2.010e-10  2.901e-08  1.266e-08  2.955e-07 
 PARAMETER  CORRELATION COEFFICIENTS  
       NO.  GLOBAL     13     14     20     21     22     23     24
       13  0.15204   1.000  0.149 -0.000 -0.028  0.008 -0.011  0.005
       14  0.15167   0.149  1.000 -0.000 -0.024 -0.005 -0.003 -0.015
       20  0.10094  -0.000 -0.000  1.000  0.013  0.050  0.075  0.051
       21  0.10441  -0.028 -0.024  0.013  1.000 -0.096 -0.012 -0.001
       22  0.14151   0.008 -0.005  0.050 -0.096  1.000  0.016  0.092
       23  0.08607  -0.011 -0.003  0.075 -0.012  0.016  1.000  0.042
       24  0.11093   0.005 -0.015  0.051 -0.001  0.092  0.042  1.000
MINUIT - FIT ALTOGETHER
 **********
 **   83 **RES 
