 + ++++++++++++++++++++++++++++++++++++++++++++++++++++++++++++++++++++ +
 +                                                                      +
 +           You have chose to blind your fitting according to          +
 +                omega_ref * (1 + (R +/- deltaR) *10^{-6})             +
 +                                                                      +
 + ++++++++++++++++++++++++++++++++++++++++++++++++++++++++++++++++++++ +
In main()...
reading format from /gm2data/zkhechad/run45/envelope/formats/formatB_sBin_constraintOn.txt
pBinTau 	= 0  
pBinPhi 	= 0  
constraintau 	= 1 
includeMopTerm 	= 0    
constrainMop    = 0   
Parameters after format file: pBinTau 0 pBinPhi 0 constraintau 1 includeMopTerm 0 constrainMop 0 c_e_scale 0.000000 
Opening file /gm2data/tbarrett/gm2fr/studies/run23_bunch_corrections/CorrectedFourier_Run3b.root.
reading full fit data from /gm2data/zkhechad/cboTemplates/Run4CBOTemplates/templateFits0_v2.0/noRF/sBin_constraintOn_cE0.0_seed0_noRF_calo18.root
windowBins = 17
fitting sliding window 468 from bin 604 at 89.967600 to bin 621 at 92.653200 (17 bins)

Reading data from /gm2data/cornell/histograms/aMethod/histogram_a_noRF.root
 **********
 **    1 **SET PRINTOUT            1
 **********
 **********
 **    2 **SET NOWARNINGS 
 **********
 PARAMETER DEFINITIONS:
    NO.   NAME         VALUE      STEP SIZE      LIMITS
     1 N0           3.61661e+06  1.00000e+02     no limits
     2 tau          6.44027e+01  constant
     3 A0           3.53412e-01  1.00000e-04     no limits
     4 phi          4.12202e+00  1.00000e-02     no limits
     5 R           -6.06479e+01  constant
     6 alpha_CBO    0.00000e+00  1.00000e-03     no limits
     7 w_CBO        2.32500e+00  constant
     8 beta_CBO     0.00000e+00  1.00000e-03     no limits
     9 alpha_2CBO   0.00000e+00  1.00000e-03     no limits
    10 beta_2CBO    0.00000e+00  1.00000e-03     no limits
    11 alpha_y      0.00000e+00  1.00000e-03     no limits
    12 w_y          1.44500e+01  constant
    13 beta_y       0.00000e+00  1.00000e-03     no limits
    14 alpha_vw     0.00000e+00  1.00000e-03     no limits
    15 w_vw         1.29000e+01  constant
    16 beta_vw      0.00000e+00  1.00000e-03     no limits
    17 LM          -1.06686e-04  constant
    18 zeta_y       0.00000e+00  constant
    19 zeta_vw      0.00000e+00  constant
    20 T_CBO        1.00000e+02  1.00000e+00    0.00000e+00  1.00000e+03
    21 alpha_A0     0.00000e+00  1.00000e-03     no limits
    22 beta_A0      0.00000e+00  1.00000e-03     no limits
    23 alpha_phi    0.00000e+00  1.00000e-03     no limits
    24 beta_phi     0.00000e+00  1.00000e-03     no limits
MINUIT - FIT ONLY WIGGLE
 **********
 **    3 **FIX            5
 **********
 PARAMETER    5  IS CONSTANT.   IGNORED.
 **********
 **    4 **FIX            6
 **********
 **********
 **    5 **FIX            7
 **********
 PARAMETER    7  IS CONSTANT.   IGNORED.
 **********
 **    6 **FIX            8
 **********
 **********
 **    7 **FIX            9
 **********
 **********
 **    8 **FIX           10
 **********
 **********
 **    9 **FIX           11
 **********
 **********
 **   10 **FIX           12
 **********
 PARAMETER   12  IS CONSTANT.   IGNORED.
 **********
 **   11 **FIX           13
 **********
 **********
 **   12 **FIX           14
 **********
 **********
 **   13 **FIX           15
 **********
 PARAMETER   15  IS CONSTANT.   IGNORED.
 **********
 **   14 **FIX           16
 **********
 **********
 **   15 **MIGRAD
 **********
 FIRST CALL TO USER FUNCTION AT NEW START POINT, WITH IFLAG=4.
 START MIGRAD MINIMIZATION.  STRATEGY  1.  CONVERGENCE WHEN EDM .LT. 1.00e-04
 FCN=760.852 FROM MIGRAD    STATUS=INITIATE      437 CALLS         438 TOTAL
                     EDM= unknown      STRATEGY= 1      NO ERROR MATRIX       
  EXT PARAMETER               CURRENT GUESS       STEP         FIRST   
  NO.   NAME      VALUE            ERROR          SIZE      DERIVATIVE 
   1  N0           3.61661e+06   1.00000e+02   0.00000e+00   1.36586e-02
   2  tau          6.44027e+01   constant   
   3  A0           3.53412e-01   1.00000e-04   0.00000e+00   2.28396e+05
   4  phi          4.12202e+00   1.00000e-02   0.00000e+00   6.99086e+03
   5  R           -6.06479e+01   constant   
   6  alpha_CBO    0.00000e+00     fixed    
   7  w_CBO        2.32500e+00   constant   
   8  beta_CBO     0.00000e+00     fixed    
   9  alpha_2CBO   0.00000e+00     fixed    
  10  beta_2CBO    0.00000e+00     fixed    
  11  alpha_y      0.00000e+00     fixed    
  12  w_y          1.44500e+01   constant   
  13  beta_y       0.00000e+00     fixed    
  14  alpha_vw     0.00000e+00     fixed    
  15  w_vw         1.29000e+01   constant   
  16  beta_vw      0.00000e+00     fixed    
  17  LM          -1.06686e-04   constant   
  18  zeta_y       0.00000e+00   constant   
  19  zeta_vw      0.00000e+00   constant   
  20  T_CBO        1.00000e+02   1.00000e+00   0.00000e+00   0.00000e+00
  21  alpha_A0     0.00000e+00   1.00000e-03   0.00000e+00  -1.84681e+04
  22  beta_A0      0.00000e+00   1.00000e-03   0.00000e+00  -6.65976e+03
  23  alpha_phi    0.00000e+00   1.00000e-03   0.00000e+00   5.14356e+03
  24  beta_phi     0.00000e+00   1.00000e-03   0.00000e+00   4.50616e+03
 CALL LIMIT EXCEEDED IN MIGRAD.
 MIGRAD TERMINATED WITHOUT CONVERGENCE.
 FCN=15.6161 FROM MIGRAD    STATUS=CALL LIMIT   1337 CALLS        1338 TOTAL
                     EDM=0.130281    STRATEGY= 1  ERROR MATRIX UNCERTAINTY   5.0 per cent
  EXT PARAMETER                APPROXIMATE        STEP         FIRST   
  NO.   NAME      VALUE            ERROR          SIZE      DERIVATIVE 
   1  N0           3.61431e+06   1.13604e+03  -2.30425e+02  -5.69009e-04
   2  tau          6.44027e+01   constant   
   3  A0           3.40801e-01   1.40084e-03  -4.18738e-04  -2.08582e+03
   4  phi          4.11351e+00   1.53297e-03   1.96843e-06  -3.51212e+02
   5  R           -6.06479e+01   constant   
   6  alpha_CBO    0.00000e+00     fixed    
   7  w_CBO        2.32500e+00   constant   
   8  beta_CBO     0.00000e+00     fixed    
   9  alpha_2CBO   0.00000e+00     fixed    
  10  beta_2CBO    0.00000e+00     fixed    
  11  alpha_y      0.00000e+00     fixed    
  12  w_y          1.44500e+01   constant   
  13  beta_y       0.00000e+00     fixed    
  14  alpha_vw     0.00000e+00     fixed    
  15  w_vw         1.29000e+01   constant   
  16  beta_vw      0.00000e+00     fixed    
  17  LM          -1.06686e-04   constant   
  18  zeta_y       0.00000e+00   constant   
  19  zeta_vw      0.00000e+00   constant   
  20  T_CBO        3.21768e+01   2.02226e+00  -3.92274e-03  -2.72769e+02
  21  alpha_A0    -4.22977e-01   1.58120e-01  -5.16738e-02   2.40885e+01
  22  beta_A0     -1.18880e-01   4.92709e-02  -1.55003e-02   3.44305e+01
  23  alpha_phi   -1.39400e-01   3.70374e-02  -1.22608e-02  -7.50095e+00
  24  beta_phi     6.27217e-01   1.79513e-01   5.85929e-02  -6.99227e+00
 EXTERNAL ERROR MATRIX.    NDIM=  25    NPAR=  8    ERR DEF=1
  1.291e+06  6.147e-01 -8.978e-01  9.512e+02  7.932e+01  2.270e+01  1.921e+01 -8.889e+01 
  6.147e-01  1.962e-06  8.850e-07  2.282e-03  2.099e-04  6.487e-05  4.933e-05 -2.399e-04 
 -8.978e-01  8.850e-07  2.350e-06  7.979e-04  8.004e-05  2.774e-05  1.871e-05 -9.415e-05 
  9.512e+02  2.282e-03  7.979e-04  4.090e+00  3.028e-01  9.386e-02  7.062e-02 -3.420e-01 
  7.932e+01  2.099e-04  8.004e-05  3.028e-01  2.500e-02  7.753e-03  5.836e-03 -2.838e-02 
  2.270e+01  6.487e-05  2.774e-05  9.386e-02  7.753e-03  2.428e-03  1.799e-03 -8.799e-03 
  1.921e+01  4.933e-05  1.871e-05  7.062e-02  5.836e-03  1.799e-03  1.372e-03 -6.628e-03 
 -8.889e+01 -2.399e-04 -9.415e-05 -3.420e-01 -2.838e-02 -8.799e-03 -6.628e-03  3.222e-02 
ERR MATRIX APPROXIMATE
 PARAMETER  CORRELATION COEFFICIENTS  
       NO.  GLOBAL      1      3      4     20     21     22     23     24
        1  0.88412   1.000  0.386 -0.516  0.414  0.442  0.405  0.457 -0.436
        3  0.99720   0.386  1.000  0.412  0.805  0.948  0.940  0.951 -0.954
        4  0.91169  -0.516  0.412  1.000  0.257  0.330  0.367  0.330 -0.342
       20  0.99503   0.414  0.805  0.257  1.000  0.947  0.942  0.943 -0.942
       21  0.99991   0.442  0.948  0.330  0.947  1.000  0.995  0.996 -1.000
       22  0.99876   0.405  0.940  0.367  0.942  0.995  1.000  0.986 -0.995
       23  0.99903   0.457  0.951  0.330  0.943  0.996  0.986  1.000 -0.997
       24  0.99993  -0.436 -0.954 -0.342 -0.942 -1.000 -0.995 -0.997  1.000
 ERR MATRIX APPROXIMATE
MINUIT - FIT ONLY 1-CBO + wiggle
 **********
 **   16 **RES 
 **********
                   PARAMETER   16  beta_vw RESTORED TO VARIABLE.
                   PARAMETER   14  alpha_vw RESTORED TO VARIABLE.
                   PARAMETER   13  beta_y RESTORED TO VARIABLE.
                   PARAMETER   11  alpha_y RESTORED TO VARIABLE.
                   PARAMETER   10  beta_2CBO RESTORED TO VARIABLE.
                   PARAMETER    9  alpha_2CBO RESTORED TO VARIABLE.
                   PARAMETER    8  beta_CBO RESTORED TO VARIABLE.
                   PARAMETER    6  alpha_CBO RESTORED TO VARIABLE.
 **********
 **   17 **FIX            8
 **********
 **********
 **   18 **FIX            9
 **********
 **********
 **   19 **FIX           11
 **********
 **********
 **   20 **FIX           12
 **********
 PARAMETER   12  IS CONSTANT.   IGNORED.
 **********
 **   21 **FIX           14
 **********
 **********
 **   22 **FIX           15
 **********
 PARAMETER   15  IS CONSTANT.   IGNORED.
 **********
 **   23 **FIX           16
 **********
 **********
 **   24 **MIGRAD
 **********
 START MIGRAD MINIMIZATION.  STRATEGY  1.  CONVERGENCE WHEN EDM .LT. 1.00e-04
 FCN=15.6161 FROM MIGRAD    STATUS=INITIATE       28 CALLS        1366 TOTAL
                     EDM= unknown      STRATEGY= 1      NO ERROR MATRIX       
  EXT PARAMETER               CURRENT GUESS       STEP         FIRST   
  NO.   NAME      VALUE            ERROR          SIZE      DERIVATIVE 
   1  N0           3.61431e+06   1.13604e+03  -2.30425e+02  -5.69009e-04
   2  tau          6.44027e+01   constant   
   3  A0           3.40801e-01   1.40084e-03  -4.18738e-04  -2.08582e+03
   4  phi          4.11351e+00   1.53297e-03   1.96843e-06  -3.51212e+02
   5  R           -6.06479e+01   constant   
   6  alpha_CBO    0.00000e+00   1.00000e-03   1.00000e-03   7.08820e+02
   7  w_CBO        2.32500e+00   constant   
   8  beta_CBO     0.00000e+00     fixed    
   9  alpha_2CBO   0.00000e+00     fixed    
  10  beta_2CBO    0.00000e+00   1.00000e-03   1.00000e-03  -3.73055e+03
  11  alpha_y      0.00000e+00     fixed    
  12  w_y          1.44500e+01   constant   
  13  beta_y       0.00000e+00   1.00000e-03   1.00000e-03  -5.26192e+03
  14  alpha_vw     0.00000e+00     fixed    
  15  w_vw         1.29000e+01   constant   
  16  beta_vw      0.00000e+00     fixed    
  17  LM          -1.06686e-04   constant   
  18  zeta_y       0.00000e+00   constant   
  19  zeta_vw      0.00000e+00   constant   
  20  T_CBO        3.21768e+01   2.02226e+00  -3.92274e-03  -2.72769e+02
  21  alpha_A0    -4.22977e-01   1.58120e-01  -5.16738e-02   2.40885e+01
  22  beta_A0     -1.18880e-01   4.92709e-02  -1.55003e-02   3.44305e+01
  23  alpha_phi   -1.39400e-01   3.70374e-02  -1.22608e-02  -7.50095e+00
  24  beta_phi     6.27217e-01   1.79513e-01   5.85929e-02  -6.99227e+00
 CALL LIMIT EXCEEDED IN MIGRAD.
 MIGRAD TERMINATED WITHOUT CONVERGENCE.
 FCN=13.3762 FROM MIGRAD    STATUS=CALL LIMIT   1909 CALLS        3247 TOTAL
                     EDM=0.000559043    STRATEGY= 1  ERROR MATRIX UNCERTAINTY  28.5 per cent
  EXT PARAMETER                APPROXIMATE        STEP         FIRST   
  NO.   NAME      VALUE            ERROR          SIZE      DERIVATIVE 
   1  N0           3.62634e+06   3.27874e+03   3.20363e+01   1.95288e-05
   2  tau          6.44027e+01   constant   
   3  A0           3.51500e-01   7.64275e-03   8.62149e-05   9.70756e+01
   4  phi          4.11627e+00   1.87229e-03  -6.50513e-06   1.64407e+01
   5  R           -6.06479e+01   constant   
   6  alpha_CBO    5.76798e-03   3.15629e-03   3.54709e-05  -8.31751e+01
   7  w_CBO        2.32500e+00   constant   
   8  beta_CBO     0.00000e+00     fixed    
   9  alpha_2CBO   0.00000e+00     fixed    
  10  beta_2CBO   -2.24247e-04   5.27398e-04  -4.18540e-06  -2.83892e+01
  11  alpha_y      0.00000e+00     fixed    
  12  w_y          1.44500e+01   constant   
  13  beta_y       9.69026e-05   2.46218e-04  -6.64443e-07   1.16708e+01
  14  alpha_vw     0.00000e+00     fixed    
  15  w_vw         1.29000e+01   constant   
  16  beta_vw      0.00000e+00     fixed    
  17  LM          -1.06686e-04   constant   
  18  zeta_y       0.00000e+00   constant   
  19  zeta_vw      0.00000e+00   constant   
  20  T_CBO        2.36872e+01   9.94842e+00  -7.33664e-04  -1.31013e+00
  21  alpha_A0    -2.09925e-01   4.61069e-01   5.04848e-03  -4.12609e-01
  22  beta_A0      4.25289e-01   8.52676e-01   9.56579e-03  -4.45090e-01
  23  alpha_phi    1.11711e-01   2.19298e-01   2.46034e-03   3.55238e-02
  24  beta_phi     3.31161e-01   4.93520e-01  -5.55113e-03   1.37379e-01
 EXTERNAL ERROR MATRIX.    NDIM=  25    NPAR= 11    ERR DEF=1
  1.075e+07 
  2.099e+01  5.841e-05 
 -4.398e+00 -4.702e-06  3.505e-06 
  9.378e+00  2.354e-05 -2.411e-06  9.962e-06 
 -3.930e-01 -2.287e-06 -1.485e-07 -8.266e-07  2.781e-07 
 -7.542e-02 -2.884e-08  5.804e-08 -2.804e-08 -9.374e-09  6.062e-08 
 -2.606e+04 -7.578e-02  5.406e-03 -3.000e-02  3.183e-03  1.380e-05  9.911e+01 
  1.187e+03  3.489e-03 -2.529e-04  1.365e-03 -1.406e-04 -8.599e-07 -4.574e+00  2.126e-01 
  2.232e+03  6.494e-03 -4.403e-04  2.579e-03 -2.737e-04 -1.354e-06 -8.482e+00  3.912e-01  7.271e-01 
  5.939e+02  1.671e-03 -1.329e-04  6.673e-04 -6.674e-05 -5.481e-07 -2.177e+00  1.005e-01  1.863e-01  4.809e-02 
 -1.284e+03 -3.754e-03  2.555e-04 -1.489e-03  1.635e-04  4.935e-07  4.907e+00 -2.262e-01 -4.204e-01 -1.078e-01  2.436e-01 
ERR MATRIX APPROXIMATE
 PARAMETER  CORRELATION COEFFICIENTS  
       NO.  GLOBAL      1      3      4      6     10     13     20     21     22     23     24
        1  0.99243   1.000  0.837 -0.716  0.906 -0.227 -0.093 -0.798  0.785  0.798  0.826 -0.793
        3  0.99982   0.837  1.000 -0.329  0.976 -0.567 -0.015 -0.996  0.990  0.997  0.997 -0.995
        4  0.96833  -0.716 -0.329  1.000 -0.408 -0.150  0.126  0.290 -0.293 -0.276 -0.324  0.277
        6  0.99908   0.906  0.976 -0.408  1.000 -0.497 -0.036 -0.955  0.938  0.958  0.964 -0.956
       10  0.96149  -0.227 -0.567 -0.150 -0.497  1.000 -0.072  0.606 -0.578 -0.609 -0.577  0.628
       13  0.17898  -0.093 -0.015  0.126 -0.036 -0.072  1.000  0.006 -0.008 -0.006 -0.010  0.004
       20  0.99975  -0.798 -0.996  0.290 -0.955  0.606  0.006  1.000 -0.997 -0.999 -0.997  0.999
       21  0.99965   0.785  0.990 -0.293  0.938 -0.578 -0.008 -0.997  1.000  0.995  0.994 -0.994
       22  0.99981   0.798  0.997 -0.276  0.958 -0.609 -0.006 -0.999  0.995  1.000  0.996 -0.999
       23  0.99864   0.826  0.997 -0.324  0.964 -0.577 -0.010 -0.997  0.994  0.996  1.000 -0.996
       24  0.99964  -0.793 -0.995  0.277 -0.956  0.628  0.004  0.999 -0.994 -0.999 -0.996  1.000
 ERR MATRIX APPROXIMATE
MINUIT - FIT ONLY 2-CBO
 **********
 **   25 **RES 
 **********
                   PARAMETER   16  beta_vw RESTORED TO VARIABLE.
                   PARAMETER   14  alpha_vw RESTORED TO VARIABLE.
                   PARAMETER   11  alpha_y RESTORED TO VARIABLE.
                   PARAMETER    9  alpha_2CBO RESTORED TO VARIABLE.
                   PARAMETER    8  beta_CBO RESTORED TO VARIABLE.
 **********
 **   26 **FIX            0
 **********
 PARAMETER    0  IS UNDEFINED. IGNORED.
 **********
 **   27 **FIX            1
 **********
 **********
 **   28 **FIX            2
 **********
 PARAMETER    2  IS CONSTANT.   IGNORED.
 **********
 **   29 **FIX            3
 **********
 **********
 **   30 **FIX            4
 **********
 **********
 **   31 **FIX            5
 **********
 PARAMETER    5  IS CONSTANT.   IGNORED.
 **********
 **   32 **FIX            6
 **********
 **********
 **   33 **FIX            7
 **********
 PARAMETER    7  IS CONSTANT.   IGNORED.
 **********
 **   34 **FIX           10
 **********
 **********
 **   35 **FIX           11
 **********
 **********
 **   36 **FIX           12
 **********
 PARAMETER   12  IS CONSTANT.   IGNORED.
 **********
 **   37 **FIX           13
 **********
 **********
 **   38 **FIX           14
 **********
 **********
 **   39 **FIX           15
 **********
 PARAMETER   15  IS CONSTANT.   IGNORED.
 **********
 **   40 **FIX           16
 **********
 **********
 **   41 **MIGRAD
 **********
 START MIGRAD MINIMIZATION.  STRATEGY  1.  CONVERGENCE WHEN EDM .LT. 1.00e-04
 FCN=13.3762 FROM MIGRAD    STATUS=INITIATE       18 CALLS        3265 TOTAL
                     EDM= unknown      STRATEGY= 1      NO ERROR MATRIX       
  EXT PARAMETER               CURRENT GUESS       STEP         FIRST   
  NO.   NAME      VALUE            ERROR          SIZE      DERIVATIVE 
   1  N0           3.62634e+06     fixed    
   2  tau          6.44027e+01   constant   
   3  A0           3.51500e-01     fixed    
   4  phi          4.11627e+00     fixed    
   5  R           -6.06479e+01   constant   
   6  alpha_CBO    5.76798e-03     fixed    
   7  w_CBO        2.32500e+00   constant   
   8  beta_CBO     0.00000e+00   1.00000e-03   1.00000e-03  -5.54298e+01
   9  alpha_2CBO   0.00000e+00   1.00000e-03   1.00000e-03   2.69530e+02
  10  beta_2CBO   -2.24247e-04     fixed    
  11  alpha_y      0.00000e+00     fixed    
  12  w_y          1.44500e+01   constant   
  13  beta_y       9.69026e-05     fixed    
  14  alpha_vw     0.00000e+00     fixed    
  15  w_vw         1.29000e+01   constant   
  16  beta_vw      0.00000e+00     fixed    
  17  LM          -1.06686e-04   constant   
  18  zeta_y       0.00000e+00   constant   
  19  zeta_vw      0.00000e+00   constant   
  20  T_CBO        2.36872e+01   9.94842e+00  -7.33664e-04  -1.31013e+00
  21  alpha_A0    -2.09925e-01   4.61069e-01   5.04848e-03  -4.12609e-01
  22  beta_A0      4.25289e-01   8.52676e-01   9.56579e-03  -4.45091e-01
  23  alpha_phi    1.11711e-01   2.19298e-01   2.46034e-03   3.55238e-02
  24  beta_phi     3.31161e-01   4.93520e-01  -5.55113e-03   1.37379e-01
 MIGRAD MINIMIZATION HAS CONVERGED.
 MIGRAD WILL VERIFY CONVERGENCE AND ERROR MATRIX.
 FCN=13.361 FROM MIGRAD    STATUS=CONVERGED     166 CALLS        3413 TOTAL
                     EDM=4.1544e-06    STRATEGY= 1      ERR MATRIX NOT POS-DEF
  EXT PARAMETER                APPROXIMATE        STEP         FIRST   
  NO.   NAME      VALUE            ERROR          SIZE      DERIVATIVE 
   1  N0           3.62634e+06     fixed    
   2  tau          6.44027e+01   constant   
   3  A0           3.51500e-01     fixed    
   4  phi          4.11627e+00     fixed    
   5  R           -6.06479e+01   constant   
   6  alpha_CBO    5.76798e-03     fixed    
   7  w_CBO        2.32500e+00   constant   
   8  beta_CBO    -9.44221e-05   8.13958e-04   4.40645e-07   6.47507e-01
   9  alpha_2CBO  -9.50282e-05   7.33283e-04   4.39451e-07  -2.35624e+00
  10  beta_2CBO   -2.24247e-04     fixed    
  11  alpha_y      0.00000e+00     fixed    
  12  w_y          1.44500e+01   constant   
  13  beta_y       9.69026e-05     fixed    
  14  alpha_vw     0.00000e+00     fixed    
  15  w_vw         1.29000e+01   constant   
  16  beta_vw      0.00000e+00     fixed    
  17  LM          -1.06686e-04   constant   
  18  zeta_y       0.00000e+00   constant   
  19  zeta_vw      0.00000e+00   constant   
  20  T_CBO        2.37648e+01   6.14716e+00   5.22361e-06   3.11154e-02
  21  alpha_A0    -2.08234e-01   2.13012e-01   8.75155e-05   3.05666e-03
  22  beta_A0      4.43269e-01   4.63870e-01   8.14534e-05  -1.12501e-03
  23  alpha_phi    9.70683e-02   1.53258e-01   6.48245e-05   1.27927e-02
  24  beta_phi     3.31512e-01   3.31627e-01   7.68651e-05  -4.89112e-03
 EXTERNAL ERROR MATRIX.    NDIM=  25    NPAR=  7    ERR DEF=1
  6.625e-07  5.214e-07 -3.338e-04 -2.925e-06 -1.218e-04  8.479e-05 -8.871e-06 
  5.214e-07  5.377e-07 -4.186e-04 -5.512e-06 -9.699e-05  8.110e-05 -4.030e-06 
 -3.338e-04 -4.186e-04  3.781e+01  1.271e+00 -2.610e+00 -6.600e-01 -2.009e+00 
 -2.925e-06 -5.512e-06  1.271e+00  4.537e-02 -8.965e-02 -2.047e-02 -6.845e-02 
 -1.218e-04 -9.699e-05 -2.610e+00 -8.965e-02  2.152e-01  2.689e-02  1.452e-01 
  8.479e-05  8.110e-05 -6.600e-01 -2.047e-02  2.689e-02  2.349e-02  3.097e-02 
 -8.871e-06 -4.030e-06 -2.009e+00 -6.845e-02  1.452e-01  3.097e-02  1.100e-01 
ERR MATRIX NOT POS-DEF
 PARAMETER  CORRELATION COEFFICIENTS  
       NO.  GLOBAL      8      9     20     21     22     23     24
        8  0.95637   1.000  0.874 -0.067 -0.017 -0.323  0.680 -0.033
        9  0.94626   0.874  1.000 -0.093 -0.035 -0.285  0.722 -0.017
       20  0.99756  -0.067 -0.093  1.000  0.970 -0.915 -0.700 -0.985
       21  0.97514  -0.017 -0.035  0.970  1.000 -0.907 -0.627 -0.969
       22  0.99551  -0.323 -0.285 -0.915 -0.907  1.000  0.378  0.944
       23  0.97363   0.680  0.722 -0.700 -0.627  0.378  1.000  0.609
       24  0.99216  -0.033 -0.017 -0.985 -0.969  0.944  0.609  1.000
 ERR MATRIX NOT POS-DEF
MINUIT - FIT wiggle + 1-CBO + 2-CBO
 **********
 **   42 **RES 
 **********
                   PARAMETER   16  beta_vw RESTORED TO VARIABLE.
                   PARAMETER   14  alpha_vw RESTORED TO VARIABLE.
                   PARAMETER   13  beta_y RESTORED TO VARIABLE.
                   PARAMETER   11  alpha_y RESTORED TO VARIABLE.
                   PARAMETER   10  beta_2CBO RESTORED TO VARIABLE.
                   PARAMETER    6  alpha_CBO RESTORED TO VARIABLE.
                   PARAMETER    4  phi RESTORED TO VARIABLE.
                   PARAMETER    3  A0 RESTORED TO VARIABLE.
                   PARAMETER    1  N0 RESTORED TO VARIABLE.
 **********
 **   43 **FIX           10
 **********
 **********
 **   44 **FIX           11
 **********
 **********
 **   45 **FIX           12
 **********
 PARAMETER   12  IS CONSTANT.   IGNORED.
 **********
 **   46 **FIX           13
 **********
 **********
 **   47 **FIX           14
 **********
 **********
 **   48 **FIX           15
 **********
 PARAMETER   15  IS CONSTANT.   IGNORED.
 **********
 **   49 **FIX           16
 **********
 **********
 **   50 **MIGRAD
 **********
 START MIGRAD MINIMIZATION.  STRATEGY  1.  CONVERGENCE WHEN EDM .LT. 1.00e-04
 FCN=13.361 FROM MIGRAD    STATUS=INITIATE       22 CALLS        3435 TOTAL
                     EDM= unknown      STRATEGY= 1      NO ERROR MATRIX       
  EXT PARAMETER               CURRENT GUESS       STEP         FIRST   
  NO.   NAME      VALUE            ERROR          SIZE      DERIVATIVE 
   1  N0           3.62634e+06   3.27874e+03   3.27874e+03  -1.02330e-05
   2  tau          6.44027e+01   constant   
   3  A0           3.51500e-01   7.64275e-03   7.64275e-03  -5.10571e+01
   4  phi          4.11627e+00   1.87229e-03   1.87229e-03   5.72053e+00
   5  R           -6.06479e+01   constant   
   6  alpha_CBO    5.76798e-03   3.15629e-03   3.15629e-03   1.57483e+02
   7  w_CBO        2.32500e+00   constant   
   8  beta_CBO    -9.44221e-05   8.13958e-04   4.40645e-07   6.47507e-01
   9  alpha_2CBO  -9.50282e-05   7.33283e-04   4.39451e-07  -2.35625e+00
  10  beta_2CBO   -2.24247e-04     fixed    
  11  alpha_y      0.00000e+00     fixed    
  12  w_y          1.44500e+01   constant   
  13  beta_y       9.69026e-05     fixed    
  14  alpha_vw     0.00000e+00     fixed    
  15  w_vw         1.29000e+01   constant   
  16  beta_vw      0.00000e+00     fixed    
  17  LM          -1.06686e-04   constant   
  18  zeta_y       0.00000e+00   constant   
  19  zeta_vw      0.00000e+00   constant   
  20  T_CBO        2.37648e+01   6.14716e+00   5.22361e-06   3.11577e-02
  21  alpha_A0    -2.08234e-01   2.13012e-01   8.75155e-05   3.05740e-03
  22  beta_A0      4.43269e-01   4.63870e-01   8.14534e-05  -1.12423e-03
  23  alpha_phi    9.70683e-02   1.53258e-01   6.48245e-05   1.27927e-02
  24  beta_phi     3.31512e-01   3.31627e-01   7.68651e-05  -4.89117e-03
 MIGRAD MINIMIZATION HAS CONVERGED.
 MIGRAD WILL VERIFY CONVERGENCE AND ERROR MATRIX.
 FCN=13.1167 FROM MIGRAD    STATUS=CONVERGED     895 CALLS        4308 TOTAL
                     EDM=1.24007e-05    STRATEGY= 1      ERR MATRIX NOT POS-DEF
  EXT PARAMETER                APPROXIMATE        STEP         FIRST   
  NO.   NAME      VALUE            ERROR          SIZE      DERIVATIVE 
   1  N0           3.65271e+06   7.06895e+03   1.74175e+00   2.82700e-07
   2  tau          6.44027e+01   constant   
   3  A0           3.52234e-01   2.40583e-03   3.65321e-07   1.34769e+00
   4  phi          4.08062e+00   8.31766e-03   1.94579e-06   6.67202e-01
   5  R           -6.06479e+01   constant   
   6  alpha_CBO    5.60464e-03   1.97869e-03   4.06300e-07  -7.07391e-01
   7  w_CBO        2.32500e+00   constant   
   8  beta_CBO    -1.04913e-02   2.11074e-03   4.37788e-07  -2.56501e+00
   9  alpha_2CBO  -1.44189e-03   9.93335e-04   4.36256e-07   1.45307e-01
  10  beta_2CBO   -2.24247e-04     fixed    
  11  alpha_y      0.00000e+00     fixed    
  12  w_y          1.44500e+01   constant   
  13  beta_y       9.69026e-05     fixed    
  14  alpha_vw     0.00000e+00     fixed    
  15  w_vw         1.29000e+01   constant   
  16  beta_vw      0.00000e+00     fixed    
  17  LM          -1.06686e-04   constant   
  18  zeta_y       0.00000e+00   constant   
  19  zeta_vw      0.00000e+00   constant   
  20  T_CBO        2.49020e+01   2.62014e+00   2.48614e-06  -4.33259e-01
  21  alpha_A0     4.34181e-01   3.57956e-01   7.16444e-05   3.66170e-03
  22  beta_A0      1.11353e+00   4.40392e-01   6.62332e-05  -1.95105e-02
  23  alpha_phi   -4.65846e-02   3.09890e-01   5.36503e-05  -1.19198e-03
  24  beta_phi     1.57306e-01   2.92122e-01   6.37803e-05  -1.90472e-03
 EXTERNAL ERROR MATRIX.    NDIM=  25    NPAR= 11    ERR DEF=1
  4.997e+07 
 -6.860e-02  5.788e-06 
 -1.531e+01  1.065e-07  6.918e-05 
  2.571e+00  2.282e-06 -1.766e-06  3.915e-06 
 -7.750e+00  4.886e-07  1.313e-05  1.052e-06  4.455e-06 
 -4.732e-02  2.027e-07 -1.495e-07  1.172e-06  1.098e-06  9.867e-07 
  4.748e+03 -6.502e-06  1.604e-03 -9.633e-04 -1.114e-03 -7.409e-04  6.866e+00 
 -1.130e+02  4.893e-04 -1.904e-04 -2.226e-04 -1.565e-04 -1.105e-04 -2.280e-01  1.281e-01 
  1.013e+03 -6.902e-05  5.130e-04 -6.212e-05 -1.398e-04 -9.738e-05 -7.215e-01  5.480e-02  1.939e-01 
  1.356e+03 -4.367e-05  1.382e-03  4.502e-05  1.647e-04  6.380e-05  2.123e-01 -1.473e-02  3.610e-02  9.603e-02 
 -1.335e+02 -6.184e-04 -2.631e-04 -5.472e-05  2.528e-06  3.829e-05 -2.274e-01 -7.141e-02  1.868e-02 -8.803e-03  8.534e-02 
ERR MATRIX NOT POS-DEF
 PARAMETER  CORRELATION COEFFICIENTS  
       NO.  GLOBAL      1      3      4      6      8      9     20     21     22     23     24
        1  0.99649   1.000 -0.004 -0.260  0.184 -0.519 -0.007  0.256 -0.045  0.325  0.619 -0.065
        3  0.99658  -0.004  1.000  0.005  0.479  0.096  0.085 -0.001  0.568 -0.065 -0.059 -0.880
        4  0.99669  -0.260  0.005  1.000 -0.107  0.748 -0.018  0.074 -0.064  0.140  0.536 -0.108
        6  0.99374   0.184  0.479 -0.107  1.000  0.252  0.596 -0.186 -0.314 -0.071  0.073 -0.095
        8  0.99361  -0.519  0.096  0.748  0.252  1.000  0.524 -0.201 -0.207 -0.150  0.252  0.004
        9  0.97104  -0.007  0.085 -0.018  0.596  0.524  1.000 -0.285 -0.311 -0.223  0.207  0.132
       20  0.99678   0.256 -0.001  0.074 -0.186 -0.201 -0.285  1.000 -0.243 -0.625  0.261 -0.297
       21  0.99406  -0.045  0.568 -0.064 -0.314 -0.207 -0.311 -0.243  1.000  0.348 -0.133 -0.683
       22  0.99665   0.325 -0.065  0.140 -0.071 -0.150 -0.223 -0.625  0.348  1.000  0.265  0.145
       23  0.99556   0.619 -0.059  0.536  0.073  0.252  0.207  0.261 -0.133  0.265  1.000 -0.097
       24  0.99292  -0.065 -0.880 -0.108 -0.095  0.004  0.132 -0.297 -0.683  0.145 -0.097  1.000
 ERR MATRIX NOT POS-DEF
MINUIT - FIT ONLY 1-y
 **********
 **   51 **RES 
 **********
                   PARAMETER   16  beta_vw RESTORED TO VARIABLE.
                   PARAMETER   14  alpha_vw RESTORED TO VARIABLE.
                   PARAMETER   13  beta_y RESTORED TO VARIABLE.
                   PARAMETER   11  alpha_y RESTORED TO VARIABLE.
                   PARAMETER   10  beta_2CBO RESTORED TO VARIABLE.
 **********
 **   52 **FIX            0
 **********
 PARAMETER    0  IS UNDEFINED. IGNORED.
 **********
 **   53 **FIX            1
 **********
 **********
 **   54 **FIX            2
 **********
 PARAMETER    2  IS CONSTANT.   IGNORED.
 **********
 **   55 **FIX            3
 **********
 **********
 **   56 **FIX            4
 **********
 **********
 **   57 **FIX            5
 **********
 PARAMETER    5  IS CONSTANT.   IGNORED.
 **********
 **   58 **FIX            6
 **********
 **********
 **   59 **FIX            7
 **********
 PARAMETER    7  IS CONSTANT.   IGNORED.
 **********
 **   60 **FIX            8
 **********
 **********
 **   61 **FIX            9
 **********
 **********
 **   62 **FIX           13
 **********
 **********
 **   63 **FIX           14
 **********
 **********
 **   64 **FIX           15
 **********
 PARAMETER   15  IS CONSTANT.   IGNORED.
 **********
 **   65 **FIX           16
 **********
 **********
 **   66 **MIGRAD
 **********
 START MIGRAD MINIMIZATION.  STRATEGY  1.  CONVERGENCE WHEN EDM .LT. 1.00e-04
 FCN=13.1167 FROM MIGRAD    STATUS=INITIATE       16 CALLS        4324 TOTAL
                     EDM= unknown      STRATEGY= 1      NO ERROR MATRIX       
  EXT PARAMETER               CURRENT GUESS       STEP         FIRST   
  NO.   NAME      VALUE            ERROR          SIZE      DERIVATIVE 
   1  N0           3.65271e+06     fixed    
   2  tau          6.44027e+01   constant   
   3  A0           3.52234e-01     fixed    
   4  phi          4.08062e+00     fixed    
   5  R           -6.06479e+01   constant   
   6  alpha_CBO    5.60464e-03     fixed    
   7  w_CBO        2.32500e+00   constant   
   8  beta_CBO    -1.04913e-02     fixed    
   9  alpha_2CBO  -1.44189e-03     fixed    
  10  beta_2CBO   -2.24247e-04   5.27398e-04   5.27398e-04   1.51371e+02
  11  alpha_y      0.00000e+00   1.00000e-03   1.00000e-03   1.46977e+04
  12  w_y          1.44500e+01   constant   
  13  beta_y       9.69026e-05     fixed    
  14  alpha_vw     0.00000e+00     fixed    
  15  w_vw         1.29000e+01   constant   
  16  beta_vw      0.00000e+00     fixed    
  17  LM          -1.06686e-04   constant   
  18  zeta_y       0.00000e+00   constant   
  19  zeta_vw      0.00000e+00   constant   
  20  T_CBO        2.49020e+01   2.62014e+00   2.48614e-06  -4.33168e-01
  21  alpha_A0     4.34181e-01   3.57956e-01   7.16444e-05   3.66123e-03
  22  beta_A0      1.11353e+00   4.40392e-01   6.62332e-05  -1.95098e-02
  23  alpha_phi   -4.65846e-02   3.09890e-01   5.36503e-05  -1.19200e-03
  24  beta_phi     1.57306e-01   2.92122e-01   6.37803e-05  -1.90464e-03
 MIGRAD MINIMIZATION HAS CONVERGED.
 MIGRAD WILL VERIFY CONVERGENCE AND ERROR MATRIX.
 FCN=10.2537 FROM MIGRAD    STATUS=CONVERGED     161 CALLS        4469 TOTAL
                     EDM=3.46912e-06    STRATEGY= 1      ERR MATRIX NOT POS-DEF
  EXT PARAMETER                APPROXIMATE        STEP         FIRST   
  NO.   NAME      VALUE            ERROR          SIZE      DERIVATIVE 
   1  N0           3.65271e+06     fixed    
   2  tau          6.44027e+01   constant   
   3  A0           3.52234e-01     fixed    
   4  phi          4.08062e+00     fixed    
   5  R           -6.06479e+01   constant   
   6  alpha_CBO    5.60464e-03     fixed    
   7  w_CBO        2.32500e+00   constant   
   8  beta_CBO    -1.04913e-02     fixed    
   9  alpha_2CBO  -1.44189e-03     fixed    
  10  beta_2CBO   -9.71146e-05   4.53107e-04   3.63866e-07   1.20241e+00
  11  alpha_y     -3.90840e-04   2.30678e-04   3.67964e-07   1.33657e+00
  12  w_y          1.44500e+01   constant   
  13  beta_y       9.69026e-05     fixed    
  14  alpha_vw     0.00000e+00     fixed    
  15  w_vw         1.29000e+01   constant   
  16  beta_vw      0.00000e+00     fixed    
  17  LM          -1.06686e-04   constant   
  18  zeta_y       0.00000e+00   constant   
  19  zeta_vw      0.00000e+00   constant   
  20  T_CBO        2.49227e+01   3.10719e+00   2.20622e-06  -2.55461e-01
  21  alpha_A0     4.37837e-01   2.05036e-01   6.37841e-05  -2.60254e-03
  22  beta_A0      1.11185e+00   5.07482e-01   5.89860e-05  -2.28057e-03
  23  alpha_phi   -4.89871e-02   3.88779e-02   4.77602e-05   1.22034e-03
  24  beta_phi     1.81481e-01   1.07851e-01   5.67724e-05  -9.82042e-03
 EXTERNAL ERROR MATRIX.    NDIM=  25    NPAR=  7    ERR DEF=1
  2.053e-07 -1.901e-08 -5.126e-05  1.348e-05  9.535e-06 -2.061e-06  2.669e-05 
 -1.901e-08  5.321e-08 -2.820e-06 -5.836e-07  2.202e-07  3.359e-07 -3.479e-06 
 -5.126e-05 -2.820e-06  9.656e+00 -6.203e-01 -1.573e+00  7.141e-02 -2.631e-01 
  1.348e-05 -5.836e-07 -6.203e-01  4.204e-02  1.011e-01 -4.320e-03  1.782e-02 
  9.535e-06  2.202e-07 -1.573e+00  1.011e-01  2.575e-01 -1.179e-02  4.311e-02 
 -2.061e-06  3.359e-07  7.141e-02 -4.320e-03 -1.179e-02  1.511e-03 -2.431e-03 
  2.669e-05 -3.479e-06 -2.631e-01  1.782e-02  4.311e-02 -2.431e-03  1.163e-02 
ERR MATRIX NOT POS-DEF
 PARAMETER  CORRELATION COEFFICIENTS  
       NO.  GLOBAL     10     11     20     21     22     23     24
       10  0.87190   1.000 -0.182 -0.036  0.145  0.041 -0.117  0.546
       11  0.23211  -0.182  1.000 -0.004 -0.012  0.002  0.037 -0.140
       20  0.99772  -0.036 -0.004  1.000 -0.974 -0.997  0.591 -0.785
       21  0.98185   0.145 -0.012 -0.974  1.000  0.972 -0.542  0.806
       22  0.99749   0.041  0.002 -0.997  0.972  1.000 -0.598  0.788
       23  0.66265  -0.117  0.037  0.591 -0.542 -0.598  1.000 -0.580
       24  0.94711   0.546 -0.140 -0.785  0.806  0.788 -0.580  1.000
 ERR MATRIX NOT POS-DEF
MINUIT - FIT ONLY 2-y
 **********
 **   67 **RES 
 **********
                   PARAMETER   16  beta_vw RESTORED TO VARIABLE.
                   PARAMETER   14  alpha_vw RESTORED TO VARIABLE.
                   PARAMETER   13  beta_y RESTORED TO VARIABLE.
                   PARAMETER    9  alpha_2CBO RESTORED TO VARIABLE.
                   PARAMETER    8  beta_CBO RESTORED TO VARIABLE.
                   PARAMETER    6  alpha_CBO RESTORED TO VARIABLE.
                   PARAMETER    4  phi RESTORED TO VARIABLE.
                   PARAMETER    3  A0 RESTORED TO VARIABLE.
                   PARAMETER    1  N0 RESTORED TO VARIABLE.
 **********
 **   68 **FIX            0
 **********
 PARAMETER    0  IS UNDEFINED. IGNORED.
 **********
 **   69 **FIX            1
 **********
 **********
 **   70 **FIX            2
 **********
 PARAMETER    2  IS CONSTANT.   IGNORED.
 **********
 **   71 **FIX            3
 **********
 **********
 **   72 **FIX            4
 **********
 **********
 **   73 **FIX            5
 **********
 PARAMETER    5  IS CONSTANT.   IGNORED.
 **********
 **   74 **FIX            6
 **********
 **********
 **   75 **FIX            7
 **********
 PARAMETER    7  IS CONSTANT.   IGNORED.
 **********
 **   76 **FIX            8
 **********
 **********
 **   77 **FIX            9
 **********
 **********
 **   78 **FIX           10
 **********
 **********
 **   79 **FIX           11
 **********
 **********
 **   80 **FIX           12
 **********
 PARAMETER   12  IS CONSTANT.   IGNORED.
 **********
 **   81 **FIX           16
 **********
 **********
 **   82 **MIGRAD
 **********
 START MIGRAD MINIMIZATION.  STRATEGY  1.  CONVERGENCE WHEN EDM .LT. 1.00e-04
 FCN=10.2537 FROM MIGRAD    STATUS=INITIATE       16 CALLS        4485 TOTAL
                     EDM= unknown      STRATEGY= 1      NO ERROR MATRIX       
  EXT PARAMETER               CURRENT GUESS       STEP         FIRST   
  NO.   NAME      VALUE            ERROR          SIZE      DERIVATIVE 
   1  N0           3.65271e+06     fixed    
   2  tau          6.44027e+01   constant   
   3  A0           3.52234e-01     fixed    
   4  phi          4.08062e+00     fixed    
   5  R           -6.06479e+01   constant   
   6  alpha_CBO    5.60464e-03     fixed    
   7  w_CBO        2.32500e+00   constant   
   8  beta_CBO    -1.04913e-02     fixed    
   9  alpha_2CBO  -1.44189e-03     fixed    
  10  beta_2CBO   -9.71146e-05     fixed    
  11  alpha_y     -3.90840e-04     fixed    
  12  w_y          1.44500e+01   constant   
  13  beta_y       9.69026e-05   2.46218e-04   2.46218e-04  -1.24891e+03
  14  alpha_vw     0.00000e+00   1.00000e-03   1.00000e-03  -8.96055e+03
  15  w_vw         1.29000e+01   constant   
  16  beta_vw      0.00000e+00     fixed    
  17  LM          -1.06686e-04   constant   
  18  zeta_y       0.00000e+00   constant   
  19  zeta_vw      0.00000e+00   constant   
  20  T_CBO        2.49227e+01   3.10719e+00   2.20622e-06  -2.55382e-01
  21  alpha_A0     4.37837e-01   2.05036e-01   6.37841e-05  -2.60214e-03
  22  beta_A0      1.11185e+00   5.07482e-01   5.89860e-05  -2.28120e-03
  23  alpha_phi   -4.89871e-02   3.88779e-02   4.77602e-05   1.22030e-03
  24  beta_phi     1.81481e-01   1.07851e-01   5.67724e-05  -9.82049e-03
 MIGRAD MINIMIZATION HAS CONVERGED.
 MIGRAD WILL VERIFY CONVERGENCE AND ERROR MATRIX.
 FCN=9.12712 FROM MIGRAD    STATUS=CONVERGED     143 CALLS        4612 TOTAL
                     EDM=3.70705e-06    STRATEGY= 1      ERR MATRIX NOT POS-DEF
  EXT PARAMETER                APPROXIMATE        STEP         FIRST   
  NO.   NAME      VALUE            ERROR          SIZE      DERIVATIVE 
   1  N0           3.65271e+06     fixed    
   2  tau          6.44027e+01   constant   
   3  A0           3.52234e-01     fixed    
   4  phi          4.08062e+00     fixed    
   5  R           -6.06479e+01   constant   
   6  alpha_CBO    5.60464e-03     fixed    
   7  w_CBO        2.32500e+00   constant   
   8  beta_CBO    -1.04913e-02     fixed    
   9  alpha_2CBO  -1.44189e-03     fixed    
  10  beta_2CBO   -9.71146e-05     fixed    
  11  alpha_y     -3.90840e-04     fixed    
  12  w_y          1.44500e+01   constant   
  13  beta_y       1.03486e-04   2.36950e-04   3.65045e-07  -3.25322e+00
  14  alpha_vw     2.50562e-04   2.38079e-04   3.63726e-07   6.98079e-01
  15  w_vw         1.29000e+01   constant   
  16  beta_vw      0.00000e+00     fixed    
  17  LM          -1.06686e-04   constant   
  18  zeta_y       0.00000e+00   constant   
  19  zeta_vw      0.00000e+00   constant   
  20  T_CBO        2.49210e+01   3.30782e+00   2.09232e-06  -4.25414e-02
  21  alpha_A0     4.38737e-01   2.16084e-01   6.05020e-05  -1.44116e-02
  22  beta_A0      1.11236e+00   5.40475e-01   5.59527e-05  -1.91600e-03
  23  alpha_phi   -4.76994e-02   3.91940e-02   4.53093e-05   2.94443e-02
  24  beta_phi     1.75640e-01   9.27872e-02   5.38585e-05   1.79635e-02
 EXTERNAL ERROR MATRIX.    NDIM=  25    NPAR=  7    ERR DEF=1
  5.615e-08 -6.324e-09 -8.103e-08  1.554e-07  2.591e-08  3.017e-07 -5.018e-07 
 -6.324e-09  5.668e-08 -2.240e-06  2.999e-07  4.169e-07  2.295e-07 -1.184e-06 
 -8.103e-08 -2.240e-06  1.094e+01 -7.017e-01 -1.784e+00  7.853e-02 -2.819e-01 
  1.554e-07  2.999e-07 -7.017e-01  4.669e-02  1.144e-01 -4.683e-03  1.774e-02 
  2.591e-08  4.169e-07 -1.784e+00  1.144e-01  2.921e-01 -1.295e-02  4.605e-02 
  3.017e-07  2.295e-07  7.853e-02 -4.683e-03 -1.295e-02  1.536e-03 -2.305e-03 
 -5.018e-07 -1.184e-06 -2.819e-01  1.774e-02  4.605e-02 -2.305e-03  8.609e-03 
ERR MATRIX NOT POS-DEF
 PARAMETER  CORRELATION COEFFICIENTS  
       NO.  GLOBAL     13     14     20     21     22     23     24
       13  0.13799   1.000 -0.112 -0.000  0.003  0.000  0.032 -0.023
       14  0.18798  -0.112  1.000 -0.003  0.006  0.003  0.025 -0.054
       20  0.99799  -0.000 -0.003  1.000 -0.982 -0.998  0.606 -0.918
       21  0.98367   0.003  0.006 -0.982  1.000  0.980 -0.553  0.885
       22  0.99778   0.000  0.003 -0.998  0.980  1.000 -0.611  0.918
       23  0.66909   0.032  0.025  0.606 -0.553 -0.611  1.000 -0.634
