 + ++++++++++++++++++++++++++++++++++++++++++++++++++++++++++++++++++++ +
 +                                                                      +
 +           You have chose to blind your fitting according to          +
 +                omega_ref * (1 + (R +/- deltaR) *10^{-6})             +
 +                                                                      +
 + ++++++++++++++++++++++++++++++++++++++++++++++++++++++++++++++++++++ +
In main()...
reading format from /gm2data/zkhechad/run45/envelope/formats/formatB_sBin_constraintOn.txt
pBinTau 	= 0  
pBinPhi 	= 0  
constraintau 	= 1 
includeMopTerm 	= 0    
constrainMop    = 0   
Parameters after format file: pBinTau 0 pBinPhi 0 constraintau 1 includeMopTerm 0 constrainMop 0 c_e_scale 0.000000 
Opening file /gm2data/tbarrett/gm2fr/studies/run23_bunch_corrections/CorrectedFourier_Run3b.root.
reading full fit data from /gm2data/zkhechad/cboTemplates/Run4CBOTemplates/fullFits/noRF/sBin_constraintOn_cE0.0_seed0_noRF_calo2.root
windowBins = 69
fitting sliding window 1610 from bin 1746 at 260.354000 to bin 1815 at 270.798000 (69 bins)

Reading data from /gm2data/cornell/histograms/aMethod/histogram_a_noRF.root
 **********
 **    1 **SET PRINTOUT            1
 **********
 **********
 **    2 **SET NOWARNINGS 
 **********
 PARAMETER DEFINITIONS:
    NO.   NAME         VALUE      STEP SIZE      LIMITS
     1 N0           3.21058e+06  1.00000e+02     no limits
     2 tau          6.44090e+01  constant
     3 A0           3.64384e-01  1.00000e-04     no limits
     4 phi          4.11815e+00  1.00000e-02     no limits
     5 R           -6.00655e+01  constant
     6 alpha_CBO    0.00000e+00  1.00000e-03     no limits
     7 w_CBO        2.32500e+00  constant
     8 beta_CBO     0.00000e+00  1.00000e-03     no limits
     9 alpha_2CBO   0.00000e+00  1.00000e-03     no limits
    10 beta_2CBO    0.00000e+00  1.00000e-03     no limits
    11 alpha_y      0.00000e+00  1.00000e-03     no limits
    12 w_y          1.38860e+01  constant
    13 beta_y       0.00000e+00  1.00000e-03     no limits
    14 alpha_vw     0.00000e+00  1.00000e-03     no limits
    15 w_vw         1.43404e+01  constant
    16 beta_vw      0.00000e+00  1.00000e-03     no limits
    17 LM           2.36781e-04  constant
    18 zeta_y       0.00000e+00  constant
    19 zeta_vw      0.00000e+00  constant
    20 T_CBO        1.00000e+02  1.00000e+00    0.00000e+00  1.00000e+03
    21 alpha_A0     0.00000e+00  1.00000e-04   -1.00000e-02  1.00000e-02
    22 beta_A0      0.00000e+00  1.00000e-04   -1.00000e-02  1.00000e-02
    23 alpha_phi    0.00000e+00  1.00000e-04   -1.00000e-02  1.00000e-02
    24 beta_phi     0.00000e+00  1.00000e-04   -1.00000e-02  1.00000e-02
MINUIT - FIT ONLY WIGGLE
 **********
 **    3 **FIX            5
 **********
 PARAMETER    5  IS CONSTANT.   IGNORED.
 **********
 **    4 **FIX            6
 **********
 **********
 **    5 **FIX            7
 **********
 PARAMETER    7  IS CONSTANT.   IGNORED.
 **********
 **    6 **FIX            8
 **********
 **********
 **    7 **FIX            9
 **********
 **********
 **    8 **FIX           10
 **********
 **********
 **    9 **FIX           11
 **********
 **********
 **   10 **FIX           12
 **********
 PARAMETER   12  IS CONSTANT.   IGNORED.
 **********
 **   11 **FIX           13
 **********
 **********
 **   12 **FIX           14
 **********
 **********
 **   13 **FIX           15
 **********
 PARAMETER   15  IS CONSTANT.   IGNORED.
 **********
 **   14 **FIX           16
 **********
 **********
 **   15 **MIGRAD
 **********
 FIRST CALL TO USER FUNCTION AT NEW START POINT, WITH IFLAG=4.
 START MIGRAD MINIMIZATION.  STRATEGY  1.  CONVERGENCE WHEN EDM .LT. 1.00e-04
 FCN=94.2348 FROM MIGRAD    STATUS=INITIATE      437 CALLS         438 TOTAL
                     EDM= unknown      STRATEGY= 1      NO ERROR MATRIX       
  EXT PARAMETER               CURRENT GUESS       STEP         FIRST   
  NO.   NAME      VALUE            ERROR          SIZE      DERIVATIVE 
   1  N0           3.21058e+06   1.00000e+02   0.00000e+00  -1.68037e-03
   2  tau          6.44090e+01   constant   
   3  A0           3.64384e-01   1.00000e-04   0.00000e+00  -3.08095e+03
   4  phi          4.11815e+00   1.00000e-02   0.00000e+00   5.59488e+02
   5  R           -6.00655e+01   constant   
   6  alpha_CBO    0.00000e+00     fixed    
   7  w_CBO        2.32500e+00   constant   
   8  beta_CBO     0.00000e+00     fixed    
   9  alpha_2CBO   0.00000e+00     fixed    
  10  beta_2CBO    0.00000e+00     fixed    
  11  alpha_y      0.00000e+00     fixed    
  12  w_y          1.38860e+01   constant   
  13  beta_y       0.00000e+00     fixed    
  14  alpha_vw     0.00000e+00     fixed    
  15  w_vw         1.43404e+01   constant   
  16  beta_vw      0.00000e+00     fixed    
  17  LM           2.36781e-04   constant   
  18  zeta_y       0.00000e+00   constant   
  19  zeta_vw      0.00000e+00   constant   
  20  T_CBO        1.00000e+02   1.00000e+00   0.00000e+00   0.00000e+00
  21  alpha_A0     0.00000e+00   1.00000e-04   0.00000e+00   1.18538e+00
  22  beta_A0      0.00000e+00   1.00000e-04   0.00000e+00   1.12545e+00
  23  alpha_phi    0.00000e+00   1.00000e-04   0.00000e+00   1.10642e+00
  24  beta_phi     0.00000e+00   1.00000e-04   0.00000e+00   3.75708e-01
 MIGRAD MINIMIZATION HAS CONVERGED.
 FCN=86.2733 FROM MIGRAD    STATUS=CONVERGED     828 CALLS         829 TOTAL
                     EDM=3.83711e-06    STRATEGY= 1  ERROR MATRIX UNCERTAINTY   1.2 per cent
  EXT PARAMETER                                   STEP         FIRST   
  NO.   NAME      VALUE            ERROR          SIZE      DERIVATIVE 
   1  N0           3.21103e+06   1.07275e+03   6.72241e-01  -1.20666e-06
   2  tau          6.44090e+01   constant   
   3  A0           3.64883e-01   4.55322e-04   1.41973e-07   4.01489e-01
   4  phi          4.11758e+00   1.21305e-03   1.15926e-07  -1.40629e+00
   5  R           -6.00655e+01   constant   
   6  alpha_CBO    0.00000e+00     fixed    
   7  w_CBO        2.32500e+00   constant   
   8  beta_CBO     0.00000e+00     fixed    
   9  alpha_2CBO   0.00000e+00     fixed    
  10  beta_2CBO    0.00000e+00     fixed    
  11  alpha_y      0.00000e+00     fixed    
  12  w_y          1.38860e+01   constant   
  13  beta_y       0.00000e+00     fixed    
  14  alpha_vw     0.00000e+00     fixed    
  15  w_vw         1.43404e+01   constant   
  16  beta_vw      0.00000e+00     fixed    
  17  LM           2.36781e-04   constant   
  18  zeta_y       0.00000e+00   constant   
  19  zeta_vw      0.00000e+00   constant   
  20  T_CBO        2.17230e+02   1.08597e+02  -6.05465e-04   9.05083e-04
  21  alpha_A0    -8.41177e-03   1.53635e-02   8.78447e-04   2.07554e-03
  22  beta_A0     -9.99999e-03   1.02764e-02   1.82647e-02  -7.41923e-05
  23  alpha_phi   -9.13766e-03   1.37356e-02  -4.56918e-04  -5.26817e-04
  24  beta_phi    -1.26848e-03   5.07623e-03  -1.58504e-04  -4.66597e-04
 EXTERNAL ERROR MATRIX.    NDIM=  25    NPAR=  8    ERR DEF=1
  1.151e+06 -3.785e-04 -1.874e-01 -1.963e+04  9.284e-01  4.797e-04  1.762e-01  2.480e-01 
 -3.785e-04  2.073e-07 -9.690e-09  9.630e-03 -3.706e-07 -1.268e-10  1.122e-07  2.805e-07 
 -1.874e-01 -9.690e-09  1.471e-06 -1.377e-03  8.823e-08 -4.550e-10 -2.222e-07 -9.269e-07 
 -1.963e+04  9.630e-03 -1.377e-03  1.208e+04 -5.413e-01 -2.047e-03  5.773e-01  1.058e-01 
  9.284e-01 -3.706e-07  8.823e-08 -5.413e-01  4.446e-05  7.904e-08 -3.156e-05 -5.471e-06 
  4.797e-04 -1.268e-10 -4.550e-10 -2.047e-03  7.904e-08  7.400e-09 -3.060e-08 -9.473e-09 
  1.762e-01  1.122e-07 -2.222e-07  5.773e-01 -3.156e-05 -3.060e-08  5.477e-05  3.428e-06 
  2.480e-01  2.805e-07 -9.269e-07  1.058e-01 -5.471e-06 -9.473e-09  3.428e-06  2.840e-05 
 PARAMETER  CORRELATION COEFFICIENTS  
       NO.  GLOBAL      1      3      4     20     21     22     23     24
        1  0.32186   1.000 -0.001 -0.144 -0.167  0.130  0.005  0.022  0.043
        3  0.26711  -0.001  1.000 -0.018  0.192 -0.122 -0.003  0.033  0.116
        4  0.19934  -0.144 -0.018  1.000 -0.010  0.011 -0.004 -0.025 -0.143
       20  0.83252  -0.167  0.192 -0.010  1.000 -0.739 -0.217  0.710  0.181
       21  0.75850   0.130 -0.122  0.011 -0.739  1.000  0.138 -0.640 -0.154
       22  0.28058   0.005 -0.003 -0.004 -0.217  0.138  1.000 -0.048 -0.021
       23  0.76160   0.022  0.033 -0.025  0.710 -0.640 -0.048  1.000  0.087
       24  0.26271   0.043  0.116 -0.143  0.181 -0.154 -0.021  0.087  1.000
MINUIT - FIT ONLY 1-CBO + wiggle
 **********
 **   16 **RES 
 **********
                   PARAMETER   16  beta_vw RESTORED TO VARIABLE.
                   PARAMETER   14  alpha_vw RESTORED TO VARIABLE.
                   PARAMETER   13  beta_y RESTORED TO VARIABLE.
                   PARAMETER   11  alpha_y RESTORED TO VARIABLE.
                   PARAMETER   10  beta_2CBO RESTORED TO VARIABLE.
                   PARAMETER    9  alpha_2CBO RESTORED TO VARIABLE.
                   PARAMETER    8  beta_CBO RESTORED TO VARIABLE.
                   PARAMETER    6  alpha_CBO RESTORED TO VARIABLE.
 **********
 **   17 **FIX            8
 **********
 **********
 **   18 **FIX            9
 **********
 **********
 **   19 **FIX           11
 **********
 **********
 **   20 **FIX           12
 **********
 PARAMETER   12  IS CONSTANT.   IGNORED.
 **********
 **   21 **FIX           14
 **********
 **********
 **   22 **FIX           15
 **********
 PARAMETER   15  IS CONSTANT.   IGNORED.
 **********
 **   23 **FIX           16
 **********
 **********
 **   24 **MIGRAD
 **********
 START MIGRAD MINIMIZATION.  STRATEGY  1.  CONVERGENCE WHEN EDM .LT. 1.00e-04
 FCN=86.2733 FROM MIGRAD    STATUS=INITIATE       28 CALLS         857 TOTAL
                     EDM= unknown      STRATEGY= 1      NO ERROR MATRIX       
  EXT PARAMETER               CURRENT GUESS       STEP         FIRST   
  NO.   NAME      VALUE            ERROR          SIZE      DERIVATIVE 
   1  N0           3.21103e+06   1.07275e+03   6.72241e-01  -1.20666e-06
   2  tau          6.44090e+01   constant   
   3  A0           3.64883e-01   4.55322e-04   1.41973e-07   4.01489e-01
   4  phi          4.11758e+00   1.21305e-03   1.15926e-07  -1.40629e+00
   5  R           -6.00655e+01   constant   
   6  alpha_CBO    0.00000e+00   1.00000e-03   1.00000e-03   1.14382e+04
   7  w_CBO        2.32500e+00   constant   
   8  beta_CBO     0.00000e+00     fixed    
   9  alpha_2CBO   0.00000e+00     fixed    
  10  beta_2CBO    0.00000e+00   1.00000e-03   1.00000e-03  -5.24675e+03
  11  alpha_y      0.00000e+00     fixed    
  12  w_y          1.38860e+01   constant   
  13  beta_y       0.00000e+00   1.00000e-03   1.00000e-03  -1.80901e+02
  14  alpha_vw     0.00000e+00     fixed    
  15  w_vw         1.43404e+01   constant   
  16  beta_vw      0.00000e+00     fixed    
  17  LM           2.36781e-04   constant   
  18  zeta_y       0.00000e+00   constant   
  19  zeta_vw      0.00000e+00   constant   
  20  T_CBO        2.17230e+02   1.08597e+02  -6.05465e-04   9.05081e-04
  21  alpha_A0    -8.41177e-03   1.53635e-02   8.78447e-04  -2.07543e-03
  22  beta_A0     -9.99999e-03   1.02764e-02   1.82647e-02   7.39098e-05
  23  alpha_phi   -9.13766e-03   1.37356e-02  -4.56918e-04  -5.26836e-04
  24  beta_phi    -1.26848e-03   5.07623e-03  -1.58504e-04  -4.66589e-04
 MIGRAD MINIMIZATION HAS CONVERGED.
 FCN=77.7663 FROM MIGRAD    STATUS=CONVERGED     211 CALLS        1040 TOTAL
                     EDM=7.55834e-06    STRATEGY= 1  ERROR MATRIX UNCERTAINTY   1.5 per cent
  EXT PARAMETER                                   STEP         FIRST   
  NO.   NAME      VALUE            ERROR          SIZE      DERIVATIVE 
   1  N0           3.21085e+06   1.03919e+03  -4.34036e+00  -2.75168e-06
   2  tau          6.44090e+01   constant   
   3  A0           3.64629e-01   4.61785e-04  -1.28897e-06   5.57323e+00
   4  phi          4.11796e+00   1.28484e-03  -3.92461e-06   1.28190e+00
   5  R           -6.00655e+01   constant   
   6  alpha_CBO   -1.24757e-03   4.71798e-04  -4.46591e-07   2.56681e+00
   7  w_CBO        2.32500e+00   constant   
   8  beta_CBO     0.00000e+00     fixed    
   9  alpha_2CBO   0.00000e+00     fixed    
  10  beta_2CBO    5.21747e-04   4.73216e-04   1.56963e-06   9.63638e-01
  11  alpha_y      0.00000e+00     fixed    
  12  w_y          1.38860e+01   constant   
  13  beta_y       1.96567e-05   4.60216e-04   3.17007e-07   1.52201e-01
  14  alpha_vw     0.00000e+00     fixed    
  15  w_vw         1.43404e+01   constant   
  16  beta_vw      0.00000e+00     fixed    
  17  LM           2.36781e-04   constant   
  18  zeta_y       0.00000e+00   constant   
  19  zeta_vw      0.00000e+00   constant   
  20  T_CBO        2.14645e+02   1.11289e+02   2.39211e-03  -1.40285e-02
  21  alpha_A0    -5.07358e-03   6.26757e-03   1.11355e-02   1.00438e-03
  22  beta_A0     -9.99989e-03   1.00048e-02   4.12454e-03  -8.60820e-05
  23  alpha_phi   -8.07237e-03   1.06638e-02   1.19031e-02   2.98998e-03
  24  beta_phi    -1.09206e-03   5.95743e-03   7.86415e-03  -6.67516e-04
 EXTERNAL ERROR MATRIX.    NDIM=  25    NPAR= 11    ERR DEF=1
  1.080e+06 
  1.611e-02  2.132e-07 
 -9.395e-02 -3.818e-08  1.651e-06 
  2.923e-02  4.921e-08 -8.533e-08  2.226e-07 
  1.842e-03  8.959e-09 -3.685e-08  1.078e-08  2.239e-07 
  6.050e-03 -5.788e-10 -2.511e-09  4.590e-10  7.871e-10  2.118e-07 
 -2.550e+04  9.526e-03  2.588e-04  2.568e-03  4.458e-03 -6.375e-04  1.270e+04 
 -1.280e+00  1.934e-07  3.022e-07 -3.983e-07  4.466e-07  5.450e-09  4.007e-01  4.925e-05 
 -3.848e-04 -2.227e-10 -1.035e-09  3.313e-10  3.412e-10  9.434e-11 -1.533e-04 -5.019e-08  8.462e-08 
 -9.755e-02 -2.702e-08  7.674e-07 -8.884e-08  2.360e-07 -7.618e-08  5.252e-01  1.497e-05  2.608e-09  7.445e-05 
  5.278e-01  3.841e-07 -1.152e-06  1.887e-07  4.680e-07  4.520e-09  1.272e-01  5.347e-06  1.524e-08 -4.857e-07  4.081e-05 
 PARAMETER  CORRELATION COEFFICIENTS  
       NO.  GLOBAL      1      3      4      6     10     13     20     21     22     23     24
        1  0.31387   1.000  0.034 -0.070  0.060  0.004  0.013 -0.218 -0.175 -0.001 -0.011  0.080
        3  0.32204   0.034  1.000 -0.064  0.226  0.041 -0.003  0.183  0.060 -0.002 -0.007  0.130
        4  0.21610  -0.070 -0.064  1.000 -0.141 -0.061 -0.004  0.002  0.034 -0.003  0.069 -0.140
        6  0.30963   0.060  0.226 -0.141  1.000  0.048  0.002  0.048 -0.120  0.002 -0.022  0.063
       10  0.20968   0.004  0.041 -0.061  0.048  1.000  0.004  0.084  0.134  0.002  0.058  0.155
       13  0.02557   0.013 -0.003 -0.004  0.002  0.004  1.000 -0.012  0.002  0.001 -0.019  0.002
       20  0.71580  -0.218  0.183  0.002  0.048  0.084 -0.012  1.000  0.507 -0.005  0.540  0.177
       21  0.54202  -0.175  0.060  0.034 -0.120  0.134  0.002  0.507  1.000 -0.025  0.247  0.119
       22  0.02959  -0.001 -0.002 -0.003  0.002  0.002  0.001 -0.005 -0.025  1.000  0.001  0.008
       23  0.57870  -0.011 -0.007  0.069 -0.022  0.058 -0.019  0.540  0.247  0.001  1.000 -0.009
       24  0.32058   0.080  0.130 -0.140  0.063  0.155  0.002  0.177  0.119  0.008 -0.009  1.000
MINUIT - FIT ONLY 2-CBO
 **********
 **   25 **RES 
 **********
                   PARAMETER   16  beta_vw RESTORED TO VARIABLE.
                   PARAMETER   14  alpha_vw RESTORED TO VARIABLE.
                   PARAMETER   11  alpha_y RESTORED TO VARIABLE.
                   PARAMETER    9  alpha_2CBO RESTORED TO VARIABLE.
                   PARAMETER    8  beta_CBO RESTORED TO VARIABLE.
 **********
 **   26 **FIX            0
 **********
 PARAMETER    0  IS UNDEFINED. IGNORED.
 **********
 **   27 **FIX            1
 **********
 **********
 **   28 **FIX            2
 **********
 PARAMETER    2  IS CONSTANT.   IGNORED.
 **********
 **   29 **FIX            3
 **********
 **********
 **   30 **FIX            4
 **********
 **********
 **   31 **FIX            5
 **********
 PARAMETER    5  IS CONSTANT.   IGNORED.
 **********
 **   32 **FIX            6
 **********
 **********
 **   33 **FIX            7
 **********
 PARAMETER    7  IS CONSTANT.   IGNORED.
 **********
 **   34 **FIX           10
 **********
 **********
 **   35 **FIX           11
 **********
 **********
 **   36 **FIX           12
 **********
 PARAMETER   12  IS CONSTANT.   IGNORED.
 **********
 **   37 **FIX           13
 **********
 **********
 **   38 **FIX           14
 **********
 **********
 **   39 **FIX           15
 **********
 PARAMETER   15  IS CONSTANT.   IGNORED.
 **********
 **   40 **FIX           16
 **********
 **********
 **   41 **MIGRAD
 **********
 START MIGRAD MINIMIZATION.  STRATEGY  1.  CONVERGENCE WHEN EDM .LT. 1.00e-04
 FCN=77.7663 FROM MIGRAD    STATUS=INITIATE       18 CALLS        1058 TOTAL
                     EDM= unknown      STRATEGY= 1      NO ERROR MATRIX       
  EXT PARAMETER               CURRENT GUESS       STEP         FIRST   
  NO.   NAME      VALUE            ERROR          SIZE      DERIVATIVE 
   1  N0           3.21085e+06     fixed    
   2  tau          6.44090e+01   constant   
   3  A0           3.64629e-01     fixed    
   4  phi          4.11796e+00     fixed    
   5  R           -6.00655e+01   constant   
   6  alpha_CBO   -1.24757e-03     fixed    
   7  w_CBO        2.32500e+00   constant   
   8  beta_CBO     0.00000e+00   1.00000e-03   1.00000e-03  -8.08601e+03
   9  alpha_2CBO   0.00000e+00   1.00000e-03   1.00000e-03   1.70266e+03
  10  beta_2CBO    5.21747e-04     fixed    
  11  alpha_y      0.00000e+00     fixed    
  12  w_y          1.38860e+01   constant   
  13  beta_y       1.96567e-05     fixed    
  14  alpha_vw     0.00000e+00     fixed    
  15  w_vw         1.43404e+01   constant   
  16  beta_vw      0.00000e+00     fixed    
  17  LM           2.36781e-04   constant   
  18  zeta_y       0.00000e+00   constant   
  19  zeta_vw      0.00000e+00   constant   
  20  T_CBO        2.14645e+02   1.11289e+02   2.39211e-03  -1.40287e-02
  21  alpha_A0    -5.07358e-03   6.26757e-03   1.11355e-02   1.00406e-03
  22  beta_A0     -9.99989e-03   1.00048e-02   4.12454e-03   7.91072e-05
  23  alpha_phi   -8.07237e-03   1.06638e-02   1.19031e-02   2.98863e-03
  24  beta_phi    -1.09206e-03   5.95743e-03   7.86415e-03  -6.67545e-04
 MIGRAD MINIMIZATION HAS CONVERGED.
 MIGRAD WILL VERIFY CONVERGENCE AND ERROR MATRIX.
 COVARIANCE MATRIX CALCULATED SUCCESSFULLY
 FCN=73.8604 FROM MIGRAD    STATUS=CONVERGED     187 CALLS        1227 TOTAL
                     EDM=6.70379e-06    STRATEGY= 1      ERROR MATRIX ACCURATE 
  EXT PARAMETER                                   STEP         FIRST   
  NO.   NAME      VALUE            ERROR          SIZE      DERIVATIVE 
   1  N0           3.21085e+06     fixed    
   2  tau          6.44090e+01   constant   
   3  A0           3.64629e-01     fixed    
   4  phi          4.11796e+00     fixed    
   5  R           -6.00655e+01   constant   
   6  alpha_CBO   -1.24757e-03     fixed    
   7  w_CBO        2.32500e+00   constant   
   8  beta_CBO     9.11865e-04   4.71257e-04   1.96948e-06  -2.22427e-01
   9  alpha_2CBO  -2.57095e-04   4.73841e-04   1.94392e-06  -7.83762e-02
  10  beta_2CBO    5.21747e-04     fixed    
  11  alpha_y      0.00000e+00     fixed    
  12  w_y          1.38860e+01   constant   
  13  beta_y       1.96567e-05     fixed    
  14  alpha_vw     0.00000e+00     fixed    
  15  w_vw         1.43404e+01   constant   
  16  beta_vw      0.00000e+00     fixed    
  17  LM           2.36781e-04   constant   
  18  zeta_y       0.00000e+00   constant   
  19  zeta_vw      0.00000e+00   constant   
  20  T_CBO        2.33850e+02   1.16870e+02   8.73911e-04   5.59899e-04
  21  alpha_A0    -4.52208e-03   5.38385e-03   2.45024e-03  -5.81666e-04
  22  beta_A0     -9.99763e-03   1.99969e-02   3.67463e-02  -3.79230e-04
  23  alpha_phi   -7.55211e-03   1.09724e-02   3.43903e-03  -4.27547e-04
  24  beta_phi    -6.09864e-04   5.02906e-03   2.20440e-03  -1.13658e-03
 EXTERNAL ERROR MATRIX.    NDIM=  25    NPAR=  7    ERR DEF=1
  2.221e-07 -1.630e-08  6.273e-03  1.132e-07  7.213e-11  2.502e-07  7.472e-08 
 -1.630e-08  2.245e-07  6.730e-03 -4.232e-08 -4.004e-11  6.348e-07 -1.521e-07 
  6.273e-03  6.730e-03  1.402e+04  2.994e-01 -1.354e-02  4.812e-01  7.481e-02 
  1.132e-07 -4.232e-08  2.994e-01  3.341e-05 -3.025e-07  1.032e-05  3.371e-06 
  7.213e-11 -4.004e-11 -1.354e-02 -3.025e-07  4.212e-06 -4.941e-07 -3.599e-08 
  2.502e-07  6.348e-07  4.812e-01  1.032e-05 -4.941e-07  4.588e-05  1.491e-06 
  7.472e-08 -1.521e-07  7.481e-02  3.371e-06 -3.599e-08  1.491e-06  2.778e-05 
 PARAMETER  CORRELATION COEFFICIENTS  
       NO.  GLOBAL      8      9     20     21     22     23     24
        8  0.14638   1.000 -0.073  0.112  0.042  0.000  0.078  0.030
        9  0.23881  -0.073  1.000  0.120 -0.015 -0.000  0.198 -0.061
       20  0.67324   0.112  0.120  1.000  0.437 -0.056  0.600  0.120
       21  0.44644   0.042 -0.015  0.437  1.000 -0.026  0.264  0.111
       22  0.05683   0.000 -0.000 -0.056 -0.026  1.000 -0.036 -0.003
       23  0.61412   0.078  0.198  0.600  0.264 -0.036  1.000  0.042
       24  0.15650   0.030 -0.061  0.120  0.111 -0.003  0.042  1.000
MINUIT - FIT wiggle + 1-CBO + 2-CBO
 **********
 **   42 **RES 
 **********
                   PARAMETER   16  beta_vw RESTORED TO VARIABLE.
                   PARAMETER   14  alpha_vw RESTORED TO VARIABLE.
                   PARAMETER   13  beta_y RESTORED TO VARIABLE.
                   PARAMETER   11  alpha_y RESTORED TO VARIABLE.
                   PARAMETER   10  beta_2CBO RESTORED TO VARIABLE.
                   PARAMETER    6  alpha_CBO RESTORED TO VARIABLE.
                   PARAMETER    4  phi RESTORED TO VARIABLE.
                   PARAMETER    3  A0 RESTORED TO VARIABLE.
                   PARAMETER    1  N0 RESTORED TO VARIABLE.
 **********
 **   43 **FIX           10
 **********
 **********
 **   44 **FIX           11
 **********
 **********
 **   45 **FIX           12
 **********
 PARAMETER   12  IS CONSTANT.   IGNORED.
 **********
 **   46 **FIX           13
 **********
 **********
 **   47 **FIX           14
 **********
 **********
 **   48 **FIX           15
 **********
 PARAMETER   15  IS CONSTANT.   IGNORED.
 **********
 **   49 **FIX           16
 **********
 **********
 **   50 **MIGRAD
 **********
 START MIGRAD MINIMIZATION.  STRATEGY  1.  CONVERGENCE WHEN EDM .LT. 1.00e-04
 FCN=73.8604 FROM MIGRAD    STATUS=INITIATE       24 CALLS        1251 TOTAL
                     EDM= unknown      STRATEGY= 1      NO ERROR MATRIX       
  EXT PARAMETER               CURRENT GUESS       STEP         FIRST   
  NO.   NAME      VALUE            ERROR          SIZE      DERIVATIVE 
   1  N0           3.21085e+06   1.03919e+03   1.03919e+03  -3.15604e-04
   2  tau          6.44090e+01   constant   
   3  A0           3.64629e-01   4.61785e-04   4.61785e-04  -9.50817e+02
   4  phi          4.11796e+00   1.28484e-03   1.28484e-03  -5.75126e+02
   5  R           -6.00655e+01   constant   
   6  alpha_CBO   -1.24757e-03   4.71798e-04   4.71798e-04  -1.37629e+01
   7  w_CBO        2.32500e+00   constant   
   8  beta_CBO     9.11865e-04   4.71257e-04   1.96948e-06  -2.22425e-01
   9  alpha_2CBO  -2.57095e-04   4.73841e-04   1.94392e-06  -7.83764e-02
  10  beta_2CBO    5.21747e-04     fixed    
  11  alpha_y      0.00000e+00     fixed    
  12  w_y          1.38860e+01   constant   
  13  beta_y       1.96567e-05     fixed    
  14  alpha_vw     0.00000e+00     fixed    
  15  w_vw         1.43404e+01   constant   
  16  beta_vw      0.00000e+00     fixed    
  17  LM           2.36781e-04   constant   
  18  zeta_y       0.00000e+00   constant   
  19  zeta_vw      0.00000e+00   constant   
  20  T_CBO        2.33850e+02   1.16870e+02   8.73911e-04   5.43575e-04
  21  alpha_A0    -4.52208e-03   5.38385e-03   2.45024e-03  -5.73021e-04
  22  beta_A0     -9.99763e-03   1.99969e-02   3.67463e-02   4.97620e-04
  23  alpha_phi   -7.55211e-03   1.09724e-02   3.43903e-03  -4.07799e-04
  24  beta_phi    -6.09864e-04   5.02906e-03   2.20440e-03  -1.13553e-03
 MIGRAD MINIMIZATION HAS CONVERGED.
 MIGRAD WILL VERIFY CONVERGENCE AND ERROR MATRIX.
 COVARIANCE MATRIX CALCULATED SUCCESSFULLY
 FCN=73.6749 FROM MIGRAD    STATUS=CONVERGED     230 CALLS        1457 TOTAL
                     EDM=2.4067e-05    STRATEGY= 1      ERROR MATRIX ACCURATE 
  EXT PARAMETER                                   STEP         FIRST   
  NO.   NAME      VALUE            ERROR          SIZE      DERIVATIVE 
   1  N0           3.21097e+06   1.11191e+03   4.30263e+00  -3.47173e-07
   2  tau          6.44090e+01   constant   
   3  A0           3.64722e-01   4.66183e-04   1.84808e-06  -1.00509e+00
   4  phi          4.11839e+00   1.27803e-03   5.15680e-06   3.39593e-01
   5  R           -6.00655e+01   constant   
   6  alpha_CBO   -1.23899e-03   4.70891e-04   1.88568e-06   2.73740e+00
   7  w_CBO        2.32500e+00   constant   
   8  beta_CBO     9.54263e-04   4.81590e-04   1.96693e-06  -2.02533e+00
   9  alpha_2CBO  -2.73265e-04   4.75797e-04   1.94140e-06  -4.64944e+00
  10  beta_2CBO    5.21747e-04     fixed    
  11  alpha_y      0.00000e+00     fixed    
  12  w_y          1.38860e+01   constant   
  13  beta_y       1.96567e-05     fixed    
  14  alpha_vw     0.00000e+00     fixed    
  15  w_vw         1.43404e+01   constant   
  16  beta_vw      0.00000e+00     fixed    
  17  LM           2.36781e-04   constant   
  18  zeta_y       0.00000e+00   constant   
  19  zeta_vw      0.00000e+00   constant   
  20  T_CBO        2.34978e+02   1.29177e+02   8.71884e-04  -1.15686e-02
  21  alpha_A0    -4.52578e-03   5.55591e-03   2.44275e-03  -2.86535e-04
  22  beta_A0     -1.00000e-02   1.26506e-02   3.89714e-02** at limit **
  23  alpha_phi   -7.57906e-03   1.08938e-02   3.44388e-03  -2.86437e-03
  24  beta_phi    -6.90115e-04   5.08205e-03   2.19238e-03   5.33548e-04
 EXTERNAL ERROR MATRIX.    NDIM=  25    NPAR= 11    ERR DEF=1
  1.236e+06 
 -2.399e-02  2.173e-07 
 -2.206e-01 -2.208e-08  1.633e-06 
  3.381e-02  5.050e-08 -7.828e-08  2.217e-07 
  2.424e-02  2.157e-08  9.936e-08  3.785e-09  2.319e-07 
 -2.339e-02 -7.948e-09 -2.795e-08  7.935e-09 -1.971e-08  2.264e-07 
 -2.672e+04  9.874e-03  3.626e-03  2.978e-03  6.747e-03  6.977e-03  1.723e+04 
 -1.217e+00  1.386e-07  4.631e-07 -3.794e-07  1.135e-07 -4.547e-08  3.735e-01  3.598e-05 
 -1.085e-05 -5.466e-12  5.901e-11 -7.004e-12  2.571e-13  5.972e-13  4.871e-04  1.078e-08  1.104e-10 
  4.793e-01 -1.522e-07 -3.335e-08 -3.348e-08  2.470e-07  6.282e-07  5.423e-01  1.139e-05  1.768e-08  4.859e-05 
  3.838e-01  2.606e-07 -9.260e-07  1.520e-07  5.665e-08 -1.468e-07  9.072e-02  3.153e-06  1.442e-09  1.874e-06  2.843e-05 
 PARAMETER  CORRELATION COEFFICIENTS  
       NO.  GLOBAL      1      3      4      6      8      9     20     21     22     23     24
        1  0.36342   1.000 -0.046 -0.155  0.065  0.045 -0.044 -0.183 -0.182 -0.001  0.062  0.065
        3  0.34248  -0.046  1.000 -0.037  0.230  0.096 -0.036  0.161  0.050 -0.001 -0.047  0.105
        4  0.29247  -0.155 -0.037  1.000 -0.130  0.161 -0.046  0.022  0.060  0.004 -0.004 -0.136
        6  0.31511   0.065  0.230 -0.130  1.000  0.017  0.035  0.048 -0.134 -0.001 -0.010  0.061
        8  0.25113   0.045  0.096  0.161  0.017  1.000 -0.086  0.107  0.039  0.000  0.074  0.022
        9  0.25469  -0.044 -0.036 -0.046  0.035 -0.086  1.000  0.112 -0.016  0.000  0.189 -0.058
       20  0.74372  -0.183  0.161  0.022  0.048  0.107  0.112  1.000  0.474  0.353  0.593  0.130
       21  0.51462  -0.182  0.050  0.060 -0.134  0.039 -0.016  0.474  1.000  0.171  0.272  0.099
       22  0.37010  -0.001 -0.001  0.004 -0.001  0.000  0.000  0.353  0.171  1.000  0.241  0.026
       23  0.64648   0.062 -0.047 -0.004 -0.010  0.074  0.189  0.593  0.272  0.241  1.000  0.050
       24  0.24062   0.065  0.105 -0.136  0.061  0.022 -0.058  0.130  0.099  0.026  0.050  1.000
MINUIT - FIT ONLY 1-y
 **********
 **   51 **RES 
 **********
                   PARAMETER   16  beta_vw RESTORED TO VARIABLE.
                   PARAMETER   14  alpha_vw RESTORED TO VARIABLE.
                   PARAMETER   13  beta_y RESTORED TO VARIABLE.
                   PARAMETER   11  alpha_y RESTORED TO VARIABLE.
                   PARAMETER   10  beta_2CBO RESTORED TO VARIABLE.
 **********
 **   52 **FIX            0
 **********
 PARAMETER    0  IS UNDEFINED. IGNORED.
 **********
 **   53 **FIX            1
 **********
 **********
 **   54 **FIX            2
 **********
 PARAMETER    2  IS CONSTANT.   IGNORED.
 **********
 **   55 **FIX            3
 **********
 **********
 **   56 **FIX            4
 **********
 **********
 **   57 **FIX            5
 **********
 PARAMETER    5  IS CONSTANT.   IGNORED.
 **********
 **   58 **FIX            6
 **********
 **********
 **   59 **FIX            7
 **********
 PARAMETER    7  IS CONSTANT.   IGNORED.
 **********
 **   60 **FIX            8
 **********
 **********
 **   61 **FIX            9
 **********
 **********
 **   62 **FIX           13
 **********
 **********
 **   63 **FIX           14
 **********
 **********
 **   64 **FIX           15
 **********
 PARAMETER   15  IS CONSTANT.   IGNORED.
 **********
 **   65 **FIX           16
 **********
 **********
 **   66 **MIGRAD
 **********
 START MIGRAD MINIMIZATION.  STRATEGY  1.  CONVERGENCE WHEN EDM .LT. 1.00e-04
 FCN=73.6749 FROM MIGRAD    STATUS=INITIATE       16 CALLS        1473 TOTAL
                     EDM= unknown      STRATEGY= 1      NO ERROR MATRIX       
  EXT PARAMETER               CURRENT GUESS       STEP         FIRST   
  NO.   NAME      VALUE            ERROR          SIZE      DERIVATIVE 
   1  N0           3.21097e+06     fixed    
   2  tau          6.44090e+01   constant   
   3  A0           3.64722e-01     fixed    
   4  phi          4.11839e+00     fixed    
   5  R           -6.00655e+01   constant   
   6  alpha_CBO   -1.23899e-03     fixed    
   7  w_CBO        2.32500e+00   constant   
   8  beta_CBO     9.54263e-04     fixed    
   9  alpha_2CBO  -2.73265e-04     fixed    
  10  beta_2CBO    5.21747e-04   4.73216e-04   4.73216e-04  -4.20348e+02
  11  alpha_y      0.00000e+00   1.00000e-03   1.00000e-03  -2.26072e+02
  12  w_y          1.38860e+01   constant   
  13  beta_y       1.96567e-05     fixed    
  14  alpha_vw     0.00000e+00     fixed    
  15  w_vw         1.43404e+01   constant   
  16  beta_vw      0.00000e+00     fixed    
  17  LM           2.36781e-04   constant   
  18  zeta_y       0.00000e+00   constant   
  19  zeta_vw      0.00000e+00   constant   
  20  T_CBO        2.34978e+02   1.29177e+02   8.71884e-04  -1.16083e-02
  21  alpha_A0    -4.52578e-03   5.55591e-03   2.44275e-03  -2.78064e-04
  22  beta_A0     -9.99998e-03   1.26506e-02   3.89714e-02   3.11048e-05
  23  alpha_phi   -7.57906e-03   1.08938e-02   3.44388e-03  -2.84506e-03
  24  beta_phi    -6.90115e-04   5.08205e-03   2.19238e-03   5.35607e-04
 MIGRAD MINIMIZATION HAS CONVERGED.
 MIGRAD WILL VERIFY CONVERGENCE AND ERROR MATRIX.
 COVARIANCE MATRIX CALCULATED SUCCESSFULLY
 FCN=73.663 FROM MIGRAD    STATUS=CONVERGED     133 CALLS        1590 TOTAL
                     EDM=1.25269e-06    STRATEGY= 1      ERROR MATRIX ACCURATE 
  EXT PARAMETER                                   STEP         FIRST   
  NO.   NAME      VALUE            ERROR          SIZE      DERIVATIVE 
   1  N0           3.21097e+06     fixed    
   2  tau          6.44090e+01   constant   
   3  A0           3.64722e-01     fixed    
   4  phi          4.11839e+00     fixed    
   5  R           -6.00655e+01   constant   
   6  alpha_CBO   -1.23899e-03     fixed    
   7  w_CBO        2.32500e+00   constant   
   8  beta_CBO     9.54263e-04     fixed    
   9  alpha_2CBO  -2.73265e-04     fixed    
  10  beta_2CBO    5.66537e-04   4.62462e-04   1.90890e-06   1.67093e+00
  11  alpha_y      2.21202e-05   4.52601e-04   1.90848e-06  -1.92945e+00
  12  w_y          1.38860e+01   constant   
  13  beta_y       1.96567e-05     fixed    
  14  alpha_vw     0.00000e+00     fixed    
  15  w_vw         1.43404e+01   constant   
  16  beta_vw      0.00000e+00     fixed    
  17  LM           2.36781e-04   constant   
  18  zeta_y       0.00000e+00   constant   
  19  zeta_vw      0.00000e+00   constant   
  20  T_CBO        2.36286e+02   1.37300e+02   8.78800e-04  -1.67178e-03
  21  alpha_A0    -4.43983e-03   5.52688e-03   2.41409e-03   1.45487e-03
  22  beta_A0     -1.00000e-02   1.26777e-02   4.03324e-02** at limit **
  23  alpha_phi   -7.50694e-03   1.09496e-02   3.40664e-03  -3.50494e-04
  24  beta_phi    -6.00990e-04   5.02950e-03   2.17819e-03  -1.00857e-03
 EXTERNAL ERROR MATRIX.    NDIM=  25    NPAR=  7    ERR DEF=1
  2.139e-07 -4.017e-09  4.471e-03  3.637e-07  4.136e-13  2.591e-07  3.947e-07 
 -4.017e-09  2.048e-07  7.832e-04  8.468e-10 -1.910e-13  2.189e-08  4.871e-08 
  4.471e-03  7.832e-04  1.955e+04  4.175e-01  5.506e-04  6.522e-01  1.003e-01 
  3.637e-07  8.468e-10  4.175e-01  3.547e-05  1.179e-08  1.445e-05  4.185e-06 
  4.136e-13 -1.910e-13  5.506e-04  1.179e-08  5.355e-11  1.953e-08  1.431e-09 
  2.591e-07  2.189e-08  6.522e-01  1.445e-05  1.953e-08  4.979e-05  2.776e-06 
  3.947e-07  4.871e-08  1.003e-01  4.185e-06  1.431e-09  2.776e-06  2.778e-05 
 PARAMETER  CORRELATION COEFFICIENTS  
       NO.  GLOBAL     10     11     20     21     22     23     24
       10  0.20707   1.000 -0.019  0.069  0.132  0.000  0.079  0.162
       11  0.03394  -0.019  1.000  0.012  0.000 -0.000  0.007  0.020
       20  0.77276   0.069  0.012  1.000  0.501  0.538  0.661  0.136
       21  0.51357   0.132  0.000  0.501  1.000  0.271  0.344  0.133
       22  0.54124   0.000 -0.000  0.538  0.271  1.000  0.378  0.037
       23  0.66302   0.079  0.007  0.661  0.344  0.378  1.000  0.075
       24  0.21867   0.162  0.020  0.136  0.133  0.037  0.075  1.000
MINUIT - FIT ONLY 2-y
 **********
 **   67 **RES 
 **********
                   PARAMETER   16  beta_vw RESTORED TO VARIABLE.
                   PARAMETER   14  alpha_vw RESTORED TO VARIABLE.
                   PARAMETER   13  beta_y RESTORED TO VARIABLE.
                   PARAMETER    9  alpha_2CBO RESTORED TO VARIABLE.
                   PARAMETER    8  beta_CBO RESTORED TO VARIABLE.
                   PARAMETER    6  alpha_CBO RESTORED TO VARIABLE.
                   PARAMETER    4  phi RESTORED TO VARIABLE.
                   PARAMETER    3  A0 RESTORED TO VARIABLE.
                   PARAMETER    1  N0 RESTORED TO VARIABLE.
 **********
 **   68 **FIX            0
 **********
 PARAMETER    0  IS UNDEFINED. IGNORED.
 **********
 **   69 **FIX            1
 **********
 **********
 **   70 **FIX            2
 **********
 PARAMETER    2  IS CONSTANT.   IGNORED.
 **********
 **   71 **FIX            3
 **********
 **********
 **   72 **FIX            4
 **********
 **********
 **   73 **FIX            5
 **********
 PARAMETER    5  IS CONSTANT.   IGNORED.
 **********
 **   74 **FIX            6
 **********
 **********
 **   75 **FIX            7
 **********
 PARAMETER    7  IS CONSTANT.   IGNORED.
 **********
 **   76 **FIX            8
 **********
 **********
 **   77 **FIX            9
 **********
 **********
 **   78 **FIX           10
 **********
 **********
 **   79 **FIX           11
 **********
 **********
 **   80 **FIX           12
 **********
 PARAMETER   12  IS CONSTANT.   IGNORED.
 **********
 **   81 **FIX           16
 **********
 **********
 **   82 **MIGRAD
 **********
 START MIGRAD MINIMIZATION.  STRATEGY  1.  CONVERGENCE WHEN EDM .LT. 1.00e-04
 FCN=73.663 FROM MIGRAD    STATUS=INITIATE       16 CALLS        1606 TOTAL
                     EDM= unknown      STRATEGY= 1      NO ERROR MATRIX       
  EXT PARAMETER               CURRENT GUESS       STEP         FIRST   
  NO.   NAME      VALUE            ERROR          SIZE      DERIVATIVE 
   1  N0           3.21097e+06     fixed    
   2  tau          6.44090e+01   constant   
   3  A0           3.64722e-01     fixed    
   4  phi          4.11839e+00     fixed    
   5  R           -6.00655e+01   constant   
   6  alpha_CBO   -1.23899e-03     fixed    
   7  w_CBO        2.32500e+00   constant   
   8  beta_CBO     9.54263e-04     fixed    
   9  alpha_2CBO  -2.73265e-04     fixed    
  10  beta_2CBO    5.66537e-04     fixed    
  11  alpha_y      2.21202e-05     fixed    
  12  w_y          1.38860e+01   constant   
  13  beta_y       1.96567e-05   4.60216e-04   4.60216e-04  -2.25320e+02
  14  alpha_vw     0.00000e+00   1.00000e-03   1.00000e-03  -1.29649e+03
  15  w_vw         1.43404e+01   constant   
  16  beta_vw      0.00000e+00     fixed    
  17  LM           2.36781e-04   constant   
  18  zeta_y       0.00000e+00   constant   
  19  zeta_vw      0.00000e+00   constant   
  20  T_CBO        2.36286e+02   1.37300e+02   8.78800e-04  -1.71163e-03
  21  alpha_A0    -4.43983e-03   5.52688e-03   2.41409e-03   1.46324e-03
  22  beta_A0     -9.99998e-03   1.26777e-02   4.03324e-02   1.40262e-05
  23  alpha_phi   -7.50694e-03   1.09496e-02   3.40664e-03  -3.47805e-04
  24  beta_phi    -6.00990e-04   5.02950e-03   2.17819e-03  -1.00665e-03
 MIGRAD MINIMIZATION HAS CONVERGED.
 MIGRAD WILL VERIFY CONVERGENCE AND ERROR MATRIX.
 FCN=73.5549 FROM HESSE     STATUS=NOT POSDEF     54 CALLS        1709 TOTAL
                     EDM=0.000254905    STRATEGY= 1      ERR MATRIX NOT POS-DEF
  EXT PARAMETER                APPROXIMATE        STEP         FIRST   
  NO.   NAME      VALUE            ERROR          SIZE      DERIVATIVE 
   1  N0           3.21097e+06     fixed    
   2  tau          6.44090e+01   constant   
   3  A0           3.64722e-01     fixed    
   4  phi          4.11839e+00     fixed    
   5  R           -6.00655e+01   constant   
   6  alpha_CBO   -1.23899e-03     fixed    
   7  w_CBO        2.32500e+00   constant   
   8  beta_CBO     9.54263e-04     fixed    
   9  alpha_2CBO  -2.73265e-04     fixed    
  10  beta_2CBO    5.66537e-04     fixed    
  11  alpha_y      2.21202e-05     fixed    
  12  w_y          1.38860e+01   constant   
  13  beta_y       8.80744e-05   4.11244e-04   1.94039e-06  -1.56918e+00
  14  alpha_vw     1.54740e-04   4.09476e-04   1.92514e-06   2.86008e-01
  15  w_vw         1.43404e+01   constant   
  16  beta_vw      0.00000e+00     fixed    
  17  LM           2.36781e-04   constant   
  18  zeta_y       0.00000e+00   constant   
  19  zeta_vw      0.00000e+00   constant   
  20  T_CBO        2.35874e+02   7.43822e+02   8.79844e-04  -2.88763e-04
  21  alpha_A0    -4.41814e-03   1.07694e-02   2.40357e-03   6.04856e-03
  22  beta_A0     -1.00000e-02   1.00441e-02   2.54207e-02** at limit **
  23  alpha_phi   -7.56391e-03   1.23495e-02   3.39151e-03   3.29939e-03
  24  beta_phi    -5.73265e-04   4.33751e-03   2.17281e-03   2.90847e-03
 MIGRAD MINIMIZATION HAS CONVERGED.
 MIGRAD WILL VERIFY CONVERGENCE AND ERROR MATRIX.
 COVARIANCE MATRIX CALCULATED SUCCESSFULLY
 FCN=73.5549 FROM MIGRAD    STATUS=CONVERGED     248 CALLS        1838 TOTAL
                     EDM=3.69666e-07    STRATEGY= 1      ERROR MATRIX ACCURATE 
  EXT PARAMETER                                   STEP         FIRST   
  NO.   NAME      VALUE            ERROR          SIZE      DERIVATIVE 
   1  N0           3.21097e+06     fixed    
   2  tau          6.44090e+01   constant   
   3  A0           3.64722e-01     fixed    
   4  phi          4.11839e+00     fixed    
   5  R           -6.00655e+01   constant   
   6  alpha_CBO   -1.23899e-03     fixed    
   7  w_CBO        2.32500e+00   constant   
   8  beta_CBO     9.54263e-04     fixed    
   9  alpha_2CBO  -2.73265e-04     fixed    
  10  beta_2CBO    5.66537e-04     fixed    
  11  alpha_y      2.21202e-05     fixed    
  12  w_y          1.38860e+01   constant   
  13  beta_y       8.82559e-05   4.80548e-04   1.94039e-06  -2.13539e-02
  14  alpha_vw     1.54784e-04   4.76812e-04   1.92514e-06   9.93469e-02
  15  w_vw         1.43404e+01   constant   
  16  beta_vw      0.00000e+00     fixed    
  17  LM           2.36781e-04   constant   
  18  zeta_y       0.00000e+00   constant   
