 + ++++++++++++++++++++++++++++++++++++++++++++++++++++++++++++++++++++ +
 +                                                                      +
 +           You have chose to blind your fitting according to          +
 +                omega_ref * (1 + (R +/- deltaR) *10^{-6})             +
 +                                                                      +
 + ++++++++++++++++++++++++++++++++++++++++++++++++++++++++++++++++++++ +
In main()...
reading format from /gm2data/zkhechad/run45/envelope/formats/formatB_sBin_constraintOn.txt
pBinTau 	= 0  
pBinPhi 	= 0  
constraintau 	= 1 
includeMopTerm 	= 0    
constrainMop    = 0   
Parameters after format file: pBinTau 0 pBinPhi 0 constraintau 1 includeMopTerm 0 constrainMop 0 c_e_scale 0.000000 
Opening file /gm2data/tbarrett/gm2fr/studies/run23_bunch_corrections/CorrectedFourier_Run3b.root.
reading full fit data from /gm2data/zkhechad/cboTemplates/Run4CBOTemplates/fullFits/noRF/sBin_constraintOn_cE0.0_seed0_noRF_calo10.root
windowBins = 69
fitting sliding window 700 from bin 836 at 124.582000 to bin 905 at 135.026000 (69 bins)

Reading data from /gm2data/cornell/histograms/aMethod/histogram_a_noRF.root
 **********
 **    1 **SET PRINTOUT            1
 **********
 **********
 **    2 **SET NOWARNINGS 
 **********
 PARAMETER DEFINITIONS:
    NO.   NAME         VALUE      STEP SIZE      LIMITS
     1 N0           3.07359e+06  1.00000e+02     no limits
     2 tau          6.44052e+01  constant
     3 A0           3.48563e-01  1.00000e-04     no limits
     4 phi          4.11545e+00  1.00000e-02     no limits
     5 R           -6.12271e+01  constant
     6 alpha_CBO    0.00000e+00  1.00000e-03     no limits
     7 w_CBO        2.32500e+00  constant
     8 beta_CBO     0.00000e+00  1.00000e-03     no limits
     9 alpha_2CBO   0.00000e+00  1.00000e-03     no limits
    10 beta_2CBO    0.00000e+00  1.00000e-03     no limits
    11 alpha_y      0.00000e+00  1.00000e-03     no limits
    12 w_y          1.38860e+01  constant
    13 beta_y       0.00000e+00  1.00000e-03     no limits
    14 alpha_vw     0.00000e+00  1.00000e-03     no limits
    15 w_vw         1.43404e+01  constant
    16 beta_vw      0.00000e+00  1.00000e-03     no limits
    17 LM           5.13638e-05  constant
    18 zeta_y       0.00000e+00  constant
    19 zeta_vw      0.00000e+00  constant
    20 T_CBO        1.00000e+02  1.00000e+00    0.00000e+00  1.00000e+03
    21 alpha_A0     0.00000e+00  1.00000e-03     no limits
    22 beta_A0      0.00000e+00  1.00000e-03     no limits
    23 alpha_phi    0.00000e+00  1.00000e-03     no limits
    24 beta_phi     0.00000e+00  1.00000e-03     no limits
MINUIT - FIT ONLY WIGGLE
 **********
 **    3 **FIX            5
 **********
 PARAMETER    5  IS CONSTANT.   IGNORED.
 **********
 **    4 **FIX            6
 **********
 **********
 **    5 **FIX            7
 **********
 PARAMETER    7  IS CONSTANT.   IGNORED.
 **********
 **    6 **FIX            8
 **********
 **********
 **    7 **FIX            9
 **********
 **********
 **    8 **FIX           10
 **********
 **********
 **    9 **FIX           11
 **********
 **********
 **   10 **FIX           12
 **********
 PARAMETER   12  IS CONSTANT.   IGNORED.
 **********
 **   11 **FIX           13
 **********
 **********
 **   12 **FIX           14
 **********
 **********
 **   13 **FIX           15
 **********
 PARAMETER   15  IS CONSTANT.   IGNORED.
 **********
 **   14 **FIX           16
 **********
 **********
 **   15 **MIGRAD
 **********
 FIRST CALL TO USER FUNCTION AT NEW START POINT, WITH IFLAG=4.
 START MIGRAD MINIMIZATION.  STRATEGY  1.  CONVERGENCE WHEN EDM .LT. 1.00e-04
 FCN=1098.75 FROM MIGRAD    STATUS=INITIATE      437 CALLS         438 TOTAL
                     EDM= unknown      STRATEGY= 1      NO ERROR MATRIX       
  EXT PARAMETER               CURRENT GUESS       STEP         FIRST   
  NO.   NAME      VALUE            ERROR          SIZE      DERIVATIVE 
   1  N0           3.07359e+06   1.00000e+02   0.00000e+00   2.41873e-02
   2  tau          6.44052e+01   constant   
   3  A0           3.48563e-01   1.00000e-04   0.00000e+00   8.22078e+04
   4  phi          4.11545e+00   1.00000e-02   0.00000e+00   6.13509e+03
   5  R           -6.12271e+01   constant   
   6  alpha_CBO    0.00000e+00     fixed    
   7  w_CBO        2.32500e+00   constant   
   8  beta_CBO     0.00000e+00     fixed    
   9  alpha_2CBO   0.00000e+00     fixed    
  10  beta_2CBO    0.00000e+00     fixed    
  11  alpha_y      0.00000e+00     fixed    
  12  w_y          1.38860e+01   constant   
  13  beta_y       0.00000e+00     fixed    
  14  alpha_vw     0.00000e+00     fixed    
  15  w_vw         1.43404e+01   constant   
  16  beta_vw      0.00000e+00     fixed    
  17  LM           5.13638e-05   constant   
  18  zeta_y       0.00000e+00   constant   
  19  zeta_vw      0.00000e+00   constant   
  20  T_CBO        1.00000e+02   1.00000e+00   0.00000e+00   0.00000e+00
  21  alpha_A0     0.00000e+00   1.00000e-03   0.00000e+00  -2.89364e+03
  22  beta_A0      0.00000e+00   1.00000e-03   0.00000e+00   1.36045e+02
  23  alpha_phi    0.00000e+00   1.00000e-03   0.00000e+00  -5.23325e+03
  24  beta_phi     0.00000e+00   1.00000e-03   0.00000e+00  -3.11345e+02
 CALL LIMIT EXCEEDED IN MIGRAD.
 MIGRAD TERMINATED WITHOUT CONVERGENCE.
 FCN=984.335 FROM MIGRAD    STATUS=CALL LIMIT   1332 CALLS        1333 TOTAL
                     EDM=0.192709    STRATEGY= 1  ERROR MATRIX UNCERTAINTY   0.8 per cent
  EXT PARAMETER                APPROXIMATE        STEP         FIRST   
  NO.   NAME      VALUE            ERROR          SIZE      DERIVATIVE 
   1  N0           3.07293e+06   3.59201e+02  -1.42970e+01   4.90609e-04
   2  tau          6.44052e+01   constant   
   3  A0           3.47455e-01   1.53631e-04   7.69201e-06  -7.95527e+02
   4  phi          4.11522e+00   4.64348e-04   5.85079e-05  -2.20957e+02
   5  R           -6.12271e+01   constant   
   6  alpha_CBO    0.00000e+00     fixed    
   7  w_CBO        2.32500e+00   constant   
   8  beta_CBO     0.00000e+00     fixed    
   9  alpha_2CBO   0.00000e+00     fixed    
  10  beta_2CBO    0.00000e+00     fixed    
  11  alpha_y      0.00000e+00     fixed    
  12  w_y          1.38860e+01   constant   
  13  beta_y       0.00000e+00     fixed    
  14  alpha_vw     0.00000e+00     fixed    
  15  w_vw         1.43404e+01   constant   
  16  beta_vw      0.00000e+00     fixed    
  17  LM           5.13638e-05   constant   
  18  zeta_y       0.00000e+00   constant   
  19  zeta_vw      0.00000e+00   constant   
  20  T_CBO        1.93875e+01   1.70479e+00  -4.04056e-03  -2.32607e+02
  21  alpha_A0     2.34593e+00   1.13621e+00   3.53052e-01  -4.40362e-01
  22  beta_A0      1.87772e-01   9.29624e-02   2.88355e-02   5.29594e-01
  23  alpha_phi    3.14413e+00   1.52502e+00   4.73769e-01  -1.72797e+00
  24  beta_phi    -1.21719e-01   5.37059e-02  -1.67049e-02  -1.55888e+00
 EXTERNAL ERROR MATRIX.    NDIM=  25    NPAR=  8    ERR DEF=1
  1.290e+05 -7.442e-03 -6.918e-03  2.225e+01  5.955e+00  6.830e-01  7.973e+00 -4.284e-01 
 -7.442e-03  2.360e-08 -1.083e-09 -9.322e-06  6.253e-07 -1.490e-09  8.307e-07  6.814e-09 
 -6.918e-03 -1.083e-09  2.156e-07 -2.909e-05  2.610e-05  2.140e-06  3.482e-05 -1.332e-06 
  2.225e+01 -9.322e-06 -2.909e-05  2.906e+00 -1.914e+00 -1.564e-01 -2.568e+00  9.037e-02 
  5.955e+00  6.253e-07  2.610e-05 -1.914e+00  1.291e+00  1.056e-01  1.733e+00 -6.095e-02 
  6.830e-01 -1.490e-09  2.140e-06 -1.564e-01  1.056e-01  8.642e-03  1.417e-01 -4.985e-03 
  7.973e+00  8.307e-07  3.482e-05 -2.568e+00  1.733e+00  1.417e-01  2.326e+00 -8.180e-02 
 -4.284e-01  6.814e-09 -1.332e-06  9.037e-02 -6.095e-02 -4.985e-03 -8.180e-02  2.884e-03 
ERR MATRIX APPROXIMATE
 PARAMETER  CORRELATION COEFFICIENTS  
       NO.  GLOBAL      1      3      4     20     21     22     23     24
        1  0.41945   1.000 -0.135 -0.041  0.036  0.015  0.020  0.015 -0.022
        3  0.25762  -0.135  1.000 -0.015 -0.036  0.004 -0.000  0.004  0.001
        4  0.17409  -0.041 -0.015  1.000 -0.037  0.049  0.050  0.049 -0.053
       20  0.98981   0.036 -0.036 -0.037  1.000 -0.988 -0.987 -0.988  0.987
       21  1.00000   0.015  0.004  0.049 -0.988  1.000  1.000  1.000 -0.999
       22  0.99967   0.020 -0.000  0.050 -0.987  1.000  1.000  1.000 -0.999
       23  1.00000   0.015  0.004  0.049 -0.988  1.000  1.000  1.000 -0.999
       24  0.99893  -0.022  0.001 -0.053  0.987 -0.999 -0.999 -0.999  1.000
 ERR MATRIX APPROXIMATE
MINUIT - FIT ONLY 1-CBO + wiggle
 **********
 **   16 **RES 
 **********
                   PARAMETER   16  beta_vw RESTORED TO VARIABLE.
                   PARAMETER   14  alpha_vw RESTORED TO VARIABLE.
                   PARAMETER   13  beta_y RESTORED TO VARIABLE.
                   PARAMETER   11  alpha_y RESTORED TO VARIABLE.
                   PARAMETER   10  beta_2CBO RESTORED TO VARIABLE.
                   PARAMETER    9  alpha_2CBO RESTORED TO VARIABLE.
                   PARAMETER    8  beta_CBO RESTORED TO VARIABLE.
                   PARAMETER    6  alpha_CBO RESTORED TO VARIABLE.
 **********
 **   17 **FIX            8
 **********
 **********
 **   18 **FIX            9
 **********
 **********
 **   19 **FIX           11
 **********
 **********
 **   20 **FIX           12
 **********
 PARAMETER   12  IS CONSTANT.   IGNORED.
 **********
 **   21 **FIX           14
 **********
 **********
 **   22 **FIX           15
 **********
 PARAMETER   15  IS CONSTANT.   IGNORED.
 **********
 **   23 **FIX           16
 **********
 **********
 **   24 **MIGRAD
 **********
 START MIGRAD MINIMIZATION.  STRATEGY  1.  CONVERGENCE WHEN EDM .LT. 1.00e-04
 FCN=984.335 FROM MIGRAD    STATUS=INITIATE       28 CALLS        1361 TOTAL
                     EDM= unknown      STRATEGY= 1      NO ERROR MATRIX       
  EXT PARAMETER               CURRENT GUESS       STEP         FIRST   
  NO.   NAME      VALUE            ERROR          SIZE      DERIVATIVE 
   1  N0           3.07293e+06   3.59201e+02  -1.42970e+01   4.90609e-04
   2  tau          6.44052e+01   constant   
   3  A0           3.47455e-01   1.53631e-04   7.69201e-06  -7.95527e+02
   4  phi          4.11522e+00   4.64348e-04   5.85079e-05  -2.20957e+02
   5  R           -6.12271e+01   constant   
   6  alpha_CBO    0.00000e+00   1.00000e-03   1.00000e-03  -3.57327e+05
   7  w_CBO        2.32500e+00   constant   
   8  beta_CBO     0.00000e+00     fixed    
   9  alpha_2CBO   0.00000e+00     fixed    
  10  beta_2CBO    0.00000e+00   1.00000e-03   1.00000e-03  -3.41230e+04
  11  alpha_y      0.00000e+00     fixed    
  12  w_y          1.38860e+01   constant   
  13  beta_y       0.00000e+00   1.00000e-03   1.00000e-03  -9.95638e+03
  14  alpha_vw     0.00000e+00     fixed    
  15  w_vw         1.43404e+01   constant   
  16  beta_vw      0.00000e+00     fixed    
  17  LM           5.13638e-05   constant   
  18  zeta_y       0.00000e+00   constant   
  19  zeta_vw      0.00000e+00   constant   
  20  T_CBO        1.93875e+01   1.70479e+00  -4.04056e-03  -2.32607e+02
  21  alpha_A0     2.34593e+00   1.13621e+00   3.53052e-01  -4.40362e-01
  22  beta_A0      1.87772e-01   9.29624e-02   2.88355e-02   5.29594e-01
  23  alpha_phi    3.14413e+00   1.52502e+00   4.73769e-01  -1.72797e+00
  24  beta_phi    -1.21719e-01   5.37059e-02  -1.67049e-02  -1.55888e+00
 CALL LIMIT EXCEEDED IN MIGRAD.
 MIGRAD TERMINATED WITHOUT CONVERGENCE.
 FCN=78.4593 FROM MIGRAD    STATUS=CALL LIMIT   1911 CALLS        3244 TOTAL
                     EDM=0.0127636    STRATEGY= 1  ERROR MATRIX UNCERTAINTY  32.3 per cent
  EXT PARAMETER                APPROXIMATE        STEP         FIRST   
  NO.   NAME      VALUE            ERROR          SIZE      DERIVATIVE 
   1  N0           3.07371e+06   3.51767e+02   2.35519e+00   2.00592e-04
   2  tau          6.44052e+01   constant   
   3  A0           3.48286e-01   1.55893e-04  -3.58555e-07  -9.89610e+01
   4  phi          4.11623e+00   4.65741e-04   1.90151e-06   1.43784e+02
   5  R           -6.12271e+01   constant   
   6  alpha_CBO    5.01144e-03   1.67250e-04   2.73217e-07   3.37701e+01
   7  w_CBO        2.32500e+00   constant   
   8  beta_CBO     0.00000e+00     fixed    
   9  alpha_2CBO   0.00000e+00     fixed    
  10  beta_2CBO    3.25327e-04   1.55114e-04  -9.32989e-07  -4.43608e+02
  11  alpha_y      0.00000e+00     fixed    
  12  w_y          1.38860e+01   constant   
  13  beta_y       2.34784e-04   1.63115e-04   5.31325e-07   1.41594e+02
  14  alpha_vw     0.00000e+00     fixed    
  15  w_vw         1.43404e+01   constant   
  16  beta_vw      0.00000e+00     fixed    
  17  LM           5.13638e-05   constant   
  18  zeta_y       0.00000e+00   constant   
  19  zeta_vw      0.00000e+00   constant   
  20  T_CBO        8.73329e+00   4.47842e-01   1.60709e-04  -2.26610e+01
  21  alpha_A0     3.67434e+03   2.66941e+03  -2.79630e+01  -1.51034e-04
  22  beta_A0      7.11870e+02   5.10496e+02  -5.35804e+00  -1.08987e-05
  23  alpha_phi    7.69361e+03   5.58382e+03  -5.85241e+01   3.20009e-05
  24  beta_phi    -2.48867e+01   2.61926e+01   2.32483e-01   5.69120e-04
 EXTERNAL ERROR MATRIX.    NDIM=  25    NPAR= 11    ERR DEF=1
  1.237e+05 
 -3.840e-03  2.430e-08 
 -6.074e-03 -2.791e-09  2.169e-07 
  3.719e-03  4.527e-09  3.235e-09  2.797e-08 
  1.794e-03  1.033e-10  2.928e-09  2.565e-10  2.406e-08 
  8.080e-04 -1.841e-10 -1.755e-10  5.595e-10  7.985e-10  2.661e-08 
 -4.166e+01  2.709e-06 -6.148e-05 -6.627e-06  2.268e-05 -8.321e-06  2.006e-01 
  3.201e+05 -4.126e-02  4.237e-01  2.901e-02 -1.415e-01  5.385e-02 -1.152e+03  7.126e+06 
  6.126e+04 -7.903e-03  8.102e-02  5.549e-03 -2.705e-02  1.030e-02 -2.204e+02  1.363e+06  2.606e+05 
  6.695e+05 -8.631e-02  8.862e-01  6.068e-02 -2.959e-01  1.126e-01 -2.410e+03  1.491e+07  2.851e+06  3.118e+07 
 -3.182e+03  4.091e-04 -4.194e-03 -2.894e-04  1.388e-03 -5.283e-04  1.124e+01 -6.988e+04 -1.336e+04 -1.462e+05  6.861e+02 
ERR MATRIX APPROXIMATE
 PARAMETER  CORRELATION COEFFICIENTS  
       NO.  GLOBAL      1      3      4      6     10     13     20     21     22     23     24
        1  0.53379   1.000 -0.070 -0.037  0.063  0.033  0.014 -0.264  0.341  0.341  0.341 -0.345
        3  0.31926  -0.070  1.000 -0.038  0.174  0.004 -0.007  0.039 -0.099 -0.099 -0.099  0.100
        4  0.47527  -0.037 -0.038  1.000  0.042  0.041 -0.002 -0.295  0.341  0.341  0.341 -0.344
        6  0.23405   0.063  0.174  0.042  1.000  0.010  0.021 -0.088  0.065  0.065  0.065 -0.066
       10  0.44811   0.033  0.004  0.041  0.010  1.000  0.032  0.327 -0.342 -0.342 -0.342  0.342
       13  0.17834   0.014 -0.007 -0.002  0.021  0.032  1.000 -0.114  0.124  0.124  0.124 -0.124
       20  0.97777  -0.264  0.039 -0.295 -0.088  0.327 -0.114  1.000 -0.964 -0.964 -0.964  0.959
       21  1.00000   0.341 -0.099  0.341  0.065 -0.342  0.124 -0.964  1.000  1.000  1.000 -0.999
       22  1.00000   0.341 -0.099  0.341  0.065 -0.342  0.124 -0.964  1.000  1.000  1.000 -0.999
       23  1.00000   0.341 -0.099  0.341  0.065 -0.342  0.124 -0.964  1.000  1.000  1.000 -0.999
       24  0.99959  -0.345  0.100 -0.344 -0.066  0.342 -0.124  0.959 -0.999 -0.999 -0.999  1.000
 ERR MATRIX APPROXIMATE
MINUIT - FIT ONLY 2-CBO
 **********
 **   25 **RES 
 **********
                   PARAMETER   16  beta_vw RESTORED TO VARIABLE.
                   PARAMETER   14  alpha_vw RESTORED TO VARIABLE.
                   PARAMETER   11  alpha_y RESTORED TO VARIABLE.
                   PARAMETER    9  alpha_2CBO RESTORED TO VARIABLE.
                   PARAMETER    8  beta_CBO RESTORED TO VARIABLE.
 **********
 **   26 **FIX            0
 **********
 PARAMETER    0  IS UNDEFINED. IGNORED.
 **********
 **   27 **FIX            1
 **********
 **********
 **   28 **FIX            2
 **********
 PARAMETER    2  IS CONSTANT.   IGNORED.
 **********
 **   29 **FIX            3
 **********
 **********
 **   30 **FIX            4
 **********
 **********
 **   31 **FIX            5
 **********
 PARAMETER    5  IS CONSTANT.   IGNORED.
 **********
 **   32 **FIX            6
 **********
 **********
 **   33 **FIX            7
 **********
 PARAMETER    7  IS CONSTANT.   IGNORED.
 **********
 **   34 **FIX           10
 **********
 **********
 **   35 **FIX           11
 **********
 **********
 **   36 **FIX           12
 **********
 PARAMETER   12  IS CONSTANT.   IGNORED.
 **********
 **   37 **FIX           13
 **********
 **********
 **   38 **FIX           14
 **********
 **********
 **   39 **FIX           15
 **********
 PARAMETER   15  IS CONSTANT.   IGNORED.
 **********
 **   40 **FIX           16
 **********
 **********
 **   41 **MIGRAD
 **********
 START MIGRAD MINIMIZATION.  STRATEGY  1.  CONVERGENCE WHEN EDM .LT. 1.00e-04
 FCN=78.4593 FROM MIGRAD    STATUS=INITIATE       18 CALLS        3262 TOTAL
                     EDM= unknown      STRATEGY= 1      NO ERROR MATRIX       
  EXT PARAMETER               CURRENT GUESS       STEP         FIRST   
  NO.   NAME      VALUE            ERROR          SIZE      DERIVATIVE 
   1  N0           3.07371e+06     fixed    
   2  tau          6.44052e+01   constant   
   3  A0           3.48286e-01     fixed    
   4  phi          4.11623e+00     fixed    
   5  R           -6.12271e+01   constant   
   6  alpha_CBO    5.01144e-03     fixed    
   7  w_CBO        2.32500e+00   constant   
   8  beta_CBO     0.00000e+00   1.00000e-03   1.00000e-03   4.77027e+04
   9  alpha_2CBO   0.00000e+00   1.00000e-03   1.00000e-03   3.88771e+03
  10  beta_2CBO    3.25327e-04     fixed    
  11  alpha_y      0.00000e+00     fixed    
  12  w_y          1.38860e+01   constant   
  13  beta_y       2.34784e-04     fixed    
  14  alpha_vw     0.00000e+00     fixed    
  15  w_vw         1.43404e+01   constant   
  16  beta_vw      0.00000e+00     fixed    
  17  LM           5.13638e-05   constant   
  18  zeta_y       0.00000e+00   constant   
  19  zeta_vw      0.00000e+00   constant   
  20  T_CBO        8.73329e+00   4.47842e-01   1.60709e-04  -2.26611e+01
  21  alpha_A0     3.67434e+03   2.66941e+03  -2.79630e+01  -1.51034e-04
  22  beta_A0      7.11870e+02   5.10496e+02  -5.35804e+00  -1.08986e-05
  23  alpha_phi    7.69361e+03   5.58382e+03  -5.85241e+01   3.20009e-05
  24  beta_phi    -2.48867e+01   2.61926e+01   2.32483e-01   5.69120e-04
 CALL LIMIT EXCEEDED IN MIGRAD.
 MIGRAD TERMINATED WITHOUT CONVERGENCE.
 FCN=63.8387 FROM MIGRAD    STATUS=CALL LIMIT   1147 CALLS        4391 TOTAL
                     EDM=0.000533624    STRATEGY= 1  ERROR MATRIX UNCERTAINTY  24.3 per cent
  EXT PARAMETER                APPROXIMATE        STEP         FIRST   
  NO.   NAME      VALUE            ERROR          SIZE      DERIVATIVE 
   1  N0           3.07371e+06     fixed    
   2  tau          6.44052e+01   constant   
   3  A0           3.48286e-01     fixed    
   4  phi          4.11623e+00     fixed    
   5  R           -6.12271e+01   constant   
   6  alpha_CBO    5.01144e-03     fixed    
   7  w_CBO        2.32500e+00   constant   
   8  beta_CBO    -5.85154e-04   1.57418e-04  -9.48262e-07  -1.90485e+01
   9  alpha_2CBO  -6.29816e-05   1.62717e-04  -6.94691e-07   5.38334e+00
  10  beta_2CBO    3.25327e-04     fixed    
  11  alpha_y      0.00000e+00     fixed    
  12  w_y          1.38860e+01   constant   
  13  beta_y       2.34784e-04     fixed    
  14  alpha_vw     0.00000e+00     fixed    
  15  w_vw         1.43404e+01   constant   
  16  beta_vw      0.00000e+00     fixed    
  17  LM           5.13638e-05   constant   
  18  zeta_y       0.00000e+00   constant   
  19  zeta_vw      0.00000e+00   constant   
  20  T_CBO        6.47727e+00   9.36547e-01  -3.08223e-04  -4.67756e+01
  21  alpha_A0     5.99743e+05   1.63018e+06   4.19275e+04   5.50277e-08
  22  beta_A0      1.70997e+05   4.18535e+05   1.07830e+04   6.85699e-08
  23  alpha_phi    1.24314e+06   3.30575e+06   8.50537e+04  -2.22800e-07
  24  beta_phi    -6.78026e+02   1.06972e+05   2.70001e+03   5.29219e-07
 EXTERNAL ERROR MATRIX.    NDIM=  25    NPAR=  7    ERR DEF=1
  2.478e-08  1.975e-10  1.426e-05 -2.612e+01 -6.696e+00 -5.292e+01 -1.856e+00 
  1.975e-10  2.648e-08 -1.508e-06  3.492e+00  8.947e-01  7.165e+00  1.406e-01 
  1.426e-05 -1.508e-06  8.772e-01 -1.525e+06 -3.916e+05 -3.092e+06 -9.977e+04 
 -2.612e+01  3.492e+00 -1.525e+06  2.658e+12  6.823e+11  5.389e+12  1.742e+11 
 -6.696e+00  8.947e-01 -3.916e+05  6.823e+11  1.752e+11  1.384e+12  4.471e+10 
 -5.292e+01  7.165e+00 -3.092e+06  5.389e+12  1.384e+12  1.093e+13  3.532e+11 
 -1.856e+00  1.406e-01 -9.977e+04  1.742e+11  4.471e+10  3.532e+11  1.144e+10 
ERR MATRIX APPROXIMATE
 PARAMETER  CORRELATION COEFFICIENTS  
       NO.  GLOBAL      8      9     20     21     22     23     24
        8  0.22740   1.000  0.008  0.097 -0.102 -0.102 -0.102 -0.110
        9  0.25371   0.008  1.000 -0.010  0.013  0.013  0.013  0.008
       20  0.99946   0.097 -0.010  1.000 -0.999 -0.999 -0.999 -0.996
       21  1.00000  -0.102  0.013 -0.999  1.000  1.000  1.000  0.999
       22  0.99999  -0.102  0.013 -0.999  1.000  1.000  1.000  0.999
       23  1.00000  -0.102  0.013 -0.999  1.000  1.000  1.000  0.999
       24  0.99957  -0.110  0.008 -0.996  0.999  0.999  0.999  1.000
 ERR MATRIX APPROXIMATE
MINUIT - FIT wiggle + 1-CBO + 2-CBO
 **********
 **   42 **RES 
 **********
                   PARAMETER   16  beta_vw RESTORED TO VARIABLE.
                   PARAMETER   14  alpha_vw RESTORED TO VARIABLE.
                   PARAMETER   13  beta_y RESTORED TO VARIABLE.
                   PARAMETER   11  alpha_y RESTORED TO VARIABLE.
                   PARAMETER   10  beta_2CBO RESTORED TO VARIABLE.
                   PARAMETER    6  alpha_CBO RESTORED TO VARIABLE.
                   PARAMETER    4  phi RESTORED TO VARIABLE.
                   PARAMETER    3  A0 RESTORED TO VARIABLE.
                   PARAMETER    1  N0 RESTORED TO VARIABLE.
 **********
 **   43 **FIX           10
 **********
 **********
 **   44 **FIX           11
 **********
 **********
 **   45 **FIX           12
 **********
 PARAMETER   12  IS CONSTANT.   IGNORED.
 **********
 **   46 **FIX           13
 **********
 **********
 **   47 **FIX           14
 **********
 **********
 **   48 **FIX           15
 **********
 PARAMETER   15  IS CONSTANT.   IGNORED.
 **********
 **   49 **FIX           16
 **********
 **********
 **   50 **MIGRAD
 **********
 START MIGRAD MINIMIZATION.  STRATEGY  1.  CONVERGENCE WHEN EDM .LT. 1.00e-04
 FCN=63.8387 FROM MIGRAD    STATUS=INITIATE       22 CALLS        4413 TOTAL
                     EDM= unknown      STRATEGY= 1      NO ERROR MATRIX       
  EXT PARAMETER               CURRENT GUESS       STEP         FIRST   
  NO.   NAME      VALUE            ERROR          SIZE      DERIVATIVE 
   1  N0           3.07371e+06   3.51767e+02   3.51767e+02  -6.39651e-04
   2  tau          6.44052e+01   constant   
   3  A0           3.48286e-01   1.55893e-04   1.55893e-04  -3.98752e+03
   4  phi          4.11623e+00   4.65741e-04   4.65741e-04   2.67991e+03
   5  R           -6.12271e+01   constant   
   6  alpha_CBO    5.01144e-03   1.67250e-04   1.67250e-04   1.15768e+03
   7  w_CBO        2.32500e+00   constant   
   8  beta_CBO    -5.85154e-04   1.57418e-04  -9.48262e-07  -1.90485e+01
   9  alpha_2CBO  -6.29816e-05   1.62717e-04  -6.94691e-07   5.38333e+00
  10  beta_2CBO    3.25327e-04     fixed    
  11  alpha_y      0.00000e+00     fixed    
  12  w_y          1.38860e+01   constant   
  13  beta_y       2.34784e-04     fixed    
  14  alpha_vw     0.00000e+00     fixed    
  15  w_vw         1.43404e+01   constant   
  16  beta_vw      0.00000e+00     fixed    
  17  LM           5.13638e-05   constant   
  18  zeta_y       0.00000e+00   constant   
  19  zeta_vw      0.00000e+00   constant   
  20  T_CBO        6.47727e+00   9.36547e-01  -3.08223e-04  -4.67756e+01
  21  alpha_A0     5.99743e+05   1.63018e+06   4.19275e+04   5.50269e-08
  22  beta_A0      1.70997e+05   4.18535e+05   1.07830e+04   6.85709e-08
  23  alpha_phi    1.24314e+06   3.30575e+06   8.50537e+04  -2.22800e-07
  24  beta_phi    -6.78026e+02   1.06972e+05   2.70001e+03   5.29219e-07
 MIGRAD MINIMIZATION HAS CONVERGED.
 MIGRAD WILL VERIFY CONVERGENCE AND ERROR MATRIX.
 FCN=63.2573 FROM HESSE     STATUS=NOT POSDEF    100 CALLS        4631 TOTAL
                     EDM=0.000255664    STRATEGY= 1      ERR MATRIX NOT POS-DEF
  EXT PARAMETER                APPROXIMATE        STEP         FIRST   
  NO.   NAME      VALUE            ERROR          SIZE      DERIVATIVE 
   1  N0           3.07374e+06   3.76471e+02   1.46567e+00   3.08213e-06
   2  tau          6.44052e+01   constant   
   3  A0           3.48339e-01   1.65947e-04   5.96441e-07   2.70548e+00
   4  phi          4.11589e+00   5.13064e-04   1.96261e-06  -5.70334e-02
   5  R           -6.12271e+01   constant   
   6  alpha_CBO    5.00249e-03   1.69334e-04   6.38258e-07   1.00341e+01
   7  w_CBO        2.32500e+00   constant   
   8  beta_CBO    -6.15710e-04   1.64276e-04   6.10760e-07   4.55503e+00
   9  alpha_2CBO  -6.23806e-05   1.67488e-04   6.28999e-07  -5.59799e+00
  10  beta_2CBO    3.25327e-04     fixed    
  11  alpha_y      0.00000e+00     fixed    
  12  w_y          1.38860e+01   constant   
  13  beta_y       2.34784e-04     fixed    
  14  alpha_vw     0.00000e+00     fixed    
  15  w_vw         1.43404e+01   constant   
  16  beta_vw      0.00000e+00     fixed    
  17  LM           5.13638e-05   constant   
  18  zeta_y       0.00000e+00   constant   
  19  zeta_vw      0.00000e+00   constant   
  20  T_CBO        6.47257e+00   9.42380e-01   3.08755e-06  -1.33851e+00
  21  alpha_A0     5.68932e+05   1.65546e+06   2.26684e+01   1.77378e-09
  22  beta_A0      1.48096e+05   4.92719e+05   2.26679e+01   7.73907e-10
  23  alpha_phi    1.23719e+06   3.55665e+06   2.26671e+01   3.65624e-09
  24  beta_phi     6.31666e+03   2.58802e+05   2.26666e+01   3.59615e-09
 MIGRAD MINIMIZATION HAS CONVERGED.
 MIGRAD WILL VERIFY CONVERGENCE AND ERROR MATRIX.
 FCN=63.2503 FROM MIGRAD    STATUS=CONVERGED    1371 CALLS        5762 TOTAL
                     EDM=8.24648e-06    STRATEGY= 1      ERR MATRIX NOT POS-DEF
  EXT PARAMETER                APPROXIMATE        STEP         FIRST   
  NO.   NAME      VALUE            ERROR          SIZE      DERIVATIVE 
   1  N0           3.07374e+06   3.76106e+02   1.46567e+00   1.32857e-06
   2  tau          6.44052e+01   constant   
   3  A0           3.48337e-01   1.65364e-04   5.96406e-07  -3.76945e+00
   4  phi          4.11586e+00   5.12394e-04   1.96259e-06   1.82549e+00
   5  R           -6.12271e+01   constant   
   6  alpha_CBO    5.00405e-03   1.69256e-04   6.38223e-07  -6.54144e+00
   7  w_CBO        2.32500e+00   constant   
   8  beta_CBO    -6.19055e-04   1.64194e-04   6.10728e-07  -6.18731e-01
   9  alpha_2CBO  -6.49520e-05   1.67419e-04   6.28964e-07   5.69561e+00
  10  beta_2CBO    3.25327e-04     fixed    
  11  alpha_y      0.00000e+00     fixed    
  12  w_y          1.38860e+01   constant   
  13  beta_y       2.34784e-04     fixed    
  14  alpha_vw     0.00000e+00     fixed    
  15  w_vw         1.43404e+01   constant   
  16  beta_vw      0.00000e+00     fixed    
  17  LM           5.13638e-05   constant   
  18  zeta_y       0.00000e+00   constant   
  19  zeta_vw      0.00000e+00   constant   
  20  T_CBO        6.88564e+00   1.06971e+00   3.38699e-06  -3.22256e+00
  21  alpha_A0     1.73313e+05   5.07748e+05   2.26255e+01  -3.37113e-08
  22  beta_A0      4.98735e+04   1.60600e+05   2.26209e+01   8.71315e-09
  23  alpha_phi    3.78505e+05   1.09213e+06   2.26130e+01  -2.24496e-08
  24  beta_phi     3.88612e+03   7.95874e+04   2.26079e+01  -2.48541e-09
 EXTERNAL ERROR MATRIX.    NDIM=  25    NPAR= 11    ERR DEF=1
  1.415e+05 
 -9.116e-03  2.735e-08 
 -6.145e-04 -1.901e-09  2.625e-07 
  4.775e-03  4.760e-09  2.701e-09  2.865e-08 
 -1.184e-03 -1.588e-09  2.232e-08 -2.650e-10  2.696e-08 
  3.258e-03  1.028e-09  9.905e-10  2.869e-09  6.278e-10  2.803e-08 
  5.259e+00 -4.448e-06 -6.787e-05  3.644e-06 -8.063e-06 -5.892e-06  1.144e+00 
 -1.018e+06  2.678e+00  4.250e+01 -3.616e+00  5.080e+00  3.051e+00 -5.341e+05  2.578e+11 
  8.557e+06 -2.710e+00  1.061e+01 -3.964e-01 -6.417e-02 -1.703e+00 -1.413e+05  6.599e+10  2.579e+10 
  2.599e+06  1.094e+00  7.319e+01 -4.447e+00  8.726e+00  8.237e+00 -1.165e+06  5.439e+11  1.445e+11  1.193e+12 
 -3.195e+06 -1.268e+00 -7.843e+00 -4.438e-01 -2.120e+00  9.805e-01 -7.139e+03  2.973e+09  8.651e+08  6.936e+09  6.334e+09 
ERR MATRIX NOT POS-DEF
 PARAMETER  CORRELATION COEFFICIENTS  
       NO.  GLOBAL      1      3      4      6      8      9     20     21     22     23     24
        1  0.39126   1.000 -0.147 -0.003  0.075 -0.019  0.052  0.013 -0.005  0.142  0.006 -0.107
        3  0.39174  -0.147  1.000 -0.022  0.170 -0.058  0.037 -0.025  0.032 -0.102  0.006 -0.096
        4  0.40688  -0.003 -0.022  1.000  0.031  0.265  0.012 -0.124  0.163  0.129  0.131 -0.192
        6  0.27323   0.075  0.170  0.031  1.000 -0.010  0.101  0.020 -0.042 -0.015 -0.024 -0.033
        8  0.31563  -0.019 -0.058  0.265 -0.010  1.000  0.023 -0.046  0.061 -0.002  0.049 -0.162
        9  0.28546   0.052  0.037  0.012  0.101  0.023  1.000 -0.033  0.036 -0.063  0.045  0.074
       20  0.99776   0.013 -0.025 -0.124  0.020 -0.046 -0.033  1.000 -0.983 -0.822 -0.997 -0.084
       21  0.98459  -0.005  0.032  0.163 -0.042  0.061  0.036 -0.983  1.000  0.809  0.981  0.074
       22  0.84986   0.142 -0.102  0.129 -0.015 -0.002 -0.063 -0.822  0.809  1.000  0.824  0.068
       23  0.99740   0.006  0.006  0.131 -0.024  0.049  0.045 -0.997  0.981  0.824  1.000  0.080
       24  0.31684  -0.107 -0.096 -0.192 -0.033 -0.162  0.074 -0.084  0.074  0.068  0.080  1.000
 ERR MATRIX NOT POS-DEF
MINUIT - FIT ONLY 1-y
 **********
 **   51 **RES 
 **********
                   PARAMETER   16  beta_vw RESTORED TO VARIABLE.
                   PARAMETER   14  alpha_vw RESTORED TO VARIABLE.
                   PARAMETER   13  beta_y RESTORED TO VARIABLE.
                   PARAMETER   11  alpha_y RESTORED TO VARIABLE.
                   PARAMETER   10  beta_2CBO RESTORED TO VARIABLE.
 **********
 **   52 **FIX            0
 **********
 PARAMETER    0  IS UNDEFINED. IGNORED.
 **********
 **   53 **FIX            1
 **********
 **********
 **   54 **FIX            2
 **********
 PARAMETER    2  IS CONSTANT.   IGNORED.
 **********
 **   55 **FIX            3
 **********
 **********
 **   56 **FIX            4
 **********
 **********
 **   57 **FIX            5
 **********
 PARAMETER    5  IS CONSTANT.   IGNORED.
 **********
 **   58 **FIX            6
 **********
 **********
 **   59 **FIX            7
 **********
 PARAMETER    7  IS CONSTANT.   IGNORED.
 **********
 **   60 **FIX            8
 **********
 **********
 **   61 **FIX            9
 **********
 **********
 **   62 **FIX           13
 **********
 **********
 **   63 **FIX           14
 **********
 **********
 **   64 **FIX           15
 **********
 PARAMETER   15  IS CONSTANT.   IGNORED.
 **********
 **   65 **FIX           16
 **********
 **********
 **   66 **MIGRAD
 **********
 START MIGRAD MINIMIZATION.  STRATEGY  1.  CONVERGENCE WHEN EDM .LT. 1.00e-04
 FCN=63.2503 FROM MIGRAD    STATUS=INITIATE       16 CALLS        5778 TOTAL
                     EDM= unknown      STRATEGY= 1      NO ERROR MATRIX       
  EXT PARAMETER               CURRENT GUESS       STEP         FIRST   
  NO.   NAME      VALUE            ERROR          SIZE      DERIVATIVE 
   1  N0           3.07374e+06     fixed    
   2  tau          6.44052e+01   constant   
   3  A0           3.48337e-01     fixed    
   4  phi          4.11586e+00     fixed    
   5  R           -6.12271e+01   constant   
   6  alpha_CBO    5.00405e-03     fixed    
   7  w_CBO        2.32500e+00   constant   
   8  beta_CBO    -6.19055e-04     fixed    
   9  alpha_2CBO  -6.49520e-05     fixed    
  10  beta_2CBO    3.25327e-04   1.55114e-04   1.55114e-04   2.25813e+03
  11  alpha_y      0.00000e+00   1.00000e-03   1.00000e-03  -3.73902e+02
  12  w_y          1.38860e+01   constant   
  13  beta_y       2.34784e-04     fixed    
  14  alpha_vw     0.00000e+00     fixed    
  15  w_vw         1.43404e+01   constant   
  16  beta_vw      0.00000e+00     fixed    
  17  LM           5.13638e-05   constant   
  18  zeta_y       0.00000e+00   constant   
  19  zeta_vw      0.00000e+00   constant   
  20  T_CBO        6.88564e+00   1.06971e+00   3.38699e-06  -3.21953e+00
  21  alpha_A0     1.73313e+05   5.07748e+05   2.26255e+01  -3.37096e-08
  22  beta_A0      4.98735e+04   1.60600e+05   2.26209e+01   8.70573e-09
  23  alpha_phi    3.78505e+05   1.09213e+06   2.26130e+01  -2.24496e-08
  24  beta_phi     3.88612e+03   7.95874e+04   2.26079e+01  -2.48532e-09
 MIGRAD MINIMIZATION HAS CONVERGED.
 MIGRAD WILL VERIFY CONVERGENCE AND ERROR MATRIX.
 FCN=63.2159 FROM MIGRAD    STATUS=CONVERGED     115 CALLS        5877 TOTAL
                     EDM=4.79821e-05    STRATEGY= 1      ERR MATRIX NOT POS-DEF
  EXT PARAMETER                APPROXIMATE        STEP         FIRST   
  NO.   NAME      VALUE            ERROR          SIZE      DERIVATIVE 
   1  N0           3.07374e+06     fixed    
   2  tau          6.44052e+01   constant   
   3  A0           3.48337e-01     fixed    
   4  phi          4.11586e+00     fixed    
   5  R           -6.12271e+01   constant   
   6  alpha_CBO    5.00405e-03     fixed    
   7  w_CBO        2.32500e+00   constant   
   8  beta_CBO    -6.19055e-04     fixed    
   9  alpha_2CBO  -6.49520e-05     fixed    
  10  beta_2CBO    2.95541e-04   1.62598e-04   6.19027e-07   1.70828e+00
  11  alpha_y      4.18716e-06   1.58205e-04   6.19370e-07   2.10889e+00
  12  w_y          1.38860e+01   constant   
  13  beta_y       2.34784e-04     fixed    
  14  alpha_vw     0.00000e+00     fixed    
  15  w_vw         1.43404e+01   constant   
  16  beta_vw      0.00000e+00     fixed    
  17  LM           5.13638e-05   constant   
  18  zeta_y       0.00000e+00   constant   
  19  zeta_vw      0.00000e+00   constant   
  20  T_CBO        6.88570e+00   1.13219e+00   3.39193e-06   9.66030e-01
  21  alpha_A0     1.70354e+05   5.24106e+05   2.26177e+01  -4.92025e-09
  22  beta_A0      4.88372e+04   1.61425e+05   2.26129e+01  -2.58981e-11
  23  alpha_phi    3.79806e+05   1.15878e+06   2.26047e+01   5.18689e-09
  24  beta_phi     2.22902e+03   7.62647e+04   2.25993e+01   1.04972e-08
 EXTERNAL ERROR MATRIX.    NDIM=  25    NPAR=  7    ERR DEF=1
  2.644e-08  4.650e-10  5.482e-06  1.280e-01  1.878e-01 -6.685e+00  1.497e+00 
  4.650e-10  2.503e-08 -1.178e-06  2.048e-01 -2.384e-02  1.457e+00  1.668e-01 
  5.482e-06 -1.178e-06  1.282e+00 -5.845e+05 -1.555e+05 -1.309e+06 -4.601e+03 
  1.280e-01  2.048e-01 -5.845e+05  2.747e+11  7.100e+10  5.968e+11  2.331e+09 
  1.878e-01 -2.384e-02 -1.555e+05  7.100e+10  2.606e+10  1.588e+11  7.315e+08 
 -6.685e+00  1.457e+00 -1.309e+06  5.968e+11  1.588e+11  1.343e+12  4.362e+09 
  1.497e+00  1.668e-01 -4.601e+03  2.331e+09  7.315e+08  4.362e+09  5.816e+09 
ERR MATRIX NOT POS-DEF
 PARAMETER  CORRELATION COEFFICIENTS  
       NO.  GLOBAL     10     11     20     21     22     23     24
       10  0.23707   1.000  0.018  0.030  0.002  0.007 -0.035  0.121
       11  0.04424   0.018  1.000 -0.007  0.002 -0.001  0.008  0.014
       20  0.99800   0.030 -0.007  1.000 -0.985 -0.851 -0.998 -0.053
       21  0.98553   0.002  0.002 -0.985  1.000  0.839  0.983  0.058
       22  0.85142   0.007 -0.001 -0.851  0.839  1.000  0.849  0.059
       23  0.99769  -0.035  0.008 -0.998  0.983  0.849  1.000  0.049
       24  0.14357   0.121  0.014 -0.053  0.058  0.059  0.049  1.000
 ERR MATRIX NOT POS-DEF
MINUIT - FIT ONLY 2-y
 **********
 **   67 **RES 
 **********
                   PARAMETER   16  beta_vw RESTORED TO VARIABLE.
                   PARAMETER   14  alpha_vw RESTORED TO VARIABLE.
                   PARAMETER   13  beta_y RESTORED TO VARIABLE.
                   PARAMETER    9  alpha_2CBO RESTORED TO VARIABLE.
                   PARAMETER    8  beta_CBO RESTORED TO VARIABLE.
                   PARAMETER    6  alpha_CBO RESTORED TO VARIABLE.
                   PARAMETER    4  phi RESTORED TO VARIABLE.
                   PARAMETER    3  A0 RESTORED TO VARIABLE.
                   PARAMETER    1  N0 RESTORED TO VARIABLE.
 **********
 **   68 **FIX            0
 **********
 PARAMETER    0  IS UNDEFINED. IGNORED.
 **********
 **   69 **FIX            1
 **********
 **********
 **   70 **FIX            2
 **********
 PARAMETER    2  IS CONSTANT.   IGNORED.
 **********
 **   71 **FIX            3
 **********
 **********
 **   72 **FIX            4
 **********
 **********
 **   73 **FIX            5
 **********
 PARAMETER    5  IS CONSTANT.   IGNORED.
 **********
 **   74 **FIX            6
 **********
 **********
 **   75 **FIX            7
 **********
 PARAMETER    7  IS CONSTANT.   IGNORED.
 **********
 **   76 **FIX            8
 **********
 **********
 **   77 **FIX            9
 **********
 **********
 **   78 **FIX           10
 **********
 **********
 **   79 **FIX           11
 **********
 **********
 **   80 **FIX           12
 **********
 PARAMETER   12  IS CONSTANT.   IGNORED.
 **********
 **   81 **FIX           16
 **********
 **********
 **   82 **MIGRAD
 **********
 START MIGRAD MINIMIZATION.  STRATEGY  1.  CONVERGENCE WHEN EDM .LT. 1.00e-04
 FCN=63.2159 FROM MIGRAD    STATUS=INITIATE       16 CALLS        5893 TOTAL
                     EDM= unknown      STRATEGY= 1      NO ERROR MATRIX       
  EXT PARAMETER               CURRENT GUESS       STEP         FIRST   
  NO.   NAME      VALUE            ERROR          SIZE      DERIVATIVE 
   1  N0           3.07374e+06     fixed    
   2  tau          6.44052e+01   constant   
   3  A0           3.48337e-01     fixed    
   4  phi          4.11586e+00     fixed    
   5  R           -6.12271e+01   constant   
   6  alpha_CBO    5.00405e-03     fixed    
   7  w_CBO        2.32500e+00   constant   
   8  beta_CBO    -6.19055e-04     fixed    
   9  alpha_2CBO  -6.49520e-05     fixed    
  10  beta_2CBO    2.95541e-04     fixed    
  11  alpha_y      4.18716e-06     fixed    
  12  w_y          1.38860e+01   constant   
  13  beta_y       2.34784e-04   1.63115e-04   1.63115e-04   2.38542e+02
  14  alpha_vw     0.00000e+00   1.00000e-03   1.00000e-03  -3.12343e+03
  15  w_vw         1.43404e+01   constant   
  16  beta_vw      0.00000e+00     fixed    
  17  LM           5.13638e-05   constant   
  18  zeta_y       0.00000e+00   constant   
  19  zeta_vw      0.00000e+00   constant   
  20  T_CBO        6.88570e+00   1.13219e+00   3.39193e-06   9.68929e-01
  21  alpha_A0     1.70354e+05   5.24106e+05   2.26177e+01  -4.92139e-09
  22  beta_A0      4.88372e+04   1.61425e+05   2.26129e+01  -3.04411e-11
  23  alpha_phi    3.79806e+05   1.15878e+06   2.26047e+01   5.18688e-09
  24  beta_phi     2.22902e+03   7.62647e+04   2.25993e+01   1.04970e-08
 MIGRAD MINIMIZATION HAS CONVERGED.
 MIGRAD WILL VERIFY CONVERGENCE AND ERROR MATRIX.
 FCN=63.1527 FROM MIGRAD    STATUS=CONVERGED     113 CALLS        5990 TOTAL
                     EDM=7.32637e-05    STRATEGY= 1      ERR MATRIX NOT POS-DEF
  EXT PARAMETER                APPROXIMATE        STEP         FIRST   
  NO.   NAME      VALUE            ERROR          SIZE      DERIVATIVE 
   1  N0           3.07374e+06     fixed    
   2  tau          6.44052e+01   constant   
   3  A0           3.48337e-01     fixed    
   4  phi          4.11586e+00     fixed    
   5  R           -6.12271e+01   constant   
   6  alpha_CBO    5.00405e-03     fixed    
   7  w_CBO        2.32500e+00   constant   
   8  beta_CBO    -6.19055e-04     fixed    
   9  alpha_2CBO  -6.49520e-05     fixed    
  10  beta_2CBO    2.95541e-04     fixed    
  11  alpha_y      4.18716e-06     fixed    
  12  w_y          1.38860e+01   constant   
  13  beta_y       2.40722e-04   1.64475e-04   6.28591e-07   1.55505e+00
