 + ++++++++++++++++++++++++++++++++++++++++++++++++++++++++++++++++++++ +
 +                                                                      +
 +           You have chose to blind your fitting according to          +
 +                omega_ref * (1 + (R +/- deltaR) *10^{-6})             +
 +                                                                      +
 + ++++++++++++++++++++++++++++++++++++++++++++++++++++++++++++++++++++ +
In main()...
reading format from /gm2data/zkhechad/run45/envelope/formats/formatB_sBin_constraintOn.txt
pBinTau 	= 0  
pBinPhi 	= 0  
constraintau 	= 1 
includeMopTerm 	= 0    
constrainMop    = 0   
Parameters after format file: pBinTau 0 pBinPhi 0 constraintau 1 includeMopTerm 0 constrainMop 0 c_e_scale 0.000000 
Opening file /gm2data/tbarrett/gm2fr/studies/run23_bunch_corrections/CorrectedFourier_Run3b.root.
reading full fit data from /gm2data/zkhechad/cboTemplates/Run4CBOTemplates/templateFits0_v2.0/noRF/sBin_constraintOn_cE0.0_seed0_noRF_calo13.root
windowBins = 17
fitting sliding window 324 from bin 460 at 68.482800 to bin 477 at 71.168400 (17 bins)

Reading data from /gm2data/cornell/histograms/aMethod/histogram_a_noRF.root
 **********
 **    1 **SET PRINTOUT            1
 **********
 **********
 **    2 **SET NOWARNINGS 
 **********
 PARAMETER DEFINITIONS:
    NO.   NAME         VALUE      STEP SIZE      LIMITS
     1 N0           3.44933e+06  1.00000e+02     no limits
     2 tau          6.43680e+01  constant
     3 A0           3.52702e-01  1.00000e-04     no limits
     4 phi          4.13064e+00  1.00000e-02     no limits
     5 R           -6.08433e+01  constant
     6 alpha_CBO    0.00000e+00  1.00000e-03     no limits
     7 w_CBO        2.32500e+00  constant
     8 beta_CBO     0.00000e+00  1.00000e-03     no limits
     9 alpha_2CBO   0.00000e+00  1.00000e-03     no limits
    10 beta_2CBO    0.00000e+00  1.00000e-03     no limits
    11 alpha_y      0.00000e+00  1.00000e-03     no limits
    12 w_y          1.44500e+01  constant
    13 beta_y       0.00000e+00  1.00000e-03     no limits
    14 alpha_vw     0.00000e+00  1.00000e-03     no limits
    15 w_vw         1.29000e+01  constant
    16 beta_vw      0.00000e+00  1.00000e-03     no limits
    17 LM          -1.22211e-03  constant
    18 zeta_y       0.00000e+00  constant
    19 zeta_vw      0.00000e+00  constant
    20 T_CBO        1.00000e+02  1.00000e+00    0.00000e+00  1.00000e+03
    21 alpha_A0     0.00000e+00  1.00000e-03     no limits
    22 beta_A0      0.00000e+00  1.00000e-03     no limits
    23 alpha_phi    0.00000e+00  1.00000e-03     no limits
    24 beta_phi     0.00000e+00  1.00000e-03     no limits
MINUIT - FIT ONLY WIGGLE
 **********
 **    3 **FIX            5
 **********
 PARAMETER    5  IS CONSTANT.   IGNORED.
 **********
 **    4 **FIX            6
 **********
 **********
 **    5 **FIX            7
 **********
 PARAMETER    7  IS CONSTANT.   IGNORED.
 **********
 **    6 **FIX            8
 **********
 **********
 **    7 **FIX            9
 **********
 **********
 **    8 **FIX           10
 **********
 **********
 **    9 **FIX           11
 **********
 **********
 **   10 **FIX           12
 **********
 PARAMETER   12  IS CONSTANT.   IGNORED.
 **********
 **   11 **FIX           13
 **********
 **********
 **   12 **FIX           14
 **********
 **********
 **   13 **FIX           15
 **********
 PARAMETER   15  IS CONSTANT.   IGNORED.
 **********
 **   14 **FIX           16
 **********
 **********
 **   15 **MIGRAD
 **********
 FIRST CALL TO USER FUNCTION AT NEW START POINT, WITH IFLAG=4.
 START MIGRAD MINIMIZATION.  STRATEGY  1.  CONVERGENCE WHEN EDM .LT. 1.00e-04
 FCN=1898.98 FROM MIGRAD    STATUS=INITIATE      435 CALLS         436 TOTAL
                     EDM= unknown      STRATEGY= 1      NO ERROR MATRIX       
  EXT PARAMETER               CURRENT GUESS       STEP         FIRST   
  NO.   NAME      VALUE            ERROR          SIZE      DERIVATIVE 
   1  N0           3.44933e+06   1.00000e+02   0.00000e+00   1.55610e-02
   2  tau          6.43680e+01   constant   
   3  A0           3.52702e-01   1.00000e-04   0.00000e+00   1.49294e+05
   4  phi          4.13064e+00   1.00000e-02   0.00000e+00  -6.90794e+04
   5  R           -6.08433e+01   constant   
   6  alpha_CBO    0.00000e+00     fixed    
   7  w_CBO        2.32500e+00   constant   
   8  beta_CBO     0.00000e+00     fixed    
   9  alpha_2CBO   0.00000e+00     fixed    
  10  beta_2CBO    0.00000e+00     fixed    
  11  alpha_y      0.00000e+00     fixed    
  12  w_y          1.44500e+01   constant   
  13  beta_y       0.00000e+00     fixed    
  14  alpha_vw     0.00000e+00     fixed    
  15  w_vw         1.29000e+01   constant   
  16  beta_vw      0.00000e+00     fixed    
  17  LM          -1.22211e-03   constant   
  18  zeta_y       0.00000e+00   constant   
  19  zeta_vw      0.00000e+00   constant   
  20  T_CBO        1.00000e+02   1.00000e+00   0.00000e+00   0.00000e+00
  21  alpha_A0     0.00000e+00   1.00000e-03   0.00000e+00  -2.83563e+04
  22  beta_A0      0.00000e+00   1.00000e-03   0.00000e+00   2.35729e+04
  23  alpha_phi    0.00000e+00   1.00000e-03   0.00000e+00  -4.95104e+03
  24  beta_phi     0.00000e+00   1.00000e-03   0.00000e+00  -2.41498e+04
 MIGRAD MINIMIZATION HAS CONVERGED.
 MIGRAD WILL VERIFY CONVERGENCE AND ERROR MATRIX.
 FCN=43.0415 FROM MIGRAD    STATUS=CONVERGED    1398 CALLS        1399 TOTAL
                     EDM=4.75396e-06    STRATEGY= 1      ERR MATRIX NOT POS-DEF
  EXT PARAMETER                APPROXIMATE        STEP         FIRST   
  NO.   NAME      VALUE            ERROR          SIZE      DERIVATIVE 
   1  N0           3.37133e+06   5.18154e+03   1.60758e+00   2.95859e-06
   2  tau          6.43680e+01   constant   
   3  A0           3.44219e-01   1.58408e-03   5.51880e-07   6.45234e+00
   4  phi          4.11196e+00   4.03454e-03   1.98901e-06   3.44732e+00
   5  R           -6.08433e+01   constant   
   6  alpha_CBO    0.00000e+00     fixed    
   7  w_CBO        2.32500e+00   constant   
   8  beta_CBO     0.00000e+00     fixed    
   9  alpha_2CBO   0.00000e+00     fixed    
  10  beta_2CBO    0.00000e+00     fixed    
  11  alpha_y      0.00000e+00     fixed    
  12  w_y          1.44500e+01   constant   
  13  beta_y       0.00000e+00     fixed    
  14  alpha_vw     0.00000e+00     fixed    
  15  w_vw         1.29000e+01   constant   
  16  beta_vw      0.00000e+00     fixed    
  17  LM          -1.22211e-03   constant   
  18  zeta_y       0.00000e+00   constant   
  19  zeta_vw      0.00000e+00   constant   
  20  T_CBO        5.96215e+01   4.12613e+00   1.14705e-05   1.58617e+00
  21  alpha_A0    -2.16758e-01   2.58761e-02   1.03199e-05  -2.84511e-01
  22  beta_A0     -2.73545e-01   2.21010e-02   8.16200e-06   3.38428e-02
  23  alpha_phi   -1.99110e-01   1.96132e-02   6.62861e-06  -6.93618e-01
  24  beta_phi     2.33448e-01   2.38369e-02   8.35156e-06   5.95461e-01
 EXTERNAL ERROR MATRIX.    NDIM=  25    NPAR=  8    ERR DEF=1
  2.685e+07 -1.671e+00  1.695e+01 -1.130e+04  1.685e+01  5.978e+01  5.932e+01 -1.938e+01 
 -1.671e+00  2.509e-06  9.772e-07 -4.133e-04  3.188e-05 -1.114e-05 -1.736e-05 -2.561e-05 
  1.695e+01  9.772e-07  1.628e-05 -9.299e-03  4.119e-05  3.431e-05  2.569e-05 -4.292e-05 
 -1.130e+04 -4.133e-04 -9.299e-03  1.703e+01  2.382e-02  3.802e-02  2.560e-02 -2.804e-02 
  1.685e+01  3.188e-05  4.119e-05  2.382e-02  6.696e-04  1.893e-04  3.253e-05 -6.000e-04 
  5.978e+01 -1.114e-05  3.431e-05  3.802e-02  1.893e-04  4.885e-04  4.086e-04 -2.411e-04 
  5.932e+01 -1.736e-05  2.569e-05  2.560e-02  3.253e-05  4.086e-04  3.847e-04 -8.925e-05 
 -1.938e+01 -2.561e-05 -4.292e-05 -2.804e-02 -6.000e-04 -2.411e-04 -8.925e-05  5.682e-04 
ERR MATRIX NOT POS-DEF
 PARAMETER  CORRELATION COEFFICIENTS  
       NO.  GLOBAL      1      3      4     20     21     22     23     24
        1  0.99545   1.000 -0.204  0.811 -0.529  0.126  0.522  0.584 -0.157
        3  0.99423  -0.204  1.000  0.153 -0.063  0.778 -0.318 -0.559 -0.678
        4  0.98840   0.811  0.153  1.000 -0.559  0.395  0.385  0.325 -0.446
       20  0.99732  -0.529 -0.063 -0.559  1.000  0.223  0.417  0.316 -0.285
       21  0.99243   0.126  0.778  0.395  0.223  1.000  0.331  0.064 -0.973
       22  0.99351   0.522 -0.318  0.385  0.417  0.331  1.000  0.943 -0.458
       23  0.99457   0.584 -0.559  0.325  0.316  0.064  0.943  1.000 -0.191
       24  0.99416  -0.157 -0.678 -0.446 -0.285 -0.973 -0.458 -0.191  1.000
 ERR MATRIX NOT POS-DEF
MINUIT - FIT ONLY 1-CBO + wiggle
 **********
 **   16 **RES 
 **********
                   PARAMETER   16  beta_vw RESTORED TO VARIABLE.
                   PARAMETER   14  alpha_vw RESTORED TO VARIABLE.
                   PARAMETER   13  beta_y RESTORED TO VARIABLE.
                   PARAMETER   11  alpha_y RESTORED TO VARIABLE.
                   PARAMETER   10  beta_2CBO RESTORED TO VARIABLE.
                   PARAMETER    9  alpha_2CBO RESTORED TO VARIABLE.
                   PARAMETER    8  beta_CBO RESTORED TO VARIABLE.
                   PARAMETER    6  alpha_CBO RESTORED TO VARIABLE.
 **********
 **   17 **FIX            8
 **********
 **********
 **   18 **FIX            9
 **********
 **********
 **   19 **FIX           11
 **********
 **********
 **   20 **FIX           12
 **********
 PARAMETER   12  IS CONSTANT.   IGNORED.
 **********
 **   21 **FIX           14
 **********
 **********
 **   22 **FIX           15
 **********
 PARAMETER   15  IS CONSTANT.   IGNORED.
 **********
 **   23 **FIX           16
 **********
 **********
 **   24 **MIGRAD
 **********
 START MIGRAD MINIMIZATION.  STRATEGY  1.  CONVERGENCE WHEN EDM .LT. 1.00e-04
 FCN=43.0415 FROM MIGRAD    STATUS=INITIATE       28 CALLS        1427 TOTAL
                     EDM= unknown      STRATEGY= 1      NO ERROR MATRIX       
  EXT PARAMETER               CURRENT GUESS       STEP         FIRST   
  NO.   NAME      VALUE            ERROR          SIZE      DERIVATIVE 
   1  N0           3.37133e+06   5.18154e+03   1.60758e+00   2.95859e-06
   2  tau          6.43680e+01   constant   
   3  A0           3.44219e-01   1.58408e-03   5.51880e-07   6.45234e+00
   4  phi          4.11196e+00   4.03454e-03   1.98901e-06   3.44732e+00
   5  R           -6.08433e+01   constant   
   6  alpha_CBO    0.00000e+00   1.00000e-03   1.00000e-03  -7.02622e+02
   7  w_CBO        2.32500e+00   constant   
   8  beta_CBO     0.00000e+00     fixed    
   9  alpha_2CBO   0.00000e+00     fixed    
  10  beta_2CBO    0.00000e+00   1.00000e-03   1.00000e-03  -2.68146e+03
  11  alpha_y      0.00000e+00     fixed    
  12  w_y          1.44500e+01   constant   
  13  beta_y       0.00000e+00   1.00000e-03   1.00000e-03   5.65209e+04
  14  alpha_vw     0.00000e+00     fixed    
  15  w_vw         1.29000e+01   constant   
  16  beta_vw      0.00000e+00     fixed    
  17  LM          -1.22211e-03   constant   
  18  zeta_y       0.00000e+00   constant   
  19  zeta_vw      0.00000e+00   constant   
  20  T_CBO        5.96215e+01   4.12613e+00   1.14705e-05   1.58618e+00
  21  alpha_A0    -2.16758e-01   2.58761e-02   1.03199e-05  -2.84514e-01
  22  beta_A0     -2.73545e-01   2.21010e-02   8.16200e-06   3.38287e-02
  23  alpha_phi   -1.99110e-01   1.96132e-02   6.62861e-06  -6.93618e-01
  24  beta_phi     2.33448e-01   2.38369e-02   8.35156e-06   5.95462e-01
 CALL LIMIT EXCEEDED IN MIGRAD.
 MIGRAD TERMINATED WITHOUT CONVERGENCE.
 FCN=4.81669 FROM MIGRAD    STATUS=CALL LIMIT   1919 CALLS        3318 TOTAL
                     EDM=0.00016473    STRATEGY= 1  ERROR MATRIX UNCERTAINTY  37.8 per cent
  EXT PARAMETER                APPROXIMATE        STEP         FIRST   
  NO.   NAME      VALUE            ERROR          SIZE      DERIVATIVE 
   1  N0           3.41159e+06   1.83578e+04   1.17715e+02   3.63606e-05
   2  tau          6.43680e+01   constant   
   3  A0           3.52340e-01   2.54328e-03   1.53108e-05   9.00359e+01
   4  phi          4.15085e+00   1.39788e-02   9.04050e-05   3.07744e+01
   5  R           -6.08433e+01   constant   
   6  alpha_CBO    1.35539e-03   2.19075e-03   9.83916e-06  -1.27067e+02
   7  w_CBO        2.32500e+00   constant   
   8  beta_CBO     0.00000e+00     fixed    
   9  alpha_2CBO   0.00000e+00     fixed    
  10  beta_2CBO    9.27159e-05   7.60996e-04   1.65553e-07   5.17614e+01
  11  alpha_y      0.00000e+00     fixed    
  12  w_y          1.44500e+01   constant   
  13  beta_y      -1.36679e-03   2.16127e-04  -5.00769e-09  -1.56825e+01
  14  alpha_vw     0.00000e+00     fixed    
  15  w_vw         1.29000e+01   constant   
  16  beta_vw      0.00000e+00     fixed    
  17  LM          -1.22211e-03   constant   
  18  zeta_y       0.00000e+00   constant   
  19  zeta_vw      0.00000e+00   constant   
  20  T_CBO        3.28112e+01   1.33675e+01  -4.88041e-04   4.56215e+00
  21  alpha_A0     2.81236e-02   1.72802e-01   1.10273e-03  -4.02142e+00
  22  beta_A0     -2.34701e-01   8.29912e-03  -3.53312e-05  -8.48003e-01
  23  alpha_phi   -1.54208e-01   4.22687e-02   2.65645e-04  -2.05433e+00
  24  beta_phi     1.00704e-02   1.53485e-01  -9.90772e-04   2.26848e-02
 EXTERNAL ERROR MATRIX.    NDIM=  25    NPAR= 11    ERR DEF=1
  3.370e+08 
  4.551e+01  6.468e-06 
  2.436e+02  3.112e-05  1.954e-04 
  3.067e+01  4.795e-06  2.038e-05  4.799e-06 
  2.177e+00  3.523e-07 -5.928e-07 -2.271e-07  5.791e-07 
  8.402e-02  4.600e-08 -1.673e-07  7.153e-08  1.224e-08  4.671e-08 
 -2.424e+05 -3.172e-02 -1.844e-01 -2.056e-02 -7.339e-04  6.791e-05  1.790e+02 
  3.065e+03  3.936e-04  2.286e-03  2.169e-04  3.283e-05 -1.409e-06 -2.257e+00  2.986e-02 
 -1.148e+02 -1.455e-05 -8.372e-05 -6.429e-06 -1.795e-06  1.707e-07  8.451e-02 -1.164e-03  6.888e-05 
  7.675e+02  1.039e-04  5.683e-04  7.413e-05  1.263e-06  8.582e-08 -5.565e-01  6.856e-03 -2.627e-04  1.787e-03 
 -2.746e+03 -3.568e-04 -2.134e-03 -2.353e-04  1.056e-08  1.208e-06  2.047e+00 -2.552e-02  9.504e-04 -6.363e-03  2.356e-02 
ERR MATRIX APPROXIMATE
 PARAMETER  CORRELATION COEFFICIENTS  
       NO.  GLOBAL      1      3      4      6     10     13     20     21     22     23     24
        1  0.99991   1.000  0.975  0.949  0.763  0.156  0.021 -0.987  0.966 -0.754  0.989 -0.975
        3  0.99923   0.975  1.000  0.875  0.861  0.182  0.084 -0.932  0.895 -0.690  0.966 -0.914
        4  0.99979   0.949  0.875  1.000  0.666 -0.056 -0.055 -0.986  0.946 -0.722  0.962 -0.995
        6  0.99925   0.763  0.861  0.666  1.000 -0.136  0.151 -0.701  0.573 -0.354  0.801 -0.700
       10  0.98126   0.156  0.182 -0.056 -0.136  1.000  0.074 -0.072  0.250 -0.284  0.039  0.000
       13  0.41288   0.021  0.084 -0.055  0.151  0.074  1.000  0.023 -0.038  0.095  0.009  0.036
       20  0.99991  -0.987 -0.932 -0.986 -0.701 -0.072  0.023  1.000 -0.976  0.761 -0.984  0.997
       21  0.99987   0.966  0.895  0.946  0.573  0.250 -0.038 -0.976  1.000 -0.811  0.939 -0.962
       22  0.95006  -0.754 -0.690 -0.722 -0.354 -0.284  0.095  0.761 -0.811  1.000 -0.749  0.746
       23  0.99904   0.989  0.966  0.962  0.801  0.039  0.009 -0.984  0.939 -0.749  1.000 -0.981
       24  0.99974  -0.975 -0.914 -0.995 -0.700  0.000  0.036  0.997 -0.962  0.746 -0.981  1.000
 ERR MATRIX APPROXIMATE
MINUIT - FIT ONLY 2-CBO
 **********
 **   25 **RES 
 **********
                   PARAMETER   16  beta_vw RESTORED TO VARIABLE.
                   PARAMETER   14  alpha_vw RESTORED TO VARIABLE.
                   PARAMETER   11  alpha_y RESTORED TO VARIABLE.
                   PARAMETER    9  alpha_2CBO RESTORED TO VARIABLE.
                   PARAMETER    8  beta_CBO RESTORED TO VARIABLE.
 **********
 **   26 **FIX            0
 **********
 PARAMETER    0  IS UNDEFINED. IGNORED.
 **********
 **   27 **FIX            1
 **********
 **********
 **   28 **FIX            2
 **********
 PARAMETER    2  IS CONSTANT.   IGNORED.
 **********
 **   29 **FIX            3
 **********
 **********
 **   30 **FIX            4
 **********
 **********
 **   31 **FIX            5
 **********
 PARAMETER    5  IS CONSTANT.   IGNORED.
 **********
 **   32 **FIX            6
 **********
 **********
 **   33 **FIX            7
 **********
 PARAMETER    7  IS CONSTANT.   IGNORED.
 **********
 **   34 **FIX           10
 **********
 **********
 **   35 **FIX           11
 **********
 **********
 **   36 **FIX           12
 **********
 PARAMETER   12  IS CONSTANT.   IGNORED.
 **********
 **   37 **FIX           13
 **********
 **********
 **   38 **FIX           14
 **********
 **********
 **   39 **FIX           15
 **********
 PARAMETER   15  IS CONSTANT.   IGNORED.
 **********
 **   40 **FIX           16
 **********
 **********
 **   41 **MIGRAD
 **********
 START MIGRAD MINIMIZATION.  STRATEGY  1.  CONVERGENCE WHEN EDM .LT. 1.00e-04
 FCN=4.81669 FROM MIGRAD    STATUS=INITIATE       18 CALLS        3336 TOTAL
                     EDM= unknown      STRATEGY= 1      NO ERROR MATRIX       
  EXT PARAMETER               CURRENT GUESS       STEP         FIRST   
  NO.   NAME      VALUE            ERROR          SIZE      DERIVATIVE 
   1  N0           3.41159e+06     fixed    
   2  tau          6.43680e+01   constant   
   3  A0           3.52340e-01     fixed    
   4  phi          4.15085e+00     fixed    
   5  R           -6.08433e+01   constant   
   6  alpha_CBO    1.35539e-03     fixed    
   7  w_CBO        2.32500e+00   constant   
   8  beta_CBO     0.00000e+00   1.00000e-03   1.00000e-03  -7.94095e+00
   9  alpha_2CBO   0.00000e+00   1.00000e-03   1.00000e-03   2.44492e+01
  10  beta_2CBO    9.27159e-05     fixed    
  11  alpha_y      0.00000e+00     fixed    
  12  w_y          1.44500e+01   constant   
  13  beta_y      -1.36679e-03     fixed    
  14  alpha_vw     0.00000e+00     fixed    
  15  w_vw         1.29000e+01   constant   
  16  beta_vw      0.00000e+00     fixed    
  17  LM          -1.22211e-03   constant   
  18  zeta_y       0.00000e+00   constant   
  19  zeta_vw      0.00000e+00   constant   
  20  T_CBO        3.28112e+01   1.33675e+01  -4.88041e-04   4.56215e+00
  21  alpha_A0     2.81236e-02   1.72802e-01   1.10273e-03  -4.02142e+00
  22  beta_A0     -2.34701e-01   8.29912e-03  -3.53312e-05  -8.48002e-01
  23  alpha_phi   -1.54208e-01   4.22687e-02   2.65645e-04  -2.05433e+00
  24  beta_phi     1.00704e-02   1.53485e-01  -9.90772e-04   2.26848e-02
 MIGRAD MINIMIZATION HAS CONVERGED.
 MIGRAD WILL VERIFY CONVERGENCE AND ERROR MATRIX.
 COVARIANCE MATRIX CALCULATED SUCCESSFULLY
 FCN=4.81637 FROM MIGRAD    STATUS=CONVERGED     132 CALLS        3450 TOTAL
                     EDM=6.20522e-05    STRATEGY= 1      ERROR MATRIX ACCURATE 
  EXT PARAMETER                                   STEP         FIRST   
  NO.   NAME      VALUE            ERROR          SIZE      DERIVATIVE 
   1  N0           3.41159e+06     fixed    
   2  tau          6.43680e+01   constant   
   3  A0           3.52340e-01     fixed    
   4  phi          4.15085e+00     fixed    
   5  R           -6.08433e+01   constant   
   6  alpha_CBO    1.35539e-03     fixed    
   7  w_CBO        2.32500e+00   constant   
   8  beta_CBO    -6.59396e-07   5.45284e-04   2.54638e-07  -7.60923e+00
   9  alpha_2CBO   1.50660e-06   5.67616e-04   2.47019e-07  -6.97422e+00
  10  beta_2CBO    9.27159e-05     fixed    
  11  alpha_y      0.00000e+00     fixed    
  12  w_y          1.44500e+01   constant   
  13  beta_y      -1.36679e-03     fixed    
  14  alpha_vw     0.00000e+00     fixed    
  15  w_vw         1.29000e+01   constant   
  16  beta_vw      0.00000e+00     fixed    
  17  LM          -1.22211e-03   constant   
  18  zeta_y       0.00000e+00   constant   
  19  zeta_vw      0.00000e+00   constant   
  20  T_CBO        3.28104e+01   8.72586e+01   1.97104e-06  -2.85041e-01
  21  alpha_A0     2.82672e-02   1.79757e-01   8.80358e-06  -4.01450e-02
  22  beta_A0     -2.34712e-01   1.39206e+00   7.35418e-06   1.35337e-01
  23  alpha_phi   -1.54157e-01   9.11347e-01   6.20433e-06  -7.02865e-02
  24  beta_phi     1.00047e-02   5.12920e-02   7.50211e-06  -2.27225e-01
 EXTERNAL ERROR MATRIX.    NDIM=  25    NPAR=  7    ERR DEF=1
  2.973e-07  2.016e-07 -2.045e-02  4.139e-05 -3.203e-04 -2.001e-04  1.364e-05 
  2.016e-07  3.222e-07 -7.844e-03  1.784e-05 -1.290e-04 -7.214e-05  4.441e-06 
 -2.045e-02 -7.844e-03  8.315e+03 -1.637e+01  1.269e+02  8.310e+01 -4.604e+00 
  4.139e-05  1.784e-05 -1.637e+01  3.231e-02 -2.500e-01 -1.636e-01  9.047e-03 
 -3.203e-04 -1.290e-04  1.269e+02 -2.500e-01  1.938e+00  1.268e+00 -7.033e-02 
 -2.001e-04 -7.214e-05  8.310e+01 -1.636e-01  1.268e+00  8.306e-01 -4.600e-02 
  1.364e-05  4.441e-06 -4.604e+00  9.047e-03 -7.033e-02 -4.600e-02  2.631e-03 
 PARAMETER  CORRELATION COEFFICIENTS  
       NO.  GLOBAL      8      9     20     21     22     23     24
        8  0.91801   1.000  0.651 -0.411  0.422 -0.422 -0.403  0.488
        9  0.92921   0.651  1.000 -0.152  0.175 -0.163 -0.139  0.153
       20  0.99999  -0.411 -0.152  1.000 -0.999  1.000  1.000 -0.984
       21  0.99913   0.422  0.175 -0.999  1.000 -0.999 -0.998  0.981
       22  0.99999  -0.422 -0.163  1.000 -0.999  1.000  1.000 -0.985
       23  0.99998  -0.403 -0.139  1.000 -0.998  1.000  1.000 -0.984
       24  0.99226   0.488  0.153 -0.984  0.981 -0.985 -0.984  1.000
MINUIT - FIT wiggle + 1-CBO + 2-CBO
 **********
 **   42 **RES 
 **********
                   PARAMETER   16  beta_vw RESTORED TO VARIABLE.
                   PARAMETER   14  alpha_vw RESTORED TO VARIABLE.
                   PARAMETER   13  beta_y RESTORED TO VARIABLE.
                   PARAMETER   11  alpha_y RESTORED TO VARIABLE.
                   PARAMETER   10  beta_2CBO RESTORED TO VARIABLE.
                   PARAMETER    6  alpha_CBO RESTORED TO VARIABLE.
                   PARAMETER    4  phi RESTORED TO VARIABLE.
                   PARAMETER    3  A0 RESTORED TO VARIABLE.
                   PARAMETER    1  N0 RESTORED TO VARIABLE.
 **********
 **   43 **FIX           10
 **********
 **********
 **   44 **FIX           11
 **********
 **********
 **   45 **FIX           12
 **********
 PARAMETER   12  IS CONSTANT.   IGNORED.
 **********
 **   46 **FIX           13
 **********
 **********
 **   47 **FIX           14
 **********
 **********
 **   48 **FIX           15
 **********
 PARAMETER   15  IS CONSTANT.   IGNORED.
 **********
 **   49 **FIX           16
 **********
 **********
 **   50 **MIGRAD
 **********
 START MIGRAD MINIMIZATION.  STRATEGY  1.  CONVERGENCE WHEN EDM .LT. 1.00e-04
 FCN=4.81637 FROM MIGRAD    STATUS=INITIATE       22 CALLS        3472 TOTAL
                     EDM= unknown      STRATEGY= 1      NO ERROR MATRIX       
  EXT PARAMETER               CURRENT GUESS       STEP         FIRST   
  NO.   NAME      VALUE            ERROR          SIZE      DERIVATIVE 
   1  N0           3.41159e+06   1.83578e+04   1.83578e+04  -5.62175e-06
   2  tau          6.43680e+01   constant   
   3  A0           3.52340e-01   2.54328e-03   2.54328e-03  -1.52105e+01
   4  phi          4.15085e+00   1.39788e-02   1.39788e-02   2.41618e+00
   5  R           -6.08433e+01   constant   
   6  alpha_CBO    1.35539e-03   2.19075e-03   2.19075e-03   2.28730e+01
   7  w_CBO        2.32500e+00   constant   
   8  beta_CBO    -6.59396e-07   5.45284e-04   2.54638e-07  -7.60923e+00
   9  alpha_2CBO   1.50660e-06   5.67616e-04   2.47019e-07  -6.97422e+00
  10  beta_2CBO    9.27159e-05     fixed    
  11  alpha_y      0.00000e+00     fixed    
  12  w_y          1.44500e+01   constant   
  13  beta_y      -1.36679e-03     fixed    
  14  alpha_vw     0.00000e+00     fixed    
  15  w_vw         1.29000e+01   constant   
  16  beta_vw      0.00000e+00     fixed    
  17  LM          -1.22211e-03   constant   
  18  zeta_y       0.00000e+00   constant   
  19  zeta_vw      0.00000e+00   constant   
  20  T_CBO        3.28104e+01   8.72586e+01   1.97104e-06  -2.85047e-01
  21  alpha_A0     2.82672e-02   1.79757e-01   8.80358e-06  -4.01521e-02
  22  beta_A0     -2.34712e-01   1.39206e+00   7.35418e-06   1.35330e-01
  23  alpha_phi   -1.54157e-01   9.11347e-01   6.20433e-06  -7.02865e-02
  24  beta_phi     1.00047e-02   5.12920e-02   7.50211e-06  -2.27224e-01
 MIGRAD MINIMIZATION HAS CONVERGED.
 MIGRAD WILL VERIFY CONVERGENCE AND ERROR MATRIX.
 FCN=4.81629 FROM HESSE     STATUS=NOT POSDEF    100 CALLS        3693 TOTAL
                     EDM=0.000130804    STRATEGY= 1      ERR MATRIX NOT POS-DEF
  EXT PARAMETER                APPROXIMATE        STEP         FIRST   
  NO.   NAME      VALUE            ERROR          SIZE      DERIVATIVE 
   1  N0           3.41160e+06   6.13017e+03   1.62678e+00  -1.35996e-06
   2  tau          6.43680e+01   constant   
   3  A0           3.52340e-01   2.12115e-03   1.99874e-07  -2.49845e+00
   4  phi          4.15084e+00   6.90308e-03   1.97928e-06   1.18242e+00
   5  R           -6.08433e+01   constant   
   6  alpha_CBO    1.35247e-03   2.04630e-03   2.35287e-07   2.44268e-01
   7  w_CBO        2.32500e+00   constant   
   8  beta_CBO    -1.46958e-06   1.81192e-03   2.54636e-07   3.50956e+00
   9  alpha_2CBO   4.26061e-06   8.67538e-04   2.47017e-07   5.60363e+00
  10  beta_2CBO    9.27159e-05     fixed    
  11  alpha_y      0.00000e+00     fixed    
  12  w_y          1.44500e+01   constant   
  13  beta_y      -1.36679e-03     fixed    
  14  alpha_vw     0.00000e+00     fixed    
  15  w_vw         1.29000e+01   constant   
  16  beta_vw      0.00000e+00     fixed    
  17  LM          -1.22211e-03   constant   
  18  zeta_y       0.00000e+00   constant   
  19  zeta_vw      0.00000e+00   constant   
  20  T_CBO        3.28115e+01   3.98390e+00   1.97089e-06   5.80801e-02
  21  alpha_A0     2.83968e-02   6.66714e-02   8.80297e-06   2.14609e-02
  22  beta_A0     -2.34774e-01   6.65415e-02   7.35374e-06  -6.20123e-02
  23  alpha_phi   -1.54113e-01   5.59380e-02   6.20403e-06   7.11630e-02
  24  beta_phi     9.99067e-03   5.59206e-02   7.50176e-06   6.98230e-02
 MIGRAD MINIMIZATION HAS CONVERGED.
 MIGRAD WILL VERIFY CONVERGENCE AND ERROR MATRIX.
 FCN=4.81349 FROM MIGRAD    STATUS=CONVERGED     441 CALLS        3891 TOTAL
                     EDM=7.44276e-06    STRATEGY= 1      ERR MATRIX NOT POS-DEF
  EXT PARAMETER                APPROXIMATE        STEP         FIRST   
  NO.   NAME      VALUE            ERROR          SIZE      DERIVATIVE 
   1  N0           3.41279e+06   6.12733e+03   1.62734e+00  -7.92265e-07
   2  tau          6.43680e+01   constant   
   3  A0           3.52616e-01   2.12143e-03   1.99808e-07  -1.60021e+00
   4  phi          4.14956e+00   6.88727e-03   1.97866e-06  -9.99222e-01
   5  R           -6.08433e+01   constant   
   6  alpha_CBO    1.54014e-03   2.04535e-03   2.35222e-07   1.96671e+00
   7  w_CBO        2.32500e+00   constant   
   8  beta_CBO    -3.76381e-04   1.81149e-03   2.54590e-07   1.86680e+00
   9  alpha_2CBO  -6.24348e-06   8.68202e-04   2.46962e-07   1.50612e+00
  10  beta_2CBO    9.27159e-05     fixed    
  11  alpha_y      0.00000e+00     fixed    
  12  w_y          1.44500e+01   constant   
  13  beta_y      -1.36679e-03     fixed    
  14  alpha_vw     0.00000e+00     fixed    
  15  w_vw         1.29000e+01   constant   
  16  beta_vw      0.00000e+00     fixed    
  17  LM          -1.22211e-03   constant   
  18  zeta_y       0.00000e+00   constant   
  19  zeta_vw      0.00000e+00   constant   
  20  T_CBO        3.27446e+01   3.99617e+00   1.97465e-06  -1.91272e-01
  21  alpha_A0     3.12463e-02   6.69320e-02   8.82598e-06   3.02892e-02
  22  beta_A0     -2.31432e-01   6.64931e-02   7.37241e-06   9.14911e-02
  23  alpha_phi   -1.55547e-01   5.61973e-02   6.22275e-06  -2.55050e-02
  24  beta_phi     7.26703e-03   5.61234e-02   7.52556e-06   1.42344e-02
 EXTERNAL ERROR MATRIX.    NDIM=  25    NPAR= 11    ERR DEF=1
  3.754e+07 
  2.389e-01  4.500e-06 
 -7.618e+00 -1.535e-06  4.743e-05 
  3.982e+00  2.253e-06 -1.350e-06  4.183e-06 
 -4.842e+00  9.849e-09  9.073e-06  1.154e-06  3.281e-06 
  4.828e-01  3.650e-07  2.344e-07  1.293e-06  8.291e-07  7.538e-07 
 -9.511e+03  1.718e-03 -5.465e-03  1.465e-04  2.574e-04  1.237e-04  1.597e+01 
  2.842e+01  5.233e-05  1.412e-04 -6.164e-05 -2.832e-05 -2.807e-05 -4.684e-02  4.480e-03 
  1.354e+02 -2.460e-05  2.793e-05 -4.424e-05 -4.411e-05 -2.594e-05  1.185e-01  1.129e-03  4.421e-03 
  1.499e+02 -2.328e-05  1.496e-04  3.734e-05  3.531e-05  2.098e-05  5.089e-02 -8.774e-04  1.892e-03  3.158e-03 
 -3.240e+01 -7.430e-05 -1.662e-04  9.630e-06  1.214e-06  1.186e-05  1.065e-02 -3.343e-03 -8.832e-04  1.125e-04  3.150e-03 
ERR MATRIX NOT POS-DEF
 PARAMETER  CORRELATION COEFFICIENTS  
       NO.  GLOBAL      1      3      4      6      8      9     20     21     22     23     24
        1  0.99667   1.000  0.018 -0.181  0.318 -0.436  0.091 -0.388  0.069  0.332  0.435 -0.094
        3  0.99681   0.018  1.000 -0.105  0.519  0.003  0.198  0.203  0.369 -0.174 -0.195 -0.624
        4  0.99655  -0.181 -0.105  1.000 -0.096  0.727  0.039 -0.199  0.306  0.061  0.387 -0.430
        6  0.99524   0.318  0.519 -0.096  1.000  0.312  0.728  0.018 -0.450 -0.325  0.325  0.084
        8  0.99288  -0.436  0.003  0.727  0.312  1.000  0.527  0.036 -0.234 -0.366  0.347  0.012
        9  0.97050   0.091  0.198  0.039  0.728  0.527  1.000  0.036 -0.483 -0.449  0.430  0.243
       20  0.99722  -0.388  0.203 -0.199  0.018  0.036  0.036  1.000 -0.175  0.446  0.227  0.047
       21  0.99373   0.069  0.369  0.306 -0.450 -0.234 -0.483 -0.175  1.000  0.254 -0.233 -0.890
       22  0.99557   0.332 -0.174  0.061 -0.325 -0.366 -0.449  0.446  0.254  1.000  0.506 -0.237
       23  0.99559   0.435 -0.195  0.387  0.325  0.347  0.430  0.227 -0.233  0.506  1.000  0.036
       24  0.99352  -0.094 -0.624 -0.430  0.084  0.012  0.243  0.047 -0.890 -0.237  0.036  1.000
 ERR MATRIX NOT POS-DEF
MINUIT - FIT ONLY 1-y
 **********
 **   51 **RES 
 **********
                   PARAMETER   16  beta_vw RESTORED TO VARIABLE.
                   PARAMETER   14  alpha_vw RESTORED TO VARIABLE.
                   PARAMETER   13  beta_y RESTORED TO VARIABLE.
                   PARAMETER   11  alpha_y RESTORED TO VARIABLE.
                   PARAMETER   10  beta_2CBO RESTORED TO VARIABLE.
 **********
 **   52 **FIX            0
 **********
 PARAMETER    0  IS UNDEFINED. IGNORED.
 **********
 **   53 **FIX            1
 **********
 **********
 **   54 **FIX            2
 **********
 PARAMETER    2  IS CONSTANT.   IGNORED.
 **********
 **   55 **FIX            3
 **********
 **********
 **   56 **FIX            4
 **********
 **********
 **   57 **FIX            5
 **********
 PARAMETER    5  IS CONSTANT.   IGNORED.
 **********
 **   58 **FIX            6
 **********
 **********
 **   59 **FIX            7
 **********
 PARAMETER    7  IS CONSTANT.   IGNORED.
 **********
 **   60 **FIX            8
 **********
 **********
 **   61 **FIX            9
 **********
 **********
 **   62 **FIX           13
 **********
 **********
 **   63 **FIX           14
 **********
 **********
 **   64 **FIX           15
 **********
 PARAMETER   15  IS CONSTANT.   IGNORED.
 **********
 **   65 **FIX           16
 **********
 **********
 **   66 **MIGRAD
 **********
 START MIGRAD MINIMIZATION.  STRATEGY  1.  CONVERGENCE WHEN EDM .LT. 1.00e-04
 FCN=4.81349 FROM MIGRAD    STATUS=INITIATE       16 CALLS        3907 TOTAL
                     EDM= unknown      STRATEGY= 1      NO ERROR MATRIX       
  EXT PARAMETER               CURRENT GUESS       STEP         FIRST   
  NO.   NAME      VALUE            ERROR          SIZE      DERIVATIVE 
   1  N0           3.41279e+06     fixed    
   2  tau          6.43680e+01   constant   
   3  A0           3.52616e-01     fixed    
   4  phi          4.14956e+00     fixed    
   5  R           -6.08433e+01   constant   
   6  alpha_CBO    1.54014e-03     fixed    
   7  w_CBO        2.32500e+00   constant   
   8  beta_CBO    -3.76381e-04     fixed    
   9  alpha_2CBO  -6.24348e-06     fixed    
  10  beta_2CBO    9.27159e-05   7.60996e-04   7.60996e-04   8.56883e+01
  11  alpha_y      0.00000e+00   1.00000e-03   1.00000e-03  -7.01713e+03
  12  w_y          1.44500e+01   constant   
  13  beta_y      -1.36679e-03     fixed    
  14  alpha_vw     0.00000e+00     fixed    
  15  w_vw         1.29000e+01   constant   
  16  beta_vw      0.00000e+00     fixed    
  17  LM          -1.22211e-03   constant   
  18  zeta_y       0.00000e+00   constant   
  19  zeta_vw      0.00000e+00   constant   
  20  T_CBO        3.27446e+01   3.99617e+00   1.97465e-06  -1.91261e-01
  21  alpha_A0     3.12463e-02   6.69320e-02   8.82598e-06   3.02822e-02
  22  beta_A0     -2.31432e-01   6.64931e-02   7.37241e-06   9.14880e-02
  23  alpha_phi   -1.55547e-01   5.61973e-02   6.22275e-06  -2.55037e-02
  24  beta_phi     7.26703e-03   5.61234e-02   7.52556e-06   1.42347e-02
 MIGRAD MINIMIZATION HAS CONVERGED.
 MIGRAD WILL VERIFY CONVERGENCE AND ERROR MATRIX.
 FCN=4.26196 FROM MIGRAD    STATUS=CONVERGED     145 CALLS        4036 TOTAL
                     EDM=7.39109e-06    STRATEGY= 1      ERR MATRIX NOT POS-DEF
  EXT PARAMETER                APPROXIMATE        STEP         FIRST   
  NO.   NAME      VALUE            ERROR          SIZE      DERIVATIVE 
   1  N0           3.41279e+06     fixed    
   2  tau          6.43680e+01   constant   
   3  A0           3.52616e-01     fixed    
   4  phi          4.14956e+00     fixed    
   5  R           -6.08433e+01   constant   
   6  alpha_CBO    1.54014e-03     fixed    
   7  w_CBO        2.32500e+00   constant   
   8  beta_CBO    -3.76381e-04     fixed    
   9  alpha_2CBO  -6.24348e-06     fixed    
  10  beta_2CBO    1.16693e-04   3.34672e-04   2.30030e-07   4.49425e+00
  11  alpha_y      1.57513e-04   2.11842e-04   2.35028e-07   9.60126e-01
  12  w_y          1.44500e+01   constant   
  13  beta_y      -1.36679e-03     fixed    
  14  alpha_vw     0.00000e+00     fixed    
  15  w_vw         1.29000e+01   constant   
  16  beta_vw      0.00000e+00     fixed    
  17  LM          -1.22211e-03   constant   
  18  zeta_y       0.00000e+00   constant   
  19  zeta_vw      0.00000e+00   constant   
  20  T_CBO        3.27430e+01   4.57921e+00   1.88029e-06  -2.56617e-01
  21  alpha_A0     3.13713e-02   1.31030e-02   8.39770e-06  -3.68812e-01
  22  beta_A0     -2.31193e-01   6.90319e-02   7.01484e-06  -2.08453e-01
  23  alpha_phi   -1.55722e-01   4.67660e-02   5.92047e-06   3.82834e-01
  24  beta_phi     8.12668e-03   9.70523e-03   7.15995e-06   4.75507e-02
 EXTERNAL ERROR MATRIX.    NDIM=  25    NPAR=  7    ERR DEF=1
  1.120e-07  8.121e-09  3.795e-05  1.150e-06  8.649e-07  1.011e-07  2.248e-06 
  8.121e-09  4.488e-08 -3.899e-07  5.319e-08  7.474e-08 -5.349e-08  2.692e-07 
  3.795e-05 -3.899e-07  2.097e+01 -4.516e-02  3.148e-01  2.127e-01 -7.519e-03 
  1.150e-06  5.319e-08 -4.516e-02  1.717e-04 -6.739e-04 -4.564e-04  2.663e-05 
  8.649e-07  7.474e-08  3.148e-01 -6.739e-04  4.765e-03  3.185e-03 -1.111e-04 
  1.011e-07 -5.349e-08  2.127e-01 -4.564e-04  3.185e-03  2.187e-03 -8.782e-05 
  2.248e-06  2.692e-07 -7.519e-03  2.663e-05 -1.111e-04 -8.782e-05  9.419e-05 
ERR MATRIX NOT POS-DEF
 PARAMETER  CORRELATION COEFFICIENTS  
       NO.  GLOBAL     10     11     20     21     22     23     24
       10  0.79013   1.000  0.115  0.025  0.262  0.037  0.006  0.692
       11  0.14533   0.115  1.000 -0.000  0.019  0.005 -0.005  0.131
       20  0.99787   0.025 -0.000  1.000 -0.752  0.996  0.993 -0.169
       21  0.82056   0.262  0.019 -0.752  1.000 -0.745 -0.745  0.209
       22  0.99589   0.037  0.005  0.996 -0.745  1.000  0.987 -0.166
       23  0.99361   0.006 -0.005  0.993 -0.745  0.987  1.000 -0.193
       24  0.75309   0.692  0.131 -0.169  0.209 -0.166 -0.193  1.000
 ERR MATRIX NOT POS-DEF
MINUIT - FIT ONLY 2-y
 **********
 **   67 **RES 
 **********
                   PARAMETER   16  beta_vw RESTORED TO VARIABLE.
                   PARAMETER   14  alpha_vw RESTORED TO VARIABLE.
                   PARAMETER   13  beta_y RESTORED TO VARIABLE.
                   PARAMETER    9  alpha_2CBO RESTORED TO VARIABLE.
                   PARAMETER    8  beta_CBO RESTORED TO VARIABLE.
                   PARAMETER    6  alpha_CBO RESTORED TO VARIABLE.
                   PARAMETER    4  phi RESTORED TO VARIABLE.
                   PARAMETER    3  A0 RESTORED TO VARIABLE.
                   PARAMETER    1  N0 RESTORED TO VARIABLE.
 **********
 **   68 **FIX            0
 **********
 PARAMETER    0  IS UNDEFINED. IGNORED.
 **********
 **   69 **FIX            1
 **********
 **********
 **   70 **FIX            2
 **********
 PARAMETER    2  IS CONSTANT.   IGNORED.
 **********
 **   71 **FIX            3
 **********
 **********
 **   72 **FIX            4
 **********
 **********
 **   73 **FIX            5
 **********
 PARAMETER    5  IS CONSTANT.   IGNORED.
 **********
 **   74 **FIX            6
 **********
 **********
 **   75 **FIX            7
 **********
 PARAMETER    7  IS CONSTANT.   IGNORED.
 **********
 **   76 **FIX            8
 **********
 **********
 **   77 **FIX            9
 **********
 **********
 **   78 **FIX           10
 **********
 **********
 **   79 **FIX           11
 **********
 **********
 **   80 **FIX           12
 **********
 PARAMETER   12  IS CONSTANT.   IGNORED.
 **********
 **   81 **FIX           16
 **********
 **********
 **   82 **MIGRAD
 **********
 START MIGRAD MINIMIZATION.  STRATEGY  1.  CONVERGENCE WHEN EDM .LT. 1.00e-04
 FCN=4.26196 FROM MIGRAD    STATUS=INITIATE       16 CALLS        4052 TOTAL
                     EDM= unknown      STRATEGY= 1      NO ERROR MATRIX       
  EXT PARAMETER               CURRENT GUESS       STEP         FIRST   
  NO.   NAME      VALUE            ERROR          SIZE      DERIVATIVE 
   1  N0           3.41279e+06     fixed    
   2  tau          6.43680e+01   constant   
   3  A0           3.52616e-01     fixed    
   4  phi          4.14956e+00     fixed    
   5  R           -6.08433e+01   constant   
   6  alpha_CBO    1.54014e-03     fixed    
   7  w_CBO        2.32500e+00   constant   
   8  beta_CBO    -3.76381e-04     fixed    
   9  alpha_2CBO  -6.24348e-06     fixed    
  10  beta_2CBO    1.16693e-04     fixed    
  11  alpha_y      1.57513e-04     fixed    
  12  w_y          1.44500e+01   constant   
  13  beta_y      -1.36679e-03   2.16127e-04   2.16127e-04   4.01156e+02
  14  alpha_vw     0.00000e+00   1.00000e-03   1.00000e-03  -7.64387e+03
  15  w_vw         1.29000e+01   constant   
  16  beta_vw      0.00000e+00     fixed    
  17  LM          -1.22211e-03   constant   
  18  zeta_y       0.00000e+00   constant   
  19  zeta_vw      0.00000e+00   constant   
  20  T_CBO        3.27430e+01   4.57921e+00   1.88029e-06  -2.56643e-01
  21  alpha_A0     3.13713e-02   1.31030e-02   8.39770e-06  -3.68811e-01
  22  beta_A0     -2.31193e-01   6.90319e-02   7.01484e-06  -2.08452e-01
  23  alpha_phi   -1.55722e-01   4.67660e-02   5.92047e-06   3.82833e-01
  24  beta_phi     8.12668e-03   9.70523e-03   7.15995e-06   4.75512e-02
 MIGRAD MINIMIZATION HAS CONVERGED.
 MIGRAD WILL VERIFY CONVERGENCE AND ERROR MATRIX.
 FCN=3.35254 FROM MIGRAD    STATUS=CONVERGED     144 CALLS        4180 TOTAL
                     EDM=3.87332e-06    STRATEGY= 1      ERR MATRIX NOT POS-DEF
  EXT PARAMETER                APPROXIMATE        STEP         FIRST   
  NO.   NAME      VALUE            ERROR          SIZE      DERIVATIVE 
   1  N0           3.41279e+06     fixed    
   2  tau          6.43680e+01   constant   
   3  A0           3.52616e-01     fixed    
   4  phi          4.14956e+00     fixed    
   5  R           -6.08433e+01   constant   
   6  alpha_CBO    1.54014e-03     fixed    
   7  w_CBO        2.32500e+00   constant   
   8  beta_CBO    -3.76381e-04     fixed    
   9  alpha_2CBO  -6.24348e-06     fixed    
  10  beta_2CBO    1.16693e-04     fixed    
  11  alpha_y      1.57513e-04     fixed    
  12  w_y          1.44500e+01   constant   
  13  beta_y      -1.47671e-03   2.32766e-04   2.09223e-07  -1.15398e+00
