 + ++++++++++++++++++++++++++++++++++++++++++++++++++++++++++++++++++++ +
 +                                                                      +
 +           You have chose to blind your fitting according to          +
 +                omega_ref * (1 + (R +/- deltaR) *10^{-6})             +
 +                                                                      +
 + ++++++++++++++++++++++++++++++++++++++++++++++++++++++++++++++++++++ +
In main()...
reading format from /gm2data/zkhechad/run45/envelope/formats/formatB_sBin_constraintOn.txt
pBinTau 	= 0  
pBinPhi 	= 0  
constraintau 	= 1 
includeMopTerm 	= 0    
constrainMop    = 0   
Parameters after format file: pBinTau 0 pBinPhi 0 constraintau 1 includeMopTerm 0 constrainMop 0 c_e_scale 0.000000 
Opening file /gm2data/tbarrett/gm2fr/studies/run23_bunch_corrections/CorrectedFourier_Run3b.root.
reading full fit data from /gm2data/zkhechad/cboTemplates/Run4CBOTemplates/fullFits/noRF/sBin_constraintOn_cE0.0_seed0_noRF_calo16.root
windowBins = 34
fitting sliding window 105 from bin 241 at 35.808000 to bin 275 at 41.030000 (34 bins)

Reading data from /gm2data/cornell/histograms/aMethod/histogram_a_noRF.root
 **********
 **    1 **SET PRINTOUT            1
 **********
 **********
 **    2 **SET NOWARNINGS 
 **********
 PARAMETER DEFINITIONS:
    NO.   NAME         VALUE      STEP SIZE      LIMITS
     1 N0           3.09937e+06  1.00000e+02     no limits
     2 tau          6.44027e+01  constant
     3 A0           3.49546e-01  1.00000e-04     no limits
     4 phi          4.11716e+00  1.00000e-02     no limits
     5 R           -6.26367e+01  constant
     6 alpha_CBO    0.00000e+00  1.00000e-03     no limits
     7 w_CBO        2.32500e+00  constant
     8 beta_CBO     0.00000e+00  1.00000e-03     no limits
     9 alpha_2CBO   0.00000e+00  1.00000e-03     no limits
    10 beta_2CBO    0.00000e+00  1.00000e-03     no limits
    11 alpha_y      0.00000e+00  1.00000e-03     no limits
    12 w_y          1.38860e+01  constant
    13 beta_y       0.00000e+00  1.00000e-03     no limits
    14 alpha_vw     0.00000e+00  1.00000e-03     no limits
    15 w_vw         1.43404e+01  constant
    16 beta_vw      0.00000e+00  1.00000e-03     no limits
    17 LM          -1.31878e-04  constant
    18 zeta_y       0.00000e+00  constant
    19 zeta_vw      0.00000e+00  constant
    20 T_CBO        1.00000e+02  1.00000e+00    0.00000e+00  1.00000e+03
    21 alpha_A0     0.00000e+00  1.00000e-04   -1.00000e-02  1.00000e-02
    22 beta_A0      0.00000e+00  1.00000e-04   -1.00000e-02  1.00000e-02
    23 alpha_phi    0.00000e+00  1.00000e-04   -1.00000e-02  1.00000e-02
    24 beta_phi     0.00000e+00  1.00000e-04   -1.00000e-02  1.00000e-02
MINUIT - FIT ONLY WIGGLE
 **********
 **    3 **FIX            5
 **********
 PARAMETER    5  IS CONSTANT.   IGNORED.
 **********
 **    4 **FIX            6
 **********
 **********
 **    5 **FIX            7
 **********
 PARAMETER    7  IS CONSTANT.   IGNORED.
 **********
 **    6 **FIX            8
 **********
 **********
 **    7 **FIX            9
 **********
 **********
 **    8 **FIX           10
 **********
 **********
 **    9 **FIX           11
 **********
 **********
 **   10 **FIX           12
 **********
 PARAMETER   12  IS CONSTANT.   IGNORED.
 **********
 **   11 **FIX           13
 **********
 **********
 **   12 **FIX           14
 **********
 **********
 **   13 **FIX           15
 **********
 PARAMETER   15  IS CONSTANT.   IGNORED.
 **********
 **   14 **FIX           16
 **********
 **********
 **   15 **MIGRAD
 **********
 FIRST CALL TO USER FUNCTION AT NEW START POINT, WITH IFLAG=4.
 START MIGRAD MINIMIZATION.  STRATEGY  1.  CONVERGENCE WHEN EDM .LT. 1.00e-04
 FCN=5627.52 FROM MIGRAD    STATUS=INITIATE      435 CALLS         436 TOTAL
                     EDM= unknown      STRATEGY= 1      NO ERROR MATRIX       
  EXT PARAMETER               CURRENT GUESS       STEP         FIRST   
  NO.   NAME      VALUE            ERROR          SIZE      DERIVATIVE 
   1  N0           3.09937e+06   1.00000e+02   0.00000e+00   3.18849e-02
   2  tau          6.44027e+01   constant   
   3  A0           3.49546e-01   1.00000e-04   0.00000e+00  -1.63239e+05
   4  phi          4.11716e+00   1.00000e-02   0.00000e+00  -1.73815e+05
   5  R           -6.26367e+01   constant   
   6  alpha_CBO    0.00000e+00     fixed    
   7  w_CBO        2.32500e+00   constant   
   8  beta_CBO     0.00000e+00     fixed    
   9  alpha_2CBO   0.00000e+00     fixed    
  10  beta_2CBO    0.00000e+00     fixed    
  11  alpha_y      0.00000e+00     fixed    
  12  w_y          1.38860e+01   constant   
  13  beta_y       0.00000e+00     fixed    
  14  alpha_vw     0.00000e+00     fixed    
  15  w_vw         1.43404e+01   constant   
  16  beta_vw      0.00000e+00     fixed    
  17  LM          -1.31878e-04   constant   
  18  zeta_y       0.00000e+00   constant   
  19  zeta_vw      0.00000e+00   constant   
  20  T_CBO        1.00000e+02   1.00000e+00   0.00000e+00   0.00000e+00
  21  alpha_A0     0.00000e+00   1.00000e-04   0.00000e+00   2.15159e+02
  22  beta_A0      0.00000e+00   1.00000e-04   0.00000e+00   2.27744e+01
  23  alpha_phi    0.00000e+00   1.00000e-04   0.00000e+00   2.98858e+01
  24  beta_phi     0.00000e+00   1.00000e-04   0.00000e+00  -1.26703e+02
 MIGRAD FAILS TO FIND IMPROVEMENT
 COVARIANCE MATRIX CALCULATED SUCCESSFULLY
 FCN=4884.4 FROM HESSE     STATUS=OK             63 CALLS         739 TOTAL
                     EDM=1.80423e-07    STRATEGY= 1      ERROR MATRIX ACCURATE 
  EXT PARAMETER                                   STEP         FIRST   
  NO.   NAME      VALUE            ERROR          SIZE      DERIVATIVE 
   1  N0           3.09960e+06   1.41419e+00   8.54290e+00  -1.29054e-06
   2  tau          6.44027e+01   constant   
   3  A0           3.50053e-01   1.04021e-04   3.51384e-06  -8.91319e-01
   4  phi          4.12528e+00   3.12069e-04   1.05418e-05  -9.41706e-01
   5  R           -6.26367e+01   constant   
   6  alpha_CBO    0.00000e+00     fixed    
   7  w_CBO        2.32500e+00   constant   
   8  beta_CBO     0.00000e+00     fixed    
   9  alpha_2CBO   0.00000e+00     fixed    
  10  beta_2CBO    0.00000e+00     fixed    
  11  alpha_y      0.00000e+00     fixed    
  12  w_y          1.38860e+01   constant   
  13  beta_y       0.00000e+00     fixed    
  14  alpha_vw     0.00000e+00     fixed    
  15  w_vw         1.43404e+01   constant   
  16  beta_vw      0.00000e+00     fixed    
  17  LM          -1.31878e-04   constant   
  18  zeta_y       0.00000e+00   constant   
  19  zeta_vw      0.00000e+00   constant   
  20  T_CBO        2.25731e+00   5.76217e+01   3.89614e-02  -1.62442e-03
  21  alpha_A0    -2.40521e-03   1.37788e-02   5.00000e-01  -2.95978e-05
  22  beta_A0     -1.02295e-03   1.44812e-02   5.00000e-01   6.44903e-05
  23  alpha_phi   -9.86262e-04   1.44985e-02   5.00000e-01  -1.95005e-05
  24  beta_phi     1.17166e-03   1.53993e-02   5.00000e-01   1.80768e-05
 MIGRAD MINIMIZATION HAS CONVERGED.
 FCN=4884.4 FROM MIGRAD    STATUS=CONVERGED     757 CALLS         758 TOTAL
                     EDM=3.62132e-06    STRATEGY= 1  ERROR MATRIX UNCERTAINTY   2.8 per cent
  EXT PARAMETER                                   STEP         FIRST   
  NO.   NAME      VALUE            ERROR          SIZE      DERIVATIVE 
   1  N0           3.09960e+06   1.41418e+00   8.75574e-06  -2.49900e-06
   2  tau          6.44027e+01   constant   
   3  A0           3.50053e-01   1.03100e-04   1.54597e-08   4.32097e+00
   4  phi          4.12528e+00   2.12345e-04   2.56099e-07   4.56445e+00
   5  R           -6.26367e+01   constant   
   6  alpha_CBO    0.00000e+00     fixed    
   7  w_CBO        2.32500e+00   constant   
   8  beta_CBO     0.00000e+00     fixed    
   9  alpha_2CBO   0.00000e+00     fixed    
  10  beta_2CBO    0.00000e+00     fixed    
  11  alpha_y      0.00000e+00     fixed    
  12  w_y          1.38860e+01   constant   
  13  beta_y       0.00000e+00     fixed    
  14  alpha_vw     0.00000e+00     fixed    
  15  w_vw         1.43404e+01   constant   
  16  beta_vw      0.00000e+00     fixed    
  17  LM          -1.31878e-04   constant   
  18  zeta_y       0.00000e+00   constant   
  19  zeta_vw      0.00000e+00   constant   
  20  T_CBO        2.20440e+00   1.09098e+02   1.12150e-03  -7.25581e-03
  21  alpha_A0    -2.40354e-03   1.37815e-02   1.72214e-04  -1.93015e-05
  22  beta_A0     -1.02668e-03   1.44727e-02  -3.75294e-04   4.24112e-05
  23  alpha_phi   -9.85133e-04   1.44985e-02   1.13483e-04  -1.31502e-05
  24  beta_phi     1.17061e-03   1.53967e-02  -1.05226e-04   1.20295e-05
 EXTERNAL ERROR MATRIX.    NDIM=  25    NPAR=  8    ERR DEF=1
  2.000e+00  7.803e-08 -6.197e-07 -1.913e-01 -6.082e-06  1.358e-05 -4.109e-06  3.802e-06 
  7.803e-08  1.063e-08 -7.784e-09 -1.537e-04 -1.136e-08  2.534e-08 -7.647e-09  7.084e-09 
 -6.197e-07 -7.784e-09  4.509e-08 -2.547e-03 -1.881e-07  4.198e-07 -1.267e-07  1.174e-07 
 -1.913e-01 -1.537e-04 -2.547e-03 -1.002e+03 -3.537e-02  7.902e-02 -2.394e-02  2.214e-02 
 -6.082e-06 -1.136e-08 -1.881e-07 -3.537e-02  1.873e-04  2.602e-06 -7.870e-07  7.284e-07 
  1.358e-05  2.534e-08  4.198e-07  7.902e-02  2.602e-06  1.921e-04  1.757e-06 -1.626e-06 
 -4.109e-06 -7.647e-09 -1.267e-07 -2.394e-02 -7.870e-07  1.757e-06  1.975e-04  4.919e-07 
  3.802e-06  7.084e-09  1.174e-07  2.214e-02  7.284e-07 -1.626e-06  4.919e-07  1.968e-04 
 PARAMETER  CORRELATION COEFFICIENTS  
       NO.  GLOBAL      1      3      4     20     21     22     23     24
        1  0.00000   1.000  0.001 -0.002 -0.004 -0.000  0.001 -0.000  0.000
        3  0.00000   0.001  1.000 -0.356 -0.047 -0.008  0.018 -0.005  0.005
        4  0.00000  -0.002 -0.356  1.000 -0.379 -0.065  0.143 -0.042  0.039
       20  0.00000  -0.004 -0.047 -0.379 -1.000 -0.082  0.180 -0.054  0.050
       21  0.00000  -0.000 -0.008 -0.065 -0.082  1.000  0.014 -0.004  0.004
       22  0.00000   0.001  0.018  0.143  0.180  0.014  1.000  0.009 -0.008
       23  0.00000  -0.000 -0.005 -0.042 -0.054 -0.004  0.009  1.000  0.002
       24  0.00000   0.000  0.005  0.039  0.050  0.004 -0.008  0.002  1.000
MINUIT - FIT ONLY 1-CBO + wiggle
 **********
 **   16 **RES 
 **********
                   PARAMETER   16  beta_vw RESTORED TO VARIABLE.
                   PARAMETER   14  alpha_vw RESTORED TO VARIABLE.
                   PARAMETER   13  beta_y RESTORED TO VARIABLE.
                   PARAMETER   11  alpha_y RESTORED TO VARIABLE.
                   PARAMETER   10  beta_2CBO RESTORED TO VARIABLE.
                   PARAMETER    9  alpha_2CBO RESTORED TO VARIABLE.
                   PARAMETER    8  beta_CBO RESTORED TO VARIABLE.
                   PARAMETER    6  alpha_CBO RESTORED TO VARIABLE.
 **********
 **   17 **FIX            8
 **********
 **********
 **   18 **FIX            9
 **********
 **********
 **   19 **FIX           11
 **********
 **********
 **   20 **FIX           12
 **********
 PARAMETER   12  IS CONSTANT.   IGNORED.
 **********
 **   21 **FIX           14
 **********
 **********
 **   22 **FIX           15
 **********
 PARAMETER   15  IS CONSTANT.   IGNORED.
 **********
 **   23 **FIX           16
 **********
 **********
 **   24 **MIGRAD
 **********
 START MIGRAD MINIMIZATION.  STRATEGY  1.  CONVERGENCE WHEN EDM .LT. 1.00e-04
 FCN=4848.12 FROM MIGRAD    STATUS=INITIATE      137 CALLS         895 TOTAL
                     EDM= unknown      STRATEGY= 1      NO ERROR MATRIX       
  EXT PARAMETER               CURRENT GUESS       STEP         FIRST   
  NO.   NAME      VALUE            ERROR          SIZE      DERIVATIVE 
   1  N0           3.09960e+06   1.41418e+00   0.00000e+00  -5.75530e-03
   2  tau          6.44027e+01   constant   
   3  A0           3.50053e-01   1.03100e-04   0.00000e+00   8.73669e+03
   4  phi          4.12528e+00   2.12345e-04   0.00000e+00  -1.57892e+04
   5  R           -6.26367e+01   constant   
   6  alpha_CBO    0.00000e+00   1.00000e-03   0.00000e+00  -2.69524e+05
   7  w_CBO        2.32500e+00   constant   
   8  beta_CBO     0.00000e+00     fixed    
   9  alpha_2CBO   0.00000e+00     fixed    
  10  beta_2CBO    0.00000e+00   1.00000e-03   0.00000e+00   6.98581e+04
  11  alpha_y      0.00000e+00     fixed    
  12  w_y          1.38860e+01   constant   
  13  beta_y       0.00000e+00   1.00000e-03   0.00000e+00   1.75268e+05
  14  alpha_vw     0.00000e+00     fixed    
  15  w_vw         1.43404e+01   constant   
  16  beta_vw      0.00000e+00     fixed    
  17  LM          -1.31878e-04   constant   
  18  zeta_y       0.00000e+00   constant   
  19  zeta_vw      0.00000e+00   constant   
  20  T_CBO        2.55802e+01   1.09098e+02   0.00000e+00  -1.65714e+01
  21  alpha_A0     9.63227e-03   1.37815e-02  -2.46045e-01   2.13893e-02
  22  beta_A0     -1.02668e-03   1.44727e-02   0.00000e+00   6.99895e+01
  23  alpha_phi   -9.85133e-04   1.44985e-02   0.00000e+00   8.48967e+01
  24  beta_phi     1.17061e-03   1.53967e-02   0.00000e+00   5.95318e+01
 MIGRAD MINIMIZATION HAS CONVERGED.
 FCN=3428.87 FROM MIGRAD    STATUS=CONVERGED     711 CALLS        1469 TOTAL
                     EDM=5.5649e-06    STRATEGY= 1  ERROR MATRIX UNCERTAINTY   1.3 per cent
  EXT PARAMETER                                   STEP         FIRST   
  NO.   NAME      VALUE            ERROR          SIZE      DERIVATIVE 
   1  N0           3.10508e+06   2.96084e+02   1.26219e+00   4.84399e-06
   2  tau          6.44027e+01   constant   
   3  A0           3.49320e-01   1.41815e-04  -1.15576e-07  -9.00092e+00
   4  phi          4.13623e+00   3.17871e-04  -4.53846e-07  -1.13123e+00
   5  R           -6.26367e+01   constant   
   6  alpha_CBO    2.68390e-03   1.20058e-04   6.19787e-07   1.57374e+01
   7  w_CBO        2.32500e+00   constant   
   8  beta_CBO     0.00000e+00     fixed    
   9  alpha_2CBO   0.00000e+00     fixed    
  10  beta_2CBO    2.26869e-04   1.16097e-04   3.81594e-07   1.64078e+00
  11  alpha_y      0.00000e+00     fixed    
  12  w_y          1.38860e+01   constant   
  13  beta_y      -1.28819e-03   1.12229e-04  -3.16251e-08  -9.71424e+00
  14  alpha_vw     0.00000e+00     fixed    
  15  w_vw         1.43404e+01   constant   
  16  beta_vw      0.00000e+00     fixed    
  17  LM          -1.31878e-04   constant   
  18  zeta_y       0.00000e+00   constant   
  19  zeta_vw      0.00000e+00   constant   
  20  T_CBO        1.00000e+03   2.68248e+01  -7.16095e-04** at limit **
  21  alpha_A0     1.00000e-02   2.88840e-05   1.57411e-04** at limit **
  22  beta_A0     -8.80350e-03   6.44244e-04  -3.30676e-04  -1.82242e-02
  23  alpha_phi   -1.00000e-02   2.09910e-05  -1.93106e-04** at limit **
  24  beta_phi    -1.00000e-02   6.27109e-05  -1.05681e-03** at limit **
 EXTERNAL ERROR MATRIX.    NDIM=  25    NPAR= 11    ERR DEF=1
  8.767e+04 
  1.841e-02  2.011e-08 
  1.278e-02 -2.442e-09  1.010e-07 
 -5.732e-03 -6.189e-09  5.009e-09  1.441e-08 
 -3.089e-03 -3.505e-09 -6.728e-10  1.295e-09  1.348e-08 
 -8.015e-04 -2.859e-12  5.016e-10 -2.137e-10 -1.497e-10  1.260e-08 
  5.793e-01  1.277e-08  7.037e-07  1.604e-07  1.407e-07 -3.782e-08  2.184e-03 
 -6.340e-08 -2.483e-14 -1.417e-14 -8.485e-14  4.512e-14 -1.695e-15  1.336e-11  6.697e-16 
 -9.723e-02 -5.841e-08 -1.927e-08  1.747e-08  1.493e-08  1.722e-09  4.628e-07  4.724e-13  4.176e-07 
  3.320e-08  8.869e-14 -1.403e-13 -4.396e-14  2.228e-14  1.957e-14 -2.274e-11  1.631e-18 -5.113e-13  5.334e-16 
 -2.452e-06 -3.920e-13 -1.240e-12 -8.762e-13 -7.263e-13  1.874e-13  5.367e-10 -2.598e-16  1.120e-11  1.763e-16  4.245e-14 
 PARAMETER  CORRELATION COEFFICIENTS  
       NO.  GLOBAL      1      3      4      6     10     13     20     21     22     23     24
        1  0.54426   1.000  0.438  0.136 -0.161 -0.090 -0.024  0.042 -0.008 -0.508  0.005 -0.040
        3  0.69846   0.438  1.000 -0.054 -0.363 -0.213 -0.000  0.002 -0.007 -0.637  0.027 -0.013
        4  0.25440   0.136 -0.054  1.000  0.131 -0.018  0.014  0.047 -0.002 -0.094 -0.019 -0.019
        6  0.38605  -0.161 -0.363  0.131  1.000  0.093 -0.016  0.029 -0.027  0.225 -0.016 -0.035
       10  0.23849  -0.090 -0.213 -0.018  0.093  1.000 -0.011  0.026  0.015  0.199  0.008 -0.030
       13  0.04928  -0.024 -0.000  0.014 -0.016 -0.011  1.000 -0.007 -0.001  0.024  0.008  0.008
       20  0.10386   0.042  0.002  0.047  0.029  0.026 -0.007  1.000  0.011  0.015 -0.021  0.056
       21  0.07249  -0.008 -0.007 -0.002 -0.027  0.015 -0.001  0.011  1.000  0.028  0.003 -0.049
       22  0.69915  -0.508 -0.637 -0.094  0.225  0.199  0.024  0.015  0.028  1.000 -0.034  0.084
       23  0.06587   0.005  0.027 -0.019 -0.016  0.008  0.008 -0.021  0.003 -0.034  1.000  0.037
       24  0.14528  -0.040 -0.013 -0.019 -0.035 -0.030  0.008  0.056 -0.049  0.084  0.037  1.000
MINUIT - FIT ONLY 2-CBO
 **********
 **   25 **RES 
 **********
                   PARAMETER   16  beta_vw RESTORED TO VARIABLE.
                   PARAMETER   14  alpha_vw RESTORED TO VARIABLE.
                   PARAMETER   11  alpha_y RESTORED TO VARIABLE.
                   PARAMETER    9  alpha_2CBO RESTORED TO VARIABLE.
                   PARAMETER    8  beta_CBO RESTORED TO VARIABLE.
 **********
 **   26 **FIX            0
 **********
 PARAMETER    0  IS UNDEFINED. IGNORED.
 **********
 **   27 **FIX            1
 **********
 **********
 **   28 **FIX            2
 **********
 PARAMETER    2  IS CONSTANT.   IGNORED.
 **********
 **   29 **FIX            3
 **********
 **********
 **   30 **FIX            4
 **********
 **********
 **   31 **FIX            5
 **********
 PARAMETER    5  IS CONSTANT.   IGNORED.
 **********
 **   32 **FIX            6
 **********
 **********
 **   33 **FIX            7
 **********
 PARAMETER    7  IS CONSTANT.   IGNORED.
 **********
 **   34 **FIX           10
 **********
 **********
 **   35 **FIX           11
 **********
 **********
 **   36 **FIX           12
 **********
 PARAMETER   12  IS CONSTANT.   IGNORED.
 **********
 **   37 **FIX           13
 **********
 **********
 **   38 **FIX           14
 **********
 **********
 **   39 **FIX           15
 **********
 PARAMETER   15  IS CONSTANT.   IGNORED.
 **********
 **   40 **FIX           16
 **********
 **********
 **   41 **MIGRAD
 **********
 START MIGRAD MINIMIZATION.  STRATEGY  1.  CONVERGENCE WHEN EDM .LT. 1.00e-04
 FCN=3428.87 FROM MIGRAD    STATUS=INITIATE       24 CALLS        1493 TOTAL
                     EDM= unknown      STRATEGY= 1      NO ERROR MATRIX       
  EXT PARAMETER               CURRENT GUESS       STEP         FIRST   
  NO.   NAME      VALUE            ERROR          SIZE      DERIVATIVE 
   1  N0           3.10508e+06     fixed    
   2  tau          6.44027e+01   constant   
   3  A0           3.49320e-01     fixed    
   4  phi          4.13623e+00     fixed    
   5  R           -6.26367e+01   constant   
   6  alpha_CBO    2.68390e-03     fixed    
   7  w_CBO        2.32500e+00   constant   
   8  beta_CBO     0.00000e+00   1.00000e-03   1.00000e-03  -8.75060e+05
   9  alpha_2CBO   0.00000e+00   1.00000e-03   1.00000e-03  -1.22056e+05
  10  beta_2CBO    2.26869e-04     fixed    
  11  alpha_y      0.00000e+00     fixed    
  12  w_y          1.38860e+01   constant   
  13  beta_y      -1.28819e-03     fixed    
  14  alpha_vw     0.00000e+00     fixed    
  15  w_vw         1.43404e+01   constant   
  16  beta_vw      0.00000e+00     fixed    
  17  LM          -1.31878e-04   constant   
  18  zeta_y       0.00000e+00   constant   
  19  zeta_vw      0.00000e+00   constant   
  20  T_CBO        1.00000e+03   2.68248e+01  -7.16095e-04** at limit **
  21  alpha_A0     9.99998e-03   2.88840e-05   1.57411e-04  -6.21106e-01
  22  beta_A0     -8.80350e-03   6.44244e-04  -3.30676e-04  -1.83582e-02
  23  alpha_phi   -9.99998e-03   2.09910e-05  -1.93106e-04   8.65703e-01
  24  beta_phi    -9.99998e-03   6.27109e-05  -1.05681e-03   2.79490e-01
 MIGRAD MINIMIZATION HAS CONVERGED.
 FCN=750.093 FROM MIGRAD    STATUS=CONVERGED     238 CALLS        1707 TOTAL
                     EDM=6.18891e-09    STRATEGY= 1  ERROR MATRIX UNCERTAINTY   2.9 per cent
  EXT PARAMETER                                   STEP         FIRST   
  NO.   NAME      VALUE            ERROR          SIZE      DERIVATIVE 
   1  N0           3.10508e+06     fixed    
   2  tau          6.44027e+01   constant   
   3  A0           3.49320e-01     fixed    
   4  phi          4.13623e+00     fixed    
   5  R           -6.26367e+01   constant   
   6  alpha_CBO    2.68390e-03     fixed    
   7  w_CBO        2.32500e+00   constant   
   8  beta_CBO     6.08256e-03   1.17922e-04   1.27724e-07  -6.03096e-01
   9  alpha_2CBO   5.73579e-04   1.18358e-04   1.91588e-07  -3.75086e-01
  10  beta_2CBO    2.26869e-04     fixed    
  11  alpha_y      0.00000e+00     fixed    
  12  w_y          1.38860e+01   constant   
  13  beta_y      -1.28819e-03     fixed    
  14  alpha_vw     0.00000e+00     fixed    
  15  w_vw         1.43404e+01   constant   
  16  beta_vw      0.00000e+00     fixed    
  17  LM          -1.31878e-04   constant   
  18  zeta_y       0.00000e+00   constant   
  19  zeta_vw      0.00000e+00   constant   
  20  T_CBO        1.00000e+03   9.28932e+00  -1.06212e-05** at limit **
  21  alpha_A0     1.00000e-02   3.06876e-05  -4.17558e-05** at limit **
  22  beta_A0     -6.27628e-03   5.26153e-04   2.72174e-05   2.63571e-04
  23  alpha_phi   -1.00000e-02   1.64563e-05  -1.48007e-05** at limit **
  24  beta_phi    -7.38381e-03   4.12459e-04  -1.68695e-04  -1.31200e-03
 EXTERNAL ERROR MATRIX.    NDIM=  25    NPAR=  7    ERR DEF=1
  1.391e-08 -6.226e-10 -6.348e-10 -1.244e-16  3.233e-09  8.712e-17  7.945e-09 
 -6.226e-10  1.401e-08 -1.365e-09 -2.033e-16  1.628e-08  2.063e-16  2.541e-09 
 -6.348e-10 -1.365e-09  4.121e-06 -5.268e-16 -1.726e-09 -1.020e-15  5.978e-09 
 -1.244e-16 -2.033e-16 -5.268e-16  1.441e-19  3.299e-17  8.819e-23 -6.789e-16 
  3.233e-09  1.628e-08 -1.726e-09  3.299e-17  2.773e-07 -3.275e-16 -7.282e-09 
  8.712e-17  2.063e-16 -1.020e-15  8.819e-23 -3.275e-16  1.097e-19  6.301e-16 
  7.945e-09  2.541e-09  5.978e-09 -6.789e-16 -7.282e-09  6.301e-16  1.703e-07 
 PARAMETER  CORRELATION COEFFICIENTS  
       NO.  GLOBAL      8      9     20     21     22     23     24
        8  0.18711   1.000 -0.045 -0.003 -0.003  0.052  0.002  0.163
        9  0.27712  -0.045  1.000 -0.006 -0.005  0.261  0.005  0.052
       20  0.01041  -0.003 -0.006  1.000 -0.001 -0.002 -0.002  0.007
       21  0.00676  -0.003 -0.005 -0.001  1.000  0.000  0.001 -0.004
       22  0.27517   0.052  0.261 -0.002  0.000  1.000 -0.002 -0.034
       23  0.00797   0.002  0.005 -0.002  0.001 -0.002  1.000  0.005
       24  0.18397   0.163  0.052  0.007 -0.004 -0.034  0.005  1.000
MINUIT - FIT wiggle + 1-CBO + 2-CBO
 **********
 **   42 **RES 
 **********
                   PARAMETER   16  beta_vw RESTORED TO VARIABLE.
                   PARAMETER   14  alpha_vw RESTORED TO VARIABLE.
                   PARAMETER   13  beta_y RESTORED TO VARIABLE.
                   PARAMETER   11  alpha_y RESTORED TO VARIABLE.
                   PARAMETER   10  beta_2CBO RESTORED TO VARIABLE.
                   PARAMETER    6  alpha_CBO RESTORED TO VARIABLE.
                   PARAMETER    4  phi RESTORED TO VARIABLE.
                   PARAMETER    3  A0 RESTORED TO VARIABLE.
                   PARAMETER    1  N0 RESTORED TO VARIABLE.
 **********
 **   43 **FIX           10
 **********
 **********
 **   44 **FIX           11
 **********
 **********
 **   45 **FIX           12
 **********
 PARAMETER   12  IS CONSTANT.   IGNORED.
 **********
 **   46 **FIX           13
 **********
 **********
 **   47 **FIX           14
 **********
 **********
 **   48 **FIX           15
 **********
 PARAMETER   15  IS CONSTANT.   IGNORED.
 **********
 **   49 **FIX           16
 **********
 **********
 **   50 **MIGRAD
 **********
 START MIGRAD MINIMIZATION.  STRATEGY  1.  CONVERGENCE WHEN EDM .LT. 1.00e-04
 FCN=750.093 FROM MIGRAD    STATUS=INITIATE       36 CALLS        1743 TOTAL
                     EDM= unknown      STRATEGY= 1      NO ERROR MATRIX       
  EXT PARAMETER               CURRENT GUESS       STEP         FIRST   
  NO.   NAME      VALUE            ERROR          SIZE      DERIVATIVE 
   1  N0           3.10508e+06   2.96084e+02   2.96084e+02  -9.84346e-03
   2  tau          6.44027e+01   constant   
   3  A0           3.49320e-01   1.41815e-04   1.41815e-04   1.36130e+05
   4  phi          4.13623e+00   3.17871e-04   3.17871e-04   1.11745e+05
   5  R           -6.26367e+01   constant   
   6  alpha_CBO    2.68390e-03   1.20058e-04   1.20058e-04  -1.06924e+04
   7  w_CBO        2.32500e+00   constant   
   8  beta_CBO     6.08256e-03   1.17922e-04   1.27724e-07  -5.53996e-01
   9  alpha_2CBO   5.73579e-04   1.18358e-04   1.91588e-07  -1.58003e-01
  10  beta_2CBO    2.26869e-04     fixed    
  11  alpha_y      0.00000e+00     fixed    
  12  w_y          1.38860e+01   constant   
  13  beta_y      -1.28819e-03     fixed    
  14  alpha_vw     0.00000e+00     fixed    
  15  w_vw         1.43404e+01   constant   
  16  beta_vw      0.00000e+00     fixed    
  17  LM          -1.31878e-04   constant   
  18  zeta_y       0.00000e+00   constant   
  19  zeta_vw      0.00000e+00   constant   
  20  T_CBO        9.99999e+02   9.28932e+00  -1.06212e-05  -3.48800e-02
  21  alpha_A0     9.99998e-03   3.06876e-05  -4.17558e-05  -6.36038e-01
  22  beta_A0     -6.27628e-03   5.26153e-04   2.72174e-05  -1.23453e-05
  23  alpha_phi   -9.99998e-03   1.64563e-05  -1.48007e-05   1.18512e+00
  24  beta_phi    -7.38381e-03   4.12459e-04  -1.68695e-04  -1.30204e-03
 MIGRAD MINIMIZATION HAS CONVERGED.
 MIGRAD WILL VERIFY CONVERGENCE AND ERROR MATRIX.
 COVARIANCE MATRIX CALCULATED SUCCESSFULLY
 FCN=183.676 FROM MIGRAD    STATUS=CONVERGED    1552 CALLS        3259 TOTAL
                     EDM=6.38244e-05    STRATEGY= 1      ERROR MATRIX ACCURATE 
  EXT PARAMETER                                   STEP         FIRST   
  NO.   NAME      VALUE            ERROR          SIZE      DERIVATIVE 
   1  N0           3.09514e+06   4.09069e+02   1.65855e+00  -3.23088e-06
   2  tau          6.44027e+01   constant   
   3  A0           3.48347e-01   1.89817e-04   6.85780e-07   4.84944e+00
   4  phi          4.11271e+00   1.07342e-03   2.06684e-06   2.35786e+00
   5  R           -6.26367e+01   constant   
   6  alpha_CBO    1.66777e-03   1.78989e-04   7.43722e-07   4.25315e+00
   7  w_CBO        2.32500e+00   constant   
   8  beta_CBO     9.11393e-03   1.68870e-04   7.73509e-07   1.37817e+00
   9  alpha_2CBO  -3.06220e-04   1.47251e-04   7.58977e-07  -9.18718e+00
  10  beta_2CBO    2.26869e-04     fixed    
  11  alpha_y      0.00000e+00     fixed    
  12  w_y          1.38860e+01   constant   
  13  beta_y      -1.28819e-03     fixed    
  14  alpha_vw     0.00000e+00     fixed    
  15  w_vw         1.43404e+01   constant   
  16  beta_vw      0.00000e+00     fixed    
  17  LM          -1.31878e-04   constant   
  18  zeta_y       0.00000e+00   constant   
  19  zeta_vw      0.00000e+00   constant   
  20  T_CBO        9.99886e+02   8.65904e+02   2.83972e-02   2.37231e-03
  21  alpha_A0    -5.28027e-03   1.05362e-03   3.25377e-04  -5.62896e-03
  22  beta_A0      9.99999e-03   1.79194e-03   4.08215e-03   7.42375e-03
  23  alpha_phi    7.63821e-03   9.58546e-04   4.84339e-04  -1.49889e-02
  24  beta_phi     7.12305e-03   9.57576e-04   3.85377e-04  -1.20948e-02
 EXTERNAL ERROR MATRIX.    NDIM=  25    NPAR= 11    ERR DEF=1
  1.673e+05 
 -3.031e-02  3.603e-08 
  3.146e-01 -1.477e-07  1.152e-06 
  2.967e-02 -2.460e-08  1.313e-07  3.204e-08 
 -3.260e-02  1.568e-08 -1.282e-07 -1.421e-08  2.852e-08 
  2.694e-02 -1.071e-08  9.342e-08  9.178e-09 -1.116e-08  2.168e-08 
  6.843e+02  1.444e-04  8.501e-04 -2.756e-05 -1.028e-04  1.999e-05  2.063e+03 
  2.955e-01 -1.420e-07  1.021e-06  1.291e-07 -1.119e-07  9.071e-08  1.936e-05  1.116e-06 
  8.734e-05  2.145e-11  1.049e-10 -4.270e-12 -1.317e-11  2.632e-12  1.595e-09  8.687e-11  6.947e-11 
  2.974e-01 -7.891e-08  8.226e-07  7.166e-08 -8.695e-08  8.069e-08  4.096e-04  7.746e-07  1.848e-10  9.256e-07 
 -2.547e-01  1.342e-07 -9.129e-07 -1.132e-07  1.079e-07 -6.973e-08  5.130e-04 -8.034e-07 -4.932e-11 -6.588e-07  9.227e-07 
 PARAMETER  CORRELATION COEFFICIENTS  
       NO.  GLOBAL      1      3      4      6      8      9     20     21     22     23     24
        1  0.79117   1.000 -0.390  0.716  0.405 -0.472  0.447  0.037  0.684  0.026  0.756 -0.648
        3  0.83878  -0.390  1.000 -0.725 -0.724  0.489 -0.383  0.017 -0.708  0.014 -0.432  0.736
        4  0.95697   0.716 -0.725  1.000  0.684 -0.707  0.591  0.017  0.901  0.012  0.797 -0.885
        6  0.77967   0.405 -0.724  0.684  1.000 -0.470  0.348 -0.003  0.683 -0.003  0.416 -0.659
        8  0.72352  -0.472  0.489 -0.707 -0.470  1.000 -0.449 -0.013 -0.627 -0.009 -0.535  0.665
        9  0.62978   0.447 -0.383  0.591  0.348 -0.449  1.000  0.003  0.583  0.002  0.570 -0.493
       20  0.08708   0.037  0.017  0.017 -0.003 -0.013  0.003  1.000  0.000  0.000  0.009  0.012
       21  0.91902   0.684 -0.708  0.901  0.683 -0.627  0.583  0.000  1.000  0.010  0.762 -0.792
       22  0.04020   0.026  0.014  0.012 -0.003 -0.009  0.002  0.000  0.010  1.000  0.023 -0.006
       23  0.87198   0.756 -0.432  0.797  0.416 -0.535  0.570  0.009  0.762  0.023  1.000 -0.713
       24  0.90548  -0.648  0.736 -0.885 -0.659  0.665 -0.493  0.012 -0.792 -0.006 -0.713  1.000
MINUIT - FIT ONLY 1-y
 **********
 **   51 **RES 
 **********
                   PARAMETER   16  beta_vw RESTORED TO VARIABLE.
                   PARAMETER   14  alpha_vw RESTORED TO VARIABLE.
                   PARAMETER   13  beta_y RESTORED TO VARIABLE.
                   PARAMETER   11  alpha_y RESTORED TO VARIABLE.
                   PARAMETER   10  beta_2CBO RESTORED TO VARIABLE.
 **********
 **   52 **FIX            0
 **********
 PARAMETER    0  IS UNDEFINED. IGNORED.
 **********
 **   53 **FIX            1
 **********
 **********
 **   54 **FIX            2
 **********
 PARAMETER    2  IS CONSTANT.   IGNORED.
 **********
 **   55 **FIX            3
 **********
 **********
 **   56 **FIX            4
 **********
 **********
 **   57 **FIX            5
 **********
 PARAMETER    5  IS CONSTANT.   IGNORED.
 **********
 **   58 **FIX            6
 **********
 **********
 **   59 **FIX            7
 **********
 PARAMETER    7  IS CONSTANT.   IGNORED.
 **********
 **   60 **FIX            8
 **********
 **********
 **   61 **FIX            9
 **********
 **********
 **   62 **FIX           13
 **********
 **********
 **   63 **FIX           14
 **********
 **********
 **   64 **FIX           15
 **********
 PARAMETER   15  IS CONSTANT.   IGNORED.
 **********
 **   65 **FIX           16
 **********
 **********
 **   66 **MIGRAD
 **********
 START MIGRAD MINIMIZATION.  STRATEGY  1.  CONVERGENCE WHEN EDM .LT. 1.00e-04
 FCN=183.676 FROM MIGRAD    STATUS=INITIATE       16 CALLS        3275 TOTAL
                     EDM= unknown      STRATEGY= 1      NO ERROR MATRIX       
  EXT PARAMETER               CURRENT GUESS       STEP         FIRST   
  NO.   NAME      VALUE            ERROR          SIZE      DERIVATIVE 
   1  N0           3.09514e+06     fixed    
   2  tau          6.44027e+01   constant   
   3  A0           3.48347e-01     fixed    
   4  phi          4.11271e+00     fixed    
   5  R           -6.26367e+01   constant   
   6  alpha_CBO    1.66777e-03     fixed    
   7  w_CBO        2.32500e+00   constant   
   8  beta_CBO     9.11393e-03     fixed    
   9  alpha_2CBO  -3.06220e-04     fixed    
  10  beta_2CBO    2.26869e-04   1.16097e-04   1.16097e-04   3.88488e+04
  11  alpha_y      0.00000e+00   1.00000e-03   1.00000e-03  -1.16046e+05
  12  w_y          1.38860e+01   constant   
  13  beta_y      -1.28819e-03     fixed    
  14  alpha_vw     0.00000e+00     fixed    
  15  w_vw         1.43404e+01   constant   
  16  beta_vw      0.00000e+00     fixed    
  17  LM          -1.31878e-04   constant   
  18  zeta_y       0.00000e+00   constant   
  19  zeta_vw      0.00000e+00   constant   
  20  T_CBO        9.99886e+02   8.65904e+02   2.83972e-02  -2.37831e-03
  21  alpha_A0    -5.28027e-03   1.05362e-03   3.25377e-04  -5.60326e-03
  22  beta_A0      9.99999e-03   1.79194e-03   4.08215e-03  -7.43178e-03
  23  alpha_phi    7.63821e-03   9.58546e-04   4.84339e-04   1.49389e-02
  24  beta_phi     7.12305e-03   9.57576e-04   3.85377e-04  -1.21378e-02
 MIGRAD MINIMIZATION HAS CONVERGED.
 MIGRAD WILL VERIFY CONVERGENCE AND ERROR MATRIX.
 COVARIANCE MATRIX CALCULATED SUCCESSFULLY
 FCN=131.778 FROM MIGRAD    STATUS=CONVERGED     129 CALLS        3388 TOTAL
                     EDM=1.42097e-05    STRATEGY= 1      ERROR MATRIX ACCURATE 
  EXT PARAMETER                                   STEP         FIRST   
  NO.   NAME      VALUE            ERROR          SIZE      DERIVATIVE 
   1  N0           3.09514e+06     fixed    
   2  tau          6.44027e+01   constant   
   3  A0           3.48347e-01     fixed    
   4  phi          4.11271e+00     fixed    
   5  R           -6.26367e+01   constant   
   6  alpha_CBO    1.66777e-03     fixed    
   7  w_CBO        2.32500e+00   constant   
   8  beta_CBO     9.11393e-03     fixed    
   9  alpha_2CBO  -3.06220e-04     fixed    
  10  beta_2CBO   -8.19611e-05   1.20732e-04   6.42178e-07  -2.33600e+01
  11  alpha_y      7.91007e-04   1.16128e-04   6.52583e-07  -8.80218e+00
  12  w_y          1.38860e+01   constant   
  13  beta_y      -1.28819e-03     fixed    
  14  alpha_vw     0.00000e+00     fixed    
  15  w_vw         1.43404e+01   constant   
  16  beta_vw      0.00000e+00     fixed    
  17  LM          -1.31878e-04   constant   
  18  zeta_y       0.00000e+00   constant   
  19  zeta_vw      0.00000e+00   constant   
  20  T_CBO        1.00000e+03   8.47971e+02   4.55000e-02** at limit **
  21  alpha_A0    -5.02759e-03   4.36564e-04   2.71094e-04   4.74522e-02
  22  beta_A0      1.00000e-02   1.23351e-02   5.74381e-03** at limit **
  23  alpha_phi    7.77800e-03   4.90161e-04   4.21049e-04  -2.48069e-02
  24  beta_phi     7.36928e-03   4.35167e-04   3.39297e-04  -5.79448e-02
 EXTERNAL ERROR MATRIX.    NDIM=  25    NPAR=  7    ERR DEF=1
  1.458e-08 -4.388e-10 -7.536e-08 -8.866e-09 -2.507e-14 -6.045e-09 -1.508e-08 
 -4.388e-10  1.349e-08 -1.224e-08  1.375e-09 -3.961e-15  3.883e-10 -8.006e-10 
 -7.536e-08 -1.224e-08  8.924e-03 -1.459e-06 -1.752e-11  2.051e-06  2.793e-06 
 -8.866e-09  1.375e-09 -1.459e-06  1.908e-07  1.034e-13 -3.941e-08  2.939e-08 
 -2.507e-14 -3.961e-15 -1.752e-11  1.034e-13  2.585e-15 -2.849e-13  1.057e-13 
 -6.045e-09  3.883e-10  2.051e-06 -3.941e-08 -2.849e-13  2.407e-07  3.438e-08 
 -1.508e-08 -8.006e-10  2.793e-06  2.939e-08  1.057e-13  3.438e-08  1.896e-07 
 PARAMETER  CORRELATION COEFFICIENTS  
       NO.  GLOBAL     10     11     20     21     22     23     24
       10  0.32601   1.000 -0.031 -0.007 -0.168 -0.004 -0.102 -0.287
       11  0.04965  -0.031  1.000 -0.001  0.027 -0.001  0.007 -0.016
       20  0.08641  -0.007 -0.001  1.000 -0.035 -0.004  0.044  0.068
       21  0.30136  -0.168  0.027 -0.035  1.000  0.005 -0.184  0.155
       22  0.01418  -0.004 -0.001 -0.004  0.005  1.000 -0.011  0.005
       23  0.28098  -0.102  0.007  0.044 -0.184 -0.011  1.000  0.161
       24  0.35176  -0.287 -0.016  0.068  0.155  0.005  0.161  1.000
MINUIT - FIT ONLY 2-y
 **********
 **   67 **RES 
 **********
                   PARAMETER   16  beta_vw RESTORED TO VARIABLE.
                   PARAMETER   14  alpha_vw RESTORED TO VARIABLE.
                   PARAMETER   13  beta_y RESTORED TO VARIABLE.
                   PARAMETER    9  alpha_2CBO RESTORED TO VARIABLE.
                   PARAMETER    8  beta_CBO RESTORED TO VARIABLE.
                   PARAMETER    6  alpha_CBO RESTORED TO VARIABLE.
                   PARAMETER    4  phi RESTORED TO VARIABLE.
                   PARAMETER    3  A0 RESTORED TO VARIABLE.
                   PARAMETER    1  N0 RESTORED TO VARIABLE.
 **********
 **   68 **FIX            0
 **********
 PARAMETER    0  IS UNDEFINED. IGNORED.
 **********
 **   69 **FIX            1
 **********
 **********
 **   70 **FIX            2
 **********
 PARAMETER    2  IS CONSTANT.   IGNORED.
 **********
 **   71 **FIX            3
 **********
 **********
 **   72 **FIX            4
 **********
 **********
 **   73 **FIX            5
 **********
 PARAMETER    5  IS CONSTANT.   IGNORED.
 **********
 **   74 **FIX            6
 **********
 **********
 **   75 **FIX            7
 **********
 PARAMETER    7  IS CONSTANT.   IGNORED.
 **********
 **   76 **FIX            8
 **********
 **********
 **   77 **FIX            9
 **********
 **********
 **   78 **FIX           10
 **********
 **********
 **   79 **FIX           11
 **********
 **********
 **   80 **FIX           12
 **********
 PARAMETER   12  IS CONSTANT.   IGNORED.
 **********
 **   81 **FIX           16
 **********
 **********
 **   82 **MIGRAD
 **********
 START MIGRAD MINIMIZATION.  STRATEGY  1.  CONVERGENCE WHEN EDM .LT. 1.00e-04
 FCN=131.778 FROM MIGRAD    STATUS=INITIATE       16 CALLS        3404 TOTAL
                     EDM= unknown      STRATEGY= 1      NO ERROR MATRIX       
  EXT PARAMETER               CURRENT GUESS       STEP         FIRST   
  NO.   NAME      VALUE            ERROR          SIZE      DERIVATIVE 
   1  N0           3.09514e+06     fixed    
   2  tau          6.44027e+01   constant   
   3  A0           3.48347e-01     fixed    
   4  phi          4.11271e+00     fixed    
   5  R           -6.26367e+01   constant   
   6  alpha_CBO    1.66777e-03     fixed    
   7  w_CBO        2.32500e+00   constant   
   8  beta_CBO     9.11393e-03     fixed    
   9  alpha_2CBO  -3.06220e-04     fixed    
  10  beta_2CBO   -8.19611e-05     fixed    
  11  alpha_y      7.91007e-04     fixed    
  12  w_y          1.38860e+01   constant   
  13  beta_y      -1.28819e-03   1.12229e-04   1.12229e-04   2.15135e+04
  14  alpha_vw     0.00000e+00   1.00000e-03   1.00000e-03   1.10853e+05
  15  w_vw         1.43404e+01   constant   
  16  beta_vw      0.00000e+00     fixed    
  17  LM          -1.31878e-04   constant   
  18  zeta_y       0.00000e+00   constant   
  19  zeta_vw      0.00000e+00   constant   
  20  T_CBO        9.99999e+02   8.47971e+02   4.55000e-02  -5.85384e-05
  21  alpha_A0    -5.02759e-03   4.36564e-04   2.71094e-04   4.74658e-02
  22  beta_A0      9.99998e-03   1.23351e-02   5.74381e-03  -3.85453e-03
  23  alpha_phi    7.77800e-03   4.90161e-04   4.21049e-04  -2.46420e-02
  24  beta_phi     7.36928e-03   4.35167e-04   3.39297e-04  -5.81206e-02
 MIGRAD MINIMIZATION HAS CONVERGED.
 MIGRAD WILL VERIFY CONVERGENCE AND ERROR MATRIX.
 FCN=38.0806 FROM HESSE     STATUS=NOT POSDEF     50 CALLS        3598 TOTAL
                     EDM=0.000593682    STRATEGY= 1      ERR MATRIX NOT POS-DEF
  EXT PARAMETER                APPROXIMATE        STEP         FIRST   
  NO.   NAME      VALUE            ERROR          SIZE      DERIVATIVE 
   1  N0           3.09514e+06     fixed    
   2  tau          6.44027e+01   constant   
   3  A0           3.48347e-01     fixed    
   4  phi          4.11271e+00     fixed    
   5  R           -6.26367e+01   constant   
   6  alpha_CBO    1.66777e-03     fixed    
   7  w_CBO        2.32500e+00   constant   
   8  beta_CBO     9.11393e-03     fixed    
   9  alpha_2CBO  -3.06220e-04     fixed    
  10  beta_2CBO   -8.19611e-05     fixed    
  11  alpha_y      7.91007e-04     fixed    
  12  w_y          1.38860e+01   constant   
  13  beta_y       1.70397e-04   1.95645e-04   3.44022e-07  -1.36652e+01
  14  alpha_vw    -1.97398e-03   2.00215e-04   3.51332e-07  -1.52475e+01
  15  w_vw         1.43404e+01   constant   
  16  beta_vw      0.00000e+00     fixed    
  17  LM          -1.31878e-04   constant   
  18  zeta_y       0.00000e+00   constant   
  19  zeta_vw      0.00000e+00   constant   
