 + ++++++++++++++++++++++++++++++++++++++++++++++++++++++++++++++++++++ +
 +                                                                      +
 +           You have chose to blind your fitting according to          +
 +                omega_ref * (1 + (R +/- deltaR) *10^{-6})             +
 +                                                                      +
 + ++++++++++++++++++++++++++++++++++++++++++++++++++++++++++++++++++++ +
In main()...
reading format from /gm2data/zkhechad/run45/envelope/formats/formatB_sBin_constraintOn.txt
pBinTau 	= 0  
pBinPhi 	= 0  
constraintau 	= 1 
includeMopTerm 	= 0    
constrainMop    = 0   
Parameters after format file: pBinTau 0 pBinPhi 0 constraintau 1 includeMopTerm 0 constrainMop 0 c_e_scale 0.000000 
Opening file /gm2data/tbarrett/gm2fr/studies/run23_bunch_corrections/CorrectedFourier_Run3b.root.
reading full fit data from /gm2data/zkhechad/cboTemplates/Run4CBOTemplates/templateFits0_v2.0/noRF/sBin_constraintOn_cE0.0_seed0_noRF_calo8.root
windowBins = 17
fitting sliding window 216 from bin 352 at 52.369200 to bin 369 at 55.054800 (17 bins)

Reading data from /gm2data/cornell/histograms/aMethod/histogram_a_noRF.root
 **********
 **    1 **SET PRINTOUT            1
 **********
 **********
 **    2 **SET NOWARNINGS 
 **********
 PARAMETER DEFINITIONS:
    NO.   NAME         VALUE      STEP SIZE      LIMITS
     1 N0           2.93665e+06  1.00000e+02     no limits
     2 tau          6.43896e+01  constant
     3 A0           3.52922e-01  1.00000e-04     no limits
     4 phi          4.11506e+00  1.00000e-02     no limits
     5 R           -6.12649e+01  constant
     6 alpha_CBO    0.00000e+00  1.00000e-03     no limits
     7 w_CBO        2.32500e+00  constant
     8 beta_CBO     0.00000e+00  1.00000e-03     no limits
     9 alpha_2CBO   0.00000e+00  1.00000e-03     no limits
    10 beta_2CBO    0.00000e+00  1.00000e-03     no limits
    11 alpha_y      0.00000e+00  1.00000e-03     no limits
    12 w_y          1.44500e+01  constant
    13 beta_y       0.00000e+00  1.00000e-03     no limits
    14 alpha_vw     0.00000e+00  1.00000e-03     no limits
    15 w_vw         1.29000e+01  constant
    16 beta_vw      0.00000e+00  1.00000e-03     no limits
    17 LM          -3.89610e-04  constant
    18 zeta_y       0.00000e+00  constant
    19 zeta_vw      0.00000e+00  constant
    20 T_CBO        1.00000e+02  1.00000e+00    0.00000e+00  1.00000e+03
    21 alpha_A0     0.00000e+00  1.00000e-03     no limits
    22 beta_A0      0.00000e+00  1.00000e-03     no limits
    23 alpha_phi    0.00000e+00  1.00000e-03     no limits
    24 beta_phi     0.00000e+00  1.00000e-03     no limits
MINUIT - FIT ONLY WIGGLE
 **********
 **    3 **FIX            5
 **********
 PARAMETER    5  IS CONSTANT.   IGNORED.
 **********
 **    4 **FIX            6
 **********
 **********
 **    5 **FIX            7
 **********
 PARAMETER    7  IS CONSTANT.   IGNORED.
 **********
 **    6 **FIX            8
 **********
 **********
 **    7 **FIX            9
 **********
 **********
 **    8 **FIX           10
 **********
 **********
 **    9 **FIX           11
 **********
 **********
 **   10 **FIX           12
 **********
 PARAMETER   12  IS CONSTANT.   IGNORED.
 **********
 **   11 **FIX           13
 **********
 **********
 **   12 **FIX           14
 **********
 **********
 **   13 **FIX           15
 **********
 PARAMETER   15  IS CONSTANT.   IGNORED.
 **********
 **   14 **FIX           16
 **********
 **********
 **   15 **MIGRAD
 **********
 FIRST CALL TO USER FUNCTION AT NEW START POINT, WITH IFLAG=4.
 START MIGRAD MINIMIZATION.  STRATEGY  1.  CONVERGENCE WHEN EDM .LT. 1.00e-04
 FCN=2372.87 FROM MIGRAD    STATUS=INITIATE      429 CALLS         430 TOTAL
                     EDM= unknown      STRATEGY= 1      NO ERROR MATRIX       
  EXT PARAMETER               CURRENT GUESS       STEP         FIRST   
  NO.   NAME      VALUE            ERROR          SIZE      DERIVATIVE 
   1  N0           2.93665e+06   1.00000e+02   0.00000e+00  -1.35988e-02
   2  tau          6.43896e+01   constant   
   3  A0           3.52922e-01   1.00000e-04   0.00000e+00   3.85729e+04
   4  phi          4.11506e+00   1.00000e-02   0.00000e+00   1.32859e+05
   5  R           -6.12649e+01   constant   
   6  alpha_CBO    0.00000e+00     fixed    
   7  w_CBO        2.32500e+00   constant   
   8  beta_CBO     0.00000e+00     fixed    
   9  alpha_2CBO   0.00000e+00     fixed    
  10  beta_2CBO    0.00000e+00     fixed    
  11  alpha_y      0.00000e+00     fixed    
  12  w_y          1.44500e+01   constant   
  13  beta_y       0.00000e+00     fixed    
  14  alpha_vw     0.00000e+00     fixed    
  15  w_vw         1.29000e+01   constant   
  16  beta_vw      0.00000e+00     fixed    
  17  LM          -3.89610e-04   constant   
  18  zeta_y       0.00000e+00   constant   
  19  zeta_vw      0.00000e+00   constant   
  20  T_CBO        1.00000e+02   1.00000e+00   0.00000e+00   0.00000e+00
  21  alpha_A0     0.00000e+00   1.00000e-03   0.00000e+00   2.47006e+04
  22  beta_A0      0.00000e+00   1.00000e-03   0.00000e+00  -2.14478e+04
  23  alpha_phi    0.00000e+00   1.00000e-03   0.00000e+00   4.74139e+04
  24  beta_phi     0.00000e+00   1.00000e-03   0.00000e+00  -1.54769e+04
 MIGRAD MINIMIZATION HAS CONVERGED.
 MIGRAD WILL VERIFY CONVERGENCE AND ERROR MATRIX.
 FCN=297.433 FROM HESSE     STATUS=NOT POSDEF     61 CALLS        1139 TOTAL
                     EDM=5.67669e-05    STRATEGY= 1      ERR MATRIX NOT POS-DEF
  EXT PARAMETER                APPROXIMATE        STEP         FIRST   
  NO.   NAME      VALUE            ERROR          SIZE      DERIVATIVE 
   1  N0           2.91507e+06   3.51249e+03   3.30378e+00  -1.56754e-06
   2  tau          6.43896e+01   constant   
   3  A0           3.46379e-01   1.56166e-03   1.24944e-06   6.45146e+00
   4  phi          4.08699e+00   4.32549e-03   4.26113e-06  -2.09605e+00
   5  R           -6.12649e+01   constant   
   6  alpha_CBO    0.00000e+00     fixed    
   7  w_CBO        2.32500e+00   constant   
   8  beta_CBO     0.00000e+00     fixed    
   9  alpha_2CBO   0.00000e+00     fixed    
  10  beta_2CBO    0.00000e+00     fixed    
  11  alpha_y      0.00000e+00     fixed    
  12  w_y          1.44500e+01   constant   
  13  beta_y       0.00000e+00     fixed    
  14  alpha_vw     0.00000e+00     fixed    
  15  w_vw         1.29000e+01   constant   
  16  beta_vw      0.00000e+00     fixed    
  17  LM          -3.89610e-04   constant   
  18  zeta_y       0.00000e+00   constant   
  19  zeta_vw      0.00000e+00   constant   
  20  T_CBO        3.08945e+01   9.35060e+00   4.07307e-05  -9.44321e-02
  21  alpha_A0    -6.81015e-02   4.48580e-02   3.09821e-05  -9.75432e-02
  22  beta_A0     -5.01648e-02   3.56083e-02   3.90999e-05   2.59613e-01
  23  alpha_phi   -3.51837e-02   3.46951e-02   2.94932e-05  -8.58193e-01
  24  beta_phi    -2.47313e-02   3.90934e-02   2.80126e-05  -4.56449e-01
 CALL LIMIT EXCEEDED IN MIGRAD.
 MIGRAD TERMINATED WITHOUT CONVERGENCE.
 FCN=297.428 FROM MIGRAD    STATUS=CALL LIMIT   1331 CALLS        1332 TOTAL
                     EDM=0.000971875    STRATEGY= 1      ERR MATRIX NOT POS-DEF
  EXT PARAMETER                APPROXIMATE        STEP         FIRST   
  NO.   NAME      VALUE            ERROR          SIZE      DERIVATIVE 
   1  N0           2.91427e+06   7.89971e+03  -5.95113e+01   2.09293e-05
   2  tau          6.43896e+01   constant   
   3  A0           3.46610e-01   2.46426e-03   1.39306e-05  -7.95949e+01
   4  phi          4.08753e+00   6.81886e-03   5.60815e-05  -2.44403e+01
   5  R           -6.12649e+01   constant   
   6  alpha_CBO    0.00000e+00     fixed    
   7  w_CBO        2.32500e+00   constant   
   8  beta_CBO     0.00000e+00     fixed    
   9  alpha_2CBO   0.00000e+00     fixed    
  10  beta_2CBO    0.00000e+00     fixed    
  11  alpha_y      0.00000e+00     fixed    
  12  w_y          1.44500e+01   constant   
  13  beta_y       0.00000e+00     fixed    
  14  alpha_vw     0.00000e+00     fixed    
  15  w_vw         1.29000e+01   constant   
  16  beta_vw      0.00000e+00     fixed    
  17  LM          -3.89610e-04   constant   
  18  zeta_y       0.00000e+00   constant   
  19  zeta_vw      0.00000e+00   constant   
  20  T_CBO        3.32250e+01   1.92011e+01  -9.31912e-04  -1.67376e-01
  21  alpha_A0    -6.73612e-02   3.82163e-02  -2.29999e-05  -3.77045e+00
  22  beta_A0     -4.28771e-02   5.74161e-02   3.97598e-04   8.09965e+00
  23  alpha_phi   -3.01499e-02   4.55927e-02   1.63883e-04  -5.52430e+00
  24  beta_phi    -1.48938e-02   8.36264e-02   6.44483e-04   1.77955e+00
 EXTERNAL ERROR MATRIX.    NDIM=  25    NPAR=  8    ERR DEF=1
  6.241e+07 -1.659e+01 -4.394e+01  1.284e+05  1.471e+02 -3.616e+02 -2.360e+02 -6.458e+02 
 -1.659e+01  6.073e-06  7.740e-06 -2.997e-02 -3.875e-05  1.306e-04  1.011e-04  1.601e-04 
 -4.394e+01  7.740e-06  4.650e-05 -1.080e-01 -1.042e-04  1.704e-04  5.439e-05  5.143e-04 
  1.284e+05 -2.997e-02 -1.080e-01  3.701e+02 -4.478e-03 -8.554e-01 -5.010e-01 -1.464e+00 
  1.471e+02 -3.875e-05 -1.042e-04 -4.478e-03  1.460e-03 -1.232e-04 -5.451e-05 -1.285e-03 
 -3.616e+02  1.306e-04  1.704e-04 -8.554e-01 -1.232e-04  3.297e-03  2.498e-03  3.641e-03 
 -2.360e+02  1.011e-04  5.439e-05 -5.010e-01 -5.451e-05  2.498e-03  2.079e-03  2.170e-03 
 -6.458e+02  1.601e-04  5.143e-04 -1.464e+00 -1.285e-03  3.641e-03  2.170e-03  6.993e-03 
ERR MATRIX NOT POS-DEF
 PARAMETER  CORRELATION COEFFICIENTS  
       NO.  GLOBAL      1      3      4     20     21     22     23     24
        1  0.99888   1.000 -0.852 -0.816  0.845  0.487 -0.797 -0.655 -0.977
        3  0.99833  -0.852  1.000  0.461 -0.632 -0.411  0.923  0.900  0.777
        4  0.99765  -0.816  0.461  1.000 -0.823 -0.400  0.435  0.175  0.902
       20  0.99919   0.845 -0.632 -0.823  1.000 -0.006 -0.774 -0.571 -0.910
       21  0.99691   0.487 -0.411 -0.400 -0.006  1.000 -0.056 -0.031 -0.402
       22  0.99806  -0.797  0.923  0.435 -0.774 -0.056  1.000  0.954  0.758
       23  0.99781  -0.655  0.900  0.175 -0.571 -0.031  0.954  1.000  0.569
       24  0.99927  -0.977  0.777  0.902 -0.910 -0.402  0.758  0.569  1.000
 ERR MATRIX NOT POS-DEF
MINUIT - FIT ONLY 1-CBO + wiggle
 **********
 **   16 **RES 
 **********
                   PARAMETER   16  beta_vw RESTORED TO VARIABLE.
                   PARAMETER   14  alpha_vw RESTORED TO VARIABLE.
                   PARAMETER   13  beta_y RESTORED TO VARIABLE.
                   PARAMETER   11  alpha_y RESTORED TO VARIABLE.
                   PARAMETER   10  beta_2CBO RESTORED TO VARIABLE.
                   PARAMETER    9  alpha_2CBO RESTORED TO VARIABLE.
                   PARAMETER    8  beta_CBO RESTORED TO VARIABLE.
                   PARAMETER    6  alpha_CBO RESTORED TO VARIABLE.
 **********
 **   17 **FIX            8
 **********
 **********
 **   18 **FIX            9
 **********
 **********
 **   19 **FIX           11
 **********
 **********
 **   20 **FIX           12
 **********
 PARAMETER   12  IS CONSTANT.   IGNORED.
 **********
 **   21 **FIX           14
 **********
 **********
 **   22 **FIX           15
 **********
 PARAMETER   15  IS CONSTANT.   IGNORED.
 **********
 **   23 **FIX           16
 **********
 **********
 **   24 **MIGRAD
 **********
 START MIGRAD MINIMIZATION.  STRATEGY  1.  CONVERGENCE WHEN EDM .LT. 1.00e-04
 FCN=297.428 FROM MIGRAD    STATUS=INITIATE       28 CALLS        1360 TOTAL
                     EDM= unknown      STRATEGY= 1      NO ERROR MATRIX       
  EXT PARAMETER               CURRENT GUESS       STEP         FIRST   
  NO.   NAME      VALUE            ERROR          SIZE      DERIVATIVE 
   1  N0           2.91427e+06   7.89971e+03  -5.95113e+01   2.09292e-05
   2  tau          6.43896e+01   constant   
   3  A0           3.46610e-01   2.46426e-03   1.39306e-05  -7.95949e+01
   4  phi          4.08753e+00   6.81886e-03   5.60815e-05  -2.44403e+01
   5  R           -6.12649e+01   constant   
   6  alpha_CBO    0.00000e+00   1.00000e-03   1.00000e-03  -6.67950e+01
   7  w_CBO        2.32500e+00   constant   
   8  beta_CBO     0.00000e+00     fixed    
   9  alpha_2CBO   0.00000e+00     fixed    
  10  beta_2CBO    0.00000e+00   1.00000e-03   1.00000e-03  -3.65169e+03
  11  alpha_y      0.00000e+00     fixed    
  12  w_y          1.44500e+01   constant   
  13  beta_y       0.00000e+00   1.00000e-03   1.00000e-03  -1.42863e+05
  14  alpha_vw     0.00000e+00     fixed    
  15  w_vw         1.29000e+01   constant   
  16  beta_vw      0.00000e+00     fixed    
  17  LM          -3.89610e-04   constant   
  18  zeta_y       0.00000e+00   constant   
  19  zeta_vw      0.00000e+00   constant   
  20  T_CBO        3.32250e+01   1.92011e+01  -9.31912e-04   1.67377e-01
  21  alpha_A0    -6.73612e-02   3.82163e-02  -2.29999e-05  -3.77044e+00
  22  beta_A0     -4.28771e-02   5.74161e-02   3.97598e-04   8.09965e+00
  23  alpha_phi   -3.01499e-02   4.55927e-02   1.63883e-04  -5.52430e+00
  24  beta_phi    -1.48938e-02   8.36264e-02   6.44483e-04   1.77955e+00
 CALL LIMIT EXCEEDED IN MIGRAD.
 MIGRAD TERMINATED WITHOUT CONVERGENCE.
 FCN=98.1355 FROM MIGRAD    STATUS=CALL LIMIT   1909 CALLS        3241 TOTAL
                     EDM=0.00253814    STRATEGY= 1  ERROR MATRIX UNCERTAINTY  20.3 per cent
  EXT PARAMETER                APPROXIMATE        STEP         FIRST   
  NO.   NAME      VALUE            ERROR          SIZE      DERIVATIVE 
   1  N0           2.90737e+06   1.81147e+04  -1.07618e+02  -2.62743e-05
   2  tau          6.43896e+01   constant   
   3  A0           3.52621e-01   6.83841e-03   3.49693e-05  -1.26992e+02
   4  phi          4.08776e+00   9.35753e-03  -7.63389e-05   6.74851e+01
   5  R           -6.12649e+01   constant   
   6  alpha_CBO   -2.00925e-03   6.33825e-03  -5.28695e-05  -1.99302e+02
   7  w_CBO        2.32500e+00   constant   
   8  beta_CBO     0.00000e+00     fixed    
   9  alpha_2CBO   0.00000e+00     fixed    
  10  beta_2CBO    2.08668e-03   1.99478e-03   1.57083e-05   3.31344e+01
  11  alpha_y      0.00000e+00     fixed    
  12  w_y          1.44500e+01   constant   
  13  beta_y       2.73821e-03   2.00358e-04  -6.97524e-07  -2.28795e+01
  14  alpha_vw     0.00000e+00     fixed    
  15  w_vw         1.29000e+01   constant   
  16  beta_vw      0.00000e+00     fixed    
  17  LM          -3.89610e-04   constant   
  18  zeta_y       0.00000e+00   constant   
  19  zeta_vw      0.00000e+00   constant   
  20  T_CBO        2.55314e+01   2.76651e+00   1.33506e-04  -7.29274e+00
  21  alpha_A0    -2.30486e-01   2.34280e-01  -1.15638e-03   3.29508e+00
  22  beta_A0      1.09378e-01   1.59171e-01   6.27859e-04   5.78488e-01
  23  alpha_phi    2.15236e-02   9.77281e-02   2.01440e-05   5.13830e+00
  24  beta_phi     7.17071e-02   1.58330e-01   6.46610e-04   7.50562e-02
 EXTERNAL ERROR MATRIX.    NDIM=  25    NPAR= 11    ERR DEF=1
  3.281e+08 
 -1.226e+02  4.676e-05 
  1.596e+02 -5.785e-05  8.756e-05 
  1.051e+02 -3.857e-05  5.863e-05  4.017e-05 
 -2.834e+01  1.060e-05 -1.669e-05 -1.197e-05  3.979e-06 
  8.782e-01 -3.042e-07  4.849e-07  3.020e-07 -7.533e-08  4.014e-08 
  1.080e+04 -5.287e-03 -2.914e-03 -3.198e-03  1.889e-03 -5.695e-06  7.654e+00 
  4.212e+03 -1.598e-03  1.970e-03  1.298e-03 -3.476e-04  1.059e-05  2.034e-01  5.489e-02 
 -2.789e+03  1.079e-03 -1.255e-03 -8.348e-04  2.277e-04 -6.437e-06 -1.701e-01 -3.691e-02  2.534e-02 
 -1.403e+03  5.501e-04 -5.018e-04 -3.007e-04  5.711e-05 -3.015e-06 -2.059e-01 -1.940e-02  1.359e-02  9.551e-03 
 -2.793e+03  1.067e-03 -1.249e-03 -8.136e-04  2.097e-04 -6.865e-06 -1.853e-01 -3.682e-02  2.498e-02  1.399e-02  2.507e-02 
ERR MATRIX APPROXIMATE
 PARAMETER  CORRELATION COEFFICIENTS  
       NO.  GLOBAL      1      3      4      6     10     13     20     21     22     23     24
        1  0.99990   1.000 -0.990  0.942  0.916 -0.784  0.242  0.216  0.993 -0.967 -0.793 -0.974
        3  0.99990  -0.990  1.000 -0.904 -0.890  0.777 -0.222 -0.279 -0.997  0.991  0.823  0.986
        4  0.99946   0.942 -0.904  1.000  0.988 -0.894  0.259 -0.113  0.898 -0.843 -0.549 -0.843
        6  0.99982   0.916 -0.890  0.988  1.000 -0.947  0.238 -0.182  0.874 -0.827 -0.485 -0.811
       10  0.99540  -0.784  0.777 -0.894 -0.947  1.000 -0.188  0.342 -0.744  0.717  0.293  0.664
       13  0.33273   0.242 -0.222  0.259  0.238 -0.188  1.000 -0.010  0.226 -0.202 -0.154 -0.216
       20  0.99764   0.216 -0.279 -0.113 -0.182  0.342 -0.010  1.000  0.314 -0.386 -0.762 -0.423
       21  0.99995   0.993 -0.997  0.898  0.874 -0.744  0.226  0.314  1.000 -0.990 -0.847 -0.993
       22  0.99958  -0.967  0.991 -0.843 -0.827  0.717 -0.202 -0.386 -0.990  1.000  0.873  0.991
       23  0.99952  -0.793  0.823 -0.549 -0.485  0.293 -0.154 -0.762 -0.847  0.873  1.000  0.904
       24  0.99977  -0.974  0.986 -0.843 -0.811  0.664 -0.216 -0.423 -0.993  0.991  0.904  1.000
 ERR MATRIX APPROXIMATE
MINUIT - FIT ONLY 2-CBO
 **********
 **   25 **RES 
 **********
                   PARAMETER   16  beta_vw RESTORED TO VARIABLE.
                   PARAMETER   14  alpha_vw RESTORED TO VARIABLE.
                   PARAMETER   11  alpha_y RESTORED TO VARIABLE.
                   PARAMETER    9  alpha_2CBO RESTORED TO VARIABLE.
                   PARAMETER    8  beta_CBO RESTORED TO VARIABLE.
 **********
 **   26 **FIX            0
 **********
 PARAMETER    0  IS UNDEFINED. IGNORED.
 **********
 **   27 **FIX            1
 **********
 **********
 **   28 **FIX            2
 **********
 PARAMETER    2  IS CONSTANT.   IGNORED.
 **********
 **   29 **FIX            3
 **********
 **********
 **   30 **FIX            4
 **********
 **********
 **   31 **FIX            5
 **********
 PARAMETER    5  IS CONSTANT.   IGNORED.
 **********
 **   32 **FIX            6
 **********
 **********
 **   33 **FIX            7
 **********
 PARAMETER    7  IS CONSTANT.   IGNORED.
 **********
 **   34 **FIX           10
 **********
 **********
 **   35 **FIX           11
 **********
 **********
 **   36 **FIX           12
 **********
 PARAMETER   12  IS CONSTANT.   IGNORED.
 **********
 **   37 **FIX           13
 **********
 **********
 **   38 **FIX           14
 **********
 **********
 **   39 **FIX           15
 **********
 PARAMETER   15  IS CONSTANT.   IGNORED.
 **********
 **   40 **FIX           16
 **********
 **********
 **   41 **MIGRAD
 **********
 START MIGRAD MINIMIZATION.  STRATEGY  1.  CONVERGENCE WHEN EDM .LT. 1.00e-04
 FCN=98.1355 FROM MIGRAD    STATUS=INITIATE       18 CALLS        3259 TOTAL
                     EDM= unknown      STRATEGY= 1      NO ERROR MATRIX       
  EXT PARAMETER               CURRENT GUESS       STEP         FIRST   
  NO.   NAME      VALUE            ERROR          SIZE      DERIVATIVE 
   1  N0           2.90737e+06     fixed    
   2  tau          6.43896e+01   constant   
   3  A0           3.52621e-01     fixed    
   4  phi          4.08776e+00     fixed    
   5  R           -6.12649e+01   constant   
   6  alpha_CBO   -2.00925e-03     fixed    
   7  w_CBO        2.32500e+00   constant   
   8  beta_CBO     0.00000e+00   1.00000e-03   1.00000e-03  -1.57590e+02
   9  alpha_2CBO   0.00000e+00   1.00000e-03   1.00000e-03   1.18756e+03
  10  beta_2CBO    2.08668e-03     fixed    
  11  alpha_y      0.00000e+00     fixed    
  12  w_y          1.44500e+01   constant   
  13  beta_y       2.73821e-03     fixed    
  14  alpha_vw     0.00000e+00     fixed    
  15  w_vw         1.29000e+01   constant   
  16  beta_vw      0.00000e+00     fixed    
  17  LM          -3.89610e-04   constant   
  18  zeta_y       0.00000e+00   constant   
  19  zeta_vw      0.00000e+00   constant   
  20  T_CBO        2.55314e+01   2.76651e+00   1.33506e-04  -7.29275e+00
  21  alpha_A0    -2.30486e-01   2.34280e-01  -1.15638e-03   3.29508e+00
  22  beta_A0      1.09378e-01   1.59171e-01   6.27859e-04   5.78486e-01
  23  alpha_phi    2.15236e-02   9.77281e-02   2.01440e-05   5.13830e+00
  24  beta_phi     7.17071e-02   1.58330e-01   6.46610e-04   7.50563e-02
 MIGRAD MINIMIZATION HAS CONVERGED.
 MIGRAD WILL VERIFY CONVERGENCE AND ERROR MATRIX.
 FCN=97.8955 FROM MIGRAD    STATUS=CONVERGED     180 CALLS        3421 TOTAL
                     EDM=5.39185e-05    STRATEGY= 1      ERR MATRIX NOT POS-DEF
  EXT PARAMETER                APPROXIMATE        STEP         FIRST   
  NO.   NAME      VALUE            ERROR          SIZE      DERIVATIVE 
   1  N0           2.90737e+06     fixed    
   2  tau          6.43896e+01   constant   
   3  A0           3.52621e-01     fixed    
   4  phi          4.08776e+00     fixed    
   5  R           -6.12649e+01   constant   
   6  alpha_CBO   -2.00925e-03     fixed    
   7  w_CBO        2.32500e+00   constant   
   8  beta_CBO    -3.88955e-04   8.03977e-04   9.21121e-07  -1.08660e+00
   9  alpha_2CBO  -4.40481e-04   8.18077e-04   8.96565e-07  -2.54410e+00
  10  beta_2CBO    2.08668e-03     fixed    
  11  alpha_y      0.00000e+00     fixed    
  12  w_y          1.44500e+01   constant   
  13  beta_y       2.73821e-03     fixed    
  14  alpha_vw     0.00000e+00     fixed    
  15  w_vw         1.29000e+01   constant   
  16  beta_vw      0.00000e+00     fixed    
  17  LM          -3.89610e-04   constant   
  18  zeta_y       0.00000e+00   constant   
  19  zeta_vw      0.00000e+00   constant   
  20  T_CBO        2.55879e+01   3.11349e+00   6.67320e-06   1.34372e-01
  21  alpha_A0    -2.38065e-01   6.24485e-02   2.47842e-05   1.35483e-01
  22  beta_A0      1.00406e-01   3.16514e-02   3.10871e-05   1.10017e-02
  23  alpha_phi    2.42622e-02   9.29175e-03   2.40533e-05  -5.86046e-02
  24  beta_phi     6.16626e-02   2.50551e-02   2.29306e-05   3.48252e-02
 EXTERNAL ERROR MATRIX.    NDIM=  25    NPAR=  7    ERR DEF=1
  6.464e-07  5.891e-07 -7.341e-06  1.215e-05  1.471e-05 -3.473e-06  1.369e-05 
  5.891e-07  6.692e-07 -1.294e-04  1.046e-05  1.377e-05 -4.197e-06  1.538e-05 
 -7.341e-06 -1.294e-04  9.695e+00  1.871e-01 -7.762e-02 -1.599e-02 -5.174e-02 
  1.215e-05  1.046e-05  1.871e-01  3.900e-03 -1.220e-03 -3.823e-04 -7.092e-04 
  1.471e-05  1.377e-05 -7.762e-02 -1.220e-03  1.002e-03  6.302e-05  7.065e-04 
 -3.473e-06 -4.197e-06 -1.599e-02 -3.823e-04  6.302e-05  8.634e-05 -1.614e-05 
  1.369e-05  1.538e-05 -5.174e-02 -7.092e-04  7.065e-04 -1.614e-05  6.278e-04 
ERR MATRIX NOT POS-DEF
 PARAMETER  CORRELATION COEFFICIENTS  
       NO.  GLOBAL      8      9     20     21     22     23     24
        8  0.97184   1.000  0.896 -0.003  0.242  0.578 -0.465  0.680
        9  0.97427   0.896  1.000 -0.051  0.205  0.532 -0.552  0.750
       20  0.99757  -0.003 -0.051  1.000  0.962 -0.788 -0.553 -0.663
       21  0.99666   0.242  0.205  0.962  1.000 -0.617 -0.659 -0.453
       22  0.97939   0.578  0.532 -0.788 -0.617  1.000  0.214  0.891
       23  0.84649  -0.465 -0.552 -0.553 -0.659  0.214  1.000 -0.069
       24  0.98213   0.680  0.750 -0.663 -0.453  0.891 -0.069  1.000
 ERR MATRIX NOT POS-DEF
MINUIT - FIT wiggle + 1-CBO + 2-CBO
 **********
 **   42 **RES 
 **********
                   PARAMETER   16  beta_vw RESTORED TO VARIABLE.
                   PARAMETER   14  alpha_vw RESTORED TO VARIABLE.
                   PARAMETER   13  beta_y RESTORED TO VARIABLE.
                   PARAMETER   11  alpha_y RESTORED TO VARIABLE.
                   PARAMETER   10  beta_2CBO RESTORED TO VARIABLE.
                   PARAMETER    6  alpha_CBO RESTORED TO VARIABLE.
                   PARAMETER    4  phi RESTORED TO VARIABLE.
                   PARAMETER    3  A0 RESTORED TO VARIABLE.
                   PARAMETER    1  N0 RESTORED TO VARIABLE.
 **********
 **   43 **FIX           10
 **********
 **********
 **   44 **FIX           11
 **********
 **********
 **   45 **FIX           12
 **********
 PARAMETER   12  IS CONSTANT.   IGNORED.
 **********
 **   46 **FIX           13
 **********
 **********
 **   47 **FIX           14
 **********
 **********
 **   48 **FIX           15
 **********
 PARAMETER   15  IS CONSTANT.   IGNORED.
 **********
 **   49 **FIX           16
 **********
 **********
 **   50 **MIGRAD
 **********
 START MIGRAD MINIMIZATION.  STRATEGY  1.  CONVERGENCE WHEN EDM .LT. 1.00e-04
 FCN=97.8955 FROM MIGRAD    STATUS=INITIATE       22 CALLS        3443 TOTAL
                     EDM= unknown      STRATEGY= 1      NO ERROR MATRIX       
  EXT PARAMETER               CURRENT GUESS       STEP         FIRST   
  NO.   NAME      VALUE            ERROR          SIZE      DERIVATIVE 
   1  N0           2.90737e+06   1.81147e+04   1.81147e+04  -5.21971e-05
   2  tau          6.43896e+01   constant   
   3  A0           3.52621e-01   6.83841e-03   6.83841e-03  -2.13523e+00
   4  phi          4.08776e+00   9.35753e-03   9.35753e-03  -7.70529e+01
   5  R           -6.12649e+01   constant   
   6  alpha_CBO   -2.00925e-03   6.33825e-03   6.33825e-03   6.13256e+02
   7  w_CBO        2.32500e+00   constant   
   8  beta_CBO    -3.88955e-04   8.03977e-04   9.21121e-07  -1.08659e+00
   9  alpha_2CBO  -4.40481e-04   8.18077e-04   8.96565e-07  -2.54410e+00
  10  beta_2CBO    2.08668e-03     fixed    
  11  alpha_y      0.00000e+00     fixed    
  12  w_y          1.44500e+01   constant   
  13  beta_y       2.73821e-03     fixed    
  14  alpha_vw     0.00000e+00     fixed    
  15  w_vw         1.29000e+01   constant   
  16  beta_vw      0.00000e+00     fixed    
  17  LM          -3.89610e-04   constant   
  18  zeta_y       0.00000e+00   constant   
  19  zeta_vw      0.00000e+00   constant   
  20  T_CBO        2.55879e+01   3.11349e+00   6.67320e-06   1.34436e-01
  21  alpha_A0    -2.38065e-01   6.24485e-02   2.47842e-05   1.35472e-01
  22  beta_A0      1.00406e-01   3.16514e-02   3.10871e-05   1.10028e-02
  23  alpha_phi    2.42622e-02   9.29175e-03   2.40533e-05  -5.86043e-02
  24  beta_phi     6.16626e-02   2.50551e-02   2.29306e-05   3.48257e-02
 MIGRAD MINIMIZATION HAS CONVERGED.
 MIGRAD WILL VERIFY CONVERGENCE AND ERROR MATRIX.
 FCN=96.5265 FROM HESSE     STATUS=NOT POSDEF    100 CALLS        4212 TOTAL
                     EDM=0.000295201    STRATEGY= 1      ERR MATRIX NOT POS-DEF
  EXT PARAMETER                APPROXIMATE        STEP         FIRST   
  NO.   NAME      VALUE            ERROR          SIZE      DERIVATIVE 
   1  N0           2.96101e+06   4.95179e+03   1.91820e+00  -4.53096e-06
   2  tau          6.43896e+01   constant   
   3  A0           3.67089e-01   1.98815e-03   7.01497e-07   2.99215e+01
   4  phi          4.13697e+00   5.90539e-03   2.24346e-06  -6.98016e+00
   5  R           -6.12649e+01   constant   
   6  alpha_CBO    5.07785e-03   1.35144e-03   9.20304e-07   2.02925e+01
   7  w_CBO        2.32500e+00   constant   
   8  beta_CBO    -2.29596e-02   1.89574e-03   9.15060e-07   2.64288e+00
   9  alpha_2CBO  -4.69263e-03   1.03869e-03   8.88661e-07   9.55552e+00
  10  beta_2CBO    2.08668e-03     fixed    
  11  alpha_y      0.00000e+00     fixed    
  12  w_y          1.44500e+01   constant   
  13  beta_y       2.73821e-03     fixed    
  14  alpha_vw     0.00000e+00     fixed    
  15  w_vw         1.29000e+01   constant   
  16  beta_vw      0.00000e+00     fixed    
  17  LM          -3.89610e-04   constant   
  18  zeta_y       0.00000e+00   constant   
  19  zeta_vw      0.00000e+00   constant   
  20  T_CBO        2.43739e+01   3.06061e+00   7.41826e-06   2.98504e-01
  21  alpha_A0    -2.32904e-01   7.06606e-02   2.56263e-05   2.60936e-02
  22  beta_A0     -1.15224e-01   5.72341e-02   3.33179e-05  -1.65625e-01
  23  alpha_phi   -7.95228e-04   5.36929e-02   2.52202e-05  -4.18213e-01
  24  beta_phi    -8.66877e-02   5.89167e-02   2.31181e-05  -3.50222e-01
 CALL LIMIT EXCEEDED IN MIGRAD.
 MIGRAD TERMINATED WITHOUT CONVERGENCE.
 FCN=95.669 FROM MIGRAD    STATUS=CALL LIMIT   1918 CALLS        5339 TOTAL
                     EDM=0.183715    STRATEGY= 1      ERR MATRIX NOT POS-DEF
  EXT PARAMETER                APPROXIMATE        STEP         FIRST   
  NO.   NAME      VALUE            ERROR          SIZE      DERIVATIVE 
   1  N0           3.01745e+06   3.92669e+04   6.26880e+03  -3.63242e-04
   2  tau          6.43896e+01   constant   
   3  A0           3.62036e-01   8.53471e-03   1.11539e-03   2.42550e+03
   4  phi          4.10761e+00   8.62319e-03  -1.19816e-03   1.38310e+02
   5  R           -6.12649e+01   constant   
   6  alpha_CBO    2.00843e-03   1.71998e-03  -8.03966e-05   9.35910e+02
   7  w_CBO        2.32500e+00   constant   
   8  beta_CBO    -3.23628e-02   1.24432e-02  -1.94277e-03   1.44378e+03
   9  alpha_2CBO  -7.07717e-03   2.30955e-03  -3.58963e-04   1.91125e+03
  10  beta_2CBO    2.08668e-03     fixed    
  11  alpha_y      0.00000e+00     fixed    
  12  w_y          1.44500e+01   constant   
  13  beta_y       2.73821e-03     fixed    
  14  alpha_vw     0.00000e+00     fixed    
  15  w_vw         1.29000e+01   constant   
  16  beta_vw      0.00000e+00     fixed    
  17  LM          -3.89610e-04   constant   
  18  zeta_y       0.00000e+00   constant   
  19  zeta_vw      0.00000e+00   constant   
  20  T_CBO        2.53701e+01   2.60009e-01  -1.64997e-04   9.71313e+02
  21  alpha_A0     3.47227e-01   2.50689e-01   3.95381e-02  -3.41217e+01
  22  beta_A0     -2.16208e-01   7.62414e-02   2.86745e-03  -2.47527e+01
  23  alpha_phi    3.89006e-03   1.47814e-01   1.90596e-02  -3.20226e+01
  24  beta_phi    -7.50054e-01   3.08600e-01  -5.05786e-02  -1.08467e+02
 EXTERNAL ERROR MATRIX.    NDIM=  25    NPAR= 11    ERR DEF=1
  1.542e+09 
  2.780e+02  7.284e-05 
 -2.364e+02 -5.166e-05  7.436e-05 
 -1.015e+01 -4.689e-06  1.093e-05  2.958e-06 
 -4.743e+02 -9.862e-05  8.105e-05  5.980e-06  1.548e-04 
 -7.726e+01 -1.666e-05  1.599e-05  1.808e-06  2.647e-05  5.334e-06 
 -9.052e+03 -1.625e-03  1.001e-03 -3.711e-06  2.794e-03  4.525e-04  6.760e-02 
  9.639e+03  1.531e-03 -1.409e-03 -2.647e-05 -2.821e-03 -4.377e-04 -5.508e-02  6.285e-02 
  5.949e+02  4.293e-04 -2.339e-04 -2.909e-05 -3.393e-04 -4.817e-05 -1.543e-03  1.598e-03  5.813e-03 
  4.414e+03  1.237e-03 -9.482e-04 -9.354e-05 -1.612e-03 -2.805e-04 -2.415e-02  2.391e-02  8.409e-03  2.185e-02 
 -1.196e+04 -2.046e-03  2.014e-03  1.223e-04  3.655e-03  6.239e-04  6.885e-02 -7.544e-02 -2.679e-03 -3.269e-02  9.523e-02 
ERR MATRIX NOT POS-DEF
 PARAMETER  CORRELATION COEFFICIENTS  
       NO.  GLOBAL      1      3      4      6      8      9     20     21     22     23     24
        1  0.99999   1.000  0.829 -0.698 -0.150 -0.971 -0.852 -0.887  0.979  0.199  0.761 -0.987
        3  0.99999   0.829  1.000 -0.702 -0.319 -0.929 -0.845 -0.732  0.716  0.660  0.981 -0.777
        4  0.99947  -0.698 -0.702  1.000  0.737  0.755  0.803  0.447 -0.652 -0.356 -0.744  0.757
        6  0.99857  -0.150 -0.319  0.737  1.000  0.279  0.455 -0.008 -0.061 -0.222 -0.368  0.230
        8  0.99997  -0.971 -0.929  0.755  0.279  1.000  0.921  0.863 -0.904 -0.358 -0.877  0.952
        9  0.99915  -0.852 -0.845  0.803  0.455  0.921  1.000  0.754 -0.756 -0.274 -0.822  0.875
       20  0.99416  -0.887 -0.732  0.447 -0.008  0.863  0.754  1.000 -0.845 -0.078 -0.628  0.858
       21  0.99995   0.979  0.716 -0.652 -0.061 -0.904 -0.756 -0.845  1.000  0.084  0.645 -0.975
       22  0.99877   0.199  0.660 -0.356 -0.222 -0.358 -0.274 -0.078  0.084  1.000  0.746 -0.114
       23  0.99991   0.761  0.981 -0.744 -0.368 -0.877 -0.822 -0.628  0.645  0.746  1.000 -0.717
       24  0.99999  -0.987 -0.777  0.757  0.230  0.952  0.875  0.858 -0.975 -0.114 -0.717  1.000
 ERR MATRIX NOT POS-DEF
MINUIT - FIT ONLY 1-y
 **********
 **   51 **RES 
 **********
                   PARAMETER   16  beta_vw RESTORED TO VARIABLE.
                   PARAMETER   14  alpha_vw RESTORED TO VARIABLE.
                   PARAMETER   13  beta_y RESTORED TO VARIABLE.
                   PARAMETER   11  alpha_y RESTORED TO VARIABLE.
                   PARAMETER   10  beta_2CBO RESTORED TO VARIABLE.
 **********
 **   52 **FIX            0
 **********
 PARAMETER    0  IS UNDEFINED. IGNORED.
 **********
 **   53 **FIX            1
 **********
 **********
 **   54 **FIX            2
 **********
 PARAMETER    2  IS CONSTANT.   IGNORED.
 **********
 **   55 **FIX            3
 **********
 **********
 **   56 **FIX            4
 **********
 **********
 **   57 **FIX            5
 **********
 PARAMETER    5  IS CONSTANT.   IGNORED.
 **********
 **   58 **FIX            6
 **********
 **********
 **   59 **FIX            7
 **********
 PARAMETER    7  IS CONSTANT.   IGNORED.
 **********
 **   60 **FIX            8
 **********
 **********
 **   61 **FIX            9
 **********
 **********
 **   62 **FIX           13
 **********
 **********
 **   63 **FIX           14
 **********
 **********
 **   64 **FIX           15
 **********
 PARAMETER   15  IS CONSTANT.   IGNORED.
 **********
 **   65 **FIX           16
 **********
 **********
 **   66 **MIGRAD
 **********
 START MIGRAD MINIMIZATION.  STRATEGY  1.  CONVERGENCE WHEN EDM .LT. 1.00e-04
 FCN=95.669 FROM MIGRAD    STATUS=INITIATE       16 CALLS        5355 TOTAL
                     EDM= unknown      STRATEGY= 1      NO ERROR MATRIX       
  EXT PARAMETER               CURRENT GUESS       STEP         FIRST   
  NO.   NAME      VALUE            ERROR          SIZE      DERIVATIVE 
   1  N0           3.01745e+06     fixed    
   2  tau          6.43896e+01   constant   
   3  A0           3.62036e-01     fixed    
   4  phi          4.10761e+00     fixed    
   5  R           -6.12649e+01   constant   
   6  alpha_CBO    2.00843e-03     fixed    
   7  w_CBO        2.32500e+00   constant   
   8  beta_CBO    -3.23628e-02     fixed    
   9  alpha_2CBO  -7.07717e-03     fixed    
  10  beta_2CBO    2.08668e-03   1.99478e-03   1.99478e-03  -1.05623e+03
  11  alpha_y      0.00000e+00   1.00000e-03   1.00000e-03  -8.52368e+04
  12  w_y          1.44500e+01   constant   
  13  beta_y       2.73821e-03     fixed    
  14  alpha_vw     0.00000e+00     fixed    
  15  w_vw         1.29000e+01   constant   
  16  beta_vw      0.00000e+00     fixed    
  17  LM          -3.89610e-04   constant   
  18  zeta_y       0.00000e+00   constant   
  19  zeta_vw      0.00000e+00   constant   
  20  T_CBO        2.53701e+01   2.60009e-01  -1.64997e-04   9.71312e+02
  21  alpha_A0     3.47227e-01   2.50689e-01   3.95381e-02  -3.41218e+01
  22  beta_A0     -2.16208e-01   7.62414e-02   2.86745e-03  -2.47527e+01
  23  alpha_phi    3.89006e-03   1.47814e-01   1.90596e-02  -3.20226e+01
  24  beta_phi    -7.50054e-01   3.08600e-01  -5.05786e-02  -1.08467e+02
 MIGRAD MINIMIZATION HAS CONVERGED.
 MIGRAD WILL VERIFY CONVERGENCE AND ERROR MATRIX.
 FCN=26.624 FROM HESSE     STATUS=NOT POSDEF     50 CALLS        5500 TOTAL
                     EDM=0.00120772    STRATEGY= 1      ERR MATRIX NOT POS-DEF
  EXT PARAMETER                APPROXIMATE        STEP         FIRST   
  NO.   NAME      VALUE            ERROR          SIZE      DERIVATIVE 
   1  N0           3.01745e+06     fixed    
   2  tau          6.43896e+01   constant   
   3  A0           3.62036e-01     fixed    
   4  phi          4.10761e+00     fixed    
   5  R           -6.12649e+01   constant   
   6  alpha_CBO    2.00843e-03     fixed    
   7  w_CBO        2.32500e+00   constant   
   8  beta_CBO    -3.23628e-02     fixed    
   9  alpha_2CBO  -7.07717e-03     fixed    
  10  beta_2CBO    2.66301e-03   3.41895e-04   5.05115e-07  -2.66912e+00
  11  alpha_y      1.61796e-03   1.94536e-04   4.86436e-07  -5.33199e+00
  12  w_y          1.44500e+01   constant   
  13  beta_y       2.73821e-03     fixed    
  14  alpha_vw     0.00000e+00     fixed    
  15  w_vw         1.29000e+01   constant   
  16  beta_vw      0.00000e+00     fixed    
  17  LM          -3.89610e-04   constant   
  18  zeta_y       0.00000e+00   constant   
  19  zeta_vw      0.00000e+00   constant   
  20  T_CBO        2.54015e+01   8.84970e-01   9.52551e-07   1.13570e+01
  21  alpha_A0     3.45118e-01   2.61257e-02   1.30680e-05  -3.71881e-02
  22  beta_A0     -1.96755e-01   1.71627e-02   1.62749e-05  -7.98836e-02
  23  alpha_phi    3.28134e-03   5.29135e-03   1.17090e-05  -1.30500e-01
  24  beta_phi    -7.55933e-01   5.58111e-02   1.10409e-05   1.01122e-01
 CALL LIMIT EXCEEDED IN MIGRAD.
 MIGRAD TERMINATED WITHOUT CONVERGENCE.
 FCN=26.0412 FROM MIGRAD    STATUS=CALL LIMIT   1146 CALLS        6485 TOTAL
                     EDM=0.00806689    STRATEGY= 1      ERR MATRIX NOT POS-DEF
  EXT PARAMETER                APPROXIMATE        STEP         FIRST   
  NO.   NAME      VALUE            ERROR          SIZE      DERIVATIVE 
   1  N0           3.01745e+06     fixed    
   2  tau          6.43896e+01   constant   
   3  A0           3.62036e-01     fixed    
   4  phi          4.10761e+00     fixed    
   5  R           -6.12649e+01   constant   
   6  alpha_CBO    2.00843e-03     fixed    
   7  w_CBO        2.32500e+00   constant   
   8  beta_CBO    -3.23628e-02     fixed    
   9  alpha_2CBO  -7.07717e-03     fixed    
  10  beta_2CBO    2.83918e-03   3.14997e-04   1.97631e-06   1.96371e+02
  11  alpha_y      1.63092e-03   1.89153e-04   4.86732e-06   3.80829e+02
  12  w_y          1.44500e+01   constant   
  13  beta_y       2.73821e-03     fixed    
  14  alpha_vw     0.00000e+00     fixed    
  15  w_vw         1.29000e+01   constant   
  16  beta_vw      0.00000e+00     fixed    
  17  LM          -3.89610e-04   constant   
  18  zeta_y       0.00000e+00   constant   
  19  zeta_vw      0.00000e+00   constant   
  20  T_CBO        1.92239e+01   1.28137e+00   2.88413e-05  -6.18974e+01
  21  alpha_A0     6.84437e-01   1.27905e-01  -2.92937e-04   1.39138e+00
  22  beta_A0     -3.71317e-01   6.84109e-02   1.39811e-04  -5.46628e+00
  23  alpha_phi    1.20651e-02   7.13167e-03  -8.55307e-05   4.85393e+00
  24  beta_phi    -1.49166e+00   2.76667e-01   2.45009e-04   4.60994e+00
 EXTERNAL ERROR MATRIX.    NDIM=  25    NPAR=  7    ERR DEF=1
  9.922e-08  1.255e-08 -3.123e-05  3.124e-06  1.195e-06 -5.147e-07 -7.951e-06 
  1.255e-08  3.578e-08 -5.922e-05  5.904e-06 -2.537e-06  1.325e-07 -1.313e-05 
 -3.123e-05 -5.922e-05  1.642e+00 -1.635e-01  8.598e-02 -5.107e-03  3.543e-01 
  3.124e-06  5.904e-06 -1.635e-01  1.636e-02 -8.516e-03  5.318e-04 -3.529e-02 
  1.195e-06 -2.537e-06  8.598e-02 -8.516e-03  4.680e-03 -2.647e-04  1.851e-02 
 -5.147e-07  1.325e-07 -5.107e-03  5.318e-04 -2.647e-04  5.086e-05 -1.096e-03 
 -7.951e-06 -1.313e-05  3.543e-01 -3.529e-02  1.851e-02 -1.096e-03  7.654e-02 
ERR MATRIX NOT POS-DEF
 PARAMETER  CORRELATION COEFFICIENTS  
       NO.  GLOBAL     10     11     20     21     22     23     24
       10  0.79296   1.000  0.211 -0.077  0.078  0.055 -0.229 -0.091
       11  0.37032   0.211  1.000 -0.244  0.244 -0.196  0.098 -0.251
       20  0.99968  -0.077 -0.244  1.000 -0.997  0.981 -0.559  0.999
       21  0.99838   0.078  0.244 -0.997  1.000 -0.973  0.583 -0.997
       22  0.99270   0.055 -0.196  0.981 -0.973  1.000 -0.543  0.978
       23  0.73104  -0.229  0.098 -0.559  0.583 -0.543  1.000 -0.555
       24  0.99959  -0.091 -0.251  0.999 -0.997  0.978 -0.555  1.000
 ERR MATRIX NOT POS-DEF
MINUIT - FIT ONLY 2-y
 **********
 **   67 **RES 
 **********
                   PARAMETER   16  beta_vw RESTORED TO VARIABLE.
                   PARAMETER   14  alpha_vw RESTORED TO VARIABLE.
                   PARAMETER   13  beta_y RESTORED TO VARIABLE.
                   PARAMETER    9  alpha_2CBO RESTORED TO VARIABLE.
                   PARAMETER    8  beta_CBO RESTORED TO VARIABLE.
                   PARAMETER    6  alpha_CBO RESTORED TO VARIABLE.
                   PARAMETER    4  phi RESTORED TO VARIABLE.
                   PARAMETER    3  A0 RESTORED TO VARIABLE.
                   PARAMETER    1  N0 RESTORED TO VARIABLE.
 **********
 **   68 **FIX            0
 **********
 PARAMETER    0  IS UNDEFINED. IGNORED.
 **********
 **   69 **FIX            1
 **********
 **********
 **   70 **FIX            2
 **********
 PARAMETER    2  IS CONSTANT.   IGNORED.
 **********
 **   71 **FIX            3
 **********
 **********
 **   72 **FIX            4
 **********
 **********
 **   73 **FIX            5
