 + ++++++++++++++++++++++++++++++++++++++++++++++++++++++++++++++++++++ +
 +                                                                      +
 +           You have chose to blind your fitting according to          +
 +                omega_ref * (1 + (R +/- deltaR) *10^{-6})             +
 +                                                                      +
 + ++++++++++++++++++++++++++++++++++++++++++++++++++++++++++++++++++++ +
In main()...
reading format from /gm2data/zkhechad/run45/envelope/formats/formatB_sBin_constraintOn.txt
pBinTau 	= 0  
pBinPhi 	= 0  
constraintau 	= 1 
includeMopTerm 	= 0    
constrainMop    = 0   
Parameters after format file: pBinTau 0 pBinPhi 0 constraintau 1 includeMopTerm 0 constrainMop 0 c_e_scale 0.000000 
Opening file /gm2data/tbarrett/gm2fr/studies/run23_bunch_corrections/CorrectedFourier_Run3b.root.
reading full fit data from /gm2data/zkhechad/cboTemplates/Run4CBOTemplates/fullFits/noRF/sBin_constraintOn_cE0.0_seed0_noRF_calo9.root
windowBins = 69
fitting sliding window 1400 from bin 1536 at 229.022000 to bin 1605 at 239.466000 (69 bins)

Reading data from /gm2data/cornell/histograms/aMethod/histogram_a_noRF.root
 **********
 **    1 **SET PRINTOUT            1
 **********
 **********
 **    2 **SET NOWARNINGS 
 **********
 PARAMETER DEFINITIONS:
    NO.   NAME         VALUE      STEP SIZE      LIMITS
     1 N0           2.88206e+06  1.00000e+02     no limits
     2 tau          6.44106e+01  constant
     3 A0           3.51420e-01  1.00000e-04     no limits
     4 phi          4.11705e+00  1.00000e-02     no limits
     5 R           -5.98157e+01  constant
     6 alpha_CBO    0.00000e+00  1.00000e-03     no limits
     7 w_CBO        2.32500e+00  constant
     8 beta_CBO     0.00000e+00  1.00000e-03     no limits
     9 alpha_2CBO   0.00000e+00  1.00000e-03     no limits
    10 beta_2CBO    0.00000e+00  1.00000e-03     no limits
    11 alpha_y      0.00000e+00  1.00000e-03     no limits
    12 w_y          1.38860e+01  constant
    13 beta_y       0.00000e+00  1.00000e-03     no limits
    14 alpha_vw     0.00000e+00  1.00000e-03     no limits
    15 w_vw         1.43404e+01  constant
    16 beta_vw      0.00000e+00  1.00000e-03     no limits
    17 LM           1.60296e-04  constant
    18 zeta_y       0.00000e+00  constant
    19 zeta_vw      0.00000e+00  constant
    20 T_CBO        1.00000e+02  1.00000e+00    0.00000e+00  1.00000e+03
    21 alpha_A0     0.00000e+00  1.00000e-04   -1.00000e-02  1.00000e-02
    22 beta_A0      0.00000e+00  1.00000e-04   -1.00000e-02  1.00000e-02
    23 alpha_phi    0.00000e+00  1.00000e-04   -1.00000e-02  1.00000e-02
    24 beta_phi     0.00000e+00  1.00000e-04   -1.00000e-02  1.00000e-02
MINUIT - FIT ONLY WIGGLE
 **********
 **    3 **FIX            5
 **********
 PARAMETER    5  IS CONSTANT.   IGNORED.
 **********
 **    4 **FIX            6
 **********
 **********
 **    5 **FIX            7
 **********
 PARAMETER    7  IS CONSTANT.   IGNORED.
 **********
 **    6 **FIX            8
 **********
 **********
 **    7 **FIX            9
 **********
 **********
 **    8 **FIX           10
 **********
 **********
 **    9 **FIX           11
 **********
 **********
 **   10 **FIX           12
 **********
 PARAMETER   12  IS CONSTANT.   IGNORED.
 **********
 **   11 **FIX           13
 **********
 **********
 **   12 **FIX           14
 **********
 **********
 **   13 **FIX           15
 **********
 PARAMETER   15  IS CONSTANT.   IGNORED.
 **********
 **   14 **FIX           16
 **********
 **********
 **   15 **MIGRAD
 **********
 FIRST CALL TO USER FUNCTION AT NEW START POINT, WITH IFLAG=4.
 START MIGRAD MINIMIZATION.  STRATEGY  1.  CONVERGENCE WHEN EDM .LT. 1.00e-04
 FCN=138.436 FROM MIGRAD    STATUS=INITIATE      437 CALLS         438 TOTAL
                     EDM= unknown      STRATEGY= 1      NO ERROR MATRIX       
  EXT PARAMETER               CURRENT GUESS       STEP         FIRST   
  NO.   NAME      VALUE            ERROR          SIZE      DERIVATIVE 
   1  N0           2.88206e+06   1.00000e+02   0.00000e+00   1.54529e-03
   2  tau          6.44106e+01   constant   
   3  A0           3.51420e-01   1.00000e-04   0.00000e+00  -2.10812e+03
   4  phi          4.11705e+00   1.00000e-02   0.00000e+00   2.02600e+03
   5  R           -5.98157e+01   constant   
   6  alpha_CBO    0.00000e+00     fixed    
   7  w_CBO        2.32500e+00   constant   
   8  beta_CBO     0.00000e+00     fixed    
   9  alpha_2CBO   0.00000e+00     fixed    
  10  beta_2CBO    0.00000e+00     fixed    
  11  alpha_y      0.00000e+00     fixed    
  12  w_y          1.38860e+01   constant   
  13  beta_y       0.00000e+00     fixed    
  14  alpha_vw     0.00000e+00     fixed    
  15  w_vw         1.43404e+01   constant   
  16  beta_vw      0.00000e+00     fixed    
  17  LM           1.60296e-04   constant   
  18  zeta_y       0.00000e+00   constant   
  19  zeta_vw      0.00000e+00   constant   
  20  T_CBO        1.00000e+02   1.00000e+00   0.00000e+00   0.00000e+00
  21  alpha_A0     0.00000e+00   1.00000e-04   0.00000e+00  -3.03440e+00
  22  beta_A0      0.00000e+00   1.00000e-04   0.00000e+00  -1.52999e-01
  23  alpha_phi    0.00000e+00   1.00000e-04   0.00000e+00  -2.53268e+00
  24  beta_phi     0.00000e+00   1.00000e-04   0.00000e+00   1.56040e+00
 MIGRAD MINIMIZATION HAS CONVERGED.
 FCN=126.19 FROM MIGRAD    STATUS=CONVERGED     722 CALLS         723 TOTAL
                     EDM=2.25168e-06    STRATEGY= 1  ERROR MATRIX UNCERTAINTY   1.0 per cent
  EXT PARAMETER                                   STEP         FIRST   
  NO.   NAME      VALUE            ERROR          SIZE      DERIVATIVE 
   1  N0           2.88201e+06   7.92969e+02  -6.56899e-02   1.13987e-06
   2  tau          6.44106e+01   constant   
   3  A0           3.51432e-01   3.69274e-04   5.82256e-07  -3.21847e+00
   4  phi          4.11545e+00   1.08712e-03   6.33871e-07   1.73322e-01
   5  R           -5.98157e+01   constant   
   6  alpha_CBO    0.00000e+00     fixed    
   7  w_CBO        2.32500e+00   constant   
   8  beta_CBO     0.00000e+00     fixed    
   9  alpha_2CBO   0.00000e+00     fixed    
  10  beta_2CBO    0.00000e+00     fixed    
  11  alpha_y      0.00000e+00     fixed    
  12  w_y          1.38860e+01   constant   
  13  beta_y       0.00000e+00     fixed    
  14  alpha_vw     0.00000e+00     fixed    
  15  w_vw         1.43404e+01   constant   
  16  beta_vw      0.00000e+00     fixed    
  17  LM           1.60296e-04   constant   
  18  zeta_y       0.00000e+00   constant   
  19  zeta_vw      0.00000e+00   constant   
  20  T_CBO        2.42285e+02   1.03715e+02   3.79461e-04  -1.02579e-02
  21  alpha_A0     9.99139e-03   2.38601e-03  -1.09408e-04   1.35932e-03
  22  beta_A0      7.53342e-04   3.96934e-03  -1.41772e-03  -4.11601e-03
  23  alpha_phi    6.52934e-03   4.69664e-03  -2.96450e-04  -1.67882e-03
  24  beta_phi    -4.18044e-03   3.99797e-03  -2.80097e-04   1.07660e-03
 EXTERNAL ERROR MATRIX.    NDIM=  25    NPAR=  8    ERR DEF=1
  6.288e+05 -3.111e-02 -1.081e-02  2.549e+04 -5.158e-02 -4.064e-01 -1.116e+00 -1.992e-01 
 -3.111e-02  1.364e-07  7.216e-09 -5.520e-03  1.216e-08  1.290e-07  2.783e-07  1.482e-07 
 -1.081e-02  7.216e-09  1.182e-06 -3.989e-03  1.700e-09 -4.004e-07 -2.133e-07 -3.563e-08 
  2.549e+04 -5.520e-03 -3.989e-03  1.097e+04 -4.525e-03 -6.611e-02 -3.352e-01  1.403e-01 
 -5.158e-02  1.216e-08  1.700e-09 -4.525e-03  8.568e-08  1.210e-07  1.982e-07  2.667e-08 
 -4.064e-01  1.290e-07 -4.004e-07 -6.611e-02  1.210e-07  1.667e-05  2.273e-06  3.412e-07 
 -1.116e+00  2.783e-07 -2.133e-07 -3.352e-01  1.982e-07  2.273e-06  2.566e-05 -2.776e-06 
 -1.992e-01  1.482e-07 -3.563e-08  1.403e-01  2.667e-08  3.412e-07 -2.776e-06  1.714e-05 
 PARAMETER  CORRELATION COEFFICIENTS  
       NO.  GLOBAL      1      3      4     20     21     22     23     24
        1  0.40130   1.000 -0.106 -0.013  0.307 -0.222 -0.126 -0.278 -0.061
        3  0.23688  -0.106  1.000  0.018 -0.143  0.113  0.086  0.149  0.097
        4  0.13288  -0.013  0.018  1.000 -0.035  0.005 -0.090 -0.039 -0.008
       20  0.70613   0.307 -0.143 -0.035  1.000 -0.148 -0.155 -0.632  0.323
       21  0.26008  -0.222  0.113  0.005 -0.148  1.000  0.101  0.134  0.022
       22  0.22309  -0.126  0.086 -0.090 -0.155  0.101  1.000  0.110  0.020
       23  0.64550  -0.278  0.149 -0.039 -0.632  0.134  0.110  1.000 -0.132
       24  0.39765  -0.061  0.097 -0.008  0.323  0.022  0.020 -0.132  1.000
MINUIT - FIT ONLY 1-CBO + wiggle
 **********
 **   16 **RES 
 **********
                   PARAMETER   16  beta_vw RESTORED TO VARIABLE.
                   PARAMETER   14  alpha_vw RESTORED TO VARIABLE.
                   PARAMETER   13  beta_y RESTORED TO VARIABLE.
                   PARAMETER   11  alpha_y RESTORED TO VARIABLE.
                   PARAMETER   10  beta_2CBO RESTORED TO VARIABLE.
                   PARAMETER    9  alpha_2CBO RESTORED TO VARIABLE.
                   PARAMETER    8  beta_CBO RESTORED TO VARIABLE.
                   PARAMETER    6  alpha_CBO RESTORED TO VARIABLE.
 **********
 **   17 **FIX            8
 **********
 **********
 **   18 **FIX            9
 **********
 **********
 **   19 **FIX           11
 **********
 **********
 **   20 **FIX           12
 **********
 PARAMETER   12  IS CONSTANT.   IGNORED.
 **********
 **   21 **FIX           14
 **********
 **********
 **   22 **FIX           15
 **********
 PARAMETER   15  IS CONSTANT.   IGNORED.
 **********
 **   23 **FIX           16
 **********
 **********
 **   24 **MIGRAD
 **********
 START MIGRAD MINIMIZATION.  STRATEGY  1.  CONVERGENCE WHEN EDM .LT. 1.00e-04
 FCN=126.189 FROM MIGRAD    STATUS=INITIATE       58 CALLS         781 TOTAL
                     EDM= unknown      STRATEGY= 1      NO ERROR MATRIX       
  EXT PARAMETER               CURRENT GUESS       STEP         FIRST   
  NO.   NAME      VALUE            ERROR          SIZE      DERIVATIVE 
   1  N0           2.88201e+06   7.92969e+02   0.00000e+00   7.05222e-06
   2  tau          6.44106e+01   constant   
   3  A0           3.51432e-01   3.69274e-04   0.00000e+00  -9.20733e+00
   4  phi          4.11545e+00   1.08712e-03   0.00000e+00  -1.10795e+00
   5  R           -5.98157e+01   constant   
   6  alpha_CBO    0.00000e+00   1.00000e-03   0.00000e+00  -3.19936e+04
   7  w_CBO        2.32500e+00   constant   
   8  beta_CBO     0.00000e+00     fixed    
   9  alpha_2CBO   0.00000e+00     fixed    
  10  beta_2CBO    0.00000e+00   1.00000e-03   0.00000e+00  -7.86749e+03
  11  alpha_y      0.00000e+00     fixed    
  12  w_y          1.38860e+01   constant   
  13  beta_y       0.00000e+00   1.00000e-03   0.00000e+00  -4.34149e+02
  14  alpha_vw     0.00000e+00     fixed    
  15  w_vw         1.43404e+01   constant   
  16  beta_vw      0.00000e+00     fixed    
  17  LM           1.60296e-04   constant   
  18  zeta_y       0.00000e+00   constant   
  19  zeta_vw      0.00000e+00   constant   
  20  T_CBO        2.42285e+02   1.03715e+02   0.00000e+00  -9.85261e-02
  21  alpha_A0     9.94990e-03   2.38601e-03  -5.86508e-02   1.12504e-04
  22  beta_A0      7.53342e-04   3.96934e-03   0.00000e+00  -4.23261e-03
  23  alpha_phi    6.52934e-03   4.69664e-03   0.00000e+00  -3.51253e-03
  24  beta_phi    -4.18044e-03   3.99797e-03   0.00000e+00  -3.50306e-04
 MIGRAD MINIMIZATION HAS CONVERGED.
 FCN=88.4146 FROM MIGRAD    STATUS=CONVERGED     260 CALLS         983 TOTAL
                     EDM=5.89359e-06    STRATEGY= 1  ERROR MATRIX UNCERTAINTY   1.7 per cent
  EXT PARAMETER                                   STEP         FIRST   
  NO.   NAME      VALUE            ERROR          SIZE      DERIVATIVE 
   1  N0           2.88186e+06   8.29002e+02  -6.64089e-01  -9.41590e-07
   2  tau          6.44106e+01   constant   
   3  A0           3.51244e-01   3.58268e-04  -3.52764e-08  -1.20012e+00
   4  phi          4.11696e+00   1.10974e-03   2.70791e-06   1.73611e+00
   5  R           -5.98157e+01   constant   
   6  alpha_CBO    2.26019e-03   3.75159e-04   7.03464e-07   3.43945e+00
   7  w_CBO        2.32500e+00   constant   
   8  beta_CBO     0.00000e+00     fixed    
   9  alpha_2CBO   0.00000e+00     fixed    
  10  beta_2CBO    4.13408e-04   3.61427e-04   2.03104e-07   6.31393e+00
  11  alpha_y      0.00000e+00     fixed    
  12  w_y          1.38860e+01   constant   
  13  beta_y       2.37368e-05   3.63074e-04   2.15719e-07   1.54826e+00
  14  alpha_vw     0.00000e+00     fixed    
  15  w_vw         1.43404e+01   constant   
  16  beta_vw      0.00000e+00     fixed    
  17  LM           1.60296e-04   constant   
  18  zeta_y       0.00000e+00   constant   
  19  zeta_vw      0.00000e+00   constant   
  20  T_CBO        2.16920e+02   1.07940e+02   6.92903e-04   9.06960e-03
  21  alpha_A0     9.96175e-03   1.46970e-02  -4.22865e-03   3.72759e-03
  22  beta_A0      6.57375e-04   4.55063e-03  -7.89152e-04  -9.00986e-04
  23  alpha_phi    3.71051e-03   4.60183e-03  -3.31697e-04   5.99601e-05
  24  beta_phi    -4.70539e-03   4.68507e-03   2.18302e-03   7.70866e-04
 EXTERNAL ERROR MATRIX.    NDIM=  25    NPAR= 11    ERR DEF=1
  6.872e+05 
 -3.904e-02  1.284e-07 
  8.247e-03  2.174e-09  1.232e-06 
 -1.159e-02 -9.575e-09  8.988e-08  1.407e-07 
 -1.111e-03  4.881e-09 -4.128e-08 -1.459e-08  1.306e-07 
 -1.263e-03  1.181e-10  3.785e-09 -9.415e-10 -3.493e-09  1.318e-07 
  1.705e+04 -4.587e-03 -1.049e-03  7.101e-04 -1.801e-03 -2.293e-05  1.193e+04 
  8.523e-02 -1.188e-08 -2.187e-07 -5.557e-08 -1.944e-09 -1.638e-08 -8.972e-02  1.554e-06 
 -4.998e-01  1.200e-07 -6.881e-07 -8.098e-08  2.619e-07 -3.863e-08 -7.222e-02  8.299e-07  2.233e-05 
 -6.020e-01  2.102e-07 -3.881e-07 -1.658e-07 -1.125e-07  1.076e-08 -2.473e-01  1.555e-06  1.602e-06  2.318e-05 
 -1.942e-01  1.377e-07  2.284e-07  9.136e-08 -8.306e-08  1.733e-08  2.546e-01 -3.241e-06  7.026e-07 -3.737e-06  2.439e-05 
 PARAMETER  CORRELATION COEFFICIENTS  
       NO.  GLOBAL      1      3      4      6     10     13     20     21     22     23     24
        1  0.37164   1.000 -0.131  0.009 -0.037 -0.004 -0.004  0.188  0.082 -0.128 -0.151 -0.047
        3  0.24944  -0.131  1.000  0.005 -0.071  0.038  0.001 -0.117 -0.027  0.071  0.122  0.078
        4  0.33684   0.009  0.005  1.000  0.216 -0.103  0.009 -0.009 -0.158 -0.131 -0.073  0.042
        6  0.28552  -0.037 -0.071  0.216  1.000 -0.108 -0.007  0.017 -0.119 -0.046 -0.092  0.049
       10  0.25770  -0.004  0.038 -0.103 -0.108  1.000 -0.027 -0.046 -0.004  0.153 -0.065 -0.047
       13  0.06227  -0.004  0.001  0.009 -0.007 -0.027  1.000 -0.001 -0.036 -0.023  0.006  0.010
       20  0.78614   0.188 -0.117 -0.009  0.017 -0.046 -0.001  1.000 -0.659 -0.140 -0.470  0.472
       21  0.75427   0.082 -0.027 -0.158 -0.119 -0.004 -0.036 -0.659  1.000  0.141  0.259 -0.526
       22  0.30196  -0.128  0.071 -0.131 -0.046  0.153 -0.023 -0.140  0.141  1.000  0.070  0.030
       23  0.50772  -0.151  0.122 -0.073 -0.092 -0.065  0.006 -0.470  0.259  0.070  1.000 -0.157
       24  0.57641  -0.047  0.078  0.042  0.049 -0.047  0.010  0.472 -0.526  0.030 -0.157  1.000
MINUIT - FIT ONLY 2-CBO
 **********
 **   25 **RES 
 **********
                   PARAMETER   16  beta_vw RESTORED TO VARIABLE.
                   PARAMETER   14  alpha_vw RESTORED TO VARIABLE.
                   PARAMETER   11  alpha_y RESTORED TO VARIABLE.
                   PARAMETER    9  alpha_2CBO RESTORED TO VARIABLE.
                   PARAMETER    8  beta_CBO RESTORED TO VARIABLE.
 **********
 **   26 **FIX            0
 **********
 PARAMETER    0  IS UNDEFINED. IGNORED.
 **********
 **   27 **FIX            1
 **********
 **********
 **   28 **FIX            2
 **********
 PARAMETER    2  IS CONSTANT.   IGNORED.
 **********
 **   29 **FIX            3
 **********
 **********
 **   30 **FIX            4
 **********
 **********
 **   31 **FIX            5
 **********
 PARAMETER    5  IS CONSTANT.   IGNORED.
 **********
 **   32 **FIX            6
 **********
 **********
 **   33 **FIX            7
 **********
 PARAMETER    7  IS CONSTANT.   IGNORED.
 **********
 **   34 **FIX           10
 **********
 **********
 **   35 **FIX           11
 **********
 **********
 **   36 **FIX           12
 **********
 PARAMETER   12  IS CONSTANT.   IGNORED.
 **********
 **   37 **FIX           13
 **********
 **********
 **   38 **FIX           14
 **********
 **********
 **   39 **FIX           15
 **********
 PARAMETER   15  IS CONSTANT.   IGNORED.
 **********
 **   40 **FIX           16
 **********
 **********
 **   41 **MIGRAD
 **********
 START MIGRAD MINIMIZATION.  STRATEGY  1.  CONVERGENCE WHEN EDM .LT. 1.00e-04
 FCN=88.4146 FROM MIGRAD    STATUS=INITIATE       18 CALLS        1001 TOTAL
                     EDM= unknown      STRATEGY= 1      NO ERROR MATRIX       
  EXT PARAMETER               CURRENT GUESS       STEP         FIRST   
  NO.   NAME      VALUE            ERROR          SIZE      DERIVATIVE 
   1  N0           2.88186e+06     fixed    
   2  tau          6.44106e+01   constant   
   3  A0           3.51244e-01     fixed    
   4  phi          4.11696e+00     fixed    
   5  R           -5.98157e+01   constant   
   6  alpha_CBO    2.26019e-03     fixed    
   7  w_CBO        2.32500e+00   constant   
   8  beta_CBO     0.00000e+00   1.00000e-03   1.00000e-03   2.50165e+04
   9  alpha_2CBO   0.00000e+00   1.00000e-03   1.00000e-03  -1.67473e+04
  10  beta_2CBO    4.13408e-04     fixed    
  11  alpha_y      0.00000e+00     fixed    
  12  w_y          1.38860e+01   constant   
  13  beta_y       2.37368e-05     fixed    
  14  alpha_vw     0.00000e+00     fixed    
  15  w_vw         1.43404e+01   constant   
  16  beta_vw      0.00000e+00     fixed    
  17  LM           1.60296e-04   constant   
  18  zeta_y       0.00000e+00   constant   
  19  zeta_vw      0.00000e+00   constant   
  20  T_CBO        2.16920e+02   1.07940e+02   6.92903e-04   9.06955e-03
  21  alpha_A0     9.96175e-03   1.46970e-02  -4.22865e-03   3.64764e-03
  22  beta_A0      6.57375e-04   4.55063e-03  -7.89152e-04  -9.00986e-04
  23  alpha_phi    3.71051e-03   4.60183e-03  -3.31697e-04   5.99851e-05
  24  beta_phi    -4.70539e-03   4.68507e-03   2.18302e-03   7.70798e-04
 MIGRAD MINIMIZATION HAS CONVERGED.
 MIGRAD WILL VERIFY CONVERGENCE AND ERROR MATRIX.
 COVARIANCE MATRIX CALCULATED SUCCESSFULLY
 FCN=58.2829 FROM MIGRAD    STATUS=CONVERGED     211 CALLS        1194 TOTAL
                     EDM=1.54899e-06    STRATEGY= 1      ERROR MATRIX ACCURATE 
  EXT PARAMETER                                   STEP         FIRST   
  NO.   NAME      VALUE            ERROR          SIZE      DERIVATIVE 
   1  N0           2.88186e+06     fixed    
   2  tau          6.44106e+01   constant   
   3  A0           3.51244e-01     fixed    
   4  phi          4.11696e+00     fixed    
   5  R           -5.98157e+01   constant   
   6  alpha_CBO    2.26019e-03     fixed    
   7  w_CBO        2.32500e+00   constant   
   8  beta_CBO    -1.67398e-03   3.70508e-04   1.38636e-06  -7.15009e-01
   9  alpha_2CBO   1.09785e-03   3.72290e-04   1.36909e-06   3.18187e-01
  10  beta_2CBO    4.13408e-04     fixed    
  11  alpha_y      0.00000e+00     fixed    
  12  w_y          1.38860e+01   constant   
  13  beta_y       2.37368e-05     fixed    
  14  alpha_vw     0.00000e+00     fixed    
  15  w_vw         1.43404e+01   constant   
  16  beta_vw      0.00000e+00     fixed    
  17  LM           1.60296e-04   constant   
  18  zeta_y       0.00000e+00   constant   
  19  zeta_vw      0.00000e+00   constant   
  20  T_CBO        2.64828e+02   1.09732e+02   8.96582e-04  -9.69978e-04
  21  alpha_A0     9.99394e-03   1.43938e-02   5.13511e-02   1.03246e-03
  22  beta_A0      1.27091e-03   3.51047e-03   1.38757e-03   1.47411e-03
  23  alpha_phi    2.19604e-03   3.32737e-03   1.29097e-03  -2.14732e-03
  24  beta_phi    -1.43387e-03   3.35998e-03   1.31459e-03   4.19010e-04
 EXTERNAL ERROR MATRIX.    NDIM=  25    NPAR=  7    ERR DEF=1
  1.373e-07  5.353e-09 -1.491e-04 -1.581e-11  3.228e-08  2.088e-08 -9.749e-08 
  5.353e-09  1.386e-07  5.849e-03  3.750e-11  1.025e-07 -1.078e-07  1.548e-07 
 -1.491e-04  5.849e-03  1.230e+04 -1.847e-03 -4.651e-02 -1.040e-01  4.974e-02 
 -1.581e-11  3.750e-11 -1.847e-03  2.428e-07  7.645e-09  1.283e-08 -8.340e-09 
  3.228e-08  1.025e-07 -4.651e-02  7.645e-09  1.288e-05  7.827e-08  6.089e-07 
  2.088e-08 -1.078e-07 -1.040e-01  1.283e-08  7.827e-08  1.153e-05  1.492e-07 
 -9.749e-08  1.548e-07  4.974e-02 -8.340e-09  6.089e-07  1.492e-07  1.175e-05 
 PARAMETER  CORRELATION COEFFICIENTS  
       NO.  GLOBAL      8      9     20     21     22     23     24
        8  0.09705   1.000  0.039 -0.004 -0.000  0.024  0.017 -0.077
        9  0.20777   0.039  1.000  0.142  0.000  0.077 -0.085  0.121
       20  0.35031  -0.004  0.142  1.000 -0.034 -0.117 -0.276  0.131
       21  0.03423  -0.000  0.000 -0.034  1.000  0.004  0.008 -0.005
       22  0.16419   0.024  0.077 -0.117  0.004  1.000  0.006  0.050
       23  0.28728   0.017 -0.085 -0.276  0.008  0.006  1.000  0.013
       24  0.20278  -0.077  0.121  0.131 -0.005  0.050  0.013  1.000
MINUIT - FIT wiggle + 1-CBO + 2-CBO
 **********
 **   42 **RES 
 **********
                   PARAMETER   16  beta_vw RESTORED TO VARIABLE.
                   PARAMETER   14  alpha_vw RESTORED TO VARIABLE.
                   PARAMETER   13  beta_y RESTORED TO VARIABLE.
                   PARAMETER   11  alpha_y RESTORED TO VARIABLE.
                   PARAMETER   10  beta_2CBO RESTORED TO VARIABLE.
                   PARAMETER    6  alpha_CBO RESTORED TO VARIABLE.
                   PARAMETER    4  phi RESTORED TO VARIABLE.
                   PARAMETER    3  A0 RESTORED TO VARIABLE.
                   PARAMETER    1  N0 RESTORED TO VARIABLE.
 **********
 **   43 **FIX           10
 **********
 **********
 **   44 **FIX           11
 **********
 **********
 **   45 **FIX           12
 **********
 PARAMETER   12  IS CONSTANT.   IGNORED.
 **********
 **   46 **FIX           13
 **********
 **********
 **   47 **FIX           14
 **********
 **********
 **   48 **FIX           15
 **********
 PARAMETER   15  IS CONSTANT.   IGNORED.
 **********
 **   49 **FIX           16
 **********
 **********
 **   50 **MIGRAD
 **********
 START MIGRAD MINIMIZATION.  STRATEGY  1.  CONVERGENCE WHEN EDM .LT. 1.00e-04
 FCN=58.2828 FROM MIGRAD    STATUS=INITIATE       48 CALLS        1242 TOTAL
                     EDM= unknown      STRATEGY= 1      NO ERROR MATRIX       
  EXT PARAMETER               CURRENT GUESS       STEP         FIRST   
  NO.   NAME      VALUE            ERROR          SIZE      DERIVATIVE 
   1  N0           2.88186e+06   8.29002e+02   0.00000e+00  -7.85448e-04
   2  tau          6.44106e+01   constant   
   3  A0           3.51244e-01   3.58268e-04   0.00000e+00  -4.14070e+03
   4  phi          4.11696e+00   1.10974e-03   0.00000e+00  -9.04951e+02
   5  R           -5.98157e+01   constant   
   6  alpha_CBO    2.26019e-03   3.75159e-04   0.00000e+00   1.10354e+03
   7  w_CBO        2.32500e+00   constant   
   8  beta_CBO    -1.67398e-03   3.70508e-04   0.00000e+00  -8.94750e-01
   9  alpha_2CBO   1.09785e-03   3.72290e-04   0.00000e+00   2.30244e+00
  10  beta_2CBO    4.13408e-04     fixed    
  11  alpha_y      0.00000e+00     fixed    
  12  w_y          1.38860e+01   constant   
  13  beta_y       2.37368e-05     fixed    
  14  alpha_vw     0.00000e+00     fixed    
  15  w_vw         1.43404e+01   constant   
  16  beta_vw      0.00000e+00     fixed    
  17  LM           1.60296e-04   constant   
  18  zeta_y       0.00000e+00   constant   
  19  zeta_vw      0.00000e+00   constant   
  20  T_CBO        2.64828e+02   1.09732e+02   0.00000e+00  -2.07884e-02
  21  alpha_A0     9.98468e-03   1.43938e-02  -2.05405e-02   6.01200e-04
  22  beta_A0      1.27091e-03   3.51047e-03   0.00000e+00   1.44444e-03
  23  alpha_phi    2.19604e-03   3.32737e-03   0.00000e+00  -2.76297e-03
  24  beta_phi    -1.43387e-03   3.35998e-03   0.00000e+00  -8.50401e-07
 MIGRAD MINIMIZATION HAS CONVERGED.
 MIGRAD WILL VERIFY CONVERGENCE AND ERROR MATRIX.
 FCN=57.367 FROM HESSE     STATUS=NOT POSDEF    100 CALLS        1936 TOTAL
                     EDM=0.0128261    STRATEGY= 1      ERR MATRIX NOT POS-DEF
  EXT PARAMETER                APPROXIMATE        STEP         FIRST   
  NO.   NAME      VALUE            ERROR          SIZE      DERIVATIVE 
   1  N0           2.88203e+06   7.95802e+02   2.76254e+00  -4.82322e-06
   2  tau          6.44106e+01   constant   
   3  A0           3.51515e-01   3.64299e-04   1.30208e-06   1.57705e+00
   4  phi          4.11750e+00   1.12202e-03   4.01937e-06   9.48980e-01
   5  R           -5.98157e+01   constant   
   6  alpha_CBO    2.19239e-03   3.73858e-04   1.35822e-06   2.98680e-01
   7  w_CBO        2.32500e+00   constant   
   8  beta_CBO    -1.75768e-03   3.76527e-04   1.37551e-06   3.56385e-01
   9  alpha_2CBO   1.08164e-03   3.69698e-04   1.35836e-06   1.36872e+00
  10  beta_2CBO    4.13408e-04     fixed    
  11  alpha_y      0.00000e+00     fixed    
  12  w_y          1.38860e+01   constant   
  13  beta_y       2.37368e-05     fixed    
  14  alpha_vw     0.00000e+00     fixed    
  15  w_vw         1.43404e+01   constant   
  16  beta_vw      0.00000e+00     fixed    
  17  LM           1.60296e-04   constant   
  18  zeta_y       0.00000e+00   constant   
  19  zeta_vw      0.00000e+00   constant   
  20  T_CBO        2.75866e+02   8.55934e+02   9.83375e-04   4.53798e-03
  21  alpha_A0     9.42857e-03   1.96836e-02   4.07267e-03  -1.59767e-02
  22  beta_A0      9.39537e-04   5.87821e-03   1.32240e-03  -5.66514e-03
  23  alpha_phi    2.05746e-03   1.51461e-02   1.23042e-03  -5.49328e-03
  24  beta_phi    -1.09153e-03   6.37919e-03   1.25164e-03   6.88081e-04
 MIGRAD MINIMIZATION HAS CONVERGED.
 MIGRAD WILL VERIFY CONVERGENCE AND ERROR MATRIX.
 COVARIANCE MATRIX CALCULATED SUCCESSFULLY
 FCN=57.3425 FROM MIGRAD    STATUS=CONVERGED    1617 CALLS        2811 TOTAL
                     EDM=1.09855e-05    STRATEGY= 1      ERROR MATRIX ACCURATE 
  EXT PARAMETER                                   STEP         FIRST   
  NO.   NAME      VALUE            ERROR          SIZE      DERIVATIVE 
   1  N0           2.88203e+06   8.02273e+02   2.76195e+00   7.46103e-07
   2  tau          6.44106e+01   constant   
   3  A0           3.51518e-01   3.66451e-04   1.30182e-06  -3.75742e-01
   4  phi          4.11750e+00   1.13543e-03   4.01844e-06  -3.37754e-01
   5  R           -5.98157e+01   constant   
   6  alpha_CBO    2.19226e-03   3.78383e-04   1.35793e-06  -7.55620e-01
   7  w_CBO        2.32500e+00   constant   
   8  beta_CBO    -1.75718e-03   3.80946e-04   1.37522e-06   9.22633e-02
   9  alpha_2CBO   1.08138e-03   3.73454e-04   1.35808e-06  -1.91597e-01
  10  beta_2CBO    4.13408e-04     fixed    
  11  alpha_y      0.00000e+00     fixed    
  12  w_y          1.38860e+01   constant   
  13  beta_y       2.37368e-05     fixed    
  14  alpha_vw     0.00000e+00     fixed    
  15  w_vw         1.43404e+01   constant   
  16  beta_vw      0.00000e+00     fixed    
  17  LM           1.60296e-04   constant   
  18  zeta_y       0.00000e+00   constant   
  19  zeta_vw      0.00000e+00   constant   
  20  T_CBO        9.99782e+02   5.00082e+02   5.90531e-02  -1.55557e-04
  21  alpha_A0     5.08531e-03   2.02600e-03   8.40864e-04   5.68716e-03
  22  beta_A0      5.09565e-04   1.95379e-03   7.13568e-04   2.35043e-03
  23  alpha_phi    1.12012e-03   1.78300e-03   6.55611e-04  -1.92178e-02
  24  beta_phi    -5.85940e-04   1.88227e-03   6.74533e-04   1.93489e-03
 EXTERNAL ERROR MATRIX.    NDIM=  25    NPAR= 11    ERR DEF=1
  6.436e+05 
 -4.264e-02  1.343e-07 
  1.070e-02  4.408e-09  1.289e-06 
 -1.301e-02 -1.310e-08  9.545e-08  1.432e-07 
 -1.642e-02 -2.318e-08 -6.005e-08  3.814e-09  1.451e-07 
 -3.982e-03 -2.532e-09 -2.414e-08 -2.321e-09  6.957e-09  1.395e-07 
  1.939e-01 -7.138e-08 -6.574e-08 -1.161e-08  3.878e-10  5.694e-08  7.725e+04 
 -3.997e-01  1.049e-07  1.720e-07  2.367e-08 -7.927e-09 -1.092e-07 -2.688e-05  4.183e-06 
 -2.426e-01  3.409e-08 -3.035e-07 -2.514e-08  3.449e-08  7.783e-08  2.619e-06  7.832e-08  3.867e-06 
 -1.780e-01  5.136e-08 -2.351e-07 -8.155e-08  1.627e-08 -3.202e-08  5.303e-06  2.832e-07  3.177e-08  3.214e-06 
 -3.109e-01  1.276e-07  4.726e-08  8.124e-09 -6.732e-08  7.003e-08 -2.987e-06  3.204e-07  3.601e-07  2.815e-07  3.586e-06 
 PARAMETER  CORRELATION COEFFICIENTS  
       NO.  GLOBAL      1      3      4      6      8      9     20     21     22     23     24
        1  0.36578   1.000 -0.145  0.012 -0.043 -0.054 -0.013  0.000 -0.244 -0.154 -0.124 -0.205
        3  0.30450  -0.145  1.000  0.011 -0.094 -0.166 -0.018 -0.000  0.140  0.047  0.078  0.184
        4  0.31547   0.012  0.011  1.000  0.222 -0.139 -0.057 -0.000  0.074 -0.136 -0.116  0.022
        6  0.27220  -0.043 -0.094  0.222  1.000  0.026 -0.016 -0.000  0.031 -0.034 -0.120  0.011
        8  0.25121  -0.054 -0.166 -0.139  0.026  1.000  0.049  0.000 -0.010  0.046  0.024 -0.093
        9  0.22201  -0.013 -0.018 -0.057 -0.016  0.049  1.000  0.000 -0.143  0.106 -0.048  0.099
       20  0.00005   0.000 -0.000 -0.000 -0.000  0.000  0.000  1.000 -0.000  0.000  0.000 -0.000
       21  0.31441  -0.244  0.140  0.074  0.031 -0.010 -0.143 -0.000  1.000  0.019  0.077  0.083
       22  0.23768  -0.154  0.047 -0.136 -0.034  0.046  0.106  0.000  0.019  1.000  0.009  0.097
       23  0.22666  -0.124  0.078 -0.116 -0.120  0.024 -0.048  0.000  0.077  0.009  1.000  0.083
       24  0.30253  -0.205  0.184  0.022  0.011 -0.093  0.099 -0.000  0.083  0.097  0.083  1.000
MINUIT - FIT ONLY 1-y
 **********
 **   51 **RES 
 **********
                   PARAMETER   16  beta_vw RESTORED TO VARIABLE.
                   PARAMETER   14  alpha_vw RESTORED TO VARIABLE.
                   PARAMETER   13  beta_y RESTORED TO VARIABLE.
                   PARAMETER   11  alpha_y RESTORED TO VARIABLE.
                   PARAMETER   10  beta_2CBO RESTORED TO VARIABLE.
 **********
 **   52 **FIX            0
 **********
 PARAMETER    0  IS UNDEFINED. IGNORED.
 **********
 **   53 **FIX            1
 **********
 **********
 **   54 **FIX            2
 **********
 PARAMETER    2  IS CONSTANT.   IGNORED.
 **********
 **   55 **FIX            3
 **********
 **********
 **   56 **FIX            4
 **********
 **********
 **   57 **FIX            5
 **********
 PARAMETER    5  IS CONSTANT.   IGNORED.
 **********
 **   58 **FIX            6
 **********
 **********
 **   59 **FIX            7
 **********
 PARAMETER    7  IS CONSTANT.   IGNORED.
 **********
 **   60 **FIX            8
 **********
 **********
 **   61 **FIX            9
 **********
 **********
 **   62 **FIX           13
 **********
 **********
 **   63 **FIX           14
 **********
 **********
 **   64 **FIX           15
 **********
 PARAMETER   15  IS CONSTANT.   IGNORED.
 **********
 **   65 **FIX           16
 **********
 **********
 **   66 **MIGRAD
 **********
 START MIGRAD MINIMIZATION.  STRATEGY  1.  CONVERGENCE WHEN EDM .LT. 1.00e-04
 FCN=57.3425 FROM MIGRAD    STATUS=INITIATE       16 CALLS        2827 TOTAL
                     EDM= unknown      STRATEGY= 1      NO ERROR MATRIX       
  EXT PARAMETER               CURRENT GUESS       STEP         FIRST   
  NO.   NAME      VALUE            ERROR          SIZE      DERIVATIVE 
   1  N0           2.88203e+06     fixed    
   2  tau          6.44106e+01   constant   
   3  A0           3.51518e-01     fixed    
   4  phi          4.11750e+00     fixed    
   5  R           -5.98157e+01   constant   
   6  alpha_CBO    2.19226e-03     fixed    
   7  w_CBO        2.32500e+00   constant   
   8  beta_CBO    -1.75718e-03     fixed    
   9  alpha_2CBO   1.08138e-03     fixed    
  10  beta_2CBO    4.13408e-04   3.61427e-04   3.61427e-04  -1.57893e+03
  11  alpha_y      0.00000e+00   1.00000e-03   1.00000e-03   4.20938e+03
  12  w_y          1.38860e+01   constant   
  13  beta_y       2.37368e-05     fixed    
  14  alpha_vw     0.00000e+00     fixed    
  15  w_vw         1.43404e+01   constant   
  16  beta_vw      0.00000e+00     fixed    
  17  LM           1.60296e-04   constant   
  18  zeta_y       0.00000e+00   constant   
  19  zeta_vw      0.00000e+00   constant   
  20  T_CBO        9.99782e+02   5.00082e+02   5.90531e-02  -1.57284e-04
  21  alpha_A0     5.08531e-03   2.02600e-03   8.40864e-04  -5.69493e-03
  22  beta_A0      5.09565e-04   1.95379e-03   7.13568e-04   2.34963e-03
  23  alpha_phi    1.12012e-03   1.78300e-03   6.55611e-04  -1.92193e-02
  24  beta_phi    -5.85940e-04   1.88227e-03   6.74533e-04   1.93568e-03
 MIGRAD MINIMIZATION HAS CONVERGED.
 MIGRAD WILL VERIFY CONVERGENCE AND ERROR MATRIX.
 COVARIANCE MATRIX CALCULATED SUCCESSFULLY
 FCN=56.6518 FROM MIGRAD    STATUS=CONVERGED     114 CALLS        2925 TOTAL
                     EDM=2.4072e-07    STRATEGY= 1      ERROR MATRIX ACCURATE 
  EXT PARAMETER                                   STEP         FIRST   
  NO.   NAME      VALUE            ERROR          SIZE      DERIVATIVE 
   1  N0           2.88203e+06     fixed    
   2  tau          6.44106e+01   constant   
   3  A0           3.51518e-01     fixed    
   4  phi          4.11750e+00     fixed    
   5  R           -5.98157e+01   constant   
   6  alpha_CBO    2.19226e-03     fixed    
   7  w_CBO        2.32500e+00   constant   
   8  beta_CBO    -1.75718e-03     fixed    
   9  alpha_2CBO   1.08138e-03     fixed    
  10  beta_2CBO    5.23930e-04   3.78845e-04   1.36691e-06  -3.39276e-01
  11  alpha_y     -2.86698e-04   3.69730e-04   1.37034e-06   4.88251e-01
  12  w_y          1.38860e+01   constant   
  13  beta_y       2.37368e-05     fixed    
  14  alpha_vw     0.00000e+00     fixed    
  15  w_vw         1.43404e+01   constant   
  16  beta_vw      0.00000e+00     fixed    
  17  LM           1.60296e-04   constant   
  18  zeta_y       0.00000e+00   constant   
  19  zeta_vw      0.00000e+00   constant   
  20  T_CBO        1.00000e+03   9.10207e+02   7.06589e-02** at limit **
  21  alpha_A0     5.05171e-03   1.98446e-03   8.33834e-04   1.08968e-03
  22  beta_A0      5.74452e-04   1.92674e-03   7.09293e-04  -1.45597e-03
  23  alpha_phi    1.07121e-03   1.75791e-03   6.51110e-04  -1.56231e-03
  24  beta_phi    -6.15868e-04   1.80947e-03   6.70398e-04   2.67075e-03
 EXTERNAL ERROR MATRIX.    NDIM=  25    NPAR=  7    ERR DEF=1
  1.435e-07  1.252e-09  1.414e-07 -6.854e-08  1.146e-07 -8.034e-08 -5.594e-08 
  1.252e-09  1.367e-07  3.403e-08 -9.244e-09  1.173e-08 -5.594e-09 -6.592e-09 
  1.414e-07  3.403e-08  1.194e+00  4.833e-04  5.638e-05  1.023e-04 -5.839e-05 
 -6.854e-08 -9.244e-09  4.833e-04  4.010e-06 -4.483e-08 -7.674e-08 -1.107e-07 
  1.146e-07  1.173e-08  5.638e-05 -4.483e-08  3.759e-06 -1.400e-07  1.619e-07 
 -8.034e-08 -5.594e-09  1.023e-04 -7.674e-08 -1.400e-07  3.123e-06  2.268e-07 
 -5.594e-08 -6.592e-09 -5.839e-05 -1.107e-07  1.619e-07  2.268e-07  3.311e-06 
 PARAMETER  CORRELATION COEFFICIENTS  
       NO.  GLOBAL     10     11     20     21     22     23     24
       10  0.22997   1.000  0.009  0.000 -0.090  0.156 -0.120 -0.081
       11  0.02475   0.009  1.000  0.000 -0.012  0.016 -0.009 -0.010
       20  0.23315   0.000  0.000  1.000  0.221  0.027  0.053 -0.029
       21  0.24480  -0.090 -0.012  0.221  1.000 -0.012 -0.022 -0.030
       22  0.17197   0.156  0.016  0.027 -0.012  1.000 -0.041  0.046
       23  0.15441  -0.120 -0.009  0.053 -0.022 -0.041  1.000  0.071
       24  0.12703  -0.081 -0.010 -0.029 -0.030  0.046  0.071  1.000
MINUIT - FIT ONLY 2-y
 **********
 **   67 **RES 
 **********
                   PARAMETER   16  beta_vw RESTORED TO VARIABLE.
                   PARAMETER   14  alpha_vw RESTORED TO VARIABLE.
                   PARAMETER   13  beta_y RESTORED TO VARIABLE.
                   PARAMETER    9  alpha_2CBO RESTORED TO VARIABLE.
                   PARAMETER    8  beta_CBO RESTORED TO VARIABLE.
                   PARAMETER    6  alpha_CBO RESTORED TO VARIABLE.
                   PARAMETER    4  phi RESTORED TO VARIABLE.
                   PARAMETER    3  A0 RESTORED TO VARIABLE.
                   PARAMETER    1  N0 RESTORED TO VARIABLE.
 **********
 **   68 **FIX            0
 **********
 PARAMETER    0  IS UNDEFINED. IGNORED.
 **********
 **   69 **FIX            1
 **********
 **********
 **   70 **FIX            2
 **********
 PARAMETER    2  IS CONSTANT.   IGNORED.
 **********
 **   71 **FIX            3
 **********
 **********
 **   72 **FIX            4
 **********
 **********
 **   73 **FIX            5
 **********
 PARAMETER    5  IS CONSTANT.   IGNORED.
 **********
 **   74 **FIX            6
 **********
 **********
 **   75 **FIX            7
 **********
 PARAMETER    7  IS CONSTANT.   IGNORED.
 **********
 **   76 **FIX            8
 **********
 **********
 **   77 **FIX            9
 **********
 **********
 **   78 **FIX           10
 **********
 **********
 **   79 **FIX           11
 **********
 **********
 **   80 **FIX           12
 **********
 PARAMETER   12  IS CONSTANT.   IGNORED.
 **********
 **   81 **FIX           16
 **********
 **********
 **   82 **MIGRAD
 **********
 START MIGRAD MINIMIZATION.  STRATEGY  1.  CONVERGENCE WHEN EDM .LT. 1.00e-04
 FCN=56.6518 FROM MIGRAD    STATUS=INITIATE       16 CALLS        2941 TOTAL
                     EDM= unknown      STRATEGY= 1      NO ERROR MATRIX       
  EXT PARAMETER               CURRENT GUESS       STEP         FIRST   
  NO.   NAME      VALUE            ERROR          SIZE      DERIVATIVE 
   1  N0           2.88203e+06     fixed    
   2  tau          6.44106e+01   constant   
   3  A0           3.51518e-01     fixed    
   4  phi          4.11750e+00     fixed    
   5  R           -5.98157e+01   constant   
   6  alpha_CBO    2.19226e-03     fixed    
   7  w_CBO        2.32500e+00   constant   
   8  beta_CBO    -1.75718e-03     fixed    
   9  alpha_2CBO   1.08138e-03     fixed    
  10  beta_2CBO    5.23930e-04     fixed    
  11  alpha_y     -2.86698e-04     fixed    
  12  w_y          1.38860e+01   constant   
  13  beta_y       2.37368e-05   3.63074e-04   3.63074e-04  -2.31432e+02
  14  alpha_vw     0.00000e+00   1.00000e-03   1.00000e-03   2.36842e+03
  15  w_vw         1.43404e+01   constant   
  16  beta_vw      0.00000e+00     fixed    
  17  LM           1.60296e-04   constant   
  18  zeta_y       0.00000e+00   constant   
  19  zeta_vw      0.00000e+00   constant   
  20  T_CBO        9.99999e+02   9.10207e+02   7.06589e-02  -8.92057e-06
  21  alpha_A0     5.05171e-03   1.98446e-03   8.33834e-04   1.07672e-03
  22  beta_A0      5.74452e-04   1.92674e-03   7.09293e-04  -1.45746e-03
  23  alpha_phi    1.07121e-03   1.75791e-03   6.51110e-04  -1.56564e-03
  24  beta_phi    -6.15868e-04   1.80947e-03   6.70398e-04   2.67235e-03
 MIGRAD MINIMIZATION HAS CONVERGED.
 MIGRAD WILL VERIFY CONVERGENCE AND ERROR MATRIX.
 COVARIANCE MATRIX CALCULATED SUCCESSFULLY
 FCN=56.4528 FROM MIGRAD    STATUS=CONVERGED      98 CALLS        3023 TOTAL
                     EDM=1.33718e-05    STRATEGY= 1      ERROR MATRIX ACCURATE 
  EXT PARAMETER                                   STEP         FIRST   
  NO.   NAME      VALUE            ERROR          SIZE      DERIVATIVE 
   1  N0           2.88203e+06     fixed    
   2  tau          6.44106e+01   constant   
   3  A0           3.51518e-01     fixed    
   4  phi          4.11750e+00     fixed    
   5  R           -5.98157e+01   constant   
   6  alpha_CBO    2.19226e-03     fixed    
   7  w_CBO        2.32500e+00   constant   
   8  beta_CBO    -1.75718e-03     fixed    
   9  alpha_2CBO   1.08138e-03     fixed    
  10  beta_2CBO    5.23930e-04     fixed    
  11  alpha_y     -2.86698e-04     fixed    
  12  w_y          1.38860e+01   constant   
  13  beta_y       6.14607e-05   3.66854e-04   1.34443e-06   2.05908e+00
  14  alpha_vw    -1.64373e-04   3.70106e-04   1.35636e-06   2.00051e-01
  15  w_vw         1.43404e+01   constant   
