 + ++++++++++++++++++++++++++++++++++++++++++++++++++++++++++++++++++++ +
 +                                                                      +
 +           You have chose to blind your fitting according to          +
 +                omega_ref * (1 + (R +/- deltaR) *10^{-6})             +
 +                                                                      +
 + ++++++++++++++++++++++++++++++++++++++++++++++++++++++++++++++++++++ +
In main()...
reading format from /gm2data/zkhechad/run45/envelope/formats/formatB_sBin_constraintOn.txt
pBinTau 	= 0  
pBinPhi 	= 0  
constraintau 	= 1 
includeMopTerm 	= 0    
constrainMop    = 0   
Parameters after format file: pBinTau 0 pBinPhi 0 constraintau 1 includeMopTerm 0 constrainMop 0 c_e_scale 0.000000 
Opening file /gm2data/tbarrett/gm2fr/studies/run23_bunch_corrections/CorrectedFourier_Run3b.root.
reading full fit data from /gm2data/zkhechad/cboTemplates/Run4CBOTemplates/templateFits0_v2.0/noRF/sBin_constraintOn_cE0.0_seed0_noRF_calo22.root
windowBins = 17
fitting sliding window 198 from bin 334 at 49.683600 to bin 351 at 52.369200 (17 bins)

Reading data from /gm2data/cornell/histograms/aMethod/histogram_a_noRF.root
 **********
 **    1 **SET PRINTOUT            1
 **********
 **********
 **    2 **SET NOWARNINGS 
 **********
 PARAMETER DEFINITIONS:
    NO.   NAME         VALUE      STEP SIZE      LIMITS
     1 N0           3.01105e+06  1.00000e+02     no limits
     2 tau          6.44153e+01  constant
     3 A0           3.51737e-01  1.00000e-04     no limits
     4 phi          4.11590e+00  1.00000e-02     no limits
     5 R           -6.13262e+01  constant
     6 alpha_CBO    0.00000e+00  1.00000e-03     no limits
     7 w_CBO        2.32500e+00  constant
     8 beta_CBO     0.00000e+00  1.00000e-03     no limits
     9 alpha_2CBO   0.00000e+00  1.00000e-03     no limits
    10 beta_2CBO    0.00000e+00  1.00000e-03     no limits
    11 alpha_y      0.00000e+00  1.00000e-03     no limits
    12 w_y          1.44500e+01  constant
    13 beta_y       0.00000e+00  1.00000e-03     no limits
    14 alpha_vw     0.00000e+00  1.00000e-03     no limits
    15 w_vw         1.29000e+01  constant
    16 beta_vw      0.00000e+00  1.00000e-03     no limits
    17 LM           4.28749e-04  constant
    18 zeta_y       0.00000e+00  constant
    19 zeta_vw      0.00000e+00  constant
    20 T_CBO        1.00000e+02  1.00000e+00    0.00000e+00  1.00000e+03
    21 alpha_A0     0.00000e+00  1.00000e-03     no limits
    22 beta_A0      0.00000e+00  1.00000e-03     no limits
    23 alpha_phi    0.00000e+00  1.00000e-03     no limits
    24 beta_phi     0.00000e+00  1.00000e-03     no limits
MINUIT - FIT ONLY WIGGLE
 **********
 **    3 **FIX            5
 **********
 PARAMETER    5  IS CONSTANT.   IGNORED.
 **********
 **    4 **FIX            6
 **********
 **********
 **    5 **FIX            7
 **********
 PARAMETER    7  IS CONSTANT.   IGNORED.
 **********
 **    6 **FIX            8
 **********
 **********
 **    7 **FIX            9
 **********
 **********
 **    8 **FIX           10
 **********
 **********
 **    9 **FIX           11
 **********
 **********
 **   10 **FIX           12
 **********
 PARAMETER   12  IS CONSTANT.   IGNORED.
 **********
 **   11 **FIX           13
 **********
 **********
 **   12 **FIX           14
 **********
 **********
 **   13 **FIX           15
 **********
 PARAMETER   15  IS CONSTANT.   IGNORED.
 **********
 **   14 **FIX           16
 **********
 **********
 **   15 **MIGRAD
 **********
 FIRST CALL TO USER FUNCTION AT NEW START POINT, WITH IFLAG=4.
 START MIGRAD MINIMIZATION.  STRATEGY  1.  CONVERGENCE WHEN EDM .LT. 1.00e-04
 FCN=3355.2 FROM MIGRAD    STATUS=INITIATE      433 CALLS         434 TOTAL
                     EDM= unknown      STRATEGY= 1      NO ERROR MATRIX       
  EXT PARAMETER               CURRENT GUESS       STEP         FIRST   
  NO.   NAME      VALUE            ERROR          SIZE      DERIVATIVE 
   1  N0           3.01105e+06   1.00000e+02   0.00000e+00   5.23446e-02
   2  tau          6.44153e+01   constant   
   3  A0           3.51737e-01   1.00000e-04   0.00000e+00   1.99011e+05
   4  phi          4.11590e+00   1.00000e-02   0.00000e+00   1.55347e+05
   5  R           -6.13262e+01   constant   
   6  alpha_CBO    0.00000e+00     fixed    
   7  w_CBO        2.32500e+00   constant   
   8  beta_CBO     0.00000e+00     fixed    
   9  alpha_2CBO   0.00000e+00     fixed    
  10  beta_2CBO    0.00000e+00     fixed    
  11  alpha_y      0.00000e+00     fixed    
  12  w_y          1.44500e+01   constant   
  13  beta_y       0.00000e+00     fixed    
  14  alpha_vw     0.00000e+00     fixed    
  15  w_vw         1.29000e+01   constant   
  16  beta_vw      0.00000e+00     fixed    
  17  LM           4.28749e-04   constant   
  18  zeta_y       0.00000e+00   constant   
  19  zeta_vw      0.00000e+00   constant   
  20  T_CBO        1.00000e+02   1.00000e+00   0.00000e+00   0.00000e+00
  21  alpha_A0     0.00000e+00   1.00000e-03   0.00000e+00  -8.52310e+03
  22  beta_A0      0.00000e+00   1.00000e-03   0.00000e+00   3.32928e+03
  23  alpha_phi    0.00000e+00   1.00000e-03   0.00000e+00   6.76627e+04
  24  beta_phi     0.00000e+00   1.00000e-03   0.00000e+00  -3.75055e+03
 CALL LIMIT EXCEEDED IN MIGRAD.
 MIGRAD TERMINATED WITHOUT CONVERGENCE.
 FCN=162.025 FROM MIGRAD    STATUS=CALL LIMIT   1324 CALLS        1325 TOTAL
                     EDM=0.382773    STRATEGY= 1  ERROR MATRIX UNCERTAINTY  52.7 per cent
  EXT PARAMETER                APPROXIMATE        STEP         FIRST   
  NO.   NAME      VALUE            ERROR          SIZE      DERIVATIVE 
   1  N0           3.01107e+06   1.17232e+04  -1.28458e+03  -4.32076e-04
   2  tau          6.44153e+01   constant   
   3  A0           3.49000e-01   1.93984e-03   3.43819e-05  -1.81113e+02
   4  phi          4.00191e+00   2.10301e-02  -2.01968e-03  -1.66349e+02
   5  R           -6.13262e+01   constant   
   6  alpha_CBO    0.00000e+00     fixed    
   7  w_CBO        2.32500e+00   constant   
   8  beta_CBO     0.00000e+00     fixed    
   9  alpha_2CBO   0.00000e+00     fixed    
  10  beta_2CBO    0.00000e+00     fixed    
  11  alpha_y      0.00000e+00     fixed    
  12  w_y          1.44500e+01   constant   
  13  beta_y       0.00000e+00     fixed    
  14  alpha_vw     0.00000e+00     fixed    
  15  w_vw         1.29000e+01   constant   
  16  beta_vw      0.00000e+00     fixed    
  17  LM           4.28749e-04   constant   
  18  zeta_y       0.00000e+00   constant   
  19  zeta_vw      0.00000e+00   constant   
  20  T_CBO        3.77298e+01   8.86931e-01   2.04428e-05  -1.77656e+02
  21  alpha_A0    -1.40186e-01   5.04181e-02   4.00671e-03  -3.06822e+01
  22  beta_A0      4.66622e-01   1.10426e-01   1.10727e-02  -1.03960e+02
  23  alpha_phi    4.19286e-01   1.21161e-01   1.16798e-02   3.97492e+01
  24  beta_phi     1.43968e-01   5.83079e-02  -4.84474e-03   1.37435e+01
 EXTERNAL ERROR MATRIX.    NDIM=  25    NPAR=  8    ERR DEF=1
  1.374e+08 -2.644e+00  2.013e+02 -8.584e+03 -4.945e+02 -1.093e+03 -1.171e+03  5.779e+02 
 -2.644e+00  3.763e-06 -2.563e-05 -5.261e-04 -4.210e-05  1.268e-04  1.429e-04  4.791e-05 
  2.013e+02 -2.563e-05  4.423e-04 -7.859e-03 -3.948e-04 -2.318e-03 -2.543e-03  4.830e-04 
 -8.584e+03 -5.261e-04 -7.859e-03  7.867e-01  4.183e-02  4.443e-02  4.493e-02 -4.833e-02 
 -4.945e+02 -4.210e-05 -3.948e-04  4.183e-02  2.542e-03  2.325e-03  2.364e-03 -2.925e-03 
 -1.093e+03  1.268e-04 -2.318e-03  4.443e-02  2.325e-03  1.219e-02  1.336e-02 -2.821e-03 
 -1.171e+03  1.429e-04 -2.543e-03  4.493e-02  2.364e-03  1.336e-02  1.468e-02 -2.890e-03 
  5.779e+02  4.791e-05  4.830e-04 -4.833e-02 -2.925e-03 -2.821e-03 -2.890e-03  3.400e-03 
ERR MATRIX APPROXIMATE
 PARAMETER  CORRELATION COEFFICIENTS  
       NO.  GLOBAL      1      3      4     20     21     22     23     24
        1  0.99970   1.000 -0.116  0.816 -0.826 -0.837 -0.844 -0.825  0.845
        3  0.99523  -0.116  1.000 -0.628 -0.306 -0.430  0.592  0.608  0.424
        4  0.99992   0.816 -0.628  1.000 -0.421 -0.372 -0.998 -0.998  0.394
       20  0.98777  -0.826 -0.306 -0.421  1.000  0.935  0.454  0.418 -0.934
       21  0.99887  -0.837 -0.430 -0.372  0.935  1.000  0.418  0.387 -0.995
       22  0.99997  -0.844  0.592 -0.998  0.454  0.418  1.000  0.999 -0.438
       23  0.99979  -0.825  0.608 -0.998  0.418  0.387  0.999  1.000 -0.409
       24  0.99857   0.845  0.424  0.394 -0.934 -0.995 -0.438 -0.409  1.000
 ERR MATRIX APPROXIMATE
MINUIT - FIT ONLY 1-CBO + wiggle
 **********
 **   16 **RES 
 **********
                   PARAMETER   16  beta_vw RESTORED TO VARIABLE.
                   PARAMETER   14  alpha_vw RESTORED TO VARIABLE.
                   PARAMETER   13  beta_y RESTORED TO VARIABLE.
                   PARAMETER   11  alpha_y RESTORED TO VARIABLE.
                   PARAMETER   10  beta_2CBO RESTORED TO VARIABLE.
                   PARAMETER    9  alpha_2CBO RESTORED TO VARIABLE.
                   PARAMETER    8  beta_CBO RESTORED TO VARIABLE.
                   PARAMETER    6  alpha_CBO RESTORED TO VARIABLE.
 **********
 **   17 **FIX            8
 **********
 **********
 **   18 **FIX            9
 **********
 **********
 **   19 **FIX           11
 **********
 **********
 **   20 **FIX           12
 **********
 PARAMETER   12  IS CONSTANT.   IGNORED.
 **********
 **   21 **FIX           14
 **********
 **********
 **   22 **FIX           15
 **********
 PARAMETER   15  IS CONSTANT.   IGNORED.
 **********
 **   23 **FIX           16
 **********
 **********
 **   24 **MIGRAD
 **********
 START MIGRAD MINIMIZATION.  STRATEGY  1.  CONVERGENCE WHEN EDM .LT. 1.00e-04
 FCN=162.025 FROM MIGRAD    STATUS=INITIATE       28 CALLS        1353 TOTAL
                     EDM= unknown      STRATEGY= 1      NO ERROR MATRIX       
  EXT PARAMETER               CURRENT GUESS       STEP         FIRST   
  NO.   NAME      VALUE            ERROR          SIZE      DERIVATIVE 
   1  N0           3.01107e+06   1.17232e+04  -1.28458e+03  -4.32076e-04
   2  tau          6.44153e+01   constant   
   3  A0           3.49000e-01   1.93984e-03   3.43819e-05  -1.81113e+02
   4  phi          4.00191e+00   2.10301e-02  -2.01968e-03  -1.66349e+02
   5  R           -6.13262e+01   constant   
   6  alpha_CBO    0.00000e+00   1.00000e-03   1.00000e-03   1.35525e+03
   7  w_CBO        2.32500e+00   constant   
   8  beta_CBO     0.00000e+00     fixed    
   9  alpha_2CBO   0.00000e+00     fixed    
  10  beta_2CBO    0.00000e+00   1.00000e-03   1.00000e-03  -4.27430e+03
  11  alpha_y      0.00000e+00     fixed    
  12  w_y          1.44500e+01   constant   
  13  beta_y       0.00000e+00   1.00000e-03   1.00000e-03   1.41427e+05
  14  alpha_vw     0.00000e+00     fixed    
  15  w_vw         1.29000e+01   constant   
  16  beta_vw      0.00000e+00     fixed    
  17  LM           4.28749e-04   constant   
  18  zeta_y       0.00000e+00   constant   
  19  zeta_vw      0.00000e+00   constant   
  20  T_CBO        3.77298e+01   8.86931e-01   2.04428e-05  -1.77656e+02
  21  alpha_A0    -1.40186e-01   5.04181e-02   4.00671e-03  -3.06822e+01
  22  beta_A0      4.66622e-01   1.10426e-01   1.10727e-02  -1.03960e+02
  23  alpha_phi    4.19286e-01   1.21161e-01   1.16798e-02   3.97492e+01
  24  beta_phi     1.43968e-01   5.83079e-02  -4.84474e-03   1.37435e+01
 MIGRAD MINIMIZATION HAS CONVERGED.
 MIGRAD WILL VERIFY CONVERGENCE AND ERROR MATRIX.
 FCN=17.3652 FROM HESSE     STATUS=NOT POSDEF    100 CALLS        2044 TOTAL
                     EDM=0.000359964    STRATEGY= 1      ERR MATRIX NOT POS-DEF
  EXT PARAMETER                APPROXIMATE        STEP         FIRST   
  NO.   NAME      VALUE            ERROR          SIZE      DERIVATIVE 
   1  N0           3.01713e+06   4.24255e+03   1.43868e+00  -7.17803e-06
   2  tau          6.44153e+01   constant   
   3  A0           3.46877e-01   1.64096e-03   4.64837e-07  -3.84114e+00
   4  phi          4.01694e+00   6.81984e-03   1.91543e-06   1.07378e+00
   5  R           -6.13262e+01   constant   
   6  alpha_CBO    3.88337e-04   1.60346e-03   3.42011e-07  -1.75273e+00
   7  w_CBO        2.32500e+00   constant   
   8  beta_CBO     0.00000e+00     fixed    
   9  alpha_2CBO   0.00000e+00     fixed    
  10  beta_2CBO    4.63952e-04   5.95202e-04   3.54246e-07  -1.27644e+00
  11  alpha_y      0.00000e+00     fixed    
  12  w_y          1.44500e+01   constant   
  13  beta_y      -2.04212e-03   1.69795e-04   3.51301e-07  -2.69414e-01
  14  alpha_vw     0.00000e+00     fixed    
  15  w_vw         1.29000e+01   constant   
  16  beta_vw      0.00000e+00     fixed    
  17  LM           4.28749e-04   constant   
  18  zeta_y       0.00000e+00   constant   
  19  zeta_vw      0.00000e+00   constant   
  20  T_CBO        3.50404e+01   2.01418e+00   1.73115e-06  -1.07698e+00
  21  alpha_A0    -1.55336e-01   2.74745e-02   6.15342e-06   1.54959e-01
  22  beta_A0      4.20958e-01   3.58850e-02   6.57766e-06  -2.34999e-01
  23  alpha_phi    3.66535e-01   4.27091e-02   8.51648e-06   5.04745e-02
  24  beta_phi     1.56055e-01   2.93457e-02   7.62123e-06  -2.44177e-02
 MIGRAD MINIMIZATION HAS CONVERGED.
 MIGRAD WILL VERIFY CONVERGENCE AND ERROR MATRIX.
 FCN=16.9506 FROM MIGRAD    STATUS=CONVERGED    1710 CALLS        3035 TOTAL
                     EDM=3.5318e-06    STRATEGY= 1      ERR MATRIX NOT POS-DEF
  EXT PARAMETER                APPROXIMATE        STEP         FIRST   
  NO.   NAME      VALUE            ERROR          SIZE      DERIVATIVE 
   1  N0           3.07483e+06   4.49152e+03   1.46619e+00  -2.35232e-06
   2  tau          6.44153e+01   constant   
   3  A0           3.48408e-01   1.66319e-03   4.99030e-07  -1.23144e+00
   4  phi          3.95435e+00   5.91008e-03   1.88558e-06  -2.02667e+00
   5  R           -6.13262e+01   constant   
   6  alpha_CBO    1.11282e-02   1.64784e-03   3.38330e-07  -3.40371e+00
   7  w_CBO        2.32500e+00   constant   
   8  beta_CBO     0.00000e+00     fixed    
   9  alpha_2CBO   0.00000e+00     fixed    
  10  beta_2CBO    2.24728e-03   7.41728e-04   3.50605e-07   2.84426e+00
  11  alpha_y      0.00000e+00     fixed    
  12  w_y          1.44500e+01   constant   
  13  beta_y      -2.06031e-03   1.69774e-04   3.47318e-07  -8.09473e-02
  14  alpha_vw     0.00000e+00     fixed    
  15  w_vw         1.29000e+01   constant   
  16  beta_vw      0.00000e+00     fixed    
  17  LM           4.28749e-04   constant   
  18  zeta_y       0.00000e+00   constant   
  19  zeta_vw      0.00000e+00   constant   
  20  T_CBO        3.39366e+01   1.06066e+00   9.10598e-07  -9.37212e-01
  21  alpha_A0    -5.36907e-01   2.83870e-02   5.88613e-06  -2.34165e-01
  22  beta_A0      5.39892e-01   3.18183e-02   6.23560e-06  -2.25530e-01
  23  alpha_phi    4.83639e-01   4.89925e-02   9.38585e-06  -1.81385e-01
  24  beta_phi     5.22336e-01   3.01518e-02   7.83579e-06   2.32922e-02
 EXTERNAL ERROR MATRIX.    NDIM=  25    NPAR= 11    ERR DEF=1
  2.017e+07 
 -9.827e-01  2.766e-06 
 -7.409e+00 -2.036e-06  3.493e-05 
  2.688e+00 -1.552e-06 -3.759e-06  2.715e-06 
  8.586e-01  2.684e-07 -7.161e-07 -6.952e-07  5.502e-07 
 -1.155e-03  1.946e-08  1.526e-08 -2.602e-08  4.981e-09  2.882e-08 
  9.791e+02  6.126e-04 -2.455e-03 -1.025e-04  2.069e-04  4.458e-06  1.125e+00 
 -7.998e+01 -2.220e-06  1.581e-05 -2.702e-06 -4.975e-06 -7.440e-08  1.474e-02  8.058e-04 
 -5.525e+01  4.892e-06 -8.369e-05  8.394e-06 -4.898e-06 -6.285e-08 -1.749e-02 -1.832e-04  1.012e-03 
 -4.319e+01  4.019e-05 -1.063e-04 -4.870e-05  2.476e-05  5.037e-07 -2.520e-03 -3.324e-04  7.518e-04  2.400e-03 
  7.768e+01  1.286e-05 -6.394e-06 -2.977e-07  2.367e-06  1.100e-07 -1.343e-02 -8.049e-04  1.507e-04  2.504e-04  9.091e-04 
ERR MATRIX NOT POS-DEF
 PARAMETER  CORRELATION COEFFICIENTS  
       NO.  GLOBAL      1      3      4      6     10     13     20     21     22     23     24
        1  0.99680   1.000 -0.132 -0.279  0.363  0.258 -0.002  0.206 -0.627 -0.387 -0.196  0.574
        3  0.98946  -0.132  1.000 -0.207 -0.566  0.218  0.069  0.347 -0.047  0.092  0.493  0.256
        4  0.99701  -0.279 -0.207  1.000 -0.386 -0.163  0.015 -0.392  0.094 -0.445 -0.367 -0.036
        6  0.99508   0.363 -0.566 -0.386  1.000 -0.569 -0.093 -0.059 -0.058  0.160 -0.603 -0.006
       10  0.97364   0.258  0.218 -0.163 -0.569  1.000  0.040  0.263 -0.236 -0.208  0.681  0.106
       13  0.15961  -0.002  0.069  0.015 -0.093  0.040  1.000  0.025 -0.015 -0.012  0.061  0.021
       20  0.99719   0.206  0.347 -0.392 -0.059  0.263  0.025  1.000  0.490 -0.518 -0.048 -0.420
       21  0.99498  -0.627 -0.047  0.094 -0.058 -0.236 -0.015  0.490  1.000 -0.203 -0.239 -0.940
       22  0.99552  -0.387  0.092 -0.445  0.160 -0.208 -0.012 -0.518 -0.203  1.000  0.482  0.157
       23  0.99572  -0.196  0.493 -0.367 -0.603  0.681  0.061 -0.048 -0.239  0.482  1.000  0.170
       24  0.99210   0.574  0.256 -0.036 -0.006  0.106  0.021 -0.420 -0.940  0.157  0.170  1.000
 ERR MATRIX NOT POS-DEF
MINUIT - FIT ONLY 2-CBO
 **********
 **   25 **RES 
 **********
                   PARAMETER   16  beta_vw RESTORED TO VARIABLE.
                   PARAMETER   14  alpha_vw RESTORED TO VARIABLE.
                   PARAMETER   11  alpha_y RESTORED TO VARIABLE.
                   PARAMETER    9  alpha_2CBO RESTORED TO VARIABLE.
                   PARAMETER    8  beta_CBO RESTORED TO VARIABLE.
 **********
 **   26 **FIX            0
 **********
 PARAMETER    0  IS UNDEFINED. IGNORED.
 **********
 **   27 **FIX            1
 **********
 **********
 **   28 **FIX            2
 **********
 PARAMETER    2  IS CONSTANT.   IGNORED.
 **********
 **   29 **FIX            3
 **********
 **********
 **   30 **FIX            4
 **********
 **********
 **   31 **FIX            5
 **********
 PARAMETER    5  IS CONSTANT.   IGNORED.
 **********
 **   32 **FIX            6
 **********
 **********
 **   33 **FIX            7
 **********
 PARAMETER    7  IS CONSTANT.   IGNORED.
 **********
 **   34 **FIX           10
 **********
 **********
 **   35 **FIX           11
 **********
 **********
 **   36 **FIX           12
 **********
 PARAMETER   12  IS CONSTANT.   IGNORED.
 **********
 **   37 **FIX           13
 **********
 **********
 **   38 **FIX           14
 **********
 **********
 **   39 **FIX           15
 **********
 PARAMETER   15  IS CONSTANT.   IGNORED.
 **********
 **   40 **FIX           16
 **********
 **********
 **   41 **MIGRAD
 **********
 START MIGRAD MINIMIZATION.  STRATEGY  1.  CONVERGENCE WHEN EDM .LT. 1.00e-04
 FCN=16.9506 FROM MIGRAD    STATUS=INITIATE       18 CALLS        3053 TOTAL
                     EDM= unknown      STRATEGY= 1      NO ERROR MATRIX       
  EXT PARAMETER               CURRENT GUESS       STEP         FIRST   
  NO.   NAME      VALUE            ERROR          SIZE      DERIVATIVE 
   1  N0           3.07483e+06     fixed    
   2  tau          6.44153e+01   constant   
   3  A0           3.48408e-01     fixed    
   4  phi          3.95435e+00     fixed    
   5  R           -6.13262e+01   constant   
   6  alpha_CBO    1.11282e-02     fixed    
   7  w_CBO        2.32500e+00   constant   
   8  beta_CBO     0.00000e+00   1.00000e-03   1.00000e-03   1.65692e+00
   9  alpha_2CBO   0.00000e+00   1.00000e-03   1.00000e-03   1.51838e+02
  10  beta_2CBO    2.24728e-03     fixed    
  11  alpha_y      0.00000e+00     fixed    
  12  w_y          1.44500e+01   constant   
  13  beta_y      -2.06031e-03     fixed    
  14  alpha_vw     0.00000e+00     fixed    
  15  w_vw         1.29000e+01   constant   
  16  beta_vw      0.00000e+00     fixed    
  17  LM           4.28749e-04   constant   
  18  zeta_y       0.00000e+00   constant   
  19  zeta_vw      0.00000e+00   constant   
  20  T_CBO        3.39366e+01   1.06066e+00   9.10598e-07  -9.37200e-01
  21  alpha_A0    -5.36907e-01   2.83870e-02   5.88613e-06  -2.34197e-01
  22  beta_A0      5.39892e-01   3.18183e-02   6.23560e-06  -2.25512e-01
  23  alpha_phi    4.83639e-01   4.89925e-02   9.38585e-06  -1.81384e-01
  24  beta_phi     5.22336e-01   3.01518e-02   7.83579e-06   2.32917e-02
 MIGRAD MINIMIZATION HAS CONVERGED.
 MIGRAD WILL VERIFY CONVERGENCE AND ERROR MATRIX.
 FCN=16.9496 FROM MIGRAD    STATUS=CONVERGED     167 CALLS        3202 TOTAL
                     EDM=1.12159e-05    STRATEGY= 1      ERR MATRIX NOT POS-DEF
  EXT PARAMETER                APPROXIMATE        STEP         FIRST   
  NO.   NAME      VALUE            ERROR          SIZE      DERIVATIVE 
   1  N0           3.07483e+06     fixed    
   2  tau          6.44153e+01   constant   
   3  A0           3.48408e-01     fixed    
   4  phi          3.95435e+00     fixed    
   5  R           -6.13262e+01   constant   
   6  alpha_CBO    1.11282e-02     fixed    
   7  w_CBO        2.32500e+00   constant   
   8  beta_CBO    -7.74612e-06   4.82754e-04   3.46426e-07  -1.68649e-04
   9  alpha_2CBO  -1.27874e-05   3.98382e-04   3.34567e-07  -6.33739e-02
  10  beta_2CBO    2.24728e-03     fixed    
  11  alpha_y      0.00000e+00     fixed    
  12  w_y          1.44500e+01   constant   
  13  beta_y      -2.06031e-03     fixed    
  14  alpha_vw     0.00000e+00     fixed    
  15  w_vw         1.29000e+01   constant   
  16  beta_vw      0.00000e+00     fixed    
  17  LM           4.28749e-04   constant   
  18  zeta_y       0.00000e+00   constant   
  19  zeta_vw      0.00000e+00   constant   
  20  T_CBO        3.39363e+01   1.06501e+00   9.09695e-07  -3.56758e-01
  21  alpha_A0    -5.36748e-01   2.57551e-02   5.88640e-06  -3.96643e-02
  22  beta_A0      5.39865e-01   2.52842e-02   6.23555e-06   3.50797e-02
  23  alpha_phi    4.83641e-01   2.25466e-02   9.38750e-06   1.37544e-02
  24  beta_phi     5.22627e-01   2.55559e-02   7.83656e-06   2.02707e-02
 EXTERNAL ERROR MATRIX.    NDIM=  25    NPAR=  7    ERR DEF=1
  2.331e-07  8.812e-08 -9.801e-05 -3.631e-06  8.558e-07  1.472e-06 -2.783e-06 
  8.812e-08  1.587e-07 -8.452e-06 -2.243e-06  7.257e-07  2.840e-07 -3.177e-06 
 -9.801e-05 -8.452e-06  1.134e+00  2.669e-02 -2.634e-02 -2.344e-02 -2.419e-02 
 -3.631e-06 -2.243e-06  2.669e-02  6.633e-04 -6.259e-04 -5.551e-04 -5.213e-04 
  8.558e-07  7.257e-07 -2.634e-02 -6.259e-04  6.393e-04  5.528e-04  5.799e-04 
  1.472e-06  2.840e-07 -2.344e-02 -5.551e-04  5.528e-04  5.083e-04  5.075e-04 
 -2.783e-06 -3.177e-06 -2.419e-02 -5.213e-04  5.799e-04  5.075e-04  6.531e-04 
ERR MATRIX NOT POS-DEF
 PARAMETER  CORRELATION COEFFICIENTS  
       NO.  GLOBAL      8      9     20     21     22     23     24
        8  0.93807   1.000  0.458 -0.191 -0.292  0.070  0.135 -0.226
        9  0.91412   0.458  1.000 -0.020 -0.219  0.072  0.032 -0.312
       20  0.99721  -0.191 -0.020  1.000  0.973 -0.978 -0.976 -0.889
       21  0.99389  -0.292 -0.219  0.973  1.000 -0.961 -0.956 -0.792
       22  0.99289   0.070  0.072 -0.978 -0.961  1.000  0.970  0.897
       23  0.97959   0.135  0.032 -0.976 -0.956  0.970  1.000  0.881
       24  0.98898  -0.226 -0.312 -0.889 -0.792  0.897  0.881  1.000
 ERR MATRIX NOT POS-DEF
MINUIT - FIT wiggle + 1-CBO + 2-CBO
 **********
 **   42 **RES 
 **********
                   PARAMETER   16  beta_vw RESTORED TO VARIABLE.
                   PARAMETER   14  alpha_vw RESTORED TO VARIABLE.
                   PARAMETER   13  beta_y RESTORED TO VARIABLE.
                   PARAMETER   11  alpha_y RESTORED TO VARIABLE.
                   PARAMETER   10  beta_2CBO RESTORED TO VARIABLE.
                   PARAMETER    6  alpha_CBO RESTORED TO VARIABLE.
                   PARAMETER    4  phi RESTORED TO VARIABLE.
                   PARAMETER    3  A0 RESTORED TO VARIABLE.
                   PARAMETER    1  N0 RESTORED TO VARIABLE.
 **********
 **   43 **FIX           10
 **********
 **********
 **   44 **FIX           11
 **********
 **********
 **   45 **FIX           12
 **********
 PARAMETER   12  IS CONSTANT.   IGNORED.
 **********
 **   46 **FIX           13
 **********
 **********
 **   47 **FIX           14
 **********
 **********
 **   48 **FIX           15
 **********
 PARAMETER   15  IS CONSTANT.   IGNORED.
 **********
 **   49 **FIX           16
 **********
 **********
 **   50 **MIGRAD
 **********
 START MIGRAD MINIMIZATION.  STRATEGY  1.  CONVERGENCE WHEN EDM .LT. 1.00e-04
 FCN=16.9496 FROM MIGRAD    STATUS=INITIATE       22 CALLS        3224 TOTAL
                     EDM= unknown      STRATEGY= 1      NO ERROR MATRIX       
  EXT PARAMETER               CURRENT GUESS       STEP         FIRST   
  NO.   NAME      VALUE            ERROR          SIZE      DERIVATIVE 
   1  N0           3.07483e+06   4.49152e+03   4.49152e+03  -1.25753e-05
   2  tau          6.44153e+01   constant   
   3  A0           3.48408e-01   1.66319e-03   1.66319e-03   1.05164e+01
   4  phi          3.95435e+00   5.91008e-03   5.91008e-03   4.31378e+00
   5  R           -6.13262e+01   constant   
   6  alpha_CBO    1.11282e-02   1.64784e-03   1.64784e-03   6.30680e+01
   7  w_CBO        2.32500e+00   constant   
   8  beta_CBO    -7.74612e-06   4.82754e-04   3.46426e-07  -1.72756e-04
   9  alpha_2CBO  -1.27874e-05   3.98382e-04   3.34567e-07  -6.33943e-02
  10  beta_2CBO    2.24728e-03     fixed    
  11  alpha_y      0.00000e+00     fixed    
  12  w_y          1.44500e+01   constant   
  13  beta_y      -2.06031e-03     fixed    
  14  alpha_vw     0.00000e+00     fixed    
  15  w_vw         1.29000e+01   constant   
  16  beta_vw      0.00000e+00     fixed    
  17  LM           4.28749e-04   constant   
  18  zeta_y       0.00000e+00   constant   
  19  zeta_vw      0.00000e+00   constant   
  20  T_CBO        3.39363e+01   1.06501e+00   9.09695e-07  -3.56864e-01
  21  alpha_A0    -5.36748e-01   2.57551e-02   5.88640e-06  -3.96588e-02
  22  beta_A0      5.39865e-01   2.52842e-02   6.23555e-06   3.50668e-02
  23  alpha_phi    4.83641e-01   2.25466e-02   9.38750e-06   1.37531e-02
  24  beta_phi     5.22627e-01   2.55559e-02   7.83656e-06   2.02704e-02
 MIGRAD MINIMIZATION HAS CONVERGED.
 MIGRAD WILL VERIFY CONVERGENCE AND ERROR MATRIX.
 FCN=16.9467 FROM HESSE     STATUS=NOT POSDEF    100 CALLS        3497 TOTAL
                     EDM=0.000833335    STRATEGY= 1      ERR MATRIX NOT POS-DEF
  EXT PARAMETER                APPROXIMATE        STEP         FIRST   
  NO.   NAME      VALUE            ERROR          SIZE      DERIVATIVE 
   1  N0           3.07492e+06   4.29658e+03   1.46624e+00  -2.68738e-06
   2  tau          6.44153e+01   constant   
   3  A0           3.48417e-01   2.85225e-03   4.99051e-07   8.88994e+00
   4  phi          3.95444e+00   5.81054e-03   1.88562e-06  -4.65810e+00
   5  R           -6.13262e+01   constant   
   6  alpha_CBO    1.10477e-02   1.46209e-03   3.38292e-07  -1.63433e+00
   7  w_CBO        2.32500e+00   constant   
   8  beta_CBO    -9.78595e-05   1.72154e-03   3.46399e-07   6.57348e+00
   9  alpha_2CBO  -4.69434e-05   5.40843e-04   3.34541e-07   3.22969e+00
  10  beta_2CBO    2.24728e-03     fixed    
  11  alpha_y      0.00000e+00     fixed    
  12  w_y          1.44500e+01   constant   
  13  beta_y      -2.06031e-03     fixed    
  14  alpha_vw     0.00000e+00     fixed    
  15  w_vw         1.29000e+01   constant   
  16  beta_vw      0.00000e+00     fixed    
  17  LM           4.28749e-04   constant   
  18  zeta_y       0.00000e+00   constant   
  19  zeta_vw      0.00000e+00   constant   
  20  T_CBO        3.39565e+01   9.76079e-01   9.09508e-07   2.72634e+00
  21  alpha_A0    -5.36373e-01   2.95149e-02   5.88490e-06   9.96672e-02
  22  beta_A0      5.39552e-01   3.21386e-02   6.23376e-06   2.56239e-01
  23  alpha_phi    4.84686e-01   3.55048e-02   9.38536e-06   3.82259e-01
  24  beta_phi     5.24837e-01   3.76436e-02   7.83462e-06   2.45978e-01
 CALL LIMIT EXCEEDED IN MIGRAD.
 MIGRAD TERMINATED WITHOUT CONVERGENCE.
 FCN=15.6542 FROM MIGRAD    STATUS=CALL LIMIT   1916 CALLS        5118 TOTAL
                     EDM=4.79498e-05    STRATEGY= 1      ERR MATRIX NOT POS-DEF
  EXT PARAMETER                APPROXIMATE        STEP         FIRST   
  NO.   NAME      VALUE            ERROR          SIZE      DERIVATIVE 
   1  N0           3.13263e+06   3.00716e+04  -1.28373e+02   9.43337e-06
   2  tau          6.44153e+01   constant   
   3  A0           3.73562e-01   5.06720e-02   3.01922e-04   3.27452e+01
   4  phi          4.09314e+00   1.50724e-02   8.08493e-05  -1.36051e+01
   5  R           -6.13262e+01   constant   
   6  alpha_CBO   -2.22109e-02   1.34817e-02  -7.81508e-05   1.19235e+01
   7  w_CBO        2.32500e+00   constant   
   8  beta_CBO    -8.14572e-03   2.68624e-02   1.58607e-04  -6.02734e+01
   9  alpha_2CBO  -1.14408e-02   2.79414e-03   1.07842e-05   4.26628e+01
  10  beta_2CBO    2.24728e-03     fixed    
  11  alpha_y      0.00000e+00     fixed    
  12  w_y          1.44500e+01   constant   
  13  beta_y      -2.06031e-03     fixed    
  14  alpha_vw     0.00000e+00     fixed    
  15  w_vw         1.29000e+01   constant   
  16  beta_vw      0.00000e+00     fixed    
  17  LM           4.28749e-04   constant   
  18  zeta_y       0.00000e+00   constant   
  19  zeta_vw      0.00000e+00   constant   
  20  T_CBO        3.06203e+01   1.79218e+00  -6.34248e-05  -2.06473e+01
  21  alpha_A0    -8.11893e-01   2.51686e-01  -1.59234e-03   1.47445e+00
  22  beta_A0     -2.45804e-01   1.99682e-01  -1.20495e-03  -3.05636e+00
  23  alpha_phi    1.92363e-01   8.36293e-02  -4.91231e-04   1.22334e+00
  24  beta_phi     1.41833e+00   1.76370e-01  -2.88491e-04  -1.43443e+00
 EXTERNAL ERROR MATRIX.    NDIM=  25    NPAR= 11    ERR DEF=1
  9.043e+08 
 -1.305e+03  2.568e-03 
 -2.766e+02  6.865e-04  2.272e-04 
  3.207e+02 -6.740e-04 -1.930e-04  1.818e-04 
 -7.256e+02  1.353e-03  3.462e-04 -3.491e-04  7.216e-04 
 -7.749e+01  9.643e-05  1.516e-05 -2.143e-05  5.671e-05  7.807e-06 
  4.580e+04 -9.064e-02 -2.446e-02  2.377e-02 -4.780e-02 -3.414e-03  3.212e+00 
  5.522e+03 -1.246e-02 -3.533e-03  3.325e-03 -6.455e-03 -3.827e-04  4.412e-01  6.335e-02 
  4.032e+03 -9.644e-03 -2.922e-03  2.620e-03 -4.948e-03 -2.602e-04  3.430e-01  4.966e-02  3.987e-02 
  1.683e+03 -3.663e-03 -1.013e-03  9.307e-04 -1.960e-03 -1.465e-04  1.325e-01  1.870e-02  1.487e-02  6.994e-03 
  4.351e+03 -3.873e-03 -2.329e-04  7.390e-04 -2.484e-03 -4.628e-04  1.361e-01  1.122e-02  6.093e-03  5.259e-03  3.111e-02 
ERR MATRIX NOT POS-DEF
 PARAMETER  CORRELATION COEFFICIENTS  
       NO.  GLOBAL      1      3      4      6      8      9     20     21     22     23     24
        1  0.99998   1.000 -0.857 -0.610  0.791 -0.898 -0.922  0.850  0.730  0.671  0.669  0.820
        3  1.00000  -0.857  1.000  0.899 -0.987  0.994  0.681 -0.998 -0.977 -0.953 -0.864 -0.433
        4  0.99990  -0.610  0.899  1.000 -0.950  0.855  0.360 -0.905 -0.931 -0.971 -0.804 -0.088
        6  0.99995   0.791 -0.987 -0.950  1.000 -0.964 -0.569  0.984  0.980  0.973  0.825  0.311
        8  0.99999  -0.898  0.994  0.855 -0.964  1.000  0.756 -0.993 -0.955 -0.922 -0.873 -0.524
        9  0.99951  -0.922  0.681  0.360 -0.569  0.756  1.000 -0.682 -0.544 -0.466 -0.627 -0.939
       20  0.99989   0.850 -0.998 -0.905  0.984 -0.993 -0.682  1.000  0.978  0.958  0.884  0.431
       21  0.99998   0.730 -0.977 -0.931  0.980 -0.955 -0.544  0.978  1.000  0.988  0.888  0.253
       22  0.99998   0.671 -0.953 -0.971  0.973 -0.922 -0.466  0.958  0.988  1.000  0.890  0.173
       23  0.99884   0.669 -0.864 -0.804  0.825 -0.873 -0.627  0.884  0.888  0.890  1.000  0.357
       24  0.99994   0.820 -0.433 -0.088  0.311 -0.524 -0.939  0.431  0.253  0.173  0.357  1.000
 ERR MATRIX NOT POS-DEF
MINUIT - FIT ONLY 1-y
 **********
 **   51 **RES 
 **********
                   PARAMETER   16  beta_vw RESTORED TO VARIABLE.
                   PARAMETER   14  alpha_vw RESTORED TO VARIABLE.
                   PARAMETER   13  beta_y RESTORED TO VARIABLE.
                   PARAMETER   11  alpha_y RESTORED TO VARIABLE.
                   PARAMETER   10  beta_2CBO RESTORED TO VARIABLE.
 **********
 **   52 **FIX            0
 **********
 PARAMETER    0  IS UNDEFINED. IGNORED.
 **********
 **   53 **FIX            1
 **********
 **********
 **   54 **FIX            2
 **********
 PARAMETER    2  IS CONSTANT.   IGNORED.
 **********
 **   55 **FIX            3
 **********
 **********
 **   56 **FIX            4
 **********
 **********
 **   57 **FIX            5
 **********
 PARAMETER    5  IS CONSTANT.   IGNORED.
 **********
 **   58 **FIX            6
 **********
 **********
 **   59 **FIX            7
 **********
 PARAMETER    7  IS CONSTANT.   IGNORED.
 **********
 **   60 **FIX            8
 **********
 **********
 **   61 **FIX            9
 **********
 **********
 **   62 **FIX           13
 **********
 **********
 **   63 **FIX           14
 **********
 **********
 **   64 **FIX           15
 **********
 PARAMETER   15  IS CONSTANT.   IGNORED.
 **********
 **   65 **FIX           16
 **********
 **********
 **   66 **MIGRAD
 **********
 START MIGRAD MINIMIZATION.  STRATEGY  1.  CONVERGENCE WHEN EDM .LT. 1.00e-04
 FCN=15.6542 FROM MIGRAD    STATUS=INITIATE       16 CALLS        5134 TOTAL
                     EDM= unknown      STRATEGY= 1      NO ERROR MATRIX       
  EXT PARAMETER               CURRENT GUESS       STEP         FIRST   
  NO.   NAME      VALUE            ERROR          SIZE      DERIVATIVE 
   1  N0           3.13263e+06     fixed    
   2  tau          6.44153e+01   constant   
   3  A0           3.73562e-01     fixed    
   4  phi          4.09314e+00     fixed    
   5  R           -6.13262e+01   constant   
   6  alpha_CBO   -2.22109e-02     fixed    
   7  w_CBO        2.32500e+00   constant   
   8  beta_CBO    -8.14572e-03     fixed    
   9  alpha_2CBO  -1.14408e-02     fixed    
  10  beta_2CBO    2.24728e-03   7.41728e-04   7.41728e-04   1.76682e+02
  11  alpha_y      0.00000e+00   1.00000e-03   1.00000e-03  -1.25956e+04
  12  w_y          1.44500e+01   constant   
  13  beta_y      -2.06031e-03     fixed    
  14  alpha_vw     0.00000e+00     fixed    
  15  w_vw         1.29000e+01   constant   
  16  beta_vw      0.00000e+00     fixed    
  17  LM           4.28749e-04   constant   
  18  zeta_y       0.00000e+00   constant   
  19  zeta_vw      0.00000e+00   constant   
  20  T_CBO        3.06203e+01   1.79218e+00  -6.34248e-05  -2.06473e+01
  21  alpha_A0    -8.11893e-01   2.51686e-01  -1.59234e-03   1.47445e+00
  22  beta_A0     -2.45804e-01   1.99682e-01  -1.20495e-03  -3.05636e+00
  23  alpha_phi    1.92363e-01   8.36293e-02  -4.91231e-04   1.22334e+00
  24  beta_phi     1.41833e+00   1.76370e-01  -2.88491e-04  -1.43443e+00
 MIGRAD MINIMIZATION HAS CONVERGED.
 MIGRAD WILL VERIFY CONVERGENCE AND ERROR MATRIX.
 FCN=14.5746 FROM MIGRAD    STATUS=CONVERGED     160 CALLS        5278 TOTAL
                     EDM=7.08174e-05    STRATEGY= 1      ERR MATRIX NOT POS-DEF
  EXT PARAMETER                APPROXIMATE        STEP         FIRST   
  NO.   NAME      VALUE            ERROR          SIZE      DERIVATIVE 
   1  N0           3.13263e+06     fixed    
   2  tau          6.44153e+01   constant   
   3  A0           3.73562e-01     fixed    
   4  phi          4.09314e+00     fixed    
   5  R           -6.13262e+01   constant   
   6  alpha_CBO   -2.22109e-02     fixed    
   7  w_CBO        2.32500e+00   constant   
   8  beta_CBO    -8.14572e-03     fixed    
   9  alpha_2CBO  -1.14408e-02     fixed    
  10  beta_2CBO    2.23410e-03   2.65598e-04   3.25679e-07  -4.15415e-01
  11  alpha_y      1.71325e-04   1.64756e-04   3.13984e-07  -4.40968e-02
  12  w_y          1.44500e+01   constant   
  13  beta_y      -2.06031e-03     fixed    
  14  alpha_vw     0.00000e+00     fixed    
  15  w_vw         1.29000e+01   constant   
  16  beta_vw      0.00000e+00     fixed    
  17  LM           4.28749e-04   constant   
  18  zeta_y       0.00000e+00   constant   
  19  zeta_vw      0.00000e+00   constant   
  20  T_CBO        3.06189e+01   6.04511e-01   5.81274e-07   1.52454e+00
  21  alpha_A0    -8.11525e-01   2.64234e-02   5.70620e-06   1.23515e-01
  22  beta_A0     -2.46080e-01   9.16017e-03   5.67842e-06  -9.75719e-04
  23  alpha_phi    1.92024e-01   8.66407e-03   9.82424e-06   4.46275e-03
  24  beta_phi     1.41849e+00   4.63632e-02   8.15023e-06  -7.23915e-02
 EXTERNAL ERROR MATRIX.    NDIM=  25    NPAR=  7    ERR DEF=1
  7.054e-08 -8.449e-10  4.992e-06 -1.355e-07 -4.741e-07  1.047e-06 -7.849e-07 
 -8.449e-10  2.714e-08 -7.120e-07  3.184e-08 -6.241e-08 -2.834e-08  5.252e-08 
  4.992e-06 -7.120e-07  3.654e-01  1.584e-02  5.069e-03 -3.315e-03 -2.789e-02 
 -1.355e-07  3.184e-08  1.584e-02  6.982e-04  2.211e-04 -1.525e-04 -1.207e-03 
 -4.741e-07 -6.241e-08  5.069e-03  2.211e-04  8.391e-05 -5.199e-05 -3.811e-04 
  1.047e-06 -2.834e-08 -3.315e-03 -1.525e-04 -5.199e-05  7.507e-05  2.503e-04 
 -7.849e-07  5.252e-08 -2.789e-02 -1.207e-03 -3.811e-04  2.503e-04  2.150e-03 
ERR MATRIX NOT POS-DEF
 PARAMETER  CORRELATION COEFFICIENTS  
       NO.  GLOBAL     10     11     20     21     22     23     24
       10  0.77201   1.000 -0.019  0.031 -0.019 -0.195  0.455 -0.064
       11  0.15534  -0.019  1.000 -0.007  0.007 -0.041 -0.020  0.007
       20  0.99786   0.031 -0.007  1.000  0.992  0.915 -0.633 -0.995
       21  0.99371  -0.019  0.007  0.992  1.000  0.914 -0.666 -0.985
       22  0.94697  -0.195 -0.041  0.915  0.914  1.000 -0.655 -0.897
       23  0.80903   0.455 -0.020 -0.633 -0.666 -0.655  1.000  0.623
       24  0.99584  -0.064  0.007 -0.995 -0.985 -0.897  0.623  1.000
 ERR MATRIX NOT POS-DEF
MINUIT - FIT ONLY 2-y
 **********
 **   67 **RES 
 **********
                   PARAMETER   16  beta_vw RESTORED TO VARIABLE.
                   PARAMETER   14  alpha_vw RESTORED TO VARIABLE.
                   PARAMETER   13  beta_y RESTORED TO VARIABLE.
                   PARAMETER    9  alpha_2CBO RESTORED TO VARIABLE.
                   PARAMETER    8  beta_CBO RESTORED TO VARIABLE.
                   PARAMETER    6  alpha_CBO RESTORED TO VARIABLE.
                   PARAMETER    4  phi RESTORED TO VARIABLE.
                   PARAMETER    3  A0 RESTORED TO VARIABLE.
                   PARAMETER    1  N0 RESTORED TO VARIABLE.
 **********
 **   68 **FIX            0
 **********
 PARAMETER    0  IS UNDEFINED. IGNORED.
 **********
 **   69 **FIX            1
 **********
 **********
 **   70 **FIX            2
 **********
 PARAMETER    2  IS CONSTANT.   IGNORED.
 **********
 **   71 **FIX            3
 **********
 **********
 **   72 **FIX            4
 **********
 **********
 **   73 **FIX            5
 **********
 PARAMETER    5  IS CONSTANT.   IGNORED.
 **********
 **   74 **FIX            6
 **********
 **********
 **   75 **FIX            7
 **********
 PARAMETER    7  IS CONSTANT.   IGNORED.
 **********
 **   76 **FIX            8
 **********
 **********
 **   77 **FIX            9
 **********
 **********
 **   78 **FIX           10
 **********
 **********
 **   79 **FIX           11
 **********
 **********
 **   80 **FIX           12
 **********
 PARAMETER   12  IS CONSTANT.   IGNORED.
 **********
 **   81 **FIX           16
 **********
 **********
 **   82 **MIGRAD
 **********
 START MIGRAD MINIMIZATION.  STRATEGY  1.  CONVERGENCE WHEN EDM .LT. 1.00e-04
 FCN=14.5746 FROM MIGRAD    STATUS=INITIATE       16 CALLS        5294 TOTAL
                     EDM= unknown      STRATEGY= 1      NO ERROR MATRIX       
  EXT PARAMETER               CURRENT GUESS       STEP         FIRST   
  NO.   NAME      VALUE            ERROR          SIZE      DERIVATIVE 
   1  N0           3.13263e+06     fixed    
   2  tau          6.44153e+01   constant   
   3  A0           3.73562e-01     fixed    
   4  phi          4.09314e+00     fixed    
   5  R           -6.13262e+01   constant   
   6  alpha_CBO   -2.22109e-02     fixed    
   7  w_CBO        2.32500e+00   constant   
   8  beta_CBO    -8.14572e-03     fixed    
   9  alpha_2CBO  -1.14408e-02     fixed    
  10  beta_2CBO    2.23410e-03     fixed    
  11  alpha_y      1.71325e-04     fixed    
  12  w_y          1.44500e+01   constant   
