 + ++++++++++++++++++++++++++++++++++++++++++++++++++++++++++++++++++++ +
 +                                                                      +
 +           You have chose to blind your fitting according to          +
 +                omega_ref * (1 + (R +/- deltaR) *10^{-6})             +
 +                                                                      +
 + ++++++++++++++++++++++++++++++++++++++++++++++++++++++++++++++++++++ +
In main()...
reading format from /gm2data/zkhechad/run45/envelope/formats/formatB_sBin_constraintOn.txt
pBinTau 	= 0  
pBinPhi 	= 0  
constraintau 	= 1 
includeMopTerm 	= 0    
constrainMop    = 0   
Parameters after format file: pBinTau 0 pBinPhi 0 constraintau 1 includeMopTerm 0 constrainMop 0 c_e_scale 0.000000 
Opening file /gm2data/tbarrett/gm2fr/studies/run23_bunch_corrections/CorrectedFourier_Run3b.root.
reading full fit data from /gm2data/zkhechad/cboTemplates/Run4CBOTemplates/templateFits0_v2.0/noRF/sBin_constraintOn_cE0.0_seed0_noRF_calo6.root
windowBins = 17
fitting sliding window 306 from bin 442 at 65.797200 to bin 459 at 68.482800 (17 bins)

Reading data from /gm2data/cornell/histograms/aMethod/histogram_a_noRF.root
 **********
 **    1 **SET PRINTOUT            1
 **********
 **********
 **    2 **SET NOWARNINGS 
 **********
 PARAMETER DEFINITIONS:
    NO.   NAME         VALUE      STEP SIZE      LIMITS
     1 N0           2.90949e+06  1.00000e+02     no limits
     2 tau          6.43983e+01  constant
     3 A0           3.53683e-01  1.00000e-04     no limits
     4 phi          4.11541e+00  1.00000e-02     no limits
     5 R           -6.16270e+01  constant
     6 alpha_CBO    0.00000e+00  1.00000e-03     no limits
     7 w_CBO        2.32500e+00  constant
     8 beta_CBO     0.00000e+00  1.00000e-03     no limits
     9 alpha_2CBO   0.00000e+00  1.00000e-03     no limits
    10 beta_2CBO    0.00000e+00  1.00000e-03     no limits
    11 alpha_y      0.00000e+00  1.00000e-03     no limits
    12 w_y          1.44500e+01  constant
    13 beta_y       0.00000e+00  1.00000e-03     no limits
    14 alpha_vw     0.00000e+00  1.00000e-03     no limits
    15 w_vw         1.29000e+01  constant
    16 beta_vw      0.00000e+00  1.00000e-03     no limits
    17 LM          -2.35969e-04  constant
    18 zeta_y       0.00000e+00  constant
    19 zeta_vw      0.00000e+00  constant
    20 T_CBO        1.00000e+02  1.00000e+00    0.00000e+00  1.00000e+03
    21 alpha_A0     0.00000e+00  1.00000e-03     no limits
    22 beta_A0      0.00000e+00  1.00000e-03     no limits
    23 alpha_phi    0.00000e+00  1.00000e-03     no limits
    24 beta_phi     0.00000e+00  1.00000e-03     no limits
MINUIT - FIT ONLY WIGGLE
 **********
 **    3 **FIX            5
 **********
 PARAMETER    5  IS CONSTANT.   IGNORED.
 **********
 **    4 **FIX            6
 **********
 **********
 **    5 **FIX            7
 **********
 PARAMETER    7  IS CONSTANT.   IGNORED.
 **********
 **    6 **FIX            8
 **********
 **********
 **    7 **FIX            9
 **********
 **********
 **    8 **FIX           10
 **********
 **********
 **    9 **FIX           11
 **********
 **********
 **   10 **FIX           12
 **********
 PARAMETER   12  IS CONSTANT.   IGNORED.
 **********
 **   11 **FIX           13
 **********
 **********
 **   12 **FIX           14
 **********
 **********
 **   13 **FIX           15
 **********
 PARAMETER   15  IS CONSTANT.   IGNORED.
 **********
 **   14 **FIX           16
 **********
 **********
 **   15 **MIGRAD
 **********
 FIRST CALL TO USER FUNCTION AT NEW START POINT, WITH IFLAG=4.
 START MIGRAD MINIMIZATION.  STRATEGY  1.  CONVERGENCE WHEN EDM .LT. 1.00e-04
 FCN=1479.13 FROM MIGRAD    STATUS=INITIATE      435 CALLS         436 TOTAL
                     EDM= unknown      STRATEGY= 1      NO ERROR MATRIX       
  EXT PARAMETER               CURRENT GUESS       STEP         FIRST   
  NO.   NAME      VALUE            ERROR          SIZE      DERIVATIVE 
   1  N0           2.90949e+06   1.00000e+02   0.00000e+00   5.42414e-03
   2  tau          6.43983e+01   constant   
   3  A0           3.53683e-01   1.00000e-04   0.00000e+00   1.69348e+05
   4  phi          4.11541e+00   1.00000e-02   0.00000e+00   5.76066e+04
   5  R           -6.16270e+01   constant   
   6  alpha_CBO    0.00000e+00     fixed    
   7  w_CBO        2.32500e+00   constant   
   8  beta_CBO     0.00000e+00     fixed    
   9  alpha_2CBO   0.00000e+00     fixed    
  10  beta_2CBO    0.00000e+00     fixed    
  11  alpha_y      0.00000e+00     fixed    
  12  w_y          1.44500e+01   constant   
  13  beta_y       0.00000e+00     fixed    
  14  alpha_vw     0.00000e+00     fixed    
  15  w_vw         1.29000e+01   constant   
  16  beta_vw      0.00000e+00     fixed    
  17  LM          -2.35969e-04   constant   
  18  zeta_y       0.00000e+00   constant   
  19  zeta_vw      0.00000e+00   constant   
  20  T_CBO        1.00000e+02   1.00000e+00   0.00000e+00   0.00000e+00
  21  alpha_A0     0.00000e+00   1.00000e-03   0.00000e+00   2.73322e+03
  22  beta_A0      0.00000e+00   1.00000e-03   0.00000e+00  -3.05878e+04
  23  alpha_phi    0.00000e+00   1.00000e-03   0.00000e+00   4.19184e+03
  24  beta_phi     0.00000e+00   1.00000e-03   0.00000e+00   2.70371e+03
 CALL LIMIT EXCEEDED IN MIGRAD.
 MIGRAD TERMINATED WITHOUT CONVERGENCE.
 FCN=192.533 FROM MIGRAD    STATUS=CALL LIMIT   1330 CALLS        1331 TOTAL
                     EDM=0.113823    STRATEGY= 1  ERROR MATRIX UNCERTAINTY  17.8 per cent
  EXT PARAMETER                APPROXIMATE        STEP         FIRST   
  NO.   NAME      VALUE            ERROR          SIZE      DERIVATIVE 
   1  N0           2.88749e+06   5.72786e+03  -1.31324e+02   4.29340e-04
   2  tau          6.43983e+01   constant   
   3  A0           3.60592e-01   2.33661e-03  -8.69308e-05   1.17565e+03
   4  phi          4.07722e+00   5.26060e-03   6.59455e-06  -3.80897e+02
   5  R           -6.16270e+01   constant   
   6  alpha_CBO    0.00000e+00     fixed    
   7  w_CBO        2.32500e+00   constant   
   8  beta_CBO     0.00000e+00     fixed    
   9  alpha_2CBO   0.00000e+00     fixed    
  10  beta_2CBO    0.00000e+00     fixed    
  11  alpha_y      0.00000e+00     fixed    
  12  w_y          1.44500e+01   constant   
  13  beta_y       0.00000e+00     fixed    
  14  alpha_vw     0.00000e+00     fixed    
  15  w_vw         1.29000e+01   constant   
  16  beta_vw      0.00000e+00     fixed    
  17  LM          -2.35969e-04   constant   
  18  zeta_y       0.00000e+00   constant   
  19  zeta_vw      0.00000e+00   constant   
  20  T_CBO        4.40011e+01   1.50462e+00   1.03566e-03   1.27865e+02
  21  alpha_A0     1.22889e-01   5.38822e-02  -3.34581e-04   1.25943e+00
  22  beta_A0      1.09512e-01   2.83557e-02  -3.27128e-04  -2.82615e+01
  23  alpha_phi    1.14844e-01   3.24585e-02   4.85740e-04   7.71726e+00
  24  beta_phi    -1.45655e-01   5.08706e-02   1.46792e-04   1.09465e+02
 EXTERNAL ERROR MATRIX.    NDIM=  25    NPAR=  8    ERR DEF=1
  3.281e+07 -3.999e-01 -2.524e+01  2.252e+03  2.387e+02 -1.265e+02 -1.506e+02 -2.404e+02 
 -3.999e-01  5.460e-06 -4.796e-06 -1.939e-03  7.256e-05  4.202e-05  4.496e-05 -5.809e-05 
 -2.524e+01 -4.796e-06  2.767e-05 -1.019e-03 -2.706e-04  6.532e-05  7.539e-05  2.623e-04 
  2.252e+03 -1.939e-03 -1.019e-03  2.264e+00  9.937e-04 -2.313e-02 -2.119e-02 -6.136e-03 
  2.387e+02  7.256e-05 -2.706e-04  9.937e-04  2.903e-03 -3.757e-04 -4.767e-04 -2.715e-03 
 -1.265e+02  4.202e-05  6.532e-05 -2.313e-02 -3.757e-04  8.040e-04  9.041e-04  5.029e-04 
 -1.506e+02  4.496e-05  7.539e-05 -2.119e-02 -4.767e-04  9.041e-04  1.054e-03  5.994e-04 
 -2.404e+02 -5.809e-05  2.623e-04 -6.136e-03 -2.715e-03  5.029e-04  5.994e-04  2.588e-03 
ERR MATRIX APPROXIMATE
 PARAMETER  CORRELATION COEFFICIENTS  
       NO.  GLOBAL      1      3      4     20     21     22     23     24
        1  0.99913   1.000 -0.030 -0.838  0.261  0.773 -0.779 -0.810 -0.825
        3  0.99904  -0.030  1.000 -0.390 -0.551  0.576  0.634  0.593 -0.489
        4  0.99798  -0.838 -0.390  1.000 -0.129 -0.955  0.438  0.442  0.980
       20  0.97403   0.261 -0.551 -0.129  1.000  0.012 -0.542 -0.434 -0.080
       21  0.99857   0.773  0.576 -0.955  0.012  1.000 -0.246 -0.273 -0.991
       22  0.99871  -0.779  0.634  0.438 -0.542 -0.246  1.000  0.982  0.349
       23  0.99849  -0.810  0.593  0.442 -0.434 -0.273  0.982  1.000  0.363
       24  0.99927  -0.825 -0.489  0.980 -0.080 -0.991  0.349  0.363  1.000
 ERR MATRIX APPROXIMATE
MINUIT - FIT ONLY 1-CBO + wiggle
 **********
 **   16 **RES 
 **********
                   PARAMETER   16  beta_vw RESTORED TO VARIABLE.
                   PARAMETER   14  alpha_vw RESTORED TO VARIABLE.
                   PARAMETER   13  beta_y RESTORED TO VARIABLE.
                   PARAMETER   11  alpha_y RESTORED TO VARIABLE.
                   PARAMETER   10  beta_2CBO RESTORED TO VARIABLE.
                   PARAMETER    9  alpha_2CBO RESTORED TO VARIABLE.
                   PARAMETER    8  beta_CBO RESTORED TO VARIABLE.
                   PARAMETER    6  alpha_CBO RESTORED TO VARIABLE.
 **********
 **   17 **FIX            8
 **********
 **********
 **   18 **FIX            9
 **********
 **********
 **   19 **FIX           11
 **********
 **********
 **   20 **FIX           12
 **********
 PARAMETER   12  IS CONSTANT.   IGNORED.
 **********
 **   21 **FIX           14
 **********
 **********
 **   22 **FIX           15
 **********
 PARAMETER   15  IS CONSTANT.   IGNORED.
 **********
 **   23 **FIX           16
 **********
 **********
 **   24 **MIGRAD
 **********
 START MIGRAD MINIMIZATION.  STRATEGY  1.  CONVERGENCE WHEN EDM .LT. 1.00e-04
 FCN=192.533 FROM MIGRAD    STATUS=INITIATE       28 CALLS        1359 TOTAL
                     EDM= unknown      STRATEGY= 1      NO ERROR MATRIX       
  EXT PARAMETER               CURRENT GUESS       STEP         FIRST   
  NO.   NAME      VALUE            ERROR          SIZE      DERIVATIVE 
   1  N0           2.88749e+06   5.72786e+03  -1.31324e+02   4.29340e-04
   2  tau          6.43983e+01   constant   
   3  A0           3.60592e-01   2.33661e-03  -8.69308e-05   1.17565e+03
   4  phi          4.07722e+00   5.26060e-03   6.59455e-06  -3.80897e+02
   5  R           -6.16270e+01   constant   
   6  alpha_CBO    0.00000e+00   1.00000e-03   1.00000e-03   6.50760e+02
   7  w_CBO        2.32500e+00   constant   
   8  beta_CBO     0.00000e+00     fixed    
   9  alpha_2CBO   0.00000e+00     fixed    
  10  beta_2CBO    0.00000e+00   1.00000e-03   1.00000e-03   4.76062e+03
  11  alpha_y      0.00000e+00     fixed    
  12  w_y          1.44500e+01   constant   
  13  beta_y       0.00000e+00   1.00000e-03   1.00000e-03  -8.17594e+04
  14  alpha_vw     0.00000e+00     fixed    
  15  w_vw         1.29000e+01   constant   
  16  beta_vw      0.00000e+00     fixed    
  17  LM          -2.35969e-04   constant   
  18  zeta_y       0.00000e+00   constant   
  19  zeta_vw      0.00000e+00   constant   
  20  T_CBO        4.40011e+01   1.50462e+00   1.03566e-03  -1.27865e+02
  21  alpha_A0     1.22889e-01   5.38822e-02  -3.34581e-04   1.25943e+00
  22  beta_A0      1.09512e-01   2.83557e-02  -3.27128e-04  -2.82615e+01
  23  alpha_phi    1.14844e-01   3.24585e-02   4.85740e-04   7.71726e+00
  24  beta_phi    -1.45655e-01   5.08706e-02   1.46792e-04   1.09465e+02
 CALL LIMIT EXCEEDED IN MIGRAD.
 MIGRAD TERMINATED WITHOUT CONVERGENCE.
 FCN=97.6564 FROM MIGRAD    STATUS=CALL LIMIT   1905 CALLS        3236 TOTAL
                     EDM=0.000122558    STRATEGY= 1  ERROR MATRIX UNCERTAINTY  25.5 per cent
  EXT PARAMETER                APPROXIMATE        STEP         FIRST   
  NO.   NAME      VALUE            ERROR          SIZE      DERIVATIVE 
   1  N0           2.91436e+06   2.34266e+04   1.87068e+02  -3.57958e-06
   2  tau          6.43983e+01   constant   
   3  A0           3.42869e-01   1.86622e-02  -1.48081e-04   1.63198e+01
   4  phi          4.10988e+00   9.03479e-03   7.13304e-05   4.40904e+00
   5  R           -6.16270e+01   constant   
   6  alpha_CBO    3.26162e-02   7.94277e-03   6.16655e-05   2.57932e+01
   7  w_CBO        2.32500e+00   constant   
   8  beta_CBO     0.00000e+00     fixed    
   9  alpha_2CBO   0.00000e+00     fixed    
  10  beta_2CBO   -9.23449e-03   1.50445e-03  -9.70617e-06  -1.53906e+01
  11  alpha_y      0.00000e+00     fixed    
  12  w_y          1.44500e+01   constant   
  13  beta_y       1.84173e-03   2.14162e-04   3.80804e-07   7.05735e+00
  14  alpha_vw     0.00000e+00     fixed    
  15  w_vw         1.29000e+01   constant   
  16  beta_vw      0.00000e+00     fixed    
  17  LM          -2.35969e-04   constant   
  18  zeta_y       0.00000e+00   constant   
  19  zeta_vw      0.00000e+00   constant   
  20  T_CBO        4.65432e+01   1.14827e+01  -4.01831e-04  -5.83976e+00
  21  alpha_A0     4.79939e-01   1.76460e-01   1.44844e-03  -2.02585e+00
  22  beta_A0     -1.37268e-02   2.31192e-01  -1.81100e-03  -7.49229e-01
  23  alpha_phi    5.18549e-02   2.10694e-01  -1.61827e-03  -1.61996e-01
  24  beta_phi    -6.86686e-02   4.63637e-02   3.81030e-04   2.20085e-02
 EXTERNAL ERROR MATRIX.    NDIM=  25    NPAR= 11    ERR DEF=1
  5.488e+08 
 -4.361e+02  3.483e-04 
  1.958e+02 -1.522e-04  8.163e-05 
  1.586e+02 -1.229e-04  6.935e-05  6.309e-05 
 -1.902e+01  1.435e-05 -1.010e-05 -1.043e-05  2.263e-06 
  1.788e-01 -1.337e-07  4.818e-09 -4.767e-08  1.847e-08  4.587e-08 
 -2.572e+05  2.078e-01 -8.098e-02 -6.084e-02  5.174e-03 -1.393e-04  1.320e+02 
  4.113e+03 -3.265e-03  1.502e-03  1.251e-03 -1.629e-04  8.680e-07 -1.886e+00  3.114e-02 
 -5.371e+03  4.303e-03 -1.820e-03 -1.453e-03  1.619e-04 -2.005e-06  2.609e+00 -4.005e-02  5.345e-02 
 -4.884e+03  3.913e-03 -1.643e-03 -1.292e-03  1.363e-04 -2.038e-06  2.391e+00 -3.625e-02  4.865e-02  4.439e-02 
  1.073e+03 -8.590e-04  3.765e-04  3.079e-04 -3.855e-05  3.010e-07 -5.096e-01  8.080e-03 -1.061e-02 -9.613e-03  2.150e-03 
ERR MATRIX APPROXIMATE
 PARAMETER  CORRELATION COEFFICIENTS  
       NO.  GLOBAL      1      3      4      6     10     13     20     21     22     23     24
        1  0.99995   1.000 -0.997  0.925  0.852 -0.540  0.036 -0.956  0.995 -0.992 -0.990  0.988
        3  0.99997  -0.997  1.000 -0.903 -0.829  0.511 -0.033  0.969 -0.991  0.997  0.995 -0.993
        4  0.99945   0.925 -0.903  1.000  0.966 -0.743  0.002 -0.780  0.942 -0.871 -0.863  0.899
        6  0.99979   0.852 -0.829  0.966  1.000 -0.873 -0.028 -0.667  0.893 -0.791 -0.772  0.836
       10  0.99456  -0.540  0.511 -0.743 -0.873  1.000  0.057  0.299 -0.613  0.466  0.430 -0.553
       13  0.18100   0.036 -0.033  0.002 -0.028  0.057  1.000 -0.057  0.023 -0.040 -0.045  0.030
       20  0.99985  -0.956  0.969 -0.780 -0.667  0.299 -0.057  1.000 -0.930  0.982  0.988 -0.957
       21  0.99995   0.995 -0.991  0.942  0.893 -0.613  0.023 -0.930  1.000 -0.982 -0.975  0.988
       22  0.99995  -0.992  0.997 -0.871 -0.791  0.466 -0.040  0.982 -0.982  1.000  0.999 -0.990
       23  0.99996  -0.990  0.995 -0.863 -0.772  0.430 -0.045  0.988 -0.975  0.999  1.000 -0.984
       24  0.99813   0.988 -0.993  0.899  0.836 -0.553  0.030 -0.957  0.988 -0.990 -0.984  1.000
 ERR MATRIX APPROXIMATE
MINUIT - FIT ONLY 2-CBO
 **********
 **   25 **RES 
 **********
                   PARAMETER   16  beta_vw RESTORED TO VARIABLE.
                   PARAMETER   14  alpha_vw RESTORED TO VARIABLE.
                   PARAMETER   11  alpha_y RESTORED TO VARIABLE.
                   PARAMETER    9  alpha_2CBO RESTORED TO VARIABLE.
                   PARAMETER    8  beta_CBO RESTORED TO VARIABLE.
 **********
 **   26 **FIX            0
 **********
 PARAMETER    0  IS UNDEFINED. IGNORED.
 **********
 **   27 **FIX            1
 **********
 **********
 **   28 **FIX            2
 **********
 PARAMETER    2  IS CONSTANT.   IGNORED.
 **********
 **   29 **FIX            3
 **********
 **********
 **   30 **FIX            4
 **********
 **********
 **   31 **FIX            5
 **********
 PARAMETER    5  IS CONSTANT.   IGNORED.
 **********
 **   32 **FIX            6
 **********
 **********
 **   33 **FIX            7
 **********
 PARAMETER    7  IS CONSTANT.   IGNORED.
 **********
 **   34 **FIX           10
 **********
 **********
 **   35 **FIX           11
 **********
 **********
 **   36 **FIX           12
 **********
 PARAMETER   12  IS CONSTANT.   IGNORED.
 **********
 **   37 **FIX           13
 **********
 **********
 **   38 **FIX           14
 **********
 **********
 **   39 **FIX           15
 **********
 PARAMETER   15  IS CONSTANT.   IGNORED.
 **********
 **   40 **FIX           16
 **********
 **********
 **   41 **MIGRAD
 **********
 START MIGRAD MINIMIZATION.  STRATEGY  1.  CONVERGENCE WHEN EDM .LT. 1.00e-04
 FCN=97.6564 FROM MIGRAD    STATUS=INITIATE       18 CALLS        3254 TOTAL
                     EDM= unknown      STRATEGY= 1      NO ERROR MATRIX       
  EXT PARAMETER               CURRENT GUESS       STEP         FIRST   
  NO.   NAME      VALUE            ERROR          SIZE      DERIVATIVE 
   1  N0           2.91436e+06     fixed    
   2  tau          6.43983e+01   constant   
   3  A0           3.42869e-01     fixed    
   4  phi          4.10988e+00     fixed    
   5  R           -6.16270e+01   constant   
   6  alpha_CBO    3.26162e-02     fixed    
   7  w_CBO        2.32500e+00   constant   
   8  beta_CBO     0.00000e+00   1.00000e-03   1.00000e-03   5.61352e+01
   9  alpha_2CBO   0.00000e+00   1.00000e-03   1.00000e-03  -7.15002e+02
  10  beta_2CBO   -9.23449e-03     fixed    
  11  alpha_y      0.00000e+00     fixed    
  12  w_y          1.44500e+01   constant   
  13  beta_y       1.84173e-03     fixed    
  14  alpha_vw     0.00000e+00     fixed    
  15  w_vw         1.29000e+01   constant   
  16  beta_vw      0.00000e+00     fixed    
  17  LM          -2.35969e-04   constant   
  18  zeta_y       0.00000e+00   constant   
  19  zeta_vw      0.00000e+00   constant   
  20  T_CBO        4.65432e+01   1.14827e+01  -4.01831e-04  -5.83976e+00
  21  alpha_A0     4.79939e-01   1.76460e-01   1.44844e-03  -2.02585e+00
  22  beta_A0     -1.37268e-02   2.31192e-01  -1.81100e-03  -7.49232e-01
  23  alpha_phi    5.18549e-02   2.10694e-01  -1.61827e-03  -1.61996e-01
  24  beta_phi    -6.86686e-02   4.63637e-02   3.81030e-04   2.20081e-02
 MIGRAD MINIMIZATION HAS CONVERGED.
 MIGRAD WILL VERIFY CONVERGENCE AND ERROR MATRIX.
 FCN=97.5674 FROM MIGRAD    STATUS=CONVERGED     165 CALLS        3401 TOTAL
                     EDM=9.65472e-06    STRATEGY= 1      ERR MATRIX NOT POS-DEF
  EXT PARAMETER                APPROXIMATE        STEP         FIRST   
  NO.   NAME      VALUE            ERROR          SIZE      DERIVATIVE 
   1  N0           2.91436e+06     fixed    
   2  tau          6.43983e+01   constant   
   3  A0           3.42869e-01     fixed    
   4  phi          4.10988e+00     fixed    
   5  R           -6.16270e+01   constant   
   6  alpha_CBO    3.26162e-02     fixed    
   7  w_CBO        2.32500e+00   constant   
   8  beta_CBO     3.07448e-04   1.01039e-03   1.00372e-06  -5.96064e+00
   9  alpha_2CBO   2.61387e-04   8.00604e-04   9.86631e-07  -1.42690e+01
  10  beta_2CBO   -9.23449e-03     fixed    
  11  alpha_y      0.00000e+00     fixed    
  12  w_y          1.44500e+01   constant   
  13  beta_y       1.84173e-03     fixed    
  14  alpha_vw     0.00000e+00     fixed    
  15  w_vw         1.29000e+01   constant   
  16  beta_vw      0.00000e+00     fixed    
  17  LM          -2.35969e-04   constant   
  18  zeta_y       0.00000e+00   constant   
  19  zeta_vw      0.00000e+00   constant   
  20  T_CBO        4.65873e+01   3.53273e+00   5.37615e-06   6.24285e-01
  21  alpha_A0     4.81449e-01   5.28391e-02   1.70069e-05   3.74702e-01
  22  beta_A0     -8.27644e-03   1.77578e-02   1.63434e-05   3.87005e-01
  23  alpha_phi    4.91444e-02   1.02020e-02   1.30494e-05  -9.12250e-01
  24  beta_phi    -6.76178e-02   9.07478e-03   1.63830e-05   2.15080e-01
 EXTERNAL ERROR MATRIX.    NDIM=  25    NPAR=  7    ERR DEF=1
  1.021e-06  7.484e-07  1.584e-04  4.237e-06  1.751e-05 -8.170e-06  2.750e-06 
  7.484e-07  6.410e-07  1.606e-04  2.839e-06  1.322e-05 -6.671e-06  2.715e-06 
  1.584e-04  1.606e-04  1.248e+01 -1.848e-01  5.852e-03 -1.969e-02  2.734e-02 
  4.237e-06  2.839e-06 -1.848e-01  2.792e-03  2.926e-05  2.371e-04 -3.889e-04 
  1.751e-05  1.322e-05  5.852e-03  2.926e-05  3.153e-04 -1.483e-04  5.253e-05 
 -8.170e-06 -6.671e-06 -1.969e-02  2.371e-04 -1.483e-04  1.041e-04 -6.586e-05 
  2.750e-06  2.715e-06  2.734e-02 -3.889e-04  5.253e-05 -6.586e-05  8.235e-05 
ERR MATRIX NOT POS-DEF
 PARAMETER  CORRELATION COEFFICIENTS  
       NO.  GLOBAL      8      9     20     21     22     23     24
        8  0.97883   1.000  0.925  0.044  0.079  0.976 -0.793  0.300
        9  0.96722   0.925  1.000  0.057  0.067  0.930 -0.817  0.374
       20  0.99781   0.044  0.057  1.000 -0.990  0.093 -0.546  0.853
       21  0.99780   0.079  0.067 -0.990  1.000  0.031  0.440 -0.811
       22  0.98187   0.976  0.930  0.093  0.031  1.000 -0.819  0.326
       23  0.96466  -0.793 -0.817 -0.546  0.440 -0.819  1.000 -0.711
       24  0.92827   0.300  0.374  0.853 -0.811  0.326 -0.711  1.000
 ERR MATRIX NOT POS-DEF
MINUIT - FIT wiggle + 1-CBO + 2-CBO
 **********
 **   42 **RES 
 **********
                   PARAMETER   16  beta_vw RESTORED TO VARIABLE.
                   PARAMETER   14  alpha_vw RESTORED TO VARIABLE.
                   PARAMETER   13  beta_y RESTORED TO VARIABLE.
                   PARAMETER   11  alpha_y RESTORED TO VARIABLE.
                   PARAMETER   10  beta_2CBO RESTORED TO VARIABLE.
                   PARAMETER    6  alpha_CBO RESTORED TO VARIABLE.
                   PARAMETER    4  phi RESTORED TO VARIABLE.
                   PARAMETER    3  A0 RESTORED TO VARIABLE.
                   PARAMETER    1  N0 RESTORED TO VARIABLE.
 **********
 **   43 **FIX           10
 **********
 **********
 **   44 **FIX           11
 **********
 **********
 **   45 **FIX           12
 **********
 PARAMETER   12  IS CONSTANT.   IGNORED.
 **********
 **   46 **FIX           13
 **********
 **********
 **   47 **FIX           14
 **********
 **********
 **   48 **FIX           15
 **********
 PARAMETER   15  IS CONSTANT.   IGNORED.
 **********
 **   49 **FIX           16
 **********
 **********
 **   50 **MIGRAD
 **********
 START MIGRAD MINIMIZATION.  STRATEGY  1.  CONVERGENCE WHEN EDM .LT. 1.00e-04
 FCN=97.5674 FROM MIGRAD    STATUS=INITIATE       22 CALLS        3423 TOTAL
                     EDM= unknown      STRATEGY= 1      NO ERROR MATRIX       
  EXT PARAMETER               CURRENT GUESS       STEP         FIRST   
  NO.   NAME      VALUE            ERROR          SIZE      DERIVATIVE 
   1  N0           2.91436e+06   2.34266e+04   2.34266e+04  -5.35047e-06
   2  tau          6.43983e+01   constant   
   3  A0           3.42869e-01   1.86622e-02   1.86622e-02  -5.66682e+01
   4  phi          4.10988e+00   9.03479e-03   9.03479e-03   2.64190e+01
   5  R           -6.16270e+01   constant   
   6  alpha_CBO    3.26162e-02   7.94277e-03   7.94277e-03  -2.49077e+02
   7  w_CBO        2.32500e+00   constant   
   8  beta_CBO     3.07448e-04   1.01039e-03   1.00372e-06  -5.96065e+00
   9  alpha_2CBO   2.61387e-04   8.00604e-04   9.86631e-07  -1.42690e+01
  10  beta_2CBO   -9.23449e-03     fixed    
  11  alpha_y      0.00000e+00     fixed    
  12  w_y          1.44500e+01   constant   
  13  beta_y       1.84173e-03     fixed    
  14  alpha_vw     0.00000e+00     fixed    
  15  w_vw         1.29000e+01   constant   
  16  beta_vw      0.00000e+00     fixed    
  17  LM          -2.35969e-04   constant   
  18  zeta_y       0.00000e+00   constant   
  19  zeta_vw      0.00000e+00   constant   
  20  T_CBO        4.65873e+01   3.53273e+00   5.37615e-06   6.24311e-01
  21  alpha_A0     4.81449e-01   5.28391e-02   1.70069e-05   3.74708e-01
  22  beta_A0     -8.27644e-03   1.77578e-02   1.63434e-05   3.87015e-01
  23  alpha_phi    4.91444e-02   1.02020e-02   1.30494e-05  -9.12250e-01
  24  beta_phi    -6.76178e-02   9.07478e-03   1.63830e-05   2.15080e-01
 CALL LIMIT EXCEEDED IN MIGRAD.
 MIGRAD TERMINATED WITHOUT CONVERGENCE.
 FCN=95.3478 FROM MIGRAD    STATUS=CALL LIMIT   1908 CALLS        5309 TOTAL
                     EDM=0.0162239    STRATEGY= 1  ERROR MATRIX UNCERTAINTY  23.4 per cent
  EXT PARAMETER                APPROXIMATE        STEP         FIRST   
  NO.   NAME      VALUE            ERROR          SIZE      DERIVATIVE 
   1  N0           2.85485e+06   1.33205e+04  -1.14539e+03  -1.26026e-04
   2  tau          6.43983e+01   constant   
   3  A0           3.74843e-01   8.22577e-03   7.03506e-04  -7.38360e+02
   4  phi          3.86268e+00   5.80755e-02  -4.98500e-03   1.59588e+01
   5  R           -6.16270e+01   constant   
   6  alpha_CBO    2.79562e-03   7.55519e-03  -6.37288e-04  -7.98256e+02
   7  w_CBO        2.32500e+00   constant   
   8  beta_CBO     4.10180e-02   9.84598e-03   8.37445e-04  -3.52586e+02
   9  alpha_2CBO  -9.37700e-04   1.29091e-03  -1.04032e-04  -1.44628e+02
  10  beta_2CBO   -9.23449e-03     fixed    
  11  alpha_y      0.00000e+00     fixed    
  12  w_y          1.44500e+01   constant   
  13  beta_y       1.84173e-03     fixed    
  14  alpha_vw     0.00000e+00     fixed    
  15  w_vw         1.29000e+01   constant   
  16  beta_vw      0.00000e+00     fixed    
  17  LM          -2.35969e-04   constant   
  18  zeta_y       0.00000e+00   constant   
  19  zeta_vw      0.00000e+00   constant   
  20  T_CBO        6.18455e+01   2.17310e+00   7.28915e-04   2.10412e+02
  21  alpha_A0     5.71275e-01   1.00546e-02   4.24220e-04   6.17405e+01
  22  beta_A0     -2.63487e-02   4.68248e-02  -3.96263e-03   3.08548e+01
  23  alpha_phi   -1.29361e-01   5.75714e-02  -4.81300e-03   7.21603e+00
  24  beta_phi    -5.24219e-01   7.68094e-02  -6.62741e-03  -3.07020e+01
 EXTERNAL ERROR MATRIX.    NDIM=  25    NPAR= 11    ERR DEF=1
  1.774e+08 
 -1.091e+02  6.766e-05 
  7.720e+02 -4.774e-04  3.373e-03 
  9.945e+01 -6.114e-05  4.326e-04  5.708e-05 
 -1.296e+02  8.080e-05 -5.693e-04 -7.239e-05  9.694e-05 
  1.547e+01 -9.169e-06  6.583e-05  8.526e-06 -1.067e-05  1.666e-06 
 -2.682e+04  1.696e-02 -1.190e-01 -1.446e-02  2.061e-02 -2.118e-03  4.723e+00 
 -6.408e+01  4.337e-05 -2.984e-04 -2.818e-05  5.588e-05 -4.043e-06  1.586e-02  1.011e-04 
  6.148e+02 -3.733e-04  2.655e-03  3.474e-04 -4.391e-04  5.695e-05 -8.797e-02 -1.750e-04  2.193e-03 
  7.556e+02 -4.717e-04  3.322e-03  4.244e-04 -5.659e-04  6.121e-05 -1.197e-01 -3.175e-04  2.560e-03  3.314e-03 
  1.017e+03 -6.312e-04  4.455e-03  5.682e-04 -7.546e-04  8.609e-05 -1.591e-01 -4.181e-04  3.478e-03  4.401e-03  5.900e-03 
ERR MATRIX APPROXIMATE
 PARAMETER  CORRELATION COEFFICIENTS  
       NO.  GLOBAL      1      3      4      6      8      9     20     21     22     23     24
        1  0.99976   1.000 -0.996  0.998  0.988 -0.988  0.899 -0.927 -0.478  0.986  0.985  0.994
        3  0.99994  -0.996  1.000 -0.999 -0.984  0.998 -0.863  0.949  0.524 -0.969 -0.996 -0.999
        4  0.99998   0.998 -0.999  1.000  0.986 -0.996  0.878 -0.943 -0.511  0.976  0.994  0.999
        6  0.99989   0.988 -0.984  0.986  1.000 -0.973  0.874 -0.881 -0.371  0.982  0.976  0.979
        8  0.99988  -0.988  0.998 -0.996 -0.973  1.000 -0.839  0.963  0.564 -0.952 -0.998 -0.998
        9  0.99097   0.899 -0.863  0.878  0.874 -0.839  1.000 -0.755 -0.311  0.942  0.824  0.868
       20  0.99897  -0.927  0.949 -0.943 -0.881  0.963 -0.755  1.000  0.726 -0.864 -0.957 -0.953
       21  0.99089  -0.478  0.524 -0.511 -0.371  0.564 -0.311  0.726  1.000 -0.372 -0.548 -0.541
       22  0.99936   0.986 -0.969  0.976  0.982 -0.952  0.942 -0.864 -0.372  1.000  0.950  0.967
       23  0.99958   0.985 -0.996  0.994  0.976 -0.998  0.824 -0.957 -0.548  0.950  1.000  0.995
       24  0.99974   0.994 -0.999  0.999  0.979 -0.998  0.868 -0.953 -0.541  0.967  0.995  1.000
 ERR MATRIX APPROXIMATE
MINUIT - FIT ONLY 1-y
 **********
 **   51 **RES 
 **********
                   PARAMETER   16  beta_vw RESTORED TO VARIABLE.
                   PARAMETER   14  alpha_vw RESTORED TO VARIABLE.
                   PARAMETER   13  beta_y RESTORED TO VARIABLE.
                   PARAMETER   11  alpha_y RESTORED TO VARIABLE.
                   PARAMETER   10  beta_2CBO RESTORED TO VARIABLE.
 **********
 **   52 **FIX            0
 **********
 PARAMETER    0  IS UNDEFINED. IGNORED.
 **********
 **   53 **FIX            1
 **********
 **********
 **   54 **FIX            2
 **********
 PARAMETER    2  IS CONSTANT.   IGNORED.
 **********
 **   55 **FIX            3
 **********
 **********
 **   56 **FIX            4
 **********
 **********
 **   57 **FIX            5
 **********
 PARAMETER    5  IS CONSTANT.   IGNORED.
 **********
 **   58 **FIX            6
 **********
 **********
 **   59 **FIX            7
 **********
 PARAMETER    7  IS CONSTANT.   IGNORED.
 **********
 **   60 **FIX            8
 **********
 **********
 **   61 **FIX            9
 **********
 **********
 **   62 **FIX           13
 **********
 **********
 **   63 **FIX           14
 **********
 **********
 **   64 **FIX           15
 **********
 PARAMETER   15  IS CONSTANT.   IGNORED.
 **********
 **   65 **FIX           16
 **********
 **********
 **   66 **MIGRAD
 **********
 START MIGRAD MINIMIZATION.  STRATEGY  1.  CONVERGENCE WHEN EDM .LT. 1.00e-04
 FCN=95.3478 FROM MIGRAD    STATUS=INITIATE       16 CALLS        5325 TOTAL
                     EDM= unknown      STRATEGY= 1      NO ERROR MATRIX       
  EXT PARAMETER               CURRENT GUESS       STEP         FIRST   
  NO.   NAME      VALUE            ERROR          SIZE      DERIVATIVE 
   1  N0           2.85485e+06     fixed    
   2  tau          6.43983e+01   constant   
   3  A0           3.74843e-01     fixed    
   4  phi          3.86268e+00     fixed    
   5  R           -6.16270e+01   constant   
   6  alpha_CBO    2.79562e-03     fixed    
   7  w_CBO        2.32500e+00   constant   
   8  beta_CBO     4.10180e-02     fixed    
   9  alpha_2CBO  -9.37700e-04     fixed    
  10  beta_2CBO   -9.23449e-03   1.50445e-03   1.50445e-03   1.87123e+02
  11  alpha_y      0.00000e+00   1.00000e-03   1.00000e-03   8.36752e+04
  12  w_y          1.44500e+01   constant   
  13  beta_y       1.84173e-03     fixed    
  14  alpha_vw     0.00000e+00     fixed    
  15  w_vw         1.29000e+01   constant   
  16  beta_vw      0.00000e+00     fixed    
  17  LM          -2.35969e-04   constant   
  18  zeta_y       0.00000e+00   constant   
  19  zeta_vw      0.00000e+00   constant   
  20  T_CBO        6.18455e+01   2.17310e+00   7.28915e-04   2.10413e+02
  21  alpha_A0     5.71275e-01   1.00546e-02   4.24220e-04   6.17405e+01
  22  beta_A0     -2.63487e-02   4.68248e-02  -3.96263e-03   3.08548e+01
  23  alpha_phi   -1.29361e-01   5.75714e-02  -4.81300e-03   7.21603e+00
  24  beta_phi    -5.24219e-01   7.68094e-02  -6.62741e-03  -3.07020e+01
 CALL LIMIT EXCEEDED IN MIGRAD.
 MIGRAD TERMINATED WITHOUT CONVERGENCE.
 FCN=19.9467 FROM MIGRAD    STATUS=CALL LIMIT   1155 CALLS        6464 TOTAL
                     EDM=0.00949639    STRATEGY= 1  ERROR MATRIX UNCERTAINTY  12.0 per cent
  EXT PARAMETER                APPROXIMATE        STEP         FIRST   
  NO.   NAME      VALUE            ERROR          SIZE      DERIVATIVE 
   1  N0           2.85485e+06     fixed    
   2  tau          6.43983e+01   constant   
   3  A0           3.74843e-01     fixed    
   4  phi          3.86268e+00     fixed    
   5  R           -6.16270e+01   constant   
   6  alpha_CBO    2.79562e-03     fixed    
   7  w_CBO        2.32500e+00   constant   
   8  beta_CBO     4.10180e-02     fixed    
   9  alpha_2CBO  -9.37700e-04     fixed    
  10  beta_2CBO   -1.00050e-02   3.29768e-04  -1.67934e-06   1.16228e+02
  11  alpha_y     -1.78607e-03   1.98193e-04   5.77521e-07   3.25225e+02
  12  w_y          1.44500e+01   constant   
  13  beta_y       1.84173e-03     fixed    
  14  alpha_vw     0.00000e+00     fixed    
  15  w_vw         1.29000e+01   constant   
  16  beta_vw      0.00000e+00     fixed    
  17  LM          -2.35969e-04   constant   
  18  zeta_y       0.00000e+00   constant   
  19  zeta_vw      0.00000e+00   constant   
  20  T_CBO        1.05761e+02   2.03552e+01   2.60379e-03  -4.53070e+01
  21  alpha_A0     3.64693e-01   4.56801e-02  -1.82637e-03  -4.42358e+01
  22  beta_A0     -1.91747e-02   2.30169e-03   8.47467e-05  -5.64160e+01
  23  alpha_phi   -8.08848e-02   1.05250e-02   4.21615e-04  -5.78156e+01
  24  beta_phi    -3.26390e-01   4.15892e-02   1.65269e-03   4.00659e+01
 EXTERNAL ERROR MATRIX.    NDIM=  25    NPAR=  7    ERR DEF=1
  1.087e-07  1.167e-08 -1.119e-03  2.239e-06  8.281e-08 -6.484e-07 -2.914e-06 
  1.167e-08  3.928e-08  4.491e-04 -1.028e-06  1.185e-07  2.535e-07  7.391e-07 
 -1.119e-03  4.491e-04  4.149e+02 -9.300e-01  3.868e-02  2.127e-01  8.457e-01 
  2.239e-06 -1.028e-06 -9.300e-01  2.087e-03 -8.720e-05 -4.772e-04 -1.894e-03 
  8.281e-08  1.185e-07  3.868e-02 -8.720e-05  5.298e-06  1.918e-05  7.742e-05 
 -6.484e-07  2.535e-07  2.127e-01 -4.772e-04  1.918e-05  1.108e-04  4.344e-04 
 -2.914e-06  7.391e-07  8.457e-01 -1.894e-03  7.742e-05  4.344e-04  1.730e-03 
ERR MATRIX APPROXIMATE
 PARAMETER  CORRELATION COEFFICIENTS  
       NO.  GLOBAL     10     11     20     21     22     23     24
       10  0.83465   1.000  0.179 -0.167  0.149  0.109 -0.187 -0.212
       11  0.57498   0.179  1.000  0.111 -0.114  0.260  0.122  0.090
       20  0.99986  -0.167  0.111  1.000 -0.999  0.825  0.992  0.998
       21  0.99974   0.149 -0.114 -0.999  1.000 -0.829 -0.992 -0.997
       22  0.89726   0.109  0.260  0.825 -0.829  1.000  0.792  0.809
       23  0.99543  -0.187  0.122  0.992 -0.992  0.792  1.000  0.992
       24  0.99956  -0.212  0.090  0.998 -0.997  0.809  0.992  1.000
 ERR MATRIX APPROXIMATE
MINUIT - FIT ONLY 2-y
 **********
 **   67 **RES 
 **********
                   PARAMETER   16  beta_vw RESTORED TO VARIABLE.
                   PARAMETER   14  alpha_vw RESTORED TO VARIABLE.
                   PARAMETER   13  beta_y RESTORED TO VARIABLE.
                   PARAMETER    9  alpha_2CBO RESTORED TO VARIABLE.
                   PARAMETER    8  beta_CBO RESTORED TO VARIABLE.
                   PARAMETER    6  alpha_CBO RESTORED TO VARIABLE.
                   PARAMETER    4  phi RESTORED TO VARIABLE.
                   PARAMETER    3  A0 RESTORED TO VARIABLE.
                   PARAMETER    1  N0 RESTORED TO VARIABLE.
 **********
 **   68 **FIX            0
 **********
 PARAMETER    0  IS UNDEFINED. IGNORED.
 **********
 **   69 **FIX            1
 **********
 **********
 **   70 **FIX            2
 **********
 PARAMETER    2  IS CONSTANT.   IGNORED.
 **********
 **   71 **FIX            3
 **********
 **********
 **   72 **FIX            4
 **********
 **********
 **   73 **FIX            5
 **********
 PARAMETER    5  IS CONSTANT.   IGNORED.
 **********
 **   74 **FIX            6
 **********
 **********
 **   75 **FIX            7
 **********
 PARAMETER    7  IS CONSTANT.   IGNORED.
 **********
 **   76 **FIX            8
 **********
 **********
 **   77 **FIX            9
 **********
 **********
 **   78 **FIX           10
 **********
 **********
 **   79 **FIX           11
 **********
 **********
 **   80 **FIX           12
 **********
 PARAMETER   12  IS CONSTANT.   IGNORED.
 **********
 **   81 **FIX           16
 **********
 **********
 **   82 **MIGRAD
 **********
 START MIGRAD MINIMIZATION.  STRATEGY  1.  CONVERGENCE WHEN EDM .LT. 1.00e-04
 FCN=19.9467 FROM MIGRAD    STATUS=INITIATE       16 CALLS        6480 TOTAL
                     EDM= unknown      STRATEGY= 1      NO ERROR MATRIX       
  EXT PARAMETER               CURRENT GUESS       STEP         FIRST   
  NO.   NAME      VALUE            ERROR          SIZE      DERIVATIVE 
   1  N0           2.85485e+06     fixed    
   2  tau          6.43983e+01   constant   
   3  A0           3.74843e-01     fixed    
   4  phi          3.86268e+00     fixed    
   5  R           -6.16270e+01   constant   
   6  alpha_CBO    2.79562e-03     fixed    
   7  w_CBO        2.32500e+00   constant   
   8  beta_CBO     4.10180e-02     fixed    
   9  alpha_2CBO  -9.37700e-04     fixed    
  10  beta_2CBO   -1.00050e-02     fixed    
  11  alpha_y     -1.78607e-03     fixed    
  12  w_y          1.44500e+01   constant   
  13  beta_y       1.84173e-03   2.14162e-04   2.14162e-04  -3.86305e+03
  14  alpha_vw     0.00000e+00   1.00000e-03   1.00000e-03  -1.42460e+04
  15  w_vw         1.29000e+01   constant   
  16  beta_vw      0.00000e+00     fixed    
  17  LM          -2.35969e-04   constant   
  18  zeta_y       0.00000e+00   constant   
  19  zeta_vw      0.00000e+00   constant   
  20  T_CBO        1.05761e+02   2.03552e+01   2.60379e-03  -4.53070e+01
  21  alpha_A0     3.64693e-01   4.56801e-02  -1.82637e-03  -4.42358e+01
  22  beta_A0     -1.91747e-02   2.30169e-03   8.47467e-05  -5.64160e+01
  23  alpha_phi   -8.08848e-02   1.05250e-02   4.21615e-04  -5.78156e+01
  24  beta_phi    -3.26390e-01   4.15892e-02   1.65269e-03   4.00659e+01
 MIGRAD MINIMIZATION HAS CONVERGED.
 MIGRAD WILL VERIFY CONVERGENCE AND ERROR MATRIX.
 COVARIANCE MATRIX CALCULATED SUCCESSFULLY
 FCN=16.9297 FROM HESSE     STATUS=OK             50 CALLS        6608 TOTAL
                     EDM=0.485099    STRATEGY= 1      ERROR MATRIX ACCURATE 
  EXT PARAMETER                                   STEP         FIRST   
  NO.   NAME      VALUE            ERROR          SIZE      DERIVATIVE 
   1  N0           2.85485e+06     fixed    
   2  tau          6.43983e+01   constant   
   3  A0           3.74843e-01     fixed    
   4  phi          3.86268e+00     fixed    
   5  R           -6.16270e+01   constant   
   6  alpha_CBO    2.79562e-03     fixed    
   7  w_CBO        2.32500e+00   constant   
   8  beta_CBO     4.10180e-02     fixed    
   9  alpha_2CBO  -9.37700e-04     fixed    
  10  beta_2CBO   -1.00050e-02     fixed    
  11  alpha_y     -1.78607e-03     fixed    
  12  w_y          1.44500e+01   constant   
  13  beta_y       2.02509e-03   2.21884e-04   4.38662e-07  -2.77331e+00
  14  alpha_vw     3.71465e-04   2.23016e-04   4.33992e-07   8.49141e-01
  15  w_vw         1.29000e+01   constant   
  16  beta_vw      0.00000e+00     fixed    
  17  LM          -2.35969e-04   constant   
  18  zeta_y       0.00000e+00   constant   
  19  zeta_vw      0.00000e+00   constant   
  20  T_CBO        1.05806e+02   1.46733e+02   3.47392e-06  -1.52368e+00
  21  alpha_A0     3.64620e-01   3.35857e-01   2.69579e-06   7.87683e-01
  22  beta_A0     -1.90820e-02   1.66391e-02   2.47820e-06  -1.00810e+00
  23  alpha_phi   -8.07049e-02   7.74393e-02   2.42927e-06   5.13219e-01
  24  beta_phi    -3.26751e-01   3.01698e-01   3.10387e-06  -1.30548e+00
 CALL LIMIT EXCEEDED IN MIGRAD.
 MIGRAD TERMINATED WITHOUT CONVERGENCE.
 FCN=16.7143 FROM MIGRAD    STATUS=CALL LIMIT   1161 CALLS        7625 TOTAL
                     EDM=0.000228714    STRATEGY= 1  ERROR MATRIX UNCERTAINTY  18.1 per cent
  EXT PARAMETER                APPROXIMATE        STEP         FIRST   
  NO.   NAME      VALUE            ERROR          SIZE      DERIVATIVE 
   1  N0           2.85485e+06     fixed    
   2  tau          6.43983e+01   constant   
   3  A0           3.74843e-01     fixed    
   4  phi          3.86268e+00     fixed    
   5  R           -6.16270e+01   constant   
   6  alpha_CBO    2.79562e-03     fixed    
   7  w_CBO        2.32500e+00   constant   
   8  beta_CBO     4.10180e-02     fixed    
   9  alpha_2CBO  -9.37700e-04     fixed    
  10  beta_2CBO   -1.00050e-02     fixed    
  11  alpha_y     -1.78607e-03     fixed    
  12  w_y          1.44500e+01   constant   
  13  beta_y       2.01588e-03   2.15975e-04  -3.06942e-07  -3.36762e+01
  14  alpha_vw     3.81674e-04   2.19993e-04   1.22726e-07   2.10155e+01
  15  w_vw         1.29000e+01   constant   
