 + ++++++++++++++++++++++++++++++++++++++++++++++++++++++++++++++++++++ +
 +                                                                      +
 +           You have chose to blind your fitting according to          +
 +                omega_ref * (1 + (R +/- deltaR) *10^{-6})             +
 +                                                                      +
 + ++++++++++++++++++++++++++++++++++++++++++++++++++++++++++++++++++++ +
In main()...
reading format from /gm2data/zkhechad/run45/envelope/formats/formatB_sBin_constraintOn.txt
pBinTau 	= 0  
pBinPhi 	= 0  
constraintau 	= 1 
includeMopTerm 	= 0    
constrainMop    = 0   
Parameters after format file: pBinTau 0 pBinPhi 0 constraintau 1 includeMopTerm 0 constrainMop 0 c_e_scale 0.000000 
Opening file /gm2data/tbarrett/gm2fr/studies/run23_bunch_corrections/CorrectedFourier_Run3b.root.
reading full fit data from /gm2data/zkhechad/cboTemplates/Run4CBOTemplates/templateFits0_v2.0/noRF/sBin_constraintOn_cE0.0_seed0_noRF_calo8.root
windowBins = 17
fitting sliding window 252 from bin 388 at 57.740400 to bin 405 at 60.426000 (17 bins)

Reading data from /gm2data/cornell/histograms/aMethod/histogram_a_noRF.root
 **********
 **    1 **SET PRINTOUT            1
 **********
 **********
 **    2 **SET NOWARNINGS 
 **********
 PARAMETER DEFINITIONS:
    NO.   NAME         VALUE      STEP SIZE      LIMITS
     1 N0           2.93665e+06  1.00000e+02     no limits
     2 tau          6.43896e+01  constant
     3 A0           3.52922e-01  1.00000e-04     no limits
     4 phi          4.11506e+00  1.00000e-02     no limits
     5 R           -6.12649e+01  constant
     6 alpha_CBO    0.00000e+00  1.00000e-03     no limits
     7 w_CBO        2.32500e+00  constant
     8 beta_CBO     0.00000e+00  1.00000e-03     no limits
     9 alpha_2CBO   0.00000e+00  1.00000e-03     no limits
    10 beta_2CBO    0.00000e+00  1.00000e-03     no limits
    11 alpha_y      0.00000e+00  1.00000e-03     no limits
    12 w_y          1.44500e+01  constant
    13 beta_y       0.00000e+00  1.00000e-03     no limits
    14 alpha_vw     0.00000e+00  1.00000e-03     no limits
    15 w_vw         1.29000e+01  constant
    16 beta_vw      0.00000e+00  1.00000e-03     no limits
    17 LM          -3.89610e-04  constant
    18 zeta_y       0.00000e+00  constant
    19 zeta_vw      0.00000e+00  constant
    20 T_CBO        1.00000e+02  1.00000e+00    0.00000e+00  1.00000e+03
    21 alpha_A0     0.00000e+00  1.00000e-03     no limits
    22 beta_A0      0.00000e+00  1.00000e-03     no limits
    23 alpha_phi    0.00000e+00  1.00000e-03     no limits
    24 beta_phi     0.00000e+00  1.00000e-03     no limits
MINUIT - FIT ONLY WIGGLE
 **********
 **    3 **FIX            5
 **********
 PARAMETER    5  IS CONSTANT.   IGNORED.
 **********
 **    4 **FIX            6
 **********
 **********
 **    5 **FIX            7
 **********
 PARAMETER    7  IS CONSTANT.   IGNORED.
 **********
 **    6 **FIX            8
 **********
 **********
 **    7 **FIX            9
 **********
 **********
 **    8 **FIX           10
 **********
 **********
 **    9 **FIX           11
 **********
 **********
 **   10 **FIX           12
 **********
 PARAMETER   12  IS CONSTANT.   IGNORED.
 **********
 **   11 **FIX           13
 **********
 **********
 **   12 **FIX           14
 **********
 **********
 **   13 **FIX           15
 **********
 PARAMETER   15  IS CONSTANT.   IGNORED.
 **********
 **   14 **FIX           16
 **********
 **********
 **   15 **MIGRAD
 **********
 FIRST CALL TO USER FUNCTION AT NEW START POINT, WITH IFLAG=4.
 START MIGRAD MINIMIZATION.  STRATEGY  1.  CONVERGENCE WHEN EDM .LT. 1.00e-04
 FCN=2870.27 FROM MIGRAD    STATUS=INITIATE      431 CALLS         432 TOTAL
                     EDM= unknown      STRATEGY= 1      NO ERROR MATRIX       
  EXT PARAMETER               CURRENT GUESS       STEP         FIRST   
  NO.   NAME      VALUE            ERROR          SIZE      DERIVATIVE 
   1  N0           2.93665e+06   1.00000e+02   0.00000e+00  -8.75137e-02
   2  tau          6.43896e+01   constant   
   3  A0           3.52922e-01   1.00000e-04   0.00000e+00  -3.79163e+05
   4  phi          4.11506e+00   1.00000e-02   0.00000e+00   2.64441e+04
   5  R           -6.12649e+01   constant   
   6  alpha_CBO    0.00000e+00     fixed    
   7  w_CBO        2.32500e+00   constant   
   8  beta_CBO     0.00000e+00     fixed    
   9  alpha_2CBO   0.00000e+00     fixed    
  10  beta_2CBO    0.00000e+00     fixed    
  11  alpha_y      0.00000e+00     fixed    
  12  w_y          1.44500e+01   constant   
  13  beta_y       0.00000e+00     fixed    
  14  alpha_vw     0.00000e+00     fixed    
  15  w_vw         1.29000e+01   constant   
  16  beta_vw      0.00000e+00     fixed    
  17  LM          -3.89610e-04   constant   
  18  zeta_y       0.00000e+00   constant   
  19  zeta_vw      0.00000e+00   constant   
  20  T_CBO        1.00000e+02   1.00000e+00   0.00000e+00   0.00000e+00
  21  alpha_A0     0.00000e+00   1.00000e-03   0.00000e+00   4.14575e+04
  22  beta_A0      0.00000e+00   1.00000e-03   0.00000e+00  -2.02337e+04
  23  alpha_phi    0.00000e+00   1.00000e-03   0.00000e+00  -2.45253e+04
  24  beta_phi     0.00000e+00   1.00000e-03   0.00000e+00   1.52939e+04
 CALL LIMIT EXCEEDED IN MIGRAD.
 MIGRAD TERMINATED WITHOUT CONVERGENCE.
 FCN=141.603 FROM MIGRAD    STATUS=CALL LIMIT   1326 CALLS        1327 TOTAL
                     EDM=9.61405e-05    STRATEGY= 1  ERROR MATRIX UNCERTAINTY  14.1 per cent
  EXT PARAMETER                APPROXIMATE        STEP         FIRST   
  NO.   NAME      VALUE            ERROR          SIZE      DERIVATIVE 
   1  N0           2.90279e+06   1.95823e+04  -1.23203e+02   1.66553e-05
   2  tau          6.43896e+01   constant   
   3  A0           3.71095e-01   3.59293e-03  -2.46100e-06   5.85824e+01
   4  phi          4.11488e+00   9.95765e-03   7.26548e-05  -2.13871e+00
   5  R           -6.12649e+01   constant   
   6  alpha_CBO    0.00000e+00     fixed    
   7  w_CBO        2.32500e+00   constant   
   8  beta_CBO     0.00000e+00     fixed    
   9  alpha_2CBO   0.00000e+00     fixed    
  10  beta_2CBO    0.00000e+00     fixed    
  11  alpha_y      0.00000e+00     fixed    
  12  w_y          1.44500e+01   constant   
  13  beta_y       0.00000e+00     fixed    
  14  alpha_vw     0.00000e+00     fixed    
  15  w_vw         1.29000e+01   constant   
  16  beta_vw      0.00000e+00     fixed    
  17  LM          -3.89610e-04   constant   
  18  zeta_y       0.00000e+00   constant   
  19  zeta_vw      0.00000e+00   constant   
  20  T_CBO        6.13128e+01   7.73318e+00  -1.91861e-04  -2.35816e-02
  21  alpha_A0     6.23953e-02   2.80260e-02   1.59083e-04  -3.83634e+00
  22  beta_A0      5.14685e-02   9.43960e-02   5.72795e-04   3.55968e+00
  23  alpha_phi    9.47434e-02   1.01834e-01   5.98362e-04   1.62010e+00
  24  beta_phi    -9.61512e-02   2.70428e-02  -1.65351e-04   3.93361e-01
 EXTERNAL ERROR MATRIX.    NDIM=  25    NPAR=  8    ERR DEF=1
  3.835e+08  4.865e+01 -1.634e+02  1.476e+05 -9.115e+01 -1.843e+03 -1.985e+03  1.645e+02 
  4.865e+01  1.291e-05 -7.843e-06  2.088e-02  5.924e-05 -2.478e-04 -2.758e-04 -4.396e-05 
 -1.634e+02 -7.843e-06  9.915e-05 -5.908e-02  1.829e-04  7.671e-04  8.048e-04 -2.069e-04 
  1.476e+05  2.088e-02 -5.908e-02  5.982e+01 -1.461e-02 -7.170e-01 -7.742e-01  4.463e-02 
 -9.115e+01  5.924e-05  1.829e-04 -1.461e-02  7.855e-04  3.080e-04  2.284e-04 -7.435e-04 
 -1.843e+03 -2.478e-04  7.671e-04 -7.170e-01  3.080e-04  8.911e-03  9.603e-03 -6.801e-04 
 -1.985e+03 -2.758e-04  8.048e-04 -7.742e-01  2.284e-04  9.603e-03  1.037e-02 -6.332e-04 
  1.645e+02 -4.396e-05 -2.069e-04  4.463e-02 -7.435e-04 -6.801e-04 -6.332e-04  7.313e-04 
ERR MATRIX APPROXIMATE
 PARAMETER  CORRELATION COEFFICIENTS  
       NO.  GLOBAL      1      3      4     20     21     22     23     24
        1  0.99986   1.000  0.691 -0.838  0.975 -0.166 -0.997 -0.995  0.311
        3  0.99935   0.691  1.000 -0.219  0.751  0.588 -0.731 -0.754 -0.452
        4  0.99957  -0.838 -0.219  1.000 -0.767  0.655  0.816  0.794 -0.768
       20  0.99651   0.975  0.751 -0.767  1.000 -0.067 -0.982 -0.983  0.213
       21  0.99887  -0.166  0.588  0.655 -0.067  1.000  0.116  0.080 -0.981
       22  0.99989  -0.997 -0.731  0.816 -0.982  0.116  1.000  0.999 -0.266
       23  0.99995  -0.995 -0.754  0.794 -0.983  0.080  0.999  1.000 -0.230
       24  0.99912   0.311 -0.452 -0.768  0.213 -0.981 -0.266 -0.230  1.000
 ERR MATRIX APPROXIMATE
MINUIT - FIT ONLY 1-CBO + wiggle
 **********
 **   16 **RES 
 **********
                   PARAMETER   16  beta_vw RESTORED TO VARIABLE.
                   PARAMETER   14  alpha_vw RESTORED TO VARIABLE.
                   PARAMETER   13  beta_y RESTORED TO VARIABLE.
                   PARAMETER   11  alpha_y RESTORED TO VARIABLE.
                   PARAMETER   10  beta_2CBO RESTORED TO VARIABLE.
                   PARAMETER    9  alpha_2CBO RESTORED TO VARIABLE.
                   PARAMETER    8  beta_CBO RESTORED TO VARIABLE.
                   PARAMETER    6  alpha_CBO RESTORED TO VARIABLE.
 **********
 **   17 **FIX            8
 **********
 **********
 **   18 **FIX            9
 **********
 **********
 **   19 **FIX           11
 **********
 **********
 **   20 **FIX           12
 **********
 PARAMETER   12  IS CONSTANT.   IGNORED.
 **********
 **   21 **FIX           14
 **********
 **********
 **   22 **FIX           15
 **********
 PARAMETER   15  IS CONSTANT.   IGNORED.
 **********
 **   23 **FIX           16
 **********
 **********
 **   24 **MIGRAD
 **********
 START MIGRAD MINIMIZATION.  STRATEGY  1.  CONVERGENCE WHEN EDM .LT. 1.00e-04
 FCN=141.603 FROM MIGRAD    STATUS=INITIATE       28 CALLS        1355 TOTAL
                     EDM= unknown      STRATEGY= 1      NO ERROR MATRIX       
  EXT PARAMETER               CURRENT GUESS       STEP         FIRST   
  NO.   NAME      VALUE            ERROR          SIZE      DERIVATIVE 
   1  N0           2.90279e+06   1.95823e+04  -1.23203e+02   1.66553e-05
   2  tau          6.43896e+01   constant   
   3  A0           3.71095e-01   3.59293e-03  -2.46100e-06   5.85824e+01
   4  phi          4.11488e+00   9.95765e-03   7.26548e-05  -2.13871e+00
   5  R           -6.12649e+01   constant   
   6  alpha_CBO    0.00000e+00   1.00000e-03   1.00000e-03   3.69120e+02
   7  w_CBO        2.32500e+00   constant   
   8  beta_CBO     0.00000e+00     fixed    
   9  alpha_2CBO   0.00000e+00     fixed    
  10  beta_2CBO    0.00000e+00   1.00000e-03   1.00000e-03  -4.32856e+03
  11  alpha_y      0.00000e+00     fixed    
  12  w_y          1.44500e+01   constant   
  13  beta_y       0.00000e+00   1.00000e-03   1.00000e-03  -2.60456e+04
  14  alpha_vw     0.00000e+00     fixed    
  15  w_vw         1.29000e+01   constant   
  16  beta_vw      0.00000e+00     fixed    
  17  LM          -3.89610e-04   constant   
  18  zeta_y       0.00000e+00   constant   
  19  zeta_vw      0.00000e+00   constant   
  20  T_CBO        6.13128e+01   7.73318e+00  -1.91861e-04  -2.35829e-02
  21  alpha_A0     6.23953e-02   2.80260e-02   1.59083e-04  -3.83633e+00
  22  beta_A0      5.14685e-02   9.43960e-02   5.72795e-04   3.55968e+00
  23  alpha_phi    9.47434e-02   1.01834e-01   5.98362e-04   1.62010e+00
  24  beta_phi    -9.61512e-02   2.70428e-02  -1.65351e-04   3.93361e-01
 MIGRAD MINIMIZATION HAS CONVERGED.
 MIGRAD WILL VERIFY CONVERGENCE AND ERROR MATRIX.
 FCN=126.048 FROM HESSE     STATUS=NOT POSDEF    100 CALLS        2241 TOTAL
                     EDM=0.000512186    STRATEGY= 1      ERR MATRIX NOT POS-DEF
  EXT PARAMETER                APPROXIMATE        STEP         FIRST   
  NO.   NAME      VALUE            ERROR          SIZE      DERIVATIVE 
   1  N0           2.89210e+06   4.18833e+03   2.03087e+00  -2.54113e-06
   2  tau          6.43896e+01   constant   
   3  A0           3.78865e-01   2.42689e-03   1.11203e-06  -4.69347e+00
   4  phi          4.11037e+00   3.76145e-03   2.87821e-06   7.80751e-01
   5  R           -6.12649e+01   constant   
   6  alpha_CBO   -1.42158e-02   1.94267e-03   9.88937e-07   1.45068e+01
   7  w_CBO        2.32500e+00   constant   
   8  beta_CBO     0.00000e+00     fixed    
   9  alpha_2CBO   0.00000e+00     fixed    
  10  beta_2CBO    4.16842e-03   6.86065e-04   1.01349e-06  -6.67681e+00
  11  alpha_y      0.00000e+00     fixed    
  12  w_y          1.44500e+01   constant   
  13  beta_y       3.99323e-04   1.87095e-04   1.02071e-06  -1.64046e+00
  14  alpha_vw     0.00000e+00     fixed    
  15  w_vw         1.29000e+01   constant   
  16  beta_vw      0.00000e+00     fixed    
  17  LM          -3.89610e-04   constant   
  18  zeta_y       0.00000e+00   constant   
  19  zeta_vw      0.00000e+00   constant   
  20  T_CBO        6.12171e+01   7.04725e+00   1.22631e-05   7.08304e-01
  21  alpha_A0    -5.47882e-02   2.31535e-02   1.08460e-05  -1.66571e+00
  22  beta_A0      4.98410e-02   1.71019e-02   1.03758e-05  -6.14102e-01
  23  alpha_phi    1.90294e-01   2.11454e-02   9.77329e-06   4.25537e-01
  24  beta_phi    -9.74823e-02   1.91898e-02   1.24915e-05   1.45231e-01
 CALL LIMIT EXCEEDED IN MIGRAD.
 MIGRAD TERMINATED WITHOUT CONVERGENCE.
 FCN=124.764 FROM MIGRAD    STATUS=CALL LIMIT   1917 CALLS        3244 TOTAL
                     EDM=0.110027    STRATEGY= 1      ERR MATRIX NOT POS-DEF
  EXT PARAMETER                APPROXIMATE        STEP         FIRST   
  NO.   NAME      VALUE            ERROR          SIZE      DERIVATIVE 
   1  N0           2.85343e+06   1.27257e+04   4.04997e+01   1.80705e-04
   2  tau          6.43896e+01   constant   
   3  A0           4.27164e-01   1.02134e-02   1.79161e-06  -7.99664e+01
   4  phi          4.17172e+00   1.35275e-02   1.55379e-04  -1.43479e+02
   5  R           -6.12649e+01   constant   
   6  alpha_CBO   -2.66836e-02   4.48016e-03   1.98044e-04  -4.84836e+01
   7  w_CBO        2.32500e+00   constant   
   8  beta_CBO     0.00000e+00     fixed    
   9  alpha_2CBO   0.00000e+00     fixed    
  10  beta_2CBO    9.84486e-04   1.65538e-03  -7.93463e-05  -5.42587e+02
  11  alpha_y      0.00000e+00     fixed    
  12  w_y          1.44500e+01   constant   
  13  beta_y       3.75539e-04   1.87817e-04   1.08779e-06   3.04343e+01
  14  alpha_vw     0.00000e+00     fixed    
  15  w_vw         1.29000e+01   constant   
  16  beta_vw      0.00000e+00     fixed    
  17  LM          -3.89610e-04   constant   
  18  zeta_y       0.00000e+00   constant   
  19  zeta_vw      0.00000e+00   constant   
  20  T_CBO        5.60282e+01   8.04627e-01  -2.56381e-05   1.21467e+02
  21  alpha_A0     2.91200e-01   8.51871e-02   2.36480e-03  -4.82515e+00
  22  beta_A0      8.76970e-02   4.38195e-02   2.99351e-04   1.91586e+01
  23  alpha_phi    2.79539e-01   5.32526e-02  -6.53343e-04   3.67051e+01
  24  beta_phi    -4.23701e-01   6.41151e-02  -3.35621e-04  -4.24515e+01
 EXTERNAL ERROR MATRIX.    NDIM=  25    NPAR= 11    ERR DEF=1
  1.619e+08 
 -7.887e+01  1.043e-04 
 -1.331e+02  1.148e-04  1.830e-04 
  1.881e+01 -2.330e-05 -4.918e-06  2.007e-05 
  9.754e+00 -8.704e-06 -1.802e-05 -3.176e-06  2.740e-06 
  2.218e-02 -7.429e-08  1.355e-08  8.446e-08 -1.293e-08  3.528e-08 
  7.201e+03 -6.053e-03 -8.694e-03  7.478e-04  8.216e-04  6.938e-07  6.474e-01 
 -5.885e+02  6.889e-04  1.079e-03  4.370e-05 -1.284e-04  3.977e-07 -5.024e-02  7.257e-03 
 -4.859e+02  9.008e-05  3.571e-04  1.546e-05 -3.387e-05  2.044e-07 -1.795e-02  1.425e-03  1.920e-03 
 -6.405e+02  2.237e-04  3.963e-04 -1.052e-04 -1.532e-05 -2.572e-07 -2.351e-02  1.132e-03  2.000e-03  2.836e-03 
  4.676e+02 -6.250e-04 -7.983e-04  7.160e-05  7.375e-05  1.158e-07  3.943e-02 -5.047e-03 -7.364e-04 -1.115e-03  4.111e-03 
ERR MATRIX NOT POS-DEF
 PARAMETER  CORRELATION COEFFICIENTS  
       NO.  GLOBAL      1      3      4      6     10     13     20     21     22     23     24
        1  0.99972   1.000 -0.607 -0.773  0.330  0.463  0.009  0.703 -0.543 -0.871 -0.945  0.573
        3  0.99989  -0.607  1.000  0.831 -0.509 -0.515 -0.039 -0.737  0.792  0.201  0.411 -0.954
        4  0.99984  -0.773  0.831  1.000 -0.081 -0.805  0.005 -0.799  0.936  0.602  0.550 -0.920
        6  0.99953   0.330 -0.509 -0.081  1.000 -0.428  0.100  0.207  0.114  0.079 -0.441  0.249
       10  0.99531   0.463 -0.515 -0.805 -0.428  1.000 -0.042  0.617 -0.911 -0.467 -0.174  0.695
       13  0.18141   0.009 -0.039  0.005  0.100 -0.042  1.000  0.005  0.025  0.025 -0.026  0.010
       20  0.97553   0.703 -0.737 -0.799  0.207  0.617  0.005  1.000 -0.733 -0.509 -0.549  0.764
       21  0.99989  -0.543  0.792  0.936  0.114 -0.911  0.025 -0.733  1.000  0.382  0.250 -0.924
       22  0.99932  -0.871  0.201  0.602  0.079 -0.467  0.025 -0.509  0.382  1.000  0.857 -0.262
       23  0.99968  -0.945  0.411  0.550 -0.441 -0.174 -0.026 -0.549  0.250  0.857  1.000 -0.327
       24  0.99980   0.573 -0.954 -0.920  0.249  0.695  0.010  0.764 -0.924 -0.262 -0.327  1.000
 ERR MATRIX NOT POS-DEF
MINUIT - FIT ONLY 2-CBO
 **********
 **   25 **RES 
 **********
                   PARAMETER   16  beta_vw RESTORED TO VARIABLE.
                   PARAMETER   14  alpha_vw RESTORED TO VARIABLE.
                   PARAMETER   11  alpha_y RESTORED TO VARIABLE.
                   PARAMETER    9  alpha_2CBO RESTORED TO VARIABLE.
                   PARAMETER    8  beta_CBO RESTORED TO VARIABLE.
 **********
 **   26 **FIX            0
 **********
 PARAMETER    0  IS UNDEFINED. IGNORED.
 **********
 **   27 **FIX            1
 **********
 **********
 **   28 **FIX            2
 **********
 PARAMETER    2  IS CONSTANT.   IGNORED.
 **********
 **   29 **FIX            3
 **********
 **********
 **   30 **FIX            4
 **********
 **********
 **   31 **FIX            5
 **********
 PARAMETER    5  IS CONSTANT.   IGNORED.
 **********
 **   32 **FIX            6
 **********
 **********
 **   33 **FIX            7
 **********
 PARAMETER    7  IS CONSTANT.   IGNORED.
 **********
 **   34 **FIX           10
 **********
 **********
 **   35 **FIX           11
 **********
 **********
 **   36 **FIX           12
 **********
 PARAMETER   12  IS CONSTANT.   IGNORED.
 **********
 **   37 **FIX           13
 **********
 **********
 **   38 **FIX           14
 **********
 **********
 **   39 **FIX           15
 **********
 PARAMETER   15  IS CONSTANT.   IGNORED.
 **********
 **   40 **FIX           16
 **********
 **********
 **   41 **MIGRAD
 **********
 START MIGRAD MINIMIZATION.  STRATEGY  1.  CONVERGENCE WHEN EDM .LT. 1.00e-04
 FCN=124.764 FROM MIGRAD    STATUS=INITIATE       18 CALLS        3262 TOTAL
                     EDM= unknown      STRATEGY= 1      NO ERROR MATRIX       
  EXT PARAMETER               CURRENT GUESS       STEP         FIRST   
  NO.   NAME      VALUE            ERROR          SIZE      DERIVATIVE 
   1  N0           2.85343e+06     fixed    
   2  tau          6.43896e+01   constant   
   3  A0           4.27164e-01     fixed    
   4  phi          4.17172e+00     fixed    
   5  R           -6.12649e+01   constant   
   6  alpha_CBO   -2.66836e-02     fixed    
   7  w_CBO        2.32500e+00   constant   
   8  beta_CBO     0.00000e+00   1.00000e-03   1.00000e-03  -1.22130e+02
   9  alpha_2CBO   0.00000e+00   1.00000e-03   1.00000e-03  -3.93205e+02
  10  beta_2CBO    9.84486e-04     fixed    
  11  alpha_y      0.00000e+00     fixed    
  12  w_y          1.44500e+01   constant   
  13  beta_y       3.75539e-04     fixed    
  14  alpha_vw     0.00000e+00     fixed    
  15  w_vw         1.29000e+01   constant   
  16  beta_vw      0.00000e+00     fixed    
  17  LM          -3.89610e-04   constant   
  18  zeta_y       0.00000e+00   constant   
  19  zeta_vw      0.00000e+00   constant   
  20  T_CBO        5.60282e+01   8.04627e-01  -2.56381e-05   1.21467e+02
  21  alpha_A0     2.91200e-01   8.51871e-02   2.36480e-03  -4.82516e+00
  22  beta_A0      8.76970e-02   4.38195e-02   2.99351e-04   1.91586e+01
  23  alpha_phi    2.79539e-01   5.32526e-02  -6.53343e-04   3.67051e+01
  24  beta_phi    -4.23701e-01   6.41151e-02  -3.35621e-04  -4.24515e+01
 MIGRAD MINIMIZATION HAS CONVERGED.
 MIGRAD WILL VERIFY CONVERGENCE AND ERROR MATRIX.
 FCN=124.753 FROM MIGRAD    STATUS=CONVERGED     166 CALLS        3410 TOTAL
                     EDM=2.1293e-07    STRATEGY= 1      ERR MATRIX NOT POS-DEF
  EXT PARAMETER                APPROXIMATE        STEP         FIRST   
  NO.   NAME      VALUE            ERROR          SIZE      DERIVATIVE 
   1  N0           2.85343e+06     fixed    
   2  tau          6.43896e+01   constant   
   3  A0           4.27164e-01     fixed    
   4  phi          4.17172e+00     fixed    
   5  R           -6.12649e+01   constant   
   6  alpha_CBO   -2.66836e-02     fixed    
   7  w_CBO        2.32500e+00   constant   
   8  beta_CBO     2.56053e-05   7.72886e-04   9.91160e-07  -2.41609e-01
   9  alpha_2CBO   3.68796e-05   5.30748e-04   9.67718e-07  -4.85747e-02
  10  beta_2CBO    9.84486e-04     fixed    
  11  alpha_y      0.00000e+00     fixed    
  12  w_y          1.44500e+01   constant   
  13  beta_y       3.75539e-04     fixed    
  14  alpha_vw     0.00000e+00     fixed    
  15  w_vw         1.29000e+01   constant   
  16  beta_vw      0.00000e+00     fixed    
  17  LM          -3.89610e-04   constant   
  18  zeta_y       0.00000e+00   constant   
  19  zeta_vw      0.00000e+00   constant   
  20  T_CBO        5.60233e+01   2.40064e+00   3.93928e-06   9.14229e-02
  21  alpha_A0     2.91201e-01   1.30267e-02   9.88317e-06  -1.95947e-03
  22  beta_A0      8.80077e-02   7.60557e-03   9.48978e-06   1.89394e-02
  23  alpha_phi    2.79249e-01   1.35987e-02   1.00425e-05   1.09088e-03
  24  beta_phi    -4.23800e-01   1.94050e-02   1.23731e-05  -1.24771e-02
 EXTERNAL ERROR MATRIX.    NDIM=  25    NPAR=  7    ERR DEF=1
  5.974e-07  3.487e-07  1.965e-04 -1.441e-06  4.612e-06 -4.349e-06 -3.033e-06 
  3.487e-07  2.817e-07  3.319e-05 -5.051e-07  3.245e-06 -2.530e-06 -2.278e-06 
  1.965e-04  3.319e-05  5.763e+00 -3.091e-02 -8.323e-03 -3.042e-02  4.402e-02 
 -1.441e-06 -5.051e-07 -3.091e-02  1.697e-04  4.053e-05  1.650e-04 -2.337e-04 
  4.612e-06  3.245e-06 -8.323e-03  4.053e-05  5.784e-05  1.427e-05 -1.003e-04 
 -4.349e-06 -2.530e-06 -3.042e-02  1.650e-04  1.427e-05  1.849e-04 -2.071e-04 
 -3.033e-06 -2.278e-06  4.402e-02 -2.337e-04 -1.003e-04 -2.071e-04  3.766e-04 
ERR MATRIX NOT POS-DEF
 PARAMETER  CORRELATION COEFFICIENTS  
       NO.  GLOBAL      8      9     20     21     22     23     24
        8  0.97226   1.000  0.850  0.106 -0.143  0.785 -0.414 -0.202
        9  0.94309   0.850  1.000  0.026 -0.073  0.804 -0.350 -0.221
       20  0.99763   0.106  0.026  1.000 -0.988 -0.456 -0.932  0.945
       21  0.99038  -0.143 -0.073 -0.988  1.000  0.409  0.931 -0.925
       22  0.97376   0.785  0.804 -0.456  0.409  1.000  0.138 -0.680
       23  0.99089  -0.414 -0.350 -0.932  0.931  0.138  1.000 -0.785
       24  0.99322  -0.202 -0.221  0.945 -0.925 -0.680 -0.785  1.000
 ERR MATRIX NOT POS-DEF
MINUIT - FIT wiggle + 1-CBO + 2-CBO
 **********
 **   42 **RES 
 **********
                   PARAMETER   16  beta_vw RESTORED TO VARIABLE.
                   PARAMETER   14  alpha_vw RESTORED TO VARIABLE.
                   PARAMETER   13  beta_y RESTORED TO VARIABLE.
                   PARAMETER   11  alpha_y RESTORED TO VARIABLE.
                   PARAMETER   10  beta_2CBO RESTORED TO VARIABLE.
                   PARAMETER    6  alpha_CBO RESTORED TO VARIABLE.
                   PARAMETER    4  phi RESTORED TO VARIABLE.
                   PARAMETER    3  A0 RESTORED TO VARIABLE.
                   PARAMETER    1  N0 RESTORED TO VARIABLE.
 **********
 **   43 **FIX           10
 **********
 **********
 **   44 **FIX           11
 **********
 **********
 **   45 **FIX           12
 **********
 PARAMETER   12  IS CONSTANT.   IGNORED.
 **********
 **   46 **FIX           13
 **********
 **********
 **   47 **FIX           14
 **********
 **********
 **   48 **FIX           15
 **********
 PARAMETER   15  IS CONSTANT.   IGNORED.
 **********
 **   49 **FIX           16
 **********
 **********
 **   50 **MIGRAD
 **********
 START MIGRAD MINIMIZATION.  STRATEGY  1.  CONVERGENCE WHEN EDM .LT. 1.00e-04
 FCN=124.753 FROM MIGRAD    STATUS=INITIATE       22 CALLS        3432 TOTAL
                     EDM= unknown      STRATEGY= 1      NO ERROR MATRIX       
  EXT PARAMETER               CURRENT GUESS       STEP         FIRST   
  NO.   NAME      VALUE            ERROR          SIZE      DERIVATIVE 
   1  N0           2.85343e+06   1.27257e+04   1.27257e+04   1.44337e-05
   2  tau          6.43896e+01   constant   
   3  A0           4.27164e-01   1.02134e-02   1.02134e-02  -3.89990e+01
   4  phi          4.17172e+00   1.35275e-02   1.35275e-02  -4.18745e+00
   5  R           -6.12649e+01   constant   
   6  alpha_CBO   -2.66836e-02   4.48016e-03   4.48016e-03  -6.00151e+01
   7  w_CBO        2.32500e+00   constant   
   8  beta_CBO     2.56053e-05   7.72886e-04   9.91160e-07  -2.41602e-01
   9  alpha_2CBO   3.68796e-05   5.30748e-04   9.67718e-07  -4.85741e-02
  10  beta_2CBO    9.84486e-04     fixed    
  11  alpha_y      0.00000e+00     fixed    
  12  w_y          1.44500e+01   constant   
  13  beta_y       3.75539e-04     fixed    
  14  alpha_vw     0.00000e+00     fixed    
  15  w_vw         1.29000e+01   constant   
  16  beta_vw      0.00000e+00     fixed    
  17  LM          -3.89610e-04   constant   
  18  zeta_y       0.00000e+00   constant   
  19  zeta_vw      0.00000e+00   constant   
  20  T_CBO        5.60233e+01   2.40064e+00   3.93928e-06   9.12749e-02
  21  alpha_A0     2.91201e-01   1.30267e-02   9.88317e-06  -1.97025e-03
  22  beta_A0      8.80077e-02   7.60557e-03   9.48978e-06   1.89228e-02
  23  alpha_phi    2.79249e-01   1.35987e-02   1.00425e-05   1.09245e-03
  24  beta_phi    -4.23800e-01   1.94050e-02   1.23731e-05  -1.24758e-02
 MIGRAD MINIMIZATION HAS CONVERGED.
 MIGRAD WILL VERIFY CONVERGENCE AND ERROR MATRIX.
 FCN=124.695 FROM HESSE     STATUS=NOT POSDEF    100 CALLS        3854 TOTAL
                     EDM=0.00055477    STRATEGY= 1      ERR MATRIX NOT POS-DEF
  EXT PARAMETER                APPROXIMATE        STEP         FIRST   
  NO.   NAME      VALUE            ERROR          SIZE      DERIVATIVE 
   1  N0           2.84819e+06   4.03100e+03   1.98961e+00   4.45738e-07
   2  tau          6.43896e+01   constant   
   3  A0           4.30718e-01   2.71145e-03   1.19757e-06  -2.50035e+00
   4  phi          4.17277e+00   5.58976e-03   2.38814e-06   5.30236e+00
   5  R           -6.12649e+01   constant   
   6  alpha_CBO   -2.84202e-02   1.47657e-03   9.80624e-07   3.21247e-01
   7  w_CBO        2.32500e+00   constant   
   8  beta_CBO     7.27238e-04   1.58137e-03   9.90636e-07  -6.82979e+00
   9  alpha_2CBO   1.49207e-04   5.52933e-04   9.67237e-07  -5.60185e-02
  10  beta_2CBO    9.84486e-04     fixed    
  11  alpha_y      0.00000e+00     fixed    
  12  w_y          1.44500e+01   constant   
  13  beta_y       3.75539e-04     fixed    
  14  alpha_vw     0.00000e+00     fixed    
  15  w_vw         1.29000e+01   constant   
  16  beta_vw      0.00000e+00     fixed    
  17  LM          -3.89610e-04   constant   
  18  zeta_y       0.00000e+00   constant   
  19  zeta_vw      0.00000e+00   constant   
  20  T_CBO        5.68434e+01   2.05782e+00   3.84773e-06   1.24407e+00
  21  alpha_A0     2.94067e-01   1.48351e-02   9.68085e-06   2.11670e-01
  22  beta_A0      9.54394e-02   1.76971e-02   9.28187e-06   2.35811e-01
  23  alpha_phi    2.89800e-01   1.81298e-02   9.83803e-06   5.30500e-01
  24  beta_phi    -4.31979e-01   1.87776e-02   1.20919e-05   1.47782e-01
 CALL LIMIT EXCEEDED IN MIGRAD.
 MIGRAD TERMINATED WITHOUT CONVERGENCE.
 FCN=124.443 FROM MIGRAD    STATUS=CALL LIMIT   1916 CALLS        5326 TOTAL
                     EDM=1.96011e-05    STRATEGY= 1      ERR MATRIX NOT POS-DEF
  EXT PARAMETER                APPROXIMATE        STEP         FIRST   
  NO.   NAME      VALUE            ERROR          SIZE      DERIVATIVE 
   1  N0           2.80707e+06   4.89066e+04  -1.61523e+02  -1.20957e-05
   2  tau          6.43896e+01   constant   
   3  A0           4.33638e-01   7.00407e-02  -7.96476e-05   1.14127e+01
   4  phi          4.11714e+00   4.34669e-02  -6.26847e-05   1.86825e+01
   5  R           -6.12649e+01   constant   
   6  alpha_CBO   -3.05835e-02   2.55091e-02   2.29584e-05   1.77458e+01
   7  w_CBO        2.32500e+00   constant   
   8  beta_CBO     1.83895e-02   1.26103e-02   3.10358e-05   2.76356e+01
   9  alpha_2CBO   2.16065e-03   5.32905e-03   1.20003e-05  -1.81644e+01
  10  beta_2CBO    9.84486e-04     fixed    
  11  alpha_y      0.00000e+00     fixed    
  12  w_y          1.44500e+01   constant   
  13  beta_y       3.75539e-04     fixed    
  14  alpha_vw     0.00000e+00     fixed    
  15  w_vw         1.29000e+01   constant   
  16  beta_vw      0.00000e+00     fixed    
  17  LM          -3.89610e-04   constant   
  18  zeta_y       0.00000e+00   constant   
  19  zeta_vw      0.00000e+00   constant   
  20  T_CBO        5.52827e+01   1.16140e+01   9.42830e-05  -1.24586e+01
  21  alpha_A0     2.06251e-01   2.10690e-01  -5.01691e-04  -2.86875e+00
  22  beta_A0      1.95866e-01   4.62498e-01   9.27696e-04  -1.37502e+00
  23  alpha_phi    3.30404e-01   2.39453e-01   4.84978e-04  -2.69232e+00
  24  beta_phi    -4.25906e-01   3.40090e-01   5.14337e-04   2.71489e+00
 EXTERNAL ERROR MATRIX.    NDIM=  25    NPAR= 11    ERR DEF=1
  2.392e+09 
  1.882e+03  4.906e-03 
 -8.016e+01 -2.267e-03  1.889e-03 
 -5.904e+02 -1.777e-03  8.477e-04  6.507e-04 
 -2.182e+02  4.628e-04 -4.982e-04 -1.849e-04  1.590e-04 
 -2.172e+02 -3.399e-04  1.162e-04  1.186e-04 -1.099e-05  2.840e-05 
 -3.976e+05 -7.946e-01  3.139e-01  2.831e-01 -5.095e-02  5.992e-02  1.350e+02 
  8.027e+03  1.376e-02 -4.344e-03 -4.849e-03  5.072e-04 -1.095e-03 -2.402e+00  4.439e-02 
 -1.784e+04 -3.061e-02  1.179e-02  1.074e-02 -1.544e-03  2.442e-03  5.284e+00 -9.505e-02  2.139e-01 
 -9.796e+03 -1.491e-02  5.910e-03  5.134e-03 -6.497e-04  1.241e-03  2.618e+00 -4.717e-02  1.089e-01  5.734e-02 
 -1.029e+04 -2.368e-02  1.003e-02  8.511e-03 -1.893e-03  1.698e-03  3.917e+00 -6.911e-02  1.516e-01  7.432e-02  1.157e-01 
ERR MATRIX NOT POS-DEF
 PARAMETER  CORRELATION COEFFICIENTS  
       NO.  GLOBAL      1      3      4      6      8      9     20     21     22     23     24
        1  0.99999   1.000  0.550 -0.038 -0.473 -0.354 -0.833 -0.700  0.779 -0.789 -0.837 -0.618
        3  1.00000   0.550  1.000 -0.745 -0.995  0.524 -0.911 -0.976  0.933 -0.945 -0.889 -0.994
        4  0.99998  -0.038 -0.745  1.000  0.765 -0.909  0.502  0.622 -0.474  0.587  0.568  0.679
        6  0.99999  -0.473 -0.995  0.765  1.000 -0.575  0.872  0.955 -0.902  0.910  0.840  0.981
        8  0.99993  -0.354  0.524 -0.909 -0.575  1.000 -0.164 -0.348  0.191 -0.265 -0.215 -0.441
        9  0.99962  -0.833 -0.911  0.502  0.872 -0.164  1.000  0.968 -0.975  0.991  0.973  0.937
       20  0.99997  -0.700 -0.976  0.622  0.955 -0.348  0.968  1.000 -0.981  0.983  0.941  0.991
       21  0.99998   0.779  0.933 -0.474 -0.902  0.191 -0.975 -0.981  1.000 -0.975 -0.935 -0.964
       22  1.00000  -0.789 -0.945  0.587  0.910 -0.265  0.991  0.983 -0.975  1.000  0.984  0.964
       23  0.99998  -0.837 -0.889  0.568  0.840 -0.215  0.973  0.941 -0.935  0.984  1.000  0.913
       24  0.99999  -0.618 -0.994  0.679  0.981 -0.441  0.937  0.991 -0.964  0.964  0.913  1.000
 ERR MATRIX NOT POS-DEF
MINUIT - FIT ONLY 1-y
 **********
 **   51 **RES 
 **********
                   PARAMETER   16  beta_vw RESTORED TO VARIABLE.
                   PARAMETER   14  alpha_vw RESTORED TO VARIABLE.
                   PARAMETER   13  beta_y RESTORED TO VARIABLE.
                   PARAMETER   11  alpha_y RESTORED TO VARIABLE.
                   PARAMETER   10  beta_2CBO RESTORED TO VARIABLE.
 **********
 **   52 **FIX            0
 **********
 PARAMETER    0  IS UNDEFINED. IGNORED.
 **********
 **   53 **FIX            1
 **********
 **********
 **   54 **FIX            2
 **********
 PARAMETER    2  IS CONSTANT.   IGNORED.
 **********
 **   55 **FIX            3
 **********
 **********
 **   56 **FIX            4
 **********
 **********
 **   57 **FIX            5
 **********
 PARAMETER    5  IS CONSTANT.   IGNORED.
 **********
 **   58 **FIX            6
 **********
 **********
 **   59 **FIX            7
 **********
 PARAMETER    7  IS CONSTANT.   IGNORED.
 **********
 **   60 **FIX            8
 **********
 **********
 **   61 **FIX            9
 **********
 **********
 **   62 **FIX           13
 **********
 **********
 **   63 **FIX           14
 **********
 **********
 **   64 **FIX           15
 **********
 PARAMETER   15  IS CONSTANT.   IGNORED.
 **********
 **   65 **FIX           16
 **********
 **********
 **   66 **MIGRAD
 **********
 START MIGRAD MINIMIZATION.  STRATEGY  1.  CONVERGENCE WHEN EDM .LT. 1.00e-04
 FCN=124.443 FROM MIGRAD    STATUS=INITIATE       16 CALLS        5342 TOTAL
                     EDM= unknown      STRATEGY= 1      NO ERROR MATRIX       
  EXT PARAMETER               CURRENT GUESS       STEP         FIRST   
  NO.   NAME      VALUE            ERROR          SIZE      DERIVATIVE 
   1  N0           2.80707e+06     fixed    
   2  tau          6.43896e+01   constant   
   3  A0           4.33638e-01     fixed    
   4  phi          4.11714e+00     fixed    
   5  R           -6.12649e+01   constant   
   6  alpha_CBO   -3.05835e-02     fixed    
   7  w_CBO        2.32500e+00   constant   
   8  beta_CBO     1.83895e-02     fixed    
   9  alpha_2CBO   2.16065e-03     fixed    
  10  beta_2CBO    9.84486e-04   1.65538e-03   1.65538e-03   3.74119e+02
  11  alpha_y      0.00000e+00   1.00000e-03   1.00000e-03   9.97757e+04
  12  w_y          1.44500e+01   constant   
  13  beta_y       3.75539e-04     fixed    
  14  alpha_vw     0.00000e+00     fixed    
  15  w_vw         1.29000e+01   constant   
  16  beta_vw      0.00000e+00     fixed    
  17  LM          -3.89610e-04   constant   
  18  zeta_y       0.00000e+00   constant   
  19  zeta_vw      0.00000e+00   constant   
  20  T_CBO        5.52827e+01   1.16140e+01   9.42830e-05  -1.24586e+01
  21  alpha_A0     2.06251e-01   2.10690e-01  -5.01691e-04  -2.86875e+00
  22  beta_A0      1.95866e-01   4.62498e-01   9.27696e-04  -1.37502e+00
  23  alpha_phi    3.30404e-01   2.39453e-01   4.84978e-04  -2.69232e+00
  24  beta_phi    -4.25906e-01   3.40090e-01   5.14337e-04   2.71489e+00
 CALL LIMIT EXCEEDED IN MIGRAD.
 MIGRAD TERMINATED WITHOUT CONVERGENCE.
 FCN=42.2004 FROM MIGRAD    STATUS=CALL LIMIT   1155 CALLS        6481 TOTAL
                     EDM=0.00016674    STRATEGY= 1  ERROR MATRIX UNCERTAINTY  21.4 per cent
  EXT PARAMETER                APPROXIMATE        STEP         FIRST   
  NO.   NAME      VALUE            ERROR          SIZE      DERIVATIVE 
   1  N0           2.80707e+06     fixed    
   2  tau          6.43896e+01   constant   
   3  A0           4.33638e-01     fixed    
   4  phi          4.11714e+00     fixed    
   5  R           -6.12649e+01   constant   
   6  alpha_CBO   -3.05835e-02     fixed    
   7  w_CBO        2.32500e+00   constant   
   8  beta_CBO     1.83895e-02     fixed    
   9  alpha_2CBO   2.16065e-03     fixed    
  10  beta_2CBO    1.58834e-03   2.97658e-04  -1.79128e-07   1.92973e+01
  11  alpha_y     -1.64995e-03   1.80346e-04   3.10543e-08  -7.27902e+00
  12  w_y          1.44500e+01   constant   
  13  beta_y       3.75539e-04     fixed    
  14  alpha_vw     0.00000e+00     fixed    
  15  w_vw         1.29000e+01   constant   
  16  beta_vw      0.00000e+00     fixed    
  17  LM          -3.89610e-04   constant   
  18  zeta_y       0.00000e+00   constant   
  19  zeta_vw      0.00000e+00   constant   
  20  T_CBO        3.61363e+01   6.94105e+00  -5.78242e-04  -3.79297e+01
  21  alpha_A0     3.54226e-01   1.05509e-01   1.63701e-03   5.72500e-02
  22  beta_A0      3.40577e-01   1.05146e-01   1.62690e-03  -1.49319e+00
  23  alpha_phi    5.81785e-01   1.79862e-01   2.77870e-03  -2.42114e+00
  24  beta_phi    -7.60456e-01   2.38654e-01  -3.67828e-03   3.55825e+00
 EXTERNAL ERROR MATRIX.    NDIM=  25    NPAR=  7    ERR DEF=1
  8.860e-08 -6.496e-09 -1.090e-03  1.624e-05  1.636e-05  2.834e-05 -3.806e-05 
 -6.496e-09  3.252e-08  1.190e-04 -1.812e-06 -1.763e-06 -3.124e-06  4.196e-06 
 -1.090e-03  1.190e-04  4.820e+01 -7.323e-01 -7.298e-01 -1.249e+00  1.657e+00 
  1.624e-05 -1.812e-06 -7.323e-01  1.113e-02  1.109e-02  1.897e-02 -2.517e-02 
  1.636e-05 -1.763e-06 -7.298e-01  1.109e-02  1.106e-02  1.890e-02 -2.508e-02 
  2.834e-05 -3.124e-06 -1.249e+00  1.897e-02  1.890e-02  3.235e-02 -4.292e-02 
 -3.806e-05  4.196e-06  1.657e+00 -2.517e-02 -2.508e-02 -4.292e-02  5.696e-02 
ERR MATRIX APPROXIMATE
 PARAMETER  CORRELATION COEFFICIENTS  
       NO.  GLOBAL     10     11     20     21     22     23     24
       10  0.79606   1.000 -0.121 -0.527  0.517  0.523  0.529 -0.536
       11  0.19557  -0.121  1.000  0.095 -0.095 -0.093 -0.096  0.097
       20  0.99997  -0.527  0.095  1.000 -1.000 -1.000 -1.000  1.000
       21  0.99979   0.517 -0.095 -1.000  1.000  0.999  1.000 -0.999
       22  0.99974   0.523 -0.093 -1.000  0.999  1.000  1.000 -1.000
       23  0.99992   0.529 -0.096 -1.000  1.000  1.000  1.000 -1.000
       24  0.99991  -0.536  0.097  1.000 -0.999 -1.000 -1.000  1.000
 ERR MATRIX APPROXIMATE
MINUIT - FIT ONLY 2-y
 **********
 **   67 **RES 
 **********
                   PARAMETER   16  beta_vw RESTORED TO VARIABLE.
                   PARAMETER   14  alpha_vw RESTORED TO VARIABLE.
                   PARAMETER   13  beta_y RESTORED TO VARIABLE.
                   PARAMETER    9  alpha_2CBO RESTORED TO VARIABLE.
                   PARAMETER    8  beta_CBO RESTORED TO VARIABLE.
                   PARAMETER    6  alpha_CBO RESTORED TO VARIABLE.
                   PARAMETER    4  phi RESTORED TO VARIABLE.
                   PARAMETER    3  A0 RESTORED TO VARIABLE.
                   PARAMETER    1  N0 RESTORED TO VARIABLE.
 **********
 **   68 **FIX            0
 **********
 PARAMETER    0  IS UNDEFINED. IGNORED.
 **********
 **   69 **FIX            1
 **********
 **********
 **   70 **FIX            2
 **********
 PARAMETER    2  IS CONSTANT.   IGNORED.
 **********
 **   71 **FIX            3
 **********
 **********
 **   72 **FIX            4
 **********
 **********
 **   73 **FIX            5
 **********
 PARAMETER    5  IS CONSTANT.   IGNORED.
 **********
 **   74 **FIX            6
 **********
 **********
 **   75 **FIX            7
 **********
 PARAMETER    7  IS CONSTANT.   IGNORED.
 **********
 **   76 **FIX            8
 **********
 **********
 **   77 **FIX            9
 **********
 **********
 **   78 **FIX           10
 **********
 **********
 **   79 **FIX           11
 **********
 **********
 **   80 **FIX           12
 **********
 PARAMETER   12  IS CONSTANT.   IGNORED.
 **********
 **   81 **FIX           16
 **********
 **********
 **   82 **MIGRAD
 **********
 START MIGRAD MINIMIZATION.  STRATEGY  1.  CONVERGENCE WHEN EDM .LT. 1.00e-04
 FCN=42.2004 FROM MIGRAD    STATUS=INITIATE       16 CALLS        6497 TOTAL
                     EDM= unknown      STRATEGY= 1      NO ERROR MATRIX       
  EXT PARAMETER               CURRENT GUESS       STEP         FIRST   
  NO.   NAME      VALUE            ERROR          SIZE      DERIVATIVE 
   1  N0           2.80707e+06     fixed    
   2  tau          6.43896e+01   constant   
   3  A0           4.33638e-01     fixed    
   4  phi          4.11714e+00     fixed    
   5  R           -6.12649e+01   constant   
   6  alpha_CBO   -3.05835e-02     fixed    
   7  w_CBO        2.32500e+00   constant   
   8  beta_CBO     1.83895e-02     fixed    
   9  alpha_2CBO   2.16065e-03     fixed    
  10  beta_2CBO    1.58834e-03     fixed    
  11  alpha_y     -1.64995e-03     fixed    
  12  w_y          1.44500e+01   constant   
