 + ++++++++++++++++++++++++++++++++++++++++++++++++++++++++++++++++++++ +
 +                                                                      +
 +           You have chose to blind your fitting according to          +
 +                omega_ref * (1 + (R +/- deltaR) *10^{-6})             +
 +                                                                      +
 + ++++++++++++++++++++++++++++++++++++++++++++++++++++++++++++++++++++ +
In main()...
reading format from /gm2data/zkhechad/run45/envelope/formats/formatB_sBin_constraintOn.txt
pBinTau 	= 0  
pBinPhi 	= 0  
constraintau 	= 1 
includeMopTerm 	= 0    
constrainMop    = 0   
Parameters after format file: pBinTau 0 pBinPhi 0 constraintau 1 includeMopTerm 0 constrainMop 0 c_e_scale 0.000000 
Opening file /gm2data/tbarrett/gm2fr/studies/run23_bunch_corrections/CorrectedFourier_Run3b.root.
reading full fit data from /gm2data/zkhechad/cboTemplates/Run4CBOTemplates/fullFits/noRF/sBin_constraintOn_cE0.0_seed0_noRF_calo2.root
windowBins = 69
fitting sliding window 1470 from bin 1606 at 239.466000 to bin 1675 at 249.910000 (69 bins)

Reading data from /gm2data/cornell/histograms/aMethod/histogram_a_noRF.root
 **********
 **    1 **SET PRINTOUT            1
 **********
 **********
 **    2 **SET NOWARNINGS 
 **********
 PARAMETER DEFINITIONS:
    NO.   NAME         VALUE      STEP SIZE      LIMITS
     1 N0           3.21058e+06  1.00000e+02     no limits
     2 tau          6.44090e+01  constant
     3 A0           3.64384e-01  1.00000e-04     no limits
     4 phi          4.11815e+00  1.00000e-02     no limits
     5 R           -6.00655e+01  constant
     6 alpha_CBO    0.00000e+00  1.00000e-03     no limits
     7 w_CBO        2.32500e+00  constant
     8 beta_CBO     0.00000e+00  1.00000e-03     no limits
     9 alpha_2CBO   0.00000e+00  1.00000e-03     no limits
    10 beta_2CBO    0.00000e+00  1.00000e-03     no limits
    11 alpha_y      0.00000e+00  1.00000e-03     no limits
    12 w_y          1.38860e+01  constant
    13 beta_y       0.00000e+00  1.00000e-03     no limits
    14 alpha_vw     0.00000e+00  1.00000e-03     no limits
    15 w_vw         1.43404e+01  constant
    16 beta_vw      0.00000e+00  1.00000e-03     no limits
    17 LM           2.36781e-04  constant
    18 zeta_y       0.00000e+00  constant
    19 zeta_vw      0.00000e+00  constant
    20 T_CBO        1.00000e+02  1.00000e+00    0.00000e+00  1.00000e+03
    21 alpha_A0     0.00000e+00  1.00000e-04   -1.00000e-02  1.00000e-02
    22 beta_A0      0.00000e+00  1.00000e-04   -1.00000e-02  1.00000e-02
    23 alpha_phi    0.00000e+00  1.00000e-04   -1.00000e-02  1.00000e-02
    24 beta_phi     0.00000e+00  1.00000e-04   -1.00000e-02  1.00000e-02
MINUIT - FIT ONLY WIGGLE
 **********
 **    3 **FIX            5
 **********
 PARAMETER    5  IS CONSTANT.   IGNORED.
 **********
 **    4 **FIX            6
 **********
 **********
 **    5 **FIX            7
 **********
 PARAMETER    7  IS CONSTANT.   IGNORED.
 **********
 **    6 **FIX            8
 **********
 **********
 **    7 **FIX            9
 **********
 **********
 **    8 **FIX           10
 **********
 **********
 **    9 **FIX           11
 **********
 **********
 **   10 **FIX           12
 **********
 PARAMETER   12  IS CONSTANT.   IGNORED.
 **********
 **   11 **FIX           13
 **********
 **********
 **   12 **FIX           14
 **********
 **********
 **   13 **FIX           15
 **********
 PARAMETER   15  IS CONSTANT.   IGNORED.
 **********
 **   14 **FIX           16
 **********
 **********
 **   15 **MIGRAD
 **********
 FIRST CALL TO USER FUNCTION AT NEW START POINT, WITH IFLAG=4.
 START MIGRAD MINIMIZATION.  STRATEGY  1.  CONVERGENCE WHEN EDM .LT. 1.00e-04
 FCN=95.8138 FROM MIGRAD    STATUS=INITIATE      437 CALLS         438 TOTAL
                     EDM= unknown      STRATEGY= 1      NO ERROR MATRIX       
  EXT PARAMETER               CURRENT GUESS       STEP         FIRST   
  NO.   NAME      VALUE            ERROR          SIZE      DERIVATIVE 
   1  N0           3.21058e+06   1.00000e+02   0.00000e+00  -1.21868e-03
   2  tau          6.44090e+01   constant   
   3  A0           3.64384e-01   1.00000e-04   0.00000e+00   4.25899e+03
   4  phi          4.11815e+00   1.00000e-02   0.00000e+00   1.40747e+03
   5  R           -6.00655e+01   constant   
   6  alpha_CBO    0.00000e+00     fixed    
   7  w_CBO        2.32500e+00   constant   
   8  beta_CBO     0.00000e+00     fixed    
   9  alpha_2CBO   0.00000e+00     fixed    
  10  beta_2CBO    0.00000e+00     fixed    
  11  alpha_y      0.00000e+00     fixed    
  12  w_y          1.38860e+01   constant   
  13  beta_y       0.00000e+00     fixed    
  14  alpha_vw     0.00000e+00     fixed    
  15  w_vw         1.43404e+01   constant   
  16  beta_vw      0.00000e+00     fixed    
  17  LM           2.36781e-04   constant   
  18  zeta_y       0.00000e+00   constant   
  19  zeta_vw      0.00000e+00   constant   
  20  T_CBO        1.00000e+02   1.00000e+00   0.00000e+00   0.00000e+00
  21  alpha_A0     0.00000e+00   1.00000e-04   0.00000e+00  -6.13102e-01
  22  beta_A0      0.00000e+00   1.00000e-04   0.00000e+00  -2.66279e-01
  23  alpha_phi    0.00000e+00   1.00000e-04   0.00000e+00  -8.22195e-02
  24  beta_phi     0.00000e+00   1.00000e-04   0.00000e+00   9.76622e-01
 CALL LIMIT EXCEEDED IN MIGRAD.
 MIGRAD TERMINATED WITHOUT CONVERGENCE.
 FCN=93.378 FROM MIGRAD    STATUS=CALL LIMIT   1322 CALLS        1323 TOTAL
                     EDM=0.000337308    STRATEGY= 1  ERROR MATRIX UNCERTAINTY   1.4 per cent
  EXT PARAMETER                APPROXIMATE        STEP         FIRST   
  NO.   NAME      VALUE            ERROR          SIZE      DERIVATIVE 
   1  N0           3.21099e+06   9.75381e+02  -2.92163e+00   9.33829e-07
   2  tau          6.44090e+01   constant   
   3  A0           3.64102e-01   3.54548e-04  -9.49548e-07  -5.52400e+00
   4  phi          4.11720e+00   1.05691e-03  -1.91927e-06  -1.75673e+00
   5  R           -6.00655e+01   constant   
   6  alpha_CBO    0.00000e+00     fixed    
   7  w_CBO        2.32500e+00   constant   
   8  beta_CBO     0.00000e+00     fixed    
   9  alpha_2CBO   0.00000e+00     fixed    
  10  beta_2CBO    0.00000e+00     fixed    
  11  alpha_y      0.00000e+00     fixed    
  12  w_y          1.38860e+01   constant   
  13  beta_y       0.00000e+00     fixed    
  14  alpha_vw     0.00000e+00     fixed    
  15  w_vw         1.43404e+01   constant   
  16  beta_vw      0.00000e+00     fixed    
  17  LM           2.36781e-04   constant   
  18  zeta_y       0.00000e+00   constant   
  19  zeta_vw      0.00000e+00   constant   
  20  T_CBO        8.57351e+02   8.93503e+02   1.83247e-01  -4.25053e-03
  21  alpha_A0     1.28836e-03   4.12675e-03  -2.05959e-03  -2.04552e-02
  22  beta_A0      8.51506e-04   3.42451e-03  -8.25572e-05   4.80148e-02
  23  alpha_phi    8.17944e-04   2.99777e-03  -3.32234e-03  -1.15316e-01
  24  beta_phi    -1.01021e-03   3.38902e-03   3.28306e-03   1.03688e-01
 EXTERNAL ERROR MATRIX.    NDIM=  25    NPAR=  8    ERR DEF=1
  9.514e+05  7.026e-02 -1.066e-01 -1.286e+05 -1.055e-01  4.882e-01  3.111e-01  2.345e-01 
  7.026e-02  1.257e-07  1.509e-08 -3.280e-02 -7.740e-08  7.313e-09 -9.445e-08 -1.845e-08 
 -1.066e-01  1.509e-08  1.117e-06 -2.374e-01 -1.131e-07 -6.006e-08 -1.925e-07 -2.187e-07 
 -1.286e+05 -3.280e-02 -2.374e-01  2.535e+07 -1.672e+01 -1.211e+01 -1.217e+01  1.455e+01 
 -1.055e-01 -7.740e-08 -1.131e-07 -1.672e+01  1.812e-05  8.984e-06  8.921e-06 -9.694e-06 
  4.882e-01  7.313e-09 -6.006e-08 -1.211e+01  8.984e-06  1.222e-05  7.005e-06 -7.888e-06 
  3.111e-01 -9.445e-08 -1.925e-07 -1.217e+01  8.921e-06  7.005e-06  9.272e-06 -5.618e-06 
  2.345e-01 -1.845e-08 -2.187e-07  1.455e+01 -9.694e-06 -7.888e-06 -5.618e-06  1.196e-05 
ERR MATRIX APPROXIMATE
 PARAMETER  CORRELATION COEFFICIENTS  
       NO.  GLOBAL      1      3      4     20     21     22     23     24
        1  0.36326   1.000  0.203 -0.103 -0.026 -0.025  0.143  0.105  0.070
        3  0.29351   0.203  1.000  0.040 -0.018 -0.051  0.006 -0.087 -0.015
        4  0.20242  -0.103  0.040  1.000 -0.045 -0.025 -0.016 -0.060 -0.060
       20  0.94011  -0.026 -0.018 -0.045  1.000 -0.780 -0.688 -0.794  0.836
       21  0.79705  -0.025 -0.051 -0.025 -0.780  1.000  0.604  0.688 -0.659
       22  0.76276   0.143  0.006 -0.016 -0.688  0.604  1.000  0.658 -0.652
       23  0.86453   0.105 -0.087 -0.060 -0.794  0.688  0.658  1.000 -0.534
       24  0.88325   0.070 -0.015 -0.060  0.836 -0.659 -0.652 -0.534  1.000
 ERR MATRIX APPROXIMATE
MINUIT - FIT ONLY 1-CBO + wiggle
 **********
 **   16 **RES 
 **********
                   PARAMETER   16  beta_vw RESTORED TO VARIABLE.
                   PARAMETER   14  alpha_vw RESTORED TO VARIABLE.
                   PARAMETER   13  beta_y RESTORED TO VARIABLE.
                   PARAMETER   11  alpha_y RESTORED TO VARIABLE.
                   PARAMETER   10  beta_2CBO RESTORED TO VARIABLE.
                   PARAMETER    9  alpha_2CBO RESTORED TO VARIABLE.
                   PARAMETER    8  beta_CBO RESTORED TO VARIABLE.
                   PARAMETER    6  alpha_CBO RESTORED TO VARIABLE.
 **********
 **   17 **FIX            8
 **********
 **********
 **   18 **FIX            9
 **********
 **********
 **   19 **FIX           11
 **********
 **********
 **   20 **FIX           12
 **********
 PARAMETER   12  IS CONSTANT.   IGNORED.
 **********
 **   21 **FIX           14
 **********
 **********
 **   22 **FIX           15
 **********
 PARAMETER   15  IS CONSTANT.   IGNORED.
 **********
 **   23 **FIX           16
 **********
 **********
 **   24 **MIGRAD
 **********
 START MIGRAD MINIMIZATION.  STRATEGY  1.  CONVERGENCE WHEN EDM .LT. 1.00e-04
 FCN=93.378 FROM MIGRAD    STATUS=INITIATE       28 CALLS        1351 TOTAL
                     EDM= unknown      STRATEGY= 1      NO ERROR MATRIX       
  EXT PARAMETER               CURRENT GUESS       STEP         FIRST   
  NO.   NAME      VALUE            ERROR          SIZE      DERIVATIVE 
   1  N0           3.21099e+06   9.75381e+02  -2.92163e+00   9.33829e-07
   2  tau          6.44090e+01   constant   
   3  A0           3.64102e-01   3.54548e-04  -9.49548e-07  -5.52400e+00
   4  phi          4.11720e+00   1.05691e-03  -1.91927e-06  -1.75673e+00
   5  R           -6.00655e+01   constant   
   6  alpha_CBO    0.00000e+00   1.00000e-03   1.00000e-03   1.58569e+04
   7  w_CBO        2.32500e+00   constant   
   8  beta_CBO     0.00000e+00     fixed    
   9  alpha_2CBO   0.00000e+00     fixed    
  10  beta_2CBO    0.00000e+00   1.00000e-03   1.00000e-03   7.49273e+02
  11  alpha_y      0.00000e+00     fixed    
  12  w_y          1.38860e+01   constant   
  13  beta_y       0.00000e+00   1.00000e-03   1.00000e-03  -7.32320e+02
  14  alpha_vw     0.00000e+00     fixed    
  15  w_vw         1.43404e+01   constant   
  16  beta_vw      0.00000e+00     fixed    
  17  LM           2.36781e-04   constant   
  18  zeta_y       0.00000e+00   constant   
  19  zeta_vw      0.00000e+00   constant   
  20  T_CBO        8.57351e+02   8.93503e+02   1.83247e-01  -4.26506e-03
  21  alpha_A0     1.28836e-03   4.12675e-03  -2.05959e-03  -2.04550e-02
  22  beta_A0      8.51506e-04   3.42451e-03  -8.25572e-05   4.80150e-02
  23  alpha_phi    8.17944e-04   2.99777e-03  -3.32234e-03  -1.15316e-01
  24  beta_phi    -1.01021e-03   3.38902e-03   3.28306e-03   1.03688e-01
 MIGRAD MINIMIZATION HAS CONVERGED.
 FCN=82.3149 FROM MIGRAD    STATUS=CONVERGED     329 CALLS        1652 TOTAL
                     EDM=4.56343e-06    STRATEGY= 1  ERROR MATRIX UNCERTAINTY   0.8 per cent
  EXT PARAMETER                                   STEP         FIRST   
  NO.   NAME      VALUE            ERROR          SIZE      DERIVATIVE 
   1  N0           3.21095e+06   9.26486e+02   2.64617e-01   1.42187e-07
   2  tau          6.44090e+01   constant   
   3  A0           3.63989e-01   3.42664e-04  -9.70073e-09   3.18690e+00
   4  phi          4.11772e+00   1.08581e-03  -8.12740e-08   4.58854e-02
   5  R           -6.00655e+01   constant   
   6  alpha_CBO   -1.38834e-03   4.18078e-04   1.48279e-08   3.80488e-01
   7  w_CBO        2.32500e+00   constant   
   8  beta_CBO     0.00000e+00     fixed    
   9  alpha_2CBO   0.00000e+00     fixed    
  10  beta_2CBO   -1.02914e-04   3.92349e-04  -7.94941e-08   3.08837e-01
  11  alpha_y      0.00000e+00     fixed    
  12  w_y          1.38860e+01   constant   
  13  beta_y       6.26227e-05   3.93775e-04  -3.40317e-09  -1.76628e+00
  14  alpha_vw     0.00000e+00     fixed    
  15  w_vw         1.43404e+01   constant   
  16  beta_vw      0.00000e+00     fixed    
  17  LM           2.36781e-04   constant   
  18  zeta_y       0.00000e+00   constant   
  19  zeta_vw      0.00000e+00   constant   
  20  T_CBO        9.98809e+02   8.84691e+02  -9.79714e-03  -1.46026e-04
  21  alpha_A0     1.61300e-03   1.95753e-03   4.80747e-04   3.11191e-03
  22  beta_A0      9.05186e-04   1.97878e-03   3.51645e-04  -3.32272e-03
  23  alpha_phi   -3.01914e-04   1.93775e-03  -8.63486e-05  -5.66750e-03
  24  beta_phi    -8.82075e-04   1.75706e-03  -3.26730e-04   6.11708e-03
 EXTERNAL ERROR MATRIX.    NDIM=  25    NPAR= 11    ERR DEF=1
  8.584e+05 
  2.886e-02  1.174e-07 
 -1.388e-01  1.110e-08  1.179e-06 
  4.400e-03  1.325e-08 -6.434e-08  1.748e-07 
  2.070e-02  1.929e-09 -2.090e-08  5.497e-09  1.539e-07 
  5.474e-03  7.952e-10 -3.529e-09 -7.234e-10 -5.930e-10  1.551e-07 
  4.097e+04  1.408e-02 -5.831e-04  2.060e-03 -9.866e-03 -7.181e-03  6.249e+05 
 -8.018e-02 -3.019e-08 -1.273e-07 -4.834e-08  2.189e-08  1.556e-08 -3.305e-01  3.883e-06 
  2.740e-01 -4.742e-08 -1.882e-07 -1.037e-08 -6.473e-09 -5.785e-09 -1.274e-01  3.166e-07  3.968e-06 
  3.438e-01 -3.736e-08 -2.053e-07  1.444e-07  5.264e-08  1.153e-09  6.112e-03  4.922e-07  3.741e-07  3.803e-06 
  2.551e-01 -6.820e-09 -1.056e-07 -1.666e-08  2.762e-08  2.192e-09  1.454e-01  1.850e-07  2.101e-07  5.666e-08  3.120e-06 
 PARAMETER  CORRELATION COEFFICIENTS  
       NO.  GLOBAL      1      3      4      6     10     13     20     21     22     23     24
        1  0.33159   1.000  0.091 -0.138  0.011  0.057  0.015  0.056 -0.044  0.148  0.190  0.156
        3  0.18827   0.091  1.000  0.030  0.092  0.014  0.006  0.052 -0.045 -0.069 -0.056 -0.011
        4  0.23133  -0.138  0.030  1.000 -0.142 -0.049 -0.008 -0.001 -0.059 -0.087 -0.097 -0.055
        6  0.26410   0.011  0.092 -0.142  1.000  0.034 -0.004  0.006 -0.059 -0.012  0.177 -0.023
       10  0.10983   0.057  0.014 -0.049  0.034  1.000 -0.004 -0.032  0.028 -0.008  0.069  0.040
       13  0.03697   0.015  0.006 -0.008 -0.004 -0.004  1.000 -0.023  0.020 -0.007  0.002  0.003
       20  0.26301   0.056  0.052 -0.001  0.006 -0.032 -0.023  1.000 -0.212 -0.081  0.004  0.104
       21  0.29215  -0.044 -0.045 -0.059 -0.059  0.028  0.020 -0.212  1.000  0.081  0.128  0.053
       22  0.22284   0.148 -0.069 -0.087 -0.012 -0.008 -0.007 -0.081  0.081  1.000  0.096  0.060
       23  0.32128   0.190 -0.056 -0.097  0.177  0.069  0.002  0.004  0.128  0.096  1.000  0.016
       24  0.21312   0.156 -0.011 -0.055 -0.023  0.040  0.003  0.104  0.053  0.060  0.016  1.000
MINUIT - FIT ONLY 2-CBO
 **********
 **   25 **RES 
 **********
                   PARAMETER   16  beta_vw RESTORED TO VARIABLE.
                   PARAMETER   14  alpha_vw RESTORED TO VARIABLE.
                   PARAMETER   11  alpha_y RESTORED TO VARIABLE.
                   PARAMETER    9  alpha_2CBO RESTORED TO VARIABLE.
                   PARAMETER    8  beta_CBO RESTORED TO VARIABLE.
 **********
 **   26 **FIX            0
 **********
 PARAMETER    0  IS UNDEFINED. IGNORED.
 **********
 **   27 **FIX            1
 **********
 **********
 **   28 **FIX            2
 **********
 PARAMETER    2  IS CONSTANT.   IGNORED.
 **********
 **   29 **FIX            3
 **********
 **********
 **   30 **FIX            4
 **********
 **********
 **   31 **FIX            5
 **********
 PARAMETER    5  IS CONSTANT.   IGNORED.
 **********
 **   32 **FIX            6
 **********
 **********
 **   33 **FIX            7
 **********
 PARAMETER    7  IS CONSTANT.   IGNORED.
 **********
 **   34 **FIX           10
 **********
 **********
 **   35 **FIX           11
 **********
 **********
 **   36 **FIX           12
 **********
 PARAMETER   12  IS CONSTANT.   IGNORED.
 **********
 **   37 **FIX           13
 **********
 **********
 **   38 **FIX           14
 **********
 **********
 **   39 **FIX           15
 **********
 PARAMETER   15  IS CONSTANT.   IGNORED.
 **********
 **   40 **FIX           16
 **********
 **********
 **   41 **MIGRAD
 **********
 START MIGRAD MINIMIZATION.  STRATEGY  1.  CONVERGENCE WHEN EDM .LT. 1.00e-04
 FCN=82.3149 FROM MIGRAD    STATUS=INITIATE       18 CALLS        1670 TOTAL
                     EDM= unknown      STRATEGY= 1      NO ERROR MATRIX       
  EXT PARAMETER               CURRENT GUESS       STEP         FIRST   
  NO.   NAME      VALUE            ERROR          SIZE      DERIVATIVE 
   1  N0           3.21095e+06     fixed    
   2  tau          6.44090e+01   constant   
   3  A0           3.63989e-01     fixed    
   4  phi          4.11772e+00     fixed    
   5  R           -6.00655e+01   constant   
   6  alpha_CBO   -1.38834e-03     fixed    
   7  w_CBO        2.32500e+00   constant   
   8  beta_CBO     0.00000e+00   1.00000e-03   1.00000e-03  -2.12164e+04
   9  alpha_2CBO   0.00000e+00   1.00000e-03   1.00000e-03  -5.52550e+03
  10  beta_2CBO   -1.02914e-04     fixed    
  11  alpha_y      0.00000e+00     fixed    
  12  w_y          1.38860e+01   constant   
  13  beta_y       6.26227e-05     fixed    
  14  alpha_vw     0.00000e+00     fixed    
  15  w_vw         1.43404e+01   constant   
  16  beta_vw      0.00000e+00     fixed    
  17  LM           2.36781e-04   constant   
  18  zeta_y       0.00000e+00   constant   
  19  zeta_vw      0.00000e+00   constant   
  20  T_CBO        9.98809e+02   8.84691e+02  -9.79714e-03  -1.54127e-04
  21  alpha_A0     1.61300e-03   1.95753e-03   4.80747e-04   3.11189e-03
  22  beta_A0      9.05186e-04   1.97878e-03   3.51645e-04  -3.32262e-03
  23  alpha_phi   -3.01914e-04   1.93775e-03  -8.63486e-05  -5.66750e-03
  24  beta_phi    -8.82075e-04   1.75706e-03  -3.26730e-04   6.11708e-03
 MIGRAD MINIMIZATION HAS CONVERGED.
 MIGRAD WILL VERIFY CONVERGENCE AND ERROR MATRIX.
 COVARIANCE MATRIX CALCULATED SUCCESSFULLY
 FCN=63.32 FROM MIGRAD    STATUS=CONVERGED     139 CALLS        1791 TOTAL
                     EDM=8.8431e-06    STRATEGY= 1      ERROR MATRIX ACCURATE 
  EXT PARAMETER                                   STEP         FIRST   
  NO.   NAME      VALUE            ERROR          SIZE      DERIVATIVE 
   1  N0           3.21095e+06     fixed    
   2  tau          6.44090e+01   constant   
   3  A0           3.63989e-01     fixed    
   4  phi          4.11772e+00     fixed    
   5  R           -6.00655e+01   constant   
   6  alpha_CBO   -1.38834e-03     fixed    
   7  w_CBO        2.32500e+00   constant   
   8  beta_CBO     1.68918e-03   4.01248e-04   1.52180e-06   8.14909e-01
   9  alpha_2CBO   3.89371e-04   4.08832e-04   1.55956e-06   1.68691e-01
  10  beta_2CBO   -1.02914e-04     fixed    
  11  alpha_y      0.00000e+00     fixed    
  12  w_y          1.38860e+01   constant   
  13  beta_y       6.26227e-05     fixed    
  14  alpha_vw     0.00000e+00     fixed    
  15  w_vw         1.43404e+01   constant   
  16  beta_vw      0.00000e+00     fixed    
  17  LM           2.36781e-04   constant   
  18  zeta_y       0.00000e+00   constant   
  19  zeta_vw      0.00000e+00   constant   
  20  T_CBO        9.99642e+02   8.99414e+02   1.01926e-01   1.03448e-04
  21  alpha_A0     1.21200e-03   1.93368e-03   7.40369e-04  -6.88080e-03
  22  beta_A0     -4.64315e-04   1.90082e-03   7.32441e-04  -8.97604e-03
  23  alpha_phi   -4.43686e-04   1.82854e-03   7.06691e-04  -2.09002e-03
  24  beta_phi     3.82364e-04   1.70421e-03   6.49604e-04  -1.37889e-02
 EXTERNAL ERROR MATRIX.    NDIM=  25    NPAR=  7    ERR DEF=1
  1.610e-07 -6.868e-09  1.068e-05 -1.532e-08 -1.032e-07 -3.020e-08  1.420e-07 
 -6.868e-09  1.671e-07 -1.283e-04 -8.533e-08 -9.660e-08  6.486e-08 -8.633e-08 
  1.068e-05 -1.283e-04  2.680e+05  1.832e-01 -6.687e-02 -6.918e-02  6.134e-02 
 -1.532e-08 -8.533e-08  1.832e-01  3.787e-06  2.571e-07  4.349e-07  1.919e-07 
 -1.032e-07 -9.660e-08 -6.687e-02  2.571e-07  3.658e-06  1.948e-07 -7.543e-08 
 -3.020e-08  6.486e-08 -6.918e-02  4.349e-07  1.948e-07  3.382e-06 -1.688e-07 
  1.420e-07 -8.633e-08  6.134e-02  1.919e-07 -7.543e-08 -1.688e-07  2.933e-06 
 PARAMETER  CORRELATION COEFFICIENTS  
       NO.  GLOBAL      8      9     20     21     22     23     24
        8  0.24899   1.000 -0.042  0.000 -0.020 -0.135 -0.041  0.207
        9  0.22602  -0.042  1.000 -0.001 -0.107 -0.124  0.086 -0.123
       20  0.22722   0.000 -0.001  1.000  0.182 -0.068 -0.073  0.069
       21  0.26654  -0.020 -0.107  0.182  1.000  0.069  0.122  0.058
       22  0.21454  -0.135 -0.124 -0.068  0.069  1.000  0.055 -0.023
       23  0.19781  -0.041  0.086 -0.073  0.122  0.055  1.000 -0.054
       24  0.25183   0.207 -0.123  0.069  0.058 -0.023 -0.054  1.000
MINUIT - FIT wiggle + 1-CBO + 2-CBO
 **********
 **   42 **RES 
 **********
                   PARAMETER   16  beta_vw RESTORED TO VARIABLE.
                   PARAMETER   14  alpha_vw RESTORED TO VARIABLE.
                   PARAMETER   13  beta_y RESTORED TO VARIABLE.
                   PARAMETER   11  alpha_y RESTORED TO VARIABLE.
                   PARAMETER   10  beta_2CBO RESTORED TO VARIABLE.
                   PARAMETER    6  alpha_CBO RESTORED TO VARIABLE.
                   PARAMETER    4  phi RESTORED TO VARIABLE.
                   PARAMETER    3  A0 RESTORED TO VARIABLE.
                   PARAMETER    1  N0 RESTORED TO VARIABLE.
 **********
 **   43 **FIX           10
 **********
 **********
 **   44 **FIX           11
 **********
 **********
 **   45 **FIX           12
 **********
 PARAMETER   12  IS CONSTANT.   IGNORED.
 **********
 **   46 **FIX           13
 **********
 **********
 **   47 **FIX           14
 **********
 **********
 **   48 **FIX           15
 **********
 PARAMETER   15  IS CONSTANT.   IGNORED.
 **********
 **   49 **FIX           16
 **********
 **********
 **   50 **MIGRAD
 **********
 START MIGRAD MINIMIZATION.  STRATEGY  1.  CONVERGENCE WHEN EDM .LT. 1.00e-04
 FCN=63.32 FROM MIGRAD    STATUS=INITIATE       22 CALLS        1813 TOTAL
                     EDM= unknown      STRATEGY= 1      NO ERROR MATRIX       
  EXT PARAMETER               CURRENT GUESS       STEP         FIRST   
  NO.   NAME      VALUE            ERROR          SIZE      DERIVATIVE 
   1  N0           3.21095e+06   9.26486e+02   9.26486e+02  -4.89400e-04
   2  tau          6.44090e+01   constant   
   3  A0           3.63989e-01   3.42664e-04   3.42664e-04  -3.84133e+03
   4  phi          4.11772e+00   1.08581e-03   1.08581e-03  -1.51335e+03
   5  R           -6.00655e+01   constant   
   6  alpha_CBO   -1.38834e-03   4.18078e-04   4.18078e-04   2.31257e+02
   7  w_CBO        2.32500e+00   constant   
   8  beta_CBO     1.68918e-03   4.01248e-04   1.52180e-06   8.14911e-01
   9  alpha_2CBO   3.89371e-04   4.08832e-04   1.55956e-06   1.68691e-01
  10  beta_2CBO   -1.02914e-04     fixed    
  11  alpha_y      0.00000e+00     fixed    
  12  w_y          1.38860e+01   constant   
  13  beta_y       6.26227e-05     fixed    
  14  alpha_vw     0.00000e+00     fixed    
  15  w_vw         1.43404e+01   constant   
  16  beta_vw      0.00000e+00     fixed    
  17  LM           2.36781e-04   constant   
  18  zeta_y       0.00000e+00   constant   
  19  zeta_vw      0.00000e+00   constant   
  20  T_CBO        9.99642e+02   8.99414e+02   1.01926e-01  -1.07456e-04
  21  alpha_A0     1.21200e-03   1.93368e-03   7.40369e-04  -6.88270e-03
  22  beta_A0     -4.64315e-04   1.90082e-03   7.32441e-04  -8.97549e-03
  23  alpha_phi   -4.43686e-04   1.82854e-03   7.06691e-04  -2.08937e-03
  24  beta_phi     3.82364e-04   1.70421e-03   6.49604e-04  -1.37895e-02
 MIGRAD MINIMIZATION HAS CONVERGED.
 MIGRAD WILL VERIFY CONVERGENCE AND ERROR MATRIX.
 COVARIANCE MATRIX CALCULATED SUCCESSFULLY
 FCN=61.9637 FROM MIGRAD    STATUS=CONVERGED     225 CALLS        2016 TOTAL
                     EDM=1.13918e-05    STRATEGY= 1      ERROR MATRIX ACCURATE 
  EXT PARAMETER                                   STEP         FIRST   
  NO.   NAME      VALUE            ERROR          SIZE      DERIVATIVE 
   1  N0           3.21121e+06   9.60722e+02   3.44110e+00   4.40724e-06
   2  tau          6.44090e+01   constant   
   3  A0           3.64288e-01   3.68084e-04   1.34716e-06  -3.37843e+00
   4  phi          4.11866e+00   1.08897e-03   4.01445e-06   4.90156e-02
   5  R           -6.00655e+01   constant   
   6  alpha_CBO   -1.42811e-03   4.18390e-04   1.56289e-06   6.11469e+00
   7  w_CBO        2.32500e+00   constant   
   8  beta_CBO     1.81414e-03   4.15422e-04   1.50557e-06  -1.74440e+00
   9  alpha_2CBO   3.99598e-04   4.09877e-04   1.54292e-06   1.39130e+00
  10  beta_2CBO   -1.02914e-04     fixed    
  11  alpha_y      0.00000e+00     fixed    
  12  w_y          1.38860e+01   constant   
  13  beta_y       6.26227e-05     fixed    
  14  alpha_vw     0.00000e+00     fixed    
  15  w_vw         1.43404e+01   constant   
  16  beta_vw      0.00000e+00     fixed    
  17  LM           2.36781e-04   constant   
  18  zeta_y       0.00000e+00   constant   
  19  zeta_vw      0.00000e+00   constant   
  20  T_CBO        9.99955e+02   5.08839e+02   1.90382e-01  -1.00224e-05
  21  alpha_A0     8.42256e-04   1.98042e-03   7.28741e-04   2.33604e-03
  22  beta_A0     -6.65032e-04   1.96110e-03   7.25001e-04  -4.62824e-03
  23  alpha_phi   -7.93381e-04   1.92992e-03   7.00115e-04  -8.02583e-03
  24  beta_phi     4.35433e-04   1.73273e-03   6.42215e-04  -4.09865e-03
 EXTERNAL ERROR MATRIX.    NDIM=  25    NPAR= 11    ERR DEF=1
  9.230e+05 
  6.198e-02  1.355e-07 
 -1.141e-01  3.384e-08  1.186e-06 
  4.606e-03  1.465e-08 -6.506e-08  1.751e-07 
  2.080e-02  2.921e-08  8.413e-08 -1.982e-09  1.726e-07 
  1.183e-02 -3.875e-09  1.851e-08 -6.957e-09 -6.134e-09  1.680e-07 
  7.423e+02  4.069e-04 -4.411e-05 -1.060e-05  8.202e-05 -1.608e-04  1.123e+05 
 -2.243e-01 -9.019e-08 -1.934e-07 -5.036e-08 -4.936e-08 -8.773e-08  1.384e-01  3.975e-06 
  2.926e-01 -4.128e-08 -2.595e-07 -1.964e-09 -1.238e-07 -9.390e-08 -1.066e-01  1.715e-07  3.896e-06 
  1.803e-01 -8.958e-08 -2.745e-07  1.302e-07 -6.281e-08  6.281e-08 -1.355e-01  3.242e-07  4.430e-07  3.772e-06 
  2.493e-01  1.189e-08 -4.521e-08 -1.574e-08  1.453e-07 -8.269e-08  7.573e-02  1.935e-07 -4.943e-08 -2.015e-07  3.033e-06 
 PARAMETER  CORRELATION COEFFICIENTS  
       NO.  GLOBAL      1      3      4      6      8      9     20     21     22     23     24
        1  0.35329   1.000  0.175 -0.109  0.011  0.052  0.030  0.002 -0.117  0.154  0.097  0.149
        3  0.32817   0.175  1.000  0.084  0.095  0.191 -0.026  0.003 -0.123 -0.057 -0.125  0.019
        4  0.30774  -0.109  0.084  1.000 -0.143  0.186  0.041 -0.000 -0.089 -0.121 -0.130 -0.024
        6  0.26546   0.011  0.095 -0.143  1.000 -0.011 -0.041 -0.000 -0.060 -0.002  0.160 -0.022
        8  0.35360   0.052  0.191  0.186 -0.011  1.000 -0.036  0.001 -0.060 -0.151 -0.078  0.201
        9  0.23675   0.030 -0.026  0.041 -0.041 -0.036  1.000 -0.001 -0.107 -0.116  0.079 -0.116
       20  0.36794   0.002  0.003 -0.000 -0.000  0.001 -0.001  1.000  0.207 -0.161 -0.208  0.130
       21  0.34103  -0.117 -0.123 -0.089 -0.060 -0.060 -0.107  0.207  1.000  0.044  0.084  0.056
       22  0.32476   0.154 -0.057 -0.121 -0.002 -0.151 -0.116 -0.161  0.044  1.000  0.116 -0.014
       23  0.37418   0.097 -0.125 -0.130  0.160 -0.078  0.079 -0.208  0.084  0.116  1.000 -0.060
       24  0.30994   0.149  0.019 -0.024 -0.022  0.201 -0.116  0.130  0.056 -0.014 -0.060  1.000
MINUIT - FIT ONLY 1-y
 **********
 **   51 **RES 
 **********
                   PARAMETER   16  beta_vw RESTORED TO VARIABLE.
                   PARAMETER   14  alpha_vw RESTORED TO VARIABLE.
                   PARAMETER   13  beta_y RESTORED TO VARIABLE.
                   PARAMETER   11  alpha_y RESTORED TO VARIABLE.
                   PARAMETER   10  beta_2CBO RESTORED TO VARIABLE.
 **********
 **   52 **FIX            0
 **********
 PARAMETER    0  IS UNDEFINED. IGNORED.
 **********
 **   53 **FIX            1
 **********
 **********
 **   54 **FIX            2
 **********
 PARAMETER    2  IS CONSTANT.   IGNORED.
 **********
 **   55 **FIX            3
 **********
 **********
 **   56 **FIX            4
 **********
 **********
 **   57 **FIX            5
 **********
 PARAMETER    5  IS CONSTANT.   IGNORED.
 **********
 **   58 **FIX            6
 **********
 **********
 **   59 **FIX            7
 **********
 PARAMETER    7  IS CONSTANT.   IGNORED.
 **********
 **   60 **FIX            8
 **********
 **********
 **   61 **FIX            9
 **********
 **********
 **   62 **FIX           13
 **********
 **********
 **   63 **FIX           14
 **********
 **********
 **   64 **FIX           15
 **********
 PARAMETER   15  IS CONSTANT.   IGNORED.
 **********
 **   65 **FIX           16
 **********
 **********
 **   66 **MIGRAD
 **********
 START MIGRAD MINIMIZATION.  STRATEGY  1.  CONVERGENCE WHEN EDM .LT. 1.00e-04
 FCN=61.9637 FROM MIGRAD    STATUS=INITIATE       16 CALLS        2032 TOTAL
                     EDM= unknown      STRATEGY= 1      NO ERROR MATRIX       
  EXT PARAMETER               CURRENT GUESS       STEP         FIRST   
  NO.   NAME      VALUE            ERROR          SIZE      DERIVATIVE 
   1  N0           3.21121e+06     fixed    
   2  tau          6.44090e+01   constant   
   3  A0           3.64288e-01     fixed    
   4  phi          4.11866e+00     fixed    
   5  R           -6.00655e+01   constant   
   6  alpha_CBO   -1.42811e-03     fixed    
   7  w_CBO        2.32500e+00   constant   
   8  beta_CBO     1.81414e-03     fixed    
   9  alpha_2CBO   3.99598e-04     fixed    
  10  beta_2CBO   -1.02914e-04   3.92349e-04   3.92349e-04   1.10237e+02
  11  alpha_y      0.00000e+00   1.00000e-03   1.00000e-03  -7.98985e+02
  12  w_y          1.38860e+01   constant   
  13  beta_y       6.26227e-05     fixed    
  14  alpha_vw     0.00000e+00     fixed    
  15  w_vw         1.43404e+01   constant   
  16  beta_vw      0.00000e+00     fixed    
  17  LM           2.36781e-04   constant   
  18  zeta_y       0.00000e+00   constant   
  19  zeta_vw      0.00000e+00   constant   
  20  T_CBO        9.99955e+02   5.08839e+02   1.90382e-01  -1.07634e-05
  21  alpha_A0     8.42256e-04   1.98042e-03   7.28741e-04   2.33460e-03
  22  beta_A0     -6.65032e-04   1.96110e-03   7.25001e-04  -4.62705e-03
  23  alpha_phi   -7.93381e-04   1.92992e-03   7.00115e-04  -8.02468e-03
  24  beta_phi     4.35433e-04   1.73273e-03   6.42215e-04  -4.09928e-03
 MIGRAD MINIMIZATION HAS CONVERGED.
 MIGRAD WILL VERIFY CONVERGENCE AND ERROR MATRIX.
 COVARIANCE MATRIX CALCULATED SUCCESSFULLY
 FCN=61.9382 FROM MIGRAD    STATUS=CONVERGED      98 CALLS        2114 TOTAL
                     EDM=4.142e-06    STRATEGY= 1      ERROR MATRIX ACCURATE 
  EXT PARAMETER                                   STEP         FIRST   
  NO.   NAME      VALUE            ERROR          SIZE      DERIVATIVE 
   1  N0           3.21121e+06     fixed    
   2  tau          6.44090e+01   constant   
   3  A0           3.64288e-01     fixed    
   4  phi          4.11866e+00     fixed    
   5  R           -6.00655e+01   constant   
   6  alpha_CBO   -1.42811e-03     fixed    
   7  w_CBO        2.32500e+00   constant   
   8  beta_CBO     1.81414e-03     fixed    
   9  alpha_2CBO   3.99598e-04     fixed    
  10  beta_2CBO   -1.10275e-04   4.01700e-04   1.52380e-06   5.23328e+00
  11  alpha_y      6.28266e-05   3.96878e-04   1.53655e-06   6.94992e-01
  12  w_y          1.38860e+01   constant   
  13  beta_y       6.26227e-05     fixed    
  14  alpha_vw     0.00000e+00     fixed    
  15  w_vw         1.43404e+01   constant   
  16  beta_vw      0.00000e+00     fixed    
  17  LM           2.36781e-04   constant   
  18  zeta_y       0.00000e+00   constant   
  19  zeta_vw      0.00000e+00   constant   
  20  T_CBO        1.00000e+03   9.21223e+02   2.15850e-01** at limit **
  21  alpha_A0     8.31749e-04   1.96745e-03   7.28610e-04   3.18999e-03
  22  beta_A0     -6.65269e-04   1.90705e-03   7.24790e-04   7.60040e-03
  23  alpha_phi   -7.97450e-04   1.89351e-03   6.99866e-04   4.20062e-03
  24  beta_phi     4.31259e-04   1.67693e-03   6.42010e-04  -7.40394e-04
 EXTERNAL ERROR MATRIX.    NDIM=  25    NPAR=  7    ERR DEF=1
  1.614e-07  2.688e-09 -5.161e-08  9.848e-08 -5.707e-08  9.519e-08  4.797e-08 
  2.688e-09  1.575e-07 -4.910e-09 -1.496e-08 -1.377e-08 -3.178e-09 -5.141e-09 
 -5.161e-08 -4.910e-09  1.184e-02  5.443e-05 -4.228e-05 -5.392e-05  2.972e-05 
  9.848e-08 -1.496e-08  5.443e-05  3.922e-06  1.219e-08  3.198e-07  2.892e-07 
 -5.707e-08 -1.377e-08 -4.228e-05  1.219e-08  3.682e-06  3.562e-07 -1.421e-07 
  9.519e-08 -3.178e-09 -5.392e-05  3.198e-07  3.562e-07  3.629e-06 -2.023e-07 
  4.797e-08 -5.141e-09  2.972e-05  2.892e-07 -1.421e-07 -2.023e-07  2.839e-06 
 PARAMETER  CORRELATION COEFFICIENTS  
       NO.  GLOBAL     10     11     20     21     22     23     24
       10  0.20260   1.000  0.017 -0.001  0.124 -0.074  0.124  0.071
       11  0.03310   0.017  1.000 -0.000 -0.019 -0.018 -0.004 -0.008
       20  0.43411  -0.001 -0.000  1.000  0.253 -0.202 -0.260  0.162
       21  0.32322   0.124 -0.019  0.253  1.000  0.003  0.085  0.087
       22  0.23110  -0.074 -0.018 -0.202  0.003  1.000  0.097 -0.044
       23  0.32591   0.124 -0.004 -0.260  0.085  0.097  1.000 -0.063
       24  0.18521   0.071 -0.008  0.162  0.087 -0.044 -0.063  1.000
MINUIT - FIT ONLY 2-y
 **********
 **   67 **RES 
 **********
                   PARAMETER   16  beta_vw RESTORED TO VARIABLE.
                   PARAMETER   14  alpha_vw RESTORED TO VARIABLE.
                   PARAMETER   13  beta_y RESTORED TO VARIABLE.
                   PARAMETER    9  alpha_2CBO RESTORED TO VARIABLE.
                   PARAMETER    8  beta_CBO RESTORED TO VARIABLE.
                   PARAMETER    6  alpha_CBO RESTORED TO VARIABLE.
                   PARAMETER    4  phi RESTORED TO VARIABLE.
                   PARAMETER    3  A0 RESTORED TO VARIABLE.
                   PARAMETER    1  N0 RESTORED TO VARIABLE.
 **********
 **   68 **FIX            0
 **********
 PARAMETER    0  IS UNDEFINED. IGNORED.
 **********
 **   69 **FIX            1
 **********
 **********
 **   70 **FIX            2
 **********
 PARAMETER    2  IS CONSTANT.   IGNORED.
 **********
 **   71 **FIX            3
 **********
 **********
 **   72 **FIX            4
 **********
 **********
 **   73 **FIX            5
 **********
 PARAMETER    5  IS CONSTANT.   IGNORED.
 **********
 **   74 **FIX            6
 **********
 **********
 **   75 **FIX            7
 **********
 PARAMETER    7  IS CONSTANT.   IGNORED.
 **********
 **   76 **FIX            8
 **********
 **********
 **   77 **FIX            9
 **********
 **********
 **   78 **FIX           10
 **********
 **********
 **   79 **FIX           11
 **********
 **********
 **   80 **FIX           12
 **********
 PARAMETER   12  IS CONSTANT.   IGNORED.
 **********
 **   81 **FIX           16
 **********
 **********
 **   82 **MIGRAD
 **********
 START MIGRAD MINIMIZATION.  STRATEGY  1.  CONVERGENCE WHEN EDM .LT. 1.00e-04
 FCN=61.9382 FROM MIGRAD    STATUS=INITIATE       16 CALLS        2130 TOTAL
                     EDM= unknown      STRATEGY= 1      NO ERROR MATRIX       
  EXT PARAMETER               CURRENT GUESS       STEP         FIRST   
  NO.   NAME      VALUE            ERROR          SIZE      DERIVATIVE 
   1  N0           3.21121e+06     fixed    
   2  tau          6.44090e+01   constant   
   3  A0           3.64288e-01     fixed    
   4  phi          4.11866e+00     fixed    
   5  R           -6.00655e+01   constant   
   6  alpha_CBO   -1.42811e-03     fixed    
   7  w_CBO        2.32500e+00   constant   
   8  beta_CBO     1.81414e-03     fixed    
   9  alpha_2CBO   3.99598e-04     fixed    
  10  beta_2CBO   -1.10275e-04     fixed    
  11  alpha_y      6.28266e-05     fixed    
  12  w_y          1.38860e+01   constant   
  13  beta_y       6.26227e-05   3.93775e-04   3.93775e-04   2.54166e+01
  14  alpha_vw     0.00000e+00   1.00000e-03   1.00000e-03   1.74314e+02
  15  w_vw         1.43404e+01   constant   
  16  beta_vw      0.00000e+00     fixed    
  17  LM           2.36781e-04   constant   
  18  zeta_y       0.00000e+00   constant   
  19  zeta_vw      0.00000e+00   constant   
  20  T_CBO        9.99999e+02   9.21223e+02   2.15850e-01  -1.94394e-06
  21  alpha_A0     8.31749e-04   1.96745e-03   7.28610e-04   3.18727e-03
  22  beta_A0     -6.65269e-04   1.90705e-03   7.24790e-04   7.60233e-03
  23  alpha_phi   -7.97450e-04   1.89351e-03   6.99866e-04   4.20304e-03
  24  beta_phi     4.31259e-04   1.67693e-03   6.42010e-04  -7.41656e-04
 MIGRAD MINIMIZATION HAS CONVERGED.
 MIGRAD WILL VERIFY CONVERGENCE AND ERROR MATRIX.
 COVARIANCE MATRIX CALCULATED SUCCESSFULLY
 FCN=61.9369 FROM MIGRAD    STATUS=CONVERGED     100 CALLS        2214 TOTAL
                     EDM=2.13745e-07    STRATEGY= 1      ERROR MATRIX ACCURATE 
  EXT PARAMETER                                   STEP         FIRST   
  NO.   NAME      VALUE            ERROR          SIZE      DERIVATIVE 
   1  N0           3.21121e+06     fixed    
   2  tau          6.44090e+01   constant   
   3  A0           3.64288e-01     fixed    
   4  phi          4.11866e+00     fixed    
   5  R           -6.00655e+01   constant   
   6  alpha_CBO   -1.42811e-03     fixed    
   7  w_CBO        2.32500e+00   constant   
   8  beta_CBO     1.81414e-03     fixed    
   9  alpha_2CBO   3.99598e-04     fixed    
  10  beta_2CBO   -1.10275e-04     fixed    
  11  alpha_y      6.28266e-05     fixed    
  12  w_y          1.38860e+01   constant   
  13  beta_y       6.49808e-05   4.14638e-04   1.53002e-06  -1.83083e-02
  14  alpha_vw    -1.44039e-05   4.15851e-04   1.53505e-06   2.39225e-02
  15  w_vw         1.43404e+01   constant   
  16  beta_vw      0.00000e+00     fixed    
  17  LM           2.36781e-04   constant   
  18  zeta_y       0.00000e+00   constant   
  19  zeta_vw      0.00000e+00   constant   
  20  T_CBO        1.00000e+03   7.23118e+02   1.73105e-01** at limit **
  21  alpha_A0     8.30660e-04   1.93422e-03   7.28508e-04  -1.73100e-03
  22  beta_A0     -6.67294e-04   1.89098e-03   7.24795e-04  -3.03902e-05
  23  alpha_phi   -7.98173e-04   1.86167e-03   6.99908e-04  -2.60088e-03
  24  beta_phi     4.31294e-04   1.66655e-03   6.41985e-04   1.17441e-03
 EXTERNAL ERROR MATRIX.    NDIM=  25    NPAR=  7    ERR DEF=1
  1.719e-07 -5.225e-08 -3.618e-07  1.244e-08 -4.846e-09  2.066e-08 -6.105e-09 
 -5.225e-08  1.729e-07  2.685e-07 -2.438e-09  7.066e-09 -1.018e-08  3.625e-09 
 -3.618e-07  2.685e-07  2.656e+01  2.176e-03 -1.704e-03 -2.165e-03  1.193e-03 
  1.244e-08 -2.438e-09  2.176e-03  3.789e-06  1.002e-07  3.331e-07  2.198e-07 
 -4.846e-09  7.066e-09 -1.704e-03  1.002e-07  3.619e-06  3.352e-07 -9.571e-08 
  2.066e-08 -1.018e-08 -2.165e-03  3.331e-07  3.352e-07  3.507e-06 -1.934e-07 
 -6.105e-09  3.625e-09  1.193e-03  2.198e-07 -9.571e-08 -1.934e-07  2.804e-06 
 PARAMETER  CORRELATION COEFFICIENTS  
       NO.  GLOBAL     13     14     20     21     22     23     24
       13  0.30427   1.000 -0.303 -0.000  0.015 -0.006  0.027 -0.009
       14  0.30318  -0.303  1.000  0.000 -0.003  0.009 -0.013  0.005
       20  0.37790  -0.000  0.000  1.000  0.217 -0.174 -0.224  0.138
       21  0.27022   0.015 -0.003  0.217  1.000  0.027  0.091  0.067
       22  0.19244  -0.006  0.009 -0.174  0.027  1.000  0.094 -0.030
       23  0.27387   0.027 -0.013 -0.224  0.091  0.094  1.000 -0.062
