 + ++++++++++++++++++++++++++++++++++++++++++++++++++++++++++++++++++++ +
 +                                                                      +
 +           You have chose to blind your fitting according to          +
 +                omega_ref * (1 + (R +/- deltaR) *10^{-6})             +
 +                                                                      +
 + ++++++++++++++++++++++++++++++++++++++++++++++++++++++++++++++++++++ +
In main()...
reading format from /gm2data/zkhechad/run45/envelope/formats/formatB_sBin_constraintOn.txt
pBinTau 	= 0  
pBinPhi 	= 0  
constraintau 	= 1 
includeMopTerm 	= 0    
constrainMop    = 0   
Parameters after format file: pBinTau 0 pBinPhi 0 constraintau 1 includeMopTerm 0 constrainMop 0 c_e_scale 0.000000 
Opening file /gm2data/tbarrett/gm2fr/studies/run23_bunch_corrections/CorrectedFourier_Run3b.root.
reading full fit data from /gm2data/zkhechad/cboTemplates/Run4CBOTemplates/fullFits/noRF/sBin_constraintOn_cE0.0_seed0_noRF_calo22.root
windowBins = 69
fitting sliding window 1680 from bin 1816 at 270.798000 to bin 1885 at 281.242000 (69 bins)

Reading data from /gm2data/cornell/histograms/aMethod/histogram_a_noRF.root
 **********
 **    1 **SET PRINTOUT            1
 **********
 **********
 **    2 **SET NOWARNINGS 
 **********
 PARAMETER DEFINITIONS:
    NO.   NAME         VALUE      STEP SIZE      LIMITS
     1 N0           3.01041e+06  1.00000e+02     no limits
     2 tau          6.44059e+01  constant
     3 A0           3.51736e-01  1.00000e-04     no limits
     4 phi          4.11589e+00  1.00000e-02     no limits
     5 R           -6.13499e+01  constant
     6 alpha_CBO    0.00000e+00  1.00000e-03     no limits
     7 w_CBO        2.32500e+00  constant
     8 beta_CBO     0.00000e+00  1.00000e-03     no limits
     9 alpha_2CBO   0.00000e+00  1.00000e-03     no limits
    10 beta_2CBO    0.00000e+00  1.00000e-03     no limits
    11 alpha_y      0.00000e+00  1.00000e-03     no limits
    12 w_y          1.38860e+01  constant
    13 beta_y       0.00000e+00  1.00000e-03     no limits
    14 alpha_vw     0.00000e+00  1.00000e-03     no limits
    15 w_vw         1.43404e+01  constant
    16 beta_vw      0.00000e+00  1.00000e-03     no limits
    17 LM           1.16863e-04  constant
    18 zeta_y       0.00000e+00  constant
    19 zeta_vw      0.00000e+00  constant
    20 T_CBO        1.00000e+02  1.00000e+00    0.00000e+00  1.00000e+03
    21 alpha_A0     0.00000e+00  1.00000e-04   -1.00000e-02  1.00000e-02
    22 beta_A0      0.00000e+00  1.00000e-04   -1.00000e-02  1.00000e-02
    23 alpha_phi    0.00000e+00  1.00000e-04   -1.00000e-02  1.00000e-02
    24 beta_phi     0.00000e+00  1.00000e-04   -1.00000e-02  1.00000e-02
MINUIT - FIT ONLY WIGGLE
 **********
 **    3 **FIX            5
 **********
 PARAMETER    5  IS CONSTANT.   IGNORED.
 **********
 **    4 **FIX            6
 **********
 **********
 **    5 **FIX            7
 **********
 PARAMETER    7  IS CONSTANT.   IGNORED.
 **********
 **    6 **FIX            8
 **********
 **********
 **    7 **FIX            9
 **********
 **********
 **    8 **FIX           10
 **********
 **********
 **    9 **FIX           11
 **********
 **********
 **   10 **FIX           12
 **********
 PARAMETER   12  IS CONSTANT.   IGNORED.
 **********
 **   11 **FIX           13
 **********
 **********
 **   12 **FIX           14
 **********
 **********
 **   13 **FIX           15
 **********
 PARAMETER   15  IS CONSTANT.   IGNORED.
 **********
 **   14 **FIX           16
 **********
 **********
 **   15 **MIGRAD
 **********
 FIRST CALL TO USER FUNCTION AT NEW START POINT, WITH IFLAG=4.
 START MIGRAD MINIMIZATION.  STRATEGY  1.  CONVERGENCE WHEN EDM .LT. 1.00e-04
 FCN=137.935 FROM MIGRAD    STATUS=INITIATE      437 CALLS         438 TOTAL
                     EDM= unknown      STRATEGY= 1      NO ERROR MATRIX       
  EXT PARAMETER               CURRENT GUESS       STEP         FIRST   
  NO.   NAME      VALUE            ERROR          SIZE      DERIVATIVE 
   1  N0           3.01041e+06   1.00000e+02   0.00000e+00   1.48486e-03
   2  tau          6.44059e+01   constant   
   3  A0           3.51736e-01   1.00000e-04   0.00000e+00   5.21327e+03
   4  phi          4.11589e+00   1.00000e-02   0.00000e+00  -2.35615e+03
   5  R           -6.13499e+01   constant   
   6  alpha_CBO    0.00000e+00     fixed    
   7  w_CBO        2.32500e+00   constant   
   8  beta_CBO     0.00000e+00     fixed    
   9  alpha_2CBO   0.00000e+00     fixed    
  10  beta_2CBO    0.00000e+00     fixed    
  11  alpha_y      0.00000e+00     fixed    
  12  w_y          1.38860e+01   constant   
  13  beta_y       0.00000e+00     fixed    
  14  alpha_vw     0.00000e+00     fixed    
  15  w_vw         1.43404e+01   constant   
  16  beta_vw      0.00000e+00     fixed    
  17  LM           1.16863e-04   constant   
  18  zeta_y       0.00000e+00   constant   
  19  zeta_vw      0.00000e+00   constant   
  20  T_CBO        1.00000e+02   1.00000e+00   0.00000e+00   0.00000e+00
  21  alpha_A0     0.00000e+00   1.00000e-04   0.00000e+00   3.56238e-02
  22  beta_A0      0.00000e+00   1.00000e-04   0.00000e+00   1.61354e-01
  23  alpha_phi    0.00000e+00   1.00000e-04   0.00000e+00   5.65368e-01
  24  beta_phi     0.00000e+00   1.00000e-04   0.00000e+00  -6.01468e-01
 MIGRAD MINIMIZATION HAS CONVERGED.
 FCN=131.553 FROM MIGRAD    STATUS=CONVERGED     613 CALLS         614 TOTAL
                     EDM=6.63269e-06    STRATEGY= 1  ERROR MATRIX UNCERTAINTY   3.9 per cent
  EXT PARAMETER                                   STEP         FIRST   
  NO.   NAME      VALUE            ERROR          SIZE      DERIVATIVE 
   1  N0           3.00941e+06   1.15735e+03  -1.14788e+01  -9.76146e-07
   2  tau          6.44059e+01   constant   
   3  A0           3.51093e-01   4.65981e-04  -1.55587e-06  -2.78401e+00
   4  phi          4.11823e+00   1.42756e-03  -6.39769e-06   1.43075e+00
   5  R           -6.13499e+01   constant   
   6  alpha_CBO    0.00000e+00     fixed    
   7  w_CBO        2.32500e+00   constant   
   8  beta_CBO     0.00000e+00     fixed    
   9  alpha_2CBO   0.00000e+00     fixed    
  10  beta_2CBO    0.00000e+00     fixed    
  11  alpha_y      0.00000e+00     fixed    
  12  w_y          1.38860e+01   constant   
  13  beta_y       0.00000e+00     fixed    
  14  alpha_vw     0.00000e+00     fixed    
  15  w_vw         1.43404e+01   constant   
  16  beta_vw      0.00000e+00     fixed    
  17  LM           1.16863e-04   constant   
  18  zeta_y       0.00000e+00   constant   
  19  zeta_vw      0.00000e+00   constant   
  20  T_CBO        1.52142e+02   7.82387e+01   6.60308e-04  -1.63800e-02
  21  alpha_A0     1.41343e-03   1.53025e-02  -1.35429e-02  -8.83020e-04
  22  beta_A0      1.95942e-03   1.49754e-02   1.44772e-03   1.60971e-04
  23  alpha_phi   -7.39145e-03   1.77877e-02  -2.02894e-02  -1.24030e-03
  24  beta_phi     9.37936e-03   1.62131e-02  -1.99617e-02   1.64895e-03
 EXTERNAL ERROR MATRIX.    NDIM=  25    NPAR=  8    ERR DEF=1
  1.339e+06  8.701e-02  9.396e-02  8.387e+03  1.268e+00 -2.974e+00  1.572e+00  1.433e+00 
  8.701e-02  2.171e-07 -2.265e-09 -2.026e-03 -3.740e-08 -1.753e-07 -9.333e-08  8.564e-08 
  9.396e-02 -2.265e-09  2.038e-06 -2.653e-03  3.521e-06  1.203e-06  1.071e-06  7.272e-08 
  8.387e+03 -2.026e-03 -2.653e-03  6.221e+03 -1.260e-02  1.375e-01 -4.499e-01  8.940e-02 
  1.268e+00 -3.740e-08  3.521e-06 -1.260e-02  1.676e-04  1.359e-05  1.204e-05  2.501e-05 
 -2.974e+00 -1.753e-07  1.203e-06  1.375e-01  1.359e-05  1.213e-04 -7.432e-06  2.373e-05 
  1.572e+00 -9.333e-08  1.071e-06 -4.499e-01  1.204e-05 -7.432e-06  1.454e-04  1.038e-05 
  1.433e+00  8.564e-08  7.272e-08  8.940e-02  2.501e-05  2.373e-05  1.038e-05  6.006e-05 
 PARAMETER  CORRELATION COEFFICIENTS  
       NO.  GLOBAL      1      3      4     20     21     22     23     24
        1  0.41568   1.000  0.161  0.057  0.092  0.085 -0.233  0.113  0.160
        3  0.19659   0.161  1.000 -0.003 -0.055 -0.006 -0.034 -0.017  0.024
        4  0.22694   0.057 -0.003  1.000 -0.024  0.191  0.076  0.062  0.007
       20  0.54812   0.092 -0.055 -0.024  1.000 -0.012  0.158 -0.473  0.146
       21  0.32067   0.085 -0.006  0.191 -0.012  1.000  0.095  0.077  0.249
       22  0.43127  -0.233 -0.034  0.076  0.158  0.095  1.000 -0.056  0.278
       23  0.53007   0.113 -0.017  0.062 -0.473  0.077 -0.056  1.000  0.111
       24  0.45240   0.160  0.024  0.007  0.146  0.249  0.278  0.111  1.000
MINUIT - FIT ONLY 1-CBO + wiggle
 **********
 **   16 **RES 
 **********
                   PARAMETER   16  beta_vw RESTORED TO VARIABLE.
                   PARAMETER   14  alpha_vw RESTORED TO VARIABLE.
                   PARAMETER   13  beta_y RESTORED TO VARIABLE.
                   PARAMETER   11  alpha_y RESTORED TO VARIABLE.
                   PARAMETER   10  beta_2CBO RESTORED TO VARIABLE.
                   PARAMETER    9  alpha_2CBO RESTORED TO VARIABLE.
                   PARAMETER    8  beta_CBO RESTORED TO VARIABLE.
                   PARAMETER    6  alpha_CBO RESTORED TO VARIABLE.
 **********
 **   17 **FIX            8
 **********
 **********
 **   18 **FIX            9
 **********
 **********
 **   19 **FIX           11
 **********
 **********
 **   20 **FIX           12
 **********
 PARAMETER   12  IS CONSTANT.   IGNORED.
 **********
 **   21 **FIX           14
 **********
 **********
 **   22 **FIX           15
 **********
 PARAMETER   15  IS CONSTANT.   IGNORED.
 **********
 **   23 **FIX           16
 **********
 **********
 **   24 **MIGRAD
 **********
 START MIGRAD MINIMIZATION.  STRATEGY  1.  CONVERGENCE WHEN EDM .LT. 1.00e-04
 FCN=131.553 FROM MIGRAD    STATUS=INITIATE       28 CALLS         642 TOTAL
                     EDM= unknown      STRATEGY= 1      NO ERROR MATRIX       
  EXT PARAMETER               CURRENT GUESS       STEP         FIRST   
  NO.   NAME      VALUE            ERROR          SIZE      DERIVATIVE 
   1  N0           3.00941e+06   1.15735e+03  -1.14788e+01  -9.76146e-07
   2  tau          6.44059e+01   constant   
   3  A0           3.51093e-01   4.65981e-04  -1.55587e-06  -2.78401e+00
   4  phi          4.11823e+00   1.42756e-03  -6.39769e-06   1.43075e+00
   5  R           -6.13499e+01   constant   
   6  alpha_CBO    0.00000e+00   1.00000e-03   1.00000e-03   2.53389e+04
   7  w_CBO        2.32500e+00   constant   
   8  beta_CBO     0.00000e+00     fixed    
   9  alpha_2CBO   0.00000e+00     fixed    
  10  beta_2CBO    0.00000e+00   1.00000e-03   1.00000e-03  -6.20028e+03
  11  alpha_y      0.00000e+00     fixed    
  12  w_y          1.38860e+01   constant   
  13  beta_y       0.00000e+00   1.00000e-03   1.00000e-03   4.27236e+03
  14  alpha_vw     0.00000e+00     fixed    
  15  w_vw         1.43404e+01   constant   
  16  beta_vw      0.00000e+00     fixed    
  17  LM           1.16863e-04   constant   
  18  zeta_y       0.00000e+00   constant   
  19  zeta_vw      0.00000e+00   constant   
  20  T_CBO        1.52142e+02   7.82387e+01   6.60308e-04  -1.63799e-02
  21  alpha_A0     1.41343e-03   1.53025e-02  -1.35429e-02  -8.82976e-04
  22  beta_A0      1.95942e-03   1.49754e-02   1.44772e-03   1.60994e-04
  23  alpha_phi   -7.39145e-03   1.77877e-02  -2.02894e-02   1.23791e-03
  24  beta_phi     9.37936e-03   1.62131e-02  -1.99617e-02  -1.66052e-03
 MIGRAD MINIMIZATION HAS CONVERGED.
 FCN=82.2136 FROM MIGRAD    STATUS=CONVERGED     310 CALLS         924 TOTAL
                     EDM=6.26284e-07    STRATEGY= 1  ERROR MATRIX UNCERTAINTY   1.8 per cent
  EXT PARAMETER                                   STEP         FIRST   
  NO.   NAME      VALUE            ERROR          SIZE      DERIVATIVE 
   1  N0           3.00972e+06   1.12371e+03   5.87424e-01   1.71967e-07
   2  tau          6.44059e+01   constant   
   3  A0           3.51645e-01   4.57063e-04  -9.85331e-07   3.37834e-01
   4  phi          4.11703e+00   1.45369e-03  -1.86105e-06  -3.65458e-02
   5  R           -6.13499e+01   constant   
   6  alpha_CBO   -3.61588e-03   5.35686e-04  -3.47653e-07   1.16040e+00
   7  w_CBO        2.32500e+00   constant   
   8  beta_CBO     0.00000e+00     fixed    
   9  alpha_2CBO   0.00000e+00     fixed    
  10  beta_2CBO    7.31653e-04   4.97357e-04  -2.97888e-07  -7.30456e-01
  11  alpha_y      0.00000e+00     fixed    
  12  w_y          1.38860e+01   constant   
  13  beta_y      -5.85561e-04   5.11149e-04   9.51651e-08  -9.74765e-02
  14  alpha_vw     0.00000e+00     fixed    
  15  w_vw         1.43404e+01   constant   
  16  beta_vw      0.00000e+00     fixed    
  17  LM           1.16863e-04   constant   
  18  zeta_y       0.00000e+00   constant   
  19  zeta_vw      0.00000e+00   constant   
  20  T_CBO        2.59824e+02   1.23085e+02   3.72739e-04   1.21339e-03
  21  alpha_A0    -5.54102e-03   6.36472e-03  -1.81820e-04  -1.54306e-04
  22  beta_A0      7.58268e-04   5.87222e-03  -7.05341e-04  -1.00972e-03
  23  alpha_phi   -9.99784e-03   1.23916e-02   4.87689e-04  -1.02721e-03
  24  beta_phi     4.95735e-03   5.57356e-03   1.98371e-04   4.75061e-04
 EXTERNAL ERROR MATRIX.    NDIM=  25    NPAR= 11    ERR DEF=1
  1.263e+06 
  8.515e-02  2.089e-07 
  3.965e-02 -4.572e-08  2.113e-06 
 -3.021e-02 -4.669e-08  1.027e-07  2.870e-07 
  1.021e-02 -1.405e-09 -9.628e-09  7.373e-09  2.474e-07 
  3.082e-03 -4.237e-09  1.175e-08  9.062e-10 -2.703e-10  2.613e-07 
  1.866e+04 -2.599e-03 -1.633e-03 -1.266e-02  2.297e-03  7.672e-04  1.557e+04 
  1.327e+00 -1.809e-07  1.630e-06  5.309e-08 -4.000e-07  6.465e-08  4.210e-01  5.250e-05 
 -8.158e-01 -2.769e-07  4.451e-07  1.530e-08  9.279e-08  9.814e-08  3.898e-02  6.416e-06  3.943e-05 
  2.056e-02 -6.097e-09 -5.505e-09 -3.285e-09 -1.764e-09  1.402e-09  3.402e-03  1.506e-07  6.577e-09  4.331e-08 
 -6.882e-01  1.004e-07 -2.471e-07  1.292e-07 -3.969e-07 -8.640e-08 -3.410e-01 -1.253e-05 -3.398e-06 -2.940e-09  3.662e-05 
 PARAMETER  CORRELATION COEFFICIENTS  
       NO.  GLOBAL      1      3      4      6     10     13     20     21     22     23     24
        1  0.29475   1.000  0.166  0.024 -0.050  0.018  0.005  0.133  0.163 -0.116  0.088 -0.101
        3  0.29043   0.166  1.000 -0.069 -0.191 -0.006 -0.018 -0.046 -0.055 -0.096 -0.064  0.036
        4  0.22031   0.024 -0.069  1.000  0.132 -0.013  0.016 -0.009  0.155  0.049 -0.018 -0.028
        6  0.31827  -0.050 -0.191  0.132  1.000  0.028  0.003 -0.189  0.014  0.005 -0.029  0.040
       10  0.21881   0.018 -0.006 -0.013  0.028  1.000 -0.001  0.037 -0.111  0.030 -0.017 -0.132
       13  0.04687   0.005 -0.018  0.016  0.003 -0.001  1.000  0.012  0.017  0.031  0.013 -0.028
       20  0.61321   0.133 -0.046 -0.009 -0.189  0.037  0.012  1.000  0.466  0.050  0.131 -0.452
       21  0.54785   0.163 -0.055  0.155  0.014 -0.111  0.017  0.466  1.000  0.141  0.100 -0.286
       22  0.22793  -0.116 -0.096  0.049  0.005  0.030  0.031  0.050  0.141  1.000  0.005 -0.089
       23  0.18669   0.088 -0.064 -0.018 -0.029 -0.017  0.013  0.131  0.100  0.005  1.000 -0.002
       24  0.48681  -0.101  0.036 -0.028  0.040 -0.132 -0.028 -0.452 -0.286 -0.089 -0.002  1.000
MINUIT - FIT ONLY 2-CBO
 **********
 **   25 **RES 
 **********
                   PARAMETER   16  beta_vw RESTORED TO VARIABLE.
                   PARAMETER   14  alpha_vw RESTORED TO VARIABLE.
                   PARAMETER   11  alpha_y RESTORED TO VARIABLE.
                   PARAMETER    9  alpha_2CBO RESTORED TO VARIABLE.
                   PARAMETER    8  beta_CBO RESTORED TO VARIABLE.
 **********
 **   26 **FIX            0
 **********
 PARAMETER    0  IS UNDEFINED. IGNORED.
 **********
 **   27 **FIX            1
 **********
 **********
 **   28 **FIX            2
 **********
 PARAMETER    2  IS CONSTANT.   IGNORED.
 **********
 **   29 **FIX            3
 **********
 **********
 **   30 **FIX            4
 **********
 **********
 **   31 **FIX            5
 **********
 PARAMETER    5  IS CONSTANT.   IGNORED.
 **********
 **   32 **FIX            6
 **********
 **********
 **   33 **FIX            7
 **********
 PARAMETER    7  IS CONSTANT.   IGNORED.
 **********
 **   34 **FIX           10
 **********
 **********
 **   35 **FIX           11
 **********
 **********
 **   36 **FIX           12
 **********
 PARAMETER   12  IS CONSTANT.   IGNORED.
 **********
 **   37 **FIX           13
 **********
 **********
 **   38 **FIX           14
 **********
 **********
 **   39 **FIX           15
 **********
 PARAMETER   15  IS CONSTANT.   IGNORED.
 **********
 **   40 **FIX           16
 **********
 **********
 **   41 **MIGRAD
 **********
 START MIGRAD MINIMIZATION.  STRATEGY  1.  CONVERGENCE WHEN EDM .LT. 1.00e-04
 FCN=82.2136 FROM MIGRAD    STATUS=INITIATE       18 CALLS         942 TOTAL
                     EDM= unknown      STRATEGY= 1      NO ERROR MATRIX       
  EXT PARAMETER               CURRENT GUESS       STEP         FIRST   
  NO.   NAME      VALUE            ERROR          SIZE      DERIVATIVE 
   1  N0           3.00972e+06     fixed    
   2  tau          6.44059e+01   constant   
   3  A0           3.51645e-01     fixed    
   4  phi          4.11703e+00     fixed    
   5  R           -6.13499e+01   constant   
   6  alpha_CBO   -3.61588e-03     fixed    
   7  w_CBO        2.32500e+00   constant   
   8  beta_CBO     0.00000e+00   1.00000e-03   1.00000e-03  -1.60802e+04
   9  alpha_2CBO   0.00000e+00   1.00000e-03   1.00000e-03   8.45369e+02
  10  beta_2CBO    7.31653e-04     fixed    
  11  alpha_y      0.00000e+00     fixed    
  12  w_y          1.38860e+01   constant   
  13  beta_y      -5.85561e-04     fixed    
  14  alpha_vw     0.00000e+00     fixed    
  15  w_vw         1.43404e+01   constant   
  16  beta_vw      0.00000e+00     fixed    
  17  LM           1.16863e-04   constant   
  18  zeta_y       0.00000e+00   constant   
  19  zeta_vw      0.00000e+00   constant   
  20  T_CBO        2.59824e+02   1.23085e+02   3.72739e-04   1.21341e-03
  21  alpha_A0    -5.54102e-03   6.36472e-03  -1.81820e-04  -1.54315e-04
  22  beta_A0      7.58268e-04   5.87222e-03  -7.05341e-04  -1.00971e-03
  23  alpha_phi   -9.99784e-03   1.23916e-02   4.87689e-04   1.03215e-03
  24  beta_phi     4.95735e-03   5.57356e-03   1.98371e-04   4.75070e-04
 MIGRAD MINIMIZATION HAS CONVERGED.
 MIGRAD WILL VERIFY CONVERGENCE AND ERROR MATRIX.
 COVARIANCE MATRIX CALCULATED SUCCESSFULLY
 FCN=64.5652 FROM MIGRAD    STATUS=CONVERGED     373 CALLS        1297 TOTAL
                     EDM=8.17828e-06    STRATEGY= 1      ERROR MATRIX ACCURATE 
  EXT PARAMETER                                   STEP         FIRST   
  NO.   NAME      VALUE            ERROR          SIZE      DERIVATIVE 
   1  N0           3.00972e+06     fixed    
   2  tau          6.44059e+01   constant   
   3  A0           3.51645e-01     fixed    
   4  phi          4.11703e+00     fixed    
   5  R           -6.13499e+01   constant   
   6  alpha_CBO   -3.61588e-03     fixed    
   7  w_CBO        2.32500e+00   constant   
   8  beta_CBO     2.19051e-03   5.21791e-04   2.00823e-06   6.95450e-01
   9  alpha_2CBO  -8.72154e-05   5.16819e-04   2.00090e-06   5.83700e-01
  10  beta_2CBO    7.31653e-04     fixed    
  11  alpha_y      0.00000e+00     fixed    
  12  w_y          1.38860e+01   constant   
  13  beta_y      -5.85561e-04     fixed    
  14  alpha_vw     0.00000e+00     fixed    
  15  w_vw         1.43404e+01   constant   
  16  beta_vw      0.00000e+00     fixed    
  17  LM           1.16863e-04   constant   
  18  zeta_y       0.00000e+00   constant   
  19  zeta_vw      0.00000e+00   constant   
  20  T_CBO        2.70813e+02   1.26014e+02   7.80587e-04  -3.16947e-03
  21  alpha_A0    -5.95496e-03   5.89941e-03   2.81688e-03  -1.80650e-03
  22  beta_A0      1.39471e-03   5.11296e-03   2.10990e-03   1.42295e-03
  23  alpha_phi   -9.99931e-03   1.47701e-02   3.12629e-02  -3.49428e-04
  24  beta_phi     9.64997e-03   1.97122e-02   7.37327e-03   3.53238e-04
 EXTERNAL ERROR MATRIX.    NDIM=  25    NPAR=  7    ERR DEF=1
  2.723e-07  3.277e-09  2.147e-03 -1.715e-08  9.294e-08  1.565e-10  5.240e-07 
  3.277e-09  2.671e-07  8.464e-03  4.266e-07  3.889e-07 -8.462e-11 -3.024e-07 
  2.147e-03  8.464e-03  1.632e+04  4.123e-01 -2.453e-02  7.218e-03 -5.979e-01 
 -1.715e-08  4.266e-07  4.123e-01  4.389e-05  1.959e-06  1.635e-07 -1.789e-05 
  9.294e-08  3.889e-07 -2.453e-02  1.959e-06  2.887e-05 -4.199e-08 -2.025e-08 
  1.565e-10 -8.462e-11  7.218e-03  1.635e-07 -4.199e-08  8.429e-07 -2.570e-07 
  5.240e-07 -3.024e-07 -5.979e-01 -1.789e-05 -2.025e-08 -2.570e-07  4.879e-05 
 PARAMETER  CORRELATION COEFFICIENTS  
       NO.  GLOBAL      8      9     20     21     22     23     24
        8  0.22894   1.000  0.012  0.032 -0.005  0.033  0.000  0.144
        9  0.20280   0.012  1.000  0.128  0.125  0.140 -0.000 -0.084
       20  0.72817   0.032  0.128  1.000  0.487 -0.036  0.062 -0.670
       21  0.50153  -0.005  0.125  0.487  1.000  0.055  0.027 -0.387
       22  0.17412   0.033  0.140 -0.036  0.055  1.000 -0.009 -0.001
       23  0.06238   0.000 -0.000  0.062  0.027 -0.009  1.000 -0.040
       24  0.69363   0.144 -0.084 -0.670 -0.387 -0.001 -0.040  1.000
MINUIT - FIT wiggle + 1-CBO + 2-CBO
 **********
 **   42 **RES 
 **********
                   PARAMETER   16  beta_vw RESTORED TO VARIABLE.
                   PARAMETER   14  alpha_vw RESTORED TO VARIABLE.
                   PARAMETER   13  beta_y RESTORED TO VARIABLE.
                   PARAMETER   11  alpha_y RESTORED TO VARIABLE.
                   PARAMETER   10  beta_2CBO RESTORED TO VARIABLE.
                   PARAMETER    6  alpha_CBO RESTORED TO VARIABLE.
                   PARAMETER    4  phi RESTORED TO VARIABLE.
                   PARAMETER    3  A0 RESTORED TO VARIABLE.
                   PARAMETER    1  N0 RESTORED TO VARIABLE.
 **********
 **   43 **FIX           10
 **********
 **********
 **   44 **FIX           11
 **********
 **********
 **   45 **FIX           12
 **********
 PARAMETER   12  IS CONSTANT.   IGNORED.
 **********
 **   46 **FIX           13
 **********
 **********
 **   47 **FIX           14
 **********
 **********
 **   48 **FIX           15
 **********
 PARAMETER   15  IS CONSTANT.   IGNORED.
 **********
 **   49 **FIX           16
 **********
 **********
 **   50 **MIGRAD
 **********
 START MIGRAD MINIMIZATION.  STRATEGY  1.  CONVERGENCE WHEN EDM .LT. 1.00e-04
 FCN=64.5652 FROM MIGRAD    STATUS=INITIATE       24 CALLS        1321 TOTAL
                     EDM= unknown      STRATEGY= 1      NO ERROR MATRIX       
  EXT PARAMETER               CURRENT GUESS       STEP         FIRST   
  NO.   NAME      VALUE            ERROR          SIZE      DERIVATIVE 
   1  N0           3.00972e+06   1.12371e+03   1.12371e+03  -1.42182e-04
   2  tau          6.44059e+01   constant   
   3  A0           3.51645e-01   4.57063e-04   4.57063e-04   7.33383e+02
   4  phi          4.11703e+00   1.45369e-03   1.45369e-03   1.36219e+03
   5  R           -6.13499e+01   constant   
   6  alpha_CBO   -3.61588e-03   5.35686e-04   5.35686e-04  -3.55244e+02
   7  w_CBO        2.32500e+00   constant   
   8  beta_CBO     2.19051e-03   5.21791e-04   2.00823e-06   6.95451e-01
   9  alpha_2CBO  -8.72154e-05   5.16819e-04   2.00090e-06   5.83700e-01
  10  beta_2CBO    7.31653e-04     fixed    
  11  alpha_y      0.00000e+00     fixed    
  12  w_y          1.38860e+01   constant   
  13  beta_y      -5.85561e-04     fixed    
  14  alpha_vw     0.00000e+00     fixed    
  15  w_vw         1.43404e+01   constant   
  16  beta_vw      0.00000e+00     fixed    
  17  LM           1.16863e-04   constant   
  18  zeta_y       0.00000e+00   constant   
  19  zeta_vw      0.00000e+00   constant   
  20  T_CBO        2.70813e+02   1.26014e+02   7.80587e-04  -3.18596e-03
  21  alpha_A0    -5.95496e-03   5.89941e-03   2.81688e-03  -1.79538e-03
  22  beta_A0      1.39471e-03   5.11296e-03   2.10990e-03   1.42086e-03
  23  alpha_phi   -9.99931e-03   1.47701e-02   3.12629e-02   4.01166e-04
  24  beta_phi     9.64997e-03   1.97122e-02   7.37327e-03   3.44610e-04
 MIGRAD MINIMIZATION HAS CONVERGED.
 FCN=63.5431 FROM MIGRAD    STATUS=CONVERGED     257 CALLS        1554 TOTAL
                     EDM=2.24177e-06    STRATEGY= 1  ERROR MATRIX UNCERTAINTY   1.6 per cent
  EXT PARAMETER                                   STEP         FIRST   
  NO.   NAME      VALUE            ERROR          SIZE      DERIVATIVE 
   1  N0           3.00969e+06   1.07751e+03  -2.51289e-01  -1.29649e-06
   2  tau          6.44059e+01   constant   
   3  A0           3.51588e-01   4.60014e-04   8.83082e-07  -1.27322e+00
   4  phi          4.11556e+00   1.48295e-03  -1.64930e-06  -4.99826e-01
   5  R           -6.13499e+01   constant   
   6  alpha_CBO   -3.61067e-03   5.12153e-04  -9.96532e-08  -2.07861e-01
   7  w_CBO        2.32500e+00   constant   
   8  beta_CBO     2.31444e-03   5.35136e-04   2.08111e-07   6.85430e-01
   9  alpha_2CBO  -1.19229e-04   5.10701e-04   3.65683e-07  -4.83113e-01
  10  beta_2CBO    7.31653e-04     fixed    
  11  alpha_y      0.00000e+00     fixed    
  12  w_y          1.38860e+01   constant   
  13  beta_y      -5.85561e-04     fixed    
  14  alpha_vw     0.00000e+00     fixed    
  15  w_vw         1.43404e+01   constant   
  16  beta_vw      0.00000e+00     fixed    
  17  LM           1.16863e-04   constant   
  18  zeta_y       0.00000e+00   constant   
  19  zeta_vw      0.00000e+00   constant   
  20  T_CBO        2.73067e+02   1.26125e+02   8.47092e-04  -5.99886e-03
  21  alpha_A0    -7.00273e-03   5.61785e-03   2.06157e-03   1.18256e-03
  22  beta_A0      8.70064e-04   5.00119e-03  -4.98694e-06   1.78704e-03
  23  alpha_phi   -9.81273e-03   1.84797e-02  -1.40557e-02  -5.12217e-04
  24  beta_phi     9.99972e-03   1.98443e-02   7.44913e-03  -4.30575e-04
 EXTERNAL ERROR MATRIX.    NDIM=  25    NPAR= 11    ERR DEF=1
  1.161e+06 
  7.315e-02  2.116e-07 
  8.283e-02 -4.101e-08  2.199e-06 
 -5.848e-03 -3.511e-08  7.702e-08  2.623e-07 
 -4.794e-03 -7.045e-09 -1.817e-07 -3.197e-09  2.864e-07 
  4.960e-02 -2.822e-09  4.235e-08 -1.044e-08 -1.186e-08  2.608e-07 
 -2.413e+03 -3.171e-03 -1.073e-02 -2.790e-03  1.452e-02  4.867e-03  1.635e+04 
  4.054e-01 -1.151e-07  1.407e-06  1.265e-07  1.435e-07  2.740e-07  4.098e-01  4.182e-05 
 -1.659e-01 -3.323e-10  8.798e-07  6.745e-08  1.696e-08  1.315e-07 -2.999e-02  1.307e-06  2.745e-05 
  9.903e-01  1.184e-07  4.870e-07 -3.603e-07 -5.297e-07  2.472e-07 -6.306e-01 -1.368e-05  3.750e-06  5.141e-05 
 -3.369e-02  9.169e-09 -4.771e-08  3.685e-09  2.202e-08 -8.088e-09  1.120e-02  1.497e-07 -1.502e-07 -5.699e-07  6.303e-08 
 PARAMETER  CORRELATION COEFFICIENTS  
       NO.  GLOBAL      1      3      4      6      8      9     20     21     22     23     24
        1  0.27799   1.000  0.148  0.052 -0.011 -0.008  0.090 -0.018  0.058 -0.029  0.128 -0.125
        3  0.26470   0.148  1.000 -0.060 -0.149 -0.029 -0.012 -0.054 -0.039 -0.000  0.036  0.079
        4  0.33735   0.052 -0.060  1.000  0.101 -0.229  0.056 -0.057  0.147  0.113  0.046 -0.128
        6  0.27258  -0.011 -0.149  0.101  1.000 -0.012 -0.040 -0.043  0.038  0.025 -0.098  0.029
        8  0.32388  -0.008 -0.029 -0.229 -0.012  1.000 -0.043  0.212  0.041  0.006 -0.138  0.164
        9  0.21841   0.090 -0.012  0.056 -0.040 -0.043  1.000  0.075  0.083  0.049  0.068 -0.063
       20  0.78985  -0.018 -0.054 -0.057 -0.043  0.212  0.075  1.000  0.496 -0.045 -0.688  0.349
       21  0.53900   0.058 -0.039  0.147  0.038  0.041  0.083  0.496  1.000  0.039 -0.295  0.092
       22  0.20101  -0.029 -0.000  0.113  0.025  0.006  0.049 -0.045  0.039  1.000  0.100 -0.114
       23  0.72338   0.128  0.036  0.046 -0.098 -0.138  0.068 -0.688 -0.295  0.100  1.000 -0.317
       24  0.43303  -0.125  0.079 -0.128  0.029  0.164 -0.063  0.349  0.092 -0.114 -0.317  1.000
MINUIT - FIT ONLY 1-y
 **********
 **   51 **RES 
 **********
                   PARAMETER   16  beta_vw RESTORED TO VARIABLE.
                   PARAMETER   14  alpha_vw RESTORED TO VARIABLE.
                   PARAMETER   13  beta_y RESTORED TO VARIABLE.
                   PARAMETER   11  alpha_y RESTORED TO VARIABLE.
                   PARAMETER   10  beta_2CBO RESTORED TO VARIABLE.
 **********
 **   52 **FIX            0
 **********
 PARAMETER    0  IS UNDEFINED. IGNORED.
 **********
 **   53 **FIX            1
 **********
 **********
 **   54 **FIX            2
 **********
 PARAMETER    2  IS CONSTANT.   IGNORED.
 **********
 **   55 **FIX            3
 **********
 **********
 **   56 **FIX            4
 **********
 **********
 **   57 **FIX            5
 **********
 PARAMETER    5  IS CONSTANT.   IGNORED.
 **********
 **   58 **FIX            6
 **********
 **********
 **   59 **FIX            7
 **********
 PARAMETER    7  IS CONSTANT.   IGNORED.
 **********
 **   60 **FIX            8
 **********
 **********
 **   61 **FIX            9
 **********
 **********
 **   62 **FIX           13
 **********
 **********
 **   63 **FIX           14
 **********
 **********
 **   64 **FIX           15
 **********
 PARAMETER   15  IS CONSTANT.   IGNORED.
 **********
 **   65 **FIX           16
 **********
 **********
 **   66 **MIGRAD
 **********
 START MIGRAD MINIMIZATION.  STRATEGY  1.  CONVERGENCE WHEN EDM .LT. 1.00e-04
 FCN=63.5431 FROM MIGRAD    STATUS=INITIATE       16 CALLS        1570 TOTAL
                     EDM= unknown      STRATEGY= 1      NO ERROR MATRIX       
  EXT PARAMETER               CURRENT GUESS       STEP         FIRST   
  NO.   NAME      VALUE            ERROR          SIZE      DERIVATIVE 
   1  N0           3.00969e+06     fixed    
   2  tau          6.44059e+01   constant   
   3  A0           3.51588e-01     fixed    
   4  phi          4.11556e+00     fixed    
   5  R           -6.13499e+01   constant   
   6  alpha_CBO   -3.61067e-03     fixed    
   7  w_CBO        2.32500e+00   constant   
   8  beta_CBO     2.31444e-03     fixed    
   9  alpha_2CBO  -1.19229e-04     fixed    
  10  beta_2CBO    7.31653e-04   4.97357e-04   4.97357e-04  -9.52138e+01
  11  alpha_y      0.00000e+00   1.00000e-03   1.00000e-03  -1.99075e+03
  12  w_y          1.38860e+01   constant   
  13  beta_y      -5.85561e-04     fixed    
  14  alpha_vw     0.00000e+00     fixed    
  15  w_vw         1.43404e+01   constant   
  16  beta_vw      0.00000e+00     fixed    
  17  LM           1.16863e-04   constant   
  18  zeta_y       0.00000e+00   constant   
  19  zeta_vw      0.00000e+00   constant   
  20  T_CBO        2.73067e+02   1.26125e+02   8.47092e-04  -5.99892e-03
  21  alpha_A0    -7.00273e-03   5.61785e-03   2.06157e-03   1.18243e-03
  22  beta_A0      8.70064e-04   5.00119e-03  -4.98694e-06   1.78707e-03
  23  alpha_phi   -9.81273e-03   1.84797e-02  -1.40557e-02   4.96178e-04
  24  beta_phi     9.99972e-03   1.98443e-02   7.44913e-03  -4.33405e-04
 MIGRAD MINIMIZATION HAS CONVERGED.
 MIGRAD WILL VERIFY CONVERGENCE AND ERROR MATRIX.
 COVARIANCE MATRIX CALCULATED SUCCESSFULLY
 FCN=63.2864 FROM MIGRAD    STATUS=CONVERGED     116 CALLS        1670 TOTAL
                     EDM=2.18079e-05    STRATEGY= 1      ERROR MATRIX ACCURATE 
  EXT PARAMETER                                   STEP         FIRST   
  NO.   NAME      VALUE            ERROR          SIZE      DERIVATIVE 
   1  N0           3.00969e+06     fixed    
   2  tau          6.44059e+01   constant   
   3  A0           3.51588e-01     fixed    
   4  phi          4.11556e+00     fixed    
   5  R           -6.13499e+01   constant   
   6  alpha_CBO   -3.61067e-03     fixed    
   7  w_CBO        2.32500e+00   constant   
   8  beta_CBO     2.31444e-03     fixed    
   9  alpha_2CBO  -1.19229e-04     fixed    
  10  beta_2CBO    7.44102e-04   5.26316e-04   2.00759e-06   1.77285e-01
  11  alpha_y      2.57214e-04   5.08366e-04   1.98955e-06   1.36560e-03
  12  w_y          1.38860e+01   constant   
  13  beta_y      -5.85561e-04     fixed    
  14  alpha_vw     0.00000e+00     fixed    
  15  w_vw         1.43404e+01   constant   
  16  beta_vw      0.00000e+00     fixed    
  17  LM           1.16863e-04   constant   
  18  zeta_y       0.00000e+00   constant   
  19  zeta_vw      0.00000e+00   constant   
  20  T_CBO        2.72764e+02   1.41797e+02   7.57082e-04   1.46424e-02
  21  alpha_A0    -6.95806e-03   5.75960e-03   3.10169e-03   1.85677e-03
  22  beta_A0      9.01056e-04   5.10520e-03   2.06464e-03   9.95871e-04
  23  alpha_phi   -9.83896e-03   1.85197e-02   9.64863e-03   2.77368e-04
  24  beta_phi     1.00000e-02   1.05652e-02   2.56151e-02** at limit **
 EXTERNAL ERROR MATRIX.    NDIM=  25    NPAR=  7    ERR DEF=1
  2.770e-07 -4.621e-10 -1.076e-02 -7.242e-07  2.235e-07 -4.990e-07 -1.184e-13 
 -4.621e-10  2.584e-07 -2.987e-04  6.646e-08  2.451e-08 -2.210e-08 -5.253e-15 
 -1.076e-02 -2.987e-04  2.083e+04  4.836e-01 -1.225e-01  8.024e-01  2.916e-06 
 -7.242e-07  6.646e-08  4.836e-01  4.466e-05 -8.851e-07  1.754e-05  7.574e-11 
  2.235e-07  2.451e-08 -1.225e-01 -8.851e-07  2.873e-05 -6.839e-06 -1.174e-11 
 -4.990e-07 -2.210e-08  8.024e-01  1.754e-05 -6.839e-06  5.340e-05  1.089e-10 
 -1.184e-13 -5.253e-15  2.916e-06  7.574e-11 -1.174e-11  1.089e-10  1.369e-14 
 PARAMETER  CORRELATION COEFFICIENTS  
       NO.  GLOBAL     10     11     20     21     22     23     24
       10  0.22519   1.000 -0.002 -0.142 -0.206  0.079 -0.130 -0.002
       11  0.02639  -0.002  1.000 -0.004  0.020  0.009 -0.006 -0.000
       20  0.80252  -0.142 -0.004  1.000  0.501 -0.158  0.761  0.173
       21  0.52511  -0.206  0.020  0.501  1.000 -0.025  0.359  0.097
       22  0.19979   0.079  0.009 -0.158 -0.025  1.000 -0.175 -0.019
       23  0.76357  -0.130 -0.006  0.761  0.359 -0.175  1.000  0.127
       24  0.17507  -0.002 -0.000  0.173  0.097 -0.019  0.127  1.000
MINUIT - FIT ONLY 2-y
 **********
 **   67 **RES 
 **********
                   PARAMETER   16  beta_vw RESTORED TO VARIABLE.
                   PARAMETER   14  alpha_vw RESTORED TO VARIABLE.
                   PARAMETER   13  beta_y RESTORED TO VARIABLE.
                   PARAMETER    9  alpha_2CBO RESTORED TO VARIABLE.
                   PARAMETER    8  beta_CBO RESTORED TO VARIABLE.
                   PARAMETER    6  alpha_CBO RESTORED TO VARIABLE.
                   PARAMETER    4  phi RESTORED TO VARIABLE.
                   PARAMETER    3  A0 RESTORED TO VARIABLE.
                   PARAMETER    1  N0 RESTORED TO VARIABLE.
 **********
 **   68 **FIX            0
 **********
 PARAMETER    0  IS UNDEFINED. IGNORED.
 **********
 **   69 **FIX            1
 **********
 **********
 **   70 **FIX            2
 **********
 PARAMETER    2  IS CONSTANT.   IGNORED.
 **********
 **   71 **FIX            3
 **********
 **********
 **   72 **FIX            4
 **********
 **********
 **   73 **FIX            5
 **********
 PARAMETER    5  IS CONSTANT.   IGNORED.
 **********
 **   74 **FIX            6
 **********
 **********
 **   75 **FIX            7
 **********
 PARAMETER    7  IS CONSTANT.   IGNORED.
 **********
 **   76 **FIX            8
 **********
 **********
 **   77 **FIX            9
 **********
 **********
 **   78 **FIX           10
 **********
 **********
 **   79 **FIX           11
 **********
 **********
 **   80 **FIX           12
 **********
 PARAMETER   12  IS CONSTANT.   IGNORED.
 **********
 **   81 **FIX           16
 **********
 **********
 **   82 **MIGRAD
 **********
 START MIGRAD MINIMIZATION.  STRATEGY  1.  CONVERGENCE WHEN EDM .LT. 1.00e-04
 FCN=63.2864 FROM MIGRAD    STATUS=INITIATE       16 CALLS        1686 TOTAL
                     EDM= unknown      STRATEGY= 1      NO ERROR MATRIX       
  EXT PARAMETER               CURRENT GUESS       STEP         FIRST   
  NO.   NAME      VALUE            ERROR          SIZE      DERIVATIVE 
   1  N0           3.00969e+06     fixed    
   2  tau          6.44059e+01   constant   
   3  A0           3.51588e-01     fixed    
   4  phi          4.11556e+00     fixed    
   5  R           -6.13499e+01   constant   
   6  alpha_CBO   -3.61067e-03     fixed    
   7  w_CBO        2.32500e+00   constant   
   8  beta_CBO     2.31444e-03     fixed    
   9  alpha_2CBO  -1.19229e-04     fixed    
  10  beta_2CBO    7.44102e-04     fixed    
  11  alpha_y      2.57214e-04     fixed    
  12  w_y          1.38860e+01   constant   
  13  beta_y      -5.85561e-04   5.11149e-04   5.11149e-04  -1.05698e+02
  14  alpha_vw     0.00000e+00   1.00000e-03   1.00000e-03   3.36211e+03
  15  w_vw         1.43404e+01   constant   
  16  beta_vw      0.00000e+00     fixed    
  17  LM           1.16863e-04   constant   
  18  zeta_y       0.00000e+00   constant   
  19  zeta_vw      0.00000e+00   constant   
  20  T_CBO        2.72764e+02   1.41797e+02   7.57082e-04   1.46016e-02
  21  alpha_A0    -6.95806e-03   5.75960e-03   3.10169e-03   1.87018e-03
  22  beta_A0      9.01056e-04   5.10520e-03   2.06464e-03   9.94056e-04
  23  alpha_phi   -9.83896e-03   1.85197e-02   9.64863e-03   2.89017e-04
  24  beta_phi     9.99998e-03   1.05652e-02   2.56151e-02  -8.63822e-05
 MIGRAD MINIMIZATION HAS CONVERGED.
 MIGRAD WILL VERIFY CONVERGENCE AND ERROR MATRIX.
 COVARIANCE MATRIX CALCULATED SUCCESSFULLY
 FCN=62.5354 FROM MIGRAD    STATUS=CONVERGED     117 CALLS        1787 TOTAL
                     EDM=4.68801e-06    STRATEGY= 1      ERROR MATRIX ACCURATE 
  EXT PARAMETER                                   STEP         FIRST   
  NO.   NAME      VALUE            ERROR          SIZE      DERIVATIVE 
   1  N0           3.00969e+06     fixed    
   2  tau          6.44059e+01   constant   
   3  A0           3.51588e-01     fixed    
   4  phi          4.11556e+00     fixed    
   5  R           -6.13499e+01   constant   
   6  alpha_CBO   -3.61067e-03     fixed    
   7  w_CBO        2.32500e+00   constant   
   8  beta_CBO     2.31444e-03     fixed    
   9  alpha_2CBO  -1.19229e-04     fixed    
  10  beta_2CBO    7.44102e-04     fixed    
  11  alpha_y      2.57214e-04     fixed    
  12  w_y          1.38860e+01   constant   
  13  beta_y      -5.17025e-04   5.14794e-04   1.98748e-06   1.36606e-01
  14  alpha_vw    -4.44617e-04   5.13300e-04   1.98256e-06  -2.82240e-02
  15  w_vw         1.43404e+01   constant   
  16  beta_vw      0.00000e+00     fixed    
  17  LM           1.16863e-04   constant   
  18  zeta_y       0.00000e+00   constant   
  19  zeta_vw      0.00000e+00   constant   
  20  T_CBO        2.72838e+02   1.41646e+02   7.52441e-04   6.49402e-04
  21  alpha_A0    -6.92024e-03   5.68129e-03   3.07044e-03  -1.67590e-03
  22  beta_A0      9.03045e-04   5.09362e-03   2.05247e-03   7.34800e-06
  23  alpha_phi   -9.84565e-03   1.79956e-02   1.04792e-02  -5.59328e-04
  24  beta_phi     1.00000e-02   1.06819e-02   2.15332e-02** at limit **
 EXTERNAL ERROR MATRIX.    NDIM=  25    NPAR=  7    ERR DEF=1
  2.650e-07 -3.240e-08 -1.602e-03 -1.973e-08  6.542e-08 -8.510e-08 -3.068e-13 
 -3.240e-08  2.635e-07 -4.547e-04 -3.583e-08  2.253e-09 -1.558e-08 -5.660e-14 
 -1.602e-03 -4.547e-04  2.078e+04  4.596e-01 -1.183e-01  8.140e-01  3.591e-05 
 -1.973e-08 -3.583e-08  4.596e-01  4.277e-05 -3.788e-07  1.674e-05  9.213e-10 
  6.542e-08  2.253e-09 -1.183e-01 -3.788e-07  2.859e-05 -6.746e-06 -1.480e-10 
 -8.510e-08 -1.558e-08  8.140e-01  1.674e-05 -6.746e-06  5.472e-05  1.369e-09 
 -3.068e-13 -5.660e-14  3.591e-05  9.213e-10 -1.480e-10  1.369e-09  3.862e-12 
 PARAMETER  CORRELATION COEFFICIENTS  
       NO.  GLOBAL     13     14     20     21     22     23     24
       13  0.12659   1.000 -0.123 -0.022 -0.006  0.024 -0.022 -0.000
       14  0.12324  -0.123  1.000 -0.006 -0.011  0.001 -0.004 -0.000
       20  0.80177  -0.022 -0.006  1.000  0.488 -0.153  0.763  0.127
       21  0.49325  -0.006 -0.011  0.488  1.000 -0.011  0.346  0.072
       22  0.18876   0.024  0.001 -0.153 -0.011  1.000 -0.171 -0.014
       23  0.76579  -0.022 -0.004  0.763  0.346 -0.171  1.000  0.094
       24  0.12741  -0.000 -0.000  0.127  0.072 -0.014  0.094  1.000
MINUIT - FIT ALTOGETHER
 **********
 **   83 **RES 
 **********
