 + ++++++++++++++++++++++++++++++++++++++++++++++++++++++++++++++++++++ +
 +                                                                      +
 +           You have chose to blind your fitting according to          +
 +                omega_ref * (1 + (R +/- deltaR) *10^{-6})             +
 +                                                                      +
 + ++++++++++++++++++++++++++++++++++++++++++++++++++++++++++++++++++++ +
In main()...
reading format from /gm2data/zkhechad/run45/envelope/formats/formatB_sBin_constraintOn.txt
pBinTau 	= 0  
pBinPhi 	= 0  
constraintau 	= 1 
includeMopTerm 	= 0    
constrainMop    = 0   
Parameters after format file: pBinTau 0 pBinPhi 0 constraintau 1 includeMopTerm 0 constrainMop 0 c_e_scale 0.000000 
Opening file /gm2data/tbarrett/gm2fr/studies/run23_bunch_corrections/CorrectedFourier_Run3b.root.
reading full fit data from /gm2data/zkhechad/cboTemplates/Run4CBOTemplates/fullFits/noRF/sBin_constraintOn_cE0.0_seed0_noRF_calo22.root
windowBins = 69
fitting sliding window 210 from bin 346 at 51.474000 to bin 415 at 61.918000 (69 bins)

Reading data from /gm2data/cornell/histograms/aMethod/histogram_a_noRF.root
 **********
 **    1 **SET PRINTOUT            1
 **********
 **********
 **    2 **SET NOWARNINGS 
 **********
 PARAMETER DEFINITIONS:
    NO.   NAME         VALUE      STEP SIZE      LIMITS
     1 N0           3.01041e+06  1.00000e+02     no limits
     2 tau          6.44059e+01  constant
     3 A0           3.51736e-01  1.00000e-04     no limits
     4 phi          4.11589e+00  1.00000e-02     no limits
     5 R           -6.13499e+01  constant
     6 alpha_CBO    0.00000e+00  1.00000e-03     no limits
     7 w_CBO        2.32500e+00  constant
     8 beta_CBO     0.00000e+00  1.00000e-03     no limits
     9 alpha_2CBO   0.00000e+00  1.00000e-03     no limits
    10 beta_2CBO    0.00000e+00  1.00000e-03     no limits
    11 alpha_y      0.00000e+00  1.00000e-03     no limits
    12 w_y          1.38860e+01  constant
    13 beta_y       0.00000e+00  1.00000e-03     no limits
    14 alpha_vw     0.00000e+00  1.00000e-03     no limits
    15 w_vw         1.43404e+01  constant
    16 beta_vw      0.00000e+00  1.00000e-03     no limits
    17 LM           1.16863e-04  constant
    18 zeta_y       0.00000e+00  constant
    19 zeta_vw      0.00000e+00  constant
    20 T_CBO        1.00000e+02  1.00000e+00    0.00000e+00  1.00000e+03
    21 alpha_A0     0.00000e+00  1.00000e-04   -1.00000e-02  1.00000e-02
    22 beta_A0      0.00000e+00  1.00000e-04   -1.00000e-02  1.00000e-02
    23 alpha_phi    0.00000e+00  1.00000e-04   -1.00000e-02  1.00000e-02
    24 beta_phi     0.00000e+00  1.00000e-04   -1.00000e-02  1.00000e-02
MINUIT - FIT ONLY WIGGLE
 **********
 **    3 **FIX            5
 **********
 PARAMETER    5  IS CONSTANT.   IGNORED.
 **********
 **    4 **FIX            6
 **********
 **********
 **    5 **FIX            7
 **********
 PARAMETER    7  IS CONSTANT.   IGNORED.
 **********
 **    6 **FIX            8
 **********
 **********
 **    7 **FIX            9
 **********
 **********
 **    8 **FIX           10
 **********
 **********
 **    9 **FIX           11
 **********
 **********
 **   10 **FIX           12
 **********
 PARAMETER   12  IS CONSTANT.   IGNORED.
 **********
 **   11 **FIX           13
 **********
 **********
 **   12 **FIX           14
 **********
 **********
 **   13 **FIX           15
 **********
 PARAMETER   15  IS CONSTANT.   IGNORED.
 **********
 **   14 **FIX           16
 **********
 **********
 **   15 **MIGRAD
 **********
 FIRST CALL TO USER FUNCTION AT NEW START POINT, WITH IFLAG=4.
 START MIGRAD MINIMIZATION.  STRATEGY  1.  CONVERGENCE WHEN EDM .LT. 1.00e-04
 FCN=7297.31 FROM MIGRAD    STATUS=INITIATE      433 CALLS         434 TOTAL
                     EDM= unknown      STRATEGY= 1      NO ERROR MATRIX       
  EXT PARAMETER               CURRENT GUESS       STEP         FIRST   
  NO.   NAME      VALUE            ERROR          SIZE      DERIVATIVE 
   1  N0           3.01041e+06   1.00000e+02   0.00000e+00  -6.51421e-03
   2  tau          6.44059e+01   constant   
   3  A0           3.51736e-01   1.00000e-04   0.00000e+00   1.60411e+05
   4  phi          4.11589e+00   1.00000e-02   0.00000e+00  -1.11329e+05
   5  R           -6.13499e+01   constant   
   6  alpha_CBO    0.00000e+00     fixed    
   7  w_CBO        2.32500e+00   constant   
   8  beta_CBO     0.00000e+00     fixed    
   9  alpha_2CBO   0.00000e+00     fixed    
  10  beta_2CBO    0.00000e+00     fixed    
  11  alpha_y      0.00000e+00     fixed    
  12  w_y          1.38860e+01   constant   
  13  beta_y       0.00000e+00     fixed    
  14  alpha_vw     0.00000e+00     fixed    
  15  w_vw         1.43404e+01   constant   
  16  beta_vw      0.00000e+00     fixed    
  17  LM           1.16863e-04   constant   
  18  zeta_y       0.00000e+00   constant   
  19  zeta_vw      0.00000e+00   constant   
  20  T_CBO        1.00000e+02   1.00000e+00   0.00000e+00   0.00000e+00
  21  alpha_A0     0.00000e+00   1.00000e-04   0.00000e+00   4.62656e+02
  22  beta_A0      0.00000e+00   1.00000e-04   0.00000e+00   1.70014e+02
  23  alpha_phi    0.00000e+00   1.00000e-04   0.00000e+00   8.16476e+01
  24  beta_phi     0.00000e+00   1.00000e-04   0.00000e+00   1.93584e+02
 MIGRAD MINIMIZATION HAS CONVERGED.
 FCN=6773.77 FROM MIGRAD    STATUS=CONVERGED     961 CALLS         962 TOTAL
                     EDM=2.12096e-07    STRATEGY= 1  ERROR MATRIX UNCERTAINTY   1.6 per cent
  EXT PARAMETER                                   STEP         FIRST   
  NO.   NAME      VALUE            ERROR          SIZE      DERIVATIVE 
   1  N0           3.01004e+06   2.08077e+02   3.39264e-01  -1.16402e-06
   2  tau          6.44059e+01   constant   
   3  A0           3.51037e-01   8.68982e-05  -4.26103e-08   6.28887e+00
   4  phi          4.11904e+00   2.55829e-04   4.57024e-08  -1.75128e+00
   5  R           -6.13499e+01   constant   
   6  alpha_CBO    0.00000e+00     fixed    
   7  w_CBO        2.32500e+00   constant   
   8  beta_CBO     0.00000e+00     fixed    
   9  alpha_2CBO   0.00000e+00     fixed    
  10  beta_2CBO    0.00000e+00     fixed    
  11  alpha_y      0.00000e+00     fixed    
  12  w_y          1.38860e+01   constant   
  13  beta_y       0.00000e+00     fixed    
  14  alpha_vw     0.00000e+00     fixed    
  15  w_vw         1.43404e+01   constant   
  16  beta_vw      0.00000e+00     fixed    
  17  LM           1.16863e-04   constant   
  18  zeta_y       0.00000e+00   constant   
  19  zeta_vw      0.00000e+00   constant   
  20  T_CBO        1.00000e+03   7.92974e+02   1.09640e-02** at limit **
  21  alpha_A0    -5.70294e-03   3.73342e-04  -6.14112e-05   8.86427e-03
  22  beta_A0     -2.03430e-03   3.81445e-04  -6.13600e-05   7.71746e-04
  23  alpha_phi   -2.06442e-03   4.08658e-04  -1.09348e-04  -1.29151e-02
  24  beta_phi    -1.76481e-03   3.47654e-04   3.87479e-06   1.36955e-03
 EXTERNAL ERROR MATRIX.    NDIM=  25    NPAR=  8    ERR DEF=1
  4.330e+04  1.809e-03 -8.833e-03  1.321e+00  6.775e-03 -1.310e-02 -9.136e-03 -1.285e-02 
  1.809e-03  7.551e-09  1.706e-09 -2.197e-07  2.879e-09  1.163e-09  6.778e-09 -7.085e-11 
 -8.833e-03  1.706e-09  6.545e-08  7.121e-07  9.794e-10  6.109e-09  1.131e-08  5.165e-09 
  1.321e+00 -2.197e-07  7.121e-07  2.830e-01  9.406e-06  1.433e-06  4.185e-06  3.174e-06 
  6.775e-03  2.879e-09  9.794e-10  9.406e-06  1.395e-07  4.928e-09  1.704e-08  1.539e-09 
 -1.310e-02  1.163e-09  6.109e-09  1.433e-06  4.928e-09  1.456e-07  1.245e-08  6.227e-09 
 -9.136e-03  6.778e-09  1.131e-08  4.185e-06  1.704e-08  1.245e-08  1.671e-07 -1.556e-09 
 -1.285e-02 -7.085e-11  5.165e-09  3.174e-06  1.539e-09  6.227e-09 -1.556e-09  1.209e-07 
 PARAMETER  CORRELATION COEFFICIENTS  
       NO.  GLOBAL      1      3      4     20     21     22     23     24
        1  0.33444   1.000  0.100 -0.166  0.012  0.087 -0.165 -0.107 -0.178
        3  0.24828   0.100  1.000  0.077 -0.005  0.089  0.035  0.191 -0.002
        4  0.20831  -0.166  0.077  1.000  0.005  0.010  0.063  0.108  0.058
       20  0.05592   0.012 -0.005  0.005  1.000  0.047  0.007  0.019  0.017
       21  0.17329   0.087  0.089  0.010  0.047  1.000  0.035  0.112  0.012
       22  0.18790  -0.165  0.035  0.063  0.007  0.035  1.000  0.080  0.047
       23  0.26942  -0.107  0.191  0.108  0.019  0.112  0.080  1.000 -0.011
       24  0.18816  -0.178 -0.002  0.058  0.017  0.012  0.047 -0.011  1.000
MINUIT - FIT ONLY 1-CBO + wiggle
 **********
 **   16 **RES 
 **********
                   PARAMETER   16  beta_vw RESTORED TO VARIABLE.
                   PARAMETER   14  alpha_vw RESTORED TO VARIABLE.
                   PARAMETER   13  beta_y RESTORED TO VARIABLE.
                   PARAMETER   11  alpha_y RESTORED TO VARIABLE.
                   PARAMETER   10  beta_2CBO RESTORED TO VARIABLE.
                   PARAMETER    9  alpha_2CBO RESTORED TO VARIABLE.
                   PARAMETER    8  beta_CBO RESTORED TO VARIABLE.
                   PARAMETER    6  alpha_CBO RESTORED TO VARIABLE.
 **********
 **   17 **FIX            8
 **********
 **********
 **   18 **FIX            9
 **********
 **********
 **   19 **FIX           11
 **********
 **********
 **   20 **FIX           12
 **********
 PARAMETER   12  IS CONSTANT.   IGNORED.
 **********
 **   21 **FIX           14
 **********
 **********
 **   22 **FIX           15
 **********
 PARAMETER   15  IS CONSTANT.   IGNORED.
 **********
 **   23 **FIX           16
 **********
 **********
 **   24 **MIGRAD
 **********
 START MIGRAD MINIMIZATION.  STRATEGY  1.  CONVERGENCE WHEN EDM .LT. 1.00e-04
 FCN=6773.77 FROM MIGRAD    STATUS=INITIATE       28 CALLS         990 TOTAL
                     EDM= unknown      STRATEGY= 1      NO ERROR MATRIX       
  EXT PARAMETER               CURRENT GUESS       STEP         FIRST   
  NO.   NAME      VALUE            ERROR          SIZE      DERIVATIVE 
   1  N0           3.01004e+06   2.08077e+02   3.39264e-01  -1.16377e-06
   2  tau          6.44059e+01   constant   
   3  A0           3.51037e-01   8.68982e-05  -4.26103e-08   6.28638e+00
   4  phi          4.11904e+00   2.55829e-04   4.57024e-08  -1.75186e+00
   5  R           -6.13499e+01   constant   
   6  alpha_CBO    0.00000e+00   1.00000e-03   1.00000e-03   1.66994e+06
   7  w_CBO        2.32500e+00   constant   
   8  beta_CBO     0.00000e+00     fixed    
   9  alpha_2CBO   0.00000e+00     fixed    
  10  beta_2CBO    0.00000e+00   1.00000e-03   1.00000e-03   7.65204e+04
  11  alpha_y      0.00000e+00     fixed    
  12  w_y          1.38860e+01   constant   
  13  beta_y       0.00000e+00   1.00000e-03   1.00000e-03  -1.82688e+03
  14  alpha_vw     0.00000e+00     fixed    
  15  w_vw         1.43404e+01   constant   
  16  beta_vw      0.00000e+00     fixed    
  17  LM           1.16863e-04   constant   
  18  zeta_y       0.00000e+00   constant   
  19  zeta_vw      0.00000e+00   constant   
  20  T_CBO        9.99999e+02   7.92974e+02   1.09640e-02  -1.91800e-04
  21  alpha_A0    -5.70294e-03   3.73342e-04  -6.14112e-05   8.89897e-03
  22  beta_A0     -2.03430e-03   3.81445e-04  -6.13600e-05   7.86361e-04
  23  alpha_phi   -2.06442e-03   4.08658e-04  -1.09348e-04  -1.29064e-02
  24  beta_phi    -1.76481e-03   3.47654e-04   3.87479e-06   1.38358e-03
 MIGRAD MINIMIZATION HAS CONVERGED.
 FCN=279.492 FROM MIGRAD    STATUS=CONVERGED     204 CALLS        1166 TOTAL
                     EDM=3.23746e-06    STRATEGY= 1  ERROR MATRIX UNCERTAINTY   2.6 per cent
  EXT PARAMETER                                   STEP         FIRST   
  NO.   NAME      VALUE            ERROR          SIZE      DERIVATIVE 
   1  N0           3.01055e+06   2.10027e+02  -5.30264e-01   5.05138e-06
   2  tau          6.44059e+01   constant   
   3  A0           3.51937e-01   8.82397e-05  -3.19401e-07  -7.90423e+00
   4  phi          4.11640e+00   2.59495e-04   8.72329e-08   1.15663e+00
   5  R           -6.13499e+01   constant   
   6  alpha_CBO   -7.78582e-03   9.67408e-05   1.48292e-08  -6.52099e-01
   7  w_CBO        2.32500e+00   constant   
   8  beta_CBO     0.00000e+00     fixed    
   9  alpha_2CBO   0.00000e+00     fixed    
  10  beta_2CBO    1.92886e-04   9.26730e-05   6.58366e-08  -2.52974e+01
  11  alpha_y      0.00000e+00     fixed    
  12  w_y          1.38860e+01   constant   
  13  beta_y       6.90524e-05   9.20939e-05  -1.30166e-07  -3.68078e+00
  14  alpha_vw     0.00000e+00     fixed    
  15  w_vw         1.43404e+01   constant   
  16  beta_vw      0.00000e+00     fixed    
  17  LM           1.16863e-04   constant   
  18  zeta_y       0.00000e+00   constant   
  19  zeta_vw      0.00000e+00   constant   
  20  T_CBO        9.99963e+02   7.31494e+02   8.19366e-03  -2.88541e-04
  21  alpha_A0    -1.63941e-03   3.79388e-04  -2.59104e-04  -1.56734e-02
  22  beta_A0     -1.20440e-03   3.87633e-04   8.25617e-05   3.49034e-02
  23  alpha_phi   -4.80311e-03   3.95648e-04  -2.02196e-04   1.10904e-02
  24  beta_phi    -1.36664e-03   3.47273e-04  -5.09722e-05   2.99803e-02
 EXTERNAL ERROR MATRIX.    NDIM=  25    NPAR= 11    ERR DEF=1
  4.411e+04 
  1.856e-03  7.786e-09 
 -8.861e-03  1.057e-09  6.734e-08 
 -4.199e-04 -1.075e-09  3.209e-09  9.359e-09 
 -9.526e-04 -5.287e-10 -4.397e-10 -6.063e-10  8.588e-09 
 -6.700e-05  1.279e-10  2.234e-10 -5.126e-11 -2.374e-10  8.481e-09 
 -6.582e+01 -2.861e-04 -2.040e-04 -8.290e-06  1.416e-04 -6.109e-05  8.333e+02 
  9.232e-03  3.626e-09  1.244e-09 -4.638e-09 -4.963e-09  1.034e-10 -4.910e-04  1.440e-07 
 -1.125e-02  1.804e-09  4.079e-09 -1.178e-09  7.300e-10  3.825e-10  1.829e-05  3.197e-09  1.503e-07 
 -9.767e-03  6.981e-09  8.923e-09  3.493e-09 -4.627e-09  9.037e-10 -1.566e-03  1.480e-08  5.658e-09  1.566e-07 
 -1.186e-02 -2.159e-10  3.606e-09 -4.528e-10 -1.215e-09 -3.090e-10 -1.120e-04  2.667e-09  4.424e-09 -2.624e-09  1.206e-07 
 PARAMETER  CORRELATION COEFFICIENTS  
       NO.  GLOBAL      1      3      4      6     10     13     20     21     22     23     24
        1  0.33857   1.000  0.100 -0.163 -0.021 -0.049 -0.003 -0.011  0.116 -0.138 -0.117 -0.163
        3  0.30562   0.100  1.000  0.046 -0.126 -0.065  0.016 -0.112  0.108  0.053  0.200 -0.007
        4  0.22782  -0.163  0.046  1.000  0.128 -0.018  0.009 -0.027  0.013  0.041  0.087  0.040
        6  0.26313  -0.021 -0.126  0.128  1.000 -0.068 -0.006 -0.003 -0.126 -0.031  0.091 -0.013
       10  0.21348  -0.049 -0.065 -0.018 -0.068  1.000 -0.028  0.053 -0.141  0.020 -0.126 -0.038
       13  0.04512  -0.003  0.016  0.009 -0.006 -0.028  1.000 -0.023  0.003  0.011  0.025 -0.010
       20  0.16950  -0.011 -0.112 -0.027 -0.003  0.053 -0.023  1.000 -0.045  0.002 -0.137 -0.011
       21  0.25925   0.116  0.108  0.013 -0.126 -0.141  0.003 -0.045  1.000  0.022  0.099  0.020
       22  0.16149  -0.138  0.053  0.041 -0.031  0.020  0.011  0.002  0.022  1.000  0.037  0.033
       23  0.32895  -0.117  0.200  0.087  0.091 -0.126  0.025 -0.137  0.099  0.037  1.000 -0.019
       24  0.18140  -0.163 -0.007  0.040 -0.013 -0.038 -0.010 -0.011  0.020  0.033 -0.019  1.000
MINUIT - FIT ONLY 2-CBO
 **********
 **   25 **RES 
 **********
                   PARAMETER   16  beta_vw RESTORED TO VARIABLE.
                   PARAMETER   14  alpha_vw RESTORED TO VARIABLE.
                   PARAMETER   11  alpha_y RESTORED TO VARIABLE.
                   PARAMETER    9  alpha_2CBO RESTORED TO VARIABLE.
                   PARAMETER    8  beta_CBO RESTORED TO VARIABLE.
 **********
 **   26 **FIX            0
 **********
 PARAMETER    0  IS UNDEFINED. IGNORED.
 **********
 **   27 **FIX            1
 **********
 **********
 **   28 **FIX            2
 **********
 PARAMETER    2  IS CONSTANT.   IGNORED.
 **********
 **   29 **FIX            3
 **********
 **********
 **   30 **FIX            4
 **********
 **********
 **   31 **FIX            5
 **********
 PARAMETER    5  IS CONSTANT.   IGNORED.
 **********
 **   32 **FIX            6
 **********
 **********
 **   33 **FIX            7
 **********
 PARAMETER    7  IS CONSTANT.   IGNORED.
 **********
 **   34 **FIX           10
 **********
 **********
 **   35 **FIX           11
 **********
 **********
 **   36 **FIX           12
 **********
 PARAMETER   12  IS CONSTANT.   IGNORED.
 **********
 **   37 **FIX           13
 **********
 **********
 **   38 **FIX           14
 **********
 **********
 **   39 **FIX           15
 **********
 PARAMETER   15  IS CONSTANT.   IGNORED.
 **********
 **   40 **FIX           16
 **********
 **********
 **   41 **MIGRAD
 **********
 START MIGRAD MINIMIZATION.  STRATEGY  1.  CONVERGENCE WHEN EDM .LT. 1.00e-04
 FCN=279.492 FROM MIGRAD    STATUS=INITIATE       18 CALLS        1184 TOTAL
                     EDM= unknown      STRATEGY= 1      NO ERROR MATRIX       
  EXT PARAMETER               CURRENT GUESS       STEP         FIRST   
  NO.   NAME      VALUE            ERROR          SIZE      DERIVATIVE 
   1  N0           3.01055e+06     fixed    
   2  tau          6.44059e+01   constant   
   3  A0           3.51937e-01     fixed    
   4  phi          4.11640e+00     fixed    
   5  R           -6.13499e+01   constant   
   6  alpha_CBO   -7.78582e-03     fixed    
   7  w_CBO        2.32500e+00   constant   
   8  beta_CBO     0.00000e+00   1.00000e-03   1.00000e-03  -1.69776e+05
   9  alpha_2CBO   0.00000e+00   1.00000e-03   1.00000e-03  -1.54933e+04
  10  beta_2CBO    1.92886e-04     fixed    
  11  alpha_y      0.00000e+00     fixed    
  12  w_y          1.38860e+01   constant   
  13  beta_y       6.90524e-05     fixed    
  14  alpha_vw     0.00000e+00     fixed    
  15  w_vw         1.43404e+01   constant   
  16  beta_vw      0.00000e+00     fixed    
  17  LM           1.16863e-04   constant   
  18  zeta_y       0.00000e+00   constant   
  19  zeta_vw      0.00000e+00   constant   
  20  T_CBO        9.99963e+02   7.31494e+02   8.19366e-03  -2.90178e-04
  21  alpha_A0    -1.63941e-03   3.79388e-04  -2.59104e-04  -1.56734e-02
  22  beta_A0     -1.20440e-03   3.87633e-04   8.25617e-05   3.49038e-02
  23  alpha_phi   -4.80311e-03   3.95648e-04  -2.02196e-04   1.10903e-02
  24  beta_phi    -1.36664e-03   3.47273e-04  -5.09722e-05   2.99803e-02
 MIGRAD MINIMIZATION HAS CONVERGED.
 MIGRAD WILL VERIFY CONVERGENCE AND ERROR MATRIX.
 COVARIANCE MATRIX CALCULATED SUCCESSFULLY
 FCN=215.833 FROM MIGRAD    STATUS=CONVERGED     147 CALLS        1313 TOTAL
                     EDM=4.02788e-07    STRATEGY= 1      ERROR MATRIX ACCURATE 
  EXT PARAMETER                                   STEP         FIRST   
  NO.   NAME      VALUE            ERROR          SIZE      DERIVATIVE 
   1  N0           3.01055e+06     fixed    
   2  tau          6.44059e+01   constant   
   3  A0           3.51937e-01     fixed    
   4  phi          4.11640e+00     fixed    
   5  R           -6.13499e+01   constant   
   6  alpha_CBO   -7.78582e-03     fixed    
   7  w_CBO        2.32500e+00   constant   
   8  beta_CBO     7.41556e-04   9.33398e-05   6.52639e-07   3.52760e-01
   9  alpha_2CBO   9.16994e-05   9.48075e-05   6.65255e-07  -4.92342e+00
  10  beta_2CBO    1.92886e-04     fixed    
  11  alpha_y      0.00000e+00     fixed    
  12  w_y          1.38860e+01   constant   
  13  beta_y       6.90524e-05     fixed    
  14  alpha_vw     0.00000e+00     fixed    
  15  w_vw         1.43404e+01   constant   
  16  beta_vw      0.00000e+00     fixed    
  17  LM           1.16863e-04   constant   
  18  zeta_y       0.00000e+00   constant   
  19  zeta_vw      0.00000e+00   constant   
  20  T_CBO        1.00000e+03   9.92188e+02   6.73408e-02** at limit **
  21  alpha_A0    -1.69012e-03   3.69924e-04   2.66512e-04  -1.92057e-02
  22  beta_A0     -1.69420e-03   3.85138e-04   2.75040e-04   3.32532e-03
  23  alpha_phi   -4.94819e-03   3.91245e-04   3.17364e-04  -1.09154e-03
  24  beta_phi    -9.02187e-04   3.49208e-04   2.45962e-04   5.08762e-03
 EXTERNAL ERROR MATRIX.    NDIM=  25    NPAR=  7    ERR DEF=1
  8.712e-09  2.598e-10  2.829e-10 -9.116e-10 -6.076e-09 -1.370e-09  5.039e-09 
  2.598e-10  8.988e-09 -2.014e-09  3.454e-09  3.267e-09 -3.724e-09  4.721e-09 
  2.829e-10 -2.014e-09  1.952e-03 -6.559e-07 -6.300e-07 -1.878e-06 -3.389e-07 
 -9.116e-10  3.454e-09 -6.559e-07  1.369e-07  5.361e-09  1.409e-08  6.429e-09 
 -6.076e-09  3.267e-09 -6.300e-07  5.361e-09  1.484e-07  8.075e-09  6.807e-10 
 -1.370e-09 -3.724e-09 -1.878e-06  1.409e-08  8.075e-09  1.532e-07 -9.390e-09 
  5.039e-09  4.721e-09 -3.389e-07  6.429e-09  6.807e-10 -9.390e-09  1.220e-07 
 PARAMETER  CORRELATION COEFFICIENTS  
       NO.  GLOBAL      8      9     20     21     22     23     24
        8  0.23305   1.000  0.029  0.000 -0.026 -0.169 -0.038  0.155
        9  0.21815   0.029  1.000 -0.000  0.098  0.089 -0.100  0.143
       20  0.11994   0.000 -0.000  1.000 -0.040 -0.037 -0.109 -0.022
       21  0.15851  -0.026  0.098 -0.040  1.000  0.038  0.097  0.050
       22  0.20581  -0.169  0.089 -0.037  0.038  1.000  0.054  0.005
       23  0.19884  -0.038 -0.100 -0.109  0.097  0.054  1.000 -0.069
       24  0.22044   0.155  0.143 -0.022  0.050  0.005 -0.069  1.000
MINUIT - FIT wiggle + 1-CBO + 2-CBO
 **********
 **   42 **RES 
 **********
                   PARAMETER   16  beta_vw RESTORED TO VARIABLE.
                   PARAMETER   14  alpha_vw RESTORED TO VARIABLE.
                   PARAMETER   13  beta_y RESTORED TO VARIABLE.
                   PARAMETER   11  alpha_y RESTORED TO VARIABLE.
                   PARAMETER   10  beta_2CBO RESTORED TO VARIABLE.
                   PARAMETER    6  alpha_CBO RESTORED TO VARIABLE.
                   PARAMETER    4  phi RESTORED TO VARIABLE.
                   PARAMETER    3  A0 RESTORED TO VARIABLE.
                   PARAMETER    1  N0 RESTORED TO VARIABLE.
 **********
 **   43 **FIX           10
 **********
 **********
 **   44 **FIX           11
 **********
 **********
 **   45 **FIX           12
 **********
 PARAMETER   12  IS CONSTANT.   IGNORED.
 **********
 **   46 **FIX           13
 **********
 **********
 **   47 **FIX           14
 **********
 **********
 **   48 **FIX           15
 **********
 PARAMETER   15  IS CONSTANT.   IGNORED.
 **********
 **   49 **FIX           16
 **********
 **********
 **   50 **MIGRAD
 **********
 START MIGRAD MINIMIZATION.  STRATEGY  1.  CONVERGENCE WHEN EDM .LT. 1.00e-04
 FCN=215.833 FROM MIGRAD    STATUS=INITIATE       22 CALLS        1335 TOTAL
                     EDM= unknown      STRATEGY= 1      NO ERROR MATRIX       
  EXT PARAMETER               CURRENT GUESS       STEP         FIRST   
  NO.   NAME      VALUE            ERROR          SIZE      DERIVATIVE 
   1  N0           3.01055e+06   2.10027e+02   2.10027e+02   4.92208e-03
   2  tau          6.44059e+01   constant   
   3  A0           3.51937e-01   8.82397e-05   8.82397e-05   3.71000e+04
   4  phi          4.11640e+00   2.59495e-04   2.59495e-04   9.58470e+03
   5  R           -6.13499e+01   constant   
   6  alpha_CBO   -7.78582e-03   9.67408e-05   9.67408e-05   4.01810e+03
   7  w_CBO        2.32500e+00   constant   
   8  beta_CBO     7.41556e-04   9.33398e-05   6.52639e-07   3.53533e-01
   9  alpha_2CBO   9.16994e-05   9.48075e-05   6.65255e-07  -4.92323e+00
  10  beta_2CBO    1.92886e-04     fixed    
  11  alpha_y      0.00000e+00     fixed    
  12  w_y          1.38860e+01   constant   
  13  beta_y       6.90524e-05     fixed    
  14  alpha_vw     0.00000e+00     fixed    
  15  w_vw         1.43404e+01   constant   
  16  beta_vw      0.00000e+00     fixed    
  17  LM           1.16863e-04   constant   
  18  zeta_y       0.00000e+00   constant   
  19  zeta_vw      0.00000e+00   constant   
  20  T_CBO        9.99999e+02   9.92188e+02   6.73408e-02  -4.77292e-05
  21  alpha_A0    -1.69012e-03   3.69924e-04   2.66512e-04  -1.91871e-02
  22  beta_A0     -1.69420e-03   3.85138e-04   2.75040e-04   3.34409e-03
  23  alpha_phi   -4.94819e-03   3.91245e-04   3.17364e-04  -1.03368e-03
  24  beta_phi    -9.02187e-04   3.49208e-04   2.45962e-04   5.10173e-03
 MIGRAD MINIMIZATION HAS CONVERGED.
 MIGRAD WILL VERIFY CONVERGENCE AND ERROR MATRIX.
 COVARIANCE MATRIX CALCULATED SUCCESSFULLY
 FCN=210.897 FROM MIGRAD    STATUS=CONVERGED     248 CALLS        1561 TOTAL
                     EDM=2.85309e-06    STRATEGY= 1      ERROR MATRIX ACCURATE 
  EXT PARAMETER                                   STEP         FIRST   
  NO.   NAME      VALUE            ERROR          SIZE      DERIVATIVE 
   1  N0           3.01044e+06   2.09519e+02   1.43549e+00  -2.08322e-06
   2  tau          6.44059e+01   constant   
   3  A0           3.51774e-01   9.05272e-05   6.01768e-07  -8.92100e+00
   4  phi          4.11606e+00   2.58853e-04   1.96269e-06   4.02446e+00
   5  R           -6.13499e+01   constant   
   6  alpha_CBO   -7.79883e-03   9.65025e-05   6.63949e-07   1.24093e+01
   7  w_CBO        2.32500e+00   constant   
   8  beta_CBO     7.99186e-04   9.68804e-05   6.45188e-07   3.34062e+00
   9  alpha_2CBO   9.77187e-05   9.50574e-05   6.57660e-07  -7.37421e+00
  10  beta_2CBO    1.92886e-04     fixed    
  11  alpha_y      0.00000e+00     fixed    
  12  w_y          1.38860e+01   constant   
  13  beta_y       6.90524e-05     fixed    
  14  alpha_vw     0.00000e+00     fixed    
  15  w_vw         1.43404e+01   constant   
  16  beta_vw      0.00000e+00     fixed    
  17  LM           1.16863e-04   constant   
  18  zeta_y       0.00000e+00   constant   
  19  zeta_vw      0.00000e+00   constant   
  20  T_CBO        1.00000e+03   8.51249e+02   7.83566e-02** at limit **
  21  alpha_A0    -1.77612e-03   3.77528e-04   2.63971e-04   5.45272e-03
  22  beta_A0     -1.75714e-03   3.92507e-04   2.72267e-04   7.89873e-03
  23  alpha_phi   -5.12583e-03   4.10112e-04   3.17659e-04   1.37432e-02
  24  beta_phi    -8.54533e-04   3.55030e-04   2.43162e-04   1.88740e-02
 EXTERNAL ERROR MATRIX.    NDIM=  25    NPAR= 11    ERR DEF=1
  4.390e+04 
  2.105e-03  8.195e-09 
 -8.657e-03  1.746e-09  6.700e-08 
 -4.831e-04 -1.056e-09  3.158e-09  9.313e-09 
 -1.278e-03 -1.879e-09 -4.024e-09 -1.703e-10  9.386e-09 
  3.930e-04 -5.165e-10  4.629e-10  1.811e-10  3.265e-10  9.036e-09 
 -1.208e-01 -9.787e-08  3.560e-07 -1.688e-08  7.120e-09 -1.421e-08  1.343e-01 
  9.063e-03  3.494e-09  1.854e-09 -4.816e-09 -1.919e-09  3.322e-09 -7.634e-06  1.426e-07 
 -1.236e-02  2.478e-09  1.020e-08 -7.422e-10 -6.785e-09  3.023e-09 -7.267e-06  4.902e-09  1.541e-07 
 -1.063e-02  7.766e-09  1.125e-08  3.107e-09 -3.417e-09 -4.261e-09 -2.177e-05  1.415e-08  1.518e-08  1.683e-07 
 -1.278e-02 -1.591e-09  3.023e-09 -5.826e-10  5.619e-09  4.674e-09 -3.546e-06  3.981e-09  4.191e-09 -7.331e-09  1.261e-07 
 PARAMETER  CORRELATION COEFFICIENTS  
       NO.  GLOBAL      1      3      4      6      8      9     20     21     22     23     24
        1  0.35419   1.000  0.111 -0.160 -0.024 -0.063  0.020 -0.002  0.115 -0.150 -0.124 -0.172
        3  0.35405   0.111  1.000  0.075 -0.121 -0.214 -0.060 -0.003  0.102  0.070  0.209 -0.049
        4  0.28556  -0.160  0.075  1.000  0.126 -0.160  0.019  0.004  0.019  0.100  0.106  0.033
        6  0.25105  -0.024 -0.121  0.126  1.000 -0.018  0.020 -0.000 -0.132 -0.020  0.078 -0.017
        8  0.34946  -0.063 -0.214 -0.160 -0.018  1.000  0.035  0.000 -0.052 -0.178 -0.086  0.163
        9  0.22920   0.020 -0.060  0.019  0.020  0.035  1.000 -0.000  0.093  0.081 -0.109  0.138
       20  0.16573  -0.002 -0.003  0.004 -0.000  0.000 -0.000  1.000 -0.055 -0.051 -0.145 -0.027
       21  0.25167   0.115  0.102  0.019 -0.132 -0.052  0.093 -0.055  1.000  0.033  0.091  0.030
       22  0.27837  -0.150  0.070  0.100 -0.020 -0.178  0.081 -0.051  0.033  1.000  0.094  0.030
       23  0.35380  -0.124  0.209  0.106  0.078 -0.086 -0.109 -0.145  0.091  0.094  1.000 -0.050
       24  0.28043  -0.172 -0.049  0.033 -0.017  0.163  0.138 -0.027  0.030  0.030 -0.050  1.000
MINUIT - FIT ONLY 1-y
 **********
 **   51 **RES 
 **********
                   PARAMETER   16  beta_vw RESTORED TO VARIABLE.
                   PARAMETER   14  alpha_vw RESTORED TO VARIABLE.
                   PARAMETER   13  beta_y RESTORED TO VARIABLE.
                   PARAMETER   11  alpha_y RESTORED TO VARIABLE.
                   PARAMETER   10  beta_2CBO RESTORED TO VARIABLE.
 **********
 **   52 **FIX            0
 **********
 PARAMETER    0  IS UNDEFINED. IGNORED.
 **********
 **   53 **FIX            1
 **********
 **********
 **   54 **FIX            2
 **********
 PARAMETER    2  IS CONSTANT.   IGNORED.
 **********
 **   55 **FIX            3
 **********
 **********
 **   56 **FIX            4
 **********
 **********
 **   57 **FIX            5
 **********
 PARAMETER    5  IS CONSTANT.   IGNORED.
 **********
 **   58 **FIX            6
 **********
 **********
 **   59 **FIX            7
 **********
 PARAMETER    7  IS CONSTANT.   IGNORED.
 **********
 **   60 **FIX            8
 **********
 **********
 **   61 **FIX            9
 **********
 **********
 **   62 **FIX           13
 **********
 **********
 **   63 **FIX           14
 **********
 **********
 **   64 **FIX           15
 **********
 PARAMETER   15  IS CONSTANT.   IGNORED.
 **********
 **   65 **FIX           16
 **********
 **********
 **   66 **MIGRAD
 **********
 START MIGRAD MINIMIZATION.  STRATEGY  1.  CONVERGENCE WHEN EDM .LT. 1.00e-04
 FCN=210.897 FROM MIGRAD    STATUS=INITIATE       16 CALLS        1577 TOTAL
                     EDM= unknown      STRATEGY= 1      NO ERROR MATRIX       
  EXT PARAMETER               CURRENT GUESS       STEP         FIRST   
  NO.   NAME      VALUE            ERROR          SIZE      DERIVATIVE 
   1  N0           3.01044e+06     fixed    
   2  tau          6.44059e+01   constant   
   3  A0           3.51774e-01     fixed    
   4  phi          4.11606e+00     fixed    
   5  R           -6.13499e+01   constant   
   6  alpha_CBO   -7.79883e-03     fixed    
   7  w_CBO        2.32500e+00   constant   
   8  beta_CBO     7.99186e-04     fixed    
   9  alpha_2CBO   9.77187e-05     fixed    
  10  beta_2CBO    1.92886e-04   9.26730e-05   9.26730e-05  -4.83808e+01
  11  alpha_y      0.00000e+00   1.00000e-03   1.00000e-03  -4.97957e+04
  12  w_y          1.38860e+01   constant   
  13  beta_y       6.90524e-05     fixed    
  14  alpha_vw     0.00000e+00     fixed    
  15  w_vw         1.43404e+01   constant   
  16  beta_vw      0.00000e+00     fixed    
  17  LM           1.16863e-04   constant   
  18  zeta_y       0.00000e+00   constant   
  19  zeta_vw      0.00000e+00   constant   
  20  T_CBO        9.99999e+02   8.51249e+02   7.83566e-02  -3.51994e-05
  21  alpha_A0    -1.77612e-03   3.77528e-04   2.63971e-04   5.47240e-03
  22  beta_A0     -1.75714e-03   3.92507e-04   2.72267e-04   7.91729e-03
  23  alpha_phi   -5.12583e-03   4.10112e-04   3.17659e-04   1.38025e-02
  24  beta_phi    -8.54533e-04   3.55030e-04   2.43162e-04   1.88873e-02
 MIGRAD MINIMIZATION HAS CONVERGED.
 MIGRAD WILL VERIFY CONVERGENCE AND ERROR MATRIX.
 COVARIANCE MATRIX CALCULATED SUCCESSFULLY
 FCN=205.654 FROM MIGRAD    STATUS=CONVERGED     115 CALLS        1676 TOTAL
                     EDM=5.28055e-06    STRATEGY= 1      ERROR MATRIX ACCURATE 
  EXT PARAMETER                                   STEP         FIRST   
  NO.   NAME      VALUE            ERROR          SIZE      DERIVATIVE 
   1  N0           3.01044e+06     fixed    
   2  tau          6.44059e+01   constant   
   3  A0           3.51774e-01     fixed    
   4  phi          4.11606e+00     fixed    
   5  R           -6.13499e+01   constant   
   6  alpha_CBO   -7.79883e-03     fixed    
   7  w_CBO        2.32500e+00   constant   
   8  beta_CBO     7.99186e-04     fixed    
   9  alpha_2CBO   9.77187e-05     fixed    
  10  beta_2CBO    1.90832e-04   9.36974e-05   6.43016e-07  -1.67687e+01
  11  alpha_y      2.10615e-04   9.19736e-05   6.45279e-07   4.21835e-01
  12  w_y          1.38860e+01   constant   
  13  beta_y       6.90524e-05     fixed    
  14  alpha_vw     0.00000e+00     fixed    
  15  w_vw         1.43404e+01   constant   
  16  beta_vw      0.00000e+00     fixed    
  17  LM           1.16863e-04   constant   
  18  zeta_y       0.00000e+00   constant   
  19  zeta_vw      0.00000e+00   constant   
  20  T_CBO        1.00000e+03   6.43969e+02   7.17500e-02** at limit **
  21  alpha_A0    -1.79284e-03   3.71589e-04   2.60745e-04  -5.18427e-03
  22  beta_A0     -1.76255e-03   3.79166e-04   2.68884e-04  -4.80788e-02
  23  alpha_phi   -5.14357e-03   3.94591e-04   3.14044e-04   3.01382e-02
  24  beta_phi    -8.57432e-04   3.43272e-04   2.40143e-04   4.07511e-02
 EXTERNAL ERROR MATRIX.    NDIM=  25    NPAR=  7    ERR DEF=1
  8.779e-09 -8.761e-11  3.059e-11 -4.497e-09  2.517e-09 -4.690e-09 -2.924e-09 
 -8.761e-11  8.459e-09  1.098e-11 -6.663e-10 -2.042e-10 -7.163e-10 -1.202e-10 
  3.059e-11  1.098e-11  2.759e-07 -1.090e-08 -1.036e-08 -3.089e-08 -5.112e-09 
 -4.497e-09 -6.663e-10 -1.090e-08  1.381e-07  2.320e-09  1.849e-08  6.779e-09 
  2.517e-09 -2.042e-10 -1.036e-08  2.320e-09  1.438e-07  7.757e-09  1.719e-09 
 -4.690e-09 -7.163e-10 -3.089e-08  1.849e-08  7.757e-09  1.558e-07 -4.909e-09 
 -2.924e-09 -1.202e-10 -5.112e-09  6.779e-09  1.719e-09 -4.909e-09  1.179e-07 
 PARAMETER  CORRELATION COEFFICIENTS  
       NO.  GLOBAL     10     11     20     21     22     23     24
       10  0.21004   1.000 -0.010  0.001 -0.129  0.071 -0.127 -0.091
       11  0.03091  -0.010  1.000  0.000 -0.019 -0.006 -0.020 -0.004
       20  0.16435   0.001  0.000  1.000 -0.056 -0.052 -0.149 -0.028
       21  0.18201  -0.129 -0.019 -0.056  1.000  0.016  0.126  0.053
       22  0.10669   0.071 -0.006 -0.052  0.016  1.000  0.052  0.013
       23  0.23444  -0.127 -0.020 -0.149  0.126  0.052  1.000 -0.036
       24  0.12008  -0.091 -0.004 -0.028  0.053  0.013 -0.036  1.000
MINUIT - FIT ONLY 2-y
 **********
 **   67 **RES 
 **********
                   PARAMETER   16  beta_vw RESTORED TO VARIABLE.
                   PARAMETER   14  alpha_vw RESTORED TO VARIABLE.
                   PARAMETER   13  beta_y RESTORED TO VARIABLE.
                   PARAMETER    9  alpha_2CBO RESTORED TO VARIABLE.
                   PARAMETER    8  beta_CBO RESTORED TO VARIABLE.
                   PARAMETER    6  alpha_CBO RESTORED TO VARIABLE.
                   PARAMETER    4  phi RESTORED TO VARIABLE.
                   PARAMETER    3  A0 RESTORED TO VARIABLE.
                   PARAMETER    1  N0 RESTORED TO VARIABLE.
 **********
 **   68 **FIX            0
 **********
 PARAMETER    0  IS UNDEFINED. IGNORED.
 **********
 **   69 **FIX            1
 **********
 **********
 **   70 **FIX            2
 **********
 PARAMETER    2  IS CONSTANT.   IGNORED.
 **********
 **   71 **FIX            3
 **********
 **********
 **   72 **FIX            4
 **********
 **********
 **   73 **FIX            5
 **********
 PARAMETER    5  IS CONSTANT.   IGNORED.
 **********
 **   74 **FIX            6
 **********
 **********
 **   75 **FIX            7
 **********
 PARAMETER    7  IS CONSTANT.   IGNORED.
 **********
 **   76 **FIX            8
 **********
 **********
 **   77 **FIX            9
 **********
 **********
 **   78 **FIX           10
 **********
 **********
 **   79 **FIX           11
 **********
 **********
 **   80 **FIX           12
 **********
 PARAMETER   12  IS CONSTANT.   IGNORED.
 **********
 **   81 **FIX           16
 **********
 **********
 **   82 **MIGRAD
 **********
 START MIGRAD MINIMIZATION.  STRATEGY  1.  CONVERGENCE WHEN EDM .LT. 1.00e-04
 FCN=205.654 FROM MIGRAD    STATUS=INITIATE       16 CALLS        1692 TOTAL
                     EDM= unknown      STRATEGY= 1      NO ERROR MATRIX       
  EXT PARAMETER               CURRENT GUESS       STEP         FIRST   
  NO.   NAME      VALUE            ERROR          SIZE      DERIVATIVE 
   1  N0           3.01044e+06     fixed    
   2  tau          6.44059e+01   constant   
   3  A0           3.51774e-01     fixed    
   4  phi          4.11606e+00     fixed    
   5  R           -6.13499e+01   constant   
   6  alpha_CBO   -7.79883e-03     fixed    
   7  w_CBO        2.32500e+00   constant   
   8  beta_CBO     7.99186e-04     fixed    
   9  alpha_2CBO   9.77187e-05     fixed    
  10  beta_2CBO    1.90832e-04     fixed    
  11  alpha_y      2.10615e-04     fixed    
  12  w_y          1.38860e+01   constant   
  13  beta_y       6.90524e-05   9.20939e-05   9.20939e-05  -8.96824e+02
  14  alpha_vw     0.00000e+00   1.00000e-03   1.00000e-03  -2.17656e+05
  15  w_vw         1.43404e+01   constant   
  16  beta_vw      0.00000e+00     fixed    
  17  LM           1.16863e-04   constant   
  18  zeta_y       0.00000e+00   constant   
  19  zeta_vw      0.00000e+00   constant   
  20  T_CBO        9.99999e+02   6.43969e+02   7.17500e-02  -3.19455e-05
  21  alpha_A0    -1.79284e-03   3.71589e-04   2.60745e-04  -5.16597e-03
  22  beta_A0     -1.76255e-03   3.79166e-04   2.68884e-04  -4.80608e-02
  23  alpha_phi   -5.14357e-03   3.94591e-04   3.14044e-04   3.01970e-02
  24  beta_phi    -8.57432e-04   3.43272e-04   2.40143e-04   4.07645e-02
 MIGRAD MINIMIZATION HAS CONVERGED.
 MIGRAD WILL VERIFY CONVERGENCE AND ERROR MATRIX.
 COVARIANCE MATRIX CALCULATED SUCCESSFULLY
 FCN=102.534 FROM MIGRAD    STATUS=CONVERGED     115 CALLS        1791 TOTAL
                     EDM=6.31192e-06    STRATEGY= 1      ERROR MATRIX ACCURATE 
  EXT PARAMETER                                   STEP         FIRST   
  NO.   NAME      VALUE            ERROR          SIZE      DERIVATIVE 
   1  N0           3.01044e+06     fixed    
   2  tau          6.44059e+01   constant   
   3  A0           3.51774e-01     fixed    
   4  phi          4.11606e+00     fixed    
   5  R           -6.13499e+01   constant   
   6  alpha_CBO   -7.79883e-03     fixed    
   7  w_CBO        2.32500e+00   constant   
   8  beta_CBO     7.99186e-04     fixed    
   9  alpha_2CBO   9.77187e-05     fixed    
  10  beta_2CBO    1.90832e-04     fixed    
  11  alpha_y      2.10615e-04     fixed    
  12  w_y          1.38860e+01   constant   
  13  beta_y       2.27242e-04   9.34383e-05   4.57885e-07   5.80561e-01
  14  alpha_vw     9.46897e-04   9.32474e-05   4.57103e-07  -9.46883e-01
  15  w_vw         1.43404e+01   constant   
  16  beta_vw      0.00000e+00     fixed    
  17  LM           1.16863e-04   constant   
  18  zeta_y       0.00000e+00   constant   
  19  zeta_vw      0.00000e+00   constant   
  20  T_CBO        1.00000e+03   5.60708e+02   5.00000e-02** at limit **
  21  alpha_A0    -1.78425e-03   3.68120e-04   1.84537e-04  -7.30709e-02
  22  beta_A0     -1.77284e-03   3.77974e-04   1.90369e-04  -4.55657e-02
  23  alpha_phi   -5.11936e-03   3.89288e-04   2.22192e-04  -1.75149e-02
  24  beta_phi    -8.58006e-04   3.41856e-04   1.69950e-04  -1.89978e-02
 EXTERNAL ERROR MATRIX.    NDIM=  25    NPAR=  7    ERR DEF=1
  8.731e-09  1.418e-09  1.348e-08 -4.309e-11 -7.127e-11  6.688e-10 -6.445e-10 
  1.418e-09  8.695e-09 -3.032e-10  8.755e-11 -9.847e-11  2.205e-10 -4.282e-12 
  1.348e-08 -3.032e-10  9.958e-01 -1.497e-05 -1.442e-05 -4.246e-05 -7.067e-06 
 -4.309e-11  8.755e-11 -1.497e-05  1.356e-07  3.401e-09  1.544e-08  5.177e-09 
 -7.127e-11 -9.847e-11 -1.442e-05  3.401e-09  1.429e-07  8.532e-09  2.468e-09 
  6.688e-10  2.205e-10 -4.246e-05  1.544e-08  8.532e-09  1.516e-07 -6.802e-09 
 -6.445e-10 -4.282e-12 -7.067e-06  5.177e-09  2.468e-09 -6.802e-09  1.169e-07 
 PARAMETER  CORRELATION COEFFICIENTS  
       NO.  GLOBAL     13     14     20     21     22     23     24
       13  0.16480   1.000  0.163  0.000 -0.001 -0.002  0.018 -0.020
       14  0.16281   0.163  1.000 -0.000  0.003 -0.003  0.006 -0.000
       20  0.11987   0.000 -0.000  1.000 -0.041 -0.038 -0.109 -0.021
       21  0.12178  -0.001  0.003 -0.041  1.000  0.024  0.108  0.041
       22  0.07157  -0.002 -0.003 -0.038  0.024  1.000  0.058  0.019
       23  0.17028   0.018  0.006 -0.109  0.108  0.058  1.000 -0.051
       24  0.07891  -0.020 -0.000 -0.021  0.041  0.019 -0.051  1.000
MINUIT - FIT ALTOGETHER
 **********
 **   83 **RES 
