 + ++++++++++++++++++++++++++++++++++++++++++++++++++++++++++++++++++++ +
 +                                                                      +
 +           You have chose to blind your fitting according to          +
 +                omega_ref * (1 + (R +/- deltaR) *10^{-6})             +
 +                                                                      +
 + ++++++++++++++++++++++++++++++++++++++++++++++++++++++++++++++++++++ +
In main()...
reading format from /gm2data/zkhechad/run45/envelope/formats/formatB_sBin_constraintOn.txt
pBinTau 	= 0  
pBinPhi 	= 0  
constraintau 	= 1 
includeMopTerm 	= 0    
constrainMop    = 0   
Parameters after format file: pBinTau 0 pBinPhi 0 constraintau 1 includeMopTerm 0 constrainMop 0 c_e_scale 0.000000 
Opening file /gm2data/tbarrett/gm2fr/studies/run23_bunch_corrections/CorrectedFourier_Run3b.root.
reading full fit data from /gm2data/zkhechad/cboTemplates/Run4CBOTemplates/templateFits0_v2.0/noRF/sBin_constraintOn_cE0.0_seed0_noRF_calo4.root
windowBins = 17
fitting sliding window 162 from bin 298 at 44.312400 to bin 315 at 46.998000 (17 bins)

Reading data from /gm2data/cornell/histograms/aMethod/histogram_a_noRF.root
 **********
 **    1 **SET PRINTOUT            1
 **********
 **********
 **    2 **SET NOWARNINGS 
 **********
 PARAMETER DEFINITIONS:
    NO.   NAME         VALUE      STEP SIZE      LIMITS
     1 N0           2.96987e+06  1.00000e+02     no limits
     2 tau          6.44201e+01  constant
     3 A0           3.53307e-01  1.00000e-04     no limits
     4 phi          4.11740e+00  1.00000e-02     no limits
     5 R           -5.91013e+01  constant
     6 alpha_CBO    0.00000e+00  1.00000e-03     no limits
     7 w_CBO        2.32500e+00  constant
     8 beta_CBO     0.00000e+00  1.00000e-03     no limits
     9 alpha_2CBO   0.00000e+00  1.00000e-03     no limits
    10 beta_2CBO    0.00000e+00  1.00000e-03     no limits
    11 alpha_y      0.00000e+00  1.00000e-03     no limits
    12 w_y          1.44500e+01  constant
    13 beta_y       0.00000e+00  1.00000e-03     no limits
    14 alpha_vw     0.00000e+00  1.00000e-03     no limits
    15 w_vw         1.29000e+01  constant
    16 beta_vw      0.00000e+00  1.00000e-03     no limits
    17 LM           5.89621e-04  constant
    18 zeta_y       0.00000e+00  constant
    19 zeta_vw      0.00000e+00  constant
    20 T_CBO        1.00000e+02  1.00000e+00    0.00000e+00  1.00000e+03
    21 alpha_A0     0.00000e+00  1.00000e-03     no limits
    22 beta_A0      0.00000e+00  1.00000e-03     no limits
    23 alpha_phi    0.00000e+00  1.00000e-03     no limits
    24 beta_phi     0.00000e+00  1.00000e-03     no limits
MINUIT - FIT ONLY WIGGLE
 **********
 **    3 **FIX            5
 **********
 PARAMETER    5  IS CONSTANT.   IGNORED.
 **********
 **    4 **FIX            6
 **********
 **********
 **    5 **FIX            7
 **********
 PARAMETER    7  IS CONSTANT.   IGNORED.
 **********
 **    6 **FIX            8
 **********
 **********
 **    7 **FIX            9
 **********
 **********
 **    8 **FIX           10
 **********
 **********
 **    9 **FIX           11
 **********
 **********
 **   10 **FIX           12
 **********
 PARAMETER   12  IS CONSTANT.   IGNORED.
 **********
 **   11 **FIX           13
 **********
 **********
 **   12 **FIX           14
 **********
 **********
 **   13 **FIX           15
 **********
 PARAMETER   15  IS CONSTANT.   IGNORED.
 **********
 **   14 **FIX           16
 **********
 **********
 **   15 **MIGRAD
 **********
 FIRST CALL TO USER FUNCTION AT NEW START POINT, WITH IFLAG=4.
 START MIGRAD MINIMIZATION.  STRATEGY  1.  CONVERGENCE WHEN EDM .LT. 1.00e-04
 FCN=2941.62 FROM MIGRAD    STATUS=INITIATE      429 CALLS         430 TOTAL
                     EDM= unknown      STRATEGY= 1      NO ERROR MATRIX       
  EXT PARAMETER               CURRENT GUESS       STEP         FIRST   
  NO.   NAME      VALUE            ERROR          SIZE      DERIVATIVE 
   1  N0           2.96987e+06   1.00000e+02   0.00000e+00   4.17022e-02
   2  tau          6.44201e+01   constant   
   3  A0           3.53307e-01   1.00000e-04   0.00000e+00   3.95172e+05
   4  phi          4.11740e+00   1.00000e-02   0.00000e+00   1.05177e+05
   5  R           -5.91013e+01   constant   
   6  alpha_CBO    0.00000e+00     fixed    
   7  w_CBO        2.32500e+00   constant   
   8  beta_CBO     0.00000e+00     fixed    
   9  alpha_2CBO   0.00000e+00     fixed    
  10  beta_2CBO    0.00000e+00     fixed    
  11  alpha_y      0.00000e+00     fixed    
  12  w_y          1.44500e+01   constant   
  13  beta_y       0.00000e+00     fixed    
  14  alpha_vw     0.00000e+00     fixed    
  15  w_vw         1.29000e+01   constant   
  16  beta_vw      0.00000e+00     fixed    
  17  LM           5.89621e-04   constant   
  18  zeta_y       0.00000e+00   constant   
  19  zeta_vw      0.00000e+00   constant   
  20  T_CBO        1.00000e+02   1.00000e+00   0.00000e+00   0.00000e+00
  21  alpha_A0     0.00000e+00   1.00000e-03   0.00000e+00  -1.22310e+04
  22  beta_A0      0.00000e+00   1.00000e-03   0.00000e+00  -5.72337e+04
  23  alpha_phi    0.00000e+00   1.00000e-03   0.00000e+00   2.56214e+03
  24  beta_phi     0.00000e+00   1.00000e-03   0.00000e+00   4.16370e+04
 CALL LIMIT EXCEEDED IN MIGRAD.
 MIGRAD TERMINATED WITHOUT CONVERGENCE.
 FCN=165.431 FROM MIGRAD    STATUS=CALL LIMIT   1332 CALLS        1333 TOTAL
                     EDM=0.0199859    STRATEGY= 1  ERROR MATRIX UNCERTAINTY  24.8 per cent
  EXT PARAMETER                APPROXIMATE        STEP         FIRST   
  NO.   NAME      VALUE            ERROR          SIZE      DERIVATIVE 
   1  N0           2.96102e+06   7.61233e+03   5.52347e+02   2.76983e-04
   2  tau          6.44201e+01   constant   
   3  A0           3.47501e-01   1.41429e-03   2.81610e-05  -8.46310e+02
   4  phi          4.08514e+00   5.87026e-03  -3.45464e-04  -3.00534e+02
   5  R           -5.91013e+01   constant   
   6  alpha_CBO    0.00000e+00     fixed    
   7  w_CBO        2.32500e+00   constant   
   8  beta_CBO     0.00000e+00     fixed    
   9  alpha_2CBO   0.00000e+00     fixed    
  10  beta_2CBO    0.00000e+00     fixed    
  11  alpha_y      0.00000e+00     fixed    
  12  w_y          1.44500e+01   constant   
  13  beta_y       0.00000e+00     fixed    
  14  alpha_vw     0.00000e+00     fixed    
  15  w_vw         1.29000e+01   constant   
  16  beta_vw      0.00000e+00     fixed    
  17  LM           5.89621e-04   constant   
  18  zeta_y       0.00000e+00   constant   
  19  zeta_vw      0.00000e+00   constant   
  20  T_CBO        5.44555e+02   7.71771e+02   1.20483e-01  -4.47169e-01
  21  alpha_A0    -1.03404e-02   1.09001e-02   7.35793e-04  -1.74017e+01
  22  beta_A0     -6.35199e-03   1.24714e-02  -6.92378e-04   1.24885e+02
  23  alpha_phi   -1.98539e-02   9.26987e-03  -5.84692e-04   2.65885e+02
  24  beta_phi    -1.53335e-03   8.64961e-03  -6.69403e-04  -1.12356e+02
 EXTERNAL ERROR MATRIX.    NDIM=  25    NPAR=  8    ERR DEF=1
  5.795e+07 -1.777e+00 -4.245e+01  6.514e+06  6.803e+01 -9.000e+01 -6.879e+01 -4.920e+01 
 -1.777e+00  2.000e-06  2.254e-06 -1.904e-01  6.471e-06  7.398e-06  4.704e-06 -6.426e-06 
 -4.245e+01  2.254e-06  3.446e-05 -4.870e+00 -4.646e-05  7.169e-05  5.283e-05  3.186e-05 
  6.514e+06 -1.904e-01 -4.870e+00  7.369e+05  7.730e+00 -1.022e+01 -7.759e+00 -5.563e+00 
  6.803e+01  6.471e-06 -4.646e-05  7.730e+00  1.188e-04 -8.626e-05 -6.955e-05 -9.273e-05 
 -9.000e+01  7.398e-06  7.169e-05 -1.022e+01 -8.626e-05  1.555e-04  1.143e-04  5.725e-05 
 -6.879e+01  4.704e-06  5.283e-05 -7.759e+00 -6.955e-05  1.143e-04  8.593e-05  4.768e-05 
 -4.920e+01 -6.426e-06  3.186e-05 -5.563e+00 -9.273e-05  5.725e-05  4.768e-05  7.482e-05 
ERR MATRIX APPROXIMATE
 PARAMETER  CORRELATION COEFFICIENTS  
       NO.  GLOBAL      1      3      4     20     21     22     23     24
        1  0.99933   1.000 -0.165 -0.950  0.997  0.820 -0.948 -0.975 -0.747
        3  0.99536  -0.165  1.000  0.272 -0.157  0.420  0.419  0.359 -0.525
        4  0.99757  -0.950  0.272  1.000 -0.966 -0.726  0.979  0.971  0.627
       20  0.99950   0.997 -0.157 -0.966  1.000  0.826 -0.955 -0.975 -0.749
       21  0.99636   0.820  0.420 -0.726  0.826  1.000 -0.635 -0.688 -0.984
       22  0.99865  -0.948  0.419  0.979 -0.955 -0.635  1.000  0.989  0.531
       23  0.99822  -0.975  0.359  0.971 -0.975 -0.688  0.989  1.000  0.595
       24  0.99592  -0.747 -0.525  0.627 -0.749 -0.984  0.531  0.595  1.000
 ERR MATRIX APPROXIMATE
MINUIT - FIT ONLY 1-CBO + wiggle
 **********
 **   16 **RES 
 **********
                   PARAMETER   16  beta_vw RESTORED TO VARIABLE.
                   PARAMETER   14  alpha_vw RESTORED TO VARIABLE.
                   PARAMETER   13  beta_y RESTORED TO VARIABLE.
                   PARAMETER   11  alpha_y RESTORED TO VARIABLE.
                   PARAMETER   10  beta_2CBO RESTORED TO VARIABLE.
                   PARAMETER    9  alpha_2CBO RESTORED TO VARIABLE.
                   PARAMETER    8  beta_CBO RESTORED TO VARIABLE.
                   PARAMETER    6  alpha_CBO RESTORED TO VARIABLE.
 **********
 **   17 **FIX            8
 **********
 **********
 **   18 **FIX            9
 **********
 **********
 **   19 **FIX           11
 **********
 **********
 **   20 **FIX           12
 **********
 PARAMETER   12  IS CONSTANT.   IGNORED.
 **********
 **   21 **FIX           14
 **********
 **********
 **   22 **FIX           15
 **********
 PARAMETER   15  IS CONSTANT.   IGNORED.
 **********
 **   23 **FIX           16
 **********
 **********
 **   24 **MIGRAD
 **********
 START MIGRAD MINIMIZATION.  STRATEGY  1.  CONVERGENCE WHEN EDM .LT. 1.00e-04
 FCN=165.431 FROM MIGRAD    STATUS=INITIATE       28 CALLS        1361 TOTAL
                     EDM= unknown      STRATEGY= 1      NO ERROR MATRIX       
  EXT PARAMETER               CURRENT GUESS       STEP         FIRST   
  NO.   NAME      VALUE            ERROR          SIZE      DERIVATIVE 
   1  N0           2.96102e+06   7.61233e+03   5.52347e+02   2.76983e-04
   2  tau          6.44201e+01   constant   
   3  A0           3.47501e-01   1.41429e-03   2.81610e-05  -8.46310e+02
   4  phi          4.08514e+00   5.87026e-03  -3.45464e-04  -3.00534e+02
   5  R           -5.91013e+01   constant   
   6  alpha_CBO    0.00000e+00   1.00000e-03   1.00000e-03   4.97370e+02
   7  w_CBO        2.32500e+00   constant   
   8  beta_CBO     0.00000e+00     fixed    
   9  alpha_2CBO   0.00000e+00     fixed    
  10  beta_2CBO    0.00000e+00   1.00000e-03   1.00000e-03   8.03288e+03
  11  alpha_y      0.00000e+00     fixed    
  12  w_y          1.44500e+01   constant   
  13  beta_y       0.00000e+00   1.00000e-03   1.00000e-03   7.96289e+04
  14  alpha_vw     0.00000e+00     fixed    
  15  w_vw         1.29000e+01   constant   
  16  beta_vw      0.00000e+00     fixed    
  17  LM           5.89621e-04   constant   
  18  zeta_y       0.00000e+00   constant   
  19  zeta_vw      0.00000e+00   constant   
  20  T_CBO        5.44555e+02   7.71771e+02   1.20483e-01  -4.47193e-01
  21  alpha_A0    -1.03404e-02   1.09001e-02   7.35793e-04  -1.74016e+01
  22  beta_A0     -6.35199e-03   1.24714e-02  -6.92378e-04   1.24885e+02
  23  alpha_phi   -1.98539e-02   9.26987e-03  -5.84692e-04   2.65885e+02
  24  beta_phi    -1.53335e-03   8.64961e-03  -6.69403e-04  -1.12356e+02
 CALL LIMIT EXCEEDED IN MIGRAD.
 MIGRAD TERMINATED WITHOUT CONVERGENCE.
 FCN=75.9289 FROM MIGRAD    STATUS=CALL LIMIT   1922 CALLS        3255 TOTAL
                     EDM=1.76801    STRATEGY= 1  ERROR MATRIX UNCERTAINTY   1.4 per cent
  EXT PARAMETER                APPROXIMATE        STEP         FIRST   
  NO.   NAME      VALUE            ERROR          SIZE      DERIVATIVE 
   1  N0           2.96534e+06   1.65795e+03   1.34408e+02   4.45546e-03
   2  tau          6.44201e+01   constant   
   3  A0           4.22205e-01   6.36023e-03   7.50895e-03   3.87738e+03
   4  phi          4.06324e+00   3.19929e-03  -2.98699e-03  -3.69462e+03
   5  R           -5.91013e+01   constant   
   6  alpha_CBO   -1.86514e-03   1.60868e-03  -9.69972e-04   2.07222e+03
   7  w_CBO        2.32500e+00   constant   
   8  beta_CBO     0.00000e+00     fixed    
   9  alpha_2CBO   0.00000e+00     fixed    
  10  beta_2CBO   -8.57514e-03   6.88387e-04  -5.37248e-04   4.53208e+03
  11  alpha_y      0.00000e+00     fixed    
  12  w_y          1.44500e+01   constant   
  13  beta_y      -1.34071e-03   1.68757e-04  -3.64647e-05  -4.09120e+02
  14  alpha_vw     0.00000e+00     fixed    
  15  w_vw         1.29000e+01   constant   
  16  beta_vw      0.00000e+00     fixed    
  17  LM           5.89621e-04   constant   
  18  zeta_y       0.00000e+00   constant   
  19  zeta_vw      0.00000e+00   constant   
  20  T_CBO        3.67029e+01   7.23158e-01  -5.00356e-03  -2.85471e+03
  21  alpha_A0     7.24033e-01   6.11164e-02   6.62061e-02  -8.81204e+00
  22  beta_A0      1.00467e-01   9.84097e-03   8.20916e-03   1.07492e+03
  23  alpha_phi    8.80284e-02   9.96388e-03   1.19266e-02   1.12662e+02
  24  beta_phi    -6.41170e-01   5.96235e-02  -6.96192e-02   8.66463e+02
 EXTERNAL ERROR MATRIX.    NDIM=  25    NPAR= 11    ERR DEF=1
  2.749e+06 
  2.660e+00  4.045e-05 
  3.155e+00 -1.243e-05  1.024e-05 
  1.776e+00 -3.085e-06  4.320e-06  2.588e-06 
 -4.582e-01 -3.482e-06  6.221e-07 -2.105e-07  4.739e-07 
 -6.738e-02 -1.633e-07 -3.547e-08 -3.823e-08  3.049e-08  2.848e-08 
 -2.161e+02 -4.521e-03  1.538e-03  4.518e-04  3.630e-04  1.602e-05  5.230e-01 
  4.547e+01  3.760e-04 -8.080e-05 -5.040e-06 -3.707e-05 -2.066e-06 -4.106e-02  3.735e-03 
  1.192e+01  5.149e-05 -1.930e-06  3.583e-06 -5.413e-06 -3.725e-07 -5.394e-03  5.551e-04  9.684e-05 
  3.329e+00  6.310e-05 -2.061e-05 -5.242e-06 -5.452e-06 -2.556e-07 -7.121e-03  5.825e-04  7.726e-05  9.928e-05 
 -3.419e+01 -3.768e-04  1.013e-04  2.170e-05  3.285e-05  1.684e-06  4.208e-02 -3.578e-03 -5.111e-04 -5.856e-04  3.555e-03 
ERR MATRIX APPROXIMATE
 PARAMETER  CORRELATION COEFFICIENTS  
       NO.  GLOBAL      1      3      4      6     10     13     20     21     22     23     24
        1  0.99581   1.000  0.252  0.595  0.666 -0.401 -0.241 -0.180  0.449  0.730  0.202 -0.346
        3  0.99995   0.252  1.000 -0.611 -0.301 -0.795 -0.152 -0.983  0.967  0.823  0.996 -0.994
        4  0.99728   0.595 -0.611  1.000  0.839  0.282 -0.066  0.665 -0.413 -0.061 -0.646  0.531
        6  0.99936   0.666 -0.301  0.839  1.000 -0.190 -0.141  0.388 -0.051  0.226 -0.327  0.226
       10  0.97703  -0.401 -0.795  0.282 -0.190  1.000  0.262  0.729 -0.881 -0.799 -0.795  0.800
       13  0.38361  -0.241 -0.152 -0.066 -0.141  0.262  1.000  0.131 -0.200 -0.224 -0.152  0.167
       20  0.99730  -0.180 -0.983  0.665  0.388  0.729  0.131  1.000 -0.929 -0.758 -0.988  0.976
       21  0.99996   0.449  0.967 -0.413 -0.051 -0.881 -0.200 -0.929  1.000  0.923  0.956 -0.982
       22  0.99739   0.730  0.823 -0.061  0.226 -0.799 -0.224 -0.758  0.923  1.000  0.788 -0.871
       23  0.99933   0.202  0.996 -0.646 -0.327 -0.795 -0.152 -0.988  0.956  0.788  1.000 -0.986
       24  0.99959  -0.346 -0.994  0.531  0.226  0.800  0.167  0.976 -0.982 -0.871 -0.986  1.000
 ERR MATRIX APPROXIMATE
MINUIT - FIT ONLY 2-CBO
 **********
 **   25 **RES 
 **********
                   PARAMETER   16  beta_vw RESTORED TO VARIABLE.
                   PARAMETER   14  alpha_vw RESTORED TO VARIABLE.
                   PARAMETER   11  alpha_y RESTORED TO VARIABLE.
                   PARAMETER    9  alpha_2CBO RESTORED TO VARIABLE.
                   PARAMETER    8  beta_CBO RESTORED TO VARIABLE.
 **********
 **   26 **FIX            0
 **********
 PARAMETER    0  IS UNDEFINED. IGNORED.
 **********
 **   27 **FIX            1
 **********
 **********
 **   28 **FIX            2
 **********
 PARAMETER    2  IS CONSTANT.   IGNORED.
 **********
 **   29 **FIX            3
 **********
 **********
 **   30 **FIX            4
 **********
 **********
 **   31 **FIX            5
 **********
 PARAMETER    5  IS CONSTANT.   IGNORED.
 **********
 **   32 **FIX            6
 **********
 **********
 **   33 **FIX            7
 **********
 PARAMETER    7  IS CONSTANT.   IGNORED.
 **********
 **   34 **FIX           10
 **********
 **********
 **   35 **FIX           11
 **********
 **********
 **   36 **FIX           12
 **********
 PARAMETER   12  IS CONSTANT.   IGNORED.
 **********
 **   37 **FIX           13
 **********
 **********
 **   38 **FIX           14
 **********
 **********
 **   39 **FIX           15
 **********
 PARAMETER   15  IS CONSTANT.   IGNORED.
 **********
 **   40 **FIX           16
 **********
 **********
 **   41 **MIGRAD
 **********
 START MIGRAD MINIMIZATION.  STRATEGY  1.  CONVERGENCE WHEN EDM .LT. 1.00e-04
 FCN=75.9289 FROM MIGRAD    STATUS=INITIATE       18 CALLS        3273 TOTAL
                     EDM= unknown      STRATEGY= 1      NO ERROR MATRIX       
  EXT PARAMETER               CURRENT GUESS       STEP         FIRST   
  NO.   NAME      VALUE            ERROR          SIZE      DERIVATIVE 
   1  N0           2.96534e+06     fixed    
   2  tau          6.44201e+01   constant   
   3  A0           4.22205e-01     fixed    
   4  phi          4.06324e+00     fixed    
   5  R           -5.91013e+01   constant   
   6  alpha_CBO   -1.86514e-03     fixed    
   7  w_CBO        2.32500e+00   constant   
   8  beta_CBO     0.00000e+00   1.00000e-03   1.00000e-03  -5.27478e+02
   9  alpha_2CBO   0.00000e+00   1.00000e-03   1.00000e-03  -1.63441e+04
  10  beta_2CBO   -8.57514e-03     fixed    
  11  alpha_y      0.00000e+00     fixed    
  12  w_y          1.44500e+01   constant   
  13  beta_y      -1.34071e-03     fixed    
  14  alpha_vw     0.00000e+00     fixed    
  15  w_vw         1.29000e+01   constant   
  16  beta_vw      0.00000e+00     fixed    
  17  LM           5.89621e-04   constant   
  18  zeta_y       0.00000e+00   constant   
  19  zeta_vw      0.00000e+00   constant   
  20  T_CBO        3.67029e+01   7.23158e-01  -5.00356e-03  -2.85471e+03
  21  alpha_A0     7.24033e-01   6.11164e-02   6.62061e-02  -8.81204e+00
  22  beta_A0      1.00467e-01   9.84097e-03   8.20916e-03   1.07492e+03
  23  alpha_phi    8.80284e-02   9.96388e-03   1.19266e-02   1.12662e+02
  24  beta_phi    -6.41170e-01   5.96235e-02  -6.96192e-02   8.66463e+02
 MIGRAD MINIMIZATION HAS CONVERGED.
 MIGRAD WILL VERIFY CONVERGENCE AND ERROR MATRIX.
 FCN=71.3322 FROM HESSE     STATUS=NOT POSDEF     50 CALLS        3436 TOTAL
                     EDM=0.000219754    STRATEGY= 1      ERR MATRIX NOT POS-DEF
  EXT PARAMETER                APPROXIMATE        STEP         FIRST   
  NO.   NAME      VALUE            ERROR          SIZE      DERIVATIVE 
   1  N0           2.96534e+06     fixed    
   2  tau          6.44201e+01   constant   
   3  A0           4.22205e-01     fixed    
   4  phi          4.06324e+00     fixed    
   5  R           -5.91013e+01   constant   
   6  alpha_CBO   -1.86514e-03     fixed    
   7  w_CBO        2.32500e+00   constant   
   8  beta_CBO     8.85137e-04   6.38131e-04   6.86709e-07   1.47554e+00
   9  alpha_2CBO   7.70832e-04   4.18381e-04   6.76346e-07  -1.25182e-02
  10  beta_2CBO   -8.57514e-03     fixed    
  11  alpha_y      0.00000e+00     fixed    
  12  w_y          1.44500e+01   constant   
  13  beta_y      -1.34071e-03     fixed    
  14  alpha_vw     0.00000e+00     fixed    
  15  w_vw         1.29000e+01   constant   
  16  beta_vw      0.00000e+00     fixed    
  17  LM           5.89621e-04   constant   
  18  zeta_y       0.00000e+00   constant   
  19  zeta_vw      0.00000e+00   constant   
  20  T_CBO        3.67783e+01   8.66809e-01   1.34295e-06  -3.85786e+00
  21  alpha_A0     7.24662e-01   2.10199e-02   7.12167e-06   4.00093e-01
  22  beta_A0      1.08870e-01   6.74617e-03   6.58918e-06  -1.06017e-01
  23  alpha_phi    8.12105e-02   4.66253e-03   7.38450e-06   6.24895e-02
  24  beta_phi    -6.44918e-01   1.89270e-02   9.76507e-06  -2.02763e-01
 CALL LIMIT EXCEEDED IN MIGRAD.
 MIGRAD TERMINATED WITHOUT CONVERGENCE.
 FCN=71.0442 FROM MIGRAD    STATUS=CALL LIMIT   1158 CALLS        4413 TOTAL
                     EDM=0.00302845    STRATEGY= 1      ERR MATRIX NOT POS-DEF
  EXT PARAMETER                APPROXIMATE        STEP         FIRST   
  NO.   NAME      VALUE            ERROR          SIZE      DERIVATIVE 
   1  N0           2.96534e+06     fixed    
   2  tau          6.44201e+01   constant   
   3  A0           4.22205e-01     fixed    
   4  phi          4.06324e+00     fixed    
   5  R           -5.91013e+01   constant   
   6  alpha_CBO   -1.86514e-03     fixed    
   7  w_CBO        2.32500e+00   constant   
   8  beta_CBO     1.58589e-03   6.44718e-04   3.47127e-06   2.97147e+02
   9  alpha_2CBO   9.42801e-04   3.89238e-04  -1.32545e-06  -4.77813e+01
  10  beta_2CBO   -8.57514e-03     fixed    
  11  alpha_y      0.00000e+00     fixed    
  12  w_y          1.44500e+01   constant   
  13  beta_y      -1.34071e-03     fixed    
  14  alpha_vw     0.00000e+00     fixed    
  15  w_vw         1.29000e+01   constant   
  16  beta_vw      0.00000e+00     fixed    
  17  LM           5.89621e-04   constant   
  18  zeta_y       0.00000e+00   constant   
  19  zeta_vw      0.00000e+00   constant   
  20  T_CBO        4.92103e+01   6.85112e+00   1.17507e-03  -1.72518e+02
  21  alpha_A0     5.30886e-01   6.90959e-02  -2.56847e-03  -5.59258e+01
  22  beta_A0      8.40295e-02   1.08375e-02  -4.06232e-04  -2.37593e+01
  23  alpha_phi    6.06679e-02   7.41274e-03  -2.57157e-04  -5.27902e+00
  24  beta_phi    -4.73380e-01   6.16823e-02   2.30278e-03   2.01965e+01
 EXTERNAL ERROR MATRIX.    NDIM=  25    NPAR=  7    ERR DEF=1
  4.157e-07  1.752e-07  1.408e-03 -1.388e-05  6.434e-07 -2.639e-06  1.112e-05 
  1.752e-07  1.515e-07  9.954e-05 -7.956e-07  1.274e-06 -1.029e-06  5.772e-07 
  1.408e-03  9.954e-05  4.695e+01 -4.734e-01 -6.734e-02 -4.704e-02  4.220e-01 
 -1.388e-05 -7.956e-07 -4.734e-01  4.774e-03  6.810e-04  4.724e-04 -4.255e-03 
  6.434e-07  1.274e-06 -6.734e-02  6.810e-04  1.175e-04  5.792e-05 -6.149e-04 
 -2.639e-06 -1.029e-06 -4.704e-02  4.724e-04  5.792e-05  5.495e-05 -4.196e-04 
  1.112e-05  5.772e-07  4.220e-01 -4.255e-03 -6.149e-04 -4.196e-04  3.805e-03 
ERR MATRIX NOT POS-DEF
 PARAMETER  CORRELATION COEFFICIENTS  
       NO.  GLOBAL      8      9     20     21     22     23     24
        8  0.98104   1.000  0.698  0.319 -0.312  0.092 -0.552  0.280
        9  0.92137   0.698  1.000  0.037 -0.030  0.302 -0.357  0.024
       20  0.99996   0.319  0.037  1.000 -1.000 -0.907 -0.926  0.998
       21  0.99992  -0.312 -0.030 -1.000  1.000  0.909  0.922 -0.998
       22  0.99487   0.092  0.302 -0.907  0.909  1.000  0.721 -0.920
       23  0.98498  -0.552 -0.357 -0.926  0.922  0.721  1.000 -0.918
       24  0.99965   0.280  0.024  0.998 -0.998 -0.920 -0.918  1.000
 ERR MATRIX NOT POS-DEF
MINUIT - FIT wiggle + 1-CBO + 2-CBO
 **********
 **   42 **RES 
 **********
                   PARAMETER   16  beta_vw RESTORED TO VARIABLE.
                   PARAMETER   14  alpha_vw RESTORED TO VARIABLE.
                   PARAMETER   13  beta_y RESTORED TO VARIABLE.
                   PARAMETER   11  alpha_y RESTORED TO VARIABLE.
                   PARAMETER   10  beta_2CBO RESTORED TO VARIABLE.
                   PARAMETER    6  alpha_CBO RESTORED TO VARIABLE.
                   PARAMETER    4  phi RESTORED TO VARIABLE.
                   PARAMETER    3  A0 RESTORED TO VARIABLE.
                   PARAMETER    1  N0 RESTORED TO VARIABLE.
 **********
 **   43 **FIX           10
 **********
 **********
 **   44 **FIX           11
 **********
 **********
 **   45 **FIX           12
 **********
 PARAMETER   12  IS CONSTANT.   IGNORED.
 **********
 **   46 **FIX           13
 **********
 **********
 **   47 **FIX           14
 **********
 **********
 **   48 **FIX           15
 **********
 PARAMETER   15  IS CONSTANT.   IGNORED.
 **********
 **   49 **FIX           16
 **********
 **********
 **   50 **MIGRAD
 **********
 START MIGRAD MINIMIZATION.  STRATEGY  1.  CONVERGENCE WHEN EDM .LT. 1.00e-04
 FCN=71.0442 FROM MIGRAD    STATUS=INITIATE       22 CALLS        4435 TOTAL
                     EDM= unknown      STRATEGY= 1      NO ERROR MATRIX       
  EXT PARAMETER               CURRENT GUESS       STEP         FIRST   
  NO.   NAME      VALUE            ERROR          SIZE      DERIVATIVE 
   1  N0           2.96534e+06   1.65795e+03   1.65795e+03   4.10530e-05
   2  tau          6.44201e+01   constant   
   3  A0           4.22205e-01   6.36023e-03   6.36023e-03  -3.57089e+02
   4  phi          4.06324e+00   3.19929e-03   3.19929e-03   3.74910e+02
   5  R           -5.91013e+01   constant   
   6  alpha_CBO   -1.86514e-03   1.60868e-03   1.60868e-03  -1.79340e+03
   7  w_CBO        2.32500e+00   constant   
   8  beta_CBO     1.58589e-03   6.44718e-04   3.47127e-06   2.97147e+02
   9  alpha_2CBO   9.42801e-04   3.89238e-04  -1.32545e-06  -4.77813e+01
  10  beta_2CBO   -8.57514e-03     fixed    
  11  alpha_y      0.00000e+00     fixed    
  12  w_y          1.44500e+01   constant   
  13  beta_y      -1.34071e-03     fixed    
  14  alpha_vw     0.00000e+00     fixed    
  15  w_vw         1.29000e+01   constant   
  16  beta_vw      0.00000e+00     fixed    
  17  LM           5.89621e-04   constant   
  18  zeta_y       0.00000e+00   constant   
  19  zeta_vw      0.00000e+00   constant   
  20  T_CBO        4.92103e+01   6.85112e+00   1.17507e-03  -1.72518e+02
  21  alpha_A0     5.30886e-01   6.90959e-02  -2.56847e-03  -5.59258e+01
  22  beta_A0      8.40295e-02   1.08375e-02  -4.06232e-04  -2.37593e+01
  23  alpha_phi    6.06679e-02   7.41274e-03  -2.57157e-04  -5.27902e+00
  24  beta_phi    -4.73380e-01   6.16823e-02   2.30278e-03   2.01965e+01
 CALL LIMIT EXCEEDED IN MIGRAD.
 MIGRAD TERMINATED WITHOUT CONVERGENCE.
 FCN=60.287 FROM MIGRAD    STATUS=CALL LIMIT   1919 CALLS        6332 TOTAL
                     EDM=0.123037    STRATEGY= 1  ERROR MATRIX UNCERTAINTY  19.4 per cent
  EXT PARAMETER                APPROXIMATE        STEP         FIRST   
  NO.   NAME      VALUE            ERROR          SIZE      DERIVATIVE 
   1  N0           2.95320e+06   4.88959e+04  -9.38455e+03  -9.72773e-04
   2  tau          6.44201e+01   constant   
   3  A0           4.72261e-01   7.48016e-03   9.04098e-04  -3.46668e+02
   4  phi          3.94855e+00   3.81485e-02  -7.62401e-03   1.24036e+02
   5  R           -5.91013e+01   constant   
   6  alpha_CBO   -2.71775e-02   7.56197e-03  -1.13937e-03  -8.19467e+01
   7  w_CBO        2.32500e+00   constant   
   8  beta_CBO     1.70798e-02   1.76673e-02   3.62244e-03  -2.51272e+03
   9  alpha_2CBO  -4.40523e-03   2.48693e-03   4.76748e-04  -3.96279e+02
  10  beta_2CBO   -8.57514e-03     fixed    
  11  alpha_y      0.00000e+00     fixed    
  12  w_y          1.44500e+01   constant   
  13  beta_y      -1.34071e-03     fixed    
  14  alpha_vw     0.00000e+00     fixed    
  15  w_vw         1.29000e+01   constant   
  16  beta_vw      0.00000e+00     fixed    
  17  LM           5.89621e-04   constant   
  18  zeta_y       0.00000e+00   constant   
  19  zeta_vw      0.00000e+00   constant   
  20  T_CBO        5.97343e+01   1.50830e+00   1.07033e-03   3.14836e+02
  21  alpha_A0     5.25375e-01   5.22181e-02  -9.71782e-03  -1.04698e+02
  22  beta_A0     -7.60692e-02   4.93153e-02   8.65476e-03   1.44056e+02
  23  alpha_phi   -5.72437e-02   3.66758e-02   2.41598e-03  -3.53302e+02
  24  beta_phi    -6.13040e-01   1.40353e-02   1.93252e-03  -2.34263e+02
 EXTERNAL ERROR MATRIX.    NDIM=  25    NPAR= 11    ERR DEF=1
  2.391e+09 
 -3.081e+02  5.595e-05 
  1.788e+03 -2.368e-04  1.455e-03 
  3.474e+02 -5.394e-05  2.564e-04  5.718e-05 
 -8.438e+02  1.038e-04 -6.649e-04 -1.164e-04  3.121e-04 
 -1.168e+02  1.317e-05 -8.394e-05 -1.588e-05  4.137e-05  6.185e-06 
 -6.142e+04  9.311e-03 -5.261e-02 -8.839e-03  2.377e-02  2.815e-03  2.275e+00 
  2.547e+03 -3.329e-04  1.889e-03  3.766e-04 -8.894e-04 -1.239e-04 -6.371e-02  2.727e-03 
 -2.306e+03  2.738e-04 -1.594e-03 -3.233e-04  7.922e-04  1.204e-04  5.395e-02 -2.455e-03  2.432e-03 
 -1.232e+03  1.862e-04 -6.585e-04 -2.145e-04  3.369e-04  6.190e-05  1.776e-02 -1.371e-03  1.412e-03  1.345e-03 
 -5.263e+02  5.603e-05 -3.098e-04 -7.832e-05  1.597e-04  2.796e-05  6.433e-03 -5.784e-04  5.816e-04  4.523e-04  1.970e-04 
ERR MATRIX APPROXIMATE
 PARAMETER  CORRELATION COEFFICIENTS  
       NO.  GLOBAL      1      3      4      6      8      9     20     21     22     23     24
        1  0.99999   1.000 -0.842  0.958  0.940 -0.977 -0.960 -0.833  0.998 -0.956 -0.687 -0.767
        3  0.99975  -0.842  1.000 -0.830 -0.954  0.785  0.708  0.825 -0.852  0.742  0.679  0.534
        4  0.99999   0.958 -0.830  1.000  0.889 -0.986 -0.885 -0.914  0.948 -0.847 -0.471 -0.579
        6  0.99984   0.940 -0.954  0.889  1.000 -0.871 -0.844 -0.775  0.954 -0.867 -0.774 -0.738
        8  0.99997  -0.977  0.785 -0.986 -0.871  1.000  0.942  0.892 -0.964  0.909  0.520  0.644
        9  0.99887  -0.960  0.708 -0.885 -0.844  0.942  1.000  0.751 -0.954  0.981  0.679  0.801
       20  0.99925  -0.833  0.825 -0.914 -0.775  0.892  0.751  1.000 -0.809  0.725  0.321  0.304
       21  0.99990   0.998 -0.852  0.948  0.954 -0.964 -0.954 -0.809  1.000 -0.953 -0.716 -0.789
       22  0.99996  -0.956  0.742 -0.847 -0.867  0.909  0.981  0.725 -0.953  1.000  0.781  0.840
       23  0.99970  -0.687  0.679 -0.471 -0.774  0.520  0.679  0.321 -0.716  0.781  1.000  0.879
       24  0.99757  -0.767  0.534 -0.579 -0.738  0.644  0.801  0.304 -0.789  0.840  0.879  1.000
 ERR MATRIX APPROXIMATE
MINUIT - FIT ONLY 1-y
 **********
 **   51 **RES 
 **********
                   PARAMETER   16  beta_vw RESTORED TO VARIABLE.
                   PARAMETER   14  alpha_vw RESTORED TO VARIABLE.
                   PARAMETER   13  beta_y RESTORED TO VARIABLE.
                   PARAMETER   11  alpha_y RESTORED TO VARIABLE.
                   PARAMETER   10  beta_2CBO RESTORED TO VARIABLE.
 **********
 **   52 **FIX            0
 **********
 PARAMETER    0  IS UNDEFINED. IGNORED.
 **********
 **   53 **FIX            1
 **********
 **********
 **   54 **FIX            2
 **********
 PARAMETER    2  IS CONSTANT.   IGNORED.
 **********
 **   55 **FIX            3
 **********
 **********
 **   56 **FIX            4
 **********
 **********
 **   57 **FIX            5
 **********
 PARAMETER    5  IS CONSTANT.   IGNORED.
 **********
 **   58 **FIX            6
 **********
 **********
 **   59 **FIX            7
 **********
 PARAMETER    7  IS CONSTANT.   IGNORED.
 **********
 **   60 **FIX            8
 **********
 **********
 **   61 **FIX            9
 **********
 **********
 **   62 **FIX           13
 **********
 **********
 **   63 **FIX           14
 **********
 **********
 **   64 **FIX           15
 **********
 PARAMETER   15  IS CONSTANT.   IGNORED.
 **********
 **   65 **FIX           16
 **********
 **********
 **   66 **MIGRAD
 **********
 START MIGRAD MINIMIZATION.  STRATEGY  1.  CONVERGENCE WHEN EDM .LT. 1.00e-04
 FCN=60.287 FROM MIGRAD    STATUS=INITIATE       16 CALLS        6348 TOTAL
                     EDM= unknown      STRATEGY= 1      NO ERROR MATRIX       
  EXT PARAMETER               CURRENT GUESS       STEP         FIRST   
  NO.   NAME      VALUE            ERROR          SIZE      DERIVATIVE 
   1  N0           2.95320e+06     fixed    
   2  tau          6.44201e+01   constant   
   3  A0           4.72261e-01     fixed    
   4  phi          3.94855e+00     fixed    
   5  R           -5.91013e+01   constant   
   6  alpha_CBO   -2.71775e-02     fixed    
   7  w_CBO        2.32500e+00   constant   
   8  beta_CBO     1.70798e-02     fixed    
   9  alpha_2CBO  -4.40523e-03     fixed    
  10  beta_2CBO   -8.57514e-03   6.88387e-04   6.88387e-04  -3.81355e+02
  11  alpha_y      0.00000e+00   1.00000e-03   1.00000e-03  -6.98438e+04
  12  w_y          1.44500e+01   constant   
  13  beta_y      -1.34071e-03     fixed    
  14  alpha_vw     0.00000e+00     fixed    
  15  w_vw         1.29000e+01   constant   
  16  beta_vw      0.00000e+00     fixed    
  17  LM           5.89621e-04   constant   
  18  zeta_y       0.00000e+00   constant   
  19  zeta_vw      0.00000e+00   constant   
  20  T_CBO        5.97343e+01   1.50830e+00   1.07033e-03   3.14836e+02
  21  alpha_A0     5.25375e-01   5.22181e-02  -9.71782e-03  -1.04698e+02
  22  beta_A0     -7.60692e-02   4.93153e-02   8.65476e-03   1.44056e+02
  23  alpha_phi   -5.72437e-02   3.66758e-02   2.41598e-03  -3.53302e+02
  24  beta_phi    -6.13040e-01   1.40353e-02   1.93252e-03  -2.34263e+02
 MIGRAD MINIMIZATION HAS CONVERGED.
 MIGRAD WILL VERIFY CONVERGENCE AND ERROR MATRIX.
 COVARIANCE MATRIX CALCULATED SUCCESSFULLY
 FCN=25.2158 FROM HESSE     STATUS=OK             50 CALLS        6493 TOTAL
                     EDM=0.452797    STRATEGY= 1      ERROR MATRIX ACCURATE 
  EXT PARAMETER                                   STEP         FIRST   
  NO.   NAME      VALUE            ERROR          SIZE      DERIVATIVE 
   1  N0           2.95320e+06     fixed    
   2  tau          6.44201e+01   constant   
   3  A0           4.72261e-01     fixed    
   4  phi          3.94855e+00     fixed    
   5  R           -5.91013e+01   constant   
   6  alpha_CBO   -2.71775e-02     fixed    
   7  w_CBO        2.32500e+00   constant   
   8  beta_CBO     1.70798e-02     fixed    
   9  alpha_2CBO  -4.40523e-03     fixed    
  10  beta_2CBO   -8.78578e-03   4.77496e-04   4.30675e-07  -2.59297e+00
  11  alpha_y      9.98534e-04   1.69441e-04   4.14197e-07   7.88531e-01
  12  w_y          1.44500e+01   constant   
  13  beta_y      -1.34071e-03     fixed    
  14  alpha_vw     0.00000e+00     fixed    
  15  w_vw         1.29000e+01   constant   
  16  beta_vw      0.00000e+00     fixed    
  17  LM           5.89621e-04   constant   
  18  zeta_y       0.00000e+00   constant   
  19  zeta_vw      0.00000e+00   constant   
  20  T_CBO        5.97011e+01   2.18058e+01   1.15977e-06  -6.92407e+00
  21  alpha_A0     5.25936e-01   1.45893e-01   2.20142e-06   2.97671e+00
  22  beta_A0     -7.63085e-02   2.05940e-02   2.05454e-06   2.53012e-01
  23  alpha_phi   -5.75177e-02   1.89638e-02   2.63276e-06   2.25686e-01
  24  beta_phi    -6.11163e-01   1.74798e-01   3.38618e-06  -1.62442e+00
 MIGRAD MINIMIZATION HAS CONVERGED.
 MIGRAD WILL VERIFY CONVERGENCE AND ERROR MATRIX.
 COVARIANCE MATRIX CALCULATED SUCCESSFULLY
 FCN=24.7205 FROM MIGRAD    STATUS=CONVERGED    1119 CALLS        7451 TOTAL
                     EDM=8.4239e-06    STRATEGY= 1      ERROR MATRIX ACCURATE 
  EXT PARAMETER                                   STEP         FIRST   
  NO.   NAME      VALUE            ERROR          SIZE      DERIVATIVE 
   1  N0           2.95320e+06     fixed    
   2  tau          6.44201e+01   constant   
   3  A0           4.72261e-01     fixed    
   4  phi          3.94855e+00     fixed    
   5  R           -5.91013e+01   constant   
   6  alpha_CBO   -2.71775e-02     fixed    
   7  w_CBO        2.32500e+00   constant   
   8  beta_CBO     1.70798e-02     fixed    
   9  alpha_2CBO  -4.40523e-03     fixed    
  10  beta_2CBO   -9.08977e-03   5.37148e-04   4.26572e-07  -6.13588e-01
  11  alpha_y      1.00903e-03   1.69586e-04   4.10272e-07  -4.90128e-01
  12  w_y          1.44500e+01   constant   
  13  beta_y      -1.34071e-03     fixed    
  14  alpha_vw     0.00000e+00     fixed    
  15  w_vw         1.29000e+01   constant   
  16  beta_vw      0.00000e+00     fixed    
  17  LM           5.89621e-04   constant   
  18  zeta_y       0.00000e+00   constant   
  19  zeta_vw      0.00000e+00   constant   
  20  T_CBO        8.17453e+01   4.73453e+01   1.85993e-06  -2.26718e+00
  21  alpha_A0     4.28664e-01   1.38199e-01   1.78180e-06  -1.86505e+00
  22  beta_A0     -6.25496e-02   1.96232e-02   1.66202e-06   2.12700e-01
  23  alpha_phi   -4.50938e-02   1.73705e-02   2.12862e-06   1.51857e+00
  24  beta_phi    -4.94969e-01   1.64551e-01   2.72570e-06   6.19576e-01
 EXTERNAL ERROR MATRIX.    NDIM=  25    NPAR=  7    ERR DEF=1
  2.885e-07 -1.291e-08 -2.282e-02  6.619e-05 -9.359e-06 -8.329e-06 -7.913e-05 
 -1.291e-08  2.876e-08  7.738e-04 -2.240e-06  3.170e-07  2.712e-07  2.716e-06 
 -2.282e-02  7.738e-04  2.264e+03 -6.576e+00  9.331e-01  8.254e-01  7.830e+00 
  6.619e-05 -2.240e-06 -6.576e+00  1.910e-02 -2.710e-03 -2.397e-03 -2.274e-02 
 -9.359e-06  3.170e-07  9.331e-01 -2.710e-03  3.851e-04  3.401e-04  3.226e-03 
 -8.329e-06  2.712e-07  8.254e-01 -2.397e-03  3.401e-04  3.017e-04  2.854e-03 
 -7.913e-05  2.716e-06  7.830e+00 -2.274e-02  3.226e-03  2.854e-03  2.708e-02 
 PARAMETER  CORRELATION COEFFICIENTS  
       NO.  GLOBAL     10     11     20     21     22     23     24
       10  0.94718   1.000 -0.142 -0.893  0.892 -0.888 -0.893 -0.895
       11  0.21348  -0.142  1.000  0.096 -0.096  0.095  0.092  0.097
       20  0.99999  -0.893  0.096  1.000 -1.000  0.999  0.999  1.000
       21  0.99999   0.892 -0.096 -1.000  1.000 -0.999 -0.999 -1.000
       22  0.99942  -0.888  0.095  0.999 -0.999  1.000  0.998  0.999
       23  0.99878  -0.893  0.092  0.999 -0.999  0.998  1.000  0.999
       24  0.99998  -0.895  0.097  1.000 -1.000  0.999  0.999  1.000
MINUIT - FIT ONLY 2-y
 **********
 **   67 **RES 
 **********
                   PARAMETER   16  beta_vw RESTORED TO VARIABLE.
                   PARAMETER   14  alpha_vw RESTORED TO VARIABLE.
                   PARAMETER   13  beta_y RESTORED TO VARIABLE.
                   PARAMETER    9  alpha_2CBO RESTORED TO VARIABLE.
                   PARAMETER    8  beta_CBO RESTORED TO VARIABLE.
                   PARAMETER    6  alpha_CBO RESTORED TO VARIABLE.
                   PARAMETER    4  phi RESTORED TO VARIABLE.
                   PARAMETER    3  A0 RESTORED TO VARIABLE.
                   PARAMETER    1  N0 RESTORED TO VARIABLE.
 **********
 **   68 **FIX            0
 **********
 PARAMETER    0  IS UNDEFINED. IGNORED.
 **********
 **   69 **FIX            1
 **********
 **********
 **   70 **FIX            2
 **********
 PARAMETER    2  IS CONSTANT.   IGNORED.
 **********
 **   71 **FIX            3
 **********
 **********
 **   72 **FIX            4
 **********
 **********
 **   73 **FIX            5
 **********
 PARAMETER    5  IS CONSTANT.   IGNORED.
 **********
 **   74 **FIX            6
 **********
 **********
 **   75 **FIX            7
 **********
 PARAMETER    7  IS CONSTANT.   IGNORED.
 **********
 **   76 **FIX            8
 **********
 **********
 **   77 **FIX            9
 **********
 **********
 **   78 **FIX           10
 **********
 **********
 **   79 **FIX           11
 **********
 **********
 **   80 **FIX           12
 **********
 PARAMETER   12  IS CONSTANT.   IGNORED.
 **********
 **   81 **FIX           16
 **********
 **********
 **   82 **MIGRAD
 **********
 START MIGRAD MINIMIZATION.  STRATEGY  1.  CONVERGENCE WHEN EDM .LT. 1.00e-04
 FCN=24.7205 FROM MIGRAD    STATUS=INITIATE       16 CALLS        7467 TOTAL
                     EDM= unknown      STRATEGY= 1      NO ERROR MATRIX       
  EXT PARAMETER               CURRENT GUESS       STEP         FIRST   
  NO.   NAME      VALUE            ERROR          SIZE      DERIVATIVE 
   1  N0           2.95320e+06     fixed    
   2  tau          6.44201e+01   constant   
   3  A0           4.72261e-01     fixed    
   4  phi          3.94855e+00     fixed    
   5  R           -5.91013e+01   constant   
   6  alpha_CBO   -2.71775e-02     fixed    
   7  w_CBO        2.32500e+00   constant   
   8  beta_CBO     1.70798e-02     fixed    
   9  alpha_2CBO  -4.40523e-03     fixed    
  10  beta_2CBO   -9.08977e-03     fixed    
  11  alpha_y      1.00903e-03     fixed    
  12  w_y          1.44500e+01   constant   
  13  beta_y      -1.34071e-03   1.68757e-04   1.68757e-04   1.05048e+04
  14  alpha_vw     0.00000e+00   1.00000e-03   1.00000e-03   9.06594e+03
  15  w_vw         1.29000e+01   constant   
