 + ++++++++++++++++++++++++++++++++++++++++++++++++++++++++++++++++++++ +
 +                                                                      +
 +           You have chose to blind your fitting according to          +
 +                omega_ref * (1 + (R +/- deltaR) *10^{-6})             +
 +                                                                      +
 + ++++++++++++++++++++++++++++++++++++++++++++++++++++++++++++++++++++ +
In main()...
reading format from /gm2data/zkhechad/run45/envelope/formats/formatB_sBin_constraintOn.txt
pBinTau 	= 0  
pBinPhi 	= 0  
constraintau 	= 1 
includeMopTerm 	= 0    
constrainMop    = 0   
Parameters after format file: pBinTau 0 pBinPhi 0 constraintau 1 includeMopTerm 0 constrainMop 0 c_e_scale 0.000000 
Opening file /gm2data/tbarrett/gm2fr/studies/run23_bunch_corrections/CorrectedFourier_Run3b.root.
reading full fit data from /gm2data/zkhechad/cboTemplates/Run4CBOTemplates/templateFits0_v2.0/noRF/sBin_constraintOn_cE0.0_seed0_noRF_calo3.root
windowBins = 17
fitting sliding window 126 from bin 262 at 38.941200 to bin 279 at 41.626800 (17 bins)

Reading data from /gm2data/cornell/histograms/aMethod/histogram_a_noRF.root
 **********
 **    1 **SET PRINTOUT            1
 **********
 **********
 **    2 **SET NOWARNINGS 
 **********
 PARAMETER DEFINITIONS:
    NO.   NAME         VALUE      STEP SIZE      LIMITS
     1 N0           2.88814e+06  1.00000e+02     no limits
     2 tau          6.44131e+01  constant
     3 A0           3.56394e-01  1.00000e-04     no limits
     4 phi          4.11722e+00  1.00000e-02     no limits
     5 R           -6.09726e+01  constant
     6 alpha_CBO    0.00000e+00  1.00000e-03     no limits
     7 w_CBO        2.32500e+00  constant
     8 beta_CBO     0.00000e+00  1.00000e-03     no limits
     9 alpha_2CBO   0.00000e+00  1.00000e-03     no limits
    10 beta_2CBO    0.00000e+00  1.00000e-03     no limits
    11 alpha_y      0.00000e+00  1.00000e-03     no limits
    12 w_y          1.44500e+01  constant
    13 beta_y       0.00000e+00  1.00000e-03     no limits
    14 alpha_vw     0.00000e+00  1.00000e-03     no limits
    15 w_vw         1.29000e+01  constant
    16 beta_vw      0.00000e+00  1.00000e-03     no limits
    17 LM           2.63157e-04  constant
    18 zeta_y       0.00000e+00  constant
    19 zeta_vw      0.00000e+00  constant
    20 T_CBO        1.00000e+02  1.00000e+00    0.00000e+00  1.00000e+03
    21 alpha_A0     0.00000e+00  1.00000e-03     no limits
    22 beta_A0      0.00000e+00  1.00000e-03     no limits
    23 alpha_phi    0.00000e+00  1.00000e-03     no limits
    24 beta_phi     0.00000e+00  1.00000e-03     no limits
MINUIT - FIT ONLY WIGGLE
 **********
 **    3 **FIX            5
 **********
 PARAMETER    5  IS CONSTANT.   IGNORED.
 **********
 **    4 **FIX            6
 **********
 **********
 **    5 **FIX            7
 **********
 PARAMETER    7  IS CONSTANT.   IGNORED.
 **********
 **    6 **FIX            8
 **********
 **********
 **    7 **FIX            9
 **********
 **********
 **    8 **FIX           10
 **********
 **********
 **    9 **FIX           11
 **********
 **********
 **   10 **FIX           12
 **********
 PARAMETER   12  IS CONSTANT.   IGNORED.
 **********
 **   11 **FIX           13
 **********
 **********
 **   12 **FIX           14
 **********
 **********
 **   13 **FIX           15
 **********
 PARAMETER   15  IS CONSTANT.   IGNORED.
 **********
 **   14 **FIX           16
 **********
 **********
 **   15 **MIGRAD
 **********
 FIRST CALL TO USER FUNCTION AT NEW START POINT, WITH IFLAG=4.
 START MIGRAD MINIMIZATION.  STRATEGY  1.  CONVERGENCE WHEN EDM .LT. 1.00e-04
 FCN=1882.17 FROM MIGRAD    STATUS=INITIATE      429 CALLS         430 TOTAL
                     EDM= unknown      STRATEGY= 1      NO ERROR MATRIX       
  EXT PARAMETER               CURRENT GUESS       STEP         FIRST   
  NO.   NAME      VALUE            ERROR          SIZE      DERIVATIVE 
   1  N0           2.88814e+06   1.00000e+02   0.00000e+00   5.00205e-02
   2  tau          6.44131e+01   constant   
   3  A0           3.56394e-01   1.00000e-04   0.00000e+00   1.58056e+05
   4  phi          4.11722e+00   1.00000e-02   0.00000e+00  -1.82972e+05
   5  R           -6.09726e+01   constant   
   6  alpha_CBO    0.00000e+00     fixed    
   7  w_CBO        2.32500e+00   constant   
   8  beta_CBO     0.00000e+00     fixed    
   9  alpha_2CBO   0.00000e+00     fixed    
  10  beta_2CBO    0.00000e+00     fixed    
  11  alpha_y      0.00000e+00     fixed    
  12  w_y          1.44500e+01   constant   
  13  beta_y       0.00000e+00     fixed    
  14  alpha_vw     0.00000e+00     fixed    
  15  w_vw         1.29000e+01   constant   
  16  beta_vw      0.00000e+00     fixed    
  17  LM           2.63157e-04   constant   
  18  zeta_y       0.00000e+00   constant   
  19  zeta_vw      0.00000e+00   constant   
  20  T_CBO        1.00000e+02   1.00000e+00   0.00000e+00   0.00000e+00
  21  alpha_A0     0.00000e+00   1.00000e-03   0.00000e+00  -2.41561e+03
  22  beta_A0      0.00000e+00   1.00000e-03   0.00000e+00  -4.08562e+04
  23  alpha_phi    0.00000e+00   1.00000e-03   0.00000e+00  -4.93376e+04
  24  beta_phi     0.00000e+00   1.00000e-03   0.00000e+00  -3.09032e+04
 CALL LIMIT EXCEEDED IN MIGRAD.
 MIGRAD TERMINATED WITHOUT CONVERGENCE.
 FCN=330.005 FROM MIGRAD    STATUS=CALL LIMIT   1331 CALLS        1332 TOTAL
                     EDM=0.000722178    STRATEGY= 1  ERROR MATRIX UNCERTAINTY   2.1 per cent
  EXT PARAMETER                APPROXIMATE        STEP         FIRST   
  NO.   NAME      VALUE            ERROR          SIZE      DERIVATIVE 
   1  N0           2.88293e+06   6.25858e+02   9.97213e+00   1.27379e-05
   2  tau          6.44131e+01   constant   
   3  A0           3.53750e-01   2.24676e-04   4.95741e-06   1.21729e+01
   4  phi          4.13059e+00   8.00548e-04   2.76862e-05   6.01200e+01
   5  R           -6.09726e+01   constant   
   6  alpha_CBO    0.00000e+00     fixed    
   7  w_CBO        2.32500e+00   constant   
   8  beta_CBO     0.00000e+00     fixed    
   9  alpha_2CBO   0.00000e+00     fixed    
  10  beta_2CBO    0.00000e+00     fixed    
  11  alpha_y      0.00000e+00     fixed    
  12  w_y          1.44500e+01   constant   
  13  beta_y       0.00000e+00     fixed    
  14  alpha_vw     0.00000e+00     fixed    
  15  w_vw         1.29000e+01   constant   
  16  beta_vw      0.00000e+00     fixed    
  17  LM           2.63157e-04   constant   
  18  zeta_y       0.00000e+00   constant   
  19  zeta_vw      0.00000e+00   constant   
  20  T_CBO        1.04799e+01   8.26800e+00  -2.78827e-03  -5.36612e+00
  21  alpha_A0     7.05452e-02   1.98649e-01   6.53528e-03  -1.88718e+00
  22  beta_A0     -3.73090e-02   1.25723e-01  -4.13458e-03   4.21669e-01
  23  alpha_phi    2.00942e-03   2.44016e-02  -8.04616e-04   2.74034e+00
  24  beta_phi     4.01129e-02   1.01501e-01   3.34196e-03  -1.67344e-01
 EXTERNAL ERROR MATRIX.    NDIM=  25    NPAR=  8    ERR DEF=1
  3.917e+05  1.093e-01  2.094e-01 -1.246e+03  3.392e+01 -2.102e+01 -4.318e+00  1.733e+01 
  1.093e-01  5.048e-08  7.002e-08 -5.047e-04  1.337e-05 -8.326e-06 -1.700e-06  6.878e-06 
  2.094e-01  7.002e-08  6.409e-07 -5.267e-03  1.306e-04 -8.269e-05 -1.626e-05  6.665e-05 
 -1.246e+03 -5.047e-04 -5.267e-03  6.851e+01 -1.636e+00  1.036e+00  2.006e-01 -8.362e-01 
  3.392e+01  1.337e-05  1.306e-04 -1.636e+00  3.946e-02 -2.497e-02 -4.844e-03  2.016e-02 
 -2.102e+01 -8.326e-06 -8.269e-05  1.036e+00 -2.497e-02  1.581e-02  3.066e-03 -1.276e-02 
 -4.318e+00 -1.700e-06 -1.626e-05  2.006e-01 -4.844e-03  3.066e-03  5.954e-04 -2.475e-03 
  1.733e+01  6.878e-06  6.665e-05 -8.362e-01  2.016e-02 -1.276e-02 -2.475e-03  1.030e-02 
ERR MATRIX APPROXIMATE
 PARAMETER  CORRELATION COEFFICIENTS  
       NO.  GLOBAL      1      3      4     20     21     22     23     24
        1  0.86165   1.000  0.777  0.418 -0.241  0.273 -0.267 -0.283  0.273
        3  0.83867   0.777  1.000  0.389 -0.271  0.299 -0.295 -0.310  0.302
        4  0.91727   0.418  0.389  1.000 -0.795  0.821 -0.822 -0.832  0.820
       20  0.99667  -0.241 -0.271 -0.795  1.000 -0.995  0.995  0.993 -0.995
       21  0.99999   0.273  0.299  0.821 -0.995  1.000 -1.000 -0.999  1.000
       22  0.99998  -0.267 -0.295 -0.822  0.995 -1.000  1.000  0.999 -1.000
       23  0.99965  -0.283 -0.310 -0.832  0.993 -0.999  0.999  1.000 -0.999
       24  0.99998   0.273  0.302  0.820 -0.995  1.000 -1.000 -0.999  1.000
 ERR MATRIX APPROXIMATE
MINUIT - FIT ONLY 1-CBO + wiggle
 **********
 **   16 **RES 
 **********
                   PARAMETER   16  beta_vw RESTORED TO VARIABLE.
                   PARAMETER   14  alpha_vw RESTORED TO VARIABLE.
                   PARAMETER   13  beta_y RESTORED TO VARIABLE.
                   PARAMETER   11  alpha_y RESTORED TO VARIABLE.
                   PARAMETER   10  beta_2CBO RESTORED TO VARIABLE.
                   PARAMETER    9  alpha_2CBO RESTORED TO VARIABLE.
                   PARAMETER    8  beta_CBO RESTORED TO VARIABLE.
                   PARAMETER    6  alpha_CBO RESTORED TO VARIABLE.
 **********
 **   17 **FIX            8
 **********
 **********
 **   18 **FIX            9
 **********
 **********
 **   19 **FIX           11
 **********
 **********
 **   20 **FIX           12
 **********
 PARAMETER   12  IS CONSTANT.   IGNORED.
 **********
 **   21 **FIX           14
 **********
 **********
 **   22 **FIX           15
 **********
 PARAMETER   15  IS CONSTANT.   IGNORED.
 **********
 **   23 **FIX           16
 **********
 **********
 **   24 **MIGRAD
 **********
 START MIGRAD MINIMIZATION.  STRATEGY  1.  CONVERGENCE WHEN EDM .LT. 1.00e-04
 FCN=330.005 FROM MIGRAD    STATUS=INITIATE       28 CALLS        1360 TOTAL
                     EDM= unknown      STRATEGY= 1      NO ERROR MATRIX       
  EXT PARAMETER               CURRENT GUESS       STEP         FIRST   
  NO.   NAME      VALUE            ERROR          SIZE      DERIVATIVE 
   1  N0           2.88293e+06   6.25858e+02   9.97213e+00   1.27379e-05
   2  tau          6.44131e+01   constant   
   3  A0           3.53750e-01   2.24676e-04   4.95741e-06   1.21729e+01
   4  phi          4.13059e+00   8.00548e-04   2.76862e-05   6.01200e+01
   5  R           -6.09726e+01   constant   
   6  alpha_CBO    0.00000e+00   1.00000e-03   1.00000e-03   9.65264e+02
   7  w_CBO        2.32500e+00   constant   
   8  beta_CBO     0.00000e+00     fixed    
   9  alpha_2CBO   0.00000e+00     fixed    
  10  beta_2CBO    0.00000e+00   1.00000e-03   1.00000e-03   3.94112e+03
  11  alpha_y      0.00000e+00     fixed    
  12  w_y          1.44500e+01   constant   
  13  beta_y       0.00000e+00   1.00000e-03   1.00000e-03   1.91106e+05
  14  alpha_vw     0.00000e+00     fixed    
  15  w_vw         1.29000e+01   constant   
  16  beta_vw      0.00000e+00     fixed    
  17  LM           2.63157e-04   constant   
  18  zeta_y       0.00000e+00   constant   
  19  zeta_vw      0.00000e+00   constant   
  20  T_CBO        1.04799e+01   8.26800e+00  -2.78827e-03  -5.36624e+00
  21  alpha_A0     7.05452e-02   1.98649e-01   6.53528e-03  -1.88718e+00
  22  beta_A0     -3.73090e-02   1.25723e-01  -4.13458e-03   4.21669e-01
  23  alpha_phi    2.00942e-03   2.44016e-02  -8.04616e-04   2.74034e+00
  24  beta_phi     4.01129e-02   1.01501e-01   3.34196e-03  -1.67344e-01
 MIGRAD MINIMIZATION HAS CONVERGED.
 FCN=10.8847 FROM MIGRAD    STATUS=CONVERGED    1295 CALLS        2627 TOTAL
                     EDM=2.20871e-06    STRATEGY= 1  ERROR MATRIX UNCERTAINTY   4.9 per cent
  EXT PARAMETER                                   STEP         FIRST   
  NO.   NAME      VALUE            ERROR          SIZE      DERIVATIVE 
   1  N0           2.88988e+06   1.70088e+04   2.35577e+01  -2.09798e-06
   2  tau          6.44131e+01   constant   
   3  A0           3.43821e-01   4.83576e-03  -6.82997e-06   3.47744e+00
   4  phi          4.16579e+00   3.39429e-02   4.90170e-05  -1.40965e+00
   5  R           -6.09726e+01   constant   
   6  alpha_CBO   -4.17266e-03   7.43761e-03   1.00563e-05   3.73803e+00
   7  w_CBO        2.32500e+00   constant   
   8  beta_CBO     0.00000e+00     fixed    
   9  alpha_2CBO   0.00000e+00     fixed    
  10  beta_2CBO   -4.12566e-04   4.46766e-03  -5.72592e-06  -5.33244e+00
  11  alpha_y      0.00000e+00     fixed    
  12  w_y          1.44500e+01   constant   
  13  beta_y      -3.24306e-03   1.87101e-04   9.65225e-08  -1.14787e+00
  14  alpha_vw     0.00000e+00     fixed    
  15  w_vw         1.29000e+01   constant   
  16  beta_vw      0.00000e+00     fixed    
  17  LM           2.63157e-04   constant   
  18  zeta_y       0.00000e+00   constant   
  19  zeta_vw      0.00000e+00   constant   
  20  T_CBO        1.21005e+01   3.55823e-01   4.16611e-06   2.63807e+00
  21  alpha_A0     1.09652e+00   7.85475e-01   1.14306e-03   2.67625e-02
  22  beta_A0     -1.35968e+00   7.09675e-01  -9.86946e-04   8.88117e-02
  23  alpha_phi   -1.38139e+00   2.76097e-01  -2.45813e-05  -5.01302e-02
  24  beta_phi    -1.40159e+00   1.01526e+00  -1.48207e-03  -8.03276e-02
 EXTERNAL ERROR MATRIX.    NDIM=  25    NPAR= 11    ERR DEF=1
  2.893e+08 
 -7.450e+01  2.338e-05 
  5.649e+02 -1.597e-04  1.152e-03 
  1.140e+02 -3.365e-05  2.392e-04  5.532e-05 
 -5.795e+01  1.983e-05 -1.311e-04 -3.177e-05  1.996e-05 
  6.076e-01 -1.295e-07  1.149e-06  3.575e-07 -1.830e-07  3.501e-08 
  5.711e+03 -1.629e-03  1.175e-02  2.603e-03 -1.454e-03  1.566e-05  1.266e-01 
  1.320e+04 -3.611e-03  2.644e-02  5.267e-03 -2.793e-03  2.242e-05  2.635e-01  6.170e-01 
 -1.083e+04  3.426e-03 -2.333e-02 -4.976e-03  2.955e-03 -1.937e-05 -2.394e-01 -5.249e-01  5.036e-01 
 -8.113e+02  4.122e-05 -8.049e-04  4.851e-04 -4.476e-04  1.253e-05  1.072e-02 -4.447e-02 -1.012e-03  7.623e-02 
 -1.658e+04  4.850e-03 -3.433e-02 -7.096e-03  3.982e-03 -3.024e-05 -3.479e-01 -7.864e-01  7.087e-01  2.648e-02  1.031e+00 
 PARAMETER  CORRELATION COEFFICIENTS  
       NO.  GLOBAL      1      3      4      6     10     13     20     21     22     23     24
        1  0.99982   1.000 -0.906  0.979  0.901 -0.763  0.191  0.944  0.988 -0.897 -0.173 -0.960
        3  0.99980  -0.906  1.000 -0.973 -0.936  0.918 -0.143 -0.947 -0.951  0.998  0.031  0.988
        4  0.99998   0.979 -0.973  1.000  0.947 -0.865  0.181  0.973  0.992 -0.968 -0.086 -0.996
        6  0.99987   0.901 -0.936  0.947  1.000 -0.956  0.257  0.983  0.902 -0.943  0.236 -0.940
       10  0.99900  -0.763  0.918 -0.865 -0.956  1.000 -0.219 -0.915 -0.796  0.932 -0.363  0.878
       13  0.45747   0.191 -0.143  0.181  0.257 -0.219  1.000  0.235  0.153 -0.146  0.243 -0.159
       20  0.99735   0.944 -0.947  0.973  0.983 -0.915  0.235  1.000  0.943 -0.948  0.109 -0.963
       21  0.99988   0.988 -0.951  0.992  0.902 -0.796  0.153  0.943  1.000 -0.942 -0.205 -0.986
       22  0.99962  -0.897  0.998 -0.968 -0.943  0.932 -0.146 -0.948 -0.942  1.000 -0.005  0.984
       23  0.99875  -0.173  0.031 -0.086  0.236 -0.363  0.243  0.109 -0.205 -0.005  1.000  0.094
       24  0.99993  -0.960  0.988 -0.996 -0.940  0.878 -0.159 -0.963 -0.986  0.984  0.094  1.000
MINUIT - FIT ONLY 2-CBO
 **********
 **   25 **RES 
 **********
                   PARAMETER   16  beta_vw RESTORED TO VARIABLE.
                   PARAMETER   14  alpha_vw RESTORED TO VARIABLE.
                   PARAMETER   11  alpha_y RESTORED TO VARIABLE.
                   PARAMETER    9  alpha_2CBO RESTORED TO VARIABLE.
                   PARAMETER    8  beta_CBO RESTORED TO VARIABLE.
 **********
 **   26 **FIX            0
 **********
 PARAMETER    0  IS UNDEFINED. IGNORED.
 **********
 **   27 **FIX            1
 **********
 **********
 **   28 **FIX            2
 **********
 PARAMETER    2  IS CONSTANT.   IGNORED.
 **********
 **   29 **FIX            3
 **********
 **********
 **   30 **FIX            4
 **********
 **********
 **   31 **FIX            5
 **********
 PARAMETER    5  IS CONSTANT.   IGNORED.
 **********
 **   32 **FIX            6
 **********
 **********
 **   33 **FIX            7
 **********
 PARAMETER    7  IS CONSTANT.   IGNORED.
 **********
 **   34 **FIX           10
 **********
 **********
 **   35 **FIX           11
 **********
 **********
 **   36 **FIX           12
 **********
 PARAMETER   12  IS CONSTANT.   IGNORED.
 **********
 **   37 **FIX           13
 **********
 **********
 **   38 **FIX           14
 **********
 **********
 **   39 **FIX           15
 **********
 PARAMETER   15  IS CONSTANT.   IGNORED.
 **********
 **   40 **FIX           16
 **********
 **********
 **   41 **MIGRAD
 **********
 START MIGRAD MINIMIZATION.  STRATEGY  1.  CONVERGENCE WHEN EDM .LT. 1.00e-04
 FCN=10.8847 FROM MIGRAD    STATUS=INITIATE       18 CALLS        2645 TOTAL
                     EDM= unknown      STRATEGY= 1      NO ERROR MATRIX       
  EXT PARAMETER               CURRENT GUESS       STEP         FIRST   
  NO.   NAME      VALUE            ERROR          SIZE      DERIVATIVE 
   1  N0           2.88988e+06     fixed    
   2  tau          6.44131e+01   constant   
   3  A0           3.43821e-01     fixed    
   4  phi          4.16579e+00     fixed    
   5  R           -6.09726e+01   constant   
   6  alpha_CBO   -4.17266e-03     fixed    
   7  w_CBO        2.32500e+00   constant   
   8  beta_CBO     0.00000e+00   1.00000e-03   1.00000e-03  -1.88632e+00
   9  alpha_2CBO   0.00000e+00   1.00000e-03   1.00000e-03  -4.05122e+01
  10  beta_2CBO   -4.12566e-04     fixed    
  11  alpha_y      0.00000e+00     fixed    
  12  w_y          1.44500e+01   constant   
  13  beta_y      -3.24306e-03     fixed    
  14  alpha_vw     0.00000e+00     fixed    
  15  w_vw         1.29000e+01   constant   
  16  beta_vw      0.00000e+00     fixed    
  17  LM           2.63157e-04   constant   
  18  zeta_y       0.00000e+00   constant   
  19  zeta_vw      0.00000e+00   constant   
  20  T_CBO        1.21005e+01   3.55823e-01   4.16611e-06   2.63807e+00
  21  alpha_A0     1.09652e+00   7.85475e-01   1.14306e-03   2.67626e-02
  22  beta_A0     -1.35968e+00   7.09675e-01  -9.86946e-04   8.88120e-02
  23  alpha_phi   -1.38139e+00   2.76097e-01  -2.45813e-05  -5.01302e-02
  24  beta_phi    -1.40159e+00   1.01526e+00  -1.48207e-03  -8.03276e-02
 MIGRAD MINIMIZATION HAS CONVERGED.
 MIGRAD WILL VERIFY CONVERGENCE AND ERROR MATRIX.
 FCN=10.8845 FROM MIGRAD    STATUS=CONVERGED     165 CALLS        2792 TOTAL
                     EDM=5.39332e-07    STRATEGY= 1      ERR MATRIX NOT POS-DEF
  EXT PARAMETER                APPROXIMATE        STEP         FIRST   
  NO.   NAME      VALUE            ERROR          SIZE      DERIVATIVE 
   1  N0           2.88988e+06     fixed    
   2  tau          6.44131e+01   constant   
   3  A0           3.43821e-01     fixed    
   4  phi          4.16579e+00     fixed    
   5  R           -6.09726e+01   constant   
   6  alpha_CBO   -4.17266e-03     fixed    
   7  w_CBO        2.32500e+00   constant   
   8  beta_CBO     4.96833e-06   4.59744e-04   2.92804e-07   2.27266e-01
   9  alpha_2CBO   9.74887e-06   6.13024e-04   2.84864e-07   5.38950e-02
  10  beta_2CBO   -4.12566e-04     fixed    
  11  alpha_y      0.00000e+00     fixed    
  12  w_y          1.44500e+01   constant   
  13  beta_y      -3.24306e-03     fixed    
  14  alpha_vw     0.00000e+00     fixed    
  15  w_vw         1.29000e+01   constant   
  16  beta_vw      0.00000e+00     fixed    
  17  LM           2.63157e-04   constant   
  18  zeta_y       0.00000e+00   constant   
  19  zeta_vw      0.00000e+00   constant   
  20  T_CBO        1.21004e+01   3.53179e-01   6.43896e-07   2.30616e-01
  21  alpha_A0     1.09718e+00   1.12969e-01   2.48041e-05  -1.82539e-03
  22  beta_A0     -1.35996e+00   1.32860e-01   3.19442e-05   1.16653e-03
  23  alpha_phi   -1.38125e+00   1.31673e-01   2.77897e-05   3.45526e-04
  24  beta_phi    -1.40098e+00   1.36993e-01   2.39601e-05  -6.03456e-04
 EXTERNAL ERROR MATRIX.    NDIM=  25    NPAR=  7    ERR DEF=1
  2.114e-07  1.827e-07 -2.771e-05  1.962e-05 -6.270e-06 -4.382e-06  9.649e-06 
  1.827e-07  3.758e-07 -8.550e-06  2.695e-05 -1.318e-05  2.817e-06  2.039e-05 
 -2.771e-05 -8.550e-06  1.247e-01 -3.694e-02  4.508e-02  4.588e-02  4.531e-02 
  1.962e-05  2.695e-05 -3.694e-02  1.276e-02 -1.410e-02 -1.320e-02 -1.190e-02 
 -6.270e-06 -1.318e-05  4.508e-02 -1.410e-02  1.765e-02  1.673e-02  1.648e-02 
 -4.382e-06  2.817e-06  4.588e-02 -1.320e-02  1.673e-02  1.734e-02  1.730e-02 
  9.649e-06  2.039e-05  4.531e-02 -1.190e-02  1.648e-02  1.730e-02  1.877e-02 
ERR MATRIX NOT POS-DEF
 PARAMETER  CORRELATION COEFFICIENTS  
       NO.  GLOBAL      8      9     20     21     22     23     24
        8  0.92585   1.000  0.648 -0.171  0.378 -0.103 -0.072  0.153
        9  0.96124   0.648  1.000 -0.039  0.389 -0.162  0.035  0.243
       20  0.99706  -0.171 -0.039  1.000 -0.926  0.961  0.987  0.936
       21  0.99148   0.378  0.389 -0.926  1.000 -0.939 -0.888 -0.769
       22  0.98977  -0.103 -0.162  0.961 -0.939  1.000  0.956  0.905
       23  0.99213  -0.072  0.035  0.987 -0.888  0.956  1.000  0.959
       24  0.99460   0.153  0.243  0.936 -0.769  0.905  0.959  1.000
 ERR MATRIX NOT POS-DEF
MINUIT - FIT wiggle + 1-CBO + 2-CBO
 **********
 **   42 **RES 
 **********
                   PARAMETER   16  beta_vw RESTORED TO VARIABLE.
                   PARAMETER   14  alpha_vw RESTORED TO VARIABLE.
                   PARAMETER   13  beta_y RESTORED TO VARIABLE.
                   PARAMETER   11  alpha_y RESTORED TO VARIABLE.
                   PARAMETER   10  beta_2CBO RESTORED TO VARIABLE.
                   PARAMETER    6  alpha_CBO RESTORED TO VARIABLE.
                   PARAMETER    4  phi RESTORED TO VARIABLE.
                   PARAMETER    3  A0 RESTORED TO VARIABLE.
                   PARAMETER    1  N0 RESTORED TO VARIABLE.
 **********
 **   43 **FIX           10
 **********
 **********
 **   44 **FIX           11
 **********
 **********
 **   45 **FIX           12
 **********
 PARAMETER   12  IS CONSTANT.   IGNORED.
 **********
 **   46 **FIX           13
 **********
 **********
 **   47 **FIX           14
 **********
 **********
 **   48 **FIX           15
 **********
 PARAMETER   15  IS CONSTANT.   IGNORED.
 **********
 **   49 **FIX           16
 **********
 **********
 **   50 **MIGRAD
 **********
 START MIGRAD MINIMIZATION.  STRATEGY  1.  CONVERGENCE WHEN EDM .LT. 1.00e-04
 FCN=10.8845 FROM MIGRAD    STATUS=INITIATE       22 CALLS        2814 TOTAL
                     EDM= unknown      STRATEGY= 1      NO ERROR MATRIX       
  EXT PARAMETER               CURRENT GUESS       STEP         FIRST   
  NO.   NAME      VALUE            ERROR          SIZE      DERIVATIVE 
   1  N0           2.88988e+06   1.70088e+04   1.70088e+04   5.34341e-06
   2  tau          6.44131e+01   constant   
   3  A0           3.43821e-01   4.83576e-03   4.83576e-03   1.37583e+01
   4  phi          4.16579e+00   3.39429e-02   3.39429e-02   2.72471e+00
   5  R           -6.09726e+01   constant   
   6  alpha_CBO   -4.17266e-03   7.43761e-03   7.43761e-03  -4.12586e+01
   7  w_CBO        2.32500e+00   constant   
   8  beta_CBO     4.96833e-06   4.59744e-04   2.92804e-07   2.27251e-01
   9  alpha_2CBO   9.74887e-06   6.13024e-04   2.84864e-07   5.39172e-02
  10  beta_2CBO   -4.12566e-04     fixed    
  11  alpha_y      0.00000e+00     fixed    
  12  w_y          1.44500e+01   constant   
  13  beta_y      -3.24306e-03     fixed    
  14  alpha_vw     0.00000e+00     fixed    
  15  w_vw         1.29000e+01   constant   
  16  beta_vw      0.00000e+00     fixed    
  17  LM           2.63157e-04   constant   
  18  zeta_y       0.00000e+00   constant   
  19  zeta_vw      0.00000e+00   constant   
  20  T_CBO        1.21004e+01   3.53179e-01   6.43896e-07   2.30691e-01
  21  alpha_A0     1.09718e+00   1.12969e-01   2.48041e-05  -1.82624e-03
  22  beta_A0     -1.35996e+00   1.32860e-01   3.19442e-05   1.16659e-03
  23  alpha_phi   -1.38125e+00   1.31673e-01   2.77897e-05   3.45729e-04
  24  beta_phi    -1.40098e+00   1.36993e-01   2.39601e-05  -6.03530e-04
 MIGRAD MINIMIZATION HAS CONVERGED.
 MIGRAD WILL VERIFY CONVERGENCE AND ERROR MATRIX.
 FCN=10.8843 FROM HESSE     STATUS=NOT POSDEF    100 CALLS        3059 TOTAL
                     EDM=0.000603518    STRATEGY= 1      ERR MATRIX NOT POS-DEF
  EXT PARAMETER                APPROXIMATE        STEP         FIRST   
  NO.   NAME      VALUE            ERROR          SIZE      DERIVATIVE 
   1  N0           2.88987e+06   4.04015e+03   1.37800e+00  -1.86193e-07
   2  tau          6.44131e+01   constant   
   3  A0           3.43820e-01   1.71109e-03   2.23454e-07  -2.07519e+00
   4  phi          4.16579e+00   5.41544e-03   1.98640e-06   7.48272e-01
   5  R           -6.09726e+01   constant   
   6  alpha_CBO   -4.16323e-03   1.48413e-03   2.97988e-07  -2.28012e-01
   7  w_CBO        2.32500e+00   constant   
   8  beta_CBO     1.23974e-05   1.71032e-03   2.92802e-07  -5.42019e+00
   9  alpha_2CBO   8.70068e-06   1.00695e-03   2.84862e-07  -2.97027e+01
  10  beta_2CBO   -4.12566e-04     fixed    
  11  alpha_y      0.00000e+00     fixed    
  12  w_y          1.44500e+01   constant   
  13  beta_y      -3.24306e-03     fixed    
  14  alpha_vw     0.00000e+00     fixed    
  15  w_vw         1.29000e+01   constant   
  16  beta_vw      0.00000e+00     fixed    
  17  LM           2.63157e-04   constant   
  18  zeta_y       0.00000e+00   constant   
  19  zeta_vw      0.00000e+00   constant   
  20  T_CBO        1.20995e+01   3.47223e-01   6.43899e-07  -1.51177e+00
  21  alpha_A0     1.09724e+00   1.51743e-01   2.48094e-05  -6.67025e-02
  22  beta_A0     -1.35971e+00   1.44598e-01   3.19507e-05   8.64567e-02
  23  alpha_phi   -1.38083e+00   1.69588e-01   2.77955e-05  -2.43071e-02
  24  beta_phi    -1.40078e+00   1.63417e-01   2.39651e-05  -7.58070e-02
 MIGRAD MINIMIZATION HAS CONVERGED.
 MIGRAD WILL VERIFY CONVERGENCE AND ERROR MATRIX.
 MIGRAD TERMINATED WITHOUT CONVERGENCE.
 FCN=10.366 FROM MIGRAD    STATUS=FAILED       1865 CALLS        4657 TOTAL
                     EDM=0.000257245    STRATEGY= 1      ERR MATRIX NOT POS-DEF
  EXT PARAMETER                APPROXIMATE        STEP         FIRST   
  NO.   NAME      VALUE            ERROR          SIZE      DERIVATIVE 
   1  N0           2.87419e+06   4.32280e+03   1.37052e+00  -1.97289e-05
   2  tau          6.44131e+01   constant   
   3  A0           3.37692e-01   1.79989e-03   2.25811e-07   2.35643e+01
   4  phi          4.14011e+00   5.40113e-03   1.97416e-06  -1.36028e+01
   5  R           -6.09726e+01   constant   
   6  alpha_CBO    4.56545e-03   1.77388e-03   2.92976e-07   5.71618e+01
   7  w_CBO        2.32500e+00   constant   
   8  beta_CBO     1.88762e-02   1.80951e-03   2.85103e-07   2.52001e+00
   9  alpha_2CBO   1.06332e-02   9.64007e-04   2.78805e-07   3.42178e+01
  10  beta_2CBO   -4.12566e-04     fixed    
  11  alpha_y      0.00000e+00     fixed    
  12  w_y          1.44500e+01   constant   
  13  beta_y      -3.24306e-03     fixed    
  14  alpha_vw     0.00000e+00     fixed    
  15  w_vw         1.29000e+01   constant   
  16  beta_vw      0.00000e+00     fixed    
  17  LM           2.63157e-04   constant   
  18  zeta_y       0.00000e+00   constant   
  19  zeta_vw      0.00000e+00   constant   
  20  T_CBO        1.18174e+01   4.36859e-01   6.45137e-07  -6.02951e+00
  21  alpha_A0     1.56007e+00   2.08485e-01   2.74799e-05   3.44981e-01
  22  beta_A0     -3.46828e-02   1.75223e-01   3.46180e-05   5.72676e-01
  23  alpha_phi    7.19249e-01   1.90222e-01   2.96772e-05  -7.55307e-01
  24  beta_phi     4.67856e-01   1.93016e-01   2.61216e-05  -3.59914e-01
 EXTERNAL ERROR MATRIX.    NDIM=  25    NPAR= 11    ERR DEF=1
  1.869e+07 
  1.673e+00  3.240e-06 
  2.587e+00  6.992e-07  2.917e-05 
  3.612e+00  8.657e-07  4.852e-06  3.147e-06 
 -2.812e+00 -1.744e-06  2.641e-06  1.324e-06  3.274e-06 
  4.278e-01 -1.092e-07  1.272e-06  1.223e-06  1.206e-06  9.293e-07 
  3.916e+02 -1.267e-04  5.166e-05  2.378e-04  1.917e-04  1.437e-04  1.908e-01 
  2.709e+02 -1.126e-04  2.508e-04  3.395e-05  3.617e-05  1.925e-05 -5.719e-02  4.347e-02 
  2.321e+02 -3.627e-05 -7.036e-04  3.344e-05  1.861e-05  2.653e-05  1.762e-02 -2.195e-03  3.070e-02 
  2.345e+02 -1.230e-05 -5.399e-04  1.119e-04  7.243e-05  7.001e-05 -9.448e-03  1.198e-02  2.813e-02  3.618e-02 
 -4.098e+02  1.376e-04 -2.676e-05  1.036e-04  1.421e-04  8.603e-05 -2.188e-02 -5.789e-03  1.309e-03  1.153e-02  3.726e-02 
ERR MATRIX NOT POS-DEF
 PARAMETER  CORRELATION COEFFICIENTS  
       NO.  GLOBAL      1      3      4      6      8      9     20     21     22     23     24
        1  0.99660   1.000  0.215  0.111  0.471 -0.360  0.103  0.207  0.301  0.306  0.285 -0.491
        3  0.99710   0.215  1.000  0.072  0.271 -0.536 -0.063 -0.161 -0.300 -0.115 -0.036  0.396
        4  0.99678   0.111  0.072  1.000  0.506  0.270  0.244  0.022  0.223 -0.743 -0.525 -0.026
        6  0.99497   0.471  0.271  0.506  1.000  0.412  0.715  0.307  0.092  0.108  0.332  0.303
        8  0.99543  -0.360 -0.536  0.270  0.412  1.000  0.692  0.242  0.096  0.059  0.210  0.407
        9  0.98450   0.103 -0.063  0.244  0.715  0.692  1.000  0.341  0.096  0.157  0.382  0.462
       20  0.99699   0.207 -0.161  0.022  0.307  0.242  0.341  1.000 -0.628  0.230 -0.114 -0.259
       21  0.99680   0.301 -0.300  0.223  0.092  0.096  0.096 -0.628  1.000 -0.060  0.302 -0.144
       22  0.99279   0.306 -0.115 -0.743  0.108  0.059  0.157  0.230 -0.060  1.000  0.844  0.039
       23  0.99551   0.285 -0.036 -0.525  0.332  0.210  0.382 -0.114  0.302  0.844  1.000  0.314
       24  0.99662  -0.491  0.396 -0.026  0.303  0.407  0.462 -0.259 -0.144  0.039  0.314  1.000
 ERR MATRIX NOT POS-DEF
MINUIT - FIT ONLY 1-y
 **********
 **   51 **RES 
 **********
                   PARAMETER   16  beta_vw RESTORED TO VARIABLE.
                   PARAMETER   14  alpha_vw RESTORED TO VARIABLE.
                   PARAMETER   13  beta_y RESTORED TO VARIABLE.
                   PARAMETER   11  alpha_y RESTORED TO VARIABLE.
                   PARAMETER   10  beta_2CBO RESTORED TO VARIABLE.
 **********
 **   52 **FIX            0
 **********
 PARAMETER    0  IS UNDEFINED. IGNORED.
 **********
 **   53 **FIX            1
 **********
 **********
 **   54 **FIX            2
 **********
 PARAMETER    2  IS CONSTANT.   IGNORED.
 **********
 **   55 **FIX            3
 **********
 **********
 **   56 **FIX            4
 **********
 **********
 **   57 **FIX            5
 **********
 PARAMETER    5  IS CONSTANT.   IGNORED.
 **********
 **   58 **FIX            6
 **********
 **********
 **   59 **FIX            7
 **********
 PARAMETER    7  IS CONSTANT.   IGNORED.
 **********
 **   60 **FIX            8
 **********
 **********
 **   61 **FIX            9
 **********
 **********
 **   62 **FIX           13
 **********
 **********
 **   63 **FIX           14
 **********
 **********
 **   64 **FIX           15
 **********
 PARAMETER   15  IS CONSTANT.   IGNORED.
 **********
 **   65 **FIX           16
 **********
 **********
 **   66 **MIGRAD
 **********
 START MIGRAD MINIMIZATION.  STRATEGY  1.  CONVERGENCE WHEN EDM .LT. 1.00e-04
 FCN=10.366 FROM MIGRAD    STATUS=INITIATE       16 CALLS        4673 TOTAL
                     EDM= unknown      STRATEGY= 1      NO ERROR MATRIX       
  EXT PARAMETER               CURRENT GUESS       STEP         FIRST   
  NO.   NAME      VALUE            ERROR          SIZE      DERIVATIVE 
   1  N0           2.87419e+06     fixed    
   2  tau          6.44131e+01   constant   
   3  A0           3.37692e-01     fixed    
   4  phi          4.14011e+00     fixed    
   5  R           -6.09726e+01   constant   
   6  alpha_CBO    4.56545e-03     fixed    
   7  w_CBO        2.32500e+00   constant   
   8  beta_CBO     1.88762e-02     fixed    
   9  alpha_2CBO   1.06332e-02     fixed    
  10  beta_2CBO   -4.12566e-04   4.46766e-03   4.46766e-03  -9.32815e+01
  11  alpha_y      0.00000e+00   1.00000e-03   1.00000e-03  -5.09705e+03
  12  w_y          1.44500e+01   constant   
  13  beta_y      -3.24306e-03     fixed    
  14  alpha_vw     0.00000e+00     fixed    
  15  w_vw         1.29000e+01   constant   
  16  beta_vw      0.00000e+00     fixed    
  17  LM           2.63157e-04   constant   
  18  zeta_y       0.00000e+00   constant   
  19  zeta_vw      0.00000e+00   constant   
  20  T_CBO        1.18174e+01   4.36859e-01   6.45137e-07  -6.02942e+00
  21  alpha_A0     1.56007e+00   2.08485e-01   2.74799e-05   3.44981e-01
  22  beta_A0     -3.46828e-02   1.75223e-01   3.46180e-05   5.72675e-01
  23  alpha_phi    7.19249e-01   1.90222e-01   2.96772e-05  -7.55308e-01
  24  beta_phi     4.67856e-01   1.93016e-01   2.61216e-05  -3.59914e-01
 MIGRAD MINIMIZATION HAS CONVERGED.
 MIGRAD WILL VERIFY CONVERGENCE AND ERROR MATRIX.
 FCN=10.1459 FROM MIGRAD    STATUS=CONVERGED     129 CALLS        4786 TOTAL
                     EDM=4.55861e-06    STRATEGY= 1      ERR MATRIX NOT POS-DEF
  EXT PARAMETER                APPROXIMATE        STEP         FIRST   
  NO.   NAME      VALUE            ERROR          SIZE      DERIVATIVE 
   1  N0           2.87419e+06     fixed    
   2  tau          6.44131e+01   constant   
   3  A0           3.37692e-01     fixed    
   4  phi          4.14011e+00     fixed    
   5  R           -6.09726e+01   constant   
   6  alpha_CBO    4.56545e-03     fixed    
   7  w_CBO        2.32500e+00   constant   
   8  beta_CBO     1.88762e-02     fixed    
   9  alpha_2CBO   1.06332e-02     fixed    
  10  beta_2CBO   -3.94358e-04   2.77688e-04   2.97386e-07  -1.14031e+01
  11  alpha_y      8.62814e-05   1.83681e-04   2.96930e-07   1.46093e+00
  12  w_y          1.44500e+01   constant   
  13  beta_y      -3.24306e-03     fixed    
  14  alpha_vw     0.00000e+00     fixed    
  15  w_vw         1.29000e+01   constant   
  16  beta_vw      0.00000e+00     fixed    
  17  LM           2.63157e-04   constant   
  18  zeta_y       0.00000e+00   constant   
  19  zeta_vw      0.00000e+00   constant   
  20  T_CBO        1.18176e+01   5.17930e-01   6.45136e-07   1.85706e-03
  21  alpha_A0     1.56034e+00   2.30758e-01   2.72238e-05   6.17811e-02
  22  beta_A0     -3.33815e-02   2.81643e-02   3.42989e-05   8.12146e-02
  23  alpha_phi    7.18709e-01   1.13404e-01   2.94042e-05  -9.28416e-02
  24  beta_phi     4.68182e-01   7.09932e-02   2.58772e-05  -3.33357e-02
 EXTERNAL ERROR MATRIX.    NDIM=  25    NPAR=  7    ERR DEF=1
  7.711e-08  6.638e-09  2.827e-05 -1.117e-05  4.672e-06 -8.754e-06 -2.202e-06 
  6.638e-09  3.374e-08  1.357e-07  7.578e-08  5.077e-07 -2.461e-07  9.554e-08 
  2.827e-05  1.357e-07  2.683e-01 -1.192e-01  2.904e-03 -5.773e-02 -3.565e-02 
 -1.117e-05  7.578e-08 -1.192e-01  5.325e-02 -1.283e-03  2.558e-02  1.589e-02 
  4.672e-06  5.077e-07  2.904e-03 -1.283e-03  7.932e-04 -6.949e-04 -2.132e-04 
 -8.754e-06 -2.461e-07 -5.773e-02  2.558e-02 -6.949e-04  1.286e-02  7.649e-03 
 -2.202e-06  9.554e-08 -3.565e-02  1.589e-02 -2.132e-04  7.649e-03  5.040e-03 
ERR MATRIX NOT POS-DEF
 PARAMETER  CORRELATION COEFFICIENTS  
       NO.  GLOBAL     10     11     20     21     22     23     24
       10  0.75454   1.000  0.130  0.197 -0.174  0.597 -0.278 -0.112
       11  0.13673   0.130  1.000  0.001  0.002  0.098 -0.012  0.007
       20  0.99786   0.197  0.001  1.000 -0.997  0.199 -0.983 -0.970
       21  0.99738  -0.174  0.002 -0.997  1.000 -0.197  0.977  0.970
       22  0.66571   0.597  0.098  0.199 -0.197  1.000 -0.218 -0.107
       23  0.98730  -0.278 -0.012 -0.983  0.977 -0.218  1.000  0.950
       24  0.97474  -0.112  0.007 -0.970  0.970 -0.107  0.950  1.000
 ERR MATRIX NOT POS-DEF
MINUIT - FIT ONLY 2-y
 **********
 **   67 **RES 
 **********
                   PARAMETER   16  beta_vw RESTORED TO VARIABLE.
                   PARAMETER   14  alpha_vw RESTORED TO VARIABLE.
                   PARAMETER   13  beta_y RESTORED TO VARIABLE.
                   PARAMETER    9  alpha_2CBO RESTORED TO VARIABLE.
                   PARAMETER    8  beta_CBO RESTORED TO VARIABLE.
                   PARAMETER    6  alpha_CBO RESTORED TO VARIABLE.
                   PARAMETER    4  phi RESTORED TO VARIABLE.
                   PARAMETER    3  A0 RESTORED TO VARIABLE.
                   PARAMETER    1  N0 RESTORED TO VARIABLE.
 **********
 **   68 **FIX            0
 **********
 PARAMETER    0  IS UNDEFINED. IGNORED.
 **********
 **   69 **FIX            1
 **********
 **********
 **   70 **FIX            2
 **********
 PARAMETER    2  IS CONSTANT.   IGNORED.
 **********
 **   71 **FIX            3
 **********
 **********
 **   72 **FIX            4
 **********
 **********
 **   73 **FIX            5
 **********
 PARAMETER    5  IS CONSTANT.   IGNORED.
 **********
 **   74 **FIX            6
 **********
 **********
 **   75 **FIX            7
 **********
 PARAMETER    7  IS CONSTANT.   IGNORED.
 **********
 **   76 **FIX            8
 **********
 **********
 **   77 **FIX            9
 **********
 **********
 **   78 **FIX           10
 **********
 **********
 **   79 **FIX           11
 **********
 **********
 **   80 **FIX           12
 **********
 PARAMETER   12  IS CONSTANT.   IGNORED.
 **********
 **   81 **FIX           16
 **********
 **********
 **   82 **MIGRAD
 **********
 START MIGRAD MINIMIZATION.  STRATEGY  1.  CONVERGENCE WHEN EDM .LT. 1.00e-04
 FCN=10.1459 FROM MIGRAD    STATUS=INITIATE       16 CALLS        4802 TOTAL
                     EDM= unknown      STRATEGY= 1      NO ERROR MATRIX       
  EXT PARAMETER               CURRENT GUESS       STEP         FIRST   
  NO.   NAME      VALUE            ERROR          SIZE      DERIVATIVE 
   1  N0           2.87419e+06     fixed    
   2  tau          6.44131e+01   constant   
   3  A0           3.37692e-01     fixed    
   4  phi          4.14011e+00     fixed    
   5  R           -6.09726e+01   constant   
   6  alpha_CBO    4.56545e-03     fixed    
   7  w_CBO        2.32500e+00   constant   
   8  beta_CBO     1.88762e-02     fixed    
   9  alpha_2CBO   1.06332e-02     fixed    
  10  beta_2CBO   -3.94358e-04     fixed    
  11  alpha_y      8.62814e-05     fixed    
  12  w_y          1.44500e+01   constant   
  13  beta_y      -3.24306e-03   1.87101e-04   1.87101e-04  -3.00992e+03
  14  alpha_vw     0.00000e+00   1.00000e-03   1.00000e-03  -2.85831e+03
  15  w_vw         1.29000e+01   constant   
  16  beta_vw      0.00000e+00     fixed    
  17  LM           2.63157e-04   constant   
  18  zeta_y       0.00000e+00   constant   
  19  zeta_vw      0.00000e+00   constant   
  20  T_CBO        1.18176e+01   5.17930e-01   6.45136e-07   1.89241e-03
  21  alpha_A0     1.56034e+00   2.30758e-01   2.72238e-05   6.17803e-02
  22  beta_A0     -3.33815e-02   2.81643e-02   3.42989e-05   8.12148e-02
  23  alpha_phi    7.18709e-01   1.13404e-01   2.94042e-05  -9.28415e-02
  24  beta_phi     4.68182e-01   7.09932e-02   2.58772e-05  -3.33358e-02
 MIGRAD MINIMIZATION HAS CONVERGED.
 MIGRAD WILL VERIFY CONVERGENCE AND ERROR MATRIX.
 COVARIANCE MATRIX CALCULATED SUCCESSFULLY
 FCN=9.99603 FROM HESSE     STATUS=OK             50 CALLS        4915 TOTAL
                     EDM=0.00640246    STRATEGY= 1      ERROR MATRIX ACCURATE 
  EXT PARAMETER                                   STEP         FIRST   
  NO.   NAME      VALUE            ERROR          SIZE      DERIVATIVE 
   1  N0           2.87419e+06     fixed    
   2  tau          6.44131e+01   constant   
   3  A0           3.37692e-01     fixed    
   4  phi          4.14011e+00     fixed    
   5  R           -6.09726e+01   constant   
   6  alpha_CBO    4.56545e-03     fixed    
   7  w_CBO        2.32500e+00   constant   
   8  beta_CBO     1.88762e-02     fixed    
   9  alpha_2CBO   1.06332e-02     fixed    
  10  beta_2CBO   -3.94358e-04     fixed    
  11  alpha_y      8.62814e-05     fixed    
  12  w_y          1.44500e+01   constant   
  13  beta_y      -3.19072e-03   1.74466e-04   2.74473e-07   2.07783e+00
