 + ++++++++++++++++++++++++++++++++++++++++++++++++++++++++++++++++++++ +
 +                                                                      +
 +           You have chose to blind your fitting according to          +
 +                omega_ref * (1 + (R +/- deltaR) *10^{-6})             +
 +                                                                      +
 + ++++++++++++++++++++++++++++++++++++++++++++++++++++++++++++++++++++ +
In main()...
reading format from /gm2data/zkhechad/run45/envelope/formats/formatB_sBin_constraintOn.txt
pBinTau 	= 0  
pBinPhi 	= 0  
constraintau 	= 1 
includeMopTerm 	= 0    
constrainMop    = 0   
Parameters after format file: pBinTau 0 pBinPhi 0 constraintau 1 includeMopTerm 0 constrainMop 0 c_e_scale 0.000000 
Opening file /gm2data/tbarrett/gm2fr/studies/run23_bunch_corrections/CorrectedFourier_Run3b.root.
reading full fit data from /gm2data/zkhechad/cboTemplates/Run4CBOTemplates/fullFits/noRF/sBin_constraintOn_cE0.0_seed0_noRF_calo21.root
windowBins = 34
fitting sliding window 35 from bin 171 at 25.364000 to bin 205 at 30.586000 (34 bins)

Reading data from /gm2data/cornell/histograms/aMethod/histogram_a_noRF.root
 **********
 **    1 **SET PRINTOUT            1
 **********
 **********
 **    2 **SET NOWARNINGS 
 **********
 PARAMETER DEFINITIONS:
    NO.   NAME         VALUE      STEP SIZE      LIMITS
     1 N0           2.83609e+06  1.00000e+02     no limits
     2 tau          6.44055e+01  constant
     3 A0           3.54106e-01  1.00000e-04     no limits
     4 phi          4.11637e+00  1.00000e-02     no limits
     5 R           -5.93657e+01  constant
     6 alpha_CBO    0.00000e+00  1.00000e-03     no limits
     7 w_CBO        2.32500e+00  constant
     8 beta_CBO     0.00000e+00  1.00000e-03     no limits
     9 alpha_2CBO   0.00000e+00  1.00000e-03     no limits
    10 beta_2CBO    0.00000e+00  1.00000e-03     no limits
    11 alpha_y      0.00000e+00  1.00000e-03     no limits
    12 w_y          1.38860e+01  constant
    13 beta_y       0.00000e+00  1.00000e-03     no limits
    14 alpha_vw     0.00000e+00  1.00000e-03     no limits
    15 w_vw         1.43404e+01  constant
    16 beta_vw      0.00000e+00  1.00000e-03     no limits
    17 LM           6.62355e-05  constant
    18 zeta_y       0.00000e+00  constant
    19 zeta_vw      0.00000e+00  constant
    20 T_CBO        1.00000e+02  1.00000e+00    0.00000e+00  1.00000e+03
    21 alpha_A0     0.00000e+00  1.00000e-03     no limits
    22 beta_A0      0.00000e+00  1.00000e-03     no limits
    23 alpha_phi    0.00000e+00  1.00000e-03     no limits
    24 beta_phi     0.00000e+00  1.00000e-03     no limits
MINUIT - FIT ONLY WIGGLE
 **********
 **    3 **FIX            5
 **********
 PARAMETER    5  IS CONSTANT.   IGNORED.
 **********
 **    4 **FIX            6
 **********
 **********
 **    5 **FIX            7
 **********
 PARAMETER    7  IS CONSTANT.   IGNORED.
 **********
 **    6 **FIX            8
 **********
 **********
 **    7 **FIX            9
 **********
 **********
 **    8 **FIX           10
 **********
 **********
 **    9 **FIX           11
 **********
 **********
 **   10 **FIX           12
 **********
 PARAMETER   12  IS CONSTANT.   IGNORED.
 **********
 **   11 **FIX           13
 **********
 **********
 **   12 **FIX           14
 **********
 **********
 **   13 **FIX           15
 **********
 PARAMETER   15  IS CONSTANT.   IGNORED.
 **********
 **   14 **FIX           16
 **********
 **********
 **   15 **MIGRAD
 **********
 FIRST CALL TO USER FUNCTION AT NEW START POINT, WITH IFLAG=4.
 START MIGRAD MINIMIZATION.  STRATEGY  1.  CONVERGENCE WHEN EDM .LT. 1.00e-04
 FCN=10847.9 FROM MIGRAD    STATUS=INITIATE      435 CALLS         436 TOTAL
                     EDM= unknown      STRATEGY= 1      NO ERROR MATRIX       
  EXT PARAMETER               CURRENT GUESS       STEP         FIRST   
  NO.   NAME      VALUE            ERROR          SIZE      DERIVATIVE 
   1  N0           2.83609e+06   1.00000e+02   0.00000e+00   2.39209e-02
   2  tau          6.44055e+01   constant   
   3  A0           3.54106e-01   1.00000e-04   0.00000e+00  -3.59266e+05
   4  phi          4.11637e+00   1.00000e-02   0.00000e+00   2.03498e+05
   5  R           -5.93657e+01   constant   
   6  alpha_CBO    0.00000e+00     fixed    
   7  w_CBO        2.32500e+00   constant   
   8  beta_CBO     0.00000e+00     fixed    
   9  alpha_2CBO   0.00000e+00     fixed    
  10  beta_2CBO    0.00000e+00     fixed    
  11  alpha_y      0.00000e+00     fixed    
  12  w_y          1.38860e+01   constant   
  13  beta_y       0.00000e+00     fixed    
  14  alpha_vw     0.00000e+00     fixed    
  15  w_vw         1.43404e+01   constant   
  16  beta_vw      0.00000e+00     fixed    
  17  LM           6.62355e-05   constant   
  18  zeta_y       0.00000e+00   constant   
  19  zeta_vw      0.00000e+00   constant   
  20  T_CBO        1.00000e+02   1.00000e+00   0.00000e+00   0.00000e+00
  21  alpha_A0     0.00000e+00   1.00000e-03   0.00000e+00   9.19830e+04
  22  beta_A0      0.00000e+00   1.00000e-03   0.00000e+00   1.01834e+04
  23  alpha_phi    0.00000e+00   1.00000e-03   0.00000e+00   4.35073e+04
  24  beta_phi     0.00000e+00   1.00000e-03   0.00000e+00   6.55421e+03
 CALL LIMIT EXCEEDED IN MIGRAD.
 MIGRAD TERMINATED WITHOUT CONVERGENCE.
 FCN=3508.6 FROM MIGRAD    STATUS=CALL LIMIT   1321 CALLS        1322 TOTAL
                     EDM=10.1053    STRATEGY= 1  ERROR MATRIX UNCERTAINTY  40.6 per cent
  EXT PARAMETER                APPROXIMATE        STEP         FIRST   
  NO.   NAME      VALUE            ERROR          SIZE      DERIVATIVE 
   1  N0           2.85254e+06   3.33423e+01   4.02643e+01  -1.02035e-01
   2  tau          6.44055e+01   constant   
   3  A0           3.59749e-01   1.57938e-04  -5.19763e-05   5.22589e+03
   4  phi          4.07657e+00   3.77022e-04  -1.16733e-04  -8.19810e+03
   5  R           -5.93657e+01   constant   
   6  alpha_CBO    0.00000e+00     fixed    
   7  w_CBO        2.32500e+00   constant   
   8  beta_CBO     0.00000e+00     fixed    
   9  alpha_2CBO   0.00000e+00     fixed    
  10  beta_2CBO    0.00000e+00     fixed    
  11  alpha_y      0.00000e+00     fixed    
  12  w_y          1.38860e+01   constant   
  13  beta_y       0.00000e+00     fixed    
  14  alpha_vw     0.00000e+00     fixed    
  15  w_vw         1.43404e+01   constant   
  16  beta_vw      0.00000e+00     fixed    
  17  LM           6.62355e-05   constant   
  18  zeta_y       0.00000e+00   constant   
  19  zeta_vw      0.00000e+00   constant   
  20  T_CBO        2.03139e+01   5.25606e-01   4.68172e-03   6.28626e+03
  21  alpha_A0    -1.49511e-01   4.68557e-03  -5.65251e-03   1.62894e+03
  22  beta_A0      1.13468e-01   3.79753e-03   4.58351e-03  -1.16006e+03
  23  alpha_phi    8.98096e-02   3.32285e-03   3.97250e-03  -7.80506e+02
  24  beta_phi     1.70186e-01   5.19319e-03   6.26741e-03  -1.41234e+03
 EXTERNAL ERROR MATRIX.    NDIM=  25    NPAR=  8    ERR DEF=1
  1.112e+03 -1.186e-03 -2.080e-03  1.730e+01 -1.544e-01  1.248e-01  1.080e-01  1.714e-01 
 -1.186e-03  2.494e-08 -2.287e-09 -2.018e-05  1.224e-07 -1.667e-07 -1.818e-07 -1.180e-07 
 -2.080e-03 -2.287e-09  1.421e-07 -1.456e-05  3.591e-07 -3.609e-07 -3.150e-07 -4.660e-07 
  1.730e+01 -2.018e-05 -1.456e-05  2.763e-01 -2.403e-03  1.932e-03  1.671e-03  2.655e-03 
 -1.544e-01  1.224e-07  3.591e-07 -2.403e-03  2.195e-05 -1.725e-05 -1.492e-05 -2.391e-05 
  1.248e-01 -1.667e-07 -3.609e-07  1.932e-03 -1.725e-05  1.442e-05  1.233e-05  1.927e-05 
  1.080e-01 -1.818e-07 -3.150e-07  1.671e-03 -1.492e-05  1.233e-05  1.104e-05  1.655e-05 
  1.714e-01 -1.180e-07 -4.660e-07  2.655e-03 -2.391e-05  1.927e-05  1.655e-05  2.697e-05 
ERR MATRIX APPROXIMATE
 PARAMETER  CORRELATION COEFFICIENTS  
       NO.  GLOBAL      1      3      4     20     21     22     23     24
        1  0.99902   1.000 -0.225 -0.165  0.987 -0.988  0.986  0.975  0.990
        3  0.81667  -0.225  1.000 -0.038 -0.243  0.165 -0.278 -0.346 -0.144
        4  0.92495  -0.165 -0.038  1.000 -0.073  0.203 -0.252 -0.251 -0.238
       20  0.99375   0.987 -0.243 -0.073  1.000 -0.976  0.968  0.957  0.973
       21  0.99349  -0.988  0.165  0.203 -0.976  1.000 -0.969 -0.958 -0.983
       22  0.99361   0.986 -0.278 -0.252  0.968 -0.969  1.000  0.977  0.977
       23  0.99017   0.975 -0.346 -0.251  0.957 -0.958  0.977  1.000  0.959
       24  0.99687   0.990 -0.144 -0.238  0.973 -0.983  0.977  0.959  1.000
 ERR MATRIX APPROXIMATE
MINUIT - FIT ONLY 1-CBO + wiggle
 **********
 **   16 **RES 
 **********
                   PARAMETER   16  beta_vw RESTORED TO VARIABLE.
                   PARAMETER   14  alpha_vw RESTORED TO VARIABLE.
                   PARAMETER   13  beta_y RESTORED TO VARIABLE.
                   PARAMETER   11  alpha_y RESTORED TO VARIABLE.
                   PARAMETER   10  beta_2CBO RESTORED TO VARIABLE.
                   PARAMETER    9  alpha_2CBO RESTORED TO VARIABLE.
                   PARAMETER    8  beta_CBO RESTORED TO VARIABLE.
                   PARAMETER    6  alpha_CBO RESTORED TO VARIABLE.
 **********
 **   17 **FIX            8
 **********
 **********
 **   18 **FIX            9
 **********
 **********
 **   19 **FIX           11
 **********
 **********
 **   20 **FIX           12
 **********
 PARAMETER   12  IS CONSTANT.   IGNORED.
 **********
 **   21 **FIX           14
 **********
 **********
 **   22 **FIX           15
 **********
 PARAMETER   15  IS CONSTANT.   IGNORED.
 **********
 **   23 **FIX           16
 **********
 **********
 **   24 **MIGRAD
 **********
 START MIGRAD MINIMIZATION.  STRATEGY  1.  CONVERGENCE WHEN EDM .LT. 1.00e-04
 FCN=3508.6 FROM MIGRAD    STATUS=INITIATE       28 CALLS        1350 TOTAL
                     EDM= unknown      STRATEGY= 1      NO ERROR MATRIX       
  EXT PARAMETER               CURRENT GUESS       STEP         FIRST   
  NO.   NAME      VALUE            ERROR          SIZE      DERIVATIVE 
   1  N0           2.85254e+06   3.33423e+01   4.02643e+01  -1.02035e-01
   2  tau          6.44055e+01   constant   
   3  A0           3.59749e-01   1.57938e-04  -5.19763e-05   5.22589e+03
   4  phi          4.07657e+00   3.77022e-04  -1.16733e-04  -8.19810e+03
   5  R           -5.93657e+01   constant   
   6  alpha_CBO    0.00000e+00   1.00000e-03   1.00000e-03   6.08400e+05
   7  w_CBO        2.32500e+00   constant   
   8  beta_CBO     0.00000e+00     fixed    
   9  alpha_2CBO   0.00000e+00     fixed    
  10  beta_2CBO    0.00000e+00   1.00000e-03   1.00000e-03  -3.64996e+05
  11  alpha_y      0.00000e+00     fixed    
  12  w_y          1.38860e+01   constant   
  13  beta_y       0.00000e+00   1.00000e-03   1.00000e-03   1.25607e+05
  14  alpha_vw     0.00000e+00     fixed    
  15  w_vw         1.43404e+01   constant   
  16  beta_vw      0.00000e+00     fixed    
  17  LM           6.62355e-05   constant   
  18  zeta_y       0.00000e+00   constant   
  19  zeta_vw      0.00000e+00   constant   
  20  T_CBO        2.03139e+01   5.25606e-01   4.68172e-03  -6.28626e+03
  21  alpha_A0    -1.49511e-01   4.68557e-03  -5.65251e-03   1.62894e+03
  22  beta_A0      1.13468e-01   3.79753e-03   4.58351e-03  -1.16006e+03
  23  alpha_phi    8.98096e-02   3.32285e-03   3.97250e-03  -7.80506e+02
  24  beta_phi     1.70186e-01   5.19319e-03   6.26741e-03  -1.41234e+03
 CALL LIMIT EXCEEDED IN MIGRAD.
 MIGRAD TERMINATED WITHOUT CONVERGENCE.
 FCN=826.592 FROM MIGRAD    STATUS=CALL LIMIT   1926 CALLS        3248 TOTAL
                     EDM=0.0259891    STRATEGY= 1  ERROR MATRIX UNCERTAINTY   0.4 per cent
  EXT PARAMETER                APPROXIMATE        STEP         FIRST   
  NO.   NAME      VALUE            ERROR          SIZE      DERIVATIVE 
   1  N0           2.87150e+06   1.26319e+03  -3.66554e+00  -1.24444e-04
   2  tau          6.44055e+01   constant   
   3  A0           3.53477e-01   3.26878e-04   3.71692e-06   1.45138e+02
   4  phi          4.05386e+00   2.07697e-03   9.30955e-06   5.14261e+01
   5  R           -5.93657e+01   constant   
   6  alpha_CBO   -4.05601e-03   2.93677e-04  -1.26863e-06  -6.31265e+01
   7  w_CBO        2.32500e+00   constant   
   8  beta_CBO     0.00000e+00     fixed    
   9  alpha_2CBO   0.00000e+00     fixed    
  10  beta_2CBO    1.27663e-03   1.39076e-04  -1.63890e-07  -2.92772e+02
  11  alpha_y      0.00000e+00     fixed    
  12  w_y          1.38860e+01   constant   
  13  beta_y      -8.35338e-04   1.05333e-04   5.02526e-07   8.17594e+01
  14  alpha_vw     0.00000e+00     fixed    
  15  w_vw         1.43404e+01   constant   
  16  beta_vw      0.00000e+00     fixed    
  17  LM           6.62355e-05   constant   
  18  zeta_y       0.00000e+00   constant   
  19  zeta_vw      0.00000e+00   constant   
  20  T_CBO        4.42650e+01   6.15320e+00   1.43152e-03   1.54630e+01
  21  alpha_A0    -8.70916e-02   7.77172e-03   3.47656e-04   7.94435e+01
  22  beta_A0      1.17817e-01   1.10296e-02  -4.73910e-04  -7.15372e+01
  23  alpha_phi    1.19114e-01   1.07360e-02  -4.57404e-04   1.15377e+02
  24  beta_phi     1.02671e-01   8.75600e-03  -3.85509e-04   8.77427e+01
 EXTERNAL ERROR MATRIX.    NDIM=  25    NPAR= 11    ERR DEF=1
  1.596e+06 
  2.415e-01  1.068e-07 
 -2.567e+00 -4.115e-07  4.314e-06 
  3.174e-01  7.373e-08 -5.346e-07  8.625e-08 
  8.258e-02  2.408e-08 -1.460e-07  2.243e-08  1.934e-08 
 -1.680e-02 -2.492e-09  2.640e-08 -3.061e-09 -1.581e-10  1.110e-08 
  1.305e+03  1.010e-03 -1.805e-03  3.224e-04  1.257e-04  3.314e-05  3.787e+01 
 -2.224e+00  5.233e-07  4.141e-06 -4.553e-07 -5.660e-08  8.461e-08  4.363e-02  6.040e-05 
  2.371e+00 -1.178e-06 -4.498e-06  3.290e-07 -2.050e-09 -1.081e-07 -6.373e-02 -8.441e-05  1.217e-04 
  2.834e+00 -1.133e-06 -5.195e-06  4.016e-07  2.173e-08 -1.063e-07 -6.099e-02 -8.210e-05  1.178e-04  1.153e-04 
  3.029e+00 -3.613e-07 -5.603e-06  6.678e-07  1.681e-07 -1.014e-07 -4.774e-02 -6.710e-05  9.391e-05  9.100e-05  7.667e-05 
ERR MATRIX APPROXIMATE
 PARAMETER  CORRELATION COEFFICIENTS  
       NO.  GLOBAL      1      3      4      6     10     13     20     21     22     23     24
        1  0.98633   1.000  0.585 -0.978  0.855  0.470 -0.126  0.168 -0.227  0.170  0.209  0.274
        3  0.96636   0.585  1.000 -0.606  0.768  0.530 -0.072  0.502  0.206 -0.327 -0.323 -0.126
        4  0.99147  -0.978 -0.606  1.000 -0.876 -0.505  0.121 -0.141  0.257 -0.196 -0.233 -0.308
        6  0.93775   0.855  0.768 -0.876  1.000  0.549 -0.099  0.178 -0.200  0.102  0.127  0.260
       10  0.68103   0.470  0.530 -0.505  0.549  1.000 -0.011  0.147 -0.052 -0.001  0.015  0.138
       13  0.18239  -0.126 -0.072  0.121 -0.099 -0.011  1.000  0.051  0.103 -0.093 -0.094 -0.110
       20  0.99898   0.168  0.502 -0.141  0.178  0.147  0.051  1.000  0.912 -0.939 -0.923 -0.886
       21  0.99574  -0.227  0.206  0.257 -0.200 -0.052  0.103  0.912  1.000 -0.985 -0.984 -0.986
       22  0.99799   0.170 -0.327 -0.196  0.102 -0.001 -0.093 -0.939 -0.985  1.000  0.995  0.972
       23  0.99832   0.209 -0.323 -0.233  0.127  0.015 -0.094 -0.923 -0.984  0.995  1.000  0.968
       24  0.99645   0.274 -0.126 -0.308  0.260  0.138 -0.110 -0.886 -0.986  0.972  0.968  1.000
 ERR MATRIX APPROXIMATE
MINUIT - FIT ONLY 2-CBO
 **********
 **   25 **RES 
 **********
                   PARAMETER   16  beta_vw RESTORED TO VARIABLE.
                   PARAMETER   14  alpha_vw RESTORED TO VARIABLE.
                   PARAMETER   11  alpha_y RESTORED TO VARIABLE.
                   PARAMETER    9  alpha_2CBO RESTORED TO VARIABLE.
                   PARAMETER    8  beta_CBO RESTORED TO VARIABLE.
 **********
 **   26 **FIX            0
 **********
 PARAMETER    0  IS UNDEFINED. IGNORED.
 **********
 **   27 **FIX            1
 **********
 **********
 **   28 **FIX            2
 **********
 PARAMETER    2  IS CONSTANT.   IGNORED.
 **********
 **   29 **FIX            3
 **********
 **********
 **   30 **FIX            4
 **********
 **********
 **   31 **FIX            5
 **********
 PARAMETER    5  IS CONSTANT.   IGNORED.
 **********
 **   32 **FIX            6
 **********
 **********
 **   33 **FIX            7
 **********
 PARAMETER    7  IS CONSTANT.   IGNORED.
 **********
 **   34 **FIX           10
 **********
 **********
 **   35 **FIX           11
 **********
 **********
 **   36 **FIX           12
 **********
 PARAMETER   12  IS CONSTANT.   IGNORED.
 **********
 **   37 **FIX           13
 **********
 **********
 **   38 **FIX           14
 **********
 **********
 **   39 **FIX           15
 **********
 PARAMETER   15  IS CONSTANT.   IGNORED.
 **********
 **   40 **FIX           16
 **********
 **********
 **   41 **MIGRAD
 **********
 START MIGRAD MINIMIZATION.  STRATEGY  1.  CONVERGENCE WHEN EDM .LT. 1.00e-04
 FCN=826.592 FROM MIGRAD    STATUS=INITIATE       18 CALLS        3266 TOTAL
                     EDM= unknown      STRATEGY= 1      NO ERROR MATRIX       
  EXT PARAMETER               CURRENT GUESS       STEP         FIRST   
  NO.   NAME      VALUE            ERROR          SIZE      DERIVATIVE 
   1  N0           2.87150e+06     fixed    
   2  tau          6.44055e+01   constant   
   3  A0           3.53477e-01     fixed    
   4  phi          4.05386e+00     fixed    
   5  R           -5.93657e+01   constant   
   6  alpha_CBO   -4.05601e-03     fixed    
   7  w_CBO        2.32500e+00   constant   
   8  beta_CBO     0.00000e+00   1.00000e-03   1.00000e-03  -2.74634e+04
   9  alpha_2CBO   0.00000e+00   1.00000e-03   1.00000e-03  -5.57842e+04
  10  beta_2CBO    1.27663e-03     fixed    
  11  alpha_y      0.00000e+00     fixed    
  12  w_y          1.38860e+01   constant   
  13  beta_y      -8.35338e-04     fixed    
  14  alpha_vw     0.00000e+00     fixed    
  15  w_vw         1.43404e+01   constant   
  16  beta_vw      0.00000e+00     fixed    
  17  LM           6.62355e-05   constant   
  18  zeta_y       0.00000e+00   constant   
  19  zeta_vw      0.00000e+00   constant   
  20  T_CBO        4.42650e+01   6.15320e+00   1.43152e-03   1.54629e+01
  21  alpha_A0    -8.70916e-02   7.77172e-03   3.47656e-04   7.94435e+01
  22  beta_A0      1.17817e-01   1.10296e-02  -4.73910e-04  -7.15372e+01
  23  alpha_phi    1.19114e-01   1.07360e-02  -4.57404e-04   1.15377e+02
  24  beta_phi     1.02671e-01   8.75600e-03  -3.85509e-04   8.77427e+01
 MIGRAD MINIMIZATION HAS CONVERGED.
 MIGRAD WILL VERIFY CONVERGENCE AND ERROR MATRIX.
 COVARIANCE MATRIX CALCULATED SUCCESSFULLY
 FCN=814.98 FROM MIGRAD    STATUS=CONVERGED     400 CALLS        3648 TOTAL
                     EDM=2.83517e-06    STRATEGY= 1      ERROR MATRIX ACCURATE 
  EXT PARAMETER                                   STEP         FIRST   
  NO.   NAME      VALUE            ERROR          SIZE      DERIVATIVE 
   1  N0           2.87150e+06     fixed    
   2  tau          6.44055e+01   constant   
   3  A0           3.53477e-01     fixed    
   4  phi          4.05386e+00     fixed    
   5  R           -5.93657e+01   constant   
   6  alpha_CBO   -4.05601e-03     fixed    
   7  w_CBO        2.32500e+00   constant   
   8  beta_CBO     8.78367e-05   1.44895e-04   1.51209e-06  -6.72950e+00
   9  alpha_2CBO   3.71269e-04   1.29890e-04   1.46495e-06   3.16346e+00
  10  beta_2CBO    1.27663e-03     fixed    
  11  alpha_y      0.00000e+00     fixed    
  12  w_y          1.38860e+01   constant   
  13  beta_y      -8.35338e-04     fixed    
  14  alpha_vw     0.00000e+00     fixed    
  15  w_vw         1.43404e+01   constant   
  16  beta_vw      0.00000e+00     fixed    
  17  LM           6.62355e-05   constant   
  18  zeta_y       0.00000e+00   constant   
  19  zeta_vw      0.00000e+00   constant   
  20  T_CBO        5.26938e+01   1.86562e+01   2.50601e-05  -2.78321e-01
  21  alpha_A0    -7.89171e-02   1.46923e-02   9.14730e-06  -3.90222e-01
  22  beta_A0      1.05883e-01   2.00816e-02   9.17103e-06  -1.52792e-01
  23  alpha_phi    1.08456e-01   1.99938e-02   9.47181e-06  -3.24792e-01
  24  beta_phi     9.26634e-02   1.75715e-02   9.73183e-06  -9.43715e-01
 EXTERNAL ERROR MATRIX.    NDIM=  25    NPAR=  7    ERR DEF=1
  2.099e-08 -7.150e-09 -1.730e-03 -1.364e-06  1.854e-06  1.853e-06  1.640e-06 
 -7.150e-09  1.687e-08  1.210e-03  9.494e-07 -1.317e-06 -1.274e-06 -1.146e-06 
 -1.730e-03  1.210e-03  3.489e+02  2.741e-01 -3.749e-01 -3.732e-01 -3.279e-01 
 -1.364e-06  9.494e-07  2.741e-01  2.159e-04 -2.946e-04 -2.934e-04 -2.577e-04 
  1.854e-06 -1.317e-06 -3.749e-01 -2.946e-04  4.033e-04  4.010e-04  3.524e-04 
  1.853e-06 -1.274e-06 -3.732e-01 -2.934e-04  4.010e-04  3.998e-04  3.508e-04 
  1.640e-06 -1.146e-06 -3.279e-01 -2.577e-04  3.524e-04  3.508e-04  3.088e-04 
 PARAMETER  CORRELATION COEFFICIENTS  
       NO.  GLOBAL      8      9     20     21     22     23     24
        8  0.66348   1.000 -0.380 -0.639 -0.641  0.637  0.640  0.644
        9  0.58835  -0.380  1.000  0.499  0.498 -0.505 -0.491 -0.502
       20  0.99977  -0.639  0.499  1.000  0.999 -0.999 -0.999 -0.999
       21  0.99900  -0.641  0.498  0.999  1.000 -0.999 -0.999 -0.998
       22  0.99946   0.637 -0.505 -0.999 -0.999  1.000  0.999  0.999
       23  0.99942   0.640 -0.491 -0.999 -0.999  0.999  1.000  0.999
       24  0.99921   0.644 -0.502 -0.999 -0.998  0.999  0.999  1.000
MINUIT - FIT wiggle + 1-CBO + 2-CBO
 **********
 **   42 **RES 
 **********
                   PARAMETER   16  beta_vw RESTORED TO VARIABLE.
                   PARAMETER   14  alpha_vw RESTORED TO VARIABLE.
                   PARAMETER   13  beta_y RESTORED TO VARIABLE.
                   PARAMETER   11  alpha_y RESTORED TO VARIABLE.
                   PARAMETER   10  beta_2CBO RESTORED TO VARIABLE.
                   PARAMETER    6  alpha_CBO RESTORED TO VARIABLE.
                   PARAMETER    4  phi RESTORED TO VARIABLE.
                   PARAMETER    3  A0 RESTORED TO VARIABLE.
                   PARAMETER    1  N0 RESTORED TO VARIABLE.
 **********
 **   43 **FIX           10
 **********
 **********
 **   44 **FIX           11
 **********
 **********
 **   45 **FIX           12
 **********
 PARAMETER   12  IS CONSTANT.   IGNORED.
 **********
 **   46 **FIX           13
 **********
 **********
 **   47 **FIX           14
 **********
 **********
 **   48 **FIX           15
 **********
 PARAMETER   15  IS CONSTANT.   IGNORED.
 **********
 **   49 **FIX           16
 **********
 **********
 **   50 **MIGRAD
 **********
 START MIGRAD MINIMIZATION.  STRATEGY  1.  CONVERGENCE WHEN EDM .LT. 1.00e-04
 FCN=814.98 FROM MIGRAD    STATUS=INITIATE       22 CALLS        3670 TOTAL
                     EDM= unknown      STRATEGY= 1      NO ERROR MATRIX       
  EXT PARAMETER               CURRENT GUESS       STEP         FIRST   
  NO.   NAME      VALUE            ERROR          SIZE      DERIVATIVE 
   1  N0           2.87150e+06   1.26319e+03   1.26319e+03  -2.20782e-03
   2  tau          6.44055e+01   constant   
   3  A0           3.53477e-01   3.26878e-04   3.26878e-04   9.45220e+02
   4  phi          4.05386e+00   2.07697e-03   2.07697e-03  -2.23636e+03
   5  R           -5.93657e+01   constant   
   6  alpha_CBO   -4.05601e-03   2.93677e-04   2.93677e-04   2.29128e+03
   7  w_CBO        2.32500e+00   constant   
   8  beta_CBO     8.78367e-05   1.44895e-04   1.51209e-06  -6.72944e+00
   9  alpha_2CBO   3.71269e-04   1.29890e-04   1.46495e-06   3.16347e+00
  10  beta_2CBO    1.27663e-03     fixed    
  11  alpha_y      0.00000e+00     fixed    
  12  w_y          1.38860e+01   constant   
  13  beta_y      -8.35338e-04     fixed    
  14  alpha_vw     0.00000e+00     fixed    
  15  w_vw         1.43404e+01   constant   
  16  beta_vw      0.00000e+00     fixed    
  17  LM           6.62355e-05   constant   
  18  zeta_y       0.00000e+00   constant   
  19  zeta_vw      0.00000e+00   constant   
  20  T_CBO        5.26938e+01   1.86562e+01   2.50601e-05  -2.79121e-01
  21  alpha_A0    -7.89171e-02   1.46923e-02   9.14730e-06  -3.90290e-01
  22  beta_A0      1.05883e-01   2.00816e-02   9.17103e-06  -1.52824e-01
  23  alpha_phi    1.08456e-01   1.99938e-02   9.47181e-06  -3.24788e-01
  24  beta_phi     9.26634e-02   1.75715e-02   9.73183e-06  -9.43716e-01
 MIGRAD MINIMIZATION HAS CONVERGED.
 FCN=807.073 FROM MIGRAD    STATUS=CONVERGED     365 CALLS        4013 TOTAL
                     EDM=2.54394e-06    STRATEGY= 1  ERROR MATRIX UNCERTAINTY   2.5 per cent
  EXT PARAMETER                                   STEP         FIRST   
  NO.   NAME      VALUE            ERROR          SIZE      DERIVATIVE 
   1  N0           2.86251e+06   3.26164e+03  -1.80577e+01   6.43538e-07
   2  tau          6.44055e+01   constant   
   3  A0           3.54072e-01   5.17912e-04   1.34020e-06  -1.40098e+01
   4  phi          4.06905e+00   5.43827e-03   3.07239e-05   2.12681e+00
   5  R           -5.93657e+01   constant   
   6  alpha_CBO   -5.08253e-03   3.71492e-04  -5.81091e-07   1.05477e+01
   7  w_CBO        2.32500e+00   constant   
   8  beta_CBO     1.29486e-03   4.85200e-04   2.64596e-06   1.01662e+01
   9  alpha_2CBO   9.12474e-05   1.76388e-04  -3.60926e-07  -1.61151e+00
  10  beta_2CBO    1.27663e-03     fixed    
  11  alpha_y      0.00000e+00     fixed    
  12  w_y          1.38860e+01   constant   
  13  beta_y      -8.35338e-04     fixed    
  14  alpha_vw     0.00000e+00     fixed    
  15  w_vw         1.43404e+01   constant   
  16  beta_vw      0.00000e+00     fixed    
  17  LM           6.62355e-05   constant   
  18  zeta_y       0.00000e+00   constant   
  19  zeta_vw      0.00000e+00   constant   
  20  T_CBO        3.93587e+01   4.44053e+00  -1.31114e-04  -6.03921e-02
  21  alpha_A0    -7.44158e-02   1.71605e-03   1.03873e-05  -2.79950e+00
  22  beta_A0      9.30384e-02   4.92741e-03  -3.13279e-05   1.57179e+00
  23  alpha_phi    9.14970e-02   6.84129e-03  -3.46998e-05  -4.10930e-01
  24  beta_phi     8.94016e-02   1.97360e-03   6.53921e-07  -3.53887e-02
 EXTERNAL ERROR MATRIX.    NDIM=  25    NPAR= 11    ERR DEF=1
  1.064e+07 
 -1.102e+00  2.682e-07 
 -1.768e+01  1.836e-06  2.957e-05 
  1.038e+00 -4.532e-08 -1.735e-06  1.380e-07 
 -1.490e+00  1.976e-07  2.498e-06 -1.296e-07  2.354e-07 
  3.689e-01 -6.835e-08 -6.201e-07  2.547e-08 -6.181e-08  3.111e-08 
  1.443e+04 -1.520e-03 -2.408e-02  1.407e-03 -2.037e-03  5.065e-04  1.972e+01 
 -3.774e+00 -2.699e-08  6.298e-06 -5.477e-07  4.121e-07 -5.252e-08 -5.066e-03  2.945e-06 
  1.575e+01 -1.880e-06 -2.627e-05  1.436e-06 -2.293e-06  5.786e-07  2.141e-02 -4.935e-06  2.428e-05 
  2.171e+01 -2.793e-06 -3.620e-05  1.909e-06 -3.204e-06  8.825e-07  2.956e-02 -6.248e-06  3.293e-05  4.680e-05 
  1.544e+00  5.264e-07 -2.613e-06  4.335e-07 -1.677e-08 -8.829e-08  1.985e-03 -2.393e-06  1.120e-06  7.084e-07  3.895e-06 
 PARAMETER  CORRELATION COEFFICIENTS  
       NO.  GLOBAL      1      3      4      6      8      9     20     21     22     23     24
        1  0.99785   1.000 -0.652 -0.997  0.856 -0.941  0.641  0.996 -0.674  0.980  0.973  0.240
        3  0.98094  -0.652  1.000  0.652 -0.236  0.786 -0.748 -0.661 -0.030 -0.737 -0.788  0.515
        4  0.99881  -0.997  0.652  1.000 -0.859  0.947 -0.646 -0.997  0.675 -0.980 -0.973 -0.243
        6  0.96151   0.856 -0.236 -0.859  1.000 -0.719  0.389  0.853 -0.859  0.784  0.751  0.591
        8  0.97480  -0.941  0.786  0.947 -0.719  1.000 -0.722 -0.945  0.495 -0.959 -0.965 -0.018
        9  0.81242   0.641 -0.748 -0.646  0.389 -0.722  1.000  0.647 -0.174  0.666  0.731 -0.254
       20  0.99806   0.996 -0.661 -0.997  0.853 -0.945  0.647  1.000 -0.665  0.979  0.973  0.227
       21  0.91985  -0.674 -0.030  0.675 -0.859  0.495 -0.174 -0.665  1.000 -0.584 -0.532 -0.707
       22  0.99123   0.980 -0.737 -0.980  0.784 -0.959  0.666  0.979 -0.584  1.000  0.977  0.115
       23  0.99507   0.973 -0.788 -0.973  0.751 -0.965  0.731  0.973 -0.532  0.977  1.000  0.052
       24  0.93230   0.240  0.515 -0.243  0.591 -0.018 -0.254  0.227 -0.707  0.115  0.052  1.000
MINUIT - FIT ONLY 1-y
 **********
 **   51 **RES 
 **********
                   PARAMETER   16  beta_vw RESTORED TO VARIABLE.
                   PARAMETER   14  alpha_vw RESTORED TO VARIABLE.
                   PARAMETER   13  beta_y RESTORED TO VARIABLE.
                   PARAMETER   11  alpha_y RESTORED TO VARIABLE.
                   PARAMETER   10  beta_2CBO RESTORED TO VARIABLE.
 **********
 **   52 **FIX            0
 **********
 PARAMETER    0  IS UNDEFINED. IGNORED.
 **********
 **   53 **FIX            1
 **********
 **********
 **   54 **FIX            2
 **********
 PARAMETER    2  IS CONSTANT.   IGNORED.
 **********
 **   55 **FIX            3
 **********
 **********
 **   56 **FIX            4
 **********
 **********
 **   57 **FIX            5
 **********
 PARAMETER    5  IS CONSTANT.   IGNORED.
 **********
 **   58 **FIX            6
 **********
 **********
 **   59 **FIX            7
 **********
 PARAMETER    7  IS CONSTANT.   IGNORED.
 **********
 **   60 **FIX            8
 **********
 **********
 **   61 **FIX            9
 **********
 **********
 **   62 **FIX           13
 **********
 **********
 **   63 **FIX           14
 **********
 **********
 **   64 **FIX           15
 **********
 PARAMETER   15  IS CONSTANT.   IGNORED.
 **********
 **   65 **FIX           16
 **********
 **********
 **   66 **MIGRAD
 **********
 START MIGRAD MINIMIZATION.  STRATEGY  1.  CONVERGENCE WHEN EDM .LT. 1.00e-04
 FCN=807.073 FROM MIGRAD    STATUS=INITIATE       16 CALLS        4029 TOTAL
                     EDM= unknown      STRATEGY= 1      NO ERROR MATRIX       
  EXT PARAMETER               CURRENT GUESS       STEP         FIRST   
  NO.   NAME      VALUE            ERROR          SIZE      DERIVATIVE 
   1  N0           2.86251e+06     fixed    
   2  tau          6.44055e+01   constant   
   3  A0           3.54072e-01     fixed    
   4  phi          4.06905e+00     fixed    
   5  R           -5.93657e+01   constant   
   6  alpha_CBO   -5.08253e-03     fixed    
   7  w_CBO        2.32500e+00   constant   
   8  beta_CBO     1.29486e-03     fixed    
   9  alpha_2CBO   9.12474e-05     fixed    
  10  beta_2CBO    1.27663e-03   1.39076e-04   1.39076e-04   3.07834e+04
  11  alpha_y      0.00000e+00   1.00000e-03   1.00000e-03   6.85451e+04
  12  w_y          1.38860e+01   constant   
  13  beta_y      -8.35338e-04     fixed    
  14  alpha_vw     0.00000e+00     fixed    
  15  w_vw         1.43404e+01   constant   
  16  beta_vw      0.00000e+00     fixed    
  17  LM           6.62355e-05   constant   
  18  zeta_y       0.00000e+00   constant   
  19  zeta_vw      0.00000e+00   constant   
  20  T_CBO        3.93587e+01   4.44053e+00  -1.31114e-04  -6.03914e-02
  21  alpha_A0    -7.44158e-02   1.71605e-03   1.03873e-05  -2.79951e+00
  22  beta_A0      9.30384e-02   4.92741e-03  -3.13279e-05   1.57179e+00
  23  alpha_phi    9.14970e-02   6.84129e-03  -3.46998e-05  -4.10931e-01
  24  beta_phi     8.94016e-02   1.97360e-03   6.53921e-07  -3.53911e-02
 MIGRAD MINIMIZATION HAS CONVERGED.
 MIGRAD WILL VERIFY CONVERGENCE AND ERROR MATRIX.
 COVARIANCE MATRIX CALCULATED SUCCESSFULLY
 FCN=790.261 FROM MIGRAD    STATUS=CONVERGED     350 CALLS        4363 TOTAL
                     EDM=2.07069e-06    STRATEGY= 1      ERROR MATRIX ACCURATE 
  EXT PARAMETER                                   STEP         FIRST   
  NO.   NAME      VALUE            ERROR          SIZE      DERIVATIVE 
   1  N0           2.86251e+06     fixed    
   2  tau          6.44055e+01   constant   
   3  A0           3.54072e-01     fixed    
   4  phi          4.06905e+00     fixed    
   5  R           -5.93657e+01   constant   
   6  alpha_CBO   -5.08253e-03     fixed    
   7  w_CBO        2.32500e+00   constant   
   8  beta_CBO     1.29486e-03     fixed    
   9  alpha_2CBO   9.12474e-05     fixed    
  10  beta_2CBO    1.06220e-03   1.17053e-04   1.46014e-06   8.42507e+00
  11  alpha_y     -3.93845e-04   1.06920e-04   1.46328e-06  -2.23250e+00
  12  w_y          1.38860e+01   constant   
  13  beta_y      -8.35338e-04     fixed    
  14  alpha_vw     0.00000e+00     fixed    
  15  w_vw         1.43404e+01   constant   
  16  beta_vw      0.00000e+00     fixed    
  17  LM           6.62355e-05   constant   
  18  zeta_y       0.00000e+00   constant   
  19  zeta_vw      0.00000e+00   constant   
  20  T_CBO        4.60464e+01   1.39889e+01   2.68242e-05  -8.86905e-01
  21  alpha_A0    -6.75308e-02   1.22657e-02   9.75658e-06   3.35312e-01
  22  beta_A0      8.41842e-02   1.55979e-02   9.75226e-06  -1.18619e+00
  23  alpha_phi    8.26489e-02   1.50281e-02   1.00376e-05  -7.35146e-01
  24  beta_phi     8.02123e-02   1.48654e-02   1.04258e-05  -1.72216e+00
 EXTERNAL ERROR MATRIX.    NDIM=  25    NPAR=  7    ERR DEF=1
  1.370e-08  1.950e-10 -3.630e-04 -2.977e-07  3.904e-07  3.914e-07  4.078e-07 
  1.950e-10  1.143e-08 -1.101e-04 -9.680e-08  1.200e-07  1.176e-07  1.183e-07 
 -3.630e-04 -1.101e-04  1.960e+02  1.714e-01 -2.181e-01 -2.101e-01 -2.078e-01 
 -2.977e-07 -9.680e-08  1.714e-01  1.504e-04 -1.909e-04 -1.839e-04 -1.817e-04 
  3.904e-07  1.200e-07 -2.181e-01 -1.909e-04  2.433e-04  2.339e-04  2.313e-04 
  3.914e-07  1.176e-07 -2.101e-01 -1.839e-04  2.339e-04  2.258e-04  2.229e-04 
  4.078e-07  1.183e-07 -2.078e-01 -1.817e-04  2.313e-04  2.229e-04  2.210e-04 
 PARAMETER  CORRELATION COEFFICIENTS  
       NO.  GLOBAL     10     11     20     21     22     23     24
       10  0.41854   1.000  0.016 -0.222 -0.207  0.214  0.222  0.234
       11  0.08468   0.016  1.000 -0.074 -0.074  0.072  0.073  0.074
       20  0.99957  -0.222 -0.074  1.000  0.998 -0.999 -0.999 -0.999
       21  0.99832  -0.207 -0.074  0.998  1.000 -0.998 -0.997 -0.997
       22  0.99897   0.214  0.072 -0.999 -0.998  1.000  0.998  0.998
       23  0.99882   0.222  0.073 -0.999 -0.997  0.998  1.000  0.998
       24  0.99870   0.234  0.074 -0.999 -0.997  0.998  0.998  1.000
MINUIT - FIT ONLY 2-y
 **********
 **   67 **RES 
 **********
                   PARAMETER   16  beta_vw RESTORED TO VARIABLE.
                   PARAMETER   14  alpha_vw RESTORED TO VARIABLE.
                   PARAMETER   13  beta_y RESTORED TO VARIABLE.
                   PARAMETER    9  alpha_2CBO RESTORED TO VARIABLE.
                   PARAMETER    8  beta_CBO RESTORED TO VARIABLE.
                   PARAMETER    6  alpha_CBO RESTORED TO VARIABLE.
                   PARAMETER    4  phi RESTORED TO VARIABLE.
                   PARAMETER    3  A0 RESTORED TO VARIABLE.
                   PARAMETER    1  N0 RESTORED TO VARIABLE.
 **********
 **   68 **FIX            0
 **********
 PARAMETER    0  IS UNDEFINED. IGNORED.
 **********
 **   69 **FIX            1
 **********
 **********
 **   70 **FIX            2
 **********
 PARAMETER    2  IS CONSTANT.   IGNORED.
 **********
 **   71 **FIX            3
 **********
 **********
 **   72 **FIX            4
 **********
 **********
 **   73 **FIX            5
 **********
 PARAMETER    5  IS CONSTANT.   IGNORED.
 **********
 **   74 **FIX            6
 **********
 **********
 **   75 **FIX            7
 **********
 PARAMETER    7  IS CONSTANT.   IGNORED.
 **********
 **   76 **FIX            8
 **********
 **********
 **   77 **FIX            9
 **********
 **********
 **   78 **FIX           10
 **********
 **********
 **   79 **FIX           11
 **********
 **********
 **   80 **FIX           12
 **********
 PARAMETER   12  IS CONSTANT.   IGNORED.
 **********
 **   81 **FIX           16
 **********
 **********
 **   82 **MIGRAD
 **********
 START MIGRAD MINIMIZATION.  STRATEGY  1.  CONVERGENCE WHEN EDM .LT. 1.00e-04
 FCN=790.261 FROM MIGRAD    STATUS=INITIATE       16 CALLS        4379 TOTAL
                     EDM= unknown      STRATEGY= 1      NO ERROR MATRIX       
  EXT PARAMETER               CURRENT GUESS       STEP         FIRST   
  NO.   NAME      VALUE            ERROR          SIZE      DERIVATIVE 
   1  N0           2.86251e+06     fixed    
   2  tau          6.44055e+01   constant   
   3  A0           3.54072e-01     fixed    
   4  phi          4.06905e+00     fixed    
   5  R           -5.93657e+01   constant   
   6  alpha_CBO   -5.08253e-03     fixed    
   7  w_CBO        2.32500e+00   constant   
   8  beta_CBO     1.29486e-03     fixed    
   9  alpha_2CBO   9.12474e-05     fixed    
  10  beta_2CBO    1.06220e-03     fixed    
  11  alpha_y     -3.93845e-04     fixed    
  12  w_y          1.38860e+01   constant   
  13  beta_y      -8.35338e-04   1.05333e-04   1.05333e-04  -9.88841e+03
  14  alpha_vw     0.00000e+00   1.00000e-03   1.00000e-03  -4.60680e+04
  15  w_vw         1.43404e+01   constant   
  16  beta_vw      0.00000e+00     fixed    
  17  LM           6.62355e-05   constant   
  18  zeta_y       0.00000e+00   constant   
  19  zeta_vw      0.00000e+00   constant   
  20  T_CBO        4.60464e+01   1.39889e+01   2.68242e-05  -8.87649e-01
  21  alpha_A0    -6.75308e-02   1.22657e-02   9.75658e-06   3.35265e-01
  22  beta_A0      8.41842e-02   1.55979e-02   9.75226e-06  -1.18618e+00
  23  alpha_phi    8.26489e-02   1.50281e-02   1.00376e-05  -7.35146e-01
  24  beta_phi     8.02123e-02   1.48654e-02   1.04258e-05  -1.72216e+00
 MIGRAD MINIMIZATION HAS CONVERGED.
 MIGRAD WILL VERIFY CONVERGENCE AND ERROR MATRIX.
 COVARIANCE MATRIX CALCULATED SUCCESSFULLY
 FCN=783.746 FROM MIGRAD    STATUS=CONVERGED     252 CALLS        4615 TOTAL
                     EDM=4.45779e-07    STRATEGY= 1      ERROR MATRIX ACCURATE 
  EXT PARAMETER                                   STEP         FIRST   
  NO.   NAME      VALUE            ERROR          SIZE      DERIVATIVE 
   1  N0           2.86251e+06     fixed    
   2  tau          6.44055e+01   constant   
   3  A0           3.54072e-01     fixed    
   4  phi          4.06905e+00     fixed    
   5  R           -5.93657e+01   constant   
   6  alpha_CBO   -5.08253e-03     fixed    
   7  w_CBO        2.32500e+00   constant   
   8  beta_CBO     1.29486e-03     fixed    
   9  alpha_2CBO   9.12474e-05     fixed    
  10  beta_2CBO    1.06220e-03     fixed    
  11  alpha_y     -3.93845e-04     fixed    
  12  w_y          1.38860e+01   constant   
  13  beta_y      -7.49752e-04   1.05980e-04   1.43348e-06   2.26535e+00
  14  alpha_vw     2.64463e-04   1.05877e-04   1.43480e-06   2.18193e+00
  15  w_vw         1.43404e+01   constant   
  16  beta_vw      0.00000e+00     fixed    
  17  LM           6.62355e-05   constant   
  18  zeta_y       0.00000e+00   constant   
  19  zeta_vw      0.00000e+00   constant   
  20  T_CBO        4.84762e+01   1.51536e+01   2.89271e-05  -2.99443e-01
  21  alpha_A0    -6.54940e-02   1.16686e-02   9.42462e-06  -1.98941e-02
  22  beta_A0      8.15744e-02   1.48058e-02   9.41645e-06  -5.92885e-01
  23  alpha_phi    8.02376e-02   1.42571e-02   9.69949e-06  -6.18754e-01
  24  beta_phi     7.77769e-02   1.40471e-02   1.00741e-05  -2.28281e-01
 EXTERNAL ERROR MATRIX.    NDIM=  25    NPAR=  7    ERR DEF=1
  1.123e-08  1.320e-09  1.363e-04  1.073e-07 -1.357e-07 -1.271e-07 -1.274e-07 
  1.320e-09  1.121e-08  1.079e-04  8.410e-08 -1.079e-07 -1.004e-07 -1.010e-07 
  1.363e-04  1.079e-04  2.300e+02  1.766e-01 -2.243e-01 -2.159e-01 -2.127e-01 
  1.073e-07  8.410e-08  1.766e-01  1.362e-04 -1.723e-04 -1.659e-04 -1.634e-04 
 -1.357e-07 -1.079e-07 -2.243e-01 -1.723e-04  2.192e-04  2.106e-04  2.075e-04 
 -1.271e-07 -1.004e-07 -2.159e-01 -1.659e-04  2.106e-04  2.033e-04  1.998e-04 
 -1.274e-07 -1.010e-07 -2.127e-01 -1.634e-04  2.075e-04  1.998e-04  1.973e-04 
 PARAMETER  CORRELATION COEFFICIENTS  
       NO.  GLOBAL     13     14     20     21     22     23     24
       13  0.14888   1.000  0.118  0.085  0.087 -0.086 -0.084 -0.086
       14  0.13588   0.118  1.000  0.067  0.068 -0.069 -0.067 -0.068
       20  0.99955   0.085  0.067  1.000  0.998 -0.999 -0.999 -0.999
       21  0.99826   0.087  0.068  0.998  1.000 -0.998 -0.997 -0.997
       22  0.99892  -0.086 -0.069 -0.999 -0.998  1.000  0.998  0.998
       23  0.99876  -0.084 -0.067 -0.999 -0.997  0.998  1.000  0.998
       24  0.99863  -0.086 -0.068 -0.999 -0.997  0.998  0.998  1.000
MINUIT - FIT ALTOGETHER
