 + ++++++++++++++++++++++++++++++++++++++++++++++++++++++++++++++++++++ +
 +                                                                      +
 +           You have chose to blind your fitting according to          +
 +                omega_ref * (1 + (R +/- deltaR) *10^{-6})             +
 +                                                                      +
 + ++++++++++++++++++++++++++++++++++++++++++++++++++++++++++++++++++++ +
In main()...
reading format from /gm2data/zkhechad/run45/envelope/formats/formatB_sBin_constraintOn.txt
pBinTau 	= 0  
pBinPhi 	= 0  
constraintau 	= 1 
includeMopTerm 	= 0    
constrainMop    = 0   
Parameters after format file: pBinTau 0 pBinPhi 0 constraintau 1 includeMopTerm 0 constrainMop 0 c_e_scale 0.000000 
Opening file /gm2data/tbarrett/gm2fr/studies/run23_bunch_corrections/CorrectedFourier_Run3b.root.
reading full fit data from /gm2data/zkhechad/cboTemplates/Run4CBOTemplates/templateFits0_v2.0/noRF/sBin_constraintOn_cE0.0_seed0_noRF_calo5.root
windowBins = 17
fitting sliding window 0 from bin 136 at 20.142000 to bin 153 at 22.827600 (17 bins)

Reading data from /gm2data/cornell/histograms/aMethod/histogram_a_noRF.root
 **********
 **    1 **SET PRINTOUT            1
 **********
 **********
 **    2 **SET NOWARNINGS 
 **********
 PARAMETER DEFINITIONS:
    NO.   NAME         VALUE      STEP SIZE      LIMITS
     1 N0           2.79488e+06  1.00000e+02     no limits
     2 tau          6.43938e+01  constant
     3 A0           3.58429e-01  1.00000e-04     no limits
     4 phi          4.11634e+00  1.00000e-02     no limits
     5 R           -6.25265e+01  constant
     6 alpha_CBO    0.00000e+00  1.00000e-03     no limits
     7 w_CBO        2.32500e+00  constant
     8 beta_CBO     0.00000e+00  1.00000e-03     no limits
     9 alpha_2CBO   0.00000e+00  1.00000e-03     no limits
    10 beta_2CBO    0.00000e+00  1.00000e-03     no limits
    11 alpha_y      0.00000e+00  1.00000e-03     no limits
    12 w_y          1.44500e+01  constant
    13 beta_y       0.00000e+00  1.00000e-03     no limits
    14 alpha_vw     0.00000e+00  1.00000e-03     no limits
    15 w_vw         1.29000e+01  constant
    16 beta_vw      0.00000e+00  1.00000e-03     no limits
    17 LM          -3.26799e-04  constant
    18 zeta_y       0.00000e+00  constant
    19 zeta_vw      0.00000e+00  constant
    20 T_CBO        1.00000e+02  1.00000e+00    0.00000e+00  1.00000e+03
    21 alpha_A0     0.00000e+00  1.00000e-03     no limits
    22 beta_A0      0.00000e+00  1.00000e-03     no limits
    23 alpha_phi    0.00000e+00  1.00000e-03     no limits
    24 beta_phi     0.00000e+00  1.00000e-03     no limits
MINUIT - FIT ONLY WIGGLE
 **********
 **    3 **FIX            5
 **********
 PARAMETER    5  IS CONSTANT.   IGNORED.
 **********
 **    4 **FIX            6
 **********
 **********
 **    5 **FIX            7
 **********
 PARAMETER    7  IS CONSTANT.   IGNORED.
 **********
 **    6 **FIX            8
 **********
 **********
 **    7 **FIX            9
 **********
 **********
 **    8 **FIX           10
 **********
 **********
 **    9 **FIX           11
 **********
 **********
 **   10 **FIX           12
 **********
 PARAMETER   12  IS CONSTANT.   IGNORED.
 **********
 **   11 **FIX           13
 **********
 **********
 **   12 **FIX           14
 **********
 **********
 **   13 **FIX           15
 **********
 PARAMETER   15  IS CONSTANT.   IGNORED.
 **********
 **   14 **FIX           16
 **********
 **********
 **   15 **MIGRAD
 **********
 FIRST CALL TO USER FUNCTION AT NEW START POINT, WITH IFLAG=4.
 START MIGRAD MINIMIZATION.  STRATEGY  1.  CONVERGENCE WHEN EDM .LT. 1.00e-04
 FCN=4809.31 FROM MIGRAD    STATUS=INITIATE      433 CALLS         434 TOTAL
                     EDM= unknown      STRATEGY= 1      NO ERROR MATRIX       
  EXT PARAMETER               CURRENT GUESS       STEP         FIRST   
  NO.   NAME      VALUE            ERROR          SIZE      DERIVATIVE 
   1  N0           2.79488e+06   1.00000e+02   0.00000e+00  -1.25649e-01
   2  tau          6.43938e+01   constant   
   3  A0           3.58429e-01   1.00000e-04   0.00000e+00  -8.65675e+05
   4  phi          4.11634e+00   1.00000e-02   0.00000e+00  -1.94918e+04
   5  R           -6.25265e+01   constant   
   6  alpha_CBO    0.00000e+00     fixed    
   7  w_CBO        2.32500e+00   constant   
   8  beta_CBO     0.00000e+00     fixed    
   9  alpha_2CBO   0.00000e+00     fixed    
  10  beta_2CBO    0.00000e+00     fixed    
  11  alpha_y      0.00000e+00     fixed    
  12  w_y          1.44500e+01   constant   
  13  beta_y       0.00000e+00     fixed    
  14  alpha_vw     0.00000e+00     fixed    
  15  w_vw         1.29000e+01   constant   
  16  beta_vw      0.00000e+00     fixed    
  17  LM          -3.26799e-04   constant   
  18  zeta_y       0.00000e+00   constant   
  19  zeta_vw      0.00000e+00   constant   
  20  T_CBO        1.00000e+02   1.00000e+00   0.00000e+00   0.00000e+00
  21  alpha_A0     0.00000e+00   1.00000e-03   0.00000e+00   6.44944e+04
  22  beta_A0      0.00000e+00   1.00000e-03   0.00000e+00   1.29277e+05
  23  alpha_phi    0.00000e+00   1.00000e-03   0.00000e+00   3.73185e+04
  24  beta_phi     0.00000e+00   1.00000e-03   0.00000e+00  -5.34167e+03
 CALL LIMIT EXCEEDED IN MIGRAD.
 MIGRAD TERMINATED WITHOUT CONVERGENCE.
 FCN=479.532 FROM MIGRAD    STATUS=CALL LIMIT   1334 CALLS        1335 TOTAL
                     EDM=0.00488852    STRATEGY= 1  ERROR MATRIX UNCERTAINTY   5.4 per cent
  EXT PARAMETER                APPROXIMATE        STEP         FIRST   
  NO.   NAME      VALUE            ERROR          SIZE      DERIVATIVE 
   1  N0           2.74418e+06   8.97143e+03   3.95473e+02  -1.27211e-04
   2  tau          6.43938e+01   constant   
   3  A0           3.97670e-01   5.03518e-03  -3.08677e-04   6.65793e+02
   4  phi          4.08550e+00   7.10557e-03   2.74313e-04  -2.19642e+02
   5  R           -6.25265e+01   constant   
   6  alpha_CBO    0.00000e+00     fixed    
   7  w_CBO        2.32500e+00   constant   
   8  beta_CBO     0.00000e+00     fixed    
   9  alpha_2CBO   0.00000e+00     fixed    
  10  beta_2CBO    0.00000e+00     fixed    
  11  alpha_y      0.00000e+00     fixed    
  12  w_y          1.44500e+01   constant   
  13  beta_y       0.00000e+00     fixed    
  14  alpha_vw     0.00000e+00     fixed    
  15  w_vw         1.29000e+01   constant   
  16  beta_vw      0.00000e+00     fixed    
  17  LM          -3.26799e-04   constant   
  18  zeta_y       0.00000e+00   constant   
  19  zeta_vw      0.00000e+00   constant   
  20  T_CBO        1.50783e+02   6.58954e+01   7.35630e-03  -1.37173e+01
  21  alpha_A0     1.15521e-01   1.95926e-02  -1.28616e-03  -2.01424e+02
  22  beta_A0      3.28470e-02   9.57317e-03  -5.38285e-04  -9.38838e+01
  23  alpha_phi    2.90743e-02   8.92016e-03  -3.18360e-04   1.50750e+01
  24  beta_phi    -1.41703e-01   2.08270e-02   1.41233e-03   7.90596e+01
 EXTERNAL ERROR MATRIX.    NDIM=  25    NPAR=  8    ERR DEF=1
  8.049e+07 -3.747e+01  6.231e+01 -1.033e+05 -1.573e+02  9.463e-01  2.912e+01  1.612e+02 
 -3.747e+01  2.535e-05 -2.779e-05  5.353e-02  8.227e-05  2.566e-05  9.075e-06 -8.649e-05 
  6.231e+01 -2.779e-05  5.049e-05 -5.400e-02 -1.255e-04  5.170e-06  2.661e-05  1.277e-04 
 -1.033e+05  5.353e-02 -5.400e-02  4.392e+03 -3.126e-01 -1.195e-01 -1.352e-01  4.161e-01 
 -1.573e+02  8.227e-05 -1.255e-04 -3.126e-01  3.839e-04  4.338e-05 -1.842e-05 -4.063e-04 
  9.463e-01  2.566e-05  5.170e-06 -1.195e-01  4.338e-05  9.165e-05  7.953e-05 -5.543e-05 
  2.912e+01  9.075e-06  2.661e-05 -1.352e-01 -1.842e-05  7.953e-05  7.957e-05  9.415e-06 
  1.612e+02 -8.649e-05  1.277e-04  4.161e-01 -4.063e-04 -5.543e-05  9.415e-06  4.338e-04 
ERR MATRIX APPROXIMATE
 PARAMETER  CORRELATION COEFFICIENTS  
       NO.  GLOBAL      1      3      4     20     21     22     23     24
        1  0.99941   1.000 -0.829  0.977 -0.174 -0.895  0.011  0.364  0.863
        3  0.99961  -0.829  1.000 -0.777  0.160  0.834  0.532  0.202 -0.825
        4  0.99869   0.977 -0.777  1.000 -0.115 -0.901  0.076  0.420  0.863
       20  0.99912  -0.174  0.160 -0.115  1.000 -0.241 -0.188 -0.229  0.301
       21  0.99965  -0.895  0.834 -0.901 -0.241  1.000  0.231 -0.105 -0.996
       22  0.99795   0.011  0.532  0.076 -0.188  0.231  1.000  0.931 -0.278
       23  0.99735   0.364  0.202  0.420 -0.229 -0.105  0.931  1.000  0.051
       24  0.99965   0.863 -0.825  0.863  0.301 -0.996 -0.278  0.051  1.000
 ERR MATRIX APPROXIMATE
MINUIT - FIT ONLY 1-CBO + wiggle
 **********
 **   16 **RES 
 **********
                   PARAMETER   16  beta_vw RESTORED TO VARIABLE.
                   PARAMETER   14  alpha_vw RESTORED TO VARIABLE.
                   PARAMETER   13  beta_y RESTORED TO VARIABLE.
                   PARAMETER   11  alpha_y RESTORED TO VARIABLE.
                   PARAMETER   10  beta_2CBO RESTORED TO VARIABLE.
                   PARAMETER    9  alpha_2CBO RESTORED TO VARIABLE.
                   PARAMETER    8  beta_CBO RESTORED TO VARIABLE.
                   PARAMETER    6  alpha_CBO RESTORED TO VARIABLE.
 **********
 **   17 **FIX            8
 **********
 **********
 **   18 **FIX            9
 **********
 **********
 **   19 **FIX           11
 **********
 **********
 **   20 **FIX           12
 **********
 PARAMETER   12  IS CONSTANT.   IGNORED.
 **********
 **   21 **FIX           14
 **********
 **********
 **   22 **FIX           15
 **********
 PARAMETER   15  IS CONSTANT.   IGNORED.
 **********
 **   23 **FIX           16
 **********
 **********
 **   24 **MIGRAD
 **********
 START MIGRAD MINIMIZATION.  STRATEGY  1.  CONVERGENCE WHEN EDM .LT. 1.00e-04
 FCN=479.532 FROM MIGRAD    STATUS=INITIATE       28 CALLS        1363 TOTAL
                     EDM= unknown      STRATEGY= 1      NO ERROR MATRIX       
  EXT PARAMETER               CURRENT GUESS       STEP         FIRST   
  NO.   NAME      VALUE            ERROR          SIZE      DERIVATIVE 
   1  N0           2.74418e+06   8.97143e+03   3.95473e+02  -1.27211e-04
   2  tau          6.43938e+01   constant   
   3  A0           3.97670e-01   5.03518e-03  -3.08677e-04   6.65793e+02
   4  phi          4.08550e+00   7.10557e-03   2.74313e-04  -2.19642e+02
   5  R           -6.25265e+01   constant   
   6  alpha_CBO    0.00000e+00   1.00000e-03   1.00000e-03  -5.22294e+02
   7  w_CBO        2.32500e+00   constant   
   8  beta_CBO     0.00000e+00     fixed    
   9  alpha_2CBO   0.00000e+00     fixed    
  10  beta_2CBO    0.00000e+00   1.00000e-03   1.00000e-03   6.46219e+03
  11  alpha_y      0.00000e+00     fixed    
  12  w_y          1.44500e+01   constant   
  13  beta_y       0.00000e+00   1.00000e-03   1.00000e-03  -1.81302e+05
  14  alpha_vw     0.00000e+00     fixed    
  15  w_vw         1.29000e+01   constant   
  16  beta_vw      0.00000e+00     fixed    
  17  LM          -3.26799e-04   constant   
  18  zeta_y       0.00000e+00   constant   
  19  zeta_vw      0.00000e+00   constant   
  20  T_CBO        1.50783e+02   6.58954e+01   7.35630e-03  -1.37173e+01
  21  alpha_A0     1.15521e-01   1.95926e-02  -1.28616e-03  -2.01424e+02
  22  beta_A0      3.28470e-02   9.57317e-03  -5.38285e-04  -9.38838e+01
  23  alpha_phi    2.90743e-02   8.92016e-03  -3.18360e-04   1.50750e+01
  24  beta_phi    -1.41703e-01   2.08270e-02   1.41233e-03   7.90596e+01
 MIGRAD MINIMIZATION HAS CONVERGED.
 FCN=278.198 FROM MIGRAD    STATUS=CONVERGED    1350 CALLS        2685 TOTAL
                     EDM=4.23816e-06    STRATEGY= 1  ERROR MATRIX UNCERTAINTY   4.4 per cent
  EXT PARAMETER                                   STEP         FIRST   
  NO.   NAME      VALUE            ERROR          SIZE      DERIVATIVE 
   1  N0           2.75039e+06   7.77565e+03  -3.06539e+01  -2.29957e-07
   2  tau          6.43938e+01   constant   
   3  A0           3.94265e-01   3.62637e-03   1.49810e-05  -3.37257e+01
   4  phi          4.19746e+00   2.72627e-02  -7.57667e-06  -7.07986e-01
   5  R           -6.25265e+01   constant   
   6  alpha_CBO   -2.02223e-02   5.93613e-03  -2.26789e-06   6.29456e+00
   7  w_CBO        2.32500e+00   constant   
   8  beta_CBO     0.00000e+00     fixed    
   9  alpha_2CBO   0.00000e+00     fixed    
  10  beta_2CBO   -4.39074e-03   9.04577e-04  -1.33767e-06  -4.87300e+00
  11  alpha_y      0.00000e+00     fixed    
  12  w_y          1.44500e+01   constant   
  13  beta_y       2.05092e-03   1.49430e-04   2.24147e-08   4.77123e+00
  14  alpha_vw     0.00000e+00     fixed    
  15  w_vw         1.29000e+01   constant   
  16  beta_vw      0.00000e+00     fixed    
  17  LM          -3.26799e-04   constant   
  18  zeta_y       0.00000e+00   constant   
  19  zeta_vw      0.00000e+00   constant   
  20  T_CBO        4.53305e+01   1.06784e+01   1.61389e-04   1.95114e+00
  21  alpha_A0     6.24527e-02   1.67062e-02   5.04851e-05   1.04127e+00
  22  beta_A0      1.45561e-01   2.84777e-02  -1.66352e-05   4.24130e+00
  23  alpha_phi    1.38010e-01   3.00723e-02  -2.80311e-05   4.71413e+00
  24  beta_phi    -7.64266e-02   2.45439e-02  -5.44452e-05  -6.16275e+00
 EXTERNAL ERROR MATRIX.    NDIM=  25    NPAR= 11    ERR DEF=1
  6.046e+07 
 -2.637e+01  1.315e-05 
 -6.433e+01 -4.966e-06  7.433e-04 
  2.041e+01 -2.169e-06 -1.598e-04  3.524e-05 
  4.967e+00 -1.425e-06 -2.035e-05  4.719e-06  8.183e-07 
 -6.670e-03 -9.353e-09  2.830e-07 -6.285e-08 -8.128e-09  2.233e-08 
 -3.803e+04  2.871e-02 -2.057e-01  3.744e-02  2.403e-03 -9.288e-05  1.141e+02 
 -5.695e+01  4.396e-05 -3.270e-04  5.960e-05  4.218e-06 -1.363e-07  1.777e-01  2.791e-04 
 -5.086e+01 -1.302e-05  7.738e-04 -1.644e-04 -2.035e-05  3.039e-07 -2.306e-01 -3.656e-04  8.110e-04 
 -3.247e+01 -2.355e-05  8.070e-04 -1.694e-04 -1.955e-05  3.230e-07 -2.611e-01 -4.111e-04  8.507e-04  9.043e-04 
  3.840e+01 -4.730e-05  5.832e-04 -1.149e-04 -1.066e-05  2.533e-07 -2.517e-01 -3.937e-04  6.333e-04  6.947e-04  6.024e-04 
 PARAMETER  CORRELATION COEFFICIENTS  
       NO.  GLOBAL      1      3      4      6     10     13     20     21     22     23     24
        1  0.99953   1.000 -0.935 -0.303  0.442  0.706 -0.006 -0.458 -0.438 -0.230 -0.139  0.201
        3  0.99983  -0.935  1.000 -0.050 -0.101 -0.435 -0.017  0.741  0.726 -0.126 -0.216 -0.531
        4  0.99994  -0.303 -0.050  1.000 -0.987 -0.825  0.069 -0.706 -0.718  0.997  0.984  0.872
        6  0.99978   0.442 -0.101 -0.987  1.000  0.879 -0.071  0.590  0.601 -0.973 -0.949 -0.789
       10  0.98842   0.706 -0.435 -0.825  0.879  1.000 -0.060  0.249  0.279 -0.790 -0.719 -0.480
       13  0.14168  -0.006 -0.017  0.069 -0.071 -0.060  1.000 -0.058 -0.055  0.071  0.072  0.069
       20  0.99959  -0.458  0.741 -0.706  0.590  0.249 -0.058  1.000  0.996 -0.758 -0.813 -0.960
       21  0.99936  -0.438  0.726 -0.718  0.601  0.279 -0.055  0.996  1.000 -0.768 -0.818 -0.960
       22  0.99990  -0.230 -0.126  0.997 -0.973 -0.790  0.071 -0.758 -0.768  1.000  0.993  0.906
       23  0.99985  -0.139 -0.216  0.984 -0.949 -0.719  0.072 -0.813 -0.818  0.993  1.000  0.941
       24  0.99987   0.201 -0.531  0.872 -0.789 -0.480  0.069 -0.960 -0.960  0.906  0.941  1.000
MINUIT - FIT ONLY 2-CBO
 **********
 **   25 **RES 
 **********
                   PARAMETER   16  beta_vw RESTORED TO VARIABLE.
                   PARAMETER   14  alpha_vw RESTORED TO VARIABLE.
                   PARAMETER   11  alpha_y RESTORED TO VARIABLE.
                   PARAMETER    9  alpha_2CBO RESTORED TO VARIABLE.
                   PARAMETER    8  beta_CBO RESTORED TO VARIABLE.
 **********
 **   26 **FIX            0
 **********
 PARAMETER    0  IS UNDEFINED. IGNORED.
 **********
 **   27 **FIX            1
 **********
 **********
 **   28 **FIX            2
 **********
 PARAMETER    2  IS CONSTANT.   IGNORED.
 **********
 **   29 **FIX            3
 **********
 **********
 **   30 **FIX            4
 **********
 **********
 **   31 **FIX            5
 **********
 PARAMETER    5  IS CONSTANT.   IGNORED.
 **********
 **   32 **FIX            6
 **********
 **********
 **   33 **FIX            7
 **********
 PARAMETER    7  IS CONSTANT.   IGNORED.
 **********
 **   34 **FIX           10
 **********
 **********
 **   35 **FIX           11
 **********
 **********
 **   36 **FIX           12
 **********
 PARAMETER   12  IS CONSTANT.   IGNORED.
 **********
 **   37 **FIX           13
 **********
 **********
 **   38 **FIX           14
 **********
 **********
 **   39 **FIX           15
 **********
 PARAMETER   15  IS CONSTANT.   IGNORED.
 **********
 **   40 **FIX           16
 **********
 **********
 **   41 **MIGRAD
 **********
 START MIGRAD MINIMIZATION.  STRATEGY  1.  CONVERGENCE WHEN EDM .LT. 1.00e-04
 FCN=278.198 FROM MIGRAD    STATUS=INITIATE       18 CALLS        2703 TOTAL
                     EDM= unknown      STRATEGY= 1      NO ERROR MATRIX       
  EXT PARAMETER               CURRENT GUESS       STEP         FIRST   
  NO.   NAME      VALUE            ERROR          SIZE      DERIVATIVE 
   1  N0           2.75039e+06     fixed    
   2  tau          6.43938e+01   constant   
   3  A0           3.94265e-01     fixed    
   4  phi          4.19746e+00     fixed    
   5  R           -6.25265e+01   constant   
   6  alpha_CBO   -2.02223e-02     fixed    
   7  w_CBO        2.32500e+00   constant   
   8  beta_CBO     0.00000e+00   1.00000e-03   1.00000e-03  -1.46761e+03
   9  alpha_2CBO   0.00000e+00   1.00000e-03   1.00000e-03   4.31828e+02
  10  beta_2CBO   -4.39074e-03     fixed    
  11  alpha_y      0.00000e+00     fixed    
  12  w_y          1.44500e+01   constant   
  13  beta_y       2.05092e-03     fixed    
  14  alpha_vw     0.00000e+00     fixed    
  15  w_vw         1.29000e+01   constant   
  16  beta_vw      0.00000e+00     fixed    
  17  LM          -3.26799e-04   constant   
  18  zeta_y       0.00000e+00   constant   
  19  zeta_vw      0.00000e+00   constant   
  20  T_CBO        4.53305e+01   1.06784e+01   1.61389e-04   1.95114e+00
  21  alpha_A0     6.24527e-02   1.67062e-02   5.04851e-05   1.04127e+00
  22  beta_A0      1.45561e-01   2.84777e-02  -1.66352e-05   4.24131e+00
  23  alpha_phi    1.38010e-01   3.00723e-02  -2.80311e-05   4.71413e+00
  24  beta_phi    -7.64266e-02   2.45439e-02  -5.44452e-05  -6.16275e+00
 MIGRAD MINIMIZATION HAS CONVERGED.
 MIGRAD WILL VERIFY CONVERGENCE AND ERROR MATRIX.
 FCN=277.897 FROM HESSE     STATUS=NOT POSDEF     50 CALLS        2850 TOTAL
                     EDM=0.0015137    STRATEGY= 1      ERR MATRIX NOT POS-DEF
  EXT PARAMETER                APPROXIMATE        STEP         FIRST   
  NO.   NAME      VALUE            ERROR          SIZE      DERIVATIVE 
   1  N0           2.75039e+06     fixed    
   2  tau          6.43938e+01   constant   
   3  A0           3.94265e-01     fixed    
   4  phi          4.19746e+00     fixed    
   5  R           -6.25265e+01   constant   
   6  alpha_CBO   -2.02223e-02     fixed    
   7  w_CBO        2.32500e+00   constant   
   8  beta_CBO     3.74620e-04   6.56286e-04   1.17035e-06   3.42090e+00
   9  alpha_2CBO  -9.47523e-05   2.62784e-04   1.14742e-06   9.15556e-01
  10  beta_2CBO   -4.39074e-03     fixed    
  11  alpha_y      0.00000e+00     fixed    
  12  w_y          1.44500e+01   constant   
  13  beta_y       2.05092e-03     fixed    
  14  alpha_vw     0.00000e+00     fixed    
  15  w_vw         1.29000e+01   constant   
  16  beta_vw      0.00000e+00     fixed    
  17  LM          -3.26799e-04   constant   
  18  zeta_y       0.00000e+00   constant   
  19  zeta_vw      0.00000e+00   constant   
  20  T_CBO        4.49239e+01   4.81968e+00   1.40065e-05   1.76335e+00
  21  alpha_A0     6.27521e-02   3.23172e-03   6.22057e-06  -1.84422e+00
  22  beta_A0      1.44160e-01   7.30315e-03   6.85799e-06  -1.50358e+00
  23  alpha_phi    1.37620e-01   6.86946e-03   7.26165e-06  -1.82808e+00
  24  beta_phi    -7.64722e-02   4.35119e-03   5.56707e-06   2.15980e+00
 MIGRAD MINIMIZATION HAS CONVERGED.
 MIGRAD WILL VERIFY CONVERGENCE AND ERROR MATRIX.
 FCN=277.7 FROM MIGRAD    STATUS=CONVERGED    1074 CALLS        3759 TOTAL
                     EDM=1.88539e-06    STRATEGY= 1      ERR MATRIX NOT POS-DEF
  EXT PARAMETER                APPROXIMATE        STEP         FIRST   
  NO.   NAME      VALUE            ERROR          SIZE      DERIVATIVE 
   1  N0           2.75039e+06     fixed    
   2  tau          6.43938e+01   constant   
   3  A0           3.94265e-01     fixed    
   4  phi          4.19746e+00     fixed    
   5  R           -6.25265e+01   constant   
   6  alpha_CBO   -2.02223e-02     fixed    
   7  w_CBO        2.32500e+00   constant   
   8  beta_CBO     8.50514e-04   6.50702e-04   1.16974e-06   4.26946e+00
   9  alpha_2CBO   5.31725e-05   2.63605e-04   1.14694e-06   9.77150e+00
  10  beta_2CBO   -4.39074e-03     fixed    
  11  alpha_y      0.00000e+00     fixed    
  12  w_y          1.44500e+01   constant   
  13  beta_y       2.05092e-03     fixed    
  14  alpha_vw     0.00000e+00     fixed    
  15  w_vw         1.29000e+01   constant   
  16  beta_vw      0.00000e+00     fixed    
  17  LM          -3.26799e-04   constant   
  18  zeta_y       0.00000e+00   constant   
  19  zeta_vw      0.00000e+00   constant   
  20  T_CBO        2.91036e+01   2.04574e+00   7.32212e-06  -3.91862e-01
  21  alpha_A0     8.06087e-02   4.19660e-03   8.07759e-06  -1.75492e-01
  22  beta_A0      1.83454e-01   9.37938e-03   8.90020e-06   3.97862e-01
  23  alpha_phi    1.77056e-01   8.93177e-03   9.36973e-06  -5.37802e-01
  24  beta_phi    -1.01698e-01   5.82367e-03   7.25034e-06   6.64257e-01
 EXTERNAL ERROR MATRIX.    NDIM=  25    NPAR=  7    ERR DEF=1
  4.234e-07 -9.034e-08 -3.660e-04  7.450e-07 -1.278e-06  2.534e-07 -6.012e-07 
 -9.034e-08  6.949e-08 -1.291e-05 -1.093e-07  6.438e-07  4.908e-07 -3.005e-07 
 -3.660e-04 -1.291e-05  4.185e+00 -8.243e-03 -1.680e-02 -1.757e-02  1.159e-02 
  7.450e-07 -1.093e-07 -8.243e-03  1.761e-05  3.308e-05  3.438e-05 -2.223e-05 
 -1.278e-06  6.438e-07 -1.680e-02  3.308e-05  8.797e-05  7.960e-05 -4.908e-05 
  2.534e-07  4.908e-07 -1.757e-02  3.438e-05  7.960e-05  7.978e-05 -5.043e-05 
 -6.012e-07 -3.005e-07  1.159e-02 -2.223e-05 -4.908e-05 -5.043e-05  3.392e-05 
ERR MATRIX NOT POS-DEF
 PARAMETER  CORRELATION COEFFICIENTS  
       NO.  GLOBAL      8      9     20     21     22     23     24
        8  0.97545   1.000 -0.527 -0.275  0.273 -0.209  0.044 -0.159
        9  0.84610  -0.527  1.000 -0.024 -0.099  0.260  0.208 -0.196
       20  0.99729  -0.275 -0.024  1.000 -0.960 -0.875 -0.962  0.973
       21  0.97177   0.273 -0.099 -0.960  1.000  0.841  0.917 -0.910
       22  0.99321  -0.209  0.260 -0.875  0.841  1.000  0.950 -0.899
       23  0.99170   0.044  0.208 -0.962  0.917  0.950  1.000 -0.969
       24  0.98829  -0.159 -0.196  0.973 -0.910 -0.899 -0.969  1.000
 ERR MATRIX NOT POS-DEF
MINUIT - FIT wiggle + 1-CBO + 2-CBO
 **********
 **   42 **RES 
 **********
                   PARAMETER   16  beta_vw RESTORED TO VARIABLE.
                   PARAMETER   14  alpha_vw RESTORED TO VARIABLE.
                   PARAMETER   13  beta_y RESTORED TO VARIABLE.
                   PARAMETER   11  alpha_y RESTORED TO VARIABLE.
                   PARAMETER   10  beta_2CBO RESTORED TO VARIABLE.
                   PARAMETER    6  alpha_CBO RESTORED TO VARIABLE.
                   PARAMETER    4  phi RESTORED TO VARIABLE.
                   PARAMETER    3  A0 RESTORED TO VARIABLE.
                   PARAMETER    1  N0 RESTORED TO VARIABLE.
 **********
 **   43 **FIX           10
 **********
 **********
 **   44 **FIX           11
 **********
 **********
 **   45 **FIX           12
 **********
 PARAMETER   12  IS CONSTANT.   IGNORED.
 **********
 **   46 **FIX           13
 **********
 **********
 **   47 **FIX           14
 **********
 **********
 **   48 **FIX           15
 **********
 PARAMETER   15  IS CONSTANT.   IGNORED.
 **********
 **   49 **FIX           16
 **********
 **********
 **   50 **MIGRAD
 **********
 START MIGRAD MINIMIZATION.  STRATEGY  1.  CONVERGENCE WHEN EDM .LT. 1.00e-04
 FCN=277.7 FROM MIGRAD    STATUS=INITIATE       22 CALLS        3781 TOTAL
                     EDM= unknown      STRATEGY= 1      NO ERROR MATRIX       
  EXT PARAMETER               CURRENT GUESS       STEP         FIRST   
  NO.   NAME      VALUE            ERROR          SIZE      DERIVATIVE 
   1  N0           2.75039e+06   7.77565e+03   7.77565e+03  -2.92396e-05
   2  tau          6.43938e+01   constant   
   3  A0           3.94265e-01   3.62637e-03   3.62637e-03  -5.04364e+02
   4  phi          4.19746e+00   2.72627e-02   2.72627e-02  -1.39216e+02
   5  R           -6.25265e+01   constant   
   6  alpha_CBO   -2.02223e-02   5.93613e-03   5.93613e-03   1.82054e+01
   7  w_CBO        2.32500e+00   constant   
   8  beta_CBO     8.50514e-04   6.50702e-04   1.16974e-06   4.26949e+00
   9  alpha_2CBO   5.31725e-05   2.63605e-04   1.14694e-06   9.77153e+00
  10  beta_2CBO   -4.39074e-03     fixed    
  11  alpha_y      0.00000e+00     fixed    
  12  w_y          1.44500e+01   constant   
  13  beta_y       2.05092e-03     fixed    
  14  alpha_vw     0.00000e+00     fixed    
  15  w_vw         1.29000e+01   constant   
  16  beta_vw      0.00000e+00     fixed    
  17  LM          -3.26799e-04   constant   
  18  zeta_y       0.00000e+00   constant   
  19  zeta_vw      0.00000e+00   constant   
  20  T_CBO        2.91036e+01   2.04574e+00   7.32212e-06  -3.92128e-01
  21  alpha_A0     8.06087e-02   4.19660e-03   8.07759e-06  -1.75494e-01
  22  beta_A0      1.83454e-01   9.37938e-03   8.90020e-06   3.97888e-01
  23  alpha_phi    1.77056e-01   8.93177e-03   9.36973e-06  -5.37803e-01
  24  beta_phi    -1.01698e-01   5.82367e-03   7.25034e-06   6.64260e-01
 MIGRAD FAILS TO FIND IMPROVEMENT
 FCN=235.353 FROM HESSE     STATUS=NOT POSDEF    100 CALLS        5443 TOTAL
                     EDM=1.58248    STRATEGY= 1      ERR MATRIX NOT POS-DEF
  EXT PARAMETER                APPROXIMATE        STEP         FIRST   
  NO.   NAME      VALUE            ERROR          SIZE      DERIVATIVE 
   1  N0           2.71771e+06   2.82559e+03   2.06939e+00   1.73882e-03
   2  tau          6.43938e+01   constant   
   3  A0           4.98508e-01   2.04719e-03   1.17576e-06   7.93096e+03
   4  phi          4.41562e+00   3.00890e-03   2.10553e-06   2.65402e+03
   5  R           -6.25265e+01   constant   
   6  alpha_CBO   -5.27341e-02   1.24103e-03   1.06923e-06   7.83409e+03
   7  w_CBO        2.32500e+00   constant   
   8  beta_CBO     5.88936e-02   1.14968e-03   1.05711e-06  -1.00169e+04
   9  alpha_2CBO   5.45321e-03   4.60833e-04   1.04514e-06  -3.16926e+03
  10  beta_2CBO   -4.39074e-03     fixed    
  11  alpha_y      0.00000e+00     fixed    
  12  w_y          1.44500e+01   constant   
  13  beta_y       2.05092e-03     fixed    
  14  alpha_vw     0.00000e+00     fixed    
  15  w_vw         1.29000e+01   constant   
  16  beta_vw      0.00000e+00     fixed    
  17  LM          -3.26799e-04   constant   
  18  zeta_y       0.00000e+00   constant   
  19  zeta_vw      0.00000e+00   constant   
  20  T_CBO        6.13441e+01   2.25111e+00   6.69912e-06  -1.35455e+03
  21  alpha_A0    -8.58487e-02   4.62013e-03   3.45940e-06   2.06964e+03
  22  beta_A0      2.38079e-01   4.05601e-03   3.81717e-06  -2.53047e+03
  23  alpha_phi    3.92665e-01   5.23175e-03   4.94495e-06  -4.74339e+02
  24  beta_phi     5.81185e-03   4.77571e-03   3.83683e-06   9.86288e+02
 CALL LIMIT EXCEEDED IN MIGRAD.
 MIGRAD TERMINATED WITHOUT CONVERGENCE.
 FCN=226.28 FROM MIGRAD    STATUS=CALL LIMIT   1912 CALLS        5671 TOTAL
                     EDM=1.12428    STRATEGY= 1      ERR MATRIX NOT POS-DEF
  EXT PARAMETER                APPROXIMATE        STEP         FIRST   
  NO.   NAME      VALUE            ERROR          SIZE      DERIVATIVE 
   1  N0           2.64863e+06   1.78133e+04  -1.03213e+04  -2.45834e-03
   2  tau          6.43938e+01   constant   
   3  A0           5.11212e-01   4.17130e-03   2.09287e-03  -3.92750e+03
   4  phi          4.47982e+00   2.07022e-02   1.25812e-02  -3.84483e+02
   5  R           -6.25265e+01   constant   
   6  alpha_CBO   -8.12387e-02   8.17489e-03  -4.96805e-03   3.38102e+03
   7  w_CBO        2.32500e+00   constant   
   8  beta_CBO     7.24293e-02   3.95082e-03   2.25750e-03   4.57186e+03
   9  alpha_2CBO   2.68510e-03   7.85390e-04  -4.08317e-04   1.02801e+03
  10  beta_2CBO   -4.39074e-03     fixed    
  11  alpha_y      0.00000e+00     fixed    
  12  w_y          1.44500e+01   constant   
  13  beta_y       2.05092e-03     fixed    
  14  alpha_vw     0.00000e+00     fixed    
  15  w_vw         1.29000e+01   constant   
  16  beta_vw      0.00000e+00     fixed    
  17  LM          -3.26799e-04   constant   
  18  zeta_y       0.00000e+00   constant   
  19  zeta_vw      0.00000e+00   constant   
  20  T_CBO        5.96429e+01   1.99203e+00   2.02946e-03   6.41245e+02
  21  alpha_A0    -4.71799e-02   9.18409e-03   3.63645e-03  -2.37831e+02
  22  beta_A0      1.84372e-01   1.74323e-02  -1.01201e-02   4.86351e+02
  23  alpha_phi    3.97323e-01   5.62430e-03  -6.62087e-04   9.67425e+02
  24  beta_phi    -2.14462e-02   6.10177e-03  -8.85787e-04   5.91435e+02
 EXTERNAL ERROR MATRIX.    NDIM=  25    NPAR= 11    ERR DEF=1
  3.173e+08 
 -6.845e+01  1.740e-05 
 -3.599e+02  7.777e-05  4.286e-04 
  1.446e+02 -3.115e-05 -1.675e-04  6.683e-05 
 -6.798e+01  1.580e-05  7.829e-05 -3.105e-05  1.561e-05 
  1.153e+01 -2.564e-06 -1.206e-05  5.220e-06 -2.538e-06  6.168e-07 
 -1.907e+04  3.870e-03  2.254e-02 -8.817e-03  3.857e-03 -6.398e-04  3.968e+00 
 -1.319e+02  2.870e-05  1.272e-04 -5.728e-05  2.693e-05 -6.550e-06  7.995e-03  8.435e-05 
  3.007e+02 -6.130e-05 -3.499e-04  1.380e-04 -6.508e-05  1.061e-05 -2.152e-02 -1.147e-04  3.039e-04 
  2.609e+01 -1.734e-07 -3.298e-05  1.145e-05 -4.311e-06  4.497e-07 -8.015e-03 -5.544e-06  4.453e-05  3.163e-05 
  6.450e+01 -1.523e-05 -5.276e-05  2.493e-05 -1.391e-05  3.078e-06 -2.146e-03 -4.649e-05  5.237e-05  7.448e-07  3.723e-05 
ERR MATRIX NOT POS-DEF
 PARAMETER  CORRELATION COEFFICIENTS  
       NO.  GLOBAL      1      3      4      6      8      9     20     21     22     23     24
        1  0.99996   1.000 -0.921 -0.976  0.993 -0.966  0.824 -0.537 -0.806  0.968  0.260  0.593
        3  0.99964  -0.921  1.000  0.901 -0.913  0.959 -0.783  0.466  0.749 -0.843 -0.007 -0.598
        4  0.99996  -0.976  0.901  1.000 -0.990  0.957 -0.742  0.547  0.669 -0.970 -0.283 -0.418
        6  0.99990   0.993 -0.913 -0.990  1.000 -0.961  0.813 -0.541 -0.763  0.968  0.249  0.500
        8  0.99973  -0.966  0.959  0.957 -0.961  1.000 -0.818  0.490  0.742 -0.945 -0.194 -0.577
        9  0.98473   0.824 -0.783 -0.742  0.813 -0.818  1.000 -0.409 -0.908  0.775  0.102  0.642
       20  0.99604  -0.537  0.466  0.547 -0.541  0.490 -0.409  1.000  0.437 -0.620 -0.715 -0.177
       21  0.99924  -0.806  0.749  0.669 -0.763  0.742 -0.908  0.437  1.000 -0.716 -0.107 -0.830
       22  0.99968   0.968 -0.843 -0.970  0.968 -0.945  0.775 -0.620 -0.716  1.000  0.454  0.492
       23  0.99569   0.260 -0.007 -0.283  0.249 -0.194  0.102 -0.715 -0.107  0.454  1.000  0.022
       24  0.99782   0.593 -0.598 -0.418  0.500 -0.577  0.642 -0.177 -0.830  0.492  0.022  1.000
 ERR MATRIX NOT POS-DEF
MINUIT - FIT ONLY 1-y
 **********
 **   51 **RES 
 **********
                   PARAMETER   16  beta_vw RESTORED TO VARIABLE.
                   PARAMETER   14  alpha_vw RESTORED TO VARIABLE.
                   PARAMETER   13  beta_y RESTORED TO VARIABLE.
                   PARAMETER   11  alpha_y RESTORED TO VARIABLE.
                   PARAMETER   10  beta_2CBO RESTORED TO VARIABLE.
 **********
 **   52 **FIX            0
 **********
 PARAMETER    0  IS UNDEFINED. IGNORED.
 **********
 **   53 **FIX            1
 **********
 **********
 **   54 **FIX            2
 **********
 PARAMETER    2  IS CONSTANT.   IGNORED.
 **********
 **   55 **FIX            3
 **********
 **********
 **   56 **FIX            4
 **********
 **********
 **   57 **FIX            5
 **********
 PARAMETER    5  IS CONSTANT.   IGNORED.
 **********
 **   58 **FIX            6
 **********
 **********
 **   59 **FIX            7
 **********
 PARAMETER    7  IS CONSTANT.   IGNORED.
 **********
 **   60 **FIX            8
 **********
 **********
 **   61 **FIX            9
 **********
 **********
 **   62 **FIX           13
 **********
 **********
 **   63 **FIX           14
 **********
 **********
 **   64 **FIX           15
 **********
 PARAMETER   15  IS CONSTANT.   IGNORED.
 **********
 **   65 **FIX           16
 **********
 **********
 **   66 **MIGRAD
 **********
 START MIGRAD MINIMIZATION.  STRATEGY  1.  CONVERGENCE WHEN EDM .LT. 1.00e-04
 FCN=226.28 FROM MIGRAD    STATUS=INITIATE       16 CALLS        5687 TOTAL
                     EDM= unknown      STRATEGY= 1      NO ERROR MATRIX       
  EXT PARAMETER               CURRENT GUESS       STEP         FIRST   
  NO.   NAME      VALUE            ERROR          SIZE      DERIVATIVE 
   1  N0           2.64863e+06     fixed    
   2  tau          6.43938e+01   constant   
   3  A0           5.11212e-01     fixed    
   4  phi          4.47982e+00     fixed    
   5  R           -6.25265e+01   constant   
   6  alpha_CBO   -8.12387e-02     fixed    
   7  w_CBO        2.32500e+00   constant   
   8  beta_CBO     7.24293e-02     fixed    
   9  alpha_2CBO   2.68510e-03     fixed    
  10  beta_2CBO   -4.39074e-03   9.04577e-04   9.04577e-04   1.17757e+03
  11  alpha_y      0.00000e+00   1.00000e-03   1.00000e-03   7.55667e+04
  12  w_y          1.44500e+01   constant   
  13  beta_y       2.05092e-03     fixed    
  14  alpha_vw     0.00000e+00     fixed    
  15  w_vw         1.29000e+01   constant   
  16  beta_vw      0.00000e+00     fixed    
  17  LM          -3.26799e-04   constant   
  18  zeta_y       0.00000e+00   constant   
  19  zeta_vw      0.00000e+00   constant   
  20  T_CBO        5.96429e+01   1.99203e+00   2.02946e-03   6.41244e+02
  21  alpha_A0    -4.71799e-02   9.18409e-03   3.63645e-03  -2.37831e+02
  22  beta_A0      1.84372e-01   1.74323e-02  -1.01201e-02   4.86351e+02
  23  alpha_phi    3.97323e-01   5.62430e-03  -6.62087e-04   9.67425e+02
  24  beta_phi    -2.14462e-02   6.10177e-03  -8.85787e-04   5.91435e+02
 MIGRAD MINIMIZATION HAS CONVERGED.
 FCN=197.453 FROM MIGRAD    STATUS=CONVERGED     247 CALLS        5918 TOTAL
                     EDM=8.8248e-06    STRATEGY= 1  ERROR MATRIX UNCERTAINTY   4.1 per cent
  EXT PARAMETER                                   STEP         FIRST   
  NO.   NAME      VALUE            ERROR          SIZE      DERIVATIVE 
   1  N0           2.64863e+06     fixed    
   2  tau          6.43938e+01   constant   
   3  A0           5.11212e-01     fixed    
   4  phi          4.47982e+00     fixed    
   5  R           -6.25265e+01   constant   
   6  alpha_CBO   -8.12387e-02     fixed    
   7  w_CBO        2.32500e+00   constant   
   8  beta_CBO     7.24293e-02     fixed    
   9  alpha_2CBO   2.68510e-03     fixed    
  10  beta_2CBO   -4.17926e-03   2.79174e-04   1.64637e-06   9.29453e+00
  11  alpha_y     -7.69938e-04   1.45081e-04  -6.03139e-07   7.38797e+00
  12  w_y          1.44500e+01   constant   
  13  beta_y       2.05092e-03     fixed    
  14  alpha_vw     0.00000e+00     fixed    
  15  w_vw         1.29000e+01   constant   
  16  beta_vw      0.00000e+00     fixed    
  17  LM          -3.26799e-04   constant   
  18  zeta_y       0.00000e+00   constant   
  19  zeta_vw      0.00000e+00   constant   
  20  T_CBO        6.42850e+01   9.54665e+00   4.49345e-04  -4.22487e+00
  21  alpha_A0    -4.58995e-02   2.47236e-03   2.52846e-05   3.18810e+00
  22  beta_A0      1.79281e-01   9.11923e-03  -1.04061e-04  -4.62203e+00
  23  alpha_phi    3.88229e-01   1.85917e-02  -2.14595e-04  -5.88655e+00
  24  beta_phi    -2.08735e-02   1.71610e-03   1.94794e-05   3.19019e+00
 EXTERNAL ERROR MATRIX.    NDIM=  25    NPAR=  7    ERR DEF=1
  7.794e-08 -8.163e-09  1.351e-03  3.656e-07 -1.369e-06 -2.446e-06  2.245e-07 
 -8.163e-09  2.105e-08 -1.207e-04 -3.106e-08  1.209e-07  1.970e-07 -1.601e-08 
  1.351e-03 -1.207e-04  9.118e+01  2.312e-02 -8.685e-02 -1.773e-01  1.552e-02 
  3.656e-07 -3.106e-08  2.312e-02  6.113e-06 -2.209e-05 -4.485e-05  3.953e-06 
 -1.369e-06  1.209e-07 -8.685e-02 -2.209e-05  8.316e-05  1.686e-04 -1.467e-05 
 -2.446e-06  1.970e-07 -1.773e-01 -4.485e-05  1.686e-04  3.457e-04 -3.014e-05 
  2.245e-07 -1.601e-08  1.552e-02  3.953e-06 -1.467e-05 -3.014e-05  2.945e-06 
 PARAMETER  CORRELATION COEFFICIENTS  
       NO.  GLOBAL     10     11     20     21     22     23     24
       10  0.85868   1.000 -0.202  0.507  0.530 -0.538 -0.471  0.469
       11  0.28561  -0.202  1.000 -0.087 -0.087  0.091  0.073 -0.064
       20  0.99955   0.507 -0.087  1.000  0.979 -0.997 -0.998  0.947
       21  0.98106   0.530 -0.087  0.979  1.000 -0.980 -0.976  0.932
       22  0.99840  -0.538  0.091 -0.997 -0.980  1.000  0.995 -0.937
       23  0.99938  -0.471  0.073 -0.998 -0.976  0.995  1.000 -0.945
       24  0.95572   0.469 -0.064  0.947  0.932 -0.937 -0.945  1.000
MINUIT - FIT ONLY 2-y
 **********
 **   67 **RES 
 **********
                   PARAMETER   16  beta_vw RESTORED TO VARIABLE.
                   PARAMETER   14  alpha_vw RESTORED TO VARIABLE.
                   PARAMETER   13  beta_y RESTORED TO VARIABLE.
                   PARAMETER    9  alpha_2CBO RESTORED TO VARIABLE.
                   PARAMETER    8  beta_CBO RESTORED TO VARIABLE.
                   PARAMETER    6  alpha_CBO RESTORED TO VARIABLE.
                   PARAMETER    4  phi RESTORED TO VARIABLE.
                   PARAMETER    3  A0 RESTORED TO VARIABLE.
                   PARAMETER    1  N0 RESTORED TO VARIABLE.
 **********
 **   68 **FIX            0
 **********
 PARAMETER    0  IS UNDEFINED. IGNORED.
 **********
 **   69 **FIX            1
 **********
 **********
 **   70 **FIX            2
 **********
 PARAMETER    2  IS CONSTANT.   IGNORED.
 **********
 **   71 **FIX            3
 **********
 **********
 **   72 **FIX            4
 **********
 **********
 **   73 **FIX            5
 **********
 PARAMETER    5  IS CONSTANT.   IGNORED.
 **********
 **   74 **FIX            6
 **********
 **********
 **   75 **FIX            7
 **********
 PARAMETER    7  IS CONSTANT.   IGNORED.
 **********
 **   76 **FIX            8
 **********
 **********
 **   77 **FIX            9
 **********
 **********
 **   78 **FIX           10
 **********
 **********
 **   79 **FIX           11
 **********
 **********
 **   80 **FIX           12
 **********
 PARAMETER   12  IS CONSTANT.   IGNORED.
 **********
 **   81 **FIX           16
 **********
 **********
 **   82 **MIGRAD
 **********
 START MIGRAD MINIMIZATION.  STRATEGY  1.  CONVERGENCE WHEN EDM .LT. 1.00e-04
 FCN=197.453 FROM MIGRAD    STATUS=INITIATE       16 CALLS        5934 TOTAL
                     EDM= unknown      STRATEGY= 1      NO ERROR MATRIX       
  EXT PARAMETER               CURRENT GUESS       STEP         FIRST   
  NO.   NAME      VALUE            ERROR          SIZE      DERIVATIVE 
   1  N0           2.64863e+06     fixed    
   2  tau          6.43938e+01   constant   
   3  A0           5.11212e-01     fixed    
   4  phi          4.47982e+00     fixed    
   5  R           -6.25265e+01   constant   
   6  alpha_CBO   -8.12387e-02     fixed    
   7  w_CBO        2.32500e+00   constant   
   8  beta_CBO     7.24293e-02     fixed    
   9  alpha_2CBO   2.68510e-03     fixed    
  10  beta_2CBO   -4.17926e-03     fixed    
  11  alpha_y     -7.69938e-04     fixed    
  12  w_y          1.44500e+01   constant   
  13  beta_y       2.05092e-03   1.49430e-04   1.49430e-04  -7.19534e+03
  14  alpha_vw     0.00000e+00   1.00000e-03   1.00000e-03  -8.96956e+04
  15  w_vw         1.29000e+01   constant   
  16  beta_vw      0.00000e+00     fixed    
  17  LM          -3.26799e-04   constant   
  18  zeta_y       0.00000e+00   constant   
  19  zeta_vw      0.00000e+00   constant   
