 + ++++++++++++++++++++++++++++++++++++++++++++++++++++++++++++++++++++ +
 +                                                                      +
 +           You have chose to blind your fitting according to          +
 +                omega_ref * (1 + (R +/- deltaR) *10^{-6})             +
 +                                                                      +
 + ++++++++++++++++++++++++++++++++++++++++++++++++++++++++++++++++++++ +
In main()...
reading format from /gm2data/zkhechad/run45/envelope/formats/formatB_sBin_constraintOn.txt
pBinTau 	= 0  
pBinPhi 	= 0  
constraintau 	= 1 
includeMopTerm 	= 0    
constrainMop    = 0   
Parameters after format file: pBinTau 0 pBinPhi 0 constraintau 1 includeMopTerm 0 constrainMop 0 c_e_scale 0.000000 
Opening file /gm2data/tbarrett/gm2fr/studies/run23_bunch_corrections/CorrectedFourier_Run3b.root.
reading full fit data from /gm2data/zkhechad/cboTemplates/Run4CBOTemplates/templateFits0_v2.0/noRF/sBin_constraintOn_cE0.0_seed0_noRF_calo7.root
windowBins = 17
fitting sliding window 360 from bin 496 at 73.854000 to bin 513 at 76.539600 (17 bins)

Reading data from /gm2data/cornell/histograms/aMethod/histogram_a_noRF.root
 **********
 **    1 **SET PRINTOUT            1
 **********
 **********
 **    2 **SET NOWARNINGS 
 **********
 PARAMETER DEFINITIONS:
    NO.   NAME         VALUE      STEP SIZE      LIMITS
     1 N0           3.03263e+06  1.00000e+02     no limits
     2 tau          6.43884e+01  constant
     3 A0           3.50182e-01  1.00000e-04     no limits
     4 phi          4.11722e+00  1.00000e-02     no limits
     5 R           -6.17521e+01  constant
     6 alpha_CBO    0.00000e+00  1.00000e-03     no limits
     7 w_CBO        2.32500e+00  constant
     8 beta_CBO     0.00000e+00  1.00000e-03     no limits
     9 alpha_2CBO   0.00000e+00  1.00000e-03     no limits
    10 beta_2CBO    0.00000e+00  1.00000e-03     no limits
    11 alpha_y      0.00000e+00  1.00000e-03     no limits
    12 w_y          1.44500e+01  constant
    13 beta_y       0.00000e+00  1.00000e-03     no limits
    14 alpha_vw     0.00000e+00  1.00000e-03     no limits
    15 w_vw         1.29000e+01  constant
    16 beta_vw      0.00000e+00  1.00000e-03     no limits
    17 LM          -7.01586e-04  constant
    18 zeta_y       0.00000e+00  constant
    19 zeta_vw      0.00000e+00  constant
    20 T_CBO        1.00000e+02  1.00000e+00    0.00000e+00  1.00000e+03
    21 alpha_A0     0.00000e+00  1.00000e-03     no limits
    22 beta_A0      0.00000e+00  1.00000e-03     no limits
    23 alpha_phi    0.00000e+00  1.00000e-03     no limits
    24 beta_phi     0.00000e+00  1.00000e-03     no limits
MINUIT - FIT ONLY WIGGLE
 **********
 **    3 **FIX            5
 **********
 PARAMETER    5  IS CONSTANT.   IGNORED.
 **********
 **    4 **FIX            6
 **********
 **********
 **    5 **FIX            7
 **********
 PARAMETER    7  IS CONSTANT.   IGNORED.
 **********
 **    6 **FIX            8
 **********
 **********
 **    7 **FIX            9
 **********
 **********
 **    8 **FIX           10
 **********
 **********
 **    9 **FIX           11
 **********
 **********
 **   10 **FIX           12
 **********
 PARAMETER   12  IS CONSTANT.   IGNORED.
 **********
 **   11 **FIX           13
 **********
 **********
 **   12 **FIX           14
 **********
 **********
 **   13 **FIX           15
 **********
 PARAMETER   15  IS CONSTANT.   IGNORED.
 **********
 **   14 **FIX           16
 **********
 **********
 **   15 **MIGRAD
 **********
 FIRST CALL TO USER FUNCTION AT NEW START POINT, WITH IFLAG=4.
 START MIGRAD MINIMIZATION.  STRATEGY  1.  CONVERGENCE WHEN EDM .LT. 1.00e-04
 FCN=768.714 FROM MIGRAD    STATUS=INITIATE      435 CALLS         436 TOTAL
                     EDM= unknown      STRATEGY= 1      NO ERROR MATRIX       
  EXT PARAMETER               CURRENT GUESS       STEP         FIRST   
  NO.   NAME      VALUE            ERROR          SIZE      DERIVATIVE 
   1  N0           3.03263e+06   1.00000e+02   0.00000e+00   1.63256e-02
   2  tau          6.43884e+01   constant   
   3  A0           3.50182e-01   1.00000e-04   0.00000e+00   1.16476e+05
   4  phi          4.11722e+00   1.00000e-02   0.00000e+00   3.41721e+04
   5  R           -6.17521e+01   constant   
   6  alpha_CBO    0.00000e+00     fixed    
   7  w_CBO        2.32500e+00   constant   
   8  beta_CBO     0.00000e+00     fixed    
   9  alpha_2CBO   0.00000e+00     fixed    
  10  beta_2CBO    0.00000e+00     fixed    
  11  alpha_y      0.00000e+00     fixed    
  12  w_y          1.44500e+01   constant   
  13  beta_y       0.00000e+00     fixed    
  14  alpha_vw     0.00000e+00     fixed    
  15  w_vw         1.29000e+01   constant   
  16  beta_vw      0.00000e+00     fixed    
  17  LM          -7.01586e-04   constant   
  18  zeta_y       0.00000e+00   constant   
  19  zeta_vw      0.00000e+00   constant   
  20  T_CBO        1.00000e+02   1.00000e+00   0.00000e+00   0.00000e+00
  21  alpha_A0     0.00000e+00   1.00000e-03   0.00000e+00  -6.26461e+03
  22  beta_A0      0.00000e+00   1.00000e-03   0.00000e+00  -4.14731e+03
  23  alpha_phi    0.00000e+00   1.00000e-03   0.00000e+00   1.05866e+04
  24  beta_phi     0.00000e+00   1.00000e-03   0.00000e+00  -1.59932e+04
 MIGRAD MINIMIZATION HAS CONVERGED.
 FCN=82.1048 FROM MIGRAD    STATUS=CONVERGED     726 CALLS         727 TOTAL
                     EDM=5.93278e-06    STRATEGY= 1  ERROR MATRIX UNCERTAINTY   1.2 per cent
  EXT PARAMETER                                   STEP         FIRST   
  NO.   NAME      VALUE            ERROR          SIZE      DERIVATIVE 
   1  N0           3.01597e+06   7.61028e+02  -1.21547e+00  -1.85204e-06
   2  tau          6.43884e+01   constant   
   3  A0           3.43682e-01   2.75122e-04   5.52973e-08   2.07796e+00
   4  phi          4.10684e+00   5.93658e-04   3.40664e-06   2.56480e+00
   5  R           -6.17521e+01   constant   
   6  alpha_CBO    0.00000e+00     fixed    
   7  w_CBO        2.32500e+00   constant   
   8  beta_CBO     0.00000e+00     fixed    
   9  alpha_2CBO   0.00000e+00     fixed    
  10  beta_2CBO    0.00000e+00     fixed    
  11  alpha_y      0.00000e+00     fixed    
  12  w_y          1.44500e+01   constant   
  13  beta_y       0.00000e+00     fixed    
  14  alpha_vw     0.00000e+00     fixed    
  15  w_vw         1.29000e+01   constant   
  16  beta_vw      0.00000e+00     fixed    
  17  LM          -7.01586e-04   constant   
  18  zeta_y       0.00000e+00   constant   
  19  zeta_vw      0.00000e+00   constant   
  20  T_CBO        4.72481e+00   6.47467e+01   1.56539e-03  -9.87719e-03
  21  alpha_A0     1.92372e-02   3.06140e-03  -9.27698e-06   7.48521e-04
  22  beta_A0      1.18863e-02   6.25059e-03  -1.72767e-05   2.33564e-04
  23  alpha_phi   -1.42559e-02   9.15680e-03   2.55376e-05  -3.10814e-04
  24  beta_phi     2.34982e-02   6.08647e-03  -1.59111e-05   7.34100e-04
 EXTERNAL ERROR MATRIX.    NDIM=  25    NPAR=  8    ERR DEF=1
  5.792e+05  1.573e-01  1.808e-01 -1.773e+03 -1.533e-02  4.026e-01 -7.480e-01  1.599e-01 
  1.573e-01  7.569e-08  5.425e-08  5.615e-05 -1.195e-07  2.546e-08 -1.006e-07 -1.233e-08 
  1.808e-01  5.425e-08  3.524e-07  4.773e-03 -4.661e-07 -6.936e-07  9.527e-07 -7.195e-07 
 -1.773e+03  5.615e-05  4.773e-03  1.257e+03 -9.690e-02 -2.115e-01  3.199e-01 -2.113e-01 
 -1.533e-02 -1.195e-07 -4.661e-07 -9.690e-02  9.372e-06  1.626e-05 -2.449e-05  1.656e-05 
  4.026e-01  2.546e-08 -6.936e-07 -2.115e-01  1.626e-05  3.907e-05 -5.352e-05  3.527e-05 
 -7.480e-01 -1.006e-07  9.527e-07  3.199e-01 -2.449e-05 -5.352e-05  8.385e-05 -5.322e-05 
  1.599e-01 -1.233e-08 -7.195e-07 -2.113e-01  1.656e-05  3.527e-05 -5.322e-05  3.705e-05 
 PARAMETER  CORRELATION COEFFICIENTS  
       NO.  GLOBAL      1      3      4     20     21     22     23     24
        1  0.80486   1.000  0.752  0.400 -0.066 -0.007  0.085 -0.107  0.035
        3  0.80079   0.752  1.000  0.332  0.006 -0.142  0.015 -0.040 -0.007
        4  0.58196   0.400  0.332  1.000  0.227 -0.256 -0.187  0.175 -0.199
       20  0.99605  -0.066  0.006  0.227  1.000 -0.893 -0.954  0.985 -0.979
       21  0.91115  -0.007 -0.142 -0.256 -0.893  1.000  0.850 -0.874  0.889
       22  0.95756   0.085  0.015 -0.187 -0.954  0.850  1.000 -0.935  0.927
       23  0.98879  -0.107 -0.040  0.175  0.985 -0.874 -0.935  1.000 -0.955
       24  0.98433   0.035 -0.007 -0.199 -0.979  0.889  0.927 -0.955  1.000
MINUIT - FIT ONLY 1-CBO + wiggle
 **********
 **   16 **RES 
 **********
                   PARAMETER   16  beta_vw RESTORED TO VARIABLE.
                   PARAMETER   14  alpha_vw RESTORED TO VARIABLE.
                   PARAMETER   13  beta_y RESTORED TO VARIABLE.
                   PARAMETER   11  alpha_y RESTORED TO VARIABLE.
                   PARAMETER   10  beta_2CBO RESTORED TO VARIABLE.
                   PARAMETER    9  alpha_2CBO RESTORED TO VARIABLE.
                   PARAMETER    8  beta_CBO RESTORED TO VARIABLE.
                   PARAMETER    6  alpha_CBO RESTORED TO VARIABLE.
 **********
 **   17 **FIX            8
 **********
 **********
 **   18 **FIX            9
 **********
 **********
 **   19 **FIX           11
 **********
 **********
 **   20 **FIX           12
 **********
 PARAMETER   12  IS CONSTANT.   IGNORED.
 **********
 **   21 **FIX           14
 **********
 **********
 **   22 **FIX           15
 **********
 PARAMETER   15  IS CONSTANT.   IGNORED.
 **********
 **   23 **FIX           16
 **********
 **********
 **   24 **MIGRAD
 **********
 START MIGRAD MINIMIZATION.  STRATEGY  1.  CONVERGENCE WHEN EDM .LT. 1.00e-04
 FCN=82.1048 FROM MIGRAD    STATUS=INITIATE       28 CALLS         755 TOTAL
                     EDM= unknown      STRATEGY= 1      NO ERROR MATRIX       
  EXT PARAMETER               CURRENT GUESS       STEP         FIRST   
  NO.   NAME      VALUE            ERROR          SIZE      DERIVATIVE 
   1  N0           3.01597e+06   7.61028e+02  -1.21547e+00  -1.85204e-06
   2  tau          6.43884e+01   constant   
   3  A0           3.43682e-01   2.75122e-04   5.52973e-08   2.07796e+00
   4  phi          4.10684e+00   5.93658e-04   3.40664e-06   2.56480e+00
   5  R           -6.17521e+01   constant   
   6  alpha_CBO    0.00000e+00   1.00000e-03   1.00000e-03  -6.83330e+03
   7  w_CBO        2.32500e+00   constant   
   8  beta_CBO     0.00000e+00     fixed    
   9  alpha_2CBO   0.00000e+00     fixed    
  10  beta_2CBO    0.00000e+00   1.00000e-03   1.00000e-03  -1.60356e+04
  11  alpha_y      0.00000e+00     fixed    
  12  w_y          1.44500e+01   constant   
  13  beta_y       0.00000e+00   1.00000e-03   1.00000e-03   3.45725e+03
  14  alpha_vw     0.00000e+00     fixed    
  15  w_vw         1.29000e+01   constant   
  16  beta_vw      0.00000e+00     fixed    
  17  LM          -7.01586e-04   constant   
  18  zeta_y       0.00000e+00   constant   
  19  zeta_vw      0.00000e+00   constant   
  20  T_CBO        4.72481e+00   6.47467e+01   1.56539e-03   1.01809e-02
  21  alpha_A0     1.92372e-02   3.06140e-03  -9.27698e-06   7.48521e-04
  22  beta_A0      1.18863e-02   6.25059e-03  -1.72767e-05   2.33564e-04
  23  alpha_phi   -1.42559e-02   9.15680e-03   2.55376e-05  -3.10814e-04
  24  beta_phi     2.34982e-02   6.08647e-03  -1.59111e-05   7.34100e-04
 CALL LIMIT EXCEEDED IN MIGRAD.
 MIGRAD TERMINATED WITHOUT CONVERGENCE.
 FCN=36.8483 FROM MIGRAD    STATUS=CALL LIMIT   1925 CALLS        2652 TOTAL
                     EDM=1.15893    STRATEGY= 1  ERROR MATRIX UNCERTAINTY  21.9 per cent
  EXT PARAMETER                APPROXIMATE        STEP         FIRST   
  NO.   NAME      VALUE            ERROR          SIZE      DERIVATIVE 
   1  N0           3.00455e+06   8.98134e+03  -6.23435e+03   4.83125e-04
   2  tau          6.43884e+01   constant   
   3  A0           3.64245e-01   6.20278e-03   4.53768e-03  -1.39379e+03
   4  phi          4.07412e+00   6.82216e-03  -9.07348e-05  -4.01502e+02
   5  R           -6.17521e+01   constant   
   6  alpha_CBO    7.61664e-02   1.12563e-02   6.79104e-03   1.33029e+02
   7  w_CBO        2.32500e+00   constant   
   8  beta_CBO     0.00000e+00     fixed    
   9  alpha_2CBO   0.00000e+00     fixed    
  10  beta_2CBO   -3.09634e-02   5.15808e-03  -3.23787e-03  -3.90719e+02
  11  alpha_y      0.00000e+00     fixed    
  12  w_y          1.44500e+01   constant   
  13  beta_y      -4.18652e-05   2.41425e-04   3.67300e-05   1.20206e+03
  14  alpha_vw     0.00000e+00     fixed    
  15  w_vw         1.29000e+01   constant   
  16  beta_vw      0.00000e+00     fixed    
  17  LM          -7.01586e-04   constant   
  18  zeta_y       0.00000e+00   constant   
  19  zeta_vw      0.00000e+00   constant   
  20  T_CBO        4.84456e+00   3.78780e-03  -9.43499e-06  -2.77313e+02
  21  alpha_A0     2.59935e+05   6.36021e+04  -4.33650e+04   3.90872e-05
  22  beta_A0      5.39112e+05   7.22468e+04   3.15508e+04   6.15687e-05
  23  alpha_phi    1.73687e+06   2.44039e+05   1.46054e+05  -4.23765e-05
  24  beta_phi     1.64050e+05   1.07251e+05   7.56164e+04   1.74518e-04
 EXTERNAL ERROR MATRIX.    NDIM=  25    NPAR= 11    ERR DEF=1
  8.066e+07 
 -5.388e+01  3.847e-05 
 -2.983e+00 -2.827e-06  4.654e-05 
 -8.942e+01  6.618e-05 -3.854e-06  1.267e-04 
  4.259e+01 -3.075e-05  5.578e-07 -5.749e-05  2.661e-05 
  9.008e-02 -8.538e-08  1.443e-08 -4.838e-08  2.792e-08  5.829e-08 
  1.698e+01 -1.439e-05  1.153e-05 -2.404e-05  1.079e-05  7.638e-08  1.435e-05 
  4.971e+08 -3.020e+02 -1.981e+02 -4.459e+02  2.247e+02  8.775e-01  4.557e+01  4.045e+09 
 -4.086e+08  3.398e+02 -3.229e+02  6.123e+02 -2.659e+02 -7.853e-01 -2.167e+02 -9.268e+08  5.220e+09 
 -1.922e+09  1.443e+03 -3.777e+02  2.696e+03 -1.223e+03 -1.632e+00 -6.134e+02 -8.659e+09  1.512e+10  5.955e+10 
 -9.438e+08  6.411e+02  1.347e+02  1.087e+03 -5.151e+02 -1.379e+00 -1.916e+02 -6.100e+09  4.361e+09  2.263e+10  1.150e+10 
ERR MATRIX APPROXIMATE
 PARAMETER  CORRELATION COEFFICIENTS  
       NO.  GLOBAL      1      3      4      6     10     13     20     21     22     23     24
        1  0.99933   1.000 -0.967 -0.049 -0.885  0.919  0.042  0.499  0.870 -0.630 -0.877 -0.980
        3  0.99974  -0.967  1.000 -0.067  0.948 -0.961 -0.057 -0.612 -0.765  0.758  0.953  0.964
        4  0.99936  -0.049 -0.067  1.000 -0.050  0.016  0.009  0.446 -0.456 -0.655 -0.227  0.184
        6  0.99997  -0.885  0.948 -0.050  1.000 -0.990 -0.018 -0.564 -0.623  0.753  0.981  0.900
       10  0.99992   0.919 -0.961  0.016 -0.990  1.000  0.022  0.552  0.685 -0.714 -0.971 -0.931
       13  0.20124   0.042 -0.057  0.009 -0.018  0.022  1.000  0.084  0.057 -0.045 -0.028 -0.053
       20  0.99398   0.499 -0.612  0.446 -0.564  0.552  0.084  1.000  0.189 -0.792 -0.664 -0.472
       21  0.99949   0.870 -0.765 -0.456 -0.623  0.685  0.057  0.189  1.000 -0.202 -0.558 -0.894
       22  0.99976  -0.630  0.758 -0.655  0.753 -0.714 -0.045 -0.792 -0.202  1.000  0.858  0.563
       23  0.99999  -0.877  0.953 -0.227  0.981 -0.971 -0.028 -0.664 -0.558  0.858  1.000  0.865
       24  0.99951  -0.980  0.964  0.184  0.900 -0.931 -0.053 -0.472 -0.894  0.563  0.865  1.000
 ERR MATRIX APPROXIMATE
MINUIT - FIT ONLY 2-CBO
 **********
 **   25 **RES 
 **********
                   PARAMETER   16  beta_vw RESTORED TO VARIABLE.
                   PARAMETER   14  alpha_vw RESTORED TO VARIABLE.
                   PARAMETER   11  alpha_y RESTORED TO VARIABLE.
                   PARAMETER    9  alpha_2CBO RESTORED TO VARIABLE.
                   PARAMETER    8  beta_CBO RESTORED TO VARIABLE.
 **********
 **   26 **FIX            0
 **********
 PARAMETER    0  IS UNDEFINED. IGNORED.
 **********
 **   27 **FIX            1
 **********
 **********
 **   28 **FIX            2
 **********
 PARAMETER    2  IS CONSTANT.   IGNORED.
 **********
 **   29 **FIX            3
 **********
 **********
 **   30 **FIX            4
 **********
 **********
 **   31 **FIX            5
 **********
 PARAMETER    5  IS CONSTANT.   IGNORED.
 **********
 **   32 **FIX            6
 **********
 **********
 **   33 **FIX            7
 **********
 PARAMETER    7  IS CONSTANT.   IGNORED.
 **********
 **   34 **FIX           10
 **********
 **********
 **   35 **FIX           11
 **********
 **********
 **   36 **FIX           12
 **********
 PARAMETER   12  IS CONSTANT.   IGNORED.
 **********
 **   37 **FIX           13
 **********
 **********
 **   38 **FIX           14
 **********
 **********
 **   39 **FIX           15
 **********
 PARAMETER   15  IS CONSTANT.   IGNORED.
 **********
 **   40 **FIX           16
 **********
 **********
 **   41 **MIGRAD
 **********
 START MIGRAD MINIMIZATION.  STRATEGY  1.  CONVERGENCE WHEN EDM .LT. 1.00e-04
 FCN=36.8483 FROM MIGRAD    STATUS=INITIATE       18 CALLS        2670 TOTAL
                     EDM= unknown      STRATEGY= 1      NO ERROR MATRIX       
  EXT PARAMETER               CURRENT GUESS       STEP         FIRST   
  NO.   NAME      VALUE            ERROR          SIZE      DERIVATIVE 
   1  N0           3.00455e+06     fixed    
   2  tau          6.43884e+01   constant   
   3  A0           3.64245e-01     fixed    
   4  phi          4.07412e+00     fixed    
   5  R           -6.17521e+01   constant   
   6  alpha_CBO    7.61664e-02     fixed    
   7  w_CBO        2.32500e+00   constant   
   8  beta_CBO     0.00000e+00   1.00000e-03   1.00000e-03  -8.80989e+02
   9  alpha_2CBO   0.00000e+00   1.00000e-03   1.00000e-03  -3.10749e+03
  10  beta_2CBO   -3.09634e-02     fixed    
  11  alpha_y      0.00000e+00     fixed    
  12  w_y          1.44500e+01   constant   
  13  beta_y      -4.18652e-05     fixed    
  14  alpha_vw     0.00000e+00     fixed    
  15  w_vw         1.29000e+01   constant   
  16  beta_vw      0.00000e+00     fixed    
  17  LM          -7.01586e-04   constant   
  18  zeta_y       0.00000e+00   constant   
  19  zeta_vw      0.00000e+00   constant   
  20  T_CBO        4.84456e+00   3.78780e-03  -9.43499e-06  -2.77313e+02
  21  alpha_A0     2.59935e+05   6.36021e+04  -4.33650e+04   3.90872e-05
  22  beta_A0      5.39112e+05   7.22468e+04   3.15508e+04   6.15687e-05
  23  alpha_phi    1.73687e+06   2.44039e+05   1.46054e+05  -4.23765e-05
  24  beta_phi     1.64050e+05   1.07251e+05   7.56164e+04   1.74518e-04
 MIGRAD MINIMIZATION HAS CONVERGED.
 MIGRAD WILL VERIFY CONVERGENCE AND ERROR MATRIX.
 FCN=36.6142 FROM MIGRAD    STATUS=CONVERGED     167 CALLS        2819 TOTAL
                     EDM=4.37468e-06    STRATEGY= 1      ERR MATRIX NOT POS-DEF
  EXT PARAMETER                APPROXIMATE        STEP         FIRST   
  NO.   NAME      VALUE            ERROR          SIZE      DERIVATIVE 
   1  N0           3.00455e+06     fixed    
   2  tau          6.43884e+01   constant   
   3  A0           3.64245e-01     fixed    
   4  phi          4.07412e+00     fixed    
   5  R           -6.17521e+01   constant   
   6  alpha_CBO    7.61664e-02     fixed    
   7  w_CBO        2.32500e+00   constant   
   8  beta_CBO    -4.11467e-04   1.37747e-03   7.03627e-07   1.27071e+00
   9  alpha_2CBO  -3.02173e-04   1.32765e-03   6.94122e-07   7.00097e+00
  10  beta_2CBO   -3.09634e-02     fixed    
  11  alpha_y      0.00000e+00     fixed    
  12  w_y          1.44500e+01   constant   
  13  beta_y      -4.18652e-05     fixed    
  14  alpha_vw     0.00000e+00     fixed    
  15  w_vw         1.29000e+01   constant   
  16  beta_vw      0.00000e+00     fixed    
  17  LM          -7.01586e-04   constant   
  18  zeta_y       0.00000e+00   constant   
  19  zeta_vw      0.00000e+00   constant   
  20  T_CBO        4.84458e+00   1.01966e-02   6.82582e-07  -1.34239e+02
  21  alpha_A0     2.55105e+05   1.95304e+04   8.93258e+00  -1.92542e-07
  22  beta_A0      5.36954e+05   1.89045e+04   1.07634e+01  -2.45751e-07
  23  alpha_phi    1.73906e+06   5.69703e+04   9.70173e+00  -2.00138e-07
  24  beta_phi     1.56287e+05   2.54270e+04   9.05956e+00  -2.80746e-07
 EXTERNAL ERROR MATRIX.    NDIM=  25    NPAR=  7    ERR DEF=1
  1.897e-06  1.753e-06  3.069e-08  2.312e+01  7.256e+00 -1.068e+01  3.356e+01 
  1.753e-06  1.763e-06 -4.664e-08  2.268e+01  6.242e+00 -1.033e+01  3.236e+01 
  3.069e-08 -4.664e-08  1.040e-04 -8.859e+01 -1.774e+02 -5.737e+02 -5.209e+01 
  2.312e+01  2.268e+01 -8.859e+01  3.814e+08  2.366e+08  3.518e+08  4.673e+08 
  7.256e+00  6.242e+00 -1.774e+02  2.366e+08  3.574e+08  9.468e+08  2.077e+08 
 -1.068e+01 -1.033e+01 -5.737e+02  3.518e+08  9.468e+08  3.246e+09  9.049e+07 
  3.356e+01  3.236e+01 -5.209e+01  4.673e+08  2.077e+08  9.049e+07  6.465e+08 
ERR MATRIX NOT POS-DEF
 PARAMETER  CORRELATION COEFFICIENTS  
       NO.  GLOBAL      8      9     20     21     22     23     24
        8  0.98538   1.000  0.958  0.002  0.860  0.279 -0.136  0.958
        9  0.98468   0.958  1.000 -0.003  0.875  0.249 -0.137  0.959
       20  0.99771   0.002 -0.003  1.000 -0.445 -0.920 -0.988 -0.201
       21  0.98405   0.860  0.875 -0.445  1.000  0.641  0.316  0.941
       22  0.97024   0.279  0.249 -0.920  0.641  1.000  0.879  0.432
       23  0.99765  -0.136 -0.137 -0.988  0.316  0.879  1.000  0.062
       24  0.99025   0.958  0.959 -0.201  0.941  0.432  0.062  1.000
 ERR MATRIX NOT POS-DEF
MINUIT - FIT wiggle + 1-CBO + 2-CBO
 **********
 **   42 **RES 
 **********
                   PARAMETER   16  beta_vw RESTORED TO VARIABLE.
                   PARAMETER   14  alpha_vw RESTORED TO VARIABLE.
                   PARAMETER   13  beta_y RESTORED TO VARIABLE.
                   PARAMETER   11  alpha_y RESTORED TO VARIABLE.
                   PARAMETER   10  beta_2CBO RESTORED TO VARIABLE.
                   PARAMETER    6  alpha_CBO RESTORED TO VARIABLE.
                   PARAMETER    4  phi RESTORED TO VARIABLE.
                   PARAMETER    3  A0 RESTORED TO VARIABLE.
                   PARAMETER    1  N0 RESTORED TO VARIABLE.
 **********
 **   43 **FIX           10
 **********
 **********
 **   44 **FIX           11
 **********
 **********
 **   45 **FIX           12
 **********
 PARAMETER   12  IS CONSTANT.   IGNORED.
 **********
 **   46 **FIX           13
 **********
 **********
 **   47 **FIX           14
 **********
 **********
 **   48 **FIX           15
 **********
 PARAMETER   15  IS CONSTANT.   IGNORED.
 **********
 **   49 **FIX           16
 **********
 **********
 **   50 **MIGRAD
 **********
 START MIGRAD MINIMIZATION.  STRATEGY  1.  CONVERGENCE WHEN EDM .LT. 1.00e-04
 FCN=36.6142 FROM MIGRAD    STATUS=INITIATE       22 CALLS        2841 TOTAL
                     EDM= unknown      STRATEGY= 1      NO ERROR MATRIX       
  EXT PARAMETER               CURRENT GUESS       STEP         FIRST   
  NO.   NAME      VALUE            ERROR          SIZE      DERIVATIVE 
   1  N0           3.00455e+06   8.98134e+03   8.98134e+03  -7.05764e-05
   2  tau          6.43884e+01   constant   
   3  A0           3.64245e-01   6.20278e-03   6.20278e-03   2.79387e+02
   4  phi          4.07412e+00   6.82216e-03   6.82216e-03  -6.43452e+01
   5  R           -6.17521e+01   constant   
   6  alpha_CBO    7.61664e-02   1.12563e-02   1.12563e-02   9.96615e+01
   7  w_CBO        2.32500e+00   constant   
   8  beta_CBO    -4.11467e-04   1.37747e-03   7.03627e-07   1.27072e+00
   9  alpha_2CBO  -3.02173e-04   1.32765e-03   6.94122e-07   7.00098e+00
  10  beta_2CBO   -3.09634e-02     fixed    
  11  alpha_y      0.00000e+00     fixed    
  12  w_y          1.44500e+01   constant   
  13  beta_y      -4.18652e-05     fixed    
  14  alpha_vw     0.00000e+00     fixed    
  15  w_vw         1.29000e+01   constant   
  16  beta_vw      0.00000e+00     fixed    
  17  LM          -7.01586e-04   constant   
  18  zeta_y       0.00000e+00   constant   
  19  zeta_vw      0.00000e+00   constant   
  20  T_CBO        4.84458e+00   1.01966e-02   6.82582e-07  -1.33471e+02
  21  alpha_A0     2.55105e+05   1.95304e+04   8.93258e+00  -1.92544e-07
  22  beta_A0      5.36954e+05   1.89045e+04   1.07634e+01  -2.45750e-07
  23  alpha_phi    1.73906e+06   5.69703e+04   9.70173e+00  -2.00139e-07
  24  beta_phi     1.56287e+05   2.54270e+04   9.05956e+00  -2.80746e-07
 MIGRAD MINIMIZATION HAS CONVERGED.
 FCN=35.8258 FROM MIGRAD    STATUS=CONVERGED     540 CALLS        3359 TOTAL
                     EDM=1.452e-06    STRATEGY= 1  ERROR MATRIX UNCERTAINTY   3.0 per cent
  EXT PARAMETER                                   STEP         FIRST   
  NO.   NAME      VALUE            ERROR          SIZE      DERIVATIVE 
   1  N0           3.01117e+06   8.90037e+03   5.99630e+01  -3.47752e-09
   2  tau          6.43884e+01   constant   
   3  A0           3.62467e-01   3.04528e-03  -2.17551e-05   1.62491e+00
   4  phi          4.08587e+00   1.58131e-02   1.02198e-04  -2.62178e+00
   5  R           -6.17521e+01   constant   
   6  alpha_CBO    7.67985e-02   3.37060e-03   8.45316e-06   6.24404e+00
   7  w_CBO        2.32500e+00   constant   
   8  beta_CBO     6.25502e-04   2.72742e-03   1.14515e-05   6.24637e+00
   9  alpha_2CBO   1.86026e-03   3.80177e-03   1.93459e-05  -6.80118e-01
  10  beta_2CBO   -3.09634e-02     fixed    
  11  alpha_y      0.00000e+00     fixed    
  12  w_y          1.44500e+01   constant   
  13  beta_y      -4.18652e-05     fixed    
  14  alpha_vw     0.00000e+00     fixed    
  15  w_vw         1.29000e+01   constant   
  16  beta_vw      0.00000e+00     fixed    
  17  LM          -7.01586e-04   constant   
  18  zeta_y       0.00000e+00   constant   
  19  zeta_vw      0.00000e+00   constant   
  20  T_CBO        4.83709e+00   1.07941e-02  -9.05217e-07  -1.56338e+02
  21  alpha_A0     2.90759e+05   6.73571e+04   3.85095e+02  -2.39636e-07
  22  beta_A0      4.82323e+05   7.39493e+04  -5.37348e+02  -1.30457e-07
  23  alpha_phi    1.69819e+06   5.54818e+04  -3.36354e+02  -3.16621e-07
  24  beta_phi     1.84769e+05   7.20403e+04   1.82005e+02  -1.18194e-07
 EXTERNAL ERROR MATRIX.    NDIM=  25    NPAR= 11    ERR DEF=1
  7.922e+07 
 -7.377e+00  9.274e-06 
  1.346e+02 -1.109e-05  2.501e-04 
  1.486e+01 -2.441e-06  1.763e-05  1.136e-05 
  1.569e+01 -3.383e-06  1.856e-05  8.266e-06  7.439e-06 
  3.171e+01 -1.335e-06  4.933e-05  8.507e-06  8.173e-06  1.445e-05 
 -7.191e+01  5.146e-06 -1.489e-04  6.103e-06 -8.604e-08 -2.125e-05  1.165e-04 
  4.405e+08 -1.123e+02  5.711e+02  1.810e+02  1.776e+02  2.081e+02 -1.265e+02  4.537e+09 
 -4.976e+08  7.268e+01 -1.032e+03  2.496e+01 -1.156e+01 -1.407e+02  7.804e+02 -1.196e+09  5.469e+09 
 -4.453e+08  2.880e+01 -8.351e+02 -1.583e+01 -4.178e+01 -1.568e+02  5.697e+02 -1.573e+09  3.815e+09  3.078e+09 
  5.371e+08  6.292e+01  9.159e+02  1.032e+02  9.219e+01  2.434e+02 -4.701e+02  2.252e+09 -2.784e+09 -3.065e+09  5.190e+09 
 PARAMETER  CORRELATION COEFFICIENTS  
       NO.  GLOBAL      1      3      4      6      8      9     20     21     22     23     24
        1  0.99890   1.000 -0.272  0.956  0.495  0.646  0.937 -0.748  0.735 -0.756 -0.902  0.838
        3  0.99812  -0.272  1.000 -0.230 -0.238 -0.407 -0.115  0.157 -0.548  0.323  0.170  0.287
        4  0.99954   0.956 -0.230  1.000  0.331  0.430  0.820 -0.872  0.536 -0.883 -0.952  0.804
        6  0.99787   0.495 -0.238  0.331  1.000  0.899  0.664  0.168  0.797  0.100 -0.085  0.425
        8  0.99695   0.646 -0.407  0.430  0.899  1.000  0.788 -0.003  0.967 -0.057 -0.276  0.469
        9  0.99813   0.937 -0.115  0.820  0.664  0.788  1.000 -0.518  0.813 -0.501 -0.743  0.889
       20  0.99858  -0.748  0.157 -0.872  0.168 -0.003 -0.518  1.000 -0.174  0.978  0.951 -0.605
       21  0.99868   0.735 -0.548  0.536  0.797  0.967  0.813 -0.174  1.000 -0.240 -0.421  0.464
       22  0.99805  -0.756  0.323 -0.883  0.100 -0.057 -0.501  0.978 -0.240  1.000  0.930 -0.523
       23  0.99824  -0.902  0.170 -0.952 -0.085 -0.276 -0.743  0.951 -0.421  0.930  1.000 -0.767
       24  0.99890   0.838  0.287  0.804  0.425  0.469  0.889 -0.605  0.464 -0.523 -0.767  1.000
MINUIT - FIT ONLY 1-y
 **********
 **   51 **RES 
 **********
                   PARAMETER   16  beta_vw RESTORED TO VARIABLE.
                   PARAMETER   14  alpha_vw RESTORED TO VARIABLE.
                   PARAMETER   13  beta_y RESTORED TO VARIABLE.
                   PARAMETER   11  alpha_y RESTORED TO VARIABLE.
                   PARAMETER   10  beta_2CBO RESTORED TO VARIABLE.
 **********
 **   52 **FIX            0
 **********
 PARAMETER    0  IS UNDEFINED. IGNORED.
 **********
 **   53 **FIX            1
 **********
 **********
 **   54 **FIX            2
 **********
 PARAMETER    2  IS CONSTANT.   IGNORED.
 **********
 **   55 **FIX            3
 **********
 **********
 **   56 **FIX            4
 **********
 **********
 **   57 **FIX            5
 **********
 PARAMETER    5  IS CONSTANT.   IGNORED.
 **********
 **   58 **FIX            6
 **********
 **********
 **   59 **FIX            7
 **********
 PARAMETER    7  IS CONSTANT.   IGNORED.
 **********
 **   60 **FIX            8
 **********
 **********
 **   61 **FIX            9
 **********
 **********
 **   62 **FIX           13
 **********
 **********
 **   63 **FIX           14
 **********
 **********
 **   64 **FIX           15
 **********
 PARAMETER   15  IS CONSTANT.   IGNORED.
 **********
 **   65 **FIX           16
 **********
 **********
 **   66 **MIGRAD
 **********
 START MIGRAD MINIMIZATION.  STRATEGY  1.  CONVERGENCE WHEN EDM .LT. 1.00e-04
 FCN=35.8258 FROM MIGRAD    STATUS=INITIATE       16 CALLS        3375 TOTAL
                     EDM= unknown      STRATEGY= 1      NO ERROR MATRIX       
  EXT PARAMETER               CURRENT GUESS       STEP         FIRST   
  NO.   NAME      VALUE            ERROR          SIZE      DERIVATIVE 
   1  N0           3.01117e+06     fixed    
   2  tau          6.43884e+01   constant   
   3  A0           3.62467e-01     fixed    
   4  phi          4.08587e+00     fixed    
   5  R           -6.17521e+01   constant   
   6  alpha_CBO    7.67985e-02     fixed    
   7  w_CBO        2.32500e+00   constant   
   8  beta_CBO     6.25502e-04     fixed    
   9  alpha_2CBO   1.86026e-03     fixed    
  10  beta_2CBO   -3.09634e-02   5.15808e-03   5.15808e-03   1.10143e+01
  11  alpha_y      0.00000e+00   1.00000e-03   1.00000e-03  -3.65383e+04
  12  w_y          1.44500e+01   constant   
  13  beta_y      -4.18652e-05     fixed    
  14  alpha_vw     0.00000e+00     fixed    
  15  w_vw         1.29000e+01   constant   
  16  beta_vw      0.00000e+00     fixed    
  17  LM          -7.01586e-04   constant   
  18  zeta_y       0.00000e+00   constant   
  19  zeta_vw      0.00000e+00   constant   
  20  T_CBO        4.83709e+00   1.07941e-02  -9.05217e-07  -1.56338e+02
  21  alpha_A0     2.90759e+05   6.73571e+04   3.85095e+02  -2.39635e-07
  22  beta_A0      4.82323e+05   7.39493e+04  -5.37348e+02  -1.30458e-07
  23  alpha_phi    1.69819e+06   5.54818e+04  -3.36354e+02  -3.16621e-07
  24  beta_phi     1.84769e+05   7.20403e+04   1.82005e+02  -1.18194e-07
 MIGRAD MINIMIZATION HAS CONVERGED.
 MIGRAD WILL VERIFY CONVERGENCE AND ERROR MATRIX.
 FCN=17.4677 FROM MIGRAD    STATUS=CONVERGED     162 CALLS        3521 TOTAL
                     EDM=1.79398e-05    STRATEGY= 1      ERR MATRIX NOT POS-DEF
  EXT PARAMETER                APPROXIMATE        STEP         FIRST   
  NO.   NAME      VALUE            ERROR          SIZE      DERIVATIVE 
   1  N0           3.01117e+06     fixed    
   2  tau          6.43884e+01   constant   
   3  A0           3.62467e-01     fixed    
   4  phi          4.08587e+00     fixed    
   5  R           -6.17521e+01   constant   
   6  alpha_CBO    7.67985e-02     fixed    
   7  w_CBO        2.32500e+00   constant   
   8  beta_CBO     6.25502e-04     fixed    
   9  alpha_2CBO   1.86026e-03     fixed    
  10  beta_2CBO   -3.17025e-02   5.99782e-04   4.75109e-07  -7.79234e-01
  11  alpha_y      1.00473e-03   2.33746e-04   4.65659e-07   5.19264e-01
  12  w_y          1.44500e+01   constant   
  13  beta_y      -4.18652e-05     fixed    
  14  alpha_vw     0.00000e+00     fixed    
  15  w_vw         1.29000e+01   constant   
  16  beta_vw      0.00000e+00     fixed    
  17  LM          -7.01586e-04   constant   
  18  zeta_y       0.00000e+00   constant   
  19  zeta_vw      0.00000e+00   constant   
  20  T_CBO        4.83701e+00   1.02108e-02   6.82634e-07   3.25425e+01
  21  alpha_A0     2.91716e+05   1.05477e+04   6.41745e+00  -3.85476e-08
  22  beta_A0      4.65466e+05   1.95677e+04   7.73010e+00   5.55927e-08
  23  alpha_phi    1.70023e+06   5.54688e+04   6.90330e+00  -3.04250e-08
  24  beta_phi     1.90405e+05   8.07798e+03   6.44745e+00   4.34691e-09
 EXTERNAL ERROR MATRIX.    NDIM=  25    NPAR=  7    ERR DEF=1
  3.597e-07 -3.867e-08 -5.858e-08 -1.290e-01  6.738e+00 -8.392e-01 -2.085e+00 
 -3.867e-08  5.464e-08 -7.041e-09  5.414e-02 -8.827e-01  1.212e-01  2.968e-01 
 -5.858e-08 -7.041e-09  1.043e-04 -1.010e+02 -1.561e+02 -5.645e+02 -6.316e+01 
 -1.290e-01  5.414e-02 -1.010e+02  1.113e+08  1.491e+08  5.461e+08  6.404e+07 
  6.738e+00 -8.827e-01 -1.561e+02  1.491e+08  3.829e+08  8.287e+08  5.044e+07 
 -8.392e-01  1.212e-01 -5.645e+02  5.461e+08  8.287e+08  3.077e+09  3.461e+08 
 -2.085e+00  2.968e-01 -6.316e+01  6.404e+07  5.044e+07  3.461e+08  6.525e+07 
ERR MATRIX NOT POS-DEF
 PARAMETER  CORRELATION COEFFICIENTS  
       NO.  GLOBAL     10     11     20     21     22     23     24
       10  0.92621   1.000 -0.276 -0.010 -0.020  0.574 -0.025 -0.430
       11  0.31787  -0.276  1.000 -0.003  0.022 -0.193  0.009  0.157
       20  0.99755  -0.010 -0.003  1.000 -0.937 -0.781 -0.997 -0.766
       21  0.94008  -0.020  0.022 -0.937  1.000  0.723  0.933  0.752
       22  0.96987   0.574 -0.193 -0.781  0.723  1.000  0.764  0.319
       23  0.99741  -0.025  0.009 -0.997  0.933  0.764  1.000  0.773
       24  0.89398  -0.430  0.157 -0.766  0.752  0.319  0.773  1.000
 ERR MATRIX NOT POS-DEF
MINUIT - FIT ONLY 2-y
 **********
 **   67 **RES 
 **********
                   PARAMETER   16  beta_vw RESTORED TO VARIABLE.
                   PARAMETER   14  alpha_vw RESTORED TO VARIABLE.
                   PARAMETER   13  beta_y RESTORED TO VARIABLE.
                   PARAMETER    9  alpha_2CBO RESTORED TO VARIABLE.
                   PARAMETER    8  beta_CBO RESTORED TO VARIABLE.
                   PARAMETER    6  alpha_CBO RESTORED TO VARIABLE.
                   PARAMETER    4  phi RESTORED TO VARIABLE.
                   PARAMETER    3  A0 RESTORED TO VARIABLE.
                   PARAMETER    1  N0 RESTORED TO VARIABLE.
 **********
 **   68 **FIX            0
 **********
 PARAMETER    0  IS UNDEFINED. IGNORED.
 **********
 **   69 **FIX            1
 **********
 **********
 **   70 **FIX            2
 **********
 PARAMETER    2  IS CONSTANT.   IGNORED.
 **********
 **   71 **FIX            3
 **********
 **********
 **   72 **FIX            4
 **********
 **********
 **   73 **FIX            5
 **********
 PARAMETER    5  IS CONSTANT.   IGNORED.
 **********
 **   74 **FIX            6
 **********
 **********
 **   75 **FIX            7
 **********
 PARAMETER    7  IS CONSTANT.   IGNORED.
 **********
 **   76 **FIX            8
 **********
 **********
 **   77 **FIX            9
 **********
 **********
 **   78 **FIX           10
 **********
 **********
 **   79 **FIX           11
 **********
 **********
 **   80 **FIX           12
 **********
 PARAMETER   12  IS CONSTANT.   IGNORED.
 **********
 **   81 **FIX           16
 **********
 **********
 **   82 **MIGRAD
 **********
 START MIGRAD MINIMIZATION.  STRATEGY  1.  CONVERGENCE WHEN EDM .LT. 1.00e-04
 FCN=17.4677 FROM MIGRAD    STATUS=INITIATE       16 CALLS        3537 TOTAL
                     EDM= unknown      STRATEGY= 1      NO ERROR MATRIX       
  EXT PARAMETER               CURRENT GUESS       STEP         FIRST   
  NO.   NAME      VALUE            ERROR          SIZE      DERIVATIVE 
   1  N0           3.01117e+06     fixed    
   2  tau          6.43884e+01   constant   
   3  A0           3.62467e-01     fixed    
   4  phi          4.08587e+00     fixed    
   5  R           -6.17521e+01   constant   
   6  alpha_CBO    7.67985e-02     fixed    
   7  w_CBO        2.32500e+00   constant   
   8  beta_CBO     6.25502e-04     fixed    
   9  alpha_2CBO   1.86026e-03     fixed    
  10  beta_2CBO   -3.17025e-02     fixed    
  11  alpha_y      1.00473e-03     fixed    
  12  w_y          1.44500e+01   constant   
  13  beta_y      -4.18652e-05   2.41425e-04   2.41425e-04   1.51703e+03
  14  alpha_vw     0.00000e+00   1.00000e-03   1.00000e-03   1.96846e+04
  15  w_vw         1.29000e+01   constant   
  16  beta_vw      0.00000e+00     fixed    
  17  LM          -7.01586e-04   constant   
  18  zeta_y       0.00000e+00   constant   
  19  zeta_vw      0.00000e+00   constant   
  20  T_CBO        4.83701e+00   1.02108e-02   6.82634e-07   3.32675e+01
  21  alpha_A0     2.91716e+05   1.05477e+04   6.41745e+00  -3.85516e-08
  22  beta_A0      4.65466e+05   1.95677e+04   7.73010e+00   5.55985e-08
  23  alpha_phi    1.70023e+06   5.54688e+04   6.90330e+00  -3.04250e-08
  24  beta_phi     1.90405e+05   8.07798e+03   6.44745e+00   4.34742e-09
 MIGRAD MINIMIZATION HAS CONVERGED.
 MIGRAD WILL VERIFY CONVERGENCE AND ERROR MATRIX.
 FCN=11.5162 FROM MIGRAD    STATUS=CONVERGED     145 CALLS        3666 TOTAL
                     EDM=9.294e-05    STRATEGY= 1      ERR MATRIX NOT POS-DEF
  EXT PARAMETER                APPROXIMATE        STEP         FIRST   
  NO.   NAME      VALUE            ERROR          SIZE      DERIVATIVE 
   1  N0           3.01117e+06     fixed    
   2  tau          6.43884e+01   constant   
   3  A0           3.62467e-01     fixed    
   4  phi          4.08587e+00     fixed    
   5  R           -6.17521e+01   constant   
   6  alpha_CBO    7.67985e-02     fixed    
   7  w_CBO        2.32500e+00   constant   
   8  beta_CBO     6.25502e-04     fixed    
   9  alpha_2CBO   1.86026e-03     fixed    
  10  beta_2CBO   -3.17025e-02     fixed    
  11  alpha_y      1.00473e-03     fixed    
  12  w_y          1.44500e+01   constant   
  13  beta_y      -1.68394e-04   2.41158e-04   4.12577e-07   2.12047e-01
  14  alpha_vw    -5.94923e-04   2.44234e-04   4.12169e-07   3.38821e-01
  15  w_vw         1.29000e+01   constant   
  16  beta_vw      0.00000e+00     fixed    
  17  LM          -7.01586e-04   constant   
  18  zeta_y       0.00000e+00   constant   
  19  zeta_vw      0.00000e+00   constant   
  20  T_CBO        4.83707e+00   1.10577e-02   6.82633e-07  -3.96052e+01
  21  alpha_A0     2.91222e+05   1.13071e+04   5.28208e+00   7.67811e-08
  22  beta_A0      4.67381e+05   1.72977e+04   6.36271e+00   5.26056e-08
  23  alpha_phi    1.70042e+06   6.00565e+04   5.68298e+00   9.15594e-08
  24  beta_phi     1.89536e+05   7.71198e+03   5.30765e+00   1.97975e-08
 EXTERNAL ERROR MATRIX.    NDIM=  25    NPAR=  7    ERR DEF=1
  5.816e-08  8.319e-09 -5.258e-09  3.812e-02 -4.314e-02  8.487e-03  2.266e-02 
  8.319e-09  5.965e-08 -1.733e-08  5.819e-02 -1.726e-01  4.414e-02  9.330e-02 
 -5.258e-09 -1.733e-08  1.223e-04 -1.183e+02 -1.827e+02 -6.625e+02 -7.413e+01 
  3.812e-02  5.819e-02 -1.183e+02  1.278e+08  1.781e+08  6.398e+08  7.352e+07 
 -4.314e-02 -1.726e-01 -1.827e+02  1.781e+08  2.992e+08  9.948e+08  1.058e+08 
  8.487e-03  4.414e-02 -6.625e+02  6.398e+08  9.948e+08  3.607e+09  3.990e+08 
  2.266e-02  9.330e-02 -7.413e+01  7.352e+07  1.058e+08  3.990e+08  5.947e+07 
ERR MATRIX NOT POS-DEF
 PARAMETER  CORRELATION COEFFICIENTS  
       NO.  GLOBAL     13     14     20     21     22     23     24
       13  0.14633   1.000  0.141 -0.002  0.014 -0.010  0.001  0.012
       14  0.21860   0.141  1.000 -0.006  0.021 -0.041  0.003  0.050
       20  0.99791  -0.002 -0.006  1.000 -0.946 -0.955 -0.998 -0.869
       21  0.94808   0.014  0.021 -0.946  1.000  0.911  0.942  0.843
       22  0.96128  -0.010 -0.041 -0.955  0.911  1.000  0.958  0.793
       23  0.99779   0.001  0.003 -0.998  0.942  0.958  1.000  0.861
       24  0.88297   0.012  0.050 -0.869  0.843  0.793  0.861  1.000
 ERR MATRIX NOT POS-DEF
MINUIT - FIT ALTOGETHER
 **********
 **   83 **RES 
 **********
