 + ++++++++++++++++++++++++++++++++++++++++++++++++++++++++++++++++++++ +
 +                                                                      +
 +           You have chose to blind your fitting according to          +
 +                omega_ref * (1 + (R +/- deltaR) *10^{-6})             +
 +                                                                      +
 + ++++++++++++++++++++++++++++++++++++++++++++++++++++++++++++++++++++ +
In main()...
reading format from /gm2data/zkhechad/run45/envelope/formats/formatB_sBin_constraintOn.txt
pBinTau 	= 0  
pBinPhi 	= 0  
constraintau 	= 1 
includeMopTerm 	= 0    
constrainMop    = 0   
Parameters after format file: pBinTau 0 pBinPhi 0 constraintau 1 includeMopTerm 0 constrainMop 0 c_e_scale 0.000000 
Opening file /gm2data/tbarrett/gm2fr/studies/run23_bunch_corrections/CorrectedFourier_Run3b.root.
reading full fit data from /gm2data/zkhechad/cboTemplates/Run4CBOTemplates/fullFits/noRF/sBin_constraintOn_cE0.0_seed0_noRF_calo8.root
windowBins = 34
fitting sliding window 70 from bin 206 at 30.586000 to bin 240 at 35.808000 (34 bins)

Reading data from /gm2data/cornell/histograms/aMethod/histogram_a_noRF.root
 **********
 **    1 **SET PRINTOUT            1
 **********
 **********
 **    2 **SET NOWARNINGS 
 **********
 PARAMETER DEFINITIONS:
    NO.   NAME         VALUE      STEP SIZE      LIMITS
     1 N0           2.93777e+06  1.00000e+02     no limits
     2 tau          6.44050e+01  constant
     3 A0           3.52923e-01  1.00000e-04     no limits
     4 phi          4.11508e+00  1.00000e-02     no limits
     5 R           -6.11922e+01  constant
     6 alpha_CBO    0.00000e+00  1.00000e-03     no limits
     7 w_CBO        2.32500e+00  constant
     8 beta_CBO     0.00000e+00  1.00000e-03     no limits
     9 alpha_2CBO   0.00000e+00  1.00000e-03     no limits
    10 beta_2CBO    0.00000e+00  1.00000e-03     no limits
    11 alpha_y      0.00000e+00  1.00000e-03     no limits
    12 w_y          1.38860e+01  constant
    13 beta_y       0.00000e+00  1.00000e-03     no limits
    14 alpha_vw     0.00000e+00  1.00000e-03     no limits
    15 w_vw         1.43404e+01  constant
    16 beta_vw      0.00000e+00  1.00000e-03     no limits
    17 LM           1.41693e-04  constant
    18 zeta_y       0.00000e+00  constant
    19 zeta_vw      0.00000e+00  constant
    20 T_CBO        1.00000e+02  1.00000e+00    0.00000e+00  1.00000e+03
    21 alpha_A0     0.00000e+00  1.00000e-03     no limits
    22 beta_A0      0.00000e+00  1.00000e-03     no limits
    23 alpha_phi    0.00000e+00  1.00000e-03     no limits
    24 beta_phi     0.00000e+00  1.00000e-03     no limits
MINUIT - FIT ONLY WIGGLE
 **********
 **    3 **FIX            5
 **********
 PARAMETER    5  IS CONSTANT.   IGNORED.
 **********
 **    4 **FIX            6
 **********
 **********
 **    5 **FIX            7
 **********
 PARAMETER    7  IS CONSTANT.   IGNORED.
 **********
 **    6 **FIX            8
 **********
 **********
 **    7 **FIX            9
 **********
 **********
 **    8 **FIX           10
 **********
 **********
 **    9 **FIX           11
 **********
 **********
 **   10 **FIX           12
 **********
 PARAMETER   12  IS CONSTANT.   IGNORED.
 **********
 **   11 **FIX           13
 **********
 **********
 **   12 **FIX           14
 **********
 **********
 **   13 **FIX           15
 **********
 PARAMETER   15  IS CONSTANT.   IGNORED.
 **********
 **   14 **FIX           16
 **********
 **********
 **   15 **MIGRAD
 **********
 FIRST CALL TO USER FUNCTION AT NEW START POINT, WITH IFLAG=4.
 START MIGRAD MINIMIZATION.  STRATEGY  1.  CONVERGENCE WHEN EDM .LT. 1.00e-04
 FCN=10552.6 FROM MIGRAD    STATUS=INITIATE      435 CALLS         436 TOTAL
                     EDM= unknown      STRATEGY= 1      NO ERROR MATRIX       
  EXT PARAMETER               CURRENT GUESS       STEP         FIRST   
  NO.   NAME      VALUE            ERROR          SIZE      DERIVATIVE 
   1  N0           2.93777e+06   1.00000e+02   0.00000e+00   5.11923e-02
   2  tau          6.44050e+01   constant   
   3  A0           3.52923e-01   1.00000e-04   0.00000e+00   6.63644e+05
   4  phi          4.11508e+00   1.00000e-02   0.00000e+00   1.36500e+05
   5  R           -6.11922e+01   constant   
   6  alpha_CBO    0.00000e+00     fixed    
   7  w_CBO        2.32500e+00   constant   
   8  beta_CBO     0.00000e+00     fixed    
   9  alpha_2CBO   0.00000e+00     fixed    
  10  beta_2CBO    0.00000e+00     fixed    
  11  alpha_y      0.00000e+00     fixed    
  12  w_y          1.38860e+01   constant   
  13  beta_y       0.00000e+00     fixed    
  14  alpha_vw     0.00000e+00     fixed    
  15  w_vw         1.43404e+01   constant   
  16  beta_vw      0.00000e+00     fixed    
  17  LM           1.41693e-04   constant   
  18  zeta_y       0.00000e+00   constant   
  19  zeta_vw      0.00000e+00   constant   
  20  T_CBO        1.00000e+02   1.00000e+00   0.00000e+00   0.00000e+00
  21  alpha_A0     0.00000e+00   1.00000e-03   0.00000e+00  -4.54216e+04
  22  beta_A0      0.00000e+00   1.00000e-03   0.00000e+00   1.74069e+04
  23  alpha_phi    0.00000e+00   1.00000e-03   0.00000e+00   2.87288e+04
  24  beta_phi     0.00000e+00   1.00000e-03   0.00000e+00  -1.12702e+04
 MIGRAD MINIMIZATION HAS CONVERGED.
 FCN=3497.13 FROM MIGRAD    STATUS=CONVERGED    1036 CALLS        1037 TOTAL
                     EDM=7.44279e-07    STRATEGY= 1  ERROR MATRIX UNCERTAINTY   0.1 per cent
  EXT PARAMETER                                   STEP         FIRST   
  NO.   NAME      VALUE            ERROR          SIZE      DERIVATIVE 
   1  N0           2.90378e+06   7.20181e+02   1.13584e-01  -2.54451e-06
   2  tau          6.44050e+01   constant   
   3  A0           3.35425e-01   2.51461e-04   8.43026e-08  -7.74047e+00
   4  phi          4.10973e+00   6.72738e-04   1.35399e-07  -3.55757e-02
   5  R           -6.11922e+01   constant   
   6  alpha_CBO    0.00000e+00     fixed    
   7  w_CBO        2.32500e+00   constant   
   8  beta_CBO     0.00000e+00     fixed    
   9  alpha_2CBO   0.00000e+00     fixed    
  10  beta_2CBO    0.00000e+00     fixed    
  11  alpha_y      0.00000e+00     fixed    
  12  w_y          1.38860e+01   constant   
  13  beta_y       0.00000e+00     fixed    
  14  alpha_vw     0.00000e+00     fixed    
  15  w_vw         1.43404e+01   constant   
  16  beta_vw      0.00000e+00     fixed    
  17  LM           1.41693e-04   constant   
  18  zeta_y       0.00000e+00   constant   
  19  zeta_vw      0.00000e+00   constant   
  20  T_CBO        1.00000e+03   7.55787e+02  -3.68025e-03** at limit **
  21  alpha_A0    -6.79748e-02   1.80067e-03   6.46653e-07  -9.62354e-01
  22  beta_A0     -6.24860e-02   9.82112e-04   1.00326e-06   8.21666e-01
  23  alpha_phi   -4.52249e-02   9.09937e-04   5.56255e-07   2.44106e+00
  24  beta_phi     4.66429e-02   1.29630e-03  -4.42433e-07  -2.11779e+00
 EXTERNAL ERROR MATRIX.    NDIM=  25    NPAR=  8    ERR DEF=1
  5.187e+05  1.590e-01 -3.228e-01 -5.068e+00  1.209e+00  4.980e-01  5.664e-01 -8.423e-01 
  1.590e-01  6.323e-08 -8.295e-08 -2.155e-06  3.957e-07  1.985e-07  1.957e-07 -2.672e-07 
 -3.228e-01 -8.295e-08  4.526e-07  8.152e-07 -8.488e-07 -1.334e-07 -3.525e-07  6.627e-07 
 -5.068e+00 -2.155e-06  8.152e-07  2.385e-01 -1.363e-05 -1.849e-05 -1.327e-05  1.278e-05 
  1.209e+00  3.957e-07 -8.488e-07 -1.363e-05  3.242e-06  1.230e-06  1.450e-06 -2.112e-06 
  4.980e-01  1.985e-07 -1.334e-07 -1.849e-05  1.230e-06  9.645e-07  5.800e-07 -7.788e-07 
  5.664e-01  1.957e-07 -3.525e-07 -1.327e-05  1.450e-06  5.800e-07  8.280e-07 -9.891e-07 
 -8.423e-01 -2.672e-07  6.627e-07  1.278e-05 -2.112e-06 -7.788e-07 -9.891e-07  1.680e-06 
 PARAMETER  CORRELATION COEFFICIENTS  
       NO.  GLOBAL      1      3      4     20     21     22     23     24
        1  0.95016   1.000  0.878 -0.666 -0.014  0.932  0.704  0.864 -0.902
        3  0.93322   0.878  1.000 -0.490 -0.018  0.874  0.804  0.855 -0.820
        4  0.86108  -0.666 -0.490  1.000  0.002 -0.701 -0.202 -0.576  0.760
       20  0.06422  -0.014 -0.018  0.002  1.000 -0.015 -0.039 -0.030  0.020
       21  0.95931   0.932  0.874 -0.701 -0.015  1.000  0.696  0.885 -0.905
       22  0.85850   0.704  0.804 -0.202 -0.039  0.696  1.000  0.649 -0.612
       23  0.90815   0.864  0.855 -0.576 -0.030  0.885  0.649  1.000 -0.839
       24  0.93932  -0.902 -0.820  0.760  0.020 -0.905 -0.612 -0.839  1.000
MINUIT - FIT ONLY 1-CBO + wiggle
 **********
 **   16 **RES 
 **********
                   PARAMETER   16  beta_vw RESTORED TO VARIABLE.
                   PARAMETER   14  alpha_vw RESTORED TO VARIABLE.
                   PARAMETER   13  beta_y RESTORED TO VARIABLE.
                   PARAMETER   11  alpha_y RESTORED TO VARIABLE.
                   PARAMETER   10  beta_2CBO RESTORED TO VARIABLE.
                   PARAMETER    9  alpha_2CBO RESTORED TO VARIABLE.
                   PARAMETER    8  beta_CBO RESTORED TO VARIABLE.
                   PARAMETER    6  alpha_CBO RESTORED TO VARIABLE.
 **********
 **   17 **FIX            8
 **********
 **********
 **   18 **FIX            9
 **********
 **********
 **   19 **FIX           11
 **********
 **********
 **   20 **FIX           12
 **********
 PARAMETER   12  IS CONSTANT.   IGNORED.
 **********
 **   21 **FIX           14
 **********
 **********
 **   22 **FIX           15
 **********
 PARAMETER   15  IS CONSTANT.   IGNORED.
 **********
 **   23 **FIX           16
 **********
 **********
 **   24 **MIGRAD
 **********
 START MIGRAD MINIMIZATION.  STRATEGY  1.  CONVERGENCE WHEN EDM .LT. 1.00e-04
 FCN=3497.13 FROM MIGRAD    STATUS=INITIATE       28 CALLS        1065 TOTAL
                     EDM= unknown      STRATEGY= 1      NO ERROR MATRIX       
  EXT PARAMETER               CURRENT GUESS       STEP         FIRST   
  NO.   NAME      VALUE            ERROR          SIZE      DERIVATIVE 
   1  N0           2.90378e+06   7.20181e+02   1.13584e-01  -2.54451e-06
   2  tau          6.44050e+01   constant   
   3  A0           3.35425e-01   2.51461e-04   8.43026e-08  -7.74047e+00
   4  phi          4.10973e+00   6.72738e-04   1.35399e-07  -3.55792e-02
   5  R           -6.11922e+01   constant   
   6  alpha_CBO    0.00000e+00   1.00000e-03   1.00000e-03  -6.34414e+05
   7  w_CBO        2.32500e+00   constant   
   8  beta_CBO     0.00000e+00     fixed    
   9  alpha_2CBO   0.00000e+00     fixed    
  10  beta_2CBO    0.00000e+00   1.00000e-03   1.00000e-03   4.58920e+05
  11  alpha_y      0.00000e+00     fixed    
  12  w_y          1.38860e+01   constant   
  13  beta_y       0.00000e+00   1.00000e-03   1.00000e-03   8.05949e+04
  14  alpha_vw     0.00000e+00     fixed    
  15  w_vw         1.43404e+01   constant   
  16  beta_vw      0.00000e+00     fixed    
  17  LM           1.41693e-04   constant   
  18  zeta_y       0.00000e+00   constant   
  19  zeta_vw      0.00000e+00   constant   
  20  T_CBO        1.00000e+03   7.55787e+02  -3.68025e-03** at limit **
  21  alpha_A0    -6.79748e-02   1.80067e-03   6.46653e-07  -9.62345e-01
  22  beta_A0     -6.24860e-02   9.82112e-04   1.00326e-06   8.21664e-01
  23  alpha_phi   -4.52249e-02   9.09937e-04   5.56255e-07   2.44106e+00
  24  beta_phi     4.66429e-02   1.29630e-03  -4.42433e-07  -2.11779e+00
 MIGRAD MINIMIZATION HAS CONVERGED.
 FCN=634.906 FROM MIGRAD    STATUS=CONVERGED     645 CALLS        1682 TOTAL
                     EDM=4.61395e-07    STRATEGY= 1  ERROR MATRIX UNCERTAINTY   0.0 per cent
  EXT PARAMETER                                   STEP         FIRST   
  NO.   NAME      VALUE            ERROR          SIZE      DERIVATIVE 
   1  N0           2.89972e+06   8.16516e+02   6.87382e-02  -2.02435e-06
   2  tau          6.44050e+01   constant   
   3  A0           3.37592e-01   3.05304e-04   1.50143e-07  -2.67983e+00
   4  phi          4.13704e+00   1.02073e-03   4.95115e-09   9.23688e-01
   5  R           -6.11922e+01   constant   
   6  alpha_CBO    8.39494e-03   1.92207e-04  -6.25413e-08  -3.41356e+00
   7  w_CBO        2.32500e+00   constant   
   8  beta_CBO     0.00000e+00     fixed    
   9  alpha_2CBO   0.00000e+00     fixed    
  10  beta_2CBO   -6.89314e-04   1.53487e-04  -1.77568e-08  -7.24739e+00
  11  alpha_y      0.00000e+00     fixed    
  12  w_y          1.38860e+01   constant   
  13  beta_y      -4.26958e-04   1.09727e-04  -2.98983e-08  -2.19958e+00
  14  alpha_vw     0.00000e+00     fixed    
  15  w_vw         1.43404e+01   constant   
  16  beta_vw      0.00000e+00     fixed    
  17  LM           1.41693e-04   constant   
  18  zeta_y       0.00000e+00   constant   
  19  zeta_vw      0.00000e+00   constant   
  20  T_CBO        1.00000e+03   8.91222e+02  -5.83713e-03** at limit **
  21  alpha_A0    -8.57392e-02   2.01866e-03   8.57228e-07   4.08886e-01
  22  beta_A0     -4.52347e-02   1.45707e-03   9.30698e-07   1.19160e+00
  23  alpha_phi   -3.98274e-02   1.11149e-03   1.98999e-07  -1.08948e-01
  24  beta_phi     6.34537e-02   1.43241e-03  -5.69302e-07  -9.22921e-01
 EXTERNAL ERROR MATRIX.    NDIM=  25    NPAR= 11    ERR DEF=1
  6.667e+05 
  2.062e-01  9.321e-08 
 -3.647e-01 -3.227e-09  1.042e-06 
  5.530e-03  2.335e-08  1.379e-07  3.694e-08 
  1.380e-02  1.864e-08  7.985e-08  1.481e-08  2.356e-08 
  9.326e-03  3.202e-09 -1.516e-09  4.286e-10  2.822e-10  1.204e-08 
 -2.613e+00 -2.562e-06  2.989e-06  1.843e-06  1.269e-06  1.019e-06  8.204e-01 
  1.554e+00  4.837e-07 -1.083e-06 -2.252e-08  1.831e-08  2.077e-08 -2.869e-05  4.075e-06 
  7.670e-01  3.887e-07  4.054e-07  1.566e-07  1.305e-07  1.551e-08 -2.333e-05  1.722e-06  2.123e-06 
  8.062e-01  2.956e-07 -2.928e-07  4.741e-08  2.922e-08  1.212e-08 -8.210e-06  1.976e-06  1.142e-06  1.235e-06 
 -1.036e+00 -2.836e-07  9.870e-07  5.693e-08  2.501e-08 -1.485e-08  2.250e-05 -2.620e-06 -8.348e-07 -1.268e-06  2.052e-06 
 PARAMETER  CORRELATION COEFFICIENTS  
       NO.  GLOBAL      1      3      4      6     10     13     20     21     22     23     24
        1  0.96109   1.000  0.827 -0.438  0.035  0.110  0.104 -0.004  0.943  0.645  0.888 -0.886
        3  0.95342   0.827  1.000 -0.010  0.398  0.398  0.096 -0.009  0.785  0.874  0.871 -0.648
        4  0.93878  -0.438 -0.010  1.000  0.703  0.510 -0.014  0.003 -0.525  0.273 -0.258  0.675
        6  0.82616   0.035  0.398  0.703  1.000  0.502  0.020  0.011 -0.058  0.559  0.222  0.207
       10  0.70662   0.110  0.398  0.510  0.502  1.000  0.017  0.009  0.059  0.584  0.171  0.114
       13  0.12824   0.104  0.096 -0.014  0.020  0.017  1.000  0.010  0.094  0.097  0.099 -0.094
       20  0.06672  -0.004 -0.009  0.003  0.011  0.009  0.010  1.000 -0.016 -0.018 -0.008  0.017
       21  0.96797   0.943  0.785 -0.525 -0.058  0.059  0.094 -0.016  1.000  0.585  0.881 -0.906
       22  0.93701   0.645  0.874  0.273  0.559  0.584  0.097 -0.018  0.585  1.000  0.705 -0.400
       23  0.94031   0.888  0.871 -0.258  0.222  0.171  0.099 -0.008  0.881  0.705  1.000 -0.796
       24  0.95283  -0.886 -0.648  0.675  0.207  0.114 -0.094  0.017 -0.906 -0.400 -0.796  1.000
MINUIT - FIT ONLY 2-CBO
 **********
 **   25 **RES 
 **********
                   PARAMETER   16  beta_vw RESTORED TO VARIABLE.
                   PARAMETER   14  alpha_vw RESTORED TO VARIABLE.
                   PARAMETER   11  alpha_y RESTORED TO VARIABLE.
                   PARAMETER    9  alpha_2CBO RESTORED TO VARIABLE.
                   PARAMETER    8  beta_CBO RESTORED TO VARIABLE.
 **********
 **   26 **FIX            0
 **********
 PARAMETER    0  IS UNDEFINED. IGNORED.
 **********
 **   27 **FIX            1
 **********
 **********
 **   28 **FIX            2
 **********
 PARAMETER    2  IS CONSTANT.   IGNORED.
 **********
 **   29 **FIX            3
 **********
 **********
 **   30 **FIX            4
 **********
 **********
 **   31 **FIX            5
 **********
 PARAMETER    5  IS CONSTANT.   IGNORED.
 **********
 **   32 **FIX            6
 **********
 **********
 **   33 **FIX            7
 **********
 PARAMETER    7  IS CONSTANT.   IGNORED.
 **********
 **   34 **FIX           10
 **********
 **********
 **   35 **FIX           11
 **********
 **********
 **   36 **FIX           12
 **********
 PARAMETER   12  IS CONSTANT.   IGNORED.
 **********
 **   37 **FIX           13
 **********
 **********
 **   38 **FIX           14
 **********
 **********
 **   39 **FIX           15
 **********
 PARAMETER   15  IS CONSTANT.   IGNORED.
 **********
 **   40 **FIX           16
 **********
 **********
 **   41 **MIGRAD
 **********
 START MIGRAD MINIMIZATION.  STRATEGY  1.  CONVERGENCE WHEN EDM .LT. 1.00e-04
 FCN=634.906 FROM MIGRAD    STATUS=INITIATE       18 CALLS        1700 TOTAL
                     EDM= unknown      STRATEGY= 1      NO ERROR MATRIX       
  EXT PARAMETER               CURRENT GUESS       STEP         FIRST   
  NO.   NAME      VALUE            ERROR          SIZE      DERIVATIVE 
   1  N0           2.89972e+06     fixed    
   2  tau          6.44050e+01   constant   
   3  A0           3.37592e-01     fixed    
   4  phi          4.13704e+00     fixed    
   5  R           -6.11922e+01   constant   
   6  alpha_CBO    8.39494e-03     fixed    
   7  w_CBO        2.32500e+00   constant   
   8  beta_CBO     0.00000e+00   1.00000e-03   1.00000e-03   1.32087e+05
   9  alpha_2CBO   0.00000e+00   1.00000e-03   1.00000e-03   2.34548e+05
  10  beta_2CBO   -6.89314e-04     fixed    
  11  alpha_y      0.00000e+00     fixed    
  12  w_y          1.38860e+01   constant   
  13  beta_y      -4.26958e-04     fixed    
  14  alpha_vw     0.00000e+00     fixed    
  15  w_vw         1.43404e+01   constant   
  16  beta_vw      0.00000e+00     fixed    
  17  LM           1.41693e-04   constant   
  18  zeta_y       0.00000e+00   constant   
  19  zeta_vw      0.00000e+00   constant   
  20  T_CBO        1.00000e+03   8.91222e+02  -5.83713e-03** at limit **
  21  alpha_A0    -8.57392e-02   2.01866e-03   8.57228e-07   4.08893e-01
  22  beta_A0     -4.52347e-02   1.45707e-03   9.30698e-07   1.19161e+00
  23  alpha_phi   -3.98274e-02   1.11149e-03   1.98999e-07  -1.08949e-01
  24  beta_phi     6.34537e-02   1.43241e-03  -5.69302e-07  -9.22922e-01
 MIGRAD MINIMIZATION HAS CONVERGED.
 MIGRAD WILL VERIFY CONVERGENCE AND ERROR MATRIX.
 COVARIANCE MATRIX CALCULATED SUCCESSFULLY
 FCN=379.285 FROM MIGRAD    STATUS=CONVERGED     154 CALLS        1836 TOTAL
                     EDM=1.04718e-05    STRATEGY= 1      ERROR MATRIX ACCURATE 
  EXT PARAMETER                                   STEP         FIRST   
  NO.   NAME      VALUE            ERROR          SIZE      DERIVATIVE 
   1  N0           2.89972e+06     fixed    
   2  tau          6.44050e+01   constant   
   3  A0           3.37592e-01     fixed    
   4  phi          4.13704e+00     fixed    
   5  R           -6.11922e+01   constant   
   6  alpha_CBO    8.39494e-03     fixed    
   7  w_CBO        2.32500e+00   constant   
   8  beta_CBO    -8.44137e-04   1.15192e-04   1.08339e-06  -3.08945e+00
   9  alpha_2CBO  -1.70439e-03   1.21201e-04   1.07700e-06   2.44393e+00
  10  beta_2CBO   -6.89314e-04     fixed    
  11  alpha_y      0.00000e+00     fixed    
  12  w_y          1.38860e+01   constant   
  13  beta_y      -4.26958e-04     fixed    
  14  alpha_vw     0.00000e+00     fixed    
  15  w_vw         1.43404e+01   constant   
  16  beta_vw      0.00000e+00     fixed    
  17  LM           1.41693e-04   constant   
  18  zeta_y       0.00000e+00   constant   
  19  zeta_vw      0.00000e+00   constant   
  20  T_CBO        9.99999e+02   9.99864e+02   2.94072e-02   3.21391e-04
  21  alpha_A0    -8.76603e-02   5.79850e-04   4.80446e-06   2.32520e+00
  22  beta_A0     -4.43448e-02   5.31333e-04   4.87285e-06   7.05440e+00
  23  alpha_phi   -4.04480e-02   4.17890e-04   3.57189e-06  -4.45487e+00
  24  beta_phi     6.16049e-02   4.74318e-04   4.15190e-06   1.95025e+00
 EXTERNAL ERROR MATRIX.    NDIM=  25    NPAR=  7    ERR DEF=1
  1.327e-08 -2.743e-10 -6.761e-08  3.982e-09 -1.272e-09  1.534e-09  5.866e-09 
 -2.743e-10  1.469e-08 -7.159e-08  1.413e-08 -6.865e-09  4.425e-09  1.247e-08 
 -6.761e-08 -7.159e-08  5.772e+00 -1.766e-04 -9.044e-05 -8.005e-05  1.229e-04 
  3.982e-09  1.413e-08 -1.766e-04  3.362e-07  5.910e-08  9.286e-08 -4.546e-08 
 -1.272e-09 -6.865e-09 -9.044e-05  5.910e-08  2.823e-07 -3.205e-09 -2.351e-08 
  1.534e-09  4.425e-09 -8.005e-05  9.286e-08 -3.205e-09  1.746e-07 -4.835e-08 
  5.866e-09  1.247e-08  1.229e-04 -4.546e-08 -2.351e-08 -4.835e-08  2.250e-07 
 PARAMETER  CORRELATION COEFFICIENTS  
       NO.  GLOBAL      8      9     20     21     22     23     24
        8  0.15619   1.000 -0.020 -0.000  0.060 -0.021  0.032  0.107
        9  0.35931  -0.020  1.000 -0.000  0.201 -0.107  0.087  0.217
       20  0.16146  -0.000 -0.000  1.000 -0.127 -0.071 -0.080  0.108
       21  0.49272   0.060  0.201 -0.127  1.000  0.192  0.383 -0.165
       22  0.26893  -0.021 -0.107 -0.071  0.192  1.000 -0.014 -0.093
       23  0.44070   0.032  0.087 -0.080  0.383 -0.014  1.000 -0.244
       24  0.39359   0.107  0.217  0.108 -0.165 -0.093 -0.244  1.000
MINUIT - FIT wiggle + 1-CBO + 2-CBO
 **********
 **   42 **RES 
 **********
                   PARAMETER   16  beta_vw RESTORED TO VARIABLE.
                   PARAMETER   14  alpha_vw RESTORED TO VARIABLE.
                   PARAMETER   13  beta_y RESTORED TO VARIABLE.
                   PARAMETER   11  alpha_y RESTORED TO VARIABLE.
                   PARAMETER   10  beta_2CBO RESTORED TO VARIABLE.
                   PARAMETER    6  alpha_CBO RESTORED TO VARIABLE.
                   PARAMETER    4  phi RESTORED TO VARIABLE.
                   PARAMETER    3  A0 RESTORED TO VARIABLE.
                   PARAMETER    1  N0 RESTORED TO VARIABLE.
 **********
 **   43 **FIX           10
 **********
 **********
 **   44 **FIX           11
 **********
 **********
 **   45 **FIX           12
 **********
 PARAMETER   12  IS CONSTANT.   IGNORED.
 **********
 **   46 **FIX           13
 **********
 **********
 **   47 **FIX           14
 **********
 **********
 **   48 **FIX           15
 **********
 PARAMETER   15  IS CONSTANT.   IGNORED.
 **********
 **   49 **FIX           16
 **********
 **********
 **   50 **MIGRAD
 **********
 START MIGRAD MINIMIZATION.  STRATEGY  1.  CONVERGENCE WHEN EDM .LT. 1.00e-04
 FCN=379.285 FROM MIGRAD    STATUS=INITIATE       22 CALLS        1858 TOTAL
                     EDM= unknown      STRATEGY= 1      NO ERROR MATRIX       
  EXT PARAMETER               CURRENT GUESS       STEP         FIRST   
  NO.   NAME      VALUE            ERROR          SIZE      DERIVATIVE 
   1  N0           2.89972e+06   8.16516e+02   8.16516e+02  -5.17691e-03
   2  tau          6.44050e+01   constant   
   3  A0           3.37592e-01   3.05304e-04   3.05304e-04  -6.34326e+03
   4  phi          4.13704e+00   1.02073e-03   1.02073e-03  -1.71467e+03
   5  R           -6.11922e+01   constant   
   6  alpha_CBO    8.39494e-03   1.92207e-04   1.92207e-04   7.72430e+03
   7  w_CBO        2.32500e+00   constant   
   8  beta_CBO    -8.44137e-04   1.15192e-04   1.08339e-06  -3.08943e+00
   9  alpha_2CBO  -1.70439e-03   1.21201e-04   1.07700e-06   2.44393e+00
  10  beta_2CBO   -6.89314e-04     fixed    
  11  alpha_y      0.00000e+00     fixed    
  12  w_y          1.38860e+01   constant   
  13  beta_y      -4.26958e-04     fixed    
  14  alpha_vw     0.00000e+00     fixed    
  15  w_vw         1.43404e+01   constant   
  16  beta_vw      0.00000e+00     fixed    
  17  LM           1.41693e-04   constant   
  18  zeta_y       0.00000e+00   constant   
  19  zeta_vw      0.00000e+00   constant   
  20  T_CBO        9.99999e+02   9.99864e+02   2.94072e-02  -3.34767e-04
  21  alpha_A0    -8.76603e-02   5.79850e-04   4.80446e-06   2.32523e+00
  22  beta_A0     -4.43448e-02   5.31333e-04   4.87285e-06   7.05447e+00
  23  alpha_phi   -4.04480e-02   4.17890e-04   3.57189e-06  -4.45488e+00
  24  beta_phi     6.16049e-02   4.74318e-04   4.15190e-06   1.95024e+00
 MIGRAD MINIMIZATION HAS CONVERGED.
 FCN=292.674 FROM MIGRAD    STATUS=CONVERGED     530 CALLS        2366 TOTAL
                     EDM=4.86717e-07    STRATEGY= 1  ERROR MATRIX UNCERTAINTY   4.5 per cent
  EXT PARAMETER                                   STEP         FIRST   
  NO.   NAME      VALUE            ERROR          SIZE      DERIVATIVE 
   1  N0           2.93302e+06   4.13584e+03  -1.52864e+01  -1.61470e-06
   2  tau          6.44050e+01   constant   
   3  A0           3.50116e-01   1.67071e-03  -6.07478e-06  -4.55926e+00
   4  phi          4.11333e+00   3.01058e-03   1.19156e-05   1.67604e+00
   5  R           -6.11922e+01   constant   
   6  alpha_CBO    8.27648e-03   1.58544e-04   9.58162e-08  -2.16727e+00
   7  w_CBO        2.32500e+00   constant   
   8  beta_CBO    -5.85128e-03   6.94399e-04   2.55560e-06  -6.15524e+00
   9  alpha_2CBO  -2.44293e-04   1.99165e-04  -5.67468e-07   3.45778e+00
  10  beta_2CBO   -6.89314e-04     fixed    
  11  alpha_y      0.00000e+00     fixed    
  12  w_y          1.38860e+01   constant   
  13  beta_y      -4.26958e-04     fixed    
  14  alpha_vw     0.00000e+00     fixed    
  15  w_vw         1.43404e+01   constant   
  16  beta_vw      0.00000e+00     fixed    
  17  LM           1.41693e-04   constant   
  18  zeta_y       0.00000e+00   constant   
  19  zeta_vw      0.00000e+00   constant   
  20  T_CBO        3.96424e+02   8.14271e+01   3.53637e-04  -8.58060e-03
  21  alpha_A0    -8.34758e-03   9.80974e-03  -3.63922e-05   8.81951e-01
  22  beta_A0     -1.03653e-02   4.10370e-03  -1.40636e-05  -6.67087e-02
  23  alpha_phi   -9.25768e-04   4.70367e-03  -1.68757e-05  -2.56952e-01
  24  beta_phi     3.59909e-03   7.55115e-03   2.85992e-05  -8.64612e-01
 EXTERNAL ERROR MATRIX.    NDIM=  25    NPAR= 11    ERR DEF=1
  1.711e+07 
  6.884e+00  2.791e-06 
 -1.213e+01 -4.844e-06  9.064e-06 
  2.882e-02  2.111e-08  5.464e-08  2.514e-08 
 -2.827e+00 -1.142e-06  2.019e-06 -3.628e-09  4.822e-07 
  6.632e-01  2.687e-07 -4.734e-07  1.745e-09 -1.105e-07  3.967e-08 
 -1.749e+05 -7.017e-02  1.281e-01  2.975e-04  2.887e-02 -6.538e-03  6.693e+03 
  4.046e+01  1.631e-05 -2.889e-05  4.241e-08 -6.704e-06  1.584e-06 -3.963e-01  9.623e-05 
  1.661e+01  6.760e-06 -1.140e-05  1.010e-07 -2.748e-06  6.407e-07 -1.518e-01  3.934e-05  1.684e-05 
  1.935e+01  7.824e-06 -1.363e-05  6.157e-08 -3.203e-06  7.580e-07 -1.907e-01  4.588e-05  1.894e-05  2.212e-05 
 -3.111e+01 -1.252e-05  2.234e-05 -9.605e-09  5.164e-06 -1.201e-06  3.088e-01 -7.384e-05 -3.008e-05 -3.522e-05  5.702e-05 
 PARAMETER  CORRELATION COEFFICIENTS  
       NO.  GLOBAL      1      3      4      6      8      9     20     21     22     23     24
        1  0.99857   1.000  0.996 -0.974  0.044 -0.984  0.805 -0.517  0.997  0.979  0.995 -0.996
        3  0.99854   0.996  1.000 -0.963  0.080 -0.984  0.808 -0.513  0.995  0.986  0.996 -0.992
        4  0.99466  -0.974 -0.963  1.000  0.114  0.966 -0.790  0.520 -0.978 -0.923 -0.962  0.983
        6  0.73541   0.044  0.080  0.114  1.000 -0.033  0.055  0.023  0.027  0.155  0.083 -0.008
        8  0.98699  -0.984 -0.984  0.966 -0.033  1.000 -0.799  0.508 -0.984 -0.964 -0.981  0.985
        9  0.82812   0.805  0.808 -0.790  0.055 -0.799  1.000 -0.401  0.810  0.784  0.809 -0.799
       20  0.73030  -0.517 -0.513  0.520  0.023  0.508 -0.401  1.000 -0.494 -0.452 -0.496  0.500
       21  0.99887   0.997  0.995 -0.978  0.027 -0.984  0.810 -0.494  1.000  0.977  0.994 -0.997
       22  0.99322   0.979  0.986 -0.923  0.155 -0.964  0.784 -0.452  0.977  1.000  0.981 -0.971
       23  0.99686   0.995  0.996 -0.962  0.083 -0.981  0.809 -0.496  0.994  0.981  1.000 -0.991
       24  0.99838  -0.996 -0.992  0.983 -0.008  0.985 -0.799  0.500 -0.997 -0.971 -0.991  1.000
MINUIT - FIT ONLY 1-y
 **********
 **   51 **RES 
 **********
                   PARAMETER   16  beta_vw RESTORED TO VARIABLE.
                   PARAMETER   14  alpha_vw RESTORED TO VARIABLE.
                   PARAMETER   13  beta_y RESTORED TO VARIABLE.
                   PARAMETER   11  alpha_y RESTORED TO VARIABLE.
                   PARAMETER   10  beta_2CBO RESTORED TO VARIABLE.
 **********
 **   52 **FIX            0
 **********
 PARAMETER    0  IS UNDEFINED. IGNORED.
 **********
 **   53 **FIX            1
 **********
 **********
 **   54 **FIX            2
 **********
 PARAMETER    2  IS CONSTANT.   IGNORED.
 **********
 **   55 **FIX            3
 **********
 **********
 **   56 **FIX            4
 **********
 **********
 **   57 **FIX            5
 **********
 PARAMETER    5  IS CONSTANT.   IGNORED.
 **********
 **   58 **FIX            6
 **********
 **********
 **   59 **FIX            7
 **********
 PARAMETER    7  IS CONSTANT.   IGNORED.
 **********
 **   60 **FIX            8
 **********
 **********
 **   61 **FIX            9
 **********
 **********
 **   62 **FIX           13
 **********
 **********
 **   63 **FIX           14
 **********
 **********
 **   64 **FIX           15
 **********
 PARAMETER   15  IS CONSTANT.   IGNORED.
 **********
 **   65 **FIX           16
 **********
 **********
 **   66 **MIGRAD
 **********
 START MIGRAD MINIMIZATION.  STRATEGY  1.  CONVERGENCE WHEN EDM .LT. 1.00e-04
 FCN=292.674 FROM MIGRAD    STATUS=INITIATE       16 CALLS        2382 TOTAL
                     EDM= unknown      STRATEGY= 1      NO ERROR MATRIX       
  EXT PARAMETER               CURRENT GUESS       STEP         FIRST   
  NO.   NAME      VALUE            ERROR          SIZE      DERIVATIVE 
   1  N0           2.93302e+06     fixed    
   2  tau          6.44050e+01   constant   
   3  A0           3.50116e-01     fixed    
   4  phi          4.11333e+00     fixed    
   5  R           -6.11922e+01   constant   
   6  alpha_CBO    8.27648e-03     fixed    
   7  w_CBO        2.32500e+00   constant   
   8  beta_CBO    -5.85128e-03     fixed    
   9  alpha_2CBO  -2.44293e-04     fixed    
  10  beta_2CBO   -6.89314e-04   1.53487e-04   1.53487e-04  -1.72046e+04
  11  alpha_y      0.00000e+00   1.00000e-03   1.00000e-03  -4.74308e+04
  12  w_y          1.38860e+01   constant   
  13  beta_y      -4.26958e-04     fixed    
  14  alpha_vw     0.00000e+00     fixed    
  15  w_vw         1.43404e+01   constant   
  16  beta_vw      0.00000e+00     fixed    
  17  LM           1.41693e-04   constant   
  18  zeta_y       0.00000e+00   constant   
  19  zeta_vw      0.00000e+00   constant   
  20  T_CBO        3.96424e+02   8.14271e+01   3.53637e-04  -8.58006e-03
  21  alpha_A0    -8.34758e-03   9.80974e-03  -3.63922e-05   8.81963e-01
  22  beta_A0     -1.03653e-02   4.10370e-03  -1.40636e-05  -6.67050e-02
  23  alpha_phi   -9.25768e-04   4.70367e-03  -1.68757e-05  -2.56948e-01
  24  beta_phi     3.59909e-03   7.55115e-03   2.85992e-05  -8.64612e-01
 MIGRAD MINIMIZATION HAS CONVERGED.
 MIGRAD WILL VERIFY CONVERGENCE AND ERROR MATRIX.
 COVARIANCE MATRIX CALCULATED SUCCESSFULLY
 FCN=284.398 FROM MIGRAD    STATUS=CONVERGED     491 CALLS        2857 TOTAL
                     EDM=2.96234e-06    STRATEGY= 1      ERROR MATRIX ACCURATE 
  EXT PARAMETER                                   STEP         FIRST   
  NO.   NAME      VALUE            ERROR          SIZE      DERIVATIVE 
   1  N0           2.93302e+06     fixed    
   2  tau          6.44050e+01   constant   
   3  A0           3.50116e-01     fixed    
   4  phi          4.11333e+00     fixed    
   5  R           -6.11922e+01   constant   
   6  alpha_CBO    8.27648e-03     fixed    
   7  w_CBO        2.32500e+00   constant   
   8  beta_CBO    -5.85128e-03     fixed    
   9  alpha_2CBO  -2.44293e-04     fixed    
  10  beta_2CBO   -5.64814e-04   1.14579e-04   8.99177e-07  -6.31925e-01
  11  alpha_y      3.03368e-04   1.12448e-04   9.26396e-07  -2.41137e+00
  12  w_y          1.38860e+01   constant   
  13  beta_y      -4.26958e-04     fixed    
  14  alpha_vw     0.00000e+00     fixed    
  15  w_vw         1.43404e+01   constant   
  16  beta_vw      0.00000e+00     fixed    
  17  LM           1.41693e-04   constant   
  18  zeta_y       0.00000e+00   constant   
  19  zeta_vw      0.00000e+00   constant   
  20  T_CBO        9.99909e+02   7.49904e+02   1.19486e-01  -1.13382e-04
  21  alpha_A0    -7.90499e-03   5.04268e-04   3.80868e-06   2.15177e+00
  22  beta_A0     -9.73395e-03   5.00634e-04   3.78923e-06  -7.85329e-02
  23  alpha_phi   -9.56647e-04   3.89476e-04   2.97840e-06  -1.66313e+00
  24  beta_phi     3.43976e-03   4.44342e-04   3.49784e-06   1.61113e+00
 EXTERNAL ERROR MATRIX.    NDIM=  25    NPAR=  7    ERR DEF=1
  1.313e-08  4.266e-10 -5.346e-05  2.329e-09  1.478e-08 -6.195e-09  5.002e-09 
  4.266e-10  1.264e-08  5.924e-06  3.429e-10 -4.657e-10 -8.096e-10 -9.641e-10 
 -5.346e-05  5.924e-06  2.725e+04 -1.533e-02 -1.888e-02 -1.692e-03  6.699e-03 
  2.329e-09  3.429e-10 -1.533e-02  2.543e-07  5.576e-08  5.491e-08 -4.338e-08 
  1.478e-08 -4.657e-10 -1.888e-02  5.576e-08  2.506e-07 -1.058e-08 -1.618e-08 
 -6.195e-09 -8.096e-10 -1.692e-03  5.491e-08 -1.058e-08  1.517e-07 -4.146e-08 
  5.002e-09 -9.641e-10  6.699e-03 -4.338e-08 -1.618e-08 -4.146e-08  1.974e-07 
 PARAMETER  CORRELATION COEFFICIENTS  
       NO.  GLOBAL     10     11     20     21     22     23     24
       10  0.30808   1.000  0.033 -0.003  0.040  0.258 -0.139  0.098
       11  0.05034   0.033  1.000  0.000  0.006 -0.008 -0.018 -0.019
       20  0.27639  -0.003  0.000  1.000 -0.184 -0.228 -0.026  0.091
       21  0.40203   0.040  0.006 -0.184  1.000  0.221  0.280 -0.194
       22  0.39759   0.258 -0.008 -0.228  0.221  1.000 -0.054 -0.073
       23  0.37492  -0.139 -0.018 -0.026  0.280 -0.054  1.000 -0.240
       24  0.29884   0.098 -0.019  0.091 -0.194 -0.073 -0.240  1.000
MINUIT - FIT ONLY 2-y
 **********
 **   67 **RES 
 **********
                   PARAMETER   16  beta_vw RESTORED TO VARIABLE.
                   PARAMETER   14  alpha_vw RESTORED TO VARIABLE.
                   PARAMETER   13  beta_y RESTORED TO VARIABLE.
                   PARAMETER    9  alpha_2CBO RESTORED TO VARIABLE.
                   PARAMETER    8  beta_CBO RESTORED TO VARIABLE.
                   PARAMETER    6  alpha_CBO RESTORED TO VARIABLE.
                   PARAMETER    4  phi RESTORED TO VARIABLE.
                   PARAMETER    3  A0 RESTORED TO VARIABLE.
                   PARAMETER    1  N0 RESTORED TO VARIABLE.
 **********
 **   68 **FIX            0
 **********
 PARAMETER    0  IS UNDEFINED. IGNORED.
 **********
 **   69 **FIX            1
 **********
 **********
 **   70 **FIX            2
 **********
 PARAMETER    2  IS CONSTANT.   IGNORED.
 **********
 **   71 **FIX            3
 **********
 **********
 **   72 **FIX            4
 **********
 **********
 **   73 **FIX            5
 **********
 PARAMETER    5  IS CONSTANT.   IGNORED.
 **********
 **   74 **FIX            6
 **********
 **********
 **   75 **FIX            7
 **********
 PARAMETER    7  IS CONSTANT.   IGNORED.
 **********
 **   76 **FIX            8
 **********
 **********
 **   77 **FIX            9
 **********
 **********
 **   78 **FIX           10
 **********
 **********
 **   79 **FIX           11
 **********
 **********
 **   80 **FIX           12
 **********
 PARAMETER   12  IS CONSTANT.   IGNORED.
 **********
 **   81 **FIX           16
 **********
 **********
 **   82 **MIGRAD
 **********
 START MIGRAD MINIMIZATION.  STRATEGY  1.  CONVERGENCE WHEN EDM .LT. 1.00e-04
 FCN=284.398 FROM MIGRAD    STATUS=INITIATE       16 CALLS        2873 TOTAL
                     EDM= unknown      STRATEGY= 1      NO ERROR MATRIX       
  EXT PARAMETER               CURRENT GUESS       STEP         FIRST   
  NO.   NAME      VALUE            ERROR          SIZE      DERIVATIVE 
   1  N0           2.93302e+06     fixed    
   2  tau          6.44050e+01   constant   
   3  A0           3.50116e-01     fixed    
   4  phi          4.11333e+00     fixed    
   5  R           -6.11922e+01   constant   
   6  alpha_CBO    8.27648e-03     fixed    
   7  w_CBO        2.32500e+00   constant   
   8  beta_CBO    -5.85128e-03     fixed    
   9  alpha_2CBO  -2.44293e-04     fixed    
  10  beta_2CBO   -5.64814e-04     fixed    
  11  alpha_y      3.03368e-04     fixed    
  12  w_y          1.38860e+01   constant   
  13  beta_y      -4.26958e-04   1.09727e-04   1.09727e-04  -4.12784e+04
  14  alpha_vw     0.00000e+00   1.00000e-03   1.00000e-03  -5.39148e+04
  15  w_vw         1.43404e+01   constant   
  16  beta_vw      0.00000e+00     fixed    
  17  LM           1.41693e-04   constant   
  18  zeta_y       0.00000e+00   constant   
  19  zeta_vw      0.00000e+00   constant   
  20  T_CBO        9.99909e+02   7.49904e+02   1.19486e-01  -1.20751e-04
  21  alpha_A0    -7.90499e-03   5.04268e-04   3.80868e-06   2.15183e+00
  22  beta_A0     -9.73395e-03   5.00634e-04   3.78923e-06  -7.85002e-02
  23  alpha_phi   -9.56647e-04   3.89476e-04   2.97840e-06  -1.66313e+00
  24  beta_phi     3.43976e-03   4.44342e-04   3.49784e-06   1.61113e+00
 MIGRAD MINIMIZATION HAS CONVERGED.
 MIGRAD WILL VERIFY CONVERGENCE AND ERROR MATRIX.
 COVARIANCE MATRIX CALCULATED SUCCESSFULLY
 FCN=256.265 FROM MIGRAD    STATUS=CONVERGED     152 CALLS        3009 TOTAL
                     EDM=1.15084e-06    STRATEGY= 1      ERROR MATRIX ACCURATE 
  EXT PARAMETER                                   STEP         FIRST   
  NO.   NAME      VALUE            ERROR          SIZE      DERIVATIVE 
   1  N0           2.93302e+06     fixed    
   2  tau          6.44050e+01   constant   
   3  A0           3.50116e-01     fixed    
   4  phi          4.11333e+00     fixed    
   5  R           -6.11922e+01   constant   
   6  alpha_CBO    8.27648e-03     fixed    
   7  w_CBO        2.32500e+00   constant   
   8  beta_CBO    -5.85128e-03     fixed    
   9  alpha_2CBO  -2.44293e-04     fixed    
  10  beta_2CBO   -5.64814e-04     fixed    
  11  alpha_y      3.03368e-04     fixed    
  12  w_y          1.38860e+01   constant   
  13  beta_y       1.29245e-04   1.27222e-04   8.60088e-07   6.42460e-02
  14  alpha_vw     6.17767e-04   1.28868e-04   8.70282e-07  -2.46818e-02
  15  w_vw         1.43404e+01   constant   
  16  beta_vw      0.00000e+00     fixed    
  17  LM           1.41693e-04   constant   
  18  zeta_y       0.00000e+00   constant   
  19  zeta_vw      0.00000e+00   constant   
  20  T_CBO        9.99998e+02   5.02795e+02   1.23937e-01   1.83234e-05
  21  alpha_A0    -7.89931e-03   5.20824e-04   3.61607e-06   1.50458e+00
  22  beta_A0     -9.76750e-03   5.10806e-04   3.59770e-06  -1.09113e+00
  23  alpha_phi   -9.43249e-04   3.85957e-04   2.82776e-06   9.09118e-01
  24  beta_phi     3.48260e-03   4.46754e-04   3.32086e-06  -2.24044e+00
 EXTERNAL ERROR MATRIX.    NDIM=  25    NPAR=  7    ERR DEF=1
  1.619e-08  8.241e-09 -2.917e-06  9.460e-12  7.658e-10  4.983e-10 -9.561e-10 
  8.241e-09  1.661e-08  2.303e-06  2.066e-10 -1.809e-09  1.283e-10  2.331e-09 
 -2.917e-06  2.303e-06  8.618e+02 -4.734e-03 -5.841e-03 -5.239e-04  2.103e-03 
  9.460e-12  2.066e-10 -4.734e-03  2.713e-07  7.462e-08  5.793e-08 -5.196e-08 
  7.658e-10 -1.809e-09 -5.841e-03  7.462e-08  2.609e-07 -1.239e-09 -3.205e-08 
  4.983e-10  1.283e-10 -5.239e-04  5.793e-08 -1.239e-09  1.490e-07 -4.007e-08 
 -9.561e-10  2.331e-09  2.103e-03 -5.196e-08 -3.205e-08 -4.007e-08  1.996e-07 
 PARAMETER  CORRELATION COEFFICIENTS  
       NO.  GLOBAL     13     14     20     21     22     23     24
       13  0.50483   1.000  0.503 -0.001  0.000  0.012  0.010 -0.017
       14  0.50641   0.503  1.000  0.001  0.003 -0.027  0.003  0.040
       20  0.44823  -0.001  0.001  1.000 -0.310 -0.390 -0.046  0.160
       21  0.46270   0.000  0.003 -0.310  1.000  0.280  0.288 -0.223
       22  0.43732   0.012 -0.027 -0.390  0.280  1.000 -0.006 -0.140
       23  0.35333   0.010  0.003 -0.046  0.288 -0.006  1.000 -0.232
       24  0.31491  -0.017  0.040  0.160 -0.223 -0.140 -0.232  1.000
MINUIT - FIT ALTOGETHER
 **********
 **   83 **RES 
 **********
                   PARAMETER   16  beta_vw RESTORED TO VARIABLE.
