 + ++++++++++++++++++++++++++++++++++++++++++++++++++++++++++++++++++++ +
 +                                                                      +
 +           You have chose to blind your fitting according to          +
 +                omega_ref * (1 + (R +/- deltaR) *10^{-6})             +
 +                                                                      +
 + ++++++++++++++++++++++++++++++++++++++++++++++++++++++++++++++++++++ +
In main()...
reading format from /gm2data/zkhechad/run45/envelope/formats/formatB_sBin_constraintOn.txt
pBinTau 	= 0  
pBinPhi 	= 0  
constraintau 	= 1 
includeMopTerm 	= 0    
constrainMop    = 0   
Parameters after format file: pBinTau 0 pBinPhi 0 constraintau 1 includeMopTerm 0 constrainMop 0 c_e_scale 0.000000 
Opening file /gm2data/tbarrett/gm2fr/studies/run23_bunch_corrections/CorrectedFourier_Run3b.root.
reading full fit data from /gm2data/zkhechad/cboTemplates/Run4CBOTemplates/fullFits/noRF/sBin_constraintOn_cE0.0_seed0_noRF_calo21.root
windowBins = 69
fitting sliding window 2100 from bin 2236 at 333.462000 to bin 2305 at 343.906000 (69 bins)

Reading data from /gm2data/cornell/histograms/aMethod/histogram_a_noRF.root
 **********
 **    1 **SET PRINTOUT            1
 **********
 **********
 **    2 **SET NOWARNINGS 
 **********
 PARAMETER DEFINITIONS:
    NO.   NAME         VALUE      STEP SIZE      LIMITS
     1 N0           2.83609e+06  1.00000e+02     no limits
     2 tau          6.44055e+01  constant
     3 A0           3.54106e-01  1.00000e-04     no limits
     4 phi          4.11637e+00  1.00000e-02     no limits
     5 R           -5.93657e+01  constant
     6 alpha_CBO    0.00000e+00  1.00000e-03     no limits
     7 w_CBO        2.32500e+00  constant
     8 beta_CBO     0.00000e+00  1.00000e-03     no limits
     9 alpha_2CBO   0.00000e+00  1.00000e-03     no limits
    10 beta_2CBO    0.00000e+00  1.00000e-03     no limits
    11 alpha_y      0.00000e+00  1.00000e-03     no limits
    12 w_y          1.38860e+01  constant
    13 beta_y       0.00000e+00  1.00000e-03     no limits
    14 alpha_vw     0.00000e+00  1.00000e-03     no limits
    15 w_vw         1.43404e+01  constant
    16 beta_vw      0.00000e+00  1.00000e-03     no limits
    17 LM           6.62355e-05  constant
    18 zeta_y       0.00000e+00  constant
    19 zeta_vw      0.00000e+00  constant
    20 T_CBO        1.00000e+02  1.00000e+00    0.00000e+00  1.00000e+03
    21 alpha_A0     0.00000e+00  1.00000e-04   -1.00000e-02  1.00000e-02
    22 beta_A0      0.00000e+00  1.00000e-04   -1.00000e-02  1.00000e-02
    23 alpha_phi    0.00000e+00  1.00000e-04   -1.00000e-02  1.00000e-02
    24 beta_phi     0.00000e+00  1.00000e-04   -1.00000e-02  1.00000e-02
MINUIT - FIT ONLY WIGGLE
 **********
 **    3 **FIX            5
 **********
 PARAMETER    5  IS CONSTANT.   IGNORED.
 **********
 **    4 **FIX            6
 **********
 **********
 **    5 **FIX            7
 **********
 PARAMETER    7  IS CONSTANT.   IGNORED.
 **********
 **    6 **FIX            8
 **********
 **********
 **    7 **FIX            9
 **********
 **********
 **    8 **FIX           10
 **********
 **********
 **    9 **FIX           11
 **********
 **********
 **   10 **FIX           12
 **********
 PARAMETER   12  IS CONSTANT.   IGNORED.
 **********
 **   11 **FIX           13
 **********
 **********
 **   12 **FIX           14
 **********
 **********
 **   13 **FIX           15
 **********
 PARAMETER   15  IS CONSTANT.   IGNORED.
 **********
 **   14 **FIX           16
 **********
 **********
 **   15 **MIGRAD
 **********
 FIRST CALL TO USER FUNCTION AT NEW START POINT, WITH IFLAG=4.
 START MIGRAD MINIMIZATION.  STRATEGY  1.  CONVERGENCE WHEN EDM .LT. 1.00e-04
 FCN=84.7839 FROM MIGRAD    STATUS=INITIATE      437 CALLS         438 TOTAL
                     EDM= unknown      STRATEGY= 1      NO ERROR MATRIX       
  EXT PARAMETER               CURRENT GUESS       STEP         FIRST   
  NO.   NAME      VALUE            ERROR          SIZE      DERIVATIVE 
   1  N0           2.83609e+06   1.00000e+02   0.00000e+00  -1.14944e-03
   2  tau          6.44055e+01   constant   
   3  A0           3.54106e-01   1.00000e-04   0.00000e+00  -2.50994e+02
   4  phi          4.11637e+00   1.00000e-02   0.00000e+00   7.07369e+02
   5  R           -5.93657e+01   constant   
   6  alpha_CBO    0.00000e+00     fixed    
   7  w_CBO        2.32500e+00   constant   
   8  beta_CBO     0.00000e+00     fixed    
   9  alpha_2CBO   0.00000e+00     fixed    
  10  beta_2CBO    0.00000e+00     fixed    
  11  alpha_y      0.00000e+00     fixed    
  12  w_y          1.38860e+01   constant   
  13  beta_y       0.00000e+00     fixed    
  14  alpha_vw     0.00000e+00     fixed    
  15  w_vw         1.43404e+01   constant   
  16  beta_vw      0.00000e+00     fixed    
  17  LM           6.62355e-05   constant   
  18  zeta_y       0.00000e+00   constant   
  19  zeta_vw      0.00000e+00   constant   
  20  T_CBO        1.00000e+02   1.00000e+00   0.00000e+00   0.00000e+00
  21  alpha_A0     0.00000e+00   1.00000e-04   0.00000e+00  -3.63043e-02
  22  beta_A0      0.00000e+00   1.00000e-04   0.00000e+00   1.34049e-02
  23  alpha_phi    0.00000e+00   1.00000e-04   0.00000e+00   2.25041e-01
  24  beta_phi     0.00000e+00   1.00000e-04   0.00000e+00   1.70831e-01
 MIGRAD MINIMIZATION HAS CONVERGED.
 FCN=81.2341 FROM MIGRAD    STATUS=CONVERGED     752 CALLS         753 TOTAL
                     EDM=3.38935e-07    STRATEGY= 1  ERROR MATRIX UNCERTAINTY   1.2 per cent
  EXT PARAMETER                                   STEP         FIRST   
  NO.   NAME      VALUE            ERROR          SIZE      DERIVATIVE 
   1  N0           2.83787e+06   1.67795e+03   6.58191e-01   3.86872e-07
   2  tau          6.44055e+01   constant   
   3  A0           3.53912e-01   7.96881e-04   1.00802e-06  -1.48802e-01
   4  phi          4.11435e+00   2.36252e-03  -4.37046e-06   4.27045e-03
   5  R           -5.93657e+01   constant   
   6  alpha_CBO    0.00000e+00     fixed    
   7  w_CBO        2.32500e+00   constant   
   8  beta_CBO     0.00000e+00     fixed    
   9  alpha_2CBO   0.00000e+00     fixed    
  10  beta_2CBO    0.00000e+00     fixed    
  11  alpha_y      0.00000e+00     fixed    
  12  w_y          1.38860e+01   constant   
  13  beta_y       0.00000e+00     fixed    
  14  alpha_vw     0.00000e+00     fixed    
  15  w_vw         1.43404e+01   constant   
  16  beta_vw      0.00000e+00     fixed    
  17  LM           6.62355e-05   constant   
  18  zeta_y       0.00000e+00   constant   
  19  zeta_vw      0.00000e+00   constant   
  20  T_CBO        3.56071e+02   2.96470e+02   9.43577e-04  -9.09571e-04
  21  alpha_A0    -5.50138e-04   7.56723e-03  -2.40652e-03  -3.02326e-04
  22  beta_A0     -3.52605e-03   1.51250e-02   7.72685e-04   3.11441e-04
  23  alpha_phi   -9.99898e-03   1.68227e-02   1.26955e-03  -2.11597e-04
  24  beta_phi    -5.65197e-03   1.62027e-02   1.28739e-04  -4.90784e-04
 EXTERNAL ERROR MATRIX.    NDIM=  25    NPAR=  8    ERR DEF=1
  2.816e+06 -1.489e-01  2.961e-01  1.204e+05  2.576e+00  1.745e+00 -2.638e-02 -3.857e+00 
 -1.489e-01  6.350e-07  3.653e-08 -4.352e-02 -9.633e-08 -9.405e-07  1.989e-08  1.002e-06 
  2.961e-01  3.653e-08  5.581e-06  1.545e-02  7.827e-07 -1.081e-06 -4.922e-08 -3.738e-06 
  1.204e+05 -4.352e-02  1.545e-02  1.022e+05  2.584e-02 -7.956e-01  3.958e-03 -2.018e+00 
  2.576e+00 -9.633e-08  7.827e-07  2.584e-02  7.374e-05  8.575e-06  6.023e-08  7.093e-06 
  1.745e+00 -9.405e-07 -1.081e-06 -7.956e-01  8.575e-06  1.055e-04  1.979e-07  2.037e-05 
 -2.638e-02  1.989e-08 -4.922e-08  3.958e-03  6.023e-08  1.979e-07  7.582e-08  4.173e-07 
 -3.857e+00  1.002e-06 -3.738e-06 -2.018e+00  7.093e-06  2.037e-05  4.173e-07  1.226e-04 
 PARAMETER  CORRELATION COEFFICIENTS  
       NO.  GLOBAL      1      3      4     20     21     22     23     24
        1  0.35263   1.000 -0.111  0.075  0.224  0.179  0.101 -0.057 -0.208
        3  0.26489  -0.111  1.000  0.019 -0.171 -0.014 -0.115  0.091  0.114
        4  0.18868   0.075  0.019  1.000  0.020  0.039 -0.045 -0.076 -0.143
       20  0.63468   0.224 -0.171  0.020  1.000  0.009 -0.242  0.045 -0.570
       21  0.23049   0.179 -0.014  0.039  0.009  1.000  0.097  0.025  0.075
       22  0.35308   0.101 -0.115 -0.045 -0.242  0.097  1.000  0.070  0.179
       23  0.25242  -0.057  0.091 -0.076  0.045  0.025  0.070  1.000  0.137
       24  0.61598  -0.208  0.114 -0.143 -0.570  0.075  0.179  0.137  1.000
MINUIT - FIT ONLY 1-CBO + wiggle
 **********
 **   16 **RES 
 **********
                   PARAMETER   16  beta_vw RESTORED TO VARIABLE.
                   PARAMETER   14  alpha_vw RESTORED TO VARIABLE.
                   PARAMETER   13  beta_y RESTORED TO VARIABLE.
                   PARAMETER   11  alpha_y RESTORED TO VARIABLE.
                   PARAMETER   10  beta_2CBO RESTORED TO VARIABLE.
                   PARAMETER    9  alpha_2CBO RESTORED TO VARIABLE.
                   PARAMETER    8  beta_CBO RESTORED TO VARIABLE.
                   PARAMETER    6  alpha_CBO RESTORED TO VARIABLE.
 **********
 **   17 **FIX            8
 **********
 **********
 **   18 **FIX            9
 **********
 **********
 **   19 **FIX           11
 **********
 **********
 **   20 **FIX           12
 **********
 PARAMETER   12  IS CONSTANT.   IGNORED.
 **********
 **   21 **FIX           14
 **********
 **********
 **   22 **FIX           15
 **********
 PARAMETER   15  IS CONSTANT.   IGNORED.
 **********
 **   23 **FIX           16
 **********
 **********
 **   24 **MIGRAD
 **********
 START MIGRAD MINIMIZATION.  STRATEGY  1.  CONVERGENCE WHEN EDM .LT. 1.00e-04
 FCN=81.2341 FROM MIGRAD    STATUS=INITIATE       28 CALLS         781 TOTAL
                     EDM= unknown      STRATEGY= 1      NO ERROR MATRIX       
  EXT PARAMETER               CURRENT GUESS       STEP         FIRST   
  NO.   NAME      VALUE            ERROR          SIZE      DERIVATIVE 
   1  N0           2.83787e+06   1.67795e+03   6.58191e-01   3.86872e-07
   2  tau          6.44055e+01   constant   
   3  A0           3.53912e-01   7.96881e-04   1.00802e-06  -1.48802e-01
   4  phi          4.11435e+00   2.36252e-03  -4.37046e-06   4.27043e-03
   5  R           -5.93657e+01   constant   
   6  alpha_CBO    0.00000e+00   1.00000e-03   1.00000e-03   4.45830e+03
   7  w_CBO        2.32500e+00   constant   
   8  beta_CBO     0.00000e+00     fixed    
   9  alpha_2CBO   0.00000e+00     fixed    
  10  beta_2CBO    0.00000e+00   1.00000e-03   1.00000e-03  -4.37574e+03
  11  alpha_y      0.00000e+00     fixed    
  12  w_y          1.38860e+01   constant   
  13  beta_y       0.00000e+00   1.00000e-03   1.00000e-03  -8.21101e+02
  14  alpha_vw     0.00000e+00     fixed    
  15  w_vw         1.43404e+01   constant   
  16  beta_vw      0.00000e+00     fixed    
  17  LM           6.62355e-05   constant   
  18  zeta_y       0.00000e+00   constant   
  19  zeta_vw      0.00000e+00   constant   
  20  T_CBO        3.56071e+02   2.96470e+02   9.43577e-04  -9.09625e-04
  21  alpha_A0    -5.50138e-04   7.56723e-03  -2.40652e-03   3.02327e-04
  22  beta_A0     -3.52605e-03   1.51250e-02   7.72685e-04  -3.11451e-04
  23  alpha_phi   -9.99898e-03   1.68227e-02   1.26955e-03   2.26637e-04
  24  beta_phi    -5.65197e-03   1.62027e-02   1.28739e-04   4.90762e-04
 MIGRAD MINIMIZATION HAS CONVERGED.
 MIGRAD WILL VERIFY CONVERGENCE AND ERROR MATRIX.
 COVARIANCE MATRIX CALCULATED SUCCESSFULLY
 FCN=74.6106 FROM HESSE     STATUS=OK            100 CALLS        1129 TOTAL
                     EDM=0.00104345    STRATEGY= 1      ERROR MATRIX ACCURATE 
  EXT PARAMETER                                   STEP         FIRST   
  NO.   NAME      VALUE            ERROR          SIZE      DERIVATIVE 
   1  N0           2.83792e+06   1.75629e+03   6.68894e+00   4.40126e-07
   2  tau          6.44055e+01   constant   
   3  A0           3.54124e-01   8.22610e-04   3.32546e-06  -5.48963e-01
   4  phi          4.11503e+00   2.42775e-03   9.92417e-06   2.80638e-01
   5  R           -5.93657e+01   constant   
   6  alpha_CBO   -1.49541e-03   8.39229e-04   3.40622e-06   3.75997e-01
   7  w_CBO        2.32500e+00   constant   
   8  beta_CBO     0.00000e+00     fixed    
   9  alpha_2CBO   0.00000e+00     fixed    
  10  beta_2CBO    1.45009e-03   8.34298e-04   3.45093e-06  -3.56442e-01
  11  alpha_y      0.00000e+00     fixed    
  12  w_y          1.38860e+01   constant   
  13  beta_y       2.84107e-04   8.19919e-04   3.47856e-06  -6.72442e-02
  14  alpha_vw     0.00000e+00     fixed    
  15  w_vw         1.43404e+01   constant   
  16  beta_vw      0.00000e+00     fixed    
  17  LM           6.62355e-05   constant   
  18  zeta_y       0.00000e+00   constant   
  19  zeta_vw      0.00000e+00   constant   
  20  T_CBO        2.77097e+02   6.05821e+02   1.50777e-03   5.33731e-03
  21  alpha_A0    -4.95528e-03   1.55679e-02   5.26157e-03  -3.26121e-04
  22  beta_A0     -6.07870e-03   1.79434e-02   6.29181e-03  -1.60654e-03
  23  alpha_phi   -9.81625e-03   1.02931e-02   2.20505e-02   1.99169e-03
  24  beta_phi    -9.08571e-03   1.29250e-02   1.05013e-02   7.31621e-04
 MIGRAD MINIMIZATION HAS CONVERGED.
 FCN=74.6104 FROM MIGRAD    STATUS=CONVERGED     473 CALLS        1226 TOTAL
                     EDM=3.57891e-06    STRATEGY= 1  ERROR MATRIX UNCERTAINTY   1.1 per cent
  EXT PARAMETER                                   STEP         FIRST   
  NO.   NAME      VALUE            ERROR          SIZE      DERIVATIVE 
   1  N0           2.83791e+06   1.74528e+03  -1.68720e+00  -3.28380e-07
   2  tau          6.44055e+01   constant   
   3  A0           3.54125e-01   8.19921e-04   5.42776e-07   5.59585e-01
   4  phi          4.11503e+00   2.42557e-03  -8.50280e-07  -9.80900e-02
   5  R           -5.93657e+01   constant   
   6  alpha_CBO   -1.49578e-03   8.38950e-04  -1.71558e-07  -3.15074e-01
   7  w_CBO        2.32500e+00   constant   
   8  beta_CBO     0.00000e+00     fixed    
   9  alpha_2CBO   0.00000e+00     fixed    
  10  beta_2CBO    1.45036e-03   8.34275e-04   1.28319e-07  -6.46428e-02
  11  alpha_y      0.00000e+00     fixed    
  12  w_y          1.38860e+01   constant   
  13  beta_y       2.84175e-04   8.19905e-04   3.09840e-08   3.33225e-02
  14  alpha_vw     0.00000e+00     fixed    
  15  w_vw         1.43404e+01   constant   
  16  beta_vw      0.00000e+00     fixed    
  17  LM           6.62355e-05   constant   
  18  zeta_y       0.00000e+00   constant   
  19  zeta_vw      0.00000e+00   constant   
  20  T_CBO        2.72349e+02   2.64839e+02   1.52334e-03   1.58056e-03
  21  alpha_A0    -5.05779e-03   1.20650e-02   2.00572e-03  -3.92478e-05
  22  beta_A0     -6.18080e-03   1.01805e-02   3.90933e-03   8.07117e-04
  23  alpha_phi   -9.99764e-03   1.39969e-02  -2.72283e-02   3.26320e-04
  24  beta_phi    -9.30951e-03   1.86377e-02   3.74824e-04  -8.16950e-04
 EXTERNAL ERROR MATRIX.    NDIM=  25    NPAR= 11    ERR DEF=1
  3.046e+06 
 -1.657e-01  6.723e-07 
  4.014e-01  1.459e-07  5.883e-06 
 -6.505e-02 -1.241e-07 -4.016e-07  7.038e-07 
 -3.818e-02 -3.039e-08 -1.038e-07  3.345e-08  6.960e-07 
 -1.810e-02  5.764e-10  3.490e-08  3.795e-09  7.466e-09  6.722e-07 
  8.716e+04 -3.734e-02 -2.055e-03  2.074e-02 -1.152e-02  4.098e-04  8.045e+04 
 -1.780e+00 -6.729e-07 -1.940e-06  1.430e-06 -1.143e-06 -1.808e-07  1.649e+00  1.557e-04 
 -1.499e+00  6.882e-07  2.038e-06  7.681e-08 -1.525e-06  1.726e-07  1.965e+00  4.902e-05  1.919e-04 
  1.632e-01 -4.724e-08  6.844e-08  1.790e-08 -1.779e-08 -3.335e-09  3.259e-01  7.598e-06  7.916e-06  5.938e-06 
  5.217e+00 -1.270e-06  3.293e-06  3.217e-07 -1.488e-06 -2.304e-08  3.420e+00  7.155e-05  8.651e-05  1.746e-05  2.312e-04 
 PARAMETER  CORRELATION COEFFICIENTS  
       NO.  GLOBAL      1      3      4      6     10     13     20     21     22     23     24
        1  0.34569   1.000 -0.116  0.095 -0.044 -0.026 -0.013  0.176 -0.082 -0.062  0.038  0.197
        3  0.29672  -0.116  1.000  0.073 -0.180 -0.044  0.001 -0.161 -0.066  0.061 -0.024 -0.102
        4  0.26914   0.095  0.073  1.000 -0.197 -0.051  0.018 -0.003 -0.064  0.061  0.012  0.089
        6  0.29186  -0.044 -0.180 -0.197  1.000  0.048  0.006  0.087  0.137  0.007  0.009  0.025
       10  0.22025  -0.026 -0.044 -0.051  0.048  1.000  0.011 -0.049 -0.110 -0.132 -0.009 -0.117
       13  0.03880  -0.013  0.001  0.018  0.006  0.011  1.000  0.002 -0.018  0.015 -0.002 -0.002
       20  0.84780   0.176 -0.161 -0.003  0.087 -0.049  0.002  1.000  0.466  0.500  0.471  0.793
       21  0.51471  -0.082 -0.066 -0.064  0.137 -0.110 -0.018  0.466  1.000  0.284  0.250  0.377
       22  0.55303  -0.062  0.061  0.061  0.007 -0.132  0.015  0.500  0.284  1.000  0.235  0.411
       23  0.50600   0.038 -0.024  0.012  0.009 -0.009 -0.002  0.471  0.250  0.235  1.000  0.471
       24  0.81133   0.197 -0.102  0.089  0.025 -0.117 -0.002  0.793  0.377  0.411  0.471  1.000
MINUIT - FIT ONLY 2-CBO
 **********
 **   25 **RES 
 **********
                   PARAMETER   16  beta_vw RESTORED TO VARIABLE.
                   PARAMETER   14  alpha_vw RESTORED TO VARIABLE.
                   PARAMETER   11  alpha_y RESTORED TO VARIABLE.
                   PARAMETER    9  alpha_2CBO RESTORED TO VARIABLE.
                   PARAMETER    8  beta_CBO RESTORED TO VARIABLE.
 **********
 **   26 **FIX            0
 **********
 PARAMETER    0  IS UNDEFINED. IGNORED.
 **********
 **   27 **FIX            1
 **********
 **********
 **   28 **FIX            2
 **********
 PARAMETER    2  IS CONSTANT.   IGNORED.
 **********
 **   29 **FIX            3
 **********
 **********
 **   30 **FIX            4
 **********
 **********
 **   31 **FIX            5
 **********
 PARAMETER    5  IS CONSTANT.   IGNORED.
 **********
 **   32 **FIX            6
 **********
 **********
 **   33 **FIX            7
 **********
 PARAMETER    7  IS CONSTANT.   IGNORED.
 **********
 **   34 **FIX           10
 **********
 **********
 **   35 **FIX           11
 **********
 **********
 **   36 **FIX           12
 **********
 PARAMETER   12  IS CONSTANT.   IGNORED.
 **********
 **   37 **FIX           13
 **********
 **********
 **   38 **FIX           14
 **********
 **********
 **   39 **FIX           15
 **********
 PARAMETER   15  IS CONSTANT.   IGNORED.
 **********
 **   40 **FIX           16
 **********
 **********
 **   41 **MIGRAD
 **********
 START MIGRAD MINIMIZATION.  STRATEGY  1.  CONVERGENCE WHEN EDM .LT. 1.00e-04
 FCN=74.6104 FROM MIGRAD    STATUS=INITIATE       18 CALLS        1244 TOTAL
                     EDM= unknown      STRATEGY= 1      NO ERROR MATRIX       
  EXT PARAMETER               CURRENT GUESS       STEP         FIRST   
  NO.   NAME      VALUE            ERROR          SIZE      DERIVATIVE 
   1  N0           2.83791e+06     fixed    
   2  tau          6.44055e+01   constant   
   3  A0           3.54125e-01     fixed    
   4  phi          4.11503e+00     fixed    
   5  R           -5.93657e+01   constant   
   6  alpha_CBO   -1.49578e-03     fixed    
   7  w_CBO        2.32500e+00   constant   
   8  beta_CBO     0.00000e+00   1.00000e-03   1.00000e-03  -6.43317e+03
   9  alpha_2CBO   0.00000e+00   1.00000e-03   1.00000e-03  -4.65110e+03
  10  beta_2CBO    1.45036e-03     fixed    
  11  alpha_y      0.00000e+00     fixed    
  12  w_y          1.38860e+01   constant   
  13  beta_y       2.84175e-04     fixed    
  14  alpha_vw     0.00000e+00     fixed    
  15  w_vw         1.43404e+01   constant   
  16  beta_vw      0.00000e+00     fixed    
  17  LM           6.62355e-05   constant   
  18  zeta_y       0.00000e+00   constant   
  19  zeta_vw      0.00000e+00   constant   
  20  T_CBO        2.72349e+02   2.64839e+02   1.52334e-03   1.58050e-03
  21  alpha_A0    -5.05779e-03   1.20650e-02   2.00572e-03  -3.93392e-05
  22  beta_A0     -6.18080e-03   1.01805e-02   3.90933e-03   8.06926e-04
  23  alpha_phi   -9.99764e-03   1.39969e-02  -2.72283e-02   3.43652e-04
  24  beta_phi    -9.30951e-03   1.86377e-02   3.74824e-04  -8.16423e-04
 MIGRAD MINIMIZATION HAS CONVERGED.
 MIGRAD WILL VERIFY CONVERGENCE AND ERROR MATRIX.
 COVARIANCE MATRIX CALCULATED SUCCESSFULLY
 FCN=64.2916 FROM MIGRAD    STATUS=CONVERGED     239 CALLS        1465 TOTAL
                     EDM=7.94887e-06    STRATEGY= 1      ERROR MATRIX ACCURATE 
  EXT PARAMETER                                   STEP         FIRST   
  NO.   NAME      VALUE            ERROR          SIZE      DERIVATIVE 
   1  N0           2.83791e+06     fixed    
   2  tau          6.44055e+01   constant   
   3  A0           3.54125e-01     fixed    
   4  phi          4.11503e+00     fixed    
   5  R           -5.93657e+01   constant   
   6  alpha_CBO   -1.49578e-03     fixed    
   7  w_CBO        2.32500e+00   constant   
   8  beta_CBO     2.12852e-03   8.34710e-04   3.27494e-06  -7.36998e-01
   9  alpha_2CBO   1.49197e-03   8.42447e-04   3.23090e-06  -1.16980e+00
  10  beta_2CBO    1.45036e-03     fixed    
  11  alpha_y      0.00000e+00     fixed    
  12  w_y          1.38860e+01   constant   
  13  beta_y       2.84175e-04     fixed    
  14  alpha_vw     0.00000e+00     fixed    
  15  w_vw         1.43404e+01   constant   
  16  beta_vw      0.00000e+00     fixed    
  17  LM           6.62355e-05   constant   
  18  zeta_y       0.00000e+00   constant   
  19  zeta_vw      0.00000e+00   constant   
  20  T_CBO        3.36411e+02   1.95651e+02   1.54495e-03  -5.35707e-03
  21  alpha_A0    -6.43859e-03   1.14900e-02   4.44121e-03  -3.24744e-05
  22  beta_A0     -1.64875e-03   8.14488e-03   3.77307e-03  -1.06973e-03
  23  alpha_phi   -9.99946e-03   1.18597e-02   4.79959e-02  -9.88654e-05
  24  beta_phi    -9.99960e-03   1.99721e-02   3.20066e-02  -1.99844e-04
 EXTERNAL ERROR MATRIX.    NDIM=  25    NPAR=  7    ERR DEF=1
  6.967e-07 -4.891e-08  8.318e-03  1.196e-07  3.670e-07  5.457e-09 -1.219e-09 
 -4.891e-08  7.097e-07  2.299e-02 -5.632e-07  1.046e-06 -3.412e-09  5.830e-10 
  8.318e-03  2.299e-02  4.069e+04  6.357e-01  1.893e-01  4.167e-02  9.485e-03 
  1.196e-07 -5.632e-07  6.357e-01  8.628e-05  3.905e-06  8.799e-07  1.715e-07 
  3.670e-07  1.046e-06  1.893e-01  3.905e-06  9.183e-05  2.511e-07  3.511e-08 
  5.457e-09 -3.412e-09  4.167e-02  8.799e-07  2.511e-07  1.956e-06  8.864e-09 
 -1.219e-09  5.830e-10  9.485e-03  1.715e-07  3.511e-08  8.864e-09  7.018e-07 
 PARAMETER  CORRELATION COEFFICIENTS  
       NO.  GLOBAL      8      9     20     21     22     23     24
        8  0.10551   1.000 -0.070  0.049  0.015  0.046  0.005 -0.002
        9  0.23483  -0.070  1.000  0.135 -0.072  0.130 -0.003  0.001
       20  0.40603   0.049  0.135  1.000  0.339  0.098  0.148  0.056
       21  0.36092   0.015 -0.072  0.339  1.000  0.044  0.068  0.022
       22  0.16333   0.046  0.130  0.098  0.044  1.000  0.019  0.004
       23  0.15054   0.005 -0.003  0.148  0.068  0.019  1.000  0.008
       24  0.05682  -0.002  0.001  0.056  0.022  0.004  0.008  1.000
MINUIT - FIT wiggle + 1-CBO + 2-CBO
 **********
 **   42 **RES 
 **********
                   PARAMETER   16  beta_vw RESTORED TO VARIABLE.
                   PARAMETER   14  alpha_vw RESTORED TO VARIABLE.
                   PARAMETER   13  beta_y RESTORED TO VARIABLE.
                   PARAMETER   11  alpha_y RESTORED TO VARIABLE.
                   PARAMETER   10  beta_2CBO RESTORED TO VARIABLE.
                   PARAMETER    6  alpha_CBO RESTORED TO VARIABLE.
                   PARAMETER    4  phi RESTORED TO VARIABLE.
                   PARAMETER    3  A0 RESTORED TO VARIABLE.
                   PARAMETER    1  N0 RESTORED TO VARIABLE.
 **********
 **   43 **FIX           10
 **********
 **********
 **   44 **FIX           11
 **********
 **********
 **   45 **FIX           12
 **********
 PARAMETER   12  IS CONSTANT.   IGNORED.
 **********
 **   46 **FIX           13
 **********
 **********
 **   47 **FIX           14
 **********
 **********
 **   48 **FIX           15
 **********
 PARAMETER   15  IS CONSTANT.   IGNORED.
 **********
 **   49 **FIX           16
 **********
 **********
 **   50 **MIGRAD
 **********
 START MIGRAD MINIMIZATION.  STRATEGY  1.  CONVERGENCE WHEN EDM .LT. 1.00e-04
 FCN=64.2916 FROM MIGRAD    STATUS=INITIATE       26 CALLS        1491 TOTAL
                     EDM= unknown      STRATEGY= 1      NO ERROR MATRIX       
  EXT PARAMETER               CURRENT GUESS       STEP         FIRST   
  NO.   NAME      VALUE            ERROR          SIZE      DERIVATIVE 
   1  N0           2.83791e+06   1.74528e+03   1.74528e+03  -1.66248e-04
   2  tau          6.44055e+01   constant   
   3  A0           3.54125e-01   8.19921e-04   8.19921e-04  -7.11397e+02
   4  phi          4.11503e+00   2.42557e-03   2.42557e-03   3.00950e+02
   5  R           -5.93657e+01   constant   
   6  alpha_CBO   -1.49578e-03   8.38950e-04   8.38950e-04   1.97027e+02
   7  w_CBO        2.32500e+00   constant   
   8  beta_CBO     2.12852e-03   8.34710e-04   3.27494e-06  -7.36998e-01
   9  alpha_2CBO   1.49197e-03   8.42447e-04   3.23090e-06  -1.16980e+00
  10  beta_2CBO    1.45036e-03     fixed    
  11  alpha_y      0.00000e+00     fixed    
  12  w_y          1.38860e+01   constant   
  13  beta_y       2.84175e-04     fixed    
  14  alpha_vw     0.00000e+00     fixed    
  15  w_vw         1.43404e+01   constant   
  16  beta_vw      0.00000e+00     fixed    
  17  LM           6.62355e-05   constant   
  18  zeta_y       0.00000e+00   constant   
  19  zeta_vw      0.00000e+00   constant   
  20  T_CBO        3.36411e+02   1.95651e+02   1.54495e-03  -5.37275e-03
  21  alpha_A0    -6.43859e-03   1.14900e-02   4.44121e-03  -3.04245e-05
  22  beta_A0     -1.64875e-03   8.14488e-03   3.77307e-03  -1.06722e-03
  23  alpha_phi   -9.99946e-03   1.18597e-02   4.79959e-02   1.41625e-04
  24  beta_phi    -9.99960e-03   1.99721e-02   3.20066e-02   2.17134e-04
 MIGRAD MINIMIZATION HAS CONVERGED.
 FCN=64.0719 FROM MIGRAD    STATUS=CONVERGED     258 CALLS        1723 TOTAL
                     EDM=8.16016e-07    STRATEGY= 1  ERROR MATRIX UNCERTAINTY   1.3 per cent
  EXT PARAMETER                                   STEP         FIRST   
  NO.   NAME      VALUE            ERROR          SIZE      DERIVATIVE 
   1  N0           2.83806e+06   1.62927e+03   1.31851e+00   9.03451e-08
   2  tau          6.44055e+01   constant   
   3  A0           3.54353e-01   8.07138e-04  -1.06459e-06   4.99127e-01
   4  phi          4.11423e+00   2.37544e-03  -2.02866e-06   2.00592e-01
   5  R           -5.93657e+01   constant   
   6  alpha_CBO   -1.55616e-03   8.21796e-04   1.24939e-06  -1.24824e+00
   7  w_CBO        2.32500e+00   constant   
   8  beta_CBO     2.21579e-03   8.55474e-04   4.79495e-07   1.01826e-01
   9  alpha_2CBO   1.46699e-03   8.43955e-04  -2.68017e-07   5.07949e-01
  10  beta_2CBO    1.45036e-03     fixed    
  11  alpha_y      0.00000e+00     fixed    
  12  w_y          1.38860e+01   constant   
  13  beta_y       2.84175e-04     fixed    
  14  alpha_vw     0.00000e+00     fixed    
  15  w_vw         1.43404e+01   constant   
  16  beta_vw      0.00000e+00     fixed    
  17  LM           6.62355e-05   constant   
  18  zeta_y       0.00000e+00   constant   
  19  zeta_vw      0.00000e+00   constant   
  20  T_CBO        3.47664e+02   2.83995e+02   6.43992e-04   2.66408e-04
  21  alpha_A0    -6.26677e-03   1.14313e-02   9.17489e-04  -7.96398e-04
  22  beta_A0     -1.53930e-03   7.86550e-03   2.34241e-03   5.45561e-04
  23  alpha_phi   -9.37981e-03   1.74345e-02   2.87050e-03   4.86206e-05
  24  beta_phi    -9.99997e-03   1.65732e-02   9.01321e-03  -6.16802e-05
 EXTERNAL ERROR MATRIX.    NDIM=  25    NPAR= 11    ERR DEF=1
  2.655e+06 
 -6.116e-02  6.515e-07 
  3.326e-01  1.692e-08  5.643e-06 
  3.119e-02 -2.947e-08 -1.089e-07  6.753e-07 
  4.369e-02  8.221e-08 -3.559e-07  3.204e-09  7.318e-07 
  2.454e-03 -4.695e-08  4.746e-08  2.705e-08 -4.169e-08  7.123e-07 
 -8.689e+04  1.100e-02 -1.137e-01  1.262e-02  1.711e-02  1.738e-02  9.259e+04 
 -3.304e+00  4.898e-07 -2.432e-06  6.976e-07  4.157e-07 -2.155e-07  1.679e+00  1.048e-04 
 -2.424e+00  5.314e-07 -1.272e-06  2.155e-07  4.183e-07  1.865e-07  7.200e-01  1.450e-05  8.276e-05 
  5.108e+00 -1.584e-06  3.490e-06  3.121e-07 -5.093e-07  4.686e-07 -2.869e+00 -5.826e-05 -3.051e-05  1.715e-04 
  1.002e-02 -1.064e-08 -1.090e-08  1.180e-08  4.458e-09  1.288e-08 -5.750e-03  3.910e-08 -7.115e-08  2.560e-07  4.186e-08 
 PARAMETER  CORRELATION COEFFICIENTS  
       NO.  GLOBAL      1      3      4      6      8      9     20     21     22     23     24
        1  0.29727   1.000 -0.047  0.086  0.023  0.031  0.002 -0.175 -0.198 -0.164  0.239  0.030
        3  0.23201  -0.047  1.000  0.009 -0.044  0.119 -0.069  0.045  0.059  0.072 -0.150 -0.064
        4  0.24877   0.086  0.009  1.000 -0.056 -0.175  0.024 -0.157 -0.100 -0.059  0.112 -0.022
        6  0.16177   0.023 -0.044 -0.056  1.000  0.005  0.039  0.050  0.083  0.029  0.029  0.070
        8  0.23504   0.031  0.119 -0.175  0.005  1.000 -0.058  0.066  0.047  0.054 -0.045  0.025
        9  0.20000   0.002 -0.069  0.024  0.039 -0.058  1.000  0.068 -0.025  0.024  0.042  0.075
       20  0.77971  -0.175  0.045 -0.157  0.050  0.066  0.068  1.000  0.539  0.260 -0.720 -0.092
       21  0.56305  -0.198  0.059 -0.100  0.083  0.047 -0.025  0.539  1.000  0.156 -0.435  0.019
       22  0.30534  -0.164  0.072 -0.059  0.029  0.054  0.024  0.260  0.156  1.000 -0.256 -0.038
       23  0.74734   0.239 -0.150  0.112  0.029 -0.045  0.042 -0.720 -0.435 -0.256  1.000  0.096
       24  0.18331   0.030 -0.064 -0.022  0.070  0.025  0.075 -0.092  0.019 -0.038  0.096  1.000
MINUIT - FIT ONLY 1-y
 **********
 **   51 **RES 
 **********
                   PARAMETER   16  beta_vw RESTORED TO VARIABLE.
                   PARAMETER   14  alpha_vw RESTORED TO VARIABLE.
                   PARAMETER   13  beta_y RESTORED TO VARIABLE.
                   PARAMETER   11  alpha_y RESTORED TO VARIABLE.
                   PARAMETER   10  beta_2CBO RESTORED TO VARIABLE.
 **********
 **   52 **FIX            0
 **********
 PARAMETER    0  IS UNDEFINED. IGNORED.
 **********
 **   53 **FIX            1
 **********
 **********
 **   54 **FIX            2
 **********
 PARAMETER    2  IS CONSTANT.   IGNORED.
 **********
 **   55 **FIX            3
 **********
 **********
 **   56 **FIX            4
 **********
 **********
 **   57 **FIX            5
 **********
 PARAMETER    5  IS CONSTANT.   IGNORED.
 **********
 **   58 **FIX            6
 **********
 **********
 **   59 **FIX            7
 **********
 PARAMETER    7  IS CONSTANT.   IGNORED.
 **********
 **   60 **FIX            8
 **********
 **********
 **   61 **FIX            9
 **********
 **********
 **   62 **FIX           13
 **********
 **********
 **   63 **FIX           14
 **********
 **********
 **   64 **FIX           15
 **********
 PARAMETER   15  IS CONSTANT.   IGNORED.
 **********
 **   65 **FIX           16
 **********
 **********
 **   66 **MIGRAD
 **********
 START MIGRAD MINIMIZATION.  STRATEGY  1.  CONVERGENCE WHEN EDM .LT. 1.00e-04
 FCN=64.0719 FROM MIGRAD    STATUS=INITIATE       16 CALLS        1739 TOTAL
                     EDM= unknown      STRATEGY= 1      NO ERROR MATRIX       
  EXT PARAMETER               CURRENT GUESS       STEP         FIRST   
  NO.   NAME      VALUE            ERROR          SIZE      DERIVATIVE 
   1  N0           2.83806e+06     fixed    
   2  tau          6.44055e+01   constant   
   3  A0           3.54353e-01     fixed    
   4  phi          4.11423e+00     fixed    
   5  R           -5.93657e+01   constant   
   6  alpha_CBO   -1.55616e-03     fixed    
   7  w_CBO        2.32500e+00   constant   
   8  beta_CBO     2.21579e-03     fixed    
   9  alpha_2CBO   1.46699e-03     fixed    
  10  beta_2CBO    1.45036e-03   8.34275e-04   8.34275e-04   2.80426e+02
  11  alpha_y      0.00000e+00   1.00000e-03   1.00000e-03   3.36963e+03
  12  w_y          1.38860e+01   constant   
  13  beta_y       2.84175e-04     fixed    
  14  alpha_vw     0.00000e+00     fixed    
  15  w_vw         1.43404e+01   constant   
  16  beta_vw      0.00000e+00     fixed    
  17  LM           6.62355e-05   constant   
  18  zeta_y       0.00000e+00   constant   
  19  zeta_vw      0.00000e+00   constant   
  20  T_CBO        3.47664e+02   2.83995e+02   6.43992e-04   2.66386e-04
  21  alpha_A0    -6.26677e-03   1.14313e-02   9.17489e-04  -7.96440e-04
  22  beta_A0     -1.53930e-03   7.86550e-03   2.34241e-03   5.45552e-04
  23  alpha_phi   -9.37981e-03   1.74345e-02   2.87050e-03  -4.75519e-05
  24  beta_phi    -9.99997e-03   1.65732e-02   9.01321e-03   6.22237e-05
 MIGRAD MINIMIZATION HAS CONVERGED.
 MIGRAD WILL VERIFY CONVERGENCE AND ERROR MATRIX.
 COVARIANCE MATRIX CALCULATED SUCCESSFULLY
 FCN=62.1801 FROM MIGRAD    STATUS=CONVERGED     121 CALLS        1844 TOTAL
                     EDM=5.00271e-06    STRATEGY= 1      ERROR MATRIX ACCURATE 
  EXT PARAMETER                                   STEP         FIRST   
  NO.   NAME      VALUE            ERROR          SIZE      DERIVATIVE 
   1  N0           2.83806e+06     fixed    
   2  tau          6.44055e+01   constant   
   3  A0           3.54353e-01     fixed    
   4  phi          4.11423e+00     fixed    
   5  R           -5.93657e+01   constant   
   6  alpha_CBO   -1.55616e-03     fixed    
   7  w_CBO        2.32500e+00   constant   
   8  beta_CBO     2.21579e-03     fixed    
   9  alpha_2CBO   1.46699e-03     fixed    
  10  beta_2CBO    1.34140e-03   8.31865e-04   3.15428e-06   7.81693e-01
  11  alpha_y     -1.11382e-03   8.12674e-04   3.15306e-06  -2.25375e-01
  12  w_y          1.38860e+01   constant   
  13  beta_y       2.84175e-04     fixed    
  14  alpha_vw     0.00000e+00     fixed    
  15  w_vw         1.43404e+01   constant   
  16  beta_vw      0.00000e+00     fixed    
  17  LM           6.62355e-05   constant   
  18  zeta_y       0.00000e+00   constant   
  19  zeta_vw      0.00000e+00   constant   
  20  T_CBO        3.48637e+02   2.86704e+02   1.60444e-03  -2.78627e-03
  21  alpha_A0    -6.12431e-03   1.16681e-02   4.11831e-03   1.13475e-04
  22  beta_A0     -1.62435e-03   7.97269e-03   3.58441e-03  -2.37748e-03
  23  alpha_phi   -9.46170e-03   1.95193e-02   1.02377e-02  -4.89253e-05
  24  beta_phi    -1.00000e-02   1.99086e-02   3.86536e-02** at limit **
 EXTERNAL ERROR MATRIX.    NDIM=  25    NPAR=  7    ERR DEF=1
  6.920e-07  7.282e-09  3.243e-02 -2.029e-07 -7.542e-07  1.366e-06  2.072e-12 
  7.282e-09  6.604e-07 -3.338e-03 -6.532e-08  1.065e-07 -6.491e-08 -2.693e-13 
  3.243e-02 -3.338e-03  9.464e+04  1.544e+00  3.847e-01  2.708e+00  1.740e-04 
 -2.029e-07 -6.532e-08  1.544e+00  9.634e-05  9.539e-06  4.928e-05  3.016e-09 
 -7.542e-07  1.065e-07  3.847e-01  9.539e-06  8.617e-05  1.321e-05  7.708e-10 
  1.366e-06 -6.491e-08  2.708e+00  4.928e-05  1.321e-05  1.484e-04  4.672e-09 
  2.072e-12 -2.693e-13  1.740e-04  3.016e-09  7.708e-10  4.672e-09  7.046e-12 
 PARAMETER  CORRELATION COEFFICIENTS  
       NO.  GLOBAL     10     11     20     21     22     23     24
       10  0.21333   1.000  0.011  0.127 -0.025 -0.098  0.135  0.001
       11  0.02585   0.011  1.000 -0.013 -0.008  0.014 -0.007 -0.000
       20  0.76863   0.127 -0.013  1.000  0.511  0.135  0.723  0.213
       21  0.52405  -0.025 -0.008  0.511  1.000  0.105  0.412  0.116
       22  0.18388  -0.098  0.014  0.135  0.105  1.000  0.117  0.031
       23  0.72661   0.135 -0.007  0.723  0.412  0.117  1.000  0.145
       24  0.21513   0.001 -0.000  0.213  0.116  0.031  0.145  1.000
MINUIT - FIT ONLY 2-y
 **********
 **   67 **RES 
 **********
                   PARAMETER   16  beta_vw RESTORED TO VARIABLE.
                   PARAMETER   14  alpha_vw RESTORED TO VARIABLE.
                   PARAMETER   13  beta_y RESTORED TO VARIABLE.
                   PARAMETER    9  alpha_2CBO RESTORED TO VARIABLE.
                   PARAMETER    8  beta_CBO RESTORED TO VARIABLE.
                   PARAMETER    6  alpha_CBO RESTORED TO VARIABLE.
                   PARAMETER    4  phi RESTORED TO VARIABLE.
                   PARAMETER    3  A0 RESTORED TO VARIABLE.
                   PARAMETER    1  N0 RESTORED TO VARIABLE.
 **********
 **   68 **FIX            0
 **********
 PARAMETER    0  IS UNDEFINED. IGNORED.
 **********
 **   69 **FIX            1
 **********
 **********
 **   70 **FIX            2
 **********
 PARAMETER    2  IS CONSTANT.   IGNORED.
 **********
 **   71 **FIX            3
 **********
 **********
 **   72 **FIX            4
 **********
 **********
 **   73 **FIX            5
 **********
 PARAMETER    5  IS CONSTANT.   IGNORED.
 **********
 **   74 **FIX            6
 **********
 **********
 **   75 **FIX            7
 **********
 PARAMETER    7  IS CONSTANT.   IGNORED.
 **********
 **   76 **FIX            8
 **********
 **********
 **   77 **FIX            9
 **********
 **********
 **   78 **FIX           10
 **********
 **********
 **   79 **FIX           11
 **********
 **********
 **   80 **FIX           12
 **********
 PARAMETER   12  IS CONSTANT.   IGNORED.
 **********
 **   81 **FIX           16
 **********
 **********
 **   82 **MIGRAD
 **********
 START MIGRAD MINIMIZATION.  STRATEGY  1.  CONVERGENCE WHEN EDM .LT. 1.00e-04
 FCN=62.1801 FROM MIGRAD    STATUS=INITIATE       16 CALLS        1860 TOTAL
                     EDM= unknown      STRATEGY= 1      NO ERROR MATRIX       
  EXT PARAMETER               CURRENT GUESS       STEP         FIRST   
  NO.   NAME      VALUE            ERROR          SIZE      DERIVATIVE 
   1  N0           2.83806e+06     fixed    
   2  tau          6.44055e+01   constant   
   3  A0           3.54353e-01     fixed    
   4  phi          4.11423e+00     fixed    
   5  R           -5.93657e+01   constant   
   6  alpha_CBO   -1.55616e-03     fixed    
   7  w_CBO        2.32500e+00   constant   
   8  beta_CBO     2.21579e-03     fixed    
   9  alpha_2CBO   1.46699e-03     fixed    
  10  beta_2CBO    1.34140e-03     fixed    
  11  alpha_y     -1.11382e-03     fixed    
  12  w_y          1.38860e+01   constant   
  13  beta_y       2.84175e-04   8.19905e-04   8.19905e-04   7.26422e+01
  14  alpha_vw     0.00000e+00   1.00000e-03   1.00000e-03   6.97158e+02
  15  w_vw         1.43404e+01   constant   
  16  beta_vw      0.00000e+00     fixed    
  17  LM           6.62355e-05   constant   
  18  zeta_y       0.00000e+00   constant   
  19  zeta_vw      0.00000e+00   constant   
  20  T_CBO        3.48637e+02   2.86704e+02   1.60444e-03  -2.80981e-03
  21  alpha_A0    -6.12431e-03   1.16681e-02   4.11831e-03   1.15340e-04
  22  beta_A0     -1.62435e-03   7.97269e-03   3.58441e-03  -2.37510e-03
  23  alpha_phi   -9.46170e-03   1.95193e-02   1.02377e-02  -4.15565e-05
  24  beta_phi    -9.99998e-03   1.99086e-02   3.86536e-02   4.65680e-05
 MIGRAD MINIMIZATION HAS CONVERGED.
 MIGRAD WILL VERIFY CONVERGENCE AND ERROR MATRIX.
 COVARIANCE MATRIX CALCULATED SUCCESSFULLY
 FCN=62.0973 FROM MIGRAD    STATUS=CONVERGED      98 CALLS        1942 TOTAL
                     EDM=9.45941e-06    STRATEGY= 1      ERROR MATRIX ACCURATE 
  EXT PARAMETER                                   STEP         FIRST   
  NO.   NAME      VALUE            ERROR          SIZE      DERIVATIVE 
   1  N0           2.83806e+06     fixed    
   2  tau          6.44055e+01   constant   
   3  A0           3.54353e-01     fixed    
   4  phi          4.11423e+00     fixed    
   5  R           -5.93657e+01   constant   
   6  alpha_CBO   -1.55616e-03     fixed    
   7  w_CBO        2.32500e+00   constant   
   8  beta_CBO     2.21579e-03     fixed    
   9  alpha_2CBO   1.46699e-03     fixed    
  10  beta_2CBO    1.34140e-03     fixed    
  11  alpha_y     -1.11382e-03     fixed    
  12  w_y          1.38860e+01   constant   
  13  beta_y       2.47291e-04   8.20775e-04   3.17775e-06  -3.63299e-01
  14  alpha_vw    -2.33789e-04   8.16705e-04   3.16298e-06   4.22535e-02
  15  w_vw         1.43404e+01   constant   
  16  beta_vw      0.00000e+00     fixed    
