 + ++++++++++++++++++++++++++++++++++++++++++++++++++++++++++++++++++++ +
 +                                                                      +
 +           You have chose to blind your fitting according to          +
 +                omega_ref * (1 + (R +/- deltaR) *10^{-6})             +
 +                                                                      +
 + ++++++++++++++++++++++++++++++++++++++++++++++++++++++++++++++++++++ +
In main()...
reading format from /gm2data/zkhechad/run45/envelope/formats/formatB_sBin_constraintOn.txt
pBinTau 	= 0  
pBinPhi 	= 0  
constraintau 	= 1 
includeMopTerm 	= 0    
constrainMop    = 0   
Parameters after format file: pBinTau 0 pBinPhi 0 constraintau 1 includeMopTerm 0 constrainMop 0 c_e_scale 0.000000 
Opening file /gm2data/tbarrett/gm2fr/studies/run23_bunch_corrections/CorrectedFourier_Run3b.root.
reading full fit data from /gm2data/zkhechad/cboTemplates/Run4CBOTemplates/fullFits/noRF/sBin_constraintOn_cE0.0_seed0_noRF_calo11.root
windowBins = 69
fitting sliding window 560 from bin 696 at 103.694000 to bin 765 at 114.138000 (69 bins)

Reading data from /gm2data/cornell/histograms/aMethod/histogram_a_noRF.root
 **********
 **    1 **SET PRINTOUT            1
 **********
 **********
 **    2 **SET NOWARNINGS 
 **********
 PARAMETER DEFINITIONS:
    NO.   NAME         VALUE      STEP SIZE      LIMITS
     1 N0           3.16093e+06  1.00000e+02     no limits
     2 tau          6.43989e+01  constant
     3 A0           3.42733e-01  1.00000e-04     no limits
     4 phi          4.11801e+00  1.00000e-02     no limits
     5 R           -6.14725e+01  constant
     6 alpha_CBO    0.00000e+00  1.00000e-03     no limits
     7 w_CBO        2.32500e+00  constant
     8 beta_CBO     0.00000e+00  1.00000e-03     no limits
     9 alpha_2CBO   0.00000e+00  1.00000e-03     no limits
    10 beta_2CBO    0.00000e+00  1.00000e-03     no limits
    11 alpha_y      0.00000e+00  1.00000e-03     no limits
    12 w_y          1.38860e+01  constant
    13 beta_y       0.00000e+00  1.00000e-03     no limits
    14 alpha_vw     0.00000e+00  1.00000e-03     no limits
    15 w_vw         1.43404e+01  constant
    16 beta_vw      0.00000e+00  1.00000e-03     no limits
    17 LM          -2.06090e-04  constant
    18 zeta_y       0.00000e+00  constant
    19 zeta_vw      0.00000e+00  constant
    20 T_CBO        1.00000e+02  1.00000e+00    0.00000e+00  1.00000e+03
    21 alpha_A0     0.00000e+00  1.00000e-03     no limits
    22 beta_A0      0.00000e+00  1.00000e-03     no limits
    23 alpha_phi    0.00000e+00  1.00000e-03     no limits
    24 beta_phi     0.00000e+00  1.00000e-03     no limits
MINUIT - FIT ONLY WIGGLE
 **********
 **    3 **FIX            5
 **********
 PARAMETER    5  IS CONSTANT.   IGNORED.
 **********
 **    4 **FIX            6
 **********
 **********
 **    5 **FIX            7
 **********
 PARAMETER    7  IS CONSTANT.   IGNORED.
 **********
 **    6 **FIX            8
 **********
 **********
 **    7 **FIX            9
 **********
 **********
 **    8 **FIX           10
 **********
 **********
 **    9 **FIX           11
 **********
 **********
 **   10 **FIX           12
 **********
 PARAMETER   12  IS CONSTANT.   IGNORED.
 **********
 **   11 **FIX           13
 **********
 **********
 **   12 **FIX           14
 **********
 **********
 **   13 **FIX           15
 **********
 PARAMETER   15  IS CONSTANT.   IGNORED.
 **********
 **   14 **FIX           16
 **********
 **********
 **   15 **MIGRAD
 **********
 FIRST CALL TO USER FUNCTION AT NEW START POINT, WITH IFLAG=4.
 START MIGRAD MINIMIZATION.  STRATEGY  1.  CONVERGENCE WHEN EDM .LT. 1.00e-04
 FCN=1819.92 FROM MIGRAD    STATUS=INITIATE      435 CALLS         436 TOTAL
                     EDM= unknown      STRATEGY= 1      NO ERROR MATRIX       
  EXT PARAMETER               CURRENT GUESS       STEP         FIRST   
  NO.   NAME      VALUE            ERROR          SIZE      DERIVATIVE 
   1  N0           3.16093e+06   1.00000e+02   0.00000e+00   2.34390e-02
   2  tau          6.43989e+01   constant   
   3  A0           3.42733e-01   1.00000e-04   0.00000e+00   1.24979e+05
   4  phi          4.11801e+00   1.00000e-02   0.00000e+00  -1.51163e+03
   5  R           -6.14725e+01   constant   
   6  alpha_CBO    0.00000e+00     fixed    
   7  w_CBO        2.32500e+00   constant   
   8  beta_CBO     0.00000e+00     fixed    
   9  alpha_2CBO   0.00000e+00     fixed    
  10  beta_2CBO    0.00000e+00     fixed    
  11  alpha_y      0.00000e+00     fixed    
  12  w_y          1.38860e+01   constant   
  13  beta_y       0.00000e+00     fixed    
  14  alpha_vw     0.00000e+00     fixed    
  15  w_vw         1.43404e+01   constant   
  16  beta_vw      0.00000e+00     fixed    
  17  LM          -2.06090e-04   constant   
  18  zeta_y       0.00000e+00   constant   
  19  zeta_vw      0.00000e+00   constant   
  20  T_CBO        1.00000e+02   1.00000e+00   0.00000e+00   0.00000e+00
  21  alpha_A0     0.00000e+00   1.00000e-03   0.00000e+00  -9.29136e+03
  22  beta_A0      0.00000e+00   1.00000e-03   0.00000e+00  -3.59807e+03
  23  alpha_phi    0.00000e+00   1.00000e-03   0.00000e+00  -6.74997e+03
  24  beta_phi     0.00000e+00   1.00000e-03   0.00000e+00  -1.41751e+03
 CALL LIMIT EXCEEDED IN MIGRAD.
 MIGRAD TERMINATED WITHOUT CONVERGENCE.
 FCN=1610.98 FROM MIGRAD    STATUS=CALL LIMIT   1320 CALLS        1321 TOTAL
                     EDM=0.145365    STRATEGY= 1  ERROR MATRIX UNCERTAINTY   0.2 per cent
  EXT PARAMETER                APPROXIMATE        STEP         FIRST   
  NO.   NAME      VALUE            ERROR          SIZE      DERIVATIVE 
   1  N0           3.16024e+06   3.21449e+02  -9.47942e+00   6.15309e-04
   2  tau          6.43989e+01   constant   
   3  A0           3.41376e-01   1.33635e-04   1.40705e-05  -1.31501e+03
   4  phi          4.11828e+00   3.93895e-04  -7.71559e-05  -3.78197e+01
   5  R           -6.14725e+01   constant   
   6  alpha_CBO    0.00000e+00     fixed    
   7  w_CBO        2.32500e+00   constant   
   8  beta_CBO     0.00000e+00     fixed    
   9  alpha_2CBO   0.00000e+00     fixed    
  10  beta_2CBO    0.00000e+00     fixed    
  11  alpha_y      0.00000e+00     fixed    
  12  w_y          1.38860e+01   constant   
  13  beta_y       0.00000e+00     fixed    
  14  alpha_vw     0.00000e+00     fixed    
  15  w_vw         1.43404e+01   constant   
  16  beta_vw      0.00000e+00     fixed    
  17  LM          -2.06090e-04   constant   
  18  zeta_y       0.00000e+00   constant   
  19  zeta_vw      0.00000e+00   constant   
  20  T_CBO        1.51088e+01   1.02506e+00  -4.44144e-03  -4.52224e+02
  21  alpha_A0     6.07390e+00   2.37876e+00   1.12527e+00  -1.08017e+00
  22  beta_A0      1.98866e+00   7.78668e-01   3.68329e-01  -1.26300e+00
  23  alpha_phi    4.10645e+00   1.60713e+00   7.60229e-01  -5.86895e-01
  24  beta_phi    -1.22483e+00   4.80240e-01  -2.27165e-01  -6.23828e-01
 EXTERNAL ERROR MATRIX.    NDIM=  25    NPAR=  8    ERR DEF=1
  1.033e+05  2.115e-03 -2.034e-02  1.231e+01 -1.047e+00 -3.043e-01 -6.233e-01  1.598e-01 
  2.115e-03  1.786e-08  1.314e-09 -5.759e-06  6.652e-06  2.176e-06  4.477e-06 -1.309e-06 
 -2.034e-02  1.314e-09  1.552e-07  9.897e-06 -4.871e-05 -1.595e-05 -3.294e-05  9.866e-06 
  1.231e+01 -5.759e-06  9.897e-06  1.051e+00 -2.405e+00 -7.874e-01 -1.625e+00  4.856e-01 
 -1.047e+00  6.652e-06 -4.871e-05 -2.405e+00  5.659e+00  1.852e+00  3.823e+00 -1.142e+00 
 -3.043e-01  2.176e-06 -1.595e-05 -7.874e-01  1.852e+00  6.063e-01  1.251e+00 -3.739e-01 
 -6.233e-01  4.477e-06 -3.294e-05 -1.625e+00  3.823e+00  1.251e+00  2.583e+00 -7.718e-01 
  1.598e-01 -1.309e-06  9.866e-06  4.856e-01 -1.142e+00 -3.739e-01 -7.718e-01  2.306e-01 
ERR MATRIX APPROXIMATE
 PARAMETER  CORRELATION COEFFICIENTS  
       NO.  GLOBAL      1      3      4     20     21     22     23     24
        1  0.30824   1.000  0.049 -0.161  0.037 -0.001 -0.001 -0.001  0.001
        3  0.22624   0.049  1.000  0.025 -0.042  0.021  0.021  0.021 -0.020
        4  0.21673  -0.161  0.025  1.000  0.025 -0.052 -0.052 -0.052  0.052
       20  0.98760   0.037 -0.042  0.025  1.000 -0.986 -0.986 -0.986  0.986
       21  1.00000  -0.001  0.021 -0.052 -0.986  1.000  1.000  1.000 -1.000
       22  1.00000  -0.001  0.021 -0.052 -0.986  1.000  1.000  1.000 -1.000
       23  1.00000  -0.001  0.021 -0.052 -0.986  1.000  1.000  1.000 -1.000
       24  0.99999   0.001 -0.020  0.052  0.986 -1.000 -1.000 -1.000  1.000
 ERR MATRIX APPROXIMATE
MINUIT - FIT ONLY 1-CBO + wiggle
 **********
 **   16 **RES 
 **********
                   PARAMETER   16  beta_vw RESTORED TO VARIABLE.
                   PARAMETER   14  alpha_vw RESTORED TO VARIABLE.
                   PARAMETER   13  beta_y RESTORED TO VARIABLE.
                   PARAMETER   11  alpha_y RESTORED TO VARIABLE.
                   PARAMETER   10  beta_2CBO RESTORED TO VARIABLE.
                   PARAMETER    9  alpha_2CBO RESTORED TO VARIABLE.
                   PARAMETER    8  beta_CBO RESTORED TO VARIABLE.
                   PARAMETER    6  alpha_CBO RESTORED TO VARIABLE.
 **********
 **   17 **FIX            8
 **********
 **********
 **   18 **FIX            9
 **********
 **********
 **   19 **FIX           11
 **********
 **********
 **   20 **FIX           12
 **********
 PARAMETER   12  IS CONSTANT.   IGNORED.
 **********
 **   21 **FIX           14
 **********
 **********
 **   22 **FIX           15
 **********
 PARAMETER   15  IS CONSTANT.   IGNORED.
 **********
 **   23 **FIX           16
 **********
 **********
 **   24 **MIGRAD
 **********
 START MIGRAD MINIMIZATION.  STRATEGY  1.  CONVERGENCE WHEN EDM .LT. 1.00e-04
 FCN=1610.98 FROM MIGRAD    STATUS=INITIATE       28 CALLS        1349 TOTAL
                     EDM= unknown      STRATEGY= 1      NO ERROR MATRIX       
  EXT PARAMETER               CURRENT GUESS       STEP         FIRST   
  NO.   NAME      VALUE            ERROR          SIZE      DERIVATIVE 
   1  N0           3.16024e+06   3.21449e+02  -9.47942e+00   6.15309e-04
   2  tau          6.43989e+01   constant   
   3  A0           3.41376e-01   1.33635e-04   1.40705e-05  -1.31501e+03
   4  phi          4.11828e+00   3.93895e-04  -7.71559e-05  -3.78197e+01
   5  R           -6.14725e+01   constant   
   6  alpha_CBO    0.00000e+00   1.00000e-03   1.00000e-03  -5.45264e+05
   7  w_CBO        2.32500e+00   constant   
   8  beta_CBO     0.00000e+00     fixed    
   9  alpha_2CBO   0.00000e+00     fixed    
  10  beta_2CBO    0.00000e+00   1.00000e-03   1.00000e-03   1.03250e+03
  11  alpha_y      0.00000e+00     fixed    
  12  w_y          1.38860e+01   constant   
  13  beta_y       0.00000e+00   1.00000e-03   1.00000e-03  -7.63671e+04
  14  alpha_vw     0.00000e+00     fixed    
  15  w_vw         1.43404e+01   constant   
  16  beta_vw      0.00000e+00     fixed    
  17  LM          -2.06090e-04   constant   
  18  zeta_y       0.00000e+00   constant   
  19  zeta_vw      0.00000e+00   constant   
  20  T_CBO        1.51088e+01   1.02506e+00  -4.44144e-03  -4.52224e+02
  21  alpha_A0     6.07390e+00   2.37876e+00   1.12527e+00  -1.08017e+00
  22  beta_A0      1.98866e+00   7.78668e-01   3.68329e-01  -1.26300e+00
  23  alpha_phi    4.10645e+00   1.60713e+00   7.60229e-01  -5.86895e-01
  24  beta_phi    -1.22483e+00   4.80240e-01  -2.27165e-01  -6.23828e-01
 MIGRAD MINIMIZATION HAS CONVERGED.
 FCN=65.2418 FROM MIGRAD    STATUS=CONVERGED    1149 CALLS        2470 TOTAL
                     EDM=9.97404e-06    STRATEGY= 1  ERROR MATRIX UNCERTAINTY   1.1 per cent
  EXT PARAMETER                                   STEP         FIRST   
  NO.   NAME      VALUE            ERROR          SIZE      DERIVATIVE 
   1  N0           3.16119e+06   3.28292e+02  -4.80681e-02   7.19947e-07
   2  tau          6.43989e+01   constant   
   3  A0           3.42737e-01   1.44234e-04   3.90001e-09  -3.76161e-01
   4  phi          4.11812e+00   3.92038e-04   9.54469e-09   2.99077e-01
   5  R           -6.14725e+01   constant   
   6  alpha_CBO    5.56775e-03   1.43453e-04  -4.08109e-08  -1.18683e+01
   7  w_CBO        2.32500e+00   constant   
   8  beta_CBO     0.00000e+00     fixed    
   9  alpha_2CBO   0.00000e+00     fixed    
  10  beta_2CBO    1.50697e-04   1.39162e-04   5.78526e-08   6.93960e+00
  11  alpha_y      0.00000e+00     fixed    
  12  w_y          1.38860e+01   constant   
  13  beta_y       7.20408e-04   1.35754e-04  -2.81466e-09  -7.03986e-01
  14  alpha_vw     0.00000e+00     fixed    
  15  w_vw         1.43404e+01   constant   
  16  beta_vw      0.00000e+00     fixed    
  17  LM          -2.06090e-04   constant   
  18  zeta_y       0.00000e+00   constant   
  19  zeta_vw      0.00000e+00   constant   
  20  T_CBO        1.27844e+01   4.84997e+00  -4.34628e-06   8.74907e-01
  21  alpha_A0     7.28951e-01   2.89133e+00   1.13194e-03  -1.72201e-03
  22  beta_A0      6.13201e+00   1.94006e+01   1.77067e-03   8.98286e-04
  23  alpha_phi    2.09644e+01   6.67753e+01   1.44004e-02   6.14487e-04
  24  beta_phi     6.05535e+00   2.01412e+01   5.34276e-03  -1.04022e-03
 EXTERNAL ERROR MATRIX.    NDIM=  25    NPAR= 11    ERR DEF=1
  1.078e+05 
  1.283e-03  2.080e-08 
 -2.370e-02  2.387e-09  1.537e-07 
  3.004e-03  5.744e-09 -5.708e-10  2.058e-08 
  3.394e-04  8.827e-10 -1.155e-09  2.043e-10  1.937e-08 
 -5.244e-04 -7.562e-10  4.431e-10 -9.554e-11  1.743e-10  1.843e-08 
 -9.388e+01  1.811e-04  1.900e-04  8.748e-05 -5.511e-05 -5.316e-06  2.354e+01 
  6.546e+01 -1.151e-04 -8.010e-06 -1.269e-04  6.837e-05  3.738e-06 -9.112e+00  8.360e+00 
  5.034e+02 -7.377e-04 -8.135e-04 -3.454e-04  2.264e-04  1.970e-05 -9.367e+01  3.667e+01  3.764e+02 
  1.471e+03 -2.530e-03 -2.715e-03 -1.178e-03  7.652e-04  7.347e-05 -3.238e+02  1.256e+02  1.288e+03  4.459e+03 
  4.398e+02 -7.188e-04 -8.668e-04 -3.372e-04  2.542e-04  1.735e-05 -9.743e+01  3.724e+01  3.887e+02  1.342e+03  4.057e+02 
 PARAMETER  CORRELATION COEFFICIENTS  
       NO.  GLOBAL      1      3      4      6     10     13     20     21     22     23     24
        1  0.39175   1.000  0.027 -0.184  0.064  0.007 -0.012 -0.059  0.069  0.079  0.067  0.067
        3  0.47246   0.027  1.000  0.042  0.278  0.044 -0.039  0.259 -0.276 -0.264 -0.263 -0.247
        4  0.25251  -0.184  0.042  1.000 -0.010 -0.021  0.008  0.100 -0.007 -0.107 -0.104 -0.110
        6  0.41261   0.064  0.278 -0.010  1.000  0.010 -0.005  0.126 -0.306 -0.124 -0.123 -0.117
       10  0.25513   0.007  0.044 -0.021  0.010  1.000  0.009 -0.082  0.170  0.084  0.082  0.091
       13  0.04714  -0.012 -0.039  0.008 -0.005  0.009  1.000 -0.008  0.010  0.007  0.008  0.006
       20  0.99957  -0.059  0.259  0.100  0.126 -0.082 -0.008  1.000 -0.650 -0.995 -0.999 -0.997
       21  0.73001   0.069 -0.276 -0.007 -0.306  0.170  0.010 -0.650  1.000  0.654  0.651  0.640
       22  0.99644   0.079 -0.264 -0.107 -0.124  0.084  0.007 -0.995  0.654  1.000  0.994  0.995
       23  0.99963   0.067 -0.263 -0.104 -0.123  0.082  0.008 -0.999  0.651  0.994  1.000  0.998
       24  0.99839   0.067 -0.247 -0.110 -0.117  0.091  0.006 -0.997  0.640  0.995  0.998  1.000
MINUIT - FIT ONLY 2-CBO
 **********
 **   25 **RES 
 **********
                   PARAMETER   16  beta_vw RESTORED TO VARIABLE.
                   PARAMETER   14  alpha_vw RESTORED TO VARIABLE.
                   PARAMETER   11  alpha_y RESTORED TO VARIABLE.
                   PARAMETER    9  alpha_2CBO RESTORED TO VARIABLE.
                   PARAMETER    8  beta_CBO RESTORED TO VARIABLE.
 **********
 **   26 **FIX            0
 **********
 PARAMETER    0  IS UNDEFINED. IGNORED.
 **********
 **   27 **FIX            1
 **********
 **********
 **   28 **FIX            2
 **********
 PARAMETER    2  IS CONSTANT.   IGNORED.
 **********
 **   29 **FIX            3
 **********
 **********
 **   30 **FIX            4
 **********
 **********
 **   31 **FIX            5
 **********
 PARAMETER    5  IS CONSTANT.   IGNORED.
 **********
 **   32 **FIX            6
 **********
 **********
 **   33 **FIX            7
 **********
 PARAMETER    7  IS CONSTANT.   IGNORED.
 **********
 **   34 **FIX           10
 **********
 **********
 **   35 **FIX           11
 **********
 **********
 **   36 **FIX           12
 **********
 PARAMETER   12  IS CONSTANT.   IGNORED.
 **********
 **   37 **FIX           13
 **********
 **********
 **   38 **FIX           14
 **********
 **********
 **   39 **FIX           15
 **********
 PARAMETER   15  IS CONSTANT.   IGNORED.
 **********
 **   40 **FIX           16
 **********
 **********
 **   41 **MIGRAD
 **********
 START MIGRAD MINIMIZATION.  STRATEGY  1.  CONVERGENCE WHEN EDM .LT. 1.00e-04
 FCN=65.2418 FROM MIGRAD    STATUS=INITIATE       18 CALLS        2488 TOTAL
                     EDM= unknown      STRATEGY= 1      NO ERROR MATRIX       
  EXT PARAMETER               CURRENT GUESS       STEP         FIRST   
  NO.   NAME      VALUE            ERROR          SIZE      DERIVATIVE 
   1  N0           3.16119e+06     fixed    
   2  tau          6.43989e+01   constant   
   3  A0           3.42737e-01     fixed    
   4  phi          4.11812e+00     fixed    
   5  R           -6.14725e+01   constant   
   6  alpha_CBO    5.56775e-03     fixed    
   7  w_CBO        2.32500e+00   constant   
   8  beta_CBO     0.00000e+00   1.00000e-03   1.00000e-03   1.60279e+04
   9  alpha_2CBO   0.00000e+00   1.00000e-03   1.00000e-03  -1.04323e+04
  10  beta_2CBO    1.50697e-04     fixed    
  11  alpha_y      0.00000e+00     fixed    
  12  w_y          1.38860e+01   constant   
  13  beta_y       7.20408e-04     fixed    
  14  alpha_vw     0.00000e+00     fixed    
  15  w_vw         1.43404e+01   constant   
  16  beta_vw      0.00000e+00     fixed    
  17  LM          -2.06090e-04   constant   
  18  zeta_y       0.00000e+00   constant   
  19  zeta_vw      0.00000e+00   constant   
  20  T_CBO        1.27844e+01   4.84997e+00  -4.34628e-06   8.74897e-01
  21  alpha_A0     7.28951e-01   2.89133e+00   1.13194e-03  -1.72201e-03
  22  beta_A0      6.13201e+00   1.94006e+01   1.77067e-03   8.98283e-04
  23  alpha_phi    2.09644e+01   6.67753e+01   1.44004e-02   6.14487e-04
  24  beta_phi     6.05535e+00   2.01412e+01   5.34276e-03  -1.04022e-03
 MIGRAD MINIMIZATION HAS CONVERGED.
 MIGRAD WILL VERIFY CONVERGENCE AND ERROR MATRIX.
 FCN=63.2781 FROM HESSE     STATUS=NOT POSDEF     50 CALLS        2602 TOTAL
                     EDM=0.000309649    STRATEGY= 1      ERR MATRIX NOT POS-DEF
  EXT PARAMETER                APPROXIMATE        STEP         FIRST   
  NO.   NAME      VALUE            ERROR          SIZE      DERIVATIVE 
   1  N0           3.16119e+06     fixed    
   2  tau          6.43989e+01   constant   
   3  A0           3.42737e-01     fixed    
   4  phi          4.11812e+00     fixed    
   5  R           -6.14725e+01   constant   
   6  alpha_CBO    5.56775e-03     fixed    
   7  w_CBO        2.32500e+00   constant   
   8  beta_CBO    -1.70291e-04   1.42898e-04   5.48114e-07  -1.40373e+01
   9  alpha_2CBO   1.14869e-04   1.42149e-04   5.39647e-07  -2.23025e+01
  10  beta_2CBO    1.50697e-04     fixed    
  11  alpha_y      0.00000e+00     fixed    
  12  w_y          1.38860e+01   constant   
  13  beta_y       7.20408e-04     fixed    
  14  alpha_vw     0.00000e+00     fixed    
  15  w_vw         1.43404e+01   constant   
  16  beta_vw      0.00000e+00     fixed    
  17  LM          -2.06090e-04   constant   
  18  zeta_y       0.00000e+00   constant   
  19  zeta_vw      0.00000e+00   constant   
  20  T_CBO        1.27900e+01   2.44591e+00   5.43015e-06  -9.66762e-01
  21  alpha_A0     8.76221e-01   2.91862e+00   9.86105e-03  -2.15778e-04
  22  beta_A0      6.15566e+00   1.01303e+01   9.57439e-03   4.32645e-04
  23  alpha_phi    2.11639e+01   3.39362e+01   9.18477e-03   3.78296e-04
  24  beta_phi     5.51627e+00   9.49546e+00   1.03188e-02  -3.04826e-04
 MIGRAD MINIMIZATION HAS CONVERGED.
 MIGRAD WILL VERIFY CONVERGENCE AND ERROR MATRIX.
 FCN=63.2757 FROM MIGRAD    STATUS=CONVERGED     336 CALLS        2806 TOTAL
                     EDM=5.27895e-06    STRATEGY= 1      ERR MATRIX NOT POS-DEF
  EXT PARAMETER                APPROXIMATE        STEP         FIRST   
  NO.   NAME      VALUE            ERROR          SIZE      DERIVATIVE 
   1  N0           3.16119e+06     fixed    
   2  tau          6.43989e+01   constant   
   3  A0           3.42737e-01     fixed    
   4  phi          4.11812e+00     fixed    
   5  R           -6.14725e+01   constant   
   6  alpha_CBO    5.56775e-03     fixed    
   7  w_CBO        2.32500e+00   constant   
   8  beta_CBO    -1.70515e-04   1.42880e-04   5.48103e-07  -1.89789e+00
   9  alpha_2CBO   1.14924e-04   1.42128e-04   5.39637e-07  -1.45458e+00
  10  beta_2CBO    1.50697e-04     fixed    
  11  alpha_y      0.00000e+00     fixed    
  12  w_y          1.38860e+01   constant   
  13  beta_y       7.20408e-04     fixed    
  14  alpha_vw     0.00000e+00     fixed    
  15  w_vw         1.43404e+01   constant   
  16  beta_vw      0.00000e+00     fixed    
  17  LM          -2.06090e-04   constant   
  18  zeta_y       0.00000e+00   constant   
  19  zeta_vw      0.00000e+00   constant   
  20  T_CBO        1.31258e+01   2.57539e+00   5.63613e-06  -4.20878e-01
  21  alpha_A0     7.02335e-01   2.35145e+00   8.02540e-03   1.88608e-04
  22  beta_A0      4.96819e+00   8.16996e+00   7.79457e-03  -1.41818e-03
  23  alpha_phi    1.70785e+01   2.73881e+01   7.47647e-03  -3.60463e-05
  24  beta_phi     4.42376e+00   7.62367e+00   8.39290e-03   5.04526e-04
 EXTERNAL ERROR MATRIX.    NDIM=  25    NPAR=  7    ERR DEF=1
  2.041e-08 -1.153e-09 -7.399e-06 -1.980e-06 -1.161e-05  8.345e-05  6.657e-05 
 -1.153e-09  2.020e-08 -1.864e-06  1.475e-05 -3.971e-05  6.987e-05 -3.688e-06 
 -7.399e-06 -1.864e-06  6.634e+00 -3.031e+00 -2.039e+01 -7.037e+01 -1.884e+01 
 -1.980e-06  1.475e-05 -3.031e+00  5.529e+00  9.328e+00  3.225e+01  8.321e+00 
 -1.161e-05 -3.971e-05 -2.039e+01  9.328e+00  6.675e+01  2.160e+02  5.791e+01 
  8.345e-05  6.987e-05 -7.037e+01  3.225e+01  2.160e+02  7.501e+02  1.997e+02 
  6.657e-05 -3.688e-06 -1.884e+01  8.321e+00  5.791e+01  1.997e+02  5.812e+01 
ERR MATRIX NOT POS-DEF
 PARAMETER  CORRELATION COEFFICIENTS  
       NO.  GLOBAL      8      9     20     21     22     23     24
        8  0.20629   1.000 -0.057 -0.020 -0.006 -0.010  0.021  0.061
        9  0.24911  -0.057  1.000 -0.005  0.044 -0.034  0.018 -0.003
       20  0.99798  -0.020 -0.005  1.000 -0.501 -0.969 -0.998 -0.959
       21  0.50558  -0.006  0.044 -0.501  1.000  0.486  0.501  0.464
       22  0.97048  -0.010 -0.034 -0.969  0.486  1.000  0.965  0.930
       23  0.99762   0.021  0.018 -0.998  0.501  0.965  1.000  0.956
       24  0.96050   0.061 -0.003 -0.959  0.464  0.930  0.956  1.000
 ERR MATRIX NOT POS-DEF
MINUIT - FIT wiggle + 1-CBO + 2-CBO
 **********
 **   42 **RES 
 **********
                   PARAMETER   16  beta_vw RESTORED TO VARIABLE.
                   PARAMETER   14  alpha_vw RESTORED TO VARIABLE.
                   PARAMETER   13  beta_y RESTORED TO VARIABLE.
                   PARAMETER   11  alpha_y RESTORED TO VARIABLE.
                   PARAMETER   10  beta_2CBO RESTORED TO VARIABLE.
                   PARAMETER    6  alpha_CBO RESTORED TO VARIABLE.
                   PARAMETER    4  phi RESTORED TO VARIABLE.
                   PARAMETER    3  A0 RESTORED TO VARIABLE.
                   PARAMETER    1  N0 RESTORED TO VARIABLE.
 **********
 **   43 **FIX           10
 **********
 **********
 **   44 **FIX           11
 **********
 **********
 **   45 **FIX           12
 **********
 PARAMETER   12  IS CONSTANT.   IGNORED.
 **********
 **   46 **FIX           13
 **********
 **********
 **   47 **FIX           14
 **********
 **********
 **   48 **FIX           15
 **********
 PARAMETER   15  IS CONSTANT.   IGNORED.
 **********
 **   49 **FIX           16
 **********
 **********
 **   50 **MIGRAD
 **********
 START MIGRAD MINIMIZATION.  STRATEGY  1.  CONVERGENCE WHEN EDM .LT. 1.00e-04
 FCN=63.2757 FROM MIGRAD    STATUS=INITIATE       22 CALLS        2828 TOTAL
                     EDM= unknown      STRATEGY= 1      NO ERROR MATRIX       
  EXT PARAMETER               CURRENT GUESS       STEP         FIRST   
  NO.   NAME      VALUE            ERROR          SIZE      DERIVATIVE 
   1  N0           3.16119e+06   3.28292e+02   3.28292e+02   6.96772e-04
   2  tau          6.43989e+01   constant   
   3  A0           3.42737e-01   1.44234e-04   1.44234e-04   6.09650e+02
   4  phi          4.11812e+00   3.92038e-04   3.92038e-04   1.29137e+03
   5  R           -6.14725e+01   constant   
   6  alpha_CBO    5.56775e-03   1.43453e-04   1.43453e-04  -6.23634e+02
   7  w_CBO        2.32500e+00   constant   
   8  beta_CBO    -1.70515e-04   1.42880e-04   5.48103e-07  -1.89791e+00
   9  alpha_2CBO   1.14924e-04   1.42128e-04   5.39637e-07  -1.45457e+00
  10  beta_2CBO    1.50697e-04     fixed    
  11  alpha_y      0.00000e+00     fixed    
  12  w_y          1.38860e+01   constant   
  13  beta_y       7.20408e-04     fixed    
  14  alpha_vw     0.00000e+00     fixed    
  15  w_vw         1.43404e+01   constant   
  16  beta_vw      0.00000e+00     fixed    
  17  LM          -2.06090e-04   constant   
  18  zeta_y       0.00000e+00   constant   
  19  zeta_vw      0.00000e+00   constant   
  20  T_CBO        1.31258e+01   2.57539e+00   5.63613e-06  -4.20010e-01
  21  alpha_A0     7.02335e-01   2.35145e+00   8.02540e-03   1.88582e-04
  22  beta_A0      4.96819e+00   8.16996e+00   7.79457e-03  -1.41816e-03
  23  alpha_phi    1.70785e+01   2.73881e+01   7.47647e-03  -3.60468e-05
  24  beta_phi     4.42376e+00   7.62367e+00   8.39290e-03   5.04526e-04
 MIGRAD MINIMIZATION HAS CONVERGED.
 MIGRAD WILL VERIFY CONVERGENCE AND ERROR MATRIX.
 FCN=63.2033 FROM HESSE     STATUS=NOT POSDEF    100 CALLS        3022 TOTAL
                     EDM=6.812e-05    STRATEGY= 1      ERR MATRIX NOT POS-DEF
  EXT PARAMETER                APPROXIMATE        STEP         FIRST   
  NO.   NAME      VALUE            ERROR          SIZE      DERIVATIVE 
   1  N0           3.16117e+06   3.27945e+02   1.50736e+00  -3.02333e-06
   2  tau          6.43989e+01   constant   
   3  A0           3.42731e-01   1.41023e-04   5.05758e-07   7.98045e+00
   4  phi          4.11803e+00   3.97628e-04   1.96363e-06  -3.86237e-02
   5  R           -6.14725e+01   constant   
   6  alpha_CBO    5.57187e-03   1.42992e-04   5.26301e-07  -1.11323e+01
   7  w_CBO        2.32500e+00   constant   
   8  beta_CBO    -1.77705e-04   1.45386e-04   5.47800e-07   1.47444e+00
   9  alpha_2CBO   1.18169e-04   1.42773e-04   5.39339e-07   1.45134e+01
  10  beta_2CBO    1.50697e-04     fixed    
  11  alpha_y      0.00000e+00     fixed    
  12  w_y          1.38860e+01   constant   
  13  beta_y       7.20408e-04     fixed    
  14  alpha_vw     0.00000e+00     fixed    
  15  w_vw         1.43404e+01   constant   
  16  beta_vw      0.00000e+00     fixed    
  17  LM          -2.06090e-04   constant   
  18  zeta_y       0.00000e+00   constant   
  19  zeta_vw      0.00000e+00   constant   
  20  T_CBO        1.31265e+01   2.45988e+00   5.63285e-06  -4.41220e-01
  21  alpha_A0     6.44328e-01   2.35077e+00   7.94519e-03  -4.27732e-04
  22  beta_A0      4.96339e+00   7.87174e+00   7.71682e-03   1.27980e-04
  23  alpha_phi    1.70862e+01   2.62285e+01   7.40185e-03  -8.80295e-04
  24  beta_phi     4.45395e+00   7.32219e+00   8.30885e-03  -4.41255e-04
 MIGRAD MINIMIZATION HAS CONVERGED.
 MIGRAD WILL VERIFY CONVERGENCE AND ERROR MATRIX.
 FCN=63.2026 FROM MIGRAD    STATUS=CONVERGED     442 CALLS        3248 TOTAL
                     EDM=4.94425e-06    STRATEGY= 1      ERR MATRIX NOT POS-DEF
  EXT PARAMETER                APPROXIMATE        STEP         FIRST   
  NO.   NAME      VALUE            ERROR          SIZE      DERIVATIVE 
   1  N0           3.16117e+06   3.27963e+02   1.50736e+00   3.17576e-06
   2  tau          6.43989e+01   constant   
   3  A0           3.42730e-01   1.41042e-04   5.05753e-07  -5.89303e+00
   4  phi          4.11802e+00   3.97736e-04   1.96363e-06  -4.06952e-01
   5  R           -6.14725e+01   constant   
   6  alpha_CBO    5.57164e-03   1.42999e-04   5.26298e-07   5.62567e+00
   7  w_CBO        2.32500e+00   constant   
   8  beta_CBO    -1.77582e-04   1.45392e-04   5.47797e-07  -1.19610e-01
   9  alpha_2CBO   1.18108e-04   1.42785e-04   5.39336e-07  -4.01366e+00
  10  beta_2CBO    1.50697e-04     fixed    
  11  alpha_y      0.00000e+00     fixed    
  12  w_y          1.38860e+01   constant   
  13  beta_y       7.20408e-04     fixed    
  14  alpha_vw     0.00000e+00     fixed    
  15  w_vw         1.43404e+01   constant   
  16  beta_vw      0.00000e+00     fixed    
  17  LM          -2.06090e-04   constant   
  18  zeta_y       0.00000e+00   constant   
  19  zeta_vw      0.00000e+00   constant   
  20  T_CBO        1.29539e+01   2.39491e+00   5.52440e-06  -1.12536e+00
  21  alpha_A0     7.23491e-01   2.62559e+00   8.86910e-03  -1.14347e-04
  22  beta_A0      5.53460e+00   8.77347e+00   8.61271e-03  -2.46385e-04
  23  alpha_phi    1.90564e+01   2.92394e+01   8.26167e-03  -7.56672e-04
  24  beta_phi     4.97943e+00   8.18131e+00   9.27799e-03  -2.50259e-04
 EXTERNAL ERROR MATRIX.    NDIM=  25    NPAR= 11    ERR DEF=1
  1.076e+05 
  2.227e-03  1.989e-08 
 -2.262e-02  1.432e-09  1.582e-07 
  3.134e-03  5.122e-09 -6.979e-10  2.045e-08 
  1.456e-03  8.396e-10  9.927e-09  2.358e-10  2.114e-08 
 -1.846e-03 -3.610e-10 -3.184e-09  1.024e-09 -1.426e-09  2.039e-08 
 -1.242e+01  4.417e-05  2.268e-05  1.330e-05 -3.890e-06 -1.906e-06  5.736e+00 
  1.607e+01 -6.111e-05  6.533e-05 -8.109e-05 -2.709e-07  1.118e-05 -2.836e+00  6.894e+00 
  1.876e+02 -1.883e-04 -1.384e-04 -5.829e-05 -2.574e-05 -4.573e-05 -2.028e+01  1.013e+01  7.697e+01 
  3.129e+02 -5.889e-04 -3.571e-04 -1.411e-04  4.996e-05  7.993e-05 -6.982e+01  3.464e+01  2.467e+02  8.549e+02 
  6.945e+01 -6.985e-05 -1.688e-04 -1.103e-05  6.085e-05 -2.586e-06 -1.868e+01  8.636e+00  6.595e+01  2.271e+02  6.693e+01 
ERR MATRIX NOT POS-DEF
 PARAMETER  CORRELATION COEFFICIENTS  
       NO.  GLOBAL      1      3      4      6      8      9     20     21     22     23     24
        1  0.35808   1.000  0.048 -0.173  0.067  0.031 -0.039 -0.016  0.019  0.065  0.033  0.026
        3  0.40326   0.048  1.000  0.026  0.254  0.041 -0.018  0.131 -0.165 -0.152 -0.143 -0.061
        4  0.29907  -0.173  0.026  1.000 -0.012  0.172 -0.056  0.024  0.063 -0.040 -0.031 -0.052
        6  0.34330   0.067  0.254 -0.012  1.000  0.011  0.050  0.039 -0.216 -0.046 -0.034 -0.009
        8  0.27481   0.031  0.041  0.172  0.011  1.000 -0.069 -0.011 -0.001 -0.020  0.012  0.051
        9  0.26612  -0.039 -0.018 -0.056  0.050 -0.069  1.000 -0.006  0.030 -0.037  0.019 -0.002
       20  0.99778  -0.016  0.131  0.024  0.039 -0.011 -0.006  1.000 -0.451 -0.965 -0.997 -0.953
       21  0.50816   0.019 -0.165  0.063 -0.216 -0.001  0.030 -0.451  1.000  0.440  0.451  0.402
       22  0.96817   0.065 -0.152 -0.040 -0.046 -0.020 -0.037 -0.965  0.440  1.000  0.962  0.919
       23  0.99740   0.033 -0.143 -0.031 -0.034  0.012  0.019 -0.997  0.451  0.962  1.000  0.949
       24  0.95729   0.026 -0.061 -0.052 -0.009  0.051 -0.002 -0.953  0.402  0.919  0.949  1.000
 ERR MATRIX NOT POS-DEF
MINUIT - FIT ONLY 1-y
 **********
 **   51 **RES 
 **********
                   PARAMETER   16  beta_vw RESTORED TO VARIABLE.
                   PARAMETER   14  alpha_vw RESTORED TO VARIABLE.
                   PARAMETER   13  beta_y RESTORED TO VARIABLE.
                   PARAMETER   11  alpha_y RESTORED TO VARIABLE.
                   PARAMETER   10  beta_2CBO RESTORED TO VARIABLE.
 **********
 **   52 **FIX            0
 **********
 PARAMETER    0  IS UNDEFINED. IGNORED.
 **********
 **   53 **FIX            1
 **********
 **********
 **   54 **FIX            2
 **********
 PARAMETER    2  IS CONSTANT.   IGNORED.
 **********
 **   55 **FIX            3
 **********
 **********
 **   56 **FIX            4
 **********
 **********
 **   57 **FIX            5
 **********
 PARAMETER    5  IS CONSTANT.   IGNORED.
 **********
 **   58 **FIX            6
 **********
 **********
 **   59 **FIX            7
 **********
 PARAMETER    7  IS CONSTANT.   IGNORED.
 **********
 **   60 **FIX            8
 **********
 **********
 **   61 **FIX            9
 **********
 **********
 **   62 **FIX           13
 **********
 **********
 **   63 **FIX           14
 **********
 **********
 **   64 **FIX           15
 **********
 PARAMETER   15  IS CONSTANT.   IGNORED.
 **********
 **   65 **FIX           16
 **********
 **********
 **   66 **MIGRAD
 **********
 START MIGRAD MINIMIZATION.  STRATEGY  1.  CONVERGENCE WHEN EDM .LT. 1.00e-04
 FCN=63.2026 FROM MIGRAD    STATUS=INITIATE       16 CALLS        3264 TOTAL
                     EDM= unknown      STRATEGY= 1      NO ERROR MATRIX       
  EXT PARAMETER               CURRENT GUESS       STEP         FIRST   
  NO.   NAME      VALUE            ERROR          SIZE      DERIVATIVE 
   1  N0           3.16117e+06     fixed    
   2  tau          6.43989e+01   constant   
   3  A0           3.42730e-01     fixed    
   4  phi          4.11802e+00     fixed    
   5  R           -6.14725e+01   constant   
   6  alpha_CBO    5.57164e-03     fixed    
   7  w_CBO        2.32500e+00   constant   
   8  beta_CBO    -1.77582e-04     fixed    
   9  alpha_2CBO   1.18108e-04     fixed    
  10  beta_2CBO    1.50697e-04   1.39162e-04   1.39162e-04   6.23907e+02
  11  alpha_y      0.00000e+00   1.00000e-03   1.00000e-03   1.67169e+04
  12  w_y          1.38860e+01   constant   
  13  beta_y       7.20408e-04     fixed    
  14  alpha_vw     0.00000e+00     fixed    
  15  w_vw         1.43404e+01   constant   
  16  beta_vw      0.00000e+00     fixed    
  17  LM          -2.06090e-04   constant   
  18  zeta_y       0.00000e+00   constant   
  19  zeta_vw      0.00000e+00   constant   
  20  T_CBO        1.29539e+01   2.39491e+00   5.52440e-06  -1.12451e+00
  21  alpha_A0     7.23491e-01   2.62559e+00   8.86910e-03  -1.14323e-04
  22  beta_A0      5.53460e+00   8.77347e+00   8.61271e-03  -2.46387e-04
  23  alpha_phi    1.90564e+01   2.92394e+01   8.26167e-03  -7.56671e-04
  24  beta_phi     4.97943e+00   8.18131e+00   9.27799e-03  -2.50258e-04
 MIGRAD MINIMIZATION HAS CONVERGED.
 MIGRAD WILL VERIFY CONVERGENCE AND ERROR MATRIX.
 FCN=61.8662 FROM MIGRAD    STATUS=CONVERGED     113 CALLS        3361 TOTAL
                     EDM=8.09918e-06    STRATEGY= 1      ERR MATRIX NOT POS-DEF
  EXT PARAMETER                APPROXIMATE        STEP         FIRST   
  NO.   NAME      VALUE            ERROR          SIZE      DERIVATIVE 
   1  N0           3.16117e+06     fixed    
   2  tau          6.43989e+01   constant   
   3  A0           3.42730e-01     fixed    
   4  phi          4.11802e+00     fixed    
   5  R           -6.14725e+01   constant   
   6  alpha_CBO    5.57164e-03     fixed    
   7  w_CBO        2.32500e+00   constant   
   8  beta_CBO    -1.77582e-04     fixed    
   9  alpha_2CBO   1.18108e-04     fixed    
  10  beta_2CBO    1.47137e-04   1.39500e-04   5.28560e-07   1.86147e+01
  11  alpha_y     -1.59749e-04   1.38083e-04   5.35053e-07  -5.87988e-01
  12  w_y          1.38860e+01   constant   
  13  beta_y       7.20408e-04     fixed    
  14  alpha_vw     0.00000e+00     fixed    
  15  w_vw         1.43404e+01   constant   
  16  beta_vw      0.00000e+00     fixed    
  17  LM          -2.06090e-04   constant   
  18  zeta_y       0.00000e+00   constant   
  19  zeta_vw      0.00000e+00   constant   
  20  T_CBO        1.29551e+01   2.51568e+00   5.45158e-06  -5.92135e-01
  21  alpha_A0     7.45508e-01   2.59707e+00   8.75807e-03  -1.35193e-03
  22  beta_A0      5.48897e+00   9.05451e+00   8.50480e-03   3.25824e-04
  23  alpha_phi    1.90956e+01   3.06956e+01   8.15815e-03  -3.69634e-04
  24  beta_phi     4.93353e+00   8.52666e+00   9.16167e-03  -4.72958e-04
 EXTERNAL ERROR MATRIX.    NDIM=  25    NPAR=  7    ERR DEF=1
  1.946e-08 -2.824e-10 -5.297e-06  4.125e-05  2.505e-05  6.157e-05  7.304e-05 
 -2.824e-10  1.907e-08 -2.520e-07 -4.340e-06  5.698e-06 -3.193e-06  3.715e-06 
 -5.297e-06 -2.520e-07  6.330e+00 -3.121e+00 -2.210e+01 -7.704e+01 -2.058e+01 
  4.125e-05 -4.340e-06 -3.121e+00  6.745e+00  1.095e+01  3.806e+01  9.920e+00 
  2.505e-05  5.698e-06 -2.210e+01  1.095e+01  8.198e+01  2.687e+02  7.196e+01 
  6.157e-05 -3.193e-06 -7.704e+01  3.806e+01  2.687e+02  9.422e+02  2.504e+02 
  7.304e-05  3.715e-06 -2.058e+01  9.920e+00  7.196e+01  2.504e+02  7.270e+01 
ERR MATRIX NOT POS-DEF
 PARAMETER  CORRELATION COEFFICIENTS  
       NO.  GLOBAL     10     11     20     21     22     23     24
       10  0.21200   1.000 -0.015 -0.015  0.114  0.020  0.014  0.061
       11  0.03396  -0.015  1.000 -0.001 -0.012  0.005 -0.001  0.003
       20  0.99800  -0.015 -0.001  1.000 -0.478 -0.970 -0.998 -0.959
       21  0.49280   0.114 -0.012 -0.478  1.000  0.465  0.477  0.448
       22  0.97019   0.020  0.005 -0.970  0.465  1.000  0.967  0.932
       23  0.99765   0.014 -0.001 -0.998  0.477  0.967  1.000  0.957
       24  0.96080   0.061  0.003 -0.959  0.448  0.932  0.957  1.000
 ERR MATRIX NOT POS-DEF
MINUIT - FIT ONLY 2-y
 **********
 **   67 **RES 
 **********
                   PARAMETER   16  beta_vw RESTORED TO VARIABLE.
                   PARAMETER   14  alpha_vw RESTORED TO VARIABLE.
                   PARAMETER   13  beta_y RESTORED TO VARIABLE.
                   PARAMETER    9  alpha_2CBO RESTORED TO VARIABLE.
                   PARAMETER    8  beta_CBO RESTORED TO VARIABLE.
                   PARAMETER    6  alpha_CBO RESTORED TO VARIABLE.
                   PARAMETER    4  phi RESTORED TO VARIABLE.
                   PARAMETER    3  A0 RESTORED TO VARIABLE.
                   PARAMETER    1  N0 RESTORED TO VARIABLE.
 **********
 **   68 **FIX            0
 **********
 PARAMETER    0  IS UNDEFINED. IGNORED.
 **********
 **   69 **FIX            1
 **********
 **********
 **   70 **FIX            2
 **********
 PARAMETER    2  IS CONSTANT.   IGNORED.
 **********
 **   71 **FIX            3
 **********
 **********
 **   72 **FIX            4
 **********
 **********
 **   73 **FIX            5
 **********
 PARAMETER    5  IS CONSTANT.   IGNORED.
 **********
 **   74 **FIX            6
 **********
 **********
 **   75 **FIX            7
 **********
 PARAMETER    7  IS CONSTANT.   IGNORED.
 **********
 **   76 **FIX            8
 **********
 **********
 **   77 **FIX            9
 **********
 **********
 **   78 **FIX           10
 **********
 **********
 **   79 **FIX           11
 **********
 **********
 **   80 **FIX           12
 **********
 PARAMETER   12  IS CONSTANT.   IGNORED.
 **********
 **   81 **FIX           16
 **********
 **********
 **   82 **MIGRAD
 **********
 START MIGRAD MINIMIZATION.  STRATEGY  1.  CONVERGENCE WHEN EDM .LT. 1.00e-04
 FCN=61.8662 FROM MIGRAD    STATUS=INITIATE       16 CALLS        3377 TOTAL
                     EDM= unknown      STRATEGY= 1      NO ERROR MATRIX       
  EXT PARAMETER               CURRENT GUESS       STEP         FIRST   
  NO.   NAME      VALUE            ERROR          SIZE      DERIVATIVE 
   1  N0           3.16117e+06     fixed    
   2  tau          6.43989e+01   constant   
   3  A0           3.42730e-01     fixed    
   4  phi          4.11802e+00     fixed    
   5  R           -6.14725e+01   constant   
   6  alpha_CBO    5.57164e-03     fixed    
   7  w_CBO        2.32500e+00   constant   
   8  beta_CBO    -1.77582e-04     fixed    
   9  alpha_2CBO   1.18108e-04     fixed    
  10  beta_2CBO    1.47137e-04     fixed    
  11  alpha_y     -1.59749e-04     fixed    
  12  w_y          1.38860e+01   constant   
  13  beta_y       7.20408e-04   1.35754e-04   1.35754e-04   9.05950e+01
  14  alpha_vw     0.00000e+00   1.00000e-03   1.00000e-03   3.56885e+04
  15  w_vw         1.43404e+01   constant   
