 + ++++++++++++++++++++++++++++++++++++++++++++++++++++++++++++++++++++ +
 +                                                                      +
 +           You have chose to blind your fitting according to          +
 +                omega_ref * (1 + (R +/- deltaR) *10^{-6})             +
 +                                                                      +
 + ++++++++++++++++++++++++++++++++++++++++++++++++++++++++++++++++++++ +
In main()...
reading format from /gm2data/zkhechad/run45/envelope/formats/formatB_sBin_constraintOn.txt
pBinTau 	= 0  
pBinPhi 	= 0  
constraintau 	= 1 
includeMopTerm 	= 0    
constrainMop    = 0   
Parameters after format file: pBinTau 0 pBinPhi 0 constraintau 1 includeMopTerm 0 constrainMop 0 c_e_scale 0.000000 
Opening file /gm2data/tbarrett/gm2fr/studies/run23_bunch_corrections/CorrectedFourier_Run3b.root.
reading full fit data from /gm2data/zkhechad/cboTemplates/Run4CBOTemplates/fullFits/noRF/sBin_constraintOn_cE0.0_seed0_noRF_calo7.root
windowBins = 69
fitting sliding window 980 from bin 1116 at 166.358000 to bin 1185 at 176.802000 (69 bins)

Reading data from /gm2data/cornell/histograms/aMethod/histogram_a_noRF.root
 **********
 **    1 **SET PRINTOUT            1
 **********
 **********
 **    2 **SET NOWARNINGS 
 **********
 PARAMETER DEFINITIONS:
    NO.   NAME         VALUE      STEP SIZE      LIMITS
     1 N0           3.03443e+06  1.00000e+02     no limits
     2 tau          6.44117e+01  constant
     3 A0           3.50188e-01  1.00000e-04     no limits
     4 phi          4.11726e+00  1.00000e-02     no limits
     5 R           -6.15857e+01  constant
     6 alpha_CBO    0.00000e+00  1.00000e-03     no limits
     7 w_CBO        2.32500e+00  constant
     8 beta_CBO     0.00000e+00  1.00000e-03     no limits
     9 alpha_2CBO   0.00000e+00  1.00000e-03     no limits
    10 beta_2CBO    0.00000e+00  1.00000e-03     no limits
    11 alpha_y      0.00000e+00  1.00000e-03     no limits
    12 w_y          1.38860e+01  constant
    13 beta_y       0.00000e+00  1.00000e-03     no limits
    14 alpha_vw     0.00000e+00  1.00000e-03     no limits
    15 w_vw         1.43404e+01  constant
    16 beta_vw      0.00000e+00  1.00000e-03     no limits
    17 LM           1.09700e-04  constant
    18 zeta_y       0.00000e+00  constant
    19 zeta_vw      0.00000e+00  constant
    20 T_CBO        1.00000e+02  1.00000e+00    0.00000e+00  1.00000e+03
    21 alpha_A0     0.00000e+00  1.00000e-04   -1.00000e-02  1.00000e-02
    22 beta_A0      0.00000e+00  1.00000e-04   -1.00000e-02  1.00000e-02
    23 alpha_phi    0.00000e+00  1.00000e-04   -1.00000e-02  1.00000e-02
    24 beta_phi     0.00000e+00  1.00000e-04   -1.00000e-02  1.00000e-02
MINUIT - FIT ONLY WIGGLE
 **********
 **    3 **FIX            5
 **********
 PARAMETER    5  IS CONSTANT.   IGNORED.
 **********
 **    4 **FIX            6
 **********
 **********
 **    5 **FIX            7
 **********
 PARAMETER    7  IS CONSTANT.   IGNORED.
 **********
 **    6 **FIX            8
 **********
 **********
 **    7 **FIX            9
 **********
 **********
 **    8 **FIX           10
 **********
 **********
 **    9 **FIX           11
 **********
 **********
 **   10 **FIX           12
 **********
 PARAMETER   12  IS CONSTANT.   IGNORED.
 **********
 **   11 **FIX           13
 **********
 **********
 **   12 **FIX           14
 **********
 **********
 **   13 **FIX           15
 **********
 PARAMETER   15  IS CONSTANT.   IGNORED.
 **********
 **   14 **FIX           16
 **********
 **********
 **   15 **MIGRAD
 **********
 FIRST CALL TO USER FUNCTION AT NEW START POINT, WITH IFLAG=4.
 START MIGRAD MINIMIZATION.  STRATEGY  1.  CONVERGENCE WHEN EDM .LT. 1.00e-04
 FCN=484.847 FROM MIGRAD    STATUS=INITIATE      437 CALLS         438 TOTAL
                     EDM= unknown      STRATEGY= 1      NO ERROR MATRIX       
  EXT PARAMETER               CURRENT GUESS       STEP         FIRST   
  NO.   NAME      VALUE            ERROR          SIZE      DERIVATIVE 
   1  N0           3.03443e+06   1.00000e+02   0.00000e+00   4.51096e-03
   2  tau          6.44117e+01   constant   
   3  A0           3.50188e-01   1.00000e-04   0.00000e+00   4.90083e+04
   4  phi          4.11726e+00   1.00000e-02   0.00000e+00  -1.06009e+04
   5  R           -6.15857e+01   constant   
   6  alpha_CBO    0.00000e+00     fixed    
   7  w_CBO        2.32500e+00   constant   
   8  beta_CBO     0.00000e+00     fixed    
   9  alpha_2CBO   0.00000e+00     fixed    
  10  beta_2CBO    0.00000e+00     fixed    
  11  alpha_y      0.00000e+00     fixed    
  12  w_y          1.38860e+01   constant   
  13  beta_y       0.00000e+00     fixed    
  14  alpha_vw     0.00000e+00     fixed    
  15  w_vw         1.43404e+01   constant   
  16  beta_vw      0.00000e+00     fixed    
  17  LM           1.09700e-04   constant   
  18  zeta_y       0.00000e+00   constant   
  19  zeta_vw      0.00000e+00   constant   
  20  T_CBO        1.00000e+02   1.00000e+00   0.00000e+00   0.00000e+00
  21  alpha_A0     0.00000e+00   1.00000e-04   0.00000e+00   5.72289e+00
  22  beta_A0      0.00000e+00   1.00000e-04   0.00000e+00  -1.17512e+01
  23  alpha_phi    0.00000e+00   1.00000e-04   0.00000e+00  -1.04146e+01
  24  beta_phi     0.00000e+00   1.00000e-04   0.00000e+00  -1.16931e+01
 MIGRAD MINIMIZATION HAS CONVERGED.
 FCN=411.384 FROM MIGRAD    STATUS=CONVERGED     649 CALLS         650 TOTAL
                     EDM=7.6248e-06    STRATEGY= 1  ERROR MATRIX UNCERTAINTY   1.0 per cent
  EXT PARAMETER                                   STEP         FIRST   
  NO.   NAME      VALUE            ERROR          SIZE      DERIVATIVE 
   1  N0           3.03367e+06   4.92338e+02  -1.05721e-02   2.65477e-06
   2  tau          6.44117e+01   constant   
   3  A0           3.48990e-01   2.05196e-04  -1.06127e-07  -1.94430e+00
   4  phi          4.11999e+00   6.22680e-04  -8.33840e-07  -2.51958e+00
   5  R           -6.15857e+01   constant   
   6  alpha_CBO    0.00000e+00     fixed    
   7  w_CBO        2.32500e+00   constant   
   8  beta_CBO     0.00000e+00     fixed    
   9  alpha_2CBO   0.00000e+00     fixed    
  10  beta_2CBO    0.00000e+00     fixed    
  11  alpha_y      0.00000e+00     fixed    
  12  w_y          1.38860e+01   constant   
  13  beta_y       0.00000e+00     fixed    
  14  alpha_vw     0.00000e+00     fixed    
  15  w_vw         1.43404e+01   constant   
  16  beta_vw      0.00000e+00     fixed    
  17  LM           1.09700e-04   constant   
  18  zeta_y       0.00000e+00   constant   
  19  zeta_vw      0.00000e+00   constant   
  20  T_CBO        1.49509e+02   2.71053e+01   1.14768e-05   1.47851e-02
  21  alpha_A0    -7.52333e-03   2.97425e-03  -1.33588e-03  -5.73013e-03
  22  beta_A0      9.99313e-03   1.66703e-03   1.25661e-03  -7.50605e-03
  23  alpha_phi    9.99953e-03   1.25294e-03   5.30672e-04  -3.20794e-03
  24  beta_phi     4.60520e-03   2.76154e-03   4.82300e-04   4.84395e-03
 EXTERNAL ERROR MATRIX.    NDIM=  25    NPAR=  8    ERR DEF=1
  2.424e+05  9.930e-03  2.748e-02  2.513e+03  3.441e-01 -3.498e-05  3.311e-04 -3.325e-01 
  9.930e-03  4.211e-08 -1.195e-08 -2.903e-04  5.021e-08 -3.299e-09 -7.380e-10  3.805e-08 
  2.748e-02 -1.195e-08  3.877e-07  1.967e-03 -3.635e-08 -2.715e-08 -1.978e-09 -1.663e-07 
  2.513e+03 -2.903e-04  1.967e-03  7.361e+02  3.483e-02  3.787e-04  5.897e-05 -3.330e-02 
  3.441e-01  5.021e-08 -3.635e-08  3.483e-02  9.523e-06 -2.084e-07 -2.427e-08 -1.129e-06 
 -3.498e-05 -3.299e-09 -2.715e-08  3.787e-04 -2.084e-07  4.717e-08  1.438e-09  1.156e-07 
  3.311e-04 -7.380e-10 -1.978e-09  5.897e-05 -2.427e-08  1.438e-09  2.428e-09  5.896e-09 
 -3.325e-01  3.805e-08 -1.663e-07 -3.330e-02 -1.129e-06  1.156e-07  5.896e-09  7.886e-06 
 PARAMETER  CORRELATION COEFFICIENTS  
       NO.  GLOBAL      1      3      4     20     21     22     23     24
        1  0.36974   1.000  0.098  0.090  0.188  0.226 -0.000  0.014 -0.240
        3  0.21485   0.098  1.000 -0.094 -0.052  0.079 -0.074 -0.073  0.066
        4  0.33629   0.090 -0.094  1.000  0.116 -0.019 -0.201 -0.064 -0.095
       20  0.65403   0.188 -0.052  0.116  1.000  0.416  0.064  0.044 -0.437
       21  0.62109   0.226  0.079 -0.019  0.416  1.000 -0.311 -0.160 -0.130
       22  0.53261  -0.000 -0.074 -0.201  0.064 -0.311  1.000  0.134  0.190
       23  0.24844   0.014 -0.073 -0.064  0.044 -0.160  0.134  1.000  0.043
       24  0.55472  -0.240  0.066 -0.095 -0.437 -0.130  0.190  0.043  1.000
MINUIT - FIT ONLY 1-CBO + wiggle
 **********
 **   16 **RES 
 **********
                   PARAMETER   16  beta_vw RESTORED TO VARIABLE.
                   PARAMETER   14  alpha_vw RESTORED TO VARIABLE.
                   PARAMETER   13  beta_y RESTORED TO VARIABLE.
                   PARAMETER   11  alpha_y RESTORED TO VARIABLE.
                   PARAMETER   10  beta_2CBO RESTORED TO VARIABLE.
                   PARAMETER    9  alpha_2CBO RESTORED TO VARIABLE.
                   PARAMETER    8  beta_CBO RESTORED TO VARIABLE.
                   PARAMETER    6  alpha_CBO RESTORED TO VARIABLE.
 **********
 **   17 **FIX            8
 **********
 **********
 **   18 **FIX            9
 **********
 **********
 **   19 **FIX           11
 **********
 **********
 **   20 **FIX           12
 **********
 PARAMETER   12  IS CONSTANT.   IGNORED.
 **********
 **   21 **FIX           14
 **********
 **********
 **   22 **FIX           15
 **********
 PARAMETER   15  IS CONSTANT.   IGNORED.
 **********
 **   23 **FIX           16
 **********
 **********
 **   24 **MIGRAD
 **********
 START MIGRAD MINIMIZATION.  STRATEGY  1.  CONVERGENCE WHEN EDM .LT. 1.00e-04
 FCN=411.383 FROM MIGRAD    STATUS=INITIATE       61 CALLS         711 TOTAL
                     EDM= unknown      STRATEGY= 1      NO ERROR MATRIX       
  EXT PARAMETER               CURRENT GUESS       STEP         FIRST   
  NO.   NAME      VALUE            ERROR          SIZE      DERIVATIVE 
   1  N0           3.03367e+06   4.92338e+02   0.00000e+00   1.87896e-05
   2  tau          6.44117e+01   constant   
   3  A0           3.48990e-01   2.05196e-04   0.00000e+00  -3.25872e+00
   4  phi          4.11999e+00   6.22680e-04   0.00000e+00   7.74703e+00
   5  R           -6.15857e+01   constant   
   6  alpha_CBO    0.00000e+00   1.00000e-03   0.00000e+00  -5.02653e+04
   7  w_CBO        2.32500e+00   constant   
   8  beta_CBO     0.00000e+00     fixed    
   9  alpha_2CBO   0.00000e+00     fixed    
  10  beta_2CBO    0.00000e+00   1.00000e-03   0.00000e+00   3.88136e+03
  11  alpha_y      0.00000e+00     fixed    
  12  w_y          1.38860e+01   constant   
  13  beta_y       0.00000e+00   1.00000e-03   0.00000e+00  -1.19797e+04
  14  alpha_vw     0.00000e+00     fixed    
  15  w_vw         1.43404e+01   constant   
  16  beta_vw      0.00000e+00     fixed    
  17  LM           1.09700e-04   constant   
  18  zeta_y       0.00000e+00   constant   
  19  zeta_vw      0.00000e+00   constant   
  20  T_CBO        1.49509e+02   2.71053e+01   0.00000e+00  -5.57549e-01
  21  alpha_A0    -7.52333e-03   2.97425e-03   0.00000e+00  -9.78302e-03
  22  beta_A0      9.90101e-03   1.66703e-03  -1.03746e-01  -2.52311e-03
  23  alpha_phi    9.99953e-03   1.25294e-03   0.00000e+00  -3.00420e-03
  24  beta_phi     4.60520e-03   2.76154e-03   0.00000e+00  -6.37803e-03
 MIGRAD MINIMIZATION HAS CONVERGED.
 FCN=372.929 FROM MIGRAD    STATUS=CONVERGED     295 CALLS         945 TOTAL
                     EDM=8.82461e-06    STRATEGY= 1  ERROR MATRIX UNCERTAINTY   2.0 per cent
  EXT PARAMETER                                   STEP         FIRST   
  NO.   NAME      VALUE            ERROR          SIZE      DERIVATIVE 
   1  N0           3.03370e+06   5.00374e+02  -1.21646e+00  -5.48706e-06
   2  tau          6.44117e+01   constant   
   3  A0           3.49058e-01   2.08893e-04  -2.02560e-07   4.19092e-01
   4  phi          4.12068e+00   6.20032e-04   1.63862e-06   6.17873e-01
   5  R           -6.15857e+01   constant   
   6  alpha_CBO    1.44515e-03   2.39068e-04   4.11584e-07  -1.64460e+00
   7  w_CBO        2.32500e+00   constant   
   8  beta_CBO     0.00000e+00     fixed    
   9  alpha_2CBO   0.00000e+00     fixed    
  10  beta_2CBO   -1.18331e-04   2.31803e-04   1.00508e-06  -6.19893e+00
  11  alpha_y      0.00000e+00     fixed    
  12  w_y          1.38860e+01   constant   
  13  beta_y       3.12508e-04   2.25214e-04  -5.49070e-07   2.52671e+00
  14  alpha_vw     0.00000e+00     fixed    
  15  w_vw         1.43404e+01   constant   
  16  beta_vw      0.00000e+00     fixed    
  17  LM           1.09700e-04   constant   
  18  zeta_y       0.00000e+00   constant   
  19  zeta_vw      0.00000e+00   constant   
  20  T_CBO        1.97360e+02   4.85269e+01   2.17027e-04  -3.00109e-02
  21  alpha_A0    -4.74960e-03   2.45858e-03  -9.46689e-05   1.14835e-02
  22  beta_A0      7.63741e-03   2.54552e-03   2.82212e-03   2.07309e-03
  23  alpha_phi    9.99999e-03   1.90021e-02   2.24639e-03   1.20094e-04
  24  beta_phi     3.80513e-03   2.30611e-03  -8.73512e-05  -1.92565e-02
 EXTERNAL ERROR MATRIX.    NDIM=  25    NPAR= 11    ERR DEF=1
  2.504e+05 
  8.806e-03  4.364e-08 
  3.071e-02 -2.329e-09  3.844e-07 
 -2.421e-04  2.606e-09  2.692e-08  5.715e-08 
 -6.816e-04  2.487e-09  1.198e-10 -5.669e-10  5.373e-08 
 -8.520e-04 -1.032e-10  1.666e-09  4.492e-10 -2.444e-10  5.072e-08 
  9.275e+02 -1.559e-03  4.085e-03  1.830e-03 -1.952e-03  3.215e-04  2.367e+03 
  2.261e-01  1.979e-08 -2.602e-08  7.999e-08 -2.149e-08  1.076e-08  4.379e-02  6.209e-06 
  1.244e-01  4.453e-08  1.351e-08 -5.767e-08  1.018e-07  2.500e-09 -6.880e-02 -1.087e-06  6.847e-06 
  4.940e-04 -2.665e-11  7.049e-12  5.551e-11 -1.999e-10  6.787e-11  3.820e-05  1.623e-08  6.571e-09  1.329e-09 
 -2.612e-01  3.983e-08 -8.265e-08 -1.223e-08  7.841e-08 -2.219e-08 -5.232e-02 -1.081e-06  9.590e-07  2.319e-09  5.432e-06 
 PARAMETER  CORRELATION COEFFICIENTS  
       NO.  GLOBAL      1      3      4      6     10     13     20     21     22     23     24
        1  0.33722   1.000  0.084  0.099 -0.002 -0.006 -0.008  0.038  0.181  0.095  0.027 -0.224
        3  0.21396   0.084  1.000 -0.018  0.052  0.051 -0.002 -0.153  0.038  0.081 -0.003  0.082
        4  0.27077   0.099 -0.018  1.000  0.182  0.001  0.012  0.135 -0.017  0.008  0.000 -0.057
        6  0.26364  -0.002  0.052  0.182  1.000 -0.010  0.008  0.157  0.134 -0.092  0.006 -0.022
       10  0.21879  -0.006  0.051  0.001 -0.010  1.000 -0.005 -0.173 -0.037  0.168 -0.024  0.145
       13  0.05423  -0.008 -0.002  0.012  0.008 -0.005  1.000  0.029  0.019  0.004  0.008 -0.042
       20  0.71806   0.038 -0.153  0.135  0.157 -0.173  0.029  1.000  0.361 -0.540  0.022 -0.461
       21  0.45606   0.181  0.038 -0.017  0.134 -0.037  0.019  0.361  1.000 -0.167  0.179 -0.186
       22  0.57556   0.095  0.081  0.008 -0.092  0.168  0.004 -0.540 -0.167  1.000  0.069  0.157
       23  0.21763   0.027 -0.003  0.000  0.006 -0.024  0.008  0.022  0.179  0.069  1.000  0.027
       24  0.52424  -0.224  0.082 -0.057 -0.022  0.145 -0.042 -0.461 -0.186  0.157  0.027  1.000
MINUIT - FIT ONLY 2-CBO
 **********
 **   25 **RES 
 **********
                   PARAMETER   16  beta_vw RESTORED TO VARIABLE.
                   PARAMETER   14  alpha_vw RESTORED TO VARIABLE.
                   PARAMETER   11  alpha_y RESTORED TO VARIABLE.
                   PARAMETER    9  alpha_2CBO RESTORED TO VARIABLE.
                   PARAMETER    8  beta_CBO RESTORED TO VARIABLE.
 **********
 **   26 **FIX            0
 **********
 PARAMETER    0  IS UNDEFINED. IGNORED.
 **********
 **   27 **FIX            1
 **********
 **********
 **   28 **FIX            2
 **********
 PARAMETER    2  IS CONSTANT.   IGNORED.
 **********
 **   29 **FIX            3
 **********
 **********
 **   30 **FIX            4
 **********
 **********
 **   31 **FIX            5
 **********
 PARAMETER    5  IS CONSTANT.   IGNORED.
 **********
 **   32 **FIX            6
 **********
 **********
 **   33 **FIX            7
 **********
 PARAMETER    7  IS CONSTANT.   IGNORED.
 **********
 **   34 **FIX           10
 **********
 **********
 **   35 **FIX           11
 **********
 **********
 **   36 **FIX           12
 **********
 PARAMETER   12  IS CONSTANT.   IGNORED.
 **********
 **   37 **FIX           13
 **********
 **********
 **   38 **FIX           14
 **********
 **********
 **   39 **FIX           15
 **********
 PARAMETER   15  IS CONSTANT.   IGNORED.
 **********
 **   40 **FIX           16
 **********
 **********
 **   41 **MIGRAD
 **********
 START MIGRAD MINIMIZATION.  STRATEGY  1.  CONVERGENCE WHEN EDM .LT. 1.00e-04
 FCN=372.929 FROM MIGRAD    STATUS=INITIATE       18 CALLS         963 TOTAL
                     EDM= unknown      STRATEGY= 1      NO ERROR MATRIX       
  EXT PARAMETER               CURRENT GUESS       STEP         FIRST   
  NO.   NAME      VALUE            ERROR          SIZE      DERIVATIVE 
   1  N0           3.03370e+06     fixed    
   2  tau          6.44117e+01   constant   
   3  A0           3.49058e-01     fixed    
   4  phi          4.12068e+00     fixed    
   5  R           -6.15857e+01   constant   
   6  alpha_CBO    1.44515e-03     fixed    
   7  w_CBO        2.32500e+00   constant   
   8  beta_CBO     0.00000e+00   1.00000e-03   1.00000e-03   1.51134e+05
   9  alpha_2CBO   0.00000e+00   1.00000e-03   1.00000e-03  -1.93878e+04
  10  beta_2CBO   -1.18331e-04     fixed    
  11  alpha_y      0.00000e+00     fixed    
  12  w_y          1.38860e+01   constant   
  13  beta_y       3.12508e-04     fixed    
  14  alpha_vw     0.00000e+00     fixed    
  15  w_vw         1.43404e+01   constant   
  16  beta_vw      0.00000e+00     fixed    
  17  LM           1.09700e-04   constant   
  18  zeta_y       0.00000e+00   constant   
  19  zeta_vw      0.00000e+00   constant   
  20  T_CBO        1.97360e+02   4.85269e+01   2.17027e-04  -3.00109e-02
  21  alpha_A0    -4.74960e-03   2.45858e-03  -9.46689e-05   1.14835e-02
  22  beta_A0      7.63741e-03   2.54552e-03   2.82212e-03   2.07207e-03
  23  alpha_phi    9.99999e-03   1.90021e-02   2.24639e-03  -1.52521e-04
  24  beta_phi     3.80513e-03   2.30611e-03  -8.73512e-05  -1.92564e-02
 MIGRAD MINIMIZATION HAS CONVERGED.
 MIGRAD WILL VERIFY CONVERGENCE AND ERROR MATRIX.
 COVARIANCE MATRIX CALCULATED SUCCESSFULLY
 FCN=69.3123 FROM MIGRAD    STATUS=CONVERGED    1009 CALLS        1954 TOTAL
                     EDM=3.01843e-06    STRATEGY= 1      ERROR MATRIX ACCURATE 
  EXT PARAMETER                                   STEP         FIRST   
  NO.   NAME      VALUE            ERROR          SIZE      DERIVATIVE 
   1  N0           3.03370e+06     fixed    
   2  tau          6.44117e+01   constant   
   3  A0           3.49058e-01     fixed    
   4  phi          4.12068e+00     fixed    
   5  R           -6.15857e+01   constant   
   6  alpha_CBO    1.44515e-03     fixed    
   7  w_CBO        2.32500e+00   constant   
   8  beta_CBO    -3.97105e-03   2.29815e-04   9.13613e-07   3.22332e+00
   9  alpha_2CBO   3.58758e-04   2.33415e-04   9.32613e-07  -7.73363e-01
  10  beta_2CBO   -1.18331e-04     fixed    
  11  alpha_y      0.00000e+00     fixed    
  12  w_y          1.38860e+01   constant   
  13  beta_y       3.12508e-04     fixed    
  14  alpha_vw     0.00000e+00     fixed    
  15  w_vw         1.43404e+01   constant   
  16  beta_vw      0.00000e+00     fixed    
  17  LM           1.09700e-04   constant   
  18  zeta_y       0.00000e+00   constant   
  19  zeta_vw      0.00000e+00   constant   
  20  T_CBO        9.99997e+02   9.12411e+02   6.15768e-02  -3.19656e-05
  21  alpha_A0    -1.97986e-03   1.04652e-03   4.29564e-04   4.66340e-03
  22  beta_A0      6.51477e-04   1.08533e-03   4.36243e-04  -1.52693e-03
  23  alpha_phi    4.31135e-03   1.05572e-03   4.69657e-04  -1.77354e-02
  24  beta_phi    -6.19657e-04   9.50373e-04   3.79038e-04   2.86333e-03
 EXTERNAL ERROR MATRIX.    NDIM=  25    NPAR=  7    ERR DEF=1
  5.282e-08  2.244e-09  1.194e-06 -9.563e-10  3.822e-08  1.063e-08  3.771e-08 
  2.244e-09  5.448e-08  1.086e-06  3.127e-08 -2.356e-08  1.327e-08  3.209e-08 
  1.194e-06  1.086e-06  6.923e+02 -1.825e-03  5.857e-04  3.919e-03 -5.517e-04 
 -9.563e-10  3.127e-08 -1.825e-03  1.099e-06 -6.146e-08 -1.196e-07  9.328e-08 
  3.822e-08 -2.356e-08  5.857e-04 -6.146e-08  1.183e-06  1.048e-07 -3.699e-08 
  1.063e-08  1.327e-08  3.919e-03 -1.196e-07  1.048e-07  1.120e-06 -2.697e-08 
  3.771e-08  3.209e-08 -5.517e-04  9.328e-08 -3.699e-08 -2.697e-08  9.060e-07 
 PARAMETER  CORRELATION COEFFICIENTS  
       NO.  GLOBAL      8      9     20     21     22     23     24
        8  0.23928   1.000  0.042  0.000 -0.004  0.153  0.044  0.172
        9  0.21839   0.042  1.000  0.000  0.128 -0.093  0.054  0.144
       20  0.15058   0.000  0.000  1.000 -0.066  0.020  0.141 -0.022
       21  0.19528  -0.004  0.128 -0.066  1.000 -0.054 -0.108  0.093
       22  0.21024   0.153 -0.093  0.020 -0.054  1.000  0.091 -0.036
       23  0.20848   0.044  0.054  0.141 -0.108  0.091  1.000 -0.027
       24  0.24014   0.172  0.144 -0.022  0.093 -0.036 -0.027  1.000
MINUIT - FIT wiggle + 1-CBO + 2-CBO
 **********
 **   42 **RES 
 **********
                   PARAMETER   16  beta_vw RESTORED TO VARIABLE.
                   PARAMETER   14  alpha_vw RESTORED TO VARIABLE.
                   PARAMETER   13  beta_y RESTORED TO VARIABLE.
                   PARAMETER   11  alpha_y RESTORED TO VARIABLE.
                   PARAMETER   10  beta_2CBO RESTORED TO VARIABLE.
                   PARAMETER    6  alpha_CBO RESTORED TO VARIABLE.
                   PARAMETER    4  phi RESTORED TO VARIABLE.
                   PARAMETER    3  A0 RESTORED TO VARIABLE.
                   PARAMETER    1  N0 RESTORED TO VARIABLE.
 **********
 **   43 **FIX           10
 **********
 **********
 **   44 **FIX           11
 **********
 **********
 **   45 **FIX           12
 **********
 PARAMETER   12  IS CONSTANT.   IGNORED.
 **********
 **   46 **FIX           13
 **********
 **********
 **   47 **FIX           14
 **********
 **********
 **   48 **FIX           15
 **********
 PARAMETER   15  IS CONSTANT.   IGNORED.
 **********
 **   49 **FIX           16
 **********
 **********
 **   50 **MIGRAD
 **********
 START MIGRAD MINIMIZATION.  STRATEGY  1.  CONVERGENCE WHEN EDM .LT. 1.00e-04
 FCN=69.3123 FROM MIGRAD    STATUS=INITIATE       22 CALLS        1976 TOTAL
                     EDM= unknown      STRATEGY= 1      NO ERROR MATRIX       
  EXT PARAMETER               CURRENT GUESS       STEP         FIRST   
  NO.   NAME      VALUE            ERROR          SIZE      DERIVATIVE 
   1  N0           3.03370e+06   5.00374e+02   5.00374e+02  -2.37904e-03
   2  tau          6.44117e+01   constant   
   3  A0           3.49058e-01   2.08893e-04   2.08893e-04  -3.21420e+04
   4  phi          4.12068e+00   6.20032e-04   6.20032e-04   8.15997e+03
   5  R           -6.15857e+01   constant   
   6  alpha_CBO    1.44515e-03   2.39068e-04   2.39068e-04  -5.88548e+02
   7  w_CBO        2.32500e+00   constant   
   8  beta_CBO    -3.97105e-03   2.29815e-04   9.13613e-07   3.22332e+00
   9  alpha_2CBO   3.58758e-04   2.33415e-04   9.32613e-07  -7.73359e-01
  10  beta_2CBO   -1.18331e-04     fixed    
  11  alpha_y      0.00000e+00     fixed    
  12  w_y          1.38860e+01   constant   
  13  beta_y       3.12508e-04     fixed    
  14  alpha_vw     0.00000e+00     fixed    
  15  w_vw         1.43404e+01   constant   
  16  beta_vw      0.00000e+00     fixed    
  17  LM           1.09700e-04   constant   
  18  zeta_y       0.00000e+00   constant   
  19  zeta_vw      0.00000e+00   constant   
  20  T_CBO        9.99997e+02   9.12411e+02   6.15768e-02  -3.22709e-05
  21  alpha_A0    -1.97986e-03   1.04652e-03   4.29564e-04   4.66641e-03
  22  beta_A0      6.51477e-04   1.08533e-03   4.36243e-04  -1.52787e-03
  23  alpha_phi    4.31135e-03   1.05572e-03   4.69657e-04  -1.77431e-02
  24  beta_phi    -6.19657e-04   9.50373e-04   3.79038e-04   2.86431e-03
 MIGRAD MINIMIZATION HAS CONVERGED.
 MIGRAD WILL VERIFY CONVERGENCE AND ERROR MATRIX.
 COVARIANCE MATRIX CALCULATED SUCCESSFULLY
 FCN=48.1069 FROM MIGRAD    STATUS=CONVERGED     276 CALLS        2230 TOTAL
                     EDM=6.84795e-07    STRATEGY= 1      ERROR MATRIX ACCURATE 
  EXT PARAMETER                                   STEP         FIRST   
  NO.   NAME      VALUE            ERROR          SIZE      DERIVATIVE 
   1  N0           3.03413e+06   1.41272e+00   1.65982e+00  -2.27738e-07
   2  tau          6.44117e+01   constant   
   3  A0           3.49863e-01   2.10879e-04   6.93564e-07  -2.11983e-01
   4  phi          4.11877e+00   6.51983e-04   2.12705e-06  -6.75540e-02
   5  R           -6.15857e+01   constant   
   6  alpha_CBO    1.40644e-03   2.39435e-04   7.89958e-07  -2.34142e+00
   7  w_CBO        2.32500e+00   constant   
   8  beta_CBO    -4.24824e-03   2.37318e-04   7.63430e-07  -1.46954e+00
   9  alpha_2CBO   3.85623e-04   2.33895e-04   7.79303e-07  -2.59420e+00
  10  beta_2CBO   -1.18331e-04     fixed    
  11  alpha_y      0.00000e+00     fixed    
  12  w_y          1.38860e+01   constant   
  13  beta_y       3.12508e-04     fixed    
  14  alpha_vw     0.00000e+00     fixed    
  15  w_vw         1.43404e+01   constant   
  16  beta_vw      0.00000e+00     fixed    
  17  LM           1.09700e-04   constant   
  18  zeta_y       0.00000e+00   constant   
  19  zeta_vw      0.00000e+00   constant   
  20  T_CBO        9.99886e+02   7.16248e+02   8.83844e-02   5.43374e-05
  21  alpha_A0    -1.16715e-03   1.05445e-03   3.53671e-04  -1.58614e-03
  22  beta_A0      8.04836e-05   1.09428e-03   3.63350e-04  -4.68783e-03
  23  alpha_phi    3.59325e-03   1.06640e-03   3.78659e-04   4.85444e-03
  24  beta_phi    -5.75191e-04   9.47080e-04   3.15936e-04  -2.26295e-03
 EXTERNAL ERROR MATRIX.    NDIM=  25    NPAR= 11    ERR DEF=1
  1.996e+00 
  1.289e-07  4.447e-08 
  3.262e-07 -1.498e-08  4.251e-07 
  6.775e-09  3.180e-09  2.645e-08  5.733e-08 
 -3.611e-08 -1.048e-08  2.463e-08  2.604e-10  5.632e-08 
  2.428e-08 -8.054e-10 -8.667e-09 -2.182e-09  1.996e-09  5.471e-08 
  1.019e-06  2.468e-07  1.968e-07 -7.664e-08 -5.586e-09  4.638e-08  2.273e+02 
  5.892e-07  2.310e-08 -7.395e-08  1.995e-08 -9.803e-09  3.146e-08 -4.831e-05  1.116e-06 
  5.814e-07 -1.642e-08  1.050e-07  4.533e-09  4.718e-08 -2.510e-08  3.219e-06 -8.273e-08  1.202e-06 
  3.578e-07 -2.568e-08  9.486e-08  4.024e-08  2.066e-08  1.076e-08  1.496e-04 -1.180e-07  1.296e-07  1.142e-06 
 -6.685e-07  9.915e-09 -6.563e-09  6.478e-09  3.463e-08  3.161e-08 -2.363e-05  9.889e-08 -3.965e-08 -2.612e-08  8.997e-07 
 PARAMETER  CORRELATION COEFFICIENTS  
       NO.  GLOBAL      1      3      4      6      8      9     20     21     22     23     24
        1  0.00102   1.000  0.000  0.000  0.000 -0.000  0.000  0.000  0.000  0.000  0.000 -0.000
        3  0.27587   0.000  1.000 -0.109  0.063 -0.210 -0.016  0.000  0.104 -0.071 -0.114  0.050
        4  0.30153   0.000 -0.109  1.000  0.169  0.159 -0.057  0.000 -0.107  0.147  0.136 -0.011
        6  0.26512   0.000  0.063  0.169  1.000  0.005 -0.039 -0.000  0.079  0.017  0.157  0.029
        8  0.34076  -0.000 -0.210  0.159  0.005  1.000  0.036 -0.000 -0.039  0.181  0.081  0.154
        9  0.22765   0.000 -0.016 -0.057 -0.039  0.036  1.000  0.000  0.127 -0.098  0.043  0.142
       20  0.00988   0.000  0.000  0.000 -0.000 -0.000  0.000  1.000 -0.003  0.000  0.009 -0.002
       21  0.24666   0.000  0.104 -0.107  0.079 -0.039  0.127 -0.003  1.000 -0.071 -0.105  0.099
       22  0.25959   0.000 -0.071  0.147  0.017  0.181 -0.098  0.000 -0.071  1.000  0.111 -0.038
       23  0.26842   0.000 -0.114  0.136  0.157  0.081  0.043  0.009 -0.105  0.111  1.000 -0.026
       24  0.24400  -0.000  0.050 -0.011  0.029  0.154  0.142 -0.002  0.099 -0.038 -0.026  1.000
MINUIT - FIT ONLY 1-y
 **********
 **   51 **RES 
 **********
                   PARAMETER   16  beta_vw RESTORED TO VARIABLE.
                   PARAMETER   14  alpha_vw RESTORED TO VARIABLE.
                   PARAMETER   13  beta_y RESTORED TO VARIABLE.
                   PARAMETER   11  alpha_y RESTORED TO VARIABLE.
                   PARAMETER   10  beta_2CBO RESTORED TO VARIABLE.
 **********
 **   52 **FIX            0
 **********
 PARAMETER    0  IS UNDEFINED. IGNORED.
 **********
 **   53 **FIX            1
 **********
 **********
 **   54 **FIX            2
 **********
 PARAMETER    2  IS CONSTANT.   IGNORED.
 **********
 **   55 **FIX            3
 **********
 **********
 **   56 **FIX            4
 **********
 **********
 **   57 **FIX            5
 **********
 PARAMETER    5  IS CONSTANT.   IGNORED.
 **********
 **   58 **FIX            6
 **********
 **********
 **   59 **FIX            7
 **********
 PARAMETER    7  IS CONSTANT.   IGNORED.
 **********
 **   60 **FIX            8
 **********
 **********
 **   61 **FIX            9
 **********
 **********
 **   62 **FIX           13
 **********
 **********
 **   63 **FIX           14
 **********
 **********
 **   64 **FIX           15
 **********
 PARAMETER   15  IS CONSTANT.   IGNORED.
 **********
 **   65 **FIX           16
 **********
 **********
 **   66 **MIGRAD
 **********
 START MIGRAD MINIMIZATION.  STRATEGY  1.  CONVERGENCE WHEN EDM .LT. 1.00e-04
 FCN=48.1069 FROM MIGRAD    STATUS=INITIATE       41 CALLS        2271 TOTAL
                     EDM= unknown      STRATEGY= 1      NO ERROR MATRIX       
  EXT PARAMETER               CURRENT GUESS       STEP         FIRST   
  NO.   NAME      VALUE            ERROR          SIZE      DERIVATIVE 
   1  N0           3.03413e+06     fixed    
   2  tau          6.44117e+01   constant   
   3  A0           3.49863e-01     fixed    
   4  phi          4.11877e+00     fixed    
   5  R           -6.15857e+01   constant   
   6  alpha_CBO    1.40644e-03     fixed    
   7  w_CBO        2.32500e+00   constant   
   8  beta_CBO    -4.24824e-03     fixed    
   9  alpha_2CBO   3.85623e-04     fixed    
  10  beta_2CBO   -1.18331e-04   2.31803e-04   0.00000e+00  -1.91452e+03
  11  alpha_y      0.00000e+00   1.00000e-03   0.00000e+00  -5.35324e+03
  12  w_y          1.38860e+01   constant   
  13  beta_y       3.12508e-04     fixed    
  14  alpha_vw     0.00000e+00     fixed    
  15  w_vw         1.43404e+01   constant   
  16  beta_vw      0.00000e+00     fixed    
  17  LM           1.09700e-04   constant   
  18  zeta_y       0.00000e+00   constant   
  19  zeta_vw      0.00000e+00   constant   
  20  T_CBO        9.93170e+02   7.16248e+02  -1.44153e-01  -6.32033e-05
  21  alpha_A0    -1.16715e-03   1.05445e-03   0.00000e+00   1.50067e-02
  22  beta_A0      8.04836e-05   1.09428e-03   0.00000e+00   1.43109e-03
  23  alpha_phi    3.59325e-03   1.06640e-03   0.00000e+00  -6.51878e-02
  24  beta_phi    -5.75191e-04   9.47080e-04   0.00000e+00   8.72691e-03
 MIGRAD MINIMIZATION HAS CONVERGED.
 MIGRAD WILL VERIFY CONVERGENCE AND ERROR MATRIX.
 COVARIANCE MATRIX CALCULATED SUCCESSFULLY
 FCN=47.6828 FROM HESSE     STATUS=OK             52 CALLS        2427 TOTAL
                     EDM=0.000322126    STRATEGY= 1      ERROR MATRIX ACCURATE 
  EXT PARAMETER                                   STEP         FIRST   
  NO.   NAME      VALUE            ERROR          SIZE      DERIVATIVE 
   1  N0           3.03413e+06     fixed    
   2  tau          6.44117e+01   constant   
   3  A0           3.49863e-01     fixed    
   4  phi          4.11877e+00     fixed    
   5  R           -6.15857e+01   constant   
   6  alpha_CBO    1.40644e-03     fixed    
   7  w_CBO        2.32500e+00   constant   
   8  beta_CBO    -4.24824e-03     fixed    
   9  alpha_2CBO   3.85623e-04     fixed    
  10  beta_2CBO   -6.69413e-05   2.31088e-04   7.70089e-07  -4.49986e+00
  11  alpha_y      1.40095e-04   2.28629e-04   7.78630e-07   1.27259e+00
  12  w_y          1.38860e+01   constant   
  13  beta_y       3.12508e-04     fixed    
  14  alpha_vw     0.00000e+00     fixed    
  15  w_vw         1.43404e+01   constant   
  16  beta_vw      0.00000e+00     fixed    
  17  LM           1.09700e-04   constant   
  18  zeta_y       0.00000e+00   constant   
  19  zeta_vw      0.00000e+00   constant   
  20  T_CBO        9.36049e+02   7.05488e+02   1.91652e-02   3.41395e-04
  21  alpha_A0    -1.15858e-03   2.18340e-03   3.56499e-04   1.33983e-02
  22  beta_A0      1.13008e-04   1.09935e-03   3.66326e-04   7.83621e-03
  23  alpha_phi    3.58428e-03   5.67571e-03   3.81494e-04  -3.20365e-02
  24  beta_phi    -5.78491e-04   1.33806e-03   3.18492e-04   4.37169e-03
 MIGRAD MINIMIZATION HAS CONVERGED.
 MIGRAD WILL VERIFY CONVERGENCE AND ERROR MATRIX.
 COVARIANCE MATRIX CALCULATED SUCCESSFULLY
 MIGRAD TERMINATED WITHOUT CONVERGENCE.
 FCN=47.6827 FROM MIGRAD    STATUS=FAILED        374 CALLS        2604 TOTAL
                     EDM=0.00795638    STRATEGY= 1      ERR MATRIX APPROXIMATE
  EXT PARAMETER                APPROXIMATE        STEP         FIRST   
  NO.   NAME      VALUE            ERROR          SIZE      DERIVATIVE 
   1  N0           3.03413e+06     fixed    
   2  tau          6.44117e+01   constant   
   3  A0           3.49863e-01     fixed    
   4  phi          4.11877e+00     fixed    
   5  R           -6.15857e+01   constant   
   6  alpha_CBO    1.40644e-03     fixed    
   7  w_CBO        2.32500e+00   constant   
   8  beta_CBO    -4.24824e-03     fixed    
   9  alpha_2CBO   3.85623e-04     fixed    
  10  beta_2CBO   -6.69162e-05   2.31245e-04   7.70089e-07  -4.33780e-03
  11  alpha_y      1.40052e-04   2.28661e-04   7.78630e-07  -2.00526e-02
  12  w_y          1.38860e+01   constant   
  13  beta_y       3.12508e-04     fixed    
  14  alpha_vw     0.00000e+00     fixed    
  15  w_vw         1.43404e+01   constant   
  16  beta_vw      0.00000e+00     fixed    
  17  LM           1.09700e-04   constant   
  18  zeta_y       0.00000e+00   constant   
  19  zeta_vw      0.00000e+00   constant   
  20  T_CBO        9.28051e+02   9.56641e+02   1.91576e-02   1.08761e-03
  21  alpha_A0    -1.16135e-03   6.33012e-03   3.56810e-04  -1.66235e-05
  22  beta_A0      1.12948e-04   1.26613e-03   3.66635e-04  -1.00928e-05
  23  alpha_phi    3.59189e-03   1.65405e-02   3.82010e-04  -2.87834e-05
  24  beta_phi    -5.79689e-04   3.42276e-03   3.18764e-04  -1.62794e-05
 EXTERNAL ERROR MATRIX.    NDIM=  25    NPAR=  7    ERR DEF=1
  5.347e-08  2.116e-10  2.641e-01  8.239e-08  1.840e-08 -2.240e-07  3.985e-08 
  2.116e-10  5.229e-08  1.189e-01  2.683e-08  4.381e-10 -8.829e-08  1.087e-08 
  2.641e-01  1.189e-01  8.976e+08  2.032e+02 -1.964e+01 -6.309e+02  1.008e+02 
  8.239e-08  2.683e-08  2.032e+02  4.711e-05 -4.482e-06 -1.429e-04  2.290e-05 
  1.840e-08  4.381e-10 -1.964e+01 -4.482e-06  1.612e-06  1.389e-05 -2.252e-06 
 -2.240e-07 -8.829e-08 -6.309e+02 -1.429e-04  1.389e-05  4.446e-04 -7.090e-05 
  3.985e-08  1.087e-08  1.008e+02  2.290e-05 -2.252e-06 -7.090e-05  1.221e-05 
ERR MATRIX APPROXIMATE
 PARAMETER  CORRELATION COEFFICIENTS  
       NO.  GLOBAL     10     11     20     21     22     23     24
       10  0.21099   1.000  0.004  0.038  0.052  0.063 -0.046  0.049
       11  0.03167   0.004  1.000  0.017  0.017  0.002 -0.018  0.014
       20  0.99882   0.038  0.017  1.000  0.988 -0.516 -0.999  0.963
       21  0.98845   0.052  0.017  0.988  1.000 -0.514 -0.988  0.955
       22  0.53059   0.063  0.002 -0.516 -0.514  1.000  0.519 -0.508
       23  0.99877  -0.046 -0.018 -0.999 -0.988  0.519  1.000 -0.963
       24  0.96360   0.049  0.014  0.963  0.955 -0.508 -0.963  1.000
 ERR MATRIX APPROXIMATE
MINUIT - FIT ONLY 2-y
 **********
 **   67 **RES 
 **********
                   PARAMETER   16  beta_vw RESTORED TO VARIABLE.
                   PARAMETER   14  alpha_vw RESTORED TO VARIABLE.
                   PARAMETER   13  beta_y RESTORED TO VARIABLE.
                   PARAMETER    9  alpha_2CBO RESTORED TO VARIABLE.
                   PARAMETER    8  beta_CBO RESTORED TO VARIABLE.
                   PARAMETER    6  alpha_CBO RESTORED TO VARIABLE.
                   PARAMETER    4  phi RESTORED TO VARIABLE.
                   PARAMETER    3  A0 RESTORED TO VARIABLE.
                   PARAMETER    1  N0 RESTORED TO VARIABLE.
 **********
 **   68 **FIX            0
 **********
 PARAMETER    0  IS UNDEFINED. IGNORED.
 **********
 **   69 **FIX            1
 **********
 **********
 **   70 **FIX            2
 **********
 PARAMETER    2  IS CONSTANT.   IGNORED.
 **********
 **   71 **FIX            3
 **********
 **********
 **   72 **FIX            4
 **********
 **********
 **   73 **FIX            5
 **********
 PARAMETER    5  IS CONSTANT.   IGNORED.
 **********
 **   74 **FIX            6
 **********
 **********
 **   75 **FIX            7
 **********
 PARAMETER    7  IS CONSTANT.   IGNORED.
 **********
 **   76 **FIX            8
 **********
 **********
 **   77 **FIX            9
 **********
 **********
 **   78 **FIX           10
 **********
 **********
 **   79 **FIX           11
 **********
 **********
 **   80 **FIX           12
 **********
 PARAMETER   12  IS CONSTANT.   IGNORED.
 **********
 **   81 **FIX           16
 **********
 **********
 **   82 **MIGRAD
 **********
 START MIGRAD MINIMIZATION.  STRATEGY  1.  CONVERGENCE WHEN EDM .LT. 1.00e-04
 FCN=47.6827 FROM MIGRAD    STATUS=INITIATE       16 CALLS        2620 TOTAL
                     EDM= unknown      STRATEGY= 1      NO ERROR MATRIX       
  EXT PARAMETER               CURRENT GUESS       STEP         FIRST   
  NO.   NAME      VALUE            ERROR          SIZE      DERIVATIVE 
   1  N0           3.03413e+06     fixed    
   2  tau          6.44117e+01   constant   
   3  A0           3.49863e-01     fixed    
   4  phi          4.11877e+00     fixed    
   5  R           -6.15857e+01   constant   
   6  alpha_CBO    1.40644e-03     fixed    
   7  w_CBO        2.32500e+00   constant   
   8  beta_CBO    -4.24824e-03     fixed    
   9  alpha_2CBO   3.85623e-04     fixed    
  10  beta_2CBO   -6.69162e-05     fixed    
  11  alpha_y      1.40052e-04     fixed    
  12  w_y          1.38860e+01   constant   
  13  beta_y       3.12508e-04   2.25214e-04   2.25214e-04  -5.56399e+02
  14  alpha_vw     0.00000e+00   1.00000e-03   1.00000e-03   7.52304e+03
  15  w_vw         1.43404e+01   constant   
  16  beta_vw      0.00000e+00     fixed    
  17  LM           1.09700e-04   constant   
  18  zeta_y       0.00000e+00   constant   
  19  zeta_vw      0.00000e+00   constant   
  20  T_CBO        9.28051e+02   9.56641e+02   1.91576e-02   1.06276e-03
  21  alpha_A0    -1.16135e-03   6.33012e-03   3.56810e-04  -1.63343e-05
  22  beta_A0      1.12948e-04   1.26613e-03   3.66635e-04  -1.01279e-05
  23  alpha_phi    3.59189e-03   1.65405e-02   3.82010e-04  -2.94365e-05
  24  beta_phi    -5.79689e-04   3.42276e-03   3.18764e-04  -1.56401e-05
 MIGRAD MINIMIZATION HAS CONVERGED.
 MIGRAD WILL VERIFY CONVERGENCE AND ERROR MATRIX.
 COVARIANCE MATRIX CALCULATED SUCCESSFULLY
 FCN=46.9128 FROM MIGRAD    STATUS=CONVERGED     964 CALLS        3568 TOTAL
                     EDM=1.41779e-05    STRATEGY= 1      ERROR MATRIX ACCURATE 
  EXT PARAMETER                                   STEP         FIRST   
  NO.   NAME      VALUE            ERROR          SIZE      DERIVATIVE 
   1  N0           3.03413e+06     fixed    
   2  tau          6.44117e+01   constant   
   3  A0           3.49863e-01     fixed    
   4  phi          4.11877e+00     fixed    
   5  R           -6.15857e+01   constant   
   6  alpha_CBO    1.40644e-03     fixed    
   7  w_CBO        2.32500e+00   constant   
   8  beta_CBO    -4.24824e-03     fixed    
   9  alpha_2CBO   3.85623e-04     fixed    
  10  beta_2CBO   -6.69162e-05     fixed    
  11  alpha_y      1.40052e-04     fixed    
  12  w_y          1.38860e+01   constant   
  13  beta_y       2.81833e-04   2.31290e-04   7.61422e-07  -1.61192e+00
  14  alpha_vw    -2.01549e-04   2.32736e-04   7.66245e-07  -1.10605e+01
  15  w_vw         1.43404e+01   constant   
