 + ++++++++++++++++++++++++++++++++++++++++++++++++++++++++++++++++++++ +
 +                                                                      +
 +           You have chose to blind your fitting according to          +
 +                omega_ref * (1 + (R +/- deltaR) *10^{-6})             +
 +                                                                      +
 + ++++++++++++++++++++++++++++++++++++++++++++++++++++++++++++++++++++ +
In main()...
reading format from /gm2data/zkhechad/run45/envelope/formats/formatB_sBin_constraintOn.txt
pBinTau 	= 0  
pBinPhi 	= 0  
constraintau 	= 1 
includeMopTerm 	= 0    
constrainMop    = 0   
Parameters after format file: pBinTau 0 pBinPhi 0 constraintau 1 includeMopTerm 0 constrainMop 0 c_e_scale 0.000000 
Opening file /gm2data/tbarrett/gm2fr/studies/run23_bunch_corrections/CorrectedFourier_Run3b.root.
reading full fit data from /gm2data/zkhechad/cboTemplates/Run4CBOTemplates/templateFits0_v2.0/noRF/sBin_constraintOn_cE0.0_seed0_noRF_calo0.root
windowBins = 17
fitting sliding window 450 from bin 586 at 87.282000 to bin 603 at 89.967600 (17 bins)

Reading data from /gm2data/cornell/histograms/aMethod/histogram_a_noRF.root
 **********
 **    1 **SET PRINTOUT            1
 **********
 **********
 **    2 **SET NOWARNINGS 
 **********
 PARAMETER DEFINITIONS:
    NO.   NAME         VALUE      STEP SIZE      LIMITS
     1 N0           7.53704e+07  1.00000e+02     no limits
     2 tau          6.43893e+01  constant
     3 A0           3.53537e-01  1.00000e-04     no limits
     4 phi          4.11945e+00  1.00000e-02     no limits
     5 R           -6.07681e+01  constant
     6 alpha_CBO    0.00000e+00  1.00000e-03     no limits
     7 w_CBO        2.32500e+00  constant
     8 beta_CBO     0.00000e+00  1.00000e-03     no limits
     9 alpha_2CBO   0.00000e+00  1.00000e-03     no limits
    10 beta_2CBO    0.00000e+00  1.00000e-03     no limits
    11 alpha_y      0.00000e+00  1.00000e-03     no limits
    12 w_y          1.44500e+01  constant
    13 beta_y       0.00000e+00  1.00000e-03     no limits
    14 alpha_vw     0.00000e+00  1.00000e-03     no limits
    15 w_vw         1.29000e+01  constant
    16 beta_vw      0.00000e+00  1.00000e-03     no limits
    17 LM          -5.35738e-04  constant
    18 zeta_y       0.00000e+00  constant
    19 zeta_vw      0.00000e+00  constant
    20 T_CBO        1.00000e+02  1.00000e+00    0.00000e+00  1.00000e+03
    21 alpha_A0     0.00000e+00  1.00000e-03     no limits
    22 beta_A0      0.00000e+00  1.00000e-03     no limits
    23 alpha_phi    0.00000e+00  1.00000e-03     no limits
    24 beta_phi     0.00000e+00  1.00000e-03     no limits
MINUIT - FIT ONLY WIGGLE
 **********
 **    3 **FIX            5
 **********
 PARAMETER    5  IS CONSTANT.   IGNORED.
 **********
 **    4 **FIX            6
 **********
 **********
 **    5 **FIX            7
 **********
 PARAMETER    7  IS CONSTANT.   IGNORED.
 **********
 **    6 **FIX            8
 **********
 **********
 **    7 **FIX            9
 **********
 **********
 **    8 **FIX           10
 **********
 **********
 **    9 **FIX           11
 **********
 **********
 **   10 **FIX           12
 **********
 PARAMETER   12  IS CONSTANT.   IGNORED.
 **********
 **   11 **FIX           13
 **********
 **********
 **   12 **FIX           14
 **********
 **********
 **   13 **FIX           15
 **********
 PARAMETER   15  IS CONSTANT.   IGNORED.
 **********
 **   14 **FIX           16
 **********
 **********
 **   15 **MIGRAD
 **********
 FIRST CALL TO USER FUNCTION AT NEW START POINT, WITH IFLAG=4.
 START MIGRAD MINIMIZATION.  STRATEGY  1.  CONVERGENCE WHEN EDM .LT. 1.00e-04
 FCN=616.229 FROM MIGRAD    STATUS=INITIATE      435 CALLS         436 TOTAL
                     EDM= unknown      STRATEGY= 1      NO ERROR MATRIX       
  EXT PARAMETER               CURRENT GUESS       STEP         FIRST   
  NO.   NAME      VALUE            ERROR          SIZE      DERIVATIVE 
   1  N0           7.53704e+07   1.00000e+02   0.00000e+00  -3.91536e-03
   2  tau          6.43893e+01   constant   
   3  A0           3.53537e-01   1.00000e-04   0.00000e+00  -5.80493e+05
   4  phi          4.11945e+00   1.00000e-02   0.00000e+00   3.14363e+05
   5  R           -6.07681e+01   constant   
   6  alpha_CBO    0.00000e+00     fixed    
   7  w_CBO        2.32500e+00   constant   
   8  beta_CBO     0.00000e+00     fixed    
   9  alpha_2CBO   0.00000e+00     fixed    
  10  beta_2CBO    0.00000e+00     fixed    
  11  alpha_y      0.00000e+00     fixed    
  12  w_y          1.44500e+01   constant   
  13  beta_y       0.00000e+00     fixed    
  14  alpha_vw     0.00000e+00     fixed    
  15  w_vw         1.29000e+01   constant   
  16  beta_vw      0.00000e+00     fixed    
  17  LM          -5.35738e-04   constant   
  18  zeta_y       0.00000e+00   constant   
  19  zeta_vw      0.00000e+00   constant   
  20  T_CBO        1.00000e+02   1.00000e+00   0.00000e+00   0.00000e+00
  21  alpha_A0     0.00000e+00   1.00000e-03   0.00000e+00   4.64361e+04
  22  beta_A0      0.00000e+00   1.00000e-03   0.00000e+00  -8.89277e+02
  23  alpha_phi    0.00000e+00   1.00000e-03   0.00000e+00   6.91481e+04
  24  beta_phi     0.00000e+00   1.00000e-03   0.00000e+00  -4.21226e+04
 CALL LIMIT EXCEEDED IN MIGRAD.
 MIGRAD TERMINATED WITHOUT CONVERGENCE.
 FCN=67.1539 FROM MIGRAD    STATUS=CALL LIMIT   1332 CALLS        1333 TOTAL
                     EDM=0.00375319    STRATEGY= 1  ERROR MATRIX UNCERTAINTY   0.4 per cent
  EXT PARAMETER                APPROXIMATE        STEP         FIRST   
  NO.   NAME      VALUE            ERROR          SIZE      DERIVATIVE 
   1  N0           7.53707e+07   4.79028e+03   5.40856e+01   3.09561e-06
   2  tau          6.43893e+01   constant   
   3  A0           3.54074e-01   7.15180e-05  -1.75013e-06  -1.11431e+02
   4  phi          4.11647e+00   2.18737e-04   7.94298e-06   1.78343e+01
   5  R           -6.07681e+01   constant   
   6  alpha_CBO    0.00000e+00     fixed    
   7  w_CBO        2.32500e+00   constant   
   8  beta_CBO     0.00000e+00     fixed    
   9  alpha_2CBO   0.00000e+00     fixed    
  10  beta_2CBO    0.00000e+00     fixed    
  11  alpha_y      0.00000e+00     fixed    
  12  w_y          1.44500e+01   constant   
  13  beta_y       0.00000e+00     fixed    
  14  alpha_vw     0.00000e+00     fixed    
  15  w_vw         1.29000e+01   constant   
  16  beta_vw      0.00000e+00     fixed    
  17  LM          -5.35738e-04   constant   
  18  zeta_y       0.00000e+00   constant   
  19  zeta_vw      0.00000e+00   constant   
  20  T_CBO        2.46872e+01   8.24904e+00  -1.63527e-03  -1.06646e+01
  21  alpha_A0     8.35649e-03   1.68622e-02   5.02297e-04  -1.29052e+01
  22  beta_A0      4.39499e-02   5.18777e-02   1.49243e-03  -6.50759e+00
  23  alpha_phi    5.74383e-03   1.15205e-02   3.23527e-04  -3.78308e+00
  24  beta_phi    -3.53099e-02   4.13140e-02  -1.16008e-03   1.58014e+00
 EXTERNAL ERROR MATRIX.    NDIM=  25    NPAR=  8    ERR DEF=1
  2.295e+07  2.175e-01  5.222e-01 -7.625e+03  1.738e+01  4.974e+01  1.022e+01 -3.816e+01 
  2.175e-01  5.115e-09  6.957e-10 -3.249e-04  7.083e-07  2.162e-06  4.760e-07 -1.710e-06 
  5.222e-01  6.957e-10  4.785e-08  6.907e-04 -1.483e-06 -4.683e-06 -1.070e-06  3.820e-06 
 -7.625e+03 -3.249e-04  6.907e-04  6.811e+01 -1.377e-01 -4.247e-01 -9.426e-02  3.383e-01 
  1.738e+01  7.083e-07 -1.483e-06 -1.377e-01  2.843e-04  8.743e-04  1.940e-04 -6.960e-04 
  4.974e+01  2.162e-06 -4.683e-06 -4.247e-01  8.743e-04  2.691e-03  5.973e-04 -2.143e-03 
  1.022e+01  4.760e-07 -1.070e-06 -9.426e-02  1.940e-04  5.973e-04  1.327e-04 -4.758e-04 
 -3.816e+01 -1.710e-06  3.820e-06  3.383e-01 -6.960e-04 -2.143e-03 -4.758e-04  1.707e-03 
ERR MATRIX APPROXIMATE
 PARAMETER  CORRELATION COEFFICIENTS  
       NO.  GLOBAL      1      3      4     20     21     22     23     24
        1  0.85854   1.000  0.635  0.498 -0.193  0.215  0.200  0.185 -0.193
        3  0.85059   0.635  1.000  0.044 -0.550  0.587  0.583  0.578 -0.579
        4  0.87469   0.498  0.044  1.000  0.383 -0.402 -0.413 -0.424  0.423
       20  0.99649  -0.193 -0.550  0.383  1.000 -0.990 -0.992 -0.991  0.992
       21  0.99979   0.215  0.587 -0.402 -0.990  1.000  0.999  0.999 -0.999
       22  0.99996   0.200  0.583 -0.413 -0.992  0.999  1.000  0.999 -1.000
       23  0.99971   0.185  0.578 -0.424 -0.991  0.999  0.999  1.000 -1.000
       24  0.99995  -0.193 -0.579  0.423  0.992 -0.999 -1.000 -1.000  1.000
 ERR MATRIX APPROXIMATE
MINUIT - FIT ONLY 1-CBO + wiggle
 **********
 **   16 **RES 
 **********
                   PARAMETER   16  beta_vw RESTORED TO VARIABLE.
                   PARAMETER   14  alpha_vw RESTORED TO VARIABLE.
                   PARAMETER   13  beta_y RESTORED TO VARIABLE.
                   PARAMETER   11  alpha_y RESTORED TO VARIABLE.
                   PARAMETER   10  beta_2CBO RESTORED TO VARIABLE.
                   PARAMETER    9  alpha_2CBO RESTORED TO VARIABLE.
                   PARAMETER    8  beta_CBO RESTORED TO VARIABLE.
                   PARAMETER    6  alpha_CBO RESTORED TO VARIABLE.
 **********
 **   17 **FIX            8
 **********
 **********
 **   18 **FIX            9
 **********
 **********
 **   19 **FIX           11
 **********
 **********
 **   20 **FIX           12
 **********
 PARAMETER   12  IS CONSTANT.   IGNORED.
 **********
 **   21 **FIX           14
 **********
 **********
 **   22 **FIX           15
 **********
 PARAMETER   15  IS CONSTANT.   IGNORED.
 **********
 **   23 **FIX           16
 **********
 **********
 **   24 **MIGRAD
 **********
 START MIGRAD MINIMIZATION.  STRATEGY  1.  CONVERGENCE WHEN EDM .LT. 1.00e-04
 FCN=67.1539 FROM MIGRAD    STATUS=INITIATE       28 CALLS        1361 TOTAL
                     EDM= unknown      STRATEGY= 1      NO ERROR MATRIX       
  EXT PARAMETER               CURRENT GUESS       STEP         FIRST   
  NO.   NAME      VALUE            ERROR          SIZE      DERIVATIVE 
   1  N0           7.53707e+07   4.79028e+03   5.40856e+01   3.09561e-06
   2  tau          6.43893e+01   constant   
   3  A0           3.54074e-01   7.15180e-05  -1.75013e-06  -1.11431e+02
   4  phi          4.11647e+00   2.18737e-04   7.94298e-06   1.78343e+01
   5  R           -6.07681e+01   constant   
   6  alpha_CBO    0.00000e+00   1.00000e-03   1.00000e-03  -6.99173e+03
   7  w_CBO        2.32500e+00   constant   
   8  beta_CBO     0.00000e+00     fixed    
   9  alpha_2CBO   0.00000e+00     fixed    
  10  beta_2CBO    0.00000e+00   1.00000e-03   1.00000e-03  -1.90092e+04
  11  alpha_y      0.00000e+00     fixed    
  12  w_y          1.44500e+01   constant   
  13  beta_y       0.00000e+00   1.00000e-03   1.00000e-03  -2.05891e+05
  14  alpha_vw     0.00000e+00     fixed    
  15  w_vw         1.29000e+01   constant   
  16  beta_vw      0.00000e+00     fixed    
  17  LM          -5.35738e-04   constant   
  18  zeta_y       0.00000e+00   constant   
  19  zeta_vw      0.00000e+00   constant   
  20  T_CBO        2.46872e+01   8.24904e+00  -1.63527e-03  -1.06646e+01
  21  alpha_A0     8.35649e-03   1.68622e-02   5.02297e-04  -1.29052e+01
  22  beta_A0      4.39499e-02   5.18777e-02   1.49243e-03  -6.50759e+00
  23  alpha_phi    5.74383e-03   1.15205e-02   3.23527e-04  -3.78308e+00
  24  beta_phi    -3.53099e-02   4.13140e-02  -1.16008e-03   1.58014e+00
 MIGRAD MINIMIZATION HAS CONVERGED.
 MIGRAD WILL VERIFY CONVERGENCE AND ERROR MATRIX.
 FCN=31.7449 FROM HESSE     STATUS=NOT POSDEF    100 CALLS        1946 TOTAL
                     EDM=0.00107328    STRATEGY= 1      ERR MATRIX NOT POS-DEF
  EXT PARAMETER                APPROXIMATE        STEP         FIRST   
  NO.   NAME      VALUE            ERROR          SIZE      DERIVATIVE 
   1  N0           7.53747e+07   2.25761e+04   3.59414e+01  -1.35210e-06
   2  tau          6.43893e+01   constant   
   3  A0           3.53927e-01   4.18120e-04   1.68766e-07   6.64988e+01
   4  phi          4.11668e+00   1.40938e-03   1.96299e-06   8.65721e+00
   5  R           -6.07681e+01   constant   
   6  alpha_CBO    9.97639e-04   5.17789e-04   1.37118e-07   2.70616e+01
   7  w_CBO        2.32500e+00   constant   
   8  beta_CBO     0.00000e+00     fixed    
   9  alpha_2CBO   0.00000e+00     fixed    
  10  beta_2CBO   -6.27915e-05   2.30648e-04   1.36884e-07   5.10573e-01
  11  alpha_y      0.00000e+00     fixed    
  12  w_y          1.44500e+01   constant   
  13  beta_y       3.06941e-04   5.27981e-05   1.42862e-07  -1.73191e+01
  14  alpha_vw     0.00000e+00     fixed    
  15  w_vw         1.29000e+01   constant   
  16  beta_vw      0.00000e+00     fixed    
  17  LM          -5.35738e-04   constant   
  18  zeta_y       0.00000e+00   constant   
  19  zeta_vw      0.00000e+00   constant   
  20  T_CBO        2.85358e+01   5.64178e+00   7.31738e-06  -1.44326e-01
  21  alpha_A0     7.25444e-02   4.45397e-02   1.13062e-05   1.63044e-02
  22  beta_A0      4.61383e-02   3.35619e-02   1.13814e-05   2.20652e-01
  23  alpha_phi    4.43631e-02   3.52253e-02   9.01143e-06  -7.71198e-02
  24  beta_phi    -4.95864e-02   3.62422e-02   1.03596e-05   5.01829e-01
 CALL LIMIT EXCEEDED IN MIGRAD.
 MIGRAD TERMINATED WITHOUT CONVERGENCE.
 FCN=22.2668 FROM MIGRAD    STATUS=CALL LIMIT   1914 CALLS        3247 TOTAL
                     EDM=0.119413    STRATEGY= 1      ERR MATRIX NOT POS-DEF
  EXT PARAMETER                APPROXIMATE        STEP         FIRST   
  NO.   NAME      VALUE            ERROR          SIZE      DERIVATIVE 
   1  N0           7.66447e+07   1.32467e+05   7.33601e+03   6.95994e-05
   2  tau          6.43893e+01   constant   
   3  A0           3.25747e-01   2.97445e-03   1.01194e-04  -6.68651e+03
   4  phi          4.13504e+00   6.46530e-03  -1.20593e-03   1.07805e+03
   5  R           -6.07681e+01   constant   
   6  alpha_CBO   -4.79588e-03   2.07443e-03  -2.79068e-04  -1.54485e+03
   7  w_CBO        2.32500e+00   constant   
   8  beta_CBO     0.00000e+00     fixed    
   9  alpha_2CBO   0.00000e+00     fixed    
  10  beta_2CBO    6.11261e-03   1.51096e-03   7.91929e-05  -2.33107e+03
  11  alpha_y      0.00000e+00     fixed    
  12  w_y          1.44500e+01   constant   
  13  beta_y       3.15363e-04   5.32027e-05   1.10118e-06  -6.36386e+02
  14  alpha_vw     0.00000e+00     fixed    
  15  w_vw         1.29000e+01   constant   
  16  beta_vw      0.00000e+00     fixed    
  17  LM          -5.35738e-04   constant   
  18  zeta_y       0.00000e+00   constant   
  19  zeta_vw      0.00000e+00   constant   
  20  T_CBO        2.96381e+01   1.89912e-01  -1.70723e-04  -4.59496e+03
  21  alpha_A0    -2.84492e-01   1.74937e-01   9.76250e-03  -6.07958e+01
  22  beta_A0     -2.15041e+00   2.27730e-01   1.61814e-03   5.69154e+01
  23  alpha_phi   -2.70193e+00   3.51207e-01  -5.73225e-03   7.18791e+01
  24  beta_phi    -4.85258e-01   1.08305e-01  -2.33846e-02  -5.79698e+01
 EXTERNAL ERROR MATRIX.    NDIM=  25    NPAR= 11    ERR DEF=1
  1.755e+10 
 -3.570e+02  8.847e-06 
  2.364e+02 -1.248e-05  4.180e-05 
 -2.344e+02  4.007e-06  1.289e-06  4.303e-06 
  1.882e+02 -4.126e-06  3.613e-06 -2.768e-06  2.283e-06 
  1.055e+00 -2.769e-08  3.605e-08 -1.189e-08  1.358e-08  2.831e-09 
  1.385e+04 -4.789e-04  1.166e-03 -7.945e-05  1.805e-04  1.448e-06  3.607e-02 
 -1.680e+04  4.732e-04 -8.282e-04  2.130e-04 -2.307e-04 -1.438e-06 -2.919e-02  3.060e-02 
 -2.882e+04  6.702e-04 -7.891e-04  3.504e-04 -3.269e-04 -2.003e-06 -3.309e-02  3.492e-02  5.186e-02 
 -4.472e+04  1.015e-03 -1.076e-03  5.904e-04 -5.211e-04 -3.111e-06 -4.788e-02  5.445e-02  7.931e-02  1.233e-01 
 -6.738e+03  1.941e-05  5.013e-04  1.542e-04 -5.416e-05 -1.444e-07  9.712e-03 -3.109e-03  4.855e-03  9.666e-03  1.173e-02 
ERR MATRIX NOT POS-DEF
 PARAMETER  CORRELATION COEFFICIENTS  
       NO.  GLOBAL      1      3      4      6     10     13     20     21     22     23     24
        1  0.99997   1.000 -0.906  0.276 -0.853  0.940  0.150  0.551 -0.725 -0.955 -0.961 -0.470
        3  0.99999  -0.906  1.000 -0.649  0.649 -0.918 -0.175 -0.848  0.909  0.989  0.972  0.060
        4  0.99988   0.276 -0.649  1.000  0.096  0.370  0.105  0.950 -0.732 -0.536 -0.474  0.716
        6  0.99984  -0.853  0.649  0.096  1.000 -0.883 -0.108 -0.202  0.587  0.742  0.810  0.686
       10  0.99956   0.940 -0.918  0.370 -0.883  1.000  0.169  0.629 -0.873 -0.950 -0.982 -0.331
       13  0.29971   0.150 -0.175  0.105 -0.108  0.169  1.000  0.143 -0.155 -0.165 -0.167 -0.025
       20  0.99907   0.551 -0.848  0.950 -0.202  0.629  0.143  1.000 -0.879 -0.765 -0.718  0.472
       21  0.99989  -0.725  0.909 -0.732  0.587 -0.873 -0.155 -0.879  1.000  0.877  0.886 -0.164
       22  0.99996  -0.955  0.989 -0.536  0.742 -0.950 -0.165 -0.765  0.877  1.000  0.992  0.197
       23  0.99999  -0.961  0.972 -0.474  0.810 -0.982 -0.167 -0.718  0.886  0.992  1.000  0.254
       24  0.99979  -0.470  0.060  0.716  0.686 -0.331 -0.025  0.472 -0.164  0.197  0.254  1.000
 ERR MATRIX NOT POS-DEF
MINUIT - FIT ONLY 2-CBO
 **********
 **   25 **RES 
 **********
                   PARAMETER   16  beta_vw RESTORED TO VARIABLE.
                   PARAMETER   14  alpha_vw RESTORED TO VARIABLE.
                   PARAMETER   11  alpha_y RESTORED TO VARIABLE.
                   PARAMETER    9  alpha_2CBO RESTORED TO VARIABLE.
                   PARAMETER    8  beta_CBO RESTORED TO VARIABLE.
 **********
 **   26 **FIX            0
 **********
 PARAMETER    0  IS UNDEFINED. IGNORED.
 **********
 **   27 **FIX            1
 **********
 **********
 **   28 **FIX            2
 **********
 PARAMETER    2  IS CONSTANT.   IGNORED.
 **********
 **   29 **FIX            3
 **********
 **********
 **   30 **FIX            4
 **********
 **********
 **   31 **FIX            5
 **********
 PARAMETER    5  IS CONSTANT.   IGNORED.
 **********
 **   32 **FIX            6
 **********
 **********
 **   33 **FIX            7
 **********
 PARAMETER    7  IS CONSTANT.   IGNORED.
 **********
 **   34 **FIX           10
 **********
 **********
 **   35 **FIX           11
 **********
 **********
 **   36 **FIX           12
 **********
 PARAMETER   12  IS CONSTANT.   IGNORED.
 **********
 **   37 **FIX           13
 **********
 **********
 **   38 **FIX           14
 **********
 **********
 **   39 **FIX           15
 **********
 PARAMETER   15  IS CONSTANT.   IGNORED.
 **********
 **   40 **FIX           16
 **********
 **********
 **   41 **MIGRAD
 **********
 START MIGRAD MINIMIZATION.  STRATEGY  1.  CONVERGENCE WHEN EDM .LT. 1.00e-04
 FCN=22.2668 FROM MIGRAD    STATUS=INITIATE       18 CALLS        3265 TOTAL
                     EDM= unknown      STRATEGY= 1      NO ERROR MATRIX       
  EXT PARAMETER               CURRENT GUESS       STEP         FIRST   
  NO.   NAME      VALUE            ERROR          SIZE      DERIVATIVE 
   1  N0           7.66447e+07     fixed    
   2  tau          6.43893e+01   constant   
   3  A0           3.25747e-01     fixed    
   4  phi          4.13504e+00     fixed    
   5  R           -6.07681e+01   constant   
   6  alpha_CBO   -4.79588e-03     fixed    
   7  w_CBO        2.32500e+00   constant   
   8  beta_CBO     0.00000e+00   1.00000e-03   1.00000e-03   2.85690e+03
   9  alpha_2CBO   0.00000e+00   1.00000e-03   1.00000e-03  -3.55788e+03
  10  beta_2CBO    6.11261e-03     fixed    
  11  alpha_y      0.00000e+00     fixed    
  12  w_y          1.44500e+01   constant   
  13  beta_y       3.15363e-04     fixed    
  14  alpha_vw     0.00000e+00     fixed    
  15  w_vw         1.29000e+01   constant   
  16  beta_vw      0.00000e+00     fixed    
  17  LM          -5.35738e-04   constant   
  18  zeta_y       0.00000e+00   constant   
  19  zeta_vw      0.00000e+00   constant   
  20  T_CBO        2.96381e+01   1.89912e-01  -1.70723e-04  -4.59496e+03
  21  alpha_A0    -2.84492e-01   1.74937e-01   9.76250e-03  -6.07958e+01
  22  beta_A0     -2.15041e+00   2.27730e-01   1.61814e-03   5.69154e+01
  23  alpha_phi   -2.70193e+00   3.51207e-01  -5.73225e-03   7.18791e+01
  24  beta_phi    -4.85258e-01   1.08305e-01  -2.33846e-02  -5.79698e+01
 MIGRAD MINIMIZATION HAS CONVERGED.
 MIGRAD WILL VERIFY CONVERGENCE AND ERROR MATRIX.
 FCN=21.7521 FROM MIGRAD    STATUS=CONVERGED     182 CALLS        3429 TOTAL
                     EDM=6.71225e-05    STRATEGY= 1      ERR MATRIX NOT POS-DEF
  EXT PARAMETER                APPROXIMATE        STEP         FIRST   
  NO.   NAME      VALUE            ERROR          SIZE      DERIVATIVE 
   1  N0           7.66447e+07     fixed    
   2  tau          6.43893e+01   constant   
   3  A0           3.25747e-01     fixed    
   4  phi          4.13504e+00     fixed    
   5  R           -6.07681e+01   constant   
   6  alpha_CBO   -4.79588e-03     fixed    
   7  w_CBO        2.32500e+00   constant   
   8  beta_CBO     2.00142e-04   2.66703e-04   1.21070e-07  -1.56029e+01
   9  alpha_2CBO   2.09707e-04   2.62658e-04   1.21275e-07  -1.74501e+01
  10  beta_2CBO    6.11261e-03     fixed    
  11  alpha_y      0.00000e+00     fixed    
  12  w_y          1.44500e+01   constant   
  13  beta_y       3.15363e-04     fixed    
  14  alpha_vw     0.00000e+00     fixed    
  15  w_vw         1.29000e+01   constant   
  16  beta_vw      0.00000e+00     fixed    
  17  LM          -5.35738e-04   constant   
  18  zeta_y       0.00000e+00   constant   
  19  zeta_vw      0.00000e+00   constant   
  20  T_CBO        2.96351e+01   1.33462e-01   5.84019e-07  -1.37496e+01
  21  alpha_A0    -2.72241e-01   1.63561e-02   9.87247e-06   4.89360e-02
  22  beta_A0     -2.13523e+00   3.49464e-02   1.00800e-05   1.31348e-01
  23  alpha_phi   -2.70856e+00   3.70895e-02   7.00948e-06  -1.77255e-01
  24  beta_phi    -4.75285e-01   1.42957e-02   7.67005e-06   2.71190e-01
 EXTERNAL ERROR MATRIX.    NDIM=  25    NPAR=  7    ERR DEF=1
  7.113e-08  6.690e-08 -1.398e-06  3.972e-06  5.219e-06 -2.202e-06  3.237e-06 
  6.690e-08  6.899e-08 -1.187e-06  3.974e-06  5.150e-06 -2.138e-06  3.165e-06 
 -1.398e-06 -1.187e-06  1.781e-02  3.962e-04  3.690e-03  4.842e-03  8.116e-04 
  3.972e-06  3.974e-06  3.962e-04  2.675e-04  4.089e-04  7.021e-06  2.048e-04 
  5.219e-06  5.150e-06  3.690e-03  4.089e-04  1.221e-03  8.593e-04  4.251e-04 
 -2.202e-06 -2.138e-06  4.842e-03  7.021e-06  8.593e-04  1.376e-03  1.317e-04 
  3.237e-06  3.165e-06  8.116e-04  2.048e-04  4.251e-04  1.317e-04  2.044e-04 
ERR MATRIX NOT POS-DEF
 PARAMETER  CORRELATION COEFFICIENTS  
       NO.  GLOBAL      8      9     20     21     22     23     24
        8  0.98087   1.000  0.955 -0.039  0.911  0.560 -0.223  0.849
        9  0.98020   0.955  1.000 -0.034  0.925  0.561 -0.219  0.843
       20  0.99760  -0.039 -0.034  1.000  0.182  0.791  0.978  0.425
       21  0.96592   0.911  0.925  0.182  1.000  0.715  0.012  0.876
       22  0.99232   0.560  0.561  0.791  0.715  1.000  0.663  0.851
       23  0.99671  -0.223 -0.219  0.978  0.012  0.663  1.000  0.248
       24  0.97317   0.849  0.843  0.425  0.876  0.851  0.248  1.000
 ERR MATRIX NOT POS-DEF
MINUIT - FIT wiggle + 1-CBO + 2-CBO
 **********
 **   42 **RES 
 **********
                   PARAMETER   16  beta_vw RESTORED TO VARIABLE.
                   PARAMETER   14  alpha_vw RESTORED TO VARIABLE.
                   PARAMETER   13  beta_y RESTORED TO VARIABLE.
                   PARAMETER   11  alpha_y RESTORED TO VARIABLE.
                   PARAMETER   10  beta_2CBO RESTORED TO VARIABLE.
                   PARAMETER    6  alpha_CBO RESTORED TO VARIABLE.
                   PARAMETER    4  phi RESTORED TO VARIABLE.
                   PARAMETER    3  A0 RESTORED TO VARIABLE.
                   PARAMETER    1  N0 RESTORED TO VARIABLE.
 **********
 **   43 **FIX           10
 **********
 **********
 **   44 **FIX           11
 **********
 **********
 **   45 **FIX           12
 **********
 PARAMETER   12  IS CONSTANT.   IGNORED.
 **********
 **   46 **FIX           13
 **********
 **********
 **   47 **FIX           14
 **********
 **********
 **   48 **FIX           15
 **********
 PARAMETER   15  IS CONSTANT.   IGNORED.
 **********
 **   49 **FIX           16
 **********
 **********
 **   50 **MIGRAD
 **********
 START MIGRAD MINIMIZATION.  STRATEGY  1.  CONVERGENCE WHEN EDM .LT. 1.00e-04
 FCN=21.7521 FROM MIGRAD    STATUS=INITIATE       22 CALLS        3451 TOTAL
                     EDM= unknown      STRATEGY= 1      NO ERROR MATRIX       
  EXT PARAMETER               CURRENT GUESS       STEP         FIRST   
  NO.   NAME      VALUE            ERROR          SIZE      DERIVATIVE 
   1  N0           7.66447e+07   1.32467e+05   1.32467e+05   1.23752e-05
   2  tau          6.43893e+01   constant   
   3  A0           3.25747e-01   2.97445e-03   2.97445e-03   9.57869e+02
   4  phi          4.13504e+00   6.46530e-03   6.46530e-03  -7.60914e+02
   5  R           -6.07681e+01   constant   
   6  alpha_CBO   -4.79588e-03   2.07443e-03   2.07443e-03   6.11569e+03
   7  w_CBO        2.32500e+00   constant   
   8  beta_CBO     2.00142e-04   2.66703e-04   1.21070e-07  -1.56028e+01
   9  alpha_2CBO   2.09707e-04   2.62658e-04   1.21275e-07  -1.74498e+01
  10  beta_2CBO    6.11261e-03     fixed    
  11  alpha_y      0.00000e+00     fixed    
  12  w_y          1.44500e+01   constant   
  13  beta_y       3.15363e-04     fixed    
  14  alpha_vw     0.00000e+00     fixed    
  15  w_vw         1.29000e+01   constant   
  16  beta_vw      0.00000e+00     fixed    
  17  LM          -5.35738e-04   constant   
  18  zeta_y       0.00000e+00   constant   
  19  zeta_vw      0.00000e+00   constant   
  20  T_CBO        2.96351e+01   1.33462e-01   5.84019e-07  -1.37490e+01
  21  alpha_A0    -2.72241e-01   1.63561e-02   9.87247e-06   4.89130e-02
  22  beta_A0     -2.13523e+00   3.49464e-02   1.00800e-05   1.31353e-01
  23  alpha_phi   -2.70856e+00   3.70895e-02   7.00948e-06  -1.77259e-01
  24  beta_phi    -4.75285e-01   1.42957e-02   7.67005e-06   2.71190e-01
 MIGRAD MINIMIZATION HAS CONVERGED.
 FCN=14.8777 FROM MIGRAD    STATUS=CONVERGED    1214 CALLS        4643 TOTAL
                     EDM=4.13696e-06    STRATEGY= 1  ERROR MATRIX UNCERTAINTY   2.0 per cent
  EXT PARAMETER                                   STEP         FIRST   
  NO.   NAME      VALUE            ERROR          SIZE      DERIVATIVE 
   1  N0           7.63990e+07   9.63071e+04  -5.67212e+02   3.81743e-07
   2  tau          6.43893e+01   constant   
   3  A0           3.34968e-01   3.75278e-03   2.51462e-05  -6.04182e+01
   4  phi          4.18642e+00   2.46229e-02   1.40473e-04   1.50461e+01
   5  R           -6.07681e+01   constant   
   6  alpha_CBO   -1.47927e-03   2.23137e-03   1.00284e-05  -5.47524e+01
   7  w_CBO        2.32500e+00   constant   
   8  beta_CBO    -4.34296e-03   2.75022e-03  -1.44573e-05   9.71362e+00
   9  alpha_2CBO   2.75578e-03   9.61082e-04   5.88295e-06   2.12120e+01
  10  beta_2CBO    6.11261e-03     fixed    
  11  alpha_y      0.00000e+00     fixed    
  12  w_y          1.44500e+01   constant   
  13  beta_y       3.15363e-04     fixed    
  14  alpha_vw     0.00000e+00     fixed    
  15  w_vw         1.29000e+01   constant   
  16  beta_vw      0.00000e+00     fixed    
  17  LM          -5.35738e-04   constant   
  18  zeta_y       0.00000e+00   constant   
  19  zeta_vw      0.00000e+00   constant   
  20  T_CBO        2.90137e+01   1.89766e-01  -6.70854e-06  -4.51174e+01
  21  alpha_A0    -1.07508e+00   3.45508e-01  -2.25394e-03  -1.97050e-01
  22  beta_A0     -1.82134e+00   1.10149e-01   5.72722e-04   9.39423e-02
  23  alpha_phi   -2.69346e+00   4.56520e-02  -6.41558e-05   9.27067e-01
  24  beta_phi     6.01415e-01   4.67115e-01   3.01417e-03  -1.84174e-01
 EXTERNAL ERROR MATRIX.    NDIM=  25    NPAR= 11    ERR DEF=1
  9.275e+09 
 -2.576e+02  1.408e-05 
 -1.041e+03  8.643e-05  6.063e-04 
 -5.851e+01  6.837e-06  5.266e-05  4.979e-06 
  9.134e+01 -9.057e-06 -6.687e-05 -6.057e-06  7.564e-06 
 -5.999e+01  3.173e-06  1.771e-05  1.162e-06 -1.682e-06  9.237e-07 
  1.812e+04 -5.443e-04 -2.352e-03 -1.422e-04  2.109e-04 -1.303e-04  3.601e-02 
  2.159e+04 -1.282e-03 -8.230e-03 -6.805e-04  8.854e-04 -2.688e-04  4.571e-02  1.194e-01 
 -9.631e+03  2.613e-04  8.752e-04  2.127e-05 -5.588e-05  8.170e-05 -1.924e-02 -1.983e-02  1.213e-02 
 -1.638e+03 -6.163e-05 -6.685e-04 -6.102e-05  7.723e-05 -1.728e-05 -2.544e-03  6.356e-03  1.353e-03  2.084e-03 
 -2.820e+04  1.740e-03  1.116e-02  9.099e-04 -1.189e-03  3.844e-04 -6.067e-02 -1.605e-01  2.779e-02 -9.668e-03  2.182e-01 
 PARAMETER  CORRELATION COEFFICIENTS  
       NO.  GLOBAL      1      3      4      6      8      9     20     21     22     23     24
        1  0.99971   1.000 -0.713 -0.439 -0.272  0.345 -0.648  0.991  0.649 -0.908 -0.372 -0.627
        3  0.99997  -0.713  1.000  0.935  0.816 -0.878  0.880 -0.764 -0.989  0.632 -0.360  0.993
        4  0.99998  -0.439  0.935  1.000  0.958 -0.987  0.748 -0.503 -0.967  0.323 -0.595  0.970
        6  0.99973  -0.272  0.816  0.958  1.000 -0.987  0.542 -0.336 -0.883  0.087 -0.599  0.873
        8  0.99986   0.345 -0.878 -0.987 -0.987  1.000 -0.636  0.404  0.932 -0.184  0.615 -0.925
        9  0.99859  -0.648  0.880  0.748  0.542 -0.636  1.000 -0.714 -0.809  0.772 -0.394  0.856
       20  0.99919   0.991 -0.764 -0.503 -0.336  0.404 -0.714  1.000  0.697 -0.920 -0.294 -0.684
       21  0.99993   0.649 -0.989 -0.967 -0.883  0.932 -0.809  0.697  1.000 -0.521  0.403 -0.994
       22  0.99918  -0.908  0.632  0.323  0.087 -0.184  0.772 -0.920 -0.521  1.000  0.269  0.540
       23  0.99763  -0.372 -0.360 -0.595 -0.599  0.615 -0.394 -0.294  0.403  0.269  1.000 -0.453
       24  0.99998  -0.627  0.993  0.970  0.873 -0.925  0.856 -0.684 -0.994  0.540 -0.453  1.000
MINUIT - FIT ONLY 1-y
 **********
 **   51 **RES 
 **********
                   PARAMETER   16  beta_vw RESTORED TO VARIABLE.
                   PARAMETER   14  alpha_vw RESTORED TO VARIABLE.
                   PARAMETER   13  beta_y RESTORED TO VARIABLE.
                   PARAMETER   11  alpha_y RESTORED TO VARIABLE.
                   PARAMETER   10  beta_2CBO RESTORED TO VARIABLE.
 **********
 **   52 **FIX            0
 **********
 PARAMETER    0  IS UNDEFINED. IGNORED.
 **********
 **   53 **FIX            1
 **********
 **********
 **   54 **FIX            2
 **********
 PARAMETER    2  IS CONSTANT.   IGNORED.
 **********
 **   55 **FIX            3
 **********
 **********
 **   56 **FIX            4
 **********
 **********
 **   57 **FIX            5
 **********
 PARAMETER    5  IS CONSTANT.   IGNORED.
 **********
 **   58 **FIX            6
 **********
 **********
 **   59 **FIX            7
 **********
 PARAMETER    7  IS CONSTANT.   IGNORED.
 **********
 **   60 **FIX            8
 **********
 **********
 **   61 **FIX            9
 **********
 **********
 **   62 **FIX           13
 **********
 **********
 **   63 **FIX           14
 **********
 **********
 **   64 **FIX           15
 **********
 PARAMETER   15  IS CONSTANT.   IGNORED.
 **********
 **   65 **FIX           16
 **********
 **********
 **   66 **MIGRAD
 **********
 START MIGRAD MINIMIZATION.  STRATEGY  1.  CONVERGENCE WHEN EDM .LT. 1.00e-04
 FCN=14.8777 FROM MIGRAD    STATUS=INITIATE       16 CALLS        4659 TOTAL
                     EDM= unknown      STRATEGY= 1      NO ERROR MATRIX       
  EXT PARAMETER               CURRENT GUESS       STEP         FIRST   
  NO.   NAME      VALUE            ERROR          SIZE      DERIVATIVE 
   1  N0           7.63990e+07     fixed    
   2  tau          6.43893e+01   constant   
   3  A0           3.34968e-01     fixed    
   4  phi          4.18642e+00     fixed    
   5  R           -6.07681e+01   constant   
   6  alpha_CBO   -1.47927e-03     fixed    
   7  w_CBO        2.32500e+00   constant   
   8  beta_CBO    -4.34296e-03     fixed    
   9  alpha_2CBO   2.75578e-03     fixed    
  10  beta_2CBO    6.11261e-03   1.51096e-03   1.51096e-03  -3.71246e+01
  11  alpha_y      0.00000e+00   1.00000e-03   1.00000e-03  -2.03914e+04
  12  w_y          1.44500e+01   constant   
  13  beta_y       3.15363e-04     fixed    
  14  alpha_vw     0.00000e+00     fixed    
  15  w_vw         1.29000e+01   constant   
  16  beta_vw      0.00000e+00     fixed    
  17  LM          -5.35738e-04   constant   
  18  zeta_y       0.00000e+00   constant   
  19  zeta_vw      0.00000e+00   constant   
  20  T_CBO        2.90137e+01   1.89766e-01  -6.70854e-06  -4.51174e+01
  21  alpha_A0    -1.07508e+00   3.45508e-01  -2.25394e-03  -1.97053e-01
  22  beta_A0     -1.82134e+00   1.10149e-01   5.72722e-04   9.39374e-02
  23  alpha_phi   -2.69346e+00   4.56520e-02  -6.41558e-05   9.27067e-01
  24  beta_phi     6.01415e-01   4.67115e-01   3.01417e-03  -1.84173e-01
 MIGRAD MINIMIZATION HAS CONVERGED.
 MIGRAD WILL VERIFY CONVERGENCE AND ERROR MATRIX.
 FCN=14.6005 FROM MIGRAD    STATUS=CONVERGED     161 CALLS        4804 TOTAL
                     EDM=8.599e-07    STRATEGY= 1      ERR MATRIX NOT POS-DEF
  EXT PARAMETER                APPROXIMATE        STEP         FIRST   
  NO.   NAME      VALUE            ERROR          SIZE      DERIVATIVE 
   1  N0           7.63990e+07     fixed    
   2  tau          6.43893e+01   constant   
   3  A0           3.34968e-01     fixed    
   4  phi          4.18642e+00     fixed    
   5  R           -6.07681e+01   constant   
   6  alpha_CBO   -1.47927e-03     fixed    
   7  w_CBO        2.32500e+00   constant   
   8  beta_CBO    -4.34296e-03     fixed    
   9  alpha_2CBO   2.75578e-03     fixed    
  10  beta_2CBO    6.09738e-03   1.29233e-04   9.44661e-08   1.09462e-02
  11  alpha_y      2.72115e-05   5.15686e-05   9.60902e-08   1.31192e+00
  12  w_y          1.44500e+01   constant   
  13  beta_y       3.15363e-04     fixed    
  14  alpha_vw     0.00000e+00     fixed    
  15  w_vw         1.29000e+01   constant   
  16  beta_vw      0.00000e+00     fixed    
  17  LM          -5.35738e-04   constant   
  18  zeta_y       0.00000e+00   constant   
  19  zeta_vw      0.00000e+00   constant   
  20  T_CBO        2.90142e+01   1.52160e-01   5.85773e-07  -6.60083e-01
  21  alpha_A0    -1.07491e+00   1.79432e-02   7.98355e-06  -3.78200e-03
  22  beta_A0     -1.82250e+00   3.02661e-02   8.55824e-06  -4.21175e-03
  23  alpha_phi   -2.69310e+00   4.29152e-02   6.19038e-06  -1.22199e-02
  24  beta_phi     6.02101e-01   1.10743e-02   6.67286e-06   2.54085e-04
 EXTERNAL ERROR MATRIX.    NDIM=  25    NPAR=  7    ERR DEF=1
  1.670e-08 -1.473e-09 -2.884e-07 -2.441e-07  9.950e-07 -4.029e-07 -5.803e-07 
 -1.473e-09  2.659e-09  5.528e-08  1.775e-08 -1.111e-07  3.794e-08  6.563e-08 
 -2.884e-07  5.528e-08  2.315e-02  2.610e-03  4.375e-03  6.495e-03 -1.429e-03 
 -2.441e-07  1.775e-08  2.610e-03  3.220e-04  4.888e-04  7.447e-04 -1.573e-04 
  9.950e-07 -1.111e-07  4.375e-03  4.888e-04  9.160e-04  1.209e-03 -3.099e-04 
 -4.029e-07  3.794e-08  6.495e-03  7.447e-04  1.209e-03  1.842e-03 -3.926e-04 
 -5.803e-07  6.563e-08 -1.429e-03 -1.573e-04 -3.099e-04 -3.926e-04  1.226e-04 
ERR MATRIX NOT POS-DEF
 PARAMETER  CORRELATION COEFFICIENTS  
       NO.  GLOBAL     10     11     20     21     22     23     24
       10  0.92557   1.000 -0.221 -0.015 -0.105  0.254 -0.073 -0.405
       11  0.26219  -0.221  1.000  0.007  0.019 -0.071  0.017  0.115
       20  0.99713  -0.015  0.007  1.000  0.956  0.950  0.995 -0.848
       21  0.97309  -0.105  0.019  0.956  1.000  0.900  0.967 -0.792
       22  0.98922   0.254 -0.071  0.950  0.900  1.000  0.931 -0.925
       23  0.99721  -0.073  0.017  0.995  0.967  0.931  1.000 -0.826
       24  0.95006  -0.405  0.115 -0.848 -0.792 -0.925 -0.826  1.000
 ERR MATRIX NOT POS-DEF
MINUIT - FIT ONLY 2-y
 **********
 **   67 **RES 
 **********
                   PARAMETER   16  beta_vw RESTORED TO VARIABLE.
                   PARAMETER   14  alpha_vw RESTORED TO VARIABLE.
                   PARAMETER   13  beta_y RESTORED TO VARIABLE.
                   PARAMETER    9  alpha_2CBO RESTORED TO VARIABLE.
                   PARAMETER    8  beta_CBO RESTORED TO VARIABLE.
                   PARAMETER    6  alpha_CBO RESTORED TO VARIABLE.
                   PARAMETER    4  phi RESTORED TO VARIABLE.
                   PARAMETER    3  A0 RESTORED TO VARIABLE.
                   PARAMETER    1  N0 RESTORED TO VARIABLE.
 **********
 **   68 **FIX            0
 **********
 PARAMETER    0  IS UNDEFINED. IGNORED.
 **********
 **   69 **FIX            1
 **********
 **********
 **   70 **FIX            2
 **********
 PARAMETER    2  IS CONSTANT.   IGNORED.
 **********
 **   71 **FIX            3
 **********
 **********
 **   72 **FIX            4
 **********
 **********
 **   73 **FIX            5
 **********
 PARAMETER    5  IS CONSTANT.   IGNORED.
 **********
 **   74 **FIX            6
 **********
 **********
 **   75 **FIX            7
 **********
 PARAMETER    7  IS CONSTANT.   IGNORED.
 **********
 **   76 **FIX            8
 **********
 **********
 **   77 **FIX            9
 **********
 **********
 **   78 **FIX           10
 **********
 **********
 **   79 **FIX           11
 **********
 **********
 **   80 **FIX           12
 **********
 PARAMETER   12  IS CONSTANT.   IGNORED.
 **********
 **   81 **FIX           16
 **********
 **********
 **   82 **MIGRAD
 **********
 START MIGRAD MINIMIZATION.  STRATEGY  1.  CONVERGENCE WHEN EDM .LT. 1.00e-04
 FCN=14.6005 FROM MIGRAD    STATUS=INITIATE       16 CALLS        4820 TOTAL
                     EDM= unknown      STRATEGY= 1      NO ERROR MATRIX       
  EXT PARAMETER               CURRENT GUESS       STEP         FIRST   
  NO.   NAME      VALUE            ERROR          SIZE      DERIVATIVE 
   1  N0           7.63990e+07     fixed    
   2  tau          6.43893e+01   constant   
   3  A0           3.34968e-01     fixed    
   4  phi          4.18642e+00     fixed    
   5  R           -6.07681e+01   constant   
   6  alpha_CBO   -1.47927e-03     fixed    
   7  w_CBO        2.32500e+00   constant   
   8  beta_CBO    -4.34296e-03     fixed    
   9  alpha_2CBO   2.75578e-03     fixed    
  10  beta_2CBO    6.09738e-03     fixed    
  11  alpha_y      2.72115e-05     fixed    
  12  w_y          1.44500e+01   constant   
  13  beta_y       3.15363e-04   5.32027e-05   5.32027e-05  -1.44108e+03
  14  alpha_vw     0.00000e+00   1.00000e-03   1.00000e-03   8.42846e+04
  15  w_vw         1.29000e+01   constant   
  16  beta_vw      0.00000e+00     fixed    
  17  LM          -5.35738e-04   constant   
  18  zeta_y       0.00000e+00   constant   
  19  zeta_vw      0.00000e+00   constant   
  20  T_CBO        2.90142e+01   1.52160e-01   5.85773e-07  -6.59635e-01
  21  alpha_A0    -1.07491e+00   1.79432e-02   7.98355e-06  -3.79917e-03
  22  beta_A0     -1.82250e+00   3.02661e-02   8.55824e-06  -4.19646e-03
  23  alpha_phi   -2.69310e+00   4.29152e-02   6.19038e-06  -1.22236e-02
  24  beta_phi     6.02101e-01   1.10743e-02   6.67286e-06   2.59664e-04
 MIGRAD MINIMIZATION HAS CONVERGED.
 MIGRAD WILL VERIFY CONVERGENCE AND ERROR MATRIX.
 FCN=9.01159 FROM MIGRAD    STATUS=CONVERGED     145 CALLS        4949 TOTAL
                     EDM=2.77216e-05    STRATEGY= 1      ERR MATRIX NOT POS-DEF
  EXT PARAMETER                APPROXIMATE        STEP         FIRST   
  NO.   NAME      VALUE            ERROR          SIZE      DERIVATIVE 
   1  N0           7.63990e+07     fixed    
   2  tau          6.43893e+01   constant   
   3  A0           3.34968e-01     fixed    
   4  phi          4.18642e+00     fixed    
   5  R           -6.07681e+01   constant   
   6  alpha_CBO   -1.47927e-03     fixed    
   7  w_CBO        2.32500e+00   constant   
   8  beta_CBO    -4.34296e-03     fixed    
   9  alpha_2CBO   2.75578e-03     fixed    
  10  beta_2CBO    6.09738e-03     fixed    
  11  alpha_y      2.72115e-05     fixed    
  12  w_y          1.44500e+01   constant   
  13  beta_y       2.71505e-04   5.48317e-05   7.89946e-08   5.29132e-01
  14  alpha_vw    -1.33379e-04   5.63313e-05   8.02847e-08  -6.86251e+00
  15  w_vw         1.29000e+01   constant   
