 + ++++++++++++++++++++++++++++++++++++++++++++++++++++++++++++++++++++ +
 +                                                                      +
 +           You have chose to blind your fitting according to          +
 +                omega_ref * (1 + (R +/- deltaR) *10^{-6})             +
 +                                                                      +
 + ++++++++++++++++++++++++++++++++++++++++++++++++++++++++++++++++++++ +
In main()...
reading format from /gm2data/zkhechad/run45/envelope/formats/formatB_sBin_constraintOn.txt
pBinTau 	= 0  
pBinPhi 	= 0  
constraintau 	= 1 
includeMopTerm 	= 0    
constrainMop    = 0   
Parameters after format file: pBinTau 0 pBinPhi 0 constraintau 1 includeMopTerm 0 constrainMop 0 c_e_scale 0.000000 
Opening file /gm2data/tbarrett/gm2fr/studies/run23_bunch_corrections/CorrectedFourier_Run3b.root.
reading full fit data from /gm2data/zkhechad/cboTemplates/Run4CBOTemplates/fullFits/noRF/sBin_constraintOn_cE0.0_seed0_noRF_calo10.root
windowBins = 69
fitting sliding window 2100 from bin 2236 at 333.462000 to bin 2305 at 343.906000 (69 bins)

Reading data from /gm2data/cornell/histograms/aMethod/histogram_a_noRF.root
 **********
 **    1 **SET PRINTOUT            1
 **********
 **********
 **    2 **SET NOWARNINGS 
 **********
 PARAMETER DEFINITIONS:
    NO.   NAME         VALUE      STEP SIZE      LIMITS
     1 N0           3.07359e+06  1.00000e+02     no limits
     2 tau          6.44052e+01  constant
     3 A0           3.48563e-01  1.00000e-04     no limits
     4 phi          4.11545e+00  1.00000e-02     no limits
     5 R           -6.12271e+01  constant
     6 alpha_CBO    0.00000e+00  1.00000e-03     no limits
     7 w_CBO        2.32500e+00  constant
     8 beta_CBO     0.00000e+00  1.00000e-03     no limits
     9 alpha_2CBO   0.00000e+00  1.00000e-03     no limits
    10 beta_2CBO    0.00000e+00  1.00000e-03     no limits
    11 alpha_y      0.00000e+00  1.00000e-03     no limits
    12 w_y          1.38860e+01  constant
    13 beta_y       0.00000e+00  1.00000e-03     no limits
    14 alpha_vw     0.00000e+00  1.00000e-03     no limits
    15 w_vw         1.43404e+01  constant
    16 beta_vw      0.00000e+00  1.00000e-03     no limits
    17 LM           5.13638e-05  constant
    18 zeta_y       0.00000e+00  constant
    19 zeta_vw      0.00000e+00  constant
    20 T_CBO        1.00000e+02  1.00000e+00    0.00000e+00  1.00000e+03
    21 alpha_A0     0.00000e+00  1.00000e-04   -1.00000e-02  1.00000e-02
    22 beta_A0      0.00000e+00  1.00000e-04   -1.00000e-02  1.00000e-02
    23 alpha_phi    0.00000e+00  1.00000e-04   -1.00000e-02  1.00000e-02
    24 beta_phi     0.00000e+00  1.00000e-04   -1.00000e-02  1.00000e-02
MINUIT - FIT ONLY WIGGLE
 **********
 **    3 **FIX            5
 **********
 PARAMETER    5  IS CONSTANT.   IGNORED.
 **********
 **    4 **FIX            6
 **********
 **********
 **    5 **FIX            7
 **********
 PARAMETER    7  IS CONSTANT.   IGNORED.
 **********
 **    6 **FIX            8
 **********
 **********
 **    7 **FIX            9
 **********
 **********
 **    8 **FIX           10
 **********
 **********
 **    9 **FIX           11
 **********
 **********
 **   10 **FIX           12
 **********
 PARAMETER   12  IS CONSTANT.   IGNORED.
 **********
 **   11 **FIX           13
 **********
 **********
 **   12 **FIX           14
 **********
 **********
 **   13 **FIX           15
 **********
 PARAMETER   15  IS CONSTANT.   IGNORED.
 **********
 **   14 **FIX           16
 **********
 **********
 **   15 **MIGRAD
 **********
 FIRST CALL TO USER FUNCTION AT NEW START POINT, WITH IFLAG=4.
 START MIGRAD MINIMIZATION.  STRATEGY  1.  CONVERGENCE WHEN EDM .LT. 1.00e-04
 FCN=67.7768 FROM MIGRAD    STATUS=INITIATE      437 CALLS         438 TOTAL
                     EDM= unknown      STRATEGY= 1      NO ERROR MATRIX       
  EXT PARAMETER               CURRENT GUESS       STEP         FIRST   
  NO.   NAME      VALUE            ERROR          SIZE      DERIVATIVE 
   1  N0           3.07359e+06   1.00000e+02   0.00000e+00   2.91556e-05
   2  tau          6.44052e+01   constant   
   3  A0           3.48563e-01   1.00000e-04   0.00000e+00  -1.07155e+03
   4  phi          4.11545e+00   1.00000e-02   0.00000e+00  -1.14159e+03
   5  R           -6.12271e+01   constant   
   6  alpha_CBO    0.00000e+00     fixed    
   7  w_CBO        2.32500e+00   constant   
   8  beta_CBO     0.00000e+00     fixed    
   9  alpha_2CBO   0.00000e+00     fixed    
  10  beta_2CBO    0.00000e+00     fixed    
  11  alpha_y      0.00000e+00     fixed    
  12  w_y          1.38860e+01   constant   
  13  beta_y       0.00000e+00     fixed    
  14  alpha_vw     0.00000e+00     fixed    
  15  w_vw         1.43404e+01   constant   
  16  beta_vw      0.00000e+00     fixed    
  17  LM           5.13638e-05   constant   
  18  zeta_y       0.00000e+00   constant   
  19  zeta_vw      0.00000e+00   constant   
  20  T_CBO        1.00000e+02   1.00000e+00   0.00000e+00   0.00000e+00
  21  alpha_A0     0.00000e+00   1.00000e-04   0.00000e+00   3.51652e-01
  22  beta_A0      0.00000e+00   1.00000e-04   0.00000e+00   8.49971e-02
  23  alpha_phi    0.00000e+00   1.00000e-04   0.00000e+00  -3.59454e-01
  24  beta_phi     0.00000e+00   1.00000e-04   0.00000e+00   2.75422e-01
 MIGRAD MINIMIZATION HAS CONVERGED.
 FCN=58.1958 FROM MIGRAD    STATUS=CONVERGED     863 CALLS         864 TOTAL
                     EDM=3.37227e-06    STRATEGY= 1  ERROR MATRIX UNCERTAINTY   2.3 per cent
  EXT PARAMETER                                   STEP         FIRST   
  NO.   NAME      VALUE            ERROR          SIZE      DERIVATIVE 
   1  N0           3.07344e+06   1.87400e+03   3.09110e+00   1.36316e-08
   2  tau          6.44052e+01   constant   
   3  A0           3.49110e-01   7.71225e-04   8.79168e-07   1.85984e+00
   4  phi          4.11842e+00   2.38656e-03   1.53009e-06  -5.23683e-03
   5  R           -6.12271e+01   constant   
   6  alpha_CBO    0.00000e+00     fixed    
   7  w_CBO        2.32500e+00   constant   
   8  beta_CBO     0.00000e+00     fixed    
   9  alpha_2CBO   0.00000e+00     fixed    
  10  beta_2CBO    0.00000e+00     fixed    
  11  alpha_y      0.00000e+00     fixed    
  12  w_y          1.38860e+01   constant   
  13  beta_y       0.00000e+00     fixed    
  14  alpha_vw     0.00000e+00     fixed    
  15  w_vw         1.43404e+01   constant   
  16  beta_vw      0.00000e+00     fixed    
  17  LM           5.13638e-05   constant   
  18  zeta_y       0.00000e+00   constant   
  19  zeta_vw      0.00000e+00   constant   
  20  T_CBO        9.99948e+02   8.79014e+02   3.89821e-02  -2.43823e-04
  21  alpha_A0    -7.48281e-03   4.25799e-03  -9.17433e-04  -2.37911e-03
  22  beta_A0     -1.21260e-03   5.02582e-03  -4.33898e-04  -1.48206e-03
  23  alpha_phi    7.87798e-03   4.26554e-03  -4.68907e-04  -6.96823e-04
  24  beta_phi    -5.58611e-03   4.22917e-03  -1.54052e-03  -3.10094e-03
 EXTERNAL ERROR MATRIX.    NDIM=  25    NPAR=  8    ERR DEF=1
  3.512e+06 -1.681e-01  4.070e-01  8.104e+03  1.632e+00  2.124e+00  1.992e+00 -5.842e-01 
 -1.681e-01  5.948e-07  4.990e-08  2.490e-03  9.589e-08 -6.188e-07 -5.278e-07  3.481e-08 
  4.070e-01  4.990e-08  5.696e-06  4.195e-03  8.210e-07 -6.294e-07  3.199e-07 -1.312e-06 
  8.104e+03  2.490e-03  4.195e-03  5.641e+03 -5.019e-02 -1.020e-02  3.485e-02 -4.973e-02 
  1.632e+00  9.589e-08  8.210e-07 -5.019e-02  2.137e-05  1.330e-06  2.152e-06 -4.058e-07 
  2.124e+00 -6.188e-07 -6.294e-07 -1.020e-02  1.330e-06  2.777e-05  2.390e-06 -7.419e-07 
  1.992e+00 -5.278e-07  3.199e-07  3.485e-02  2.152e-06  2.390e-06  2.220e-05 -1.897e-06 
 -5.842e-01  3.481e-08 -1.312e-06 -4.973e-02 -4.058e-07 -7.419e-07 -1.897e-06  1.970e-05 
 PARAMETER  CORRELATION COEFFICIENTS  
       NO.  GLOBAL      1      3      4     20     21     22     23     24
        1  0.36137   1.000 -0.116  0.091  0.058  0.188  0.215  0.226 -0.070
        3  0.22866  -0.116  1.000  0.027  0.043  0.027 -0.152 -0.145  0.010
        4  0.17792   0.091  0.027  1.000  0.023  0.074 -0.050  0.028 -0.124
       20  0.25179   0.058  0.043  0.023  1.000 -0.145 -0.026  0.098 -0.149
       21  0.27059   0.188  0.027  0.074 -0.145  1.000  0.055  0.099 -0.020
       22  0.26500   0.215 -0.152 -0.050 -0.026  0.055  1.000  0.096 -0.032
       23  0.29094   0.226 -0.145  0.028  0.098  0.099  0.096  1.000 -0.091
       24  0.21098  -0.070  0.010 -0.124 -0.149 -0.020 -0.032 -0.091  1.000
MINUIT - FIT ONLY 1-CBO + wiggle
 **********
 **   16 **RES 
 **********
                   PARAMETER   16  beta_vw RESTORED TO VARIABLE.
                   PARAMETER   14  alpha_vw RESTORED TO VARIABLE.
                   PARAMETER   13  beta_y RESTORED TO VARIABLE.
                   PARAMETER   11  alpha_y RESTORED TO VARIABLE.
                   PARAMETER   10  beta_2CBO RESTORED TO VARIABLE.
                   PARAMETER    9  alpha_2CBO RESTORED TO VARIABLE.
                   PARAMETER    8  beta_CBO RESTORED TO VARIABLE.
                   PARAMETER    6  alpha_CBO RESTORED TO VARIABLE.
 **********
 **   17 **FIX            8
 **********
 **********
 **   18 **FIX            9
 **********
 **********
 **   19 **FIX           11
 **********
 **********
 **   20 **FIX           12
 **********
 PARAMETER   12  IS CONSTANT.   IGNORED.
 **********
 **   21 **FIX           14
 **********
 **********
 **   22 **FIX           15
 **********
 PARAMETER   15  IS CONSTANT.   IGNORED.
 **********
 **   23 **FIX           16
 **********
 **********
 **   24 **MIGRAD
 **********
 START MIGRAD MINIMIZATION.  STRATEGY  1.  CONVERGENCE WHEN EDM .LT. 1.00e-04
 FCN=58.1958 FROM MIGRAD    STATUS=INITIATE       28 CALLS         892 TOTAL
                     EDM= unknown      STRATEGY= 1      NO ERROR MATRIX       
  EXT PARAMETER               CURRENT GUESS       STEP         FIRST   
  NO.   NAME      VALUE            ERROR          SIZE      DERIVATIVE 
   1  N0           3.07344e+06   1.87400e+03   3.09110e+00   1.36316e-08
   2  tau          6.44052e+01   constant   
   3  A0           3.49110e-01   7.71225e-04   8.79168e-07   1.85984e+00
   4  phi          4.11842e+00   2.38656e-03   1.53009e-06  -5.23679e-03
   5  R           -6.12271e+01   constant   
   6  alpha_CBO    0.00000e+00   1.00000e-03   1.00000e-03  -7.74935e+03
   7  w_CBO        2.32500e+00   constant   
   8  beta_CBO     0.00000e+00     fixed    
   9  alpha_2CBO   0.00000e+00     fixed    
  10  beta_2CBO    0.00000e+00   1.00000e-03   1.00000e-03  -2.77400e+03
  11  alpha_y      0.00000e+00     fixed    
  12  w_y          1.38860e+01   constant   
  13  beta_y       0.00000e+00   1.00000e-03   1.00000e-03   5.44283e+02
  14  alpha_vw     0.00000e+00     fixed    
  15  w_vw         1.43404e+01   constant   
  16  beta_vw      0.00000e+00     fixed    
  17  LM           5.13638e-05   constant   
  18  zeta_y       0.00000e+00   constant   
  19  zeta_vw      0.00000e+00   constant   
  20  T_CBO        9.99948e+02   8.79014e+02   3.89821e-02  -2.43860e-04
  21  alpha_A0    -7.48281e-03   4.25799e-03  -9.17433e-04   2.37906e-03
  22  beta_A0     -1.21260e-03   5.02582e-03  -4.33898e-04   1.48205e-03
  23  alpha_phi    7.87798e-03   4.26554e-03  -4.68907e-04   6.96789e-04
  24  beta_phi    -5.58611e-03   4.22917e-03  -1.54052e-03   3.10091e-03
 MIGRAD MINIMIZATION HAS CONVERGED.
 MIGRAD WILL VERIFY CONVERGENCE AND ERROR MATRIX.
 COVARIANCE MATRIX CALCULATED SUCCESSFULLY
 FCN=46.171 FROM MIGRAD    STATUS=CONVERGED     253 CALLS        1117 TOTAL
                     EDM=6.83511e-06    STRATEGY= 1      ERROR MATRIX ACCURATE 
  EXT PARAMETER                                   STEP         FIRST   
  NO.   NAME      VALUE            ERROR          SIZE      DERIVATIVE 
   1  N0           3.07318e+06   1.88194e+03   5.63277e+00   2.16105e-07
   2  tau          6.44052e+01   constant   
   3  A0           3.48591e-01   8.15466e-04   2.60615e-06   5.29165e-01
   4  phi          4.11675e+00   2.44318e-03   7.88676e-06  -6.40004e-01
   5  R           -6.12271e+01   constant   
   6  alpha_CBO    2.71174e-03   8.30267e-04   2.66249e-06  -1.21387e+00
   7  w_CBO        2.32500e+00   constant   
   8  beta_CBO     0.00000e+00     fixed    
   9  alpha_2CBO   0.00000e+00     fixed    
  10  beta_2CBO    1.06377e-03   8.26065e-04   2.70002e-06  -3.09669e-01
  11  alpha_y      0.00000e+00     fixed    
  12  w_y          1.38860e+01   constant   
  13  beta_y      -1.51600e-04   8.11498e-04   2.71958e-06  -7.43128e-01
  14  alpha_vw     0.00000e+00     fixed    
  15  w_vw         1.43404e+01   constant   
  16  beta_vw      0.00000e+00     fixed    
  17  LM           5.13638e-05   constant   
  18  zeta_y       0.00000e+00   constant   
  19  zeta_vw      0.00000e+00   constant   
  20  T_CBO        1.00000e+03   5.44218e+02   3.53310e-02** at limit **
  21  alpha_A0    -6.45861e-03   4.36613e-03   1.96099e-03   4.75310e-04
  22  beta_A0     -2.73748e-03   4.85229e-03   1.69790e-03   3.87816e-03
  23  alpha_phi    6.71983e-03   4.39080e-03   2.02608e-03   1.58305e-03
  24  beta_phi    -6.94545e-03   4.21694e-03   2.03389e-03  -3.00618e-03
 EXTERNAL ERROR MATRIX.    NDIM=  25    NPAR= 11    ERR DEF=1
  3.542e+06 
 -1.929e-01  6.650e-07 
  4.434e-01  1.412e-07  5.969e-06 
 -5.714e-02 -1.234e-07 -3.990e-07  6.893e-07 
 -3.969e-02 -2.818e-08 -9.311e-08  3.102e-08  6.824e-07 
 -2.055e-02  2.274e-10  2.525e-08  3.995e-09  8.920e-09  6.585e-07 
 -1.648e+00  3.345e-07 -3.848e-06  4.467e-07 -7.406e-07 -2.578e-08  3.510e+01 
 -1.689e+00  8.339e-08 -9.281e-07  3.958e-07 -3.705e-07 -7.749e-08 -1.424e-03  2.160e-05 
 -1.852e+00  7.379e-07  8.674e-07 -2.102e-07 -5.021e-07  6.281e-08 -5.980e-04  1.625e-06  2.587e-05 
 -1.852e+00  6.977e-07 -2.621e-08 -3.852e-07  2.442e-07 -8.608e-09  1.502e-03  1.931e-06  2.235e-06  2.209e-05 
  1.175e+00 -2.377e-08  1.629e-06 -1.722e-07 -5.006e-07 -1.455e-08 -1.553e-03  1.635e-07  8.264e-08 -1.886e-06  2.030e-05 
 PARAMETER  CORRELATION COEFFICIENTS  
       NO.  GLOBAL      1      3      4      6     10     13     20     21     22     23     24
        1  0.36100   1.000 -0.126  0.096 -0.037 -0.026 -0.013 -0.000 -0.193 -0.193 -0.209  0.139
        3  0.30303  -0.126  1.000  0.071 -0.182 -0.042  0.000  0.000  0.022  0.178  0.182 -0.006
        4  0.27100   0.096  0.071  1.000 -0.197 -0.046  0.013 -0.000 -0.082  0.070 -0.002  0.148
        6  0.29263  -0.037 -0.182 -0.197  1.000  0.045  0.006  0.000  0.103 -0.050 -0.099 -0.046
       10  0.22378  -0.026 -0.042 -0.046  0.045  1.000  0.013 -0.000 -0.096 -0.119  0.063 -0.135
       13  0.03682  -0.013  0.000  0.013  0.006  0.013  1.000 -0.000 -0.021  0.015 -0.002 -0.004
       20  0.09927  -0.000  0.000 -0.000  0.000 -0.000 -0.000  1.000 -0.052 -0.020  0.054 -0.058
       21  0.26395  -0.193  0.022 -0.082  0.103 -0.096 -0.021 -0.052  1.000  0.069  0.088  0.008
       22  0.28807  -0.193  0.178  0.070 -0.050 -0.119  0.015 -0.020  0.069  1.000  0.093  0.004
       23  0.30185  -0.209  0.182 -0.002 -0.099  0.063 -0.002  0.054  0.088  0.093  1.000 -0.089
       24  0.24654   0.139 -0.006  0.148 -0.046 -0.135 -0.004 -0.058  0.008  0.004 -0.089  1.000
MINUIT - FIT ONLY 2-CBO
 **********
 **   25 **RES 
 **********
                   PARAMETER   16  beta_vw RESTORED TO VARIABLE.
                   PARAMETER   14  alpha_vw RESTORED TO VARIABLE.
                   PARAMETER   11  alpha_y RESTORED TO VARIABLE.
                   PARAMETER    9  alpha_2CBO RESTORED TO VARIABLE.
                   PARAMETER    8  beta_CBO RESTORED TO VARIABLE.
 **********
 **   26 **FIX            0
 **********
 PARAMETER    0  IS UNDEFINED. IGNORED.
 **********
 **   27 **FIX            1
 **********
 **********
 **   28 **FIX            2
 **********
 PARAMETER    2  IS CONSTANT.   IGNORED.
 **********
 **   29 **FIX            3
 **********
 **********
 **   30 **FIX            4
 **********
 **********
 **   31 **FIX            5
 **********
 PARAMETER    5  IS CONSTANT.   IGNORED.
 **********
 **   32 **FIX            6
 **********
 **********
 **   33 **FIX            7
 **********
 PARAMETER    7  IS CONSTANT.   IGNORED.
 **********
 **   34 **FIX           10
 **********
 **********
 **   35 **FIX           11
 **********
 **********
 **   36 **FIX           12
 **********
 PARAMETER   12  IS CONSTANT.   IGNORED.
 **********
 **   37 **FIX           13
 **********
 **********
 **   38 **FIX           14
 **********
 **********
 **   39 **FIX           15
 **********
 PARAMETER   15  IS CONSTANT.   IGNORED.
 **********
 **   40 **FIX           16
 **********
 **********
 **   41 **MIGRAD
 **********
 START MIGRAD MINIMIZATION.  STRATEGY  1.  CONVERGENCE WHEN EDM .LT. 1.00e-04
 FCN=46.171 FROM MIGRAD    STATUS=INITIATE       16 CALLS        1133 TOTAL
                     EDM= unknown      STRATEGY= 1      NO ERROR MATRIX       
  EXT PARAMETER               CURRENT GUESS       STEP         FIRST   
  NO.   NAME      VALUE            ERROR          SIZE      DERIVATIVE 
   1  N0           3.07318e+06     fixed    
   2  tau          6.44052e+01   constant   
   3  A0           3.48591e-01     fixed    
   4  phi          4.11675e+00     fixed    
   5  R           -6.12271e+01   constant   
   6  alpha_CBO    2.71174e-03     fixed    
   7  w_CBO        2.32500e+00   constant   
   8  beta_CBO     0.00000e+00   1.00000e-03   1.00000e-03   2.00407e+03
   9  alpha_2CBO   0.00000e+00   1.00000e-03   1.00000e-03   1.54327e+03
  10  beta_2CBO    1.06377e-03     fixed    
  11  alpha_y      0.00000e+00     fixed    
  12  w_y          1.38860e+01   constant   
  13  beta_y      -1.51600e-04     fixed    
  14  alpha_vw     0.00000e+00     fixed    
  15  w_vw         1.43404e+01   constant   
  16  beta_vw      0.00000e+00     fixed    
  17  LM           5.13638e-05   constant   
  18  zeta_y       0.00000e+00   constant   
  19  zeta_vw      0.00000e+00   constant   
  20  T_CBO        1.00000e+03   5.44218e+02   3.53310e-02** at limit **
  21  alpha_A0    -6.45861e-03   4.36613e-03   1.96099e-03   4.84454e-04
  22  beta_A0     -2.73748e-03   4.85229e-03   1.69790e-03   3.88124e-03
  23  alpha_phi    6.71983e-03   4.39080e-03   2.02608e-03   1.57325e-03
  24  beta_phi    -6.94545e-03   4.21694e-03   2.03389e-03  -2.99575e-03
 MIGRAD MINIMIZATION HAS CONVERGED.
 MIGRAD WILL VERIFY CONVERGENCE AND ERROR MATRIX.
 COVARIANCE MATRIX CALCULATED SUCCESSFULLY
 FCN=45.1419 FROM MIGRAD    STATUS=CONVERGED     113 CALLS        1230 TOTAL
                     EDM=6.45211e-06    STRATEGY= 1      ERROR MATRIX ACCURATE 
  EXT PARAMETER                                   STEP         FIRST   
  NO.   NAME      VALUE            ERROR          SIZE      DERIVATIVE 
   1  N0           3.07318e+06     fixed    
   2  tau          6.44052e+01   constant   
   3  A0           3.48591e-01     fixed    
   4  phi          4.11675e+00     fixed    
   5  R           -6.12271e+01   constant   
   6  alpha_CBO    2.71174e-03     fixed    
   7  w_CBO        2.32500e+00   constant   
   8  beta_CBO    -6.50091e-04   8.27199e-04   2.72724e-06  -7.02372e-01
   9  alpha_2CBO  -4.89533e-04   8.33704e-04   2.68769e-06   9.82534e-01
  10  beta_2CBO    1.06377e-03     fixed    
  11  alpha_y      0.00000e+00     fixed    
  12  w_y          1.38860e+01   constant   
  13  beta_y      -1.51600e-04     fixed    
  14  alpha_vw     0.00000e+00     fixed    
  15  w_vw         1.43404e+01   constant   
  16  beta_vw      0.00000e+00     fixed    
  17  LM           5.13638e-05   constant   
  18  zeta_y       0.00000e+00   constant   
  19  zeta_vw      0.00000e+00   constant   
  20  T_CBO        1.00000e+03   7.14153e+02   4.31040e-02** at limit **
  21  alpha_A0    -6.04541e-03   4.30510e-03   1.87995e-03   2.91149e-03
  22  beta_A0     -3.29407e-03   4.69892e-03   1.70952e-03  -2.33292e-03
  23  alpha_phi    7.06009e-03   4.23350e-03   2.09468e-03  -3.45665e-03
  24  beta_phi    -6.49379e-03   4.16238e-03   1.90691e-03   2.90458e-03
 EXTERNAL ERROR MATRIX.    NDIM=  25    NPAR=  7    ERR DEF=1
  6.843e-07 -4.654e-08  7.092e-10 -1.069e-08  1.820e-07 -3.237e-08 -2.088e-07 
 -4.654e-08  6.951e-07 -3.436e-10 -5.185e-07  4.758e-07 -4.076e-07 -3.042e-07 
  7.092e-10 -3.436e-10  8.861e-05 -2.276e-06 -1.239e-06  2.690e-06 -2.472e-06 
 -1.069e-08 -5.185e-07 -2.276e-06  2.069e-05  2.467e-07  1.663e-06  8.968e-07 
  1.820e-07  4.758e-07 -1.239e-06  2.467e-07  2.419e-05  5.293e-07 -1.751e-07 
 -3.237e-08 -4.076e-07  2.690e-06  1.663e-06  5.293e-07  2.059e-05 -9.776e-07 
 -2.088e-07 -3.042e-07 -2.472e-06  8.968e-07 -1.751e-07 -9.776e-07  1.940e-05 
 PARAMETER  CORRELATION COEFFICIENTS  
       NO.  GLOBAL      8      9     20     21     22     23     24
        8  0.10919   1.000 -0.067  0.000 -0.003  0.045 -0.009 -0.057
        9  0.23514  -0.067  1.000 -0.000 -0.137  0.116 -0.108 -0.083
       20  0.10523   0.000 -0.000  1.000 -0.053 -0.027  0.063 -0.060
       21  0.16789  -0.003 -0.137 -0.053  1.000  0.011  0.081  0.045
       22  0.13807   0.045  0.116 -0.027  0.011  1.000  0.024 -0.008
       23  0.15941  -0.009 -0.108  0.063  0.081  0.024  1.000 -0.049
       24  0.13652  -0.057 -0.083 -0.060  0.045 -0.008 -0.049  1.000
MINUIT - FIT wiggle + 1-CBO + 2-CBO
 **********
 **   42 **RES 
 **********
                   PARAMETER   16  beta_vw RESTORED TO VARIABLE.
                   PARAMETER   14  alpha_vw RESTORED TO VARIABLE.
                   PARAMETER   13  beta_y RESTORED TO VARIABLE.
                   PARAMETER   11  alpha_y RESTORED TO VARIABLE.
                   PARAMETER   10  beta_2CBO RESTORED TO VARIABLE.
                   PARAMETER    6  alpha_CBO RESTORED TO VARIABLE.
                   PARAMETER    4  phi RESTORED TO VARIABLE.
                   PARAMETER    3  A0 RESTORED TO VARIABLE.
                   PARAMETER    1  N0 RESTORED TO VARIABLE.
 **********
 **   43 **FIX           10
 **********
 **********
 **   44 **FIX           11
 **********
 **********
 **   45 **FIX           12
 **********
 PARAMETER   12  IS CONSTANT.   IGNORED.
 **********
 **   46 **FIX           13
 **********
 **********
 **   47 **FIX           14
 **********
 **********
 **   48 **FIX           15
 **********
 PARAMETER   15  IS CONSTANT.   IGNORED.
 **********
 **   49 **FIX           16
 **********
 **********
 **   50 **MIGRAD
 **********
 START MIGRAD MINIMIZATION.  STRATEGY  1.  CONVERGENCE WHEN EDM .LT. 1.00e-04
 FCN=45.1419 FROM MIGRAD    STATUS=INITIATE       22 CALLS        1252 TOTAL
                     EDM= unknown      STRATEGY= 1      NO ERROR MATRIX       
  EXT PARAMETER               CURRENT GUESS       STEP         FIRST   
  NO.   NAME      VALUE            ERROR          SIZE      DERIVATIVE 
   1  N0           3.07318e+06   1.88194e+03   1.88194e+03   4.10209e-05
   2  tau          6.44052e+01   constant   
   3  A0           3.48591e-01   8.15466e-04   8.15466e-04   2.19751e+02
   4  phi          4.11675e+00   2.44318e-03   2.44318e-03  -9.21220e+01
   5  R           -6.12271e+01   constant   
   6  alpha_CBO    2.71174e-03   8.30267e-04   8.30267e-04  -5.72663e+01
   7  w_CBO        2.32500e+00   constant   
   8  beta_CBO    -6.50091e-04   8.27199e-04   2.72724e-06  -7.02343e-01
   9  alpha_2CBO  -4.89533e-04   8.33704e-04   2.68769e-06   9.82573e-01
  10  beta_2CBO    1.06377e-03     fixed    
  11  alpha_y      0.00000e+00     fixed    
  12  w_y          1.38860e+01   constant   
  13  beta_y      -1.51600e-04     fixed    
  14  alpha_vw     0.00000e+00     fixed    
  15  w_vw         1.43404e+01   constant   
  16  beta_vw      0.00000e+00     fixed    
  17  LM           5.13638e-05   constant   
  18  zeta_y       0.00000e+00   constant   
  19  zeta_vw      0.00000e+00   constant   
  20  T_CBO        9.99999e+02   7.14153e+02   4.31040e-02  -3.19984e-05
  21  alpha_A0    -6.04541e-03   4.30510e-03   1.87995e-03   2.92111e-03
  22  beta_A0     -3.29407e-03   4.69892e-03   1.70952e-03  -2.32836e-03
  23  alpha_phi    7.06009e-03   4.23350e-03   2.09468e-03  -3.46880e-03
  24  beta_phi    -6.49379e-03   4.16238e-03   1.90691e-03   2.91510e-03
 MIGRAD MINIMIZATION HAS CONVERGED.
 MIGRAD WILL VERIFY CONVERGENCE AND ERROR MATRIX.
 COVARIANCE MATRIX CALCULATED SUCCESSFULLY
 FCN=45.1216 FROM MIGRAD    STATUS=CONVERGED     196 CALLS        1426 TOTAL
                     EDM=1.11809e-05    STRATEGY= 1      ERROR MATRIX ACCURATE 
  EXT PARAMETER                                   STEP         FIRST   
  NO.   NAME      VALUE            ERROR          SIZE      DERIVATIVE 
   1  N0           3.07314e+06   1.88507e+03   5.56969e+00  -1.84159e-06
   2  tau          6.44052e+01   constant   
   3  A0           3.48523e-01   8.20008e-04   2.57698e-06   1.82907e+00
   4  phi          4.11700e+00   2.47491e-03   7.80049e-06  -4.08819e-02
   5  R           -6.12271e+01   constant   
   6  alpha_CBO    2.72827e-03   8.29548e-04   2.63272e-06   9.24752e-01
   7  w_CBO        2.32500e+00   constant   
   8  beta_CBO    -6.76409e-04   8.47649e-04   2.72670e-06  -1.18767e+00
   9  alpha_2CBO  -4.81656e-04   8.36113e-04   2.68716e-06   1.35509e+00
  10  beta_2CBO    1.06377e-03     fixed    
  11  alpha_y      0.00000e+00     fixed    
  12  w_y          1.38860e+01   constant   
  13  beta_y      -1.51600e-04     fixed    
  14  alpha_vw     0.00000e+00     fixed    
  15  w_vw         1.43404e+01   constant   
  16  beta_vw      0.00000e+00     fixed    
  17  LM           5.13638e-05   constant   
  18  zeta_y       0.00000e+00   constant   
  19  zeta_vw      0.00000e+00   constant   
  20  T_CBO        1.00000e+03   6.46123e+02   3.81944e-02** at limit **
  21  alpha_A0    -6.05389e-03   4.40273e-03   1.86479e-03   1.64060e-03
  22  beta_A0     -3.29983e-03   4.84997e-03   1.70950e-03  -1.18487e-03
  23  alpha_phi    7.01541e-03   4.37916e-03   2.09088e-03   1.44047e-03
  24  beta_phi    -6.44085e-03   4.23534e-03   1.89655e-03   1.91684e-03
 EXTERNAL ERROR MATRIX.    NDIM=  25    NPAR= 11    ERR DEF=1
  3.553e+06 
 -1.843e-01  6.724e-07 
  3.916e-01  1.001e-07  6.125e-06 
 -5.606e-02 -1.233e-07 -3.903e-07  6.882e-07 
  8.712e-02  7.841e-08 -3.349e-07 -1.160e-08  7.185e-07 
 -6.343e-02 -1.339e-08  1.111e-07 -5.581e-09 -5.731e-08  6.991e-07 
 -6.776e-03  1.831e-09 -2.143e-08  2.601e-09  3.520e-09 -1.650e-09  1.116e-03 
 -1.671e+00  7.127e-08 -1.036e-06  4.181e-07 -1.152e-08 -5.065e-07 -7.347e-06  2.177e-05 
 -1.903e+00  7.301e-07  7.898e-07 -1.958e-07  1.628e-07  5.119e-07 -4.002e-06  9.679e-07  2.594e-05 
 -1.806e+00  7.118e-07 -4.302e-08 -3.926e-07  5.527e-09 -3.894e-07  8.644e-06  2.341e-06  2.124e-06  2.224e-05 
  1.135e+00 -6.774e-08  1.649e-06 -1.420e-07 -2.714e-07 -2.937e-07 -7.922e-06  1.205e-07 -5.754e-07 -1.523e-06  2.015e-05 
 PARAMETER  CORRELATION COEFFICIENTS  
       NO.  GLOBAL      1      3      4      6      8      9     20     21     22     23     24
        1  0.36500   1.000 -0.119  0.084 -0.036  0.055 -0.040 -0.000 -0.190 -0.198 -0.203  0.134
        3  0.31917  -0.119  1.000  0.049 -0.181  0.113 -0.020  0.000  0.019  0.175  0.184 -0.018
        4  0.31080   0.084  0.049  1.000 -0.190 -0.160  0.054 -0.000 -0.090  0.063 -0.004  0.148
        6  0.28987  -0.036 -0.181 -0.190  1.000 -0.016 -0.008  0.000  0.108 -0.046 -0.100 -0.038
        8  0.24286   0.055  0.113 -0.160 -0.016  1.000 -0.081  0.000 -0.003  0.038  0.001 -0.071
        9  0.24633  -0.040 -0.020  0.054 -0.008 -0.081  1.000 -0.000 -0.130  0.120 -0.099 -0.078
       20  0.09538  -0.000  0.000 -0.000  0.000  0.000 -0.000  1.000 -0.047 -0.024  0.055 -0.053
       21  0.27578  -0.190  0.019 -0.090  0.108 -0.003 -0.130 -0.047  1.000  0.041  0.106  0.006
       22  0.29198  -0.198  0.175  0.063 -0.046  0.038  0.120 -0.024  0.041  1.000  0.088 -0.025
       23  0.31049  -0.203  0.184 -0.004 -0.100  0.001 -0.099  0.055  0.106  0.088  1.000 -0.072
       24  0.23339   0.134 -0.018  0.148 -0.038 -0.071 -0.078 -0.053  0.006 -0.025 -0.072  1.000
MINUIT - FIT ONLY 1-y
 **********
 **   51 **RES 
 **********
                   PARAMETER   16  beta_vw RESTORED TO VARIABLE.
                   PARAMETER   14  alpha_vw RESTORED TO VARIABLE.
                   PARAMETER   13  beta_y RESTORED TO VARIABLE.
                   PARAMETER   11  alpha_y RESTORED TO VARIABLE.
                   PARAMETER   10  beta_2CBO RESTORED TO VARIABLE.
 **********
 **   52 **FIX            0
 **********
 PARAMETER    0  IS UNDEFINED. IGNORED.
 **********
 **   53 **FIX            1
 **********
 **********
 **   54 **FIX            2
 **********
 PARAMETER    2  IS CONSTANT.   IGNORED.
 **********
 **   55 **FIX            3
 **********
 **********
 **   56 **FIX            4
 **********
 **********
 **   57 **FIX            5
 **********
 PARAMETER    5  IS CONSTANT.   IGNORED.
 **********
 **   58 **FIX            6
 **********
 **********
 **   59 **FIX            7
 **********
 PARAMETER    7  IS CONSTANT.   IGNORED.
 **********
 **   60 **FIX            8
 **********
 **********
 **   61 **FIX            9
 **********
 **********
 **   62 **FIX           13
 **********
 **********
 **   63 **FIX           14
 **********
 **********
 **   64 **FIX           15
 **********
 PARAMETER   15  IS CONSTANT.   IGNORED.
 **********
 **   65 **FIX           16
 **********
 **********
 **   66 **MIGRAD
 **********
 START MIGRAD MINIMIZATION.  STRATEGY  1.  CONVERGENCE WHEN EDM .LT. 1.00e-04
 FCN=45.1216 FROM MIGRAD    STATUS=INITIATE       16 CALLS        1442 TOTAL
                     EDM= unknown      STRATEGY= 1      NO ERROR MATRIX       
  EXT PARAMETER               CURRENT GUESS       STEP         FIRST   
  NO.   NAME      VALUE            ERROR          SIZE      DERIVATIVE 
   1  N0           3.07314e+06     fixed    
   2  tau          6.44052e+01   constant   
   3  A0           3.48523e-01     fixed    
   4  phi          4.11700e+00     fixed    
   5  R           -6.12271e+01   constant   
   6  alpha_CBO    2.72827e-03     fixed    
   7  w_CBO        2.32500e+00   constant   
   8  beta_CBO    -6.76409e-04     fixed    
   9  alpha_2CBO  -4.81656e-04     fixed    
  10  beta_2CBO    1.06377e-03   8.26065e-04   8.26065e-04  -7.38531e+01
  11  alpha_y      0.00000e+00   1.00000e-03   1.00000e-03   2.39369e+03
  12  w_y          1.38860e+01   constant   
  13  beta_y      -1.51600e-04     fixed    
  14  alpha_vw     0.00000e+00     fixed    
  15  w_vw         1.43404e+01   constant   
  16  beta_vw      0.00000e+00     fixed    
  17  LM           5.13638e-05   constant   
  18  zeta_y       0.00000e+00   constant   
  19  zeta_vw      0.00000e+00   constant   
  20  T_CBO        9.99999e+02   6.46123e+02   3.81944e-02  -3.04752e-05
  21  alpha_A0    -6.05389e-03   4.40273e-03   1.86479e-03   1.65020e-03
  22  beta_A0     -3.29983e-03   4.84997e-03   1.70950e-03  -1.18023e-03
  23  alpha_phi    7.01541e-03   4.37916e-03   2.09088e-03   1.42845e-03
  24  beta_phi    -6.44085e-03   4.23534e-03   1.89655e-03   1.92723e-03
 MIGRAD MINIMIZATION HAS CONVERGED.
 MIGRAD WILL VERIFY CONVERGENCE AND ERROR MATRIX.
 COVARIANCE MATRIX CALCULATED SUCCESSFULLY
 FCN=44.1938 FROM MIGRAD    STATUS=CONVERGED     119 CALLS        1545 TOTAL
                     EDM=6.32844e-07    STRATEGY= 1      ERROR MATRIX ACCURATE 
  EXT PARAMETER                                   STEP         FIRST   
  NO.   NAME      VALUE            ERROR          SIZE      DERIVATIVE 
   1  N0           3.07314e+06     fixed    
   2  tau          6.44052e+01   constant   
   3  A0           3.48523e-01     fixed    
   4  phi          4.11700e+00     fixed    
   5  R           -6.12271e+01   constant   
   6  alpha_CBO    2.72827e-03     fixed    
   7  w_CBO        2.32500e+00   constant   
   8  beta_CBO    -6.76409e-04     fixed    
   9  alpha_2CBO  -4.81656e-04     fixed    
  10  beta_2CBO    1.07840e-03   8.23933e-04   2.64290e-06  -2.77235e-01
  11  alpha_y     -7.74727e-04   8.04703e-04   2.64032e-06  -9.47546e-02
  12  w_y          1.38860e+01   constant   
  13  beta_y      -1.51600e-04     fixed    
  14  alpha_vw     0.00000e+00     fixed    
  15  w_vw         1.43404e+01   constant   
  16  beta_vw      0.00000e+00     fixed    
  17  LM           5.13638e-05   constant   
  18  zeta_y       0.00000e+00   constant   
  19  zeta_vw      0.00000e+00   constant   
  20  T_CBO        1.00000e+03   6.82077e+02   3.70393e-02** at limit **
  21  alpha_A0    -6.06679e-03   4.29008e-03   1.85206e-03   1.52645e-03
  22  beta_A0     -3.39938e-03   4.69312e-03   1.69977e-03   1.91131e-04
  23  alpha_phi    7.01040e-03   4.22460e-03   2.06496e-03  -1.04604e-03
  24  beta_phi    -6.52877e-03   4.17095e-03   1.88985e-03  -4.06679e-05
 EXTERNAL ERROR MATRIX.    NDIM=  25    NPAR=  7    ERR DEF=1
  6.789e-07  8.632e-09 -6.835e-10 -4.085e-07 -4.784e-07  2.610e-07 -4.627e-07 
  8.632e-09  6.475e-07  8.240e-11 -1.755e-09  7.020e-08  9.787e-09  5.720e-08 
 -6.835e-10  8.240e-11  2.230e-05 -9.962e-07 -5.572e-07  1.166e-06 -1.085e-06 
 -4.085e-07 -1.755e-09 -9.962e-07  2.053e-05  8.957e-07  1.210e-06  9.194e-07 
 -4.784e-07  7.020e-08 -5.572e-07  8.957e-07  2.414e-05  6.535e-07  4.258e-07 
  2.610e-07  9.787e-09  1.166e-06  1.210e-06  6.535e-07  2.044e-05 -1.337e-06 
 -4.627e-07  5.720e-08 -1.085e-06  9.194e-07  4.258e-07 -1.337e-06  1.951e-05 
 PARAMETER  CORRELATION COEFFICIENTS  
       NO.  GLOBAL     10     11     20     21     22     23     24
       10  0.21236   1.000  0.013 -0.000 -0.109 -0.118  0.070 -0.127
       11  0.02950   0.013  1.000  0.000 -0.000  0.018  0.003  0.016
       20  0.09183  -0.000  0.000  1.000 -0.047 -0.024  0.055 -0.052
       21  0.14377  -0.109 -0.000 -0.047  1.000  0.040  0.059  0.046
       22  0.13049  -0.118  0.018 -0.024  0.040  1.000  0.029  0.020
       23  0.13238   0.070  0.003  0.055  0.059  0.029  1.000 -0.067
       24  0.15303  -0.127  0.016 -0.052  0.046  0.020 -0.067  1.000
MINUIT - FIT ONLY 2-y
 **********
 **   67 **RES 
 **********
                   PARAMETER   16  beta_vw RESTORED TO VARIABLE.
                   PARAMETER   14  alpha_vw RESTORED TO VARIABLE.
                   PARAMETER   13  beta_y RESTORED TO VARIABLE.
                   PARAMETER    9  alpha_2CBO RESTORED TO VARIABLE.
                   PARAMETER    8  beta_CBO RESTORED TO VARIABLE.
                   PARAMETER    6  alpha_CBO RESTORED TO VARIABLE.
                   PARAMETER    4  phi RESTORED TO VARIABLE.
                   PARAMETER    3  A0 RESTORED TO VARIABLE.
                   PARAMETER    1  N0 RESTORED TO VARIABLE.
 **********
 **   68 **FIX            0
 **********
 PARAMETER    0  IS UNDEFINED. IGNORED.
 **********
 **   69 **FIX            1
 **********
 **********
 **   70 **FIX            2
 **********
 PARAMETER    2  IS CONSTANT.   IGNORED.
 **********
 **   71 **FIX            3
 **********
 **********
 **   72 **FIX            4
 **********
 **********
 **   73 **FIX            5
 **********
 PARAMETER    5  IS CONSTANT.   IGNORED.
 **********
 **   74 **FIX            6
 **********
 **********
 **   75 **FIX            7
 **********
 PARAMETER    7  IS CONSTANT.   IGNORED.
 **********
 **   76 **FIX            8
 **********
 **********
 **   77 **FIX            9
 **********
 **********
 **   78 **FIX           10
 **********
 **********
 **   79 **FIX           11
 **********
 **********
 **   80 **FIX           12
 **********
 PARAMETER   12  IS CONSTANT.   IGNORED.
 **********
 **   81 **FIX           16
 **********
 **********
 **   82 **MIGRAD
 **********
 START MIGRAD MINIMIZATION.  STRATEGY  1.  CONVERGENCE WHEN EDM .LT. 1.00e-04
 FCN=44.1938 FROM MIGRAD    STATUS=INITIATE       16 CALLS        1561 TOTAL
                     EDM= unknown      STRATEGY= 1      NO ERROR MATRIX       
  EXT PARAMETER               CURRENT GUESS       STEP         FIRST   
  NO.   NAME      VALUE            ERROR          SIZE      DERIVATIVE 
   1  N0           3.07314e+06     fixed    
   2  tau          6.44052e+01   constant   
   3  A0           3.48523e-01     fixed    
   4  phi          4.11700e+00     fixed    
   5  R           -6.12271e+01   constant   
   6  alpha_CBO    2.72827e-03     fixed    
   7  w_CBO        2.32500e+00   constant   
   8  beta_CBO    -6.76409e-04     fixed    
   9  alpha_2CBO  -4.81656e-04     fixed    
  10  beta_2CBO    1.07840e-03     fixed    
  11  alpha_y     -7.74727e-04     fixed    
  12  w_y          1.38860e+01   constant   
  13  beta_y      -1.51600e-04   8.11498e-04   8.11498e-04  -6.51320e+01
  14  alpha_vw     0.00000e+00   1.00000e-03   1.00000e-03   1.59388e+03
  15  w_vw         1.43404e+01   constant   
  16  beta_vw      0.00000e+00     fixed    
  17  LM           5.13638e-05   constant   
  18  zeta_y       0.00000e+00   constant   
  19  zeta_vw      0.00000e+00   constant   
  20  T_CBO        9.99999e+02   6.82077e+02   3.70393e-02  -3.08306e-05
  21  alpha_A0    -6.06679e-03   4.29008e-03   1.85206e-03   1.53593e-03
  22  beta_A0     -3.39938e-03   4.69312e-03   1.69977e-03   1.95742e-04
  23  alpha_phi    7.01040e-03   4.22460e-03   2.06496e-03  -1.05784e-03
  24  beta_phi    -6.52877e-03   4.17095e-03   1.88985e-03  -3.76830e-05
 MIGRAD MINIMIZATION HAS CONVERGED.
 MIGRAD WILL VERIFY CONVERGENCE AND ERROR MATRIX.
 COVARIANCE MATRIX CALCULATED SUCCESSFULLY
 FCN=43.7796 FROM MIGRAD    STATUS=CONVERGED      96 CALLS        1641 TOTAL
                     EDM=1.68455e-06    STRATEGY= 1      ERROR MATRIX ACCURATE 
  EXT PARAMETER                                   STEP         FIRST   
  NO.   NAME      VALUE            ERROR          SIZE      DERIVATIVE 
   1  N0           3.07314e+06     fixed    
   2  tau          6.44052e+01   constant   
   3  A0           3.48523e-01     fixed    
   4  phi          4.11700e+00     fixed    
   5  R           -6.12271e+01   constant   
   6  alpha_CBO    2.72827e-03     fixed    
   7  w_CBO        2.32500e+00   constant   
   8  beta_CBO    -6.76409e-04     fixed    
   9  alpha_2CBO  -4.81656e-04     fixed    
  10  beta_2CBO    1.07840e-03     fixed    
  11  alpha_y     -7.74727e-04     fixed    
  12  w_y          1.38860e+01   constant   
  13  beta_y      -1.56766e-04   8.12308e-04   2.64973e-06   5.21758e-01
  14  alpha_vw    -5.19937e-04   8.08584e-04   2.63821e-06   2.24174e-02
  15  w_vw         1.43404e+01   constant   
  16  beta_vw      0.00000e+00     fixed    
  17  LM           5.13638e-05   constant   
  18  zeta_y       0.00000e+00   constant   
  19  zeta_vw      0.00000e+00   constant   
  20  T_CBO        1.00000e+03   6.62358e+02   3.14863e-02** at limit **
  21  alpha_A0    -6.10820e-03   4.26607e-03   1.84023e-03  -1.25588e-03
  22  beta_A0     -3.39825e-03   4.66230e-03   1.69267e-03   2.89986e-03
  23  alpha_phi    7.00643e-03   4.21515e-03   2.05490e-03   5.76974e-04
  24  beta_phi    -6.55118e-03   4.13771e-03   1.88046e-03   1.02268e-03
 EXTERNAL ERROR MATRIX.    NDIM=  25    NPAR=  7    ERR DEF=1
  6.598e-07  3.369e-08 -1.712e-10 -7.842e-08  5.494e-08 -1.951e-08 -6.984e-09 
  3.369e-08  6.538e-07  8.598e-10  4.491e-08  5.421e-09  7.057e-09  2.912e-08 
 -1.712e-10  8.598e-10  8.400e-03 -1.671e-05 -9.263e-06  1.940e-05 -1.811e-05 
 -7.842e-08  4.491e-08 -1.671e-05  2.030e-05  5.949e-07  1.385e-06  6.309e-07 
  5.494e-08  5.421e-09 -9.263e-06  5.949e-07  2.380e-05  8.428e-07  8.430e-08 
 -1.951e-08  7.057e-09  1.940e-05  1.385e-06  8.428e-07  2.033e-05 -1.145e-06 
 -6.984e-09  2.912e-08 -1.811e-05  6.309e-07  8.430e-08 -1.145e-06  1.917e-05 
 PARAMETER  CORRELATION COEFFICIENTS  
       NO.  GLOBAL     13     14     20     21     22     23     24
       13  0.05786   1.000  0.051 -0.000 -0.021  0.014 -0.005 -0.002
       14  0.05364   0.051  1.000  0.000  0.012  0.001  0.002  0.008
       20  0.07903  -0.000  0.000  1.000 -0.040 -0.021  0.047 -0.045
       21  0.09430  -0.021  0.012 -0.040  1.000  0.027  0.068  0.032
       22  0.05256   0.014  0.001 -0.021  0.027  1.000  0.038  0.004
       23  0.10921  -0.005  0.002  0.047  0.068  0.038  1.000 -0.058
