 + ++++++++++++++++++++++++++++++++++++++++++++++++++++++++++++++++++++ +
 +                                                                      +
 +           You have chose to blind your fitting according to          +
 +                omega_ref * (1 + (R +/- deltaR) *10^{-6})             +
 +                                                                      +
 + ++++++++++++++++++++++++++++++++++++++++++++++++++++++++++++++++++++ +
In main()...
reading format from /gm2data/zkhechad/run45/envelope/formats/formatB_sBin_constraintOn.txt
pBinTau 	= 0  
pBinPhi 	= 0  
constraintau 	= 1 
includeMopTerm 	= 0    
constrainMop    = 0   
Parameters after format file: pBinTau 0 pBinPhi 0 constraintau 1 includeMopTerm 0 constrainMop 0 c_e_scale 0.000000 
Opening file /gm2data/tbarrett/gm2fr/studies/run23_bunch_corrections/CorrectedFourier_Run3b.root.
reading full fit data from /gm2data/zkhechad/cboTemplates/Run4CBOTemplates/fullFits/noRF/sBin_constraintOn_cE0.0_seed0_noRF_calo4.root
windowBins = 69
fitting sliding window 910 from bin 1046 at 155.914000 to bin 1115 at 166.358000 (69 bins)

Reading data from /gm2data/cornell/histograms/aMethod/histogram_a_noRF.root
 **********
 **    1 **SET PRINTOUT            1
 **********
 **********
 **    2 **SET NOWARNINGS 
 **********
 PARAMETER DEFINITIONS:
    NO.   NAME         VALUE      STEP SIZE      LIMITS
     1 N0           2.96874e+06  1.00000e+02     no limits
     2 tau          6.44041e+01  constant
     3 A0           3.53299e-01  1.00000e-04     no limits
     4 phi          4.11736e+00  1.00000e-02     no limits
     5 R           -5.92716e+01  constant
     6 alpha_CBO    0.00000e+00  1.00000e-03     no limits
     7 w_CBO        2.32500e+00  constant
     8 beta_CBO     0.00000e+00  1.00000e-03     no limits
     9 alpha_2CBO   0.00000e+00  1.00000e-03     no limits
    10 beta_2CBO    0.00000e+00  1.00000e-03     no limits
    11 alpha_y      0.00000e+00  1.00000e-03     no limits
    12 w_y          1.38860e+01  constant
    13 beta_y       0.00000e+00  1.00000e-03     no limits
    14 alpha_vw     0.00000e+00  1.00000e-03     no limits
    15 w_vw         1.43404e+01  constant
    16 beta_vw      0.00000e+00  1.00000e-03     no limits
    17 LM           4.68092e-05  constant
    18 zeta_y       0.00000e+00  constant
    19 zeta_vw      0.00000e+00  constant
    20 T_CBO        1.00000e+02  1.00000e+00    0.00000e+00  1.00000e+03
    21 alpha_A0     0.00000e+00  1.00000e-04   -1.00000e-02  1.00000e-02
    22 beta_A0      0.00000e+00  1.00000e-04   -1.00000e-02  1.00000e-02
    23 alpha_phi    0.00000e+00  1.00000e-04   -1.00000e-02  1.00000e-02
    24 beta_phi     0.00000e+00  1.00000e-04   -1.00000e-02  1.00000e-02
MINUIT - FIT ONLY WIGGLE
 **********
 **    3 **FIX            5
 **********
 PARAMETER    5  IS CONSTANT.   IGNORED.
 **********
 **    4 **FIX            6
 **********
 **********
 **    5 **FIX            7
 **********
 PARAMETER    7  IS CONSTANT.   IGNORED.
 **********
 **    6 **FIX            8
 **********
 **********
 **    7 **FIX            9
 **********
 **********
 **    8 **FIX           10
 **********
 **********
 **    9 **FIX           11
 **********
 **********
 **   10 **FIX           12
 **********
 PARAMETER   12  IS CONSTANT.   IGNORED.
 **********
 **   11 **FIX           13
 **********
 **********
 **   12 **FIX           14
 **********
 **********
 **   13 **FIX           15
 **********
 PARAMETER   15  IS CONSTANT.   IGNORED.
 **********
 **   14 **FIX           16
 **********
 **********
 **   15 **MIGRAD
 **********
 FIRST CALL TO USER FUNCTION AT NEW START POINT, WITH IFLAG=4.
 START MIGRAD MINIMIZATION.  STRATEGY  1.  CONVERGENCE WHEN EDM .LT. 1.00e-04
 FCN=576.446 FROM MIGRAD    STATUS=INITIATE      437 CALLS         438 TOTAL
                     EDM= unknown      STRATEGY= 1      NO ERROR MATRIX       
  EXT PARAMETER               CURRENT GUESS       STEP         FIRST   
  NO.   NAME      VALUE            ERROR          SIZE      DERIVATIVE 
   1  N0           2.96874e+06   1.00000e+02   0.00000e+00   1.02287e-03
   2  tau          6.44041e+01   constant   
   3  A0           3.53299e-01   1.00000e-04   0.00000e+00  -2.90059e+04
   4  phi          4.11736e+00   1.00000e-02   0.00000e+00   1.07463e+04
   5  R           -5.92716e+01   constant   
   6  alpha_CBO    0.00000e+00     fixed    
   7  w_CBO        2.32500e+00   constant   
   8  beta_CBO     0.00000e+00     fixed    
   9  alpha_2CBO   0.00000e+00     fixed    
  10  beta_2CBO    0.00000e+00     fixed    
  11  alpha_y      0.00000e+00     fixed    
  12  w_y          1.38860e+01   constant   
  13  beta_y       0.00000e+00     fixed    
  14  alpha_vw     0.00000e+00     fixed    
  15  w_vw         1.43404e+01   constant   
  16  beta_vw      0.00000e+00     fixed    
  17  LM           4.68092e-05   constant   
  18  zeta_y       0.00000e+00   constant   
  19  zeta_vw      0.00000e+00   constant   
  20  T_CBO        1.00000e+02   1.00000e+00   0.00000e+00   0.00000e+00
  21  alpha_A0     0.00000e+00   1.00000e-04   0.00000e+00  -7.44618e+00
  22  beta_A0      0.00000e+00   1.00000e-04   0.00000e+00   1.73536e+01
  23  alpha_phi    0.00000e+00   1.00000e-04   0.00000e+00  -1.09895e+01
  24  beta_phi     0.00000e+00   1.00000e-04   0.00000e+00   2.25755e+01
 MIGRAD MINIMIZATION HAS CONVERGED.
 FCN=511.831 FROM MIGRAD    STATUS=CONVERGED     714 CALLS         715 TOTAL
                     EDM=2.3498e-06    STRATEGY= 1  ERROR MATRIX UNCERTAINTY   0.5 per cent
  EXT PARAMETER                                   STEP         FIRST   
  NO.   NAME      VALUE            ERROR          SIZE      DERIVATIVE 
   1  N0           2.96837e+06   4.53237e+02  -1.97045e-01   2.79242e-06
   2  tau          6.44041e+01   constant   
   3  A0           3.54110e-01   2.05166e-04  -1.52276e-06  -9.32531e-01
   4  phi          4.11590e+00   5.59969e-04   1.47966e-06   9.54655e-01
   5  R           -5.92716e+01   constant   
   6  alpha_CBO    0.00000e+00     fixed    
   7  w_CBO        2.32500e+00   constant   
   8  beta_CBO     0.00000e+00     fixed    
   9  alpha_2CBO   0.00000e+00     fixed    
  10  beta_2CBO    0.00000e+00     fixed    
  11  alpha_y      0.00000e+00     fixed    
  12  w_y          1.38860e+01   constant   
  13  beta_y       0.00000e+00     fixed    
  14  alpha_vw     0.00000e+00     fixed    
  15  w_vw         1.43404e+01   constant   
  16  beta_vw      0.00000e+00     fixed    
  17  LM           4.68092e-05   constant   
  18  zeta_y       0.00000e+00   constant   
  19  zeta_vw      0.00000e+00   constant   
  20  T_CBO        2.10791e+02   4.90377e+01  -2.68542e-04  -2.08264e-02
  21  alpha_A0     3.96684e-03   1.87414e-03  -4.11684e-04   1.90928e-03
  22  beta_A0     -5.90845e-03   1.95484e-03   1.07735e-04   2.74767e-03
  23  alpha_phi    2.34872e-03   1.75749e-03  -1.05110e-04   1.53931e-03
  24  beta_phi    -1.00000e-02   1.59275e-02  -4.20308e-03** at limit **
 EXTERNAL ERROR MATRIX.    NDIM=  25    NPAR=  8    ERR DEF=1
  2.054e+05  1.367e-03 -3.955e-02 -3.606e+03 -7.325e-02 -1.628e-01 -6.228e-02 -2.119e-08 
  1.367e-03  4.209e-08  2.627e-10  1.119e-03  1.647e-08  1.821e-08 -3.524e-08 -8.195e-14 
 -3.955e-02  2.627e-10  3.136e-07  2.080e-03  1.319e-08  8.227e-08  6.858e-08  1.283e-13 
 -3.606e+03  1.119e-03  2.080e-03  2.416e+03 -2.950e-02  5.579e-02 -2.770e-02  2.127e-07 
 -7.325e-02  1.647e-08  1.319e-08 -2.950e-02  3.562e-06 -6.418e-07  2.987e-07 -3.158e-12 
 -1.628e-01  1.821e-08  8.227e-08  5.579e-02 -6.418e-07  3.899e-06 -7.216e-07  4.431e-12 
 -6.228e-02 -3.524e-08  6.858e-08 -2.770e-02  2.987e-07 -7.216e-07  3.123e-06 -1.914e-12 
 -2.119e-08 -8.195e-14  1.283e-13  2.127e-07 -3.158e-12  4.431e-12 -1.914e-12  7.513e-17 
 PARAMETER  CORRELATION COEFFICIENTS  
       NO.  GLOBAL      1      3      4     20     21     22     23     24
        1  0.31867   1.000  0.015 -0.156 -0.162 -0.086 -0.182 -0.078 -0.005
        3  0.19591   0.015  1.000  0.002  0.111  0.043  0.045 -0.097 -0.046
        4  0.18504  -0.156  0.002  1.000  0.076  0.012  0.074  0.069  0.026
       20  0.73716  -0.162  0.111  0.076  1.000 -0.318  0.575 -0.319  0.499
       21  0.35862  -0.086  0.043  0.012 -0.318  1.000 -0.172  0.090 -0.193
       22  0.58426  -0.182  0.045  0.074  0.575 -0.172  1.000 -0.207  0.259
       23  0.36423  -0.078 -0.097  0.069 -0.319  0.090 -0.207  1.000 -0.125
       24  0.51825  -0.005 -0.046  0.026  0.499 -0.193  0.259 -0.125  1.000
MINUIT - FIT ONLY 1-CBO + wiggle
 **********
 **   16 **RES 
 **********
                   PARAMETER   16  beta_vw RESTORED TO VARIABLE.
                   PARAMETER   14  alpha_vw RESTORED TO VARIABLE.
                   PARAMETER   13  beta_y RESTORED TO VARIABLE.
                   PARAMETER   11  alpha_y RESTORED TO VARIABLE.
                   PARAMETER   10  beta_2CBO RESTORED TO VARIABLE.
                   PARAMETER    9  alpha_2CBO RESTORED TO VARIABLE.
                   PARAMETER    8  beta_CBO RESTORED TO VARIABLE.
                   PARAMETER    6  alpha_CBO RESTORED TO VARIABLE.
 **********
 **   17 **FIX            8
 **********
 **********
 **   18 **FIX            9
 **********
 **********
 **   19 **FIX           11
 **********
 **********
 **   20 **FIX           12
 **********
 PARAMETER   12  IS CONSTANT.   IGNORED.
 **********
 **   21 **FIX           14
 **********
 **********
 **   22 **FIX           15
 **********
 PARAMETER   15  IS CONSTANT.   IGNORED.
 **********
 **   23 **FIX           16
 **********
 **********
 **   24 **MIGRAD
 **********
 START MIGRAD MINIMIZATION.  STRATEGY  1.  CONVERGENCE WHEN EDM .LT. 1.00e-04
 FCN=511.831 FROM MIGRAD    STATUS=INITIATE       28 CALLS         743 TOTAL
                     EDM= unknown      STRATEGY= 1      NO ERROR MATRIX       
  EXT PARAMETER               CURRENT GUESS       STEP         FIRST   
  NO.   NAME      VALUE            ERROR          SIZE      DERIVATIVE 
   1  N0           2.96837e+06   4.53237e+02  -1.97045e-01   2.78226e-06
   2  tau          6.44041e+01   constant   
   3  A0           3.54110e-01   2.05166e-04  -1.52276e-06  -9.08531e-01
   4  phi          4.11590e+00   5.59969e-04   1.47966e-06   9.54727e-01
   5  R           -5.92716e+01   constant   
   6  alpha_CBO    0.00000e+00   1.00000e-03   1.00000e-03   3.71032e+04
   7  w_CBO        2.32500e+00   constant   
   8  beta_CBO     0.00000e+00     fixed    
   9  alpha_2CBO   0.00000e+00     fixed    
  10  beta_2CBO    0.00000e+00   1.00000e-03   1.00000e-03   2.23276e+04
  11  alpha_y      0.00000e+00     fixed    
  12  w_y          1.38860e+01   constant   
  13  beta_y       0.00000e+00   1.00000e-03   1.00000e-03   6.54845e+03
  14  alpha_vw     0.00000e+00     fixed    
  15  w_vw         1.43404e+01   constant   
  16  beta_vw      0.00000e+00     fixed    
  17  LM           4.68092e-05   constant   
  18  zeta_y       0.00000e+00   constant   
  19  zeta_vw      0.00000e+00   constant   
  20  T_CBO        2.10791e+02   4.90377e+01  -2.68542e-04  -2.10041e-02
  21  alpha_A0     3.96684e-03   1.87414e-03  -4.11684e-04   1.91747e-03
  22  beta_A0     -5.90845e-03   1.95484e-03   1.07735e-04   2.74285e-03
  23  alpha_phi    2.34872e-03   1.75749e-03  -1.05110e-04   1.52741e-03
  24  beta_phi    -9.99998e-03   1.59275e-02  -4.20308e-03   1.36863e-03
 MIGRAD MINIMIZATION HAS CONVERGED.
 FCN=489.393 FROM MIGRAD    STATUS=CONVERGED     197 CALLS         912 TOTAL
                     EDM=4.97771e-07    STRATEGY= 1  ERROR MATRIX UNCERTAINTY   5.2 per cent
  EXT PARAMETER                                   STEP         FIRST   
  NO.   NAME      VALUE            ERROR          SIZE      DERIVATIVE 
   1  N0           2.96844e+06   4.58341e+02   8.29633e-01  -1.06816e-06
   2  tau          6.44041e+01   constant   
   3  A0           3.54256e-01   2.09260e-04   2.19573e-07   1.18721e-01
   4  phi          4.11616e+00   5.73103e-04  -1.23193e-06  -7.77388e-01
   5  R           -5.92716e+01   constant   
   6  alpha_CBO   -8.82156e-04   2.15879e-04   8.59685e-08   1.38717e+00
   7  w_CBO        2.32500e+00   constant   
   8  beta_CBO     0.00000e+00     fixed    
   9  alpha_2CBO   0.00000e+00     fixed    
  10  beta_2CBO   -5.03668e-04   2.06518e-04  -7.53411e-08  -1.33798e+00
  11  alpha_y      0.00000e+00     fixed    
  12  w_y          1.38860e+01   constant   
  13  beta_y      -1.36974e-04   2.06189e-04   1.05256e-07  -1.82730e+00
  14  alpha_vw     0.00000e+00     fixed    
  15  w_vw         1.43404e+01   constant   
  16  beta_vw      0.00000e+00     fixed    
  17  LM           4.68092e-05   constant   
  18  zeta_y       0.00000e+00   constant   
  19  zeta_vw      0.00000e+00   constant   
  20  T_CBO        2.08306e+02   5.03401e+01   1.88462e-04   5.66023e-04
  21  alpha_A0     5.67772e-03   1.96103e-03  -4.92403e-04   5.39320e-04
  22  beta_A0     -5.70705e-03   1.93964e-03   2.87999e-04   4.57237e-04
  23  alpha_phi    1.10331e-03   1.67964e-03  -3.22823e-06   5.93792e-03
  24  beta_phi    -1.00000e-02   1.55803e-02   3.29364e-06** at limit **
 EXTERNAL ERROR MATRIX.    NDIM=  25    NPAR= 11    ERR DEF=1
  2.101e+05 
 -3.849e-04  4.379e-08 
 -5.481e-02  5.780e-09  3.284e-07 
 -2.992e-03 -6.246e-09 -1.277e-08  4.660e-08 
 -1.809e-04 -2.795e-09 -2.548e-09  1.483e-09  4.265e-08 
  9.705e-04  1.161e-09 -1.966e-10 -3.157e-10  2.297e-10  4.251e-08 
 -4.680e+03  2.238e-03  1.497e-03 -3.809e-04  8.014e-04  2.822e-04  2.547e+03 
 -2.745e-02 -3.320e-09  7.043e-08 -7.536e-08 -2.606e-08 -2.323e-09 -4.252e-02  3.921e-06 
 -1.620e-01  4.378e-08  6.712e-08 -1.171e-08  3.217e-09  5.724e-09  5.294e-02 -9.425e-07  3.834e-06 
 -6.723e-02 -3.940e-08  6.794e-08  4.221e-08  3.504e-08 -1.217e-08 -1.689e-02  3.064e-07 -4.261e-07  2.848e-06 
  3.416e-09 -8.863e-16  4.779e-15  6.564e-17 -2.931e-16 -2.597e-16  1.015e-10 -7.796e-15  1.353e-14 -9.838e-16  2.535e-15 
 PARAMETER  CORRELATION COEFFICIENTS  
       NO.  GLOBAL      1      3      4      6     10     13     20     21     22     23     24
        1  0.34569   1.000 -0.004 -0.209 -0.030 -0.002  0.010 -0.202 -0.030 -0.180 -0.087  0.000
        3  0.27792  -0.004  1.000  0.048 -0.138 -0.065  0.027  0.212 -0.008  0.107 -0.112 -0.000
        4  0.25334  -0.209  0.048  1.000 -0.103 -0.022 -0.002  0.052  0.062  0.060  0.070  0.000
        6  0.28667  -0.030 -0.138 -0.103  1.000  0.033 -0.007 -0.035 -0.176 -0.028  0.116  0.000
       10  0.17008  -0.002 -0.065 -0.022  0.033  1.000  0.005  0.077 -0.064  0.008  0.101 -0.000
       13  0.04769   0.010  0.027 -0.002 -0.007  0.005  1.000  0.027 -0.006  0.014 -0.035 -0.000
       20  0.66682  -0.202  0.212  0.052 -0.035  0.077  0.027  1.000 -0.425  0.536 -0.198  0.000
       21  0.49047  -0.030 -0.008  0.062 -0.176 -0.064 -0.006 -0.425  1.000 -0.243  0.092 -0.000
       22  0.54380  -0.180  0.107  0.060 -0.028  0.008  0.014  0.536 -0.243  1.000 -0.129  0.000
       23  0.29853  -0.087 -0.112  0.070  0.116  0.101 -0.035 -0.198  0.092 -0.129  1.000 -0.000
       24  0.00032   0.000 -0.000  0.000  0.000 -0.000 -0.000  0.000 -0.000  0.000 -0.000  1.000
MINUIT - FIT ONLY 2-CBO
 **********
 **   25 **RES 
 **********
                   PARAMETER   16  beta_vw RESTORED TO VARIABLE.
                   PARAMETER   14  alpha_vw RESTORED TO VARIABLE.
                   PARAMETER   11  alpha_y RESTORED TO VARIABLE.
                   PARAMETER    9  alpha_2CBO RESTORED TO VARIABLE.
                   PARAMETER    8  beta_CBO RESTORED TO VARIABLE.
 **********
 **   26 **FIX            0
 **********
 PARAMETER    0  IS UNDEFINED. IGNORED.
 **********
 **   27 **FIX            1
 **********
 **********
 **   28 **FIX            2
 **********
 PARAMETER    2  IS CONSTANT.   IGNORED.
 **********
 **   29 **FIX            3
 **********
 **********
 **   30 **FIX            4
 **********
 **********
 **   31 **FIX            5
 **********
 PARAMETER    5  IS CONSTANT.   IGNORED.
 **********
 **   32 **FIX            6
 **********
 **********
 **   33 **FIX            7
 **********
 PARAMETER    7  IS CONSTANT.   IGNORED.
 **********
 **   34 **FIX           10
 **********
 **********
 **   35 **FIX           11
 **********
 **********
 **   36 **FIX           12
 **********
 PARAMETER   12  IS CONSTANT.   IGNORED.
 **********
 **   37 **FIX           13
 **********
 **********
 **   38 **FIX           14
 **********
 **********
 **   39 **FIX           15
 **********
 PARAMETER   15  IS CONSTANT.   IGNORED.
 **********
 **   40 **FIX           16
 **********
 **********
 **   41 **MIGRAD
 **********
 START MIGRAD MINIMIZATION.  STRATEGY  1.  CONVERGENCE WHEN EDM .LT. 1.00e-04
 FCN=489.393 FROM MIGRAD    STATUS=INITIATE       18 CALLS         930 TOTAL
                     EDM= unknown      STRATEGY= 1      NO ERROR MATRIX       
  EXT PARAMETER               CURRENT GUESS       STEP         FIRST   
  NO.   NAME      VALUE            ERROR          SIZE      DERIVATIVE 
   1  N0           2.96844e+06     fixed    
   2  tau          6.44041e+01   constant   
   3  A0           3.54256e-01     fixed    
   4  phi          4.11616e+00     fixed    
   5  R           -5.92716e+01   constant   
   6  alpha_CBO   -8.82156e-04     fixed    
   7  w_CBO        2.32500e+00   constant   
   8  beta_CBO     0.00000e+00   1.00000e-03   1.00000e-03   1.90172e+05
   9  alpha_2CBO   0.00000e+00   1.00000e-03   1.00000e-03   2.06816e+04
  10  beta_2CBO   -5.03668e-04     fixed    
  11  alpha_y      0.00000e+00     fixed    
  12  w_y          1.38860e+01   constant   
  13  beta_y      -1.36974e-04     fixed    
  14  alpha_vw     0.00000e+00     fixed    
  15  w_vw         1.43404e+01   constant   
  16  beta_vw      0.00000e+00     fixed    
  17  LM           4.68092e-05   constant   
  18  zeta_y       0.00000e+00   constant   
  19  zeta_vw      0.00000e+00   constant   
  20  T_CBO        2.08306e+02   5.03401e+01   1.88462e-04   3.91696e-04
  21  alpha_A0     5.67772e-03   1.96103e-03  -4.92403e-04   5.46659e-04
  22  beta_A0     -5.70705e-03   1.93964e-03   2.87999e-04   4.52381e-04
  23  alpha_phi    1.10331e-03   1.67964e-03  -3.22823e-06   5.92590e-03
  24  beta_phi    -9.99998e-03   1.55803e-02   3.29364e-06   1.27971e-03
 MIGRAD MINIMIZATION HAS CONVERGED.
 MIGRAD WILL VERIFY CONVERGENCE AND ERROR MATRIX.
 COVARIANCE MATRIX CALCULATED SUCCESSFULLY
 FCN=95.0326 FROM MIGRAD    STATUS=CONVERGED     188 CALLS        1100 TOTAL
                     EDM=1.14343e-05    STRATEGY= 1      ERROR MATRIX ACCURATE 
  EXT PARAMETER                                   STEP         FIRST   
  NO.   NAME      VALUE            ERROR          SIZE      DERIVATIVE 
   1  N0           2.96844e+06     fixed    
   2  tau          6.44041e+01   constant   
   3  A0           3.54256e-01     fixed    
   4  phi          4.11616e+00     fixed    
   5  R           -5.92716e+01   constant   
   6  alpha_CBO   -8.82156e-04     fixed    
   7  w_CBO        2.32500e+00   constant   
   8  beta_CBO    -4.11735e-03   2.08575e-04   9.81828e-07   1.61064e+00
   9  alpha_2CBO  -2.74562e-04   2.10324e-04   9.83719e-07   7.05125e+00
  10  beta_2CBO   -5.03668e-04     fixed    
  11  alpha_y      0.00000e+00     fixed    
  12  w_y          1.38860e+01   constant   
  13  beta_y      -1.36974e-04     fixed    
  14  alpha_vw     0.00000e+00     fixed    
  15  w_vw         1.43404e+01   constant   
  16  beta_vw      0.00000e+00     fixed    
  17  LM           4.68092e-05   constant   
  18  zeta_y       0.00000e+00   constant   
  19  zeta_vw      0.00000e+00   constant   
  20  T_CBO        2.20820e+02   5.18632e+01   5.41094e-04   1.82660e-02
  21  alpha_A0     4.50484e-03   1.81188e-03   9.00485e-04   1.20292e-02
  22  beta_A0     -1.96772e-04   1.61692e-03   7.62840e-04  -4.55833e-03
  23  alpha_phi    1.17308e-03   1.63610e-03   7.66584e-04   7.53658e-03
  24  beta_phi    -9.99995e-03   1.58049e-02   7.91220e-03  -2.05899e-03
 EXTERNAL ERROR MATRIX.    NDIM=  25    NPAR=  7    ERR DEF=1
  4.350e-08 -1.910e-09 -2.870e-04  1.799e-08 -5.812e-08  3.837e-09  5.763e-14 
 -1.910e-09  4.424e-08  1.563e-03 -5.768e-08  2.426e-08 -4.267e-08  3.880e-15 
 -2.870e-04  1.563e-03  2.704e+03 -3.571e-02 -3.261e-04 -1.941e-02  2.433e-05 
  1.799e-08 -5.768e-08 -3.571e-02  3.329e-06 -4.924e-08  2.641e-07 -3.659e-10 
 -5.812e-08  2.426e-08 -3.261e-04 -4.924e-08  2.638e-06 -1.766e-07  1.833e-11 
  3.837e-09 -4.267e-08 -1.941e-02  2.641e-07 -1.766e-07  2.701e-06 -9.552e-11 
  5.763e-14  3.880e-15  2.433e-05 -3.659e-10  1.833e-11 -9.552e-11  2.849e-09 
 PARAMETER  CORRELATION COEFFICIENTS  
       NO.  GLOBAL      8      9     20     21     22     23     24
        8  0.17944   1.000 -0.044 -0.026  0.047 -0.172  0.011  0.000
        9  0.21109  -0.044  1.000  0.143 -0.150  0.071 -0.123  0.000
       20  0.42984  -0.026  0.143  1.000 -0.376 -0.004 -0.227  0.009
       21  0.39031   0.047 -0.150 -0.376  1.000 -0.017  0.088 -0.004
       22  0.19412  -0.172  0.071 -0.004 -0.017  1.000 -0.066  0.000
       23  0.25261   0.011 -0.123 -0.227  0.088 -0.066  1.000 -0.001
       24  0.00893   0.000  0.000  0.009 -0.004  0.000 -0.001  1.000
MINUIT - FIT wiggle + 1-CBO + 2-CBO
 **********
 **   42 **RES 
 **********
                   PARAMETER   16  beta_vw RESTORED TO VARIABLE.
                   PARAMETER   14  alpha_vw RESTORED TO VARIABLE.
                   PARAMETER   13  beta_y RESTORED TO VARIABLE.
                   PARAMETER   11  alpha_y RESTORED TO VARIABLE.
                   PARAMETER   10  beta_2CBO RESTORED TO VARIABLE.
                   PARAMETER    6  alpha_CBO RESTORED TO VARIABLE.
                   PARAMETER    4  phi RESTORED TO VARIABLE.
                   PARAMETER    3  A0 RESTORED TO VARIABLE.
                   PARAMETER    1  N0 RESTORED TO VARIABLE.
 **********
 **   43 **FIX           10
 **********
 **********
 **   44 **FIX           11
 **********
 **********
 **   45 **FIX           12
 **********
 PARAMETER   12  IS CONSTANT.   IGNORED.
 **********
 **   46 **FIX           13
 **********
 **********
 **   47 **FIX           14
 **********
 **********
 **   48 **FIX           15
 **********
 PARAMETER   15  IS CONSTANT.   IGNORED.
 **********
 **   49 **FIX           16
 **********
 **********
 **   50 **MIGRAD
 **********
 START MIGRAD MINIMIZATION.  STRATEGY  1.  CONVERGENCE WHEN EDM .LT. 1.00e-04
 FCN=95.0326 FROM MIGRAD    STATUS=INITIATE       22 CALLS        1122 TOTAL
                     EDM= unknown      STRATEGY= 1      NO ERROR MATRIX       
  EXT PARAMETER               CURRENT GUESS       STEP         FIRST   
  NO.   NAME      VALUE            ERROR          SIZE      DERIVATIVE 
   1  N0           2.96844e+06   4.58341e+02   4.58341e+02   1.43479e-03
   2  tau          6.44041e+01   constant   
   3  A0           3.54256e-01   2.09260e-04   2.09260e-04   3.99706e+04
   4  phi          4.11616e+00   5.73103e-04   5.73103e-04  -7.83401e+03
   5  R           -5.92716e+01   constant   
   6  alpha_CBO   -8.82156e-04   2.15879e-04   2.15879e-04   4.28663e+03
   7  w_CBO        2.32500e+00   constant   
   8  beta_CBO    -4.11735e-03   2.08575e-04   9.81828e-07   1.61064e+00
   9  alpha_2CBO  -2.74562e-04   2.10324e-04   9.83719e-07   7.05124e+00
  10  beta_2CBO   -5.03668e-04     fixed    
  11  alpha_y      0.00000e+00     fixed    
  12  w_y          1.38860e+01   constant   
  13  beta_y      -1.36974e-04     fixed    
  14  alpha_vw     0.00000e+00     fixed    
  15  w_vw         1.43404e+01   constant   
  16  beta_vw      0.00000e+00     fixed    
  17  LM           4.68092e-05   constant   
  18  zeta_y       0.00000e+00   constant   
  19  zeta_vw      0.00000e+00   constant   
  20  T_CBO        2.20820e+02   5.18632e+01   5.41094e-04   1.82283e-02
  21  alpha_A0     4.50484e-03   1.81188e-03   9.00485e-04   1.20180e-02
  22  beta_A0     -1.96772e-04   1.61692e-03   7.62840e-04  -4.55777e-03
  23  alpha_phi    1.17308e-03   1.63610e-03   7.66584e-04   7.53399e-03
  24  beta_phi    -9.99995e-03   1.58049e-02   7.91220e-03   2.06621e-03
 MIGRAD MINIMIZATION HAS CONVERGED.
 FCN=72.0915 FROM MIGRAD    STATUS=CONVERGED     171 CALLS        1271 TOTAL
                     EDM=1.04765e-06    STRATEGY= 1  ERROR MATRIX UNCERTAINTY   2.6 per cent
  EXT PARAMETER                                   STEP         FIRST   
  NO.   NAME      VALUE            ERROR          SIZE      DERIVATIVE 
   1  N0           2.96804e+06   4.27890e+02   6.32723e-01   1.70787e-06
   2  tau          6.44041e+01   constant   
   3  A0           3.53386e-01   2.09134e-04   3.44326e-07  -3.93789e+00
   4  phi          4.11751e+00   5.75769e-04   7.57951e-07  -2.27886e+00
   5  R           -5.92716e+01   constant   
   6  alpha_CBO   -8.91267e-04   2.13649e-04  -1.25000e-06  -7.91429e-01
   7  w_CBO        2.32500e+00   constant   
   8  beta_CBO    -4.35310e-03   2.13300e-04   5.40217e-07   1.02143e-01
   9  alpha_2CBO  -3.34427e-04   2.11907e-04  -6.36258e-07  -3.39815e+00
  10  beta_2CBO   -5.03668e-04     fixed    
  11  alpha_y      0.00000e+00     fixed    
  12  w_y          1.38860e+01   constant   
  13  beta_y      -1.36974e-04     fixed    
  14  alpha_vw     0.00000e+00     fixed    
  15  w_vw         1.43404e+01   constant   
  16  beta_vw      0.00000e+00     fixed    
  17  LM           4.68092e-05   constant   
  18  zeta_y       0.00000e+00   constant   
  19  zeta_vw      0.00000e+00   constant   
  20  T_CBO        1.84933e+02   4.47538e+01  -2.78180e-05   3.14903e-03
  21  alpha_A0     4.82677e-03   1.93185e-03  -6.19533e-05  -2.20074e-03
  22  beta_A0      3.31984e-04   1.78892e-03  -5.81111e-04   1.58805e-03
  23  alpha_phi    2.56022e-03   1.86106e-03  -1.37332e-04   2.13344e-03
  24  beta_phi    -9.99999e-03   1.57985e-02   2.75797e-04  -1.46818e-04
 EXTERNAL ERROR MATRIX.    NDIM=  25    NPAR= 11    ERR DEF=1
  1.831e+05 
  1.162e-02  4.374e-08 
 -1.069e-02 -8.382e-10  3.315e-07 
 -5.218e-03 -5.346e-09 -4.300e-09  4.565e-08 
  7.318e-03  9.842e-09 -1.064e-08 -1.545e-09  4.550e-08 
  1.363e-03  2.741e-09 -2.951e-09 -2.091e-09  3.386e-10  4.490e-08 
 -2.711e+03  1.836e-03 -3.863e-04 -8.247e-04  3.715e-05  1.500e-03  2.012e+03 
 -6.380e-03 -2.263e-08 -3.565e-08 -1.608e-08  3.238e-08 -7.432e-08 -3.337e-02  3.794e-06 
 -9.079e-02 -3.332e-08 -1.507e-08  4.815e-08 -5.516e-08  7.561e-09 -1.368e-03 -3.902e-07  3.235e-06 
 -5.538e-02 -7.154e-08  5.978e-09  2.834e-08 -1.224e-08 -6.322e-08 -2.967e-02  9.371e-07  1.473e-07  3.507e-06 
  2.856e-05  2.435e-11  6.402e-11 -6.719e-11  2.877e-11 -2.774e-11 -3.506e-07 -7.786e-12 -3.685e-10 -1.176e-10  5.792e-10 
 PARAMETER  CORRELATION COEFFICIENTS  
       NO.  GLOBAL      1      3      4      6      8      9     20     21     22     23     24
        1  0.28051   1.000  0.130 -0.043 -0.057  0.080  0.015 -0.141 -0.008 -0.118 -0.069  0.003
        3  0.35297   0.130  1.000 -0.007 -0.120  0.221  0.062  0.196 -0.056 -0.089 -0.183  0.005
        4  0.12117  -0.043 -0.007  1.000 -0.035 -0.087 -0.024 -0.015 -0.032 -0.015  0.006  0.005
        6  0.20464  -0.057 -0.120 -0.035  1.000 -0.034 -0.046 -0.086 -0.039  0.125  0.071 -0.013
        8  0.28056   0.080  0.221 -0.087 -0.034  1.000  0.007  0.004  0.078 -0.144 -0.031  0.006
        9  0.23142   0.015  0.062 -0.024 -0.046  0.007  1.000  0.158 -0.180  0.020 -0.159 -0.005
       20  0.52523  -0.141  0.196 -0.015 -0.086  0.004  0.158  1.000 -0.382 -0.017 -0.353 -0.000
       21  0.45165  -0.008 -0.056 -0.032 -0.039  0.078 -0.180 -0.382  1.000 -0.111  0.257 -0.000
       22  0.24961  -0.118 -0.089 -0.015  0.125 -0.144  0.020 -0.017 -0.111  1.000  0.044 -0.009
       23  0.41674  -0.069 -0.183  0.006  0.071 -0.031 -0.159 -0.353  0.257  0.044  1.000 -0.003
       24  0.01761   0.003  0.005  0.005 -0.013  0.006 -0.005 -0.000 -0.000 -0.009 -0.003  1.000
MINUIT - FIT ONLY 1-y
 **********
 **   51 **RES 
 **********
                   PARAMETER   16  beta_vw RESTORED TO VARIABLE.
                   PARAMETER   14  alpha_vw RESTORED TO VARIABLE.
                   PARAMETER   13  beta_y RESTORED TO VARIABLE.
                   PARAMETER   11  alpha_y RESTORED TO VARIABLE.
                   PARAMETER   10  beta_2CBO RESTORED TO VARIABLE.
 **********
 **   52 **FIX            0
 **********
 PARAMETER    0  IS UNDEFINED. IGNORED.
 **********
 **   53 **FIX            1
 **********
 **********
 **   54 **FIX            2
 **********
 PARAMETER    2  IS CONSTANT.   IGNORED.
 **********
 **   55 **FIX            3
 **********
 **********
 **   56 **FIX            4
 **********
 **********
 **   57 **FIX            5
 **********
 PARAMETER    5  IS CONSTANT.   IGNORED.
 **********
 **   58 **FIX            6
 **********
 **********
 **   59 **FIX            7
 **********
 PARAMETER    7  IS CONSTANT.   IGNORED.
 **********
 **   60 **FIX            8
 **********
 **********
 **   61 **FIX            9
 **********
 **********
 **   62 **FIX           13
 **********
 **********
 **   63 **FIX           14
 **********
 **********
 **   64 **FIX           15
 **********
 PARAMETER   15  IS CONSTANT.   IGNORED.
 **********
 **   65 **FIX           16
 **********
 **********
 **   66 **MIGRAD
 **********
 START MIGRAD MINIMIZATION.  STRATEGY  1.  CONVERGENCE WHEN EDM .LT. 1.00e-04
 FCN=72.0915 FROM MIGRAD    STATUS=INITIATE       16 CALLS        1287 TOTAL
                     EDM= unknown      STRATEGY= 1      NO ERROR MATRIX       
  EXT PARAMETER               CURRENT GUESS       STEP         FIRST   
  NO.   NAME      VALUE            ERROR          SIZE      DERIVATIVE 
   1  N0           2.96804e+06     fixed    
   2  tau          6.44041e+01   constant   
   3  A0           3.53386e-01     fixed    
   4  phi          4.11751e+00     fixed    
   5  R           -5.92716e+01   constant   
   6  alpha_CBO   -8.91267e-04     fixed    
   7  w_CBO        2.32500e+00   constant   
   8  beta_CBO    -4.35310e-03     fixed    
   9  alpha_2CBO  -3.34427e-04     fixed    
  10  beta_2CBO   -5.03668e-04   2.06518e-04   2.06518e-04  -1.30971e+04
  11  alpha_y      0.00000e+00   1.00000e-03   1.00000e-03   5.11216e+03
  12  w_y          1.38860e+01   constant   
  13  beta_y      -1.36974e-04     fixed    
  14  alpha_vw     0.00000e+00     fixed    
  15  w_vw         1.43404e+01   constant   
  16  beta_vw      0.00000e+00     fixed    
  17  LM           4.68092e-05   constant   
  18  zeta_y       0.00000e+00   constant   
  19  zeta_vw      0.00000e+00   constant   
  20  T_CBO        1.84933e+02   4.47538e+01  -2.78180e-05   3.14897e-03
  21  alpha_A0     4.82677e-03   1.93185e-03  -6.19533e-05  -2.20077e-03
  22  beta_A0      3.31984e-04   1.78892e-03  -5.81111e-04   1.58804e-03
  23  alpha_phi    2.56022e-03   1.86106e-03  -1.37332e-04   2.13344e-03
  24  beta_phi    -9.99999e-03   1.57985e-02   2.75797e-04   1.46840e-04
 MIGRAD MINIMIZATION HAS CONVERGED.
 MIGRAD WILL VERIFY CONVERGENCE AND ERROR MATRIX.
 COVARIANCE MATRIX CALCULATED SUCCESSFULLY
 FCN=69.8266 FROM MIGRAD    STATUS=CONVERGED     151 CALLS        1422 TOTAL
                     EDM=4.62484e-06    STRATEGY= 1      ERROR MATRIX ACCURATE 
  EXT PARAMETER                                   STEP         FIRST   
  NO.   NAME      VALUE            ERROR          SIZE      DERIVATIVE 
   1  N0           2.96804e+06     fixed    
   2  tau          6.44041e+01   constant   
   3  A0           3.53386e-01     fixed    
   4  phi          4.11751e+00     fixed    
   5  R           -5.92716e+01   constant   
   6  alpha_CBO   -8.91267e-04     fixed    
   7  w_CBO        2.32500e+00   constant   
   8  beta_CBO    -4.35310e-03     fixed    
   9  alpha_2CBO  -3.34427e-04     fixed    
  10  beta_2CBO   -2.02139e-04   2.14219e-04   8.58024e-07   3.50980e+00
  11  alpha_y     -1.13606e-04   2.08722e-04   8.57439e-07   9.71230e+00
  12  w_y          1.38860e+01   constant   
  13  beta_y      -1.36974e-04     fixed    
  14  alpha_vw     0.00000e+00     fixed    
  15  w_vw         1.43404e+01   constant   
  16  beta_vw      0.00000e+00     fixed    
  17  LM           4.68092e-05   constant   
  18  zeta_y       0.00000e+00   constant   
  19  zeta_vw      0.00000e+00   constant   
  20  T_CBO        1.90757e+02   4.33881e+01   3.95108e-04   3.74133e-03
  21  alpha_A0     4.44465e-03   2.01510e-03   8.66144e-04   4.55293e-03
  22  beta_A0      8.04835e-06   1.79820e-03   7.35876e-04  -8.39239e-05
  23  alpha_phi    2.85943e-03   1.92547e-03   7.67428e-04   2.19992e-04
  24  beta_phi    -9.99993e-03   1.88186e-02   1.40019e-02  -5.04005e-04
 EXTERNAL ERROR MATRIX.    NDIM=  25    NPAR=  7    ERR DEF=1
  4.589e-08 -3.768e-10  8.722e-04 -5.453e-08 -4.697e-08  4.243e-08 -4.058e-12 
 -3.768e-10  4.356e-08 -9.087e-05  6.581e-09  3.045e-09 -5.250e-09  5.285e-13 
  8.722e-04 -9.087e-05  1.890e+03 -3.183e-02 -3.744e-03 -2.999e-02  4.075e-04 
 -5.453e-08  6.581e-09 -3.183e-02  4.131e-06  8.272e-08  4.259e-07 -7.954e-09 
 -4.697e-08  3.045e-09 -3.744e-03  8.272e-08  3.269e-06 -1.981e-07  6.916e-11 
  4.243e-08 -5.250e-09 -2.999e-02  4.259e-07 -1.981e-07  3.758e-06 -5.174e-09 
 -4.058e-12  5.285e-13  4.075e-04 -7.954e-09  6.916e-11 -5.174e-09  2.120e-08 
 PARAMETER  CORRELATION COEFFICIENTS  
       NO.  GLOBAL     10     11     20     21     22     23     24
       10  0.22350   1.000 -0.008  0.094 -0.125 -0.121  0.102 -0.000
       11  0.02480  -0.008  1.000 -0.010  0.016  0.008 -0.013  0.000
       20  0.49382   0.094 -0.010  1.000 -0.360 -0.048 -0.356  0.064
       21  0.37206  -0.125  0.016 -0.360  1.000  0.023  0.108 -0.027
       22  0.14135  -0.121  0.008 -0.048  0.023  1.000 -0.057  0.000
       23  0.38577   0.102 -0.013 -0.356  0.108 -0.057  1.000 -0.018
       24  0.06516  -0.000  0.000  0.064 -0.027  0.000 -0.018  1.000
MINUIT - FIT ONLY 2-y
 **********
 **   67 **RES 
 **********
                   PARAMETER   16  beta_vw RESTORED TO VARIABLE.
                   PARAMETER   14  alpha_vw RESTORED TO VARIABLE.
                   PARAMETER   13  beta_y RESTORED TO VARIABLE.
                   PARAMETER    9  alpha_2CBO RESTORED TO VARIABLE.
                   PARAMETER    8  beta_CBO RESTORED TO VARIABLE.
                   PARAMETER    6  alpha_CBO RESTORED TO VARIABLE.
                   PARAMETER    4  phi RESTORED TO VARIABLE.
                   PARAMETER    3  A0 RESTORED TO VARIABLE.
                   PARAMETER    1  N0 RESTORED TO VARIABLE.
 **********
 **   68 **FIX            0
 **********
 PARAMETER    0  IS UNDEFINED. IGNORED.
 **********
 **   69 **FIX            1
 **********
 **********
 **   70 **FIX            2
 **********
 PARAMETER    2  IS CONSTANT.   IGNORED.
 **********
 **   71 **FIX            3
 **********
 **********
 **   72 **FIX            4
 **********
 **********
 **   73 **FIX            5
 **********
 PARAMETER    5  IS CONSTANT.   IGNORED.
 **********
 **   74 **FIX            6
 **********
 **********
 **   75 **FIX            7
 **********
 PARAMETER    7  IS CONSTANT.   IGNORED.
 **********
 **   76 **FIX            8
 **********
 **********
 **   77 **FIX            9
 **********
 **********
 **   78 **FIX           10
 **********
 **********
 **   79 **FIX           11
 **********
 **********
 **   80 **FIX           12
 **********
 PARAMETER   12  IS CONSTANT.   IGNORED.
 **********
 **   81 **FIX           16
 **********
 **********
 **   82 **MIGRAD
 **********
 START MIGRAD MINIMIZATION.  STRATEGY  1.  CONVERGENCE WHEN EDM .LT. 1.00e-04
 FCN=69.8266 FROM MIGRAD    STATUS=INITIATE       16 CALLS        1438 TOTAL
                     EDM= unknown      STRATEGY= 1      NO ERROR MATRIX       
  EXT PARAMETER               CURRENT GUESS       STEP         FIRST   
  NO.   NAME      VALUE            ERROR          SIZE      DERIVATIVE 
   1  N0           2.96804e+06     fixed    
   2  tau          6.44041e+01   constant   
   3  A0           3.53386e-01     fixed    
   4  phi          4.11751e+00     fixed    
   5  R           -5.92716e+01   constant   
   6  alpha_CBO   -8.91267e-04     fixed    
   7  w_CBO        2.32500e+00   constant   
   8  beta_CBO    -4.35310e-03     fixed    
   9  alpha_2CBO  -3.34427e-04     fixed    
  10  beta_2CBO   -2.02139e-04     fixed    
  11  alpha_y     -1.13606e-04     fixed    
  12  w_y          1.38860e+01   constant   
  13  beta_y      -1.36974e-04   2.06189e-04   2.06189e-04  -2.86260e+03
  14  alpha_vw     0.00000e+00   1.00000e-03   1.00000e-03   1.59764e+04
  15  w_vw         1.43404e+01   constant   
  16  beta_vw      0.00000e+00     fixed    
  17  LM           4.68092e-05   constant   
  18  zeta_y       0.00000e+00   constant   
  19  zeta_vw      0.00000e+00   constant   
  20  T_CBO        1.90757e+02   4.33881e+01   3.95108e-04   3.71536e-03
  21  alpha_A0     4.44465e-03   2.01510e-03   8.66144e-04   4.54498e-03
  22  beta_A0      8.04835e-06   1.79820e-03   7.35876e-04  -8.38967e-05
  23  alpha_phi    2.85943e-03   1.92547e-03   7.67428e-04   2.15163e-04
  24  beta_phi    -9.99993e-03   1.88186e-02   1.40019e-02   5.29573e-04
 MIGRAD MINIMIZATION HAS CONVERGED.
 MIGRAD WILL VERIFY CONVERGENCE AND ERROR MATRIX.
 COVARIANCE MATRIX CALCULATED SUCCESSFULLY
 FCN=66.6259 FROM MIGRAD    STATUS=CONVERGED     130 CALLS        1552 TOTAL
                     EDM=1.19487e-05    STRATEGY= 1      ERROR MATRIX ACCURATE 
  EXT PARAMETER                                   STEP         FIRST   
  NO.   NAME      VALUE            ERROR          SIZE      DERIVATIVE 
   1  N0           2.96804e+06     fixed    
   2  tau          6.44041e+01   constant   
   3  A0           3.53386e-01     fixed    
   4  phi          4.11751e+00     fixed    
   5  R           -5.92716e+01   constant   
   6  alpha_CBO   -8.91267e-04     fixed    
   7  w_CBO        2.32500e+00   constant   
   8  beta_CBO    -4.35310e-03     fixed    
   9  alpha_2CBO  -3.34427e-04     fixed    
  10  beta_2CBO   -2.02139e-04     fixed    
  11  alpha_y     -1.13606e-04     fixed    
  12  w_y          1.38860e+01   constant   
  13  beta_y       8.17150e-06   2.11380e-04   8.26169e-07  -1.60683e+01
  14  alpha_vw    -3.74579e-04   2.12285e-04   8.29819e-07  -2.86771e+00
  15  w_vw         1.43404e+01   constant   
  16  beta_vw      0.00000e+00     fixed    
  17  LM           4.68092e-05   constant   
  18  zeta_y       0.00000e+00   constant   
  19  zeta_vw      0.00000e+00   constant   
  20  T_CBO        1.92764e+02   4.41430e+01   3.89862e-04   1.97557e-02
  21  alpha_A0     4.36829e-03   1.98109e-03   8.36296e-04   1.42468e-02
  22  beta_A0     -2.03458e-05   1.76944e-03   7.13543e-04  -2.72701e-03
  23  alpha_phi    2.83708e-03   1.89927e-03   7.43571e-04   8.87817e-03
  24  beta_phi    -9.99999e-03   1.90285e-02   1.17159e-02   2.30661e-04
 EXTERNAL ERROR MATRIX.    NDIM=  25    NPAR=  7    ERR DEF=1
  4.468e-08 -1.021e-08  2.529e-04 -5.085e-09 -2.593e-09 -9.879e-09 -9.053e-13 
 -1.021e-08  4.506e-08 -2.063e-04  8.819e-09  3.023e-09  1.207e-09  8.896e-13 
  2.529e-04 -2.063e-04  1.957e+03 -3.099e-02 -2.627e-03 -3.120e-02  4.043e-04 
 -5.085e-09  8.819e-09 -3.099e-02  3.990e-06  2.189e-08  4.650e-07 -7.603e-09 
 -2.593e-09  3.023e-09 -2.627e-03  2.189e-08  3.164e-06 -1.556e-07  1.145e-10 
 -9.879e-09  1.207e-09 -3.120e-02  4.650e-07 -1.556e-07  3.655e-06 -4.982e-09 
 -9.053e-13  8.896e-13  4.043e-04 -7.603e-09  1.145e-10 -4.982e-09  3.795e-09 
 PARAMETER  CORRELATION COEFFICIENTS  
       NO.  GLOBAL     13     14     20     21     22     23     24
       13  0.22924   1.000 -0.227  0.027 -0.012 -0.007 -0.024 -0.000
       14  0.22867  -0.227  1.000 -0.022  0.021  0.008  0.003  0.000
       20  0.49688   0.027 -0.022  1.000 -0.351 -0.033 -0.369  0.148
       21  0.35121  -0.012  0.021 -0.351  1.000  0.006  0.122 -0.062
       22  0.07200  -0.007  0.008 -0.033  0.006  1.000 -0.046  0.001
       23  0.37421  -0.024  0.003 -0.369  0.122 -0.046  1.000 -0.042
       24  0.14955  -0.000  0.000  0.148 -0.062  0.001 -0.042  1.000
MINUIT - FIT ALTOGETHER
 **********
 **   83 **RES 
 **********
                   PARAMETER   16  beta_vw RESTORED TO VARIABLE.
