 + ++++++++++++++++++++++++++++++++++++++++++++++++++++++++++++++++++++ +
 +                                                                      +
 +           You have chose to blind your fitting according to          +
 +                omega_ref * (1 + (R +/- deltaR) *10^{-6})             +
 +                                                                      +
 + ++++++++++++++++++++++++++++++++++++++++++++++++++++++++++++++++++++ +
In main()...
reading format from /gm2data/zkhechad/run45/envelope/formats/formatB_sBin_constraintOn.txt
pBinTau 	= 0  
pBinPhi 	= 0  
constraintau 	= 1 
includeMopTerm 	= 0    
constrainMop    = 0   
Parameters after format file: pBinTau 0 pBinPhi 0 constraintau 1 includeMopTerm 0 constrainMop 0 c_e_scale 0.000000 
Opening file /gm2data/tbarrett/gm2fr/studies/run23_bunch_corrections/CorrectedFourier_Run3b.root.
reading full fit data from /gm2data/zkhechad/cboTemplates/Run4CBOTemplates/fullFits/noRF/sBin_constraintOn_cE0.0_seed0_noRF_calo9.root
windowBins = 69
fitting sliding window 350 from bin 486 at 72.362000 to bin 555 at 82.806000 (69 bins)

Reading data from /gm2data/cornell/histograms/aMethod/histogram_a_noRF.root
 **********
 **    1 **SET PRINTOUT            1
 **********
 **********
 **    2 **SET NOWARNINGS 
 **********
 PARAMETER DEFINITIONS:
    NO.   NAME         VALUE      STEP SIZE      LIMITS
     1 N0           2.88206e+06  1.00000e+02     no limits
     2 tau          6.44106e+01  constant
     3 A0           3.51420e-01  1.00000e-04     no limits
     4 phi          4.11705e+00  1.00000e-02     no limits
     5 R           -5.98157e+01  constant
     6 alpha_CBO    0.00000e+00  1.00000e-03     no limits
     7 w_CBO        2.32500e+00  constant
     8 beta_CBO     0.00000e+00  1.00000e-03     no limits
     9 alpha_2CBO   0.00000e+00  1.00000e-03     no limits
    10 beta_2CBO    0.00000e+00  1.00000e-03     no limits
    11 alpha_y      0.00000e+00  1.00000e-03     no limits
    12 w_y          1.38860e+01  constant
    13 beta_y       0.00000e+00  1.00000e-03     no limits
    14 alpha_vw     0.00000e+00  1.00000e-03     no limits
    15 w_vw         1.43404e+01  constant
    16 beta_vw      0.00000e+00  1.00000e-03     no limits
    17 LM           1.60296e-04  constant
    18 zeta_y       0.00000e+00  constant
    19 zeta_vw      0.00000e+00  constant
    20 T_CBO        1.00000e+02  1.00000e+00    0.00000e+00  1.00000e+03
    21 alpha_A0     0.00000e+00  1.00000e-04   -1.00000e-02  1.00000e-02
    22 beta_A0      0.00000e+00  1.00000e-04   -1.00000e-02  1.00000e-02
    23 alpha_phi    0.00000e+00  1.00000e-04   -1.00000e-02  1.00000e-02
    24 beta_phi     0.00000e+00  1.00000e-04   -1.00000e-02  1.00000e-02
MINUIT - FIT ONLY WIGGLE
 **********
 **    3 **FIX            5
 **********
 PARAMETER    5  IS CONSTANT.   IGNORED.
 **********
 **    4 **FIX            6
 **********
 **********
 **    5 **FIX            7
 **********
 PARAMETER    7  IS CONSTANT.   IGNORED.
 **********
 **    6 **FIX            8
 **********
 **********
 **    7 **FIX            9
 **********
 **********
 **    8 **FIX           10
 **********
 **********
 **    9 **FIX           11
 **********
 **********
 **   10 **FIX           12
 **********
 PARAMETER   12  IS CONSTANT.   IGNORED.
 **********
 **   11 **FIX           13
 **********
 **********
 **   12 **FIX           14
 **********
 **********
 **   13 **FIX           15
 **********
 PARAMETER   15  IS CONSTANT.   IGNORED.
 **********
 **   14 **FIX           16
 **********
 **********
 **   15 **MIGRAD
 **********
 FIRST CALL TO USER FUNCTION AT NEW START POINT, WITH IFLAG=4.
 START MIGRAD MINIMIZATION.  STRATEGY  1.  CONVERGENCE WHEN EDM .LT. 1.00e-04
 FCN=4568.63 FROM MIGRAD    STATUS=INITIATE      435 CALLS         436 TOTAL
                     EDM= unknown      STRATEGY= 1      NO ERROR MATRIX       
  EXT PARAMETER               CURRENT GUESS       STEP         FIRST   
  NO.   NAME      VALUE            ERROR          SIZE      DERIVATIVE 
   1  N0           2.88206e+06   1.00000e+02   0.00000e+00  -2.39174e-02
   2  tau          6.44106e+01   constant   
   3  A0           3.51420e-01   1.00000e-04   0.00000e+00  -1.47732e+05
   4  phi          4.11705e+00   1.00000e-02   0.00000e+00   8.24523e+04
   5  R           -5.98157e+01   constant   
   6  alpha_CBO    0.00000e+00     fixed    
   7  w_CBO        2.32500e+00   constant   
   8  beta_CBO     0.00000e+00     fixed    
   9  alpha_2CBO   0.00000e+00     fixed    
  10  beta_2CBO    0.00000e+00     fixed    
  11  alpha_y      0.00000e+00     fixed    
  12  w_y          1.38860e+01   constant   
  13  beta_y       0.00000e+00     fixed    
  14  alpha_vw     0.00000e+00     fixed    
  15  w_vw         1.43404e+01   constant   
  16  beta_vw      0.00000e+00     fixed    
  17  LM           1.60296e-04   constant   
  18  zeta_y       0.00000e+00   constant   
  19  zeta_vw      0.00000e+00   constant   
  20  T_CBO        1.00000e+02   1.00000e+00   0.00000e+00   0.00000e+00
  21  alpha_A0     0.00000e+00   1.00000e-04   0.00000e+00  -2.09977e+02
  22  beta_A0      0.00000e+00   1.00000e-04   0.00000e+00   2.31837e+01
  23  alpha_phi    0.00000e+00   1.00000e-04   0.00000e+00  -3.01802e+02
  24  beta_phi     0.00000e+00   1.00000e-04   0.00000e+00   1.27897e+02
 MIGRAD MINIMIZATION HAS CONVERGED.
 FCN=3945.02 FROM MIGRAD    STATUS=CONVERGED     632 CALLS         633 TOTAL
                     EDM=1.92162e-06    STRATEGY= 1  ERROR MATRIX UNCERTAINTY   1.0 per cent
  EXT PARAMETER                                   STEP         FIRST   
  NO.   NAME      VALUE            ERROR          SIZE      DERIVATIVE 
   1  N0           2.88250e+06   2.39715e+02   4.93936e-02  -4.90326e-07
   2  tau          6.44106e+01   constant   
   3  A0           3.52500e-01   1.10178e-04  -1.14922e-07   3.42814e-01
   4  phi          4.11225e+00   3.15468e-04   9.33395e-08   6.64941e-01
   5  R           -5.98157e+01   constant   
   6  alpha_CBO    0.00000e+00     fixed    
   7  w_CBO        2.32500e+00   constant   
   8  beta_CBO     0.00000e+00     fixed    
   9  alpha_2CBO   0.00000e+00     fixed    
  10  beta_2CBO    0.00000e+00     fixed    
  11  alpha_y      0.00000e+00     fixed    
  12  w_y          1.38860e+01   constant   
  13  beta_y       0.00000e+00     fixed    
  14  alpha_vw     0.00000e+00     fixed    
  15  w_vw         1.43404e+01   constant   
  16  beta_vw      0.00000e+00     fixed    
  17  LM           1.60296e-04   constant   
  18  zeta_y       0.00000e+00   constant   
  19  zeta_vw      0.00000e+00   constant   
  20  T_CBO        1.66401e+02   2.52684e+01   9.98199e-05  -1.06155e-03
  21  alpha_A0     6.70354e-03   8.75320e-04   5.51395e-05   4.71034e-03
  22  beta_A0      1.63557e-03   8.15121e-04   9.69624e-05   8.76966e-03
  23  alpha_phi    9.99990e-03   5.19086e-05   1.21929e-04  -2.53337e-02
  24  beta_phi    -4.50920e-03   7.57145e-04   1.81472e-04   9.12577e-03
 EXTERNAL ERROR MATRIX.    NDIM=  25    NPAR=  8    ERR DEF=1
  5.746e+04 -2.541e-03 -4.975e-03 -1.569e+03  5.411e-02 -3.444e-02 -2.774e-05 -2.582e-02 
 -2.541e-03  1.214e-08 -3.645e-10  5.185e-04 -1.208e-08  1.251e-08 -1.356e-11  8.421e-09 
 -4.975e-03 -3.645e-10  9.952e-08  4.513e-04 -2.513e-08 -1.773e-08  2.439e-11  3.018e-08 
 -1.569e+03  5.185e-04  4.513e-04  6.395e+02 -1.362e-02 -5.560e-04  2.579e-05  8.667e-03 
  5.411e-02 -1.208e-08 -2.513e-08 -1.362e-02  7.698e-07 -2.574e-08 -1.383e-10 -1.509e-07 
 -3.444e-02  1.251e-08 -1.773e-08 -5.560e-04 -2.574e-08  6.659e-07  4.985e-10 -7.511e-08 
 -2.774e-05 -1.356e-11  2.439e-11  2.579e-05 -1.383e-10  4.985e-10  2.021e-11  6.760e-10 
 -2.582e-02  8.421e-09  3.018e-08  8.667e-03 -1.509e-07 -7.511e-08  6.760e-10  5.746e-07 
 PARAMETER  CORRELATION COEFFICIENTS  
       NO.  GLOBAL      1      3      4     20     21     22     23     24
        1  0.34940   1.000 -0.096 -0.066 -0.259  0.257 -0.176 -0.026 -0.142
        3  0.25907  -0.096  1.000 -0.010  0.186 -0.125  0.139 -0.027  0.101
        4  0.16974  -0.066 -0.010  1.000  0.057 -0.091 -0.069  0.017  0.126
       20  0.72095  -0.259  0.186  0.057  1.000 -0.614 -0.027  0.227  0.452
       21  0.63699   0.257 -0.125 -0.091 -0.614  1.000 -0.036 -0.035 -0.227
       22  0.33358  -0.176  0.139 -0.069 -0.027 -0.036  1.000  0.136 -0.121
       23  0.34276  -0.026 -0.027  0.017  0.227 -0.035  0.136  1.000  0.198
       24  0.49532  -0.142  0.101  0.126  0.452 -0.227 -0.121  0.198  1.000
MINUIT - FIT ONLY 1-CBO + wiggle
 **********
 **   16 **RES 
 **********
                   PARAMETER   16  beta_vw RESTORED TO VARIABLE.
                   PARAMETER   14  alpha_vw RESTORED TO VARIABLE.
                   PARAMETER   13  beta_y RESTORED TO VARIABLE.
                   PARAMETER   11  alpha_y RESTORED TO VARIABLE.
                   PARAMETER   10  beta_2CBO RESTORED TO VARIABLE.
                   PARAMETER    9  alpha_2CBO RESTORED TO VARIABLE.
                   PARAMETER    8  beta_CBO RESTORED TO VARIABLE.
                   PARAMETER    6  alpha_CBO RESTORED TO VARIABLE.
 **********
 **   17 **FIX            8
 **********
 **********
 **   18 **FIX            9
 **********
 **********
 **   19 **FIX           11
 **********
 **********
 **   20 **FIX           12
 **********
 PARAMETER   12  IS CONSTANT.   IGNORED.
 **********
 **   21 **FIX           14
 **********
 **********
 **   22 **FIX           15
 **********
 PARAMETER   15  IS CONSTANT.   IGNORED.
 **********
 **   23 **FIX           16
 **********
 **********
 **   24 **MIGRAD
 **********
 START MIGRAD MINIMIZATION.  STRATEGY  1.  CONVERGENCE WHEN EDM .LT. 1.00e-04
 FCN=3945.02 FROM MIGRAD    STATUS=INITIATE       28 CALLS         661 TOTAL
                     EDM= unknown      STRATEGY= 1      NO ERROR MATRIX       
  EXT PARAMETER               CURRENT GUESS       STEP         FIRST   
  NO.   NAME      VALUE            ERROR          SIZE      DERIVATIVE 
   1  N0           2.88250e+06   2.39715e+02   4.93936e-02  -4.90331e-07
   2  tau          6.44106e+01   constant   
   3  A0           3.52500e-01   1.10178e-04  -1.14922e-07   3.42812e-01
   4  phi          4.11225e+00   3.15468e-04   9.33395e-08   6.64942e-01
   5  R           -5.98157e+01   constant   
   6  alpha_CBO    0.00000e+00   1.00000e-03   1.00000e-03  -1.01470e+06
   7  w_CBO        2.32500e+00   constant   
   8  beta_CBO     0.00000e+00     fixed    
   9  alpha_2CBO   0.00000e+00     fixed    
  10  beta_2CBO    0.00000e+00   1.00000e-03   1.00000e-03  -4.75700e+04
  11  alpha_y      0.00000e+00     fixed    
  12  w_y          1.38860e+01   constant   
  13  beta_y       0.00000e+00   1.00000e-03   1.00000e-03   1.34228e+05
  14  alpha_vw     0.00000e+00     fixed    
  15  w_vw         1.43404e+01   constant   
  16  beta_vw      0.00000e+00     fixed    
  17  LM           1.60296e-04   constant   
  18  zeta_y       0.00000e+00   constant   
  19  zeta_vw      0.00000e+00   constant   
  20  T_CBO        1.66401e+02   2.52684e+01   9.98199e-05  -1.06359e-03
  21  alpha_A0     6.70354e-03   8.75320e-04   5.51395e-05   4.71035e-03
  22  beta_A0      1.63557e-03   8.15121e-04   9.69624e-05   8.76971e-03
  23  alpha_phi    9.99990e-03   5.19086e-05   1.21929e-04  -2.53362e-02
  24  beta_phi    -4.50920e-03   7.57145e-04   1.81472e-04   9.12556e-03
 MIGRAD MINIMIZATION HAS CONVERGED.
 FCN=627.629 FROM MIGRAD    STATUS=CONVERGED     267 CALLS         900 TOTAL
                     EDM=2.58173e-06    STRATEGY= 1  ERROR MATRIX UNCERTAINTY   2.9 per cent
  EXT PARAMETER                                   STEP         FIRST   
  NO.   NAME      VALUE            ERROR          SIZE      DERIVATIVE 
   1  N0           2.88174e+06   2.35221e+02   8.42321e-01  -5.67840e-07
   2  tau          6.44106e+01   constant   
   3  A0           3.51192e-01   1.09998e-04  -1.57923e-07   2.32102e+00
   4  phi          4.11517e+00   3.20806e-04   4.20992e-08   2.04076e-01
   5  R           -5.98157e+01   constant   
   6  alpha_CBO    6.43953e-03   1.12951e-04  -5.74999e-08  -2.91884e+00
   7  w_CBO        2.32500e+00   constant   
   8  beta_CBO     0.00000e+00     fixed    
   9  alpha_2CBO   0.00000e+00     fixed    
  10  beta_2CBO    5.32924e-06   1.11588e-04  -6.32153e-08   1.49797e+00
  11  alpha_y      0.00000e+00     fixed    
  12  w_y          1.38860e+01   constant   
  13  beta_y      -7.67698e-04   1.08514e-04  -2.20510e-07  -1.34672e+01
  14  alpha_vw     0.00000e+00     fixed    
  15  w_vw         1.43404e+01   constant   
  16  beta_vw      0.00000e+00     fixed    
  17  LM           1.60296e-04   constant   
  18  zeta_y       0.00000e+00   constant   
  19  zeta_vw      0.00000e+00   constant   
  20  T_CBO        8.85764e+01   1.06787e+01  -1.99610e-04  -5.44361e-02
  21  alpha_A0     1.77726e-03   1.06266e-03   6.23165e-04  -2.12880e-02
  22  beta_A0     -4.53205e-04   1.13100e-03   3.47859e-04   8.69762e-03
  23  alpha_phi    1.00000e-02   1.74457e-03   5.32415e-04** at limit **
  24  beta_phi    -4.32389e-03   1.12043e-03  -2.98635e-04   9.08918e-03
 EXTERNAL ERROR MATRIX.    NDIM=  25    NPAR= 11    ERR DEF=1
  5.533e+04 
 -2.713e-03  1.210e-08 
 -7.102e-03 -2.655e-09  1.029e-07 
 -1.610e-03 -2.642e-09  5.746e-09  1.276e-08 
  1.252e-03  6.138e-10 -1.662e-09 -5.567e-10  1.245e-08 
 -5.006e-04 -9.309e-11  1.958e-10  6.020e-11  5.075e-11  1.178e-08 
 -6.599e+02  2.496e-04  9.436e-05 -9.770e-05 -5.326e-05 -9.618e-06  1.141e+02 
  4.697e-02 -4.992e-09 -3.467e-08 -1.538e-08 -1.258e-08 -2.287e-09 -2.473e-03  1.134e-06 
 -6.290e-02  2.538e-08 -2.511e-08 -5.739e-09  1.012e-08  1.296e-09  1.453e-03 -2.595e-08  1.285e-06 
  4.118e-06 -7.135e-13 -4.177e-12 -2.194e-13  1.487e-12 -2.429e-13 -3.963e-07  1.556e-11  2.172e-12  2.007e-13 
 -4.681e-02  9.419e-09  4.762e-08  2.041e-09 -2.075e-08  2.921e-09  5.508e-03 -8.783e-08  4.291e-08 -6.592e-11  1.262e-06 
 PARAMETER  CORRELATION COEFFICIENTS  
       NO.  GLOBAL      1      3      4      6     10     13     20     21     22     23     24
        1  0.38552   1.000 -0.105 -0.094 -0.061  0.048 -0.020 -0.263  0.188 -0.236  0.039 -0.177
        3  0.34325  -0.105  1.000 -0.075 -0.213  0.050 -0.008  0.212 -0.043  0.204 -0.014  0.076
        4  0.24662  -0.094 -0.075  1.000  0.159 -0.046  0.006  0.028 -0.102 -0.069 -0.029  0.132
        6  0.30466  -0.061 -0.213  0.159  1.000 -0.044  0.005 -0.081 -0.128 -0.045 -0.004  0.016
       10  0.23729   0.048  0.050 -0.046 -0.044  1.000  0.004 -0.045 -0.106  0.080  0.030 -0.166
       13  0.04570  -0.020 -0.008  0.006  0.005  0.004  1.000 -0.008 -0.020  0.011 -0.005  0.024
       20  0.55117  -0.263  0.212  0.028 -0.081 -0.045 -0.008  1.000 -0.217  0.120 -0.083  0.459
       21  0.32843   0.188 -0.043 -0.102 -0.128 -0.106 -0.020 -0.217  1.000 -0.022  0.033 -0.073
       22  0.32052  -0.236  0.204 -0.069 -0.045  0.080  0.011  0.120 -0.022  1.000  0.004  0.034
       23  0.13635   0.039 -0.014 -0.029 -0.004  0.030 -0.005 -0.083  0.033  0.004  1.000 -0.131
       24  0.50639  -0.177  0.076  0.132  0.016 -0.166  0.024  0.459 -0.073  0.034 -0.131  1.000
MINUIT - FIT ONLY 2-CBO
 **********
 **   25 **RES 
 **********
                   PARAMETER   16  beta_vw RESTORED TO VARIABLE.
                   PARAMETER   14  alpha_vw RESTORED TO VARIABLE.
                   PARAMETER   11  alpha_y RESTORED TO VARIABLE.
                   PARAMETER    9  alpha_2CBO RESTORED TO VARIABLE.
                   PARAMETER    8  beta_CBO RESTORED TO VARIABLE.
 **********
 **   26 **FIX            0
 **********
 PARAMETER    0  IS UNDEFINED. IGNORED.
 **********
 **   27 **FIX            1
 **********
 **********
 **   28 **FIX            2
 **********
 PARAMETER    2  IS CONSTANT.   IGNORED.
 **********
 **   29 **FIX            3
 **********
 **********
 **   30 **FIX            4
 **********
 **********
 **   31 **FIX            5
 **********
 PARAMETER    5  IS CONSTANT.   IGNORED.
 **********
 **   32 **FIX            6
 **********
 **********
 **   33 **FIX            7
 **********
 PARAMETER    7  IS CONSTANT.   IGNORED.
 **********
 **   34 **FIX           10
 **********
 **********
 **   35 **FIX           11
 **********
 **********
 **   36 **FIX           12
 **********
 PARAMETER   12  IS CONSTANT.   IGNORED.
 **********
 **   37 **FIX           13
 **********
 **********
 **   38 **FIX           14
 **********
 **********
 **   39 **FIX           15
 **********
 PARAMETER   15  IS CONSTANT.   IGNORED.
 **********
 **   40 **FIX           16
 **********
 **********
 **   41 **MIGRAD
 **********
 START MIGRAD MINIMIZATION.  STRATEGY  1.  CONVERGENCE WHEN EDM .LT. 1.00e-04
 FCN=627.629 FROM MIGRAD    STATUS=INITIATE       18 CALLS         918 TOTAL
                     EDM= unknown      STRATEGY= 1      NO ERROR MATRIX       
  EXT PARAMETER               CURRENT GUESS       STEP         FIRST   
  NO.   NAME      VALUE            ERROR          SIZE      DERIVATIVE 
   1  N0           2.88174e+06     fixed    
   2  tau          6.44106e+01   constant   
   3  A0           3.51192e-01     fixed    
   4  phi          4.11517e+00     fixed    
   5  R           -5.98157e+01   constant   
   6  alpha_CBO    6.43953e-03     fixed    
   7  w_CBO        2.32500e+00   constant   
   8  beta_CBO     0.00000e+00   1.00000e-03   1.00000e-03   3.86798e+05
   9  alpha_2CBO   0.00000e+00   1.00000e-03   1.00000e-03  -4.65411e+04
  10  beta_2CBO    5.32924e-06     fixed    
  11  alpha_y      0.00000e+00     fixed    
  12  w_y          1.38860e+01   constant   
  13  beta_y      -7.67698e-04     fixed    
  14  alpha_vw     0.00000e+00     fixed    
  15  w_vw         1.43404e+01   constant   
  16  beta_vw      0.00000e+00     fixed    
  17  LM           1.60296e-04   constant   
  18  zeta_y       0.00000e+00   constant   
  19  zeta_vw      0.00000e+00   constant   
  20  T_CBO        8.85764e+01   1.06787e+01  -1.99610e-04  -5.54597e-02
  21  alpha_A0     1.77726e-03   1.06266e-03   6.23165e-04  -2.12987e-02
  22  beta_A0     -4.53205e-04   1.13100e-03   3.47859e-04   8.71363e-03
  23  alpha_phi    9.99998e-03   1.74457e-03   5.32415e-04  -4.02507e-03
  24  beta_phi    -4.32389e-03   1.12043e-03  -2.98635e-04   9.09883e-03
 MIGRAD MINIMIZATION HAS CONVERGED.
 FCN=164.794 FROM MIGRAD    STATUS=CONVERGED     118 CALLS        1018 TOTAL
                     EDM=3.88536e-07    STRATEGY= 1  ERROR MATRIX UNCERTAINTY   1.9 per cent
  EXT PARAMETER                                   STEP         FIRST   
  NO.   NAME      VALUE            ERROR          SIZE      DERIVATIVE 
   1  N0           2.88174e+06     fixed    
   2  tau          6.44106e+01   constant   
   3  A0           3.51192e-01     fixed    
   4  phi          4.11517e+00     fixed    
   5  R           -5.98157e+01   constant   
   6  alpha_CBO    6.43953e-03     fixed    
   7  w_CBO        2.32500e+00   constant   
   8  beta_CBO    -2.37080e-03   1.10806e-04  -5.14186e-08  -1.06259e+00
   9  alpha_2CBO   1.85845e-04   1.10086e-04  -1.37315e-07  -4.92324e+00
  10  beta_2CBO    5.32924e-06     fixed    
  11  alpha_y      0.00000e+00     fixed    
  12  w_y          1.38860e+01   constant   
  13  beta_y      -7.67698e-04     fixed    
  14  alpha_vw     0.00000e+00     fixed    
  15  w_vw         1.43404e+01   constant   
  16  beta_vw      0.00000e+00     fixed    
  17  LM           1.60296e-04   constant   
  18  zeta_y       0.00000e+00   constant   
  19  zeta_vw      0.00000e+00   constant   
  20  T_CBO        8.06165e+01   9.48986e+00  -1.32390e-04  -2.25301e-02
  21  alpha_A0     2.42462e-03   1.10847e-03  -1.14766e-04   2.33579e-03
  22  beta_A0      1.84946e-03   1.18272e-03  -4.83996e-04  -1.47563e-03
  23  alpha_phi    1.00000e-02   4.38036e-03   7.91923e-05** at limit **
  24  beta_phi    -3.51065e-03   1.12037e-03  -4.70832e-04   8.85112e-03
 EXTERNAL ERROR MATRIX.    NDIM=  25    NPAR=  7    ERR DEF=1
  1.228e-08  3.895e-10  1.630e-05 -2.253e-09 -9.721e-09 -4.098e-16 -3.190e-09 
  3.895e-10  1.212e-08 -1.544e-04  1.392e-08  2.406e-08 -3.640e-15  2.840e-09 
  1.630e-05 -1.544e-04  9.009e+01 -3.328e-03 -1.592e-03  5.339e-10  4.058e-03 
 -2.253e-09  1.392e-08 -3.328e-03  1.234e-06  2.224e-07 -5.657e-14 -1.439e-07 
 -9.721e-09  2.406e-08 -1.592e-03  2.224e-07  1.406e-06 -4.160e-14 -4.878e-08 
 -4.098e-16 -3.640e-15  5.339e-10 -5.657e-14 -4.160e-14  9.440e-16 -3.169e-15 
 -3.190e-09  2.840e-09  4.058e-03 -1.439e-07 -4.878e-08 -3.169e-15  1.261e-06 
 PARAMETER  CORRELATION COEFFICIENTS  
       NO.  GLOBAL      8      9     20     21     22     23     24
        8  0.09569   1.000  0.032  0.016 -0.018 -0.074 -0.000 -0.026
        9  0.24647   0.032  1.000 -0.148  0.114  0.184 -0.001  0.023
       20  0.48970   0.016 -0.148  1.000 -0.316 -0.141  0.002  0.381
       21  0.34304  -0.018  0.114 -0.316  1.000  0.169 -0.002 -0.115
       22  0.25939  -0.074  0.184 -0.141  0.169  1.000 -0.001 -0.037
       23  0.00250  -0.000 -0.001  0.002 -0.002 -0.001  1.000 -0.000
       24  0.39055  -0.026  0.023  0.381 -0.115 -0.037 -0.000  1.000
MINUIT - FIT wiggle + 1-CBO + 2-CBO
 **********
 **   42 **RES 
 **********
                   PARAMETER   16  beta_vw RESTORED TO VARIABLE.
                   PARAMETER   14  alpha_vw RESTORED TO VARIABLE.
                   PARAMETER   13  beta_y RESTORED TO VARIABLE.
                   PARAMETER   11  alpha_y RESTORED TO VARIABLE.
                   PARAMETER   10  beta_2CBO RESTORED TO VARIABLE.
                   PARAMETER    6  alpha_CBO RESTORED TO VARIABLE.
                   PARAMETER    4  phi RESTORED TO VARIABLE.
                   PARAMETER    3  A0 RESTORED TO VARIABLE.
                   PARAMETER    1  N0 RESTORED TO VARIABLE.
 **********
 **   43 **FIX           10
 **********
 **********
 **   44 **FIX           11
 **********
 **********
 **   45 **FIX           12
 **********
 PARAMETER   12  IS CONSTANT.   IGNORED.
 **********
 **   46 **FIX           13
 **********
 **********
 **   47 **FIX           14
 **********
 **********
 **   48 **FIX           15
 **********
 PARAMETER   15  IS CONSTANT.   IGNORED.
 **********
 **   49 **FIX           16
 **********
 **********
 **   50 **MIGRAD
 **********
 START MIGRAD MINIMIZATION.  STRATEGY  1.  CONVERGENCE WHEN EDM .LT. 1.00e-04
 FCN=164.794 FROM MIGRAD    STATUS=INITIATE       22 CALLS        1040 TOTAL
                     EDM= unknown      STRATEGY= 1      NO ERROR MATRIX       
  EXT PARAMETER               CURRENT GUESS       STEP         FIRST   
  NO.   NAME      VALUE            ERROR          SIZE      DERIVATIVE 
   1  N0           2.88174e+06   2.35221e+02   2.35221e+02  -1.12247e-02
   2  tau          6.44106e+01   constant   
   3  A0           3.51192e-01   1.09998e-04   1.09998e-04  -3.33155e+04
   4  phi          4.11517e+00   3.20806e-04   3.20806e-04  -2.52851e+04
   5  R           -5.98157e+01   constant   
   6  alpha_CBO    6.43953e-03   1.12951e-04   1.12951e-04   1.48095e+04
   7  w_CBO        2.32500e+00   constant   
   8  beta_CBO    -2.37080e-03   1.10806e-04  -5.14186e-08  -1.05270e+00
   9  alpha_2CBO   1.85845e-04   1.10086e-04  -1.37315e-07  -4.96369e+00
  10  beta_2CBO    5.32924e-06     fixed    
  11  alpha_y      0.00000e+00     fixed    
  12  w_y          1.38860e+01   constant   
  13  beta_y      -7.67698e-04     fixed    
  14  alpha_vw     0.00000e+00     fixed    
  15  w_vw         1.43404e+01   constant   
  16  beta_vw      0.00000e+00     fixed    
  17  LM           1.60296e-04   constant   
  18  zeta_y       0.00000e+00   constant   
  19  zeta_vw      0.00000e+00   constant   
  20  T_CBO        8.06165e+01   9.48986e+00  -1.32390e-04  -2.35140e-02
  21  alpha_A0     2.42462e-03   1.10847e-03  -1.14766e-04   2.32705e-03
  22  beta_A0      1.84946e-03   1.18272e-03  -4.83996e-04  -1.46255e-03
  23  alpha_phi    9.99998e-03   4.38036e-03   7.91923e-05  -4.16533e-03
  24  beta_phi    -3.51065e-03   1.12037e-03  -4.70832e-04   8.85941e-03
 MIGRAD MINIMIZATION HAS CONVERGED.
 MIGRAD WILL VERIFY CONVERGENCE AND ERROR MATRIX.
 COVARIANCE MATRIX CALCULATED SUCCESSFULLY
 FCN=144.245 FROM MIGRAD    STATUS=CONVERGED     269 CALLS        1287 TOTAL
                     EDM=3.84072e-06    STRATEGY= 1      ERROR MATRIX ACCURATE 
  EXT PARAMETER                                   STEP         FIRST   
  NO.   NAME      VALUE            ERROR          SIZE      DERIVATIVE 
   1  N0           2.88192e+06   2.38399e+02   1.37421e+00  -1.57445e-06
   2  tau          6.44106e+01   constant   
   3  A0           3.51377e-01   1.10641e-04   6.15327e-07  -1.47609e+01
   4  phi          4.11643e+00   3.30031e-04   1.96287e-06   5.14316e+00
   5  R           -5.98157e+01   constant   
   6  alpha_CBO    6.36510e-03   1.12841e-04   6.33438e-07  -8.44660e+00
   7  w_CBO        2.32500e+00   constant   
   8  beta_CBO    -2.48073e-03   1.13627e-04   6.49281e-07   1.73917e+00
   9  alpha_2CBO   1.53928e-04   1.12041e-04   6.41531e-07  -1.05308e+01
  10  beta_2CBO    5.32924e-06     fixed    
  11  alpha_y      0.00000e+00     fixed    
  12  w_y          1.38860e+01   constant   
  13  beta_y      -7.67698e-04     fixed    
  14  alpha_vw     0.00000e+00     fixed    
  15  w_vw         1.43404e+01   constant   
  16  beta_vw      0.00000e+00     fixed    
  17  LM           1.60296e-04   constant   
  18  zeta_y       0.00000e+00   constant   
  19  zeta_vw      0.00000e+00   constant   
  20  T_CBO        8.20050e+01   1.92865e+01   1.89763e-04   1.42493e-02
  21  alpha_A0     2.20322e-03   1.24904e-03   6.59859e-04   1.57290e-04
  22  beta_A0      1.57749e-03   1.27930e-03   7.07738e-04   2.36836e-03
  23  alpha_phi    1.00000e-02   1.70289e-02   3.53901e-02** at limit **
  24  beta_phi    -2.89976e-03   1.25955e-03   6.47455e-04  -8.11987e-03
 EXTERNAL ERROR MATRIX.    NDIM=  25    NPAR= 11    ERR DEF=1
  5.683e+04 
 -2.987e-03  1.224e-08 
 -8.146e-03 -1.700e-09  1.089e-07 
 -1.673e-03 -2.591e-09  5.749e-09  1.273e-08 
 -9.561e-04 -9.702e-10 -6.799e-09  3.481e-10  1.291e-08 
 -6.165e-04 -7.164e-11 -2.319e-09 -2.849e-10  7.131e-10  1.255e-08 
 -5.756e+02  2.510e-04  2.342e-04 -8.253e-05  4.012e-06 -1.316e-04  3.726e+02 
  5.369e-02 -7.724e-09 -4.670e-08 -1.598e-08  1.267e-11  1.674e-08 -1.060e-02  1.569e-06 
 -5.204e-02  2.044e-08 -3.287e-08 -5.586e-09 -8.572e-09  2.099e-08 -5.557e-03  1.721e-07  1.646e-06 
 -1.334e-06  3.383e-12  1.691e-11  5.953e-13 -1.126e-12 -1.774e-13  2.197e-05 -5.842e-10 -4.023e-10  1.793e-12 
 -4.152e-02  1.131e-08  6.074e-08  2.284e-09 -8.226e-09  1.041e-09  1.289e-02 -3.463e-07 -2.121e-07  7.390e-10  1.596e-06 
 PARAMETER  CORRELATION COEFFICIENTS  
       NO.  GLOBAL      1      3      4      6      8      9     20     21     22     23     24
        1  0.36436   1.000 -0.113 -0.104 -0.062 -0.035 -0.023 -0.125  0.180 -0.170 -0.004 -0.138
        3  0.32685  -0.113  1.000 -0.047 -0.208 -0.077 -0.006  0.118 -0.056  0.144  0.023  0.081
        4  0.31832  -0.104 -0.047  1.000  0.154 -0.181 -0.063  0.037 -0.113 -0.078  0.038  0.146
        6  0.30004  -0.062 -0.208  0.154  1.000  0.027 -0.023 -0.038 -0.113 -0.039  0.004  0.016
        8  0.23898  -0.035 -0.077 -0.181  0.027  1.000  0.056  0.002  0.000 -0.059 -0.007 -0.057
        9  0.23076  -0.023 -0.006 -0.063 -0.023  0.056  1.000 -0.061  0.119  0.146 -0.001  0.007
       20  0.88870  -0.125  0.118  0.037 -0.038  0.002 -0.061  1.000 -0.438 -0.224  0.850  0.528
       21  0.48768   0.180 -0.056 -0.113 -0.113  0.000  0.119 -0.438  1.000  0.107 -0.348 -0.219
       22  0.37865  -0.170  0.144 -0.078 -0.039 -0.059  0.146 -0.224  0.107  1.000 -0.234 -0.131
       23  0.86165  -0.004  0.023  0.038  0.004 -0.007 -0.001  0.850 -0.348 -0.234  1.000  0.437
       24  0.55287  -0.138  0.081  0.146  0.016 -0.057  0.007  0.528 -0.219 -0.131  0.437  1.000
MINUIT - FIT ONLY 1-y
 **********
 **   51 **RES 
 **********
                   PARAMETER   16  beta_vw RESTORED TO VARIABLE.
                   PARAMETER   14  alpha_vw RESTORED TO VARIABLE.
                   PARAMETER   13  beta_y RESTORED TO VARIABLE.
                   PARAMETER   11  alpha_y RESTORED TO VARIABLE.
                   PARAMETER   10  beta_2CBO RESTORED TO VARIABLE.
 **********
 **   52 **FIX            0
 **********
 PARAMETER    0  IS UNDEFINED. IGNORED.
 **********
 **   53 **FIX            1
 **********
 **********
 **   54 **FIX            2
 **********
 PARAMETER    2  IS CONSTANT.   IGNORED.
 **********
 **   55 **FIX            3
 **********
 **********
 **   56 **FIX            4
 **********
 **********
 **   57 **FIX            5
 **********
 PARAMETER    5  IS CONSTANT.   IGNORED.
 **********
 **   58 **FIX            6
 **********
 **********
 **   59 **FIX            7
 **********
 PARAMETER    7  IS CONSTANT.   IGNORED.
 **********
 **   60 **FIX            8
 **********
 **********
 **   61 **FIX            9
 **********
 **********
 **   62 **FIX           13
 **********
 **********
 **   63 **FIX           14
 **********
 **********
 **   64 **FIX           15
 **********
 PARAMETER   15  IS CONSTANT.   IGNORED.
 **********
 **   65 **FIX           16
 **********
 **********
 **   66 **MIGRAD
 **********
 START MIGRAD MINIMIZATION.  STRATEGY  1.  CONVERGENCE WHEN EDM .LT. 1.00e-04
 FCN=144.245 FROM MIGRAD    STATUS=INITIATE       16 CALLS        1303 TOTAL
                     EDM= unknown      STRATEGY= 1      NO ERROR MATRIX       
  EXT PARAMETER               CURRENT GUESS       STEP         FIRST   
  NO.   NAME      VALUE            ERROR          SIZE      DERIVATIVE 
   1  N0           2.88192e+06     fixed    
   2  tau          6.44106e+01   constant   
   3  A0           3.51377e-01     fixed    
   4  phi          4.11643e+00     fixed    
   5  R           -5.98157e+01   constant   
   6  alpha_CBO    6.36510e-03     fixed    
   7  w_CBO        2.32500e+00   constant   
   8  beta_CBO    -2.48073e-03     fixed    
   9  alpha_2CBO   1.53928e-04     fixed    
  10  beta_2CBO    5.32924e-06   1.11588e-04   1.11588e-04  -3.02254e+04
  11  alpha_y      0.00000e+00   1.00000e-03   1.00000e-03  -5.64937e+04
  12  w_y          1.38860e+01   constant   
  13  beta_y      -7.67698e-04     fixed    
  14  alpha_vw     0.00000e+00     fixed    
  15  w_vw         1.43404e+01   constant   
  16  beta_vw      0.00000e+00     fixed    
  17  LM           1.60296e-04   constant   
  18  zeta_y       0.00000e+00   constant   
  19  zeta_vw      0.00000e+00   constant   
  20  T_CBO        8.20050e+01   1.92865e+01   1.89763e-04   1.31873e-02
  21  alpha_A0     2.20322e-03   1.24904e-03   6.59859e-04   1.40344e-04
  22  beta_A0      1.57749e-03   1.27930e-03   7.07738e-04   2.37682e-03
  23  alpha_phi    9.99998e-03   1.70289e-02   3.53901e-02  -6.75665e-05
  24  beta_phi    -2.89976e-03   1.25955e-03   6.47455e-04  -8.10097e-03
 MIGRAD MINIMIZATION HAS CONVERGED.
 MIGRAD WILL VERIFY CONVERGENCE AND ERROR MATRIX.
 COVARIANCE MATRIX CALCULATED SUCCESSFULLY
 FCN=131.937 FROM MIGRAD    STATUS=CONVERGED     198 CALLS        1485 TOTAL
                     EDM=8.57894e-06    STRATEGY= 1      ERROR MATRIX ACCURATE 
  EXT PARAMETER                                   STEP         FIRST   
  NO.   NAME      VALUE            ERROR          SIZE      DERIVATIVE 
   1  N0           2.88192e+06     fixed    
   2  tau          6.44106e+01   constant   
   3  A0           3.51377e-01     fixed    
   4  phi          4.11643e+00     fixed    
   5  R           -5.98157e+01   constant   
   6  alpha_CBO    6.36510e-03     fixed    
   7  w_CBO        2.32500e+00   constant   
   8  beta_CBO    -2.48073e-03     fixed    
   9  alpha_2CBO   1.53928e-04     fixed    
  10  beta_2CBO    1.97699e-04   1.11748e-04   6.13141e-07  -4.56394e+00
  11  alpha_y      3.32862e-04   1.08228e-04   6.09046e-07   5.55566e+00
  12  w_y          1.38860e+01   constant   
  13  beta_y      -7.67698e-04     fixed    
  14  alpha_vw     0.00000e+00     fixed    
  15  w_vw         1.43404e+01   constant   
  16  beta_vw      0.00000e+00     fixed    
  17  LM           1.60296e-04   constant   
  18  zeta_y       0.00000e+00   constant   
  19  zeta_vw      0.00000e+00   constant   
  20  T_CBO        8.13910e+01   2.36866e+01   1.80302e-04  -1.03051e-01
  21  alpha_A0     1.91703e-03   1.24439e-03   6.31451e-04  -5.31333e-03
  22  beta_A0      1.70392e-03   1.28401e-03   6.82954e-04  -3.53087e-03
  23  alpha_phi    9.99892e-03   1.80637e-02   1.91724e-02   9.48303e-04
  24  beta_phi    -3.17906e-03   1.39254e-03   6.29183e-04   1.04940e-03
 EXTERNAL ERROR MATRIX.    NDIM=  25    NPAR=  7    ERR DEF=1
  1.249e-08  1.303e-10 -5.286e-05 -1.528e-08  1.312e-08 -3.661e-10 -2.129e-08 
  1.303e-10  1.171e-08  5.811e-06 -1.995e-09 -2.481e-09  1.204e-10  1.379e-09 
 -5.286e-05  5.811e-06  5.625e+02 -1.339e-02 -1.089e-02  3.305e-02  2.115e-02 
 -1.528e-08 -1.995e-09 -1.339e-02  1.557e-06  2.632e-07 -7.723e-07 -4.309e-07 
  1.312e-08 -2.481e-09 -1.089e-02  2.632e-07  1.658e-06 -6.683e-07 -4.731e-07 
 -3.661e-10  1.204e-10  3.305e-02 -7.723e-07 -6.683e-07  2.322e-06  1.224e-06 
 -2.129e-08  1.379e-09  2.115e-02 -4.309e-07 -4.731e-07  1.224e-06  1.953e-06 
 PARAMETER  CORRELATION COEFFICIENTS  
       NO.  GLOBAL     10     11     20     21     22     23     24
       10  0.22393   1.000  0.011 -0.020 -0.110  0.091 -0.002 -0.136
       11  0.02893   0.011  1.000  0.002 -0.015 -0.018  0.001  0.009
       20  0.92941  -0.020  0.002  1.000 -0.452 -0.357  0.914  0.638
       21  0.47013  -0.110 -0.015 -0.452  1.000  0.164 -0.406 -0.247
       22  0.37089   0.091 -0.018 -0.357  0.164  1.000 -0.341 -0.263
       23  0.91490  -0.002  0.001  0.914 -0.406 -0.341  1.000  0.575
       24  0.65167  -0.136  0.009  0.638 -0.247 -0.263  0.575  1.000
MINUIT - FIT ONLY 2-y
 **********
 **   67 **RES 
 **********
                   PARAMETER   16  beta_vw RESTORED TO VARIABLE.
                   PARAMETER   14  alpha_vw RESTORED TO VARIABLE.
                   PARAMETER   13  beta_y RESTORED TO VARIABLE.
                   PARAMETER    9  alpha_2CBO RESTORED TO VARIABLE.
                   PARAMETER    8  beta_CBO RESTORED TO VARIABLE.
                   PARAMETER    6  alpha_CBO RESTORED TO VARIABLE.
                   PARAMETER    4  phi RESTORED TO VARIABLE.
                   PARAMETER    3  A0 RESTORED TO VARIABLE.
                   PARAMETER    1  N0 RESTORED TO VARIABLE.
 **********
 **   68 **FIX            0
 **********
 PARAMETER    0  IS UNDEFINED. IGNORED.
 **********
 **   69 **FIX            1
 **********
 **********
 **   70 **FIX            2
 **********
 PARAMETER    2  IS CONSTANT.   IGNORED.
 **********
 **   71 **FIX            3
 **********
 **********
 **   72 **FIX            4
 **********
 **********
 **   73 **FIX            5
 **********
 PARAMETER    5  IS CONSTANT.   IGNORED.
 **********
 **   74 **FIX            6
 **********
 **********
 **   75 **FIX            7
 **********
 PARAMETER    7  IS CONSTANT.   IGNORED.
 **********
 **   76 **FIX            8
 **********
 **********
 **   77 **FIX            9
 **********
 **********
 **   78 **FIX           10
 **********
 **********
 **   79 **FIX           11
 **********
 **********
 **   80 **FIX           12
 **********
 PARAMETER   12  IS CONSTANT.   IGNORED.
 **********
 **   81 **FIX           16
 **********
 **********
 **   82 **MIGRAD
 **********
 START MIGRAD MINIMIZATION.  STRATEGY  1.  CONVERGENCE WHEN EDM .LT. 1.00e-04
 FCN=131.937 FROM MIGRAD    STATUS=INITIATE       18 CALLS        1503 TOTAL
                     EDM= unknown      STRATEGY= 1      NO ERROR MATRIX       
  EXT PARAMETER               CURRENT GUESS       STEP         FIRST   
  NO.   NAME      VALUE            ERROR          SIZE      DERIVATIVE 
   1  N0           2.88192e+06     fixed    
   2  tau          6.44106e+01   constant   
   3  A0           3.51377e-01     fixed    
   4  phi          4.11643e+00     fixed    
   5  R           -5.98157e+01   constant   
   6  alpha_CBO    6.36510e-03     fixed    
   7  w_CBO        2.32500e+00   constant   
   8  beta_CBO    -2.48073e-03     fixed    
   9  alpha_2CBO   1.53928e-04     fixed    
  10  beta_2CBO    1.97699e-04     fixed    
  11  alpha_y      3.32862e-04     fixed    
  12  w_y          1.38860e+01   constant   
  13  beta_y      -7.67698e-04   1.08514e-04   1.08514e-04   9.69705e+03
  14  alpha_vw     0.00000e+00   1.00000e-03   1.00000e-03   1.28588e+05
  15  w_vw         1.43404e+01   constant   
  16  beta_vw      0.00000e+00     fixed    
  17  LM           1.60296e-04   constant   
  18  zeta_y       0.00000e+00   constant   
  19  zeta_vw      0.00000e+00   constant   
  20  T_CBO        8.13910e+01   2.36866e+01   1.80302e-04  -1.03112e-01
  21  alpha_A0     1.91703e-03   1.24439e-03   6.31451e-04  -5.31916e-03
  22  beta_A0      1.70392e-03   1.28401e-03   6.82954e-04  -3.53588e-03
  23  alpha_phi    9.99892e-03   1.80637e-02   1.91724e-02  -1.69141e-03
  24  beta_phi    -3.17906e-03   1.39254e-03   6.29183e-04   1.05955e-03
 MIGRAD MINIMIZATION HAS CONVERGED.
 MIGRAD WILL VERIFY CONVERGENCE AND ERROR MATRIX.
 COVARIANCE MATRIX CALCULATED SUCCESSFULLY
 FCN=82.237 FROM MIGRAD    STATUS=CONVERGED     140 CALLS        1625 TOTAL
                     EDM=3.06728e-06    STRATEGY= 1      ERROR MATRIX ACCURATE 
  EXT PARAMETER                                   STEP         FIRST   
  NO.   NAME      VALUE            ERROR          SIZE      DERIVATIVE 
   1  N0           2.88192e+06     fixed    
   2  tau          6.44106e+01   constant   
   3  A0           3.51377e-01     fixed    
   4  phi          4.11643e+00     fixed    
   5  R           -5.98157e+01   constant   
   6  alpha_CBO    6.36510e-03     fixed    
   7  w_CBO        2.32500e+00   constant   
   8  beta_CBO    -2.48073e-03     fixed    
   9  alpha_2CBO   1.53928e-04     fixed    
  10  beta_2CBO    1.97699e-04     fixed    
  11  alpha_y      3.32862e-04     fixed    
  12  w_y          1.38860e+01   constant   
  13  beta_y      -6.94368e-04   1.11345e-04   4.88793e-07  -9.36584e-01
  14  alpha_vw    -7.78559e-04   1.10750e-04   4.86191e-07  -3.06453e+00
  15  w_vw         1.43404e+01   constant   
  16  beta_vw      0.00000e+00     fixed    
  17  LM           1.60296e-04   constant   
  18  zeta_y       0.00000e+00   constant   
  19  zeta_vw      0.00000e+00   constant   
  20  T_CBO        8.09136e+01   9.53142e+00   1.42238e-04  -6.75220e-03
  21  alpha_A0     2.07157e-03   1.13580e-03   5.04110e-04  -9.08586e-03
  22  beta_A0      1.70764e-03   1.20387e-03   5.43523e-04  -4.97065e-03
  23  alpha_phi    9.99913e-03   1.42978e-02   1.68152e-02   7.52028e-04
  24  beta_phi    -3.05715e-03   1.12320e-03   4.98641e-04   1.57940e-02
 EXTERNAL ERROR MATRIX.    NDIM=  25    NPAR=  7    ERR DEF=1
  1.240e-08 -2.075e-09 -6.014e-06  2.136e-09 -8.928e-10 -9.734e-13  2.501e-09 
 -2.075e-09  1.227e-08  8.283e-06 -2.588e-09  1.496e-11  8.793e-13 -2.046e-09 
 -6.014e-06  8.283e-06  9.088e+01 -2.599e-03 -1.313e-03 -1.073e-04  3.491e-03 
  2.136e-09 -2.588e-09 -2.599e-03  1.296e-06  5.833e-08  2.707e-09 -5.133e-08 
 -8.928e-10  1.496e-11 -1.313e-03  5.833e-08  1.457e-06  2.165e-09 -9.605e-08 
 -9.734e-13  8.793e-13 -1.073e-04  2.707e-09  2.165e-09  3.484e-08 -3.826e-09 
  2.501e-09 -2.046e-09  3.491e-03 -5.133e-08 -9.605e-08 -3.826e-09  1.267e-06 
 PARAMETER  CORRELATION COEFFICIENTS  
       NO.  GLOBAL     13     14     20     21     22     23     24
       13  0.17006   1.000 -0.168 -0.006  0.017 -0.007 -0.000  0.020
       14  0.16997  -0.168  1.000  0.008 -0.021  0.000  0.000 -0.016
       20  0.40828  -0.006  0.008  1.000 -0.240 -0.114 -0.060  0.325
       21  0.24435   0.017 -0.021 -0.240  1.000  0.042  0.013 -0.040
       22  0.12096  -0.007  0.000 -0.114  0.042  1.000  0.010 -0.071
       23  0.06039  -0.000  0.000 -0.060  0.013  0.010  1.000 -0.018
       24  0.33040   0.020 -0.016  0.325 -0.040 -0.071 -0.018  1.000
MINUIT - FIT ALTOGETHER
 **********
 **   83 **RES 
 **********
                   PARAMETER   16  beta_vw RESTORED TO VARIABLE.
