 + ++++++++++++++++++++++++++++++++++++++++++++++++++++++++++++++++++++ +
 +                                                                      +
 +           You have chose to blind your fitting according to          +
 +                omega_ref * (1 + (R +/- deltaR) *10^{-6})             +
 +                                                                      +
 + ++++++++++++++++++++++++++++++++++++++++++++++++++++++++++++++++++++ +
In main()...
reading format from /gm2data/zkhechad/run45/envelope/formats/formatB_sBin_constraintOn.txt
pBinTau 	= 0  
pBinPhi 	= 0  
constraintau 	= 1 
includeMopTerm 	= 0    
constrainMop    = 0   
Parameters after format file: pBinTau 0 pBinPhi 0 constraintau 1 includeMopTerm 0 constrainMop 0 c_e_scale 0.000000 
Opening file /gm2data/tbarrett/gm2fr/studies/run23_bunch_corrections/CorrectedFourier_Run3b.root.
reading full fit data from /gm2data/zkhechad/cboTemplates/Run4CBOTemplates/templateFits0_v2.0/noRF/sBin_constraintOn_cE0.0_seed0_noRF_calo17.root
windowBins = 69
fitting sliding window 1418 from bin 1554 at 231.707600 to bin 1623 at 242.151600 (69 bins)

Reading data from /gm2data/cornell/histograms/aMethod/histogram_a_noRF.root
 **********
 **    1 **SET PRINTOUT            1
 **********
 **********
 **    2 **SET NOWARNINGS 
 **********
 PARAMETER DEFINITIONS:
    NO.   NAME         VALUE      STEP SIZE      LIMITS
     1 N0           3.18443e+06  1.00000e+02     no limits
     2 tau          6.43838e+01  constant
     3 A0           3.45292e-01  1.00000e-04     no limits
     4 phi          4.12003e+00  1.00000e-02     no limits
     5 R           -6.09625e+01  constant
     6 alpha_CBO    0.00000e+00  1.00000e-03     no limits
     7 w_CBO        2.32500e+00  constant
     8 beta_CBO     0.00000e+00  1.00000e-03     no limits
     9 alpha_2CBO   0.00000e+00  1.00000e-03     no limits
    10 beta_2CBO    0.00000e+00  1.00000e-03     no limits
    11 alpha_y      0.00000e+00  1.00000e-03     no limits
    12 w_y          1.44500e+01  constant
    13 beta_y       0.00000e+00  1.00000e-03     no limits
    14 alpha_vw     0.00000e+00  1.00000e-03     no limits
    15 w_vw         1.29000e+01  constant
    16 beta_vw      0.00000e+00  1.00000e-03     no limits
    17 LM          -7.20700e-04  constant
    18 zeta_y       0.00000e+00  constant
    19 zeta_vw      0.00000e+00  constant
    20 T_CBO        1.00000e+02  1.00000e+00    0.00000e+00  1.00000e+03
    21 alpha_A0     0.00000e+00  1.00000e-03     no limits
    22 beta_A0      0.00000e+00  1.00000e-03     no limits
    23 alpha_phi    0.00000e+00  1.00000e-03     no limits
    24 beta_phi     0.00000e+00  1.00000e-03     no limits
MINUIT - FIT ONLY WIGGLE
 **********
 **    3 **FIX            5
 **********
 PARAMETER    5  IS CONSTANT.   IGNORED.
 **********
 **    4 **FIX            6
 **********
 **********
 **    5 **FIX            7
 **********
 PARAMETER    7  IS CONSTANT.   IGNORED.
 **********
 **    6 **FIX            8
 **********
 **********
 **    7 **FIX            9
 **********
 **********
 **    8 **FIX           10
 **********
 **********
 **    9 **FIX           11
 **********
 **********
 **   10 **FIX           12
 **********
 PARAMETER   12  IS CONSTANT.   IGNORED.
 **********
 **   11 **FIX           13
 **********
 **********
 **   12 **FIX           14
 **********
 **********
 **   13 **FIX           15
 **********
 PARAMETER   15  IS CONSTANT.   IGNORED.
 **********
 **   14 **FIX           16
 **********
 **********
 **   15 **MIGRAD
 **********
 FIRST CALL TO USER FUNCTION AT NEW START POINT, WITH IFLAG=4.
 START MIGRAD MINIMIZATION.  STRATEGY  1.  CONVERGENCE WHEN EDM .LT. 1.00e-04
 FCN=157 FROM MIGRAD    STATUS=INITIATE      437 CALLS         438 TOTAL
                     EDM= unknown      STRATEGY= 1      NO ERROR MATRIX       
  EXT PARAMETER               CURRENT GUESS       STEP         FIRST   
  NO.   NAME      VALUE            ERROR          SIZE      DERIVATIVE 
   1  N0           3.18443e+06   1.00000e+02   0.00000e+00   4.51854e-04
   2  tau          6.43838e+01   constant   
   3  A0           3.45292e-01   1.00000e-04   0.00000e+00   8.23659e+03
   4  phi          4.12003e+00   1.00000e-02   0.00000e+00   4.04833e+03
   5  R           -6.09625e+01   constant   
   6  alpha_CBO    0.00000e+00     fixed    
   7  w_CBO        2.32500e+00   constant   
   8  beta_CBO     0.00000e+00     fixed    
   9  alpha_2CBO   0.00000e+00     fixed    
  10  beta_2CBO    0.00000e+00     fixed    
  11  alpha_y      0.00000e+00     fixed    
  12  w_y          1.44500e+01   constant   
  13  beta_y       0.00000e+00     fixed    
  14  alpha_vw     0.00000e+00     fixed    
  15  w_vw         1.29000e+01   constant   
  16  beta_vw      0.00000e+00     fixed    
  17  LM          -7.20700e-04   constant   
  18  zeta_y       0.00000e+00   constant   
  19  zeta_vw      0.00000e+00   constant   
  20  T_CBO        1.00000e+02   1.00000e+00   0.00000e+00   0.00000e+00
  21  alpha_A0     0.00000e+00   1.00000e-03   0.00000e+00   3.19772e+02
  22  beta_A0      0.00000e+00   1.00000e-03   0.00000e+00   3.09646e+02
  23  alpha_phi    0.00000e+00   1.00000e-03   0.00000e+00  -1.10465e+02
  24  beta_phi     0.00000e+00   1.00000e-03   0.00000e+00  -4.80067e+01
 MIGRAD MINIMIZATION HAS CONVERGED.
 FCN=137.449 FROM MIGRAD    STATUS=CONVERGED     548 CALLS         549 TOTAL
                     EDM=2.9877e-06    STRATEGY= 1  ERROR MATRIX UNCERTAINTY   2.5 per cent
  EXT PARAMETER                                   STEP         FIRST   
  NO.   NAME      VALUE            ERROR          SIZE      DERIVATIVE 
   1  N0           3.18383e+06   8.26387e+02   5.90153e-01  -1.35137e-06
   2  tau          6.43838e+01   constant   
   3  A0           3.44739e-01   3.26094e-04   4.44092e-08  -3.61397e+00
   4  phi          4.11856e+00   1.06874e-03   2.06238e-06  -3.38004e-01
   5  R           -6.09625e+01   constant   
   6  alpha_CBO    0.00000e+00     fixed    
   7  w_CBO        2.32500e+00   constant   
   8  beta_CBO     0.00000e+00     fixed    
   9  alpha_2CBO   0.00000e+00     fixed    
  10  beta_2CBO    0.00000e+00     fixed    
  11  alpha_y      0.00000e+00     fixed    
  12  w_y          1.44500e+01   constant   
  13  beta_y       0.00000e+00     fixed    
  14  alpha_vw     0.00000e+00     fixed    
  15  w_vw         1.29000e+01   constant   
  16  beta_vw      0.00000e+00     fixed    
  17  LM          -7.20700e-04   constant   
  18  zeta_y       0.00000e+00   constant   
  19  zeta_vw      0.00000e+00   constant   
  20  T_CBO        1.01682e+02   1.66333e+01   1.78986e-05  -7.61444e-03
  21  alpha_A0    -4.01717e-02   1.39673e-02  -2.83284e-05  -1.21425e-01
  22  beta_A0     -3.92293e-02   1.73615e-02   5.04265e-05  -7.52898e-02
  23  alpha_phi    1.62893e-02   1.27076e-02   2.07419e-06   3.27091e-02
  24  beta_phi     1.01784e-02   1.45114e-02  -2.17020e-05  -2.21011e-02
 EXTERNAL ERROR MATRIX.    NDIM=  25    NPAR=  8    ERR DEF=1
  6.829e+05  2.892e-02  8.356e-02  1.844e+03 -2.689e-01  3.323e+00  9.613e-01 -9.378e-01 
  2.892e-02  1.063e-07 -2.064e-08 -1.905e-04 -8.831e-08  2.150e-07 -3.423e-07 -2.331e-07 
  8.356e-02 -2.064e-08  1.142e-06  2.980e-03 -1.259e-07  1.154e-06  4.294e-08  2.336e-07 
  1.844e+03 -1.905e-04  2.980e-03  2.769e+02  1.014e-01  1.688e-01 -3.000e-02 -2.894e-02 
 -2.689e-01 -8.831e-08 -1.259e-07  1.014e-01  1.951e-04  1.164e-05 -4.752e-06 -3.122e-05 
  3.323e+00  2.150e-07  1.154e-06  1.688e-01  1.164e-05  3.014e-04 -2.395e-05 -2.019e-05 
  9.613e-01 -3.423e-07  4.294e-08 -3.000e-02 -4.752e-06 -2.395e-05  1.615e-04 -7.110e-07 
 -9.378e-01 -2.331e-07  2.336e-07 -2.894e-02 -3.122e-05 -2.019e-05 -7.110e-07  2.106e-04 
 PARAMETER  CORRELATION COEFFICIENTS  
       NO.  GLOBAL      1      3      4     20     21     22     23     24
        1  0.30220   1.000  0.107  0.095  0.134 -0.023  0.232  0.092 -0.078
        3  0.17925   0.107  1.000 -0.059 -0.035 -0.019  0.038 -0.083 -0.049
        4  0.22750   0.095 -0.059  1.000  0.168 -0.008  0.062  0.003  0.015
       20  0.73123   0.134 -0.035  0.168  1.000  0.436  0.584 -0.142 -0.120
       21  0.52629  -0.023 -0.019 -0.008  0.436  1.000  0.048 -0.027 -0.154
       22  0.64761   0.232  0.038  0.062  0.584  0.048  1.000 -0.109 -0.080
       23  0.21680   0.092 -0.083  0.003 -0.142 -0.027 -0.109  1.000 -0.004
       24  0.19102  -0.078 -0.049  0.015 -0.120 -0.154 -0.080 -0.004  1.000
MINUIT - FIT ONLY 1-CBO + wiggle
 **********
 **   16 **RES 
 **********
                   PARAMETER   16  beta_vw RESTORED TO VARIABLE.
                   PARAMETER   14  alpha_vw RESTORED TO VARIABLE.
                   PARAMETER   13  beta_y RESTORED TO VARIABLE.
                   PARAMETER   11  alpha_y RESTORED TO VARIABLE.
                   PARAMETER   10  beta_2CBO RESTORED TO VARIABLE.
                   PARAMETER    9  alpha_2CBO RESTORED TO VARIABLE.
                   PARAMETER    8  beta_CBO RESTORED TO VARIABLE.
                   PARAMETER    6  alpha_CBO RESTORED TO VARIABLE.
 **********
 **   17 **FIX            8
 **********
 **********
 **   18 **FIX            9
 **********
 **********
 **   19 **FIX           11
 **********
 **********
 **   20 **FIX           12
 **********
 PARAMETER   12  IS CONSTANT.   IGNORED.
 **********
 **   21 **FIX           14
 **********
 **********
 **   22 **FIX           15
 **********
 PARAMETER   15  IS CONSTANT.   IGNORED.
 **********
 **   23 **FIX           16
 **********
 **********
 **   24 **MIGRAD
 **********
 START MIGRAD MINIMIZATION.  STRATEGY  1.  CONVERGENCE WHEN EDM .LT. 1.00e-04
 FCN=137.449 FROM MIGRAD    STATUS=INITIATE       26 CALLS         575 TOTAL
                     EDM= unknown      STRATEGY= 1      NO ERROR MATRIX       
  EXT PARAMETER               CURRENT GUESS       STEP         FIRST   
  NO.   NAME      VALUE            ERROR          SIZE      DERIVATIVE 
   1  N0           3.18383e+06   8.26387e+02   5.90153e-01  -1.35137e-06
   2  tau          6.43838e+01   constant   
   3  A0           3.44739e-01   3.26094e-04   4.44092e-08  -3.61397e+00
   4  phi          4.11856e+00   1.06874e-03   2.06238e-06  -3.38004e-01
   5  R           -6.09625e+01   constant   
   6  alpha_CBO    0.00000e+00   1.00000e-03   1.00000e-03  -1.23445e+04
   7  w_CBO        2.32500e+00   constant   
   8  beta_CBO     0.00000e+00     fixed    
   9  alpha_2CBO   0.00000e+00     fixed    
  10  beta_2CBO    0.00000e+00   1.00000e-03   1.00000e-03   2.04115e+03
  11  alpha_y      0.00000e+00     fixed    
  12  w_y          1.44500e+01   constant   
  13  beta_y       0.00000e+00   1.00000e-03   1.00000e-03   2.72252e+03
  14  alpha_vw     0.00000e+00     fixed    
  15  w_vw         1.29000e+01   constant   
  16  beta_vw      0.00000e+00     fixed    
  17  LM          -7.20700e-04   constant   
  18  zeta_y       0.00000e+00   constant   
  19  zeta_vw      0.00000e+00   constant   
  20  T_CBO        1.01682e+02   1.66333e+01   1.78986e-05  -7.61429e-03
  21  alpha_A0    -4.01717e-02   1.39673e-02  -2.83284e-05  -1.21426e-01
  22  beta_A0     -3.92293e-02   1.73615e-02   5.04265e-05  -7.52914e-02
  23  alpha_phi    1.62893e-02   1.27076e-02   2.07419e-06   3.27091e-02
  24  beta_phi     1.01784e-02   1.45114e-02  -2.17020e-05  -2.21011e-02
 CALL LIMIT EXCEEDED IN MIGRAD.
 MIGRAD TERMINATED WITHOUT CONVERGENCE.
 FCN=131.206 FROM MIGRAD    STATUS=CALL LIMIT   1925 CALLS        2474 TOTAL
                     EDM=7.01282e-05    STRATEGY= 1  ERROR MATRIX UNCERTAINTY   0.4 per cent
  EXT PARAMETER                APPROXIMATE        STEP         FIRST   
  NO.   NAME      VALUE            ERROR          SIZE      DERIVATIVE 
   1  N0           3.18388e+06   8.69239e+02  -1.75861e+00  -1.28178e-06
   2  tau          6.43838e+01   constant   
   3  A0           3.44908e-01   3.44887e-04   2.34468e-08  -5.61123e+00
   4  phi          4.11823e+00   1.06211e-03   2.25216e-06   3.16184e+00
   5  R           -6.09625e+01   constant   
   6  alpha_CBO    9.38779e-04   3.78515e-04   5.64352e-07   4.31576e+00
   7  w_CBO        2.32500e+00   constant   
   8  beta_CBO     0.00000e+00     fixed    
   9  alpha_2CBO   0.00000e+00     fixed    
  10  beta_2CBO   -1.79220e-04   3.65044e-04  -1.60459e-07  -2.68252e+00
  11  alpha_y      0.00000e+00     fixed    
  12  w_y          1.44500e+01   constant   
  13  beta_y      -1.71589e-04   3.71251e-04   8.64124e-07   8.78949e+00
  14  alpha_vw     0.00000e+00     fixed    
  15  w_vw         1.29000e+01   constant   
  16  beta_vw      0.00000e+00     fixed    
  17  LM          -7.20700e-04   constant   
  18  zeta_y       0.00000e+00   constant   
  19  zeta_vw      0.00000e+00   constant   
  20  T_CBO        9.54666e+02   9.01168e+02   1.59404e-01  -4.01878e-03
  21  alpha_A0    -4.30347e-03   4.87078e-03   4.75140e-05   5.29290e+00
  22  beta_A0     -4.81140e-03   5.16941e-03   5.95028e-05   4.02989e+00
  23  alpha_phi    2.56600e-03   3.22260e-03  -3.44730e-05  -2.52766e+00
  24  beta_phi     8.99588e-04   2.35787e-03  -1.07366e-05  -2.42206e+00
 EXTERNAL ERROR MATRIX.    NDIM=  25    NPAR= 11    ERR DEF=1
  7.556e+05 
  5.416e-02  1.189e-07 
  8.836e-02 -2.832e-08  1.128e-06 
  6.004e-03  2.632e-08 -4.075e-08  1.433e-07 
  1.425e-02 -9.499e-09  1.065e-08 -6.819e-09  1.333e-07 
 -7.245e-03  1.406e-09  1.593e-09  1.926e-09 -6.227e-10  1.378e-07 
 -1.266e+05 -6.565e-03  1.169e-01  3.938e-02 -6.561e-03  5.083e-02  9.070e+06 
 -2.258e-01  2.086e-08 -4.339e-07  1.350e-07  9.924e-08 -7.031e-09  1.288e+01  2.372e-05 
  1.974e-01  5.692e-08 -7.806e-08  6.201e-08 -5.085e-08  4.929e-08  1.449e+01  2.068e-05  2.672e-05 
  3.794e-01 -1.272e-08  9.506e-08  9.349e-08  2.612e-08 -1.692e-08 -7.882e+00 -1.136e-05 -1.212e-05  1.039e-05 
  2.741e-02 -3.806e-08  2.380e-07 -1.867e-08  1.345e-07  1.309e-08 -2.476e+00 -3.501e-06 -4.546e-06  2.712e-06  5.560e-06 
ERR MATRIX APPROXIMATE
 PARAMETER  CORRELATION COEFFICIENTS  
       NO.  GLOBAL      1      3      4      6     10     13     20     21     22     23     24
        1  0.35552   1.000  0.181  0.096  0.018  0.045 -0.022 -0.048 -0.053  0.044  0.135  0.013
        3  0.30712   0.181  1.000 -0.077  0.202 -0.075  0.011 -0.006  0.012  0.032 -0.011 -0.047
        4  0.34647   0.096 -0.077  1.000 -0.101  0.027  0.004  0.037 -0.084 -0.014  0.028  0.095
        6  0.31481   0.018  0.202 -0.101  1.000 -0.049  0.014  0.035  0.073  0.032  0.077 -0.021
       10  0.23933   0.045 -0.075  0.027 -0.049  1.000 -0.005 -0.006  0.056 -0.027  0.022  0.156
       13  0.12783  -0.022  0.011  0.004  0.014 -0.005  1.000  0.045 -0.004  0.026 -0.014  0.015
       20  0.96642  -0.048 -0.006  0.037  0.035 -0.006  0.045  1.000  0.878  0.931 -0.812 -0.349
       21  0.88960  -0.053  0.012 -0.084  0.073  0.056 -0.004  0.878  1.000  0.821 -0.724 -0.305
       22  0.93965   0.044  0.032 -0.014  0.032 -0.027  0.026  0.931  0.821  1.000 -0.728 -0.373
       23  0.83545   0.135 -0.011  0.028  0.077  0.022 -0.014 -0.812 -0.724 -0.728  1.000  0.357
       24  0.43193   0.013 -0.047  0.095 -0.021  0.156  0.015 -0.349 -0.305 -0.373  0.357  1.000
 ERR MATRIX APPROXIMATE
MINUIT - FIT ONLY 2-CBO
 **********
 **   25 **RES 
 **********
                   PARAMETER   16  beta_vw RESTORED TO VARIABLE.
                   PARAMETER   14  alpha_vw RESTORED TO VARIABLE.
                   PARAMETER   11  alpha_y RESTORED TO VARIABLE.
                   PARAMETER    9  alpha_2CBO RESTORED TO VARIABLE.
                   PARAMETER    8  beta_CBO RESTORED TO VARIABLE.
 **********
 **   26 **FIX            0
 **********
 PARAMETER    0  IS UNDEFINED. IGNORED.
 **********
 **   27 **FIX            1
 **********
 **********
 **   28 **FIX            2
 **********
 PARAMETER    2  IS CONSTANT.   IGNORED.
 **********
 **   29 **FIX            3
 **********
 **********
 **   30 **FIX            4
 **********
 **********
 **   31 **FIX            5
 **********
 PARAMETER    5  IS CONSTANT.   IGNORED.
 **********
 **   32 **FIX            6
 **********
 **********
 **   33 **FIX            7
 **********
 PARAMETER    7  IS CONSTANT.   IGNORED.
 **********
 **   34 **FIX           10
 **********
 **********
 **   35 **FIX           11
 **********
 **********
 **   36 **FIX           12
 **********
 PARAMETER   12  IS CONSTANT.   IGNORED.
 **********
 **   37 **FIX           13
 **********
 **********
 **   38 **FIX           14
 **********
 **********
 **   39 **FIX           15
 **********
 PARAMETER   15  IS CONSTANT.   IGNORED.
 **********
 **   40 **FIX           16
 **********
 **********
 **   41 **MIGRAD
 **********
 START MIGRAD MINIMIZATION.  STRATEGY  1.  CONVERGENCE WHEN EDM .LT. 1.00e-04
 FCN=131.206 FROM MIGRAD    STATUS=INITIATE       18 CALLS        2492 TOTAL
                     EDM= unknown      STRATEGY= 1      NO ERROR MATRIX       
  EXT PARAMETER               CURRENT GUESS       STEP         FIRST   
  NO.   NAME      VALUE            ERROR          SIZE      DERIVATIVE 
   1  N0           3.18388e+06     fixed    
   2  tau          6.43838e+01   constant   
   3  A0           3.44908e-01     fixed    
   4  phi          4.11823e+00     fixed    
   5  R           -6.09625e+01   constant   
   6  alpha_CBO    9.38779e-04     fixed    
   7  w_CBO        2.32500e+00   constant   
   8  beta_CBO     0.00000e+00   1.00000e-03   1.00000e-03  -4.21628e+04
   9  alpha_2CBO   0.00000e+00   1.00000e-03   1.00000e-03  -5.84189e+03
  10  beta_2CBO   -1.79220e-04     fixed    
  11  alpha_y      0.00000e+00     fixed    
  12  w_y          1.44500e+01   constant   
  13  beta_y      -1.71589e-04     fixed    
  14  alpha_vw     0.00000e+00     fixed    
  15  w_vw         1.29000e+01   constant   
  16  beta_vw      0.00000e+00     fixed    
  17  LM          -7.20700e-04   constant   
  18  zeta_y       0.00000e+00   constant   
  19  zeta_vw      0.00000e+00   constant   
  20  T_CBO        9.54666e+02   9.01168e+02   1.59404e-01  -4.05307e-03
  21  alpha_A0    -4.30347e-03   4.87078e-03   4.75140e-05   5.29290e+00
  22  beta_A0     -4.81140e-03   5.16941e-03   5.95028e-05   4.02989e+00
  23  alpha_phi    2.56600e-03   3.22260e-03  -3.44730e-05  -2.52766e+00
  24  beta_phi     8.99588e-04   2.35787e-03  -1.07366e-05  -2.42206e+00
 MIGRAD MINIMIZATION HAS CONVERGED.
 MIGRAD WILL VERIFY CONVERGENCE AND ERROR MATRIX.
 COVARIANCE MATRIX CALCULATED SUCCESSFULLY
 FCN=65.1704 FROM MIGRAD    STATUS=CONVERGED     258 CALLS        2732 TOTAL
                     EDM=3.35589e-06    STRATEGY= 1      ERROR MATRIX ACCURATE 
  EXT PARAMETER                                   STEP         FIRST   
  NO.   NAME      VALUE            ERROR          SIZE      DERIVATIVE 
   1  N0           3.18388e+06     fixed    
   2  tau          6.43838e+01   constant   
   3  A0           3.44908e-01     fixed    
   4  phi          4.11823e+00     fixed    
   5  R           -6.09625e+01   constant   
   6  alpha_CBO    9.38779e-04     fixed    
   7  w_CBO        2.32500e+00   constant   
   8  beta_CBO     3.07431e-03   3.81865e-04   1.47998e-06   8.10156e-01
   9  alpha_2CBO   4.19950e-04   3.75845e-04   1.46247e-06  -1.66877e-01
  10  beta_2CBO   -1.79220e-04     fixed    
  11  alpha_y      0.00000e+00     fixed    
  12  w_y          1.44500e+01   constant   
  13  beta_y      -1.71589e-04     fixed    
  14  alpha_vw     0.00000e+00     fixed    
  15  w_vw         1.29000e+01   constant   
  16  beta_vw      0.00000e+00     fixed    
  17  LM          -7.20700e-04   constant   
  18  zeta_y       0.00000e+00   constant   
  19  zeta_vw      0.00000e+00   constant   
  20  T_CBO        9.99964e+02   5.59893e+02   4.46205e-02  -1.67687e-04
  21  alpha_A0    -4.69288e-03   1.93329e-03   7.58755e-06  -4.96434e-01
  22  beta_A0     -3.93418e-03   1.84450e-03   7.18090e-06  -1.04723e-01
  23  alpha_phi    2.44620e-03   1.67174e-03   6.51529e-06  -7.10093e-01
  24  beta_phi     3.78780e-03   1.80510e-03   6.96645e-06  -4.30541e-01
 EXTERNAL ERROR MATRIX.    NDIM=  25    NPAR=  7    ERR DEF=1
  1.458e-07  2.959e-10 -2.023e-06 -1.263e-08  5.439e-08 -1.645e-08  1.367e-07 
  2.959e-10  1.413e-07 -1.420e-06 -5.533e-08 -1.015e-07  8.630e-08  4.678e-09 
 -2.023e-06 -1.420e-06  5.002e+03 -4.817e-03 -3.982e-03  2.549e-03  3.894e-03 
 -1.263e-08 -5.533e-08 -4.817e-03  3.738e-06  1.933e-07 -2.966e-07 -3.537e-07 
  5.439e-08 -1.015e-07 -3.982e-03  1.933e-07  3.402e-06 -3.335e-07 -1.361e-07 
 -1.645e-08  8.630e-08  2.549e-03 -2.966e-07 -3.335e-07  2.795e-06  2.042e-07 
  1.367e-07  4.678e-09  3.894e-03 -3.537e-07 -1.361e-07  2.042e-07  3.258e-06 
 PARAMETER  CORRELATION COEFFICIENTS  
       NO.  GLOBAL      8      9     20     21     22     23     24
        8  0.21883   1.000  0.002 -0.000 -0.017  0.077 -0.026  0.198
        9  0.20066   0.002  1.000 -0.000 -0.076 -0.146  0.137  0.007
       20  0.05498  -0.000 -0.000  1.000 -0.035 -0.031  0.022  0.030
       21  0.15378  -0.017 -0.076 -0.035  1.000  0.054 -0.092 -0.101
       22  0.19819   0.077 -0.146 -0.031  0.054  1.000 -0.108 -0.041
       23  0.19292  -0.026  0.137  0.022 -0.092 -0.108  1.000  0.068
       24  0.23642   0.198  0.007  0.030 -0.101 -0.041  0.068  1.000
MINUIT - FIT wiggle + 1-CBO + 2-CBO
 **********
 **   42 **RES 
 **********
                   PARAMETER   16  beta_vw RESTORED TO VARIABLE.
                   PARAMETER   14  alpha_vw RESTORED TO VARIABLE.
                   PARAMETER   13  beta_y RESTORED TO VARIABLE.
                   PARAMETER   11  alpha_y RESTORED TO VARIABLE.
                   PARAMETER   10  beta_2CBO RESTORED TO VARIABLE.
                   PARAMETER    6  alpha_CBO RESTORED TO VARIABLE.
                   PARAMETER    4  phi RESTORED TO VARIABLE.
                   PARAMETER    3  A0 RESTORED TO VARIABLE.
                   PARAMETER    1  N0 RESTORED TO VARIABLE.
 **********
 **   43 **FIX           10
 **********
 **********
 **   44 **FIX           11
 **********
 **********
 **   45 **FIX           12
 **********
 PARAMETER   12  IS CONSTANT.   IGNORED.
 **********
 **   46 **FIX           13
 **********
 **********
 **   47 **FIX           14
 **********
 **********
 **   48 **FIX           15
 **********
 PARAMETER   15  IS CONSTANT.   IGNORED.
 **********
 **   49 **FIX           16
 **********
 **********
 **   50 **MIGRAD
 **********
 START MIGRAD MINIMIZATION.  STRATEGY  1.  CONVERGENCE WHEN EDM .LT. 1.00e-04
 FCN=65.1704 FROM MIGRAD    STATUS=INITIATE       22 CALLS        2754 TOTAL
                     EDM= unknown      STRATEGY= 1      NO ERROR MATRIX       
  EXT PARAMETER               CURRENT GUESS       STEP         FIRST   
  NO.   NAME      VALUE            ERROR          SIZE      DERIVATIVE 
   1  N0           3.18388e+06   8.69239e+02   8.69239e+02   5.02720e-04
   2  tau          6.43838e+01   constant   
   3  A0           3.44908e-01   3.44887e-04   3.44887e-04  -1.06018e+03
   4  phi          4.11823e+00   1.06211e-03   1.06211e-03  -3.45904e+03
   5  R           -6.09625e+01   constant   
   6  alpha_CBO    9.38779e-04   3.78515e-04   3.78515e-04  -1.07113e+03
   7  w_CBO        2.32500e+00   constant   
   8  beta_CBO     3.07431e-03   3.81865e-04   1.47998e-06   8.10153e-01
   9  alpha_2CBO   4.19950e-04   3.75845e-04   1.46247e-06  -1.66878e-01
  10  beta_2CBO   -1.79220e-04     fixed    
  11  alpha_y      0.00000e+00     fixed    
  12  w_y          1.44500e+01   constant   
  13  beta_y      -1.71589e-04     fixed    
  14  alpha_vw     0.00000e+00     fixed    
  15  w_vw         1.29000e+01   constant   
  16  beta_vw      0.00000e+00     fixed    
  17  LM          -7.20700e-04   constant   
  18  zeta_y       0.00000e+00   constant   
  19  zeta_vw      0.00000e+00   constant   
  20  T_CBO        9.99964e+02   5.59893e+02   4.46205e-02  -1.72915e-04
  21  alpha_A0    -4.69288e-03   1.93329e-03   7.58755e-06  -4.96441e-01
  22  beta_A0     -3.93418e-03   1.84450e-03   7.18090e-06  -1.04720e-01
  23  alpha_phi    2.44620e-03   1.67174e-03   6.51529e-06  -7.10093e-01
  24  beta_phi     3.78780e-03   1.80510e-03   6.96645e-06  -4.30542e-01
 MIGRAD MINIMIZATION HAS CONVERGED.
 MIGRAD WILL VERIFY CONVERGENCE AND ERROR MATRIX.
 COVARIANCE MATRIX CALCULATED SUCCESSFULLY
 FCN=61.6609 FROM MIGRAD    STATUS=CONVERGED     251 CALLS        2983 TOTAL
                     EDM=3.43178e-06    STRATEGY= 1      ERROR MATRIX ACCURATE 
  EXT PARAMETER                                   STEP         FIRST   
  NO.   NAME      VALUE            ERROR          SIZE      DERIVATIVE 
   1  N0           3.18390e+06   8.91660e+02   3.19222e+00   7.32138e-07
   2  tau          6.43838e+01   constant   
   3  A0           3.44922e-01   3.42435e-04   1.26032e-06   1.53567e+00
   4  phi          4.12026e+00   1.09922e-03   4.00506e-06   1.69733e-02
   5  R           -6.09625e+01   constant   
   6  alpha_CBO    9.52536e-04   3.88730e-04   1.42528e-06  -1.38901e-01
   7  w_CBO        2.32500e+00   constant   
   8  beta_CBO     3.23387e-03   3.91217e-04   1.44025e-06   8.11302e-01
   9  alpha_2CBO   4.68493e-04   3.77092e-04   1.42325e-06  -4.25379e+00
  10  beta_2CBO   -1.79220e-04     fixed    
  11  alpha_y      0.00000e+00     fixed    
  12  w_y          1.44500e+01   constant   
  13  beta_y      -1.71589e-04     fixed    
  14  alpha_vw     0.00000e+00     fixed    
  15  w_vw         1.29000e+01   constant   
  16  beta_vw      0.00000e+00     fixed    
  17  LM          -7.20700e-04   constant   
  18  zeta_y       0.00000e+00   constant   
  19  zeta_vw      0.00000e+00   constant   
  20  T_CBO        9.99988e+02   7.76533e+02   6.01734e-02   4.77070e-05
  21  alpha_A0    -5.28957e-03   2.03736e-03   7.38489e-06   1.06578e-01
  22  beta_A0     -4.23036e-03   1.91384e-03   6.98890e-06   3.52239e-01
  23  alpha_phi    2.63058e-03   1.74195e-03   6.33878e-06   7.39276e-01
  24  beta_phi     4.19463e-03   1.85040e-03   6.77815e-06   2.55703e-01
 EXTERNAL ERROR MATRIX.    NDIM=  25    NPAR= 11    ERR DEF=1
  7.951e+05 
  5.642e-02  1.173e-07 
  1.035e-01 -2.846e-08  1.208e-06 
  1.197e-02  2.730e-08 -4.568e-08  1.511e-07 
  4.028e-04  1.117e-09  9.189e-08  2.557e-10  1.531e-07 
 -2.928e-03 -3.840e-09  2.816e-08  2.916e-09  2.493e-09  1.422e-07 
  6.584e+01  4.088e-05  7.857e-05 -3.606e-06 -1.979e-06 -5.686e-06  3.452e+03 
 -1.749e-01  4.458e-08 -4.235e-07  1.209e-07 -3.973e-08 -6.245e-08 -2.340e-02  4.151e-06 
  3.057e-01  6.792e-08 -1.546e-07  1.205e-08  3.971e-08 -1.087e-07 -1.840e-02  3.253e-07  3.663e-06 
  2.807e-01 -2.046e-08  1.210e-07  1.024e-07 -8.846e-09  9.175e-08  1.172e-02 -4.072e-07 -3.209e-07  3.034e-06 
  6.077e-02 -3.013e-08  2.649e-07 -3.730e-08  1.550e-07  1.049e-08  1.855e-02 -6.011e-07 -2.651e-07  2.963e-07  3.424e-06 
 PARAMETER  CORRELATION COEFFICIENTS  
       NO.  GLOBAL      1      3      4      6      8      9     20     21     22     23     24
        1  0.35252   1.000  0.185  0.106  0.035  0.001 -0.009  0.001 -0.096  0.179  0.181  0.037
        3  0.30543   0.185  1.000 -0.076  0.205  0.008 -0.030  0.002  0.064  0.104 -0.034 -0.048
        4  0.33373   0.106 -0.076  1.000 -0.107  0.214  0.068  0.001 -0.189 -0.073  0.063  0.130
        6  0.31648   0.035  0.205 -0.107  1.000  0.002  0.020 -0.000  0.153  0.016  0.151 -0.052
        8  0.30463   0.001  0.008  0.214  0.002  1.000  0.017 -0.000 -0.050  0.053 -0.013  0.214
        9  0.21558  -0.009 -0.030  0.068  0.020  0.017  1.000 -0.000 -0.081 -0.151  0.140  0.015
       20  0.29950   0.001  0.002  0.001 -0.000 -0.000 -0.000  1.000 -0.196 -0.164  0.115  0.171
       21  0.34719  -0.096  0.064 -0.189  0.153 -0.050 -0.081 -0.196  1.000  0.083 -0.115 -0.159
       22  0.32768   0.179  0.104 -0.073  0.016  0.053 -0.151 -0.164  0.083  1.000 -0.096 -0.075
       23  0.33712   0.181 -0.034  0.063  0.151 -0.013  0.140  0.115 -0.115 -0.096  1.000  0.092
       24  0.31912   0.037 -0.048  0.130 -0.052  0.214  0.015  0.171 -0.159 -0.075  0.092  1.000
MINUIT - FIT ONLY 1-y
 **********
 **   51 **RES 
 **********
                   PARAMETER   16  beta_vw RESTORED TO VARIABLE.
                   PARAMETER   14  alpha_vw RESTORED TO VARIABLE.
                   PARAMETER   13  beta_y RESTORED TO VARIABLE.
                   PARAMETER   11  alpha_y RESTORED TO VARIABLE.
                   PARAMETER   10  beta_2CBO RESTORED TO VARIABLE.
 **********
 **   52 **FIX            0
 **********
 PARAMETER    0  IS UNDEFINED. IGNORED.
 **********
 **   53 **FIX            1
 **********
 **********
 **   54 **FIX            2
 **********
 PARAMETER    2  IS CONSTANT.   IGNORED.
 **********
 **   55 **FIX            3
 **********
 **********
 **   56 **FIX            4
 **********
 **********
 **   57 **FIX            5
 **********
 PARAMETER    5  IS CONSTANT.   IGNORED.
 **********
 **   58 **FIX            6
 **********
 **********
 **   59 **FIX            7
 **********
 PARAMETER    7  IS CONSTANT.   IGNORED.
 **********
 **   60 **FIX            8
 **********
 **********
 **   61 **FIX            9
 **********
 **********
 **   62 **FIX           13
 **********
 **********
 **   63 **FIX           14
 **********
 **********
 **   64 **FIX           15
 **********
 PARAMETER   15  IS CONSTANT.   IGNORED.
 **********
 **   65 **FIX           16
 **********
 **********
 **   66 **MIGRAD
 **********
 START MIGRAD MINIMIZATION.  STRATEGY  1.  CONVERGENCE WHEN EDM .LT. 1.00e-04
 FCN=61.6609 FROM MIGRAD    STATUS=INITIATE       18 CALLS        3001 TOTAL
                     EDM= unknown      STRATEGY= 1      NO ERROR MATRIX       
  EXT PARAMETER               CURRENT GUESS       STEP         FIRST   
  NO.   NAME      VALUE            ERROR          SIZE      DERIVATIVE 
   1  N0           3.18390e+06     fixed    
   2  tau          6.43838e+01   constant   
   3  A0           3.44922e-01     fixed    
   4  phi          4.12026e+00     fixed    
   5  R           -6.09625e+01   constant   
   6  alpha_CBO    9.52536e-04     fixed    
   7  w_CBO        2.32500e+00   constant   
   8  beta_CBO     3.23387e-03     fixed    
   9  alpha_2CBO   4.68493e-04     fixed    
  10  beta_2CBO   -1.79220e-04   3.65044e-04   3.65044e-04   4.37176e+02
  11  alpha_y      0.00000e+00   1.00000e-03   1.00000e-03  -3.74117e+03
  12  w_y          1.44500e+01   constant   
  13  beta_y      -1.71589e-04     fixed    
  14  alpha_vw     0.00000e+00     fixed    
  15  w_vw         1.29000e+01   constant   
  16  beta_vw      0.00000e+00     fixed    
  17  LM          -7.20700e-04   constant   
  18  zeta_y       0.00000e+00   constant   
  19  zeta_vw      0.00000e+00   constant   
  20  T_CBO        9.99988e+02   7.76533e+02   6.01734e-02  -5.48560e-05
  21  alpha_A0    -5.28957e-03   2.03736e-03   7.38489e-06   1.06590e-01
  22  beta_A0     -4.23036e-03   1.91384e-03   6.98890e-06   3.52265e-01
  23  alpha_phi    2.63058e-03   1.74195e-03   6.33878e-06   7.39275e-01
  24  beta_phi     4.19463e-03   1.85040e-03   6.77815e-06   2.55704e-01
 MIGRAD MINIMIZATION HAS CONVERGED.
 MIGRAD WILL VERIFY CONVERGENCE AND ERROR MATRIX.
 COVARIANCE MATRIX CALCULATED SUCCESSFULLY
 FCN=61.179 FROM MIGRAD    STATUS=CONVERGED     116 CALLS        3099 TOTAL
                     EDM=1.62793e-07    STRATEGY= 1      ERROR MATRIX ACCURATE 
  EXT PARAMETER                                   STEP         FIRST   
  NO.   NAME      VALUE            ERROR          SIZE      DERIVATIVE 
   1  N0           3.18390e+06     fixed    
   2  tau          6.43838e+01   constant   
   3  A0           3.44922e-01     fixed    
   4  phi          4.12026e+00     fixed    
   5  R           -6.09625e+01   constant   
   6  alpha_CBO    9.52536e-04     fixed    
   7  w_CBO        2.32500e+00   constant   
   8  beta_CBO     3.23387e-03     fixed    
   9  alpha_2CBO   4.68493e-04     fixed    
  10  beta_2CBO   -2.11194e-04   3.82669e-04   1.43680e-06  -2.74815e-02
  11  alpha_y      2.53875e-04   3.68412e-04   1.41802e-06  -1.43397e-01
  12  w_y          1.44500e+01   constant   
  13  beta_y      -1.71589e-04     fixed    
  14  alpha_vw     0.00000e+00     fixed    
  15  w_vw         1.29000e+01   constant   
  16  beta_vw      0.00000e+00     fixed    
  17  LM          -7.20700e-04   constant   
  18  zeta_y       0.00000e+00   constant   
  19  zeta_vw      0.00000e+00   constant   
  20  T_CBO        1.00000e+03   9.11990e+02   8.87966e-02** at limit **
  21  alpha_A0    -5.29849e-03   2.00010e-03   7.35642e-06   1.03630e-01
  22  beta_A0     -4.20348e-03   1.85817e-03   6.96188e-06   1.26604e-01
  23  alpha_phi    2.61665e-03   1.67148e-03   6.31434e-06   3.09207e-01
  24  beta_phi     4.14699e-03   1.82759e-03   6.75197e-06  -1.04727e-02
 EXTERNAL ERROR MATRIX.    NDIM=  25    NPAR=  7    ERR DEF=1
  1.464e-07  2.765e-11  6.929e-07  1.003e-07 -3.997e-08  1.475e-08  1.070e-07 
  2.765e-11  1.357e-07 -7.466e-08  6.919e-09  9.882e-09 -5.394e-09 -1.273e-08 
  6.929e-07 -7.466e-08  1.953e+01 -2.068e-03 -1.618e-03  1.029e-03  1.620e-03 
  1.003e-07  6.919e-09 -2.068e-03  4.000e-06  3.018e-07 -3.641e-07 -4.357e-07 
 -3.997e-08  9.882e-09 -1.618e-03  3.018e-07  3.453e-06 -3.534e-07 -3.505e-07 
  1.475e-08 -5.394e-09  1.029e-03 -3.641e-07 -3.534e-07  2.794e-06  3.111e-07 
  1.070e-07 -1.273e-08  1.620e-03 -4.357e-07 -3.505e-07  3.111e-07  3.340e-06 
 PARAMETER  CORRELATION COEFFICIENTS  
       NO.  GLOBAL     10     11     20     21     22     23     24
       10  0.22145   1.000  0.000  0.000  0.131 -0.056  0.023  0.153
       11  0.02559   0.000  1.000 -0.000  0.009  0.014 -0.009 -0.019
       20  0.34443   0.000 -0.000  1.000 -0.234 -0.197  0.139  0.201
       21  0.29576   0.131  0.009 -0.234  1.000  0.081 -0.109 -0.119
       22  0.23047  -0.056  0.014 -0.197  0.081  1.000 -0.114 -0.103
       23  0.19325   0.023 -0.009  0.139 -0.109 -0.114  1.000  0.102
       24  0.28159   0.153 -0.019  0.201 -0.119 -0.103  0.102  1.000
MINUIT - FIT ONLY 2-y
 **********
 **   67 **RES 
 **********
                   PARAMETER   16  beta_vw RESTORED TO VARIABLE.
                   PARAMETER   14  alpha_vw RESTORED TO VARIABLE.
                   PARAMETER   13  beta_y RESTORED TO VARIABLE.
                   PARAMETER    9  alpha_2CBO RESTORED TO VARIABLE.
                   PARAMETER    8  beta_CBO RESTORED TO VARIABLE.
                   PARAMETER    6  alpha_CBO RESTORED TO VARIABLE.
                   PARAMETER    4  phi RESTORED TO VARIABLE.
                   PARAMETER    3  A0 RESTORED TO VARIABLE.
                   PARAMETER    1  N0 RESTORED TO VARIABLE.
 **********
 **   68 **FIX            0
 **********
 PARAMETER    0  IS UNDEFINED. IGNORED.
 **********
 **   69 **FIX            1
 **********
 **********
 **   70 **FIX            2
 **********
 PARAMETER    2  IS CONSTANT.   IGNORED.
 **********
 **   71 **FIX            3
 **********
 **********
 **   72 **FIX            4
 **********
 **********
 **   73 **FIX            5
 **********
 PARAMETER    5  IS CONSTANT.   IGNORED.
 **********
 **   74 **FIX            6
 **********
 **********
 **   75 **FIX            7
 **********
 PARAMETER    7  IS CONSTANT.   IGNORED.
 **********
 **   76 **FIX            8
 **********
 **********
 **   77 **FIX            9
 **********
 **********
 **   78 **FIX           10
 **********
 **********
 **   79 **FIX           11
 **********
 **********
 **   80 **FIX           12
 **********
 PARAMETER   12  IS CONSTANT.   IGNORED.
 **********
 **   81 **FIX           16
 **********
 **********
 **   82 **MIGRAD
 **********
 START MIGRAD MINIMIZATION.  STRATEGY  1.  CONVERGENCE WHEN EDM .LT. 1.00e-04
 FCN=61.179 FROM MIGRAD    STATUS=INITIATE       16 CALLS        3115 TOTAL
                     EDM= unknown      STRATEGY= 1      NO ERROR MATRIX       
  EXT PARAMETER               CURRENT GUESS       STEP         FIRST   
  NO.   NAME      VALUE            ERROR          SIZE      DERIVATIVE 
   1  N0           3.18390e+06     fixed    
   2  tau          6.43838e+01   constant   
   3  A0           3.44922e-01     fixed    
   4  phi          4.12026e+00     fixed    
   5  R           -6.09625e+01   constant   
   6  alpha_CBO    9.52536e-04     fixed    
   7  w_CBO        2.32500e+00   constant   
   8  beta_CBO     3.23387e-03     fixed    
   9  alpha_2CBO   4.68493e-04     fixed    
  10  beta_2CBO   -2.11194e-04     fixed    
  11  alpha_y      2.53875e-04     fixed    
  12  w_y          1.44500e+01   constant   
  13  beta_y      -1.71589e-04   3.71251e-04   3.71251e-04  -6.58253e+02
  14  alpha_vw     0.00000e+00   1.00000e-03   1.00000e-03   3.32380e+03
  15  w_vw         1.29000e+01   constant   
  16  beta_vw      0.00000e+00     fixed    
  17  LM          -7.20700e-04   constant   
  18  zeta_y       0.00000e+00   constant   
  19  zeta_vw      0.00000e+00   constant   
  20  T_CBO        1.00000e+03   9.11990e+02   8.87966e-02** at limit **
  21  alpha_A0    -5.29849e-03   2.00010e-03   7.35642e-06   1.03637e-01
  22  beta_A0     -4.20348e-03   1.85817e-03   6.96188e-06   1.26574e-01
  23  alpha_phi    2.61665e-03   1.67148e-03   6.31434e-06   3.09207e-01
  24  beta_phi     4.14699e-03   1.82759e-03   6.75197e-06  -1.04724e-02
 MIGRAD MINIMIZATION HAS CONVERGED.
 MIGRAD WILL VERIFY CONVERGENCE AND ERROR MATRIX.
 COVARIANCE MATRIX CALCULATED SUCCESSFULLY
 FCN=60.787 FROM MIGRAD    STATUS=CONVERGED     115 CALLS        3214 TOTAL
                     EDM=2.36212e-07    STRATEGY= 1      ERROR MATRIX ACCURATE 
  EXT PARAMETER                                   STEP         FIRST   
  NO.   NAME      VALUE            ERROR          SIZE      DERIVATIVE 
   1  N0           3.18390e+06     fixed    
   2  tau          6.43838e+01   constant   
   3  A0           3.44922e-01     fixed    
   4  phi          4.12026e+00     fixed    
   5  R           -6.09625e+01   constant   
   6  alpha_CBO    9.52536e-04     fixed    
   7  w_CBO        2.32500e+00   constant   
   8  beta_CBO     3.23387e-03     fixed    
   9  alpha_2CBO   4.68493e-04     fixed    
  10  beta_2CBO   -2.11194e-04     fixed    
  11  alpha_y      2.53875e-04     fixed    
  12  w_y          1.44500e+01   constant   
  13  beta_y      -1.37768e-04   3.73651e-04   1.43166e-06  -5.90723e-01
  14  alpha_vw    -2.29220e-04   3.73311e-04   1.42973e-06  -1.22306e-01
  15  w_vw         1.29000e+01   constant   
  16  beta_vw      0.00000e+00     fixed    
  17  LM          -7.20700e-04   constant   
  18  zeta_y       0.00000e+00   constant   
  19  zeta_vw      0.00000e+00   constant   
  20  T_CBO        1.00000e+03   9.42552e+02   5.37242e-02** at limit **
  21  alpha_A0    -5.32714e-03   1.94745e-03   7.33314e-06   2.86897e-01
  22  beta_A0     -4.22580e-03   1.83199e-03   6.93998e-06   1.43966e-01
  23  alpha_phi    2.62613e-03   1.66050e-03   6.29439e-06   1.04686e-01
  24  beta_phi     4.17671e-03   1.78267e-03   6.73071e-06   1.14855e-01
 EXTERNAL ERROR MATRIX.    NDIM=  25    NPAR=  7    ERR DEF=1
  1.396e-07  7.273e-09 -9.055e-09 -1.255e-08  3.307e-09  1.659e-09 -1.196e-08 
  7.273e-09  1.394e-07 -1.288e-09  1.497e-08  1.410e-08 -5.570e-09 -2.017e-08 
 -9.055e-09 -1.288e-09  2.816e-02 -4.671e-05 -3.653e-05  2.320e-05  3.665e-05 
 -1.255e-08  1.497e-08 -4.671e-05  3.793e-06  2.192e-07 -3.042e-07 -3.987e-07 
  3.307e-09  1.410e-08 -3.653e-05  2.192e-07  3.356e-06 -2.943e-07 -2.360e-07 
  1.659e-09 -5.570e-09  2.320e-05 -3.042e-07 -2.943e-07  2.757e-06  2.454e-07 
 -1.196e-08 -2.017e-08  3.665e-05 -3.987e-07 -2.360e-07  2.454e-07  3.178e-06 
 PARAMETER  CORRELATION COEFFICIENTS  
       NO.  GLOBAL     13     14     20     21     22     23     24
       13  0.05851   1.000  0.052 -0.000 -0.017  0.005  0.003 -0.018
       14  0.06553   0.052  1.000 -0.000  0.021  0.021 -0.009 -0.030
       20  0.21330  -0.000 -0.000  1.000 -0.143 -0.119  0.083  0.123
       21  0.19362  -0.017  0.021 -0.143  1.000  0.061 -0.094 -0.115
       22  0.16074   0.005  0.021 -0.119  0.061  1.000 -0.097 -0.072
       23  0.15678   0.003 -0.009  0.083 -0.094 -0.097  1.000  0.083
       24  0.17973  -0.018 -0.030  0.123 -0.115 -0.072  0.083  1.000
