 + ++++++++++++++++++++++++++++++++++++++++++++++++++++++++++++++++++++ +
 +                                                                      +
 +           You have chose to blind your fitting according to          +
 +                omega_ref * (1 + (R +/- deltaR) *10^{-6})             +
 +                                                                      +
 + ++++++++++++++++++++++++++++++++++++++++++++++++++++++++++++++++++++ +
In main()...
reading format from /gm2data/zkhechad/run45/envelope/formats/formatB_sBin_constraintOn.txt
pBinTau 	= 0  
pBinPhi 	= 0  
constraintau 	= 1 
includeMopTerm 	= 0    
constrainMop    = 0   
Parameters after format file: pBinTau 0 pBinPhi 0 constraintau 1 includeMopTerm 0 constrainMop 0 c_e_scale 0.000000 
Opening file /gm2data/tbarrett/gm2fr/studies/run23_bunch_corrections/CorrectedFourier_Run3b.root.
reading full fit data from /gm2data/zkhechad/cboTemplates/Run4CBOTemplates/templateFits0_v2.0/noRF/sBin_constraintOn_cE0.0_seed0_noRF_calo21.root
windowBins = 69
fitting sliding window 1698 from bin 1834 at 273.483600 to bin 1903 at 283.927600 (69 bins)

Reading data from /gm2data/cornell/histograms/aMethod/histogram_a_noRF.root
 **********
 **    1 **SET PRINTOUT            1
 **********
 **********
 **    2 **SET NOWARNINGS 
 **********
 PARAMETER DEFINITIONS:
    NO.   NAME         VALUE      STEP SIZE      LIMITS
     1 N0           2.83546e+06  1.00000e+02     no limits
     2 tau          6.43976e+01  constant
     3 A0           3.54104e-01  1.00000e-04     no limits
     4 phi          4.11635e+00  1.00000e-02     no limits
     5 R           -5.94693e+01  constant
     6 alpha_CBO    0.00000e+00  1.00000e-03     no limits
     7 w_CBO        2.32500e+00  constant
     8 beta_CBO     0.00000e+00  1.00000e-03     no limits
     9 alpha_2CBO   0.00000e+00  1.00000e-03     no limits
    10 beta_2CBO    0.00000e+00  1.00000e-03     no limits
    11 alpha_y      0.00000e+00  1.00000e-03     no limits
    12 w_y          1.44500e+01  constant
    13 beta_y       0.00000e+00  1.00000e-03     no limits
    14 alpha_vw     0.00000e+00  1.00000e-03     no limits
    15 w_vw         1.29000e+01  constant
    16 beta_vw      0.00000e+00  1.00000e-03     no limits
    17 LM          -2.20020e-04  constant
    18 zeta_y       0.00000e+00  constant
    19 zeta_vw      0.00000e+00  constant
    20 T_CBO        1.00000e+02  1.00000e+00    0.00000e+00  1.00000e+03
    21 alpha_A0     0.00000e+00  1.00000e-03     no limits
    22 beta_A0      0.00000e+00  1.00000e-03     no limits
    23 alpha_phi    0.00000e+00  1.00000e-03     no limits
    24 beta_phi     0.00000e+00  1.00000e-03     no limits
MINUIT - FIT ONLY WIGGLE
 **********
 **    3 **FIX            5
 **********
 PARAMETER    5  IS CONSTANT.   IGNORED.
 **********
 **    4 **FIX            6
 **********
 **********
 **    5 **FIX            7
 **********
 PARAMETER    7  IS CONSTANT.   IGNORED.
 **********
 **    6 **FIX            8
 **********
 **********
 **    7 **FIX            9
 **********
 **********
 **    8 **FIX           10
 **********
 **********
 **    9 **FIX           11
 **********
 **********
 **   10 **FIX           12
 **********
 PARAMETER   12  IS CONSTANT.   IGNORED.
 **********
 **   11 **FIX           13
 **********
 **********
 **   12 **FIX           14
 **********
 **********
 **   13 **FIX           15
 **********
 PARAMETER   15  IS CONSTANT.   IGNORED.
 **********
 **   14 **FIX           16
 **********
 **********
 **   15 **MIGRAD
 **********
 FIRST CALL TO USER FUNCTION AT NEW START POINT, WITH IFLAG=4.
 START MIGRAD MINIMIZATION.  STRATEGY  1.  CONVERGENCE WHEN EDM .LT. 1.00e-04
 FCN=124.309 FROM MIGRAD    STATUS=INITIATE      437 CALLS         438 TOTAL
                     EDM= unknown      STRATEGY= 1      NO ERROR MATRIX       
  EXT PARAMETER               CURRENT GUESS       STEP         FIRST   
  NO.   NAME      VALUE            ERROR          SIZE      DERIVATIVE 
   1  N0           2.83546e+06   1.00000e+02   0.00000e+00  -2.38360e-03
   2  tau          6.43976e+01   constant   
   3  A0           3.54104e-01   1.00000e-04   0.00000e+00  -5.18373e+03
   4  phi          4.11635e+00   1.00000e-02   0.00000e+00   1.42938e+03
   5  R           -5.94693e+01   constant   
   6  alpha_CBO    0.00000e+00     fixed    
   7  w_CBO        2.32500e+00   constant   
   8  beta_CBO     0.00000e+00     fixed    
   9  alpha_2CBO   0.00000e+00     fixed    
  10  beta_2CBO    0.00000e+00     fixed    
  11  alpha_y      0.00000e+00     fixed    
  12  w_y          1.44500e+01   constant   
  13  beta_y       0.00000e+00     fixed    
  14  alpha_vw     0.00000e+00     fixed    
  15  w_vw         1.29000e+01   constant   
  16  beta_vw      0.00000e+00     fixed    
  17  LM          -2.20020e-04   constant   
  18  zeta_y       0.00000e+00   constant   
  19  zeta_vw      0.00000e+00   constant   
  20  T_CBO        1.00000e+02   1.00000e+00   0.00000e+00   0.00000e+00
  21  alpha_A0     0.00000e+00   1.00000e-03   0.00000e+00   1.79072e+02
  22  beta_A0      0.00000e+00   1.00000e-03   0.00000e+00  -6.39226e+01
  23  alpha_phi    0.00000e+00   1.00000e-03   0.00000e+00   5.46640e+01
  24  beta_phi     0.00000e+00   1.00000e-03   0.00000e+00  -3.93786e+01
 CALL LIMIT EXCEEDED IN MIGRAD.
 MIGRAD TERMINATED WITHOUT CONVERGENCE.
 FCN=107.884 FROM MIGRAD    STATUS=CALL LIMIT   1323 CALLS        1324 TOTAL
                     EDM=0.000777163    STRATEGY= 1  ERROR MATRIX UNCERTAINTY   1.1 per cent
  EXT PARAMETER                APPROXIMATE        STEP         FIRST   
  NO.   NAME      VALUE            ERROR          SIZE      DERIVATIVE 
   1  N0           2.83656e+06   1.07704e+03   7.23880e+00   1.85232e-06
   2  tau          6.43976e+01   constant   
   3  A0           3.54996e-01   4.96986e-04   1.99714e-06   4.45847e+01
   4  phi          4.11453e+00   1.43387e-03   4.28610e-07  -9.59674e+00
   5  R           -5.94693e+01   constant   
   6  alpha_CBO    0.00000e+00     fixed    
   7  w_CBO        2.32500e+00   constant   
   8  beta_CBO     0.00000e+00     fixed    
   9  alpha_2CBO   0.00000e+00     fixed    
  10  beta_2CBO    0.00000e+00     fixed    
  11  alpha_y      0.00000e+00     fixed    
  12  w_y          1.44500e+01   constant   
  13  beta_y       0.00000e+00     fixed    
  14  alpha_vw     0.00000e+00     fixed    
  15  w_vw         1.29000e+01   constant   
  16  beta_vw      0.00000e+00     fixed    
  17  LM          -2.20020e-04   constant   
  18  zeta_y       0.00000e+00   constant   
  19  zeta_vw      0.00000e+00   constant   
  20  T_CBO        2.66183e+02   2.85792e+02   6.23221e-04  -1.30342e-01
  21  alpha_A0    -1.81681e-02   2.39301e-02  -1.36509e-04   7.99865e-01
  22  beta_A0      4.80087e-03   1.02598e-02   4.48807e-05  -1.30988e+00
  23  alpha_phi   -4.07040e-03   1.02333e-02   9.83286e-06  -1.53513e-01
  24  beta_phi     5.95438e-03   1.17142e-02  -4.30555e-05  -3.62673e+00
 EXTERNAL ERROR MATRIX.    NDIM=  25    NPAR=  8    ERR DEF=1
  1.160e+06 -1.590e-02 -2.044e-01  5.715e+04  5.185e+00  1.152e+00  2.892e+00 -2.662e+00 
 -1.590e-02  2.470e-07  3.953e-08  5.334e-02  3.486e-06 -1.118e-06  7.531e-07 -6.850e-07 
 -2.044e-01  3.953e-08  2.056e-06 -8.476e-02 -6.177e-06  8.020e-07 -2.929e-06  2.066e-06 
  5.715e+04  5.334e-02 -8.476e-02  9.658e+04  7.156e+00 -1.823e+00  1.992e+00 -3.173e+00 
  5.185e+00  3.486e-06 -6.177e-06  7.156e+00  5.726e-04 -1.141e-04  1.531e-04 -2.417e-04 
  1.152e+00 -1.118e-06  8.020e-07 -1.823e+00 -1.141e-04  1.053e-04 -3.437e-05  4.509e-05 
  2.892e+00  7.531e-07 -2.929e-06  1.992e+00  1.531e-04 -3.437e-05  1.047e-04 -7.119e-05 
 -2.662e+00 -6.850e-07  2.066e-06 -3.173e+00 -2.417e-04  4.509e-05 -7.119e-05  1.372e-04 
ERR MATRIX APPROXIMATE
 PARAMETER  CORRELATION COEFFICIENTS  
       NO.  GLOBAL      1      3      4     20     21     22     23     24
        1  0.36616   1.000 -0.030 -0.132  0.171  0.201  0.104  0.262 -0.211
        3  0.55954  -0.030  1.000  0.055  0.345  0.293 -0.219  0.148 -0.118
        4  0.33011  -0.132  0.055  1.000 -0.190 -0.180  0.055 -0.200  0.123
       20  0.98086   0.171  0.345 -0.190  1.000  0.962 -0.572  0.626 -0.872
       21  0.96901   0.201  0.293 -0.180  0.962  1.000 -0.465  0.625 -0.862
       22  0.71228   0.104 -0.219  0.055 -0.572 -0.465  1.000 -0.327  0.375
       23  0.65873   0.262  0.148 -0.200  0.626  0.625 -0.327  1.000 -0.594
       24  0.90952  -0.211 -0.118  0.123 -0.872 -0.862  0.375 -0.594  1.000
 ERR MATRIX APPROXIMATE
MINUIT - FIT ONLY 1-CBO + wiggle
 **********
 **   16 **RES 
 **********
                   PARAMETER   16  beta_vw RESTORED TO VARIABLE.
                   PARAMETER   14  alpha_vw RESTORED TO VARIABLE.
                   PARAMETER   13  beta_y RESTORED TO VARIABLE.
                   PARAMETER   11  alpha_y RESTORED TO VARIABLE.
                   PARAMETER   10  beta_2CBO RESTORED TO VARIABLE.
                   PARAMETER    9  alpha_2CBO RESTORED TO VARIABLE.
                   PARAMETER    8  beta_CBO RESTORED TO VARIABLE.
                   PARAMETER    6  alpha_CBO RESTORED TO VARIABLE.
 **********
 **   17 **FIX            8
 **********
 **********
 **   18 **FIX            9
 **********
 **********
 **   19 **FIX           11
 **********
 **********
 **   20 **FIX           12
 **********
 PARAMETER   12  IS CONSTANT.   IGNORED.
 **********
 **   21 **FIX           14
 **********
 **********
 **   22 **FIX           15
 **********
 PARAMETER   15  IS CONSTANT.   IGNORED.
 **********
 **   23 **FIX           16
 **********
 **********
 **   24 **MIGRAD
 **********
 START MIGRAD MINIMIZATION.  STRATEGY  1.  CONVERGENCE WHEN EDM .LT. 1.00e-04
 FCN=107.884 FROM MIGRAD    STATUS=INITIATE       28 CALLS        1352 TOTAL
                     EDM= unknown      STRATEGY= 1      NO ERROR MATRIX       
  EXT PARAMETER               CURRENT GUESS       STEP         FIRST   
  NO.   NAME      VALUE            ERROR          SIZE      DERIVATIVE 
   1  N0           2.83656e+06   1.07704e+03   7.23880e+00   1.85232e-06
   2  tau          6.43976e+01   constant   
   3  A0           3.54996e-01   4.96986e-04   1.99714e-06   4.45847e+01
   4  phi          4.11453e+00   1.43387e-03   4.28610e-07  -9.59674e+00
   5  R           -5.94693e+01   constant   
   6  alpha_CBO    0.00000e+00   1.00000e-03   1.00000e-03   1.74776e+04
   7  w_CBO        2.32500e+00   constant   
   8  beta_CBO     0.00000e+00     fixed    
   9  alpha_2CBO   0.00000e+00     fixed    
  10  beta_2CBO    0.00000e+00   1.00000e-03   1.00000e-03  -5.39450e+02
  11  alpha_y      0.00000e+00     fixed    
  12  w_y          1.44500e+01   constant   
  13  beta_y       0.00000e+00   1.00000e-03   1.00000e-03  -3.00181e+03
  14  alpha_vw     0.00000e+00     fixed    
  15  w_vw         1.29000e+01   constant   
  16  beta_vw      0.00000e+00     fixed    
  17  LM          -2.20020e-04   constant   
  18  zeta_y       0.00000e+00   constant   
  19  zeta_vw      0.00000e+00   constant   
  20  T_CBO        2.66183e+02   2.85792e+02   6.23221e-04  -1.30342e-01
  21  alpha_A0    -1.81681e-02   2.39301e-02  -1.36509e-04   7.99862e-01
  22  beta_A0      4.80087e-03   1.02598e-02   4.48807e-05  -1.30988e+00
  23  alpha_phi   -4.07040e-03   1.02333e-02   9.83286e-06  -1.53513e-01
  24  beta_phi     5.95438e-03   1.17142e-02  -4.30555e-05  -3.62673e+00
 MIGRAD MINIMIZATION HAS CONVERGED.
 FCN=84.5144 FROM MIGRAD    STATUS=CONVERGED    1075 CALLS        2399 TOTAL
                     EDM=6.28492e-06    STRATEGY= 1  ERROR MATRIX UNCERTAINTY   0.2 per cent
  EXT PARAMETER                                   STEP         FIRST   
  NO.   NAME      VALUE            ERROR          SIZE      DERIVATIVE 
   1  N0           2.83617e+06   1.06425e+03   4.38016e-02  -5.54550e-07
   2  tau          6.43976e+01   constant   
   3  A0           3.54443e-01   5.17464e-04  -1.53491e-07  -1.55995e-01
   4  phi          4.11419e+00   1.44606e-03   2.75175e-07  -3.58243e-02
   5  R           -5.94693e+01   constant   
   6  alpha_CBO   -2.59333e-03   5.43906e-04  -1.65371e-07  -2.40910e-01
   7  w_CBO        2.32500e+00   constant   
   8  beta_CBO     0.00000e+00     fixed    
   9  alpha_2CBO   0.00000e+00     fixed    
  10  beta_2CBO   -4.60839e-06   5.08156e-04   2.51947e-08  -4.45742e-01
  11  alpha_y      0.00000e+00     fixed    
  12  w_y          1.44500e+01   constant   
  13  beta_y       4.52448e-04   5.28642e-04  -4.59862e-07   3.72730e-02
  14  alpha_vw     0.00000e+00     fixed    
  15  w_vw         1.29000e+01   constant   
  16  beta_vw      0.00000e+00     fixed    
  17  LM          -2.20020e-04   constant   
  18  zeta_y       0.00000e+00   constant   
  19  zeta_vw      0.00000e+00   constant   
  20  T_CBO        9.99591e+02   7.83741e+02   1.76842e-02  -1.89938e-04
  21  alpha_A0    -6.08314e-03   3.02979e-03  -5.69123e-06  -1.04468e-01
  22  beta_A0      2.08988e-03   2.69339e-03   2.81787e-06   5.66966e-01
  23  alpha_phi   -2.21407e-03   2.65460e-03  -3.22578e-06   4.37725e-01
  24  beta_phi     2.09891e-03   2.71857e-03   3.33918e-06   5.63336e-01
 EXTERNAL ERROR MATRIX.    NDIM=  25    NPAR= 11    ERR DEF=1
  1.133e+06 
 -2.509e-02  2.678e-07 
 -2.474e-01 -1.569e-08  2.091e-06 
  3.506e-02  6.128e-08  3.889e-08  2.958e-07 
  3.085e-02 -4.727e-09  1.237e-08  6.020e-09  2.582e-07 
 -1.303e-02  1.446e-09 -1.216e-08 -1.245e-09 -2.500e-09  2.795e-07 
 -9.369e+03 -5.769e-03  8.995e-03 -8.332e-03 -6.201e-04 -2.225e-02  1.197e+05 
  3.227e-01 -2.707e-07  8.223e-08 -3.102e-07  2.093e-07 -1.367e-07  3.039e-01  9.180e-06 
  6.377e-01 -1.335e-07 -8.394e-08  3.187e-08  1.044e-07  2.883e-08 -2.295e-02  7.932e-07  7.254e-06 
  5.377e-01 -2.953e-08 -5.079e-07  4.027e-08 -1.108e-07  3.209e-08  1.088e-01  2.174e-07 -3.342e-07  7.047e-06 
 -4.035e-01  3.156e-07 -1.806e-07  1.026e-07  1.736e-07  3.805e-08  3.535e-02 -8.816e-07 -1.300e-06 -4.990e-07  7.391e-06 
 PARAMETER  CORRELATION COEFFICIENTS  
       NO.  GLOBAL      1      3      4      6     10     13     20     21     22     23     24
        1  0.36610   1.000 -0.046 -0.161  0.061  0.057 -0.023 -0.025  0.100  0.222  0.190 -0.139
        3  0.33012  -0.046  1.000 -0.021  0.218 -0.018  0.005 -0.032 -0.173 -0.096 -0.021  0.224
        4  0.22359  -0.161 -0.021  1.000  0.049  0.017 -0.016  0.018  0.019 -0.022 -0.132 -0.046
        6  0.29753   0.061  0.218  0.049  1.000  0.022 -0.004 -0.044 -0.188  0.022  0.028  0.069
       10  0.24304   0.057 -0.018  0.017  0.022  1.000 -0.009 -0.004  0.136  0.076 -0.082  0.126
       13  0.14912  -0.023  0.005 -0.016 -0.004 -0.009  1.000 -0.122 -0.085  0.020  0.023  0.026
       20  0.34588  -0.025 -0.032  0.018 -0.044 -0.004 -0.122  1.000  0.290 -0.025  0.118  0.038
       21  0.41722   0.100 -0.173  0.019 -0.188  0.136 -0.085  0.290  1.000  0.097  0.027 -0.107
       22  0.30757   0.222 -0.096 -0.022  0.022  0.076  0.020 -0.025  0.097  1.000 -0.047 -0.177
       23  0.28973   0.190 -0.021 -0.132  0.028 -0.082  0.023  0.118  0.027 -0.047  1.000 -0.069
       24  0.35011  -0.139  0.224 -0.046  0.069  0.126  0.026  0.038 -0.107 -0.177 -0.069  1.000
MINUIT - FIT ONLY 2-CBO
 **********
 **   25 **RES 
 **********
                   PARAMETER   16  beta_vw RESTORED TO VARIABLE.
                   PARAMETER   14  alpha_vw RESTORED TO VARIABLE.
                   PARAMETER   11  alpha_y RESTORED TO VARIABLE.
                   PARAMETER    9  alpha_2CBO RESTORED TO VARIABLE.
                   PARAMETER    8  beta_CBO RESTORED TO VARIABLE.
 **********
 **   26 **FIX            0
 **********
 PARAMETER    0  IS UNDEFINED. IGNORED.
 **********
 **   27 **FIX            1
 **********
 **********
 **   28 **FIX            2
 **********
 PARAMETER    2  IS CONSTANT.   IGNORED.
 **********
 **   29 **FIX            3
 **********
 **********
 **   30 **FIX            4
 **********
 **********
 **   31 **FIX            5
 **********
 PARAMETER    5  IS CONSTANT.   IGNORED.
 **********
 **   32 **FIX            6
 **********
 **********
 **   33 **FIX            7
 **********
 PARAMETER    7  IS CONSTANT.   IGNORED.
 **********
 **   34 **FIX           10
 **********
 **********
 **   35 **FIX           11
 **********
 **********
 **   36 **FIX           12
 **********
 PARAMETER   12  IS CONSTANT.   IGNORED.
 **********
 **   37 **FIX           13
 **********
 **********
 **   38 **FIX           14
 **********
 **********
 **   39 **FIX           15
 **********
 PARAMETER   15  IS CONSTANT.   IGNORED.
 **********
 **   40 **FIX           16
 **********
 **********
 **   41 **MIGRAD
 **********
 START MIGRAD MINIMIZATION.  STRATEGY  1.  CONVERGENCE WHEN EDM .LT. 1.00e-04
 FCN=84.5144 FROM MIGRAD    STATUS=INITIATE       18 CALLS        2417 TOTAL
                     EDM= unknown      STRATEGY= 1      NO ERROR MATRIX       
  EXT PARAMETER               CURRENT GUESS       STEP         FIRST   
  NO.   NAME      VALUE            ERROR          SIZE      DERIVATIVE 
   1  N0           2.83617e+06     fixed    
   2  tau          6.43976e+01   constant   
   3  A0           3.54443e-01     fixed    
   4  phi          4.11419e+00     fixed    
   5  R           -5.94693e+01   constant   
   6  alpha_CBO   -2.59333e-03     fixed    
   7  w_CBO        2.32500e+00   constant   
   8  beta_CBO     0.00000e+00   1.00000e-03   1.00000e-03  -1.95020e+04
   9  alpha_2CBO   0.00000e+00   1.00000e-03   1.00000e-03  -9.55944e+02
  10  beta_2CBO   -4.60839e-06     fixed    
  11  alpha_y      0.00000e+00     fixed    
  12  w_y          1.44500e+01   constant   
  13  beta_y       4.52448e-04     fixed    
  14  alpha_vw     0.00000e+00     fixed    
  15  w_vw         1.29000e+01   constant   
  16  beta_vw      0.00000e+00     fixed    
  17  LM          -2.20020e-04   constant   
  18  zeta_y       0.00000e+00   constant   
  19  zeta_vw      0.00000e+00   constant   
  20  T_CBO        9.99591e+02   7.83741e+02   1.76842e-02  -2.07519e-04
  21  alpha_A0    -6.08314e-03   3.02979e-03  -5.69123e-06  -1.04468e-01
  22  beta_A0      2.08988e-03   2.69339e-03   2.81787e-06   5.66963e-01
  23  alpha_phi   -2.21407e-03   2.65460e-03  -3.22578e-06   4.37725e-01
  24  beta_phi     2.09891e-03   2.71857e-03   3.33918e-06   5.63336e-01
 MIGRAD MINIMIZATION HAS CONVERGED.
 MIGRAD WILL VERIFY CONVERGENCE AND ERROR MATRIX.
 COVARIANCE MATRIX CALCULATED SUCCESSFULLY
 FCN=58.9318 FROM MIGRAD    STATUS=CONVERGED     138 CALLS        2537 TOTAL
                     EDM=3.14682e-06    STRATEGY= 1      ERROR MATRIX ACCURATE 
  EXT PARAMETER                                   STEP         FIRST   
  NO.   NAME      VALUE            ERROR          SIZE      DERIVATIVE 
   1  N0           2.83617e+06     fixed    
   2  tau          6.43976e+01   constant   
   3  A0           3.54443e-01     fixed    
   4  phi          4.11419e+00     fixed    
   5  R           -5.94693e+01   constant   
   6  alpha_CBO   -2.59333e-03     fixed    
   7  w_CBO        2.32500e+00   constant   
   8  beta_CBO     2.61259e-03   5.17140e-04   1.93363e-06   4.73690e-01
   9  alpha_2CBO   2.22407e-04   5.23549e-04   1.93477e-06  -8.81233e-01
  10  beta_2CBO   -4.60839e-06     fixed    
  11  alpha_y      0.00000e+00     fixed    
  12  w_y          1.44500e+01   constant   
  13  beta_y       4.52448e-04     fixed    
  14  alpha_vw     0.00000e+00     fixed    
  15  w_vw         1.29000e+01   constant   
  16  beta_vw      0.00000e+00     fixed    
  17  LM          -2.20020e-04   constant   
  18  zeta_y       0.00000e+00   constant   
  19  zeta_vw      0.00000e+00   constant   
  20  T_CBO        9.99674e+02   8.83287e+02   1.20471e-01  -5.29028e-05
  21  alpha_A0    -5.67983e-03   2.77371e-03   1.02145e-05  -7.78122e-01
  22  beta_A0      1.68871e-04   2.66753e-03   9.85386e-06  -1.01258e-01
  23  alpha_phi   -1.81029e-03   2.60792e-03   9.72802e-06   1.42126e-01
  24  beta_phi     1.81242e-03   2.70785e-03   1.01174e-05   2.90992e-02
 EXTERNAL ERROR MATRIX.    NDIM=  25    NPAR=  7    ERR DEF=1
  2.674e-07  9.360e-09  3.880e-05  3.905e-08 -1.876e-07  3.249e-08 -3.716e-08 
  9.360e-09  2.741e-07  8.438e-05  5.916e-08 -1.781e-07  1.883e-07  1.433e-07 
  3.880e-05  8.438e-05  2.788e+05 -2.939e-01  8.012e-03 -9.237e-02  9.566e-02 
  3.905e-08  5.916e-08 -2.939e-01  7.693e-06  4.604e-07  3.105e-07 -5.598e-07 
 -1.876e-07 -1.781e-07  8.012e-03  4.604e-07  7.116e-06 -5.082e-07 -5.658e-07 
  3.249e-08  1.883e-07 -9.237e-02  3.105e-07 -5.082e-07  6.801e-06  7.262e-09 
 -3.716e-08  1.433e-07  9.566e-02 -5.598e-07 -5.658e-07  7.262e-09  7.332e-06 
 PARAMETER  CORRELATION COEFFICIENTS  
       NO.  GLOBAL      8      9     20     21     22     23     24
        8  0.14686   1.000  0.035  0.000  0.027 -0.136  0.024 -0.027
        9  0.21034   0.035  1.000  0.000  0.041 -0.128  0.138  0.101
       20  0.21690   0.000  0.000  1.000 -0.201  0.006 -0.067  0.067
       21  0.22864   0.027  0.041 -0.201  1.000  0.062  0.043 -0.075
       22  0.21543  -0.136 -0.128  0.006  0.062  1.000 -0.073 -0.078
       23  0.16622   0.024  0.138 -0.067  0.043 -0.073  1.000  0.001
       24  0.15628  -0.027  0.101  0.067 -0.075 -0.078  0.001  1.000
MINUIT - FIT wiggle + 1-CBO + 2-CBO
 **********
 **   42 **RES 
 **********
                   PARAMETER   16  beta_vw RESTORED TO VARIABLE.
                   PARAMETER   14  alpha_vw RESTORED TO VARIABLE.
                   PARAMETER   13  beta_y RESTORED TO VARIABLE.
                   PARAMETER   11  alpha_y RESTORED TO VARIABLE.
                   PARAMETER   10  beta_2CBO RESTORED TO VARIABLE.
                   PARAMETER    6  alpha_CBO RESTORED TO VARIABLE.
                   PARAMETER    4  phi RESTORED TO VARIABLE.
                   PARAMETER    3  A0 RESTORED TO VARIABLE.
                   PARAMETER    1  N0 RESTORED TO VARIABLE.
 **********
 **   43 **FIX           10
 **********
 **********
 **   44 **FIX           11
 **********
 **********
 **   45 **FIX           12
 **********
 PARAMETER   12  IS CONSTANT.   IGNORED.
 **********
 **   46 **FIX           13
 **********
 **********
 **   47 **FIX           14
 **********
 **********
 **   48 **FIX           15
 **********
 PARAMETER   15  IS CONSTANT.   IGNORED.
 **********
 **   49 **FIX           16
 **********
 **********
 **   50 **MIGRAD
 **********
 START MIGRAD MINIMIZATION.  STRATEGY  1.  CONVERGENCE WHEN EDM .LT. 1.00e-04
 FCN=58.9318 FROM MIGRAD    STATUS=INITIATE       22 CALLS        2559 TOTAL
                     EDM= unknown      STRATEGY= 1      NO ERROR MATRIX       
  EXT PARAMETER               CURRENT GUESS       STEP         FIRST   
  NO.   NAME      VALUE            ERROR          SIZE      DERIVATIVE 
   1  N0           2.83617e+06   1.06425e+03   1.06425e+03  -3.34619e-06
   2  tau          6.43976e+01   constant   
   3  A0           3.54443e-01   5.17464e-04   5.17464e-04   2.47899e+03
   4  phi          4.11419e+00   1.44606e-03   1.44606e-03  -1.29933e+03
   5  R           -5.94693e+01   constant   
   6  alpha_CBO   -2.59333e-03   5.43906e-04   5.43906e-04  -6.85285e+02
   7  w_CBO        2.32500e+00   constant   
   8  beta_CBO     2.61259e-03   5.17140e-04   1.93363e-06   4.73690e-01
   9  alpha_2CBO   2.22407e-04   5.23549e-04   1.93477e-06  -8.81234e-01
  10  beta_2CBO   -4.60839e-06     fixed    
  11  alpha_y      0.00000e+00     fixed    
  12  w_y          1.44500e+01   constant   
  13  beta_y       4.52448e-04     fixed    
  14  alpha_vw     0.00000e+00     fixed    
  15  w_vw         1.29000e+01   constant   
  16  beta_vw      0.00000e+00     fixed    
  17  LM          -2.20020e-04   constant   
  18  zeta_y       0.00000e+00   constant   
  19  zeta_vw      0.00000e+00   constant   
  20  T_CBO        9.99674e+02   8.83287e+02   1.20471e-01  -6.12092e-05
  21  alpha_A0    -5.67983e-03   2.77371e-03   1.02145e-05  -7.78124e-01
  22  beta_A0      1.68871e-04   2.66753e-03   9.85386e-06  -1.01259e-01
  23  alpha_phi   -1.81029e-03   2.60792e-03   9.72802e-06   1.42126e-01
  24  beta_phi     1.81242e-03   2.70785e-03   1.01174e-05   2.90994e-02
 MIGRAD MINIMIZATION HAS CONVERGED.
 MIGRAD WILL VERIFY CONVERGENCE AND ERROR MATRIX.
 COVARIANCE MATRIX CALCULATED SUCCESSFULLY
 FCN=57.5259 FROM MIGRAD    STATUS=CONVERGED     243 CALLS        2780 TOTAL
                     EDM=1.3847e-05    STRATEGY= 1      ERROR MATRIX ACCURATE 
  EXT PARAMETER                                   STEP         FIRST   
  NO.   NAME      VALUE            ERROR          SIZE      DERIVATIVE 
   1  N0           2.83604e+06   1.10904e+03   3.80456e+00  -1.98099e-06
   2  tau          6.43976e+01   constant   
   3  A0           3.54096e-01   5.30920e-04   1.85857e-06  -2.42338e-02
   4  phi          4.11566e+00   1.48152e-03   5.30289e-06   3.92308e-02
   5  R           -5.94693e+01   constant   
   6  alpha_CBO   -2.54168e-03   5.45099e-04   1.94452e-06  -1.03496e+00
   7  w_CBO        2.32500e+00   constant   
   8  beta_CBO     2.75871e-03   5.31649e-04   1.91084e-06   1.13521e+00
   9  alpha_2CBO   1.88930e-04   5.26009e-04   1.91194e-06  -7.60578e-01
  10  beta_2CBO   -4.60839e-06     fixed    
  11  alpha_y      0.00000e+00     fixed    
  12  w_y          1.44500e+01   constant   
  13  beta_y       4.52448e-04     fixed    
  14  alpha_vw     0.00000e+00     fixed    
  15  w_vw         1.29000e+01   constant   
  16  beta_vw      0.00000e+00     fixed    
  17  LM          -2.20020e-04   constant   
  18  zeta_y       0.00000e+00   constant   
  19  zeta_vw      0.00000e+00   constant   
  20  T_CBO        9.99999e+02   5.15361e+02   5.39782e-02  -1.03037e-05
  21  alpha_A0    -5.46810e-03   2.82461e-03   1.00992e-05  -1.30071e+00
  22  beta_A0      1.86254e-04   2.73188e-03   9.74555e-06  -4.38374e-01
  23  alpha_phi   -2.08204e-03   2.68122e-03   9.62401e-06   2.59256e-01
  24  beta_phi     1.28110e-03   2.80878e-03   1.00078e-05   5.54339e-01
 EXTERNAL ERROR MATRIX.    NDIM=  25    NPAR= 11    ERR DEF=1
  1.230e+06 
 -2.233e-02  2.819e-07 
 -2.663e-01 -3.010e-08  2.195e-06 
  4.322e-02  6.288e-08  4.246e-08  2.971e-07 
 -1.499e-02 -3.654e-08  1.529e-07  4.324e-09  2.827e-07 
  1.450e-02  2.109e-08 -2.144e-08  1.866e-08  5.770e-09  2.767e-07 
  3.374e+00  1.395e-06 -2.582e-05 -4.218e-07 -1.221e-06  2.112e-06  2.666e+02 
  3.058e-01 -2.437e-07  8.034e-09 -2.703e-07  6.198e-08  3.263e-08 -5.768e-03  7.978e-06 
  5.937e-01 -1.222e-07 -2.051e-07  4.613e-09 -1.871e-07 -1.788e-07  1.884e-04  6.985e-07  7.463e-06 
  6.273e-01 -2.632e-08 -4.960e-07  4.888e-08  3.500e-09  1.993e-07 -2.161e-03  3.800e-07 -1.806e-07  7.189e-06 
 -4.541e-01  3.236e-07 -2.475e-07  8.096e-08 -9.211e-08  1.659e-07  1.388e-03 -9.017e-07 -9.079e-07 -1.638e-07  7.889e-06 
 PARAMETER  CORRELATION COEFFICIENTS  
       NO.  GLOBAL      1      3      4      6      8      9     20     21     22     23     24
        1  0.36016   1.000 -0.038 -0.162  0.071 -0.025  0.025  0.000  0.098  0.196  0.211 -0.146
        3  0.34895  -0.038  1.000 -0.038  0.217 -0.129  0.076  0.000 -0.163 -0.084 -0.018  0.217
        4  0.28606  -0.162 -0.038  1.000  0.053  0.194 -0.028 -0.001  0.002 -0.051 -0.125 -0.059
        6  0.29668   0.071  0.217  0.053  1.000  0.015  0.065 -0.000 -0.176  0.003  0.033  0.053
        8  0.27243  -0.025 -0.129  0.194  0.015  1.000  0.021 -0.000  0.041 -0.129  0.002 -0.062
        9  0.23057   0.025  0.076 -0.028  0.065  0.021  1.000  0.000  0.022 -0.124  0.141  0.112
       20  0.13992   0.000  0.000 -0.001 -0.000 -0.000  0.000  1.000 -0.125  0.004 -0.049  0.030
       21  0.29229   0.098 -0.163  0.002 -0.176  0.041  0.022 -0.125  1.000  0.091  0.050 -0.114
       22  0.29928   0.196 -0.084 -0.051  0.003 -0.129 -0.124  0.004  0.091  1.000 -0.025 -0.118
       23  0.27976   0.211 -0.018 -0.125  0.033  0.002  0.141 -0.049  0.050 -0.025  1.000 -0.022
       24  0.30292  -0.146  0.217 -0.059  0.053 -0.062  0.112  0.030 -0.114 -0.118 -0.022  1.000
MINUIT - FIT ONLY 1-y
 **********
 **   51 **RES 
 **********
                   PARAMETER   16  beta_vw RESTORED TO VARIABLE.
                   PARAMETER   14  alpha_vw RESTORED TO VARIABLE.
                   PARAMETER   13  beta_y RESTORED TO VARIABLE.
                   PARAMETER   11  alpha_y RESTORED TO VARIABLE.
                   PARAMETER   10  beta_2CBO RESTORED TO VARIABLE.
 **********
 **   52 **FIX            0
 **********
 PARAMETER    0  IS UNDEFINED. IGNORED.
 **********
 **   53 **FIX            1
 **********
 **********
 **   54 **FIX            2
 **********
 PARAMETER    2  IS CONSTANT.   IGNORED.
 **********
 **   55 **FIX            3
 **********
 **********
 **   56 **FIX            4
 **********
 **********
 **   57 **FIX            5
 **********
 PARAMETER    5  IS CONSTANT.   IGNORED.
 **********
 **   58 **FIX            6
 **********
 **********
 **   59 **FIX            7
 **********
 PARAMETER    7  IS CONSTANT.   IGNORED.
 **********
 **   60 **FIX            8
 **********
 **********
 **   61 **FIX            9
 **********
 **********
 **   62 **FIX           13
 **********
 **********
 **   63 **FIX           14
 **********
 **********
 **   64 **FIX           15
 **********
 PARAMETER   15  IS CONSTANT.   IGNORED.
 **********
 **   65 **FIX           16
 **********
 **********
 **   66 **MIGRAD
 **********
 START MIGRAD MINIMIZATION.  STRATEGY  1.  CONVERGENCE WHEN EDM .LT. 1.00e-04
 FCN=57.5259 FROM MIGRAD    STATUS=INITIATE       16 CALLS        2796 TOTAL
                     EDM= unknown      STRATEGY= 1      NO ERROR MATRIX       
  EXT PARAMETER               CURRENT GUESS       STEP         FIRST   
  NO.   NAME      VALUE            ERROR          SIZE      DERIVATIVE 
   1  N0           2.83604e+06     fixed    
   2  tau          6.43976e+01   constant   
   3  A0           3.54096e-01     fixed    
   4  phi          4.11566e+00     fixed    
   5  R           -5.94693e+01   constant   
   6  alpha_CBO   -2.54168e-03     fixed    
   7  w_CBO        2.32500e+00   constant   
   8  beta_CBO     2.75871e-03     fixed    
   9  alpha_2CBO   1.88930e-04     fixed    
  10  beta_2CBO   -4.60839e-06   5.08156e-04   5.08156e-04  -1.51780e+03
  11  alpha_y      0.00000e+00   1.00000e-03   1.00000e-03   5.79969e+03
  12  w_y          1.44500e+01   constant   
  13  beta_y       4.52448e-04     fixed    
  14  alpha_vw     0.00000e+00     fixed    
  15  w_vw         1.29000e+01   constant   
  16  beta_vw      0.00000e+00     fixed    
  17  LM          -2.20020e-04   constant   
  18  zeta_y       0.00000e+00   constant   
  19  zeta_vw      0.00000e+00   constant   
  20  T_CBO        9.99999e+02   5.15361e+02   5.39782e-02  -1.10630e-05
  21  alpha_A0    -5.46810e-03   2.82461e-03   1.00992e-05  -1.30072e+00
  22  beta_A0      1.86254e-04   2.73188e-03   9.74555e-06  -4.38373e-01
  23  alpha_phi   -2.08204e-03   2.68122e-03   9.62401e-06   2.59256e-01
  24  beta_phi     1.28110e-03   2.80878e-03   1.00078e-05   5.54340e-01
 MIGRAD MINIMIZATION HAS CONVERGED.
 MIGRAD WILL VERIFY CONVERGENCE AND ERROR MATRIX.
 COVARIANCE MATRIX CALCULATED SUCCESSFULLY
 FCN=55.1478 FROM MIGRAD    STATUS=CONVERGED     111 CALLS        2891 TOTAL
                     EDM=4.81163e-06    STRATEGY= 1      ERROR MATRIX ACCURATE 
  EXT PARAMETER                                   STEP         FIRST   
  NO.   NAME      VALUE            ERROR          SIZE      DERIVATIVE 
   1  N0           2.83604e+06     fixed    
   2  tau          6.43976e+01   constant   
   3  A0           3.54096e-01     fixed    
   4  phi          4.11566e+00     fixed    
   5  R           -5.94693e+01   constant   
   6  alpha_CBO   -2.54168e-03     fixed    
   7  w_CBO        2.32500e+00   constant   
   8  beta_CBO     2.75871e-03     fixed    
   9  alpha_2CBO   1.88930e-04     fixed    
  10  beta_2CBO    2.13809e-04   5.34047e-04   1.90348e-06  -2.48362e+00
  11  alpha_y     -7.63026e-04   5.12701e-04   1.87538e-06  -1.40374e+00
  12  w_y          1.44500e+01   constant   
  13  beta_y       4.52448e-04     fixed    
  14  alpha_vw     0.00000e+00     fixed    
  15  w_vw         1.29000e+01   constant   
  16  beta_vw      0.00000e+00     fixed    
  17  LM          -2.20020e-04   constant   
  18  zeta_y       0.00000e+00   constant   
  19  zeta_vw      0.00000e+00   constant   
  20  T_CBO        1.00000e+03   6.93685e+02   5.71080e-02** at limit **
  21  alpha_A0    -5.36110e-03   2.76807e-03   9.88320e-06  -3.67553e-01
  22  beta_A0      2.21096e-04   2.62952e-03   9.53713e-06  -2.19697e-01
  23  alpha_phi   -2.11492e-03   2.59304e-03   9.41811e-06   7.52625e-01
  24  beta_phi     1.45828e-03   2.71638e-03   9.79382e-06   4.23093e-01
 EXTERNAL ERROR MATRIX.    NDIM=  25    NPAR=  7    ERR DEF=1
  2.852e-07 -7.869e-10  3.534e-08  2.089e-07  8.751e-08 -1.200e-07  1.973e-07 
 -7.869e-10  2.629e-07  1.976e-09  1.888e-08  1.105e-08 -1.958e-08 -9.677e-09 
  3.534e-08  1.976e-09  8.436e-02 -1.076e-04  4.311e-06 -4.192e-05  2.994e-05 
  2.089e-07  1.888e-08 -1.076e-04  7.662e-06  5.933e-07  1.252e-07 -3.775e-07 
  8.751e-08  1.105e-08  4.311e-06  5.933e-07  6.914e-06 -4.045e-07 -4.526e-07 
 -1.200e-07 -1.958e-08 -4.192e-05  1.252e-07 -4.045e-07  6.724e-06 -1.544e-07 
  1.973e-07 -9.677e-09  2.994e-05 -3.775e-07 -4.526e-07 -1.544e-07  7.379e-06 
 PARAMETER  CORRELATION COEFFICIENTS  
       NO.  GLOBAL     10     11     20     21     22     23     24
       10  0.22584   1.000 -0.003  0.000  0.141  0.062 -0.087  0.136
       11  0.02262  -0.003  1.000  0.000  0.013  0.008 -0.015 -0.007
       20  0.14824   0.000  0.000  1.000 -0.134  0.006 -0.056  0.038
       21  0.21842   0.141  0.013 -0.134  1.000  0.082  0.017 -0.050
       22  0.13163   0.062  0.008  0.006  0.082  1.000 -0.059 -0.063
       23  0.12060  -0.087 -0.015 -0.056  0.017 -0.059  1.000 -0.022
       24  0.17009   0.136 -0.007  0.038 -0.050 -0.063 -0.022  1.000
MINUIT - FIT ONLY 2-y
 **********
 **   67 **RES 
 **********
                   PARAMETER   16  beta_vw RESTORED TO VARIABLE.
                   PARAMETER   14  alpha_vw RESTORED TO VARIABLE.
                   PARAMETER   13  beta_y RESTORED TO VARIABLE.
                   PARAMETER    9  alpha_2CBO RESTORED TO VARIABLE.
                   PARAMETER    8  beta_CBO RESTORED TO VARIABLE.
                   PARAMETER    6  alpha_CBO RESTORED TO VARIABLE.
                   PARAMETER    4  phi RESTORED TO VARIABLE.
                   PARAMETER    3  A0 RESTORED TO VARIABLE.
                   PARAMETER    1  N0 RESTORED TO VARIABLE.
 **********
 **   68 **FIX            0
 **********
 PARAMETER    0  IS UNDEFINED. IGNORED.
 **********
 **   69 **FIX            1
 **********
 **********
 **   70 **FIX            2
 **********
 PARAMETER    2  IS CONSTANT.   IGNORED.
 **********
 **   71 **FIX            3
 **********
 **********
 **   72 **FIX            4
 **********
 **********
 **   73 **FIX            5
 **********
 PARAMETER    5  IS CONSTANT.   IGNORED.
 **********
 **   74 **FIX            6
 **********
 **********
 **   75 **FIX            7
 **********
 PARAMETER    7  IS CONSTANT.   IGNORED.
 **********
 **   76 **FIX            8
 **********
 **********
 **   77 **FIX            9
 **********
 **********
 **   78 **FIX           10
 **********
 **********
 **   79 **FIX           11
 **********
 **********
 **   80 **FIX           12
 **********
 PARAMETER   12  IS CONSTANT.   IGNORED.
 **********
 **   81 **FIX           16
 **********
 **********
 **   82 **MIGRAD
 **********
 START MIGRAD MINIMIZATION.  STRATEGY  1.  CONVERGENCE WHEN EDM .LT. 1.00e-04
 FCN=55.1478 FROM MIGRAD    STATUS=INITIATE       16 CALLS        2907 TOTAL
                     EDM= unknown      STRATEGY= 1      NO ERROR MATRIX       
  EXT PARAMETER               CURRENT GUESS       STEP         FIRST   
  NO.   NAME      VALUE            ERROR          SIZE      DERIVATIVE 
   1  N0           2.83604e+06     fixed    
   2  tau          6.43976e+01   constant   
   3  A0           3.54096e-01     fixed    
   4  phi          4.11566e+00     fixed    
   5  R           -5.94693e+01   constant   
   6  alpha_CBO   -2.54168e-03     fixed    
   7  w_CBO        2.32500e+00   constant   
   8  beta_CBO     2.75871e-03     fixed    
   9  alpha_2CBO   1.88930e-04     fixed    
  10  beta_2CBO    2.13809e-04     fixed    
  11  alpha_y     -7.63026e-04     fixed    
  12  w_y          1.44500e+01   constant   
  13  beta_y       4.52448e-04   5.28642e-04   5.28642e-04   3.82166e+02
  14  alpha_vw     0.00000e+00   1.00000e-03   1.00000e-03  -5.00617e+03
  15  w_vw         1.29000e+01   constant   
  16  beta_vw      0.00000e+00     fixed    
  17  LM          -2.20020e-04   constant   
  18  zeta_y       0.00000e+00   constant   
  19  zeta_vw      0.00000e+00   constant   
  20  T_CBO        9.99999e+02   6.93685e+02   5.71080e-02  -1.34650e-05
  21  alpha_A0    -5.36110e-03   2.76807e-03   9.88320e-06  -3.67174e-01
  22  beta_A0      2.21096e-04   2.62952e-03   9.53713e-06  -2.19744e-01
  23  alpha_phi   -2.11492e-03   2.59304e-03   9.41811e-06   7.52779e-01
  24  beta_phi     1.45828e-03   2.71638e-03   9.79382e-06   4.23008e-01
 MIGRAD MINIMIZATION HAS CONVERGED.
 MIGRAD WILL VERIFY CONVERGENCE AND ERROR MATRIX.
 COVARIANCE MATRIX CALCULATED SUCCESSFULLY
 FCN=53.4753 FROM MIGRAD    STATUS=CONVERGED     112 CALLS        3003 TOTAL
                     EDM=5.81674e-07    STRATEGY= 1      ERROR MATRIX ACCURATE 
  EXT PARAMETER                                   STEP         FIRST   
  NO.   NAME      VALUE            ERROR          SIZE      DERIVATIVE 
   1  N0           2.83604e+06     fixed    
   2  tau          6.43976e+01   constant   
   3  A0           3.54096e-01     fixed    
   4  phi          4.11566e+00     fixed    
   5  R           -5.94693e+01   constant   
   6  alpha_CBO   -2.54168e-03     fixed    
   7  w_CBO        2.32500e+00   constant   
   8  beta_CBO     2.75871e-03     fixed    
   9  alpha_2CBO   1.88930e-04     fixed    
  10  beta_2CBO    2.13809e-04     fixed    
  11  alpha_y     -7.63026e-04     fixed    
  12  w_y          1.44500e+01   constant   
  13  beta_y       5.22063e-04   5.27941e-04   1.87167e-06   1.73505e-01
  14  alpha_vw     6.73423e-04   5.22292e-04   1.85204e-06  -1.58254e-01
  15  w_vw         1.29000e+01   constant   
  16  beta_vw      0.00000e+00     fixed    
  17  LM          -2.20020e-04   constant   
  18  zeta_y       0.00000e+00   constant   
  19  zeta_vw      0.00000e+00   constant   
  20  T_CBO        1.00000e+03   6.34249e+02   4.92559e-02** at limit **
  21  alpha_A0    -5.32223e-03   2.73410e-03   9.73518e-06  -3.58791e-01
  22  beta_A0      2.31841e-04   2.62435e-03   9.39407e-06  -1.26644e-01
  23  alpha_phi   -2.13860e-03   2.58216e-03   9.27684e-06   7.82377e-02
  24  beta_phi     1.44169e-03   2.69123e-03   9.64682e-06  -3.61998e-02
 EXTERNAL ERROR MATRIX.    NDIM=  25    NPAR=  7    ERR DEF=1
  2.787e-07  4.908e-08 -2.572e-08 -1.319e-08  1.586e-09 -5.065e-10 -3.171e-08 
  4.908e-08  2.728e-07  6.980e-09  1.453e-08  4.304e-09 -8.477e-09 -8.482e-09 
 -2.572e-08  6.980e-09  1.280e+00 -3.625e-04  1.532e-05 -1.439e-04  1.003e-04 
 -1.319e-08  1.453e-08 -3.625e-04  7.475e-06  5.298e-07  2.016e-07 -5.103e-07 
  1.586e-09  4.304e-09  1.532e-05  5.298e-07  6.887e-06 -3.666e-07 -5.134e-07 
 -5.065e-10 -8.477e-09 -1.439e-04  2.016e-07 -3.666e-07  6.668e-06 -6.837e-08 
 -3.171e-08 -8.482e-09  1.003e-04 -5.103e-07 -5.134e-07 -6.837e-08  7.243e-06 
 PARAMETER  CORRELATION COEFFICIENTS  
       NO.  GLOBAL     13     14     20     21     22     23     24
       13  0.17969   1.000  0.178 -0.000 -0.009  0.001 -0.000 -0.022
       14  0.17851   0.178  1.000  0.000  0.010  0.003 -0.006 -0.006
       20  0.12892  -0.000  0.000  1.000 -0.117  0.005 -0.049  0.033
       21  0.15442  -0.009  0.010 -0.117  1.000  0.074  0.029 -0.069
       22  0.11590   0.001  0.003  0.005  0.074  1.000 -0.054 -0.073
       23  0.07882  -0.000 -0.006 -0.049  0.029 -0.054  1.000 -0.010
       24  0.10346  -0.022 -0.006  0.033 -0.069 -0.073 -0.010  1.000
