 + ++++++++++++++++++++++++++++++++++++++++++++++++++++++++++++++++++++ +
 +                                                                      +
 +           You have chose to blind your fitting according to          +
 +                omega_ref * (1 + (R +/- deltaR) *10^{-6})             +
 +                                                                      +
 + ++++++++++++++++++++++++++++++++++++++++++++++++++++++++++++++++++++ +
In main()...
reading format from /gm2data/zkhechad/run45/envelope/formats/formatB_sBin_constraintOn.txt
pBinTau 	= 0  
pBinPhi 	= 0  
constraintau 	= 1 
includeMopTerm 	= 0    
constrainMop    = 0   
Parameters after format file: pBinTau 0 pBinPhi 0 constraintau 1 includeMopTerm 0 constrainMop 0 c_e_scale 0.000000 
Opening file /gm2data/tbarrett/gm2fr/studies/run23_bunch_corrections/CorrectedFourier_Run3b.root.
reading full fit data from /gm2data/zkhechad/cboTemplates/Run4CBOTemplates/templateFits0_v2.0/noRF/sBin_constraintOn_cE0.0_seed0_noRF_calo4.root
windowBins = 69
fitting sliding window 1418 from bin 1554 at 231.707600 to bin 1623 at 242.151600 (69 bins)

Reading data from /gm2data/cornell/histograms/aMethod/histogram_a_noRF.root
 **********
 **    1 **SET PRINTOUT            1
 **********
 **********
 **    2 **SET NOWARNINGS 
 **********
 PARAMETER DEFINITIONS:
    NO.   NAME         VALUE      STEP SIZE      LIMITS
     1 N0           2.96987e+06  1.00000e+02     no limits
     2 tau          6.44201e+01  constant
     3 A0           3.53307e-01  1.00000e-04     no limits
     4 phi          4.11740e+00  1.00000e-02     no limits
     5 R           -5.91013e+01  constant
     6 alpha_CBO    0.00000e+00  1.00000e-03     no limits
     7 w_CBO        2.32500e+00  constant
     8 beta_CBO     0.00000e+00  1.00000e-03     no limits
     9 alpha_2CBO   0.00000e+00  1.00000e-03     no limits
    10 beta_2CBO    0.00000e+00  1.00000e-03     no limits
    11 alpha_y      0.00000e+00  1.00000e-03     no limits
    12 w_y          1.44500e+01  constant
    13 beta_y       0.00000e+00  1.00000e-03     no limits
    14 alpha_vw     0.00000e+00  1.00000e-03     no limits
    15 w_vw         1.29000e+01  constant
    16 beta_vw      0.00000e+00  1.00000e-03     no limits
    17 LM           5.89621e-04  constant
    18 zeta_y       0.00000e+00  constant
    19 zeta_vw      0.00000e+00  constant
    20 T_CBO        1.00000e+02  1.00000e+00    0.00000e+00  1.00000e+03
    21 alpha_A0     0.00000e+00  1.00000e-03     no limits
    22 beta_A0      0.00000e+00  1.00000e-03     no limits
    23 alpha_phi    0.00000e+00  1.00000e-03     no limits
    24 beta_phi     0.00000e+00  1.00000e-03     no limits
MINUIT - FIT ONLY WIGGLE
 **********
 **    3 **FIX            5
 **********
 PARAMETER    5  IS CONSTANT.   IGNORED.
 **********
 **    4 **FIX            6
 **********
 **********
 **    5 **FIX            7
 **********
 PARAMETER    7  IS CONSTANT.   IGNORED.
 **********
 **    6 **FIX            8
 **********
 **********
 **    7 **FIX            9
 **********
 **********
 **    8 **FIX           10
 **********
 **********
 **    9 **FIX           11
 **********
 **********
 **   10 **FIX           12
 **********
 PARAMETER   12  IS CONSTANT.   IGNORED.
 **********
 **   11 **FIX           13
 **********
 **********
 **   12 **FIX           14
 **********
 **********
 **   13 **FIX           15
 **********
 PARAMETER   15  IS CONSTANT.   IGNORED.
 **********
 **   14 **FIX           16
 **********
 **********
 **   15 **MIGRAD
 **********
 FIRST CALL TO USER FUNCTION AT NEW START POINT, WITH IFLAG=4.
 START MIGRAD MINIMIZATION.  STRATEGY  1.  CONVERGENCE WHEN EDM .LT. 1.00e-04
 FCN=162.742 FROM MIGRAD    STATUS=INITIATE      437 CALLS         438 TOTAL
                     EDM= unknown      STRATEGY= 1      NO ERROR MATRIX       
  EXT PARAMETER               CURRENT GUESS       STEP         FIRST   
  NO.   NAME      VALUE            ERROR          SIZE      DERIVATIVE 
   1  N0           2.96987e+06   1.00000e+02   0.00000e+00   3.65340e-04
   2  tau          6.44201e+01   constant   
   3  A0           3.53307e-01   1.00000e-04   0.00000e+00   9.50887e+02
   4  phi          4.11740e+00   1.00000e-02   0.00000e+00  -6.22308e+03
   5  R           -5.91013e+01   constant   
   6  alpha_CBO    0.00000e+00     fixed    
   7  w_CBO        2.32500e+00   constant   
   8  beta_CBO     0.00000e+00     fixed    
   9  alpha_2CBO   0.00000e+00     fixed    
  10  beta_2CBO    0.00000e+00     fixed    
  11  alpha_y      0.00000e+00     fixed    
  12  w_y          1.44500e+01   constant   
  13  beta_y       0.00000e+00     fixed    
  14  alpha_vw     0.00000e+00     fixed    
  15  w_vw         1.29000e+01   constant   
  16  beta_vw      0.00000e+00     fixed    
  17  LM           5.89621e-04   constant   
  18  zeta_y       0.00000e+00   constant   
  19  zeta_vw      0.00000e+00   constant   
  20  T_CBO        1.00000e+02   1.00000e+00   0.00000e+00   0.00000e+00
  21  alpha_A0     0.00000e+00   1.00000e-03   0.00000e+00  -5.44106e+01
  22  beta_A0      0.00000e+00   1.00000e-03   0.00000e+00  -3.30312e+02
  23  alpha_phi    0.00000e+00   1.00000e-03   0.00000e+00  -7.69857e+01
  24  beta_phi     0.00000e+00   1.00000e-03   0.00000e+00  -2.57391e+02
 CALL LIMIT EXCEEDED IN MIGRAD.
 MIGRAD TERMINATED WITHOUT CONVERGENCE.
 FCN=142.5 FROM MIGRAD    STATUS=CALL LIMIT   1335 CALLS        1336 TOTAL
                     EDM=0.00144215    STRATEGY= 1  ERROR MATRIX UNCERTAINTY   2.0 per cent
  EXT PARAMETER                APPROXIMATE        STEP         FIRST   
  NO.   NAME      VALUE            ERROR          SIZE      DERIVATIVE 
   1  N0           2.97052e+06   8.10084e+02   1.98169e-01  -9.80455e-06
   2  tau          6.44201e+01   constant   
   3  A0           3.53232e-01   3.35173e-04  -5.10444e-07  -7.63758e+00
   4  phi          4.12080e+00   1.04584e-03   1.72383e-06   2.81265e+00
   5  R           -5.91013e+01   constant   
   6  alpha_CBO    0.00000e+00     fixed    
   7  w_CBO        2.32500e+00   constant   
   8  beta_CBO     0.00000e+00     fixed    
   9  alpha_2CBO   0.00000e+00     fixed    
  10  beta_2CBO    0.00000e+00     fixed    
  11  alpha_y      0.00000e+00     fixed    
  12  w_y          1.44500e+01   constant   
  13  beta_y       0.00000e+00     fixed    
  14  alpha_vw     0.00000e+00     fixed    
  15  w_vw         1.29000e+01   constant   
  16  beta_vw      0.00000e+00     fixed    
  17  LM           5.89621e-04   constant   
  18  zeta_y       0.00000e+00   constant   
  19  zeta_vw      0.00000e+00   constant   
  20  T_CBO        4.99206e+02   7.08085e+02   5.15305e-02  -1.36945e-01
  21  alpha_A0    -7.23030e-04   3.00728e-03   6.80636e-07  -2.48040e+00
  22  beta_A0      4.87073e-03   6.73425e-03  -1.47703e-04  -2.47847e+01
  23  alpha_phi    1.42515e-03   2.87255e-03  -7.89620e-05  -2.86035e+00
  24  beta_phi     4.65776e-03   6.43183e-03  -1.39873e-04  -2.28892e+01
 EXTERNAL ERROR MATRIX.    NDIM=  25    NPAR=  8    ERR DEF=1
  6.562e+05  4.137e-02  1.119e-01 -4.191e+02 -1.421e-01  7.237e-02  5.446e-01 -2.132e-01 
  4.137e-02  1.123e-07 -1.090e-08 -1.330e-02  3.278e-08  1.184e-07 -9.963e-09 -1.310e-08 
  1.119e-01 -1.090e-08  1.094e-06  1.915e-02 -4.963e-07 -2.777e-07  1.350e-07  2.150e-07 
 -4.191e+02 -1.330e-02  1.915e-02  1.160e+06  9.458e-01 -6.771e+00 -1.786e+00 -6.363e+00 
 -1.421e-01  3.278e-08 -4.963e-07  9.458e-01  9.044e-06 -5.787e-06 -2.186e-06 -6.404e-06 
  7.237e-02  1.184e-07 -2.777e-07 -6.771e+00 -5.787e-06  4.535e-05  9.429e-06  3.255e-05 
  5.446e-01 -9.963e-09  1.350e-07 -1.786e+00 -2.186e-06  9.429e-06  8.252e-06  9.485e-06 
 -2.132e-01 -1.310e-08  2.150e-07 -6.363e+00 -6.404e-06  3.255e-05  9.485e-06  4.137e-05 
ERR MATRIX APPROXIMATE
 PARAMETER  CORRELATION COEFFICIENTS  
       NO.  GLOBAL      1      3      4     20     21     22     23     24
        1  0.36313   1.000  0.152  0.132 -0.000 -0.058  0.013  0.234 -0.041
        3  0.21110   0.152  1.000 -0.031 -0.037  0.033  0.052 -0.010 -0.006
        4  0.24005   0.132 -0.031  1.000  0.017 -0.158 -0.039  0.045  0.032
       20  0.99252  -0.000 -0.037  0.017  1.000  0.292 -0.934 -0.578 -0.919
       21  0.47006  -0.058  0.033 -0.158  0.292  1.000 -0.286 -0.253 -0.331
       22  0.97719   0.013  0.052 -0.039 -0.934 -0.286  1.000  0.487  0.752
       23  0.69310   0.234 -0.010  0.045 -0.578 -0.253  0.487  1.000  0.513
       24  0.97255  -0.041 -0.006  0.032 -0.919 -0.331  0.752  0.513  1.000
 ERR MATRIX APPROXIMATE
MINUIT - FIT ONLY 1-CBO + wiggle
 **********
 **   16 **RES 
 **********
                   PARAMETER   16  beta_vw RESTORED TO VARIABLE.
                   PARAMETER   14  alpha_vw RESTORED TO VARIABLE.
                   PARAMETER   13  beta_y RESTORED TO VARIABLE.
                   PARAMETER   11  alpha_y RESTORED TO VARIABLE.
                   PARAMETER   10  beta_2CBO RESTORED TO VARIABLE.
                   PARAMETER    9  alpha_2CBO RESTORED TO VARIABLE.
                   PARAMETER    8  beta_CBO RESTORED TO VARIABLE.
                   PARAMETER    6  alpha_CBO RESTORED TO VARIABLE.
 **********
 **   17 **FIX            8
 **********
 **********
 **   18 **FIX            9
 **********
 **********
 **   19 **FIX           11
 **********
 **********
 **   20 **FIX           12
 **********
 PARAMETER   12  IS CONSTANT.   IGNORED.
 **********
 **   21 **FIX           14
 **********
 **********
 **   22 **FIX           15
 **********
 PARAMETER   15  IS CONSTANT.   IGNORED.
 **********
 **   23 **FIX           16
 **********
 **********
 **   24 **MIGRAD
 **********
 START MIGRAD MINIMIZATION.  STRATEGY  1.  CONVERGENCE WHEN EDM .LT. 1.00e-04
 FCN=142.5 FROM MIGRAD    STATUS=INITIATE       28 CALLS        1364 TOTAL
                     EDM= unknown      STRATEGY= 1      NO ERROR MATRIX       
  EXT PARAMETER               CURRENT GUESS       STEP         FIRST   
  NO.   NAME      VALUE            ERROR          SIZE      DERIVATIVE 
   1  N0           2.97052e+06   8.10084e+02   1.98169e-01  -9.80455e-06
   2  tau          6.44201e+01   constant   
   3  A0           3.53232e-01   3.35173e-04  -5.10444e-07  -7.63758e+00
   4  phi          4.12080e+00   1.04584e-03   1.72383e-06   2.81265e+00
   5  R           -5.91013e+01   constant   
   6  alpha_CBO    0.00000e+00   1.00000e-03   1.00000e-03   1.30516e+04
   7  w_CBO        2.32500e+00   constant   
   8  beta_CBO     0.00000e+00     fixed    
   9  alpha_2CBO   0.00000e+00     fixed    
  10  beta_2CBO    0.00000e+00   1.00000e-03   1.00000e-03   4.45269e+03
  11  alpha_y      0.00000e+00     fixed    
  12  w_y          1.44500e+01   constant   
  13  beta_y       0.00000e+00   1.00000e-03   1.00000e-03   9.92877e+03
  14  alpha_vw     0.00000e+00     fixed    
  15  w_vw         1.29000e+01   constant   
  16  beta_vw      0.00000e+00     fixed    
  17  LM           5.89621e-04   constant   
  18  zeta_y       0.00000e+00   constant   
  19  zeta_vw      0.00000e+00   constant   
  20  T_CBO        4.99206e+02   7.08085e+02   5.15305e-02  -1.36954e-01
  21  alpha_A0    -7.23030e-04   3.00728e-03   6.80636e-07  -2.48040e+00
  22  beta_A0      4.87073e-03   6.73425e-03  -1.47703e-04  -2.47847e+01
  23  alpha_phi    1.42515e-03   2.87255e-03  -7.89620e-05  -2.86035e+00
  24  beta_phi     4.65776e-03   6.43183e-03  -1.39873e-04  -2.28892e+01
 MIGRAD MINIMIZATION HAS CONVERGED.
 FCN=131.547 FROM MIGRAD    STATUS=CONVERGED     517 CALLS        1853 TOTAL
                     EDM=1.44246e-06    STRATEGY= 1  ERROR MATRIX UNCERTAINTY   0.4 per cent
  EXT PARAMETER                                   STEP         FIRST   
  NO.   NAME      VALUE            ERROR          SIZE      DERIVATIVE 
   1  N0           2.97046e+06   7.87913e+02  -2.46347e-01   4.63254e-08
   2  tau          6.44201e+01   constant   
   3  A0           3.53055e-01   3.49533e-04  -3.06053e-07  -1.50522e-01
   4  phi          4.12109e+00   1.01671e-03   1.35441e-07   8.72311e-01
   5  R           -5.91013e+01   constant   
   6  alpha_CBO   -1.02324e-03   3.97242e-04  -7.62114e-08   1.54096e+00
   7  w_CBO        2.32500e+00   constant   
   8  beta_CBO     0.00000e+00     fixed    
   9  alpha_2CBO   0.00000e+00     fixed    
  10  beta_2CBO   -2.89753e-04   3.91583e-04   3.56954e-07  -1.30100e-01
  11  alpha_y      0.00000e+00     fixed    
  12  w_y          1.44500e+01   constant   
  13  beta_y      -7.28069e-04   3.84527e-04  -2.19682e-08  -1.96853e+00
  14  alpha_vw     0.00000e+00     fixed    
  15  w_vw         1.29000e+01   constant   
  16  beta_vw      0.00000e+00     fixed    
  17  LM           5.89621e-04   constant   
  18  zeta_y       0.00000e+00   constant   
  19  zeta_vw      0.00000e+00   constant   
  20  T_CBO        9.99994e+02   5.21876e+02   3.39187e-02  -6.13553e-05
  21  alpha_A0    -1.49126e-03   2.41174e-03  -1.17509e-06  -1.78028e-02
  22  beta_A0      3.88076e-03   1.80109e-03  -2.63198e-06  -8.84181e-01
  23  alpha_phi    4.10468e-04   1.86016e-03   1.83087e-06  -1.14771e-01
  24  beta_phi     3.82110e-03   2.12860e-03   3.31632e-07  -5.37952e-01
 EXTERNAL ERROR MATRIX.    NDIM=  25    NPAR= 11    ERR DEF=1
  6.208e+05 
  3.976e-02  1.222e-07 
 -1.171e-03 -3.371e-08  1.034e-06 
  9.389e-03  2.953e-08 -4.546e-08  1.578e-07 
  2.912e-03 -7.839e-09  3.609e-09 -4.333e-09  1.533e-07 
  1.360e-04 -5.175e-10  6.118e-10  3.498e-10 -4.305e-09  1.479e-07 
  7.847e+02  3.192e-05  3.314e-04  1.829e-05 -2.518e-04  1.355e-04  9.624e+02 
 -2.302e-02  5.481e-08 -2.611e-07  1.781e-07  5.274e-08 -2.275e-08  8.219e-03  5.817e-06 
  2.762e-01  3.536e-08 -1.096e-07  1.503e-08 -2.178e-08 -3.288e-09 -6.605e-03  1.747e-07  3.244e-06 
  1.264e-01 -5.029e-08  6.366e-08  1.266e-07  4.635e-08 -2.289e-08 -4.181e-03  1.095e-07 -1.167e-07  3.460e-06 
 -3.751e-02 -7.247e-08  1.317e-07 -4.423e-08  1.532e-07 -2.269e-08 -1.378e-02 -1.078e-06 -3.281e-07  9.415e-07  4.531e-06 
 PARAMETER  CORRELATION COEFFICIENTS  
       NO.  GLOBAL      1      3      4      6     10     13     20     21     22     23     24
        1  0.27041   1.000  0.144 -0.001  0.030  0.009  0.000  0.032 -0.012  0.195  0.086 -0.022
        3  0.29893   0.144  1.000 -0.095  0.213 -0.057 -0.004  0.003  0.065  0.056 -0.077 -0.097
        4  0.17517  -0.001 -0.095  1.000 -0.113  0.009  0.002  0.011 -0.106 -0.060  0.034  0.061
        6  0.34369   0.030  0.213 -0.113  1.000 -0.028  0.002  0.001  0.186  0.021  0.171 -0.052
       10  0.21753   0.009 -0.057  0.009 -0.028  1.000 -0.029 -0.021  0.056 -0.031  0.064  0.184
       13  0.05510   0.000 -0.004  0.002  0.002 -0.029  1.000  0.011 -0.025 -0.005 -0.032 -0.028
       20  0.27011   0.032  0.003  0.011  0.001 -0.021  0.011  1.000  0.110 -0.118 -0.072 -0.209
       21  0.31660  -0.012  0.065 -0.106  0.186  0.056 -0.025  0.110  1.000  0.040  0.024 -0.210
       22  0.26642   0.195  0.056 -0.060  0.021 -0.031 -0.005 -0.118  0.040  1.000 -0.035 -0.086
       23  0.34082   0.086 -0.077  0.034  0.171  0.064 -0.032 -0.072  0.024 -0.035  1.000  0.238
       24  0.41872  -0.022 -0.097  0.061 -0.052  0.184 -0.028 -0.209 -0.210 -0.086  0.238  1.000
MINUIT - FIT ONLY 2-CBO
 **********
 **   25 **RES 
 **********
                   PARAMETER   16  beta_vw RESTORED TO VARIABLE.
                   PARAMETER   14  alpha_vw RESTORED TO VARIABLE.
                   PARAMETER   11  alpha_y RESTORED TO VARIABLE.
                   PARAMETER    9  alpha_2CBO RESTORED TO VARIABLE.
                   PARAMETER    8  beta_CBO RESTORED TO VARIABLE.
 **********
 **   26 **FIX            0
 **********
 PARAMETER    0  IS UNDEFINED. IGNORED.
 **********
 **   27 **FIX            1
 **********
 **********
 **   28 **FIX            2
 **********
 PARAMETER    2  IS CONSTANT.   IGNORED.
 **********
 **   29 **FIX            3
 **********
 **********
 **   30 **FIX            4
 **********
 **********
 **   31 **FIX            5
 **********
 PARAMETER    5  IS CONSTANT.   IGNORED.
 **********
 **   32 **FIX            6
 **********
 **********
 **   33 **FIX            7
 **********
 PARAMETER    7  IS CONSTANT.   IGNORED.
 **********
 **   34 **FIX           10
 **********
 **********
 **   35 **FIX           11
 **********
 **********
 **   36 **FIX           12
 **********
 PARAMETER   12  IS CONSTANT.   IGNORED.
 **********
 **   37 **FIX           13
 **********
 **********
 **   38 **FIX           14
 **********
 **********
 **   39 **FIX           15
 **********
 PARAMETER   15  IS CONSTANT.   IGNORED.
 **********
 **   40 **FIX           16
 **********
 **********
 **   41 **MIGRAD
 **********
 START MIGRAD MINIMIZATION.  STRATEGY  1.  CONVERGENCE WHEN EDM .LT. 1.00e-04
 FCN=131.547 FROM MIGRAD    STATUS=INITIATE       18 CALLS        1871 TOTAL
                     EDM= unknown      STRATEGY= 1      NO ERROR MATRIX       
  EXT PARAMETER               CURRENT GUESS       STEP         FIRST   
  NO.   NAME      VALUE            ERROR          SIZE      DERIVATIVE 
   1  N0           2.97046e+06     fixed    
   2  tau          6.44201e+01   constant   
   3  A0           3.53055e-01     fixed    
   4  phi          4.12109e+00     fixed    
   5  R           -5.91013e+01   constant   
   6  alpha_CBO   -1.02324e-03     fixed    
   7  w_CBO        2.32500e+00   constant   
   8  beta_CBO     0.00000e+00   1.00000e-03   1.00000e-03   3.94937e+04
   9  alpha_2CBO   0.00000e+00   1.00000e-03   1.00000e-03  -3.86667e+03
  10  beta_2CBO   -2.89753e-04     fixed    
  11  alpha_y      0.00000e+00     fixed    
  12  w_y          1.44500e+01   constant   
  13  beta_y      -7.28069e-04     fixed    
  14  alpha_vw     0.00000e+00     fixed    
  15  w_vw         1.29000e+01   constant   
  16  beta_vw      0.00000e+00     fixed    
  17  LM           5.89621e-04   constant   
  18  zeta_y       0.00000e+00   constant   
  19  zeta_vw      0.00000e+00   constant   
  20  T_CBO        9.99994e+02   5.21876e+02   3.39187e-02  -6.13570e-05
  21  alpha_A0    -1.49126e-03   2.41174e-03  -1.17509e-06  -1.77978e-02
  22  beta_A0      3.88076e-03   1.80109e-03  -2.63198e-06  -8.84179e-01
  23  alpha_phi    4.10468e-04   1.86016e-03   1.83087e-06  -1.14771e-01
  24  beta_phi     3.82110e-03   2.12860e-03   3.31632e-07  -5.37952e-01
 MIGRAD MINIMIZATION HAS CONVERGED.
 MIGRAD WILL VERIFY CONVERGENCE AND ERROR MATRIX.
 FCN=71.9618 FROM MIGRAD    STATUS=CONVERGED     139 CALLS        1992 TOTAL
                     EDM=2.67122e-05    STRATEGY= 1      ERR MATRIX NOT POS-DEF
  EXT PARAMETER                APPROXIMATE        STEP         FIRST   
  NO.   NAME      VALUE            ERROR          SIZE      DERIVATIVE 
   1  N0           2.97046e+06     fixed    
   2  tau          6.44201e+01   constant   
   3  A0           3.53055e-01     fixed    
   4  phi          4.12109e+00     fixed    
   5  R           -5.91013e+01   constant   
   6  alpha_CBO   -1.02324e-03     fixed    
   7  w_CBO        2.32500e+00   constant   
   8  beta_CBO    -2.99195e-03   3.80053e-04   1.58459e-06  -7.14861e-01
   9  alpha_2CBO   2.57709e-04   3.70270e-04   1.56567e-06  -3.54048e+00
  10  beta_2CBO   -2.89753e-04     fixed    
  11  alpha_y      0.00000e+00     fixed    
  12  w_y          1.44500e+01   constant   
  13  beta_y      -7.28069e-04     fixed    
  14  alpha_vw     0.00000e+00     fixed    
  15  w_vw         1.29000e+01   constant   
  16  beta_vw      0.00000e+00     fixed    
  17  LM           5.89621e-04   constant   
  18  zeta_y       0.00000e+00   constant   
  19  zeta_vw      0.00000e+00   constant   
  20  T_CBO        9.99414e+02   8.26745e+02   1.70454e-01   2.80094e-05
  21  alpha_A0    -1.28951e-03   1.10241e-02   7.93319e-06  -6.12581e-01
  22  beta_A0      2.65449e-03   2.18681e-02   7.49740e-06  -1.53868e+00
  23  alpha_phi    8.84664e-04   7.98578e-03   6.78596e-06   1.33724e+00
  24  beta_phi     1.08015e-03   8.77927e-03   7.26223e-06   7.97552e-01
 EXTERNAL ERROR MATRIX.    NDIM=  25    NPAR=  7    ERR DEF=1
  1.444e-07 -1.475e-09 -9.185e-01  7.272e-07 -1.440e-06 -5.463e-07 -4.668e-07 
 -1.475e-09  1.371e-07  5.409e-01 -4.836e-07  7.867e-07  3.874e-07  3.494e-07 
 -9.185e-01  5.409e-01  1.820e+08 -1.466e+02  2.941e+02  1.056e+02  1.161e+02 
  7.272e-07 -4.836e-07 -1.466e+02  1.215e-04 -2.367e-04 -8.529e-05 -9.387e-05 
 -1.440e-06  7.867e-07  2.941e+02 -2.367e-04  4.782e-04  1.703e-04  1.875e-04 
 -5.463e-07  3.874e-07  1.056e+02 -8.529e-05  1.703e-04  6.377e-05  6.754e-05 
 -4.668e-07  3.494e-07  1.161e+02 -9.387e-05  1.875e-04  6.754e-05  7.708e-05 
ERR MATRIX NOT POS-DEF
 PARAMETER  CORRELATION COEFFICIENTS  
       NO.  GLOBAL      8      9     20     21     22     23     24
        8  0.26853   1.000 -0.010 -0.179  0.174 -0.173 -0.180 -0.140
        9  0.21362  -0.010  1.000  0.108 -0.118  0.097  0.131  0.107
       20  0.99804  -0.179  0.108  1.000 -0.986  0.997  0.980  0.981
       21  0.98608   0.174 -0.118 -0.986  1.000 -0.982 -0.969 -0.970
       22  0.99686  -0.173  0.097  0.997 -0.982  1.000  0.975  0.977
       23  0.98054  -0.180  0.131  0.980 -0.969  0.975  1.000  0.963
       24  0.98157  -0.140  0.107  0.981 -0.970  0.977  0.963  1.000
 ERR MATRIX NOT POS-DEF
MINUIT - FIT wiggle + 1-CBO + 2-CBO
 **********
 **   42 **RES 
 **********
                   PARAMETER   16  beta_vw RESTORED TO VARIABLE.
                   PARAMETER   14  alpha_vw RESTORED TO VARIABLE.
                   PARAMETER   13  beta_y RESTORED TO VARIABLE.
                   PARAMETER   11  alpha_y RESTORED TO VARIABLE.
                   PARAMETER   10  beta_2CBO RESTORED TO VARIABLE.
                   PARAMETER    6  alpha_CBO RESTORED TO VARIABLE.
                   PARAMETER    4  phi RESTORED TO VARIABLE.
                   PARAMETER    3  A0 RESTORED TO VARIABLE.
                   PARAMETER    1  N0 RESTORED TO VARIABLE.
 **********
 **   43 **FIX           10
 **********
 **********
 **   44 **FIX           11
 **********
 **********
 **   45 **FIX           12
 **********
 PARAMETER   12  IS CONSTANT.   IGNORED.
 **********
 **   46 **FIX           13
 **********
 **********
 **   47 **FIX           14
 **********
 **********
 **   48 **FIX           15
 **********
 PARAMETER   15  IS CONSTANT.   IGNORED.
 **********
 **   49 **FIX           16
 **********
 **********
 **   50 **MIGRAD
 **********
 START MIGRAD MINIMIZATION.  STRATEGY  1.  CONVERGENCE WHEN EDM .LT. 1.00e-04
 FCN=71.9618 FROM MIGRAD    STATUS=INITIATE       26 CALLS        2018 TOTAL
                     EDM= unknown      STRATEGY= 1      NO ERROR MATRIX       
  EXT PARAMETER               CURRENT GUESS       STEP         FIRST   
  NO.   NAME      VALUE            ERROR          SIZE      DERIVATIVE 
   1  N0           2.97046e+06   7.87913e+02   7.87913e+02  -6.10098e-04
   2  tau          6.44201e+01   constant   
   3  A0           3.53055e-01   3.49533e-04   3.49533e-04   1.31876e+03
   4  phi          4.12109e+00   1.01671e-03   1.01671e-03   3.09170e+03
   5  R           -5.91013e+01   constant   
   6  alpha_CBO   -1.02324e-03   3.97242e-04   3.97242e-04   6.72558e+02
   7  w_CBO        2.32500e+00   constant   
   8  beta_CBO    -2.99195e-03   3.80053e-04   1.58459e-06  -7.14860e-01
   9  alpha_2CBO   2.57709e-04   3.70270e-04   1.56567e-06  -3.54047e+00
  10  beta_2CBO   -2.89753e-04     fixed    
  11  alpha_y      0.00000e+00     fixed    
  12  w_y          1.44500e+01   constant   
  13  beta_y      -7.28069e-04     fixed    
  14  alpha_vw     0.00000e+00     fixed    
  15  w_vw         1.29000e+01   constant   
  16  beta_vw      0.00000e+00     fixed    
  17  LM           5.89621e-04   constant   
  18  zeta_y       0.00000e+00   constant   
  19  zeta_vw      0.00000e+00   constant   
  20  T_CBO        9.99414e+02   8.26745e+02   1.70454e-01  -7.54582e-05
  21  alpha_A0    -1.28951e-03   1.10241e-02   7.93319e-06  -6.12584e-01
  22  beta_A0      2.65449e-03   2.18681e-02   7.49740e-06  -1.53867e+00
  23  alpha_phi    8.84664e-04   7.98578e-03   6.78596e-06   1.33724e+00
  24  beta_phi     1.08015e-03   8.77927e-03   7.26223e-06   7.97552e-01
 MIGRAD MINIMIZATION HAS CONVERGED.
 FCN=69.1837 FROM MIGRAD    STATUS=CONVERGED     179 CALLS        2171 TOTAL
                     EDM=1.47172e-06    STRATEGY= 1  ERROR MATRIX UNCERTAINTY   2.4 per cent
  EXT PARAMETER                                   STEP         FIRST   
  NO.   NAME      VALUE            ERROR          SIZE      DERIVATIVE 
   1  N0           2.97049e+06   7.64398e+02   5.44479e-01  -1.22751e-06
   2  tau          6.44201e+01   constant   
   3  A0           3.53027e-01   3.36814e-04   3.71648e-07  -1.51068e+00
   4  phi          4.11931e+00   1.09169e-03  -1.67389e-07  -3.62316e-02
   5  R           -5.91013e+01   constant   
   6  alpha_CBO   -1.01975e-03   3.72992e-04   8.33209e-07  -1.01066e+00
   7  w_CBO        2.32500e+00   constant   
   8  beta_CBO    -3.13721e-03   3.97791e-04   5.44543e-07  -9.97213e-01
   9  alpha_2CBO   2.13226e-04   3.75290e-04   1.74056e-07   4.92001e+00
  10  beta_2CBO   -2.89753e-04     fixed    
  11  alpha_y      0.00000e+00     fixed    
  12  w_y          1.44500e+01   constant   
  13  beta_y      -7.28069e-04     fixed    
  14  alpha_vw     0.00000e+00     fixed    
  15  w_vw         1.29000e+01   constant   
  16  beta_vw      0.00000e+00     fixed    
  17  LM           5.89621e-04   constant   
  18  zeta_y       0.00000e+00   constant   
  19  zeta_vw      0.00000e+00   constant   
  20  T_CBO        9.99927e+02   5.04822e+02   2.89512e-03  -2.06746e-05
  21  alpha_A0    -7.76998e-04   2.05532e-03   8.53566e-07  -1.53999e-01
  22  beta_A0      2.92055e-03   1.81166e-03   5.05476e-06  -1.68696e-01
  23  alpha_phi    7.56712e-04   1.60041e-03  -4.38724e-06  -1.74851e-01
  24  beta_phi     7.25222e-04   1.84495e-03   5.52457e-06  -1.62149e-01
 EXTERNAL ERROR MATRIX.    NDIM=  25    NPAR= 11    ERR DEF=1
  5.843e+05 
  1.897e-02  1.134e-07 
  9.162e-02 -3.043e-08  1.192e-06 
 -1.730e-02  1.702e-08 -4.354e-08  1.391e-07 
  7.877e-03  3.171e-09  9.378e-08  2.245e-09  1.582e-07 
  8.703e-03 -7.903e-09  3.576e-08 -9.696e-09  3.324e-09  1.408e-07 
 -1.507e+03  1.060e-03 -1.896e-03  1.109e-03  9.063e-04 -5.267e-04 -3.046e+03 
 -4.713e-02  5.448e-08 -3.815e-07  7.569e-08 -6.203e-08 -5.409e-08  1.557e-03  4.224e-06 
  1.218e-01  3.096e-08 -1.679e-07  4.967e-08  5.767e-08 -6.467e-08  2.175e-02  2.408e-07  3.282e-06 
  1.022e-01 -8.326e-08  1.383e-07  1.005e-08  6.141e-09  5.261e-08  8.087e-04 -3.680e-07 -2.452e-07  2.561e-06 
  1.448e-01 -7.339e-09  2.781e-07 -6.105e-08  1.491e-07 -6.978e-09 -4.863e-03 -4.520e-07 -1.547e-07  2.942e-07  3.404e-06 
 PARAMETER  CORRELATION COEFFICIENTS  
       NO.  GLOBAL      1      3      4      6      8      9     20     21     22     23     24
        1  0.00000   1.000  0.074  0.110 -0.061  0.026  0.030 -0.036 -0.030  0.088  0.084  0.103
        3  0.00000   0.074  1.000 -0.083  0.135  0.024 -0.063  0.057  0.079  0.051 -0.154 -0.012
        4  0.00000   0.110 -0.083  1.000 -0.107  0.216  0.087 -0.031 -0.170 -0.085  0.079  0.138
        6  0.00000  -0.061  0.135 -0.107  1.000  0.015 -0.069  0.054  0.099  0.074  0.017 -0.089
        8  0.00000   0.026  0.024  0.216  0.015  1.000  0.022  0.041 -0.076  0.080  0.010  0.203
        9  0.00000   0.030 -0.063  0.087 -0.069  0.022  1.000 -0.025 -0.070 -0.095  0.088 -0.010
       20  0.00000  -0.036  0.057 -0.031  0.054  0.041 -0.025 -1.000  0.014  0.218  0.009 -0.048
       21  0.00000  -0.030  0.079 -0.170  0.099 -0.076 -0.070  0.014  1.000  0.065 -0.112 -0.119
       22  0.00000   0.088  0.051 -0.085  0.074  0.080 -0.095  0.218  0.065  1.000 -0.085 -0.046
       23  0.00000   0.084 -0.154  0.079  0.017  0.010  0.088  0.009 -0.112 -0.085  1.000  0.100
       24  0.00000   0.103 -0.012  0.138 -0.089  0.203 -0.010 -0.048 -0.119 -0.046  0.100  1.000
MINUIT - FIT ONLY 1-y
 **********
 **   51 **RES 
 **********
                   PARAMETER   16  beta_vw RESTORED TO VARIABLE.
                   PARAMETER   14  alpha_vw RESTORED TO VARIABLE.
                   PARAMETER   13  beta_y RESTORED TO VARIABLE.
                   PARAMETER   11  alpha_y RESTORED TO VARIABLE.
                   PARAMETER   10  beta_2CBO RESTORED TO VARIABLE.
 **********
 **   52 **FIX            0
 **********
 PARAMETER    0  IS UNDEFINED. IGNORED.
 **********
 **   53 **FIX            1
 **********
 **********
 **   54 **FIX            2
 **********
 PARAMETER    2  IS CONSTANT.   IGNORED.
 **********
 **   55 **FIX            3
 **********
 **********
 **   56 **FIX            4
 **********
 **********
 **   57 **FIX            5
 **********
 PARAMETER    5  IS CONSTANT.   IGNORED.
 **********
 **   58 **FIX            6
 **********
 **********
 **   59 **FIX            7
 **********
 PARAMETER    7  IS CONSTANT.   IGNORED.
 **********
 **   60 **FIX            8
 **********
 **********
 **   61 **FIX            9
 **********
 **********
 **   62 **FIX           13
 **********
 **********
 **   63 **FIX           14
 **********
 **********
 **   64 **FIX           15
 **********
 PARAMETER   15  IS CONSTANT.   IGNORED.
 **********
 **   65 **FIX           16
 **********
 **********
 **   66 **MIGRAD
 **********
 START MIGRAD MINIMIZATION.  STRATEGY  1.  CONVERGENCE WHEN EDM .LT. 1.00e-04
 FCN=69.1837 FROM MIGRAD    STATUS=INITIATE       20 CALLS        2191 TOTAL
                     EDM= unknown      STRATEGY= 1      NO ERROR MATRIX       
  EXT PARAMETER               CURRENT GUESS       STEP         FIRST   
  NO.   NAME      VALUE            ERROR          SIZE      DERIVATIVE 
   1  N0           2.97049e+06     fixed    
   2  tau          6.44201e+01   constant   
   3  A0           3.53027e-01     fixed    
   4  phi          4.11931e+00     fixed    
   5  R           -5.91013e+01   constant   
   6  alpha_CBO   -1.01975e-03     fixed    
   7  w_CBO        2.32500e+00   constant   
   8  beta_CBO    -3.13721e-03     fixed    
   9  alpha_2CBO   2.13226e-04     fixed    
  10  beta_2CBO   -2.89753e-04   3.91583e-04   3.91583e-04  -3.21104e+02
  11  alpha_y      0.00000e+00   1.00000e-03   1.00000e-03  -3.08788e+03
  12  w_y          1.44500e+01   constant   
  13  beta_y      -7.28069e-04     fixed    
  14  alpha_vw     0.00000e+00     fixed    
  15  w_vw         1.29000e+01   constant   
  16  beta_vw      0.00000e+00     fixed    
  17  LM           5.89621e-04   constant   
  18  zeta_y       0.00000e+00   constant   
  19  zeta_vw      0.00000e+00   constant   
  20  T_CBO        9.99927e+02   5.04822e+02   2.89512e-03  -2.15156e-04
  21  alpha_A0    -7.76998e-04   2.05532e-03   8.53566e-07  -1.53998e-01
  22  beta_A0      2.92055e-03   1.81166e-03   5.05476e-06  -1.68692e-01
  23  alpha_phi    7.56712e-04   1.60041e-03  -4.38724e-06  -1.74851e-01
  24  beta_phi     7.25222e-04   1.84495e-03   5.52457e-06  -1.62149e-01
 MIGRAD MINIMIZATION HAS CONVERGED.
 MIGRAD WILL VERIFY CONVERGENCE AND ERROR MATRIX.
 COVARIANCE MATRIX CALCULATED SUCCESSFULLY
 FCN=68.8437 FROM MIGRAD    STATUS=CONVERGED     131 CALLS        2302 TOTAL
                     EDM=1.00828e-07    STRATEGY= 1      ERROR MATRIX ACCURATE 
  EXT PARAMETER                                   STEP         FIRST   
  NO.   NAME      VALUE            ERROR          SIZE      DERIVATIVE 
   1  N0           2.97049e+06     fixed    
   2  tau          6.44201e+01   constant   
   3  A0           3.53027e-01     fixed    
   4  phi          4.11931e+00     fixed    
   5  R           -5.91013e+01   constant   
   6  alpha_CBO   -1.01975e-03     fixed    
   7  w_CBO        2.32500e+00   constant   
   8  beta_CBO    -3.13721e-03     fixed    
   9  alpha_2CBO   2.13226e-04     fixed    
  10  beta_2CBO   -2.65230e-04   3.90035e-04   1.55206e-06   2.72825e-01
  11  alpha_y      2.17712e-04   3.75506e-04   1.53183e-06   4.96577e-02
  12  w_y          1.44500e+01   constant   
  13  beta_y      -7.28069e-04     fixed    
  14  alpha_vw     0.00000e+00     fixed    
  15  w_vw         1.29000e+01   constant   
  16  beta_vw      0.00000e+00     fixed    
  17  LM           5.89621e-04   constant   
  18  zeta_y       0.00000e+00   constant   
  19  zeta_vw      0.00000e+00   constant   
  20  T_CBO        9.99966e+02   7.08178e+02   1.11417e-01  -6.37696e-06
  21  alpha_A0    -7.49418e-04   1.93585e-03   7.75921e-06   2.05971e-02
  22  beta_A0      2.92963e-03   1.81181e-03   7.33314e-06   4.74445e-02
  23  alpha_phi    7.52180e-04   1.64293e-03   6.63978e-06   2.56180e-01
  24  beta_phi     7.23091e-04   1.77891e-03   7.10529e-06   3.97787e-02
 EXTERNAL ERROR MATRIX.    NDIM=  25    NPAR=  7    ERR DEF=1
  1.521e-07  3.860e-11 -1.232e-07  1.013e-07 -4.100e-08  1.625e-08  1.082e-07 
  3.860e-11  1.410e-07  4.935e-09  7.139e-09  9.994e-09 -4.962e-09 -1.285e-08 
 -1.232e-07  4.935e-09  6.883e+01 -7.235e-05  2.747e-04  7.688e-05  6.473e-05 
  1.013e-07  7.139e-09 -7.235e-05  3.748e-06  1.315e-07 -2.520e-07 -2.762e-07 
 -4.100e-08  9.994e-09  2.747e-04  1.315e-07  3.283e-06 -2.756e-07 -2.243e-07 
  1.625e-08 -4.962e-09  7.688e-05 -2.520e-07 -2.756e-07  2.699e-06  2.288e-07 
  1.082e-07 -1.285e-08  6.473e-05 -2.762e-07 -2.243e-07  2.288e-07  3.165e-06 
 PARAMETER  CORRELATION COEFFICIENTS  
       NO.  GLOBAL     10     11     20     21     22     23     24
       10  0.22156   1.000  0.000 -0.000  0.134 -0.058  0.025  0.156
       11  0.02536   0.000  1.000  0.000  0.010  0.015 -0.008 -0.019
       20  0.02083  -0.000  0.000  1.000 -0.005  0.018  0.006  0.004
       21  0.18777   0.134  0.010 -0.005  1.000  0.037 -0.079 -0.080
       22  0.12757  -0.058  0.015  0.018  0.037  1.000 -0.093 -0.070
       23  0.13851   0.025 -0.008  0.006 -0.079 -0.093  1.000  0.078
       24  0.20488   0.156 -0.019  0.004 -0.080 -0.070  0.078  1.000
MINUIT - FIT ONLY 2-y
 **********
 **   67 **RES 
 **********
                   PARAMETER   16  beta_vw RESTORED TO VARIABLE.
                   PARAMETER   14  alpha_vw RESTORED TO VARIABLE.
                   PARAMETER   13  beta_y RESTORED TO VARIABLE.
                   PARAMETER    9  alpha_2CBO RESTORED TO VARIABLE.
                   PARAMETER    8  beta_CBO RESTORED TO VARIABLE.
                   PARAMETER    6  alpha_CBO RESTORED TO VARIABLE.
                   PARAMETER    4  phi RESTORED TO VARIABLE.
                   PARAMETER    3  A0 RESTORED TO VARIABLE.
                   PARAMETER    1  N0 RESTORED TO VARIABLE.
 **********
 **   68 **FIX            0
 **********
 PARAMETER    0  IS UNDEFINED. IGNORED.
 **********
 **   69 **FIX            1
 **********
 **********
 **   70 **FIX            2
 **********
 PARAMETER    2  IS CONSTANT.   IGNORED.
 **********
 **   71 **FIX            3
 **********
 **********
 **   72 **FIX            4
 **********
 **********
 **   73 **FIX            5
 **********
 PARAMETER    5  IS CONSTANT.   IGNORED.
 **********
 **   74 **FIX            6
 **********
 **********
 **   75 **FIX            7
 **********
 PARAMETER    7  IS CONSTANT.   IGNORED.
 **********
 **   76 **FIX            8
 **********
 **********
 **   77 **FIX            9
 **********
 **********
 **   78 **FIX           10
 **********
 **********
 **   79 **FIX           11
 **********
 **********
 **   80 **FIX           12
 **********
 PARAMETER   12  IS CONSTANT.   IGNORED.
 **********
 **   81 **FIX           16
 **********
 **********
 **   82 **MIGRAD
 **********
 START MIGRAD MINIMIZATION.  STRATEGY  1.  CONVERGENCE WHEN EDM .LT. 1.00e-04
 FCN=68.8437 FROM MIGRAD    STATUS=INITIATE       41 CALLS        2343 TOTAL
                     EDM= unknown      STRATEGY= 1      NO ERROR MATRIX       
  EXT PARAMETER               CURRENT GUESS       STEP         FIRST   
  NO.   NAME      VALUE            ERROR          SIZE      DERIVATIVE 
   1  N0           2.97049e+06     fixed    
   2  tau          6.44201e+01   constant   
   3  A0           3.53027e-01     fixed    
   4  phi          4.11931e+00     fixed    
   5  R           -5.91013e+01   constant   
   6  alpha_CBO   -1.01975e-03     fixed    
   7  w_CBO        2.32500e+00   constant   
   8  beta_CBO    -3.13721e-03     fixed    
   9  alpha_2CBO   2.13226e-04     fixed    
  10  beta_2CBO   -2.65230e-04     fixed    
  11  alpha_y      2.17712e-04     fixed    
  12  w_y          1.44500e+01   constant   
  13  beta_y      -7.28069e-04   3.84527e-04   0.00000e+00   5.37676e+02
  14  alpha_vw     0.00000e+00   1.00000e-03   0.00000e+00  -7.68435e+03
  15  w_vw         1.29000e+01   constant   
  16  beta_vw      0.00000e+00     fixed    
  17  LM           5.89621e-04   constant   
  18  zeta_y       0.00000e+00   constant   
  19  zeta_vw      0.00000e+00   constant   
  20  T_CBO        9.96867e+02   7.08178e+02  -1.00276e-01  -6.52691e-05
  21  alpha_A0    -7.49418e-04   1.93585e-03   0.00000e+00   3.21199e-01
  22  beta_A0      2.92963e-03   1.81181e-03   0.00000e+00  -1.34510e+00
  23  alpha_phi    7.52180e-04   1.64293e-03   0.00000e+00  -2.70593e-01
  24  beta_phi     7.23091e-04   1.77891e-03   0.00000e+00  -3.03195e-01
 MIGRAD MINIMIZATION HAS CONVERGED.
 MIGRAD WILL VERIFY CONVERGENCE AND ERROR MATRIX.
 COVARIANCE MATRIX CALCULATED SUCCESSFULLY
 FCN=66.7113 FROM MIGRAD    STATUS=CONVERGED     177 CALLS        2479 TOTAL
                     EDM=4.77589e-06    STRATEGY= 1      ERROR MATRIX ACCURATE 
  EXT PARAMETER                                   STEP         FIRST   
  NO.   NAME      VALUE            ERROR          SIZE      DERIVATIVE 
   1  N0           2.97049e+06     fixed    
   2  tau          6.44201e+01   constant   
   3  A0           3.53027e-01     fixed    
   4  phi          4.11931e+00     fixed    
   5  R           -5.91013e+01   constant   
   6  alpha_CBO   -1.01975e-03     fixed    
   7  w_CBO        2.32500e+00   constant   
   8  beta_CBO    -3.13721e-03     fixed    
   9  alpha_2CBO   2.13226e-04     fixed    
  10  beta_2CBO   -2.65230e-04     fixed    
  11  alpha_y      2.17712e-04     fixed    
  12  w_y          1.44500e+01   constant   
  13  beta_y      -7.35808e-04   3.81139e-04   1.52836e-06  -2.20569e+00
  14  alpha_vw     5.54476e-04   3.80629e-04   1.52572e-06   3.39603e-01
  15  w_vw         1.29000e+01   constant   
  16  beta_vw      0.00000e+00     fixed    
  17  LM           5.89621e-04   constant   
  18  zeta_y       0.00000e+00   constant   
  19  zeta_vw      0.00000e+00   constant   
  20  T_CBO        9.98245e+02   9.32870e+02   1.48256e-01   2.72402e-05
  21  alpha_A0    -6.90016e-04   1.92021e-03   7.64046e-06   3.44352e-01
  22  beta_A0      2.98420e-03   1.81672e-03   7.22055e-06  -3.32342e-01
  23  alpha_phi    7.28770e-04   1.64366e-03   6.53807e-06  -1.18699e+00
  24  beta_phi     6.46208e-04   1.75885e-03   6.99627e-06  -7.42903e-01
 EXTERNAL ERROR MATRIX.    NDIM=  25    NPAR=  7    ERR DEF=1
  1.453e-07  8.191e-09 -4.033e-05 -1.354e-08  3.007e-09  2.200e-09 -1.231e-08 
  8.191e-09  1.449e-07 -2.165e-05  1.434e-08  1.424e-08 -5.454e-09 -2.057e-08 
 -4.033e-05 -2.165e-05  4.000e+06  7.800e-02 -3.272e-01 -8.705e-02 -6.705e-02 
 -1.354e-08  1.434e-08  7.800e-02  3.687e-06  1.535e-07 -2.653e-07 -3.501e-07 
  3.007e-09  1.424e-08 -3.272e-01  1.535e-07  3.300e-06 -2.649e-07 -1.914e-07 
  2.200e-09 -5.454e-09 -8.705e-02 -2.653e-07 -2.649e-07  2.702e-06  2.190e-07 
 -1.231e-08 -2.057e-08 -6.705e-02 -3.501e-07 -1.914e-07  2.190e-07  3.094e-06 
 PARAMETER  CORRELATION COEFFICIENTS  
       NO.  GLOBAL     13     14     20     21     22     23     24
       13  0.06284   1.000  0.056 -0.000 -0.019  0.004  0.004 -0.018
       14  0.06870   0.056  1.000 -0.000  0.020  0.021 -0.009 -0.031
       20  0.10089  -0.000 -0.000  1.000  0.020 -0.090 -0.026 -0.019
       21  0.13653  -0.019  0.020  0.020  1.000  0.044 -0.084 -0.104
       22  0.14439   0.004  0.021 -0.090  0.044  1.000 -0.089 -0.060
       23  0.13874   0.004 -0.009 -0.026 -0.084 -0.089  1.000  0.076
       24  0.13872  -0.018 -0.031 -0.019 -0.104 -0.060  0.076  1.000
MINUIT - FIT ALTOGETHER
 **********
 **   83 **RES 
 **********
