 + ++++++++++++++++++++++++++++++++++++++++++++++++++++++++++++++++++++ +
 +                                                                      +
 +           You have chose to blind your fitting according to          +
 +                omega_ref * (1 + (R +/- deltaR) *10^{-6})             +
 +                                                                      +
 + ++++++++++++++++++++++++++++++++++++++++++++++++++++++++++++++++++++ +
In main()...
reading format from /gm2data/zkhechad/run45/envelope/formats/formatB_sBin_constraintOn.txt
pBinTau 	= 0  
pBinPhi 	= 0  
constraintau 	= 1 
includeMopTerm 	= 0    
constrainMop    = 0   
Parameters after format file: pBinTau 0 pBinPhi 0 constraintau 1 includeMopTerm 0 constrainMop 0 c_e_scale 0.000000 
Opening file /gm2data/tbarrett/gm2fr/studies/run23_bunch_corrections/CorrectedFourier_Run3b.root.
reading full fit data from /gm2data/zkhechad/cboTemplates/Run4CBOTemplates/templateFits0_v2.0/noRF/sBin_constraintOn_cE0.0_seed0_noRF_calo9.root
windowBins = 17
fitting sliding window 486 from bin 622 at 92.653200 to bin 639 at 95.338800 (17 bins)

Reading data from /gm2data/cornell/histograms/aMethod/histogram_a_noRF.root
 **********
 **    1 **SET PRINTOUT            1
 **********
 **********
 **    2 **SET NOWARNINGS 
 **********
 PARAMETER DEFINITIONS:
    NO.   NAME         VALUE      STEP SIZE      LIMITS
     1 N0           2.88203e+06  1.00000e+02     no limits
     2 tau          6.44101e+01  constant
     3 A0           3.51419e-01  1.00000e-04     no limits
     4 phi          4.11705e+00  1.00000e-02     no limits
     5 R           -5.98037e+01  constant
     6 alpha_CBO    0.00000e+00  1.00000e-03     no limits
     7 w_CBO        2.32500e+00  constant
     8 beta_CBO     0.00000e+00  1.00000e-03     no limits
     9 alpha_2CBO   0.00000e+00  1.00000e-03     no limits
    10 beta_2CBO    0.00000e+00  1.00000e-03     no limits
    11 alpha_y      0.00000e+00  1.00000e-03     no limits
    12 w_y          1.44500e+01  constant
    13 beta_y       0.00000e+00  1.00000e-03     no limits
    14 alpha_vw     0.00000e+00  1.00000e-03     no limits
    15 w_vw         1.29000e+01  constant
    16 beta_vw      0.00000e+00  1.00000e-03     no limits
    17 LM           1.43880e-04  constant
    18 zeta_y       0.00000e+00  constant
    19 zeta_vw      0.00000e+00  constant
    20 T_CBO        1.00000e+02  1.00000e+00    0.00000e+00  1.00000e+03
    21 alpha_A0     0.00000e+00  1.00000e-03     no limits
    22 beta_A0      0.00000e+00  1.00000e-03     no limits
    23 alpha_phi    0.00000e+00  1.00000e-03     no limits
    24 beta_phi     0.00000e+00  1.00000e-03     no limits
MINUIT - FIT ONLY WIGGLE
 **********
 **    3 **FIX            5
 **********
 PARAMETER    5  IS CONSTANT.   IGNORED.
 **********
 **    4 **FIX            6
 **********
 **********
 **    5 **FIX            7
 **********
 PARAMETER    7  IS CONSTANT.   IGNORED.
 **********
 **    6 **FIX            8
 **********
 **********
 **    7 **FIX            9
 **********
 **********
 **    8 **FIX           10
 **********
 **********
 **    9 **FIX           11
 **********
 **********
 **   10 **FIX           12
 **********
 PARAMETER   12  IS CONSTANT.   IGNORED.
 **********
 **   11 **FIX           13
 **********
 **********
 **   12 **FIX           14
 **********
 **********
 **   13 **FIX           15
 **********
 PARAMETER   15  IS CONSTANT.   IGNORED.
 **********
 **   14 **FIX           16
 **********
 **********
 **   15 **MIGRAD
 **********
 FIRST CALL TO USER FUNCTION AT NEW START POINT, WITH IFLAG=4.
 START MIGRAD MINIMIZATION.  STRATEGY  1.  CONVERGENCE WHEN EDM .LT. 1.00e-04
 FCN=782.148 FROM MIGRAD    STATUS=INITIATE      437 CALLS         438 TOTAL
                     EDM= unknown      STRATEGY= 1      NO ERROR MATRIX       
  EXT PARAMETER               CURRENT GUESS       STEP         FIRST   
  NO.   NAME      VALUE            ERROR          SIZE      DERIVATIVE 
   1  N0           2.88203e+06   1.00000e+02   0.00000e+00  -3.11097e-02
   2  tau          6.44101e+01   constant   
   3  A0           3.51419e-01   1.00000e-04   0.00000e+00  -1.82031e+05
   4  phi          4.11705e+00   1.00000e-02   0.00000e+00  -2.69138e+04
   5  R           -5.98037e+01   constant   
   6  alpha_CBO    0.00000e+00     fixed    
   7  w_CBO        2.32500e+00   constant   
   8  beta_CBO     0.00000e+00     fixed    
   9  alpha_2CBO   0.00000e+00     fixed    
  10  beta_2CBO    0.00000e+00     fixed    
  11  alpha_y      0.00000e+00     fixed    
  12  w_y          1.44500e+01   constant   
  13  beta_y       0.00000e+00     fixed    
  14  alpha_vw     0.00000e+00     fixed    
  15  w_vw         1.29000e+01   constant   
  16  beta_vw      0.00000e+00     fixed    
  17  LM           1.43880e-04   constant   
  18  zeta_y       0.00000e+00   constant   
  19  zeta_vw      0.00000e+00   constant   
  20  T_CBO        1.00000e+02   1.00000e+00   0.00000e+00   0.00000e+00
  21  alpha_A0     0.00000e+00   1.00000e-03   0.00000e+00   1.11705e+04
  22  beta_A0      0.00000e+00   1.00000e-03   0.00000e+00  -7.59518e+03
  23  alpha_phi    0.00000e+00   1.00000e-03   0.00000e+00  -8.27959e+03
  24  beta_phi     0.00000e+00   1.00000e-03   0.00000e+00  -1.95908e+02
 CALL LIMIT EXCEEDED IN MIGRAD.
 MIGRAD TERMINATED WITHOUT CONVERGENCE.
 FCN=9.19112 FROM MIGRAD    STATUS=CALL LIMIT   1323 CALLS        1324 TOTAL
                     EDM=0.00765714    STRATEGY= 1  ERROR MATRIX UNCERTAINTY   9.9 per cent
  EXT PARAMETER                APPROXIMATE        STEP         FIRST   
  NO.   NAME      VALUE            ERROR          SIZE      DERIVATIVE 
   1  N0           2.85043e+06   1.77904e+04  -7.30123e+02  -5.56082e-05
   2  tau          6.44101e+01   constant   
   3  A0           3.72217e-01   5.18290e-03  -3.42436e-04  -2.98570e+02
   4  phi          4.16458e+00   6.81731e-03  -1.53426e-04  -3.13105e+01
   5  R           -5.98037e+01   constant   
   6  alpha_CBO    0.00000e+00     fixed    
   7  w_CBO        2.32500e+00   constant   
   8  beta_CBO     0.00000e+00     fixed    
   9  alpha_2CBO   0.00000e+00     fixed    
  10  beta_2CBO    0.00000e+00     fixed    
  11  alpha_y      0.00000e+00     fixed    
  12  w_y          1.44500e+01   constant   
  13  beta_y       0.00000e+00     fixed    
  14  alpha_vw     0.00000e+00     fixed    
  15  w_vw         1.29000e+01   constant   
  16  beta_vw      0.00000e+00     fixed    
  17  LM           1.43880e-04   constant   
  18  zeta_y       0.00000e+00   constant   
  19  zeta_vw      0.00000e+00   constant   
  20  T_CBO        7.81315e+01   5.83003e+00  -1.08552e-03   1.45572e+01
  21  alpha_A0     2.52871e-01   5.18416e-02   4.93979e-04   3.02825e+01
  22  beta_A0     -4.92543e-03   1.10146e-01   5.74816e-03  -9.66968e+00
  23  alpha_phi    2.46188e-02   1.21356e-01   6.34157e-03  -1.37759e+01
  24  beta_phi    -2.74196e-01   5.15723e-02  -2.98949e-04   1.38150e+01
 EXTERNAL ERROR MATRIX.    NDIM=  25    NPAR=  8    ERR DEF=1
  3.165e+08  7.893e+01 -7.901e+01  1.006e+05 -7.918e+02 -1.926e+03 -2.125e+03  7.937e+02 
  7.893e+01  2.686e-05 -8.522e-06  2.541e-02 -1.337e-04 -5.332e-04 -5.868e-04  1.374e-04 
 -7.901e+01 -8.522e-06  4.648e-05 -2.629e-02  3.293e-04  4.093e-04  4.408e-04 -3.290e-04 
  1.006e+05  2.541e-02 -2.629e-02  3.399e+01 -2.608e-01 -6.193e-01 -6.790e-01  2.601e-01 
 -7.918e+02 -1.337e-04  3.293e-04 -2.608e-01  2.688e-03  4.396e-03  4.811e-03 -2.664e-03 
 -1.926e+03 -5.332e-04  4.093e-04 -6.193e-01  4.396e-03  1.213e-02  1.335e-02 -4.437e-03 
 -2.125e+03 -5.868e-04  4.408e-04 -6.790e-01  4.811e-03  1.335e-02  1.473e-02 -4.847e-03 
  7.937e+02  1.374e-04 -3.290e-04  2.601e-01 -2.664e-03 -4.437e-03 -4.847e-03  2.660e-03 
ERR MATRIX APPROXIMATE
 PARAMETER  CORRELATION COEFFICIENTS  
       NO.  GLOBAL      1      3      4     20     21     22     23     24
        1  0.99966   1.000  0.856 -0.651  0.970 -0.859 -0.983 -0.984  0.865
        3  0.99963   0.856  1.000 -0.241  0.841 -0.497 -0.934 -0.933  0.514
        4  0.99839  -0.651 -0.241  1.000 -0.661  0.932  0.545  0.533 -0.936
       20  0.99752   0.970  0.841 -0.661  1.000 -0.863 -0.964 -0.960  0.865
       21  0.99922  -0.859 -0.497  0.932 -0.863  1.000  0.770  0.765 -0.996
       22  0.99990  -0.983 -0.934  0.545 -0.964  0.770  1.000  0.999 -0.781
       23  0.99980  -0.984 -0.933  0.533 -0.960  0.765  0.999  1.000 -0.775
       24  0.99953   0.865  0.514 -0.936  0.865 -0.996 -0.781 -0.775  1.000
 ERR MATRIX APPROXIMATE
MINUIT - FIT ONLY 1-CBO + wiggle
 **********
 **   16 **RES 
 **********
                   PARAMETER   16  beta_vw RESTORED TO VARIABLE.
                   PARAMETER   14  alpha_vw RESTORED TO VARIABLE.
                   PARAMETER   13  beta_y RESTORED TO VARIABLE.
                   PARAMETER   11  alpha_y RESTORED TO VARIABLE.
                   PARAMETER   10  beta_2CBO RESTORED TO VARIABLE.
                   PARAMETER    9  alpha_2CBO RESTORED TO VARIABLE.
                   PARAMETER    8  beta_CBO RESTORED TO VARIABLE.
                   PARAMETER    6  alpha_CBO RESTORED TO VARIABLE.
 **********
 **   17 **FIX            8
 **********
 **********
 **   18 **FIX            9
 **********
 **********
 **   19 **FIX           11
 **********
 **********
 **   20 **FIX           12
 **********
 PARAMETER   12  IS CONSTANT.   IGNORED.
 **********
 **   21 **FIX           14
 **********
 **********
 **   22 **FIX           15
 **********
 PARAMETER   15  IS CONSTANT.   IGNORED.
 **********
 **   23 **FIX           16
 **********
 **********
 **   24 **MIGRAD
 **********
 START MIGRAD MINIMIZATION.  STRATEGY  1.  CONVERGENCE WHEN EDM .LT. 1.00e-04
 FCN=9.19112 FROM MIGRAD    STATUS=INITIATE       28 CALLS        1352 TOTAL
                     EDM= unknown      STRATEGY= 1      NO ERROR MATRIX       
  EXT PARAMETER               CURRENT GUESS       STEP         FIRST   
  NO.   NAME      VALUE            ERROR          SIZE      DERIVATIVE 
   1  N0           2.85043e+06   1.77904e+04  -7.30123e+02  -5.56082e-05
   2  tau          6.44101e+01   constant   
   3  A0           3.72217e-01   5.18290e-03  -3.42436e-04  -2.98570e+02
   4  phi          4.16458e+00   6.81731e-03  -1.53426e-04  -3.13105e+01
   5  R           -5.98037e+01   constant   
   6  alpha_CBO    0.00000e+00   1.00000e-03   1.00000e-03  -3.67396e+02
   7  w_CBO        2.32500e+00   constant   
   8  beta_CBO     0.00000e+00     fixed    
   9  alpha_2CBO   0.00000e+00     fixed    
  10  beta_2CBO    0.00000e+00   1.00000e-03   1.00000e-03   2.88300e+02
  11  alpha_y      0.00000e+00     fixed    
  12  w_y          1.44500e+01   constant   
  13  beta_y       0.00000e+00   1.00000e-03   1.00000e-03  -1.02583e+04
  14  alpha_vw     0.00000e+00     fixed    
  15  w_vw         1.29000e+01   constant   
  16  beta_vw      0.00000e+00     fixed    
  17  LM           1.43880e-04   constant   
  18  zeta_y       0.00000e+00   constant   
  19  zeta_vw      0.00000e+00   constant   
  20  T_CBO        7.81315e+01   5.83003e+00  -1.08552e-03   1.45572e+01
  21  alpha_A0     2.52871e-01   5.18416e-02   4.93979e-04   3.02825e+01
  22  beta_A0     -4.92543e-03   1.10146e-01   5.74816e-03  -9.66968e+00
  23  alpha_phi    2.46188e-02   1.21356e-01   6.34157e-03  -1.37759e+01
  24  beta_phi    -2.74196e-01   5.15723e-02  -2.98949e-04   1.38150e+01
 MIGRAD MINIMIZATION HAS CONVERGED.
 MIGRAD WILL VERIFY CONVERGENCE AND ERROR MATRIX.
 FCN=6.49866 FROM MIGRAD    STATUS=CONVERGED    1063 CALLS        2387 TOTAL
                     EDM=6.444e-06    STRATEGY= 1      ERR MATRIX NOT POS-DEF
  EXT PARAMETER                APPROXIMATE        STEP         FIRST   
  NO.   NAME      VALUE            ERROR          SIZE      DERIVATIVE 
   1  N0           2.85128e+06   4.60843e+03   1.35960e+00  -1.96646e-06
   2  tau          6.44101e+01   constant   
   3  A0           3.94956e-01   3.04398e-03   3.81063e-07  -8.27560e+00
   4  phi          4.20035e+00   5.83018e-03   2.00288e-06  -1.41415e+00
   5  R           -5.98037e+01   constant   
   6  alpha_CBO   -1.42401e-02   2.49513e-03   3.13356e-07  -1.19628e+01
   7  w_CBO        2.32500e+00   constant   
   8  beta_CBO     0.00000e+00     fixed    
   9  alpha_2CBO   0.00000e+00     fixed    
  10  beta_2CBO    1.37567e-03   7.32263e-04   3.14577e-07   1.40574e+00
  11  alpha_y      0.00000e+00     fixed    
  12  w_y          1.44500e+01   constant   
  13  beta_y       4.18136e-04   2.46887e-04   3.15400e-07  -1.52674e-01
  14  alpha_vw     0.00000e+00     fixed    
  15  w_vw         1.29000e+01   constant   
  16  beta_vw      0.00000e+00     fixed    
  17  LM           1.43880e-04   constant   
  18  zeta_y       0.00000e+00   constant   
  19  zeta_vw      0.00000e+00   constant   
  20  T_CBO        8.87713e+01   6.12144e+00   2.22823e-06   7.41056e-01
  21  alpha_A0     2.69996e-01   2.63707e-02   3.26845e-06   5.57968e-01
  22  beta_A0     -1.01665e-01   2.41440e-02   3.49726e-06  -1.98610e-01
  23  alpha_phi    7.94618e-03   2.71782e-02   3.77124e-06  -6.60568e-01
  24  beta_phi    -3.68604e-01   2.63690e-02   3.87773e-06  -1.37382e-01
 EXTERNAL ERROR MATRIX.    NDIM=  25    NPAR= 11    ERR DEF=1
  2.124e+07 
  1.483e+00  9.266e-06 
 -1.168e+01  1.138e-05  3.399e-05 
 -7.072e-01 -4.589e-06 -3.869e-06  6.226e-06 
  5.782e-01  4.499e-07 -1.099e-06 -1.134e-06  5.362e-07 
  7.931e-03  2.204e-08  6.873e-08 -7.984e-08 -1.119e-08  6.095e-08 
 -4.442e+03  5.033e-03  1.478e-02  9.012e-04 -8.561e-04 -4.524e-05  3.748e+01 
 -4.442e+01  7.205e-06  6.934e-05  2.828e-05 -1.074e-05 -2.767e-07 -4.461e-02  6.954e-04 
 -9.013e+01 -3.678e-05  3.133e-05  1.772e-05 -6.420e-06  1.759e-07  4.287e-02  8.018e-05  5.829e-04 
 -9.025e+01 -1.915e-05  1.654e-05 -2.660e-05  5.571e-06  5.517e-07 -2.166e-02 -1.118e-04  4.266e-04  7.387e-04 
  2.704e+01 -2.657e-05 -5.835e-05  1.435e-05 -1.449e-06  5.928e-08  1.028e-01 -4.855e-04  1.219e-04 -9.561e-05  6.953e-04 
ERR MATRIX NOT POS-DEF
 PARAMETER  CORRELATION COEFFICIENTS  
       NO.  GLOBAL      1      3      4      6     10     13     20     21     22     23     24
        1  0.99440   1.000  0.106 -0.435 -0.061  0.171  0.007 -0.157 -0.365 -0.810 -0.721  0.223
        3  0.99563   0.106  1.000  0.641 -0.604  0.202  0.029  0.270  0.090 -0.500 -0.231 -0.331
        4  0.99429  -0.435  0.641  1.000 -0.266 -0.257  0.048  0.414  0.451  0.223  0.104 -0.380
        6  0.99560  -0.061 -0.604 -0.266  1.000 -0.621 -0.130  0.059  0.430  0.294 -0.392  0.218
       10  0.94719   0.171  0.202 -0.257 -0.621  1.000 -0.062 -0.191 -0.556 -0.363  0.280 -0.075
       13  0.30123   0.007  0.029  0.048 -0.130 -0.062  1.000 -0.030 -0.042  0.030  0.082  0.009
       20  0.99700  -0.157  0.270  0.414  0.059 -0.191 -0.030  1.000 -0.276  0.290 -0.130  0.637
       21  0.99570  -0.365  0.090  0.451  0.430 -0.556 -0.042 -0.276  1.000  0.126 -0.156 -0.698
       22  0.99412  -0.810 -0.500  0.223  0.294 -0.363  0.030  0.290  0.126  1.000  0.650  0.192
       23  0.99461  -0.721 -0.231  0.104 -0.392  0.280  0.082 -0.130 -0.156  0.650  1.000 -0.133
       24  0.99395   0.223 -0.331 -0.380  0.218 -0.075  0.009  0.637 -0.698  0.192 -0.133  1.000
 ERR MATRIX NOT POS-DEF
MINUIT - FIT ONLY 2-CBO
 **********
 **   25 **RES 
 **********
                   PARAMETER   16  beta_vw RESTORED TO VARIABLE.
                   PARAMETER   14  alpha_vw RESTORED TO VARIABLE.
                   PARAMETER   11  alpha_y RESTORED TO VARIABLE.
                   PARAMETER    9  alpha_2CBO RESTORED TO VARIABLE.
                   PARAMETER    8  beta_CBO RESTORED TO VARIABLE.
 **********
 **   26 **FIX            0
 **********
 PARAMETER    0  IS UNDEFINED. IGNORED.
 **********
 **   27 **FIX            1
 **********
 **********
 **   28 **FIX            2
 **********
 PARAMETER    2  IS CONSTANT.   IGNORED.
 **********
 **   29 **FIX            3
 **********
 **********
 **   30 **FIX            4
 **********
 **********
 **   31 **FIX            5
 **********
 PARAMETER    5  IS CONSTANT.   IGNORED.
 **********
 **   32 **FIX            6
 **********
 **********
 **   33 **FIX            7
 **********
 PARAMETER    7  IS CONSTANT.   IGNORED.
 **********
 **   34 **FIX           10
 **********
 **********
 **   35 **FIX           11
 **********
 **********
 **   36 **FIX           12
 **********
 PARAMETER   12  IS CONSTANT.   IGNORED.
 **********
 **   37 **FIX           13
 **********
 **********
 **   38 **FIX           14
 **********
 **********
 **   39 **FIX           15
 **********
 PARAMETER   15  IS CONSTANT.   IGNORED.
 **********
 **   40 **FIX           16
 **********
 **********
 **   41 **MIGRAD
 **********
 START MIGRAD MINIMIZATION.  STRATEGY  1.  CONVERGENCE WHEN EDM .LT. 1.00e-04
 FCN=6.49866 FROM MIGRAD    STATUS=INITIATE       18 CALLS        2405 TOTAL
                     EDM= unknown      STRATEGY= 1      NO ERROR MATRIX       
  EXT PARAMETER               CURRENT GUESS       STEP         FIRST   
  NO.   NAME      VALUE            ERROR          SIZE      DERIVATIVE 
   1  N0           2.85128e+06     fixed    
   2  tau          6.44101e+01   constant   
   3  A0           3.94956e-01     fixed    
   4  phi          4.20035e+00     fixed    
   5  R           -5.98037e+01   constant   
   6  alpha_CBO   -1.42401e-02     fixed    
   7  w_CBO        2.32500e+00   constant   
   8  beta_CBO     0.00000e+00   1.00000e-03   1.00000e-03   1.01426e+00
   9  alpha_2CBO   0.00000e+00   1.00000e-03   1.00000e-03  -9.39129e+00
  10  beta_2CBO    1.37567e-03     fixed    
  11  alpha_y      0.00000e+00     fixed    
  12  w_y          1.44500e+01   constant   
  13  beta_y       4.18136e-04     fixed    
  14  alpha_vw     0.00000e+00     fixed    
  15  w_vw         1.29000e+01   constant   
  16  beta_vw      0.00000e+00     fixed    
  17  LM           1.43880e-04   constant   
  18  zeta_y       0.00000e+00   constant   
  19  zeta_vw      0.00000e+00   constant   
  20  T_CBO        8.87713e+01   6.12144e+00   2.22823e-06   7.41040e-01
  21  alpha_A0     2.69996e-01   2.63707e-02   3.26845e-06   5.57971e-01
  22  beta_A0     -1.01665e-01   2.41440e-02   3.49726e-06  -1.98633e-01
  23  alpha_phi    7.94618e-03   2.71782e-02   3.77124e-06  -6.60567e-01
  24  beta_phi    -3.68604e-01   2.63690e-02   3.87773e-06  -1.37382e-01
 MIGRAD MINIMIZATION HAS CONVERGED.
 MIGRAD WILL VERIFY CONVERGENCE AND ERROR MATRIX.
 FCN=6.49866 FROM MIGRAD    STATUS=CONVERGED      83 CALLS        2470 TOTAL
                     EDM=8.10758e-06    STRATEGY= 1      ERR MATRIX NOT POS-DEF
  EXT PARAMETER                APPROXIMATE        STEP         FIRST   
  NO.   NAME      VALUE            ERROR          SIZE      DERIVATIVE 
   1  N0           2.85128e+06     fixed    
   2  tau          6.44101e+01   constant   
   3  A0           3.94956e-01     fixed    
   4  phi          4.20035e+00     fixed    
   5  R           -5.98037e+01   constant   
   6  alpha_CBO   -1.42401e-02     fixed    
   7  w_CBO        2.32500e+00   constant   
   8  beta_CBO    -3.16704e-08   1.00726e-03   3.34141e-07   2.16036e+00
   9  alpha_2CBO   2.90686e-07   7.46623e-04   3.32680e-07   5.84025e-01
  10  beta_2CBO    1.37567e-03     fixed    
  11  alpha_y      0.00000e+00     fixed    
  12  w_y          1.44500e+01   constant   
  13  beta_y       4.18136e-04     fixed    
  14  alpha_vw     0.00000e+00     fixed    
  15  w_vw         1.29000e+01   constant   
  16  beta_vw      0.00000e+00     fixed    
  17  LM           1.43880e-04   constant   
  18  zeta_y       0.00000e+00   constant   
  19  zeta_vw      0.00000e+00   constant   
  20  T_CBO        8.87710e+01   7.02973e+00   2.23038e-06  -2.20382e-01
  21  alpha_A0     2.69995e-01   2.28179e-02   3.27187e-06   1.40513e-01
  22  beta_A0     -1.01665e-01   1.34059e-02   3.50131e-06  -2.70524e-01
  23  alpha_phi    7.94881e-03   7.10974e-03   3.77459e-06   1.59432e-02
  24  beta_phi    -3.68604e-01   3.16994e-02   3.88092e-06   3.66468e-01
 EXTERNAL ERROR MATRIX.    NDIM=  25    NPAR=  7    ERR DEF=1
  1.015e-06  6.660e-07  3.458e-04 -4.190e-06  1.019e-05 -6.237e-06 -6.957e-06 
  6.660e-07  5.574e-07  4.554e-05 -2.464e-06  6.935e-06 -4.679e-06 -5.876e-06 
  3.458e-04  4.554e-05  4.943e+01 -1.578e-01  6.163e-02 -5.074e-03  2.136e-01 
 -4.190e-06 -2.464e-06 -1.578e-01  5.207e-04 -2.284e-04  3.464e-05 -6.550e-04 
  1.019e-05  6.935e-06  6.163e-02 -2.284e-04  1.797e-04 -6.765e-05  1.827e-04 
 -6.237e-06 -4.679e-06 -5.074e-03  3.464e-05 -6.765e-05  5.055e-05  3.449e-05 
 -6.957e-06 -5.876e-06  2.136e-01 -6.550e-04  1.827e-04  3.449e-05  1.005e-03 
ERR MATRIX NOT POS-DEF
 PARAMETER  CORRELATION COEFFICIENTS  
       NO.  GLOBAL      8      9     20     21     22     23     24
        8  0.96881   1.000  0.886  0.049 -0.182  0.755 -0.871 -0.218
        9  0.94298   0.886  1.000  0.009 -0.145  0.693 -0.881 -0.248
       20  0.99773   0.049  0.009  1.000 -0.984  0.654 -0.102  0.958
       21  0.99425  -0.182 -0.145 -0.984  1.000 -0.747  0.213 -0.906
       22  0.98078   0.755  0.693  0.654 -0.747  1.000 -0.710  0.430
       23  0.91800  -0.871 -0.881 -0.102  0.213 -0.710  1.000  0.153
       24  0.99581  -0.218 -0.248  0.958 -0.906  0.430  0.153  1.000
 ERR MATRIX NOT POS-DEF
MINUIT - FIT wiggle + 1-CBO + 2-CBO
 **********
 **   42 **RES 
 **********
                   PARAMETER   16  beta_vw RESTORED TO VARIABLE.
                   PARAMETER   14  alpha_vw RESTORED TO VARIABLE.
                   PARAMETER   13  beta_y RESTORED TO VARIABLE.
                   PARAMETER   11  alpha_y RESTORED TO VARIABLE.
                   PARAMETER   10  beta_2CBO RESTORED TO VARIABLE.
                   PARAMETER    6  alpha_CBO RESTORED TO VARIABLE.
                   PARAMETER    4  phi RESTORED TO VARIABLE.
                   PARAMETER    3  A0 RESTORED TO VARIABLE.
                   PARAMETER    1  N0 RESTORED TO VARIABLE.
 **********
 **   43 **FIX           10
 **********
 **********
 **   44 **FIX           11
 **********
 **********
 **   45 **FIX           12
 **********
 PARAMETER   12  IS CONSTANT.   IGNORED.
 **********
 **   46 **FIX           13
 **********
 **********
 **   47 **FIX           14
 **********
 **********
 **   48 **FIX           15
 **********
 PARAMETER   15  IS CONSTANT.   IGNORED.
 **********
 **   49 **FIX           16
 **********
 **********
 **   50 **MIGRAD
 **********
 START MIGRAD MINIMIZATION.  STRATEGY  1.  CONVERGENCE WHEN EDM .LT. 1.00e-04
 FCN=6.49866 FROM MIGRAD    STATUS=INITIATE       22 CALLS        2492 TOTAL
                     EDM= unknown      STRATEGY= 1      NO ERROR MATRIX       
  EXT PARAMETER               CURRENT GUESS       STEP         FIRST   
  NO.   NAME      VALUE            ERROR          SIZE      DERIVATIVE 
   1  N0           2.85128e+06   4.60843e+03   4.60843e+03  -8.28781e-07
   2  tau          6.44101e+01   constant   
   3  A0           3.94956e-01   3.04398e-03   3.04398e-03  -8.68854e-02
   4  phi          4.20035e+00   5.83018e-03   5.83018e-03   4.76822e-01
   5  R           -5.98037e+01   constant   
   6  alpha_CBO   -1.42401e-02   2.49513e-03   2.49513e-03  -1.22009e-01
   7  w_CBO        2.32500e+00   constant   
   8  beta_CBO    -3.16704e-08   1.00726e-03   3.34141e-07   2.16037e+00
   9  alpha_2CBO   2.90686e-07   7.46623e-04   3.32680e-07   5.84034e-01
  10  beta_2CBO    1.37567e-03     fixed    
  11  alpha_y      0.00000e+00     fixed    
  12  w_y          1.44500e+01   constant   
  13  beta_y       4.18136e-04     fixed    
  14  alpha_vw     0.00000e+00     fixed    
  15  w_vw         1.29000e+01   constant   
  16  beta_vw      0.00000e+00     fixed    
  17  LM           1.43880e-04   constant   
  18  zeta_y       0.00000e+00   constant   
  19  zeta_vw      0.00000e+00   constant   
  20  T_CBO        8.87710e+01   7.02973e+00   2.23038e-06  -2.20415e-01
  21  alpha_A0     2.69995e-01   2.28179e-02   3.27187e-06   1.40535e-01
  22  beta_A0     -1.01665e-01   1.34059e-02   3.50131e-06  -2.70532e-01
  23  alpha_phi    7.94881e-03   7.10974e-03   3.77459e-06   1.59439e-02
  24  beta_phi    -3.68604e-01   3.16994e-02   3.88092e-06   3.66469e-01
 MIGRAD MINIMIZATION HAS CONVERGED.
 MIGRAD WILL VERIFY CONVERGENCE AND ERROR MATRIX.
 FCN=6.49866 FROM MIGRAD    STATUS=CONVERGED     146 CALLS        2616 TOTAL
                     EDM=1.49368e-05    STRATEGY= 1      ERR MATRIX NOT POS-DEF
  EXT PARAMETER                APPROXIMATE        STEP         FIRST   
  NO.   NAME      VALUE            ERROR          SIZE      DERIVATIVE 
   1  N0           2.85128e+06   5.56278e+03   1.35960e+00   4.37125e-07
   2  tau          6.44101e+01   constant   
   3  A0           3.94956e-01   3.63003e-03   3.80997e-07   7.27234e-01
   4  phi          4.20035e+00   8.12093e-03   2.00288e-06  -8.47809e-01
   5  R           -5.98037e+01   constant   
   6  alpha_CBO   -1.42401e-02   2.07146e-03   3.13360e-07  -5.67628e-01
   7  w_CBO        2.32500e+00   constant   
   8  beta_CBO    -6.25494e-08   2.06695e-03   3.34141e-07  -1.01631e+00
   9  alpha_2CBO   2.82411e-07   8.75777e-04   3.32680e-07  -8.30139e-01
  10  beta_2CBO    1.37567e-03     fixed    
  11  alpha_y      0.00000e+00     fixed    
  12  w_y          1.44500e+01   constant   
  13  beta_y       4.18136e-04     fixed    
  14  alpha_vw     0.00000e+00     fixed    
  15  w_vw         1.29000e+01   constant   
  16  beta_vw      0.00000e+00     fixed    
  17  LM           1.43880e-04   constant   
  18  zeta_y       0.00000e+00   constant   
  19  zeta_vw      0.00000e+00   constant   
  20  T_CBO        8.87711e+01   6.13277e+00   2.23040e-06   1.17888e-01
  21  alpha_A0     2.69995e-01   2.48346e-02   3.27193e-06   1.97907e-01
  22  beta_A0     -1.01664e-01   2.58219e-02   3.50132e-06  -4.03223e-02
  23  alpha_phi    7.94878e-03   2.66063e-02   3.77460e-06   8.84670e-02
  24  beta_phi    -3.68605e-01   2.75075e-02   3.88093e-06   7.49683e-02
 EXTERNAL ERROR MATRIX.    NDIM=  25    NPAR= 11    ERR DEF=1
  3.094e+07 
 -5.555e+00  1.318e-05 
  7.815e+00  9.456e-07  6.595e-05 
  1.818e-01 -3.164e-06 -5.851e-06  4.291e-06 
 -5.492e+00  3.218e-06 -1.119e-05 -7.126e-07  4.272e-06 
  4.341e-01 -4.933e-07 -2.723e-07 -6.971e-07  7.689e-07  7.670e-07 
 -4.134e+03  6.557e-03  1.320e-02 -1.892e-04 -8.417e-04 -9.338e-04  3.762e+01 
 -2.543e+01  1.463e-05  7.477e-05  1.347e-05 -1.719e-05 -9.600e-06 -5.187e-02  6.168e-04 
 -7.833e+01 -3.803e-05  1.208e-05 -5.804e-06  1.170e-05  1.103e-05  1.929e-02 -1.884e-04  6.668e-04 
 -7.907e+01 -3.596e-05  5.824e-05 -1.483e-05 -8.759e-06  1.311e-06 -1.443e-02  1.118e-05  5.120e-04  7.079e-04 
  3.711e+01 -2.886e-05 -3.791e-05  1.670e-05 -1.275e-05 -5.871e-06  1.090e-01 -4.311e-04  1.985e-05 -7.230e-05  7.567e-04 
ERR MATRIX NOT POS-DEF
 PARAMETER  CORRELATION COEFFICIENTS  
       NO.  GLOBAL      1      3      4      6      8      9     20     21     22     23     24
        1  0.99616   1.000 -0.275  0.173  0.016 -0.478  0.089 -0.121 -0.184 -0.545 -0.534  0.242
        3  0.99693  -0.275  1.000  0.032 -0.421  0.429 -0.155  0.295  0.162 -0.406 -0.372 -0.289
        4  0.99706   0.173  0.032  1.000 -0.348 -0.667 -0.038  0.265  0.371  0.058  0.270 -0.170
        6  0.99360   0.016 -0.421 -0.348  1.000 -0.166 -0.384 -0.015  0.262 -0.109 -0.269  0.293
        8  0.99269  -0.478  0.429 -0.667 -0.166  1.000  0.425 -0.066 -0.335  0.219 -0.159 -0.224
        9  0.95896   0.089 -0.155 -0.038 -0.384  0.425  1.000 -0.174 -0.441  0.488  0.056 -0.244
       20  0.99702  -0.121  0.295  0.265 -0.015 -0.066 -0.174  1.000 -0.341  0.122 -0.088  0.646
       21  0.99515  -0.184  0.162  0.371  0.262 -0.335 -0.441 -0.341  1.000 -0.294  0.017 -0.631
       22  0.99486  -0.545 -0.406  0.058 -0.109  0.219  0.488  0.122 -0.294  1.000  0.745  0.028
       23  0.99438  -0.534 -0.372  0.270 -0.269 -0.159  0.056 -0.088  0.017  0.745  1.000 -0.099
       24  0.99444   0.242 -0.289 -0.170  0.293 -0.224 -0.244  0.646 -0.631  0.028 -0.099  1.000
 ERR MATRIX NOT POS-DEF
MINUIT - FIT ONLY 1-y
 **********
 **   51 **RES 
 **********
                   PARAMETER   16  beta_vw RESTORED TO VARIABLE.
                   PARAMETER   14  alpha_vw RESTORED TO VARIABLE.
                   PARAMETER   13  beta_y RESTORED TO VARIABLE.
                   PARAMETER   11  alpha_y RESTORED TO VARIABLE.
                   PARAMETER   10  beta_2CBO RESTORED TO VARIABLE.
 **********
 **   52 **FIX            0
 **********
 PARAMETER    0  IS UNDEFINED. IGNORED.
 **********
 **   53 **FIX            1
 **********
 **********
 **   54 **FIX            2
 **********
 PARAMETER    2  IS CONSTANT.   IGNORED.
 **********
 **   55 **FIX            3
 **********
 **********
 **   56 **FIX            4
 **********
 **********
 **   57 **FIX            5
 **********
 PARAMETER    5  IS CONSTANT.   IGNORED.
 **********
 **   58 **FIX            6
 **********
 **********
 **   59 **FIX            7
 **********
 PARAMETER    7  IS CONSTANT.   IGNORED.
 **********
 **   60 **FIX            8
 **********
 **********
 **   61 **FIX            9
 **********
 **********
 **   62 **FIX           13
 **********
 **********
 **   63 **FIX           14
 **********
 **********
 **   64 **FIX           15
 **********
 PARAMETER   15  IS CONSTANT.   IGNORED.
 **********
 **   65 **FIX           16
 **********
 **********
 **   66 **MIGRAD
 **********
 START MIGRAD MINIMIZATION.  STRATEGY  1.  CONVERGENCE WHEN EDM .LT. 1.00e-04
 FCN=6.49866 FROM MIGRAD    STATUS=INITIATE       16 CALLS        2632 TOTAL
                     EDM= unknown      STRATEGY= 1      NO ERROR MATRIX       
  EXT PARAMETER               CURRENT GUESS       STEP         FIRST   
  NO.   NAME      VALUE            ERROR          SIZE      DERIVATIVE 
   1  N0           2.85128e+06     fixed    
   2  tau          6.44101e+01   constant   
   3  A0           3.94956e-01     fixed    
   4  phi          4.20035e+00     fixed    
   5  R           -5.98037e+01   constant   
   6  alpha_CBO   -1.42401e-02     fixed    
   7  w_CBO        2.32500e+00   constant   
   8  beta_CBO    -6.25494e-08     fixed    
   9  alpha_2CBO   2.82411e-07     fixed    
  10  beta_2CBO    1.37567e-03   7.32263e-04   7.32263e-04   2.95708e-01
  11  alpha_y      0.00000e+00   1.00000e-03   1.00000e-03  -1.69592e+04
  12  w_y          1.44500e+01   constant   
  13  beta_y       4.18136e-04     fixed    
  14  alpha_vw     0.00000e+00     fixed    
  15  w_vw         1.29000e+01   constant   
  16  beta_vw      0.00000e+00     fixed    
  17  LM           1.43880e-04   constant   
  18  zeta_y       0.00000e+00   constant   
  19  zeta_vw      0.00000e+00   constant   
  20  T_CBO        8.87711e+01   6.13277e+00   2.23040e-06   1.17830e-01
  21  alpha_A0     2.69995e-01   2.48346e-02   3.27193e-06   1.97946e-01
  22  beta_A0     -1.01664e-01   2.58219e-02   3.50132e-06  -4.03142e-02
  23  alpha_phi    7.94878e-03   2.66063e-02   3.77460e-06   8.84670e-02
  24  beta_phi    -3.68605e-01   2.75075e-02   3.88093e-06   7.49683e-02
 MIGRAD MINIMIZATION HAS CONVERGED.
 MIGRAD WILL VERIFY CONVERGENCE AND ERROR MATRIX.
 COVARIANCE MATRIX CALCULATED SUCCESSFULLY
 FCN=2.03878 FROM HESSE     STATUS=OK             50 CALLS        2761 TOTAL
                     EDM=0.0351072    STRATEGY= 1      ERROR MATRIX ACCURATE 
  EXT PARAMETER                                   STEP         FIRST   
  NO.   NAME      VALUE            ERROR          SIZE      DERIVATIVE 
   1  N0           2.85128e+06     fixed    
   2  tau          6.44101e+01   constant   
   3  A0           3.94956e-01     fixed    
   4  phi          4.20035e+00     fixed    
   5  R           -5.98037e+01   constant   
   6  alpha_CBO   -1.42401e-02     fixed    
   7  w_CBO        2.32500e+00   constant   
   8  beta_CBO    -6.25494e-08     fixed    
   9  alpha_2CBO   2.82411e-07     fixed    
  10  beta_2CBO    1.40006e-03   4.73658e-04   2.00257e-07  -1.58560e+00
  11  alpha_y      5.25950e-04   2.50004e-04   2.11798e-07   4.73367e-02
  12  w_y          1.44500e+01   constant   
  13  beta_y       4.18136e-04     fixed    
  14  alpha_vw     0.00000e+00     fixed    
  15  w_vw         1.29000e+01   constant   
  16  beta_vw      0.00000e+00     fixed    
  17  LM           1.43880e-04   constant   
  18  zeta_y       0.00000e+00   constant   
  19  zeta_vw      0.00000e+00   constant   
  20  T_CBO        8.87818e+01   6.95791e+01   1.41964e-06   6.74986e-01
  21  alpha_A0     2.69915e-01   2.24512e-01   2.08289e-06  -8.13910e-01
  22  beta_A0     -1.01727e-01   8.37249e-02   2.22882e-06   1.48821e+00
  23  alpha_phi    8.15102e-03   5.98216e-03   2.40272e-06  -1.11476e-01
  24  beta_phi    -3.68802e-01   3.06663e-01   2.47057e-06  -3.25158e-01
 MIGRAD MINIMIZATION HAS CONVERGED.
 MIGRAD WILL VERIFY CONVERGENCE AND ERROR MATRIX.
 COVARIANCE MATRIX CALCULATED SUCCESSFULLY
 FCN=1.98146 FROM MIGRAD    STATUS=CONVERGED     948 CALLS        3564 TOTAL
                     EDM=1.25064e-05    STRATEGY= 1      ERROR MATRIX ACCURATE 
  EXT PARAMETER                                   STEP         FIRST   
  NO.   NAME      VALUE            ERROR          SIZE      DERIVATIVE 
   1  N0           2.85128e+06     fixed    
   2  tau          6.44101e+01   constant   
   3  A0           3.94956e-01     fixed    
   4  phi          4.20035e+00     fixed    
   5  R           -5.98037e+01   constant   
   6  alpha_CBO   -1.42401e-02     fixed    
   7  w_CBO        2.32500e+00   constant   
   8  beta_CBO    -6.25494e-08     fixed    
   9  alpha_2CBO   2.82411e-07     fixed    
  10  beta_2CBO    1.36266e-03   4.67277e-04   1.98357e-07   2.76772e-01
  11  alpha_y      5.32588e-04   2.49649e-04   2.09792e-07   2.48030e-01
  12  w_y          1.44500e+01   constant   
  13  beta_y       4.18136e-04     fixed    
  14  alpha_vw     0.00000e+00     fixed    
  15  w_vw         1.29000e+01   constant   
  16  beta_vw      0.00000e+00     fixed    
  17  LM           1.43880e-04   constant   
  18  zeta_y       0.00000e+00   constant   
  19  zeta_vw      0.00000e+00   constant   
  20  T_CBO        7.15584e+01   3.61508e+01   1.00975e-06  -1.71582e+00
  21  alpha_A0     3.47567e-01   2.29645e-01   2.65378e-06  -7.51615e-01
  22  beta_A0     -1.30634e-01   8.54229e-02   2.84293e-06  -8.70417e-01
  23  alpha_phi    9.84170e-03   6.24945e-03   3.06773e-06  -1.47421e-01
  24  beta_phi    -4.74849e-01   3.13605e-01   3.15072e-06   4.62559e-01
 EXTERNAL ERROR MATRIX.    NDIM=  25    NPAR=  7    ERR DEF=1
  2.183e-07  1.214e-09  3.612e-03 -2.382e-05  7.386e-06 -4.531e-08  2.905e-05 
  1.214e-09  6.232e-08 -6.269e-04  3.962e-06 -1.488e-06  1.136e-07 -5.457e-06 
  3.612e-03 -6.269e-04  1.316e+03 -8.328e+00  3.095e+00 -1.739e-01  1.137e+01 
 -2.382e-05  3.962e-06 -8.328e+00  5.274e-02 -1.959e-02  1.096e-03 -7.198e-02 
  7.386e-06 -1.488e-06  3.095e+00 -1.959e-02  7.297e-03 -4.100e-04  2.676e-02 
 -4.531e-08  1.136e-07 -1.739e-01  1.096e-03 -4.100e-04  3.906e-05 -1.504e-03 
  2.905e-05 -5.457e-06  1.137e+01 -7.198e-02  2.676e-02 -1.504e-03  9.835e-02 
 PARAMETER  CORRELATION COEFFICIENTS  
       NO.  GLOBAL     10     11     20     21     22     23     24
       10  0.86400   1.000  0.010  0.213 -0.222  0.185 -0.016  0.198
       11  0.08089   0.010  1.000 -0.069  0.069 -0.070  0.073 -0.070
       20  0.99996   0.213 -0.069  1.000 -1.000  0.999 -0.767  1.000
       21  0.99991  -0.222  0.069 -1.000  1.000 -0.998  0.763 -1.000
       22  0.99922   0.185 -0.070  0.999 -0.998  1.000 -0.768  0.999
       23  0.81252  -0.016  0.073 -0.767  0.763 -0.768  1.000 -0.768
       24  0.99993   0.198 -0.070  1.000 -1.000  0.999 -0.768  1.000
MINUIT - FIT ONLY 2-y
 **********
 **   67 **RES 
 **********
                   PARAMETER   16  beta_vw RESTORED TO VARIABLE.
                   PARAMETER   14  alpha_vw RESTORED TO VARIABLE.
                   PARAMETER   13  beta_y RESTORED TO VARIABLE.
                   PARAMETER    9  alpha_2CBO RESTORED TO VARIABLE.
                   PARAMETER    8  beta_CBO RESTORED TO VARIABLE.
                   PARAMETER    6  alpha_CBO RESTORED TO VARIABLE.
                   PARAMETER    4  phi RESTORED TO VARIABLE.
                   PARAMETER    3  A0 RESTORED TO VARIABLE.
                   PARAMETER    1  N0 RESTORED TO VARIABLE.
 **********
 **   68 **FIX            0
 **********
 PARAMETER    0  IS UNDEFINED. IGNORED.
 **********
 **   69 **FIX            1
 **********
 **********
 **   70 **FIX            2
 **********
 PARAMETER    2  IS CONSTANT.   IGNORED.
 **********
 **   71 **FIX            3
 **********
 **********
 **   72 **FIX            4
 **********
 **********
 **   73 **FIX            5
 **********
 PARAMETER    5  IS CONSTANT.   IGNORED.
 **********
 **   74 **FIX            6
 **********
 **********
 **   75 **FIX            7
 **********
 PARAMETER    7  IS CONSTANT.   IGNORED.
 **********
 **   76 **FIX            8
 **********
 **********
 **   77 **FIX            9
 **********
 **********
 **   78 **FIX           10
 **********
 **********
 **   79 **FIX           11
 **********
 **********
 **   80 **FIX           12
 **********
 PARAMETER   12  IS CONSTANT.   IGNORED.
 **********
 **   81 **FIX           16
 **********
 **********
 **   82 **MIGRAD
 **********
 START MIGRAD MINIMIZATION.  STRATEGY  1.  CONVERGENCE WHEN EDM .LT. 1.00e-04
 FCN=1.98146 FROM MIGRAD    STATUS=INITIATE       16 CALLS        3580 TOTAL
                     EDM= unknown      STRATEGY= 1      NO ERROR MATRIX       
  EXT PARAMETER               CURRENT GUESS       STEP         FIRST   
  NO.   NAME      VALUE            ERROR          SIZE      DERIVATIVE 
   1  N0           2.85128e+06     fixed    
   2  tau          6.44101e+01   constant   
   3  A0           3.94956e-01     fixed    
   4  phi          4.20035e+00     fixed    
   5  R           -5.98037e+01   constant   
   6  alpha_CBO   -1.42401e-02     fixed    
   7  w_CBO        2.32500e+00   constant   
   8  beta_CBO    -6.25494e-08     fixed    
   9  alpha_2CBO   2.82411e-07     fixed    
  10  beta_2CBO    1.36266e-03     fixed    
  11  alpha_y      5.32588e-04     fixed    
  12  w_y          1.44500e+01   constant   
  13  beta_y       4.18136e-04   2.46887e-04   2.46887e-04  -1.95217e+02
  14  alpha_vw     0.00000e+00   1.00000e-03   1.00000e-03   1.15024e+03
  15  w_vw         1.29000e+01   constant   
  16  beta_vw      0.00000e+00     fixed    
  17  LM           1.43880e-04   constant   
  18  zeta_y       0.00000e+00   constant   
  19  zeta_vw      0.00000e+00   constant   
  20  T_CBO        7.15584e+01   3.61508e+01   1.00975e-06  -1.71582e+00
  21  alpha_A0     3.47567e-01   2.29645e-01   2.65378e-06  -7.51608e-01
  22  beta_A0     -1.30634e-01   8.54229e-02   2.84293e-06  -8.70405e-01
  23  alpha_phi    9.84170e-03   6.24945e-03   3.06773e-06  -1.47422e-01
  24  beta_phi    -4.74849e-01   3.13605e-01   3.15072e-06   4.62559e-01
 MIGRAD MINIMIZATION HAS CONVERGED.
 MIGRAD WILL VERIFY CONVERGENCE AND ERROR MATRIX.
 COVARIANCE MATRIX CALCULATED SUCCESSFULLY
 FCN=1.94719 FROM HESSE     STATUS=OK             50 CALLS        3693 TOTAL
                     EDM=0.000131019    STRATEGY= 1      ERROR MATRIX ACCURATE 
  EXT PARAMETER                                   STEP         FIRST   
  NO.   NAME      VALUE            ERROR          SIZE      DERIVATIVE 
   1  N0           2.85128e+06     fixed    
   2  tau          6.44101e+01   constant   
   3  A0           3.94956e-01     fixed    
   4  phi          4.20035e+00     fixed    
   5  R           -5.98037e+01   constant   
   6  alpha_CBO   -1.42401e-02     fixed    
   7  w_CBO        2.32500e+00   constant   
   8  beta_CBO    -6.25494e-08     fixed    
   9  alpha_2CBO   2.82411e-07     fixed    
  10  beta_2CBO    1.36266e-03     fixed    
  11  alpha_y      5.32588e-04     fixed    
  12  w_y          1.44500e+01   constant   
  13  beta_y       4.51198e-04   2.82158e-04   1.97726e-07  -1.36201e+00
  14  alpha_vw    -5.39757e-05   2.94842e-04   2.06092e-07  -1.37218e-01
