 + ++++++++++++++++++++++++++++++++++++++++++++++++++++++++++++++++++++ +
 +                                                                      +
 +           You have chose to blind your fitting according to          +
 +                omega_ref * (1 + (R +/- deltaR) *10^{-6})             +
 +                                                                      +
 + ++++++++++++++++++++++++++++++++++++++++++++++++++++++++++++++++++++ +
In main()...
reading format from /gm2data/zkhechad/run45/envelope/formats/formatB_sBin_constraintOn.txt
pBinTau 	= 0  
pBinPhi 	= 0  
constraintau 	= 1 
includeMopTerm 	= 0    
constrainMop    = 0   
Parameters after format file: pBinTau 0 pBinPhi 0 constraintau 1 includeMopTerm 0 constrainMop 0 c_e_scale 0.000000 
Opening file /gm2data/tbarrett/gm2fr/studies/run23_bunch_corrections/CorrectedFourier_Run3b.root.
reading full fit data from /gm2data/zkhechad/cboTemplates/Run4CBOTemplates/templateFits0_v2.0/noRF/sBin_constraintOn_cE0.0_seed0_noRF_calo16.root
windowBins = 17
fitting sliding window 216 from bin 352 at 52.369200 to bin 369 at 55.054800 (17 bins)

Reading data from /gm2data/cornell/histograms/aMethod/histogram_a_noRF.root
 **********
 **    1 **SET PRINTOUT            1
 **********
 **********
 **    2 **SET NOWARNINGS 
 **********
 PARAMETER DEFINITIONS:
    NO.   NAME         VALUE      STEP SIZE      LIMITS
     1 N0           3.09796e+06  1.00000e+02     no limits
     2 tau          6.43838e+01  constant
     3 A0           3.49539e-01  1.00000e-04     no limits
     4 phi          4.11719e+00  1.00000e-02     no limits
     5 R           -6.25346e+01  constant
     6 alpha_CBO    0.00000e+00  1.00000e-03     no limits
     7 w_CBO        2.32500e+00  constant
     8 beta_CBO     0.00000e+00  1.00000e-03     no limits
     9 alpha_2CBO   0.00000e+00  1.00000e-03     no limits
    10 beta_2CBO    0.00000e+00  1.00000e-03     no limits
    11 alpha_y      0.00000e+00  1.00000e-03     no limits
    12 w_y          1.44500e+01  constant
    13 beta_y       0.00000e+00  1.00000e-03     no limits
    14 alpha_vw     0.00000e+00  1.00000e-03     no limits
    15 w_vw         1.29000e+01  constant
    16 beta_vw      0.00000e+00  1.00000e-03     no limits
    17 LM          -7.79046e-04  constant
    18 zeta_y       0.00000e+00  constant
    19 zeta_vw      0.00000e+00  constant
    20 T_CBO        1.00000e+02  1.00000e+00    0.00000e+00  1.00000e+03
    21 alpha_A0     0.00000e+00  1.00000e-03     no limits
    22 beta_A0      0.00000e+00  1.00000e-03     no limits
    23 alpha_phi    0.00000e+00  1.00000e-03     no limits
    24 beta_phi     0.00000e+00  1.00000e-03     no limits
MINUIT - FIT ONLY WIGGLE
 **********
 **    3 **FIX            5
 **********
 PARAMETER    5  IS CONSTANT.   IGNORED.
 **********
 **    4 **FIX            6
 **********
 **********
 **    5 **FIX            7
 **********
 PARAMETER    7  IS CONSTANT.   IGNORED.
 **********
 **    6 **FIX            8
 **********
 **********
 **    7 **FIX            9
 **********
 **********
 **    8 **FIX           10
 **********
 **********
 **    9 **FIX           11
 **********
 **********
 **   10 **FIX           12
 **********
 PARAMETER   12  IS CONSTANT.   IGNORED.
 **********
 **   11 **FIX           13
 **********
 **********
 **   12 **FIX           14
 **********
 **********
 **   13 **FIX           15
 **********
 PARAMETER   15  IS CONSTANT.   IGNORED.
 **********
 **   14 **FIX           16
 **********
 **********
 **   15 **MIGRAD
 **********
 FIRST CALL TO USER FUNCTION AT NEW START POINT, WITH IFLAG=4.
 START MIGRAD MINIMIZATION.  STRATEGY  1.  CONVERGENCE WHEN EDM .LT. 1.00e-04
 FCN=1425.97 FROM MIGRAD    STATUS=INITIATE      429 CALLS         430 TOTAL
                     EDM= unknown      STRATEGY= 1      NO ERROR MATRIX       
  EXT PARAMETER               CURRENT GUESS       STEP         FIRST   
  NO.   NAME      VALUE            ERROR          SIZE      DERIVATIVE 
   1  N0           3.09796e+06   1.00000e+02   0.00000e+00  -2.99413e-02
   2  tau          6.43838e+01   constant   
   3  A0           3.49539e-01   1.00000e-04   0.00000e+00  -3.43430e+05
   4  phi          4.11719e+00   1.00000e-02   0.00000e+00   2.77799e+04
   5  R           -6.25346e+01   constant   
   6  alpha_CBO    0.00000e+00     fixed    
   7  w_CBO        2.32500e+00   constant   
   8  beta_CBO     0.00000e+00     fixed    
   9  alpha_2CBO   0.00000e+00     fixed    
  10  beta_2CBO    0.00000e+00     fixed    
  11  alpha_y      0.00000e+00     fixed    
  12  w_y          1.44500e+01   constant   
  13  beta_y       0.00000e+00     fixed    
  14  alpha_vw     0.00000e+00     fixed    
  15  w_vw         1.29000e+01   constant   
  16  beta_vw      0.00000e+00     fixed    
  17  LM          -7.79046e-04   constant   
  18  zeta_y       0.00000e+00   constant   
  19  zeta_vw      0.00000e+00   constant   
  20  T_CBO        1.00000e+02   1.00000e+00   0.00000e+00   0.00000e+00
  21  alpha_A0     0.00000e+00   1.00000e-03   0.00000e+00   8.54086e+03
  22  beta_A0      0.00000e+00   1.00000e-03   0.00000e+00   4.27919e+04
  23  alpha_phi    0.00000e+00   1.00000e-03   0.00000e+00   5.42197e+03
  24  beta_phi     0.00000e+00   1.00000e-03   0.00000e+00   1.72858e+04
 MIGRAD MINIMIZATION HAS CONVERGED.
 FCN=47.1504 FROM MIGRAD    STATUS=CONVERGED    1158 CALLS        1159 TOTAL
                     EDM=1.8259e-06    STRATEGY= 1  ERROR MATRIX UNCERTAINTY   3.2 per cent
  EXT PARAMETER                                   STEP         FIRST   
  NO.   NAME      VALUE            ERROR          SIZE      DERIVATIVE 
   1  N0           3.08525e+06   8.17506e+03  -2.75885e+01   2.26155e-07
   2  tau          6.43838e+01   constant   
   3  A0           3.98913e-01   6.00668e-03   5.41632e-06  -2.29670e+00
   4  phi          4.06386e+00   7.62193e-03   4.83742e-05   3.40838e+00
   5  R           -6.25346e+01   constant   
   6  alpha_CBO    0.00000e+00     fixed    
   7  w_CBO        2.32500e+00   constant   
   8  beta_CBO     0.00000e+00     fixed    
   9  alpha_2CBO   0.00000e+00     fixed    
  10  beta_2CBO    0.00000e+00     fixed    
  11  alpha_y      0.00000e+00     fixed    
  12  w_y          1.44500e+01   constant   
  13  beta_y       0.00000e+00     fixed    
  14  alpha_vw     0.00000e+00     fixed    
  15  w_vw         1.29000e+01   constant   
  16  beta_vw      0.00000e+00     fixed    
  17  LM          -7.79046e-04   constant   
  18  zeta_y       0.00000e+00   constant   
  19  zeta_vw      0.00000e+00   constant   
  20  T_CBO        5.55812e+01   1.03228e+00   1.96012e-05   1.14785e+00
  21  alpha_A0     2.11581e-02   3.12375e-02  -1.75205e-04   7.51041e-01
  22  beta_A0      3.63304e-01   4.11701e-02  -5.84134e-05  -4.26821e-01
  23  alpha_phi    4.05554e-01   4.68762e-02  -8.96129e-05   1.08628e+00
  24  beta_phi     2.51038e-02   3.57683e-02   2.01322e-04   1.75081e-01
 EXTERNAL ERROR MATRIX.    NDIM=  25    NPAR=  8    ERR DEF=1
  6.683e+07 -4.083e+01 -1.965e+01 -1.019e+02  2.232e+02 -1.925e+02 -2.121e+02 -2.707e+02 
 -4.083e+01  3.608e-05 -1.083e-05 -3.249e-03 -8.927e-05  2.296e-04  2.581e-04  1.256e-04 
 -1.965e+01 -1.083e-05  5.809e-05  7.275e-03 -1.750e-04 -1.810e-04 -2.161e-04  1.758e-04 
 -1.019e+02 -3.249e-03  7.275e-03  1.066e+00 -1.545e-02 -3.380e-02 -3.917e-02  1.340e-02 
  2.232e+02 -8.927e-05 -1.750e-04 -1.545e-02  9.758e-04 -1.505e-04 -1.298e-04 -1.106e-03 
 -1.925e+02  2.296e-04 -1.810e-04 -3.380e-02 -1.505e-04  1.695e-03  1.925e-03  3.583e-04 
 -2.121e+02  2.581e-04 -2.161e-04 -3.917e-02 -1.298e-04  1.925e-03  2.197e-03  3.600e-04 
 -2.707e+02  1.256e-04  1.758e-04  1.340e-02 -1.106e-03  3.583e-04  3.600e-04  1.279e-03 
 PARAMETER  CORRELATION COEFFICIENTS  
       NO.  GLOBAL      1      3      4     20     21     22     23     24
        1  0.99942   1.000 -0.831 -0.315 -0.012  0.874 -0.572 -0.553 -0.926
        3  0.99995  -0.831  1.000 -0.237 -0.524 -0.476  0.929  0.917  0.585
        4  0.99933  -0.315 -0.237  1.000  0.925 -0.735 -0.577 -0.605  0.645
       20  0.98874  -0.012 -0.524  0.925  1.000 -0.479 -0.795 -0.810  0.363
       21  0.99947   0.874 -0.476 -0.735 -0.479  1.000 -0.117 -0.089 -0.990
       22  0.99966  -0.572  0.929 -0.577 -0.795 -0.117  1.000  0.997  0.243
       23  0.99993  -0.553  0.917 -0.605 -0.810 -0.089  0.997  1.000  0.215
       24  0.99951  -0.926  0.585  0.645  0.363 -0.990  0.243  0.215  1.000
MINUIT - FIT ONLY 1-CBO + wiggle
 **********
 **   16 **RES 
 **********
                   PARAMETER   16  beta_vw RESTORED TO VARIABLE.
                   PARAMETER   14  alpha_vw RESTORED TO VARIABLE.
                   PARAMETER   13  beta_y RESTORED TO VARIABLE.
                   PARAMETER   11  alpha_y RESTORED TO VARIABLE.
                   PARAMETER   10  beta_2CBO RESTORED TO VARIABLE.
                   PARAMETER    9  alpha_2CBO RESTORED TO VARIABLE.
                   PARAMETER    8  beta_CBO RESTORED TO VARIABLE.
                   PARAMETER    6  alpha_CBO RESTORED TO VARIABLE.
 **********
 **   17 **FIX            8
 **********
 **********
 **   18 **FIX            9
 **********
 **********
 **   19 **FIX           11
 **********
 **********
 **   20 **FIX           12
 **********
 PARAMETER   12  IS CONSTANT.   IGNORED.
 **********
 **   21 **FIX           14
 **********
 **********
 **   22 **FIX           15
 **********
 PARAMETER   15  IS CONSTANT.   IGNORED.
 **********
 **   23 **FIX           16
 **********
 **********
 **   24 **MIGRAD
 **********
 START MIGRAD MINIMIZATION.  STRATEGY  1.  CONVERGENCE WHEN EDM .LT. 1.00e-04
 FCN=47.1504 FROM MIGRAD    STATUS=INITIATE       28 CALLS        1187 TOTAL
                     EDM= unknown      STRATEGY= 1      NO ERROR MATRIX       
  EXT PARAMETER               CURRENT GUESS       STEP         FIRST   
  NO.   NAME      VALUE            ERROR          SIZE      DERIVATIVE 
   1  N0           3.08525e+06   8.17506e+03  -2.75885e+01   2.26155e-07
   2  tau          6.43838e+01   constant   
   3  A0           3.98913e-01   6.00668e-03   5.41632e-06  -2.29670e+00
   4  phi          4.06386e+00   7.62193e-03   4.83742e-05   3.40838e+00
   5  R           -6.25346e+01   constant   
   6  alpha_CBO    0.00000e+00   1.00000e-03   1.00000e-03  -5.51167e+02
   7  w_CBO        2.32500e+00   constant   
   8  beta_CBO     0.00000e+00     fixed    
   9  alpha_2CBO   0.00000e+00     fixed    
  10  beta_2CBO    0.00000e+00   1.00000e-03   1.00000e-03  -1.39795e+03
  11  alpha_y      0.00000e+00     fixed    
  12  w_y          1.44500e+01   constant   
  13  beta_y       0.00000e+00   1.00000e-03   1.00000e-03   2.58619e+04
  14  alpha_vw     0.00000e+00     fixed    
  15  w_vw         1.29000e+01   constant   
  16  beta_vw      0.00000e+00     fixed    
  17  LM          -7.79046e-04   constant   
  18  zeta_y       0.00000e+00   constant   
  19  zeta_vw      0.00000e+00   constant   
  20  T_CBO        5.55812e+01   1.03228e+00   1.96012e-05   1.14787e+00
  21  alpha_A0     2.11581e-02   3.12375e-02  -1.75205e-04   7.51045e-01
  22  beta_A0      3.63304e-01   4.11701e-02  -5.84134e-05  -4.26801e-01
  23  alpha_phi    4.05554e-01   4.68762e-02  -8.96129e-05   1.08628e+00
  24  beta_phi     2.51038e-02   3.57683e-02   2.01322e-04   1.75080e-01
 MIGRAD MINIMIZATION HAS CONVERGED.
 MIGRAD WILL VERIFY CONVERGENCE AND ERROR MATRIX.
 FCN=40.4086 FROM MIGRAD    STATUS=CONVERGED    1374 CALLS        2533 TOTAL
                     EDM=1.08002e-06    STRATEGY= 1      ERR MATRIX NOT POS-DEF
  EXT PARAMETER                APPROXIMATE        STEP         FIRST   
  NO.   NAME      VALUE            ERROR          SIZE      DERIVATIVE 
   1  N0           3.06860e+06   3.06848e+03   1.46322e+00   1.24711e-07
   2  tau          6.43838e+01   constant   
   3  A0           4.15730e-01   2.16657e-03   5.49569e-07  -1.01617e-02
   4  phi          4.04270e+00   3.82394e-03   1.92771e-06  -1.37089e-01
   5  R           -6.25346e+01   constant   
   6  alpha_CBO   -1.07967e-02   1.99893e-03   5.95871e-07  -1.62891e+00
   7  w_CBO        2.32500e+00   constant   
   8  beta_CBO     0.00000e+00     fixed    
   9  alpha_2CBO   0.00000e+00     fixed    
  10  beta_2CBO    4.42632e-03   7.78735e-04   6.12999e-07   4.36856e+00
  11  alpha_y      0.00000e+00     fixed    
  12  w_y          1.44500e+01   constant   
  13  beta_y      -5.05684e-04   1.93691e-04   5.97399e-07  -2.20567e+00
  14  alpha_vw     0.00000e+00     fixed    
  15  w_vw         1.29000e+01   constant   
  16  beta_vw      0.00000e+00     fixed    
  17  LM          -7.79046e-04   constant   
  18  zeta_y       0.00000e+00   constant   
  19  zeta_vw      0.00000e+00   constant   
  20  T_CBO        6.14377e+01   1.97399e+00   1.96070e-06  -2.11135e-01
  21  alpha_A0    -2.13553e-02   1.10557e-02   3.64439e-06   5.72858e-01
  22  beta_A0      4.28031e-01   1.24438e-02   4.13150e-06  -3.37595e-01
  23  alpha_phi    4.30841e-01   1.31454e-02   3.96104e-06   1.80509e-01
  24  beta_phi     3.18033e-02   1.11402e-02   4.07175e-06   4.99885e-01
 EXTERNAL ERROR MATRIX.    NDIM=  25    NPAR= 11    ERR DEF=1
  9.416e+06 
 -2.119e+00  4.694e-06 
  1.535e+00 -1.415e-06  1.462e-05 
  3.020e+00 -2.480e-07  4.992e-06  3.996e-06 
 -3.517e-01  5.741e-07 -1.094e-06 -1.109e-06  6.064e-07 
  5.712e-02  2.311e-08  7.303e-08  3.422e-08  2.998e-09  3.752e-08 
 -1.891e+02  2.033e-03 -6.350e-04  3.897e-04  8.100e-05  1.215e-05  3.897e+00 
  2.732e+01 -3.196e-06 -8.659e-06  1.150e-05 -3.231e-06  6.778e-08  2.989e-03  1.222e-04 
 -2.495e+00  1.303e-05 -9.073e-06 -3.589e-06  3.633e-06  1.011e-07 -1.214e-02 -8.757e-06  1.548e-04 
  1.558e-01  1.081e-05 -2.377e-06  8.858e-06 -2.616e-06  5.699e-08 -1.081e-02  3.635e-05  1.257e-04  1.728e-04 
 -2.045e+01  4.848e-06  2.941e-05  3.735e-06 -1.345e-06  3.283e-08 -1.006e-03 -9.014e-05 -2.691e-07  5.893e-06  1.241e-04 
ERR MATRIX NOT POS-DEF
 PARAMETER  CORRELATION COEFFICIENTS  
       NO.  GLOBAL      1      3      4      6     10     13     20     21     22     23     24
        1  0.99106   1.000 -0.319  0.131  0.492 -0.147  0.096 -0.031  0.805 -0.065  0.004 -0.598
        3  0.99675  -0.319  1.000 -0.171 -0.057  0.340  0.055  0.475 -0.133  0.483  0.379  0.201
        4  0.99552   0.131 -0.171  1.000  0.653 -0.367  0.099 -0.084 -0.205 -0.191 -0.047  0.690
        6  0.99551   0.492 -0.057  0.653  1.000 -0.712  0.088  0.099  0.520 -0.144  0.337  0.168
       10  0.96823  -0.147  0.340 -0.367 -0.712  1.000  0.020  0.053 -0.375  0.375 -0.256 -0.155
       13  0.20041   0.096  0.055  0.099  0.088  0.020  1.000  0.032  0.032  0.042  0.022  0.015
       20  0.99713  -0.031  0.475 -0.084  0.099  0.053  0.032  1.000  0.137 -0.494 -0.417 -0.046
       21  0.99450   0.805 -0.133 -0.205  0.520 -0.375  0.032  0.137  1.000 -0.064  0.250 -0.732
       22  0.99442  -0.065  0.483 -0.191 -0.144  0.375  0.042 -0.494 -0.064  1.000  0.769 -0.002
       23  0.99541   0.004  0.379 -0.047  0.337 -0.256  0.022 -0.417  0.250  0.769  1.000  0.040
       24  0.99324  -0.598  0.201  0.690  0.168 -0.155  0.015 -0.046 -0.732 -0.002  0.040  1.000
 ERR MATRIX NOT POS-DEF
MINUIT - FIT ONLY 2-CBO
 **********
 **   25 **RES 
 **********
                   PARAMETER   16  beta_vw RESTORED TO VARIABLE.
                   PARAMETER   14  alpha_vw RESTORED TO VARIABLE.
                   PARAMETER   11  alpha_y RESTORED TO VARIABLE.
                   PARAMETER    9  alpha_2CBO RESTORED TO VARIABLE.
                   PARAMETER    8  beta_CBO RESTORED TO VARIABLE.
 **********
 **   26 **FIX            0
 **********
 PARAMETER    0  IS UNDEFINED. IGNORED.
 **********
 **   27 **FIX            1
 **********
 **********
 **   28 **FIX            2
 **********
 PARAMETER    2  IS CONSTANT.   IGNORED.
 **********
 **   29 **FIX            3
 **********
 **********
 **   30 **FIX            4
 **********
 **********
 **   31 **FIX            5
 **********
 PARAMETER    5  IS CONSTANT.   IGNORED.
 **********
 **   32 **FIX            6
 **********
 **********
 **   33 **FIX            7
 **********
 PARAMETER    7  IS CONSTANT.   IGNORED.
 **********
 **   34 **FIX           10
 **********
 **********
 **   35 **FIX           11
 **********
 **********
 **   36 **FIX           12
 **********
 PARAMETER   12  IS CONSTANT.   IGNORED.
 **********
 **   37 **FIX           13
 **********
 **********
 **   38 **FIX           14
 **********
 **********
 **   39 **FIX           15
 **********
 PARAMETER   15  IS CONSTANT.   IGNORED.
 **********
 **   40 **FIX           16
 **********
 **********
 **   41 **MIGRAD
 **********
 START MIGRAD MINIMIZATION.  STRATEGY  1.  CONVERGENCE WHEN EDM .LT. 1.00e-04
 FCN=40.4086 FROM MIGRAD    STATUS=INITIATE       18 CALLS        2551 TOTAL
                     EDM= unknown      STRATEGY= 1      NO ERROR MATRIX       
  EXT PARAMETER               CURRENT GUESS       STEP         FIRST   
  NO.   NAME      VALUE            ERROR          SIZE      DERIVATIVE 
   1  N0           3.06860e+06     fixed    
   2  tau          6.43838e+01   constant   
   3  A0           4.15730e-01     fixed    
   4  phi          4.04270e+00     fixed    
   5  R           -6.25346e+01   constant   
   6  alpha_CBO   -1.07967e-02     fixed    
   7  w_CBO        2.32500e+00   constant   
   8  beta_CBO     0.00000e+00   1.00000e-03   1.00000e-03  -1.25962e+01
   9  alpha_2CBO   0.00000e+00   1.00000e-03   1.00000e-03  -3.92180e+02
  10  beta_2CBO    4.42632e-03     fixed    
  11  alpha_y      0.00000e+00     fixed    
  12  w_y          1.44500e+01   constant   
  13  beta_y      -5.05684e-04     fixed    
  14  alpha_vw     0.00000e+00     fixed    
  15  w_vw         1.29000e+01   constant   
  16  beta_vw      0.00000e+00     fixed    
  17  LM          -7.79046e-04   constant   
  18  zeta_y       0.00000e+00   constant   
  19  zeta_vw      0.00000e+00   constant   
  20  T_CBO        6.14377e+01   1.97399e+00   1.96070e-06  -2.11156e-01
  21  alpha_A0    -2.13553e-02   1.10557e-02   3.64439e-06   5.72909e-01
  22  beta_A0      4.28031e-01   1.24438e-02   4.13150e-06  -3.37639e-01
  23  alpha_phi    4.30841e-01   1.31454e-02   3.96104e-06   1.80508e-01
  24  beta_phi     3.18033e-02   1.11402e-02   4.07175e-06   4.99887e-01
 MIGRAD MINIMIZATION HAS CONVERGED.
 MIGRAD WILL VERIFY CONVERGENCE AND ERROR MATRIX.
 FCN=40.3863 FROM MIGRAD    STATUS=CONVERGED     164 CALLS        2697 TOTAL
                     EDM=9.91043e-06    STRATEGY= 1      ERR MATRIX NOT POS-DEF
  EXT PARAMETER                APPROXIMATE        STEP         FIRST   
  NO.   NAME      VALUE            ERROR          SIZE      DERIVATIVE 
   1  N0           3.06860e+06     fixed    
   2  tau          6.43838e+01   constant   
   3  A0           4.15730e-01     fixed    
   4  phi          4.04270e+00     fixed    
   5  R           -6.25346e+01   constant   
   6  alpha_CBO   -1.07967e-02     fixed    
   7  w_CBO        2.32500e+00   constant   
   8  beta_CBO     1.04633e-04   7.44771e-04   5.90892e-07   1.10628e+00
   9  alpha_2CBO   1.10810e-04   6.91642e-04   5.75519e-07  -2.17789e+01
  10  beta_2CBO    4.42632e-03     fixed    
  11  alpha_y      0.00000e+00     fixed    
  12  w_y          1.44500e+01   constant   
  13  beta_y      -5.05684e-04     fixed    
  14  alpha_vw     0.00000e+00     fixed    
  15  w_vw         1.29000e+01   constant   
  16  beta_vw      0.00000e+00     fixed    
  17  LM          -7.79046e-04   constant   
  18  zeta_y       0.00000e+00   constant   
  19  zeta_vw      0.00000e+00   constant   
  20  T_CBO        6.14433e+01   2.00671e+00   1.95969e-06  -1.50764e+00
  21  alpha_A0    -2.09142e-02   3.05977e-03   3.64354e-06   1.41741e+00
  22  beta_A0      4.28485e-01   1.24563e-02   4.13068e-06   1.06276e-01
  23  alpha_phi    4.30488e-01   1.22911e-02   3.95989e-06  -1.04477e+00
  24  beta_phi     3.24428e-02   4.29222e-03   4.07137e-06   1.80489e+00
 EXTERNAL ERROR MATRIX.    NDIM=  25    NPAR=  7    ERR DEF=1
  5.547e-07  4.363e-07  1.355e-04  1.928e-06  1.935e-06 -1.999e-06  2.569e-06 
  4.363e-07  4.784e-07  2.516e-05  1.879e-06  1.859e-06 -1.530e-06  2.733e-06 
  1.355e-04  2.516e-05  4.027e+00  1.332e-03 -2.370e-02 -2.419e-02 -1.564e-03 
  1.928e-06  1.879e-06  1.332e-03  9.362e-06  1.300e-06 -1.307e-05  1.030e-05 
  1.935e-06  1.859e-06 -2.370e-02  1.300e-06  1.552e-04  1.373e-04  2.088e-05 
 -1.999e-06 -1.530e-06 -2.419e-02 -1.307e-05  1.373e-04  1.511e-04  9.746e-07 
  2.569e-06  2.733e-06 -1.564e-03  1.030e-05  2.088e-05  9.746e-07  1.842e-05 
ERR MATRIX NOT POS-DEF
 PARAMETER  CORRELATION COEFFICIENTS  
       NO.  GLOBAL      8      9     20     21     22     23     24
        8  0.96767   1.000  0.847  0.091  0.846  0.209 -0.218  0.804
        9  0.96438   0.847  1.000  0.018  0.888  0.216 -0.180  0.921
       20  0.99722   0.091  0.018  1.000  0.217 -0.948 -0.981 -0.182
       21  0.92560   0.846  0.888  0.217  1.000  0.034 -0.348  0.784
       22  0.99443   0.209  0.216 -0.948  0.034  1.000  0.897  0.391
       23  0.99474  -0.218 -0.180 -0.981 -0.348  0.897  1.000  0.018
       24  0.95346   0.804  0.921 -0.182  0.784  0.391  0.018  1.000
 ERR MATRIX NOT POS-DEF
MINUIT - FIT wiggle + 1-CBO + 2-CBO
 **********
 **   42 **RES 
 **********
                   PARAMETER   16  beta_vw RESTORED TO VARIABLE.
                   PARAMETER   14  alpha_vw RESTORED TO VARIABLE.
                   PARAMETER   13  beta_y RESTORED TO VARIABLE.
                   PARAMETER   11  alpha_y RESTORED TO VARIABLE.
                   PARAMETER   10  beta_2CBO RESTORED TO VARIABLE.
                   PARAMETER    6  alpha_CBO RESTORED TO VARIABLE.
                   PARAMETER    4  phi RESTORED TO VARIABLE.
                   PARAMETER    3  A0 RESTORED TO VARIABLE.
                   PARAMETER    1  N0 RESTORED TO VARIABLE.
 **********
 **   43 **FIX           10
 **********
 **********
 **   44 **FIX           11
 **********
 **********
 **   45 **FIX           12
 **********
 PARAMETER   12  IS CONSTANT.   IGNORED.
 **********
 **   46 **FIX           13
 **********
 **********
 **   47 **FIX           14
 **********
 **********
 **   48 **FIX           15
 **********
 PARAMETER   15  IS CONSTANT.   IGNORED.
 **********
 **   49 **FIX           16
 **********
 **********
 **   50 **MIGRAD
 **********
 START MIGRAD MINIMIZATION.  STRATEGY  1.  CONVERGENCE WHEN EDM .LT. 1.00e-04
 FCN=40.3863 FROM MIGRAD    STATUS=INITIATE       22 CALLS        2719 TOTAL
                     EDM= unknown      STRATEGY= 1      NO ERROR MATRIX       
  EXT PARAMETER               CURRENT GUESS       STEP         FIRST   
  NO.   NAME      VALUE            ERROR          SIZE      DERIVATIVE 
   1  N0           3.06860e+06   3.06848e+03   3.06848e+03   6.84070e-06
   2  tau          6.43838e+01   constant   
   3  A0           4.15730e-01   2.16657e-03   2.16657e-03   4.43748e+01
   4  phi          4.04270e+00   3.82394e-03   3.82394e-03   3.81178e+01
   5  R           -6.25346e+01   constant   
   6  alpha_CBO   -1.07967e-02   1.99893e-03   1.99893e-03  -1.65390e+02
   7  w_CBO        2.32500e+00   constant   
   8  beta_CBO     1.04633e-04   7.44771e-04   5.90892e-07   1.10626e+00
   9  alpha_2CBO   1.10810e-04   6.91642e-04   5.75519e-07  -2.17789e+01
  10  beta_2CBO    4.42632e-03     fixed    
  11  alpha_y      0.00000e+00     fixed    
  12  w_y          1.44500e+01   constant   
  13  beta_y      -5.05684e-04     fixed    
  14  alpha_vw     0.00000e+00     fixed    
  15  w_vw         1.29000e+01   constant   
  16  beta_vw      0.00000e+00     fixed    
  17  LM          -7.79046e-04   constant   
  18  zeta_y       0.00000e+00   constant   
  19  zeta_vw      0.00000e+00   constant   
  20  T_CBO        6.14433e+01   2.00671e+00   1.95969e-06  -1.50753e+00
  21  alpha_A0    -2.09142e-02   3.05977e-03   3.64354e-06   1.41748e+00
  22  beta_A0      4.28485e-01   1.24563e-02   4.13068e-06   1.06306e-01
  23  alpha_phi    4.30488e-01   1.22911e-02   3.95989e-06  -1.04477e+00
  24  beta_phi     3.24428e-02   4.29222e-03   4.07137e-06   1.80489e+00
 MIGRAD MINIMIZATION HAS CONVERGED.
 MIGRAD WILL VERIFY CONVERGENCE AND ERROR MATRIX.
 FCN=37.9976 FROM HESSE     STATUS=NOT POSDEF    100 CALLS        4351 TOTAL
                     EDM=0.000143931    STRATEGY= 1      ERR MATRIX NOT POS-DEF
  EXT PARAMETER                APPROXIMATE        STEP         FIRST   
  NO.   NAME      VALUE            ERROR          SIZE      DERIVATIVE 
   1  N0           3.06778e+06   4.58004e+03   1.46283e+00  -4.22232e-06
   2  tau          6.43838e+01   constant   
   3  A0           4.12855e-01   2.04347e-03   5.64257e-07  -1.26704e+01
   4  phi          3.97409e+00   4.08037e-03   1.89500e-06   3.97723e+00
   5  R           -6.25346e+01   constant   
   6  alpha_CBO   -1.41024e-03   1.78156e-03   5.82280e-07  -1.52527e+01
   7  w_CBO        2.32500e+00   constant   
   8  beta_CBO     2.78596e-02   1.84941e-03   5.71301e-07  -3.28892e+00
   9  alpha_2CBO   1.14881e-02   7.61801e-04   5.59759e-07   7.65858e+00
  10  beta_2CBO    4.42632e-03     fixed    
  11  alpha_y      0.00000e+00     fixed    
  12  w_y          1.44500e+01   constant   
  13  beta_y      -5.05684e-04     fixed    
  14  alpha_vw     0.00000e+00     fixed    
  15  w_vw         1.29000e+01   constant   
  16  beta_vw      0.00000e+00     fixed    
  17  LM          -7.79046e-04   constant   
  18  zeta_y       0.00000e+00   constant   
  19  zeta_vw      0.00000e+00   constant   
  20  T_CBO        7.19978e+01   1.90311e+00   1.73822e-06   3.98512e+00
  21  alpha_A0     2.05160e-01   1.08826e-02   3.05025e-06   9.48411e-01
  22  beta_A0      5.40887e-01   1.03386e-02   3.27471e-06   1.75442e-01
  23  alpha_phi    4.74397e-01   1.02359e-02   3.35313e-06   2.18464e+00
  24  beta_phi    -9.32322e-02   1.00521e-02   3.86298e-06   1.14229e-01
 CALL LIMIT EXCEEDED IN MIGRAD.
 MIGRAD TERMINATED WITHOUT CONVERGENCE.
 FCN=37.9545 FROM MIGRAD    STATUS=CALL LIMIT   1906 CALLS        4603 TOTAL
                     EDM=4.54694e-05    STRATEGY= 1      ERR MATRIX NOT POS-DEF
  EXT PARAMETER                APPROXIMATE        STEP         FIRST   
  NO.   NAME      VALUE            ERROR          SIZE      DERIVATIVE 
   1  N0           3.08247e+06   4.89460e+04   1.81782e+02  -1.06794e-06
   2  tau          6.43838e+01   constant   
   3  A0           4.16607e-01   1.45523e-02   5.81323e-05   6.77537e+00
   4  phi          3.98010e+00   2.04311e-02   4.13729e-05   9.26681e-01
   5  R           -6.25346e+01   constant   
   6  alpha_CBO    1.89197e-03   1.22586e-02   4.23690e-05  -4.99031e+00
   7  w_CBO        2.32500e+00   constant   
   8  beta_CBO     2.47425e-02   9.93060e-03  -3.17606e-05  -2.93983e+00
   9  alpha_2CBO   1.21915e-02   2.90589e-03   1.21687e-05  -3.67533e+01
  10  beta_2CBO    4.42632e-03     fixed    
  11  alpha_y      0.00000e+00     fixed    
  12  w_y          1.44500e+01   constant   
  13  beta_y      -5.05684e-04     fixed    
  14  alpha_vw     0.00000e+00     fixed    
  15  w_vw         1.29000e+01   constant   
  16  beta_vw      0.00000e+00     fixed    
  17  LM          -7.79046e-04   constant   
  18  zeta_y       0.00000e+00   constant   
  19  zeta_vw      0.00000e+00   constant   
  20  T_CBO        7.21034e+01   1.83282e+00   1.73731e-06   1.37256e+00
  21  alpha_A0     2.24146e-01   7.06163e-02   3.10486e-04   2.50904e+00
  22  beta_A0      5.44532e-01   3.02229e-02   1.36957e-04   2.46679e+00
  23  alpha_phi    4.81866e-01   4.10026e-02   1.65157e-04  -2.77651e+00
  24  beta_phi    -1.03187e-01   3.73111e-02  -1.79703e-04   1.85154e+00
 EXTERNAL ERROR MATRIX.    NDIM=  25    NPAR= 11    ERR DEF=1
  2.396e+09 
  6.955e+02  2.118e-04 
  9.261e+02  2.682e-04  4.174e-04 
  5.885e+02  1.744e-04  2.363e-04  1.503e-04 
 -4.772e+02 -1.386e-04 -1.918e-04 -1.158e-04  9.862e-05 
  1.348e+02  3.994e-05  4.817e-05  3.364e-05 -2.534e-05  8.444e-06 
 -9.119e+03 -9.494e-04 -3.786e-03 -6.683e-04  2.738e-03 -4.994e-05  3.359e+00 
  3.366e+03  9.809e-04  1.194e-03  8.238e-04 -6.463e-04  2.009e-04 -1.391e-02  4.987e-03 
  1.264e+03  3.972e-04  4.477e-04  3.259e-04 -2.365e-04  8.015e-05 -1.100e-02  1.934e-03  9.134e-04 
  1.843e+03  5.779e-04  7.035e-04  4.728e-04 -3.633e-04  1.080e-04 -1.103e-02  2.663e-03  1.194e-03  1.681e-03 
 -1.626e+03 -4.641e-04 -5.030e-04 -3.752e-04  3.117e-04 -9.690e-05  1.088e-02 -2.502e-03 -9.181e-04 -1.246e-03  1.392e-03 
ERR MATRIX NOT POS-DEF
 PARAMETER  CORRELATION COEFFICIENTS  
       NO.  GLOBAL      1      3      4      6      8      9     20     21     22     23     24
        1  0.99998   1.000  0.976  0.926  0.981 -0.982  0.948 -0.102  0.974  0.854  0.919 -0.890
        3  0.99993   0.976  1.000  0.902  0.978 -0.959  0.944 -0.036  0.955  0.903  0.968 -0.855
        4  0.99992   0.926  0.902  1.000  0.944 -0.945  0.811 -0.101  0.828  0.725  0.840 -0.660
        6  0.99990   0.981  0.978  0.944  1.000 -0.951  0.944 -0.030  0.952  0.880  0.941 -0.820
        8  0.99983  -0.982 -0.959 -0.945 -0.951  1.000 -0.878  0.150 -0.922 -0.788 -0.892  0.841
        9  0.99848   0.948  0.944  0.811  0.944 -0.878  1.000 -0.009  0.979  0.913  0.906 -0.894
       20  0.99683  -0.102 -0.036 -0.101 -0.030  0.150 -0.009  1.000 -0.107 -0.199 -0.147  0.159
       21  0.99994   0.974  0.955  0.828  0.952 -0.922  0.979 -0.107  1.000  0.906  0.920 -0.950
       22  0.99945   0.854  0.903  0.725  0.880 -0.788  0.913 -0.199  0.906  1.000  0.964 -0.814
       23  0.99966   0.919  0.968  0.840  0.941 -0.892  0.906 -0.147  0.920  0.964  1.000 -0.814
       24  0.99954  -0.890 -0.855 -0.660 -0.820  0.841 -0.894  0.159 -0.950 -0.814 -0.814  1.000
 ERR MATRIX NOT POS-DEF
MINUIT - FIT ONLY 1-y
 **********
 **   51 **RES 
 **********
                   PARAMETER   16  beta_vw RESTORED TO VARIABLE.
                   PARAMETER   14  alpha_vw RESTORED TO VARIABLE.
                   PARAMETER   13  beta_y RESTORED TO VARIABLE.
                   PARAMETER   11  alpha_y RESTORED TO VARIABLE.
                   PARAMETER   10  beta_2CBO RESTORED TO VARIABLE.
 **********
 **   52 **FIX            0
 **********
 PARAMETER    0  IS UNDEFINED. IGNORED.
 **********
 **   53 **FIX            1
 **********
 **********
 **   54 **FIX            2
 **********
 PARAMETER    2  IS CONSTANT.   IGNORED.
 **********
 **   55 **FIX            3
 **********
 **********
 **   56 **FIX            4
 **********
 **********
 **   57 **FIX            5
 **********
 PARAMETER    5  IS CONSTANT.   IGNORED.
 **********
 **   58 **FIX            6
 **********
 **********
 **   59 **FIX            7
 **********
 PARAMETER    7  IS CONSTANT.   IGNORED.
 **********
 **   60 **FIX            8
 **********
 **********
 **   61 **FIX            9
 **********
 **********
 **   62 **FIX           13
 **********
 **********
 **   63 **FIX           14
 **********
 **********
 **   64 **FIX           15
 **********
 PARAMETER   15  IS CONSTANT.   IGNORED.
 **********
 **   65 **FIX           16
 **********
 **********
 **   66 **MIGRAD
 **********
 START MIGRAD MINIMIZATION.  STRATEGY  1.  CONVERGENCE WHEN EDM .LT. 1.00e-04
 FCN=37.9545 FROM MIGRAD    STATUS=INITIATE       16 CALLS        4619 TOTAL
                     EDM= unknown      STRATEGY= 1      NO ERROR MATRIX       
  EXT PARAMETER               CURRENT GUESS       STEP         FIRST   
  NO.   NAME      VALUE            ERROR          SIZE      DERIVATIVE 
   1  N0           3.08247e+06     fixed    
   2  tau          6.43838e+01   constant   
   3  A0           4.16607e-01     fixed    
   4  phi          3.98010e+00     fixed    
   5  R           -6.25346e+01   constant   
   6  alpha_CBO    1.89197e-03     fixed    
   7  w_CBO        2.32500e+00   constant   
   8  beta_CBO     2.47425e-02     fixed    
   9  alpha_2CBO   1.21915e-02     fixed    
  10  beta_2CBO    4.42632e-03   7.78735e-04   7.78735e-04  -1.86363e+02
  11  alpha_y      0.00000e+00   1.00000e-03   1.00000e-03   5.49682e+04
  12  w_y          1.44500e+01   constant   
  13  beta_y      -5.05684e-04     fixed    
  14  alpha_vw     0.00000e+00     fixed    
  15  w_vw         1.29000e+01   constant   
  16  beta_vw      0.00000e+00     fixed    
  17  LM          -7.79046e-04   constant   
  18  zeta_y       0.00000e+00   constant   
  19  zeta_vw      0.00000e+00   constant   
  20  T_CBO        7.21034e+01   1.83282e+00   1.73731e-06   1.37254e+00
  21  alpha_A0     2.24146e-01   7.06163e-02   3.10486e-04   2.50904e+00
  22  beta_A0      5.44532e-01   3.02229e-02   1.36957e-04   2.46679e+00
  23  alpha_phi    4.81866e-01   4.10026e-02   1.65157e-04  -2.77651e+00
  24  beta_phi    -1.03187e-01   3.73111e-02  -1.79703e-04   1.85154e+00
 MIGRAD MINIMIZATION HAS CONVERGED.
 MIGRAD WILL VERIFY CONVERGENCE AND ERROR MATRIX.
 FCN=9.96183 FROM HESSE     STATUS=NOT POSDEF     50 CALLS        4764 TOTAL
                     EDM=0.000585761    STRATEGY= 1      ERR MATRIX NOT POS-DEF
  EXT PARAMETER                APPROXIMATE        STEP         FIRST   
  NO.   NAME      VALUE            ERROR          SIZE      DERIVATIVE 
   1  N0           3.08247e+06     fixed    
   2  tau          6.43838e+01   constant   
   3  A0           4.16607e-01     fixed    
   4  phi          3.98010e+00     fixed    
   5  R           -6.25346e+01   constant   
   6  alpha_CBO    1.89197e-03     fixed    
   7  w_CBO        2.32500e+00   constant   
   8  beta_CBO     2.47425e-02     fixed    
   9  alpha_2CBO   1.21915e-02     fixed    
  10  beta_2CBO    4.15613e-03   3.00053e-04   3.15793e-07  -7.40904e-02
  11  alpha_y     -1.01942e-03   1.92419e-04   3.03812e-07  -1.63132e-01
  12  w_y          1.44500e+01   constant   
  13  beta_y      -5.05684e-04     fixed    
  14  alpha_vw     0.00000e+00     fixed    
  15  w_vw         1.29000e+01   constant   
  16  beta_vw      0.00000e+00     fixed    
  17  LM          -7.79046e-04   constant   
  18  zeta_y       0.00000e+00   constant   
  19  zeta_vw      0.00000e+00   constant   
  20  T_CBO        7.20252e+01   2.09933e+00   8.93810e-07  -2.86411e+00
  21  alpha_A0     2.24587e-01   5.04470e-03   1.58977e-06   3.41272e-01
  22  beta_A0      5.43494e-01   1.19731e-02   1.70878e-06   1.15115e+00
  23  alpha_phi    4.82241e-01   1.03403e-02   1.75367e-06   9.22798e-01
  24  beta_phi    -1.01553e-01   2.85218e-03   2.01724e-06  -1.16915e-01
 MIGRAD MINIMIZATION HAS CONVERGED.
 MIGRAD WILL VERIFY CONVERGENCE AND ERROR MATRIX.
 FCN=9.81457 FROM MIGRAD    STATUS=CONVERGED     897 CALLS        5500 TOTAL
                     EDM=1.20484e-05    STRATEGY= 1      ERR MATRIX NOT POS-DEF
  EXT PARAMETER                APPROXIMATE        STEP         FIRST   
  NO.   NAME      VALUE            ERROR          SIZE      DERIVATIVE 
   1  N0           3.08247e+06     fixed    
   2  tau          6.43838e+01   constant   
   3  A0           4.16607e-01     fixed    
   4  phi          3.98010e+00     fixed    
   5  R           -6.25346e+01   constant   
   6  alpha_CBO    1.89197e-03     fixed    
   7  w_CBO        2.32500e+00   constant   
   8  beta_CBO     2.47425e-02     fixed    
   9  alpha_2CBO   1.21915e-02     fixed    
  10  beta_2CBO    4.05523e-03   2.99844e-04   3.13665e-07  -1.69771e+00
  11  alpha_y     -1.02542e-03   1.92414e-04   3.01768e-07  -4.56676e+00
  12  w_y          1.44500e+01   constant   
  13  beta_y      -5.05684e-04     fixed    
  14  alpha_vw     0.00000e+00     fixed    
  15  w_vw         1.29000e+01   constant   
  16  beta_vw      0.00000e+00     fixed    
  17  LM          -7.79046e-04   constant   
  18  zeta_y       0.00000e+00   constant   
  19  zeta_vw      0.00000e+00   constant   
  20  T_CBO        8.74363e+01   3.09657e+00   1.19435e-06  -6.22940e+00
  21  alpha_A0     1.96542e-01   4.41856e-03   1.38496e-06  -2.10854e+00
  22  beta_A0      4.75949e-01   1.04951e-02   1.48981e-06  -2.81011e+00
  23  alpha_phi    4.23844e-01   9.09620e-03   1.53227e-06  -3.58866e+00
  24  beta_phi    -8.82411e-02   2.48735e-03   1.75960e-06  -1.53412e+00
 EXTERNAL ERROR MATRIX.    NDIM=  25    NPAR=  7    ERR DEF=1
  8.991e-08  9.997e-09 -3.404e-05  1.938e-09  3.933e-07  3.693e-09 -2.698e-07 
  9.997e-09  3.702e-08  1.220e-06 -1.010e-08  4.339e-08 -3.372e-09 -5.422e-08 
 -3.404e-05  1.220e-06  9.589e+00 -1.341e-02 -3.222e-02 -2.799e-02  6.236e-03 
  1.938e-09 -1.010e-08 -1.341e-02  1.952e-05  4.501e-05  3.918e-05 -8.635e-06 
  3.933e-07  4.339e-08 -3.222e-02  4.501e-05  1.101e-04  9.382e-05 -2.214e-05 
  3.693e-09 -3.372e-09 -2.799e-02  3.918e-05  9.382e-05  8.274e-05 -1.822e-05 
 -2.698e-07 -5.422e-08  6.236e-03 -8.635e-06 -2.214e-05 -1.822e-05  6.187e-06 
ERR MATRIX NOT POS-DEF
 PARAMETER  CORRELATION COEFFICIENTS  
       NO.  GLOBAL     10     11     20     21     22     23     24
       10  0.75928   1.000  0.173 -0.037  0.001  0.125  0.001 -0.362
       11  0.21937   0.173  1.000  0.002 -0.012  0.021 -0.002 -0.113
       20  0.99769  -0.037  0.002  1.000 -0.980 -0.992 -0.994  0.810
       21  0.98085   0.001 -0.012 -0.980  1.000  0.971  0.975 -0.786
       22  0.99610   0.125  0.021 -0.992  0.971  1.000  0.983 -0.848
       23  0.99451   0.001 -0.002 -0.994  0.975  0.983  1.000 -0.805
       24  0.89820  -0.362 -0.113  0.810 -0.786 -0.848 -0.805  1.000
 ERR MATRIX NOT POS-DEF
MINUIT - FIT ONLY 2-y
 **********
 **   67 **RES 
 **********
                   PARAMETER   16  beta_vw RESTORED TO VARIABLE.
                   PARAMETER   14  alpha_vw RESTORED TO VARIABLE.
                   PARAMETER   13  beta_y RESTORED TO VARIABLE.
                   PARAMETER    9  alpha_2CBO RESTORED TO VARIABLE.
                   PARAMETER    8  beta_CBO RESTORED TO VARIABLE.
                   PARAMETER    6  alpha_CBO RESTORED TO VARIABLE.
                   PARAMETER    4  phi RESTORED TO VARIABLE.
                   PARAMETER    3  A0 RESTORED TO VARIABLE.
                   PARAMETER    1  N0 RESTORED TO VARIABLE.
 **********
 **   68 **FIX            0
 **********
 PARAMETER    0  IS UNDEFINED. IGNORED.
 **********
 **   69 **FIX            1
 **********
 **********
 **   70 **FIX            2
 **********
 PARAMETER    2  IS CONSTANT.   IGNORED.
 **********
 **   71 **FIX            3
 **********
 **********
 **   72 **FIX            4
 **********
 **********
 **   73 **FIX            5
 **********
 PARAMETER    5  IS CONSTANT.   IGNORED.
 **********
 **   74 **FIX            6
 **********
 **********
 **   75 **FIX            7
 **********
 PARAMETER    7  IS CONSTANT.   IGNORED.
 **********
 **   76 **FIX            8
 **********
 **********
 **   77 **FIX            9
 **********
 **********
 **   78 **FIX           10
 **********
 **********
 **   79 **FIX           11
 **********
 **********
 **   80 **FIX           12
 **********
 PARAMETER   12  IS CONSTANT.   IGNORED.
 **********
 **   81 **FIX           16
 **********
 **********
 **   82 **MIGRAD
 **********
 START MIGRAD MINIMIZATION.  STRATEGY  1.  CONVERGENCE WHEN EDM .LT. 1.00e-04
 FCN=9.81457 FROM MIGRAD    STATUS=INITIATE       16 CALLS        5516 TOTAL
                     EDM= unknown      STRATEGY= 1      NO ERROR MATRIX       
  EXT PARAMETER               CURRENT GUESS       STEP         FIRST   
  NO.   NAME      VALUE            ERROR          SIZE      DERIVATIVE 
   1  N0           3.08247e+06     fixed    
   2  tau          6.43838e+01   constant   
   3  A0           4.16607e-01     fixed    
   4  phi          3.98010e+00     fixed    
   5  R           -6.25346e+01   constant   
   6  alpha_CBO    1.89197e-03     fixed    
   7  w_CBO        2.32500e+00   constant   
   8  beta_CBO     2.47425e-02     fixed    
   9  alpha_2CBO   1.21915e-02     fixed    
  10  beta_2CBO    4.05523e-03     fixed    
  11  alpha_y     -1.02542e-03     fixed    
  12  w_y          1.44500e+01   constant   
  13  beta_y      -5.05684e-04   1.93691e-04   1.93691e-04  -3.65299e+03
  14  alpha_vw     0.00000e+00   1.00000e-03   1.00000e-03  -9.32863e+03
  15  w_vw         1.29000e+01   constant   
