 + ++++++++++++++++++++++++++++++++++++++++++++++++++++++++++++++++++++ +
 +                                                                      +
 +           You have chose to blind your fitting according to          +
 +                omega_ref * (1 + (R +/- deltaR) *10^{-6})             +
 +                                                                      +
 + ++++++++++++++++++++++++++++++++++++++++++++++++++++++++++++++++++++ +
In main()...
reading format from /gm2data/zkhechad/run45/envelope/formats/formatB_sBin_constraintOn.txt
pBinTau 	= 0  
pBinPhi 	= 0  
constraintau 	= 1 
includeMopTerm 	= 0    
constrainMop    = 0   
Parameters after format file: pBinTau 0 pBinPhi 0 constraintau 1 includeMopTerm 0 constrainMop 0 c_e_scale 0.000000 
Opening file /gm2data/tbarrett/gm2fr/studies/run23_bunch_corrections/CorrectedFourier_Run3b.root.
reading full fit data from /gm2data/zkhechad/cboTemplates/Run4CBOTemplates/templateFits0_v2.0/noRF/sBin_constraintOn_cE0.0_seed0_noRF_calo15.root
windowBins = 17
fitting sliding window 234 from bin 370 at 55.054800 to bin 387 at 57.740400 (17 bins)

Reading data from /gm2data/cornell/histograms/aMethod/histogram_a_noRF.root
 **********
 **    1 **SET PRINTOUT            1
 **********
 **********
 **    2 **SET NOWARNINGS 
 **********
 PARAMETER DEFINITIONS:
    NO.   NAME         VALUE      STEP SIZE      LIMITS
     1 N0           3.09167e+06  1.00000e+02     no limits
     2 tau          6.43743e+01  constant
     3 A0           3.54035e-01  1.00000e-04     no limits
     4 phi          4.11947e+00  1.00000e-02     no limits
     5 R           -6.00908e+01  constant
     6 alpha_CBO    0.00000e+00  1.00000e-03     no limits
     7 w_CBO        2.32500e+00  constant
     8 beta_CBO     0.00000e+00  1.00000e-03     no limits
     9 alpha_2CBO   0.00000e+00  1.00000e-03     no limits
    10 beta_2CBO    0.00000e+00  1.00000e-03     no limits
    11 alpha_y      0.00000e+00  1.00000e-03     no limits
    12 w_y          1.44500e+01  constant
    13 beta_y       0.00000e+00  1.00000e-03     no limits
    14 alpha_vw     0.00000e+00  1.00000e-03     no limits
    15 w_vw         1.29000e+01  constant
    16 beta_vw      0.00000e+00  1.00000e-03     no limits
    17 LM          -9.88464e-04  constant
    18 zeta_y       0.00000e+00  constant
    19 zeta_vw      0.00000e+00  constant
    20 T_CBO        1.00000e+02  1.00000e+00    0.00000e+00  1.00000e+03
    21 alpha_A0     0.00000e+00  1.00000e-03     no limits
    22 beta_A0      0.00000e+00  1.00000e-03     no limits
    23 alpha_phi    0.00000e+00  1.00000e-03     no limits
    24 beta_phi     0.00000e+00  1.00000e-03     no limits
MINUIT - FIT ONLY WIGGLE
 **********
 **    3 **FIX            5
 **********
 PARAMETER    5  IS CONSTANT.   IGNORED.
 **********
 **    4 **FIX            6
 **********
 **********
 **    5 **FIX            7
 **********
 PARAMETER    7  IS CONSTANT.   IGNORED.
 **********
 **    6 **FIX            8
 **********
 **********
 **    7 **FIX            9
 **********
 **********
 **    8 **FIX           10
 **********
 **********
 **    9 **FIX           11
 **********
 **********
 **   10 **FIX           12
 **********
 PARAMETER   12  IS CONSTANT.   IGNORED.
 **********
 **   11 **FIX           13
 **********
 **********
 **   12 **FIX           14
 **********
 **********
 **   13 **FIX           15
 **********
 PARAMETER   15  IS CONSTANT.   IGNORED.
 **********
 **   14 **FIX           16
 **********
 **********
 **   15 **MIGRAD
 **********
 FIRST CALL TO USER FUNCTION AT NEW START POINT, WITH IFLAG=4.
 START MIGRAD MINIMIZATION.  STRATEGY  1.  CONVERGENCE WHEN EDM .LT. 1.00e-04
 FCN=1128.19 FROM MIGRAD    STATUS=INITIATE      429 CALLS         430 TOTAL
                     EDM= unknown      STRATEGY= 1      NO ERROR MATRIX       
  EXT PARAMETER               CURRENT GUESS       STEP         FIRST   
  NO.   NAME      VALUE            ERROR          SIZE      DERIVATIVE 
   1  N0           3.09167e+06   1.00000e+02   0.00000e+00   5.96876e-02
   2  tau          6.43743e+01   constant   
   3  A0           3.54035e-01   1.00000e-04   0.00000e+00   2.95142e+05
   4  phi          4.11947e+00   1.00000e-02   0.00000e+00   2.48281e+04
   5  R           -6.00908e+01   constant   
   6  alpha_CBO    0.00000e+00     fixed    
   7  w_CBO        2.32500e+00   constant   
   8  beta_CBO     0.00000e+00     fixed    
   9  alpha_2CBO   0.00000e+00     fixed    
  10  beta_2CBO    0.00000e+00     fixed    
  11  alpha_y      0.00000e+00     fixed    
  12  w_y          1.44500e+01   constant   
  13  beta_y       0.00000e+00     fixed    
  14  alpha_vw     0.00000e+00     fixed    
  15  w_vw         1.29000e+01   constant   
  16  beta_vw      0.00000e+00     fixed    
  17  LM          -9.88464e-04   constant   
  18  zeta_y       0.00000e+00   constant   
  19  zeta_vw      0.00000e+00   constant   
  20  T_CBO        1.00000e+02   1.00000e+00   0.00000e+00   0.00000e+00
  21  alpha_A0     0.00000e+00   1.00000e-03   0.00000e+00  -2.69386e+04
  22  beta_A0      0.00000e+00   1.00000e-03   0.00000e+00  -3.16187e+04
  23  alpha_phi    0.00000e+00   1.00000e-03   0.00000e+00  -4.86265e+03
  24  beta_phi     0.00000e+00   1.00000e-03   0.00000e+00  -1.61655e+03
 CALL LIMIT EXCEEDED IN MIGRAD.
 MIGRAD TERMINATED WITHOUT CONVERGENCE.
 FCN=72.1349 FROM MIGRAD    STATUS=CALL LIMIT   1332 CALLS        1333 TOTAL
                     EDM=0.145354    STRATEGY= 1  ERROR MATRIX UNCERTAINTY  35.5 per cent
  EXT PARAMETER                APPROXIMATE        STEP         FIRST   
  NO.   NAME      VALUE            ERROR          SIZE      DERIVATIVE 
   1  N0           3.10172e+06   8.86604e+03   2.88932e+02  -2.78671e-04
   2  tau          6.43743e+01   constant   
   3  A0           3.34428e-01   2.93557e-03  -1.65015e-04  -5.20580e+02
   4  phi          4.12338e+00   6.72056e-03   1.58669e-04   9.34994e+01
   5  R           -6.00908e+01   constant   
   6  alpha_CBO    0.00000e+00     fixed    
   7  w_CBO        2.32500e+00   constant   
   8  beta_CBO     0.00000e+00     fixed    
   9  alpha_2CBO   0.00000e+00     fixed    
  10  beta_2CBO    0.00000e+00     fixed    
  11  alpha_y      0.00000e+00     fixed    
  12  w_y          1.44500e+01   constant   
  13  beta_y       0.00000e+00     fixed    
  14  alpha_vw     0.00000e+00     fixed    
  15  w_vw         1.29000e+01   constant   
  16  beta_vw      0.00000e+00     fixed    
  17  LM          -9.88464e-04   constant   
  18  zeta_y       0.00000e+00   constant   
  19  zeta_vw      0.00000e+00   constant   
  20  T_CBO        4.57683e+01   1.14024e+00   1.01849e-04  -5.16741e+00
  21  alpha_A0    -1.89609e-01   5.49044e-02  -2.81494e-03   7.57907e+01
  22  beta_A0     -4.79093e-02   4.39219e-02   2.92039e-04  -3.58851e+00
  23  alpha_phi   -5.72780e-02   3.81541e-02   3.63019e-04   3.97518e+01
  24  beta_phi     2.17621e-01   5.00022e-02   2.57181e-03   7.02094e+01
 EXTERNAL ERROR MATRIX.    NDIM=  25    NPAR=  8    ERR DEF=1
  7.861e+07 -1.255e+01  5.740e+01 -8.073e+03 -3.632e+02  3.303e+02  2.974e+02  3.574e+02 
 -1.255e+01  8.618e-06 -9.508e-06  1.809e-03  1.505e-04  5.444e-06 -1.253e-06 -1.326e-04 
  5.740e+01 -9.508e-06  4.517e-05 -6.402e-03 -2.793e-04  2.464e-04  2.184e-04  2.698e-04 
 -8.073e+03  1.809e-03 -6.402e-03  1.300e+00  4.777e-02 -3.009e-02 -2.728e-02 -4.448e-02 
 -3.632e+02  1.505e-04 -2.793e-04  4.777e-02  3.014e-03 -7.330e-04 -7.358e-04 -2.730e-03 
  3.303e+02  5.444e-06  2.464e-04 -3.009e-02 -7.330e-04  1.929e-03  1.665e-03  8.481e-04 
  2.974e+02 -1.253e-06  2.184e-04 -2.728e-02 -7.358e-04  1.665e-03  1.456e-03  8.288e-04 
  3.574e+02 -1.326e-04  2.698e-04 -4.448e-02 -2.730e-03  8.481e-04  8.288e-04  2.500e-03 
ERR MATRIX APPROXIMATE
 PARAMETER  CORRELATION COEFFICIENTS  
       NO.  GLOBAL      1      3      4     20     21     22     23     24
        1  0.99934   1.000 -0.482  0.963 -0.799 -0.746  0.848  0.879  0.806
        3  0.99970  -0.482  1.000 -0.482  0.541  0.934  0.042 -0.011 -0.904
        4  0.99660   0.963 -0.482  1.000 -0.835 -0.757  0.835  0.852  0.803
       20  0.96912  -0.799  0.541 -0.835  1.000  0.763 -0.601 -0.627 -0.780
       21  0.99956  -0.746  0.934 -0.757  0.763  1.000 -0.304 -0.351 -0.994
       22  0.99825   0.848  0.042  0.835 -0.601 -0.304  1.000  0.994  0.386
       23  0.99907   0.879 -0.011  0.852 -0.627 -0.351  0.994  1.000  0.434
       24  0.99989   0.806 -0.904  0.803 -0.780 -0.994  0.386  0.434  1.000
 ERR MATRIX APPROXIMATE
MINUIT - FIT ONLY 1-CBO + wiggle
 **********
 **   16 **RES 
 **********
                   PARAMETER   16  beta_vw RESTORED TO VARIABLE.
                   PARAMETER   14  alpha_vw RESTORED TO VARIABLE.
                   PARAMETER   13  beta_y RESTORED TO VARIABLE.
                   PARAMETER   11  alpha_y RESTORED TO VARIABLE.
                   PARAMETER   10  beta_2CBO RESTORED TO VARIABLE.
                   PARAMETER    9  alpha_2CBO RESTORED TO VARIABLE.
                   PARAMETER    8  beta_CBO RESTORED TO VARIABLE.
                   PARAMETER    6  alpha_CBO RESTORED TO VARIABLE.
 **********
 **   17 **FIX            8
 **********
 **********
 **   18 **FIX            9
 **********
 **********
 **   19 **FIX           11
 **********
 **********
 **   20 **FIX           12
 **********
 PARAMETER   12  IS CONSTANT.   IGNORED.
 **********
 **   21 **FIX           14
 **********
 **********
 **   22 **FIX           15
 **********
 PARAMETER   15  IS CONSTANT.   IGNORED.
 **********
 **   23 **FIX           16
 **********
 **********
 **   24 **MIGRAD
 **********
 START MIGRAD MINIMIZATION.  STRATEGY  1.  CONVERGENCE WHEN EDM .LT. 1.00e-04
 FCN=72.1349 FROM MIGRAD    STATUS=INITIATE       28 CALLS        1361 TOTAL
                     EDM= unknown      STRATEGY= 1      NO ERROR MATRIX       
  EXT PARAMETER               CURRENT GUESS       STEP         FIRST   
  NO.   NAME      VALUE            ERROR          SIZE      DERIVATIVE 
   1  N0           3.10172e+06   8.86604e+03   2.88932e+02  -2.78671e-04
   2  tau          6.43743e+01   constant   
   3  A0           3.34428e-01   2.93557e-03  -1.65015e-04  -5.20580e+02
   4  phi          4.12338e+00   6.72056e-03   1.58669e-04   9.34994e+01
   5  R           -6.00908e+01   constant   
   6  alpha_CBO    0.00000e+00   1.00000e-03   1.00000e-03   1.69987e+03
   7  w_CBO        2.32500e+00   constant   
   8  beta_CBO     0.00000e+00     fixed    
   9  alpha_2CBO   0.00000e+00     fixed    
  10  beta_2CBO    0.00000e+00   1.00000e-03   1.00000e-03   1.67933e+03
  11  alpha_y      0.00000e+00     fixed    
  12  w_y          1.44500e+01   constant   
  13  beta_y       0.00000e+00   1.00000e-03   1.00000e-03   1.26612e+04
  14  alpha_vw     0.00000e+00     fixed    
  15  w_vw         1.29000e+01   constant   
  16  beta_vw      0.00000e+00     fixed    
  17  LM          -9.88464e-04   constant   
  18  zeta_y       0.00000e+00   constant   
  19  zeta_vw      0.00000e+00   constant   
  20  T_CBO        4.57683e+01   1.14024e+00   1.01849e-04  -5.16740e+00
  21  alpha_A0    -1.89609e-01   5.49044e-02  -2.81494e-03   7.57907e+01
  22  beta_A0     -4.79093e-02   4.39219e-02   2.92039e-04  -3.58851e+00
  23  alpha_phi   -5.72780e-02   3.81541e-02   3.63019e-04   3.97518e+01
  24  beta_phi     2.17621e-01   5.00022e-02   2.57181e-03   7.02094e+01
 CALL LIMIT EXCEEDED IN MIGRAD.
 MIGRAD TERMINATED WITHOUT CONVERGENCE.
 FCN=68.9544 FROM MIGRAD    STATUS=CALL LIMIT   1928 CALLS        3261 TOTAL
                     EDM=0.000268371    STRATEGY= 1  ERROR MATRIX UNCERTAINTY   2.7 per cent
  EXT PARAMETER                APPROXIMATE        STEP         FIRST   
  NO.   NAME      VALUE            ERROR          SIZE      DERIVATIVE 
   1  N0           3.09911e+06   3.75719e+03   1.87418e+00   1.82851e-05
   2  tau          6.43743e+01   constant   
   3  A0           3.49572e-01   7.88215e-03  -1.28738e-05  -9.22366e-02
   4  phi          4.11675e+00   1.17348e-02   9.09057e-06   1.09832e+01
   5  R           -6.00908e+01   constant   
   6  alpha_CBO    3.77460e-03   3.06387e-03  -6.23998e-06  -2.74165e+01
   7  w_CBO        2.32500e+00   constant   
   8  beta_CBO     0.00000e+00     fixed    
   9  alpha_2CBO   0.00000e+00     fixed    
  10  beta_2CBO   -1.36515e-03   6.74108e-04   2.00879e-06   6.46374e+01
  11  alpha_y      0.00000e+00     fixed    
  12  w_y          1.44500e+01   constant   
  13  beta_y      -2.85831e-04   1.85533e-04  -2.46692e-09  -2.79204e+01
  14  alpha_vw     0.00000e+00     fixed    
  15  w_vw         1.29000e+01   constant   
  16  beta_vw      0.00000e+00     fixed    
  17  LM          -9.88464e-04   constant   
  18  zeta_y       0.00000e+00   constant   
  19  zeta_vw      0.00000e+00   constant   
  20  T_CBO        2.72370e+01   1.26241e+01   9.24476e-05  -3.46750e+00
  21  alpha_A0    -1.09215e-01   8.11921e-02  -3.87126e-06  -1.29426e+00
  22  beta_A0      1.04470e-01   1.48105e-01  -2.03463e-04  -1.22638e+00
  23  alpha_phi   -1.21444e-02   2.03648e-02  -1.64747e-06  -2.93512e-01
  24  beta_phi     1.17793e-01   7.86146e-02   1.45666e-04  -2.51508e+00
 EXTERNAL ERROR MATRIX.    NDIM=  25    NPAR= 11    ERR DEF=1
  1.412e+07 
 -7.022e+00  6.213e-05 
 -9.493e+00 -8.224e-05  1.377e-04 
  2.815e+00  2.082e-05 -3.409e-05  9.387e-06 
  1.406e+00  5.993e-07 -3.544e-06  4.932e-07  4.544e-07 
  1.923e-01 -1.547e-07 -1.273e-08  2.607e-08  1.051e-08  3.442e-08 
  1.586e+04 -9.877e-02  1.254e-01 -3.069e-02 -8.577e-04  3.298e-04  1.597e+02 
 -1.067e+02  6.013e-04 -7.753e-04  1.710e-04  1.401e-05 -2.425e-06 -9.935e-01  6.592e-03 
 -2.263e+02  1.148e-03 -1.381e-03  3.466e-04 -3.522e-07 -4.152e-06 -1.859e+00  1.139e-02  2.194e-02 
 -3.116e+01  1.401e-04 -1.747e-04  3.578e-05  3.868e-06 -7.301e-07 -2.362e-01  1.616e-03  2.693e-03  4.147e-04 
  9.444e+01 -6.142e-04  7.688e-04 -2.002e-04  6.134e-07  1.804e-06  9.792e-01 -5.836e-03 -1.154e-02 -1.355e-03  6.180e-03 
ERR MATRIX APPROXIMATE
 PARAMETER  CORRELATION COEFFICIENTS  
       NO.  GLOBAL      1      3      4      6     10     13     20     21     22     23     24
        1  0.99490   1.000 -0.237 -0.215  0.245  0.555  0.276  0.334 -0.350 -0.407 -0.407  0.320
        3  0.99982  -0.237  1.000 -0.889  0.862  0.113 -0.106 -0.992  0.940  0.983  0.873 -0.991
        4  0.99895  -0.215 -0.889  1.000 -0.948 -0.448 -0.006  0.846 -0.814 -0.795 -0.731  0.833
        6  0.99830   0.245  0.862 -0.948  1.000  0.239  0.046 -0.793  0.687  0.764  0.573 -0.831
       10  0.96730   0.555  0.113 -0.448  0.239  1.000  0.084 -0.101  0.256 -0.004  0.282  0.012
       13  0.32774   0.276 -0.106 -0.006  0.046  0.084  1.000  0.141 -0.161 -0.151 -0.193  0.124
       20  0.99976   0.334 -0.992  0.846 -0.793 -0.101  0.141  1.000 -0.968 -0.993 -0.918  0.986
       21  0.99906  -0.350  0.940 -0.814  0.687  0.256 -0.161 -0.968  1.000  0.947  0.977 -0.914
       22  0.99973  -0.407  0.983 -0.795  0.764 -0.004 -0.151 -0.993  0.947  1.000  0.893 -0.991
       23  0.99343  -0.407  0.873 -0.731  0.573  0.282 -0.193 -0.918  0.977  0.893  1.000 -0.846
       24  0.99956   0.320 -0.991  0.833 -0.831  0.012  0.124  0.986 -0.914 -0.991 -0.846  1.000
 ERR MATRIX APPROXIMATE
MINUIT - FIT ONLY 2-CBO
 **********
 **   25 **RES 
 **********
                   PARAMETER   16  beta_vw RESTORED TO VARIABLE.
                   PARAMETER   14  alpha_vw RESTORED TO VARIABLE.
                   PARAMETER   11  alpha_y RESTORED TO VARIABLE.
                   PARAMETER    9  alpha_2CBO RESTORED TO VARIABLE.
                   PARAMETER    8  beta_CBO RESTORED TO VARIABLE.
 **********
 **   26 **FIX            0
 **********
 PARAMETER    0  IS UNDEFINED. IGNORED.
 **********
 **   27 **FIX            1
 **********
 **********
 **   28 **FIX            2
 **********
 PARAMETER    2  IS CONSTANT.   IGNORED.
 **********
 **   29 **FIX            3
 **********
 **********
 **   30 **FIX            4
 **********
 **********
 **   31 **FIX            5
 **********
 PARAMETER    5  IS CONSTANT.   IGNORED.
 **********
 **   32 **FIX            6
 **********
 **********
 **   33 **FIX            7
 **********
 PARAMETER    7  IS CONSTANT.   IGNORED.
 **********
 **   34 **FIX           10
 **********
 **********
 **   35 **FIX           11
 **********
 **********
 **   36 **FIX           12
 **********
 PARAMETER   12  IS CONSTANT.   IGNORED.
 **********
 **   37 **FIX           13
 **********
 **********
 **   38 **FIX           14
 **********
 **********
 **   39 **FIX           15
 **********
 PARAMETER   15  IS CONSTANT.   IGNORED.
 **********
 **   40 **FIX           16
 **********
 **********
 **   41 **MIGRAD
 **********
 START MIGRAD MINIMIZATION.  STRATEGY  1.  CONVERGENCE WHEN EDM .LT. 1.00e-04
 FCN=68.9544 FROM MIGRAD    STATUS=INITIATE       18 CALLS        3279 TOTAL
                     EDM= unknown      STRATEGY= 1      NO ERROR MATRIX       
  EXT PARAMETER               CURRENT GUESS       STEP         FIRST   
  NO.   NAME      VALUE            ERROR          SIZE      DERIVATIVE 
   1  N0           3.09911e+06     fixed    
   2  tau          6.43743e+01   constant   
   3  A0           3.49572e-01     fixed    
   4  phi          4.11675e+00     fixed    
   5  R           -6.00908e+01   constant   
   6  alpha_CBO    3.77460e-03     fixed    
   7  w_CBO        2.32500e+00   constant   
   8  beta_CBO     0.00000e+00   1.00000e-03   1.00000e-03  -4.00739e+01
   9  alpha_2CBO   0.00000e+00   1.00000e-03   1.00000e-03   6.07088e+01
  10  beta_2CBO   -1.36515e-03     fixed    
  11  alpha_y      0.00000e+00     fixed    
  12  w_y          1.44500e+01   constant   
  13  beta_y      -2.85831e-04     fixed    
  14  alpha_vw     0.00000e+00     fixed    
  15  w_vw         1.29000e+01   constant   
  16  beta_vw      0.00000e+00     fixed    
  17  LM          -9.88464e-04   constant   
  18  zeta_y       0.00000e+00   constant   
  19  zeta_vw      0.00000e+00   constant   
  20  T_CBO        2.72370e+01   1.26241e+01   9.24476e-05  -3.46750e+00
  21  alpha_A0    -1.09215e-01   8.11921e-02  -3.87126e-06  -1.29426e+00
  22  beta_A0      1.04470e-01   1.48105e-01  -2.03463e-04  -1.22638e+00
  23  alpha_phi   -1.21444e-02   2.03648e-02  -1.64747e-06  -2.93512e-01
  24  beta_phi     1.17793e-01   7.86146e-02   1.45666e-04  -2.51508e+00
 MIGRAD MINIMIZATION HAS CONVERGED.
 MIGRAD WILL VERIFY CONVERGENCE AND ERROR MATRIX.
 FCN=68.9538 FROM MIGRAD    STATUS=CONVERGED     132 CALLS        3393 TOTAL
                     EDM=3.25131e-05    STRATEGY= 1      ERR MATRIX NOT POS-DEF
  EXT PARAMETER                APPROXIMATE        STEP         FIRST   
  NO.   NAME      VALUE            ERROR          SIZE      DERIVATIVE 
   1  N0           3.09911e+06     fixed    
   2  tau          6.43743e+01   constant   
   3  A0           3.49572e-01     fixed    
   4  phi          4.11675e+00     fixed    
   5  R           -6.00908e+01   constant   
   6  alpha_CBO    3.77460e-03     fixed    
   7  w_CBO        2.32500e+00   constant   
   8  beta_CBO     7.06834e-07   3.90171e-04   7.74380e-07   3.44391e+00
   9  alpha_2CBO  -9.03114e-06   4.07490e-04   7.36152e-07  -3.52581e-01
  10  beta_2CBO   -1.36515e-03     fixed    
  11  alpha_y      0.00000e+00     fixed    
  12  w_y          1.44500e+01   constant   
  13  beta_y      -2.85831e-04     fixed    
  14  alpha_vw     0.00000e+00     fixed    
  15  w_vw         1.29000e+01   constant   
  16  beta_vw      0.00000e+00     fixed    
  17  LM          -9.88464e-04   constant   
  18  zeta_y       0.00000e+00   constant   
  19  zeta_vw      0.00000e+00   constant   
  20  T_CBO        2.72433e+01   5.38843e+00   9.42601e-06   1.81718e-01
  21  alpha_A0    -1.09122e-01   4.52140e-02   2.48783e-05  -1.84415e-01
  22  beta_A0      1.04522e-01   4.55315e-02   2.58243e-05  -4.17513e-01
  23  alpha_phi   -1.23191e-02   1.11614e-02   2.18013e-05   9.58126e-02
  24  beta_phi     1.17928e-01   4.91197e-02   2.02612e-05   3.14032e-01
 EXTERNAL ERROR MATRIX.    NDIM=  25    NPAR=  7    ERR DEF=1
  1.522e-07  3.291e-08  1.785e-04  6.596e-07 -6.057e-06  6.921e-07 -1.140e-06 
  3.291e-08  1.660e-07 -2.794e-05 -7.460e-07 -2.593e-06  3.317e-06 -2.343e-06 
  1.785e-04 -2.794e-05  2.905e+01  2.408e-01 -2.331e-01  2.556e-02 -2.607e-01 
  6.596e-07 -7.460e-07  2.408e-01  2.044e-03 -1.898e-03  2.160e-04 -2.161e-03 
 -6.057e-06 -2.593e-06 -2.331e-01 -1.898e-03  2.073e-03 -2.556e-04  2.107e-03 
  6.921e-07  3.317e-06  2.556e-02  2.160e-04 -2.556e-04  1.246e-04 -2.903e-04 
 -1.140e-06 -2.343e-06 -2.607e-01 -2.161e-03  2.107e-03 -2.903e-04  2.413e-03 
ERR MATRIX NOT POS-DEF
 PARAMETER  CORRELATION COEFFICIENTS  
       NO.  GLOBAL      8      9     20     21     22     23     24
        8  0.87433   1.000  0.207  0.085  0.037 -0.341  0.159 -0.059
        9  0.89713   0.207  1.000 -0.013 -0.040 -0.140  0.729 -0.117
       20  0.99757   0.085 -0.013  1.000  0.988 -0.950  0.425 -0.985
       21  0.99091   0.037 -0.040  0.988  1.000 -0.922  0.428 -0.973
       22  0.99034  -0.341 -0.140 -0.950 -0.922  1.000 -0.503  0.942
       23  0.87857   0.159  0.729  0.425  0.428 -0.503  1.000 -0.530
       24  0.99490  -0.059 -0.117 -0.985 -0.973  0.942 -0.530  1.000
 ERR MATRIX NOT POS-DEF
MINUIT - FIT wiggle + 1-CBO + 2-CBO
 **********
 **   42 **RES 
 **********
                   PARAMETER   16  beta_vw RESTORED TO VARIABLE.
                   PARAMETER   14  alpha_vw RESTORED TO VARIABLE.
                   PARAMETER   13  beta_y RESTORED TO VARIABLE.
                   PARAMETER   11  alpha_y RESTORED TO VARIABLE.
                   PARAMETER   10  beta_2CBO RESTORED TO VARIABLE.
                   PARAMETER    6  alpha_CBO RESTORED TO VARIABLE.
                   PARAMETER    4  phi RESTORED TO VARIABLE.
                   PARAMETER    3  A0 RESTORED TO VARIABLE.
                   PARAMETER    1  N0 RESTORED TO VARIABLE.
 **********
 **   43 **FIX           10
 **********
 **********
 **   44 **FIX           11
 **********
 **********
 **   45 **FIX           12
 **********
 PARAMETER   12  IS CONSTANT.   IGNORED.
 **********
 **   46 **FIX           13
 **********
 **********
 **   47 **FIX           14
 **********
 **********
 **   48 **FIX           15
 **********
 PARAMETER   15  IS CONSTANT.   IGNORED.
 **********
 **   49 **FIX           16
 **********
 **********
 **   50 **MIGRAD
 **********
 START MIGRAD MINIMIZATION.  STRATEGY  1.  CONVERGENCE WHEN EDM .LT. 1.00e-04
 FCN=68.9538 FROM MIGRAD    STATUS=INITIATE       22 CALLS        3415 TOTAL
                     EDM= unknown      STRATEGY= 1      NO ERROR MATRIX       
  EXT PARAMETER               CURRENT GUESS       STEP         FIRST   
  NO.   NAME      VALUE            ERROR          SIZE      DERIVATIVE 
   1  N0           3.09911e+06   3.75719e+03   3.75719e+03   1.62430e-08
   2  tau          6.43743e+01   constant   
   3  A0           3.49572e-01   7.88215e-03   7.88215e-03   5.71169e+00
   4  phi          4.11675e+00   1.17348e-02   1.17348e-02   2.00194e+00
   5  R           -6.00908e+01   constant   
   6  alpha_CBO    3.77460e-03   3.06387e-03   3.06387e-03   2.43887e+01
   7  w_CBO        2.32500e+00   constant   
   8  beta_CBO     7.06834e-07   3.90171e-04   7.74380e-07   3.44391e+00
   9  alpha_2CBO  -9.03114e-06   4.07490e-04   7.36152e-07  -3.52577e-01
  10  beta_2CBO   -1.36515e-03     fixed    
  11  alpha_y      0.00000e+00     fixed    
  12  w_y          1.44500e+01   constant   
  13  beta_y      -2.85831e-04     fixed    
  14  alpha_vw     0.00000e+00     fixed    
  15  w_vw         1.29000e+01   constant   
  16  beta_vw      0.00000e+00     fixed    
  17  LM          -9.88464e-04   constant   
  18  zeta_y       0.00000e+00   constant   
  19  zeta_vw      0.00000e+00   constant   
  20  T_CBO        2.72433e+01   5.38843e+00   9.42601e-06   1.81756e-01
  21  alpha_A0    -1.09122e-01   4.52140e-02   2.48783e-05  -1.84417e-01
  22  beta_A0      1.04522e-01   4.55315e-02   2.58243e-05  -4.17514e-01
  23  alpha_phi   -1.23191e-02   1.11614e-02   2.18013e-05   9.58125e-02
  24  beta_phi     1.17928e-01   4.91197e-02   2.02612e-05   3.14032e-01
 MIGRAD MINIMIZATION HAS CONVERGED.
 MIGRAD WILL VERIFY CONVERGENCE AND ERROR MATRIX.
 FCN=68.9443 FROM HESSE     STATUS=NOT POSDEF    100 CALLS        3762 TOTAL
                     EDM=7.36365e-05    STRATEGY= 1      ERR MATRIX NOT POS-DEF
  EXT PARAMETER                APPROXIMATE        STEP         FIRST   
  NO.   NAME      VALUE            ERROR          SIZE      DERIVATIVE 
   1  N0           3.09890e+06   4.63185e+03   1.63326e+00   9.77181e-07
   2  tau          6.43743e+01   constant   
   3  A0           3.49486e-01   1.84082e-03   6.44950e-07  -2.07377e+00
   4  phi          4.11661e+00   6.49046e-03   2.25656e-06  -1.68446e+00
   5  R           -6.00908e+01   constant   
   6  alpha_CBO    3.35082e-03   1.74121e-03   7.22116e-07   3.01423e+00
   7  w_CBO        2.32500e+00   constant   
   8  beta_CBO    -3.14834e-04   1.54477e-03   7.74444e-07  -1.72245e+00
   9  alpha_2CBO  -1.68499e-04   6.49448e-04   7.36149e-07  -3.16474e+00
  10  beta_2CBO   -1.36515e-03     fixed    
  11  alpha_y      0.00000e+00     fixed    
  12  w_y          1.44500e+01   constant   
  13  beta_y      -2.85831e-04     fixed    
  14  alpha_vw     0.00000e+00     fixed    
  15  w_vw         1.29000e+01   constant   
  16  beta_vw      0.00000e+00     fixed    
  17  LM          -9.88464e-04   constant   
  18  zeta_y       0.00000e+00   constant   
  19  zeta_vw      0.00000e+00   constant   
  20  T_CBO        2.71014e+01   4.60388e+00   9.51280e-06   1.90548e-02
  21  alpha_A0    -9.53508e-02   6.15906e-02   2.51275e-05  -2.63823e-02
  22  beta_A0      1.15039e-01   6.68373e-02   2.60793e-05   4.16909e-02
  23  alpha_phi   -1.19921e-02   4.80512e-02   2.20685e-05   1.08819e-01
  24  beta_phi     1.18195e-01   4.76631e-02   2.05039e-05  -5.08071e-02
 CALL LIMIT EXCEEDED IN MIGRAD.
 MIGRAD TERMINATED WITHOUT CONVERGENCE.
 FCN=68.7658 FROM MIGRAD    STATUS=CALL LIMIT   1911 CALLS        5304 TOTAL
                     EDM=0.010431    STRATEGY= 1      ERR MATRIX NOT POS-DEF
  EXT PARAMETER                APPROXIMATE        STEP         FIRST   
  NO.   NAME      VALUE            ERROR          SIZE      DERIVATIVE 
   1  N0           3.07963e+06   2.57408e+04  -1.06912e+03  -2.51533e-04
   2  tau          6.43743e+01   constant   
   3  A0           3.18742e-01   1.66403e-02   3.96958e-04   2.57422e+02
   4  phi          4.12045e+00   8.43883e-03  -1.48065e-04  -5.02816e+02
   5  R           -6.00908e+01   constant   
   6  alpha_CBO   -1.03183e-02   7.84950e-03   1.47047e-04  -1.49909e+03
   7  w_CBO        2.32500e+00   constant   
   8  beta_CBO    -7.47481e-03   7.80607e-03   2.37166e-04   1.50343e+03
   9  alpha_2CBO  -2.58743e-03   2.54265e-03   5.69717e-05   6.74503e+02
  10  beta_2CBO   -1.36515e-03     fixed    
  11  alpha_y      0.00000e+00     fixed    
  12  w_y          1.44500e+01   constant   
  13  beta_y      -2.85831e-04     fixed    
  14  alpha_vw     0.00000e+00     fixed    
  15  w_vw         1.29000e+01   constant   
  16  beta_vw      0.00000e+00     fixed    
  17  LM          -9.88464e-04   constant   
  18  zeta_y       0.00000e+00   constant   
  19  zeta_vw      0.00000e+00   constant   
  20  T_CBO        2.80262e+01   8.75438e-01  -9.34667e-05   3.98890e+01
  21  alpha_A0    -4.58477e-01   2.59428e-01   7.32869e-03  -2.51001e+01
  22  beta_A0     -2.96336e-01   2.71312e-01  -1.11188e-02   2.61378e+01
  23  alpha_phi   -4.72763e-01   1.69096e-01  -5.86507e-03   1.01502e+01
  24  beta_phi     7.00313e-01   4.07314e-01  -1.15788e-02   7.15844e+00
 EXTERNAL ERROR MATRIX.    NDIM=  25    NPAR= 11    ERR DEF=1
  6.626e+08 
 -2.945e+02  2.769e-04 
  1.830e+02 -8.912e-05  7.121e-05 
 -1.062e+02  1.255e-04 -3.086e-05  6.161e-05 
 -1.463e+02  1.263e-04 -3.824e-05  5.879e-05  6.093e-05 
 -4.115e+01  4.040e-05 -1.129e-05  1.953e-05  1.938e-05  6.465e-06 
  1.646e+04 -1.435e-02  5.225e-03 -6.357e-03 -6.496e-03 -2.065e-03  7.664e-01 
 -5.854e+03  3.733e-03 -1.914e-03  1.420e-03  1.630e-03  4.812e-04 -2.039e-01  6.730e-02 
  6.805e+03 -2.784e-03  1.803e-03 -1.052e-03 -1.485e-03 -4.240e-04  1.562e-01 -5.399e-02  7.361e-02 
  3.290e+03 -1.448e-04  8.882e-04  1.662e-04 -1.768e-04 -7.773e-06  1.905e-02 -1.858e-02  3.653e-02  2.859e-02 
  8.407e+03 -6.671e-03  2.528e-03 -2.902e-03 -3.064e-03 -9.604e-04  3.508e-01 -9.815e-02  8.086e-02  1.522e-02  1.659e-01 
ERR MATRIX NOT POS-DEF
 PARAMETER  CORRELATION COEFFICIENTS  
       NO.  GLOBAL      1      3      4      6      8      9     20     21     22     23     24
        1  0.99998   1.000 -0.687  0.842 -0.525 -0.728 -0.629  0.731 -0.877  0.974  0.756  0.802
        3  0.99999  -0.687  1.000 -0.635  0.961  0.973  0.955 -0.985  0.865 -0.617 -0.051 -0.984
        4  0.99975   0.842 -0.635  1.000 -0.466 -0.580 -0.526  0.707 -0.874  0.787  0.622  0.735
        6  0.99996  -0.525  0.961 -0.466  1.000  0.959  0.979 -0.925  0.697 -0.494  0.125 -0.908
        8  0.99996  -0.728  0.973 -0.580  0.959  1.000  0.976 -0.951  0.805 -0.701 -0.134 -0.964
        9  0.99921  -0.629  0.955 -0.526  0.979  0.976  1.000 -0.928  0.729 -0.615 -0.018 -0.927
       20  0.99626   0.731 -0.985  0.707 -0.925 -0.951 -0.928  1.000 -0.898  0.658  0.129  0.984
       21  0.99993  -0.877  0.865 -0.874  0.697  0.805  0.729 -0.898  1.000 -0.767 -0.424 -0.929
       22  0.99996   0.974 -0.617  0.787 -0.494 -0.701 -0.615  0.658 -0.767  1.000  0.796  0.732
       23  0.99985   0.756 -0.051  0.622  0.125 -0.134 -0.018  0.129 -0.424  0.796  1.000  0.221
       24  0.99998   0.802 -0.984  0.735 -0.908 -0.964 -0.927  0.984 -0.929  0.732  0.221  1.000
 ERR MATRIX NOT POS-DEF
MINUIT - FIT ONLY 1-y
 **********
 **   51 **RES 
 **********
                   PARAMETER   16  beta_vw RESTORED TO VARIABLE.
                   PARAMETER   14  alpha_vw RESTORED TO VARIABLE.
                   PARAMETER   13  beta_y RESTORED TO VARIABLE.
                   PARAMETER   11  alpha_y RESTORED TO VARIABLE.
                   PARAMETER   10  beta_2CBO RESTORED TO VARIABLE.
 **********
 **   52 **FIX            0
 **********
 PARAMETER    0  IS UNDEFINED. IGNORED.
 **********
 **   53 **FIX            1
 **********
 **********
 **   54 **FIX            2
 **********
 PARAMETER    2  IS CONSTANT.   IGNORED.
 **********
 **   55 **FIX            3
 **********
 **********
 **   56 **FIX            4
 **********
 **********
 **   57 **FIX            5
 **********
 PARAMETER    5  IS CONSTANT.   IGNORED.
 **********
 **   58 **FIX            6
 **********
 **********
 **   59 **FIX            7
 **********
 PARAMETER    7  IS CONSTANT.   IGNORED.
 **********
 **   60 **FIX            8
 **********
 **********
 **   61 **FIX            9
 **********
 **********
 **   62 **FIX           13
 **********
 **********
 **   63 **FIX           14
 **********
 **********
 **   64 **FIX           15
 **********
 PARAMETER   15  IS CONSTANT.   IGNORED.
 **********
 **   65 **FIX           16
 **********
 **********
 **   66 **MIGRAD
 **********
 START MIGRAD MINIMIZATION.  STRATEGY  1.  CONVERGENCE WHEN EDM .LT. 1.00e-04
 FCN=68.7658 FROM MIGRAD    STATUS=INITIATE       16 CALLS        5320 TOTAL
                     EDM= unknown      STRATEGY= 1      NO ERROR MATRIX       
  EXT PARAMETER               CURRENT GUESS       STEP         FIRST   
  NO.   NAME      VALUE            ERROR          SIZE      DERIVATIVE 
   1  N0           3.07963e+06     fixed    
   2  tau          6.43743e+01   constant   
   3  A0           3.18742e-01     fixed    
   4  phi          4.12045e+00     fixed    
   5  R           -6.00908e+01   constant   
   6  alpha_CBO   -1.03183e-02     fixed    
   7  w_CBO        2.32500e+00   constant   
   8  beta_CBO    -7.47481e-03     fixed    
   9  alpha_2CBO  -2.58743e-03     fixed    
  10  beta_2CBO   -1.36515e-03   6.74108e-04   6.74108e-04  -4.81265e+02
  11  alpha_y      0.00000e+00   1.00000e-03   1.00000e-03   8.26826e+04
  12  w_y          1.44500e+01   constant   
  13  beta_y      -2.85831e-04     fixed    
  14  alpha_vw     0.00000e+00     fixed    
  15  w_vw         1.29000e+01   constant   
  16  beta_vw      0.00000e+00     fixed    
  17  LM          -9.88464e-04   constant   
  18  zeta_y       0.00000e+00   constant   
  19  zeta_vw      0.00000e+00   constant   
  20  T_CBO        2.80262e+01   8.75438e-01  -9.34667e-05   3.98890e+01
  21  alpha_A0    -4.58477e-01   2.59428e-01   7.32869e-03  -2.51001e+01
  22  beta_A0     -2.96336e-01   2.71312e-01  -1.11188e-02   2.61378e+01
  23  alpha_phi   -4.72763e-01   1.69096e-01  -5.86507e-03   1.01502e+01
  24  beta_phi     7.00313e-01   4.07314e-01  -1.15788e-02   7.15844e+00
 MIGRAD MINIMIZATION HAS CONVERGED.
 MIGRAD WILL VERIFY CONVERGENCE AND ERROR MATRIX.
 FCN=7.20842 FROM HESSE     STATUS=NOT POSDEF     50 CALLS        5463 TOTAL
                     EDM=0.000404997    STRATEGY= 1      ERR MATRIX NOT POS-DEF
  EXT PARAMETER                APPROXIMATE        STEP         FIRST   
  NO.   NAME      VALUE            ERROR          SIZE      DERIVATIVE 
   1  N0           3.07963e+06     fixed    
   2  tau          6.43743e+01   constant   
   3  A0           3.18742e-01     fixed    
   4  phi          4.12045e+00     fixed    
   5  R           -6.00908e+01   constant   
   6  alpha_CBO   -1.03183e-02     fixed    
   7  w_CBO        2.32500e+00   constant   
   8  beta_CBO    -7.47481e-03     fixed    
   9  alpha_2CBO  -2.58743e-03     fixed    
  10  beta_2CBO   -1.55841e-03   2.86142e-04   2.60175e-07  -1.30666e-01
  11  alpha_y     -1.49046e-03   1.89805e-04   2.64075e-07  -2.67671e-02
  12  w_y          1.44500e+01   constant   
  13  beta_y      -2.85831e-04     fixed    
  14  alpha_vw     0.00000e+00     fixed    
  15  w_vw         1.29000e+01   constant   
  16  beta_vw      0.00000e+00     fixed    
  17  LM          -9.88464e-04   constant   
  18  zeta_y       0.00000e+00   constant   
  19  zeta_vw      0.00000e+00   constant   
  20  T_CBO        2.80331e+01   1.31449e+00   8.22582e-07   2.31254e+00
  21  alpha_A0    -4.61158e-01   4.33573e-02   9.91998e-06   5.16013e-02
  22  beta_A0     -2.95784e-01   2.94287e-02   1.01995e-05   1.15058e-01
  23  alpha_phi   -4.76156e-01   4.42358e-02   7.56877e-06   1.09360e-01
  24  beta_phi     6.98141e-01   6.71446e-02   7.11485e-06  -1.72868e-01
 CALL LIMIT EXCEEDED IN MIGRAD.
 MIGRAD TERMINATED WITHOUT CONVERGENCE.
 FCN=7.0414 FROM MIGRAD    STATUS=CALL LIMIT   1150 CALLS        6454 TOTAL
                     EDM=0.000702964    STRATEGY= 1      ERR MATRIX NOT POS-DEF
  EXT PARAMETER                APPROXIMATE        STEP         FIRST   
  NO.   NAME      VALUE            ERROR          SIZE      DERIVATIVE 
   1  N0           3.07963e+06     fixed    
   2  tau          6.43743e+01   constant   
   3  A0           3.18742e-01     fixed    
   4  phi          4.12045e+00     fixed    
   5  R           -6.00908e+01   constant   
   6  alpha_CBO   -1.03183e-02     fixed    
   7  w_CBO        2.32500e+00   constant   
   8  beta_CBO    -7.47481e-03     fixed    
   9  alpha_2CBO  -2.58743e-03     fixed    
  10  beta_2CBO   -1.25116e-03   3.50014e-04   5.55059e-06   1.32970e+02
  11  alpha_y     -1.49500e-03   1.89992e-04  -1.80500e-07  -9.34536e+00
  12  w_y          1.44500e+01   constant   
  13  beta_y      -2.85831e-04     fixed    
  14  alpha_vw     0.00000e+00     fixed    
  15  w_vw         1.29000e+01   constant   
  16  beta_vw      0.00000e+00     fixed    
  17  LM          -9.88464e-04   constant   
  18  zeta_y       0.00000e+00   constant   
  19  zeta_vw      0.00000e+00   constant   
  20  T_CBO        2.15313e+01   3.09319e+00  -4.13775e-04  -8.70241e+01
  21  alpha_A0    -8.35594e-01   3.06231e-01  -5.99437e-03  -2.53580e-01
  22  beta_A0     -5.49494e-01   2.07470e-01  -4.04488e-03   1.36938e+00
  23  alpha_phi   -8.62484e-01   3.14222e-01  -6.13313e-03  -1.92054e-01
  24  beta_phi     1.29577e+00   4.87540e-01   9.47314e-03  -3.57873e+00
 EXTERNAL ERROR MATRIX.    NDIM=  25    NPAR=  7    ERR DEF=1
  1.225e-07  4.740e-09 -5.924e-04 -5.613e-05 -4.152e-05 -5.898e-05  9.558e-05 
  4.740e-09  3.610e-08  1.831e-05  2.020e-06  1.182e-06  2.018e-06 -2.805e-06 
 -5.924e-04  1.831e-05  9.569e+00  9.461e-01  6.409e-01  9.715e-01 -1.508e+00 
 -5.613e-05  2.020e-06  9.461e-01  9.378e-02  6.332e-02  9.618e-02 -1.490e-01 
 -4.152e-05  1.182e-06  6.409e-01  6.332e-02  4.304e-02  6.504e-02 -1.010e-01 
 -5.898e-05  2.018e-06  9.715e-01  9.618e-02  6.504e-02  9.874e-02 -1.531e-01 
  9.558e-05 -2.805e-06 -1.508e+00 -1.490e-01 -1.010e-01 -1.531e-01  2.377e-01 
ERR MATRIX NOT POS-DEF
 PARAMETER  CORRELATION COEFFICIENTS  
       NO.  GLOBAL     10     11     20     21     22     23     24
       10  0.91939   1.000  0.071 -0.547 -0.524 -0.572 -0.536  0.560
       11  0.14049   0.071  1.000  0.031  0.035  0.030  0.034 -0.030
       20  0.99993  -0.547  0.031  1.000  0.999  0.999  0.999 -1.000
       21  0.99961  -0.524  0.035  0.999  1.000  0.997  0.999 -0.998
       22  0.99905  -0.572  0.030  0.999  0.997  1.000  0.998 -0.999
       23  0.99983  -0.536  0.034  0.999  0.999  0.998  1.000 -0.999
       24  0.99994   0.560 -0.030 -1.000 -0.998 -0.999 -0.999  1.000
 ERR MATRIX NOT POS-DEF
MINUIT - FIT ONLY 2-y
 **********
 **   67 **RES 
 **********
                   PARAMETER   16  beta_vw RESTORED TO VARIABLE.
                   PARAMETER   14  alpha_vw RESTORED TO VARIABLE.
                   PARAMETER   13  beta_y RESTORED TO VARIABLE.
                   PARAMETER    9  alpha_2CBO RESTORED TO VARIABLE.
                   PARAMETER    8  beta_CBO RESTORED TO VARIABLE.
                   PARAMETER    6  alpha_CBO RESTORED TO VARIABLE.
                   PARAMETER    4  phi RESTORED TO VARIABLE.
                   PARAMETER    3  A0 RESTORED TO VARIABLE.
                   PARAMETER    1  N0 RESTORED TO VARIABLE.
 **********
 **   68 **FIX            0
 **********
 PARAMETER    0  IS UNDEFINED. IGNORED.
 **********
 **   69 **FIX            1
 **********
 **********
 **   70 **FIX            2
 **********
 PARAMETER    2  IS CONSTANT.   IGNORED.
 **********
 **   71 **FIX            3
 **********
 **********
 **   72 **FIX            4
 **********
 **********
 **   73 **FIX            5
 **********
 PARAMETER    5  IS CONSTANT.   IGNORED.
 **********
 **   74 **FIX            6
 **********
 **********
 **   75 **FIX            7
 **********
 PARAMETER    7  IS CONSTANT.   IGNORED.
 **********
 **   76 **FIX            8
 **********
 **********
 **   77 **FIX            9
 **********
 **********
 **   78 **FIX           10
 **********
 **********
 **   79 **FIX           11
 **********
 **********
 **   80 **FIX           12
 **********
 PARAMETER   12  IS CONSTANT.   IGNORED.
 **********
 **   81 **FIX           16
 **********
 **********
 **   82 **MIGRAD
 **********
 START MIGRAD MINIMIZATION.  STRATEGY  1.  CONVERGENCE WHEN EDM .LT. 1.00e-04
 FCN=7.0414 FROM MIGRAD    STATUS=INITIATE       16 CALLS        6470 TOTAL
                     EDM= unknown      STRATEGY= 1      NO ERROR MATRIX       
  EXT PARAMETER               CURRENT GUESS       STEP         FIRST   
  NO.   NAME      VALUE            ERROR          SIZE      DERIVATIVE 
   1  N0           3.07963e+06     fixed    
   2  tau          6.43743e+01   constant   
   3  A0           3.18742e-01     fixed    
   4  phi          4.12045e+00     fixed    
   5  R           -6.00908e+01   constant   
   6  alpha_CBO   -1.03183e-02     fixed    
   7  w_CBO        2.32500e+00   constant   
   8  beta_CBO    -7.47481e-03     fixed    
   9  alpha_2CBO  -2.58743e-03     fixed    
  10  beta_2CBO   -1.25116e-03     fixed    
  11  alpha_y     -1.49500e-03     fixed    
  12  w_y          1.44500e+01   constant   
  13  beta_y      -2.85831e-04   1.85533e-04   1.85533e-04   1.39754e+03
  14  alpha_vw     0.00000e+00   1.00000e-03   1.00000e-03   3.67269e+03
