 + ++++++++++++++++++++++++++++++++++++++++++++++++++++++++++++++++++++ +
 +                                                                      +
 +           You have chose to blind your fitting according to          +
 +                omega_ref * (1 + (R +/- deltaR) *10^{-6})             +
 +                                                                      +
 + ++++++++++++++++++++++++++++++++++++++++++++++++++++++++++++++++++++ +
In main()...
reading format from /gm2data/zkhechad/run45/envelope/formats/formatB_sBin_constraintOn.txt
pBinTau 	= 0  
pBinPhi 	= 0  
constraintau 	= 1 
includeMopTerm 	= 0    
constrainMop    = 0   
Parameters after format file: pBinTau 0 pBinPhi 0 constraintau 1 includeMopTerm 0 constrainMop 0 c_e_scale 0.000000 
Opening file /gm2data/tbarrett/gm2fr/studies/run23_bunch_corrections/CorrectedFourier_Run3b.root.
reading full fit data from /gm2data/zkhechad/cboTemplates/Run4CBOTemplates/fullFits/noRF/sBin_constraintOn_cE0.0_seed0_noRF_calo4.root
windowBins = 69
fitting sliding window 1820 from bin 1956 at 291.686000 to bin 2025 at 302.130000 (69 bins)

Reading data from /gm2data/cornell/histograms/aMethod/histogram_a_noRF.root
 **********
 **    1 **SET PRINTOUT            1
 **********
 **********
 **    2 **SET NOWARNINGS 
 **********
 PARAMETER DEFINITIONS:
    NO.   NAME         VALUE      STEP SIZE      LIMITS
     1 N0           2.96874e+06  1.00000e+02     no limits
     2 tau          6.44041e+01  constant
     3 A0           3.53299e-01  1.00000e-04     no limits
     4 phi          4.11736e+00  1.00000e-02     no limits
     5 R           -5.92716e+01  constant
     6 alpha_CBO    0.00000e+00  1.00000e-03     no limits
     7 w_CBO        2.32500e+00  constant
     8 beta_CBO     0.00000e+00  1.00000e-03     no limits
     9 alpha_2CBO   0.00000e+00  1.00000e-03     no limits
    10 beta_2CBO    0.00000e+00  1.00000e-03     no limits
    11 alpha_y      0.00000e+00  1.00000e-03     no limits
    12 w_y          1.38860e+01  constant
    13 beta_y       0.00000e+00  1.00000e-03     no limits
    14 alpha_vw     0.00000e+00  1.00000e-03     no limits
    15 w_vw         1.43404e+01  constant
    16 beta_vw      0.00000e+00  1.00000e-03     no limits
    17 LM           4.68092e-05  constant
    18 zeta_y       0.00000e+00  constant
    19 zeta_vw      0.00000e+00  constant
    20 T_CBO        1.00000e+02  1.00000e+00    0.00000e+00  1.00000e+03
    21 alpha_A0     0.00000e+00  1.00000e-03     no limits
    22 beta_A0      0.00000e+00  1.00000e-03     no limits
    23 alpha_phi    0.00000e+00  1.00000e-03     no limits
    24 beta_phi     0.00000e+00  1.00000e-03     no limits
MINUIT - FIT ONLY WIGGLE
 **********
 **    3 **FIX            5
 **********
 PARAMETER    5  IS CONSTANT.   IGNORED.
 **********
 **    4 **FIX            6
 **********
 **********
 **    5 **FIX            7
 **********
 PARAMETER    7  IS CONSTANT.   IGNORED.
 **********
 **    6 **FIX            8
 **********
 **********
 **    7 **FIX            9
 **********
 **********
 **    8 **FIX           10
 **********
 **********
 **    9 **FIX           11
 **********
 **********
 **   10 **FIX           12
 **********
 PARAMETER   12  IS CONSTANT.   IGNORED.
 **********
 **   11 **FIX           13
 **********
 **********
 **   12 **FIX           14
 **********
 **********
 **   13 **FIX           15
 **********
 PARAMETER   15  IS CONSTANT.   IGNORED.
 **********
 **   14 **FIX           16
 **********
 **********
 **   15 **MIGRAD
 **********
 FIRST CALL TO USER FUNCTION AT NEW START POINT, WITH IFLAG=4.
 START MIGRAD MINIMIZATION.  STRATEGY  1.  CONVERGENCE WHEN EDM .LT. 1.00e-04
 FCN=95.5717 FROM MIGRAD    STATUS=INITIATE      437 CALLS         438 TOTAL
                     EDM= unknown      STRATEGY= 1      NO ERROR MATRIX       
  EXT PARAMETER               CURRENT GUESS       STEP         FIRST   
  NO.   NAME      VALUE            ERROR          SIZE      DERIVATIVE 
   1  N0           2.96874e+06   1.00000e+02   0.00000e+00  -4.73524e-04
   2  tau          6.44041e+01   constant   
   3  A0           3.53299e-01   1.00000e-04   0.00000e+00  -1.84145e+03
   4  phi          4.11736e+00   1.00000e-02   0.00000e+00   1.10617e+03
   5  R           -5.92716e+01   constant   
   6  alpha_CBO    0.00000e+00     fixed    
   7  w_CBO        2.32500e+00   constant   
   8  beta_CBO     0.00000e+00     fixed    
   9  alpha_2CBO   0.00000e+00     fixed    
  10  beta_2CBO    0.00000e+00     fixed    
  11  alpha_y      0.00000e+00     fixed    
  12  w_y          1.38860e+01   constant   
  13  beta_y       0.00000e+00     fixed    
  14  alpha_vw     0.00000e+00     fixed    
  15  w_vw         1.43404e+01   constant   
  16  beta_vw      0.00000e+00     fixed    
  17  LM           4.68092e-05   constant   
  18  zeta_y       0.00000e+00   constant   
  19  zeta_vw      0.00000e+00   constant   
  20  T_CBO        1.00000e+02   1.00000e+00   0.00000e+00   0.00000e+00
  21  alpha_A0     0.00000e+00   1.00000e-03   0.00000e+00  -1.04499e+01
  22  beta_A0      0.00000e+00   1.00000e-03   0.00000e+00  -8.64863e+00
  23  alpha_phi    0.00000e+00   1.00000e-03   0.00000e+00   2.86897e+01
  24  beta_phi     0.00000e+00   1.00000e-03   0.00000e+00  -5.40427e-01
 MIGRAD MINIMIZATION HAS CONVERGED.
 FCN=93.7965 FROM MIGRAD    STATUS=CONVERGED     550 CALLS         551 TOTAL
                     EDM=4.97669e-06    STRATEGY= 1  ERROR MATRIX UNCERTAINTY   1.8 per cent
  EXT PARAMETER                                   STEP         FIRST   
  NO.   NAME      VALUE            ERROR          SIZE      DERIVATIVE 
   1  N0           2.96954e+06   1.33490e+03  -3.23620e-01  -3.47112e-07
   2  tau          6.44041e+01   constant   
   3  A0           3.53540e-01   5.47696e-04  -1.11729e-06   7.81905e-01
   4  phi          4.11574e+00   1.66072e-03  -1.80423e-06  -6.20363e-02
   5  R           -5.92716e+01   constant   
   6  alpha_CBO    0.00000e+00     fixed    
   7  w_CBO        2.32500e+00   constant   
   8  beta_CBO     0.00000e+00     fixed    
   9  alpha_2CBO   0.00000e+00     fixed    
  10  beta_2CBO    0.00000e+00     fixed    
  11  alpha_y      0.00000e+00     fixed    
  12  w_y          1.38860e+01   constant   
  13  beta_y       0.00000e+00     fixed    
  14  alpha_vw     0.00000e+00     fixed    
  15  w_vw         1.43404e+01   constant   
  16  beta_vw      0.00000e+00     fixed    
  17  LM           4.68092e-05   constant   
  18  zeta_y       0.00000e+00   constant   
  19  zeta_vw      0.00000e+00   constant   
  20  T_CBO        9.96545e+01   6.79415e+01   4.76278e-04  -2.96375e-03
  21  alpha_A0     5.51952e-03   5.04050e-02  -2.80370e-04  -2.57913e-02
  22  beta_A0      4.91574e-03   4.34114e-02  -2.64320e-06   5.31898e-04
  23  alpha_phi   -2.98084e-02   4.55481e-02   5.06223e-05  -8.77427e-02
  24  beta_phi     1.09081e-03   4.42782e-02   3.08094e-05  -6.66728e-03
 EXTERNAL ERROR MATRIX.    NDIM=  25    NPAR=  8    ERR DEF=1
  1.782e+06  7.131e-02 -3.584e-01 -9.270e+02 -2.833e+00 -9.308e+00 -1.300e+01  2.816e+00 
  7.131e-02  3.000e-07  5.137e-08 -6.228e-03  4.176e-06  1.591e-06 -2.806e-06 -1.508e-06 
 -3.584e-01  5.137e-08  2.758e-06 -9.085e-03  7.897e-06  3.596e-06  4.716e-09 -1.551e-06 
 -9.270e+02 -6.228e-03 -9.085e-03  4.697e+03 -1.555e+00 -2.690e-01  2.222e+00  3.024e-01 
 -2.833e+00  4.176e-06  7.897e-06 -1.555e+00  2.541e-03  8.818e-05 -7.531e-04 -3.026e-04 
 -9.308e+00  1.591e-06  3.596e-06 -2.690e-01  8.818e-05  1.885e-03  3.713e-05 -8.063e-05 
 -1.300e+01 -2.806e-06  4.716e-09  2.222e+00 -7.531e-04  3.713e-05  2.075e-03  6.992e-05 
  2.816e+00 -1.508e-06 -1.551e-06  3.024e-01 -3.026e-04 -8.063e-05  6.992e-05  1.961e-03 
 PARAMETER  CORRELATION COEFFICIENTS  
       NO.  GLOBAL      1      3      4     20     21     22     23     24
        1  0.37140   1.000  0.098 -0.162 -0.010 -0.042 -0.161 -0.214  0.048
        3  0.23509   0.098  1.000  0.056 -0.166  0.151  0.067 -0.112 -0.062
        4  0.20083  -0.162  0.056  1.000 -0.080  0.094  0.050  0.000 -0.021
       20  0.76501  -0.010 -0.166 -0.080  1.000 -0.450 -0.090  0.712  0.100
       21  0.47151  -0.042  0.151  0.094 -0.450  1.000  0.040 -0.328 -0.136
       22  0.21169  -0.161  0.067  0.050 -0.090  0.040  1.000  0.019 -0.042
       23  0.74420  -0.214 -0.112  0.000  0.712 -0.328  0.019  1.000  0.035
       24  0.16118   0.048 -0.062 -0.021  0.100 -0.136 -0.042  0.035  1.000
MINUIT - FIT ONLY 1-CBO + wiggle
 **********
 **   16 **RES 
 **********
                   PARAMETER   16  beta_vw RESTORED TO VARIABLE.
                   PARAMETER   14  alpha_vw RESTORED TO VARIABLE.
                   PARAMETER   13  beta_y RESTORED TO VARIABLE.
                   PARAMETER   11  alpha_y RESTORED TO VARIABLE.
                   PARAMETER   10  beta_2CBO RESTORED TO VARIABLE.
                   PARAMETER    9  alpha_2CBO RESTORED TO VARIABLE.
                   PARAMETER    8  beta_CBO RESTORED TO VARIABLE.
                   PARAMETER    6  alpha_CBO RESTORED TO VARIABLE.
 **********
 **   17 **FIX            8
 **********
 **********
 **   18 **FIX            9
 **********
 **********
 **   19 **FIX           11
 **********
 **********
 **   20 **FIX           12
 **********
 PARAMETER   12  IS CONSTANT.   IGNORED.
 **********
 **   21 **FIX           14
 **********
 **********
 **   22 **FIX           15
 **********
 PARAMETER   15  IS CONSTANT.   IGNORED.
 **********
 **   23 **FIX           16
 **********
 **********
 **   24 **MIGRAD
 **********
 START MIGRAD MINIMIZATION.  STRATEGY  1.  CONVERGENCE WHEN EDM .LT. 1.00e-04
 FCN=93.7965 FROM MIGRAD    STATUS=INITIATE       28 CALLS         579 TOTAL
                     EDM= unknown      STRATEGY= 1      NO ERROR MATRIX       
  EXT PARAMETER               CURRENT GUESS       STEP         FIRST   
  NO.   NAME      VALUE            ERROR          SIZE      DERIVATIVE 
   1  N0           2.96954e+06   1.33490e+03  -3.23620e-01  -3.47112e-07
   2  tau          6.44041e+01   constant   
   3  A0           3.53540e-01   5.47696e-04  -1.11729e-06   7.81905e-01
   4  phi          4.11574e+00   1.66072e-03  -1.80423e-06  -6.20363e-02
   5  R           -5.92716e+01   constant   
   6  alpha_CBO    0.00000e+00   1.00000e-03   1.00000e-03   6.34992e+03
   7  w_CBO        2.32500e+00   constant   
   8  beta_CBO     0.00000e+00     fixed    
   9  alpha_2CBO   0.00000e+00     fixed    
  10  beta_2CBO    0.00000e+00   1.00000e-03   1.00000e-03   4.86391e+03
  11  alpha_y      0.00000e+00     fixed    
  12  w_y          1.38860e+01   constant   
  13  beta_y       0.00000e+00   1.00000e-03   1.00000e-03   2.65024e+03
  14  alpha_vw     0.00000e+00     fixed    
  15  w_vw         1.43404e+01   constant   
  16  beta_vw      0.00000e+00     fixed    
  17  LM           4.68092e-05   constant   
  18  zeta_y       0.00000e+00   constant   
  19  zeta_vw      0.00000e+00   constant   
  20  T_CBO        9.96545e+01   6.79415e+01   4.76278e-04  -2.96343e-03
  21  alpha_A0     5.51952e-03   5.04050e-02  -2.80370e-04  -2.57914e-02
  22  beta_A0      4.91574e-03   4.34114e-02  -2.64320e-06   5.31999e-04
  23  alpha_phi   -2.98084e-02   4.55481e-02   5.06223e-05  -8.77427e-02
  24  beta_phi     1.09081e-03   4.42782e-02   3.08094e-05  -6.66728e-03
 MIGRAD MINIMIZATION HAS CONVERGED.
 FCN=87.2269 FROM MIGRAD    STATUS=CONVERGED     173 CALLS         724 TOTAL
                     EDM=5.64138e-06    STRATEGY= 1  ERROR MATRIX UNCERTAINTY   1.8 per cent
  EXT PARAMETER                                   STEP         FIRST   
  NO.   NAME      VALUE            ERROR          SIZE      DERIVATIVE 
   1  N0           2.96973e+06   1.25907e+03   3.23249e-01  -3.46070e-07
   2  tau          6.44041e+01   constant   
   3  A0           3.53746e-01   5.98838e-04   1.33085e-07   1.42396e+00
   4  phi          4.11593e+00   1.63966e-03  -1.92777e-06   1.00168e+00
   5  R           -5.92716e+01   constant   
   6  alpha_CBO   -1.20433e-03   6.23084e-04  -2.11215e-06  -1.58764e+00
   7  w_CBO        2.32500e+00   constant   
   8  beta_CBO     0.00000e+00     fixed    
   9  alpha_2CBO   0.00000e+00     fixed    
  10  beta_2CBO   -8.75184e-04   6.19974e-04   2.72138e-06  -7.32802e-01
  11  alpha_y      0.00000e+00     fixed    
  12  w_y          1.38860e+01   constant   
  13  beta_y      -4.65878e-04   5.99586e-04  -4.72047e-07   2.54412e+00
  14  alpha_vw     0.00000e+00     fixed    
  15  w_vw         1.43404e+01   constant   
  16  beta_vw      0.00000e+00     fixed    
  17  LM           4.68092e-05   constant   
  18  zeta_y       0.00000e+00   constant   
  19  zeta_vw      0.00000e+00   constant   
  20  T_CBO        1.06333e+02   3.70463e+01  -3.65811e-04   4.47382e-03
  21  alpha_A0     2.54126e-02   3.84346e-02  -1.61618e-04  -4.88428e-02
  22  beta_A0      5.58844e-03   4.34269e-02   3.25183e-05   4.80023e-03
  23  alpha_phi   -3.26587e-02   3.48262e-02  -9.69892e-05   6.94940e-02
  24  beta_phi     5.74768e-03   4.00597e-02   4.80826e-05   3.85482e-02
 EXTERNAL ERROR MATRIX.    NDIM=  25    NPAR= 11    ERR DEF=1
  1.585e+06 
  7.324e-02  3.586e-07 
  4.278e-02  5.419e-08  2.688e-06 
 -6.393e-02 -7.454e-08 -2.018e-08  3.882e-07 
  9.855e-03  3.105e-09 -4.050e-08 -2.155e-08  3.844e-07 
  4.275e-03  8.700e-09  1.221e-08  6.085e-09 -1.701e-09  3.595e-07 
  5.732e+02 -1.125e-03 -3.641e-04  7.429e-04 -2.345e-03 -9.679e-05  1.379e+03 
 -1.636e+00  2.830e-06  3.343e-06 -4.649e-06 -1.606e-06  4.093e-07 -4.380e-01  1.477e-03 
 -1.475e+00 -5.973e-07 -8.881e-07  6.814e-07 -9.678e-07 -2.097e-07 -5.447e-02 -1.067e-04  1.886e-03 
 -6.085e+00  4.053e-07  2.443e-06  3.610e-06 -2.442e-06  2.413e-07  5.972e-01  9.880e-05 -4.539e-05  1.213e-03 
 -4.141e+00 -1.431e-06 -9.286e-07  1.857e-06 -4.091e-06 -3.263e-07 -2.308e-02 -1.957e-04 -1.205e-04 -1.083e-04  1.605e-03 
 PARAMETER  CORRELATION COEFFICIENTS  
       NO.  GLOBAL      1      3      4      6     10     13     20     21     22     23     24
        1  0.22119   1.000  0.097  0.021 -0.081  0.013  0.006  0.012 -0.034 -0.027 -0.139 -0.082
        3  0.25276   0.097  1.000  0.055 -0.200  0.008  0.024 -0.051  0.123 -0.023  0.019 -0.060
        4  0.09429   0.021  0.055  1.000 -0.020 -0.040  0.012 -0.006  0.053 -0.012  0.043 -0.014
        6  0.36096  -0.081 -0.200 -0.020  1.000 -0.056  0.016  0.032 -0.194  0.025  0.166  0.074
       10  0.25699   0.013  0.008 -0.040 -0.056  1.000 -0.005 -0.102 -0.067 -0.036 -0.113 -0.165
       13  0.04205   0.006  0.024  0.012  0.016 -0.005  1.000 -0.004  0.018 -0.008  0.012 -0.014
       20  0.59895   0.012 -0.051 -0.006  0.032 -0.102 -0.004  1.000 -0.307 -0.034  0.462 -0.016
       21  0.48467  -0.034  0.123  0.053 -0.194 -0.067  0.018 -0.307  1.000 -0.064  0.074 -0.127
       22  0.14090  -0.027 -0.023 -0.012  0.025 -0.036 -0.008 -0.034 -0.064  1.000 -0.030 -0.069
       23  0.57348  -0.139  0.019  0.043  0.166 -0.113  0.012  0.462  0.074 -0.030  1.000 -0.078
       24  0.27573  -0.082 -0.060 -0.014  0.074 -0.165 -0.014 -0.016 -0.127 -0.069 -0.078  1.000
MINUIT - FIT ONLY 2-CBO
 **********
 **   25 **RES 
 **********
                   PARAMETER   16  beta_vw RESTORED TO VARIABLE.
                   PARAMETER   14  alpha_vw RESTORED TO VARIABLE.
                   PARAMETER   11  alpha_y RESTORED TO VARIABLE.
                   PARAMETER    9  alpha_2CBO RESTORED TO VARIABLE.
                   PARAMETER    8  beta_CBO RESTORED TO VARIABLE.
 **********
 **   26 **FIX            0
 **********
 PARAMETER    0  IS UNDEFINED. IGNORED.
 **********
 **   27 **FIX            1
 **********
 **********
 **   28 **FIX            2
 **********
 PARAMETER    2  IS CONSTANT.   IGNORED.
 **********
 **   29 **FIX            3
 **********
 **********
 **   30 **FIX            4
 **********
 **********
 **   31 **FIX            5
 **********
 PARAMETER    5  IS CONSTANT.   IGNORED.
 **********
 **   32 **FIX            6
 **********
 **********
 **   33 **FIX            7
 **********
 PARAMETER    7  IS CONSTANT.   IGNORED.
 **********
 **   34 **FIX           10
 **********
 **********
 **   35 **FIX           11
 **********
 **********
 **   36 **FIX           12
 **********
 PARAMETER   12  IS CONSTANT.   IGNORED.
 **********
 **   37 **FIX           13
 **********
 **********
 **   38 **FIX           14
 **********
 **********
 **   39 **FIX           15
 **********
 PARAMETER   15  IS CONSTANT.   IGNORED.
 **********
 **   40 **FIX           16
 **********
 **********
 **   41 **MIGRAD
 **********
 START MIGRAD MINIMIZATION.  STRATEGY  1.  CONVERGENCE WHEN EDM .LT. 1.00e-04
 FCN=87.2269 FROM MIGRAD    STATUS=INITIATE       18 CALLS         742 TOTAL
                     EDM= unknown      STRATEGY= 1      NO ERROR MATRIX       
  EXT PARAMETER               CURRENT GUESS       STEP         FIRST   
  NO.   NAME      VALUE            ERROR          SIZE      DERIVATIVE 
   1  N0           2.96973e+06     fixed    
   2  tau          6.44041e+01   constant   
   3  A0           3.53746e-01     fixed    
   4  phi          4.11593e+00     fixed    
   5  R           -5.92716e+01   constant   
   6  alpha_CBO   -1.20433e-03     fixed    
   7  w_CBO        2.32500e+00   constant   
   8  beta_CBO     0.00000e+00   1.00000e-03   1.00000e-03   1.88009e+04
   9  alpha_2CBO   0.00000e+00   1.00000e-03   1.00000e-03   1.24764e+03
  10  beta_2CBO   -8.75184e-04     fixed    
  11  alpha_y      0.00000e+00     fixed    
  12  w_y          1.38860e+01   constant   
  13  beta_y      -4.65878e-04     fixed    
  14  alpha_vw     0.00000e+00     fixed    
  15  w_vw         1.43404e+01   constant   
  16  beta_vw      0.00000e+00     fixed    
  17  LM           4.68092e-05   constant   
  18  zeta_y       0.00000e+00   constant   
  19  zeta_vw      0.00000e+00   constant   
  20  T_CBO        1.06333e+02   3.70463e+01  -3.65811e-04   4.47413e-03
  21  alpha_A0     2.54126e-02   3.84346e-02  -1.61618e-04  -4.88429e-02
  22  beta_A0      5.58844e-03   4.34269e-02   3.25183e-05   4.80033e-03
  23  alpha_phi   -3.26587e-02   3.48262e-02  -9.69892e-05   6.94940e-02
  24  beta_phi     5.74768e-03   4.00597e-02   4.80826e-05   3.85482e-02
 CALL LIMIT EXCEEDED IN MIGRAD.
 MIGRAD TERMINATED WITHOUT CONVERGENCE.
 FCN=52.5125 FROM MIGRAD    STATUS=CALL LIMIT   1154 CALLS        1878 TOTAL
                     EDM=0.00829432    STRATEGY= 1  ERROR MATRIX UNCERTAINTY  31.3 per cent
  EXT PARAMETER                APPROXIMATE        STEP         FIRST   
  NO.   NAME      VALUE            ERROR          SIZE      DERIVATIVE 
   1  N0           2.96973e+06     fixed    
   2  tau          6.44041e+01   constant   
   3  A0           3.53746e-01     fixed    
   4  phi          4.11593e+00     fixed    
   5  R           -5.92716e+01   constant   
   6  alpha_CBO   -1.20433e-03     fixed    
   7  w_CBO        2.32500e+00   constant   
   8  beta_CBO    -3.65694e-03   6.22146e-04  -1.46284e-07   1.63319e+01
   9  alpha_2CBO  -3.70753e-04   5.16558e-04   2.32451e-06  -1.29826e+02
  10  beta_2CBO   -8.75184e-04     fixed    
  11  alpha_y      0.00000e+00     fixed    
  12  w_y          1.38860e+01   constant   
  13  beta_y      -4.65878e-04     fixed    
  14  alpha_vw     0.00000e+00     fixed    
  15  w_vw         1.43404e+01   constant   
  16  beta_vw      0.00000e+00     fixed    
  17  LM           4.68092e-05   constant   
  18  zeta_y       0.00000e+00   constant   
  19  zeta_vw      0.00000e+00   constant   
  20  T_CBO        2.90663e+01   5.46210e+00   2.72390e-04   1.90187e+00
  21  alpha_A0     5.54574e+01   1.04436e+02   6.32035e-01  -2.08375e-03
  22  beta_A0      4.08083e+01   7.68745e+01   4.65264e-01   1.01127e-03
  23  alpha_phi   -5.39142e+01   1.01566e+02  -6.14731e-01  -6.68092e-04
  24  beta_phi    -6.56423e+01   1.24124e+02  -7.51860e-01  -4.33789e-04
 EXTERNAL ERROR MATRIX.    NDIM=  25    NPAR=  7    ERR DEF=1
  3.871e-07  1.928e-08 -2.413e-04  1.461e-03  1.074e-03 -1.422e-03 -1.735e-03 
  1.928e-08  2.668e-07  1.701e-03 -3.138e-02 -2.310e-02  3.052e-02  3.730e-02 
 -2.413e-04  1.701e-03  2.985e+01 -5.463e+02 -4.021e+02  5.313e+02  6.492e+02 
  1.461e-03 -3.138e-02 -5.463e+02  1.091e+04  8.028e+03 -1.061e+04 -1.296e+04 
  1.074e-03 -2.310e-02 -4.021e+02  8.028e+03  5.910e+03 -7.808e+03 -9.542e+03 
 -1.422e-03  3.052e-02  5.313e+02 -1.061e+04 -7.808e+03  1.032e+04  1.261e+04 
 -1.735e-03  3.730e-02  6.492e+02 -1.296e+04 -9.542e+03  1.261e+04  1.541e+04 
ERR MATRIX APPROXIMATE
 PARAMETER  CORRELATION COEFFICIENTS  
       NO.  GLOBAL      8      9     20     21     22     23     24
        8  0.22704   1.000  0.060 -0.071  0.022  0.022 -0.023 -0.022
        9  0.61947   0.060  1.000  0.603 -0.582 -0.582  0.582  0.582
       20  0.96216  -0.071  0.603  1.000 -0.957 -0.957  0.957  0.957
       21  1.00000   0.022 -0.582 -0.957  1.000  1.000 -1.000 -1.000
       22  1.00000   0.022 -0.582 -0.957  1.000  1.000 -1.000 -1.000
       23  1.00000  -0.023  0.582  0.957 -1.000 -1.000  1.000  1.000
       24  1.00000  -0.022  0.582  0.957 -1.000 -1.000  1.000  1.000
 ERR MATRIX APPROXIMATE
MINUIT - FIT wiggle + 1-CBO + 2-CBO
 **********
 **   42 **RES 
 **********
                   PARAMETER   16  beta_vw RESTORED TO VARIABLE.
                   PARAMETER   14  alpha_vw RESTORED TO VARIABLE.
                   PARAMETER   13  beta_y RESTORED TO VARIABLE.
                   PARAMETER   11  alpha_y RESTORED TO VARIABLE.
                   PARAMETER   10  beta_2CBO RESTORED TO VARIABLE.
                   PARAMETER    6  alpha_CBO RESTORED TO VARIABLE.
                   PARAMETER    4  phi RESTORED TO VARIABLE.
                   PARAMETER    3  A0 RESTORED TO VARIABLE.
                   PARAMETER    1  N0 RESTORED TO VARIABLE.
 **********
 **   43 **FIX           10
 **********
 **********
 **   44 **FIX           11
 **********
 **********
 **   45 **FIX           12
 **********
 PARAMETER   12  IS CONSTANT.   IGNORED.
 **********
 **   46 **FIX           13
 **********
 **********
 **   47 **FIX           14
 **********
 **********
 **   48 **FIX           15
 **********
 PARAMETER   15  IS CONSTANT.   IGNORED.
 **********
 **   49 **FIX           16
 **********
 **********
 **   50 **MIGRAD
 **********
 START MIGRAD MINIMIZATION.  STRATEGY  1.  CONVERGENCE WHEN EDM .LT. 1.00e-04
 FCN=52.5125 FROM MIGRAD    STATUS=INITIATE       22 CALLS        1900 TOTAL
                     EDM= unknown      STRATEGY= 1      NO ERROR MATRIX       
  EXT PARAMETER               CURRENT GUESS       STEP         FIRST   
  NO.   NAME      VALUE            ERROR          SIZE      DERIVATIVE 
   1  N0           2.96973e+06   1.25907e+03   1.25907e+03  -5.15280e-04
   2  tau          6.44041e+01   constant   
   3  A0           3.53746e-01   5.98838e-04   5.98838e-04  -9.18139e+02
   4  phi          4.11593e+00   1.63966e-03   1.63966e-03  -1.48967e+03
   5  R           -5.92716e+01   constant   
   6  alpha_CBO   -1.20433e-03   6.23084e-04   6.23084e-04  -4.56514e+02
   7  w_CBO        2.32500e+00   constant   
   8  beta_CBO    -3.65694e-03   6.22146e-04  -1.46284e-07   1.63319e+01
   9  alpha_2CBO  -3.70753e-04   5.16558e-04   2.32451e-06  -1.29826e+02
  10  beta_2CBO   -8.75184e-04     fixed    
  11  alpha_y      0.00000e+00     fixed    
  12  w_y          1.38860e+01   constant   
  13  beta_y      -4.65878e-04     fixed    
  14  alpha_vw     0.00000e+00     fixed    
  15  w_vw         1.43404e+01   constant   
  16  beta_vw      0.00000e+00     fixed    
  17  LM           4.68092e-05   constant   
  18  zeta_y       0.00000e+00   constant   
  19  zeta_vw      0.00000e+00   constant   
  20  T_CBO        2.90663e+01   5.46210e+00   2.72390e-04   1.90182e+00
  21  alpha_A0     5.54574e+01   1.04436e+02   6.32035e-01  -2.08375e-03
  22  beta_A0      4.08083e+01   7.68745e+01   4.65264e-01   1.01127e-03
  23  alpha_phi   -5.39142e+01   1.01566e+02  -6.14731e-01  -6.68092e-04
  24  beta_phi    -6.56423e+01   1.24124e+02  -7.51860e-01  -4.33789e-04
 CALL LIMIT EXCEEDED IN MIGRAD.
 MIGRAD TERMINATED WITHOUT CONVERGENCE.
 FCN=50.5924 FROM MIGRAD    STATUS=CALL LIMIT   1927 CALLS        3805 TOTAL
                     EDM=0.00169507    STRATEGY= 1  ERROR MATRIX UNCERTAINTY  30.4 per cent
  EXT PARAMETER                APPROXIMATE        STEP         FIRST   
  NO.   NAME      VALUE            ERROR          SIZE      DERIVATIVE 
   1  N0           2.96998e+06   1.32716e+03   2.92739e+01   2.65229e-06
   2  tau          6.44041e+01   constant   
   3  A0           3.54016e-01   5.94181e-04   9.78656e-06   1.94784e+01
   4  phi          4.11788e+00   1.69275e-03   2.34551e-05   4.34085e-01
   5  R           -5.92716e+01   constant   
   6  alpha_CBO   -1.21112e-03   6.38470e-04   7.30480e-07  -1.42383e+01
   7  w_CBO        2.32500e+00   constant   
   8  beta_CBO    -3.84657e-03   6.39770e-04  -8.54111e-07  -1.55303e+01
   9  alpha_2CBO  -4.19594e-04   6.25430e-04   2.40045e-06   9.08586e+00
  10  beta_2CBO   -8.75184e-04     fixed    
  11  alpha_y      0.00000e+00     fixed    
  12  w_y          1.38860e+01   constant   
  13  beta_y      -4.65878e-04     fixed    
  14  alpha_vw     0.00000e+00     fixed    
  15  w_vw         1.43404e+01   constant   
  16  beta_vw      0.00000e+00     fixed    
  17  LM           4.68092e-05   constant   
  18  zeta_y       0.00000e+00   constant   
  19  zeta_vw      0.00000e+00   constant   
  20  T_CBO        1.66581e+01   3.84876e+00  -1.26452e-03  -1.53157e+01
  21  alpha_A0     1.32546e+05   4.80634e+05   1.94741e+04   1.03080e-07
  22  beta_A0      7.85751e+04   2.84139e+05   1.15127e+04   7.64236e-07
  23  alpha_phi   -8.04136e+04   2.90872e+05  -1.17854e+04   4.65589e-07
  24  beta_phi    -1.47343e+05   5.33347e+05  -2.16101e+04   1.18615e-06
 EXTERNAL ERROR MATRIX.    NDIM=  25    NPAR= 11    ERR DEF=1
  1.761e+06 
  1.142e-01  3.531e-07 
 -2.647e-01  7.519e-08  2.865e-06 
 -4.297e-02 -9.365e-08 -2.816e-08  4.076e-07 
 -3.019e-02 -1.984e-08 -2.159e-07 -1.035e-09  4.093e-07 
 -5.251e-03 -1.578e-08 -6.422e-08 -1.578e-08  1.548e-08  3.912e-07 
 -3.887e+02 -1.341e-04 -7.620e-05 -4.951e-05 -3.633e-05 -1.868e-05  1.482e+01 
  6.459e+07  2.760e+01  2.061e+01 -1.832e+00 -3.023e+00  6.413e+00 -1.835e+06  2.310e+11 
  3.816e+07  1.631e+01  1.218e+01 -1.078e+00 -1.790e+00  3.795e+00 -1.085e+06  1.366e+11  8.074e+10 
 -3.909e+07 -1.669e+01 -1.246e+01  1.107e+00  1.827e+00 -3.887e+00  1.111e+06 -1.398e+11 -8.265e+10  8.461e+10 
 -7.166e+07 -3.063e+01 -2.287e+01  2.032e+00  3.358e+00 -7.119e+00  2.036e+06 -2.563e+11 -1.515e+11  1.551e+11  2.845e+11 
ERR MATRIX APPROXIMATE
 PARAMETER  CORRELATION COEFFICIENTS  
       NO.  GLOBAL      1      3      4      6      8      9     20     21     22     23     24
        1  0.35015   1.000  0.145 -0.118 -0.051 -0.036 -0.006 -0.076  0.101  0.101 -0.101 -0.101
        3  0.44284   0.145  1.000  0.075 -0.247 -0.052 -0.042 -0.059  0.097  0.097 -0.097 -0.097
        4  0.27647  -0.118  0.075  1.000 -0.026 -0.199 -0.061 -0.012  0.025  0.025 -0.025 -0.025
        6  0.29516  -0.051 -0.247 -0.026  1.000 -0.003 -0.040 -0.020 -0.006 -0.006  0.006  0.006
        8  0.30678  -0.036 -0.052 -0.199 -0.003  1.000  0.039 -0.015 -0.010 -0.010  0.010  0.010
        9  0.22071  -0.006 -0.042 -0.061 -0.040  0.039  1.000 -0.008  0.021  0.021 -0.021 -0.021
       20  0.99383  -0.076 -0.059 -0.012 -0.020 -0.015 -0.008  1.000 -0.992 -0.992  0.992  0.992
       21  1.00000   0.101  0.097  0.025 -0.006 -0.010  0.021 -0.992  1.000  1.000 -1.000 -1.000
       22  1.00000   0.101  0.097  0.025 -0.006 -0.010  0.021 -0.992  1.000  1.000 -1.000 -1.000
       23  1.00000  -0.101 -0.097 -0.025  0.006  0.010 -0.021  0.992 -1.000 -1.000  1.000  1.000
       24  1.00000  -0.101 -0.097 -0.025  0.006  0.010 -0.021  0.992 -1.000 -1.000  1.000  1.000
 ERR MATRIX APPROXIMATE
MINUIT - FIT ONLY 1-y
 **********
 **   51 **RES 
 **********
                   PARAMETER   16  beta_vw RESTORED TO VARIABLE.
                   PARAMETER   14  alpha_vw RESTORED TO VARIABLE.
                   PARAMETER   13  beta_y RESTORED TO VARIABLE.
                   PARAMETER   11  alpha_y RESTORED TO VARIABLE.
                   PARAMETER   10  beta_2CBO RESTORED TO VARIABLE.
 **********
 **   52 **FIX            0
 **********
 PARAMETER    0  IS UNDEFINED. IGNORED.
 **********
 **   53 **FIX            1
 **********
 **********
 **   54 **FIX            2
 **********
 PARAMETER    2  IS CONSTANT.   IGNORED.
 **********
 **   55 **FIX            3
 **********
 **********
 **   56 **FIX            4
 **********
 **********
 **   57 **FIX            5
 **********
 PARAMETER    5  IS CONSTANT.   IGNORED.
 **********
 **   58 **FIX            6
 **********
 **********
 **   59 **FIX            7
 **********
 PARAMETER    7  IS CONSTANT.   IGNORED.
 **********
 **   60 **FIX            8
 **********
 **********
 **   61 **FIX            9
 **********
 **********
 **   62 **FIX           13
 **********
 **********
 **   63 **FIX           14
 **********
 **********
 **   64 **FIX           15
 **********
 PARAMETER   15  IS CONSTANT.   IGNORED.
 **********
 **   65 **FIX           16
 **********
 **********
 **   66 **MIGRAD
 **********
 START MIGRAD MINIMIZATION.  STRATEGY  1.  CONVERGENCE WHEN EDM .LT. 1.00e-04
 FCN=50.5924 FROM MIGRAD    STATUS=INITIATE       16 CALLS        3821 TOTAL
                     EDM= unknown      STRATEGY= 1      NO ERROR MATRIX       
  EXT PARAMETER               CURRENT GUESS       STEP         FIRST   
  NO.   NAME      VALUE            ERROR          SIZE      DERIVATIVE 
   1  N0           2.96998e+06     fixed    
   2  tau          6.44041e+01   constant   
   3  A0           3.54016e-01     fixed    
   4  phi          4.11788e+00     fixed    
   5  R           -5.92716e+01   constant   
   6  alpha_CBO   -1.21112e-03     fixed    
   7  w_CBO        2.32500e+00   constant   
   8  beta_CBO    -3.84657e-03     fixed    
   9  alpha_2CBO  -4.19594e-04     fixed    
  10  beta_2CBO   -8.75184e-04   6.19974e-04   6.19974e-04  -6.17307e+00
  11  alpha_y      0.00000e+00   1.00000e-03   1.00000e-03   2.14228e+03
  12  w_y          1.38860e+01   constant   
  13  beta_y      -4.65878e-04     fixed    
  14  alpha_vw     0.00000e+00     fixed    
  15  w_vw         1.43404e+01   constant   
  16  beta_vw      0.00000e+00     fixed    
  17  LM           4.68092e-05   constant   
  18  zeta_y       0.00000e+00   constant   
  19  zeta_vw      0.00000e+00   constant   
  20  T_CBO        1.66581e+01   3.84876e+00  -1.26452e-03  -1.53157e+01
  21  alpha_A0     1.32546e+05   4.80634e+05   1.94741e+04   1.03079e-07
  22  beta_A0      7.85751e+04   2.84139e+05   1.15127e+04   7.64236e-07
  23  alpha_phi   -8.04136e+04   2.90872e+05  -1.17854e+04   4.65589e-07
  24  beta_phi    -1.47343e+05   5.33347e+05  -2.16101e+04   1.18615e-06
 CALL LIMIT EXCEEDED IN MIGRAD.
 MIGRAD TERMINATED WITHOUT CONVERGENCE.
 FCN=49.9771 FROM MIGRAD    STATUS=CALL LIMIT   1150 CALLS        4955 TOTAL
                     EDM=0.00146739    STRATEGY= 1  ERROR MATRIX UNCERTAINTY  22.9 per cent
  EXT PARAMETER                APPROXIMATE        STEP         FIRST   
  NO.   NAME      VALUE            ERROR          SIZE      DERIVATIVE 
   1  N0           2.96998e+06     fixed    
   2  tau          6.44041e+01   constant   
   3  A0           3.54016e-01     fixed    
   4  phi          4.11788e+00     fixed    
   5  R           -5.92716e+01   constant   
   6  alpha_CBO   -1.21112e-03     fixed    
   7  w_CBO        2.32500e+00   constant   
   8  beta_CBO    -3.84657e-03     fixed    
   9  alpha_2CBO  -4.19594e-04     fixed    
  10  beta_2CBO   -8.76160e-04   6.02668e-04   9.47631e-06   3.79160e+01
  11  alpha_y     -3.90773e-04   6.05406e-04   4.21656e-06   1.85874e+01
  12  w_y          1.38860e+01   constant   
  13  beta_y      -4.65878e-04     fixed    
  14  alpha_vw     0.00000e+00     fixed    
  15  w_vw         1.43404e+01   constant   
  16  beta_vw      0.00000e+00     fixed    
  17  LM           4.68092e-05   constant   
  18  zeta_y       0.00000e+00   constant   
  19  zeta_vw      0.00000e+00   constant   
  20  T_CBO        1.18101e+01   1.12081e+00   6.14702e-05  -6.99172e+00
  21  alpha_A0     1.98968e+08   4.35667e+08   2.39007e+04   8.42913e-12
  22  beta_A0      1.15738e+08   2.52684e+08   1.25241e+04   7.62220e-10
  23  alpha_phi   -1.21760e+08   2.66088e+08  -1.38689e+04  -4.87508e-10
  24  beta_phi    -2.25632e+08   4.94048e+08  -2.77695e+04   9.05527e-10
 EXTERNAL ERROR MATRIX.    NDIM=  25    NPAR=  7    ERR DEF=1
  3.632e-07  1.392e-09 -2.600e-04  1.100e+05  6.378e+04 -6.716e+04 -1.247e+05 
  1.392e-09  3.665e-07 -1.202e-04  5.088e+04  2.951e+04 -3.108e+04 -5.770e+04 
 -2.600e-04 -1.202e-04  1.256e+00 -4.780e+08 -2.772e+08  2.919e+08  5.420e+08 
  1.100e+05  5.088e+04 -4.780e+08  1.898e+17  1.101e+17 -1.159e+17 -2.152e+17 
  6.378e+04  2.951e+04 -2.772e+08  1.101e+17  6.385e+16 -6.724e+16 -1.248e+17 
 -6.716e+04 -3.108e+04  2.919e+08 -1.159e+17 -6.724e+16  7.080e+16  1.315e+17 
 -1.247e+05 -5.770e+04  5.420e+08 -2.152e+17 -1.248e+17  1.315e+17  2.441e+17 
ERR MATRIX APPROXIMATE
 PARAMETER  CORRELATION COEFFICIENTS  
       NO.  GLOBAL     10     11     20     21     22     23     24
       10  0.45713   1.000  0.004 -0.385  0.419  0.419 -0.419 -0.419
       11  0.22308   0.004  1.000 -0.177  0.193  0.193 -0.193 -0.193
       20  0.98187  -0.385 -0.177  1.000 -0.979 -0.979  0.979  0.979
       21  1.00000   0.419  0.193 -0.979  1.000  1.000 -1.000 -1.000
       22  1.00000   0.419  0.193 -0.979  1.000  1.000 -1.000 -1.000
       23  1.00000  -0.419 -0.193  0.979 -1.000 -1.000  1.000  1.000
       24  1.00000  -0.419 -0.193  0.979 -1.000 -1.000  1.000  1.000
 ERR MATRIX APPROXIMATE
MINUIT - FIT ONLY 2-y
 **********
 **   67 **RES 
 **********
                   PARAMETER   16  beta_vw RESTORED TO VARIABLE.
                   PARAMETER   14  alpha_vw RESTORED TO VARIABLE.
                   PARAMETER   13  beta_y RESTORED TO VARIABLE.
                   PARAMETER    9  alpha_2CBO RESTORED TO VARIABLE.
                   PARAMETER    8  beta_CBO RESTORED TO VARIABLE.
                   PARAMETER    6  alpha_CBO RESTORED TO VARIABLE.
                   PARAMETER    4  phi RESTORED TO VARIABLE.
                   PARAMETER    3  A0 RESTORED TO VARIABLE.
                   PARAMETER    1  N0 RESTORED TO VARIABLE.
 **********
 **   68 **FIX            0
 **********
 PARAMETER    0  IS UNDEFINED. IGNORED.
 **********
 **   69 **FIX            1
 **********
 **********
 **   70 **FIX            2
 **********
 PARAMETER    2  IS CONSTANT.   IGNORED.
 **********
 **   71 **FIX            3
 **********
 **********
 **   72 **FIX            4
 **********
 **********
 **   73 **FIX            5
 **********
 PARAMETER    5  IS CONSTANT.   IGNORED.
 **********
 **   74 **FIX            6
 **********
 **********
 **   75 **FIX            7
 **********
 PARAMETER    7  IS CONSTANT.   IGNORED.
 **********
 **   76 **FIX            8
 **********
 **********
 **   77 **FIX            9
 **********
 **********
 **   78 **FIX           10
 **********
 **********
 **   79 **FIX           11
 **********
 **********
 **   80 **FIX           12
 **********
 PARAMETER   12  IS CONSTANT.   IGNORED.
 **********
 **   81 **FIX           16
 **********
 **********
 **   82 **MIGRAD
 **********
 START MIGRAD MINIMIZATION.  STRATEGY  1.  CONVERGENCE WHEN EDM .LT. 1.00e-04
 FCN=49.977 FROM MIGRAD    STATUS=INITIATE       79 CALLS        5034 TOTAL
                     EDM= unknown      STRATEGY= 1      NO ERROR MATRIX       
  EXT PARAMETER               CURRENT GUESS       STEP         FIRST   
  NO.   NAME      VALUE            ERROR          SIZE      DERIVATIVE 
   1  N0           2.96998e+06     fixed    
   2  tau          6.44041e+01   constant   
   3  A0           3.54016e-01     fixed    
   4  phi          4.11788e+00     fixed    
   5  R           -5.92716e+01   constant   
   6  alpha_CBO   -1.21112e-03     fixed    
   7  w_CBO        2.32500e+00   constant   
   8  beta_CBO    -3.84657e-03     fixed    
   9  alpha_2CBO  -4.19594e-04     fixed    
  10  beta_2CBO   -8.76160e-04     fixed    
  11  alpha_y     -3.90773e-04     fixed    
  12  w_y          1.38860e+01   constant   
  13  beta_y      -4.65878e-04   5.99586e-04   0.00000e+00  -7.90453e+01
  14  alpha_vw     0.00000e+00   1.00000e-03   0.00000e+00   1.19043e+03
  15  w_vw         1.43404e+01   constant   
  16  beta_vw      0.00000e+00     fixed    
  17  LM           4.68092e-05   constant   
  18  zeta_y       0.00000e+00   constant   
  19  zeta_vw      0.00000e+00   constant   
  20  T_CBO        1.18101e+01   1.12081e+00   0.00000e+00  -7.06136e+00
  21  alpha_A0     1.98873e+08   4.35667e+08   0.00000e+00   1.28865e-12
  22  beta_A0      1.15738e+08   2.52684e+08   0.00000e+00   7.62760e-10
  23  alpha_phi   -1.21702e+08   2.66088e+08   5.80599e+04  -4.82862e-10
  24  beta_phi    -2.25740e+08   4.94048e+08   0.00000e+00   8.98008e-10
 MIGRAD MINIMIZATION HAS CONVERGED.
 MIGRAD WILL VERIFY CONVERGENCE AND ERROR MATRIX.
 COVARIANCE MATRIX CALCULATED SUCCESSFULLY
 FCN=49.8323 FROM MIGRAD    STATUS=CONVERGED     259 CALLS        5214 TOTAL
                     EDM=2.82113e-07    STRATEGY= 1      ERROR MATRIX ACCURATE 
  EXT PARAMETER                                   STEP         FIRST   
  NO.   NAME      VALUE            ERROR          SIZE      DERIVATIVE 
   1  N0           2.96998e+06     fixed    
   2  tau          6.44041e+01   constant   
   3  A0           3.54016e-01     fixed    
   4  phi          4.11788e+00     fixed    
   5  R           -5.92716e+01   constant   
   6  alpha_CBO   -1.21112e-03     fixed    
   7  w_CBO        2.32500e+00   constant   
   8  beta_CBO    -3.84657e-03     fixed    
   9  alpha_2CBO  -4.19594e-04     fixed    
  10  beta_2CBO   -8.76160e-04     fixed    
  11  alpha_y     -3.90773e-04     fixed    
  12  w_y          1.38860e+01   constant   
  13  beta_y      -4.67653e-04   5.97608e-04   2.07304e-06  -4.76885e-01
  14  alpha_vw    -2.15644e-04   6.02428e-04   2.08994e-06  -3.40612e-02
  15  w_vw         1.43404e+01   constant   
  16  beta_vw      0.00000e+00     fixed    
  17  LM           4.68092e-05   constant   
  18  zeta_y       0.00000e+00   constant   
  19  zeta_vw      0.00000e+00   constant   
  20  T_CBO        1.17609e+01   2.33122e-01   7.54756e-06   3.22668e-01
  21  alpha_A0     2.25181e+08   1.41421e+00   1.07375e+02  -2.51012e-11
  22  beta_A0      1.10450e+08   1.41421e+00   5.26666e+01  -1.70242e-10
  23  alpha_phi   -1.25616e+08   1.41421e+00   5.98985e+01   2.60381e-12
  24  beta_phi    -2.67813e+08   1.41421e+00   1.27703e+02   3.55017e-12
 EXTERNAL ERROR MATRIX.    NDIM=  25    NPAR=  7    ERR DEF=1
  3.571e-07  2.998e-08  1.830e-06  4.990e-14 -1.058e-13  9.914e-14 -4.606e-14 
  2.998e-08  3.629e-07 -3.976e-08 -1.663e-13  5.782e-14 -9.475e-14 -6.743e-14 
  1.830e-06 -3.976e-08  5.435e-02 -1.305e-09 -9.230e-10  9.181e-10  1.592e-09 
  4.990e-14 -1.663e-13 -1.305e-09  2.000e+00 -1.430e-14 -8.727e-18 -1.678e-16 
 -1.058e-13  5.782e-14 -9.230e-10 -1.430e-14  2.000e+00 -2.724e-16 -3.017e-16 
  9.914e-14 -9.475e-14  9.181e-10 -8.727e-18 -2.724e-16  2.000e+00 -7.529e-17 
 -4.606e-14 -6.743e-14  1.592e-09 -1.678e-16 -3.017e-16 -7.529e-17  2.000e+00 
 PARAMETER  CORRELATION COEFFICIENTS  
       NO.  GLOBAL     13     14     20     21     22     23     24
       13  0.08430   1.000  0.083  0.013  0.000 -0.000  0.000 -0.000
       14  0.08328   0.083  1.000 -0.000 -0.000  0.000 -0.000 -0.000
       20  0.01321   0.013 -0.000  1.000 -0.000 -0.000  0.000  0.000
       21  0.00000   0.000 -0.000 -0.000  1.000 -0.000 -0.000 -0.000
       22  0.00000  -0.000  0.000 -0.000 -0.000  1.000 -0.000 -0.000
       23  0.00000   0.000 -0.000  0.000 -0.000 -0.000  1.000 -0.000
       24  0.00000  -0.000 -0.000  0.000 -0.000 -0.000 -0.000  1.000
MINUIT - FIT ALTOGETHER
 **********
 **   83 **RES 
 **********
