 + ++++++++++++++++++++++++++++++++++++++++++++++++++++++++++++++++++++ +
 +                                                                      +
 +           You have chose to blind your fitting according to          +
 +                omega_ref * (1 + (R +/- deltaR) *10^{-6})             +
 +                                                                      +
 + ++++++++++++++++++++++++++++++++++++++++++++++++++++++++++++++++++++ +
In main()...
reading format from /gm2data/zkhechad/run45/envelope/formats/formatB_sBin_constraintOn.txt
pBinTau 	= 0  
pBinPhi 	= 0  
constraintau 	= 1 
includeMopTerm 	= 0    
constrainMop    = 0   
Parameters after format file: pBinTau 0 pBinPhi 0 constraintau 1 includeMopTerm 0 constrainMop 0 c_e_scale 0.000000 
Opening file /gm2data/tbarrett/gm2fr/studies/run23_bunch_corrections/CorrectedFourier_Run3b.root.
reading full fit data from /gm2data/zkhechad/cboTemplates/Run4CBOTemplates/templateFits0_v2.0/noRF/sBin_constraintOn_cE0.0_seed0_noRF_calo13.root
windowBins = 17
fitting sliding window 72 from bin 208 at 30.884400 to bin 225 at 33.570000 (17 bins)

Reading data from /gm2data/cornell/histograms/aMethod/histogram_a_noRF.root
 **********
 **    1 **SET PRINTOUT            1
 **********
 **********
 **    2 **SET NOWARNINGS 
 **********
 PARAMETER DEFINITIONS:
    NO.   NAME         VALUE      STEP SIZE      LIMITS
     1 N0           3.44933e+06  1.00000e+02     no limits
     2 tau          6.43680e+01  constant
     3 A0           3.52702e-01  1.00000e-04     no limits
     4 phi          4.13064e+00  1.00000e-02     no limits
     5 R           -6.08433e+01  constant
     6 alpha_CBO    0.00000e+00  1.00000e-03     no limits
     7 w_CBO        2.32500e+00  constant
     8 beta_CBO     0.00000e+00  1.00000e-03     no limits
     9 alpha_2CBO   0.00000e+00  1.00000e-03     no limits
    10 beta_2CBO    0.00000e+00  1.00000e-03     no limits
    11 alpha_y      0.00000e+00  1.00000e-03     no limits
    12 w_y          1.44500e+01  constant
    13 beta_y       0.00000e+00  1.00000e-03     no limits
    14 alpha_vw     0.00000e+00  1.00000e-03     no limits
    15 w_vw         1.29000e+01  constant
    16 beta_vw      0.00000e+00  1.00000e-03     no limits
    17 LM          -1.22211e-03  constant
    18 zeta_y       0.00000e+00  constant
    19 zeta_vw      0.00000e+00  constant
    20 T_CBO        1.00000e+02  1.00000e+00    0.00000e+00  1.00000e+03
    21 alpha_A0     0.00000e+00  1.00000e-03     no limits
    22 beta_A0      0.00000e+00  1.00000e-03     no limits
    23 alpha_phi    0.00000e+00  1.00000e-03     no limits
    24 beta_phi     0.00000e+00  1.00000e-03     no limits
MINUIT - FIT ONLY WIGGLE
 **********
 **    3 **FIX            5
 **********
 PARAMETER    5  IS CONSTANT.   IGNORED.
 **********
 **    4 **FIX            6
 **********
 **********
 **    5 **FIX            7
 **********
 PARAMETER    7  IS CONSTANT.   IGNORED.
 **********
 **    6 **FIX            8
 **********
 **********
 **    7 **FIX            9
 **********
 **********
 **    8 **FIX           10
 **********
 **********
 **    9 **FIX           11
 **********
 **********
 **   10 **FIX           12
 **********
 PARAMETER   12  IS CONSTANT.   IGNORED.
 **********
 **   11 **FIX           13
 **********
 **********
 **   12 **FIX           14
 **********
 **********
 **   13 **FIX           15
 **********
 PARAMETER   15  IS CONSTANT.   IGNORED.
 **********
 **   14 **FIX           16
 **********
 **********
 **   15 **MIGRAD
 **********
 FIRST CALL TO USER FUNCTION AT NEW START POINT, WITH IFLAG=4.
 START MIGRAD MINIMIZATION.  STRATEGY  1.  CONVERGENCE WHEN EDM .LT. 1.00e-04
 FCN=6581.78 FROM MIGRAD    STATUS=INITIATE      431 CALLS         432 TOTAL
                     EDM= unknown      STRATEGY= 1      NO ERROR MATRIX       
  EXT PARAMETER               CURRENT GUESS       STEP         FIRST   
  NO.   NAME      VALUE            ERROR          SIZE      DERIVATIVE 
   1  N0           3.44933e+06   1.00000e+02   0.00000e+00  -3.21907e-02
   2  tau          6.43680e+01   constant   
   3  A0           3.52702e-01   1.00000e-04   0.00000e+00   4.70599e+05
   4  phi          4.13064e+00   1.00000e-02   0.00000e+00   1.99517e+05
   5  R           -6.08433e+01   constant   
   6  alpha_CBO    0.00000e+00     fixed    
   7  w_CBO        2.32500e+00   constant   
   8  beta_CBO     0.00000e+00     fixed    
   9  alpha_2CBO   0.00000e+00     fixed    
  10  beta_2CBO    0.00000e+00     fixed    
  11  alpha_y      0.00000e+00     fixed    
  12  w_y          1.44500e+01   constant   
  13  beta_y       0.00000e+00     fixed    
  14  alpha_vw     0.00000e+00     fixed    
  15  w_vw         1.29000e+01   constant   
  16  beta_vw      0.00000e+00     fixed    
  17  LM          -1.22211e-03   constant   
  18  zeta_y       0.00000e+00   constant   
  19  zeta_vw      0.00000e+00   constant   
  20  T_CBO        1.00000e+02   1.00000e+00   0.00000e+00   0.00000e+00
  21  alpha_A0     0.00000e+00   1.00000e-03   0.00000e+00   6.69342e+04
  22  beta_A0      0.00000e+00   1.00000e-03   0.00000e+00  -1.18208e+05
  23  alpha_phi    0.00000e+00   1.00000e-03   0.00000e+00   2.46143e+04
  24  beta_phi     0.00000e+00   1.00000e-03   0.00000e+00  -2.02189e+04
 MIGRAD MINIMIZATION HAS CONVERGED.
 MIGRAD WILL VERIFY CONVERGENCE AND ERROR MATRIX.
 FCN=1028.49 FROM HESSE     STATUS=NOT POSDEF     63 CALLS         899 TOTAL
                     EDM=0.000314155    STRATEGY= 1      ERR MATRIX NOT POS-DEF
  EXT PARAMETER                APPROXIMATE        STEP         FIRST   
  NO.   NAME      VALUE            ERROR          SIZE      DERIVATIVE 
   1  N0           3.42183e+06   3.62743e+03   5.80284e+00   7.95492e-06
   2  tau          6.43680e+01   constant   
   3  A0           3.50871e-01   1.40081e-03   1.98637e-06  -1.44587e+01
   4  phi          4.07972e+00   2.85724e-03   6.86119e-06  -4.87164e+00
   5  R           -6.08433e+01   constant   
   6  alpha_CBO    0.00000e+00     fixed    
   7  w_CBO        2.32500e+00   constant   
   8  beta_CBO     0.00000e+00     fixed    
   9  alpha_2CBO   0.00000e+00     fixed    
  10  beta_2CBO    0.00000e+00     fixed    
  11  alpha_y      0.00000e+00     fixed    
  12  w_y          1.44500e+01   constant   
  13  beta_y       0.00000e+00     fixed    
  14  alpha_vw     0.00000e+00     fixed    
  15  w_vw         1.29000e+01   constant   
  16  beta_vw      0.00000e+00     fixed    
  17  LM          -1.22211e-03   constant   
  18  zeta_y       0.00000e+00   constant   
  19  zeta_vw      0.00000e+00   constant   
  20  T_CBO        2.16869e+02   6.04935e+02   1.80603e-03   3.09005e-03
  21  alpha_A0     8.45035e-03   6.42494e-03   1.11038e-05  -2.37226e+00
  22  beta_A0      1.51190e-02   6.56110e-03   1.14115e-05   1.84627e+00
  23  alpha_phi    1.26261e-02   5.91565e-03   8.95008e-06   3.69737e-01
  24  beta_phi    -1.54626e-02   6.69995e-03   9.54788e-06  -1.36195e+00
 MIGRAD MINIMIZATION HAS CONVERGED.
 MIGRAD WILL VERIFY CONVERGENCE AND ERROR MATRIX.
 FCN=1028.41 FROM MIGRAD    STATUS=CONVERGED    1363 CALLS        1364 TOTAL
                     EDM=8.1536e-06    STRATEGY= 1      ERR MATRIX NOT POS-DEF
  EXT PARAMETER                APPROXIMATE        STEP         FIRST   
  NO.   NAME      VALUE            ERROR          SIZE      DERIVATIVE 
   1  N0           3.40024e+06   3.24126e+03   5.76631e+00   8.49287e-06
   2  tau          6.43680e+01   constant   
   3  A0           3.55896e-01   1.33697e-03   2.03672e-06  -9.43494e-01
   4  phi          4.09330e+00   2.56716e-03   6.75343e-06  -6.83900e+00
   5  R           -6.08433e+01   constant   
   6  alpha_CBO    0.00000e+00     fixed    
   7  w_CBO        2.32500e+00   constant   
   8  beta_CBO     0.00000e+00     fixed    
   9  alpha_2CBO   0.00000e+00     fixed    
  10  beta_2CBO    0.00000e+00     fixed    
  11  alpha_y      0.00000e+00     fixed    
  12  w_y          1.44500e+01   constant   
  13  beta_y       0.00000e+00     fixed    
  14  alpha_vw     0.00000e+00     fixed    
  15  w_vw         1.29000e+01   constant   
  16  beta_vw      0.00000e+00     fixed    
  17  LM          -1.22211e-03   constant   
  18  zeta_y       0.00000e+00   constant   
  19  zeta_vw      0.00000e+00   constant   
  20  T_CBO        2.22139e+02   1.76911e+02   5.73564e-04   5.45369e-02
  21  alpha_A0    -2.23348e-02   5.89810e-03   1.08031e-05  -1.21152e+00
  22  beta_A0      3.72317e-02   5.69582e-03   1.12926e-05   1.00322e+00
  23  alpha_phi    3.33250e-02   5.30279e-03   8.89240e-06   1.42234e+00
  24  beta_phi     1.66227e-02   5.42813e-03   9.49243e-06   5.97486e+00
 EXTERNAL ERROR MATRIX.    NDIM=  25    NPAR=  8    ERR DEF=1
  1.051e+07 -1.679e+00 -6.355e+00 -1.747e+05  1.319e+01 -3.041e+00 -3.209e+00 -1.443e+01 
 -1.679e+00  1.787e-06  2.440e-07  7.962e-02  1.732e-06  5.264e-06  5.049e-06 -3.733e-07 
 -6.355e+00  2.440e-07  6.590e-06  1.141e-01 -1.205e-05 -8.442e-07 -1.829e-06  1.178e-05 
 -1.747e+05  7.962e-02  1.141e-01  3.339e+04  2.951e-01 -4.610e-01 -4.035e-01 -1.300e-01 
  1.319e+01  1.732e-06 -1.205e-05  2.951e-01  3.479e-05 -1.290e-06  1.638e-07 -3.091e-05 
 -3.041e+00  5.264e-06 -8.442e-07 -4.610e-01 -1.290e-06  3.244e-05  2.942e-05  2.623e-06 
 -3.209e+00  5.049e-06 -1.829e-06 -4.035e-01  1.638e-07  2.942e-05  2.812e-05  1.586e-06 
 -1.443e+01 -3.733e-07  1.178e-05 -1.300e-01 -3.091e-05  2.623e-06  1.586e-06  2.946e-05 
ERR MATRIX NOT POS-DEF
 PARAMETER  CORRELATION COEFFICIENTS  
       NO.  GLOBAL      1      3      4     20     21     22     23     24
        1  0.99353   1.000 -0.387 -0.764 -0.295  0.690 -0.165 -0.187 -0.820
        3  0.99528  -0.387  1.000  0.071  0.326  0.220  0.691  0.712 -0.051
        4  0.98586  -0.764  0.071  1.000  0.243 -0.796 -0.058 -0.134  0.845
       20  0.99656  -0.295  0.326  0.243  1.000  0.274 -0.443 -0.416 -0.131
       21  0.99317   0.690  0.220 -0.796  0.274  1.000 -0.038  0.005 -0.966
       22  0.99199  -0.165  0.691 -0.058 -0.443 -0.038  1.000  0.974  0.085
       23  0.99428  -0.187  0.712 -0.134 -0.416  0.005  0.974  1.000  0.055
       24  0.99378  -0.820 -0.051  0.845 -0.131 -0.966  0.085  0.055  1.000
 ERR MATRIX NOT POS-DEF
MINUIT - FIT ONLY 1-CBO + wiggle
 **********
 **   16 **RES 
 **********
                   PARAMETER   16  beta_vw RESTORED TO VARIABLE.
                   PARAMETER   14  alpha_vw RESTORED TO VARIABLE.
                   PARAMETER   13  beta_y RESTORED TO VARIABLE.
                   PARAMETER   11  alpha_y RESTORED TO VARIABLE.
                   PARAMETER   10  beta_2CBO RESTORED TO VARIABLE.
                   PARAMETER    9  alpha_2CBO RESTORED TO VARIABLE.
                   PARAMETER    8  beta_CBO RESTORED TO VARIABLE.
                   PARAMETER    6  alpha_CBO RESTORED TO VARIABLE.
 **********
 **   17 **FIX            8
 **********
 **********
 **   18 **FIX            9
 **********
 **********
 **   19 **FIX           11
 **********
 **********
 **   20 **FIX           12
 **********
 PARAMETER   12  IS CONSTANT.   IGNORED.
 **********
 **   21 **FIX           14
 **********
 **********
 **   22 **FIX           15
 **********
 PARAMETER   15  IS CONSTANT.   IGNORED.
 **********
 **   23 **FIX           16
 **********
 **********
 **   24 **MIGRAD
 **********
 START MIGRAD MINIMIZATION.  STRATEGY  1.  CONVERGENCE WHEN EDM .LT. 1.00e-04
 FCN=1028.41 FROM MIGRAD    STATUS=INITIATE       28 CALLS        1392 TOTAL
                     EDM= unknown      STRATEGY= 1      NO ERROR MATRIX       
  EXT PARAMETER               CURRENT GUESS       STEP         FIRST   
  NO.   NAME      VALUE            ERROR          SIZE      DERIVATIVE 
   1  N0           3.40024e+06   3.24126e+03   5.76631e+00   8.49287e-06
   2  tau          6.43680e+01   constant   
   3  A0           3.55896e-01   1.33697e-03   2.03672e-06  -9.43484e-01
   4  phi          4.09330e+00   2.56716e-03   6.75343e-06  -6.83902e+00
   5  R           -6.08433e+01   constant   
   6  alpha_CBO    0.00000e+00   1.00000e-03   1.00000e-03  -2.59599e+01
   7  w_CBO        2.32500e+00   constant   
   8  beta_CBO     0.00000e+00     fixed    
   9  alpha_2CBO   0.00000e+00     fixed    
  10  beta_2CBO    0.00000e+00   1.00000e-03   1.00000e-03   4.31517e+02
  11  alpha_y      0.00000e+00     fixed    
  12  w_y          1.44500e+01   constant   
  13  beta_y       0.00000e+00   1.00000e-03   1.00000e-03   1.46550e+05
  14  alpha_vw     0.00000e+00     fixed    
  15  w_vw         1.29000e+01   constant   
  16  beta_vw      0.00000e+00     fixed    
  17  LM          -1.22211e-03   constant   
  18  zeta_y       0.00000e+00   constant   
  19  zeta_vw      0.00000e+00   constant   
  20  T_CBO        2.22139e+02   1.76911e+02   5.73564e-04   5.38764e-02
  21  alpha_A0    -2.23348e-02   5.89810e-03   1.08031e-05  -1.21153e+00
  22  beta_A0      3.72317e-02   5.69582e-03   1.12926e-05   1.00340e+00
  23  alpha_phi    3.33250e-02   5.30279e-03   8.89240e-06   1.42234e+00
  24  beta_phi     1.66227e-02   5.42813e-03   9.49243e-06   5.97487e+00
 CALL LIMIT EXCEEDED IN MIGRAD.
 MIGRAD TERMINATED WITHOUT CONVERGENCE.
 FCN=852.631 FROM MIGRAD    STATUS=CALL LIMIT   1929 CALLS        3293 TOTAL
                     EDM=0.750559    STRATEGY= 1  ERROR MATRIX UNCERTAINTY  10.6 per cent
  EXT PARAMETER                APPROXIMATE        STEP         FIRST   
  NO.   NAME      VALUE            ERROR          SIZE      DERIVATIVE 
   1  N0           3.31883e+06   3.95496e+03   2.51702e+01   1.18640e-03
   2  tau          6.43680e+01   constant   
   3  A0           4.55867e-01   3.46054e-03  -7.59563e-05  -8.90809e+02
   4  phi          4.14854e+00   1.49207e-03   4.79162e-04  -1.16509e+03
   5  R           -6.08433e+01   constant   
   6  alpha_CBO   -4.95647e-03   1.21454e-03   1.11579e-04  -1.81741e+03
   7  w_CBO        2.32500e+00   constant   
   8  beta_CBO     0.00000e+00     fixed    
   9  alpha_2CBO   0.00000e+00     fixed    
  10  beta_2CBO    1.03680e-02   8.39807e-04  -9.45247e-06  -2.91765e+02
  11  alpha_y      0.00000e+00     fixed    
  12  w_y          1.44500e+01   constant   
  13  beta_y      -2.01426e-03   1.53871e-04  -4.45793e-07  -1.94779e+03
  14  alpha_vw     0.00000e+00     fixed    
  15  w_vw         1.29000e+01   constant   
  16  beta_vw      0.00000e+00     fixed    
  17  LM          -1.22211e-03   constant   
  18  zeta_y       0.00000e+00   constant   
  19  zeta_vw      0.00000e+00   constant   
  20  T_CBO        2.39996e+02   1.09202e+01  -4.66403e-03  -5.95894e+01
  21  alpha_A0    -7.00977e-02   4.95135e-03  -2.93012e-04   1.82136e+02
  22  beta_A0      3.25066e-01   8.86701e-03  -1.97967e-04   3.18264e+02
  23  alpha_phi    2.83902e-01   7.10710e-03  -2.55087e-04   2.01891e+02
  24  beta_phi     9.55366e-02   4.67661e-03   4.62505e-04   1.15351e+03
 EXTERNAL ERROR MATRIX.    NDIM=  25    NPAR= 11    ERR DEF=1
  1.564e+07 
 -8.136e+00  1.198e-05 
 -2.152e+00  1.528e-06  2.226e-06 
  3.046e+00 -3.599e-06 -6.495e-07  1.475e-06 
 -9.494e-01  2.385e-06  4.781e-07 -8.892e-07  7.053e-07 
 -4.068e-02 -8.018e-08 -1.561e-08  5.185e-09 -1.948e-08  2.368e-08 
 -2.389e+04  3.636e-02  1.855e-03 -1.075e-02  6.914e-03 -2.763e-04  1.193e+02 
  1.680e+01 -8.998e-06 -4.812e-06  4.535e-06 -1.999e-06 -5.215e-08 -2.285e-02  2.452e-05 
 -1.876e+01  3.052e-05  4.006e-06 -9.235e-06  6.397e-06 -2.349e-07  9.281e-02 -2.173e-05  7.862e-05 
 -1.688e+01  2.348e-05  1.443e-06 -6.034e-06  3.789e-06 -1.809e-07  7.386e-02 -1.353e-05  5.880e-05  5.051e-05 
 -1.723e+01  6.610e-06  4.215e-06 -2.760e-06  6.481e-07  7.667e-08  1.637e-02 -2.062e-05  1.459e-05  1.274e-05  2.187e-05 
ERR MATRIX APPROXIMATE
 PARAMETER  CORRELATION COEFFICIENTS  
       NO.  GLOBAL      1      3      4      6     10     13     20     21     22     23     24
        1  0.99920   1.000 -0.594 -0.365  0.634 -0.286 -0.067 -0.553  0.858 -0.535 -0.601 -0.931
        3  0.99979  -0.594  1.000  0.296 -0.856  0.821 -0.151  0.962 -0.525  0.995  0.955  0.408
        4  0.99416  -0.365  0.296  1.000 -0.358  0.382 -0.068  0.114 -0.651  0.303  0.136  0.604
        6  0.99643   0.634 -0.856 -0.358  1.000 -0.872  0.028 -0.811  0.754 -0.858 -0.699 -0.486
       10  0.98230  -0.286  0.821  0.382 -0.872  1.000 -0.151  0.754 -0.481  0.859  0.635  0.165
       13  0.57203  -0.067 -0.151 -0.068  0.028 -0.151  1.000 -0.164 -0.068 -0.172 -0.165  0.107
       20  0.99215  -0.553  0.962  0.114 -0.811  0.754 -0.164  1.000 -0.423  0.958  0.952  0.320
       21  0.99780   0.858 -0.525 -0.651  0.754 -0.481 -0.068 -0.423  1.000 -0.495 -0.385 -0.891
       22  0.99945  -0.535  0.995  0.303 -0.858  0.859 -0.172  0.958 -0.495  1.000  0.933  0.352
       23  0.99929  -0.601  0.955  0.136 -0.699  0.635 -0.165  0.952 -0.385  0.933  1.000  0.383
       24  0.99873  -0.931  0.408  0.604 -0.486  0.165  0.107  0.320 -0.891  0.352  0.383  1.000
 ERR MATRIX APPROXIMATE
MINUIT - FIT ONLY 2-CBO
 **********
 **   25 **RES 
 **********
                   PARAMETER   16  beta_vw RESTORED TO VARIABLE.
                   PARAMETER   14  alpha_vw RESTORED TO VARIABLE.
                   PARAMETER   11  alpha_y RESTORED TO VARIABLE.
                   PARAMETER    9  alpha_2CBO RESTORED TO VARIABLE.
                   PARAMETER    8  beta_CBO RESTORED TO VARIABLE.
 **********
 **   26 **FIX            0
 **********
 PARAMETER    0  IS UNDEFINED. IGNORED.
 **********
 **   27 **FIX            1
 **********
 **********
 **   28 **FIX            2
 **********
 PARAMETER    2  IS CONSTANT.   IGNORED.
 **********
 **   29 **FIX            3
 **********
 **********
 **   30 **FIX            4
 **********
 **********
 **   31 **FIX            5
 **********
 PARAMETER    5  IS CONSTANT.   IGNORED.
 **********
 **   32 **FIX            6
 **********
 **********
 **   33 **FIX            7
 **********
 PARAMETER    7  IS CONSTANT.   IGNORED.
 **********
 **   34 **FIX           10
 **********
 **********
 **   35 **FIX           11
 **********
 **********
 **   36 **FIX           12
 **********
 PARAMETER   12  IS CONSTANT.   IGNORED.
 **********
 **   37 **FIX           13
 **********
 **********
 **   38 **FIX           14
 **********
 **********
 **   39 **FIX           15
 **********
 PARAMETER   15  IS CONSTANT.   IGNORED.
 **********
 **   40 **FIX           16
 **********
 **********
 **   41 **MIGRAD
 **********
 START MIGRAD MINIMIZATION.  STRATEGY  1.  CONVERGENCE WHEN EDM .LT. 1.00e-04
 FCN=852.631 FROM MIGRAD    STATUS=INITIATE       18 CALLS        3311 TOTAL
                     EDM= unknown      STRATEGY= 1      NO ERROR MATRIX       
  EXT PARAMETER               CURRENT GUESS       STEP         FIRST   
  NO.   NAME      VALUE            ERROR          SIZE      DERIVATIVE 
   1  N0           3.31883e+06     fixed    
   2  tau          6.43680e+01   constant   
   3  A0           4.55867e-01     fixed    
   4  phi          4.14854e+00     fixed    
   5  R           -6.08433e+01   constant   
   6  alpha_CBO   -4.95647e-03     fixed    
   7  w_CBO        2.32500e+00   constant   
   8  beta_CBO     0.00000e+00   1.00000e-03   1.00000e-03  -1.26355e+03
   9  alpha_2CBO   0.00000e+00   1.00000e-03   1.00000e-03  -4.40210e+02
  10  beta_2CBO    1.03680e-02     fixed    
  11  alpha_y      0.00000e+00     fixed    
  12  w_y          1.44500e+01   constant   
  13  beta_y      -2.01426e-03     fixed    
  14  alpha_vw     0.00000e+00     fixed    
  15  w_vw         1.29000e+01   constant   
  16  beta_vw      0.00000e+00     fixed    
  17  LM          -1.22211e-03   constant   
  18  zeta_y       0.00000e+00   constant   
  19  zeta_vw      0.00000e+00   constant   
  20  T_CBO        2.39996e+02   1.09202e+01  -4.66403e-03   5.95894e+01
  21  alpha_A0    -7.00977e-02   4.95135e-03  -2.93012e-04   1.82136e+02
  22  beta_A0      3.25066e-01   8.86701e-03  -1.97967e-04   3.18264e+02
  23  alpha_phi    2.83902e-01   7.10710e-03  -2.55087e-04   2.01891e+02
  24  beta_phi     9.55366e-02   4.67661e-03   4.62505e-04   1.15351e+03
 MIGRAD MINIMIZATION HAS CONVERGED.
 MIGRAD WILL VERIFY CONVERGENCE AND ERROR MATRIX.
 COVARIANCE MATRIX CALCULATED SUCCESSFULLY
 FCN=852.398 FROM HESSE     STATUS=OK             50 CALLS        3459 TOTAL
                     EDM=0.0225818    STRATEGY= 1      ERROR MATRIX ACCURATE 
  EXT PARAMETER                                   STEP         FIRST   
  NO.   NAME      VALUE            ERROR          SIZE      DERIVATIVE 
   1  N0           3.31883e+06     fixed    
   2  tau          6.43680e+01   constant   
   3  A0           4.55867e-01     fixed    
   4  phi          4.14854e+00     fixed    
   5  R           -6.08433e+01   constant   
   6  alpha_CBO   -4.95647e-03     fixed    
   7  w_CBO        2.32500e+00   constant   
   8  beta_CBO     5.48546e-06   6.08342e-04   2.12951e-06   6.31127e+00
   9  alpha_2CBO  -1.06823e-04   3.39267e-04   2.13688e-06   2.32002e+00
  10  beta_2CBO    1.03680e-02     fixed    
  11  alpha_y      0.00000e+00     fixed    
  12  w_y          1.44500e+01   constant   
  13  beta_y      -2.01426e-03     fixed    
  14  alpha_vw     0.00000e+00     fixed    
  15  w_vw         1.29000e+01   constant   
  16  beta_vw      0.00000e+00     fixed    
  17  LM          -1.22211e-03   constant   
  18  zeta_y       0.00000e+00   constant   
  19  zeta_vw      0.00000e+00   constant   
  20  T_CBO        2.40224e+02   1.62651e+02   5.94339e-05  -8.10532e-01
  21  alpha_A0    -7.02037e-02   6.78512e-03   6.48325e-06  -6.55691e-01
  22  beta_A0      3.25030e-01   2.90753e-02   6.77638e-06  -5.21454e-01
  23  alpha_phi    2.84091e-01   2.54699e-02   6.71474e-06   4.44613e-01
  24  beta_phi     9.50624e-02   8.60718e-03   7.94246e-06  -1.66937e+00
 CALL LIMIT EXCEEDED IN MIGRAD.
 MIGRAD TERMINATED WITHOUT CONVERGENCE.
 FCN=852.174 FROM MIGRAD    STATUS=CALL LIMIT   1160 CALLS        4453 TOTAL
                     EDM=0.00466303    STRATEGY= 1  ERROR MATRIX UNCERTAINTY  25.2 per cent
  EXT PARAMETER                APPROXIMATE        STEP         FIRST   
  NO.   NAME      VALUE            ERROR          SIZE      DERIVATIVE 
   1  N0           3.31883e+06     fixed    
   2  tau          6.43680e+01   constant   
   3  A0           4.55867e-01     fixed    
   4  phi          4.14854e+00     fixed    
   5  R           -6.08433e+01   constant   
   6  alpha_CBO   -4.95647e-03     fixed    
   7  w_CBO        2.32500e+00   constant   
   8  beta_CBO     2.95481e-04   4.78868e-04   1.86600e-06   6.29214e+01
   9  alpha_2CBO  -1.01605e-04   3.27499e-04   1.36671e-06   1.29582e+02
  10  beta_2CBO    1.03680e-02     fixed    
  11  alpha_y      0.00000e+00     fixed    
  12  w_y          1.44500e+01   constant   
  13  beta_y      -2.01426e-03     fixed    
  14  alpha_vw     0.00000e+00     fixed    
  15  w_vw         1.29000e+01   constant   
  16  beta_vw      0.00000e+00     fixed    
  17  LM          -1.22211e-03   constant   
  18  zeta_y       0.00000e+00   constant   
  19  zeta_vw      0.00000e+00   constant   
  20  T_CBO        5.24269e+02   1.81147e+02   7.96464e-04   4.01601e-01
  21  alpha_A0    -6.51346e-02   1.53215e-03   2.97889e-06  -5.62973e+01
  22  beta_A0      3.03146e-01   6.53399e-03   5.16645e-06  -3.64834e+01
  23  alpha_phi    2.64921e-01   5.49970e-03  -3.38929e-06   6.93881e+01
  24  beta_phi     8.86140e-02   2.14261e-03   2.63850e-06  -9.15445e+00
 EXTERNAL ERROR MATRIX.    NDIM=  25    NPAR=  7    ERR DEF=1
  2.293e-07  6.024e-08  1.347e-02  2.421e-07  1.613e-07 -3.817e-07 -1.121e-07 
  6.024e-08  1.073e-07 -3.653e-03  9.414e-08  2.912e-07 -4.139e-08  2.684e-07 
  1.347e-02 -3.653e-03  3.436e+04  2.606e-01 -1.183e+00 -1.011e+00 -3.572e-01 
  2.421e-07  9.414e-08  2.606e-01  2.347e-06 -8.585e-06 -7.732e-06 -2.520e-06 
  1.613e-07  2.912e-07 -1.183e+00 -8.585e-06  4.269e-05  3.489e-05  1.232e-05 
 -3.817e-07 -4.139e-08 -1.011e+00 -7.732e-06  3.489e-05  3.025e-05  1.005e-05 
 -1.121e-07  2.684e-07 -3.572e-01 -2.520e-06  1.232e-05  1.005e-05  4.591e-06 
ERR MATRIX APPROXIMATE
 PARAMETER  CORRELATION COEFFICIENTS  
       NO.  GLOBAL      8      9     20     21     22     23     24
        8  0.95174   1.000  0.384  0.152  0.330  0.052 -0.145 -0.109
        9  0.89805   0.384  1.000 -0.060  0.188  0.136 -0.023  0.382
       20  0.99896   0.152 -0.060  1.000  0.918 -0.977 -0.992 -0.899
       21  0.95996   0.330  0.188  0.918  1.000 -0.858 -0.918 -0.768
       22  0.99776   0.052  0.136 -0.977 -0.858  1.000  0.971  0.880
       23  0.99695  -0.145 -0.023 -0.992 -0.918  0.971  1.000  0.853
       24  0.96884  -0.109  0.382 -0.899 -0.768  0.880  0.853  1.000
 ERR MATRIX APPROXIMATE
MINUIT - FIT wiggle + 1-CBO + 2-CBO
 **********
 **   42 **RES 
 **********
                   PARAMETER   16  beta_vw RESTORED TO VARIABLE.
                   PARAMETER   14  alpha_vw RESTORED TO VARIABLE.
                   PARAMETER   13  beta_y RESTORED TO VARIABLE.
                   PARAMETER   11  alpha_y RESTORED TO VARIABLE.
                   PARAMETER   10  beta_2CBO RESTORED TO VARIABLE.
                   PARAMETER    6  alpha_CBO RESTORED TO VARIABLE.
                   PARAMETER    4  phi RESTORED TO VARIABLE.
                   PARAMETER    3  A0 RESTORED TO VARIABLE.
                   PARAMETER    1  N0 RESTORED TO VARIABLE.
 **********
 **   43 **FIX           10
 **********
 **********
 **   44 **FIX           11
 **********
 **********
 **   45 **FIX           12
 **********
 PARAMETER   12  IS CONSTANT.   IGNORED.
 **********
 **   46 **FIX           13
 **********
 **********
 **   47 **FIX           14
 **********
 **********
 **   48 **FIX           15
 **********
 PARAMETER   15  IS CONSTANT.   IGNORED.
 **********
 **   49 **FIX           16
 **********
 **********
 **   50 **MIGRAD
 **********
 START MIGRAD MINIMIZATION.  STRATEGY  1.  CONVERGENCE WHEN EDM .LT. 1.00e-04
 FCN=852.174 FROM MIGRAD    STATUS=INITIATE       22 CALLS        4475 TOTAL
                     EDM= unknown      STRATEGY= 1      NO ERROR MATRIX       
  EXT PARAMETER               CURRENT GUESS       STEP         FIRST   
  NO.   NAME      VALUE            ERROR          SIZE      DERIVATIVE 
   1  N0           3.31883e+06   3.95496e+03   3.95496e+03   2.96948e-04
   2  tau          6.43680e+01   constant   
   3  A0           4.55867e-01   3.46054e-03   3.46054e-03  -1.62311e+02
   4  phi          4.14854e+00   1.49207e-03   1.49207e-03  -1.65370e+01
   5  R           -6.08433e+01   constant   
   6  alpha_CBO   -4.95647e-03   1.21454e-03   1.21454e-03  -1.17763e+03
   7  w_CBO        2.32500e+00   constant   
   8  beta_CBO     2.95481e-04   4.78868e-04   1.86600e-06   6.29214e+01
   9  alpha_2CBO  -1.01605e-04   3.27499e-04   1.36671e-06   1.29582e+02
  10  beta_2CBO    1.03680e-02     fixed    
  11  alpha_y      0.00000e+00     fixed    
  12  w_y          1.44500e+01   constant   
  13  beta_y      -2.01426e-03     fixed    
  14  alpha_vw     0.00000e+00     fixed    
  15  w_vw         1.29000e+01   constant   
  16  beta_vw      0.00000e+00     fixed    
  17  LM          -1.22211e-03   constant   
  18  zeta_y       0.00000e+00   constant   
  19  zeta_vw      0.00000e+00   constant   
  20  T_CBO        5.24269e+02   1.81147e+02   7.96464e-04   4.01599e-01
  21  alpha_A0    -6.51346e-02   1.53215e-03   2.97889e-06  -5.62973e+01
  22  beta_A0      3.03146e-01   6.53399e-03   5.16645e-06  -3.64834e+01
  23  alpha_phi    2.64921e-01   5.49970e-03  -3.38929e-06   6.93881e+01
  24  beta_phi     8.86140e-02   2.14261e-03   2.63850e-06  -9.15445e+00
 CALL LIMIT EXCEEDED IN MIGRAD.
 MIGRAD TERMINATED WITHOUT CONVERGENCE.
 FCN=845.562 FROM MIGRAD    STATUS=CALL LIMIT   1919 CALLS        6372 TOTAL
                     EDM=0.00353566    STRATEGY= 1  ERROR MATRIX UNCERTAINTY  16.5 per cent
  EXT PARAMETER                APPROXIMATE        STEP         FIRST   
  NO.   NAME      VALUE            ERROR          SIZE      DERIVATIVE 
   1  N0           3.46050e+06   5.12139e+04   1.67029e+03   4.56662e-05
   2  tau          6.43680e+01   constant   
   3  A0           4.71863e-01   8.75844e-03   2.64273e-04  -3.21199e+02
   4  phi          4.21268e+00   2.94049e-02   8.19682e-04  -7.76196e+00
   5  R           -6.08433e+01   constant   
   6  alpha_CBO    3.62448e-02   1.53163e-02   5.51618e-04  -2.17782e+02
   7  w_CBO        2.32500e+00   constant   
   8  beta_CBO    -9.72561e-03   8.14418e-03  -7.61467e-05  -2.91647e+02
   9  alpha_2CBO   7.95811e-03   4.14042e-03   1.19811e-04  -3.88546e+01
  10  beta_2CBO    1.03680e-02     fixed    
  11  alpha_y      0.00000e+00     fixed    
  12  w_y          1.44500e+01   constant   
  13  beta_y      -2.01426e-03     fixed    
  14  alpha_vw     0.00000e+00     fixed    
  15  w_vw         1.29000e+01   constant   
  16  beta_vw      0.00000e+00     fixed    
  17  LM          -1.22211e-03   constant   
  18  zeta_y       0.00000e+00   constant   
  19  zeta_vw      0.00000e+00   constant   
  20  T_CBO        3.33564e+02   6.25827e+01  -2.31522e-03   7.99296e+00
  21  alpha_A0     4.74093e-02   4.16665e-02   1.22581e-03   4.00910e+01
  22  beta_A0      3.38790e-01   1.64890e-02   6.40330e-04   9.01630e+01
  23  alpha_phi    2.97412e-01   1.44995e-02   5.47257e-04   7.84233e+01
  24  beta_phi     4.88196e-02   1.94062e-02  -2.44265e-04   5.56765e+01
 EXTERNAL ERROR MATRIX.    NDIM=  25    NPAR= 11    ERR DEF=1
  2.623e+09 
  3.602e+02  7.671e-05 
  1.264e+03  2.390e-04  8.646e-04 
  7.742e+02  9.771e-05  3.579e-04  2.346e-04 
 -2.186e+02 -6.340e-05 -2.038e-04 -5.166e-05  6.633e-05 
  1.527e+02  7.911e-06  3.030e-05  4.969e-05  6.805e-06  1.714e-05 
 -2.930e+06 -4.994e-01 -1.732e+00 -8.134e-01  4.085e-01 -1.037e-01  3.940e+03 
  1.735e+03  1.304e-04  4.577e-04  5.465e-04  1.725e-05  1.699e-04 -1.391e+00  1.736e-03 
  7.493e+02  7.320e-05  2.592e-04  2.356e-04 -1.262e-05  6.425e-05 -6.460e-01  6.658e-04  2.719e-04 
  6.954e+02  1.191e-04  3.767e-04  1.998e-04 -8.109e-05  3.191e-05 -8.251e-01  3.910e-04  1.837e-04  2.102e-04 
 -4.295e+02  1.100e-05  7.195e-05 -1.418e-04 -6.941e-05 -7.143e-05  1.400e-01 -6.939e-04 -2.313e-04 -6.979e-05  3.766e-04 
ERR MATRIX APPROXIMATE
 PARAMETER  CORRELATION COEFFICIENTS  
       NO.  GLOBAL      1      3      4      6      8      9     20     21     22     23     24
        1  0.99999   1.000  0.803  0.840  0.987 -0.524  0.720 -0.912  0.813  0.887  0.936 -0.432
        3  0.99995   0.803  1.000  0.928  0.728 -0.889  0.218 -0.908  0.357  0.507  0.938  0.065
        4  0.99998   0.840  0.928  1.000  0.795 -0.851  0.249 -0.939  0.374  0.535  0.884  0.126
        6  0.99998   0.987  0.728  0.795  1.000 -0.414  0.784 -0.846  0.856  0.933  0.900 -0.477
        8  0.99993  -0.524 -0.889 -0.851 -0.414  1.000  0.202  0.799  0.051 -0.094 -0.687 -0.439
        9  0.99939   0.720  0.218  0.249  0.784  0.202  1.000 -0.399  0.985  0.941  0.532 -0.889
       20  0.99943  -0.912 -0.908 -0.939 -0.846  0.799 -0.399  1.000 -0.532 -0.624 -0.907  0.115
       21  0.99997   0.813  0.357  0.374  0.856  0.051  0.985 -0.532  1.000  0.969  0.647 -0.858
       22  0.99990   0.887  0.507  0.535  0.933 -0.094  0.941 -0.624  0.969  1.000  0.769 -0.723
       23  0.99982   0.936  0.938  0.884  0.900 -0.687  0.532 -0.907  0.647  0.769  1.000 -0.248
       24  0.99980  -0.432  0.065  0.126 -0.477 -0.439 -0.889  0.115 -0.858 -0.723 -0.248  1.000
 ERR MATRIX APPROXIMATE
MINUIT - FIT ONLY 1-y
 **********
 **   51 **RES 
 **********
                   PARAMETER   16  beta_vw RESTORED TO VARIABLE.
                   PARAMETER   14  alpha_vw RESTORED TO VARIABLE.
                   PARAMETER   13  beta_y RESTORED TO VARIABLE.
                   PARAMETER   11  alpha_y RESTORED TO VARIABLE.
                   PARAMETER   10  beta_2CBO RESTORED TO VARIABLE.
 **********
 **   52 **FIX            0
 **********
 PARAMETER    0  IS UNDEFINED. IGNORED.
 **********
 **   53 **FIX            1
 **********
 **********
 **   54 **FIX            2
 **********
 PARAMETER    2  IS CONSTANT.   IGNORED.
 **********
 **   55 **FIX            3
 **********
 **********
 **   56 **FIX            4
 **********
 **********
 **   57 **FIX            5
 **********
 PARAMETER    5  IS CONSTANT.   IGNORED.
 **********
 **   58 **FIX            6
 **********
 **********
 **   59 **FIX            7
 **********
 PARAMETER    7  IS CONSTANT.   IGNORED.
 **********
 **   60 **FIX            8
 **********
 **********
 **   61 **FIX            9
 **********
 **********
 **   62 **FIX           13
 **********
 **********
 **   63 **FIX           14
 **********
 **********
 **   64 **FIX           15
 **********
 PARAMETER   15  IS CONSTANT.   IGNORED.
 **********
 **   65 **FIX           16
 **********
 **********
 **   66 **MIGRAD
 **********
 START MIGRAD MINIMIZATION.  STRATEGY  1.  CONVERGENCE WHEN EDM .LT. 1.00e-04
 FCN=845.562 FROM MIGRAD    STATUS=INITIATE       16 CALLS        6388 TOTAL
                     EDM= unknown      STRATEGY= 1      NO ERROR MATRIX       
  EXT PARAMETER               CURRENT GUESS       STEP         FIRST   
  NO.   NAME      VALUE            ERROR          SIZE      DERIVATIVE 
   1  N0           3.46050e+06     fixed    
   2  tau          6.43680e+01   constant   
   3  A0           4.71863e-01     fixed    
   4  phi          4.21268e+00     fixed    
   5  R           -6.08433e+01   constant   
   6  alpha_CBO    3.62448e-02     fixed    
   7  w_CBO        2.32500e+00   constant   
   8  beta_CBO    -9.72561e-03     fixed    
   9  alpha_2CBO   7.95811e-03     fixed    
  10  beta_2CBO    1.03680e-02   8.39807e-04   8.39807e-04  -8.31536e+02
  11  alpha_y      0.00000e+00   1.00000e-03   1.00000e-03  -3.52633e+05
  12  w_y          1.44500e+01   constant   
  13  beta_y      -2.01426e-03     fixed    
  14  alpha_vw     0.00000e+00     fixed    
  15  w_vw         1.29000e+01   constant   
  16  beta_vw      0.00000e+00     fixed    
  17  LM          -1.22211e-03   constant   
  18  zeta_y       0.00000e+00   constant   
  19  zeta_vw      0.00000e+00   constant   
  20  T_CBO        3.33564e+02   6.25827e+01  -2.31522e-03   7.99297e+00
  21  alpha_A0     4.74093e-02   4.16665e-02   1.22581e-03   4.00910e+01
  22  beta_A0      3.38790e-01   1.64890e-02   6.40330e-04   9.01630e+01
  23  alpha_phi    2.97412e-01   1.44995e-02   5.47257e-04   7.84233e+01
  24  beta_phi     4.88196e-02   1.94062e-02  -2.44265e-04   5.56765e+01
 CALL LIMIT EXCEEDED IN MIGRAD.
 MIGRAD TERMINATED WITHOUT CONVERGENCE.
 FCN=56.1239 FROM MIGRAD    STATUS=CALL LIMIT   1160 CALLS        7532 TOTAL
                     EDM=0.00936451    STRATEGY= 1  ERROR MATRIX UNCERTAINTY  30.7 per cent
  EXT PARAMETER                APPROXIMATE        STEP         FIRST   
  NO.   NAME      VALUE            ERROR          SIZE      DERIVATIVE 
   1  N0           3.46050e+06     fixed    
   2  tau          6.43680e+01   constant   
   3  A0           4.71863e-01     fixed    
   4  phi          4.21268e+00     fixed    
   5  R           -6.08433e+01   constant   
   6  alpha_CBO    3.62448e-02     fixed    
   7  w_CBO        2.32500e+00   constant   
   8  beta_CBO    -9.72561e-03     fixed    
   9  alpha_2CBO   7.95811e-03     fixed    
  10  beta_2CBO    9.84776e-03   2.15345e-04   3.22224e-06   2.26243e+01
  11  alpha_y      4.47500e-03   1.59818e-04  -1.50127e-06  -1.78850e+02
  12  w_y          1.44500e+01   constant   
  13  beta_y      -2.01426e-03     fixed    
  14  alpha_vw     0.00000e+00     fixed    
  15  w_vw         1.29000e+01   constant   
  16  beta_vw      0.00000e+00     fixed    
  17  LM          -1.22211e-03   constant   
  18  zeta_y       0.00000e+00   constant   
  19  zeta_vw      0.00000e+00   constant   
  20  T_CBO        1.51587e+02   3.02232e+01  -4.49125e-03  -6.62980e+01
  21  alpha_A0     5.35149e-02   2.30242e-03   1.19396e-04  -3.44189e+01
  22  beta_A0      3.79403e-01   1.59671e-02   8.48818e-04  -2.07701e+02
  23  alpha_phi    3.33065e-01   1.34723e-02   7.16083e-04  -1.51755e+02
  24  beta_phi     5.54134e-02   2.02751e-03   1.03589e-04  -8.61364e+01
 EXTERNAL ERROR MATRIX.    NDIM=  25    NPAR=  7    ERR DEF=1
  4.637e-08 -4.232e-09 -1.759e-03  1.239e-07  9.813e-07  7.383e-07  8.406e-08 
 -4.232e-09  2.554e-08  2.809e-04 -1.983e-08 -1.672e-07 -1.341e-07 -1.192e-08 
 -1.759e-03  2.809e-04  9.156e+02 -6.866e-02 -4.830e-01 -4.074e-01 -5.892e-02 
  1.239e-07 -1.983e-08 -6.866e-02  5.301e-06  3.620e-05  3.055e-05  4.412e-06 
  9.813e-07 -1.672e-07 -4.830e-01  3.620e-05  2.549e-04  2.148e-04  3.098e-05 
  7.383e-07 -1.341e-07 -4.074e-01  3.055e-05  2.148e-04  1.815e-04  2.617e-05 
  8.406e-08 -1.192e-08 -5.892e-02  4.412e-06  3.098e-05  2.617e-05  4.111e-06 
ERR MATRIX APPROXIMATE
 PARAMETER  CORRELATION COEFFICIENTS  
       NO.  GLOBAL     10     11     20     21     22     23     24
       10  0.68144   1.000 -0.123 -0.270  0.250  0.285  0.254  0.193
       11  0.44128  -0.123  1.000  0.058 -0.054 -0.066 -0.062 -0.037
       20  0.99994  -0.270  0.058  1.000 -0.986 -1.000 -0.999 -0.960
       21  0.98607   0.250 -0.054 -0.986  1.000  0.985  0.985  0.945
       22  0.99986   0.285 -0.066 -1.000  0.985  1.000  0.999  0.957
       23  0.99970   0.254 -0.062 -0.999  0.985  0.999  1.000  0.958
       24  0.97573   0.193 -0.037 -0.960  0.945  0.957  0.958  1.000
 ERR MATRIX APPROXIMATE
MINUIT - FIT ONLY 2-y
 **********
 **   67 **RES 
 **********
                   PARAMETER   16  beta_vw RESTORED TO VARIABLE.
                   PARAMETER   14  alpha_vw RESTORED TO VARIABLE.
                   PARAMETER   13  beta_y RESTORED TO VARIABLE.
                   PARAMETER    9  alpha_2CBO RESTORED TO VARIABLE.
                   PARAMETER    8  beta_CBO RESTORED TO VARIABLE.
                   PARAMETER    6  alpha_CBO RESTORED TO VARIABLE.
                   PARAMETER    4  phi RESTORED TO VARIABLE.
                   PARAMETER    3  A0 RESTORED TO VARIABLE.
                   PARAMETER    1  N0 RESTORED TO VARIABLE.
 **********
 **   68 **FIX            0
 **********
 PARAMETER    0  IS UNDEFINED. IGNORED.
 **********
 **   69 **FIX            1
 **********
 **********
 **   70 **FIX            2
 **********
 PARAMETER    2  IS CONSTANT.   IGNORED.
 **********
 **   71 **FIX            3
 **********
 **********
 **   72 **FIX            4
 **********
 **********
 **   73 **FIX            5
 **********
 PARAMETER    5  IS CONSTANT.   IGNORED.
 **********
 **   74 **FIX            6
 **********
 **********
 **   75 **FIX            7
 **********
 PARAMETER    7  IS CONSTANT.   IGNORED.
 **********
 **   76 **FIX            8
 **********
 **********
 **   77 **FIX            9
 **********
 **********
 **   78 **FIX           10
 **********
 **********
 **   79 **FIX           11
 **********
 **********
 **   80 **FIX           12
 **********
 PARAMETER   12  IS CONSTANT.   IGNORED.
 **********
 **   81 **FIX           16
 **********
 **********
 **   82 **MIGRAD
 **********
 START MIGRAD MINIMIZATION.  STRATEGY  1.  CONVERGENCE WHEN EDM .LT. 1.00e-04
 FCN=56.1239 FROM MIGRAD    STATUS=INITIATE       16 CALLS        7548 TOTAL
                     EDM= unknown      STRATEGY= 1      NO ERROR MATRIX       
  EXT PARAMETER               CURRENT GUESS       STEP         FIRST   
  NO.   NAME      VALUE            ERROR          SIZE      DERIVATIVE 
   1  N0           3.46050e+06     fixed    
   2  tau          6.43680e+01   constant   
   3  A0           4.71863e-01     fixed    
   4  phi          4.21268e+00     fixed    
   5  R           -6.08433e+01   constant   
   6  alpha_CBO    3.62448e-02     fixed    
   7  w_CBO        2.32500e+00   constant   
   8  beta_CBO    -9.72561e-03     fixed    
   9  alpha_2CBO   7.95811e-03     fixed    
  10  beta_2CBO    9.84776e-03     fixed    
  11  alpha_y      4.47500e-03     fixed    
  12  w_y          1.44500e+01   constant   
  13  beta_y      -2.01426e-03   1.53871e-04   1.53871e-04   1.37511e+04
  14  alpha_vw     0.00000e+00   1.00000e-03   1.00000e-03  -3.87439e+04
