 + ++++++++++++++++++++++++++++++++++++++++++++++++++++++++++++++++++++ +
 +                                                                      +
 +           You have chose to blind your fitting according to          +
 +                omega_ref * (1 + (R +/- deltaR) *10^{-6})             +
 +                                                                      +
 + ++++++++++++++++++++++++++++++++++++++++++++++++++++++++++++++++++++ +
In main()...
reading format from /gm2data/zkhechad/run45/envelope/formats/formatB_sBin_constraintOn.txt
pBinTau 	= 0  
pBinPhi 	= 0  
constraintau 	= 1 
includeMopTerm 	= 0    
constrainMop    = 0   
Parameters after format file: pBinTau 0 pBinPhi 0 constraintau 1 includeMopTerm 0 constrainMop 0 c_e_scale 0.000000 
Opening file /gm2data/tbarrett/gm2fr/studies/run23_bunch_corrections/CorrectedFourier_Run3b.root.
reading full fit data from /gm2data/zkhechad/cboTemplates/Run4CBOTemplates/fullFits/noRF/sBin_constraintOn_cE0.0_seed0_noRF_calo23.root
windowBins = 69
fitting sliding window 770 from bin 906 at 135.026000 to bin 975 at 145.470000 (69 bins)

Reading data from /gm2data/cornell/histograms/aMethod/histogram_a_noRF.root
 **********
 **    1 **SET PRINTOUT            1
 **********
 **********
 **    2 **SET NOWARNINGS 
 **********
 PARAMETER DEFINITIONS:
    NO.   NAME         VALUE      STEP SIZE      LIMITS
     1 N0           3.09539e+06  1.00000e+02     no limits
     2 tau          6.44044e+01  constant
     3 A0           3.43396e-01  1.00000e-04     no limits
     4 phi          4.11986e+00  1.00000e-02     no limits
     5 R           -6.14483e+01  constant
     6 alpha_CBO    0.00000e+00  1.00000e-03     no limits
     7 w_CBO        2.32500e+00  constant
     8 beta_CBO     0.00000e+00  1.00000e-03     no limits
     9 alpha_2CBO   0.00000e+00  1.00000e-03     no limits
    10 beta_2CBO    0.00000e+00  1.00000e-03     no limits
    11 alpha_y      0.00000e+00  1.00000e-03     no limits
    12 w_y          1.38860e+01  constant
    13 beta_y       0.00000e+00  1.00000e-03     no limits
    14 alpha_vw     0.00000e+00  1.00000e-03     no limits
    15 w_vw         1.43404e+01  constant
    16 beta_vw      0.00000e+00  1.00000e-03     no limits
    17 LM          -5.33935e-06  constant
    18 zeta_y       0.00000e+00  constant
    19 zeta_vw      0.00000e+00  constant
    20 T_CBO        1.00000e+02  1.00000e+00    0.00000e+00  1.00000e+03
    21 alpha_A0     0.00000e+00  1.00000e-04   -1.00000e-02  1.00000e-02
    22 beta_A0      0.00000e+00  1.00000e-04   -1.00000e-02  1.00000e-02
    23 alpha_phi    0.00000e+00  1.00000e-04   -1.00000e-02  1.00000e-02
    24 beta_phi     0.00000e+00  1.00000e-04   -1.00000e-02  1.00000e-02
MINUIT - FIT ONLY WIGGLE
 **********
 **    3 **FIX            5
 **********
 PARAMETER    5  IS CONSTANT.   IGNORED.
 **********
 **    4 **FIX            6
 **********
 **********
 **    5 **FIX            7
 **********
 PARAMETER    7  IS CONSTANT.   IGNORED.
 **********
 **    6 **FIX            8
 **********
 **********
 **    7 **FIX            9
 **********
 **********
 **    8 **FIX           10
 **********
 **********
 **    9 **FIX           11
 **********
 **********
 **   10 **FIX           12
 **********
 PARAMETER   12  IS CONSTANT.   IGNORED.
 **********
 **   11 **FIX           13
 **********
 **********
 **   12 **FIX           14
 **********
 **********
 **   13 **FIX           15
 **********
 PARAMETER   15  IS CONSTANT.   IGNORED.
 **********
 **   14 **FIX           16
 **********
 **********
 **   15 **MIGRAD
 **********
 FIRST CALL TO USER FUNCTION AT NEW START POINT, WITH IFLAG=4.
 START MIGRAD MINIMIZATION.  STRATEGY  1.  CONVERGENCE WHEN EDM .LT. 1.00e-04
 FCN=799.92 FROM MIGRAD    STATUS=INITIATE      437 CALLS         438 TOTAL
                     EDM= unknown      STRATEGY= 1      NO ERROR MATRIX       
  EXT PARAMETER               CURRENT GUESS       STEP         FIRST   
  NO.   NAME      VALUE            ERROR          SIZE      DERIVATIVE 
   1  N0           3.09539e+06   1.00000e+02   0.00000e+00  -3.50383e-05
   2  tau          6.44044e+01   constant   
   3  A0           3.43396e-01   1.00000e-04   0.00000e+00   6.19597e+04
   4  phi          4.11986e+00   1.00000e-02   0.00000e+00   1.65346e+04
   5  R           -6.14483e+01   constant   
   6  alpha_CBO    0.00000e+00     fixed    
   7  w_CBO        2.32500e+00   constant   
   8  beta_CBO     0.00000e+00     fixed    
   9  alpha_2CBO   0.00000e+00     fixed    
  10  beta_2CBO    0.00000e+00     fixed    
  11  alpha_y      0.00000e+00     fixed    
  12  w_y          1.38860e+01   constant   
  13  beta_y       0.00000e+00     fixed    
  14  alpha_vw     0.00000e+00     fixed    
  15  w_vw         1.43404e+01   constant   
  16  beta_vw      0.00000e+00     fixed    
  17  LM          -5.33935e-06   constant   
  18  zeta_y       0.00000e+00   constant   
  19  zeta_vw      0.00000e+00   constant   
  20  T_CBO        1.00000e+02   1.00000e+00   0.00000e+00   0.00000e+00
  21  alpha_A0     0.00000e+00   1.00000e-04   0.00000e+00   2.07081e+01
  22  beta_A0      0.00000e+00   1.00000e-04   0.00000e+00   9.30246e+00
  23  alpha_phi    0.00000e+00   1.00000e-04   0.00000e+00   1.21152e+01
  24  beta_phi     0.00000e+00   1.00000e-04   0.00000e+00   1.09235e+01
 MIGRAD MINIMIZATION HAS CONVERGED.
 FCN=740.633 FROM MIGRAD    STATUS=CONVERGED    1270 CALLS        1271 TOTAL
                     EDM=4.84718e-06    STRATEGY= 1  ERROR MATRIX UNCERTAINTY   3.3 per cent
  EXT PARAMETER                                   STEP         FIRST   
  NO.   NAME      VALUE            ERROR          SIZE      DERIVATIVE 
   1  N0           3.09535e+06   3.89441e+02  -1.50714e+00  -4.20316e-06
   2  tau          6.44044e+01   constant   
   3  A0           3.42626e-01   1.47372e-04   3.09802e-07   9.17248e+00
   4  phi          4.11748e+00   5.01348e-04   6.33064e-07   2.52400e+00
   5  R           -6.14483e+01   constant   
   6  alpha_CBO    0.00000e+00     fixed    
   7  w_CBO        2.32500e+00   constant   
   8  beta_CBO     0.00000e+00     fixed    
   9  alpha_2CBO   0.00000e+00     fixed    
  10  beta_2CBO    0.00000e+00     fixed    
  11  alpha_y      0.00000e+00     fixed    
  12  w_y          1.38860e+01   constant   
  13  beta_y       0.00000e+00     fixed    
  14  alpha_vw     0.00000e+00     fixed    
  15  w_vw         1.43404e+01   constant   
  16  beta_vw      0.00000e+00     fixed    
  17  LM          -5.33935e-06   constant   
  18  zeta_y       0.00000e+00   constant   
  19  zeta_vw      0.00000e+00   constant   
  20  T_CBO        9.99956e+02   5.26315e+02   3.86138e-02  -1.96354e-04
  21  alpha_A0    -3.07994e-03   9.41897e-04  -1.26367e-04   3.17616e-02
  22  beta_A0     -1.33684e-04   8.52821e-04   7.49561e-05  -4.85391e-03
  23  alpha_phi   -1.37993e-03   8.42491e-04  -2.22988e-05   1.18676e-02
  24  beta_phi    -5.93145e-04   7.89226e-04  -2.12213e-04   1.02603e-03
 EXTERNAL ERROR MATRIX.    NDIM=  25    NPAR=  8    ERR DEF=1
  1.517e+05  1.161e-02 -3.106e-03 -1.301e+03 -9.370e-03 -5.705e-02 -2.959e-02  1.305e-02 
  1.161e-02  2.172e-08  3.222e-09  1.913e-04  2.039e-09 -1.104e-08 -1.593e-09 -7.926e-09 
 -3.106e-03  3.222e-09  2.513e-07  2.481e-04  4.649e-08 -4.472e-08  1.822e-08 -1.865e-08 
 -1.301e+03  1.913e-04  2.481e-04  6.493e+03  2.054e-02  1.185e-03  9.922e-03  2.096e-03 
 -9.370e-03  2.039e-09  4.649e-08  2.054e-02  8.901e-07 -1.249e-07 -5.660e-08 -9.507e-08 
 -5.705e-02 -1.104e-08 -4.472e-08  1.185e-03 -1.249e-07  7.291e-07 -7.810e-08  1.249e-07 
 -2.959e-02 -1.593e-09  1.822e-08  9.922e-03 -5.660e-08 -7.810e-08  7.115e-07  2.531e-08 
  1.305e-02 -7.926e-09 -1.865e-08  2.096e-03 -9.507e-08  1.249e-07  2.531e-08  6.242e-07 
 PARAMETER  CORRELATION COEFFICIENTS  
       NO.  GLOBAL      1      3      4     20     21     22     23     24
        1  0.29707   1.000  0.202 -0.016 -0.041 -0.026 -0.172 -0.090  0.042
        3  0.22518   0.202  1.000  0.044  0.016  0.015 -0.088 -0.013 -0.068
        4  0.15018  -0.016  0.044  1.000  0.006  0.098 -0.104  0.043 -0.047
       20  0.33261  -0.041  0.016  0.006  1.000  0.270  0.017  0.146  0.033
       21  0.36696  -0.026  0.015  0.098  0.270  1.000 -0.155 -0.071 -0.128
       22  0.34216  -0.172 -0.088 -0.104  0.017 -0.155  1.000 -0.108  0.185
       23  0.26077  -0.090 -0.013  0.043  0.146 -0.071 -0.108  1.000  0.038
       24  0.24523   0.042 -0.068 -0.047  0.033 -0.128  0.185  0.038  1.000
MINUIT - FIT ONLY 1-CBO + wiggle
 **********
 **   16 **RES 
 **********
                   PARAMETER   16  beta_vw RESTORED TO VARIABLE.
                   PARAMETER   14  alpha_vw RESTORED TO VARIABLE.
                   PARAMETER   13  beta_y RESTORED TO VARIABLE.
                   PARAMETER   11  alpha_y RESTORED TO VARIABLE.
                   PARAMETER   10  beta_2CBO RESTORED TO VARIABLE.
                   PARAMETER    9  alpha_2CBO RESTORED TO VARIABLE.
                   PARAMETER    8  beta_CBO RESTORED TO VARIABLE.
                   PARAMETER    6  alpha_CBO RESTORED TO VARIABLE.
 **********
 **   17 **FIX            8
 **********
 **********
 **   18 **FIX            9
 **********
 **********
 **   19 **FIX           11
 **********
 **********
 **   20 **FIX           12
 **********
 PARAMETER   12  IS CONSTANT.   IGNORED.
 **********
 **   21 **FIX           14
 **********
 **********
 **   22 **FIX           15
 **********
 PARAMETER   15  IS CONSTANT.   IGNORED.
 **********
 **   23 **FIX           16
 **********
 **********
 **   24 **MIGRAD
 **********
 START MIGRAD MINIMIZATION.  STRATEGY  1.  CONVERGENCE WHEN EDM .LT. 1.00e-04
 FCN=740.633 FROM MIGRAD    STATUS=INITIATE       28 CALLS        1299 TOTAL
                     EDM= unknown      STRATEGY= 1      NO ERROR MATRIX       
  EXT PARAMETER               CURRENT GUESS       STEP         FIRST   
  NO.   NAME      VALUE            ERROR          SIZE      DERIVATIVE 
   1  N0           3.09535e+06   3.89441e+02  -1.50714e+00  -4.20316e-06
   2  tau          6.44044e+01   constant   
   3  A0           3.42626e-01   1.47372e-04   3.09802e-07   9.17248e+00
   4  phi          4.11748e+00   5.01348e-04   6.33064e-07   2.52401e+00
   5  R           -6.14483e+01   constant   
   6  alpha_CBO    0.00000e+00   1.00000e-03   1.00000e-03   2.81081e+05
   7  w_CBO        2.32500e+00   constant   
   8  beta_CBO     0.00000e+00     fixed    
   9  alpha_2CBO   0.00000e+00     fixed    
  10  beta_2CBO    0.00000e+00   1.00000e-03   1.00000e-03  -1.53764e+04
  11  alpha_y      0.00000e+00     fixed    
  12  w_y          1.38860e+01   constant   
  13  beta_y       0.00000e+00   1.00000e-03   1.00000e-03   4.34054e+03
  14  alpha_vw     0.00000e+00     fixed    
  15  w_vw         1.43404e+01   constant   
  16  beta_vw      0.00000e+00     fixed    
  17  LM          -5.33935e-06   constant   
  18  zeta_y       0.00000e+00   constant   
  19  zeta_vw      0.00000e+00   constant   
  20  T_CBO        9.99956e+02   5.26315e+02   3.86138e-02  -2.01615e-04
  21  alpha_A0    -3.07994e-03   9.41897e-04  -1.26367e-04   3.17615e-02
  22  beta_A0     -1.33684e-04   8.52821e-04   7.49561e-05  -4.85400e-03
  23  alpha_phi   -1.37993e-03   8.42491e-04  -2.22988e-05   1.18676e-02
  24  beta_phi    -5.93145e-04   7.89226e-04  -2.12213e-04   1.02603e-03
 MIGRAD MINIMIZATION HAS CONVERGED.
 FCN=63.0938 FROM MIGRAD    STATUS=CONVERGED     179 CALLS        1450 TOTAL
                     EDM=7.69197e-06    STRATEGY= 1  ERROR MATRIX UNCERTAINTY   2.9 per cent
  EXT PARAMETER                                   STEP         FIRST   
  NO.   NAME      VALUE            ERROR          SIZE      DERIVATIVE 
   1  N0           3.09580e+06   3.92368e+02   2.68352e+00   1.96527e-06
   2  tau          6.44044e+01   constant   
   3  A0           3.43336e-01   1.59472e-04   6.29815e-07  -7.46711e+00
   4  phi          4.11949e+00   5.03711e-04  -6.90573e-08   7.12055e+00
   5  R           -6.14483e+01   constant   
   6  alpha_CBO   -4.79652e-03   1.84420e-04   9.82686e-08   5.58088e-01
   7  w_CBO        2.32500e+00   constant   
   8  beta_CBO     0.00000e+00     fixed    
   9  alpha_2CBO   0.00000e+00     fixed    
  10  beta_2CBO    3.98112e-04   1.73584e-04   4.74017e-07  -6.98792e+00
  11  alpha_y      0.00000e+00     fixed    
  12  w_y          1.38860e+01   constant   
  13  beta_y      -1.30065e-04   1.77082e-04  -2.13664e-07   3.96049e+00
  14  alpha_vw     0.00000e+00     fixed    
  15  w_vw         1.43404e+01   constant   
  16  beta_vw      0.00000e+00     fixed    
  17  LM          -5.33935e-06   constant   
  18  zeta_y       0.00000e+00   constant   
  19  zeta_vw      0.00000e+00   constant   
  20  T_CBO        9.99992e+02   5.37282e+02   7.07733e-03  -7.96657e-05
  21  alpha_A0    -1.04057e-03   8.31533e-04  -1.07322e-03  -1.76469e-02
  22  beta_A0     -8.59606e-04   8.13998e-04   1.53629e-04   4.45330e-03
  23  alpha_phi   -5.26135e-03   6.55658e-04   7.13152e-04  -2.44721e-02
  24  beta_phi    -1.80954e-03   7.09366e-04  -2.32026e-04   2.85457e-02
 EXTERNAL ERROR MATRIX.    NDIM=  25    NPAR= 11    ERR DEF=1
  1.540e+05 
  1.346e-02  2.543e-08 
  3.023e-03  3.437e-09  2.537e-07 
 -2.493e-03 -4.763e-09 -1.428e-08  3.401e-08 
  9.361e-04  1.155e-09 -3.428e-09 -9.374e-10  3.013e-08 
  5.637e-04 -1.114e-10  8.820e-10  3.925e-10 -7.712e-11  3.136e-08 
  1.896e+02  3.802e-05 -6.302e-06  7.605e-06  5.501e-05 -1.208e-05  1.193e+03 
 -1.604e-02  9.037e-09  4.840e-08 -1.656e-08 -1.972e-08  2.908e-09 -5.260e-04  6.931e-07 
 -7.174e-02 -1.082e-08 -3.812e-08  4.797e-09 -6.893e-09 -1.064e-11  7.710e-05 -5.909e-08  6.641e-07 
 -6.374e-03  2.545e-09 -2.974e-08  2.611e-08  1.038e-08 -1.494e-09  3.639e-04 -7.412e-08  1.009e-08  4.307e-07 
  1.595e-03 -8.089e-09 -1.079e-08  8.152e-09 -6.006e-09  1.003e-10 -3.940e-05 -2.324e-08  2.697e-08  2.915e-08  5.041e-07 
 PARAMETER  CORRELATION COEFFICIENTS  
       NO.  GLOBAL      1      3      4      6     10     13     20     21     22     23     24
        1  0.31382   1.000  0.215  0.015 -0.034  0.014  0.008  0.014 -0.049 -0.224 -0.025  0.006
        3  0.29189   0.215  1.000  0.043 -0.162  0.042 -0.004  0.007  0.068 -0.083  0.024 -0.071
        4  0.20853   0.015  0.043  1.000 -0.154 -0.039  0.010 -0.000  0.115 -0.093 -0.090 -0.030
        6  0.31284  -0.034 -0.162 -0.154  1.000 -0.029  0.012  0.001 -0.108  0.032  0.216  0.062
       10  0.19053   0.014  0.042 -0.039 -0.029  1.000 -0.003  0.009 -0.136 -0.049  0.091 -0.049
       13  0.03146   0.008 -0.004  0.010  0.012 -0.003  1.000 -0.002  0.020 -0.000 -0.013  0.001
       20  0.02832   0.014  0.007 -0.000  0.001  0.009 -0.002  1.000 -0.018  0.003  0.016 -0.002
       21  0.25966  -0.049  0.068  0.115 -0.108 -0.136  0.020 -0.018  1.000 -0.087 -0.136 -0.039
       22  0.26816  -0.224 -0.083 -0.093  0.032 -0.049 -0.000  0.003 -0.087  1.000  0.019  0.047
       23  0.27677  -0.025  0.024 -0.090  0.216  0.091 -0.013  0.016 -0.136  0.019  1.000  0.063
       24  0.12785   0.006 -0.071 -0.030  0.062 -0.049  0.001 -0.002 -0.039  0.047  0.063  1.000
MINUIT - FIT ONLY 2-CBO
 **********
 **   25 **RES 
 **********
                   PARAMETER   16  beta_vw RESTORED TO VARIABLE.
                   PARAMETER   14  alpha_vw RESTORED TO VARIABLE.
                   PARAMETER   11  alpha_y RESTORED TO VARIABLE.
                   PARAMETER    9  alpha_2CBO RESTORED TO VARIABLE.
                   PARAMETER    8  beta_CBO RESTORED TO VARIABLE.
 **********
 **   26 **FIX            0
 **********
 PARAMETER    0  IS UNDEFINED. IGNORED.
 **********
 **   27 **FIX            1
 **********
 **********
 **   28 **FIX            2
 **********
 PARAMETER    2  IS CONSTANT.   IGNORED.
 **********
 **   29 **FIX            3
 **********
 **********
 **   30 **FIX            4
 **********
 **********
 **   31 **FIX            5
 **********
 PARAMETER    5  IS CONSTANT.   IGNORED.
 **********
 **   32 **FIX            6
 **********
 **********
 **   33 **FIX            7
 **********
 PARAMETER    7  IS CONSTANT.   IGNORED.
 **********
 **   34 **FIX           10
 **********
 **********
 **   35 **FIX           11
 **********
 **********
 **   36 **FIX           12
 **********
 PARAMETER   12  IS CONSTANT.   IGNORED.
 **********
 **   37 **FIX           13
 **********
 **********
 **   38 **FIX           14
 **********
 **********
 **   39 **FIX           15
 **********
 PARAMETER   15  IS CONSTANT.   IGNORED.
 **********
 **   40 **FIX           16
 **********
 **********
 **   41 **MIGRAD
 **********
 START MIGRAD MINIMIZATION.  STRATEGY  1.  CONVERGENCE WHEN EDM .LT. 1.00e-04
 FCN=63.0938 FROM MIGRAD    STATUS=INITIATE       18 CALLS        1468 TOTAL
                     EDM= unknown      STRATEGY= 1      NO ERROR MATRIX       
  EXT PARAMETER               CURRENT GUESS       STEP         FIRST   
  NO.   NAME      VALUE            ERROR          SIZE      DERIVATIVE 
   1  N0           3.09580e+06     fixed    
   2  tau          6.44044e+01   constant   
   3  A0           3.43336e-01     fixed    
   4  phi          4.11949e+00     fixed    
   5  R           -6.14483e+01   constant   
   6  alpha_CBO   -4.79652e-03     fixed    
   7  w_CBO        2.32500e+00   constant   
   8  beta_CBO     0.00000e+00   1.00000e-03   1.00000e-03  -1.62795e+04
   9  alpha_2CBO   0.00000e+00   1.00000e-03   1.00000e-03   2.01143e+04
  10  beta_2CBO    3.98112e-04     fixed    
  11  alpha_y      0.00000e+00     fixed    
  12  w_y          1.38860e+01   constant   
  13  beta_y      -1.30065e-04     fixed    
  14  alpha_vw     0.00000e+00     fixed    
  15  w_vw         1.43404e+01   constant   
  16  beta_vw      0.00000e+00     fixed    
  17  LM          -5.33935e-06   constant   
  18  zeta_y       0.00000e+00   constant   
  19  zeta_vw      0.00000e+00   constant   
  20  T_CBO        9.99992e+02   5.37282e+02   7.07733e-03  -7.59127e-05
  21  alpha_A0    -1.04057e-03   8.31533e-04  -1.07322e-03  -1.76468e-02
  22  beta_A0     -8.59606e-04   8.13998e-04   1.53629e-04   4.45333e-03
  23  alpha_phi   -5.26135e-03   6.55658e-04   7.13152e-04  -2.44721e-02
  24  beta_phi    -1.80954e-03   7.09366e-04  -2.32026e-04   2.85457e-02
 MIGRAD MINIMIZATION HAS CONVERGED.
 MIGRAD WILL VERIFY CONVERGENCE AND ERROR MATRIX.
 COVARIANCE MATRIX CALCULATED SUCCESSFULLY
 FCN=57.7045 FROM MIGRAD    STATUS=CONVERGED     117 CALLS        1567 TOTAL
                     EDM=3.79311e-06    STRATEGY= 1      ERROR MATRIX ACCURATE 
  EXT PARAMETER                                   STEP         FIRST   
  NO.   NAME      VALUE            ERROR          SIZE      DERIVATIVE 
   1  N0           3.09580e+06     fixed    
   2  tau          6.44044e+01   constant   
   3  A0           3.43336e-01     fixed    
   4  phi          4.11949e+00     fixed    
   5  R           -6.14483e+01   constant   
   6  alpha_CBO   -4.79652e-03     fixed    
   7  w_CBO        2.32500e+00   constant   
   8  beta_CBO     2.67418e-04   1.81066e-04   6.59209e-07  -4.51845e-01
   9  alpha_2CBO  -3.19347e-04   1.78083e-04   6.52405e-07   6.58511e+00
  10  beta_2CBO    3.98112e-04     fixed    
  11  alpha_y      0.00000e+00     fixed    
  12  w_y          1.38860e+01   constant   
  13  beta_y      -1.30065e-04     fixed    
  14  alpha_vw     0.00000e+00     fixed    
  15  w_vw         1.43404e+01   constant   
  16  beta_vw      0.00000e+00     fixed    
  17  LM          -5.33935e-06   constant   
  18  zeta_y       0.00000e+00   constant   
  19  zeta_vw      0.00000e+00   constant   
  20  T_CBO        9.99989e+02   5.51791e+02   4.31996e-02   9.49630e-05
  21  alpha_A0    -8.93878e-04   8.29537e-04   3.07002e-04   1.44459e-02
  22  beta_A0     -1.06389e-03   8.11467e-04   2.98770e-04   1.79573e-02
  23  alpha_phi   -5.09726e-03   7.21968e-04   3.08282e-04  -2.63538e-03
  24  beta_phi    -1.50148e-03   7.56477e-04   2.76911e-04   1.75288e-02
 EXTERNAL ERROR MATRIX.    NDIM=  25    NPAR=  7    ERR DEF=1
  3.279e-08 -5.952e-11 -1.063e-06 -2.910e-09  2.817e-10  4.250e-09  3.121e-08 
 -5.952e-11  3.171e-08 -6.413e-07 -1.684e-08  2.057e-08 -1.282e-08 -5.417e-09 
 -1.063e-06 -6.413e-07  1.573e+03 -8.479e-04 -1.036e-03 -4.765e-03 -1.431e-03 
 -2.910e-09 -1.684e-08 -8.479e-04  6.897e-07 -9.257e-08  1.418e-09 -3.459e-08 
  2.817e-10  2.057e-08 -1.036e-03 -9.257e-08  6.599e-07 -2.849e-08  4.936e-08 
  4.250e-09 -1.282e-08 -4.765e-03  1.418e-09 -2.849e-08  5.225e-07  2.206e-08 
  3.121e-08 -5.417e-09 -1.431e-03 -3.459e-08  4.936e-08  2.206e-08  5.734e-07 
 PARAMETER  CORRELATION COEFFICIENTS  
       NO.  GLOBAL      8      9     20     21     22     23     24
        8  0.23018   1.000 -0.002 -0.000 -0.019  0.002  0.032  0.228
        9  0.20270  -0.002  1.000 -0.000 -0.114  0.142 -0.100 -0.040
       20  0.17951  -0.000 -0.000  1.000 -0.026 -0.032 -0.166 -0.048
       21  0.17803  -0.019 -0.114 -0.026  1.000 -0.137  0.002 -0.055
       22  0.21101   0.002  0.142 -0.032 -0.137  1.000 -0.049  0.080
       23  0.20277   0.032 -0.100 -0.166  0.002 -0.049  1.000  0.040
       24  0.25613   0.228 -0.040 -0.048 -0.055  0.080  0.040  1.000
MINUIT - FIT wiggle + 1-CBO + 2-CBO
 **********
 **   42 **RES 
 **********
                   PARAMETER   16  beta_vw RESTORED TO VARIABLE.
                   PARAMETER   14  alpha_vw RESTORED TO VARIABLE.
                   PARAMETER   13  beta_y RESTORED TO VARIABLE.
                   PARAMETER   11  alpha_y RESTORED TO VARIABLE.
                   PARAMETER   10  beta_2CBO RESTORED TO VARIABLE.
                   PARAMETER    6  alpha_CBO RESTORED TO VARIABLE.
                   PARAMETER    4  phi RESTORED TO VARIABLE.
                   PARAMETER    3  A0 RESTORED TO VARIABLE.
                   PARAMETER    1  N0 RESTORED TO VARIABLE.
 **********
 **   43 **FIX           10
 **********
 **********
 **   44 **FIX           11
 **********
 **********
 **   45 **FIX           12
 **********
 PARAMETER   12  IS CONSTANT.   IGNORED.
 **********
 **   46 **FIX           13
 **********
 **********
 **   47 **FIX           14
 **********
 **********
 **   48 **FIX           15
 **********
 PARAMETER   15  IS CONSTANT.   IGNORED.
 **********
 **   49 **FIX           16
 **********
 **********
 **   50 **MIGRAD
 **********
 START MIGRAD MINIMIZATION.  STRATEGY  1.  CONVERGENCE WHEN EDM .LT. 1.00e-04
 FCN=57.7045 FROM MIGRAD    STATUS=INITIATE       22 CALLS        1589 TOTAL
                     EDM= unknown      STRATEGY= 1      NO ERROR MATRIX       
  EXT PARAMETER               CURRENT GUESS       STEP         FIRST   
  NO.   NAME      VALUE            ERROR          SIZE      DERIVATIVE 
   1  N0           3.09580e+06   3.92368e+02   3.92368e+02   1.05589e-04
   2  tau          6.44044e+01   constant   
   3  A0           3.43336e-01   1.59472e-04   1.59472e-04  -1.81678e+03
   4  phi          4.11949e+00   5.03711e-04   5.03711e-04   7.45198e+02
   5  R           -6.14483e+01   constant   
   6  alpha_CBO   -4.79652e-03   1.84420e-04   1.84420e-04  -3.51181e+02
   7  w_CBO        2.32500e+00   constant   
   8  beta_CBO     2.67418e-04   1.81066e-04   6.59209e-07  -4.51857e-01
   9  alpha_2CBO  -3.19347e-04   1.78083e-04   6.52405e-07   6.58512e+00
  10  beta_2CBO    3.98112e-04     fixed    
  11  alpha_y      0.00000e+00     fixed    
  12  w_y          1.38860e+01   constant   
  13  beta_y      -1.30065e-04     fixed    
  14  alpha_vw     0.00000e+00     fixed    
  15  w_vw         1.43404e+01   constant   
  16  beta_vw      0.00000e+00     fixed    
  17  LM          -5.33935e-06   constant   
  18  zeta_y       0.00000e+00   constant   
  19  zeta_vw      0.00000e+00   constant   
  20  T_CBO        9.99989e+02   5.51791e+02   4.31996e-02  -9.86481e-05
  21  alpha_A0    -8.93878e-04   8.29537e-04   3.07002e-04   1.44468e-02
  22  beta_A0     -1.06389e-03   8.11467e-04   2.98770e-04   1.79585e-02
  23  alpha_phi   -5.09726e-03   7.21968e-04   3.08282e-04  -2.62742e-03
  24  beta_phi    -1.50148e-03   7.56477e-04   2.76911e-04   1.75308e-02
 MIGRAD MINIMIZATION HAS CONVERGED.
 MIGRAD WILL VERIFY CONVERGENCE AND ERROR MATRIX.
 COVARIANCE MATRIX CALCULATED SUCCESSFULLY
 FCN=57.648 FROM MIGRAD    STATUS=CONVERGED     219 CALLS        1786 TOTAL
                     EDM=2.22922e-06    STRATEGY= 1      ERROR MATRIX ACCURATE 
  EXT PARAMETER                                   STEP         FIRST   
  NO.   NAME      VALUE            ERROR          SIZE      DERIVATIVE 
   1  N0           3.09580e+06   4.10902e+02   1.47619e+00   3.49720e-06
   2  tau          6.44044e+01   constant   
   3  A0           3.43356e-01   1.59035e-04   5.67791e-07   1.81492e+00
   4  phi          4.11939e+00   5.24010e-04   1.96428e-06  -1.56794e-01
   5  R           -6.14483e+01   constant   
   6  alpha_CBO   -4.78960e-03   1.84471e-04   6.54991e-07  -4.59079e+00
   7  w_CBO        2.32500e+00   constant   
   8  beta_CBO     2.76637e-04   1.85774e-04   6.58892e-07  -2.99566e+00
   9  alpha_2CBO  -3.17555e-04   1.78646e-04   6.52093e-07  -6.28295e-01
  10  beta_2CBO    3.98112e-04     fixed    
  11  alpha_y      0.00000e+00     fixed    
  12  w_y          1.38860e+01   constant   
  13  beta_y      -1.30065e-04     fixed    
  14  alpha_vw     0.00000e+00     fixed    
  15  w_vw         1.43404e+01   constant   
  16  beta_vw      0.00000e+00     fixed    
  17  LM          -5.33935e-06   constant   
  18  zeta_y       0.00000e+00   constant   
  19  zeta_vw      0.00000e+00   constant   
  20  T_CBO        1.00000e+03   5.51659e+02   5.12488e-02** at limit **
  21  alpha_A0    -9.19537e-04   8.53423e-04   3.06888e-04   6.57703e-03
  22  beta_A0     -1.05121e-03   8.31845e-04   2.98593e-04  -5.66061e-03
  23  alpha_phi   -5.09505e-03   7.46734e-04   3.07568e-04   4.29105e-03
  24  beta_phi    -1.49220e-03   7.63070e-04   2.76793e-04   8.46361e-03
 EXTERNAL ERROR MATRIX.    NDIM=  25    NPAR= 11    ERR DEF=1
  1.688e+05 
  1.419e-02  2.529e-08 
 -8.518e-03  3.959e-09  2.746e-07 
 -3.056e-03 -4.895e-09 -1.424e-08  3.403e-08 
  7.218e-05  1.887e-09 -2.032e-08 -3.519e-11  3.451e-08 
 -5.973e-04 -4.422e-10 -6.514e-09 -7.211e-10  4.234e-10  3.191e-08 
  2.098e-03  3.806e-09 -1.484e-08 -1.049e-11  9.103e-10 -2.477e-11  3.633e-04 
 -4.015e-02  6.748e-09  8.325e-08 -1.594e-08 -7.905e-09 -1.836e-08 -4.242e-07  7.301e-07 
 -5.981e-02 -1.079e-08 -5.296e-08  3.435e-09  4.003e-09  2.223e-08 -4.946e-07 -9.620e-08  6.936e-07 
 -4.329e-02 -1.704e-09  1.001e-08  2.851e-08  3.209e-09 -1.386e-08 -2.304e-06  5.326e-09 -1.638e-08  5.590e-07 
  2.026e-02 -5.656e-09 -3.896e-08  7.180e-09  3.330e-08 -4.655e-09 -6.869e-07 -5.450e-08  5.112e-08  1.910e-08  5.834e-07 
 PARAMETER  CORRELATION COEFFICIENTS  
       NO.  GLOBAL      1      3      4      6      8      9     20     21     22     23     24
        1  0.35227   1.000  0.217 -0.040 -0.040  0.001 -0.008  0.000 -0.114 -0.175 -0.141  0.065
        3  0.29735   0.217  1.000  0.048 -0.167  0.064 -0.016  0.001  0.050 -0.081 -0.014 -0.047
        4  0.32720  -0.040  0.048  1.000 -0.147 -0.209 -0.070 -0.001  0.186 -0.121  0.026 -0.097
        6  0.31367  -0.040 -0.167 -0.147  1.000 -0.001 -0.022 -0.000 -0.101  0.022  0.207  0.051
        8  0.31680   0.001  0.064 -0.209 -0.001  1.000  0.013  0.000 -0.050  0.026  0.023  0.235
        9  0.21708  -0.008 -0.016 -0.070 -0.022  0.013  1.000 -0.000 -0.120  0.149 -0.104 -0.034
       20  0.18053   0.000  0.001 -0.001 -0.000  0.000 -0.000  1.000 -0.026 -0.031 -0.162 -0.047
       21  0.29207  -0.114  0.050  0.186 -0.101 -0.050 -0.120 -0.026  1.000 -0.135  0.008 -0.084
       22  0.30148  -0.175 -0.081 -0.121  0.022  0.026  0.149 -0.031 -0.135  1.000 -0.026  0.080
       23  0.32239  -0.141 -0.014  0.026  0.207  0.023 -0.104 -0.162  0.008 -0.026  1.000  0.033
       24  0.28606   0.065 -0.047 -0.097  0.051  0.235 -0.034 -0.047 -0.084  0.080  0.033  1.000
MINUIT - FIT ONLY 1-y
 **********
 **   51 **RES 
 **********
                   PARAMETER   16  beta_vw RESTORED TO VARIABLE.
                   PARAMETER   14  alpha_vw RESTORED TO VARIABLE.
                   PARAMETER   13  beta_y RESTORED TO VARIABLE.
                   PARAMETER   11  alpha_y RESTORED TO VARIABLE.
                   PARAMETER   10  beta_2CBO RESTORED TO VARIABLE.
 **********
 **   52 **FIX            0
 **********
 PARAMETER    0  IS UNDEFINED. IGNORED.
 **********
 **   53 **FIX            1
 **********
 **********
 **   54 **FIX            2
 **********
 PARAMETER    2  IS CONSTANT.   IGNORED.
 **********
 **   55 **FIX            3
 **********
 **********
 **   56 **FIX            4
 **********
 **********
 **   57 **FIX            5
 **********
 PARAMETER    5  IS CONSTANT.   IGNORED.
 **********
 **   58 **FIX            6
 **********
 **********
 **   59 **FIX            7
 **********
 PARAMETER    7  IS CONSTANT.   IGNORED.
 **********
 **   60 **FIX            8
 **********
 **********
 **   61 **FIX            9
 **********
 **********
 **   62 **FIX           13
 **********
 **********
 **   63 **FIX           14
 **********
 **********
 **   64 **FIX           15
 **********
 PARAMETER   15  IS CONSTANT.   IGNORED.
 **********
 **   65 **FIX           16
 **********
 **********
 **   66 **MIGRAD
 **********
 START MIGRAD MINIMIZATION.  STRATEGY  1.  CONVERGENCE WHEN EDM .LT. 1.00e-04
 FCN=57.648 FROM MIGRAD    STATUS=INITIATE       16 CALLS        1802 TOTAL
                     EDM= unknown      STRATEGY= 1      NO ERROR MATRIX       
  EXT PARAMETER               CURRENT GUESS       STEP         FIRST   
  NO.   NAME      VALUE            ERROR          SIZE      DERIVATIVE 
   1  N0           3.09580e+06     fixed    
   2  tau          6.44044e+01   constant   
   3  A0           3.43356e-01     fixed    
   4  phi          4.11939e+00     fixed    
   5  R           -6.14483e+01   constant   
   6  alpha_CBO   -4.78960e-03     fixed    
   7  w_CBO        2.32500e+00   constant   
   8  beta_CBO     2.76637e-04     fixed    
   9  alpha_2CBO  -3.17555e-04     fixed    
  10  beta_2CBO    3.98112e-04   1.73584e-04   1.73584e-04  -4.55146e+01
  11  alpha_y      0.00000e+00   1.00000e-03   1.00000e-03  -7.97496e+02
  12  w_y          1.38860e+01   constant   
  13  beta_y      -1.30065e-04     fixed    
  14  alpha_vw     0.00000e+00     fixed    
  15  w_vw         1.43404e+01   constant   
  16  beta_vw      0.00000e+00     fixed    
  17  LM          -5.33935e-06   constant   
  18  zeta_y       0.00000e+00   constant   
  19  zeta_vw      0.00000e+00   constant   
  20  T_CBO        9.99999e+02   5.51659e+02   5.12488e-02  -2.37144e-05
  21  alpha_A0    -9.19537e-04   8.53423e-04   3.06888e-04   6.58334e-03
  22  beta_A0     -1.05121e-03   8.31845e-04   2.98593e-04  -5.65381e-03
  23  alpha_phi   -5.09505e-03   7.46734e-04   3.07568e-04   4.32249e-03
  24  beta_phi    -1.49220e-03   7.63070e-04   2.76793e-04   8.47226e-03
 MIGRAD MINIMIZATION HAS CONVERGED.
 MIGRAD WILL VERIFY CONVERGENCE AND ERROR MATRIX.
 COVARIANCE MATRIX CALCULATED SUCCESSFULLY
 FCN=57.6432 FROM MIGRAD    STATUS=CONVERGED      97 CALLS        1883 TOTAL
                     EDM=3.07315e-07    STRATEGY= 1      ERROR MATRIX ACCURATE 
  EXT PARAMETER                                   STEP         FIRST   
  NO.   NAME      VALUE            ERROR          SIZE      DERIVATIVE 
   1  N0           3.09580e+06     fixed    
   2  tau          6.44044e+01   constant   
   3  A0           3.43356e-01     fixed    
   4  phi          4.11939e+00     fixed    
   5  R           -6.14483e+01   constant   
   6  alpha_CBO   -4.78960e-03     fixed    
   7  w_CBO        2.32500e+00   constant   
   8  beta_CBO     2.76637e-04     fixed    
   9  alpha_2CBO  -3.17555e-04     fixed    
  10  beta_2CBO    3.98795e-04   1.81559e-04   6.61855e-07  -3.62588e+00
  11  alpha_y      1.21500e-05   1.74556e-04   6.52375e-07   2.28300e-01
  12  w_y          1.38860e+01   constant   
  13  beta_y      -1.30065e-04     fixed    
  14  alpha_vw     0.00000e+00     fixed    
  15  w_vw         1.43404e+01   constant   
  16  beta_vw      0.00000e+00     fixed    
  17  LM          -5.33935e-06   constant   
  18  zeta_y       0.00000e+00   constant   
  19  zeta_vw      0.00000e+00   constant   
  20  T_CBO        1.00000e+03   5.82248e+02   4.88654e-02** at limit **
  21  alpha_A0    -9.19268e-04   8.31935e-04   3.06874e-04  -6.41053e-03
  22  beta_A0     -1.05268e-03   8.07002e-04   2.98570e-04  -1.31616e-03
  23  alpha_phi   -5.09484e-03   7.19311e-04   3.07564e-04   3.93886e-04
  24  beta_phi    -1.49341e-03   7.41683e-04   2.76774e-04   2.99565e-04
 EXTERNAL ERROR MATRIX.    NDIM=  25    NPAR=  7    ERR DEF=1
  3.296e-08 -5.775e-11  6.116e-12 -2.067e-08 -1.378e-08  9.510e-09 -1.665e-08 
 -5.775e-11  3.047e-08  5.881e-11  2.900e-09 -3.395e-09  3.098e-10 -1.659e-09 
  6.116e-12  5.881e-11  1.720e-03 -8.855e-07 -1.044e-06 -4.842e-06 -1.447e-06 
 -2.067e-08  2.900e-09 -8.855e-07  6.937e-07 -7.334e-08 -1.099e-08 -2.440e-08 
 -1.378e-08 -3.395e-09 -1.044e-06 -7.334e-08  6.527e-07 -2.441e-08  5.970e-08 
  9.510e-09  3.098e-10 -4.842e-06 -1.099e-08 -2.441e-08  5.186e-07  1.077e-08 
 -1.665e-08 -1.659e-09 -1.447e-06 -2.440e-08  5.970e-08  1.077e-08  5.511e-07 
 PARAMETER  CORRELATION COEFFICIENTS  
       NO.  GLOBAL     10     11     20     21     22     23     24
       10  0.22258   1.000 -0.002  0.000 -0.137 -0.094  0.073 -0.124
       11  0.03155  -0.002  1.000  0.000  0.020 -0.024  0.002 -0.013
       20  0.17466   0.000  0.000  1.000 -0.026 -0.031 -0.162 -0.047
       21  0.19319  -0.137  0.020 -0.026  1.000 -0.109 -0.018 -0.039
       22  0.18419  -0.094 -0.024 -0.031 -0.109  1.000 -0.042  0.100
       23  0.18473   0.073  0.002 -0.162 -0.018 -0.042  1.000  0.020
       24  0.16736  -0.124 -0.013 -0.047 -0.039  0.100  0.020  1.000
MINUIT - FIT ONLY 2-y
 **********
 **   67 **RES 
 **********
                   PARAMETER   16  beta_vw RESTORED TO VARIABLE.
                   PARAMETER   14  alpha_vw RESTORED TO VARIABLE.
                   PARAMETER   13  beta_y RESTORED TO VARIABLE.
                   PARAMETER    9  alpha_2CBO RESTORED TO VARIABLE.
                   PARAMETER    8  beta_CBO RESTORED TO VARIABLE.
                   PARAMETER    6  alpha_CBO RESTORED TO VARIABLE.
                   PARAMETER    4  phi RESTORED TO VARIABLE.
                   PARAMETER    3  A0 RESTORED TO VARIABLE.
                   PARAMETER    1  N0 RESTORED TO VARIABLE.
 **********
 **   68 **FIX            0
 **********
 PARAMETER    0  IS UNDEFINED. IGNORED.
 **********
 **   69 **FIX            1
 **********
 **********
 **   70 **FIX            2
 **********
 PARAMETER    2  IS CONSTANT.   IGNORED.
 **********
 **   71 **FIX            3
 **********
 **********
 **   72 **FIX            4
 **********
 **********
 **   73 **FIX            5
 **********
 PARAMETER    5  IS CONSTANT.   IGNORED.
 **********
 **   74 **FIX            6
 **********
 **********
 **   75 **FIX            7
 **********
 PARAMETER    7  IS CONSTANT.   IGNORED.
 **********
 **   76 **FIX            8
 **********
 **********
 **   77 **FIX            9
 **********
 **********
 **   78 **FIX           10
 **********
 **********
 **   79 **FIX           11
 **********
 **********
 **   80 **FIX           12
 **********
 PARAMETER   12  IS CONSTANT.   IGNORED.
 **********
 **   81 **FIX           16
 **********
 **********
 **   82 **MIGRAD
 **********
 START MIGRAD MINIMIZATION.  STRATEGY  1.  CONVERGENCE WHEN EDM .LT. 1.00e-04
 FCN=57.6432 FROM MIGRAD    STATUS=INITIATE       16 CALLS        1899 TOTAL
                     EDM= unknown      STRATEGY= 1      NO ERROR MATRIX       
  EXT PARAMETER               CURRENT GUESS       STEP         FIRST   
  NO.   NAME      VALUE            ERROR          SIZE      DERIVATIVE 
   1  N0           3.09580e+06     fixed    
   2  tau          6.44044e+01   constant   
   3  A0           3.43356e-01     fixed    
   4  phi          4.11939e+00     fixed    
   5  R           -6.14483e+01   constant   
   6  alpha_CBO   -4.78960e-03     fixed    
   7  w_CBO        2.32500e+00   constant   
   8  beta_CBO     2.76637e-04     fixed    
   9  alpha_2CBO  -3.17555e-04     fixed    
  10  beta_2CBO    3.98795e-04     fixed    
  11  alpha_y      1.21500e-05     fixed    
  12  w_y          1.38860e+01   constant   
  13  beta_y      -1.30065e-04   1.77082e-04   1.77082e-04   3.08073e+02
  14  alpha_vw     0.00000e+00   1.00000e-03   1.00000e-03  -2.35284e+04
  15  w_vw         1.43404e+01   constant   
  16  beta_vw      0.00000e+00     fixed    
  17  LM          -5.33935e-06   constant   
  18  zeta_y       0.00000e+00   constant   
  19  zeta_vw      0.00000e+00   constant   
  20  T_CBO        9.99999e+02   5.82248e+02   4.88654e-02  -2.31577e-05
  21  alpha_A0    -9.19268e-04   8.31935e-04   3.06874e-04  -6.40466e-03
  22  beta_A0     -1.05268e-03   8.07002e-04   2.98570e-04  -1.30907e-03
  23  alpha_phi   -5.09484e-03   7.19311e-04   3.07564e-04   4.25311e-04
  24  beta_phi    -1.49341e-03   7.41683e-04   2.76774e-04   3.08257e-04
 MIGRAD MINIMIZATION HAS CONVERGED.
 MIGRAD WILL VERIFY CONVERGENCE AND ERROR MATRIX.
 COVARIANCE MATRIX CALCULATED SUCCESSFULLY
 FCN=53.0888 FROM MIGRAD    STATUS=CONVERGED     112 CALLS        1995 TOTAL
                     EDM=1.13854e-06    STRATEGY= 1      ERROR MATRIX ACCURATE 
  EXT PARAMETER                                   STEP         FIRST   
  NO.   NAME      VALUE            ERROR          SIZE      DERIVATIVE 
   1  N0           3.09580e+06     fixed    
   2  tau          6.44044e+01   constant   
   3  A0           3.43356e-01     fixed    
   4  phi          4.11939e+00     fixed    
   5  R           -6.14483e+01   constant   
   6  alpha_CBO   -4.78960e-03     fixed    
   7  w_CBO        2.32500e+00   constant   
   8  beta_CBO     2.76637e-04     fixed    
   9  alpha_2CBO  -3.17555e-04     fixed    
  10  beta_2CBO    3.98795e-04     fixed    
  11  alpha_y      1.21500e-05     fixed    
  12  w_y          1.38860e+01   constant   
  13  beta_y      -3.43962e-05   1.83126e-04   6.35282e-07  -7.42791e-01
  14  alpha_vw     3.88383e-04   1.82006e-04   6.31376e-07  -7.86671e-02
  15  w_vw         1.43404e+01   constant   
  16  beta_vw      0.00000e+00     fixed    
  17  LM          -5.33935e-06   constant   
  18  zeta_y       0.00000e+00   constant   
  19  zeta_vw      0.00000e+00   constant   
  20  T_CBO        1.00000e+03   5.33964e+02   4.50451e-02** at limit **
  21  alpha_A0    -8.74686e-04   8.24394e-04   2.94630e-04   6.23764e-03
  22  beta_A0     -1.03133e-03   8.03195e-04   2.86692e-04   1.22752e-02
  23  alpha_phi   -5.10797e-03   7.15679e-04   2.95560e-04   8.71250e-04
  24  beta_phi    -1.46846e-03   7.35894e-04   2.65739e-04   1.35598e-02
 EXTERNAL ERROR MATRIX.    NDIM=  25    NPAR=  7    ERR DEF=1
  3.354e-08  8.572e-09  1.036e-10  4.314e-09  9.364e-10 -8.853e-10  1.749e-09 
  8.572e-09  3.313e-08 -2.459e-10  3.811e-09  1.779e-09 -1.136e-09  2.115e-09 
  1.036e-10 -2.459e-10  2.847e-02 -3.077e-06 -3.752e-06 -1.777e-05 -5.212e-06 
  4.314e-09  3.811e-09 -3.077e-06  6.812e-07 -8.155e-08 -5.802e-09 -3.450e-08 
  9.364e-10  1.779e-09 -3.752e-06 -8.155e-08  6.465e-07 -2.107e-08  5.248e-08 
 -8.853e-10 -1.136e-09 -1.777e-05 -5.802e-09 -2.107e-08  5.134e-07  1.467e-08 
  1.749e-09  2.115e-09 -5.212e-06 -3.450e-08  5.248e-08  1.467e-08  5.425e-07 
 PARAMETER  CORRELATION COEFFICIENTS  
       NO.  GLOBAL     13     14     20     21     22     23     24
       13  0.25842   1.000  0.257  0.000  0.029  0.006 -0.007  0.013
       14  0.25852   0.257  1.000 -0.000  0.025  0.012 -0.009  0.016
       20  0.15748   0.000 -0.000  1.000 -0.022 -0.028 -0.147 -0.042
       21  0.13988   0.029  0.025 -0.022  1.000 -0.123 -0.010 -0.057
       22  0.15713   0.006  0.012 -0.028 -0.123  1.000 -0.037  0.089
       23  0.15581  -0.007 -0.009 -0.147 -0.010 -0.037  1.000  0.028
       24  0.11232   0.013  0.016 -0.042 -0.057  0.089  0.028  1.000
MINUIT - FIT ALTOGETHER
 **********
 **   83 **RES 
