 + ++++++++++++++++++++++++++++++++++++++++++++++++++++++++++++++++++++ +
 +                                                                      +
 +           You have chose to blind your fitting according to          +
 +                omega_ref * (1 + (R +/- deltaR) *10^{-6})             +
 +                                                                      +
 + ++++++++++++++++++++++++++++++++++++++++++++++++++++++++++++++++++++ +
In main()...
reading format from /gm2data/zkhechad/run45/envelope/formats/formatB_sBin_constraintOn.txt
pBinTau 	= 0  
pBinPhi 	= 0  
constraintau 	= 1 
includeMopTerm 	= 0    
constrainMop    = 0   
Parameters after format file: pBinTau 0 pBinPhi 0 constraintau 1 includeMopTerm 0 constrainMop 0 c_e_scale 0.000000 
Opening file /gm2data/tbarrett/gm2fr/studies/run23_bunch_corrections/CorrectedFourier_Run3b.root.
reading full fit data from /gm2data/zkhechad/cboTemplates/Run4CBOTemplates/fullFits/noRF/sBin_constraintOn_cE0.0_seed0_noRF_calo0.root
windowBins = 69
fitting sliding window 1400 from bin 1536 at 229.022000 to bin 1605 at 239.466000 (69 bins)

Reading data from /gm2data/cornell/histograms/aMethod/histogram_a_noRF.root
 **********
 **    1 **SET PRINTOUT            1
 **********
 **********
 **    2 **SET NOWARNINGS 
 **********
 PARAMETER DEFINITIONS:
    NO.   NAME         VALUE      STEP SIZE      LIMITS
     1 N0           7.53894e+07  1.00000e+02     no limits
     2 tau          6.44000e+01  constant
     3 A0           3.53538e-01  1.00000e-04     no limits
     4 phi          4.11945e+00  1.00000e-02     no limits
     5 R           -6.07615e+01  constant
     6 alpha_CBO    0.00000e+00  1.00000e-03     no limits
     7 w_CBO        2.32500e+00  constant
     8 beta_CBO     0.00000e+00  1.00000e-03     no limits
     9 alpha_2CBO   0.00000e+00  1.00000e-03     no limits
    10 beta_2CBO    0.00000e+00  1.00000e-03     no limits
    11 alpha_y      0.00000e+00  1.00000e-03     no limits
    12 w_y          1.38860e+01  constant
    13 beta_y       0.00000e+00  1.00000e-03     no limits
    14 alpha_vw     0.00000e+00  1.00000e-03     no limits
    15 w_vw         1.43404e+01  constant
    16 beta_vw      0.00000e+00  1.00000e-03     no limits
    17 LM          -1.74374e-04  constant
    18 zeta_y       0.00000e+00  constant
    19 zeta_vw      0.00000e+00  constant
    20 T_CBO        1.00000e+02  1.00000e+00    0.00000e+00  1.00000e+03
    21 alpha_A0     0.00000e+00  1.00000e-03     no limits
    22 beta_A0      0.00000e+00  1.00000e-03     no limits
    23 alpha_phi    0.00000e+00  1.00000e-03     no limits
    24 beta_phi     0.00000e+00  1.00000e-03     no limits
MINUIT - FIT ONLY WIGGLE
 **********
 **    3 **FIX            5
 **********
 PARAMETER    5  IS CONSTANT.   IGNORED.
 **********
 **    4 **FIX            6
 **********
 **********
 **    5 **FIX            7
 **********
 PARAMETER    7  IS CONSTANT.   IGNORED.
 **********
 **    6 **FIX            8
 **********
 **********
 **    7 **FIX            9
 **********
 **********
 **    8 **FIX           10
 **********
 **********
 **    9 **FIX           11
 **********
 **********
 **   10 **FIX           12
 **********
 PARAMETER   12  IS CONSTANT.   IGNORED.
 **********
 **   11 **FIX           13
 **********
 **********
 **   12 **FIX           14
 **********
 **********
 **   13 **FIX           15
 **********
 PARAMETER   15  IS CONSTANT.   IGNORED.
 **********
 **   14 **FIX           16
 **********
 **********
 **   15 **MIGRAD
 **********
 FIRST CALL TO USER FUNCTION AT NEW START POINT, WITH IFLAG=4.
 START MIGRAD MINIMIZATION.  STRATEGY  1.  CONVERGENCE WHEN EDM .LT. 1.00e-04
 FCN=161.141 FROM MIGRAD    STATUS=INITIATE      435 CALLS         436 TOTAL
                     EDM= unknown      STRATEGY= 1      NO ERROR MATRIX       
  EXT PARAMETER               CURRENT GUESS       STEP         FIRST   
  NO.   NAME      VALUE            ERROR          SIZE      DERIVATIVE 
   1  N0           7.53894e+07   1.00000e+02   0.00000e+00  -1.21133e-04
   2  tau          6.44000e+01   constant   
   3  A0           3.53538e-01   1.00000e-04   0.00000e+00   2.23540e+03
   4  phi          4.11945e+00   1.00000e-02   0.00000e+00   1.24064e+04
   5  R           -6.07615e+01   constant   
   6  alpha_CBO    0.00000e+00     fixed    
   7  w_CBO        2.32500e+00   constant   
   8  beta_CBO     0.00000e+00     fixed    
   9  alpha_2CBO   0.00000e+00     fixed    
  10  beta_2CBO    0.00000e+00     fixed    
  11  alpha_y      0.00000e+00     fixed    
  12  w_y          1.38860e+01   constant   
  13  beta_y       0.00000e+00     fixed    
  14  alpha_vw     0.00000e+00     fixed    
  15  w_vw         1.43404e+01   constant   
  16  beta_vw      0.00000e+00     fixed    
  17  LM          -1.74374e-04   constant   
  18  zeta_y       0.00000e+00   constant   
  19  zeta_vw      0.00000e+00   constant   
  20  T_CBO        1.00000e+02   1.00000e+00   0.00000e+00   0.00000e+00
  21  alpha_A0     0.00000e+00   1.00000e-03   0.00000e+00   7.23758e+01
  22  beta_A0      0.00000e+00   1.00000e-03   0.00000e+00  -4.59225e+01
  23  alpha_phi    0.00000e+00   1.00000e-03   0.00000e+00  -2.09271e+03
  24  beta_phi     0.00000e+00   1.00000e-03   0.00000e+00   1.05032e+03
 CALL LIMIT EXCEEDED IN MIGRAD.
 MIGRAD TERMINATED WITHOUT CONVERGENCE.
 FCN=146.942 FROM MIGRAD    STATUS=CALL LIMIT   1320 CALLS        1321 TOTAL
                     EDM=0.00695363    STRATEGY= 1  ERROR MATRIX UNCERTAINTY   1.7 per cent
  EXT PARAMETER                APPROXIMATE        STEP         FIRST   
  NO.   NAME      VALUE            ERROR          SIZE      DERIVATIVE 
   1  N0           7.53898e+07   3.93153e+03  -2.53137e+02  -8.22328e-06
   2  tau          6.44000e+01   constant   
   3  A0           3.53515e-01   6.92158e-05  -6.56546e-06  -6.61455e+02
   4  phi          4.11910e+00   2.14984e-04   2.70345e-05   1.14408e+02
   5  R           -6.07615e+01   constant   
   6  alpha_CBO    0.00000e+00     fixed    
   7  w_CBO        2.32500e+00   constant   
   8  beta_CBO     0.00000e+00     fixed    
   9  alpha_2CBO   0.00000e+00     fixed    
  10  beta_2CBO    0.00000e+00     fixed    
  11  alpha_y      0.00000e+00     fixed    
  12  w_y          1.38860e+01   constant   
  13  beta_y       0.00000e+00     fixed    
  14  alpha_vw     0.00000e+00     fixed    
  15  w_vw         1.43404e+01   constant   
  16  beta_vw      0.00000e+00     fixed    
  17  LM          -1.74374e-04   constant   
  18  zeta_y       0.00000e+00   constant   
  19  zeta_vw      0.00000e+00   constant   
  20  T_CBO        3.03914e+01   5.24758e+00  -2.77574e-03  -2.52151e+01
  21  alpha_A0    -7.81927e-02   7.86559e-02  -7.44955e-03  -2.34192e-01
  22  beta_A0      5.89011e-02   5.69582e-02   5.35554e-03  -2.06511e-01
  23  alpha_phi    1.86369e+00   1.97690e+00   1.87247e-01  -2.47805e-01
  24  beta_phi    -7.71065e-01   8.23389e-01  -7.80127e-02   3.94249e-01
 EXTERNAL ERROR MATRIX.    NDIM=  25    NPAR=  8    ERR DEF=1
  1.546e+07 -2.059e-02  2.185e-02  3.977e+02  1.674e+01 -1.310e+01 -4.190e+02  1.738e+02 
 -2.059e-02  4.791e-09 -2.219e-11  2.521e-05  6.287e-07 -4.618e-07 -1.614e-05  6.742e-06 
  2.185e-02 -2.219e-11  4.622e-08 -8.664e-05 -1.740e-06  1.154e-06  4.357e-05 -1.821e-05 
  3.977e+02  2.521e-05 -8.664e-05  2.755e+01  4.043e-01 -2.925e-01 -1.016e+01  4.230e+00 
  1.674e+01  6.287e-07 -1.740e-06  4.043e-01  6.187e-03 -4.469e-03 -1.553e-01  6.470e-02 
 -1.310e+01 -4.618e-07  1.154e-06 -2.925e-01 -4.469e-03  3.244e-03  1.124e-01 -4.682e-02 
 -4.190e+02 -1.614e-05  4.357e-05 -1.016e+01 -1.553e-01  1.124e-01  3.908e+00 -1.628e+00 
  1.738e+02  6.742e-06 -1.821e-05  4.230e+00  6.470e-02 -4.682e-02 -1.628e+00  6.780e-01 
ERR MATRIX APPROXIMATE
 PARAMETER  CORRELATION COEFFICIENTS  
       NO.  GLOBAL      1      3      4     20     21     22     23     24
        1  0.24744   1.000 -0.076  0.026  0.019  0.054 -0.058 -0.054  0.054
        3  0.28822  -0.076  1.000 -0.001  0.069  0.115 -0.117 -0.118  0.118
        4  0.22022   0.026 -0.001  1.000 -0.077 -0.103  0.094  0.103 -0.103
       20  0.98206   0.019  0.069 -0.077  1.000  0.979 -0.978 -0.979  0.979
       21  0.99910   0.054  0.115 -0.103  0.979  1.000 -0.997 -0.999  0.999
       22  0.99841  -0.058 -0.117  0.094 -0.978 -0.997  1.000  0.998 -0.998
       23  0.99999  -0.054 -0.118  0.103 -0.979 -0.999  0.998  1.000 -1.000
       24  0.99999   0.054  0.118 -0.103  0.979  0.999 -0.998 -1.000  1.000
 ERR MATRIX APPROXIMATE
MINUIT - FIT ONLY 1-CBO + wiggle
 **********
 **   16 **RES 
 **********
                   PARAMETER   16  beta_vw RESTORED TO VARIABLE.
                   PARAMETER   14  alpha_vw RESTORED TO VARIABLE.
                   PARAMETER   13  beta_y RESTORED TO VARIABLE.
                   PARAMETER   11  alpha_y RESTORED TO VARIABLE.
                   PARAMETER   10  beta_2CBO RESTORED TO VARIABLE.
                   PARAMETER    9  alpha_2CBO RESTORED TO VARIABLE.
                   PARAMETER    8  beta_CBO RESTORED TO VARIABLE.
                   PARAMETER    6  alpha_CBO RESTORED TO VARIABLE.
 **********
 **   17 **FIX            8
 **********
 **********
 **   18 **FIX            9
 **********
 **********
 **   19 **FIX           11
 **********
 **********
 **   20 **FIX           12
 **********
 PARAMETER   12  IS CONSTANT.   IGNORED.
 **********
 **   21 **FIX           14
 **********
 **********
 **   22 **FIX           15
 **********
 PARAMETER   15  IS CONSTANT.   IGNORED.
 **********
 **   23 **FIX           16
 **********
 **********
 **   24 **MIGRAD
 **********
 START MIGRAD MINIMIZATION.  STRATEGY  1.  CONVERGENCE WHEN EDM .LT. 1.00e-04
 FCN=146.942 FROM MIGRAD    STATUS=INITIATE       28 CALLS        1349 TOTAL
                     EDM= unknown      STRATEGY= 1      NO ERROR MATRIX       
  EXT PARAMETER               CURRENT GUESS       STEP         FIRST   
  NO.   NAME      VALUE            ERROR          SIZE      DERIVATIVE 
   1  N0           7.53898e+07   3.93153e+03  -2.53137e+02  -8.22328e-06
   2  tau          6.44000e+01   constant   
   3  A0           3.53515e-01   6.92158e-05  -6.56546e-06  -6.61455e+02
   4  phi          4.11910e+00   2.14984e-04   2.70345e-05   1.14408e+02
   5  R           -6.07615e+01   constant   
   6  alpha_CBO    0.00000e+00   1.00000e-03   1.00000e-03  -1.97982e+05
   7  w_CBO        2.32500e+00   constant   
   8  beta_CBO     0.00000e+00     fixed    
   9  alpha_2CBO   0.00000e+00     fixed    
  10  beta_2CBO    0.00000e+00   1.00000e-03   1.00000e-03  -4.00511e+04
  11  alpha_y      0.00000e+00     fixed    
  12  w_y          1.38860e+01   constant   
  13  beta_y       0.00000e+00   1.00000e-03   1.00000e-03  -2.46711e+04
  14  alpha_vw     0.00000e+00     fixed    
  15  w_vw         1.43404e+01   constant   
  16  beta_vw      0.00000e+00     fixed    
  17  LM          -1.74374e-04   constant   
  18  zeta_y       0.00000e+00   constant   
  19  zeta_vw      0.00000e+00   constant   
  20  T_CBO        3.03914e+01   5.24758e+00  -2.77574e-03  -2.52151e+01
  21  alpha_A0    -7.81927e-02   7.86559e-02  -7.44955e-03  -2.34192e-01
  22  beta_A0      5.89011e-02   5.69582e-02   5.35554e-03  -2.06511e-01
  23  alpha_phi    1.86369e+00   1.97690e+00   1.87247e-01  -2.47805e-01
  24  beta_phi    -7.71065e-01   8.23389e-01  -7.80127e-02   3.94249e-01
 CALL LIMIT EXCEEDED IN MIGRAD.
 MIGRAD TERMINATED WITHOUT CONVERGENCE.
 FCN=89.1452 FROM MIGRAD    STATUS=CALL LIMIT   1928 CALLS        3249 TOTAL
                     EDM=0.0794322    STRATEGY= 1  ERROR MATRIX UNCERTAINTY  17.9 per cent
  EXT PARAMETER                APPROXIMATE        STEP         FIRST   
  NO.   NAME      VALUE            ERROR          SIZE      DERIVATIVE 
   1  N0           7.53888e+07   3.92161e+03  -4.13252e-01   3.26295e-07
   2  tau          6.44000e+01   constant   
   3  A0           3.53457e-01   7.24378e-05  -9.44207e-07  -9.69299e+02
   4  phi          4.11946e+00   2.22967e-04  -2.54718e-06  -3.54314e+02
   5  R           -6.07615e+01   constant   
   6  alpha_CBO    5.47764e-04   7.42882e-05   5.05465e-07  -6.04291e-01
   7  w_CBO        2.32500e+00   constant   
   8  beta_CBO     0.00000e+00     fixed    
   9  alpha_2CBO   0.00000e+00     fixed    
  10  beta_2CBO    7.90393e-05   7.24005e-05   2.71418e-07   1.87975e+02
  11  alpha_y      0.00000e+00     fixed    
  12  w_y          1.38860e+01   constant   
  13  beta_y       6.05920e-05   7.18626e-05  -8.23855e-07  -4.96418e+02
  14  alpha_vw     0.00000e+00     fixed    
  15  w_vw         1.43404e+01   constant   
  16  beta_vw      0.00000e+00     fixed    
  17  LM          -1.74374e-04   constant   
  18  zeta_y       0.00000e+00   constant   
  19  zeta_vw      0.00000e+00   constant   
  20  T_CBO        1.33643e+01   1.27980e+00  -1.81264e-03  -1.04684e+02
  21  alpha_A0    -5.01590e+03   7.00777e+03  -1.12637e+03  -9.01035e-06
  22  beta_A0      2.53163e+02   3.44326e+02   5.53489e+01  -6.38647e-06
  23  alpha_phi    2.27521e+04   3.17126e+04   5.09725e+03  -3.29859e-05
  24  beta_phi    -1.63712e+04   2.28107e+04  -3.66643e+03   7.87215e-06
 EXTERNAL ERROR MATRIX.    NDIM=  25    NPAR= 11    ERR DEF=1
  1.538e+07 
 -2.990e-02  5.247e-09 
  9.655e-03 -4.801e-10  4.971e-08 
 -1.132e-02 -4.162e-10  3.514e-09  5.519e-09 
  1.248e-02  1.326e-12 -2.319e-10 -2.403e-10  5.242e-09 
 -1.808e-03  3.433e-11  5.198e-10  4.291e-11 -8.503e-11  5.164e-09 
 -2.313e+01  1.261e-06 -1.350e-06 -2.250e-06 -6.366e-07  1.026e-06  1.638e+00 
 -2.898e+05  3.565e-02  9.326e-02 -7.146e-03 -9.666e-03  2.202e-02  8.841e+03  4.911e+07 
  1.399e+04 -1.749e-03 -4.596e-03  3.459e-04  4.806e-04 -1.081e-03 -4.344e+02 -2.413e+06  1.186e+05 
  1.315e+06 -1.614e-01 -4.220e-01  3.230e-02  4.374e-02 -9.965e-02 -4.001e+04 -2.222e+08  1.092e+07  1.006e+09 
 -9.470e+05  1.161e-01  3.035e-01 -2.324e-02 -3.146e-02  7.168e-02  2.878e+04  1.599e+08 -7.854e+06 -7.234e+08  5.203e+08 
ERR MATRIX APPROXIMATE
 PARAMETER  CORRELATION COEFFICIENTS  
       NO.  GLOBAL      1      3      4      6     10     13     20     21     22     23     24
        1  0.29306   1.000 -0.105  0.011 -0.039  0.044 -0.006 -0.005 -0.011  0.010  0.011 -0.011
        3  0.45369  -0.105  1.000 -0.030 -0.077  0.000  0.007  0.014  0.070 -0.070 -0.070  0.070
        4  0.47115   0.011 -0.030  1.000  0.212 -0.014  0.032 -0.005  0.060 -0.060 -0.060  0.060
        6  0.26858  -0.039 -0.077  0.212  1.000 -0.045  0.008 -0.024 -0.014  0.014  0.014 -0.014
       10  0.14610   0.044  0.000 -0.014 -0.045  1.000 -0.016 -0.007 -0.019  0.019  0.019 -0.019
       13  0.21344  -0.006  0.007  0.032  0.008 -0.016  1.000  0.011  0.044 -0.044 -0.044  0.044
       20  0.99066  -0.005  0.014 -0.005 -0.024 -0.007  0.011  1.000  0.986 -0.986 -0.986  0.986
       21  1.00000  -0.011  0.070  0.060 -0.014 -0.019  0.044  0.986  1.000 -1.000 -1.000  1.000
       22  1.00000   0.010 -0.070 -0.060  0.014  0.019 -0.044 -0.986 -1.000  1.000  1.000 -1.000
       23  1.00000   0.011 -0.070 -0.060  0.014  0.019 -0.044 -0.986 -1.000  1.000  1.000 -1.000
       24  1.00000  -0.011  0.070  0.060 -0.014 -0.019  0.044  0.986  1.000 -1.000 -1.000  1.000
 ERR MATRIX APPROXIMATE
MINUIT - FIT ONLY 2-CBO
 **********
 **   25 **RES 
 **********
                   PARAMETER   16  beta_vw RESTORED TO VARIABLE.
                   PARAMETER   14  alpha_vw RESTORED TO VARIABLE.
                   PARAMETER   11  alpha_y RESTORED TO VARIABLE.
                   PARAMETER    9  alpha_2CBO RESTORED TO VARIABLE.
                   PARAMETER    8  beta_CBO RESTORED TO VARIABLE.
 **********
 **   26 **FIX            0
 **********
 PARAMETER    0  IS UNDEFINED. IGNORED.
 **********
 **   27 **FIX            1
 **********
 **********
 **   28 **FIX            2
 **********
 PARAMETER    2  IS CONSTANT.   IGNORED.
 **********
 **   29 **FIX            3
 **********
 **********
 **   30 **FIX            4
 **********
 **********
 **   31 **FIX            5
 **********
 PARAMETER    5  IS CONSTANT.   IGNORED.
 **********
 **   32 **FIX            6
 **********
 **********
 **   33 **FIX            7
 **********
 PARAMETER    7  IS CONSTANT.   IGNORED.
 **********
 **   34 **FIX           10
 **********
 **********
 **   35 **FIX           11
 **********
 **********
 **   36 **FIX           12
 **********
 PARAMETER   12  IS CONSTANT.   IGNORED.
 **********
 **   37 **FIX           13
 **********
 **********
 **   38 **FIX           14
 **********
 **********
 **   39 **FIX           15
 **********
 PARAMETER   15  IS CONSTANT.   IGNORED.
 **********
 **   40 **FIX           16
 **********
 **********
 **   41 **MIGRAD
 **********
 START MIGRAD MINIMIZATION.  STRATEGY  1.  CONVERGENCE WHEN EDM .LT. 1.00e-04
 FCN=89.1452 FROM MIGRAD    STATUS=INITIATE       18 CALLS        3267 TOTAL
                     EDM= unknown      STRATEGY= 1      NO ERROR MATRIX       
  EXT PARAMETER               CURRENT GUESS       STEP         FIRST   
  NO.   NAME      VALUE            ERROR          SIZE      DERIVATIVE 
   1  N0           7.53888e+07     fixed    
   2  tau          6.44000e+01   constant   
   3  A0           3.53457e-01     fixed    
   4  phi          4.11946e+00     fixed    
   5  R           -6.07615e+01   constant   
   6  alpha_CBO    5.47764e-04     fixed    
   7  w_CBO        2.32500e+00   constant   
   8  beta_CBO     0.00000e+00   1.00000e-03   1.00000e-03   1.30134e+05
   9  alpha_2CBO   0.00000e+00   1.00000e-03   1.00000e-03  -9.11167e+04
  10  beta_2CBO    7.90393e-05     fixed    
  11  alpha_y      0.00000e+00     fixed    
  12  w_y          1.38860e+01   constant   
  13  beta_y       6.05920e-05     fixed    
  14  alpha_vw     0.00000e+00     fixed    
  15  w_vw         1.43404e+01   constant   
  16  beta_vw      0.00000e+00     fixed    
  17  LM          -1.74374e-04   constant   
  18  zeta_y       0.00000e+00   constant   
  19  zeta_vw      0.00000e+00   constant   
  20  T_CBO        1.33643e+01   1.27980e+00  -1.81264e-03  -1.04684e+02
  21  alpha_A0    -5.01590e+03   7.00777e+03  -1.12637e+03  -9.01036e-06
  22  beta_A0      2.53163e+02   3.44326e+02   5.53489e+01  -6.38647e-06
  23  alpha_phi    2.27521e+04   3.17126e+04   5.09725e+03  -3.29859e-05
  24  beta_phi    -1.63712e+04   2.28107e+04  -3.66643e+03   7.87215e-06
 CALL LIMIT EXCEEDED IN MIGRAD.
 MIGRAD TERMINATED WITHOUT CONVERGENCE.
 FCN=54.9326 FROM MIGRAD    STATUS=CALL LIMIT   1151 CALLS        4400 TOTAL
                     EDM=0.0187478    STRATEGY= 1  ERROR MATRIX UNCERTAINTY  18.6 per cent
  EXT PARAMETER                APPROXIMATE        STEP         FIRST   
  NO.   NAME      VALUE            ERROR          SIZE      DERIVATIVE 
   1  N0           7.53888e+07     fixed    
   2  tau          6.44000e+01   constant   
   3  A0           3.53457e-01     fixed    
   4  phi          4.11946e+00     fixed    
   5  R           -6.07615e+01   constant   
   6  alpha_CBO    5.47764e-04     fixed    
   7  w_CBO        2.32500e+00   constant   
   8  beta_CBO    -3.42861e-04   7.36103e-05   3.08263e-07   6.29261e+01
   9  alpha_2CBO   2.34196e-04   7.05038e-05   6.50675e-07  -9.15804e+02
  10  beta_2CBO    7.90393e-05     fixed    
  11  alpha_y      0.00000e+00     fixed    
  12  w_y          1.38860e+01   constant   
  13  beta_y       6.05920e-05     fixed    
  14  alpha_vw     0.00000e+00     fixed    
  15  w_vw         1.43404e+01   constant   
  16  beta_vw      0.00000e+00     fixed    
  17  LM          -1.74374e-04   constant   
  18  zeta_y       0.00000e+00   constant   
  19  zeta_vw      0.00000e+00   constant   
  20  T_CBO        8.52642e+00   6.37841e-01  -6.38466e-04  -1.32574e+02
  21  alpha_A0     4.30765e+07   7.47393e+07   6.62950e+06  -6.61292e-10
  22  beta_A0      1.24199e+08   2.15272e+08   1.90951e+07  -5.38863e-11
  23  alpha_phi    4.40975e+08   7.64672e+08   6.78278e+07  -1.06788e-09
  24  beta_phi    -1.51702e+08   2.63061e+08  -2.33340e+07   3.00211e-10
 EXTERNAL ERROR MATRIX.    NDIM=  25    NPAR=  7    ERR DEF=1
  5.418e-09  2.083e-10  4.583e-07 -1.006e+01 -2.886e+01 -1.024e+02  3.520e+01 
  2.083e-10  4.971e-09  1.703e-06 -4.118e+02 -1.186e+03 -4.214e+03  1.450e+03 
  4.583e-07  1.703e-06  4.068e-01 -4.731e+07 -1.363e+08 -4.840e+08  1.665e+08 
 -1.006e+01 -4.118e+02 -4.731e+07  5.586e+15  1.609e+16  5.715e+16 -1.966e+16 
 -2.886e+01 -1.186e+03 -1.363e+08  1.609e+16  4.634e+16  1.646e+17 -5.663e+16 
 -1.024e+02 -4.214e+03 -4.840e+08  5.715e+16  1.646e+17  5.847e+17 -2.012e+17 
  3.520e+01  1.450e+03  1.665e+08 -1.966e+16 -5.663e+16 -2.012e+17  6.920e+16 
ERR MATRIX APPROXIMATE
 PARAMETER  CORRELATION COEFFICIENTS  
       NO.  GLOBAL      8      9     20     21     22     23     24
        8  0.11943   1.000  0.040  0.010 -0.002 -0.002 -0.002  0.002
        9  0.37420   0.040  1.000  0.038 -0.078 -0.078 -0.078  0.078
       20  0.99332   0.010  0.038  1.000 -0.992 -0.992 -0.992  0.992
       21  1.00000  -0.002 -0.078 -0.992  1.000  1.000  1.000 -1.000
       22  1.00000  -0.002 -0.078 -0.992  1.000  1.000  1.000 -1.000
       23  1.00000  -0.002 -0.078 -0.992  1.000  1.000  1.000 -1.000
       24  1.00000   0.002  0.078  0.992 -1.000 -1.000 -1.000  1.000
 ERR MATRIX APPROXIMATE
MINUIT - FIT wiggle + 1-CBO + 2-CBO
 **********
 **   42 **RES 
 **********
                   PARAMETER   16  beta_vw RESTORED TO VARIABLE.
                   PARAMETER   14  alpha_vw RESTORED TO VARIABLE.
                   PARAMETER   13  beta_y RESTORED TO VARIABLE.
                   PARAMETER   11  alpha_y RESTORED TO VARIABLE.
                   PARAMETER   10  beta_2CBO RESTORED TO VARIABLE.
                   PARAMETER    6  alpha_CBO RESTORED TO VARIABLE.
                   PARAMETER    4  phi RESTORED TO VARIABLE.
                   PARAMETER    3  A0 RESTORED TO VARIABLE.
                   PARAMETER    1  N0 RESTORED TO VARIABLE.
 **********
 **   43 **FIX           10
 **********
 **********
 **   44 **FIX           11
 **********
 **********
 **   45 **FIX           12
 **********
 PARAMETER   12  IS CONSTANT.   IGNORED.
 **********
 **   46 **FIX           13
 **********
 **********
 **   47 **FIX           14
 **********
 **********
 **   48 **FIX           15
 **********
 PARAMETER   15  IS CONSTANT.   IGNORED.
 **********
 **   49 **FIX           16
 **********
 **********
 **   50 **MIGRAD
 **********
 START MIGRAD MINIMIZATION.  STRATEGY  1.  CONVERGENCE WHEN EDM .LT. 1.00e-04
 FCN=54.9326 FROM MIGRAD    STATUS=INITIATE       22 CALLS        4422 TOTAL
                     EDM= unknown      STRATEGY= 1      NO ERROR MATRIX       
  EXT PARAMETER               CURRENT GUESS       STEP         FIRST   
  NO.   NAME      VALUE            ERROR          SIZE      DERIVATIVE 
   1  N0           7.53888e+07   3.92161e+03   3.92161e+03  -1.22454e-04
   2  tau          6.44000e+01   constant   
   3  A0           3.53457e-01   7.24378e-05   7.24378e-05  -1.70659e+04
   4  phi          4.11946e+00   2.22967e-04   2.22967e-04  -4.20337e+03
   5  R           -6.07615e+01   constant   
   6  alpha_CBO    5.47764e-04   7.42882e-05   7.42882e-05   8.35744e+03
   7  w_CBO        2.32500e+00   constant   
   8  beta_CBO    -3.42861e-04   7.36103e-05   3.08263e-07   6.29261e+01
   9  alpha_2CBO   2.34196e-04   7.05038e-05   6.50675e-07  -9.15804e+02
  10  beta_2CBO    7.90393e-05     fixed    
  11  alpha_y      0.00000e+00     fixed    
  12  w_y          1.38860e+01   constant   
  13  beta_y       6.05920e-05     fixed    
  14  alpha_vw     0.00000e+00     fixed    
  15  w_vw         1.43404e+01   constant   
  16  beta_vw      0.00000e+00     fixed    
  17  LM          -1.74374e-04   constant   
  18  zeta_y       0.00000e+00   constant   
  19  zeta_vw      0.00000e+00   constant   
  20  T_CBO        8.52642e+00   6.37841e-01  -6.38466e-04  -1.32574e+02
  21  alpha_A0     4.30765e+07   7.47393e+07   6.62950e+06  -6.61294e-10
  22  beta_A0      1.24199e+08   2.15272e+08   1.90951e+07  -5.38863e-11
  23  alpha_phi    4.40975e+08   7.64672e+08   6.78278e+07  -1.06788e-09
  24  beta_phi    -1.51702e+08   2.63061e+08  -2.33340e+07   3.00211e-10
 MIGRAD MINIMIZATION HAS CONVERGED.
 MIGRAD WILL VERIFY CONVERGENCE AND ERROR MATRIX.
 COVARIANCE MATRIX CALCULATED SUCCESSFULLY
 FCN=54.1966 FROM MIGRAD    STATUS=CONVERGED     415 CALLS        4815 TOTAL
                     EDM=6.193e-06    STRATEGY= 1      ERROR MATRIX ACCURATE 
  EXT PARAMETER                                   STEP         FIRST   
  NO.   NAME      VALUE            ERROR          SIZE      DERIVATIVE 
   1  N0           7.53897e+07   1.41421e+00   3.59486e+01  -1.83983e-07
   2  tau          6.44000e+01   constant   
   3  A0           3.53503e-01   7.20188e-05   2.50633e-07  -3.99091e-01
   4  phi          4.11956e+00   2.21566e-04   1.96436e-06  -2.75250e+00
   5  R           -6.07615e+01   constant   
   6  alpha_CBO    5.27697e-04   7.48617e-05   2.61435e-07  -9.37872e+00
   7  w_CBO        2.32500e+00   constant   
   8  beta_CBO    -3.56954e-04   7.51549e-05   2.64936e-07  -3.26688e+00
   9  alpha_2CBO   2.32287e-04   7.24153e-05   2.61598e-07  -1.38590e+01
  10  beta_2CBO    7.90393e-05     fixed    
  11  alpha_y      0.00000e+00     fixed    
  12  w_y          1.38860e+01   constant   
  13  beta_y       6.05920e-05     fixed    
  14  alpha_vw     0.00000e+00     fixed    
  15  w_vw         1.43404e+01   constant   
  16  beta_vw      0.00000e+00     fixed    
  17  LM          -1.74374e-04   constant   
  18  zeta_y       0.00000e+00   constant   
  19  zeta_vw      0.00000e+00   constant   
  20  T_CBO        8.38979e+00   1.36063e-01   5.16437e-06  -2.32046e+00
  21  alpha_A0     4.34504e+07   1.41421e+00   2.10136e+01  -6.38208e-10
  22  beta_A0      1.21386e+08   1.41421e+00   5.78812e+01  -3.72172e-10
  23  alpha_phi    6.79082e+08   1.41421e+00   3.23812e+02  -1.88670e-11
  24  beta_phi    -2.34569e+08   1.41421e+00   1.11851e+02  -6.30614e-12
 EXTERNAL ERROR MATRIX.    NDIM=  25    NPAR= 11    ERR DEF=1
  2.000e+00 
 -2.408e-09  5.187e-09 
  1.138e-09  6.796e-10  4.909e-08 
 -1.856e-09 -3.592e-10  3.697e-09  5.604e-09 
 -2.767e-09 -9.731e-10 -2.353e-09  8.908e-11  5.648e-09 
 -6.471e-10 -3.208e-11 -5.120e-10 -5.278e-11  2.525e-10  5.244e-09 
 -3.265e-06 -2.087e-06 -4.670e-06 -1.434e-06  1.009e-06 -6.188e-07  1.851e-02 
  7.888e-13 -3.686e-14  5.532e-14 -1.885e-15 -1.630e-14  6.348e-14 -1.520e-10  2.000e+00 
 -3.151e-13 -3.150e-14 -1.511e-13 -1.504e-14  3.327e-15  4.450e-14 -1.618e-10 -3.041e-14  2.000e+00 
 -1.961e-13  2.879e-14 -4.837e-14 -9.261e-15 -1.393e-14  1.169e-16 -7.636e-10  4.703e-16 -1.488e-16  2.000e+00 
 -5.838e-13  6.570e-14 -2.226e-13 -3.644e-14 -4.080e-14  3.578e-14  2.968e-10  1.847e-15 -7.424e-16  3.597e-16  2.000e+00 
 PARAMETER  CORRELATION COEFFICIENTS  
       NO.  GLOBAL      1      3      4      6      8      9     20     21     22     23     24
        1  0.00005   1.000 -0.000  0.000 -0.000 -0.000 -0.000 -0.000  0.000 -0.000 -0.000 -0.000
        3  0.28230  -0.000  1.000  0.043 -0.067 -0.180 -0.006 -0.213 -0.000 -0.000  0.000  0.000
        4  0.28968   0.000  0.043  1.000  0.223 -0.141 -0.032 -0.155  0.000 -0.000 -0.000 -0.000
        6  0.27067  -0.000 -0.067  0.223  1.000  0.016 -0.010 -0.141 -0.000 -0.000 -0.000 -0.000
        8  0.23598  -0.000 -0.180 -0.141  0.016  1.000  0.046  0.099 -0.000  0.000 -0.000 -0.000
        9  0.09141  -0.000 -0.006 -0.032 -0.010  0.046  1.000 -0.063  0.000  0.000  0.000  0.000
       20  0.29946  -0.000 -0.213 -0.155 -0.141  0.099 -0.063  1.000 -0.000 -0.000 -0.000  0.000
       21  0.00000   0.000 -0.000  0.000 -0.000 -0.000  0.000 -0.000  1.000 -0.000  0.000  0.000
       22  0.00000  -0.000 -0.000 -0.000 -0.000  0.000  0.000 -0.000 -0.000  1.000 -0.000 -0.000
       23  0.00000  -0.000  0.000 -0.000 -0.000 -0.000  0.000 -0.000  0.000 -0.000  1.000  0.000
       24  0.00000  -0.000  0.000 -0.000 -0.000 -0.000  0.000  0.000  0.000 -0.000  0.000  1.000
MINUIT - FIT ONLY 1-y
 **********
 **   51 **RES 
 **********
                   PARAMETER   16  beta_vw RESTORED TO VARIABLE.
                   PARAMETER   14  alpha_vw RESTORED TO VARIABLE.
                   PARAMETER   13  beta_y RESTORED TO VARIABLE.
                   PARAMETER   11  alpha_y RESTORED TO VARIABLE.
                   PARAMETER   10  beta_2CBO RESTORED TO VARIABLE.
 **********
 **   52 **FIX            0
 **********
 PARAMETER    0  IS UNDEFINED. IGNORED.
 **********
 **   53 **FIX            1
 **********
 **********
 **   54 **FIX            2
 **********
 PARAMETER    2  IS CONSTANT.   IGNORED.
 **********
 **   55 **FIX            3
 **********
 **********
 **   56 **FIX            4
 **********
 **********
 **   57 **FIX            5
 **********
 PARAMETER    5  IS CONSTANT.   IGNORED.
 **********
 **   58 **FIX            6
 **********
 **********
 **   59 **FIX            7
 **********
 PARAMETER    7  IS CONSTANT.   IGNORED.
 **********
 **   60 **FIX            8
 **********
 **********
 **   61 **FIX            9
 **********
 **********
 **   62 **FIX           13
 **********
 **********
 **   63 **FIX           14
 **********
 **********
 **   64 **FIX           15
 **********
 PARAMETER   15  IS CONSTANT.   IGNORED.
 **********
 **   65 **FIX           16
 **********
 **********
 **   66 **MIGRAD
 **********
 START MIGRAD MINIMIZATION.  STRATEGY  1.  CONVERGENCE WHEN EDM .LT. 1.00e-04
 FCN=54.1966 FROM MIGRAD    STATUS=INITIATE      242 CALLS        5057 TOTAL
                     EDM= unknown      STRATEGY= 1      NO ERROR MATRIX       
  EXT PARAMETER               CURRENT GUESS       STEP         FIRST   
  NO.   NAME      VALUE            ERROR          SIZE      DERIVATIVE 
   1  N0           7.53897e+07     fixed    
   2  tau          6.44000e+01   constant   
   3  A0           3.53503e-01     fixed    
   4  phi          4.11956e+00     fixed    
   5  R           -6.07615e+01   constant   
   6  alpha_CBO    5.27697e-04     fixed    
   7  w_CBO        2.32500e+00   constant   
   8  beta_CBO    -3.56954e-04     fixed    
   9  alpha_2CBO   2.32287e-04     fixed    
  10  beta_2CBO    7.90393e-05   7.24005e-05   0.00000e+00  -8.76131e+03
  11  alpha_y      0.00000e+00   1.00000e-03   0.00000e+00  -3.57200e+04
  12  w_y          1.38860e+01   constant   
  13  beta_y       6.05920e-05     fixed    
  14  alpha_vw     0.00000e+00     fixed    
  15  w_vw         1.43404e+01   constant   
  16  beta_vw      0.00000e+00     fixed    
  17  LM          -1.74374e-04   constant   
  18  zeta_y       0.00000e+00   constant   
  19  zeta_vw      0.00000e+00   constant   
  20  T_CBO        8.38979e+00   1.36063e-01   0.00000e+00   1.11796e+00
  21  alpha_A0     4.34924e+07   1.41421e+00   0.00000e+00  -6.54863e-10
  22  beta_A0      1.21386e+08   1.41421e+00   0.00000e+00  -3.66606e-10
  23  alpha_phi    6.80089e+08   1.41421e+00   1.21968e+04   8.36985e-15
  24  beta_phi    -2.34160e+08   1.41421e+00   0.00000e+00  -1.86137e-14
 MIGRAD MINIMIZATION HAS CONVERGED.
 MIGRAD WILL VERIFY CONVERGENCE AND ERROR MATRIX.
 COVARIANCE MATRIX CALCULATED SUCCESSFULLY
 FCN=52.3696 FROM MIGRAD    STATUS=CONVERGED     441 CALLS        5256 TOTAL
                     EDM=8.76556e-07    STRATEGY= 1      ERROR MATRIX ACCURATE 
  EXT PARAMETER                                   STEP         FIRST   
  NO.   NAME      VALUE            ERROR          SIZE      DERIVATIVE 
   1  N0           7.53897e+07     fixed    
   2  tau          6.44000e+01   constant   
   3  A0           3.53503e-01     fixed    
   4  phi          4.11956e+00     fixed    
   5  R           -6.07615e+01   constant   
   6  alpha_CBO    5.27697e-04     fixed    
   7  w_CBO        2.32500e+00   constant   
   8  beta_CBO    -3.56954e-04     fixed    
   9  alpha_2CBO   2.32287e-04     fixed    
  10  beta_2CBO    1.04693e-04   7.30192e-05   2.60348e-07   6.43608e+00
  11  alpha_y      9.59596e-05   7.31760e-05   2.61020e-07  -3.82473e+00
  12  w_y          1.38860e+01   constant   
  13  beta_y       6.05920e-05     fixed    
  14  alpha_vw     0.00000e+00     fixed    
  15  w_vw         1.43404e+01   constant   
  16  beta_vw      0.00000e+00     fixed    
  17  LM          -1.74374e-04   constant   
  18  zeta_y       0.00000e+00   constant   
  19  zeta_vw      0.00000e+00   constant   
  20  T_CBO        8.46033e+00   1.32155e-01   5.14908e-06   8.47021e-01
  21  alpha_A0     4.42864e+07   1.41421e+00   2.11174e+01  -3.28044e-10
  22  beta_A0      1.24397e+08   1.41421e+00   5.93171e+01  -4.76391e-10
  23  alpha_phi    5.26494e+08   1.41421e+00   2.51052e+02   1.13131e-12
  24  beta_phi    -1.97150e+08   1.41421e+00   9.40083e+01   2.85791e-11
 EXTERNAL ERROR MATRIX.    NDIM=  25    NPAR=  7    ERR DEF=1
  5.332e-09  1.856e-11 -2.900e-07 -4.664e-14  1.091e-13 -4.597e-14 -6.471e-14 
  1.856e-11  5.355e-09  6.107e-08 -3.118e-15  1.590e-14 -5.857e-15 -6.299e-15 
 -2.900e-07  6.107e-08  1.746e-02  9.520e-11 -2.981e-10 -9.516e-10  4.168e-10 
 -4.664e-14 -3.118e-15  9.520e-11  2.000e+00 -1.685e-13 -2.122e-15 -1.873e-15 
  1.091e-13  1.590e-14 -2.981e-10 -1.685e-13  2.000e+00 -2.560e-16 -3.204e-15 
 -4.597e-14 -5.857e-15 -9.516e-10 -2.122e-15 -2.560e-16  2.000e+00 -8.421e-16 
 -6.471e-14 -6.299e-15  4.168e-10 -1.873e-15 -3.204e-15 -8.421e-16  2.000e+00 
 PARAMETER  CORRELATION COEFFICIENTS  
       NO.  GLOBAL     10     11     20     21     22     23     24
       10  0.03027   1.000  0.003 -0.030 -0.000  0.000 -0.000 -0.000
       11  0.00730   0.003  1.000  0.006 -0.000  0.000 -0.000 -0.000
       20  0.03073  -0.030  0.006  1.000  0.000 -0.000 -0.000  0.000
       21  0.00000  -0.000 -0.000  0.000  1.000 -0.000 -0.000 -0.000
       22  0.00000   0.000  0.000 -0.000 -0.000  1.000 -0.000 -0.000
       23  0.00000  -0.000 -0.000 -0.000 -0.000 -0.000  1.000 -0.000
       24  0.00000  -0.000 -0.000  0.000 -0.000 -0.000 -0.000  1.000
MINUIT - FIT ONLY 2-y
 **********
 **   67 **RES 
 **********
                   PARAMETER   16  beta_vw RESTORED TO VARIABLE.
                   PARAMETER   14  alpha_vw RESTORED TO VARIABLE.
                   PARAMETER   13  beta_y RESTORED TO VARIABLE.
                   PARAMETER    9  alpha_2CBO RESTORED TO VARIABLE.
                   PARAMETER    8  beta_CBO RESTORED TO VARIABLE.
                   PARAMETER    6  alpha_CBO RESTORED TO VARIABLE.
                   PARAMETER    4  phi RESTORED TO VARIABLE.
                   PARAMETER    3  A0 RESTORED TO VARIABLE.
                   PARAMETER    1  N0 RESTORED TO VARIABLE.
 **********
 **   68 **FIX            0
 **********
 PARAMETER    0  IS UNDEFINED. IGNORED.
 **********
 **   69 **FIX            1
 **********
 **********
 **   70 **FIX            2
 **********
 PARAMETER    2  IS CONSTANT.   IGNORED.
 **********
 **   71 **FIX            3
 **********
 **********
 **   72 **FIX            4
 **********
 **********
 **   73 **FIX            5
 **********
 PARAMETER    5  IS CONSTANT.   IGNORED.
 **********
 **   74 **FIX            6
 **********
 **********
 **   75 **FIX            7
 **********
 PARAMETER    7  IS CONSTANT.   IGNORED.
 **********
 **   76 **FIX            8
 **********
 **********
 **   77 **FIX            9
 **********
 **********
 **   78 **FIX           10
 **********
 **********
 **   79 **FIX           11
 **********
 **********
 **   80 **FIX           12
 **********
 PARAMETER   12  IS CONSTANT.   IGNORED.
 **********
 **   81 **FIX           16
 **********
 **********
 **   82 **MIGRAD
 **********
 START MIGRAD MINIMIZATION.  STRATEGY  1.  CONVERGENCE WHEN EDM .LT. 1.00e-04
 FCN=52.3696 FROM MIGRAD    STATUS=INITIATE       37 CALLS        5293 TOTAL
                     EDM= unknown      STRATEGY= 1      NO ERROR MATRIX       
  EXT PARAMETER               CURRENT GUESS       STEP         FIRST   
  NO.   NAME      VALUE            ERROR          SIZE      DERIVATIVE 
   1  N0           7.53897e+07     fixed    
   2  tau          6.44000e+01   constant   
   3  A0           3.53503e-01     fixed    
   4  phi          4.11956e+00     fixed    
   5  R           -6.07615e+01   constant   
   6  alpha_CBO    5.27697e-04     fixed    
   7  w_CBO        2.32500e+00   constant   
   8  beta_CBO    -3.56954e-04     fixed    
   9  alpha_2CBO   2.32287e-04     fixed    
  10  beta_2CBO    1.04693e-04     fixed    
  11  alpha_y      9.59596e-05     fixed    
  12  w_y          1.38860e+01   constant   
  13  beta_y       6.05920e-05   7.18626e-05   0.00000e+00  -1.85828e+03
  14  alpha_vw     0.00000e+00   1.00000e-03   0.00000e+00  -3.01986e+04
  15  w_vw         1.43404e+01   constant   
  16  beta_vw      0.00000e+00     fixed    
  17  LM          -1.74374e-04   constant   
  18  zeta_y       0.00000e+00   constant   
  19  zeta_vw      0.00000e+00   constant   
  20  T_CBO        8.46033e+00   1.32155e-01   0.00000e+00   1.05384e+00
  21  alpha_A0     4.42864e+07   1.41421e+00   0.00000e+00  -3.26042e-10
  22  beta_A0      1.24397e+08   1.41421e+00   0.00000e+00  -4.75194e-10
  23  alpha_phi    5.26494e+08   1.41421e+00   0.00000e+00   1.31173e-12
  24  beta_phi    -1.97244e+08   1.41421e+00  -9.40083e+04   2.57891e-11
 CALL LIMIT EXCEEDED IN MIGRAD.
 MIGRAD TERMINATED WITHOUT CONVERGENCE.
 FCN=50.6353 FROM MIGRAD    STATUS=CALL LIMIT   1155 CALLS        6411 TOTAL
                     EDM=0.0193686    STRATEGY= 1  ERROR MATRIX UNCERTAINTY  10.8 per cent
  EXT PARAMETER                APPROXIMATE        STEP         FIRST   
  NO.   NAME      VALUE            ERROR          SIZE      DERIVATIVE 
   1  N0           7.53897e+07     fixed    
   2  tau          6.44000e+01   constant   
   3  A0           3.53503e-01     fixed    
   4  phi          4.11956e+00     fixed    
   5  R           -6.07615e+01   constant   
   6  alpha_CBO    5.27697e-04     fixed    
   7  w_CBO        2.32500e+00   constant   
   8  beta_CBO    -3.56954e-04     fixed    
   9  alpha_2CBO   2.32287e-04     fixed    
  10  beta_2CBO    1.04693e-04     fixed    
  11  alpha_y      9.59596e-05     fixed    
  12  w_y          1.38860e+01   constant   
  13  beta_y       5.41983e-05   7.26419e-05  -1.50447e-07   2.01556e+01
  14  alpha_vw     8.04120e-05   7.90855e-05   5.71189e-06   3.28893e+02
  15  w_vw         1.43404e+01   constant   
  16  beta_vw      0.00000e+00     fixed    
  17  LM          -1.74374e-04   constant   
  18  zeta_y       0.00000e+00   constant   
  19  zeta_vw      0.00000e+00   constant   
  20  T_CBO        6.63497e+00   4.41472e-01  -4.30030e-04  -1.42102e+02
  21  alpha_A0     3.07837e+10   5.93114e+10   4.79640e+09  -7.32108e-13
  22  beta_A0      3.45991e+11   6.67610e+11   5.39882e+10   3.62683e-13
  23  alpha_phi    1.00208e+12   1.90737e+12   1.54247e+11  -3.97603e-13
  24  beta_phi    -3.27419e+11   6.35075e+11  -5.13594e+10   3.31518e-13
 EXTERNAL ERROR MATRIX.    NDIM=  25    NPAR=  7    ERR DEF=1
  5.277e-09 -7.503e-10 -3.937e-08 -1.109e+04 -1.249e+05 -3.535e+05  1.184e+05 
 -7.503e-10  6.255e-09  6.960e-07  2.760e+05  3.107e+06  8.846e+06 -2.969e+06 
 -3.937e-08  6.960e-07  1.949e-01 -2.581e+10 -2.905e+11 -8.301e+11  2.763e+11 
 -1.109e+04  2.760e+05 -2.581e+10  3.518e+21  3.960e+22  1.131e+23 -3.767e+22 
 -1.249e+05  3.107e+06 -2.905e+11  3.960e+22  4.457e+23  1.273e+24 -4.240e+23 
 -3.535e+05  8.846e+06 -8.301e+11  1.131e+23  1.273e+24  3.638e+24 -1.211e+24 
  1.184e+05 -2.969e+06  2.763e+11 -3.767e+22 -4.240e+23 -1.211e+24  4.033e+23 
ERR MATRIX APPROXIMATE
 PARAMETER  CORRELATION COEFFICIENTS  
       NO.  GLOBAL     13     14     20     21     22     23     24
       13  0.13923   1.000 -0.131 -0.001 -0.003 -0.003 -0.003  0.003
       14  0.48240  -0.131  1.000  0.020  0.059  0.059  0.059 -0.059
       20  0.99190  -0.001  0.020  1.000 -0.986 -0.986 -0.986  0.986
       21  1.00000  -0.003  0.059 -0.986  1.000  1.000  1.000 -1.000
       22  1.00000  -0.003  0.059 -0.986  1.000  1.000  1.000 -1.000
       23  1.00000  -0.003  0.059 -0.986  1.000  1.000  1.000 -1.000
