 + ++++++++++++++++++++++++++++++++++++++++++++++++++++++++++++++++++++ +
 +                                                                      +
 +           You have chose to blind your fitting according to          +
 +                omega_ref * (1 + (R +/- deltaR) *10^{-6})             +
 +                                                                      +
 + ++++++++++++++++++++++++++++++++++++++++++++++++++++++++++++++++++++ +
In main()...
reading format from /gm2data/zkhechad/run45/envelope/formats/formatB_sBin_constraintOn.txt
pBinTau 	= 0  
pBinPhi 	= 0  
constraintau 	= 1 
includeMopTerm 	= 0    
constrainMop    = 0   
Parameters after format file: pBinTau 0 pBinPhi 0 constraintau 1 includeMopTerm 0 constrainMop 0 c_e_scale 0.000000 
Opening file /gm2data/tbarrett/gm2fr/studies/run23_bunch_corrections/CorrectedFourier_Run3b.root.
reading full fit data from /gm2data/zkhechad/cboTemplates/Run4CBOTemplates/templateFits0_v2.0/noRF/sBin_constraintOn_cE0.0_seed0_noRF_calo12.root
windowBins = 69
fitting sliding window 630 from bin 766 at 114.138000 to bin 835 at 124.582000 (69 bins)

Reading data from /gm2data/cornell/histograms/aMethod/histogram_a_noRF.root
 **********
 **    1 **SET PRINTOUT            1
 **********
 **********
 **    2 **SET NOWARNINGS 
 **********
 PARAMETER DEFINITIONS:
    NO.   NAME         VALUE      STEP SIZE      LIMITS
     1 N0           3.55039e+06  1.00000e+02     no limits
     2 tau          6.43775e+01  constant
     3 A0           3.53586e-01  1.00000e-04     no limits
     4 phi          4.11784e+00  1.00000e-02     no limits
     5 R           -5.99595e+01  constant
     6 alpha_CBO    0.00000e+00  1.00000e-03     no limits
     7 w_CBO        2.32500e+00  constant
     8 beta_CBO     0.00000e+00  1.00000e-03     no limits
     9 alpha_2CBO   0.00000e+00  1.00000e-03     no limits
    10 beta_2CBO    0.00000e+00  1.00000e-03     no limits
    11 alpha_y      0.00000e+00  1.00000e-03     no limits
    12 w_y          1.44500e+01  constant
    13 beta_y       0.00000e+00  1.00000e-03     no limits
    14 alpha_vw     0.00000e+00  1.00000e-03     no limits
    15 w_vw         1.29000e+01  constant
    16 beta_vw      0.00000e+00  1.00000e-03     no limits
    17 LM          -9.22867e-04  constant
    18 zeta_y       0.00000e+00  constant
    19 zeta_vw      0.00000e+00  constant
    20 T_CBO        1.00000e+02  1.00000e+00    0.00000e+00  1.00000e+03
    21 alpha_A0     0.00000e+00  1.00000e-03     no limits
    22 beta_A0      0.00000e+00  1.00000e-03     no limits
    23 alpha_phi    0.00000e+00  1.00000e-03     no limits
    24 beta_phi     0.00000e+00  1.00000e-03     no limits
MINUIT - FIT ONLY WIGGLE
 **********
 **    3 **FIX            5
 **********
 PARAMETER    5  IS CONSTANT.   IGNORED.
 **********
 **    4 **FIX            6
 **********
 **********
 **    5 **FIX            7
 **********
 PARAMETER    7  IS CONSTANT.   IGNORED.
 **********
 **    6 **FIX            8
 **********
 **********
 **    7 **FIX            9
 **********
 **********
 **    8 **FIX           10
 **********
 **********
 **    9 **FIX           11
 **********
 **********
 **   10 **FIX           12
 **********
 PARAMETER   12  IS CONSTANT.   IGNORED.
 **********
 **   11 **FIX           13
 **********
 **********
 **   12 **FIX           14
 **********
 **********
 **   13 **FIX           15
 **********
 PARAMETER   15  IS CONSTANT.   IGNORED.
 **********
 **   14 **FIX           16
 **********
 **********
 **   15 **MIGRAD
 **********
 FIRST CALL TO USER FUNCTION AT NEW START POINT, WITH IFLAG=4.
 START MIGRAD MINIMIZATION.  STRATEGY  1.  CONVERGENCE WHEN EDM .LT. 1.00e-04
 FCN=1254.48 FROM MIGRAD    STATUS=INITIATE      435 CALLS         436 TOTAL
                     EDM= unknown      STRATEGY= 1      NO ERROR MATRIX       
  EXT PARAMETER               CURRENT GUESS       STEP         FIRST   
  NO.   NAME      VALUE            ERROR          SIZE      DERIVATIVE 
   1  N0           3.55039e+06   1.00000e+02   0.00000e+00  -1.90250e-02
   2  tau          6.43775e+01   constant   
   3  A0           3.53586e-01   1.00000e-04   0.00000e+00  -5.64046e+04
   4  phi          4.11784e+00   1.00000e-02   0.00000e+00   2.65034e+04
   5  R           -5.99595e+01   constant   
   6  alpha_CBO    0.00000e+00     fixed    
   7  w_CBO        2.32500e+00   constant   
   8  beta_CBO     0.00000e+00     fixed    
   9  alpha_2CBO   0.00000e+00     fixed    
  10  beta_2CBO    0.00000e+00     fixed    
  11  alpha_y      0.00000e+00     fixed    
  12  w_y          1.44500e+01   constant   
  13  beta_y       0.00000e+00     fixed    
  14  alpha_vw     0.00000e+00     fixed    
  15  w_vw         1.29000e+01   constant   
  16  beta_vw      0.00000e+00     fixed    
  17  LM          -9.22867e-04   constant   
  18  zeta_y       0.00000e+00   constant   
  19  zeta_vw      0.00000e+00   constant   
  20  T_CBO        1.00000e+02   1.00000e+00   0.00000e+00   0.00000e+00
  21  alpha_A0     0.00000e+00   1.00000e-03   0.00000e+00   1.79813e+03
  22  beta_A0      0.00000e+00   1.00000e-03   0.00000e+00  -7.42537e+03
  23  alpha_phi    0.00000e+00   1.00000e-03   0.00000e+00  -2.43272e+03
  24  beta_phi     0.00000e+00   1.00000e-03   0.00000e+00  -8.77647e+03
 CALL LIMIT EXCEEDED IN MIGRAD.
 MIGRAD TERMINATED WITHOUT CONVERGENCE.
 FCN=1069.7 FROM MIGRAD    STATUS=CALL LIMIT   1324 CALLS        1325 TOTAL
                     EDM=0.00117839    STRATEGY= 1  ERROR MATRIX UNCERTAINTY   0.2 per cent
  EXT PARAMETER                APPROXIMATE        STEP         FIRST   
  NO.   NAME      VALUE            ERROR          SIZE      DERIVATIVE 
   1  N0           3.55099e+06   3.57913e+02   1.51476e+00  -2.38338e-05
   2  tau          6.43775e+01   constant   
   3  A0           3.54306e-01   1.34929e-04  -1.41879e-06   5.51260e+01
   4  phi          4.11533e+00   4.00694e-04  -6.35603e-06  -5.12196e+01
   5  R           -5.99595e+01   constant   
   6  alpha_CBO    0.00000e+00     fixed    
   7  w_CBO        2.32500e+00   constant   
   8  beta_CBO     0.00000e+00     fixed    
   9  alpha_2CBO   0.00000e+00     fixed    
  10  beta_2CBO    0.00000e+00     fixed    
  11  alpha_y      0.00000e+00     fixed    
  12  w_y          1.44500e+01   constant   
  13  beta_y       0.00000e+00     fixed    
  14  alpha_vw     0.00000e+00     fixed    
  15  w_vw         1.29000e+01   constant   
  16  beta_vw      0.00000e+00     fixed    
  17  LM          -9.22867e-04   constant   
  18  zeta_y       0.00000e+00   constant   
  19  zeta_vw      0.00000e+00   constant   
  20  T_CBO        7.36776e+02   6.42197e+02   1.38961e-01  -8.26693e-02
  21  alpha_A0    -2.37687e-03   1.27365e-03   5.27624e-05   4.71205e+01
  22  beta_A0      3.95588e-03   1.82766e-03  -7.88212e-05  -6.04262e+01
  23  alpha_phi    2.78216e-03   1.35255e-03  -4.33260e-05  -1.31609e+01
  24  beta_phi     5.56488e-03   2.42544e-03  -9.16790e-05  -3.14215e+01
 EXTERNAL ERROR MATRIX.    NDIM=  25    NPAR=  8    ERR DEF=1
  1.281e+05  3.800e-03  2.076e-02  1.233e+04  1.420e-02 -6.314e-02 -6.512e-02  9.589e-04 
  3.800e-03  1.821e-08 -3.862e-09 -1.636e-04 -4.979e-09 -1.168e-08  9.315e-09  4.394e-09 
  2.076e-02 -3.862e-09  1.606e-07 -3.432e-02  3.881e-08  5.203e-09 -2.645e-08  2.436e-08 
  1.233e+04 -1.636e-04 -3.432e-02  2.430e+06  1.596e+00 -2.614e+00 -1.726e+00 -3.612e+00 
  1.420e-02 -4.979e-09  3.881e-08  1.596e+00  1.622e-06 -1.621e-06 -1.270e-06 -2.333e-06 
 -6.314e-02 -1.168e-08  5.203e-09 -2.614e+00 -1.621e-06  3.340e-06  1.894e-06  3.751e-06 
 -6.512e-02  9.315e-09 -2.645e-08 -1.726e+00 -1.270e-06  1.894e-06  1.829e-06  2.548e-06 
  9.589e-04  4.394e-09  2.436e-08 -3.612e+00 -2.333e-06  3.751e-06  2.548e-06  5.883e-06 
ERR MATRIX APPROXIMATE
 PARAMETER  CORRELATION COEFFICIENTS  
       NO.  GLOBAL      1      3      4     20     21     22     23     24
        1  0.30201   1.000  0.079  0.145  0.022  0.031 -0.097 -0.135  0.001
        3  0.19004   0.079  1.000 -0.071 -0.001 -0.029 -0.047  0.051  0.013
        4  0.33944   0.145 -0.071  1.000 -0.055  0.076  0.007 -0.049  0.025
       20  0.98346   0.022 -0.001 -0.055  1.000  0.804 -0.918 -0.818 -0.955
       21  0.83516   0.031 -0.029  0.076  0.804  1.000 -0.696 -0.737 -0.755
       22  0.93245  -0.097 -0.047  0.007 -0.918 -0.696  1.000  0.766  0.846
       23  0.84103  -0.135  0.051 -0.049 -0.818 -0.737  0.766  1.000  0.777
       24  0.96024   0.001  0.013  0.025 -0.955 -0.755  0.846  0.777  1.000
 ERR MATRIX APPROXIMATE
MINUIT - FIT ONLY 1-CBO + wiggle
 **********
 **   16 **RES 
 **********
                   PARAMETER   16  beta_vw RESTORED TO VARIABLE.
                   PARAMETER   14  alpha_vw RESTORED TO VARIABLE.
                   PARAMETER   13  beta_y RESTORED TO VARIABLE.
                   PARAMETER   11  alpha_y RESTORED TO VARIABLE.
                   PARAMETER   10  beta_2CBO RESTORED TO VARIABLE.
                   PARAMETER    9  alpha_2CBO RESTORED TO VARIABLE.
                   PARAMETER    8  beta_CBO RESTORED TO VARIABLE.
                   PARAMETER    6  alpha_CBO RESTORED TO VARIABLE.
 **********
 **   17 **FIX            8
 **********
 **********
 **   18 **FIX            9
 **********
 **********
 **   19 **FIX           11
 **********
 **********
 **   20 **FIX           12
 **********
 PARAMETER   12  IS CONSTANT.   IGNORED.
 **********
 **   21 **FIX           14
 **********
 **********
 **   22 **FIX           15
 **********
 PARAMETER   15  IS CONSTANT.   IGNORED.
 **********
 **   23 **FIX           16
 **********
 **********
 **   24 **MIGRAD
 **********
 START MIGRAD MINIMIZATION.  STRATEGY  1.  CONVERGENCE WHEN EDM .LT. 1.00e-04
 FCN=1069.7 FROM MIGRAD    STATUS=INITIATE       28 CALLS        1353 TOTAL
                     EDM= unknown      STRATEGY= 1      NO ERROR MATRIX       
  EXT PARAMETER               CURRENT GUESS       STEP         FIRST   
  NO.   NAME      VALUE            ERROR          SIZE      DERIVATIVE 
   1  N0           3.55099e+06   3.57913e+02   1.51476e+00  -2.38338e-05
   2  tau          6.43775e+01   constant   
   3  A0           3.54306e-01   1.34929e-04  -1.41879e-06   5.51260e+01
   4  phi          4.11533e+00   4.00694e-04  -6.35603e-06  -5.12196e+01
   5  R           -5.99595e+01   constant   
   6  alpha_CBO    0.00000e+00   1.00000e-03   1.00000e-03  -1.75802e+05
   7  w_CBO        2.32500e+00   constant   
   8  beta_CBO     0.00000e+00     fixed    
   9  alpha_2CBO   0.00000e+00     fixed    
  10  beta_2CBO    0.00000e+00   1.00000e-03   1.00000e-03  -1.51931e+04
  11  alpha_y      0.00000e+00     fixed    
  12  w_y          1.44500e+01   constant   
  13  beta_y       0.00000e+00   1.00000e-03   1.00000e-03   3.62379e+04
  14  alpha_vw     0.00000e+00     fixed    
  15  w_vw         1.29000e+01   constant   
  16  beta_vw      0.00000e+00     fixed    
  17  LM          -9.22867e-04   constant   
  18  zeta_y       0.00000e+00   constant   
  19  zeta_vw      0.00000e+00   constant   
  20  T_CBO        7.36776e+02   6.42197e+02   1.38961e-01  -8.28150e-02
  21  alpha_A0    -2.37687e-03   1.27365e-03   5.27624e-05   4.71205e+01
  22  beta_A0      3.95588e-03   1.82766e-03  -7.88212e-05  -6.04262e+01
  23  alpha_phi    2.78216e-03   1.35255e-03  -4.33260e-05  -1.31609e+01
  24  beta_phi     5.56488e-03   2.42544e-03  -9.16790e-05  -3.14215e+01
 MIGRAD MINIMIZATION HAS CONVERGED.
 FCN=886.958 FROM MIGRAD    STATUS=CONVERGED     657 CALLS        1982 TOTAL
                     EDM=5.67591e-06    STRATEGY= 1  ERROR MATRIX UNCERTAINTY   0.5 per cent
  EXT PARAMETER                                   STEP         FIRST   
  NO.   NAME      VALUE            ERROR          SIZE      DERIVATIVE 
   1  N0           3.55082e+06   3.71689e+02   3.99978e-01   2.66658e-06
   2  tau          6.43775e+01   constant   
   3  A0           3.53893e-01   1.37788e-04   2.22648e-07   1.64734e+00
   4  phi          4.11538e+00   3.95498e-04  -9.80901e-07   1.86499e-01
   5  R           -5.99595e+01   constant   
   6  alpha_CBO    1.98415e-03   1.50092e-04  -8.49674e-08  -4.78858e-01
   7  w_CBO        2.32500e+00   constant   
   8  beta_CBO     0.00000e+00     fixed    
   9  alpha_2CBO   0.00000e+00     fixed    
  10  beta_2CBO    2.64291e-04   1.39726e-04  -4.48424e-08   1.41639e+00
  11  alpha_y      0.00000e+00     fixed    
  12  w_y          1.44500e+01   constant   
  13  beta_y      -3.50652e-04   1.44560e-04  -2.67557e-07  -1.47495e-01
  14  alpha_vw     0.00000e+00     fixed    
  15  w_vw         1.29000e+01   constant   
  16  beta_vw      0.00000e+00     fixed    
  17  LM          -9.22867e-04   constant   
  18  zeta_y       0.00000e+00   constant   
  19  zeta_vw      0.00000e+00   constant   
  20  T_CBO        9.99862e+02   7.37500e+02   4.25303e-02  -3.88133e-04
  21  alpha_A0    -8.65216e-04   6.26910e-04  -1.05141e-06   4.82579e-01
  22  beta_A0      3.68491e-03   7.41987e-04   1.60310e-07   5.76607e-01
  23  alpha_phi    3.23470e-03   6.74862e-04   1.85695e-06   6.31552e-01
  24  beta_phi     4.85459e-03   7.38986e-04   1.50248e-06  -1.66719e-01
 EXTERNAL ERROR MATRIX.    NDIM=  25    NPAR= 11    ERR DEF=1
  1.382e+05 
  6.176e-03  1.899e-08 
  2.091e-02 -2.588e-09  1.564e-07 
 -2.089e-03 -4.686e-09  3.982e-10  2.253e-08 
 -2.887e-04 -7.643e-10 -1.423e-09  1.272e-09  1.952e-08 
  2.520e-04 -4.614e-10 -5.131e-10  4.015e-10 -1.936e-10  2.090e-08 
  5.050e+03  2.733e-03 -9.873e-03 -9.298e-04 -3.513e-04 -2.811e-03  2.737e+04 
  2.338e-03 -1.101e-08  2.465e-08  1.631e-08 -8.632e-09 -2.701e-09  1.770e-03  3.930e-07 
 -5.406e-02 -1.152e-08  6.517e-09  4.299e-10 -2.776e-09  4.209e-09 -5.168e-02 -2.746e-08  5.505e-07 
 -5.967e-02  5.015e-09  2.010e-09  8.882e-09  2.428e-09  7.130e-09 -2.650e-02 -5.198e-08  8.514e-08  4.554e-07 
 -1.034e-02 -2.415e-10  8.557e-09 -2.323e-09 -9.240e-09  5.941e-09 -5.273e-02 -3.049e-08  1.485e-07  1.283e-07  5.461e-07 
 PARAMETER  CORRELATION COEFFICIENTS  
       NO.  GLOBAL      1      3      4      6     10     13     20     21     22     23     24
        1  0.35106   1.000  0.121  0.142 -0.037 -0.006  0.005  0.082  0.010 -0.196 -0.238 -0.038
        3  0.32403   0.121  1.000 -0.047 -0.227 -0.040 -0.023  0.120 -0.127 -0.113  0.054 -0.002
        4  0.24885   0.142 -0.047  1.000  0.007 -0.026 -0.009 -0.151  0.099  0.022  0.008  0.029
        6  0.30542  -0.037 -0.227  0.007  1.000  0.061  0.019 -0.037  0.173  0.004  0.088 -0.021
       10  0.17898  -0.006 -0.040 -0.026  0.061  1.000 -0.010 -0.015 -0.099 -0.027  0.026 -0.089
       13  0.13762   0.005 -0.023 -0.009  0.019 -0.010  1.000 -0.118 -0.030  0.039  0.073  0.056
       20  0.57410   0.082  0.120 -0.151 -0.037 -0.015 -0.118  1.000  0.017 -0.421 -0.237 -0.431
       21  0.28530   0.010 -0.127  0.099  0.173 -0.099 -0.030  0.017  1.000 -0.059 -0.123 -0.066
       22  0.46944  -0.196 -0.113  0.022  0.004 -0.027  0.039 -0.421 -0.059  1.000  0.170  0.271
       23  0.41269  -0.238  0.054  0.008  0.088  0.026  0.073 -0.237 -0.123  0.170  1.000  0.257
       24  0.48497  -0.038 -0.002  0.029 -0.021 -0.089  0.056 -0.431 -0.066  0.271  0.257  1.000
MINUIT - FIT ONLY 2-CBO
 **********
 **   25 **RES 
 **********
                   PARAMETER   16  beta_vw RESTORED TO VARIABLE.
                   PARAMETER   14  alpha_vw RESTORED TO VARIABLE.
                   PARAMETER   11  alpha_y RESTORED TO VARIABLE.
                   PARAMETER    9  alpha_2CBO RESTORED TO VARIABLE.
                   PARAMETER    8  beta_CBO RESTORED TO VARIABLE.
 **********
 **   26 **FIX            0
 **********
 PARAMETER    0  IS UNDEFINED. IGNORED.
 **********
 **   27 **FIX            1
 **********
 **********
 **   28 **FIX            2
 **********
 PARAMETER    2  IS CONSTANT.   IGNORED.
 **********
 **   29 **FIX            3
 **********
 **********
 **   30 **FIX            4
 **********
 **********
 **   31 **FIX            5
 **********
 PARAMETER    5  IS CONSTANT.   IGNORED.
 **********
 **   32 **FIX            6
 **********
 **********
 **   33 **FIX            7
 **********
 PARAMETER    7  IS CONSTANT.   IGNORED.
 **********
 **   34 **FIX           10
 **********
 **********
 **   35 **FIX           11
 **********
 **********
 **   36 **FIX           12
 **********
 PARAMETER   12  IS CONSTANT.   IGNORED.
 **********
 **   37 **FIX           13
 **********
 **********
 **   38 **FIX           14
 **********
 **********
 **   39 **FIX           15
 **********
 PARAMETER   15  IS CONSTANT.   IGNORED.
 **********
 **   40 **FIX           16
 **********
 **********
 **   41 **MIGRAD
 **********
 START MIGRAD MINIMIZATION.  STRATEGY  1.  CONVERGENCE WHEN EDM .LT. 1.00e-04
 FCN=886.958 FROM MIGRAD    STATUS=INITIATE       18 CALLS        2000 TOTAL
                     EDM= unknown      STRATEGY= 1      NO ERROR MATRIX       
  EXT PARAMETER               CURRENT GUESS       STEP         FIRST   
  NO.   NAME      VALUE            ERROR          SIZE      DERIVATIVE 
   1  N0           3.55082e+06     fixed    
   2  tau          6.43775e+01   constant   
   3  A0           3.53893e-01     fixed    
   4  phi          4.11538e+00     fixed    
   5  R           -5.99595e+01   constant   
   6  alpha_CBO    1.98415e-03     fixed    
   7  w_CBO        2.32500e+00   constant   
   8  beta_CBO     0.00000e+00   1.00000e-03   1.00000e-03   3.77828e+05
   9  alpha_2CBO   0.00000e+00   1.00000e-03   1.00000e-03   9.06545e+03
  10  beta_2CBO    2.64291e-04     fixed    
  11  alpha_y      0.00000e+00     fixed    
  12  w_y          1.44500e+01   constant   
  13  beta_y      -3.50652e-04     fixed    
  14  alpha_vw     0.00000e+00     fixed    
  15  w_vw         1.29000e+01   constant   
  16  beta_vw      0.00000e+00     fixed    
  17  LM          -9.22867e-04   constant   
  18  zeta_y       0.00000e+00   constant   
  19  zeta_vw      0.00000e+00   constant   
  20  T_CBO        9.99862e+02   7.37500e+02   4.25303e-02  -5.18590e-04
  21  alpha_A0    -8.65216e-04   6.26910e-04  -1.05141e-06   4.82578e-01
  22  beta_A0      3.68491e-03   7.41987e-04   1.60310e-07   5.76613e-01
  23  alpha_phi    3.23470e-03   6.74862e-04   1.85695e-06   6.31551e-01
  24  beta_phi     4.85459e-03   7.38986e-04   1.50248e-06  -1.66718e-01
 CALL LIMIT EXCEEDED IN MIGRAD.
 MIGRAD TERMINATED WITHOUT CONVERGENCE.
 FCN=107.165 FROM MIGRAD    STATUS=CALL LIMIT   1162 CALLS        3144 TOTAL
                     EDM=0.000922065    STRATEGY= 1  ERROR MATRIX UNCERTAINTY  16.7 per cent
  EXT PARAMETER                APPROXIMATE        STEP         FIRST   
  NO.   NAME      VALUE            ERROR          SIZE      DERIVATIVE 
   1  N0           3.55082e+06     fixed    
   2  tau          6.43775e+01   constant   
   3  A0           3.53893e-01     fixed    
   4  phi          4.11538e+00     fixed    
   5  R           -5.99595e+01   constant   
   6  alpha_CBO    1.98415e-03     fixed    
   7  w_CBO        2.32500e+00   constant   
   8  beta_CBO    -4.12537e-03   1.41878e-04   1.18284e-06   1.79265e+02
   9  alpha_2CBO  -3.22550e-05   1.40929e-04  -9.11770e-07  -8.72472e+01
  10  beta_2CBO    2.64291e-04     fixed    
  11  alpha_y      0.00000e+00     fixed    
  12  w_y          1.44500e+01   constant   
  13  beta_y      -3.50652e-04     fixed    
  14  alpha_vw     0.00000e+00     fixed    
  15  w_vw         1.29000e+01   constant   
  16  beta_vw      0.00000e+00     fixed    
  17  LM          -9.22867e-04   constant   
  18  zeta_y       0.00000e+00   constant   
  19  zeta_vw      0.00000e+00   constant   
  20  T_CBO        3.48002e+01   1.85086e+01  -3.51216e-03  -3.93916e+00
  21  alpha_A0    -1.42229e-02   3.33477e-02  -1.25027e-03  -5.73371e+00
  22  beta_A0      3.54242e-02   5.22464e-02   1.91942e-03  -6.90985e+00
  23  alpha_phi    9.32738e-02   1.59309e-01   5.86789e-03  -2.10213e+00
  24  beta_phi     6.33969e-02   1.07240e-01   3.93735e-03   1.09665e+00
 EXTERNAL ERROR MATRIX.    NDIM=  25    NPAR=  7    ERR DEF=1
  2.013e-08 -6.217e-10  3.103e-04  4.101e-07 -6.605e-07 -2.019e-06 -1.349e-06 
 -6.217e-10  1.986e-08  1.899e-04  4.030e-07 -6.370e-07 -2.003e-06 -1.350e-06 
  3.103e-04  1.899e-04  3.437e+02  6.034e-01 -9.609e-01 -2.927e+00 -1.971e+00 
  4.101e-07  4.030e-07  6.034e-01  1.112e-03 -1.730e-03 -5.268e-03 -3.538e-03 
 -6.605e-07 -6.370e-07 -9.609e-01 -1.730e-03  2.730e-03  8.319e-03  5.598e-03 
 -2.019e-06 -2.003e-06 -2.927e+00 -5.268e-03  8.319e-03  2.538e-02  1.708e-02 
 -1.349e-06 -1.350e-06 -1.971e+00 -3.538e-03  5.598e-03  1.708e-02  1.150e-02 
ERR MATRIX APPROXIMATE
 PARAMETER  CORRELATION COEFFICIENTS  
       NO.  GLOBAL      8      9     20     21     22     23     24
        8  0.33442   1.000 -0.031  0.118  0.087 -0.089 -0.089 -0.089
        9  0.16454  -0.031  1.000  0.073  0.086 -0.087 -0.089 -0.089
       20  0.99588   0.118  0.073  1.000  0.976 -0.992 -0.991 -0.992
       21  0.99881   0.087  0.086  0.976  1.000 -0.993 -0.992 -0.989
       22  0.99977  -0.089 -0.087 -0.992 -0.993  1.000  1.000  0.999
       23  0.99998  -0.089 -0.089 -0.991 -0.992  1.000  1.000  1.000
       24  0.99997  -0.089 -0.089 -0.992 -0.989  0.999  1.000  1.000
 ERR MATRIX APPROXIMATE
MINUIT - FIT wiggle + 1-CBO + 2-CBO
 **********
 **   42 **RES 
 **********
                   PARAMETER   16  beta_vw RESTORED TO VARIABLE.
                   PARAMETER   14  alpha_vw RESTORED TO VARIABLE.
                   PARAMETER   13  beta_y RESTORED TO VARIABLE.
                   PARAMETER   11  alpha_y RESTORED TO VARIABLE.
                   PARAMETER   10  beta_2CBO RESTORED TO VARIABLE.
                   PARAMETER    6  alpha_CBO RESTORED TO VARIABLE.
                   PARAMETER    4  phi RESTORED TO VARIABLE.
                   PARAMETER    3  A0 RESTORED TO VARIABLE.
                   PARAMETER    1  N0 RESTORED TO VARIABLE.
 **********
 **   43 **FIX           10
 **********
 **********
 **   44 **FIX           11
 **********
 **********
 **   45 **FIX           12
 **********
 PARAMETER   12  IS CONSTANT.   IGNORED.
 **********
 **   46 **FIX           13
 **********
 **********
 **   47 **FIX           14
 **********
 **********
 **   48 **FIX           15
 **********
 PARAMETER   15  IS CONSTANT.   IGNORED.
 **********
 **   49 **FIX           16
 **********
 **********
 **   50 **MIGRAD
 **********
 START MIGRAD MINIMIZATION.  STRATEGY  1.  CONVERGENCE WHEN EDM .LT. 1.00e-04
 FCN=107.165 FROM MIGRAD    STATUS=INITIATE       22 CALLS        3166 TOTAL
                     EDM= unknown      STRATEGY= 1      NO ERROR MATRIX       
  EXT PARAMETER               CURRENT GUESS       STEP         FIRST   
  NO.   NAME      VALUE            ERROR          SIZE      DERIVATIVE 
   1  N0           3.55082e+06   3.71689e+02   3.71689e+02   7.13735e-03
   2  tau          6.43775e+01   constant   
   3  A0           3.53893e-01   1.37788e-04   1.37788e-04   3.11702e+04
   4  phi          4.11538e+00   3.95498e-04   3.95498e-04  -2.90292e+04
   5  R           -5.99595e+01   constant   
   6  alpha_CBO    1.98415e-03   1.50092e-04   1.50092e-04   1.01213e+04
   7  w_CBO        2.32500e+00   constant   
   8  beta_CBO    -4.12537e-03   1.41878e-04   1.18284e-06   1.79265e+02
   9  alpha_2CBO  -3.22550e-05   1.40929e-04  -9.11770e-07  -8.72472e+01
  10  beta_2CBO    2.64291e-04     fixed    
  11  alpha_y      0.00000e+00     fixed    
  12  w_y          1.44500e+01   constant   
  13  beta_y      -3.50652e-04     fixed    
  14  alpha_vw     0.00000e+00     fixed    
  15  w_vw         1.29000e+01   constant   
  16  beta_vw      0.00000e+00     fixed    
  17  LM          -9.22867e-04   constant   
  18  zeta_y       0.00000e+00   constant   
  19  zeta_vw      0.00000e+00   constant   
  20  T_CBO        3.48002e+01   1.85086e+01  -3.51216e-03  -3.93918e+00
  21  alpha_A0    -1.42229e-02   3.33477e-02  -1.25027e-03  -5.73371e+00
  22  beta_A0      3.54242e-02   5.22464e-02   1.91942e-03  -6.90985e+00
  23  alpha_phi    9.32738e-02   1.59309e-01   5.86789e-03  -2.10213e+00
  24  beta_phi     6.33969e-02   1.07240e-01   3.93735e-03   1.09665e+00
 CALL LIMIT EXCEEDED IN MIGRAD.
 MIGRAD TERMINATED WITHOUT CONVERGENCE.
 FCN=63.8272 FROM MIGRAD    STATUS=CALL LIMIT   1919 CALLS        5063 TOTAL
                     EDM=0.00549986    STRATEGY= 1  ERROR MATRIX UNCERTAINTY   1.9 per cent
  EXT PARAMETER                APPROXIMATE        STEP         FIRST   
  NO.   NAME      VALUE            ERROR          SIZE      DERIVATIVE 
   1  N0           3.55049e+06   3.64531e+02  -3.68519e+00  -1.01627e-04
   2  tau          6.43775e+01   constant   
   3  A0           3.53458e-01   1.37467e-04   9.97413e-08   4.55265e+01
   4  phi          4.11783e+00   4.16298e-04  -5.37233e-06  -4.64941e+01
   5  R           -5.99595e+01   constant   
   6  alpha_CBO    1.97444e-03   1.53025e-04   2.33286e-06   1.49258e+02
   7  w_CBO        2.32500e+00   constant   
   8  beta_CBO    -4.35831e-03   1.50705e-04   1.49039e-06   1.59905e+02
   9  alpha_2CBO   3.57513e-05   1.43915e-04  -1.68340e-06  -1.96646e+02
  10  beta_2CBO    2.64291e-04     fixed    
  11  alpha_y      0.00000e+00     fixed    
  12  w_y          1.44500e+01   constant   
  13  beta_y      -3.50652e-04     fixed    
  14  alpha_vw     0.00000e+00     fixed    
  15  w_vw         1.29000e+01   constant   
  16  beta_vw      0.00000e+00     fixed    
  17  LM          -9.22867e-04   constant   
  18  zeta_y       0.00000e+00   constant   
  19  zeta_vw      0.00000e+00   constant   
  20  T_CBO        1.32542e+01   2.38036e+00  -1.18802e-03  -4.74870e+01
  21  alpha_A0     1.54635e+00   2.56880e+00   1.48952e-01  -5.74559e-03
  22  beta_A0      1.01350e+01   1.50365e+01   8.72017e-01  -1.64665e-02
  23  alpha_phi    2.07049e+01   3.07432e+01   1.78299e+00  -4.73442e-02
  24  beta_phi     1.24097e+01   1.79181e+01   1.03919e+00   4.03250e-02
 EXTERNAL ERROR MATRIX.    NDIM=  25    NPAR= 11    ERR DEF=1
  1.329e+05 
  3.496e-03  1.890e-08 
  2.140e-02 -6.146e-09  1.733e-07 
 -2.175e-03 -4.458e-09  5.245e-10  2.342e-08 
 -7.771e-04  1.708e-09 -1.507e-08  6.770e-10  2.271e-08 
  4.112e-03  2.316e-10  5.910e-09 -1.504e-09 -2.193e-09  2.071e-08 
  4.111e+01  4.089e-05 -4.405e-05 -1.434e-05  1.502e-05  2.744e-06  5.667e+00 
 -8.675e+01 -4.148e-05  3.068e-06  2.902e-05 -8.097e-07 -1.864e-05 -6.074e+00  6.599e+00 
 -5.024e+02 -2.411e-04  1.844e-05  1.632e-04 -6.147e-06 -1.061e-04 -3.557e+01  3.862e+01  2.261e+02 
 -1.028e+03 -4.927e-04  3.601e-05  3.343e-04 -1.266e-05 -2.178e-04 -7.273e+01  7.897e+01  4.623e+02  9.451e+02 
 -5.971e+02 -2.875e-04  2.326e-05  1.935e-04 -8.034e-06 -1.254e-04 -4.240e+01  4.603e+01  2.694e+02  5.509e+02  3.211e+02 
ERR MATRIX APPROXIMATE
 PARAMETER  CORRELATION COEFFICIENTS  
       NO.  GLOBAL      1      3      4      6      8      9     20     21     22     23     24
        1  0.49838   1.000  0.070  0.141 -0.039 -0.014  0.078  0.047 -0.093 -0.092 -0.092 -0.091
        3  0.33588   0.070  1.000 -0.107 -0.212  0.082  0.012  0.125 -0.117 -0.117 -0.117 -0.117
        4  0.45914   0.141 -0.107  1.000  0.008 -0.240  0.099 -0.044  0.003  0.003  0.003  0.003
        6  0.42927  -0.039 -0.212  0.008  1.000  0.029 -0.068 -0.039  0.074  0.071  0.071  0.071
        8  0.44183  -0.014  0.082 -0.240  0.029  1.000 -0.101  0.042 -0.002 -0.003 -0.003 -0.003
        9  0.40778   0.078  0.012  0.099 -0.068 -0.101  1.000  0.008 -0.050 -0.049 -0.049 -0.049
       20  0.99818   0.047  0.125 -0.044 -0.039  0.042  0.008  1.000 -0.993 -0.994 -0.994 -0.994
       21  0.99997  -0.093 -0.117  0.003  0.074 -0.002 -0.050 -0.993  1.000  1.000  1.000  1.000
       22  1.00000  -0.092 -0.117  0.003  0.071 -0.003 -0.049 -0.994  1.000  1.000  1.000  1.000
       23  1.00000  -0.092 -0.117  0.003  0.071 -0.003 -0.049 -0.994  1.000  1.000  1.000  1.000
       24  1.00000  -0.091 -0.117  0.003  0.071 -0.003 -0.049 -0.994  1.000  1.000  1.000  1.000
 ERR MATRIX APPROXIMATE
MINUIT - FIT ONLY 1-y
 **********
 **   51 **RES 
 **********
                   PARAMETER   16  beta_vw RESTORED TO VARIABLE.
                   PARAMETER   14  alpha_vw RESTORED TO VARIABLE.
                   PARAMETER   13  beta_y RESTORED TO VARIABLE.
                   PARAMETER   11  alpha_y RESTORED TO VARIABLE.
                   PARAMETER   10  beta_2CBO RESTORED TO VARIABLE.
 **********
 **   52 **FIX            0
 **********
 PARAMETER    0  IS UNDEFINED. IGNORED.
 **********
 **   53 **FIX            1
 **********
 **********
 **   54 **FIX            2
 **********
 PARAMETER    2  IS CONSTANT.   IGNORED.
 **********
 **   55 **FIX            3
 **********
 **********
 **   56 **FIX            4
 **********
 **********
 **   57 **FIX            5
 **********
 PARAMETER    5  IS CONSTANT.   IGNORED.
 **********
 **   58 **FIX            6
 **********
 **********
 **   59 **FIX            7
 **********
 PARAMETER    7  IS CONSTANT.   IGNORED.
 **********
 **   60 **FIX            8
 **********
 **********
 **   61 **FIX            9
 **********
 **********
 **   62 **FIX           13
 **********
 **********
 **   63 **FIX           14
 **********
 **********
 **   64 **FIX           15
 **********
 PARAMETER   15  IS CONSTANT.   IGNORED.
 **********
 **   65 **FIX           16
 **********
 **********
 **   66 **MIGRAD
 **********
 START MIGRAD MINIMIZATION.  STRATEGY  1.  CONVERGENCE WHEN EDM .LT. 1.00e-04
 FCN=63.8272 FROM MIGRAD    STATUS=INITIATE       16 CALLS        5079 TOTAL
                     EDM= unknown      STRATEGY= 1      NO ERROR MATRIX       
  EXT PARAMETER               CURRENT GUESS       STEP         FIRST   
  NO.   NAME      VALUE            ERROR          SIZE      DERIVATIVE 
   1  N0           3.55049e+06     fixed    
   2  tau          6.43775e+01   constant   
   3  A0           3.53458e-01     fixed    
   4  phi          4.11783e+00     fixed    
   5  R           -5.99595e+01   constant   
   6  alpha_CBO    1.97444e-03     fixed    
   7  w_CBO        2.32500e+00   constant   
   8  beta_CBO    -4.35831e-03     fixed    
   9  alpha_2CBO   3.57513e-05     fixed    
  10  beta_2CBO    2.64291e-04   1.39726e-04   1.39726e-04   5.97998e+03
  11  alpha_y      0.00000e+00   1.00000e-03   1.00000e-03   1.27945e+04
  12  w_y          1.44500e+01   constant   
  13  beta_y      -3.50652e-04     fixed    
  14  alpha_vw     0.00000e+00     fixed    
  15  w_vw         1.29000e+01   constant   
  16  beta_vw      0.00000e+00     fixed    
  17  LM          -9.22867e-04   constant   
  18  zeta_y       0.00000e+00   constant   
  19  zeta_vw      0.00000e+00   constant   
  20  T_CBO        1.32542e+01   2.38036e+00  -1.18802e-03  -4.74870e+01
  21  alpha_A0     1.54635e+00   2.56880e+00   1.48952e-01  -5.74558e-03
  22  beta_A0      1.01350e+01   1.50365e+01   8.72017e-01  -1.64665e-02
  23  alpha_phi    2.07049e+01   3.07432e+01   1.78299e+00  -4.73442e-02
  24  beta_phi     1.24097e+01   1.79181e+01   1.03919e+00   4.03250e-02
 MIGRAD MINIMIZATION HAS CONVERGED.
 MIGRAD WILL VERIFY CONVERGENCE AND ERROR MATRIX.
 FCN=62.7662 FROM MIGRAD    STATUS=CONVERGED     682 CALLS        5745 TOTAL
                     EDM=3.67211e-06    STRATEGY= 1      ERR MATRIX NOT POS-DEF
  EXT PARAMETER                APPROXIMATE        STEP         FIRST   
  NO.   NAME      VALUE            ERROR          SIZE      DERIVATIVE 
   1  N0           3.55049e+06     fixed    
   2  tau          6.43775e+01   constant   
   3  A0           3.53458e-01     fixed    
   4  phi          4.11783e+00     fixed    
   5  R           -5.99595e+01   constant   
   6  alpha_CBO    1.97444e-03     fixed    
   7  w_CBO        2.32500e+00   constant   
   8  beta_CBO    -4.35831e-03     fixed    
   9  alpha_2CBO   3.57513e-05     fixed    
  10  beta_2CBO    1.99217e-04   1.48692e-04   5.64814e-07  -1.27663e+01
  11  alpha_y     -1.30587e-04   1.42912e-04   5.58133e-07   1.95064e+00
  12  w_y          1.44500e+01   constant   
  13  beta_y      -3.50652e-04     fixed    
  14  alpha_vw     0.00000e+00     fixed    
  15  w_vw         1.29000e+01   constant   
  16  beta_vw      0.00000e+00     fixed    
  17  LM          -9.22867e-04   constant   
  18  zeta_y       0.00000e+00   constant   
  19  zeta_vw      0.00000e+00   constant   
  20  T_CBO        1.17206e+01   2.92453e+00   6.96956e-06  -7.42871e-01
  21  alpha_A0     5.25183e+00   1.89434e+01   5.17953e-02  -1.35115e-05
  22  beta_A0      3.32067e+01   8.46277e+01   5.37328e-02   2.88068e-05
  23  alpha_phi    6.78757e+01   1.71243e+02   5.09580e-02  -7.32444e-05
  24  beta_phi     4.04628e+01   1.02876e+02   4.75376e-02  -1.07419e-04
 EXTERNAL ERROR MATRIX.    NDIM=  25    NPAR=  7    ERR DEF=1
  2.211e-08 -1.817e-10  1.263e-05 -3.299e-04 -3.965e-04 -6.753e-04 -7.892e-04 
 -1.817e-10  2.042e-08 -7.185e-07  2.486e-05  2.993e-05  1.556e-05  1.802e-05 
  1.263e-05 -7.185e-07  8.555e+00 -3.782e+01 -2.442e+02 -4.992e+02 -2.986e+02 
 -3.299e-04  2.486e-05 -3.782e+01  3.589e+02  1.066e+03  2.164e+03  1.322e+03 
 -3.965e-04  2.993e-05 -2.442e+02  1.066e+03  7.162e+03  1.426e+04  8.520e+03 
 -6.753e-04  1.556e-05 -4.992e+02  2.164e+03  1.426e+04  2.932e+04  1.746e+04 
 -7.892e-04  1.802e-05 -2.986e+02  1.322e+03  8.520e+03  1.746e+04  1.058e+04 
ERR MATRIX NOT POS-DEF
 PARAMETER  CORRELATION COEFFICIENTS  
       NO.  GLOBAL     10     11     20     21     22     23     24
       10  0.23305   1.000 -0.009  0.029 -0.117 -0.032 -0.027 -0.052
       11  0.01842  -0.009  1.000 -0.002  0.009  0.002  0.001  0.001
       20  0.99784   0.029 -0.002  1.000 -0.683 -0.986 -0.997 -0.992
       21  0.71030  -0.117  0.009 -0.683  1.000  0.665  0.667  0.678
       22  0.98655  -0.032  0.002 -0.986  0.665  1.000  0.984  0.979
       23  0.99706  -0.027  0.001 -0.997  0.667  0.984  1.000  0.991
       24  0.99290  -0.052  0.001 -0.992  0.678  0.979  0.991  1.000
 ERR MATRIX NOT POS-DEF
MINUIT - FIT ONLY 2-y
 **********
 **   67 **RES 
 **********
                   PARAMETER   16  beta_vw RESTORED TO VARIABLE.
                   PARAMETER   14  alpha_vw RESTORED TO VARIABLE.
                   PARAMETER   13  beta_y RESTORED TO VARIABLE.
                   PARAMETER    9  alpha_2CBO RESTORED TO VARIABLE.
                   PARAMETER    8  beta_CBO RESTORED TO VARIABLE.
                   PARAMETER    6  alpha_CBO RESTORED TO VARIABLE.
                   PARAMETER    4  phi RESTORED TO VARIABLE.
                   PARAMETER    3  A0 RESTORED TO VARIABLE.
                   PARAMETER    1  N0 RESTORED TO VARIABLE.
 **********
 **   68 **FIX            0
 **********
 PARAMETER    0  IS UNDEFINED. IGNORED.
 **********
 **   69 **FIX            1
 **********
 **********
 **   70 **FIX            2
 **********
 PARAMETER    2  IS CONSTANT.   IGNORED.
 **********
 **   71 **FIX            3
 **********
 **********
 **   72 **FIX            4
 **********
 **********
 **   73 **FIX            5
 **********
 PARAMETER    5  IS CONSTANT.   IGNORED.
 **********
 **   74 **FIX            6
 **********
 **********
 **   75 **FIX            7
 **********
 PARAMETER    7  IS CONSTANT.   IGNORED.
 **********
 **   76 **FIX            8
 **********
 **********
 **   77 **FIX            9
 **********
 **********
 **   78 **FIX           10
 **********
 **********
 **   79 **FIX           11
 **********
 **********
 **   80 **FIX           12
 **********
 PARAMETER   12  IS CONSTANT.   IGNORED.
 **********
 **   81 **FIX           16
 **********
 **********
 **   82 **MIGRAD
 **********
 START MIGRAD MINIMIZATION.  STRATEGY  1.  CONVERGENCE WHEN EDM .LT. 1.00e-04
 FCN=62.7662 FROM MIGRAD    STATUS=INITIATE       16 CALLS        5761 TOTAL
                     EDM= unknown      STRATEGY= 1      NO ERROR MATRIX       
  EXT PARAMETER               CURRENT GUESS       STEP         FIRST   
  NO.   NAME      VALUE            ERROR          SIZE      DERIVATIVE 
   1  N0           3.55049e+06     fixed    
   2  tau          6.43775e+01   constant   
   3  A0           3.53458e-01     fixed    
   4  phi          4.11783e+00     fixed    
   5  R           -5.99595e+01   constant   
   6  alpha_CBO    1.97444e-03     fixed    
   7  w_CBO        2.32500e+00   constant   
   8  beta_CBO    -4.35831e-03     fixed    
   9  alpha_2CBO   3.57513e-05     fixed    
  10  beta_2CBO    1.99217e-04     fixed    
  11  alpha_y     -1.30587e-04     fixed    
  12  w_y          1.44500e+01   constant   
  13  beta_y      -3.50652e-04   1.44560e-04   1.44560e-04   4.85992e+03
  14  alpha_vw     0.00000e+00   1.00000e-03   1.00000e-03  -2.58860e+04
  15  w_vw         1.29000e+01   constant   
  16  beta_vw      0.00000e+00     fixed    
  17  LM          -9.22867e-04   constant   
  18  zeta_y       0.00000e+00   constant   
  19  zeta_vw      0.00000e+00   constant   
  20  T_CBO        1.17206e+01   2.92453e+00   6.96956e-06  -7.41704e-01
  21  alpha_A0     5.25183e+00   1.89434e+01   5.17953e-02  -1.35099e-05
  22  beta_A0      3.32067e+01   8.46277e+01   5.37328e-02   2.88052e-05
  23  alpha_phi    6.78757e+01   1.71243e+02   5.09580e-02  -7.32444e-05
  24  beta_phi     4.04628e+01   1.02876e+02   4.75376e-02  -1.07419e-04
 MIGRAD MINIMIZATION HAS CONVERGED.
 MIGRAD WILL VERIFY CONVERGENCE AND ERROR MATRIX.
 FCN=59.25 FROM HESSE     STATUS=NOT POSDEF     50 CALLS        5872 TOTAL
                     EDM=0.000426882    STRATEGY= 1      ERR MATRIX NOT POS-DEF
  EXT PARAMETER                APPROXIMATE        STEP         FIRST   
  NO.   NAME      VALUE            ERROR          SIZE      DERIVATIVE 
   1  N0           3.55049e+06     fixed    
   2  tau          6.43775e+01   constant   
   3  A0           3.53458e-01     fixed    
   4  phi          4.11783e+00     fixed    
   5  R           -5.99595e+01   constant   
   6  alpha_CBO    1.97444e-03     fixed    
   7  w_CBO        2.32500e+00   constant   
   8  beta_CBO    -4.35831e-03     fixed    
   9  alpha_2CBO   3.57513e-05     fixed    
  10  beta_2CBO    1.99217e-04     fixed    
  11  alpha_y     -1.30587e-04     fixed    
  12  w_y          1.44500e+01   constant   
  13  beta_y      -3.85645e-04   1.44513e-04   5.47273e-07   2.19974e+00
  14  alpha_vw     2.65097e-04   1.43671e-04   5.44149e-07  -1.28585e-01
  15  w_vw         1.29000e+01   constant   
  16  beta_vw      0.00000e+00     fixed    
  17  LM          -9.22867e-04   constant   
  18  zeta_y       0.00000e+00   constant   
  19  zeta_vw      0.00000e+00   constant   
  20  T_CBO        1.17165e+01   2.94888e+00   6.80821e-06  -6.42808e-01
  21  alpha_A0     5.36927e+00   1.91220e+01   5.08144e-02  -1.37828e-05
  22  beta_A0      3.34152e+01   8.59014e+01   5.27188e-02   5.69028e-05
  23  alpha_phi    6.77841e+01   1.72554e+02   4.99948e-02   3.76626e-05
  24  beta_phi     3.98982e+01   1.02292e+02   4.66369e-02   1.23571e-04
 MIGRAD MINIMIZATION HAS CONVERGED.
 MIGRAD WILL VERIFY CONVERGENCE AND ERROR MATRIX.
 FCN=59.2468 FROM MIGRAD    STATUS=CONVERGED     376 CALLS        6121 TOTAL
                     EDM=5.66087e-06    STRATEGY= 1      ERR MATRIX NOT POS-DEF
  EXT PARAMETER                APPROXIMATE        STEP         FIRST   
  NO.   NAME      VALUE            ERROR          SIZE      DERIVATIVE 
   1  N0           3.55049e+06     fixed    
   2  tau          6.43775e+01   constant   
   3  A0           3.53458e-01     fixed    
   4  phi          4.11783e+00     fixed    
   5  R           -5.99595e+01   constant   
   6  alpha_CBO    1.97444e-03     fixed    
   7  w_CBO        2.32500e+00   constant   
   8  beta_CBO    -4.35831e-03     fixed    
   9  alpha_2CBO   3.57513e-05     fixed    
  10  beta_2CBO    1.99217e-04     fixed    
  11  alpha_y     -1.30587e-04     fixed    
  12  w_y          1.44500e+01   constant   
  13  beta_y      -3.85516e-04   1.44519e-04   5.47259e-07  -1.95123e+01
  14  alpha_vw     2.65407e-04   1.43677e-04   5.44135e-07   2.19716e-01
  15  w_vw         1.29000e+01   constant   
  16  beta_vw      0.00000e+00     fixed    
  17  LM          -9.22867e-04   constant   
  18  zeta_y       0.00000e+00   constant   
