 + ++++++++++++++++++++++++++++++++++++++++++++++++++++++++++++++++++++ +
 +                                                                      +
 +           You have chose to blind your fitting according to          +
 +                omega_ref * (1 + (R +/- deltaR) *10^{-6})             +
 +                                                                      +
 + ++++++++++++++++++++++++++++++++++++++++++++++++++++++++++++++++++++ +
In main()...
reading format from /gm2data/zkhechad/run45/envelope/formats/formatB_sBin_constraintOn.txt
pBinTau 	= 0  
pBinPhi 	= 0  
constraintau 	= 1 
includeMopTerm 	= 0    
constrainMop    = 0   
Parameters after format file: pBinTau 0 pBinPhi 0 constraintau 1 includeMopTerm 0 constrainMop 0 c_e_scale 0.000000 
Opening file /gm2data/tbarrett/gm2fr/studies/run23_bunch_corrections/CorrectedFourier_Run3b.root.
reading full fit data from /gm2data/zkhechad/cboTemplates/Run4CBOTemplates/fullFits/noRF/sBin_constraintOn_cE0.0_seed0_noRF_calo18.root
windowBins = 69
fitting sliding window 490 from bin 626 at 93.250000 to bin 695 at 103.694000 (69 bins)

Reading data from /gm2data/cornell/histograms/aMethod/histogram_a_noRF.root
 **********
 **    1 **SET PRINTOUT            1
 **********
 **********
 **    2 **SET NOWARNINGS 
 **********
 PARAMETER DEFINITIONS:
    NO.   NAME         VALUE      STEP SIZE      LIMITS
     1 N0           3.61741e+06  1.00000e+02     no limits
     2 tau          6.44109e+01  constant
     3 A0           3.53417e-01  1.00000e-04     no limits
     4 phi          4.12209e+00  1.00000e-02     no limits
     5 R           -6.03373e+01  constant
     6 alpha_CBO    0.00000e+00  1.00000e-03     no limits
     7 w_CBO        2.32500e+00  constant
     8 beta_CBO     0.00000e+00  1.00000e-03     no limits
     9 alpha_2CBO   0.00000e+00  1.00000e-03     no limits
    10 beta_2CBO    0.00000e+00  1.00000e-03     no limits
    11 alpha_y      0.00000e+00  1.00000e-03     no limits
    12 w_y          1.38860e+01  constant
    13 beta_y       0.00000e+00  1.00000e-03     no limits
    14 alpha_vw     0.00000e+00  1.00000e-03     no limits
    15 w_vw         1.43404e+01  constant
    16 beta_vw      0.00000e+00  1.00000e-03     no limits
    17 LM           1.86654e-04  constant
    18 zeta_y       0.00000e+00  constant
    19 zeta_vw      0.00000e+00  constant
    20 T_CBO        1.00000e+02  1.00000e+00    0.00000e+00  1.00000e+03
    21 alpha_A0     0.00000e+00  1.00000e-04   -1.00000e-02  1.00000e-02
    22 beta_A0      0.00000e+00  1.00000e-04   -1.00000e-02  1.00000e-02
    23 alpha_phi    0.00000e+00  1.00000e-04   -1.00000e-02  1.00000e-02
    24 beta_phi     0.00000e+00  1.00000e-04   -1.00000e-02  1.00000e-02
MINUIT - FIT ONLY WIGGLE
 **********
 **    3 **FIX            5
 **********
 PARAMETER    5  IS CONSTANT.   IGNORED.
 **********
 **    4 **FIX            6
 **********
 **********
 **    5 **FIX            7
 **********
 PARAMETER    7  IS CONSTANT.   IGNORED.
 **********
 **    6 **FIX            8
 **********
 **********
 **    7 **FIX            9
 **********
 **********
 **    8 **FIX           10
 **********
 **********
 **    9 **FIX           11
 **********
 **********
 **   10 **FIX           12
 **********
 PARAMETER   12  IS CONSTANT.   IGNORED.
 **********
 **   11 **FIX           13
 **********
 **********
 **   12 **FIX           14
 **********
 **********
 **   13 **FIX           15
 **********
 PARAMETER   15  IS CONSTANT.   IGNORED.
 **********
 **   14 **FIX           16
 **********
 **********
 **   15 **MIGRAD
 **********
 FIRST CALL TO USER FUNCTION AT NEW START POINT, WITH IFLAG=4.
 START MIGRAD MINIMIZATION.  STRATEGY  1.  CONVERGENCE WHEN EDM .LT. 1.00e-04
 FCN=2791.25 FROM MIGRAD    STATUS=INITIATE      435 CALLS         436 TOTAL
                     EDM= unknown      STRATEGY= 1      NO ERROR MATRIX       
  EXT PARAMETER               CURRENT GUESS       STEP         FIRST   
  NO.   NAME      VALUE            ERROR          SIZE      DERIVATIVE 
   1  N0           3.61741e+06   1.00000e+02   0.00000e+00  -9.01505e-03
   2  tau          6.44109e+01   constant   
   3  A0           3.53417e-01   1.00000e-04   0.00000e+00  -1.57895e+05
   4  phi          4.12209e+00   1.00000e-02   0.00000e+00  -4.39694e+03
   5  R           -6.03373e+01   constant   
   6  alpha_CBO    0.00000e+00     fixed    
   7  w_CBO        2.32500e+00   constant   
   8  beta_CBO     0.00000e+00     fixed    
   9  alpha_2CBO   0.00000e+00     fixed    
  10  beta_2CBO    0.00000e+00     fixed    
  11  alpha_y      0.00000e+00     fixed    
  12  w_y          1.38860e+01   constant   
  13  beta_y       0.00000e+00     fixed    
  14  alpha_vw     0.00000e+00     fixed    
  15  w_vw         1.43404e+01   constant   
  16  beta_vw      0.00000e+00     fixed    
  17  LM           1.86654e-04   constant   
  18  zeta_y       0.00000e+00   constant   
  19  zeta_vw      0.00000e+00   constant   
  20  T_CBO        1.00000e+02   1.00000e+00   0.00000e+00   0.00000e+00
  21  alpha_A0     0.00000e+00   1.00000e-04   0.00000e+00   1.32632e+02
  22  beta_A0      0.00000e+00   1.00000e-04   0.00000e+00   7.75927e+01
  23  alpha_phi    0.00000e+00   1.00000e-04   0.00000e+00   5.33078e+01
  24  beta_phi     0.00000e+00   1.00000e-04   0.00000e+00  -1.46270e+02
 MIGRAD MINIMIZATION HAS CONVERGED.
 FCN=2494.85 FROM MIGRAD    STATUS=CONVERGED     738 CALLS         739 TOTAL
                     EDM=3.49986e-07    STRATEGY= 1  ERROR MATRIX UNCERTAINTY   0.2 per cent
  EXT PARAMETER                                   STEP         FIRST   
  NO.   NAME      VALUE            ERROR          SIZE      DERIVATIVE 
   1  N0           3.61782e+06   3.30543e+02   4.85699e-02   1.41332e-06
   2  tau          6.44109e+01   constant   
   3  A0           3.54716e-01   1.17421e-04  -8.16215e-08  -5.32090e+00
   4  phi          4.12297e+00   3.38127e-04  -2.91672e-07  -1.36846e+00
   5  R           -6.03373e+01   constant   
   6  alpha_CBO    0.00000e+00     fixed    
   7  w_CBO        2.32500e+00   constant   
   8  beta_CBO     0.00000e+00     fixed    
   9  alpha_2CBO   0.00000e+00     fixed    
  10  beta_2CBO    0.00000e+00     fixed    
  11  alpha_y      0.00000e+00     fixed    
  12  w_y          1.38860e+01   constant   
  13  beta_y       0.00000e+00     fixed    
  14  alpha_vw     0.00000e+00     fixed    
  15  w_vw         1.43404e+01   constant   
  16  beta_vw      0.00000e+00     fixed    
  17  LM           1.86654e-04   constant   
  18  zeta_y       0.00000e+00   constant   
  19  zeta_vw      0.00000e+00   constant   
  20  T_CBO        1.25181e+02   1.58412e+01  -1.35227e-04  -9.68344e-03
  21  alpha_A0    -9.61083e-03   1.35440e-03  -1.81259e-04  -1.56401e-04
  22  beta_A0     -2.70846e-03   1.14496e-03  -1.43509e-04   3.02374e-03
  23  alpha_phi   -2.73295e-03   1.08229e-03  -1.47082e-04   4.01333e-03
  24  beta_phi     1.00000e-02   4.42394e-03   3.03581e-03** at limit **
 EXTERNAL ERROR MATRIX.    NDIM=  25    NPAR=  8    ERR DEF=1
  1.093e+05 -3.884e-03  1.400e-02 -5.472e+02 -1.216e-02 -1.072e-01 -9.034e-02  3.856e-06 
 -3.884e-03  1.379e-08  7.411e-10  2.365e-04 -3.314e-09  1.948e-08  1.789e-08 -6.001e-12 
  1.400e-02  7.411e-10  1.143e-07  3.106e-04  6.722e-09  1.069e-09 -3.803e-08 -2.055e-11 
 -5.472e+02  2.365e-04  3.106e-04  2.511e+02  1.558e-02  6.809e-03  5.509e-03 -6.213e-06 
 -1.216e-02 -3.314e-09  6.722e-09  1.558e-02  2.004e-06  2.879e-07  3.177e-07  5.453e-11 
 -1.072e-01  1.948e-08  1.069e-09  6.809e-03  2.879e-07  1.317e-06  2.279e-07 -1.774e-10 
 -9.034e-02  1.789e-08 -3.803e-08  5.509e-03  3.177e-07  2.279e-07  1.176e-06 -1.695e-10 
  3.856e-06 -6.001e-12 -2.055e-11 -6.213e-06  5.453e-11 -1.774e-10 -1.695e-10  1.229e-11 
 PARAMETER  CORRELATION COEFFICIENTS  
       NO.  GLOBAL      1      3      4     20     21     22     23     24
        1  0.37093   1.000 -0.100  0.125 -0.104 -0.026 -0.282 -0.252  0.003
        3  0.24041  -0.100  1.000  0.019  0.127 -0.020  0.145  0.141 -0.015
        4  0.18422   0.125  0.019  1.000  0.058  0.014  0.003 -0.104 -0.017
       20  0.76786  -0.104  0.127  0.058  1.000  0.695  0.374  0.321 -0.112
       21  0.71381  -0.026 -0.020  0.014  0.695  1.000  0.177  0.207  0.011
       22  0.46257  -0.282  0.145  0.003  0.374  0.177  1.000  0.183 -0.044
       23  0.40875  -0.252  0.141 -0.104  0.321  0.207  0.183  1.000 -0.045
       24  0.16884   0.003 -0.015 -0.017 -0.112  0.011 -0.044 -0.045  1.000
MINUIT - FIT ONLY 1-CBO + wiggle
 **********
 **   16 **RES 
 **********
                   PARAMETER   16  beta_vw RESTORED TO VARIABLE.
                   PARAMETER   14  alpha_vw RESTORED TO VARIABLE.
                   PARAMETER   13  beta_y RESTORED TO VARIABLE.
                   PARAMETER   11  alpha_y RESTORED TO VARIABLE.
                   PARAMETER   10  beta_2CBO RESTORED TO VARIABLE.
                   PARAMETER    9  alpha_2CBO RESTORED TO VARIABLE.
                   PARAMETER    8  beta_CBO RESTORED TO VARIABLE.
                   PARAMETER    6  alpha_CBO RESTORED TO VARIABLE.
 **********
 **   17 **FIX            8
 **********
 **********
 **   18 **FIX            9
 **********
 **********
 **   19 **FIX           11
 **********
 **********
 **   20 **FIX           12
 **********
 PARAMETER   12  IS CONSTANT.   IGNORED.
 **********
 **   21 **FIX           14
 **********
 **********
 **   22 **FIX           15
 **********
 PARAMETER   15  IS CONSTANT.   IGNORED.
 **********
 **   23 **FIX           16
 **********
 **********
 **   24 **MIGRAD
 **********
 START MIGRAD MINIMIZATION.  STRATEGY  1.  CONVERGENCE WHEN EDM .LT. 1.00e-04
 FCN=2494.85 FROM MIGRAD    STATUS=INITIATE       28 CALLS         767 TOTAL
                     EDM= unknown      STRATEGY= 1      NO ERROR MATRIX       
  EXT PARAMETER               CURRENT GUESS       STEP         FIRST   
  NO.   NAME      VALUE            ERROR          SIZE      DERIVATIVE 
   1  N0           3.61782e+06   3.30543e+02   4.85699e-02   1.41332e-06
   2  tau          6.44109e+01   constant   
   3  A0           3.54716e-01   1.17421e-04  -8.16215e-08  -5.32090e+00
   4  phi          4.12297e+00   3.38127e-04  -2.91672e-07  -1.36846e+00
   5  R           -6.03373e+01   constant   
   6  alpha_CBO    0.00000e+00   1.00000e-03   1.00000e-03  -7.18716e+05
   7  w_CBO        2.32500e+00   constant   
   8  beta_CBO     0.00000e+00     fixed    
   9  alpha_2CBO   0.00000e+00     fixed    
  10  beta_2CBO    0.00000e+00   1.00000e-03   1.00000e-03   1.81656e+04
  11  alpha_y      0.00000e+00     fixed    
  12  w_y          1.38860e+01   constant   
  13  beta_y       0.00000e+00   1.00000e-03   1.00000e-03   9.23565e+04
  14  alpha_vw     0.00000e+00     fixed    
  15  w_vw         1.43404e+01   constant   
  16  beta_vw      0.00000e+00     fixed    
  17  LM           1.86654e-04   constant   
  18  zeta_y       0.00000e+00   constant   
  19  zeta_vw      0.00000e+00   constant   
  20  T_CBO        1.25181e+02   1.58412e+01  -1.35227e-04  -9.68247e-03
  21  alpha_A0    -9.61083e-03   1.35440e-03  -1.81259e-04  -1.57842e-04
  22  beta_A0     -2.70846e-03   1.14496e-03  -1.43509e-04   3.02386e-03
  23  alpha_phi   -2.73295e-03   1.08229e-03  -1.47082e-04   4.01344e-03
  24  beta_phi     1.00000e-02   4.42394e-03   3.03581e-03** at limit **
 MIGRAD MINIMIZATION HAS CONVERGED.
 FCN=453.456 FROM MIGRAD    STATUS=CONVERGED     276 CALLS        1015 TOTAL
                     EDM=3.29783e-07    STRATEGY= 1  ERROR MATRIX UNCERTAINTY   1.4 per cent
  EXT PARAMETER                                   STEP         FIRST   
  NO.   NAME      VALUE            ERROR          SIZE      DERIVATIVE 
   1  N0           3.61692e+06   3.24502e+02   3.25616e-01  -7.63747e-07
   2  tau          6.44109e+01   constant   
   3  A0           3.53544e-01   1.20340e-04  -1.38829e-07  -3.24102e-01
   4  phi          4.12292e+00   3.42138e-04   8.14229e-07   1.58671e+00
   5  R           -6.03373e+01   constant   
   6  alpha_CBO    5.60510e-03   1.24817e-04   6.69191e-08  -1.49203e+00
   7  w_CBO        2.32500e+00   constant   
   8  beta_CBO     0.00000e+00     fixed    
   9  alpha_2CBO   0.00000e+00     fixed    
  10  beta_2CBO    1.31943e-04   1.22727e-04  -9.68661e-09  -3.46869e+00
  11  alpha_y      0.00000e+00     fixed    
  12  w_y          1.38860e+01   constant   
  13  beta_y      -6.27149e-04   1.18257e-04   3.09986e-09  -2.49674e+00
  14  alpha_vw     0.00000e+00     fixed    
  15  w_vw         1.43404e+01   constant   
  16  beta_vw      0.00000e+00     fixed    
  17  LM           1.86654e-04   constant   
  18  zeta_y       0.00000e+00   constant   
  19  zeta_vw      0.00000e+00   constant   
  20  T_CBO        9.82641e+01   1.26109e+01   5.56921e-06  -2.38647e-02
  21  alpha_A0    -3.81657e-03   1.37077e-03  -2.33467e-05   2.26125e-03
  22  beta_A0     -2.58319e-03   1.42010e-03   4.54076e-04   1.78454e-04
  23  alpha_phi   -6.14616e-03   1.53446e-03  -3.05796e-04   3.09955e-03
  24  beta_phi     1.00000e-02   1.25843e-02   4.77194e-05** at limit **
 EXTERNAL ERROR MATRIX.    NDIM=  25    NPAR= 11    ERR DEF=1
  1.053e+05 
 -3.805e-03  1.448e-08 
  1.235e-02  7.517e-10  1.171e-07 
 -3.048e-03 -3.163e-09  6.801e-10  1.558e-08 
 -8.667e-04 -5.185e-10 -4.241e-10  7.338e-10  1.506e-08 
 -7.636e-05  1.718e-10  6.246e-10  3.631e-11 -9.722e-11  1.398e-08 
 -3.051e+02  2.249e-04  2.160e-04 -8.227e-05 -1.857e-04  1.820e-05  1.591e+02 
  7.039e-03 -1.567e-08  6.893e-09  1.910e-08 -3.906e-08 -4.023e-09  5.451e-03  1.893e-06 
 -1.135e-01  2.422e-08  4.283e-11  1.101e-09 -1.447e-09  2.198e-09  6.038e-03 -3.660e-08  2.031e-06 
 -1.085e-01  2.745e-08 -4.204e-08 -9.878e-09 -2.504e-08 -1.295e-09  1.049e-02  3.201e-07  4.548e-07  2.385e-06 
 -1.343e-09  8.505e-16  2.383e-15  1.133e-16  7.157e-16  3.048e-16 -1.345e-11 -8.742e-15  4.609e-14 -3.298e-14  8.554e-17 
 PARAMETER  CORRELATION COEFFICIENTS  
       NO.  GLOBAL      1      3      4      6     10     13     20     21     22     23     24
        1  0.34795   1.000 -0.097  0.111 -0.075 -0.022 -0.002 -0.075  0.016 -0.245 -0.217 -0.000
        3  0.31118  -0.097  1.000  0.018 -0.211 -0.035  0.012  0.148 -0.095  0.141  0.148  0.001
        4  0.16956   0.111  0.018  1.000  0.016 -0.010  0.015  0.050  0.015  0.000 -0.080  0.001
        6  0.26901  -0.075 -0.211  0.016  1.000  0.048  0.002 -0.052  0.111  0.006 -0.051  0.000
       10  0.26537  -0.022 -0.035 -0.010  0.048  1.000 -0.007 -0.120 -0.231 -0.008 -0.132  0.001
       13  0.04275  -0.002  0.012  0.015  0.002 -0.007  1.000  0.012 -0.025  0.013 -0.007  0.000
       20  0.65114  -0.075  0.148  0.050 -0.052 -0.120  0.012  1.000  0.314  0.336  0.539 -0.000
       21  0.42979   0.016 -0.095  0.015  0.111 -0.231 -0.025  0.314  1.000 -0.019  0.151 -0.001
       22  0.42581  -0.245  0.141  0.000  0.006 -0.008  0.013  0.336 -0.019  1.000  0.207  0.003
       23  0.58191  -0.217  0.148 -0.080 -0.051 -0.132 -0.007  0.539  0.151  0.207  1.000 -0.002
       24  0.00476  -0.000  0.001  0.001  0.000  0.001  0.000 -0.000 -0.001  0.003 -0.002  1.000
MINUIT - FIT ONLY 2-CBO
 **********
 **   25 **RES 
 **********
                   PARAMETER   16  beta_vw RESTORED TO VARIABLE.
                   PARAMETER   14  alpha_vw RESTORED TO VARIABLE.
                   PARAMETER   11  alpha_y RESTORED TO VARIABLE.
                   PARAMETER    9  alpha_2CBO RESTORED TO VARIABLE.
                   PARAMETER    8  beta_CBO RESTORED TO VARIABLE.
 **********
 **   26 **FIX            0
 **********
 PARAMETER    0  IS UNDEFINED. IGNORED.
 **********
 **   27 **FIX            1
 **********
 **********
 **   28 **FIX            2
 **********
 PARAMETER    2  IS CONSTANT.   IGNORED.
 **********
 **   29 **FIX            3
 **********
 **********
 **   30 **FIX            4
 **********
 **********
 **   31 **FIX            5
 **********
 PARAMETER    5  IS CONSTANT.   IGNORED.
 **********
 **   32 **FIX            6
 **********
 **********
 **   33 **FIX            7
 **********
 PARAMETER    7  IS CONSTANT.   IGNORED.
 **********
 **   34 **FIX           10
 **********
 **********
 **   35 **FIX           11
 **********
 **********
 **   36 **FIX           12
 **********
 PARAMETER   12  IS CONSTANT.   IGNORED.
 **********
 **   37 **FIX           13
 **********
 **********
 **   38 **FIX           14
 **********
 **********
 **   39 **FIX           15
 **********
 PARAMETER   15  IS CONSTANT.   IGNORED.
 **********
 **   40 **FIX           16
 **********
 **********
 **   41 **MIGRAD
 **********
 START MIGRAD MINIMIZATION.  STRATEGY  1.  CONVERGENCE WHEN EDM .LT. 1.00e-04
 FCN=453.456 FROM MIGRAD    STATUS=INITIATE       18 CALLS        1033 TOTAL
                     EDM= unknown      STRATEGY= 1      NO ERROR MATRIX       
  EXT PARAMETER               CURRENT GUESS       STEP         FIRST   
  NO.   NAME      VALUE            ERROR          SIZE      DERIVATIVE 
   1  N0           3.61692e+06     fixed    
   2  tau          6.44109e+01   constant   
   3  A0           3.53544e-01     fixed    
   4  phi          4.12292e+00     fixed    
   5  R           -6.03373e+01   constant   
   6  alpha_CBO    5.60510e-03     fixed    
   7  w_CBO        2.32500e+00   constant   
   8  beta_CBO     0.00000e+00   1.00000e-03   1.00000e-03  -3.06131e+05
   9  alpha_2CBO   0.00000e+00   1.00000e-03   1.00000e-03  -1.56173e+04
  10  beta_2CBO    1.31943e-04     fixed    
  11  alpha_y      0.00000e+00     fixed    
  12  w_y          1.38860e+01   constant   
  13  beta_y      -6.27149e-04     fixed    
  14  alpha_vw     0.00000e+00     fixed    
  15  w_vw         1.43404e+01   constant   
  16  beta_vw      0.00000e+00     fixed    
  17  LM           1.86654e-04   constant   
  18  zeta_y       0.00000e+00   constant   
  19  zeta_vw      0.00000e+00   constant   
  20  T_CBO        9.82641e+01   1.26109e+01   5.56921e-06  -2.46559e-02
  21  alpha_A0    -3.81657e-03   1.37077e-03  -2.33467e-05   2.26337e-03
  22  beta_A0     -2.58319e-03   1.42010e-03   4.54076e-04   2.00600e-04
  23  alpha_phi   -6.14616e-03   1.53446e-03  -3.05796e-04   3.10746e-03
  24  beta_phi     9.99998e-03   1.25843e-02   4.77194e-05  -2.07922e-03
 MIGRAD MINIMIZATION HAS CONVERGED.
 MIGRAD WILL VERIFY CONVERGENCE AND ERROR MATRIX.
 COVARIANCE MATRIX CALCULATED SUCCESSFULLY
 FCN=120.265 FROM MIGRAD    STATUS=CONVERGED    1022 CALLS        2037 TOTAL
                     EDM=2.03625e-05    STRATEGY= 1      ERROR MATRIX ACCURATE 
  EXT PARAMETER                                   STEP         FIRST   
  NO.   NAME      VALUE            ERROR          SIZE      DERIVATIVE 
   1  N0           3.61692e+06     fixed    
   2  tau          6.44109e+01   constant   
   3  A0           3.53544e-01     fixed    
   4  phi          4.12292e+00     fixed    
   5  R           -6.03373e+01   constant   
   6  alpha_CBO    5.60510e-03     fixed    
   7  w_CBO        2.32500e+00   constant   
   8  beta_CBO     2.17120e-03   1.19302e-04   6.35124e-07   9.50348e+00
   9  alpha_2CBO   1.50109e-04   1.21454e-04   6.38352e-07  -1.18496e+00
  10  beta_2CBO    1.31943e-04     fixed    
  11  alpha_y      0.00000e+00     fixed    
  12  w_y          1.38860e+01   constant   
  13  beta_y      -6.27149e-04     fixed    
  14  alpha_vw     0.00000e+00     fixed    
  15  w_vw         1.43404e+01   constant   
  16  beta_vw      0.00000e+00     fixed    
  17  LM           1.86654e-04   constant   
  18  zeta_y       0.00000e+00   constant   
  19  zeta_vw      0.00000e+00   constant   
  20  T_CBO        1.78871e+02   5.78378e+02   4.87948e-04  -4.84201e-02
  21  alpha_A0    -2.09406e-03   4.96628e-03   4.54036e-04   2.33008e-02
  22  beta_A0     -2.26970e-04   1.09276e-03   4.51243e-04  -1.00439e-02
  23  alpha_phi   -4.24563e-03   1.28717e-02   4.86878e-04   2.34011e-02
  24  beta_phi     5.36442e-03   1.69081e-02   5.05347e-04  -3.74853e-02
 EXTERNAL ERROR MATRIX.    NDIM=  25    NPAR=  7    ERR DEF=1
  1.423e-08  2.611e-10  6.637e-03  4.445e-08  1.397e-08  8.570e-08 -1.160e-07 
  2.611e-10  1.475e-08  3.760e-03  2.400e-08  1.876e-08  3.603e-08 -5.598e-08 
  6.637e-03  3.760e-03  6.534e+05  4.158e+00  5.535e-01  8.604e+00 -1.071e+01 
  4.445e-08  2.400e-08  4.158e+00  2.714e-05  3.454e-06  5.474e-05 -6.817e-05 
  1.397e-08  1.876e-08  5.535e-01  3.454e-06  1.199e-06  7.284e-06 -9.011e-06 
  8.570e-08  3.603e-08  8.604e+00  5.474e-05  7.284e-06  1.140e-04 -1.410e-04 
 -1.160e-07 -5.598e-08 -1.071e+01 -6.817e-05 -9.011e-06 -1.410e-04  1.763e-04 
 PARAMETER  CORRELATION COEFFICIENTS  
       NO.  GLOBAL      8      9     20     21     22     23     24
        8  0.14044   1.000  0.018  0.069  0.072  0.107  0.067 -0.073
        9  0.21101   0.018  1.000  0.038  0.038  0.141  0.028 -0.035
       20  0.99904   0.069  0.038  1.000  0.987  0.625  0.997 -0.998
       21  0.98752   0.072  0.038  0.987  1.000  0.605  0.984 -0.986
       22  0.64798   0.107  0.141  0.625  0.605  1.000  0.623 -0.620
       23  0.99709   0.067  0.028  0.997  0.984  0.623  1.000 -0.995
       24  0.99824  -0.073 -0.035 -0.998 -0.986 -0.620 -0.995  1.000
MINUIT - FIT wiggle + 1-CBO + 2-CBO
 **********
 **   42 **RES 
 **********
                   PARAMETER   16  beta_vw RESTORED TO VARIABLE.
                   PARAMETER   14  alpha_vw RESTORED TO VARIABLE.
                   PARAMETER   13  beta_y RESTORED TO VARIABLE.
                   PARAMETER   11  alpha_y RESTORED TO VARIABLE.
                   PARAMETER   10  beta_2CBO RESTORED TO VARIABLE.
                   PARAMETER    6  alpha_CBO RESTORED TO VARIABLE.
                   PARAMETER    4  phi RESTORED TO VARIABLE.
                   PARAMETER    3  A0 RESTORED TO VARIABLE.
                   PARAMETER    1  N0 RESTORED TO VARIABLE.
 **********
 **   43 **FIX           10
 **********
 **********
 **   44 **FIX           11
 **********
 **********
 **   45 **FIX           12
 **********
 PARAMETER   12  IS CONSTANT.   IGNORED.
 **********
 **   46 **FIX           13
 **********
 **********
 **   47 **FIX           14
 **********
 **********
 **   48 **FIX           15
 **********
 PARAMETER   15  IS CONSTANT.   IGNORED.
 **********
 **   49 **FIX           16
 **********
 **********
 **   50 **MIGRAD
 **********
 START MIGRAD MINIMIZATION.  STRATEGY  1.  CONVERGENCE WHEN EDM .LT. 1.00e-04
 FCN=120.265 FROM MIGRAD    STATUS=INITIATE       22 CALLS        2059 TOTAL
                     EDM= unknown      STRATEGY= 1      NO ERROR MATRIX       
  EXT PARAMETER               CURRENT GUESS       STEP         FIRST   
  NO.   NAME      VALUE            ERROR          SIZE      DERIVATIVE 
   1  N0           3.61692e+06   3.24502e+02   3.24502e+02  -2.91989e-03
   2  tau          6.44109e+01   constant   
   3  A0           3.53544e-01   1.20340e-04   1.20340e-04   2.25959e+04
   4  phi          4.12292e+00   3.42138e-04   3.42138e-04   2.42656e+04
   5  R           -6.03373e+01   constant   
   6  alpha_CBO    5.60510e-03   1.24817e-04   1.24817e-04   1.05819e+04
   7  w_CBO        2.32500e+00   constant   
   8  beta_CBO     2.17120e-03   1.19302e-04   6.35124e-07   9.50349e+00
   9  alpha_2CBO   1.50109e-04   1.21454e-04   6.38352e-07  -1.18494e+00
  10  beta_2CBO    1.31943e-04     fixed    
  11  alpha_y      0.00000e+00     fixed    
  12  w_y          1.38860e+01   constant   
  13  beta_y      -6.27149e-04     fixed    
  14  alpha_vw     0.00000e+00     fixed    
  15  w_vw         1.43404e+01   constant   
  16  beta_vw      0.00000e+00     fixed    
  17  LM           1.86654e-04   constant   
  18  zeta_y       0.00000e+00   constant   
  19  zeta_vw      0.00000e+00   constant   
  20  T_CBO        1.78871e+02   5.78378e+02   4.87948e-04  -4.84831e-02
  21  alpha_A0    -2.09406e-03   4.96628e-03   4.54036e-04   2.33068e-02
  22  beta_A0     -2.26970e-04   1.09276e-03   4.51243e-04  -1.00428e-02
  23  alpha_phi   -4.24563e-03   1.28717e-02   4.86878e-04   2.34141e-02
  24  beta_phi     5.36442e-03   1.69081e-02   5.05347e-04  -3.75030e-02
 MIGRAD MINIMIZATION HAS CONVERGED.
 FCN=99.2598 FROM MIGRAD    STATUS=CONVERGED    1116 CALLS        3153 TOTAL
                     EDM=3.90365e-06    STRATEGY= 1  ERROR MATRIX UNCERTAINTY   0.8 per cent
  EXT PARAMETER                                   STEP         FIRST   
  NO.   NAME      VALUE            ERROR          SIZE      DERIVATIVE 
   1  N0           3.61697e+06   3.22718e+02   1.83664e-02  -3.25198e-06
   2  tau          6.44109e+01   constant   
   3  A0           3.53351e-01   1.24321e-04  -1.03145e-08  -5.44508e-01
   4  phi          4.12140e+00   3.55731e-04   9.13722e-09   1.33113e+00
   5  R           -6.03373e+01   constant   
   6  alpha_CBO    5.55603e-03   1.25174e-04   6.83907e-08  -9.13454e+00
   7  w_CBO        2.32500e+00   constant   
   8  beta_CBO     2.31085e-03   1.21938e-04   5.56737e-08  -4.11686e+00
   9  alpha_2CBO   1.26517e-04   1.15645e-04   3.60900e-08  -1.72323e+00
  10  beta_2CBO    1.31943e-04     fixed    
  11  alpha_y      0.00000e+00     fixed    
  12  w_y          1.38860e+01   constant   
  13  beta_y      -6.27149e-04     fixed    
  14  alpha_vw     0.00000e+00     fixed    
  15  w_vw         1.43404e+01   constant   
  16  beta_vw      0.00000e+00     fixed    
  17  LM           1.86654e-04   constant   
  18  zeta_y       0.00000e+00   constant   
  19  zeta_vw      0.00000e+00   constant   
  20  T_CBO        9.99755e+02   9.88171e+02   6.54846e-02  -2.50837e-04
  21  alpha_A0    -1.14900e-03   6.16714e-04   1.10708e-04   3.35402e-02
  22  beta_A0     -2.26121e-04   6.13140e-04   9.01900e-06   1.08155e-02
  23  alpha_phi   -2.51196e-03   5.97034e-04   7.93263e-05   2.98961e-02
  24  beta_phi     3.08488e-03   5.47536e-04  -1.75408e-04  -4.35635e-02
 EXTERNAL ERROR MATRIX.    NDIM=  25    NPAR= 11    ERR DEF=1
  1.041e+05 
 -4.866e-03  1.546e-08 
  1.453e-02  1.481e-09  1.265e-07 
 -2.836e-03 -3.062e-09 -3.140e-10  1.567e-08 
  3.280e-04 -1.354e-09 -1.002e-08 -8.182e-12  1.487e-08 
 -3.924e-04  7.701e-10  1.424e-09 -4.227e-10 -5.210e-10  1.337e-08 
 -1.118e+03 -2.648e-04  2.352e-04 -1.939e-05  4.894e-04  2.056e-04  6.254e+04 
  9.529e-03 -1.049e-08 -9.943e-09  1.128e-08  2.499e-09  2.243e-10  1.463e-02  3.808e-07 
 -5.034e-02  9.536e-09 -7.072e-09  7.856e-10  4.158e-09  9.325e-09  3.759e-03 -1.962e-08  3.764e-07 
 -4.539e-02  8.139e-09 -2.596e-08 -4.506e-09  3.292e-10 -7.648e-09  4.532e-02 -5.700e-08  3.130e-08  3.569e-07 
 -2.273e-02  1.180e-08  1.467e-08 -1.071e-09 -6.320e-09  4.405e-09 -5.636e-02  2.691e-08  6.032e-08 -1.636e-10  3.001e-07 
 PARAMETER  CORRELATION COEFFICIENTS  
       NO.  GLOBAL      1      3      4      6      8      9     20     21     22     23     24
        1  0.37769   1.000 -0.121  0.127 -0.070  0.008 -0.011 -0.014  0.048 -0.254 -0.235 -0.129
        3  0.33316  -0.121  1.000  0.033 -0.197 -0.089  0.054 -0.009 -0.137  0.125  0.110  0.173
        4  0.30972   0.127  0.033  1.000 -0.007 -0.231  0.035  0.003 -0.045 -0.032 -0.122  0.075
        6  0.25842  -0.070 -0.197 -0.007  1.000 -0.001 -0.029 -0.001  0.146  0.010 -0.060 -0.016
        8  0.26993   0.008 -0.089 -0.231 -0.001  1.000 -0.037  0.016  0.033  0.056  0.005 -0.095
        9  0.20802  -0.011  0.054  0.035 -0.029 -0.037  1.000  0.007  0.003  0.131 -0.111  0.070
       20  0.55972  -0.014 -0.009  0.003 -0.001  0.016  0.007  1.000  0.095  0.024  0.303 -0.411
       21  0.34164   0.048 -0.137 -0.045  0.146  0.033  0.003  0.095  1.000 -0.052 -0.155  0.080
       22  0.35060  -0.254  0.125 -0.032  0.010  0.056  0.131  0.024 -0.052  1.000  0.085  0.179
       23  0.47402  -0.235  0.110 -0.122 -0.060  0.005 -0.111  0.303 -0.155  0.085  1.000 -0.001
       24  0.53642  -0.129  0.173  0.075 -0.016 -0.095  0.070 -0.411  0.080  0.179 -0.001  1.000
MINUIT - FIT ONLY 1-y
 **********
 **   51 **RES 
 **********
                   PARAMETER   16  beta_vw RESTORED TO VARIABLE.
                   PARAMETER   14  alpha_vw RESTORED TO VARIABLE.
                   PARAMETER   13  beta_y RESTORED TO VARIABLE.
                   PARAMETER   11  alpha_y RESTORED TO VARIABLE.
                   PARAMETER   10  beta_2CBO RESTORED TO VARIABLE.
 **********
 **   52 **FIX            0
 **********
 PARAMETER    0  IS UNDEFINED. IGNORED.
 **********
 **   53 **FIX            1
 **********
 **********
 **   54 **FIX            2
 **********
 PARAMETER    2  IS CONSTANT.   IGNORED.
 **********
 **   55 **FIX            3
 **********
 **********
 **   56 **FIX            4
 **********
 **********
 **   57 **FIX            5
 **********
 PARAMETER    5  IS CONSTANT.   IGNORED.
 **********
 **   58 **FIX            6
 **********
 **********
 **   59 **FIX            7
 **********
 PARAMETER    7  IS CONSTANT.   IGNORED.
 **********
 **   60 **FIX            8
 **********
 **********
 **   61 **FIX            9
 **********
 **********
 **   62 **FIX           13
 **********
 **********
 **   63 **FIX           14
 **********
 **********
 **   64 **FIX           15
 **********
 PARAMETER   15  IS CONSTANT.   IGNORED.
 **********
 **   65 **FIX           16
 **********
 **********
 **   66 **MIGRAD
 **********
 START MIGRAD MINIMIZATION.  STRATEGY  1.  CONVERGENCE WHEN EDM .LT. 1.00e-04
 FCN=99.2598 FROM MIGRAD    STATUS=INITIATE       16 CALLS        3169 TOTAL
                     EDM= unknown      STRATEGY= 1      NO ERROR MATRIX       
  EXT PARAMETER               CURRENT GUESS       STEP         FIRST   
  NO.   NAME      VALUE            ERROR          SIZE      DERIVATIVE 
   1  N0           3.61697e+06     fixed    
   2  tau          6.44109e+01   constant   
   3  A0           3.53351e-01     fixed    
   4  phi          4.12140e+00     fixed    
   5  R           -6.03373e+01   constant   
   6  alpha_CBO    5.55603e-03     fixed    
   7  w_CBO        2.32500e+00   constant   
   8  beta_CBO     2.31085e-03     fixed    
   9  alpha_2CBO   1.26517e-04     fixed    
  10  beta_2CBO    1.31943e-04   1.22727e-04   1.22727e-04   2.20565e+04
  11  alpha_y      0.00000e+00   1.00000e-03   1.00000e-03  -3.63060e+04
  12  w_y          1.38860e+01   constant   
  13  beta_y      -6.27149e-04     fixed    
  14  alpha_vw     0.00000e+00     fixed    
  15  w_vw         1.43404e+01   constant   
  16  beta_vw      0.00000e+00     fixed    
  17  LM           1.86654e-04   constant   
  18  zeta_y       0.00000e+00   constant   
  19  zeta_vw      0.00000e+00   constant   
  20  T_CBO        9.99755e+02   9.88171e+02   6.54846e-02  -2.54555e-04
  21  alpha_A0    -1.14900e-03   6.16714e-04   1.10708e-04   3.35406e-02
  22  beta_A0     -2.26121e-04   6.13140e-04   9.01900e-06   1.08156e-02
  23  alpha_phi   -2.51196e-03   5.97034e-04   7.93263e-05   2.98961e-02
  24  beta_phi     3.08488e-03   5.47536e-04  -1.75408e-04  -4.35635e-02
 MIGRAD MINIMIZATION HAS CONVERGED.
 MIGRAD WILL VERIFY CONVERGENCE AND ERROR MATRIX.
 COVARIANCE MATRIX CALCULATED SUCCESSFULLY
 FCN=92.5751 FROM MIGRAD    STATUS=CONVERGED     118 CALLS        3271 TOTAL
                     EDM=9.32767e-06    STRATEGY= 1      ERROR MATRIX ACCURATE 
  EXT PARAMETER                                   STEP         FIRST   
  NO.   NAME      VALUE            ERROR          SIZE      DERIVATIVE 
   1  N0           3.61697e+06     fixed    
   2  tau          6.44109e+01   constant   
   3  A0           3.53351e-01     fixed    
   4  phi          4.12140e+00     fixed    
   5  R           -6.03373e+01   constant   
   6  alpha_CBO    5.55603e-03     fixed    
   7  w_CBO        2.32500e+00   constant   
   8  beta_CBO     2.31085e-03     fixed    
   9  alpha_2CBO   1.26517e-04     fixed    
  10  beta_2CBO   -3.87170e-05   1.23216e-04   5.66735e-07   1.19422e+01
  11  alpha_y      2.64655e-04   1.20249e-04   5.67794e-07   2.02963e+01
  12  w_y          1.38860e+01   constant   
  13  beta_y      -6.27149e-04     fixed    
  14  alpha_vw     0.00000e+00     fixed    
  15  w_vw         1.43404e+01   constant   
  16  beta_vw      0.00000e+00     fixed    
  17  LM           1.86654e-04   constant   
  18  zeta_y       0.00000e+00   constant   
  19  zeta_vw      0.00000e+00   constant   
  20  T_CBO        9.99999e+02   6.52540e+02   6.23349e-02   2.55747e-05
  21  alpha_A0    -1.00703e-03   5.34860e-04   2.48593e-04  -2.27905e-02
  22  beta_A0     -2.23568e-04   5.36359e-04   2.51153e-04   2.62114e-02
  23  alpha_phi   -2.48805e-03   5.21529e-04   2.52545e-04  -3.69857e-02
  24  beta_phi     3.20497e-03   5.13481e-04   2.49604e-04   2.53865e-02
 EXTERNAL ERROR MATRIX.    NDIM=  25    NPAR=  7    ERR DEF=1
  1.518e-08 -1.833e-10  1.237e-06 -1.160e-08  8.083e-10 -2.541e-09 -8.990e-09 
 -1.833e-10  1.446e-08 -4.018e-07  8.243e-10  6.075e-10 -1.794e-10  1.105e-09 
  1.237e-06 -4.018e-07  2.729e+02 -3.816e-04 -8.813e-05 -9.311e-04  1.199e-03 
 -1.160e-08  8.243e-10 -3.816e-04  2.864e-07 -2.824e-08 -9.744e-10  4.763e-09 
  8.083e-10  6.075e-10 -8.813e-05 -2.824e-08  2.880e-07  3.931e-09  2.418e-08 
 -2.541e-09 -1.794e-10 -9.311e-04 -9.744e-10  3.931e-09  2.723e-07  8.121e-09 
 -8.990e-09  1.105e-09  1.199e-03  4.763e-09  2.418e-08  8.121e-09  2.639e-07 
 PARAMETER  CORRELATION COEFFICIENTS  
       NO.  GLOBAL     10     11     20     21     22     23     24
       10  0.22747   1.000 -0.012  0.001 -0.176  0.012 -0.040 -0.142
       11  0.02535  -0.012  1.000 -0.000  0.013  0.009 -0.003  0.018
       20  0.18832   0.001 -0.000  1.000 -0.043 -0.010 -0.108  0.141
       21  0.20617  -0.176  0.013 -0.043  1.000 -0.098 -0.003  0.017
       22  0.13645   0.012  0.009 -0.010 -0.098  1.000  0.014  0.088
       23  0.12331  -0.040 -0.003 -0.108 -0.003  0.014  1.000  0.030
       24  0.22411  -0.142  0.018  0.141  0.017  0.088  0.030  1.000
MINUIT - FIT ONLY 2-y
 **********
 **   67 **RES 
 **********
                   PARAMETER   16  beta_vw RESTORED TO VARIABLE.
                   PARAMETER   14  alpha_vw RESTORED TO VARIABLE.
                   PARAMETER   13  beta_y RESTORED TO VARIABLE.
                   PARAMETER    9  alpha_2CBO RESTORED TO VARIABLE.
                   PARAMETER    8  beta_CBO RESTORED TO VARIABLE.
                   PARAMETER    6  alpha_CBO RESTORED TO VARIABLE.
                   PARAMETER    4  phi RESTORED TO VARIABLE.
                   PARAMETER    3  A0 RESTORED TO VARIABLE.
                   PARAMETER    1  N0 RESTORED TO VARIABLE.
 **********
 **   68 **FIX            0
 **********
 PARAMETER    0  IS UNDEFINED. IGNORED.
 **********
 **   69 **FIX            1
 **********
 **********
 **   70 **FIX            2
 **********
 PARAMETER    2  IS CONSTANT.   IGNORED.
 **********
 **   71 **FIX            3
 **********
 **********
 **   72 **FIX            4
 **********
 **********
 **   73 **FIX            5
 **********
 PARAMETER    5  IS CONSTANT.   IGNORED.
 **********
 **   74 **FIX            6
 **********
 **********
 **   75 **FIX            7
 **********
 PARAMETER    7  IS CONSTANT.   IGNORED.
 **********
 **   76 **FIX            8
 **********
 **********
 **   77 **FIX            9
 **********
 **********
 **   78 **FIX           10
 **********
 **********
 **   79 **FIX           11
 **********
 **********
 **   80 **FIX           12
 **********
 PARAMETER   12  IS CONSTANT.   IGNORED.
 **********
 **   81 **FIX           16
 **********
 **********
 **   82 **MIGRAD
 **********
 START MIGRAD MINIMIZATION.  STRATEGY  1.  CONVERGENCE WHEN EDM .LT. 1.00e-04
 FCN=92.5751 FROM MIGRAD    STATUS=INITIATE       16 CALLS        3287 TOTAL
                     EDM= unknown      STRATEGY= 1      NO ERROR MATRIX       
  EXT PARAMETER               CURRENT GUESS       STEP         FIRST   
  NO.   NAME      VALUE            ERROR          SIZE      DERIVATIVE 
   1  N0           3.61697e+06     fixed    
   2  tau          6.44109e+01   constant   
   3  A0           3.53351e-01     fixed    
   4  phi          4.12140e+00     fixed    
   5  R           -6.03373e+01   constant   
   6  alpha_CBO    5.55603e-03     fixed    
   7  w_CBO        2.32500e+00   constant   
   8  beta_CBO     2.31085e-03     fixed    
   9  alpha_2CBO   1.26517e-04     fixed    
  10  beta_2CBO   -3.87170e-05     fixed    
  11  alpha_y      2.64655e-04     fixed    
  12  w_y          1.38860e+01   constant   
  13  beta_y      -6.27149e-04   1.18257e-04   1.18257e-04   1.96305e+02
  14  alpha_vw     0.00000e+00   1.00000e-03   1.00000e-03  -5.03221e+04
  15  w_vw         1.43404e+01   constant   
  16  beta_vw      0.00000e+00     fixed    
  17  LM           1.86654e-04   constant   
  18  zeta_y       0.00000e+00   constant   
  19  zeta_vw      0.00000e+00   constant   
  20  T_CBO        9.99999e+02   6.52540e+02   6.23349e-02  -2.58509e-05
  21  alpha_A0    -1.00703e-03   5.34860e-04   2.48593e-04  -2.27885e-02
  22  beta_A0     -2.23568e-04   5.36359e-04   2.51153e-04   2.62113e-02
  23  alpha_phi   -2.48805e-03   5.21529e-04   2.52545e-04  -3.69801e-02
  24  beta_phi     3.20497e-03   5.13481e-04   2.49604e-04   2.53793e-02
 MIGRAD MINIMIZATION HAS CONVERGED.
 MIGRAD WILL VERIFY CONVERGENCE AND ERROR MATRIX.
 COVARIANCE MATRIX CALCULATED SUCCESSFULLY
 FCN=83.3589 FROM MIGRAD    STATUS=CONVERGED     114 CALLS        3385 TOTAL
                     EDM=2.30562e-06    STRATEGY= 1      ERROR MATRIX ACCURATE 
  EXT PARAMETER                                   STEP         FIRST   
  NO.   NAME      VALUE            ERROR          SIZE      DERIVATIVE 
   1  N0           3.61697e+06     fixed    
   2  tau          6.44109e+01   constant   
   3  A0           3.53351e-01     fixed    
   4  phi          4.12140e+00     fixed    
   5  R           -6.03373e+01   constant   
   6  alpha_CBO    5.55603e-03     fixed    
   7  w_CBO        2.32500e+00   constant   
   8  beta_CBO     2.31085e-03     fixed    
   9  alpha_2CBO   1.26517e-04     fixed    
  10  beta_2CBO   -3.87170e-05     fixed    
  11  alpha_y      2.64655e-04     fixed    
  12  w_y          1.38860e+01   constant   
  13  beta_y      -5.74997e-04   1.19787e-04   5.31138e-07  -2.34939e-01
  14  alpha_vw     3.66492e-04   1.20724e-04   5.35330e-07  -4.65310e-02
  15  w_vw         1.43404e+01   constant   
  16  beta_vw      0.00000e+00     fixed    
  17  LM           1.86654e-04   constant   
  18  zeta_y       0.00000e+00   constant   
  19  zeta_vw      0.00000e+00   constant   
  20  T_CBO        1.00000e+03   9.98169e+02   5.30990e-02** at limit **
  21  alpha_A0    -1.04387e-03   5.26721e-04   2.36097e-04   9.35425e-03
  22  beta_A0     -2.31344e-04   5.36320e-04   2.38476e-04  -3.66223e-02
  23  alpha_phi   -2.49198e-03   5.20560e-04   2.39749e-04  -8.42336e-03
  24  beta_phi     3.18102e-03   5.07197e-04   2.36826e-04  -2.59799e-03
 EXTERNAL ERROR MATRIX.    NDIM=  25    NPAR=  7    ERR DEF=1
  1.435e-08  2.129e-09  7.738e-10 -1.744e-09  4.844e-10 -7.093e-10  2.931e-10 
  2.129e-09  1.457e-08  5.968e-09 -1.492e-09 -2.731e-10 -1.790e-10 -9.332e-10 
  7.738e-10  5.968e-09  4.870e-02 -4.729e-06 -1.092e-06 -1.116e-05  1.425e-05 
 -1.744e-09 -1.492e-09 -4.729e-06  2.777e-07 -2.770e-08 -3.018e-09 -1.811e-09 
  4.844e-10 -2.731e-10 -1.092e-06 -2.770e-08  2.879e-07  4.003e-09  2.471e-08 
 -7.093e-10 -1.790e-10 -1.116e-05 -3.018e-09  4.003e-09  2.712e-07  7.446e-09 
  2.931e-10 -9.332e-10  1.425e-05 -1.811e-09  2.471e-08  7.446e-09  2.575e-07 
 PARAMETER  CORRELATION COEFFICIENTS  
       NO.  GLOBAL     13     14     20     21     22     23     24
       13  0.14992   1.000  0.147  0.000 -0.028  0.008 -0.011  0.005
       14  0.14948   0.147  1.000  0.000 -0.023 -0.004 -0.003 -0.015
       20  0.16912   0.000  0.000  1.000 -0.041 -0.009 -0.097  0.127
       21  0.11274  -0.028 -0.023 -0.041  1.000 -0.098 -0.011 -0.007
       22  0.13584   0.008 -0.004 -0.009 -0.098  1.000  0.014  0.091
       23  0.10743  -0.011 -0.003 -0.097 -0.011  0.014  1.000  0.028
       24  0.16291   0.005 -0.015  0.127 -0.007  0.091  0.028  1.000
MINUIT - FIT ALTOGETHER
 **********
 **   83 **RES 
 **********
                   PARAMETER   16  beta_vw RESTORED TO VARIABLE.
