 + ++++++++++++++++++++++++++++++++++++++++++++++++++++++++++++++++++++ +
 +                                                                      +
 +           You have chose to blind your fitting according to          +
 +                omega_ref * (1 + (R +/- deltaR) *10^{-6})             +
 +                                                                      +
 + ++++++++++++++++++++++++++++++++++++++++++++++++++++++++++++++++++++ +
In main()...
reading format from /gm2data/zkhechad/run45/envelope/formats/formatB_sBin_constraintOn.txt
pBinTau 	= 0  
pBinPhi 	= 0  
constraintau 	= 1 
includeMopTerm 	= 0    
constrainMop    = 0   
Parameters after format file: pBinTau 0 pBinPhi 0 constraintau 1 includeMopTerm 0 constrainMop 0 c_e_scale 0.000000 
Opening file /gm2data/tbarrett/gm2fr/studies/run23_bunch_corrections/CorrectedFourier_Run3b.root.
reading full fit data from /gm2data/zkhechad/cboTemplates/Run4CBOTemplates/templateFits0_v2.0/noRF/sBin_constraintOn_cE0.0_seed0_noRF_calo15.root
windowBins = 17
fitting sliding window 144 from bin 280 at 41.626800 to bin 297 at 44.312400 (17 bins)

Reading data from /gm2data/cornell/histograms/aMethod/histogram_a_noRF.root
 **********
 **    1 **SET PRINTOUT            1
 **********
 **********
 **    2 **SET NOWARNINGS 
 **********
 PARAMETER DEFINITIONS:
    NO.   NAME         VALUE      STEP SIZE      LIMITS
     1 N0           3.09167e+06  1.00000e+02     no limits
     2 tau          6.43743e+01  constant
     3 A0           3.54035e-01  1.00000e-04     no limits
     4 phi          4.11947e+00  1.00000e-02     no limits
     5 R           -6.00908e+01  constant
     6 alpha_CBO    0.00000e+00  1.00000e-03     no limits
     7 w_CBO        2.32500e+00  constant
     8 beta_CBO     0.00000e+00  1.00000e-03     no limits
     9 alpha_2CBO   0.00000e+00  1.00000e-03     no limits
    10 beta_2CBO    0.00000e+00  1.00000e-03     no limits
    11 alpha_y      0.00000e+00  1.00000e-03     no limits
    12 w_y          1.44500e+01  constant
    13 beta_y       0.00000e+00  1.00000e-03     no limits
    14 alpha_vw     0.00000e+00  1.00000e-03     no limits
    15 w_vw         1.29000e+01  constant
    16 beta_vw      0.00000e+00  1.00000e-03     no limits
    17 LM          -9.88464e-04  constant
    18 zeta_y       0.00000e+00  constant
    19 zeta_vw      0.00000e+00  constant
    20 T_CBO        1.00000e+02  1.00000e+00    0.00000e+00  1.00000e+03
    21 alpha_A0     0.00000e+00  1.00000e-03     no limits
    22 beta_A0      0.00000e+00  1.00000e-03     no limits
    23 alpha_phi    0.00000e+00  1.00000e-03     no limits
    24 beta_phi     0.00000e+00  1.00000e-03     no limits
MINUIT - FIT ONLY WIGGLE
 **********
 **    3 **FIX            5
 **********
 PARAMETER    5  IS CONSTANT.   IGNORED.
 **********
 **    4 **FIX            6
 **********
 **********
 **    5 **FIX            7
 **********
 PARAMETER    7  IS CONSTANT.   IGNORED.
 **********
 **    6 **FIX            8
 **********
 **********
 **    7 **FIX            9
 **********
 **********
 **    8 **FIX           10
 **********
 **********
 **    9 **FIX           11
 **********
 **********
 **   10 **FIX           12
 **********
 PARAMETER   12  IS CONSTANT.   IGNORED.
 **********
 **   11 **FIX           13
 **********
 **********
 **   12 **FIX           14
 **********
 **********
 **   13 **FIX           15
 **********
 PARAMETER   15  IS CONSTANT.   IGNORED.
 **********
 **   14 **FIX           16
 **********
 **********
 **   15 **MIGRAD
 **********
 FIRST CALL TO USER FUNCTION AT NEW START POINT, WITH IFLAG=4.
 START MIGRAD MINIMIZATION.  STRATEGY  1.  CONVERGENCE WHEN EDM .LT. 1.00e-04
 FCN=2706.13 FROM MIGRAD    STATUS=INITIATE      429 CALLS         430 TOTAL
                     EDM= unknown      STRATEGY= 1      NO ERROR MATRIX       
  EXT PARAMETER               CURRENT GUESS       STEP         FIRST   
  NO.   NAME      VALUE            ERROR          SIZE      DERIVATIVE 
   1  N0           3.09167e+06   1.00000e+02   0.00000e+00   9.37728e-02
   2  tau          6.43743e+01   constant   
   3  A0           3.54035e-01   1.00000e-04   0.00000e+00   4.92339e+05
   4  phi          4.11947e+00   1.00000e-02   0.00000e+00  -5.91470e+04
   5  R           -6.00908e+01   constant   
   6  alpha_CBO    0.00000e+00     fixed    
   7  w_CBO        2.32500e+00   constant   
   8  beta_CBO     0.00000e+00     fixed    
   9  alpha_2CBO   0.00000e+00     fixed    
  10  beta_2CBO    0.00000e+00     fixed    
  11  alpha_y      0.00000e+00     fixed    
  12  w_y          1.44500e+01   constant   
  13  beta_y       0.00000e+00     fixed    
  14  alpha_vw     0.00000e+00     fixed    
  15  w_vw         1.29000e+01   constant   
  16  beta_vw      0.00000e+00     fixed    
  17  LM          -9.88464e-04   constant   
  18  zeta_y       0.00000e+00   constant   
  19  zeta_vw      0.00000e+00   constant   
  20  T_CBO        1.00000e+02   1.00000e+00   0.00000e+00   0.00000e+00
  21  alpha_A0     0.00000e+00   1.00000e-03   0.00000e+00  -2.90884e+04
  22  beta_A0      0.00000e+00   1.00000e-03   0.00000e+00  -5.05626e+04
  23  alpha_phi    0.00000e+00   1.00000e-03   0.00000e+00  -3.70557e+04
  24  beta_phi     0.00000e+00   1.00000e-03   0.00000e+00  -2.75780e+04
 MIGRAD MINIMIZATION HAS CONVERGED.
 MIGRAD WILL VERIFY CONVERGENCE AND ERROR MATRIX.
 COVARIANCE MATRIX CALCULATED SUCCESSFULLY
 FCN=241.52 FROM MIGRAD    STATUS=CONVERGED    1045 CALLS        1046 TOTAL
                     EDM=3.25933e-05    STRATEGY= 1      ERROR MATRIX ACCURATE 
  EXT PARAMETER                                   STEP         FIRST   
  NO.   NAME      VALUE            ERROR          SIZE      DERIVATIVE 
   1  N0           3.06155e+06   2.79412e+04   2.62670e+00   1.49509e-06
   2  tau          6.43743e+01   constant   
   3  A0           3.31451e-01   2.68876e-03   1.18397e-06  -1.86098e+01
   4  phi          4.13151e+00   2.02564e-02   4.34954e-06   4.22162e-01
   5  R           -6.00908e+01   constant   
   6  alpha_CBO    0.00000e+00     fixed    
   7  w_CBO        2.32500e+00   constant   
   8  beta_CBO     0.00000e+00     fixed    
   9  alpha_2CBO   0.00000e+00     fixed    
  10  beta_2CBO    0.00000e+00     fixed    
  11  alpha_y      0.00000e+00     fixed    
  12  w_y          1.44500e+01   constant   
  13  beta_y       0.00000e+00     fixed    
  14  alpha_vw     0.00000e+00     fixed    
  15  w_vw         1.29000e+01   constant   
  16  beta_vw      0.00000e+00     fixed    
  17  LM          -9.88464e-04   constant   
  18  zeta_y       0.00000e+00   constant   
  19  zeta_vw      0.00000e+00   constant   
  20  T_CBO        4.83984e+02   7.01373e+02   6.07537e-04  -3.11109e-02
  21  alpha_A0     3.80449e-02   5.54542e-02   6.25742e-06  -1.56974e+00
  22  beta_A0     -9.94324e-02   2.59229e-02   7.31922e-06   4.56524e+00
  23  alpha_phi   -8.58073e-02   2.23206e-02   6.68568e-06  -1.47193e+00
  24  beta_phi    -1.81481e-02   4.68396e-02   4.95290e-06  -4.04084e+00
 EXTERNAL ERROR MATRIX.    NDIM=  25    NPAR=  8    ERR DEF=1
  7.807e+08 -3.273e+01  5.486e+02  1.300e+06 -1.531e+03  3.050e+02  2.813e+02  1.304e+03 
 -3.273e+01  7.229e-06 -3.394e-05 -2.103e-01  7.572e-05  1.973e-05  1.449e-05 -6.037e-05 
  5.486e+02 -3.394e-05  4.103e-04  5.191e-01 -1.097e-03  1.401e-04  1.355e-04  9.272e-04 
  1.300e+06 -2.103e-01  5.191e-01  1.119e+06 -9.910e+00  1.996e+01  1.732e+01  5.467e+00 
 -1.531e+03  7.572e-05 -1.097e-03 -9.910e+00  3.075e-03 -6.618e-04 -6.086e-04 -2.591e-03 
  3.050e+02  1.973e-05  1.401e-04  1.996e+01 -6.618e-04  6.720e-04  5.770e-04  5.347e-04 
  2.813e+02  1.449e-05  1.355e-04  1.732e+01 -6.086e-04  5.770e-04  4.982e-04  4.925e-04 
  1.304e+03 -6.037e-05  9.272e-04  5.467e+00 -2.591e-03  5.347e-04  4.925e-04  2.194e-03 
 PARAMETER  CORRELATION COEFFICIENTS  
       NO.  GLOBAL      1      3      4     20     21     22     23     24
        1  0.99992   1.000 -0.436  0.969  0.044 -0.988  0.421  0.451  0.996
        3  0.99832  -0.436  1.000 -0.623 -0.074  0.508  0.283  0.241 -0.479
        4  0.99960   0.969 -0.623  1.000  0.024 -0.977  0.267  0.300  0.977
       20  0.99929   0.044 -0.074  0.024  1.000 -0.169  0.728  0.733  0.110
       21  0.99989  -0.988  0.508 -0.977 -0.169  1.000 -0.460 -0.492 -0.997
       22  0.99931   0.421  0.283  0.267  0.728 -0.460  1.000  0.997  0.440
       23  0.99922   0.451  0.241  0.300  0.733 -0.492  0.997  1.000  0.471
       24  0.99990   0.996 -0.479  0.977  0.110 -0.997  0.440  0.471  1.000
MINUIT - FIT ONLY 1-CBO + wiggle
 **********
 **   16 **RES 
 **********
                   PARAMETER   16  beta_vw RESTORED TO VARIABLE.
                   PARAMETER   14  alpha_vw RESTORED TO VARIABLE.
                   PARAMETER   13  beta_y RESTORED TO VARIABLE.
                   PARAMETER   11  alpha_y RESTORED TO VARIABLE.
                   PARAMETER   10  beta_2CBO RESTORED TO VARIABLE.
                   PARAMETER    9  alpha_2CBO RESTORED TO VARIABLE.
                   PARAMETER    8  beta_CBO RESTORED TO VARIABLE.
                   PARAMETER    6  alpha_CBO RESTORED TO VARIABLE.
 **********
 **   17 **FIX            8
 **********
 **********
 **   18 **FIX            9
 **********
 **********
 **   19 **FIX           11
 **********
 **********
 **   20 **FIX           12
 **********
 PARAMETER   12  IS CONSTANT.   IGNORED.
 **********
 **   21 **FIX           14
 **********
 **********
 **   22 **FIX           15
 **********
 PARAMETER   15  IS CONSTANT.   IGNORED.
 **********
 **   23 **FIX           16
 **********
 **********
 **   24 **MIGRAD
 **********
 START MIGRAD MINIMIZATION.  STRATEGY  1.  CONVERGENCE WHEN EDM .LT. 1.00e-04
 FCN=241.52 FROM MIGRAD    STATUS=INITIATE       28 CALLS        1074 TOTAL
                     EDM= unknown      STRATEGY= 1      NO ERROR MATRIX       
  EXT PARAMETER               CURRENT GUESS       STEP         FIRST   
  NO.   NAME      VALUE            ERROR          SIZE      DERIVATIVE 
   1  N0           3.06155e+06   2.79412e+04   2.62670e+00   1.49508e-06
   2  tau          6.43743e+01   constant   
   3  A0           3.31451e-01   2.68876e-03   1.18397e-06  -1.86098e+01
   4  phi          4.13151e+00   2.02564e-02   4.34954e-06   4.22177e-01
   5  R           -6.00908e+01   constant   
   6  alpha_CBO    0.00000e+00   1.00000e-03   1.00000e-03  -2.69428e+00
   7  w_CBO        2.32500e+00   constant   
   8  beta_CBO     0.00000e+00     fixed    
   9  alpha_2CBO   0.00000e+00     fixed    
  10  beta_2CBO    0.00000e+00   1.00000e-03   1.00000e-03  -1.62930e+03
  11  alpha_y      0.00000e+00     fixed    
  12  w_y          1.44500e+01   constant   
  13  beta_y       0.00000e+00   1.00000e-03   1.00000e-03  -1.82268e+05
  14  alpha_vw     0.00000e+00     fixed    
  15  w_vw         1.29000e+01   constant   
  16  beta_vw      0.00000e+00     fixed    
  17  LM          -9.88464e-04   constant   
  18  zeta_y       0.00000e+00   constant   
  19  zeta_vw      0.00000e+00   constant   
  20  T_CBO        4.83984e+02   7.01373e+02   6.07537e-04  -3.12194e-02
  21  alpha_A0     3.80449e-02   5.54542e-02   6.25742e-06  -1.56975e+00
  22  beta_A0     -9.94324e-02   2.59229e-02   7.31922e-06   4.56529e+00
  23  alpha_phi   -8.58073e-02   2.23206e-02   6.68568e-06  -1.47193e+00
  24  beta_phi    -1.81481e-02   4.68396e-02   4.95290e-06  -4.04084e+00
 CALL LIMIT EXCEEDED IN MIGRAD.
 MIGRAD TERMINATED WITHOUT CONVERGENCE.
 FCN=12.357 FROM MIGRAD    STATUS=CALL LIMIT   1910 CALLS        2956 TOTAL
                     EDM=0.0489863    STRATEGY= 1  ERROR MATRIX UNCERTAINTY  16.6 per cent
  EXT PARAMETER                APPROXIMATE        STEP         FIRST   
  NO.   NAME      VALUE            ERROR          SIZE      DERIVATIVE 
   1  N0           3.21597e+06   2.91207e+04   3.81226e+03  -6.29396e-04
   2  tau          6.43743e+01   constant   
   3  A0           3.45773e-01   1.56953e-03   1.56644e-04  -1.91477e+02
   4  phi          4.08825e+00   5.84031e-03  -2.96140e-04  -1.96425e+02
   5  R           -6.00908e+01   constant   
   6  alpha_CBO    2.47713e-02   3.83325e-03   5.00253e-04   5.97661e+02
   7  w_CBO        2.32500e+00   constant   
   8  beta_CBO     0.00000e+00     fixed    
   9  alpha_2CBO   0.00000e+00     fixed    
  10  beta_2CBO    8.33728e-04   7.26237e-04   5.83200e-05  -1.79130e+03
  11  alpha_y      0.00000e+00     fixed    
  12  w_y          1.44500e+01   constant   
  13  beta_y       2.52515e-03   1.61774e-04   2.26147e-06   1.19503e+02
  14  alpha_vw     0.00000e+00     fixed    
  15  w_vw         1.29000e+01   constant   
  16  beta_vw      0.00000e+00     fixed    
  17  LM          -9.88464e-04   constant   
  18  zeta_y       0.00000e+00   constant   
  19  zeta_vw      0.00000e+00   constant   
  20  T_CBO        2.13785e+02   1.93208e+01  -1.88166e-03   2.35586e+01
  21  alpha_A0    -1.65135e-01   3.80452e-02  -5.06010e-03  -2.54903e+02
  22  beta_A0      6.29533e-02   2.17252e-02   2.93827e-03  -2.02005e+02
  23  alpha_phi    1.52583e-02   1.40392e-02   1.72637e-03   4.11540e+02
  24  beta_phi     1.56271e-01   3.82720e-02   4.94789e-03   1.64554e+02
 EXTERNAL ERROR MATRIX.    NDIM=  25    NPAR= 11    ERR DEF=1
  8.480e+08 
  2.442e+01  2.463e-06 
 -5.449e+01 -3.168e-06  3.411e-05 
  1.070e+02  3.377e-06 -1.196e-05  1.469e-05 
  1.656e+01  3.438e-07 -1.407e-06  1.924e-06  5.274e-07 
  3.988e-01  2.715e-08 -1.261e-07  7.476e-08  2.265e-09  2.617e-08 
 -2.595e+04 -2.076e-02  7.537e-02 -1.362e-02 -1.414e-03 -3.423e-04  3.736e+02 
 -1.105e+03 -3.238e-05  6.224e-05 -1.393e-04 -2.052e-05 -5.188e-07  1.648e-02  1.447e-03 
  5.942e+02  2.691e-05 -4.947e-05  7.689e-05  1.086e-05  3.617e-07 -1.358e-01 -7.760e-04  4.720e-04 
  3.636e+02  1.665e-05 -3.225e-05  4.499e-05  8.459e-06  1.749e-07 -1.053e-01 -4.653e-04  2.903e-04  1.971e-04 
  1.109e+03  3.232e-05 -5.096e-05  1.361e-04  2.160e-05  4.664e-07 -2.708e-03 -1.449e-03  7.777e-04  4.779e-04  1.465e-03 
ERR MATRIX APPROXIMATE
 PARAMETER  CORRELATION COEFFICIENTS  
       NO.  GLOBAL      1      3      4      6     10     13     20     21     22     23     24
        1  0.99999   1.000  0.534 -0.320  0.959  0.783  0.085 -0.046 -0.997  0.939  0.889  0.995
        3  0.99824   0.534  1.000 -0.346  0.561  0.302  0.107 -0.684 -0.542  0.789  0.756  0.538
        4  0.99911  -0.320 -0.346  1.000 -0.534 -0.332 -0.134  0.668  0.280 -0.390 -0.393 -0.228
        6  0.99989   0.959  0.561 -0.534  1.000  0.691  0.121 -0.184 -0.955  0.923  0.836  0.928
       10  0.99897   0.783  0.302 -0.332  0.691  1.000  0.019 -0.101 -0.743  0.689  0.830  0.777
       13  0.57302   0.085  0.107 -0.134  0.121  0.019  1.000 -0.109 -0.084  0.103  0.077  0.075
       20  0.99061  -0.046 -0.684  0.668 -0.184 -0.101 -0.109  1.000  0.022 -0.323 -0.388 -0.004
       21  0.99996  -0.997 -0.542  0.280 -0.955 -0.743 -0.084  0.022  1.000 -0.939 -0.871 -0.995
       22  0.99995   0.939  0.789 -0.390  0.923  0.689  0.103 -0.323 -0.939  1.000  0.952  0.935
       23  0.99983   0.889  0.756 -0.393  0.836  0.830  0.077 -0.388 -0.871  0.952  1.000  0.889
       24  0.99998   0.995  0.538 -0.228  0.928  0.777  0.075 -0.004 -0.995  0.935  0.889  1.000
 ERR MATRIX APPROXIMATE
MINUIT - FIT ONLY 2-CBO
 **********
 **   25 **RES 
 **********
                   PARAMETER   16  beta_vw RESTORED TO VARIABLE.
                   PARAMETER   14  alpha_vw RESTORED TO VARIABLE.
                   PARAMETER   11  alpha_y RESTORED TO VARIABLE.
                   PARAMETER    9  alpha_2CBO RESTORED TO VARIABLE.
                   PARAMETER    8  beta_CBO RESTORED TO VARIABLE.
 **********
 **   26 **FIX            0
 **********
 PARAMETER    0  IS UNDEFINED. IGNORED.
 **********
 **   27 **FIX            1
 **********
 **********
 **   28 **FIX            2
 **********
 PARAMETER    2  IS CONSTANT.   IGNORED.
 **********
 **   29 **FIX            3
 **********
 **********
 **   30 **FIX            4
 **********
 **********
 **   31 **FIX            5
 **********
 PARAMETER    5  IS CONSTANT.   IGNORED.
 **********
 **   32 **FIX            6
 **********
 **********
 **   33 **FIX            7
 **********
 PARAMETER    7  IS CONSTANT.   IGNORED.
 **********
 **   34 **FIX           10
 **********
 **********
 **   35 **FIX           11
 **********
 **********
 **   36 **FIX           12
 **********
 PARAMETER   12  IS CONSTANT.   IGNORED.
 **********
 **   37 **FIX           13
 **********
 **********
 **   38 **FIX           14
 **********
 **********
 **   39 **FIX           15
 **********
 PARAMETER   15  IS CONSTANT.   IGNORED.
 **********
 **   40 **FIX           16
 **********
 **********
 **   41 **MIGRAD
 **********
 START MIGRAD MINIMIZATION.  STRATEGY  1.  CONVERGENCE WHEN EDM .LT. 1.00e-04
 FCN=12.357 FROM MIGRAD    STATUS=INITIATE       18 CALLS        2974 TOTAL
                     EDM= unknown      STRATEGY= 1      NO ERROR MATRIX       
  EXT PARAMETER               CURRENT GUESS       STEP         FIRST   
  NO.   NAME      VALUE            ERROR          SIZE      DERIVATIVE 
   1  N0           3.21597e+06     fixed    
   2  tau          6.43743e+01   constant   
   3  A0           3.45773e-01     fixed    
   4  phi          4.08825e+00     fixed    
   5  R           -6.00908e+01   constant   
   6  alpha_CBO    2.47713e-02     fixed    
   7  w_CBO        2.32500e+00   constant   
   8  beta_CBO     0.00000e+00   1.00000e-03   1.00000e-03  -6.05642e+02
   9  alpha_2CBO   0.00000e+00   1.00000e-03   1.00000e-03  -9.33142e+02
  10  beta_2CBO    8.33728e-04     fixed    
  11  alpha_y      0.00000e+00     fixed    
  12  w_y          1.44500e+01   constant   
  13  beta_y       2.52515e-03     fixed    
  14  alpha_vw     0.00000e+00     fixed    
  15  w_vw         1.29000e+01   constant   
  16  beta_vw      0.00000e+00     fixed    
  17  LM          -9.88464e-04   constant   
  18  zeta_y       0.00000e+00   constant   
  19  zeta_vw      0.00000e+00   constant   
  20  T_CBO        2.13785e+02   1.93208e+01  -1.88166e-03   2.35586e+01
  21  alpha_A0    -1.65135e-01   3.80452e-02  -5.06010e-03  -2.54903e+02
  22  beta_A0      6.29533e-02   2.17252e-02   2.93827e-03  -2.02005e+02
  23  alpha_phi    1.52583e-02   1.40392e-02   1.72637e-03   4.11540e+02
  24  beta_phi     1.56271e-01   3.82720e-02   4.94789e-03   1.64554e+02
 MIGRAD MINIMIZATION HAS CONVERGED.
 MIGRAD WILL VERIFY CONVERGENCE AND ERROR MATRIX.
 COVARIANCE MATRIX CALCULATED SUCCESSFULLY
 FCN=12.3122 FROM HESSE     STATUS=OK             50 CALLS        3122 TOTAL
                     EDM=0.000162506    STRATEGY= 1      ERROR MATRIX ACCURATE 
  EXT PARAMETER                                   STEP         FIRST   
  NO.   NAME      VALUE            ERROR          SIZE      DERIVATIVE 
   1  N0           3.21597e+06     fixed    
   2  tau          6.43743e+01   constant   
   3  A0           3.45773e-01     fixed    
   4  phi          4.08825e+00     fixed    
   5  R           -6.00908e+01   constant   
   6  alpha_CBO    2.47713e-02     fixed    
   7  w_CBO        2.32500e+00   constant   
   8  beta_CBO     2.67127e-05   4.63506e-04   2.90816e-07  -7.55348e-01
   9  alpha_2CBO  -1.00640e-05   3.36135e-04   2.76282e-07  -1.30101e+00
  10  beta_2CBO    8.33728e-04     fixed    
  11  alpha_y      0.00000e+00     fixed    
  12  w_y          1.44500e+01   constant   
  13  beta_y       2.52515e-03     fixed    
  14  alpha_vw     0.00000e+00     fixed    
  15  w_vw         1.29000e+01   constant   
  16  beta_vw      0.00000e+00     fixed    
  17  LM          -9.88464e-04   constant   
  18  zeta_y       0.00000e+00   constant   
  19  zeta_vw      0.00000e+00   constant   
  20  T_CBO        2.13671e+02   5.37705e+02   1.42505e-05   4.09980e-02
  21  alpha_A0    -1.65143e-01   1.10826e-01   1.32032e-06  -3.44316e-01
  22  beta_A0      6.28636e-02   3.91891e-02   1.44975e-06  -2.70184e-01
  23  alpha_phi    1.50271e-02   8.01070e-03   1.69843e-06   3.73968e-01
  24  beta_phi     1.56264e-01   1.03692e-01   1.27460e-06   1.42099e-01
 CALL LIMIT EXCEEDED IN MIGRAD.
 MIGRAD TERMINATED WITHOUT CONVERGENCE.
 FCN=12.3095 FROM MIGRAD    STATUS=CALL LIMIT   1165 CALLS        4121 TOTAL
                     EDM=2.5737e-05    STRATEGY= 1  ERROR MATRIX UNCERTAINTY  20.3 per cent
  EXT PARAMETER                APPROXIMATE        STEP         FIRST   
  NO.   NAME      VALUE            ERROR          SIZE      DERIVATIVE 
   1  N0           3.21597e+06     fixed    
   2  tau          6.43743e+01   constant   
   3  A0           3.45773e-01     fixed    
   4  phi          4.08825e+00     fixed    
   5  R           -6.00908e+01   constant   
   6  alpha_CBO    2.47713e-02     fixed    
   7  w_CBO        2.32500e+00   constant   
   8  beta_CBO     4.20399e-05   4.50802e-04  -4.27046e-07  -2.34824e+01
   9  alpha_2CBO  -9.46883e-06   3.26638e-04   2.35828e-07   4.12418e+00
  10  beta_2CBO    8.33728e-04     fixed    
  11  alpha_y      0.00000e+00     fixed    
  12  w_y          1.44500e+01   constant   
  13  beta_y       2.52515e-03     fixed    
  14  alpha_vw     0.00000e+00     fixed    
  15  w_vw         1.29000e+01   constant   
  16  beta_vw      0.00000e+00     fixed    
  17  LM          -9.88464e-04   constant   
  18  zeta_y       0.00000e+00   constant   
  19  zeta_vw      0.00000e+00   constant   
  20  T_CBO        1.57381e+02   2.00577e+02  -2.95440e-03  -1.55352e+00
  21  alpha_A0    -1.77579e-01   6.54842e-02  -3.30819e-04   7.48864e+00
  22  beta_A0      6.72402e-02   2.30805e-02   1.16827e-04  -1.57109e+00
  23  alpha_phi    1.59000e-02   4.80314e-03   2.32013e-05  -3.34812e+00
  24  beta_phi     1.67894e-01   6.12208e-02   3.09431e-04  -6.01947e+00
 EXTERNAL ERROR MATRIX.    NDIM=  25    NPAR=  7    ERR DEF=1
  2.032e-07 -3.733e-08 -1.128e-02 -3.494e-06  1.497e-07 -1.322e-07  2.979e-06 
 -3.733e-08  1.067e-07 -1.812e-03 -7.571e-07  3.635e-07  3.641e-07  2.463e-07 
 -1.128e-02 -1.812e-03  4.512e+04  1.391e+01 -4.873e+00 -9.621e-01 -1.300e+01 
 -3.494e-06 -7.571e-07  1.391e+01  4.288e-03 -1.502e-03 -2.966e-04 -4.007e-03 
  1.497e-07  3.635e-07 -4.873e+00 -1.502e-03  5.327e-04  1.059e-04  1.406e-03 
 -1.322e-07  3.641e-07 -9.621e-01 -2.966e-04  1.059e-04  2.307e-05  2.768e-04 
  2.979e-06  2.463e-07 -1.300e+01 -4.007e-03  1.406e-03  2.768e-04  3.748e-03 
ERR MATRIX APPROXIMATE
 PARAMETER  CORRELATION COEFFICIENTS  
       NO.  GLOBAL      8      9     20     21     22     23     24
        8  0.94464   1.000 -0.254 -0.118 -0.118  0.014 -0.061  0.108
        9  0.89166  -0.254  1.000 -0.026 -0.035  0.048  0.232  0.012
       20  0.99997  -0.118 -0.026  1.000  1.000 -0.994 -0.943 -1.000
       21  0.99994  -0.118 -0.035  1.000  1.000 -0.994 -0.943 -0.999
       22  0.99932   0.014  0.048 -0.994 -0.994  1.000  0.956  0.995
       23  0.98086  -0.061  0.232 -0.943 -0.943  0.956  1.000  0.941
       24  0.99993   0.108  0.012 -1.000 -0.999  0.995  0.941  1.000
 ERR MATRIX APPROXIMATE
MINUIT - FIT wiggle + 1-CBO + 2-CBO
 **********
 **   42 **RES 
 **********
                   PARAMETER   16  beta_vw RESTORED TO VARIABLE.
                   PARAMETER   14  alpha_vw RESTORED TO VARIABLE.
                   PARAMETER   13  beta_y RESTORED TO VARIABLE.
                   PARAMETER   11  alpha_y RESTORED TO VARIABLE.
                   PARAMETER   10  beta_2CBO RESTORED TO VARIABLE.
                   PARAMETER    6  alpha_CBO RESTORED TO VARIABLE.
                   PARAMETER    4  phi RESTORED TO VARIABLE.
                   PARAMETER    3  A0 RESTORED TO VARIABLE.
                   PARAMETER    1  N0 RESTORED TO VARIABLE.
 **********
 **   43 **FIX           10
 **********
 **********
 **   44 **FIX           11
 **********
 **********
 **   45 **FIX           12
 **********
 PARAMETER   12  IS CONSTANT.   IGNORED.
 **********
 **   46 **FIX           13
 **********
 **********
 **   47 **FIX           14
 **********
 **********
 **   48 **FIX           15
 **********
 PARAMETER   15  IS CONSTANT.   IGNORED.
 **********
 **   49 **FIX           16
 **********
 **********
 **   50 **MIGRAD
 **********
 START MIGRAD MINIMIZATION.  STRATEGY  1.  CONVERGENCE WHEN EDM .LT. 1.00e-04
 FCN=12.3095 FROM MIGRAD    STATUS=INITIATE       22 CALLS        4143 TOTAL
                     EDM= unknown      STRATEGY= 1      NO ERROR MATRIX       
  EXT PARAMETER               CURRENT GUESS       STEP         FIRST   
  NO.   NAME      VALUE            ERROR          SIZE      DERIVATIVE 
   1  N0           3.21597e+06   2.91207e+04   2.91207e+04   9.03438e-05
   2  tau          6.43743e+01   constant   
   3  A0           3.45773e-01   1.56953e-03   1.56953e-03   2.15114e+02
   4  phi          4.08825e+00   5.84031e-03   5.84031e-03  -1.02071e+02
   5  R           -6.00908e+01   constant   
   6  alpha_CBO    2.47713e-02   3.83325e-03   3.83325e-03  -6.19584e+02
   7  w_CBO        2.32500e+00   constant   
   8  beta_CBO     4.20399e-05   4.50802e-04  -4.27046e-07  -2.34824e+01
   9  alpha_2CBO  -9.46883e-06   3.26638e-04   2.35828e-07   4.12419e+00
  10  beta_2CBO    8.33728e-04     fixed    
  11  alpha_y      0.00000e+00     fixed    
  12  w_y          1.44500e+01   constant   
  13  beta_y       2.52515e-03     fixed    
  14  alpha_vw     0.00000e+00     fixed    
  15  w_vw         1.29000e+01   constant   
  16  beta_vw      0.00000e+00     fixed    
  17  LM          -9.88464e-04   constant   
  18  zeta_y       0.00000e+00   constant   
  19  zeta_vw      0.00000e+00   constant   
  20  T_CBO        1.57381e+02   2.00577e+02  -2.95440e-03  -1.55352e+00
  21  alpha_A0    -1.77579e-01   6.54842e-02  -3.30819e-04   7.48863e+00
  22  beta_A0      6.72402e-02   2.30805e-02   1.16827e-04  -1.57110e+00
  23  alpha_phi    1.59000e-02   4.80314e-03   2.32013e-05  -3.34812e+00
  24  beta_phi     1.67894e-01   6.12208e-02   3.09431e-04  -6.01947e+00
 MIGRAD MINIMIZATION HAS CONVERGED.
 MIGRAD WILL VERIFY CONVERGENCE AND ERROR MATRIX.
 FCN=11.5443 FROM HESSE     STATUS=NOT POSDEF    100 CALLS        4513 TOTAL
                     EDM=0.00083055    STRATEGY= 1      ERR MATRIX NOT POS-DEF
  EXT PARAMETER                APPROXIMATE        STEP         FIRST   
  NO.   NAME      VALUE            ERROR          SIZE      DERIVATIVE 
   1  N0           3.21651e+06   4.39183e+03   1.53375e+00  -1.77972e-06
   2  tau          6.43743e+01   constant   
   3  A0           3.44919e-01   1.85750e-03   2.70576e-07   9.35484e+00
   4  phi          4.08879e+00   5.60550e-03   1.94969e-06  -1.44509e+00
   5  R           -6.00908e+01   constant   
   6  alpha_CBO    2.69095e-02   1.45991e-03   2.70494e-07   1.39977e+01
   7  w_CBO        2.32500e+00   constant   
   8  beta_CBO     2.18328e-03   1.35599e-03   2.82042e-07   4.05412e+00
   9  alpha_2CBO   8.58938e-04   5.49141e-04   2.68092e-07  -6.37922e+00
  10  beta_2CBO    8.33728e-04     fixed    
  11  alpha_y      0.00000e+00     fixed    
  12  w_y          1.44500e+01   constant   
  13  beta_y       2.52515e-03     fixed    
  14  alpha_vw     0.00000e+00     fixed    
  15  w_vw         1.29000e+01   constant   
  16  beta_vw      0.00000e+00     fixed    
  17  LM          -9.88464e-04   constant   
  18  zeta_y       0.00000e+00   constant   
  19  zeta_vw      0.00000e+00   constant   
  20  T_CBO        1.59540e+02   2.34611e+01   8.49672e-06   3.61900e-02
  21  alpha_A0    -1.91931e-01   8.90407e-03   1.38840e-06  -2.17566e+00
  22  beta_A0      4.87275e-02   8.62756e-03   1.53794e-06   1.82099e+00
  23  alpha_phi   -9.96694e-04   7.76052e-03   1.76316e-06   2.17581e+00
  24  beta_phi     1.61076e-01   8.36008e-03   1.31697e-06  -2.44035e+00
 CALL LIMIT EXCEEDED IN MIGRAD.
 MIGRAD TERMINATED WITHOUT CONVERGENCE.
 FCN=9.21563 FROM MIGRAD    STATUS=CALL LIMIT   1921 CALLS        6042 TOTAL
                     EDM=0.0154232    STRATEGY= 1      ERR MATRIX NOT POS-DEF
  EXT PARAMETER                APPROXIMATE        STEP         FIRST   
  NO.   NAME      VALUE            ERROR          SIZE      DERIVATIVE 
   1  N0           3.20639e+06   1.76550e+04  -1.18440e+03  -2.72221e-04
   2  tau          6.43743e+01   constant   
   3  A0           3.40553e-01   1.05525e-02   8.37708e-04  -1.18746e+03
   4  phi          4.31172e+00   5.14262e-02   4.08872e-03   2.05468e+02
   5  R           -6.00908e+01   constant   
   6  alpha_CBO   -2.18889e-02   1.07918e-02  -8.19887e-04   4.59499e+02
   7  w_CBO        2.32500e+00   constant   
   8  beta_CBO     4.00265e-03   6.59947e-03   4.93458e-04   8.94082e+02
   9  alpha_2CBO  -9.62964e-03   8.31960e-04  -4.99348e-05  -4.90161e+02
  10  beta_2CBO    8.33728e-04     fixed    
  11  alpha_y      0.00000e+00     fixed    
  12  w_y          1.44500e+01   constant   
  13  beta_y       2.52515e-03     fixed    
  14  alpha_vw     0.00000e+00     fixed    
  15  w_vw         1.29000e+01   constant   
  16  beta_vw      0.00000e+00     fixed    
  17  LM          -9.88464e-04   constant   
  18  zeta_y       0.00000e+00   constant   
  19  zeta_vw      0.00000e+00   constant   
  20  T_CBO        5.44955e+02   7.14084e+01   1.11292e-02   3.50269e-01
  21  alpha_A0    -2.08477e-01   1.48604e-02  -2.28946e-05  -1.30792e+02
  22  beta_A0     -6.58929e-02   2.43445e-02  -1.67462e-03   1.87037e+02
  23  alpha_phi   -5.25960e-02   8.73915e-03   4.39532e-04   1.11342e+02
  24  beta_phi     3.02523e-01   8.87837e-03  -1.15583e-04  -8.09509e+00
 EXTERNAL ERROR MATRIX.    NDIM=  25    NPAR= 11    ERR DEF=1
  3.117e+08 
 -1.387e+02  1.114e-04 
 -8.147e+02  5.094e-04  2.645e-03 
  1.803e+02 -9.970e-05 -5.463e-04  1.165e-04 
 -8.001e+01  6.857e-05  3.078e-04 -5.862e-05  4.355e-05 
  1.027e+01 -5.136e-06 -3.167e-05  7.145e-06 -2.742e-06  6.922e-07 
 -1.079e+06  6.902e-01  3.635e+00 -7.432e-01  4.255e-01 -4.353e-02  5.135e+03 
 -1.402e+02 -2.118e-05  1.060e-04 -4.871e-05 -2.322e-05 -4.661e-06  8.001e-02  2.208e-04 
  3.970e+02 -2.078e-04 -1.182e-03  2.486e-04 -1.293e-04  1.370e-05 -1.666e+00 -9.753e-05  5.927e-04 
 -8.892e+01  6.536e-05  2.836e-04 -6.072e-05  3.430e-05 -3.920e-06  3.245e-01  2.047e-05 -8.342e-05  7.637e-05 
  9.116e+01 -1.843e-05 -1.319e-04  3.145e-05 -1.278e-05 -5.971e-07 -1.525e-01 -6.829e-05  1.014e-04 -4.071e-06  7.883e-05 
ERR MATRIX NOT POS-DEF
 PARAMETER  CORRELATION COEFFICIENTS  
       NO.  GLOBAL      1      3      4      6      8      9     20     21     22     23     24
        1  0.99997   1.000 -0.744 -0.897  0.947 -0.687  0.699 -0.853 -0.535  0.924 -0.576  0.582
        3  0.99998  -0.744  1.000  0.939 -0.875  0.985 -0.585  0.913 -0.135 -0.809  0.709 -0.197
        4  0.99999  -0.897  0.939  1.000 -0.984  0.907 -0.740  0.986  0.139 -0.944  0.631 -0.289
        6  0.99996   0.947 -0.875 -0.984  1.000 -0.823  0.796 -0.961 -0.304  0.946 -0.644  0.328
        8  0.99994  -0.687  0.985  0.907 -0.823  1.000 -0.499  0.900 -0.237 -0.805  0.595 -0.218
        9  0.99196   0.699 -0.585 -0.740  0.796 -0.499  1.000 -0.730 -0.377  0.676 -0.539 -0.081
       20  0.99973  -0.853  0.913  0.986 -0.961  0.900 -0.730  1.000  0.075 -0.955  0.518 -0.240
       21  0.99976  -0.535 -0.135  0.139 -0.304 -0.237 -0.377  0.075  1.000 -0.270  0.158 -0.518
       22  0.99989   0.924 -0.809 -0.944  0.946 -0.805  0.676 -0.955 -0.270  1.000 -0.392  0.469
       23  0.99847  -0.576  0.709  0.631 -0.644  0.595 -0.539  0.518  0.158 -0.392  1.000 -0.052
       24  0.99875   0.582 -0.197 -0.289  0.328 -0.218 -0.081 -0.240 -0.518  0.469 -0.052  1.000
 ERR MATRIX NOT POS-DEF
MINUIT - FIT ONLY 1-y
 **********
 **   51 **RES 
 **********
                   PARAMETER   16  beta_vw RESTORED TO VARIABLE.
                   PARAMETER   14  alpha_vw RESTORED TO VARIABLE.
                   PARAMETER   13  beta_y RESTORED TO VARIABLE.
                   PARAMETER   11  alpha_y RESTORED TO VARIABLE.
                   PARAMETER   10  beta_2CBO RESTORED TO VARIABLE.
 **********
 **   52 **FIX            0
 **********
 PARAMETER    0  IS UNDEFINED. IGNORED.
 **********
 **   53 **FIX            1
 **********
 **********
 **   54 **FIX            2
 **********
 PARAMETER    2  IS CONSTANT.   IGNORED.
 **********
 **   55 **FIX            3
 **********
 **********
 **   56 **FIX            4
 **********
 **********
 **   57 **FIX            5
 **********
 PARAMETER    5  IS CONSTANT.   IGNORED.
 **********
 **   58 **FIX            6
 **********
 **********
 **   59 **FIX            7
 **********
 PARAMETER    7  IS CONSTANT.   IGNORED.
 **********
 **   60 **FIX            8
 **********
 **********
 **   61 **FIX            9
 **********
 **********
 **   62 **FIX           13
 **********
 **********
 **   63 **FIX           14
 **********
 **********
 **   64 **FIX           15
 **********
 PARAMETER   15  IS CONSTANT.   IGNORED.
 **********
 **   65 **FIX           16
 **********
 **********
 **   66 **MIGRAD
 **********
 START MIGRAD MINIMIZATION.  STRATEGY  1.  CONVERGENCE WHEN EDM .LT. 1.00e-04
 FCN=9.21563 FROM MIGRAD    STATUS=INITIATE       16 CALLS        6058 TOTAL
                     EDM= unknown      STRATEGY= 1      NO ERROR MATRIX       
  EXT PARAMETER               CURRENT GUESS       STEP         FIRST   
  NO.   NAME      VALUE            ERROR          SIZE      DERIVATIVE 
   1  N0           3.20639e+06     fixed    
   2  tau          6.43743e+01   constant   
   3  A0           3.40553e-01     fixed    
   4  phi          4.31172e+00     fixed    
   5  R           -6.00908e+01   constant   
   6  alpha_CBO   -2.18889e-02     fixed    
   7  w_CBO        2.32500e+00   constant   
   8  beta_CBO     4.00265e-03     fixed    
   9  alpha_2CBO  -9.62964e-03     fixed    
  10  beta_2CBO    8.33728e-04   7.26237e-04   7.26237e-04   3.44819e+02
  11  alpha_y      0.00000e+00   1.00000e-03   1.00000e-03   2.46915e+04
  12  w_y          1.44500e+01   constant   
  13  beta_y       2.52515e-03     fixed    
  14  alpha_vw     0.00000e+00     fixed    
  15  w_vw         1.29000e+01   constant   
  16  beta_vw      0.00000e+00     fixed    
  17  LM          -9.88464e-04   constant   
  18  zeta_y       0.00000e+00   constant   
  19  zeta_vw      0.00000e+00   constant   
  20  T_CBO        5.44955e+02   7.14084e+01   1.11292e-02   3.50269e-01
  21  alpha_A0    -2.08477e-01   1.48604e-02  -2.28946e-05  -1.30792e+02
  22  beta_A0     -6.58929e-02   2.43445e-02  -1.67462e-03   1.87037e+02
  23  alpha_phi   -5.25960e-02   8.73915e-03   4.39532e-04   1.11342e+02
  24  beta_phi     3.02523e-01   8.87837e-03  -1.15583e-04  -8.09509e+00
 MIGRAD MINIMIZATION HAS CONVERGED.
 FCN=5.1493 FROM MIGRAD    STATUS=CONVERGED     126 CALLS        6168 TOTAL
                     EDM=2.16667e-07    STRATEGY= 1  ERROR MATRIX UNCERTAINTY   2.6 per cent
  EXT PARAMETER                                   STEP         FIRST   
  NO.   NAME      VALUE            ERROR          SIZE      DERIVATIVE 
   1  N0           3.20639e+06     fixed    
   2  tau          6.43743e+01   constant   
   3  A0           3.40553e-01     fixed    
   4  phi          4.31172e+00     fixed    
   5  R           -6.00908e+01   constant   
   6  alpha_CBO   -2.18889e-02     fixed    
   7  w_CBO        2.32500e+00   constant   
   8  beta_CBO     4.00265e-03     fixed    
   9  alpha_2CBO  -9.62964e-03     fixed    
  10  beta_2CBO    7.53415e-04   2.74728e-04  -5.98591e-07  -9.41392e-02
  11  alpha_y     -3.25550e-04   1.61722e-04  -3.83510e-07  -5.25944e-02
  12  w_y          1.44500e+01   constant   
  13  beta_y       2.52515e-03     fixed    
  14  alpha_vw     0.00000e+00     fixed    
  15  w_vw         1.29000e+01   constant   
  16  beta_vw      0.00000e+00     fixed    
  17  LM          -9.88464e-04   constant   
  18  zeta_y       0.00000e+00   constant   
  19  zeta_vw      0.00000e+00   constant   
  20  T_CBO        5.45412e+02   9.68785e+00   1.32383e-05   3.07267e-02
  21  alpha_A0    -2.08446e-01   7.41370e-04   3.00094e-06   5.54384e-01
  22  beta_A0     -6.59215e-02   9.48941e-04   6.22572e-07   1.69268e-01
  23  alpha_phi   -5.31111e-02   1.56037e-03  -3.51383e-06   4.38946e-02
  24  beta_phi     3.02538e-01   7.15069e-04   3.04190e-06  -6.89738e-01
 EXTERNAL ERROR MATRIX.    NDIM=  25    NPAR=  7    ERR DEF=1
  7.548e-08  5.380e-09 -4.569e-04  6.961e-08 -1.267e-07  3.122e-07 -6.444e-09 
  5.380e-09  2.615e-08 -1.560e-05 -1.892e-09 -1.200e-09  3.267e-08 -3.983e-09 
 -4.569e-04 -1.560e-05  9.387e+01 -2.039e-04  2.657e-03 -3.325e-03 -1.193e-03 
  6.961e-08 -1.892e-09 -2.039e-04  5.496e-07 -7.702e-08  5.949e-07  1.272e-07 
 -1.267e-07 -1.200e-09  2.657e-03 -7.702e-08  9.005e-07 -3.701e-07  2.844e-07 
  3.122e-07  3.267e-08 -3.325e-03  5.949e-07 -3.701e-07  2.435e-06  1.158e-07 
 -6.444e-09 -3.983e-09 -1.193e-03  1.272e-07  2.844e-07  1.158e-07  5.113e-07 
 PARAMETER  CORRELATION COEFFICIENTS  
       NO.  GLOBAL     10     11     20     21     22     23     24
       10  0.80139   1.000  0.121 -0.172  0.342 -0.486  0.728 -0.033
       11  0.17893   0.121  1.000 -0.010 -0.016 -0.008  0.129 -0.034
       20  0.49076  -0.172 -0.010  1.000 -0.028  0.289 -0.220 -0.172
       21  0.58298   0.342 -0.016 -0.028  1.000 -0.109  0.514  0.240
       22  0.71491  -0.486 -0.008  0.289 -0.109  1.000 -0.250  0.419
       23  0.80118   0.728  0.129 -0.220  0.514 -0.250  1.000  0.104
       24  0.60489  -0.033 -0.034 -0.172  0.240  0.419  0.104  1.000
MINUIT - FIT ONLY 2-y
 **********
 **   67 **RES 
 **********
                   PARAMETER   16  beta_vw RESTORED TO VARIABLE.
                   PARAMETER   14  alpha_vw RESTORED TO VARIABLE.
                   PARAMETER   13  beta_y RESTORED TO VARIABLE.
                   PARAMETER    9  alpha_2CBO RESTORED TO VARIABLE.
                   PARAMETER    8  beta_CBO RESTORED TO VARIABLE.
                   PARAMETER    6  alpha_CBO RESTORED TO VARIABLE.
                   PARAMETER    4  phi RESTORED TO VARIABLE.
                   PARAMETER    3  A0 RESTORED TO VARIABLE.
                   PARAMETER    1  N0 RESTORED TO VARIABLE.
 **********
 **   68 **FIX            0
 **********
 PARAMETER    0  IS UNDEFINED. IGNORED.
 **********
 **   69 **FIX            1
 **********
 **********
 **   70 **FIX            2
 **********
 PARAMETER    2  IS CONSTANT.   IGNORED.
 **********
 **   71 **FIX            3
 **********
 **********
 **   72 **FIX            4
 **********
 **********
 **   73 **FIX            5
 **********
 PARAMETER    5  IS CONSTANT.   IGNORED.
 **********
 **   74 **FIX            6
 **********
 **********
 **   75 **FIX            7
 **********
 PARAMETER    7  IS CONSTANT.   IGNORED.
 **********
 **   76 **FIX            8
 **********
 **********
 **   77 **FIX            9
 **********
 **********
 **   78 **FIX           10
 **********
 **********
 **   79 **FIX           11
 **********
 **********
 **   80 **FIX           12
 **********
 PARAMETER   12  IS CONSTANT.   IGNORED.
 **********
 **   81 **FIX           16
 **********
 **********
 **   82 **MIGRAD
 **********
 START MIGRAD MINIMIZATION.  STRATEGY  1.  CONVERGENCE WHEN EDM .LT. 1.00e-04
 FCN=5.1493 FROM MIGRAD    STATUS=INITIATE       16 CALLS        6184 TOTAL
                     EDM= unknown      STRATEGY= 1      NO ERROR MATRIX       
  EXT PARAMETER               CURRENT GUESS       STEP         FIRST   
  NO.   NAME      VALUE            ERROR          SIZE      DERIVATIVE 
   1  N0           3.20639e+06     fixed    
   2  tau          6.43743e+01   constant   
   3  A0           3.40553e-01     fixed    
   4  phi          4.31172e+00     fixed    
   5  R           -6.00908e+01   constant   
   6  alpha_CBO   -2.18889e-02     fixed    
   7  w_CBO        2.32500e+00   constant   
   8  beta_CBO     4.00265e-03     fixed    
   9  alpha_2CBO  -9.62964e-03     fixed    
  10  beta_2CBO    7.53415e-04     fixed    
  11  alpha_y     -3.25550e-04     fixed    
  12  w_y          1.44500e+01   constant   
  13  beta_y       2.52515e-03   1.61774e-04   1.61774e-04   1.32536e+03
  14  alpha_vw     0.00000e+00   1.00000e-03   1.00000e-03  -1.11623e+04
  15  w_vw         1.29000e+01   constant   
