 + ++++++++++++++++++++++++++++++++++++++++++++++++++++++++++++++++++++ +
 +                                                                      +
 +           You have chose to blind your fitting according to          +
 +                omega_ref * (1 + (R +/- deltaR) *10^{-6})             +
 +                                                                      +
 + ++++++++++++++++++++++++++++++++++++++++++++++++++++++++++++++++++++ +
In main()...
reading format from /gm2data/zkhechad/run45/envelope/formats/formatB_sBin_constraintOn.txt
pBinTau 	= 0  
pBinPhi 	= 0  
constraintau 	= 1 
includeMopTerm 	= 0    
constrainMop    = 0   
Parameters after format file: pBinTau 0 pBinPhi 0 constraintau 1 includeMopTerm 0 constrainMop 0 c_e_scale 0.000000 
Opening file /gm2data/tbarrett/gm2fr/studies/run23_bunch_corrections/CorrectedFourier_Run3b.root.
reading full fit data from /gm2data/zkhechad/cboTemplates/Run4CBOTemplates/templateFits0_v2.0/noRF/sBin_constraintOn_cE0.0_seed0_noRF_calo14.root
windowBins = 17
fitting sliding window 90 from bin 226 at 33.570000 to bin 243 at 36.255600 (17 bins)

Reading data from /gm2data/cornell/histograms/aMethod/histogram_a_noRF.root
 **********
 **    1 **SET PRINTOUT            1
 **********
 **********
 **    2 **SET NOWARNINGS 
 **********
 PARAMETER DEFINITIONS:
    NO.   NAME         VALUE      STEP SIZE      LIMITS
     1 N0           3.41556e+06  1.00000e+02     no limits
     2 tau          6.43834e+01  constant
     3 A0           3.61902e-01  1.00000e-04     no limits
     4 phi          4.12125e+00  1.00000e-02     no limits
     5 R           -6.07281e+01  constant
     6 alpha_CBO    0.00000e+00  1.00000e-03     no limits
     7 w_CBO        2.32500e+00  constant
     8 beta_CBO     0.00000e+00  1.00000e-03     no limits
     9 alpha_2CBO   0.00000e+00  1.00000e-03     no limits
    10 beta_2CBO    0.00000e+00  1.00000e-03     no limits
    11 alpha_y      0.00000e+00  1.00000e-03     no limits
    12 w_y          1.44500e+01  constant
    13 beta_y       0.00000e+00  1.00000e-03     no limits
    14 alpha_vw     0.00000e+00  1.00000e-03     no limits
    15 w_vw         1.29000e+01  constant
    16 beta_vw      0.00000e+00  1.00000e-03     no limits
    17 LM          -7.06631e-04  constant
    18 zeta_y       0.00000e+00  constant
    19 zeta_vw      0.00000e+00  constant
    20 T_CBO        1.00000e+02  1.00000e+00    0.00000e+00  1.00000e+03
    21 alpha_A0     0.00000e+00  1.00000e-03     no limits
    22 beta_A0      0.00000e+00  1.00000e-03     no limits
    23 alpha_phi    0.00000e+00  1.00000e-03     no limits
    24 beta_phi     0.00000e+00  1.00000e-03     no limits
MINUIT - FIT ONLY WIGGLE
 **********
 **    3 **FIX            5
 **********
 PARAMETER    5  IS CONSTANT.   IGNORED.
 **********
 **    4 **FIX            6
 **********
 **********
 **    5 **FIX            7
 **********
 PARAMETER    7  IS CONSTANT.   IGNORED.
 **********
 **    6 **FIX            8
 **********
 **********
 **    7 **FIX            9
 **********
 **********
 **    8 **FIX           10
 **********
 **********
 **    9 **FIX           11
 **********
 **********
 **   10 **FIX           12
 **********
 PARAMETER   12  IS CONSTANT.   IGNORED.
 **********
 **   11 **FIX           13
 **********
 **********
 **   12 **FIX           14
 **********
 **********
 **   13 **FIX           15
 **********
 PARAMETER   15  IS CONSTANT.   IGNORED.
 **********
 **   14 **FIX           16
 **********
 **********
 **   15 **MIGRAD
 **********
 FIRST CALL TO USER FUNCTION AT NEW START POINT, WITH IFLAG=4.
 START MIGRAD MINIMIZATION.  STRATEGY  1.  CONVERGENCE WHEN EDM .LT. 1.00e-04
 FCN=2883.51 FROM MIGRAD    STATUS=INITIATE      431 CALLS         432 TOTAL
                     EDM= unknown      STRATEGY= 1      NO ERROR MATRIX       
  EXT PARAMETER               CURRENT GUESS       STEP         FIRST   
  NO.   NAME      VALUE            ERROR          SIZE      DERIVATIVE 
   1  N0           3.41556e+06   1.00000e+02   0.00000e+00   4.66619e-02
   2  tau          6.43834e+01   constant   
   3  A0           3.61902e-01   1.00000e-04   0.00000e+00   2.74828e+05
   4  phi          4.12125e+00   1.00000e-02   0.00000e+00  -7.87171e+04
   5  R           -6.07281e+01   constant   
   6  alpha_CBO    0.00000e+00     fixed    
   7  w_CBO        2.32500e+00   constant   
   8  beta_CBO     0.00000e+00     fixed    
   9  alpha_2CBO   0.00000e+00     fixed    
  10  beta_2CBO    0.00000e+00     fixed    
  11  alpha_y      0.00000e+00     fixed    
  12  w_y          1.44500e+01   constant   
  13  beta_y       0.00000e+00     fixed    
  14  alpha_vw     0.00000e+00     fixed    
  15  w_vw         1.29000e+01   constant   
  16  beta_vw      0.00000e+00     fixed    
  17  LM          -7.06631e-04   constant   
  18  zeta_y       0.00000e+00   constant   
  19  zeta_vw      0.00000e+00   constant   
  20  T_CBO        1.00000e+02   1.00000e+00   0.00000e+00   0.00000e+00
  21  alpha_A0     0.00000e+00   1.00000e-03   0.00000e+00  -7.81841e+04
  22  beta_A0      0.00000e+00   1.00000e-03   0.00000e+00   1.03427e+04
  23  alpha_phi    0.00000e+00   1.00000e-03   0.00000e+00   2.63837e+03
  24  beta_phi     0.00000e+00   1.00000e-03   0.00000e+00  -4.19845e+04
 CALL LIMIT EXCEEDED IN MIGRAD.
 MIGRAD TERMINATED WITHOUT CONVERGENCE.
 FCN=422.861 FROM MIGRAD    STATUS=CALL LIMIT   1336 CALLS        1337 TOTAL
                     EDM=4.09996    STRATEGY= 1  ERROR MATRIX UNCERTAINTY  24.4 per cent
  EXT PARAMETER                APPROXIMATE        STEP         FIRST   
  NO.   NAME      VALUE            ERROR          SIZE      DERIVATIVE 
   1  N0           3.35425e+06   5.97305e+03  -3.31086e+03  -2.88787e-03
   2  tau          6.43834e+01   constant   
   3  A0           3.81295e-01   3.09087e-03   2.19248e-03  -1.28286e+04
   4  phi          4.14380e+00   4.73655e-03  -9.29928e-04  -1.40646e+03
   5  R           -6.07281e+01   constant   
   6  alpha_CBO    0.00000e+00     fixed    
   7  w_CBO        2.32500e+00   constant   
   8  beta_CBO     0.00000e+00     fixed    
   9  alpha_2CBO   0.00000e+00     fixed    
  10  beta_2CBO    0.00000e+00     fixed    
  11  alpha_y      0.00000e+00     fixed    
  12  w_y          1.44500e+01   constant   
  13  beta_y       0.00000e+00     fixed    
  14  alpha_vw     0.00000e+00     fixed    
  15  w_vw         1.29000e+01   constant   
  16  beta_vw      0.00000e+00     fixed    
  17  LM          -7.06631e-04   constant   
  18  zeta_y       0.00000e+00   constant   
  19  zeta_vw      0.00000e+00   constant   
  20  T_CBO        1.74484e+02   1.93530e+01   2.80001e-02   9.36769e+01
  21  alpha_A0     9.81742e-02   9.42504e-03   7.00628e-03   3.00120e+03
  22  beta_A0     -2.40058e-02   1.12557e-02  -2.09479e-03   1.53272e+03
  23  alpha_phi   -3.04876e-02   1.11512e-02  -3.35993e-03   3.05812e+02
  24  beta_phi    -9.36939e-02   9.93731e-03  -6.95830e-03   3.49125e+02
 EXTERNAL ERROR MATRIX.    NDIM=  25    NPAR=  8    ERR DEF=1
  3.568e+07 -1.067e+01  1.978e+01 -2.802e+04 -3.435e+01  5.128e+01  5.741e+01  3.274e+01 
 -1.067e+01  9.554e-06  1.532e-06  5.455e-02  2.905e-05  2.197e-06 -3.935e-06 -3.046e-05 
  1.978e+01  1.532e-06  2.243e-05  4.124e-02  2.398e-06  5.243e-05  5.068e-05 -7.549e-06 
 -2.802e+04  5.455e-02  4.124e-02  3.749e+02  1.616e-01  9.005e-02  5.367e-02 -1.745e-01 
 -3.435e+01  2.905e-05  2.398e-06  1.616e-01  8.883e-05  1.683e-06 -1.676e-05 -9.240e-05 
  5.128e+01  2.197e-06  5.243e-05  9.005e-02  1.683e-06  1.267e-04  1.231e-04 -1.191e-05 
  5.741e+01 -3.935e-06  5.068e-05  5.367e-02 -1.676e-05  1.231e-04  1.243e-04  7.695e-06 
  3.274e+01 -3.046e-05 -7.549e-06 -1.745e-01 -9.240e-05 -1.191e-05  7.695e-06  9.875e-05 
ERR MATRIX APPROXIMATE
 PARAMETER  CORRELATION COEFFICIENTS  
       NO.  GLOBAL      1      3      4     20     21     22     23     24
        1  0.99929   1.000 -0.578  0.699 -0.242 -0.610  0.763  0.862  0.552
        3  0.99967  -0.578  1.000  0.105  0.912  0.997  0.063 -0.114 -0.992
        4  0.99895   0.699  0.105  1.000  0.450  0.054  0.983  0.959 -0.160
       20  0.99418  -0.242  0.912  0.450  1.000  0.886  0.413  0.249 -0.907
       21  0.99912  -0.610  0.997  0.054  0.886  1.000  0.016 -0.159 -0.987
       22  0.99921   0.763  0.063  0.983  0.413  0.016  1.000  0.981 -0.106
       23  0.99904   0.862 -0.114  0.959  0.249 -0.159  0.981  1.000  0.069
       24  0.99875   0.552 -0.992 -0.160 -0.907 -0.987 -0.106  0.069  1.000
 ERR MATRIX APPROXIMATE
MINUIT - FIT ONLY 1-CBO + wiggle
 **********
 **   16 **RES 
 **********
                   PARAMETER   16  beta_vw RESTORED TO VARIABLE.
                   PARAMETER   14  alpha_vw RESTORED TO VARIABLE.
                   PARAMETER   13  beta_y RESTORED TO VARIABLE.
                   PARAMETER   11  alpha_y RESTORED TO VARIABLE.
                   PARAMETER   10  beta_2CBO RESTORED TO VARIABLE.
                   PARAMETER    9  alpha_2CBO RESTORED TO VARIABLE.
                   PARAMETER    8  beta_CBO RESTORED TO VARIABLE.
                   PARAMETER    6  alpha_CBO RESTORED TO VARIABLE.
 **********
 **   17 **FIX            8
 **********
 **********
 **   18 **FIX            9
 **********
 **********
 **   19 **FIX           11
 **********
 **********
 **   20 **FIX           12
 **********
 PARAMETER   12  IS CONSTANT.   IGNORED.
 **********
 **   21 **FIX           14
 **********
 **********
 **   22 **FIX           15
 **********
 PARAMETER   15  IS CONSTANT.   IGNORED.
 **********
 **   23 **FIX           16
 **********
 **********
 **   24 **MIGRAD
 **********
 START MIGRAD MINIMIZATION.  STRATEGY  1.  CONVERGENCE WHEN EDM .LT. 1.00e-04
 FCN=422.861 FROM MIGRAD    STATUS=INITIATE       28 CALLS        1365 TOTAL
                     EDM= unknown      STRATEGY= 1      NO ERROR MATRIX       
  EXT PARAMETER               CURRENT GUESS       STEP         FIRST   
  NO.   NAME      VALUE            ERROR          SIZE      DERIVATIVE 
   1  N0           3.35425e+06   5.97305e+03  -3.31086e+03  -2.88787e-03
   2  tau          6.43834e+01   constant   
   3  A0           3.81295e-01   3.09087e-03   2.19248e-03  -1.28286e+04
   4  phi          4.14380e+00   4.73655e-03  -9.29928e-04  -1.40646e+03
   5  R           -6.07281e+01   constant   
   6  alpha_CBO    0.00000e+00   1.00000e-03   1.00000e-03   1.70149e+04
   7  w_CBO        2.32500e+00   constant   
   8  beta_CBO     0.00000e+00     fixed    
   9  alpha_2CBO   0.00000e+00     fixed    
  10  beta_2CBO    0.00000e+00   1.00000e-03   1.00000e-03   1.73820e+03
  11  alpha_y      0.00000e+00     fixed    
  12  w_y          1.44500e+01   constant   
  13  beta_y       0.00000e+00   1.00000e-03   1.00000e-03  -7.95577e+04
  14  alpha_vw     0.00000e+00     fixed    
  15  w_vw         1.29000e+01   constant   
  16  beta_vw      0.00000e+00     fixed    
  17  LM          -7.06631e-04   constant   
  18  zeta_y       0.00000e+00   constant   
  19  zeta_vw      0.00000e+00   constant   
  20  T_CBO        1.74484e+02   1.93530e+01   2.80001e-02   9.36769e+01
  21  alpha_A0     9.81742e-02   9.42504e-03   7.00628e-03   3.00120e+03
  22  beta_A0     -2.40058e-02   1.12557e-02  -2.09479e-03   1.53272e+03
  23  alpha_phi   -3.04876e-02   1.11512e-02  -3.35993e-03   3.05812e+02
  24  beta_phi    -9.36939e-02   9.93731e-03  -6.95830e-03   3.49125e+02
 MIGRAD MINIMIZATION HAS CONVERGED.
 MIGRAD WILL VERIFY CONVERGENCE AND ERROR MATRIX.
 COVARIANCE MATRIX CALCULATED SUCCESSFULLY
 FCN=320.63 FROM MIGRAD    STATUS=CONVERGED    1607 CALLS        2944 TOTAL
                     EDM=4.27671e-05    STRATEGY= 1      ERROR MATRIX ACCURATE 
  EXT PARAMETER                                   STEP         FIRST   
  NO.   NAME      VALUE            ERROR          SIZE      DERIVATIVE 
   1  N0           3.27879e+06   2.44848e+04   3.19513e+00   1.77098e-07
   2  tau          6.43834e+01   constant   
   3  A0           4.48428e-01   1.78225e-02   1.49304e-06   5.80216e+00
   4  phi          4.13846e+00   1.28973e-02   2.53320e-06   3.22706e+00
   5  R           -6.07281e+01   constant   
   6  alpha_CBO   -7.16985e-03   8.11729e-03   1.36113e-06   1.94297e-01
   7  w_CBO        2.32500e+00   constant   
   8  beta_CBO     0.00000e+00     fixed    
   9  alpha_2CBO   0.00000e+00     fixed    
  10  beta_2CBO    4.35348e-03   2.70903e-03   1.43261e-06  -7.66489e+00
  11  alpha_y      0.00000e+00     fixed    
  12  w_y          1.44500e+01   constant   
  13  beta_y       1.38165e-03   1.70759e-04   1.37188e-06   3.32459e+00
  14  alpha_vw     0.00000e+00     fixed    
  15  w_vw         1.29000e+01   constant   
  16  beta_vw      0.00000e+00     fixed    
  17  LM          -7.06631e-04   constant   
  18  zeta_y       0.00000e+00   constant   
  19  zeta_vw      0.00000e+00   constant   
  20  T_CBO        9.63960e+02   9.72296e+02   1.35920e-03  -5.11647e-04
  21  alpha_A0     2.62662e-01   2.35794e-02   3.86147e-06   5.66225e-01
  22  beta_A0     -3.79209e-02   9.50885e-03   3.58146e-06  -3.08628e+00
  23  alpha_phi   -7.47945e-02   1.28856e-02   4.49720e-06   1.25026e+00
  24  beta_phi    -2.51769e-01   2.29998e-02   3.85469e-06   2.63799e+00
 EXTERNAL ERROR MATRIX.    NDIM=  25    NPAR= 11    ERR DEF=1
  5.995e+08 
  3.229e+02  3.176e-04 
 -2.850e+02 -2.022e-04  1.663e-04 
  1.966e+02  1.158e-04 -9.918e-05  6.589e-05 
  5.055e+01  4.771e-05 -3.112e-05  1.783e-05  7.339e-06 
 -1.071e+00 -1.178e-07  3.653e-07 -3.391e-07 -1.507e-08  2.916e-08 
 -2.626e+05 -2.022e-01  1.395e-01 -6.537e-02 -3.169e-02 -8.609e-05  2.137e+05 
  1.788e+02  3.574e-04 -1.679e-04  7.436e-05  5.295e-05  5.862e-07 -2.355e+00  5.560e-04 
  2.009e+02  1.287e-04 -8.569e-05  6.448e-05  1.972e-05 -2.777e-07  1.880e-01  1.009e-04  9.042e-05 
  2.899e+02  1.529e-04 -1.184e-04  9.166e-05  2.399e-05 -4.944e-07  4.794e-01  8.227e-05  1.190e-04  1.660e-04 
 -2.452e+02 -3.727e-04  1.892e-04 -9.546e-05 -5.481e-05 -3.425e-07  2.284e+00 -5.343e-04 -1.241e-04 -1.185e-04  5.290e-04 
 PARAMETER  CORRELATION COEFFICIENTS  
       NO.  GLOBAL      1      3      4      6     10     13     20     21     22     23     24
        1  0.99989   1.000  0.740 -0.903  0.989  0.762 -0.256 -0.023  0.310  0.863  0.919 -0.435
        3  0.99995   0.740  1.000 -0.879  0.801  0.988 -0.039 -0.025  0.850  0.760  0.666 -0.909
        4  0.99975  -0.903 -0.879  1.000 -0.947 -0.891  0.166  0.023 -0.552 -0.699 -0.713  0.638
        6  0.99982   0.989  0.801 -0.947  1.000  0.811 -0.245 -0.017  0.389  0.835  0.876 -0.511
       10  0.99817   0.762  0.988 -0.891  0.811  1.000 -0.033 -0.025  0.829  0.765  0.687 -0.880
       13  0.39784  -0.256 -0.039  0.166 -0.245 -0.033  1.000 -0.001  0.146 -0.171 -0.225 -0.087
       20  0.99805  -0.023 -0.025  0.023 -0.017 -0.025 -0.001  1.000 -0.216  0.043  0.080  0.215
       21  0.99983   0.310  0.850 -0.552  0.389  0.829  0.146 -0.216  1.000  0.450  0.271 -0.985
       22  0.99907   0.863  0.760 -0.699  0.835  0.765 -0.171  0.043  0.450  1.000  0.971 -0.567
       23  0.99921   0.919  0.666 -0.713  0.876  0.687 -0.225  0.080  0.271  0.971  1.000 -0.400
       24  0.99982  -0.435 -0.909  0.638 -0.511 -0.880 -0.087  0.215 -0.985 -0.567 -0.400  1.000
MINUIT - FIT ONLY 2-CBO
 **********
 **   25 **RES 
 **********
                   PARAMETER   16  beta_vw RESTORED TO VARIABLE.
                   PARAMETER   14  alpha_vw RESTORED TO VARIABLE.
                   PARAMETER   11  alpha_y RESTORED TO VARIABLE.
                   PARAMETER    9  alpha_2CBO RESTORED TO VARIABLE.
                   PARAMETER    8  beta_CBO RESTORED TO VARIABLE.
 **********
 **   26 **FIX            0
 **********
 PARAMETER    0  IS UNDEFINED. IGNORED.
 **********
 **   27 **FIX            1
 **********
 **********
 **   28 **FIX            2
 **********
 PARAMETER    2  IS CONSTANT.   IGNORED.
 **********
 **   29 **FIX            3
 **********
 **********
 **   30 **FIX            4
 **********
 **********
 **   31 **FIX            5
 **********
 PARAMETER    5  IS CONSTANT.   IGNORED.
 **********
 **   32 **FIX            6
 **********
 **********
 **   33 **FIX            7
 **********
 PARAMETER    7  IS CONSTANT.   IGNORED.
 **********
 **   34 **FIX           10
 **********
 **********
 **   35 **FIX           11
 **********
 **********
 **   36 **FIX           12
 **********
 PARAMETER   12  IS CONSTANT.   IGNORED.
 **********
 **   37 **FIX           13
 **********
 **********
 **   38 **FIX           14
 **********
 **********
 **   39 **FIX           15
 **********
 PARAMETER   15  IS CONSTANT.   IGNORED.
 **********
 **   40 **FIX           16
 **********
 **********
 **   41 **MIGRAD
 **********
 START MIGRAD MINIMIZATION.  STRATEGY  1.  CONVERGENCE WHEN EDM .LT. 1.00e-04
 FCN=320.63 FROM MIGRAD    STATUS=INITIATE       18 CALLS        2962 TOTAL
                     EDM= unknown      STRATEGY= 1      NO ERROR MATRIX       
  EXT PARAMETER               CURRENT GUESS       STEP         FIRST   
  NO.   NAME      VALUE            ERROR          SIZE      DERIVATIVE 
   1  N0           3.27879e+06     fixed    
   2  tau          6.43834e+01   constant   
   3  A0           4.48428e-01     fixed    
   4  phi          4.13846e+00     fixed    
   5  R           -6.07281e+01   constant   
   6  alpha_CBO   -7.16985e-03     fixed    
   7  w_CBO        2.32500e+00   constant   
   8  beta_CBO     0.00000e+00   1.00000e-03   1.00000e-03  -1.97965e+02
   9  alpha_2CBO   0.00000e+00   1.00000e-03   1.00000e-03   2.81482e+03
  10  beta_2CBO    4.35348e-03     fixed    
  11  alpha_y      0.00000e+00     fixed    
  12  w_y          1.44500e+01   constant   
  13  beta_y       1.38165e-03     fixed    
  14  alpha_vw     0.00000e+00     fixed    
  15  w_vw         1.29000e+01   constant   
  16  beta_vw      0.00000e+00     fixed    
  17  LM          -7.06631e-04   constant   
  18  zeta_y       0.00000e+00   constant   
  19  zeta_vw      0.00000e+00   constant   
  20  T_CBO        9.63960e+02   9.72296e+02   1.35920e-03  -5.47052e-04
  21  alpha_A0     2.62662e-01   2.35794e-02   3.86147e-06   5.66247e-01
  22  beta_A0     -3.79209e-02   9.50885e-03   3.58146e-06  -3.08624e+00
  23  alpha_phi   -7.47945e-02   1.28856e-02   4.49720e-06   1.25025e+00
  24  beta_phi    -2.51769e-01   2.29998e-02   3.85469e-06   2.63798e+00
 MIGRAD MINIMIZATION HAS CONVERGED.
 MIGRAD WILL VERIFY CONVERGENCE AND ERROR MATRIX.
 COVARIANCE MATRIX CALCULATED SUCCESSFULLY
 FCN=320.346 FROM HESSE     STATUS=OK             52 CALLS        3124 TOTAL
                     EDM=0.000246862    STRATEGY= 1      ERROR MATRIX ACCURATE 
  EXT PARAMETER                                   STEP         FIRST   
  NO.   NAME      VALUE            ERROR          SIZE      DERIVATIVE 
   1  N0           3.27879e+06     fixed    
   2  tau          6.43834e+01   constant   
   3  A0           4.48428e-01     fixed    
   4  phi          4.13846e+00     fixed    
   5  R           -6.07281e+01   constant   
   6  alpha_CBO   -7.16985e-03     fixed    
   7  w_CBO        2.32500e+00   constant   
   8  beta_CBO     1.80997e-04   5.62057e-04   1.40292e-06   1.33947e+00
   9  alpha_2CBO  -1.89666e-04   3.58364e-04   1.33544e-06  -6.68888e-01
  10  beta_2CBO    4.35348e-03     fixed    
  11  alpha_y      0.00000e+00     fixed    
  12  w_y          1.44500e+01   constant   
  13  beta_y       1.38165e-03     fixed    
  14  alpha_vw     0.00000e+00     fixed    
  15  w_vw         1.29000e+01   constant   
  16  beta_vw      0.00000e+00     fixed    
  17  LM          -7.06631e-04   constant   
  18  zeta_y       0.00000e+00   constant   
  19  zeta_vw      0.00000e+00   constant   
  20  T_CBO        9.51157e+02   9.66304e+02   1.14101e-03  -9.92919e-04
  21  alpha_A0     2.62690e-01   5.28446e-03   3.86401e-06   2.77122e+00
  22  beta_A0     -3.81397e-02   1.41606e-03   3.58338e-06  -7.86660e-01
  23  alpha_phi   -7.53782e-02   1.94403e-03   4.49748e-06  -6.25576e-01
  24  beta_phi    -2.51241e-01   5.33646e-03   3.85421e-06  -2.46777e+00
 MIGRAD MINIMIZATION HAS CONVERGED.
 MIGRAD WILL VERIFY CONVERGENCE AND ERROR MATRIX.
 COVARIANCE MATRIX CALCULATED SUCCESSFULLY
 FCN=320.343 FROM MIGRAD    STATUS=CONVERGED     630 CALLS        3574 TOTAL
                     EDM=1.55466e-05    STRATEGY= 1      ERROR MATRIX ACCURATE 
  EXT PARAMETER                                   STEP         FIRST   
  NO.   NAME      VALUE            ERROR          SIZE      DERIVATIVE 
   1  N0           3.27879e+06     fixed    
   2  tau          6.43834e+01   constant   
   3  A0           4.48428e-01     fixed    
   4  phi          4.13846e+00     fixed    
   5  R           -6.07281e+01   constant   
   6  alpha_CBO   -7.16985e-03     fixed    
   7  w_CBO        2.32500e+00   constant   
   8  beta_CBO     1.77671e-04   5.59461e-04   1.40292e-06  -5.38371e+00
   9  alpha_2CBO  -1.92117e-04   3.57914e-04   1.33543e-06   2.64470e+00
  10  beta_2CBO    4.35348e-03     fixed    
  11  alpha_y      0.00000e+00     fixed    
  12  w_y          1.44500e+01   constant   
  13  beta_y       1.38165e-03     fixed    
  14  alpha_vw     0.00000e+00     fixed    
  15  w_vw         1.29000e+01   constant   
  16  beta_vw      0.00000e+00     fixed    
  17  LM          -7.06631e-04   constant   
  18  zeta_y       0.00000e+00   constant   
  19  zeta_vw      0.00000e+00   constant   
  20  T_CBO        1.00000e+03   6.13110e+02   3.44055e-02** at limit **
  21  alpha_A0     2.62221e-01   6.58223e-04   3.85716e-06  -3.56718e+00
  22  beta_A0     -3.80629e-02   1.10170e-03   3.57703e-06   7.09160e-02
  23  alpha_phi   -7.52438e-02   1.18272e-03   4.48941e-06  -7.75857e-02
  24  beta_phi    -2.50782e-01   1.60290e-03   3.84715e-06   4.25513e+00
 EXTERNAL ERROR MATRIX.    NDIM=  25    NPAR=  7    ERR DEF=1
  3.130e-07 -1.073e-07  5.653e-06 -1.464e-07 -5.474e-07 -4.362e-07  7.845e-07 
 -1.073e-07  1.281e-07  1.834e-06  6.148e-08  1.046e-07  3.591e-07 -4.121e-07 
  5.653e-06  1.834e-06  1.822e+00  5.430e-04 -9.193e-05 -1.597e-04 -5.270e-04 
 -1.464e-07  6.148e-08  5.430e-04  4.333e-07  2.409e-07  2.185e-07 -5.534e-07 
 -5.474e-07  1.046e-07 -9.193e-05  2.409e-07  1.214e-06  6.024e-07 -1.263e-06 
 -4.362e-07  3.591e-07 -1.597e-04  2.185e-07  6.024e-07  1.399e-06 -1.452e-06 
  7.845e-07 -4.121e-07 -5.270e-04 -5.534e-07 -1.263e-06 -1.452e-06  2.569e-06 
 PARAMETER  CORRELATION COEFFICIENTS  
       NO.  GLOBAL      8      9     20     21     22     23     24
        8  0.95808   1.000 -0.536  0.007 -0.398 -0.888 -0.659  0.875
        9  0.90459  -0.536  1.000  0.004  0.261  0.265  0.848 -0.718
       20  0.81781   0.007  0.004  1.000  0.611 -0.062 -0.100 -0.244
       21  0.74283  -0.398  0.261  0.611  1.000  0.332  0.281 -0.525
       22  0.92866  -0.888  0.265 -0.062  0.332  1.000  0.462 -0.715
       23  0.90107  -0.659  0.848 -0.100  0.281  0.462  1.000 -0.766
       24  0.96167   0.875 -0.718 -0.244 -0.525 -0.715 -0.766  1.000
MINUIT - FIT wiggle + 1-CBO + 2-CBO
 **********
 **   42 **RES 
 **********
                   PARAMETER   16  beta_vw RESTORED TO VARIABLE.
                   PARAMETER   14  alpha_vw RESTORED TO VARIABLE.
                   PARAMETER   13  beta_y RESTORED TO VARIABLE.
                   PARAMETER   11  alpha_y RESTORED TO VARIABLE.
                   PARAMETER   10  beta_2CBO RESTORED TO VARIABLE.
                   PARAMETER    6  alpha_CBO RESTORED TO VARIABLE.
                   PARAMETER    4  phi RESTORED TO VARIABLE.
                   PARAMETER    3  A0 RESTORED TO VARIABLE.
                   PARAMETER    1  N0 RESTORED TO VARIABLE.
 **********
 **   43 **FIX           10
 **********
 **********
 **   44 **FIX           11
 **********
 **********
 **   45 **FIX           12
 **********
 PARAMETER   12  IS CONSTANT.   IGNORED.
 **********
 **   46 **FIX           13
 **********
 **********
 **   47 **FIX           14
 **********
 **********
 **   48 **FIX           15
 **********
 PARAMETER   15  IS CONSTANT.   IGNORED.
 **********
 **   49 **FIX           16
 **********
 **********
 **   50 **MIGRAD
 **********
 START MIGRAD MINIMIZATION.  STRATEGY  1.  CONVERGENCE WHEN EDM .LT. 1.00e-04
 FCN=320.343 FROM MIGRAD    STATUS=INITIATE       22 CALLS        3596 TOTAL
                     EDM= unknown      STRATEGY= 1      NO ERROR MATRIX       
  EXT PARAMETER               CURRENT GUESS       STEP         FIRST   
  NO.   NAME      VALUE            ERROR          SIZE      DERIVATIVE 
   1  N0           3.27879e+06   2.44848e+04   2.44848e+04  -2.08641e-04
   2  tau          6.43834e+01   constant   
   3  A0           4.48428e-01   1.78225e-02   1.78225e-02   3.12464e+01
   4  phi          4.13846e+00   1.28973e-02   1.28973e-02  -9.58747e+01
   5  R           -6.07281e+01   constant   
   6  alpha_CBO   -7.16985e-03   8.11729e-03   8.11729e-03   6.90503e+02
   7  w_CBO        2.32500e+00   constant   
   8  beta_CBO     1.77671e-04   5.59461e-04   1.40292e-06  -5.38370e+00
   9  alpha_2CBO  -1.92117e-04   3.57914e-04   1.33543e-06   2.64472e+00
  10  beta_2CBO    4.35348e-03     fixed    
  11  alpha_y      0.00000e+00     fixed    
  12  w_y          1.44500e+01   constant   
  13  beta_y       1.38165e-03     fixed    
  14  alpha_vw     0.00000e+00     fixed    
  15  w_vw         1.29000e+01   constant   
  16  beta_vw      0.00000e+00     fixed    
  17  LM          -7.06631e-04   constant   
  18  zeta_y       0.00000e+00   constant   
  19  zeta_vw      0.00000e+00   constant   
  20  T_CBO        1.00000e+03   6.13110e+02   3.44055e-02** at limit **
  21  alpha_A0     2.62221e-01   6.58223e-04   3.85716e-06  -3.56706e+00
  22  beta_A0     -3.80629e-02   1.10170e-03   3.57703e-06   7.09442e-02
  23  alpha_phi   -7.52438e-02   1.18272e-03   4.48941e-06  -7.75795e-02
  24  beta_phi    -2.50782e-01   1.60290e-03   3.84715e-06   4.25512e+00
 MIGRAD MINIMIZATION HAS CONVERGED.
 MIGRAD WILL VERIFY CONVERGENCE AND ERROR MATRIX.
 COVARIANCE MATRIX CALCULATED SUCCESSFULLY
 FCN=304.799 FROM HESSE     STATUS=OK            100 CALLS        4892 TOTAL
                     EDM=0.192469    STRATEGY= 1      ERROR MATRIX ACCURATE 
  EXT PARAMETER                                   STEP         FIRST   
  NO.   NAME      VALUE            ERROR          SIZE      DERIVATIVE 
   1  N0           3.29447e+06   7.38546e+04   3.13032e+00   6.23452e-06
   2  tau          6.43834e+01   constant   
   3  A0           4.39921e-01   1.33430e-02   1.51470e-06  -6.61918e+00
   4  phi          4.19850e+00   4.79900e-02   2.41007e-06  -4.37850e+00
   5  R           -6.07281e+01   constant   
   6  alpha_CBO   -3.59149e-02   1.81120e-02   1.32206e-06   1.33833e+01
   7  w_CBO        2.32500e+00   constant   
   8  beta_CBO    -1.36144e-02   1.55597e-02   1.37934e-06   1.53208e+00
   9  alpha_2CBO  -1.22761e-02   3.70087e-03   1.30570e-06  -4.82390e+00
  10  beta_2CBO    4.35348e-03     fixed    
  11  alpha_y      0.00000e+00     fixed    
  12  w_y          1.44500e+01   constant   
  13  beta_y       1.38165e-03     fixed    
  14  alpha_vw     0.00000e+00     fixed    
  15  w_vw         1.29000e+01   constant   
  16  beta_vw      0.00000e+00     fixed    
  17  LM          -7.06631e-04   constant   
  18  zeta_y       0.00000e+00   constant   
  19  zeta_vw      0.00000e+00   constant   
  20  T_CBO        8.28685e+02   9.00897e+02   4.48682e-04   1.49868e-02
  21  alpha_A0     3.21387e-01   2.15699e-02   3.64190e-06   2.38488e+00
  22  beta_A0      8.34963e-02   4.53538e-02   3.47201e-06   2.74298e+00
  23  alpha_phi   -1.54183e-03   2.64509e-02   4.88948e-06  -4.06129e-01
  24  beta_phi    -2.65212e-01   1.40542e-02   3.84360e-06  -4.31413e+00
 CALL LIMIT EXCEEDED IN MIGRAD.
 MIGRAD TERMINATED WITHOUT CONVERGENCE.
 FCN=304.594 FROM MIGRAD    STATUS=CALL LIMIT   1905 CALLS        5479 TOTAL
                     EDM=2.0554e-05    STRATEGY= 1  ERROR MATRIX UNCERTAINTY   8.3 per cent
  EXT PARAMETER                APPROXIMATE        STEP         FIRST   
  NO.   NAME      VALUE            ERROR          SIZE      DERIVATIVE 
   1  N0           3.25574e+06   9.50374e+04  -3.27453e+02   3.23832e-06
   2  tau          6.43834e+01   constant   
   3  A0           4.33492e-01   1.47752e-02  -4.82224e-05   5.01880e+01
   4  phi          4.22111e+00   5.62179e-02   1.63652e-04   8.72044e+00
   5  R           -6.07281e+01   constant   
   6  alpha_CBO   -4.42937e-02   2.09240e-02  -5.92458e-05  -4.93899e+01
   7  w_CBO        2.32500e+00   constant   
   8  beta_CBO    -5.57679e-03   1.97564e-02   7.08427e-05  -4.40784e+01
   9  alpha_2CBO  -1.10268e-02   4.25537e-03   1.47614e-05   1.12131e+01
  10  beta_2CBO    4.35348e-03     fixed    
  11  alpha_y      0.00000e+00     fixed    
  12  w_y          1.44500e+01   constant   
  13  beta_y       1.38165e-03     fixed    
  14  alpha_vw     0.00000e+00     fixed    
  15  w_vw         1.29000e+01   constant   
  16  beta_vw      0.00000e+00     fixed    
  17  LM          -7.06631e-04   constant   
  18  zeta_y       0.00000e+00   constant   
  19  zeta_vw      0.00000e+00   constant   
  20  T_CBO        8.83010e+02   2.57523e+02   4.55011e-03  -1.45644e-01
  21  alpha_A0     3.25548e-01   1.78813e-02   8.40869e-06  -1.51761e+01
  22  beta_A0      6.29181e-02   6.23054e-02  -2.30176e-04  -1.18023e+01
  23  alpha_phi   -1.08717e-02   3.47926e-02  -1.17339e-04   1.98336e+00
  24  beta_phi    -2.61660e-01   1.09060e-02   3.72782e-05   1.05212e+01
 EXTERNAL ERROR MATRIX.    NDIM=  25    NPAR= 11    ERR DEF=1
  9.032e+09 
  1.379e+03  2.183e-04 
 -5.045e+03 -7.837e-04  3.160e-03 
  1.881e+03  2.930e-04 -1.165e-03  4.378e-04 
 -1.854e+03 -2.829e-04  1.022e-03 -3.736e-04  3.903e-04 
 -3.167e+02 -4.664e-05  1.308e-04 -4.826e-05  6.928e-05  1.811e-05 
 -2.417e+07 -3.779e+00  1.375e+01 -4.988e+00  5.111e+00  8.577e-01  8.922e+04 
 -9.776e+02 -1.484e-04  7.479e-04 -2.938e-04  1.660e-04 -4.309e-07  1.877e+00  3.197e-04 
  5.345e+03  8.024e-04 -2.514e-03  9.344e-04 -1.141e-03 -2.577e-04 -1.454e+01 -2.216e-04  3.882e-03 
  2.639e+03  3.913e-04 -1.087e-03  4.208e-04 -5.580e-04 -1.445e-04 -6.837e+00 -5.222e-05  2.098e-03  1.211e-03 
 -7.202e+02 -1.252e-04  3.941e-04 -1.373e-04  1.634e-04  3.020e-05  2.625e+00  7.950e-06 -4.882e-04 -2.290e-04  1.189e-04 
ERR MATRIX APPROXIMATE
 PARAMETER  CORRELATION COEFFICIENTS  
       NO.  GLOBAL      1      3      4      6      8      9     20     21     22     23     24
        1  0.99999   1.000  0.982 -0.944  0.946 -0.988 -0.783 -0.851 -0.575  0.903  0.798 -0.695
        3  0.99998   0.982  1.000 -0.943  0.948 -0.969 -0.742 -0.856 -0.562  0.872  0.761 -0.777
        4  0.99999  -0.944 -0.943  1.000 -0.990  0.920  0.547  0.819  0.744 -0.718 -0.556  0.643
        6  0.99999   0.946  0.948 -0.990  1.000 -0.904 -0.542 -0.798 -0.785  0.717  0.578 -0.602
        8  0.99999  -0.988 -0.969  0.920 -0.904  1.000  0.824  0.866  0.470 -0.927 -0.812  0.758
        9  0.99945  -0.783 -0.742  0.547 -0.542  0.824  1.000  0.675 -0.006 -0.972 -0.976  0.651
       20  0.99926  -0.851 -0.856  0.819 -0.798  0.866  0.675  1.000  0.351 -0.781 -0.658  0.806
       21  0.99984  -0.575 -0.562  0.744 -0.785  0.470 -0.006  0.351  1.000 -0.199 -0.084  0.041
       22  0.99999   0.903  0.872 -0.718  0.717 -0.927 -0.972 -0.781 -0.199  1.000  0.968 -0.718
       23  0.99987   0.798  0.761 -0.556  0.578 -0.812 -0.976 -0.658 -0.084  0.968  1.000 -0.604
       24  0.99952  -0.695 -0.777  0.643 -0.602  0.758  0.651  0.806  0.041 -0.718 -0.604  1.000
 ERR MATRIX APPROXIMATE
MINUIT - FIT ONLY 1-y
 **********
 **   51 **RES 
 **********
                   PARAMETER   16  beta_vw RESTORED TO VARIABLE.
                   PARAMETER   14  alpha_vw RESTORED TO VARIABLE.
                   PARAMETER   13  beta_y RESTORED TO VARIABLE.
                   PARAMETER   11  alpha_y RESTORED TO VARIABLE.
                   PARAMETER   10  beta_2CBO RESTORED TO VARIABLE.
 **********
 **   52 **FIX            0
 **********
 PARAMETER    0  IS UNDEFINED. IGNORED.
 **********
 **   53 **FIX            1
 **********
 **********
 **   54 **FIX            2
 **********
 PARAMETER    2  IS CONSTANT.   IGNORED.
 **********
 **   55 **FIX            3
 **********
 **********
 **   56 **FIX            4
 **********
 **********
 **   57 **FIX            5
 **********
 PARAMETER    5  IS CONSTANT.   IGNORED.
 **********
 **   58 **FIX            6
 **********
 **********
 **   59 **FIX            7
 **********
 PARAMETER    7  IS CONSTANT.   IGNORED.
 **********
 **   60 **FIX            8
 **********
 **********
 **   61 **FIX            9
 **********
 **********
 **   62 **FIX           13
 **********
 **********
 **   63 **FIX           14
 **********
 **********
 **   64 **FIX           15
 **********
 PARAMETER   15  IS CONSTANT.   IGNORED.
 **********
 **   65 **FIX           16
 **********
 **********
 **   66 **MIGRAD
 **********
 START MIGRAD MINIMIZATION.  STRATEGY  1.  CONVERGENCE WHEN EDM .LT. 1.00e-04
 FCN=304.594 FROM MIGRAD    STATUS=INITIATE       16 CALLS        5495 TOTAL
                     EDM= unknown      STRATEGY= 1      NO ERROR MATRIX       
  EXT PARAMETER               CURRENT GUESS       STEP         FIRST   
  NO.   NAME      VALUE            ERROR          SIZE      DERIVATIVE 
   1  N0           3.25574e+06     fixed    
   2  tau          6.43834e+01   constant   
   3  A0           4.33492e-01     fixed    
   4  phi          4.22111e+00     fixed    
   5  R           -6.07281e+01   constant   
   6  alpha_CBO   -4.42937e-02     fixed    
   7  w_CBO        2.32500e+00   constant   
   8  beta_CBO    -5.57679e-03     fixed    
   9  alpha_2CBO  -1.10268e-02     fixed    
  10  beta_2CBO    4.35348e-03   2.70903e-03   2.70903e-03  -1.95487e+03
  11  alpha_y      0.00000e+00   1.00000e-03   1.00000e-03  -1.96446e+05
  12  w_y          1.44500e+01   constant   
  13  beta_y       1.38165e-03     fixed    
  14  alpha_vw     0.00000e+00     fixed    
  15  w_vw         1.29000e+01   constant   
  16  beta_vw      0.00000e+00     fixed    
  17  LM          -7.06631e-04   constant   
  18  zeta_y       0.00000e+00   constant   
  19  zeta_vw      0.00000e+00   constant   
  20  T_CBO        8.83010e+02   2.57523e+02   4.55011e-03  -1.45646e-01
  21  alpha_A0     3.25548e-01   1.78813e-02   8.40869e-06  -1.51760e+01
  22  beta_A0      6.29181e-02   6.23054e-02  -2.30176e-04  -1.18023e+01
  23  alpha_phi   -1.08717e-02   3.47926e-02  -1.17339e-04   1.98336e+00
  24  beta_phi    -2.61660e-01   1.09060e-02   3.72782e-05   1.05212e+01
 MIGRAD MINIMIZATION HAS CONVERGED.
 MIGRAD WILL VERIFY CONVERGENCE AND ERROR MATRIX.
 COVARIANCE MATRIX CALCULATED SUCCESSFULLY
 FCN=52.1002 FROM HESSE     STATUS=OK             50 CALLS        5640 TOTAL
                     EDM=0.0260488    STRATEGY= 1      ERROR MATRIX ACCURATE 
  EXT PARAMETER                                   STEP         FIRST   
  NO.   NAME      VALUE            ERROR          SIZE      DERIVATIVE 
   1  N0           3.25574e+06     fixed    
   2  tau          6.43834e+01   constant   
   3  A0           4.33492e-01     fixed    
   4  phi          4.22111e+00     fixed    
   5  R           -6.07281e+01   constant   
   6  alpha_CBO   -4.42937e-02     fixed    
   7  w_CBO        2.32500e+00   constant   
   8  beta_CBO    -5.57679e-03     fixed    
   9  alpha_2CBO  -1.10268e-02     fixed    
  10  beta_2CBO    3.80919e-03   2.39478e-04   5.81801e-07   1.59383e+00
  11  alpha_y      2.57598e-03   1.62144e-04   5.64738e-07   1.87016e-01
  12  w_y          1.44500e+01   constant   
  13  beta_y       1.38165e-03     fixed    
  14  alpha_vw     0.00000e+00     fixed    
  15  w_vw         1.29000e+01   constant   
  16  beta_vw      0.00000e+00     fixed    
  17  LM          -7.06631e-04   constant   
  18  zeta_y       0.00000e+00   constant   
  19  zeta_vw      0.00000e+00   constant   
  20  T_CBO        8.64644e+02   7.75244e+02   2.29607e-04   3.44613e-02
  21  alpha_A0     3.24754e-01   1.83964e-02   1.56531e-06  -6.16102e+00
  22  beta_A0      6.32313e-02   3.60338e-03   1.50011e-06  -7.50522e-01
  23  alpha_phi   -1.28277e-02   1.28675e-03   2.09755e-06   4.16731e-01
  24  beta_phi    -2.61871e-01   1.53964e-02   1.63117e-06   5.39030e+00
 CALL LIMIT EXCEEDED IN MIGRAD.
 MIGRAD TERMINATED WITHOUT CONVERGENCE.
 FCN=51.9007 FROM MIGRAD    STATUS=CALL LIMIT   1151 CALLS        6630 TOTAL
                     EDM=0.000924011    STRATEGY= 1  ERROR MATRIX UNCERTAINTY  32.8 per cent
  EXT PARAMETER                APPROXIMATE        STEP         FIRST   
  NO.   NAME      VALUE            ERROR          SIZE      DERIVATIVE 
   1  N0           3.25574e+06     fixed    
   2  tau          6.43834e+01   constant   
   3  A0           4.33492e-01     fixed    
   4  phi          4.22111e+00     fixed    
   5  R           -6.07281e+01   constant   
   6  alpha_CBO   -4.42937e-02     fixed    
   7  w_CBO        2.32500e+00   constant   
   8  beta_CBO    -5.57679e-03     fixed    
   9  alpha_2CBO  -1.10268e-02     fixed    
  10  beta_2CBO    3.75114e-03   2.37341e-04  -1.04958e-06   3.73266e+01
  11  alpha_y      2.57865e-03   1.62172e-04   2.07578e-07  -1.74229e+01
  12  w_y          1.44500e+01   constant   
  13  beta_y       1.38165e-03     fixed    
  14  alpha_vw     0.00000e+00     fixed    
  15  w_vw         1.29000e+01   constant   
  16  beta_vw      0.00000e+00     fixed    
  17  LM          -7.06631e-04   constant   
  18  zeta_y       0.00000e+00   constant   
  19  zeta_vw      0.00000e+00   constant   
  20  T_CBO        3.69845e+02   9.97967e+01   1.39958e-03  -3.24713e+00
  21  alpha_A0     3.42602e-01   8.48958e-03  -5.34240e-05  -4.96697e+01
  22  beta_A0      6.67031e-02   1.70571e-03  -1.04045e-05  -4.37532e+00
  23  alpha_phi   -1.38869e-02   1.06845e-03  -9.94088e-06  -1.47381e+01
  24  beta_phi    -2.76824e-01   7.14978e-03   4.37123e-05   3.94150e+01
 EXTERNAL ERROR MATRIX.    NDIM=  25    NPAR=  7    ERR DEF=1
  5.633e-08 -6.343e-09  5.636e-03 -4.083e-07 -1.158e-07  1.241e-07  4.416e-07 
 -6.343e-09  2.630e-08 -6.261e-04  4.206e-08  1.341e-08 -2.540e-08 -4.533e-08 
  5.636e-03 -6.261e-04  1.010e+04 -8.520e-01 -1.658e-01  8.153e-02  7.172e-01 
 -4.083e-07  4.206e-08 -8.520e-01  7.207e-05  1.395e-05 -6.792e-06 -6.037e-05 
 -1.158e-07  1.341e-08 -1.658e-01  1.395e-05  2.909e-06 -1.357e-06 -1.180e-05 
  1.241e-07 -2.540e-08  8.153e-02 -6.792e-06 -1.357e-06  1.142e-06  5.833e-06 
  4.416e-07 -4.533e-08  7.172e-01 -6.037e-05 -1.180e-05  5.833e-06  5.112e-05 
ERR MATRIX APPROXIMATE
 PARAMETER  CORRELATION COEFFICIENTS  
       NO.  GLOBAL     10     11     20     21     22     23     24
       10  0.73414   1.000 -0.165  0.236 -0.203 -0.286  0.489  0.260
       11  0.22087  -0.165  1.000 -0.038  0.031  0.048 -0.147 -0.039
       20  0.99950   0.236 -0.038  1.000 -0.998 -0.967  0.759  0.998
       21  0.99899  -0.203  0.031 -0.998  1.000  0.963 -0.749 -0.995
       22  0.96906  -0.286  0.048 -0.967  0.963  1.000 -0.745 -0.967
       23  0.82813   0.489 -0.147  0.759 -0.749 -0.745  1.000  0.764
       24  0.99833   0.260 -0.039  0.998 -0.995 -0.967  0.764  1.000
 ERR MATRIX APPROXIMATE
MINUIT - FIT ONLY 2-y
 **********
 **   67 **RES 
 **********
                   PARAMETER   16  beta_vw RESTORED TO VARIABLE.
                   PARAMETER   14  alpha_vw RESTORED TO VARIABLE.
                   PARAMETER   13  beta_y RESTORED TO VARIABLE.
                   PARAMETER    9  alpha_2CBO RESTORED TO VARIABLE.
                   PARAMETER    8  beta_CBO RESTORED TO VARIABLE.
                   PARAMETER    6  alpha_CBO RESTORED TO VARIABLE.
                   PARAMETER    4  phi RESTORED TO VARIABLE.
                   PARAMETER    3  A0 RESTORED TO VARIABLE.
                   PARAMETER    1  N0 RESTORED TO VARIABLE.
 **********
 **   68 **FIX            0
 **********
 PARAMETER    0  IS UNDEFINED. IGNORED.
 **********
 **   69 **FIX            1
 **********
 **********
 **   70 **FIX            2
 **********
 PARAMETER    2  IS CONSTANT.   IGNORED.
 **********
