 + ++++++++++++++++++++++++++++++++++++++++++++++++++++++++++++++++++++ +
 +                                                                      +
 +           You have chose to blind your fitting according to          +
 +                omega_ref * (1 + (R +/- deltaR) *10^{-6})             +
 +                                                                      +
 + ++++++++++++++++++++++++++++++++++++++++++++++++++++++++++++++++++++ +
In main()...
reading format from /gm2data/zkhechad/run45/envelope/formats/formatB_sBin_constraintOn.txt
pBinTau 	= 0  
pBinPhi 	= 0  
constraintau 	= 1 
includeMopTerm 	= 0    
constrainMop    = 0   
Parameters after format file: pBinTau 0 pBinPhi 0 constraintau 1 includeMopTerm 0 constrainMop 0 c_e_scale 0.000000 
Opening file /gm2data/tbarrett/gm2fr/studies/run23_bunch_corrections/CorrectedFourier_Run3b.root.
reading full fit data from /gm2data/zkhechad/cboTemplates/Run4CBOTemplates/templateFits0_v2.0/noRF/sBin_constraintOn_cE0.0_seed0_noRF_calo13.root
windowBins = 17
fitting sliding window 288 from bin 424 at 63.111600 to bin 441 at 65.797200 (17 bins)

Reading data from /gm2data/cornell/histograms/aMethod/histogram_a_noRF.root
 **********
 **    1 **SET PRINTOUT            1
 **********
 **********
 **    2 **SET NOWARNINGS 
 **********
 PARAMETER DEFINITIONS:
    NO.   NAME         VALUE      STEP SIZE      LIMITS
     1 N0           3.44933e+06  1.00000e+02     no limits
     2 tau          6.43680e+01  constant
     3 A0           3.52702e-01  1.00000e-04     no limits
     4 phi          4.13064e+00  1.00000e-02     no limits
     5 R           -6.08433e+01  constant
     6 alpha_CBO    0.00000e+00  1.00000e-03     no limits
     7 w_CBO        2.32500e+00  constant
     8 beta_CBO     0.00000e+00  1.00000e-03     no limits
     9 alpha_2CBO   0.00000e+00  1.00000e-03     no limits
    10 beta_2CBO    0.00000e+00  1.00000e-03     no limits
    11 alpha_y      0.00000e+00  1.00000e-03     no limits
    12 w_y          1.44500e+01  constant
    13 beta_y       0.00000e+00  1.00000e-03     no limits
    14 alpha_vw     0.00000e+00  1.00000e-03     no limits
    15 w_vw         1.29000e+01  constant
    16 beta_vw      0.00000e+00  1.00000e-03     no limits
    17 LM          -1.22211e-03  constant
    18 zeta_y       0.00000e+00  constant
    19 zeta_vw      0.00000e+00  constant
    20 T_CBO        1.00000e+02  1.00000e+00    0.00000e+00  1.00000e+03
    21 alpha_A0     0.00000e+00  1.00000e-03     no limits
    22 beta_A0      0.00000e+00  1.00000e-03     no limits
    23 alpha_phi    0.00000e+00  1.00000e-03     no limits
    24 beta_phi     0.00000e+00  1.00000e-03     no limits
MINUIT - FIT ONLY WIGGLE
 **********
 **    3 **FIX            5
 **********
 PARAMETER    5  IS CONSTANT.   IGNORED.
 **********
 **    4 **FIX            6
 **********
 **********
 **    5 **FIX            7
 **********
 PARAMETER    7  IS CONSTANT.   IGNORED.
 **********
 **    6 **FIX            8
 **********
 **********
 **    7 **FIX            9
 **********
 **********
 **    8 **FIX           10
 **********
 **********
 **    9 **FIX           11
 **********
 **********
 **   10 **FIX           12
 **********
 PARAMETER   12  IS CONSTANT.   IGNORED.
 **********
 **   11 **FIX           13
 **********
 **********
 **   12 **FIX           14
 **********
 **********
 **   13 **FIX           15
 **********
 PARAMETER   15  IS CONSTANT.   IGNORED.
 **********
 **   14 **FIX           16
 **********
 **********
 **   15 **MIGRAD
 **********
 FIRST CALL TO USER FUNCTION AT NEW START POINT, WITH IFLAG=4.
 START MIGRAD MINIMIZATION.  STRATEGY  1.  CONVERGENCE WHEN EDM .LT. 1.00e-04
 FCN=2585.73 FROM MIGRAD    STATUS=INITIATE      435 CALLS         436 TOTAL
                     EDM= unknown      STRATEGY= 1      NO ERROR MATRIX       
  EXT PARAMETER               CURRENT GUESS       STEP         FIRST   
  NO.   NAME      VALUE            ERROR          SIZE      DERIVATIVE 
   1  N0           3.44933e+06   1.00000e+02   0.00000e+00  -2.57548e-02
   2  tau          6.43680e+01   constant   
   3  A0           3.52702e-01   1.00000e-04   0.00000e+00  -1.50942e+05
   4  phi          4.13064e+00   1.00000e-02   0.00000e+00  -9.02325e+04
   5  R           -6.08433e+01   constant   
   6  alpha_CBO    0.00000e+00     fixed    
   7  w_CBO        2.32500e+00   constant   
   8  beta_CBO     0.00000e+00     fixed    
   9  alpha_2CBO   0.00000e+00     fixed    
  10  beta_2CBO    0.00000e+00     fixed    
  11  alpha_y      0.00000e+00     fixed    
  12  w_y          1.44500e+01   constant   
  13  beta_y       0.00000e+00     fixed    
  14  alpha_vw     0.00000e+00     fixed    
  15  w_vw         1.29000e+01   constant   
  16  beta_vw      0.00000e+00     fixed    
  17  LM          -1.22211e-03   constant   
  18  zeta_y       0.00000e+00   constant   
  19  zeta_vw      0.00000e+00   constant   
  20  T_CBO        1.00000e+02   1.00000e+00   0.00000e+00   0.00000e+00
  21  alpha_A0     0.00000e+00   1.00000e-03   0.00000e+00  -1.92187e+03
  22  beta_A0      0.00000e+00   1.00000e-03   0.00000e+00   1.83544e+04
  23  alpha_phi    0.00000e+00   1.00000e-03   0.00000e+00  -3.36011e+04
  24  beta_phi     0.00000e+00   1.00000e-03   0.00000e+00   2.51162e+04
 CALL LIMIT EXCEEDED IN MIGRAD.
 MIGRAD TERMINATED WITHOUT CONVERGENCE.
 FCN=78.9517 FROM MIGRAD    STATUS=CALL LIMIT   1334 CALLS        1335 TOTAL
                     EDM=4.16001e-05    STRATEGY= 1  ERROR MATRIX UNCERTAINTY   9.5 per cent
  EXT PARAMETER                APPROXIMATE        STEP         FIRST   
  NO.   NAME      VALUE            ERROR          SIZE      DERIVATIVE 
   1  N0           3.42722e+06   2.01739e+03  -9.27239e+00  -2.67542e-06
   2  tau          6.43680e+01   constant   
   3  A0           3.63744e-01   1.47279e-03  -7.53255e-06  -3.07034e+01
   4  phi          4.16832e+00   6.51827e-03   3.55504e-05   1.36259e+01
   5  R           -6.08433e+01   constant   
   6  alpha_CBO    0.00000e+00     fixed    
   7  w_CBO        2.32500e+00   constant   
   8  beta_CBO     0.00000e+00     fixed    
   9  alpha_2CBO   0.00000e+00     fixed    
  10  beta_2CBO    0.00000e+00     fixed    
  11  alpha_y      0.00000e+00     fixed    
  12  w_y          1.44500e+01   constant   
  13  beta_y       0.00000e+00     fixed    
  14  alpha_vw     0.00000e+00     fixed    
  15  w_vw         1.29000e+01   constant   
  16  beta_vw      0.00000e+00     fixed    
  17  LM          -1.22211e-03   constant   
  18  zeta_y       0.00000e+00   constant   
  19  zeta_vw      0.00000e+00   constant   
  20  T_CBO        2.68368e+01   9.00017e+00  -2.99781e-04  -2.93526e+00
  21  alpha_A0    -6.08618e-02   4.89288e-02  -2.57316e-04   9.93266e-01
  22  beta_A0     -2.22624e-01   2.85203e-01  -1.53279e-03   1.47349e+00
  23  alpha_phi   -7.59508e-02   1.78667e-01  -9.53736e-04  -2.53300e-01
  24  beta_phi    -6.30440e-02   7.26936e-02  -3.84954e-04  -1.69544e+00
 EXTERNAL ERROR MATRIX.    NDIM=  25    NPAR=  8    ERR DEF=1
  4.070e+06  1.855e+00 -1.161e+01  1.630e+04  8.650e+01  5.013e+02  3.156e+02  1.277e+02 
  1.855e+00  2.169e-06 -8.631e-06  1.159e-02  6.487e-05  3.840e-04  2.394e-04  9.746e-05 
 -1.161e+01 -8.631e-06  4.249e-05 -5.746e-02 -3.150e-04 -1.843e-03 -1.155e-03 -4.682e-04 
  1.630e+04  1.159e-02 -5.746e-02  8.109e+01  4.365e-01  2.552e+00  1.599e+00  6.494e-01 
  8.650e+01  6.487e-05 -3.150e-04  4.365e-01  2.394e-03  1.389e-02  8.719e-03  3.554e-03 
  5.013e+02  3.840e-04 -1.843e-03  2.552e+00  1.389e-02  8.134e-02  5.094e-02  2.068e-02 
  3.156e+02  2.394e-04 -1.155e-03  1.599e+00  8.719e-03  5.094e-02  3.192e-02  1.297e-02 
  1.277e+02  9.746e-05 -4.682e-04  6.494e-01  3.554e-03  2.068e-02  1.297e-02  5.284e-03 
ERR MATRIX APPROXIMATE
 PARAMETER  CORRELATION COEFFICIENTS  
       NO.  GLOBAL      1      3      4     20     21     22     23     24
        1  0.97828   1.000  0.624 -0.883  0.897  0.876  0.871  0.876  0.871
        3  0.99350   0.624  1.000 -0.899  0.874  0.900  0.914  0.910  0.910
        4  0.99812  -0.883 -0.899  1.000 -0.979 -0.988 -0.992 -0.991 -0.988
       20  0.99931   0.897  0.874 -0.979  1.000  0.991  0.994  0.994  0.992
       21  0.99967   0.876  0.900 -0.988  0.991  1.000  0.995  0.997  0.999
       22  0.99995   0.871  0.914 -0.992  0.994  0.995  1.000  1.000  0.998
       23  0.99996   0.876  0.910 -0.991  0.994  0.997  1.000  1.000  0.999
       24  0.99983   0.871  0.910 -0.988  0.992  0.999  0.998  0.999  1.000
 ERR MATRIX APPROXIMATE
MINUIT - FIT ONLY 1-CBO + wiggle
 **********
 **   16 **RES 
 **********
                   PARAMETER   16  beta_vw RESTORED TO VARIABLE.
                   PARAMETER   14  alpha_vw RESTORED TO VARIABLE.
                   PARAMETER   13  beta_y RESTORED TO VARIABLE.
                   PARAMETER   11  alpha_y RESTORED TO VARIABLE.
                   PARAMETER   10  beta_2CBO RESTORED TO VARIABLE.
                   PARAMETER    9  alpha_2CBO RESTORED TO VARIABLE.
                   PARAMETER    8  beta_CBO RESTORED TO VARIABLE.
                   PARAMETER    6  alpha_CBO RESTORED TO VARIABLE.
 **********
 **   17 **FIX            8
 **********
 **********
 **   18 **FIX            9
 **********
 **********
 **   19 **FIX           11
 **********
 **********
 **   20 **FIX           12
 **********
 PARAMETER   12  IS CONSTANT.   IGNORED.
 **********
 **   21 **FIX           14
 **********
 **********
 **   22 **FIX           15
 **********
 PARAMETER   15  IS CONSTANT.   IGNORED.
 **********
 **   23 **FIX           16
 **********
 **********
 **   24 **MIGRAD
 **********
 START MIGRAD MINIMIZATION.  STRATEGY  1.  CONVERGENCE WHEN EDM .LT. 1.00e-04
 FCN=78.9517 FROM MIGRAD    STATUS=INITIATE       28 CALLS        1363 TOTAL
                     EDM= unknown      STRATEGY= 1      NO ERROR MATRIX       
  EXT PARAMETER               CURRENT GUESS       STEP         FIRST   
  NO.   NAME      VALUE            ERROR          SIZE      DERIVATIVE 
   1  N0           3.42722e+06   2.01739e+03  -9.27239e+00  -2.67542e-06
   2  tau          6.43680e+01   constant   
   3  A0           3.63744e-01   1.47279e-03  -7.53255e-06  -3.07034e+01
   4  phi          4.16832e+00   6.51827e-03   3.55504e-05   1.36259e+01
   5  R           -6.08433e+01   constant   
   6  alpha_CBO    0.00000e+00   1.00000e-03   1.00000e-03  -2.62215e+02
   7  w_CBO        2.32500e+00   constant   
   8  beta_CBO     0.00000e+00     fixed    
   9  alpha_2CBO   0.00000e+00     fixed    
  10  beta_2CBO    0.00000e+00   1.00000e-03   1.00000e-03  -5.60117e+03
  11  alpha_y      0.00000e+00     fixed    
  12  w_y          1.44500e+01   constant   
  13  beta_y       0.00000e+00   1.00000e-03   1.00000e-03   6.53873e+04
  14  alpha_vw     0.00000e+00     fixed    
  15  w_vw         1.29000e+01   constant   
  16  beta_vw      0.00000e+00     fixed    
  17  LM          -1.22211e-03   constant   
  18  zeta_y       0.00000e+00   constant   
  19  zeta_vw      0.00000e+00   constant   
  20  T_CBO        2.68368e+01   9.00017e+00  -2.99781e-04  -2.93525e+00
  21  alpha_A0    -6.08618e-02   4.89288e-02  -2.57316e-04   9.93266e-01
  22  beta_A0     -2.22624e-01   2.85203e-01  -1.53279e-03   1.47349e+00
  23  alpha_phi   -7.59508e-02   1.78667e-01  -9.53736e-04  -2.53300e-01
  24  beta_phi    -6.30440e-02   7.26936e-02  -3.84954e-04  -1.69544e+00
 MIGRAD MINIMIZATION HAS CONVERGED.
 FCN=37.2586 FROM MIGRAD    STATUS=CONVERGED     366 CALLS        1701 TOTAL
                     EDM=8.63354e-06    STRATEGY= 1  ERROR MATRIX UNCERTAINTY   3.7 per cent
  EXT PARAMETER                                   STEP         FIRST   
  NO.   NAME      VALUE            ERROR          SIZE      DERIVATIVE 
   1  N0           3.43032e+06   1.41881e+03   9.25781e+00   5.64497e-06
   2  tau          6.43680e+01   constant   
   3  A0           3.61069e-01   1.34499e-03  -1.51942e-05   1.71096e+01
   4  phi          4.16654e+00   8.78408e-04  -3.72615e-06  -3.93694e+00
   5  R           -6.08433e+01   constant   
   6  alpha_CBO    6.79414e-04   1.81106e-03   2.16370e-05  -1.64612e+01
   7  w_CBO        2.32500e+00   constant   
   8  beta_CBO     0.00000e+00     fixed    
   9  alpha_2CBO   0.00000e+00     fixed    
  10  beta_2CBO    1.26786e-03   7.59882e-04  -2.92627e-06   1.19047e+01
  11  alpha_y      0.00000e+00     fixed    
  12  w_y          1.44500e+01   constant   
  13  beta_y      -1.16419e-03   1.89042e-04  -7.17174e-07   6.17673e+00
  14  alpha_vw     0.00000e+00     fixed    
  15  w_vw         1.29000e+01   constant   
  16  beta_vw      0.00000e+00     fixed    
  17  LM          -1.22211e-03   constant   
  18  zeta_y       0.00000e+00   constant   
  19  zeta_vw      0.00000e+00   constant   
  20  T_CBO        2.89942e+01   1.32436e+00   1.06096e-04   5.83210e-01
  21  alpha_A0    -4.58228e-02   1.71271e-02  -1.21444e-04   2.53034e-01
  22  beta_A0     -2.78869e-01   2.22550e-02  -2.03929e-04  -4.84053e-02
  23  alpha_phi   -8.22442e-02   1.01745e-01  -1.12672e-03  -4.69536e-01
  24  beta_phi    -7.51729e-02   1.28135e-02  -1.41253e-04  -1.30810e-01
 EXTERNAL ERROR MATRIX.    NDIM=  25    NPAR= 11    ERR DEF=1
  2.013e+06 
 -1.590e+00  1.809e-06 
 -1.019e+00  8.054e-07  7.716e-07 
  2.406e-02 -1.208e-06  9.421e-08  3.280e-06 
  6.861e-01 -2.388e-07 -4.151e-07 -9.006e-07  5.774e-07 
 -3.365e-02  5.702e-08  1.839e-08 -8.358e-08  6.543e-09  3.574e-08 
  9.256e+02 -1.497e-03 -3.895e-04  1.936e-03 -1.736e-04 -6.808e-05  1.754e+00 
  8.263e+00  1.638e-06 -6.182e-06 -2.555e-05  1.074e-05  3.951e-07 -1.041e-02  2.933e-04 
 -2.711e+01  2.659e-05  1.375e-05 -1.013e-05 -8.199e-06  8.798e-07 -1.840e-02 -5.810e-05  4.953e-04 
  1.304e+01  5.607e-05 -1.470e-05 -1.821e-04  5.693e-05  4.310e-06 -1.005e-01  1.503e-03  3.493e-04  1.035e-02 
 -9.034e+00  1.323e-05  5.099e-06 -1.294e-05  4.521e-07  3.645e-07 -1.222e-02  6.057e-05  1.772e-04  6.570e-04  1.642e-04 
 PARAMETER  CORRELATION COEFFICIENTS  
       NO.  GLOBAL      1      3      4      6     10     13     20     21     22     23     24
        1  0.96707   1.000 -0.833 -0.818  0.009  0.636 -0.125  0.493  0.340 -0.859  0.090 -0.497
        3  0.98743  -0.833  1.000  0.682 -0.496 -0.234  0.224 -0.841  0.071  0.888  0.410  0.768
        4  0.88880  -0.818  0.682  1.000  0.059 -0.622  0.111 -0.335 -0.411  0.703 -0.165  0.453
        6  0.99549   0.009 -0.496  0.059  1.000 -0.654 -0.244  0.807 -0.824 -0.251 -0.988 -0.558
       10  0.96962   0.636 -0.234 -0.622 -0.654  1.000  0.046 -0.173  0.826 -0.485  0.736  0.046
       13  0.32137  -0.125  0.224  0.111 -0.244  0.046  1.000 -0.272  0.122  0.209  0.224  0.150
       20  0.96865   0.493 -0.841 -0.335  0.807 -0.173 -0.272  1.000 -0.459 -0.624 -0.746 -0.720
       21  0.93083   0.340  0.071 -0.411 -0.824  0.826  0.122 -0.459  1.000 -0.152  0.863  0.276
       22  0.95466  -0.859  0.888  0.703 -0.251 -0.485  0.209 -0.624 -0.152  1.000  0.154  0.621
       23  0.99623   0.090  0.410 -0.165 -0.988  0.736  0.224 -0.746  0.863  0.154  1.000  0.504
       24  0.83260  -0.497  0.768  0.453 -0.558  0.046  0.150 -0.720  0.276  0.621  0.504  1.000
MINUIT - FIT ONLY 2-CBO
 **********
 **   25 **RES 
 **********
                   PARAMETER   16  beta_vw RESTORED TO VARIABLE.
                   PARAMETER   14  alpha_vw RESTORED TO VARIABLE.
                   PARAMETER   11  alpha_y RESTORED TO VARIABLE.
                   PARAMETER    9  alpha_2CBO RESTORED TO VARIABLE.
                   PARAMETER    8  beta_CBO RESTORED TO VARIABLE.
 **********
 **   26 **FIX            0
 **********
 PARAMETER    0  IS UNDEFINED. IGNORED.
 **********
 **   27 **FIX            1
 **********
 **********
 **   28 **FIX            2
 **********
 PARAMETER    2  IS CONSTANT.   IGNORED.
 **********
 **   29 **FIX            3
 **********
 **********
 **   30 **FIX            4
 **********
 **********
 **   31 **FIX            5
 **********
 PARAMETER    5  IS CONSTANT.   IGNORED.
 **********
 **   32 **FIX            6
 **********
 **********
 **   33 **FIX            7
 **********
 PARAMETER    7  IS CONSTANT.   IGNORED.
 **********
 **   34 **FIX           10
 **********
 **********
 **   35 **FIX           11
 **********
 **********
 **   36 **FIX           12
 **********
 PARAMETER   12  IS CONSTANT.   IGNORED.
 **********
 **   37 **FIX           13
 **********
 **********
 **   38 **FIX           14
 **********
 **********
 **   39 **FIX           15
 **********
 PARAMETER   15  IS CONSTANT.   IGNORED.
 **********
 **   40 **FIX           16
 **********
 **********
 **   41 **MIGRAD
 **********
 START MIGRAD MINIMIZATION.  STRATEGY  1.  CONVERGENCE WHEN EDM .LT. 1.00e-04
 FCN=37.2586 FROM MIGRAD    STATUS=INITIATE       18 CALLS        1719 TOTAL
                     EDM= unknown      STRATEGY= 1      NO ERROR MATRIX       
  EXT PARAMETER               CURRENT GUESS       STEP         FIRST   
  NO.   NAME      VALUE            ERROR          SIZE      DERIVATIVE 
   1  N0           3.43032e+06     fixed    
   2  tau          6.43680e+01   constant   
   3  A0           3.61069e-01     fixed    
   4  phi          4.16654e+00     fixed    
   5  R           -6.08433e+01   constant   
   6  alpha_CBO    6.79414e-04     fixed    
   7  w_CBO        2.32500e+00   constant   
   8  beta_CBO     0.00000e+00   1.00000e-03   1.00000e-03  -7.25799e+00
   9  alpha_2CBO   0.00000e+00   1.00000e-03   1.00000e-03  -2.92433e+02
  10  beta_2CBO    1.26786e-03     fixed    
  11  alpha_y      0.00000e+00     fixed    
  12  w_y          1.44500e+01   constant   
  13  beta_y      -1.16419e-03     fixed    
  14  alpha_vw     0.00000e+00     fixed    
  15  w_vw         1.29000e+01   constant   
  16  beta_vw      0.00000e+00     fixed    
  17  LM          -1.22211e-03   constant   
  18  zeta_y       0.00000e+00   constant   
  19  zeta_vw      0.00000e+00   constant   
  20  T_CBO        2.89942e+01   1.32436e+00   1.06096e-04   5.83208e-01
  21  alpha_A0    -4.58228e-02   1.71271e-02  -1.21444e-04   2.53034e-01
  22  beta_A0     -2.78869e-01   2.22550e-02  -2.03929e-04  -4.84061e-02
  23  alpha_phi   -8.22442e-02   1.01745e-01  -1.12672e-03  -4.69536e-01
  24  beta_phi    -7.51729e-02   1.28135e-02  -1.41253e-04  -1.30810e-01
 MIGRAD MINIMIZATION HAS CONVERGED.
 MIGRAD WILL VERIFY CONVERGENCE AND ERROR MATRIX.
 COVARIANCE MATRIX CALCULATED SUCCESSFULLY
 FCN=37.2542 FROM HESSE     STATUS=OK             50 CALLS        1864 TOTAL
                     EDM=7.12025e-05    STRATEGY= 1      ERROR MATRIX ACCURATE 
  EXT PARAMETER                                   STEP         FIRST   
  NO.   NAME      VALUE            ERROR          SIZE      DERIVATIVE 
   1  N0           3.43032e+06     fixed    
   2  tau          6.43680e+01   constant   
   3  A0           3.61069e-01     fixed    
   4  phi          4.16654e+00     fixed    
   5  R           -6.08433e+01   constant   
   6  alpha_CBO    6.79414e-04     fixed    
   7  w_CBO        2.32500e+00   constant   
   8  beta_CBO     2.01267e-05   5.21754e-04   5.68445e-07   1.77900e+00
   9  alpha_2CBO   2.95776e-05   4.51559e-04   5.50436e-07   6.19779e+00
  10  beta_2CBO    1.26786e-03     fixed    
  11  alpha_y      0.00000e+00     fixed    
  12  w_y          1.44500e+01   constant   
  13  beta_y      -1.16419e-03     fixed    
  14  alpha_vw     0.00000e+00     fixed    
  15  w_vw         1.29000e+01   constant   
  16  beta_vw      0.00000e+00     fixed    
  17  LM          -1.22211e-03   constant   
  18  zeta_y       0.00000e+00   constant   
  19  zeta_vw      0.00000e+00   constant   
  20  T_CBO        2.90140e+01   3.49669e+01   6.62422e-06   4.77441e-02
  21  alpha_A0    -4.65488e-02   1.30588e-01   2.01596e-05   5.49614e-02
  22  beta_A0     -2.78866e-01   7.50261e-01   2.31968e-05  -1.91783e-02
  23  alpha_phi   -8.19356e-02   2.19009e-01   2.66966e-05  -4.49627e-02
  24  beta_phi    -7.63650e-02   2.01582e-01   2.25864e-05   1.20077e-01
 MIGRAD MINIMIZATION HAS CONVERGED.
 MIGRAD WILL VERIFY CONVERGENCE AND ERROR MATRIX.
 COVARIANCE MATRIX CALCULATED SUCCESSFULLY
 FCN=37.253 FROM MIGRAD    STATUS=CONVERGED     681 CALLS        2382 TOTAL
                     EDM=8.49988e-05    STRATEGY= 1      ERROR MATRIX ACCURATE 
  EXT PARAMETER                                   STEP         FIRST   
  NO.   NAME      VALUE            ERROR          SIZE      DERIVATIVE 
   1  N0           3.43032e+06     fixed    
   2  tau          6.43680e+01   constant   
   3  A0           3.61069e-01     fixed    
   4  phi          4.16654e+00     fixed    
   5  R           -6.08433e+01   constant   
   6  alpha_CBO    6.79414e-04     fixed    
   7  w_CBO        2.32500e+00   constant   
   8  beta_CBO     5.98759e-06   5.00368e-04   5.68435e-07   2.82820e+01
   9  alpha_2CBO   3.80666e-05   4.48166e-04   5.50428e-07   1.45500e+01
  10  beta_2CBO    1.26786e-03     fixed    
  11  alpha_y      0.00000e+00     fixed    
  12  w_y          1.44500e+01   constant   
  13  beta_y      -1.16419e-03     fixed    
  14  alpha_vw     0.00000e+00     fixed    
  15  w_vw         1.29000e+01   constant   
  16  beta_vw      0.00000e+00     fixed    
  17  LM          -1.22211e-03   constant   
  18  zeta_y       0.00000e+00   constant   
  19  zeta_vw      0.00000e+00   constant   
  20  T_CBO        2.65422e+01   1.94866e+01   5.81061e-06  -3.32729e+00
  21  alpha_A0    -5.77263e-02   1.07926e-01   2.46877e-05   2.50673e-01
  22  beta_A0     -3.42804e-01   6.11118e-01   2.84548e-05   6.01871e-01
  23  alpha_phi   -1.00548e-01   1.78325e-01   3.26432e-05  -6.74932e-04
  24  beta_phi    -9.35107e-02   1.64763e-01   2.76632e-05   1.06184e-01
 EXTERNAL ERROR MATRIX.    NDIM=  25    NPAR=  7    ERR DEF=1
  2.504e-07  1.266e-07  2.833e-03  9.840e-06  8.133e-05  2.631e-05  1.141e-05 
  1.266e-07  2.009e-07 -1.024e-03 -1.214e-05 -3.552e-05 -7.950e-06 -1.929e-05 
  2.833e-03 -1.024e-03  3.816e+02  2.081e+00  1.193e+01  3.476e+00  3.168e+00 
  9.840e-06 -1.214e-05  2.081e+00  1.165e-02  6.524e-02  1.893e-02  1.769e-02 
  8.133e-05 -3.552e-05  1.193e+01  6.524e-02  3.735e-01  1.087e-01  9.945e-02 
  2.631e-05 -7.950e-06  3.476e+00  1.893e-02  1.087e-01  3.180e-02  2.880e-02 
  1.141e-05 -1.929e-05  3.168e+00  1.769e-02  9.945e-02  2.880e-02  2.715e-02 
 PARAMETER  CORRELATION COEFFICIENTS  
       NO.  GLOBAL      8      9     20     21     22     23     24
        8  0.92655   1.000  0.564  0.290  0.182  0.266  0.295  0.138
        9  0.91357   0.564  1.000 -0.117 -0.251 -0.130 -0.099 -0.261
       20  0.99988   0.290 -0.117  1.000  0.987  1.000  0.998  0.984
       21  0.99710   0.182 -0.251  0.987  1.000  0.989  0.984  0.995
       22  0.99988   0.266 -0.130  1.000  0.989  1.000  0.997  0.988
       23  0.99815   0.295 -0.099  0.998  0.984  0.997  1.000  0.980
       24  0.99844   0.138 -0.261  0.984  0.995  0.988  0.980  1.000
MINUIT - FIT wiggle + 1-CBO + 2-CBO
 **********
 **   42 **RES 
 **********
                   PARAMETER   16  beta_vw RESTORED TO VARIABLE.
                   PARAMETER   14  alpha_vw RESTORED TO VARIABLE.
                   PARAMETER   13  beta_y RESTORED TO VARIABLE.
                   PARAMETER   11  alpha_y RESTORED TO VARIABLE.
                   PARAMETER   10  beta_2CBO RESTORED TO VARIABLE.
                   PARAMETER    6  alpha_CBO RESTORED TO VARIABLE.
                   PARAMETER    4  phi RESTORED TO VARIABLE.
                   PARAMETER    3  A0 RESTORED TO VARIABLE.
                   PARAMETER    1  N0 RESTORED TO VARIABLE.
 **********
 **   43 **FIX           10
 **********
 **********
 **   44 **FIX           11
 **********
 **********
 **   45 **FIX           12
 **********
 PARAMETER   12  IS CONSTANT.   IGNORED.
 **********
 **   46 **FIX           13
 **********
 **********
 **   47 **FIX           14
 **********
 **********
 **   48 **FIX           15
 **********
 PARAMETER   15  IS CONSTANT.   IGNORED.
 **********
 **   49 **FIX           16
 **********
 **********
 **   50 **MIGRAD
 **********
 START MIGRAD MINIMIZATION.  STRATEGY  1.  CONVERGENCE WHEN EDM .LT. 1.00e-04
 FCN=37.253 FROM MIGRAD    STATUS=INITIATE       22 CALLS        2404 TOTAL
                     EDM= unknown      STRATEGY= 1      NO ERROR MATRIX       
  EXT PARAMETER               CURRENT GUESS       STEP         FIRST   
  NO.   NAME      VALUE            ERROR          SIZE      DERIVATIVE 
   1  N0           3.43032e+06   1.41881e+03   1.41881e+03   5.59034e-06
   2  tau          6.43680e+01   constant   
   3  A0           3.61069e-01   1.34499e-03   1.34499e-03  -2.60312e+01
   4  phi          4.16654e+00   8.78408e-04   8.78408e-04  -6.67662e+00
   5  R           -6.08433e+01   constant   
   6  alpha_CBO    6.79414e-04   1.81106e-03   1.81106e-03  -9.40435e+01
   7  w_CBO        2.32500e+00   constant   
   8  beta_CBO     5.98759e-06   5.00368e-04   5.68435e-07   2.82820e+01
   9  alpha_2CBO   3.80666e-05   4.48166e-04   5.50428e-07   1.45500e+01
  10  beta_2CBO    1.26786e-03     fixed    
  11  alpha_y      0.00000e+00     fixed    
  12  w_y          1.44500e+01   constant   
  13  beta_y      -1.16419e-03     fixed    
  14  alpha_vw     0.00000e+00     fixed    
  15  w_vw         1.29000e+01   constant   
  16  beta_vw      0.00000e+00     fixed    
  17  LM          -1.22211e-03   constant   
  18  zeta_y       0.00000e+00   constant   
  19  zeta_vw      0.00000e+00   constant   
  20  T_CBO        2.65422e+01   1.94866e+01   5.81061e-06  -3.32725e+00
  21  alpha_A0    -5.77263e-02   1.07926e-01   2.46877e-05   2.50669e-01
  22  beta_A0     -3.42804e-01   6.11118e-01   2.84548e-05   6.01871e-01
  23  alpha_phi   -1.00548e-01   1.78325e-01   3.26432e-05  -6.75052e-04
  24  beta_phi    -9.35107e-02   1.64763e-01   2.76632e-05   1.06183e-01
 MIGRAD MINIMIZATION HAS CONVERGED.
 FCN=37.2177 FROM MIGRAD    STATUS=CONVERGED     293 CALLS        2675 TOTAL
                     EDM=3.67347e-06    STRATEGY= 1  ERROR MATRIX UNCERTAINTY   1.0 per cent
  EXT PARAMETER                                   STEP         FIRST   
  NO.   NAME      VALUE            ERROR          SIZE      DERIVATIVE 
   1  N0           3.43031e+06   5.06926e+02   3.03713e-01   2.52513e-06
   2  tau          6.43680e+01   constant   
   3  A0           3.61043e-01   3.31782e-04  -1.54647e-06  -5.73533e+00
   4  phi          4.16657e+00   5.57758e-04   2.11335e-06  -1.20155e+00
   5  R           -6.08433e+01   constant   
   6  alpha_CBO    1.36361e-03   3.69602e-03   1.34036e-05   2.96936e+00
   7  w_CBO        2.32500e+00   constant   
   8  beta_CBO     4.74002e-04   2.56594e-03   9.87827e-06  -8.14562e+00
   9  alpha_2CBO   2.87189e-04   1.44575e-03   7.25031e-06  -1.30065e+01
  10  beta_2CBO    1.26786e-03     fixed    
  11  alpha_y      0.00000e+00     fixed    
  12  w_y          1.44500e+01   constant   
  13  beta_y      -1.16419e-03     fixed    
  14  alpha_vw     0.00000e+00     fixed    
  15  w_vw         1.29000e+01   constant   
  16  beta_vw      0.00000e+00     fixed    
  17  LM          -1.22211e-03   constant   
  18  zeta_y       0.00000e+00   constant   
  19  zeta_vw      0.00000e+00   constant   
  20  T_CBO        2.72187e+01   3.63839e+00   8.66307e-05  -2.20819e-02
  21  alpha_A0    -7.38425e-02   8.52023e-02  -3.64050e-04  -2.43365e-01
  22  beta_A0     -3.48241e-01   3.24556e-02  -1.14095e-04   7.65900e-02
  23  alpha_phi   -1.33053e-01   1.69276e-01  -5.64135e-04   4.81247e-02
  24  beta_phi    -1.11433e-01   9.62894e-02  -4.36029e-04  -1.75707e-01
 EXTERNAL ERROR MATRIX.    NDIM=  25    NPAR= 11    ERR DEF=1
  2.570e+05 
 -6.672e-02  1.101e-07 
 -4.484e-02 -3.861e-08  3.111e-07 
 -2.405e-01 -5.584e-07  8.861e-07  1.366e-05 
 -7.296e-02 -4.394e-07  6.218e-07  9.396e-06  6.584e-06 
 -2.075e-02 -2.858e-07  3.735e-07  5.099e-06  3.587e-06  2.090e-06 
 -1.312e+02 -6.316e-04  9.120e-04  1.334e-02  9.294e-03  5.097e-03  1.324e+01 
  2.548e+00  1.477e-05 -2.161e-05 -3.109e-04 -2.165e-04 -1.208e-04 -3.072e-01  7.259e-03 
  3.343e-01  5.740e-06 -7.949e-06 -1.142e-04 -8.024e-05 -4.322e-05 -1.125e-01  2.623e-03  1.053e-03 
  1.260e+01  2.485e-05 -4.177e-05 -6.243e-04 -4.284e-04 -2.318e-04 -6.086e-01  1.419e-02  5.208e-03  2.865e-02 
  1.888e+00  1.856e-05 -2.342e-05 -3.472e-04 -2.442e-04 -1.373e-04 -3.458e-01  8.122e-03  2.971e-03  1.580e-02  9.272e-03 
 PARAMETER  CORRELATION COEFFICIENTS  
       NO.  GLOBAL      1      3      4      6      8      9     20     21     22     23     24
        1  0.70269   1.000 -0.397 -0.159 -0.128 -0.056 -0.028 -0.071  0.059  0.020  0.147  0.039
        3  0.84773  -0.397  1.000 -0.209 -0.455 -0.516 -0.596 -0.523  0.522  0.533  0.443  0.581
        4  0.64269  -0.159 -0.209  1.000  0.430  0.434  0.463  0.449 -0.455 -0.439 -0.442 -0.436
        6  0.99897  -0.128 -0.455  0.430  1.000  0.991  0.954  0.992 -0.987 -0.952 -0.998 -0.975
        8  0.99773  -0.056 -0.516  0.434  0.991  1.000  0.967  0.995 -0.990 -0.963 -0.986 -0.988
        9  0.99181  -0.028 -0.596  0.463  0.954  0.967  1.000  0.969 -0.981 -0.921 -0.947 -0.986
       20  0.99764  -0.071 -0.523  0.449  0.992  0.995  0.969  1.000 -0.991 -0.953 -0.988 -0.987
       21  0.99669   0.059  0.522 -0.455 -0.987 -0.990 -0.981 -0.991  1.000  0.949  0.984  0.990
       22  0.97197   0.020  0.533 -0.439 -0.952 -0.963 -0.921 -0.953  0.949  1.000  0.948  0.951
       23  0.99829   0.147  0.443 -0.442 -0.998 -0.986 -0.947 -0.988  0.984  0.948  1.000  0.969
       24  0.99659   0.039  0.581 -0.436 -0.975 -0.988 -0.986 -0.987  0.990  0.951  0.969  1.000
MINUIT - FIT ONLY 1-y
 **********
 **   51 **RES 
 **********
                   PARAMETER   16  beta_vw RESTORED TO VARIABLE.
                   PARAMETER   14  alpha_vw RESTORED TO VARIABLE.
                   PARAMETER   13  beta_y RESTORED TO VARIABLE.
                   PARAMETER   11  alpha_y RESTORED TO VARIABLE.
                   PARAMETER   10  beta_2CBO RESTORED TO VARIABLE.
 **********
 **   52 **FIX            0
 **********
 PARAMETER    0  IS UNDEFINED. IGNORED.
 **********
 **   53 **FIX            1
 **********
 **********
 **   54 **FIX            2
 **********
 PARAMETER    2  IS CONSTANT.   IGNORED.
 **********
 **   55 **FIX            3
 **********
 **********
 **   56 **FIX            4
 **********
 **********
 **   57 **FIX            5
 **********
 PARAMETER    5  IS CONSTANT.   IGNORED.
 **********
 **   58 **FIX            6
 **********
 **********
 **   59 **FIX            7
 **********
 PARAMETER    7  IS CONSTANT.   IGNORED.
 **********
 **   60 **FIX            8
 **********
 **********
 **   61 **FIX            9
 **********
 **********
 **   62 **FIX           13
 **********
 **********
 **   63 **FIX           14
 **********
 **********
 **   64 **FIX           15
 **********
 PARAMETER   15  IS CONSTANT.   IGNORED.
 **********
 **   65 **FIX           16
 **********
 **********
 **   66 **MIGRAD
 **********
 START MIGRAD MINIMIZATION.  STRATEGY  1.  CONVERGENCE WHEN EDM .LT. 1.00e-04
 FCN=37.2177 FROM MIGRAD    STATUS=INITIATE       16 CALLS        2691 TOTAL
                     EDM= unknown      STRATEGY= 1      NO ERROR MATRIX       
  EXT PARAMETER               CURRENT GUESS       STEP         FIRST   
  NO.   NAME      VALUE            ERROR          SIZE      DERIVATIVE 
   1  N0           3.43031e+06     fixed    
   2  tau          6.43680e+01   constant   
   3  A0           3.61043e-01     fixed    
   4  phi          4.16657e+00     fixed    
   5  R           -6.08433e+01   constant   
   6  alpha_CBO    1.36361e-03     fixed    
   7  w_CBO        2.32500e+00   constant   
   8  beta_CBO     4.74002e-04     fixed    
   9  alpha_2CBO   2.87189e-04     fixed    
  10  beta_2CBO    1.26786e-03   7.59882e-04   7.59882e-04   2.42176e+02
  11  alpha_y      0.00000e+00   1.00000e-03   1.00000e-03   6.13111e+04
  12  w_y          1.44500e+01   constant   
  13  beta_y      -1.16419e-03     fixed    
  14  alpha_vw     0.00000e+00     fixed    
  15  w_vw         1.29000e+01   constant   
  16  beta_vw      0.00000e+00     fixed    
  17  LM          -1.22211e-03   constant   
  18  zeta_y       0.00000e+00   constant   
  19  zeta_vw      0.00000e+00   constant   
  20  T_CBO        2.72187e+01   3.63839e+00   8.66307e-05  -2.20790e-02
  21  alpha_A0    -7.38425e-02   8.52023e-02  -3.64050e-04  -2.43364e-01
  22  beta_A0     -3.48241e-01   3.24556e-02  -1.14095e-04   7.65907e-02
  23  alpha_phi   -1.33053e-01   1.69276e-01  -5.64135e-04   4.81248e-02
  24  beta_phi    -1.11433e-01   9.62894e-02  -4.36029e-04  -1.75707e-01
 CALL LIMIT EXCEEDED IN MIGRAD.
 MIGRAD TERMINATED WITHOUT CONVERGENCE.
 FCN=3.8714 FROM MIGRAD    STATUS=CALL LIMIT   1159 CALLS        3834 TOTAL
                     EDM=0.00507451    STRATEGY= 1  ERROR MATRIX UNCERTAINTY  26.3 per cent
  EXT PARAMETER                APPROXIMATE        STEP         FIRST   
  NO.   NAME      VALUE            ERROR          SIZE      DERIVATIVE 
   1  N0           3.43031e+06     fixed    
   2  tau          6.43680e+01   constant   
   3  A0           3.61043e-01     fixed    
   4  phi          4.16657e+00     fixed    
   5  R           -6.08433e+01   constant   
   6  alpha_CBO    1.36361e-03     fixed    
   7  w_CBO        2.32500e+00   constant   
   8  beta_CBO     4.74002e-04     fixed    
   9  alpha_2CBO   2.87189e-04     fixed    
  10  beta_2CBO    1.28285e-03   2.59360e-04   1.11969e-06   1.39961e+02
  11  alpha_y     -1.08220e-03   1.87001e-04  -2.41492e-07   2.99752e+01
  12  w_y          1.44500e+01   constant   
  13  beta_y      -1.16419e-03     fixed    
  14  alpha_vw     0.00000e+00     fixed    
  15  w_vw         1.29000e+01   constant   
  16  beta_vw      0.00000e+00     fixed    
  17  LM          -1.22211e-03   constant   
  18  zeta_y       0.00000e+00   constant   
  19  zeta_vw      0.00000e+00   constant   
  20  T_CBO        6.15757e+01   3.11075e+01   6.73918e-03  -1.43856e+01
  21  alpha_A0    -1.95834e-02   1.14690e-02   5.78131e-04  -1.17620e+01
  22  beta_A0     -9.15744e-02   5.14103e-02   2.69948e-03   3.07266e+01
  23  alpha_phi   -3.50750e-02   1.97850e-02   1.06163e-03   1.99401e+01
  24  beta_phi    -3.01657e-02   1.70187e-02   9.49261e-04  -8.90075e-01
 EXTERNAL ERROR MATRIX.    NDIM=  25    NPAR=  7    ERR DEF=1
  6.727e-08 -2.225e-09 -3.629e-04  8.389e-08 -1.253e-06  3.448e-07 -1.656e-07 
 -2.225e-09  3.497e-08 -1.034e-04 -2.182e-08 -1.713e-07 -9.391e-08 -5.225e-08 
 -3.629e-04 -1.034e-04  9.731e+02  3.473e-01  1.600e+00  6.046e-01  5.254e-01 
  8.389e-08 -2.182e-08  3.473e-01  1.315e-04  5.677e-04  2.212e-04  1.875e-04 
 -1.253e-06 -1.713e-07  1.600e+00  5.677e-04  2.643e-03  9.880e-04  8.632e-04 
  3.448e-07 -9.391e-08  6.046e-01  2.212e-04  9.880e-04  3.914e-04  3.256e-04 
 -1.656e-07 -5.225e-08  5.254e-01  1.875e-04  8.632e-04  3.256e-04  2.896e-04 
ERR MATRIX APPROXIMATE
 PARAMETER  CORRELATION COEFFICIENTS  
       NO.  GLOBAL     10     11     20     21     22     23     24
       10  0.76129   1.000 -0.046 -0.045  0.028 -0.094  0.067 -0.038
       11  0.08833  -0.046  1.000 -0.018 -0.010 -0.018 -0.025 -0.016
       20  0.99907  -0.045 -0.018  1.000  0.971  0.998  0.980  0.990
       21  0.97866   0.028 -0.010  0.971  1.000  0.963  0.975  0.960
       22  0.99878  -0.094 -0.018  0.998  0.963  1.000  0.971  0.987
       23  0.98863   0.067 -0.025  0.980  0.975  0.971  1.000  0.967
       24  0.98982  -0.038 -0.016  0.990  0.960  0.987  0.967  1.000
 ERR MATRIX APPROXIMATE
MINUIT - FIT ONLY 2-y
 **********
 **   67 **RES 
 **********
                   PARAMETER   16  beta_vw RESTORED TO VARIABLE.
                   PARAMETER   14  alpha_vw RESTORED TO VARIABLE.
                   PARAMETER   13  beta_y RESTORED TO VARIABLE.
                   PARAMETER    9  alpha_2CBO RESTORED TO VARIABLE.
                   PARAMETER    8  beta_CBO RESTORED TO VARIABLE.
                   PARAMETER    6  alpha_CBO RESTORED TO VARIABLE.
                   PARAMETER    4  phi RESTORED TO VARIABLE.
                   PARAMETER    3  A0 RESTORED TO VARIABLE.
                   PARAMETER    1  N0 RESTORED TO VARIABLE.
 **********
 **   68 **FIX            0
 **********
 PARAMETER    0  IS UNDEFINED. IGNORED.
 **********
 **   69 **FIX            1
 **********
 **********
 **   70 **FIX            2
 **********
 PARAMETER    2  IS CONSTANT.   IGNORED.
 **********
 **   71 **FIX            3
 **********
 **********
 **   72 **FIX            4
 **********
 **********
 **   73 **FIX            5
 **********
 PARAMETER    5  IS CONSTANT.   IGNORED.
 **********
 **   74 **FIX            6
 **********
 **********
 **   75 **FIX            7
 **********
 PARAMETER    7  IS CONSTANT.   IGNORED.
 **********
 **   76 **FIX            8
 **********
 **********
 **   77 **FIX            9
 **********
 **********
 **   78 **FIX           10
 **********
 **********
 **   79 **FIX           11
 **********
 **********
 **   80 **FIX           12
 **********
 PARAMETER   12  IS CONSTANT.   IGNORED.
 **********
 **   81 **FIX           16
 **********
 **********
 **   82 **MIGRAD
 **********
 START MIGRAD MINIMIZATION.  STRATEGY  1.  CONVERGENCE WHEN EDM .LT. 1.00e-04
 FCN=3.8714 FROM MIGRAD    STATUS=INITIATE       16 CALLS        3850 TOTAL
                     EDM= unknown      STRATEGY= 1      NO ERROR MATRIX       
  EXT PARAMETER               CURRENT GUESS       STEP         FIRST   
  NO.   NAME      VALUE            ERROR          SIZE      DERIVATIVE 
   1  N0           3.43031e+06     fixed    
   2  tau          6.43680e+01   constant   
   3  A0           3.61043e-01     fixed    
   4  phi          4.16657e+00     fixed    
   5  R           -6.08433e+01   constant   
   6  alpha_CBO    1.36361e-03     fixed    
   7  w_CBO        2.32500e+00   constant   
   8  beta_CBO     4.74002e-04     fixed    
   9  alpha_2CBO   2.87189e-04     fixed    
  10  beta_2CBO    1.28285e-03     fixed    
  11  alpha_y     -1.08220e-03     fixed    
  12  w_y          1.44500e+01   constant   
  13  beta_y      -1.16419e-03   1.89042e-04   1.89042e-04   1.59239e+03
  14  alpha_vw     0.00000e+00   1.00000e-03   1.00000e-03  -1.05800e+03
  15  w_vw         1.29000e+01   constant   
  16  beta_vw      0.00000e+00     fixed    
  17  LM          -1.22211e-03   constant   
  18  zeta_y       0.00000e+00   constant   
  19  zeta_vw      0.00000e+00   constant   
  20  T_CBO        6.15757e+01   3.11075e+01   6.73918e-03  -1.43856e+01
  21  alpha_A0    -1.95834e-02   1.14690e-02   5.78131e-04  -1.17620e+01
  22  beta_A0     -9.15744e-02   5.14103e-02   2.69948e-03   3.07266e+01
  23  alpha_phi   -3.50750e-02   1.97850e-02   1.06163e-03   1.99401e+01
  24  beta_phi    -3.01657e-02   1.70187e-02   9.49261e-04  -8.90075e-01
 CALL LIMIT EXCEEDED IN MIGRAD.
 MIGRAD TERMINATED WITHOUT CONVERGENCE.
 FCN=3.70036 FROM MIGRAD    STATUS=CALL LIMIT   1152 CALLS        4986 TOTAL
                     EDM=0.00195677    STRATEGY= 1  ERROR MATRIX UNCERTAINTY   7.3 per cent
  EXT PARAMETER                APPROXIMATE        STEP         FIRST   
  NO.   NAME      VALUE            ERROR          SIZE      DERIVATIVE 
   1  N0           3.43031e+06     fixed    
   2  tau          6.43680e+01   constant   
   3  A0           3.61043e-01     fixed    
   4  phi          4.16657e+00     fixed    
   5  R           -6.08433e+01   constant   
   6  alpha_CBO    1.36361e-03     fixed    
   7  w_CBO        2.32500e+00   constant   
   8  beta_CBO     4.74002e-04     fixed    
   9  alpha_2CBO   2.87189e-04     fixed    
  10  beta_2CBO    1.28285e-03     fixed    
  11  alpha_y     -1.08220e-03     fixed    
  12  w_y          1.44500e+01   constant   
  13  beta_y      -1.18391e-03   2.01518e-04   2.33666e-06   1.67546e+01
  14  alpha_vw     8.24628e-06   2.08596e-04   1.90254e-06  -1.47002e+00
  15  w_vw         1.29000e+01   constant   
  16  beta_vw      0.00000e+00     fixed    
  17  LM          -1.22211e-03   constant   
  18  zeta_y       0.00000e+00   constant   
  19  zeta_vw      0.00000e+00   constant   
