 + ++++++++++++++++++++++++++++++++++++++++++++++++++++++++++++++++++++ +
 +                                                                      +
 +           You have chose to blind your fitting according to          +
 +                omega_ref * (1 + (R +/- deltaR) *10^{-6})             +
 +                                                                      +
 + ++++++++++++++++++++++++++++++++++++++++++++++++++++++++++++++++++++ +
In main()...
reading format from /gm2data/zkhechad/run45/envelope/formats/formatB_sBin_constraintOn.txt
pBinTau 	= 0  
pBinPhi 	= 0  
constraintau 	= 1 
includeMopTerm 	= 0    
constrainMop    = 0   
Parameters after format file: pBinTau 0 pBinPhi 0 constraintau 1 includeMopTerm 0 constrainMop 0 c_e_scale 0.000000 
Opening file /gm2data/tbarrett/gm2fr/studies/run23_bunch_corrections/CorrectedFourier_Run3b.root.
reading full fit data from /gm2data/zkhechad/cboTemplates/Run4CBOTemplates/fullFits/noRF/sBin_constraintOn_cE0.0_seed0_noRF_calo1.root
windowBins = 34
fitting sliding window 35 from bin 171 at 25.364000 to bin 205 at 30.586000 (34 bins)

Reading data from /gm2data/cornell/histograms/aMethod/histogram_a_noRF.root
 **********
 **    1 **SET PRINTOUT            1
 **********
 **********
 **    2 **SET NOWARNINGS 
 **********
 PARAMETER DEFINITIONS:
    NO.   NAME         VALUE      STEP SIZE      LIMITS
     1 N0           3.52378e+06  1.00000e+02     no limits
     2 tau          6.43930e+01  constant
     3 A0           3.54691e-01  1.00000e-04     no limits
     4 phi          4.12302e+00  1.00000e-02     no limits
     5 R           -6.08522e+01  constant
     6 alpha_CBO    0.00000e+00  1.00000e-03     no limits
     7 w_CBO        2.32500e+00  constant
     8 beta_CBO     0.00000e+00  1.00000e-03     no limits
     9 alpha_2CBO   0.00000e+00  1.00000e-03     no limits
    10 beta_2CBO    0.00000e+00  1.00000e-03     no limits
    11 alpha_y      0.00000e+00  1.00000e-03     no limits
    12 w_y          1.38860e+01  constant
    13 beta_y       0.00000e+00  1.00000e-03     no limits
    14 alpha_vw     0.00000e+00  1.00000e-03     no limits
    15 w_vw         1.43404e+01  constant
    16 beta_vw      0.00000e+00  1.00000e-03     no limits
    17 LM          -3.26196e-04  constant
    18 zeta_y       0.00000e+00  constant
    19 zeta_vw      0.00000e+00  constant
    20 T_CBO        1.00000e+02  1.00000e+00    0.00000e+00  1.00000e+03
    21 alpha_A0     0.00000e+00  1.00000e-04   -1.00000e-02  1.00000e-02
    22 beta_A0      0.00000e+00  1.00000e-04   -1.00000e-02  1.00000e-02
    23 alpha_phi    0.00000e+00  1.00000e-04   -1.00000e-02  1.00000e-02
    24 beta_phi     0.00000e+00  1.00000e-04   -1.00000e-02  1.00000e-02
MINUIT - FIT ONLY WIGGLE
 **********
 **    3 **FIX            5
 **********
 PARAMETER    5  IS CONSTANT.   IGNORED.
 **********
 **    4 **FIX            6
 **********
 **********
 **    5 **FIX            7
 **********
 PARAMETER    7  IS CONSTANT.   IGNORED.
 **********
 **    6 **FIX            8
 **********
 **********
 **    7 **FIX            9
 **********
 **********
 **    8 **FIX           10
 **********
 **********
 **    9 **FIX           11
 **********
 **********
 **   10 **FIX           12
 **********
 PARAMETER   12  IS CONSTANT.   IGNORED.
 **********
 **   11 **FIX           13
 **********
 **********
 **   12 **FIX           14
 **********
 **********
 **   13 **FIX           15
 **********
 PARAMETER   15  IS CONSTANT.   IGNORED.
 **********
 **   14 **FIX           16
 **********
 **********
 **   15 **MIGRAD
 **********
 FIRST CALL TO USER FUNCTION AT NEW START POINT, WITH IFLAG=4.
 START MIGRAD MINIMIZATION.  STRATEGY  1.  CONVERGENCE WHEN EDM .LT. 1.00e-04
 FCN=12122.8 FROM MIGRAD    STATUS=INITIATE      435 CALLS         436 TOTAL
                     EDM= unknown      STRATEGY= 1      NO ERROR MATRIX       
  EXT PARAMETER               CURRENT GUESS       STEP         FIRST   
  NO.   NAME      VALUE            ERROR          SIZE      DERIVATIVE 
   1  N0           3.52378e+06   1.00000e+02   0.00000e+00   1.40232e-02
   2  tau          6.43930e+01   constant   
   3  A0           3.54691e-01   1.00000e-04   0.00000e+00  -2.30772e+05
   4  phi          4.12302e+00   1.00000e-02   0.00000e+00   2.54284e+05
   5  R           -6.08522e+01   constant   
   6  alpha_CBO    0.00000e+00     fixed    
   7  w_CBO        2.32500e+00   constant   
   8  beta_CBO     0.00000e+00     fixed    
   9  alpha_2CBO   0.00000e+00     fixed    
  10  beta_2CBO    0.00000e+00     fixed    
  11  alpha_y      0.00000e+00     fixed    
  12  w_y          1.38860e+01   constant   
  13  beta_y       0.00000e+00     fixed    
  14  alpha_vw     0.00000e+00     fixed    
  15  w_vw         1.43404e+01   constant   
  16  beta_vw      0.00000e+00     fixed    
  17  LM          -3.26196e-04   constant   
  18  zeta_y       0.00000e+00   constant   
  19  zeta_vw      0.00000e+00   constant   
  20  T_CBO        1.00000e+02   1.00000e+00   0.00000e+00   0.00000e+00
  21  alpha_A0     0.00000e+00   1.00000e-04   0.00000e+00   5.11034e+02
  22  beta_A0      0.00000e+00   1.00000e-04   0.00000e+00  -1.03773e+02
  23  alpha_phi    0.00000e+00   1.00000e-04   0.00000e+00   3.73238e+02
  24  beta_phi     0.00000e+00   1.00000e-04   0.00000e+00   4.93724e+02
 MIGRAD MINIMIZATION HAS CONVERGED.
 FCN=9114.33 FROM MIGRAD    STATUS=CONVERGED     834 CALLS         835 TOTAL
                     EDM=3.23452e-06    STRATEGY= 1  ERROR MATRIX UNCERTAINTY   2.3 per cent
  EXT PARAMETER                                   STEP         FIRST   
  NO.   NAME      VALUE            ERROR          SIZE      DERIVATIVE 
   1  N0           3.53185e+06   2.87707e+02   4.25887e+00   8.77319e-06
   2  tau          6.43930e+01   constant   
   3  A0           3.56085e-01   1.26749e-04   1.48524e-06  -3.22323e+00
   4  phi          4.10529e+00   2.93809e-04  -9.04870e-07   8.33543e+00
   5  R           -6.08522e+01   constant   
   6  alpha_CBO    0.00000e+00     fixed    
   7  w_CBO        2.32500e+00   constant   
   8  beta_CBO     0.00000e+00     fixed    
   9  alpha_2CBO   0.00000e+00     fixed    
  10  beta_2CBO    0.00000e+00     fixed    
  11  alpha_y      0.00000e+00     fixed    
  12  w_y          1.38860e+01   constant   
  13  beta_y       0.00000e+00     fixed    
  14  alpha_vw     0.00000e+00     fixed    
  15  w_vw         1.43404e+01   constant   
  16  beta_vw      0.00000e+00     fixed    
  17  LM          -3.26196e-04   constant   
  18  zeta_y       0.00000e+00   constant   
  19  zeta_vw      0.00000e+00   constant   
  20  T_CBO        1.00000e+03   1.95084e+01  -6.14449e-04** at limit **
  21  alpha_A0    -1.00000e-02   1.17200e-05   7.63570e-04** at limit **
  22  beta_A0      1.00000e-02   2.62395e-05   2.19339e-04** at limit **
  23  alpha_phi    7.71662e-03   5.81205e-04   5.16998e-04  -1.19459e-02
  24  beta_phi     1.00000e-02   3.24023e-05   9.53938e-05** at limit **
 EXTERNAL ERROR MATRIX.    NDIM=  25    NPAR=  8    ERR DEF=1
  8.278e+04 -9.346e-03 -3.086e-02  1.744e-02  4.130e-08  9.884e-08  8.203e-02 -1.754e-07 
 -9.346e-03  1.607e-08  1.057e-08 -2.835e-10  9.875e-15 -4.631e-15 -4.668e-08  2.246e-15 
 -3.086e-02  1.057e-08  8.632e-08 -1.731e-08  5.360e-15 -1.283e-13 -8.562e-08  3.457e-13 
  1.744e-02 -2.835e-10 -1.731e-08  8.944e-07 -5.746e-13 -4.110e-13 -1.183e-08  9.636e-13 
  4.130e-08  9.875e-15  5.360e-15 -5.746e-13  1.773e-16 -5.351e-18 -6.432e-14  2.427e-18 
  9.884e-08 -4.631e-15 -1.283e-13 -4.110e-13 -5.351e-18  7.685e-16  3.877e-14  7.753e-18 
  8.203e-02 -4.668e-08 -8.562e-08 -1.183e-08 -6.432e-14  3.877e-14  3.387e-07  1.337e-13 
 -1.754e-07  2.246e-15  3.457e-13  9.636e-13  2.427e-18  7.753e-18  1.337e-13  1.168e-15 
 PARAMETER  CORRELATION COEFFICIENTS  
       NO.  GLOBAL      1      3      4     20     21     22     23     24
        1  0.51770   1.000 -0.256 -0.365  0.064  0.011  0.012  0.490 -0.018
        3  0.63692  -0.256  1.000  0.284 -0.002  0.006 -0.001 -0.633  0.001
        4  0.52540  -0.365  0.284  1.000 -0.062  0.001 -0.016 -0.501  0.034
       20  0.13307   0.064 -0.002 -0.062  1.000 -0.046 -0.016 -0.021  0.030
       21  0.05415   0.011  0.006  0.001 -0.046  1.000 -0.014 -0.008  0.005
       22  0.03255   0.012 -0.001 -0.016 -0.016 -0.014  1.000  0.002  0.008
       23  0.75955   0.490 -0.633 -0.501 -0.021 -0.008  0.002  1.000  0.007
       24  0.06133  -0.018  0.001  0.034  0.030  0.005  0.008  0.007  1.000
MINUIT - FIT ONLY 1-CBO + wiggle
 **********
 **   16 **RES 
 **********
                   PARAMETER   16  beta_vw RESTORED TO VARIABLE.
                   PARAMETER   14  alpha_vw RESTORED TO VARIABLE.
                   PARAMETER   13  beta_y RESTORED TO VARIABLE.
                   PARAMETER   11  alpha_y RESTORED TO VARIABLE.
                   PARAMETER   10  beta_2CBO RESTORED TO VARIABLE.
                   PARAMETER    9  alpha_2CBO RESTORED TO VARIABLE.
                   PARAMETER    8  beta_CBO RESTORED TO VARIABLE.
                   PARAMETER    6  alpha_CBO RESTORED TO VARIABLE.
 **********
 **   17 **FIX            8
 **********
 **********
 **   18 **FIX            9
 **********
 **********
 **   19 **FIX           11
 **********
 **********
 **   20 **FIX           12
 **********
 PARAMETER   12  IS CONSTANT.   IGNORED.
 **********
 **   21 **FIX           14
 **********
 **********
 **   22 **FIX           15
 **********
 PARAMETER   15  IS CONSTANT.   IGNORED.
 **********
 **   23 **FIX           16
 **********
 **********
 **   24 **MIGRAD
 **********
 START MIGRAD MINIMIZATION.  STRATEGY  1.  CONVERGENCE WHEN EDM .LT. 1.00e-04
 FCN=9114.33 FROM MIGRAD    STATUS=INITIATE       36 CALLS         871 TOTAL
                     EDM= unknown      STRATEGY= 1      NO ERROR MATRIX       
  EXT PARAMETER               CURRENT GUESS       STEP         FIRST   
  NO.   NAME      VALUE            ERROR          SIZE      DERIVATIVE 
   1  N0           3.53185e+06   2.87707e+02   4.25887e+00   9.00083e-06
   2  tau          6.43930e+01   constant   
   3  A0           3.56085e-01   1.26749e-04   1.48524e-06  -2.77405e+00
   4  phi          4.10529e+00   2.93809e-04  -9.04870e-07   8.00735e+00
   5  R           -6.08522e+01   constant   
   6  alpha_CBO    0.00000e+00   1.00000e-03   1.00000e-03   8.86026e+05
   7  w_CBO        2.32500e+00   constant   
   8  beta_CBO     0.00000e+00     fixed    
   9  alpha_2CBO   0.00000e+00     fixed    
  10  beta_2CBO    0.00000e+00   1.00000e-03   1.00000e-03  -2.59701e+05
  11  alpha_y      0.00000e+00     fixed    
  12  w_y          1.38860e+01   constant   
  13  beta_y       0.00000e+00   1.00000e-03   1.00000e-03   4.59690e+05
  14  alpha_vw     0.00000e+00     fixed    
  15  w_vw         1.43404e+01   constant   
  16  beta_vw      0.00000e+00     fixed    
  17  LM          -3.26196e-04   constant   
  18  zeta_y       0.00000e+00   constant   
  19  zeta_vw      0.00000e+00   constant   
  20  T_CBO        9.99999e+02   1.95084e+01  -6.14449e-04  -4.13581e-02
  21  alpha_A0    -9.99998e-03   1.17200e-05   7.63570e-04   1.64409e+00
  22  beta_A0      9.99998e-03   2.62395e-05   2.19339e-04  -7.56175e-01
  23  alpha_phi    7.71662e-03   5.81205e-04   5.16998e-04  -1.15973e-02
  24  beta_phi     9.99998e-03   3.24023e-05   9.53938e-05  -5.97247e-01
 MIGRAD MINIMIZATION HAS CONVERGED.
 FCN=5983.49 FROM MIGRAD    STATUS=CONVERGED    1060 CALLS        1895 TOTAL
                     EDM=2.40684e-07    STRATEGY= 1  ERROR MATRIX UNCERTAINTY   1.1 per cent
  EXT PARAMETER                                   STEP         FIRST   
  NO.   NAME      VALUE            ERROR          SIZE      DERIVATIVE 
   1  N0           3.52708e+06   3.74647e+02  -7.33916e-02   2.91380e-07
   2  tau          6.43930e+01   constant   
   3  A0           3.49884e-01   2.69858e-04   2.40390e-07   1.35546e-01
   4  phi          4.11474e+00   5.59676e-04  -2.66097e-07  -1.11873e+00
   5  R           -6.08522e+01   constant   
   6  alpha_CBO   -7.61847e-03   1.86830e-04   3.00204e-07   3.91637e+00
   7  w_CBO        2.32500e+00   constant   
   8  beta_CBO     0.00000e+00     fixed    
   9  alpha_2CBO   0.00000e+00     fixed    
  10  beta_2CBO   -3.24863e-04   1.24558e-04  -9.30453e-08  -2.94379e+00
  11  alpha_y      0.00000e+00     fixed    
  12  w_y          1.38860e+01   constant   
  13  beta_y      -2.31577e-03   9.96088e-05   4.05667e-08   9.95554e-02
  14  alpha_vw     0.00000e+00     fixed    
  15  w_vw         1.43404e+01   constant   
  16  beta_vw      0.00000e+00     fixed    
  17  LM          -3.26196e-04   constant   
  18  zeta_y       0.00000e+00   constant   
  19  zeta_vw      0.00000e+00   constant   
  20  T_CBO        1.00000e+03   5.55597e+01   3.74079e-05** at limit **
  21  alpha_A0     1.33786e-03   7.83477e-04  -3.78925e-05   3.40104e-03
  22  beta_A0      1.00000e-02   1.76497e-05   1.10996e-04** at limit **
  23  alpha_phi    1.00000e-02   5.38233e-05  -8.63245e-05** at limit **
  24  beta_phi    -8.63587e-03   1.15279e-03  -1.80140e-04   1.95206e-03
 EXTERNAL ERROR MATRIX.    NDIM=  25    NPAR= 11    ERR DEF=1
  1.404e+05 
  7.153e-02  7.282e-08 
 -1.471e-01 -1.234e-07  3.132e-07 
  4.447e-02  4.219e-08 -7.909e-08  3.491e-08 
  1.674e-02  1.653e-08 -3.505e-08  1.058e-08  1.551e-08 
 -1.671e-03 -8.369e-10  6.405e-10 -2.199e-10  4.970e-10  9.922e-09 
  2.758e-03 -1.115e-09 -3.887e-09 -9.677e-11  1.035e-09  6.764e-10  2.669e-06 
 -1.970e-01 -1.757e-07  3.367e-07 -1.133e-07 -3.333e-08  3.370e-09  2.315e-09  6.151e-07 
  6.211e-09  3.030e-14 -5.645e-14  2.038e-14  2.887e-15 -1.331e-15  3.422e-14 -7.251e-14  4.713e-18 
 -1.205e-06 -4.378e-13  1.390e-12 -4.910e-13 -9.181e-14 -7.864e-14  3.753e-13  1.655e-12 -2.494e-18  1.378e-15 
 -3.125e-01 -2.832e-07  5.615e-07 -1.729e-07 -8.082e-08  2.583e-09 -2.656e-09  7.135e-07 -8.476e-14  2.024e-12  1.353e-06 
 PARAMETER  CORRELATION COEFFICIENTS  
       NO.  GLOBAL      1      3      4      6     10     13     20     21     22     23     24
        1  0.75319   1.000  0.708 -0.702  0.635  0.359 -0.045  0.005 -0.671  0.008 -0.087 -0.717
        3  0.93370   0.708  1.000 -0.817  0.837  0.492 -0.031 -0.003 -0.830  0.052 -0.044 -0.902
        4  0.88285  -0.702 -0.817  1.000 -0.756 -0.503  0.011 -0.004  0.767 -0.046  0.067  0.863
        6  0.85565   0.635  0.837 -0.756  1.000  0.455 -0.012 -0.000 -0.773  0.050 -0.071 -0.796
       10  0.59382   0.359  0.492 -0.503  0.455  1.000  0.040  0.005 -0.341  0.011 -0.020 -0.558
       13  0.09219  -0.045 -0.031  0.011 -0.012  0.040  1.000  0.004  0.043 -0.006 -0.021  0.022
       20  0.01926   0.005 -0.003 -0.004 -0.000  0.005  0.004  1.000  0.002  0.010  0.006 -0.001
       21  0.86193  -0.671 -0.830  0.767 -0.773 -0.341  0.043  0.002  1.000 -0.043  0.057  0.782
       22  0.08608   0.008  0.052 -0.046  0.050  0.011 -0.006  0.010 -0.043  1.000 -0.031 -0.034
       23  0.11653  -0.087 -0.044  0.067 -0.071 -0.020 -0.021  0.006  0.057 -0.031  1.000  0.047
       24  0.93420  -0.717 -0.902  0.863 -0.796 -0.558  0.022 -0.001  0.782 -0.034  0.047  1.000
MINUIT - FIT ONLY 2-CBO
 **********
 **   25 **RES 
 **********
                   PARAMETER   16  beta_vw RESTORED TO VARIABLE.
                   PARAMETER   14  alpha_vw RESTORED TO VARIABLE.
                   PARAMETER   11  alpha_y RESTORED TO VARIABLE.
                   PARAMETER    9  alpha_2CBO RESTORED TO VARIABLE.
                   PARAMETER    8  beta_CBO RESTORED TO VARIABLE.
 **********
 **   26 **FIX            0
 **********
 PARAMETER    0  IS UNDEFINED. IGNORED.
 **********
 **   27 **FIX            1
 **********
 **********
 **   28 **FIX            2
 **********
 PARAMETER    2  IS CONSTANT.   IGNORED.
 **********
 **   29 **FIX            3
 **********
 **********
 **   30 **FIX            4
 **********
 **********
 **   31 **FIX            5
 **********
 PARAMETER    5  IS CONSTANT.   IGNORED.
 **********
 **   32 **FIX            6
 **********
 **********
 **   33 **FIX            7
 **********
 PARAMETER    7  IS CONSTANT.   IGNORED.
 **********
 **   34 **FIX           10
 **********
 **********
 **   35 **FIX           11
 **********
 **********
 **   36 **FIX           12
 **********
 PARAMETER   12  IS CONSTANT.   IGNORED.
 **********
 **   37 **FIX           13
 **********
 **********
 **   38 **FIX           14
 **********
 **********
 **   39 **FIX           15
 **********
 PARAMETER   15  IS CONSTANT.   IGNORED.
 **********
 **   40 **FIX           16
 **********
 **********
 **   41 **MIGRAD
 **********
 START MIGRAD MINIMIZATION.  STRATEGY  1.  CONVERGENCE WHEN EDM .LT. 1.00e-04
 FCN=5983.49 FROM MIGRAD    STATUS=INITIATE       24 CALLS        1919 TOTAL
                     EDM= unknown      STRATEGY= 1      NO ERROR MATRIX       
  EXT PARAMETER               CURRENT GUESS       STEP         FIRST   
  NO.   NAME      VALUE            ERROR          SIZE      DERIVATIVE 
   1  N0           3.52708e+06     fixed    
   2  tau          6.43930e+01   constant   
   3  A0           3.49884e-01     fixed    
   4  phi          4.11474e+00     fixed    
   5  R           -6.08522e+01   constant   
   6  alpha_CBO   -7.61847e-03     fixed    
   7  w_CBO        2.32500e+00   constant   
   8  beta_CBO     0.00000e+00   1.00000e-03   1.00000e-03  -8.54885e+05
   9  alpha_2CBO   0.00000e+00   1.00000e-03   1.00000e-03  -2.56133e+05
  10  beta_2CBO   -3.24863e-04     fixed    
  11  alpha_y      0.00000e+00     fixed    
  12  w_y          1.38860e+01   constant   
  13  beta_y      -2.31577e-03     fixed    
  14  alpha_vw     0.00000e+00     fixed    
  15  w_vw         1.43404e+01   constant   
  16  beta_vw      0.00000e+00     fixed    
  17  LM          -3.26196e-04   constant   
  18  zeta_y       0.00000e+00   constant   
  19  zeta_vw      0.00000e+00   constant   
  20  T_CBO        9.99999e+02   5.55597e+01   3.74079e-05  -1.79761e-02
  21  alpha_A0     1.33786e-03   7.83477e-04  -3.78925e-05   2.64515e-03
  22  beta_A0      9.99998e-03   1.76497e-05   1.10996e-04  -1.02259e+00
  23  alpha_phi    9.99998e-03   5.38233e-05  -8.63245e-05  -3.25331e-01
  24  beta_phi    -8.63587e-03   1.15279e-03  -1.80140e-04  -1.68724e-03
 MIGRAD MINIMIZATION HAS CONVERGED.
 FCN=3955.15 FROM MIGRAD    STATUS=CONVERGED     130 CALLS        2025 TOTAL
                     EDM=1.02753e-06    STRATEGY= 1  ERROR MATRIX UNCERTAINTY   1.8 per cent
  EXT PARAMETER                                   STEP         FIRST   
  NO.   NAME      VALUE            ERROR          SIZE      DERIVATIVE 
   1  N0           3.52708e+06     fixed    
   2  tau          6.43930e+01   constant   
   3  A0           3.49884e-01     fixed    
   4  phi          4.11474e+00     fixed    
   5  R           -6.08522e+01   constant   
   6  alpha_CBO   -7.61847e-03     fixed    
   7  w_CBO        2.32500e+00   constant   
   8  beta_CBO     4.51550e-03   1.04542e-04   6.33788e-07  -2.06945e+00
   9  alpha_2CBO   7.69007e-04   1.00960e-04   1.04767e-07  -3.20177e-01
  10  beta_2CBO   -3.24863e-04     fixed    
  11  alpha_y      0.00000e+00     fixed    
  12  w_y          1.38860e+01   constant   
  13  beta_y      -2.31577e-03     fixed    
  14  alpha_vw     0.00000e+00     fixed    
  15  w_vw         1.43404e+01   constant   
  16  beta_vw      0.00000e+00     fixed    
  17  LM          -3.26196e-04   constant   
  18  zeta_y       0.00000e+00   constant   
  19  zeta_vw      0.00000e+00   constant   
  20  T_CBO        1.00000e+03   1.92229e+01   2.37357e-05** at limit **
  21  alpha_A0    -3.36579e-05   3.92260e-04   4.69474e-05  -4.81056e-04
  22  beta_A0      1.00000e-02   7.13083e-06   4.08472e-05** at limit **
  23  alpha_phi    1.00000e-02   2.13712e-05   8.05627e-06** at limit **
  24  beta_phi    -6.66776e-03   4.32040e-04  -1.27753e-05   1.15031e-03
 EXTERNAL ERROR MATRIX.    NDIM=  25    NPAR=  7    ERR DEF=1
  1.093e-08 -1.282e-09  6.229e-09 -3.141e-09  1.468e-12  4.270e-16  6.731e-09 
 -1.282e-09  1.019e-08  3.609e-10 -3.705e-10  1.860e-13  3.289e-16 -6.907e-09 
  6.229e-09  3.609e-10  5.422e-05  9.862e-09  2.633e-12  2.089e-15  2.908e-10 
 -3.141e-09 -3.705e-10  9.862e-09  1.539e-07  1.853e-12  7.593e-16 -5.700e-09 
  1.468e-12  1.860e-13  2.633e-12  1.853e-12  1.186e-14  4.785e-19 -8.410e-14 
  4.270e-16  3.289e-16  2.089e-15  7.593e-16  4.785e-19  1.821e-18  1.615e-16 
  6.731e-09 -6.907e-09  2.908e-10 -5.700e-09 -8.410e-14  1.615e-16  1.869e-07 
 PARAMETER  CORRELATION COEFFICIENTS  
       NO.  GLOBAL      8      9     20     21     22     23     24
        8  0.23543   1.000 -0.121  0.008 -0.077  0.129  0.003  0.149
        9  0.19050  -0.121  1.000  0.000 -0.009  0.017  0.002 -0.158
       20  0.00943   0.008  0.000  1.000  0.003  0.003  0.000  0.000
       21  0.09893  -0.077 -0.009  0.003  1.000  0.043  0.001 -0.034
       22  0.14445   0.129  0.017  0.003  0.043  1.000  0.003 -0.002
       23  0.00524   0.003  0.002  0.000  0.001  0.003  1.000  0.000
       24  0.20731   0.149 -0.158  0.000 -0.034 -0.002  0.000  1.000
MINUIT - FIT wiggle + 1-CBO + 2-CBO
 **********
 **   42 **RES 
 **********
                   PARAMETER   16  beta_vw RESTORED TO VARIABLE.
                   PARAMETER   14  alpha_vw RESTORED TO VARIABLE.
                   PARAMETER   13  beta_y RESTORED TO VARIABLE.
                   PARAMETER   11  alpha_y RESTORED TO VARIABLE.
                   PARAMETER   10  beta_2CBO RESTORED TO VARIABLE.
                   PARAMETER    6  alpha_CBO RESTORED TO VARIABLE.
                   PARAMETER    4  phi RESTORED TO VARIABLE.
                   PARAMETER    3  A0 RESTORED TO VARIABLE.
                   PARAMETER    1  N0 RESTORED TO VARIABLE.
 **********
 **   43 **FIX           10
 **********
 **********
 **   44 **FIX           11
 **********
 **********
 **   45 **FIX           12
 **********
 PARAMETER   12  IS CONSTANT.   IGNORED.
 **********
 **   46 **FIX           13
 **********
 **********
 **   47 **FIX           14
 **********
 **********
 **   48 **FIX           15
 **********
 PARAMETER   15  IS CONSTANT.   IGNORED.
 **********
 **   49 **FIX           16
 **********
 **********
 **   50 **MIGRAD
 **********
 START MIGRAD MINIMIZATION.  STRATEGY  1.  CONVERGENCE WHEN EDM .LT. 1.00e-04
 FCN=3955.15 FROM MIGRAD    STATUS=INITIATE       34 CALLS        2059 TOTAL
                     EDM= unknown      STRATEGY= 1      NO ERROR MATRIX       
  EXT PARAMETER               CURRENT GUESS       STEP         FIRST   
  NO.   NAME      VALUE            ERROR          SIZE      DERIVATIVE 
   1  N0           3.52708e+06   3.74647e+02   3.74647e+02  -4.79352e-02
   2  tau          6.43930e+01   constant   
   3  A0           3.49884e-01   2.69858e-04   2.69858e-04  -1.87564e+05
   4  phi          4.11474e+00   5.59676e-04   5.59676e-04  -7.85933e+04
   5  R           -6.08522e+01   constant   
   6  alpha_CBO   -7.61847e-03   1.86830e-04   1.86830e-04   7.84252e+03
   7  w_CBO        2.32500e+00   constant   
   8  beta_CBO     4.51550e-03   1.04542e-04   6.33788e-07  -2.04497e+00
   9  alpha_2CBO   7.69007e-04   1.00960e-04   1.04767e-07  -8.70650e-02
  10  beta_2CBO   -3.24863e-04     fixed    
  11  alpha_y      0.00000e+00     fixed    
  12  w_y          1.38860e+01   constant   
  13  beta_y      -2.31577e-03     fixed    
  14  alpha_vw     0.00000e+00     fixed    
  15  w_vw         1.43404e+01   constant   
  16  beta_vw      0.00000e+00     fixed    
  17  LM          -3.26196e-04   constant   
  18  zeta_y       0.00000e+00   constant   
  19  zeta_vw      0.00000e+00   constant   
  20  T_CBO        9.99999e+02   1.92229e+01   2.37357e-05  -1.52045e-02
  21  alpha_A0    -3.36579e-05   3.92260e-04   4.69474e-05  -8.31752e-04
  22  beta_A0      1.00000e-02   7.13083e-06   4.08472e-05** at limit **
  23  alpha_phi    9.99998e-03   2.13712e-05   8.05627e-06  -7.17602e-01
  24  beta_phi    -6.66776e-03   4.32040e-04  -1.27753e-05   1.31885e-03
 CALL LIMIT EXCEEDED IN MIGRAD.
 MIGRAD TERMINATED WITHOUT CONVERGENCE.
 FCN=3463.04 FROM MIGRAD    STATUS=CALL LIMIT   1929 CALLS        3954 TOTAL
                     EDM=9.72059e-05    STRATEGY= 1  ERROR MATRIX UNCERTAINTY   8.5 per cent
  EXT PARAMETER                APPROXIMATE        STEP         FIRST   
  NO.   NAME      VALUE            ERROR          SIZE      DERIVATIVE 
   1  N0           3.52377e+06   5.12103e+02   2.27864e+00  -2.34833e-05
   2  tau          6.43930e+01   constant   
   3  A0           3.57600e-01   2.65001e-04   9.79398e-07  -1.25928e+01
   4  phi          4.12357e+00   6.88146e-04  -4.49364e-06   2.17245e+01
   5  R           -6.08522e+01   constant   
   6  alpha_CBO   -5.19844e-03   1.82117e-04  -2.94822e-08  -6.52290e+01
   7  w_CBO        2.32500e+00   constant   
   8  beta_CBO     7.34087e-03   1.22679e-04  -2.04435e-08  -3.30930e+01
   9  alpha_2CBO  -8.03595e-04   1.12491e-04  -3.94337e-07  -5.72732e+01
  10  beta_2CBO   -3.24863e-04     fixed    
  11  alpha_y      0.00000e+00     fixed    
  12  w_y          1.38860e+01   constant   
  13  beta_y      -2.31577e-03     fixed    
  14  alpha_vw     0.00000e+00     fixed    
  15  w_vw         1.43404e+01   constant   
  16  beta_vw      0.00000e+00     fixed    
  17  LM          -3.26196e-04   constant   
  18  zeta_y       0.00000e+00   constant   
  19  zeta_vw      0.00000e+00   constant   
  20  T_CBO        9.99991e+02   2.80825e+01   5.36960e-04  -3.57020e-04
  21  alpha_A0    -4.26276e-03   9.37464e-04   5.40412e-04   1.35350e-01
  22  beta_A0     -3.45599e-03   6.34567e-04   2.37027e-04  -1.51327e-01
  23  alpha_phi   -9.99954e-03   1.26460e-02   8.45651e-03  -1.81438e-02
  24  beta_phi     2.23198e-03   1.24533e-03   1.08727e-03   1.94121e-01
 EXTERNAL ERROR MATRIX.    NDIM=  25    NPAR= 11    ERR DEF=1
  2.622e+05 
  8.513e-02  7.023e-08 
 -2.906e-01 -1.187e-07  4.735e-07 
  5.960e-02  3.957e-08 -8.825e-08  3.317e-08 
  6.066e-03  1.088e-08  3.098e-09  4.441e-09  1.505e-08 
 -2.592e-02 -1.394e-08  3.369e-08 -7.314e-09 -3.098e-09  1.265e-08 
 -2.822e+01  2.476e-06  3.517e-05 -4.451e-06  2.896e-06 -5.535e-08  9.730e-01 
  3.776e-01  2.003e-07 -5.343e-07  1.375e-07  2.028e-08 -4.755e-08 -2.742e-05  8.820e-07 
  2.193e-01  3.649e-08 -3.074e-07  3.697e-08 -1.482e-08 -2.612e-08 -4.299e-05  3.231e-07  4.033e-07 
 -2.099e-02  1.034e-09  2.689e-08 -3.284e-09  1.997e-09  1.399e-10  1.734e-05 -2.219e-08 -3.094e-08  1.066e-08 
  5.180e-01  2.817e-07 -7.383e-07  1.817e-07  3.132e-08 -7.303e-08 -2.267e-05  1.009e-06  4.335e-07 -2.121e-08  1.559e-06 
ERR MATRIX APPROXIMATE
 PARAMETER  CORRELATION COEFFICIENTS  
       NO.  GLOBAL      1      3      4      6      8      9     20     21     22     23     24
        1  0.88121   1.000  0.627 -0.825  0.639  0.097 -0.450 -0.056  0.785  0.674 -0.397  0.810
        3  0.93446   0.627  1.000 -0.651  0.820  0.335 -0.468  0.009  0.805  0.217  0.038  0.851
        4  0.92989  -0.825 -0.651  1.000 -0.704  0.037  0.435  0.052 -0.827 -0.703  0.378 -0.859
        6  0.87224   0.639  0.820 -0.704  1.000  0.199 -0.357 -0.025  0.804  0.320 -0.175  0.799
        8  0.54566   0.097  0.335  0.037  0.199  1.000 -0.224  0.024  0.176 -0.190  0.158  0.204
        9  0.58581  -0.450 -0.468  0.435 -0.357 -0.224  1.000 -0.000 -0.450 -0.366  0.012 -0.520
       20  0.17125  -0.056  0.009  0.052 -0.025  0.024 -0.000  1.000 -0.030 -0.069  0.170 -0.018
       21  0.91608   0.785  0.805 -0.827  0.804  0.176 -0.450 -0.030  1.000  0.542 -0.229  0.861
       22  0.84348   0.674  0.217 -0.703  0.320 -0.190 -0.366 -0.069  0.542  1.000 -0.472  0.547
       23  0.64295  -0.397  0.038  0.378 -0.175  0.158  0.012  0.170 -0.229 -0.472  1.000 -0.164
       24  0.95336   0.810  0.851 -0.859  0.799  0.204 -0.520 -0.018  0.861  0.547 -0.164  1.000
 ERR MATRIX APPROXIMATE
MINUIT - FIT ONLY 1-y
 **********
 **   51 **RES 
 **********
                   PARAMETER   16  beta_vw RESTORED TO VARIABLE.
                   PARAMETER   14  alpha_vw RESTORED TO VARIABLE.
                   PARAMETER   13  beta_y RESTORED TO VARIABLE.
                   PARAMETER   11  alpha_y RESTORED TO VARIABLE.
                   PARAMETER   10  beta_2CBO RESTORED TO VARIABLE.
 **********
 **   52 **FIX            0
 **********
 PARAMETER    0  IS UNDEFINED. IGNORED.
 **********
 **   53 **FIX            1
 **********
 **********
 **   54 **FIX            2
 **********
 PARAMETER    2  IS CONSTANT.   IGNORED.
 **********
 **   55 **FIX            3
 **********
 **********
 **   56 **FIX            4
 **********
 **********
 **   57 **FIX            5
 **********
 PARAMETER    5  IS CONSTANT.   IGNORED.
 **********
 **   58 **FIX            6
 **********
 **********
 **   59 **FIX            7
 **********
 PARAMETER    7  IS CONSTANT.   IGNORED.
 **********
 **   60 **FIX            8
 **********
 **********
 **   61 **FIX            9
 **********
 **********
 **   62 **FIX           13
 **********
 **********
 **   63 **FIX           14
 **********
 **********
 **   64 **FIX           15
 **********
 PARAMETER   15  IS CONSTANT.   IGNORED.
 **********
 **   65 **FIX           16
 **********
 **********
 **   66 **MIGRAD
 **********
 START MIGRAD MINIMIZATION.  STRATEGY  1.  CONVERGENCE WHEN EDM .LT. 1.00e-04
 FCN=3463.04 FROM MIGRAD    STATUS=INITIATE       16 CALLS        3970 TOTAL
                     EDM= unknown      STRATEGY= 1      NO ERROR MATRIX       
  EXT PARAMETER               CURRENT GUESS       STEP         FIRST   
  NO.   NAME      VALUE            ERROR          SIZE      DERIVATIVE 
   1  N0           3.52377e+06     fixed    
   2  tau          6.43930e+01   constant   
   3  A0           3.57600e-01     fixed    
   4  phi          4.12357e+00     fixed    
   5  R           -6.08522e+01   constant   
   6  alpha_CBO   -5.19844e-03     fixed    
   7  w_CBO        2.32500e+00   constant   
   8  beta_CBO     7.34087e-03     fixed    
   9  alpha_2CBO  -8.03595e-04     fixed    
  10  beta_2CBO   -3.24863e-04   1.24558e-04   1.24558e-04  -8.89852e+04
  11  alpha_y      0.00000e+00   1.00000e-03   1.00000e-03  -8.12594e+05
  12  w_y          1.38860e+01   constant   
  13  beta_y      -2.31577e-03     fixed    
  14  alpha_vw     0.00000e+00     fixed    
  15  w_vw         1.43404e+01   constant   
  16  beta_vw      0.00000e+00     fixed    
  17  LM          -3.26196e-04   constant   
  18  zeta_y       0.00000e+00   constant   
  19  zeta_vw      0.00000e+00   constant   
  20  T_CBO        9.99991e+02   2.80825e+01   5.36960e-04  -3.62722e-04
  21  alpha_A0    -4.26276e-03   9.37464e-04   5.40412e-04  -1.35350e-01
  22  beta_A0     -3.45599e-03   6.34567e-04   2.37027e-04  -1.51327e-01
  23  alpha_phi   -9.99954e-03   1.26460e-02   8.45651e-03   1.97970e-02
  24  beta_phi     2.23198e-03   1.24533e-03   1.08727e-03   1.94121e-01
 MIGRAD MINIMIZATION HAS CONVERGED.
 FCN=1758.71 FROM MIGRAD    STATUS=CONVERGED     164 CALLS        4118 TOTAL
                     EDM=2.53527e-06    STRATEGY= 1  ERROR MATRIX UNCERTAINTY   3.1 per cent
  EXT PARAMETER                                   STEP         FIRST   
  NO.   NAME      VALUE            ERROR          SIZE      DERIVATIVE 
   1  N0           3.52377e+06     fixed    
   2  tau          6.43930e+01   constant   
   3  A0           3.57600e-01     fixed    
   4  phi          4.12357e+00     fixed    
   5  R           -6.08522e+01   constant   
   6  alpha_CBO   -5.19844e-03     fixed    
   7  w_CBO        2.32500e+00   constant   
   8  beta_CBO     7.34087e-03     fixed    
   9  alpha_2CBO  -8.03595e-04     fixed    
  10  beta_2CBO    1.95550e-04   1.08173e-04   9.18409e-08   2.18502e+00
  11  alpha_y      4.13758e-03   1.01378e-04   8.54720e-08  -2.33374e+00
  12  w_y          1.38860e+01   constant   
  13  beta_y      -2.31577e-03     fixed    
  14  alpha_vw     0.00000e+00     fixed    
  15  w_vw         1.43404e+01   constant   
  16  beta_vw      0.00000e+00     fixed    
  17  LM          -3.26196e-04   constant   
  18  zeta_y       0.00000e+00   constant   
  19  zeta_vw      0.00000e+00   constant   
  20  T_CBO        9.99998e+02   5.43650e+02   6.78539e-03   2.08583e-04
  21  alpha_A0    -3.93362e-03   4.02371e-04  -6.23799e-05  -1.26402e-02
  22  beta_A0     -4.30465e-03   3.85712e-04   9.75681e-05   5.35546e-03
  23  alpha_phi   -9.98085e-03   1.84412e-03   1.40260e-03   3.04042e-03
  24  beta_phi     3.06060e-03   4.36221e-04   1.24558e-04   2.53266e-02
 EXTERNAL ERROR MATRIX.    NDIM=  25    NPAR=  7    ERR DEF=1
  1.170e-08  4.397e-11 -1.122e-05  9.476e-09 -7.048e-09  2.641e-09  1.147e-08 
  4.397e-11  1.028e-08 -3.894e-06 -7.387e-10 -7.839e-10 -1.095e-09  1.083e-09 
 -1.122e-05 -3.894e-06  5.248e+01  7.704e-05 -4.404e-05 -2.709e-04 -1.235e-04 
  9.476e-09 -7.387e-10  7.704e-05  1.620e-07 -3.078e-08 -1.689e-08 -1.541e-09 
 -7.048e-09 -7.839e-10 -4.404e-05 -3.078e-08  1.489e-07 -3.598e-09  2.073e-08 
  2.641e-09 -1.095e-09 -2.709e-04 -1.689e-08 -3.598e-09  1.460e-07  1.438e-08 
  1.147e-08  1.083e-09 -1.235e-04 -1.541e-09  2.073e-08  1.438e-08  1.904e-07 
 PARAMETER  CORRELATION COEFFICIENTS  
       NO.  GLOBAL     10     11     20     21     22     23     24
       10  0.36922   1.000  0.004 -0.014  0.218 -0.169  0.064  0.243
       11  0.05382   0.004  1.000 -0.005 -0.018 -0.020 -0.028  0.024
       20  0.10488  -0.014 -0.005  1.000  0.026 -0.016 -0.098 -0.039
       21  0.30275   0.218 -0.018  0.026  1.000 -0.198 -0.110 -0.009
       22  0.28998  -0.169 -0.020 -0.016 -0.198  1.000 -0.024  0.123
       23  0.18989   0.064 -0.028 -0.098 -0.110 -0.024  1.000  0.086
       24  0.30699   0.243  0.024 -0.039 -0.009  0.123  0.086  1.000
MINUIT - FIT ONLY 2-y
 **********
 **   67 **RES 
 **********
                   PARAMETER   16  beta_vw RESTORED TO VARIABLE.
                   PARAMETER   14  alpha_vw RESTORED TO VARIABLE.
                   PARAMETER   13  beta_y RESTORED TO VARIABLE.
                   PARAMETER    9  alpha_2CBO RESTORED TO VARIABLE.
                   PARAMETER    8  beta_CBO RESTORED TO VARIABLE.
                   PARAMETER    6  alpha_CBO RESTORED TO VARIABLE.
                   PARAMETER    4  phi RESTORED TO VARIABLE.
                   PARAMETER    3  A0 RESTORED TO VARIABLE.
                   PARAMETER    1  N0 RESTORED TO VARIABLE.
 **********
 **   68 **FIX            0
 **********
 PARAMETER    0  IS UNDEFINED. IGNORED.
 **********
 **   69 **FIX            1
 **********
 **********
 **   70 **FIX            2
 **********
 PARAMETER    2  IS CONSTANT.   IGNORED.
 **********
 **   71 **FIX            3
 **********
 **********
 **   72 **FIX            4
 **********
 **********
 **   73 **FIX            5
 **********
 PARAMETER    5  IS CONSTANT.   IGNORED.
 **********
 **   74 **FIX            6
 **********
 **********
 **   75 **FIX            7
 **********
 PARAMETER    7  IS CONSTANT.   IGNORED.
 **********
 **   76 **FIX            8
 **********
 **********
 **   77 **FIX            9
 **********
 **********
 **   78 **FIX           10
 **********
 **********
 **   79 **FIX           11
 **********
 **********
 **   80 **FIX           12
 **********
 PARAMETER   12  IS CONSTANT.   IGNORED.
 **********
 **   81 **FIX           16
 **********
 **********
 **   82 **MIGRAD
 **********
 START MIGRAD MINIMIZATION.  STRATEGY  1.  CONVERGENCE WHEN EDM .LT. 1.00e-04
 FCN=1758.71 FROM MIGRAD    STATUS=INITIATE       16 CALLS        4134 TOTAL
                     EDM= unknown      STRATEGY= 1      NO ERROR MATRIX       
  EXT PARAMETER               CURRENT GUESS       STEP         FIRST   
  NO.   NAME      VALUE            ERROR          SIZE      DERIVATIVE 
   1  N0           3.52377e+06     fixed    
   2  tau          6.43930e+01   constant   
   3  A0           3.57600e-01     fixed    
   4  phi          4.12357e+00     fixed    
   5  R           -6.08522e+01   constant   
   6  alpha_CBO   -5.19844e-03     fixed    
   7  w_CBO        2.32500e+00   constant   
   8  beta_CBO     7.34087e-03     fixed    
   9  alpha_2CBO  -8.03595e-04     fixed    
  10  beta_2CBO    1.95550e-04     fixed    
  11  alpha_y      4.13758e-03     fixed    
  12  w_y          1.38860e+01   constant   
  13  beta_y      -2.31577e-03   9.96088e-05   9.96088e-05   9.19931e+04
  14  alpha_vw     0.00000e+00   1.00000e-03   1.00000e-03  -4.59654e+05
  15  w_vw         1.43404e+01   constant   
  16  beta_vw      0.00000e+00     fixed    
  17  LM          -3.26196e-04   constant   
  18  zeta_y       0.00000e+00   constant   
  19  zeta_vw      0.00000e+00   constant   
  20  T_CBO        9.99998e+02   5.43650e+02   6.78539e-03  -2.08476e-04
  21  alpha_A0    -3.93362e-03   4.02371e-04  -6.23799e-05  -1.26403e-02
  22  beta_A0     -4.30465e-03   3.85712e-04   9.75681e-05   5.35561e-03
  23  alpha_phi   -9.98085e-03   1.84412e-03   1.40260e-03   2.56900e-03
  24  beta_phi     3.06060e-03   4.36221e-04   1.24558e-04   2.53265e-02
 MIGRAD MINIMIZATION HAS CONVERGED.
 FCN=1232.12 FROM MIGRAD    STATUS=CONVERGED     118 CALLS        4236 TOTAL
                     EDM=1.68621e-06    STRATEGY= 1  ERROR MATRIX UNCERTAINTY   1.6 per cent
  EXT PARAMETER                                   STEP         FIRST   
  NO.   NAME      VALUE            ERROR          SIZE      DERIVATIVE 
   1  N0           3.52377e+06     fixed    
   2  tau          6.43930e+01   constant   
   3  A0           3.57600e-01     fixed    
   4  phi          4.12357e+00     fixed    
   5  R           -6.08522e+01   constant   
   6  alpha_CBO   -5.19844e-03     fixed    
   7  w_CBO        2.32500e+00   constant   
   8  beta_CBO     7.34087e-03     fixed    
   9  alpha_2CBO  -8.03595e-04     fixed    
  10  beta_2CBO    1.95550e-04     fixed    
  11  alpha_y      4.13758e-03     fixed    
  12  w_y          1.38860e+01   constant   
  13  beta_y      -2.52219e-03   1.01284e-04  -1.19614e-07   6.60696e+00
  14  alpha_vw     2.24980e-03   1.00644e-04   1.16821e-07  -1.16723e+01
  15  w_vw         1.43404e+01   constant   
  16  beta_vw      0.00000e+00     fixed    
  17  LM          -3.26196e-04   constant   
  18  zeta_y       0.00000e+00   constant   
  19  zeta_vw      0.00000e+00   constant   
  20  T_CBO        1.00000e+03   6.83249e+02  -9.69079e-06** at limit **
  21  alpha_A0    -3.83426e-03   3.97712e-04  -3.17070e-05   2.88735e-02
  22  beta_A0     -4.55142e-03   3.84169e-04   4.20482e-04   2.92723e-02
  23  alpha_phi   -9.88806e-03   4.07119e-04   9.63826e-04  -1.98396e-04
  24  beta_phi     2.92494e-03   4.36270e-04   1.30305e-04  -2.85104e-02
 EXTERNAL ERROR MATRIX.    NDIM=  25    NPAR=  7    ERR DEF=1
  1.026e-08  9.555e-10 -5.598e-12  1.713e-09 -1.313e-09  5.681e-10 -1.365e-09 
  9.555e-10  1.013e-08  3.250e-12  7.353e-10 -1.439e-09  3.003e-10 -5.337e-10 
 -5.598e-12  3.250e-12  4.882e-05  3.512e-11  1.738e-10 -1.582e-10  1.294e-11 
  1.713e-09  7.353e-10  3.512e-11  1.583e-07 -2.659e-08 -1.965e-08 -1.319e-08 
 -1.313e-09 -1.439e-09  1.738e-10 -2.659e-08  1.477e-07 -2.678e-09  2.163e-08 
  5.681e-10  3.003e-10 -1.582e-10 -1.965e-08 -2.678e-09  1.700e-07  1.397e-08 
 -1.365e-09 -5.337e-10  1.294e-11 -1.319e-08  2.163e-08  1.397e-08  1.905e-07 
 PARAMETER  CORRELATION COEFFICIENTS  
       NO.  GLOBAL     13     14     20     21     22     23     24
       13  0.10929   1.000  0.094 -0.000  0.043 -0.034  0.014 -0.031
       14  0.10044   0.094  1.000  0.000  0.018 -0.037  0.007 -0.012
       20  0.00009  -0.000  0.000  1.000  0.000  0.000 -0.000  0.000
       21  0.22077   0.043  0.018  0.000  1.000 -0.174 -0.120 -0.076
       22  0.21744  -0.034 -0.037  0.000 -0.174  1.000 -0.017  0.129
       23  0.14726   0.014  0.007 -0.000 -0.120 -0.017  1.000  0.078
       24  0.16030  -0.031 -0.012  0.000 -0.076  0.129  0.078  1.000
MINUIT - FIT ALTOGETHER
 **********
 **   83 **RES 
 **********
                   PARAMETER   16  beta_vw RESTORED TO VARIABLE.
                   PARAMETER   11  alpha_y RESTORED TO VARIABLE.
                   PARAMETER   10  beta_2CBO RESTORED TO VARIABLE.
