 + ++++++++++++++++++++++++++++++++++++++++++++++++++++++++++++++++++++ +
 +                                                                      +
 +           You have chose to blind your fitting according to          +
 +                omega_ref * (1 + (R +/- deltaR) *10^{-6})             +
 +                                                                      +
 + ++++++++++++++++++++++++++++++++++++++++++++++++++++++++++++++++++++ +
In main()...
reading format from /gm2data/zkhechad/run45/envelope/formats/formatB_sBin_constraintOn.txt
pBinTau 	= 0  
pBinPhi 	= 0  
constraintau 	= 1 
includeMopTerm 	= 0    
constrainMop    = 0   
Parameters after format file: pBinTau 0 pBinPhi 0 constraintau 1 includeMopTerm 0 constrainMop 0 c_e_scale 0.000000 
Opening file /gm2data/tbarrett/gm2fr/studies/run23_bunch_corrections/CorrectedFourier_Run3b.root.
reading full fit data from /gm2data/zkhechad/cboTemplates/Run4CBOTemplates/fullFits/noRF/sBin_constraintOn_cE0.0_seed0_noRF_calo5.root
windowBins = 69
fitting sliding window 2590 from bin 2726 at 406.570000 to bin 2795 at 417.014000 (69 bins)

Reading data from /gm2data/cornell/histograms/aMethod/histogram_a_noRF.root
 **********
 **    1 **SET PRINTOUT            1
 **********
 **********
 **    2 **SET NOWARNINGS 
 **********
 PARAMETER DEFINITIONS:
    NO.   NAME         VALUE      STEP SIZE      LIMITS
     1 N0           2.79633e+06  1.00000e+02     no limits
     2 tau          6.44140e+01  constant
     3 A0           3.58434e-01  1.00000e-04     no limits
     4 phi          4.11632e+00  1.00000e-02     no limits
     5 R           -6.26390e+01  constant
     6 alpha_CBO    0.00000e+00  1.00000e-03     no limits
     7 w_CBO        2.32500e+00  constant
     8 beta_CBO     0.00000e+00  1.00000e-03     no limits
     9 alpha_2CBO   0.00000e+00  1.00000e-03     no limits
    10 beta_2CBO    0.00000e+00  1.00000e-03     no limits
    11 alpha_y      0.00000e+00  1.00000e-03     no limits
    12 w_y          1.38860e+01  constant
    13 beta_y       0.00000e+00  1.00000e-03     no limits
    14 alpha_vw     0.00000e+00  1.00000e-03     no limits
    15 w_vw         1.43404e+01  constant
    16 beta_vw      0.00000e+00  1.00000e-03     no limits
    17 LM           3.79801e-04  constant
    18 zeta_y       0.00000e+00  constant
    19 zeta_vw      0.00000e+00  constant
    20 T_CBO        1.00000e+02  1.00000e+00    0.00000e+00  1.00000e+03
    21 alpha_A0     0.00000e+00  1.00000e-03     no limits
    22 beta_A0      0.00000e+00  1.00000e-03     no limits
    23 alpha_phi    0.00000e+00  1.00000e-03     no limits
    24 beta_phi     0.00000e+00  1.00000e-03     no limits
MINUIT - FIT ONLY WIGGLE
 **********
 **    3 **FIX            5
 **********
 PARAMETER    5  IS CONSTANT.   IGNORED.
 **********
 **    4 **FIX            6
 **********
 **********
 **    5 **FIX            7
 **********
 PARAMETER    7  IS CONSTANT.   IGNORED.
 **********
 **    6 **FIX            8
 **********
 **********
 **    7 **FIX            9
 **********
 **********
 **    8 **FIX           10
 **********
 **********
 **    9 **FIX           11
 **********
 **********
 **   10 **FIX           12
 **********
 PARAMETER   12  IS CONSTANT.   IGNORED.
 **********
 **   11 **FIX           13
 **********
 **********
 **   12 **FIX           14
 **********
 **********
 **   13 **FIX           15
 **********
 PARAMETER   15  IS CONSTANT.   IGNORED.
 **********
 **   14 **FIX           16
 **********
 **********
 **   15 **MIGRAD
 **********
 FIRST CALL TO USER FUNCTION AT NEW START POINT, WITH IFLAG=4.
 START MIGRAD MINIMIZATION.  STRATEGY  1.  CONVERGENCE WHEN EDM .LT. 1.00e-04
 FCN=67.6574 FROM MIGRAD    STATUS=INITIATE      437 CALLS         438 TOTAL
                     EDM= unknown      STRATEGY= 1      NO ERROR MATRIX       
  EXT PARAMETER               CURRENT GUESS       STEP         FIRST   
  NO.   NAME      VALUE            ERROR          SIZE      DERIVATIVE 
   1  N0           2.79633e+06   1.00000e+02   0.00000e+00  -1.19161e-04
   2  tau          6.44140e+01   constant   
   3  A0           3.58434e-01   1.00000e-04   0.00000e+00   1.06516e+03
   4  phi          4.11632e+00   1.00000e-02   0.00000e+00  -2.11503e+02
   5  R           -6.26390e+01   constant   
   6  alpha_CBO    0.00000e+00     fixed    
   7  w_CBO        2.32500e+00   constant   
   8  beta_CBO     0.00000e+00     fixed    
   9  alpha_2CBO   0.00000e+00     fixed    
  10  beta_2CBO    0.00000e+00     fixed    
  11  alpha_y      0.00000e+00     fixed    
  12  w_y          1.38860e+01   constant   
  13  beta_y       0.00000e+00     fixed    
  14  alpha_vw     0.00000e+00     fixed    
  15  w_vw         1.43404e+01   constant   
  16  beta_vw      0.00000e+00     fixed    
  17  LM           3.79801e-04   constant   
  18  zeta_y       0.00000e+00   constant   
  19  zeta_vw      0.00000e+00   constant   
  20  T_CBO        1.00000e+02   1.00000e+00   0.00000e+00   0.00000e+00
  21  alpha_A0     0.00000e+00   1.00000e-03   0.00000e+00   2.26151e+00
  22  beta_A0      0.00000e+00   1.00000e-03   0.00000e+00   1.84195e+00
  23  alpha_phi    0.00000e+00   1.00000e-03   0.00000e+00  -6.19400e+00
  24  beta_phi     0.00000e+00   1.00000e-03   0.00000e+00   2.99531e+00
 CALL LIMIT EXCEEDED IN MIGRAD.
 MIGRAD TERMINATED WITHOUT CONVERGENCE.
 FCN=64.9603 FROM MIGRAD    STATUS=CALL LIMIT   1333 CALLS        1334 TOTAL
                     EDM=0.000822954    STRATEGY= 1  ERROR MATRIX UNCERTAINTY   4.0 per cent
  EXT PARAMETER                APPROXIMATE        STEP         FIRST   
  NO.   NAME      VALUE            ERROR          SIZE      DERIVATIVE 
   1  N0           2.79669e+06   3.06860e+03   5.84988e+01   4.08431e-06
   2  tau          6.44140e+01   constant   
   3  A0           3.57233e-01   1.39342e-03  -1.93724e-05  -1.14091e+01
   4  phi          4.11866e+00   4.01244e-03  -5.03594e-06   1.86359e-01
   5  R           -6.26390e+01   constant   
   6  alpha_CBO    0.00000e+00     fixed    
   7  w_CBO        2.32500e+00   constant   
   8  beta_CBO     0.00000e+00     fixed    
   9  alpha_2CBO   0.00000e+00     fixed    
  10  beta_2CBO    0.00000e+00     fixed    
  11  alpha_y      0.00000e+00     fixed    
  12  w_y          1.38860e+01   constant   
  13  beta_y       0.00000e+00     fixed    
  14  alpha_vw     0.00000e+00     fixed    
  15  w_vw         1.43404e+01   constant   
  16  beta_vw      0.00000e+00     fixed    
  17  LM           3.79801e-04   constant   
  18  zeta_y       0.00000e+00   constant   
  19  zeta_vw      0.00000e+00   constant   
  20  T_CBO        4.72715e+01   2.79065e+01  -4.56928e-03  -2.58510e+00
  21  alpha_A0    -1.59113e+01   7.36690e+01  -2.44022e+00  -1.38576e-03
  22  beta_A0     -3.66111e+00   1.52901e+01  -5.07021e-01   1.58050e-03
  23  alpha_phi    3.43019e+01   1.52689e+02   5.06173e+00  -2.94775e-03
  24  beta_phi    -2.67441e+01   1.20456e+02  -3.99472e+00   9.56503e-05
 EXTERNAL ERROR MATRIX.    NDIM=  25    NPAR=  8    ERR DEF=1
  9.416e+06  5.482e-01  1.834e+00 -6.857e+03 -2.319e+04 -4.759e+03  4.829e+04 -3.846e+04 
  5.482e-01  1.942e-06 -2.226e-07  1.895e-03  8.695e-03  1.764e-03 -1.798e-02  1.423e-02 
  1.834e+00 -2.226e-07  1.610e-05 -3.439e-05 -2.078e-03 -1.902e-04  4.557e-03 -3.761e-03 
 -6.857e+03  1.895e-03 -3.439e-05  7.833e+02  2.042e+03  4.240e+02 -4.234e+03  3.340e+03 
 -2.319e+04  8.695e-03 -2.078e-03  2.042e+03  5.427e+03  1.126e+03 -1.125e+04  8.874e+03 
 -4.759e+03  1.764e-03 -1.902e-04  4.240e+02  1.126e+03  2.338e+02 -2.334e+03  1.841e+03 
  4.829e+04 -1.798e-02  4.557e-03 -4.234e+03 -1.125e+04 -2.334e+03  2.331e+04 -1.839e+04 
 -3.846e+04  1.423e-02 -3.761e-03  3.340e+03  8.874e+03  1.841e+03 -1.839e+04  1.451e+04 
ERR MATRIX APPROXIMATE
 PARAMETER  CORRELATION COEFFICIENTS  
       NO.  GLOBAL      1      3      4     20     21     22     23     24
        1  0.41560   1.000  0.128  0.149 -0.080 -0.103 -0.101  0.103 -0.104
        3  0.34345   0.128  1.000 -0.040  0.049  0.085  0.083 -0.085  0.085
        4  0.24221   0.149 -0.040  1.000 -0.000 -0.007 -0.003  0.007 -0.008
       20  0.99196  -0.080  0.049 -0.000  1.000  0.991  0.991 -0.991  0.991
       21  0.99998  -0.103  0.085 -0.007  0.991  1.000  1.000 -1.000  1.000
       22  0.99972  -0.101  0.083 -0.003  0.991  1.000  1.000 -1.000  1.000
       23  0.99999   0.103 -0.085  0.007 -0.991 -1.000 -1.000  1.000 -1.000
       24  0.99999  -0.104  0.085 -0.008  0.991  1.000  1.000 -1.000  1.000
 ERR MATRIX APPROXIMATE
MINUIT - FIT ONLY 1-CBO + wiggle
 **********
 **   16 **RES 
 **********
                   PARAMETER   16  beta_vw RESTORED TO VARIABLE.
                   PARAMETER   14  alpha_vw RESTORED TO VARIABLE.
                   PARAMETER   13  beta_y RESTORED TO VARIABLE.
                   PARAMETER   11  alpha_y RESTORED TO VARIABLE.
                   PARAMETER   10  beta_2CBO RESTORED TO VARIABLE.
                   PARAMETER    9  alpha_2CBO RESTORED TO VARIABLE.
                   PARAMETER    8  beta_CBO RESTORED TO VARIABLE.
                   PARAMETER    6  alpha_CBO RESTORED TO VARIABLE.
 **********
 **   17 **FIX            8
 **********
 **********
 **   18 **FIX            9
 **********
 **********
 **   19 **FIX           11
 **********
 **********
 **   20 **FIX           12
 **********
 PARAMETER   12  IS CONSTANT.   IGNORED.
 **********
 **   21 **FIX           14
 **********
 **********
 **   22 **FIX           15
 **********
 PARAMETER   15  IS CONSTANT.   IGNORED.
 **********
 **   23 **FIX           16
 **********
 **********
 **   24 **MIGRAD
 **********
 START MIGRAD MINIMIZATION.  STRATEGY  1.  CONVERGENCE WHEN EDM .LT. 1.00e-04
 FCN=64.9603 FROM MIGRAD    STATUS=INITIATE       28 CALLS        1362 TOTAL
                     EDM= unknown      STRATEGY= 1      NO ERROR MATRIX       
  EXT PARAMETER               CURRENT GUESS       STEP         FIRST   
  NO.   NAME      VALUE            ERROR          SIZE      DERIVATIVE 
   1  N0           2.79669e+06   3.06860e+03   5.84988e+01   4.08431e-06
   2  tau          6.44140e+01   constant   
   3  A0           3.57233e-01   1.39342e-03  -1.93724e-05  -1.14091e+01
   4  phi          4.11866e+00   4.01244e-03  -5.03594e-06   1.86359e-01
   5  R           -6.26390e+01   constant   
   6  alpha_CBO    0.00000e+00   1.00000e-03   1.00000e-03   3.48906e+02
   7  w_CBO        2.32500e+00   constant   
   8  beta_CBO     0.00000e+00     fixed    
   9  alpha_2CBO   0.00000e+00     fixed    
  10  beta_2CBO    0.00000e+00   1.00000e-03   1.00000e-03   2.13386e+03
  11  alpha_y      0.00000e+00     fixed    
  12  w_y          1.38860e+01   constant   
  13  beta_y       0.00000e+00   1.00000e-03   1.00000e-03   1.52304e+02
  14  alpha_vw     0.00000e+00     fixed    
  15  w_vw         1.43404e+01   constant   
  16  beta_vw      0.00000e+00     fixed    
  17  LM           3.79801e-04   constant   
  18  zeta_y       0.00000e+00   constant   
  19  zeta_vw      0.00000e+00   constant   
  20  T_CBO        4.72715e+01   2.79065e+01  -4.56928e-03  -2.58511e+00
  21  alpha_A0    -1.59113e+01   7.36690e+01  -2.44022e+00  -1.38576e-03
  22  beta_A0     -3.66111e+00   1.52901e+01  -5.07021e-01   1.58050e-03
  23  alpha_phi    3.43019e+01   1.52689e+02   5.06173e+00  -2.94775e-03
  24  beta_phi    -2.67441e+01   1.20456e+02  -3.99472e+00   9.56503e-05
 CALL LIMIT EXCEEDED IN MIGRAD.
 MIGRAD TERMINATED WITHOUT CONVERGENCE.
 FCN=61.9333 FROM MIGRAD    STATUS=CALL LIMIT   1909 CALLS        3243 TOTAL
                     EDM=0.00744377    STRATEGY= 1  ERROR MATRIX UNCERTAINTY  13.5 per cent
  EXT PARAMETER                APPROXIMATE        STEP         FIRST   
  NO.   NAME      VALUE            ERROR          SIZE      DERIVATIVE 
   1  N0           2.79688e+06   3.06885e+03  -3.74862e+00   5.47532e-07
   2  tau          6.44140e+01   constant   
   3  A0           3.57312e-01   1.36990e-03  -5.09104e-06  -8.21482e+00
   4  phi          4.11812e+00   4.13498e-03   2.39168e-05   4.15083e+00
   5  R           -6.26390e+01   constant   
   6  alpha_CBO   -4.18870e-04   1.50068e-03   3.25574e-06   8.44018e+00
   7  w_CBO        2.32500e+00   constant   
   8  beta_CBO     0.00000e+00     fixed    
   9  alpha_2CBO   0.00000e+00     fixed    
  10  beta_2CBO   -2.54532e-03   1.50995e-03   4.92823e-06   6.14703e+00
  11  alpha_y      0.00000e+00     fixed    
  12  w_y          1.38860e+01   constant   
  13  beta_y      -1.41182e-04   1.49163e-03  -6.26917e-06  -5.85110e+00
  14  alpha_vw     0.00000e+00     fixed    
  15  w_vw         1.43404e+01   constant   
  16  beta_vw      0.00000e+00     fixed    
  17  LM           3.79801e-04   constant   
  18  zeta_y       0.00000e+00   constant   
  19  zeta_vw      0.00000e+00   constant   
  20  T_CBO        2.44703e+01   5.14149e+00  -1.63632e-03  -1.60249e+01
  21  alpha_A0    -4.61659e+04   1.41739e+05  -6.85759e+03   1.71857e-06
  22  beta_A0     -4.98220e+04   1.52989e+05  -7.40188e+03   5.89431e-07
  23  alpha_phi    1.37717e+05   4.22820e+05   2.04569e+04  -1.11811e-07
  24  beta_phi    -7.07597e+04   2.17312e+05  -1.05140e+04   7.53594e-07
 EXTERNAL ERROR MATRIX.    NDIM=  25    NPAR= 11    ERR DEF=1
  9.418e+06 
  3.925e-01  1.877e-06 
  2.010e+00 -4.550e-07  1.710e-05 
 -2.789e-01 -2.186e-07  1.101e-06  2.252e-06 
 -2.792e-01  7.101e-08  7.499e-08  5.556e-08  2.280e-06 
  1.746e-01 -6.405e-08  1.276e-07 -4.060e-08 -3.351e-08  2.225e-06 
 -1.722e+02 -1.147e-05 -7.112e-04 -1.217e-05 -5.032e-04  2.408e-04  2.644e+01 
 -4.596e+06  5.049e+00 -4.234e+01 -7.061e+00 -1.661e+01  1.001e+01  7.232e+05  2.009e+10 
 -4.977e+06  5.445e+00 -4.569e+01 -7.623e+00 -1.792e+01  1.081e+01  7.806e+05  2.168e+10  2.341e+10 
  1.374e+07 -1.506e+01  1.263e+02  2.109e+01  4.953e+01 -2.986e+01 -2.157e+06 -5.993e+10 -6.469e+10  1.788e+11 
 -7.076e+06  7.746e+00 -6.494e+01 -1.084e+01 -2.546e+01  1.535e+01  1.109e+06  3.080e+10  3.325e+10 -9.188e+10  4.722e+10 
ERR MATRIX APPROXIMATE
 PARAMETER  CORRELATION COEFFICIENTS  
       NO.  GLOBAL      1      3      4      6     10     13     20     21     22     23     24
        1  0.27565   1.000  0.093  0.158 -0.061 -0.060  0.038 -0.011 -0.011 -0.011  0.011 -0.011
        3  0.29493   0.093  1.000 -0.080 -0.106  0.034 -0.031 -0.002  0.026  0.026 -0.026  0.026
        4  0.40101   0.158 -0.080  1.000  0.177  0.012  0.021 -0.033 -0.072 -0.072  0.072 -0.072
        6  0.32312  -0.061 -0.106  0.177  1.000  0.025 -0.018 -0.002 -0.033 -0.033  0.033 -0.033
       10  0.23606  -0.060  0.034  0.012  0.025  1.000 -0.015 -0.065 -0.078 -0.078  0.078 -0.078
       13  0.16614   0.038 -0.031  0.021 -0.018 -0.015  1.000  0.031  0.047  0.047 -0.047  0.047
       20  0.99378  -0.011 -0.002 -0.033 -0.002 -0.065  0.031  1.000  0.992  0.992 -0.992  0.992
       21  1.00000  -0.011  0.026 -0.072 -0.033 -0.078  0.047  0.992  1.000  1.000 -1.000  1.000
       22  1.00000  -0.011  0.026 -0.072 -0.033 -0.078  0.047  0.992  1.000  1.000 -1.000  1.000
       23  1.00000   0.011 -0.026  0.072  0.033  0.078 -0.047 -0.992 -1.000 -1.000  1.000 -1.000
       24  1.00000  -0.011  0.026 -0.072 -0.033 -0.078  0.047  0.992  1.000  1.000 -1.000  1.000
 ERR MATRIX APPROXIMATE
MINUIT - FIT ONLY 2-CBO
 **********
 **   25 **RES 
 **********
                   PARAMETER   16  beta_vw RESTORED TO VARIABLE.
                   PARAMETER   14  alpha_vw RESTORED TO VARIABLE.
                   PARAMETER   11  alpha_y RESTORED TO VARIABLE.
                   PARAMETER    9  alpha_2CBO RESTORED TO VARIABLE.
                   PARAMETER    8  beta_CBO RESTORED TO VARIABLE.
 **********
 **   26 **FIX            0
 **********
 PARAMETER    0  IS UNDEFINED. IGNORED.
 **********
 **   27 **FIX            1
 **********
 **********
 **   28 **FIX            2
 **********
 PARAMETER    2  IS CONSTANT.   IGNORED.
 **********
 **   29 **FIX            3
 **********
 **********
 **   30 **FIX            4
 **********
 **********
 **   31 **FIX            5
 **********
 PARAMETER    5  IS CONSTANT.   IGNORED.
 **********
 **   32 **FIX            6
 **********
 **********
 **   33 **FIX            7
 **********
 PARAMETER    7  IS CONSTANT.   IGNORED.
 **********
 **   34 **FIX           10
 **********
 **********
 **   35 **FIX           11
 **********
 **********
 **   36 **FIX           12
 **********
 PARAMETER   12  IS CONSTANT.   IGNORED.
 **********
 **   37 **FIX           13
 **********
 **********
 **   38 **FIX           14
 **********
 **********
 **   39 **FIX           15
 **********
 PARAMETER   15  IS CONSTANT.   IGNORED.
 **********
 **   40 **FIX           16
 **********
 **********
 **   41 **MIGRAD
 **********
 START MIGRAD MINIMIZATION.  STRATEGY  1.  CONVERGENCE WHEN EDM .LT. 1.00e-04
 FCN=61.9333 FROM MIGRAD    STATUS=INITIATE       18 CALLS        3261 TOTAL
                     EDM= unknown      STRATEGY= 1      NO ERROR MATRIX       
  EXT PARAMETER               CURRENT GUESS       STEP         FIRST   
  NO.   NAME      VALUE            ERROR          SIZE      DERIVATIVE 
   1  N0           2.79688e+06     fixed    
   2  tau          6.44140e+01   constant   
   3  A0           3.57312e-01     fixed    
   4  phi          4.11812e+00     fixed    
   5  R           -6.26390e+01   constant   
   6  alpha_CBO   -4.18870e-04     fixed    
   7  w_CBO        2.32500e+00   constant   
   8  beta_CBO     0.00000e+00   1.00000e-03   1.00000e-03   2.30551e+03
   9  alpha_2CBO   0.00000e+00   1.00000e-03   1.00000e-03   5.83838e+01
  10  beta_2CBO   -2.54532e-03     fixed    
  11  alpha_y      0.00000e+00     fixed    
  12  w_y          1.38860e+01   constant   
  13  beta_y      -1.41182e-04     fixed    
  14  alpha_vw     0.00000e+00     fixed    
  15  w_vw         1.43404e+01   constant   
  16  beta_vw      0.00000e+00     fixed    
  17  LM           3.79801e-04   constant   
  18  zeta_y       0.00000e+00   constant   
  19  zeta_vw      0.00000e+00   constant   
  20  T_CBO        2.44703e+01   5.14149e+00  -1.63632e-03  -1.60249e+01
  21  alpha_A0    -4.61659e+04   1.41739e+05  -6.85759e+03   1.71856e-06
  22  beta_A0     -4.98220e+04   1.52989e+05  -7.40188e+03   5.89431e-07
  23  alpha_phi    1.37717e+05   4.22820e+05   2.04569e+04  -1.11811e-07
  24  beta_phi    -7.07597e+04   2.17312e+05  -1.05140e+04   7.53594e-07
 CALL LIMIT EXCEEDED IN MIGRAD.
 MIGRAD TERMINATED WITHOUT CONVERGENCE.
 FCN=58.5976 FROM MIGRAD    STATUS=CALL LIMIT   1149 CALLS        4392 TOTAL
                     EDM=0.00172195    STRATEGY= 1  ERROR MATRIX UNCERTAINTY  23.1 per cent
  EXT PARAMETER                APPROXIMATE        STEP         FIRST   
  NO.   NAME      VALUE            ERROR          SIZE      DERIVATIVE 
   1  N0           2.79688e+06     fixed    
   2  tau          6.44140e+01   constant   
   3  A0           3.57312e-01     fixed    
   4  phi          4.11812e+00     fixed    
   5  R           -6.26390e+01   constant   
   6  alpha_CBO   -4.18870e-04     fixed    
   7  w_CBO        2.32500e+00   constant   
   8  beta_CBO    -2.69208e-03   1.49265e-03   1.52442e-05  -1.07106e+00
   9  alpha_2CBO  -1.58615e-04   1.49267e-03  -6.42858e-06  -9.86765e+00
  10  beta_2CBO   -2.54532e-03     fixed    
  11  alpha_y      0.00000e+00     fixed    
  12  w_y          1.38860e+01   constant   
  13  beta_y      -1.41182e-04     fixed    
  14  alpha_vw     0.00000e+00     fixed    
  15  w_vw         1.43404e+01   constant   
  16  beta_vw      0.00000e+00     fixed    
  17  LM           3.79801e-04   constant   
  18  zeta_y       0.00000e+00   constant   
  19  zeta_vw      0.00000e+00   constant   
  20  T_CBO        1.71786e+01   3.13950e+00  -1.13246e-03  -2.27510e+01
  21  alpha_A0    -6.86787e+07   2.62791e+08  -1.15917e+07   2.23434e-09
  22  beta_A0     -1.10263e+08   4.22874e+08  -1.86534e+07   1.62787e-10
  23  alpha_phi    1.73762e+08   6.67474e+08   2.94426e+07  -1.79939e-10
  24  beta_phi    -1.16518e+08   4.47683e+08  -1.97475e+07  -4.23927e-10
 EXTERNAL ERROR MATRIX.    NDIM=  25    NPAR=  7    ERR DEF=1
  2.228e-06  3.252e-08 -3.492e-04 -2.822e+04 -4.539e+04  7.169e+04 -4.807e+04 
  3.252e-08  2.228e-06  5.520e-05  1.589e+04  2.557e+04 -4.034e+04  2.707e+04 
 -3.492e-04  5.520e-05  9.858e+00  8.201e+08  1.320e+09 -2.083e+09  1.397e+09 
 -2.822e+04  1.589e+04  8.201e+08  6.906e+16  1.111e+17 -1.754e+17  1.176e+17 
 -4.539e+04  2.557e+04  1.320e+09  1.111e+17  1.788e+17 -2.823e+17  1.893e+17 
  7.169e+04 -4.034e+04 -2.083e+09 -1.754e+17 -2.823e+17  4.455e+17 -2.988e+17 
 -4.807e+04  2.707e+04  1.397e+09  1.176e+17  1.893e+17 -2.988e+17  2.004e+17 
ERR MATRIX APPROXIMATE
 PARAMETER  CORRELATION COEFFICIENTS  
       NO.  GLOBAL      8      9     20     21     22     23     24
        8  0.19728   1.000  0.015 -0.075 -0.072 -0.072  0.072 -0.072
        9  0.27279   0.015  1.000  0.012  0.041  0.041 -0.040  0.041
       20  0.99442  -0.075  0.012  1.000  0.994  0.994 -0.994  0.994
       21  1.00000  -0.072  0.041  0.994  1.000  1.000 -1.000  1.000
       22  1.00000  -0.072  0.041  0.994  1.000  1.000 -1.000  1.000
       23  1.00000   0.072 -0.040 -0.994 -1.000 -1.000  1.000 -1.000
       24  1.00000  -0.072  0.041  0.994  1.000  1.000 -1.000  1.000
 ERR MATRIX APPROXIMATE
MINUIT - FIT wiggle + 1-CBO + 2-CBO
 **********
 **   42 **RES 
 **********
                   PARAMETER   16  beta_vw RESTORED TO VARIABLE.
                   PARAMETER   14  alpha_vw RESTORED TO VARIABLE.
                   PARAMETER   13  beta_y RESTORED TO VARIABLE.
                   PARAMETER   11  alpha_y RESTORED TO VARIABLE.
                   PARAMETER   10  beta_2CBO RESTORED TO VARIABLE.
                   PARAMETER    6  alpha_CBO RESTORED TO VARIABLE.
                   PARAMETER    4  phi RESTORED TO VARIABLE.
                   PARAMETER    3  A0 RESTORED TO VARIABLE.
                   PARAMETER    1  N0 RESTORED TO VARIABLE.
 **********
 **   43 **FIX           10
 **********
 **********
 **   44 **FIX           11
 **********
 **********
 **   45 **FIX           12
 **********
 PARAMETER   12  IS CONSTANT.   IGNORED.
 **********
 **   46 **FIX           13
 **********
 **********
 **   47 **FIX           14
 **********
 **********
 **   48 **FIX           15
 **********
 PARAMETER   15  IS CONSTANT.   IGNORED.
 **********
 **   49 **FIX           16
 **********
 **********
 **   50 **MIGRAD
 **********
 START MIGRAD MINIMIZATION.  STRATEGY  1.  CONVERGENCE WHEN EDM .LT. 1.00e-04
 FCN=58.5974 FROM MIGRAD    STATUS=INITIATE       80 CALLS        4472 TOTAL
                     EDM= unknown      STRATEGY= 1      NO ERROR MATRIX       
  EXT PARAMETER               CURRENT GUESS       STEP         FIRST   
  NO.   NAME      VALUE            ERROR          SIZE      DERIVATIVE 
   1  N0           2.79688e+06   3.06885e+03   0.00000e+00  -1.46514e-05
   2  tau          6.44140e+01   constant   
   3  A0           3.57312e-01   1.36990e-03   0.00000e+00  -5.41969e+02
   4  phi          4.11812e+00   4.13498e-03   0.00000e+00  -2.23274e+01
   5  R           -6.26390e+01   constant   
   6  alpha_CBO   -4.18870e-04   1.50068e-03   0.00000e+00  -4.63372e+01
   7  w_CBO        2.32500e+00   constant   
   8  beta_CBO    -2.69208e-03   1.49265e-03   0.00000e+00  -1.05511e+00
   9  alpha_2CBO  -1.58615e-04   1.49267e-03   0.00000e+00  -9.79310e+00
  10  beta_2CBO   -2.54532e-03     fixed    
  11  alpha_y      0.00000e+00     fixed    
  12  w_y          1.38860e+01   constant   
  13  beta_y      -1.41182e-04     fixed    
  14  alpha_vw     0.00000e+00     fixed    
  15  w_vw         1.43404e+01   constant   
  16  beta_vw      0.00000e+00     fixed    
  17  LM           3.79801e-04   constant   
  18  zeta_y       0.00000e+00   constant   
  19  zeta_vw      0.00000e+00   constant   
  20  T_CBO        1.71786e+01   3.13950e+00   0.00000e+00  -2.27003e+01
  21  alpha_A0    -6.87442e+07   2.62791e+08  -3.27642e+04   2.22731e-09
  22  beta_A0     -1.10263e+08   4.22874e+08   0.00000e+00   1.62852e-10
  23  alpha_phi    1.73762e+08   6.67474e+08   0.00000e+00  -1.80112e-10
  24  beta_phi    -1.16518e+08   4.47683e+08   0.00000e+00  -4.24278e-10
 MIGRAD MINIMIZATION HAS CONVERGED.
 MIGRAD WILL VERIFY CONVERGENCE AND ERROR MATRIX.
 COVARIANCE MATRIX CALCULATED SUCCESSFULLY
 FCN=58.4382 FROM MIGRAD    STATUS=CONVERGED     422 CALLS        4814 TOTAL
                     EDM=1.28577e-05    STRATEGY= 1      ERROR MATRIX ACCURATE 
  EXT PARAMETER                                   STEP         FIRST   
  NO.   NAME      VALUE            ERROR          SIZE      DERIVATIVE 
   1  N0           2.79703e+06   3.08092e+03   9.87665e+00   3.33403e-07
   2  tau          6.44140e+01   constant   
   3  A0           3.57836e-01   1.40529e-03   5.07832e-06  -6.43690e-02
   4  phi          4.11815e+00   4.13615e-03   1.49073e-05   1.73886e-01
   5  R           -6.26390e+01   constant   
   6  alpha_CBO   -4.44113e-04   1.55957e-03   5.57819e-06   8.68841e-01
   7  w_CBO        2.32500e+00   constant   
   8  beta_CBO    -2.81363e-03   1.55052e-03   5.62369e-06  -6.52705e-01
   9  alpha_2CBO  -1.30657e-04   1.51347e-03   5.56670e-06  -3.51166e-01
  10  beta_2CBO   -2.54532e-03     fixed    
  11  alpha_y      0.00000e+00     fixed    
  12  w_y          1.38860e+01   constant   
  13  beta_y      -1.41182e-04     fixed    
  14  alpha_vw     0.00000e+00     fixed    
  15  w_vw         1.43404e+01   constant   
  16  beta_vw      0.00000e+00     fixed    
  17  LM           3.79801e-04   constant   
  18  zeta_y       0.00000e+00   constant   
  19  zeta_vw      0.00000e+00   constant   
  20  T_CBO        1.72627e+01   5.36334e-01   1.13010e-05   2.12899e-01
  21  alpha_A0    -7.38428e+07   1.22723e+07   3.52110e+01   2.10886e-10
  22  beta_A0     -1.04616e+08   1.51326e+07   4.98848e+01   1.01349e-10
  23  alpha_phi    1.54345e+08   1.53780e+08   7.35976e+01  -1.94424e-11
  24  beta_phi    -9.54962e+07   8.55342e+07   4.55361e+01   1.54591e-11
 EXTERNAL ERROR MATRIX.    NDIM=  25    NPAR= 11    ERR DEF=1
  9.492e+06 
  5.829e-01  1.975e-06 
  1.408e+00 -3.786e-07  1.711e-05 
 -3.858e-01 -2.504e-07  1.357e-06  2.432e-06 
 -1.858e-01 -4.024e-07 -1.856e-07 -3.063e-09  2.404e-06 
 -8.873e-02  1.160e-07 -1.148e-07 -3.808e-08  4.209e-08  2.291e-06 
  9.153e+01 -2.169e-05 -1.886e-04 -6.720e-05 -1.292e-04 -1.389e-04  2.877e-01 
 -1.453e+09  2.630e+02  8.919e+02  9.961e+02  4.553e+02  4.668e+02 -2.125e+05  1.506e+14 
 -1.569e+09 -2.695e+02  1.617e+03  6.165e+02  6.237e+02  3.335e+01  3.110e+05  1.717e+12  2.290e+14 
 -7.468e+10 -7.209e+02  9.094e+04  5.069e+04  3.255e+04  1.360e+04 -5.193e+07  2.812e+14  1.194e+14  2.365e+16 
 -4.895e+10  2.724e+03 -9.386e+02  1.236e+04  9.539e+03  8.348e+03  2.618e+05  2.624e+14  1.741e+14  3.831e+15  7.316e+15 
 PARAMETER  CORRELATION COEFFICIENTS  
       NO.  GLOBAL      1      3      4      6      8      9     20     21     22     23     24
        1  0.29605   1.000  0.135  0.110 -0.080 -0.039 -0.019  0.055 -0.038 -0.034 -0.158 -0.186
        3  0.28015   0.135  1.000 -0.065 -0.114 -0.185  0.055 -0.029  0.015 -0.013 -0.003  0.023
        4  0.28871   0.110 -0.065  1.000  0.210 -0.029 -0.018 -0.085  0.018  0.026  0.143 -0.003
        6  0.31184  -0.080 -0.114  0.210  1.000 -0.001 -0.016 -0.080  0.052  0.026  0.211  0.093
        8  0.26779  -0.039 -0.185 -0.029 -0.001  1.000  0.018 -0.155  0.024  0.027  0.136  0.072
        9  0.21297  -0.019  0.055 -0.018 -0.016  0.018  1.000 -0.171  0.025  0.001  0.058  0.064
       20  0.68402   0.055 -0.029 -0.085 -0.080 -0.155 -0.171  1.000 -0.032  0.038 -0.630  0.006
       21  0.26632  -0.038  0.015  0.018  0.052  0.024  0.025 -0.032  1.000  0.009  0.149  0.250
       22  0.15492  -0.034 -0.013  0.026  0.026  0.027  0.001  0.038  0.009  1.000  0.051  0.135
       23  0.72032  -0.158 -0.003  0.143  0.211  0.136  0.058 -0.630  0.149  0.051  1.000  0.291
       24  0.46678  -0.186  0.023 -0.003  0.093  0.072  0.064  0.006  0.250  0.135  0.291  1.000
MINUIT - FIT ONLY 1-y
 **********
 **   51 **RES 
 **********
                   PARAMETER   16  beta_vw RESTORED TO VARIABLE.
                   PARAMETER   14  alpha_vw RESTORED TO VARIABLE.
                   PARAMETER   13  beta_y RESTORED TO VARIABLE.
                   PARAMETER   11  alpha_y RESTORED TO VARIABLE.
                   PARAMETER   10  beta_2CBO RESTORED TO VARIABLE.
 **********
 **   52 **FIX            0
 **********
 PARAMETER    0  IS UNDEFINED. IGNORED.
 **********
 **   53 **FIX            1
 **********
 **********
 **   54 **FIX            2
 **********
 PARAMETER    2  IS CONSTANT.   IGNORED.
 **********
 **   55 **FIX            3
 **********
 **********
 **   56 **FIX            4
 **********
 **********
 **   57 **FIX            5
 **********
 PARAMETER    5  IS CONSTANT.   IGNORED.
 **********
 **   58 **FIX            6
 **********
 **********
 **   59 **FIX            7
 **********
 PARAMETER    7  IS CONSTANT.   IGNORED.
 **********
 **   60 **FIX            8
 **********
 **********
 **   61 **FIX            9
 **********
 **********
 **   62 **FIX           13
 **********
 **********
 **   63 **FIX           14
 **********
 **********
 **   64 **FIX           15
 **********
 PARAMETER   15  IS CONSTANT.   IGNORED.
 **********
 **   65 **FIX           16
 **********
 **********
 **   66 **MIGRAD
 **********
 START MIGRAD MINIMIZATION.  STRATEGY  1.  CONVERGENCE WHEN EDM .LT. 1.00e-04
 FCN=58.4382 FROM MIGRAD    STATUS=INITIATE       16 CALLS        4830 TOTAL
                     EDM= unknown      STRATEGY= 1      NO ERROR MATRIX       
  EXT PARAMETER               CURRENT GUESS       STEP         FIRST   
  NO.   NAME      VALUE            ERROR          SIZE      DERIVATIVE 
   1  N0           2.79703e+06     fixed    
   2  tau          6.44140e+01   constant   
   3  A0           3.57836e-01     fixed    
   4  phi          4.11815e+00     fixed    
   5  R           -6.26390e+01   constant   
   6  alpha_CBO   -4.44113e-04     fixed    
   7  w_CBO        2.32500e+00   constant   
   8  beta_CBO    -2.81363e-03     fixed    
   9  alpha_2CBO  -1.30657e-04     fixed    
  10  beta_2CBO   -2.54532e-03   1.50995e-03   1.50995e-03  -1.18182e+02
  11  alpha_y      0.00000e+00   1.00000e-03   1.00000e-03  -8.65593e+02
  12  w_y          1.38860e+01   constant   
  13  beta_y      -1.41182e-04     fixed    
  14  alpha_vw     0.00000e+00     fixed    
  15  w_vw         1.43404e+01   constant   
  16  beta_vw      0.00000e+00     fixed    
  17  LM           3.79801e-04   constant   
  18  zeta_y       0.00000e+00   constant   
  19  zeta_vw      0.00000e+00   constant   
  20  T_CBO        1.72627e+01   5.36334e-01   1.13010e-05   2.15183e-01
  21  alpha_A0    -7.38428e+07   1.22723e+07   3.52110e+01   2.10005e-10
  22  beta_A0     -1.04616e+08   1.51326e+07   4.98848e+01   1.02229e-10
  23  alpha_phi    1.54345e+08   1.53780e+08   7.35976e+01  -1.94432e-11
  24  beta_phi    -9.54962e+07   8.55342e+07   4.55361e+01   1.54589e-11
 MIGRAD MINIMIZATION HAS CONVERGED.
 MIGRAD WILL VERIFY CONVERGENCE AND ERROR MATRIX.
 COVARIANCE MATRIX CALCULATED SUCCESSFULLY
 FCN=58.0108 FROM MIGRAD    STATUS=CONVERGED     182 CALLS        4996 TOTAL
                     EDM=4.55608e-07    STRATEGY= 1      ERROR MATRIX ACCURATE 
  EXT PARAMETER                                   STEP         FIRST   
  NO.   NAME      VALUE            ERROR          SIZE      DERIVATIVE 
   1  N0           2.79703e+06     fixed    
   2  tau          6.44140e+01   constant   
   3  A0           3.57836e-01     fixed    
   4  phi          4.11815e+00     fixed    
   5  R           -6.26390e+01   constant   
   6  alpha_CBO   -4.44113e-04     fixed    
   7  w_CBO        2.32500e+00   constant   
   8  beta_CBO    -2.81363e-03     fixed    
   9  alpha_2CBO  -1.30657e-04     fixed    
  10  beta_2CBO   -2.39997e-03   1.50965e-03   5.61529e-06  -3.05661e-01
  11  alpha_y      9.66292e-04   1.49317e-03   5.60057e-06   1.24876e-01
  12  w_y          1.38860e+01   constant   
  13  beta_y      -1.41182e-04     fixed    
  14  alpha_vw     0.00000e+00     fixed    
  15  w_vw         1.43404e+01   constant   
  16  beta_vw      0.00000e+00     fixed    
  17  LM           3.79801e-04   constant   
  18  zeta_y       0.00000e+00   constant   
  19  zeta_vw      0.00000e+00   constant   
  20  T_CBO        1.72348e+01   3.96951e-01   1.13132e-05   2.48742e-01
  21  alpha_A0    -7.91918e+07   1.41421e+00   3.77616e+01  -6.40083e-12
  22  beta_A0     -1.04279e+08   1.41421e+00   4.97242e+01   2.75526e-10
  23  alpha_phi    1.58425e+08   1.41421e+00   7.55428e+01  -8.58479e-12
  24  beta_phi    -1.01066e+08   1.41421e+00   4.81919e+01   6.10507e-12
 EXTERNAL ERROR MATRIX.    NDIM=  25    NPAR=  7    ERR DEF=1
  2.279e-06  2.856e-09 -7.725e-05 -2.010e-12  1.511e-12 -1.726e-12 -2.696e-12 
  2.856e-09  2.230e-06 -4.432e-06 -1.483e-13  2.639e-13 -5.632e-14 -2.415e-13 
 -7.725e-05 -4.432e-06  1.576e-01  2.032e-09  2.898e-09 -4.538e-09  2.629e-09 
 -2.010e-12 -1.483e-13  2.032e-09  2.000e+00 -5.717e-14 -1.364e-16 -4.965e-16 
  1.511e-12  2.639e-13  2.898e-09 -5.717e-14  2.000e+00 -1.379e-16  6.428e-17 
 -1.726e-12 -5.632e-14 -4.538e-09 -1.364e-16 -1.379e-16  2.000e+00 -2.294e-16 
 -2.696e-12 -2.415e-13  2.629e-09 -4.965e-16  6.428e-17 -2.294e-16  2.000e+00 
 PARAMETER  CORRELATION COEFFICIENTS  
       NO.  GLOBAL     10     11     20     21     22     23     24
       10  0.12891   1.000  0.001 -0.129 -0.000  0.000 -0.000 -0.000
       11  0.00748   0.001  1.000 -0.007 -0.000  0.000 -0.000 -0.000
       20  0.12912  -0.129 -0.007  1.000  0.000  0.000 -0.000  0.000
       21  0.00000  -0.000 -0.000  0.000  1.000 -0.000 -0.000 -0.000
       22  0.00000   0.000  0.000  0.000 -0.000  1.000 -0.000  0.000
       23  0.00000  -0.000 -0.000 -0.000 -0.000 -0.000  1.000 -0.000
       24  0.00000  -0.000 -0.000  0.000 -0.000  0.000 -0.000  1.000
MINUIT - FIT ONLY 2-y
 **********
 **   67 **RES 
 **********
                   PARAMETER   16  beta_vw RESTORED TO VARIABLE.
                   PARAMETER   14  alpha_vw RESTORED TO VARIABLE.
                   PARAMETER   13  beta_y RESTORED TO VARIABLE.
                   PARAMETER    9  alpha_2CBO RESTORED TO VARIABLE.
                   PARAMETER    8  beta_CBO RESTORED TO VARIABLE.
                   PARAMETER    6  alpha_CBO RESTORED TO VARIABLE.
                   PARAMETER    4  phi RESTORED TO VARIABLE.
                   PARAMETER    3  A0 RESTORED TO VARIABLE.
                   PARAMETER    1  N0 RESTORED TO VARIABLE.
 **********
 **   68 **FIX            0
 **********
 PARAMETER    0  IS UNDEFINED. IGNORED.
 **********
 **   69 **FIX            1
 **********
 **********
 **   70 **FIX            2
 **********
 PARAMETER    2  IS CONSTANT.   IGNORED.
 **********
 **   71 **FIX            3
 **********
 **********
 **   72 **FIX            4
 **********
 **********
 **   73 **FIX            5
 **********
 PARAMETER    5  IS CONSTANT.   IGNORED.
 **********
 **   74 **FIX            6
 **********
 **********
 **   75 **FIX            7
 **********
 PARAMETER    7  IS CONSTANT.   IGNORED.
 **********
 **   76 **FIX            8
 **********
 **********
 **   77 **FIX            9
 **********
 **********
 **   78 **FIX           10
 **********
 **********
 **   79 **FIX           11
 **********
 **********
 **   80 **FIX           12
 **********
 PARAMETER   12  IS CONSTANT.   IGNORED.
 **********
 **   81 **FIX           16
 **********
 **********
 **   82 **MIGRAD
 **********
 START MIGRAD MINIMIZATION.  STRATEGY  1.  CONVERGENCE WHEN EDM .LT. 1.00e-04
 FCN=58.0108 FROM MIGRAD    STATUS=INITIATE       37 CALLS        5033 TOTAL
                     EDM= unknown      STRATEGY= 1      NO ERROR MATRIX       
  EXT PARAMETER               CURRENT GUESS       STEP         FIRST   
  NO.   NAME      VALUE            ERROR          SIZE      DERIVATIVE 
   1  N0           2.79703e+06     fixed    
   2  tau          6.44140e+01   constant   
   3  A0           3.57836e-01     fixed    
   4  phi          4.11815e+00     fixed    
   5  R           -6.26390e+01   constant   
   6  alpha_CBO   -4.44113e-04     fixed    
   7  w_CBO        2.32500e+00   constant   
   8  beta_CBO    -2.81363e-03     fixed    
   9  alpha_2CBO  -1.30657e-04     fixed    
  10  beta_2CBO   -2.39997e-03     fixed    
  11  alpha_y      9.66292e-04     fixed    
  12  w_y          1.38860e+01   constant   
  13  beta_y      -1.41182e-04   1.49163e-03   0.00000e+00   1.51405e+01
  14  alpha_vw     0.00000e+00   1.00000e-03   0.00000e+00   8.90114e+02
  15  w_vw         1.43404e+01   constant   
  16  beta_vw      0.00000e+00     fixed    
  17  LM           3.79801e-04   constant   
  18  zeta_y       0.00000e+00   constant   
  19  zeta_vw      0.00000e+00   constant   
  20  T_CBO        1.72348e+01   3.96951e-01   0.00000e+00   3.75120e-01
  21  alpha_A0    -7.91918e+07   1.41421e+00   0.00000e+00  -6.49755e-12
  22  beta_A0     -1.04329e+08   1.41421e+00  -4.97242e+04   2.69293e-10
  23  alpha_phi    1.58425e+08   1.41421e+00   0.00000e+00  -8.89415e-12
  24  beta_phi    -1.01066e+08   1.41421e+00   0.00000e+00   4.92348e-12
 MIGRAD MINIMIZATION HAS CONVERGED.
 MIGRAD WILL VERIFY CONVERGENCE AND ERROR MATRIX.
 COVARIANCE MATRIX CALCULATED SUCCESSFULLY
 FCN=57.524 FROM MIGRAD    STATUS=CONVERGED     136 CALLS        5132 TOTAL
                     EDM=3.64693e-05    STRATEGY= 1      ERROR MATRIX ACCURATE 
  EXT PARAMETER                                   STEP         FIRST   
  NO.   NAME      VALUE            ERROR          SIZE      DERIVATIVE 
   1  N0           2.79703e+06     fixed    
   2  tau          6.44140e+01   constant   
   3  A0           3.57836e-01     fixed    
   4  phi          4.11815e+00     fixed    
   5  R           -6.26390e+01   constant   
   6  alpha_CBO   -4.44113e-04     fixed    
   7  w_CBO        2.32500e+00   constant   
   8  beta_CBO    -2.81363e-03     fixed    
   9  alpha_2CBO  -1.30657e-04     fixed    
  10  beta_2CBO   -2.39997e-03     fixed    
  11  alpha_y      9.66292e-04     fixed    
  12  w_y          1.38860e+01   constant   
  13  beta_y       1.99958e-04   1.56986e-03   5.53869e-06  -2.37470e-01
  14  alpha_vw    -1.10086e-03   1.57617e-03   5.56383e-06  -1.12746e+00
  15  w_vw         1.43404e+01   constant   
  16  beta_vw      0.00000e+00     fixed    
  17  LM           3.79801e-04   constant   
  18  zeta_y       0.00000e+00   constant   
  19  zeta_vw      0.00000e+00   constant   
  20  T_CBO        1.72392e+01   5.93841e-01   1.11617e-05   2.21800e-02
  21  alpha_A0    -7.91945e+07   9.72994e+06   3.77629e+01   4.04508e-11
  22  beta_A0     -1.04373e+08   3.01597e+07   4.97691e+01   2.29208e-10
  23  alpha_phi    1.59741e+08   1.52363e+08   7.61706e+01  -2.71545e-11
  24  beta_phi    -1.01818e+08   1.22331e+08   4.85505e+01   7.22492e-12
 EXTERNAL ERROR MATRIX.    NDIM=  25    NPAR=  7    ERR DEF=1
  2.464e-06 -8.080e-07  1.278e-05  7.028e+00  2.369e+02  4.441e+03 -2.399e+03 
 -8.080e-07  2.484e-06 -1.410e-05 -2.930e+00 -1.137e+02 -2.063e+03  8.420e+02 
  1.278e-05 -1.410e-05  3.526e-01  1.689e+05  1.244e+06 -6.480e+07  3.995e+07 
  7.028e+00 -2.930e+00  1.689e+05  9.467e+13  7.795e+12  4.249e+12  5.781e+13 
  2.369e+02 -1.137e+02  1.244e+06  7.795e+12  9.096e+14  1.580e+12 -9.431e+13 
  4.441e+03 -2.063e+03 -6.480e+07  4.249e+12  1.580e+12  2.321e+16 -9.239e+15 
 -2.399e+03  8.420e+02  3.995e+07  5.781e+13 -9.431e+13 -9.239e+15  1.496e+16 
 PARAMETER  CORRELATION COEFFICIENTS  
       NO.  GLOBAL     13     14     20     21     22     23     24
       13  0.32847   1.000 -0.327  0.014  0.000  0.005  0.019 -0.012
       14  0.32707  -0.327  1.000 -0.015 -0.000 -0.002 -0.009  0.004
       20  0.75519   0.014 -0.015  1.000  0.029  0.069 -0.716  0.550
       21  0.06878   0.000 -0.000  0.029  1.000  0.027  0.003  0.049
       22  0.12165   0.005 -0.002  0.069  0.027  1.000  0.000 -0.026
       23  0.72871   0.019 -0.009 -0.716  0.003  0.000  1.000 -0.496
