 + ++++++++++++++++++++++++++++++++++++++++++++++++++++++++++++++++++++ +
 +                                                                      +
 +           You have chose to blind your fitting according to          +
 +                omega_ref * (1 + (R +/- deltaR) *10^{-6})             +
 +                                                                      +
 + ++++++++++++++++++++++++++++++++++++++++++++++++++++++++++++++++++++ +
In main()...
reading format from /gm2data/zkhechad/run45/envelope/formats/formatB_sBin_constraintOn.txt
pBinTau 	= 0  
pBinPhi 	= 0  
constraintau 	= 1 
includeMopTerm 	= 0    
constrainMop    = 0   
Parameters after format file: pBinTau 0 pBinPhi 0 constraintau 1 includeMopTerm 0 constrainMop 0 c_e_scale 0.000000 
Opening file /gm2data/tbarrett/gm2fr/studies/run23_bunch_corrections/CorrectedFourier_Run3b.root.
reading full fit data from /gm2data/zkhechad/cboTemplates/Run4CBOTemplates/fullFits/noRF/sBin_constraintOn_cE0.0_seed0_noRF_calo16.root
windowBins = 69
fitting sliding window 140 from bin 276 at 41.030000 to bin 345 at 51.474000 (69 bins)

Reading data from /gm2data/cornell/histograms/aMethod/histogram_a_noRF.root
 **********
 **    1 **SET PRINTOUT            1
 **********
 **********
 **    2 **SET NOWARNINGS 
 **********
 PARAMETER DEFINITIONS:
    NO.   NAME         VALUE      STEP SIZE      LIMITS
     1 N0           3.09937e+06  1.00000e+02     no limits
     2 tau          6.44027e+01  constant
     3 A0           3.49546e-01  1.00000e-04     no limits
     4 phi          4.11716e+00  1.00000e-02     no limits
     5 R           -6.26367e+01  constant
     6 alpha_CBO    0.00000e+00  1.00000e-03     no limits
     7 w_CBO        2.32500e+00  constant
     8 beta_CBO     0.00000e+00  1.00000e-03     no limits
     9 alpha_2CBO   0.00000e+00  1.00000e-03     no limits
    10 beta_2CBO    0.00000e+00  1.00000e-03     no limits
    11 alpha_y      0.00000e+00  1.00000e-03     no limits
    12 w_y          1.38860e+01  constant
    13 beta_y       0.00000e+00  1.00000e-03     no limits
    14 alpha_vw     0.00000e+00  1.00000e-03     no limits
    15 w_vw         1.43404e+01  constant
    16 beta_vw      0.00000e+00  1.00000e-03     no limits
    17 LM          -1.31878e-04  constant
    18 zeta_y       0.00000e+00  constant
    19 zeta_vw      0.00000e+00  constant
    20 T_CBO        1.00000e+02  1.00000e+00    0.00000e+00  1.00000e+03
    21 alpha_A0     0.00000e+00  1.00000e-04   -1.00000e-02  1.00000e-02
    22 beta_A0      0.00000e+00  1.00000e-04   -1.00000e-02  1.00000e-02
    23 alpha_phi    0.00000e+00  1.00000e-04   -1.00000e-02  1.00000e-02
    24 beta_phi     0.00000e+00  1.00000e-04   -1.00000e-02  1.00000e-02
MINUIT - FIT ONLY WIGGLE
 **********
 **    3 **FIX            5
 **********
 PARAMETER    5  IS CONSTANT.   IGNORED.
 **********
 **    4 **FIX            6
 **********
 **********
 **    5 **FIX            7
 **********
 PARAMETER    7  IS CONSTANT.   IGNORED.
 **********
 **    6 **FIX            8
 **********
 **********
 **    7 **FIX            9
 **********
 **********
 **    8 **FIX           10
 **********
 **********
 **    9 **FIX           11
 **********
 **********
 **   10 **FIX           12
 **********
 PARAMETER   12  IS CONSTANT.   IGNORED.
 **********
 **   11 **FIX           13
 **********
 **********
 **   12 **FIX           14
 **********
 **********
 **   13 **FIX           15
 **********
 PARAMETER   15  IS CONSTANT.   IGNORED.
 **********
 **   14 **FIX           16
 **********
 **********
 **   15 **MIGRAD
 **********
 FIRST CALL TO USER FUNCTION AT NEW START POINT, WITH IFLAG=4.
 START MIGRAD MINIMIZATION.  STRATEGY  1.  CONVERGENCE WHEN EDM .LT. 1.00e-04
 FCN=10632.9 FROM MIGRAD    STATUS=INITIATE      435 CALLS         436 TOTAL
                     EDM= unknown      STRATEGY= 1      NO ERROR MATRIX       
  EXT PARAMETER               CURRENT GUESS       STEP         FIRST   
  NO.   NAME      VALUE            ERROR          SIZE      DERIVATIVE 
   1  N0           3.09937e+06   1.00000e+02   0.00000e+00   1.24428e-01
   2  tau          6.44027e+01   constant   
   3  A0           3.49546e-01   1.00000e-04   0.00000e+00   4.01668e+05
   4  phi          4.11716e+00   1.00000e-02   0.00000e+00   8.78534e+04
   5  R           -6.26367e+01   constant   
   6  alpha_CBO    0.00000e+00     fixed    
   7  w_CBO        2.32500e+00   constant   
   8  beta_CBO     0.00000e+00     fixed    
   9  alpha_2CBO   0.00000e+00     fixed    
  10  beta_2CBO    0.00000e+00     fixed    
  11  alpha_y      0.00000e+00     fixed    
  12  w_y          1.38860e+01   constant   
  13  beta_y       0.00000e+00     fixed    
  14  alpha_vw     0.00000e+00     fixed    
  15  w_vw         1.43404e+01   constant   
  16  beta_vw      0.00000e+00     fixed    
  17  LM          -1.31878e-04   constant   
  18  zeta_y       0.00000e+00   constant   
  19  zeta_vw      0.00000e+00   constant   
  20  T_CBO        1.00000e+02   1.00000e+00   0.00000e+00   0.00000e+00
  21  alpha_A0     0.00000e+00   1.00000e-04   0.00000e+00   9.75545e+01
  22  beta_A0      0.00000e+00   1.00000e-04   0.00000e+00   3.23101e+02
  23  alpha_phi    0.00000e+00   1.00000e-04   0.00000e+00   8.92823e+01
  24  beta_phi     0.00000e+00   1.00000e-04   0.00000e+00  -8.35525e+02
 MIGRAD MINIMIZATION HAS CONVERGED.
 FCN=9501.03 FROM MIGRAD    STATUS=CONVERGED     766 CALLS         767 TOTAL
                     EDM=3.01926e-07    STRATEGY= 1  ERROR MATRIX UNCERTAINTY   1.0 per cent
  EXT PARAMETER                                   STEP         FIRST   
  NO.   NAME      VALUE            ERROR          SIZE      DERIVATIVE 
   1  N0           3.09814e+06   1.95261e+02  -1.65220e-01   3.09965e-06
   2  tau          6.44027e+01   constant   
   3  A0           3.47939e-01   8.46103e-05   3.39973e-08  -4.63338e+00
   4  phi          4.11412e+00   2.47799e-04  -1.51346e-07  -6.03957e-01
   5  R           -6.26367e+01   constant   
   6  alpha_CBO    0.00000e+00     fixed    
   7  w_CBO        2.32500e+00   constant   
   8  beta_CBO     0.00000e+00     fixed    
   9  alpha_2CBO   0.00000e+00     fixed    
  10  beta_2CBO    0.00000e+00     fixed    
  11  alpha_y      0.00000e+00     fixed    
  12  w_y          1.38860e+01   constant   
  13  beta_y       0.00000e+00     fixed    
  14  alpha_vw     0.00000e+00     fixed    
  15  w_vw         1.43404e+01   constant   
  16  beta_vw      0.00000e+00     fixed    
  17  LM          -1.31878e-04   constant   
  18  zeta_y       0.00000e+00   constant   
  19  zeta_vw      0.00000e+00   constant   
  20  T_CBO        1.58909e+02   2.56129e+01  -7.86171e-06  -1.10547e-02
  21  alpha_A0    -2.84163e-03   4.78554e-04   3.58256e-05  -4.51052e-03
  22  beta_A0     -4.13525e-03   4.79268e-04  -4.96701e-05   1.19846e-03
  23  alpha_phi   -1.51366e-03   4.33162e-04   5.20202e-05  -5.85869e-03
  24  beta_phi     1.00000e-02   1.71997e-03   1.92947e-03** at limit **
 EXTERNAL ERROR MATRIX.    NDIM=  25    NPAR=  8    ERR DEF=1
  3.813e+04 -1.986e-03  3.163e-03  9.698e+02 -1.670e-02  2.001e-02  8.692e-03  6.880e-08 
 -1.986e-03  7.159e-09  2.009e-10 -2.678e-04  5.324e-09 -2.164e-09 -6.744e-10 -4.675e-14 
  3.163e-03  2.009e-10  6.140e-08 -1.801e-05  3.708e-09  8.064e-09  1.080e-08  2.649e-13 
  9.698e+02 -2.678e-04 -1.801e-05  6.571e+02  1.949e-03  5.342e-03  2.950e-03 -8.936e-08 
 -1.670e-02  5.324e-09  3.708e-09  1.949e-03  2.292e-07  1.630e-08  2.642e-08 -7.437e-13 
  2.001e-02 -2.164e-09  8.064e-09  5.342e-03  1.630e-08  2.299e-07  1.636e-08 -9.107e-13 
  8.692e-03 -6.744e-10  1.080e-08  2.950e-03  2.642e-08  1.636e-08  1.877e-07 -5.251e-13 
  6.880e-08 -4.675e-14  2.649e-13 -8.936e-08 -7.437e-13 -9.107e-13 -5.251e-13  4.809e-15 
 PARAMETER  CORRELATION COEFFICIENTS  
       NO.  GLOBAL      1      3      4     20     21     22     23     24
        1  0.34180   1.000 -0.120  0.065  0.194 -0.179  0.214  0.103  0.005
        3  0.20840  -0.120  1.000  0.010 -0.123  0.131 -0.053 -0.018 -0.008
        4  0.14720   0.065  0.010  1.000 -0.003  0.031  0.068  0.101  0.015
       20  0.52891   0.194 -0.123 -0.003  1.000  0.159  0.435  0.266 -0.050
       21  0.31634  -0.179  0.131  0.031  0.159  1.000  0.071  0.127 -0.022
       22  0.46251   0.214 -0.053  0.068  0.435  0.071  1.000  0.079 -0.027
       23  0.30907   0.103 -0.018  0.101  0.266  0.127  0.079  1.000 -0.017
       24  0.05795   0.005 -0.008  0.015 -0.050 -0.022 -0.027 -0.017  1.000
MINUIT - FIT ONLY 1-CBO + wiggle
 **********
 **   16 **RES 
 **********
                   PARAMETER   16  beta_vw RESTORED TO VARIABLE.
                   PARAMETER   14  alpha_vw RESTORED TO VARIABLE.
                   PARAMETER   13  beta_y RESTORED TO VARIABLE.
                   PARAMETER   11  alpha_y RESTORED TO VARIABLE.
                   PARAMETER   10  beta_2CBO RESTORED TO VARIABLE.
                   PARAMETER    9  alpha_2CBO RESTORED TO VARIABLE.
                   PARAMETER    8  beta_CBO RESTORED TO VARIABLE.
                   PARAMETER    6  alpha_CBO RESTORED TO VARIABLE.
 **********
 **   17 **FIX            8
 **********
 **********
 **   18 **FIX            9
 **********
 **********
 **   19 **FIX           11
 **********
 **********
 **   20 **FIX           12
 **********
 PARAMETER   12  IS CONSTANT.   IGNORED.
 **********
 **   21 **FIX           14
 **********
 **********
 **   22 **FIX           15
 **********
 PARAMETER   15  IS CONSTANT.   IGNORED.
 **********
 **   23 **FIX           16
 **********
 **********
 **   24 **MIGRAD
 **********
 START MIGRAD MINIMIZATION.  STRATEGY  1.  CONVERGENCE WHEN EDM .LT. 1.00e-04
 FCN=9501.03 FROM MIGRAD    STATUS=INITIATE       28 CALLS         795 TOTAL
                     EDM= unknown      STRATEGY= 1      NO ERROR MATRIX       
  EXT PARAMETER               CURRENT GUESS       STEP         FIRST   
  NO.   NAME      VALUE            ERROR          SIZE      DERIVATIVE 
   1  N0           3.09814e+06   1.95261e+02  -1.65220e-01   3.18452e-06
   2  tau          6.44027e+01   constant   
   3  A0           3.47939e-01   8.46103e-05   3.39973e-08  -4.78632e+00
   4  phi          4.11412e+00   2.47799e-04  -1.51346e-07  -5.93045e-01
   5  R           -6.26367e+01   constant   
   6  alpha_CBO    0.00000e+00   1.00000e-03   1.00000e-03  -2.59401e+05
   7  w_CBO        2.32500e+00   constant   
   8  beta_CBO     0.00000e+00     fixed    
   9  alpha_2CBO   0.00000e+00     fixed    
  10  beta_2CBO    0.00000e+00   1.00000e-03   1.00000e-03   2.36488e+05
  11  alpha_y      0.00000e+00     fixed    
  12  w_y          1.38860e+01   constant   
  13  beta_y       0.00000e+00   1.00000e-03   1.00000e-03  -1.93298e+05
  14  alpha_vw     0.00000e+00     fixed    
  15  w_vw         1.43404e+01   constant   
  16  beta_vw      0.00000e+00     fixed    
  17  LM          -1.31878e-04   constant   
  18  zeta_y       0.00000e+00   constant   
  19  zeta_vw      0.00000e+00   constant   
  20  T_CBO        1.58909e+02   2.56129e+01  -7.86171e-06  -1.23712e-02
  21  alpha_A0    -2.84163e-03   4.78554e-04   3.58256e-05  -4.58789e-03
  22  beta_A0     -4.13525e-03   4.79268e-04  -4.96701e-05   1.30321e-03
  23  alpha_phi   -1.51366e-03   4.33162e-04   5.20202e-05  -5.76992e-03
  24  beta_phi     9.99998e-03   1.71997e-03   1.92947e-03  -1.12079e-02
 MIGRAD MINIMIZATION HAS CONVERGED.
 FCN=9227.67 FROM MIGRAD    STATUS=CONVERGED     194 CALLS         961 TOTAL
                     EDM=3.89315e-07    STRATEGY= 1  ERROR MATRIX UNCERTAINTY   1.8 per cent
  EXT PARAMETER                                   STEP         FIRST   
  NO.   NAME      VALUE            ERROR          SIZE      DERIVATIVE 
   1  N0           3.09815e+06   1.95203e+02  -7.54891e-02   3.51640e-06
   2  tau          6.44027e+01   constant   
   3  A0           3.47960e-01   8.14196e-05   1.01087e-07  -6.12753e+00
   4  phi          4.11351e+00   2.50548e-04  -1.73996e-07   1.78925e+00
   5  R           -6.26367e+01   constant   
   6  alpha_CBO    8.99416e-04   8.26085e-05  -4.01063e-08  -3.80763e+00
   7  w_CBO        2.32500e+00   constant   
   8  beta_CBO     0.00000e+00     fixed    
   9  alpha_2CBO   0.00000e+00     fixed    
  10  beta_2CBO   -7.95950e-04   8.09893e-05  -9.76350e-08  -2.63231e+00
  11  alpha_y      0.00000e+00     fixed    
  12  w_y          1.38860e+01   constant   
  13  beta_y       6.47601e-04   8.24548e-05  -6.25072e-08   1.43793e+00
  14  alpha_vw     0.00000e+00     fixed    
  15  w_vw         1.43404e+01   constant   
  16  beta_vw      0.00000e+00     fixed    
  17  LM          -1.31878e-04   constant   
  18  zeta_y       0.00000e+00   constant   
  19  zeta_vw      0.00000e+00   constant   
  20  T_CBO        1.50981e+02   2.36188e+01   2.73343e-05   3.88943e-03
  21  alpha_A0    -3.20141e-03   5.08410e-04   1.73819e-04   1.65072e-04
  22  beta_A0     -3.67238e-03   4.92199e-04  -3.13751e-05  -3.38576e-03
  23  alpha_phi   -2.64801e-03   4.65851e-04  -2.82288e-05  -1.43191e-02
  24  beta_phi     1.00000e-02   1.74519e-03  -1.04391e-05** at limit **
 EXTERNAL ERROR MATRIX.    NDIM=  25    NPAR= 11    ERR DEF=1
  3.810e+04 
 -2.291e-03  6.629e-09 
  4.221e-03  4.682e-10  6.277e-08 
  8.974e-04  1.899e-10 -3.179e-09  6.824e-09 
  1.122e-03 -5.201e-11  1.636e-09 -1.728e-10  6.559e-09 
  1.808e-04 -9.150e-11  2.029e-11 -5.822e-11  2.533e-11  6.799e-09 
  1.039e+03 -2.538e-04  7.391e-05  2.258e-05  9.252e-05  9.703e-07  5.587e+02 
 -1.422e-02  4.654e-09  8.893e-09  3.440e-10  2.644e-09 -9.417e-10  1.721e-03  2.587e-07 
  1.848e-02 -1.505e-09  4.657e-09  1.485e-09 -2.376e-09 -2.276e-10  4.879e-03  1.568e-08  2.425e-07 
  1.446e-02 -8.395e-10  1.630e-08 -4.324e-09  3.857e-09 -1.117e-09  3.784e-03  9.392e-09  3.372e-08  2.172e-07 
  2.716e-08 -7.822e-15  7.913e-15 -3.776e-15  6.518e-15  1.270e-14 -4.351e-09 -2.457e-13 -6.841e-14 -8.412e-15  2.033e-14 
 PARAMETER  CORRELATION COEFFICIENTS  
       NO.  GLOBAL      1      3      4      6     10     13     20     21     22     23     24
        1  0.35717   1.000 -0.144  0.086  0.056  0.071  0.011  0.225 -0.143  0.192  0.159  0.001
        3  0.21982  -0.144  1.000  0.023  0.028 -0.008 -0.014 -0.132  0.112 -0.038 -0.022 -0.001
        4  0.24291   0.086  0.023  1.000 -0.154  0.081  0.001  0.012  0.070  0.038  0.140  0.000
        6  0.20967   0.056  0.028 -0.154  1.000 -0.026 -0.009  0.012  0.008  0.037 -0.112 -0.000
       10  0.17744   0.071 -0.008  0.081 -0.026  1.000  0.004  0.048  0.064 -0.060  0.102  0.001
       13  0.04425   0.011 -0.014  0.001 -0.009  0.004  1.000  0.000 -0.022 -0.006 -0.029  0.001
       20  0.54933   0.225 -0.132  0.012  0.012  0.048  0.000  1.000  0.143  0.419  0.344 -0.001
       21  0.27814  -0.143  0.112  0.070  0.008  0.064 -0.022  0.143  1.000  0.063  0.040 -0.003
       22  0.44306   0.192 -0.038  0.038  0.037 -0.060 -0.006  0.419  0.063  1.000  0.147 -0.001
       23  0.39867   0.159 -0.022  0.140 -0.112  0.102 -0.029  0.344  0.040  0.147  1.000 -0.000
       24  0.00384   0.001 -0.001  0.000 -0.000  0.001  0.001 -0.001 -0.003 -0.001 -0.000  1.000
MINUIT - FIT ONLY 2-CBO
 **********
 **   25 **RES 
 **********
                   PARAMETER   16  beta_vw RESTORED TO VARIABLE.
                   PARAMETER   14  alpha_vw RESTORED TO VARIABLE.
                   PARAMETER   11  alpha_y RESTORED TO VARIABLE.
                   PARAMETER    9  alpha_2CBO RESTORED TO VARIABLE.
                   PARAMETER    8  beta_CBO RESTORED TO VARIABLE.
 **********
 **   26 **FIX            0
 **********
 PARAMETER    0  IS UNDEFINED. IGNORED.
 **********
 **   27 **FIX            1
 **********
 **********
 **   28 **FIX            2
 **********
 PARAMETER    2  IS CONSTANT.   IGNORED.
 **********
 **   29 **FIX            3
 **********
 **********
 **   30 **FIX            4
 **********
 **********
 **   31 **FIX            5
 **********
 PARAMETER    5  IS CONSTANT.   IGNORED.
 **********
 **   32 **FIX            6
 **********
 **********
 **   33 **FIX            7
 **********
 PARAMETER    7  IS CONSTANT.   IGNORED.
 **********
 **   34 **FIX           10
 **********
 **********
 **   35 **FIX           11
 **********
 **********
 **   36 **FIX           12
 **********
 PARAMETER   12  IS CONSTANT.   IGNORED.
 **********
 **   37 **FIX           13
 **********
 **********
 **   38 **FIX           14
 **********
 **********
 **   39 **FIX           15
 **********
 PARAMETER   15  IS CONSTANT.   IGNORED.
 **********
 **   40 **FIX           16
 **********
 **********
 **   41 **MIGRAD
 **********
 START MIGRAD MINIMIZATION.  STRATEGY  1.  CONVERGENCE WHEN EDM .LT. 1.00e-04
 FCN=9227.67 FROM MIGRAD    STATUS=INITIATE       18 CALLS         979 TOTAL
                     EDM= unknown      STRATEGY= 1      NO ERROR MATRIX       
  EXT PARAMETER               CURRENT GUESS       STEP         FIRST   
  NO.   NAME      VALUE            ERROR          SIZE      DERIVATIVE 
   1  N0           3.09815e+06     fixed    
   2  tau          6.44027e+01   constant   
   3  A0           3.47960e-01     fixed    
   4  phi          4.11351e+00     fixed    
   5  R           -6.26367e+01   constant   
   6  alpha_CBO    8.99416e-04     fixed    
   7  w_CBO        2.32500e+00   constant   
   8  beta_CBO     0.00000e+00   1.00000e-03   1.00000e-03  -2.18319e+06
   9  alpha_2CBO   0.00000e+00   1.00000e-03   1.00000e-03  -4.06154e+04
  10  beta_2CBO   -7.95950e-04     fixed    
  11  alpha_y      0.00000e+00     fixed    
  12  w_y          1.38860e+01   constant   
  13  beta_y       6.47601e-04     fixed    
  14  alpha_vw     0.00000e+00     fixed    
  15  w_vw         1.43404e+01   constant   
  16  beta_vw      0.00000e+00     fixed    
  17  LM          -1.31878e-04   constant   
  18  zeta_y       0.00000e+00   constant   
  19  zeta_vw      0.00000e+00   constant   
  20  T_CBO        1.50981e+02   2.36188e+01   2.73343e-05   2.50142e-03
  21  alpha_A0    -3.20141e-03   5.08410e-04   1.73819e-04   9.07090e-05
  22  beta_A0     -3.67238e-03   4.92199e-04  -3.13751e-05  -3.28069e-03
  23  alpha_phi   -2.64801e-03   4.65851e-04  -2.82288e-05  -1.42336e-02
  24  beta_phi     9.99998e-03   1.74519e-03  -1.04391e-05  -5.80862e-03
 MIGRAD MINIMIZATION HAS CONVERGED.
 MIGRAD WILL VERIFY CONVERGENCE AND ERROR MATRIX.
 COVARIANCE MATRIX CALCULATED SUCCESSFULLY
 FCN=1012.53 FROM MIGRAD    STATUS=CONVERGED     679 CALLS        1640 TOTAL
                     EDM=2.90068e-06    STRATEGY= 1      ERROR MATRIX ACCURATE 
  EXT PARAMETER                                   STEP         FIRST   
  NO.   NAME      VALUE            ERROR          SIZE      DERIVATIVE 
   1  N0           3.09815e+06     fixed    
   2  tau          6.44027e+01   constant   
   3  A0           3.47960e-01     fixed    
   4  phi          4.11351e+00     fixed    
   5  R           -6.26367e+01   constant   
   6  alpha_CBO    8.99416e-04     fixed    
   7  w_CBO        2.32500e+00   constant   
   8  beta_CBO     7.52557e-03   8.30366e-05   1.28014e-06  -3.23245e+00
   9  alpha_2CBO   5.36360e-06   8.47455e-05   1.28640e-06  -4.40627e+00
  10  beta_2CBO   -7.95950e-04     fixed    
  11  alpha_y      0.00000e+00     fixed    
  12  w_y          1.38860e+01   constant   
  13  beta_y       6.47601e-04     fixed    
  14  alpha_vw     0.00000e+00     fixed    
  15  w_vw         1.43404e+01   constant   
  16  beta_vw      0.00000e+00     fixed    
  17  LM          -1.31878e-04   constant   
  18  zeta_y       0.00000e+00   constant   
  19  zeta_vw      0.00000e+00   constant   
  20  T_CBO        9.99998e+02   6.89004e+02   7.72842e-02  -2.22191e-04
  21  alpha_A0    -2.42495e-03   3.78887e-04   6.00715e-04  -5.90472e-03
  22  beta_A0      7.65870e-05   3.50340e-04   5.37313e-04  -1.98523e-02
  23  alpha_phi   -1.46249e-03   3.33096e-04   5.21622e-04  -3.33577e-02
  24  beta_phi     5.19129e-03   3.53075e-04   6.32760e-04   3.78664e-02
 EXTERNAL ERROR MATRIX.    NDIM=  25    NPAR=  7    ERR DEF=1
  6.895e-09 -1.319e-10 -1.038e-07  1.759e-10  2.750e-09  4.620e-10  2.198e-09 
 -1.319e-10  7.182e-09 -7.882e-09 -4.364e-09 -3.428e-09  1.519e-09  3.386e-09 
 -1.038e-07 -7.882e-09  4.585e+01 -6.349e-05 -1.107e-06 -4.727e-05 -1.428e-04 
  1.759e-10 -4.364e-09 -6.349e-05  1.436e-07  3.128e-09  8.268e-10  4.022e-09 
  2.750e-09 -3.428e-09 -1.107e-06  3.128e-09  1.228e-07 -4.857e-09 -7.977e-09 
  4.620e-10  1.519e-09 -4.727e-05  8.268e-10 -4.857e-09  1.110e-07 -3.871e-09 
  2.198e-09  3.386e-09 -1.428e-04  4.022e-09 -7.977e-09 -3.871e-09  1.247e-07 
 PARAMETER  CORRELATION COEFFICIENTS  
       NO.  GLOBAL      8      9     20     21     22     23     24
        8  0.12821   1.000 -0.019 -0.000  0.006  0.095  0.017  0.075
        9  0.21555  -0.019  1.000 -0.000 -0.136 -0.115  0.054  0.113
       20  0.06843  -0.000 -0.000  1.000 -0.025 -0.000 -0.021 -0.060
       21  0.14624   0.006 -0.136 -0.025  1.000  0.024  0.007  0.030
       22  0.16449   0.095 -0.115 -0.000  0.024  1.000 -0.042 -0.064
       23  0.08526   0.017  0.054 -0.021  0.007 -0.042  1.000 -0.033
       24  0.17257   0.075  0.113 -0.060  0.030 -0.064 -0.033  1.000
MINUIT - FIT wiggle + 1-CBO + 2-CBO
 **********
 **   42 **RES 
 **********
                   PARAMETER   16  beta_vw RESTORED TO VARIABLE.
                   PARAMETER   14  alpha_vw RESTORED TO VARIABLE.
                   PARAMETER   13  beta_y RESTORED TO VARIABLE.
                   PARAMETER   11  alpha_y RESTORED TO VARIABLE.
                   PARAMETER   10  beta_2CBO RESTORED TO VARIABLE.
                   PARAMETER    6  alpha_CBO RESTORED TO VARIABLE.
                   PARAMETER    4  phi RESTORED TO VARIABLE.
                   PARAMETER    3  A0 RESTORED TO VARIABLE.
                   PARAMETER    1  N0 RESTORED TO VARIABLE.
 **********
 **   43 **FIX           10
 **********
 **********
 **   44 **FIX           11
 **********
 **********
 **   45 **FIX           12
 **********
 PARAMETER   12  IS CONSTANT.   IGNORED.
 **********
 **   46 **FIX           13
 **********
 **********
 **   47 **FIX           14
 **********
 **********
 **   48 **FIX           15
 **********
 PARAMETER   15  IS CONSTANT.   IGNORED.
 **********
 **   49 **FIX           16
 **********
 **********
 **   50 **MIGRAD
 **********
 START MIGRAD MINIMIZATION.  STRATEGY  1.  CONVERGENCE WHEN EDM .LT. 1.00e-04
 FCN=1012.53 FROM MIGRAD    STATUS=INITIATE       22 CALLS        1662 TOTAL
                     EDM= unknown      STRATEGY= 1      NO ERROR MATRIX       
  EXT PARAMETER               CURRENT GUESS       STEP         FIRST   
  NO.   NAME      VALUE            ERROR          SIZE      DERIVATIVE 
   1  N0           3.09815e+06   1.95203e+02   1.95203e+02  -6.66124e-02
   2  tau          6.44027e+01   constant   
   3  A0           3.47960e-01   8.14196e-05   8.14196e-05  -4.36169e+05
   4  phi          4.11351e+00   2.50548e-04   2.50548e-04  -1.04403e+05
   5  R           -6.26367e+01   constant   
   6  alpha_CBO    8.99416e-04   8.26085e-05   8.26085e-05  -7.63725e+04
   7  w_CBO        2.32500e+00   constant   
   8  beta_CBO     7.52557e-03   8.30366e-05   1.28014e-06  -3.23247e+00
   9  alpha_2CBO   5.36360e-06   8.47455e-05   1.28640e-06  -4.40625e+00
  10  beta_2CBO   -7.95950e-04     fixed    
  11  alpha_y      0.00000e+00     fixed    
  12  w_y          1.38860e+01   constant   
  13  beta_y       6.47601e-04     fixed    
  14  alpha_vw     0.00000e+00     fixed    
  15  w_vw         1.43404e+01   constant   
  16  beta_vw      0.00000e+00     fixed    
  17  LM          -1.31878e-04   constant   
  18  zeta_y       0.00000e+00   constant   
  19  zeta_vw      0.00000e+00   constant   
  20  T_CBO        9.99998e+02   6.89004e+02   7.72842e-02  -2.24930e-04
  21  alpha_A0    -2.42495e-03   3.78887e-04   6.00715e-04  -5.84671e-03
  22  beta_A0      7.65870e-05   3.50340e-04   5.37313e-04  -1.98536e-02
  23  alpha_phi   -1.46249e-03   3.33096e-04   5.21622e-04  -3.33234e-02
  24  beta_phi     5.19129e-03   3.53075e-04   6.32760e-04  -3.80073e-02
 MIGRAD MINIMIZATION HAS CONVERGED.
 MIGRAD WILL VERIFY CONVERGENCE AND ERROR MATRIX.
 COVARIANCE MATRIX CALCULATED SUCCESSFULLY
 FCN=443.571 FROM MIGRAD    STATUS=CONVERGED     264 CALLS        1904 TOTAL
                     EDM=4.37768e-06    STRATEGY= 1      ERROR MATRIX ACCURATE 
  EXT PARAMETER                                   STEP         FIRST   
  NO.   NAME      VALUE            ERROR          SIZE      DERIVATIVE 
   1  N0           3.09922e+06   1.39483e+00   1.87439e+00   9.55132e-06
   2  tau          6.44027e+01   constant   
   3  A0           3.49511e-01   8.35220e-05   8.20899e-07   6.01530e+00
   4  phi          4.11709e+00   2.53640e-04   2.49194e-06  -2.35328e+00
   5  R           -6.26367e+01   constant   
   6  alpha_CBO    1.09892e-03   8.64696e-05   8.63476e-07  -1.44663e+01
   7  w_CBO        2.32500e+00   constant   
   8  beta_CBO     8.04523e-03   8.57027e-05   8.47528e-07  -1.61479e+01
   9  alpha_2CBO  -4.87774e-05   8.49667e-05   8.51660e-07  -1.01179e+01
  10  beta_2CBO   -7.95950e-04     fixed    
  11  alpha_y      0.00000e+00     fixed    
  12  w_y          1.38860e+01   constant   
  13  beta_y       6.47601e-04     fixed    
  14  alpha_vw     0.00000e+00     fixed    
  15  w_vw         1.43404e+01   constant   
  16  beta_vw      0.00000e+00     fixed    
  17  LM          -1.31878e-04   constant   
  18  zeta_y       0.00000e+00   constant   
  19  zeta_vw      0.00000e+00   constant   
  20  T_CBO        9.99985e+02   7.09170e+02   8.11808e-02  -2.20176e-04
  21  alpha_A0    -1.49952e-03   3.82932e-04   3.89504e-04   2.04813e-02
  22  beta_A0      9.74833e-04   3.50345e-04   3.56413e-04  -1.32064e-03
  23  alpha_phi   -6.74613e-04   3.35633e-04   3.40946e-04   4.48138e-02
  24  beta_phi     4.59972e-03   3.55994e-04   4.01596e-04  -3.30127e-02
 EXTERNAL ERROR MATRIX.    NDIM=  25    NPAR= 11    ERR DEF=1
  1.946e+00 
 -1.029e-07  6.976e-09 
  2.019e-07  1.198e-09  6.433e-08 
  3.667e-08  5.691e-10 -4.431e-09  7.477e-09 
  4.462e-08  1.467e-09  3.226e-09  1.554e-10  7.345e-09 
  1.760e-08 -1.279e-11 -1.446e-09  3.718e-10 -1.926e-10  7.219e-09 
  4.542e-06 -9.438e-08  1.056e-06 -7.527e-08  1.776e-09 -2.767e-08  3.039e+01 
 -8.994e-07  4.755e-09  6.340e-09  1.153e-09  1.466e-09 -4.455e-09 -1.293e-05  1.467e-07 
  5.245e-07  1.132e-09  7.147e-09 -3.477e-10  3.266e-09 -3.551e-09  8.537e-06  4.511e-09  1.228e-07 
  3.012e-07  4.369e-10  1.204e-08 -2.828e-09  1.037e-09  1.159e-09 -5.697e-06  1.538e-09 -3.506e-09  1.127e-07 
  8.049e-07 -5.018e-09  1.267e-09 -1.403e-10 -3.177e-09 -3.386e-09  4.063e-05 -7.029e-09  7.006e-09  3.923e-09  1.268e-07 
 PARAMETER  CORRELATION COEFFICIENTS  
       NO.  GLOBAL      1      3      4      6      8      9     20     21     22     23     24
        1  0.00279   1.000 -0.001  0.001  0.000  0.000  0.000  0.000 -0.002  0.001  0.001  0.002
        3  0.29770  -0.001  1.000  0.057  0.079  0.205 -0.002 -0.000  0.149  0.039  0.016 -0.169
        4  0.29889   0.001  0.057  1.000 -0.202  0.148 -0.067  0.001  0.065  0.080  0.141  0.014
        6  0.24333   0.000  0.079 -0.202  1.000  0.021  0.051 -0.000  0.035 -0.011 -0.097 -0.005
        8  0.27811   0.000  0.205  0.148  0.021  1.000 -0.026  0.000  0.045  0.109  0.036 -0.104
        9  0.22830   0.000 -0.002 -0.067  0.051 -0.026  1.000 -0.000 -0.137 -0.119  0.041 -0.112
       20  0.02241   0.000 -0.000  0.001 -0.000  0.000 -0.000  1.000 -0.006  0.004 -0.003  0.021
       21  0.21679  -0.002  0.149  0.065  0.035  0.045 -0.137 -0.006  1.000  0.034  0.012 -0.052
       22  0.18402   0.001  0.039  0.080 -0.011  0.109 -0.119  0.004  0.034  1.000 -0.030  0.056
       23  0.17822   0.001  0.016  0.141 -0.097  0.036  0.041 -0.003  0.012 -0.030  1.000  0.033
       24  0.23478   0.002 -0.169  0.014 -0.005 -0.104 -0.112  0.021 -0.052  0.056  0.033  1.000
MINUIT - FIT ONLY 1-y
 **********
 **   51 **RES 
 **********
                   PARAMETER   16  beta_vw RESTORED TO VARIABLE.
                   PARAMETER   14  alpha_vw RESTORED TO VARIABLE.
                   PARAMETER   13  beta_y RESTORED TO VARIABLE.
                   PARAMETER   11  alpha_y RESTORED TO VARIABLE.
                   PARAMETER   10  beta_2CBO RESTORED TO VARIABLE.
 **********
 **   52 **FIX            0
 **********
 PARAMETER    0  IS UNDEFINED. IGNORED.
 **********
 **   53 **FIX            1
 **********
 **********
 **   54 **FIX            2
 **********
 PARAMETER    2  IS CONSTANT.   IGNORED.
 **********
 **   55 **FIX            3
 **********
 **********
 **   56 **FIX            4
 **********
 **********
 **   57 **FIX            5
 **********
 PARAMETER    5  IS CONSTANT.   IGNORED.
 **********
 **   58 **FIX            6
 **********
 **********
 **   59 **FIX            7
 **********
 PARAMETER    7  IS CONSTANT.   IGNORED.
 **********
 **   60 **FIX            8
 **********
 **********
 **   61 **FIX            9
 **********
 **********
 **   62 **FIX           13
 **********
 **********
 **   63 **FIX           14
 **********
 **********
 **   64 **FIX           15
 **********
 PARAMETER   15  IS CONSTANT.   IGNORED.
 **********
 **   65 **FIX           16
 **********
 **********
 **   66 **MIGRAD
 **********
 START MIGRAD MINIMIZATION.  STRATEGY  1.  CONVERGENCE WHEN EDM .LT. 1.00e-04
 FCN=443.569 FROM MIGRAD    STATUS=INITIATE       40 CALLS        1944 TOTAL
                     EDM= unknown      STRATEGY= 1      NO ERROR MATRIX       
  EXT PARAMETER               CURRENT GUESS       STEP         FIRST   
  NO.   NAME      VALUE            ERROR          SIZE      DERIVATIVE 
   1  N0           3.09922e+06     fixed    
   2  tau          6.44027e+01   constant   
   3  A0           3.49511e-01     fixed    
   4  phi          4.11709e+00     fixed    
   5  R           -6.26367e+01   constant   
   6  alpha_CBO    1.09892e-03     fixed    
   7  w_CBO        2.32500e+00   constant   
   8  beta_CBO     8.04523e-03     fixed    
   9  alpha_2CBO  -4.87774e-05     fixed    
  10  beta_2CBO   -7.95950e-04   8.09893e-05   0.00000e+00  -1.24998e+05
  11  alpha_y      0.00000e+00   1.00000e-03   0.00000e+00   6.92222e+04
  12  w_y          1.38860e+01   constant   
  13  beta_y       6.47601e-04     fixed    
  14  alpha_vw     0.00000e+00     fixed    
  15  w_vw         1.43404e+01   constant   
  16  beta_vw      0.00000e+00     fixed    
  17  LM          -1.31878e-04   constant   
  18  zeta_y       0.00000e+00   constant   
  19  zeta_vw      0.00000e+00   constant   
  20  T_CBO        9.34464e+02   7.09170e+02  -5.09970e-01  -1.17776e-03
  21  alpha_A0    -1.49952e-03   3.82932e-04   0.00000e+00   5.94151e-01
  22  beta_A0      9.74833e-04   3.50345e-04   0.00000e+00  -3.67301e-01
  23  alpha_phi   -6.74613e-04   3.35633e-04   0.00000e+00   5.28770e-01
  24  beta_phi     4.59972e-03   3.55994e-04   0.00000e+00  -2.20707e+00
 MIGRAD MINIMIZATION HAS CONVERGED.
 MIGRAD WILL VERIFY CONVERGENCE AND ERROR MATRIX.
 COVARIANCE MATRIX CALCULATED SUCCESSFULLY
 FCN=405.381 FROM MIGRAD    STATUS=CONVERGED     773 CALLS        2677 TOTAL
                     EDM=1.68242e-05    STRATEGY= 1      ERROR MATRIX ACCURATE 
  EXT PARAMETER                                   STEP         FIRST   
  NO.   NAME      VALUE            ERROR          SIZE      DERIVATIVE 
   1  N0           3.09922e+06     fixed    
   2  tau          6.44027e+01   constant   
   3  A0           3.49511e-01     fixed    
   4  phi          4.11709e+00     fixed    
   5  R           -6.26367e+01   constant   
   6  alpha_CBO    1.09892e-03     fixed    
   7  w_CBO        2.32500e+00   constant   
   8  beta_CBO     8.04523e-03     fixed    
   9  alpha_2CBO  -4.87774e-05     fixed    
  10  beta_2CBO   -3.33177e-04   8.55915e-05   8.21437e-07  -2.99682e+00
  11  alpha_y     -2.48262e-04   8.37573e-05   8.24082e-07  -8.07845e-01
  12  w_y          1.38860e+01   constant   
  13  beta_y       6.47601e-04     fixed    
  14  alpha_vw     0.00000e+00     fixed    
  15  w_vw         1.43404e+01   constant   
  16  beta_vw      0.00000e+00     fixed    
  17  LM          -1.31878e-04   constant   
  18  zeta_y       0.00000e+00   constant   
  19  zeta_vw      0.00000e+00   constant   
  20  T_CBO        5.77171e+01   5.43884e+00   2.17458e-04   1.12430e-01
  21  alpha_A0    -2.79618e-03   8.14046e-04   8.12702e-04   5.09626e-02
  22  beta_A0      1.41750e-03   7.36359e-04   7.21165e-04  -3.35326e-02
  23  alpha_phi   -8.68803e-04   7.16296e-04   6.93554e-04  -3.64525e-02
  24  beta_phi     1.00000e-02   1.64719e-02   1.79331e-02** at limit **
 EXTERNAL ERROR MATRIX.    NDIM=  25    NPAR=  7    ERR DEF=1
  7.326e-09 -8.472e-11 -2.224e-05  6.820e-09 -9.587e-09  9.023e-09 -5.829e-13 
 -8.472e-11  7.015e-09 -1.337e-06  3.369e-10  1.621e-09 -5.871e-10  6.179e-14 
 -2.224e-05 -1.337e-06  2.959e+01 -9.487e-04  3.373e-04 -5.424e-04 -1.376e-05 
  6.820e-09  3.369e-10 -9.487e-04  6.643e-07 -1.317e-08  3.464e-08  5.258e-10 
 -9.587e-09  1.621e-09  3.373e-04 -1.317e-08  5.432e-07 -3.889e-08 -2.627e-10 
  9.023e-09 -5.871e-10 -5.424e-04  3.464e-08 -3.889e-08  5.140e-07  1.658e-10 
 -5.829e-13  6.179e-14 -1.376e-05  5.258e-10 -2.627e-10  1.658e-10  1.527e-10 
 PARAMETER  CORRELATION COEFFICIENTS  
       NO.  GLOBAL     10     11     20     21     22     23     24
       10  0.22218   1.000 -0.012 -0.048  0.098 -0.152  0.147 -0.001
       11  0.02948  -0.012  1.000 -0.003  0.005  0.026 -0.010  0.000
       20  0.32080  -0.048 -0.003  1.000 -0.214  0.084 -0.139 -0.205
       21  0.23240   0.098  0.005 -0.214  1.000 -0.022  0.059  0.052
       22  0.17794  -0.152  0.026  0.084 -0.022  1.000 -0.074 -0.029
       23  0.20325   0.147 -0.010 -0.139  0.059 -0.074  1.000  0.019
       24  0.20580  -0.001  0.000 -0.205  0.052 -0.029  0.019  1.000
MINUIT - FIT ONLY 2-y
 **********
 **   67 **RES 
 **********
                   PARAMETER   16  beta_vw RESTORED TO VARIABLE.
                   PARAMETER   14  alpha_vw RESTORED TO VARIABLE.
                   PARAMETER   13  beta_y RESTORED TO VARIABLE.
                   PARAMETER    9  alpha_2CBO RESTORED TO VARIABLE.
                   PARAMETER    8  beta_CBO RESTORED TO VARIABLE.
                   PARAMETER    6  alpha_CBO RESTORED TO VARIABLE.
                   PARAMETER    4  phi RESTORED TO VARIABLE.
                   PARAMETER    3  A0 RESTORED TO VARIABLE.
                   PARAMETER    1  N0 RESTORED TO VARIABLE.
 **********
 **   68 **FIX            0
 **********
 PARAMETER    0  IS UNDEFINED. IGNORED.
 **********
 **   69 **FIX            1
 **********
 **********
 **   70 **FIX            2
 **********
 PARAMETER    2  IS CONSTANT.   IGNORED.
 **********
 **   71 **FIX            3
 **********
 **********
 **   72 **FIX            4
 **********
 **********
 **   73 **FIX            5
 **********
 PARAMETER    5  IS CONSTANT.   IGNORED.
 **********
 **   74 **FIX            6
 **********
 **********
 **   75 **FIX            7
 **********
 PARAMETER    7  IS CONSTANT.   IGNORED.
 **********
 **   76 **FIX            8
 **********
 **********
 **   77 **FIX            9
 **********
 **********
 **   78 **FIX           10
 **********
 **********
 **   79 **FIX           11
 **********
 **********
 **   80 **FIX           12
 **********
 PARAMETER   12  IS CONSTANT.   IGNORED.
 **********
 **   81 **FIX           16
 **********
 **********
 **   82 **MIGRAD
 **********
 START MIGRAD MINIMIZATION.  STRATEGY  1.  CONVERGENCE WHEN EDM .LT. 1.00e-04
 FCN=405.381 FROM MIGRAD    STATUS=INITIATE       16 CALLS        2693 TOTAL
                     EDM= unknown      STRATEGY= 1      NO ERROR MATRIX       
  EXT PARAMETER               CURRENT GUESS       STEP         FIRST   
  NO.   NAME      VALUE            ERROR          SIZE      DERIVATIVE 
   1  N0           3.09922e+06     fixed    
   2  tau          6.44027e+01   constant   
   3  A0           3.49511e-01     fixed    
   4  phi          4.11709e+00     fixed    
   5  R           -6.26367e+01   constant   
   6  alpha_CBO    1.09892e-03     fixed    
   7  w_CBO        2.32500e+00   constant   
   8  beta_CBO     8.04523e-03     fixed    
   9  alpha_2CBO  -4.87774e-05     fixed    
  10  beta_2CBO   -3.33177e-04     fixed    
  11  alpha_y     -2.48262e-04     fixed    
  12  w_y          1.38860e+01   constant   
  13  beta_y       6.47601e-04   8.24548e-05   8.24548e-05   2.36665e+03
  14  alpha_vw     0.00000e+00   1.00000e-03   1.00000e-03   3.44587e+05
  15  w_vw         1.43404e+01   constant   
  16  beta_vw      0.00000e+00     fixed    
  17  LM          -1.31878e-04   constant   
  18  zeta_y       0.00000e+00   constant   
  19  zeta_vw      0.00000e+00   constant   
  20  T_CBO        5.77171e+01   5.43884e+00   2.17458e-04  -1.12703e-01
  21  alpha_A0    -2.79618e-03   8.14046e-04   8.12702e-04   5.09900e-02
  22  beta_A0      1.41750e-03   7.36359e-04   7.21165e-04  -3.35463e-02
  23  alpha_phi   -8.68803e-04   7.16296e-04   6.93554e-04  -3.64444e-02
  24  beta_phi     1.00000e-02   1.64719e-02   1.79331e-02** at limit **
 MIGRAD MINIMIZATION HAS CONVERGED.
 MIGRAD WILL VERIFY CONVERGENCE AND ERROR MATRIX.
 COVARIANCE MATRIX CALCULATED SUCCESSFULLY
 FCN=185.839 FROM MIGRAD    STATUS=CONVERGED     128 CALLS        2805 TOTAL
                     EDM=7.40929e-06    STRATEGY= 1      ERROR MATRIX ACCURATE 
  EXT PARAMETER                                   STEP         FIRST   
  NO.   NAME      VALUE            ERROR          SIZE      DERIVATIVE 
   1  N0           3.09922e+06     fixed    
   2  tau          6.44027e+01   constant   
   3  A0           3.49511e-01     fixed    
   4  phi          4.11709e+00     fixed    
   5  R           -6.26367e+01   constant   
   6  alpha_CBO    1.09892e-03     fixed    
   7  w_CBO        2.32500e+00   constant   
   8  beta_CBO     8.04523e-03     fixed    
   9  alpha_2CBO  -4.87774e-05     fixed    
  10  beta_2CBO   -3.33177e-04     fixed    
  11  alpha_y     -2.48262e-04     fixed    
  12  w_y          1.38860e+01   constant   
  13  beta_y       3.24365e-04   8.52544e-05   5.50835e-07  -6.21852e+00
  14  alpha_vw    -1.27199e-03   8.58497e-05   5.54709e-07   5.43913e+00
  15  w_vw         1.43404e+01   constant   
  16  beta_vw      0.00000e+00     fixed    
  17  LM          -1.31878e-04   constant   
  18  zeta_y       0.00000e+00   constant   
  19  zeta_vw      0.00000e+00   constant   
  20  T_CBO        5.76966e+01   5.34561e+00   1.47879e-04   4.94595e-02
  21  alpha_A0    -2.70884e-03   8.08883e-04   5.50412e-04  -2.20503e-02
  22  beta_A0      1.21264e-03   7.26744e-04   4.88422e-04   4.43741e-02
  23  alpha_phi   -7.03141e-04   7.07403e-04   4.70316e-04  -6.05431e-03
  24  beta_phi     1.00000e-02   1.53318e-02   8.69886e-03** at limit **
 EXTERNAL ERROR MATRIX.    NDIM=  25    NPAR=  7    ERR DEF=1
  7.268e-09  1.826e-09 -7.661e-07 -1.462e-09 -2.441e-10 -1.017e-09  1.138e-14 
  1.826e-09  7.370e-09  3.841e-08 -4.959e-10  1.192e-09 -9.600e-10  1.013e-14 
 -7.661e-07  3.841e-08  2.858e+01  8.706e-04 -2.039e-04  4.456e-04  1.325e-06 
 -1.462e-09 -4.959e-10  8.706e-04  6.558e-07 -7.443e-10  2.395e-08  4.968e-11 
 -2.441e-10  1.192e-09 -2.039e-04 -7.443e-10  5.291e-07 -2.494e-08 -2.133e-11 
 -1.017e-09 -9.600e-10  4.456e-04  2.395e-08 -2.494e-08  5.013e-07  1.333e-11 
  1.138e-14  1.013e-14  1.325e-06  4.968e-11 -2.133e-11  1.333e-11  6.267e-12 
 PARAMETER  CORRELATION COEFFICIENTS  
       NO.  GLOBAL     13     14     20     21     22     23     24
       13  0.25073   1.000  0.249 -0.002 -0.021 -0.004 -0.017  0.000
       14  0.25054   0.249  1.000  0.000 -0.007  0.019 -0.016  0.000
       20  0.25152  -0.002  0.000  1.000  0.201 -0.052  0.118  0.099
       21  0.20326  -0.021 -0.007  0.201  1.000 -0.001  0.042  0.025
       22  0.07171  -0.004  0.019 -0.052 -0.001  1.000 -0.048 -0.012
       23  0.12815  -0.017 -0.016  0.118  0.042 -0.048  1.000  0.008
       24  0.09943   0.000  0.000  0.099  0.025 -0.012  0.008  1.000
MINUIT - FIT ALTOGETHER
 **********
 **   83 **RES 
