 + ++++++++++++++++++++++++++++++++++++++++++++++++++++++++++++++++++++ +
 +                                                                      +
 +           You have chose to blind your fitting according to          +
 +                omega_ref * (1 + (R +/- deltaR) *10^{-6})             +
 +                                                                      +
 + ++++++++++++++++++++++++++++++++++++++++++++++++++++++++++++++++++++ +
In main()...
reading format from /gm2data/zkhechad/run45/envelope/formats/formatB_sBin_constraintOn.txt
pBinTau 	= 0  
pBinPhi 	= 0  
constraintau 	= 1 
includeMopTerm 	= 0    
constrainMop    = 0   
Parameters after format file: pBinTau 0 pBinPhi 0 constraintau 1 includeMopTerm 0 constrainMop 0 c_e_scale 0.000000 
Opening file /gm2data/tbarrett/gm2fr/studies/run23_bunch_corrections/CorrectedFourier_Run3b.root.
reading full fit data from /gm2data/zkhechad/cboTemplates/Run4CBOTemplates/templateFits0_v2.0/noRF/sBin_constraintOn_cE0.0_seed0_noRF_calo21.root
windowBins = 69
fitting sliding window 998 from bin 1134 at 169.043600 to bin 1203 at 179.487600 (69 bins)

Reading data from /gm2data/cornell/histograms/aMethod/histogram_a_noRF.root
 **********
 **    1 **SET PRINTOUT            1
 **********
 **********
 **    2 **SET NOWARNINGS 
 **********
 PARAMETER DEFINITIONS:
    NO.   NAME         VALUE      STEP SIZE      LIMITS
     1 N0           2.83546e+06  1.00000e+02     no limits
     2 tau          6.43976e+01  constant
     3 A0           3.54104e-01  1.00000e-04     no limits
     4 phi          4.11635e+00  1.00000e-02     no limits
     5 R           -5.94693e+01  constant
     6 alpha_CBO    0.00000e+00  1.00000e-03     no limits
     7 w_CBO        2.32500e+00  constant
     8 beta_CBO     0.00000e+00  1.00000e-03     no limits
     9 alpha_2CBO   0.00000e+00  1.00000e-03     no limits
    10 beta_2CBO    0.00000e+00  1.00000e-03     no limits
    11 alpha_y      0.00000e+00  1.00000e-03     no limits
    12 w_y          1.44500e+01  constant
    13 beta_y       0.00000e+00  1.00000e-03     no limits
    14 alpha_vw     0.00000e+00  1.00000e-03     no limits
    15 w_vw         1.29000e+01  constant
    16 beta_vw      0.00000e+00  1.00000e-03     no limits
    17 LM          -2.20020e-04  constant
    18 zeta_y       0.00000e+00  constant
    19 zeta_vw      0.00000e+00  constant
    20 T_CBO        1.00000e+02  1.00000e+00    0.00000e+00  1.00000e+03
    21 alpha_A0     0.00000e+00  1.00000e-03     no limits
    22 beta_A0      0.00000e+00  1.00000e-03     no limits
    23 alpha_phi    0.00000e+00  1.00000e-03     no limits
    24 beta_phi     0.00000e+00  1.00000e-03     no limits
MINUIT - FIT ONLY WIGGLE
 **********
 **    3 **FIX            5
 **********
 PARAMETER    5  IS CONSTANT.   IGNORED.
 **********
 **    4 **FIX            6
 **********
 **********
 **    5 **FIX            7
 **********
 PARAMETER    7  IS CONSTANT.   IGNORED.
 **********
 **    6 **FIX            8
 **********
 **********
 **    7 **FIX            9
 **********
 **********
 **    8 **FIX           10
 **********
 **********
 **    9 **FIX           11
 **********
 **********
 **   10 **FIX           12
 **********
 PARAMETER   12  IS CONSTANT.   IGNORED.
 **********
 **   11 **FIX           13
 **********
 **********
 **   12 **FIX           14
 **********
 **********
 **   13 **FIX           15
 **********
 PARAMETER   15  IS CONSTANT.   IGNORED.
 **********
 **   14 **FIX           16
 **********
 **********
 **   15 **MIGRAD
 **********
 FIRST CALL TO USER FUNCTION AT NEW START POINT, WITH IFLAG=4.
 START MIGRAD MINIMIZATION.  STRATEGY  1.  CONVERGENCE WHEN EDM .LT. 1.00e-04
 FCN=493.486 FROM MIGRAD    STATUS=INITIATE      435 CALLS         436 TOTAL
                     EDM= unknown      STRATEGY= 1      NO ERROR MATRIX       
  EXT PARAMETER               CURRENT GUESS       STEP         FIRST   
  NO.   NAME      VALUE            ERROR          SIZE      DERIVATIVE 
   1  N0           2.83546e+06   1.00000e+02   0.00000e+00   1.02781e-02
   2  tau          6.43976e+01   constant   
   3  A0           3.54104e-01   1.00000e-04   0.00000e+00   1.89174e+04
   4  phi          4.11635e+00   1.00000e-02   0.00000e+00   7.30549e+03
   5  R           -5.94693e+01   constant   
   6  alpha_CBO    0.00000e+00     fixed    
   7  w_CBO        2.32500e+00   constant   
   8  beta_CBO     0.00000e+00     fixed    
   9  alpha_2CBO   0.00000e+00     fixed    
  10  beta_2CBO    0.00000e+00     fixed    
  11  alpha_y      0.00000e+00     fixed    
  12  w_y          1.44500e+01   constant   
  13  beta_y       0.00000e+00     fixed    
  14  alpha_vw     0.00000e+00     fixed    
  15  w_vw         1.29000e+01   constant   
  16  beta_vw      0.00000e+00     fixed    
  17  LM          -2.20020e-04   constant   
  18  zeta_y       0.00000e+00   constant   
  19  zeta_vw      0.00000e+00   constant   
  20  T_CBO        1.00000e+02   1.00000e+00   0.00000e+00   0.00000e+00
  21  alpha_A0     0.00000e+00   1.00000e-03   0.00000e+00   2.00662e+03
  22  beta_A0      0.00000e+00   1.00000e-03   0.00000e+00  -8.87671e+02
  23  alpha_phi    0.00000e+00   1.00000e-03   0.00000e+00   6.87378e+02
  24  beta_phi     0.00000e+00   1.00000e-03   0.00000e+00   7.13462e+01
 CALL LIMIT EXCEEDED IN MIGRAD.
 MIGRAD TERMINATED WITHOUT CONVERGENCE.
 FCN=448.078 FROM MIGRAD    STATUS=CALL LIMIT   1322 CALLS        1323 TOTAL
                     EDM=0.352403    STRATEGY= 1  ERROR MATRIX UNCERTAINTY   0.7 per cent
  EXT PARAMETER                APPROXIMATE        STEP         FIRST   
  NO.   NAME      VALUE            ERROR          SIZE      DERIVATIVE 
   1  N0           2.83484e+06   4.75011e+02  -6.97069e+00  -2.14610e-05
   2  tau          6.43976e+01   constant   
   3  A0           3.53568e-01   2.24293e-04  -1.98403e-05  -5.72252e+02
   4  phi          4.11494e+00   6.40571e-04  -1.20250e-05  -1.02231e+02
   5  R           -5.94693e+01   constant   
   6  alpha_CBO    0.00000e+00     fixed    
   7  w_CBO        2.32500e+00   constant   
   8  beta_CBO     0.00000e+00     fixed    
   9  alpha_2CBO   0.00000e+00     fixed    
  10  beta_2CBO    0.00000e+00     fixed    
  11  alpha_y      0.00000e+00     fixed    
  12  w_y          1.44500e+01   constant   
  13  beta_y       0.00000e+00     fixed    
  14  alpha_vw     0.00000e+00     fixed    
  15  w_vw         1.29000e+01   constant   
  16  beta_vw      0.00000e+00     fixed    
  17  LM          -2.20020e-04   constant   
  18  zeta_y       0.00000e+00   constant   
  19  zeta_vw      0.00000e+00   constant   
  20  T_CBO        3.79821e+01   1.07036e+01  -1.97607e-02  -3.21988e+01
  21  alpha_A0    -4.15756e-01   4.01236e-01  -1.41504e-01   1.61266e+00
  22  beta_A0      1.90541e-01   1.70497e-01   6.03394e-02  -4.23191e+00
  23  alpha_phi   -9.99034e-02   9.03782e-02  -3.17223e-02   4.68110e-01
  24  beta_phi    -3.20665e-02   3.50308e-02  -1.21403e-02  -1.10775e-02
 EXTERNAL ERROR MATRIX.    NDIM=  25    NPAR=  8    ERR DEF=1
  2.256e+05  6.713e-03 -5.136e-02  1.932e+02  7.895e+00 -3.384e+00  1.939e+00  1.226e+00 
  6.713e-03  5.031e-08  4.869e-09  1.543e-04  9.040e-06 -4.150e-06  1.669e-06  6.761e-07 
 -5.136e-02  4.869e-09  4.103e-07 -5.275e-05  5.828e-06 -2.639e-06  1.230e-06  2.413e-07 
  1.932e+02  1.543e-04 -5.275e-05  1.147e+02  4.275e+00 -1.817e+00  9.618e-01  3.683e-01 
  7.895e+00  9.040e-06  5.828e-06  4.275e+00  1.610e-01 -6.799e-02  3.619e-02  1.390e-02 
 -3.384e+00 -4.150e-06 -2.639e-06 -1.817e+00 -6.799e-02  2.907e-02 -1.527e-02 -5.835e-03 
  1.939e+00  1.669e-06  1.230e-06  9.618e-01  3.619e-02 -1.527e-02  8.168e-03  3.129e-03 
  1.226e+00  6.761e-07  2.413e-07  3.683e-01  1.390e-02 -5.835e-03  3.129e-03  1.227e-03 
ERR MATRIX APPROXIMATE
 PARAMETER  CORRELATION COEFFICIENTS  
       NO.  GLOBAL      1      3      4     20     21     22     23     24
        1  0.32276   1.000  0.063 -0.169  0.038  0.041 -0.042  0.045  0.074
        3  0.55921   0.063  1.000  0.034  0.064  0.100 -0.109  0.082  0.086
        4  0.45875  -0.169  0.034  1.000 -0.008  0.023 -0.024  0.021  0.011
       20  0.99793   0.038  0.064 -0.008  1.000  0.995 -0.995  0.994  0.982
       21  0.99906   0.041  0.100  0.023  0.995  1.000 -0.994  0.998  0.989
       22  0.99701  -0.042 -0.109 -0.024 -0.995 -0.994  1.000 -0.991 -0.977
       23  0.99820   0.045  0.082  0.021  0.994  0.998 -0.991  1.000  0.988
       24  0.99146   0.074  0.086  0.011  0.982  0.989 -0.977  0.988  1.000
 ERR MATRIX APPROXIMATE
MINUIT - FIT ONLY 1-CBO + wiggle
 **********
 **   16 **RES 
 **********
                   PARAMETER   16  beta_vw RESTORED TO VARIABLE.
                   PARAMETER   14  alpha_vw RESTORED TO VARIABLE.
                   PARAMETER   13  beta_y RESTORED TO VARIABLE.
                   PARAMETER   11  alpha_y RESTORED TO VARIABLE.
                   PARAMETER   10  beta_2CBO RESTORED TO VARIABLE.
                   PARAMETER    9  alpha_2CBO RESTORED TO VARIABLE.
                   PARAMETER    8  beta_CBO RESTORED TO VARIABLE.
                   PARAMETER    6  alpha_CBO RESTORED TO VARIABLE.
 **********
 **   17 **FIX            8
 **********
 **********
 **   18 **FIX            9
 **********
 **********
 **   19 **FIX           11
 **********
 **********
 **   20 **FIX           12
 **********
 PARAMETER   12  IS CONSTANT.   IGNORED.
 **********
 **   21 **FIX           14
 **********
 **********
 **   22 **FIX           15
 **********
 PARAMETER   15  IS CONSTANT.   IGNORED.
 **********
 **   23 **FIX           16
 **********
 **********
 **   24 **MIGRAD
 **********
 START MIGRAD MINIMIZATION.  STRATEGY  1.  CONVERGENCE WHEN EDM .LT. 1.00e-04
 FCN=448.078 FROM MIGRAD    STATUS=INITIATE       28 CALLS        1351 TOTAL
                     EDM= unknown      STRATEGY= 1      NO ERROR MATRIX       
  EXT PARAMETER               CURRENT GUESS       STEP         FIRST   
  NO.   NAME      VALUE            ERROR          SIZE      DERIVATIVE 
   1  N0           2.83484e+06   4.75011e+02  -6.97069e+00  -2.14610e-05
   2  tau          6.43976e+01   constant   
   3  A0           3.53568e-01   2.24293e-04  -1.98403e-05  -5.72252e+02
   4  phi          4.11494e+00   6.40571e-04  -1.20250e-05  -1.02231e+02
   5  R           -5.94693e+01   constant   
   6  alpha_CBO    0.00000e+00   1.00000e-03   1.00000e-03   1.41588e+05
   7  w_CBO        2.32500e+00   constant   
   8  beta_CBO     0.00000e+00     fixed    
   9  alpha_2CBO   0.00000e+00     fixed    
  10  beta_2CBO    0.00000e+00   1.00000e-03   1.00000e-03  -3.02843e+04
  11  alpha_y      0.00000e+00     fixed    
  12  w_y          1.44500e+01   constant   
  13  beta_y       0.00000e+00   1.00000e-03   1.00000e-03  -1.21796e+04
  14  alpha_vw     0.00000e+00     fixed    
  15  w_vw         1.29000e+01   constant   
  16  beta_vw      0.00000e+00     fixed    
  17  LM          -2.20020e-04   constant   
  18  zeta_y       0.00000e+00   constant   
  19  zeta_vw      0.00000e+00   constant   
  20  T_CBO        3.79821e+01   1.07036e+01  -1.97607e-02  -3.21993e+01
  21  alpha_A0    -4.15756e-01   4.01236e-01  -1.41504e-01   1.61266e+00
  22  beta_A0      1.90541e-01   1.70497e-01   6.03394e-02  -4.23191e+00
  23  alpha_phi   -9.99034e-02   9.03782e-02  -3.17223e-02   4.68110e-01
  24  beta_phi    -3.20665e-02   3.50308e-02  -1.21403e-02  -1.10775e-02
 CALL LIMIT EXCEEDED IN MIGRAD.
 MIGRAD TERMINATED WITHOUT CONVERGENCE.
 FCN=147.622 FROM MIGRAD    STATUS=CALL LIMIT   1918 CALLS        3241 TOTAL
                     EDM=0.00193603    STRATEGY= 1  ERROR MATRIX UNCERTAINTY   6.7 per cent
  EXT PARAMETER                APPROXIMATE        STEP         FIRST   
  NO.   NAME      VALUE            ERROR          SIZE      DERIVATIVE 
   1  N0           2.83486e+06   4.88817e+02  -1.25319e+00   3.90280e-05
   2  tau          6.43976e+01   constant   
   3  A0           3.53300e-01   2.22682e-04  -2.40303e-06  -9.66352e+01
   4  phi          4.11688e+00   6.46669e-04   2.53920e-06  -5.25315e+00
   5  R           -5.94693e+01   constant   
   6  alpha_CBO   -4.10375e-03   2.42734e-04  -1.62328e-06  -3.47091e+01
   7  w_CBO        2.32500e+00   constant   
   8  beta_CBO     0.00000e+00     fixed    
   9  alpha_2CBO   0.00000e+00     fixed    
  10  beta_2CBO    5.13230e-04   2.33088e-04   1.15511e-08  -3.57541e+01
  11  alpha_y      0.00000e+00     fixed    
  12  w_y          1.44500e+01   constant   
  13  beta_y       2.88829e-04   2.31102e-04  -7.37394e-08   7.54555e+00
  14  alpha_vw     0.00000e+00     fixed    
  15  w_vw         1.29000e+01   constant   
  16  beta_vw      0.00000e+00     fixed    
  17  LM          -2.20020e-04   constant   
  18  zeta_y       0.00000e+00   constant   
  19  zeta_vw      0.00000e+00   constant   
  20  T_CBO        1.60022e+01   3.74947e+00  -1.06380e-03  -2.04660e+01
  21  alpha_A0    -1.13252e+02   2.71649e+02  -9.70738e+00  -2.05235e-04
  22  beta_A0      1.13401e+02   2.63096e+02   9.40269e+00  -1.82314e-03
  23  alpha_phi   -6.72009e+01   1.53626e+02  -5.49054e+00   2.02413e-03
  24  beta_phi     4.81500e-01   2.29778e+01  -8.15038e-01  -5.39673e-03
 EXTERNAL ERROR MATRIX.    NDIM=  25    NPAR= 11    ERR DEF=1
  2.389e+05 
  6.625e-03  4.959e-08 
 -5.648e-02  1.328e-09  4.182e-07 
 -9.731e-04  3.942e-09 -2.772e-08  5.892e-08 
 -4.209e-03 -1.882e-09 -3.448e-09  4.407e-09  5.433e-08 
 -4.127e-04  3.487e-10 -1.498e-09  8.328e-10  2.090e-10  5.341e-08 
  1.981e+02  3.315e-05 -1.910e-04 -1.173e-05  1.884e-06  5.476e-06  1.406e+01 
  1.043e+04  4.699e-03 -1.246e-02  4.806e-04  9.944e-04  2.373e-04  1.014e+03  7.379e+04 
 -1.010e+04 -4.532e-03  1.207e-02 -4.557e-04 -9.727e-04 -2.351e-04 -9.822e+02 -7.147e+04  6.922e+04 
  5.906e+03  2.641e-03 -7.052e-03  2.636e-04  5.696e-04  1.383e-04  5.735e+02  4.173e+04 -4.042e+04  2.360e+04 
  8.906e+02  4.430e-04 -1.030e-03  8.031e-05  6.725e-05  4.060e-06  8.511e+01  6.222e+03 -6.026e+03  3.518e+03  5.280e+02 
ERR MATRIX APPROXIMATE
 PARAMETER  CORRELATION COEFFICIENTS  
       NO.  GLOBAL      1      3      4      6     10     13     20     21     22     23     24
        1  0.50219   1.000  0.061 -0.179 -0.008 -0.037 -0.004  0.108  0.079 -0.079  0.079  0.079
        3  0.50925   0.061  1.000  0.009  0.073 -0.036  0.007  0.040  0.078 -0.077  0.077  0.087
        4  0.27313  -0.179  0.009  1.000 -0.177 -0.023 -0.010 -0.079 -0.071  0.071 -0.071 -0.069
        6  0.31540  -0.008  0.073 -0.177  1.000  0.078  0.015 -0.013  0.007 -0.007  0.007  0.014
       10  0.32362  -0.037 -0.036 -0.023  0.078  1.000  0.004  0.002  0.016 -0.016  0.016  0.013
       13  0.05064  -0.004  0.007 -0.010  0.015  0.004  1.000  0.006  0.004 -0.004  0.004  0.001
       20  0.99839   0.108  0.040 -0.079 -0.013  0.002  0.006  1.000  0.995 -0.996  0.996  0.988
       21  1.00000   0.079  0.078 -0.071  0.007  0.016  0.004  0.995  1.000 -1.000  1.000  0.997
       22  1.00000  -0.079 -0.077  0.071 -0.007 -0.016 -0.004 -0.996 -1.000  1.000 -1.000 -0.997
       23  1.00000   0.079  0.077 -0.071  0.007  0.016  0.004  0.996  1.000 -1.000  1.000  0.997
       24  0.99979   0.079  0.087 -0.069  0.014  0.013  0.001  0.988  0.997 -0.997  0.997  1.000
 ERR MATRIX APPROXIMATE
MINUIT - FIT ONLY 2-CBO
 **********
 **   25 **RES 
 **********
                   PARAMETER   16  beta_vw RESTORED TO VARIABLE.
                   PARAMETER   14  alpha_vw RESTORED TO VARIABLE.
                   PARAMETER   11  alpha_y RESTORED TO VARIABLE.
                   PARAMETER    9  alpha_2CBO RESTORED TO VARIABLE.
                   PARAMETER    8  beta_CBO RESTORED TO VARIABLE.
 **********
 **   26 **FIX            0
 **********
 PARAMETER    0  IS UNDEFINED. IGNORED.
 **********
 **   27 **FIX            1
 **********
 **********
 **   28 **FIX            2
 **********
 PARAMETER    2  IS CONSTANT.   IGNORED.
 **********
 **   29 **FIX            3
 **********
 **********
 **   30 **FIX            4
 **********
 **********
 **   31 **FIX            5
 **********
 PARAMETER    5  IS CONSTANT.   IGNORED.
 **********
 **   32 **FIX            6
 **********
 **********
 **   33 **FIX            7
 **********
 PARAMETER    7  IS CONSTANT.   IGNORED.
 **********
 **   34 **FIX           10
 **********
 **********
 **   35 **FIX           11
 **********
 **********
 **   36 **FIX           12
 **********
 PARAMETER   12  IS CONSTANT.   IGNORED.
 **********
 **   37 **FIX           13
 **********
 **********
 **   38 **FIX           14
 **********
 **********
 **   39 **FIX           15
 **********
 PARAMETER   15  IS CONSTANT.   IGNORED.
 **********
 **   40 **FIX           16
 **********
 **********
 **   41 **MIGRAD
 **********
 START MIGRAD MINIMIZATION.  STRATEGY  1.  CONVERGENCE WHEN EDM .LT. 1.00e-04
 FCN=147.622 FROM MIGRAD    STATUS=INITIATE       18 CALLS        3259 TOTAL
                     EDM= unknown      STRATEGY= 1      NO ERROR MATRIX       
  EXT PARAMETER               CURRENT GUESS       STEP         FIRST   
  NO.   NAME      VALUE            ERROR          SIZE      DERIVATIVE 
   1  N0           2.83486e+06     fixed    
   2  tau          6.43976e+01   constant   
   3  A0           3.53300e-01     fixed    
   4  phi          4.11688e+00     fixed    
   5  R           -5.94693e+01   constant   
   6  alpha_CBO   -4.10375e-03     fixed    
   7  w_CBO        2.32500e+00   constant   
   8  beta_CBO     0.00000e+00   1.00000e-03   1.00000e-03  -7.22354e+04
   9  alpha_2CBO   0.00000e+00   1.00000e-03   1.00000e-03  -1.33297e+04
  10  beta_2CBO    5.13230e-04     fixed    
  11  alpha_y      0.00000e+00     fixed    
  12  w_y          1.44500e+01   constant   
  13  beta_y       2.88829e-04     fixed    
  14  alpha_vw     0.00000e+00     fixed    
  15  w_vw         1.29000e+01   constant   
  16  beta_vw      0.00000e+00     fixed    
  17  LM          -2.20020e-04   constant   
  18  zeta_y       0.00000e+00   constant   
  19  zeta_vw      0.00000e+00   constant   
  20  T_CBO        1.60022e+01   3.74947e+00  -1.06380e-03  -2.04661e+01
  21  alpha_A0    -1.13252e+02   2.71649e+02  -9.70738e+00  -2.05235e-04
  22  beta_A0      1.13401e+02   2.63096e+02   9.40269e+00  -1.82314e-03
  23  alpha_phi   -6.72009e+01   1.53626e+02  -5.49054e+00   2.02413e-03
  24  beta_phi     4.81500e-01   2.29778e+01  -8.15038e-01  -5.39673e-03
 CALL LIMIT EXCEEDED IN MIGRAD.
 MIGRAD TERMINATED WITHOUT CONVERGENCE.
 FCN=74.5831 FROM MIGRAD    STATUS=CALL LIMIT   1149 CALLS        4390 TOTAL
                     EDM=0.00145865    STRATEGY= 1  ERROR MATRIX UNCERTAINTY  21.8 per cent
  EXT PARAMETER                APPROXIMATE        STEP         FIRST   
  NO.   NAME      VALUE            ERROR          SIZE      DERIVATIVE 
   1  N0           2.83486e+06     fixed    
   2  tau          6.43976e+01   constant   
   3  A0           3.53300e-01     fixed    
   4  phi          4.11688e+00     fixed    
   5  R           -5.94693e+01   constant   
   6  alpha_CBO   -4.10375e-03     fixed    
   7  w_CBO        2.32500e+00   constant   
   8  beta_CBO     1.95760e-03   2.27962e-04   6.43546e-06   1.01663e+02
   9  alpha_2CBO   3.12268e-04   2.36906e-04  -1.37508e-07  -3.23466e+00
  10  beta_2CBO    5.13230e-04     fixed    
  11  alpha_y      0.00000e+00     fixed    
  12  w_y          1.44500e+01   constant   
  13  beta_y       2.88829e-04     fixed    
  14  alpha_vw     0.00000e+00     fixed    
  15  w_vw         1.29000e+01   constant   
  16  beta_vw      0.00000e+00     fixed    
  17  LM          -2.20020e-04   constant   
  18  zeta_y       0.00000e+00   constant   
  19  zeta_vw      0.00000e+00   constant   
  20  T_CBO        1.04008e+01   1.97343e+00  -7.65080e-04  -3.12951e+01
  21  alpha_A0    -4.30351e+04   1.23967e+05  -4.71187e+03   3.52334e-06
  22  beta_A0      1.10841e+04   3.17920e+04   1.20847e+03   1.00697e-05
  23  alpha_phi   -2.83760e+04   8.16335e+04  -3.10273e+03   4.97120e-06
  24  beta_phi     7.03471e+03   1.89074e+04   7.19357e+02  -6.96996e-06
 EXTERNAL ERROR MATRIX.    NDIM=  25    NPAR=  7    ERR DEF=1
  5.197e-08 -2.315e-09 -7.201e-05 -5.129e+00  1.313e+00 -3.378e+00  7.810e-01 
 -2.315e-09  5.612e-08 -1.302e-05 -9.605e-01  2.442e-01 -6.319e-01  1.445e-01 
 -7.201e-05 -1.302e-05  3.895e+00  2.438e+05 -6.253e+04  1.606e+05 -3.719e+04 
 -5.129e+00 -9.605e-01  2.438e+05  1.537e+10 -3.941e+09  1.012e+10 -2.344e+09 
  1.313e+00  2.442e-01 -6.253e+04 -3.941e+09  1.011e+09 -2.595e+09  6.011e+08 
 -3.378e+00 -6.319e-01  1.606e+05  1.012e+10 -2.595e+09  6.664e+09 -1.543e+09 
  7.810e-01  1.445e-01 -3.719e+04 -2.344e+09  6.011e+08 -1.543e+09  3.575e+08 
ERR MATRIX APPROXIMATE
 PARAMETER  CORRELATION COEFFICIENTS  
       NO.  GLOBAL      8      9     20     21     22     23     24
        8  0.34662   1.000 -0.043 -0.160 -0.181  0.181 -0.181  0.181
        9  0.18831  -0.043  1.000 -0.028 -0.033  0.032 -0.033  0.032
       20  0.99755  -0.160 -0.028  1.000  0.997 -0.997  0.997 -0.997
       21  1.00000  -0.181 -0.033  0.997  1.000 -1.000  1.000 -1.000
       22  1.00000   0.181  0.032 -0.997 -1.000  1.000 -1.000  1.000
       23  1.00000  -0.181 -0.033  0.997  1.000 -1.000  1.000 -1.000
       24  0.99999   0.181  0.032 -0.997 -1.000  1.000 -1.000  1.000
 ERR MATRIX APPROXIMATE
MINUIT - FIT wiggle + 1-CBO + 2-CBO
 **********
 **   42 **RES 
 **********
                   PARAMETER   16  beta_vw RESTORED TO VARIABLE.
                   PARAMETER   14  alpha_vw RESTORED TO VARIABLE.
                   PARAMETER   13  beta_y RESTORED TO VARIABLE.
                   PARAMETER   11  alpha_y RESTORED TO VARIABLE.
                   PARAMETER   10  beta_2CBO RESTORED TO VARIABLE.
                   PARAMETER    6  alpha_CBO RESTORED TO VARIABLE.
                   PARAMETER    4  phi RESTORED TO VARIABLE.
                   PARAMETER    3  A0 RESTORED TO VARIABLE.
                   PARAMETER    1  N0 RESTORED TO VARIABLE.
 **********
 **   43 **FIX           10
 **********
 **********
 **   44 **FIX           11
 **********
 **********
 **   45 **FIX           12
 **********
 PARAMETER   12  IS CONSTANT.   IGNORED.
 **********
 **   46 **FIX           13
 **********
 **********
 **   47 **FIX           14
 **********
 **********
 **   48 **FIX           15
 **********
 PARAMETER   15  IS CONSTANT.   IGNORED.
 **********
 **   49 **FIX           16
 **********
 **********
 **   50 **MIGRAD
 **********
 START MIGRAD MINIMIZATION.  STRATEGY  1.  CONVERGENCE WHEN EDM .LT. 1.00e-04
 FCN=74.5831 FROM MIGRAD    STATUS=INITIATE       22 CALLS        4412 TOTAL
                     EDM= unknown      STRATEGY= 1      NO ERROR MATRIX       
  EXT PARAMETER               CURRENT GUESS       STEP         FIRST   
  NO.   NAME      VALUE            ERROR          SIZE      DERIVATIVE 
   1  N0           2.83486e+06   4.88817e+02   4.88817e+02  -2.98709e-03
   2  tau          6.43976e+01   constant   
   3  A0           3.53300e-01   2.22682e-04   2.22682e-04  -1.69130e+04
   4  phi          4.11688e+00   6.46669e-04   6.46669e-04  -8.91458e+02
   5  R           -5.94693e+01   constant   
   6  alpha_CBO   -4.10375e-03   2.42734e-04   2.42734e-04   2.40534e+03
   7  w_CBO        2.32500e+00   constant   
   8  beta_CBO     1.95760e-03   2.27962e-04   6.43546e-06   1.01663e+02
   9  alpha_2CBO   3.12268e-04   2.36906e-04  -1.37508e-07  -3.23466e+00
  10  beta_2CBO    5.13230e-04     fixed    
  11  alpha_y      0.00000e+00     fixed    
  12  w_y          1.44500e+01   constant   
  13  beta_y       2.88829e-04     fixed    
  14  alpha_vw     0.00000e+00     fixed    
  15  w_vw         1.29000e+01   constant   
  16  beta_vw      0.00000e+00     fixed    
  17  LM          -2.20020e-04   constant   
  18  zeta_y       0.00000e+00   constant   
  19  zeta_vw      0.00000e+00   constant   
  20  T_CBO        1.04008e+01   1.97343e+00  -7.65080e-04  -3.12951e+01
  21  alpha_A0    -4.30351e+04   1.23967e+05  -4.71187e+03   3.52334e-06
  22  beta_A0      1.10841e+04   3.17920e+04   1.20847e+03   1.00697e-05
  23  alpha_phi   -2.83760e+04   8.16335e+04  -3.10273e+03   4.97120e-06
  24  beta_phi     7.03471e+03   1.89074e+04   7.19357e+02  -6.96996e-06
 CALL LIMIT EXCEEDED IN MIGRAD.
 MIGRAD TERMINATED WITHOUT CONVERGENCE.
 FCN=69.5643 FROM MIGRAD    STATUS=CALL LIMIT   1921 CALLS        6311 TOTAL
                     EDM=0.0158646    STRATEGY= 1  ERROR MATRIX UNCERTAINTY  29.8 per cent
  EXT PARAMETER                APPROXIMATE        STEP         FIRST   
  NO.   NAME      VALUE            ERROR          SIZE      DERIVATIVE 
   1  N0           2.83521e+06   4.74536e+02  -1.73666e+00   3.45135e-05
   2  tau          6.43976e+01   constant   
   3  A0           3.53807e-01   2.13659e-04   1.62344e-06  -6.98799e+01
   4  phi          4.11703e+00   6.35798e-04  -6.54652e-07  -2.14531e-01
   5  R           -5.94693e+01   constant   
   6  alpha_CBO   -4.16855e-03   2.31825e-04  -6.66043e-08   3.07391e+01
   7  w_CBO        2.32500e+00   constant   
   8  beta_CBO     2.10658e-03   2.27596e-04   1.16710e-06   8.54407e+00
   9  alpha_2CBO   2.93478e-04   2.27046e-04  -4.95306e-08   1.26056e+01
  10  beta_2CBO    5.13230e-04     fixed    
  11  alpha_y      0.00000e+00     fixed    
  12  w_y          1.44500e+01   constant   
  13  beta_y       2.88829e-04     fixed    
  14  alpha_vw     0.00000e+00     fixed    
  15  w_vw         1.29000e+01   constant   
  16  beta_vw      0.00000e+00     fixed    
  17  LM          -2.20020e-04   constant   
  18  zeta_y       0.00000e+00   constant   
  19  zeta_vw      0.00000e+00   constant   
  20  T_CBO        1.46620e+01   2.48047e+00   6.15131e-04  -7.65333e+00
  21  alpha_A0    -3.14751e+02   7.60254e+02   1.86786e+01   3.03592e-04
  22  beta_A0      5.59534e+01   2.60716e+02  -7.26209e+00  -1.93286e-04
  23  alpha_phi   -2.95256e+02   5.69013e+02   1.06708e+01  -3.54889e-04
  24  beta_phi     6.28158e+01   2.51583e+02  -3.39432e+00  -4.24953e-04
 EXTERNAL ERROR MATRIX.    NDIM=  25    NPAR= 11    ERR DEF=1
  2.252e+05 
  1.768e-02  4.565e-08 
 -5.022e-02  4.960e-09  4.042e-07 
 -4.013e-03  4.015e-09 -2.225e-08  5.374e-08 
  1.092e-02  1.084e-08  1.147e-08 -1.353e-09  5.180e-08 
  3.948e-03 -1.052e-10  1.202e-08 -6.143e-09 -7.640e-10  5.155e-08 
 -9.141e+01  8.574e-05  8.149e-06  1.409e-06  4.014e-05  1.051e-05  6.154e+00 
 -3.446e+04  2.690e-02  7.772e-03 -3.934e-03  1.221e-02 -2.656e-03  1.844e+03  5.780e+05 
  6.616e+03 -9.141e-03  8.574e-03 -2.081e-03 -1.264e-02 -2.357e-03 -3.812e+02 -1.144e+05  6.797e+04 
 -2.163e+04  1.512e-02  7.663e-03  2.552e-03  9.050e-03  5.158e-03  1.364e+03  4.143e+05 -9.905e+04  3.238e+05 
  1.984e+04 -7.053e-03 -1.245e-02 -1.444e-03  1.599e-03 -5.552e-03 -5.099e+02 -1.421e+05  2.179e+04 -1.167e+05  6.329e+04 
ERR MATRIX APPROXIMATE
 PARAMETER  CORRELATION COEFFICIENTS  
       NO.  GLOBAL      1      3      4      6      8      9     20     21     22     23     24
        1  0.50825   1.000  0.174 -0.166 -0.036  0.101  0.037 -0.078 -0.096  0.053 -0.080  0.166
        3  0.50936   0.174  1.000  0.037  0.081  0.223 -0.002  0.162  0.166 -0.164  0.124 -0.131
        4  0.31379  -0.166  0.037  1.000 -0.151  0.079  0.083  0.005  0.016  0.052  0.021 -0.078
        6  0.32510  -0.036  0.081 -0.151  1.000 -0.026 -0.117  0.002 -0.022 -0.034  0.019 -0.025
        8  0.34111   0.101  0.223  0.079 -0.026  1.000 -0.015  0.071  0.071 -0.213  0.070  0.028
        9  0.26757   0.037 -0.002  0.083 -0.117 -0.015  1.000  0.019 -0.015 -0.040  0.040 -0.097
       20  0.98996  -0.078  0.162  0.005  0.002  0.071  0.019  1.000  0.978 -0.589  0.966 -0.817
       21  0.99125  -0.096  0.166  0.016 -0.022  0.071 -0.015  0.978  1.000 -0.577  0.958 -0.743
       22  0.87064   0.053 -0.164  0.052 -0.034 -0.213 -0.040 -0.589 -0.577  1.000 -0.668  0.332
       23  0.98832  -0.080  0.124  0.021  0.019  0.070  0.040  0.966  0.958 -0.668  1.000 -0.815
       24  0.94429   0.166 -0.131 -0.078 -0.025  0.028 -0.097 -0.817 -0.743  0.332 -0.815  1.000
 ERR MATRIX APPROXIMATE
MINUIT - FIT ONLY 1-y
 **********
 **   51 **RES 
 **********
                   PARAMETER   16  beta_vw RESTORED TO VARIABLE.
                   PARAMETER   14  alpha_vw RESTORED TO VARIABLE.
                   PARAMETER   13  beta_y RESTORED TO VARIABLE.
                   PARAMETER   11  alpha_y RESTORED TO VARIABLE.
                   PARAMETER   10  beta_2CBO RESTORED TO VARIABLE.
 **********
 **   52 **FIX            0
 **********
 PARAMETER    0  IS UNDEFINED. IGNORED.
 **********
 **   53 **FIX            1
 **********
 **********
 **   54 **FIX            2
 **********
 PARAMETER    2  IS CONSTANT.   IGNORED.
 **********
 **   55 **FIX            3
 **********
 **********
 **   56 **FIX            4
 **********
 **********
 **   57 **FIX            5
 **********
 PARAMETER    5  IS CONSTANT.   IGNORED.
 **********
 **   58 **FIX            6
 **********
 **********
 **   59 **FIX            7
 **********
 PARAMETER    7  IS CONSTANT.   IGNORED.
 **********
 **   60 **FIX            8
 **********
 **********
 **   61 **FIX            9
 **********
 **********
 **   62 **FIX           13
 **********
 **********
 **   63 **FIX           14
 **********
 **********
 **   64 **FIX           15
 **********
 PARAMETER   15  IS CONSTANT.   IGNORED.
 **********
 **   65 **FIX           16
 **********
 **********
 **   66 **MIGRAD
 **********
 START MIGRAD MINIMIZATION.  STRATEGY  1.  CONVERGENCE WHEN EDM .LT. 1.00e-04
 FCN=69.5643 FROM MIGRAD    STATUS=INITIATE       16 CALLS        6327 TOTAL
                     EDM= unknown      STRATEGY= 1      NO ERROR MATRIX       
  EXT PARAMETER               CURRENT GUESS       STEP         FIRST   
  NO.   NAME      VALUE            ERROR          SIZE      DERIVATIVE 
   1  N0           2.83521e+06     fixed    
   2  tau          6.43976e+01   constant   
   3  A0           3.53807e-01     fixed    
   4  phi          4.11703e+00     fixed    
   5  R           -5.94693e+01   constant   
   6  alpha_CBO   -4.16855e-03     fixed    
   7  w_CBO        2.32500e+00   constant   
   8  beta_CBO     2.10658e-03     fixed    
   9  alpha_2CBO   2.93478e-04     fixed    
  10  beta_2CBO    5.13230e-04   2.33088e-04   2.33088e-04   2.13349e+03
  11  alpha_y      0.00000e+00   1.00000e-03   1.00000e-03   1.17380e+04
  12  w_y          1.44500e+01   constant   
  13  beta_y       2.88829e-04     fixed    
  14  alpha_vw     0.00000e+00     fixed    
  15  w_vw         1.29000e+01   constant   
  16  beta_vw      0.00000e+00     fixed    
  17  LM          -2.20020e-04   constant   
  18  zeta_y       0.00000e+00   constant   
  19  zeta_vw      0.00000e+00   constant   
  20  T_CBO        1.46620e+01   2.48047e+00   6.15131e-04  -7.65335e+00
  21  alpha_A0    -3.14751e+02   7.60254e+02   1.86786e+01   3.03592e-04
  22  beta_A0      5.59534e+01   2.60716e+02  -7.26209e+00  -1.93286e-04
  23  alpha_phi   -2.95256e+02   5.69013e+02   1.06708e+01  -3.54889e-04
  24  beta_phi     6.28158e+01   2.51583e+02  -3.39432e+00  -4.24953e-04
 CALL LIMIT EXCEEDED IN MIGRAD.
 MIGRAD TERMINATED WITHOUT CONVERGENCE.
 FCN=67.5408 FROM MIGRAD    STATUS=CALL LIMIT   1149 CALLS        7460 TOTAL
                     EDM=0.00202172    STRATEGY= 1  ERROR MATRIX UNCERTAINTY  13.3 per cent
  EXT PARAMETER                APPROXIMATE        STEP         FIRST   
  NO.   NAME      VALUE            ERROR          SIZE      DERIVATIVE 
   1  N0           2.83521e+06     fixed    
   2  tau          6.43976e+01   constant   
   3  A0           3.53807e-01     fixed    
   4  phi          4.11703e+00     fixed    
   5  R           -5.94693e+01   constant   
   6  alpha_CBO   -4.16855e-03     fixed    
   7  w_CBO        2.32500e+00   constant   
   8  beta_CBO     2.10658e-03     fixed    
   9  alpha_2CBO   2.93478e-04     fixed    
  10  beta_2CBO    4.62245e-04   2.31940e-04   2.10800e-07  -3.77343e+01
  11  alpha_y     -3.11785e-04   2.30896e-04   7.75675e-08  -4.17975e+00
  12  w_y          1.44500e+01   constant   
  13  beta_y       2.88829e-04     fixed    
  14  alpha_vw     0.00000e+00     fixed    
  15  w_vw         1.29000e+01   constant   
  16  beta_vw      0.00000e+00     fixed    
  17  LM          -2.20020e-04   constant   
  18  zeta_y       0.00000e+00   constant   
  19  zeta_vw      0.00000e+00   constant   
  20  T_CBO        2.10874e+01   6.72075e+00   9.55541e-04  -1.43314e+01
  21  alpha_A0    -8.64795e+00   2.55215e+01   5.06869e-01   1.34822e-02
  22  beta_A0      1.74872e+00   6.18502e+00  -1.39784e-01   2.79932e-03
  23  alpha_phi   -8.24186e+00   2.48553e+01   4.45175e-01   1.16668e-02
  24  beta_phi     1.90583e+00   6.00306e+00  -1.78003e-01  -1.19534e-02
 EXTERNAL ERROR MATRIX.    NDIM=  25    NPAR=  7    ERR DEF=1
  5.380e-08 -6.298e-10  3.246e-05  1.736e-04 -1.262e-04  2.960e-04  2.882e-05 
 -6.298e-10  5.331e-08  1.274e-05  5.646e-05 -1.044e-05  6.474e-05  3.489e-06 
  3.246e-05  1.274e-05  4.520e+01  1.701e+02 -3.300e+01  1.649e+02 -3.220e+01 
  1.736e-04  5.646e-05  1.701e+02  6.513e+02 -1.241e+02  6.168e+02 -1.153e+02 
 -1.262e-04 -1.044e-05 -3.300e+01 -1.241e+02  3.825e+01 -1.227e+02  2.287e+01 
  2.960e-04  6.474e-05  1.649e+02  6.168e+02 -1.227e+02  6.178e+02 -1.111e+02 
  2.882e-05  3.489e-06 -3.220e+01 -1.153e+02  2.287e+01 -1.111e+02  3.604e+01 
ERR MATRIX APPROXIMATE
 PARAMETER  CORRELATION COEFFICIENTS  
       NO.  GLOBAL     10     11     20     21     22     23     24
       10  0.28929   1.000 -0.012  0.021  0.029 -0.088  0.051  0.021
       11  0.03455  -0.012  1.000  0.008  0.010 -0.007  0.011  0.003
       20  0.99877   0.021  0.008  1.000  0.991 -0.794  0.987 -0.798
       21  0.99609   0.029  0.010  0.991  1.000 -0.786  0.972 -0.752
       22  0.80162  -0.088 -0.007 -0.794 -0.786  1.000 -0.798  0.616
       23  0.99425   0.051  0.011  0.987  0.972 -0.798  1.000 -0.744
       24  0.92562   0.021  0.003 -0.798 -0.752  0.616 -0.744  1.000
 ERR MATRIX APPROXIMATE
MINUIT - FIT ONLY 2-y
 **********
 **   67 **RES 
 **********
                   PARAMETER   16  beta_vw RESTORED TO VARIABLE.
                   PARAMETER   14  alpha_vw RESTORED TO VARIABLE.
                   PARAMETER   13  beta_y RESTORED TO VARIABLE.
                   PARAMETER    9  alpha_2CBO RESTORED TO VARIABLE.
                   PARAMETER    8  beta_CBO RESTORED TO VARIABLE.
                   PARAMETER    6  alpha_CBO RESTORED TO VARIABLE.
                   PARAMETER    4  phi RESTORED TO VARIABLE.
                   PARAMETER    3  A0 RESTORED TO VARIABLE.
                   PARAMETER    1  N0 RESTORED TO VARIABLE.
 **********
 **   68 **FIX            0
 **********
 PARAMETER    0  IS UNDEFINED. IGNORED.
 **********
 **   69 **FIX            1
 **********
 **********
 **   70 **FIX            2
 **********
 PARAMETER    2  IS CONSTANT.   IGNORED.
 **********
 **   71 **FIX            3
 **********
 **********
 **   72 **FIX            4
 **********
 **********
 **   73 **FIX            5
 **********
 PARAMETER    5  IS CONSTANT.   IGNORED.
 **********
 **   74 **FIX            6
 **********
 **********
 **   75 **FIX            7
 **********
 PARAMETER    7  IS CONSTANT.   IGNORED.
 **********
 **   76 **FIX            8
 **********
 **********
 **   77 **FIX            9
 **********
 **********
 **   78 **FIX           10
 **********
 **********
 **   79 **FIX           11
 **********
 **********
 **   80 **FIX           12
 **********
 PARAMETER   12  IS CONSTANT.   IGNORED.
 **********
 **   81 **FIX           16
 **********
 **********
 **   82 **MIGRAD
 **********
 START MIGRAD MINIMIZATION.  STRATEGY  1.  CONVERGENCE WHEN EDM .LT. 1.00e-04
 FCN=67.5408 FROM MIGRAD    STATUS=INITIATE       16 CALLS        7476 TOTAL
                     EDM= unknown      STRATEGY= 1      NO ERROR MATRIX       
  EXT PARAMETER               CURRENT GUESS       STEP         FIRST   
  NO.   NAME      VALUE            ERROR          SIZE      DERIVATIVE 
   1  N0           2.83521e+06     fixed    
   2  tau          6.43976e+01   constant   
   3  A0           3.53807e-01     fixed    
   4  phi          4.11703e+00     fixed    
   5  R           -5.94693e+01   constant   
   6  alpha_CBO   -4.16855e-03     fixed    
   7  w_CBO        2.32500e+00   constant   
   8  beta_CBO     2.10658e-03     fixed    
   9  alpha_2CBO   2.93478e-04     fixed    
  10  beta_2CBO    4.62245e-04     fixed    
  11  alpha_y     -3.11785e-04     fixed    
  12  w_y          1.44500e+01   constant   
  13  beta_y       2.88829e-04   2.31102e-04   2.31102e-04   3.03863e+02
  14  alpha_vw     0.00000e+00   1.00000e-03   1.00000e-03   5.60131e+03
  15  w_vw         1.29000e+01   constant   
  16  beta_vw      0.00000e+00     fixed    
  17  LM          -2.20020e-04   constant   
  18  zeta_y       0.00000e+00   constant   
  19  zeta_vw      0.00000e+00   constant   
  20  T_CBO        2.10874e+01   6.72075e+00   9.55541e-04  -1.43314e+01
  21  alpha_A0    -8.64795e+00   2.55215e+01   5.06869e-01   1.34822e-02
  22  beta_A0      1.74872e+00   6.18502e+00  -1.39784e-01   2.79932e-03
  23  alpha_phi   -8.24186e+00   2.48553e+01   4.45175e-01   1.16668e-02
  24  beta_phi     1.90583e+00   6.00306e+00  -1.78003e-01  -1.19534e-02
 CALL LIMIT EXCEEDED IN MIGRAD.
 MIGRAD TERMINATED WITHOUT CONVERGENCE.
 FCN=67.0486 FROM MIGRAD    STATUS=CALL LIMIT   1152 CALLS        8612 TOTAL
                     EDM=0.000719068    STRATEGY= 1  ERROR MATRIX UNCERTAINTY  17.6 per cent
  EXT PARAMETER                APPROXIMATE        STEP         FIRST   
  NO.   NAME      VALUE            ERROR          SIZE      DERIVATIVE 
   1  N0           2.83521e+06     fixed    
   2  tau          6.43976e+01   constant   
   3  A0           3.53807e-01     fixed    
   4  phi          4.11703e+00     fixed    
   5  R           -5.94693e+01   constant   
   6  alpha_CBO   -4.16855e-03     fixed    
   7  w_CBO        2.32500e+00   constant   
   8  beta_CBO     2.10658e-03     fixed    
   9  alpha_2CBO   2.93478e-04     fixed    
  10  beta_2CBO    4.62245e-04     fixed    
  11  alpha_y     -3.11785e-04     fixed    
  12  w_y          1.44500e+01   constant   
  13  beta_y       2.60847e-04   2.24546e-04   4.38526e-07   6.04454e-01
  14  alpha_vw    -1.53766e-04   2.33633e-04   1.95297e-08   2.23100e+00
  15  w_vw         1.29000e+01   constant   
  16  beta_vw      0.00000e+00     fixed    
  17  LM          -2.20020e-04   constant   
  18  zeta_y       0.00000e+00   constant   
  19  zeta_vw      0.00000e+00   constant   
  20  T_CBO        3.29524e+01   2.34380e+01   2.18791e-03  -3.31856e+00
  21  alpha_A0    -4.44855e-01   1.83720e+00   3.09352e-02   1.77370e-01
  22  beta_A0      9.51888e-02   4.13424e-01  -6.87347e-03   5.64441e-02
  23  alpha_phi   -4.27895e-01   1.73131e+00   2.99382e-02   8.08443e-02
  24  beta_phi     1.13186e-01   4.68633e-01  -6.77324e-03   3.88439e-02
 EXTERNAL ERROR MATRIX.    NDIM=  25    NPAR=  7    ERR DEF=1
  5.042e-08  7.542e-09  2.027e-04  1.516e-05 -4.277e-06  1.347e-05 -3.350e-06 
  7.542e-09  5.458e-08  2.407e-05  1.919e-06 -1.018e-06  5.619e-07 -1.711e-07 
  2.027e-04  2.407e-05  5.525e+02  4.304e+01 -8.569e+00  4.042e+01 -1.002e+01 
  1.516e-05  1.919e-06  4.304e+01  3.375e+00 -6.737e-01  3.131e+00 -7.875e-01 
 -4.277e-06 -1.018e-06 -8.569e+00 -6.737e-01  1.709e-01 -6.201e-01  1.563e-01 
  1.347e-05  5.619e-07  4.042e+01  3.131e+00 -6.201e-01  2.997e+00 -7.266e-01 
 -3.350e-06 -1.711e-07 -1.002e+01 -7.875e-01  1.563e-01 -7.266e-01  2.196e-01 
ERR MATRIX APPROXIMATE
 PARAMETER  CORRELATION COEFFICIENTS  
       NO.  GLOBAL     13     14     20     21     22     23     24
       13  0.15817   1.000  0.144  0.038  0.037 -0.046  0.035 -0.032
       14  0.14602   0.144  1.000  0.004  0.004 -0.011  0.001 -0.002
       20  0.99894   0.038  0.004  1.000  0.997 -0.882  0.993 -0.910
       21  0.99770   0.037  0.004  0.997  1.000 -0.887  0.985 -0.915
       22  0.88811  -0.046 -0.011 -0.882 -0.887  1.000 -0.866  0.807
       23  0.99532   0.035  0.001  0.993  0.985 -0.866  1.000 -0.896
