 + ++++++++++++++++++++++++++++++++++++++++++++++++++++++++++++++++++++ +
 +                                                                      +
 +           You have chose to blind your fitting according to          +
 +                omega_ref * (1 + (R +/- deltaR) *10^{-6})             +
 +                                                                      +
 + ++++++++++++++++++++++++++++++++++++++++++++++++++++++++++++++++++++ +
In main()...
reading format from /gm2data/zkhechad/run45/envelope/formats/formatB_sBin_constraintOn.txt
pBinTau 	= 0  
pBinPhi 	= 0  
constraintau 	= 1 
includeMopTerm 	= 0    
constrainMop    = 0   
Parameters after format file: pBinTau 0 pBinPhi 0 constraintau 1 includeMopTerm 0 constrainMop 0 c_e_scale 0.000000 
Opening file /gm2data/tbarrett/gm2fr/studies/run23_bunch_corrections/CorrectedFourier_Run3b.root.
reading full fit data from /gm2data/zkhechad/cboTemplates/Run4CBOTemplates/templateFits0_v2.0/noRF/sBin_constraintOn_cE0.0_seed0_noRF_calo21.root
windowBins = 17
fitting sliding window 252 from bin 388 at 57.740400 to bin 405 at 60.426000 (17 bins)

Reading data from /gm2data/cornell/histograms/aMethod/histogram_a_noRF.root
 **********
 **    1 **SET PRINTOUT            1
 **********
 **********
 **    2 **SET NOWARNINGS 
 **********
 PARAMETER DEFINITIONS:
    NO.   NAME         VALUE      STEP SIZE      LIMITS
     1 N0           2.83546e+06  1.00000e+02     no limits
     2 tau          6.43976e+01  constant
     3 A0           3.54104e-01  1.00000e-04     no limits
     4 phi          4.11635e+00  1.00000e-02     no limits
     5 R           -5.94693e+01  constant
     6 alpha_CBO    0.00000e+00  1.00000e-03     no limits
     7 w_CBO        2.32500e+00  constant
     8 beta_CBO     0.00000e+00  1.00000e-03     no limits
     9 alpha_2CBO   0.00000e+00  1.00000e-03     no limits
    10 beta_2CBO    0.00000e+00  1.00000e-03     no limits
    11 alpha_y      0.00000e+00  1.00000e-03     no limits
    12 w_y          1.44500e+01  constant
    13 beta_y       0.00000e+00  1.00000e-03     no limits
    14 alpha_vw     0.00000e+00  1.00000e-03     no limits
    15 w_vw         1.29000e+01  constant
    16 beta_vw      0.00000e+00  1.00000e-03     no limits
    17 LM          -2.20020e-04  constant
    18 zeta_y       0.00000e+00  constant
    19 zeta_vw      0.00000e+00  constant
    20 T_CBO        1.00000e+02  1.00000e+00    0.00000e+00  1.00000e+03
    21 alpha_A0     0.00000e+00  1.00000e-03     no limits
    22 beta_A0      0.00000e+00  1.00000e-03     no limits
    23 alpha_phi    0.00000e+00  1.00000e-03     no limits
    24 beta_phi     0.00000e+00  1.00000e-03     no limits
MINUIT - FIT ONLY WIGGLE
 **********
 **    3 **FIX            5
 **********
 PARAMETER    5  IS CONSTANT.   IGNORED.
 **********
 **    4 **FIX            6
 **********
 **********
 **    5 **FIX            7
 **********
 PARAMETER    7  IS CONSTANT.   IGNORED.
 **********
 **    6 **FIX            8
 **********
 **********
 **    7 **FIX            9
 **********
 **********
 **    8 **FIX           10
 **********
 **********
 **    9 **FIX           11
 **********
 **********
 **   10 **FIX           12
 **********
 PARAMETER   12  IS CONSTANT.   IGNORED.
 **********
 **   11 **FIX           13
 **********
 **********
 **   12 **FIX           14
 **********
 **********
 **   13 **FIX           15
 **********
 PARAMETER   15  IS CONSTANT.   IGNORED.
 **********
 **   14 **FIX           16
 **********
 **********
 **   15 **MIGRAD
 **********
 FIRST CALL TO USER FUNCTION AT NEW START POINT, WITH IFLAG=4.
 START MIGRAD MINIMIZATION.  STRATEGY  1.  CONVERGENCE WHEN EDM .LT. 1.00e-04
 FCN=2036.03 FROM MIGRAD    STATUS=INITIATE      431 CALLS         432 TOTAL
                     EDM= unknown      STRATEGY= 1      NO ERROR MATRIX       
  EXT PARAMETER               CURRENT GUESS       STEP         FIRST   
  NO.   NAME      VALUE            ERROR          SIZE      DERIVATIVE 
   1  N0           2.83546e+06   1.00000e+02   0.00000e+00   8.75447e-02
   2  tau          6.43976e+01   constant   
   3  A0           3.54104e-01   1.00000e-04   0.00000e+00   3.62380e+05
   4  phi          4.11635e+00   1.00000e-02   0.00000e+00   1.01853e+04
   5  R           -5.94693e+01   constant   
   6  alpha_CBO    0.00000e+00     fixed    
   7  w_CBO        2.32500e+00   constant   
   8  beta_CBO     0.00000e+00     fixed    
   9  alpha_2CBO   0.00000e+00     fixed    
  10  beta_2CBO    0.00000e+00     fixed    
  11  alpha_y      0.00000e+00     fixed    
  12  w_y          1.44500e+01   constant   
  13  beta_y       0.00000e+00     fixed    
  14  alpha_vw     0.00000e+00     fixed    
  15  w_vw         1.29000e+01   constant   
  16  beta_vw      0.00000e+00     fixed    
  17  LM          -2.20020e-04   constant   
  18  zeta_y       0.00000e+00   constant   
  19  zeta_vw      0.00000e+00   constant   
  20  T_CBO        1.00000e+02   1.00000e+00   0.00000e+00   0.00000e+00
  21  alpha_A0     0.00000e+00   1.00000e-03   0.00000e+00  -4.10432e+04
  22  beta_A0      0.00000e+00   1.00000e-03   0.00000e+00   1.44245e+04
  23  alpha_phi    0.00000e+00   1.00000e-03   0.00000e+00   2.36152e+04
  24  beta_phi     0.00000e+00   1.00000e-03   0.00000e+00  -5.67475e+03
 MIGRAD MINIMIZATION HAS CONVERGED.
 MIGRAD WILL VERIFY CONVERGENCE AND ERROR MATRIX.
 COVARIANCE MATRIX CALCULATED SUCCESSFULLY
 FCN=115.624 FROM HESSE     STATUS=OK             61 CALLS        1368 TOTAL
                     EDM=0.000280169    STRATEGY= 1      ERROR MATRIX ACCURATE 
  EXT PARAMETER                                   STEP         FIRST   
  NO.   NAME      VALUE            ERROR          SIZE      DERIVATIVE 
   1  N0           2.76368e+06   1.52131e+04   1.87633e+00   1.06642e-06
   2  tau          6.43976e+01   constant   
   3  A0           3.34165e-01   2.25097e-03   9.99111e-07   1.39521e+00
   4  phi          4.14790e+00   1.16894e-02   3.59211e-06  -1.96018e-01
   5  R           -5.94693e+01   constant   
   6  alpha_CBO    0.00000e+00     fixed    
   7  w_CBO        2.32500e+00   constant   
   8  beta_CBO     0.00000e+00     fixed    
   9  alpha_2CBO   0.00000e+00     fixed    
  10  beta_2CBO    0.00000e+00     fixed    
  11  alpha_y      0.00000e+00     fixed    
  12  w_y          1.44500e+01   constant   
  13  beta_y       0.00000e+00     fixed    
  14  alpha_vw     0.00000e+00     fixed    
  15  w_vw         1.29000e+01   constant   
  16  beta_vw      0.00000e+00     fixed    
  17  LM          -2.20020e-04   constant   
  18  zeta_y       0.00000e+00   constant   
  19  zeta_vw      0.00000e+00   constant   
  20  T_CBO        3.19099e+02   6.13618e+02   7.87625e-05   9.97573e-03
  21  alpha_A0    -1.26030e-02   1.67651e-02   6.21994e-06   2.31759e-01
  22  beta_A0      1.92287e-01   1.12083e-01   5.99604e-06   7.03389e-01
  23  alpha_phi    1.63459e-01   9.54205e-02   4.81941e-06  -2.42824e-01
  24  beta_phi     4.05944e-02   2.30249e-02   5.76441e-06   2.63289e-01
 CALL LIMIT EXCEEDED IN MIGRAD.
 MIGRAD TERMINATED WITHOUT CONVERGENCE.
 FCN=115.624 FROM MIGRAD    STATUS=CALL LIMIT   1367 CALLS        1368 TOTAL
                     EDM=0.000280169    STRATEGY= 1      ERR MATRIX APPROXIMATE
  EXT PARAMETER                APPROXIMATE        STEP         FIRST   
  NO.   NAME      VALUE            ERROR          SIZE      DERIVATIVE 
   1  N0           2.76368e+06   1.52131e+04   1.87633e+00   1.06642e-06
   2  tau          6.43976e+01   constant   
   3  A0           3.34165e-01   2.25097e-03   9.99111e-07   1.39521e+00
   4  phi          4.14790e+00   1.16894e-02   3.59211e-06  -1.96018e-01
   5  R           -5.94693e+01   constant   
   6  alpha_CBO    0.00000e+00     fixed    
   7  w_CBO        2.32500e+00   constant   
   8  beta_CBO     0.00000e+00     fixed    
   9  alpha_2CBO   0.00000e+00     fixed    
  10  beta_2CBO    0.00000e+00     fixed    
  11  alpha_y      0.00000e+00     fixed    
  12  w_y          1.44500e+01   constant   
  13  beta_y       0.00000e+00     fixed    
  14  alpha_vw     0.00000e+00     fixed    
  15  w_vw         1.29000e+01   constant   
  16  beta_vw      0.00000e+00     fixed    
  17  LM          -2.20020e-04   constant   
  18  zeta_y       0.00000e+00   constant   
  19  zeta_vw      0.00000e+00   constant   
  20  T_CBO        3.19099e+02   6.13618e+02   7.87625e-05   9.97573e-03
  21  alpha_A0    -1.26030e-02   1.67651e-02   6.21994e-06   2.31759e-01
  22  beta_A0      1.92287e-01   1.12083e-01   5.99604e-06   7.03389e-01
  23  alpha_phi    1.63459e-01   9.54205e-02   4.81941e-06  -2.42824e-01
  24  beta_phi     4.05944e-02   2.30249e-02   5.76441e-06   2.63289e-01
 EXTERNAL ERROR MATRIX.    NDIM=  25    NPAR=  8    ERR DEF=1
  2.314e+08  5.590e+00 -1.419e+02  3.523e+06 -6.081e+01 -9.867e+02 -8.430e+02 -7.526e+01 
  5.590e+00  5.067e-06  1.082e-05 -3.320e-02  3.120e-05 -1.750e-05 -1.534e-05 -2.547e-05 
 -1.419e+02  1.082e-05  1.366e-04 -3.058e+00  1.335e-04  6.919e-04  5.874e-04 -1.585e-05 
  3.523e+06 -3.320e-02 -3.058e+00  7.169e+05  3.576e+00 -8.940e+01 -7.604e+01 -1.652e+01 
 -6.081e+01  3.120e-05  1.335e-04  3.576e+00  2.811e-04 -2.882e-04 -2.482e-04 -2.702e-04 
 -9.867e+02 -1.750e-05  6.919e-04 -8.940e+01 -2.882e-04  1.256e-02  1.069e-02  2.077e-03 
 -8.430e+02 -1.534e-05  5.874e-04 -7.604e+01 -2.482e-04  1.069e-02  9.105e-03  1.770e-03 
 -7.526e+01 -2.547e-05 -1.585e-05 -1.652e+01 -2.702e-04  2.077e-03  1.770e-03  5.301e-04 
ERR MATRIX APPROXIMATE
 PARAMETER  CORRELATION COEFFICIENTS  
       NO.  GLOBAL      1      3      4     20     21     22     23     24
        1  0.99973   1.000  0.163 -0.798  0.273 -0.238 -0.579 -0.581 -0.215
        3  0.99645   0.163  1.000  0.411 -0.017  0.827 -0.069 -0.071 -0.491
        4  0.99830  -0.798  0.411  1.000 -0.309  0.681  0.528  0.527 -0.059
       20  0.99997   0.273 -0.017 -0.309  1.000  0.252 -0.942 -0.941 -0.847
       21  0.99752  -0.238  0.827  0.681  0.252  1.000 -0.153 -0.155 -0.700
       22  0.99995  -0.579 -0.069  0.528 -0.942 -0.153  1.000  1.000  0.805
       23  0.99995  -0.581 -0.071  0.527 -0.941 -0.155  1.000  1.000  0.806
       24  0.99887  -0.215 -0.491 -0.059 -0.847 -0.700  0.805  0.806  1.000
 ERR MATRIX APPROXIMATE
MINUIT - FIT ONLY 1-CBO + wiggle
 **********
 **   16 **RES 
 **********
                   PARAMETER   16  beta_vw RESTORED TO VARIABLE.
                   PARAMETER   14  alpha_vw RESTORED TO VARIABLE.
                   PARAMETER   13  beta_y RESTORED TO VARIABLE.
                   PARAMETER   11  alpha_y RESTORED TO VARIABLE.
                   PARAMETER   10  beta_2CBO RESTORED TO VARIABLE.
                   PARAMETER    9  alpha_2CBO RESTORED TO VARIABLE.
                   PARAMETER    8  beta_CBO RESTORED TO VARIABLE.
                   PARAMETER    6  alpha_CBO RESTORED TO VARIABLE.
 **********
 **   17 **FIX            8
 **********
 **********
 **   18 **FIX            9
 **********
 **********
 **   19 **FIX           11
 **********
 **********
 **   20 **FIX           12
 **********
 PARAMETER   12  IS CONSTANT.   IGNORED.
 **********
 **   21 **FIX           14
 **********
 **********
 **   22 **FIX           15
 **********
 PARAMETER   15  IS CONSTANT.   IGNORED.
 **********
 **   23 **FIX           16
 **********
 **********
 **   24 **MIGRAD
 **********
 START MIGRAD MINIMIZATION.  STRATEGY  1.  CONVERGENCE WHEN EDM .LT. 1.00e-04
 FCN=115.624 FROM MIGRAD    STATUS=INITIATE       28 CALLS        1396 TOTAL
                     EDM= unknown      STRATEGY= 1      NO ERROR MATRIX       
  EXT PARAMETER               CURRENT GUESS       STEP         FIRST   
  NO.   NAME      VALUE            ERROR          SIZE      DERIVATIVE 
   1  N0           2.76368e+06   1.52131e+04   1.87633e+00   1.06642e-06
   2  tau          6.43976e+01   constant   
   3  A0           3.34165e-01   2.25097e-03   9.99111e-07   1.39521e+00
   4  phi          4.14790e+00   1.16894e-02   3.59211e-06  -1.96021e-01
   5  R           -5.94693e+01   constant   
   6  alpha_CBO    0.00000e+00   1.00000e-03   1.00000e-03  -8.56022e+01
   7  w_CBO        2.32500e+00   constant   
   8  beta_CBO     0.00000e+00     fixed    
   9  alpha_2CBO   0.00000e+00     fixed    
  10  beta_2CBO    0.00000e+00   1.00000e-03   1.00000e-03   6.02556e+02
  11  alpha_y      0.00000e+00     fixed    
  12  w_y          1.44500e+01   constant   
  13  beta_y       0.00000e+00   1.00000e-03   1.00000e-03   1.03533e+05
  14  alpha_vw     0.00000e+00     fixed    
  15  w_vw         1.29000e+01   constant   
  16  beta_vw      0.00000e+00     fixed    
  17  LM          -2.20020e-04   constant   
  18  zeta_y       0.00000e+00   constant   
  19  zeta_vw      0.00000e+00   constant   
  20  T_CBO        3.19099e+02   6.13618e+02   7.87625e-05   9.91461e-03
  21  alpha_A0    -1.26030e-02   1.67651e-02   6.21994e-06   2.31773e-01
  22  beta_A0      1.92287e-01   1.12083e-01   5.99604e-06   7.03337e-01
  23  alpha_phi    1.63459e-01   9.54205e-02   4.81941e-06  -2.42825e-01
  24  beta_phi     4.05944e-02   2.30249e-02   5.76441e-06   2.63288e-01
 CALL LIMIT EXCEEDED IN MIGRAD.
 MIGRAD TERMINATED WITHOUT CONVERGENCE.
 FCN=18.5339 FROM MIGRAD    STATUS=CALL LIMIT   1910 CALLS        3278 TOTAL
                     EDM=0.0116341    STRATEGY= 1  ERROR MATRIX UNCERTAINTY  13.0 per cent
  EXT PARAMETER                APPROXIMATE        STEP         FIRST   
  NO.   NAME      VALUE            ERROR          SIZE      DERIVATIVE 
   1  N0           2.79289e+06   7.82441e+03   3.29159e+02   1.34556e-05
   2  tau          6.43976e+01   constant   
   3  A0           3.49823e-01   7.55666e-03   3.84297e-04   4.05967e+02
   4  phi          4.15045e+00   6.76424e-03   2.86593e-04   1.63733e+02
   5  R           -5.94693e+01   constant   
   6  alpha_CBO   -3.47017e-03   3.77612e-03  -8.85268e-05   4.35164e+02
   7  w_CBO        2.32500e+00   constant   
   8  beta_CBO     0.00000e+00     fixed    
   9  alpha_2CBO   0.00000e+00     fixed    
  10  beta_2CBO   -1.30927e-03   7.96445e-04  -1.82958e-05   6.35175e+00
  11  alpha_y      0.00000e+00     fixed    
  12  w_y          1.44500e+01   constant   
  13  beta_y      -1.86356e-03   1.95231e-04   4.35149e-06   2.99454e+02
  14  alpha_vw     0.00000e+00     fixed    
  15  w_vw         1.29000e+01   constant   
  16  beta_vw      0.00000e+00     fixed    
  17  LM          -2.20020e-04   constant   
  18  zeta_y       0.00000e+00   constant   
  19  zeta_vw      0.00000e+00   constant   
  20  T_CBO        9.16997e+01   2.86992e+01  -4.51309e-03  -1.08852e+01
  21  alpha_A0     5.75974e-02   4.31942e-02   2.41818e-03  -4.11240e+01
  22  beta_A0      1.51022e-01   2.06121e-02  -7.11486e-04  -9.02213e+00
  23  alpha_phi    1.32592e-01   7.88279e-03  -4.17223e-04  -9.66691e+00
  24  beta_phi    -7.59222e-03   3.30879e-02  -1.94185e-03   6.68968e+01
 EXTERNAL ERROR MATRIX.    NDIM=  25    NPAR= 11    ERR DEF=1
  6.122e+07 
  5.623e+01  5.710e-05 
 -2.776e+00  1.030e-05  4.575e-05 
 -2.719e+01 -2.217e-05  1.066e-05  1.426e-05 
  1.673e+00 -1.050e-07 -4.248e-06 -1.698e-06  6.343e-07 
 -9.099e-02 -2.775e-08  1.419e-07  4.471e-08 -3.397e-10  3.812e-08 
 -2.199e+05 -2.152e-01 -1.859e-02  9.063e-02 -1.908e-03  2.653e-04  8.264e+02 
  1.822e+02  2.478e-04  2.240e-04 -2.984e-05 -2.074e-05  3.468e-07 -8.494e-01  1.866e-03 
 -1.575e+02 -1.390e-04  3.373e-05  7.566e-05 -6.412e-06  2.246e-07  5.520e-01 -3.450e-04  4.249e-04 
 -5.079e+01 -5.618e-05 -2.432e-05  1.635e-05  1.766e-06  5.983e-08  2.064e-01 -3.081e-04  1.157e-04  6.214e-05 
 -2.103e+02 -2.351e-04 -1.163e-04  6.670e-05  7.169e-06 -2.328e-07  8.532e-01 -1.320e-03  4.744e-04  2.550e-04  1.095e-03 
ERR MATRIX APPROXIMATE
 PARAMETER  CORRELATION COEFFICIENTS  
       NO.  GLOBAL      1      3      4      6     10     13     20     21     22     23     24
        1  0.99980   1.000  0.951 -0.052 -0.920  0.268 -0.060 -0.977  0.539 -0.976 -0.823 -0.812
        3  0.99987   0.951  1.000  0.201 -0.777 -0.017 -0.019 -0.990  0.759 -0.893 -0.943 -0.940
        4  0.99937  -0.052  0.201  1.000  0.417 -0.788  0.107 -0.096  0.767  0.242 -0.456 -0.519
        6  0.99948  -0.920 -0.777  0.417  1.000 -0.565  0.061  0.835 -0.183  0.972  0.549  0.534
       10  0.97601   0.268 -0.017 -0.788 -0.565  1.000 -0.002 -0.083 -0.603 -0.391  0.281  0.272
       13  0.54878  -0.060 -0.019  0.107  0.061 -0.002  1.000  0.047  0.041  0.056  0.039 -0.036
       20  0.99978  -0.977 -0.990 -0.096  0.835 -0.083  0.047  1.000 -0.684  0.932  0.911  0.897
       21  0.99986   0.539  0.759  0.767 -0.183 -0.603  0.041 -0.684  1.000 -0.388 -0.905 -0.924
       22  0.99947  -0.976 -0.893  0.242  0.972 -0.391  0.056  0.932 -0.388  1.000  0.712  0.696
       23  0.99686  -0.823 -0.943 -0.456  0.549  0.281  0.039  0.911 -0.905  0.712  1.000  0.978
       24  0.99952  -0.812 -0.940 -0.519  0.534  0.272 -0.036  0.897 -0.924  0.696  0.978  1.000
 ERR MATRIX APPROXIMATE
MINUIT - FIT ONLY 2-CBO
 **********
 **   25 **RES 
 **********
                   PARAMETER   16  beta_vw RESTORED TO VARIABLE.
                   PARAMETER   14  alpha_vw RESTORED TO VARIABLE.
                   PARAMETER   11  alpha_y RESTORED TO VARIABLE.
                   PARAMETER    9  alpha_2CBO RESTORED TO VARIABLE.
                   PARAMETER    8  beta_CBO RESTORED TO VARIABLE.
 **********
 **   26 **FIX            0
 **********
 PARAMETER    0  IS UNDEFINED. IGNORED.
 **********
 **   27 **FIX            1
 **********
 **********
 **   28 **FIX            2
 **********
 PARAMETER    2  IS CONSTANT.   IGNORED.
 **********
 **   29 **FIX            3
 **********
 **********
 **   30 **FIX            4
 **********
 **********
 **   31 **FIX            5
 **********
 PARAMETER    5  IS CONSTANT.   IGNORED.
 **********
 **   32 **FIX            6
 **********
 **********
 **   33 **FIX            7
 **********
 PARAMETER    7  IS CONSTANT.   IGNORED.
 **********
 **   34 **FIX           10
 **********
 **********
 **   35 **FIX           11
 **********
 **********
 **   36 **FIX           12
 **********
 PARAMETER   12  IS CONSTANT.   IGNORED.
 **********
 **   37 **FIX           13
 **********
 **********
 **   38 **FIX           14
 **********
 **********
 **   39 **FIX           15
 **********
 PARAMETER   15  IS CONSTANT.   IGNORED.
 **********
 **   40 **FIX           16
 **********
 **********
 **   41 **MIGRAD
 **********
 START MIGRAD MINIMIZATION.  STRATEGY  1.  CONVERGENCE WHEN EDM .LT. 1.00e-04
 FCN=18.5339 FROM MIGRAD    STATUS=INITIATE       18 CALLS        3296 TOTAL
                     EDM= unknown      STRATEGY= 1      NO ERROR MATRIX       
  EXT PARAMETER               CURRENT GUESS       STEP         FIRST   
  NO.   NAME      VALUE            ERROR          SIZE      DERIVATIVE 
   1  N0           2.79289e+06     fixed    
   2  tau          6.43976e+01   constant   
   3  A0           3.49823e-01     fixed    
   4  phi          4.15045e+00     fixed    
   5  R           -5.94693e+01   constant   
   6  alpha_CBO   -3.47017e-03     fixed    
   7  w_CBO        2.32500e+00   constant   
   8  beta_CBO     0.00000e+00   1.00000e-03   1.00000e-03   3.04391e+02
   9  alpha_2CBO   0.00000e+00   1.00000e-03   1.00000e-03   1.43882e+03
  10  beta_2CBO   -1.30927e-03     fixed    
  11  alpha_y      0.00000e+00     fixed    
  12  w_y          1.44500e+01   constant   
  13  beta_y      -1.86356e-03     fixed    
  14  alpha_vw     0.00000e+00     fixed    
  15  w_vw         1.29000e+01   constant   
  16  beta_vw      0.00000e+00     fixed    
  17  LM          -2.20020e-04   constant   
  18  zeta_y       0.00000e+00   constant   
  19  zeta_vw      0.00000e+00   constant   
  20  T_CBO        9.16997e+01   2.86992e+01  -4.51309e-03  -1.08852e+01
  21  alpha_A0     5.75974e-02   4.31942e-02   2.41818e-03  -4.11240e+01
  22  beta_A0      1.51022e-01   2.06121e-02  -7.11486e-04  -9.02213e+00
  23  alpha_phi    1.32592e-01   7.88279e-03  -4.17223e-04  -9.66691e+00
  24  beta_phi    -7.59222e-03   3.30879e-02  -1.94185e-03   6.68968e+01
 MIGRAD MINIMIZATION HAS CONVERGED.
 MIGRAD WILL VERIFY CONVERGENCE AND ERROR MATRIX.
 FCN=18.3847 FROM MIGRAD    STATUS=CONVERGED     179 CALLS        3457 TOTAL
                     EDM=8.14917e-06    STRATEGY= 1      ERR MATRIX NOT POS-DEF
  EXT PARAMETER                APPROXIMATE        STEP         FIRST   
  NO.   NAME      VALUE            ERROR          SIZE      DERIVATIVE 
   1  N0           2.79289e+06     fixed    
   2  tau          6.43976e+01   constant   
   3  A0           3.49823e-01     fixed    
   4  phi          4.15045e+00     fixed    
   5  R           -5.94693e+01   constant   
   6  alpha_CBO   -3.47017e-03     fixed    
   7  w_CBO        2.32500e+00   constant   
   8  beta_CBO    -2.34290e-04   7.22294e-04   3.93484e-07  -3.03283e+00
   9  alpha_2CBO  -2.16709e-04   5.43100e-04   3.84470e-07  -2.91083e+00
  10  beta_2CBO   -1.30927e-03     fixed    
  11  alpha_y      0.00000e+00     fixed    
  12  w_y          1.44500e+01   constant   
  13  beta_y      -1.86356e-03     fixed    
  14  alpha_vw     0.00000e+00     fixed    
  15  w_vw         1.29000e+01   constant   
  16  beta_vw      0.00000e+00     fixed    
  17  LM          -2.20020e-04   constant   
  18  zeta_y       0.00000e+00   constant   
  19  zeta_vw      0.00000e+00   constant   
  20  T_CBO        9.15817e+01   1.41117e+01   6.98176e-06   1.48438e-01
  21  alpha_A0     5.79418e-02   5.81835e-03   3.41102e-06  -7.22253e-02
  22  beta_A0      1.49093e-01   1.56694e-02   3.35436e-06   3.38073e-01
  23  alpha_phi    1.34012e-01   1.39450e-02   3.03284e-06  -1.06411e-01
  24  beta_phi    -6.23548e-03   5.02520e-03   3.72813e-06  -2.88313e-01
 EXTERNAL ERROR MATRIX.    NDIM=  25    NPAR=  7    ERR DEF=1
  5.217e-07  3.313e-07  3.339e-04 -4.489e-07  3.474e-06 -2.662e-06 -3.381e-06 
  3.313e-07  2.950e-07  2.700e-04 -4.227e-07  2.566e-06 -2.083e-06 -2.074e-06 
  3.339e-04  2.700e-04  1.993e+02 -7.823e-02 -2.060e-01 -1.896e-01  3.982e-03 
 -4.489e-07 -4.227e-07 -7.823e-02  3.385e-05  7.768e-05  7.558e-05  1.174e-07 
  3.474e-06  2.566e-06 -2.060e-01  7.768e-05  2.455e-04  1.771e-04 -2.862e-05 
 -2.662e-06 -2.083e-06 -1.896e-01  7.558e-05  1.771e-04  1.945e-04  1.159e-05 
 -3.381e-06 -2.074e-06  3.982e-03  1.174e-07 -2.862e-05  1.159e-05  2.525e-05 
ERR MATRIX NOT POS-DEF
 PARAMETER  CORRELATION COEFFICIENTS  
       NO.  GLOBAL      8      9     20     21     22     23     24
        8  0.96744   1.000  0.845  0.033 -0.107  0.307 -0.264 -0.932
        9  0.94437   0.845  1.000  0.035 -0.134  0.302 -0.275 -0.760
       20  0.99780   0.033  0.035  1.000 -0.952 -0.931 -0.963  0.056
       21  0.96219  -0.107 -0.134 -0.952  1.000  0.852  0.932  0.004
       22  0.99504   0.307  0.302 -0.931  0.852  1.000  0.810 -0.364
       23  0.99488  -0.264 -0.275 -0.963  0.932  0.810  1.000  0.165
       24  0.93872  -0.932 -0.760  0.056  0.004 -0.364  0.165  1.000
 ERR MATRIX NOT POS-DEF
MINUIT - FIT wiggle + 1-CBO + 2-CBO
 **********
 **   42 **RES 
 **********
                   PARAMETER   16  beta_vw RESTORED TO VARIABLE.
                   PARAMETER   14  alpha_vw RESTORED TO VARIABLE.
                   PARAMETER   13  beta_y RESTORED TO VARIABLE.
                   PARAMETER   11  alpha_y RESTORED TO VARIABLE.
                   PARAMETER   10  beta_2CBO RESTORED TO VARIABLE.
                   PARAMETER    6  alpha_CBO RESTORED TO VARIABLE.
                   PARAMETER    4  phi RESTORED TO VARIABLE.
                   PARAMETER    3  A0 RESTORED TO VARIABLE.
                   PARAMETER    1  N0 RESTORED TO VARIABLE.
 **********
 **   43 **FIX           10
 **********
 **********
 **   44 **FIX           11
 **********
 **********
 **   45 **FIX           12
 **********
 PARAMETER   12  IS CONSTANT.   IGNORED.
 **********
 **   46 **FIX           13
 **********
 **********
 **   47 **FIX           14
 **********
 **********
 **   48 **FIX           15
 **********
 PARAMETER   15  IS CONSTANT.   IGNORED.
 **********
 **   49 **FIX           16
 **********
 **********
 **   50 **MIGRAD
 **********
 START MIGRAD MINIMIZATION.  STRATEGY  1.  CONVERGENCE WHEN EDM .LT. 1.00e-04
 FCN=18.3847 FROM MIGRAD    STATUS=INITIATE       22 CALLS        3479 TOTAL
                     EDM= unknown      STRATEGY= 1      NO ERROR MATRIX       
  EXT PARAMETER               CURRENT GUESS       STEP         FIRST   
  NO.   NAME      VALUE            ERROR          SIZE      DERIVATIVE 
   1  N0           2.79289e+06   7.82441e+03   7.82441e+03   7.86001e-06
   2  tau          6.43976e+01   constant   
   3  A0           3.49823e-01   7.55666e-03   7.55666e-03   4.45668e+01
   4  phi          4.15045e+00   6.76424e-03   6.76424e-03   1.29525e+01
   5  R           -5.94693e+01   constant   
   6  alpha_CBO   -3.47017e-03   3.77612e-03   3.77612e-03   2.83608e+02
   7  w_CBO        2.32500e+00   constant   
   8  beta_CBO    -2.34290e-04   7.22294e-04   3.93484e-07  -3.03283e+00
   9  alpha_2CBO  -2.16709e-04   5.43100e-04   3.84470e-07  -2.91085e+00
  10  beta_2CBO   -1.30927e-03     fixed    
  11  alpha_y      0.00000e+00     fixed    
  12  w_y          1.44500e+01   constant   
  13  beta_y      -1.86356e-03     fixed    
  14  alpha_vw     0.00000e+00     fixed    
  15  w_vw         1.29000e+01   constant   
  16  beta_vw      0.00000e+00     fixed    
  17  LM          -2.20020e-04   constant   
  18  zeta_y       0.00000e+00   constant   
  19  zeta_vw      0.00000e+00   constant   
  20  T_CBO        9.15817e+01   1.41117e+01   6.98176e-06   1.48426e-01
  21  alpha_A0     5.79418e-02   5.81835e-03   3.41102e-06  -7.21957e-02
  22  beta_A0      1.49093e-01   1.56694e-02   3.35436e-06   3.38071e-01
  23  alpha_phi    1.34012e-01   1.39450e-02   3.03284e-06  -1.06411e-01
  24  beta_phi    -6.23548e-03   5.02520e-03   3.72813e-06  -2.88315e-01
 CALL LIMIT EXCEEDED IN MIGRAD.
 MIGRAD TERMINATED WITHOUT CONVERGENCE.
 FCN=14.7329 FROM MIGRAD    STATUS=CALL LIMIT   1909 CALLS        5366 TOTAL
                     EDM=0.0435783    STRATEGY= 1  ERROR MATRIX UNCERTAINTY  16.4 per cent
  EXT PARAMETER                APPROXIMATE        STEP         FIRST   
  NO.   NAME      VALUE            ERROR          SIZE      DERIVATIVE 
   1  N0           2.73871e+06   1.23942e+04  -7.76812e+02  -1.05749e-04
   2  tau          6.43976e+01   constant   
   3  A0           4.24964e-01   1.28575e-02   8.79726e-04  -2.95603e+02
   4  phi          3.98721e+00   2.13611e-02  -1.25509e-03  -2.74674e+01
   5  R           -5.94693e+01   constant   
   6  alpha_CBO   -2.94435e-02   5.32740e-03  -4.37297e-04  -4.70918e+02
   7  w_CBO        2.32500e+00   constant   
   8  beta_CBO     4.76775e-02   7.73963e-03   4.31642e-04  -1.93553e+02
   9  alpha_2CBO   1.85538e-03   6.79308e-04   2.43845e-05  -3.41887e+02
  10  beta_2CBO   -1.30927e-03     fixed    
  11  alpha_y      0.00000e+00     fixed    
  12  w_y          1.44500e+01   constant   
  13  beta_y      -1.86356e-03     fixed    
  14  alpha_vw     0.00000e+00     fixed    
  15  w_vw         1.29000e+01   constant   
  16  beta_vw      0.00000e+00     fixed    
  17  LM          -2.20020e-04   constant   
  18  zeta_y       0.00000e+00   constant   
  19  zeta_vw      0.00000e+00   constant   
  20  T_CBO        3.47382e+01   2.43745e+00  -8.61993e-04   5.18039e+01
  21  alpha_A0     3.27611e-02   3.74286e-02  -3.35720e-03  -4.30358e+00
  22  beta_A0      3.21097e-02   2.57394e-02  -1.85660e-03  -1.47508e+00
  23  alpha_phi   -3.37945e-02   2.82146e-02   6.09285e-04  -2.55887e+01
  24  beta_phi    -4.96439e-01   1.13183e-01  -7.03112e-03  -1.00141e+01
 EXTERNAL ERROR MATRIX.    NDIM=  25    NPAR= 11    ERR DEF=1
  1.536e+08 
 -1.589e+02  1.653e-04 
  2.645e+02 -2.736e-04  4.563e-04 
  6.273e+01 -6.628e-05  1.075e-04  2.838e-05 
 -9.443e+01  9.734e-05 -1.634e-04 -3.700e-05  5.990e-05 
 -4.206e+00  4.351e-06 -7.459e-06 -1.303e-06  3.257e-06  4.615e-07 
  2.868e+04 -3.010e-02  4.916e-02  1.280e-02 -1.676e-02 -4.760e-04  5.942e+00 
  4.179e+02 -4.454e-04  7.139e-04  1.974e-04 -2.412e-04 -7.141e-06  8.884e-02  1.401e-03 
  2.600e+02 -2.763e-04  4.418e-04  1.270e-04 -1.411e-04  5.373e-08  5.915e-02  9.142e-04  6.625e-04 
  1.432e+02 -1.351e-04  2.596e-04  2.135e-05 -1.209e-04 -1.573e-05  8.642e-03  1.859e-05 -1.353e-04  7.961e-04 
  1.392e+03 -1.441e-03  2.405e-03  5.588e-04 -8.735e-04 -4.514e-05  2.531e-01  3.688e-03  2.196e-03  1.576e-03  1.281e-02 
ERR MATRIX APPROXIMATE
 PARAMETER  CORRELATION COEFFICIENTS  
       NO.  GLOBAL      1      3      4      6      8      9     20     21     22     23     24
        1  0.99964   1.000 -0.997  0.999  0.950 -0.984 -0.500  0.949  0.901  0.815  0.410  0.993
        3  0.99992  -0.997  1.000 -0.996 -0.968  0.978  0.498 -0.960 -0.926 -0.835 -0.373 -0.990
        4  0.99988   0.999 -0.996  1.000  0.944 -0.988 -0.514  0.944  0.893  0.803  0.431  0.995
        6  0.99969   0.950 -0.968  0.944  1.000 -0.897 -0.360  0.986  0.990  0.926  0.142  0.927
        8  0.99992  -0.984  0.978 -0.988 -0.897  1.000  0.620 -0.888 -0.833 -0.708 -0.553 -0.997
        9  0.97049  -0.500  0.498 -0.514 -0.360  0.620  1.000 -0.287 -0.281  0.003 -0.821 -0.587
       20  0.99756   0.949 -0.960  0.944  0.986 -0.888 -0.287  1.000  0.974  0.943  0.126  0.917
       21  0.99936   0.901 -0.926  0.893  0.990 -0.833 -0.281  0.974  1.000  0.949  0.018  0.870
       22  0.99862   0.815 -0.835  0.803  0.926 -0.708  0.003  0.943  0.949  1.000 -0.186  0.754
       23  0.99845   0.410 -0.373  0.431  0.142 -0.553 -0.821  0.126  0.018 -0.186  1.000  0.494
       24  0.99991   0.993 -0.990  0.995  0.927 -0.997 -0.587  0.917  0.870  0.754  0.494  1.000
 ERR MATRIX APPROXIMATE
MINUIT - FIT ONLY 1-y
 **********
 **   51 **RES 
 **********
                   PARAMETER   16  beta_vw RESTORED TO VARIABLE.
                   PARAMETER   14  alpha_vw RESTORED TO VARIABLE.
                   PARAMETER   13  beta_y RESTORED TO VARIABLE.
                   PARAMETER   11  alpha_y RESTORED TO VARIABLE.
                   PARAMETER   10  beta_2CBO RESTORED TO VARIABLE.
 **********
 **   52 **FIX            0
 **********
 PARAMETER    0  IS UNDEFINED. IGNORED.
 **********
 **   53 **FIX            1
 **********
 **********
 **   54 **FIX            2
 **********
 PARAMETER    2  IS CONSTANT.   IGNORED.
 **********
 **   55 **FIX            3
 **********
 **********
 **   56 **FIX            4
 **********
 **********
 **   57 **FIX            5
 **********
 PARAMETER    5  IS CONSTANT.   IGNORED.
 **********
 **   58 **FIX            6
 **********
 **********
 **   59 **FIX            7
 **********
 PARAMETER    7  IS CONSTANT.   IGNORED.
 **********
 **   60 **FIX            8
 **********
 **********
 **   61 **FIX            9
 **********
 **********
 **   62 **FIX           13
 **********
 **********
 **   63 **FIX           14
 **********
 **********
 **   64 **FIX           15
 **********
 PARAMETER   15  IS CONSTANT.   IGNORED.
 **********
 **   65 **FIX           16
 **********
 **********
 **   66 **MIGRAD
 **********
 START MIGRAD MINIMIZATION.  STRATEGY  1.  CONVERGENCE WHEN EDM .LT. 1.00e-04
 FCN=14.7329 FROM MIGRAD    STATUS=INITIATE       16 CALLS        5382 TOTAL
                     EDM= unknown      STRATEGY= 1      NO ERROR MATRIX       
  EXT PARAMETER               CURRENT GUESS       STEP         FIRST   
  NO.   NAME      VALUE            ERROR          SIZE      DERIVATIVE 
   1  N0           2.73871e+06     fixed    
   2  tau          6.43976e+01   constant   
   3  A0           4.24964e-01     fixed    
   4  phi          3.98721e+00     fixed    
   5  R           -5.94693e+01   constant   
   6  alpha_CBO   -2.94435e-02     fixed    
   7  w_CBO        2.32500e+00   constant   
   8  beta_CBO     4.76775e-02     fixed    
   9  alpha_2CBO   1.85538e-03     fixed    
  10  beta_2CBO   -1.30927e-03   7.96445e-04   7.96445e-04  -2.96917e+03
  11  alpha_y      0.00000e+00   1.00000e-03   1.00000e-03   8.82571e+03
  12  w_y          1.44500e+01   constant   
  13  beta_y      -1.86356e-03     fixed    
  14  alpha_vw     0.00000e+00     fixed    
  15  w_vw         1.29000e+01   constant   
  16  beta_vw      0.00000e+00     fixed    
  17  LM          -2.20020e-04   constant   
  18  zeta_y       0.00000e+00   constant   
  19  zeta_vw      0.00000e+00   constant   
  20  T_CBO        3.47382e+01   2.43745e+00  -8.61993e-04   5.18039e+01
  21  alpha_A0     3.27611e-02   3.74286e-02  -3.35720e-03  -4.30359e+00
  22  beta_A0      3.21097e-02   2.57394e-02  -1.85660e-03  -1.47508e+00
  23  alpha_phi   -3.37945e-02   2.82146e-02   6.09285e-04  -2.55887e+01
  24  beta_phi    -4.96439e-01   1.13183e-01  -7.03112e-03  -1.00141e+01
 MIGRAD MINIMIZATION HAS CONVERGED.
 MIGRAD WILL VERIFY CONVERGENCE AND ERROR MATRIX.
 COVARIANCE MATRIX CALCULATED SUCCESSFULLY
 FCN=13.7895 FROM HESSE     STATUS=OK             50 CALLS        5527 TOTAL
                     EDM=0.0969888    STRATEGY= 1      ERROR MATRIX ACCURATE 
  EXT PARAMETER                                   STEP         FIRST   
  NO.   NAME      VALUE            ERROR          SIZE      DERIVATIVE 
   1  N0           2.73871e+06     fixed    
   2  tau          6.43976e+01   constant   
   3  A0           4.24964e-01     fixed    
   4  phi          3.98721e+00     fixed    
   5  R           -5.94693e+01   constant   
   6  alpha_CBO   -2.94435e-02     fixed    
   7  w_CBO        2.32500e+00   constant   
   8  beta_CBO     4.76775e-02     fixed    
   9  alpha_2CBO   1.85538e-03     fixed    
  10  beta_2CBO   -1.13606e-03   3.26937e-04   3.45850e-07  -3.11374e+00
  11  alpha_y     -1.56561e-04   1.85199e-04   3.34321e-07  -2.75548e+00
  12  w_y          1.44500e+01   constant   
  13  beta_y      -1.86356e-03     fixed    
  14  alpha_vw     0.00000e+00     fixed    
  15  w_vw         1.29000e+01   constant   
  16  beta_vw      0.00000e+00     fixed    
  17  LM          -2.20020e-04   constant   
  18  zeta_y       0.00000e+00   constant   
  19  zeta_vw      0.00000e+00   constant   
  20  T_CBO        3.47869e+01   1.99893e+01   1.87199e-06   2.26726e+00
  21  alpha_A0     3.15190e-02   2.97798e-02   6.17380e-06  -5.58075e-01
  22  beta_A0      3.10295e-02   2.88559e-02   6.55254e-06  -2.95648e-01
  23  alpha_phi   -3.27039e-02   3.43941e-02   6.71733e-06  -1.12631e-01
  24  beta_phi    -4.98058e-01   4.90188e-01   8.29133e-06   7.21746e-01
 MIGRAD MINIMIZATION HAS CONVERGED.
 MIGRAD WILL VERIFY CONVERGENCE AND ERROR MATRIX.
 COVARIANCE MATRIX CALCULATED SUCCESSFULLY
 FCN=13.7034 FROM MIGRAD    STATUS=CONVERGED     624 CALLS        5990 TOTAL
                     EDM=1.91661e-05    STRATEGY= 1      ERROR MATRIX ACCURATE 
  EXT PARAMETER                                   STEP         FIRST   
  NO.   NAME      VALUE            ERROR          SIZE      DERIVATIVE 
   1  N0           2.73871e+06     fixed    
   2  tau          6.43976e+01   constant   
   3  A0           4.24964e-01     fixed    
   4  phi          3.98721e+00     fixed    
   5  R           -5.94693e+01   constant   
   6  alpha_CBO   -2.94435e-02     fixed    
   7  w_CBO        2.32500e+00   constant   
   8  beta_CBO     4.76775e-02     fixed    
   9  alpha_2CBO   1.85538e-03     fixed    
  10  beta_2CBO   -1.11020e-03   3.26129e-04   3.44840e-07  -3.36920e+00
  11  alpha_y     -1.66151e-04   1.85098e-04   3.33343e-07  -4.46137e+00
  12  w_y          1.44500e+01   constant   
  13  beta_y      -1.86356e-03     fixed    
  14  alpha_vw     0.00000e+00     fixed    
  15  w_vw         1.29000e+01   constant   
  16  beta_vw      0.00000e+00     fixed    
  17  LM          -2.20020e-04   constant   
  18  zeta_y       0.00000e+00   constant   
  19  zeta_vw      0.00000e+00   constant   
  20  T_CBO        3.00549e+01   1.46732e+01   1.49429e-06  -3.66222e-01
  21  alpha_A0     4.07110e-02   3.78524e-02   8.01200e-06   3.60234e-01
  22  beta_A0      3.99210e-02   3.65042e-02   8.52641e-06  -7.15974e-02
  23  alpha_phi   -4.35109e-02   4.49572e-02   8.74395e-06   1.88931e-01
  24  beta_phi    -6.51863e-01   6.30350e-01   1.08099e-05   6.24638e-02
 EXTERNAL ERROR MATRIX.    NDIM=  25    NPAR=  7    ERR DEF=1
  1.064e-07 -1.058e-08 -1.325e-03  2.461e-06  2.698e-06 -3.520e-06 -5.878e-05 
 -1.058e-08  3.426e-08  5.001e-04 -1.243e-06 -1.111e-06  1.448e-06  2.171e-05 
 -1.325e-03  5.001e-04  2.158e+02 -5.501e-01 -5.313e-01  6.557e-01  9.260e+00 
  2.461e-06 -1.243e-06 -5.501e-01  1.433e-03  1.356e-03 -1.685e-03 -2.358e-02 
  2.698e-06 -1.111e-06 -5.313e-01  1.356e-03  1.333e-03 -1.615e-03 -2.278e-02 
 -3.520e-06  1.448e-06  6.557e-01 -1.685e-03 -1.615e-03  2.021e-03  2.813e-02 
 -5.878e-05  2.171e-05  9.260e+00 -2.358e-02 -2.278e-02  2.813e-02  3.973e-01 
 PARAMETER  CORRELATION COEFFICIENTS  
       NO.  GLOBAL     10     11     20     21     22     23     24
       10  0.82527   1.000 -0.175 -0.277  0.199  0.227 -0.240 -0.286
       11  0.27355  -0.175  1.000  0.184 -0.177 -0.164  0.174  0.186
       20  0.99996  -0.277  0.184  1.000 -0.989 -0.991  0.993  1.000
       21  0.99359   0.199 -0.177 -0.989  1.000  0.981 -0.990 -0.988
       22  0.99219   0.227 -0.164 -0.991  0.981  1.000 -0.984 -0.990
       23  0.99459  -0.240  0.174  0.993 -0.990 -0.984  1.000  0.992
       24  0.99996  -0.286  0.186  1.000 -0.988 -0.990  0.992  1.000
MINUIT - FIT ONLY 2-y
 **********
 **   67 **RES 
 **********
                   PARAMETER   16  beta_vw RESTORED TO VARIABLE.
                   PARAMETER   14  alpha_vw RESTORED TO VARIABLE.
                   PARAMETER   13  beta_y RESTORED TO VARIABLE.
                   PARAMETER    9  alpha_2CBO RESTORED TO VARIABLE.
                   PARAMETER    8  beta_CBO RESTORED TO VARIABLE.
                   PARAMETER    6  alpha_CBO RESTORED TO VARIABLE.
                   PARAMETER    4  phi RESTORED TO VARIABLE.
                   PARAMETER    3  A0 RESTORED TO VARIABLE.
                   PARAMETER    1  N0 RESTORED TO VARIABLE.
 **********
 **   68 **FIX            0
 **********
 PARAMETER    0  IS UNDEFINED. IGNORED.
 **********
 **   69 **FIX            1
 **********
 **********
 **   70 **FIX            2
 **********
 PARAMETER    2  IS CONSTANT.   IGNORED.
 **********
 **   71 **FIX            3
 **********
 **********
 **   72 **FIX            4
 **********
 **********
 **   73 **FIX            5
 **********
 PARAMETER    5  IS CONSTANT.   IGNORED.
 **********
 **   74 **FIX            6
 **********
 **********
 **   75 **FIX            7
 **********
 PARAMETER    7  IS CONSTANT.   IGNORED.
 **********
 **   76 **FIX            8
 **********
 **********
 **   77 **FIX            9
 **********
 **********
 **   78 **FIX           10
 **********
 **********
 **   79 **FIX           11
 **********
 **********
 **   80 **FIX           12
 **********
 PARAMETER   12  IS CONSTANT.   IGNORED.
 **********
 **   81 **FIX           16
 **********
 **********
 **   82 **MIGRAD
 **********
 START MIGRAD MINIMIZATION.  STRATEGY  1.  CONVERGENCE WHEN EDM .LT. 1.00e-04
 FCN=13.7034 FROM MIGRAD    STATUS=INITIATE       16 CALLS        6006 TOTAL
                     EDM= unknown      STRATEGY= 1      NO ERROR MATRIX       
  EXT PARAMETER               CURRENT GUESS       STEP         FIRST   
  NO.   NAME      VALUE            ERROR          SIZE      DERIVATIVE 
   1  N0           2.73871e+06     fixed    
   2  tau          6.43976e+01   constant   
   3  A0           4.24964e-01     fixed    
   4  phi          3.98721e+00     fixed    
   5  R           -5.94693e+01   constant   
   6  alpha_CBO   -2.94435e-02     fixed    
   7  w_CBO        2.32500e+00   constant   
   8  beta_CBO     4.76775e-02     fixed    
   9  alpha_2CBO   1.85538e-03     fixed    
  10  beta_2CBO   -1.11020e-03     fixed    
  11  alpha_y     -1.66151e-04     fixed    
  12  w_y          1.44500e+01   constant   
  13  beta_y      -1.86356e-03   1.95231e-04   1.95231e-04   1.66535e+03
  14  alpha_vw     0.00000e+00   1.00000e-03   1.00000e-03  -2.42136e+04
