 + ++++++++++++++++++++++++++++++++++++++++++++++++++++++++++++++++++++ +
 +                                                                      +
 +           You have chose to blind your fitting according to          +
 +                omega_ref * (1 + (R +/- deltaR) *10^{-6})             +
 +                                                                      +
 + ++++++++++++++++++++++++++++++++++++++++++++++++++++++++++++++++++++ +
In main()...
reading format from /gm2data/zkhechad/run45/envelope/formats/formatB_sBin_constraintOn.txt
pBinTau 	= 0  
pBinPhi 	= 0  
constraintau 	= 1 
includeMopTerm 	= 0    
constrainMop    = 0   
Parameters after format file: pBinTau 0 pBinPhi 0 constraintau 1 includeMopTerm 0 constrainMop 0 c_e_scale 0.000000 
Opening file /gm2data/tbarrett/gm2fr/studies/run23_bunch_corrections/CorrectedFourier_Run3b.root.
reading full fit data from /gm2data/zkhechad/cboTemplates/Run4CBOTemplates/fullFits/noRF/sBin_constraintOn_cE0.0_seed0_noRF_calo2.root
windowBins = 69
fitting sliding window 1890 from bin 2026 at 302.130000 to bin 2095 at 312.574000 (69 bins)

Reading data from /gm2data/cornell/histograms/aMethod/histogram_a_noRF.root
 **********
 **    1 **SET PRINTOUT            1
 **********
 **********
 **    2 **SET NOWARNINGS 
 **********
 PARAMETER DEFINITIONS:
    NO.   NAME         VALUE      STEP SIZE      LIMITS
     1 N0           3.21058e+06  1.00000e+02     no limits
     2 tau          6.44090e+01  constant
     3 A0           3.64384e-01  1.00000e-04     no limits
     4 phi          4.11815e+00  1.00000e-02     no limits
     5 R           -6.00655e+01  constant
     6 alpha_CBO    0.00000e+00  1.00000e-03     no limits
     7 w_CBO        2.32500e+00  constant
     8 beta_CBO     0.00000e+00  1.00000e-03     no limits
     9 alpha_2CBO   0.00000e+00  1.00000e-03     no limits
    10 beta_2CBO    0.00000e+00  1.00000e-03     no limits
    11 alpha_y      0.00000e+00  1.00000e-03     no limits
    12 w_y          1.38860e+01  constant
    13 beta_y       0.00000e+00  1.00000e-03     no limits
    14 alpha_vw     0.00000e+00  1.00000e-03     no limits
    15 w_vw         1.43404e+01  constant
    16 beta_vw      0.00000e+00  1.00000e-03     no limits
    17 LM           2.36781e-04  constant
    18 zeta_y       0.00000e+00  constant
    19 zeta_vw      0.00000e+00  constant
    20 T_CBO        1.00000e+02  1.00000e+00    0.00000e+00  1.00000e+03
    21 alpha_A0     0.00000e+00  1.00000e-04   -1.00000e-02  1.00000e-02
    22 beta_A0      0.00000e+00  1.00000e-04   -1.00000e-02  1.00000e-02
    23 alpha_phi    0.00000e+00  1.00000e-04   -1.00000e-02  1.00000e-02
    24 beta_phi     0.00000e+00  1.00000e-04   -1.00000e-02  1.00000e-02
MINUIT - FIT ONLY WIGGLE
 **********
 **    3 **FIX            5
 **********
 PARAMETER    5  IS CONSTANT.   IGNORED.
 **********
 **    4 **FIX            6
 **********
 **********
 **    5 **FIX            7
 **********
 PARAMETER    7  IS CONSTANT.   IGNORED.
 **********
 **    6 **FIX            8
 **********
 **********
 **    7 **FIX            9
 **********
 **********
 **    8 **FIX           10
 **********
 **********
 **    9 **FIX           11
 **********
 **********
 **   10 **FIX           12
 **********
 PARAMETER   12  IS CONSTANT.   IGNORED.
 **********
 **   11 **FIX           13
 **********
 **********
 **   12 **FIX           14
 **********
 **********
 **   13 **FIX           15
 **********
 PARAMETER   15  IS CONSTANT.   IGNORED.
 **********
 **   14 **FIX           16
 **********
 **********
 **   15 **MIGRAD
 **********
 FIRST CALL TO USER FUNCTION AT NEW START POINT, WITH IFLAG=4.
 START MIGRAD MINIMIZATION.  STRATEGY  1.  CONVERGENCE WHEN EDM .LT. 1.00e-04
 FCN=69.0974 FROM MIGRAD    STATUS=INITIATE      437 CALLS         438 TOTAL
                     EDM= unknown      STRATEGY= 1      NO ERROR MATRIX       
  EXT PARAMETER               CURRENT GUESS       STEP         FIRST   
  NO.   NAME      VALUE            ERROR          SIZE      DERIVATIVE 
   1  N0           3.21058e+06   1.00000e+02   0.00000e+00  -1.90748e-03
   2  tau          6.44090e+01   constant   
   3  A0           3.64384e-01   1.00000e-04   0.00000e+00  -1.84586e+03
   4  phi          4.11815e+00   1.00000e-02   0.00000e+00   2.43295e+03
   5  R           -6.00655e+01   constant   
   6  alpha_CBO    0.00000e+00     fixed    
   7  w_CBO        2.32500e+00   constant   
   8  beta_CBO     0.00000e+00     fixed    
   9  alpha_2CBO   0.00000e+00     fixed    
  10  beta_2CBO    0.00000e+00     fixed    
  11  alpha_y      0.00000e+00     fixed    
  12  w_y          1.38860e+01   constant   
  13  beta_y       0.00000e+00     fixed    
  14  alpha_vw     0.00000e+00     fixed    
  15  w_vw         1.43404e+01   constant   
  16  beta_vw      0.00000e+00     fixed    
  17  LM           2.36781e-04   constant   
  18  zeta_y       0.00000e+00   constant   
  19  zeta_vw      0.00000e+00   constant   
  20  T_CBO        1.00000e+02   1.00000e+00   0.00000e+00   0.00000e+00
  21  alpha_A0     0.00000e+00   1.00000e-04   0.00000e+00  -8.11339e-02
  22  beta_A0      0.00000e+00   1.00000e-04   0.00000e+00  -3.90977e-01
  23  alpha_phi    0.00000e+00   1.00000e-04   0.00000e+00  -2.34242e-01
  24  beta_phi     0.00000e+00   1.00000e-04   0.00000e+00   2.75798e-01
 MIGRAD FAILS TO FIND IMPROVEMENT
 COVARIANCE MATRIX CALCULATED SUCCESSFULLY
 FCN=61.1213 FROM HESSE     STATUS=OK             61 CALLS         634 TOTAL
                     EDM=0.0807573    STRATEGY= 1      ERROR MATRIX ACCURATE 
  EXT PARAMETER                                   STEP         FIRST   
  NO.   NAME      VALUE            ERROR          SIZE      DERIVATIVE 
   1  N0           3.21265e+06   1.17761e+00   5.39560e+00  -9.04518e-05
   2  tau          6.44090e+01   constant   
   3  A0           3.64864e-01   6.03159e-04   2.31212e-06   9.44116e+01
   4  phi          4.11493e+00   1.66003e-03   6.36836e-06  -1.80355e+02
   5  R           -6.00655e+01   constant   
   6  alpha_CBO    0.00000e+00     fixed    
   7  w_CBO        2.32500e+00   constant   
   8  beta_CBO     0.00000e+00     fixed    
   9  alpha_2CBO   0.00000e+00     fixed    
  10  beta_2CBO    0.00000e+00     fixed    
  11  alpha_y      0.00000e+00     fixed    
  12  w_y          1.38860e+01   constant   
  13  beta_y       0.00000e+00     fixed    
  14  alpha_vw     0.00000e+00     fixed    
  15  w_vw         1.43404e+01   constant   
  16  beta_vw      0.00000e+00     fixed    
  17  LM           2.36781e-04   constant   
  18  zeta_y       0.00000e+00   constant   
  19  zeta_vw      0.00000e+00   constant   
  20  T_CBO        1.88813e+02   8.27926e+01   6.79182e-04   9.31306e-02
  21  alpha_A0     6.82785e-03   1.52453e-02   8.13342e-03   3.30716e-01
  22  beta_A0      8.92394e-03   3.62058e-03   5.84637e-03   3.05428e-01
  23  alpha_phi    9.99883e-03   1.42958e-02   8.18490e-03   6.76702e-03
  24  beta_phi    -8.33074e-03   1.03330e-02   7.40710e-03   7.61398e-02
 MIGRAD MINIMIZATION HAS CONVERGED.
 MIGRAD WILL VERIFY CONVERGENCE AND ERROR MATRIX.
 MIGRAD TERMINATED WITHOUT CONVERGENCE.
 FCN=60.7831 FROM MIGRAD    STATUS=FAILED        937 CALLS         938 TOTAL
                     EDM=0.029907    STRATEGY= 1      ERR MATRIX NOT POS-DEF
  EXT PARAMETER                APPROXIMATE        STEP         FIRST   
  NO.   NAME      VALUE            ERROR          SIZE      DERIVATIVE 
   1  N0           3.21265e+06   1.53088e+03   5.38115e+00  -1.56495e-04
   2  tau          6.44090e+01   constant   
   3  A0           3.64864e-01   6.06368e-04   2.30571e-06   1.11124e+00
   4  phi          4.11523e+00   1.66839e-03   6.34983e-06  -1.02622e-01
   5  R           -6.00655e+01   constant   
   6  alpha_CBO    0.00000e+00     fixed    
   7  w_CBO        2.32500e+00   constant   
   8  beta_CBO     0.00000e+00     fixed    
   9  alpha_2CBO   0.00000e+00     fixed    
  10  beta_2CBO    0.00000e+00     fixed    
  11  alpha_y      0.00000e+00     fixed    
  12  w_y          1.38860e+01   constant   
  13  beta_y       0.00000e+00     fixed    
  14  alpha_vw     0.00000e+00     fixed    
  15  w_vw         1.43404e+01   constant   
  16  beta_vw      0.00000e+00     fixed    
  17  LM           2.36781e-04   constant   
  18  zeta_y       0.00000e+00   constant   
  19  zeta_vw      0.00000e+00   constant   
  20  T_CBO        2.37714e+02   8.77537e+02   1.00419e-03   1.66307e-03
  21  alpha_A0     2.56865e-03   1.52062e-02   3.33007e-03  -2.11918e-03
  22  beta_A0      9.99632e-03   1.16224e-02   5.14449e-02   7.72630e-05
  23  alpha_phi    5.30447e-03   1.16689e-02   3.81217e-03  -5.66733e-05
  24  beta_phi    -6.89390e-03   1.23855e-02   4.57856e-03  -4.45347e-04
 EXTERNAL ERROR MATRIX.    NDIM=  25    NPAR=  8    ERR DEF=1
  2.344e+06  4.157e-02  4.895e-01 -4.103e+05  5.334e+00 -1.415e+01  1.475e+01 -1.475e+01 
  4.157e-02  3.677e-07 -4.363e-08 -4.306e-02  8.716e-07 -1.331e-06  4.439e-07 -2.415e-06 
  4.895e-01 -4.363e-08  2.784e-06 -1.471e-01  6.806e-07 -5.277e-06  5.677e-06 -4.948e-06 
 -4.103e+05 -4.306e-02 -1.471e-01  2.885e+06 -3.852e+01  8.901e+01 -8.217e+01  1.029e+02 
  5.334e+00  8.716e-07  6.806e-07 -3.852e+01  5.836e-04 -1.186e-03  1.088e-03 -1.374e-03 
 -1.415e+01 -1.331e-06 -5.277e-06  8.901e+01 -1.186e-03  2.769e-03 -2.539e-03  3.174e-03 
  1.475e+01  4.439e-07  5.677e-06 -8.217e+01  1.088e-03 -2.539e-03  2.416e-03 -2.921e-03 
 -1.475e+01 -2.415e-06 -4.948e-06  1.029e+02 -1.374e-03  3.174e-03 -2.921e-03  3.747e-03 
ERR MATRIX NOT POS-DEF
 PARAMETER  CORRELATION COEFFICIENTS  
       NO.  GLOBAL      1      3      4     20     21     22     23     24
        1  0.37547   1.000  0.045  0.192 -0.158  0.144 -0.176  0.196 -0.157
        3  0.23161   0.045  1.000 -0.043 -0.042  0.060 -0.042  0.015 -0.065
        4  0.22785   0.192 -0.043  1.000 -0.052  0.017 -0.060  0.069 -0.048
       20  0.99791  -0.158 -0.042 -0.052  1.000 -0.939  0.996 -0.984  0.990
       21  0.94036   0.144  0.060  0.017 -0.939  1.000 -0.933  0.916 -0.929
       22  0.99608  -0.176 -0.042 -0.060  0.996 -0.933  1.000 -0.982  0.985
       23  0.98589   0.196  0.015  0.069 -0.984  0.916 -0.982  1.000 -0.971
       24  0.99047  -0.157 -0.065 -0.048  0.990 -0.929  0.985 -0.971  1.000
 ERR MATRIX NOT POS-DEF
MINUIT - FIT ONLY 1-CBO + wiggle
 **********
 **   16 **RES 
 **********
                   PARAMETER   16  beta_vw RESTORED TO VARIABLE.
                   PARAMETER   14  alpha_vw RESTORED TO VARIABLE.
                   PARAMETER   13  beta_y RESTORED TO VARIABLE.
                   PARAMETER   11  alpha_y RESTORED TO VARIABLE.
                   PARAMETER   10  beta_2CBO RESTORED TO VARIABLE.
                   PARAMETER    9  alpha_2CBO RESTORED TO VARIABLE.
                   PARAMETER    8  beta_CBO RESTORED TO VARIABLE.
                   PARAMETER    6  alpha_CBO RESTORED TO VARIABLE.
 **********
 **   17 **FIX            8
 **********
 **********
 **   18 **FIX            9
 **********
 **********
 **   19 **FIX           11
 **********
 **********
 **   20 **FIX           12
 **********
 PARAMETER   12  IS CONSTANT.   IGNORED.
 **********
 **   21 **FIX           14
 **********
 **********
 **   22 **FIX           15
 **********
 PARAMETER   15  IS CONSTANT.   IGNORED.
 **********
 **   23 **FIX           16
 **********
 **********
 **   24 **MIGRAD
 **********
 START MIGRAD MINIMIZATION.  STRATEGY  1.  CONVERGENCE WHEN EDM .LT. 1.00e-04
 FCN=60.7831 FROM MIGRAD    STATUS=INITIATE       32 CALLS         970 TOTAL
                     EDM= unknown      STRATEGY= 1      NO ERROR MATRIX       
  EXT PARAMETER               CURRENT GUESS       STEP         FIRST   
  NO.   NAME      VALUE            ERROR          SIZE      DERIVATIVE 
   1  N0           3.21265e+06   1.53088e+03   5.38115e+00  -1.56495e-04
   2  tau          6.44090e+01   constant   
   3  A0           3.64864e-01   6.06368e-04   2.30571e-06   1.11124e+00
   4  phi          4.11523e+00   1.66839e-03   6.34983e-06  -1.02623e-01
   5  R           -6.00655e+01   constant   
   6  alpha_CBO    0.00000e+00   1.00000e-03   1.00000e-03   9.89192e+03
   7  w_CBO        2.32500e+00   constant   
   8  beta_CBO     0.00000e+00     fixed    
   9  alpha_2CBO   0.00000e+00     fixed    
  10  beta_2CBO    0.00000e+00   1.00000e-03   1.00000e-03  -1.16269e+03
  11  alpha_y      0.00000e+00     fixed    
  12  w_y          1.38860e+01   constant   
  13  beta_y       0.00000e+00   1.00000e-03   1.00000e-03   2.95501e+03
  14  alpha_vw     0.00000e+00     fixed    
  15  w_vw         1.43404e+01   constant   
  16  beta_vw      0.00000e+00     fixed    
  17  LM           2.36781e-04   constant   
  18  zeta_y       0.00000e+00   constant   
  19  zeta_vw      0.00000e+00   constant   
  20  T_CBO        2.37714e+02   8.77537e+02   1.00419e-03   1.65384e-03
  21  alpha_A0     2.56865e-03   1.52062e-02   3.33007e-03  -2.12292e-03
  22  beta_A0      9.99632e-03   1.16224e-02   5.14449e-02  -1.99904e-04
  23  alpha_phi    5.30447e-03   1.16689e-02   3.81217e-03  -5.81461e-05
  24  beta_phi    -6.89390e-03   1.23855e-02   4.57856e-03  -4.31891e-04
 MIGRAD MINIMIZATION HAS CONVERGED.
 FCN=48.9531 FROM MIGRAD    STATUS=CONVERGED     233 CALLS        1171 TOTAL
                     EDM=5.73576e-06    STRATEGY= 1  ERROR MATRIX UNCERTAINTY   3.6 per cent
  EXT PARAMETER                                   STEP         FIRST   
  NO.   NAME      VALUE            ERROR          SIZE      DERIVATIVE 
   1  N0           3.21263e+06   1.54553e+03  -5.85287e+00   8.20021e-07
   2  tau          6.44090e+01   constant   
   3  A0           3.64336e-01   6.45018e-04   8.71648e-08  -1.79363e+00
   4  phi          4.11514e+00   1.73098e-03  -4.64859e-06   1.32703e+00
   5  R           -6.00655e+01   constant   
   6  alpha_CBO   -2.16743e-03   6.60785e-04  -3.20779e-07   4.83098e-01
   7  w_CBO        2.32500e+00   constant   
   8  beta_CBO     0.00000e+00     fixed    
   9  alpha_2CBO   0.00000e+00     fixed    
  10  beta_2CBO    3.42065e-04   6.26610e-04  -8.57643e-07   7.71019e-02
  11  alpha_y      0.00000e+00     fixed    
  12  w_y          1.38860e+01   constant   
  13  beta_y      -6.18476e-04   6.31122e-04  -2.52074e-07  -3.86337e+00
  14  alpha_vw     0.00000e+00     fixed    
  15  w_vw         1.43404e+01   constant   
  16  beta_vw      0.00000e+00     fixed    
  17  LM           2.36781e-04   constant   
  18  zeta_y       0.00000e+00   constant   
  19  zeta_vw      0.00000e+00   constant   
  20  T_CBO        2.56214e+02   1.67556e+02   5.80620e-04  -9.53968e-04
  21  alpha_A0    -2.47691e-03   7.47186e-03   3.89016e-03   3.87872e-04
  22  beta_A0      9.99849e-03   1.71871e-02  -1.31363e-03   1.73514e-04
  23  alpha_phi    4.62754e-03   1.49390e-02  -3.86581e-03   1.04018e-04
  24  beta_phi    -3.83170e-03   1.30200e-02  -3.98193e-03  -2.49979e-03
 EXTERNAL ERROR MATRIX.    NDIM=  25    NPAR= 11    ERR DEF=1
  2.389e+06 
  5.060e-02  4.160e-07 
  4.231e-01 -2.812e-08  2.996e-06 
  5.725e-02  1.089e-07  3.424e-08  4.366e-07 
  2.589e-02 -3.053e-10  3.256e-08 -1.978e-08  3.926e-07 
  6.251e-03 -1.196e-08  2.525e-08  7.396e-10 -3.536e-09  3.983e-07 
  5.212e+04 -2.624e-03  1.965e-02 -2.399e-03  4.827e-03 -1.343e-03  2.957e+04 
  7.004e-01  5.017e-07 -2.001e-07  9.903e-07  2.656e-07 -5.453e-08  3.267e-01  7.281e-05 
  2.380e-02  2.638e-09  1.378e-08  2.088e-10 -4.256e-09  5.798e-09  1.017e-03 -1.019e-08  1.254e-07 
  1.304e+00 -5.971e-07  3.636e-07  1.150e-07 -2.069e-07  6.516e-08 -5.377e-01 -1.295e-05  8.400e-08  8.400e-05 
  1.064e+00 -1.291e-06  1.232e-06 -5.534e-07  6.165e-07  6.898e-09  6.496e-01  1.349e-05  1.998e-07 -1.946e-06  8.827e-05 
 PARAMETER  CORRELATION COEFFICIENTS  
       NO.  GLOBAL      1      3      4      6     10     13     20     21     22     23     24
        1  0.30906   1.000  0.051  0.158  0.056  0.027  0.006  0.196  0.053  0.043  0.092  0.073
        3  0.35256   0.051  1.000 -0.025  0.255 -0.001 -0.029 -0.024  0.091  0.012 -0.101 -0.213
        4  0.18311   0.158 -0.025  1.000  0.030  0.030  0.023  0.066 -0.014  0.022  0.023  0.076
        6  0.32091   0.056  0.255  0.030  1.000 -0.048  0.002 -0.021  0.176  0.001  0.019 -0.089
       10  0.13273   0.027 -0.001  0.030 -0.048  1.000 -0.009  0.045  0.050 -0.019 -0.036  0.105
       13  0.04953   0.006 -0.029  0.023  0.002 -0.009  1.000 -0.012 -0.010  0.026  0.011  0.001
       20  0.56662   0.196 -0.024  0.066 -0.021  0.045 -0.012  1.000  0.223  0.017 -0.341  0.402
       21  0.33497   0.053  0.091 -0.014  0.176  0.050 -0.010  0.223  1.000 -0.003 -0.166  0.168
       22  0.08973   0.043  0.012  0.022  0.001 -0.019  0.026  0.017 -0.003  1.000  0.026  0.060
       23  0.42443   0.092 -0.101  0.023  0.019 -0.036  0.011 -0.341 -0.166  0.026  1.000 -0.023
       24  0.48975   0.073 -0.213  0.076 -0.089  0.105  0.001  0.402  0.168  0.060 -0.023  1.000
MINUIT - FIT ONLY 2-CBO
 **********
 **   25 **RES 
 **********
                   PARAMETER   16  beta_vw RESTORED TO VARIABLE.
                   PARAMETER   14  alpha_vw RESTORED TO VARIABLE.
                   PARAMETER   11  alpha_y RESTORED TO VARIABLE.
                   PARAMETER    9  alpha_2CBO RESTORED TO VARIABLE.
                   PARAMETER    8  beta_CBO RESTORED TO VARIABLE.
 **********
 **   26 **FIX            0
 **********
 PARAMETER    0  IS UNDEFINED. IGNORED.
 **********
 **   27 **FIX            1
 **********
 **********
 **   28 **FIX            2
 **********
 PARAMETER    2  IS CONSTANT.   IGNORED.
 **********
 **   29 **FIX            3
 **********
 **********
 **   30 **FIX            4
 **********
 **********
 **   31 **FIX            5
 **********
 PARAMETER    5  IS CONSTANT.   IGNORED.
 **********
 **   32 **FIX            6
 **********
 **********
 **   33 **FIX            7
 **********
 PARAMETER    7  IS CONSTANT.   IGNORED.
 **********
 **   34 **FIX           10
 **********
 **********
 **   35 **FIX           11
 **********
 **********
 **   36 **FIX           12
 **********
 PARAMETER   12  IS CONSTANT.   IGNORED.
 **********
 **   37 **FIX           13
 **********
 **********
 **   38 **FIX           14
 **********
 **********
 **   39 **FIX           15
 **********
 PARAMETER   15  IS CONSTANT.   IGNORED.
 **********
 **   40 **FIX           16
 **********
 **********
 **   41 **MIGRAD
 **********
 START MIGRAD MINIMIZATION.  STRATEGY  1.  CONVERGENCE WHEN EDM .LT. 1.00e-04
 FCN=48.9531 FROM MIGRAD    STATUS=INITIATE       18 CALLS        1189 TOTAL
                     EDM= unknown      STRATEGY= 1      NO ERROR MATRIX       
  EXT PARAMETER               CURRENT GUESS       STEP         FIRST   
  NO.   NAME      VALUE            ERROR          SIZE      DERIVATIVE 
   1  N0           3.21263e+06     fixed    
   2  tau          6.44090e+01   constant   
   3  A0           3.64336e-01     fixed    
   4  phi          4.11514e+00     fixed    
   5  R           -6.00655e+01   constant   
   6  alpha_CBO   -2.16743e-03     fixed    
   7  w_CBO        2.32500e+00   constant   
   8  beta_CBO     0.00000e+00   1.00000e-03   1.00000e-03  -6.98607e+03
   9  alpha_2CBO   0.00000e+00   1.00000e-03   1.00000e-03  -2.84586e+03
  10  beta_2CBO    3.42065e-04     fixed    
  11  alpha_y      0.00000e+00     fixed    
  12  w_y          1.38860e+01   constant   
  13  beta_y      -6.18476e-04     fixed    
  14  alpha_vw     0.00000e+00     fixed    
  15  w_vw         1.43404e+01   constant   
  16  beta_vw      0.00000e+00     fixed    
  17  LM           2.36781e-04   constant   
  18  zeta_y       0.00000e+00   constant   
  19  zeta_vw      0.00000e+00   constant   
  20  T_CBO        2.56214e+02   1.67556e+02   5.80620e-04  -9.54005e-04
  21  alpha_A0    -2.47691e-03   7.47186e-03   3.89016e-03   3.87863e-04
  22  beta_A0      9.99849e-03   1.71871e-02  -1.31363e-03  -1.42141e-04
  23  alpha_phi    4.62754e-03   1.49390e-02  -3.86581e-03   1.04063e-04
  24  beta_phi    -3.83170e-03   1.30200e-02  -3.98193e-03  -2.49978e-03
 MIGRAD MINIMIZATION HAS CONVERGED.
 MIGRAD WILL VERIFY CONVERGENCE AND ERROR MATRIX.
 COVARIANCE MATRIX CALCULATED SUCCESSFULLY
 FCN=42.6054 FROM MIGRAD    STATUS=CONVERGED     191 CALLS        1362 TOTAL
                     EDM=2.5484e-05    STRATEGY= 1      ERROR MATRIX ACCURATE 
  EXT PARAMETER                                   STEP         FIRST   
  NO.   NAME      VALUE            ERROR          SIZE      DERIVATIVE 
   1  N0           3.21263e+06     fixed    
   2  tau          6.44090e+01   constant   
   3  A0           3.64336e-01     fixed    
   4  phi          4.11514e+00     fixed    
   5  R           -6.00655e+01   constant   
   6  alpha_CBO   -2.16743e-03     fixed    
   7  w_CBO        2.32500e+00   constant   
   8  beta_CBO     1.53953e-03   6.57283e-04   2.08715e-06   8.33709e-02
   9  alpha_2CBO   6.81773e-04   6.52847e-04   2.05464e-06   5.16891e-02
  10  beta_2CBO    3.42065e-04     fixed    
  11  alpha_y      0.00000e+00     fixed    
  12  w_y          1.38860e+01   constant   
  13  beta_y      -6.18476e-04     fixed    
  14  alpha_vw     0.00000e+00     fixed    
  15  w_vw         1.43404e+01   constant   
  16  beta_vw      0.00000e+00     fixed    
  17  LM           2.36781e-04   constant   
  18  zeta_y       0.00000e+00   constant   
  19  zeta_vw      0.00000e+00   constant   
  20  T_CBO        2.91016e+02   2.24690e+02   1.17631e-03  -7.72831e-04
  21  alpha_A0    -2.41425e-03   6.33069e-03   2.20148e-03   7.68765e-04
  22  beta_A0      9.98235e-03   1.68734e-02   2.57819e-02  -6.83786e-04
  23  alpha_phi    4.85697e-03   6.89204e-03   2.44403e-03  -1.48597e-04
  24  beta_phi    -1.67460e-03   6.47790e-03   2.22120e-03  -3.23534e-05
 EXTERNAL ERROR MATRIX.    NDIM=  25    NPAR=  7    ERR DEF=1
  4.320e-07  2.153e-08  1.685e-02  6.011e-08  3.530e-09 -3.436e-07  4.945e-07 
  2.153e-08  4.262e-07 -1.577e-02 -1.149e-07 -2.403e-10  9.876e-07  9.445e-08 
  1.685e-02 -1.577e-02  5.524e+04  4.157e-01 -8.462e-01 -9.582e-01  3.806e-01 
  6.011e-08 -1.149e-07  4.157e-01  4.757e-05 -7.384e-06 -1.215e-05  3.402e-06 
  3.530e-09 -2.403e-10 -8.462e-01 -7.384e-06  3.925e-05  1.497e-05 -4.968e-06 
 -3.436e-07  9.876e-07 -9.582e-01 -1.215e-05  1.497e-05  6.304e-05 -4.019e-07 
  4.945e-07  9.445e-08  3.806e-01  3.402e-06 -4.968e-06 -4.019e-07  4.996e-05 
 PARAMETER  CORRELATION COEFFICIENTS  
       NO.  GLOBAL      8      9     20     21     22     23     24
        8  0.17354   1.000  0.050  0.109  0.013  0.001 -0.066  0.106
        9  0.21743   0.050  1.000 -0.103 -0.026 -0.000  0.191  0.020
       20  0.70879   0.109 -0.103  1.000  0.256 -0.575 -0.513  0.229
       21  0.28073   0.013 -0.026  0.256  1.000 -0.171 -0.222  0.070
       22  0.58261   0.001 -0.000 -0.575 -0.171  1.000  0.301 -0.112
       23  0.55171  -0.066  0.191 -0.513 -0.222  0.301  1.000 -0.007
       24  0.27825   0.106  0.020  0.229  0.070 -0.112 -0.007  1.000
MINUIT - FIT wiggle + 1-CBO + 2-CBO
 **********
 **   42 **RES 
 **********
                   PARAMETER   16  beta_vw RESTORED TO VARIABLE.
                   PARAMETER   14  alpha_vw RESTORED TO VARIABLE.
                   PARAMETER   13  beta_y RESTORED TO VARIABLE.
                   PARAMETER   11  alpha_y RESTORED TO VARIABLE.
                   PARAMETER   10  beta_2CBO RESTORED TO VARIABLE.
                   PARAMETER    6  alpha_CBO RESTORED TO VARIABLE.
                   PARAMETER    4  phi RESTORED TO VARIABLE.
                   PARAMETER    3  A0 RESTORED TO VARIABLE.
                   PARAMETER    1  N0 RESTORED TO VARIABLE.
 **********
 **   43 **FIX           10
 **********
 **********
 **   44 **FIX           11
 **********
 **********
 **   45 **FIX           12
 **********
 PARAMETER   12  IS CONSTANT.   IGNORED.
 **********
 **   46 **FIX           13
 **********
 **********
 **   47 **FIX           14
 **********
 **********
 **   48 **FIX           15
 **********
 PARAMETER   15  IS CONSTANT.   IGNORED.
 **********
 **   49 **FIX           16
 **********
 **********
 **   50 **MIGRAD
 **********
 START MIGRAD MINIMIZATION.  STRATEGY  1.  CONVERGENCE WHEN EDM .LT. 1.00e-04
 FCN=42.6054 FROM MIGRAD    STATUS=INITIATE       22 CALLS        1384 TOTAL
                     EDM= unknown      STRATEGY= 1      NO ERROR MATRIX       
  EXT PARAMETER               CURRENT GUESS       STEP         FIRST   
  NO.   NAME      VALUE            ERROR          SIZE      DERIVATIVE 
   1  N0           3.21263e+06   1.54553e+03   1.54553e+03   2.41775e-04
   2  tau          6.44090e+01   constant   
   3  A0           3.64336e-01   6.45018e-04   6.45018e-04   5.57640e+02
   4  phi          4.11514e+00   1.73098e-03   1.73098e-03  -5.94422e+02
   5  R           -6.00655e+01   constant   
   6  alpha_CBO   -2.16743e-03   6.60785e-04   6.60785e-04  -2.10821e+02
   7  w_CBO        2.32500e+00   constant   
   8  beta_CBO     1.53953e-03   6.57283e-04   2.08715e-06   8.33714e-02
   9  alpha_2CBO   6.81773e-04   6.52847e-04   2.05464e-06   5.16901e-02
  10  beta_2CBO    3.42065e-04     fixed    
  11  alpha_y      0.00000e+00     fixed    
  12  w_y          1.38860e+01   constant   
  13  beta_y      -6.18476e-04     fixed    
  14  alpha_vw     0.00000e+00     fixed    
  15  w_vw         1.43404e+01   constant   
  16  beta_vw      0.00000e+00     fixed    
  17  LM           2.36781e-04   constant   
  18  zeta_y       0.00000e+00   constant   
  19  zeta_vw      0.00000e+00   constant   
  20  T_CBO        2.91016e+02   2.24690e+02   1.17631e-03  -7.82897e-04
  21  alpha_A0    -2.41425e-03   6.33069e-03   2.20148e-03   7.71267e-04
  22  beta_A0      9.98235e-03   1.68734e-02   2.57819e-02  -6.97062e-04
  23  alpha_phi    4.85697e-03   6.89204e-03   2.44403e-03  -1.54142e-04
  24  beta_phi    -1.67460e-03   6.47790e-03   2.22120e-03  -3.20731e-05
 MIGRAD MINIMIZATION HAS CONVERGED.
 MIGRAD WILL VERIFY CONVERGENCE AND ERROR MATRIX.
 COVARIANCE MATRIX CALCULATED SUCCESSFULLY
 FCN=42.2955 FROM MIGRAD    STATUS=CONVERGED     250 CALLS        1612 TOTAL
                     EDM=6.13073e-05    STRATEGY= 1      ERROR MATRIX ACCURATE 
  EXT PARAMETER                                   STEP         FIRST   
  NO.   NAME      VALUE            ERROR          SIZE      DERIVATIVE 
   1  N0           3.21248e+06   1.54584e+03   4.50422e+00   4.73474e-07
   2  tau          6.44090e+01   constant   
   3  A0           3.64209e-01   6.40335e-04   1.92987e-06  -4.46967e-01
   4  phi          4.11600e+00   1.73495e-03   5.32672e-06   1.25590e-01
   5  R           -6.00655e+01   constant   
   6  alpha_CBO   -2.14979e-03   6.60362e-04   2.00971e-06   8.17797e-02
   7  w_CBO        2.32500e+00   constant   
   8  beta_CBO     1.61648e-03   6.71783e-04   2.07987e-06  -9.11404e-01
   9  alpha_2CBO   7.10739e-04   6.55642e-04   2.04750e-06  -4.51355e-01
  10  beta_2CBO    3.42065e-04     fixed    
  11  alpha_y      0.00000e+00     fixed    
  12  w_y          1.38860e+01   constant   
  13  beta_y      -6.18476e-04     fixed    
  14  alpha_vw     0.00000e+00     fixed    
  15  w_vw         1.43404e+01   constant   
  16  beta_vw      0.00000e+00     fixed    
  17  LM           2.36781e-04   constant   
  18  zeta_y       0.00000e+00   constant   
  19  zeta_vw      0.00000e+00   constant   
  20  T_CBO        2.94214e+02   3.58456e+02   1.17545e-03   3.11331e-03
  21  alpha_A0    -2.74466e-03   6.96364e-03   2.18433e-03   2.09604e-03
  22  beta_A0      9.99612e-03   1.05285e-02   4.51110e-02   2.36590e-04
  23  alpha_phi    5.09667e-03   1.55389e-02   2.44141e-03  -1.38903e-03
  24  beta_phi    -1.27544e-03   6.58972e-03   2.17194e-03   1.28309e-03
 EXTERNAL ERROR MATRIX.    NDIM=  25    NPAR= 11    ERR DEF=1
  2.390e+06 
  5.110e-02  4.100e-07 
  4.875e-01 -6.171e-08  3.010e-06 
  4.791e-02  1.042e-07  2.168e-08  4.361e-07 
 -3.154e-02 -3.004e-08  2.187e-07 -1.408e-09  4.513e-07 
 -3.268e-02 -1.625e-08  6.435e-08  1.580e-08  2.848e-08  4.299e-07 
  5.843e+04 -3.794e-03  3.123e-02 -3.391e-03  1.719e-02 -1.603e-02  1.702e+05 
  5.567e-01  4.512e-07 -7.878e-07  8.904e-07 -2.038e-08 -1.382e-07  1.576e+00  6.064e-05 
 -3.133e-02 -3.924e-08 -6.974e-08 -4.783e-09 -1.701e-08  5.137e-09  2.581e+00  2.521e-05  5.095e-05 
  1.469e+00 -6.025e-07  8.060e-07  1.352e-07 -2.812e-07  1.012e-06 -2.997e+00 -3.335e-05 -4.684e-05  1.024e-04 
  7.619e-02 -8.914e-07  6.294e-07 -3.368e-07  5.579e-07  1.560e-07  7.909e-01  6.430e-06  1.108e-05 -6.476e-06  5.195e-05 
 PARAMETER  CORRELATION COEFFICIENTS  
       NO.  GLOBAL      1      3      4      6      8      9     20     21     22     23     24
        1  0.35545   1.000  0.052  0.182  0.047 -0.030 -0.032  0.092  0.046 -0.003  0.094  0.007
        3  0.34648   0.052  1.000 -0.056  0.247 -0.070 -0.039 -0.014  0.090 -0.009 -0.093 -0.193
        4  0.29463   0.182 -0.056  1.000  0.019  0.188  0.057  0.044 -0.058 -0.006  0.046  0.050
        6  0.32053   0.047  0.247  0.019  1.000 -0.003  0.037 -0.012  0.173 -0.001  0.020 -0.071
        8  0.26720  -0.030 -0.070  0.188 -0.003  1.000  0.065  0.062 -0.004 -0.004 -0.041  0.115
        9  0.23499  -0.032 -0.039  0.057  0.037  0.065  1.000 -0.059 -0.027  0.001  0.152  0.033
       20  0.91499   0.092 -0.014  0.044 -0.012  0.062 -0.059  1.000  0.491  0.877 -0.718  0.266
       21  0.54165   0.046  0.090 -0.058  0.173 -0.004 -0.027  0.491  1.000  0.453 -0.423  0.115
       22  0.88517  -0.003 -0.009 -0.006 -0.001 -0.004  0.001  0.877  0.453  1.000 -0.649  0.215
       23  0.76238   0.094 -0.093  0.046  0.020 -0.041  0.152 -0.718 -0.423 -0.649  1.000 -0.089
       24  0.36362   0.007 -0.193  0.050 -0.071  0.115  0.033  0.266  0.115  0.215 -0.089  1.000
MINUIT - FIT ONLY 1-y
 **********
 **   51 **RES 
 **********
                   PARAMETER   16  beta_vw RESTORED TO VARIABLE.
                   PARAMETER   14  alpha_vw RESTORED TO VARIABLE.
                   PARAMETER   13  beta_y RESTORED TO VARIABLE.
                   PARAMETER   11  alpha_y RESTORED TO VARIABLE.
                   PARAMETER   10  beta_2CBO RESTORED TO VARIABLE.
 **********
 **   52 **FIX            0
 **********
 PARAMETER    0  IS UNDEFINED. IGNORED.
 **********
 **   53 **FIX            1
 **********
 **********
 **   54 **FIX            2
 **********
 PARAMETER    2  IS CONSTANT.   IGNORED.
 **********
 **   55 **FIX            3
 **********
 **********
 **   56 **FIX            4
 **********
 **********
 **   57 **FIX            5
 **********
 PARAMETER    5  IS CONSTANT.   IGNORED.
 **********
 **   58 **FIX            6
 **********
 **********
 **   59 **FIX            7
 **********
 PARAMETER    7  IS CONSTANT.   IGNORED.
 **********
 **   60 **FIX            8
 **********
 **********
 **   61 **FIX            9
 **********
 **********
 **   62 **FIX           13
 **********
 **********
 **   63 **FIX           14
 **********
 **********
 **   64 **FIX           15
 **********
 PARAMETER   15  IS CONSTANT.   IGNORED.
 **********
 **   65 **FIX           16
 **********
 **********
 **   66 **MIGRAD
 **********
 START MIGRAD MINIMIZATION.  STRATEGY  1.  CONVERGENCE WHEN EDM .LT. 1.00e-04
 FCN=42.2955 FROM MIGRAD    STATUS=INITIATE       18 CALLS        1630 TOTAL
                     EDM= unknown      STRATEGY= 1      NO ERROR MATRIX       
  EXT PARAMETER               CURRENT GUESS       STEP         FIRST   
  NO.   NAME      VALUE            ERROR          SIZE      DERIVATIVE 
   1  N0           3.21248e+06     fixed    
   2  tau          6.44090e+01   constant   
   3  A0           3.64209e-01     fixed    
   4  phi          4.11600e+00     fixed    
   5  R           -6.00655e+01   constant   
   6  alpha_CBO   -2.14979e-03     fixed    
   7  w_CBO        2.32500e+00   constant   
   8  beta_CBO     1.61648e-03     fixed    
   9  alpha_2CBO   7.10739e-04     fixed    
  10  beta_2CBO    3.42065e-04   6.26610e-04   6.26610e-04   1.91704e+01
  11  alpha_y      0.00000e+00   1.00000e-03   1.00000e-03  -6.53503e+02
  12  w_y          1.38860e+01   constant   
  13  beta_y      -6.18476e-04     fixed    
  14  alpha_vw     0.00000e+00     fixed    
  15  w_vw         1.43404e+01   constant   
  16  beta_vw      0.00000e+00     fixed    
  17  LM           2.36781e-04   constant   
  18  zeta_y       0.00000e+00   constant   
  19  zeta_vw      0.00000e+00   constant   
  20  T_CBO        2.94214e+02   3.58456e+02   1.17545e-03   3.10317e-03
  21  alpha_A0    -2.74466e-03   6.96364e-03   2.18433e-03   2.09888e-03
  22  beta_A0      9.99612e-03   1.05285e-02   4.51110e-02  -3.38722e-04
  23  alpha_phi    5.09667e-03   1.55389e-02   2.44141e-03  -1.39490e-03
  24  beta_phi    -1.27544e-03   6.58972e-03   2.17194e-03   1.28436e-03
 MIGRAD MINIMIZATION HAS CONVERGED.
 MIGRAD WILL VERIFY CONVERGENCE AND ERROR MATRIX.
 COVARIANCE MATRIX CALCULATED SUCCESSFULLY
 FCN=42.2519 FROM MIGRAD    STATUS=CONVERGED     122 CALLS        1734 TOTAL
                     EDM=2.33327e-06    STRATEGY= 1      ERROR MATRIX ACCURATE 
  EXT PARAMETER                                   STEP         FIRST   
  NO.   NAME      VALUE            ERROR          SIZE      DERIVATIVE 
   1  N0           3.21248e+06     fixed    
   2  tau          6.44090e+01   constant   
   3  A0           3.64209e-01     fixed    
   4  phi          4.11600e+00     fixed    
   5  R           -6.00655e+01   constant   
   6  alpha_CBO   -2.14979e-03     fixed    
   7  w_CBO        2.32500e+00   constant   
   8  beta_CBO     1.61648e-03     fixed    
   9  alpha_2CBO   7.10739e-04     fixed    
  10  beta_2CBO    3.38103e-04   6.49507e-04   2.03927e-06   5.99787e-01
  11  alpha_y      1.33260e-04   6.38567e-04   2.04983e-06   3.18817e-02
  12  w_y          1.38860e+01   constant   
  13  beta_y      -6.18476e-04     fixed    
  14  alpha_vw     0.00000e+00     fixed    
  15  w_vw         1.43404e+01   constant   
  16  beta_vw      0.00000e+00     fixed    
  17  LM           2.36781e-04   constant   
  18  zeta_y       0.00000e+00   constant   
  19  zeta_vw      0.00000e+00   constant   
  20  T_CBO        2.93424e+02   2.13039e+02   1.17031e-03  -9.11351e-04
  21  alpha_A0    -2.76072e-03   6.34713e-03   2.18897e-03   1.18907e-03
  22  beta_A0      1.00000e-02   1.16703e-02   6.21442e-02** at limit **
  23  alpha_phi    5.12122e-03   6.70977e-03   2.45036e-03  -2.01437e-03
  24  beta_phi    -1.32343e-03   6.43657e-03   2.17728e-03  -1.07449e-03
 EXTERNAL ERROR MATRIX.    NDIM=  25    NPAR=  7    ERR DEF=1
  4.219e-07  2.660e-10  4.444e-03  5.506e-07 -4.965e-11 -1.990e-07  7.830e-07 
  2.660e-10  4.078e-07 -1.394e-03 -1.913e-08  7.707e-12  6.051e-08 -1.020e-07 
  4.444e-03 -1.394e-03  4.915e+04  4.292e-01  8.607e-03 -8.542e-01  2.750e-01 
  5.506e-07 -1.913e-08  4.292e-01  4.806e-05  8.502e-08 -1.252e-05  3.901e-06 
 -4.965e-11  7.707e-12  8.607e-03  8.502e-08  5.712e-09 -1.578e-07  3.851e-08 
 -1.990e-07  6.051e-08 -8.542e-01 -1.252e-05 -1.578e-07  5.930e-05  8.278e-07 
  7.830e-07 -1.020e-07  2.750e-01  3.901e-06  3.851e-08  8.278e-07  4.908e-05 
 PARAMETER  CORRELATION COEFFICIENTS  
       NO.  GLOBAL     10     11     20     21     22     23     24
       10  0.20989   1.000  0.001  0.031  0.122 -0.001 -0.040  0.172
       11  0.02724   0.001  1.000 -0.010 -0.004  0.000  0.012 -0.023
       20  0.66471   0.031 -0.010  1.000  0.279  0.514 -0.500  0.177
       21  0.32157   0.122 -0.004  0.279  1.000  0.162 -0.234  0.080
       22  0.51485  -0.001  0.000  0.514  0.162  1.000 -0.271  0.073
       23  0.52263  -0.040  0.012 -0.500 -0.234 -0.271  1.000  0.015
       24  0.27601   0.172 -0.023  0.177  0.080  0.073  0.015  1.000
MINUIT - FIT ONLY 2-y
 **********
 **   67 **RES 
 **********
                   PARAMETER   16  beta_vw RESTORED TO VARIABLE.
                   PARAMETER   14  alpha_vw RESTORED TO VARIABLE.
                   PARAMETER   13  beta_y RESTORED TO VARIABLE.
                   PARAMETER    9  alpha_2CBO RESTORED TO VARIABLE.
                   PARAMETER    8  beta_CBO RESTORED TO VARIABLE.
                   PARAMETER    6  alpha_CBO RESTORED TO VARIABLE.
                   PARAMETER    4  phi RESTORED TO VARIABLE.
                   PARAMETER    3  A0 RESTORED TO VARIABLE.
                   PARAMETER    1  N0 RESTORED TO VARIABLE.
 **********
 **   68 **FIX            0
 **********
 PARAMETER    0  IS UNDEFINED. IGNORED.
 **********
 **   69 **FIX            1
 **********
 **********
 **   70 **FIX            2
 **********
 PARAMETER    2  IS CONSTANT.   IGNORED.
 **********
 **   71 **FIX            3
 **********
 **********
 **   72 **FIX            4
 **********
 **********
 **   73 **FIX            5
 **********
 PARAMETER    5  IS CONSTANT.   IGNORED.
 **********
 **   74 **FIX            6
 **********
 **********
 **   75 **FIX            7
 **********
 PARAMETER    7  IS CONSTANT.   IGNORED.
 **********
 **   76 **FIX            8
 **********
 **********
 **   77 **FIX            9
 **********
 **********
 **   78 **FIX           10
 **********
 **********
 **   79 **FIX           11
 **********
 **********
 **   80 **FIX           12
 **********
 PARAMETER   12  IS CONSTANT.   IGNORED.
 **********
 **   81 **FIX           16
 **********
 **********
 **   82 **MIGRAD
 **********
 START MIGRAD MINIMIZATION.  STRATEGY  1.  CONVERGENCE WHEN EDM .LT. 1.00e-04
 FCN=42.2519 FROM MIGRAD    STATUS=INITIATE       16 CALLS        1750 TOTAL
                     EDM= unknown      STRATEGY= 1      NO ERROR MATRIX       
  EXT PARAMETER               CURRENT GUESS       STEP         FIRST   
  NO.   NAME      VALUE            ERROR          SIZE      DERIVATIVE 
   1  N0           3.21248e+06     fixed    
   2  tau          6.44090e+01   constant   
   3  A0           3.64209e-01     fixed    
   4  phi          4.11600e+00     fixed    
   5  R           -6.00655e+01   constant   
   6  alpha_CBO   -2.14979e-03     fixed    
   7  w_CBO        2.32500e+00   constant   
   8  beta_CBO     1.61648e-03     fixed    
   9  alpha_2CBO   7.10739e-04     fixed    
  10  beta_2CBO    3.38103e-04     fixed    
  11  alpha_y      1.33260e-04     fixed    
  12  w_y          1.38860e+01   constant   
  13  beta_y      -6.18476e-04   6.31122e-04   6.31122e-04  -9.99127e+01
  14  alpha_vw     0.00000e+00   1.00000e-03   1.00000e-03   4.66155e+03
  15  w_vw         1.43404e+01   constant   
  16  beta_vw      0.00000e+00     fixed    
  17  LM           2.36781e-04   constant   
  18  zeta_y       0.00000e+00   constant   
  19  zeta_vw      0.00000e+00   constant   
  20  T_CBO        2.93424e+02   2.13039e+02   1.17031e-03  -9.21496e-04
  21  alpha_A0    -2.76072e-03   6.34713e-03   2.18897e-03   1.19190e-03
  22  beta_A0      1.00000e-02   1.16703e-02   6.21442e-02** at limit **
  23  alpha_phi    5.12122e-03   6.70977e-03   2.45036e-03  -2.02027e-03
  24  beta_phi    -1.32343e-03   6.43657e-03   2.17728e-03  -1.07316e-03
 MIGRAD MINIMIZATION HAS CONVERGED.
 MIGRAD WILL VERIFY CONVERGENCE AND ERROR MATRIX.
 COVARIANCE MATRIX CALCULATED SUCCESSFULLY
 FCN=39.8863 FROM MIGRAD    STATUS=CONVERGED     131 CALLS        1865 TOTAL
                     EDM=1.50969e-05    STRATEGY= 1      ERROR MATRIX ACCURATE 
  EXT PARAMETER                                   STEP         FIRST   
  NO.   NAME      VALUE            ERROR          SIZE      DERIVATIVE 
   1  N0           3.21248e+06     fixed    
   2  tau          6.44090e+01   constant   
   3  A0           3.64209e-01     fixed    
   4  phi          4.11600e+00     fixed    
   5  R           -6.00655e+01   constant   
   6  alpha_CBO   -2.14979e-03     fixed    
   7  w_CBO        2.32500e+00   constant   
   8  beta_CBO     1.61648e-03     fixed    
   9  alpha_2CBO   7.10739e-04     fixed    
  10  beta_2CBO    3.38103e-04     fixed    
  11  alpha_y      1.33260e-04     fixed    
  12  w_y          1.38860e+01   constant   
  13  beta_y      -8.90828e-04   6.61954e-04   1.97897e-06   4.91814e-01
  14  alpha_vw    -1.02115e-03   6.63820e-04   1.98499e-06  -1.91357e+00
