 + ++++++++++++++++++++++++++++++++++++++++++++++++++++++++++++++++++++ +
 +                                                                      +
 +           You have chose to blind your fitting according to          +
 +                omega_ref * (1 + (R +/- deltaR) *10^{-6})             +
 +                                                                      +
 + ++++++++++++++++++++++++++++++++++++++++++++++++++++++++++++++++++++ +
In main()...
reading format from /gm2data/zkhechad/run45/envelope/formats/formatB_sBin_constraintOn.txt
pBinTau 	= 0  
pBinPhi 	= 0  
constraintau 	= 1 
includeMopTerm 	= 0    
constrainMop    = 0   
Parameters after format file: pBinTau 0 pBinPhi 0 constraintau 1 includeMopTerm 0 constrainMop 0 c_e_scale 0.000000 
Opening file /gm2data/tbarrett/gm2fr/studies/run23_bunch_corrections/CorrectedFourier_Run3b.root.
reading full fit data from /gm2data/zkhechad/cboTemplates/Run4CBOTemplates/fullFits/noRF/sBin_constraintOn_cE0.0_seed0_noRF_calo15.root
windowBins = 69
fitting sliding window 140 from bin 276 at 41.030000 to bin 345 at 51.474000 (69 bins)

Reading data from /gm2data/cornell/histograms/aMethod/histogram_a_noRF.root
 **********
 **    1 **SET PRINTOUT            1
 **********
 **********
 **    2 **SET NOWARNINGS 
 **********
 PARAMETER DEFINITIONS:
    NO.   NAME         VALUE      STEP SIZE      LIMITS
     1 N0           3.09348e+06  1.00000e+02     no limits
     2 tau          6.43983e+01  constant
     3 A0           3.54040e-01  1.00000e-04     no limits
     4 phi          4.11948e+00  1.00000e-02     no limits
     5 R           -6.00563e+01  constant
     6 alpha_CBO    0.00000e+00  1.00000e-03     no limits
     7 w_CBO        2.32500e+00  constant
     8 beta_CBO     0.00000e+00  1.00000e-03     no limits
     9 alpha_2CBO   0.00000e+00  1.00000e-03     no limits
    10 beta_2CBO    0.00000e+00  1.00000e-03     no limits
    11 alpha_y      0.00000e+00  1.00000e-03     no limits
    12 w_y          1.38860e+01  constant
    13 beta_y       0.00000e+00  1.00000e-03     no limits
    14 alpha_vw     0.00000e+00  1.00000e-03     no limits
    15 w_vw         1.43404e+01  constant
    16 beta_vw      0.00000e+00  1.00000e-03     no limits
    17 LM          -1.62209e-04  constant
    18 zeta_y       0.00000e+00  constant
    19 zeta_vw      0.00000e+00  constant
    20 T_CBO        1.00000e+02  1.00000e+00    0.00000e+00  1.00000e+03
    21 alpha_A0     0.00000e+00  1.00000e-03     no limits
    22 beta_A0      0.00000e+00  1.00000e-03     no limits
    23 alpha_phi    0.00000e+00  1.00000e-03     no limits
    24 beta_phi     0.00000e+00  1.00000e-03     no limits
MINUIT - FIT ONLY WIGGLE
 **********
 **    3 **FIX            5
 **********
 PARAMETER    5  IS CONSTANT.   IGNORED.
 **********
 **    4 **FIX            6
 **********
 **********
 **    5 **FIX            7
 **********
 PARAMETER    7  IS CONSTANT.   IGNORED.
 **********
 **    6 **FIX            8
 **********
 **********
 **    7 **FIX            9
 **********
 **********
 **    8 **FIX           10
 **********
 **********
 **    9 **FIX           11
 **********
 **********
 **   10 **FIX           12
 **********
 PARAMETER   12  IS CONSTANT.   IGNORED.
 **********
 **   11 **FIX           13
 **********
 **********
 **   12 **FIX           14
 **********
 **********
 **   13 **FIX           15
 **********
 PARAMETER   15  IS CONSTANT.   IGNORED.
 **********
 **   14 **FIX           16
 **********
 **********
 **   15 **MIGRAD
 **********
 FIRST CALL TO USER FUNCTION AT NEW START POINT, WITH IFLAG=4.
 START MIGRAD MINIMIZATION.  STRATEGY  1.  CONVERGENCE WHEN EDM .LT. 1.00e-04
 FCN=8020.47 FROM MIGRAD    STATUS=INITIATE      435 CALLS         436 TOTAL
                     EDM= unknown      STRATEGY= 1      NO ERROR MATRIX       
  EXT PARAMETER               CURRENT GUESS       STEP         FIRST   
  NO.   NAME      VALUE            ERROR          SIZE      DERIVATIVE 
   1  N0           3.09348e+06   1.00000e+02   0.00000e+00   1.33461e-01
   2  tau          6.43983e+01   constant   
   3  A0           3.54040e-01   1.00000e-04   0.00000e+00   3.57213e+05
   4  phi          4.11948e+00   1.00000e-02   0.00000e+00  -2.26761e+04
   5  R           -6.00563e+01   constant   
   6  alpha_CBO    0.00000e+00     fixed    
   7  w_CBO        2.32500e+00   constant   
   8  beta_CBO     0.00000e+00     fixed    
   9  alpha_2CBO   0.00000e+00     fixed    
  10  beta_2CBO    0.00000e+00     fixed    
  11  alpha_y      0.00000e+00     fixed    
  12  w_y          1.38860e+01   constant   
  13  beta_y       0.00000e+00     fixed    
  14  alpha_vw     0.00000e+00     fixed    
  15  w_vw         1.43404e+01   constant   
  16  beta_vw      0.00000e+00     fixed    
  17  LM          -1.62209e-04   constant   
  18  zeta_y       0.00000e+00   constant   
  19  zeta_vw      0.00000e+00   constant   
  20  T_CBO        1.00000e+02   1.00000e+00   0.00000e+00   0.00000e+00
  21  alpha_A0     0.00000e+00   1.00000e-03   0.00000e+00   7.06756e+03
  22  beta_A0      0.00000e+00   1.00000e-03   0.00000e+00   6.29842e+03
  23  alpha_phi    0.00000e+00   1.00000e-03   0.00000e+00  -1.59995e+04
  24  beta_phi     0.00000e+00   1.00000e-03   0.00000e+00  -8.21193e+04
 CALL LIMIT EXCEEDED IN MIGRAD.
 MIGRAD TERMINATED WITHOUT CONVERGENCE.
 FCN=7022.58 FROM MIGRAD    STATUS=CALL LIMIT   1324 CALLS        1325 TOTAL
                     EDM=3.15504    STRATEGY= 1  ERROR MATRIX UNCERTAINTY   0.0 per cent
  EXT PARAMETER                APPROXIMATE        STEP         FIRST   
  NO.   NAME      VALUE            ERROR          SIZE      DERIVATIVE 
   1  N0           3.09276e+06   1.86194e+02   5.87461e+00   4.48980e-03
   2  tau          6.43983e+01   constant   
   3  A0           3.52686e-01   8.36892e-05  -1.82682e-05  -8.53167e+03
   4  phi          4.12137e+00   2.63484e-04  -2.46778e-04  -1.80828e+03
   5  R           -6.00563e+01   constant   
   6  alpha_CBO    0.00000e+00     fixed    
   7  w_CBO        2.32500e+00   constant   
   8  beta_CBO     0.00000e+00     fixed    
   9  alpha_2CBO   0.00000e+00     fixed    
  10  beta_2CBO    0.00000e+00     fixed    
  11  alpha_y      0.00000e+00     fixed    
  12  w_y          1.38860e+01   constant   
  13  beta_y       0.00000e+00     fixed    
  14  alpha_vw     0.00000e+00     fixed    
  15  w_vw         1.43404e+01   constant   
  16  beta_vw      0.00000e+00     fixed    
  17  LM          -1.62209e-04   constant   
  18  zeta_y       0.00000e+00   constant   
  19  zeta_vw      0.00000e+00   constant   
  20  T_CBO        6.37348e+00   1.29785e-01  -2.29395e-03  -6.99614e+03
  21  alpha_A0    -1.02520e+00   1.10176e-01  -1.59922e-01  -7.52760e+00
  22  beta_A0      3.60091e-01   3.96901e-02   5.75202e-02   1.56999e+01
  23  alpha_phi    1.72874e+00   1.87012e-01   2.71501e-01  -7.42139e+00
  24  beta_phi     1.00389e+01   1.08634e+00   1.57701e+00  -1.03249e+01
 EXTERNAL ERROR MATRIX.    NDIM=  25    NPAR=  8    ERR DEF=1
  3.467e+04 -1.711e-03  6.112e-03  8.683e-01 -8.208e-01  2.934e-01  1.348e+00  7.820e+00 
 -1.711e-03  7.004e-09  2.262e-10 -7.700e-07  3.484e-08 -8.537e-09 -4.886e-08 -2.782e-07 
  6.112e-03  2.262e-10  6.942e-08 -2.397e-06 -6.696e-07  2.623e-07  1.110e-06  6.481e-06 
  8.683e-01 -7.700e-07 -2.397e-06  1.684e-02  1.402e-02 -5.052e-03 -2.380e-02 -1.383e-01 
 -8.208e-01  3.484e-08 -6.696e-07  1.402e-02  1.214e-02 -4.372e-03 -2.060e-02 -1.197e-01 
  2.934e-01 -8.537e-09  2.623e-07 -5.052e-03 -4.372e-03  1.575e-03  7.421e-03  4.311e-02 
  1.348e+00 -4.886e-08  1.110e-06 -2.380e-02 -2.060e-02  7.421e-03  3.497e-02  2.032e-01 
  7.820e+00 -2.782e-07  6.481e-06 -1.383e-01 -1.197e-01  4.311e-02  2.032e-01  1.180e+00 
ERR MATRIX APPROXIMATE
 PARAMETER  CORRELATION COEFFICIENTS  
       NO.  GLOBAL      1      3      4     20     21     22     23     24
        1  0.49056   1.000 -0.110  0.125  0.036 -0.040  0.040  0.039  0.039
        3  0.40599  -0.110  1.000  0.010 -0.071  0.004 -0.003 -0.003 -0.003
        4  0.37314   0.125  0.010  1.000 -0.070 -0.023  0.025  0.023  0.023
       20  0.98732   0.036 -0.071 -0.070  1.000  0.981 -0.981 -0.981 -0.981
       21  0.99999  -0.040  0.004 -0.023  0.981  1.000 -1.000 -1.000 -1.000
       22  0.99986   0.040 -0.003  0.025 -0.981 -1.000  1.000  1.000  1.000
       23  1.00000   0.039 -0.003  0.023 -0.981 -1.000  1.000  1.000  1.000
       24  1.00000   0.039 -0.003  0.023 -0.981 -1.000  1.000  1.000  1.000
 ERR MATRIX APPROXIMATE
MINUIT - FIT ONLY 1-CBO + wiggle
 **********
 **   16 **RES 
 **********
                   PARAMETER   16  beta_vw RESTORED TO VARIABLE.
                   PARAMETER   14  alpha_vw RESTORED TO VARIABLE.
                   PARAMETER   13  beta_y RESTORED TO VARIABLE.
                   PARAMETER   11  alpha_y RESTORED TO VARIABLE.
                   PARAMETER   10  beta_2CBO RESTORED TO VARIABLE.
                   PARAMETER    9  alpha_2CBO RESTORED TO VARIABLE.
                   PARAMETER    8  beta_CBO RESTORED TO VARIABLE.
                   PARAMETER    6  alpha_CBO RESTORED TO VARIABLE.
 **********
 **   17 **FIX            8
 **********
 **********
 **   18 **FIX            9
 **********
 **********
 **   19 **FIX           11
 **********
 **********
 **   20 **FIX           12
 **********
 PARAMETER   12  IS CONSTANT.   IGNORED.
 **********
 **   21 **FIX           14
 **********
 **********
 **   22 **FIX           15
 **********
 PARAMETER   15  IS CONSTANT.   IGNORED.
 **********
 **   23 **FIX           16
 **********
 **********
 **   24 **MIGRAD
 **********
 START MIGRAD MINIMIZATION.  STRATEGY  1.  CONVERGENCE WHEN EDM .LT. 1.00e-04
 FCN=7022.58 FROM MIGRAD    STATUS=INITIATE       28 CALLS        1353 TOTAL
                     EDM= unknown      STRATEGY= 1      NO ERROR MATRIX       
  EXT PARAMETER               CURRENT GUESS       STEP         FIRST   
  NO.   NAME      VALUE            ERROR          SIZE      DERIVATIVE 
   1  N0           3.09276e+06   1.86194e+02   5.87461e+00   4.48980e-03
   2  tau          6.43983e+01   constant   
   3  A0           3.52686e-01   8.36892e-05  -1.82682e-05  -8.53167e+03
   4  phi          4.12137e+00   2.63484e-04  -2.46778e-04  -1.80828e+03
   5  R           -6.00563e+01   constant   
   6  alpha_CBO    0.00000e+00   1.00000e-03   1.00000e-03  -1.19259e+06
   7  w_CBO        2.32500e+00   constant   
   8  beta_CBO     0.00000e+00     fixed    
   9  alpha_2CBO   0.00000e+00     fixed    
  10  beta_2CBO    0.00000e+00   1.00000e-03   1.00000e-03   2.10699e+05
  11  alpha_y      0.00000e+00     fixed    
  12  w_y          1.38860e+01   constant   
  13  beta_y       0.00000e+00   1.00000e-03   1.00000e-03  -4.18770e+05
  14  alpha_vw     0.00000e+00     fixed    
  15  w_vw         1.43404e+01   constant   
  16  beta_vw      0.00000e+00     fixed    
  17  LM          -1.62209e-04   constant   
  18  zeta_y       0.00000e+00   constant   
  19  zeta_vw      0.00000e+00   constant   
  20  T_CBO        6.37348e+00   1.29785e-01  -2.29395e-03  -6.99615e+03
  21  alpha_A0    -1.02520e+00   1.10176e-01  -1.59922e-01  -7.52760e+00
  22  beta_A0      3.60091e-01   3.96901e-02   5.75202e-02   1.56999e+01
  23  alpha_phi    1.72874e+00   1.87012e-01   2.71501e-01  -7.42139e+00
  24  beta_phi     1.00389e+01   1.08634e+00   1.57701e+00  -1.03249e+01
 CALL LIMIT EXCEEDED IN MIGRAD.
 MIGRAD TERMINATED WITHOUT CONVERGENCE.
 FCN=3934.72 FROM MIGRAD    STATUS=CALL LIMIT   1923 CALLS        3248 TOTAL
                     EDM=1.72905    STRATEGY= 1  ERROR MATRIX UNCERTAINTY  25.8 per cent
  EXT PARAMETER                APPROXIMATE        STEP         FIRST   
  NO.   NAME      VALUE            ERROR          SIZE      DERIVATIVE 
   1  N0           3.09286e+06   1.83408e+02   2.06683e+01   2.36047e-03
   2  tau          6.43983e+01   constant   
   3  A0           3.52895e-01   8.03473e-05   2.05492e-05   1.96380e+03
   4  phi          4.11985e+00   2.54160e-04   8.93045e-05   1.30430e+03
   5  R           -6.00563e+01   constant   
   6  alpha_CBO    4.45212e-03   8.50362e-05   4.75615e-05   1.33252e+04
   7  w_CBO        2.32500e+00   constant   
   8  beta_CBO     0.00000e+00     fixed    
   9  alpha_2CBO   0.00000e+00     fixed    
  10  beta_2CBO   -1.66307e-04   8.28519e-05   1.87073e-05   1.49527e+01
  11  alpha_y      0.00000e+00     fixed    
  12  w_y          1.38860e+01   constant   
  13  beta_y       1.43718e-03   7.98081e-05   8.80273e-05   2.02989e+04
  14  alpha_vw     0.00000e+00     fixed    
  15  w_vw         1.43404e+01   constant   
  16  beta_vw      0.00000e+00     fixed    
  17  LM          -1.62209e-04   constant   
  18  zeta_y       0.00000e+00   constant   
  19  zeta_vw      0.00000e+00   constant   
  20  T_CBO        2.52289e+00   3.65194e-02  -1.85027e-03  -1.78122e+03
  21  alpha_A0     1.22774e+04   1.81830e+03   5.91695e+03   3.05631e-04
  22  beta_A0     -3.67934e+04   5.44560e+03  -1.77207e+04   1.68758e-05
  23  alpha_phi   -2.49902e+04   3.69758e+03  -1.20324e+04   3.19688e-05
  24  beta_phi     3.46993e+05   5.13709e+04   1.67169e+05  -6.46217e-05
 EXTERNAL ERROR MATRIX.    NDIM=  25    NPAR= 11    ERR DEF=1
  3.364e+04 
 -9.742e-04  6.456e-09 
  4.598e-03  2.380e-10  6.460e-08 
  1.018e-03  4.272e-10 -4.170e-09  7.231e-09 
  8.287e-04  1.910e-10  3.593e-10  5.390e-10  6.864e-09 
 -3.792e-04 -1.614e-10 -4.808e-10 -1.902e-10  7.568e-12  6.369e-09 
  2.116e-01 -1.730e-07 -1.802e-07 -7.175e-08 -1.330e-07 -7.325e-08  1.334e-03 
 -1.403e+03  4.679e-03  3.546e-02  3.162e-03  1.017e-02  3.512e-03 -6.353e+01  3.306e+06 
  4.164e+03 -1.401e-02 -1.062e-01 -9.470e-03 -3.046e-02 -1.052e-02  1.903e+02 -9.902e+06  2.965e+07 
  2.832e+03 -9.507e-03 -7.212e-02 -6.435e-03 -2.068e-02 -7.143e-03  1.292e+02 -6.723e+06  2.014e+07  1.367e+07 
 -3.916e+04  1.322e-01  1.002e+00  8.934e-02  2.873e-01  9.923e-02 -1.795e+03  9.341e+07 -2.797e+08 -1.899e+08  2.639e+09 
ERR MATRIX APPROXIMATE
 PARAMETER  CORRELATION COEFFICIENTS  
       NO.  GLOBAL      1      3      4      6     10     13     20     21     22     23     24
        1  0.32853   1.000 -0.066  0.099  0.065  0.055 -0.026  0.032 -0.004  0.004  0.004 -0.004
        3  0.26233  -0.066  1.000  0.012  0.063  0.029 -0.025 -0.059  0.032 -0.032 -0.032  0.032
        4  0.30734   0.099  0.012  1.000 -0.193  0.017 -0.024 -0.019  0.077 -0.077 -0.077  0.077
        6  0.28241   0.065  0.063 -0.193  1.000  0.077 -0.028 -0.023  0.020 -0.020 -0.020  0.020
       10  0.17745   0.055  0.029  0.017  0.077  1.000  0.001 -0.044  0.068 -0.068 -0.067  0.068
       13  0.05923  -0.026 -0.025 -0.024 -0.028  0.001  1.000 -0.025  0.024 -0.024 -0.024  0.024
       20  0.96204   0.032 -0.059 -0.019 -0.023 -0.044 -0.025  1.000 -0.957  0.957  0.957 -0.957
       21  1.00000  -0.004  0.032  0.077  0.020  0.068  0.024 -0.957  1.000 -1.000 -1.000  1.000
       22  1.00000   0.004 -0.032 -0.077 -0.020 -0.068 -0.024  0.957 -1.000  1.000  1.000 -1.000
       23  1.00000   0.004 -0.032 -0.077 -0.020 -0.067 -0.024  0.957 -1.000  1.000  1.000 -1.000
       24  1.00000  -0.004  0.032  0.077  0.020  0.068  0.024 -0.957  1.000 -1.000 -1.000  1.000
 ERR MATRIX APPROXIMATE
MINUIT - FIT ONLY 2-CBO
 **********
 **   25 **RES 
 **********
                   PARAMETER   16  beta_vw RESTORED TO VARIABLE.
                   PARAMETER   14  alpha_vw RESTORED TO VARIABLE.
                   PARAMETER   11  alpha_y RESTORED TO VARIABLE.
                   PARAMETER    9  alpha_2CBO RESTORED TO VARIABLE.
                   PARAMETER    8  beta_CBO RESTORED TO VARIABLE.
 **********
 **   26 **FIX            0
 **********
 PARAMETER    0  IS UNDEFINED. IGNORED.
 **********
 **   27 **FIX            1
 **********
 **********
 **   28 **FIX            2
 **********
 PARAMETER    2  IS CONSTANT.   IGNORED.
 **********
 **   29 **FIX            3
 **********
 **********
 **   30 **FIX            4
 **********
 **********
 **   31 **FIX            5
 **********
 PARAMETER    5  IS CONSTANT.   IGNORED.
 **********
 **   32 **FIX            6
 **********
 **********
 **   33 **FIX            7
 **********
 PARAMETER    7  IS CONSTANT.   IGNORED.
 **********
 **   34 **FIX           10
 **********
 **********
 **   35 **FIX           11
 **********
 **********
 **   36 **FIX           12
 **********
 PARAMETER   12  IS CONSTANT.   IGNORED.
 **********
 **   37 **FIX           13
 **********
 **********
 **   38 **FIX           14
 **********
 **********
 **   39 **FIX           15
 **********
 PARAMETER   15  IS CONSTANT.   IGNORED.
 **********
 **   40 **FIX           16
 **********
 **********
 **   41 **MIGRAD
 **********
 START MIGRAD MINIMIZATION.  STRATEGY  1.  CONVERGENCE WHEN EDM .LT. 1.00e-04
 FCN=3934.72 FROM MIGRAD    STATUS=INITIATE       18 CALLS        3266 TOTAL
                     EDM= unknown      STRATEGY= 1      NO ERROR MATRIX       
  EXT PARAMETER               CURRENT GUESS       STEP         FIRST   
  NO.   NAME      VALUE            ERROR          SIZE      DERIVATIVE 
   1  N0           3.09286e+06     fixed    
   2  tau          6.43983e+01   constant   
   3  A0           3.52895e-01     fixed    
   4  phi          4.11985e+00     fixed    
   5  R           -6.00563e+01   constant   
   6  alpha_CBO    4.45212e-03     fixed    
   7  w_CBO        2.32500e+00   constant   
   8  beta_CBO     0.00000e+00   1.00000e-03   1.00000e-03  -1.30049e+06
   9  alpha_2CBO   0.00000e+00   1.00000e-03   1.00000e-03   6.71013e+04
  10  beta_2CBO   -1.66307e-04     fixed    
  11  alpha_y      0.00000e+00     fixed    
  12  w_y          1.38860e+01   constant   
  13  beta_y       1.43718e-03     fixed    
  14  alpha_vw     0.00000e+00     fixed    
  15  w_vw         1.43404e+01   constant   
  16  beta_vw      0.00000e+00     fixed    
  17  LM          -1.62209e-04   constant   
  18  zeta_y       0.00000e+00   constant   
  19  zeta_vw      0.00000e+00   constant   
  20  T_CBO        2.52289e+00   3.65194e-02  -1.85027e-03  -1.78130e+03
  21  alpha_A0     1.22774e+04   1.81830e+03   5.91695e+03   3.05631e-04
  22  beta_A0     -3.67934e+04   5.44560e+03  -1.77207e+04   1.68758e-05
  23  alpha_phi   -2.49902e+04   3.69758e+03  -1.20324e+04   3.19688e-05
  24  beta_phi     3.46993e+05   5.13709e+04   1.67169e+05  -6.46217e-05
 CALL LIMIT EXCEEDED IN MIGRAD.
 MIGRAD TERMINATED WITHOUT CONVERGENCE.
 FCN=802.751 FROM MIGRAD    STATUS=CALL LIMIT   1146 CALLS        4394 TOTAL
                     EDM=11.3502    STRATEGY= 1  ERROR MATRIX UNCERTAINTY  20.3 per cent
  EXT PARAMETER                APPROXIMATE        STEP         FIRST   
  NO.   NAME      VALUE            ERROR          SIZE      DERIVATIVE 
   1  N0           3.09286e+06     fixed    
   2  tau          6.43983e+01   constant   
   3  A0           3.52895e-01     fixed    
   4  phi          4.11985e+00     fixed    
   5  R           -6.00563e+01   constant   
   6  alpha_CBO    4.45212e-03     fixed    
   7  w_CBO        2.32500e+00   constant   
   8  beta_CBO     4.74694e-03   8.42582e-05   1.25038e-05  -1.23329e+03
   9  alpha_2CBO  -2.65581e-04   7.43059e-05   6.31849e-06   4.31066e+03
  10  beta_2CBO   -1.66307e-04     fixed    
  11  alpha_y      0.00000e+00     fixed    
  12  w_y          1.38860e+01   constant   
  13  beta_y       1.43718e-03     fixed    
  14  alpha_vw     0.00000e+00     fixed    
  15  w_vw         1.43404e+01   constant   
  16  beta_vw      0.00000e+00     fixed    
  17  LM          -1.62209e-04   constant   
  18  zeta_y       0.00000e+00   constant   
  19  zeta_vw      0.00000e+00   constant   
  20  T_CBO        4.12400e+00   8.66496e-02   1.06856e-03  -3.13647e+03
  21  alpha_A0    -1.59161e+01   2.17278e+01   3.69852e+00   1.20814e-01
  22  beta_A0      3.17137e+01   2.28934e+01  -7.71478e+00   1.83093e-02
  23  alpha_phi   -4.60949e+01   1.86116e+01  -1.11088e+01  -9.54364e-02
  24  beta_phi     2.97014e+02   8.96575e+01  -5.76792e+01  -3.40478e-02
 EXTERNAL ERROR MATRIX.    NDIM=  25    NPAR=  7    ERR DEF=1
  7.099e-09  4.295e-10  4.687e-08 -4.831e-05  1.446e-04 -6.654e-06 -3.083e-04 
  4.295e-10  5.521e-09 -1.849e-07 -2.319e-04 -2.921e-04  8.070e-06 -2.123e-05 
  4.687e-08 -1.849e-07  7.508e-03  1.360e+00 -3.472e-01  5.141e-01 -7.387e+00 
 -4.831e-05 -2.319e-04  1.360e+00  4.721e+02 -1.428e+02  3.011e+02 -1.245e+03 
  1.446e-04 -2.921e-04 -3.472e-01 -1.428e+02  5.241e+02 -6.581e+01  3.805e+02 
 -6.654e-06  8.070e-06  5.141e-01  3.011e+02 -6.581e+01  3.464e+02 -6.451e+02 
 -3.083e-04 -2.123e-05 -7.387e+00 -1.245e+03  3.805e+02 -6.451e+02  8.038e+03 
ERR MATRIX APPROXIMATE
 PARAMETER  CORRELATION COEFFICIENTS  
       NO.  GLOBAL      8      9     20     21     22     23     24
        8  0.20695   1.000  0.069  0.006 -0.026  0.075 -0.004 -0.041
        9  0.52098   0.069  1.000 -0.029 -0.144 -0.172  0.006 -0.003
       20  0.99094   0.006 -0.029  1.000  0.722 -0.175  0.319 -0.951
       21  0.97434  -0.026 -0.144  0.722  1.000 -0.287  0.745 -0.639
       22  0.57932   0.075 -0.172 -0.175 -0.287  1.000 -0.154  0.185
       23  0.94748  -0.004  0.006  0.319  0.745 -0.154  1.000 -0.387
       24  0.98528  -0.041 -0.003 -0.951 -0.639  0.185 -0.387  1.000
 ERR MATRIX APPROXIMATE
MINUIT - FIT wiggle + 1-CBO + 2-CBO
 **********
 **   42 **RES 
 **********
                   PARAMETER   16  beta_vw RESTORED TO VARIABLE.
                   PARAMETER   14  alpha_vw RESTORED TO VARIABLE.
                   PARAMETER   13  beta_y RESTORED TO VARIABLE.
                   PARAMETER   11  alpha_y RESTORED TO VARIABLE.
                   PARAMETER   10  beta_2CBO RESTORED TO VARIABLE.
                   PARAMETER    6  alpha_CBO RESTORED TO VARIABLE.
                   PARAMETER    4  phi RESTORED TO VARIABLE.
                   PARAMETER    3  A0 RESTORED TO VARIABLE.
                   PARAMETER    1  N0 RESTORED TO VARIABLE.
 **********
 **   43 **FIX           10
 **********
 **********
 **   44 **FIX           11
 **********
 **********
 **   45 **FIX           12
 **********
 PARAMETER   12  IS CONSTANT.   IGNORED.
 **********
 **   46 **FIX           13
 **********
 **********
 **   47 **FIX           14
 **********
 **********
 **   48 **FIX           15
 **********
 PARAMETER   15  IS CONSTANT.   IGNORED.
 **********
 **   49 **FIX           16
 **********
 **********
 **   50 **MIGRAD
 **********
 START MIGRAD MINIMIZATION.  STRATEGY  1.  CONVERGENCE WHEN EDM .LT. 1.00e-04
 FCN=802.751 FROM MIGRAD    STATUS=INITIATE       22 CALLS        4416 TOTAL
                     EDM= unknown      STRATEGY= 1      NO ERROR MATRIX       
  EXT PARAMETER               CURRENT GUESS       STEP         FIRST   
  NO.   NAME      VALUE            ERROR          SIZE      DERIVATIVE 
   1  N0           3.09286e+06   1.83408e+02   1.83408e+02  -4.20120e-02
   2  tau          6.43983e+01   constant   
   3  A0           3.52895e-01   8.03473e-05   8.03473e-05  -2.91478e+05
   4  phi          4.11985e+00   2.54160e-04   2.54160e-04  -1.96113e+04
   5  R           -6.00563e+01   constant   
   6  alpha_CBO    4.45212e-03   8.50362e-05   8.50362e-05  -2.17687e+04
   7  w_CBO        2.32500e+00   constant   
   8  beta_CBO     4.74694e-03   8.42582e-05   1.25038e-05  -1.23329e+03
   9  alpha_2CBO  -2.65581e-04   7.43059e-05   6.31849e-06   4.31066e+03
  10  beta_2CBO   -1.66307e-04     fixed    
  11  alpha_y      0.00000e+00     fixed    
  12  w_y          1.38860e+01   constant   
  13  beta_y       1.43718e-03     fixed    
  14  alpha_vw     0.00000e+00     fixed    
  15  w_vw         1.43404e+01   constant   
  16  beta_vw      0.00000e+00     fixed    
  17  LM          -1.62209e-04   constant   
  18  zeta_y       0.00000e+00   constant   
  19  zeta_vw      0.00000e+00   constant   
  20  T_CBO        4.12400e+00   8.66496e-02   1.06856e-03  -3.13647e+03
  21  alpha_A0    -1.59161e+01   2.17278e+01   3.69852e+00   1.20814e-01
  22  beta_A0      3.17137e+01   2.28934e+01  -7.71478e+00   1.83093e-02
  23  alpha_phi   -4.60949e+01   1.86116e+01  -1.11088e+01  -9.54364e-02
  24  beta_phi     2.97014e+02   8.96575e+01  -5.76792e+01  -3.40478e-02
 CALL LIMIT EXCEEDED IN MIGRAD.
 MIGRAD TERMINATED WITHOUT CONVERGENCE.
 FCN=555.381 FROM MIGRAD    STATUS=CALL LIMIT   1923 CALLS        6317 TOTAL
                     EDM=0.123955    STRATEGY= 1  ERROR MATRIX UNCERTAINTY   1.2 per cent
  EXT PARAMETER                APPROXIMATE        STEP         FIRST   
  NO.   NAME      VALUE            ERROR          SIZE      DERIVATIVE 
   1  N0           3.09363e+06   1.83410e+02   3.87628e+00   1.28602e-04
   2  tau          6.43983e+01   constant   
   3  A0           3.53948e-01   7.34728e-05  -1.68440e-06  -2.16338e+02
   4  phi          4.12025e+00   2.47749e-04  -5.98615e-06   2.69451e+02
   5  R           -6.00563e+01   constant   
   6  alpha_CBO    4.56565e-03   8.21051e-05  -6.77522e-08   6.12596e+02
   7  w_CBO        2.32500e+00   constant   
   8  beta_CBO     5.09749e-03   8.28181e-05   2.33501e-06  -1.45492e+03
   9  alpha_2CBO  -2.75027e-04   8.21500e-05  -4.07604e-07  -2.48680e+03
  10  beta_2CBO   -1.66307e-04     fixed    
  11  alpha_y      0.00000e+00     fixed    
  12  w_y          1.38860e+01   constant   
  13  beta_y       1.43718e-03     fixed    
  14  alpha_vw     0.00000e+00     fixed    
  15  w_vw         1.43404e+01   constant   
  16  beta_vw      0.00000e+00     fixed    
  17  LM          -1.62209e-04   constant   
  18  zeta_y       0.00000e+00   constant   
  19  zeta_vw      0.00000e+00   constant   
  20  T_CBO        1.04450e+01   5.94079e-01   1.32325e-03  -7.42568e+02
  21  alpha_A0    -3.25558e-02   3.80916e-02   2.32377e-03   8.16118e+00
  22  beta_A0      1.42545e-01   5.92886e-02  -7.57789e-03  -3.12860e+00
  23  alpha_phi    4.70780e-02   3.14028e-02  -3.41209e-03   6.67575e+00
  24  beta_phi     4.66371e-01   1.34188e-01  -3.19549e-02  -3.02016e+01
 EXTERNAL ERROR MATRIX.    NDIM=  25    NPAR= 11    ERR DEF=1
  3.364e+04 
 -1.981e-03  5.398e-09 
  5.649e-03 -3.394e-10  6.138e-08 
  3.655e-04  8.481e-10 -3.003e-09  6.741e-09 
  3.787e-04  6.608e-10  2.152e-09  3.155e-10  6.859e-09 
 -1.476e-04  2.199e-10 -2.241e-09  6.958e-10 -3.118e-11  6.749e-09 
 -1.680e+01  1.533e-06 -2.585e-05  1.803e-06  1.761e-07 -3.525e-06  3.529e-01 
 -1.662e+00  2.569e-07 -1.035e-06  6.608e-08 -2.998e-08 -3.920e-07  1.094e-02  1.451e-03 
  2.083e+00  2.866e-07  2.761e-06 -3.658e-08  1.048e-07 -1.464e-07 -2.740e-02 -8.963e-04  3.515e-03 
  7.447e-01  1.963e-07  1.385e-06 -3.330e-07  1.739e-07  1.850e-07 -5.773e-03 -2.960e-04  3.422e-04  9.861e-04 
  4.055e+00 -4.745e-07  6.608e-06 -4.826e-07 -2.618e-07  2.605e-07 -7.911e-02 -2.211e-03  6.040e-03  1.427e-03  1.801e-02 
ERR MATRIX APPROXIMATE
 PARAMETER  CORRELATION COEFFICIENTS  
       NO.  GLOBAL      1      3      4      6      8      9     20     21     22     23     24
        1  0.37991   1.000 -0.147  0.124  0.024  0.025 -0.010 -0.154 -0.238  0.192  0.129  0.165
        3  0.35684  -0.147  1.000 -0.019  0.141  0.109  0.036  0.035  0.092  0.066  0.085 -0.048
        4  0.37669   0.124 -0.019  1.000 -0.148  0.105 -0.110 -0.176 -0.110  0.188  0.178  0.199
        6  0.28465   0.024  0.141 -0.148  1.000  0.046  0.103  0.037  0.021 -0.008 -0.129 -0.044
        8  0.31045   0.025  0.109  0.105  0.046  1.000 -0.005  0.004 -0.010  0.021  0.067 -0.024
        9  0.51533  -0.010  0.036 -0.110  0.103 -0.005  1.000 -0.072 -0.125 -0.030  0.072  0.024
       20  0.99683  -0.154  0.035 -0.176  0.037  0.004 -0.072  1.000  0.484 -0.778 -0.309 -0.992
       21  0.71287  -0.238  0.092 -0.110  0.021 -0.010 -0.125  0.484  1.000 -0.397 -0.247 -0.433
       22  0.81141   0.192  0.066  0.188 -0.008  0.021 -0.030 -0.778 -0.397  1.000  0.184  0.759
       23  0.56714   0.129  0.085  0.178 -0.129  0.067  0.072 -0.309 -0.247  0.184  1.000  0.339
       24  0.99654   0.165 -0.048  0.199 -0.044 -0.024  0.024 -0.992 -0.433  0.759  0.339  1.000
 ERR MATRIX APPROXIMATE
MINUIT - FIT ONLY 1-y
 **********
 **   51 **RES 
 **********
                   PARAMETER   16  beta_vw RESTORED TO VARIABLE.
                   PARAMETER   14  alpha_vw RESTORED TO VARIABLE.
                   PARAMETER   13  beta_y RESTORED TO VARIABLE.
                   PARAMETER   11  alpha_y RESTORED TO VARIABLE.
                   PARAMETER   10  beta_2CBO RESTORED TO VARIABLE.
 **********
 **   52 **FIX            0
 **********
 PARAMETER    0  IS UNDEFINED. IGNORED.
 **********
 **   53 **FIX            1
 **********
 **********
 **   54 **FIX            2
 **********
 PARAMETER    2  IS CONSTANT.   IGNORED.
 **********
 **   55 **FIX            3
 **********
 **********
 **   56 **FIX            4
 **********
 **********
 **   57 **FIX            5
 **********
 PARAMETER    5  IS CONSTANT.   IGNORED.
 **********
 **   58 **FIX            6
 **********
 **********
 **   59 **FIX            7
 **********
 PARAMETER    7  IS CONSTANT.   IGNORED.
 **********
 **   60 **FIX            8
 **********
 **********
 **   61 **FIX            9
 **********
 **********
 **   62 **FIX           13
 **********
 **********
 **   63 **FIX           14
 **********
 **********
 **   64 **FIX           15
 **********
 PARAMETER   15  IS CONSTANT.   IGNORED.
 **********
 **   65 **FIX           16
 **********
 **********
 **   66 **MIGRAD
 **********
 START MIGRAD MINIMIZATION.  STRATEGY  1.  CONVERGENCE WHEN EDM .LT. 1.00e-04
 FCN=555.381 FROM MIGRAD    STATUS=INITIATE       16 CALLS        6333 TOTAL
                     EDM= unknown      STRATEGY= 1      NO ERROR MATRIX       
  EXT PARAMETER               CURRENT GUESS       STEP         FIRST   
  NO.   NAME      VALUE            ERROR          SIZE      DERIVATIVE 
   1  N0           3.09363e+06     fixed    
   2  tau          6.43983e+01   constant   
   3  A0           3.53948e-01     fixed    
   4  phi          4.12025e+00     fixed    
   5  R           -6.00563e+01   constant   
   6  alpha_CBO    4.56565e-03     fixed    
   7  w_CBO        2.32500e+00   constant   
   8  beta_CBO     5.09749e-03     fixed    
   9  alpha_2CBO  -2.75027e-04     fixed    
  10  beta_2CBO   -1.66307e-04   8.28519e-05   8.28519e-05  -6.63176e+03
  11  alpha_y      0.00000e+00   1.00000e-03   1.00000e-03   4.60700e+04
  12  w_y          1.38860e+01   constant   
  13  beta_y       1.43718e-03     fixed    
  14  alpha_vw     0.00000e+00     fixed    
  15  w_vw         1.43404e+01   constant   
  16  beta_vw      0.00000e+00     fixed    
  17  LM          -1.62209e-04   constant   
  18  zeta_y       0.00000e+00   constant   
  19  zeta_vw      0.00000e+00   constant   
  20  T_CBO        1.04450e+01   5.94079e-01   1.32325e-03  -7.42567e+02
  21  alpha_A0    -3.25558e-02   3.80916e-02   2.32377e-03   8.16118e+00
  22  beta_A0      1.42545e-01   5.92886e-02  -7.57789e-03  -3.12860e+00
  23  alpha_phi    4.70780e-02   3.14028e-02  -3.41209e-03   6.67575e+00
  24  beta_phi     4.66371e-01   1.34188e-01  -3.19549e-02  -3.02016e+01
 MIGRAD MINIMIZATION HAS CONVERGED.
 MIGRAD WILL VERIFY CONVERGENCE AND ERROR MATRIX.
 COVARIANCE MATRIX CALCULATED SUCCESSFULLY
 FCN=549.012 FROM MIGRAD    STATUS=CONVERGED     617 CALLS        6934 TOTAL
                     EDM=1.4006e-05    STRATEGY= 1      ERROR MATRIX ACCURATE 
  EXT PARAMETER                                   STEP         FIRST   
  NO.   NAME      VALUE            ERROR          SIZE      DERIVATIVE 
   1  N0           3.09363e+06     fixed    
   2  tau          6.43983e+01   constant   
   3  A0           3.53948e-01     fixed    
   4  phi          4.12025e+00     fixed    
   5  R           -6.00563e+01   constant   
   6  alpha_CBO    4.56565e-03     fixed    
   7  w_CBO        2.32500e+00   constant   
   8  beta_CBO     5.09749e-03     fixed    
   9  alpha_2CBO  -2.75027e-04     fixed    
  10  beta_2CBO   -1.44449e-04   8.56431e-05   9.53126e-07  -6.57658e-01
  11  alpha_y     -1.62023e-04   8.35938e-05   9.56369e-07   2.46448e+00
  12  w_y          1.38860e+01   constant   
  13  beta_y       1.43718e-03     fixed    
  14  alpha_vw     0.00000e+00     fixed    
  15  w_vw         1.43404e+01   constant   
  16  beta_vw      0.00000e+00     fixed    
  17  LM          -1.62209e-04   constant   
  18  zeta_y       0.00000e+00   constant   
  19  zeta_vw      0.00000e+00   constant   
  20  T_CBO        1.55136e+01   1.44737e+01   2.57607e-05   1.02520e-01
  21  alpha_A0    -8.25728e-03   2.46190e-02   7.65188e-05  -9.41896e-02
  22  beta_A0      3.52954e-02   9.58091e-02   6.83753e-05  -1.34855e-01
  23  alpha_phi    1.02934e-02   3.12012e-02   6.81834e-05  -7.14412e-03
  24  beta_phi     1.16208e-01   3.18915e-01   7.13966e-05   8.80615e-02
 EXTERNAL ERROR MATRIX.    NDIM=  25    NPAR=  7    ERR DEF=1
  7.335e-09 -7.254e-11 -9.412e-05 -1.059e-07  5.411e-07  2.712e-07  2.095e-06 
 -7.254e-11  6.988e-09 -3.267e-05 -4.932e-08  2.312e-07  6.476e-08  7.198e-07 
 -9.412e-05 -3.267e-05  2.105e+02  3.436e-01 -1.387e+00 -4.441e-01 -4.626e+00 
 -1.059e-07 -4.932e-08  3.436e-01  6.061e-04 -2.265e-03 -7.232e-04 -7.554e-03 
  5.411e-07  2.312e-07 -1.387e+00 -2.265e-03  9.179e-03  2.925e-03  3.049e-02 
  2.712e-07  6.476e-08 -4.441e-01 -7.232e-04  2.925e-03  9.735e-04  9.763e-03 
  2.095e-06  7.198e-07 -4.626e+00 -7.554e-03  3.049e-02  9.763e-03  1.017e-01 
 PARAMETER  CORRELATION COEFFICIENTS  
       NO.  GLOBAL     10     11     20     21     22     23     24
       10  0.23557   1.000 -0.010 -0.076 -0.050  0.066  0.101  0.077
       11  0.04316  -0.010  1.000 -0.027 -0.024  0.029  0.025  0.027
       20  0.99982  -0.076 -0.027  1.000  0.962 -0.998 -0.981 -1.000
       21  0.96248  -0.050 -0.024  0.962  1.000 -0.960 -0.942 -0.962
       22  0.99806   0.066  0.029 -0.998 -0.960  1.000  0.978  0.998
       23  0.98163   0.101  0.025 -0.981 -0.942  0.978  1.000  0.981
       24  0.99981   0.077  0.027 -1.000 -0.962  0.998  0.981  1.000
MINUIT - FIT ONLY 2-y
 **********
 **   67 **RES 
 **********
                   PARAMETER   16  beta_vw RESTORED TO VARIABLE.
                   PARAMETER   14  alpha_vw RESTORED TO VARIABLE.
                   PARAMETER   13  beta_y RESTORED TO VARIABLE.
                   PARAMETER    9  alpha_2CBO RESTORED TO VARIABLE.
                   PARAMETER    8  beta_CBO RESTORED TO VARIABLE.
                   PARAMETER    6  alpha_CBO RESTORED TO VARIABLE.
                   PARAMETER    4  phi RESTORED TO VARIABLE.
                   PARAMETER    3  A0 RESTORED TO VARIABLE.
                   PARAMETER    1  N0 RESTORED TO VARIABLE.
 **********
 **   68 **FIX            0
 **********
 PARAMETER    0  IS UNDEFINED. IGNORED.
 **********
 **   69 **FIX            1
 **********
 **********
 **   70 **FIX            2
 **********
 PARAMETER    2  IS CONSTANT.   IGNORED.
 **********
 **   71 **FIX            3
 **********
 **********
 **   72 **FIX            4
 **********
 **********
 **   73 **FIX            5
 **********
 PARAMETER    5  IS CONSTANT.   IGNORED.
 **********
 **   74 **FIX            6
 **********
 **********
 **   75 **FIX            7
 **********
 PARAMETER    7  IS CONSTANT.   IGNORED.
 **********
 **   76 **FIX            8
 **********
 **********
 **   77 **FIX            9
 **********
 **********
 **   78 **FIX           10
 **********
 **********
 **   79 **FIX           11
 **********
 **********
 **   80 **FIX           12
 **********
 PARAMETER   12  IS CONSTANT.   IGNORED.
 **********
 **   81 **FIX           16
 **********
 **********
 **   82 **MIGRAD
 **********
 START MIGRAD MINIMIZATION.  STRATEGY  1.  CONVERGENCE WHEN EDM .LT. 1.00e-04
 FCN=549.012 FROM MIGRAD    STATUS=INITIATE       16 CALLS        6950 TOTAL
                     EDM= unknown      STRATEGY= 1      NO ERROR MATRIX       
  EXT PARAMETER               CURRENT GUESS       STEP         FIRST   
  NO.   NAME      VALUE            ERROR          SIZE      DERIVATIVE 
   1  N0           3.09363e+06     fixed    
   2  tau          6.43983e+01   constant   
   3  A0           3.53948e-01     fixed    
   4  phi          4.12025e+00     fixed    
   5  R           -6.00563e+01   constant   
   6  alpha_CBO    4.56565e-03     fixed    
   7  w_CBO        2.32500e+00   constant   
   8  beta_CBO     5.09749e-03     fixed    
   9  alpha_2CBO  -2.75027e-04     fixed    
  10  beta_2CBO   -1.44449e-04     fixed    
  11  alpha_y     -1.62023e-04     fixed    
  12  w_y          1.38860e+01   constant   
  13  beta_y       1.43718e-03   7.98081e-05   7.98081e-05   1.55133e+04
  14  alpha_vw     0.00000e+00   1.00000e-03   1.00000e-03   4.62452e+05
  15  w_vw         1.43404e+01   constant   
  16  beta_vw      0.00000e+00     fixed    
  17  LM          -1.62209e-04   constant   
  18  zeta_y       0.00000e+00   constant   
  19  zeta_vw      0.00000e+00   constant   
  20  T_CBO        1.55136e+01   1.44737e+01   2.57607e-05   1.03944e-01
  21  alpha_A0    -8.25728e-03   2.46190e-02   7.65188e-05  -9.41947e-02
  22  beta_A0      3.52954e-02   9.58091e-02   6.83753e-05  -1.34852e-01
  23  alpha_phi    1.02934e-02   3.12012e-02   6.81834e-05  -7.14398e-03
  24  beta_phi     1.16208e-01   3.18915e-01   7.13966e-05   8.80612e-02
 MIGRAD MINIMIZATION HAS CONVERGED.
 MIGRAD WILL VERIFY CONVERGENCE AND ERROR MATRIX.
 COVARIANCE MATRIX CALCULATED SUCCESSFULLY
 FCN=150.18 FROM MIGRAD    STATUS=CONVERGED     248 CALLS        7182 TOTAL
                     EDM=8.81099e-06    STRATEGY= 1      ERROR MATRIX ACCURATE 
  EXT PARAMETER                                   STEP         FIRST   
  NO.   NAME      VALUE            ERROR          SIZE      DERIVATIVE 
   1  N0           3.09363e+06     fixed    
   2  tau          6.43983e+01   constant   
   3  A0           3.53948e-01     fixed    
   4  phi          4.12025e+00     fixed    
   5  R           -6.00563e+01   constant   
   6  alpha_CBO    4.56565e-03     fixed    
   7  w_CBO        2.32500e+00   constant   
   8  beta_CBO     5.09749e-03     fixed    
   9  alpha_2CBO  -2.75027e-04     fixed    
  10  beta_2CBO   -1.44449e-04     fixed    
  11  alpha_y     -1.62023e-04     fixed    
  12  w_y          1.38860e+01   constant   
  13  beta_y       9.62341e-04   8.50009e-05   4.94095e-07   8.47947e+00
  14  alpha_vw    -1.70897e-03   8.56163e-05   4.97632e-07  -1.71769e+01
  15  w_vw         1.43404e+01   constant   
  16  beta_vw      0.00000e+00     fixed    
  17  LM          -1.62209e-04   constant   
  18  zeta_y       0.00000e+00   constant   
  19  zeta_vw      0.00000e+00   constant   
  20  T_CBO        1.62590e+01   6.81904e+00   1.44933e-05  -1.48035e+00
  21  alpha_A0    -6.66845e-03   1.03853e-02   3.53478e-05  -1.92538e-01
  22  beta_A0      2.85516e-02   3.33685e-02   3.16369e-05   3.98821e-02
  23  alpha_phi    1.02886e-02   1.37944e-02   3.14861e-05   1.86083e-02
  24  beta_phi     1.01522e-01   1.19410e-01   3.29723e-05  -6.91022e-01
 EXTERNAL ERROR MATRIX.    NDIM=  25    NPAR=  7    ERR DEF=1
  7.225e-09  1.811e-09  2.604e-06 -6.417e-09 -1.504e-08 -1.095e-08 -4.680e-08 
  1.811e-09  7.330e-09 -5.960e-06 -9.128e-09  3.895e-08  5.295e-09  1.043e-07 
  2.604e-06 -5.960e-06  4.654e+01  5.850e-02 -2.248e-01 -8.711e-02 -8.138e-01 
 -6.417e-09 -9.128e-09  5.850e-02  1.079e-04 -2.824e-04 -1.085e-04 -1.025e-03 
 -1.504e-08  3.895e-08 -2.248e-01 -2.824e-04  1.113e-03  4.195e-04  3.933e-03 
 -1.095e-08  5.295e-09 -8.711e-02 -1.085e-04  4.195e-04  1.903e-04  1.524e-03 
 -4.680e-08  1.043e-07 -8.138e-01 -1.025e-03  3.933e-03  1.524e-03  1.426e-02 
 PARAMETER  CORRELATION COEFFICIENTS  
       NO.  GLOBAL     13     14     20     21     22     23     24
       13  0.25014   1.000  0.249  0.004 -0.007 -0.005 -0.009 -0.005
       14  0.25044   0.249  1.000 -0.010 -0.010  0.014  0.004  0.010
       20  0.99899   0.004 -0.010  1.000  0.826 -0.987 -0.926 -0.999
       21  0.82660  -0.007 -0.010  0.826  1.000 -0.815 -0.757 -0.826
       22  0.98763  -0.005  0.014 -0.987 -0.815  1.000  0.911  0.987
       23  0.92605  -0.009  0.004 -0.926 -0.757  0.911  1.000  0.925
