 + ++++++++++++++++++++++++++++++++++++++++++++++++++++++++++++++++++++ +
 +                                                                      +
 +           You have chose to blind your fitting according to          +
 +                omega_ref * (1 + (R +/- deltaR) *10^{-6})             +
 +                                                                      +
 + ++++++++++++++++++++++++++++++++++++++++++++++++++++++++++++++++++++ +
In main()...
reading format from /gm2data/zkhechad/run45/envelope/formats/formatB_sBin_constraintOn.txt
pBinTau 	= 0  
pBinPhi 	= 0  
constraintau 	= 1 
includeMopTerm 	= 0    
constrainMop    = 0   
Parameters after format file: pBinTau 0 pBinPhi 0 constraintau 1 includeMopTerm 0 constrainMop 0 c_e_scale 0.000000 
Opening file /gm2data/tbarrett/gm2fr/studies/run23_bunch_corrections/CorrectedFourier_Run3b.root.
reading full fit data from /gm2data/zkhechad/cboTemplates/Run4CBOTemplates/templateFits0_v2.0/noRF/sBin_constraintOn_cE0.0_seed0_noRF_calo11.root
windowBins = 17
fitting sliding window 108 from bin 244 at 36.255600 to bin 261 at 38.941200 (17 bins)

Reading data from /gm2data/cornell/histograms/aMethod/histogram_a_noRF.root
 **********
 **    1 **SET PRINTOUT            1
 **********
 **********
 **    2 **SET NOWARNINGS 
 **********
 PARAMETER DEFINITIONS:
    NO.   NAME         VALUE      STEP SIZE      LIMITS
     1 N0           3.15841e+06  1.00000e+02     no limits
     2 tau          6.43667e+01  constant
     3 A0           3.42728e-01  1.00000e-04     no limits
     4 phi          4.11795e+00  1.00000e-02     no limits
     5 R           -6.17041e+01  constant
     6 alpha_CBO    0.00000e+00  1.00000e-03     no limits
     7 w_CBO        2.32500e+00  constant
     8 beta_CBO     0.00000e+00  1.00000e-03     no limits
     9 alpha_2CBO   0.00000e+00  1.00000e-03     no limits
    10 beta_2CBO    0.00000e+00  1.00000e-03     no limits
    11 alpha_y      0.00000e+00  1.00000e-03     no limits
    12 w_y          1.44500e+01  constant
    13 beta_y       0.00000e+00  1.00000e-03     no limits
    14 alpha_vw     0.00000e+00  1.00000e-03     no limits
    15 w_vw         1.29000e+01  constant
    16 beta_vw      0.00000e+00  1.00000e-03     no limits
    17 LM          -1.31768e-03  constant
    18 zeta_y       0.00000e+00  constant
    19 zeta_vw      0.00000e+00  constant
    20 T_CBO        1.00000e+02  1.00000e+00    0.00000e+00  1.00000e+03
    21 alpha_A0     0.00000e+00  1.00000e-03     no limits
    22 beta_A0      0.00000e+00  1.00000e-03     no limits
    23 alpha_phi    0.00000e+00  1.00000e-03     no limits
    24 beta_phi     0.00000e+00  1.00000e-03     no limits
MINUIT - FIT ONLY WIGGLE
 **********
 **    3 **FIX            5
 **********
 PARAMETER    5  IS CONSTANT.   IGNORED.
 **********
 **    4 **FIX            6
 **********
 **********
 **    5 **FIX            7
 **********
 PARAMETER    7  IS CONSTANT.   IGNORED.
 **********
 **    6 **FIX            8
 **********
 **********
 **    7 **FIX            9
 **********
 **********
 **    8 **FIX           10
 **********
 **********
 **    9 **FIX           11
 **********
 **********
 **   10 **FIX           12
 **********
 PARAMETER   12  IS CONSTANT.   IGNORED.
 **********
 **   11 **FIX           13
 **********
 **********
 **   12 **FIX           14
 **********
 **********
 **   13 **FIX           15
 **********
 PARAMETER   15  IS CONSTANT.   IGNORED.
 **********
 **   14 **FIX           16
 **********
 **********
 **   15 **MIGRAD
 **********
 FIRST CALL TO USER FUNCTION AT NEW START POINT, WITH IFLAG=4.
 START MIGRAD MINIMIZATION.  STRATEGY  1.  CONVERGENCE WHEN EDM .LT. 1.00e-04
 FCN=4873.28 FROM MIGRAD    STATUS=INITIATE      429 CALLS         430 TOTAL
                     EDM= unknown      STRATEGY= 1      NO ERROR MATRIX       
  EXT PARAMETER               CURRENT GUESS       STEP         FIRST   
  NO.   NAME      VALUE            ERROR          SIZE      DERIVATIVE 
   1  N0           3.15841e+06   1.00000e+02   0.00000e+00  -9.52529e-02
   2  tau          6.43667e+01   constant   
   3  A0           3.42728e-01   1.00000e-04   0.00000e+00  -5.16584e+05
   4  phi          4.11795e+00   1.00000e-02   0.00000e+00  -1.36881e+05
   5  R           -6.17041e+01   constant   
   6  alpha_CBO    0.00000e+00     fixed    
   7  w_CBO        2.32500e+00   constant   
   8  beta_CBO     0.00000e+00     fixed    
   9  alpha_2CBO   0.00000e+00     fixed    
  10  beta_2CBO    0.00000e+00     fixed    
  11  alpha_y      0.00000e+00     fixed    
  12  w_y          1.44500e+01   constant   
  13  beta_y       0.00000e+00     fixed    
  14  alpha_vw     0.00000e+00     fixed    
  15  w_vw         1.29000e+01   constant   
  16  beta_vw      0.00000e+00     fixed    
  17  LM          -1.31768e-03   constant   
  18  zeta_y       0.00000e+00   constant   
  19  zeta_vw      0.00000e+00   constant   
  20  T_CBO        1.00000e+02   1.00000e+00   0.00000e+00   0.00000e+00
  21  alpha_A0     0.00000e+00   1.00000e-03   0.00000e+00   6.24644e+04
  22  beta_A0      0.00000e+00   1.00000e-03   0.00000e+00  -1.91251e+03
  23  alpha_phi    0.00000e+00   1.00000e-03   0.00000e+00  -7.82782e+04
  24  beta_phi     0.00000e+00   1.00000e-03   0.00000e+00  -1.05420e+04
 CALL LIMIT EXCEEDED IN MIGRAD.
 MIGRAD TERMINATED WITHOUT CONVERGENCE.
 FCN=567.104 FROM MIGRAD    STATUS=CALL LIMIT   1322 CALLS        1323 TOTAL
                     EDM=0.596233    STRATEGY= 1  ERROR MATRIX UNCERTAINTY  62.1 per cent
  EXT PARAMETER                APPROXIMATE        STEP         FIRST   
  NO.   NAME      VALUE            ERROR          SIZE      DERIVATIVE 
   1  N0           3.12244e+06   4.03744e+03  -5.14283e+02  -1.02652e-03
   2  tau          6.43667e+01   constant   
   3  A0           3.56943e-01   7.36088e-04  -1.21709e-05   6.53496e+02
   4  phi          4.16526e+00   4.21891e-03   4.87327e-04   1.68407e+03
   5  R           -6.17041e+01   constant   
   6  alpha_CBO    0.00000e+00     fixed    
   7  w_CBO        2.32500e+00   constant   
   8  beta_CBO     0.00000e+00     fixed    
   9  alpha_2CBO   0.00000e+00     fixed    
  10  beta_2CBO    0.00000e+00     fixed    
  11  alpha_y      0.00000e+00     fixed    
  12  w_y          1.44500e+01   constant   
  13  beta_y       0.00000e+00     fixed    
  14  alpha_vw     0.00000e+00     fixed    
  15  w_vw         1.29000e+01   constant   
  16  beta_vw      0.00000e+00     fixed    
  17  LM          -1.31768e-03   constant   
  18  zeta_y       0.00000e+00   constant   
  19  zeta_vw      0.00000e+00   constant   
  20  T_CBO        6.24903e+02   2.01018e+02   5.56724e-02   3.83249e+00
  21  alpha_A0     5.72550e-02   6.90563e-03   8.33543e-04  -1.04596e+03
  22  beta_A0      1.92223e-02   6.57727e-03   7.78542e-04  -9.45136e+02
  23  alpha_phi    4.41794e-02   7.27987e-03   7.62123e-04   3.53365e+02
  24  beta_phi    -6.36900e-02   7.33391e-03  -8.33446e-04   3.33081e+02
 EXTERNAL ERROR MATRIX.    NDIM=  25    NPAR=  8    ERR DEF=1
  1.630e+07  8.319e-01 -1.259e+01 -8.210e+05 -2.309e+01 -2.565e+01 -2.766e+01  2.339e+01 
  8.319e-01  5.418e-07  1.989e-07 -6.064e-02  4.913e-07 -2.431e-06 -3.088e-06 -1.500e-07 
 -1.259e+01  1.989e-07  1.780e-05  6.472e-01  2.838e-05  1.804e-05  1.801e-05 -3.066e-05 
 -8.210e+05 -6.064e-02  6.472e-01  4.297e+04  1.150e+00  1.339e+00  1.453e+00 -1.196e+00 
 -2.309e+01  4.913e-07  2.838e-05  1.150e+00  4.769e-05  3.260e-05  3.293e-05 -4.952e-05 
 -2.565e+01 -2.431e-06  1.804e-05  1.339e+00  3.260e-05  4.326e-05  4.723e-05 -3.396e-05 
 -2.766e+01 -3.088e-06  1.801e-05  1.453e+00  3.293e-05  4.723e-05  5.300e-05 -3.445e-05 
  2.339e+01 -1.500e-07 -3.066e-05 -1.196e+00 -4.952e-05 -3.396e-05 -3.445e-05  5.379e-05 
ERR MATRIX APPROXIMATE
 PARAMETER  CORRELATION COEFFICIENTS  
       NO.  GLOBAL      1      3      4     20     21     22     23     24
        1  0.99857   1.000  0.280 -0.739 -0.981 -0.828 -0.966 -0.941  0.790
        3  0.98220   0.280  1.000  0.064 -0.397  0.097 -0.502 -0.576 -0.028
        4  0.99742  -0.739  0.064  1.000  0.740  0.974  0.650  0.587 -0.991
       20  0.99332  -0.981 -0.397  0.740  1.000  0.803  0.982  0.963 -0.787
       21  0.99650  -0.828  0.097  0.974  0.803  1.000  0.718  0.655 -0.978
       22  0.99651  -0.966 -0.502  0.650  0.982  0.718  1.000  0.986 -0.704
       23  0.99663  -0.941 -0.576  0.587  0.963  0.655  0.986  1.000 -0.645
       24  0.99497   0.790 -0.028 -0.991 -0.787 -0.978 -0.704 -0.645  1.000
 ERR MATRIX APPROXIMATE
MINUIT - FIT ONLY 1-CBO + wiggle
 **********
 **   16 **RES 
 **********
                   PARAMETER   16  beta_vw RESTORED TO VARIABLE.
                   PARAMETER   14  alpha_vw RESTORED TO VARIABLE.
                   PARAMETER   13  beta_y RESTORED TO VARIABLE.
                   PARAMETER   11  alpha_y RESTORED TO VARIABLE.
                   PARAMETER   10  beta_2CBO RESTORED TO VARIABLE.
                   PARAMETER    9  alpha_2CBO RESTORED TO VARIABLE.
                   PARAMETER    8  beta_CBO RESTORED TO VARIABLE.
                   PARAMETER    6  alpha_CBO RESTORED TO VARIABLE.
 **********
 **   17 **FIX            8
 **********
 **********
 **   18 **FIX            9
 **********
 **********
 **   19 **FIX           11
 **********
 **********
 **   20 **FIX           12
 **********
 PARAMETER   12  IS CONSTANT.   IGNORED.
 **********
 **   21 **FIX           14
 **********
 **********
 **   22 **FIX           15
 **********
 PARAMETER   15  IS CONSTANT.   IGNORED.
 **********
 **   23 **FIX           16
 **********
 **********
 **   24 **MIGRAD
 **********
 START MIGRAD MINIMIZATION.  STRATEGY  1.  CONVERGENCE WHEN EDM .LT. 1.00e-04
 FCN=567.104 FROM MIGRAD    STATUS=INITIATE       28 CALLS        1351 TOTAL
                     EDM= unknown      STRATEGY= 1      NO ERROR MATRIX       
  EXT PARAMETER               CURRENT GUESS       STEP         FIRST   
  NO.   NAME      VALUE            ERROR          SIZE      DERIVATIVE 
   1  N0           3.12244e+06   4.03744e+03  -5.14283e+02  -1.02652e-03
   2  tau          6.43667e+01   constant   
   3  A0           3.56943e-01   7.36088e-04  -1.21709e-05   6.53496e+02
   4  phi          4.16526e+00   4.21891e-03   4.87327e-04   1.68407e+03
   5  R           -6.17041e+01   constant   
   6  alpha_CBO    0.00000e+00   1.00000e-03   1.00000e-03   5.48119e+03
   7  w_CBO        2.32500e+00   constant   
   8  beta_CBO     0.00000e+00     fixed    
   9  alpha_2CBO   0.00000e+00     fixed    
  10  beta_2CBO    0.00000e+00   1.00000e-03   1.00000e-03  -1.64938e+04
  11  alpha_y      0.00000e+00     fixed    
  12  w_y          1.44500e+01   constant   
  13  beta_y       0.00000e+00   1.00000e-03   1.00000e-03   2.40803e+05
  14  alpha_vw     0.00000e+00     fixed    
  15  w_vw         1.29000e+01   constant   
  16  beta_vw      0.00000e+00     fixed    
  17  LM          -1.31768e-03   constant   
  18  zeta_y       0.00000e+00   constant   
  19  zeta_vw      0.00000e+00   constant   
  20  T_CBO        6.24903e+02   2.01018e+02   5.56724e-02  -3.83242e+00
  21  alpha_A0     5.72550e-02   6.90563e-03   8.33543e-04  -1.04596e+03
  22  beta_A0      1.92223e-02   6.57727e-03   7.78542e-04  -9.45136e+02
  23  alpha_phi    4.41794e-02   7.27987e-03   7.62123e-04   3.53365e+02
  24  beta_phi    -6.36900e-02   7.33391e-03  -8.33446e-04   3.33081e+02
 CALL LIMIT EXCEEDED IN MIGRAD.
 MIGRAD TERMINATED WITHOUT CONVERGENCE.
 FCN=186.163 FROM MIGRAD    STATUS=CALL LIMIT   1912 CALLS        3235 TOTAL
                     EDM=0.0704608    STRATEGY= 1  ERROR MATRIX UNCERTAINTY  20.8 per cent
  EXT PARAMETER                APPROXIMATE        STEP         FIRST   
  NO.   NAME      VALUE            ERROR          SIZE      DERIVATIVE 
   1  N0           3.10472e+06   1.64915e+04   3.75164e+03  -3.35356e-04
   2  tau          6.43667e+01   constant   
   3  A0           3.25431e-01   9.08641e-03  -2.27137e-03  -6.90214e+02
   4  phi          4.03464e+00   3.18943e-02  -8.48619e-03  -1.25082e+01
   5  R           -6.17041e+01   constant   
   6  alpha_CBO    4.52992e-03   6.49246e-03   1.60287e-03  -2.66690e+02
   7  w_CBO        2.32500e+00   constant   
   8  beta_CBO     0.00000e+00     fixed    
   9  alpha_2CBO   0.00000e+00     fixed    
  10  beta_2CBO    6.39233e-03   1.23585e-03   2.27663e-04  -9.89763e+02
  11  alpha_y      0.00000e+00     fixed    
  12  w_y          1.44500e+01   constant   
  13  beta_y      -2.93391e-03   1.54815e-04  -6.53268e-07   6.01462e+01
  14  alpha_vw     0.00000e+00     fixed    
  15  w_vw         1.29000e+01   constant   
  16  beta_vw      0.00000e+00     fixed    
  17  LM          -1.31768e-03   constant   
  18  zeta_y       0.00000e+00   constant   
  19  zeta_vw      0.00000e+00   constant   
  20  T_CBO        4.33264e+02   1.92144e+02  -7.83827e-02  -1.63968e+00
  21  alpha_A0    -1.44661e-01   4.93810e-02  -1.25743e-02  -7.45275e+01
  22  beta_A0      1.51434e-01   1.60152e-02   4.52018e-03  -1.22881e+02
  23  alpha_phi    2.14739e-01   1.89691e-02   4.26543e-03  -3.22402e+01
  24  beta_phi     8.23081e-02   3.63222e-02   9.56053e-03  -1.23049e+01
 EXTERNAL ERROR MATRIX.    NDIM=  25    NPAR= 11    ERR DEF=1
  2.720e+08 
 -1.471e+02  8.256e-05 
 -4.842e+02  2.719e-04  1.017e-03 
  1.052e+02 -5.833e-05 -1.888e-04  4.215e-05 
  1.450e+01 -8.255e-06 -3.303e-05  5.141e-06  1.527e-06 
 -4.110e-02  2.359e-08  2.907e-07 -1.413e-08 -1.319e-08  2.397e-08 
 -3.077e+06  1.640e+00  5.874e+00 -1.158e+00 -1.864e-01  1.467e-03  3.893e+04 
 -7.367e+02  4.119e-04  1.563e-03 -2.811e-04 -5.463e-05  4.713e-07  9.068e+00  2.438e-03 
  2.221e+02 -1.316e-04 -4.948e-04  8.974e-05  1.639e-05 -1.453e-07 -2.655e+00 -7.568e-04  2.565e-04 
  1.831e+02 -1.102e-04 -5.039e-04  6.773e-05  2.155e-05 -2.604e-07 -2.566e+00 -8.166e-04  2.633e-04  3.598e-04 
  5.531e+02 -3.078e-04 -1.157e-03  2.146e-04  3.720e-05 -3.366e-07 -6.758e+00 -1.777e-03  5.567e-04  5.675e-04  1.319e-03 
ERR MATRIX APPROXIMATE
 PARAMETER  CORRELATION COEFFICIENTS  
       NO.  GLOBAL      1      3      4      6     10     13     20     21     22     23     24
        1  0.99977   1.000 -0.982 -0.921  0.982  0.711 -0.016 -0.945 -0.905  0.841  0.585  0.923
        3  0.99969  -0.982  1.000  0.938 -0.989 -0.735  0.017  0.915  0.918 -0.904 -0.639 -0.933
        4  0.99991  -0.921  0.938  1.000 -0.912 -0.838  0.059  0.933  0.992 -0.969 -0.833 -0.999
        6  0.99965   0.982 -0.989 -0.912  1.000  0.641 -0.014 -0.904 -0.877  0.863  0.550  0.910
       10  0.99286   0.711 -0.735 -0.838  0.641  1.000 -0.069 -0.765 -0.895  0.828  0.919  0.829
       13  0.16676  -0.016  0.017  0.059 -0.014 -0.069  1.000  0.048  0.062 -0.059 -0.089 -0.060
       20  0.97989  -0.945  0.915  0.933 -0.904 -0.765  0.048  1.000  0.931 -0.840 -0.685 -0.943
       21  0.99988  -0.905  0.918  0.992 -0.877 -0.895  0.062  0.931  1.000 -0.957 -0.872 -0.991
       22  0.99914   0.841 -0.904 -0.969  0.863  0.828 -0.059 -0.840 -0.957  1.000  0.867  0.957
       23  0.99891   0.585 -0.639 -0.833  0.550  0.919 -0.089 -0.685 -0.872  0.867  1.000  0.824
       24  0.99986   0.923 -0.933 -0.999  0.910  0.829 -0.060 -0.943 -0.991  0.957  0.824  1.000
 ERR MATRIX APPROXIMATE
MINUIT - FIT ONLY 2-CBO
 **********
 **   25 **RES 
 **********
                   PARAMETER   16  beta_vw RESTORED TO VARIABLE.
                   PARAMETER   14  alpha_vw RESTORED TO VARIABLE.
                   PARAMETER   11  alpha_y RESTORED TO VARIABLE.
                   PARAMETER    9  alpha_2CBO RESTORED TO VARIABLE.
                   PARAMETER    8  beta_CBO RESTORED TO VARIABLE.
 **********
 **   26 **FIX            0
 **********
 PARAMETER    0  IS UNDEFINED. IGNORED.
 **********
 **   27 **FIX            1
 **********
 **********
 **   28 **FIX            2
 **********
 PARAMETER    2  IS CONSTANT.   IGNORED.
 **********
 **   29 **FIX            3
 **********
 **********
 **   30 **FIX            4
 **********
 **********
 **   31 **FIX            5
 **********
 PARAMETER    5  IS CONSTANT.   IGNORED.
 **********
 **   32 **FIX            6
 **********
 **********
 **   33 **FIX            7
 **********
 PARAMETER    7  IS CONSTANT.   IGNORED.
 **********
 **   34 **FIX           10
 **********
 **********
 **   35 **FIX           11
 **********
 **********
 **   36 **FIX           12
 **********
 PARAMETER   12  IS CONSTANT.   IGNORED.
 **********
 **   37 **FIX           13
 **********
 **********
 **   38 **FIX           14
 **********
 **********
 **   39 **FIX           15
 **********
 PARAMETER   15  IS CONSTANT.   IGNORED.
 **********
 **   40 **FIX           16
 **********
 **********
 **   41 **MIGRAD
 **********
 START MIGRAD MINIMIZATION.  STRATEGY  1.  CONVERGENCE WHEN EDM .LT. 1.00e-04
 FCN=186.163 FROM MIGRAD    STATUS=INITIATE       18 CALLS        3253 TOTAL
                     EDM= unknown      STRATEGY= 1      NO ERROR MATRIX       
  EXT PARAMETER               CURRENT GUESS       STEP         FIRST   
  NO.   NAME      VALUE            ERROR          SIZE      DERIVATIVE 
   1  N0           3.10472e+06     fixed    
   2  tau          6.43667e+01   constant   
   3  A0           3.25431e-01     fixed    
   4  phi          4.03464e+00     fixed    
   5  R           -6.17041e+01   constant   
   6  alpha_CBO    4.52992e-03     fixed    
   7  w_CBO        2.32500e+00   constant   
   8  beta_CBO     0.00000e+00   1.00000e-03   1.00000e-03   3.92661e+02
   9  alpha_2CBO   0.00000e+00   1.00000e-03   1.00000e-03  -3.96919e+02
  10  beta_2CBO    6.39233e-03     fixed    
  11  alpha_y      0.00000e+00     fixed    
  12  w_y          1.44500e+01   constant   
  13  beta_y      -2.93391e-03     fixed    
  14  alpha_vw     0.00000e+00     fixed    
  15  w_vw         1.29000e+01   constant   
  16  beta_vw      0.00000e+00     fixed    
  17  LM          -1.31768e-03   constant   
  18  zeta_y       0.00000e+00   constant   
  19  zeta_vw      0.00000e+00   constant   
  20  T_CBO        4.33264e+02   1.92144e+02  -7.83827e-02  -1.63964e+00
  21  alpha_A0    -1.44661e-01   4.93810e-02  -1.25743e-02  -7.45275e+01
  22  beta_A0      1.51434e-01   1.60152e-02   4.52018e-03  -1.22881e+02
  23  alpha_phi    2.14739e-01   1.89691e-02   4.26543e-03  -3.22402e+01
  24  beta_phi     8.23081e-02   3.63222e-02   9.56053e-03  -1.23049e+01
 MIGRAD MINIMIZATION HAS CONVERGED.
 MIGRAD WILL VERIFY CONVERGENCE AND ERROR MATRIX.
 COVARIANCE MATRIX CALCULATED SUCCESSFULLY
 FCN=186.145 FROM HESSE     STATUS=OK             50 CALLS        3401 TOTAL
                     EDM=0.00204955    STRATEGY= 1      ERROR MATRIX ACCURATE 
  EXT PARAMETER                                   STEP         FIRST   
  NO.   NAME      VALUE            ERROR          SIZE      DERIVATIVE 
   1  N0           3.10472e+06     fixed    
   2  tau          6.43667e+01   constant   
   3  A0           3.25431e-01     fixed    
   4  phi          4.03464e+00     fixed    
   5  R           -6.17041e+01   constant   
   6  alpha_CBO    4.52992e-03     fixed    
   7  w_CBO        2.32500e+00   constant   
   8  beta_CBO    -3.83516e-05   5.47650e-04   9.89359e-07   7.04324e+00
   9  alpha_2CBO   2.15307e-05   3.68603e-04   9.73178e-07   8.08444e+00
  10  beta_2CBO    6.39233e-03     fixed    
  11  alpha_y      0.00000e+00     fixed    
  12  w_y          1.44500e+01   constant   
  13  beta_y      -2.93391e-03     fixed    
  14  alpha_vw     0.00000e+00     fixed    
  15  w_vw         1.29000e+01   constant   
  16  beta_vw      0.00000e+00     fixed    
  17  LM          -1.31768e-03   constant   
  18  zeta_y       0.00000e+00   constant   
  19  zeta_vw      0.00000e+00   constant   
  20  T_CBO        4.34975e+02   6.81699e+02   2.33662e-04   5.37798e-02
  21  alpha_A0    -1.44694e-01   2.82857e-02   5.97553e-06   1.67639e+00
  22  beta_A0      1.51514e-01   3.05537e-02   5.51796e-06   2.23596e+00
  23  alpha_phi    2.14672e-01   4.17549e-02   5.73831e-06   3.68206e+00
  24  beta_phi     8.24780e-02   1.56766e-02   5.96695e-06   1.33462e+00
 CALL LIMIT EXCEEDED IN MIGRAD.
 MIGRAD TERMINATED WITHOUT CONVERGENCE.
 FCN=186.123 FROM MIGRAD    STATUS=CALL LIMIT   1154 CALLS        4389 TOTAL
                     EDM=0.000129696    STRATEGY= 1  ERROR MATRIX UNCERTAINTY  36.0 per cent
  EXT PARAMETER                APPROXIMATE        STEP         FIRST   
  NO.   NAME      VALUE            ERROR          SIZE      DERIVATIVE 
   1  N0           3.10472e+06     fixed    
   2  tau          6.43667e+01   constant   
   3  A0           3.25431e-01     fixed    
   4  phi          4.03464e+00     fixed    
   5  R           -6.17041e+01   constant   
   6  alpha_CBO    4.52992e-03     fixed    
   7  w_CBO        2.32500e+00   constant   
   8  beta_CBO    -8.56968e-05   5.02177e-04  -2.41251e-07   1.20613e+01
   9  alpha_2CBO  -3.74915e-07   3.48097e-04  -2.89171e-07   2.72117e+01
  10  beta_2CBO    6.39233e-03     fixed    
  11  alpha_y      0.00000e+00     fixed    
  12  w_y          1.44500e+01   constant   
  13  beta_y      -2.93391e-03     fixed    
  14  alpha_vw     0.00000e+00     fixed    
  15  w_vw         1.29000e+01   constant   
  16  beta_vw      0.00000e+00     fixed    
  17  LM          -1.31768e-03   constant   
  18  zeta_y       0.00000e+00   constant   
  19  zeta_vw      0.00000e+00   constant   
  20  T_CBO        9.49736e+02   9.72072e+02   2.75467e-03  -5.50930e-03
  21  alpha_A0    -1.38066e-01   4.21759e-03   1.16095e-06   6.46636e+00
  22  beta_A0      1.44360e-01   4.56909e-03  -1.30345e-06  -2.20123e+00
  23  alpha_phi    2.04890e-01   5.12926e-03   1.64918e-06   4.00826e+00
  24  beta_phi     7.88865e-02   3.18463e-03   2.24863e-06   3.22916e+00
 EXTERNAL ERROR MATRIX.    NDIM=  25    NPAR=  7    ERR DEF=1
  2.522e-07  6.656e-08 -7.164e-02 -3.216e-07  6.392e-07  2.028e-07 -1.235e-06 
  6.656e-08  1.212e-07 -6.267e-02 -6.104e-07  8.299e-07  2.296e-07 -2.735e-07 
 -7.164e-02 -6.267e-02  3.848e+05  2.499e+00 -2.693e+00 -3.069e+00 -7.481e-01 
 -3.216e-07 -6.104e-07  2.499e+00  1.779e-05 -1.832e-05 -2.023e-05 -5.655e-06 
  6.392e-07  8.299e-07 -2.693e+00 -1.832e-05  2.088e-05  2.062e-05  4.129e-06 
  2.028e-07  2.296e-07 -3.069e+00 -2.023e-05  2.062e-05  2.631e-05  8.322e-06 
 -1.235e-06 -2.735e-07 -7.481e-01 -5.655e-06  4.129e-06  8.322e-06  1.014e-05 
ERR MATRIX APPROXIMATE
 PARAMETER  CORRELATION COEFFICIENTS  
       NO.  GLOBAL      8      9     20     21     22     23     24
        8  0.95821   1.000  0.381 -0.230 -0.152  0.279  0.079 -0.772
        9  0.92345   0.381  1.000 -0.290 -0.416  0.522  0.129 -0.247
       20  0.99143  -0.230 -0.290  1.000  0.955 -0.950 -0.965 -0.379
       21  0.98348  -0.152 -0.416  0.955  1.000 -0.951 -0.935 -0.421
       22  0.98491   0.279  0.522 -0.950 -0.951  1.000  0.880  0.284
       23  0.98830   0.079  0.129 -0.965 -0.935  0.880  1.000  0.509
       24  0.96536  -0.772 -0.247 -0.379 -0.421  0.284  0.509  1.000
 ERR MATRIX APPROXIMATE
MINUIT - FIT wiggle + 1-CBO + 2-CBO
 **********
 **   42 **RES 
 **********
                   PARAMETER   16  beta_vw RESTORED TO VARIABLE.
                   PARAMETER   14  alpha_vw RESTORED TO VARIABLE.
                   PARAMETER   13  beta_y RESTORED TO VARIABLE.
                   PARAMETER   11  alpha_y RESTORED TO VARIABLE.
                   PARAMETER   10  beta_2CBO RESTORED TO VARIABLE.
                   PARAMETER    6  alpha_CBO RESTORED TO VARIABLE.
                   PARAMETER    4  phi RESTORED TO VARIABLE.
                   PARAMETER    3  A0 RESTORED TO VARIABLE.
                   PARAMETER    1  N0 RESTORED TO VARIABLE.
 **********
 **   43 **FIX           10
 **********
 **********
 **   44 **FIX           11
 **********
 **********
 **   45 **FIX           12
 **********
 PARAMETER   12  IS CONSTANT.   IGNORED.
 **********
 **   46 **FIX           13
 **********
 **********
 **   47 **FIX           14
 **********
 **********
 **   48 **FIX           15
 **********
 PARAMETER   15  IS CONSTANT.   IGNORED.
 **********
 **   49 **FIX           16
 **********
 **********
 **   50 **MIGRAD
 **********
 START MIGRAD MINIMIZATION.  STRATEGY  1.  CONVERGENCE WHEN EDM .LT. 1.00e-04
 FCN=186.123 FROM MIGRAD    STATUS=INITIATE       22 CALLS        4411 TOTAL
                     EDM= unknown      STRATEGY= 1      NO ERROR MATRIX       
  EXT PARAMETER               CURRENT GUESS       STEP         FIRST   
  NO.   NAME      VALUE            ERROR          SIZE      DERIVATIVE 
   1  N0           3.10472e+06   1.64915e+04   1.64915e+04  -4.09097e-05
   2  tau          6.43667e+01   constant   
   3  A0           3.25431e-01   9.08641e-03   9.08641e-03   1.79696e+01
   4  phi          4.03464e+00   3.18943e-02   3.18943e-02  -2.07190e+01
   5  R           -6.17041e+01   constant   
   6  alpha_CBO    4.52992e-03   6.49246e-03   6.49246e-03   3.81201e+01
   7  w_CBO        2.32500e+00   constant   
   8  beta_CBO    -8.56968e-05   5.02177e-04  -2.41251e-07   1.20613e+01
   9  alpha_2CBO  -3.74915e-07   3.48097e-04  -2.89171e-07   2.72117e+01
  10  beta_2CBO    6.39233e-03     fixed    
  11  alpha_y      0.00000e+00     fixed    
  12  w_y          1.44500e+01   constant   
  13  beta_y      -2.93391e-03     fixed    
  14  alpha_vw     0.00000e+00     fixed    
  15  w_vw         1.29000e+01   constant   
  16  beta_vw      0.00000e+00     fixed    
  17  LM          -1.31768e-03   constant   
  18  zeta_y       0.00000e+00   constant   
  19  zeta_vw      0.00000e+00   constant   
  20  T_CBO        9.49736e+02   9.72072e+02   2.75467e-03  -5.51165e-03
  21  alpha_A0    -1.38066e-01   4.21759e-03   1.16095e-06   6.46636e+00
  22  beta_A0      1.44360e-01   4.56909e-03  -1.30345e-06  -2.20123e+00
  23  alpha_phi    2.04890e-01   5.12926e-03   1.64918e-06   4.00826e+00
  24  beta_phi     7.88865e-02   3.18463e-03   2.24863e-06   3.22916e+00
 CALL LIMIT EXCEEDED IN MIGRAD.
 MIGRAD TERMINATED WITHOUT CONVERGENCE.
 FCN=182.743 FROM MIGRAD    STATUS=CALL LIMIT   1910 CALLS        6299 TOTAL
                     EDM=1.61942e-05    STRATEGY= 1  ERROR MATRIX UNCERTAINTY   5.3 per cent
  EXT PARAMETER                APPROXIMATE        STEP         FIRST   
  NO.   NAME      VALUE            ERROR          SIZE      DERIVATIVE 
   1  N0           3.18968e+06   3.00212e+04  -1.26673e+02  -3.08036e-06
   2  tau          6.43667e+01   constant   
   3  A0           3.09471e-01   5.84303e-03   2.16278e-05  -1.71621e+01
   4  phi          4.10217e+00   3.50413e-02  -6.32648e-06  -3.56588e-01
   5  R           -6.17041e+01   constant   
   6  alpha_CBO    3.72000e-03   3.44354e-03  -1.02189e-06   1.13599e+01
   7  w_CBO        2.32500e+00   constant   
   8  beta_CBO    -2.45153e-02   1.07961e-02   3.01872e-05  -1.58526e+01
   9  alpha_2CBO  -9.63425e-03   4.98860e-03   1.89405e-05  -1.98147e+01
  10  beta_2CBO    6.39233e-03     fixed    
  11  alpha_y      0.00000e+00     fixed    
  12  w_y          1.44500e+01   constant   
  13  beta_y      -2.93391e-03     fixed    
  14  alpha_vw     0.00000e+00     fixed    
  15  w_vw         1.29000e+01   constant   
  16  beta_vw      0.00000e+00     fixed    
  17  LM          -1.31768e-03   constant   
  18  zeta_y       0.00000e+00   constant   
  19  zeta_vw      0.00000e+00   constant   
  20  T_CBO        2.34222e+02   3.00712e+01  -3.22528e-04  -5.46336e-02
  21  alpha_A0    -1.60821e-01   2.61512e-02   1.12645e-04  -2.04924e+00
  22  beta_A0     -2.39862e-04   5.95931e-02   2.30908e-04   3.25541e+00
  23  alpha_phi    1.90219e-01   1.79825e-02  -8.20406e-07  -1.38320e+00
  24  beta_phi     2.07264e-01   6.31297e-02  -2.85593e-04  -1.06715e+00
 EXTERNAL ERROR MATRIX.    NDIM=  25    NPAR= 11    ERR DEF=1
  9.013e+08 
 -1.709e+02  3.414e-05 
  4.115e+02 -1.202e-04  1.228e-03 
 -1.858e+01  7.701e-06 -1.127e-04  1.186e-05 
 -2.606e+02  5.749e-05 -3.200e-04  2.702e-05  1.166e-04 
 -1.419e+02  2.850e-05 -1.046e-04  7.861e-06  5.019e-05  2.489e-05 
  3.889e+05 -5.244e-02 -3.381e-01  2.343e-02 -4.338e-02 -6.093e-02  9.058e+02 
 -5.591e+02  8.229e-05  3.256e-04 -4.325e-05  5.436e-05  6.873e-05 -5.949e-01  6.839e-04 
 -1.747e+03  3.471e-04 -1.192e-03  7.929e-05  5.871e-04  2.941e-04 -6.334e-01  8.752e-04  3.551e-03 
  8.537e+01 -3.625e-05  5.388e-04 -6.043e-05 -1.342e-04 -4.111e-05 -3.858e-02  1.978e-04 -3.889e-04  3.234e-04 
  1.866e+03 -3.508e-04  7.930e-04 -4.323e-05 -5.447e-04 -3.020e-04  1.047e+00 -1.226e-03 -3.636e-03  2.409e-04  3.985e-03 
ERR MATRIX APPROXIMATE
 PARAMETER  CORRELATION COEFFICIENTS  
       NO.  GLOBAL      1      3      4      6      8      9     20     21     22     23     24
        1  0.99998   1.000 -0.974  0.391 -0.180 -0.804 -0.947  0.430 -0.712 -0.976  0.158  0.984
        3  0.99993  -0.974  1.000 -0.587  0.383  0.911  0.978 -0.298  0.539  0.997 -0.345 -0.951
        4  0.99997   0.391 -0.587  1.000 -0.934 -0.846 -0.599 -0.321  0.355 -0.571  0.855  0.358
        6  0.99979  -0.180  0.383 -0.934  1.000  0.727  0.458  0.226 -0.480  0.386 -0.976 -0.199
        8  0.99997  -0.804  0.911 -0.846  0.727  1.000  0.932 -0.134  0.193  0.913 -0.691 -0.799
        9  0.99961  -0.947  0.978 -0.599  0.458  0.932  1.000 -0.406  0.527  0.989 -0.458 -0.959
       20  0.98610   0.430 -0.298 -0.321  0.226 -0.134 -0.406  1.000 -0.756 -0.353 -0.071  0.551
       21  0.99950  -0.712  0.539  0.355 -0.480  0.193  0.527 -0.756  1.000  0.562  0.421 -0.742
       22  0.99997  -0.976  0.997 -0.571  0.386  0.913  0.989 -0.353  0.562  1.000 -0.363 -0.966
       23  0.99973   0.158 -0.345  0.855 -0.976 -0.691 -0.458 -0.071  0.421 -0.363  1.000  0.212
       24  0.99993   0.984 -0.951  0.358 -0.199 -0.799 -0.959  0.551 -0.742 -0.966  0.212  1.000
 ERR MATRIX APPROXIMATE
MINUIT - FIT ONLY 1-y
 **********
 **   51 **RES 
 **********
                   PARAMETER   16  beta_vw RESTORED TO VARIABLE.
                   PARAMETER   14  alpha_vw RESTORED TO VARIABLE.
                   PARAMETER   13  beta_y RESTORED TO VARIABLE.
                   PARAMETER   11  alpha_y RESTORED TO VARIABLE.
                   PARAMETER   10  beta_2CBO RESTORED TO VARIABLE.
 **********
 **   52 **FIX            0
 **********
 PARAMETER    0  IS UNDEFINED. IGNORED.
 **********
 **   53 **FIX            1
 **********
 **********
 **   54 **FIX            2
 **********
 PARAMETER    2  IS CONSTANT.   IGNORED.
 **********
 **   55 **FIX            3
 **********
 **********
 **   56 **FIX            4
 **********
 **********
 **   57 **FIX            5
 **********
 PARAMETER    5  IS CONSTANT.   IGNORED.
 **********
 **   58 **FIX            6
 **********
 **********
 **   59 **FIX            7
 **********
 PARAMETER    7  IS CONSTANT.   IGNORED.
 **********
 **   60 **FIX            8
 **********
 **********
 **   61 **FIX            9
 **********
 **********
 **   62 **FIX           13
 **********
 **********
 **   63 **FIX           14
 **********
 **********
 **   64 **FIX           15
 **********
 PARAMETER   15  IS CONSTANT.   IGNORED.
 **********
 **   65 **FIX           16
 **********
 **********
 **   66 **MIGRAD
 **********
 START MIGRAD MINIMIZATION.  STRATEGY  1.  CONVERGENCE WHEN EDM .LT. 1.00e-04
 FCN=182.743 FROM MIGRAD    STATUS=INITIATE       16 CALLS        6315 TOTAL
                     EDM= unknown      STRATEGY= 1      NO ERROR MATRIX       
  EXT PARAMETER               CURRENT GUESS       STEP         FIRST   
  NO.   NAME      VALUE            ERROR          SIZE      DERIVATIVE 
   1  N0           3.18968e+06     fixed    
   2  tau          6.43667e+01   constant   
   3  A0           3.09471e-01     fixed    
   4  phi          4.10217e+00     fixed    
   5  R           -6.17041e+01   constant   
   6  alpha_CBO    3.72000e-03     fixed    
   7  w_CBO        2.32500e+00   constant   
   8  beta_CBO    -2.45153e-02     fixed    
   9  alpha_2CBO  -9.63425e-03     fixed    
  10  beta_2CBO    6.39233e-03   1.23585e-03   1.23585e-03   6.67014e+02
  11  alpha_y      0.00000e+00   1.00000e-03   1.00000e-03  -1.55436e+05
  12  w_y          1.44500e+01   constant   
  13  beta_y      -2.93391e-03     fixed    
  14  alpha_vw     0.00000e+00     fixed    
  15  w_vw         1.29000e+01   constant   
  16  beta_vw      0.00000e+00     fixed    
  17  LM          -1.31768e-03   constant   
  18  zeta_y       0.00000e+00   constant   
  19  zeta_vw      0.00000e+00   constant   
  20  T_CBO        2.34222e+02   3.00712e+01  -3.22528e-04  -5.46336e-02
  21  alpha_A0    -1.60821e-01   2.61512e-02   1.12645e-04  -2.04924e+00
  22  beta_A0     -2.39862e-04   5.95931e-02   2.30908e-04   3.25541e+00
  23  alpha_phi    1.90219e-01   1.79825e-02  -8.20406e-07  -1.38320e+00
  24  beta_phi     2.07264e-01   6.31297e-02  -2.85593e-04  -1.06715e+00
 MIGRAD MINIMIZATION HAS CONVERGED.
 FCN=49.7127 FROM MIGRAD    STATUS=CONVERGED     126 CALLS        6425 TOTAL
                     EDM=4.30369e-06    STRATEGY= 1  ERROR MATRIX UNCERTAINTY   3.5 per cent
  EXT PARAMETER                                   STEP         FIRST   
  NO.   NAME      VALUE            ERROR          SIZE      DERIVATIVE 
   1  N0           3.18968e+06     fixed    
   2  tau          6.43667e+01   constant   
   3  A0           3.09471e-01     fixed    
   4  phi          4.10217e+00     fixed    
   5  R           -6.17041e+01   constant   
   6  alpha_CBO    3.72000e-03     fixed    
   7  w_CBO        2.32500e+00   constant   
   8  beta_CBO    -2.45153e-02     fixed    
   9  alpha_2CBO  -9.63425e-03     fixed    
  10  beta_2CBO    6.40908e-03   2.52448e-04  -1.94106e-07  -3.54053e+00
  11  alpha_y      1.71173e-03   1.48412e-04  -3.91263e-08  -7.15162e-01
  12  w_y          1.44500e+01   constant   
  13  beta_y      -2.93391e-03     fixed    
  14  alpha_vw     0.00000e+00     fixed    
  15  w_vw         1.29000e+01   constant   
  16  beta_vw      0.00000e+00     fixed    
  17  LM          -1.31768e-03   constant   
  18  zeta_y       0.00000e+00   constant   
  19  zeta_vw      0.00000e+00   constant   
  20  T_CBO        2.30835e+02   6.55478e+00  -5.36741e-06   1.72223e-01
  21  alpha_A0    -1.59820e-01   1.22848e-03  -1.08675e-06   1.13092e+00
  22  beta_A0     -1.24163e-03   8.68899e-04  -2.86247e-06  -1.42386e+00
  23  alpha_phi    1.90686e-01   9.08805e-04  -6.53935e-08  -2.43468e+00
  24  beta_phi     2.07033e-01   1.61375e-03   3.78517e-06  -7.38784e-01
 EXTERNAL ERROR MATRIX.    NDIM=  25    NPAR=  7    ERR DEF=1
  6.373e-08  4.914e-10  7.765e-04 -1.869e-07 -4.608e-08  5.884e-08 -2.702e-07 
  4.914e-10  2.203e-08 -2.591e-05  1.357e-08 -1.321e-08  4.351e-09 -6.123e-09 
  7.765e-04 -2.591e-05  4.297e+01 -2.109e-03  3.115e-04  3.151e-04 -6.185e-03 
 -1.869e-07  1.357e-08 -2.109e-03  1.509e-06  1.484e-07 -4.008e-07  6.780e-07 
 -4.608e-08 -1.321e-08  3.115e-04  1.484e-07  7.550e-07 -2.270e-07 -4.395e-08 
  5.884e-08  4.351e-09  3.151e-04 -4.008e-07 -2.270e-07  8.259e-07 -1.414e-07 
 -2.702e-07 -6.123e-09 -6.185e-03  6.780e-07 -4.395e-08 -1.414e-07  2.604e-06 
 PARAMETER  CORRELATION COEFFICIENTS  
       NO.  GLOBAL     10     11     20     21     22     23     24
       10  0.79702   1.000  0.013  0.469 -0.603 -0.210  0.256 -0.663
       11  0.16047   0.013  1.000 -0.027  0.074 -0.102  0.032 -0.026
       20  0.60045   0.469 -0.027  1.000 -0.262  0.055  0.053 -0.585
       21  0.64869  -0.603  0.074 -0.262  1.000  0.139 -0.359  0.342
       22  0.40268  -0.210 -0.102  0.055  0.139  1.000 -0.287 -0.031
       23  0.43404   0.256  0.032  0.053 -0.359 -0.287  1.000 -0.096
       24  0.74550  -0.663 -0.026 -0.585  0.342 -0.031 -0.096  1.000
MINUIT - FIT ONLY 2-y
 **********
 **   67 **RES 
 **********
                   PARAMETER   16  beta_vw RESTORED TO VARIABLE.
                   PARAMETER   14  alpha_vw RESTORED TO VARIABLE.
                   PARAMETER   13  beta_y RESTORED TO VARIABLE.
                   PARAMETER    9  alpha_2CBO RESTORED TO VARIABLE.
                   PARAMETER    8  beta_CBO RESTORED TO VARIABLE.
                   PARAMETER    6  alpha_CBO RESTORED TO VARIABLE.
                   PARAMETER    4  phi RESTORED TO VARIABLE.
                   PARAMETER    3  A0 RESTORED TO VARIABLE.
                   PARAMETER    1  N0 RESTORED TO VARIABLE.
 **********
 **   68 **FIX            0
 **********
 PARAMETER    0  IS UNDEFINED. IGNORED.
 **********
 **   69 **FIX            1
 **********
 **********
 **   70 **FIX            2
 **********
 PARAMETER    2  IS CONSTANT.   IGNORED.
 **********
 **   71 **FIX            3
 **********
 **********
 **   72 **FIX            4
 **********
 **********
 **   73 **FIX            5
 **********
 PARAMETER    5  IS CONSTANT.   IGNORED.
 **********
 **   74 **FIX            6
 **********
 **********
 **   75 **FIX            7
 **********
 PARAMETER    7  IS CONSTANT.   IGNORED.
 **********
 **   76 **FIX            8
 **********
 **********
 **   77 **FIX            9
 **********
 **********
 **   78 **FIX           10
 **********
 **********
 **   79 **FIX           11
 **********
 **********
 **   80 **FIX           12
 **********
 PARAMETER   12  IS CONSTANT.   IGNORED.
 **********
 **   81 **FIX           16
 **********
 **********
 **   82 **MIGRAD
 **********
 START MIGRAD MINIMIZATION.  STRATEGY  1.  CONVERGENCE WHEN EDM .LT. 1.00e-04
 FCN=49.7127 FROM MIGRAD    STATUS=INITIATE       16 CALLS        6441 TOTAL
                     EDM= unknown      STRATEGY= 1      NO ERROR MATRIX       
  EXT PARAMETER               CURRENT GUESS       STEP         FIRST   
  NO.   NAME      VALUE            ERROR          SIZE      DERIVATIVE 
   1  N0           3.18968e+06     fixed    
   2  tau          6.43667e+01   constant   
   3  A0           3.09471e-01     fixed    
   4  phi          4.10217e+00     fixed    
   5  R           -6.17041e+01   constant   
   6  alpha_CBO    3.72000e-03     fixed    
   7  w_CBO        2.32500e+00   constant   
   8  beta_CBO    -2.45153e-02     fixed    
   9  alpha_2CBO  -9.63425e-03     fixed    
  10  beta_2CBO    6.40908e-03     fixed    
  11  alpha_y      1.71173e-03     fixed    
  12  w_y          1.44500e+01   constant   
  13  beta_y      -2.93391e-03   1.54815e-04   1.54815e-04   6.67002e+03
  14  alpha_vw     0.00000e+00   1.00000e-03   1.00000e-03   2.55839e+04
  15  w_vw         1.29000e+01   constant   
  16  beta_vw      0.00000e+00     fixed    
  17  LM          -1.31768e-03   constant   
  18  zeta_y       0.00000e+00   constant   
  19  zeta_vw      0.00000e+00   constant   
  20  T_CBO        2.30835e+02   6.55478e+00  -5.36741e-06   1.72222e-01
  21  alpha_A0    -1.59820e-01   1.22848e-03  -1.08675e-06   1.13092e+00
  22  beta_A0     -1.24163e-03   8.68899e-04  -2.86247e-06  -1.42386e+00
  23  alpha_phi    1.90686e-01   9.08805e-04  -6.53935e-08  -2.43468e+00
  24  beta_phi     2.07033e-01   1.61375e-03   3.78517e-06  -7.38783e-01
 CALL LIMIT EXCEEDED IN MIGRAD.
 MIGRAD TERMINATED WITHOUT CONVERGENCE.
 FCN=44.8777 FROM MIGRAD    STATUS=CALL LIMIT   1148 CALLS        7573 TOTAL
                     EDM=0.0171474    STRATEGY= 1  ERROR MATRIX UNCERTAINTY  49.0 per cent
  EXT PARAMETER                APPROXIMATE        STEP         FIRST   
  NO.   NAME      VALUE            ERROR          SIZE      DERIVATIVE 
   1  N0           3.18968e+06     fixed    
   2  tau          6.43667e+01   constant   
   3  A0           3.09471e-01     fixed    
   4  phi          4.10217e+00     fixed    
   5  R           -6.17041e+01   constant   
   6  alpha_CBO    3.72000e-03     fixed    
   7  w_CBO        2.32500e+00   constant   
   8  beta_CBO    -2.45153e-02     fixed    
   9  alpha_2CBO  -9.63425e-03     fixed    
  10  beta_2CBO    6.40908e-03     fixed    
  11  alpha_y      1.71173e-03     fixed    
  12  w_y          1.44500e+01   constant   
  13  beta_y      -2.83617e-03   1.76141e-04   1.12042e-06   3.94669e+01
  14  alpha_vw    -3.48329e-04   1.69412e-04  -1.40099e-06   2.66325e+01
  15  w_vw         1.29000e+01   constant   
  16  beta_vw      0.00000e+00     fixed    
  17  LM          -1.31768e-03   constant   
