 + ++++++++++++++++++++++++++++++++++++++++++++++++++++++++++++++++++++ +
 +                                                                      +
 +           You have chose to blind your fitting according to          +
 +                omega_ref * (1 + (R +/- deltaR) *10^{-6})             +
 +                                                                      +
 + ++++++++++++++++++++++++++++++++++++++++++++++++++++++++++++++++++++ +
In main()...
reading format from /gm2data/zkhechad/run45/envelope/formats/formatB_sBin_constraintOn.txt
pBinTau 	= 0  
pBinPhi 	= 0  
constraintau 	= 1 
includeMopTerm 	= 0    
constrainMop    = 0   
Parameters after format file: pBinTau 0 pBinPhi 0 constraintau 1 includeMopTerm 0 constrainMop 0 c_e_scale 0.000000 
Opening file /gm2data/tbarrett/gm2fr/studies/run23_bunch_corrections/CorrectedFourier_Run3b.root.
reading full fit data from /gm2data/zkhechad/cboTemplates/Run4CBOTemplates/fullFits/noRF/sBin_constraintOn_cE0.0_seed0_noRF_calo19.root
windowBins = 69
fitting sliding window 2310 from bin 2446 at 364.794000 to bin 2515 at 375.238000 (69 bins)

Reading data from /gm2data/cornell/histograms/aMethod/histogram_a_noRF.root
 **********
 **    1 **SET PRINTOUT            1
 **********
 **********
 **    2 **SET NOWARNINGS 
 **********
 PARAMETER DEFINITIONS:
    NO.   NAME         VALUE      STEP SIZE      LIMITS
     1 N0           3.18973e+06  1.00000e+02     no limits
     2 tau          6.43945e+01  constant
     3 A0           3.47817e-01  1.00000e-04     no limits
     4 phi          4.13218e+00  1.00000e-02     no limits
     5 R           -5.98741e+01  constant
     6 alpha_CBO    0.00000e+00  1.00000e-03     no limits
     7 w_CBO        2.32500e+00  constant
     8 beta_CBO     0.00000e+00  1.00000e-03     no limits
     9 alpha_2CBO   0.00000e+00  1.00000e-03     no limits
    10 beta_2CBO    0.00000e+00  1.00000e-03     no limits
    11 alpha_y      0.00000e+00  1.00000e-03     no limits
    12 w_y          1.38860e+01  constant
    13 beta_y       0.00000e+00  1.00000e-03     no limits
    14 alpha_vw     0.00000e+00  1.00000e-03     no limits
    15 w_vw         1.43404e+01  constant
    16 beta_vw      0.00000e+00  1.00000e-03     no limits
    17 LM          -2.15884e-04  constant
    18 zeta_y       0.00000e+00  constant
    19 zeta_vw      0.00000e+00  constant
    20 T_CBO        1.00000e+02  1.00000e+00    0.00000e+00  1.00000e+03
    21 alpha_A0     0.00000e+00  1.00000e-04   -1.00000e-02  1.00000e-02
    22 beta_A0      0.00000e+00  1.00000e-04   -1.00000e-02  1.00000e-02
    23 alpha_phi    0.00000e+00  1.00000e-04   -1.00000e-02  1.00000e-02
    24 beta_phi     0.00000e+00  1.00000e-04   -1.00000e-02  1.00000e-02
MINUIT - FIT ONLY WIGGLE
 **********
 **    3 **FIX            5
 **********
 PARAMETER    5  IS CONSTANT.   IGNORED.
 **********
 **    4 **FIX            6
 **********
 **********
 **    5 **FIX            7
 **********
 PARAMETER    7  IS CONSTANT.   IGNORED.
 **********
 **    6 **FIX            8
 **********
 **********
 **    7 **FIX            9
 **********
 **********
 **    8 **FIX           10
 **********
 **********
 **    9 **FIX           11
 **********
 **********
 **   10 **FIX           12
 **********
 PARAMETER   12  IS CONSTANT.   IGNORED.
 **********
 **   11 **FIX           13
 **********
 **********
 **   12 **FIX           14
 **********
 **********
 **   13 **FIX           15
 **********
 PARAMETER   15  IS CONSTANT.   IGNORED.
 **********
 **   14 **FIX           16
 **********
 **********
 **   15 **MIGRAD
 **********
 FIRST CALL TO USER FUNCTION AT NEW START POINT, WITH IFLAG=4.
 START MIGRAD MINIMIZATION.  STRATEGY  1.  CONVERGENCE WHEN EDM .LT. 1.00e-04
 FCN=89.5379 FROM MIGRAD    STATUS=INITIATE      437 CALLS         438 TOTAL
                     EDM= unknown      STRATEGY= 1      NO ERROR MATRIX       
  EXT PARAMETER               CURRENT GUESS       STEP         FIRST   
  NO.   NAME      VALUE            ERROR          SIZE      DERIVATIVE 
   1  N0           3.18973e+06   1.00000e+02   0.00000e+00  -1.72430e-04
   2  tau          6.43945e+01   constant   
   3  A0           3.47817e-01   1.00000e-04   0.00000e+00   4.51615e+02
   4  phi          4.13218e+00   1.00000e-02   0.00000e+00  -4.42721e+02
   5  R           -5.98741e+01   constant   
   6  alpha_CBO    0.00000e+00     fixed    
   7  w_CBO        2.32500e+00   constant   
   8  beta_CBO     0.00000e+00     fixed    
   9  alpha_2CBO   0.00000e+00     fixed    
  10  beta_2CBO    0.00000e+00     fixed    
  11  alpha_y      0.00000e+00     fixed    
  12  w_y          1.38860e+01   constant   
  13  beta_y       0.00000e+00     fixed    
  14  alpha_vw     0.00000e+00     fixed    
  15  w_vw         1.43404e+01   constant   
  16  beta_vw      0.00000e+00     fixed    
  17  LM          -2.15884e-04   constant   
  18  zeta_y       0.00000e+00   constant   
  19  zeta_vw      0.00000e+00   constant   
  20  T_CBO        1.00000e+02   1.00000e+00   0.00000e+00   0.00000e+00
  21  alpha_A0     0.00000e+00   1.00000e-04   0.00000e+00   1.38267e-02
  22  beta_A0      0.00000e+00   1.00000e-04   0.00000e+00  -6.39238e-02
  23  alpha_phi    0.00000e+00   1.00000e-04   0.00000e+00  -2.63702e-02
  24  beta_phi     0.00000e+00   1.00000e-04   0.00000e+00  -1.46360e-01
 MIGRAD MINIMIZATION HAS CONVERGED.
 FCN=87.3881 FROM MIGRAD    STATUS=CONVERGED     700 CALLS         701 TOTAL
                     EDM=8.87001e-06    STRATEGY= 1  ERROR MATRIX UNCERTAINTY   0.3 per cent
  EXT PARAMETER                                   STEP         FIRST   
  NO.   NAME      VALUE            ERROR          SIZE      DERIVATIVE 
   1  N0           3.18951e+06   2.43765e+03  -3.89538e+00  -3.52280e-07
   2  tau          6.43945e+01   constant   
   3  A0           3.47763e-01   1.02993e-03   2.73919e-06  -1.92788e+00
   4  phi          4.13408e+00   2.95458e-03  -1.27482e-05  -1.39946e+00
   5  R           -5.98741e+01   constant   
   6  alpha_CBO    0.00000e+00     fixed    
   7  w_CBO        2.32500e+00   constant   
   8  beta_CBO     0.00000e+00     fixed    
   9  alpha_2CBO   0.00000e+00     fixed    
  10  beta_2CBO    0.00000e+00     fixed    
  11  alpha_y      0.00000e+00     fixed    
  12  w_y          1.38860e+01   constant   
  13  beta_y       0.00000e+00     fixed    
  14  alpha_vw     0.00000e+00     fixed    
  15  w_vw         1.43404e+01   constant   
  16  beta_vw      0.00000e+00     fixed    
  17  LM          -2.15884e-04   constant   
  18  zeta_y       0.00000e+00   constant   
  19  zeta_vw      0.00000e+00   constant   
  20  T_CBO        5.37077e+02   7.58245e+02   1.47704e-02  -1.25484e-03
  21  alpha_A0    -1.29986e-03   8.00698e-03  -3.82614e-03  -7.52126e-04
  22  beta_A0      3.73679e-03   1.50948e-02  -2.31923e-03  -1.89970e-03
  23  alpha_phi    7.61615e-04   7.45284e-03   4.45140e-03  -1.78017e-03
  24  beta_phi     9.96200e-03   1.69969e-02  -8.14678e-04  -1.51528e-03
 EXTERNAL ERROR MATRIX.    NDIM=  25    NPAR=  8    ERR DEF=1
  5.942e+06 -1.897e-01 -1.857e-01 -3.421e+05 -3.963e+00  4.147e+00 -3.080e-02 -4.710e-01 
 -1.897e-01  1.061e-06 -9.378e-08  1.058e-01  1.267e-06 -4.113e-07 -4.439e-07  1.652e-07 
 -1.857e-01 -9.378e-08  8.730e-06  3.683e-02 -1.808e-06 -3.537e-06  2.598e-06 -1.186e-07 
 -3.421e+05  1.058e-01  3.683e-02  4.579e+05 -3.025e-01 -2.843e+00  4.093e-01 -1.861e-01 
 -3.963e+00  1.267e-06 -1.808e-06 -3.025e-01  8.686e-05  2.366e-06 -1.287e-06  2.700e-06 
  4.147e+00 -4.113e-07 -3.537e-06 -2.843e+00  2.366e-06  1.012e-04 -1.349e-06  2.064e-06 
 -3.080e-02 -4.439e-07  2.598e-06  4.093e-01 -1.287e-06 -1.349e-06  7.086e-05 -1.074e-06 
 -4.710e-01  1.652e-07 -1.186e-07 -1.861e-01  2.700e-06  2.064e-06 -1.074e-06  2.735e-06 
 PARAMETER  CORRELATION COEFFICIENTS  
       NO.  GLOBAL      1      3      4     20     21     22     23     24
        1  0.32090   1.000 -0.076 -0.026 -0.207 -0.174  0.169 -0.002 -0.117
        3  0.23766  -0.076  1.000 -0.031  0.152  0.132 -0.040 -0.051  0.097
        4  0.17681  -0.026 -0.031  1.000  0.018 -0.066 -0.119  0.104 -0.024
       20  0.49049  -0.207  0.152  0.018  1.000 -0.048 -0.418  0.072 -0.166
       21  0.27457  -0.174  0.132 -0.066 -0.048  1.000  0.025 -0.016  0.175
       22  0.44636   0.169 -0.040 -0.119 -0.418  0.025  1.000 -0.016  0.124
       23  0.15426  -0.002 -0.051  0.104  0.072 -0.016 -0.016  1.000 -0.077
       24  0.29849  -0.117  0.097 -0.024 -0.166  0.175  0.124 -0.077  1.000
MINUIT - FIT ONLY 1-CBO + wiggle
 **********
 **   16 **RES 
 **********
                   PARAMETER   16  beta_vw RESTORED TO VARIABLE.
                   PARAMETER   14  alpha_vw RESTORED TO VARIABLE.
                   PARAMETER   13  beta_y RESTORED TO VARIABLE.
                   PARAMETER   11  alpha_y RESTORED TO VARIABLE.
                   PARAMETER   10  beta_2CBO RESTORED TO VARIABLE.
                   PARAMETER    9  alpha_2CBO RESTORED TO VARIABLE.
                   PARAMETER    8  beta_CBO RESTORED TO VARIABLE.
                   PARAMETER    6  alpha_CBO RESTORED TO VARIABLE.
 **********
 **   17 **FIX            8
 **********
 **********
 **   18 **FIX            9
 **********
 **********
 **   19 **FIX           11
 **********
 **********
 **   20 **FIX           12
 **********
 PARAMETER   12  IS CONSTANT.   IGNORED.
 **********
 **   21 **FIX           14
 **********
 **********
 **   22 **FIX           15
 **********
 PARAMETER   15  IS CONSTANT.   IGNORED.
 **********
 **   23 **FIX           16
 **********
 **********
 **   24 **MIGRAD
 **********
 START MIGRAD MINIMIZATION.  STRATEGY  1.  CONVERGENCE WHEN EDM .LT. 1.00e-04
 FCN=87.3881 FROM MIGRAD    STATUS=INITIATE       28 CALLS         729 TOTAL
                     EDM= unknown      STRATEGY= 1      NO ERROR MATRIX       
  EXT PARAMETER               CURRENT GUESS       STEP         FIRST   
  NO.   NAME      VALUE            ERROR          SIZE      DERIVATIVE 
   1  N0           3.18951e+06   2.43765e+03  -3.89538e+00  -3.52280e-07
   2  tau          6.43945e+01   constant   
   3  A0           3.47763e-01   1.02993e-03   2.73919e-06  -1.92788e+00
   4  phi          4.13408e+00   2.95458e-03  -1.27482e-05  -1.39946e+00
   5  R           -5.98741e+01   constant   
   6  alpha_CBO    0.00000e+00   1.00000e-03   1.00000e-03  -9.49977e+03
   7  w_CBO        2.32500e+00   constant   
   8  beta_CBO     0.00000e+00     fixed    
   9  alpha_2CBO   0.00000e+00     fixed    
  10  beta_2CBO    0.00000e+00   1.00000e-03   1.00000e-03  -4.36034e+03
  11  alpha_y      0.00000e+00     fixed    
  12  w_y          1.38860e+01   constant   
  13  beta_y       0.00000e+00   1.00000e-03   1.00000e-03   2.79136e+03
  14  alpha_vw     0.00000e+00     fixed    
  15  w_vw         1.43404e+01   constant   
  16  beta_vw      0.00000e+00     fixed    
  17  LM          -2.15884e-04   constant   
  18  zeta_y       0.00000e+00   constant   
  19  zeta_vw      0.00000e+00   constant   
  20  T_CBO        5.37077e+02   7.58245e+02   1.47704e-02  -1.25631e-03
  21  alpha_A0    -1.29986e-03   8.00698e-03  -3.82614e-03   7.52070e-04
  22  beta_A0      3.73679e-03   1.50948e-02  -2.31923e-03  -1.89951e-03
  23  alpha_phi    7.61615e-04   7.45284e-03   4.45140e-03   1.78020e-03
  24  beta_phi     9.96200e-03   1.69969e-02  -8.14678e-04  -1.56862e-03
 MIGRAD MINIMIZATION HAS CONVERGED.
 FCN=55.9852 FROM MIGRAD    STATUS=CONVERGED     178 CALLS         879 TOTAL
                     EDM=2.12473e-06    STRATEGY= 1  ERROR MATRIX UNCERTAINTY   2.7 per cent
  EXT PARAMETER                                   STEP         FIRST   
  NO.   NAME      VALUE            ERROR          SIZE      DERIVATIVE 
   1  N0           3.18957e+06   2.29558e+03  -3.88517e+00   3.01518e-07
   2  tau          6.43945e+01   constant   
   3  A0           3.47851e-01   9.90648e-04   1.69382e-07  -9.57560e-01
   4  phi          4.13737e+00   3.17865e-03  -1.84034e-06   6.60551e-02
   5  R           -5.98741e+01   constant   
   6  alpha_CBO    5.23742e-03   1.05539e-03  -1.23947e-07  -4.83585e-02
   7  w_CBO        2.32500e+00   constant   
   8  beta_CBO     0.00000e+00     fixed    
   9  alpha_2CBO   0.00000e+00     fixed    
  10  beta_2CBO    2.04110e-03   9.91361e-04  -2.01199e-06  -2.18509e-01
  11  alpha_y      0.00000e+00     fixed    
  12  w_y          1.38860e+01   constant   
  13  beta_y      -1.48435e-03   1.05768e-03  -4.16088e-06   1.14951e+00
  14  alpha_vw     0.00000e+00     fixed    
  15  w_vw         1.43404e+01   constant   
  16  beta_vw      0.00000e+00     fixed    
  17  LM          -2.15884e-04   constant   
  18  zeta_y       0.00000e+00   constant   
  19  zeta_vw      0.00000e+00   constant   
  20  T_CBO        5.26021e+02   7.29353e+02   2.81644e-03   1.00342e-03
  21  alpha_A0    -2.75760e-03   7.26513e-03  -5.17005e-04  -7.04126e-04
  22  beta_A0      5.88722e-03   6.45838e-03  -6.93928e-04   1.25681e-03
  23  alpha_phi   -5.53186e-03   6.42642e-03  -3.42598e-03  -9.01471e-04
  24  beta_phi     9.55911e-03   1.97314e-02  -2.32963e-03  -1.86637e-04
 EXTERNAL ERROR MATRIX.    NDIM=  25    NPAR= 11    ERR DEF=1
  5.270e+06 
 -1.907e-02  9.814e-07 
 -8.489e-01 -2.646e-08  1.010e-05 
  5.764e-02  1.367e-08  6.582e-07  1.114e-06 
 -9.261e-02 -1.091e-08  1.074e-07 -2.378e-08  9.828e-07 
  6.366e-02 -3.376e-08  7.568e-08  5.190e-09  4.210e-09  1.119e-06 
  6.590e+03  2.031e-02  4.160e-03 -8.638e-03  3.532e-02  2.254e-02  3.006e+05 
  1.448e+00 -3.565e-08  1.121e-06 -4.190e-07  1.202e-07 -1.868e-07  6.318e-02  6.784e-05 
  1.629e+00  1.285e-09 -1.330e-06  2.241e-07  4.371e-07  1.984e-07 -1.591e-01  6.048e-08  5.598e-05 
  1.899e+00 -2.006e-07 -4.158e-06 -1.010e-06 -6.432e-07 -1.886e-07  4.052e-01 -6.318e-07  1.035e-05  5.387e-05 
 -3.492e+00  7.305e-07  2.172e-07 -1.040e-07 -1.575e-07 -2.660e-07 -2.845e+00 -6.989e-07 -1.248e-06 -3.832e-06  7.671e-05 
 PARAMETER  CORRELATION COEFFICIENTS  
       NO.  GLOBAL      1      3      4      6     10     13     20     21     22     23     24
        1  0.28613   1.000 -0.008 -0.116  0.024 -0.041  0.026  0.005  0.077  0.095  0.113 -0.174
        3  0.15020  -0.008  1.000 -0.008  0.013 -0.011 -0.032  0.037 -0.004  0.000 -0.028  0.084
        4  0.28019  -0.116 -0.008  1.000  0.196  0.034  0.023  0.002  0.043 -0.056 -0.178  0.008
        6  0.24429   0.024  0.013  0.196  1.000 -0.023  0.005 -0.015 -0.048  0.028 -0.130 -0.011
       10  0.15581  -0.041 -0.011  0.034 -0.023  1.000  0.004  0.065  0.015  0.059 -0.088 -0.018
       13  0.08060   0.026 -0.032  0.023  0.005  0.004  1.000  0.039 -0.021  0.025 -0.024 -0.029
       20  0.61895   0.005  0.037  0.002 -0.015  0.065  0.039  1.000  0.014 -0.039  0.101 -0.592
       21  0.11814   0.077 -0.004  0.043 -0.048  0.015 -0.021  0.014  1.000  0.001 -0.010 -0.010
       22  0.23940   0.095  0.000 -0.056  0.028  0.059  0.025 -0.039  0.001  1.000  0.189 -0.019
       23  0.32596   0.113 -0.028 -0.178 -0.130 -0.088 -0.024  0.101 -0.010  0.189  1.000 -0.060
       24  0.62715  -0.174  0.084  0.008 -0.011 -0.018 -0.029 -0.592 -0.010 -0.019 -0.060  1.000
MINUIT - FIT ONLY 2-CBO
 **********
 **   25 **RES 
 **********
                   PARAMETER   16  beta_vw RESTORED TO VARIABLE.
                   PARAMETER   14  alpha_vw RESTORED TO VARIABLE.
                   PARAMETER   11  alpha_y RESTORED TO VARIABLE.
                   PARAMETER    9  alpha_2CBO RESTORED TO VARIABLE.
                   PARAMETER    8  beta_CBO RESTORED TO VARIABLE.
 **********
 **   26 **FIX            0
 **********
 PARAMETER    0  IS UNDEFINED. IGNORED.
 **********
 **   27 **FIX            1
 **********
 **********
 **   28 **FIX            2
 **********
 PARAMETER    2  IS CONSTANT.   IGNORED.
 **********
 **   29 **FIX            3
 **********
 **********
 **   30 **FIX            4
 **********
 **********
 **   31 **FIX            5
 **********
 PARAMETER    5  IS CONSTANT.   IGNORED.
 **********
 **   32 **FIX            6
 **********
 **********
 **   33 **FIX            7
 **********
 PARAMETER    7  IS CONSTANT.   IGNORED.
 **********
 **   34 **FIX           10
 **********
 **********
 **   35 **FIX           11
 **********
 **********
 **   36 **FIX           12
 **********
 PARAMETER   12  IS CONSTANT.   IGNORED.
 **********
 **   37 **FIX           13
 **********
 **********
 **   38 **FIX           14
 **********
 **********
 **   39 **FIX           15
 **********
 PARAMETER   15  IS CONSTANT.   IGNORED.
 **********
 **   40 **FIX           16
 **********
 **********
 **   41 **MIGRAD
 **********
 START MIGRAD MINIMIZATION.  STRATEGY  1.  CONVERGENCE WHEN EDM .LT. 1.00e-04
 FCN=55.9852 FROM MIGRAD    STATUS=INITIATE       18 CALLS         897 TOTAL
                     EDM= unknown      STRATEGY= 1      NO ERROR MATRIX       
  EXT PARAMETER               CURRENT GUESS       STEP         FIRST   
  NO.   NAME      VALUE            ERROR          SIZE      DERIVATIVE 
   1  N0           3.18957e+06     fixed    
   2  tau          6.43945e+01   constant   
   3  A0           3.47851e-01     fixed    
   4  phi          4.13737e+00     fixed    
   5  R           -5.98741e+01   constant   
   6  alpha_CBO    5.23742e-03     fixed    
   7  w_CBO        2.32500e+00   constant   
   8  beta_CBO     0.00000e+00   1.00000e-03   1.00000e-03   5.32920e+02
   9  alpha_2CBO   0.00000e+00   1.00000e-03   1.00000e-03   2.34823e+03
  10  beta_2CBO    2.04110e-03     fixed    
  11  alpha_y      0.00000e+00     fixed    
  12  w_y          1.38860e+01   constant   
  13  beta_y      -1.48435e-03     fixed    
  14  alpha_vw     0.00000e+00     fixed    
  15  w_vw         1.43404e+01   constant   
  16  beta_vw      0.00000e+00     fixed    
  17  LM          -2.15884e-04   constant   
  18  zeta_y       0.00000e+00   constant   
  19  zeta_vw      0.00000e+00   constant   
  20  T_CBO        5.26021e+02   7.29353e+02   2.81644e-03   1.00323e-03
  21  alpha_A0    -2.75760e-03   7.26513e-03  -5.17005e-04  -7.04139e-04
  22  beta_A0      5.88722e-03   6.45838e-03  -6.93928e-04   1.25685e-03
  23  alpha_phi   -5.53186e-03   6.42642e-03  -3.42598e-03  -9.01435e-04
  24  beta_phi     9.55911e-03   1.97314e-02  -2.32963e-03  -1.86196e-04
 MIGRAD MINIMIZATION HAS CONVERGED.
 MIGRAD WILL VERIFY CONVERGENCE AND ERROR MATRIX.
 COVARIANCE MATRIX CALCULATED SUCCESSFULLY
 FCN=54.3638 FROM HESSE     STATUS=OK             56 CALLS        1034 TOTAL
                     EDM=6.26866e-05    STRATEGY= 1      ERROR MATRIX ACCURATE 
  EXT PARAMETER                                   STEP         FIRST   
  NO.   NAME      VALUE            ERROR          SIZE      DERIVATIVE 
   1  N0           3.18957e+06     fixed    
   2  tau          6.43945e+01   constant   
   3  A0           3.47851e-01     fixed    
   4  phi          4.13737e+00     fixed    
   5  R           -5.98741e+01   constant   
   6  alpha_CBO    5.23742e-03     fixed    
   7  w_CBO        2.32500e+00   constant   
   8  beta_CBO    -3.29591e-04   1.04203e-03   3.74879e-06   6.12204e-01
   9  alpha_2CBO  -1.30636e-03   1.05109e-03   3.73178e-06  -1.95910e-01
  10  beta_2CBO    2.04110e-03     fixed    
  11  alpha_y      0.00000e+00     fixed    
  12  w_y          1.38860e+01   constant   
  13  beta_y      -1.48435e-03     fixed    
  14  alpha_vw     0.00000e+00     fixed    
  15  w_vw         1.43404e+01   constant   
  16  beta_vw      0.00000e+00     fixed    
  17  LM          -2.15884e-04   constant   
  18  zeta_y       0.00000e+00   constant   
  19  zeta_vw      0.00000e+00   constant   
  20  T_CBO        5.30371e+02   7.46150e+02   3.58487e-03   8.79417e-04
  21  alpha_A0    -4.37092e-03   1.70281e-02   3.58552e-03  -3.70631e-04
  22  beta_A0      6.98397e-03   1.83833e-02   4.19211e-03   1.94228e-04
  23  alpha_phi   -5.62362e-03   1.16169e-02   3.46041e-03   4.94790e-06
  24  beta_phi     8.29688e-03   1.54561e-02   5.44851e-03   1.69613e-04
 MIGRAD MINIMIZATION HAS CONVERGED.
 MIGRAD WILL VERIFY CONVERGENCE AND ERROR MATRIX.
 COVARIANCE MATRIX CALCULATED SUCCESSFULLY
 FCN=54.3637 FROM MIGRAD    STATUS=CONVERGED     392 CALLS        1271 TOTAL
                     EDM=1.2219e-05    STRATEGY= 1      ERROR MATRIX ACCURATE 
  EXT PARAMETER                                   STEP         FIRST   
  NO.   NAME      VALUE            ERROR          SIZE      DERIVATIVE 
   1  N0           3.18957e+06     fixed    
   2  tau          6.43945e+01   constant   
   3  A0           3.47851e-01     fixed    
   4  phi          4.13737e+00     fixed    
   5  R           -5.98741e+01   constant   
   6  alpha_CBO    5.23742e-03     fixed    
   7  w_CBO        2.32500e+00   constant   
   8  beta_CBO    -3.29275e-04   1.04202e-03   3.74879e-06   8.57740e-01
   9  alpha_2CBO  -1.30653e-03   1.05101e-03   3.73177e-06   8.19430e-03
  10  beta_2CBO    2.04110e-03     fixed    
  11  alpha_y      0.00000e+00     fixed    
  12  w_y          1.38860e+01   constant   
  13  beta_y      -1.48435e-03     fixed    
  14  alpha_vw     0.00000e+00     fixed    
  15  w_vw         1.43404e+01   constant   
  16  beta_vw      0.00000e+00     fixed    
  17  LM          -2.15884e-04   constant   
  18  zeta_y       0.00000e+00   constant   
  19  zeta_vw      0.00000e+00   constant   
  20  T_CBO        4.41766e+02   7.78483e+02   2.60686e-03  -3.94494e-03
  21  alpha_A0    -5.03631e-03   1.36517e-02   4.18488e-03  -3.36729e-04
  22  beta_A0      8.02289e-03   1.04729e-02   5.53229e-03  -4.66639e-04
  23  alpha_phi   -6.46253e-03   1.81922e-02   4.18699e-03   6.12768e-04
  24  beta_phi     9.52251e-03   1.37105e-02   9.78169e-03  -1.26585e-03
 EXTERNAL ERROR MATRIX.    NDIM=  25    NPAR=  7    ERR DEF=1
  1.086e-06  3.459e-08 -3.040e-02 -1.930e-07 -7.291e-07 -5.856e-07 -3.223e-08 
  3.459e-08  1.105e-06  6.284e-02  2.181e-06 -1.789e-06  9.386e-07  1.752e-07 
 -3.040e-02  6.284e-02  5.371e+06  5.161e+01 -8.141e+01  6.540e+01 -9.374e+01 
 -1.930e-07  2.181e-06  5.161e+01  6.030e-04 -7.879e-04  6.250e-04 -9.030e-04 
 -7.291e-07 -1.789e-06 -8.141e+01 -7.879e-04  1.327e-03 -9.944e-04  1.418e-03 
 -5.856e-07  9.386e-07  6.540e+01  6.250e-04 -9.944e-04  8.788e-04 -1.142e-03 
 -3.223e-08  1.752e-07 -9.374e+01 -9.030e-04  1.418e-03 -1.142e-03  1.728e-03 
 PARAMETER  CORRELATION COEFFICIENTS  
       NO.  GLOBAL      8      9     20     21     22     23     24
        8  0.13950   1.000  0.032 -0.013 -0.008 -0.019 -0.019 -0.001
        9  0.21190   0.032  1.000  0.026  0.085 -0.047  0.030  0.004
       20  0.98904  -0.013  0.026  1.000  0.907 -0.964  0.952 -0.973
       21  0.90951  -0.008  0.085  0.907  1.000 -0.881  0.859 -0.885
       22  0.96531  -0.019 -0.047 -0.964 -0.881  1.000 -0.921  0.937
       23  0.95218  -0.019  0.030  0.952  0.859 -0.921  1.000 -0.927
       24  0.97363  -0.001  0.004 -0.973 -0.885  0.937 -0.927  1.000
MINUIT - FIT wiggle + 1-CBO + 2-CBO
 **********
 **   42 **RES 
 **********
                   PARAMETER   16  beta_vw RESTORED TO VARIABLE.
                   PARAMETER   14  alpha_vw RESTORED TO VARIABLE.
                   PARAMETER   13  beta_y RESTORED TO VARIABLE.
                   PARAMETER   11  alpha_y RESTORED TO VARIABLE.
                   PARAMETER   10  beta_2CBO RESTORED TO VARIABLE.
                   PARAMETER    6  alpha_CBO RESTORED TO VARIABLE.
                   PARAMETER    4  phi RESTORED TO VARIABLE.
                   PARAMETER    3  A0 RESTORED TO VARIABLE.
                   PARAMETER    1  N0 RESTORED TO VARIABLE.
 **********
 **   43 **FIX           10
 **********
 **********
 **   44 **FIX           11
 **********
 **********
 **   45 **FIX           12
 **********
 PARAMETER   12  IS CONSTANT.   IGNORED.
 **********
 **   46 **FIX           13
 **********
 **********
 **   47 **FIX           14
 **********
 **********
 **   48 **FIX           15
 **********
 PARAMETER   15  IS CONSTANT.   IGNORED.
 **********
 **   49 **FIX           16
 **********
 **********
 **   50 **MIGRAD
 **********
 START MIGRAD MINIMIZATION.  STRATEGY  1.  CONVERGENCE WHEN EDM .LT. 1.00e-04
 FCN=54.3637 FROM MIGRAD    STATUS=INITIATE       22 CALLS        1293 TOTAL
                     EDM= unknown      STRATEGY= 1      NO ERROR MATRIX       
  EXT PARAMETER               CURRENT GUESS       STEP         FIRST   
  NO.   NAME      VALUE            ERROR          SIZE      DERIVATIVE 
   1  N0           3.18957e+06   2.29558e+03   2.29558e+03  -1.80436e-05
   2  tau          6.43945e+01   constant   
   3  A0           3.47851e-01   9.90648e-04   9.90648e-04  -1.65328e+02
   4  phi          4.13737e+00   3.17865e-03   3.17865e-03   6.95748e+01
   5  R           -5.98741e+01   constant   
   6  alpha_CBO    5.23742e-03   1.05539e-03   1.05539e-03   3.52985e+00
   7  w_CBO        2.32500e+00   constant   
   8  beta_CBO    -3.29275e-04   1.04202e-03   3.74879e-06   8.57740e-01
   9  alpha_2CBO  -1.30653e-03   1.05101e-03   3.73177e-06   8.19412e-03
  10  beta_2CBO    2.04110e-03     fixed    
  11  alpha_y      0.00000e+00     fixed    
  12  w_y          1.38860e+01   constant   
  13  beta_y      -1.48435e-03     fixed    
  14  alpha_vw     0.00000e+00     fixed    
  15  w_vw         1.43404e+01   constant   
  16  beta_vw      0.00000e+00     fixed    
  17  LM          -2.15884e-04   constant   
  18  zeta_y       0.00000e+00   constant   
  19  zeta_vw      0.00000e+00   constant   
  20  T_CBO        4.41766e+02   7.78483e+02   2.60686e-03  -3.95991e-03
  21  alpha_A0    -5.03631e-03   1.36517e-02   4.18488e-03  -3.29343e-04
  22  beta_A0      8.02289e-03   1.04729e-02   5.53229e-03  -4.83718e-04
  23  alpha_phi   -6.46253e-03   1.81922e-02   4.18699e-03   6.23519e-04
  24  beta_phi     9.52251e-03   1.37105e-02   9.78169e-03  -1.30499e-03
 MIGRAD MINIMIZATION HAS CONVERGED.
 MIGRAD WILL VERIFY CONVERGENCE AND ERROR MATRIX.
 COVARIANCE MATRIX CALCULATED SUCCESSFULLY
 FCN=54.3424 FROM MIGRAD    STATUS=CONVERGED     222 CALLS        1493 TOTAL
                     EDM=8.6558e-05    STRATEGY= 1      ERROR MATRIX ACCURATE 
  EXT PARAMETER                                   STEP         FIRST   
  NO.   NAME      VALUE            ERROR          SIZE      DERIVATIVE 
   1  N0           3.18962e+06   2.50094e+03   7.85767e+00  -6.16903e-08
   2  tau          6.43945e+01   constant   
   3  A0           3.47945e-01   1.04565e-03   3.60387e-06  -1.53829e-01
   4  phi          4.13699e+00   3.17684e-03   1.09398e-05  -4.62881e-02
   5  R           -5.98741e+01   constant   
   6  alpha_CBO    5.21414e-03   1.06862e-03   3.76232e-06   1.02370e-01
   7  w_CBO        2.32500e+00   constant   
   8  beta_CBO    -3.65787e-04   1.07840e-03   3.74802e-06  -5.79501e-02
   9  alpha_2CBO  -1.31593e-03   1.05364e-03   3.73099e-06   1.76279e-01
  10  beta_2CBO    2.04110e-03     fixed    
  11  alpha_y      0.00000e+00     fixed    
  12  w_y          1.38860e+01   constant   
  13  beta_y      -1.48435e-03     fixed    
  14  alpha_vw     0.00000e+00     fixed    
  15  w_vw         1.43404e+01   constant   
  16  beta_vw      0.00000e+00     fixed    
  17  LM          -2.15884e-04   constant   
  18  zeta_y       0.00000e+00   constant   
  19  zeta_vw      0.00000e+00   constant   
  20  T_CBO        4.43653e+02   5.98112e+02   2.50294e-03   1.53852e-03
  21  alpha_A0    -5.18496e-03   1.67317e-02   4.31882e-03   8.93096e-04
  22  beta_A0      8.17720e-03   1.74354e-02   5.95388e-03  -7.14920e-05
  23  alpha_phi   -6.26743e-03   1.74983e-02   4.20786e-03   5.19569e-04
  24  beta_phi     9.57854e-03   1.01181e-02   1.19805e-02   9.94020e-05
 EXTERNAL ERROR MATRIX.    NDIM=  25    NPAR= 11    ERR DEF=1
  6.255e+06 
 -2.963e-01  1.093e-06 
 -7.561e-01 -1.669e-07  1.009e-05 
  5.500e-02  3.966e-08  7.192e-07  1.142e-06 
 -1.910e-01 -2.424e-07  4.033e-07 -2.940e-08  1.163e-06 
 -2.837e-03 -2.475e-08  2.252e-07  2.646e-08  4.738e-08  1.110e-06 
 -2.430e+05  6.642e-02  3.476e-01  3.770e-03 -2.859e-02  7.403e-02  8.553e+06 
  3.886e+00 -1.337e-06  5.282e-06 -4.754e-07  1.245e-07  2.376e-06  8.358e+01  9.328e-04 
  6.158e+00 -6.462e-07 -8.970e-06 -1.982e-07 -1.045e-06 -2.051e-06 -1.312e+02 -1.287e-03  2.107e-03 
 -1.944e+00  9.095e-07 -3.251e-07 -9.067e-07 -7.342e-07  9.342e-07  1.000e+02  9.741e-04 -1.536e-03  1.254e-03 
 -1.538e+00  5.564e-07 -5.445e-06 -2.599e-07 -2.063e-07 -5.263e-08 -1.515e+02 -1.490e-03  2.319e-03 -1.773e-03  2.783e-03 
 PARAMETER  CORRELATION COEFFICIENTS  
       NO.  GLOBAL      1      3      4      6      8      9     20     21     22     23     24
        1  0.36142   1.000 -0.113 -0.095  0.021 -0.071 -0.001 -0.033  0.051  0.054 -0.022 -0.012
        3  0.31583  -0.113  1.000 -0.050  0.035 -0.215 -0.022  0.022 -0.042 -0.013  0.025  0.010
        4  0.31822  -0.095 -0.050  1.000  0.212  0.118  0.067  0.037  0.054 -0.062 -0.003 -0.032
        6  0.24611   0.021  0.035  0.212  1.000 -0.026  0.024  0.001 -0.015 -0.004 -0.024 -0.005
        8  0.29073  -0.071 -0.215  0.118 -0.026  1.000  0.042 -0.009  0.004 -0.021 -0.019 -0.004
        9  0.22291  -0.001 -0.022  0.067  0.024  0.042  1.000  0.024  0.074 -0.042  0.025 -0.001
       20  0.99312  -0.033  0.022  0.037  0.001 -0.009  0.024  1.000  0.936 -0.977  0.966 -0.982
       21  0.94296   0.051 -0.042  0.054 -0.015  0.004  0.074  0.936  1.000 -0.918  0.901 -0.925
       22  0.97845   0.054 -0.013 -0.062 -0.004 -0.021 -0.042 -0.977 -0.918  1.000 -0.945  0.958
       23  0.96699  -0.022  0.025 -0.003 -0.024 -0.019  0.025  0.966  0.901 -0.945  1.000 -0.949
       24  0.98349  -0.012  0.010 -0.032 -0.005 -0.004 -0.001 -0.982 -0.925  0.958 -0.949  1.000
MINUIT - FIT ONLY 1-y
 **********
 **   51 **RES 
 **********
                   PARAMETER   16  beta_vw RESTORED TO VARIABLE.
                   PARAMETER   14  alpha_vw RESTORED TO VARIABLE.
                   PARAMETER   13  beta_y RESTORED TO VARIABLE.
                   PARAMETER   11  alpha_y RESTORED TO VARIABLE.
                   PARAMETER   10  beta_2CBO RESTORED TO VARIABLE.
 **********
 **   52 **FIX            0
 **********
 PARAMETER    0  IS UNDEFINED. IGNORED.
 **********
 **   53 **FIX            1
 **********
 **********
 **   54 **FIX            2
 **********
 PARAMETER    2  IS CONSTANT.   IGNORED.
 **********
 **   55 **FIX            3
 **********
 **********
 **   56 **FIX            4
 **********
 **********
 **   57 **FIX            5
 **********
 PARAMETER    5  IS CONSTANT.   IGNORED.
 **********
 **   58 **FIX            6
 **********
 **********
 **   59 **FIX            7
 **********
 PARAMETER    7  IS CONSTANT.   IGNORED.
 **********
 **   60 **FIX            8
 **********
 **********
 **   61 **FIX            9
 **********
 **********
 **   62 **FIX           13
 **********
 **********
 **   63 **FIX           14
 **********
 **********
 **   64 **FIX           15
 **********
 PARAMETER   15  IS CONSTANT.   IGNORED.
 **********
 **   65 **FIX           16
 **********
 **********
 **   66 **MIGRAD
 **********
 START MIGRAD MINIMIZATION.  STRATEGY  1.  CONVERGENCE WHEN EDM .LT. 1.00e-04
 FCN=54.3424 FROM MIGRAD    STATUS=INITIATE       16 CALLS        1509 TOTAL
                     EDM= unknown      STRATEGY= 1      NO ERROR MATRIX       
  EXT PARAMETER               CURRENT GUESS       STEP         FIRST   
  NO.   NAME      VALUE            ERROR          SIZE      DERIVATIVE 
   1  N0           3.18962e+06     fixed    
   2  tau          6.43945e+01   constant   
   3  A0           3.47945e-01     fixed    
   4  phi          4.13699e+00     fixed    
   5  R           -5.98741e+01   constant   
   6  alpha_CBO    5.21414e-03     fixed    
   7  w_CBO        2.32500e+00   constant   
   8  beta_CBO    -3.65787e-04     fixed    
   9  alpha_2CBO  -1.31593e-03     fixed    
  10  beta_2CBO    2.04110e-03   9.91361e-04   9.91361e-04   4.86085e+00
  11  alpha_y      0.00000e+00   1.00000e-03   1.00000e-03   1.39474e+03
  12  w_y          1.38860e+01   constant   
  13  beta_y      -1.48435e-03     fixed    
  14  alpha_vw     0.00000e+00     fixed    
  15  w_vw         1.43404e+01   constant   
  16  beta_vw      0.00000e+00     fixed    
  17  LM          -2.15884e-04   constant   
  18  zeta_y       0.00000e+00   constant   
  19  zeta_vw      0.00000e+00   constant   
  20  T_CBO        4.43653e+02   5.98112e+02   2.50294e-03   1.52343e-03
  21  alpha_A0    -5.18496e-03   1.67317e-02   4.31882e-03   9.00761e-04
  22  beta_A0      8.17720e-03   1.74354e-02   5.95388e-03  -7.43439e-05
  23  alpha_phi   -6.26743e-03   1.74983e-02   4.20786e-03   5.29752e-04
  24  beta_phi     9.57854e-03   1.01181e-02   1.19805e-02   9.25276e-05
 MIGRAD MINIMIZATION HAS CONVERGED.
 MIGRAD WILL VERIFY CONVERGENCE AND ERROR MATRIX.
 COVARIANCE MATRIX CALCULATED SUCCESSFULLY
 FCN=53.8173 FROM MIGRAD    STATUS=CONVERGED     119 CALLS        1612 TOTAL
                     EDM=6.20829e-05    STRATEGY= 1      ERROR MATRIX ACCURATE 
  EXT PARAMETER                                   STEP         FIRST   
  NO.   NAME      VALUE            ERROR          SIZE      DERIVATIVE 
   1  N0           3.18962e+06     fixed    
   2  tau          6.43945e+01   constant   
   3  A0           3.47945e-01     fixed    
   4  phi          4.13699e+00     fixed    
   5  R           -5.98741e+01   constant   
   6  alpha_CBO    5.21414e-03     fixed    
   7  w_CBO        2.32500e+00   constant   
   8  beta_CBO    -3.65787e-04     fixed    
   9  alpha_2CBO  -1.31593e-03     fixed    
  10  beta_2CBO    2.04386e-03   1.06864e-03   3.76184e-06  -1.70221e+00
  11  alpha_y     -7.52996e-04   1.03914e-03   3.75540e-06   9.94087e-03
  12  w_y          1.38860e+01   constant   
  13  beta_y      -1.48435e-03     fixed    
  14  alpha_vw     0.00000e+00     fixed    
  15  w_vw         1.43404e+01   constant   
  16  beta_vw      0.00000e+00     fixed    
  17  LM          -2.15884e-04   constant   
  18  zeta_y       0.00000e+00   constant   
  19  zeta_vw      0.00000e+00   constant   
  20  T_CBO        4.44359e+02   7.30790e+02   2.49562e-03  -7.66541e-06
  21  alpha_A0    -5.08390e-03   1.49758e-02   4.27042e-03   8.02859e-04
  22  beta_A0      8.20133e-03   1.35225e-02   5.99545e-03  -8.49603e-04
  23  alpha_phi   -6.40318e-03   1.81135e-02   4.22655e-03  -1.03235e-04
  24  beta_phi     9.56751e-03   1.88837e-02   1.23248e-02  -1.96717e-04
 EXTERNAL ERROR MATRIX.    NDIM=  25    NPAR=  7    ERR DEF=1
  1.142e-06 -9.390e-09  3.389e-02  9.704e-07  1.078e-06 -1.184e-06 -3.440e-07 
 -9.390e-09  1.080e-06 -1.579e-03 -1.545e-07 -4.200e-08  1.912e-07  1.913e-08 
  3.389e-02 -1.579e-03  6.739e+06  6.444e+01 -1.029e+02  8.042e+01 -1.184e+02 
  9.704e-07 -1.545e-07  6.444e+01  7.203e-04 -9.876e-04  7.644e-04 -1.136e-03 
  1.078e-06 -4.200e-08 -1.029e+02 -9.876e-04  1.664e-03 -1.234e-03  1.807e-03 
 -1.184e-06  1.912e-07  8.042e+01  7.644e-04 -1.234e-03  1.043e-03 -1.415e-03 
 -3.440e-07  1.913e-08 -1.184e+02 -1.136e-03  1.807e-03 -1.415e-03  2.173e-03 
 PARAMETER  CORRELATION COEFFICIENTS  
       NO.  GLOBAL     10     11     20     21     22     23     24
       10  0.22769   1.000 -0.008  0.012  0.034  0.025 -0.034 -0.007
       11  0.02608  -0.008  1.000 -0.001 -0.006 -0.001  0.006  0.000
       20  0.99128   0.012 -0.001  1.000  0.925 -0.972  0.959 -0.979
       21  0.92566   0.034 -0.006  0.925  1.000 -0.902  0.882 -0.908
       22  0.97275   0.025 -0.001 -0.972 -0.902  1.000 -0.936  0.951
       23  0.96028  -0.034  0.006  0.959  0.882 -0.936  1.000 -0.940
       24  0.97897  -0.007  0.000 -0.979 -0.908  0.951 -0.940  1.000
MINUIT - FIT ONLY 2-y
 **********
 **   67 **RES 
 **********
                   PARAMETER   16  beta_vw RESTORED TO VARIABLE.
                   PARAMETER   14  alpha_vw RESTORED TO VARIABLE.
                   PARAMETER   13  beta_y RESTORED TO VARIABLE.
                   PARAMETER    9  alpha_2CBO RESTORED TO VARIABLE.
                   PARAMETER    8  beta_CBO RESTORED TO VARIABLE.
                   PARAMETER    6  alpha_CBO RESTORED TO VARIABLE.
                   PARAMETER    4  phi RESTORED TO VARIABLE.
                   PARAMETER    3  A0 RESTORED TO VARIABLE.
                   PARAMETER    1  N0 RESTORED TO VARIABLE.
 **********
 **   68 **FIX            0
 **********
 PARAMETER    0  IS UNDEFINED. IGNORED.
 **********
 **   69 **FIX            1
 **********
 **********
 **   70 **FIX            2
 **********
 PARAMETER    2  IS CONSTANT.   IGNORED.
 **********
 **   71 **FIX            3
 **********
 **********
 **   72 **FIX            4
 **********
 **********
 **   73 **FIX            5
 **********
 PARAMETER    5  IS CONSTANT.   IGNORED.
 **********
 **   74 **FIX            6
 **********
 **********
 **   75 **FIX            7
 **********
 PARAMETER    7  IS CONSTANT.   IGNORED.
 **********
 **   76 **FIX            8
 **********
 **********
 **   77 **FIX            9
 **********
 **********
 **   78 **FIX           10
 **********
 **********
 **   79 **FIX           11
 **********
 **********
 **   80 **FIX           12
 **********
 PARAMETER   12  IS CONSTANT.   IGNORED.
 **********
 **   81 **FIX           16
 **********
 **********
 **   82 **MIGRAD
 **********
 START MIGRAD MINIMIZATION.  STRATEGY  1.  CONVERGENCE WHEN EDM .LT. 1.00e-04
 FCN=53.8173 FROM MIGRAD    STATUS=INITIATE       16 CALLS        1628 TOTAL
                     EDM= unknown      STRATEGY= 1      NO ERROR MATRIX       
  EXT PARAMETER               CURRENT GUESS       STEP         FIRST   
  NO.   NAME      VALUE            ERROR          SIZE      DERIVATIVE 
   1  N0           3.18962e+06     fixed    
   2  tau          6.43945e+01   constant   
   3  A0           3.47945e-01     fixed    
   4  phi          4.13699e+00     fixed    
   5  R           -5.98741e+01   constant   
   6  alpha_CBO    5.21414e-03     fixed    
   7  w_CBO        2.32500e+00   constant   
   8  beta_CBO    -3.65787e-04     fixed    
   9  alpha_2CBO  -1.31593e-03     fixed    
  10  beta_2CBO    2.04386e-03     fixed    
  11  alpha_y     -7.52996e-04     fixed    
  12  w_y          1.38860e+01   constant   
  13  beta_y      -1.48435e-03   1.05768e-03   1.05768e-03  -1.12856e+01
  14  alpha_vw     0.00000e+00   1.00000e-03   1.00000e-03  -1.39019e+03
  15  w_vw         1.43404e+01   constant   
  16  beta_vw      0.00000e+00     fixed    
  17  LM          -2.15884e-04   constant   
  18  zeta_y       0.00000e+00   constant   
  19  zeta_vw      0.00000e+00   constant   
  20  T_CBO        4.44359e+02   7.30790e+02   2.49562e-03  -9.88929e-06
  21  alpha_A0    -5.08390e-03   1.49758e-02   4.27042e-03   8.10262e-04
  22  beta_A0      8.20133e-03   1.35225e-02   5.99545e-03  -8.67555e-04
  23  alpha_phi   -6.40318e-03   1.81135e-02   4.22655e-03  -1.01522e-04
  24  beta_phi     9.56751e-03   1.88837e-02   1.23248e-02  -2.04095e-04
 MIGRAD MINIMIZATION HAS CONVERGED.
 MIGRAD WILL VERIFY CONVERGENCE AND ERROR MATRIX.
 COVARIANCE MATRIX CALCULATED SUCCESSFULLY
 FCN=53.2598 FROM MIGRAD    STATUS=CONVERGED     135 CALLS        1747 TOTAL
                     EDM=5.94232e-05    STRATEGY= 1      ERROR MATRIX ACCURATE 
  EXT PARAMETER                                   STEP         FIRST   
  NO.   NAME      VALUE            ERROR          SIZE      DERIVATIVE 
   1  N0           3.18962e+06     fixed    
   2  tau          6.43945e+01   constant   
   3  A0           3.47945e-01     fixed    
   4  phi          4.13699e+00     fixed    
   5  R           -5.98741e+01   constant   
   6  alpha_CBO    5.21414e-03     fixed    
   7  w_CBO        2.32500e+00   constant   
   8  beta_CBO    -3.65787e-04     fixed    
   9  alpha_2CBO  -1.31593e-03     fixed    
  10  beta_2CBO    2.04386e-03     fixed    
  11  alpha_y     -7.52996e-04     fixed    
  12  w_y          1.38860e+01   constant   
  13  beta_y      -1.69644e-03   1.07011e-03   3.70147e-06   1.38829e-02
  14  alpha_vw     8.03741e-04   1.07649e-03   3.72438e-06   2.85974e-02
  15  w_vw         1.43404e+01   constant   
  16  beta_vw      0.00000e+00     fixed    
  17  LM          -2.15884e-04   constant   
