 + ++++++++++++++++++++++++++++++++++++++++++++++++++++++++++++++++++++ +
 +                                                                      +
 +           You have chose to blind your fitting according to          +
 +                omega_ref * (1 + (R +/- deltaR) *10^{-6})             +
 +                                                                      +
 + ++++++++++++++++++++++++++++++++++++++++++++++++++++++++++++++++++++ +
In main()...
reading format from /gm2data/zkhechad/run45/envelope/formats/formatB_sBin_constraintOn.txt
pBinTau 	= 0  
pBinPhi 	= 0  
constraintau 	= 1 
includeMopTerm 	= 0    
constrainMop    = 0   
Parameters after format file: pBinTau 0 pBinPhi 0 constraintau 1 includeMopTerm 0 constrainMop 0 c_e_scale 0.000000 
Opening file /gm2data/tbarrett/gm2fr/studies/run23_bunch_corrections/CorrectedFourier_Run3b.root.
reading full fit data from /gm2data/zkhechad/cboTemplates/Run4CBOTemplates/templateFits0_v2.0/noRF/sBin_constraintOn_cE0.0_seed0_noRF_calo0.root
windowBins = 17
fitting sliding window 270 from bin 406 at 60.426000 to bin 423 at 63.111600 (17 bins)

Reading data from /gm2data/cornell/histograms/aMethod/histogram_a_noRF.root
 **********
 **    1 **SET PRINTOUT            1
 **********
 **********
 **    2 **SET NOWARNINGS 
 **********
 PARAMETER DEFINITIONS:
    NO.   NAME         VALUE      STEP SIZE      LIMITS
     1 N0           7.53704e+07  1.00000e+02     no limits
     2 tau          6.43893e+01  constant
     3 A0           3.53537e-01  1.00000e-04     no limits
     4 phi          4.11945e+00  1.00000e-02     no limits
     5 R           -6.07681e+01  constant
     6 alpha_CBO    0.00000e+00  1.00000e-03     no limits
     7 w_CBO        2.32500e+00  constant
     8 beta_CBO     0.00000e+00  1.00000e-03     no limits
     9 alpha_2CBO   0.00000e+00  1.00000e-03     no limits
    10 beta_2CBO    0.00000e+00  1.00000e-03     no limits
    11 alpha_y      0.00000e+00  1.00000e-03     no limits
    12 w_y          1.44500e+01  constant
    13 beta_y       0.00000e+00  1.00000e-03     no limits
    14 alpha_vw     0.00000e+00  1.00000e-03     no limits
    15 w_vw         1.29000e+01  constant
    16 beta_vw      0.00000e+00  1.00000e-03     no limits
    17 LM          -5.35738e-04  constant
    18 zeta_y       0.00000e+00  constant
    19 zeta_vw      0.00000e+00  constant
    20 T_CBO        1.00000e+02  1.00000e+00    0.00000e+00  1.00000e+03
    21 alpha_A0     0.00000e+00  1.00000e-03     no limits
    22 beta_A0      0.00000e+00  1.00000e-03     no limits
    23 alpha_phi    0.00000e+00  1.00000e-03     no limits
    24 beta_phi     0.00000e+00  1.00000e-03     no limits
MINUIT - FIT ONLY WIGGLE
 **********
 **    3 **FIX            5
 **********
 PARAMETER    5  IS CONSTANT.   IGNORED.
 **********
 **    4 **FIX            6
 **********
 **********
 **    5 **FIX            7
 **********
 PARAMETER    7  IS CONSTANT.   IGNORED.
 **********
 **    6 **FIX            8
 **********
 **********
 **    7 **FIX            9
 **********
 **********
 **    8 **FIX           10
 **********
 **********
 **    9 **FIX           11
 **********
 **********
 **   10 **FIX           12
 **********
 PARAMETER   12  IS CONSTANT.   IGNORED.
 **********
 **   11 **FIX           13
 **********
 **********
 **   12 **FIX           14
 **********
 **********
 **   13 **FIX           15
 **********
 PARAMETER   15  IS CONSTANT.   IGNORED.
 **********
 **   14 **FIX           16
 **********
 **********
 **   15 **MIGRAD
 **********
 FIRST CALL TO USER FUNCTION AT NEW START POINT, WITH IFLAG=4.
 START MIGRAD MINIMIZATION.  STRATEGY  1.  CONVERGENCE WHEN EDM .LT. 1.00e-04
 FCN=1308.92 FROM MIGRAD    STATUS=INITIATE      435 CALLS         436 TOTAL
                     EDM= unknown      STRATEGY= 1      NO ERROR MATRIX       
  EXT PARAMETER               CURRENT GUESS       STEP         FIRST   
  NO.   NAME      VALUE            ERROR          SIZE      DERIVATIVE 
   1  N0           7.53704e+07   1.00000e+02   0.00000e+00   4.32550e-03
   2  tau          6.43893e+01   constant   
   3  A0           3.53537e-01   1.00000e-04   0.00000e+00   8.44078e+05
   4  phi          4.11945e+00   1.00000e-02   0.00000e+00   4.82541e+05
   5  R           -6.07681e+01   constant   
   6  alpha_CBO    0.00000e+00     fixed    
   7  w_CBO        2.32500e+00   constant   
   8  beta_CBO     0.00000e+00     fixed    
   9  alpha_2CBO   0.00000e+00     fixed    
  10  beta_2CBO    0.00000e+00     fixed    
  11  alpha_y      0.00000e+00     fixed    
  12  w_y          1.44500e+01   constant   
  13  beta_y       0.00000e+00     fixed    
  14  alpha_vw     0.00000e+00     fixed    
  15  w_vw         1.29000e+01   constant   
  16  beta_vw      0.00000e+00     fixed    
  17  LM          -5.35738e-04   constant   
  18  zeta_y       0.00000e+00   constant   
  19  zeta_vw      0.00000e+00   constant   
  20  T_CBO        1.00000e+02   1.00000e+00   0.00000e+00   0.00000e+00
  21  alpha_A0     0.00000e+00   1.00000e-03   0.00000e+00  -8.12142e+04
  22  beta_A0      0.00000e+00   1.00000e-03   0.00000e+00   2.19372e+04
  23  alpha_phi    0.00000e+00   1.00000e-03   0.00000e+00   1.70639e+05
  24  beta_phi     0.00000e+00   1.00000e-03   0.00000e+00  -7.29589e+02
 MIGRAD MINIMIZATION HAS CONVERGED.
 FCN=152.1 FROM MIGRAD    STATUS=CONVERGED    1088 CALLS        1089 TOTAL
                     EDM=1.28059e-06    STRATEGY= 1  ERROR MATRIX UNCERTAINTY   5.0 per cent
  EXT PARAMETER                                   STEP         FIRST   
  NO.   NAME      VALUE            ERROR          SIZE      DERIVATIVE 
   1  N0           7.45701e+07   1.17252e+05   6.26738e+02   7.17468e-08
   2  tau          6.43893e+01   constant   
   3  A0           3.62432e-01   1.67966e-03  -9.03620e-06  -3.66274e+00
   4  phi          4.10844e+00   1.64021e-03   3.21286e-07   1.26107e+01
   5  R           -6.07681e+01   constant   
   6  alpha_CBO    0.00000e+00     fixed    
   7  w_CBO        2.32500e+00   constant   
   8  beta_CBO     0.00000e+00     fixed    
   9  alpha_2CBO   0.00000e+00     fixed    
  10  beta_2CBO    0.00000e+00     fixed    
  11  alpha_y      0.00000e+00     fixed    
  12  w_y          1.44500e+01   constant   
  13  beta_y       0.00000e+00     fixed    
  14  alpha_vw     0.00000e+00     fixed    
  15  w_vw         1.29000e+01   constant   
  16  beta_vw      0.00000e+00     fixed    
  17  LM          -5.35738e-04   constant   
  18  zeta_y       0.00000e+00   constant   
  19  zeta_vw      0.00000e+00   constant   
  20  T_CBO        6.62096e+01   3.65387e-01   7.15224e-06   1.15714e+00
  21  alpha_A0    -1.06187e-01   1.54511e-02   7.50735e-05   1.06792e-01
  22  beta_A0     -5.14353e-02   1.09652e-02   6.21247e-05   2.86165e+00
  23  alpha_phi   -5.03853e-02   1.15099e-02   6.65005e-05  -5.51880e-01
  24  beta_phi     1.08314e-01   1.65180e-02  -7.90316e-05   3.01576e+00
 EXTERNAL ERROR MATRIX.    NDIM=  25    NPAR=  8    ERR DEF=1
  1.375e+10 -1.961e+02  7.701e+01  3.677e+04  1.780e+03  1.197e+03  1.215e+03 -1.897e+03 
 -1.961e+02  2.821e-06 -9.816e-07 -5.335e-04 -2.521e-05 -1.744e-05 -1.781e-05  2.691e-05 
  7.701e+01 -9.816e-07  2.690e-06  1.549e-04  1.423e-05  7.580e-07 -6.225e-07 -1.548e-05 
  3.677e+04 -5.335e-04  1.549e-04  1.335e-01  4.697e-03  3.378e-03  3.469e-03 -5.013e-03 
  1.780e+03 -2.521e-05  1.423e-05  4.697e-03  2.387e-04  1.439e-04  1.435e-04 -2.550e-04 
  1.197e+03 -1.744e-05  7.580e-07  3.378e-03  1.439e-04  1.202e-04  1.257e-04 -1.527e-04 
  1.215e+03 -1.781e-05 -6.225e-07  3.469e-03  1.435e-04  1.257e-04  1.325e-04 -1.522e-04 
 -1.897e+03  2.691e-05 -1.548e-05 -5.013e-03 -2.550e-04 -1.527e-04 -1.522e-04  2.728e-04 
 PARAMETER  CORRELATION COEFFICIENTS  
       NO.  GLOBAL      1      3      4     20     21     22     23     24
        1  0.99993   1.000 -0.996  0.400  0.858  0.983  0.931  0.900 -0.979
        3  0.99993  -0.996  1.000 -0.356 -0.869 -0.971 -0.947 -0.921  0.970
        4  0.99873   0.400 -0.356  1.000  0.258  0.562  0.042 -0.033 -0.571
       20  0.94964   0.858 -0.869  0.258  1.000  0.832  0.843  0.825 -0.831
       21  0.99990   0.983 -0.971  0.562  0.832  1.000  0.849  0.807 -0.999
       22  0.99963   0.931 -0.947  0.042  0.843  0.849  1.000  0.996 -0.843
       23  0.99967   0.900 -0.921 -0.033  0.825  0.807  0.996  1.000 -0.801
       24  0.99992  -0.979  0.970 -0.571 -0.831 -0.999 -0.843 -0.801  1.000
MINUIT - FIT ONLY 1-CBO + wiggle
 **********
 **   16 **RES 
 **********
                   PARAMETER   16  beta_vw RESTORED TO VARIABLE.
                   PARAMETER   14  alpha_vw RESTORED TO VARIABLE.
                   PARAMETER   13  beta_y RESTORED TO VARIABLE.
                   PARAMETER   11  alpha_y RESTORED TO VARIABLE.
                   PARAMETER   10  beta_2CBO RESTORED TO VARIABLE.
                   PARAMETER    9  alpha_2CBO RESTORED TO VARIABLE.
                   PARAMETER    8  beta_CBO RESTORED TO VARIABLE.
                   PARAMETER    6  alpha_CBO RESTORED TO VARIABLE.
 **********
 **   17 **FIX            8
 **********
 **********
 **   18 **FIX            9
 **********
 **********
 **   19 **FIX           11
 **********
 **********
 **   20 **FIX           12
 **********
 PARAMETER   12  IS CONSTANT.   IGNORED.
 **********
 **   21 **FIX           14
 **********
 **********
 **   22 **FIX           15
 **********
 PARAMETER   15  IS CONSTANT.   IGNORED.
 **********
 **   23 **FIX           16
 **********
 **********
 **   24 **MIGRAD
 **********
 START MIGRAD MINIMIZATION.  STRATEGY  1.  CONVERGENCE WHEN EDM .LT. 1.00e-04
 FCN=152.1 FROM MIGRAD    STATUS=INITIATE       28 CALLS        1117 TOTAL
                     EDM= unknown      STRATEGY= 1      NO ERROR MATRIX       
  EXT PARAMETER               CURRENT GUESS       STEP         FIRST   
  NO.   NAME      VALUE            ERROR          SIZE      DERIVATIVE 
   1  N0           7.45701e+07   1.17252e+05   6.26738e+02   7.17468e-08
   2  tau          6.43893e+01   constant   
   3  A0           3.62432e-01   1.67966e-03  -9.03620e-06  -3.66274e+00
   4  phi          4.10844e+00   1.64021e-03   3.21286e-07   1.26107e+01
   5  R           -6.07681e+01   constant   
   6  alpha_CBO    0.00000e+00   1.00000e-03   1.00000e-03   1.07467e+03
   7  w_CBO        2.32500e+00   constant   
   8  beta_CBO     0.00000e+00     fixed    
   9  alpha_2CBO   0.00000e+00     fixed    
  10  beta_2CBO    0.00000e+00   1.00000e-03   1.00000e-03   5.72476e+03
  11  alpha_y      0.00000e+00     fixed    
  12  w_y          1.44500e+01   constant   
  13  beta_y       0.00000e+00   1.00000e-03   1.00000e-03   3.61274e+05
  14  alpha_vw     0.00000e+00     fixed    
  15  w_vw         1.29000e+01   constant   
  16  beta_vw      0.00000e+00     fixed    
  17  LM          -5.35738e-04   constant   
  18  zeta_y       0.00000e+00   constant   
  19  zeta_vw      0.00000e+00   constant   
  20  T_CBO        6.62096e+01   3.65387e-01   7.15224e-06   1.15715e+00
  21  alpha_A0    -1.06187e-01   1.54511e-02   7.50735e-05   1.06751e-01
  22  beta_A0     -5.14353e-02   1.09652e-02   6.21247e-05   2.86161e+00
  23  alpha_phi   -5.03853e-02   1.15099e-02   6.65005e-05  -5.51882e-01
  24  beta_phi     1.08314e-01   1.65180e-02  -7.90316e-05   3.01577e+00
 MIGRAD MINIMIZATION HAS CONVERGED.
 MIGRAD WILL VERIFY CONVERGENCE AND ERROR MATRIX.
 FCN=85.8754 FROM HESSE     STATUS=NOT POSDEF    100 CALLS        2558 TOTAL
                     EDM=9.59223e-05    STRATEGY= 1      ERR MATRIX NOT POS-DEF
  EXT PARAMETER                APPROXIMATE        STEP         FIRST   
  NO.   NAME      VALUE            ERROR          SIZE      DERIVATIVE 
   1  N0           7.49125e+07   2.22016e+04   3.57211e+01  -5.23694e-09
   2  tau          6.43893e+01   constant   
   3  A0           3.58380e-01   3.46853e-04   1.70889e-07  -3.08997e+01
   4  phi          4.12099e+00   9.60022e-04   1.96504e-06  -1.94679e+01
   5  R           -6.07681e+01   constant   
   6  alpha_CBO    4.02814e-03   3.56766e-04   1.86699e-07   3.08154e+01
   7  w_CBO        2.32500e+00   constant   
   8  beta_CBO     0.00000e+00     fixed    
   9  alpha_2CBO   0.00000e+00     fixed    
  10  beta_2CBO   -2.11465e-03   2.70637e-04   1.93483e-07  -2.36161e+01
  11  alpha_y      0.00000e+00     fixed    
  12  w_y          1.44500e+01   constant   
  13  beta_y      -3.40339e-04   4.32563e-05   1.90343e-07   3.41655e+00
  14  alpha_vw     0.00000e+00     fixed    
  15  w_vw         1.29000e+01   constant   
  16  beta_vw      0.00000e+00     fixed    
  17  LM          -5.35738e-04   constant   
  18  zeta_y       0.00000e+00   constant   
  19  zeta_vw      0.00000e+00   constant   
  20  T_CBO        5.12023e+01   1.70735e+00   2.65104e-06  -8.49963e-01
  21  alpha_A0    -8.34813e-02   4.18820e-03   1.91592e-06   1.37084e+00
  22  beta_A0     -6.31085e-02   4.07649e-03   2.09254e-06   2.09455e+00
  23  alpha_phi   -2.42856e-02   4.75953e-03   2.04740e-06  -1.72321e+00
  24  beta_phi     5.62992e-02   4.03030e-03   1.98418e-06   6.69503e-01
 CALL LIMIT EXCEEDED IN MIGRAD.
 MIGRAD TERMINATED WITHOUT CONVERGENCE.
 FCN=84.4484 FROM MIGRAD    STATUS=CALL LIMIT   1905 CALLS        2994 TOTAL
                     EDM=0.101588    STRATEGY= 1      ERR MATRIX NOT POS-DEF
  EXT PARAMETER                APPROXIMATE        STEP         FIRST   
  NO.   NAME      VALUE            ERROR          SIZE      DERIVATIVE 
   1  N0           7.47839e+07   8.76549e+04  -2.84253e+04   1.49782e-04
   2  tau          6.43893e+01   constant   
   3  A0           3.64584e-01   3.38571e-03   1.13825e-03  -1.07062e+04
   4  phi          4.14063e+00   9.16320e-03   3.19818e-03   3.20620e+03
   5  R           -6.07681e+01   constant   
   6  alpha_CBO    7.74530e-03   2.00024e-03   6.85145e-04  -2.86892e+03
   7  w_CBO        2.32500e+00   constant   
   8  beta_CBO     0.00000e+00     fixed    
   9  alpha_2CBO   0.00000e+00     fixed    
  10  beta_2CBO   -2.66742e-03   4.77591e-04  -1.43777e-04   7.26222e+02
  11  alpha_y      0.00000e+00     fixed    
  12  w_y          1.44500e+01   constant   
  13  beta_y      -3.43257e-04   4.32608e-05  -3.87637e-07  -8.35266e+02
  14  alpha_vw     0.00000e+00     fixed    
  15  w_vw         1.29000e+01   constant   
  16  beta_vw      0.00000e+00     fixed    
  17  LM          -5.35738e-04   constant   
  18  zeta_y       0.00000e+00   constant   
  19  zeta_vw      0.00000e+00   constant   
  20  T_CBO        5.19833e+01   4.71584e-01  -3.76186e-04   8.60173e+02
  21  alpha_A0    -8.02673e-02   5.93413e-03  -1.32897e-03  -6.56954e+02
  22  beta_A0     -1.45683e-01   4.27769e-02  -1.48084e-02  -4.51000e+02
  23  alpha_phi   -1.03971e-01   3.92883e-02  -1.33566e-02  -1.26229e+02
  24  beta_phi     4.49829e-02   4.26253e-03  -7.53883e-04   8.72451e+02
 EXTERNAL ERROR MATRIX.    NDIM=  25    NPAR= 11    ERR DEF=1
  7.683e+09 
 -2.881e+02  1.146e-05 
 -7.685e+02  3.077e-05  8.396e-05 
 -1.671e+02  6.652e-06  1.811e-05  4.001e-06 
  3.559e+01 -1.285e-06 -3.592e-06 -8.315e-07  2.281e-07 
  1.828e-02 -6.487e-09 -1.389e-08 -4.384e-09 -1.297e-10  1.871e-09 
  1.195e+04 -5.471e-04 -1.548e-03 -3.005e-04  3.848e-05  2.200e-07  2.224e-01 
  4.353e+02 -1.473e-05 -3.709e-05 -8.776e-06  2.238e-06  5.202e-09  5.230e-04  3.521e-05 
  3.658e+03 -1.441e-04 -3.907e-04 -8.438e-05  1.700e-05  4.975e-08  7.312e-03  1.850e-04  1.830e-03 
  3.317e+03 -1.323e-04 -3.570e-04 -7.600e-05  1.435e-05  5.102e-08  6.980e-03  1.596e-04  1.670e-03  1.544e-03 
  6.670e+01 -3.613e-06 -1.445e-05 -2.938e-06  8.410e-07 -8.428e-09  2.466e-04 -5.286e-06  5.785e-05  4.841e-05  1.817e-05 
ERR MATRIX NOT POS-DEF
 PARAMETER  CORRELATION COEFFICIENTS  
       NO.  GLOBAL      1      3      4      6     10     13     20     21     22     23     24
        1  0.99982   1.000 -0.971 -0.957 -0.953  0.850  0.005  0.289  0.837  0.976  0.963  0.179
        3  0.99998  -0.971  1.000  0.992  0.982 -0.795 -0.044 -0.343 -0.733 -0.995 -0.994 -0.250
        4  0.99998  -0.957  0.992  1.000  0.988 -0.821 -0.035 -0.358 -0.682 -0.997 -0.992 -0.370
        6  0.99992  -0.953  0.982  0.988  1.000 -0.870 -0.051 -0.319 -0.739 -0.986 -0.967 -0.345
       10  0.99638   0.850 -0.795 -0.821 -0.870  1.000 -0.006  0.171  0.790  0.832  0.765  0.413
       13  0.28021   0.005 -0.044 -0.035 -0.051 -0.006  1.000  0.011  0.020  0.027  0.030 -0.046
       20  0.98822   0.289 -0.343 -0.358 -0.319  0.171  0.011  1.000  0.187  0.362  0.377  0.123
       21  0.99820   0.837 -0.733 -0.682 -0.739  0.790  0.020  0.187  1.000  0.729  0.684 -0.209
       22  0.99997   0.976 -0.995 -0.997 -0.986  0.832  0.027  0.362  0.729  1.000  0.993  0.317
       23  0.99997   0.963 -0.994 -0.992 -0.967  0.765  0.030  0.377  0.684  0.993  1.000  0.289
       24  0.99742   0.179 -0.250 -0.370 -0.345  0.413 -0.046  0.123 -0.209  0.317  0.289  1.000
 ERR MATRIX NOT POS-DEF
MINUIT - FIT ONLY 2-CBO
 **********
 **   25 **RES 
 **********
                   PARAMETER   16  beta_vw RESTORED TO VARIABLE.
                   PARAMETER   14  alpha_vw RESTORED TO VARIABLE.
                   PARAMETER   11  alpha_y RESTORED TO VARIABLE.
                   PARAMETER    9  alpha_2CBO RESTORED TO VARIABLE.
                   PARAMETER    8  beta_CBO RESTORED TO VARIABLE.
 **********
 **   26 **FIX            0
 **********
 PARAMETER    0  IS UNDEFINED. IGNORED.
 **********
 **   27 **FIX            1
 **********
 **********
 **   28 **FIX            2
 **********
 PARAMETER    2  IS CONSTANT.   IGNORED.
 **********
 **   29 **FIX            3
 **********
 **********
 **   30 **FIX            4
 **********
 **********
 **   31 **FIX            5
 **********
 PARAMETER    5  IS CONSTANT.   IGNORED.
 **********
 **   32 **FIX            6
 **********
 **********
 **   33 **FIX            7
 **********
 PARAMETER    7  IS CONSTANT.   IGNORED.
 **********
 **   34 **FIX           10
 **********
 **********
 **   35 **FIX           11
 **********
 **********
 **   36 **FIX           12
 **********
 PARAMETER   12  IS CONSTANT.   IGNORED.
 **********
 **   37 **FIX           13
 **********
 **********
 **   38 **FIX           14
 **********
 **********
 **   39 **FIX           15
 **********
 PARAMETER   15  IS CONSTANT.   IGNORED.
 **********
 **   40 **FIX           16
 **********
 **********
 **   41 **MIGRAD
 **********
 START MIGRAD MINIMIZATION.  STRATEGY  1.  CONVERGENCE WHEN EDM .LT. 1.00e-04
 FCN=84.4484 FROM MIGRAD    STATUS=INITIATE       18 CALLS        3012 TOTAL
                     EDM= unknown      STRATEGY= 1      NO ERROR MATRIX       
  EXT PARAMETER               CURRENT GUESS       STEP         FIRST   
  NO.   NAME      VALUE            ERROR          SIZE      DERIVATIVE 
   1  N0           7.47839e+07     fixed    
   2  tau          6.43893e+01   constant   
   3  A0           3.64584e-01     fixed    
   4  phi          4.14063e+00     fixed    
   5  R           -6.07681e+01   constant   
   6  alpha_CBO    7.74530e-03     fixed    
   7  w_CBO        2.32500e+00   constant   
   8  beta_CBO     0.00000e+00   1.00000e-03   1.00000e-03  -8.37966e+03
   9  alpha_2CBO   0.00000e+00   1.00000e-03   1.00000e-03   4.49815e+03
  10  beta_2CBO   -2.66742e-03     fixed    
  11  alpha_y      0.00000e+00     fixed    
  12  w_y          1.44500e+01   constant   
  13  beta_y      -3.43257e-04     fixed    
  14  alpha_vw     0.00000e+00     fixed    
  15  w_vw         1.29000e+01   constant   
  16  beta_vw      0.00000e+00     fixed    
  17  LM          -5.35738e-04   constant   
  18  zeta_y       0.00000e+00   constant   
  19  zeta_vw      0.00000e+00   constant   
  20  T_CBO        5.19833e+01   4.71584e-01  -3.76186e-04   8.60173e+02
  21  alpha_A0    -8.02673e-02   5.93413e-03  -1.32897e-03  -6.56953e+02
  22  beta_A0     -1.45683e-01   4.27769e-02  -1.48084e-02  -4.51000e+02
  23  alpha_phi   -1.03971e-01   3.92883e-02  -1.33566e-02  -1.26229e+02
  24  beta_phi     4.49829e-02   4.26253e-03  -7.53883e-04   8.72451e+02
 MIGRAD MINIMIZATION HAS CONVERGED.
 MIGRAD WILL VERIFY CONVERGENCE AND ERROR MATRIX.
 FCN=84.2937 FROM MIGRAD    STATUS=CONVERGED     166 CALLS        3160 TOTAL
                     EDM=4.45568e-05    STRATEGY= 1      ERR MATRIX NOT POS-DEF
  EXT PARAMETER                APPROXIMATE        STEP         FIRST   
  NO.   NAME      VALUE            ERROR          SIZE      DERIVATIVE 
   1  N0           7.47839e+07     fixed    
   2  tau          6.43893e+01   constant   
   3  A0           3.64584e-01     fixed    
   4  phi          4.14063e+00     fixed    
   5  R           -6.07681e+01   constant   
   6  alpha_CBO    7.74530e-03     fixed    
   7  w_CBO        2.32500e+00   constant   
   8  beta_CBO    -2.91615e-05   1.30062e-04   1.93557e-07  -4.89469e+00
   9  alpha_2CBO  -5.63271e-05   1.72357e-04   1.86603e-07  -1.25248e+00
  10  beta_2CBO   -2.66742e-03     fixed    
  11  alpha_y      0.00000e+00     fixed    
  12  w_y          1.44500e+01   constant   
  13  beta_y      -3.43257e-04     fixed    
  14  alpha_vw     0.00000e+00     fixed    
  15  w_vw         1.29000e+01   constant   
  16  beta_vw      0.00000e+00     fixed    
  17  LM          -5.35738e-04   constant   
  18  zeta_y       0.00000e+00   constant   
  19  zeta_vw      0.00000e+00   constant   
  20  T_CBO        5.19751e+01   1.21022e+00   1.62350e-06   1.15010e+00
  21  alpha_A0    -8.06130e-02   2.56117e-03   1.82478e-06  -5.61595e-02
  22  beta_A0     -1.45394e-01   4.15632e-03   1.97098e-06   3.29332e-01
  23  alpha_phi   -1.04171e-01   3.01385e-03   1.95649e-06   8.15434e-01
  24  beta_phi     4.45352e-02   1.93422e-03   1.93176e-06   3.65596e-01
 EXTERNAL ERROR MATRIX.    NDIM=  25    NPAR=  7    ERR DEF=1
  1.692e-08  1.856e-08 -2.621e-06  1.234e-07 -9.325e-08  6.312e-08  1.887e-07 
  1.856e-08  2.971e-08  4.716e-06  2.112e-07 -1.394e-07  1.036e-07  2.205e-07 
 -2.621e-06  4.716e-06  1.465e+00  2.704e-03  4.873e-03  3.540e-03 -1.451e-03 
  1.234e-07  2.112e-07  2.704e-03  6.560e-06  7.881e-06  7.113e-06 -1.146e-06 
 -9.325e-08 -1.394e-07  4.873e-03  7.881e-06  1.727e-05  1.136e-05 -5.835e-06 
  6.312e-08  1.036e-07  3.540e-03  7.113e-06  1.136e-05  9.083e-06 -2.653e-06 
  1.887e-07  2.205e-07 -1.451e-03 -1.146e-06 -5.835e-06 -2.653e-06  3.741e-06 
ERR MATRIX NOT POS-DEF
 PARAMETER  CORRELATION COEFFICIENTS  
       NO.  GLOBAL      8      9     20     21     22     23     24
        8  0.94412   1.000  0.828 -0.017  0.370 -0.173  0.161  0.750
        9  0.97083   0.828  1.000  0.023  0.478 -0.195  0.199  0.661
       20  0.99782  -0.017  0.023  1.000  0.872  0.969  0.971 -0.620
       21  0.98747   0.370  0.478  0.872  1.000  0.740  0.922 -0.231
       22  0.99447  -0.173 -0.195  0.969  0.740  1.000  0.907 -0.726
       23  0.98961   0.161  0.199  0.971  0.922  0.907  1.000 -0.455
       24  0.97523   0.750  0.661 -0.620 -0.231 -0.726 -0.455  1.000
 ERR MATRIX NOT POS-DEF
MINUIT - FIT wiggle + 1-CBO + 2-CBO
 **********
 **   42 **RES 
 **********
                   PARAMETER   16  beta_vw RESTORED TO VARIABLE.
                   PARAMETER   14  alpha_vw RESTORED TO VARIABLE.
                   PARAMETER   13  beta_y RESTORED TO VARIABLE.
                   PARAMETER   11  alpha_y RESTORED TO VARIABLE.
                   PARAMETER   10  beta_2CBO RESTORED TO VARIABLE.
                   PARAMETER    6  alpha_CBO RESTORED TO VARIABLE.
                   PARAMETER    4  phi RESTORED TO VARIABLE.
                   PARAMETER    3  A0 RESTORED TO VARIABLE.
                   PARAMETER    1  N0 RESTORED TO VARIABLE.
 **********
 **   43 **FIX           10
 **********
 **********
 **   44 **FIX           11
 **********
 **********
 **   45 **FIX           12
 **********
 PARAMETER   12  IS CONSTANT.   IGNORED.
 **********
 **   46 **FIX           13
 **********
 **********
 **   47 **FIX           14
 **********
 **********
 **   48 **FIX           15
 **********
 PARAMETER   15  IS CONSTANT.   IGNORED.
 **********
 **   49 **FIX           16
 **********
 **********
 **   50 **MIGRAD
 **********
 START MIGRAD MINIMIZATION.  STRATEGY  1.  CONVERGENCE WHEN EDM .LT. 1.00e-04
 FCN=84.2937 FROM MIGRAD    STATUS=INITIATE       22 CALLS        3182 TOTAL
                     EDM= unknown      STRATEGY= 1      NO ERROR MATRIX       
  EXT PARAMETER               CURRENT GUESS       STEP         FIRST   
  NO.   NAME      VALUE            ERROR          SIZE      DERIVATIVE 
   1  N0           7.47839e+07   8.76549e+04   8.76549e+04  -1.51910e-06
   2  tau          6.43893e+01   constant   
   3  A0           3.64584e-01   3.38571e-03   3.38571e-03  -9.12939e+02
   4  phi          4.14063e+00   9.16320e-03   9.16320e-03  -2.99718e+02
   5  R           -6.07681e+01   constant   
   6  alpha_CBO    7.74530e-03   2.00024e-03   2.00024e-03   2.61893e+03
   7  w_CBO        2.32500e+00   constant   
   8  beta_CBO    -2.91615e-05   1.30062e-04   1.93557e-07  -4.89504e+00
   9  alpha_2CBO  -5.63271e-05   1.72357e-04   1.86603e-07  -1.25225e+00
  10  beta_2CBO   -2.66742e-03     fixed    
  11  alpha_y      0.00000e+00     fixed    
  12  w_y          1.44500e+01   constant   
  13  beta_y      -3.43257e-04     fixed    
  14  alpha_vw     0.00000e+00     fixed    
  15  w_vw         1.29000e+01   constant   
  16  beta_vw      0.00000e+00     fixed    
  17  LM          -5.35738e-04   constant   
  18  zeta_y       0.00000e+00   constant   
  19  zeta_vw      0.00000e+00   constant   
  20  T_CBO        5.19751e+01   1.21022e+00   1.62350e-06   1.15006e+00
  21  alpha_A0    -8.06130e-02   2.56117e-03   1.82478e-06  -5.61948e-02
  22  beta_A0     -1.45394e-01   4.15632e-03   1.97098e-06   3.29111e-01
  23  alpha_phi   -1.04171e-01   3.01385e-03   1.95649e-06   8.15435e-01
  24  beta_phi     4.45352e-02   1.93422e-03   1.93176e-06   3.65610e-01
 MIGRAD MINIMIZATION HAS CONVERGED.
 MIGRAD WILL VERIFY CONVERGENCE AND ERROR MATRIX.
 FCN=79.6468 FROM HESSE     STATUS=NOT POSDEF    100 CALLS        4497 TOTAL
                     EDM=0.000106824    STRATEGY= 1      ERR MATRIX NOT POS-DEF
  EXT PARAMETER                APPROXIMATE        STEP         FIRST   
  NO.   NAME      VALUE            ERROR          SIZE      DERIVATIVE 
   1  N0           7.45457e+07   2.61737e+04   3.55461e+01   5.21940e-07
   2  tau          6.43893e+01   constant   
   3  A0           3.69501e-01   4.51086e-04   1.76192e-07   2.84643e-02
   4  phi          4.14172e+00   9.78685e-04   1.97493e-06  -1.71256e+01
   5  R           -6.07681e+01   constant   
   6  alpha_CBO    6.59508e-03   3.54739e-04   1.79638e-07   1.90103e+00
   7  w_CBO        2.32500e+00   constant   
   8  beta_CBO    -2.35426e-03   3.76631e-04   1.88399e-07   1.37745e+01
   9  alpha_2CBO  -2.06370e-03   2.61653e-04   1.81441e-07   8.86495e+00
  10  beta_2CBO   -2.66742e-03     fixed    
  11  alpha_y      0.00000e+00     fixed    
  12  w_y          1.44500e+01   constant   
  13  beta_y      -3.43257e-04     fixed    
  14  alpha_vw     0.00000e+00     fixed    
  15  w_vw         1.29000e+01   constant   
  16  beta_vw      0.00000e+00     fixed    
  17  LM          -5.35738e-04   constant   
  18  zeta_y       0.00000e+00   constant   
  19  zeta_vw      0.00000e+00   constant   
  20  T_CBO        5.85852e+01   9.27757e-01   1.32149e-06   2.46454e+00
  21  alpha_A0    -1.05516e-01   3.14775e-03   1.51733e-06  -4.63429e+00
  22  beta_A0     -1.59661e-01   3.15642e-03   1.64088e-06  -6.47762e-01
  23  alpha_phi   -1.50385e-01   3.96185e-03   1.66050e-06  -3.04893e-01
  24  beta_phi     4.91936e-02   3.85671e-03   1.63459e-06  -1.06860e+00
 CALL LIMIT EXCEEDED IN MIGRAD.
 MIGRAD TERMINATED WITHOUT CONVERGENCE.
 FCN=79.1039 FROM MIGRAD    STATUS=CALL LIMIT   1917 CALLS        5077 TOTAL
                     EDM=0.0187159    STRATEGY= 1      ERR MATRIX NOT POS-DEF
  EXT PARAMETER                APPROXIMATE        STEP         FIRST   
  NO.   NAME      VALUE            ERROR          SIZE      DERIVATIVE 
   1  N0           7.43260e+07   1.90602e+05  -1.73533e+04   2.78101e-05
   2  tau          6.43893e+01   constant   
   3  A0           3.66975e-01   1.09662e-03  -8.87287e-05  -3.43692e+03
   4  phi          4.16920e+00   1.47849e-02   1.40188e-03   4.43058e+02
   5  R           -6.07681e+01   constant   
   6  alpha_CBO    8.69450e-03   1.04809e-03   9.64102e-05   7.02397e+02
   7  w_CBO        2.32500e+00   constant   
   8  beta_CBO     4.22932e-03   3.92270e-03   3.65530e-04  -2.66035e+03
   9  alpha_2CBO  -9.14510e-04   6.39144e-04   5.60037e-05  -1.06297e+03
  10  beta_2CBO   -2.66742e-03     fixed    
  11  alpha_y      0.00000e+00     fixed    
  12  w_y          1.44500e+01   constant   
  13  beta_y      -3.43257e-04     fixed    
  14  alpha_vw     0.00000e+00     fixed    
  15  w_vw         1.29000e+01   constant   
  16  beta_vw      0.00000e+00     fixed    
  17  LM          -5.35738e-04   constant   
  18  zeta_y       0.00000e+00   constant   
  19  zeta_vw      0.00000e+00   constant   
  20  T_CBO        6.06561e+01   1.07722e+00   2.94402e-04   2.44772e+02
  21  alpha_A0    -5.56277e-02   1.99587e-02   1.85789e-03   5.91736e+01
  22  beta_A0     -2.10749e-01   3.17613e-02  -3.04862e-03  -1.38176e+02
  23  alpha_phi   -1.91200e-01   2.64869e-02  -2.53677e-03  -1.56894e+02
  24  beta_phi     1.34027e-02   1.28638e-02  -1.16895e-03   4.16618e+02
 EXTERNAL ERROR MATRIX.    NDIM=  25    NPAR= 11    ERR DEF=1
  3.633e+10 
  1.826e+02  1.203e-06 
 -2.773e+03 -1.448e-05  2.186e-04 
 -1.812e+02 -9.012e-07  1.469e-05  1.098e-06 
 -7.383e+02 -3.907e-06  5.779e-05  3.886e-06  1.539e-05 
 -1.092e+02 -5.790e-07  8.765e-06  6.414e-07  2.357e-06  4.085e-07 
 -1.824e+05 -8.520e-04  1.394e-02  9.272e-04  3.683e-03  5.489e-04  1.160e+00 
 -3.609e+03 -2.003e-05  2.914e-04  1.970e-05  7.689e-05  1.191e-05  1.833e-02  3.983e-04 
  5.986e+03  3.041e-05 -4.682e-04 -3.138e-05 -1.238e-04 -1.877e-05 -2.955e-02 -6.187e-04  1.009e-03 
  4.985e+03  2.497e-05 -3.872e-04 -2.522e-05 -1.019e-04 -1.488e-05 -2.461e-02 -5.085e-04  8.360e-04  7.016e-04 
  2.217e+03  1.287e-05 -1.809e-04 -1.161e-05 -4.710e-05 -6.788e-06 -1.110e-02 -2.493e-04  3.820e-04  3.205e-04  1.655e-04 
ERR MATRIX NOT POS-DEF
 PARAMETER  CORRELATION COEFFICIENTS  
       NO.  GLOBAL      1      3      4      6      8      9     20     21     22     23     24
        1  0.99996   1.000  0.874 -0.984 -0.907 -0.987 -0.897 -0.888 -0.949  0.989  0.987  0.904
        3  0.99980   0.874  1.000 -0.893 -0.784 -0.908 -0.826 -0.721 -0.915  0.873  0.860  0.913
        4  0.99999  -0.984 -0.893  1.000  0.948  0.996  0.928  0.875  0.988 -0.997 -0.989 -0.951
        6  0.99960  -0.907 -0.784  0.948  1.000  0.945  0.957  0.821  0.942 -0.943 -0.908 -0.861
        8  0.99997  -0.987 -0.908  0.996  0.945  1.000  0.940  0.872  0.982 -0.994 -0.981 -0.933
        9  0.99845  -0.897 -0.826  0.928  0.957  0.940  1.000  0.797  0.934 -0.924 -0.879 -0.826
       20  0.99885  -0.888 -0.721  0.875  0.821  0.872  0.797  1.000  0.853 -0.864 -0.862 -0.801
       21  0.99991  -0.949 -0.915  0.988  0.942  0.982  0.934  0.853  1.000 -0.976 -0.962 -0.971
       22  0.99994   0.989  0.873 -0.997 -0.943 -0.994 -0.924 -0.864 -0.976  1.000  0.994  0.935
       23  0.99995   0.987  0.860 -0.989 -0.908 -0.981 -0.879 -0.862 -0.962  0.994  1.000  0.941
       24  0.99986   0.904  0.913 -0.951 -0.861 -0.933 -0.826 -0.801 -0.971  0.935  0.941  1.000
 ERR MATRIX NOT POS-DEF
MINUIT - FIT ONLY 1-y
 **********
 **   51 **RES 
 **********
                   PARAMETER   16  beta_vw RESTORED TO VARIABLE.
                   PARAMETER   14  alpha_vw RESTORED TO VARIABLE.
                   PARAMETER   13  beta_y RESTORED TO VARIABLE.
                   PARAMETER   11  alpha_y RESTORED TO VARIABLE.
                   PARAMETER   10  beta_2CBO RESTORED TO VARIABLE.
 **********
 **   52 **FIX            0
 **********
 PARAMETER    0  IS UNDEFINED. IGNORED.
 **********
 **   53 **FIX            1
 **********
 **********
 **   54 **FIX            2
 **********
 PARAMETER    2  IS CONSTANT.   IGNORED.
 **********
 **   55 **FIX            3
 **********
 **********
 **   56 **FIX            4
 **********
 **********
 **   57 **FIX            5
 **********
 PARAMETER    5  IS CONSTANT.   IGNORED.
 **********
 **   58 **FIX            6
 **********
 **********
 **   59 **FIX            7
 **********
 PARAMETER    7  IS CONSTANT.   IGNORED.
 **********
 **   60 **FIX            8
 **********
 **********
 **   61 **FIX            9
 **********
 **********
 **   62 **FIX           13
 **********
 **********
 **   63 **FIX           14
 **********
 **********
 **   64 **FIX           15
 **********
 PARAMETER   15  IS CONSTANT.   IGNORED.
 **********
 **   65 **FIX           16
 **********
 **********
 **   66 **MIGRAD
 **********
 START MIGRAD MINIMIZATION.  STRATEGY  1.  CONVERGENCE WHEN EDM .LT. 1.00e-04
 FCN=79.1039 FROM MIGRAD    STATUS=INITIATE       16 CALLS        5093 TOTAL
                     EDM= unknown      STRATEGY= 1      NO ERROR MATRIX       
  EXT PARAMETER               CURRENT GUESS       STEP         FIRST   
  NO.   NAME      VALUE            ERROR          SIZE      DERIVATIVE 
   1  N0           7.43260e+07     fixed    
   2  tau          6.43893e+01   constant   
   3  A0           3.66975e-01     fixed    
   4  phi          4.16920e+00     fixed    
   5  R           -6.07681e+01   constant   
   6  alpha_CBO    8.69450e-03     fixed    
   7  w_CBO        2.32500e+00   constant   
   8  beta_CBO     4.22932e-03     fixed    
   9  alpha_2CBO  -9.14510e-04     fixed    
  10  beta_2CBO   -2.66742e-03   4.77591e-04   4.77591e-04  -1.73175e+03
  11  alpha_y      0.00000e+00   1.00000e-03   1.00000e-03  -3.41053e+05
  12  w_y          1.44500e+01   constant   
  13  beta_y      -3.43257e-04     fixed    
  14  alpha_vw     0.00000e+00     fixed    
  15  w_vw         1.29000e+01   constant   
  16  beta_vw      0.00000e+00     fixed    
  17  LM          -5.35738e-04   constant   
  18  zeta_y       0.00000e+00   constant   
  19  zeta_vw      0.00000e+00   constant   
  20  T_CBO        6.06561e+01   1.07722e+00   2.94402e-04   2.44771e+02
  21  alpha_A0    -5.56277e-02   1.99587e-02   1.85789e-03   5.91736e+01
  22  beta_A0     -2.10749e-01   3.17613e-02  -3.04862e-03  -1.38176e+02
  23  alpha_phi   -1.91200e-01   2.64869e-02  -2.53677e-03  -1.56894e+02
  24  beta_phi     1.34027e-02   1.28638e-02  -1.16895e-03   4.16618e+02
 CALL LIMIT EXCEEDED IN MIGRAD.
 MIGRAD TERMINATED WITHOUT CONVERGENCE.
 FCN=23.8057 FROM MIGRAD    STATUS=CALL LIMIT   1149 CALLS        6226 TOTAL
                     EDM=0.0140172    STRATEGY= 1  ERROR MATRIX UNCERTAINTY  32.8 per cent
  EXT PARAMETER                APPROXIMATE        STEP         FIRST   
  NO.   NAME      VALUE            ERROR          SIZE      DERIVATIVE 
   1  N0           7.43260e+07     fixed    
   2  tau          6.43893e+01   constant   
   3  A0           3.66975e-01     fixed    
   4  phi          4.16920e+00     fixed    
   5  R           -6.07681e+01   constant   
   6  alpha_CBO    8.69450e-03     fixed    
   7  w_CBO        2.32500e+00   constant   
   8  beta_CBO     4.22932e-03     fixed    
   9  alpha_2CBO  -9.14510e-04     fixed    
  10  beta_2CBO   -2.87142e-03   7.87021e-05  -5.69898e-06  -3.07512e+02
  11  alpha_y      3.22449e-04   4.27053e-05  -4.56090e-07   1.48992e+03
  12  w_y          1.44500e+01   constant   
  13  beta_y      -3.43257e-04     fixed    
  14  alpha_vw     0.00000e+00     fixed    
  15  w_vw         1.29000e+01   constant   
  16  beta_vw      0.00000e+00     fixed    
  17  LM          -5.35738e-04   constant   
  18  zeta_y       0.00000e+00   constant   
  19  zeta_vw      0.00000e+00   constant   
  20  T_CBO        4.39683e+01   2.89472e+00  -1.40230e-03  -9.20875e+02
  21  alpha_A0    -8.18784e-02   7.52280e-03  -7.46591e-04   1.41500e+02
  22  beta_A0     -3.13518e-01   2.91659e-02  -2.89006e-03   2.21064e+02
  23  alpha_phi   -2.82039e-01   2.59637e-02  -2.56249e-03   2.10338e+02
  24  beta_phi     1.70645e-02   1.19203e-03   9.78214e-05  -1.44681e+02
 EXTERNAL ERROR MATRIX.    NDIM=  25    NPAR=  7    ERR DEF=1
  6.194e-09 -4.292e-10  9.912e-05  2.657e-07  1.037e-06  8.844e-07 -1.488e-08 
 -4.292e-10  1.824e-09  1.442e-07  9.731e-10 -3.118e-09  2.280e-09 -2.504e-09 
  9.912e-05  1.442e-07  8.380e+00  2.174e-02  8.441e-02  7.515e-02 -3.106e-03 
  2.657e-07  9.731e-10  2.174e-02  5.659e-05  2.190e-04  1.949e-04 -8.011e-06 
  1.037e-06 -3.118e-09  8.441e-02  2.190e-04  8.507e-04  7.569e-04 -3.109e-05 
  8.844e-07  2.280e-09  7.515e-02  1.949e-04  7.569e-04  6.741e-04 -2.782e-05 
 -1.488e-08 -2.504e-09 -3.106e-03 -8.011e-06 -3.109e-05 -2.782e-05  1.421e-06 
ERR MATRIX APPROXIMATE
 PARAMETER  CORRELATION COEFFICIENTS  
       NO.  GLOBAL     10     11     20     21     22     23     24
       10  0.88367   1.000 -0.128  0.435  0.449  0.452  0.433 -0.159
       11  0.17689  -0.128  1.000  0.001  0.003 -0.003  0.002 -0.049
       20  0.99994   0.435  0.001  1.000  0.998  1.000  1.000 -0.900
       21  0.99859   0.449  0.003  0.998  1.000  0.998  0.998 -0.893
       22  0.99990   0.452 -0.003  1.000  0.998  1.000  1.000 -0.894
       23  0.99987   0.433  0.002  1.000  0.998  1.000  1.000 -0.899
       24  0.94229  -0.159 -0.049 -0.900 -0.893 -0.894 -0.899  1.000
 ERR MATRIX APPROXIMATE
MINUIT - FIT ONLY 2-y
 **********
 **   67 **RES 
 **********
                   PARAMETER   16  beta_vw RESTORED TO VARIABLE.
                   PARAMETER   14  alpha_vw RESTORED TO VARIABLE.
                   PARAMETER   13  beta_y RESTORED TO VARIABLE.
                   PARAMETER    9  alpha_2CBO RESTORED TO VARIABLE.
                   PARAMETER    8  beta_CBO RESTORED TO VARIABLE.
                   PARAMETER    6  alpha_CBO RESTORED TO VARIABLE.
                   PARAMETER    4  phi RESTORED TO VARIABLE.
                   PARAMETER    3  A0 RESTORED TO VARIABLE.
                   PARAMETER    1  N0 RESTORED TO VARIABLE.
 **********
 **   68 **FIX            0
 **********
 PARAMETER    0  IS UNDEFINED. IGNORED.
 **********
 **   69 **FIX            1
 **********
 **********
 **   70 **FIX            2
 **********
 PARAMETER    2  IS CONSTANT.   IGNORED.
 **********
 **   71 **FIX            3
 **********
 **********
 **   72 **FIX            4
 **********
 **********
 **   73 **FIX            5
 **********
 PARAMETER    5  IS CONSTANT.   IGNORED.
 **********
 **   74 **FIX            6
 **********
 **********
 **   75 **FIX            7
 **********
 PARAMETER    7  IS CONSTANT.   IGNORED.
 **********
 **   76 **FIX            8
 **********
 **********
 **   77 **FIX            9
 **********
 **********
 **   78 **FIX           10
 **********
 **********
 **   79 **FIX           11
 **********
 **********
 **   80 **FIX           12
 **********
 PARAMETER   12  IS CONSTANT.   IGNORED.
 **********
 **   81 **FIX           16
 **********
 **********
 **   82 **MIGRAD
 **********
 START MIGRAD MINIMIZATION.  STRATEGY  1.  CONVERGENCE WHEN EDM .LT. 1.00e-04
 FCN=23.8057 FROM MIGRAD    STATUS=INITIATE       16 CALLS        6242 TOTAL
                     EDM= unknown      STRATEGY= 1      NO ERROR MATRIX       
  EXT PARAMETER               CURRENT GUESS       STEP         FIRST   
  NO.   NAME      VALUE            ERROR          SIZE      DERIVATIVE 
   1  N0           7.43260e+07     fixed    
   2  tau          6.43893e+01   constant   
   3  A0           3.66975e-01     fixed    
   4  phi          4.16920e+00     fixed    
   5  R           -6.07681e+01   constant   
   6  alpha_CBO    8.69450e-03     fixed    
   7  w_CBO        2.32500e+00   constant   
   8  beta_CBO     4.22932e-03     fixed    
   9  alpha_2CBO  -9.14510e-04     fixed    
  10  beta_2CBO   -2.87142e-03     fixed    
  11  alpha_y      3.22449e-04     fixed    
  12  w_y          1.44500e+01   constant   
  13  beta_y      -3.43257e-04   4.32608e-05   4.32608e-05   3.29650e+04
