 + ++++++++++++++++++++++++++++++++++++++++++++++++++++++++++++++++++++ +
 +                                                                      +
 +           You have chose to blind your fitting according to          +
 +                omega_ref * (1 + (R +/- deltaR) *10^{-6})             +
 +                                                                      +
 + ++++++++++++++++++++++++++++++++++++++++++++++++++++++++++++++++++++ +
In main()...
reading format from /gm2data/zkhechad/run45/envelope/formats/formatB_sBin_constraintOn.txt
pBinTau 	= 0  
pBinPhi 	= 0  
constraintau 	= 1 
includeMopTerm 	= 0    
constrainMop    = 0   
Parameters after format file: pBinTau 0 pBinPhi 0 constraintau 1 includeMopTerm 0 constrainMop 0 c_e_scale 0.000000 
Opening file /gm2data/tbarrett/gm2fr/studies/run23_bunch_corrections/CorrectedFourier_Run3b.root.
reading full fit data from /gm2data/zkhechad/cboTemplates/Run4CBOTemplates/fullFits/noRF/sBin_constraintOn_cE0.0_seed0_noRF_calo5.root
windowBins = 69
fitting sliding window 1890 from bin 2026 at 302.130000 to bin 2095 at 312.574000 (69 bins)

Reading data from /gm2data/cornell/histograms/aMethod/histogram_a_noRF.root
 **********
 **    1 **SET PRINTOUT            1
 **********
 **********
 **    2 **SET NOWARNINGS 
 **********
 PARAMETER DEFINITIONS:
    NO.   NAME         VALUE      STEP SIZE      LIMITS
     1 N0           2.79633e+06  1.00000e+02     no limits
     2 tau          6.44140e+01  constant
     3 A0           3.58434e-01  1.00000e-04     no limits
     4 phi          4.11632e+00  1.00000e-02     no limits
     5 R           -6.26390e+01  constant
     6 alpha_CBO    0.00000e+00  1.00000e-03     no limits
     7 w_CBO        2.32500e+00  constant
     8 beta_CBO     0.00000e+00  1.00000e-03     no limits
     9 alpha_2CBO   0.00000e+00  1.00000e-03     no limits
    10 beta_2CBO    0.00000e+00  1.00000e-03     no limits
    11 alpha_y      0.00000e+00  1.00000e-03     no limits
    12 w_y          1.38860e+01  constant
    13 beta_y       0.00000e+00  1.00000e-03     no limits
    14 alpha_vw     0.00000e+00  1.00000e-03     no limits
    15 w_vw         1.43404e+01  constant
    16 beta_vw      0.00000e+00  1.00000e-03     no limits
    17 LM           3.79801e-04  constant
    18 zeta_y       0.00000e+00  constant
    19 zeta_vw      0.00000e+00  constant
    20 T_CBO        1.00000e+02  1.00000e+00    0.00000e+00  1.00000e+03
    21 alpha_A0     0.00000e+00  1.00000e-04   -1.00000e-02  1.00000e-02
    22 beta_A0      0.00000e+00  1.00000e-04   -1.00000e-02  1.00000e-02
    23 alpha_phi    0.00000e+00  1.00000e-04   -1.00000e-02  1.00000e-02
    24 beta_phi     0.00000e+00  1.00000e-04   -1.00000e-02  1.00000e-02
MINUIT - FIT ONLY WIGGLE
 **********
 **    3 **FIX            5
 **********
 PARAMETER    5  IS CONSTANT.   IGNORED.
 **********
 **    4 **FIX            6
 **********
 **********
 **    5 **FIX            7
 **********
 PARAMETER    7  IS CONSTANT.   IGNORED.
 **********
 **    6 **FIX            8
 **********
 **********
 **    7 **FIX            9
 **********
 **********
 **    8 **FIX           10
 **********
 **********
 **    9 **FIX           11
 **********
 **********
 **   10 **FIX           12
 **********
 PARAMETER   12  IS CONSTANT.   IGNORED.
 **********
 **   11 **FIX           13
 **********
 **********
 **   12 **FIX           14
 **********
 **********
 **   13 **FIX           15
 **********
 PARAMETER   15  IS CONSTANT.   IGNORED.
 **********
 **   14 **FIX           16
 **********
 **********
 **   15 **MIGRAD
 **********
 FIRST CALL TO USER FUNCTION AT NEW START POINT, WITH IFLAG=4.
 START MIGRAD MINIMIZATION.  STRATEGY  1.  CONVERGENCE WHEN EDM .LT. 1.00e-04
 FCN=101.068 FROM MIGRAD    STATUS=INITIATE      437 CALLS         438 TOTAL
                     EDM= unknown      STRATEGY= 1      NO ERROR MATRIX       
  EXT PARAMETER               CURRENT GUESS       STEP         FIRST   
  NO.   NAME      VALUE            ERROR          SIZE      DERIVATIVE 
   1  N0           2.79633e+06   1.00000e+02   0.00000e+00   2.38401e-03
   2  tau          6.44140e+01   constant   
   3  A0           3.58434e-01   1.00000e-04   0.00000e+00   2.56427e+03
   4  phi          4.11632e+00   1.00000e-02   0.00000e+00  -1.73576e+02
   5  R           -6.26390e+01   constant   
   6  alpha_CBO    0.00000e+00     fixed    
   7  w_CBO        2.32500e+00   constant   
   8  beta_CBO     0.00000e+00     fixed    
   9  alpha_2CBO   0.00000e+00     fixed    
  10  beta_2CBO    0.00000e+00     fixed    
  11  alpha_y      0.00000e+00     fixed    
  12  w_y          1.38860e+01   constant   
  13  beta_y       0.00000e+00     fixed    
  14  alpha_vw     0.00000e+00     fixed    
  15  w_vw         1.43404e+01   constant   
  16  beta_vw      0.00000e+00     fixed    
  17  LM           3.79801e-04   constant   
  18  zeta_y       0.00000e+00   constant   
  19  zeta_vw      0.00000e+00   constant   
  20  T_CBO        1.00000e+02   1.00000e+00   0.00000e+00   0.00000e+00
  21  alpha_A0     0.00000e+00   1.00000e-04   0.00000e+00  -5.81611e-01
  22  beta_A0      0.00000e+00   1.00000e-04   0.00000e+00  -5.40037e-02
  23  alpha_phi    0.00000e+00   1.00000e-04   0.00000e+00  -1.12156e-01
  24  beta_phi     0.00000e+00   1.00000e-04   0.00000e+00   6.56538e-01
 MIGRAD MINIMIZATION HAS CONVERGED.
 FCN=93.2286 FROM MIGRAD    STATUS=CONVERGED     714 CALLS         715 TOTAL
                     EDM=2.21402e-06    STRATEGY= 1  ERROR MATRIX UNCERTAINTY   1.0 per cent
  EXT PARAMETER                                   STEP         FIRST   
  NO.   NAME      VALUE            ERROR          SIZE      DERIVATIVE 
   1  N0           2.79418e+06   1.36254e+03   1.73578e+00  -5.66883e-07
   2  tau          6.44140e+01   constant   
   3  A0           3.58104e-01   6.30514e-04  -3.55412e-06  -2.07493e+00
   4  phi          4.11587e+00   1.77530e-03   2.61415e-06  -2.63719e-01
   5  R           -6.26390e+01   constant   
   6  alpha_CBO    0.00000e+00     fixed    
   7  w_CBO        2.32500e+00   constant   
   8  beta_CBO     0.00000e+00     fixed    
   9  alpha_2CBO   0.00000e+00     fixed    
  10  beta_2CBO    0.00000e+00     fixed    
  11  alpha_y      0.00000e+00     fixed    
  12  w_y          1.38860e+01   constant   
  13  beta_y       0.00000e+00     fixed    
  14  alpha_vw     0.00000e+00     fixed    
  15  w_vw         1.43404e+01   constant   
  16  beta_vw      0.00000e+00     fixed    
  17  LM           3.79801e-04   constant   
  18  zeta_y       0.00000e+00   constant   
  19  zeta_vw      0.00000e+00   constant   
  20  T_CBO        3.58460e+02   1.68715e+02  -4.30350e-04   6.55330e-03
  21  alpha_A0     8.22647e-03   1.01842e-02  -5.93445e-03   9.47906e-04
  22  beta_A0     -1.82544e-03   5.81581e-03   1.57208e-03   1.29029e-03
  23  alpha_phi   -2.45796e-03   5.55716e-03   3.15823e-03  -4.74993e-04
  24  beta_phi    -9.63782e-03   1.20380e-02   7.94290e-04   1.86709e-03
 EXTERNAL ERROR MATRIX.    NDIM=  25    NPAR=  8    ERR DEF=1
  1.857e+06  9.113e-03  3.797e-01  1.724e+04  7.297e-01 -1.690e+00 -1.918e+00  5.289e-01 
  9.113e-03  3.975e-07 -7.190e-08  2.795e-02  3.867e-07 -2.457e-07  4.681e-07 -5.428e-08 
  3.797e-01 -7.190e-08  3.152e-06 -1.449e-02  1.051e-06 -4.883e-07 -8.409e-07  1.863e-07 
  1.724e+04  2.795e-02 -1.449e-02  2.972e+04  5.598e-01 -1.911e-01  4.022e-02 -2.580e-01 
  7.297e-01  3.867e-07  1.051e-06  5.598e-01  4.210e-05 -6.004e-06 -4.941e-06 -4.645e-06 
 -1.690e+00 -2.457e-07 -4.883e-07 -1.911e-01 -6.004e-06  3.873e-05  6.260e-07 -2.138e-06 
 -1.918e+00  4.681e-07 -8.409e-07  4.022e-02 -4.941e-06  6.260e-07  3.502e-05  7.019e-07 
  5.289e-01 -5.428e-08  1.863e-07 -2.580e-01 -4.645e-06 -2.138e-06  7.019e-07  1.113e-05 
 PARAMETER  CORRELATION COEFFICIENTS  
       NO.  GLOBAL      1      3      4     20     21     22     23     24
        1  0.36933   1.000  0.011  0.157  0.073  0.083 -0.199 -0.238  0.116
        3  0.30093   0.011  1.000 -0.064  0.257  0.095 -0.063  0.125 -0.026
        4  0.21572   0.157 -0.064  1.000 -0.047  0.091 -0.044 -0.080  0.031
       20  0.67404   0.073  0.257 -0.047  1.000  0.500 -0.178  0.039 -0.449
       21  0.53515   0.083  0.095  0.091  0.500  1.000 -0.149 -0.129 -0.215
       22  0.31851  -0.199 -0.063 -0.044 -0.178 -0.149  1.000  0.017 -0.103
       23  0.32553  -0.238  0.125 -0.080  0.039 -0.129  0.017  1.000  0.036
       24  0.51377   0.116 -0.026  0.031 -0.449 -0.215 -0.103  0.036  1.000
MINUIT - FIT ONLY 1-CBO + wiggle
 **********
 **   16 **RES 
 **********
                   PARAMETER   16  beta_vw RESTORED TO VARIABLE.
                   PARAMETER   14  alpha_vw RESTORED TO VARIABLE.
                   PARAMETER   13  beta_y RESTORED TO VARIABLE.
                   PARAMETER   11  alpha_y RESTORED TO VARIABLE.
                   PARAMETER   10  beta_2CBO RESTORED TO VARIABLE.
                   PARAMETER    9  alpha_2CBO RESTORED TO VARIABLE.
                   PARAMETER    8  beta_CBO RESTORED TO VARIABLE.
                   PARAMETER    6  alpha_CBO RESTORED TO VARIABLE.
 **********
 **   17 **FIX            8
 **********
 **********
 **   18 **FIX            9
 **********
 **********
 **   19 **FIX           11
 **********
 **********
 **   20 **FIX           12
 **********
 PARAMETER   12  IS CONSTANT.   IGNORED.
 **********
 **   21 **FIX           14
 **********
 **********
 **   22 **FIX           15
 **********
 PARAMETER   15  IS CONSTANT.   IGNORED.
 **********
 **   23 **FIX           16
 **********
 **********
 **   24 **MIGRAD
 **********
 START MIGRAD MINIMIZATION.  STRATEGY  1.  CONVERGENCE WHEN EDM .LT. 1.00e-04
 FCN=93.2286 FROM MIGRAD    STATUS=INITIATE       28 CALLS         743 TOTAL
                     EDM= unknown      STRATEGY= 1      NO ERROR MATRIX       
  EXT PARAMETER               CURRENT GUESS       STEP         FIRST   
  NO.   NAME      VALUE            ERROR          SIZE      DERIVATIVE 
   1  N0           2.79418e+06   1.36254e+03   1.73578e+00  -5.66883e-07
   2  tau          6.44140e+01   constant   
   3  A0           3.58104e-01   6.30514e-04  -3.55412e-06  -2.07493e+00
   4  phi          4.11587e+00   1.77530e-03   2.61415e-06  -2.63719e-01
   5  R           -6.26390e+01   constant   
   6  alpha_CBO    0.00000e+00   1.00000e-03   1.00000e-03   8.69526e+03
   7  w_CBO        2.32500e+00   constant   
   8  beta_CBO     0.00000e+00     fixed    
   9  alpha_2CBO   0.00000e+00     fixed    
  10  beta_2CBO    0.00000e+00   1.00000e-03   1.00000e-03   3.36136e+03
  11  alpha_y      0.00000e+00     fixed    
  12  w_y          1.38860e+01   constant   
  13  beta_y       0.00000e+00   1.00000e-03   1.00000e-03   7.04380e+03
  14  alpha_vw     0.00000e+00     fixed    
  15  w_vw         1.43404e+01   constant   
  16  beta_vw      0.00000e+00     fixed    
  17  LM           3.79801e-04   constant   
  18  zeta_y       0.00000e+00   constant   
  19  zeta_vw      0.00000e+00   constant   
  20  T_CBO        3.58460e+02   1.68715e+02  -4.30350e-04   6.55338e-03
  21  alpha_A0     8.22647e-03   1.01842e-02  -5.93445e-03  -9.48700e-04
  22  beta_A0     -1.82544e-03   5.81581e-03   1.57208e-03  -1.29027e-03
  23  alpha_phi   -2.45796e-03   5.55716e-03   3.15823e-03   4.75012e-04
  24  beta_phi    -9.63782e-03   1.20380e-02   7.94290e-04   1.86614e-03
 MIGRAD MINIMIZATION HAS CONVERGED.
 FCN=78.1001 FROM MIGRAD    STATUS=CONVERGED     206 CALLS         921 TOTAL
                     EDM=5.50574e-07    STRATEGY= 1  ERROR MATRIX UNCERTAINTY   3.2 per cent
  EXT PARAMETER                                   STEP         FIRST   
  NO.   NAME      VALUE            ERROR          SIZE      DERIVATIVE 
   1  N0           2.79401e+06   1.25503e+03  -1.55268e+00  -3.91304e-07
   2  tau          6.44140e+01   constant   
   3  A0           3.57698e-01   6.55680e-04   1.19630e-06  -5.30784e-01
   4  phi          4.11579e+00   1.71903e-03   2.73111e-06   1.24006e-01
   5  R           -6.26390e+01   constant   
   6  alpha_CBO   -1.99871e-03   6.79156e-04   5.19778e-07   1.00438e+00
   7  w_CBO        2.32500e+00   constant   
   8  beta_CBO     0.00000e+00     fixed    
   9  alpha_2CBO   0.00000e+00     fixed    
  10  beta_2CBO   -6.54030e-04   6.76097e-04   3.92489e-07  -7.89916e-01
  11  alpha_y      0.00000e+00     fixed    
  12  w_y          1.38860e+01   constant   
  13  beta_y      -1.51646e-03   6.57801e-04  -3.36205e-07  -6.85344e-01
  14  alpha_vw     0.00000e+00     fixed    
  15  w_vw         1.43404e+01   constant   
  16  beta_vw      0.00000e+00     fixed    
  17  LM           3.79801e-04   constant   
  18  zeta_y       0.00000e+00   constant   
  19  zeta_vw      0.00000e+00   constant   
  20  T_CBO        3.47817e+02   2.28184e+02   7.05763e-04  -8.46284e-04
  21  alpha_A0     4.28141e-03   6.14167e-03   4.93087e-04  -1.01877e-04
  22  beta_A0     -1.66180e-03   5.72117e-03   1.48376e-03  -5.51208e-04
  23  alpha_phi   -2.81598e-03   5.52233e-03   4.96357e-04   8.44116e-04
  24  beta_phi    -9.99641e-03   1.82452e-02   1.53998e-03  -2.13971e-04
 EXTERNAL ERROR MATRIX.    NDIM=  25    NPAR= 11    ERR DEF=1
  1.575e+06 
  1.288e-01  4.299e-07 
  1.990e-01  2.858e-08  2.955e-06 
  5.846e-02  1.052e-07  3.268e-08  4.613e-07 
 -1.235e-02 -1.662e-08 -4.052e-08 -1.481e-08  4.571e-07 
 -1.017e-02 -3.928e-09 -4.743e-09  1.548e-09 -3.665e-09  4.327e-07 
  3.101e+04  2.866e-02  2.047e-02  1.221e-02 -2.664e-02 -2.463e-03  5.663e+04 
  3.100e-03  5.969e-08 -7.747e-07  7.090e-07  7.861e-07 -2.405e-08 -6.747e-01  4.560e-05 
  6.698e-01  2.415e-07  1.236e-07  4.953e-08 -1.779e-07 -5.811e-08  2.383e-01 -4.079e-06  3.725e-05 
  7.762e-01 -1.323e-07 -9.236e-08  8.987e-08 -3.855e-07  6.026e-08  3.186e-01 -7.388e-06  7.932e-07  3.462e-05 
  3.000e-02  3.037e-08  4.217e-08  2.868e-08 -1.742e-08 -4.144e-09  2.243e-02 -2.053e-07  2.586e-07  1.972e-07  3.633e-07 
 PARAMETER  CORRELATION COEFFICIENTS  
       NO.  GLOBAL      1      3      4      6     10     13     20     21     22     23     24
        1  0.23377   1.000  0.156  0.092  0.069 -0.015 -0.012  0.104  0.000  0.087  0.105  0.040
        3  0.33256   0.156  1.000  0.025  0.236 -0.037 -0.009  0.184  0.013  0.060 -0.034  0.077
        4  0.12969   0.092  0.025  1.000  0.028 -0.035 -0.004  0.050 -0.067  0.012 -0.009  0.041
        6  0.31096   0.069  0.236  0.028  1.000 -0.032  0.003  0.076  0.155  0.012  0.022  0.070
       10  0.21349  -0.015 -0.037 -0.035 -0.032  1.000 -0.008 -0.166  0.172 -0.043 -0.097 -0.043
       13  0.03526  -0.012 -0.009 -0.004  0.003 -0.008  1.000 -0.016 -0.005 -0.014  0.016 -0.010
       20  0.52406   0.104  0.184  0.050  0.076 -0.166 -0.016  1.000 -0.420  0.164  0.228  0.156
       21  0.48762   0.000  0.013 -0.067  0.155  0.172 -0.005 -0.420  1.000 -0.099 -0.186 -0.050
       22  0.19153   0.087  0.060  0.012  0.012 -0.043 -0.014  0.164 -0.099  1.000  0.022  0.070
       23  0.28676   0.105 -0.034 -0.009  0.022 -0.097  0.016  0.228 -0.186  0.022  1.000  0.056
       24  0.18190   0.040  0.077  0.041  0.070 -0.043 -0.010  0.156 -0.050  0.070  0.056  1.000
MINUIT - FIT ONLY 2-CBO
 **********
 **   25 **RES 
 **********
                   PARAMETER   16  beta_vw RESTORED TO VARIABLE.
                   PARAMETER   14  alpha_vw RESTORED TO VARIABLE.
                   PARAMETER   11  alpha_y RESTORED TO VARIABLE.
                   PARAMETER    9  alpha_2CBO RESTORED TO VARIABLE.
                   PARAMETER    8  beta_CBO RESTORED TO VARIABLE.
 **********
 **   26 **FIX            0
 **********
 PARAMETER    0  IS UNDEFINED. IGNORED.
 **********
 **   27 **FIX            1
 **********
 **********
 **   28 **FIX            2
 **********
 PARAMETER    2  IS CONSTANT.   IGNORED.
 **********
 **   29 **FIX            3
 **********
 **********
 **   30 **FIX            4
 **********
 **********
 **   31 **FIX            5
 **********
 PARAMETER    5  IS CONSTANT.   IGNORED.
 **********
 **   32 **FIX            6
 **********
 **********
 **   33 **FIX            7
 **********
 PARAMETER    7  IS CONSTANT.   IGNORED.
 **********
 **   34 **FIX           10
 **********
 **********
 **   35 **FIX           11
 **********
 **********
 **   36 **FIX           12
 **********
 PARAMETER   12  IS CONSTANT.   IGNORED.
 **********
 **   37 **FIX           13
 **********
 **********
 **   38 **FIX           14
 **********
 **********
 **   39 **FIX           15
 **********
 PARAMETER   15  IS CONSTANT.   IGNORED.
 **********
 **   40 **FIX           16
 **********
 **********
 **   41 **MIGRAD
 **********
 START MIGRAD MINIMIZATION.  STRATEGY  1.  CONVERGENCE WHEN EDM .LT. 1.00e-04
 FCN=78.1001 FROM MIGRAD    STATUS=INITIATE       18 CALLS         939 TOTAL
                     EDM= unknown      STRATEGY= 1      NO ERROR MATRIX       
  EXT PARAMETER               CURRENT GUESS       STEP         FIRST   
  NO.   NAME      VALUE            ERROR          SIZE      DERIVATIVE 
   1  N0           2.79401e+06     fixed    
   2  tau          6.44140e+01   constant   
   3  A0           3.57698e-01     fixed    
   4  phi          4.11579e+00     fixed    
   5  R           -6.26390e+01   constant   
   6  alpha_CBO   -1.99871e-03     fixed    
   7  w_CBO        2.32500e+00   constant   
   8  beta_CBO     0.00000e+00   1.00000e-03   1.00000e-03   9.69511e+03
   9  alpha_2CBO   0.00000e+00   1.00000e-03   1.00000e-03   5.38292e+03
  10  beta_2CBO   -6.54030e-04     fixed    
  11  alpha_y      0.00000e+00     fixed    
  12  w_y          1.38860e+01   constant   
  13  beta_y      -1.51646e-03     fixed    
  14  alpha_vw     0.00000e+00     fixed    
  15  w_vw         1.43404e+01   constant   
  16  beta_vw      0.00000e+00     fixed    
  17  LM           3.79801e-04   constant   
  18  zeta_y       0.00000e+00   constant   
  19  zeta_vw      0.00000e+00   constant   
  20  T_CBO        3.47817e+02   2.28184e+02   7.05763e-04  -8.46332e-04
  21  alpha_A0     4.28141e-03   6.14167e-03   4.93087e-04  -1.01881e-04
  22  beta_A0     -1.66180e-03   5.72117e-03   1.48376e-03  -5.51231e-04
  23  alpha_phi   -2.81598e-03   5.52233e-03   4.96357e-04   8.44104e-04
  24  beta_phi    -9.99641e-03   1.82452e-02   1.53998e-03   3.54618e-04
 MIGRAD MINIMIZATION HAS CONVERGED.
 MIGRAD WILL VERIFY CONVERGENCE AND ERROR MATRIX.
 COVARIANCE MATRIX CALCULATED SUCCESSFULLY
 FCN=63.3142 FROM MIGRAD    STATUS=CONVERGED     192 CALLS        1113 TOTAL
                     EDM=1.33847e-06    STRATEGY= 1      ERROR MATRIX ACCURATE 
  EXT PARAMETER                                   STEP         FIRST   
  NO.   NAME      VALUE            ERROR          SIZE      DERIVATIVE 
   1  N0           2.79401e+06     fixed    
   2  tau          6.44140e+01   constant   
   3  A0           3.57698e-01     fixed    
   4  phi          4.11579e+00     fixed    
   5  R           -6.26390e+01   constant   
   6  alpha_CBO   -1.99871e-03     fixed    
   7  w_CBO        2.32500e+00   constant   
   8  beta_CBO    -2.30376e-03   6.78280e-04   2.61949e-06  -6.79204e-01
   9  alpha_2CBO  -1.34417e-03   6.73034e-04   2.57813e-06   1.39937e+00
  10  beta_2CBO   -6.54030e-04     fixed    
  11  alpha_y      0.00000e+00     fixed    
  12  w_y          1.38860e+01   constant   
  13  beta_y      -1.51646e-03     fixed    
  14  alpha_vw     0.00000e+00     fixed    
  15  w_vw         1.43404e+01   constant   
  16  beta_vw      0.00000e+00     fixed    
  17  LM           3.79801e-04   constant   
  18  zeta_y       0.00000e+00   constant   
  19  zeta_vw      0.00000e+00   constant   
  20  T_CBO        4.50397e+02   2.80146e+02   2.33530e-03  -2.95293e-04
  21  alpha_A0     3.78036e-03   4.57096e-03   2.03303e-03   1.19742e-04
  22  beta_A0     -2.45471e-03   4.61249e-03   2.00723e-03   4.79504e-04
  23  alpha_phi   -3.57586e-03   4.48631e-03   2.02069e-03  -1.21809e-03
  24  beta_phi    -9.99700e-03   1.41413e-02   3.83352e-02  -8.00956e-04
 EXTERNAL ERROR MATRIX.    NDIM=  25    NPAR=  7    ERR DEF=1
  4.601e-07  2.539e-08 -1.602e-02  2.368e-08  3.506e-07 -1.146e-07  3.806e-10 
  2.539e-08  4.530e-07 -8.024e-03  5.474e-08 -4.016e-07  4.331e-07  1.492e-10 
 -1.602e-02 -8.024e-03  8.855e+04 -4.532e-01  2.386e-01  2.617e-01  1.136e-02 
  2.368e-08  5.474e-08 -4.532e-01  2.285e-05 -2.100e-06 -3.395e-06 -5.635e-08 
  3.506e-07 -4.016e-07  2.386e-01 -2.100e-06  2.311e-05  7.992e-07  3.800e-08 
 -1.146e-07  4.331e-07  2.617e-01 -3.395e-06  7.992e-07  2.190e-05  5.808e-08 
  3.806e-10  1.492e-10  1.136e-02 -5.635e-08  3.800e-08  5.808e-08  1.217e-07 
 PARAMETER  CORRELATION COEFFICIENTS  
       NO.  GLOBAL      8      9     20     21     22     23     24
        8  0.16530   1.000  0.056 -0.079  0.007  0.108 -0.036  0.002
        9  0.20749   0.056  1.000 -0.040  0.017 -0.124  0.138  0.001
       20  0.39598  -0.079 -0.040  1.000 -0.319  0.167  0.188  0.109
       21  0.33494   0.007  0.017 -0.319  1.000 -0.091 -0.152 -0.034
       22  0.24450   0.108 -0.124  0.167 -0.091  1.000  0.036  0.023
       23  0.25991  -0.036  0.138  0.188 -0.152  0.036  1.000  0.036
       24  0.11115   0.002  0.001  0.109 -0.034  0.023  0.036  1.000
MINUIT - FIT wiggle + 1-CBO + 2-CBO
 **********
 **   42 **RES 
 **********
                   PARAMETER   16  beta_vw RESTORED TO VARIABLE.
                   PARAMETER   14  alpha_vw RESTORED TO VARIABLE.
                   PARAMETER   13  beta_y RESTORED TO VARIABLE.
                   PARAMETER   11  alpha_y RESTORED TO VARIABLE.
                   PARAMETER   10  beta_2CBO RESTORED TO VARIABLE.
                   PARAMETER    6  alpha_CBO RESTORED TO VARIABLE.
                   PARAMETER    4  phi RESTORED TO VARIABLE.
                   PARAMETER    3  A0 RESTORED TO VARIABLE.
                   PARAMETER    1  N0 RESTORED TO VARIABLE.
 **********
 **   43 **FIX           10
 **********
 **********
 **   44 **FIX           11
 **********
 **********
 **   45 **FIX           12
 **********
 PARAMETER   12  IS CONSTANT.   IGNORED.
 **********
 **   46 **FIX           13
 **********
 **********
 **   47 **FIX           14
 **********
 **********
 **   48 **FIX           15
 **********
 PARAMETER   15  IS CONSTANT.   IGNORED.
 **********
 **   49 **FIX           16
 **********
 **********
 **   50 **MIGRAD
 **********
 START MIGRAD MINIMIZATION.  STRATEGY  1.  CONVERGENCE WHEN EDM .LT. 1.00e-04
 FCN=63.3142 FROM MIGRAD    STATUS=INITIATE       53 CALLS        1166 TOTAL
                     EDM= unknown      STRATEGY= 1      NO ERROR MATRIX       
  EXT PARAMETER               CURRENT GUESS       STEP         FIRST   
  NO.   NAME      VALUE            ERROR          SIZE      DERIVATIVE 
   1  N0           2.79401e+06   1.25503e+03   0.00000e+00  -4.38451e-04
   2  tau          6.44140e+01   constant   
   3  A0           3.57698e-01   6.55680e-04   0.00000e+00  -8.44757e+02
   4  phi          4.11579e+00   1.71903e-03   0.00000e+00   8.38997e+02
   5  R           -6.26390e+01   constant   
   6  alpha_CBO   -1.99871e-03   6.79156e-04   0.00000e+00   3.59178e+02
   7  w_CBO        2.32500e+00   constant   
   8  beta_CBO    -2.30376e-03   6.78280e-04   0.00000e+00  -2.63096e+00
   9  alpha_2CBO  -1.34417e-03   6.73034e-04   0.00000e+00   8.90102e-01
  10  beta_2CBO   -6.54030e-04     fixed    
  11  alpha_y      0.00000e+00     fixed    
  12  w_y          1.38860e+01   constant   
  13  beta_y      -1.51646e-03     fixed    
  14  alpha_vw     0.00000e+00     fixed    
  15  w_vw         1.43404e+01   constant   
  16  beta_vw      0.00000e+00     fixed    
  17  LM           3.79801e-04   constant   
  18  zeta_y       0.00000e+00   constant   
  19  zeta_vw      0.00000e+00   constant   
  20  T_CBO        4.50397e+02   2.80146e+02   0.00000e+00  -2.37169e-02
  21  alpha_A0     3.78036e-03   4.57096e-03   0.00000e+00  -6.80764e-04
  22  beta_A0     -2.45471e-03   4.61249e-03   0.00000e+00  -4.72006e-04
  23  alpha_phi   -3.57586e-03   4.48631e-03   0.00000e+00  -5.28006e-03
  24  beta_phi    -9.95706e-03   1.41413e-02   6.81870e-02   1.63994e-04
 MIGRAD MINIMIZATION HAS CONVERGED.
 MIGRAD WILL VERIFY CONVERGENCE AND ERROR MATRIX.
 FCN=62.6096 FROM HESSE     STATUS=NOT POSDEF    102 CALLS        1393 TOTAL
                     EDM=0.0025332    STRATEGY= 1      ERR MATRIX NOT POS-DEF
  EXT PARAMETER                APPROXIMATE        STEP         FIRST   
  NO.   NAME      VALUE            ERROR          SIZE      DERIVATIVE 
   1  N0           2.79425e+06   1.31811e+03   4.93372e+00   1.47898e-07
   2  tau          6.44140e+01   constant   
   3  A0           3.57903e-01   6.62129e-04   2.42998e-06   3.82645e+00
   4  phi          4.11446e+00   1.64930e-03   6.79561e-06   2.61636e-01
   5  R           -6.26390e+01   constant   
   6  alpha_CBO   -2.03624e-03   6.17446e-04   2.51485e-06  -2.81131e+00
   7  w_CBO        2.32500e+00   constant   
   8  beta_CBO    -2.42344e-03   6.49305e-04   2.60477e-06   1.79283e+00
   9  alpha_2CBO  -1.38891e-03   6.18866e-04   2.56360e-06   6.87979e-01
  10  beta_2CBO   -6.54030e-04     fixed    
  11  alpha_y      0.00000e+00     fixed    
  12  w_y          1.38860e+01   constant   
  13  beta_y      -1.51646e-03     fixed    
  14  alpha_vw     0.00000e+00     fixed    
  15  w_vw         1.43404e+01   constant   
  16  beta_vw      0.00000e+00     fixed    
  17  LM           3.79801e-04   constant   
  18  zeta_y       0.00000e+00   constant   
  19  zeta_vw      0.00000e+00   constant   
  20  T_CBO        4.78928e+02   5.03001e+02   2.49304e-03  -4.25092e-03
  21  alpha_A0     3.96114e-03   1.67260e-02   1.95419e-03   5.20757e-04
  22  beta_A0     -2.48318e-03   1.37274e-02   1.91600e-03  -7.41826e-04
  23  alpha_phi   -3.71029e-03   1.03587e-02   1.93833e-03  -2.50306e-04
  24  beta_phi    -9.96502e-03   1.07476e-02   2.99265e-02  -6.98878e-04
 MIGRAD MINIMIZATION HAS CONVERGED.
 MIGRAD WILL VERIFY CONVERGENCE AND ERROR MATRIX.
 MIGRAD TERMINATED WITHOUT CONVERGENCE.
 FCN=62.6095 FROM MIGRAD    STATUS=FAILED        618 CALLS        1731 TOTAL
                     EDM=0.00600672    STRATEGY= 1      ERR MATRIX NOT POS-DEF
  EXT PARAMETER                APPROXIMATE        STEP         FIRST   
  NO.   NAME      VALUE            ERROR          SIZE      DERIVATIVE 
   1  N0           2.79425e+06   1.31902e+03   4.93372e+00   1.16026e-08
   2  tau          6.44140e+01   constant   
   3  A0           3.57903e-01   6.57231e-04   2.42998e-06   5.37763e-02
   4  phi          4.11446e+00   1.65962e-03   6.79561e-06  -1.22498e-02
   5  R           -6.26390e+01   constant   
   6  alpha_CBO   -2.03578e-03   6.20919e-04   2.51485e-06  -9.96765e-02
   7  w_CBO        2.32500e+00   constant   
   8  beta_CBO    -2.42401e-03   6.50327e-04   2.60477e-06  -2.86563e-01
   9  alpha_2CBO  -1.38913e-03   6.22060e-04   2.56360e-06  -1.31746e-02
  10  beta_2CBO   -6.54030e-04     fixed    
  11  alpha_y      0.00000e+00     fixed    
  12  w_y          1.38860e+01   constant   
  13  beta_y      -1.51646e-03     fixed    
  14  alpha_vw     0.00000e+00     fixed    
  15  w_vw         1.43404e+01   constant   
  16  beta_vw      0.00000e+00     fixed    
  17  LM           3.79801e-04   constant   
  18  zeta_y       0.00000e+00   constant   
  19  zeta_vw      0.00000e+00   constant   
  20  T_CBO        4.80267e+02   5.21777e+02   2.50828e-03  -2.31584e-05
  21  alpha_A0     3.95392e-03   1.66725e-02   1.95221e-03   3.80517e-05
  22  beta_A0     -2.47866e-03   1.37219e-02   1.91213e-03   2.49518e-05
  23  alpha_phi   -3.70404e-03   1.03060e-02   1.93477e-03  -1.08004e-04
  24  beta_phi    -9.95496e-03   1.00404e-02   2.13300e-02  -1.44126e-03
 EXTERNAL ERROR MATRIX.    NDIM=  25    NPAR= 11    ERR DEF=1
  1.740e+06 
  1.398e-01  4.320e-07 
  3.024e-01 -5.095e-08  2.754e-06 
  5.084e-02  9.208e-08  1.913e-08  3.855e-07 
 -8.586e-02 -6.040e-08  1.704e-07 -8.250e-09  4.229e-07 
 -4.636e-02 -2.626e-08  4.642e-08  8.675e-09  3.098e-08  3.870e-07 
 -1.906e+06 -1.217e+00  1.160e-01 -2.537e-01  6.771e-01  2.617e-01  2.221e+07 
  8.501e+00  5.627e-06 -9.910e-07  1.584e-06 -3.090e-06 -1.149e-06 -9.867e+01  4.573e-04 
 -4.430e+00 -3.444e-06  9.744e-07 -7.683e-07  2.240e-06  4.350e-07  6.243e+01 -2.783e-04  1.959e-04 
 -7.414e+00 -5.780e-06  1.148e-06 -1.091e-06  3.026e-06  1.545e-06  9.914e+01 -4.423e-04  2.797e-04  4.627e-04 
 -2.909e+01 -1.905e-05  2.029e-06 -4.057e-06  1.059e-05  4.119e-06  3.372e+02 -1.498e-03  9.488e-04  1.509e-03  5.144e-03 
ERR MATRIX NOT POS-DEF
 PARAMETER  CORRELATION COEFFICIENTS  
       NO.  GLOBAL      1      3      4      6      8      9     20     21     22     23     24
        1  0.42044   1.000  0.161  0.138  0.062 -0.100 -0.057 -0.307  0.301 -0.240 -0.261 -0.307
        3  0.48387   0.161  1.000 -0.047  0.226 -0.141 -0.064 -0.393  0.400 -0.374 -0.409 -0.404
        4  0.24628   0.138 -0.047  1.000  0.019  0.158  0.045  0.015 -0.028  0.042  0.032  0.017
        6  0.28451   0.062  0.226  0.019  1.000 -0.020  0.022 -0.087  0.119 -0.088 -0.082 -0.091
        8  0.31812  -0.100 -0.141  0.158 -0.020  1.000  0.077  0.221 -0.222  0.246  0.216  0.227
        9  0.22015  -0.057 -0.064  0.045  0.022  0.077  1.000  0.089 -0.086  0.050  0.115  0.092
       20  0.99802  -0.307 -0.393  0.015 -0.087  0.221  0.089  1.000 -0.979  0.946  0.978  0.998
       21  0.98011   0.301  0.400 -0.028  0.119 -0.222 -0.086 -0.979  1.000 -0.930 -0.962 -0.977
       22  0.94968  -0.240 -0.374  0.042 -0.088  0.246  0.050  0.946 -0.930  1.000  0.929  0.945
       23  0.98026  -0.261 -0.409  0.032 -0.082  0.216  0.115  0.978 -0.962  0.929  1.000  0.978
       24  0.99775  -0.307 -0.404  0.017 -0.091  0.227  0.092  0.998 -0.977  0.945  0.978  1.000
 ERR MATRIX NOT POS-DEF
MINUIT - FIT ONLY 1-y
 **********
 **   51 **RES 
 **********
                   PARAMETER   16  beta_vw RESTORED TO VARIABLE.
                   PARAMETER   14  alpha_vw RESTORED TO VARIABLE.
                   PARAMETER   13  beta_y RESTORED TO VARIABLE.
                   PARAMETER   11  alpha_y RESTORED TO VARIABLE.
                   PARAMETER   10  beta_2CBO RESTORED TO VARIABLE.
 **********
 **   52 **FIX            0
 **********
 PARAMETER    0  IS UNDEFINED. IGNORED.
 **********
 **   53 **FIX            1
 **********
 **********
 **   54 **FIX            2
 **********
 PARAMETER    2  IS CONSTANT.   IGNORED.
 **********
 **   55 **FIX            3
 **********
 **********
 **   56 **FIX            4
 **********
 **********
 **   57 **FIX            5
 **********
 PARAMETER    5  IS CONSTANT.   IGNORED.
 **********
 **   58 **FIX            6
 **********
 **********
 **   59 **FIX            7
 **********
 PARAMETER    7  IS CONSTANT.   IGNORED.
 **********
 **   60 **FIX            8
 **********
 **********
 **   61 **FIX            9
 **********
 **********
 **   62 **FIX           13
 **********
 **********
 **   63 **FIX           14
 **********
 **********
 **   64 **FIX           15
 **********
 PARAMETER   15  IS CONSTANT.   IGNORED.
 **********
 **   65 **FIX           16
 **********
 **********
 **   66 **MIGRAD
 **********
 START MIGRAD MINIMIZATION.  STRATEGY  1.  CONVERGENCE WHEN EDM .LT. 1.00e-04
 FCN=62.6095 FROM MIGRAD    STATUS=INITIATE       16 CALLS        1747 TOTAL
                     EDM= unknown      STRATEGY= 1      NO ERROR MATRIX       
  EXT PARAMETER               CURRENT GUESS       STEP         FIRST   
  NO.   NAME      VALUE            ERROR          SIZE      DERIVATIVE 
   1  N0           2.79425e+06     fixed    
   2  tau          6.44140e+01   constant   
   3  A0           3.57903e-01     fixed    
   4  phi          4.11446e+00     fixed    
   5  R           -6.26390e+01   constant   
   6  alpha_CBO   -2.03578e-03     fixed    
   7  w_CBO        2.32500e+00   constant   
   8  beta_CBO    -2.42401e-03     fixed    
   9  alpha_2CBO  -1.38913e-03     fixed    
  10  beta_2CBO   -6.54030e-04   6.76097e-04   6.76097e-04  -5.66549e+01
  11  alpha_y      0.00000e+00   1.00000e-03   1.00000e-03  -9.62489e+02
  12  w_y          1.38860e+01   constant   
  13  beta_y      -1.51646e-03     fixed    
  14  alpha_vw     0.00000e+00     fixed    
  15  w_vw         1.43404e+01   constant   
  16  beta_vw      0.00000e+00     fixed    
  17  LM           3.79801e-04   constant   
  18  zeta_y       0.00000e+00   constant   
  19  zeta_vw      0.00000e+00   constant   
  20  T_CBO        4.80267e+02   5.21777e+02   2.50828e-03  -2.64165e-05
  21  alpha_A0     3.95392e-03   1.66725e-02   1.95221e-03   3.67680e-05
  22  beta_A0     -2.47866e-03   1.37219e-02   1.91213e-03   2.55220e-05
  23  alpha_phi   -3.70404e-03   1.03060e-02   1.93477e-03  -1.07053e-04
  24  beta_phi    -9.95496e-03   1.00404e-02   2.13300e-02  -1.41086e-03
 MIGRAD MINIMIZATION HAS CONVERGED.
 MIGRAD WILL VERIFY CONVERGENCE AND ERROR MATRIX.
 COVARIANCE MATRIX CALCULATED SUCCESSFULLY
 FCN=62.5036 FROM MIGRAD    STATUS=CONVERGED     615 CALLS        2346 TOTAL
                     EDM=2.23887e-05    STRATEGY= 1      ERROR MATRIX ACCURATE 
  EXT PARAMETER                                   STEP         FIRST   
  NO.   NAME      VALUE            ERROR          SIZE      DERIVATIVE 
   1  N0           2.79425e+06     fixed    
   2  tau          6.44140e+01   constant   
   3  A0           3.57903e-01     fixed    
   4  phi          4.11446e+00     fixed    
   5  R           -6.26390e+01   constant   
   6  alpha_CBO   -2.03578e-03     fixed    
   7  w_CBO        2.32500e+00   constant   
   8  beta_CBO    -2.42401e-03     fixed    
   9  alpha_2CBO  -1.38913e-03     fixed    
  10  beta_2CBO   -6.39987e-04   6.70736e-04   2.55155e-06   9.46857e-01
  11  alpha_y      2.08903e-04   6.59268e-04   2.56405e-06  -1.47696e-01
  12  w_y          1.38860e+01   constant   
  13  beta_y      -1.51646e-03     fixed    
  14  alpha_vw     0.00000e+00     fixed    
  15  w_vw         1.43404e+01   constant   
  16  beta_vw      0.00000e+00     fixed    
  17  LM           3.79801e-04   constant   
  18  zeta_y       0.00000e+00   constant   
  19  zeta_vw      0.00000e+00   constant   
  20  T_CBO        9.98839e+02   7.45756e+02   5.58697e-02  -2.61668e-04
  21  alpha_A0     2.83033e-03   3.30187e-03   1.34270e-03  -2.42762e-03
  22  beta_A0     -1.78743e-03   3.35907e-03   1.35131e-03   6.09069e-03
  23  alpha_phi   -2.64742e-03   3.30863e-03   1.33773e-03  -3.51411e-03
  24  beta_phi    -7.14468e-03   3.43251e-03   1.89594e-03   9.33494e-03
 EXTERNAL ERROR MATRIX.    NDIM=  25    NPAR=  7    ERR DEF=1
  4.499e-07  1.064e-09 -9.536e-05  2.666e-07  8.761e-08 -6.574e-08  3.934e-07 
  1.064e-09  4.346e-07 -3.336e-05 -5.679e-09 -3.427e-08  2.109e-08 -5.208e-08 
 -9.536e-05 -3.336e-05  4.798e+05 -2.503e-01  1.544e-01  2.300e-01  6.181e-01 
  2.666e-07 -5.679e-09 -2.503e-01  1.136e-05 -5.244e-07 -1.397e-06  1.503e-08 
  8.761e-08 -3.427e-08  1.544e-01 -5.244e-07  1.175e-05  4.505e-07  6.892e-07 
 -6.574e-08  2.109e-08  2.300e-01 -1.397e-06  4.505e-07  1.141e-05  1.710e-06 
  3.934e-07 -5.208e-08  6.181e-01  1.503e-08  6.892e-07  1.710e-06  1.287e-05 
 PARAMETER  CORRELATION COEFFICIENTS  
       NO.  GLOBAL     10     11     20     21     22     23     24
       10  0.21025   1.000  0.002 -0.000  0.118  0.038 -0.029  0.163
       11  0.03069   0.002  1.000 -0.000 -0.003 -0.015  0.009 -0.022
       20  0.28087  -0.000 -0.000  1.000 -0.107  0.065  0.098  0.249
       21  0.19875   0.118 -0.003 -0.107  1.000 -0.045 -0.123  0.001
       22  0.09835   0.038 -0.015  0.065 -0.045  1.000  0.039  0.056
       23  0.19958  -0.029  0.009  0.098 -0.123  0.039  1.000  0.141
       24  0.32477   0.163 -0.022  0.249  0.001  0.056  0.141  1.000
MINUIT - FIT ONLY 2-y
 **********
 **   67 **RES 
 **********
                   PARAMETER   16  beta_vw RESTORED TO VARIABLE.
                   PARAMETER   14  alpha_vw RESTORED TO VARIABLE.
                   PARAMETER   13  beta_y RESTORED TO VARIABLE.
                   PARAMETER    9  alpha_2CBO RESTORED TO VARIABLE.
                   PARAMETER    8  beta_CBO RESTORED TO VARIABLE.
                   PARAMETER    6  alpha_CBO RESTORED TO VARIABLE.
                   PARAMETER    4  phi RESTORED TO VARIABLE.
                   PARAMETER    3  A0 RESTORED TO VARIABLE.
                   PARAMETER    1  N0 RESTORED TO VARIABLE.
 **********
 **   68 **FIX            0
 **********
 PARAMETER    0  IS UNDEFINED. IGNORED.
 **********
 **   69 **FIX            1
 **********
 **********
 **   70 **FIX            2
 **********
 PARAMETER    2  IS CONSTANT.   IGNORED.
 **********
 **   71 **FIX            3
 **********
 **********
 **   72 **FIX            4
 **********
 **********
 **   73 **FIX            5
 **********
 PARAMETER    5  IS CONSTANT.   IGNORED.
 **********
 **   74 **FIX            6
 **********
 **********
 **   75 **FIX            7
 **********
 PARAMETER    7  IS CONSTANT.   IGNORED.
 **********
 **   76 **FIX            8
 **********
 **********
 **   77 **FIX            9
 **********
 **********
 **   78 **FIX           10
 **********
 **********
 **   79 **FIX           11
 **********
 **********
 **   80 **FIX           12
 **********
 PARAMETER   12  IS CONSTANT.   IGNORED.
 **********
 **   81 **FIX           16
 **********
 **********
 **   82 **MIGRAD
 **********
 START MIGRAD MINIMIZATION.  STRATEGY  1.  CONVERGENCE WHEN EDM .LT. 1.00e-04
 FCN=62.5036 FROM MIGRAD    STATUS=INITIATE       16 CALLS        2362 TOTAL
                     EDM= unknown      STRATEGY= 1      NO ERROR MATRIX       
  EXT PARAMETER               CURRENT GUESS       STEP         FIRST   
  NO.   NAME      VALUE            ERROR          SIZE      DERIVATIVE 
   1  N0           2.79425e+06     fixed    
   2  tau          6.44140e+01   constant   
   3  A0           3.57903e-01     fixed    
   4  phi          4.11446e+00     fixed    
   5  R           -6.26390e+01   constant   
   6  alpha_CBO   -2.03578e-03     fixed    
   7  w_CBO        2.32500e+00   constant   
   8  beta_CBO    -2.42401e-03     fixed    
   9  alpha_2CBO  -1.38913e-03     fixed    
  10  beta_2CBO   -6.39987e-04     fixed    
  11  alpha_y      2.08903e-04     fixed    
  12  w_y          1.38860e+01   constant   
  13  beta_y      -1.51646e-03   6.57801e-04   6.57801e-04   1.21971e+02
  14  alpha_vw     0.00000e+00   1.00000e-03   1.00000e-03  -4.88532e+03
  15  w_vw         1.43404e+01   constant   
  16  beta_vw      0.00000e+00     fixed    
  17  LM           3.79801e-04   constant   
  18  zeta_y       0.00000e+00   constant   
  19  zeta_vw      0.00000e+00   constant   
  20  T_CBO        9.98839e+02   7.45756e+02   5.58697e-02  -2.66053e-04
  21  alpha_A0     2.83033e-03   3.30187e-03   1.34270e-03  -2.43184e-03
  22  beta_A0     -1.78743e-03   3.35907e-03   1.35131e-03   6.09341e-03
  23  alpha_phi   -2.64742e-03   3.30863e-03   1.33773e-03  -3.51011e-03
  24  beta_phi    -7.14468e-03   3.43251e-03   1.89594e-03   9.34975e-03
 MIGRAD MINIMIZATION HAS CONVERGED.
 MIGRAD WILL VERIFY CONVERGENCE AND ERROR MATRIX.
 COVARIANCE MATRIX CALCULATED SUCCESSFULLY
 FCN=59.7364 FROM MIGRAD    STATUS=CONVERGED     117 CALLS        2463 TOTAL
                     EDM=7.56017e-06    STRATEGY= 1      ERROR MATRIX ACCURATE 
  EXT PARAMETER                                   STEP         FIRST   
  NO.   NAME      VALUE            ERROR          SIZE      DERIVATIVE 
   1  N0           2.79425e+06     fixed    
   2  tau          6.44140e+01   constant   
   3  A0           3.57903e-01     fixed    
   4  phi          4.11446e+00     fixed    
   5  R           -6.26390e+01   constant   
   6  alpha_CBO   -2.03578e-03     fixed    
   7  w_CBO        2.32500e+00   constant   
   8  beta_CBO    -2.42401e-03     fixed    
   9  alpha_2CBO  -1.38913e-03     fixed    
  10  beta_2CBO   -6.39987e-04     fixed    
  11  alpha_y      2.08903e-04     fixed    
  12  w_y          1.38860e+01   constant   
  13  beta_y      -1.21635e-03   6.84219e-04   2.49348e-06  -1.47978e-01
  14  alpha_vw     1.14058e-03   6.85723e-04   2.49961e-06   9.99399e-01
