 + ++++++++++++++++++++++++++++++++++++++++++++++++++++++++++++++++++++ +
 +                                                                      +
 +           You have chose to blind your fitting according to          +
 +                omega_ref * (1 + (R +/- deltaR) *10^{-6})             +
 +                                                                      +
 + ++++++++++++++++++++++++++++++++++++++++++++++++++++++++++++++++++++ +
In main()...
reading format from /gm2data/zkhechad/run45/envelope/formats/formatB_sBin_constraintOn.txt
pBinTau 	= 0  
pBinPhi 	= 0  
constraintau 	= 1 
includeMopTerm 	= 0    
constrainMop    = 0   
Parameters after format file: pBinTau 0 pBinPhi 0 constraintau 1 includeMopTerm 0 constrainMop 0 c_e_scale 0.000000 
Opening file /gm2data/tbarrett/gm2fr/studies/run23_bunch_corrections/CorrectedFourier_Run3b.root.
reading full fit data from /gm2data/zkhechad/cboTemplates/Run4CBOTemplates/templateFits0_v2.0/noRF/sBin_constraintOn_cE0.0_seed0_noRF_calo21.root
windowBins = 17
fitting sliding window 108 from bin 244 at 36.255600 to bin 261 at 38.941200 (17 bins)

Reading data from /gm2data/cornell/histograms/aMethod/histogram_a_noRF.root
 **********
 **    1 **SET PRINTOUT            1
 **********
 **********
 **    2 **SET NOWARNINGS 
 **********
 PARAMETER DEFINITIONS:
    NO.   NAME         VALUE      STEP SIZE      LIMITS
     1 N0           2.83546e+06  1.00000e+02     no limits
     2 tau          6.43976e+01  constant
     3 A0           3.54104e-01  1.00000e-04     no limits
     4 phi          4.11635e+00  1.00000e-02     no limits
     5 R           -5.94693e+01  constant
     6 alpha_CBO    0.00000e+00  1.00000e-03     no limits
     7 w_CBO        2.32500e+00  constant
     8 beta_CBO     0.00000e+00  1.00000e-03     no limits
     9 alpha_2CBO   0.00000e+00  1.00000e-03     no limits
    10 beta_2CBO    0.00000e+00  1.00000e-03     no limits
    11 alpha_y      0.00000e+00  1.00000e-03     no limits
    12 w_y          1.44500e+01  constant
    13 beta_y       0.00000e+00  1.00000e-03     no limits
    14 alpha_vw     0.00000e+00  1.00000e-03     no limits
    15 w_vw         1.29000e+01  constant
    16 beta_vw      0.00000e+00  1.00000e-03     no limits
    17 LM          -2.20020e-04  constant
    18 zeta_y       0.00000e+00  constant
    19 zeta_vw      0.00000e+00  constant
    20 T_CBO        1.00000e+02  1.00000e+00    0.00000e+00  1.00000e+03
    21 alpha_A0     0.00000e+00  1.00000e-03     no limits
    22 beta_A0      0.00000e+00  1.00000e-03     no limits
    23 alpha_phi    0.00000e+00  1.00000e-03     no limits
    24 beta_phi     0.00000e+00  1.00000e-03     no limits
MINUIT - FIT ONLY WIGGLE
 **********
 **    3 **FIX            5
 **********
 PARAMETER    5  IS CONSTANT.   IGNORED.
 **********
 **    4 **FIX            6
 **********
 **********
 **    5 **FIX            7
 **********
 PARAMETER    7  IS CONSTANT.   IGNORED.
 **********
 **    6 **FIX            8
 **********
 **********
 **    7 **FIX            9
 **********
 **********
 **    8 **FIX           10
 **********
 **********
 **    9 **FIX           11
 **********
 **********
 **   10 **FIX           12
 **********
 PARAMETER   12  IS CONSTANT.   IGNORED.
 **********
 **   11 **FIX           13
 **********
 **********
 **   12 **FIX           14
 **********
 **********
 **   13 **FIX           15
 **********
 PARAMETER   15  IS CONSTANT.   IGNORED.
 **********
 **   14 **FIX           16
 **********
 **********
 **   15 **MIGRAD
 **********
 FIRST CALL TO USER FUNCTION AT NEW START POINT, WITH IFLAG=4.
 START MIGRAD MINIMIZATION.  STRATEGY  1.  CONVERGENCE WHEN EDM .LT. 1.00e-04
 FCN=5196.15 FROM MIGRAD    STATUS=INITIATE      429 CALLS         430 TOTAL
                     EDM= unknown      STRATEGY= 1      NO ERROR MATRIX       
  EXT PARAMETER               CURRENT GUESS       STEP         FIRST   
  NO.   NAME      VALUE            ERROR          SIZE      DERIVATIVE 
   1  N0           2.83546e+06   1.00000e+02   0.00000e+00   1.27427e-01
   2  tau          6.43976e+01   constant   
   3  A0           3.54104e-01   1.00000e-04   0.00000e+00   5.30845e+05
   4  phi          4.11635e+00   1.00000e-02   0.00000e+00   3.57105e+04
   5  R           -5.94693e+01   constant   
   6  alpha_CBO    0.00000e+00     fixed    
   7  w_CBO        2.32500e+00   constant   
   8  beta_CBO     0.00000e+00     fixed    
   9  alpha_2CBO   0.00000e+00     fixed    
  10  beta_2CBO    0.00000e+00     fixed    
  11  alpha_y      0.00000e+00     fixed    
  12  w_y          1.44500e+01   constant   
  13  beta_y       0.00000e+00     fixed    
  14  alpha_vw     0.00000e+00     fixed    
  15  w_vw         1.29000e+01   constant   
  16  beta_vw      0.00000e+00     fixed    
  17  LM          -2.20020e-04   constant   
  18  zeta_y       0.00000e+00   constant   
  19  zeta_vw      0.00000e+00   constant   
  20  T_CBO        1.00000e+02   1.00000e+00   0.00000e+00   0.00000e+00
  21  alpha_A0     0.00000e+00   1.00000e-03   0.00000e+00  -5.31212e+04
  22  beta_A0      0.00000e+00   1.00000e-03   0.00000e+00   5.40288e+03
  23  alpha_phi    0.00000e+00   1.00000e-03   0.00000e+00   8.00844e+04
  24  beta_phi     0.00000e+00   1.00000e-03   0.00000e+00  -3.00946e+04
 CALL LIMIT EXCEEDED IN MIGRAD.
 MIGRAD TERMINATED WITHOUT CONVERGENCE.
 FCN=733.451 FROM MIGRAD    STATUS=CALL LIMIT   1326 CALLS        1327 TOTAL
                     EDM=0.0103625    STRATEGY= 1  ERROR MATRIX UNCERTAINTY  12.1 per cent
  EXT PARAMETER                APPROXIMATE        STEP         FIRST   
  NO.   NAME      VALUE            ERROR          SIZE      DERIVATIVE 
   1  N0           2.83396e+06   4.71334e+03   2.60201e+02   6.47273e-05
   2  tau          6.43976e+01   constant   
   3  A0           3.66760e-01   3.37691e-03   3.00963e-04   1.59830e+01
   4  phi          4.26778e+00   7.76822e-03   6.16740e-04  -2.04652e+02
   5  R           -5.94693e+01   constant   
   6  alpha_CBO    0.00000e+00     fixed    
   7  w_CBO        2.32500e+00   constant   
   8  beta_CBO     0.00000e+00     fixed    
   9  alpha_2CBO   0.00000e+00     fixed    
  10  beta_2CBO    0.00000e+00     fixed    
  11  alpha_y      0.00000e+00     fixed    
  12  w_y          1.44500e+01   constant   
  13  beta_y       0.00000e+00     fixed    
  14  alpha_vw     0.00000e+00     fixed    
  15  w_vw         1.29000e+01   constant   
  16  beta_vw      0.00000e+00     fixed    
  17  LM          -2.20020e-04   constant   
  18  zeta_y       0.00000e+00   constant   
  19  zeta_vw      0.00000e+00   constant   
  20  T_CBO        3.71491e+02   4.56488e+01  -4.59416e-03  -3.45681e+00
  21  alpha_A0     2.10940e-01   1.18166e-02   8.09123e-04   4.81979e+01
  22  beta_A0     -7.74775e-03   1.11495e-02  -7.34873e-04   4.28076e+01
  23  alpha_phi   -4.33965e-02   1.25509e-02  -7.44236e-04  -1.28006e+00
  24  beta_phi    -2.20637e-01   1.38210e-02  -1.06607e-03  -7.46878e+01
 EXTERNAL ERROR MATRIX.    NDIM=  25    NPAR=  8    ERR DEF=1
  2.222e+07  9.697e+00  2.889e-01 -1.926e+05 -7.724e+00 -5.082e+01 -5.748e+01  1.435e-01 
  9.697e+00  1.140e-05  1.970e-05 -4.960e-02  2.683e-05 -2.914e-05 -3.178e-05 -3.495e-05 
  2.889e-01  1.970e-05  6.035e-05  1.124e-01  9.044e-05 -1.714e-05 -1.534e-05 -1.071e-04 
 -1.926e+05 -4.960e-02  1.124e-01  2.090e+03  2.405e-01  4.151e-01  4.767e-01 -2.101e-01 
 -7.724e+00  2.683e-05  9.044e-05  2.405e-01  1.396e-04 -8.719e-06 -3.842e-06 -1.610e-04 
 -5.082e+01 -2.914e-05 -1.714e-05  4.151e-01 -8.719e-06  1.243e-04  1.392e-04  2.953e-05 
 -5.748e+01 -3.178e-05 -1.534e-05  4.767e-01 -3.842e-06  1.392e-04  1.575e-04  2.608e-05 
  1.435e-01 -3.495e-05 -1.071e-04 -2.101e-01 -1.610e-04  2.953e-05  2.608e-05  1.910e-04 
ERR MATRIX APPROXIMATE
 PARAMETER  CORRELATION COEFFICIENTS  
       NO.  GLOBAL      1      3      4     20     21     22     23     24
        1  0.99833   1.000  0.609  0.008 -0.894 -0.139 -0.967 -0.972  0.002
        3  0.99888   0.609  1.000  0.751 -0.321  0.672 -0.774 -0.750 -0.749
        4  0.99970   0.008  0.751  1.000  0.317  0.985 -0.198 -0.157 -0.998
       20  0.98457  -0.894 -0.321  0.317  1.000  0.445  0.814  0.831 -0.333
       21  0.99962  -0.139  0.672  0.985  0.445  1.000 -0.066 -0.026 -0.986
       22  0.99849  -0.967 -0.774 -0.198  0.814 -0.066  1.000  0.995  0.192
       23  0.99825  -0.972 -0.750 -0.157  0.831 -0.026  0.995  1.000  0.150
       24  0.99900   0.002 -0.749 -0.998 -0.333 -0.986  0.192  0.150  1.000
 ERR MATRIX APPROXIMATE
MINUIT - FIT ONLY 1-CBO + wiggle
 **********
 **   16 **RES 
 **********
                   PARAMETER   16  beta_vw RESTORED TO VARIABLE.
                   PARAMETER   14  alpha_vw RESTORED TO VARIABLE.
                   PARAMETER   13  beta_y RESTORED TO VARIABLE.
                   PARAMETER   11  alpha_y RESTORED TO VARIABLE.
                   PARAMETER   10  beta_2CBO RESTORED TO VARIABLE.
                   PARAMETER    9  alpha_2CBO RESTORED TO VARIABLE.
                   PARAMETER    8  beta_CBO RESTORED TO VARIABLE.
                   PARAMETER    6  alpha_CBO RESTORED TO VARIABLE.
 **********
 **   17 **FIX            8
 **********
 **********
 **   18 **FIX            9
 **********
 **********
 **   19 **FIX           11
 **********
 **********
 **   20 **FIX           12
 **********
 PARAMETER   12  IS CONSTANT.   IGNORED.
 **********
 **   21 **FIX           14
 **********
 **********
 **   22 **FIX           15
 **********
 PARAMETER   15  IS CONSTANT.   IGNORED.
 **********
 **   23 **FIX           16
 **********
 **********
 **   24 **MIGRAD
 **********
 START MIGRAD MINIMIZATION.  STRATEGY  1.  CONVERGENCE WHEN EDM .LT. 1.00e-04
 FCN=733.451 FROM MIGRAD    STATUS=INITIATE       28 CALLS        1355 TOTAL
                     EDM= unknown      STRATEGY= 1      NO ERROR MATRIX       
  EXT PARAMETER               CURRENT GUESS       STEP         FIRST   
  NO.   NAME      VALUE            ERROR          SIZE      DERIVATIVE 
   1  N0           2.83396e+06   4.71334e+03   2.60201e+02   6.47273e-05
   2  tau          6.43976e+01   constant   
   3  A0           3.66760e-01   3.37691e-03   3.00963e-04   1.59830e+01
   4  phi          4.26778e+00   7.76822e-03   6.16740e-04  -2.04652e+02
   5  R           -5.94693e+01   constant   
   6  alpha_CBO    0.00000e+00   1.00000e-03   1.00000e-03  -1.57687e+03
   7  w_CBO        2.32500e+00   constant   
   8  beta_CBO     0.00000e+00     fixed    
   9  alpha_2CBO   0.00000e+00     fixed    
  10  beta_2CBO    0.00000e+00   1.00000e-03   1.00000e-03  -7.05481e+02
  11  alpha_y      0.00000e+00     fixed    
  12  w_y          1.44500e+01   constant   
  13  beta_y       0.00000e+00   1.00000e-03   1.00000e-03   4.88953e+04
  14  alpha_vw     0.00000e+00     fixed    
  15  w_vw         1.29000e+01   constant   
  16  beta_vw      0.00000e+00     fixed    
  17  LM          -2.20020e-04   constant   
  18  zeta_y       0.00000e+00   constant   
  19  zeta_vw      0.00000e+00   constant   
  20  T_CBO        3.71491e+02   4.56488e+01  -4.59416e-03   3.45681e+00
  21  alpha_A0     2.10940e-01   1.18166e-02   8.09123e-04   4.81980e+01
  22  beta_A0     -7.74775e-03   1.11495e-02  -7.34873e-04   4.28076e+01
  23  alpha_phi   -4.33965e-02   1.25509e-02  -7.44236e-04  -1.28006e+00
  24  beta_phi    -2.20637e-01   1.38210e-02  -1.06607e-03  -7.46878e+01
 CALL LIMIT EXCEEDED IN MIGRAD.
 MIGRAD TERMINATED WITHOUT CONVERGENCE.
 FCN=692.74 FROM MIGRAD    STATUS=CALL LIMIT   1905 CALLS        3232 TOTAL
                     EDM=0.00175871    STRATEGY= 1  ERROR MATRIX UNCERTAINTY   4.5 per cent
  EXT PARAMETER                APPROXIMATE        STEP         FIRST   
  NO.   NAME      VALUE            ERROR          SIZE      DERIVATIVE 
   1  N0           2.77627e+06   1.32394e+04  -3.81719e+02  -1.16473e-04
   2  tau          6.43976e+01   constant   
   3  A0           4.17446e-01   1.27932e-02   3.54320e-04  -1.13163e+01
   4  phi          4.42242e+00   7.63570e-03   2.52738e-04   1.21532e+02
   5  R           -5.94693e+01   constant   
   6  alpha_CBO    1.82886e-02   4.69849e-03  -8.33080e-05   2.03052e+02
   7  w_CBO        2.32500e+00   constant   
   8  beta_CBO     0.00000e+00     fixed    
   9  alpha_2CBO   0.00000e+00     fixed    
  10  beta_2CBO   -1.56939e-02   1.92485e-03  -6.11613e-05  -1.58886e+02
  11  alpha_y      0.00000e+00     fixed    
  12  w_y          1.44500e+01   constant   
  13  beta_y      -4.51233e-04   1.56576e-04  -2.36817e-06   2.69580e+01
  14  alpha_vw     0.00000e+00     fixed    
  15  w_vw         1.29000e+01   constant   
  16  beta_vw      0.00000e+00     fixed    
  17  LM          -2.20020e-04   constant   
  18  zeta_y       0.00000e+00   constant   
  19  zeta_vw      0.00000e+00   constant   
  20  T_CBO        3.74435e+02   4.93716e+01   3.10380e-03   6.51657e+00
  21  alpha_A0     4.92867e-01   2.11349e-02   6.51160e-04  -9.42752e+01
  22  beta_A0      7.84096e-02   3.77714e-03   1.67004e-04  -1.50338e+01
  23  alpha_phi    5.96023e-02   1.86124e-02   6.16604e-04  -2.64265e+01
  24  beta_phi    -4.06132e-01   1.51296e-02  -4.25325e-04   9.12270e+00
 EXTERNAL ERROR MATRIX.    NDIM=  25    NPAR= 11    ERR DEF=1
  1.753e+08 
 -1.623e+02  1.637e-04 
 -5.884e+01  7.335e-05  5.830e-05 
  5.703e+01 -4.888e-05 -9.864e-06  2.208e-05 
  2.178e+01 -2.322e-05 -1.274e-05  5.408e-06  3.705e-06 
  1.634e-01 -1.673e-07 -5.253e-08  6.238e-08  1.600e-08  2.452e-08 
 -4.154e+05  5.080e-01  3.698e-01 -7.374e-02 -8.776e-02 -3.469e-04  2.446e+03 
 -1.669e+02  2.070e-04  1.574e-04 -2.557e-05 -3.708e-05 -1.258e-07  1.039e+00  4.467e-04 
 -1.964e+01  1.438e-05  1.241e-05 -3.671e-06 -2.762e-06  1.247e-08  6.632e-02  3.064e-05  1.427e-05 
 -2.409e+02  2.203e-04  8.747e-05 -7.827e-05 -2.946e-05 -2.086e-07  5.804e-01  2.332e-04  3.701e-05  3.464e-04 
  1.060e+02 -1.407e-04 -1.140e-04  1.599e-05  2.461e-05  1.152e-07 -7.325e-01 -3.108e-04 -1.673e-05 -1.527e-04  2.289e-04 
ERR MATRIX APPROXIMATE
 PARAMETER  CORRELATION COEFFICIENTS  
       NO.  GLOBAL      1      3      4      6     10     13     20     21     22     23     24
        1  0.99981   1.000 -0.958 -0.582  0.917  0.855  0.079 -0.634 -0.596 -0.393 -0.978  0.529
        3  0.99991  -0.958  1.000  0.751 -0.813 -0.943 -0.083  0.803  0.766  0.298  0.925 -0.727
        4  0.99972  -0.582  0.751  1.000 -0.275 -0.867 -0.044  0.979  0.975  0.430  0.615 -0.987
        6  0.99987   0.917 -0.813 -0.275  1.000  0.598  0.085 -0.317 -0.257 -0.207 -0.895  0.225
       10  0.99760   0.855 -0.943 -0.867  0.598  1.000  0.053 -0.922 -0.911 -0.380 -0.822  0.845
       13  0.18305   0.079 -0.083 -0.044  0.085  0.053  1.000 -0.045 -0.038  0.021 -0.072  0.049
       20  0.99856  -0.634  0.803  0.979 -0.317 -0.922 -0.045  1.000  0.994  0.355  0.630 -0.979
       21  0.99991  -0.596  0.766  0.975 -0.257 -0.911 -0.038  0.994  1.000  0.384  0.593 -0.972
       22  0.99183  -0.393  0.298  0.430 -0.207 -0.380  0.021  0.355  0.384  1.000  0.526 -0.293
       23  0.99922  -0.978  0.925  0.615 -0.895 -0.822 -0.072  0.630  0.593  0.526  1.000 -0.542
       24  0.99923   0.529 -0.727 -0.987  0.225  0.845  0.049 -0.979 -0.972 -0.293 -0.542  1.000
 ERR MATRIX APPROXIMATE
MINUIT - FIT ONLY 2-CBO
 **********
 **   25 **RES 
 **********
                   PARAMETER   16  beta_vw RESTORED TO VARIABLE.
                   PARAMETER   14  alpha_vw RESTORED TO VARIABLE.
                   PARAMETER   11  alpha_y RESTORED TO VARIABLE.
                   PARAMETER    9  alpha_2CBO RESTORED TO VARIABLE.
                   PARAMETER    8  beta_CBO RESTORED TO VARIABLE.
 **********
 **   26 **FIX            0
 **********
 PARAMETER    0  IS UNDEFINED. IGNORED.
 **********
 **   27 **FIX            1
 **********
 **********
 **   28 **FIX            2
 **********
 PARAMETER    2  IS CONSTANT.   IGNORED.
 **********
 **   29 **FIX            3
 **********
 **********
 **   30 **FIX            4
 **********
 **********
 **   31 **FIX            5
 **********
 PARAMETER    5  IS CONSTANT.   IGNORED.
 **********
 **   32 **FIX            6
 **********
 **********
 **   33 **FIX            7
 **********
 PARAMETER    7  IS CONSTANT.   IGNORED.
 **********
 **   34 **FIX           10
 **********
 **********
 **   35 **FIX           11
 **********
 **********
 **   36 **FIX           12
 **********
 PARAMETER   12  IS CONSTANT.   IGNORED.
 **********
 **   37 **FIX           13
 **********
 **********
 **   38 **FIX           14
 **********
 **********
 **   39 **FIX           15
 **********
 PARAMETER   15  IS CONSTANT.   IGNORED.
 **********
 **   40 **FIX           16
 **********
 **********
 **   41 **MIGRAD
 **********
 START MIGRAD MINIMIZATION.  STRATEGY  1.  CONVERGENCE WHEN EDM .LT. 1.00e-04
 FCN=692.74 FROM MIGRAD    STATUS=INITIATE       18 CALLS        3250 TOTAL
                     EDM= unknown      STRATEGY= 1      NO ERROR MATRIX       
  EXT PARAMETER               CURRENT GUESS       STEP         FIRST   
  NO.   NAME      VALUE            ERROR          SIZE      DERIVATIVE 
   1  N0           2.77627e+06     fixed    
   2  tau          6.43976e+01   constant   
   3  A0           4.17446e-01     fixed    
   4  phi          4.42242e+00     fixed    
   5  R           -5.94693e+01   constant   
   6  alpha_CBO    1.82886e-02     fixed    
   7  w_CBO        2.32500e+00   constant   
   8  beta_CBO     0.00000e+00   1.00000e-03   1.00000e-03  -4.49798e+02
   9  alpha_2CBO   0.00000e+00   1.00000e-03   1.00000e-03  -4.73724e+03
  10  beta_2CBO   -1.56939e-02     fixed    
  11  alpha_y      0.00000e+00     fixed    
  12  w_y          1.44500e+01   constant   
  13  beta_y      -4.51233e-04     fixed    
  14  alpha_vw     0.00000e+00     fixed    
  15  w_vw         1.29000e+01   constant   
  16  beta_vw      0.00000e+00     fixed    
  17  LM          -2.20020e-04   constant   
  18  zeta_y       0.00000e+00   constant   
  19  zeta_vw      0.00000e+00   constant   
  20  T_CBO        3.74435e+02   4.93716e+01   3.10380e-03  -6.51656e+00
  21  alpha_A0     4.92867e-01   2.11349e-02   6.51160e-04  -9.42752e+01
  22  beta_A0      7.84096e-02   3.77714e-03   1.67004e-04  -1.50338e+01
  23  alpha_phi    5.96023e-02   1.86124e-02   6.16604e-04  -2.64265e+01
  24  beta_phi    -4.06132e-01   1.51296e-02  -4.25325e-04   9.12270e+00
 MIGRAD MINIMIZATION HAS CONVERGED.
 MIGRAD WILL VERIFY CONVERGENCE AND ERROR MATRIX.
 COVARIANCE MATRIX CALCULATED SUCCESSFULLY
 FCN=692.291 FROM HESSE     STATUS=OK             50 CALLS        3398 TOTAL
                     EDM=0.0420311    STRATEGY= 1      ERROR MATRIX ACCURATE 
  EXT PARAMETER                                   STEP         FIRST   
  NO.   NAME      VALUE            ERROR          SIZE      DERIVATIVE 
   1  N0           2.77627e+06     fixed    
   2  tau          6.43976e+01   constant   
   3  A0           4.17446e-01     fixed    
   4  phi          4.42242e+00     fixed    
   5  R           -5.94693e+01   constant   
   6  alpha_CBO    1.82886e-02     fixed    
   7  w_CBO        2.32500e+00   constant   
   8  beta_CBO     8.19425e-05   6.11130e-04   1.93119e-06   1.79720e+00
   9  alpha_2CBO   1.88170e-04   2.97761e-04   1.90205e-06   1.55261e+00
  10  beta_2CBO   -1.56939e-02     fixed    
  11  alpha_y      0.00000e+00     fixed    
  12  w_y          1.44500e+01   constant   
  13  beta_y      -4.51233e-04     fixed    
  14  alpha_vw     0.00000e+00     fixed    
  15  w_vw         1.29000e+01   constant   
  16  beta_vw      0.00000e+00     fixed    
  17  LM          -2.20020e-04   constant   
  18  zeta_y       0.00000e+00   constant   
  19  zeta_vw      0.00000e+00   constant   
  20  T_CBO        3.73944e+02   2.50220e+02   9.46775e-05  -3.61031e-01
  21  alpha_A0     4.92719e-01   3.41000e-02   6.97473e-06   4.24533e+00
  22  beta_A0      7.89478e-02   4.78750e-03   6.84487e-06   8.54417e-01
  23  alpha_phi    5.89563e-02   3.97001e-03   1.06044e-05   4.48039e-01
  24  beta_phi    -4.06058e-01   2.79551e-02   1.01465e-05  -2.29862e+00
 CALL LIMIT EXCEEDED IN MIGRAD.
 MIGRAD TERMINATED WITHOUT CONVERGENCE.
 FCN=691.96 FROM MIGRAD    STATUS=CALL LIMIT   1154 CALLS        4386 TOTAL
                     EDM=0.000995812    STRATEGY= 1  ERROR MATRIX UNCERTAINTY  27.6 per cent
  EXT PARAMETER                APPROXIMATE        STEP         FIRST   
  NO.   NAME      VALUE            ERROR          SIZE      DERIVATIVE 
   1  N0           2.77627e+06     fixed    
   2  tau          6.43976e+01   constant   
   3  A0           4.17446e-01     fixed    
   4  phi          4.42242e+00     fixed    
   5  R           -5.94693e+01   constant   
   6  alpha_CBO    1.82886e-02     fixed    
   7  w_CBO        2.32500e+00   constant   
   8  beta_CBO     3.34518e-04   5.27065e-04  -4.86919e-08   5.85148e+01
   9  alpha_2CBO   2.51198e-04   2.82865e-04   2.10561e-06  -2.09010e+01
  10  beta_2CBO   -1.56939e-02     fixed    
  11  alpha_y      0.00000e+00     fixed    
  12  w_y          1.44500e+01   constant   
  13  beta_y      -4.51233e-04     fixed    
  14  alpha_vw     0.00000e+00     fixed    
  15  w_vw         1.29000e+01   constant   
  16  beta_vw      0.00000e+00     fixed    
  17  LM          -2.20020e-04   constant   
  18  zeta_y       0.00000e+00   constant   
  19  zeta_vw      0.00000e+00   constant   
  20  T_CBO        8.99328e+02   9.12543e+02   2.23483e-02  -3.01201e-01
  21  alpha_A0     4.65191e-01   1.28273e-02  -1.51268e-04  -2.69199e+01
  22  beta_A0      7.51606e-02   2.00255e-03  -1.76896e-05  -7.93676e+00
  23  alpha_phi    5.59430e-02   2.03022e-03  -2.40507e-05   9.12452e+00
  24  beta_phi    -3.83569e-01   1.09627e-02   1.32236e-04   9.40554e+00
 EXTERNAL ERROR MATRIX.    NDIM=  25    NPAR=  7    ERR DEF=1
  2.778e-07  1.533e-08  4.461e-02 -9.809e-07  1.941e-07 -1.403e-07 -2.662e-07 
  1.533e-08  8.001e-08  4.374e-02 -1.031e-06  5.457e-08 -3.725e-07  9.261e-07 
  4.461e-02  4.374e-02  3.421e+05 -7.495e+00 -9.994e-01 -9.281e-01  6.270e+00 
 -9.809e-07 -1.031e-06 -7.495e+00  1.645e-04  2.171e-05  2.073e-05 -1.375e-04 
  1.941e-07  5.457e-08 -9.994e-01  2.171e-05  4.010e-06  2.077e-06 -1.909e-05 
 -1.403e-07 -3.725e-07 -9.281e-01  2.073e-05  2.077e-06  4.122e-06 -1.759e-05 
 -2.662e-07  9.261e-07  6.270e+00 -1.375e-04 -1.909e-05 -1.759e-05  1.202e-04 
ERR MATRIX APPROXIMATE
 PARAMETER  CORRELATION COEFFICIENTS  
       NO.  GLOBAL      8      9     20     21     22     23     24
        8  0.96092   1.000  0.103  0.145 -0.145  0.184 -0.131 -0.046
        9  0.85442   0.103  1.000  0.264 -0.284  0.096 -0.649  0.299
       20  0.99953   0.145  0.264  1.000 -0.999 -0.853 -0.782  0.978
       21  0.99931  -0.145 -0.284 -0.999  1.000  0.845  0.796 -0.978
       22  0.96489   0.184  0.096 -0.853  0.845  1.000  0.511 -0.870
       23  0.91956  -0.131 -0.649 -0.782  0.796  0.511  1.000 -0.790
       24  0.99781  -0.046  0.299  0.978 -0.978 -0.870 -0.790  1.000
 ERR MATRIX APPROXIMATE
MINUIT - FIT wiggle + 1-CBO + 2-CBO
 **********
 **   42 **RES 
 **********
                   PARAMETER   16  beta_vw RESTORED TO VARIABLE.
                   PARAMETER   14  alpha_vw RESTORED TO VARIABLE.
                   PARAMETER   13  beta_y RESTORED TO VARIABLE.
                   PARAMETER   11  alpha_y RESTORED TO VARIABLE.
                   PARAMETER   10  beta_2CBO RESTORED TO VARIABLE.
                   PARAMETER    6  alpha_CBO RESTORED TO VARIABLE.
                   PARAMETER    4  phi RESTORED TO VARIABLE.
                   PARAMETER    3  A0 RESTORED TO VARIABLE.
                   PARAMETER    1  N0 RESTORED TO VARIABLE.
 **********
 **   43 **FIX           10
 **********
 **********
 **   44 **FIX           11
 **********
 **********
 **   45 **FIX           12
 **********
 PARAMETER   12  IS CONSTANT.   IGNORED.
 **********
 **   46 **FIX           13
 **********
 **********
 **   47 **FIX           14
 **********
 **********
 **   48 **FIX           15
 **********
 PARAMETER   15  IS CONSTANT.   IGNORED.
 **********
 **   49 **FIX           16
 **********
 **********
 **   50 **MIGRAD
 **********
 START MIGRAD MINIMIZATION.  STRATEGY  1.  CONVERGENCE WHEN EDM .LT. 1.00e-04
 FCN=691.96 FROM MIGRAD    STATUS=INITIATE       22 CALLS        4408 TOTAL
                     EDM= unknown      STRATEGY= 1      NO ERROR MATRIX       
  EXT PARAMETER               CURRENT GUESS       STEP         FIRST   
  NO.   NAME      VALUE            ERROR          SIZE      DERIVATIVE 
   1  N0           2.77627e+06   1.32394e+04   1.32394e+04   6.38980e-04
   2  tau          6.43976e+01   constant   
   3  A0           4.17446e-01   1.27932e-02   1.27932e-02   4.33971e+02
   4  phi          4.42242e+00   7.63570e-03   7.63570e-03  -1.25062e+02
   5  R           -5.94693e+01   constant   
   6  alpha_CBO    1.82886e-02   4.69849e-03   4.69849e-03  -6.49649e+02
   7  w_CBO        2.32500e+00   constant   
   8  beta_CBO     3.34518e-04   5.27065e-04  -4.86919e-08   5.85148e+01
   9  alpha_2CBO   2.51198e-04   2.82865e-04   2.10561e-06  -2.09010e+01
  10  beta_2CBO   -1.56939e-02     fixed    
  11  alpha_y      0.00000e+00     fixed    
  12  w_y          1.44500e+01   constant   
  13  beta_y      -4.51233e-04     fixed    
  14  alpha_vw     0.00000e+00     fixed    
  15  w_vw         1.29000e+01   constant   
  16  beta_vw      0.00000e+00     fixed    
  17  LM          -2.20020e-04   constant   
  18  zeta_y       0.00000e+00   constant   
  19  zeta_vw      0.00000e+00   constant   
  20  T_CBO        8.99328e+02   9.12543e+02   2.23483e-02  -3.01229e-01
  21  alpha_A0     4.65191e-01   1.28273e-02  -1.51268e-04  -2.69199e+01
  22  beta_A0      7.51606e-02   2.00255e-03  -1.76896e-05  -7.93675e+00
  23  alpha_phi    5.59430e-02   2.03022e-03  -2.40507e-05   9.12453e+00
  24  beta_phi    -3.83569e-01   1.09627e-02   1.32236e-04   9.40554e+00
 CALL LIMIT EXCEEDED IN MIGRAD.
 MIGRAD TERMINATED WITHOUT CONVERGENCE.
 FCN=577.786 FROM MIGRAD    STATUS=CALL LIMIT   1920 CALLS        6306 TOTAL
                     EDM=0.0305605    STRATEGY= 1  ERROR MATRIX UNCERTAINTY  16.0 per cent
  EXT PARAMETER                APPROXIMATE        STEP         FIRST   
  NO.   NAME      VALUE            ERROR          SIZE      DERIVATIVE 
   1  N0           2.66252e+06   2.07952e+04  -3.07590e+03  -4.16908e-04
   2  tau          6.43976e+01   constant   
   3  A0           4.13122e-01   9.74280e-03   1.51127e-03  -5.54488e+02
   4  phi          4.35222e+00   1.78106e-02  -2.43923e-03   3.91398e+02
   5  R           -5.94693e+01   constant   
   6  alpha_CBO    7.21712e-02   6.11162e-03  -7.91889e-04   4.38959e+02
   7  w_CBO        2.32500e+00   constant   
   8  beta_CBO     9.63343e-02   9.73511e-03   1.11423e-03   6.96742e+02
   9  alpha_2CBO   9.55653e-03   1.19898e-03  -1.64896e-04  -2.62492e+02
  10  beta_2CBO   -1.56939e-02     fixed    
  11  alpha_y      0.00000e+00     fixed    
  12  w_y          1.44500e+01   constant   
  13  beta_y      -4.51233e-04     fixed    
  14  alpha_vw     0.00000e+00     fixed    
  15  w_vw         1.29000e+01   constant   
  16  beta_vw      0.00000e+00     fixed    
  17  LM          -2.20020e-04   constant   
  18  zeta_y       0.00000e+00   constant   
  19  zeta_vw      0.00000e+00   constant   
  20  T_CBO        3.98574e+02   6.83249e+01  -2.01196e-02  -2.53739e+01
  21  alpha_A0     6.46761e-01   1.29863e-02  -1.28115e-04  -1.28939e+02
  22  beta_A0      3.56304e-01   1.47638e-02   1.00141e-03  -1.87064e+02
  23  alpha_phi    5.21980e-02   1.45048e-02   1.40130e-03   2.20449e+01
  24  beta_phi    -6.25099e-01   2.67907e-02  -2.71050e-03   1.23038e+02
 EXTERNAL ERROR MATRIX.    NDIM=  25    NPAR= 11    ERR DEF=1
  4.324e+08 
 -1.997e+02  9.492e-05 
  3.508e+02 -1.637e-04  3.172e-04 
  8.165e+01 -4.023e-05  5.605e-05  3.735e-05 
 -1.784e+02  8.128e-05 -1.576e-04 -1.277e-05  9.477e-05 
  1.887e+01 -9.416e-06  1.921e-05  3.139e-06 -8.799e-06  1.438e-06 
  1.388e+06 -6.575e-01  1.191e+00  2.412e-01 -6.052e-01  7.027e-02  4.699e+03 
 -5.174e+01  1.778e-05 -5.545e-05  4.828e-05  7.625e-05 -2.003e-06 -2.075e-01  1.686e-04 
 -2.180e+02  8.828e-05 -1.542e-04 -9.646e-06  1.141e-04 -4.190e-06 -6.275e-01  1.230e-04  2.180e-04 
 -1.516e+02  6.774e-05 -6.221e-05 -7.393e-05  1.344e-05 -4.084e-08 -3.428e-01 -8.505e-05  7.191e-05  2.104e-04 
  4.351e+02 -2.012e-04  3.982e-04  9.285e-06 -2.553e-04  2.339e-05  1.537e+00 -2.470e-04 -2.929e-04  2.518e-05  7.177e-04 
ERR MATRIX APPROXIMATE
 PARAMETER  CORRELATION COEFFICIENTS  
       NO.  GLOBAL      1      3      4      6      8      9     20     21     22     23     24
        1  0.99993   1.000 -0.986  0.947  0.642 -0.881  0.757  0.974 -0.192 -0.710 -0.502  0.781
        3  0.99981  -0.986  1.000 -0.943 -0.676  0.857 -0.806 -0.984  0.141  0.614  0.479 -0.771
        4  0.99989   0.947 -0.943  1.000  0.515 -0.909  0.900  0.975 -0.240 -0.587 -0.241  0.835
        6  0.99986   0.642 -0.676  0.515  1.000 -0.215  0.428  0.576  0.608 -0.107 -0.834  0.057
        8  0.99996  -0.881  0.857 -0.909 -0.215  1.000 -0.754 -0.907  0.603  0.794  0.095 -0.979
        9  0.99311   0.757 -0.806  0.900  0.428 -0.754  1.000  0.855 -0.129 -0.237 -0.002  0.728
       20  0.99854   0.974 -0.984  0.975  0.576 -0.907  0.855  1.000 -0.233 -0.620 -0.345  0.837
       21  0.99959  -0.192  0.141 -0.240  0.608  0.603 -0.129 -0.233  1.000  0.641 -0.452 -0.710
       22  0.99960  -0.710  0.614 -0.587 -0.107  0.794 -0.237 -0.620  0.641  1.000  0.336 -0.741
       23  0.99883  -0.502  0.479 -0.241 -0.834  0.095 -0.002 -0.345 -0.452  0.336  1.000  0.065
       24  0.99986   0.781 -0.771  0.835  0.057 -0.979  0.728  0.837 -0.710 -0.741  0.065  1.000
 ERR MATRIX APPROXIMATE
MINUIT - FIT ONLY 1-y
 **********
 **   51 **RES 
 **********
                   PARAMETER   16  beta_vw RESTORED TO VARIABLE.
                   PARAMETER   14  alpha_vw RESTORED TO VARIABLE.
                   PARAMETER   13  beta_y RESTORED TO VARIABLE.
                   PARAMETER   11  alpha_y RESTORED TO VARIABLE.
                   PARAMETER   10  beta_2CBO RESTORED TO VARIABLE.
 **********
 **   52 **FIX            0
 **********
 PARAMETER    0  IS UNDEFINED. IGNORED.
 **********
 **   53 **FIX            1
 **********
 **********
 **   54 **FIX            2
 **********
 PARAMETER    2  IS CONSTANT.   IGNORED.
 **********
 **   55 **FIX            3
 **********
 **********
 **   56 **FIX            4
 **********
 **********
 **   57 **FIX            5
 **********
 PARAMETER    5  IS CONSTANT.   IGNORED.
 **********
 **   58 **FIX            6
 **********
 **********
 **   59 **FIX            7
 **********
 PARAMETER    7  IS CONSTANT.   IGNORED.
 **********
 **   60 **FIX            8
 **********
 **********
 **   61 **FIX            9
 **********
 **********
 **   62 **FIX           13
 **********
 **********
 **   63 **FIX           14
 **********
 **********
 **   64 **FIX           15
 **********
 PARAMETER   15  IS CONSTANT.   IGNORED.
 **********
 **   65 **FIX           16
 **********
 **********
 **   66 **MIGRAD
 **********
 START MIGRAD MINIMIZATION.  STRATEGY  1.  CONVERGENCE WHEN EDM .LT. 1.00e-04
 FCN=577.786 FROM MIGRAD    STATUS=INITIATE       16 CALLS        6322 TOTAL
                     EDM= unknown      STRATEGY= 1      NO ERROR MATRIX       
  EXT PARAMETER               CURRENT GUESS       STEP         FIRST   
  NO.   NAME      VALUE            ERROR          SIZE      DERIVATIVE 
   1  N0           2.66252e+06     fixed    
   2  tau          6.43976e+01   constant   
   3  A0           4.13122e-01     fixed    
   4  phi          4.35222e+00     fixed    
   5  R           -5.94693e+01   constant   
   6  alpha_CBO    7.21712e-02     fixed    
   7  w_CBO        2.32500e+00   constant   
   8  beta_CBO     9.63343e-02     fixed    
   9  alpha_2CBO   9.55653e-03     fixed    
  10  beta_2CBO   -1.56939e-02   1.92485e-03   1.92485e-03  -3.26321e+02
  11  alpha_y      0.00000e+00   1.00000e-03   1.00000e-03   2.48213e+05
  12  w_y          1.44500e+01   constant   
  13  beta_y      -4.51233e-04     fixed    
  14  alpha_vw     0.00000e+00     fixed    
  15  w_vw         1.29000e+01   constant   
  16  beta_vw      0.00000e+00     fixed    
  17  LM          -2.20020e-04   constant   
  18  zeta_y       0.00000e+00   constant   
  19  zeta_vw      0.00000e+00   constant   
  20  T_CBO        3.98574e+02   6.83249e+01  -2.01196e-02  -2.53739e+01
  21  alpha_A0     6.46761e-01   1.29863e-02  -1.28115e-04  -1.28939e+02
  22  beta_A0      3.56304e-01   1.47638e-02   1.00141e-03  -1.87064e+02
  23  alpha_phi    5.21980e-02   1.45048e-02   1.40130e-03   2.20449e+01
  24  beta_phi    -6.25099e-01   2.67907e-02  -2.71050e-03   1.23038e+02
 CALL LIMIT EXCEEDED IN MIGRAD.
 MIGRAD TERMINATED WITHOUT CONVERGENCE.
 FCN=227.542 FROM MIGRAD    STATUS=CALL LIMIT   1160 CALLS        7466 TOTAL
                     EDM=0.00269653    STRATEGY= 1  ERROR MATRIX UNCERTAINTY  32.3 per cent
  EXT PARAMETER                APPROXIMATE        STEP         FIRST   
  NO.   NAME      VALUE            ERROR          SIZE      DERIVATIVE 
   1  N0           2.66252e+06     fixed    
   2  tau          6.43976e+01   constant   
   3  A0           4.13122e-01     fixed    
   4  phi          4.35222e+00     fixed    
   5  R           -5.94693e+01   constant   
   6  alpha_CBO    7.21712e-02     fixed    
   7  w_CBO        2.32500e+00   constant   
   8  beta_CBO     9.63343e-02     fixed    
   9  alpha_2CBO   9.55653e-03     fixed    
  10  beta_2CBO   -1.56735e-02   1.80691e-04   1.21187e-07   1.53397e+02
  11  alpha_y     -2.82345e-03   1.41797e-04  -2.70741e-07  -2.12084e+02
  12  w_y          1.44500e+01   constant   
  13  beta_y      -4.51233e-04     fixed    
  14  alpha_vw     0.00000e+00     fixed    
  15  w_vw         1.29000e+01   constant   
  16  beta_vw      0.00000e+00     fixed    
  17  LM          -2.20020e-04   constant   
  18  zeta_y       0.00000e+00   constant   
  19  zeta_vw      0.00000e+00   constant   
  20  T_CBO        2.03595e+02   3.51458e+01  -3.51154e-05  -1.51095e+00
  21  alpha_A0     7.04347e-01   2.15931e-02   1.94199e-05  -6.38890e+00
  22  beta_A0      3.89775e-01   1.20453e-02   1.33146e-05   1.40937e+01
  23  alpha_phi    5.29546e-02   1.42465e-03  -3.27750e-07   7.96645e-01
  24  beta_phi    -6.83611e-01   2.20489e-02  -2.02340e-05   9.51530e+00
 EXTERNAL ERROR MATRIX.    NDIM=  25    NPAR=  7    ERR DEF=1
  3.265e-08  1.875e-09 -2.138e-03  1.255e-06  7.014e-07  4.405e-08 -1.389e-06 
  1.875e-09  2.011e-08  2.016e-03 -1.243e-06 -6.869e-07 -5.040e-08  1.258e-06 
 -2.138e-03  2.016e-03  1.238e+03 -7.593e-01 -4.230e-01 -3.468e-02  7.754e-01 
  1.255e-06 -1.243e-06 -7.593e-01  4.663e-04  2.595e-04  2.173e-05 -4.754e-04 
  7.014e-07 -6.869e-07 -4.230e-01  2.595e-04  1.451e-04  1.187e-05 -2.646e-04 
  4.405e-08 -5.040e-08 -3.468e-02  2.173e-05  1.187e-05  2.030e-06 -2.183e-05 
 -1.389e-06  1.258e-06  7.754e-01 -4.754e-04 -2.646e-04 -2.183e-05  4.862e-04 
ERR MATRIX APPROXIMATE
 PARAMETER  CORRELATION COEFFICIENTS  
       NO.  GLOBAL     10     11     20     21     22     23     24
       10  0.62741   1.000  0.073 -0.336  0.322  0.322  0.171 -0.349
       11  0.47135   0.073  1.000  0.404 -0.406 -0.402 -0.249  0.402
       20  0.99982  -0.336  0.404  1.000 -0.999 -0.998 -0.692  0.999
       21  0.99960   0.322 -0.406 -0.999  1.000  0.998  0.706 -0.998
       22  0.99840   0.322 -0.402 -0.998  0.998  1.000  0.692 -0.996
       23  0.81421   0.171 -0.249 -0.692  0.706  0.692  1.000 -0.695
       24  0.99949  -0.349  0.402  0.999 -0.998 -0.996 -0.695  1.000
 ERR MATRIX APPROXIMATE
MINUIT - FIT ONLY 2-y
 **********
 **   67 **RES 
 **********
                   PARAMETER   16  beta_vw RESTORED TO VARIABLE.
                   PARAMETER   14  alpha_vw RESTORED TO VARIABLE.
                   PARAMETER   13  beta_y RESTORED TO VARIABLE.
                   PARAMETER    9  alpha_2CBO RESTORED TO VARIABLE.
                   PARAMETER    8  beta_CBO RESTORED TO VARIABLE.
                   PARAMETER    6  alpha_CBO RESTORED TO VARIABLE.
                   PARAMETER    4  phi RESTORED TO VARIABLE.
                   PARAMETER    3  A0 RESTORED TO VARIABLE.
                   PARAMETER    1  N0 RESTORED TO VARIABLE.
 **********
 **   68 **FIX            0
 **********
 PARAMETER    0  IS UNDEFINED. IGNORED.
 **********
 **   69 **FIX            1
 **********
 **********
 **   70 **FIX            2
 **********
 PARAMETER    2  IS CONSTANT.   IGNORED.
 **********
 **   71 **FIX            3
 **********
 **********
 **   72 **FIX            4
 **********
 **********
 **   73 **FIX            5
 **********
 PARAMETER    5  IS CONSTANT.   IGNORED.
 **********
 **   74 **FIX            6
 **********
 **********
 **   75 **FIX            7
 **********
 PARAMETER    7  IS CONSTANT.   IGNORED.
 **********
 **   76 **FIX            8
 **********
 **********
 **   77 **FIX            9
 **********
 **********
 **   78 **FIX           10
 **********
 **********
 **   79 **FIX           11
 **********
 **********
 **   80 **FIX           12
 **********
 PARAMETER   12  IS CONSTANT.   IGNORED.
 **********
 **   81 **FIX           16
 **********
 **********
 **   82 **MIGRAD
 **********
 START MIGRAD MINIMIZATION.  STRATEGY  1.  CONVERGENCE WHEN EDM .LT. 1.00e-04
 FCN=227.542 FROM MIGRAD    STATUS=INITIATE       16 CALLS        7482 TOTAL
                     EDM= unknown      STRATEGY= 1      NO ERROR MATRIX       
  EXT PARAMETER               CURRENT GUESS       STEP         FIRST   
  NO.   NAME      VALUE            ERROR          SIZE      DERIVATIVE 
   1  N0           2.66252e+06     fixed    
   2  tau          6.43976e+01   constant   
   3  A0           4.13122e-01     fixed    
   4  phi          4.35222e+00     fixed    
   5  R           -5.94693e+01   constant   
   6  alpha_CBO    7.21712e-02     fixed    
   7  w_CBO        2.32500e+00   constant   
   8  beta_CBO     9.63343e-02     fixed    
   9  alpha_2CBO   9.55653e-03     fixed    
  10  beta_2CBO   -1.56735e-02     fixed    
  11  alpha_y     -2.82345e-03     fixed    
  12  w_y          1.44500e+01   constant   
  13  beta_y      -4.51233e-04   1.56576e-04   1.56576e-04  -1.31763e+04
  14  alpha_vw     0.00000e+00   1.00000e-03   1.00000e-03   4.27331e+04
  15  w_vw         1.29000e+01   constant   
  16  beta_vw      0.00000e+00     fixed    
  17  LM          -2.20020e-04   constant   
  18  zeta_y       0.00000e+00   constant   
  19  zeta_vw      0.00000e+00   constant   
  20  T_CBO        2.03595e+02   3.51458e+01  -3.51154e-05  -1.51095e+00
  21  alpha_A0     7.04347e-01   2.15931e-02   1.94199e-05  -6.38890e+00
  22  beta_A0      3.89775e-01   1.20453e-02   1.33146e-05   1.40937e+01
  23  alpha_phi    5.29546e-02   1.42465e-03  -3.27750e-07   7.96644e-01
  24  beta_phi    -6.83611e-01   2.20489e-02  -2.02340e-05   9.51530e+00
 MIGRAD MINIMIZATION HAS CONVERGED.
 MIGRAD WILL VERIFY CONVERGENCE AND ERROR MATRIX.
 COVARIANCE MATRIX CALCULATED SUCCESSFULLY
 FCN=208.52 FROM HESSE     STATUS=OK             50 CALLS        7611 TOTAL
                     EDM=0.0749387    STRATEGY= 1      ERROR MATRIX ACCURATE 
  EXT PARAMETER                                   STEP         FIRST   
  NO.   NAME      VALUE            ERROR          SIZE      DERIVATIVE 
   1  N0           2.66252e+06     fixed    
   2  tau          6.43976e+01   constant   
   3  A0           4.13122e-01     fixed    
   4  phi          4.35222e+00     fixed    
   5  R           -5.94693e+01   constant   
   6  alpha_CBO    7.21712e-02     fixed    
   7  w_CBO        2.32500e+00   constant   
   8  beta_CBO     9.63343e-02     fixed    
   9  alpha_2CBO   9.55653e-03     fixed    
  10  beta_2CBO   -1.56735e-02     fixed    
  11  alpha_y     -2.82345e-03     fixed    
  12  w_y          1.44500e+01   constant   
  13  beta_y       8.37421e-05   1.78834e-04   1.09468e-06   1.16682e+00
  14  alpha_vw    -7.25231e-04   1.71710e-04   1.04905e-06   3.58352e-01
