 + ++++++++++++++++++++++++++++++++++++++++++++++++++++++++++++++++++++ +
 +                                                                      +
 +           You have chose to blind your fitting according to          +
 +                omega_ref * (1 + (R +/- deltaR) *10^{-6})             +
 +                                                                      +
 + ++++++++++++++++++++++++++++++++++++++++++++++++++++++++++++++++++++ +
In main()...
reading format from /gm2data/zkhechad/run45/envelope/formats/formatB_sBin_constraintOn.txt
pBinTau 	= 0  
pBinPhi 	= 0  
constraintau 	= 1 
includeMopTerm 	= 0    
constrainMop    = 0   
Parameters after format file: pBinTau 0 pBinPhi 0 constraintau 1 includeMopTerm 0 constrainMop 0 c_e_scale 0.000000 
Opening file /gm2data/tbarrett/gm2fr/studies/run23_bunch_corrections/CorrectedFourier_Run3b.root.
reading full fit data from /gm2data/zkhechad/cboTemplates/Run4CBOTemplates/templateFits0_v2.0/noRF/sBin_constraintOn_cE0.0_seed0_noRF_calo1.root
windowBins = 69
fitting sliding window 1838 from bin 1974 at 294.371600 to bin 2043 at 304.815600 (69 bins)

Reading data from /gm2data/cornell/histograms/aMethod/histogram_a_noRF.root
 **********
 **    1 **SET PRINTOUT            1
 **********
 **********
 **    2 **SET NOWARNINGS 
 **********
 PARAMETER DEFINITIONS:
    NO.   NAME         VALUE      STEP SIZE      LIMITS
     1 N0           3.52746e+06  1.00000e+02     no limits
     2 tau          6.44358e+01  constant
     3 A0           3.54698e-01  1.00000e-04     no limits
     4 phi          4.12308e+00  1.00000e-02     no limits
     5 R           -6.05970e+01  constant
     6 alpha_CBO    0.00000e+00  1.00000e-03     no limits
     7 w_CBO        2.32500e+00  constant
     8 beta_CBO     0.00000e+00  1.00000e-03     no limits
     9 alpha_2CBO   0.00000e+00  1.00000e-03     no limits
    10 beta_2CBO    0.00000e+00  1.00000e-03     no limits
    11 alpha_y      0.00000e+00  1.00000e-03     no limits
    12 w_y          1.44500e+01  constant
    13 beta_y       0.00000e+00  1.00000e-03     no limits
    14 alpha_vw     0.00000e+00  1.00000e-03     no limits
    15 w_vw         1.29000e+01  constant
    16 beta_vw      0.00000e+00  1.00000e-03     no limits
    17 LM           1.14256e-03  constant
    18 zeta_y       0.00000e+00  constant
    19 zeta_vw      0.00000e+00  constant
    20 T_CBO        1.00000e+02  1.00000e+00    0.00000e+00  1.00000e+03
    21 alpha_A0     0.00000e+00  1.00000e-03     no limits
    22 beta_A0      0.00000e+00  1.00000e-03     no limits
    23 alpha_phi    0.00000e+00  1.00000e-03     no limits
    24 beta_phi     0.00000e+00  1.00000e-03     no limits
MINUIT - FIT ONLY WIGGLE
 **********
 **    3 **FIX            5
 **********
 PARAMETER    5  IS CONSTANT.   IGNORED.
 **********
 **    4 **FIX            6
 **********
 **********
 **    5 **FIX            7
 **********
 PARAMETER    7  IS CONSTANT.   IGNORED.
 **********
 **    6 **FIX            8
 **********
 **********
 **    7 **FIX            9
 **********
 **********
 **    8 **FIX           10
 **********
 **********
 **    9 **FIX           11
 **********
 **********
 **   10 **FIX           12
 **********
 PARAMETER   12  IS CONSTANT.   IGNORED.
 **********
 **   11 **FIX           13
 **********
 **********
 **   12 **FIX           14
 **********
 **********
 **   13 **FIX           15
 **********
 PARAMETER   15  IS CONSTANT.   IGNORED.
 **********
 **   14 **FIX           16
 **********
 **********
 **   15 **MIGRAD
 **********
 FIRST CALL TO USER FUNCTION AT NEW START POINT, WITH IFLAG=4.
 START MIGRAD MINIMIZATION.  STRATEGY  1.  CONVERGENCE WHEN EDM .LT. 1.00e-04
 FCN=64.4297 FROM MIGRAD    STATUS=INITIATE      437 CALLS         438 TOTAL
                     EDM= unknown      STRATEGY= 1      NO ERROR MATRIX       
  EXT PARAMETER               CURRENT GUESS       STEP         FIRST   
  NO.   NAME      VALUE            ERROR          SIZE      DERIVATIVE 
   1  N0           3.52746e+06   1.00000e+02   0.00000e+00   9.17828e-04
   2  tau          6.44358e+01   constant   
   3  A0           3.54698e-01   1.00000e-04   0.00000e+00  -3.27426e+03
   4  phi          4.12308e+00   1.00000e-02   0.00000e+00   1.20328e+03
   5  R           -6.05970e+01   constant   
   6  alpha_CBO    0.00000e+00     fixed    
   7  w_CBO        2.32500e+00   constant   
   8  beta_CBO     0.00000e+00     fixed    
   9  alpha_2CBO   0.00000e+00     fixed    
  10  beta_2CBO    0.00000e+00     fixed    
  11  alpha_y      0.00000e+00     fixed    
  12  w_y          1.44500e+01   constant   
  13  beta_y       0.00000e+00     fixed    
  14  alpha_vw     0.00000e+00     fixed    
  15  w_vw         1.29000e+01   constant   
  16  beta_vw      0.00000e+00     fixed    
  17  LM           1.14256e-03   constant   
  18  zeta_y       0.00000e+00   constant   
  19  zeta_vw      0.00000e+00   constant   
  20  T_CBO        1.00000e+02   1.00000e+00   0.00000e+00   0.00000e+00
  21  alpha_A0     0.00000e+00   1.00000e-03   0.00000e+00   2.24986e+00
  22  beta_A0      0.00000e+00   1.00000e-03   0.00000e+00  -2.81695e+01
  23  alpha_phi    0.00000e+00   1.00000e-03   0.00000e+00   9.57153e+01
  24  beta_phi     0.00000e+00   1.00000e-03   0.00000e+00  -5.31404e+01
 CALL LIMIT EXCEEDED IN MIGRAD.
 MIGRAD TERMINATED WITHOUT CONVERGENCE.
 FCN=53.1854 FROM MIGRAD    STATUS=CALL LIMIT   1323 CALLS        1324 TOTAL
                     EDM=0.00594161    STRATEGY= 1  ERROR MATRIX UNCERTAINTY   1.2 per cent
  EXT PARAMETER                APPROXIMATE        STEP         FIRST   
  NO.   NAME      VALUE            ERROR          SIZE      DERIVATIVE 
   1  N0           3.52535e+06   1.48865e+03   4.00976e+00  -5.95159e-06
   2  tau          6.44358e+01   constant   
   3  A0           3.55468e-01   5.56903e-04   1.44032e-06   2.89158e+01
   4  phi          4.12093e+00   1.66662e-03   5.01271e-07   8.66947e+00
   5  R           -6.05970e+01   constant   
   6  alpha_CBO    0.00000e+00     fixed    
   7  w_CBO        2.32500e+00   constant   
   8  beta_CBO     0.00000e+00     fixed    
   9  alpha_2CBO   0.00000e+00     fixed    
  10  beta_2CBO    0.00000e+00     fixed    
  11  alpha_y      0.00000e+00     fixed    
  12  w_y          1.44500e+01   constant   
  13  beta_y       0.00000e+00     fixed    
  14  alpha_vw     0.00000e+00     fixed    
  15  w_vw         1.29000e+01   constant   
  16  beta_vw      0.00000e+00     fixed    
  17  LM           1.14256e-03   constant   
  18  zeta_y       0.00000e+00   constant   
  19  zeta_vw      0.00000e+00   constant   
  20  T_CBO        4.64312e+01   1.62431e+01  -3.88263e-03  -9.69643e+00
  21  alpha_A0    -1.05923e+00   2.16731e+00  -1.06830e-01  -2.45957e-02
  22  beta_A0      3.50886e-01   8.22629e-01   4.02719e-02  -5.00047e-02
  23  alpha_phi   -3.50489e+00   7.07730e+00  -3.48758e-01   1.44820e-01
  24  beta_phi     2.37355e+00   4.79922e+00   2.36588e-01   5.08818e-02
 EXTERNAL ERROR MATRIX.    NDIM=  25    NPAR=  8    ERR DEF=1
  2.216e+06 -1.133e-01  1.100e-01 -1.871e+03 -1.778e+02  9.757e+01 -6.308e+02  4.195e+02 
 -1.133e-01  3.101e-07 -6.200e-09  2.933e-04  5.181e-06 -6.467e-06  1.921e-05 -1.503e-05 
  1.100e-01 -6.200e-09  2.778e-06 -8.362e-04 -1.483e-04  6.410e-05 -5.178e-04  3.340e-04 
 -1.871e+03  2.933e-04 -8.362e-04  2.644e+02  3.507e+01 -1.327e+01  1.145e+02 -7.767e+01 
 -1.778e+02  5.181e-06 -1.483e-04  3.507e+01  4.697e+00 -1.777e+00  1.533e+01 -1.040e+01 
  9.757e+01 -6.467e-06  6.410e-05 -1.327e+01 -1.777e+00  6.767e-01 -5.807e+00  3.937e+00 
 -6.308e+02  1.921e-05 -5.178e-04  1.145e+02  1.533e+01 -5.807e+00  5.009e+01 -3.396e+01 
  4.195e+02 -1.503e-05  3.340e-04 -7.767e+01 -1.040e+01  3.937e+00 -3.396e+01  2.303e+01 
ERR MATRIX APPROXIMATE
 PARAMETER  CORRELATION COEFFICIENTS  
       NO.  GLOBAL      1      3      4     20     21     22     23     24
        1  0.39098   1.000 -0.137  0.044 -0.077 -0.055  0.080 -0.060  0.059
        3  0.33244  -0.137  1.000 -0.007  0.032  0.004 -0.014  0.005 -0.006
        4  0.21074   0.044 -0.007  1.000 -0.031 -0.041  0.047 -0.044  0.042
       20  0.99609  -0.077  0.032 -0.031  1.000  0.995 -0.992  0.995 -0.995
       21  0.99974  -0.055  0.004 -0.041  0.995  1.000 -0.997  1.000 -1.000
       22  0.99781   0.080 -0.014  0.047 -0.992 -0.997  1.000 -0.997  0.997
       23  0.99992  -0.060  0.005 -0.044  0.995  1.000 -0.997  1.000 -1.000
       24  0.99993   0.059 -0.006  0.042 -0.995 -1.000  0.997 -1.000  1.000
 ERR MATRIX APPROXIMATE
MINUIT - FIT ONLY 1-CBO + wiggle
 **********
 **   16 **RES 
 **********
                   PARAMETER   16  beta_vw RESTORED TO VARIABLE.
                   PARAMETER   14  alpha_vw RESTORED TO VARIABLE.
                   PARAMETER   13  beta_y RESTORED TO VARIABLE.
                   PARAMETER   11  alpha_y RESTORED TO VARIABLE.
                   PARAMETER   10  beta_2CBO RESTORED TO VARIABLE.
                   PARAMETER    9  alpha_2CBO RESTORED TO VARIABLE.
                   PARAMETER    8  beta_CBO RESTORED TO VARIABLE.
                   PARAMETER    6  alpha_CBO RESTORED TO VARIABLE.
 **********
 **   17 **FIX            8
 **********
 **********
 **   18 **FIX            9
 **********
 **********
 **   19 **FIX           11
 **********
 **********
 **   20 **FIX           12
 **********
 PARAMETER   12  IS CONSTANT.   IGNORED.
 **********
 **   21 **FIX           14
 **********
 **********
 **   22 **FIX           15
 **********
 PARAMETER   15  IS CONSTANT.   IGNORED.
 **********
 **   23 **FIX           16
 **********
 **********
 **   24 **MIGRAD
 **********
 START MIGRAD MINIMIZATION.  STRATEGY  1.  CONVERGENCE WHEN EDM .LT. 1.00e-04
 FCN=53.1854 FROM MIGRAD    STATUS=INITIATE       28 CALLS        1352 TOTAL
                     EDM= unknown      STRATEGY= 1      NO ERROR MATRIX       
  EXT PARAMETER               CURRENT GUESS       STEP         FIRST   
  NO.   NAME      VALUE            ERROR          SIZE      DERIVATIVE 
   1  N0           3.52535e+06   1.48865e+03   4.00976e+00  -5.95159e-06
   2  tau          6.44358e+01   constant   
   3  A0           3.55468e-01   5.56903e-04   1.44032e-06   2.89158e+01
   4  phi          4.12093e+00   1.66662e-03   5.01271e-07   8.66947e+00
   5  R           -6.05970e+01   constant   
   6  alpha_CBO    0.00000e+00   1.00000e-03   1.00000e-03   3.15033e+03
   7  w_CBO        2.32500e+00   constant   
   8  beta_CBO     0.00000e+00     fixed    
   9  alpha_2CBO   0.00000e+00     fixed    
  10  beta_2CBO    0.00000e+00   1.00000e-03   1.00000e-03   3.05745e+02
  11  alpha_y      0.00000e+00     fixed    
  12  w_y          1.44500e+01   constant   
  13  beta_y       0.00000e+00   1.00000e-03   1.00000e-03  -9.02809e+02
  14  alpha_vw     0.00000e+00     fixed    
  15  w_vw         1.29000e+01   constant   
  16  beta_vw      0.00000e+00     fixed    
  17  LM           1.14256e-03   constant   
  18  zeta_y       0.00000e+00   constant   
  19  zeta_vw      0.00000e+00   constant   
  20  T_CBO        4.64312e+01   1.62431e+01  -3.88263e-03  -9.69644e+00
  21  alpha_A0    -1.05923e+00   2.16731e+00  -1.06830e-01  -2.45957e-02
  22  beta_A0      3.50886e-01   8.22629e-01   4.02719e-02  -5.00047e-02
  23  alpha_phi   -3.50489e+00   7.07730e+00  -3.48758e-01   1.44820e-01
  24  beta_phi     2.37355e+00   4.79922e+00   2.36588e-01   5.08818e-02
 CALL LIMIT EXCEEDED IN MIGRAD.
 MIGRAD TERMINATED WITHOUT CONVERGENCE.
 FCN=51.9851 FROM MIGRAD    STATUS=CALL LIMIT   1907 CALLS        3231 TOTAL
                     EDM=0.0197912    STRATEGY= 1  ERROR MATRIX UNCERTAINTY  24.0 per cent
  EXT PARAMETER                APPROXIMATE        STEP         FIRST   
  NO.   NAME      VALUE            ERROR          SIZE      DERIVATIVE 
   1  N0           3.52528e+06   1.42057e+03   2.17955e+01   9.47545e-06
   2  tau          6.44358e+01   constant   
   3  A0           3.55362e-01   5.60167e-04   9.10384e-06   9.47274e+01
   4  phi          4.12041e+00   1.70037e-03   1.80340e-05   7.88257e+00
   5  R           -6.05970e+01   constant   
   6  alpha_CBO   -5.63970e-04   5.73856e-04   4.14603e-07  -7.51349e+00
   7  w_CBO        2.32500e+00   constant   
   8  beta_CBO     0.00000e+00     fixed    
   9  alpha_2CBO   0.00000e+00     fixed    
  10  beta_2CBO   -7.58496e-06   5.64719e-04   1.31602e-05   9.07392e+01
  11  alpha_y      0.00000e+00     fixed    
  12  w_y          1.44500e+01   constant   
  13  beta_y       1.57718e-04   5.68128e-04   8.60146e-06   4.38450e+01
  14  alpha_vw     0.00000e+00     fixed    
  15  w_vw         1.29000e+01   constant   
  16  beta_vw      0.00000e+00     fixed    
  17  LM           1.14256e-03   constant   
  18  zeta_y       0.00000e+00   constant   
  19  zeta_vw      0.00000e+00   constant   
  20  T_CBO        2.33154e+01   4.61506e+00  -4.24988e-03  -2.20726e+01
  21  alpha_A0    -8.67229e+02   1.70423e+03  -2.58721e+02  -2.36552e-04
  22  beta_A0      3.26539e+02   6.47898e+02   9.83743e+01   1.24956e-04
  23  alpha_phi   -1.95709e+03   3.79380e+03  -5.75982e+02   4.15977e-04
  24  beta_phi     1.49095e+03   2.90711e+03   4.41349e+02   1.66651e-04
 EXTERNAL ERROR MATRIX.    NDIM=  25    NPAR= 11    ERR DEF=1
  2.018e+06 
 -7.973e-02  3.138e-07 
  3.641e-02  6.244e-08  2.891e-06 
  2.133e-02  4.907e-08  1.797e-07  3.293e-07 
 -2.569e-02 -1.703e-08 -6.176e-08 -2.209e-08  3.189e-07 
 -1.429e-02 -3.794e-09 -9.052e-09 -1.768e-08  1.257e-09  3.228e-07 
 -3.237e+01  1.757e-04  3.186e-04  2.826e-05  9.778e-05  5.170e-05  2.131e+01 
  2.577e+04  2.907e-02  1.202e-01  4.769e-03 -6.211e-04  4.305e-03  7.565e+03  2.904e+06 
 -9.097e+03 -1.124e-02 -4.580e-02 -1.813e-03  3.845e-04 -1.602e-03 -2.875e+03 -1.104e+06  4.198e+05 
  5.670e+04  6.464e-02  2.669e-01  1.031e-02 -1.707e-03  9.562e-03  1.684e+04  6.465e+06 -2.458e+06  1.439e+07 
 -4.335e+04 -4.966e-02 -2.049e-01 -8.040e-03  1.270e-03 -7.332e-03 -1.290e+04 -4.954e+06  1.884e+06 -1.103e+07  8.451e+06 
ERR MATRIX APPROXIMATE
 PARAMETER  CORRELATION COEFFICIENTS  
       NO.  GLOBAL      1      3      4      6     10     13     20     21     22     23     24
        1  0.29499   1.000 -0.100  0.015  0.026 -0.032 -0.018 -0.005  0.011 -0.010  0.011 -0.010
        3  0.30306  -0.100  1.000  0.066  0.153 -0.054 -0.012  0.068  0.030 -0.031  0.030 -0.030
        4  0.21882   0.015  0.066  1.000  0.184 -0.064 -0.009  0.041  0.041 -0.042  0.041 -0.041
        6  0.26267   0.026  0.153  0.184  1.000 -0.068 -0.054  0.011  0.005 -0.005  0.005 -0.005
       10  0.23139  -0.032 -0.054 -0.064 -0.068  1.000  0.004  0.038 -0.001  0.001 -0.001  0.001
       13  0.08611  -0.018 -0.012 -0.009 -0.054  0.004  1.000  0.020  0.004 -0.004  0.004 -0.004
       20  0.96611  -0.005  0.068  0.041  0.011  0.038  0.020  1.000  0.962 -0.962  0.962 -0.962
       21  1.00000   0.011  0.030  0.041  0.005 -0.001  0.004  0.962  1.000 -1.000  1.000 -1.000
       22  1.00000  -0.010 -0.031 -0.042 -0.005  0.001 -0.004 -0.962 -1.000  1.000 -1.000  1.000
       23  1.00000   0.011  0.030  0.041  0.005 -0.001  0.004  0.962  1.000 -1.000  1.000 -1.000
       24  1.00000  -0.010 -0.030 -0.041 -0.005  0.001 -0.004 -0.962 -1.000  1.000 -1.000  1.000
 ERR MATRIX APPROXIMATE
MINUIT - FIT ONLY 2-CBO
 **********
 **   25 **RES 
 **********
                   PARAMETER   16  beta_vw RESTORED TO VARIABLE.
                   PARAMETER   14  alpha_vw RESTORED TO VARIABLE.
                   PARAMETER   11  alpha_y RESTORED TO VARIABLE.
                   PARAMETER    9  alpha_2CBO RESTORED TO VARIABLE.
                   PARAMETER    8  beta_CBO RESTORED TO VARIABLE.
 **********
 **   26 **FIX            0
 **********
 PARAMETER    0  IS UNDEFINED. IGNORED.
 **********
 **   27 **FIX            1
 **********
 **********
 **   28 **FIX            2
 **********
 PARAMETER    2  IS CONSTANT.   IGNORED.
 **********
 **   29 **FIX            3
 **********
 **********
 **   30 **FIX            4
 **********
 **********
 **   31 **FIX            5
 **********
 PARAMETER    5  IS CONSTANT.   IGNORED.
 **********
 **   32 **FIX            6
 **********
 **********
 **   33 **FIX            7
 **********
 PARAMETER    7  IS CONSTANT.   IGNORED.
 **********
 **   34 **FIX           10
 **********
 **********
 **   35 **FIX           11
 **********
 **********
 **   36 **FIX           12
 **********
 PARAMETER   12  IS CONSTANT.   IGNORED.
 **********
 **   37 **FIX           13
 **********
 **********
 **   38 **FIX           14
 **********
 **********
 **   39 **FIX           15
 **********
 PARAMETER   15  IS CONSTANT.   IGNORED.
 **********
 **   40 **FIX           16
 **********
 **********
 **   41 **MIGRAD
 **********
 START MIGRAD MINIMIZATION.  STRATEGY  1.  CONVERGENCE WHEN EDM .LT. 1.00e-04
 FCN=51.9851 FROM MIGRAD    STATUS=INITIATE       18 CALLS        3249 TOTAL
                     EDM= unknown      STRATEGY= 1      NO ERROR MATRIX       
  EXT PARAMETER               CURRENT GUESS       STEP         FIRST   
  NO.   NAME      VALUE            ERROR          SIZE      DERIVATIVE 
   1  N0           3.52528e+06     fixed    
   2  tau          6.44358e+01   constant   
   3  A0           3.55362e-01     fixed    
   4  phi          4.12041e+00     fixed    
   5  R           -6.05970e+01   constant   
   6  alpha_CBO   -5.63970e-04     fixed    
   7  w_CBO        2.32500e+00   constant   
   8  beta_CBO     0.00000e+00   1.00000e-03   1.00000e-03  -1.46288e+04
   9  alpha_2CBO   0.00000e+00   1.00000e-03   1.00000e-03  -3.02077e+03
  10  beta_2CBO   -7.58496e-06     fixed    
  11  alpha_y      0.00000e+00     fixed    
  12  w_y          1.44500e+01   constant   
  13  beta_y       1.57718e-04     fixed    
  14  alpha_vw     0.00000e+00     fixed    
  15  w_vw         1.29000e+01   constant   
  16  beta_vw      0.00000e+00     fixed    
  17  LM           1.14256e-03   constant   
  18  zeta_y       0.00000e+00   constant   
  19  zeta_vw      0.00000e+00   constant   
  20  T_CBO        2.33154e+01   4.61506e+00  -4.24988e-03  -2.20726e+01
  21  alpha_A0    -8.67229e+02   1.70423e+03  -2.58721e+02  -2.36552e-04
  22  beta_A0      3.26539e+02   6.47898e+02   9.83743e+01   1.24956e-04
  23  alpha_phi   -1.95709e+03   3.79380e+03  -5.75982e+02   4.15977e-04
  24  beta_phi     1.49095e+03   2.90711e+03   4.41349e+02   1.66651e-04
 CALL LIMIT EXCEEDED IN MIGRAD.
 MIGRAD TERMINATED WITHOUT CONVERGENCE.
 FCN=32.6214 FROM MIGRAD    STATUS=CALL LIMIT   1153 CALLS        4384 TOTAL
                     EDM=0.000896501    STRATEGY= 1  ERROR MATRIX UNCERTAINTY  27.9 per cent
  EXT PARAMETER                APPROXIMATE        STEP         FIRST   
  NO.   NAME      VALUE            ERROR          SIZE      DERIVATIVE 
   1  N0           3.52528e+06     fixed    
   2  tau          6.44358e+01   constant   
   3  A0           3.55362e-01     fixed    
   4  phi          4.12041e+00     fixed    
   5  R           -6.05970e+01   constant   
   6  alpha_CBO   -5.63970e-04     fixed    
   7  w_CBO        2.32500e+00   constant   
   8  beta_CBO     2.48495e-03   5.83271e-04  -4.95292e-06   1.23645e+00
   9  alpha_2CBO   6.36873e-04   5.88781e-04   7.70980e-06  -1.08378e+01
  10  beta_2CBO   -7.58496e-06     fixed    
  11  alpha_y      0.00000e+00     fixed    
  12  w_y          1.44500e+01   constant   
  13  beta_y       1.57718e-04     fixed    
  14  alpha_vw     0.00000e+00     fixed    
  15  w_vw         1.29000e+01   constant   
  16  beta_vw      0.00000e+00     fixed    
  17  LM           1.14256e-03   constant   
  18  zeta_y       0.00000e+00   constant   
  19  zeta_vw      0.00000e+00   constant   
  20  T_CBO        1.69538e+01   3.61062e+00  -8.75961e-04  -1.71612e+01
  21  alpha_A0    -8.79841e+04   3.41339e+05  -1.02302e+04   6.83516e-08
  22  beta_A0      1.32594e+04   2.94761e+04   9.12910e+02   8.57669e-08
  23  alpha_phi   -2.51900e+05   8.61858e+05  -2.60874e+04   4.23159e-07
  24  beta_phi     1.45816e+05   4.96936e+05   1.50471e+04  -2.18767e-07
 EXTERNAL ERROR MATRIX.    NDIM=  25    NPAR=  7    ERR DEF=1
  3.402e-07  7.084e-09  8.975e-05  1.159e+01 -7.937e-01  2.829e+01 -1.635e+01 
  7.084e-09  3.467e-07 -7.419e-05 -9.366e+00  6.155e-01 -2.319e+01  1.344e+01 
  8.975e-05 -7.419e-05  1.304e+01  1.225e+06 -1.050e+05  3.101e+06 -1.788e+06 
  1.159e+01 -9.366e+00  1.225e+06  1.165e+11 -9.797e+09  2.940e+11 -1.695e+11 
 -7.937e-01  6.155e-01 -1.050e+05 -9.797e+09  8.688e+08 -2.494e+10  1.438e+10 
  2.829e+01 -2.319e+01  3.101e+06  2.940e+11 -2.494e+10  7.428e+11 -4.283e+11 
 -1.635e+01  1.344e+01 -1.788e+06 -1.695e+11  1.438e+10 -4.283e+11  2.469e+11 
ERR MATRIX APPROXIMATE
 PARAMETER  CORRELATION COEFFICIENTS  
       NO.  GLOBAL      8      9     20     21     22     23     24
        8  0.20394   1.000  0.021  0.043  0.058 -0.046  0.056 -0.056
        9  0.24931   0.021  1.000 -0.035 -0.047  0.035 -0.046  0.046
       20  0.99755   0.043 -0.035  1.000  0.994 -0.987  0.997 -0.997
       21  0.99998   0.058 -0.047  0.994  1.000 -0.974  0.999 -0.999
       22  0.99944  -0.046  0.035 -0.987 -0.974  1.000 -0.982  0.982
       23  1.00000   0.056 -0.046  0.997  0.999 -0.982  1.000 -1.000
       24  1.00000  -0.056  0.046 -0.997 -0.999  0.982 -1.000  1.000
 ERR MATRIX APPROXIMATE
MINUIT - FIT wiggle + 1-CBO + 2-CBO
 **********
 **   42 **RES 
 **********
                   PARAMETER   16  beta_vw RESTORED TO VARIABLE.
                   PARAMETER   14  alpha_vw RESTORED TO VARIABLE.
                   PARAMETER   13  beta_y RESTORED TO VARIABLE.
                   PARAMETER   11  alpha_y RESTORED TO VARIABLE.
                   PARAMETER   10  beta_2CBO RESTORED TO VARIABLE.
                   PARAMETER    6  alpha_CBO RESTORED TO VARIABLE.
                   PARAMETER    4  phi RESTORED TO VARIABLE.
                   PARAMETER    3  A0 RESTORED TO VARIABLE.
                   PARAMETER    1  N0 RESTORED TO VARIABLE.
 **********
 **   43 **FIX           10
 **********
 **********
 **   44 **FIX           11
 **********
 **********
 **   45 **FIX           12
 **********
 PARAMETER   12  IS CONSTANT.   IGNORED.
 **********
 **   46 **FIX           13
 **********
 **********
 **   47 **FIX           14
 **********
 **********
 **   48 **FIX           15
 **********
 PARAMETER   15  IS CONSTANT.   IGNORED.
 **********
 **   49 **FIX           16
 **********
 **********
 **   50 **MIGRAD
 **********
 START MIGRAD MINIMIZATION.  STRATEGY  1.  CONVERGENCE WHEN EDM .LT. 1.00e-04
 FCN=32.6214 FROM MIGRAD    STATUS=INITIATE       22 CALLS        4406 TOTAL
                     EDM= unknown      STRATEGY= 1      NO ERROR MATRIX       
  EXT PARAMETER               CURRENT GUESS       STEP         FIRST   
  NO.   NAME      VALUE            ERROR          SIZE      DERIVATIVE 
   1  N0           3.52528e+06   1.42057e+03   1.42057e+03   5.43893e-04
   2  tau          6.44358e+01   constant   
   3  A0           3.55362e-01   5.60167e-04   5.60167e-04   1.99318e+03
   4  phi          4.12041e+00   1.70037e-03   1.70037e-03  -9.44802e+02
   5  R           -6.05970e+01   constant   
   6  alpha_CBO   -5.63970e-04   5.73856e-04   5.73856e-04   4.16511e+02
   7  w_CBO        2.32500e+00   constant   
   8  beta_CBO     2.48495e-03   5.83271e-04  -4.95292e-06   1.23645e+00
   9  alpha_2CBO   6.36873e-04   5.88781e-04   7.70980e-06  -1.08378e+01
  10  beta_2CBO   -7.58496e-06     fixed    
  11  alpha_y      0.00000e+00     fixed    
  12  w_y          1.44500e+01   constant   
  13  beta_y       1.57718e-04     fixed    
  14  alpha_vw     0.00000e+00     fixed    
  15  w_vw         1.29000e+01   constant   
  16  beta_vw      0.00000e+00     fixed    
  17  LM           1.14256e-03   constant   
  18  zeta_y       0.00000e+00   constant   
  19  zeta_vw      0.00000e+00   constant   
  20  T_CBO        1.69538e+01   3.61062e+00  -8.75961e-04  -1.71612e+01
  21  alpha_A0    -8.79841e+04   3.41339e+05  -1.02302e+04   6.83531e-08
  22  beta_A0      1.32594e+04   2.94761e+04   9.12910e+02   8.57664e-08
  23  alpha_phi   -2.51900e+05   8.61858e+05  -2.60874e+04   4.23159e-07
  24  beta_phi     1.45816e+05   4.96936e+05   1.50471e+04  -2.18767e-07
 MIGRAD MINIMIZATION HAS CONVERGED.
 MIGRAD WILL VERIFY CONVERGENCE AND ERROR MATRIX.
 FCN=31.5708 FROM MIGRAD    STATUS=CONVERGED     243 CALLS        4627 TOTAL
                     EDM=4.56219e-05    STRATEGY= 1      ERR MATRIX NOT POS-DEF
  EXT PARAMETER                APPROXIMATE        STEP         FIRST   
  NO.   NAME      VALUE            ERROR          SIZE      DERIVATIVE 
   1  N0           3.52483e+06   1.53061e+03   3.84452e+00  -3.20711e-08
   2  tau          6.44358e+01   constant   
   3  A0           3.55064e-01   5.78407e-04   1.51768e-06   1.34193e+00
   4  phi          4.12173e+00   1.75146e-03   4.59996e-06   2.07344e-01
   5  R           -6.05970e+01   constant   
   6  alpha_CBO   -6.08766e-04   5.86042e-04   1.57134e-06  -1.95218e+00
   7  w_CBO        2.32500e+00   constant   
   8  beta_CBO     2.62521e-03   5.95272e-04   1.60621e-06  -5.46700e-01
   9  alpha_2CBO   6.77180e-04   5.84466e-04   1.58230e-06  -3.14963e-02
  10  beta_2CBO   -7.58496e-06     fixed    
  11  alpha_y      0.00000e+00     fixed    
  12  w_y          1.44500e+01   constant   
  13  beta_y       1.57718e-04     fixed    
  14  alpha_vw     0.00000e+00     fixed    
  15  w_vw         1.29000e+01   constant   
  16  beta_vw      0.00000e+00     fixed    
  17  LM           1.14256e-03   constant   
  18  zeta_y       0.00000e+00   constant   
  19  zeta_vw      0.00000e+00   constant   
  20  T_CBO        1.69348e+01   5.19265e+00   7.41783e-06  -1.56435e-02
  21  alpha_A0    -8.85151e+04   5.00198e+05   1.61174e+01   1.90692e-09
  22  beta_A0      9.81972e+03   1.28195e+05   1.61205e+01  -2.07961e-09
  23  alpha_phi   -2.48144e+05   1.34144e+06   1.61157e+01  -3.82396e-09
  24  beta_phi     1.41947e+05   7.74202e+05   1.61157e+01   6.17286e-09
 EXTERNAL ERROR MATRIX.    NDIM=  25    NPAR= 11    ERR DEF=1
  2.343e+06 
 -1.185e-01  3.346e-07 
  1.901e-01  2.764e-08  3.068e-06 
  3.747e-02  5.546e-08  1.943e-07  3.434e-07 
 -4.948e-02 -3.885e-08  1.845e-07 -7.653e-09  3.543e-07 
 -2.561e-02 -2.839e-09  6.264e-08  1.970e-09  2.322e-08  3.416e-07 
  6.178e+01  8.174e-05  6.642e-04  4.620e-05  6.414e-05  3.723e-05  2.698e+01 
  4.003e+07  7.559e+00  8.807e+01  8.990e+00  7.157e+00  1.300e+01  2.535e+06  2.502e+11 
  3.939e+07 -1.294e+01 -1.557e+01 -1.779e+00 -2.260e+00 -9.247e+00 -2.704e+05 -2.496e+10  1.643e+10 
  4.724e+07  7.371e+00  1.810e+02  4.930e+00  1.743e+01  1.494e+01  6.945e+06  6.543e+11 -6.867e+10  1.799e+12 
 -3.382e+07 -1.186e+01 -1.306e+02 -9.968e+00 -1.612e+01 -8.749e-01 -3.984e+06 -3.748e+11  3.939e+10 -1.027e+12  5.994e+11 
ERR MATRIX NOT POS-DEF
 PARAMETER  CORRELATION COEFFICIENTS  
       NO.  GLOBAL      1      3      4      6      8      9     20     21     22     23     24
        1  0.37641   1.000 -0.134  0.071  0.042 -0.054 -0.029  0.008  0.052  0.201  0.023 -0.029
        3  0.34128  -0.134  1.000  0.027  0.164 -0.113 -0.008  0.027  0.026 -0.175  0.009 -0.026
        4  0.33884   0.071  0.027  1.000  0.189  0.177  0.061  0.073  0.101 -0.069  0.077 -0.096
        6  0.27822   0.042  0.164  0.189  1.000 -0.022  0.006  0.015  0.031 -0.024  0.006 -0.022
        8  0.25626  -0.054 -0.113  0.177 -0.022  1.000  0.067  0.021  0.024 -0.030  0.022 -0.035
        9  0.24381  -0.029 -0.008  0.061  0.006  0.067  1.000  0.012  0.044 -0.123  0.019 -0.002
       20  0.99782   0.008  0.027  0.073  0.015  0.021  0.012  1.000  0.976 -0.406  0.997 -0.991
       21  0.97796   0.052  0.026  0.101  0.031  0.024  0.044  0.976  1.000 -0.389  0.975 -0.968
       22  0.49094   0.201 -0.175 -0.069 -0.024 -0.030 -0.123 -0.406 -0.389  1.000 -0.399  0.397
       23  0.99716   0.023  0.009  0.077  0.006  0.022  0.019  0.997  0.975 -0.399  1.000 -0.989
       24  0.99145  -0.029 -0.026 -0.096 -0.022 -0.035 -0.002 -0.991 -0.968  0.397 -0.989  1.000
 ERR MATRIX NOT POS-DEF
MINUIT - FIT ONLY 1-y
 **********
 **   51 **RES 
 **********
                   PARAMETER   16  beta_vw RESTORED TO VARIABLE.
                   PARAMETER   14  alpha_vw RESTORED TO VARIABLE.
                   PARAMETER   13  beta_y RESTORED TO VARIABLE.
                   PARAMETER   11  alpha_y RESTORED TO VARIABLE.
                   PARAMETER   10  beta_2CBO RESTORED TO VARIABLE.
 **********
 **   52 **FIX            0
 **********
 PARAMETER    0  IS UNDEFINED. IGNORED.
 **********
 **   53 **FIX            1
 **********
 **********
 **   54 **FIX            2
 **********
 PARAMETER    2  IS CONSTANT.   IGNORED.
 **********
 **   55 **FIX            3
 **********
 **********
 **   56 **FIX            4
 **********
 **********
 **   57 **FIX            5
 **********
 PARAMETER    5  IS CONSTANT.   IGNORED.
 **********
 **   58 **FIX            6
 **********
 **********
 **   59 **FIX            7
 **********
 PARAMETER    7  IS CONSTANT.   IGNORED.
 **********
 **   60 **FIX            8
 **********
 **********
 **   61 **FIX            9
 **********
 **********
 **   62 **FIX           13
 **********
 **********
 **   63 **FIX           14
 **********
 **********
 **   64 **FIX           15
 **********
 PARAMETER   15  IS CONSTANT.   IGNORED.
 **********
 **   65 **FIX           16
 **********
 **********
 **   66 **MIGRAD
 **********
 START MIGRAD MINIMIZATION.  STRATEGY  1.  CONVERGENCE WHEN EDM .LT. 1.00e-04
 FCN=31.5708 FROM MIGRAD    STATUS=INITIATE       16 CALLS        4643 TOTAL
                     EDM= unknown      STRATEGY= 1      NO ERROR MATRIX       
  EXT PARAMETER               CURRENT GUESS       STEP         FIRST   
  NO.   NAME      VALUE            ERROR          SIZE      DERIVATIVE 
   1  N0           3.52483e+06     fixed    
   2  tau          6.44358e+01   constant   
   3  A0           3.55064e-01     fixed    
   4  phi          4.12173e+00     fixed    
   5  R           -6.05970e+01   constant   
   6  alpha_CBO   -6.08766e-04     fixed    
   7  w_CBO        2.32500e+00   constant   
   8  beta_CBO     2.62521e-03     fixed    
   9  alpha_2CBO   6.77180e-04     fixed    
  10  beta_2CBO   -7.58496e-06   5.64719e-04   5.64719e-04  -9.59936e+02
  11  alpha_y      0.00000e+00   1.00000e-03   1.00000e-03   1.04858e+03
  12  w_y          1.44500e+01   constant   
  13  beta_y       1.57718e-04     fixed    
  14  alpha_vw     0.00000e+00     fixed    
  15  w_vw         1.29000e+01   constant   
  16  beta_vw      0.00000e+00     fixed    
  17  LM           1.14256e-03   constant   
  18  zeta_y       0.00000e+00   constant   
  19  zeta_vw      0.00000e+00   constant   
  20  T_CBO        1.69348e+01   5.19265e+00   7.41783e-06  -1.54770e-02
  21  alpha_A0    -8.85151e+04   5.00198e+05   1.61174e+01   1.90308e-09
  22  beta_A0      9.81972e+03   1.28195e+05   1.61205e+01  -2.08634e-09
  23  alpha_phi   -2.48144e+05   1.34144e+06   1.61157e+01  -3.82400e-09
  24  beta_phi     1.41947e+05   7.74202e+05   1.61157e+01   6.17285e-09
 MIGRAD MINIMIZATION HAS CONVERGED.
 MIGRAD WILL VERIFY CONVERGENCE AND ERROR MATRIX.
 FCN=31.4031 FROM HESSE     STATUS=NOT POSDEF     50 CALLS        4755 TOTAL
                     EDM=9.6913e-05    STRATEGY= 1      ERR MATRIX NOT POS-DEF
  EXT PARAMETER                APPROXIMATE        STEP         FIRST   
  NO.   NAME      VALUE            ERROR          SIZE      DERIVATIVE 
   1  N0           3.52483e+06     fixed    
   2  tau          6.44358e+01   constant   
   3  A0           3.55064e-01     fixed    
   4  phi          4.12173e+00     fixed    
   5  R           -6.05970e+01   constant   
   6  alpha_CBO   -6.08766e-04     fixed    
   7  w_CBO        2.32500e+00   constant   
   8  beta_CBO     2.62521e-03     fixed    
   9  alpha_2CBO   6.77180e-04     fixed    
  10  beta_2CBO    1.57735e-04   5.86123e-04   1.59064e-06   1.31781e-01
  11  alpha_y     -1.68632e-04   5.66434e-04   1.57680e-06   1.87485e-01
  12  w_y          1.44500e+01   constant   
  13  beta_y       1.57718e-04     fixed    
  14  alpha_vw     0.00000e+00     fixed    
  15  w_vw         1.29000e+01   constant   
  16  beta_vw      0.00000e+00     fixed    
  17  LM           1.14256e-03   constant   
  18  zeta_y       0.00000e+00   constant   
  19  zeta_vw      0.00000e+00   constant   
  20  T_CBO        1.69400e+01   5.31430e+00   7.32853e-06  -2.08314e-01
  21  alpha_A0    -8.43238e+04   4.86698e+05   1.60756e+01  -3.41226e-09
  22  beta_A0      1.39775e+04   1.34639e+05   1.60787e+01   1.34524e-09
  23  alpha_phi   -2.49423e+05   1.37855e+06   1.60739e+01  -4.06658e-09
  24  beta_phi     1.44624e+05   8.04091e+05   1.60739e+01   4.73938e-09
 CALL LIMIT EXCEEDED IN MIGRAD.
 MIGRAD TERMINATED WITHOUT CONVERGENCE.
 FCN=31.3971 FROM MIGRAD    STATUS=CALL LIMIT   1147 CALLS        5774 TOTAL
                     EDM=5.44827e-05    STRATEGY= 1      ERR MATRIX NOT POS-DEF
  EXT PARAMETER                APPROXIMATE        STEP         FIRST   
  NO.   NAME      VALUE            ERROR          SIZE      DERIVATIVE 
   1  N0           3.52483e+06     fixed    
   2  tau          6.44358e+01   constant   
   3  A0           3.55064e-01     fixed    
   4  phi          4.12173e+00     fixed    
   5  R           -6.05970e+01   constant   
   6  alpha_CBO   -6.08766e-04     fixed    
   7  w_CBO        2.32500e+00   constant   
   8  beta_CBO     2.62521e-03     fixed    
   9  alpha_2CBO   6.77180e-04     fixed    
  10  beta_2CBO    1.61648e-04   5.78553e-04   4.11946e-07   3.18835e+00
  11  alpha_y     -1.69244e-04   5.73331e-04  -5.22119e-07  -2.15249e+00
  12  w_y          1.44500e+01   constant   
  13  beta_y       1.57718e-04     fixed    
  14  alpha_vw     0.00000e+00     fixed    
  15  w_vw         1.29000e+01   constant   
  16  beta_vw      0.00000e+00     fixed    
  17  LM           1.14256e-03   constant   
  18  zeta_y       0.00000e+00   constant   
  19  zeta_vw      0.00000e+00   constant   
  20  T_CBO        1.93816e+01   9.05600e+00   2.68850e-04  -3.88276e+00
  21  alpha_A0    -8.70638e+03   6.74348e+04   3.12626e+02  -1.38132e-07
  22  beta_A0      1.60906e+03   1.80812e+04  -2.81229e+01  -2.36450e-07
  23  alpha_phi   -2.70655e+04   2.05324e+05   8.53459e+02   1.19383e-06
  24  beta_phi     1.57044e+04   1.22984e+05  -4.39466e+02  -1.39807e-07
 EXTERNAL ERROR MATRIX.    NDIM=  25    NPAR=  7    ERR DEF=1
  3.347e-07 -6.073e-09  1.185e-04  1.729e+00  8.508e-01  2.014e+00 -7.606e-01 
 -6.073e-09  3.287e-07 -4.913e-05 -5.605e-01 -4.725e-01 -5.943e-01  4.366e-01 
  1.185e-04 -4.913e-05  8.213e+01  6.024e+05 -9.977e+04  1.860e+06 -1.106e+06 
  1.729e+00 -5.605e-01  6.024e+05  4.547e+09 -7.380e+08  1.364e+10 -8.097e+09 
  8.508e-01 -4.725e-01 -9.977e+04 -7.380e+08  3.269e+08 -2.245e+09  1.312e+09 
  2.014e+00 -5.943e-01  1.860e+06  1.364e+10 -2.245e+09  4.216e+10 -2.505e+10 
 -7.606e-01  4.366e-01 -1.106e+06 -8.097e+09  1.312e+09 -2.505e+10  1.513e+10 
ERR MATRIX NOT POS-DEF
 PARAMETER  CORRELATION COEFFICIENTS  
       NO.  GLOBAL     10     11     20     21     22     23     24
       10  0.29436   1.000 -0.018  0.023  0.044  0.081  0.017 -0.011
       11  0.17742  -0.018  1.000 -0.009 -0.014 -0.046 -0.005  0.006
       20  0.99961   0.023 -0.009  1.000  0.986 -0.609  1.000 -0.992
       21  0.98617   0.044 -0.014  0.986  1.000 -0.605  0.985 -0.976
       22  0.65048   0.081 -0.046 -0.609 -0.605  1.000 -0.605  0.590
       23  0.99957   0.017 -0.005  1.000  0.985 -0.605  1.000 -0.992
       24  0.99279  -0.011  0.006 -0.992 -0.976  0.590 -0.992  1.000
 ERR MATRIX NOT POS-DEF
MINUIT - FIT ONLY 2-y
 **********
 **   67 **RES 
 **********
                   PARAMETER   16  beta_vw RESTORED TO VARIABLE.
                   PARAMETER   14  alpha_vw RESTORED TO VARIABLE.
                   PARAMETER   13  beta_y RESTORED TO VARIABLE.
                   PARAMETER    9  alpha_2CBO RESTORED TO VARIABLE.
                   PARAMETER    8  beta_CBO RESTORED TO VARIABLE.
                   PARAMETER    6  alpha_CBO RESTORED TO VARIABLE.
                   PARAMETER    4  phi RESTORED TO VARIABLE.
                   PARAMETER    3  A0 RESTORED TO VARIABLE.
                   PARAMETER    1  N0 RESTORED TO VARIABLE.
 **********
 **   68 **FIX            0
 **********
 PARAMETER    0  IS UNDEFINED. IGNORED.
 **********
 **   69 **FIX            1
 **********
 **********
 **   70 **FIX            2
 **********
 PARAMETER    2  IS CONSTANT.   IGNORED.
 **********
 **   71 **FIX            3
 **********
 **********
 **   72 **FIX            4
 **********
 **********
 **   73 **FIX            5
 **********
 PARAMETER    5  IS CONSTANT.   IGNORED.
 **********
 **   74 **FIX            6
 **********
 **********
 **   75 **FIX            7
 **********
 PARAMETER    7  IS CONSTANT.   IGNORED.
 **********
 **   76 **FIX            8
 **********
 **********
 **   77 **FIX            9
 **********
 **********
 **   78 **FIX           10
 **********
 **********
 **   79 **FIX           11
 **********
 **********
 **   80 **FIX           12
 **********
 PARAMETER   12  IS CONSTANT.   IGNORED.
 **********
 **   81 **FIX           16
 **********
 **********
 **   82 **MIGRAD
 **********
 START MIGRAD MINIMIZATION.  STRATEGY  1.  CONVERGENCE WHEN EDM .LT. 1.00e-04
 FCN=31.3971 FROM MIGRAD    STATUS=INITIATE       16 CALLS        5790 TOTAL
                     EDM= unknown      STRATEGY= 1      NO ERROR MATRIX       
  EXT PARAMETER               CURRENT GUESS       STEP         FIRST   
  NO.   NAME      VALUE            ERROR          SIZE      DERIVATIVE 
   1  N0           3.52483e+06     fixed    
   2  tau          6.44358e+01   constant   
   3  A0           3.55064e-01     fixed    
   4  phi          4.12173e+00     fixed    
   5  R           -6.05970e+01   constant   
   6  alpha_CBO   -6.08766e-04     fixed    
   7  w_CBO        2.32500e+00   constant   
   8  beta_CBO     2.62521e-03     fixed    
   9  alpha_2CBO   6.77180e-04     fixed    
  10  beta_2CBO    1.61648e-04     fixed    
  11  alpha_y     -1.69244e-04     fixed    
  12  w_y          1.44500e+01   constant   
  13  beta_y       1.57718e-04   5.68128e-04   5.68128e-04  -3.21031e+02
  14  alpha_vw     0.00000e+00   1.00000e-03   1.00000e-03  -5.12169e+03
  15  w_vw         1.29000e+01   constant   
  16  beta_vw      0.00000e+00     fixed    
  17  LM           1.14256e-03   constant   
  18  zeta_y       0.00000e+00   constant   
  19  zeta_vw      0.00000e+00   constant   
  20  T_CBO        1.93816e+01   9.05600e+00   2.68850e-04  -3.88276e+00
  21  alpha_A0    -8.70638e+03   6.74348e+04   3.12626e+02  -1.38130e-07
  22  beta_A0      1.60906e+03   1.80812e+04  -2.81229e+01  -2.36449e-07
  23  alpha_phi   -2.70655e+04   2.05324e+05   8.53459e+02   1.19383e-06
  24  beta_phi     1.57044e+04   1.22984e+05  -4.39466e+02  -1.39807e-07
 MIGRAD MINIMIZATION HAS CONVERGED.
 MIGRAD WILL VERIFY CONVERGENCE AND ERROR MATRIX.
 FCN=29.1916 FROM MIGRAD    STATUS=CONVERGED     128 CALLS        5902 TOTAL
                     EDM=8.44309e-06    STRATEGY= 1      ERR MATRIX NOT POS-DEF
  EXT PARAMETER                APPROXIMATE        STEP         FIRST   
  NO.   NAME      VALUE            ERROR          SIZE      DERIVATIVE 
   1  N0           3.52483e+06     fixed    
   2  tau          6.44358e+01   constant   
   3  A0           3.55064e-01     fixed    
   4  phi          4.12173e+00     fixed    
   5  R           -6.05970e+01   constant   
   6  alpha_CBO   -6.08766e-04     fixed    
   7  w_CBO        2.32500e+00   constant   
   8  beta_CBO     2.62521e-03     fixed    
   9  alpha_2CBO   6.77180e-04     fixed    
  10  beta_2CBO    1.61648e-04     fixed    
  11  alpha_y     -1.69244e-04     fixed    
  12  w_y          1.44500e+01   constant   
  13  beta_y       3.36478e-04   5.78250e-04   1.53620e-06  -1.33889e-01
  14  alpha_vw     8.50055e-04   5.72605e-04   1.52157e-06   5.95323e-02
  15  w_vw         1.29000e+01   constant   
  16  beta_vw      0.00000e+00     fixed    
