 + ++++++++++++++++++++++++++++++++++++++++++++++++++++++++++++++++++++ +
 +                                                                      +
 +           You have chose to blind your fitting according to          +
 +                omega_ref * (1 + (R +/- deltaR) *10^{-6})             +
 +                                                                      +
 + ++++++++++++++++++++++++++++++++++++++++++++++++++++++++++++++++++++ +
In main()...
reading format from /gm2data/zkhechad/run45/envelope/formats/formatB_sBin_constraintOn.txt
pBinTau 	= 0  
pBinPhi 	= 0  
constraintau 	= 1 
includeMopTerm 	= 0    
constrainMop    = 0   
Parameters after format file: pBinTau 0 pBinPhi 0 constraintau 1 includeMopTerm 0 constrainMop 0 c_e_scale 0.000000 
Opening file /gm2data/tbarrett/gm2fr/studies/run23_bunch_corrections/CorrectedFourier_Run3b.root.
reading full fit data from /gm2data/zkhechad/cboTemplates/Run4CBOTemplates/fullFits/noRF/sBin_constraintOn_cE0.0_seed0_noRF_calo11.root
windowBins = 69
fitting sliding window 2450 from bin 2586 at 385.682000 to bin 2655 at 396.126000 (69 bins)

Reading data from /gm2data/cornell/histograms/aMethod/histogram_a_noRF.root
 **********
 **    1 **SET PRINTOUT            1
 **********
 **********
 **    2 **SET NOWARNINGS 
 **********
 PARAMETER DEFINITIONS:
    NO.   NAME         VALUE      STEP SIZE      LIMITS
     1 N0           3.16093e+06  1.00000e+02     no limits
     2 tau          6.43989e+01  constant
     3 A0           3.42733e-01  1.00000e-04     no limits
     4 phi          4.11801e+00  1.00000e-02     no limits
     5 R           -6.14725e+01  constant
     6 alpha_CBO    0.00000e+00  1.00000e-03     no limits
     7 w_CBO        2.32500e+00  constant
     8 beta_CBO     0.00000e+00  1.00000e-03     no limits
     9 alpha_2CBO   0.00000e+00  1.00000e-03     no limits
    10 beta_2CBO    0.00000e+00  1.00000e-03     no limits
    11 alpha_y      0.00000e+00  1.00000e-03     no limits
    12 w_y          1.38860e+01  constant
    13 beta_y       0.00000e+00  1.00000e-03     no limits
    14 alpha_vw     0.00000e+00  1.00000e-03     no limits
    15 w_vw         1.43404e+01  constant
    16 beta_vw      0.00000e+00  1.00000e-03     no limits
    17 LM          -2.06090e-04  constant
    18 zeta_y       0.00000e+00  constant
    19 zeta_vw      0.00000e+00  constant
    20 T_CBO        1.00000e+02  1.00000e+00    0.00000e+00  1.00000e+03
    21 alpha_A0     0.00000e+00  1.00000e-03     no limits
    22 beta_A0      0.00000e+00  1.00000e-03     no limits
    23 alpha_phi    0.00000e+00  1.00000e-03     no limits
    24 beta_phi     0.00000e+00  1.00000e-03     no limits
MINUIT - FIT ONLY WIGGLE
 **********
 **    3 **FIX            5
 **********
 PARAMETER    5  IS CONSTANT.   IGNORED.
 **********
 **    4 **FIX            6
 **********
 **********
 **    5 **FIX            7
 **********
 PARAMETER    7  IS CONSTANT.   IGNORED.
 **********
 **    6 **FIX            8
 **********
 **********
 **    7 **FIX            9
 **********
 **********
 **    8 **FIX           10
 **********
 **********
 **    9 **FIX           11
 **********
 **********
 **   10 **FIX           12
 **********
 PARAMETER   12  IS CONSTANT.   IGNORED.
 **********
 **   11 **FIX           13
 **********
 **********
 **   12 **FIX           14
 **********
 **********
 **   13 **FIX           15
 **********
 PARAMETER   15  IS CONSTANT.   IGNORED.
 **********
 **   14 **FIX           16
 **********
 **********
 **   15 **MIGRAD
 **********
 FIRST CALL TO USER FUNCTION AT NEW START POINT, WITH IFLAG=4.
 START MIGRAD MINIMIZATION.  STRATEGY  1.  CONVERGENCE WHEN EDM .LT. 1.00e-04
 FCN=61.7537 FROM MIGRAD    STATUS=INITIATE      437 CALLS         438 TOTAL
                     EDM= unknown      STRATEGY= 1      NO ERROR MATRIX       
  EXT PARAMETER               CURRENT GUESS       STEP         FIRST   
  NO.   NAME      VALUE            ERROR          SIZE      DERIVATIVE 
   1  N0           3.16093e+06   1.00000e+02   0.00000e+00   1.54476e-03
   2  tau          6.43989e+01   constant   
   3  A0           3.42733e-01   1.00000e-04   0.00000e+00   1.57343e+03
   4  phi          4.11801e+00   1.00000e-02   0.00000e+00  -1.04860e+02
   5  R           -6.14725e+01   constant   
   6  alpha_CBO    0.00000e+00     fixed    
   7  w_CBO        2.32500e+00   constant   
   8  beta_CBO     0.00000e+00     fixed    
   9  alpha_2CBO   0.00000e+00     fixed    
  10  beta_2CBO    0.00000e+00     fixed    
  11  alpha_y      0.00000e+00     fixed    
  12  w_y          1.38860e+01   constant   
  13  beta_y       0.00000e+00     fixed    
  14  alpha_vw     0.00000e+00     fixed    
  15  w_vw         1.43404e+01   constant   
  16  beta_vw      0.00000e+00     fixed    
  17  LM          -2.06090e-04   constant   
  18  zeta_y       0.00000e+00   constant   
  19  zeta_vw      0.00000e+00   constant   
  20  T_CBO        1.00000e+02   1.00000e+00   0.00000e+00   0.00000e+00
  21  alpha_A0     0.00000e+00   1.00000e-03   0.00000e+00  -1.08061e+01
  22  beta_A0      0.00000e+00   1.00000e-03   0.00000e+00  -1.00830e+01
  23  alpha_phi    0.00000e+00   1.00000e-03   0.00000e+00  -1.11589e+01
  24  beta_phi     0.00000e+00   1.00000e-03   0.00000e+00   1.84068e+00
 MIGRAD MINIMIZATION HAS CONVERGED.
 MIGRAD WILL VERIFY CONVERGENCE AND ERROR MATRIX.
 FCN=51.3245 FROM HESSE     STATUS=NOT POSDEF     61 CALLS         610 TOTAL
                     EDM=5.55686e-05    STRATEGY= 1      ERR MATRIX NOT POS-DEF
  EXT PARAMETER                APPROXIMATE        STEP         FIRST   
  NO.   NAME      VALUE            ERROR          SIZE      DERIVATIVE 
   1  N0           3.15630e+06   2.87585e+03   8.63162e+00  -3.68872e-08
   2  tau          6.43989e+01   constant   
   3  A0           3.41216e-01   1.20218e-03   4.12755e-06   6.99102e-02
   4  phi          4.11723e+00   3.59941e-03   1.24952e-05  -1.04642e-01
   5  R           -6.14725e+01   constant   
   6  alpha_CBO    0.00000e+00     fixed    
   7  w_CBO        2.32500e+00   constant   
   8  beta_CBO     0.00000e+00     fixed    
   9  alpha_2CBO   0.00000e+00     fixed    
  10  beta_2CBO    0.00000e+00     fixed    
  11  alpha_y      0.00000e+00     fixed    
  12  w_y          1.38860e+01   constant   
  13  beta_y       0.00000e+00     fixed    
  14  alpha_vw     0.00000e+00     fixed    
  15  w_vw         1.43404e+01   constant   
  16  beta_vw      0.00000e+00     fixed    
  17  LM          -2.06090e-04   constant   
  18  zeta_y       0.00000e+00   constant   
  19  zeta_vw      0.00000e+00   constant   
  20  T_CBO        1.01396e+02   1.58922e+02   1.27773e-04   1.09978e-02
  21  alpha_A0     3.30622e-01   2.10998e+00   8.57604e-04  -2.45105e-03
  22  beta_A0      3.33323e-01   2.12569e+00   8.07523e-04   4.02204e-04
  23  alpha_phi    3.49983e-01   2.23748e+00   7.93460e-04  -2.04562e-03
  24  beta_phi    -1.13634e-02   2.53028e-01   8.26429e-04  -1.15383e-03
 CALL LIMIT EXCEEDED IN MIGRAD.
 MIGRAD TERMINATED WITHOUT CONVERGENCE.
 FCN=51.3214 FROM MIGRAD    STATUS=CALL LIMIT   1337 CALLS        1338 TOTAL
                     EDM=5.87992e-05    STRATEGY= 1      ERR MATRIX NOT POS-DEF
  EXT PARAMETER                APPROXIMATE        STEP         FIRST   
  NO.   NAME      VALUE            ERROR          SIZE      DERIVATIVE 
   1  N0           3.15630e+06   2.44485e+03   4.88938e+00  -1.61584e-06
   2  tau          6.43989e+01   constant   
   3  A0           3.41206e-01   1.18316e-03  -1.03915e-06  -5.86387e-01
   4  phi          4.11728e+00   3.48554e-03   8.80190e-07  -5.68064e-01
   5  R           -6.14725e+01   constant   
   6  alpha_CBO    0.00000e+00     fixed    
   7  w_CBO        2.32500e+00   constant   
   8  beta_CBO     0.00000e+00     fixed    
   9  alpha_2CBO   0.00000e+00     fixed    
  10  beta_2CBO    0.00000e+00     fixed    
  11  alpha_y      0.00000e+00     fixed    
  12  w_y          1.38860e+01   constant   
  13  beta_y       0.00000e+00     fixed    
  14  alpha_vw     0.00000e+00     fixed    
  15  w_vw         1.43404e+01   constant   
  16  beta_vw      0.00000e+00     fixed    
  17  LM          -2.06090e-04   constant   
  18  zeta_y       0.00000e+00   constant   
  19  zeta_vw      0.00000e+00   constant   
  20  T_CBO        7.37600e+01   1.06310e+02  -2.58714e-03  -4.83558e-01
  21  alpha_A0     1.39678e+00   1.04943e+01   6.38269e-02  -2.60717e-03
  22  beta_A0      1.40363e+00   1.02168e+01   6.21952e-02  -1.33446e-02
  23  alpha_phi    1.48687e+00   1.12029e+01   6.80599e-02  -3.48670e-03
  24  beta_phi    -5.01970e-02   4.40238e-01  -2.33467e-03   4.39848e-03
 EXTERNAL ERROR MATRIX.    NDIM=  25    NPAR=  8    ERR DEF=1
  5.977e+06 -3.960e-02  2.914e-01  1.020e+04 -9.879e+02 -1.103e+03 -1.163e+03 -5.617e+01 
 -3.960e-02  1.400e-06  2.648e-07  2.881e-03 -3.796e-04 -3.630e-04 -4.105e-04  3.454e-05 
  2.914e-01  2.648e-07  1.215e-05 -1.239e-02  9.099e-04  8.808e-04  9.169e-04 -1.034e-04 
  1.020e+04  2.881e-03 -1.239e-02  1.199e+04 -1.148e+03 -1.118e+03 -1.226e+03  4.015e+01 
 -9.879e+02 -3.796e-04  9.099e-04 -1.148e+03  1.101e+02  1.072e+02  1.175e+02 -3.850e+00 
 -1.103e+03 -3.630e-04  8.808e-04 -1.118e+03  1.072e+02  1.044e+02  1.144e+02 -3.741e+00 
 -1.163e+03 -4.105e-04  9.169e-04 -1.226e+03  1.175e+02  1.144e+02  1.255e+02 -4.106e+00 
 -5.617e+01  3.454e-05 -1.034e-04  4.015e+01 -3.850e+00 -3.741e+00 -4.106e+00  1.938e-01 
ERR MATRIX NOT POS-DEF
 PARAMETER  CORRELATION COEFFICIENTS  
       NO.  GLOBAL      1      3      4     20     21     22     23     24
        1  0.27383   1.000 -0.014  0.034  0.038 -0.039 -0.044 -0.042 -0.052
        3  0.26782  -0.014  1.000  0.064  0.022 -0.031 -0.030 -0.031  0.066
        4  0.25980   0.034  0.064  1.000 -0.032  0.025  0.025  0.023 -0.067
       20  0.99954   0.038  0.022 -0.032  1.000 -0.999 -0.999 -0.999  0.833
       21  0.99964  -0.039 -0.031  0.025 -0.999  1.000  0.999  1.000 -0.833
       22  0.99970  -0.044 -0.030  0.025 -0.999  0.999  1.000  0.999 -0.832
       23  0.99968  -0.042 -0.031  0.023 -0.999  1.000  0.999  1.000 -0.833
       24  0.84055  -0.052  0.066 -0.067  0.833 -0.833 -0.832 -0.833  1.000
 ERR MATRIX NOT POS-DEF
MINUIT - FIT ONLY 1-CBO + wiggle
 **********
 **   16 **RES 
 **********
                   PARAMETER   16  beta_vw RESTORED TO VARIABLE.
                   PARAMETER   14  alpha_vw RESTORED TO VARIABLE.
                   PARAMETER   13  beta_y RESTORED TO VARIABLE.
                   PARAMETER   11  alpha_y RESTORED TO VARIABLE.
                   PARAMETER   10  beta_2CBO RESTORED TO VARIABLE.
                   PARAMETER    9  alpha_2CBO RESTORED TO VARIABLE.
                   PARAMETER    8  beta_CBO RESTORED TO VARIABLE.
                   PARAMETER    6  alpha_CBO RESTORED TO VARIABLE.
 **********
 **   17 **FIX            8
 **********
 **********
 **   18 **FIX            9
 **********
 **********
 **   19 **FIX           11
 **********
 **********
 **   20 **FIX           12
 **********
 PARAMETER   12  IS CONSTANT.   IGNORED.
 **********
 **   21 **FIX           14
 **********
 **********
 **   22 **FIX           15
 **********
 PARAMETER   15  IS CONSTANT.   IGNORED.
 **********
 **   23 **FIX           16
 **********
 **********
 **   24 **MIGRAD
 **********
 START MIGRAD MINIMIZATION.  STRATEGY  1.  CONVERGENCE WHEN EDM .LT. 1.00e-04
 FCN=51.3214 FROM MIGRAD    STATUS=INITIATE       28 CALLS        1366 TOTAL
                     EDM= unknown      STRATEGY= 1      NO ERROR MATRIX       
  EXT PARAMETER               CURRENT GUESS       STEP         FIRST   
  NO.   NAME      VALUE            ERROR          SIZE      DERIVATIVE 
   1  N0           3.15630e+06   2.44485e+03   4.88938e+00  -1.61584e-06
   2  tau          6.43989e+01   constant   
   3  A0           3.41206e-01   1.18316e-03  -1.03915e-06  -5.86387e-01
   4  phi          4.11728e+00   3.48554e-03   8.80190e-07  -5.68064e-01
   5  R           -6.14725e+01   constant   
   6  alpha_CBO    0.00000e+00   1.00000e-03   1.00000e-03  -2.77947e+03
   7  w_CBO        2.32500e+00   constant   
   8  beta_CBO     0.00000e+00     fixed    
   9  alpha_2CBO   0.00000e+00     fixed    
  10  beta_2CBO    0.00000e+00   1.00000e-03   1.00000e-03  -1.50609e+03
  11  alpha_y      0.00000e+00     fixed    
  12  w_y          1.38860e+01   constant   
  13  beta_y       0.00000e+00   1.00000e-03   1.00000e-03   4.76439e+02
  14  alpha_vw     0.00000e+00     fixed    
  15  w_vw         1.43404e+01   constant   
  16  beta_vw      0.00000e+00     fixed    
  17  LM          -2.06090e-04   constant   
  18  zeta_y       0.00000e+00   constant   
  19  zeta_vw      0.00000e+00   constant   
  20  T_CBO        7.37600e+01   1.06310e+02  -2.58714e-03  -4.83562e-01
  21  alpha_A0     1.39678e+00   1.04943e+01   6.38269e-02  -2.60717e-03
  22  beta_A0      1.40363e+00   1.02168e+01   6.21952e-02  -1.33446e-02
  23  alpha_phi    1.48687e+00   1.12029e+01   6.80599e-02  -3.48670e-03
  24  beta_phi    -5.01970e-02   4.40238e-01  -2.33467e-03   4.39848e-03
 MIGRAD MINIMIZATION HAS CONVERGED.
 MIGRAD WILL VERIFY CONVERGENCE AND ERROR MATRIX.
 FCN=47.5525 FROM MIGRAD    STATUS=CONVERGED     247 CALLS        1585 TOTAL
                     EDM=5.97936e-06    STRATEGY= 1      ERR MATRIX NOT POS-DEF
  EXT PARAMETER                APPROXIMATE        STEP         FIRST   
  NO.   NAME      VALUE            ERROR          SIZE      DERIVATIVE 
   1  N0           3.15634e+06   2.88095e+03   8.31476e+00  -2.97130e-07
   2  tau          6.43989e+01   constant   
   3  A0           3.41323e-01   1.20473e-03   3.97545e-06  -1.63464e-01
   4  phi          4.11865e+00   3.69541e-03   1.20335e-05  -1.10832e-02
   5  R           -6.14725e+01   constant   
   6  alpha_CBO    2.09880e-03   1.25008e-03   4.11165e-06  -2.88161e-01
   7  w_CBO        2.32500e+00   constant   
   8  beta_CBO     0.00000e+00     fixed    
   9  alpha_2CBO   0.00000e+00     fixed    
  10  beta_2CBO    1.01035e-03   1.25247e-03   4.13953e-06   6.65534e-01
  11  alpha_y      0.00000e+00     fixed    
  12  w_y          1.38860e+01   constant   
  13  beta_y      -3.79924e-04   1.21557e-03   4.14513e-06   3.91189e-01
  14  alpha_vw     0.00000e+00     fixed    
  15  w_vw         1.43404e+01   constant   
  16  beta_vw      0.00000e+00     fixed    
  17  LM          -2.06090e-04   constant   
  18  zeta_y       0.00000e+00   constant   
  19  zeta_vw      0.00000e+00   constant   
  20  T_CBO        7.35899e+01   8.81150e+01   7.63935e-05  -1.14212e-01
  21  alpha_A0     1.53443e+00   9.96987e+00   3.53809e-03  -7.67171e-04
  22  beta_A0      1.52069e+00   9.87818e+00   3.32702e-03  -2.18001e-03
  23  alpha_phi    1.22932e+00   8.03347e+00   3.27535e-03  -1.46772e-03
  24  beta_phi    -3.35790e-02   1.06597e+00   3.41320e-03   1.63046e-04
 EXTERNAL ERROR MATRIX.    NDIM=  25    NPAR= 11    ERR DEF=1
  8.300e+06 
 -3.573e-01  1.451e-06 
  1.325e+00  1.570e-07  1.366e-05 
 -6.204e-02  5.539e-08  1.039e-06  1.563e-06 
  1.598e-01  5.413e-08 -1.478e-07 -1.246e-07  1.569e-06 
  5.971e-02  2.794e-09 -3.651e-08 -3.074e-08  2.217e-08  1.478e-06 
 -2.002e+03  2.476e-03 -2.002e-02  6.060e-04 -7.640e-04 -3.964e-04  8.078e+03 
  1.012e+03 -4.477e-04  2.325e-03  2.462e-05  6.929e-05  4.348e-05 -8.907e+02  9.940e+01 
  2.390e+02 -3.913e-04  2.095e-03 -1.110e-04  2.969e-04  6.572e-05 -8.833e+02  9.748e+01  9.758e+01 
  3.219e+02 -4.223e-04  1.441e-03 -1.537e-04 -1.163e-04  1.643e-05 -7.165e+02  7.912e+01  7.831e+01  6.454e+01 
 -7.393e+02  1.454e-04 -5.211e-04  9.318e-06  1.084e-05 -3.054e-06  1.999e+01 -2.318e+00 -2.206e+00 -1.822e+00  1.136e+00 
ERR MATRIX NOT POS-DEF
 PARAMETER  CORRELATION COEFFICIENTS  
       NO.  GLOBAL      1      3      4      6     10     13     20     21     22     23     24
        1  0.36029   1.000 -0.103  0.124 -0.017  0.044  0.017 -0.008  0.035  0.008  0.014 -0.241
        3  0.25477  -0.103  1.000  0.035  0.037  0.036  0.002  0.023 -0.037 -0.033 -0.044  0.113
        4  0.29901   0.124  0.035  1.000  0.225 -0.032 -0.008 -0.060  0.063  0.057  0.049 -0.132
        6  0.26646  -0.017  0.037  0.225  1.000 -0.080 -0.020  0.005  0.002 -0.009 -0.015  0.007
       10  0.24887   0.044  0.036 -0.032 -0.080  1.000  0.015 -0.007  0.006  0.024 -0.012  0.008
       13  0.03782   0.017  0.002 -0.008 -0.020  0.015  1.000 -0.004  0.004  0.005  0.002 -0.002
       20  0.99788  -0.008  0.023 -0.060  0.005 -0.007 -0.004  1.000 -0.994 -0.995 -0.992  0.209
       21  0.99458   0.035 -0.037  0.063  0.002  0.006  0.004 -0.994  1.000  0.990  0.988 -0.218
       22  0.99512   0.008 -0.033  0.057 -0.009  0.024  0.005 -0.995  0.990  1.000  0.987 -0.209
       23  0.99283   0.014 -0.044  0.049 -0.015 -0.012  0.002 -0.992  0.988  0.987  1.000 -0.213
       24  0.34530  -0.241  0.113 -0.132  0.007  0.008 -0.002  0.209 -0.218 -0.209 -0.213  1.000
 ERR MATRIX NOT POS-DEF
MINUIT - FIT ONLY 2-CBO
 **********
 **   25 **RES 
 **********
                   PARAMETER   16  beta_vw RESTORED TO VARIABLE.
                   PARAMETER   14  alpha_vw RESTORED TO VARIABLE.
                   PARAMETER   11  alpha_y RESTORED TO VARIABLE.
                   PARAMETER    9  alpha_2CBO RESTORED TO VARIABLE.
                   PARAMETER    8  beta_CBO RESTORED TO VARIABLE.
 **********
 **   26 **FIX            0
 **********
 PARAMETER    0  IS UNDEFINED. IGNORED.
 **********
 **   27 **FIX            1
 **********
 **********
 **   28 **FIX            2
 **********
 PARAMETER    2  IS CONSTANT.   IGNORED.
 **********
 **   29 **FIX            3
 **********
 **********
 **   30 **FIX            4
 **********
 **********
 **   31 **FIX            5
 **********
 PARAMETER    5  IS CONSTANT.   IGNORED.
 **********
 **   32 **FIX            6
 **********
 **********
 **   33 **FIX            7
 **********
 PARAMETER    7  IS CONSTANT.   IGNORED.
 **********
 **   34 **FIX           10
 **********
 **********
 **   35 **FIX           11
 **********
 **********
 **   36 **FIX           12
 **********
 PARAMETER   12  IS CONSTANT.   IGNORED.
 **********
 **   37 **FIX           13
 **********
 **********
 **   38 **FIX           14
 **********
 **********
 **   39 **FIX           15
 **********
 PARAMETER   15  IS CONSTANT.   IGNORED.
 **********
 **   40 **FIX           16
 **********
 **********
 **   41 **MIGRAD
 **********
 START MIGRAD MINIMIZATION.  STRATEGY  1.  CONVERGENCE WHEN EDM .LT. 1.00e-04
 FCN=47.5525 FROM MIGRAD    STATUS=INITIATE       18 CALLS        1603 TOTAL
                     EDM= unknown      STRATEGY= 1      NO ERROR MATRIX       
  EXT PARAMETER               CURRENT GUESS       STEP         FIRST   
  NO.   NAME      VALUE            ERROR          SIZE      DERIVATIVE 
   1  N0           3.15634e+06     fixed    
   2  tau          6.43989e+01   constant   
   3  A0           3.41323e-01     fixed    
   4  phi          4.11865e+00     fixed    
   5  R           -6.14725e+01   constant   
   6  alpha_CBO    2.09880e-03     fixed    
   7  w_CBO        2.32500e+00   constant   
   8  beta_CBO     0.00000e+00   1.00000e-03   1.00000e-03   1.03948e+03
   9  alpha_2CBO   0.00000e+00   1.00000e-03   1.00000e-03  -2.67326e+03
  10  beta_2CBO    1.01035e-03     fixed    
  11  alpha_y      0.00000e+00     fixed    
  12  w_y          1.38860e+01   constant   
  13  beta_y      -3.79924e-04     fixed    
  14  alpha_vw     0.00000e+00     fixed    
  15  w_vw         1.43404e+01   constant   
  16  beta_vw      0.00000e+00     fixed    
  17  LM          -2.06090e-04   constant   
  18  zeta_y       0.00000e+00   constant   
  19  zeta_vw      0.00000e+00   constant   
  20  T_CBO        7.35899e+01   8.81150e+01   7.63935e-05  -1.14065e-01
  21  alpha_A0     1.53443e+00   9.96987e+00   3.53809e-03  -7.67186e-04
  22  beta_A0      1.52069e+00   9.87818e+00   3.32702e-03  -2.18000e-03
  23  alpha_phi    1.22932e+00   8.03347e+00   3.27535e-03  -1.46772e-03
  24  beta_phi    -3.35790e-02   1.06597e+00   3.41320e-03   1.63046e-04
 MIGRAD MINIMIZATION HAS CONVERGED.
 MIGRAD WILL VERIFY CONVERGENCE AND ERROR MATRIX.
 FCN=44.5215 FROM MIGRAD    STATUS=CONVERGED     131 CALLS        1716 TOTAL
                     EDM=9.54365e-05    STRATEGY= 1      ERR MATRIX NOT POS-DEF
  EXT PARAMETER                APPROXIMATE        STEP         FIRST   
  NO.   NAME      VALUE            ERROR          SIZE      DERIVATIVE 
   1  N0           3.15634e+06     fixed    
   2  tau          6.43989e+01   constant   
   3  A0           3.41323e-01     fixed    
   4  phi          4.11865e+00     fixed    
   5  R           -6.14725e+01   constant   
   6  alpha_CBO    2.09880e-03     fixed    
   7  w_CBO        2.32500e+00   constant   
   8  beta_CBO    -7.18056e-04   1.21578e-03   3.97635e-06  -4.19639e-01
   9  alpha_2CBO   1.98818e-03   1.22229e-03   3.95015e-06  -2.92022e-01
  10  beta_2CBO    1.01035e-03     fixed    
  11  alpha_y      0.00000e+00     fixed    
  12  w_y          1.38860e+01   constant   
  13  beta_y      -3.79924e-04     fixed    
  14  alpha_vw     0.00000e+00     fixed    
  15  w_vw         1.43404e+01   constant   
  16  beta_vw      0.00000e+00     fixed    
  17  LM          -2.06090e-04   constant   
  18  zeta_y       0.00000e+00   constant   
  19  zeta_vw      0.00000e+00   constant   
  20  T_CBO        7.40499e+01   8.44587e+01   6.96131e-05   1.14104e-02
  21  alpha_A0     1.73874e+00   1.06599e+01   3.31270e-03  -4.89924e-04
  22  beta_A0      1.46772e+00   9.01692e+00   3.11968e-03  -8.05505e-04
  23  alpha_phi    1.22019e+00   7.53982e+00   3.06540e-03   3.25755e-04
  24  beta_phi     2.15151e-01   1.64383e+00   3.20073e-03  -2.89152e-05
 EXTERNAL ERROR MATRIX.    NDIM=  25    NPAR=  7    ERR DEF=1
  1.478e-06  4.073e-08  1.591e-03 -2.047e-04 -1.648e-05 -1.154e-04 -7.541e-05 
  4.073e-08  1.494e-06  4.198e-04  1.326e-04  1.105e-05 -5.302e-06  1.567e-04 
  1.591e-03  4.198e-04  7.395e+03 -9.125e+02 -7.710e+02 -6.434e+02 -1.135e+02 
 -2.047e-04  1.326e-04 -9.125e+02  1.136e+02  9.522e+01  7.948e+01  1.399e+01 
 -1.648e-05  1.105e-05 -7.710e+02  9.522e+01  8.130e+01  6.707e+01  1.182e+01 
 -1.154e-04 -5.302e-06 -6.434e+02  7.948e+01  6.707e+01  5.685e+01  9.851e+00 
 -7.541e-05  1.567e-04 -1.135e+02  1.399e+01  1.182e+01  9.851e+00  2.702e+00 
ERR MATRIX NOT POS-DEF
 PARAMETER  CORRELATION COEFFICIENTS  
       NO.  GLOBAL      8      9     20     21     22     23     24
        8  0.14203   1.000  0.027  0.015 -0.016 -0.002 -0.013 -0.038
        9  0.20811   0.027  1.000  0.004  0.010  0.001 -0.001  0.078
       20  0.99794   0.015  0.004  1.000 -0.995 -0.994 -0.992 -0.803
       21  0.99557  -0.016  0.010 -0.995  1.000  0.991  0.989  0.798
       22  0.99450  -0.002  0.001 -0.994  0.991  1.000  0.987  0.797
       23  0.99240  -0.013 -0.001 -0.992  0.989  0.987  1.000  0.795
       24  0.80787  -0.038  0.078 -0.803  0.798  0.797  0.795  1.000
 ERR MATRIX NOT POS-DEF
MINUIT - FIT wiggle + 1-CBO + 2-CBO
 **********
 **   42 **RES 
 **********
                   PARAMETER   16  beta_vw RESTORED TO VARIABLE.
                   PARAMETER   14  alpha_vw RESTORED TO VARIABLE.
                   PARAMETER   13  beta_y RESTORED TO VARIABLE.
                   PARAMETER   11  alpha_y RESTORED TO VARIABLE.
                   PARAMETER   10  beta_2CBO RESTORED TO VARIABLE.
                   PARAMETER    6  alpha_CBO RESTORED TO VARIABLE.
                   PARAMETER    4  phi RESTORED TO VARIABLE.
                   PARAMETER    3  A0 RESTORED TO VARIABLE.
                   PARAMETER    1  N0 RESTORED TO VARIABLE.
 **********
 **   43 **FIX           10
 **********
 **********
 **   44 **FIX           11
 **********
 **********
 **   45 **FIX           12
 **********
 PARAMETER   12  IS CONSTANT.   IGNORED.
 **********
 **   46 **FIX           13
 **********
 **********
 **   47 **FIX           14
 **********
 **********
 **   48 **FIX           15
 **********
 PARAMETER   15  IS CONSTANT.   IGNORED.
 **********
 **   49 **FIX           16
 **********
 **********
 **   50 **MIGRAD
 **********
 START MIGRAD MINIMIZATION.  STRATEGY  1.  CONVERGENCE WHEN EDM .LT. 1.00e-04
 FCN=44.5215 FROM MIGRAD    STATUS=INITIATE       22 CALLS        1738 TOTAL
                     EDM= unknown      STRATEGY= 1      NO ERROR MATRIX       
  EXT PARAMETER               CURRENT GUESS       STEP         FIRST   
  NO.   NAME      VALUE            ERROR          SIZE      DERIVATIVE 
   1  N0           3.15634e+06   2.88095e+03   2.88095e+03  -4.01593e-05
   2  tau          6.43989e+01   constant   
   3  A0           3.41323e-01   1.20473e-03   1.20473e-03  -1.39512e+02
   4  phi          4.11865e+00   3.69541e-03   3.69541e-03   3.93655e+01
   5  R           -6.14725e+01   constant   
   6  alpha_CBO    2.09880e-03   1.25008e-03   1.25008e-03   4.14089e+01
   7  w_CBO        2.32500e+00   constant   
   8  beta_CBO    -7.18056e-04   1.21578e-03   3.97635e-06  -4.19640e-01
   9  alpha_2CBO   1.98818e-03   1.22229e-03   3.95015e-06  -2.92022e-01
  10  beta_2CBO    1.01035e-03     fixed    
  11  alpha_y      0.00000e+00     fixed    
  12  w_y          1.38860e+01   constant   
  13  beta_y      -3.79924e-04     fixed    
  14  alpha_vw     0.00000e+00     fixed    
  15  w_vw         1.43404e+01   constant   
  16  beta_vw      0.00000e+00     fixed    
  17  LM          -2.06090e-04   constant   
  18  zeta_y       0.00000e+00   constant   
  19  zeta_vw      0.00000e+00   constant   
  20  T_CBO        7.40499e+01   8.44587e+01   6.96131e-05   1.15479e-02
  21  alpha_A0     1.73874e+00   1.06599e+01   3.31270e-03  -4.89937e-04
  22  beta_A0      1.46772e+00   9.01692e+00   3.11968e-03  -8.05496e-04
  23  alpha_phi    1.22019e+00   7.53982e+00   3.06540e-03   3.25755e-04
  24  beta_phi     2.15151e-01   1.64383e+00   3.20073e-03  -2.89154e-05
 MIGRAD MINIMIZATION HAS CONVERGED.
 MIGRAD WILL VERIFY CONVERGENCE AND ERROR MATRIX.
 FCN=44.5066 FROM MIGRAD    STATUS=CONVERGED     194 CALLS        1910 TOTAL
                     EDM=1.0558e-05    STRATEGY= 1      ERR MATRIX NOT POS-DEF
  EXT PARAMETER                APPROXIMATE        STEP         FIRST   
  NO.   NAME      VALUE            ERROR          SIZE      DERIVATIVE 
   1  N0           3.15646e+06   2.88242e+03   8.04998e+00   3.70493e-07
   2  tau          6.43989e+01   constant   
   3  A0           3.41417e-01   1.23647e-03   3.84802e-06  -4.40414e-01
   4  phi          4.11840e+00   3.70095e-03   1.16486e-05   1.35720e-01
   5  R           -6.14725e+01   constant   
   6  alpha_CBO    2.04812e-03   1.24618e-03   3.98058e-06  -6.88604e-01
   7  w_CBO        2.32500e+00   constant   
   8  beta_CBO    -7.43589e-04   1.25344e-03   3.97548e-06  -5.00274e-01
   9  alpha_2CBO   1.98941e-03   1.22509e-03   3.94929e-06  -3.42960e-01
  10  beta_2CBO    1.01035e-03     fixed    
  11  alpha_y      0.00000e+00     fixed    
  12  w_y          1.38860e+01   constant   
  13  beta_y      -3.79924e-04     fixed    
  14  alpha_vw     0.00000e+00     fixed    
  15  w_vw         1.43404e+01   constant   
  16  beta_vw      0.00000e+00     fixed    
  17  LM          -2.06090e-04   constant   
  18  zeta_y       0.00000e+00   constant   
  19  zeta_vw      0.00000e+00   constant   
  20  T_CBO        7.40345e+01   8.28983e+01   6.97403e-05   1.15547e-01
  21  alpha_A0     1.74182e+00   1.04902e+01   3.31682e-03   1.50471e-03
  22  beta_A0      1.46078e+00   8.81217e+00   3.12331e-03   1.57761e-03
  23  alpha_phi    1.21990e+00   7.39761e+00   3.06857e-03   7.96363e-04
  24  beta_phi     2.19655e-01   1.65964e+00   3.20412e-03  -9.20696e-04
 EXTERNAL ERROR MATRIX.    NDIM=  25    NPAR= 11    ERR DEF=1
  8.308e+06 
 -3.150e-01  1.529e-06 
  1.367e+00  2.213e-07  1.370e-05 
 -5.320e-02  5.270e-08  1.025e-06  1.553e-06 
 -2.139e-01 -3.514e-07 -2.144e-07  3.559e-08  1.571e-06 
 -8.936e-04 -6.607e-08 -2.660e-07 -2.323e-08  5.850e-08  1.501e-06 
 -2.536e+03  2.044e-03 -1.734e-02  7.327e-04  1.338e-03  6.543e-04  7.115e+03 
  1.081e+03 -4.308e-04  2.222e-03 -6.197e-06 -1.545e-04  1.102e-04 -8.803e+02  1.100e+02 
  2.353e+02 -3.807e-04  1.690e-03 -9.942e-05  5.175e-05 -4.220e-06 -7.388e+02  9.150e+01  7.765e+01 
  3.704e+02 -3.839e-04  1.150e-03 -1.738e-04 -4.954e-05 -1.035e-05 -6.188e+02  7.667e+01  6.426e+01  5.472e+01 
 -6.646e+02  1.095e-04 -2.062e-04 -6.861e-06 -7.690e-05  1.551e-04 -1.104e+02  1.357e+01  1.144e+01  9.560e+00  2.754e+00 
ERR MATRIX NOT POS-DEF
 PARAMETER  CORRELATION COEFFICIENTS  
       NO.  GLOBAL      1      3      4      6      8      9     20     21     22     23     24
        1  0.36184   1.000 -0.088  0.128 -0.015 -0.059 -0.000 -0.010  0.036  0.009  0.017 -0.139
        3  0.33606  -0.088  1.000  0.048  0.034 -0.227 -0.044  0.020 -0.033 -0.035 -0.042  0.053
        4  0.30441   0.128  0.048  1.000  0.222 -0.046 -0.059 -0.056  0.057  0.052  0.042 -0.034
        6  0.25590  -0.015  0.034  0.222  1.000  0.023 -0.015  0.007 -0.000 -0.009 -0.019 -0.003
        8  0.28046  -0.059 -0.227 -0.046  0.023  1.000  0.038  0.013 -0.012  0.005 -0.005 -0.037
        9  0.21950  -0.000 -0.044 -0.059 -0.015  0.038  1.000  0.006  0.009 -0.000 -0.001  0.076
       20  0.99786  -0.010  0.020 -0.056  0.007  0.013  0.006  1.000 -0.995 -0.994 -0.992 -0.789
       21  0.99541   0.036 -0.033  0.057 -0.000 -0.012  0.009 -0.995  1.000  0.990  0.988  0.780
       22  0.99423   0.009 -0.035  0.052 -0.009  0.005 -0.000 -0.994  0.990  1.000  0.986  0.783
       23  0.99209   0.017 -0.042  0.042 -0.019 -0.005 -0.001 -0.992  0.988  0.986  1.000  0.779
       24  0.81169  -0.139  0.053 -0.034 -0.003 -0.037  0.076 -0.789  0.780  0.783  0.779  1.000
 ERR MATRIX NOT POS-DEF
MINUIT - FIT ONLY 1-y
 **********
 **   51 **RES 
 **********
                   PARAMETER   16  beta_vw RESTORED TO VARIABLE.
                   PARAMETER   14  alpha_vw RESTORED TO VARIABLE.
                   PARAMETER   13  beta_y RESTORED TO VARIABLE.
                   PARAMETER   11  alpha_y RESTORED TO VARIABLE.
                   PARAMETER   10  beta_2CBO RESTORED TO VARIABLE.
 **********
 **   52 **FIX            0
 **********
 PARAMETER    0  IS UNDEFINED. IGNORED.
 **********
 **   53 **FIX            1
 **********
 **********
 **   54 **FIX            2
 **********
 PARAMETER    2  IS CONSTANT.   IGNORED.
 **********
 **   55 **FIX            3
 **********
 **********
 **   56 **FIX            4
 **********
 **********
 **   57 **FIX            5
 **********
 PARAMETER    5  IS CONSTANT.   IGNORED.
 **********
 **   58 **FIX            6
 **********
 **********
 **   59 **FIX            7
 **********
 PARAMETER    7  IS CONSTANT.   IGNORED.
 **********
 **   60 **FIX            8
 **********
 **********
 **   61 **FIX            9
 **********
 **********
 **   62 **FIX           13
 **********
 **********
 **   63 **FIX           14
 **********
 **********
 **   64 **FIX           15
 **********
 PARAMETER   15  IS CONSTANT.   IGNORED.
 **********
 **   65 **FIX           16
 **********
 **********
 **   66 **MIGRAD
 **********
 START MIGRAD MINIMIZATION.  STRATEGY  1.  CONVERGENCE WHEN EDM .LT. 1.00e-04
 FCN=44.5066 FROM MIGRAD    STATUS=INITIATE       16 CALLS        1926 TOTAL
                     EDM= unknown      STRATEGY= 1      NO ERROR MATRIX       
  EXT PARAMETER               CURRENT GUESS       STEP         FIRST   
  NO.   NAME      VALUE            ERROR          SIZE      DERIVATIVE 
   1  N0           3.15646e+06     fixed    
   2  tau          6.43989e+01   constant   
   3  A0           3.41417e-01     fixed    
   4  phi          4.11840e+00     fixed    
   5  R           -6.14725e+01   constant   
   6  alpha_CBO    2.04812e-03     fixed    
   7  w_CBO        2.32500e+00   constant   
   8  beta_CBO    -7.43589e-04     fixed    
   9  alpha_2CBO   1.98941e-03     fixed    
  10  beta_2CBO    1.01035e-03   1.25247e-03   1.25247e-03  -6.70517e+01
  11  alpha_y      0.00000e+00   1.00000e-03   1.00000e-03  -1.35153e+03
  12  w_y          1.38860e+01   constant   
  13  beta_y      -3.79924e-04     fixed    
  14  alpha_vw     0.00000e+00     fixed    
  15  w_vw         1.43404e+01   constant   
  16  beta_vw      0.00000e+00     fixed    
  17  LM          -2.06090e-04   constant   
  18  zeta_y       0.00000e+00   constant   
  19  zeta_vw      0.00000e+00   constant   
  20  T_CBO        7.40345e+01   8.28983e+01   6.97403e-05   1.15684e-01
  21  alpha_A0     1.74182e+00   1.04902e+01   3.31682e-03   1.50471e-03
  22  beta_A0      1.46078e+00   8.81217e+00   3.12331e-03   1.57760e-03
  23  alpha_phi    1.21990e+00   7.39761e+00   3.06857e-03   7.96363e-04
  24  beta_phi     2.19655e-01   1.65964e+00   3.20412e-03  -9.20696e-04
 MIGRAD MINIMIZATION HAS CONVERGED.
 MIGRAD WILL VERIFY CONVERGENCE AND ERROR MATRIX.
 FCN=43.8493 FROM MIGRAD    STATUS=CONVERGED     113 CALLS        2023 TOTAL
                     EDM=1.76221e-05    STRATEGY= 1      ERR MATRIX NOT POS-DEF
  EXT PARAMETER                APPROXIMATE        STEP         FIRST   
  NO.   NAME      VALUE            ERROR          SIZE      DERIVATIVE 
   1  N0           3.15646e+06     fixed    
   2  tau          6.43989e+01   constant   
   3  A0           3.41417e-01     fixed    
   4  phi          4.11840e+00     fixed    
   5  R           -6.14725e+01   constant   
   6  alpha_CBO    2.04812e-03     fixed    
   7  w_CBO        2.32500e+00   constant   
   8  beta_CBO    -7.43589e-04     fixed    
   9  alpha_2CBO   1.98941e-03     fixed    
  10  beta_2CBO    1.06467e-03   1.24587e-03   3.97837e-06  -2.11256e+00
  11  alpha_y      9.69958e-04   1.19446e-03   3.91548e-06   1.10523e-01
  12  w_y          1.38860e+01   constant   
  13  beta_y      -3.79924e-04     fixed    
  14  alpha_vw     0.00000e+00     fixed    
  15  w_vw         1.43404e+01   constant   
  16  beta_vw      0.00000e+00     fixed    
  17  LM          -2.06090e-04   constant   
  18  zeta_y       0.00000e+00   constant   
  19  zeta_vw      0.00000e+00   constant   
  20  T_CBO        7.40953e+01   8.49968e+01   6.85979e-05  -4.89507e-03
  21  alpha_A0     1.74447e+00   1.07507e+01   3.27571e-03  -8.01138e-04
  22  beta_A0      1.47744e+00   9.13081e+00   3.08469e-03   4.16534e-04
  23  alpha_phi    1.21639e+00   7.55171e+00   3.03034e-03  -4.07411e-04
  24  beta_phi     2.28650e-01   1.71168e+00   3.16421e-03   7.10506e-04
 EXTERNAL ERROR MATRIX.    NDIM=  25    NPAR=  7    ERR DEF=1
  1.552e-06  5.252e-09 -1.170e-03  1.288e-04  3.294e-04 -7.980e-05  3.752e-05 
  5.252e-09  1.427e-06  1.899e-05  1.537e-05  2.254e-05  1.064e-05  1.195e-05 
 -1.170e-03  1.899e-05  7.493e+03 -9.265e+02 -7.860e+02 -6.486e+02 -1.223e+02 
  1.288e-04  1.537e-05 -9.265e+02  1.156e+02  9.726e+01  8.029e+01  1.509e+01 
  3.294e-04  2.254e-05 -7.860e+02  9.726e+01  8.337e+01  6.800e+01  1.282e+01 
 -7.980e-05  1.064e-05 -6.486e+02  8.029e+01  6.800e+01  5.703e+01  1.056e+01 
  3.752e-05  1.195e-05 -1.223e+02  1.509e+01  1.282e+01  1.056e+01  2.930e+00 
ERR MATRIX NOT POS-DEF
 PARAMETER  CORRELATION COEFFICIENTS  
       NO.  GLOBAL     10     11     20     21     22     23     24
       10  0.22780   1.000  0.004 -0.011  0.010  0.029 -0.008  0.018
       11  0.02967   0.004  1.000  0.000  0.001  0.002  0.001  0.006
       20  0.99799  -0.011  0.000  1.000 -0.996 -0.994 -0.992 -0.825
       21  0.99567   0.010  0.001 -0.996  1.000  0.991  0.989  0.820
       22  0.99467   0.029  0.002 -0.994  0.991  1.000  0.986  0.820
       23  0.99248  -0.008  0.001 -0.992  0.989  0.986  1.000  0.817
       24  0.82576   0.018  0.006 -0.825  0.820  0.820  0.817  1.000
 ERR MATRIX NOT POS-DEF
MINUIT - FIT ONLY 2-y
 **********
 **   67 **RES 
 **********
                   PARAMETER   16  beta_vw RESTORED TO VARIABLE.
                   PARAMETER   14  alpha_vw RESTORED TO VARIABLE.
                   PARAMETER   13  beta_y RESTORED TO VARIABLE.
                   PARAMETER    9  alpha_2CBO RESTORED TO VARIABLE.
                   PARAMETER    8  beta_CBO RESTORED TO VARIABLE.
                   PARAMETER    6  alpha_CBO RESTORED TO VARIABLE.
                   PARAMETER    4  phi RESTORED TO VARIABLE.
                   PARAMETER    3  A0 RESTORED TO VARIABLE.
                   PARAMETER    1  N0 RESTORED TO VARIABLE.
 **********
 **   68 **FIX            0
 **********
 PARAMETER    0  IS UNDEFINED. IGNORED.
 **********
 **   69 **FIX            1
 **********
 **********
 **   70 **FIX            2
 **********
 PARAMETER    2  IS CONSTANT.   IGNORED.
 **********
 **   71 **FIX            3
 **********
 **********
 **   72 **FIX            4
 **********
 **********
 **   73 **FIX            5
 **********
 PARAMETER    5  IS CONSTANT.   IGNORED.
 **********
 **   74 **FIX            6
 **********
 **********
 **   75 **FIX            7
 **********
 PARAMETER    7  IS CONSTANT.   IGNORED.
 **********
 **   76 **FIX            8
 **********
 **********
 **   77 **FIX            9
 **********
 **********
 **   78 **FIX           10
 **********
 **********
 **   79 **FIX           11
 **********
 **********
 **   80 **FIX           12
 **********
 PARAMETER   12  IS CONSTANT.   IGNORED.
 **********
 **   81 **FIX           16
 **********
 **********
 **   82 **MIGRAD
 **********
 START MIGRAD MINIMIZATION.  STRATEGY  1.  CONVERGENCE WHEN EDM .LT. 1.00e-04
 FCN=43.8493 FROM MIGRAD    STATUS=INITIATE       16 CALLS        2039 TOTAL
                     EDM= unknown      STRATEGY= 1      NO ERROR MATRIX       
  EXT PARAMETER               CURRENT GUESS       STEP         FIRST   
  NO.   NAME      VALUE            ERROR          SIZE      DERIVATIVE 
   1  N0           3.15646e+06     fixed    
   2  tau          6.43989e+01   constant   
   3  A0           3.41417e-01     fixed    
   4  phi          4.11840e+00     fixed    
   5  R           -6.14725e+01   constant   
   6  alpha_CBO    2.04812e-03     fixed    
   7  w_CBO        2.32500e+00   constant   
   8  beta_CBO    -7.43589e-04     fixed    
   9  alpha_2CBO   1.98941e-03     fixed    
  10  beta_2CBO    1.06467e-03     fixed    
  11  alpha_y      9.69958e-04     fixed    
  12  w_y          1.38860e+01   constant   
  13  beta_y      -3.79924e-04   1.21557e-03   1.21557e-03  -2.80336e+01
  14  alpha_vw     0.00000e+00   1.00000e-03   1.00000e-03   1.04889e+03
  15  w_vw         1.43404e+01   constant   
  16  beta_vw      0.00000e+00     fixed    
  17  LM          -2.06090e-04   constant   
  18  zeta_y       0.00000e+00   constant   
  19  zeta_vw      0.00000e+00   constant   
  20  T_CBO        7.40953e+01   8.49968e+01   6.85979e-05  -4.75974e-03
  21  alpha_A0     1.74447e+00   1.07507e+01   3.27571e-03  -8.01155e-04
  22  beta_A0      1.47744e+00   9.13081e+00   3.08469e-03   4.16518e-04
  23  alpha_phi    1.21639e+00   7.55171e+00   3.03034e-03  -4.07411e-04
  24  beta_phi     2.28650e-01   1.71168e+00   3.16421e-03   7.10506e-04
 MIGRAD MINIMIZATION HAS CONVERGED.
 MIGRAD WILL VERIFY CONVERGENCE AND ERROR MATRIX.
 FCN=43.4151 FROM MIGRAD    STATUS=CONVERGED     129 CALLS        2152 TOTAL
                     EDM=1.639e-05    STRATEGY= 1      ERR MATRIX NOT POS-DEF
  EXT PARAMETER                APPROXIMATE        STEP         FIRST   
  NO.   NAME      VALUE            ERROR          SIZE      DERIVATIVE 
   1  N0           3.15646e+06     fixed    
   2  tau          6.43989e+01   constant   
   3  A0           3.41417e-01     fixed    
   4  phi          4.11840e+00     fixed    
   5  R           -6.14725e+01   constant   
   6  alpha_CBO    2.04812e-03     fixed    
   7  w_CBO        2.32500e+00   constant   
   8  beta_CBO    -7.43589e-04     fixed    
   9  alpha_2CBO   1.98941e-03     fixed    
  10  beta_2CBO    1.06467e-03     fixed    
  11  alpha_y      9.69958e-04     fixed    
  12  w_y          1.38860e+01   constant   
  13  beta_y      -6.12082e-04   1.27332e-03   3.96464e-06   1.06927e-02
  14  alpha_vw    -8.34171e-04   1.26192e-03   3.92828e-06  -4.36418e-02
  15  w_vw         1.43404e+01   constant   
