 + ++++++++++++++++++++++++++++++++++++++++++++++++++++++++++++++++++++ +
 +                                                                      +
 +           You have chose to blind your fitting according to          +
 +                omega_ref * (1 + (R +/- deltaR) *10^{-6})             +
 +                                                                      +
 + ++++++++++++++++++++++++++++++++++++++++++++++++++++++++++++++++++++ +
In main()...
reading format from /gm2data/zkhechad/run45/envelope/formats/formatB_sBin_constraintOn.txt
pBinTau 	= 0  
pBinPhi 	= 0  
constraintau 	= 1 
includeMopTerm 	= 0    
constrainMop    = 0   
Parameters after format file: pBinTau 0 pBinPhi 0 constraintau 1 includeMopTerm 0 constrainMop 0 c_e_scale 0.000000 
Opening file /gm2data/tbarrett/gm2fr/studies/run23_bunch_corrections/CorrectedFourier_Run3b.root.
reading full fit data from /gm2data/zkhechad/cboTemplates/Run4CBOTemplates/fullFits/noRF/sBin_constraintOn_cE0.0_seed0_noRF_calo10.root
windowBins = 69
fitting sliding window 420 from bin 556 at 82.806000 to bin 625 at 93.250000 (69 bins)

Reading data from /gm2data/cornell/histograms/aMethod/histogram_a_noRF.root
 **********
 **    1 **SET PRINTOUT            1
 **********
 **********
 **    2 **SET NOWARNINGS 
 **********
 PARAMETER DEFINITIONS:
    NO.   NAME         VALUE      STEP SIZE      LIMITS
     1 N0           3.07359e+06  1.00000e+02     no limits
     2 tau          6.44052e+01  constant
     3 A0           3.48563e-01  1.00000e-04     no limits
     4 phi          4.11545e+00  1.00000e-02     no limits
     5 R           -6.12271e+01  constant
     6 alpha_CBO    0.00000e+00  1.00000e-03     no limits
     7 w_CBO        2.32500e+00  constant
     8 beta_CBO     0.00000e+00  1.00000e-03     no limits
     9 alpha_2CBO   0.00000e+00  1.00000e-03     no limits
    10 beta_2CBO    0.00000e+00  1.00000e-03     no limits
    11 alpha_y      0.00000e+00  1.00000e-03     no limits
    12 w_y          1.38860e+01  constant
    13 beta_y       0.00000e+00  1.00000e-03     no limits
    14 alpha_vw     0.00000e+00  1.00000e-03     no limits
    15 w_vw         1.43404e+01  constant
    16 beta_vw      0.00000e+00  1.00000e-03     no limits
    17 LM           5.13638e-05  constant
    18 zeta_y       0.00000e+00  constant
    19 zeta_vw      0.00000e+00  constant
    20 T_CBO        1.00000e+02  1.00000e+00    0.00000e+00  1.00000e+03
    21 alpha_A0     0.00000e+00  1.00000e-03     no limits
    22 beta_A0      0.00000e+00  1.00000e-03     no limits
    23 alpha_phi    0.00000e+00  1.00000e-03     no limits
    24 beta_phi     0.00000e+00  1.00000e-03     no limits
MINUIT - FIT ONLY WIGGLE
 **********
 **    3 **FIX            5
 **********
 PARAMETER    5  IS CONSTANT.   IGNORED.
 **********
 **    4 **FIX            6
 **********
 **********
 **    5 **FIX            7
 **********
 PARAMETER    7  IS CONSTANT.   IGNORED.
 **********
 **    6 **FIX            8
 **********
 **********
 **    7 **FIX            9
 **********
 **********
 **    8 **FIX           10
 **********
 **********
 **    9 **FIX           11
 **********
 **********
 **   10 **FIX           12
 **********
 PARAMETER   12  IS CONSTANT.   IGNORED.
 **********
 **   11 **FIX           13
 **********
 **********
 **   12 **FIX           14
 **********
 **********
 **   13 **FIX           15
 **********
 PARAMETER   15  IS CONSTANT.   IGNORED.
 **********
 **   14 **FIX           16
 **********
 **********
 **   15 **MIGRAD
 **********
 FIRST CALL TO USER FUNCTION AT NEW START POINT, WITH IFLAG=4.
 START MIGRAD MINIMIZATION.  STRATEGY  1.  CONVERGENCE WHEN EDM .LT. 1.00e-04
 FCN=2650.83 FROM MIGRAD    STATUS=INITIATE      427 CALLS         428 TOTAL
                     EDM= unknown      STRATEGY= 1      NO ERROR MATRIX       
  EXT PARAMETER               CURRENT GUESS       STEP         FIRST   
  NO.   NAME      VALUE            ERROR          SIZE      DERIVATIVE 
   1  N0           3.07359e+06   1.00000e+02   0.00000e+00   3.90072e-04
   2  tau          6.44052e+01   constant   
   3  A0           3.48563e-01   1.00000e-04   0.00000e+00   1.63854e+05
   4  phi          4.11545e+00   1.00000e-02   0.00000e+00  -4.78337e+04
   5  R           -6.12271e+01   constant   
   6  alpha_CBO    0.00000e+00     fixed    
   7  w_CBO        2.32500e+00   constant   
   8  beta_CBO     0.00000e+00     fixed    
   9  alpha_2CBO   0.00000e+00     fixed    
  10  beta_2CBO    0.00000e+00     fixed    
  11  alpha_y      0.00000e+00     fixed    
  12  w_y          1.38860e+01   constant   
  13  beta_y       0.00000e+00     fixed    
  14  alpha_vw     0.00000e+00     fixed    
  15  w_vw         1.43404e+01   constant   
  16  beta_vw      0.00000e+00     fixed    
  17  LM           5.13638e-05   constant   
  18  zeta_y       0.00000e+00   constant   
  19  zeta_vw      0.00000e+00   constant   
  20  T_CBO        1.00000e+02   1.00000e+00   0.00000e+00   0.00000e+00
  21  alpha_A0     0.00000e+00   1.00000e-03   0.00000e+00   1.46919e+03
  22  beta_A0      0.00000e+00   1.00000e-03   0.00000e+00  -4.48772e+03
  23  alpha_phi    0.00000e+00   1.00000e-03   0.00000e+00   9.42076e+02
  24  beta_phi     0.00000e+00   1.00000e-03   0.00000e+00  -4.58029e+03
 MIGRAD MINIMIZATION HAS CONVERGED.
 FCN=2505.93 FROM MIGRAD    STATUS=CONVERGED    1165 CALLS        1166 TOTAL
                     EDM=1.31031e-06    STRATEGY= 1  ERROR MATRIX UNCERTAINTY   0.8 per cent
  EXT PARAMETER                                   STEP         FIRST   
  NO.   NAME      VALUE            ERROR          SIZE      DERIVATIVE 
   1  N0           3.07321e+06   2.67729e+02   2.23795e-01   3.97746e-07
   2  tau          6.44052e+01   constant   
   3  A0           3.47694e-01   1.02767e-04   2.71758e-08  -5.32098e+00
   4  phi          4.11811e+00   3.31299e-04  -2.61455e-07  -3.44973e-01
   5  R           -6.12271e+01   constant   
   6  alpha_CBO    0.00000e+00     fixed    
   7  w_CBO        2.32500e+00   constant   
   8  beta_CBO     0.00000e+00     fixed    
   9  alpha_2CBO   0.00000e+00     fixed    
  10  beta_2CBO    0.00000e+00     fixed    
  11  alpha_y      0.00000e+00     fixed    
  12  w_y          1.38860e+01   constant   
  13  beta_y       0.00000e+00     fixed    
  14  alpha_vw     0.00000e+00     fixed    
  15  w_vw         1.43404e+01   constant   
  16  beta_vw      0.00000e+00     fixed    
  17  LM           5.13638e-05   constant   
  18  zeta_y       0.00000e+00   constant   
  19  zeta_vw      0.00000e+00   constant   
  20  T_CBO        9.99980e+02   8.08303e+02   7.44794e-03  -9.84103e-05
  21  alpha_A0    -9.27287e-04   5.59600e-04  -1.32182e-06  -2.69327e-02
  22  beta_A0      7.58551e-04   5.21321e-04   9.48589e-07   9.97616e-01
  23  alpha_phi   -2.63890e-04   4.83913e-04   6.48994e-07  -5.83595e-01
  24  beta_phi     9.69111e-04   4.98164e-04   1.73442e-07   1.92330e+00
 EXTERNAL ERROR MATRIX.    NDIM=  25    NPAR=  8    ERR DEF=1
  7.168e+04  5.305e-03 -3.378e-03  1.025e+03 -1.191e-02  2.191e-02  2.037e-02  4.116e-04 
  5.305e-03  1.056e-08 -4.702e-10 -7.232e-05 -2.301e-09  1.817e-09 -1.482e-09  1.239e-09 
 -3.378e-03 -4.702e-10  1.098e-07 -1.307e-03 -2.995e-08 -7.071e-09 -7.108e-09  4.915e-09 
  1.025e+03 -7.232e-05 -1.307e-03  4.037e+03  1.782e-03 -4.196e-03  5.232e-03 -6.325e-03 
 -1.191e-02 -2.301e-09 -2.995e-08  1.782e-03  3.132e-07  1.196e-08  1.658e-08 -1.271e-08 
  2.191e-02  1.817e-09 -7.071e-09 -4.196e-03  1.196e-08  2.718e-07 -3.007e-08  3.131e-08 
  2.037e-02 -1.482e-09 -7.108e-09  5.232e-03  1.658e-08 -3.007e-08  2.342e-07 -2.351e-08 
  4.116e-04  1.239e-09  4.915e-09 -6.325e-03 -1.271e-08  3.131e-08 -2.351e-08  2.482e-07 
 PARAMETER  CORRELATION COEFFICIENTS  
       NO.  GLOBAL      1      3      4     20     21     22     23     24
        1  0.32497   1.000  0.193 -0.038  0.060 -0.080  0.157  0.157  0.003
        3  0.20468   0.193  1.000 -0.014 -0.011 -0.040  0.034 -0.030  0.024
        4  0.18278  -0.038 -0.014  1.000 -0.062 -0.162 -0.041 -0.044  0.030
       20  0.27843   0.060 -0.011 -0.062  1.000  0.050 -0.127  0.170 -0.200
       21  0.21203  -0.080 -0.040 -0.162  0.050  1.000  0.041  0.061 -0.046
       22  0.27022   0.157  0.034 -0.041 -0.127  0.041  1.000 -0.119  0.121
       23  0.27886   0.157 -0.030 -0.044  0.170  0.061 -0.119  1.000 -0.098
       24  0.23249   0.003  0.024  0.030 -0.200 -0.046  0.121 -0.098  1.000
MINUIT - FIT ONLY 1-CBO + wiggle
 **********
 **   16 **RES 
 **********
                   PARAMETER   16  beta_vw RESTORED TO VARIABLE.
                   PARAMETER   14  alpha_vw RESTORED TO VARIABLE.
                   PARAMETER   13  beta_y RESTORED TO VARIABLE.
                   PARAMETER   11  alpha_y RESTORED TO VARIABLE.
                   PARAMETER   10  beta_2CBO RESTORED TO VARIABLE.
                   PARAMETER    9  alpha_2CBO RESTORED TO VARIABLE.
                   PARAMETER    8  beta_CBO RESTORED TO VARIABLE.
                   PARAMETER    6  alpha_CBO RESTORED TO VARIABLE.
 **********
 **   17 **FIX            8
 **********
 **********
 **   18 **FIX            9
 **********
 **********
 **   19 **FIX           11
 **********
 **********
 **   20 **FIX           12
 **********
 PARAMETER   12  IS CONSTANT.   IGNORED.
 **********
 **   21 **FIX           14
 **********
 **********
 **   22 **FIX           15
 **********
 PARAMETER   15  IS CONSTANT.   IGNORED.
 **********
 **   23 **FIX           16
 **********
 **********
 **   24 **MIGRAD
 **********
 START MIGRAD MINIMIZATION.  STRATEGY  1.  CONVERGENCE WHEN EDM .LT. 1.00e-04
 FCN=2505.93 FROM MIGRAD    STATUS=INITIATE       28 CALLS        1194 TOTAL
                     EDM= unknown      STRATEGY= 1      NO ERROR MATRIX       
  EXT PARAMETER               CURRENT GUESS       STEP         FIRST   
  NO.   NAME      VALUE            ERROR          SIZE      DERIVATIVE 
   1  N0           3.07321e+06   2.67729e+02   2.23795e-01   3.97745e-07
   2  tau          6.44052e+01   constant   
   3  A0           3.47694e-01   1.02767e-04   2.71758e-08  -5.32098e+00
   4  phi          4.11811e+00   3.31299e-04  -2.61455e-07  -3.45007e-01
   5  R           -6.12271e+01   constant   
   6  alpha_CBO    0.00000e+00   1.00000e-03   1.00000e-03  -7.75670e+05
   7  w_CBO        2.32500e+00   constant   
   8  beta_CBO     0.00000e+00     fixed    
   9  alpha_2CBO   0.00000e+00     fixed    
  10  beta_2CBO    0.00000e+00   1.00000e-03   1.00000e-03  -4.73489e+04
  11  alpha_y      0.00000e+00     fixed    
  12  w_y          1.38860e+01   constant   
  13  beta_y       0.00000e+00   1.00000e-03   1.00000e-03  -9.68023e+04
  14  alpha_vw     0.00000e+00     fixed    
  15  w_vw         1.43404e+01   constant   
  16  beta_vw      0.00000e+00     fixed    
  17  LM           5.13638e-05   constant   
  18  zeta_y       0.00000e+00   constant   
  19  zeta_vw      0.00000e+00   constant   
  20  T_CBO        9.99980e+02   8.08303e+02   7.44794e-03  -9.98806e-05
  21  alpha_A0    -9.27287e-04   5.59600e-04  -1.32182e-06  -2.69411e-02
  22  beta_A0      7.58551e-04   5.21321e-04   9.48589e-07   9.97653e-01
  23  alpha_phi   -2.63890e-04   4.83913e-04   6.48994e-07  -5.83596e-01
  24  beta_phi     9.69111e-04   4.98164e-04   1.73442e-07   1.92330e+00
 MIGRAD MINIMIZATION HAS CONVERGED.
 FCN=93.9297 FROM MIGRAD    STATUS=CONVERGED     229 CALLS        1395 TOTAL
                     EDM=3.91233e-06    STRATEGY= 1  ERROR MATRIX UNCERTAINTY   1.1 per cent
  EXT PARAMETER                                   STEP         FIRST   
  NO.   NAME      VALUE            ERROR          SIZE      DERIVATIVE 
   1  N0           3.07365e+06   2.74643e+02   1.77790e-01   2.17468e-07
   2  tau          6.44052e+01   constant   
   3  A0           3.48516e-01   1.05520e-04   1.50993e-07   9.54598e+00
   4  phi          4.11656e+00   3.41597e-04   9.56426e-07   2.47762e+00
   5  R           -6.12271e+01   constant   
   6  alpha_CBO    6.10695e-03   1.25428e-04   2.39213e-08  -2.76943e+00
   7  w_CBO        2.32500e+00   constant   
   8  beta_CBO     0.00000e+00     fixed    
   9  alpha_2CBO   0.00000e+00     fixed    
  10  beta_2CBO    2.99883e-04   1.19877e-04  -2.88116e-07  -1.08848e+01
  11  alpha_y      0.00000e+00     fixed    
  12  w_y          1.38860e+01   constant   
  13  beta_y       7.46472e-04   1.19520e-04  -5.71051e-08   2.00850e+00
  14  alpha_vw     0.00000e+00     fixed    
  15  w_vw         1.43404e+01   constant   
  16  beta_vw      0.00000e+00     fixed    
  17  LM           5.13638e-05   constant   
  18  zeta_y       0.00000e+00   constant   
  19  zeta_vw      0.00000e+00   constant   
  20  T_CBO        9.84826e+02   5.39719e+02   1.56051e-02  -5.33079e-04
  21  alpha_A0     3.63735e-04   5.69709e-04  -1.04347e-06  -2.32911e-01
  22  beta_A0      4.20117e-04   4.91474e-04  -2.60609e-07  -7.67169e-01
  23  alpha_phi    4.30056e-03   4.82527e-04  -2.92850e-07   3.58395e+00
  24  beta_phi     6.68266e-04   4.56595e-04  -6.58067e-07  -1.35465e+00
 EXTERNAL ERROR MATRIX.    NDIM=  25    NPAR= 11    ERR DEF=1
  7.543e+04 
  6.465e-03  1.113e-08 
 -1.890e-03 -9.203e-11  1.167e-07 
  1.004e-03  2.114e-09 -3.813e-09  1.573e-08 
  9.561e-05 -3.994e-10 -2.182e-09 -9.487e-11  1.437e-08 
  5.416e-05  1.499e-10 -6.350e-10  1.487e-10  1.556e-11  1.429e-08 
  2.247e+04  1.330e-02  7.219e-02  1.926e-03 -2.698e-02 -3.122e-03  6.631e+05 
 -8.661e-03 -2.118e-09 -3.447e-08  2.372e-09  1.412e-08  1.070e-09 -1.246e-01  3.246e-07 
  2.784e-02  1.558e-09 -1.085e-08 -9.686e-10 -2.635e-10  7.524e-10 -3.990e-02  1.908e-08  2.415e-07 
  9.131e-03 -5.921e-09 -4.261e-08  1.076e-08  1.362e-08  1.809e-09 -1.500e-01  5.972e-08  3.498e-09  2.328e-07 
  3.023e-03 -8.306e-10 -1.221e-08 -1.086e-09  4.484e-09  7.133e-10 -6.509e-02  3.950e-09  5.711e-09  1.863e-08  2.085e-07 
 PARAMETER  CORRELATION COEFFICIENTS  
       NO.  GLOBAL      1      3      4      6     10     13     20     21     22     23     24
        1  0.34850   1.000  0.223 -0.020  0.029  0.003  0.002  0.100 -0.055  0.206  0.069  0.024
        3  0.32750   0.223  1.000 -0.003  0.160 -0.032  0.012  0.155 -0.035  0.030 -0.116 -0.017
        4  0.34124  -0.020 -0.003  1.000 -0.089 -0.053 -0.016  0.260 -0.177 -0.065 -0.259 -0.078
        6  0.27494   0.029  0.160 -0.089  1.000 -0.006  0.010  0.019  0.033 -0.016  0.178 -0.019
       10  0.34428   0.003 -0.032 -0.053 -0.006  1.000  0.001 -0.276  0.207 -0.004  0.235  0.082
       13  0.04605   0.002  0.012 -0.016  0.010  0.001  1.000 -0.032  0.016  0.013  0.031  0.013
       20  0.53049   0.100  0.155  0.260  0.019 -0.276 -0.032  1.000 -0.269 -0.100 -0.382 -0.175
       21  0.34484  -0.055 -0.035 -0.177  0.033  0.207  0.016 -0.269  1.000  0.068  0.217  0.015
       22  0.25680   0.206  0.030 -0.065 -0.016 -0.004  0.013 -0.100  0.068  1.000  0.015  0.025
       23  0.50206   0.069 -0.116 -0.259  0.178  0.235  0.031 -0.382  0.217  0.015  1.000  0.085
       24  0.19203   0.024 -0.017 -0.078 -0.019  0.082  0.013 -0.175  0.015  0.025  0.085  1.000
MINUIT - FIT ONLY 2-CBO
 **********
 **   25 **RES 
 **********
                   PARAMETER   16  beta_vw RESTORED TO VARIABLE.
                   PARAMETER   14  alpha_vw RESTORED TO VARIABLE.
                   PARAMETER   11  alpha_y RESTORED TO VARIABLE.
                   PARAMETER    9  alpha_2CBO RESTORED TO VARIABLE.
                   PARAMETER    8  beta_CBO RESTORED TO VARIABLE.
 **********
 **   26 **FIX            0
 **********
 PARAMETER    0  IS UNDEFINED. IGNORED.
 **********
 **   27 **FIX            1
 **********
 **********
 **   28 **FIX            2
 **********
 PARAMETER    2  IS CONSTANT.   IGNORED.
 **********
 **   29 **FIX            3
 **********
 **********
 **   30 **FIX            4
 **********
 **********
 **   31 **FIX            5
 **********
 PARAMETER    5  IS CONSTANT.   IGNORED.
 **********
 **   32 **FIX            6
 **********
 **********
 **   33 **FIX            7
 **********
 PARAMETER    7  IS CONSTANT.   IGNORED.
 **********
 **   34 **FIX           10
 **********
 **********
 **   35 **FIX           11
 **********
 **********
 **   36 **FIX           12
 **********
 PARAMETER   12  IS CONSTANT.   IGNORED.
 **********
 **   37 **FIX           13
 **********
 **********
 **   38 **FIX           14
 **********
 **********
 **   39 **FIX           15
 **********
 PARAMETER   15  IS CONSTANT.   IGNORED.
 **********
 **   40 **FIX           16
 **********
 **********
 **   41 **MIGRAD
 **********
 START MIGRAD MINIMIZATION.  STRATEGY  1.  CONVERGENCE WHEN EDM .LT. 1.00e-04
 FCN=93.9297 FROM MIGRAD    STATUS=INITIATE       18 CALLS        1413 TOTAL
                     EDM= unknown      STRATEGY= 1      NO ERROR MATRIX       
  EXT PARAMETER               CURRENT GUESS       STEP         FIRST   
  NO.   NAME      VALUE            ERROR          SIZE      DERIVATIVE 
   1  N0           3.07365e+06     fixed    
   2  tau          6.44052e+01   constant   
   3  A0           3.48516e-01     fixed    
   4  phi          4.11656e+00     fixed    
   5  R           -6.12271e+01   constant   
   6  alpha_CBO    6.10695e-03     fixed    
   7  w_CBO        2.32500e+00   constant   
   8  beta_CBO     0.00000e+00   1.00000e-03   1.00000e-03   5.98913e+04
   9  alpha_2CBO   0.00000e+00   1.00000e-03   1.00000e-03  -6.07152e+03
  10  beta_2CBO    2.99883e-04     fixed    
  11  alpha_y      0.00000e+00     fixed    
  12  w_y          1.38860e+01   constant   
  13  beta_y       7.46472e-04     fixed    
  14  alpha_vw     0.00000e+00     fixed    
  15  w_vw         1.43404e+01   constant   
  16  beta_vw      0.00000e+00     fixed    
  17  LM           5.13638e-05   constant   
  18  zeta_y       0.00000e+00   constant   
  19  zeta_vw      0.00000e+00   constant   
  20  T_CBO        9.84826e+02   5.39719e+02   1.56051e-02  -5.45317e-04
  21  alpha_A0     3.63735e-04   5.69709e-04  -1.04347e-06  -2.32913e-01
  22  beta_A0      4.20117e-04   4.91474e-04  -2.60609e-07  -7.67163e-01
  23  alpha_phi    4.30056e-03   4.82527e-04  -2.92850e-07   3.58395e+00
  24  beta_phi     6.68266e-04   4.56595e-04  -6.58067e-07  -1.35465e+00
 MIGRAD MINIMIZATION HAS CONVERGED.
 MIGRAD WILL VERIFY CONVERGENCE AND ERROR MATRIX.
 FCN=80.6002 FROM HESSE     STATUS=NOT POSDEF     52 CALLS        1552 TOTAL
                     EDM=0.00228521    STRATEGY= 1      ERR MATRIX NOT POS-DEF
  EXT PARAMETER                APPROXIMATE        STEP         FIRST   
  NO.   NAME      VALUE            ERROR          SIZE      DERIVATIVE 
   1  N0           3.07365e+06     fixed    
   2  tau          6.44052e+01   constant   
   3  A0           3.48516e-01     fixed    
   4  phi          4.11656e+00     fixed    
   5  R           -6.12271e+01   constant   
   6  alpha_CBO    6.10695e-03     fixed    
   7  w_CBO        2.32500e+00   constant   
   8  beta_CBO    -4.39439e-04   1.16633e-04   5.16544e-07   9.67475e-01
   9  alpha_2CBO   5.61325e-05   1.18457e-04   5.25545e-07   5.54743e+00
  10  beta_2CBO    2.99883e-04     fixed    
  11  alpha_y      0.00000e+00     fixed    
  12  w_y          1.38860e+01   constant   
  13  beta_y       7.46472e-04     fixed    
  14  alpha_vw     0.00000e+00     fixed    
  15  w_vw         1.43404e+01   constant   
  16  beta_vw      0.00000e+00     fixed    
  17  LM           5.13638e-05   constant   
  18  zeta_y       0.00000e+00   constant   
  19  zeta_vw      0.00000e+00   constant   
  20  T_CBO        9.94780e+02   5.34884e+02   5.20019e-02   2.24834e-04
  21  alpha_A0     4.20910e-04   8.03331e-04   2.39668e-06   4.94697e-01
  22  beta_A0      4.30254e-04   8.40125e-04   2.13226e-06  -1.06813e+00
  23  alpha_phi    4.35789e-03   6.79386e-03   1.95940e-06   6.79266e+00
  24  beta_phi     2.35090e-04   6.03579e-04   2.02675e-06   1.02907e+00
 MIGRAD MINIMIZATION HAS CONVERGED.
 MIGRAD WILL VERIFY CONVERGENCE AND ERROR MATRIX.
 COVARIANCE MATRIX CALCULATED SUCCESSFULLY
 FCN=80.6002 FROM MIGRAD    STATUS=CONVERGED     274 CALLS        1669 TOTAL
                     EDM=3.45356e-06    STRATEGY= 1      ERROR MATRIX ACCURATE 
  EXT PARAMETER                                   STEP         FIRST   
  NO.   NAME      VALUE            ERROR          SIZE      DERIVATIVE 
   1  N0           3.07365e+06     fixed    
   2  tau          6.44052e+01   constant   
   3  A0           3.48516e-01     fixed    
   4  phi          4.11656e+00     fixed    
   5  R           -6.12271e+01   constant   
   6  alpha_CBO    6.10695e-03     fixed    
   7  w_CBO        2.32500e+00   constant   
   8  beta_CBO    -4.39445e-04   1.20990e-04   5.16544e-07   1.32040e-01
   9  alpha_2CBO   5.60829e-05   1.22139e-04   5.25545e-07   4.39188e+00
  10  beta_2CBO    2.99883e-04     fixed    
  11  alpha_y      0.00000e+00     fixed    
  12  w_y          1.38860e+01   constant   
  13  beta_y       7.46472e-04     fixed    
  14  alpha_vw     0.00000e+00     fixed    
  15  w_vw         1.43404e+01   constant   
  16  beta_vw      0.00000e+00     fixed    
  17  LM           5.13638e-05   constant   
  18  zeta_y       0.00000e+00   constant   
  19  zeta_vw      0.00000e+00   constant   
  20  T_CBO        9.99776e+02   6.69519e+02   8.90334e-02   1.15771e-04
  21  alpha_A0     4.20620e-04   5.48213e-04   2.39541e-06  -4.67681e-02
  22  beta_A0      4.30144e-04   4.94004e-04   2.13114e-06  -1.18912e+00
  23  alpha_phi    4.35476e-03   5.85071e-04   1.95836e-06  -5.28483e+00
  24  beta_phi     2.34874e-04   4.75674e-04   2.02567e-06  -2.80001e-01
 EXTERNAL ERROR MATRIX.    NDIM=  25    NPAR=  7    ERR DEF=1
  1.464e-08 -3.597e-10  9.735e-06 -2.326e-09 -1.419e-09 -1.290e-09  1.429e-08 
 -3.597e-10  1.492e-08  1.792e-05 -4.061e-09 -1.039e-08  7.223e-09 -1.520e-09 
  9.735e-06  1.792e-05  1.561e+05  1.363e-02  1.455e-02  1.483e-01  8.253e-03 
 -2.326e-09 -4.061e-09  1.363e-02  3.005e-07  2.317e-08  2.068e-08 -1.562e-08 
 -1.419e-09 -1.039e-08  1.455e-02  2.317e-08  2.440e-07 -5.034e-10 -5.476e-09 
 -1.290e-09  7.223e-09  1.483e-01  2.068e-08 -5.034e-10  3.423e-07  1.537e-09 
  1.429e-08 -1.520e-09  8.253e-03 -1.562e-08 -5.476e-09  1.537e-09  2.263e-07 
 PARAMETER  CORRELATION COEFFICIENTS  
       NO.  GLOBAL      8      9     20     21     22     23     24
        8  0.25122   1.000 -0.024  0.000 -0.035 -0.024 -0.018  0.248
        9  0.21986  -0.024  1.000  0.000 -0.061 -0.172  0.101 -0.026
       20  0.64937   0.000  0.000  1.000  0.063  0.075  0.641  0.044
       21  0.13675  -0.035 -0.061  0.063  1.000  0.086  0.064 -0.060
       22  0.20846  -0.024 -0.172  0.075  0.086  1.000 -0.002 -0.023
       23  0.65127  -0.018  0.101  0.641  0.064 -0.002  1.000  0.006
       24  0.26058   0.248 -0.026  0.044 -0.060 -0.023  0.006  1.000
MINUIT - FIT wiggle + 1-CBO + 2-CBO
 **********
 **   42 **RES 
 **********
                   PARAMETER   16  beta_vw RESTORED TO VARIABLE.
                   PARAMETER   14  alpha_vw RESTORED TO VARIABLE.
                   PARAMETER   13  beta_y RESTORED TO VARIABLE.
                   PARAMETER   11  alpha_y RESTORED TO VARIABLE.
                   PARAMETER   10  beta_2CBO RESTORED TO VARIABLE.
                   PARAMETER    6  alpha_CBO RESTORED TO VARIABLE.
                   PARAMETER    4  phi RESTORED TO VARIABLE.
                   PARAMETER    3  A0 RESTORED TO VARIABLE.
                   PARAMETER    1  N0 RESTORED TO VARIABLE.
 **********
 **   43 **FIX           10
 **********
 **********
 **   44 **FIX           11
 **********
 **********
 **   45 **FIX           12
 **********
 PARAMETER   12  IS CONSTANT.   IGNORED.
 **********
 **   46 **FIX           13
 **********
 **********
 **   47 **FIX           14
 **********
 **********
 **   48 **FIX           15
 **********
 PARAMETER   15  IS CONSTANT.   IGNORED.
 **********
 **   49 **FIX           16
 **********
 **********
 **   50 **MIGRAD
 **********
 START MIGRAD MINIMIZATION.  STRATEGY  1.  CONVERGENCE WHEN EDM .LT. 1.00e-04
 FCN=80.6002 FROM MIGRAD    STATUS=INITIATE       24 CALLS        1693 TOTAL
                     EDM= unknown      STRATEGY= 1      NO ERROR MATRIX       
  EXT PARAMETER               CURRENT GUESS       STEP         FIRST   
  NO.   NAME      VALUE            ERROR          SIZE      DERIVATIVE 
   1  N0           3.07365e+06   2.74643e+02   2.74643e+02   1.10531e-04
   2  tau          6.44052e+01   constant   
   3  A0           3.48516e-01   1.05520e-04   1.05520e-04   4.41594e+03
   4  phi          4.11656e+00   3.41597e-04   3.41597e-04   5.14578e+03
   5  R           -6.12271e+01   constant   
   6  alpha_CBO    6.10695e-03   1.25428e-04   1.25428e-04   6.56168e+02
   7  w_CBO        2.32500e+00   constant   
   8  beta_CBO    -4.39445e-04   1.20990e-04   5.16544e-07   1.32015e-01
   9  alpha_2CBO   5.60829e-05   1.22139e-04   5.25545e-07   4.39189e+00
  10  beta_2CBO    2.99883e-04     fixed    
  11  alpha_y      0.00000e+00     fixed    
  12  w_y          1.38860e+01   constant   
  13  beta_y       7.46472e-04     fixed    
  14  alpha_vw     0.00000e+00     fixed    
  15  w_vw         1.43404e+01   constant   
  16  beta_vw      0.00000e+00     fixed    
  17  LM           5.13638e-05   constant   
  18  zeta_y       0.00000e+00   constant   
  19  zeta_vw      0.00000e+00   constant   
  20  T_CBO        9.99776e+02   6.69519e+02   8.90334e-02  -1.66920e-04
  21  alpha_A0     4.20620e-04   5.48213e-04   2.39541e-06  -4.67292e-02
  22  beta_A0      4.30144e-04   4.94004e-04   2.13114e-06  -1.18911e+00
  23  alpha_phi    4.35476e-03   5.85071e-04   1.95836e-06  -5.28483e+00
  24  beta_phi     2.34874e-04   4.75674e-04   2.02567e-06  -2.80002e-01
 CALL LIMIT EXCEEDED IN MIGRAD.
 MIGRAD TERMINATED WITHOUT CONVERGENCE.
 FCN=79.5907 FROM MIGRAD    STATUS=CALL LIMIT   1925 CALLS        3594 TOTAL
                     EDM=1.43587e-05    STRATEGY= 1  ERROR MATRIX UNCERTAINTY   0.2 per cent
  EXT PARAMETER                APPROXIMATE        STEP         FIRST   
  NO.   NAME      VALUE            ERROR          SIZE      DERIVATIVE 
   1  N0           3.07363e+06   2.60757e+02  -3.40480e-02  -5.79572e-06
   2  tau          6.44052e+01   constant   
   3  A0           3.48477e-01   1.01864e-04   8.70863e-08   4.99069e+00
   4  phi          4.11619e+00   3.41171e-04   5.14738e-07   7.53082e+00
   5  R           -6.12271e+01   constant   
   6  alpha_CBO    6.10820e-03   1.21564e-04   7.39729e-08  -2.83236e+00
   7  w_CBO        2.32500e+00   constant   
   8  beta_CBO    -4.74712e-04   1.19997e-04   6.77025e-08  -4.03554e+00
   9  alpha_2CBO   5.26016e-05   1.21361e-04   1.26917e-07   6.22004e+00
  10  beta_2CBO    2.99883e-04     fixed    
  11  alpha_y      0.00000e+00     fixed    
  12  w_y          1.38860e+01   constant   
  13  beta_y       7.46472e-04     fixed    
  14  alpha_vw     0.00000e+00     fixed    
  15  w_vw         1.43404e+01   constant   
  16  beta_vw      0.00000e+00     fixed    
  17  LM           5.13638e-05   constant   
  18  zeta_y       0.00000e+00   constant   
  19  zeta_vw      0.00000e+00   constant   
  20  T_CBO        6.78930e+01   1.10763e+02   6.56468e-05   5.54901e-02
  21  alpha_A0     1.75560e-03   3.54284e-03  -9.61801e-07   6.32479e-01
  22  beta_A0      1.56041e-03   3.13634e-03  -3.13385e-06   2.43656e+00
  23  alpha_phi    1.45298e-02   3.13845e-02   4.81345e-06   4.20855e-01
  24  beta_phi     6.78121e-04   1.98428e-03   1.13713e-06  -1.94976e+00
 EXTERNAL ERROR MATRIX.    NDIM=  25    NPAR= 11    ERR DEF=1
  6.799e+04 
  4.258e-03  1.038e-08 
  3.808e-03  2.203e-09  1.164e-07 
 -9.870e-04  1.130e-09 -3.663e-09  1.478e-08 
  1.133e-03  8.313e-10  9.945e-09 -6.587e-10  1.440e-08 
  2.319e-04 -7.749e-10  1.008e-11 -4.780e-11 -1.865e-10  1.473e-08 
  1.265e+03  1.587e-03  5.661e-03 -7.114e-04 -5.874e-05 -1.481e-03  1.316e+04 
 -5.052e-02 -5.069e-08 -2.317e-07  3.015e-08 -2.789e-09  3.757e-08 -3.955e-01  1.255e-05 
  3.006e-02 -3.757e-08 -1.852e-07  1.556e-08  1.873e-09  1.508e-08 -3.346e-01  1.023e-05  9.837e-06 
 -2.967e-01 -4.377e-07 -1.562e-06  2.309e-07  1.589e-08  4.332e-07 -3.596e+00  1.081e-04  9.106e-05  9.850e-04 
  2.339e-03 -2.009e-08 -8.396e-08  1.037e-08  2.026e-08  1.866e-08 -2.111e-01  6.414e-06  5.644e-06  5.800e-05  3.937e-06 
ERR MATRIX APPROXIMATE
 PARAMETER  CORRELATION COEFFICIENTS  
       NO.  GLOBAL      1      3      4      6      8      9     20     21     22     23     24
        1  0.34383   1.000  0.160  0.043 -0.031  0.036  0.007  0.042 -0.055  0.037 -0.036  0.005
        3  0.26894   0.160  1.000  0.063  0.091  0.068 -0.063  0.136 -0.140 -0.118 -0.137 -0.099
        4  0.37101   0.043  0.063  1.000 -0.088  0.243  0.000  0.145 -0.192 -0.173 -0.146 -0.124
        6  0.28634  -0.031  0.091 -0.088  1.000 -0.045 -0.003 -0.051  0.070  0.041  0.061  0.043
        8  0.33773   0.036  0.068  0.243 -0.045  1.000 -0.013 -0.004 -0.007  0.005  0.004  0.085
        9  0.24522   0.007 -0.063  0.000 -0.003 -0.013  1.000 -0.106  0.087  0.040  0.114  0.078
       20  0.99921   0.042  0.136  0.145 -0.051 -0.004 -0.106  1.000 -0.973 -0.930 -0.999 -0.928
       21  0.97600  -0.055 -0.140 -0.192  0.070 -0.007  0.087 -0.973  1.000  0.921  0.972  0.912
       22  0.95174   0.037 -0.118 -0.173  0.041  0.005  0.040 -0.930  0.921  1.000  0.925  0.907
       23  0.99918  -0.036 -0.137 -0.146  0.061  0.004  0.114 -0.999  0.972  0.925  1.000  0.931
       24  0.94936   0.005 -0.099 -0.124  0.043  0.085  0.078 -0.928  0.912  0.907  0.931  1.000
 ERR MATRIX APPROXIMATE
MINUIT - FIT ONLY 1-y
 **********
 **   51 **RES 
 **********
                   PARAMETER   16  beta_vw RESTORED TO VARIABLE.
                   PARAMETER   14  alpha_vw RESTORED TO VARIABLE.
                   PARAMETER   13  beta_y RESTORED TO VARIABLE.
                   PARAMETER   11  alpha_y RESTORED TO VARIABLE.
                   PARAMETER   10  beta_2CBO RESTORED TO VARIABLE.
 **********
 **   52 **FIX            0
 **********
 PARAMETER    0  IS UNDEFINED. IGNORED.
 **********
 **   53 **FIX            1
 **********
 **********
 **   54 **FIX            2
 **********
 PARAMETER    2  IS CONSTANT.   IGNORED.
 **********
 **   55 **FIX            3
 **********
 **********
 **   56 **FIX            4
 **********
 **********
 **   57 **FIX            5
 **********
 PARAMETER    5  IS CONSTANT.   IGNORED.
 **********
 **   58 **FIX            6
 **********
 **********
 **   59 **FIX            7
 **********
 PARAMETER    7  IS CONSTANT.   IGNORED.
 **********
 **   60 **FIX            8
 **********
 **********
 **   61 **FIX            9
 **********
 **********
 **   62 **FIX           13
 **********
 **********
 **   63 **FIX           14
 **********
 **********
 **   64 **FIX           15
 **********
 PARAMETER   15  IS CONSTANT.   IGNORED.
 **********
 **   65 **FIX           16
 **********
 **********
 **   66 **MIGRAD
 **********
 START MIGRAD MINIMIZATION.  STRATEGY  1.  CONVERGENCE WHEN EDM .LT. 1.00e-04
 FCN=79.5907 FROM MIGRAD    STATUS=INITIATE       16 CALLS        3610 TOTAL
                     EDM= unknown      STRATEGY= 1      NO ERROR MATRIX       
  EXT PARAMETER               CURRENT GUESS       STEP         FIRST   
  NO.   NAME      VALUE            ERROR          SIZE      DERIVATIVE 
   1  N0           3.07363e+06     fixed    
   2  tau          6.44052e+01   constant   
   3  A0           3.48477e-01     fixed    
   4  phi          4.11619e+00     fixed    
   5  R           -6.12271e+01   constant   
   6  alpha_CBO    6.10820e-03     fixed    
   7  w_CBO        2.32500e+00   constant   
   8  beta_CBO    -4.74712e-04     fixed    
   9  alpha_2CBO   5.26016e-05     fixed    
  10  beta_2CBO    2.99883e-04   1.19877e-04   1.19877e-04   6.44392e+02
  11  alpha_y      0.00000e+00   1.00000e-03   1.00000e-03   9.89359e+02
  12  w_y          1.38860e+01   constant   
  13  beta_y       7.46472e-04     fixed    
  14  alpha_vw     0.00000e+00     fixed    
  15  w_vw         1.43404e+01   constant   
  16  beta_vw      0.00000e+00     fixed    
  17  LM           5.13638e-05   constant   
  18  zeta_y       0.00000e+00   constant   
  19  zeta_vw      0.00000e+00   constant   
  20  T_CBO        6.78930e+01   1.10763e+02   6.56468e-05   5.54902e-02
  21  alpha_A0     1.75560e-03   3.54284e-03  -9.61801e-07   6.32478e-01
  22  beta_A0      1.56041e-03   3.13634e-03  -3.13385e-06   2.43656e+00
  23  alpha_phi    1.45298e-02   3.13845e-02   4.81345e-06   4.20855e-01
  24  beta_phi     6.78121e-04   1.98428e-03   1.13713e-06  -1.94976e+00
 MIGRAD MINIMIZATION HAS CONVERGED.
 MIGRAD WILL VERIFY CONVERGENCE AND ERROR MATRIX.
 FCN=79.5857 FROM MIGRAD    STATUS=CONVERGED     113 CALLS        3707 TOTAL
                     EDM=3.49108e-05    STRATEGY= 1      ERR MATRIX NOT POS-DEF
  EXT PARAMETER                APPROXIMATE        STEP         FIRST   
  NO.   NAME      VALUE            ERROR          SIZE      DERIVATIVE 
   1  N0           3.07363e+06     fixed    
   2  tau          6.44052e+01   constant   
   3  A0           3.48477e-01     fixed    
   4  phi          4.11619e+00     fixed    
   5  R           -6.12271e+01   constant   
   6  alpha_CBO    6.10820e-03     fixed    
   7  w_CBO        2.32500e+00   constant   
   8  beta_CBO    -4.74712e-04     fixed    
   9  alpha_2CBO   5.26016e-05     fixed    
  10  beta_2CBO    2.95273e-04   1.21128e-04   5.19715e-07   8.14329e+00
  11  alpha_y     -7.01091e-06   1.18826e-04   5.21260e-07  -5.37545e+00
  12  w_y          1.38860e+01   constant   
  13  beta_y       7.46472e-04     fixed    
  14  alpha_vw     0.00000e+00     fixed    
  15  w_vw         1.43404e+01   constant   
  16  beta_vw      0.00000e+00     fixed    
  17  LM           5.13638e-05   constant   
  18  zeta_y       0.00000e+00   constant   
  19  zeta_vw      0.00000e+00   constant   
  20  T_CBO        6.78825e+01   8.19005e+01   9.22136e-05   3.78357e-02
  21  alpha_A0     1.74091e-03   3.21739e-03   7.98139e-06  -3.18346e-02
  22  beta_A0      1.56129e-03   2.95364e-03   7.02515e-06   1.68279e-01
  23  alpha_phi    1.45287e-02   2.29419e-02   6.46190e-06   1.79860e-01
  24  beta_phi     6.74598e-04   1.89368e-03   6.72954e-06  -1.16009e-01
 EXTERNAL ERROR MATRIX.    NDIM=  25    NPAR=  7    ERR DEF=1
  1.467e-08 -8.129e-11  4.994e-04  1.953e-08 -2.409e-08 -1.281e-07  1.256e-08 
 -8.129e-11  1.412e-08  1.091e-04  1.152e-09 -4.459e-09 -2.820e-08 -1.777e-09 
  4.994e-04  1.091e-04  6.959e+03 -2.196e-01 -2.067e-01 -1.910e+00 -9.136e-02 
  1.953e-08  1.152e-09 -2.196e-01  1.035e-05  6.667e-06  6.037e-05  2.743e-06 
 -2.409e-08 -4.459e-09 -2.067e-01  6.667e-06  8.724e-06  5.660e-05  2.685e-06 
 -1.281e-07 -2.820e-08 -1.910e+00  6.037e-05  5.660e-05  5.263e-04  2.505e-05 
  1.256e-08 -1.777e-09 -9.136e-02  2.743e-06  2.685e-06  2.505e-05  3.586e-06 
ERR MATRIX NOT POS-DEF
 PARAMETER  CORRELATION COEFFICIENTS  
       NO.  GLOBAL     10     11     20     21     22     23     24
       10  0.21003   1.000 -0.006  0.049  0.050 -0.067 -0.046  0.055
       11  0.02820  -0.006  1.000  0.011  0.003 -0.013 -0.010 -0.008
       20  0.99799   0.049  0.011  1.000 -0.818 -0.839 -0.998 -0.578
       21  0.82493   0.050  0.003 -0.818  1.000  0.702  0.818  0.450
       22  0.84042  -0.067 -0.013 -0.839  0.702  1.000  0.835  0.480
       23  0.99794  -0.046 -0.010 -0.998  0.818  0.835  1.000  0.577
       24  0.58682   0.055 -0.008 -0.578  0.450  0.480  0.577  1.000
 ERR MATRIX NOT POS-DEF
MINUIT - FIT ONLY 2-y
 **********
 **   67 **RES 
 **********
                   PARAMETER   16  beta_vw RESTORED TO VARIABLE.
                   PARAMETER   14  alpha_vw RESTORED TO VARIABLE.
                   PARAMETER   13  beta_y RESTORED TO VARIABLE.
                   PARAMETER    9  alpha_2CBO RESTORED TO VARIABLE.
                   PARAMETER    8  beta_CBO RESTORED TO VARIABLE.
                   PARAMETER    6  alpha_CBO RESTORED TO VARIABLE.
                   PARAMETER    4  phi RESTORED TO VARIABLE.
                   PARAMETER    3  A0 RESTORED TO VARIABLE.
                   PARAMETER    1  N0 RESTORED TO VARIABLE.
 **********
 **   68 **FIX            0
 **********
 PARAMETER    0  IS UNDEFINED. IGNORED.
 **********
 **   69 **FIX            1
 **********
 **********
 **   70 **FIX            2
 **********
 PARAMETER    2  IS CONSTANT.   IGNORED.
 **********
 **   71 **FIX            3
 **********
 **********
 **   72 **FIX            4
 **********
 **********
 **   73 **FIX            5
 **********
 PARAMETER    5  IS CONSTANT.   IGNORED.
 **********
 **   74 **FIX            6
 **********
 **********
 **   75 **FIX            7
 **********
 PARAMETER    7  IS CONSTANT.   IGNORED.
 **********
 **   76 **FIX            8
 **********
 **********
 **   77 **FIX            9
 **********
 **********
 **   78 **FIX           10
 **********
 **********
 **   79 **FIX           11
 **********
 **********
 **   80 **FIX           12
 **********
 PARAMETER   12  IS CONSTANT.   IGNORED.
 **********
 **   81 **FIX           16
 **********
 **********
 **   82 **MIGRAD
 **********
 START MIGRAD MINIMIZATION.  STRATEGY  1.  CONVERGENCE WHEN EDM .LT. 1.00e-04
 FCN=79.5857 FROM MIGRAD    STATUS=INITIATE       16 CALLS        3723 TOTAL
                     EDM= unknown      STRATEGY= 1      NO ERROR MATRIX       
  EXT PARAMETER               CURRENT GUESS       STEP         FIRST   
  NO.   NAME      VALUE            ERROR          SIZE      DERIVATIVE 
   1  N0           3.07363e+06     fixed    
   2  tau          6.44052e+01   constant   
   3  A0           3.48477e-01     fixed    
   4  phi          4.11619e+00     fixed    
   5  R           -6.12271e+01   constant   
   6  alpha_CBO    6.10820e-03     fixed    
   7  w_CBO        2.32500e+00   constant   
   8  beta_CBO    -4.74712e-04     fixed    
   9  alpha_2CBO   5.26016e-05     fixed    
  10  beta_2CBO    2.95273e-04     fixed    
  11  alpha_y     -7.01091e-06     fixed    
  12  w_y          1.38860e+01   constant   
  13  beta_y       7.46472e-04   1.19520e-04   1.19520e-04   2.51525e+02
  14  alpha_vw     0.00000e+00   1.00000e-03   1.00000e-03   7.20947e+04
  15  w_vw         1.43404e+01   constant   
  16  beta_vw      0.00000e+00     fixed    
  17  LM           5.13638e-05   constant   
  18  zeta_y       0.00000e+00   constant   
  19  zeta_vw      0.00000e+00   constant   
  20  T_CBO        6.78825e+01   8.19005e+01   9.22136e-05   3.78180e-02
  21  alpha_A0     1.74091e-03   3.21739e-03   7.98139e-06  -3.18382e-02
  22  beta_A0      1.56129e-03   2.95364e-03   7.02515e-06   1.68270e-01
  23  alpha_phi    1.45287e-02   2.29419e-02   6.46190e-06   1.79858e-01
  24  beta_phi     6.74598e-04   1.89368e-03   6.72954e-06  -1.16008e-01
 MIGRAD MINIMIZATION HAS CONVERGED.
 MIGRAD WILL VERIFY CONVERGENCE AND ERROR MATRIX.
 FCN=59.6424 FROM MIGRAD    STATUS=CONVERGED     113 CALLS        3820 TOTAL
                     EDM=2.51146e-05    STRATEGY= 1      ERR MATRIX NOT POS-DEF
  EXT PARAMETER                APPROXIMATE        STEP         FIRST   
  NO.   NAME      VALUE            ERROR          SIZE      DERIVATIVE 
   1  N0           3.07363e+06     fixed    
   2  tau          6.44052e+01   constant   
   3  A0           3.48477e-01     fixed    
   4  phi          4.11619e+00     fixed    
   5  R           -6.12271e+01   constant   
   6  alpha_CBO    6.10820e-03     fixed    
   7  w_CBO        2.32500e+00   constant   
   8  beta_CBO    -4.74712e-04     fixed    
   9  alpha_2CBO   5.26016e-05     fixed    
  10  beta_2CBO    2.95273e-04     fixed    
  11  alpha_y     -7.01091e-06     fixed    
  12  w_y          1.38860e+01   constant   
  13  beta_y       5.90737e-04   1.23574e-04   4.51611e-07  -3.01155e-01
  14  alpha_vw    -5.52696e-04   1.23606e-04   4.51966e-07   1.71601e+00
  15  w_vw         1.43404e+01   constant   
  16  beta_vw      0.00000e+00     fixed    
  17  LM           5.13638e-05   constant   
  18  zeta_y       0.00000e+00   constant   
  19  zeta_vw      0.00000e+00   constant   
