 + ++++++++++++++++++++++++++++++++++++++++++++++++++++++++++++++++++++ +
 +                                                                      +
 +           You have chose to blind your fitting according to          +
 +                omega_ref * (1 + (R +/- deltaR) *10^{-6})             +
 +                                                                      +
 + ++++++++++++++++++++++++++++++++++++++++++++++++++++++++++++++++++++ +
In main()...
reading format from /gm2data/zkhechad/run45/envelope/formats/formatB_sBin_constraintOn.txt
pBinTau 	= 0  
pBinPhi 	= 0  
constraintau 	= 1 
includeMopTerm 	= 0    
constrainMop    = 0   
Parameters after format file: pBinTau 0 pBinPhi 0 constraintau 1 includeMopTerm 0 constrainMop 0 c_e_scale 0.000000 
Opening file /gm2data/tbarrett/gm2fr/studies/run23_bunch_corrections/CorrectedFourier_Run3b.root.
reading full fit data from /gm2data/zkhechad/cboTemplates/Run4CBOTemplates/templateFits0_v2.0/noRF/sBin_constraintOn_cE0.0_seed0_noRF_calo16.root
windowBins = 69
fitting sliding window 928 from bin 1064 at 158.599600 to bin 1133 at 169.043600 (69 bins)

Reading data from /gm2data/cornell/histograms/aMethod/histogram_a_noRF.root
 **********
 **    1 **SET PRINTOUT            1
 **********
 **********
 **    2 **SET NOWARNINGS 
 **********
 PARAMETER DEFINITIONS:
    NO.   NAME         VALUE      STEP SIZE      LIMITS
     1 N0           3.09796e+06  1.00000e+02     no limits
     2 tau          6.43838e+01  constant
     3 A0           3.49539e-01  1.00000e-04     no limits
     4 phi          4.11719e+00  1.00000e-02     no limits
     5 R           -6.25346e+01  constant
     6 alpha_CBO    0.00000e+00  1.00000e-03     no limits
     7 w_CBO        2.32500e+00  constant
     8 beta_CBO     0.00000e+00  1.00000e-03     no limits
     9 alpha_2CBO   0.00000e+00  1.00000e-03     no limits
    10 beta_2CBO    0.00000e+00  1.00000e-03     no limits
    11 alpha_y      0.00000e+00  1.00000e-03     no limits
    12 w_y          1.44500e+01  constant
    13 beta_y       0.00000e+00  1.00000e-03     no limits
    14 alpha_vw     0.00000e+00  1.00000e-03     no limits
    15 w_vw         1.29000e+01  constant
    16 beta_vw      0.00000e+00  1.00000e-03     no limits
    17 LM          -7.79046e-04  constant
    18 zeta_y       0.00000e+00  constant
    19 zeta_vw      0.00000e+00  constant
    20 T_CBO        1.00000e+02  1.00000e+00    0.00000e+00  1.00000e+03
    21 alpha_A0     0.00000e+00  1.00000e-03     no limits
    22 beta_A0      0.00000e+00  1.00000e-03     no limits
    23 alpha_phi    0.00000e+00  1.00000e-03     no limits
    24 beta_phi     0.00000e+00  1.00000e-03     no limits
MINUIT - FIT ONLY WIGGLE
 **********
 **    3 **FIX            5
 **********
 PARAMETER    5  IS CONSTANT.   IGNORED.
 **********
 **    4 **FIX            6
 **********
 **********
 **    5 **FIX            7
 **********
 PARAMETER    7  IS CONSTANT.   IGNORED.
 **********
 **    6 **FIX            8
 **********
 **********
 **    7 **FIX            9
 **********
 **********
 **    8 **FIX           10
 **********
 **********
 **    9 **FIX           11
 **********
 **********
 **   10 **FIX           12
 **********
 PARAMETER   12  IS CONSTANT.   IGNORED.
 **********
 **   11 **FIX           13
 **********
 **********
 **   12 **FIX           14
 **********
 **********
 **   13 **FIX           15
 **********
 PARAMETER   15  IS CONSTANT.   IGNORED.
 **********
 **   14 **FIX           16
 **********
 **********
 **   15 **MIGRAD
 **********
 FIRST CALL TO USER FUNCTION AT NEW START POINT, WITH IFLAG=4.
 START MIGRAD MINIMIZATION.  STRATEGY  1.  CONVERGENCE WHEN EDM .LT. 1.00e-04
 FCN=477.223 FROM MIGRAD    STATUS=INITIATE      437 CALLS         438 TOTAL
                     EDM= unknown      STRATEGY= 1      NO ERROR MATRIX       
  EXT PARAMETER               CURRENT GUESS       STEP         FIRST   
  NO.   NAME      VALUE            ERROR          SIZE      DERIVATIVE 
   1  N0           3.09796e+06   1.00000e+02   0.00000e+00  -9.41679e-03
   2  tau          6.43838e+01   constant   
   3  A0           3.49539e-01   1.00000e-04   0.00000e+00  -3.26836e+04
   4  phi          4.11719e+00   1.00000e-02   0.00000e+00   1.70287e+03
   5  R           -6.25346e+01   constant   
   6  alpha_CBO    0.00000e+00     fixed    
   7  w_CBO        2.32500e+00   constant   
   8  beta_CBO     0.00000e+00     fixed    
   9  alpha_2CBO   0.00000e+00     fixed    
  10  beta_2CBO    0.00000e+00     fixed    
  11  alpha_y      0.00000e+00     fixed    
  12  w_y          1.44500e+01   constant   
  13  beta_y       0.00000e+00     fixed    
  14  alpha_vw     0.00000e+00     fixed    
  15  w_vw         1.29000e+01   constant   
  16  beta_vw      0.00000e+00     fixed    
  17  LM          -7.79046e-04   constant   
  18  zeta_y       0.00000e+00   constant   
  19  zeta_vw      0.00000e+00   constant   
  20  T_CBO        1.00000e+02   1.00000e+00   0.00000e+00   0.00000e+00
  21  alpha_A0     0.00000e+00   1.00000e-03   0.00000e+00   2.32359e+02
  22  beta_A0      0.00000e+00   1.00000e-03   0.00000e+00   4.04041e+02
  23  alpha_phi    0.00000e+00   1.00000e-03   0.00000e+00   3.93995e+02
  24  beta_phi     0.00000e+00   1.00000e-03   0.00000e+00  -1.73511e+03
 MIGRAD MINIMIZATION HAS CONVERGED.
 FCN=443.81 FROM MIGRAD    STATUS=CONVERGED     564 CALLS         565 TOTAL
                     EDM=1.43322e-06    STRATEGY= 1  ERROR MATRIX UNCERTAINTY   2.0 per cent
  EXT PARAMETER                                   STEP         FIRST   
  NO.   NAME      VALUE            ERROR          SIZE      DERIVATIVE 
   1  N0           3.09833e+06   4.93149e+02  -1.14226e-01   6.66320e-08
   2  tau          6.43838e+01   constant   
   3  A0           3.50360e-01   2.12664e-04   2.74465e-07   8.04954e-01
   4  phi          4.11688e+00   6.07487e-04  -3.54317e-07  -3.26190e-01
   5  R           -6.25346e+01   constant   
   6  alpha_CBO    0.00000e+00     fixed    
   7  w_CBO        2.32500e+00   constant   
   8  beta_CBO     0.00000e+00     fixed    
   9  alpha_2CBO   0.00000e+00     fixed    
  10  beta_2CBO    0.00000e+00     fixed    
  11  alpha_y      0.00000e+00     fixed    
  12  w_y          1.44500e+01   constant   
  13  beta_y       0.00000e+00     fixed    
  14  alpha_vw     0.00000e+00     fixed    
  15  w_vw         1.29000e+01   constant   
  16  beta_vw      0.00000e+00     fixed    
  17  LM          -7.79046e-04   constant   
  18  zeta_y       0.00000e+00   constant   
  19  zeta_vw      0.00000e+00   constant   
  20  T_CBO        1.04868e+02   2.34415e+01   2.10888e-04  -2.61976e-03
  21  alpha_A0    -4.43092e-03   4.17063e-03  -1.27015e-06  -1.59323e-01
  22  beta_A0     -5.22675e-03   4.00442e-03   1.26533e-06  -3.03979e-01
  23  alpha_phi   -5.98526e-03   4.23267e-03   1.27846e-05   2.73755e-02
  24  beta_phi     1.59775e-02   4.12496e-03   2.13315e-07   3.47718e-01
 EXTERNAL ERROR MATRIX.    NDIM=  25    NPAR=  8    ERR DEF=1
  2.432e+05 -9.820e-03  3.802e-02 -1.077e+03  4.514e-01 -6.502e-02  1.857e-02 -2.715e-01 
 -9.820e-03  4.523e-08 -1.274e-10  4.740e-04 -9.415e-08 -1.666e-08 -1.184e-07 -3.266e-09 
  3.802e-02 -1.274e-10  3.690e-07 -1.085e-03 -1.932e-08 -1.250e-07 -2.339e-07 -3.077e-08 
 -1.077e+03  4.740e-04 -1.085e-03  5.506e+02  1.217e-02  2.814e-02  3.733e-02 -6.572e-02 
  4.514e-01 -9.415e-08 -1.932e-08  1.217e-02  1.739e-05  1.841e-06  2.708e-06 -8.928e-07 
 -6.502e-02 -1.666e-08 -1.250e-07  2.814e-02  1.841e-06  1.604e-05  9.010e-07 -1.664e-06 
  1.857e-02 -1.184e-07 -2.339e-07  3.733e-02  2.708e-06  9.010e-07  1.792e-05 -4.014e-06 
 -2.715e-01 -3.266e-09 -3.077e-08 -6.572e-02 -8.928e-07 -1.664e-06 -4.014e-06  1.702e-05 
 PARAMETER  CORRELATION COEFFICIENTS  
       NO.  GLOBAL      1      3      4     20     21     22     23     24
        1  0.39004   1.000 -0.094  0.127 -0.093  0.219 -0.033  0.009 -0.133
        3  0.25625  -0.094  1.000 -0.001  0.095 -0.106 -0.020 -0.132 -0.004
        4  0.17113   0.127 -0.001  1.000 -0.076 -0.008 -0.051 -0.091 -0.012
       20  0.78222  -0.093  0.095 -0.076  1.000  0.124  0.300  0.376 -0.679
       21  0.32158   0.219 -0.106 -0.008  0.124  1.000  0.110  0.153 -0.052
       22  0.35375  -0.033 -0.020 -0.051  0.300  0.110  1.000  0.053 -0.101
       23  0.43694   0.009 -0.132 -0.091  0.376  0.153  0.053  1.000 -0.230
       24  0.72342  -0.133 -0.004 -0.012 -0.679 -0.052 -0.101 -0.230  1.000
MINUIT - FIT ONLY 1-CBO + wiggle
 **********
 **   16 **RES 
 **********
                   PARAMETER   16  beta_vw RESTORED TO VARIABLE.
                   PARAMETER   14  alpha_vw RESTORED TO VARIABLE.
                   PARAMETER   13  beta_y RESTORED TO VARIABLE.
                   PARAMETER   11  alpha_y RESTORED TO VARIABLE.
                   PARAMETER   10  beta_2CBO RESTORED TO VARIABLE.
                   PARAMETER    9  alpha_2CBO RESTORED TO VARIABLE.
                   PARAMETER    8  beta_CBO RESTORED TO VARIABLE.
                   PARAMETER    6  alpha_CBO RESTORED TO VARIABLE.
 **********
 **   17 **FIX            8
 **********
 **********
 **   18 **FIX            9
 **********
 **********
 **   19 **FIX           11
 **********
 **********
 **   20 **FIX           12
 **********
 PARAMETER   12  IS CONSTANT.   IGNORED.
 **********
 **   21 **FIX           14
 **********
 **********
 **   22 **FIX           15
 **********
 PARAMETER   15  IS CONSTANT.   IGNORED.
 **********
 **   23 **FIX           16
 **********
 **********
 **   24 **MIGRAD
 **********
 START MIGRAD MINIMIZATION.  STRATEGY  1.  CONVERGENCE WHEN EDM .LT. 1.00e-04
 FCN=443.81 FROM MIGRAD    STATUS=INITIATE       28 CALLS         593 TOTAL
                     EDM= unknown      STRATEGY= 1      NO ERROR MATRIX       
  EXT PARAMETER               CURRENT GUESS       STEP         FIRST   
  NO.   NAME      VALUE            ERROR          SIZE      DERIVATIVE 
   1  N0           3.09833e+06   4.93149e+02  -1.14226e-01   6.66324e-08
   2  tau          6.43838e+01   constant   
   3  A0           3.50360e-01   2.12664e-04   2.74465e-07   8.04952e-01
   4  phi          4.11688e+00   6.07487e-04  -3.54317e-07  -3.26190e-01
   5  R           -6.25346e+01   constant   
   6  alpha_CBO    0.00000e+00   1.00000e-03   1.00000e-03  -3.05499e+04
   7  w_CBO        2.32500e+00   constant   
   8  beta_CBO     0.00000e+00     fixed    
   9  alpha_2CBO   0.00000e+00     fixed    
  10  beta_2CBO    0.00000e+00   1.00000e-03   1.00000e-03   1.36988e+03
  11  alpha_y      0.00000e+00     fixed    
  12  w_y          1.44500e+01   constant   
  13  beta_y       0.00000e+00   1.00000e-03   1.00000e-03   2.64588e+04
  14  alpha_vw     0.00000e+00     fixed    
  15  w_vw         1.29000e+01   constant   
  16  beta_vw      0.00000e+00     fixed    
  17  LM          -7.79046e-04   constant   
  18  zeta_y       0.00000e+00   constant   
  19  zeta_vw      0.00000e+00   constant   
  20  T_CBO        1.04868e+02   2.34415e+01   2.10888e-04  -2.61954e-03
  21  alpha_A0    -4.43092e-03   4.17063e-03  -1.27015e-06  -1.59326e-01
  22  beta_A0     -5.22675e-03   4.00442e-03   1.26533e-06  -3.03979e-01
  23  alpha_phi   -5.98526e-03   4.23267e-03   1.27846e-05   2.73755e-02
  24  beta_phi     1.59775e-02   4.12496e-03   2.13315e-07   3.47718e-01
 MIGRAD MINIMIZATION HAS CONVERGED.
 MIGRAD WILL VERIFY CONVERGENCE AND ERROR MATRIX.
 FCN=425.553 FROM HESSE     STATUS=NOT POSDEF    100 CALLS         835 TOTAL
                     EDM=0.00166474    STRATEGY= 1      ERR MATRIX NOT POS-DEF
  EXT PARAMETER                APPROXIMATE        STEP         FIRST   
  NO.   NAME      VALUE            ERROR          SIZE      DERIVATIVE 
   1  N0           3.09831e+06   4.87313e+02   4.57726e+00   2.84992e-06
   2  tau          6.43838e+01   constant   
   3  A0           3.50383e-01   2.08162e-04   2.03304e-06   1.69328e+00
   4  phi          4.11732e+00   6.18065e-04   5.91108e-06   1.31557e-01
   5  R           -6.25346e+01   constant   
   6  alpha_CBO    7.09386e-04   2.15946e-04   2.11088e-06  -2.86013e+00
   7  w_CBO        2.32500e+00   constant   
   8  beta_CBO     0.00000e+00     fixed    
   9  alpha_2CBO   0.00000e+00     fixed    
  10  beta_2CBO   -8.30180e-05   2.14789e-04   2.10568e-06  -2.83652e-01
  11  alpha_y      0.00000e+00     fixed    
  12  w_y          1.44500e+01   constant   
  13  beta_y      -5.56634e-04   2.06547e-04   2.08641e-06  -4.93229e+00
  14  alpha_vw     0.00000e+00     fixed    
  15  w_vw         1.29000e+01   constant   
  16  beta_vw      0.00000e+00     fixed    
  17  LM          -7.79046e-04   constant   
  18  zeta_y       0.00000e+00   constant   
  19  zeta_vw      0.00000e+00   constant   
  20  T_CBO        1.05449e+02   2.03974e+02   4.80345e-04  -5.90720e-02
  21  alpha_A0    -3.32828e-03   1.06487e-02   4.08532e-05  -6.00313e-02
  22  beta_A0     -5.53028e-03   1.87468e-02   3.80233e-05  -2.83965e-02
  23  alpha_phi   -6.84098e-03   2.23657e-02   3.82737e-05  -3.48042e-01
  24  beta_phi     1.59466e-02   5.26272e-02   3.94035e-05   5.68695e-01
 MIGRAD MINIMIZATION HAS CONVERGED.
 MIGRAD WILL VERIFY CONVERGENCE AND ERROR MATRIX.
 COVARIANCE MATRIX CALCULATED SUCCESSFULLY
 FCN=425.503 FROM MIGRAD    STATUS=CONVERGED    1771 CALLS        2336 TOTAL
                     EDM=1.31948e-05    STRATEGY= 1      ERROR MATRIX ACCURATE 
  EXT PARAMETER                                   STEP         FIRST   
  NO.   NAME      VALUE            ERROR          SIZE      DERIVATIVE 
   1  N0           3.09830e+06   4.87847e+02   4.57698e+00   1.23926e-07
   2  tau          6.43838e+01   constant   
   3  A0           3.50386e-01   2.08314e-04   2.03293e-06   2.27255e+00
   4  phi          4.11736e+00   6.11779e-04   5.91055e-06   2.51337e-01
   5  R           -6.25346e+01   constant   
   6  alpha_CBO    7.09853e-04   2.16488e-04   2.11076e-06   2.44351e+00
   7  w_CBO        2.32500e+00   constant   
   8  beta_CBO     0.00000e+00     fixed    
   9  alpha_2CBO   0.00000e+00     fixed    
  10  beta_2CBO   -8.00656e-05   2.15219e-04   2.10555e-06   9.58294e-01
  11  alpha_y      0.00000e+00     fixed    
  12  w_y          1.44500e+01   constant   
  13  beta_y      -5.57089e-04   2.07001e-04   2.08629e-06   4.21838e-01
  14  alpha_vw     0.00000e+00     fixed    
  15  w_vw         1.29000e+01   constant   
  16  beta_vw      0.00000e+00     fixed    
  17  LM          -7.79046e-04   constant   
  18  zeta_y       0.00000e+00   constant   
  19  zeta_vw      0.00000e+00   constant   
  20  T_CBO        9.99803e+02   6.26114e+02   1.65327e-01  -1.39216e-04
  21  alpha_A0    -9.29762e-04   1.06351e-03   1.01909e-05  -1.12258e+00
  22  beta_A0     -1.34117e-03   9.69462e-04   9.53390e-06  -6.83422e-01
  23  alpha_phi   -1.73003e-03   9.92403e-04   9.53818e-06   2.07149e+00
  24  beta_phi     3.96084e-03   1.06260e-03   9.80065e-06  -2.91631e+00
 EXTERNAL ERROR MATRIX.    NDIM=  25    NPAR= 11    ERR DEF=1
  2.380e+05 
 -9.223e-03  4.339e-08 
  4.130e-02  3.871e-09  3.743e-07 
 -2.341e-03  9.744e-10  2.826e-08  4.687e-08 
  4.269e-03  2.109e-09 -2.487e-09 -3.557e-09  4.632e-08 
 -1.010e-03 -6.708e-10 -4.293e-10  6.705e-10 -2.012e-10  4.285e-08 
  1.104e+02 -5.177e-05 -5.989e-04 -5.540e-06 -4.500e-05  9.924e-06  6.234e+04 
  1.233e-01 -3.093e-08  2.860e-08  1.903e-08 -4.877e-09  2.025e-09 -1.680e-02  1.131e-06 
 -1.830e-03 -1.640e-08 -4.830e-09 -4.664e-09  3.121e-08 -4.955e-11 -2.697e-02  8.315e-08  9.399e-07 
  1.809e-02 -3.428e-08 -5.797e-08 -1.219e-08 -3.421e-08  4.258e-09 -3.376e-02  1.304e-07 -1.053e-08  9.849e-07 
 -1.245e-01  2.616e-08 -6.678e-08  3.031e-09  1.383e-09  5.766e-10  7.901e-02 -1.301e-07 -6.502e-08 -9.076e-08  1.129e-06 
 PARAMETER  CORRELATION COEFFICIENTS  
       NO.  GLOBAL      1      3      4      6     10     13     20     21     22     23     24
        1  0.35921   1.000 -0.091  0.138 -0.022  0.041 -0.010  0.001  0.238 -0.004  0.037 -0.240
        3  0.25182  -0.091  1.000  0.030  0.022  0.047 -0.016 -0.001 -0.140 -0.081 -0.166  0.118
        4  0.28650   0.138  0.030  1.000  0.213 -0.019 -0.003 -0.004  0.044 -0.008 -0.095 -0.103
        6  0.25523  -0.022  0.022  0.213  1.000 -0.076  0.015 -0.000  0.083 -0.022 -0.057  0.013
       10  0.24237   0.041  0.047 -0.019 -0.076  1.000 -0.005 -0.001 -0.021  0.150 -0.160  0.006
       13  0.03242  -0.010 -0.016 -0.003  0.015 -0.005  1.000  0.000  0.009 -0.000  0.021  0.003
       20  0.34658   0.001 -0.001 -0.004 -0.000 -0.001  0.000  1.000 -0.063 -0.111 -0.136  0.298
       21  0.31229   0.238 -0.140  0.044  0.083 -0.021  0.009 -0.063  1.000  0.081  0.124 -0.115
       22  0.22238  -0.004 -0.081 -0.008 -0.022  0.150 -0.000 -0.111  0.081  1.000 -0.011 -0.063
       23  0.30345   0.037 -0.166 -0.095 -0.057 -0.160  0.021 -0.136  0.124 -0.011  1.000 -0.086
       24  0.40484  -0.240  0.118 -0.103  0.013  0.006  0.003  0.298 -0.115 -0.063 -0.086  1.000
MINUIT - FIT ONLY 2-CBO
 **********
 **   25 **RES 
 **********
                   PARAMETER   16  beta_vw RESTORED TO VARIABLE.
                   PARAMETER   14  alpha_vw RESTORED TO VARIABLE.
                   PARAMETER   11  alpha_y RESTORED TO VARIABLE.
                   PARAMETER    9  alpha_2CBO RESTORED TO VARIABLE.
                   PARAMETER    8  beta_CBO RESTORED TO VARIABLE.
 **********
 **   26 **FIX            0
 **********
 PARAMETER    0  IS UNDEFINED. IGNORED.
 **********
 **   27 **FIX            1
 **********
 **********
 **   28 **FIX            2
 **********
 PARAMETER    2  IS CONSTANT.   IGNORED.
 **********
 **   29 **FIX            3
 **********
 **********
 **   30 **FIX            4
 **********
 **********
 **   31 **FIX            5
 **********
 PARAMETER    5  IS CONSTANT.   IGNORED.
 **********
 **   32 **FIX            6
 **********
 **********
 **   33 **FIX            7
 **********
 PARAMETER    7  IS CONSTANT.   IGNORED.
 **********
 **   34 **FIX           10
 **********
 **********
 **   35 **FIX           11
 **********
 **********
 **   36 **FIX           12
 **********
 PARAMETER   12  IS CONSTANT.   IGNORED.
 **********
 **   37 **FIX           13
 **********
 **********
 **   38 **FIX           14
 **********
 **********
 **   39 **FIX           15
 **********
 PARAMETER   15  IS CONSTANT.   IGNORED.
 **********
 **   40 **FIX           16
 **********
 **********
 **   41 **MIGRAD
 **********
 START MIGRAD MINIMIZATION.  STRATEGY  1.  CONVERGENCE WHEN EDM .LT. 1.00e-04
 FCN=425.503 FROM MIGRAD    STATUS=INITIATE       18 CALLS        2354 TOTAL
                     EDM= unknown      STRATEGY= 1      NO ERROR MATRIX       
  EXT PARAMETER               CURRENT GUESS       STEP         FIRST   
  NO.   NAME      VALUE            ERROR          SIZE      DERIVATIVE 
   1  N0           3.09830e+06     fixed    
   2  tau          6.43838e+01   constant   
   3  A0           3.50386e-01     fixed    
   4  phi          4.11736e+00     fixed    
   5  R           -6.25346e+01   constant   
   6  alpha_CBO    7.09853e-04     fixed    
   7  w_CBO        2.32500e+00   constant   
   8  beta_CBO     0.00000e+00   1.00000e-03   1.00000e-03  -1.76164e+05
   9  alpha_2CBO   0.00000e+00   1.00000e-03   1.00000e-03  -1.16314e+04
  10  beta_2CBO   -8.00656e-05     fixed    
  11  alpha_y      0.00000e+00     fixed    
  12  w_y          1.44500e+01   constant   
  13  beta_y      -5.57089e-04     fixed    
  14  alpha_vw     0.00000e+00     fixed    
  15  w_vw         1.29000e+01   constant   
  16  beta_vw      0.00000e+00     fixed    
  17  LM          -7.79046e-04   constant   
  18  zeta_y       0.00000e+00   constant   
  19  zeta_vw      0.00000e+00   constant   
  20  T_CBO        9.99803e+02   6.26114e+02   1.65327e-01  -1.57057e-04
  21  alpha_A0    -9.29762e-04   1.06351e-03   1.01909e-05  -1.12257e+00
  22  beta_A0     -1.34117e-03   9.69462e-04   9.53390e-06  -6.83446e-01
  23  alpha_phi   -1.73003e-03   9.92403e-04   9.53818e-06   2.07149e+00
  24  beta_phi     3.96084e-03   1.06260e-03   9.80065e-06  -2.91631e+00
 MIGRAD MINIMIZATION HAS CONVERGED.
 MIGRAD WILL VERIFY CONVERGENCE AND ERROR MATRIX.
 COVARIANCE MATRIX CALCULATED SUCCESSFULLY
 FCN=84.4887 FROM MIGRAD    STATUS=CONVERGED     165 CALLS        2501 TOTAL
                     EDM=1.01643e-05    STRATEGY= 1      ERROR MATRIX ACCURATE 
  EXT PARAMETER                                   STEP         FIRST   
  NO.   NAME      VALUE            ERROR          SIZE      DERIVATIVE 
   1  N0           3.09830e+06     fixed    
   2  tau          6.43838e+01   constant   
   3  A0           3.50386e-01     fixed    
   4  phi          4.11736e+00     fixed    
   5  R           -6.25346e+01   constant   
   6  alpha_CBO    7.09853e-04     fixed    
   7  w_CBO        2.32500e+00   constant   
   8  beta_CBO     3.85011e-03   2.08966e-04   9.31621e-07   4.62979e-01
   9  alpha_2CBO   3.27312e-04   2.11665e-04   9.33869e-07  -3.16788e+00
  10  beta_2CBO   -8.00656e-05     fixed    
  11  alpha_y      0.00000e+00     fixed    
  12  w_y          1.44500e+01   constant   
  13  beta_y      -5.57089e-04     fixed    
  14  alpha_vw     0.00000e+00     fixed    
  15  w_vw         1.29000e+01   constant   
  16  beta_vw      0.00000e+00     fixed    
  17  LM          -7.79046e-04   constant   
  18  zeta_y       0.00000e+00   constant   
  19  zeta_vw      0.00000e+00   constant   
  20  T_CBO        9.99939e+02   7.71228e+02   3.40780e-02   4.95484e-04
  21  alpha_A0    -7.44376e-04   1.03055e-03   4.56431e-06   2.87985e-01
  22  beta_A0      1.39755e-03   9.63220e-04   4.27628e-06  -6.27213e-01
  23  alpha_phi   -1.31282e-03   9.51166e-04   4.26814e-06   1.66532e+00
  24  beta_phi     3.55307e-03   9.86685e-04   4.38825e-06  -1.57624e+00
 EXTERNAL ERROR MATRIX.    NDIM=  25    NPAR=  7    ERR DEF=1
  4.367e-08  7.511e-10 -3.051e-06  3.090e-11  3.048e-08  4.546e-09 -6.837e-09 
  7.511e-10  4.480e-08  1.668e-06  3.242e-08  1.069e-08  3.584e-09  2.959e-08 
 -3.051e-06  1.668e-06  3.858e+03 -9.043e-04  1.784e-03 -1.740e-03  4.683e-03 
  3.090e-11  3.242e-08 -9.043e-04  1.062e-06  7.913e-08  9.552e-08 -1.073e-08 
  3.048e-08  1.069e-08  1.784e-03  7.913e-08  9.278e-07 -1.150e-08 -2.257e-08 
  4.546e-09  3.584e-09 -1.740e-03  9.552e-08 -1.150e-08  9.047e-07 -2.741e-08 
 -6.837e-09  2.959e-08  4.683e-03 -1.073e-08 -2.257e-08 -2.741e-08  9.735e-07 
 PARAMETER  CORRELATION COEFFICIENTS  
       NO.  GLOBAL      8      9     20     21     22     23     24
        8  0.15758   1.000  0.017 -0.000  0.000  0.151  0.023 -0.033
        9  0.21202   0.017  1.000  0.000  0.149  0.052  0.018  0.142
       20  0.08856  -0.000  0.000  1.000 -0.014  0.030 -0.029  0.076
       21  0.19385   0.000  0.149 -0.014  1.000  0.080  0.097 -0.011
       22  0.18159   0.151  0.052  0.030  0.080  1.000 -0.013 -0.024
       23  0.10990   0.023  0.018 -0.029  0.097 -0.013  1.000 -0.029
       24  0.17182  -0.033  0.142  0.076 -0.011 -0.024 -0.029  1.000
MINUIT - FIT wiggle + 1-CBO + 2-CBO
 **********
 **   42 **RES 
 **********
                   PARAMETER   16  beta_vw RESTORED TO VARIABLE.
                   PARAMETER   14  alpha_vw RESTORED TO VARIABLE.
                   PARAMETER   13  beta_y RESTORED TO VARIABLE.
                   PARAMETER   11  alpha_y RESTORED TO VARIABLE.
                   PARAMETER   10  beta_2CBO RESTORED TO VARIABLE.
                   PARAMETER    6  alpha_CBO RESTORED TO VARIABLE.
                   PARAMETER    4  phi RESTORED TO VARIABLE.
                   PARAMETER    3  A0 RESTORED TO VARIABLE.
                   PARAMETER    1  N0 RESTORED TO VARIABLE.
 **********
 **   43 **FIX           10
 **********
 **********
 **   44 **FIX           11
 **********
 **********
 **   45 **FIX           12
 **********
 PARAMETER   12  IS CONSTANT.   IGNORED.
 **********
 **   46 **FIX           13
 **********
 **********
 **   47 **FIX           14
 **********
 **********
 **   48 **FIX           15
 **********
 PARAMETER   15  IS CONSTANT.   IGNORED.
 **********
 **   49 **FIX           16
 **********
 **********
 **   50 **MIGRAD
 **********
 START MIGRAD MINIMIZATION.  STRATEGY  1.  CONVERGENCE WHEN EDM .LT. 1.00e-04
 FCN=84.4887 FROM MIGRAD    STATUS=INITIATE       22 CALLS        2523 TOTAL
                     EDM= unknown      STRATEGY= 1      NO ERROR MATRIX       
  EXT PARAMETER               CURRENT GUESS       STEP         FIRST   
  NO.   NAME      VALUE            ERROR          SIZE      DERIVATIVE 
   1  N0           3.09830e+06   4.87847e+02   4.87847e+02   4.92795e-03
   2  tau          6.43838e+01   constant   
   3  A0           3.50386e-01   2.08314e-04   2.08314e-04   4.33684e+04
   4  phi          4.11736e+00   6.11779e-04   6.11779e-04   2.88528e+03
   5  R           -6.25346e+01   constant   
   6  alpha_CBO    7.09853e-04   2.16488e-04   2.16488e-04  -5.87969e+03
   7  w_CBO        2.32500e+00   constant   
   8  beta_CBO     3.85011e-03   2.08966e-04   9.31621e-07   4.62981e-01
   9  alpha_2CBO   3.27312e-04   2.11665e-04   9.33869e-07  -3.16787e+00
  10  beta_2CBO   -8.00656e-05     fixed    
  11  alpha_y      0.00000e+00     fixed    
  12  w_y          1.44500e+01   constant   
  13  beta_y      -5.57089e-04     fixed    
  14  alpha_vw     0.00000e+00     fixed    
  15  w_vw         1.29000e+01   constant   
  16  beta_vw      0.00000e+00     fixed    
  17  LM          -7.79046e-04   constant   
  18  zeta_y       0.00000e+00   constant   
  19  zeta_vw      0.00000e+00   constant   
  20  T_CBO        9.99939e+02   7.71228e+02   3.40780e-02  -4.97939e-04
  21  alpha_A0    -7.44376e-04   1.03055e-03   4.56431e-06   2.87997e-01
  22  beta_A0      1.39755e-03   9.63220e-04   4.27628e-06  -6.27225e-01
  23  alpha_phi   -1.31282e-03   9.51166e-04   4.26814e-06   1.66532e+00
  24  beta_phi     3.55307e-03   9.86685e-04   4.38825e-06  -1.57624e+00
 MIGRAD MINIMIZATION HAS CONVERGED.
 MIGRAD WILL VERIFY CONVERGENCE AND ERROR MATRIX.
 COVARIANCE MATRIX CALCULATED SUCCESSFULLY
 FCN=60.7925 FROM MIGRAD    STATUS=CONVERGED     268 CALLS        2769 TOTAL
                     EDM=1.09422e-06    STRATEGY= 1      ERROR MATRIX ACCURATE 
  EXT PARAMETER                                   STEP         FIRST   
  NO.   NAME      VALUE            ERROR          SIZE      DERIVATIVE 
   1  N0           3.09783e+06   4.88067e+02   1.74188e+00  -1.38997e-06
   2  tau          6.43838e+01   constant   
   3  A0           3.49405e-01   2.14218e-04   7.73837e-07   1.21436e+00
   4  phi          4.11666e+00   6.15947e-04   2.25697e-06  -1.84170e-01
   5  R           -6.25346e+01   constant   
   6  alpha_CBO    7.91151e-04   2.16075e-04   8.03596e-07  -2.61536e-01
   7  w_CBO        2.32500e+00   constant   
   8  beta_CBO     4.11704e-03   2.16082e-04   7.92175e-07  -2.97777e+00
   9  alpha_2CBO   3.67473e-04   2.12373e-04   7.94094e-07   1.65197e+00
  10  beta_2CBO   -8.00656e-05     fixed    
  11  alpha_y      0.00000e+00     fixed    
  12  w_y          1.44500e+01   constant   
  13  beta_y      -5.57089e-04     fixed    
  14  alpha_vw     0.00000e+00     fixed    
  15  w_vw         1.29000e+01   constant   
  16  beta_vw      0.00000e+00     fixed    
  17  LM          -7.79046e-04   constant   
  18  zeta_y       0.00000e+00   constant   
  19  zeta_vw      0.00000e+00   constant   
  20  T_CBO        1.00000e+03   6.84746e+02   4.41278e-02** at limit **
  21  alpha_A0    -3.18504e-04   1.07527e-03   3.88687e-06   3.11958e-01
  22  beta_A0      2.02510e-03   9.74256e-04   3.64225e-06  -2.23433e-01
  23  alpha_phi   -5.30942e-04   9.74944e-04   3.63892e-06   1.07279e+00
  24  beta_phi     3.39583e-03   1.02947e-03   3.74192e-06  -5.24289e-02
 EXTERNAL ERROR MATRIX.    NDIM=  25    NPAR= 11    ERR DEF=1
  2.382e+05 
 -8.012e-03  4.589e-08 
  4.237e-02  6.067e-09  3.794e-07 
 -2.174e-03  9.348e-10  2.831e-08  4.669e-08 
 -5.835e-03 -1.102e-08 -7.489e-09  1.035e-09  4.669e-08 
  1.466e-03 -1.655e-09 -8.666e-09 -1.619e-09  1.185e-09  4.510e-08 
  4.067e-03 -5.344e-09 -6.499e-09 -9.799e-10 -8.430e-10  1.695e-09  2.195e-03 
  1.243e-01 -3.273e-08  2.031e-08  1.763e-08  4.640e-09  3.377e-08 -2.711e-07  1.156e-06 
 -9.126e-03 -2.722e-08 -1.469e-08 -1.970e-09  3.766e-08  1.187e-08  1.896e-06  9.138e-08  9.492e-07 
  1.991e-02 -3.621e-08 -6.367e-08 -1.471e-08  1.326e-08  6.572e-09 -4.802e-07  1.239e-07  1.109e-08  9.505e-07 
 -1.226e-01  2.608e-08 -7.066e-08  1.923e-09 -8.195e-09  2.930e-08  3.246e-06 -8.627e-08 -2.870e-08 -4.577e-08  1.060e-06 
 PARAMETER  CORRELATION COEFFICIENTS  
       NO.  GLOBAL      1      3      4      6      8      9     20     21     22     23     24
        1  0.36068   1.000 -0.077  0.141 -0.021 -0.055  0.014  0.000  0.237 -0.019  0.042 -0.244
        3  0.33801  -0.077  1.000  0.046  0.020 -0.238 -0.036 -0.001 -0.142 -0.130 -0.173  0.118
        4  0.29773   0.141  0.046  1.000  0.213 -0.056 -0.066 -0.000  0.031 -0.024 -0.106 -0.111
        6  0.24730  -0.021  0.020  0.213  1.000  0.022 -0.035 -0.000  0.076 -0.009 -0.070  0.009
        8  0.29617  -0.055 -0.238 -0.056  0.022  1.000  0.026 -0.000  0.020  0.179  0.063 -0.037
        9  0.22581   0.014 -0.036 -0.066 -0.035  0.026  1.000  0.000  0.148  0.057  0.032  0.134
       20  0.08413   0.000 -0.001 -0.000 -0.000 -0.000  0.000  1.000 -0.005  0.042 -0.011  0.067
       21  0.33627   0.237 -0.142  0.031  0.076  0.020  0.148 -0.005  1.000  0.087  0.118 -0.078
       22  0.22655  -0.019 -0.130 -0.024 -0.009  0.179  0.057  0.042  0.087  1.000  0.012 -0.029
       23  0.23323   0.042 -0.173 -0.106 -0.070  0.063  0.032 -0.011  0.118  0.012  1.000 -0.046
       24  0.32129  -0.244  0.118 -0.111  0.009 -0.037  0.134  0.067 -0.078 -0.029 -0.046  1.000
MINUIT - FIT ONLY 1-y
 **********
 **   51 **RES 
 **********
                   PARAMETER   16  beta_vw RESTORED TO VARIABLE.
                   PARAMETER   14  alpha_vw RESTORED TO VARIABLE.
                   PARAMETER   13  beta_y RESTORED TO VARIABLE.
                   PARAMETER   11  alpha_y RESTORED TO VARIABLE.
                   PARAMETER   10  beta_2CBO RESTORED TO VARIABLE.
 **********
 **   52 **FIX            0
 **********
 PARAMETER    0  IS UNDEFINED. IGNORED.
 **********
 **   53 **FIX            1
 **********
 **********
 **   54 **FIX            2
 **********
 PARAMETER    2  IS CONSTANT.   IGNORED.
 **********
 **   55 **FIX            3
 **********
 **********
 **   56 **FIX            4
 **********
 **********
 **   57 **FIX            5
 **********
 PARAMETER    5  IS CONSTANT.   IGNORED.
 **********
 **   58 **FIX            6
 **********
 **********
 **   59 **FIX            7
 **********
 PARAMETER    7  IS CONSTANT.   IGNORED.
 **********
 **   60 **FIX            8
 **********
 **********
 **   61 **FIX            9
 **********
 **********
 **   62 **FIX           13
 **********
 **********
 **   63 **FIX           14
 **********
 **********
 **   64 **FIX           15
 **********
 PARAMETER   15  IS CONSTANT.   IGNORED.
 **********
 **   65 **FIX           16
 **********
 **********
 **   66 **MIGRAD
 **********
 START MIGRAD MINIMIZATION.  STRATEGY  1.  CONVERGENCE WHEN EDM .LT. 1.00e-04
 FCN=60.7925 FROM MIGRAD    STATUS=INITIATE       16 CALLS        2785 TOTAL
                     EDM= unknown      STRATEGY= 1      NO ERROR MATRIX       
  EXT PARAMETER               CURRENT GUESS       STEP         FIRST   
  NO.   NAME      VALUE            ERROR          SIZE      DERIVATIVE 
   1  N0           3.09783e+06     fixed    
   2  tau          6.43838e+01   constant   
   3  A0           3.49405e-01     fixed    
   4  phi          4.11666e+00     fixed    
   5  R           -6.25346e+01   constant   
   6  alpha_CBO    7.91151e-04     fixed    
   7  w_CBO        2.32500e+00   constant   
   8  beta_CBO     4.11704e-03     fixed    
   9  alpha_2CBO   3.67473e-04     fixed    
  10  beta_2CBO   -8.00656e-05   2.15219e-04   2.15219e-04   7.93590e+03
  11  alpha_y      0.00000e+00   1.00000e-03   1.00000e-03  -8.99690e+03
  12  w_y          1.44500e+01   constant   
  13  beta_y      -5.57089e-04     fixed    
  14  alpha_vw     0.00000e+00     fixed    
  15  w_vw         1.29000e+01   constant   
  16  beta_vw      0.00000e+00     fixed    
  17  LM          -7.79046e-04   constant   
  18  zeta_y       0.00000e+00   constant   
  19  zeta_vw      0.00000e+00   constant   
  20  T_CBO        9.99999e+02   6.84746e+02   4.41278e-02  -3.12389e-05
  21  alpha_A0    -3.18504e-04   1.07527e-03   3.88687e-06   3.12043e-01
  22  beta_A0      2.02510e-03   9.74256e-04   3.64225e-06  -2.24158e-01
  23  alpha_phi   -5.30942e-04   9.74944e-04   3.63892e-06   1.07292e+00
  24  beta_phi     3.39583e-03   1.02947e-03   3.74192e-06  -5.35591e-02
 MIGRAD MINIMIZATION HAS CONVERGED.
 MIGRAD WILL VERIFY CONVERGENCE AND ERROR MATRIX.
 COVARIANCE MATRIX CALCULATED SUCCESSFULLY
 FCN=59.1674 FROM MIGRAD    STATUS=CONVERGED     112 CALLS        2881 TOTAL
                     EDM=3.61058e-06    STRATEGY= 1      ERROR MATRIX ACCURATE 
  EXT PARAMETER                                   STEP         FIRST   
  NO.   NAME      VALUE            ERROR          SIZE      DERIVATIVE 
   1  N0           3.09783e+06     fixed    
   2  tau          6.43838e+01   constant   
   3  A0           3.49405e-01     fixed    
   4  phi          4.11666e+00     fixed    
   5  R           -6.25346e+01   constant   
   6  alpha_CBO    7.91151e-04     fixed    
   7  w_CBO        2.32500e+00   constant   
   8  beta_CBO     4.11704e-03     fixed    
   9  alpha_2CBO   3.67473e-04     fixed    
  10  beta_2CBO   -2.64583e-04   2.14174e-04   7.90997e-07   1.95316e+00
  11  alpha_y      1.98594e-04   2.08837e-04   7.90610e-07   5.68973e+00
  12  w_y          1.44500e+01   constant   
  13  beta_y      -5.57089e-04     fixed    
  14  alpha_vw     0.00000e+00     fixed    
  15  w_vw         1.29000e+01   constant   
  16  beta_vw      0.00000e+00     fixed    
  17  LM          -7.79046e-04   constant   
  18  zeta_y       0.00000e+00   constant   
  19  zeta_vw      0.00000e+00   constant   
  20  T_CBO        1.00000e+03   6.34747e+02   4.29794e-02** at limit **
  21  alpha_A0    -3.11528e-04   1.02091e-03   3.83545e-06  -1.34197e+00
  22  beta_A0      1.87621e-03   9.64698e-04   3.59394e-06  -1.03417e+00
  23  alpha_phi   -3.90898e-04   9.66130e-04   3.59077e-06  -1.39010e+00
  24  beta_phi     3.37501e-03   9.78590e-04   3.69244e-06  -7.49999e-01
 EXTERNAL ERROR MATRIX.    NDIM=  25    NPAR=  7    ERR DEF=1
  4.587e-08 -5.732e-10 -7.364e-10 -4.155e-09  3.195e-08 -3.390e-08  2.464e-09 
 -5.732e-10  4.361e-08 -1.284e-10 -1.881e-09 -4.834e-09  1.508e-09 -2.400e-09 
 -7.364e-10 -1.284e-10  6.256e-04 -1.441e-07  9.274e-07 -1.872e-07  1.710e-06 
 -4.155e-09 -1.881e-09 -1.441e-07  1.042e-06  6.938e-08  9.610e-08 -3.179e-08 
  3.195e-08 -4.834e-09  9.274e-07  6.938e-08  9.306e-07 -3.881e-08 -2.172e-08 
 -3.390e-08  1.508e-09 -1.872e-07  9.610e-08 -3.881e-08  9.334e-07 -2.934e-08 
  2.464e-09 -2.400e-09  1.710e-06 -3.179e-08 -2.172e-08 -2.934e-08  9.576e-07 
 PARAMETER  CORRELATION COEFFICIENTS  
       NO.  GLOBAL     10     11     20     21     22     23     24
       10  0.22169   1.000 -0.013 -0.000 -0.019  0.155 -0.164  0.012
       11  0.03004  -0.013  1.000 -0.000 -0.009 -0.024  0.007 -0.012
       20  0.08126  -0.000 -0.000  1.000 -0.006  0.038 -0.008  0.070
       21  0.12683  -0.019 -0.009 -0.006  1.000  0.070  0.097 -0.032
       22  0.18025   0.155 -0.024  0.038  0.070  1.000 -0.042 -0.023
       23  0.19249  -0.164  0.007 -0.008  0.097 -0.042  1.000 -0.031
       24  0.08668   0.012 -0.012  0.070 -0.032 -0.023 -0.031  1.000
MINUIT - FIT ONLY 2-y
 **********
 **   67 **RES 
 **********
                   PARAMETER   16  beta_vw RESTORED TO VARIABLE.
                   PARAMETER   14  alpha_vw RESTORED TO VARIABLE.
                   PARAMETER   13  beta_y RESTORED TO VARIABLE.
                   PARAMETER    9  alpha_2CBO RESTORED TO VARIABLE.
                   PARAMETER    8  beta_CBO RESTORED TO VARIABLE.
                   PARAMETER    6  alpha_CBO RESTORED TO VARIABLE.
                   PARAMETER    4  phi RESTORED TO VARIABLE.
                   PARAMETER    3  A0 RESTORED TO VARIABLE.
                   PARAMETER    1  N0 RESTORED TO VARIABLE.
 **********
 **   68 **FIX            0
 **********
 PARAMETER    0  IS UNDEFINED. IGNORED.
 **********
 **   69 **FIX            1
 **********
 **********
 **   70 **FIX            2
 **********
 PARAMETER    2  IS CONSTANT.   IGNORED.
 **********
 **   71 **FIX            3
 **********
 **********
 **   72 **FIX            4
 **********
 **********
 **   73 **FIX            5
 **********
 PARAMETER    5  IS CONSTANT.   IGNORED.
 **********
 **   74 **FIX            6
 **********
 **********
 **   75 **FIX            7
 **********
 PARAMETER    7  IS CONSTANT.   IGNORED.
 **********
 **   76 **FIX            8
 **********
 **********
 **   77 **FIX            9
 **********
 **********
 **   78 **FIX           10
 **********
 **********
 **   79 **FIX           11
 **********
 **********
 **   80 **FIX           12
 **********
 PARAMETER   12  IS CONSTANT.   IGNORED.
 **********
 **   81 **FIX           16
 **********
 **********
 **   82 **MIGRAD
 **********
 START MIGRAD MINIMIZATION.  STRATEGY  1.  CONVERGENCE WHEN EDM .LT. 1.00e-04
 FCN=59.1674 FROM MIGRAD    STATUS=INITIATE       16 CALLS        2897 TOTAL
                     EDM= unknown      STRATEGY= 1      NO ERROR MATRIX       
  EXT PARAMETER               CURRENT GUESS       STEP         FIRST   
  NO.   NAME      VALUE            ERROR          SIZE      DERIVATIVE 
   1  N0           3.09783e+06     fixed    
   2  tau          6.43838e+01   constant   
   3  A0           3.49405e-01     fixed    
   4  phi          4.11666e+00     fixed    
   5  R           -6.25346e+01   constant   
   6  alpha_CBO    7.91151e-04     fixed    
   7  w_CBO        2.32500e+00   constant   
   8  beta_CBO     4.11704e-03     fixed    
   9  alpha_2CBO   3.67473e-04     fixed    
  10  beta_2CBO   -2.64583e-04     fixed    
  11  alpha_y      1.98594e-04     fixed    
  12  w_y          1.44500e+01   constant   
  13  beta_y      -5.57089e-04   2.07001e-04   2.07001e-04  -1.17280e+03
  14  alpha_vw     0.00000e+00   1.00000e-03   1.00000e-03   3.47236e+03
  15  w_vw         1.29000e+01   constant   
  16  beta_vw      0.00000e+00     fixed    
  17  LM          -7.79046e-04   constant   
  18  zeta_y       0.00000e+00   constant   
  19  zeta_vw      0.00000e+00   constant   
  20  T_CBO        9.99999e+02   6.34747e+02   4.29794e-02  -3.00772e-05
  21  alpha_A0    -3.11528e-04   1.02091e-03   3.83545e-06  -1.34187e+00
  22  beta_A0      1.87621e-03   9.64698e-04   3.59394e-06  -1.03487e+00
  23  alpha_phi   -3.90898e-04   9.66130e-04   3.59077e-06  -1.39002e+00
  24  beta_phi     3.37501e-03   9.78590e-04   3.69244e-06  -7.51124e-01
 MIGRAD MINIMIZATION HAS CONVERGED.
 MIGRAD WILL VERIFY CONVERGENCE AND ERROR MATRIX.
 COVARIANCE MATRIX CALCULATED SUCCESSFULLY
 FCN=59.017 FROM MIGRAD    STATUS=CONVERGED      96 CALLS        2977 TOTAL
                     EDM=5.67791e-06    STRATEGY= 1      ERROR MATRIX ACCURATE 
  EXT PARAMETER                                   STEP         FIRST   
  NO.   NAME      VALUE            ERROR          SIZE      DERIVATIVE 
   1  N0           3.09783e+06     fixed    
   2  tau          6.43838e+01   constant   
   3  A0           3.49405e-01     fixed    
   4  phi          4.11666e+00     fixed    
   5  R           -6.25346e+01   constant   
   6  alpha_CBO    7.91151e-04     fixed    
   7  w_CBO        2.32500e+00   constant   
   8  beta_CBO     4.11704e-03     fixed    
   9  alpha_2CBO   3.67473e-04     fixed    
  10  beta_2CBO   -2.64583e-04     fixed    
  11  alpha_y      1.98594e-04     fixed    
  12  w_y          1.44500e+01   constant   
  13  beta_y      -5.28482e-04   2.07148e-04   7.82624e-07   2.11487e+00
  14  alpha_vw    -7.69420e-05   2.08954e-04   7.89235e-07   6.74582e-01
