 + ++++++++++++++++++++++++++++++++++++++++++++++++++++++++++++++++++++ +
 +                                                                      +
 +           You have chose to blind your fitting according to          +
 +                omega_ref * (1 + (R +/- deltaR) *10^{-6})             +
 +                                                                      +
 + ++++++++++++++++++++++++++++++++++++++++++++++++++++++++++++++++++++ +
In main()...
reading format from /gm2data/zkhechad/run45/envelope/formats/formatB_sBin_constraintOn.txt
pBinTau 	= 0  
pBinPhi 	= 0  
constraintau 	= 1 
includeMopTerm 	= 0    
constrainMop    = 0   
Parameters after format file: pBinTau 0 pBinPhi 0 constraintau 1 includeMopTerm 0 constrainMop 0 c_e_scale 0.000000 
Opening file /gm2data/tbarrett/gm2fr/studies/run23_bunch_corrections/CorrectedFourier_Run3b.root.
reading full fit data from /gm2data/zkhechad/cboTemplates/Run4CBOTemplates/fullFits/noRF/sBin_constraintOn_cE0.0_seed0_noRF_calo2.root
windowBins = 69
fitting sliding window 2170 from bin 2306 at 343.906000 to bin 2375 at 354.350000 (69 bins)

Reading data from /gm2data/cornell/histograms/aMethod/histogram_a_noRF.root
 **********
 **    1 **SET PRINTOUT            1
 **********
 **********
 **    2 **SET NOWARNINGS 
 **********
 PARAMETER DEFINITIONS:
    NO.   NAME         VALUE      STEP SIZE      LIMITS
     1 N0           3.21058e+06  1.00000e+02     no limits
     2 tau          6.44090e+01  constant
     3 A0           3.64384e-01  1.00000e-04     no limits
     4 phi          4.11815e+00  1.00000e-02     no limits
     5 R           -6.00655e+01  constant
     6 alpha_CBO    0.00000e+00  1.00000e-03     no limits
     7 w_CBO        2.32500e+00  constant
     8 beta_CBO     0.00000e+00  1.00000e-03     no limits
     9 alpha_2CBO   0.00000e+00  1.00000e-03     no limits
    10 beta_2CBO    0.00000e+00  1.00000e-03     no limits
    11 alpha_y      0.00000e+00  1.00000e-03     no limits
    12 w_y          1.38860e+01  constant
    13 beta_y       0.00000e+00  1.00000e-03     no limits
    14 alpha_vw     0.00000e+00  1.00000e-03     no limits
    15 w_vw         1.43404e+01  constant
    16 beta_vw      0.00000e+00  1.00000e-03     no limits
    17 LM           2.36781e-04  constant
    18 zeta_y       0.00000e+00  constant
    19 zeta_vw      0.00000e+00  constant
    20 T_CBO        1.00000e+02  1.00000e+00    0.00000e+00  1.00000e+03
    21 alpha_A0     0.00000e+00  1.00000e-03     no limits
    22 beta_A0      0.00000e+00  1.00000e-03     no limits
    23 alpha_phi    0.00000e+00  1.00000e-03     no limits
    24 beta_phi     0.00000e+00  1.00000e-03     no limits
MINUIT - FIT ONLY WIGGLE
 **********
 **    3 **FIX            5
 **********
 PARAMETER    5  IS CONSTANT.   IGNORED.
 **********
 **    4 **FIX            6
 **********
 **********
 **    5 **FIX            7
 **********
 PARAMETER    7  IS CONSTANT.   IGNORED.
 **********
 **    6 **FIX            8
 **********
 **********
 **    7 **FIX            9
 **********
 **********
 **    8 **FIX           10
 **********
 **********
 **    9 **FIX           11
 **********
 **********
 **   10 **FIX           12
 **********
 PARAMETER   12  IS CONSTANT.   IGNORED.
 **********
 **   11 **FIX           13
 **********
 **********
 **   12 **FIX           14
 **********
 **********
 **   13 **FIX           15
 **********
 PARAMETER   15  IS CONSTANT.   IGNORED.
 **********
 **   14 **FIX           16
 **********
 **********
 **   15 **MIGRAD
 **********
 FIRST CALL TO USER FUNCTION AT NEW START POINT, WITH IFLAG=4.
 START MIGRAD MINIMIZATION.  STRATEGY  1.  CONVERGENCE WHEN EDM .LT. 1.00e-04
 FCN=54.9413 FROM MIGRAD    STATUS=INITIATE      437 CALLS         438 TOTAL
                     EDM= unknown      STRATEGY= 1      NO ERROR MATRIX       
  EXT PARAMETER               CURRENT GUESS       STEP         FIRST   
  NO.   NAME      VALUE            ERROR          SIZE      DERIVATIVE 
   1  N0           3.21058e+06   1.00000e+02   0.00000e+00   1.45143e-04
   2  tau          6.44090e+01   constant   
   3  A0           3.64384e-01   1.00000e-04   0.00000e+00  -2.37611e+03
   4  phi          4.11815e+00   1.00000e-02   0.00000e+00   2.89353e+02
   5  R           -6.00655e+01   constant   
   6  alpha_CBO    0.00000e+00     fixed    
   7  w_CBO        2.32500e+00   constant   
   8  beta_CBO     0.00000e+00     fixed    
   9  alpha_2CBO   0.00000e+00     fixed    
  10  beta_2CBO    0.00000e+00     fixed    
  11  alpha_y      0.00000e+00     fixed    
  12  w_y          1.38860e+01   constant   
  13  beta_y       0.00000e+00     fixed    
  14  alpha_vw     0.00000e+00     fixed    
  15  w_vw         1.43404e+01   constant   
  16  beta_vw      0.00000e+00     fixed    
  17  LM           2.36781e-04   constant   
  18  zeta_y       0.00000e+00   constant   
  19  zeta_vw      0.00000e+00   constant   
  20  T_CBO        1.00000e+02   1.00000e+00   0.00000e+00   0.00000e+00
  21  alpha_A0     0.00000e+00   1.00000e-03   0.00000e+00   1.24547e+01
  22  beta_A0      0.00000e+00   1.00000e-03   0.00000e+00   3.58315e+01
  23  alpha_phi    0.00000e+00   1.00000e-03   0.00000e+00  -1.10984e+01
  24  beta_phi     0.00000e+00   1.00000e-03   0.00000e+00  -7.54121e-02
 CALL LIMIT EXCEEDED IN MIGRAD.
 MIGRAD TERMINATED WITHOUT CONVERGENCE.
 FCN=49.6033 FROM MIGRAD    STATUS=CALL LIMIT   1325 CALLS        1326 TOTAL
                     EDM=0.000985538    STRATEGY= 1  ERROR MATRIX UNCERTAINTY   0.5 per cent
  EXT PARAMETER                APPROXIMATE        STEP         FIRST   
  NO.   NAME      VALUE            ERROR          SIZE      DERIVATIVE 
   1  N0           3.21017e+06   1.97459e+03   1.04634e+01  -3.88794e-06
   2  tau          6.44090e+01   constant   
   3  A0           3.65112e-01   7.82100e-04  -2.07095e-06  -1.74403e+00
   4  phi          4.11751e+00   2.23716e-03   9.68056e-06   1.69990e+00
   5  R           -6.00655e+01   constant   
   6  alpha_CBO    0.00000e+00     fixed    
   7  w_CBO        2.32500e+00   constant   
   8  beta_CBO     0.00000e+00     fixed    
   9  alpha_2CBO   0.00000e+00     fixed    
  10  beta_2CBO    0.00000e+00     fixed    
  11  alpha_y      0.00000e+00     fixed    
  12  w_y          1.38860e+01   constant   
  13  beta_y       0.00000e+00     fixed    
  14  alpha_vw     0.00000e+00     fixed    
  15  w_vw         1.43404e+01   constant   
  16  beta_vw      0.00000e+00     fixed    
  17  LM           2.36781e-04   constant   
  18  zeta_y       0.00000e+00   constant   
  19  zeta_vw      0.00000e+00   constant   
  20  T_CBO        3.36139e+02   6.40451e+02   2.64791e-02  -1.52067e-01
  21  alpha_A0    -6.19898e-03   2.24897e-02   4.17556e-04   3.10598e+00
  22  beta_A0     -1.67093e-02   4.93078e-02   6.21864e-04   4.12579e+00
  23  alpha_phi    5.39438e-03   1.83601e-02   4.21093e-06   2.63554e+00
  24  beta_phi     1.02673e-03   1.29548e-02  -1.02556e-04  -2.08600e+00
 EXTERNAL ERROR MATRIX.    NDIM=  25    NPAR=  8    ERR DEF=1
  3.899e+06  6.617e-02 -6.356e-01  1.879e+04  3.204e+00  1.549e+00  2.007e+00 -3.261e+00 
  6.617e-02  6.117e-07  1.157e-07 -2.903e-02 -8.186e-07 -9.524e-07  9.608e-07  1.854e-06 
 -6.356e-01  1.157e-07  5.005e-06  2.551e-02 -1.967e-06  8.817e-07 -3.827e-07  3.433e-06 
  1.879e+04 -2.903e-02  2.551e-02  6.536e+05  1.592e+01  3.895e+01 -1.231e+01 -2.970e+00 
  3.204e+00 -8.186e-07 -1.967e-06  1.592e+01  5.058e-04  9.307e-04 -3.304e-04 -7.336e-05 
  1.549e+00 -9.524e-07  8.817e-07  3.895e+01  9.307e-04  2.431e-03 -7.487e-04 -1.733e-04 
  2.007e+00  9.608e-07 -3.827e-07 -1.231e+01 -3.304e-04 -7.487e-04  3.371e-04  7.767e-05 
 -3.261e+00  1.854e-06  3.433e-06 -2.970e+00 -7.336e-05 -1.733e-04  7.767e-05  1.678e-04 
ERR MATRIX APPROXIMATE
 PARAMETER  CORRELATION COEFFICIENTS  
       NO.  GLOBAL      1      3      4     20     21     22     23     24
        1  0.29636   1.000  0.043 -0.144  0.012  0.072  0.016  0.055 -0.127
        3  0.22288   0.043  1.000  0.066 -0.046 -0.047 -0.025  0.067  0.183
        4  0.21811  -0.144  0.066  1.000  0.014 -0.039  0.008 -0.009  0.118
       20  0.98282   0.012 -0.046  0.014  1.000  0.875  0.977 -0.829 -0.284
       21  0.89625   0.072 -0.047 -0.039  0.875  1.000  0.839 -0.800 -0.252
       22  0.97895   0.016 -0.025  0.008  0.977  0.839  1.000 -0.827 -0.271
       23  0.86180   0.055  0.067 -0.009 -0.829 -0.800 -0.827  1.000  0.327
       24  0.41585  -0.127  0.183  0.118 -0.284 -0.252 -0.271  0.327  1.000
 ERR MATRIX APPROXIMATE
MINUIT - FIT ONLY 1-CBO + wiggle
 **********
 **   16 **RES 
 **********
                   PARAMETER   16  beta_vw RESTORED TO VARIABLE.
                   PARAMETER   14  alpha_vw RESTORED TO VARIABLE.
                   PARAMETER   13  beta_y RESTORED TO VARIABLE.
                   PARAMETER   11  alpha_y RESTORED TO VARIABLE.
                   PARAMETER   10  beta_2CBO RESTORED TO VARIABLE.
                   PARAMETER    9  alpha_2CBO RESTORED TO VARIABLE.
                   PARAMETER    8  beta_CBO RESTORED TO VARIABLE.
                   PARAMETER    6  alpha_CBO RESTORED TO VARIABLE.
 **********
 **   17 **FIX            8
 **********
 **********
 **   18 **FIX            9
 **********
 **********
 **   19 **FIX           11
 **********
 **********
 **   20 **FIX           12
 **********
 PARAMETER   12  IS CONSTANT.   IGNORED.
 **********
 **   21 **FIX           14
 **********
 **********
 **   22 **FIX           15
 **********
 PARAMETER   15  IS CONSTANT.   IGNORED.
 **********
 **   23 **FIX           16
 **********
 **********
 **   24 **MIGRAD
 **********
 START MIGRAD MINIMIZATION.  STRATEGY  1.  CONVERGENCE WHEN EDM .LT. 1.00e-04
 FCN=49.6033 FROM MIGRAD    STATUS=INITIATE       28 CALLS        1354 TOTAL
                     EDM= unknown      STRATEGY= 1      NO ERROR MATRIX       
  EXT PARAMETER               CURRENT GUESS       STEP         FIRST   
  NO.   NAME      VALUE            ERROR          SIZE      DERIVATIVE 
   1  N0           3.21017e+06   1.97459e+03   1.04634e+01  -3.88794e-06
   2  tau          6.44090e+01   constant   
   3  A0           3.65112e-01   7.82100e-04  -2.07095e-06  -1.74403e+00
   4  phi          4.11751e+00   2.23716e-03   9.68056e-06   1.69990e+00
   5  R           -6.00655e+01   constant   
   6  alpha_CBO    0.00000e+00   1.00000e-03   1.00000e-03   4.27175e+03
   7  w_CBO        2.32500e+00   constant   
   8  beta_CBO     0.00000e+00     fixed    
   9  alpha_2CBO   0.00000e+00     fixed    
  10  beta_2CBO    0.00000e+00   1.00000e-03   1.00000e-03   2.40010e+03
  11  alpha_y      0.00000e+00     fixed    
  12  w_y          1.38860e+01   constant   
  13  beta_y       0.00000e+00   1.00000e-03   1.00000e-03   1.06681e+02
  14  alpha_vw     0.00000e+00     fixed    
  15  w_vw         1.43404e+01   constant   
  16  beta_vw      0.00000e+00     fixed    
  17  LM           2.36781e-04   constant   
  18  zeta_y       0.00000e+00   constant   
  19  zeta_vw      0.00000e+00   constant   
  20  T_CBO        3.36139e+02   6.40451e+02   2.64791e-02  -1.52068e-01
  21  alpha_A0    -6.19898e-03   2.24897e-02   4.17556e-04   3.10598e+00
  22  beta_A0     -1.67093e-02   4.93078e-02   6.21864e-04   4.12579e+00
  23  alpha_phi    5.39438e-03   1.83601e-02   4.21093e-06   2.63554e+00
  24  beta_phi     1.02673e-03   1.29548e-02  -1.02556e-04  -2.08600e+00
 MIGRAD MINIMIZATION HAS CONVERGED.
 FCN=44.3508 FROM MIGRAD    STATUS=CONVERGED     818 CALLS        2144 TOTAL
                     EDM=8.9283e-06    STRATEGY= 1  ERROR MATRIX UNCERTAINTY   2.2 per cent
  EXT PARAMETER                                   STEP         FIRST   
  NO.   NAME      VALUE            ERROR          SIZE      DERIVATIVE 
   1  N0           3.20983e+06   2.06508e+03  -5.40504e+00  -8.91429e-07
   2  tau          6.44090e+01   constant   
   3  A0           3.64763e-01   8.66659e-04   5.32700e-07  -7.21544e-01
   4  phi          4.11651e+00   2.36548e-03   4.65877e-06   4.82558e-01
   5  R           -6.00655e+01   constant   
   6  alpha_CBO   -1.87762e-03   9.21048e-04   1.29149e-06   4.57057e-02
   7  w_CBO        2.32500e+00   constant   
   8  beta_CBO     0.00000e+00     fixed    
   9  alpha_2CBO   0.00000e+00     fixed    
  10  beta_2CBO   -1.01656e-03   8.68215e-04  -1.98404e-06  -2.79126e+00
  11  alpha_y      0.00000e+00     fixed    
  12  w_y          1.38860e+01   constant   
  13  beta_y      -3.07621e-05   8.80107e-04   8.47919e-07   6.32684e-01
  14  alpha_vw     0.00000e+00     fixed    
  15  w_vw         1.43404e+01   constant   
  16  beta_vw      0.00000e+00     fixed    
  17  LM           2.36781e-04   constant   
  18  zeta_y       0.00000e+00   constant   
  19  zeta_vw      0.00000e+00   constant   
  20  T_CBO        9.99051e+02   7.06462e+02   4.16634e-02  -3.61455e-04
  21  alpha_A0    -1.88760e-03   5.40916e-03  -1.17238e-05  -3.07450e-01
  22  beta_A0     -9.85500e-03   6.14543e-03  -1.26901e-05   3.62202e-01
  23  alpha_phi    1.67581e-03   4.73398e-03   8.11315e-06  -5.86488e-02
  24  beta_phi    -6.22464e-04   6.09700e-03  -5.57773e-06  -1.82296e-01
 EXTERNAL ERROR MATRIX.    NDIM=  25    NPAR= 11    ERR DEF=1
  4.265e+06 
  2.076e-01  7.511e-07 
 -5.385e-01  1.402e-07  5.595e-06 
  1.136e-01  1.512e-07  3.921e-07  8.483e-07 
  8.213e-02  1.305e-08  1.321e-07  4.442e-08  7.538e-07 
  8.529e-03 -1.949e-08 -4.677e-08 -9.886e-09  1.274e-08  7.746e-07 
 -1.412e+05  1.435e-02  1.170e-01  3.391e-02 -5.403e-02  2.285e-02  2.868e+05 
  1.159e+00 -2.484e-07 -5.316e-07 -7.176e-07  3.955e-08  1.388e-07  2.375e-01  2.926e-05 
  1.738e-01  4.877e-07  1.054e-06  4.652e-07  3.776e-07  1.412e-08  2.000e+00  8.784e-07  3.777e-05 
  1.031e+00  4.716e-07  1.015e-07  7.955e-07 -3.950e-07 -4.044e-08 -2.116e-01 -1.228e-06 -1.713e-06  2.241e-05 
 -1.879e+00  1.298e-06  1.654e-06  6.565e-07  3.320e-07 -9.198e-08  4.616e-02 -5.996e-06  5.907e-06  8.687e-06  3.717e-05 
 PARAMETER  CORRELATION COEFFICIENTS  
       NO.  GLOBAL      1      3      4      6     10     13     20     21     22     23     24
        1  0.35358   1.000  0.116 -0.110  0.060  0.046  0.005 -0.128  0.104  0.014  0.106 -0.149
        3  0.33127   0.116  1.000  0.068  0.189  0.017 -0.026  0.031 -0.053  0.092  0.115  0.246
        4  0.25103  -0.110  0.068  1.000  0.180  0.064 -0.022  0.092 -0.042  0.072  0.009  0.115
        6  0.34524   0.060  0.189  0.180  1.000  0.056 -0.012  0.069 -0.144  0.082  0.182  0.117
       10  0.26986   0.046  0.017  0.064  0.056  1.000  0.017 -0.116  0.008  0.071 -0.096  0.063
       13  0.07918   0.005 -0.026 -0.022 -0.012  0.017  1.000  0.048  0.029  0.003 -0.010 -0.017
       20  0.65786  -0.128  0.031  0.092  0.069 -0.116  0.048  1.000  0.082  0.608 -0.083  0.014
       21  0.26370   0.104 -0.053 -0.042 -0.144  0.008  0.029  0.082  1.000  0.026 -0.048 -0.182
       22  0.65260   0.014  0.092  0.072  0.082  0.071  0.003  0.608  0.026  1.000 -0.059  0.158
       23  0.40572   0.106  0.115  0.009  0.182 -0.096 -0.010 -0.083 -0.048 -0.059  1.000  0.301
       24  0.49051  -0.149  0.246  0.115  0.117  0.063 -0.017  0.014 -0.182  0.158  0.301  1.000
MINUIT - FIT ONLY 2-CBO
 **********
 **   25 **RES 
 **********
                   PARAMETER   16  beta_vw RESTORED TO VARIABLE.
                   PARAMETER   14  alpha_vw RESTORED TO VARIABLE.
                   PARAMETER   11  alpha_y RESTORED TO VARIABLE.
                   PARAMETER    9  alpha_2CBO RESTORED TO VARIABLE.
                   PARAMETER    8  beta_CBO RESTORED TO VARIABLE.
 **********
 **   26 **FIX            0
 **********
 PARAMETER    0  IS UNDEFINED. IGNORED.
 **********
 **   27 **FIX            1
 **********
 **********
 **   28 **FIX            2
 **********
 PARAMETER    2  IS CONSTANT.   IGNORED.
 **********
 **   29 **FIX            3
 **********
 **********
 **   30 **FIX            4
 **********
 **********
 **   31 **FIX            5
 **********
 PARAMETER    5  IS CONSTANT.   IGNORED.
 **********
 **   32 **FIX            6
 **********
 **********
 **   33 **FIX            7
 **********
 PARAMETER    7  IS CONSTANT.   IGNORED.
 **********
 **   34 **FIX           10
 **********
 **********
 **   35 **FIX           11
 **********
 **********
 **   36 **FIX           12
 **********
 PARAMETER   12  IS CONSTANT.   IGNORED.
 **********
 **   37 **FIX           13
 **********
 **********
 **   38 **FIX           14
 **********
 **********
 **   39 **FIX           15
 **********
 PARAMETER   15  IS CONSTANT.   IGNORED.
 **********
 **   40 **FIX           16
 **********
 **********
 **   41 **MIGRAD
 **********
 START MIGRAD MINIMIZATION.  STRATEGY  1.  CONVERGENCE WHEN EDM .LT. 1.00e-04
 FCN=44.3508 FROM MIGRAD    STATUS=INITIATE       18 CALLS        2162 TOTAL
                     EDM= unknown      STRATEGY= 1      NO ERROR MATRIX       
  EXT PARAMETER               CURRENT GUESS       STEP         FIRST   
  NO.   NAME      VALUE            ERROR          SIZE      DERIVATIVE 
   1  N0           3.20983e+06     fixed    
   2  tau          6.44090e+01   constant   
   3  A0           3.64763e-01     fixed    
   4  phi          4.11651e+00     fixed    
   5  R           -6.00655e+01   constant   
   6  alpha_CBO   -1.87762e-03     fixed    
   7  w_CBO        2.32500e+00   constant   
   8  beta_CBO     0.00000e+00   1.00000e-03   1.00000e-03  -3.15000e+03
   9  alpha_2CBO   0.00000e+00   1.00000e-03   1.00000e-03   1.75509e+03
  10  beta_2CBO   -1.01656e-03     fixed    
  11  alpha_y      0.00000e+00     fixed    
  12  w_y          1.38860e+01   constant   
  13  beta_y      -3.07621e-05     fixed    
  14  alpha_vw     0.00000e+00     fixed    
  15  w_vw         1.43404e+01   constant   
  16  beta_vw      0.00000e+00     fixed    
  17  LM           2.36781e-04   constant   
  18  zeta_y       0.00000e+00   constant   
  19  zeta_vw      0.00000e+00   constant   
  20  T_CBO        9.99051e+02   7.06462e+02   4.16634e-02  -3.74470e-04
  21  alpha_A0    -1.88760e-03   5.40916e-03  -1.17238e-05  -3.07450e-01
  22  beta_A0     -9.85500e-03   6.14543e-03  -1.26901e-05   3.62202e-01
  23  alpha_phi    1.67581e-03   4.73398e-03   8.11315e-06  -5.86488e-02
  24  beta_phi    -6.22464e-04   6.09700e-03  -5.57773e-06  -1.82296e-01
 MIGRAD MINIMIZATION HAS CONVERGED.
 MIGRAD WILL VERIFY CONVERGENCE AND ERROR MATRIX.
 COVARIANCE MATRIX CALCULATED SUCCESSFULLY
 FCN=41.7171 FROM MIGRAD    STATUS=CONVERGED     156 CALLS        2300 TOTAL
                     EDM=9.57896e-07    STRATEGY= 1      ERROR MATRIX ACCURATE 
  EXT PARAMETER                                   STEP         FIRST   
  NO.   NAME      VALUE            ERROR          SIZE      DERIVATIVE 
   1  N0           3.20983e+06     fixed    
   2  tau          6.44090e+01   constant   
   3  A0           3.64763e-01     fixed    
   4  phi          4.11651e+00     fixed    
   5  R           -6.00655e+01   constant   
   6  alpha_CBO   -1.87762e-03     fixed    
   7  w_CBO        2.32500e+00   constant   
   8  beta_CBO     1.28281e-03   9.05493e-04   2.84227e-06   2.38810e-01
   9  alpha_2CBO  -6.98586e-04   9.02596e-04   2.81847e-06   4.60743e-01
  10  beta_2CBO   -1.01656e-03     fixed    
  11  alpha_y      0.00000e+00     fixed    
  12  w_y          1.38860e+01   constant   
  13  beta_y      -3.07621e-05     fixed    
  14  alpha_vw     0.00000e+00     fixed    
  15  w_vw         1.43404e+01   constant   
  16  beta_vw      0.00000e+00     fixed    
  17  LM           2.36781e-04   constant   
  18  zeta_y       0.00000e+00   constant   
  19  zeta_vw      0.00000e+00   constant   
  20  T_CBO        9.99998e+02   5.27024e+02   6.59352e-02  -1.56601e-05
  21  alpha_A0    -2.01785e-03   4.70432e-03   1.48937e-05   1.44698e-01
  22  beta_A0     -1.05903e-02   4.74732e-03   1.44944e-05  -2.09084e-02
  23  alpha_phi    1.34472e-03   4.34089e-03   1.36634e-05   8.85932e-02
  24  beta_phi    -5.04608e-04   4.79041e-03   1.49053e-05  -2.14057e-01
 EXTERNAL ERROR MATRIX.    NDIM=  25    NPAR=  7    ERR DEF=1
  8.199e-07  1.012e-08 -6.209e-06  1.568e-07 -6.081e-07  5.280e-08  3.783e-07 
  1.012e-08  8.147e-07 -2.004e-06  4.355e-07 -2.554e-07  4.735e-07  5.468e-07 
 -6.209e-06 -2.004e-06  6.035e+02 -4.753e-03 -2.516e-02  3.226e-03 -1.275e-03 
  1.568e-07  4.355e-07 -4.753e-03  2.213e-05 -7.574e-07  2.542e-07 -5.289e-07 
 -6.081e-07 -2.554e-07 -2.516e-02 -7.574e-07  2.254e-05 -7.255e-07  2.180e-06 
  5.280e-08  4.735e-07  3.226e-03  2.542e-07 -7.255e-07  1.884e-05  2.442e-06 
  3.783e-07  5.468e-07 -1.275e-03 -5.289e-07  2.180e-06  2.442e-06  2.295e-05 
 PARAMETER  CORRELATION COEFFICIENTS  
       NO.  GLOBAL      8      9     20     21     22     23     24
        8  0.18047   1.000  0.012 -0.000  0.037 -0.141  0.013  0.087
        9  0.20638   0.012  1.000 -0.000  0.103 -0.060  0.121  0.126
       20  0.22484  -0.000 -0.000  1.000 -0.041 -0.216  0.030 -0.011
       21  0.12618   0.037  0.103 -0.041  1.000 -0.034  0.012 -0.023
       22  0.29118  -0.141 -0.060 -0.216 -0.034  1.000 -0.035  0.096
       23  0.16525   0.013  0.121  0.030  0.012 -0.035  1.000  0.117
       24  0.22248   0.087  0.126 -0.011 -0.023  0.096  0.117  1.000
MINUIT - FIT wiggle + 1-CBO + 2-CBO
 **********
 **   42 **RES 
 **********
                   PARAMETER   16  beta_vw RESTORED TO VARIABLE.
                   PARAMETER   14  alpha_vw RESTORED TO VARIABLE.
                   PARAMETER   13  beta_y RESTORED TO VARIABLE.
                   PARAMETER   11  alpha_y RESTORED TO VARIABLE.
                   PARAMETER   10  beta_2CBO RESTORED TO VARIABLE.
                   PARAMETER    6  alpha_CBO RESTORED TO VARIABLE.
                   PARAMETER    4  phi RESTORED TO VARIABLE.
                   PARAMETER    3  A0 RESTORED TO VARIABLE.
                   PARAMETER    1  N0 RESTORED TO VARIABLE.
 **********
 **   43 **FIX           10
 **********
 **********
 **   44 **FIX           11
 **********
 **********
 **   45 **FIX           12
 **********
 PARAMETER   12  IS CONSTANT.   IGNORED.
 **********
 **   46 **FIX           13
 **********
 **********
 **   47 **FIX           14
 **********
 **********
 **   48 **FIX           15
 **********
 PARAMETER   15  IS CONSTANT.   IGNORED.
 **********
 **   49 **FIX           16
 **********
 **********
 **   50 **MIGRAD
 **********
 START MIGRAD MINIMIZATION.  STRATEGY  1.  CONVERGENCE WHEN EDM .LT. 1.00e-04
 FCN=41.7171 FROM MIGRAD    STATUS=INITIATE       22 CALLS        2322 TOTAL
                     EDM= unknown      STRATEGY= 1      NO ERROR MATRIX       
  EXT PARAMETER               CURRENT GUESS       STEP         FIRST   
  NO.   NAME      VALUE            ERROR          SIZE      DERIVATIVE 
   1  N0           3.20983e+06   2.06508e+03   2.06508e+03  -8.39481e-06
   2  tau          6.44090e+01   constant   
   3  A0           3.64763e-01   8.66659e-04   8.66659e-04   7.25958e+02
   4  phi          4.11651e+00   2.36548e-03   2.36548e-03  -1.21895e+02
   5  R           -6.00655e+01   constant   
   6  alpha_CBO   -1.87762e-03   9.21048e-04   9.21048e-04  -5.12825e+01
   7  w_CBO        2.32500e+00   constant   
   8  beta_CBO     1.28281e-03   9.05493e-04   2.84227e-06   2.38809e-01
   9  alpha_2CBO  -6.98586e-04   9.02596e-04   2.81847e-06   4.60743e-01
  10  beta_2CBO   -1.01656e-03     fixed    
  11  alpha_y      0.00000e+00     fixed    
  12  w_y          1.38860e+01   constant   
  13  beta_y      -3.07621e-05     fixed    
  14  alpha_vw     0.00000e+00     fixed    
  15  w_vw         1.43404e+01   constant   
  16  beta_vw      0.00000e+00     fixed    
  17  LM           2.36781e-04   constant   
  18  zeta_y       0.00000e+00   constant   
  19  zeta_vw      0.00000e+00   constant   
  20  T_CBO        9.99998e+02   5.27024e+02   6.59352e-02  -1.59791e-05
  21  alpha_A0    -2.01785e-03   4.70432e-03   1.48937e-05   1.44703e-01
  22  beta_A0     -1.05903e-02   4.74732e-03   1.44944e-05  -2.09085e-02
  23  alpha_phi    1.34472e-03   4.34089e-03   1.36634e-05   8.85932e-02
  24  beta_phi    -5.04608e-04   4.79041e-03   1.49053e-05  -2.14057e-01
 MIGRAD MINIMIZATION HAS CONVERGED.
 MIGRAD WILL VERIFY CONVERGENCE AND ERROR MATRIX.
 COVARIANCE MATRIX CALCULATED SUCCESSFULLY
 FCN=41.605 FROM MIGRAD    STATUS=CONVERGED     219 CALLS        2519 TOTAL
                     EDM=2.83613e-06    STRATEGY= 1      ERROR MATRIX ACCURATE 
  EXT PARAMETER                                   STEP         FIRST   
  NO.   NAME      VALUE            ERROR          SIZE      DERIVATIVE 
   1  N0           3.20972e+06   2.14786e+03   6.05002e+00  -4.64332e-07
   2  tau          6.44090e+01   constant   
   3  A0           3.64503e-01   8.69483e-04   2.58821e-06   3.67777e-01
   4  phi          4.11681e+00   2.39602e-03   7.32208e-06   3.27956e-01
   5  R           -6.00655e+01   constant   
   6  alpha_CBO   -1.88472e-03   9.36116e-04   2.80526e-06  -5.48559e-01
   7  w_CBO        2.32500e+00   constant   
   8  beta_CBO     1.34288e-03   9.23534e-04   2.83855e-06  -2.98799e-01
   9  alpha_2CBO  -7.18800e-04   9.05621e-04   2.81474e-06   2.98959e-01
  10  beta_2CBO   -1.01656e-03     fixed    
  11  alpha_y      0.00000e+00     fixed    
  12  w_y          1.38860e+01   constant   
  13  beta_y      -3.07621e-05     fixed    
  14  alpha_vw     0.00000e+00     fixed    
  15  w_vw         1.43404e+01   constant   
  16  beta_vw      0.00000e+00     fixed    
  17  LM           2.36781e-04   constant   
  18  zeta_y       0.00000e+00   constant   
  19  zeta_vw      0.00000e+00   constant   
  20  T_CBO        1.00000e+03   5.08668e+02   6.14859e-02** at limit **
  21  alpha_A0    -2.02535e-03   4.86068e-03   1.48788e-05  -1.87432e-01
  22  beta_A0     -1.07333e-02   4.81044e-03   1.44804e-05  -2.25251e-01
  23  alpha_phi    1.22711e-03   4.46013e-03   1.36551e-05  -2.74167e-02
  24  beta_phi    -7.43878e-04   5.00008e-03   1.48966e-05   1.70900e-01
 EXTERNAL ERROR MATRIX.    NDIM=  25    NPAR= 11    ERR DEF=1
  4.613e+06 
  1.983e-01  7.560e-07 
 -8.452e-01  1.540e-07  5.741e-06 
  1.158e-01  1.502e-07  4.023e-07  8.763e-07 
 -7.102e-02 -1.316e-07  2.032e-07  1.314e-08  8.529e-07 
 -4.975e-03  6.098e-08  1.867e-08  3.159e-08  3.440e-10  8.201e-07 
  1.377e+00  1.106e-06  4.384e-06  2.866e-07 -7.235e-07 -1.404e-07  6.637e+00 
  1.781e+00 -2.171e-07 -1.147e-06 -7.483e-07  1.294e-07  3.926e-07 -5.321e-04  2.363e-05 
  7.766e-01  4.627e-07  2.773e-07  2.494e-07 -6.788e-07 -2.183e-07 -2.847e-03 -7.398e-07  2.314e-05 
  1.319e+00  3.771e-07 -7.163e-08  7.449e-07  1.181e-10  5.143e-07  3.286e-04  8.304e-08 -2.242e-07  1.989e-05 
 -1.683e+00  9.020e-07  1.335e-06  3.327e-07  2.737e-07  6.323e-07 -2.050e-04 -1.770e-06  2.547e-06  2.495e-06  2.500e-05 
 PARAMETER  CORRELATION COEFFICIENTS  
       NO.  GLOBAL      1      3      4      6      8      9     20     21     22     23     24
        1  0.35346   1.000  0.106 -0.164  0.058 -0.036 -0.003  0.000  0.171  0.075  0.138 -0.157
        3  0.35732   0.106  1.000  0.074  0.185 -0.164  0.077  0.000 -0.051  0.111  0.097  0.207
        4  0.28396  -0.164  0.074  1.000  0.179  0.092  0.009  0.001 -0.098  0.024 -0.007  0.111
        6  0.34048   0.058  0.185  0.179  1.000  0.015  0.037  0.000 -0.164  0.055  0.178  0.071
        8  0.26456  -0.036 -0.164  0.092  0.015  1.000  0.000 -0.000  0.029 -0.153  0.000  0.059
        9  0.22135  -0.003  0.077  0.009  0.037  0.000  1.000 -0.000  0.089 -0.050  0.127  0.140
       20  0.24102   0.000  0.000  0.001  0.000 -0.000 -0.000  1.000 -0.042 -0.230  0.029 -0.016
       21  0.27846   0.171 -0.051 -0.098 -0.164  0.029  0.089 -0.042  1.000 -0.032  0.004 -0.073
       22  0.32855   0.075  0.111  0.024  0.055 -0.153 -0.050 -0.230 -0.032  1.000 -0.010  0.106
       23  0.27788   0.138  0.097 -0.007  0.178  0.000  0.127  0.029  0.004 -0.010  1.000  0.112
       24  0.35522  -0.157  0.207  0.111  0.071  0.059  0.140 -0.016 -0.073  0.106  0.112  1.000
MINUIT - FIT ONLY 1-y
 **********
 **   51 **RES 
 **********
                   PARAMETER   16  beta_vw RESTORED TO VARIABLE.
                   PARAMETER   14  alpha_vw RESTORED TO VARIABLE.
                   PARAMETER   13  beta_y RESTORED TO VARIABLE.
                   PARAMETER   11  alpha_y RESTORED TO VARIABLE.
                   PARAMETER   10  beta_2CBO RESTORED TO VARIABLE.
 **********
 **   52 **FIX            0
 **********
 PARAMETER    0  IS UNDEFINED. IGNORED.
 **********
 **   53 **FIX            1
 **********
 **********
 **   54 **FIX            2
 **********
 PARAMETER    2  IS CONSTANT.   IGNORED.
 **********
 **   55 **FIX            3
 **********
 **********
 **   56 **FIX            4
 **********
 **********
 **   57 **FIX            5
 **********
 PARAMETER    5  IS CONSTANT.   IGNORED.
 **********
 **   58 **FIX            6
 **********
 **********
 **   59 **FIX            7
 **********
 PARAMETER    7  IS CONSTANT.   IGNORED.
 **********
 **   60 **FIX            8
 **********
 **********
 **   61 **FIX            9
 **********
 **********
 **   62 **FIX           13
 **********
 **********
 **   63 **FIX           14
 **********
 **********
 **   64 **FIX           15
 **********
 PARAMETER   15  IS CONSTANT.   IGNORED.
 **********
 **   65 **FIX           16
 **********
 **********
 **   66 **MIGRAD
 **********
 START MIGRAD MINIMIZATION.  STRATEGY  1.  CONVERGENCE WHEN EDM .LT. 1.00e-04
 FCN=41.605 FROM MIGRAD    STATUS=INITIATE       16 CALLS        2535 TOTAL
                     EDM= unknown      STRATEGY= 1      NO ERROR MATRIX       
  EXT PARAMETER               CURRENT GUESS       STEP         FIRST   
  NO.   NAME      VALUE            ERROR          SIZE      DERIVATIVE 
   1  N0           3.20972e+06     fixed    
   2  tau          6.44090e+01   constant   
   3  A0           3.64503e-01     fixed    
   4  phi          4.11681e+00     fixed    
   5  R           -6.00655e+01   constant   
   6  alpha_CBO   -1.88472e-03     fixed    
   7  w_CBO        2.32500e+00   constant   
   8  beta_CBO     1.34288e-03     fixed    
   9  alpha_2CBO  -7.18800e-04     fixed    
  10  beta_2CBO   -1.01656e-03   8.68215e-04   8.68215e-04  -2.74205e+02
  11  alpha_y      0.00000e+00   1.00000e-03   1.00000e-03   3.27925e+01
  12  w_y          1.38860e+01   constant   
  13  beta_y      -3.07621e-05     fixed    
  14  alpha_vw     0.00000e+00     fixed    
  15  w_vw         1.43404e+01   constant   
  16  beta_vw      0.00000e+00     fixed    
  17  LM           2.36781e-04   constant   
  18  zeta_y       0.00000e+00   constant   
  19  zeta_vw      0.00000e+00   constant   
  20  T_CBO        1.00000e+03   5.08668e+02   6.14859e-02** at limit **
  21  alpha_A0    -2.02535e-03   4.86068e-03   1.48788e-05  -1.87432e-01
  22  beta_A0     -1.07333e-02   4.81044e-03   1.44804e-05  -2.25252e-01
  23  alpha_phi    1.22711e-03   4.46013e-03   1.36551e-05  -2.74169e-02
  24  beta_phi    -7.43878e-04   5.00008e-03   1.48966e-05   1.70900e-01
 MIGRAD MINIMIZATION HAS CONVERGED.
 MIGRAD WILL VERIFY CONVERGENCE AND ERROR MATRIX.
 COVARIANCE MATRIX CALCULATED SUCCESSFULLY
 FCN=41.5892 FROM MIGRAD    STATUS=CONVERGED     114 CALLS        2633 TOTAL
                     EDM=1.66854e-07    STRATEGY= 1      ERROR MATRIX ACCURATE 
  EXT PARAMETER                                   STEP         FIRST   
  NO.   NAME      VALUE            ERROR          SIZE      DERIVATIVE 
   1  N0           3.20972e+06     fixed    
   2  tau          6.44090e+01   constant   
   3  A0           3.64503e-01     fixed    
   4  phi          4.11681e+00     fixed    
   5  R           -6.00655e+01   constant   
   6  alpha_CBO   -1.88472e-03     fixed    
   7  w_CBO        2.32500e+00   constant   
   8  beta_CBO     1.34288e-03     fixed    
   9  alpha_2CBO  -7.18800e-04     fixed    
  10  beta_2CBO   -9.03128e-04   9.09723e-04   2.82831e-06  -3.30143e-03
  11  alpha_y     -1.22578e-05   8.89616e-04   2.83399e-06   1.87677e-03
  12  w_y          1.38860e+01   constant   
  13  beta_y      -3.07621e-05     fixed    
  14  alpha_vw     0.00000e+00     fixed    
  15  w_vw         1.43404e+01   constant   
  16  beta_vw      0.00000e+00     fixed    
  17  LM           2.36781e-04   constant   
  18  zeta_y       0.00000e+00   constant   
  19  zeta_vw      0.00000e+00   constant   
  20  T_CBO        1.00000e+03   5.69843e+02   6.26927e-02** at limit **
  21  alpha_A0    -1.98702e-03   4.68698e-03   1.48761e-05   4.57935e-02
  22  beta_A0     -1.06460e-02   4.74815e-03   1.44776e-05   4.74187e-02
  23  alpha_phi    1.16356e-03   4.34365e-03   1.36528e-05  -1.11616e-02
  24  beta_phi    -6.86277e-04   4.76242e-03   1.48941e-05  -1.05603e-01
 EXTERNAL ERROR MATRIX.    NDIM=  25    NPAR=  7    ERR DEF=1
  8.276e-07  5.184e-09 -8.936e-10  2.605e-07  6.229e-07 -4.720e-07  4.380e-07 
  5.184e-09  7.914e-07  2.783e-11 -1.138e-09  3.539e-08 -8.453e-08 -2.218e-08 
 -8.936e-10  2.783e-11  6.872e-05 -1.603e-06 -8.693e-06  9.578e-07 -5.892e-07 
  2.605e-07 -1.138e-09 -1.603e-06  2.197e-05 -3.090e-07 -1.567e-07 -7.501e-07 
  6.229e-07  3.539e-08 -8.693e-06 -3.090e-07  2.254e-05 -8.895e-07  2.970e-06 
 -4.720e-07 -8.453e-08  9.578e-07 -1.567e-07 -8.895e-07  1.887e-05  1.855e-06 
  4.380e-07 -2.218e-08 -5.892e-07 -7.501e-07  2.970e-06  1.855e-06  2.268e-05 
 PARAMETER  CORRELATION COEFFICIENTS  
       NO.  GLOBAL     10     11     20     21     22     23     24
       10  0.21930   1.000  0.006 -0.000  0.061  0.144 -0.119  0.101
       11  0.02384   0.006  1.000  0.000 -0.000  0.008 -0.022 -0.005
       20  0.22905  -0.000  0.000  1.000 -0.041 -0.221  0.027 -0.015
       21  0.08890   0.061 -0.000 -0.041  1.000 -0.014 -0.008 -0.034
       22  0.29052   0.144  0.008 -0.221 -0.014  1.000 -0.043  0.131
       23  0.16446  -0.119 -0.022  0.027 -0.008 -0.043  1.000  0.090
       24  0.19172   0.101 -0.005 -0.015 -0.034  0.131  0.090  1.000
MINUIT - FIT ONLY 2-y
 **********
 **   67 **RES 
 **********
                   PARAMETER   16  beta_vw RESTORED TO VARIABLE.
                   PARAMETER   14  alpha_vw RESTORED TO VARIABLE.
                   PARAMETER   13  beta_y RESTORED TO VARIABLE.
                   PARAMETER    9  alpha_2CBO RESTORED TO VARIABLE.
                   PARAMETER    8  beta_CBO RESTORED TO VARIABLE.
                   PARAMETER    6  alpha_CBO RESTORED TO VARIABLE.
                   PARAMETER    4  phi RESTORED TO VARIABLE.
                   PARAMETER    3  A0 RESTORED TO VARIABLE.
                   PARAMETER    1  N0 RESTORED TO VARIABLE.
 **********
 **   68 **FIX            0
 **********
 PARAMETER    0  IS UNDEFINED. IGNORED.
 **********
 **   69 **FIX            1
 **********
 **********
 **   70 **FIX            2
 **********
 PARAMETER    2  IS CONSTANT.   IGNORED.
 **********
 **   71 **FIX            3
 **********
 **********
 **   72 **FIX            4
 **********
 **********
 **   73 **FIX            5
 **********
 PARAMETER    5  IS CONSTANT.   IGNORED.
 **********
 **   74 **FIX            6
 **********
 **********
 **   75 **FIX            7
 **********
 PARAMETER    7  IS CONSTANT.   IGNORED.
 **********
 **   76 **FIX            8
 **********
 **********
 **   77 **FIX            9
 **********
 **********
 **   78 **FIX           10
 **********
 **********
 **   79 **FIX           11
 **********
 **********
 **   80 **FIX           12
 **********
 PARAMETER   12  IS CONSTANT.   IGNORED.
 **********
 **   81 **FIX           16
 **********
 **********
 **   82 **MIGRAD
 **********
 START MIGRAD MINIMIZATION.  STRATEGY  1.  CONVERGENCE WHEN EDM .LT. 1.00e-04
 FCN=41.5892 FROM MIGRAD    STATUS=INITIATE       16 CALLS        2649 TOTAL
                     EDM= unknown      STRATEGY= 1      NO ERROR MATRIX       
  EXT PARAMETER               CURRENT GUESS       STEP         FIRST   
  NO.   NAME      VALUE            ERROR          SIZE      DERIVATIVE 
   1  N0           3.20972e+06     fixed    
   2  tau          6.44090e+01   constant   
   3  A0           3.64503e-01     fixed    
   4  phi          4.11681e+00     fixed    
   5  R           -6.00655e+01   constant   
   6  alpha_CBO   -1.88472e-03     fixed    
   7  w_CBO        2.32500e+00   constant   
   8  beta_CBO     1.34288e-03     fixed    
   9  alpha_2CBO  -7.18800e-04     fixed    
  10  beta_2CBO   -9.03128e-04     fixed    
  11  alpha_y     -1.22578e-05     fixed    
  12  w_y          1.38860e+01   constant   
  13  beta_y      -3.07621e-05   8.80107e-04   8.80107e-04   9.57128e+01
  14  alpha_vw     0.00000e+00   1.00000e-03   1.00000e-03   3.01307e+03
  15  w_vw         1.43404e+01   constant   
  16  beta_vw      0.00000e+00     fixed    
  17  LM           2.36781e-04   constant   
  18  zeta_y       0.00000e+00   constant   
  19  zeta_vw      0.00000e+00   constant   
  20  T_CBO        9.99999e+02   5.69843e+02   6.26927e-02  -1.30121e-05
  21  alpha_A0    -1.98702e-03   4.68698e-03   1.48761e-05   4.58594e-02
  22  beta_A0     -1.06460e-02   4.74815e-03   1.44776e-05   4.77626e-02
  23  alpha_phi    1.16356e-03   4.34365e-03   1.36528e-05  -1.11942e-02
  24  beta_phi    -6.86277e-04   4.76242e-03   1.48941e-05  -1.05614e-01
 MIGRAD MINIMIZATION HAS CONVERGED.
 MIGRAD WILL VERIFY CONVERGENCE AND ERROR MATRIX.
 COVARIANCE MATRIX CALCULATED SUCCESSFULLY
 FCN=39.5872 FROM MIGRAD    STATUS=CONVERGED     115 CALLS        2748 TOTAL
                     EDM=2.80061e-06    STRATEGY= 1      ERROR MATRIX ACCURATE 
  EXT PARAMETER                                   STEP         FIRST   
  NO.   NAME      VALUE            ERROR          SIZE      DERIVATIVE 
   1  N0           3.20972e+06     fixed    
   2  tau          6.44090e+01   constant   
   3  A0           3.64503e-01     fixed    
   4  phi          4.11681e+00     fixed    
   5  R           -6.00655e+01   constant   
   6  alpha_CBO   -1.88472e-03     fixed    
   7  w_CBO        2.32500e+00   constant   
   8  beta_CBO     1.34288e-03     fixed    
   9  alpha_2CBO  -7.18800e-04     fixed    
  10  beta_2CBO   -9.03128e-04     fixed    
  11  alpha_y     -1.22578e-05     fixed    
  12  w_y          1.38860e+01   constant   
  13  beta_y      -4.74644e-04   9.27298e-04   2.74127e-06  -5.01094e-01
  14  alpha_vw    -1.31422e-03   9.29646e-04   2.74895e-06   1.54470e+00
  15  w_vw         1.43404e+01   constant   
  16  beta_vw      0.00000e+00     fixed    
  17  LM           2.36781e-04   constant   
  18  zeta_y       0.00000e+00   constant   
  19  zeta_vw      0.00000e+00   constant   
  20  T_CBO        1.00000e+03   6.21041e+02   1.47298e-01** at limit **
  21  alpha_A0    -1.97107e-03   4.69565e-03   1.45227e-05   3.02221e-01
  22  beta_A0     -1.05284e-02   5.18001e-03   1.41328e-05  -5.82604e-02
  23  alpha_phi    1.10134e-03   4.31795e-03   1.33284e-05  -2.88289e-01
  24  beta_phi    -5.83925e-04   4.74154e-03   1.45400e-05  -4.80405e-02
 EXTERNAL ERROR MATRIX.    NDIM=  25    NPAR=  7    ERR DEF=1
  8.599e-07  2.673e-07  5.203e-07 -5.781e-09 -9.403e-08 -1.107e-08 -1.211e-07 
  2.673e-07  8.642e-07  2.205e-07 -9.917e-09 -7.641e-08  3.923e-08 -6.263e-08 
  5.203e-07  2.205e-07  1.731e+01 -1.857e-03 -1.006e-02  1.059e-03 -5.897e-04 
 -5.781e-09 -9.917e-09 -1.857e-03  2.205e-05  3.730e-07 -1.003e-07 -8.375e-07 
 -9.403e-08 -7.641e-08 -1.006e-02  3.730e-07  2.683e-05 -1.026e-06  2.926e-06 
 -1.107e-08  3.923e-08  1.059e-03 -1.003e-07 -1.026e-06  1.864e-05  2.075e-06 
 -1.211e-07 -6.263e-08 -5.897e-04 -8.375e-07  2.926e-06  2.075e-06  2.248e-05 
 PARAMETER  CORRELATION COEFFICIENTS  
       NO.  GLOBAL     13     14     20     21     22     23     24
       13  0.31128   1.000  0.310  0.000 -0.001 -0.020 -0.003 -0.028
       14  0.31051   0.310  1.000  0.000 -0.002 -0.016  0.010 -0.014
       20  0.47687   0.000  0.000  1.000 -0.095 -0.467  0.059 -0.030
       21  0.10726  -0.001 -0.002 -0.095  1.000  0.015 -0.005 -0.038
       22  0.48038  -0.020 -0.016 -0.467  0.015  1.000 -0.046  0.119
       23  0.12399  -0.003  0.010  0.059 -0.005 -0.046  1.000  0.101
       24  0.16800  -0.028 -0.014 -0.030 -0.038  0.119  0.101  1.000
MINUIT - FIT ALTOGETHER
