 + ++++++++++++++++++++++++++++++++++++++++++++++++++++++++++++++++++++ +
 +                                                                      +
 +           You have chose to blind your fitting according to          +
 +                omega_ref * (1 + (R +/- deltaR) *10^{-6})             +
 +                                                                      +
 + ++++++++++++++++++++++++++++++++++++++++++++++++++++++++++++++++++++ +
In main()...
reading format from /gm2data/zkhechad/run45/envelope/formats/formatB_sBin_constraintOn.txt
pBinTau 	= 0  
pBinPhi 	= 0  
constraintau 	= 1 
includeMopTerm 	= 0    
constrainMop    = 0   
Parameters after format file: pBinTau 0 pBinPhi 0 constraintau 1 includeMopTerm 0 constrainMop 0 c_e_scale 0.000000 
Opening file /gm2data/tbarrett/gm2fr/studies/run23_bunch_corrections/CorrectedFourier_Run3b.root.
reading full fit data from /gm2data/zkhechad/cboTemplates/Run4CBOTemplates/templateFits0_v2.0/noRF/sBin_constraintOn_cE0.0_seed0_noRF_calo22.root
windowBins = 17
fitting sliding window 162 from bin 298 at 44.312400 to bin 315 at 46.998000 (17 bins)

Reading data from /gm2data/cornell/histograms/aMethod/histogram_a_noRF.root
 **********
 **    1 **SET PRINTOUT            1
 **********
 **********
 **    2 **SET NOWARNINGS 
 **********
 PARAMETER DEFINITIONS:
    NO.   NAME         VALUE      STEP SIZE      LIMITS
     1 N0           3.01105e+06  1.00000e+02     no limits
     2 tau          6.44153e+01  constant
     3 A0           3.51737e-01  1.00000e-04     no limits
     4 phi          4.11590e+00  1.00000e-02     no limits
     5 R           -6.13262e+01  constant
     6 alpha_CBO    0.00000e+00  1.00000e-03     no limits
     7 w_CBO        2.32500e+00  constant
     8 beta_CBO     0.00000e+00  1.00000e-03     no limits
     9 alpha_2CBO   0.00000e+00  1.00000e-03     no limits
    10 beta_2CBO    0.00000e+00  1.00000e-03     no limits
    11 alpha_y      0.00000e+00  1.00000e-03     no limits
    12 w_y          1.44500e+01  constant
    13 beta_y       0.00000e+00  1.00000e-03     no limits
    14 alpha_vw     0.00000e+00  1.00000e-03     no limits
    15 w_vw         1.29000e+01  constant
    16 beta_vw      0.00000e+00  1.00000e-03     no limits
    17 LM           4.28749e-04  constant
    18 zeta_y       0.00000e+00  constant
    19 zeta_vw      0.00000e+00  constant
    20 T_CBO        1.00000e+02  1.00000e+00    0.00000e+00  1.00000e+03
    21 alpha_A0     0.00000e+00  1.00000e-03     no limits
    22 beta_A0      0.00000e+00  1.00000e-03     no limits
    23 alpha_phi    0.00000e+00  1.00000e-03     no limits
    24 beta_phi     0.00000e+00  1.00000e-03     no limits
MINUIT - FIT ONLY WIGGLE
 **********
 **    3 **FIX            5
 **********
 PARAMETER    5  IS CONSTANT.   IGNORED.
 **********
 **    4 **FIX            6
 **********
 **********
 **    5 **FIX            7
 **********
 PARAMETER    7  IS CONSTANT.   IGNORED.
 **********
 **    6 **FIX            8
 **********
 **********
 **    7 **FIX            9
 **********
 **********
 **    8 **FIX           10
 **********
 **********
 **    9 **FIX           11
 **********
 **********
 **   10 **FIX           12
 **********
 PARAMETER   12  IS CONSTANT.   IGNORED.
 **********
 **   11 **FIX           13
 **********
 **********
 **   12 **FIX           14
 **********
 **********
 **   13 **FIX           15
 **********
 PARAMETER   15  IS CONSTANT.   IGNORED.
 **********
 **   14 **FIX           16
 **********
 **********
 **   15 **MIGRAD
 **********
 FIRST CALL TO USER FUNCTION AT NEW START POINT, WITH IFLAG=4.
 START MIGRAD MINIMIZATION.  STRATEGY  1.  CONVERGENCE WHEN EDM .LT. 1.00e-04
 FCN=2634.38 FROM MIGRAD    STATUS=INITIATE      429 CALLS         430 TOTAL
                     EDM= unknown      STRATEGY= 1      NO ERROR MATRIX       
  EXT PARAMETER               CURRENT GUESS       STEP         FIRST   
  NO.   NAME      VALUE            ERROR          SIZE      DERIVATIVE 
   1  N0           3.01105e+06   1.00000e+02   0.00000e+00   9.91679e-02
   2  tau          6.44153e+01   constant   
   3  A0           3.51737e-01   1.00000e-04   0.00000e+00   4.00524e+05
   4  phi          4.11590e+00   1.00000e-02   0.00000e+00  -7.76214e+04
   5  R           -6.13262e+01   constant   
   6  alpha_CBO    0.00000e+00     fixed    
   7  w_CBO        2.32500e+00   constant   
   8  beta_CBO     0.00000e+00     fixed    
   9  alpha_2CBO   0.00000e+00     fixed    
  10  beta_2CBO    0.00000e+00     fixed    
  11  alpha_y      0.00000e+00     fixed    
  12  w_y          1.44500e+01   constant   
  13  beta_y       0.00000e+00     fixed    
  14  alpha_vw     0.00000e+00     fixed    
  15  w_vw         1.29000e+01   constant   
  16  beta_vw      0.00000e+00     fixed    
  17  LM           4.28749e-04   constant   
  18  zeta_y       0.00000e+00   constant   
  19  zeta_vw      0.00000e+00   constant   
  20  T_CBO        1.00000e+02   1.00000e+00   0.00000e+00   0.00000e+00
  21  alpha_A0     0.00000e+00   1.00000e-03   0.00000e+00  -7.08865e+04
  22  beta_A0      0.00000e+00   1.00000e-03   0.00000e+00   9.83965e+03
  23  alpha_phi    0.00000e+00   1.00000e-03   0.00000e+00   7.74353e+03
  24  beta_phi     0.00000e+00   1.00000e-03   0.00000e+00   5.64829e+01
 CALL LIMIT EXCEEDED IN MIGRAD.
 MIGRAD TERMINATED WITHOUT CONVERGENCE.
 FCN=233.088 FROM MIGRAD    STATUS=CALL LIMIT   1328 CALLS        1329 TOTAL
                     EDM=0.302012    STRATEGY= 1  ERROR MATRIX UNCERTAINTY  47.7 per cent
  EXT PARAMETER                APPROXIMATE        STEP         FIRST   
  NO.   NAME      VALUE            ERROR          SIZE      DERIVATIVE 
   1  N0           3.02748e+06   4.07178e+03  -2.15477e+02  -4.85889e-04
   2  tau          6.44153e+01   constant   
   3  A0           3.26592e-01   2.69341e-03  -5.07350e-04  -2.18582e+02
   4  phi          4.12901e+00   3.83863e-03  -1.14014e-04  -3.65196e+02
   5  R           -6.13262e+01   constant   
   6  alpha_CBO    0.00000e+00     fixed    
   7  w_CBO        2.32500e+00   constant   
   8  beta_CBO     0.00000e+00     fixed    
   9  alpha_2CBO   0.00000e+00     fixed    
  10  beta_2CBO    0.00000e+00     fixed    
  11  alpha_y      0.00000e+00     fixed    
  12  w_y          1.44500e+01   constant   
  13  beta_y       0.00000e+00     fixed    
  14  alpha_vw     0.00000e+00     fixed    
  15  w_vw         1.29000e+01   constant   
  16  beta_vw      0.00000e+00     fixed    
  17  LM           4.28749e-04   constant   
  18  zeta_y       0.00000e+00   constant   
  19  zeta_vw      0.00000e+00   constant   
  20  T_CBO        3.85020e+01   8.58139e-01   2.09691e-04  -4.08997e+01
  21  alpha_A0    -1.87509e-01   4.33506e-02  -8.08443e-03  -6.23037e+01
  22  beta_A0     -1.37035e-01   3.05730e-02  -3.60343e-03   9.75011e+01
  23  alpha_phi   -1.57163e-01   2.62235e-02  -2.39539e-03  -1.11251e+02
  24  beta_phi     2.09636e-01   3.53311e-02   6.57785e-03  -1.02207e+02
 EXTERNAL ERROR MATRIX.    NDIM=  25    NPAR=  8    ERR DEF=1
  1.658e+07  8.448e-01 -1.331e+01 -2.341e+03  6.274e+01 -8.133e+01 -8.217e+01 -4.969e+01 
  8.448e-01  7.254e-06  2.860e-06  5.499e-04  1.114e-04  5.505e-05  3.986e-05 -9.120e-05 
 -1.331e+01  2.860e-06  1.474e-05  2.435e-03  1.570e-06  1.036e-04  9.181e-05 -6.108e-06 
 -2.341e+03  5.499e-04  2.435e-03  7.364e-01  2.964e-03  1.953e-02  1.693e-02 -2.679e-03 
  6.274e+01  1.114e-04  1.570e-06  2.964e-03  1.879e-03  5.870e-04  3.528e-04 -1.526e-03 
 -8.133e+01  5.505e-05  1.036e-04  1.953e-02  5.870e-04  9.347e-04  7.872e-04 -5.017e-04 
 -8.217e+01  3.986e-05  9.181e-05  1.693e-02  3.528e-04  7.872e-04  6.877e-04 -3.027e-04 
 -4.969e+01 -9.120e-05 -6.108e-06 -2.679e-03 -1.526e-03 -5.017e-04 -3.027e-04  1.248e-03 
ERR MATRIX APPROXIMATE
 PARAMETER  CORRELATION COEFFICIENTS  
       NO.  GLOBAL      1      3      4     20     21     22     23     24
        1  0.99799   1.000  0.077 -0.851 -0.670  0.355 -0.653 -0.770 -0.345
        3  0.99960   0.077  1.000  0.277  0.238  0.954  0.669  0.564 -0.958
        4  0.99250  -0.851  0.277  1.000  0.739  0.009  0.883  0.912 -0.045
       20  0.96346  -0.670  0.238  0.739  1.000  0.080  0.744  0.752 -0.088
       21  0.99863   0.355  0.954  0.009  0.080  1.000  0.443  0.310 -0.996
       22  0.99922  -0.653  0.669  0.883  0.744  0.443  1.000  0.982 -0.464
       23  0.99951  -0.770  0.564  0.912  0.752  0.310  0.982  1.000 -0.327
       24  0.99968  -0.345 -0.958 -0.045 -0.088 -0.996 -0.464 -0.327  1.000
 ERR MATRIX APPROXIMATE
MINUIT - FIT ONLY 1-CBO + wiggle
 **********
 **   16 **RES 
 **********
                   PARAMETER   16  beta_vw RESTORED TO VARIABLE.
                   PARAMETER   14  alpha_vw RESTORED TO VARIABLE.
                   PARAMETER   13  beta_y RESTORED TO VARIABLE.
                   PARAMETER   11  alpha_y RESTORED TO VARIABLE.
                   PARAMETER   10  beta_2CBO RESTORED TO VARIABLE.
                   PARAMETER    9  alpha_2CBO RESTORED TO VARIABLE.
                   PARAMETER    8  beta_CBO RESTORED TO VARIABLE.
                   PARAMETER    6  alpha_CBO RESTORED TO VARIABLE.
 **********
 **   17 **FIX            8
 **********
 **********
 **   18 **FIX            9
 **********
 **********
 **   19 **FIX           11
 **********
 **********
 **   20 **FIX           12
 **********
 PARAMETER   12  IS CONSTANT.   IGNORED.
 **********
 **   21 **FIX           14
 **********
 **********
 **   22 **FIX           15
 **********
 PARAMETER   15  IS CONSTANT.   IGNORED.
 **********
 **   23 **FIX           16
 **********
 **********
 **   24 **MIGRAD
 **********
 START MIGRAD MINIMIZATION.  STRATEGY  1.  CONVERGENCE WHEN EDM .LT. 1.00e-04
 FCN=233.088 FROM MIGRAD    STATUS=INITIATE       28 CALLS        1357 TOTAL
                     EDM= unknown      STRATEGY= 1      NO ERROR MATRIX       
  EXT PARAMETER               CURRENT GUESS       STEP         FIRST   
  NO.   NAME      VALUE            ERROR          SIZE      DERIVATIVE 
   1  N0           3.02748e+06   4.07178e+03  -2.15477e+02  -4.85889e-04
   2  tau          6.44153e+01   constant   
   3  A0           3.26592e-01   2.69341e-03  -5.07350e-04  -2.18582e+02
   4  phi          4.12901e+00   3.83863e-03  -1.14014e-04  -3.65196e+02
   5  R           -6.13262e+01   constant   
   6  alpha_CBO    0.00000e+00   1.00000e-03   1.00000e-03   1.21221e+03
   7  w_CBO        2.32500e+00   constant   
   8  beta_CBO     0.00000e+00     fixed    
   9  alpha_2CBO   0.00000e+00     fixed    
  10  beta_2CBO    0.00000e+00   1.00000e-03   1.00000e-03  -8.83028e+02
  11  alpha_y      0.00000e+00     fixed    
  12  w_y          1.44500e+01   constant   
  13  beta_y       0.00000e+00   1.00000e-03   1.00000e-03   1.14211e+05
  14  alpha_vw     0.00000e+00     fixed    
  15  w_vw         1.29000e+01   constant   
  16  beta_vw      0.00000e+00     fixed    
  17  LM           4.28749e-04   constant   
  18  zeta_y       0.00000e+00   constant   
  19  zeta_vw      0.00000e+00   constant   
  20  T_CBO        3.85020e+01   8.58139e-01   2.09691e-04  -4.08997e+01
  21  alpha_A0    -1.87509e-01   4.33506e-02  -8.08443e-03  -6.23037e+01
  22  beta_A0     -1.37035e-01   3.05730e-02  -3.60343e-03   9.75011e+01
  23  alpha_phi   -1.57163e-01   2.62235e-02  -2.39539e-03  -1.11251e+02
  24  beta_phi     2.09636e-01   3.53311e-02   6.57785e-03  -1.02207e+02
 MIGRAD MINIMIZATION HAS CONVERGED.
 MIGRAD WILL VERIFY CONVERGENCE AND ERROR MATRIX.
 FCN=135.35 FROM HESSE     STATUS=NOT POSDEF    100 CALLS        2525 TOTAL
                     EDM=0.00027564    STRATEGY= 1      ERR MATRIX NOT POS-DEF
  EXT PARAMETER                APPROXIMATE        STEP         FIRST   
  NO.   NAME      VALUE            ERROR          SIZE      DERIVATIVE 
   1  N0           3.05668e+06   3.66684e+03   2.05030e+00   2.34013e-06
   2  tau          6.44153e+01   constant   
   3  A0           3.18721e-01   1.75275e-03   8.05669e-07   4.56546e+00
   4  phi          4.11713e+00   4.70872e-03   3.39215e-06  -2.22223e+00
   5  R           -6.13262e+01   constant   
   6  alpha_CBO    3.50231e-03   1.56714e-03   9.65831e-07  -6.88269e+00
   7  w_CBO        2.32500e+00   constant   
   8  beta_CBO     0.00000e+00     fixed    
   9  alpha_2CBO   0.00000e+00     fixed    
  10  beta_2CBO   -4.37539e-04   6.90701e-04   9.82827e-07  -5.88228e+00
  11  alpha_y      0.00000e+00     fixed    
  12  w_y          1.44500e+01   constant   
  13  beta_y      -1.66822e-03   1.70766e-04   9.63184e-07  -6.54312e-01
  14  alpha_vw     0.00000e+00     fixed    
  15  w_vw         1.29000e+01   constant   
  16  beta_vw      0.00000e+00     fixed    
  17  LM           4.28749e-04   constant   
  18  zeta_y       0.00000e+00   constant   
  19  zeta_vw      0.00000e+00   constant   
  20  T_CBO        4.82793e+01   3.15064e+00   6.45594e-06  -1.02154e+00
  21  alpha_A0    -1.14041e-01   2.28787e-02   1.32740e-05   1.21972e-01
  22  beta_A0     -2.32988e-01   1.72016e-02   1.14488e-05   2.36618e-01
  23  alpha_phi   -2.44924e-01   1.53048e-02   8.39188e-06   1.46563e-01
  24  beta_phi     1.62514e-01   1.78509e-02   1.14216e-05  -7.36148e-01
 MIGRAD MINIMIZATION HAS CONVERGED.
 MIGRAD WILL VERIFY CONVERGENCE AND ERROR MATRIX.
 FCN=135.129 FROM MIGRAD    STATUS=CONVERGED    1992 CALLS        3321 TOTAL
                     EDM=4.38517e-06    STRATEGY= 1      ERR MATRIX NOT POS-DEF
  EXT PARAMETER                APPROXIMATE        STEP         FIRST   
  NO.   NAME      VALUE            ERROR          SIZE      DERIVATIVE 
   1  N0           3.04036e+06   3.75591e+03   2.03765e+00  -1.87506e-06
   2  tau          6.44153e+01   constant   
   3  A0           3.04463e-01   1.87338e-03   7.90182e-07   2.49984e+00
   4  phi          4.14692e+00   5.02031e-03   3.86718e-06   2.29851e+00
   5  R           -6.13262e+01   constant   
   6  alpha_CBO    1.26558e-02   1.63392e-03   9.66488e-07  -4.35688e+00
   7  w_CBO        2.32500e+00   constant   
   8  beta_CBO     0.00000e+00     fixed    
   9  alpha_2CBO   0.00000e+00     fixed    
  10  beta_2CBO   -2.72141e-03   7.41364e-04   9.83363e-07   1.00919e+01
  11  alpha_y      0.00000e+00     fixed    
  12  w_y          1.44500e+01   constant   
  13  beta_y      -1.68021e-03   1.70973e-04   9.62393e-07   5.90805e-01
  14  alpha_vw     0.00000e+00     fixed    
  15  w_vw         1.29000e+01   constant   
  16  beta_vw      0.00000e+00     fixed    
  17  LM           4.28749e-04   constant   
  18  zeta_y       0.00000e+00   constant   
  19  zeta_vw      0.00000e+00   constant   
  20  T_CBO        5.05513e+01   3.47881e+00   6.99029e-06   6.27970e-01
  21  alpha_A0    -2.22525e-01   2.49094e-02   1.45616e-05   5.89202e-01
  22  beta_A0     -2.03044e-01   1.88950e-02   1.25151e-05  -7.79251e-01
  23  alpha_phi   -2.14797e-01   1.55495e-02   8.34394e-06   3.33114e-02
  24  beta_phi     3.18081e-01   2.17548e-02   1.12992e-05   4.89165e-01
 EXTERNAL ERROR MATRIX.    NDIM=  25    NPAR= 11    ERR DEF=1
  1.411e+07 
 -8.646e-01  3.510e-06 
 -8.725e+00 -2.133e-06  2.520e-05 
 -2.990e-01 -1.508e-06  5.415e-06  2.670e-06 
  3.351e-01  3.485e-07 -6.199e-07 -8.667e-07  5.496e-07 
 -8.826e-03 -2.895e-09 -8.888e-08 -1.745e-08 -1.955e-10  2.923e-08 
  1.873e+03 -3.001e-03 -3.401e-03  5.305e-05 -4.729e-05  2.230e-05  1.210e+01 
  3.560e+01  1.300e-05 -5.645e-06  1.642e-05 -8.731e-06 -1.642e-07  1.445e-02  6.205e-04 
 -4.661e+01  8.539e-06  6.038e-05  5.086e-06  1.003e-06 -1.870e-07  1.046e-02  5.385e-05  3.570e-04 
 -4.175e+01  3.438e-06  2.787e-05  1.882e-06 -1.202e-06 -1.981e-08  2.375e-02  3.482e-05  2.550e-04  2.418e-04 
 -3.719e+01 -1.494e-05  4.422e-05  1.219e-05 -5.129e-06  3.170e-08 -4.038e-02 -3.070e-04 -7.125e-05 -6.769e-05  4.733e-04 
ERR MATRIX NOT POS-DEF
 PARAMETER  CORRELATION COEFFICIENTS  
       NO.  GLOBAL      1      3      4      6     10     13     20     21     22     23     24
        1  0.99545   1.000 -0.123 -0.463 -0.049  0.120 -0.014  0.143  0.380 -0.657 -0.715 -0.455
        3  0.99726  -0.123  1.000 -0.227 -0.493  0.251 -0.009 -0.461  0.279  0.241  0.118 -0.367
        4  0.99085  -0.463 -0.227  1.000  0.660 -0.167 -0.104 -0.195 -0.045  0.637  0.357  0.405
        6  0.99461  -0.049 -0.493  0.660  1.000 -0.715 -0.062  0.009  0.403  0.165  0.074  0.343
       10  0.97262   0.120  0.251 -0.167 -0.715  1.000 -0.002 -0.018 -0.473  0.072 -0.104 -0.318
       13  0.16489  -0.014 -0.009 -0.104 -0.062 -0.002  1.000  0.037 -0.039 -0.058 -0.007  0.009
       20  0.99702   0.143 -0.461 -0.195  0.009 -0.018  0.037  1.000  0.167  0.159  0.439 -0.534
       21  0.99474   0.380  0.279 -0.045  0.403 -0.473 -0.039  0.167  1.000  0.114  0.090 -0.567
       22  0.99325  -0.657  0.241  0.637  0.165  0.072 -0.058  0.159  0.114  1.000  0.868 -0.173
       23  0.99557  -0.715  0.118  0.357  0.074 -0.104 -0.007  0.439  0.090  0.868  1.000 -0.200
       24  0.99585  -0.455 -0.367  0.405  0.343 -0.318  0.009 -0.534 -0.567 -0.173 -0.200  1.000
 ERR MATRIX NOT POS-DEF
MINUIT - FIT ONLY 2-CBO
 **********
 **   25 **RES 
 **********
                   PARAMETER   16  beta_vw RESTORED TO VARIABLE.
                   PARAMETER   14  alpha_vw RESTORED TO VARIABLE.
                   PARAMETER   11  alpha_y RESTORED TO VARIABLE.
                   PARAMETER    9  alpha_2CBO RESTORED TO VARIABLE.
                   PARAMETER    8  beta_CBO RESTORED TO VARIABLE.
 **********
 **   26 **FIX            0
 **********
 PARAMETER    0  IS UNDEFINED. IGNORED.
 **********
 **   27 **FIX            1
 **********
 **********
 **   28 **FIX            2
 **********
 PARAMETER    2  IS CONSTANT.   IGNORED.
 **********
 **   29 **FIX            3
 **********
 **********
 **   30 **FIX            4
 **********
 **********
 **   31 **FIX            5
 **********
 PARAMETER    5  IS CONSTANT.   IGNORED.
 **********
 **   32 **FIX            6
 **********
 **********
 **   33 **FIX            7
 **********
 PARAMETER    7  IS CONSTANT.   IGNORED.
 **********
 **   34 **FIX           10
 **********
 **********
 **   35 **FIX           11
 **********
 **********
 **   36 **FIX           12
 **********
 PARAMETER   12  IS CONSTANT.   IGNORED.
 **********
 **   37 **FIX           13
 **********
 **********
 **   38 **FIX           14
 **********
 **********
 **   39 **FIX           15
 **********
 PARAMETER   15  IS CONSTANT.   IGNORED.
 **********
 **   40 **FIX           16
 **********
 **********
 **   41 **MIGRAD
 **********
 START MIGRAD MINIMIZATION.  STRATEGY  1.  CONVERGENCE WHEN EDM .LT. 1.00e-04
 FCN=135.129 FROM MIGRAD    STATUS=INITIATE       18 CALLS        3339 TOTAL
                     EDM= unknown      STRATEGY= 1      NO ERROR MATRIX       
  EXT PARAMETER               CURRENT GUESS       STEP         FIRST   
  NO.   NAME      VALUE            ERROR          SIZE      DERIVATIVE 
   1  N0           3.04036e+06     fixed    
   2  tau          6.44153e+01   constant   
   3  A0           3.04463e-01     fixed    
   4  phi          4.14692e+00     fixed    
   5  R           -6.13262e+01   constant   
   6  alpha_CBO    1.26558e-02     fixed    
   7  w_CBO        2.32500e+00   constant   
   8  beta_CBO     0.00000e+00   1.00000e-03   1.00000e-03  -9.14313e+01
   9  alpha_2CBO   0.00000e+00   1.00000e-03   1.00000e-03   8.40156e+02
  10  beta_2CBO   -2.72141e-03     fixed    
  11  alpha_y      0.00000e+00     fixed    
  12  w_y          1.44500e+01   constant   
  13  beta_y      -1.68021e-03     fixed    
  14  alpha_vw     0.00000e+00     fixed    
  15  w_vw         1.29000e+01   constant   
  16  beta_vw      0.00000e+00     fixed    
  17  LM           4.28749e-04   constant   
  18  zeta_y       0.00000e+00   constant   
  19  zeta_vw      0.00000e+00   constant   
  20  T_CBO        5.05513e+01   3.47881e+00   6.99029e-06   6.27882e-01
  21  alpha_A0    -2.22525e-01   2.49094e-02   1.45616e-05   5.89219e-01
  22  beta_A0     -2.03044e-01   1.88950e-02   1.25151e-05  -7.79253e-01
  23  alpha_phi   -2.14797e-01   1.55495e-02   8.34394e-06   3.33120e-02
  24  beta_phi     3.18081e-01   2.17548e-02   1.12992e-05   4.89165e-01
 MIGRAD MINIMIZATION HAS CONVERGED.
 MIGRAD WILL VERIFY CONVERGENCE AND ERROR MATRIX.
 COVARIANCE MATRIX CALCULATED SUCCESSFULLY
 FCN=135.089 FROM HESSE     STATUS=OK             50 CALLS        3484 TOTAL
                     EDM=0.000382312    STRATEGY= 1      ERROR MATRIX ACCURATE 
  EXT PARAMETER                                   STEP         FIRST   
  NO.   NAME      VALUE            ERROR          SIZE      DERIVATIVE 
   1  N0           3.04036e+06     fixed    
   2  tau          6.44153e+01   constant   
   3  A0           3.04463e-01     fixed    
   4  phi          4.14692e+00     fixed    
   5  R           -6.13262e+01   constant   
   6  alpha_CBO    1.26558e-02     fixed    
   7  w_CBO        2.32500e+00   constant   
   8  beta_CBO    -7.01788e-05   1.53607e-03   9.36217e-07  -9.61602e-01
   9  alpha_2CBO  -1.03881e-04   5.60497e-04   9.21575e-07   3.06907e+00
  10  beta_2CBO   -2.72141e-03     fixed    
  11  alpha_y      0.00000e+00     fixed    
  12  w_y          1.44500e+01   constant   
  13  beta_y      -1.68021e-03     fixed    
  14  alpha_vw     0.00000e+00     fixed    
  15  w_vw         1.29000e+01   constant   
  16  beta_vw      0.00000e+00     fixed    
  17  LM           4.28749e-04   constant   
  18  zeta_y       0.00000e+00   constant   
  19  zeta_vw      0.00000e+00   constant   
  20  T_CBO        5.05516e+01   7.54620e+01   6.99672e-06  -3.15487e-01
  21  alpha_A0    -2.22989e-01   2.98288e-01   1.45605e-05  -1.30756e-02
  22  beta_A0     -2.04400e-01   2.61913e-01   1.25111e-05  -6.45115e-02
  23  alpha_phi   -2.14113e-01   2.89798e-01   8.34217e-06   1.86669e-01
  24  beta_phi     3.18103e-01   4.27639e-01   1.12953e-05  -8.83161e-02
 CALL LIMIT EXCEEDED IN MIGRAD.
 MIGRAD TERMINATED WITHOUT CONVERGENCE.
 FCN=135.086 FROM MIGRAD    STATUS=CALL LIMIT   1154 CALLS        4475 TOTAL
                     EDM=3.12479e-05    STRATEGY= 1  ERROR MATRIX UNCERTAINTY  19.0 per cent
  EXT PARAMETER                APPROXIMATE        STEP         FIRST   
  NO.   NAME      VALUE            ERROR          SIZE      DERIVATIVE 
   1  N0           3.04036e+06     fixed    
   2  tau          6.44153e+01   constant   
   3  A0           3.04463e-01     fixed    
   4  phi          4.14692e+00     fixed    
   5  R           -6.13262e+01   constant   
   6  alpha_CBO    1.26558e-02     fixed    
   7  w_CBO        2.32500e+00   constant   
   8  beta_CBO    -2.17160e-04   8.74245e-04  -2.75998e-06  -1.55477e+01
   9  alpha_2CBO  -1.24465e-04   4.98806e-04  -4.93720e-07   2.96069e+00
  10  beta_2CBO   -2.72141e-03     fixed    
  11  alpha_y      0.00000e+00     fixed    
  12  w_y          1.44500e+01   constant   
  13  beta_y      -1.68021e-03     fixed    
  14  alpha_vw     0.00000e+00     fixed    
  15  w_vw         1.29000e+01   constant   
  16  beta_vw      0.00000e+00     fixed    
  17  LM           4.28749e-04   constant   
  18  zeta_y       0.00000e+00   constant   
  19  zeta_vw      0.00000e+00   constant   
  20  T_CBO        5.97970e+01   5.47561e+01   8.10216e-04  -3.85660e+00
  21  alpha_A0    -1.94683e-01   1.34597e-01   4.67942e-04   1.23777e+00
  22  beta_A0     -1.79475e-01   1.18830e-01   4.12549e-04   3.08931e-01
  23  alpha_phi   -1.86645e-01   1.30639e-01   4.55974e-04   1.05876e+00
  24  beta_phi     2.77536e-01   1.93074e-01  -6.70999e-04  -2.82205e+00
 EXTERNAL ERROR MATRIX.    NDIM=  25    NPAR=  7    ERR DEF=1
  7.643e-07  2.792e-07 -4.159e-02 -1.004e-04 -8.645e-05 -9.932e-05  1.447e-04 
  2.792e-07  2.488e-07 -8.427e-03 -1.944e-05 -1.525e-05 -2.126e-05  2.914e-05 
 -4.159e-02 -8.427e-03  3.053e+03  7.435e+00  6.555e+00  7.216e+00 -1.067e+01 
 -1.004e-04 -1.944e-05  7.435e+00  1.812e-02  1.598e-02  1.757e-02 -2.598e-02 
 -8.645e-05 -1.525e-05  6.555e+00  1.598e-02  1.412e-02  1.548e-02 -2.291e-02 
 -9.932e-05 -2.126e-05  7.216e+00  1.757e-02  1.548e-02  1.707e-02 -2.521e-02 
  1.447e-04  2.914e-05 -1.067e+01 -2.598e-02 -2.291e-02 -2.521e-02  3.728e-02 
ERR MATRIX APPROXIMATE
 PARAMETER  CORRELATION COEFFICIENTS  
       NO.  GLOBAL      8      9     20     21     22     23     24
        8  0.98761   1.000  0.640 -0.861 -0.853 -0.832 -0.870  0.857
        9  0.95571   0.640  1.000 -0.306 -0.289 -0.257 -0.326  0.303
       20  0.99999  -0.861 -0.306  1.000  1.000  0.998  1.000 -1.000
       21  0.99988  -0.853 -0.289  1.000  1.000  0.999  0.999 -1.000
       22  0.99987  -0.832 -0.257  0.998  0.999  1.000  0.997 -0.999
       23  0.99997  -0.870 -0.326  1.000  0.999  0.997  1.000 -1.000
       24  0.99998   0.857  0.303 -1.000 -1.000 -0.999 -1.000  1.000
 ERR MATRIX APPROXIMATE
MINUIT - FIT wiggle + 1-CBO + 2-CBO
 **********
 **   42 **RES 
 **********
                   PARAMETER   16  beta_vw RESTORED TO VARIABLE.
                   PARAMETER   14  alpha_vw RESTORED TO VARIABLE.
                   PARAMETER   13  beta_y RESTORED TO VARIABLE.
                   PARAMETER   11  alpha_y RESTORED TO VARIABLE.
                   PARAMETER   10  beta_2CBO RESTORED TO VARIABLE.
                   PARAMETER    6  alpha_CBO RESTORED TO VARIABLE.
                   PARAMETER    4  phi RESTORED TO VARIABLE.
                   PARAMETER    3  A0 RESTORED TO VARIABLE.
                   PARAMETER    1  N0 RESTORED TO VARIABLE.
 **********
 **   43 **FIX           10
 **********
 **********
 **   44 **FIX           11
 **********
 **********
 **   45 **FIX           12
 **********
 PARAMETER   12  IS CONSTANT.   IGNORED.
 **********
 **   46 **FIX           13
 **********
 **********
 **   47 **FIX           14
 **********
 **********
 **   48 **FIX           15
 **********
 PARAMETER   15  IS CONSTANT.   IGNORED.
 **********
 **   49 **FIX           16
 **********
 **********
 **   50 **MIGRAD
 **********
 START MIGRAD MINIMIZATION.  STRATEGY  1.  CONVERGENCE WHEN EDM .LT. 1.00e-04
 FCN=135.086 FROM MIGRAD    STATUS=INITIATE       22 CALLS        4497 TOTAL
                     EDM= unknown      STRATEGY= 1      NO ERROR MATRIX       
  EXT PARAMETER               CURRENT GUESS       STEP         FIRST   
  NO.   NAME      VALUE            ERROR          SIZE      DERIVATIVE 
   1  N0           3.04036e+06   3.75591e+03   3.75591e+03   1.03505e-05
   2  tau          6.44153e+01   constant   
   3  A0           3.04463e-01   1.87338e-03   1.87338e-03   2.83294e+01
   4  phi          4.14692e+00   5.02031e-03   5.02031e-03  -2.14868e+01
   5  R           -6.13262e+01   constant   
   6  alpha_CBO    1.26558e-02   1.63392e-03   1.63392e-03   3.09063e+02
   7  w_CBO        2.32500e+00   constant   
   8  beta_CBO    -2.17160e-04   8.74245e-04  -2.75998e-06  -1.55477e+01
   9  alpha_2CBO  -1.24465e-04   4.98806e-04  -4.93720e-07   2.96068e+00
  10  beta_2CBO   -2.72141e-03     fixed    
  11  alpha_y      0.00000e+00     fixed    
  12  w_y          1.44500e+01   constant   
  13  beta_y      -1.68021e-03     fixed    
  14  alpha_vw     0.00000e+00     fixed    
  15  w_vw         1.29000e+01   constant   
  16  beta_vw      0.00000e+00     fixed    
  17  LM           4.28749e-04   constant   
  18  zeta_y       0.00000e+00   constant   
  19  zeta_vw      0.00000e+00   constant   
  20  T_CBO        5.97970e+01   5.47561e+01   8.10216e-04  -3.85660e+00
  21  alpha_A0    -1.94683e-01   1.34597e-01   4.67942e-04   1.23777e+00
  22  beta_A0     -1.79475e-01   1.18830e-01   4.12549e-04   3.08932e-01
  23  alpha_phi   -1.86645e-01   1.30639e-01   4.55974e-04   1.05876e+00
  24  beta_phi     2.77536e-01   1.93074e-01  -6.70999e-04  -2.82205e+00
 CALL LIMIT EXCEEDED IN MIGRAD.
 MIGRAD TERMINATED WITHOUT CONVERGENCE.
 FCN=132.325 FROM MIGRAD    STATUS=CALL LIMIT   1927 CALLS        6402 TOTAL
                     EDM=0.0458101    STRATEGY= 1  ERROR MATRIX UNCERTAINTY  18.6 per cent
  EXT PARAMETER                APPROXIMATE        STEP         FIRST   
  NO.   NAME      VALUE            ERROR          SIZE      DERIVATIVE 
   1  N0           2.97810e+06   3.68085e+03  -1.17688e+02  -2.66641e-04
   2  tau          6.44153e+01   constant   
   3  A0           3.05672e-01   2.89992e-03  -4.98720e-04  -1.95298e+03
   4  phi          4.20043e+00   9.28068e-03   1.02861e-03  -8.99930e+00
   5  R           -6.13262e+01   constant   
   6  alpha_CBO    9.25794e-03   1.51079e-03  -8.25602e-05  -8.37448e+02
   7  w_CBO        2.32500e+00   constant   
   8  beta_CBO    -8.92203e-03   2.62256e-03  -5.39921e-04  -1.09693e+03
   9  alpha_2CBO  -5.89711e-03   1.63910e-03  -3.36110e-04   1.24595e+03
  10  beta_2CBO   -2.72141e-03     fixed    
  11  alpha_y      0.00000e+00     fixed    
  12  w_y          1.44500e+01   constant   
  13  beta_y      -1.68021e-03     fixed    
  14  alpha_vw     0.00000e+00     fixed    
  15  w_vw         1.29000e+01   constant   
  16  beta_vw      0.00000e+00     fixed    
  17  LM           4.28749e-04   constant   
  18  zeta_y       0.00000e+00   constant   
  19  zeta_vw      0.00000e+00   constant   
  20  T_CBO        5.30292e+01   5.64245e+00   5.12813e-03  -2.58406e+02
  21  alpha_A0    -5.34087e-01   3.35043e-02  -4.91667e-03   3.24518e+00
  22  beta_A0     -9.97717e-02   3.94037e-02  -8.54132e-03   5.11507e+00
  23  alpha_phi    2.52295e-03   1.28902e-02  -8.99478e-04   7.53393e+01
  24  beta_phi     5.10807e-01   1.62054e-02  -1.57091e-03  -1.33144e+02
 EXTERNAL ERROR MATRIX.    NDIM=  25    NPAR= 11    ERR DEF=1
  1.355e+07 
  1.899e+00  8.410e-06 
 -1.467e+01 -2.416e-05  8.613e-05 
  1.136e+00 -1.721e-06  7.477e-06  2.282e-06 
  4.469e+00  6.376e-06 -1.723e-05  5.429e-07  6.878e-06 
  2.873e+00  3.168e-06 -7.416e-06  8.454e-07  4.014e-06  2.687e-06 
 -4.731e+03 -1.543e-02  4.008e-02  6.206e-04 -1.409e-02 -7.743e-03  3.184e+01 
  1.029e+02  5.531e-05 -1.961e-04  1.363e-05  7.499e-05  4.576e-05 -1.289e-01  1.123e-03 
  2.634e+01  7.890e-05 -1.471e-04  2.093e-05  9.389e-05  6.018e-05 -1.962e-01  8.641e-04  1.553e-03 
 -3.665e+01  1.704e-05 -2.370e-05 -8.485e-06  3.132e-06 -1.619e-06 -2.694e-02 -1.686e-04  1.117e-04  1.662e-04 
 -4.671e+01  7.311e-06  3.994e-05  3.382e-06  3.703e-06  3.700e-06 -2.399e-02 -2.068e-04  2.786e-04  1.552e-04  2.626e-04 
ERR MATRIX APPROXIMATE
 PARAMETER  CORRELATION COEFFICIENTS  
       NO.  GLOBAL      1      3      4      6      8      9     20     21     22     23     24
        1  0.99905   1.000  0.178 -0.430  0.204  0.463  0.476 -0.228  0.834  0.182 -0.772 -0.783
        3  0.99955   0.178  1.000 -0.898 -0.393  0.838  0.667 -0.943  0.569  0.690  0.456  0.156
        4  0.99882  -0.430 -0.898  1.000  0.533 -0.708 -0.488  0.765 -0.631 -0.402 -0.198  0.266
        6  0.99552   0.204 -0.393  0.533  1.000  0.137  0.341  0.073  0.269  0.352 -0.436  0.138
        8  0.99876   0.463  0.838 -0.708  0.137  1.000  0.934 -0.952  0.853  0.909  0.093  0.087
        9  0.99616   0.476  0.667 -0.488  0.341  0.934  1.000 -0.837  0.833  0.932 -0.077  0.139
       20  0.99957  -0.228 -0.943  0.765  0.073 -0.952 -0.837  1.000 -0.682 -0.883 -0.370 -0.262
       21  0.99688   0.834  0.569 -0.631  0.269  0.853  0.833 -0.682  1.000  0.654 -0.390 -0.381
       22  0.99895   0.182  0.690 -0.402  0.352  0.909  0.932 -0.883  0.654  1.000  0.220  0.436
       23  0.99850  -0.772  0.456 -0.198 -0.436  0.093 -0.077 -0.370 -0.390  0.220  1.000  0.743
       24  0.99735  -0.783  0.156  0.266  0.138  0.087  0.139 -0.262 -0.381  0.436  0.743  1.000
 ERR MATRIX APPROXIMATE
MINUIT - FIT ONLY 1-y
 **********
 **   51 **RES 
 **********
                   PARAMETER   16  beta_vw RESTORED TO VARIABLE.
                   PARAMETER   14  alpha_vw RESTORED TO VARIABLE.
                   PARAMETER   13  beta_y RESTORED TO VARIABLE.
                   PARAMETER   11  alpha_y RESTORED TO VARIABLE.
                   PARAMETER   10  beta_2CBO RESTORED TO VARIABLE.
 **********
 **   52 **FIX            0
 **********
 PARAMETER    0  IS UNDEFINED. IGNORED.
 **********
 **   53 **FIX            1
 **********
 **********
 **   54 **FIX            2
 **********
 PARAMETER    2  IS CONSTANT.   IGNORED.
 **********
 **   55 **FIX            3
 **********
 **********
 **   56 **FIX            4
 **********
 **********
 **   57 **FIX            5
 **********
 PARAMETER    5  IS CONSTANT.   IGNORED.
 **********
 **   58 **FIX            6
 **********
 **********
 **   59 **FIX            7
 **********
 PARAMETER    7  IS CONSTANT.   IGNORED.
 **********
 **   60 **FIX            8
 **********
 **********
 **   61 **FIX            9
 **********
 **********
 **   62 **FIX           13
 **********
 **********
 **   63 **FIX           14
 **********
 **********
 **   64 **FIX           15
 **********
 PARAMETER   15  IS CONSTANT.   IGNORED.
 **********
 **   65 **FIX           16
 **********
 **********
 **   66 **MIGRAD
 **********
 START MIGRAD MINIMIZATION.  STRATEGY  1.  CONVERGENCE WHEN EDM .LT. 1.00e-04
 FCN=132.325 FROM MIGRAD    STATUS=INITIATE       16 CALLS        6418 TOTAL
                     EDM= unknown      STRATEGY= 1      NO ERROR MATRIX       
  EXT PARAMETER               CURRENT GUESS       STEP         FIRST   
  NO.   NAME      VALUE            ERROR          SIZE      DERIVATIVE 
   1  N0           2.97810e+06     fixed    
   2  tau          6.44153e+01   constant   
   3  A0           3.05672e-01     fixed    
   4  phi          4.20043e+00     fixed    
   5  R           -6.13262e+01   constant   
   6  alpha_CBO    9.25794e-03     fixed    
   7  w_CBO        2.32500e+00   constant   
   8  beta_CBO    -8.92203e-03     fixed    
   9  alpha_2CBO  -5.89711e-03     fixed    
  10  beta_2CBO   -2.72141e-03   7.41364e-04   7.41364e-04  -1.74507e+03
  11  alpha_y      0.00000e+00   1.00000e-03   1.00000e-03   1.14032e+05
  12  w_y          1.44500e+01   constant   
  13  beta_y      -1.68021e-03     fixed    
  14  alpha_vw     0.00000e+00     fixed    
  15  w_vw         1.29000e+01   constant   
  16  beta_vw      0.00000e+00     fixed    
  17  LM           4.28749e-04   constant   
  18  zeta_y       0.00000e+00   constant   
  19  zeta_vw      0.00000e+00   constant   
  20  T_CBO        5.30292e+01   5.64245e+00   5.12813e-03  -2.58406e+02
  21  alpha_A0    -5.34087e-01   3.35043e-02  -4.91667e-03   3.24518e+00
  22  beta_A0     -9.97717e-02   3.94037e-02  -8.54132e-03   5.11507e+00
  23  alpha_phi    2.52295e-03   1.28902e-02  -8.99478e-04   7.53393e+01
  24  beta_phi     5.10807e-01   1.62054e-02  -1.57091e-03  -1.33144e+02
 CALL LIMIT EXCEEDED IN MIGRAD.
 MIGRAD TERMINATED WITHOUT CONVERGENCE.
 FCN=37.9963 FROM MIGRAD    STATUS=CALL LIMIT   1151 CALLS        7553 TOTAL
                     EDM=0.0236701    STRATEGY= 1  ERROR MATRIX UNCERTAINTY  35.4 per cent
  EXT PARAMETER                APPROXIMATE        STEP         FIRST   
  NO.   NAME      VALUE            ERROR          SIZE      DERIVATIVE 
   1  N0           2.97810e+06     fixed    
   2  tau          6.44153e+01   constant   
   3  A0           3.05672e-01     fixed    
   4  phi          4.20043e+00     fixed    
   5  R           -6.13262e+01   constant   
   6  alpha_CBO    9.25794e-03     fixed    
   7  w_CBO        2.32500e+00   constant   
   8  beta_CBO    -8.92203e-03     fixed    
   9  alpha_2CBO  -5.89711e-03     fixed    
  10  beta_2CBO   -1.89080e-03   2.76990e-04   7.46625e-06  -2.78188e+02
  11  alpha_y     -1.64365e-03   1.77256e-04  -3.17711e-06  -4.15060e+01
  12  w_y          1.44500e+01   constant   
  13  beta_y      -1.68021e-03     fixed    
  14  alpha_vw     0.00000e+00     fixed    
  15  w_vw         1.29000e+01   constant   
  16  beta_vw      0.00000e+00     fixed    
  17  LM           4.28749e-04   constant   
  18  zeta_y       0.00000e+00   constant   
  19  zeta_vw      0.00000e+00   constant   
  20  T_CBO        1.30869e+02   3.16537e+01   5.95050e-03  -4.32459e+01
  21  alpha_A0    -3.19580e-01   2.82460e-02   1.73716e-03   3.44948e+01
  22  beta_A0     -5.54752e-02   5.51852e-03   3.67252e-04  -3.70504e+01
  23  alpha_phi    9.29192e-04   1.08759e-03  -2.05520e-05  -3.51485e+01
  24  beta_phi     2.99456e-01   2.66744e-02  -1.72758e-03  -1.22764e+02
 EXTERNAL ERROR MATRIX.    NDIM=  25    NPAR=  7    ERR DEF=1
  7.672e-08 -8.714e-09  1.447e-03  9.448e-07  5.236e-07 -1.158e-07 -1.502e-06 
 -8.714e-09  3.142e-08 -3.685e-04 -2.460e-07 -9.127e-08  4.868e-10  3.324e-07 
  1.447e-03 -3.685e-04  1.005e+03  8.924e-01  1.619e-01 -3.586e-03 -8.445e-01 
  9.448e-07 -2.460e-07  8.924e-01  7.978e-04  1.434e-04 -2.258e-06 -7.489e-04 
  5.236e-07 -9.127e-08  1.619e-01  1.434e-04  3.045e-05 -9.329e-07 -1.379e-04 
 -1.158e-07  4.868e-10 -3.586e-03 -2.258e-06 -9.329e-07  1.183e-06  3.212e-06 
 -1.502e-06  3.324e-07 -8.445e-01 -7.489e-04 -1.379e-04  3.212e-06  7.115e-04 
ERR MATRIX APPROXIMATE
 PARAMETER  CORRELATION COEFFICIENTS  
       NO.  GLOBAL     10     11     20     21     22     23     24
       10  0.85329   1.000 -0.177  0.165  0.121  0.343 -0.384 -0.203
       11  0.25842  -0.177  1.000 -0.066 -0.049 -0.093  0.003  0.070
       20  0.99962   0.165 -0.066  1.000  0.997  0.926 -0.104 -0.999
       21  0.99789   0.121 -0.049  0.997  1.000  0.920 -0.073 -0.994
       22  0.95915   0.343 -0.093  0.926  0.920  1.000 -0.155 -0.937
       23  0.50169  -0.384  0.003 -0.104 -0.073 -0.155  1.000  0.111
       24  0.99960  -0.203  0.070 -0.999 -0.994 -0.937  0.111  1.000
 ERR MATRIX APPROXIMATE
MINUIT - FIT ONLY 2-y
 **********
 **   67 **RES 
 **********
                   PARAMETER   16  beta_vw RESTORED TO VARIABLE.
                   PARAMETER   14  alpha_vw RESTORED TO VARIABLE.
                   PARAMETER   13  beta_y RESTORED TO VARIABLE.
                   PARAMETER    9  alpha_2CBO RESTORED TO VARIABLE.
                   PARAMETER    8  beta_CBO RESTORED TO VARIABLE.
                   PARAMETER    6  alpha_CBO RESTORED TO VARIABLE.
                   PARAMETER    4  phi RESTORED TO VARIABLE.
                   PARAMETER    3  A0 RESTORED TO VARIABLE.
                   PARAMETER    1  N0 RESTORED TO VARIABLE.
 **********
 **   68 **FIX            0
 **********
 PARAMETER    0  IS UNDEFINED. IGNORED.
 **********
 **   69 **FIX            1
 **********
 **********
 **   70 **FIX            2
 **********
 PARAMETER    2  IS CONSTANT.   IGNORED.
 **********
 **   71 **FIX            3
 **********
 **********
 **   72 **FIX            4
 **********
 **********
 **   73 **FIX            5
 **********
 PARAMETER    5  IS CONSTANT.   IGNORED.
 **********
 **   74 **FIX            6
 **********
 **********
 **   75 **FIX            7
 **********
 PARAMETER    7  IS CONSTANT.   IGNORED.
 **********
 **   76 **FIX            8
 **********
 **********
 **   77 **FIX            9
 **********
 **********
 **   78 **FIX           10
 **********
 **********
 **   79 **FIX           11
 **********
 **********
 **   80 **FIX           12
 **********
 PARAMETER   12  IS CONSTANT.   IGNORED.
 **********
 **   81 **FIX           16
 **********
 **********
 **   82 **MIGRAD
 **********
 START MIGRAD MINIMIZATION.  STRATEGY  1.  CONVERGENCE WHEN EDM .LT. 1.00e-04
 FCN=37.9963 FROM MIGRAD    STATUS=INITIATE       16 CALLS        7569 TOTAL
                     EDM= unknown      STRATEGY= 1      NO ERROR MATRIX       
  EXT PARAMETER               CURRENT GUESS       STEP         FIRST   
  NO.   NAME      VALUE            ERROR          SIZE      DERIVATIVE 
   1  N0           2.97810e+06     fixed    
   2  tau          6.44153e+01   constant   
   3  A0           3.05672e-01     fixed    
   4  phi          4.20043e+00     fixed    
   5  R           -6.13262e+01   constant   
   6  alpha_CBO    9.25794e-03     fixed    
   7  w_CBO        2.32500e+00   constant   
   8  beta_CBO    -8.92203e-03     fixed    
   9  alpha_2CBO  -5.89711e-03     fixed    
  10  beta_2CBO   -1.89080e-03     fixed    
  11  alpha_y     -1.64365e-03     fixed    
  12  w_y          1.44500e+01   constant   
  13  beta_y      -1.68021e-03   1.70973e-04   1.70973e-04  -3.17950e+03
