 + ++++++++++++++++++++++++++++++++++++++++++++++++++++++++++++++++++++ +
 +                                                                      +
 +           You have chose to blind your fitting according to          +
 +                omega_ref * (1 + (R +/- deltaR) *10^{-6})             +
 +                                                                      +
 + ++++++++++++++++++++++++++++++++++++++++++++++++++++++++++++++++++++ +
In main()...
reading format from /gm2data/zkhechad/run45/envelope/formats/formatB_sBin_constraintOn.txt
pBinTau 	= 0  
pBinPhi 	= 0  
constraintau 	= 1 
includeMopTerm 	= 0    
constrainMop    = 0   
Parameters after format file: pBinTau 0 pBinPhi 0 constraintau 1 includeMopTerm 0 constrainMop 0 c_e_scale 0.000000 
Opening file /gm2data/tbarrett/gm2fr/studies/run23_bunch_corrections/CorrectedFourier_Run3b.root.
reading full fit data from /gm2data/zkhechad/cboTemplates/Run4CBOTemplates/fullFits/noRF/sBin_constraintOn_cE0.0_seed0_noRF_calo11.root
windowBins = 69
fitting sliding window 560 from bin 696 at 103.694000 to bin 765 at 114.138000 (69 bins)

Reading data from /gm2data/cornell/histograms/aMethod/histogram_a_noRF.root
 **********
 **    1 **SET PRINTOUT            1
 **********
 **********
 **    2 **SET NOWARNINGS 
 **********
 PARAMETER DEFINITIONS:
    NO.   NAME         VALUE      STEP SIZE      LIMITS
     1 N0           3.16093e+06  1.00000e+02     no limits
     2 tau          6.43989e+01  constant
     3 A0           3.42733e-01  1.00000e-04     no limits
     4 phi          4.11801e+00  1.00000e-02     no limits
     5 R           -6.14725e+01  constant
     6 alpha_CBO    0.00000e+00  1.00000e-03     no limits
     7 w_CBO        2.32500e+00  constant
     8 beta_CBO     0.00000e+00  1.00000e-03     no limits
     9 alpha_2CBO   0.00000e+00  1.00000e-03     no limits
    10 beta_2CBO    0.00000e+00  1.00000e-03     no limits
    11 alpha_y      0.00000e+00  1.00000e-03     no limits
    12 w_y          1.38860e+01  constant
    13 beta_y       0.00000e+00  1.00000e-03     no limits
    14 alpha_vw     0.00000e+00  1.00000e-03     no limits
    15 w_vw         1.43404e+01  constant
    16 beta_vw      0.00000e+00  1.00000e-03     no limits
    17 LM          -2.06090e-04  constant
    18 zeta_y       0.00000e+00  constant
    19 zeta_vw      0.00000e+00  constant
    20 T_CBO        1.00000e+02  1.00000e+00    0.00000e+00  1.00000e+03
    21 alpha_A0     0.00000e+00  1.00000e-04   -1.00000e-02  1.00000e-02
    22 beta_A0      0.00000e+00  1.00000e-04   -1.00000e-02  1.00000e-02
    23 alpha_phi    0.00000e+00  1.00000e-04   -1.00000e-02  1.00000e-02
    24 beta_phi     0.00000e+00  1.00000e-04   -1.00000e-02  1.00000e-02
MINUIT - FIT ONLY WIGGLE
 **********
 **    3 **FIX            5
 **********
 PARAMETER    5  IS CONSTANT.   IGNORED.
 **********
 **    4 **FIX            6
 **********
 **********
 **    5 **FIX            7
 **********
 PARAMETER    7  IS CONSTANT.   IGNORED.
 **********
 **    6 **FIX            8
 **********
 **********
 **    7 **FIX            9
 **********
 **********
 **    8 **FIX           10
 **********
 **********
 **    9 **FIX           11
 **********
 **********
 **   10 **FIX           12
 **********
 PARAMETER   12  IS CONSTANT.   IGNORED.
 **********
 **   11 **FIX           13
 **********
 **********
 **   12 **FIX           14
 **********
 **********
 **   13 **FIX           15
 **********
 PARAMETER   15  IS CONSTANT.   IGNORED.
 **********
 **   14 **FIX           16
 **********
 **********
 **   15 **MIGRAD
 **********
 FIRST CALL TO USER FUNCTION AT NEW START POINT, WITH IFLAG=4.
 START MIGRAD MINIMIZATION.  STRATEGY  1.  CONVERGENCE WHEN EDM .LT. 1.00e-04
 FCN=1819.92 FROM MIGRAD    STATUS=INITIATE      435 CALLS         436 TOTAL
                     EDM= unknown      STRATEGY= 1      NO ERROR MATRIX       
  EXT PARAMETER               CURRENT GUESS       STEP         FIRST   
  NO.   NAME      VALUE            ERROR          SIZE      DERIVATIVE 
   1  N0           3.16093e+06   1.00000e+02   0.00000e+00   2.34390e-02
   2  tau          6.43989e+01   constant   
   3  A0           3.42733e-01   1.00000e-04   0.00000e+00   1.24979e+05
   4  phi          4.11801e+00   1.00000e-02   0.00000e+00  -1.51163e+03
   5  R           -6.14725e+01   constant   
   6  alpha_CBO    0.00000e+00     fixed    
   7  w_CBO        2.32500e+00   constant   
   8  beta_CBO     0.00000e+00     fixed    
   9  alpha_2CBO   0.00000e+00     fixed    
  10  beta_2CBO    0.00000e+00     fixed    
  11  alpha_y      0.00000e+00     fixed    
  12  w_y          1.38860e+01   constant   
  13  beta_y       0.00000e+00     fixed    
  14  alpha_vw     0.00000e+00     fixed    
  15  w_vw         1.43404e+01   constant   
  16  beta_vw      0.00000e+00     fixed    
  17  LM          -2.06090e-04   constant   
  18  zeta_y       0.00000e+00   constant   
  19  zeta_vw      0.00000e+00   constant   
  20  T_CBO        1.00000e+02   1.00000e+00   0.00000e+00   0.00000e+00
  21  alpha_A0     0.00000e+00   1.00000e-04   0.00000e+00  -9.29134e+01
  22  beta_A0      0.00000e+00   1.00000e-04   0.00000e+00  -3.59806e+01
  23  alpha_phi    0.00000e+00   1.00000e-04   0.00000e+00  -6.74996e+01
  24  beta_phi     0.00000e+00   1.00000e-04   0.00000e+00  -1.41751e+01
 MIGRAD MINIMIZATION HAS CONVERGED.
 FCN=1628.84 FROM MIGRAD    STATUS=CONVERGED     655 CALLS         656 TOTAL
                     EDM=6.57262e-07    STRATEGY= 1  ERROR MATRIX UNCERTAINTY   0.4 per cent
  EXT PARAMETER                                   STEP         FIRST   
  NO.   NAME      VALUE            ERROR          SIZE      DERIVATIVE 
   1  N0           3.16022e+06   3.26483e+02   2.41613e-02  -1.07662e-06
   2  tau          6.43989e+01   constant   
   3  A0           3.41459e-01   1.32777e-04  -5.76987e-07  -5.37928e+00
   4  phi          4.11792e+00   3.87613e-04  -6.09319e-07   1.08858e-02
   5  R           -6.14725e+01   constant   
   6  alpha_CBO    0.00000e+00     fixed    
   7  w_CBO        2.32500e+00   constant   
   8  beta_CBO     0.00000e+00     fixed    
   9  alpha_2CBO   0.00000e+00     fixed    
  10  beta_2CBO    0.00000e+00     fixed    
  11  alpha_y      0.00000e+00     fixed    
  12  w_y          1.38860e+01   constant   
  13  beta_y       0.00000e+00     fixed    
  14  alpha_vw     0.00000e+00     fixed    
  15  w_vw         1.43404e+01   constant   
  16  beta_vw      0.00000e+00     fixed    
  17  LM          -2.06090e-04   constant   
  18  zeta_y       0.00000e+00   constant   
  19  zeta_vw      0.00000e+00   constant   
  20  T_CBO        1.38209e+02   2.10967e+01   1.52014e-05  -1.25205e-02
  21  alpha_A0     1.00000e-02   3.38096e-03   3.88981e-03** at limit **
  22  beta_A0      3.26701e-03   1.25086e-03  -3.45501e-05   4.11814e-03
  23  alpha_phi    7.38167e-03   1.38321e-03   3.83787e-04  -3.27285e-03
  24  beta_phi    -1.83061e-03   1.24845e-03  -6.70090e-05   6.03203e-03
 EXTERNAL ERROR MATRIX.    NDIM=  25    NPAR=  8    ERR DEF=1
  1.066e+05  8.742e-04 -2.206e-02  3.005e+02 -1.840e-05  8.422e-02  6.182e-02  6.320e-03 
  8.742e-04  1.763e-08  1.394e-09 -2.029e-04 -1.114e-11 -3.883e-10 -1.158e-08  3.427e-08 
 -2.206e-02  1.394e-09  1.502e-07 -4.430e-04 -1.727e-11 -1.242e-08 -2.630e-08 -4.920e-09 
  3.005e+02 -2.029e-04 -4.430e-04  4.456e+02 -2.256e-06 -7.305e-03 -1.627e-02  3.478e-03 
 -1.840e-05 -1.114e-11 -1.727e-11 -2.256e-06  1.543e-11  1.937e-11  1.222e-10  2.629e-11 
  8.422e-02 -3.883e-10 -1.242e-08 -7.305e-03  1.937e-11  1.574e-06  2.832e-07 -5.687e-08 
  6.182e-02 -1.158e-08 -2.630e-08 -1.627e-02  1.222e-10  2.832e-07  1.941e-06 -2.438e-07 
  6.320e-03  3.427e-08 -4.920e-09  3.478e-03  2.629e-11 -5.687e-08 -2.438e-07  1.567e-06 
 PARAMETER  CORRELATION COEFFICIENTS  
       NO.  GLOBAL      1      3      4     20     21     22     23     24
        1  0.33699   1.000  0.020 -0.174  0.044 -0.014  0.206  0.136  0.015
        3  0.26008   0.020  1.000  0.027 -0.072 -0.021 -0.002 -0.063  0.206
        4  0.19278  -0.174  0.027  1.000 -0.054 -0.011 -0.026 -0.049 -0.010
       20  0.62188   0.044 -0.072 -0.054  1.000 -0.027 -0.276 -0.553  0.132
       21  0.04410  -0.014 -0.021 -0.011 -0.027  1.000  0.004  0.022  0.005
       22  0.35434   0.206 -0.002 -0.026 -0.276  0.004  1.000  0.162 -0.036
       23  0.59042   0.136 -0.063 -0.049 -0.553  0.022  0.162  1.000 -0.140
       24  0.26000   0.015  0.206 -0.010  0.132  0.005 -0.036 -0.140  1.000
MINUIT - FIT ONLY 1-CBO + wiggle
 **********
 **   16 **RES 
 **********
                   PARAMETER   16  beta_vw RESTORED TO VARIABLE.
                   PARAMETER   14  alpha_vw RESTORED TO VARIABLE.
                   PARAMETER   13  beta_y RESTORED TO VARIABLE.
                   PARAMETER   11  alpha_y RESTORED TO VARIABLE.
                   PARAMETER   10  beta_2CBO RESTORED TO VARIABLE.
                   PARAMETER    9  alpha_2CBO RESTORED TO VARIABLE.
                   PARAMETER    8  beta_CBO RESTORED TO VARIABLE.
                   PARAMETER    6  alpha_CBO RESTORED TO VARIABLE.
 **********
 **   17 **FIX            8
 **********
 **********
 **   18 **FIX            9
 **********
 **********
 **   19 **FIX           11
 **********
 **********
 **   20 **FIX           12
 **********
 PARAMETER   12  IS CONSTANT.   IGNORED.
 **********
 **   21 **FIX           14
 **********
 **********
 **   22 **FIX           15
 **********
 PARAMETER   15  IS CONSTANT.   IGNORED.
 **********
 **   23 **FIX           16
 **********
 **********
 **   24 **MIGRAD
 **********
 START MIGRAD MINIMIZATION.  STRATEGY  1.  CONVERGENCE WHEN EDM .LT. 1.00e-04
 FCN=1628.84 FROM MIGRAD    STATUS=INITIATE       28 CALLS         684 TOTAL
                     EDM= unknown      STRATEGY= 1      NO ERROR MATRIX       
  EXT PARAMETER               CURRENT GUESS       STEP         FIRST   
  NO.   NAME      VALUE            ERROR          SIZE      DERIVATIVE 
   1  N0           3.16022e+06   3.26483e+02   2.41613e-02  -1.07662e-06
   2  tau          6.43989e+01   constant   
   3  A0           3.41459e-01   1.32777e-04  -5.76987e-07  -5.37928e+00
   4  phi          4.11792e+00   3.87613e-04  -6.09319e-07   1.08862e-02
   5  R           -6.14725e+01   constant   
   6  alpha_CBO    0.00000e+00   1.00000e-03   1.00000e-03  -5.48969e+05
   7  w_CBO        2.32500e+00   constant   
   8  beta_CBO     0.00000e+00     fixed    
   9  alpha_2CBO   0.00000e+00     fixed    
  10  beta_2CBO    0.00000e+00   1.00000e-03   1.00000e-03   1.70044e+03
  11  alpha_y      0.00000e+00     fixed    
  12  w_y          1.38860e+01   constant   
  13  beta_y       0.00000e+00   1.00000e-03   1.00000e-03  -7.58249e+04
  14  alpha_vw     0.00000e+00     fixed    
  15  w_vw         1.43404e+01   constant   
  16  beta_vw      0.00000e+00     fixed    
  17  LM          -2.06090e-04   constant   
  18  zeta_y       0.00000e+00   constant   
  19  zeta_vw      0.00000e+00   constant   
  20  T_CBO        1.38209e+02   2.10967e+01   1.52014e-05  -1.25204e-02
  21  alpha_A0     1.00000e-02   3.38096e-03   3.88981e-03** at limit **
  22  beta_A0      3.26701e-03   1.25086e-03  -3.45501e-05   4.11826e-03
  23  alpha_phi    7.38167e-03   1.38321e-03   3.83787e-04  -3.27332e-03
  24  beta_phi    -1.83061e-03   1.24845e-03  -6.70090e-05   6.03203e-03
 MIGRAD MINIMIZATION HAS CONVERGED.
 FCN=67.8858 FROM MIGRAD    STATUS=CONVERGED     488 CALLS        1144 TOTAL
                     EDM=7.85e-06    STRATEGY= 1  ERROR MATRIX UNCERTAINTY   2.9 per cent
  EXT PARAMETER                                   STEP         FIRST   
  NO.   NAME      VALUE            ERROR          SIZE      DERIVATIVE 
   1  N0           3.16115e+06   3.28258e+02   5.79947e-01  -1.36452e-06
   2  tau          6.43989e+01   constant   
   3  A0           3.42835e-01   1.38852e-04   1.16664e-07  -1.95378e+00
   4  phi          4.11823e+00   3.93800e-04  -7.33472e-07  -1.53315e+00
   5  R           -6.14725e+01   constant   
   6  alpha_CBO    5.59097e-03   1.42579e-04   6.32706e-08   6.88511e+00
   7  w_CBO        2.32500e+00   constant   
   8  beta_CBO     0.00000e+00     fixed    
   9  alpha_2CBO   0.00000e+00     fixed    
  10  beta_2CBO    1.47132e-04   1.37235e-04   5.83037e-08  -9.00835e+00
  11  alpha_y      0.00000e+00     fixed    
  12  w_y          1.38860e+01   constant   
  13  beta_y       7.14201e-04   1.36837e-04   1.35534e-07  -3.77931e+00
  14  alpha_vw     0.00000e+00     fixed    
  15  w_vw         1.43404e+01   constant   
  16  beta_vw      0.00000e+00     fixed    
  17  LM          -2.06090e-04   constant   
  18  zeta_y       0.00000e+00   constant   
  19  zeta_vw      0.00000e+00   constant   
  20  T_CBO        1.32358e+02   1.94741e+01  -8.64748e-05  -8.35517e-02
  21  alpha_A0     1.47517e-04   1.29426e-03  -1.13473e-05  -5.34599e-03
  22  beta_A0      3.04775e-03   1.26355e-03   2.41653e-04  -1.94456e-03
  23  alpha_phi    1.00000e-02   1.52708e-02   8.87045e-03** at limit **
  24  beta_phi     2.44384e-03   1.44188e-03   1.00663e-04  -1.62081e-03
 EXTERNAL ERROR MATRIX.    NDIM=  25    NPAR= 11    ERR DEF=1
  1.078e+05 
  3.722e-03  1.928e-08 
 -2.318e-02  1.914e-09  1.551e-07 
  3.709e-03  4.731e-09  8.113e-10  2.033e-08 
 -1.212e-03  1.183e-09 -4.408e-10  5.419e-10  1.883e-08 
  5.314e-04 -2.029e-10  2.010e-10  3.034e-10  1.846e-10  1.872e-08 
  1.762e+03 -2.272e-04 -1.028e-03  2.305e-04 -1.196e-04  1.083e-04  3.797e+02 
 -1.057e-02  2.004e-08  2.196e-08  4.023e-08 -1.875e-08 -1.631e-10 -1.773e-03  1.685e-06 
  5.135e-02  4.796e-09 -1.382e-08 -2.728e-09  4.881e-09 -5.771e-10 -5.196e-03 -3.234e-08  1.606e-06 
  2.394e-05 -6.445e-14 -1.278e-11  1.097e-12  5.776e-12  5.798e-12 -3.172e-05 -1.052e-10  6.121e-10  1.617e-10 
 -2.538e-02  4.440e-08  1.775e-08  1.564e-08  3.125e-08 -5.378e-09 -8.399e-03  1.975e-07  1.567e-07  4.265e-10  2.095e-06 
 PARAMETER  CORRELATION COEFFICIENTS  
       NO.  GLOBAL      1      3      4      6     10     13     20     21     22     23     24
        1  0.37822   1.000  0.082 -0.179  0.079 -0.027  0.012  0.276 -0.025  0.123  0.006 -0.053
        3  0.33578   0.082  1.000  0.035  0.239  0.062 -0.011 -0.084  0.111  0.027 -0.000  0.221
        4  0.21021  -0.179  0.035  1.000  0.014 -0.008  0.004 -0.134  0.043 -0.028 -0.003  0.031
        6  0.33522   0.079  0.239  0.014  1.000  0.028  0.016  0.083  0.217 -0.015  0.001  0.076
       10  0.20955  -0.027  0.062 -0.008  0.028  1.000  0.010 -0.045 -0.105  0.028  0.003  0.157
       13  0.05048   0.012 -0.011  0.004  0.016  0.010  1.000  0.041 -0.001 -0.003  0.003 -0.027
       20  0.48853   0.276 -0.084 -0.134  0.083 -0.045  0.041  1.000 -0.070 -0.210 -0.128 -0.298
       21  0.28221  -0.025  0.111  0.043  0.217 -0.105 -0.001 -0.070  1.000 -0.020 -0.006  0.105
       22  0.28734   0.123  0.027 -0.028 -0.015  0.028 -0.003 -0.210 -0.020  1.000  0.038  0.085
       23  0.13909   0.006 -0.000 -0.003  0.001  0.003  0.003 -0.128 -0.006  0.038  1.000  0.023
       24  0.39214  -0.053  0.221  0.031  0.076  0.157 -0.027 -0.298  0.105  0.085  0.023  1.000
MINUIT - FIT ONLY 2-CBO
 **********
 **   25 **RES 
 **********
                   PARAMETER   16  beta_vw RESTORED TO VARIABLE.
                   PARAMETER   14  alpha_vw RESTORED TO VARIABLE.
                   PARAMETER   11  alpha_y RESTORED TO VARIABLE.
                   PARAMETER    9  alpha_2CBO RESTORED TO VARIABLE.
                   PARAMETER    8  beta_CBO RESTORED TO VARIABLE.
 **********
 **   26 **FIX            0
 **********
 PARAMETER    0  IS UNDEFINED. IGNORED.
 **********
 **   27 **FIX            1
 **********
 **********
 **   28 **FIX            2
 **********
 PARAMETER    2  IS CONSTANT.   IGNORED.
 **********
 **   29 **FIX            3
 **********
 **********
 **   30 **FIX            4
 **********
 **********
 **   31 **FIX            5
 **********
 PARAMETER    5  IS CONSTANT.   IGNORED.
 **********
 **   32 **FIX            6
 **********
 **********
 **   33 **FIX            7
 **********
 PARAMETER    7  IS CONSTANT.   IGNORED.
 **********
 **   34 **FIX           10
 **********
 **********
 **   35 **FIX           11
 **********
 **********
 **   36 **FIX           12
 **********
 PARAMETER   12  IS CONSTANT.   IGNORED.
 **********
 **   37 **FIX           13
 **********
 **********
 **   38 **FIX           14
 **********
 **********
 **   39 **FIX           15
 **********
 PARAMETER   15  IS CONSTANT.   IGNORED.
 **********
 **   40 **FIX           16
 **********
 **********
 **   41 **MIGRAD
 **********
 START MIGRAD MINIMIZATION.  STRATEGY  1.  CONVERGENCE WHEN EDM .LT. 1.00e-04
 FCN=67.8858 FROM MIGRAD    STATUS=INITIATE       18 CALLS        1162 TOTAL
                     EDM= unknown      STRATEGY= 1      NO ERROR MATRIX       
  EXT PARAMETER               CURRENT GUESS       STEP         FIRST   
  NO.   NAME      VALUE            ERROR          SIZE      DERIVATIVE 
   1  N0           3.16115e+06     fixed    
   2  tau          6.43989e+01   constant   
   3  A0           3.42835e-01     fixed    
   4  phi          4.11823e+00     fixed    
   5  R           -6.14725e+01   constant   
   6  alpha_CBO    5.59097e-03     fixed    
   7  w_CBO        2.32500e+00   constant   
   8  beta_CBO     0.00000e+00   1.00000e-03   1.00000e-03   1.67770e+04
   9  alpha_2CBO   0.00000e+00   1.00000e-03   1.00000e-03  -9.38230e+03
  10  beta_2CBO    1.47132e-04     fixed    
  11  alpha_y      0.00000e+00     fixed    
  12  w_y          1.38860e+01   constant   
  13  beta_y       7.14201e-04     fixed    
  14  alpha_vw     0.00000e+00     fixed    
  15  w_vw         1.43404e+01   constant   
  16  beta_vw      0.00000e+00     fixed    
  17  LM          -2.06090e-04   constant   
  18  zeta_y       0.00000e+00   constant   
  19  zeta_vw      0.00000e+00   constant   
  20  T_CBO        1.32358e+02   1.94741e+01  -8.64748e-05  -8.35516e-02
  21  alpha_A0     1.47517e-04   1.29426e-03  -1.13473e-05   5.34602e-03
  22  beta_A0      3.04775e-03   1.26355e-03   2.41653e-04  -1.94456e-03
  23  alpha_phi    1.00000e-02   1.52708e-02   8.87045e-03** at limit **
  24  beta_phi     2.44384e-03   1.44188e-03   1.00663e-04  -1.62082e-03
 MIGRAD MINIMIZATION HAS CONVERGED.
 MIGRAD WILL VERIFY CONVERGENCE AND ERROR MATRIX.
 COVARIANCE MATRIX CALCULATED SUCCESSFULLY
 FCN=65.9283 FROM MIGRAD    STATUS=CONVERGED     134 CALLS        1278 TOTAL
                     EDM=7.89775e-07    STRATEGY= 1      ERROR MATRIX ACCURATE 
  EXT PARAMETER                                   STEP         FIRST   
  NO.   NAME      VALUE            ERROR          SIZE      DERIVATIVE 
   1  N0           3.16115e+06     fixed    
   2  tau          6.43989e+01   constant   
   3  A0           3.42835e-01     fixed    
   4  phi          4.11823e+00     fixed    
   5  R           -6.14725e+01   constant   
   6  alpha_CBO    5.59097e-03     fixed    
   7  w_CBO        2.32500e+00   constant   
   8  beta_CBO    -1.75383e-04   1.42403e-04   5.59302e-07  -1.91387e+00
   9  alpha_2CBO   1.03610e-04   1.41678e-04   5.50657e-07  -2.78298e+00
  10  beta_2CBO    1.47132e-04     fixed    
  11  alpha_y      0.00000e+00     fixed    
  12  w_y          1.38860e+01   constant   
  13  beta_y       7.14201e-04     fixed    
  14  alpha_vw     0.00000e+00     fixed    
  15  w_vw         1.43404e+01   constant   
  16  beta_vw      0.00000e+00     fixed    
  17  LM          -2.06090e-04   constant   
  18  zeta_y       0.00000e+00   constant   
  19  zeta_vw      0.00000e+00   constant   
  20  T_CBO        1.34285e+02   1.95162e+01   2.05144e-04   1.51531e-02
  21  alpha_A0     1.92148e-04   1.21387e-03   4.84545e-04  -4.56385e-03
  22  beta_A0      3.07768e-03   1.28887e-03   5.04226e-04   2.93411e-03
  23  alpha_phi    1.00000e-02   1.56703e-02   6.41311e-03** at limit **
  24  beta_phi     2.23464e-03   1.31762e-03   5.14846e-04   6.80107e-03
 EXTERNAL ERROR MATRIX.    NDIM=  25    NPAR=  7    ERR DEF=1
  2.028e-08 -1.123e-09  3.778e-05 -2.255e-09 -2.227e-08 -4.141e-15  1.964e-08 
 -1.123e-09  2.007e-08  4.714e-04  5.465e-09 -3.336e-08 -2.307e-15 -8.888e-09 
  3.778e-05  4.714e-04  3.813e+02  1.709e-03 -8.211e-03  3.671e-07 -7.518e-03 
 -2.255e-09  5.465e-09  1.709e-03  1.481e-06  1.917e-08 -4.640e-13 -8.361e-08 
 -2.227e-08 -3.336e-08 -8.211e-03  1.917e-08  1.671e-06 -6.741e-12  1.202e-07 
 -4.141e-15 -2.307e-15  3.671e-07 -4.640e-13 -6.741e-12  1.663e-13 -5.132e-12 
  1.964e-08 -8.888e-09 -7.518e-03 -8.361e-08  1.202e-07 -5.132e-12  1.747e-06 
 PARAMETER  CORRELATION COEFFICIENTS  
       NO.  GLOBAL      8      9     20     21     22     23     24
        8  0.18240   1.000 -0.056  0.014 -0.013 -0.121 -0.000  0.104
        9  0.23090  -0.056  1.000  0.170  0.032 -0.182 -0.000 -0.047
       20  0.44058   0.014  0.170  1.000  0.072 -0.325  0.046 -0.291
       21  0.09075  -0.013  0.032  0.072  1.000  0.012 -0.001 -0.052
       22  0.37314  -0.121 -0.182 -0.325  0.012  1.000 -0.013  0.070
       23  0.04718  -0.000 -0.000  0.046 -0.001 -0.013  1.000 -0.010
       24  0.31254   0.104 -0.047 -0.291 -0.052  0.070 -0.010  1.000
MINUIT - FIT wiggle + 1-CBO + 2-CBO
 **********
 **   42 **RES 
 **********
                   PARAMETER   16  beta_vw RESTORED TO VARIABLE.
                   PARAMETER   14  alpha_vw RESTORED TO VARIABLE.
                   PARAMETER   13  beta_y RESTORED TO VARIABLE.
                   PARAMETER   11  alpha_y RESTORED TO VARIABLE.
                   PARAMETER   10  beta_2CBO RESTORED TO VARIABLE.
                   PARAMETER    6  alpha_CBO RESTORED TO VARIABLE.
                   PARAMETER    4  phi RESTORED TO VARIABLE.
                   PARAMETER    3  A0 RESTORED TO VARIABLE.
                   PARAMETER    1  N0 RESTORED TO VARIABLE.
 **********
 **   43 **FIX           10
 **********
 **********
 **   44 **FIX           11
 **********
 **********
 **   45 **FIX           12
 **********
 PARAMETER   12  IS CONSTANT.   IGNORED.
 **********
 **   46 **FIX           13
 **********
 **********
 **   47 **FIX           14
 **********
 **********
 **   48 **FIX           15
 **********
 PARAMETER   15  IS CONSTANT.   IGNORED.
 **********
 **   49 **FIX           16
 **********
 **********
 **   50 **MIGRAD
 **********
 START MIGRAD MINIMIZATION.  STRATEGY  1.  CONVERGENCE WHEN EDM .LT. 1.00e-04
 FCN=65.9283 FROM MIGRAD    STATUS=INITIATE       22 CALLS        1300 TOTAL
                     EDM= unknown      STRATEGY= 1      NO ERROR MATRIX       
  EXT PARAMETER               CURRENT GUESS       STEP         FIRST   
  NO.   NAME      VALUE            ERROR          SIZE      DERIVATIVE 
   1  N0           3.16115e+06   3.28258e+02   3.28258e+02   6.42600e-04
   2  tau          6.43989e+01   constant   
   3  A0           3.42835e-01   1.38852e-04   1.38852e-04   5.40471e+02
   4  phi          4.11823e+00   3.93800e-04   3.93800e-04   1.45911e+03
   5  R           -6.14725e+01   constant   
   6  alpha_CBO    5.59097e-03   1.42579e-04   1.42579e-04  -5.94574e+02
   7  w_CBO        2.32500e+00   constant   
   8  beta_CBO    -1.75383e-04   1.42403e-04   5.59302e-07  -1.90635e+00
   9  alpha_2CBO   1.03610e-04   1.41678e-04   5.50657e-07  -2.74337e+00
  10  beta_2CBO    1.47132e-04     fixed    
  11  alpha_y      0.00000e+00     fixed    
  12  w_y          1.38860e+01   constant   
  13  beta_y       7.14201e-04     fixed    
  14  alpha_vw     0.00000e+00     fixed    
  15  w_vw         1.43404e+01   constant   
  16  beta_vw      0.00000e+00     fixed    
  17  LM          -2.06090e-04   constant   
  18  zeta_y       0.00000e+00   constant   
  19  zeta_vw      0.00000e+00   constant   
  20  T_CBO        1.34285e+02   1.95162e+01   2.05144e-04   1.45138e-02
  21  alpha_A0     1.92148e-04   1.21387e-03   4.84545e-04  -4.54036e-03
  22  beta_A0      3.07768e-03   1.28887e-03   5.04226e-04   2.92179e-03
  23  alpha_phi    9.99998e-03   1.56703e-02   6.41311e-03  -1.35074e-03
  24  beta_phi     2.23464e-03   1.31762e-03   5.14846e-04   6.77486e-03
 MIGRAD MINIMIZATION HAS CONVERGED.
 MIGRAD WILL VERIFY CONVERGENCE AND ERROR MATRIX.
 COVARIANCE MATRIX CALCULATED SUCCESSFULLY
 FCN=65.8417 FROM MIGRAD    STATUS=CONVERGED     217 CALLS        1495 TOTAL
                     EDM=1.30103e-05    STRATEGY= 1      ERROR MATRIX ACCURATE 
  EXT PARAMETER                                   STEP         FIRST   
  NO.   NAME      VALUE            ERROR          SIZE      DERIVATIVE 
   1  N0           3.16113e+06   3.28205e+02   1.50735e+00  -8.07060e-07
   2  tau          6.43989e+01   constant   
   3  A0           3.42829e-01   1.38191e-04   5.16193e-07   1.28351e+01
   4  phi          4.11812e+00   3.95279e-04   1.96367e-06  -1.68628e+00
   5  R           -6.14725e+01   constant   
   6  alpha_CBO    5.59387e-03   1.42862e-04   5.37002e-07   1.13626e+01
   7  w_CBO        2.32500e+00   constant   
   8  beta_CBO    -1.83875e-04   1.45310e-04   5.58945e-07  -4.34309e+00
   9  alpha_2CBO   1.07092e-04   1.42373e-04   5.50306e-07   6.50395e+00
  10  beta_2CBO    1.47132e-04     fixed    
  11  alpha_y      0.00000e+00     fixed    
  12  w_y          1.38860e+01   constant   
  13  beta_y       7.14201e-04     fixed    
  14  alpha_vw     0.00000e+00     fixed    
  15  w_vw         1.43404e+01   constant   
  16  beta_vw      0.00000e+00     fixed    
  17  LM          -2.06090e-04   constant   
  18  zeta_y       0.00000e+00   constant   
  19  zeta_vw      0.00000e+00   constant   
  20  T_CBO        1.34437e+02   2.03212e+01   2.05404e-04  -5.88411e-02
  21  alpha_A0     2.00843e-04   1.24600e-03   4.83528e-04   8.39402e-03
  22  beta_A0      3.07632e-03   1.29833e-03   5.02914e-04   1.46882e-02
  23  alpha_phi    1.00000e-02   1.52946e-02   6.51645e-03** at limit **
  24  beta_phi     2.22026e-03   1.35416e-03   5.13774e-04  -8.60059e-03
 EXTERNAL ERROR MATRIX.    NDIM=  25    NPAR= 11    ERR DEF=1
  1.077e+05 
  3.373e-03  1.910e-08 
 -2.228e-02  2.541e-09  1.562e-07 
  3.183e-03  5.038e-09  1.215e-09  2.041e-08 
  1.227e-03  6.069e-10  1.087e-08  2.381e-10  2.111e-08 
 -1.781e-03 -3.183e-10 -3.397e-09  1.026e-09 -1.424e-09  2.027e-08 
  1.492e+03 -3.191e-04 -7.339e-04  1.687e-04  1.711e-05  4.751e-04  4.134e+02 
  1.304e-02 -2.011e-08 -2.478e-08 -3.787e-08 -4.039e-09  3.960e-09  1.940e-03  1.561e-06 
  5.030e-02  3.078e-09 -2.162e-08 -6.097e-09 -2.245e-08 -3.439e-08 -7.611e-03  3.876e-08  1.696e-06 
 -4.379e-09  1.230e-14  1.701e-14  2.473e-15 -4.370e-16 -1.544e-15  1.562e-07 -2.164e-13 -2.870e-12  3.170e-14 
 -2.325e-02  4.227e-08  1.933e-08  1.324e-08  2.116e-08 -9.068e-09 -8.630e-03 -1.380e-07  1.104e-07 -2.143e-12  1.846e-06 
 PARAMETER  CORRELATION COEFFICIENTS  
       NO.  GLOBAL      1      3      4      6      8      9     20     21     22     23     24
        1  0.35607   1.000  0.074 -0.172  0.068  0.026 -0.038  0.224  0.032  0.118 -0.000 -0.052
        3  0.35279   0.074  1.000  0.047  0.255  0.030 -0.016 -0.114 -0.117  0.017  0.001  0.225
        4  0.27668  -0.172  0.047  1.000  0.022  0.189 -0.060 -0.091 -0.050 -0.042  0.000  0.036
        6  0.33673   0.068  0.255  0.022  1.000  0.011  0.050  0.058 -0.212 -0.033  0.000  0.068
        8  0.26748   0.026  0.030  0.189  0.011  1.000 -0.069  0.006 -0.022 -0.119 -0.000  0.107
        9  0.25003  -0.038 -0.016 -0.060  0.050 -0.069  1.000  0.164  0.022 -0.185 -0.000 -0.047
       20  0.50433   0.224 -0.114 -0.091  0.058  0.006  0.164  1.000  0.076 -0.287  0.043 -0.312
       21  0.24628   0.032 -0.117 -0.050 -0.212 -0.022  0.022  0.076  1.000  0.024 -0.001 -0.081
       22  0.39154   0.118  0.017 -0.042 -0.033 -0.119 -0.185 -0.287  0.024  1.000 -0.012  0.062
       23  0.04603  -0.000  0.001  0.000  0.000 -0.000 -0.000  0.043 -0.001 -0.012  1.000 -0.009
       24  0.38414  -0.052  0.225  0.036  0.068  0.107 -0.047 -0.312 -0.081  0.062 -0.009  1.000
MINUIT - FIT ONLY 1-y
 **********
 **   51 **RES 
 **********
                   PARAMETER   16  beta_vw RESTORED TO VARIABLE.
                   PARAMETER   14  alpha_vw RESTORED TO VARIABLE.
                   PARAMETER   13  beta_y RESTORED TO VARIABLE.
                   PARAMETER   11  alpha_y RESTORED TO VARIABLE.
                   PARAMETER   10  beta_2CBO RESTORED TO VARIABLE.
 **********
 **   52 **FIX            0
 **********
 PARAMETER    0  IS UNDEFINED. IGNORED.
 **********
 **   53 **FIX            1
 **********
 **********
 **   54 **FIX            2
 **********
 PARAMETER    2  IS CONSTANT.   IGNORED.
 **********
 **   55 **FIX            3
 **********
 **********
 **   56 **FIX            4
 **********
 **********
 **   57 **FIX            5
 **********
 PARAMETER    5  IS CONSTANT.   IGNORED.
 **********
 **   58 **FIX            6
 **********
 **********
 **   59 **FIX            7
 **********
 PARAMETER    7  IS CONSTANT.   IGNORED.
 **********
 **   60 **FIX            8
 **********
 **********
 **   61 **FIX            9
 **********
 **********
 **   62 **FIX           13
 **********
 **********
 **   63 **FIX           14
 **********
 **********
 **   64 **FIX           15
 **********
 PARAMETER   15  IS CONSTANT.   IGNORED.
 **********
 **   65 **FIX           16
 **********
 **********
 **   66 **MIGRAD
 **********
 START MIGRAD MINIMIZATION.  STRATEGY  1.  CONVERGENCE WHEN EDM .LT. 1.00e-04
 FCN=65.8417 FROM MIGRAD    STATUS=INITIATE       16 CALLS        1511 TOTAL
                     EDM= unknown      STRATEGY= 1      NO ERROR MATRIX       
  EXT PARAMETER               CURRENT GUESS       STEP         FIRST   
  NO.   NAME      VALUE            ERROR          SIZE      DERIVATIVE 
   1  N0           3.16113e+06     fixed    
   2  tau          6.43989e+01   constant   
   3  A0           3.42829e-01     fixed    
   4  phi          4.11812e+00     fixed    
   5  R           -6.14725e+01   constant   
   6  alpha_CBO    5.59387e-03     fixed    
   7  w_CBO        2.32500e+00   constant   
   8  beta_CBO    -1.83875e-04     fixed    
   9  alpha_2CBO   1.07092e-04     fixed    
  10  beta_2CBO    1.47132e-04   1.37235e-04   1.37235e-04   5.10228e+02
  11  alpha_y      0.00000e+00   1.00000e-03   1.00000e-03   1.66287e+04
  12  w_y          1.38860e+01   constant   
  13  beta_y       7.14201e-04     fixed    
  14  alpha_vw     0.00000e+00     fixed    
  15  w_vw         1.43404e+01   constant   
  16  beta_vw      0.00000e+00     fixed    
  17  LM          -2.06090e-04   constant   
  18  zeta_y       0.00000e+00   constant   
  19  zeta_vw      0.00000e+00   constant   
  20  T_CBO        1.34437e+02   2.03212e+01   2.05404e-04  -5.94800e-02
  21  alpha_A0     2.00843e-04   1.24600e-03   4.83528e-04   8.41738e-03
  22  beta_A0      3.07632e-03   1.29833e-03   5.02914e-04   1.46761e-02
  23  alpha_phi    9.99998e-03   1.52946e-02   6.51645e-03  -1.47750e-03
  24  beta_phi     2.22026e-03   1.35416e-03   5.13774e-04  -8.62680e-03
 MIGRAD MINIMIZATION HAS CONVERGED.
 MIGRAD WILL VERIFY CONVERGENCE AND ERROR MATRIX.
 COVARIANCE MATRIX CALCULATED SUCCESSFULLY
 FCN=64.5201 FROM MIGRAD    STATUS=CONVERGED     128 CALLS        1623 TOTAL
                     EDM=8.69624e-07    STRATEGY= 1      ERROR MATRIX ACCURATE 
  EXT PARAMETER                                   STEP         FIRST   
  NO.   NAME      VALUE            ERROR          SIZE      DERIVATIVE 
   1  N0           3.16113e+06     fixed    
   2  tau          6.43989e+01   constant   
   3  A0           3.42829e-01     fixed    
   4  phi          4.11812e+00     fixed    
   5  R           -6.14725e+01   constant   
   6  alpha_CBO    5.59387e-03     fixed    
   7  w_CBO        2.32500e+00   constant   
   8  beta_CBO    -1.83875e-04     fixed    
   9  alpha_2CBO   1.07092e-04     fixed    
  10  beta_2CBO    1.44749e-04   1.39496e-04   5.39603e-07   6.09787e+00
  11  alpha_y     -1.58842e-04   1.38264e-04   5.46229e-07   3.29953e+00
  12  w_y          1.38860e+01   constant   
  13  beta_y       7.14201e-04     fixed    
  14  alpha_vw     0.00000e+00     fixed    
  15  w_vw         1.43404e+01   constant   
  16  beta_vw      0.00000e+00     fixed    
  17  LM          -2.06090e-04   constant   
  18  zeta_y       0.00000e+00   constant   
  19  zeta_vw      0.00000e+00   constant   
  20  T_CBO        1.34908e+02   1.93365e+01   2.04234e-04  -9.72944e-03
  21  alpha_A0     2.09984e-04   1.21664e-03   4.77289e-04   4.15018e-03
  22  beta_A0      3.04734e-03   1.25074e-03   4.95928e-04  -4.51561e-03
  23  alpha_phi    1.00000e-02   1.54448e-02   6.58549e-03** at limit **
  24  beta_phi     2.20455e-03   1.32100e-03   5.06868e-04   7.90045e-04
 EXTERNAL ERROR MATRIX.    NDIM=  25    NPAR=  7    ERR DEF=1
  1.946e-08 -3.024e-10 -1.556e-05  1.950e-08  1.979e-09 -1.278e-15  2.998e-08 
 -3.024e-10  1.912e-08 -5.280e-05 -1.718e-09  3.168e-09  6.877e-17  1.003e-09 
 -1.556e-05 -5.280e-05  3.743e+02  1.551e-03 -7.306e-03  1.633e-07 -7.350e-03 
  1.950e-08 -1.718e-09  1.551e-03  1.488e-06  2.830e-08 -2.191e-13 -4.800e-08 
  1.979e-09  3.168e-09 -7.306e-03  2.830e-08  1.573e-06 -2.945e-12  1.282e-07 
 -1.278e-15  6.877e-17  1.633e-07 -2.191e-13 -2.945e-12  3.209e-14 -2.235e-12 
  2.998e-08  1.003e-09 -7.350e-03 -4.800e-08  1.282e-07 -2.235e-12  1.756e-06 
 PARAMETER  CORRELATION COEFFICIENTS  
       NO.  GLOBAL     10     11     20     21     22     23     24
       10  0.20524   1.000 -0.016 -0.006  0.115  0.011 -0.000  0.162
       11  0.02959  -0.016  1.000 -0.020 -0.010  0.018  0.000  0.005
       20  0.40913  -0.006 -0.020  1.000  0.066 -0.301  0.047 -0.287
       21  0.14169   0.115 -0.010  0.066  1.000  0.018 -0.001 -0.030
       22  0.30396   0.011  0.018 -0.301  0.018  1.000 -0.013  0.077
       23  0.04752  -0.000  0.000  0.047 -0.001 -0.013  1.000 -0.009
       24  0.33011   0.162  0.005 -0.287 -0.030  0.077 -0.009  1.000
MINUIT - FIT ONLY 2-y
 **********
 **   67 **RES 
 **********
                   PARAMETER   16  beta_vw RESTORED TO VARIABLE.
                   PARAMETER   14  alpha_vw RESTORED TO VARIABLE.
                   PARAMETER   13  beta_y RESTORED TO VARIABLE.
                   PARAMETER    9  alpha_2CBO RESTORED TO VARIABLE.
                   PARAMETER    8  beta_CBO RESTORED TO VARIABLE.
                   PARAMETER    6  alpha_CBO RESTORED TO VARIABLE.
                   PARAMETER    4  phi RESTORED TO VARIABLE.
                   PARAMETER    3  A0 RESTORED TO VARIABLE.
                   PARAMETER    1  N0 RESTORED TO VARIABLE.
 **********
 **   68 **FIX            0
 **********
 PARAMETER    0  IS UNDEFINED. IGNORED.
 **********
 **   69 **FIX            1
 **********
 **********
 **   70 **FIX            2
 **********
 PARAMETER    2  IS CONSTANT.   IGNORED.
 **********
 **   71 **FIX            3
 **********
 **********
 **   72 **FIX            4
 **********
 **********
 **   73 **FIX            5
 **********
 PARAMETER    5  IS CONSTANT.   IGNORED.
 **********
 **   74 **FIX            6
 **********
 **********
 **   75 **FIX            7
 **********
 PARAMETER    7  IS CONSTANT.   IGNORED.
 **********
 **   76 **FIX            8
 **********
 **********
 **   77 **FIX            9
 **********
 **********
 **   78 **FIX           10
 **********
 **********
 **   79 **FIX           11
 **********
 **********
 **   80 **FIX           12
 **********
 PARAMETER   12  IS CONSTANT.   IGNORED.
 **********
 **   81 **FIX           16
 **********
 **********
 **   82 **MIGRAD
 **********
 START MIGRAD MINIMIZATION.  STRATEGY  1.  CONVERGENCE WHEN EDM .LT. 1.00e-04
 FCN=64.5201 FROM MIGRAD    STATUS=INITIATE       16 CALLS        1639 TOTAL
                     EDM= unknown      STRATEGY= 1      NO ERROR MATRIX       
  EXT PARAMETER               CURRENT GUESS       STEP         FIRST   
  NO.   NAME      VALUE            ERROR          SIZE      DERIVATIVE 
   1  N0           3.16113e+06     fixed    
   2  tau          6.43989e+01   constant   
   3  A0           3.42829e-01     fixed    
   4  phi          4.11812e+00     fixed    
   5  R           -6.14725e+01   constant   
   6  alpha_CBO    5.59387e-03     fixed    
   7  w_CBO        2.32500e+00   constant   
   8  beta_CBO    -1.83875e-04     fixed    
   9  alpha_2CBO   1.07092e-04     fixed    
  10  beta_2CBO    1.44749e-04     fixed    
  11  alpha_y     -1.58842e-04     fixed    
  12  w_y          1.38860e+01   constant   
  13  beta_y       7.14201e-04   1.36837e-04   1.36837e-04   9.75357e+01
  14  alpha_vw     0.00000e+00   1.00000e-03   1.00000e-03   3.54681e+04
  15  w_vw         1.43404e+01   constant   
  16  beta_vw      0.00000e+00     fixed    
  17  LM          -2.06090e-04   constant   
  18  zeta_y       0.00000e+00   constant   
  19  zeta_vw      0.00000e+00   constant   
  20  T_CBO        1.34908e+02   1.93365e+01   2.04234e-04  -1.03668e-02
  21  alpha_A0     2.09984e-04   1.21664e-03   4.77289e-04   4.17377e-03
  22  beta_A0      3.04734e-03   1.25074e-03   4.95928e-04  -4.52801e-03
  23  alpha_phi    9.99998e-03   1.54448e-02   6.58549e-03  -1.42477e-03
  24  beta_phi     2.20455e-03   1.32100e-03   5.06868e-04   7.63764e-04
 MIGRAD MINIMIZATION HAS CONVERGED.
 MIGRAD WILL VERIFY CONVERGENCE AND ERROR MATRIX.
 COVARIANCE MATRIX CALCULATED SUCCESSFULLY
 FCN=58.2245 FROM MIGRAD    STATUS=CONVERGED     131 CALLS        1754 TOTAL
                     EDM=5.47929e-06    STRATEGY= 1      ERROR MATRIX ACCURATE 
  EXT PARAMETER                                   STEP         FIRST   
  NO.   NAME      VALUE            ERROR          SIZE      DERIVATIVE 
   1  N0           3.16113e+06     fixed    
   2  tau          6.43989e+01   constant   
   3  A0           3.42829e-01     fixed    
   4  phi          4.11812e+00     fixed    
   5  R           -6.14725e+01   constant   
   6  alpha_CBO    5.59387e-03     fixed    
   7  w_CBO        2.32500e+00   constant   
   8  beta_CBO    -1.83875e-04     fixed    
   9  alpha_2CBO   1.07092e-04     fixed    
  10  beta_2CBO    1.44749e-04     fixed    
  11  alpha_y     -1.58842e-04     fixed    
  12  w_y          1.38860e+01   constant   
  13  beta_y       7.96439e-04   1.40262e-04   5.11921e-07   2.75760e+00
  14  alpha_vw    -3.55169e-04   1.41575e-04   5.16765e-07   5.81580e+00
  15  w_vw         1.43404e+01   constant   
  16  beta_vw      0.00000e+00     fixed    
  17  LM          -2.06090e-04   constant   
  18  zeta_y       0.00000e+00   constant   
  19  zeta_vw      0.00000e+00   constant   
  20  T_CBO        1.33974e+02   1.91801e+01   1.93008e-04   5.46256e-02
  21  alpha_A0     1.86495e-04   1.21563e-03   4.56244e-04   1.82603e-03
  22  beta_A0      3.10796e-03   1.25988e-03   4.74907e-04   1.25259e-02
  23  alpha_phi    1.00000e-02   1.55680e-02   6.40529e-03** at limit **
  24  beta_phi     2.17801e-03   1.31073e-03   4.84139e-04  -3.55929e-03
 EXTERNAL ERROR MATRIX.    NDIM=  25    NPAR=  7    ERR DEF=1
  1.967e-08 -4.691e-09 -9.268e-06  5.249e-10  6.338e-10 -1.758e-16 -5.428e-09 
 -4.691e-09  2.004e-08  5.397e-05  1.327e-09 -3.409e-09  6.330e-17  1.468e-09 
 -9.268e-06  5.397e-05  3.683e+02  1.617e-03 -7.426e-03  6.117e-08 -7.252e-03 
  5.249e-10  1.327e-09  1.617e-03  1.485e-06  2.493e-08 -7.340e-14 -7.989e-08 
  6.338e-10 -3.409e-09 -7.426e-03  2.493e-08  1.597e-06 -1.141e-12  1.279e-07 
 -1.758e-16  6.330e-17  6.117e-08 -7.340e-14 -1.141e-12  4.702e-15 -8.401e-13 
 -5.428e-09  1.468e-09 -7.252e-03 -7.989e-08  1.279e-07 -8.401e-13  1.728e-06 
 PARAMETER  CORRELATION COEFFICIENTS  
       NO.  GLOBAL     13     14     20     21     22     23     24
       13  0.23795   1.000 -0.236 -0.003  0.003  0.004 -0.000 -0.029
       14  0.23756  -0.236  1.000  0.020  0.008 -0.019  0.000  0.008
       20  0.41161  -0.003  0.020  1.000  0.069 -0.306  0.046 -0.287
       21  0.08576   0.003  0.008  0.069  1.000  0.016 -0.001 -0.050
       22  0.30898   0.004 -0.019 -0.306  0.016  1.000 -0.013  0.077
       23  0.04687  -0.000  0.000  0.046 -0.001 -0.013  1.000 -0.009
       24  0.29088  -0.029  0.008 -0.287 -0.050  0.077 -0.009  1.000
MINUIT - FIT ALTOGETHER
 **********
 **   83 **RES 
