 + ++++++++++++++++++++++++++++++++++++++++++++++++++++++++++++++++++++ +
 +                                                                      +
 +           You have chose to blind your fitting according to          +
 +                omega_ref * (1 + (R +/- deltaR) *10^{-6})             +
 +                                                                      +
 + ++++++++++++++++++++++++++++++++++++++++++++++++++++++++++++++++++++ +
In main()...
reading format from /gm2data/zkhechad/run45/envelope/formats/formatB_sBin_constraintOn.txt
pBinTau 	= 0  
pBinPhi 	= 0  
constraintau 	= 1 
includeMopTerm 	= 0    
constrainMop    = 0   
Parameters after format file: pBinTau 0 pBinPhi 0 constraintau 1 includeMopTerm 0 constrainMop 0 c_e_scale 0.000000 
Opening file /gm2data/tbarrett/gm2fr/studies/run23_bunch_corrections/CorrectedFourier_Run3b.root.
reading full fit data from /gm2data/zkhechad/cboTemplates/Run4CBOTemplates/fullFits/noRF/sBin_constraintOn_cE0.0_seed0_noRF_calo7.root
windowBins = 69
fitting sliding window 2520 from bin 2656 at 396.126000 to bin 2725 at 406.570000 (69 bins)

Reading data from /gm2data/cornell/histograms/aMethod/histogram_a_noRF.root
 **********
 **    1 **SET PRINTOUT            1
 **********
 **********
 **    2 **SET NOWARNINGS 
 **********
 PARAMETER DEFINITIONS:
    NO.   NAME         VALUE      STEP SIZE      LIMITS
     1 N0           3.03443e+06  1.00000e+02     no limits
     2 tau          6.44117e+01  constant
     3 A0           3.50188e-01  1.00000e-04     no limits
     4 phi          4.11726e+00  1.00000e-02     no limits
     5 R           -6.15857e+01  constant
     6 alpha_CBO    0.00000e+00  1.00000e-03     no limits
     7 w_CBO        2.32500e+00  constant
     8 beta_CBO     0.00000e+00  1.00000e-03     no limits
     9 alpha_2CBO   0.00000e+00  1.00000e-03     no limits
    10 beta_2CBO    0.00000e+00  1.00000e-03     no limits
    11 alpha_y      0.00000e+00  1.00000e-03     no limits
    12 w_y          1.38860e+01  constant
    13 beta_y       0.00000e+00  1.00000e-03     no limits
    14 alpha_vw     0.00000e+00  1.00000e-03     no limits
    15 w_vw         1.43404e+01  constant
    16 beta_vw      0.00000e+00  1.00000e-03     no limits
    17 LM           1.09700e-04  constant
    18 zeta_y       0.00000e+00  constant
    19 zeta_vw      0.00000e+00  constant
    20 T_CBO        1.00000e+02  1.00000e+00    0.00000e+00  1.00000e+03
    21 alpha_A0     0.00000e+00  1.00000e-03     no limits
    22 beta_A0      0.00000e+00  1.00000e-03     no limits
    23 alpha_phi    0.00000e+00  1.00000e-03     no limits
    24 beta_phi     0.00000e+00  1.00000e-03     no limits
MINUIT - FIT ONLY WIGGLE
 **********
 **    3 **FIX            5
 **********
 PARAMETER    5  IS CONSTANT.   IGNORED.
 **********
 **    4 **FIX            6
 **********
 **********
 **    5 **FIX            7
 **********
 PARAMETER    7  IS CONSTANT.   IGNORED.
 **********
 **    6 **FIX            8
 **********
 **********
 **    7 **FIX            9
 **********
 **********
 **    8 **FIX           10
 **********
 **********
 **    9 **FIX           11
 **********
 **********
 **   10 **FIX           12
 **********
 PARAMETER   12  IS CONSTANT.   IGNORED.
 **********
 **   11 **FIX           13
 **********
 **********
 **   12 **FIX           14
 **********
 **********
 **   13 **FIX           15
 **********
 PARAMETER   15  IS CONSTANT.   IGNORED.
 **********
 **   14 **FIX           16
 **********
 **********
 **   15 **MIGRAD
 **********
 FIRST CALL TO USER FUNCTION AT NEW START POINT, WITH IFLAG=4.
 START MIGRAD MINIMIZATION.  STRATEGY  1.  CONVERGENCE WHEN EDM .LT. 1.00e-04
 FCN=109.226 FROM MIGRAD    STATUS=INITIATE      437 CALLS         438 TOTAL
                     EDM= unknown      STRATEGY= 1      NO ERROR MATRIX       
  EXT PARAMETER               CURRENT GUESS       STEP         FIRST   
  NO.   NAME      VALUE            ERROR          SIZE      DERIVATIVE 
   1  N0           3.03443e+06   1.00000e+02   0.00000e+00   1.09784e-03
   2  tau          6.44117e+01   constant   
   3  A0           3.50188e-01   1.00000e-04   0.00000e+00  -3.32745e+03
   4  phi          4.11726e+00   1.00000e-02   0.00000e+00   7.98695e+02
   5  R           -6.15857e+01   constant   
   6  alpha_CBO    0.00000e+00     fixed    
   7  w_CBO        2.32500e+00   constant   
   8  beta_CBO     0.00000e+00     fixed    
   9  alpha_2CBO   0.00000e+00     fixed    
  10  beta_2CBO    0.00000e+00     fixed    
  11  alpha_y      0.00000e+00     fixed    
  12  w_y          1.38860e+01   constant   
  13  beta_y       0.00000e+00     fixed    
  14  alpha_vw     0.00000e+00     fixed    
  15  w_vw         1.43404e+01   constant   
  16  beta_vw      0.00000e+00     fixed    
  17  LM           1.09700e-04   constant   
  18  zeta_y       0.00000e+00   constant   
  19  zeta_vw      0.00000e+00   constant   
  20  T_CBO        1.00000e+02   1.00000e+00   0.00000e+00   0.00000e+00
  21  alpha_A0     0.00000e+00   1.00000e-03   0.00000e+00  -6.69433e+00
  22  beta_A0      0.00000e+00   1.00000e-03   0.00000e+00   1.55946e+01
  23  alpha_phi    0.00000e+00   1.00000e-03   0.00000e+00  -1.18229e-01
  24  beta_phi     0.00000e+00   1.00000e-03   0.00000e+00   6.71549e+00
 CALL LIMIT EXCEEDED IN MIGRAD.
 MIGRAD TERMINATED WITHOUT CONVERGENCE.
 FCN=91.1401 FROM MIGRAD    STATUS=CALL LIMIT   1330 CALLS        1331 TOTAL
                     EDM=0.00553674    STRATEGY= 1  ERROR MATRIX UNCERTAINTY   0.6 per cent
  EXT PARAMETER                APPROXIMATE        STEP         FIRST   
  NO.   NAME      VALUE            ERROR          SIZE      DERIVATIVE 
   1  N0           3.02867e+06   3.04352e+03   1.26858e+01   7.69941e-06
   2  tau          6.44117e+01   constant   
   3  A0           3.53200e-01   1.27705e-03  -4.56003e-06   6.66416e+00
   4  phi          4.11422e+00   3.65126e-03   9.33358e-06   4.46114e-01
   5  R           -6.15857e+01   constant   
   6  alpha_CBO    0.00000e+00     fixed    
   7  w_CBO        2.32500e+00   constant   
   8  beta_CBO     0.00000e+00     fixed    
   9  alpha_2CBO   0.00000e+00     fixed    
  10  beta_2CBO    0.00000e+00     fixed    
  11  alpha_y      0.00000e+00     fixed    
  12  w_y          1.38860e+01   constant   
  13  beta_y       0.00000e+00     fixed    
  14  alpha_vw     0.00000e+00     fixed    
  15  w_vw         1.43404e+01   constant   
  16  beta_vw      0.00000e+00     fixed    
  17  LM           1.09700e-04   constant   
  18  zeta_y       0.00000e+00   constant   
  19  zeta_vw      0.00000e+00   constant   
  20  T_CBO        2.33860e+02   1.59732e+02   6.11922e-03   7.98317e-02
  21  alpha_A0     3.74780e-02   4.64023e-02  -7.26372e-06   8.25815e-01
  22  beta_A0     -7.63575e-02   1.01122e-01   9.20089e-04   1.76002e-02
  23  alpha_phi   -2.53299e-02   3.31004e-02   5.29190e-04  -1.01797e+00
  24  beta_phi    -4.47478e-02   5.77719e-02   1.72171e-04  -3.14768e-01
 EXTERNAL ERROR MATRIX.    NDIM=  25    NPAR=  8    ERR DEF=1
  9.263e+06  8.895e-02 -1.633e+00  1.104e+05 -4.733e+01  6.999e+01  3.756e+01  5.799e+01 
  8.895e-02  1.631e-06  2.119e-07  5.258e-02 -1.657e-05  2.835e-05  1.414e-06  1.189e-05 
 -1.633e+00  2.119e-07  1.333e-05  1.800e-02  3.116e-06  6.418e-06  4.859e-06 -1.253e-06 
  1.104e+05  5.258e-02  1.800e-02  2.683e+04 -5.676e+00  1.567e+01  2.312e+00  7.936e+00 
 -4.733e+01 -1.657e-05  3.116e-06 -5.676e+00  2.153e-03 -3.275e-03 -2.076e-04 -1.436e-03 
  6.999e+01  2.835e-05  6.418e-06  1.567e+01 -3.275e-03  1.023e-02  1.397e-03  4.695e-03 
  3.756e+01  1.414e-06  4.859e-06  2.312e+00 -2.076e-04  1.397e-03  1.096e-03  8.529e-04 
  5.799e+01  1.189e-05 -1.253e-06  7.936e+00 -1.436e-03  4.695e-03  8.529e-04  3.338e-03 
ERR MATRIX APPROXIMATE
 PARAMETER  CORRELATION COEFFICIENTS  
       NO.  GLOBAL      1      3      4     20     21     22     23     24
        1  0.61802   1.000  0.023 -0.147  0.222 -0.335  0.227  0.373  0.330
        3  0.30362   0.023  1.000  0.045  0.251 -0.280  0.220  0.033  0.161
        4  0.18847  -0.147  0.045  1.000  0.030  0.018  0.017  0.040 -0.006
       20  0.96857   0.222  0.251  0.030  1.000 -0.747  0.946  0.427  0.839
       21  0.83920  -0.335 -0.280  0.018 -0.747  1.000 -0.698 -0.135 -0.536
       22  0.94639   0.227  0.220  0.017  0.946 -0.698  1.000  0.417  0.804
       23  0.63346   0.373  0.033  0.040  0.427 -0.135  0.417  1.000  0.446
       24  0.87131   0.330  0.161 -0.006  0.839 -0.536  0.804  0.446  1.000
 ERR MATRIX APPROXIMATE
MINUIT - FIT ONLY 1-CBO + wiggle
 **********
 **   16 **RES 
 **********
                   PARAMETER   16  beta_vw RESTORED TO VARIABLE.
                   PARAMETER   14  alpha_vw RESTORED TO VARIABLE.
                   PARAMETER   13  beta_y RESTORED TO VARIABLE.
                   PARAMETER   11  alpha_y RESTORED TO VARIABLE.
                   PARAMETER   10  beta_2CBO RESTORED TO VARIABLE.
                   PARAMETER    9  alpha_2CBO RESTORED TO VARIABLE.
                   PARAMETER    8  beta_CBO RESTORED TO VARIABLE.
                   PARAMETER    6  alpha_CBO RESTORED TO VARIABLE.
 **********
 **   17 **FIX            8
 **********
 **********
 **   18 **FIX            9
 **********
 **********
 **   19 **FIX           11
 **********
 **********
 **   20 **FIX           12
 **********
 PARAMETER   12  IS CONSTANT.   IGNORED.
 **********
 **   21 **FIX           14
 **********
 **********
 **   22 **FIX           15
 **********
 PARAMETER   15  IS CONSTANT.   IGNORED.
 **********
 **   23 **FIX           16
 **********
 **********
 **   24 **MIGRAD
 **********
 START MIGRAD MINIMIZATION.  STRATEGY  1.  CONVERGENCE WHEN EDM .LT. 1.00e-04
 FCN=91.1401 FROM MIGRAD    STATUS=INITIATE       26 CALLS        1357 TOTAL
                     EDM= unknown      STRATEGY= 1      NO ERROR MATRIX       
  EXT PARAMETER               CURRENT GUESS       STEP         FIRST   
  NO.   NAME      VALUE            ERROR          SIZE      DERIVATIVE 
   1  N0           3.02867e+06   3.04352e+03   1.26858e+01   7.69941e-06
   2  tau          6.44117e+01   constant   
   3  A0           3.53200e-01   1.27705e-03  -4.56003e-06   6.66416e+00
   4  phi          4.11422e+00   3.65126e-03   9.33358e-06   4.46114e-01
   5  R           -6.15857e+01   constant   
   6  alpha_CBO    0.00000e+00   1.00000e-03   1.00000e-03  -9.64103e+02
   7  w_CBO        2.32500e+00   constant   
   8  beta_CBO     0.00000e+00     fixed    
   9  alpha_2CBO   0.00000e+00     fixed    
  10  beta_2CBO    0.00000e+00   1.00000e-03   1.00000e-03   1.93776e+03
  11  alpha_y      0.00000e+00     fixed    
  12  w_y          1.38860e+01   constant   
  13  beta_y       0.00000e+00   1.00000e-03   1.00000e-03  -2.81528e+02
  14  alpha_vw     0.00000e+00     fixed    
  15  w_vw         1.43404e+01   constant   
  16  beta_vw      0.00000e+00     fixed    
  17  LM           1.09700e-04   constant   
  18  zeta_y       0.00000e+00   constant   
  19  zeta_vw      0.00000e+00   constant   
  20  T_CBO        2.33860e+02   1.59732e+02   6.11922e-03   7.98317e-02
  21  alpha_A0     3.74780e-02   4.64023e-02  -7.26372e-06   8.25816e-01
  22  beta_A0     -7.63575e-02   1.01122e-01   9.20089e-04   1.76003e-02
  23  alpha_phi   -2.53299e-02   3.31004e-02   5.29190e-04  -1.01797e+00
  24  beta_phi    -4.47478e-02   5.77719e-02   1.72171e-04  -3.14768e-01
 MIGRAD MINIMIZATION HAS CONVERGED.
 FCN=88.9531 FROM MIGRAD    STATUS=CONVERGED    1242 CALLS        2573 TOTAL
                     EDM=4.2652e-06    STRATEGY= 1  ERROR MATRIX UNCERTAINTY   1.2 per cent
  EXT PARAMETER                                   STEP         FIRST   
  NO.   NAME      VALUE            ERROR          SIZE      DERIVATIVE 
   1  N0           3.02871e+06   2.84246e+03  -2.80885e+00  -1.27846e-07
   2  tau          6.44117e+01   constant   
   3  A0           3.53344e-01   1.30659e-03  -6.98752e-08   2.27117e-01
   4  phi          4.11396e+00   3.57129e-03   3.11688e-07   1.71358e-01
   5  R           -6.15857e+01   constant   
   6  alpha_CBO    8.52234e-04   1.35372e-03   1.63232e-06  -6.59088e-02
   7  w_CBO        2.32500e+00   constant   
   8  beta_CBO     0.00000e+00     fixed    
   9  alpha_2CBO   0.00000e+00     fixed    
  10  beta_2CBO   -1.74464e-03   1.34351e-03   1.81641e-06   9.18996e-01
  11  alpha_y      0.00000e+00     fixed    
  12  w_y          1.38860e+01   constant   
  13  beta_y       1.99649e-04   1.33918e-03  -1.75486e-06  -1.02056e+00
  14  alpha_vw     0.00000e+00     fixed    
  15  w_vw         1.43404e+01   constant   
  16  beta_vw      0.00000e+00     fixed    
  17  LM           1.09700e-04   constant   
  18  zeta_y       0.00000e+00   constant   
  19  zeta_vw      0.00000e+00   constant   
  20  T_CBO        9.99904e+02   5.30389e+02   5.48581e-02  -2.41377e-04
  21  alpha_A0     8.78091e-03   8.06752e-03  -9.56740e-07  -3.01964e-01
  22  beta_A0     -1.96636e-02   8.20910e-03   2.65807e-05   3.30199e-01
  23  alpha_phi   -8.38343e-03   9.09476e-03  -6.54359e-06  -1.23042e-01
  24  beta_phi    -1.26751e-02   7.91825e-03   5.11504e-06   3.94633e-02
 EXTERNAL ERROR MATRIX.    NDIM=  25    NPAR= 11    ERR DEF=1
  8.080e+06 
  3.299e-01  1.707e-06 
 -6.219e-01  1.014e-07  1.275e-05 
 -2.344e-01  4.999e-08 -6.723e-07  1.833e-06 
 -1.803e-01 -1.037e-07 -2.214e-08  5.436e-08  1.805e-06 
  2.458e-02  2.053e-08  2.319e-09 -4.774e-08  2.739e-08  1.793e-06 
 -6.346e+03 -7.210e-04  3.110e-03  4.731e-03  6.198e-03 -6.112e-03  1.640e+04 
 -4.225e+00 -8.543e-08  2.093e-06 -8.176e-07  1.083e-06 -7.256e-07 -2.190e-01  6.508e-05 
  2.016e+00 -5.809e-07 -8.975e-07 -3.916e-07 -1.449e-06  3.535e-07  4.019e-01 -8.086e-06  6.739e-05 
  1.034e+00 -2.472e-06 -2.410e-07  6.733e-07  2.076e-06 -2.996e-07  1.766e-01 -3.616e-06  9.399e-06  8.271e-05 
  4.820e+00 -7.038e-07 -1.359e-06 -3.903e-07  4.330e-07 -3.775e-07  2.219e-01 -5.628e-06  8.109e-06  5.737e-06  6.270e-05 
 PARAMETER  CORRELATION COEFFICIENTS  
       NO.  GLOBAL      1      3      4      6     10     13     20     21     22     23     24
        1  0.33303   1.000  0.089 -0.061 -0.061 -0.047  0.006 -0.017 -0.184  0.086  0.040  0.214
        3  0.25702   0.089  1.000  0.022  0.028 -0.059  0.012 -0.004 -0.008 -0.054 -0.208 -0.068
        4  0.17633  -0.061  0.022  1.000 -0.139 -0.005  0.000  0.007  0.073 -0.031 -0.007 -0.048
        6  0.20172  -0.061  0.028 -0.139  1.000  0.030 -0.026  0.027 -0.075 -0.035  0.055 -0.036
       10  0.27160  -0.047 -0.059 -0.005  0.030  1.000  0.015  0.036  0.100 -0.131  0.170  0.041
       13  0.11596   0.006  0.012  0.000 -0.026  0.015  1.000 -0.036 -0.067  0.032 -0.025 -0.036
       20  0.48324  -0.017 -0.004  0.007  0.027  0.036 -0.036  1.000 -0.212  0.382  0.152  0.219
       21  0.32630  -0.184 -0.008  0.073 -0.075  0.100 -0.067 -0.212  1.000 -0.122 -0.049 -0.088
       22  0.43683   0.086 -0.054 -0.031 -0.035 -0.131  0.032  0.382 -0.122  1.000  0.126  0.125
       23  0.32435   0.040 -0.208 -0.007  0.055  0.170 -0.025  0.152 -0.049  0.126  1.000  0.080
       24  0.32893   0.214 -0.068 -0.048 -0.036  0.041 -0.036  0.219 -0.088  0.125  0.080  1.000
MINUIT - FIT ONLY 2-CBO
 **********
 **   25 **RES 
 **********
                   PARAMETER   16  beta_vw RESTORED TO VARIABLE.
                   PARAMETER   14  alpha_vw RESTORED TO VARIABLE.
                   PARAMETER   11  alpha_y RESTORED TO VARIABLE.
                   PARAMETER    9  alpha_2CBO RESTORED TO VARIABLE.
                   PARAMETER    8  beta_CBO RESTORED TO VARIABLE.
 **********
 **   26 **FIX            0
 **********
 PARAMETER    0  IS UNDEFINED. IGNORED.
 **********
 **   27 **FIX            1
 **********
 **********
 **   28 **FIX            2
 **********
 PARAMETER    2  IS CONSTANT.   IGNORED.
 **********
 **   29 **FIX            3
 **********
 **********
 **   30 **FIX            4
 **********
 **********
 **   31 **FIX            5
 **********
 PARAMETER    5  IS CONSTANT.   IGNORED.
 **********
 **   32 **FIX            6
 **********
 **********
 **   33 **FIX            7
 **********
 PARAMETER    7  IS CONSTANT.   IGNORED.
 **********
 **   34 **FIX           10
 **********
 **********
 **   35 **FIX           11
 **********
 **********
 **   36 **FIX           12
 **********
 PARAMETER   12  IS CONSTANT.   IGNORED.
 **********
 **   37 **FIX           13
 **********
 **********
 **   38 **FIX           14
 **********
 **********
 **   39 **FIX           15
 **********
 PARAMETER   15  IS CONSTANT.   IGNORED.
 **********
 **   40 **FIX           16
 **********
 **********
 **   41 **MIGRAD
 **********
 START MIGRAD MINIMIZATION.  STRATEGY  1.  CONVERGENCE WHEN EDM .LT. 1.00e-04
 FCN=88.9531 FROM MIGRAD    STATUS=INITIATE       18 CALLS        2591 TOTAL
                     EDM= unknown      STRATEGY= 1      NO ERROR MATRIX       
  EXT PARAMETER               CURRENT GUESS       STEP         FIRST   
  NO.   NAME      VALUE            ERROR          SIZE      DERIVATIVE 
   1  N0           3.02871e+06     fixed    
   2  tau          6.44117e+01   constant   
   3  A0           3.53344e-01     fixed    
   4  phi          4.11396e+00     fixed    
   5  R           -6.15857e+01   constant   
   6  alpha_CBO    8.52234e-04     fixed    
   7  w_CBO        2.32500e+00   constant   
   8  beta_CBO     0.00000e+00   1.00000e-03   1.00000e-03   4.07170e+03
   9  alpha_2CBO   0.00000e+00   1.00000e-03   1.00000e-03  -8.20099e+02
  10  beta_2CBO   -1.74464e-03     fixed    
  11  alpha_y      0.00000e+00     fixed    
  12  w_y          1.38860e+01   constant   
  13  beta_y       1.99649e-04     fixed    
  14  alpha_vw     0.00000e+00     fixed    
  15  w_vw         1.43404e+01   constant   
  16  beta_vw      0.00000e+00     fixed    
  17  LM           1.09700e-04   constant   
  18  zeta_y       0.00000e+00   constant   
  19  zeta_vw      0.00000e+00   constant   
  20  T_CBO        9.99904e+02   5.30389e+02   5.48581e-02  -2.47430e-04
  21  alpha_A0     8.78091e-03   8.06752e-03  -9.56740e-07  -3.01962e-01
  22  beta_A0     -1.96636e-02   8.20910e-03   2.65807e-05   3.30200e-01
  23  alpha_phi   -8.38343e-03   9.09476e-03  -6.54359e-06  -1.23042e-01
  24  beta_phi    -1.26751e-02   7.91825e-03   5.11504e-06   3.94633e-02
 MIGRAD MINIMIZATION HAS CONVERGED.
 MIGRAD WILL VERIFY CONVERGENCE AND ERROR MATRIX.
 COVARIANCE MATRIX CALCULATED SUCCESSFULLY
 FCN=80.967 FROM MIGRAD    STATUS=CONVERGED     138 CALLS        2711 TOTAL
                     EDM=7.62148e-07    STRATEGY= 1      ERROR MATRIX ACCURATE 
  EXT PARAMETER                                   STEP         FIRST   
  NO.   NAME      VALUE            ERROR          SIZE      DERIVATIVE 
   1  N0           3.02871e+06     fixed    
   2  tau          6.44117e+01   constant   
   3  A0           3.53344e-01     fixed    
   4  phi          4.11396e+00     fixed    
   5  R           -6.15857e+01   constant   
   6  alpha_CBO    8.52234e-04     fixed    
   7  w_CBO        2.32500e+00   constant   
   8  beta_CBO    -3.73188e-03   1.34826e-03   5.81401e-06  -2.28868e-01
   9  alpha_2CBO   9.48818e-04   1.39007e-03   5.98452e-06  -7.11266e-01
  10  beta_2CBO   -1.74464e-03     fixed    
  11  alpha_y      0.00000e+00     fixed    
  12  w_y          1.38860e+01   constant   
  13  beta_y       1.99649e-04     fixed    
  14  alpha_vw     0.00000e+00     fixed    
  15  w_vw         1.43404e+01   constant   
  16  beta_vw      0.00000e+00     fixed    
  17  LM           1.09700e-04   constant   
  18  zeta_y       0.00000e+00   constant   
  19  zeta_vw      0.00000e+00   constant   
  20  T_CBO        9.99996e+02   9.99884e+02   6.86135e-02  -2.98216e-05
  21  alpha_A0     8.10941e-03   7.66985e-03   3.33390e-05   9.35900e-03
  22  beta_A0     -1.57519e-02   8.03173e-03   3.40579e-05  -6.45278e-02
  23  alpha_phi   -7.37068e-03   8.10957e-03   3.56083e-05   1.57560e-02
  24  beta_phi    -1.51601e-02   7.45657e-03   3.16128e-05   3.15996e-02
 EXTERNAL ERROR MATRIX.    NDIM=  25    NPAR=  7    ERR DEF=1
  1.818e-06 -7.674e-08 -8.759e-06  2.577e-08 -2.025e-06 -4.204e-07  8.624e-07 
 -7.674e-08  1.932e-06 -9.775e-06 -1.548e-06 -4.281e-07  3.854e-07 -1.737e-06 
 -8.759e-06 -9.775e-06  8.888e+02  2.355e-02 -4.487e-02 -2.075e-02 -4.319e-02 
  2.577e-08 -1.548e-06  2.355e-02  5.883e-05 -2.793e-06 -7.651e-07  2.161e-06 
 -2.025e-06 -4.281e-07 -4.487e-02 -2.793e-06  6.451e-05  4.409e-06  6.012e-06 
 -4.204e-07  3.854e-07 -2.075e-02 -7.651e-07  4.409e-06  6.577e-05  3.511e-06 
  8.624e-07 -1.737e-06 -4.319e-02  2.161e-06  6.012e-06  3.511e-06  5.560e-05 
 PARAMETER  CORRELATION COEFFICIENTS  
       NO.  GLOBAL      8      9     20     21     22     23     24
        8  0.22015   1.000 -0.041 -0.000  0.002 -0.187 -0.038  0.086
        9  0.22709  -0.041  1.000 -0.000 -0.145 -0.038  0.034 -0.168
       20  0.28528  -0.000 -0.000  1.000  0.103 -0.187 -0.086 -0.194
       21  0.18505   0.002 -0.145  0.103  1.000 -0.045 -0.012  0.038
       22  0.28445  -0.187 -0.038 -0.187 -0.045  1.000  0.068  0.100
       23  0.12052  -0.038  0.034 -0.086 -0.012  0.068  1.000  0.058
       24  0.28507   0.086 -0.168 -0.194  0.038  0.100  0.058  1.000
MINUIT - FIT wiggle + 1-CBO + 2-CBO
 **********
 **   42 **RES 
 **********
                   PARAMETER   16  beta_vw RESTORED TO VARIABLE.
                   PARAMETER   14  alpha_vw RESTORED TO VARIABLE.
                   PARAMETER   13  beta_y RESTORED TO VARIABLE.
                   PARAMETER   11  alpha_y RESTORED TO VARIABLE.
                   PARAMETER   10  beta_2CBO RESTORED TO VARIABLE.
                   PARAMETER    6  alpha_CBO RESTORED TO VARIABLE.
                   PARAMETER    4  phi RESTORED TO VARIABLE.
                   PARAMETER    3  A0 RESTORED TO VARIABLE.
                   PARAMETER    1  N0 RESTORED TO VARIABLE.
 **********
 **   43 **FIX           10
 **********
 **********
 **   44 **FIX           11
 **********
 **********
 **   45 **FIX           12
 **********
 PARAMETER   12  IS CONSTANT.   IGNORED.
 **********
 **   46 **FIX           13
 **********
 **********
 **   47 **FIX           14
 **********
 **********
 **   48 **FIX           15
 **********
 PARAMETER   15  IS CONSTANT.   IGNORED.
 **********
 **   49 **FIX           16
 **********
 **********
 **   50 **MIGRAD
 **********
 START MIGRAD MINIMIZATION.  STRATEGY  1.  CONVERGENCE WHEN EDM .LT. 1.00e-04
 FCN=80.967 FROM MIGRAD    STATUS=INITIATE       22 CALLS        2733 TOTAL
                     EDM= unknown      STRATEGY= 1      NO ERROR MATRIX       
  EXT PARAMETER               CURRENT GUESS       STEP         FIRST   
  NO.   NAME      VALUE            ERROR          SIZE      DERIVATIVE 
   1  N0           3.02871e+06   2.84246e+03   2.84246e+03   9.51120e-05
   2  tau          6.44117e+01   constant   
   3  A0           3.53344e-01   1.30659e-03   1.30659e-03   1.08196e+03
   4  phi          4.11396e+00   3.57129e-03   3.57129e-03   6.86701e+01
   5  R           -6.15857e+01   constant   
   6  alpha_CBO    8.52234e-04   1.35372e-03   1.35372e-03  -2.73422e+01
   7  w_CBO        2.32500e+00   constant   
   8  beta_CBO    -3.73188e-03   1.34826e-03   5.81401e-06  -2.28868e-01
   9  alpha_2CBO   9.48818e-04   1.39007e-03   5.98452e-06  -7.11266e-01
  10  beta_2CBO   -1.74464e-03     fixed    
  11  alpha_y      0.00000e+00     fixed    
  12  w_y          1.38860e+01   constant   
  13  beta_y       1.99649e-04     fixed    
  14  alpha_vw     0.00000e+00     fixed    
  15  w_vw         1.43404e+01   constant   
  16  beta_vw      0.00000e+00     fixed    
  17  LM           1.09700e-04   constant   
  18  zeta_y       0.00000e+00   constant   
  19  zeta_vw      0.00000e+00   constant   
  20  T_CBO        9.99996e+02   9.99884e+02   6.86135e-02  -3.09246e-05
  21  alpha_A0     8.10941e-03   7.66985e-03   3.33390e-05   9.35804e-03
  22  beta_A0     -1.57519e-02   8.03173e-03   3.40579e-05  -6.45283e-02
  23  alpha_phi   -7.37068e-03   8.10957e-03   3.56083e-05   1.57560e-02
  24  beta_phi    -1.51601e-02   7.45657e-03   3.16128e-05   3.15996e-02
 MIGRAD MINIMIZATION HAS CONVERGED.
 MIGRAD WILL VERIFY CONVERGENCE AND ERROR MATRIX.
 COVARIANCE MATRIX CALCULATED SUCCESSFULLY
 FCN=80.379 FROM MIGRAD    STATUS=CONVERGED     220 CALLS        2931 TOTAL
                     EDM=1.54625e-05    STRATEGY= 1      ERROR MATRIX ACCURATE 
  EXT PARAMETER                                   STEP         FIRST   
  NO.   NAME      VALUE            ERROR          SIZE      DERIVATIVE 
   1  N0           3.02819e+06   3.07179e+03   1.13288e+01  -1.30297e-06
   2  tau          6.44117e+01   constant   
   3  A0           3.52336e-01   1.35217e-03   5.57754e-06   5.53724e-01
   4  phi          4.11344e+00   3.76125e-03   1.59167e-05   2.89200e-01
   5  R           -6.15857e+01   constant   
   6  alpha_CBO    8.81607e-04   1.41168e-03   6.02370e-06  -7.60645e-01
   7  w_CBO        2.32500e+00   constant   
   8  beta_CBO    -4.01973e-03   1.40027e-03   5.79390e-06   8.73202e-01
   9  alpha_2CBO   9.54362e-04   1.39568e-03   5.96380e-06  -1.61061e-01
  10  beta_2CBO   -1.74464e-03     fixed    
  11  alpha_y      0.00000e+00     fixed    
  12  w_y          1.38860e+01   constant   
  13  beta_y       1.99649e-04     fixed    
  14  alpha_vw     0.00000e+00     fixed    
  15  w_vw         1.43404e+01   constant   
  16  beta_vw      0.00000e+00     fixed    
  17  LM           1.09700e-04   constant   
  18  zeta_y       0.00000e+00   constant   
  19  zeta_vw      0.00000e+00   constant   
  20  T_CBO        9.99999e+02   8.99722e+02   5.35928e-02   1.39614e-05
  21  alpha_A0     8.24926e-03   7.87127e-03   3.32670e-05   1.95657e-01
  22  beta_A0     -1.50955e-02   8.08710e-03   3.39741e-05   1.79170e-01
  23  alpha_phi   -6.01892e-03   8.38470e-03   3.55682e-05   3.94744e-02
  24  beta_phi    -1.50424e-02   7.66832e-03   3.15767e-05  -1.80014e-01
 EXTERNAL ERROR MATRIX.    NDIM=  25    NPAR= 11    ERR DEF=1
  9.436e+06 
  2.573e-01  1.828e-06 
 -2.021e+00  2.233e-07  1.415e-05 
 -2.968e-02  5.774e-08 -9.642e-07  1.993e-06 
  2.944e-01  4.870e-07  3.101e-07 -3.724e-08  1.961e-06 
  1.402e-01 -4.355e-08  2.969e-07 -1.103e-07 -7.611e-08  1.948e-06 
  1.069e+01  5.114e-06 -3.075e-05  6.371e-07 -2.092e-06 -3.784e-06  1.255e+02 
 -4.400e+00 -3.005e-08  2.127e-06 -1.368e-06 -4.258e-08 -1.532e-06  7.825e-03  6.196e-05 
  1.825e+00 -1.261e-06 -1.652e-06 -8.273e-09 -2.335e-06 -3.930e-07 -1.407e-02 -3.449e-06  6.540e-05 
  1.519e+00 -2.561e-06 -9.738e-07  8.240e-07 -1.079e-06  4.322e-07 -5.528e-03 -1.979e-06  6.159e-06  7.030e-05 
  5.302e+00 -5.371e-07 -2.566e-06 -1.973e-07  8.406e-07 -1.668e-06 -1.402e-02 -2.957e-09  7.043e-06  4.865e-06  5.880e-05 
 PARAMETER  CORRELATION COEFFICIENTS  
       NO.  GLOBAL      1      3      4      6      8      9     20     21     22     23     24
        1  0.35615   1.000  0.062 -0.175 -0.007  0.068  0.033  0.000 -0.182  0.073  0.059  0.225
        3  0.35079   0.062  1.000  0.044  0.030  0.257 -0.023  0.000 -0.003 -0.115 -0.226 -0.052
        4  0.27755  -0.175  0.044  1.000 -0.182  0.059  0.057 -0.001  0.072 -0.054 -0.031 -0.089
        6  0.24813  -0.007  0.030 -0.182  1.000 -0.019 -0.056  0.000 -0.123 -0.001  0.070 -0.018
        8  0.34293   0.068  0.257  0.059 -0.019  1.000 -0.039 -0.000 -0.004 -0.206 -0.092  0.078
        9  0.24276   0.033 -0.023  0.057 -0.056 -0.039  1.000 -0.000 -0.139 -0.035  0.037 -0.156
       20  0.24379   0.000  0.000 -0.001  0.000 -0.000 -0.000  1.000  0.089 -0.155 -0.059 -0.163
       21  0.28175  -0.182 -0.003  0.072 -0.123 -0.004 -0.139  0.089  1.000 -0.054 -0.030 -0.000
       22  0.30064   0.073 -0.115 -0.054 -0.001 -0.206 -0.035 -0.155 -0.054  1.000  0.091  0.114
       23  0.26937   0.059 -0.226 -0.031  0.070 -0.092  0.037 -0.059 -0.030  0.091  1.000  0.076
       24  0.35508   0.225 -0.052 -0.089 -0.018  0.078 -0.156 -0.163 -0.000  0.114  0.076  1.000
MINUIT - FIT ONLY 1-y
 **********
 **   51 **RES 
 **********
                   PARAMETER   16  beta_vw RESTORED TO VARIABLE.
                   PARAMETER   14  alpha_vw RESTORED TO VARIABLE.
                   PARAMETER   13  beta_y RESTORED TO VARIABLE.
                   PARAMETER   11  alpha_y RESTORED TO VARIABLE.
                   PARAMETER   10  beta_2CBO RESTORED TO VARIABLE.
 **********
 **   52 **FIX            0
 **********
 PARAMETER    0  IS UNDEFINED. IGNORED.
 **********
 **   53 **FIX            1
 **********
 **********
 **   54 **FIX            2
 **********
 PARAMETER    2  IS CONSTANT.   IGNORED.
 **********
 **   55 **FIX            3
 **********
 **********
 **   56 **FIX            4
 **********
 **********
 **   57 **FIX            5
 **********
 PARAMETER    5  IS CONSTANT.   IGNORED.
 **********
 **   58 **FIX            6
 **********
 **********
 **   59 **FIX            7
 **********
 PARAMETER    7  IS CONSTANT.   IGNORED.
 **********
 **   60 **FIX            8
 **********
 **********
 **   61 **FIX            9
 **********
 **********
 **   62 **FIX           13
 **********
 **********
 **   63 **FIX           14
 **********
 **********
 **   64 **FIX           15
 **********
 PARAMETER   15  IS CONSTANT.   IGNORED.
 **********
 **   65 **FIX           16
 **********
 **********
 **   66 **MIGRAD
 **********
 START MIGRAD MINIMIZATION.  STRATEGY  1.  CONVERGENCE WHEN EDM .LT. 1.00e-04
 FCN=80.379 FROM MIGRAD    STATUS=INITIATE       16 CALLS        2947 TOTAL
                     EDM= unknown      STRATEGY= 1      NO ERROR MATRIX       
  EXT PARAMETER               CURRENT GUESS       STEP         FIRST   
  NO.   NAME      VALUE            ERROR          SIZE      DERIVATIVE 
   1  N0           3.02819e+06     fixed    
   2  tau          6.44117e+01   constant   
   3  A0           3.52336e-01     fixed    
   4  phi          4.11344e+00     fixed    
   5  R           -6.15857e+01   constant   
   6  alpha_CBO    8.81607e-04     fixed    
   7  w_CBO        2.32500e+00   constant   
   8  beta_CBO    -4.01973e-03     fixed    
   9  alpha_2CBO   9.54362e-04     fixed    
  10  beta_2CBO   -1.74464e-03   1.34351e-03   1.34351e-03  -6.27506e+01
  11  alpha_y      0.00000e+00   1.00000e-03   1.00000e-03  -4.39930e+03
  12  w_y          1.38860e+01   constant   
  13  beta_y       1.99649e-04     fixed    
  14  alpha_vw     0.00000e+00     fixed    
  15  w_vw         1.43404e+01   constant   
  16  beta_vw      0.00000e+00     fixed    
  17  LM           1.09700e-04   constant   
  18  zeta_y       0.00000e+00   constant   
  19  zeta_vw      0.00000e+00   constant   
  20  T_CBO        9.99999e+02   8.99722e+02   5.35928e-02  -1.42116e-05
  21  alpha_A0     8.24926e-03   7.87127e-03   3.32670e-05   1.95656e-01
  22  beta_A0     -1.50955e-02   8.08710e-03   3.39741e-05   1.79165e-01
  23  alpha_phi   -6.01892e-03   8.38470e-03   3.55682e-05   3.94743e-02
  24  beta_phi    -1.50424e-02   7.66832e-03   3.15767e-05  -1.80014e-01
 MIGRAD MINIMIZATION HAS CONVERGED.
 MIGRAD WILL VERIFY CONVERGENCE AND ERROR MATRIX.
 COVARIANCE MATRIX CALCULATED SUCCESSFULLY
 FCN=71.7552 FROM MIGRAD    STATUS=CONVERGED     114 CALLS        3045 TOTAL
                     EDM=4.1238e-06    STRATEGY= 1      ERROR MATRIX ACCURATE 
  EXT PARAMETER                                   STEP         FIRST   
  NO.   NAME      VALUE            ERROR          SIZE      DERIVATIVE 
   1  N0           3.02819e+06     fixed    
   2  tau          6.44117e+01   constant   
   3  A0           3.52336e-01     fixed    
   4  phi          4.11344e+00     fixed    
   5  R           -6.15857e+01   constant   
   6  alpha_CBO    8.81607e-04     fixed    
   7  w_CBO        2.32500e+00   constant   
   8  beta_CBO    -4.01973e-03     fixed    
   9  alpha_2CBO   9.54362e-04     fixed    
  10  beta_2CBO   -1.62052e-03   1.35716e-03   5.52991e-06  -1.61751e+00
  11  alpha_y      3.91874e-03   1.33456e-03   5.55501e-06   5.44801e-02
  12  w_y          1.38860e+01   constant   
  13  beta_y       1.99649e-04     fixed    
  14  alpha_vw     0.00000e+00     fixed    
  15  w_vw         1.43404e+01   constant   
  16  beta_vw      0.00000e+00     fixed    
  17  LM           1.09700e-04   constant   
  18  zeta_y       0.00000e+00   constant   
  19  zeta_vw      0.00000e+00   constant   
  20  T_CBO        1.00000e+03   7.65469e+02   4.54797e-02** at limit **
  21  alpha_A0     8.46209e-03   7.59031e-03   3.14488e-05  -3.32281e-02
  22  beta_A0     -1.53024e-02   7.85240e-03   3.21222e-05  -7.49020e-02
  23  alpha_phi   -6.50800e-03   8.22032e-03   3.36279e-05  -1.13971e-01
  24  beta_phi    -1.47804e-02   7.27269e-03   2.98552e-05   2.06316e-01
 EXTERNAL ERROR MATRIX.    NDIM=  25    NPAR=  7    ERR DEF=1
  1.842e-06  3.069e-08  2.047e-08  5.045e-07 -1.089e-06  1.853e-06  3.904e-07 
  3.069e-08  1.781e-06 -1.666e-09  8.776e-08 -7.309e-08 -2.438e-07  1.156e-07 
  2.047e-08 -1.666e-09  1.180e-02  6.002e-05 -1.069e-04 -4.478e-05 -1.032e-04 
  5.045e-07  8.776e-08  6.002e-05  5.761e-05 -2.815e-06  4.066e-07  1.525e-06 
 -1.089e-06 -7.309e-08 -1.069e-04 -2.815e-06  6.166e-05  2.317e-06  5.066e-06 
  1.853e-06 -2.438e-07 -4.478e-05  4.066e-07  2.317e-06  6.757e-05  3.817e-06 
  3.904e-07  1.156e-07 -1.032e-04  1.525e-06  5.066e-06  3.817e-06  5.289e-05 
 PARAMETER  CORRELATION COEFFICIENTS  
       NO.  GLOBAL     10     11     20     21     22     23     24
       10  0.20708   1.000  0.017  0.000  0.049 -0.102  0.166  0.040
       11  0.03425   0.017  1.000 -0.000  0.009 -0.007 -0.022  0.012
       20  0.19139   0.000 -0.000  1.000  0.073 -0.125 -0.050 -0.131
       21  0.10170   0.049  0.009  0.073  1.000 -0.047  0.007  0.028
       22  0.18784  -0.102 -0.007 -0.125 -0.047  1.000  0.036  0.089
       23  0.18773   0.166 -0.022 -0.050  0.007  0.036  1.000  0.064
       24  0.16878   0.040  0.012 -0.131  0.028  0.089  0.064  1.000
MINUIT - FIT ONLY 2-y
 **********
 **   67 **RES 
 **********
                   PARAMETER   16  beta_vw RESTORED TO VARIABLE.
                   PARAMETER   14  alpha_vw RESTORED TO VARIABLE.
                   PARAMETER   13  beta_y RESTORED TO VARIABLE.
                   PARAMETER    9  alpha_2CBO RESTORED TO VARIABLE.
                   PARAMETER    8  beta_CBO RESTORED TO VARIABLE.
                   PARAMETER    6  alpha_CBO RESTORED TO VARIABLE.
                   PARAMETER    4  phi RESTORED TO VARIABLE.
                   PARAMETER    3  A0 RESTORED TO VARIABLE.
                   PARAMETER    1  N0 RESTORED TO VARIABLE.
 **********
 **   68 **FIX            0
 **********
 PARAMETER    0  IS UNDEFINED. IGNORED.
 **********
 **   69 **FIX            1
 **********
 **********
 **   70 **FIX            2
 **********
 PARAMETER    2  IS CONSTANT.   IGNORED.
 **********
 **   71 **FIX            3
 **********
 **********
 **   72 **FIX            4
 **********
 **********
 **   73 **FIX            5
 **********
 PARAMETER    5  IS CONSTANT.   IGNORED.
 **********
 **   74 **FIX            6
 **********
 **********
 **   75 **FIX            7
 **********
 PARAMETER    7  IS CONSTANT.   IGNORED.
 **********
 **   76 **FIX            8
 **********
 **********
 **   77 **FIX            9
 **********
 **********
 **   78 **FIX           10
 **********
 **********
 **   79 **FIX           11
 **********
 **********
 **   80 **FIX           12
 **********
 PARAMETER   12  IS CONSTANT.   IGNORED.
 **********
 **   81 **FIX           16
 **********
 **********
 **   82 **MIGRAD
 **********
 START MIGRAD MINIMIZATION.  STRATEGY  1.  CONVERGENCE WHEN EDM .LT. 1.00e-04
 FCN=71.7552 FROM MIGRAD    STATUS=INITIATE       16 CALLS        3061 TOTAL
                     EDM= unknown      STRATEGY= 1      NO ERROR MATRIX       
  EXT PARAMETER               CURRENT GUESS       STEP         FIRST   
  NO.   NAME      VALUE            ERROR          SIZE      DERIVATIVE 
   1  N0           3.02819e+06     fixed    
   2  tau          6.44117e+01   constant   
   3  A0           3.52336e-01     fixed    
   4  phi          4.11344e+00     fixed    
   5  R           -6.15857e+01   constant   
   6  alpha_CBO    8.81607e-04     fixed    
   7  w_CBO        2.32500e+00   constant   
   8  beta_CBO    -4.01973e-03     fixed    
   9  alpha_2CBO   9.54362e-04     fixed    
  10  beta_2CBO   -1.62052e-03     fixed    
  11  alpha_y      3.91874e-03     fixed    
  12  w_y          1.38860e+01   constant   
  13  beta_y       1.99649e-04   1.33918e-03   1.33918e-03   3.74504e+01
  14  alpha_vw     0.00000e+00   1.00000e-03   1.00000e-03   6.36764e+02
  15  w_vw         1.43404e+01   constant   
  16  beta_vw      0.00000e+00     fixed    
  17  LM           1.09700e-04   constant   
  18  zeta_y       0.00000e+00   constant   
  19  zeta_vw      0.00000e+00   constant   
  20  T_CBO        9.99999e+02   7.65469e+02   4.54797e-02  -1.96076e-05
  21  alpha_A0     8.46209e-03   7.59031e-03   3.14488e-05  -3.33435e-02
  22  beta_A0     -1.53024e-02   7.85240e-03   3.21222e-05  -7.47302e-02
  23  alpha_phi   -6.50800e-03   8.22032e-03   3.36279e-05  -1.13914e-01
  24  beta_phi    -1.47804e-02   7.27269e-03   2.98552e-05   2.06519e-01
 MIGRAD MINIMIZATION HAS CONVERGED.
 MIGRAD WILL VERIFY CONVERGENCE AND ERROR MATRIX.
 COVARIANCE MATRIX CALCULATED SUCCESSFULLY
 FCN=71.5703 FROM MIGRAD    STATUS=CONVERGED      96 CALLS        3141 TOTAL
                     EDM=2.32529e-06    STRATEGY= 1      ERROR MATRIX ACCURATE 
  EXT PARAMETER                                   STEP         FIRST   
  NO.   NAME      VALUE            ERROR          SIZE      DERIVATIVE 
   1  N0           3.02819e+06     fixed    
   2  tau          6.44117e+01   constant   
   3  A0           3.52336e-01     fixed    
   4  phi          4.11344e+00     fixed    
   5  R           -6.15857e+01   constant   
   6  alpha_CBO    8.81607e-04     fixed    
   7  w_CBO        2.32500e+00   constant   
   8  beta_CBO    -4.01973e-03     fixed    
   9  alpha_2CBO   9.54362e-04     fixed    
  10  beta_2CBO   -1.62052e-03     fixed    
  11  alpha_y      3.91874e-03     fixed    
  12  w_y          1.38860e+01   constant   
  13  beta_y       1.42478e-04   1.34897e-03   5.60435e-06   1.82370e-01
  14  alpha_vw    -5.77521e-04   1.34525e-03   5.59033e-06  -1.02279e-02
  15  w_vw         1.43404e+01   constant   
  16  beta_vw      0.00000e+00     fixed    
  17  LM           1.09700e-04   constant   
  18  zeta_y       0.00000e+00   constant   
  19  zeta_vw      0.00000e+00   constant   
  20  T_CBO        1.00000e+03   9.39555e+02   8.07788e-02** at limit **
  21  alpha_A0     8.49019e-03   7.63315e-03   3.14086e-05  -1.03425e-01
  22  beta_A0     -1.52771e-02   7.96514e-03   3.20812e-05  -8.37965e-02
  23  alpha_phi   -6.51703e-03   8.13049e-03   3.35846e-05  -1.48725e-01
  24  beta_phi    -1.47444e-02   7.42220e-03   2.98171e-05  -1.68632e-01
 EXTERNAL ERROR MATRIX.    NDIM=  25    NPAR=  7    ERR DEF=1
  1.820e-06  7.321e-08 -2.697e-10 -1.764e-07 -6.476e-08 -1.286e-07 -1.955e-07 
  7.321e-08  1.810e-06 -1.776e-11 -8.457e-08 -7.940e-08  3.041e-08 -1.338e-07 
 -2.697e-10 -1.776e-11  3.089e-05  5.776e-06 -1.024e-05 -4.305e-06 -9.879e-06 
 -1.764e-07 -8.457e-08  5.776e-06  5.827e-05 -3.873e-06 -6.554e-07  1.142e-07 
 -6.476e-08 -7.940e-08 -1.024e-05 -3.873e-06  6.344e-05  4.426e-06  7.651e-06 
 -1.286e-07  3.041e-08 -4.305e-06 -6.554e-07  4.426e-06  6.610e-05  4.438e-06 
 -1.955e-07 -1.338e-07 -9.879e-06  1.142e-07  7.651e-06  4.438e-06  5.509e-05 
 PARAMETER  CORRELATION COEFFICIENTS  
       NO.  GLOBAL     13     14     20     21     22     23     24
       13  0.04912   1.000  0.040 -0.000 -0.017 -0.006 -0.012 -0.020
       14  0.04370   0.040  1.000 -0.000 -0.008 -0.007  0.003 -0.013
       20  0.34311  -0.000 -0.000  1.000  0.136 -0.231 -0.095 -0.239
       21  0.14641  -0.017 -0.008  0.136  1.000 -0.064 -0.011  0.002
       22  0.24980  -0.006 -0.007 -0.231 -0.064  1.000  0.068  0.129
       23  0.11765  -0.012  0.003 -0.095 -0.011  0.068  1.000  0.074
       24  0.25932  -0.020 -0.013 -0.239  0.002  0.129  0.074  1.000
MINUIT - FIT ALTOGETHER
