 + ++++++++++++++++++++++++++++++++++++++++++++++++++++++++++++++++++++ +
 +                                                                      +
 +           You have chose to blind your fitting according to          +
 +                omega_ref * (1 + (R +/- deltaR) *10^{-6})             +
 +                                                                      +
 + ++++++++++++++++++++++++++++++++++++++++++++++++++++++++++++++++++++ +
In main()...
reading format from /gm2data/zkhechad/run45/envelope/formats/formatB_sBin_constraintOn.txt
pBinTau 	= 0  
pBinPhi 	= 0  
constraintau 	= 1 
includeMopTerm 	= 0    
constrainMop    = 0   
Parameters after format file: pBinTau 0 pBinPhi 0 constraintau 1 includeMopTerm 0 constrainMop 0 c_e_scale 0.000000 
Opening file /gm2data/tbarrett/gm2fr/studies/run23_bunch_corrections/CorrectedFourier_Run3b.root.
reading full fit data from /gm2data/zkhechad/cboTemplates/Run4CBOTemplates/fullFits/noRF/sBin_constraintOn_cE0.0_seed0_noRF_calo23.root
windowBins = 69
fitting sliding window 1890 from bin 2026 at 302.130000 to bin 2095 at 312.574000 (69 bins)

Reading data from /gm2data/cornell/histograms/aMethod/histogram_a_noRF.root
 **********
 **    1 **SET PRINTOUT            1
 **********
 **********
 **    2 **SET NOWARNINGS 
 **********
 PARAMETER DEFINITIONS:
    NO.   NAME         VALUE      STEP SIZE      LIMITS
     1 N0           3.09539e+06  1.00000e+02     no limits
     2 tau          6.44044e+01  constant
     3 A0           3.43396e-01  1.00000e-04     no limits
     4 phi          4.11986e+00  1.00000e-02     no limits
     5 R           -6.14483e+01  constant
     6 alpha_CBO    0.00000e+00  1.00000e-03     no limits
     7 w_CBO        2.32500e+00  constant
     8 beta_CBO     0.00000e+00  1.00000e-03     no limits
     9 alpha_2CBO   0.00000e+00  1.00000e-03     no limits
    10 beta_2CBO    0.00000e+00  1.00000e-03     no limits
    11 alpha_y      0.00000e+00  1.00000e-03     no limits
    12 w_y          1.38860e+01  constant
    13 beta_y       0.00000e+00  1.00000e-03     no limits
    14 alpha_vw     0.00000e+00  1.00000e-03     no limits
    15 w_vw         1.43404e+01  constant
    16 beta_vw      0.00000e+00  1.00000e-03     no limits
    17 LM          -5.33935e-06  constant
    18 zeta_y       0.00000e+00  constant
    19 zeta_vw      0.00000e+00  constant
    20 T_CBO        1.00000e+02  1.00000e+00    0.00000e+00  1.00000e+03
    21 alpha_A0     0.00000e+00  1.00000e-04   -1.00000e-02  1.00000e-02
    22 beta_A0      0.00000e+00  1.00000e-04   -1.00000e-02  1.00000e-02
    23 alpha_phi    0.00000e+00  1.00000e-04   -1.00000e-02  1.00000e-02
    24 beta_phi     0.00000e+00  1.00000e-04   -1.00000e-02  1.00000e-02
MINUIT - FIT ONLY WIGGLE
 **********
 **    3 **FIX            5
 **********
 PARAMETER    5  IS CONSTANT.   IGNORED.
 **********
 **    4 **FIX            6
 **********
 **********
 **    5 **FIX            7
 **********
 PARAMETER    7  IS CONSTANT.   IGNORED.
 **********
 **    6 **FIX            8
 **********
 **********
 **    7 **FIX            9
 **********
 **********
 **    8 **FIX           10
 **********
 **********
 **    9 **FIX           11
 **********
 **********
 **   10 **FIX           12
 **********
 PARAMETER   12  IS CONSTANT.   IGNORED.
 **********
 **   11 **FIX           13
 **********
 **********
 **   12 **FIX           14
 **********
 **********
 **   13 **FIX           15
 **********
 PARAMETER   15  IS CONSTANT.   IGNORED.
 **********
 **   14 **FIX           16
 **********
 **********
 **   15 **MIGRAD
 **********
 FIRST CALL TO USER FUNCTION AT NEW START POINT, WITH IFLAG=4.
 START MIGRAD MINIMIZATION.  STRATEGY  1.  CONVERGENCE WHEN EDM .LT. 1.00e-04
 FCN=89.9967 FROM MIGRAD    STATUS=INITIATE      437 CALLS         438 TOTAL
                     EDM= unknown      STRATEGY= 1      NO ERROR MATRIX       
  EXT PARAMETER               CURRENT GUESS       STEP         FIRST   
  NO.   NAME      VALUE            ERROR          SIZE      DERIVATIVE 
   1  N0           3.09539e+06   1.00000e+02   0.00000e+00  -5.62275e-04
   2  tau          6.44044e+01   constant   
   3  A0           3.43396e-01   1.00000e-04   0.00000e+00  -2.25315e+03
   4  phi          4.11986e+00   1.00000e-02   0.00000e+00  -1.32318e+03
   5  R           -6.14483e+01   constant   
   6  alpha_CBO    0.00000e+00     fixed    
   7  w_CBO        2.32500e+00   constant   
   8  beta_CBO     0.00000e+00     fixed    
   9  alpha_2CBO   0.00000e+00     fixed    
  10  beta_2CBO    0.00000e+00     fixed    
  11  alpha_y      0.00000e+00     fixed    
  12  w_y          1.38860e+01   constant   
  13  beta_y       0.00000e+00     fixed    
  14  alpha_vw     0.00000e+00     fixed    
  15  w_vw         1.43404e+01   constant   
  16  beta_vw      0.00000e+00     fixed    
  17  LM          -5.33935e-06   constant   
  18  zeta_y       0.00000e+00   constant   
  19  zeta_vw      0.00000e+00   constant   
  20  T_CBO        1.00000e+02   1.00000e+00   0.00000e+00   0.00000e+00
  21  alpha_A0     0.00000e+00   1.00000e-04   0.00000e+00  -5.05506e-01
  22  beta_A0      0.00000e+00   1.00000e-04   0.00000e+00   3.81268e-01
  23  alpha_phi    0.00000e+00   1.00000e-04   0.00000e+00   2.12619e-01
  24  beta_phi     0.00000e+00   1.00000e-04   0.00000e+00   5.78728e-01
 MIGRAD MINIMIZATION HAS CONVERGED.
 FCN=81.5397 FROM MIGRAD    STATUS=CONVERGED     684 CALLS         685 TOTAL
                     EDM=3.30318e-06    STRATEGY= 1  ERROR MATRIX UNCERTAINTY   2.4 per cent
  EXT PARAMETER                                   STEP         FIRST   
  NO.   NAME      VALUE            ERROR          SIZE      DERIVATIVE 
   1  N0           3.09586e+06   1.49692e+03   3.41808e+00  -3.11047e-07
   2  tau          6.44044e+01   constant   
   3  A0           3.44090e-01   6.21361e-04  -3.07673e-06   4.06098e-01
   4  phi          4.12154e+00   1.80378e-03  -4.40410e-06   3.79791e-01
   5  R           -6.14483e+01   constant   
   6  alpha_CBO    0.00000e+00     fixed    
   7  w_CBO        2.32500e+00   constant   
   8  beta_CBO     0.00000e+00     fixed    
   9  alpha_2CBO   0.00000e+00     fixed    
  10  beta_2CBO    0.00000e+00     fixed    
  11  alpha_y      0.00000e+00     fixed    
  12  w_y          1.38860e+01   constant   
  13  beta_y       0.00000e+00     fixed    
  14  alpha_vw     0.00000e+00     fixed    
  15  w_vw         1.43404e+01   constant   
  16  beta_vw      0.00000e+00     fixed    
  17  LM          -5.33935e-06   constant   
  18  zeta_y       0.00000e+00   constant   
  19  zeta_vw      0.00000e+00   constant   
  20  T_CBO        5.93901e+02   2.43263e+02   6.38174e-04   1.36778e-04
  21  alpha_A0     5.70411e-03   3.81531e-03   1.83397e-03   1.73951e-04
  22  beta_A0     -4.51974e-03   4.13137e-03   8.53126e-04   5.18715e-04
  23  alpha_phi   -4.21812e-03   4.44336e-03   1.66206e-03   4.71332e-03
  24  beta_phi    -7.91012e-03   3.32958e-03   2.43057e-03  -4.13360e-03
 EXTERNAL ERROR MATRIX.    NDIM=  25    NPAR=  8    ERR DEF=1
  2.241e+06 -1.220e-02  4.455e-01 -6.073e+04 -2.458e-01  1.028e+00 -1.827e+00  3.629e-01 
 -1.220e-02  3.861e-07 -4.429e-08  2.351e-02 -9.017e-08  4.539e-08  6.142e-07  1.278e-07 
  4.455e-01 -4.429e-08  3.254e-06 -6.572e-02  2.814e-07  3.129e-07 -1.704e-07  1.586e-07 
 -6.073e+04  2.351e-02 -6.572e-02  6.477e+04  2.323e-02  1.580e-01  8.169e-02  7.719e-02 
 -2.458e-01 -9.017e-08  2.814e-07  2.323e-02  1.574e-05  9.302e-07 -7.164e-07  1.978e-06 
  1.028e+00  4.539e-08  3.129e-07  1.580e-01  9.302e-07  1.845e-05 -1.664e-06  3.679e-07 
 -1.827e+00  6.142e-07 -1.704e-07  8.169e-02 -7.164e-07 -1.664e-06  2.156e-05  8.758e-07 
  3.629e-01  1.278e-07  1.586e-07  7.719e-02  1.978e-06  3.679e-07  8.758e-07  1.240e-05 
 PARAMETER  CORRELATION COEFFICIENTS  
       NO.  GLOBAL      1      3      4     20     21     22     23     24
        1  0.38600   1.000 -0.013  0.165 -0.159 -0.041  0.160 -0.263  0.069
        3  0.26499  -0.013  1.000 -0.040  0.149 -0.037  0.017  0.213  0.058
        4  0.21573   0.165 -0.040  1.000 -0.143  0.039  0.040 -0.020  0.025
       20  0.31117  -0.159  0.149 -0.143  1.000  0.023  0.145  0.069  0.086
       21  0.18174  -0.041 -0.037  0.039  0.023  1.000  0.055 -0.039  0.142
       22  0.24878   0.160  0.017  0.040  0.145  0.055  1.000 -0.083  0.024
       23  0.34949  -0.263  0.213 -0.020  0.069 -0.039 -0.083  1.000  0.054
       24  0.20668   0.069  0.058  0.025  0.086  0.142  0.024  0.054  1.000
MINUIT - FIT ONLY 1-CBO + wiggle
 **********
 **   16 **RES 
 **********
                   PARAMETER   16  beta_vw RESTORED TO VARIABLE.
                   PARAMETER   14  alpha_vw RESTORED TO VARIABLE.
                   PARAMETER   13  beta_y RESTORED TO VARIABLE.
                   PARAMETER   11  alpha_y RESTORED TO VARIABLE.
                   PARAMETER   10  beta_2CBO RESTORED TO VARIABLE.
                   PARAMETER    9  alpha_2CBO RESTORED TO VARIABLE.
                   PARAMETER    8  beta_CBO RESTORED TO VARIABLE.
                   PARAMETER    6  alpha_CBO RESTORED TO VARIABLE.
 **********
 **   17 **FIX            8
 **********
 **********
 **   18 **FIX            9
 **********
 **********
 **   19 **FIX           11
 **********
 **********
 **   20 **FIX           12
 **********
 PARAMETER   12  IS CONSTANT.   IGNORED.
 **********
 **   21 **FIX           14
 **********
 **********
 **   22 **FIX           15
 **********
 PARAMETER   15  IS CONSTANT.   IGNORED.
 **********
 **   23 **FIX           16
 **********
 **********
 **   24 **MIGRAD
 **********
 START MIGRAD MINIMIZATION.  STRATEGY  1.  CONVERGENCE WHEN EDM .LT. 1.00e-04
 FCN=81.5397 FROM MIGRAD    STATUS=INITIATE       28 CALLS         713 TOTAL
                     EDM= unknown      STRATEGY= 1      NO ERROR MATRIX       
  EXT PARAMETER               CURRENT GUESS       STEP         FIRST   
  NO.   NAME      VALUE            ERROR          SIZE      DERIVATIVE 
   1  N0           3.09586e+06   1.49692e+03   3.41808e+00  -3.11047e-07
   2  tau          6.44044e+01   constant   
   3  A0           3.44090e-01   6.21361e-04  -3.07673e-06   4.06098e-01
   4  phi          4.12154e+00   1.80378e-03  -4.40410e-06   3.79791e-01
   5  R           -6.14483e+01   constant   
   6  alpha_CBO    0.00000e+00   1.00000e-03   1.00000e-03   1.30534e+04
   7  w_CBO        2.32500e+00   constant   
   8  beta_CBO     0.00000e+00     fixed    
   9  alpha_2CBO   0.00000e+00     fixed    
  10  beta_2CBO    0.00000e+00   1.00000e-03   1.00000e-03  -1.59190e+02
  11  alpha_y      0.00000e+00     fixed    
  12  w_y          1.38860e+01   constant   
  13  beta_y       0.00000e+00   1.00000e-03   1.00000e-03  -3.63942e+02
  14  alpha_vw     0.00000e+00     fixed    
  15  w_vw         1.43404e+01   constant   
  16  beta_vw      0.00000e+00     fixed    
  17  LM          -5.33935e-06   constant   
  18  zeta_y       0.00000e+00   constant   
  19  zeta_vw      0.00000e+00   constant   
  20  T_CBO        5.93901e+02   2.43263e+02   6.38174e-04   1.36663e-04
  21  alpha_A0     5.70411e-03   3.81531e-03   1.83397e-03  -1.73885e-04
  22  beta_A0     -4.51974e-03   4.13137e-03   8.53126e-04   5.18716e-04
  23  alpha_phi   -4.21812e-03   4.44336e-03   1.66206e-03  -4.71330e-03
  24  beta_phi    -7.91012e-03   3.32958e-03   2.43057e-03   4.13383e-03
 MIGRAD MINIMIZATION HAS CONVERGED.
 FCN=63.1159 FROM MIGRAD    STATUS=CONVERGED     173 CALLS         858 TOTAL
                     EDM=1.22836e-06    STRATEGY= 1  ERROR MATRIX UNCERTAINTY   5.0 per cent
  EXT PARAMETER                                   STEP         FIRST   
  NO.   NAME      VALUE            ERROR          SIZE      DERIVATIVE 
   1  N0           3.09560e+06   1.42530e+03  -4.11490e+00   2.56812e-07
   2  tau          6.44044e+01   constant   
   3  A0           3.43388e-01   6.41360e-04   9.78642e-07   5.62801e-01
   4  phi          4.12139e+00   1.76980e-03  -1.89590e-06   2.73429e-01
   5  R           -6.14483e+01   constant   
   6  alpha_CBO   -2.82015e-03   6.56980e-04   2.56622e-07   1.76358e-01
   7  w_CBO        2.32500e+00   constant   
   8  beta_CBO     0.00000e+00     fixed    
   9  alpha_2CBO   0.00000e+00     fixed    
  10  beta_2CBO    1.41431e-04   6.13504e-04   1.09567e-06   1.32929e+00
  11  alpha_y      0.00000e+00     fixed    
  12  w_y          1.38860e+01   constant   
  13  beta_y       4.69365e-05   6.33253e-04  -3.64729e-07   1.67585e-01
  14  alpha_vw     0.00000e+00     fixed    
  15  w_vw         1.43404e+01   constant   
  16  beta_vw      0.00000e+00     fixed    
  17  LM          -5.33935e-06   constant   
  18  zeta_y       0.00000e+00   constant   
  19  zeta_vw      0.00000e+00   constant   
  20  T_CBO        4.63489e+02   3.27079e+02   1.12505e-03  -1.34369e-03
  21  alpha_A0     2.43235e-03   4.55940e-03   2.00366e-04  -1.08137e-03
  22  beta_A0     -4.84695e-03   4.36379e-03  -4.33691e-04  -1.28736e-03
  23  alpha_phi   -5.05671e-03   3.73470e-03   4.07877e-04   1.10598e-03
  24  beta_phi    -7.39217e-03   4.20827e-03  -1.71946e-04  -1.42704e-03
 EXTERNAL ERROR MATRIX.    NDIM=  25    NPAR= 11    ERR DEF=1
  2.031e+06 
  5.563e-02  4.113e-07 
  3.781e-01 -2.377e-08  3.132e-06 
  2.904e-02  1.079e-07  1.609e-08  4.316e-07 
 -5.362e-03 -1.651e-08 -2.674e-08 -2.021e-08  3.764e-07 
  1.905e-03 -8.226e-09  1.297e-08  3.044e-09  3.349e-09  4.010e-07 
 -9.888e+04  4.322e-02 -6.579e-02  2.002e-02 -5.685e-03 -8.854e-03  1.273e+05 
  1.152e-01  2.117e-07 -6.237e-07  5.537e-07  2.712e-08 -4.246e-08 -9.907e-02  2.253e-05 
  8.260e-01  2.744e-07  4.303e-07  7.377e-08 -5.542e-09 -5.917e-08  1.616e-01  9.905e-08  2.087e-05 
  1.666e-01 -1.478e-07 -3.763e-07  1.243e-07 -1.915e-08  2.799e-08  1.554e-01 -2.245e-07 -1.519e-06  1.492e-05 
 -9.501e-01 -1.417e-07 -2.993e-07 -3.606e-08  3.061e-07 -7.706e-09  4.959e-01  1.190e-06 -3.974e-06  9.129e-07  2.066e-05 
 PARAMETER  CORRELATION COEFFICIENTS  
       NO.  GLOBAL      1      3      4      6     10     13     20     21     22     23     24
        1  0.30191   1.000  0.061  0.150  0.031 -0.006  0.002 -0.194  0.017  0.127  0.030 -0.147
        3  0.35016   0.061  1.000 -0.021  0.256 -0.042 -0.020  0.189  0.070  0.094 -0.060 -0.049
        4  0.20540   0.150 -0.021  1.000  0.014 -0.025  0.012 -0.104 -0.074  0.053 -0.055 -0.037
        6  0.31837   0.031  0.256  0.014  1.000 -0.050  0.007  0.085  0.178  0.025  0.049 -0.012
       10  0.14105  -0.006 -0.042 -0.025 -0.050  1.000  0.009 -0.026  0.009 -0.002 -0.008  0.110
       13  0.05303   0.002 -0.020  0.012  0.007  0.009  1.000 -0.039 -0.014 -0.020  0.011 -0.003
       20  0.47155  -0.194  0.189 -0.104  0.085 -0.026 -0.039  1.000 -0.059  0.099  0.113  0.306
       21  0.23438   0.017  0.070 -0.074  0.178  0.009 -0.014 -0.059  1.000  0.005 -0.012  0.055
       22  0.30820   0.127  0.094  0.053  0.025 -0.002 -0.020  0.099  0.005  1.000 -0.086 -0.191
       23  0.19997   0.030 -0.060 -0.055  0.049 -0.008  0.011  0.113 -0.012 -0.086  1.000  0.052
       24  0.41791  -0.147 -0.049 -0.037 -0.012  0.110 -0.003  0.306  0.055 -0.191  0.052  1.000
MINUIT - FIT ONLY 2-CBO
 **********
 **   25 **RES 
 **********
                   PARAMETER   16  beta_vw RESTORED TO VARIABLE.
                   PARAMETER   14  alpha_vw RESTORED TO VARIABLE.
                   PARAMETER   11  alpha_y RESTORED TO VARIABLE.
                   PARAMETER    9  alpha_2CBO RESTORED TO VARIABLE.
                   PARAMETER    8  beta_CBO RESTORED TO VARIABLE.
 **********
 **   26 **FIX            0
 **********
 PARAMETER    0  IS UNDEFINED. IGNORED.
 **********
 **   27 **FIX            1
 **********
 **********
 **   28 **FIX            2
 **********
 PARAMETER    2  IS CONSTANT.   IGNORED.
 **********
 **   29 **FIX            3
 **********
 **********
 **   30 **FIX            4
 **********
 **********
 **   31 **FIX            5
 **********
 PARAMETER    5  IS CONSTANT.   IGNORED.
 **********
 **   32 **FIX            6
 **********
 **********
 **   33 **FIX            7
 **********
 PARAMETER    7  IS CONSTANT.   IGNORED.
 **********
 **   34 **FIX           10
 **********
 **********
 **   35 **FIX           11
 **********
 **********
 **   36 **FIX           12
 **********
 PARAMETER   12  IS CONSTANT.   IGNORED.
 **********
 **   37 **FIX           13
 **********
 **********
 **   38 **FIX           14
 **********
 **********
 **   39 **FIX           15
 **********
 PARAMETER   15  IS CONSTANT.   IGNORED.
 **********
 **   40 **FIX           16
 **********
 **********
 **   41 **MIGRAD
 **********
 START MIGRAD MINIMIZATION.  STRATEGY  1.  CONVERGENCE WHEN EDM .LT. 1.00e-04
 FCN=63.1159 FROM MIGRAD    STATUS=INITIATE       18 CALLS         876 TOTAL
                     EDM= unknown      STRATEGY= 1      NO ERROR MATRIX       
  EXT PARAMETER               CURRENT GUESS       STEP         FIRST   
  NO.   NAME      VALUE            ERROR          SIZE      DERIVATIVE 
   1  N0           3.09560e+06     fixed    
   2  tau          6.44044e+01   constant   
   3  A0           3.43388e-01     fixed    
   4  phi          4.12139e+00     fixed    
   5  R           -6.14483e+01   constant   
   6  alpha_CBO   -2.82015e-03     fixed    
   7  w_CBO        2.32500e+00   constant   
   8  beta_CBO     0.00000e+00   1.00000e-03   1.00000e-03  -5.20183e+03
   9  alpha_2CBO   0.00000e+00   1.00000e-03   1.00000e-03   6.72709e+03
  10  beta_2CBO    1.41431e-04     fixed    
  11  alpha_y      0.00000e+00     fixed    
  12  w_y          1.38860e+01   constant   
  13  beta_y       4.69365e-05     fixed    
  14  alpha_vw     0.00000e+00     fixed    
  15  w_vw         1.43404e+01   constant   
  16  beta_vw      0.00000e+00     fixed    
  17  LM          -5.33935e-06   constant   
  18  zeta_y       0.00000e+00   constant   
  19  zeta_vw      0.00000e+00   constant   
  20  T_CBO        4.63489e+02   3.27079e+02   1.12505e-03  -1.34377e-03
  21  alpha_A0     2.43235e-03   4.55940e-03   2.00366e-04  -1.08136e-03
  22  beta_A0     -4.84695e-03   4.36379e-03  -4.33691e-04  -1.28737e-03
  23  alpha_phi   -5.05671e-03   3.73470e-03   4.07877e-04   1.10596e-03
  24  beta_phi    -7.39217e-03   4.20827e-03  -1.71946e-04  -1.42704e-03
 MIGRAD MINIMIZATION HAS CONVERGED.
 MIGRAD WILL VERIFY CONVERGENCE AND ERROR MATRIX.
 COVARIANCE MATRIX CALCULATED SUCCESSFULLY
 FCN=55.7922 FROM MIGRAD    STATUS=CONVERGED     147 CALLS        1005 TOTAL
                     EDM=8.63301e-05    STRATEGY= 1      ERROR MATRIX ACCURATE 
  EXT PARAMETER                                   STEP         FIRST   
  NO.   NAME      VALUE            ERROR          SIZE      DERIVATIVE 
   1  N0           3.09560e+06     fixed    
   2  tau          6.44044e+01   constant   
   3  A0           3.43388e-01     fixed    
   4  phi          4.12139e+00     fixed    
   5  R           -6.14483e+01   constant   
   6  alpha_CBO   -2.82015e-03     fixed    
   7  w_CBO        2.32500e+00   constant   
   8  beta_CBO     1.04571e-03   6.55675e-04   2.37440e-06  -1.52775e-01
   9  alpha_2CBO  -1.36874e-03   6.50669e-04   2.33672e-06  -3.36496e-02
  10  beta_2CBO    1.41431e-04     fixed    
  11  alpha_y      0.00000e+00     fixed    
  12  w_y          1.38860e+01   constant   
  13  beta_y       4.69365e-05     fixed    
  14  alpha_vw     0.00000e+00     fixed    
  15  w_vw         1.43404e+01   constant   
  16  beta_vw      0.00000e+00     fixed    
  17  LM          -5.33935e-06   constant   
  18  zeta_y       0.00000e+00   constant   
  19  zeta_vw      0.00000e+00   constant   
  20  T_CBO        4.54743e+02   7.12219e+02   2.51695e-03  -4.34897e-04
  21  alpha_A0     2.29022e-03   1.50201e-02   1.82029e-03   9.26305e-04
  22  beta_A0     -2.34826e-03   1.08330e-02   1.87538e-03   2.29761e-04
  23  alpha_phi   -6.96492e-03   1.81642e-02   2.47840e-03  -2.74275e-04
  24  beta_phi    -7.19659e-03   1.83407e-02   2.62722e-03  -2.64863e-04
 EXTERNAL ERROR MATRIX.    NDIM=  25    NPAR=  7    ERR DEF=1
  4.299e-07  2.130e-08 -1.318e-01  4.026e-07 -6.419e-09 -1.402e-06 -1.121e-06 
  2.130e-08  4.234e-07 -4.157e-02  1.542e-07 -5.571e-07  8.792e-08 -3.094e-07 
 -1.318e-01 -4.157e-02  4.651e+07 -1.617e+02  1.615e+02  4.817e+02  4.967e+02 
  4.026e-07  1.542e-07 -1.617e+02  5.856e-04 -5.627e-04 -1.677e-03 -1.726e-03 
 -6.419e-09 -5.571e-07  1.615e+02 -5.627e-04  5.865e-04  1.673e-03  1.726e-03 
 -1.402e-06  8.792e-08  4.817e+02 -1.677e-03  1.673e-03  5.012e-03  5.147e-03 
 -1.121e-06 -3.094e-07  4.967e+02 -1.726e-03  1.726e-03  5.147e-03  5.330e-03 
 PARAMETER  CORRELATION COEFFICIENTS  
       NO.  GLOBAL      8      9     20     21     22     23     24
        8  0.17747   1.000  0.050 -0.029  0.025 -0.000 -0.030 -0.023
        9  0.21796   0.050  1.000 -0.009  0.010 -0.035  0.002 -0.007
       20  0.99875  -0.029 -0.009  1.000 -0.980  0.978  0.998  0.998
       21  0.98000   0.025  0.010 -0.980  1.000 -0.960 -0.979 -0.977
       22  0.97887  -0.000 -0.035  0.978 -0.960  1.000  0.976  0.976
       23  0.99767  -0.030  0.002  0.998 -0.979  0.976  1.000  0.996
       24  0.99769  -0.023 -0.007  0.998 -0.977  0.976  0.996  1.000
MINUIT - FIT wiggle + 1-CBO + 2-CBO
 **********
 **   42 **RES 
 **********
                   PARAMETER   16  beta_vw RESTORED TO VARIABLE.
                   PARAMETER   14  alpha_vw RESTORED TO VARIABLE.
                   PARAMETER   13  beta_y RESTORED TO VARIABLE.
                   PARAMETER   11  alpha_y RESTORED TO VARIABLE.
                   PARAMETER   10  beta_2CBO RESTORED TO VARIABLE.
                   PARAMETER    6  alpha_CBO RESTORED TO VARIABLE.
                   PARAMETER    4  phi RESTORED TO VARIABLE.
                   PARAMETER    3  A0 RESTORED TO VARIABLE.
                   PARAMETER    1  N0 RESTORED TO VARIABLE.
 **********
 **   43 **FIX           10
 **********
 **********
 **   44 **FIX           11
 **********
 **********
 **   45 **FIX           12
 **********
 PARAMETER   12  IS CONSTANT.   IGNORED.
 **********
 **   46 **FIX           13
 **********
 **********
 **   47 **FIX           14
 **********
 **********
 **   48 **FIX           15
 **********
 PARAMETER   15  IS CONSTANT.   IGNORED.
 **********
 **   49 **FIX           16
 **********
 **********
 **   50 **MIGRAD
 **********
 START MIGRAD MINIMIZATION.  STRATEGY  1.  CONVERGENCE WHEN EDM .LT. 1.00e-04
 FCN=55.7922 FROM MIGRAD    STATUS=INITIATE       22 CALLS        1027 TOTAL
                     EDM= unknown      STRATEGY= 1      NO ERROR MATRIX       
  EXT PARAMETER               CURRENT GUESS       STEP         FIRST   
  NO.   NAME      VALUE            ERROR          SIZE      DERIVATIVE 
   1  N0           3.09560e+06   1.42530e+03   1.42530e+03   1.58494e-05
   2  tau          6.44044e+01   constant   
   3  A0           3.43388e-01   6.41360e-04   6.41360e-04  -1.80921e+00
   4  phi          4.12139e+00   1.76980e-03   1.76980e-03  -2.36691e+02
   5  R           -6.14483e+01   constant   
   6  alpha_CBO   -2.82015e-03   6.56980e-04   6.56980e-04   2.38036e+02
   7  w_CBO        2.32500e+00   constant   
   8  beta_CBO     1.04571e-03   6.55675e-04   2.37440e-06  -1.52775e-01
   9  alpha_2CBO  -1.36874e-03   6.50669e-04   2.33672e-06  -3.36499e-02
  10  beta_2CBO    1.41431e-04     fixed    
  11  alpha_y      0.00000e+00     fixed    
  12  w_y          1.38860e+01   constant   
  13  beta_y       4.69365e-05     fixed    
  14  alpha_vw     0.00000e+00     fixed    
  15  w_vw         1.43404e+01   constant   
  16  beta_vw      0.00000e+00     fixed    
  17  LM          -5.33935e-06   constant   
  18  zeta_y       0.00000e+00   constant   
  19  zeta_vw      0.00000e+00   constant   
  20  T_CBO        4.54743e+02   7.12219e+02   2.51695e-03  -4.52535e-04
  21  alpha_A0     2.29022e-03   1.50201e-02   1.82029e-03   9.23272e-04
  22  beta_A0     -2.34826e-03   1.08330e-02   1.87538e-03   2.32873e-04
  23  alpha_phi   -6.96492e-03   1.81642e-02   2.47840e-03  -2.61658e-04
  24  beta_phi    -7.19659e-03   1.83407e-02   2.62722e-03  -2.62642e-04
 MIGRAD MINIMIZATION HAS CONVERGED.
 MIGRAD WILL VERIFY CONVERGENCE AND ERROR MATRIX.
 COVARIANCE MATRIX CALCULATED SUCCESSFULLY
 FCN=55.7402 FROM HESSE     STATUS=OK            100 CALLS        1222 TOTAL
                     EDM=0.00140963    STRATEGY= 1      ERROR MATRIX ACCURATE 
  EXT PARAMETER                                   STEP         FIRST   
  NO.   NAME      VALUE            ERROR          SIZE      DERIVATIVE 
   1  N0           3.09564e+06   1.48628e+03   4.96187e+00  -3.46933e-07
   2  tau          6.44044e+01   constant   
   3  A0           3.43368e-01   6.44320e-04   2.22501e-06  -4.53384e-01
   4  phi          4.12178e+00   1.85490e-03   6.46306e-06  -1.87848e-01
   5  R           -6.14483e+01   constant   
   6  alpha_CBO   -2.86891e-03   6.57428e-04   2.29076e-06   7.57378e-01
   7  w_CBO        2.32500e+00   constant   
   8  beta_CBO     1.07376e-03   6.69956e-04   2.37332e-06   1.40034e+00
   9  alpha_2CBO  -1.36250e-03   6.53185e-04   2.33567e-06   1.21355e+00
  10  beta_2CBO    1.41431e-04     fixed    
  11  alpha_y      0.00000e+00     fixed    
  12  w_y          1.38860e+01   constant   
  13  beta_y       4.69365e-05     fixed    
  14  alpha_vw     0.00000e+00     fixed    
  15  w_vw         1.43404e+01   constant   
  16  beta_vw      0.00000e+00     fixed    
  17  LM          -5.33935e-06   constant   
  18  zeta_y       0.00000e+00   constant   
  19  zeta_vw      0.00000e+00   constant   
  20  T_CBO        4.49250e+02   7.51121e+02   2.49337e-03  -8.76659e-04
  21  alpha_A0     2.14225e-03   1.33209e-02   1.83011e-03   1.36012e-03
  22  beta_A0     -2.25231e-03   1.14244e-02   1.88681e-03  -7.23866e-04
  23  alpha_phi   -6.91957e-03   1.15746e-02   2.48203e-03  -1.54282e-03
  24  beta_phi    -7.18591e-03   1.12764e-02   2.64495e-03  -2.71261e-03
 MIGRAD MINIMIZATION HAS CONVERGED.
 FCN=55.738 FROM MIGRAD    STATUS=CONVERGED     889 CALLS        1894 TOTAL
                     EDM=5.76643e-06    STRATEGY= 1  ERROR MATRIX UNCERTAINTY   0.5 per cent
  EXT PARAMETER                                   STEP         FIRST   
  NO.   NAME      VALUE            ERROR          SIZE      DERIVATIVE 
   1  N0           3.09564e+06   1.47124e+03   5.10452e-01   4.00518e-07
   2  tau          6.44044e+01   constant   
   3  A0           3.43369e-01   6.43508e-04  -3.95896e-08   1.36080e-01
   4  phi          4.12179e+00   1.83590e-03   2.77663e-07   2.36471e-01
   5  R           -6.14483e+01   constant   
   6  alpha_CBO   -2.86960e-03   6.52857e-04  -2.60804e-07  -9.46196e-01
   7  w_CBO        2.32500e+00   constant   
   8  beta_CBO     1.07287e-03   6.62188e-04  -3.67992e-07  -1.68363e+00
   9  alpha_2CBO  -1.36340e-03   6.45797e-04  -3.57069e-07  -1.28485e+00
  10  beta_2CBO    1.41431e-04     fixed    
  11  alpha_y      0.00000e+00     fixed    
  12  w_y          1.38860e+01   constant   
  13  beta_y       4.69365e-05     fixed    
  14  alpha_vw     0.00000e+00     fixed    
  15  w_vw         1.43404e+01   constant   
  16  beta_vw      0.00000e+00     fixed    
  17  LM          -5.33935e-06   constant   
  18  zeta_y       0.00000e+00   constant   
  19  zeta_vw      0.00000e+00   constant   
  20  T_CBO        9.95780e+02   6.94510e+02   1.80767e-02  -1.87414e-04
  21  alpha_A0     1.46330e-03   3.64134e-03   2.00926e-04   1.15109e-03
  22  beta_A0     -1.54389e-03   3.86793e-03  -1.83010e-04  -1.78604e-03
  23  alpha_phi   -4.75009e-03   4.27523e-03  -8.23327e-04  -2.81587e-03
  24  beta_phi    -4.93231e-03   4.65248e-03  -3.91671e-04   5.45269e-03
 EXTERNAL ERROR MATRIX.    NDIM=  25    NPAR= 11    ERR DEF=1
  2.165e+06 
  4.474e-02  4.141e-07 
  4.858e-01 -6.485e-08  3.371e-06 
  3.815e-02  1.037e-07  2.380e-08  4.262e-07 
 -1.995e-02 -3.101e-08  2.335e-07 -4.300e-09  4.385e-07 
 -2.754e-02 -1.788e-08  6.529e-08  8.369e-09  2.282e-08  4.171e-07 
  2.269e+05 -8.224e-03  1.514e-01 -1.029e-01 -1.429e-01 -1.391e-01  3.765e+06 
 -1.983e-01  2.667e-07 -6.336e-07  5.702e-07  6.319e-08  1.196e-07 -1.864e+00  1.391e-05 
  1.242e+00 -1.390e-08  8.025e-07 -8.899e-08  2.661e-07 -3.881e-07  1.922e+00 -5.907e-07  1.579e-05 
  1.608e+00 -3.458e-07  9.781e-07 -1.545e-07 -2.367e-07  1.205e-07  5.265e+00 -4.283e-06  3.453e-06  1.993e-05 
  1.762e-01 -4.445e-07  4.491e-07 -2.780e-07  9.115e-08 -3.388e-08  6.773e+00 -3.636e-06  3.619e-06  1.166e-05  2.410e-05 
 PARAMETER  CORRELATION COEFFICIENTS  
       NO.  GLOBAL      1      3      4      6      8      9     20     21     22     23     24
        1  0.36945   1.000  0.047  0.180  0.040 -0.020 -0.029  0.079 -0.036  0.212  0.245  0.024
        3  0.34244   0.047  1.000 -0.055  0.247 -0.073 -0.043 -0.007  0.111 -0.005 -0.120 -0.141
        4  0.30405   0.180 -0.055  1.000  0.020  0.192  0.055  0.043 -0.093  0.110  0.119  0.050
        6  0.33392   0.040  0.247  0.020  1.000 -0.010  0.020 -0.081  0.234 -0.034 -0.053 -0.087
        8  0.30931  -0.020 -0.073  0.192 -0.010  1.000  0.053 -0.111  0.026  0.101 -0.080  0.028
        9  0.25189  -0.029 -0.043  0.055  0.020  0.053  1.000 -0.111  0.050 -0.151  0.042 -0.011
       20  0.79077   0.079 -0.007  0.043 -0.081 -0.111 -0.111  1.000 -0.258  0.249  0.608  0.711
       21  0.37273  -0.036  0.111 -0.093  0.234  0.026  0.050 -0.258  1.000 -0.040 -0.257 -0.199
       22  0.37151   0.212 -0.005  0.110 -0.034  0.101 -0.151  0.249 -0.040  1.000  0.195  0.185
       23  0.68077   0.245 -0.120  0.119 -0.053 -0.080  0.042  0.608 -0.257  0.195  1.000  0.532
       24  0.74212   0.024 -0.141  0.050 -0.087  0.028 -0.011  0.711 -0.199  0.185  0.532  1.000
MINUIT - FIT ONLY 1-y
 **********
 **   51 **RES 
 **********
                   PARAMETER   16  beta_vw RESTORED TO VARIABLE.
                   PARAMETER   14  alpha_vw RESTORED TO VARIABLE.
                   PARAMETER   13  beta_y RESTORED TO VARIABLE.
                   PARAMETER   11  alpha_y RESTORED TO VARIABLE.
                   PARAMETER   10  beta_2CBO RESTORED TO VARIABLE.
 **********
 **   52 **FIX            0
 **********
 PARAMETER    0  IS UNDEFINED. IGNORED.
 **********
 **   53 **FIX            1
 **********
 **********
 **   54 **FIX            2
 **********
 PARAMETER    2  IS CONSTANT.   IGNORED.
 **********
 **   55 **FIX            3
 **********
 **********
 **   56 **FIX            4
 **********
 **********
 **   57 **FIX            5
 **********
 PARAMETER    5  IS CONSTANT.   IGNORED.
 **********
 **   58 **FIX            6
 **********
 **********
 **   59 **FIX            7
 **********
 PARAMETER    7  IS CONSTANT.   IGNORED.
 **********
 **   60 **FIX            8
 **********
 **********
 **   61 **FIX            9
 **********
 **********
 **   62 **FIX           13
 **********
 **********
 **   63 **FIX           14
 **********
 **********
 **   64 **FIX           15
 **********
 PARAMETER   15  IS CONSTANT.   IGNORED.
 **********
 **   65 **FIX           16
 **********
 **********
 **   66 **MIGRAD
 **********
 START MIGRAD MINIMIZATION.  STRATEGY  1.  CONVERGENCE WHEN EDM .LT. 1.00e-04
 FCN=55.738 FROM MIGRAD    STATUS=INITIATE       16 CALLS        1910 TOTAL
                     EDM= unknown      STRATEGY= 1      NO ERROR MATRIX       
  EXT PARAMETER               CURRENT GUESS       STEP         FIRST   
  NO.   NAME      VALUE            ERROR          SIZE      DERIVATIVE 
   1  N0           3.09564e+06     fixed    
   2  tau          6.44044e+01   constant   
   3  A0           3.43369e-01     fixed    
   4  phi          4.12179e+00     fixed    
   5  R           -6.14483e+01   constant   
   6  alpha_CBO   -2.86960e-03     fixed    
   7  w_CBO        2.32500e+00   constant   
   8  beta_CBO     1.07287e-03     fixed    
   9  alpha_2CBO  -1.36340e-03     fixed    
  10  beta_2CBO    1.41431e-04   6.13504e-04   6.13504e-04  -1.50575e+02
  11  alpha_y      0.00000e+00   1.00000e-03   1.00000e-03   2.67045e+03
  12  w_y          1.38860e+01   constant   
  13  beta_y       4.69365e-05     fixed    
  14  alpha_vw     0.00000e+00     fixed    
  15  w_vw         1.43404e+01   constant   
  16  beta_vw      0.00000e+00     fixed    
  17  LM          -5.33935e-06   constant   
  18  zeta_y       0.00000e+00   constant   
  19  zeta_vw      0.00000e+00   constant   
  20  T_CBO        9.95780e+02   6.94510e+02   1.80767e-02  -2.15259e-04
  21  alpha_A0     1.46330e-03   3.64134e-03   2.00926e-04   1.15110e-03
  22  beta_A0     -1.54389e-03   3.86793e-03  -1.83010e-04  -1.78604e-03
  23  alpha_phi   -4.75009e-03   4.27523e-03  -8.23327e-04  -2.81586e-03
  24  beta_phi    -4.93231e-03   4.65248e-03  -3.91671e-04   5.45269e-03
 MIGRAD MINIMIZATION HAS CONVERGED.
 MIGRAD WILL VERIFY CONVERGENCE AND ERROR MATRIX.
 COVARIANCE MATRIX CALCULATED SUCCESSFULLY
 FCN=55.0145 FROM MIGRAD    STATUS=CONVERGED     135 CALLS        2029 TOTAL
                     EDM=9.98127e-06    STRATEGY= 1      ERROR MATRIX ACCURATE 
  EXT PARAMETER                                   STEP         FIRST   
  NO.   NAME      VALUE            ERROR          SIZE      DERIVATIVE 
   1  N0           3.09564e+06     fixed    
   2  tau          6.44044e+01   constant   
   3  A0           3.43369e-01     fixed    
   4  phi          4.12179e+00     fixed    
   5  R           -6.14483e+01   constant   
   6  alpha_CBO   -2.86960e-03     fixed    
   7  w_CBO        2.32500e+00   constant   
   8  beta_CBO     1.07287e-03     fixed    
   9  alpha_2CBO  -1.36340e-03     fixed    
  10  beta_2CBO    1.72082e-04   6.47281e-04   2.31133e-06   1.62107e+00
  11  alpha_y     -5.40150e-04   6.36102e-04   2.32357e-06   1.57593e-01
  12  w_y          1.38860e+01   constant   
  13  beta_y       4.69365e-05     fixed    
  14  alpha_vw     0.00000e+00     fixed    
  15  w_vw         1.43404e+01   constant   
  16  beta_vw      0.00000e+00     fixed    
  17  LM          -5.33935e-06   constant   
  18  zeta_y       0.00000e+00   constant   
  19  zeta_vw      0.00000e+00   constant   
  20  T_CBO        9.98257e+02   5.00633e+02   1.07217e-01   1.46672e-05
  21  alpha_A0     1.48678e-03   3.32764e-03   1.23325e-03   3.63067e-03
  22  beta_A0     -1.50005e-03   3.37698e-03   1.26756e-03  -2.88979e-05
  23  alpha_phi   -4.78064e-03   3.40110e-03   1.39213e-03  -7.81472e-03
  24  beta_phi    -4.83613e-03   3.51429e-03   1.43572e-03  -5.83445e-03
 EXTERNAL ERROR MATRIX.    NDIM=  25    NPAR=  7    ERR DEF=1
  4.190e-07  7.704e-10 -6.097e-05  2.601e-07  8.278e-08 -6.433e-08  3.920e-07 
  7.704e-10  4.046e-07 -8.283e-05 -2.466e-09 -2.698e-08  1.850e-08 -5.318e-08 
 -6.097e-05 -8.283e-05  2.457e+06 -4.119e-01  4.048e-01  1.298e+00  1.309e+00 
  2.601e-07 -2.466e-09 -4.119e-01  1.152e-05 -5.412e-07 -1.504e-06  1.446e-07 
  8.278e-08 -2.698e-08  4.048e-01 -5.412e-07  1.188e-05  6.030e-07  7.049e-07 
 -6.433e-08  1.850e-08  1.298e+00 -1.504e-06  6.030e-07  1.220e-05  2.099e-06 
  3.920e-07 -5.318e-08  1.309e+00  1.446e-07  7.049e-07  2.099e-06  1.308e-05 
 PARAMETER  CORRELATION COEFFICIENTS  
       NO.  GLOBAL     10     11     20     21     22     23     24
       10  0.21267   1.000  0.002 -0.000  0.118  0.037 -0.028  0.167
       11  0.02970   0.002  1.000 -0.000 -0.001 -0.012  0.008 -0.023
       20  0.31635  -0.000 -0.000  1.000 -0.077  0.075  0.237  0.231
       21  0.18459   0.118 -0.001 -0.077  1.000 -0.046 -0.127  0.012
       22  0.10513   0.037 -0.012  0.075 -0.046  1.000  0.050  0.057
       23  0.28980  -0.028  0.008  0.237 -0.127  0.050  1.000  0.166
       24  0.31260   0.167 -0.023  0.231  0.012  0.057  0.166  1.000
MINUIT - FIT ONLY 2-y
 **********
 **   67 **RES 
 **********
                   PARAMETER   16  beta_vw RESTORED TO VARIABLE.
                   PARAMETER   14  alpha_vw RESTORED TO VARIABLE.
                   PARAMETER   13  beta_y RESTORED TO VARIABLE.
                   PARAMETER    9  alpha_2CBO RESTORED TO VARIABLE.
                   PARAMETER    8  beta_CBO RESTORED TO VARIABLE.
                   PARAMETER    6  alpha_CBO RESTORED TO VARIABLE.
                   PARAMETER    4  phi RESTORED TO VARIABLE.
                   PARAMETER    3  A0 RESTORED TO VARIABLE.
                   PARAMETER    1  N0 RESTORED TO VARIABLE.
 **********
 **   68 **FIX            0
 **********
 PARAMETER    0  IS UNDEFINED. IGNORED.
 **********
 **   69 **FIX            1
 **********
 **********
 **   70 **FIX            2
 **********
 PARAMETER    2  IS CONSTANT.   IGNORED.
 **********
 **   71 **FIX            3
 **********
 **********
 **   72 **FIX            4
 **********
 **********
 **   73 **FIX            5
 **********
 PARAMETER    5  IS CONSTANT.   IGNORED.
 **********
 **   74 **FIX            6
 **********
 **********
 **   75 **FIX            7
 **********
 PARAMETER    7  IS CONSTANT.   IGNORED.
 **********
 **   76 **FIX            8
 **********
 **********
 **   77 **FIX            9
 **********
 **********
 **   78 **FIX           10
 **********
 **********
 **   79 **FIX           11
 **********
 **********
 **   80 **FIX           12
 **********
 PARAMETER   12  IS CONSTANT.   IGNORED.
 **********
 **   81 **FIX           16
 **********
 **********
 **   82 **MIGRAD
 **********
 START MIGRAD MINIMIZATION.  STRATEGY  1.  CONVERGENCE WHEN EDM .LT. 1.00e-04
 FCN=55.0145 FROM MIGRAD    STATUS=INITIATE       16 CALLS        2045 TOTAL
                     EDM= unknown      STRATEGY= 1      NO ERROR MATRIX       
  EXT PARAMETER               CURRENT GUESS       STEP         FIRST   
  NO.   NAME      VALUE            ERROR          SIZE      DERIVATIVE 
   1  N0           3.09564e+06     fixed    
   2  tau          6.44044e+01   constant   
   3  A0           3.43369e-01     fixed    
   4  phi          4.12179e+00     fixed    
   5  R           -6.14483e+01   constant   
   6  alpha_CBO   -2.86960e-03     fixed    
   7  w_CBO        2.32500e+00   constant   
   8  beta_CBO     1.07287e-03     fixed    
   9  alpha_2CBO  -1.36340e-03     fixed    
  10  beta_2CBO    1.72082e-04     fixed    
  11  alpha_y     -5.40150e-04     fixed    
  12  w_y          1.38860e+01   constant   
  13  beta_y       4.69365e-05   6.33253e-04   6.33253e-04  -4.44734e+01
  14  alpha_vw     0.00000e+00   1.00000e-03   1.00000e-03   8.67701e+02
  15  w_vw         1.43404e+01   constant   
  16  beta_vw      0.00000e+00     fixed    
  17  LM          -5.33935e-06   constant   
  18  zeta_y       0.00000e+00   constant   
  19  zeta_vw      0.00000e+00   constant   
  20  T_CBO        9.98257e+02   5.00633e+02   1.07217e-01   1.18574e-06
  21  alpha_A0     1.48678e-03   3.32764e-03   1.23325e-03   3.62870e-03
  22  beta_A0     -1.50005e-03   3.37698e-03   1.26756e-03  -2.82110e-05
  23  alpha_phi   -4.78064e-03   3.40110e-03   1.39213e-03  -7.80774e-03
  24  beta_phi    -4.83613e-03   3.51429e-03   1.43572e-03  -5.82736e-03
 MIGRAD MINIMIZATION HAS CONVERGED.
 MIGRAD WILL VERIFY CONVERGENCE AND ERROR MATRIX.
 COVARIANCE MATRIX CALCULATED SUCCESSFULLY
 FCN=54.9344 FROM MIGRAD    STATUS=CONVERGED     117 CALLS        2146 TOTAL
                     EDM=2.93104e-06    STRATEGY= 1      ERROR MATRIX ACCURATE 
  EXT PARAMETER                                   STEP         FIRST   
  NO.   NAME      VALUE            ERROR          SIZE      DERIVATIVE 
   1  N0           3.09564e+06     fixed    
   2  tau          6.44044e+01   constant   
   3  A0           3.43369e-01     fixed    
   4  phi          4.12179e+00     fixed    
   5  R           -6.14483e+01   constant   
   6  alpha_CBO   -2.86960e-03     fixed    
   7  w_CBO        2.32500e+00   constant   
   8  beta_CBO     1.07287e-03     fixed    
   9  alpha_2CBO  -1.36340e-03     fixed    
  10  beta_2CBO    1.72082e-04     fixed    
  11  alpha_y     -5.40150e-04     fixed    
  12  w_y          1.38860e+01   constant   
  13  beta_y       2.25452e-06   6.59755e-04   2.30670e-06  -5.88721e-01
  14  alpha_vw    -1.86428e-04   6.61299e-04   2.31278e-06   2.41047e+00
  15  w_vw         1.43404e+01   constant   
  16  beta_vw      0.00000e+00     fixed    
