 + ++++++++++++++++++++++++++++++++++++++++++++++++++++++++++++++++++++ +
 +                                                                      +
 +           You have chose to blind your fitting according to          +
 +                omega_ref * (1 + (R +/- deltaR) *10^{-6})             +
 +                                                                      +
 + ++++++++++++++++++++++++++++++++++++++++++++++++++++++++++++++++++++ +
In main()...
reading format from /gm2data/zkhechad/run45/envelope/formats/formatB_sBin_constraintOn.txt
pBinTau 	= 0  
pBinPhi 	= 0  
constraintau 	= 1 
includeMopTerm 	= 0    
constrainMop    = 0   
Parameters after format file: pBinTau 0 pBinPhi 0 constraintau 1 includeMopTerm 0 constrainMop 0 c_e_scale 0.000000 
Opening file /gm2data/tbarrett/gm2fr/studies/run23_bunch_corrections/CorrectedFourier_Run3b.root.
reading full fit data from /gm2data/zkhechad/cboTemplates/Run4CBOTemplates/templateFits0_v2.0/noRF/sBin_constraintOn_cE0.0_seed0_noRF_calo6.root
windowBins = 69
fitting sliding window 594 from bin 730 at 108.766800 to bin 799 at 119.210800 (69 bins)

Reading data from /gm2data/cornell/histograms/aMethod/histogram_a_noRF.root
 **********
 **    1 **SET PRINTOUT            1
 **********
 **********
 **    2 **SET NOWARNINGS 
 **********
 PARAMETER DEFINITIONS:
    NO.   NAME         VALUE      STEP SIZE      LIMITS
     1 N0           2.90949e+06  1.00000e+02     no limits
     2 tau          6.43983e+01  constant
     3 A0           3.53683e-01  1.00000e-04     no limits
     4 phi          4.11541e+00  1.00000e-02     no limits
     5 R           -6.16270e+01  constant
     6 alpha_CBO    0.00000e+00  1.00000e-03     no limits
     7 w_CBO        2.32500e+00  constant
     8 beta_CBO     0.00000e+00  1.00000e-03     no limits
     9 alpha_2CBO   0.00000e+00  1.00000e-03     no limits
    10 beta_2CBO    0.00000e+00  1.00000e-03     no limits
    11 alpha_y      0.00000e+00  1.00000e-03     no limits
    12 w_y          1.44500e+01  constant
    13 beta_y       0.00000e+00  1.00000e-03     no limits
    14 alpha_vw     0.00000e+00  1.00000e-03     no limits
    15 w_vw         1.29000e+01  constant
    16 beta_vw      0.00000e+00  1.00000e-03     no limits
    17 LM          -2.35969e-04  constant
    18 zeta_y       0.00000e+00  constant
    19 zeta_vw      0.00000e+00  constant
    20 T_CBO        1.00000e+02  1.00000e+00    0.00000e+00  1.00000e+03
    21 alpha_A0     0.00000e+00  1.00000e-03     no limits
    22 beta_A0      0.00000e+00  1.00000e-03     no limits
    23 alpha_phi    0.00000e+00  1.00000e-03     no limits
    24 beta_phi     0.00000e+00  1.00000e-03     no limits
MINUIT - FIT ONLY WIGGLE
 **********
 **    3 **FIX            5
 **********
 PARAMETER    5  IS CONSTANT.   IGNORED.
 **********
 **    4 **FIX            6
 **********
 **********
 **    5 **FIX            7
 **********
 PARAMETER    7  IS CONSTANT.   IGNORED.
 **********
 **    6 **FIX            8
 **********
 **********
 **    7 **FIX            9
 **********
 **********
 **    8 **FIX           10
 **********
 **********
 **    9 **FIX           11
 **********
 **********
 **   10 **FIX           12
 **********
 PARAMETER   12  IS CONSTANT.   IGNORED.
 **********
 **   11 **FIX           13
 **********
 **********
 **   12 **FIX           14
 **********
 **********
 **   13 **FIX           15
 **********
 PARAMETER   15  IS CONSTANT.   IGNORED.
 **********
 **   14 **FIX           16
 **********
 **********
 **   15 **MIGRAD
 **********
 FIRST CALL TO USER FUNCTION AT NEW START POINT, WITH IFLAG=4.
 START MIGRAD MINIMIZATION.  STRATEGY  1.  CONVERGENCE WHEN EDM .LT. 1.00e-04
 FCN=1371.33 FROM MIGRAD    STATUS=INITIATE      435 CALLS         436 TOTAL
                     EDM= unknown      STRATEGY= 1      NO ERROR MATRIX       
  EXT PARAMETER               CURRENT GUESS       STEP         FIRST   
  NO.   NAME      VALUE            ERROR          SIZE      DERIVATIVE 
   1  N0           2.90949e+06   1.00000e+02   0.00000e+00   8.15253e-03
   2  tau          6.43983e+01   constant   
   3  A0           3.53683e-01   1.00000e-04   0.00000e+00   9.73094e+04
   4  phi          4.11541e+00   1.00000e-02   0.00000e+00   1.45178e+04
   5  R           -6.16270e+01   constant   
   6  alpha_CBO    0.00000e+00     fixed    
   7  w_CBO        2.32500e+00   constant   
   8  beta_CBO     0.00000e+00     fixed    
   9  alpha_2CBO   0.00000e+00     fixed    
  10  beta_2CBO    0.00000e+00     fixed    
  11  alpha_y      0.00000e+00     fixed    
  12  w_y          1.44500e+01   constant   
  13  beta_y       0.00000e+00     fixed    
  14  alpha_vw     0.00000e+00     fixed    
  15  w_vw         1.29000e+01   constant   
  16  beta_vw      0.00000e+00     fixed    
  17  LM          -2.35969e-04   constant   
  18  zeta_y       0.00000e+00   constant   
  19  zeta_vw      0.00000e+00   constant   
  20  T_CBO        1.00000e+02   1.00000e+00   0.00000e+00   0.00000e+00
  21  alpha_A0     0.00000e+00   1.00000e-03   0.00000e+00  -2.55731e+03
  22  beta_A0      0.00000e+00   1.00000e-03   0.00000e+00   3.46525e+03
  23  alpha_phi    0.00000e+00   1.00000e-03   0.00000e+00  -1.95705e+03
  24  beta_phi     0.00000e+00   1.00000e-03   0.00000e+00  -8.66432e+02
 MIGRAD MINIMIZATION HAS CONVERGED.
 FCN=1299.89 FROM MIGRAD    STATUS=CONVERGED    1043 CALLS        1044 TOTAL
                     EDM=7.77489e-07    STRATEGY= 1  ERROR MATRIX UNCERTAINTY   0.7 per cent
  EXT PARAMETER                                   STEP         FIRST   
  NO.   NAME      VALUE            ERROR          SIZE      DERIVATIVE 
   1  N0           2.90889e+06   3.10796e+02  -5.18765e-01  -6.22856e-07
   2  tau          6.43983e+01   constant   
   3  A0           3.52820e-01   1.29584e-04  -1.50608e-07   7.17235e+00
   4  phi          4.11402e+00   4.06581e-04  -4.69795e-07   1.47659e-01
   5  R           -6.16270e+01   constant   
   6  alpha_CBO    0.00000e+00     fixed    
   7  w_CBO        2.32500e+00   constant   
   8  beta_CBO     0.00000e+00     fixed    
   9  alpha_2CBO   0.00000e+00     fixed    
  10  beta_2CBO    0.00000e+00     fixed    
  11  alpha_y      0.00000e+00     fixed    
  12  w_y          1.44500e+01   constant   
  13  beta_y       0.00000e+00     fixed    
  14  alpha_vw     0.00000e+00     fixed    
  15  w_vw         1.29000e+01   constant   
  16  beta_vw      0.00000e+00     fixed    
  17  LM          -2.35969e-04   constant   
  18  zeta_y       0.00000e+00   constant   
  19  zeta_vw      0.00000e+00   constant   
  20  T_CBO        1.00000e+03   6.69257e+02   3.34119e-02** at limit **
  21  alpha_A0     7.03660e-04   6.91658e-04   3.24822e-07  -2.23401e-01
  22  beta_A0     -2.55672e-03   7.11874e-04   2.17949e-07   1.88548e+00
  23  alpha_phi    5.61694e-04   7.12615e-04   5.03627e-07  -8.82767e-01
  24  beta_phi     1.62438e-04   5.95171e-04   7.12997e-07   4.83939e-02
 EXTERNAL ERROR MATRIX.    NDIM=  25    NPAR=  8    ERR DEF=1
  9.659e+04  8.527e-03 -2.525e-03  5.663e+00  3.719e-02 -4.824e-03 -9.660e-03 -3.160e-02 
  8.527e-03  1.679e-08  4.033e-09 -6.585e-07  8.604e-09  9.020e-09  5.353e-09  2.849e-09 
 -2.525e-03  4.033e-09  1.653e-07  2.973e-06  2.955e-08  5.586e-08  1.223e-08  2.140e-08 
  5.663e+00 -6.585e-07  2.973e-06  7.788e+00 -9.262e-05  1.415e-04 -1.929e-04 -1.645e-05 
  3.719e-02  8.604e-09  2.955e-08 -9.262e-05  4.784e-07  6.141e-08  8.070e-08 -4.084e-09 
 -4.824e-03  9.020e-09  5.586e-08  1.415e-04  6.141e-08  5.068e-07 -7.327e-09  1.690e-08 
 -9.660e-03  5.353e-09  1.223e-08 -1.929e-04  8.070e-08 -7.327e-09  5.078e-07 -6.872e-09 
 -3.160e-02  2.849e-09  2.140e-08 -1.645e-05 -4.084e-09  1.690e-08 -6.872e-09  3.542e-07 
 PARAMETER  CORRELATION COEFFICIENTS  
       NO.  GLOBAL      1      3      4     20     21     22     23     24
        1  0.33270   1.000  0.212 -0.020  0.007  0.173 -0.022 -0.044 -0.171
        3  0.26271   0.212  1.000  0.077 -0.002  0.096  0.098  0.058  0.037
        4  0.23362  -0.020  0.077  1.000  0.003  0.105  0.193  0.042  0.088
       20  0.12788   0.007 -0.002  0.003  1.000 -0.048  0.071 -0.097 -0.010
       21  0.29208   0.173  0.096  0.105 -0.048  1.000  0.125  0.164 -0.010
       22  0.25358  -0.022  0.098  0.193  0.071  0.125  1.000 -0.014  0.040
       23  0.21560  -0.044  0.058  0.042 -0.097  0.164 -0.014  1.000 -0.016
       24  0.20614  -0.171  0.037  0.088 -0.010 -0.010  0.040 -0.016  1.000
MINUIT - FIT ONLY 1-CBO + wiggle
 **********
 **   16 **RES 
 **********
                   PARAMETER   16  beta_vw RESTORED TO VARIABLE.
                   PARAMETER   14  alpha_vw RESTORED TO VARIABLE.
                   PARAMETER   13  beta_y RESTORED TO VARIABLE.
                   PARAMETER   11  alpha_y RESTORED TO VARIABLE.
                   PARAMETER   10  beta_2CBO RESTORED TO VARIABLE.
                   PARAMETER    9  alpha_2CBO RESTORED TO VARIABLE.
                   PARAMETER    8  beta_CBO RESTORED TO VARIABLE.
                   PARAMETER    6  alpha_CBO RESTORED TO VARIABLE.
 **********
 **   17 **FIX            8
 **********
 **********
 **   18 **FIX            9
 **********
 **********
 **   19 **FIX           11
 **********
 **********
 **   20 **FIX           12
 **********
 PARAMETER   12  IS CONSTANT.   IGNORED.
 **********
 **   21 **FIX           14
 **********
 **********
 **   22 **FIX           15
 **********
 PARAMETER   15  IS CONSTANT.   IGNORED.
 **********
 **   23 **FIX           16
 **********
 **********
 **   24 **MIGRAD
 **********
 START MIGRAD MINIMIZATION.  STRATEGY  1.  CONVERGENCE WHEN EDM .LT. 1.00e-04
 FCN=1299.89 FROM MIGRAD    STATUS=INITIATE       28 CALLS        1072 TOTAL
                     EDM= unknown      STRATEGY= 1      NO ERROR MATRIX       
  EXT PARAMETER               CURRENT GUESS       STEP         FIRST   
  NO.   NAME      VALUE            ERROR          SIZE      DERIVATIVE 
   1  N0           2.90889e+06   3.10796e+02  -5.18765e-01  -6.22858e-07
   2  tau          6.43983e+01   constant   
   3  A0           3.52820e-01   1.29584e-04  -1.50608e-07   7.17235e+00
   4  phi          4.11402e+00   4.06581e-04  -4.69795e-07   1.47660e-01
   5  R           -6.16270e+01   constant   
   6  alpha_CBO    0.00000e+00   1.00000e-03   1.00000e-03  -5.84033e+04
   7  w_CBO        2.32500e+00   constant   
   8  beta_CBO     0.00000e+00     fixed    
   9  alpha_2CBO   0.00000e+00     fixed    
  10  beta_2CBO    0.00000e+00   1.00000e-03   1.00000e-03  -1.24395e+04
  11  alpha_y      0.00000e+00     fixed    
  12  w_y          1.44500e+01   constant   
  13  beta_y       0.00000e+00   1.00000e-03   1.00000e-03  -5.44141e+04
  14  alpha_vw     0.00000e+00     fixed    
  15  w_vw         1.29000e+01   constant   
  16  beta_vw      0.00000e+00     fixed    
  17  LM          -2.35969e-04   constant   
  18  zeta_y       0.00000e+00   constant   
  19  zeta_vw      0.00000e+00   constant   
  20  T_CBO        1.00000e+03   6.69257e+02   3.34119e-02** at limit **
  21  alpha_A0     7.03660e-04   6.91658e-04   3.24822e-07  -2.23433e-01
  22  beta_A0     -2.55672e-03   7.11874e-04   2.17949e-07   1.88547e+00
  23  alpha_phi    5.61694e-04   7.12615e-04   5.03627e-07  -8.82767e-01
  24  beta_phi     1.62438e-04   5.95171e-04   7.12997e-07   4.83943e-02
 MIGRAD MINIMIZATION HAS CONVERGED.
 MIGRAD WILL VERIFY CONVERGENCE AND ERROR MATRIX.
 COVARIANCE MATRIX CALCULATED SUCCESSFULLY
 FCN=1263.32 FROM MIGRAD    STATUS=CONVERGED     248 CALLS        1292 TOTAL
                     EDM=1.01202e-05    STRATEGY= 1      ERROR MATRIX ACCURATE 
  EXT PARAMETER                                   STEP         FIRST   
  NO.   NAME      VALUE            ERROR          SIZE      DERIVATIVE 
   1  N0           2.90891e+06   3.20269e+02   5.20208e+00  -3.45555e-06
   2  tau          6.43983e+01   constant   
   3  A0           3.52811e-01   1.29811e-04   2.18684e-06  -5.71233e+00
   4  phi          4.11445e+00   4.19125e-04   6.92817e-06  -2.07606e+00
   5  R           -6.16270e+01   constant   
   6  alpha_CBO    6.92264e-04   1.54192e-04   2.52220e-06   4.88938e+00
   7  w_CBO        2.32500e+00   constant   
   8  beta_CBO     0.00000e+00     fixed    
   9  alpha_2CBO   0.00000e+00     fixed    
  10  beta_2CBO    1.41447e-04   1.50609e-04   2.54502e-06   1.27760e+01
  11  alpha_y      0.00000e+00     fixed    
  12  w_y          1.44500e+01   constant   
  13  beta_y       5.68833e-04   1.44924e-04   2.51469e-06  -1.12231e+01
  14  alpha_vw     0.00000e+00     fixed    
  15  w_vw         1.29000e+01   constant   
  16  beta_vw      0.00000e+00     fixed    
  17  LM          -2.35969e-04   constant   
  18  zeta_y       0.00000e+00   constant   
  19  zeta_vw      0.00000e+00   constant   
  20  T_CBO        1.00000e+03   5.54895e+02   1.16193e-01** at limit **
  21  alpha_A0     6.29128e-04   6.27974e-04   1.05428e-05   1.23020e-01
  22  beta_A0     -2.29813e-03   6.90004e-04   1.14678e-05  -4.51309e+00
  23  alpha_phi    1.14534e-03   6.08095e-04   1.00646e-05   3.01314e+00
  24  beta_phi     1.11794e-04   5.64874e-04   9.59741e-06   2.24162e+00
 EXTERNAL ERROR MATRIX.    NDIM=  25    NPAR= 11    ERR DEF=1
  1.026e+05 
  8.564e-03  1.685e-08 
 -7.666e-03  2.222e-09  1.757e-07 
  6.124e-04 -9.710e-11  1.542e-08  2.378e-08 
  1.370e-03 -4.571e-10  2.590e-09  2.278e-11  2.268e-08 
 -2.010e-04 -1.459e-10 -1.307e-09 -8.212e-11 -1.436e-11  2.100e-08 
 -1.296e-05 -2.292e-11  1.195e-09 -1.415e-10  1.665e-10 -1.482e-11  1.640e-05 
  4.093e-02  5.974e-09  1.430e-08 -5.378e-10 -4.169e-09 -1.230e-09  6.383e-08  3.944e-07 
 -1.407e-02  5.193e-09  5.057e-08  7.745e-09  1.671e-08 -2.578e-09 -2.071e-07  3.092e-08  4.761e-07 
 -4.475e-03  4.512e-09  2.221e-08  2.302e-08 -1.115e-08 -7.230e-10  1.042e-07  2.246e-08  3.553e-08  3.698e-07 
 -2.868e-02  2.710e-09  1.808e-08 -5.872e-10 -3.364e-09 -4.654e-10  1.305e-08  1.680e-08  2.189e-08  9.325e-09  3.191e-07 
 PARAMETER  CORRELATION COEFFICIENTS  
       NO.  GLOBAL      1      3      4      6     10     13     20     21     22     23     24
        1  0.34988   1.000  0.206 -0.057  0.012  0.028 -0.004 -0.000  0.204 -0.064 -0.023 -0.159
        3  0.24188   0.206  1.000  0.041 -0.005 -0.023 -0.008 -0.000  0.073  0.058  0.057  0.037
        4  0.30583  -0.057  0.041  1.000  0.239  0.041 -0.022  0.001  0.054  0.175  0.087  0.076
        6  0.33519   0.012 -0.005  0.239  1.000  0.001 -0.004 -0.000 -0.006  0.073  0.245 -0.007
       10  0.22958   0.028 -0.023  0.041  0.001  1.000 -0.001  0.000 -0.044  0.161 -0.122 -0.040
       13  0.03414  -0.004 -0.008 -0.022 -0.004 -0.001  1.000 -0.000 -0.014 -0.026 -0.008 -0.006
       20  0.09682  -0.000 -0.000  0.001 -0.000  0.000 -0.000  1.000  0.025 -0.074  0.042  0.006
       21  0.25488   0.204  0.073  0.054 -0.006 -0.044 -0.014  0.025  1.000  0.071  0.059  0.047
       22  0.28924  -0.064  0.058  0.175  0.073  0.161 -0.026 -0.074  0.071  1.000  0.085  0.056
       23  0.30205  -0.023  0.057  0.087  0.245 -0.122 -0.008  0.042  0.059  0.085  1.000  0.027
       24  0.20579  -0.159  0.037  0.076 -0.007 -0.040 -0.006  0.006  0.047  0.056  0.027  1.000
MINUIT - FIT ONLY 2-CBO
 **********
 **   25 **RES 
 **********
                   PARAMETER   16  beta_vw RESTORED TO VARIABLE.
                   PARAMETER   14  alpha_vw RESTORED TO VARIABLE.
                   PARAMETER   11  alpha_y RESTORED TO VARIABLE.
                   PARAMETER    9  alpha_2CBO RESTORED TO VARIABLE.
                   PARAMETER    8  beta_CBO RESTORED TO VARIABLE.
 **********
 **   26 **FIX            0
 **********
 PARAMETER    0  IS UNDEFINED. IGNORED.
 **********
 **   27 **FIX            1
 **********
 **********
 **   28 **FIX            2
 **********
 PARAMETER    2  IS CONSTANT.   IGNORED.
 **********
 **   29 **FIX            3
 **********
 **********
 **   30 **FIX            4
 **********
 **********
 **   31 **FIX            5
 **********
 PARAMETER    5  IS CONSTANT.   IGNORED.
 **********
 **   32 **FIX            6
 **********
 **********
 **   33 **FIX            7
 **********
 PARAMETER    7  IS CONSTANT.   IGNORED.
 **********
 **   34 **FIX           10
 **********
 **********
 **   35 **FIX           11
 **********
 **********
 **   36 **FIX           12
 **********
 PARAMETER   12  IS CONSTANT.   IGNORED.
 **********
 **   37 **FIX           13
 **********
 **********
 **   38 **FIX           14
 **********
 **********
 **   39 **FIX           15
 **********
 PARAMETER   15  IS CONSTANT.   IGNORED.
 **********
 **   40 **FIX           16
 **********
 **********
 **   41 **MIGRAD
 **********
 START MIGRAD MINIMIZATION.  STRATEGY  1.  CONVERGENCE WHEN EDM .LT. 1.00e-04
 FCN=1263.32 FROM MIGRAD    STATUS=INITIATE       18 CALLS        1310 TOTAL
                     EDM= unknown      STRATEGY= 1      NO ERROR MATRIX       
  EXT PARAMETER               CURRENT GUESS       STEP         FIRST   
  NO.   NAME      VALUE            ERROR          SIZE      DERIVATIVE 
   1  N0           2.90891e+06     fixed    
   2  tau          6.43983e+01   constant   
   3  A0           3.52811e-01     fixed    
   4  phi          4.11445e+00     fixed    
   5  R           -6.16270e+01   constant   
   6  alpha_CBO    6.92264e-04     fixed    
   7  w_CBO        2.32500e+00   constant   
   8  beta_CBO     0.00000e+00   1.00000e-03   1.00000e-03   4.41995e+05
   9  alpha_2CBO   0.00000e+00   1.00000e-03   1.00000e-03  -1.41777e+04
  10  beta_2CBO    1.41447e-04     fixed    
  11  alpha_y      0.00000e+00     fixed    
  12  w_y          1.44500e+01   constant   
  13  beta_y       5.68833e-04     fixed    
  14  alpha_vw     0.00000e+00     fixed    
  15  w_vw         1.29000e+01   constant   
  16  beta_vw      0.00000e+00     fixed    
  17  LM          -2.35969e-04   constant   
  18  zeta_y       0.00000e+00   constant   
  19  zeta_vw      0.00000e+00   constant   
  20  T_CBO        9.99999e+02   5.54895e+02   1.16193e-01  -8.25178e-05
  21  alpha_A0     6.29128e-04   6.27974e-04   1.05428e-05   1.22601e-01
  22  beta_A0     -2.29813e-03   6.90004e-04   1.14678e-05  -4.51186e+00
  23  alpha_phi    1.14534e-03   6.08095e-04   1.00646e-05   3.01235e+00
  24  beta_phi     1.11794e-04   5.64874e-04   9.59741e-06   2.24153e+00
 MIGRAD MINIMIZATION HAS CONVERGED.
 MIGRAD WILL VERIFY CONVERGENCE AND ERROR MATRIX.
 COVARIANCE MATRIX CALCULATED SUCCESSFULLY
 FCN=165.224 FROM MIGRAD    STATUS=CONVERGED     148 CALLS        1440 TOTAL
                     EDM=9.28861e-07    STRATEGY= 1      ERROR MATRIX ACCURATE 
  EXT PARAMETER                                   STEP         FIRST   
  NO.   NAME      VALUE            ERROR          SIZE      DERIVATIVE 
   1  N0           2.90891e+06     fixed    
   2  tau          6.43983e+01   constant   
   3  A0           3.52811e-01     fixed    
   4  phi          4.11445e+00     fixed    
   5  R           -6.16270e+01   constant   
   6  alpha_CBO    6.92264e-04     fixed    
   7  w_CBO        2.32500e+00   constant   
   8  beta_CBO    -4.96796e-03   1.50008e-04   9.22089e-07   1.12621e-01
   9  alpha_2CBO   3.82039e-05   1.48288e-04   9.13782e-07  -2.60877e+00
  10  beta_2CBO    1.41447e-04     fixed    
  11  alpha_y      0.00000e+00     fixed    
  12  w_y          1.44500e+01   constant   
  13  beta_y       5.68833e-04     fixed    
  14  alpha_vw     0.00000e+00     fixed    
  15  w_vw         1.29000e+01   constant   
  16  beta_vw      0.00000e+00     fixed    
  17  LM          -2.35969e-04   constant   
  18  zeta_y       0.00000e+00   constant   
  19  zeta_vw      0.00000e+00   constant   
  20  T_CBO        1.00000e+03   5.13179e+02   1.88514e-01** at limit **
  21  alpha_A0     1.45845e-04   6.19594e-04   3.81876e-06   8.19742e-01
  22  beta_A0     -5.47601e-04   6.70723e-04   4.14386e-06  -1.04949e-01
  23  alpha_phi    1.65882e-03   6.20978e-04   3.64879e-06  -2.05197e+00
  24  beta_phi    -3.53151e-03   7.40606e-04   3.47927e-06  -3.68501e-01
 EXTERNAL ERROR MATRIX.    NDIM=  25    NPAR=  7    ERR DEF=1
  2.250e-08  5.366e-10 -1.891e-06  2.606e-09 -7.572e-09 -2.352e-09  1.702e-08 
  5.366e-10  2.199e-08 -6.351e-07  1.462e-08  6.769e-09  8.300e-11  1.117e-08 
 -1.891e-06 -6.351e-07  6.195e+01  1.807e-04 -5.813e-04  1.692e-03 -3.718e-03 
  2.606e-09  1.462e-08  1.807e-04  3.839e-07  3.668e-08  2.537e-08  2.271e-08 
 -7.572e-09  6.769e-09 -5.813e-04  3.668e-08  4.499e-07  1.702e-08  4.705e-08 
 -2.352e-09  8.300e-11  1.692e-03  2.537e-08  1.702e-08  3.856e-07 -9.854e-08 
  1.702e-08  1.117e-08 -3.718e-03  2.271e-08  4.705e-08 -9.854e-08  5.485e-07 
 PARAMETER  CORRELATION COEFFICIENTS  
       NO.  GLOBAL      8      9     20     21     22     23     24
        8  0.21583   1.000  0.024 -0.002  0.028 -0.075 -0.025  0.153
        9  0.20452   0.024  1.000 -0.001  0.159  0.068  0.001  0.102
       20  0.68625  -0.002 -0.001  1.000  0.037 -0.110  0.346 -0.638
       21  0.20368   0.028  0.159  0.037  1.000  0.088  0.066  0.050
       22  0.19197  -0.075  0.068 -0.110  0.088  1.000  0.041  0.095
       23  0.35890  -0.025  0.001  0.346  0.066  0.041  1.000 -0.214
       24  0.66566   0.153  0.102 -0.638  0.050  0.095 -0.214  1.000
MINUIT - FIT wiggle + 1-CBO + 2-CBO
 **********
 **   42 **RES 
 **********
                   PARAMETER   16  beta_vw RESTORED TO VARIABLE.
                   PARAMETER   14  alpha_vw RESTORED TO VARIABLE.
                   PARAMETER   13  beta_y RESTORED TO VARIABLE.
                   PARAMETER   11  alpha_y RESTORED TO VARIABLE.
                   PARAMETER   10  beta_2CBO RESTORED TO VARIABLE.
                   PARAMETER    6  alpha_CBO RESTORED TO VARIABLE.
                   PARAMETER    4  phi RESTORED TO VARIABLE.
                   PARAMETER    3  A0 RESTORED TO VARIABLE.
                   PARAMETER    1  N0 RESTORED TO VARIABLE.
 **********
 **   43 **FIX           10
 **********
 **********
 **   44 **FIX           11
 **********
 **********
 **   45 **FIX           12
 **********
 PARAMETER   12  IS CONSTANT.   IGNORED.
 **********
 **   46 **FIX           13
 **********
 **********
 **   47 **FIX           14
 **********
 **********
 **   48 **FIX           15
 **********
 PARAMETER   15  IS CONSTANT.   IGNORED.
 **********
 **   49 **FIX           16
 **********
 **********
 **   50 **MIGRAD
 **********
 START MIGRAD MINIMIZATION.  STRATEGY  1.  CONVERGENCE WHEN EDM .LT. 1.00e-04
 FCN=165.224 FROM MIGRAD    STATUS=INITIATE       22 CALLS        1462 TOTAL
                     EDM= unknown      STRATEGY= 1      NO ERROR MATRIX       
  EXT PARAMETER               CURRENT GUESS       STEP         FIRST   
  NO.   NAME      VALUE            ERROR          SIZE      DERIVATIVE 
   1  N0           2.90891e+06   3.20269e+02   3.20269e+02  -2.78181e-03
   2  tau          6.43983e+01   constant   
   3  A0           3.52811e-01   1.29811e-04   1.29811e-04  -9.13262e+04
   4  phi          4.11445e+00   4.19125e-04   4.19125e-04  -1.31600e+04
   5  R           -6.16270e+01   constant   
   6  alpha_CBO    6.92264e-04   1.54192e-04   1.54192e-04   1.00860e+04
   7  w_CBO        2.32500e+00   constant   
   8  beta_CBO    -4.96796e-03   1.50008e-04   9.22089e-07   1.12608e-01
   9  alpha_2CBO   3.82039e-05   1.48288e-04   9.13782e-07  -2.60877e+00
  10  beta_2CBO    1.41447e-04     fixed    
  11  alpha_y      0.00000e+00     fixed    
  12  w_y          1.44500e+01   constant   
  13  beta_y       5.68833e-04     fixed    
  14  alpha_vw     0.00000e+00     fixed    
  15  w_vw         1.29000e+01   constant   
  16  beta_vw      0.00000e+00     fixed    
  17  LM          -2.35969e-04   constant   
  18  zeta_y       0.00000e+00   constant   
  19  zeta_vw      0.00000e+00   constant   
  20  T_CBO        1.00000e+03   5.13179e+02   1.88514e-01** at limit **
  21  alpha_A0     1.45845e-04   6.19594e-04   3.81876e-06   8.19818e-01
  22  beta_A0     -5.47601e-04   6.70723e-04   4.14386e-06  -1.04846e-01
  23  alpha_phi    1.65882e-03   6.20978e-04   3.64879e-06  -2.05197e+00
  24  beta_phi    -3.53151e-03   7.40606e-04   3.47927e-06  -3.68503e-01
 CALL LIMIT EXCEEDED IN MIGRAD.
 MIGRAD TERMINATED WITHOUT CONVERGENCE.
 FCN=118.263 FROM MIGRAD    STATUS=CALL LIMIT   1919 CALLS        3359 TOTAL
                     EDM=2.24856e-05    STRATEGY= 1  ERROR MATRIX UNCERTAINTY   0.1 per cent
  EXT PARAMETER                APPROXIMATE        STEP         FIRST   
  NO.   NAME      VALUE            ERROR          SIZE      DERIVATIVE 
   1  N0           2.90942e+06   3.14655e+02   6.22148e-02  -3.64363e-06
   2  tau          6.43983e+01   constant   
   3  A0           3.53653e-01   1.33793e-04  -1.97987e-08   6.41565e+00
   4  phi          4.11563e+00   4.16236e-04  -7.11674e-08  -7.23009e-01
   5  R           -6.16270e+01   constant   
   6  alpha_CBO    6.67062e-04   1.52594e-04  -9.87754e-09   8.79044e+00
   7  w_CBO        2.32500e+00   constant   
   8  beta_CBO    -5.18065e-03   1.47634e-04   5.26405e-08  -2.74347e+01
   9  alpha_2CBO   9.24705e-05   1.45643e-04   1.64118e-08  -2.02935e+00
  10  beta_2CBO    1.41447e-04     fixed    
  11  alpha_y      0.00000e+00     fixed    
  12  w_y          1.44500e+01   constant   
  13  beta_y       5.68833e-04     fixed    
  14  alpha_vw     0.00000e+00     fixed    
  15  w_vw         1.29000e+01   constant   
  16  beta_vw      0.00000e+00     fixed    
  17  LM          -2.35969e-04   constant   
  18  zeta_y       0.00000e+00   constant   
  19  zeta_vw      0.00000e+00   constant   
  20  T_CBO        7.57765e+01   9.64858e+01   2.16468e-04  -6.69315e-02
  21  alpha_A0     2.50651e-03   6.03415e-03   7.23180e-07   4.12291e+00
  22  beta_A0      5.13900e-04   2.98383e-03   4.89942e-06   2.28299e+00
  23  alpha_phi    7.74120e-03   1.52180e-02  -3.29088e-07  -3.10371e+00
  24  beta_phi    -1.37487e-02   2.65523e-02   2.21581e-06   5.20681e-01
 EXTERNAL ERROR MATRIX.    NDIM=  25    NPAR= 11    ERR DEF=1
  9.901e+04 
  9.109e-03  1.790e-08 
 -4.999e-03  2.329e-09  1.733e-07 
  1.401e-03 -1.208e-10  1.303e-08  2.328e-08 
 -2.578e-03 -3.668e-09 -4.236e-09  2.646e-10  2.180e-08 
  2.414e-03  1.060e-09  5.573e-11  1.534e-10 -5.502e-10  2.121e-08 
 -1.141e+03 -2.575e-03  2.960e-03 -1.080e-04  2.344e-03 -1.126e-03  9.754e+03 
  1.517e-01  1.626e-07 -1.762e-07  1.020e-08 -1.422e-07  7.559e-08 -5.853e-01  3.641e-05 
 -6.947e-03  7.787e-08  3.368e-08  1.579e-08 -7.950e-08  3.128e-08 -2.372e-01  1.387e-05  8.903e-06 
  2.240e-01  4.092e-07 -4.336e-07  5.493e-08 -3.904e-07  1.666e-07 -1.497e+00  9.070e-05  3.700e-05  2.316e-04 
 -4.054e-01 -7.010e-07  7.899e-07 -6.158e-08  6.835e-07 -2.867e-07  2.616e+00 -1.579e-04 -6.488e-05 -4.036e-04  7.050e-04 
ERR MATRIX APPROXIMATE
 PARAMETER  CORRELATION COEFFICIENTS  
       NO.  GLOBAL      1      3      4      6      8      9     20     21     22     23     24
        1  0.36004   1.000  0.216 -0.038  0.029 -0.056  0.053 -0.037  0.080 -0.007  0.047 -0.049
        3  0.34941   0.216  1.000  0.042 -0.006 -0.186  0.054 -0.195  0.201  0.195  0.201 -0.197
        4  0.29835  -0.038  0.042  1.000  0.205 -0.069  0.001  0.072 -0.070  0.027 -0.068  0.071
        6  0.31802   0.029 -0.006  0.205  1.000  0.012  0.007 -0.007  0.011  0.035  0.024 -0.015
        8  0.33051  -0.056 -0.186 -0.069  0.012  1.000 -0.026  0.161 -0.160 -0.180 -0.174  0.174
        9  0.16557   0.053  0.054  0.001  0.007 -0.026  1.000 -0.078  0.086  0.072  0.075 -0.074
       20  0.99805  -0.037 -0.195  0.072 -0.007  0.161 -0.078  1.000 -0.982 -0.805 -0.996  0.998
       21  0.99074   0.080  0.201 -0.070  0.011 -0.160  0.086 -0.982  1.000  0.771  0.988 -0.985
       22  0.87503  -0.007  0.195  0.027  0.035 -0.180  0.072 -0.805  0.771  1.000  0.815 -0.819
       23  0.99902   0.047  0.201 -0.068  0.024 -0.174  0.075 -0.996  0.988  0.815  1.000 -0.999
       24  0.99931  -0.049 -0.197  0.071 -0.015  0.174 -0.074  0.998 -0.985 -0.819 -0.999  1.000
 ERR MATRIX APPROXIMATE
MINUIT - FIT ONLY 1-y
 **********
 **   51 **RES 
 **********
                   PARAMETER   16  beta_vw RESTORED TO VARIABLE.
                   PARAMETER   14  alpha_vw RESTORED TO VARIABLE.
                   PARAMETER   13  beta_y RESTORED TO VARIABLE.
                   PARAMETER   11  alpha_y RESTORED TO VARIABLE.
                   PARAMETER   10  beta_2CBO RESTORED TO VARIABLE.
 **********
 **   52 **FIX            0
 **********
 PARAMETER    0  IS UNDEFINED. IGNORED.
 **********
 **   53 **FIX            1
 **********
 **********
 **   54 **FIX            2
 **********
 PARAMETER    2  IS CONSTANT.   IGNORED.
 **********
 **   55 **FIX            3
 **********
 **********
 **   56 **FIX            4
 **********
 **********
 **   57 **FIX            5
 **********
 PARAMETER    5  IS CONSTANT.   IGNORED.
 **********
 **   58 **FIX            6
 **********
 **********
 **   59 **FIX            7
 **********
 PARAMETER    7  IS CONSTANT.   IGNORED.
 **********
 **   60 **FIX            8
 **********
 **********
 **   61 **FIX            9
 **********
 **********
 **   62 **FIX           13
 **********
 **********
 **   63 **FIX           14
 **********
 **********
 **   64 **FIX           15
 **********
 PARAMETER   15  IS CONSTANT.   IGNORED.
 **********
 **   65 **FIX           16
 **********
 **********
 **   66 **MIGRAD
 **********
 START MIGRAD MINIMIZATION.  STRATEGY  1.  CONVERGENCE WHEN EDM .LT. 1.00e-04
 FCN=118.263 FROM MIGRAD    STATUS=INITIATE       16 CALLS        3375 TOTAL
                     EDM= unknown      STRATEGY= 1      NO ERROR MATRIX       
  EXT PARAMETER               CURRENT GUESS       STEP         FIRST   
  NO.   NAME      VALUE            ERROR          SIZE      DERIVATIVE 
   1  N0           2.90942e+06     fixed    
   2  tau          6.43983e+01   constant   
   3  A0           3.53653e-01     fixed    
   4  phi          4.11563e+00     fixed    
   5  R           -6.16270e+01   constant   
   6  alpha_CBO    6.67062e-04     fixed    
   7  w_CBO        2.32500e+00   constant   
   8  beta_CBO    -5.18065e-03     fixed    
   9  alpha_2CBO   9.24705e-05     fixed    
  10  beta_2CBO    1.41447e-04   1.50609e-04   1.50609e-04   1.83327e+04
  11  alpha_y      0.00000e+00   1.00000e-03   1.00000e-03   5.76605e+04
  12  w_y          1.44500e+01   constant   
  13  beta_y       5.68833e-04     fixed    
  14  alpha_vw     0.00000e+00     fixed    
  15  w_vw         1.29000e+01   constant   
  16  beta_vw      0.00000e+00     fixed    
  17  LM          -2.35969e-04   constant   
  18  zeta_y       0.00000e+00   constant   
  19  zeta_vw      0.00000e+00   constant   
  20  T_CBO        7.57765e+01   9.64858e+01   2.16468e-04  -6.69314e-02
  21  alpha_A0     2.50651e-03   6.03415e-03   7.23180e-07   4.12291e+00
  22  beta_A0      5.13900e-04   2.98383e-03   4.89942e-06   2.28300e+00
  23  alpha_phi    7.74120e-03   1.52180e-02  -3.29088e-07  -3.10371e+00
  24  beta_phi    -1.37487e-02   2.65523e-02   2.21581e-06   5.20680e-01
 MIGRAD MINIMIZATION HAS CONVERGED.
 MIGRAD WILL VERIFY CONVERGENCE AND ERROR MATRIX.
 COVARIANCE MATRIX CALCULATED SUCCESSFULLY
 FCN=98.2483 FROM MIGRAD    STATUS=CONVERGED     851 CALLS        4210 TOTAL
                     EDM=2.27296e-05    STRATEGY= 1      ERROR MATRIX ACCURATE 
  EXT PARAMETER                                   STEP         FIRST   
  NO.   NAME      VALUE            ERROR          SIZE      DERIVATIVE 
   1  N0           2.90942e+06     fixed    
   2  tau          6.43983e+01   constant   
   3  A0           3.53653e-01     fixed    
   4  phi          4.11563e+00     fixed    
   5  R           -6.16270e+01   constant   
   6  alpha_CBO    6.67062e-04     fixed    
   7  w_CBO        2.32500e+00   constant   
   8  beta_CBO    -5.18065e-03     fixed    
   9  alpha_2CBO   9.24705e-05     fixed    
  10  beta_2CBO   -7.53496e-05   1.50645e-04   7.13078e-07   3.76018e+00
  11  alpha_y     -6.25291e-04   1.46968e-04   7.14584e-07  -2.00840e+00
  12  w_y          1.44500e+01   constant   
  13  beta_y       5.68833e-04     fixed    
  14  alpha_vw     0.00000e+00     fixed    
  15  w_vw         1.29000e+01   constant   
  16  beta_vw      0.00000e+00     fixed    
  17  LM          -2.35969e-04   constant   
  18  zeta_y       0.00000e+00   constant   
  19  zeta_vw      0.00000e+00   constant   
  20  T_CBO        1.75713e+02   7.54884e+02   4.65900e-04  -2.64994e-02
  21  alpha_A0     1.18214e-03   4.90162e-03   5.07270e-06  -2.17648e+00
  22  beta_A0     -1.61676e-04   1.23333e-03   5.49459e-06  -1.61683e+00
  23  alpha_phi    3.52113e-03   1.40338e-02   4.84328e-06   1.56003e+00
  24  beta_phi    -5.75444e-03   2.28284e-02   4.62113e-06   3.58882e+00
 EXTERNAL ERROR MATRIX.    NDIM=  25    NPAR=  7    ERR DEF=1
  2.269e-08  2.586e-10 -9.884e-03  3.579e-08  2.373e-08  1.103e-07 -2.156e-07 
  2.586e-10  2.160e-08 -1.329e-03  3.542e-09  2.173e-09  1.517e-08 -2.936e-08 
 -9.884e-03 -1.329e-03  1.148e+06 -5.133e+00  4.985e-01 -1.500e+01  2.444e+01 
  3.579e-08  3.542e-09 -5.133e+00  2.403e-05 -2.132e-06  6.712e-05 -1.092e-04 
  2.373e-08  2.173e-09  4.985e-01 -2.132e-06  1.521e-06 -6.444e-06  1.064e-05 
  1.103e-07  1.517e-08 -1.500e+01  6.712e-05 -6.444e-06  1.969e-04 -3.193e-04 
 -2.156e-07 -2.936e-08  2.444e+01 -1.092e-04  1.064e-05 -3.193e-04  5.211e-04 
 PARAMETER  CORRELATION COEFFICIENTS  
       NO.  GLOBAL     10     11     20     21     22     23     24
       10  0.23044   1.000  0.012 -0.061  0.048  0.128  0.052 -0.063
       11  0.03044   0.012  1.000 -0.008  0.005  0.012  0.007 -0.009
       20  0.99939  -0.061 -0.008  1.000 -0.977  0.377 -0.997  0.999
       21  0.97756   0.048  0.005 -0.977  1.000 -0.353  0.976 -0.976
       22  0.42146   0.128  0.012  0.377 -0.353  1.000 -0.372  0.378
       23  0.99753   0.052  0.007 -0.997  0.976 -0.372  1.000 -0.997
       24  0.99915  -0.063 -0.009  0.999 -0.976  0.378 -0.997  1.000
MINUIT - FIT ONLY 2-y
 **********
 **   67 **RES 
 **********
                   PARAMETER   16  beta_vw RESTORED TO VARIABLE.
                   PARAMETER   14  alpha_vw RESTORED TO VARIABLE.
                   PARAMETER   13  beta_y RESTORED TO VARIABLE.
                   PARAMETER    9  alpha_2CBO RESTORED TO VARIABLE.
                   PARAMETER    8  beta_CBO RESTORED TO VARIABLE.
                   PARAMETER    6  alpha_CBO RESTORED TO VARIABLE.
                   PARAMETER    4  phi RESTORED TO VARIABLE.
                   PARAMETER    3  A0 RESTORED TO VARIABLE.
                   PARAMETER    1  N0 RESTORED TO VARIABLE.
 **********
 **   68 **FIX            0
 **********
 PARAMETER    0  IS UNDEFINED. IGNORED.
 **********
 **   69 **FIX            1
 **********
 **********
 **   70 **FIX            2
 **********
 PARAMETER    2  IS CONSTANT.   IGNORED.
 **********
 **   71 **FIX            3
 **********
 **********
 **   72 **FIX            4
 **********
 **********
 **   73 **FIX            5
 **********
 PARAMETER    5  IS CONSTANT.   IGNORED.
 **********
 **   74 **FIX            6
 **********
 **********
 **   75 **FIX            7
 **********
 PARAMETER    7  IS CONSTANT.   IGNORED.
 **********
 **   76 **FIX            8
 **********
 **********
 **   77 **FIX            9
 **********
 **********
 **   78 **FIX           10
 **********
 **********
 **   79 **FIX           11
 **********
 **********
 **   80 **FIX           12
 **********
 PARAMETER   12  IS CONSTANT.   IGNORED.
 **********
 **   81 **FIX           16
 **********
 **********
 **   82 **MIGRAD
 **********
 START MIGRAD MINIMIZATION.  STRATEGY  1.  CONVERGENCE WHEN EDM .LT. 1.00e-04
 FCN=98.2483 FROM MIGRAD    STATUS=INITIATE       16 CALLS        4226 TOTAL
                     EDM= unknown      STRATEGY= 1      NO ERROR MATRIX       
  EXT PARAMETER               CURRENT GUESS       STEP         FIRST   
  NO.   NAME      VALUE            ERROR          SIZE      DERIVATIVE 
   1  N0           2.90942e+06     fixed    
   2  tau          6.43983e+01   constant   
   3  A0           3.53653e-01     fixed    
   4  phi          4.11563e+00     fixed    
   5  R           -6.16270e+01   constant   
   6  alpha_CBO    6.67062e-04     fixed    
   7  w_CBO        2.32500e+00   constant   
   8  beta_CBO    -5.18065e-03     fixed    
   9  alpha_2CBO   9.24705e-05     fixed    
  10  beta_2CBO   -7.53496e-05     fixed    
  11  alpha_y     -6.25291e-04     fixed    
  12  w_y          1.44500e+01   constant   
  13  beta_y       5.68833e-04   1.44924e-04   1.44924e-04  -2.74505e+03
  14  alpha_vw     0.00000e+00   1.00000e-03   1.00000e-03  -2.60214e+04
  15  w_vw         1.29000e+01   constant   
  16  beta_vw      0.00000e+00     fixed    
  17  LM          -2.35969e-04   constant   
  18  zeta_y       0.00000e+00   constant   
  19  zeta_vw      0.00000e+00   constant   
  20  T_CBO        1.75713e+02   7.54884e+02   4.65900e-04  -2.65459e-02
  21  alpha_A0     1.18214e-03   4.90162e-03   5.07270e-06  -2.17645e+00
  22  beta_A0     -1.61676e-04   1.23333e-03   5.49459e-06  -1.61682e+00
  23  alpha_phi    3.52113e-03   1.40338e-02   4.84328e-06   1.56003e+00
  24  beta_phi    -5.75444e-03   2.28284e-02   4.62113e-06   3.58882e+00
 MIGRAD MINIMIZATION HAS CONVERGED.
 MIGRAD WILL VERIFY CONVERGENCE AND ERROR MATRIX.
 COVARIANCE MATRIX CALCULATED SUCCESSFULLY
 FCN=94.5744 FROM MIGRAD    STATUS=CONVERGED     128 CALLS        4338 TOTAL
                     EDM=6.02776e-05    STRATEGY= 1      ERROR MATRIX ACCURATE 
  EXT PARAMETER                                   STEP         FIRST   
  NO.   NAME      VALUE            ERROR          SIZE      DERIVATIVE 
   1  N0           2.90942e+06     fixed    
   2  tau          6.43983e+01   constant   
   3  A0           3.53653e-01     fixed    
   4  phi          4.11563e+00     fixed    
   5  R           -6.16270e+01   constant   
   6  alpha_CBO    6.67062e-04     fixed    
   7  w_CBO        2.32500e+00   constant   
   8  beta_CBO    -5.18065e-03     fixed    
   9  alpha_2CBO   9.24705e-05     fixed    
  10  beta_2CBO   -7.53496e-05     fixed    
  11  alpha_y     -6.25291e-04     fixed    
  12  w_y          1.44500e+01   constant   
  13  beta_y       6.08751e-04   1.45009e-04   6.91425e-07   1.25084e+00
  14  alpha_vw     2.78165e-04   1.45910e-04   6.95624e-07   3.40892e-01
  15  w_vw         1.29000e+01   constant   
  16  beta_vw      0.00000e+00     fixed    
  17  LM          -2.35969e-04   constant   
  18  zeta_y       0.00000e+00   constant   
  19  zeta_vw      0.00000e+00   constant   
  20  T_CBO        1.75889e+02   9.11933e+02   4.68635e-04  -1.23795e-03
  21  alpha_A0     1.19756e-03   7.03510e-03   4.92615e-06   5.48256e-02
  22  beta_A0     -1.06029e-04   1.18101e-03   5.33616e-06  -5.35079e-01
  23  alpha_phi    3.53462e-03   2.01477e-02   4.70337e-06   1.67286e-01
  24  beta_phi    -5.74982e-03   3.26549e-02   4.48759e-06  -6.20482e-02
 EXTERNAL ERROR MATRIX.    NDIM=  25    NPAR=  7    ERR DEF=1
  2.103e-08  8.489e-10  1.249e-03 -7.271e-09 -3.233e-09 -1.722e-08  2.593e-08 
  8.489e-10  2.129e-08 -2.203e-04  2.334e-09  4.537e-09  4.231e-09 -4.434e-09 
  1.249e-03 -2.203e-04  2.364e+06 -1.070e+01  5.436e-01 -3.094e+01  5.019e+01 
 -7.271e-09  2.334e-09 -1.070e+01  4.949e-05 -2.354e-06  1.401e-04 -2.270e-04 
 -3.233e-09  4.537e-09  5.436e-01 -2.354e-06  1.395e-06 -7.024e-06  1.158e-05 
 -1.722e-08  4.231e-09 -3.094e+01  1.401e-04 -7.024e-06  4.059e-04 -6.568e-04 
  2.593e-08 -4.434e-09  5.019e+01 -2.270e-04  1.158e-05 -6.568e-04  1.066e-03 
 PARAMETER  CORRELATION COEFFICIENTS  
       NO.  GLOBAL     13     14     20     21     22     23     24
       13  0.04758   1.000  0.040  0.006 -0.007 -0.019 -0.006  0.005
       14  0.05031   0.040  1.000 -0.001  0.002  0.026  0.001 -0.001
       20  0.99970   0.006 -0.001  1.000 -0.989  0.299 -0.999  1.000
       21  0.98919  -0.007  0.002 -0.989  1.000 -0.283  0.988 -0.988
       22  0.32295  -0.019  0.026  0.299 -0.283  1.000 -0.295  0.300
       23  0.99880  -0.006  0.001 -0.999  0.988 -0.295  1.000 -0.998
       24  0.99959   0.005 -0.001  1.000 -0.988  0.300 -0.998  1.000
