 + ++++++++++++++++++++++++++++++++++++++++++++++++++++++++++++++++++++ +
 +                                                                      +
 +           You have chose to blind your fitting according to          +
 +                omega_ref * (1 + (R +/- deltaR) *10^{-6})             +
 +                                                                      +
 + ++++++++++++++++++++++++++++++++++++++++++++++++++++++++++++++++++++ +
In main()...
reading format from /gm2data/zkhechad/run45/envelope/formats/formatB_sBin_constraintOn.txt
pBinTau 	= 0  
pBinPhi 	= 0  
constraintau 	= 1 
includeMopTerm 	= 0    
constrainMop    = 0   
Parameters after format file: pBinTau 0 pBinPhi 0 constraintau 1 includeMopTerm 0 constrainMop 0 c_e_scale 0.000000 
Opening file /gm2data/tbarrett/gm2fr/studies/run23_bunch_corrections/CorrectedFourier_Run3b.root.
reading full fit data from /gm2data/zkhechad/cboTemplates/Run4CBOTemplates/fullFits/noRF/sBin_constraintOn_cE0.0_seed0_noRF_calo6.root
windowBins = 69
fitting sliding window 560 from bin 696 at 103.694000 to bin 765 at 114.138000 (69 bins)

Reading data from /gm2data/cornell/histograms/aMethod/histogram_a_noRF.root
 **********
 **    1 **SET PRINTOUT            1
 **********
 **********
 **    2 **SET NOWARNINGS 
 **********
 PARAMETER DEFINITIONS:
    NO.   NAME         VALUE      STEP SIZE      LIMITS
     1 N0           2.91036e+06  1.00000e+02     no limits
     2 tau          6.44099e+01  constant
     3 A0           3.53688e-01  1.00000e-04     no limits
     4 phi          4.11540e+00  1.00000e-02     no limits
     5 R           -6.16610e+01  constant
     6 alpha_CBO    0.00000e+00  1.00000e-03     no limits
     7 w_CBO        2.32500e+00  constant
     8 beta_CBO     0.00000e+00  1.00000e-03     no limits
     9 alpha_2CBO   0.00000e+00  1.00000e-03     no limits
    10 beta_2CBO    0.00000e+00  1.00000e-03     no limits
    11 alpha_y      0.00000e+00  1.00000e-03     no limits
    12 w_y          1.38860e+01  constant
    13 beta_y       0.00000e+00  1.00000e-03     no limits
    14 alpha_vw     0.00000e+00  1.00000e-03     no limits
    15 w_vw         1.43404e+01  constant
    16 beta_vw      0.00000e+00  1.00000e-03     no limits
    17 LM           1.71412e-04  constant
    18 zeta_y       0.00000e+00  constant
    19 zeta_vw      0.00000e+00  constant
    20 T_CBO        1.00000e+02  1.00000e+00    0.00000e+00  1.00000e+03
    21 alpha_A0     0.00000e+00  1.00000e-03     no limits
    22 beta_A0      0.00000e+00  1.00000e-03     no limits
    23 alpha_phi    0.00000e+00  1.00000e-03     no limits
    24 beta_phi     0.00000e+00  1.00000e-03     no limits
MINUIT - FIT ONLY WIGGLE
 **********
 **    3 **FIX            5
 **********
 PARAMETER    5  IS CONSTANT.   IGNORED.
 **********
 **    4 **FIX            6
 **********
 **********
 **    5 **FIX            7
 **********
 PARAMETER    7  IS CONSTANT.   IGNORED.
 **********
 **    6 **FIX            8
 **********
 **********
 **    7 **FIX            9
 **********
 **********
 **    8 **FIX           10
 **********
 **********
 **    9 **FIX           11
 **********
 **********
 **   10 **FIX           12
 **********
 PARAMETER   12  IS CONSTANT.   IGNORED.
 **********
 **   11 **FIX           13
 **********
 **********
 **   12 **FIX           14
 **********
 **********
 **   13 **FIX           15
 **********
 PARAMETER   15  IS CONSTANT.   IGNORED.
 **********
 **   14 **FIX           16
 **********
 **********
 **   15 **MIGRAD
 **********
 FIRST CALL TO USER FUNCTION AT NEW START POINT, WITH IFLAG=4.
 START MIGRAD MINIMIZATION.  STRATEGY  1.  CONVERGENCE WHEN EDM .LT. 1.00e-04
 FCN=1643.02 FROM MIGRAD    STATUS=INITIATE      435 CALLS         436 TOTAL
                     EDM= unknown      STRATEGY= 1      NO ERROR MATRIX       
  EXT PARAMETER               CURRENT GUESS       STEP         FIRST   
  NO.   NAME      VALUE            ERROR          SIZE      DERIVATIVE 
   1  N0           2.91036e+06   1.00000e+02   0.00000e+00  -1.39917e-02
   2  tau          6.44099e+01   constant   
   3  A0           3.53688e-01   1.00000e-04   0.00000e+00   8.23283e+03
   4  phi          4.11540e+00   1.00000e-02   0.00000e+00  -4.10720e+04
   5  R           -6.16610e+01   constant   
   6  alpha_CBO    0.00000e+00     fixed    
   7  w_CBO        2.32500e+00   constant   
   8  beta_CBO     0.00000e+00     fixed    
   9  alpha_2CBO   0.00000e+00     fixed    
  10  beta_2CBO    0.00000e+00     fixed    
  11  alpha_y      0.00000e+00     fixed    
  12  w_y          1.38860e+01   constant   
  13  beta_y       0.00000e+00     fixed    
  14  alpha_vw     0.00000e+00     fixed    
  15  w_vw         1.43404e+01   constant   
  16  beta_vw      0.00000e+00     fixed    
  17  LM           1.71412e-04   constant   
  18  zeta_y       0.00000e+00   constant   
  19  zeta_vw      0.00000e+00   constant   
  20  T_CBO        1.00000e+02   1.00000e+00   0.00000e+00   0.00000e+00
  21  alpha_A0     0.00000e+00   1.00000e-03   0.00000e+00  -1.87447e+03
  22  beta_A0      0.00000e+00   1.00000e-03   0.00000e+00   6.98229e+03
  23  alpha_phi    0.00000e+00   1.00000e-03   0.00000e+00  -3.53337e+03
  24  beta_phi     0.00000e+00   1.00000e-03   0.00000e+00   1.72224e+03
 MIGRAD MINIMIZATION HAS CONVERGED.
 FCN=1541.14 FROM MIGRAD    STATUS=CONVERGED    1135 CALLS        1136 TOTAL
                     EDM=1.56902e-06    STRATEGY= 1  ERROR MATRIX UNCERTAINTY   0.9 per cent
  EXT PARAMETER                                   STEP         FIRST   
  NO.   NAME      VALUE            ERROR          SIZE      DERIVATIVE 
   1  N0           2.91047e+06   3.01311e+02   1.07895e-01  -3.77823e-06
   2  tau          6.44099e+01   constant   
   3  A0           3.53575e-01   1.32318e-04  -2.79999e-07  -6.34066e+00
   4  phi          4.11820e+00   3.77125e-04  -3.67924e-07  -3.67262e+00
   5  R           -6.16610e+01   constant   
   6  alpha_CBO    0.00000e+00     fixed    
   7  w_CBO        2.32500e+00   constant   
   8  beta_CBO     0.00000e+00     fixed    
   9  alpha_2CBO   0.00000e+00     fixed    
  10  beta_2CBO    0.00000e+00     fixed    
  11  alpha_y      0.00000e+00     fixed    
  12  w_y          1.38860e+01   constant   
  13  beta_y       0.00000e+00     fixed    
  14  alpha_vw     0.00000e+00     fixed    
  15  w_vw         1.43404e+01   constant   
  16  beta_vw      0.00000e+00     fixed    
  17  LM           1.71412e-04   constant   
  18  zeta_y       0.00000e+00   constant   
  19  zeta_vw      0.00000e+00   constant   
  20  T_CBO        9.99993e+02   7.01017e+02   2.59256e-02  -1.85666e-04
  21  alpha_A0     8.33330e-04   6.14512e-04   6.03266e-07  -1.83601e+00
  22  beta_A0     -3.22343e-03   5.89580e-04   1.06948e-06   1.58985e+00
  23  alpha_phi    1.65369e-03   5.91918e-04   1.23842e-06  -6.17609e-01
  24  beta_phi    -1.28317e-03   6.38700e-04  -1.26876e-06   5.68925e-01
 EXTERNAL ERROR MATRIX.    NDIM=  25    NPAR=  8    ERR DEF=1
  9.079e+04  2.210e-03 -2.266e-02 -5.000e+01  9.935e-03  3.411e-02  4.122e-02 -6.253e-03 
  2.210e-03  1.751e-08  9.311e-10 -3.549e-05 -7.183e-09  1.744e-09 -1.084e-08  1.800e-08 
 -2.266e-02  9.311e-10  1.422e-07 -8.927e-05 -1.547e-08 -1.172e-08 -2.242e-08  2.124e-09 
 -5.000e+01 -3.549e-05 -8.927e-05  4.080e+02 -4.316e-04  9.940e-04 -6.127e-04  7.830e-04 
  9.935e-03 -7.183e-09 -1.547e-08 -4.316e-04  3.776e-07  1.501e-08  4.963e-08 -1.263e-08 
  3.411e-02  1.744e-09 -1.172e-08  9.940e-04  1.501e-08  3.476e-07  6.183e-10 -4.809e-10 
  4.122e-02 -1.084e-08 -2.242e-08 -6.127e-04  4.963e-08  6.183e-10  3.504e-07 -6.498e-08 
 -6.253e-03  1.800e-08  2.124e-09  7.830e-04 -1.263e-08 -4.809e-10 -6.498e-08  4.079e-07 
 PARAMETER  CORRELATION COEFFICIENTS  
       NO.  GLOBAL      1      3      4     20     21     22     23     24
        1  0.35455   1.000  0.055 -0.199 -0.008  0.054  0.192  0.231 -0.032
        3  0.26526   0.055  1.000  0.019 -0.013 -0.088  0.022 -0.138  0.213
        4  0.21507  -0.199  0.019  1.000 -0.012 -0.067 -0.053 -0.100  0.009
       20  0.12233  -0.008 -0.013 -0.012  1.000 -0.035  0.083 -0.051  0.061
       21  0.17108   0.054 -0.088 -0.067 -0.035  1.000  0.041  0.136 -0.032
       22  0.21816   0.192  0.022 -0.053  0.083  0.041  1.000  0.002 -0.001
       23  0.33459   0.231 -0.138 -0.100 -0.051  0.136  0.002  1.000 -0.172
       24  0.26358  -0.032  0.213  0.009  0.061 -0.032 -0.001 -0.172  1.000
MINUIT - FIT ONLY 1-CBO + wiggle
 **********
 **   16 **RES 
 **********
                   PARAMETER   16  beta_vw RESTORED TO VARIABLE.
                   PARAMETER   14  alpha_vw RESTORED TO VARIABLE.
                   PARAMETER   13  beta_y RESTORED TO VARIABLE.
                   PARAMETER   11  alpha_y RESTORED TO VARIABLE.
                   PARAMETER   10  beta_2CBO RESTORED TO VARIABLE.
                   PARAMETER    9  alpha_2CBO RESTORED TO VARIABLE.
                   PARAMETER    8  beta_CBO RESTORED TO VARIABLE.
                   PARAMETER    6  alpha_CBO RESTORED TO VARIABLE.
 **********
 **   17 **FIX            8
 **********
 **********
 **   18 **FIX            9
 **********
 **********
 **   19 **FIX           11
 **********
 **********
 **   20 **FIX           12
 **********
 PARAMETER   12  IS CONSTANT.   IGNORED.
 **********
 **   21 **FIX           14
 **********
 **********
 **   22 **FIX           15
 **********
 PARAMETER   15  IS CONSTANT.   IGNORED.
 **********
 **   23 **FIX           16
 **********
 **********
 **   24 **MIGRAD
 **********
 START MIGRAD MINIMIZATION.  STRATEGY  1.  CONVERGENCE WHEN EDM .LT. 1.00e-04
 FCN=1541.14 FROM MIGRAD    STATUS=INITIATE       28 CALLS        1164 TOTAL
                     EDM= unknown      STRATEGY= 1      NO ERROR MATRIX       
  EXT PARAMETER               CURRENT GUESS       STEP         FIRST   
  NO.   NAME      VALUE            ERROR          SIZE      DERIVATIVE 
   1  N0           2.91047e+06   3.01311e+02   1.07895e-01  -3.77823e-06
   2  tau          6.44099e+01   constant   
   3  A0           3.53575e-01   1.32318e-04  -2.79999e-07  -6.34066e+00
   4  phi          4.11820e+00   3.77125e-04  -3.67924e-07  -3.67262e+00
   5  R           -6.16610e+01   constant   
   6  alpha_CBO    0.00000e+00   1.00000e-03   1.00000e-03  -8.83392e+04
   7  w_CBO        2.32500e+00   constant   
   8  beta_CBO     0.00000e+00     fixed    
   9  alpha_2CBO   0.00000e+00     fixed    
  10  beta_2CBO    0.00000e+00   1.00000e-03   1.00000e-03   8.88430e+03
  11  alpha_y      0.00000e+00     fixed    
  12  w_y          1.38860e+01   constant   
  13  beta_y       0.00000e+00   1.00000e-03   1.00000e-03  -1.19364e+05
  14  alpha_vw     0.00000e+00     fixed    
  15  w_vw         1.43404e+01   constant   
  16  beta_vw      0.00000e+00     fixed    
  17  LM           1.71412e-04   constant   
  18  zeta_y       0.00000e+00   constant   
  19  zeta_vw      0.00000e+00   constant   
  20  T_CBO        9.99993e+02   7.01017e+02   2.59256e-02  -1.85680e-04
  21  alpha_A0     8.33330e-04   6.14512e-04   6.03266e-07  -1.83600e+00
  22  beta_A0     -3.22343e-03   5.89580e-04   1.06948e-06   1.58982e+00
  23  alpha_phi    1.65369e-03   5.91918e-04   1.23842e-06  -6.17610e-01
  24  beta_phi    -1.28317e-03   6.38700e-04  -1.26876e-06   5.68925e-01
 MIGRAD MINIMIZATION HAS CONVERGED.
 FCN=1432.82 FROM MIGRAD    STATUS=CONVERGED     169 CALLS        1305 TOTAL
                     EDM=1.17258e-06    STRATEGY= 1  ERROR MATRIX UNCERTAINTY   6.5 per cent
  EXT PARAMETER                                   STEP         FIRST   
  NO.   NAME      VALUE            ERROR          SIZE      DERIVATIVE 
   1  N0           2.91060e+06   3.01999e+02  -9.24517e-01   2.43817e-06
   2  tau          6.44099e+01   constant   
   3  A0           3.53766e-01   1.42096e-04   1.45734e-07   3.94560e-01
   4  phi          4.11825e+00   3.80802e-04   1.00749e-06   2.84691e-01
   5  R           -6.16610e+01   constant   
   6  alpha_CBO    9.17503e-04   1.45750e-04   1.11694e-07  -1.81208e+00
   7  w_CBO        2.32500e+00   constant   
   8  beta_CBO     0.00000e+00     fixed    
   9  alpha_2CBO   0.00000e+00     fixed    
  10  beta_2CBO   -5.16592e-05   1.40621e-04   5.72469e-08   3.74962e+00
  11  alpha_y      0.00000e+00     fixed    
  12  w_y          1.38860e+01   constant   
  13  beta_y       1.13207e-03   1.37381e-04   1.10282e-07   3.74107e+00
  14  alpha_vw     0.00000e+00     fixed    
  15  w_vw         1.43404e+01   constant   
  16  beta_vw      0.00000e+00     fixed    
  17  LM           1.71412e-04   constant   
  18  zeta_y       0.00000e+00   constant   
  19  zeta_vw      0.00000e+00   constant   
  20  T_CBO        1.00000e+03   7.13964e+02  -3.32161e-06** at limit **
  21  alpha_A0     2.08482e-05   6.11376e-04  -1.03839e-06   2.24886e-01
  22  beta_A0     -3.24608e-03   5.96727e-04  -1.16060e-06   7.70477e-01
  23  alpha_phi    1.85521e-03   5.58531e-04   2.56692e-07   2.28415e+00
  24  beta_phi    -1.16807e-03   6.43040e-04   1.12612e-06   1.79990e+00
 EXTERNAL ERROR MATRIX.    NDIM=  25    NPAR= 11    ERR DEF=1
  9.120e+04 
  2.000e-03  2.019e-08 
 -1.863e-02  2.941e-09  1.450e-07 
  1.722e-03  5.159e-09  1.242e-09  2.124e-08 
 -3.128e-03  8.886e-10  1.967e-10  8.897e-10  1.977e-08 
 -4.133e-04 -5.855e-10  2.568e-10 -2.033e-10 -3.233e-10  1.887e-08 
  7.035e-07  2.464e-12 -2.574e-12 -8.920e-13  8.135e-13  3.287e-13  2.671e-06 
  4.202e-03 -7.839e-09 -7.979e-09 -1.961e-08  3.973e-09  5.903e-10 -4.263e-12  3.738e-07 
  3.218e-02 -3.780e-09 -1.189e-08 -5.729e-10  6.332e-10 -1.388e-09  9.781e-12  1.317e-08  3.561e-07 
  3.285e-02 -1.260e-08 -1.474e-08  1.954e-09 -7.888e-09 -1.124e-09  1.770e-11  2.109e-08  5.770e-09  3.120e-07 
 -3.545e-03  1.556e-08  5.169e-09  4.451e-09  1.010e-08 -3.106e-09  8.935e-12 -2.780e-08 -7.038e-09 -5.782e-08  4.135e-07 
 PARAMETER  CORRELATION COEFFICIENTS  
       NO.  GLOBAL      1      3      4      6     10     13     20     21     22     23     24
        1  0.31763   1.000  0.047 -0.162  0.039 -0.074 -0.010  0.000  0.023  0.179  0.195 -0.018
        3  0.34287   0.047  1.000  0.054  0.249  0.044 -0.030  0.000 -0.090 -0.045 -0.159  0.170
        4  0.17940  -0.162  0.054  1.000  0.022  0.004  0.005 -0.000 -0.034 -0.052 -0.069  0.021
        6  0.33161   0.039  0.249  0.022  1.000  0.043 -0.010 -0.000 -0.220 -0.007  0.024  0.047
       10  0.17410  -0.074  0.044  0.004  0.043  1.000 -0.017  0.000  0.046  0.008 -0.100  0.112
       13  0.05474  -0.010 -0.030  0.005 -0.010 -0.017  1.000  0.000  0.007 -0.017 -0.015 -0.035
       20  0.00003   0.000  0.000 -0.000 -0.000  0.000  0.000  1.000 -0.000  0.000  0.000  0.000
       21  0.24928   0.023 -0.090 -0.034 -0.220  0.046  0.007 -0.000  1.000  0.036  0.062 -0.071
       22  0.19363   0.179 -0.045 -0.052 -0.007  0.008 -0.017  0.000  0.036  1.000  0.017 -0.018
       23  0.31034   0.195 -0.159 -0.069  0.024 -0.100 -0.015  0.000  0.062  0.017  1.000 -0.161
       24  0.24477  -0.018  0.170  0.021  0.047  0.112 -0.035  0.000 -0.071 -0.018 -0.161  1.000
MINUIT - FIT ONLY 2-CBO
 **********
 **   25 **RES 
 **********
                   PARAMETER   16  beta_vw RESTORED TO VARIABLE.
                   PARAMETER   14  alpha_vw RESTORED TO VARIABLE.
                   PARAMETER   11  alpha_y RESTORED TO VARIABLE.
                   PARAMETER    9  alpha_2CBO RESTORED TO VARIABLE.
                   PARAMETER    8  beta_CBO RESTORED TO VARIABLE.
 **********
 **   26 **FIX            0
 **********
 PARAMETER    0  IS UNDEFINED. IGNORED.
 **********
 **   27 **FIX            1
 **********
 **********
 **   28 **FIX            2
 **********
 PARAMETER    2  IS CONSTANT.   IGNORED.
 **********
 **   29 **FIX            3
 **********
 **********
 **   30 **FIX            4
 **********
 **********
 **   31 **FIX            5
 **********
 PARAMETER    5  IS CONSTANT.   IGNORED.
 **********
 **   32 **FIX            6
 **********
 **********
 **   33 **FIX            7
 **********
 PARAMETER    7  IS CONSTANT.   IGNORED.
 **********
 **   34 **FIX           10
 **********
 **********
 **   35 **FIX           11
 **********
 **********
 **   36 **FIX           12
 **********
 PARAMETER   12  IS CONSTANT.   IGNORED.
 **********
 **   37 **FIX           13
 **********
 **********
 **   38 **FIX           14
 **********
 **********
 **   39 **FIX           15
 **********
 PARAMETER   15  IS CONSTANT.   IGNORED.
 **********
 **   40 **FIX           16
 **********
 **********
 **   41 **MIGRAD
 **********
 START MIGRAD MINIMIZATION.  STRATEGY  1.  CONVERGENCE WHEN EDM .LT. 1.00e-04
 FCN=1432.82 FROM MIGRAD    STATUS=INITIATE       18 CALLS        1323 TOTAL
                     EDM= unknown      STRATEGY= 1      NO ERROR MATRIX       
  EXT PARAMETER               CURRENT GUESS       STEP         FIRST   
  NO.   NAME      VALUE            ERROR          SIZE      DERIVATIVE 
   1  N0           2.91060e+06     fixed    
   2  tau          6.44099e+01   constant   
   3  A0           3.53766e-01     fixed    
   4  phi          4.11825e+00     fixed    
   5  R           -6.16610e+01   constant   
   6  alpha_CBO    9.17503e-04     fixed    
   7  w_CBO        2.32500e+00   constant   
   8  beta_CBO     0.00000e+00   1.00000e-03   1.00000e-03   5.01324e+05
   9  alpha_2CBO   0.00000e+00   1.00000e-03   1.00000e-03   3.65121e+03
  10  beta_2CBO   -5.16592e-05     fixed    
  11  alpha_y      0.00000e+00     fixed    
  12  w_y          1.38860e+01   constant   
  13  beta_y       1.13207e-03     fixed    
  14  alpha_vw     0.00000e+00     fixed    
  15  w_vw         1.43404e+01   constant   
  16  beta_vw      0.00000e+00     fixed    
  17  LM           1.71412e-04   constant   
  18  zeta_y       0.00000e+00   constant   
  19  zeta_vw      0.00000e+00   constant   
  20  T_CBO        9.99999e+02   7.13964e+02  -3.32161e-06  -7.07502e-05
  21  alpha_A0     2.08482e-05   6.11376e-04  -1.03839e-06   2.24868e-01
  22  beta_A0     -3.24608e-03   5.96727e-04  -1.16060e-06   7.72434e-01
  23  alpha_phi    1.85521e-03   5.58531e-04   2.56692e-07   2.28305e+00
  24  beta_phi    -1.16807e-03   6.43040e-04   1.12612e-06   1.80044e+00
 CALL LIMIT EXCEEDED IN MIGRAD.
 MIGRAD TERMINATED WITHOUT CONVERGENCE.
 FCN=126.606 FROM MIGRAD    STATUS=CALL LIMIT   1159 CALLS        2464 TOTAL
                     EDM=0.175891    STRATEGY= 1  ERROR MATRIX UNCERTAINTY  20.3 per cent
  EXT PARAMETER                APPROXIMATE        STEP         FIRST   
  NO.   NAME      VALUE            ERROR          SIZE      DERIVATIVE 
   1  N0           2.91060e+06     fixed    
   2  tau          6.44099e+01   constant   
   3  A0           3.53766e-01     fixed    
   4  phi          4.11825e+00     fixed    
   5  R           -6.16610e+01   constant   
   6  alpha_CBO    9.17503e-04     fixed    
   7  w_CBO        2.32500e+00   constant   
   8  beta_CBO    -5.23772e-03   1.37834e-04  -2.68249e-05  -2.48141e+03
   9  alpha_2CBO   2.10455e-04   1.28719e-04  -4.90805e-05  -4.05516e+03
  10  beta_2CBO   -5.16592e-05     fixed    
  11  alpha_y      0.00000e+00     fixed    
  12  w_y          1.38860e+01   constant   
  13  beta_y       1.13207e-03     fixed    
  14  alpha_vw     0.00000e+00     fixed    
  15  w_vw         1.43404e+01   constant   
  16  beta_vw      0.00000e+00     fixed    
  17  LM           1.71412e-04   constant   
  18  zeta_y       0.00000e+00   constant   
  19  zeta_vw      0.00000e+00   constant   
  20  T_CBO        1.44129e+01   1.55900e+00  -4.78453e-03  -1.04468e+02
  21  alpha_A0     8.07970e-01   4.70783e-01   2.20822e-01  -9.78323e-01
  22  beta_A0     -1.29141e+00   7.50820e-01  -3.52101e-01  -5.77730e-01
  23  alpha_phi    2.08500e+00   1.20990e+00   5.67445e-01   1.35883e-01
  24  beta_phi    -6.26822e+00   3.64054e+00  -1.70745e+00   4.86965e-01
 EXTERNAL ERROR MATRIX.    NDIM=  25    NPAR=  7    ERR DEF=1
  1.900e-08 -2.695e-09  9.753e-06 -5.430e-06  8.649e-06 -1.396e-05  4.200e-05 
 -2.695e-09  1.657e-08  1.234e-05 -4.674e-06  7.447e-06 -1.200e-05  3.612e-05 
  9.753e-06  1.234e-05  2.431e+00 -7.044e-01  1.123e+00 -1.810e+00  5.447e+00 
 -5.430e-06 -4.674e-06 -7.044e-01  2.216e-01 -3.535e-01  5.696e-01 -1.714e+00 
  8.649e-06  7.447e-06  1.123e+00 -3.535e-01  5.637e-01 -9.084e-01  2.733e+00 
 -1.396e-05 -1.200e-05 -1.810e+00  5.696e-01 -9.084e-01  1.464e+00 -4.405e+00 
  4.200e-05  3.612e-05  5.447e+00 -1.714e+00  2.733e+00 -4.405e+00  1.325e+01 
ERR MATRIX APPROXIMATE
 PARAMETER  CORRELATION COEFFICIENTS  
       NO.  GLOBAL      8      9     20     21     22     23     24
        8  0.26650   1.000 -0.152  0.045 -0.084  0.084 -0.084  0.084
        9  0.21840  -0.152  1.000  0.062 -0.077  0.077 -0.077  0.077
       20  0.96096   0.045  0.062  1.000 -0.960  0.960 -0.960  0.960
       21  1.00000  -0.084 -0.077 -0.960  1.000 -1.000  1.000 -1.000
       22  1.00000   0.084  0.077  0.960 -1.000  1.000 -1.000  1.000
       23  1.00000  -0.084 -0.077 -0.960  1.000 -1.000  1.000 -1.000
       24  1.00000   0.084  0.077  0.960 -1.000  1.000 -1.000  1.000
 ERR MATRIX APPROXIMATE
MINUIT - FIT wiggle + 1-CBO + 2-CBO
 **********
 **   42 **RES 
 **********
                   PARAMETER   16  beta_vw RESTORED TO VARIABLE.
                   PARAMETER   14  alpha_vw RESTORED TO VARIABLE.
                   PARAMETER   13  beta_y RESTORED TO VARIABLE.
                   PARAMETER   11  alpha_y RESTORED TO VARIABLE.
                   PARAMETER   10  beta_2CBO RESTORED TO VARIABLE.
                   PARAMETER    6  alpha_CBO RESTORED TO VARIABLE.
                   PARAMETER    4  phi RESTORED TO VARIABLE.
                   PARAMETER    3  A0 RESTORED TO VARIABLE.
                   PARAMETER    1  N0 RESTORED TO VARIABLE.
 **********
 **   43 **FIX           10
 **********
 **********
 **   44 **FIX           11
 **********
 **********
 **   45 **FIX           12
 **********
 PARAMETER   12  IS CONSTANT.   IGNORED.
 **********
 **   46 **FIX           13
 **********
 **********
 **   47 **FIX           14
 **********
 **********
 **   48 **FIX           15
 **********
 PARAMETER   15  IS CONSTANT.   IGNORED.
 **********
 **   49 **FIX           16
 **********
 **********
 **   50 **MIGRAD
 **********
 START MIGRAD MINIMIZATION.  STRATEGY  1.  CONVERGENCE WHEN EDM .LT. 1.00e-04
 FCN=126.606 FROM MIGRAD    STATUS=INITIATE       22 CALLS        2486 TOTAL
                     EDM= unknown      STRATEGY= 1      NO ERROR MATRIX       
  EXT PARAMETER               CURRENT GUESS       STEP         FIRST   
  NO.   NAME      VALUE            ERROR          SIZE      DERIVATIVE 
   1  N0           2.91060e+06   3.01999e+02   3.01999e+02   1.37464e-02
   2  tau          6.44099e+01   constant   
   3  A0           3.53766e-01   1.42096e-04   1.42096e-04   9.37108e+03
   4  phi          4.11825e+00   3.80802e-04   3.80802e-04   3.43438e+04
   5  R           -6.16610e+01   constant   
   6  alpha_CBO    9.17503e-04   1.45750e-04   1.45750e-04   1.24390e+03
   7  w_CBO        2.32500e+00   constant   
   8  beta_CBO    -5.23772e-03   1.37834e-04  -2.68249e-05  -2.48141e+03
   9  alpha_2CBO   2.10455e-04   1.28719e-04  -4.90805e-05  -4.05516e+03
  10  beta_2CBO   -5.16592e-05     fixed    
  11  alpha_y      0.00000e+00     fixed    
  12  w_y          1.38860e+01   constant   
  13  beta_y       1.13207e-03     fixed    
  14  alpha_vw     0.00000e+00     fixed    
  15  w_vw         1.43404e+01   constant   
  16  beta_vw      0.00000e+00     fixed    
  17  LM           1.71412e-04   constant   
  18  zeta_y       0.00000e+00   constant   
  19  zeta_vw      0.00000e+00   constant   
  20  T_CBO        1.44129e+01   1.55900e+00  -4.78453e-03  -1.04468e+02
  21  alpha_A0     8.07970e-01   4.70783e-01   2.20822e-01  -9.78323e-01
  22  beta_A0     -1.29141e+00   7.50820e-01  -3.52101e-01  -5.77730e-01
  23  alpha_phi    2.08500e+00   1.20990e+00   5.67445e-01   1.35883e-01
  24  beta_phi    -6.26822e+00   3.64054e+00  -1.70745e+00   4.86965e-01
 MIGRAD MINIMIZATION HAS CONVERGED.
 MIGRAD WILL VERIFY CONVERGENCE AND ERROR MATRIX.
 FCN=82.0119 FROM HESSE     STATUS=NOT POSDEF    100 CALLS        2729 TOTAL
                     EDM=0.000386818    STRATEGY= 1      ERR MATRIX NOT POS-DEF
  EXT PARAMETER                APPROXIMATE        STEP         FIRST   
  NO.   NAME      VALUE            ERROR          SIZE      DERIVATIVE 
   1  N0           2.91032e+06   3.05837e+02   1.38775e+00  -1.00718e-06
   2  tau          6.44099e+01   constant   
   3  A0           3.53613e-01   1.40559e-04   5.78566e-07   6.55411e+00
   4  phi          4.11582e+00   3.97274e-04   1.96258e-06  -5.14604e-01
   5  R           -6.16610e+01   constant   
   6  alpha_CBO    8.51060e-04   1.44334e-04   6.04526e-07   1.14901e+00
   7  w_CBO        2.32500e+00   constant   
   8  beta_CBO    -5.40702e-03   1.46838e-04   6.29344e-07   6.93986e+00
   9  alpha_2CBO   3.13860e-04   1.44237e-04   6.19615e-07   2.42790e+00
  10  beta_2CBO   -5.16592e-05     fixed    
  11  alpha_y      0.00000e+00     fixed    
  12  w_y          1.38860e+01   constant   
  13  beta_y       1.13207e-03     fixed    
  14  alpha_vw     0.00000e+00     fixed    
  15  w_vw         1.43404e+01   constant   
  16  beta_vw      0.00000e+00     fixed    
  17  LM           1.71412e-04   constant   
  18  zeta_y       0.00000e+00   constant   
  19  zeta_vw      0.00000e+00   constant   
  20  T_CBO        1.43924e+01   4.31405e+00   1.06883e-05  -4.26261e-01
  21  alpha_A0     9.19680e-01   2.33179e+00   4.29575e-03  -8.32905e-04
  22  beta_A0     -1.02901e+00   2.56732e+00   4.17243e-03  -3.56306e-04
  23  alpha_phi    2.35587e+00   5.22783e+00   3.99857e-03   2.14428e-03
  24  beta_phi    -6.27836e+00   1.41272e+01   4.48150e-03  -9.72820e-04
 MIGRAD MINIMIZATION HAS CONVERGED.
 MIGRAD WILL VERIFY CONVERGENCE AND ERROR MATRIX.
 FCN=82.0066 FROM MIGRAD    STATUS=CONVERGED     899 CALLS        3363 TOTAL
                     EDM=8.51445e-06    STRATEGY= 1      ERR MATRIX NOT POS-DEF
  EXT PARAMETER                APPROXIMATE        STEP         FIRST   
  NO.   NAME      VALUE            ERROR          SIZE      DERIVATIVE 
   1  N0           2.91032e+06   3.05821e+02   1.38775e+00  -1.70258e-06
   2  tau          6.44099e+01   constant   
   3  A0           3.53613e-01   1.40418e-04   5.78545e-07  -1.36066e-01
   4  phi          4.11580e+00   3.96871e-04   1.96257e-06   4.82201e-01
   5  R           -6.16610e+01   constant   
   6  alpha_CBO    8.51418e-04   1.44317e-04   6.04507e-07   1.15655e+00
   7  w_CBO        2.32500e+00   constant   
   8  beta_CBO    -5.40590e-03   1.46826e-04   6.29324e-07  -2.23020e-02
   9  alpha_2CBO   3.12480e-04   1.44191e-04   6.19595e-07   1.29743e+00
  10  beta_2CBO   -5.16592e-05     fixed    
  11  alpha_y      0.00000e+00     fixed    
  12  w_y          1.38860e+01   constant   
  13  beta_y       1.13207e-03     fixed    
  14  alpha_vw     0.00000e+00     fixed    
  15  w_vw         1.43404e+01   constant   
  16  beta_vw      0.00000e+00     fixed    
  17  LM           1.71412e-04   constant   
  18  zeta_y       0.00000e+00   constant   
  19  zeta_vw      0.00000e+00   constant   
  20  T_CBO        1.56010e+01   5.07548e+00   1.20429e-05  -5.97477e-01
  21  alpha_A0     5.10047e-01   1.29818e+00   2.43539e-03   4.48681e-03
  22  beta_A0     -5.64121e-01   1.41400e+00   2.36792e-03   4.23099e-03
  23  alpha_phi    1.33981e+00   2.97883e+00   2.26816e-03   1.00716e-03
  24  beta_phi    -3.50948e+00   7.91249e+00   2.53660e-03   3.24224e-03
 EXTERNAL ERROR MATRIX.    NDIM=  25    NPAR= 11    ERR DEF=1
  9.353e+04 
  2.248e-03  1.972e-08 
 -2.263e-02  1.696e-09  1.575e-07 
  3.031e-03  5.106e-09 -4.956e-10  2.083e-08 
  1.246e-03  8.336e-10  9.607e-09  2.602e-10  2.156e-08 
 -1.847e-03 -3.526e-10 -2.807e-09  1.002e-09 -1.364e-09  2.079e-08 
  1.339e+02 -9.341e-06 -4.343e-04  7.371e-06  2.174e-05 -2.356e-05  2.577e+01 
 -2.774e+01 -7.529e-06  1.136e-04 -1.947e-05 -5.691e-06  7.914e-06 -5.947e+00  1.685e+00 
  6.600e+01 -8.911e-06 -1.239e-04 -5.596e-07 -3.967e-06 -1.855e-05  6.613e+00 -1.518e+00  1.999e+00 
 -4.159e+01 -6.154e-06  2.317e-04  6.196e-07 -1.195e-05  2.707e-05 -1.488e+01  3.444e+00 -3.822e+00  8.873e+00 
  2.130e+02  3.680e-06 -6.918e-04  1.922e-05  4.500e-05 -3.856e-05  4.006e+01 -9.275e+00  1.027e+01 -2.314e+01  6.261e+01 
ERR MATRIX NOT POS-DEF
 PARAMETER  CORRELATION COEFFICIENTS  
       NO.  GLOBAL      1      3      4      6      8      9     20     21     22     23     24
        1  0.36439   1.000  0.052 -0.186  0.069  0.028 -0.042  0.086 -0.070  0.153 -0.046  0.088
        3  0.37986   0.052  1.000  0.030  0.252  0.040 -0.017 -0.013 -0.041 -0.045 -0.015  0.003
        4  0.35486  -0.186  0.030  1.000 -0.009  0.165 -0.049 -0.216  0.221 -0.221  0.196 -0.220
        6  0.33996   0.069  0.252 -0.009  1.000  0.012  0.048  0.010 -0.104 -0.003  0.001  0.017
        8  0.27193   0.028  0.040  0.165  0.012  1.000 -0.064  0.029 -0.030 -0.019 -0.027  0.039
        9  0.26315  -0.042 -0.017 -0.049  0.048 -0.064  1.000 -0.032  0.042 -0.091  0.063 -0.034
       20  0.99781   0.086 -0.013 -0.216  0.010  0.029 -0.032  1.000 -0.902  0.921 -0.984  0.997
       21  0.90911  -0.070 -0.041  0.221 -0.104 -0.030  0.042 -0.902  1.000 -0.827  0.891 -0.903
       22  0.92829   0.153 -0.045 -0.221 -0.003 -0.019 -0.091  0.921 -0.827  1.000 -0.907  0.918
       23  0.98560  -0.046 -0.015  0.196  0.001 -0.027  0.063 -0.984  0.891 -0.907  1.000 -0.982
       24  0.99746   0.088  0.003 -0.220  0.017  0.039 -0.034  0.997 -0.903  0.918 -0.982  1.000
 ERR MATRIX NOT POS-DEF
MINUIT - FIT ONLY 1-y
 **********
 **   51 **RES 
 **********
                   PARAMETER   16  beta_vw RESTORED TO VARIABLE.
                   PARAMETER   14  alpha_vw RESTORED TO VARIABLE.
                   PARAMETER   13  beta_y RESTORED TO VARIABLE.
                   PARAMETER   11  alpha_y RESTORED TO VARIABLE.
                   PARAMETER   10  beta_2CBO RESTORED TO VARIABLE.
 **********
 **   52 **FIX            0
 **********
 PARAMETER    0  IS UNDEFINED. IGNORED.
 **********
 **   53 **FIX            1
 **********
 **********
 **   54 **FIX            2
 **********
 PARAMETER    2  IS CONSTANT.   IGNORED.
 **********
 **   55 **FIX            3
 **********
 **********
 **   56 **FIX            4
 **********
 **********
 **   57 **FIX            5
 **********
 PARAMETER    5  IS CONSTANT.   IGNORED.
 **********
 **   58 **FIX            6
 **********
 **********
 **   59 **FIX            7
 **********
 PARAMETER    7  IS CONSTANT.   IGNORED.
 **********
 **   60 **FIX            8
 **********
 **********
 **   61 **FIX            9
 **********
 **********
 **   62 **FIX           13
 **********
 **********
 **   63 **FIX           14
 **********
 **********
 **   64 **FIX           15
 **********
 PARAMETER   15  IS CONSTANT.   IGNORED.
 **********
 **   65 **FIX           16
 **********
 **********
 **   66 **MIGRAD
 **********
 START MIGRAD MINIMIZATION.  STRATEGY  1.  CONVERGENCE WHEN EDM .LT. 1.00e-04
 FCN=82.0066 FROM MIGRAD    STATUS=INITIATE       16 CALLS        3379 TOTAL
                     EDM= unknown      STRATEGY= 1      NO ERROR MATRIX       
  EXT PARAMETER               CURRENT GUESS       STEP         FIRST   
  NO.   NAME      VALUE            ERROR          SIZE      DERIVATIVE 
   1  N0           2.91032e+06     fixed    
   2  tau          6.44099e+01   constant   
   3  A0           3.53613e-01     fixed    
   4  phi          4.11580e+00     fixed    
   5  R           -6.16610e+01   constant   
   6  alpha_CBO    8.51418e-04     fixed    
   7  w_CBO        2.32500e+00   constant   
   8  beta_CBO    -5.40590e-03     fixed    
   9  alpha_2CBO   3.12480e-04     fixed    
  10  beta_2CBO   -5.16592e-05   1.40621e-04   1.40621e-04   1.89555e+04
  11  alpha_y      0.00000e+00   1.00000e-03   1.00000e-03   4.88058e+04
  12  w_y          1.38860e+01   constant   
  13  beta_y       1.13207e-03     fixed    
  14  alpha_vw     0.00000e+00     fixed    
  15  w_vw         1.43404e+01   constant   
  16  beta_vw      0.00000e+00     fixed    
  17  LM           1.71412e-04   constant   
  18  zeta_y       0.00000e+00   constant   
  19  zeta_vw      0.00000e+00   constant   
  20  T_CBO        1.56010e+01   5.07548e+00   1.20429e-05  -5.96663e-01
  21  alpha_A0     5.10047e-01   1.29818e+00   2.43539e-03   4.48682e-03
  22  beta_A0     -5.64121e-01   1.41400e+00   2.36792e-03   4.23115e-03
  23  alpha_phi    1.33981e+00   2.97883e+00   2.26816e-03   1.00716e-03
  24  beta_phi    -3.50948e+00   7.91249e+00   2.53660e-03   3.24224e-03
 MIGRAD MINIMIZATION HAS CONVERGED.
 MIGRAD WILL VERIFY CONVERGENCE AND ERROR MATRIX.
 FCN=68.7007 FROM MIGRAD    STATUS=CONVERGED     721 CALLS        4084 TOTAL
                     EDM=1.99289e-06    STRATEGY= 1      ERR MATRIX NOT POS-DEF
  EXT PARAMETER                APPROXIMATE        STEP         FIRST   
  NO.   NAME      VALUE            ERROR          SIZE      DERIVATIVE 
   1  N0           2.91032e+06     fixed    
   2  tau          6.44099e+01   constant   
   3  A0           3.53613e-01     fixed    
   4  phi          4.11580e+00     fixed    
   5  R           -6.16610e+01   constant   
   6  alpha_CBO    8.51418e-04     fixed    
   7  w_CBO        2.32500e+00   constant   
   8  beta_CBO    -5.40590e-03     fixed    
   9  alpha_2CBO   3.12480e-04     fixed    
  10  beta_2CBO   -2.34445e-04   1.40938e-04   5.62200e-07  -1.25080e+00
  11  alpha_y     -4.74427e-04   1.39508e-04   5.68946e-07  -7.07067e+00
  12  w_y          1.38860e+01   constant   
  13  beta_y       1.13207e-03     fixed    
  14  alpha_vw     0.00000e+00     fixed    
  15  w_vw         1.43404e+01   constant   
  16  beta_vw      0.00000e+00     fixed    
  17  LM           1.71412e-04   constant   
  18  zeta_y       0.00000e+00   constant   
  19  zeta_vw      0.00000e+00   constant   
  20  T_CBO        1.32166e+01   3.62100e+00   8.31122e-06   2.44454e-01
  21  alpha_A0     1.57457e+00   4.03177e+00   7.63329e-03  -4.48126e-04
  22  beta_A0     -2.17647e+00   5.27587e+00   7.40575e-03   2.55924e-04
  23  alpha_phi    4.67598e+00   1.03520e+01   7.10123e-03  -2.50499e-04
  24  beta_phi    -1.27060e+01   2.83867e+01   7.97946e-03  -4.26229e-04
 EXTERNAL ERROR MATRIX.    NDIM=  25    NPAR=  7    ERR DEF=1
  1.986e-08 -2.829e-10  5.212e-06  2.704e-05  1.279e-05 -1.703e-05  8.743e-05 
 -2.829e-10  1.946e-08  7.811e-06 -1.135e-05  1.474e-05 -2.727e-05  6.345e-05 
  5.212e-06  7.811e-06  1.312e+01 -1.289e+01  1.793e+01 -3.695e+01  1.026e+02 
  2.704e-05 -1.135e-05 -1.289e+01  1.626e+01 -1.759e+01  3.639e+01 -1.010e+02 
  1.279e-05  1.474e-05  1.793e+01 -1.759e+01  2.783e+01 -5.070e+01  1.403e+02 
 -1.703e-05 -2.727e-05 -3.695e+01  3.639e+01 -5.070e+01  1.072e+02 -2.891e+02 
  8.743e-05  6.345e-05  1.026e+02 -1.010e+02  1.403e+02 -2.891e+02  8.058e+02 
ERR MATRIX NOT POS-DEF
 PARAMETER  CORRELATION COEFFICIENTS  
       NO.  GLOBAL     10     11     20     21     22     23     24
       10  0.21122   1.000 -0.014  0.010  0.048  0.017 -0.012  0.022
       11  0.03718  -0.014  1.000  0.015 -0.020  0.020 -0.019  0.016
       20  0.99794   0.010  0.015  1.000 -0.883  0.939 -0.986  0.998
       21  0.88547   0.048 -0.020 -0.883  1.000 -0.827  0.872 -0.882
       22  0.93877   0.017  0.020  0.939 -0.827  1.000 -0.928  0.937
       23  0.98572  -0.012 -0.019 -0.986  0.872 -0.928  1.000 -0.984
       24  0.99762   0.022  0.016  0.998 -0.882  0.937 -0.984  1.000
 ERR MATRIX NOT POS-DEF
MINUIT - FIT ONLY 2-y
 **********
 **   67 **RES 
 **********
                   PARAMETER   16  beta_vw RESTORED TO VARIABLE.
                   PARAMETER   14  alpha_vw RESTORED TO VARIABLE.
                   PARAMETER   13  beta_y RESTORED TO VARIABLE.
                   PARAMETER    9  alpha_2CBO RESTORED TO VARIABLE.
                   PARAMETER    8  beta_CBO RESTORED TO VARIABLE.
                   PARAMETER    6  alpha_CBO RESTORED TO VARIABLE.
                   PARAMETER    4  phi RESTORED TO VARIABLE.
                   PARAMETER    3  A0 RESTORED TO VARIABLE.
                   PARAMETER    1  N0 RESTORED TO VARIABLE.
 **********
 **   68 **FIX            0
 **********
 PARAMETER    0  IS UNDEFINED. IGNORED.
 **********
 **   69 **FIX            1
 **********
 **********
 **   70 **FIX            2
 **********
 PARAMETER    2  IS CONSTANT.   IGNORED.
 **********
 **   71 **FIX            3
 **********
 **********
 **   72 **FIX            4
 **********
 **********
 **   73 **FIX            5
 **********
 PARAMETER    5  IS CONSTANT.   IGNORED.
 **********
 **   74 **FIX            6
 **********
 **********
 **   75 **FIX            7
 **********
 PARAMETER    7  IS CONSTANT.   IGNORED.
 **********
 **   76 **FIX            8
 **********
 **********
 **   77 **FIX            9
 **********
 **********
 **   78 **FIX           10
 **********
 **********
 **   79 **FIX           11
 **********
 **********
 **   80 **FIX           12
 **********
 PARAMETER   12  IS CONSTANT.   IGNORED.
 **********
 **   81 **FIX           16
 **********
 **********
 **   82 **MIGRAD
 **********
 START MIGRAD MINIMIZATION.  STRATEGY  1.  CONVERGENCE WHEN EDM .LT. 1.00e-04
 FCN=68.7007 FROM MIGRAD    STATUS=INITIATE       16 CALLS        4100 TOTAL
                     EDM= unknown      STRATEGY= 1      NO ERROR MATRIX       
  EXT PARAMETER               CURRENT GUESS       STEP         FIRST   
  NO.   NAME      VALUE            ERROR          SIZE      DERIVATIVE 
   1  N0           2.91032e+06     fixed    
   2  tau          6.44099e+01   constant   
   3  A0           3.53613e-01     fixed    
   4  phi          4.11580e+00     fixed    
   5  R           -6.16610e+01   constant   
   6  alpha_CBO    8.51418e-04     fixed    
   7  w_CBO        2.32500e+00   constant   
   8  beta_CBO    -5.40590e-03     fixed    
   9  alpha_2CBO   3.12480e-04     fixed    
  10  beta_2CBO   -2.34445e-04     fixed    
  11  alpha_y     -4.74427e-04     fixed    
  12  w_y          1.38860e+01   constant   
  13  beta_y       1.13207e-03   1.37381e-04   1.37381e-04  -1.69887e+03
  14  alpha_vw     0.00000e+00   1.00000e-03   1.00000e-03   3.57584e+04
  15  w_vw         1.43404e+01   constant   
  16  beta_vw      0.00000e+00     fixed    
  17  LM           1.71412e-04   constant   
  18  zeta_y       0.00000e+00   constant   
  19  zeta_vw      0.00000e+00   constant   
  20  T_CBO        1.32166e+01   3.62100e+00   8.31122e-06   2.45386e-01
  21  alpha_A0     1.57457e+00   4.03177e+00   7.63329e-03  -4.48127e-04
  22  beta_A0     -2.17647e+00   5.27587e+00   7.40575e-03   2.55908e-04
  23  alpha_phi    4.67598e+00   1.03520e+01   7.10123e-03  -2.50499e-04
  24  beta_phi    -1.27060e+01   2.83867e+01   7.97946e-03  -4.26230e-04
 MIGRAD MINIMIZATION HAS CONVERGED.
 MIGRAD WILL VERIFY CONVERGENCE AND ERROR MATRIX.
 COVARIANCE MATRIX CALCULATED SUCCESSFULLY
 FCN=61.9884 FROM HESSE     STATUS=OK             50 CALLS        4488 TOTAL
                     EDM=0.00265902    STRATEGY= 1      ERROR MATRIX ACCURATE 
  EXT PARAMETER                                   STEP         FIRST   
  NO.   NAME      VALUE            ERROR          SIZE      DERIVATIVE 
   1  N0           2.91032e+06     fixed    
   2  tau          6.44099e+01   constant   
   3  A0           3.53613e-01     fixed    
   4  phi          4.11580e+00     fixed    
   5  R           -6.16610e+01   constant   
   6  alpha_CBO    8.51418e-04     fixed    
   7  w_CBO        2.32500e+00   constant   
   8  beta_CBO    -5.40590e-03     fixed    
   9  alpha_2CBO   3.12480e-04     fixed    
  10  beta_2CBO   -2.34445e-04     fixed    
  11  alpha_y     -4.74427e-04     fixed    
  12  w_y          1.38860e+01   constant   
  13  beta_y       1.23512e-03   1.41616e-04   5.33125e-07   7.69482e+01
  14  alpha_vw    -3.69842e-04   1.43142e-04   5.38195e-07   5.76736e+01
  15  w_vw         1.43404e+01   constant   
  16  beta_vw      0.00000e+00     fixed    
