 + ++++++++++++++++++++++++++++++++++++++++++++++++++++++++++++++++++++ +
 +                                                                      +
 +           You have chose to blind your fitting according to          +
 +                omega_ref * (1 + (R +/- deltaR) *10^{-6})             +
 +                                                                      +
 + ++++++++++++++++++++++++++++++++++++++++++++++++++++++++++++++++++++ +
In main()...
reading format from /gm2data/zkhechad/run45/envelope/formats/formatB_sBin_constraintOn.txt
pBinTau 	= 0  
pBinPhi 	= 0  
constraintau 	= 1 
includeMopTerm 	= 0    
constrainMop    = 0   
Parameters after format file: pBinTau 0 pBinPhi 0 constraintau 1 includeMopTerm 0 constrainMop 0 c_e_scale 0.000000 
Opening file /gm2data/tbarrett/gm2fr/studies/run23_bunch_corrections/CorrectedFourier_Run3b.root.
reading full fit data from /gm2data/zkhechad/cboTemplates/Run4CBOTemplates/templateFits0_v2.0/noRF/sBin_constraintOn_cE0.0_seed0_noRF_calo2.root
windowBins = 69
fitting sliding window 928 from bin 1064 at 158.599600 to bin 1133 at 169.043600 (69 bins)

Reading data from /gm2data/cornell/histograms/aMethod/histogram_a_noRF.root
 **********
 **    1 **SET PRINTOUT            1
 **********
 **********
 **    2 **SET NOWARNINGS 
 **********
 PARAMETER DEFINITIONS:
    NO.   NAME         VALUE      STEP SIZE      LIMITS
     1 N0           3.21271e+06  1.00000e+02     no limits
     2 tau          6.44362e+01  constant
     3 A0           3.64394e-01  1.00000e-04     no limits
     4 phi          4.11820e+00  1.00000e-02     no limits
     5 R           -5.98416e+01  constant
     6 alpha_CBO    0.00000e+00  1.00000e-03     no limits
     7 w_CBO        2.32500e+00  constant
     8 beta_CBO     0.00000e+00  1.00000e-03     no limits
     9 alpha_2CBO   0.00000e+00  1.00000e-03     no limits
    10 beta_2CBO    0.00000e+00  1.00000e-03     no limits
    11 alpha_y      0.00000e+00  1.00000e-03     no limits
    12 w_y          1.44500e+01  constant
    13 beta_y       0.00000e+00  1.00000e-03     no limits
    14 alpha_vw     0.00000e+00  1.00000e-03     no limits
    15 w_vw         1.29000e+01  constant
    16 beta_vw      0.00000e+00  1.00000e-03     no limits
    17 LM           1.16794e-03  constant
    18 zeta_y       0.00000e+00  constant
    19 zeta_vw      0.00000e+00  constant
    20 T_CBO        1.00000e+02  1.00000e+00    0.00000e+00  1.00000e+03
    21 alpha_A0     0.00000e+00  1.00000e-03     no limits
    22 beta_A0      0.00000e+00  1.00000e-03     no limits
    23 alpha_phi    0.00000e+00  1.00000e-03     no limits
    24 beta_phi     0.00000e+00  1.00000e-03     no limits
MINUIT - FIT ONLY WIGGLE
 **********
 **    3 **FIX            5
 **********
 PARAMETER    5  IS CONSTANT.   IGNORED.
 **********
 **    4 **FIX            6
 **********
 **********
 **    5 **FIX            7
 **********
 PARAMETER    7  IS CONSTANT.   IGNORED.
 **********
 **    6 **FIX            8
 **********
 **********
 **    7 **FIX            9
 **********
 **********
 **    8 **FIX           10
 **********
 **********
 **    9 **FIX           11
 **********
 **********
 **   10 **FIX           12
 **********
 PARAMETER   12  IS CONSTANT.   IGNORED.
 **********
 **   11 **FIX           13
 **********
 **********
 **   12 **FIX           14
 **********
 **********
 **   13 **FIX           15
 **********
 PARAMETER   15  IS CONSTANT.   IGNORED.
 **********
 **   14 **FIX           16
 **********
 **********
 **   15 **MIGRAD
 **********
 FIRST CALL TO USER FUNCTION AT NEW START POINT, WITH IFLAG=4.
 START MIGRAD MINIMIZATION.  STRATEGY  1.  CONVERGENCE WHEN EDM .LT. 1.00e-04
 FCN=324.24 FROM MIGRAD    STATUS=INITIATE      437 CALLS         438 TOTAL
                     EDM= unknown      STRATEGY= 1      NO ERROR MATRIX       
  EXT PARAMETER               CURRENT GUESS       STEP         FIRST   
  NO.   NAME      VALUE            ERROR          SIZE      DERIVATIVE 
   1  N0           3.21271e+06   1.00000e+02   0.00000e+00  -1.87575e-03
   2  tau          6.44362e+01   constant   
   3  A0           3.64394e-01   1.00000e-04   0.00000e+00  -2.66621e+04
   4  phi          4.11820e+00   1.00000e-02   0.00000e+00  -3.65788e+03
   5  R           -5.98416e+01   constant   
   6  alpha_CBO    0.00000e+00     fixed    
   7  w_CBO        2.32500e+00   constant   
   8  beta_CBO     0.00000e+00     fixed    
   9  alpha_2CBO   0.00000e+00     fixed    
  10  beta_2CBO    0.00000e+00     fixed    
  11  alpha_y      0.00000e+00     fixed    
  12  w_y          1.44500e+01   constant   
  13  beta_y       0.00000e+00     fixed    
  14  alpha_vw     0.00000e+00     fixed    
  15  w_vw         1.29000e+01   constant   
  16  beta_vw      0.00000e+00     fixed    
  17  LM           1.16794e-03   constant   
  18  zeta_y       0.00000e+00   constant   
  19  zeta_vw      0.00000e+00   constant   
  20  T_CBO        1.00000e+02   1.00000e+00   0.00000e+00   0.00000e+00
  21  alpha_A0     0.00000e+00   1.00000e-03   0.00000e+00  -1.62399e+03
  22  beta_A0      0.00000e+00   1.00000e-03   0.00000e+00   8.63899e+02
  23  alpha_phi    0.00000e+00   1.00000e-03   0.00000e+00   1.41962e+03
  24  beta_phi     0.00000e+00   1.00000e-03   0.00000e+00   6.74987e+02
 CALL LIMIT EXCEEDED IN MIGRAD.
 MIGRAD TERMINATED WITHOUT CONVERGENCE.
 FCN=288.866 FROM MIGRAD    STATUS=CALL LIMIT   1329 CALLS        1330 TOTAL
                     EDM=0.0312335    STRATEGY= 1  ERROR MATRIX UNCERTAINTY   1.0 per cent
  EXT PARAMETER                APPROXIMATE        STEP         FIRST   
  NO.   NAME      VALUE            ERROR          SIZE      DERIVATIVE 
   1  N0           3.21346e+06   4.84139e+02   1.02644e+01   5.60267e-05
   2  tau          6.44362e+01   constant   
   3  A0           3.65008e-01   1.97748e-04   6.50441e-06  -2.46072e+02
   4  phi          4.11911e+00   5.47591e-04   2.47080e-05  -2.00185e+02
   5  R           -5.98416e+01   constant   
   6  alpha_CBO    0.00000e+00     fixed    
   7  w_CBO        2.32500e+00   constant   
   8  beta_CBO     0.00000e+00     fixed    
   9  alpha_2CBO   0.00000e+00     fixed    
  10  beta_2CBO    0.00000e+00     fixed    
  11  alpha_y      0.00000e+00     fixed    
  12  w_y          1.44500e+01   constant   
  13  beta_y       0.00000e+00     fixed    
  14  alpha_vw     0.00000e+00     fixed    
  15  w_vw         1.29000e+01   constant   
  16  beta_vw      0.00000e+00     fixed    
  17  LM           1.16794e-03   constant   
  18  zeta_y       0.00000e+00   constant   
  19  zeta_vw      0.00000e+00   constant   
  20  T_CBO        2.46777e+01   3.95029e+00  -3.60664e-03  -5.93099e+01
  21  alpha_A0     1.86889e+00   1.70045e+00   2.27828e-01  -4.34772e-01
  22  beta_A0     -8.80340e-01   7.78983e-01  -1.04463e-01   9.40951e-02
  23  alpha_phi   -1.71176e+00   1.52201e+00  -2.04103e-01   3.34732e-01
  24  beta_phi    -9.91740e-01   8.88750e-01  -1.19165e-01   3.13618e-01
 EXTERNAL ERROR MATRIX.    NDIM=  25    NPAR=  8    ERR DEF=1
  2.344e+05 -3.413e-03  3.425e-02  4.097e+01  1.371e+01 -6.066e+00 -1.188e+01 -7.493e+00 
 -3.413e-03  3.910e-08  6.284e-10 -2.182e-05  1.154e-05 -5.444e-06 -1.060e-05 -6.025e-06 
  3.425e-02  6.284e-10  2.999e-07  9.242e-05 -3.538e-05  1.614e-05  3.136e-05  1.813e-05 
  4.097e+01 -2.182e-05  9.242e-05  1.561e+01 -6.660e+00  3.052e+00  5.962e+00  3.481e+00 
  1.371e+01  1.154e-05 -3.538e-05 -6.660e+00  2.892e+00 -1.325e+00 -2.588e+00 -1.511e+00 
 -6.066e+00 -5.444e-06  1.614e-05  3.052e+00 -1.325e+00  6.068e-01  1.186e+00  6.923e-01 
 -1.188e+01 -1.060e-05  3.136e-05  5.962e+00 -2.588e+00  1.186e+00  2.317e+00  1.353e+00 
 -7.493e+00 -6.025e-06  1.813e-05  3.481e+00 -1.511e+00  6.923e-01  1.353e+00  7.899e-01 
ERR MATRIX APPROXIMATE
 PARAMETER  CORRELATION COEFFICIENTS  
       NO.  GLOBAL      1      3      4     20     21     22     23     24
        1  0.36205   1.000 -0.036  0.129  0.021  0.017 -0.016 -0.016 -0.017
        3  0.22229  -0.036  1.000  0.006 -0.028  0.034 -0.035 -0.035 -0.034
        4  0.17605   0.129  0.006  1.000  0.043 -0.038  0.038  0.038  0.037
       20  0.99260   0.021 -0.028  0.043  1.000 -0.991  0.992  0.992  0.991
       21  0.99999   0.017  0.034 -0.038 -0.991  1.000 -1.000 -1.000 -1.000
       22  0.99999  -0.016 -0.035  0.038  0.992 -1.000  1.000  1.000  1.000
       23  0.99999  -0.016 -0.035  0.038  0.992 -1.000  1.000  1.000  1.000
       24  0.99999  -0.017 -0.034  0.037  0.991 -1.000  1.000  1.000  1.000
 ERR MATRIX APPROXIMATE
MINUIT - FIT ONLY 1-CBO + wiggle
 **********
 **   16 **RES 
 **********
                   PARAMETER   16  beta_vw RESTORED TO VARIABLE.
                   PARAMETER   14  alpha_vw RESTORED TO VARIABLE.
                   PARAMETER   13  beta_y RESTORED TO VARIABLE.
                   PARAMETER   11  alpha_y RESTORED TO VARIABLE.
                   PARAMETER   10  beta_2CBO RESTORED TO VARIABLE.
                   PARAMETER    9  alpha_2CBO RESTORED TO VARIABLE.
                   PARAMETER    8  beta_CBO RESTORED TO VARIABLE.
                   PARAMETER    6  alpha_CBO RESTORED TO VARIABLE.
 **********
 **   17 **FIX            8
 **********
 **********
 **   18 **FIX            9
 **********
 **********
 **   19 **FIX           11
 **********
 **********
 **   20 **FIX           12
 **********
 PARAMETER   12  IS CONSTANT.   IGNORED.
 **********
 **   21 **FIX           14
 **********
 **********
 **   22 **FIX           15
 **********
 PARAMETER   15  IS CONSTANT.   IGNORED.
 **********
 **   23 **FIX           16
 **********
 **********
 **   24 **MIGRAD
 **********
 START MIGRAD MINIMIZATION.  STRATEGY  1.  CONVERGENCE WHEN EDM .LT. 1.00e-04
 FCN=288.866 FROM MIGRAD    STATUS=INITIATE       28 CALLS        1358 TOTAL
                     EDM= unknown      STRATEGY= 1      NO ERROR MATRIX       
  EXT PARAMETER               CURRENT GUESS       STEP         FIRST   
  NO.   NAME      VALUE            ERROR          SIZE      DERIVATIVE 
   1  N0           3.21346e+06   4.84139e+02   1.02644e+01   5.60267e-05
   2  tau          6.44362e+01   constant   
   3  A0           3.65008e-01   1.97748e-04   6.50441e-06  -2.46072e+02
   4  phi          4.11911e+00   5.47591e-04   2.47080e-05  -2.00185e+02
   5  R           -5.98416e+01   constant   
   6  alpha_CBO    0.00000e+00   1.00000e-03   1.00000e-03   1.23594e+05
   7  w_CBO        2.32500e+00   constant   
   8  beta_CBO     0.00000e+00     fixed    
   9  alpha_2CBO   0.00000e+00     fixed    
  10  beta_2CBO    0.00000e+00   1.00000e-03   1.00000e-03   1.24667e+04
  11  alpha_y      0.00000e+00     fixed    
  12  w_y          1.44500e+01   constant   
  13  beta_y       0.00000e+00   1.00000e-03   1.00000e-03  -2.28016e+04
  14  alpha_vw     0.00000e+00     fixed    
  15  w_vw         1.29000e+01   constant   
  16  beta_vw      0.00000e+00     fixed    
  17  LM           1.16794e-03   constant   
  18  zeta_y       0.00000e+00   constant   
  19  zeta_vw      0.00000e+00   constant   
  20  T_CBO        2.46777e+01   3.95029e+00  -3.60664e-03  -5.93099e+01
  21  alpha_A0     1.86889e+00   1.70045e+00   2.27828e-01  -4.34772e-01
  22  beta_A0     -8.80340e-01   7.78983e-01  -1.04463e-01   9.40951e-02
  23  alpha_phi   -1.71176e+00   1.52201e+00  -2.04103e-01   3.34732e-01
  24  beta_phi    -9.91740e-01   8.88750e-01  -1.19165e-01   3.13618e-01
 CALL LIMIT EXCEEDED IN MIGRAD.
 MIGRAD TERMINATED WITHOUT CONVERGENCE.
 FCN=108.667 FROM MIGRAD    STATUS=CALL LIMIT   1925 CALLS        3255 TOTAL
                     EDM=0.0212029    STRATEGY= 1  ERROR MATRIX UNCERTAINTY  15.9 per cent
  EXT PARAMETER                APPROXIMATE        STEP         FIRST   
  NO.   NAME      VALUE            ERROR          SIZE      DERIVATIVE 
   1  N0           3.21364e+06   4.82824e+02   9.19260e+00   1.59497e-04
   2  tau          6.44362e+01   constant   
   3  A0           3.64972e-01   1.95685e-04   1.20130e-06   1.25665e+02
   4  phi          4.11748e+00   5.86300e-04  -2.28272e-05  -9.70258e+01
   5  R           -5.98416e+01   constant   
   6  alpha_CBO   -2.80359e-03   2.16003e-04   4.76469e-06   3.06669e+02
   7  w_CBO        2.32500e+00   constant   
   8  beta_CBO     0.00000e+00     fixed    
   9  alpha_2CBO   0.00000e+00     fixed    
  10  beta_2CBO   -6.49750e-05   2.03106e-04   2.51060e-06   5.28737e+01
  11  alpha_y      0.00000e+00     fixed    
  12  w_y          1.44500e+01   constant   
  13  beta_y       4.43206e-04   2.05851e-04  -3.11437e-07  -7.63248e-01
  14  alpha_vw     0.00000e+00     fixed    
  15  w_vw         1.29000e+01   constant   
  16  beta_vw      0.00000e+00     fixed    
  17  LM           1.16794e-03   constant   
  18  zeta_y       0.00000e+00   constant   
  19  zeta_vw      0.00000e+00   constant   
  20  T_CBO        1.15352e+01   1.31760e+00  -1.01977e-03  -8.87163e+01
  21  alpha_A0     2.63125e+03   3.65928e+03   3.17893e+02   2.10657e-04
  22  beta_A0     -1.51820e+03   2.11722e+03  -1.83935e+02   3.13148e-04
  23  alpha_phi   -1.95084e+03   2.70976e+03  -2.35407e+02   2.80989e-04
  24  beta_phi    -1.94588e+03   2.70656e+03  -2.35128e+02   1.62496e-04
 EXTERNAL ERROR MATRIX.    NDIM=  25    NPAR= 11    ERR DEF=1
  2.331e+05 
 -3.872e-03  3.829e-08 
  2.574e-02  1.966e-09  3.437e-07 
 -4.775e-04  1.061e-09  2.308e-08  4.666e-08 
  5.707e-03  7.966e-10 -5.880e-09 -2.811e-09  4.125e-08 
 -4.198e-04 -2.644e-10 -1.011e-10  5.076e-10  3.014e-10  4.237e-08 
  1.914e+01 -1.252e-05  1.325e-05  3.879e-06  2.472e-06  2.912e-07  1.736e+00 
  6.497e+04  4.907e-02 -1.203e-01  3.049e-02  4.529e-03 -1.128e-03 -4.777e+03  1.339e+07 
 -3.752e+04 -2.841e-02  6.975e-02 -1.765e-02 -2.628e-03  6.539e-04  2.764e+03 -7.747e+06  4.483e+06 
 -4.804e+04 -3.637e-02  8.914e-02 -2.258e-02 -3.370e-03  8.377e-04  3.537e+03 -9.916e+06  5.737e+06  7.343e+06 
 -4.807e+04 -3.629e-02  8.899e-02 -2.255e-02 -3.364e-03  8.361e-04  3.533e+03 -9.904e+06  5.730e+06  7.334e+06  7.325e+06 
ERR MATRIX APPROXIMATE
 PARAMETER  CORRELATION COEFFICIENTS  
       NO.  GLOBAL      1      3      4      6     10     13     20     21     22     23     24
        1  0.67040   1.000 -0.041  0.091 -0.005  0.058 -0.004  0.030  0.037 -0.037 -0.037 -0.037
        3  0.29246  -0.041  1.000  0.017  0.025  0.020 -0.007 -0.049  0.069 -0.069 -0.069 -0.069
        4  0.57981   0.091  0.017  1.000  0.182 -0.049 -0.001  0.017 -0.056  0.056  0.056  0.056
        6  0.60646  -0.005  0.025  0.182  1.000 -0.064  0.011  0.014  0.039 -0.039 -0.039 -0.039
       10  0.18795   0.058  0.020 -0.049 -0.064  1.000  0.007  0.009  0.006 -0.006 -0.006 -0.006
       13  0.02131  -0.004 -0.007 -0.001  0.011  0.007  1.000  0.001 -0.001  0.002  0.002  0.002
       20  0.99640   0.030 -0.049  0.017  0.014  0.009  0.001  1.000 -0.991  0.991  0.991  0.991
       21  1.00000   0.037  0.069 -0.056  0.039  0.006 -0.001 -0.991  1.000 -1.000 -1.000 -1.000
       22  1.00000  -0.037 -0.069  0.056 -0.039 -0.006  0.002  0.991 -1.000  1.000  1.000  1.000
       23  1.00000  -0.037 -0.069  0.056 -0.039 -0.006  0.002  0.991 -1.000  1.000  1.000  1.000
       24  1.00000  -0.037 -0.069  0.056 -0.039 -0.006  0.002  0.991 -1.000  1.000  1.000  1.000
 ERR MATRIX APPROXIMATE
MINUIT - FIT ONLY 2-CBO
 **********
 **   25 **RES 
 **********
                   PARAMETER   16  beta_vw RESTORED TO VARIABLE.
                   PARAMETER   14  alpha_vw RESTORED TO VARIABLE.
                   PARAMETER   11  alpha_y RESTORED TO VARIABLE.
                   PARAMETER    9  alpha_2CBO RESTORED TO VARIABLE.
                   PARAMETER    8  beta_CBO RESTORED TO VARIABLE.
 **********
 **   26 **FIX            0
 **********
 PARAMETER    0  IS UNDEFINED. IGNORED.
 **********
 **   27 **FIX            1
 **********
 **********
 **   28 **FIX            2
 **********
 PARAMETER    2  IS CONSTANT.   IGNORED.
 **********
 **   29 **FIX            3
 **********
 **********
 **   30 **FIX            4
 **********
 **********
 **   31 **FIX            5
 **********
 PARAMETER    5  IS CONSTANT.   IGNORED.
 **********
 **   32 **FIX            6
 **********
 **********
 **   33 **FIX            7
 **********
 PARAMETER    7  IS CONSTANT.   IGNORED.
 **********
 **   34 **FIX           10
 **********
 **********
 **   35 **FIX           11
 **********
 **********
 **   36 **FIX           12
 **********
 PARAMETER   12  IS CONSTANT.   IGNORED.
 **********
 **   37 **FIX           13
 **********
 **********
 **   38 **FIX           14
 **********
 **********
 **   39 **FIX           15
 **********
 PARAMETER   15  IS CONSTANT.   IGNORED.
 **********
 **   40 **FIX           16
 **********
 **********
 **   41 **MIGRAD
 **********
 START MIGRAD MINIMIZATION.  STRATEGY  1.  CONVERGENCE WHEN EDM .LT. 1.00e-04
 FCN=108.667 FROM MIGRAD    STATUS=INITIATE       18 CALLS        3273 TOTAL
                     EDM= unknown      STRATEGY= 1      NO ERROR MATRIX       
  EXT PARAMETER               CURRENT GUESS       STEP         FIRST   
  NO.   NAME      VALUE            ERROR          SIZE      DERIVATIVE 
   1  N0           3.21364e+06     fixed    
   2  tau          6.44362e+01   constant   
   3  A0           3.64972e-01     fixed    
   4  phi          4.11748e+00     fixed    
   5  R           -5.98416e+01   constant   
   6  alpha_CBO   -2.80359e-03     fixed    
   7  w_CBO        2.32500e+00   constant   
   8  beta_CBO     0.00000e+00   1.00000e-03   1.00000e-03  -7.09431e+04
   9  alpha_2CBO   0.00000e+00   1.00000e-03   1.00000e-03   1.17382e+04
  10  beta_2CBO   -6.49750e-05     fixed    
  11  alpha_y      0.00000e+00     fixed    
  12  w_y          1.44500e+01   constant   
  13  beta_y       4.43206e-04     fixed    
  14  alpha_vw     0.00000e+00     fixed    
  15  w_vw         1.29000e+01   constant   
  16  beta_vw      0.00000e+00     fixed    
  17  LM           1.16794e-03   constant   
  18  zeta_y       0.00000e+00   constant   
  19  zeta_vw      0.00000e+00   constant   
  20  T_CBO        1.15352e+01   1.31760e+00  -1.01977e-03  -8.87164e+01
  21  alpha_A0     2.63125e+03   3.65928e+03   3.17893e+02   2.10657e-04
  22  beta_A0     -1.51820e+03   2.11722e+03  -1.83935e+02   3.13148e-04
  23  alpha_phi   -1.95084e+03   2.70976e+03  -2.35407e+02   2.80989e-04
  24  beta_phi    -1.94588e+03   2.70656e+03  -2.35128e+02   1.62496e-04
 CALL LIMIT EXCEEDED IN MIGRAD.
 MIGRAD TERMINATED WITHOUT CONVERGENCE.
 FCN=52.3823 FROM MIGRAD    STATUS=CALL LIMIT   1161 CALLS        4416 TOTAL
                     EDM=0.0057506    STRATEGY= 1  ERROR MATRIX UNCERTAINTY  25.4 per cent
  EXT PARAMETER                APPROXIMATE        STEP         FIRST   
  NO.   NAME      VALUE            ERROR          SIZE      DERIVATIVE 
   1  N0           3.21364e+06     fixed    
   2  tau          6.44362e+01   constant   
   3  A0           3.64972e-01     fixed    
   4  phi          4.11748e+00     fixed    
   5  R           -5.98416e+01   constant   
   6  alpha_CBO   -2.80359e-03     fixed    
   7  w_CBO        2.32500e+00   constant   
   8  beta_CBO     1.52425e-03   2.00045e-04  -1.00783e-05  -2.02132e+02
   9  alpha_2CBO  -2.50339e-04   2.00629e-04   1.14688e-05   2.03340e+02
  10  beta_2CBO   -6.49750e-05     fixed    
  11  alpha_y      0.00000e+00     fixed    
  12  w_y          1.44500e+01   constant   
  13  beta_y       4.43206e-04     fixed    
  14  alpha_vw     0.00000e+00     fixed    
  15  w_vw         1.29000e+01   constant   
  16  beta_vw      0.00000e+00     fixed    
  17  LM           1.16794e-03   constant   
  18  zeta_y       0.00000e+00   constant   
  19  zeta_vw      0.00000e+00   constant   
  20  T_CBO        7.44178e+00   6.72365e-01  -5.58910e-04  -8.11834e+01
  21  alpha_A0     4.46446e+06   7.81234e+06   5.35777e+05  -9.03709e-08
  22  beta_A0     -1.52005e+06   2.68062e+06  -1.83830e+05   4.83310e-08
  23  alpha_phi   -5.10650e+06   8.93374e+06  -6.12676e+05  -3.73254e-08
  24  beta_phi    -6.47176e+06   1.13341e+07  -7.77280e+05   2.07283e-08
 EXTERNAL ERROR MATRIX.    NDIM=  25    NPAR=  7    ERR DEF=1
  4.002e-08  1.005e-09  2.477e-05 -3.226e+02  1.107e+02  3.689e+02  4.680e+02 
  1.005e-09  4.025e-08 -2.929e-05  3.682e+02 -1.263e+02 -4.210e+02 -5.341e+02 
  2.477e-05 -2.929e-05  4.521e-01 -5.214e+06  1.789e+06  5.963e+06  7.565e+06 
 -3.226e+02  3.682e+02 -5.214e+06  6.103e+13 -2.094e+13 -6.979e+13 -8.855e+13 
  1.107e+02 -1.263e+02  1.789e+06 -2.094e+13  7.186e+12  2.395e+13  3.038e+13 
  3.689e+02 -4.210e+02  5.963e+06 -6.979e+13  2.395e+13  7.981e+13  1.013e+14 
  4.680e+02 -5.341e+02  7.565e+06 -8.855e+13  3.038e+13  1.013e+14  1.285e+14 
ERR MATRIX APPROXIMATE
 PARAMETER  CORRELATION COEFFICIENTS  
       NO.  GLOBAL      8      9     20     21     22     23     24
        8  0.30952   1.000  0.025  0.184 -0.206  0.206  0.206  0.206
        9  0.33692   0.025  1.000 -0.217  0.235 -0.235 -0.235 -0.235
       20  0.99415   0.184 -0.217  1.000 -0.993  0.993  0.993  0.993
       21  1.00000  -0.206  0.235 -0.993  1.000 -1.000 -1.000 -1.000
       22  1.00000   0.206 -0.235  0.993 -1.000  1.000  1.000  1.000
       23  1.00000   0.206 -0.235  0.993 -1.000  1.000  1.000  1.000
       24  1.00000   0.206 -0.235  0.993 -1.000  1.000  1.000  1.000
 ERR MATRIX APPROXIMATE
MINUIT - FIT wiggle + 1-CBO + 2-CBO
 **********
 **   42 **RES 
 **********
                   PARAMETER   16  beta_vw RESTORED TO VARIABLE.
                   PARAMETER   14  alpha_vw RESTORED TO VARIABLE.
                   PARAMETER   13  beta_y RESTORED TO VARIABLE.
                   PARAMETER   11  alpha_y RESTORED TO VARIABLE.
                   PARAMETER   10  beta_2CBO RESTORED TO VARIABLE.
                   PARAMETER    6  alpha_CBO RESTORED TO VARIABLE.
                   PARAMETER    4  phi RESTORED TO VARIABLE.
                   PARAMETER    3  A0 RESTORED TO VARIABLE.
                   PARAMETER    1  N0 RESTORED TO VARIABLE.
 **********
 **   43 **FIX           10
 **********
 **********
 **   44 **FIX           11
 **********
 **********
 **   45 **FIX           12
 **********
 PARAMETER   12  IS CONSTANT.   IGNORED.
 **********
 **   46 **FIX           13
 **********
 **********
 **   47 **FIX           14
 **********
 **********
 **   48 **FIX           15
 **********
 PARAMETER   15  IS CONSTANT.   IGNORED.
 **********
 **   49 **FIX           16
 **********
 **********
 **   50 **MIGRAD
 **********
 START MIGRAD MINIMIZATION.  STRATEGY  1.  CONVERGENCE WHEN EDM .LT. 1.00e-04
 FCN=52.3823 FROM MIGRAD    STATUS=INITIATE       22 CALLS        4438 TOTAL
                     EDM= unknown      STRATEGY= 1      NO ERROR MATRIX       
  EXT PARAMETER               CURRENT GUESS       STEP         FIRST   
  NO.   NAME      VALUE            ERROR          SIZE      DERIVATIVE 
   1  N0           3.21364e+06   4.82824e+02   4.82824e+02   2.35817e-03
   2  tau          6.44362e+01   constant   
   3  A0           3.64972e-01   1.95685e-04   1.95685e-04   1.37590e+04
   4  phi          4.11748e+00   5.86300e-04   5.86300e-04   2.98089e+02
   5  R           -5.98416e+01   constant   
   6  alpha_CBO   -2.80359e-03   2.16003e-04   2.16003e-04  -3.04018e+03
   7  w_CBO        2.32500e+00   constant   
   8  beta_CBO     1.52425e-03   2.00045e-04  -1.00783e-05  -2.02132e+02
   9  alpha_2CBO  -2.50339e-04   2.00629e-04   1.14688e-05   2.03340e+02
  10  beta_2CBO   -6.49750e-05     fixed    
  11  alpha_y      0.00000e+00     fixed    
  12  w_y          1.44500e+01   constant   
  13  beta_y       4.43206e-04     fixed    
  14  alpha_vw     0.00000e+00     fixed    
  15  w_vw         1.29000e+01   constant   
  16  beta_vw      0.00000e+00     fixed    
  17  LM           1.16794e-03   constant   
  18  zeta_y       0.00000e+00   constant   
  19  zeta_vw      0.00000e+00   constant   
  20  T_CBO        7.44178e+00   6.72365e-01  -5.58910e-04  -8.11834e+01
  21  alpha_A0     4.46446e+06   7.81234e+06   5.35777e+05  -9.03710e-08
  22  beta_A0     -1.52005e+06   2.68062e+06  -1.83830e+05   4.83304e-08
  23  alpha_phi   -5.10650e+06   8.93374e+06  -6.12676e+05  -3.73254e-08
  24  beta_phi    -6.47176e+06   1.13341e+07  -7.77280e+05   2.07283e-08
 MIGRAD MINIMIZATION HAS CONVERGED.
 MIGRAD WILL VERIFY CONVERGENCE AND ERROR MATRIX.
 FCN=49.7431 FROM HESSE     STATUS=NOT POSDEF    100 CALLS        4681 TOTAL
                     EDM=0.000334474    STRATEGY= 1      ERR MATRIX NOT POS-DEF
  EXT PARAMETER                APPROXIMATE        STEP         FIRST   
  NO.   NAME      VALUE            ERROR          SIZE      DERIVATIVE 
   1  N0           3.21337e+06   5.38389e+02   1.62612e+00   5.37659e-07
   2  tau          6.44362e+01   constant   
   3  A0           3.64651e-01   2.20627e-04   6.92720e-07   2.49577e+00
   4  phi          4.11740e+00   6.27003e-04   1.96333e-06   1.51140e-01
   5  R           -5.98416e+01   constant   
   6  alpha_CBO   -2.74998e-03   2.15631e-04   7.22925e-07   7.41767e+00
   7  w_CBO        2.32500e+00   constant   
   8  beta_CBO     1.61764e-03   2.17405e-04   7.13139e-07   3.83855e+00
   9  alpha_2CBO  -2.42469e-04   2.29350e-04   7.14578e-07  -3.13605e+00
  10  beta_2CBO   -6.49750e-05     fixed    
  11  alpha_y      0.00000e+00     fixed    
  12  w_y          1.44500e+01   constant   
  13  beta_y       4.43206e-04     fixed    
  14  alpha_vw     0.00000e+00     fixed    
  15  w_vw         1.29000e+01   constant   
  16  beta_vw      0.00000e+00     fixed    
  17  LM           1.16794e-03   constant   
  18  zeta_y       0.00000e+00   constant   
  19  zeta_vw      0.00000e+00   constant   
  20  T_CBO        7.42639e+00   1.41417e+00   3.87988e-06  -1.43587e+00
  21  alpha_A0     4.69289e+06   2.38522e+07   2.01480e+01   4.34822e-11
  22  beta_A0     -1.03395e+06   2.24446e+06   2.01480e+01   4.89088e-10
  23  alpha_phi   -4.15849e+06   1.65806e+07   2.01480e+01  -4.54658e-10
  24  beta_phi    -6.53382e+06   2.65986e+07   2.01480e+01  -1.73431e-10
 CALL LIMIT EXCEEDED IN MIGRAD.
 MIGRAD TERMINATED WITHOUT CONVERGENCE.
 FCN=49.7304 FROM MIGRAD    STATUS=CALL LIMIT   1917 CALLS        6333 TOTAL
                     EDM=0.000158526    STRATEGY= 1      ERR MATRIX NOT POS-DEF
  EXT PARAMETER                APPROXIMATE        STEP         FIRST   
  NO.   NAME      VALUE            ERROR          SIZE      DERIVATIVE 
   1  N0           3.21336e+06   4.95284e+02   3.40468e-01  -4.75003e-07
   2  tau          6.44362e+01   constant   
   3  A0           3.64634e-01   2.10461e-04   2.71564e-08   2.96062e+00
   4  phi          4.11740e+00   5.86356e-04  -1.02032e-07  -8.22932e-01
   5  R           -5.98416e+01   constant   
   6  alpha_CBO   -2.75362e-03   2.14643e-04   1.52276e-07   1.34523e+00
   7  w_CBO        2.32500e+00   constant   
   8  beta_CBO     1.61942e-03   2.10331e-04  -1.58007e-08   2.40562e-01
   9  alpha_2CBO  -2.38903e-04   2.07406e-04   1.28604e-07  -4.85151e+00
  10  beta_2CBO   -6.49750e-05     fixed    
  11  alpha_y      0.00000e+00     fixed    
  12  w_y          1.44500e+01   constant   
  13  beta_y       4.43206e-04     fixed    
  14  alpha_vw     0.00000e+00     fixed    
  15  w_vw         1.29000e+01   constant   
  16  beta_vw      0.00000e+00     fixed    
  17  LM           1.16794e-03   constant   
  18  zeta_y       0.00000e+00   constant   
  19  zeta_vw      0.00000e+00   constant   
  20  T_CBO        8.29454e+00   1.93332e+00   6.80803e-06   4.07450e-01
  21  alpha_A0     4.91125e+05   2.13014e+06   1.78487e+02   2.38832e-08
  22  beta_A0     -1.00802e+05   5.80827e+05  -3.04497e+02   1.18873e-08
  23  alpha_phi   -4.15904e+05   2.00874e+06   3.99938e+01   2.15981e-09
  24  beta_phi    -6.58894e+05   3.02684e+06  -3.98119e+02   7.53297e-09
 EXTERNAL ERROR MATRIX.    NDIM=  25    NPAR= 11    ERR DEF=1
  2.453e+05 
  1.695e-03  4.429e-08 
  4.616e-02  7.893e-09  3.438e-07 
  4.390e-04  1.568e-09  2.652e-08  4.607e-08 
 -8.605e-03 -9.877e-09 -7.074e-09  6.972e-10  4.424e-08 
  7.385e-04 -2.009e-09 -8.366e-09 -1.912e-09  1.105e-09  4.302e-08 
  1.273e+02 -6.466e-05  2.487e-05  2.987e-05  1.008e-05  4.895e-05  3.738e+00 
 -1.063e+08  6.696e+01 -3.528e+00 -3.318e+01 -1.244e+01 -4.740e+01 -4.082e+06  4.537e+12 
  2.638e+07 -2.939e+01  3.804e+01  4.289e+00  1.477e+01  1.260e+01  9.439e+05 -1.020e+12  3.374e+11 
  1.430e+08 -8.757e+01  3.434e+01  2.049e+01  1.522e+01  4.937e+01  3.821e+06 -4.152e+12  9.739e+11  4.035e+12 
  1.564e+08 -9.535e+01 -1.013e+01  4.592e+01  1.097e+01  8.704e+01  5.815e+06 -6.370e+12  1.439e+12  5.909e+12  9.162e+12 
ERR MATRIX NOT POS-DEF
 PARAMETER  CORRELATION COEFFICIENTS  
       NO.  GLOBAL      1      3      4      6      8      9     20     21     22     23     24
        1  0.38083   1.000  0.016  0.159  0.004 -0.083  0.007  0.133 -0.101  0.092  0.144  0.104
        3  0.42098   0.016  1.000  0.064  0.035 -0.223 -0.046 -0.159  0.149 -0.240 -0.207 -0.150
        4  0.39029   0.159  0.064  1.000  0.211 -0.057 -0.069  0.022 -0.003  0.112  0.029 -0.006
        6  0.28183   0.004  0.035  0.211  1.000  0.015 -0.043  0.072 -0.073  0.034  0.048  0.071
        8  0.29221  -0.083 -0.223 -0.057  0.015  1.000  0.025  0.025 -0.028  0.121  0.036  0.017
        9  0.25494   0.007 -0.046 -0.069 -0.043  0.025  1.000  0.122 -0.107  0.105  0.119  0.139
       20  0.99804   0.133 -0.159  0.022  0.072  0.025  0.122  1.000 -0.991  0.841  0.984  0.994
       21  0.99236  -0.101  0.149 -0.003 -0.073 -0.028 -0.107 -0.991  1.000 -0.824 -0.970 -0.988
       22  0.86996   0.092 -0.240  0.112  0.034  0.121  0.105  0.841 -0.824  1.000  0.835  0.818
       23  0.98691   0.144 -0.207  0.029  0.048  0.036  0.119  0.984 -0.970  0.835  1.000  0.972
       24  0.99534   0.104 -0.150 -0.006  0.071  0.017  0.139  0.994 -0.988  0.818  0.972  1.000
 ERR MATRIX NOT POS-DEF
MINUIT - FIT ONLY 1-y
 **********
 **   51 **RES 
 **********
                   PARAMETER   16  beta_vw RESTORED TO VARIABLE.
                   PARAMETER   14  alpha_vw RESTORED TO VARIABLE.
                   PARAMETER   13  beta_y RESTORED TO VARIABLE.
                   PARAMETER   11  alpha_y RESTORED TO VARIABLE.
                   PARAMETER   10  beta_2CBO RESTORED TO VARIABLE.
 **********
 **   52 **FIX            0
 **********
 PARAMETER    0  IS UNDEFINED. IGNORED.
 **********
 **   53 **FIX            1
 **********
 **********
 **   54 **FIX            2
 **********
 PARAMETER    2  IS CONSTANT.   IGNORED.
 **********
 **   55 **FIX            3
 **********
 **********
 **   56 **FIX            4
 **********
 **********
 **   57 **FIX            5
 **********
 PARAMETER    5  IS CONSTANT.   IGNORED.
 **********
 **   58 **FIX            6
 **********
 **********
 **   59 **FIX            7
 **********
 PARAMETER    7  IS CONSTANT.   IGNORED.
 **********
 **   60 **FIX            8
 **********
 **********
 **   61 **FIX            9
 **********
 **********
 **   62 **FIX           13
 **********
 **********
 **   63 **FIX           14
 **********
 **********
 **   64 **FIX           15
 **********
 PARAMETER   15  IS CONSTANT.   IGNORED.
 **********
 **   65 **FIX           16
 **********
 **********
 **   66 **MIGRAD
 **********
 START MIGRAD MINIMIZATION.  STRATEGY  1.  CONVERGENCE WHEN EDM .LT. 1.00e-04
 FCN=49.7304 FROM MIGRAD    STATUS=INITIATE       16 CALLS        6349 TOTAL
                     EDM= unknown      STRATEGY= 1      NO ERROR MATRIX       
  EXT PARAMETER               CURRENT GUESS       STEP         FIRST   
  NO.   NAME      VALUE            ERROR          SIZE      DERIVATIVE 
   1  N0           3.21336e+06     fixed    
   2  tau          6.44362e+01   constant   
   3  A0           3.64634e-01     fixed    
   4  phi          4.11740e+00     fixed    
   5  R           -5.98416e+01   constant   
   6  alpha_CBO   -2.75362e-03     fixed    
   7  w_CBO        2.32500e+00   constant   
   8  beta_CBO     1.61942e-03     fixed    
   9  alpha_2CBO  -2.38903e-04     fixed    
  10  beta_2CBO   -6.49750e-05   2.03106e-04   2.03106e-04   3.61324e+03
  11  alpha_y      0.00000e+00   1.00000e-03   1.00000e-03  -2.66135e+03
  12  w_y          1.44500e+01   constant   
  13  beta_y       4.43206e-04     fixed    
  14  alpha_vw     0.00000e+00     fixed    
  15  w_vw         1.29000e+01   constant   
  16  beta_vw      0.00000e+00     fixed    
  17  LM           1.16794e-03   constant   
  18  zeta_y       0.00000e+00   constant   
  19  zeta_vw      0.00000e+00   constant   
  20  T_CBO        8.29454e+00   1.93332e+00   6.80803e-06   4.07431e-01
  21  alpha_A0     4.91125e+05   2.13014e+06   1.78487e+02   2.38829e-08
  22  beta_A0     -1.00802e+05   5.80827e+05  -3.04497e+02   1.18887e-08
  23  alpha_phi   -4.15904e+05   2.00874e+06   3.99938e+01   2.15981e-09
  24  beta_phi    -6.58894e+05   3.02684e+06  -3.98119e+02   7.53289e-09
 MIGRAD MINIMIZATION HAS CONVERGED.
 MIGRAD WILL VERIFY CONVERGENCE AND ERROR MATRIX.
 FCN=49.5029 FROM MIGRAD    STATUS=CONVERGED     129 CALLS        6462 TOTAL
                     EDM=1.03655e-06    STRATEGY= 1      ERR MATRIX NOT POS-DEF
  EXT PARAMETER                APPROXIMATE        STEP         FIRST   
  NO.   NAME      VALUE            ERROR          SIZE      DERIVATIVE 
   1  N0           3.21336e+06     fixed    
   2  tau          6.44362e+01   constant   
   3  A0           3.64634e-01     fixed    
   4  phi          4.11740e+00     fixed    
   5  R           -5.98416e+01   constant   
   6  alpha_CBO   -2.75362e-03     fixed    
   7  w_CBO        2.32500e+00   constant   
   8  beta_CBO     1.61942e-03     fixed    
   9  alpha_2CBO  -2.38903e-04     fixed    
  10  beta_2CBO   -1.47765e-04   2.12495e-04   7.19726e-07  -6.67398e-01
  11  alpha_y      5.84621e-05   2.07152e-04   7.19562e-07  -5.81674e-01
  12  w_y          1.44500e+01   constant   
  13  beta_y       4.43206e-04     fixed    
  14  alpha_vw     0.00000e+00     fixed    
  15  w_vw         1.29000e+01   constant   
  16  beta_vw      0.00000e+00     fixed    
  17  LM           1.16794e-03   constant   
  18  zeta_y       0.00000e+00   constant   
  19  zeta_vw      0.00000e+00   constant   
  20  T_CBO        8.29396e+00   1.88134e+00   4.58471e-06  -9.29302e-02
  21  alpha_A0     4.91221e+05   2.17737e+06   2.00958e+01  -2.20891e-09
  22  beta_A0     -1.20118e+05   5.87887e+05   2.00944e+01  -1.13034e-09
  23  alpha_phi   -4.00870e+05   1.79504e+06   2.00955e+01  -1.54671e-09
  24  beta_phi    -6.62973e+05   2.95926e+06   2.00959e+01  -2.19026e-10
 EXTERNAL ERROR MATRIX.    NDIM=  25    NPAR=  7    ERR DEF=1
  4.515e-08 -6.146e-10  4.515e-06 -6.185e+00  1.027e+01 -4.400e+00  7.985e+00 
 -6.146e-10  4.291e-08 -2.526e-06  1.884e+00 -2.529e+00 -2.335e+00 -4.924e+00 
  4.515e-06 -2.526e-06  3.540e+00 -4.063e+06  1.007e+06  3.339e+06  5.543e+06 
 -6.185e+00  1.884e+00 -4.063e+06  4.741e+12 -1.149e+12 -3.822e+12 -6.367e+12 
  1.027e+01 -2.529e+00  1.007e+06 -1.149e+12  3.456e+11  9.466e+11  1.575e+12 
 -4.400e+00 -2.335e+00  3.339e+06 -3.822e+12  9.466e+11  3.222e+12  5.225e+12 
  7.985e+00 -4.924e+00  5.543e+06 -6.367e+12  1.575e+12  5.225e+12  8.757e+12 
ERR MATRIX NOT POS-DEF
 PARAMETER  CORRELATION COEFFICIENTS  
       NO.  GLOBAL     10     11     20     21     22     23     24
       10  0.22602   1.000 -0.014  0.011 -0.013  0.082 -0.012  0.013
       11  0.04428  -0.014  1.000 -0.006  0.004 -0.021 -0.006 -0.008
       20  0.99797   0.011 -0.006  1.000 -0.992  0.911  0.989  0.996
       21  0.99207  -0.013  0.004 -0.992  1.000 -0.898 -0.978 -0.988
       22  0.91490   0.082 -0.021  0.911 -0.898  1.000  0.897  0.905
       23  0.98918  -0.012 -0.006  0.989 -0.978  0.897  1.000  0.984
       24  0.99567   0.013 -0.008  0.996 -0.988  0.905  0.984  1.000
 ERR MATRIX NOT POS-DEF
MINUIT - FIT ONLY 2-y
 **********
 **   67 **RES 
 **********
                   PARAMETER   16  beta_vw RESTORED TO VARIABLE.
                   PARAMETER   14  alpha_vw RESTORED TO VARIABLE.
                   PARAMETER   13  beta_y RESTORED TO VARIABLE.
                   PARAMETER    9  alpha_2CBO RESTORED TO VARIABLE.
                   PARAMETER    8  beta_CBO RESTORED TO VARIABLE.
                   PARAMETER    6  alpha_CBO RESTORED TO VARIABLE.
                   PARAMETER    4  phi RESTORED TO VARIABLE.
                   PARAMETER    3  A0 RESTORED TO VARIABLE.
                   PARAMETER    1  N0 RESTORED TO VARIABLE.
 **********
 **   68 **FIX            0
 **********
 PARAMETER    0  IS UNDEFINED. IGNORED.
 **********
 **   69 **FIX            1
 **********
 **********
 **   70 **FIX            2
 **********
 PARAMETER    2  IS CONSTANT.   IGNORED.
 **********
 **   71 **FIX            3
 **********
 **********
 **   72 **FIX            4
 **********
 **********
 **   73 **FIX            5
 **********
 PARAMETER    5  IS CONSTANT.   IGNORED.
 **********
 **   74 **FIX            6
 **********
 **********
 **   75 **FIX            7
 **********
 PARAMETER    7  IS CONSTANT.   IGNORED.
 **********
 **   76 **FIX            8
 **********
 **********
 **   77 **FIX            9
 **********
 **********
 **   78 **FIX           10
 **********
 **********
 **   79 **FIX           11
 **********
 **********
 **   80 **FIX           12
 **********
 PARAMETER   12  IS CONSTANT.   IGNORED.
 **********
 **   81 **FIX           16
 **********
 **********
 **   82 **MIGRAD
 **********
 START MIGRAD MINIMIZATION.  STRATEGY  1.  CONVERGENCE WHEN EDM .LT. 1.00e-04
 FCN=49.5029 FROM MIGRAD    STATUS=INITIATE       16 CALLS        6478 TOTAL
                     EDM= unknown      STRATEGY= 1      NO ERROR MATRIX       
  EXT PARAMETER               CURRENT GUESS       STEP         FIRST   
  NO.   NAME      VALUE            ERROR          SIZE      DERIVATIVE 
   1  N0           3.21336e+06     fixed    
   2  tau          6.44362e+01   constant   
   3  A0           3.64634e-01     fixed    
   4  phi          4.11740e+00     fixed    
   5  R           -5.98416e+01   constant   
   6  alpha_CBO   -2.75362e-03     fixed    
   7  w_CBO        2.32500e+00   constant   
   8  beta_CBO     1.61942e-03     fixed    
   9  alpha_2CBO  -2.38903e-04     fixed    
  10  beta_2CBO   -1.47765e-04     fixed    
  11  alpha_y      5.84621e-05     fixed    
  12  w_y          1.44500e+01   constant   
  13  beta_y       4.43206e-04   2.05851e-04   2.05851e-04  -5.95456e+02
  14  alpha_vw     0.00000e+00   1.00000e-03   1.00000e-03   8.89062e+03
  15  w_vw         1.29000e+01   constant   
  16  beta_vw      0.00000e+00     fixed    
  17  LM           1.16794e-03   constant   
  18  zeta_y       0.00000e+00   constant   
  19  zeta_vw      0.00000e+00   constant   
  20  T_CBO        8.29396e+00   1.88134e+00   4.58471e-06  -9.06705e-02
  21  alpha_A0     4.91221e+05   2.17737e+06   2.00958e+01  -2.19994e-09
  22  beta_A0     -1.20118e+05   5.87887e+05   2.00944e+01  -1.13108e-09
  23  alpha_phi   -4.00870e+05   1.79504e+06   2.00955e+01  -1.54668e-09
  24  beta_phi    -6.62973e+05   2.95926e+06   2.00959e+01  -2.18756e-10
 MIGRAD MINIMIZATION HAS CONVERGED.
 MIGRAD WILL VERIFY CONVERGENCE AND ERROR MATRIX.
 FCN=48.6428 FROM MIGRAD    STATUS=CONVERGED     115 CALLS        6577 TOTAL
                     EDM=2.82498e-05    STRATEGY= 1      ERR MATRIX NOT POS-DEF
  EXT PARAMETER                APPROXIMATE        STEP         FIRST   
  NO.   NAME      VALUE            ERROR          SIZE      DERIVATIVE 
   1  N0           3.21336e+06     fixed    
   2  tau          6.44362e+01   constant   
   3  A0           3.64634e-01     fixed    
   4  phi          4.11740e+00     fixed    
   5  R           -5.98416e+01   constant   
   6  alpha_CBO   -2.75362e-03     fixed    
   7  w_CBO        2.32500e+00   constant   
   8  beta_CBO     1.61942e-03     fixed    
   9  alpha_2CBO  -2.38903e-04     fixed    
  10  beta_2CBO   -1.47765e-04     fixed    
  11  alpha_y      5.84621e-05     fixed    
  12  w_y          1.44500e+01   constant   
  13  beta_y       4.64204e-04   2.05441e-04   7.06991e-07   9.09004e+00
  14  alpha_vw    -1.92094e-04   2.07296e-04   7.13043e-07  -5.96305e-01
