 + ++++++++++++++++++++++++++++++++++++++++++++++++++++++++++++++++++++ +
 +                                                                      +
 +           You have chose to blind your fitting according to          +
 +                omega_ref * (1 + (R +/- deltaR) *10^{-6})             +
 +                                                                      +
 + ++++++++++++++++++++++++++++++++++++++++++++++++++++++++++++++++++++ +
In main()...
reading format from /gm2data/zkhechad/run45/envelope/formats/formatB_sBin_constraintOn.txt
pBinTau 	= 0  
pBinPhi 	= 0  
constraintau 	= 1 
includeMopTerm 	= 0    
constrainMop    = 0   
Parameters after format file: pBinTau 0 pBinPhi 0 constraintau 1 includeMopTerm 0 constrainMop 0 c_e_scale 0.000000 
Opening file /gm2data/tbarrett/gm2fr/studies/run23_bunch_corrections/CorrectedFourier_Run3b.root.
reading reference data from /gm2data/zkhechad/cboTemplates/Run4CBOTemplates/templateFits0/noRF/sBin_constraintOn_cE0.0_seed0_noRF_calo15.root (fixing 5-param to these terms)
windowBins = 34
fitting sliding window 0 from bin 136 at 20.142000 to bin 170 at 25.364000 (34 bins)

Reading data from /gm2data/cornell/histograms/aMethod/histogram_a_noRF.root
 **********
 **    1 **SET PRINTOUT            1
 **********
 **********
 **    2 **SET NOWARNINGS 
 **********
 PARAMETER DEFINITIONS:
    NO.   NAME         VALUE      STEP SIZE      LIMITS
     1 N0           3.09375e+06  1.00000e+02     no limits
     2 tau          6.44014e+01  constant
     3 A0           3.54041e-01  1.00000e-04     no limits
     4 phi          4.11945e+00  1.00000e-02     no limits
     5 R           -6.01631e+01  constant
     6 alpha_CBO    0.00000e+00  1.00000e-03     no limits
     7 w_CBO        2.32643e+00  constant
     8 beta_CBO     0.00000e+00  1.00000e-03     no limits
     9 alpha_2CBO   0.00000e+00  1.00000e-03     no limits
    10 beta_2CBO    0.00000e+00  1.00000e-03     no limits
    11 alpha_y      0.00000e+00  1.00000e-03     no limits
    12 w_y          1.38965e+01  constant
    13 beta_y       0.00000e+00  1.00000e-03     no limits
    14 alpha_vw     0.00000e+00  1.00000e-03     no limits
    15 w_vw         1.43195e+01  constant
    16 beta_vw      0.00000e+00  1.00000e-03     no limits
    17 LM          -4.89746e-05  constant
    18 zeta_y       0.00000e+00  constant
    19 zeta_vw      0.00000e+00  constant
    20 T_CBO        1.00000e+02  1.00000e+00    0.00000e+00  1.00000e+03
    21 alpha_A0     0.00000e+00  1.00000e-03     no limits
    22 beta_A0      0.00000e+00  1.00000e-03     no limits
    23 alpha_phi    0.00000e+00  1.00000e-03     no limits
    24 beta_phi     0.00000e+00  1.00000e-03     no limits
    25 alpha_xy     0.00000e+00  1.00000e-03     no limits
    26 w_xy         1.20754e+01  constant
    27 beta_xy      0.00000e+00  1.00000e-03     no limits
MINUIT - FIT ONLY WIGGLE
 **********
 **    3 **FIX            5
 **********
 PARAMETER    5  IS CONSTANT.   IGNORED.
 **********
 **    4 **FIX            6
 **********
 **********
 **    5 **FIX            7
 **********
 PARAMETER    7  IS CONSTANT.   IGNORED.
 **********
 **    6 **FIX            8
 **********
 **********
 **    7 **FIX            9
 **********
 **********
 **    8 **FIX           10
 **********
 **********
 **    9 **FIX           11
 **********
 **********
 **   10 **FIX           12
 **********
 PARAMETER   12  IS CONSTANT.   IGNORED.
 **********
 **   11 **FIX           13
 **********
 **********
 **   12 **FIX           14
 **********
 **********
 **   13 **FIX           15
 **********
 PARAMETER   15  IS CONSTANT.   IGNORED.
 **********
 **   14 **FIX           16
 **********
 **********
 **   15 **MIGRAD
 **********
 FIRST CALL TO USER FUNCTION AT NEW START POINT, WITH IFLAG=4.
 START MIGRAD MINIMIZATION.  STRATEGY  1.  CONVERGENCE WHEN EDM .LT. 1.00e-04
 FCN=11493.1 FROM MIGRAD    STATUS=INITIATE      627 CALLS         628 TOTAL
                     EDM= unknown      STRATEGY= 1      NO ERROR MATRIX       
  EXT PARAMETER               CURRENT GUESS       STEP         FIRST   
  NO.   NAME      VALUE            ERROR          SIZE      DERIVATIVE 
   1  N0           3.09375e+06   1.00000e+02   0.00000e+00   1.41492e-01
   2  tau          6.44014e+01   constant   
   3  A0           3.54041e-01   1.00000e-04   0.00000e+00   3.71773e+04
   4  phi          4.11945e+00   1.00000e-02   0.00000e+00  -1.88649e+05
   5  R           -6.01631e+01   constant   
   6  alpha_CBO    0.00000e+00     fixed    
   7  w_CBO        2.32643e+00   constant   
   8  beta_CBO     0.00000e+00     fixed    
   9  alpha_2CBO   0.00000e+00     fixed    
  10  beta_2CBO    0.00000e+00     fixed    
  11  alpha_y      0.00000e+00     fixed    
  12  w_y          1.38965e+01   constant   
  13  beta_y       0.00000e+00     fixed    
  14  alpha_vw     0.00000e+00     fixed    
  15  w_vw         1.43195e+01   constant   
  16  beta_vw      0.00000e+00     fixed    
  17  LM          -4.89746e-05   constant   
  18  zeta_y       0.00000e+00   constant   
  19  zeta_vw      0.00000e+00   constant   
  20  T_CBO        1.00000e+02   1.00000e+00   0.00000e+00   0.00000e+00
  21  alpha_A0     0.00000e+00   1.00000e-03   0.00000e+00  -9.30965e+04
  22  beta_A0      0.00000e+00   1.00000e-03   0.00000e+00  -1.60183e+05
  23  alpha_phi    0.00000e+00   1.00000e-03   0.00000e+00   2.58738e+04
  24  beta_phi     0.00000e+00   1.00000e-03   0.00000e+00  -5.15145e+04
  25  alpha_xy     0.00000e+00   1.00000e-03   0.00000e+00   8.82594e+04
  26  w_xy         1.20754e+01   constant   
  27  beta_xy      0.00000e+00   1.00000e-03   0.00000e+00  -1.10794e+05
 MIGRAD MINIMIZATION HAS CONVERGED.
 FCN=2529.96 FROM MIGRAD    STATUS=CONVERGED     849 CALLS         850 TOTAL
                     EDM=6.90393e-08    STRATEGY= 1  ERROR MATRIX UNCERTAINTY   2.9 per cent
  EXT PARAMETER                                   STEP         FIRST   
  NO.   NAME      VALUE            ERROR          SIZE      DERIVATIVE 
   1  N0           3.07416e+06   6.73706e+02  -1.55222e+00  -4.51727e-07
   2  tau          6.44014e+01   constant   
   3  A0           3.61697e-01   4.02266e-04   8.13063e-07  -1.31837e+00
   4  phi          4.16371e+00   5.08753e-04   8.24054e-07  -3.47392e-01
   5  R           -6.01631e+01   constant   
   6  alpha_CBO    0.00000e+00     fixed    
   7  w_CBO        2.32643e+00   constant   
   8  beta_CBO     0.00000e+00     fixed    
   9  alpha_2CBO   0.00000e+00     fixed    
  10  beta_2CBO    0.00000e+00     fixed    
  11  alpha_y      0.00000e+00     fixed    
  12  w_y          1.38965e+01   constant   
  13  beta_y       0.00000e+00     fixed    
  14  alpha_vw     0.00000e+00     fixed    
  15  w_vw         1.43195e+01   constant   
  16  beta_vw      0.00000e+00     fixed    
  17  LM          -4.89746e-05   constant   
  18  zeta_y       0.00000e+00   constant   
  19  zeta_vw      0.00000e+00   constant   
  20  T_CBO        1.00000e+02   5.20646e+02  -0.00000e+00   0.00000e+00
  21  alpha_A0     5.05742e-02   9.37415e-04   2.50676e-06  -4.12880e-02
  22  beta_A0     -3.69888e-04   1.04924e-03  -1.20348e-06   3.42179e-01
  23  alpha_phi    1.16095e-03   1.10620e-03   2.06529e-06   6.80275e-01
  24  beta_phi     5.19200e-02   9.65903e-04   2.56040e-06   1.09666e-01
  25  alpha_xy     2.72231e-04   9.93854e-05   2.59575e-08   1.28971e+00
  26  w_xy         1.20754e+01   constant   
  27  beta_xy     -9.59594e-05   9.82700e-05  -9.82056e-08   1.35422e+00
 EXTERNAL ERROR MATRIX.    NDIM=  28    NPAR= 10    ERR DEF=1
  4.539e+05 -2.513e-01 -1.082e-01  0.000e+00 -5.315e-01  6.249e-01 -6.399e-01 -5.393e-01 -6.831e-03 -4.226e-03 
 -2.513e-01  1.618e-07  5.637e-08  0.000e+00  3.196e-07 -3.889e-07  3.987e-07  3.214e-07  3.534e-09  2.647e-09 
 -1.082e-01  5.637e-08  2.588e-07  0.000e+00  2.669e-07 -6.090e-08  1.541e-08  2.755e-07  3.872e-09 -4.009e-09 
  0.000e+00  0.000e+00  0.000e+00  1.800e+05  0.000e+00  0.000e+00  0.000e+00  0.000e+00  0.000e+00  0.000e+00 
 -5.315e-01  3.196e-07  2.669e-07  0.000e+00  8.787e-07 -7.306e-07  7.190e-07  7.519e-07  1.017e-08  2.351e-09 
  6.249e-01 -3.889e-07 -6.090e-08  0.000e+00 -7.306e-07  1.101e-06 -1.008e-06 -7.284e-07 -9.236e-09 -8.764e-09 
 -6.399e-01  3.987e-07  1.541e-08  0.000e+00  7.190e-07 -1.008e-06  1.224e-06  7.081e-07  7.058e-09  1.014e-08 
 -5.393e-01  3.214e-07  2.755e-07  0.000e+00  7.519e-07 -7.284e-07  7.081e-07  9.330e-07  8.944e-09  1.355e-09 
 -6.831e-03  3.534e-09  3.872e-09  0.000e+00  1.017e-08 -9.236e-09  7.058e-09  8.944e-09  9.877e-09  7.642e-11 
 -4.226e-03  2.647e-09 -4.009e-09  0.000e+00  2.351e-09 -8.764e-09  1.014e-08  1.355e-09  7.642e-11  9.657e-09 
 PARAMETER  CORRELATION COEFFICIENTS  
       NO.  GLOBAL      1      3      4     20     21     22     23     24     25     27
        1  0.94742   1.000 -0.927 -0.316  0.000 -0.842  0.884 -0.859 -0.829 -0.102 -0.064
        3  0.97217  -0.927  1.000  0.275  0.000  0.848 -0.921  0.896  0.827  0.088  0.067
        4  0.82467  -0.316  0.275  1.000  0.000  0.560 -0.114  0.027  0.561  0.077 -0.080
       20  0.00000   0.000  0.000  0.000  1.000  0.000  0.000  0.000  0.000  0.000  0.000
       21  0.91786  -0.842  0.848  0.560  0.000  1.000 -0.743  0.693  0.830  0.109  0.026
       22  0.93886   0.884 -0.921 -0.114  0.000 -0.743  1.000 -0.868 -0.719 -0.089 -0.085
       23  0.93208  -0.859  0.896  0.027  0.000  0.693 -0.868  1.000  0.663  0.064  0.093
       24  0.90401  -0.829  0.827  0.561  0.000  0.830 -0.719  0.663  1.000  0.093  0.014
       25  0.12285  -0.102  0.088  0.077  0.000  0.109 -0.089  0.064  0.093  1.000  0.008
       27  0.12868  -0.064  0.067 -0.080  0.000  0.026 -0.085  0.093  0.014  0.008  1.000
MINUIT - FIT ONLY 1-CBO + wiggle
 **********
 **   16 **RES 
 **********
                   PARAMETER   16  beta_vw RESTORED TO VARIABLE.
                   PARAMETER   14  alpha_vw RESTORED TO VARIABLE.
                   PARAMETER   13  beta_y RESTORED TO VARIABLE.
                   PARAMETER   11  alpha_y RESTORED TO VARIABLE.
                   PARAMETER   10  beta_2CBO RESTORED TO VARIABLE.
                   PARAMETER    9  alpha_2CBO RESTORED TO VARIABLE.
                   PARAMETER    8  beta_CBO RESTORED TO VARIABLE.
                   PARAMETER    6  alpha_CBO RESTORED TO VARIABLE.
 **********
 **   17 **FIX            8
 **********
 **********
 **   18 **FIX            9
 **********
 **********
 **   19 **FIX           11
 **********
 **********
 **   20 **FIX           12
 **********
 PARAMETER   12  IS CONSTANT.   IGNORED.
 **********
 **   21 **FIX           14
 **********
 **********
 **   22 **FIX           15
 **********
 PARAMETER   15  IS CONSTANT.   IGNORED.
 **********
 **   23 **FIX           16
 **********
 **********
 **   24 **MIGRAD
 **********
 START MIGRAD MINIMIZATION.  STRATEGY  1.  CONVERGENCE WHEN EDM .LT. 1.00e-04
 FCN=2529.96 FROM MIGRAD    STATUS=INITIATE      957 CALLS        1807 TOTAL
                     EDM= unknown      STRATEGY= 1      NO ERROR MATRIX       
  EXT PARAMETER               CURRENT GUESS       STEP         FIRST   
  NO.   NAME      VALUE            ERROR          SIZE      DERIVATIVE 
   1  N0           3.07416e+06   6.73706e+02   0.00000e+00  -4.51730e-07
   2  tau          6.44014e+01   constant   
   3  A0           3.61697e-01   4.02266e-04   0.00000e+00  -1.31837e+00
   4  phi          4.16371e+00   5.08753e-04   0.00000e+00  -3.47393e-01
   5  R           -6.01631e+01   constant   
   6  alpha_CBO    0.00000e+00   1.00000e-03   0.00000e+00  -1.48145e+05
   7  w_CBO        2.32643e+00   constant   
   8  beta_CBO     0.00000e+00     fixed    
   9  alpha_2CBO   0.00000e+00     fixed    
  10  beta_2CBO    0.00000e+00   1.00000e-03   0.00000e+00  -1.00673e+05
  11  alpha_y      0.00000e+00     fixed    
  12  w_y          1.38965e+01   constant   
  13  beta_y       0.00000e+00   1.00000e-03   0.00000e+00  -5.16768e+04
  14  alpha_vw     0.00000e+00     fixed    
  15  w_vw         1.43195e+01   constant   
  16  beta_vw      0.00000e+00     fixed    
  17  LM          -4.89746e-05   constant   
  18  zeta_y       0.00000e+00   constant   
  19  zeta_vw      0.00000e+00   constant   
  20  T_CBO        1.00000e+02   5.20646e+02   0.00000e+00   0.00000e+00
  21  alpha_A0     5.05742e-02   9.37415e-04   0.00000e+00  -4.12872e-02
  22  beta_A0     -3.69888e-04   1.04924e-03   0.00000e+00   3.42182e-01
  23  alpha_phi    1.16095e-03   1.10620e-03   0.00000e+00   6.80273e-01
  24  beta_phi     5.19200e-02   9.65903e-04   0.00000e+00   1.09662e-01
  25  alpha_xy     2.72231e-04   9.93854e-05   0.00000e+00   1.28971e+00
  26  w_xy         1.20754e+01   constant   
  27  beta_xy     -9.59594e-05   9.82700e-05   0.00000e+00   1.35423e+00
 MIGRAD MINIMIZATION HAS CONVERGED.
 FCN=1591.61 FROM MIGRAD    STATUS=CONVERGED    1467 CALLS        2317 TOTAL
                     EDM=1.87281e-06    STRATEGY= 1  ERROR MATRIX UNCERTAINTY   2.4 per cent
  EXT PARAMETER                                   STEP         FIRST   
  NO.   NAME      VALUE            ERROR          SIZE      DERIVATIVE 
   1  N0           3.12898e+06   2.11378e+03  -7.66380e+00  -3.65847e-07
   2  tau          6.44014e+01   constant   
   3  A0           3.28894e-01   1.13494e-03   3.99958e-06   1.56814e+01
   4  phi          4.11720e+00   1.60281e-03   3.85327e-06   4.03036e+00
   5  R           -6.01631e+01   constant   
   6  alpha_CBO    1.05866e-02   3.12282e-04  -4.38064e-07   4.13929e+00
   7  w_CBO        2.32643e+00   constant   
   8  beta_CBO     0.00000e+00     fixed    
   9  alpha_2CBO   0.00000e+00     fixed    
  10  beta_2CBO    1.86193e-03   1.29649e-04  -2.66589e-07   4.41153e+00
  11  alpha_y      0.00000e+00     fixed    
  12  w_y          1.38965e+01   constant   
  13  beta_y       5.97583e-04   1.08103e-04  -4.07503e-07  -1.30565e+01
  14  alpha_vw     0.00000e+00     fixed    
  15  w_vw         1.43195e+01   constant   
  16  beta_vw      0.00000e+00     fixed    
  17  LM          -4.89746e-05   constant   
  18  zeta_y       0.00000e+00   constant   
  19  zeta_vw      0.00000e+00   constant   
  20  T_CBO        1.00000e+02   5.20646e+02  -0.00000e+00   0.00000e+00
  21  alpha_A0    -3.98026e-02   3.16181e-03   1.05075e-05  -2.09708e+00
  22  beta_A0      7.79359e-02   3.43202e-03  -1.27943e-05   4.64627e-01
  23  alpha_phi   -8.11032e-02   3.81840e-03   1.04027e-05  -1.13002e+00
  24  beta_phi    -4.83352e-02   3.86853e-03   1.36225e-05  -2.90513e+00
  25  alpha_xy    -7.33868e-05   1.01976e-04   3.12770e-07  -8.51997e+00
  26  w_xy         1.20754e+01   constant   
  27  beta_xy      7.10639e-05   1.06294e-04   2.62884e-07  -5.35427e+00
 EXTERNAL ERROR MATRIX.    NDIM=  28    NPAR= 13    ERR DEF=1
 ELEMENTS ABOVE DIAGONAL ARE NOT PRINTED.
  4.468e+06 
 -2.379e+00  1.288e-06 
 -3.124e+00  1.677e-06  2.569e-06 
  5.966e-01 -3.237e-07 -4.684e-07  9.752e-08 
  1.224e-01 -6.878e-08 -9.138e-08  1.942e-08  1.681e-08 
  4.147e-02 -2.166e-08 -2.779e-08  4.632e-09 -2.738e-10  1.169e-08 
  0.000e+00  0.000e+00  0.000e+00  0.000e+00  0.000e+00  0.000e+00  1.800e+05 
 -6.561e+00  3.526e-06  4.851e-06 -9.166e-07 -1.762e-07 -6.341e-08  0.000e+00  9.997e-06 
  7.175e+00 -3.864e-06 -4.939e-06  9.532e-07  1.965e-07  6.627e-08  0.000e+00 -1.055e-05  1.178e-05 
 -7.957e+00  4.287e-06  5.443e-06 -1.058e-06 -2.344e-07 -7.204e-08  0.000e+00  1.165e-05 -1.292e-05  1.458e-05 
 -8.045e+00  4.324e-06  5.912e-06 -1.120e-06 -2.412e-07 -7.241e-08  0.000e+00  1.204e-05 -1.294e-05  1.431e-05  1.497e-05 
 -2.591e-02  1.255e-08  1.698e-08 -2.428e-09  1.458e-10 -1.605e-09  0.000e+00  3.897e-08 -4.137e-08  4.194e-08  4.303e-08 
 -2.591e-02  1.255e-08  1.698e-08 -2.428e-09  1.458e-10 -1.605e-09  0.000e+00  3.897e-08 -4.137e-08  4.194e-08  4.303e-08  1.040e-08 
  2.689e-03 -2.857e-09 -1.313e-08  2.383e-09  1.039e-09 -2.704e-09  0.000e+00 -1.116e-08  1.320e-09 -3.170e-09 -1.709e-08 
  2.689e-03 -2.857e-09 -1.313e-08  2.383e-09  1.039e-09 -2.704e-09  0.000e+00 -1.116e-08  1.320e-09 -3.170e-09 -1.709e-08  8.742e-10  1.130e-08 
 PARAMETER  CORRELATION COEFFICIENTS  
       NO.  GLOBAL      1      3      4      6     10     13     20     21     22     23     24     25     27
        1  0.99481   1.000 -0.992 -0.922  0.904  0.447  0.181  0.000 -0.982  0.989 -0.986 -0.984 -0.120  0.012
        3  0.99714  -0.992  1.000  0.922 -0.913 -0.467 -0.177  0.000  0.983 -0.992  0.989  0.985  0.108 -0.024
        4  0.98106  -0.922  0.922  1.000 -0.936 -0.440 -0.160  0.000  0.957 -0.898  0.889  0.953  0.104 -0.077
        6  0.94839   0.904 -0.913 -0.936  1.000  0.480  0.137  0.000 -0.928  0.889 -0.887 -0.927 -0.076  0.072
       10  0.61048   0.447 -0.467 -0.440  0.480  1.000 -0.020  0.000 -0.430  0.442 -0.474 -0.481  0.011  0.075
       13  0.33914   0.181 -0.177 -0.160  0.137 -0.020  1.000  0.000 -0.186  0.179 -0.175 -0.173 -0.146 -0.235
       20  0.00000   0.000  0.000  0.000  0.000  0.000  0.000  1.000  0.000  0.000  0.000  0.000  0.000  0.000
       21  0.99277  -0.982  0.983  0.957 -0.928 -0.430 -0.186  0.000  1.000 -0.972  0.965  0.984  0.121 -0.033
       22  0.99440   0.989 -0.992 -0.898  0.889  0.442  0.179  0.000 -0.972  1.000 -0.986 -0.975 -0.118  0.004
       23  0.99243  -0.986  0.989  0.889 -0.887 -0.474 -0.175  0.000  0.965 -0.986  1.000  0.969  0.108 -0.008
       24  0.99304  -0.984  0.985  0.953 -0.927 -0.481 -0.173  0.000  0.984 -0.975  0.969  1.000  0.109 -0.042
       25  0.22018  -0.120  0.108  0.104 -0.076  0.011 -0.146  0.000  0.121 -0.118  0.108  0.109  1.000  0.081
       27  0.31566   0.012 -0.024 -0.077  0.072  0.075 -0.235  0.000 -0.033  0.004 -0.008 -0.042  0.081  1.000
MINUIT - FIT ONLY 2-CBO
 **********
 **   25 **RES 
 **********
                   PARAMETER   16  beta_vw RESTORED TO VARIABLE.
                   PARAMETER   14  alpha_vw RESTORED TO VARIABLE.
                   PARAMETER   11  alpha_y RESTORED TO VARIABLE.
                   PARAMETER    9  alpha_2CBO RESTORED TO VARIABLE.
                   PARAMETER    8  beta_CBO RESTORED TO VARIABLE.
 **********
 **   26 **FIX            0
 **********
 PARAMETER    0  IS UNDEFINED. IGNORED.
 **********
 **   27 **FIX            1
 **********
 **********
 **   28 **FIX            2
 **********
 PARAMETER    2  IS CONSTANT.   IGNORED.
 **********
 **   29 **FIX            3
 **********
 **********
 **   30 **FIX            4
 **********
 **********
 **   31 **FIX            5
 **********
 PARAMETER    5  IS CONSTANT.   IGNORED.
 **********
 **   32 **FIX            6
 **********
 **********
 **   33 **FIX            7
 **********
 PARAMETER    7  IS CONSTANT.   IGNORED.
 **********
 **   34 **FIX           10
 **********
 **********
 **   35 **FIX           11
 **********
 **********
 **   36 **FIX           12
 **********
 PARAMETER   12  IS CONSTANT.   IGNORED.
 **********
 **   37 **FIX           13
 **********
 **********
 **   38 **FIX           14
 **********
 **********
 **   39 **FIX           15
 **********
 PARAMETER   15  IS CONSTANT.   IGNORED.
 **********
 **   40 **FIX           16
 **********
 **********
 **   41 **MIGRAD
 **********
 START MIGRAD MINIMIZATION.  STRATEGY  1.  CONVERGENCE WHEN EDM .LT. 1.00e-04
 FCN=1591.61 FROM MIGRAD    STATUS=INITIATE      515 CALLS        2832 TOTAL
                     EDM= unknown      STRATEGY= 1      NO ERROR MATRIX       
  EXT PARAMETER               CURRENT GUESS       STEP         FIRST   
  NO.   NAME      VALUE            ERROR          SIZE      DERIVATIVE 
   1  N0           3.12898e+06     fixed    
   2  tau          6.44014e+01   constant   
   3  A0           3.28894e-01     fixed    
   4  phi          4.11720e+00     fixed    
   5  R           -6.01631e+01   constant   
   6  alpha_CBO    1.05866e-02     fixed    
   7  w_CBO        2.32643e+00   constant   
   8  beta_CBO     0.00000e+00   1.00000e-03   0.00000e+00  -2.45755e+04
   9  alpha_2CBO   0.00000e+00   1.00000e-03   0.00000e+00  -6.27322e+04
  10  beta_2CBO    1.86193e-03     fixed    
  11  alpha_y      0.00000e+00     fixed    
  12  w_y          1.38965e+01   constant   
  13  beta_y       5.97583e-04     fixed    
  14  alpha_vw     0.00000e+00     fixed    
  15  w_vw         1.43195e+01   constant   
  16  beta_vw      0.00000e+00     fixed    
  17  LM          -4.89746e-05   constant   
  18  zeta_y       0.00000e+00   constant   
  19  zeta_vw      0.00000e+00   constant   
  20  T_CBO        1.00000e+02   5.20646e+02   0.00000e+00   0.00000e+00
  21  alpha_A0    -3.98026e-02   3.16181e-03   0.00000e+00  -2.09707e+00
  22  beta_A0      7.79359e-02   3.43202e-03   0.00000e+00   4.64629e-01
  23  alpha_phi   -8.11032e-02   3.81840e-03   0.00000e+00  -1.13001e+00
  24  beta_phi    -4.83352e-02   3.86853e-03   0.00000e+00  -2.90513e+00
  25  alpha_xy    -7.33868e-05   1.01976e-04   0.00000e+00  -8.51997e+00
  26  w_xy         1.20754e+01   constant   
  27  beta_xy      7.10639e-05   1.06294e-04   0.00000e+00  -5.35426e+00
 MIGRAD MINIMIZATION HAS CONVERGED.
 MIGRAD WILL VERIFY CONVERGENCE AND ERROR MATRIX.
  MNHESS FAILS AND WILL RETURN DIAGONAL MATRIX. 
 FCN=1579.63 FROM MIGRAD    STATUS=CONVERGED     601 CALLS        2918 TOTAL
                     EDM=5.24716e-06    STRATEGY= 1  ERROR MATRIX UNCERTAINTY 100.0 per cent
  EXT PARAMETER                APPROXIMATE        STEP         FIRST   
  NO.   NAME      VALUE            ERROR          SIZE      DERIVATIVE 
   1  N0           3.12898e+06     fixed    
   2  tau          6.44014e+01   constant   
   3  A0           3.28894e-01     fixed    
   4  phi          4.11720e+00     fixed    
   5  R           -6.01631e+01   constant   
   6  alpha_CBO    1.05866e-02     fixed    
   7  w_CBO        2.32643e+00   constant   
   8  beta_CBO     1.10047e-04   9.75355e-05   1.89342e-06   1.22640e+01
   9  alpha_2CBO   3.38759e-04   9.60138e-05   1.86389e-06   3.55691e+00
  10  beta_2CBO    1.86193e-03     fixed    
  11  alpha_y      0.00000e+00     fixed    
  12  w_y          1.38965e+01   constant   
  13  beta_y       5.97583e-04     fixed    
  14  alpha_vw     0.00000e+00     fixed    
  15  w_vw         1.43195e+01   constant   
  16  beta_vw      0.00000e+00     fixed    
  17  LM          -4.89746e-05   constant   
  18  zeta_y       0.00000e+00   constant   
  19  zeta_vw      0.00000e+00   constant   
  20  T_CBO        1.00000e+02   7.59439e+02  -0.00000e+00   0.00000e+00
  21  alpha_A0    -3.99503e-02   3.83514e-04   4.51005e-06   1.93693e-01
  22  beta_A0      7.76904e-02   3.77663e-04   4.50907e-06   3.02542e+00
  23  alpha_phi   -8.15646e-02   4.73112e-04  -4.39841e-07  -1.25739e-01
  24  beta_phi    -4.80241e-02   4.74253e-04   1.22119e-05   1.42160e+00
  25  alpha_xy    -8.57643e-05   9.91553e-05   5.43697e-07  -1.40580e+01
  26  w_xy         1.20754e+01   constant   
  27  beta_xy      7.04710e-05   9.74161e-05   8.56411e-07  -3.25611e+01
 EXTERNAL ERROR MATRIX.    NDIM=  28    NPAR=  9    ERR DEF=1
  9.513e-09  0.000e+00  0.000e+00  0.000e+00  0.000e+00  0.000e+00  0.000e+00  0.000e+00  0.000e+00 
  0.000e+00  9.219e-09  0.000e+00  0.000e+00  0.000e+00  0.000e+00  0.000e+00  0.000e+00  0.000e+00 
  0.000e+00  0.000e+00  5.421e+05  0.000e+00  0.000e+00  0.000e+00  0.000e+00  0.000e+00  0.000e+00 
  0.000e+00  0.000e+00  0.000e+00  1.471e-07  0.000e+00  0.000e+00  0.000e+00  0.000e+00  0.000e+00 
  0.000e+00  0.000e+00  0.000e+00  0.000e+00  1.426e-07  0.000e+00  0.000e+00  0.000e+00  0.000e+00 
  0.000e+00  0.000e+00  0.000e+00  0.000e+00  0.000e+00  2.238e-07  0.000e+00  0.000e+00  0.000e+00 
  0.000e+00  0.000e+00  0.000e+00  0.000e+00  0.000e+00  0.000e+00  2.249e-07  0.000e+00  0.000e+00 
  0.000e+00  0.000e+00  0.000e+00  0.000e+00  0.000e+00  0.000e+00  0.000e+00  9.832e-09  0.000e+00 
  0.000e+00  0.000e+00  0.000e+00  0.000e+00  0.000e+00  0.000e+00  0.000e+00  0.000e+00  9.490e-09 
ERR MATRIX APPROXIMATE
 PARAMETER  CORRELATION COEFFICIENTS  
       NO.  GLOBAL      8      9     20     21     22     23     24     25     27
        8  0.00000   1.000  0.000  0.000  0.000  0.000  0.000  0.000  0.000  0.000
        9  0.00000   0.000  1.000  0.000  0.000  0.000  0.000  0.000  0.000  0.000
       20  0.00000   0.000  0.000  1.000  0.000  0.000  0.000  0.000  0.000  0.000
       21  0.00000   0.000  0.000  0.000  1.000  0.000  0.000  0.000  0.000  0.000
       22  0.00000   0.000  0.000  0.000  0.000  1.000  0.000  0.000  0.000  0.000
       23  0.00000   0.000  0.000  0.000  0.000  0.000  1.000  0.000  0.000  0.000
       24  0.00000   0.000  0.000  0.000  0.000  0.000  0.000  1.000  0.000  0.000
       25  0.00000   0.000  0.000  0.000  0.000  0.000  0.000  0.000  1.000  0.000
       27  0.00000   0.000  0.000  0.000  0.000  0.000  0.000  0.000  0.000  1.000
 ERR MATRIX APPROXIMATE
MINUIT - FIT wiggle + 1-CBO + 2-CBO
 **********
 **   42 **RES 
 **********
                   PARAMETER   16  beta_vw RESTORED TO VARIABLE.
                   PARAMETER   14  alpha_vw RESTORED TO VARIABLE.
                   PARAMETER   13  beta_y RESTORED TO VARIABLE.
                   PARAMETER   11  alpha_y RESTORED TO VARIABLE.
                   PARAMETER   10  beta_2CBO RESTORED TO VARIABLE.
                   PARAMETER    6  alpha_CBO RESTORED TO VARIABLE.
                   PARAMETER    4  phi RESTORED TO VARIABLE.
                   PARAMETER    3  A0 RESTORED TO VARIABLE.
                   PARAMETER    1  N0 RESTORED TO VARIABLE.
 **********
 **   43 **FIX           10
 **********
 **********
 **   44 **FIX           11
 **********
 **********
 **   45 **FIX           12
 **********
 PARAMETER   12  IS CONSTANT.   IGNORED.
 **********
 **   46 **FIX           13
 **********
 **********
 **   47 **FIX           14
 **********
 **********
 **   48 **FIX           15
 **********
 PARAMETER   15  IS CONSTANT.   IGNORED.
 **********
 **   49 **FIX           16
 **********
 **********
 **   50 **MIGRAD
 **********
 START MIGRAD MINIMIZATION.  STRATEGY  1.  CONVERGENCE WHEN EDM .LT. 1.00e-04
 FCN=1579.63 FROM MIGRAD    STATUS=INITIATE      951 CALLS        3869 TOTAL
                     EDM= unknown      STRATEGY= 1      NO ERROR MATRIX       
  EXT PARAMETER               CURRENT GUESS       STEP         FIRST   
  NO.   NAME      VALUE            ERROR          SIZE      DERIVATIVE 
   1  N0           3.12898e+06   2.11378e+03   0.00000e+00  -2.36681e-03
   2  tau          6.44014e+01   constant   
   3  A0           3.28894e-01   1.13494e-03   0.00000e+00  -5.31184e+03
   4  phi          4.11720e+00   1.60281e-03   0.00000e+00  -1.97226e+03
   5  R           -6.01631e+01   constant   
   6  alpha_CBO    1.05866e-02   3.12282e-04   0.00000e+00   3.24161e+03
   7  w_CBO        2.32643e+00   constant   
   8  beta_CBO     1.10047e-04   9.75355e-05   0.00000e+00   1.22640e+01
   9  alpha_2CBO   3.38759e-04   9.60138e-05   0.00000e+00   3.55691e+00
  10  beta_2CBO    1.86193e-03     fixed    
  11  alpha_y      0.00000e+00     fixed    
  12  w_y          1.38965e+01   constant   
  13  beta_y       5.97583e-04     fixed    
  14  alpha_vw     0.00000e+00     fixed    
  15  w_vw         1.43195e+01   constant   
  16  beta_vw      0.00000e+00     fixed    
  17  LM          -4.89746e-05   constant   
  18  zeta_y       0.00000e+00   constant   
  19  zeta_vw      0.00000e+00   constant   
  20  T_CBO        1.00000e+02   7.59439e+02   0.00000e+00   0.00000e+00
  21  alpha_A0    -3.99503e-02   3.83514e-04   0.00000e+00   1.93688e-01
  22  beta_A0      7.76904e-02   3.77663e-04   0.00000e+00   3.02543e+00
  23  alpha_phi   -8.15646e-02   4.73112e-04   0.00000e+00  -1.25740e-01
  24  beta_phi    -4.80241e-02   4.74253e-04   0.00000e+00   1.42160e+00
  25  alpha_xy    -8.57643e-05   9.91553e-05   0.00000e+00  -1.40580e+01
  26  w_xy         1.20754e+01   constant   
  27  beta_xy      7.04710e-05   9.74161e-05   0.00000e+00  -3.25611e+01
 MIGRAD MINIMIZATION HAS CONVERGED.
 MIGRAD WILL VERIFY CONVERGENCE AND ERROR MATRIX.
  MNHESS FAILS AND WILL RETURN DIAGONAL MATRIX. 
 FCN=1569.92 FROM MIGRAD    STATUS=CONVERGED    1334 CALLS        4252 TOTAL
                     EDM=4.43449e-07    STRATEGY= 1  ERROR MATRIX UNCERTAINTY 100.0 per cent
  EXT PARAMETER                APPROXIMATE        STEP         FIRST   
  NO.   NAME      VALUE            ERROR          SIZE      DERIVATIVE 
   1  N0           3.12184e+06   2.16763e+02   4.19207e+00   3.29899e-07
   2  tau          6.44014e+01   constant   
   3  A0           3.32777e-01   8.66505e-05   1.67693e-06  -1.02163e+00
   4  phi          4.12368e+00   3.27311e-04   6.33455e-06  -1.76040e-01
   5  R           -6.01631e+01   constant   
   6  alpha_CBO    9.42331e-03   9.90385e-05   1.91669e-06   4.67230e+00
   7  w_CBO        2.32643e+00   constant   
   8  beta_CBO     1.20641e-04   9.75126e-05   1.88716e-06   5.30389e+00
   9  alpha_2CBO   6.53921e-04   9.60123e-05   1.85812e-06  -9.11295e-01
  10  beta_2CBO    1.86193e-03     fixed    
  11  alpha_y      0.00000e+00     fixed    
  12  w_y          1.38965e+01   constant   
  13  beta_y       5.97583e-04     fixed    
  14  alpha_vw     0.00000e+00     fixed    
  15  w_vw         1.43195e+01   constant   
  16  beta_vw      0.00000e+00     fixed    
  17  LM          -4.89746e-05   constant   
  18  zeta_y       0.00000e+00   constant   
  19  zeta_vw      0.00000e+00   constant   
  20  T_CBO        1.00000e+02   9.44762e+02  -0.00000e+00   0.00000e+00
  21  alpha_A0    -2.83964e-02   3.81950e-04   7.48447e-06   3.97598e-01
  22  beta_A0      6.62458e-02   3.75602e-04  -7.52231e-06   6.24886e-01
  23  alpha_phi   -7.01934e-02   4.61936e-04   8.87195e-06   8.17386e-02
  24  beta_phi    -3.40978e-02   4.63846e-04   9.19522e-06   9.55940e-01
  25  alpha_xy    -4.53598e-05   9.91435e-05  -1.33600e-07   7.35187e+00
  26  w_xy         1.20754e+01   constant   
  27  beta_xy      3.15798e-05   9.74101e-05   8.04470e-08  -2.17269e+00
 EXTERNAL ERROR MATRIX.    NDIM=  28    NPAR= 13    ERR DEF=1
 ELEMENTS ABOVE DIAGONAL ARE NOT PRINTED.
  4.699e+04 
  0.000e+00  7.508e-09 
  0.000e+00  0.000e+00  1.071e-07 
  0.000e+00  0.000e+00  0.000e+00  9.809e-09 
  0.000e+00  0.000e+00  0.000e+00  0.000e+00  9.509e-09 
  0.000e+00  0.000e+00  0.000e+00  0.000e+00  0.000e+00  9.218e-09 
  0.000e+00  0.000e+00  0.000e+00  0.000e+00  0.000e+00  0.000e+00  1.153e+06 
  0.000e+00  0.000e+00  0.000e+00  0.000e+00  0.000e+00  0.000e+00  0.000e+00  1.459e-07 
  0.000e+00  0.000e+00  0.000e+00  0.000e+00  0.000e+00  0.000e+00  0.000e+00  0.000e+00  1.411e-07 
  0.000e+00  0.000e+00  0.000e+00  0.000e+00  0.000e+00  0.000e+00  0.000e+00  0.000e+00  0.000e+00  2.134e-07 
  0.000e+00  0.000e+00  0.000e+00  0.000e+00  0.000e+00  0.000e+00  0.000e+00  0.000e+00  0.000e+00  0.000e+00  2.152e-07 
  0.000e+00  0.000e+00  0.000e+00  0.000e+00  0.000e+00  0.000e+00  0.000e+00  0.000e+00  0.000e+00  0.000e+00  0.000e+00 
  0.000e+00  0.000e+00  0.000e+00  0.000e+00  0.000e+00  0.000e+00  0.000e+00  0.000e+00  0.000e+00  0.000e+00  0.000e+00  9.829e-09 
  0.000e+00  0.000e+00  0.000e+00  0.000e+00  0.000e+00  0.000e+00  0.000e+00  0.000e+00  0.000e+00  0.000e+00  0.000e+00 
  0.000e+00  0.000e+00  0.000e+00  0.000e+00  0.000e+00  0.000e+00  0.000e+00  0.000e+00  0.000e+00  0.000e+00  0.000e+00  0.000e+00  9.489e-09 
ERR MATRIX APPROXIMATE
 PARAMETER  CORRELATION COEFFICIENTS  
       NO.  GLOBAL      1      3      4      6      8      9     20     21     22     23     24     25     27
        1  0.00000   1.000  0.000  0.000  0.000  0.000  0.000  0.000  0.000  0.000  0.000  0.000  0.000  0.000
        3  0.00000   0.000  1.000  0.000  0.000  0.000  0.000  0.000  0.000  0.000  0.000  0.000  0.000  0.000
        4  0.00000   0.000  0.000  1.000  0.000  0.000  0.000  0.000  0.000  0.000  0.000  0.000  0.000  0.000
        6  0.00000   0.000  0.000  0.000  1.000  0.000  0.000  0.000  0.000  0.000  0.000  0.000  0.000  0.000
        8  0.00000   0.000  0.000  0.000  0.000  1.000  0.000  0.000  0.000  0.000  0.000  0.000  0.000  0.000
        9  0.00000   0.000  0.000  0.000  0.000  0.000  1.000  0.000  0.000  0.000  0.000  0.000  0.000  0.000
       20  0.00000   0.000  0.000  0.000  0.000  0.000  0.000  1.000  0.000  0.000  0.000  0.000  0.000  0.000
       21  0.00000   0.000  0.000  0.000  0.000  0.000  0.000  0.000  1.000  0.000  0.000  0.000  0.000  0.000
       22  0.00000   0.000  0.000  0.000  0.000  0.000  0.000  0.000  0.000  1.000  0.000  0.000  0.000  0.000
       23  0.00000   0.000  0.000  0.000  0.000  0.000  0.000  0.000  0.000  0.000  1.000  0.000  0.000  0.000
       24  0.00000   0.000  0.000  0.000  0.000  0.000  0.000  0.000  0.000  0.000  0.000  1.000  0.000  0.000
       25  0.00000   0.000  0.000  0.000  0.000  0.000  0.000  0.000  0.000  0.000  0.000  0.000  1.000  0.000
       27  0.00000   0.000  0.000  0.000  0.000  0.000  0.000  0.000  0.000  0.000  0.000  0.000  0.000  1.000
 ERR MATRIX APPROXIMATE
MINUIT - FIT ONLY 1-y
 **********
 **   51 **RES 
 **********
                   PARAMETER   16  beta_vw RESTORED TO VARIABLE.
                   PARAMETER   14  alpha_vw RESTORED TO VARIABLE.
                   PARAMETER   13  beta_y RESTORED TO VARIABLE.
                   PARAMETER   11  alpha_y RESTORED TO VARIABLE.
                   PARAMETER   10  beta_2CBO RESTORED TO VARIABLE.
 **********
 **   52 **FIX            0
 **********
 PARAMETER    0  IS UNDEFINED. IGNORED.
 **********
 **   53 **FIX            1
 **********
 **********
 **   54 **FIX            2
 **********
 PARAMETER    2  IS CONSTANT.   IGNORED.
 **********
 **   55 **FIX            3
 **********
 **********
 **   56 **FIX            4
 **********
 **********
 **   57 **FIX            5
 **********
 PARAMETER    5  IS CONSTANT.   IGNORED.
 **********
 **   58 **FIX            6
 **********
 **********
 **   59 **FIX            7
 **********
 PARAMETER    7  IS CONSTANT.   IGNORED.
 **********
 **   60 **FIX            8
 **********
 **********
 **   61 **FIX            9
 **********
 **********
 **   62 **FIX           13
 **********
 **********
 **   63 **FIX           14
 **********
 **********
 **   64 **FIX           15
 **********
 PARAMETER   15  IS CONSTANT.   IGNORED.
 **********
 **   65 **FIX           16
 **********
 **********
 **   66 **MIGRAD
 **********
 START MIGRAD MINIMIZATION.  STRATEGY  1.  CONVERGENCE WHEN EDM .LT. 1.00e-04
 FCN=1569.92 FROM MIGRAD    STATUS=INITIATE      513 CALLS        4765 TOTAL
                     EDM= unknown      STRATEGY= 1      NO ERROR MATRIX       
  EXT PARAMETER               CURRENT GUESS       STEP         FIRST   
  NO.   NAME      VALUE            ERROR          SIZE      DERIVATIVE 
   1  N0           3.12184e+06     fixed    
   2  tau          6.44014e+01   constant   
   3  A0           3.32777e-01     fixed    
   4  phi          4.12368e+00     fixed    
   5  R           -6.01631e+01   constant   
   6  alpha_CBO    9.42331e-03     fixed    
   7  w_CBO        2.32643e+00   constant   
   8  beta_CBO     1.20641e-04     fixed    
   9  alpha_2CBO   6.53921e-04     fixed    
  10  beta_2CBO    1.86193e-03   1.29649e-04   0.00000e+00   4.00010e+04
  11  alpha_y      0.00000e+00   1.00000e-03   0.00000e+00  -4.86451e+05
  12  w_y          1.38965e+01   constant   
  13  beta_y       5.97583e-04     fixed    
  14  alpha_vw     0.00000e+00     fixed    
  15  w_vw         1.43195e+01   constant   
  16  beta_vw      0.00000e+00     fixed    
  17  LM          -4.89746e-05   constant   
  18  zeta_y       0.00000e+00   constant   
  19  zeta_vw      0.00000e+00   constant   
  20  T_CBO        1.00000e+02   9.44762e+02   0.00000e+00   0.00000e+00
  21  alpha_A0    -2.83964e-02   3.81950e-04   0.00000e+00   3.97595e-01
  22  beta_A0      6.62458e-02   3.75602e-04   0.00000e+00   6.24890e-01
  23  alpha_phi   -7.01934e-02   4.61936e-04   0.00000e+00   8.17355e-02
  24  beta_phi    -3.40978e-02   4.63846e-04   0.00000e+00   9.55938e-01
  25  alpha_xy    -4.53598e-05   9.91435e-05   0.00000e+00   7.35187e+00
  26  w_xy         1.20754e+01   constant   
  27  beta_xy      3.15798e-05   9.74101e-05   0.00000e+00  -2.17268e+00
 MIGRAD MINIMIZATION HAS CONVERGED.
 FCN=901.677 FROM MIGRAD    STATUS=CONVERGED     631 CALLS        4883 TOTAL
                     EDM=4.32732e-08    STRATEGY= 1  ERROR MATRIX UNCERTAINTY   1.6 per cent
  EXT PARAMETER                                   STEP         FIRST   
  NO.   NAME      VALUE            ERROR          SIZE      DERIVATIVE 
   1  N0           3.12184e+06     fixed    
   2  tau          6.44014e+01   constant   
   3  A0           3.32777e-01     fixed    
   4  phi          4.12368e+00     fixed    
   5  R           -6.01631e+01   constant   
   6  alpha_CBO    9.42331e-03     fixed    
   7  w_CBO        2.32643e+00   constant   
   8  beta_CBO     1.20641e-04     fixed    
   9  alpha_2CBO   6.53921e-04     fixed    
  10  beta_2CBO    1.42112e-03   1.10845e-04  -6.95902e-08   2.60638e-01
  11  alpha_y      2.71136e-03   1.05255e-04   5.71776e-09   5.40785e-01
  12  w_y          1.38965e+01   constant   
  13  beta_y       5.97583e-04     fixed    
  14  alpha_vw     0.00000e+00     fixed    
  15  w_vw         1.43195e+01   constant   
  16  beta_vw      0.00000e+00     fixed    
  17  LM          -4.89746e-05   constant   
  18  zeta_y       0.00000e+00   constant   
  19  zeta_vw      0.00000e+00   constant   
  20  T_CBO        1.00000e+02   5.20646e+02  -0.00000e+00   0.00000e+00
  21  alpha_A0    -2.89966e-02   4.01118e-04  -5.58867e-08  -2.21959e-01
  22  beta_A0      6.68078e-02   3.83456e-04  -1.27269e-06   3.28610e-01
  23  alpha_phi   -6.99831e-02   4.66292e-04   1.77628e-07   2.43295e-01
  24  beta_phi    -3.33434e-02   4.76069e-04   7.82034e-07  -4.56714e-01
  25  alpha_xy    -8.97011e-04   1.04639e-04  -1.59877e-08   1.00699e+00
  26  w_xy         1.20754e+01   constant   
  27  beta_xy      3.17371e-04   9.73082e-05  -2.88235e-08   2.62292e+00
 EXTERNAL ERROR MATRIX.    NDIM=  28    NPAR=  9    ERR DEF=1
  1.229e-08 -8.054e-10  0.000e+00  1.242e-08 -7.678e-09 -9.011e-09 -1.182e-08  8.667e-10  3.302e-10 
 -8.054e-10  1.108e-08  0.000e+00 -1.437e-09  1.732e-09  9.820e-11  2.122e-09 -3.434e-09  1.192e-09 
  0.000e+00  0.000e+00  1.800e+05  0.000e+00  0.000e+00  0.000e+00  0.000e+00  0.000e+00  0.000e+00 
  1.242e-08 -1.437e-09  0.000e+00  1.609e-07 -1.474e-08 -8.484e-09 -7.057e-09  2.779e-09  4.613e-10 
 -7.678e-09  1.732e-09  0.000e+00 -1.474e-08  1.470e-07  1.114e-08 -2.979e-09 -1.842e-09 -4.980e-10 
 -9.011e-09  9.820e-11  0.000e+00 -8.484e-09  1.114e-08  2.174e-07  3.622e-09 -1.734e-09 -2.904e-10 
 -1.182e-08  2.122e-09  0.000e+00 -7.057e-09 -2.979e-09  3.622e-09  2.266e-07 -1.311e-09 -1.415e-09 
  8.667e-10 -3.434e-09  0.000e+00  2.779e-09 -1.842e-09 -1.734e-09 -1.311e-09  1.095e-08 -9.265e-11 
  3.302e-10  1.192e-09  0.000e+00  4.613e-10 -4.980e-10 -2.904e-10 -1.415e-09 -9.265e-11  9.469e-09 
 PARAMETER  CORRELATION COEFFICIENTS  
       NO.  GLOBAL     10     11     20     21     22     23     24     25     27
       10  0.41797   1.000 -0.069  0.000  0.279 -0.181 -0.174 -0.224  0.075  0.031
       11  0.33785  -0.069  1.000  0.000 -0.034  0.043  0.002  0.042 -0.312  0.116
       20  0.00000   0.000  0.000  1.000  0.000  0.000  0.000  0.000  0.000  0.000
       21  0.28763   0.279 -0.034  0.000  1.000 -0.096 -0.045 -0.037  0.066  0.012
       22  0.20159  -0.181  0.043  0.000 -0.096  1.000  0.062 -0.016 -0.046 -0.013
       23  0.18077  -0.174  0.002  0.000 -0.045  0.062  1.000  0.016 -0.036 -0.006
       24  0.23698  -0.224  0.042  0.000 -0.037 -0.016  0.016  1.000 -0.026 -0.031
       25  0.32185   0.075 -0.312  0.000  0.066 -0.046 -0.036 -0.026  1.000 -0.009
       27  0.12922   0.031  0.116  0.000  0.012 -0.013 -0.006 -0.031 -0.009  1.000
MINUIT - FIT ONLY 2-y
 **********
 **   67 **RES 
 **********
                   PARAMETER   16  beta_vw RESTORED TO VARIABLE.
                   PARAMETER   14  alpha_vw RESTORED TO VARIABLE.
