 + ++++++++++++++++++++++++++++++++++++++++++++++++++++++++++++++++++++ +
 +                                                                      +
 +           You have chose to blind your fitting according to          +
 +                omega_ref * (1 + (R +/- deltaR) *10^{-6})             +
 +                                                                      +
 + ++++++++++++++++++++++++++++++++++++++++++++++++++++++++++++++++++++ +
In main()...
reading format from /gm2data/zkhechad/run45/envelope/formats/formatB_sBin_constraintOn.txt
pBinTau 	= 0  
pBinPhi 	= 0  
constraintau 	= 1 
includeMopTerm 	= 0    
constrainMop    = 0   
Parameters after format file: pBinTau 0 pBinPhi 0 constraintau 1 includeMopTerm 0 constrainMop 0 c_e_scale 0.000000 
Opening file /gm2data/tbarrett/gm2fr/studies/run23_bunch_corrections/CorrectedFourier_Run3b.root.
reading full fit data from /gm2data/zkhechad/cboTemplates/Run4CBOTemplates/fullFits/noRF/sBin_constraintOn_cE0.0_seed0_noRF_calo21.root
windowBins = 69
fitting sliding window 2590 from bin 2726 at 406.570000 to bin 2795 at 417.014000 (69 bins)

Reading data from /gm2data/cornell/histograms/aMethod/histogram_a_noRF.root
 **********
 **    1 **SET PRINTOUT            1
 **********
 **********
 **    2 **SET NOWARNINGS 
 **********
 PARAMETER DEFINITIONS:
    NO.   NAME         VALUE      STEP SIZE      LIMITS
     1 N0           2.83609e+06  1.00000e+02     no limits
     2 tau          6.44055e+01  constant
     3 A0           3.54106e-01  1.00000e-04     no limits
     4 phi          4.11637e+00  1.00000e-02     no limits
     5 R           -5.93657e+01  constant
     6 alpha_CBO    0.00000e+00  1.00000e-03     no limits
     7 w_CBO        2.32500e+00  constant
     8 beta_CBO     0.00000e+00  1.00000e-03     no limits
     9 alpha_2CBO   0.00000e+00  1.00000e-03     no limits
    10 beta_2CBO    0.00000e+00  1.00000e-03     no limits
    11 alpha_y      0.00000e+00  1.00000e-03     no limits
    12 w_y          1.38860e+01  constant
    13 beta_y       0.00000e+00  1.00000e-03     no limits
    14 alpha_vw     0.00000e+00  1.00000e-03     no limits
    15 w_vw         1.43404e+01  constant
    16 beta_vw      0.00000e+00  1.00000e-03     no limits
    17 LM           6.62355e-05  constant
    18 zeta_y       0.00000e+00  constant
    19 zeta_vw      0.00000e+00  constant
    20 T_CBO        1.00000e+02  1.00000e+00    0.00000e+00  1.00000e+03
    21 alpha_A0     0.00000e+00  1.00000e-03     no limits
    22 beta_A0      0.00000e+00  1.00000e-03     no limits
    23 alpha_phi    0.00000e+00  1.00000e-03     no limits
    24 beta_phi     0.00000e+00  1.00000e-03     no limits
MINUIT - FIT ONLY WIGGLE
 **********
 **    3 **FIX            5
 **********
 PARAMETER    5  IS CONSTANT.   IGNORED.
 **********
 **    4 **FIX            6
 **********
 **********
 **    5 **FIX            7
 **********
 PARAMETER    7  IS CONSTANT.   IGNORED.
 **********
 **    6 **FIX            8
 **********
 **********
 **    7 **FIX            9
 **********
 **********
 **    8 **FIX           10
 **********
 **********
 **    9 **FIX           11
 **********
 **********
 **   10 **FIX           12
 **********
 PARAMETER   12  IS CONSTANT.   IGNORED.
 **********
 **   11 **FIX           13
 **********
 **********
 **   12 **FIX           14
 **********
 **********
 **   13 **FIX           15
 **********
 PARAMETER   15  IS CONSTANT.   IGNORED.
 **********
 **   14 **FIX           16
 **********
 **********
 **   15 **MIGRAD
 **********
 FIRST CALL TO USER FUNCTION AT NEW START POINT, WITH IFLAG=4.
 START MIGRAD MINIMIZATION.  STRATEGY  1.  CONVERGENCE WHEN EDM .LT. 1.00e-04
 FCN=110.419 FROM MIGRAD    STATUS=INITIATE      437 CALLS         438 TOTAL
                     EDM= unknown      STRATEGY= 1      NO ERROR MATRIX       
  EXT PARAMETER               CURRENT GUESS       STEP         FIRST   
  NO.   NAME      VALUE            ERROR          SIZE      DERIVATIVE 
   1  N0           2.83609e+06   1.00000e+02   0.00000e+00   1.51924e-03
   2  tau          6.44055e+01   constant   
   3  A0           3.54106e-01   1.00000e-04   0.00000e+00   6.41354e+02
   4  phi          4.11637e+00   1.00000e-02   0.00000e+00  -3.24586e+02
   5  R           -5.93657e+01   constant   
   6  alpha_CBO    0.00000e+00     fixed    
   7  w_CBO        2.32500e+00   constant   
   8  beta_CBO     0.00000e+00     fixed    
   9  alpha_2CBO   0.00000e+00     fixed    
  10  beta_2CBO    0.00000e+00     fixed    
  11  alpha_y      0.00000e+00     fixed    
  12  w_y          1.38860e+01   constant   
  13  beta_y       0.00000e+00     fixed    
  14  alpha_vw     0.00000e+00     fixed    
  15  w_vw         1.43404e+01   constant   
  16  beta_vw      0.00000e+00     fixed    
  17  LM           6.62355e-05   constant   
  18  zeta_y       0.00000e+00   constant   
  19  zeta_vw      0.00000e+00   constant   
  20  T_CBO        1.00000e+02   1.00000e+00   0.00000e+00   0.00000e+00
  21  alpha_A0     0.00000e+00   1.00000e-03   0.00000e+00  -4.45961e+00
  22  beta_A0      0.00000e+00   1.00000e-03   0.00000e+00  -1.83889e+00
  23  alpha_phi    0.00000e+00   1.00000e-03   0.00000e+00   2.39881e+00
  24  beta_phi     0.00000e+00   1.00000e-03   0.00000e+00   1.16626e+01
 CALL LIMIT EXCEEDED IN MIGRAD.
 MIGRAD TERMINATED WITHOUT CONVERGENCE.
 FCN=100.963 FROM MIGRAD    STATUS=CALL LIMIT   1332 CALLS        1333 TOTAL
                     EDM=0.00118106    STRATEGY= 1  ERROR MATRIX UNCERTAINTY   0.5 per cent
  EXT PARAMETER                APPROXIMATE        STEP         FIRST   
  NO.   NAME      VALUE            ERROR          SIZE      DERIVATIVE 
   1  N0           2.83056e+06   2.98969e+03  -7.53491e+00   3.17884e-07
   2  tau          6.44055e+01   constant   
   3  A0           3.52693e-01   1.38229e-03  -2.71863e-06  -8.02607e+00
   4  phi          4.11910e+00   3.92564e-03   2.84666e-06   5.50575e+00
   5  R           -5.93657e+01   constant   
   6  alpha_CBO    0.00000e+00     fixed    
   7  w_CBO        2.32500e+00   constant   
   8  beta_CBO     0.00000e+00     fixed    
   9  alpha_2CBO   0.00000e+00     fixed    
  10  beta_2CBO    0.00000e+00     fixed    
  11  alpha_y      0.00000e+00     fixed    
  12  w_y          1.38860e+01   constant   
  13  beta_y       0.00000e+00     fixed    
  14  alpha_vw     0.00000e+00     fixed    
  15  w_vw         1.43404e+01   constant   
  16  beta_vw      0.00000e+00     fixed    
  17  LM           6.62355e-05   constant   
  18  zeta_y       0.00000e+00   constant   
  19  zeta_vw      0.00000e+00   constant   
  20  T_CBO        2.47999e+02   6.23992e+02   2.44671e-02  -3.42369e-01
  21  alpha_A0     1.28810e-02   5.37865e-02  -1.84851e-03  -1.35507e+00
  22  beta_A0      2.54603e-02   1.02196e-01  -1.93258e-03  -8.53755e-01
  23  alpha_phi    2.28515e-03   4.12421e-02  -1.21831e-04  -5.27160e-01
  24  beta_phi    -5.50858e-02   2.13687e-01   4.14220e-03   1.01537e+00
 EXTERNAL ERROR MATRIX.    NDIM=  25    NPAR=  8    ERR DEF=1
  8.938e+06  3.982e-01  1.875e+00 -7.203e+04  2.162e+01 -3.682e+00 -9.014e+00 -4.836e+01 
  3.982e-01  1.911e-06 -3.160e-07 -4.181e-02  5.408e-06  1.418e-07 -2.949e-06 -1.099e-05 
  1.875e+00 -3.160e-07  1.541e-05  1.706e-01 -8.822e-07  1.056e-05  7.877e-06  6.287e-05 
 -7.203e+04 -4.181e-02  1.706e-01  2.057e+05 -1.989e+01 -4.082e+01 -1.876e+00  9.468e+01 
  2.162e+01  5.408e-06 -8.822e-07 -1.989e+01  2.893e-03  3.659e-03  2.848e-04 -8.383e-03 
 -3.682e+00  1.418e-07  1.056e-05 -4.082e+01  3.659e-03  1.044e-02 -2.705e-04 -1.857e-02 
 -9.014e+00 -2.949e-06  7.877e-06 -1.876e+00  2.848e-04 -2.705e-04  1.701e-03 -4.520e-04 
 -4.836e+01 -1.099e-05  6.287e-05  9.468e+01 -8.383e-03 -1.857e-02 -4.520e-04  4.566e-02 
ERR MATRIX APPROXIMATE
 PARAMETER  CORRELATION COEFFICIENTS  
       NO.  GLOBAL      1      3      4     20     21     22     23     24
        1  0.34474   1.000  0.096  0.160 -0.053  0.134 -0.012 -0.073 -0.076
        3  0.30000   0.096  1.000 -0.058 -0.067  0.073  0.001 -0.052 -0.037
        4  0.48668   0.160 -0.058  1.000  0.096 -0.004  0.026  0.049  0.075
       20  0.99444  -0.053 -0.067  0.096  1.000 -0.816 -0.881 -0.100  0.977
       21  0.90906   0.134  0.073 -0.004 -0.816  1.000  0.666  0.128 -0.729
       22  0.92918  -0.012  0.001  0.026 -0.881  0.666  1.000 -0.064 -0.850
       23  0.53145  -0.073 -0.052  0.049 -0.100  0.128 -0.064  1.000 -0.051
       24  0.98886  -0.076 -0.037  0.075  0.977 -0.729 -0.850 -0.051  1.000
 ERR MATRIX APPROXIMATE
MINUIT - FIT ONLY 1-CBO + wiggle
 **********
 **   16 **RES 
 **********
                   PARAMETER   16  beta_vw RESTORED TO VARIABLE.
                   PARAMETER   14  alpha_vw RESTORED TO VARIABLE.
                   PARAMETER   13  beta_y RESTORED TO VARIABLE.
                   PARAMETER   11  alpha_y RESTORED TO VARIABLE.
                   PARAMETER   10  beta_2CBO RESTORED TO VARIABLE.
                   PARAMETER    9  alpha_2CBO RESTORED TO VARIABLE.
                   PARAMETER    8  beta_CBO RESTORED TO VARIABLE.
                   PARAMETER    6  alpha_CBO RESTORED TO VARIABLE.
 **********
 **   17 **FIX            8
 **********
 **********
 **   18 **FIX            9
 **********
 **********
 **   19 **FIX           11
 **********
 **********
 **   20 **FIX           12
 **********
 PARAMETER   12  IS CONSTANT.   IGNORED.
 **********
 **   21 **FIX           14
 **********
 **********
 **   22 **FIX           15
 **********
 PARAMETER   15  IS CONSTANT.   IGNORED.
 **********
 **   23 **FIX           16
 **********
 **********
 **   24 **MIGRAD
 **********
 START MIGRAD MINIMIZATION.  STRATEGY  1.  CONVERGENCE WHEN EDM .LT. 1.00e-04
 FCN=100.963 FROM MIGRAD    STATUS=INITIATE       28 CALLS        1361 TOTAL
                     EDM= unknown      STRATEGY= 1      NO ERROR MATRIX       
  EXT PARAMETER               CURRENT GUESS       STEP         FIRST   
  NO.   NAME      VALUE            ERROR          SIZE      DERIVATIVE 
   1  N0           2.83056e+06   2.98969e+03  -7.53491e+00   3.17884e-07
   2  tau          6.44055e+01   constant   
   3  A0           3.52693e-01   1.38229e-03  -2.71863e-06  -8.02607e+00
   4  phi          4.11910e+00   3.92564e-03   2.84666e-06   5.50575e+00
   5  R           -5.93657e+01   constant   
   6  alpha_CBO    0.00000e+00   1.00000e-03   1.00000e-03   3.30908e+03
   7  w_CBO        2.32500e+00   constant   
   8  beta_CBO     0.00000e+00     fixed    
   9  alpha_2CBO   0.00000e+00     fixed    
  10  beta_2CBO    0.00000e+00   1.00000e-03   1.00000e-03   7.02835e+02
  11  alpha_y      0.00000e+00     fixed    
  12  w_y          1.38860e+01   constant   
  13  beta_y       0.00000e+00   1.00000e-03   1.00000e-03   3.86068e+03
  14  alpha_vw     0.00000e+00     fixed    
  15  w_vw         1.43404e+01   constant   
  16  beta_vw      0.00000e+00     fixed    
  17  LM           6.62355e-05   constant   
  18  zeta_y       0.00000e+00   constant   
  19  zeta_vw      0.00000e+00   constant   
  20  T_CBO        2.47999e+02   6.23992e+02   2.44671e-02  -3.42369e-01
  21  alpha_A0     1.28810e-02   5.37865e-02  -1.84851e-03  -1.35507e+00
  22  beta_A0      2.54603e-02   1.02196e-01  -1.93258e-03  -8.53755e-01
  23  alpha_phi    2.28515e-03   4.12421e-02  -1.21831e-04  -5.27160e-01
  24  beta_phi    -5.50858e-02   2.13687e-01   4.14220e-03   1.01537e+00
 MIGRAD MINIMIZATION HAS CONVERGED.
 FCN=86.1175 FROM MIGRAD    STATUS=CONVERGED    1145 CALLS        2478 TOTAL
                     EDM=3.45035e-06    STRATEGY= 1  ERROR MATRIX UNCERTAINTY   0.2 per cent
  EXT PARAMETER                                   STEP         FIRST   
  NO.   NAME      VALUE            ERROR          SIZE      DERIVATIVE 
   1  N0           2.83088e+06   2.80017e+03  -9.23243e-01   1.33398e-07
   2  tau          6.44055e+01   constant   
   3  A0           3.53234e-01   1.35810e-03   4.78352e-07  -2.18591e-01
   4  phi          4.11660e+00   4.07648e-03   3.78816e-06   3.42857e-01
   5  R           -5.93657e+01   constant   
   6  alpha_CBO   -3.95881e-03   1.51746e-03  -4.59067e-07  -4.17260e-01
   7  w_CBO        2.32500e+00   constant   
   8  beta_CBO     0.00000e+00     fixed    
   9  alpha_2CBO   0.00000e+00     fixed    
  10  beta_2CBO   -8.09261e-04   1.46646e-03  -5.09972e-07   1.10172e-01
  11  alpha_y      0.00000e+00     fixed    
  12  w_y          1.38860e+01   constant   
  13  beta_y      -4.14027e-03   1.46931e-03  -8.38126e-07   8.49295e-02
  14  alpha_vw     0.00000e+00     fixed    
  15  w_vw         1.43404e+01   constant   
  16  beta_vw      0.00000e+00     fixed    
  17  LM           6.62355e-05   constant   
  18  zeta_y       0.00000e+00   constant   
  19  zeta_vw      0.00000e+00   constant   
  20  T_CBO        9.99846e+02   5.53923e+02   8.44652e-02  -1.45963e-04
  21  alpha_A0     8.77015e-04   1.08423e-02  -6.21555e-06  -1.64563e-01
  22  beta_A0      4.91297e-03   9.55652e-03   3.63697e-06  -1.05189e-01
  23  alpha_phi   -3.35721e-03   9.50940e-03   2.05881e-06   1.93955e-01
  24  beta_phi    -1.42967e-02   9.63143e-03   2.88616e-05   3.09024e-01
 EXTERNAL ERROR MATRIX.    NDIM=  25    NPAR= 11    ERR DEF=1
  7.841e+06 
  1.748e-01  1.844e-06 
  9.943e-01 -6.483e-07  1.662e-05 
 -1.763e-01 -2.825e-07  1.348e-06  2.303e-06 
 -2.068e-02  2.802e-08  1.527e-07  5.783e-08  2.151e-06 
 -1.153e-02 -2.947e-08  2.221e-08  1.503e-09 -5.552e-09  2.159e-06 
  5.020e+03  1.551e-03  2.273e-02  3.856e-04 -2.028e-03 -3.949e-03  5.857e+04 
  4.979e+00  3.312e-07  5.459e-06  2.484e-06 -9.612e-07 -2.683e-07  5.867e-02  1.176e-04 
 -5.743e-01 -1.231e-06  6.617e-06  1.141e-06  1.869e-06  7.994e-08 -3.331e-01  8.651e-06  9.133e-05 
 -1.086e+00 -1.199e-06  2.969e-06  2.934e-06 -1.545e-06  7.019e-07  3.280e-01  2.545e-05  4.419e-06  9.043e-05 
 -3.864e+00  1.812e-06 -5.831e-06 -4.438e-07 -5.692e-07  3.991e-08  1.057e+00 -6.383e-06 -2.697e-05 -5.965e-06  9.276e-05 
 PARAMETER  CORRELATION COEFFICIENTS  
       NO.  GLOBAL      1      3      4      6     10     13     20     21     22     23     24
        1  0.27596   1.000  0.046  0.087 -0.041 -0.005 -0.003  0.007  0.164 -0.021 -0.041 -0.143
        3  0.24068   0.046  1.000 -0.117 -0.137  0.014 -0.015  0.005  0.022 -0.095 -0.093  0.139
        4  0.32404   0.087 -0.117  1.000  0.218  0.026  0.004  0.023  0.124  0.170  0.077 -0.149
        6  0.32926  -0.041 -0.137  0.218  1.000  0.026  0.001  0.001  0.151  0.079  0.203 -0.030
       10  0.19522  -0.005  0.014  0.026  0.026  1.000 -0.003 -0.006 -0.060  0.133 -0.111 -0.040
       13  0.06606  -0.003 -0.015  0.004  0.001 -0.003  1.000 -0.011 -0.017  0.006  0.050  0.003
       20  0.50318   0.007  0.005  0.023  0.001 -0.006 -0.011  1.000  0.022 -0.144  0.143  0.453
       21  0.34364   0.164  0.022  0.124  0.151 -0.060 -0.017  0.022  1.000  0.083  0.247 -0.061
       22  0.36003  -0.021 -0.095  0.170  0.079  0.133  0.006 -0.144  0.083  1.000  0.049 -0.293
       23  0.38565  -0.041 -0.093  0.077  0.203 -0.111  0.050  0.143  0.247  0.049  1.000 -0.065
       24  0.56450  -0.143  0.139 -0.149 -0.030 -0.040  0.003  0.453 -0.061 -0.293 -0.065  1.000
MINUIT - FIT ONLY 2-CBO
 **********
 **   25 **RES 
 **********
                   PARAMETER   16  beta_vw RESTORED TO VARIABLE.
                   PARAMETER   14  alpha_vw RESTORED TO VARIABLE.
                   PARAMETER   11  alpha_y RESTORED TO VARIABLE.
                   PARAMETER    9  alpha_2CBO RESTORED TO VARIABLE.
                   PARAMETER    8  beta_CBO RESTORED TO VARIABLE.
 **********
 **   26 **FIX            0
 **********
 PARAMETER    0  IS UNDEFINED. IGNORED.
 **********
 **   27 **FIX            1
 **********
 **********
 **   28 **FIX            2
 **********
 PARAMETER    2  IS CONSTANT.   IGNORED.
 **********
 **   29 **FIX            3
 **********
 **********
 **   30 **FIX            4
 **********
 **********
 **   31 **FIX            5
 **********
 PARAMETER    5  IS CONSTANT.   IGNORED.
 **********
 **   32 **FIX            6
 **********
 **********
 **   33 **FIX            7
 **********
 PARAMETER    7  IS CONSTANT.   IGNORED.
 **********
 **   34 **FIX           10
 **********
 **********
 **   35 **FIX           11
 **********
 **********
 **   36 **FIX           12
 **********
 PARAMETER   12  IS CONSTANT.   IGNORED.
 **********
 **   37 **FIX           13
 **********
 **********
 **   38 **FIX           14
 **********
 **********
 **   39 **FIX           15
 **********
 PARAMETER   15  IS CONSTANT.   IGNORED.
 **********
 **   40 **FIX           16
 **********
 **********
 **   41 **MIGRAD
 **********
 START MIGRAD MINIMIZATION.  STRATEGY  1.  CONVERGENCE WHEN EDM .LT. 1.00e-04
 FCN=86.1175 FROM MIGRAD    STATUS=INITIATE       18 CALLS        2496 TOTAL
                     EDM= unknown      STRATEGY= 1      NO ERROR MATRIX       
  EXT PARAMETER               CURRENT GUESS       STEP         FIRST   
  NO.   NAME      VALUE            ERROR          SIZE      DERIVATIVE 
   1  N0           2.83088e+06     fixed    
   2  tau          6.44055e+01   constant   
   3  A0           3.53234e-01     fixed    
   4  phi          4.11660e+00     fixed    
   5  R           -5.93657e+01   constant   
   6  alpha_CBO   -3.95881e-03     fixed    
   7  w_CBO        2.32500e+00   constant   
   8  beta_CBO     0.00000e+00   1.00000e-03   1.00000e-03  -3.99542e+03
   9  alpha_2CBO   0.00000e+00   1.00000e-03   1.00000e-03   1.57115e+03
  10  beta_2CBO   -8.09261e-04     fixed    
  11  alpha_y      0.00000e+00     fixed    
  12  w_y          1.38860e+01   constant   
  13  beta_y      -4.14027e-03     fixed    
  14  alpha_vw     0.00000e+00     fixed    
  15  w_vw         1.43404e+01   constant   
  16  beta_vw      0.00000e+00     fixed    
  17  LM           6.62355e-05   constant   
  18  zeta_y       0.00000e+00   constant   
  19  zeta_vw      0.00000e+00   constant   
  20  T_CBO        9.99846e+02   5.53923e+02   8.44652e-02  -1.53826e-04
  21  alpha_A0     8.77015e-04   1.08423e-02  -6.21555e-06  -1.64563e-01
  22  beta_A0      4.91297e-03   9.55652e-03   3.63697e-06  -1.05189e-01
  23  alpha_phi   -3.35721e-03   9.50940e-03   2.05881e-06   1.93955e-01
  24  beta_phi    -1.42967e-02   9.63143e-03   2.88616e-05   3.09024e-01
 MIGRAD MINIMIZATION HAS CONVERGED.
 MIGRAD WILL VERIFY CONVERGENCE AND ERROR MATRIX.
 COVARIANCE MATRIX CALCULATED SUCCESSFULLY
 FCN=75.7195 FROM MIGRAD    STATUS=CONVERGED     158 CALLS        2636 TOTAL
                     EDM=1.75251e-06    STRATEGY= 1      ERROR MATRIX ACCURATE 
  EXT PARAMETER                                   STEP         FIRST   
  NO.   NAME      VALUE            ERROR          SIZE      DERIVATIVE 
   1  N0           2.83088e+06     fixed    
   2  tau          6.44055e+01   constant   
   3  A0           3.53234e-01     fixed    
   4  phi          4.11660e+00     fixed    
   5  R           -5.93657e+01   constant   
   6  alpha_CBO   -3.95881e-03     fixed    
   7  w_CBO        2.32500e+00   constant   
   8  beta_CBO     4.53072e-03   1.50902e-03   6.33078e-06  -3.18317e-02
   9  alpha_2CBO  -1.71445e-03   1.49788e-03   6.26955e-06  -4.64454e-02
  10  beta_2CBO   -8.09261e-04     fixed    
  11  alpha_y      0.00000e+00     fixed    
  12  w_y          1.38860e+01   constant   
  13  beta_y      -4.14027e-03     fixed    
  14  alpha_vw     0.00000e+00     fixed    
  15  w_vw         1.43404e+01   constant   
  16  beta_vw      0.00000e+00     fixed    
  17  LM           6.62355e-05   constant   
  18  zeta_y       0.00000e+00   constant   
  19  zeta_vw      0.00000e+00   constant   
  20  T_CBO        9.99953e+02   9.64156e+02   9.94641e-02   2.89442e-05
  21  alpha_A0     5.56221e-04   8.63623e-03   3.66061e-05   6.42623e-02
  22  beta_A0      8.62772e-03   9.46216e-03   3.61327e-05   4.72300e-02
  23  alpha_phi   -2.21265e-03   8.05179e-03   3.37316e-05  -4.00764e-02
  24  beta_phi    -1.32291e-02   1.04090e-02   3.54920e-05  -6.58122e-02
 EXTERNAL ERROR MATRIX.    NDIM=  25    NPAR=  7    ERR DEF=1
  2.277e-06  2.381e-08  3.595e-04  4.559e-07  1.986e-06  9.476e-08  1.230e-06 
  2.381e-08  2.244e-06 -4.194e-05  1.562e-06  2.953e-07 -1.228e-06  1.817e-06 
  3.595e-04 -4.194e-05  5.477e+04  6.184e-02  8.991e-01 -2.196e-01 -1.378e+00 
  4.559e-07  1.562e-06  6.184e-02  7.458e-05  4.034e-06 -1.466e-06 -7.297e-07 
  1.986e-06  2.953e-07  8.991e-01  4.034e-06  8.953e-05 -2.727e-06 -3.190e-05 
  9.476e-08 -1.228e-06 -2.196e-01 -1.466e-06 -2.727e-06  6.483e-05 -4.145e-06 
  1.230e-06  1.817e-06 -1.378e+00 -7.297e-07 -3.190e-05 -4.145e-06  1.083e-04 
 PARAMETER  CORRELATION COEFFICIENTS  
       NO.  GLOBAL      8      9     20     21     22     23     24
        8  0.19433   1.000  0.011  0.001  0.035  0.139  0.008  0.078
        9  0.20544   0.011  1.000 -0.000  0.121  0.021 -0.102  0.117
       20  0.62800   0.001 -0.000  1.000  0.031  0.406 -0.117 -0.566
       21  0.13342   0.035  0.121  0.031  1.000  0.049 -0.021 -0.008
       22  0.45035   0.139  0.021  0.406  0.049  1.000 -0.036 -0.324
       23  0.20132   0.008 -0.102 -0.117 -0.021 -0.036  1.000 -0.049
       24  0.60366   0.078  0.117 -0.566 -0.008 -0.324 -0.049  1.000
MINUIT - FIT wiggle + 1-CBO + 2-CBO
 **********
 **   42 **RES 
 **********
                   PARAMETER   16  beta_vw RESTORED TO VARIABLE.
                   PARAMETER   14  alpha_vw RESTORED TO VARIABLE.
                   PARAMETER   13  beta_y RESTORED TO VARIABLE.
                   PARAMETER   11  alpha_y RESTORED TO VARIABLE.
                   PARAMETER   10  beta_2CBO RESTORED TO VARIABLE.
                   PARAMETER    6  alpha_CBO RESTORED TO VARIABLE.
                   PARAMETER    4  phi RESTORED TO VARIABLE.
                   PARAMETER    3  A0 RESTORED TO VARIABLE.
                   PARAMETER    1  N0 RESTORED TO VARIABLE.
 **********
 **   43 **FIX           10
 **********
 **********
 **   44 **FIX           11
 **********
 **********
 **   45 **FIX           12
 **********
 PARAMETER   12  IS CONSTANT.   IGNORED.
 **********
 **   46 **FIX           13
 **********
 **********
 **   47 **FIX           14
 **********
 **********
 **   48 **FIX           15
 **********
 PARAMETER   15  IS CONSTANT.   IGNORED.
 **********
 **   49 **FIX           16
 **********
 **********
 **   50 **MIGRAD
 **********
 START MIGRAD MINIMIZATION.  STRATEGY  1.  CONVERGENCE WHEN EDM .LT. 1.00e-04
 FCN=75.7195 FROM MIGRAD    STATUS=INITIATE       24 CALLS        2660 TOTAL
                     EDM= unknown      STRATEGY= 1      NO ERROR MATRIX       
  EXT PARAMETER               CURRENT GUESS       STEP         FIRST   
  NO.   NAME      VALUE            ERROR          SIZE      DERIVATIVE 
   1  N0           2.83088e+06   2.80017e+03   2.80017e+03  -1.54709e-05
   2  tau          6.44055e+01   constant   
   3  A0           3.53234e-01   1.35810e-03   1.35810e-03   9.93509e+02
   4  phi          4.11660e+00   4.07648e-03   4.07648e-03   5.20075e+01
   5  R           -5.93657e+01   constant   
   6  alpha_CBO   -3.95881e-03   1.51746e-03   1.51746e-03   8.18794e+01
   7  w_CBO        2.32500e+00   constant   
   8  beta_CBO     4.53072e-03   1.50902e-03   6.33078e-06  -3.18315e-02
   9  alpha_2CBO  -1.71445e-03   1.49788e-03   6.26955e-06  -4.64455e-02
  10  beta_2CBO   -8.09261e-04     fixed    
  11  alpha_y      0.00000e+00     fixed    
  12  w_y          1.38860e+01   constant   
  13  beta_y      -4.14027e-03     fixed    
  14  alpha_vw     0.00000e+00     fixed    
  15  w_vw         1.43404e+01   constant   
  16  beta_vw      0.00000e+00     fixed    
  17  LM           6.62355e-05   constant   
  18  zeta_y       0.00000e+00   constant   
  19  zeta_vw      0.00000e+00   constant   
  20  T_CBO        9.99953e+02   9.64156e+02   9.94641e-02  -6.02682e-05
  21  alpha_A0     5.56221e-04   8.63623e-03   3.66061e-05   6.42631e-02
  22  beta_A0      8.62772e-03   9.46216e-03   3.61327e-05   4.72265e-02
  23  alpha_phi   -2.21265e-03   8.05179e-03   3.37316e-05  -4.00764e-02
  24  beta_phi    -1.32291e-02   1.04090e-02   3.54920e-05  -6.58122e-02
 MIGRAD MINIMIZATION HAS CONVERGED.
 MIGRAD WILL VERIFY CONVERGENCE AND ERROR MATRIX.
 COVARIANCE MATRIX CALCULATED SUCCESSFULLY
 FCN=75.2352 FROM MIGRAD    STATUS=CONVERGED     249 CALLS        2885 TOTAL
                     EDM=2.13442e-06    STRATEGY= 1      ERROR MATRIX ACCURATE 
  EXT PARAMETER                                   STEP         FIRST   
  NO.   NAME      VALUE            ERROR          SIZE      DERIVATIVE 
   1  N0           2.83063e+06   3.15174e+03   1.12058e+01  -4.14664e-07
   2  tau          6.44055e+01   constant   
   3  A0           3.52265e-01   1.41824e-03   5.70068e-06  -7.88812e-01
   4  phi          4.11638e+00   4.21079e-03   1.70057e-05  -3.58478e-02
   5  R           -5.93657e+01   constant   
   6  alpha_CBO   -3.95111e-03   1.55038e-03   6.25108e-06  -1.29545e-01
   7  w_CBO        2.32500e+00   constant   
   8  beta_CBO     4.74755e-03   1.54149e-03   6.31080e-06  -4.34847e-01
   9  alpha_2CBO  -1.78043e-03   1.50244e-03   6.24948e-06   3.67624e-01
  10  beta_2CBO   -8.09261e-04     fixed    
  11  alpha_y      0.00000e+00     fixed    
  12  w_y          1.38860e+01   constant   
  13  beta_y      -4.14027e-03     fixed    
  14  alpha_vw     0.00000e+00     fixed    
  15  w_vw         1.43404e+01   constant   
  16  beta_vw      0.00000e+00     fixed    
  17  LM           6.62355e-05   constant   
  18  zeta_y       0.00000e+00   constant   
  19  zeta_vw      0.00000e+00   constant   
  20  T_CBO        9.99994e+02   5.73702e+02   8.76676e-02  -1.53402e-05
  21  alpha_A0     1.78980e-04   8.91674e-03   3.65524e-05  -1.21441e-02
  22  beta_A0      9.26048e-03   8.99806e-03   3.60831e-05  -2.02186e-02
  23  alpha_phi   -1.85923e-03   8.22882e-03   3.37320e-05   3.29852e-02
  24  beta_phi    -1.39645e-02   9.33273e-03   3.54910e-05  -8.19877e-02
 EXTERNAL ERROR MATRIX.    NDIM=  25    NPAR= 11    ERR DEF=1
  9.933e+06 
  5.739e-01  2.011e-06 
  2.030e+00 -5.638e-07  1.773e-05 
 -1.591e-01 -2.884e-07  1.379e-06  2.404e-06 
 -1.562e-01 -4.271e-07 -2.082e-07 -1.959e-08  2.376e-06 
 -2.751e-02  1.504e-07 -2.365e-07 -6.103e-08 -3.997e-09  2.257e-06 
  6.774e+00  5.415e-05  1.401e-04  2.405e-05  2.485e-05 -4.247e-06  3.309e+03 
  5.462e+00  5.058e-07  3.392e-06  1.877e-06  2.391e-07  1.516e-06  2.226e-03  7.951e-05 
 -5.307e-01 -1.635e-06  5.167e-06  9.693e-07  2.237e-06  1.217e-07  1.044e-01  3.554e-06  8.097e-05 
 -2.146e+00 -1.089e-06  2.780e-06  2.440e-06  2.296e-07 -1.355e-06 -1.989e-02 -4.663e-07  2.278e-06  6.771e-05 
 -5.220e+00  1.715e-06 -5.237e-06 -5.662e-07  9.815e-07  2.028e-06 -1.573e-01 -2.497e-06 -1.655e-05 -9.305e-06  8.710e-05 
 PARAMETER  CORRELATION COEFFICIENTS  
       NO.  GLOBAL      1      3      4      6      8      9     20     21     22     23     24
        1  0.35241   1.000  0.128  0.153 -0.033 -0.032 -0.006  0.000  0.194 -0.019 -0.083 -0.177
        3  0.33332   0.128  1.000 -0.094 -0.131 -0.195  0.071  0.001  0.040 -0.128 -0.093  0.130
        4  0.32037   0.153 -0.094  1.000  0.211 -0.032 -0.037  0.001  0.090  0.136  0.080 -0.133
        6  0.32495  -0.033 -0.131  0.211  1.000 -0.008 -0.026  0.000  0.136  0.069  0.191 -0.039
        8  0.27906  -0.032 -0.195 -0.032 -0.008  1.000 -0.002  0.000  0.017  0.161  0.018  0.068
        9  0.21929  -0.006  0.071 -0.037 -0.026 -0.002  1.000 -0.000  0.113  0.009 -0.110  0.145
       20  0.34940   0.000  0.001  0.001  0.000  0.000 -0.000  1.000  0.004  0.202 -0.042 -0.293
       21  0.27586   0.194  0.040  0.090  0.136  0.017  0.113  0.004  1.000  0.044 -0.006 -0.030
       22  0.34039  -0.019 -0.128  0.136  0.069  0.161  0.009  0.202  0.044  1.000  0.031 -0.197
       23  0.27589  -0.083 -0.093  0.080  0.191  0.018 -0.110 -0.042 -0.006  0.031  1.000 -0.121
       24  0.45265  -0.177  0.130 -0.133 -0.039  0.068  0.145 -0.293 -0.030 -0.197 -0.121  1.000
MINUIT - FIT ONLY 1-y
 **********
 **   51 **RES 
 **********
                   PARAMETER   16  beta_vw RESTORED TO VARIABLE.
                   PARAMETER   14  alpha_vw RESTORED TO VARIABLE.
                   PARAMETER   13  beta_y RESTORED TO VARIABLE.
                   PARAMETER   11  alpha_y RESTORED TO VARIABLE.
                   PARAMETER   10  beta_2CBO RESTORED TO VARIABLE.
 **********
 **   52 **FIX            0
 **********
 PARAMETER    0  IS UNDEFINED. IGNORED.
 **********
 **   53 **FIX            1
 **********
 **********
 **   54 **FIX            2
 **********
 PARAMETER    2  IS CONSTANT.   IGNORED.
 **********
 **   55 **FIX            3
 **********
 **********
 **   56 **FIX            4
 **********
 **********
 **   57 **FIX            5
 **********
 PARAMETER    5  IS CONSTANT.   IGNORED.
 **********
 **   58 **FIX            6
 **********
 **********
 **   59 **FIX            7
 **********
 PARAMETER    7  IS CONSTANT.   IGNORED.
 **********
 **   60 **FIX            8
 **********
 **********
 **   61 **FIX            9
 **********
 **********
 **   62 **FIX           13
 **********
 **********
 **   63 **FIX           14
 **********
 **********
 **   64 **FIX           15
 **********
 PARAMETER   15  IS CONSTANT.   IGNORED.
 **********
 **   65 **FIX           16
 **********
 **********
 **   66 **MIGRAD
 **********
 START MIGRAD MINIMIZATION.  STRATEGY  1.  CONVERGENCE WHEN EDM .LT. 1.00e-04
 FCN=75.2352 FROM MIGRAD    STATUS=INITIATE       16 CALLS        2901 TOTAL
                     EDM= unknown      STRATEGY= 1      NO ERROR MATRIX       
  EXT PARAMETER               CURRENT GUESS       STEP         FIRST   
  NO.   NAME      VALUE            ERROR          SIZE      DERIVATIVE 
   1  N0           2.83063e+06     fixed    
   2  tau          6.44055e+01   constant   
   3  A0           3.52265e-01     fixed    
   4  phi          4.11638e+00     fixed    
   5  R           -5.93657e+01   constant   
   6  alpha_CBO   -3.95111e-03     fixed    
   7  w_CBO        2.32500e+00   constant   
   8  beta_CBO     4.74755e-03     fixed    
   9  alpha_2CBO  -1.78043e-03     fixed    
  10  beta_2CBO   -8.09261e-04   1.46646e-03   1.46646e-03   2.83884e+02
  11  alpha_y      0.00000e+00   1.00000e-03   1.00000e-03  -1.16383e+03
  12  w_y          1.38860e+01   constant   
  13  beta_y      -4.14027e-03     fixed    
  14  alpha_vw     0.00000e+00     fixed    
  15  w_vw         1.43404e+01   constant   
  16  beta_vw      0.00000e+00     fixed    
  17  LM           6.62355e-05   constant   
  18  zeta_y       0.00000e+00   constant   
  19  zeta_vw      0.00000e+00   constant   
  20  T_CBO        9.99994e+02   5.73702e+02   8.76676e-02  -1.62253e-05
  21  alpha_A0     1.78980e-04   8.91674e-03   3.65524e-05  -1.21445e-02
  22  beta_A0      9.26048e-03   8.99806e-03   3.60831e-05  -2.02211e-02
  23  alpha_phi   -1.85923e-03   8.22882e-03   3.37320e-05   3.29853e-02
  24  beta_phi    -1.39645e-02   9.33273e-03   3.54910e-05  -8.19877e-02
 MIGRAD MINIMIZATION HAS CONVERGED.
 MIGRAD WILL VERIFY CONVERGENCE AND ERROR MATRIX.
 COVARIANCE MATRIX CALCULATED SUCCESSFULLY
 FCN=74.4503 FROM MIGRAD    STATUS=CONVERGED     114 CALLS        2999 TOTAL
                     EDM=4.04822e-07    STRATEGY= 1      ERROR MATRIX ACCURATE 
  EXT PARAMETER                                   STEP         FIRST   
  NO.   NAME      VALUE            ERROR          SIZE      DERIVATIVE 
   1  N0           2.83063e+06     fixed    
   2  tau          6.44055e+01   constant   
   3  A0           3.52265e-01     fixed    
   4  phi          4.11638e+00     fixed    
   5  R           -5.93657e+01   constant   
   6  alpha_CBO   -3.95111e-03     fixed    
   7  w_CBO        2.32500e+00   constant   
   8  beta_CBO     4.74755e-03     fixed    
   9  alpha_2CBO  -1.78043e-03     fixed    
  10  beta_2CBO   -1.12618e-03   1.51668e-03   6.27995e-06   6.16511e-02
  11  alpha_y      1.27154e-03   1.47958e-03   6.27358e-06  -4.89418e-02
  12  w_y          1.38860e+01   constant   
  13  beta_y      -4.14027e-03     fixed    
  14  alpha_vw     0.00000e+00     fixed    
  15  w_vw         1.43404e+01   constant   
  16  beta_vw      0.00000e+00     fixed    
  17  LM           6.62355e-05   constant   
  18  zeta_y       0.00000e+00   constant   
  19  zeta_vw      0.00000e+00   constant   
  20  T_CBO        1.00000e+03   5.02898e+02   8.74264e-02** at limit **
  21  alpha_A0     2.55235e-04   8.58190e-03   3.63510e-05   2.53289e-02
  22  beta_A0      9.13024e-03   8.89964e-03   3.58847e-05   3.51278e-02
  23  alpha_phi   -1.66071e-03   8.06308e-03   3.35473e-05  -2.00829e-02
  24  beta_phi    -1.39427e-02   9.06875e-03   3.52973e-05  -8.03243e-02
 EXTERNAL ERROR MATRIX.    NDIM=  25    NPAR=  7    ERR DEF=1
  2.300e-06  1.610e-08 -2.529e-06 -4.861e-07  1.971e-06 -1.697e-06 -8.415e-07 
  1.610e-08  2.189e-06 -5.025e-07  1.217e-08  2.531e-07 -7.037e-08 -1.702e-07 
 -2.529e-06 -5.025e-07  5.769e+00  1.479e-04  4.965e-03 -8.525e-04 -7.582e-03 
 -4.861e-07  1.217e-08  1.479e-04  7.365e-05  2.143e-06 -4.323e-08 -6.955e-07 
  1.971e-06  2.531e-07  4.965e-03  2.143e-06  7.920e-05 -1.262e-06 -1.783e-05 
 -1.697e-06 -7.037e-08 -8.525e-04 -4.323e-08 -1.262e-06  6.501e-05 -7.011e-06 
 -8.415e-07 -1.702e-07 -7.582e-03 -6.955e-07 -1.783e-05 -7.011e-06  8.224e-05 
 PARAMETER  CORRELATION COEFFICIENTS  
       NO.  GLOBAL     10     11     20     21     22     23     24
       10  0.21664   1.000  0.007 -0.001 -0.037  0.146 -0.139 -0.061
       11  0.02375   0.007  1.000 -0.000  0.001  0.019 -0.006 -0.013
       20  0.39332  -0.001 -0.000  1.000  0.007  0.232 -0.044 -0.348
       21  0.05107  -0.037  0.001  0.007  1.000  0.028 -0.001 -0.009
       22  0.31016   0.146  0.019  0.232  0.028  1.000 -0.018 -0.221
       23  0.19414  -0.139 -0.006 -0.044 -0.001 -0.018  1.000 -0.096
       24  0.39731  -0.061 -0.013 -0.348 -0.009 -0.221 -0.096  1.000
MINUIT - FIT ONLY 2-y
 **********
 **   67 **RES 
 **********
                   PARAMETER   16  beta_vw RESTORED TO VARIABLE.
                   PARAMETER   14  alpha_vw RESTORED TO VARIABLE.
                   PARAMETER   13  beta_y RESTORED TO VARIABLE.
                   PARAMETER    9  alpha_2CBO RESTORED TO VARIABLE.
                   PARAMETER    8  beta_CBO RESTORED TO VARIABLE.
                   PARAMETER    6  alpha_CBO RESTORED TO VARIABLE.
                   PARAMETER    4  phi RESTORED TO VARIABLE.
                   PARAMETER    3  A0 RESTORED TO VARIABLE.
                   PARAMETER    1  N0 RESTORED TO VARIABLE.
 **********
 **   68 **FIX            0
 **********
 PARAMETER    0  IS UNDEFINED. IGNORED.
 **********
 **   69 **FIX            1
 **********
 **********
 **   70 **FIX            2
 **********
 PARAMETER    2  IS CONSTANT.   IGNORED.
 **********
 **   71 **FIX            3
 **********
 **********
 **   72 **FIX            4
 **********
 **********
 **   73 **FIX            5
 **********
 PARAMETER    5  IS CONSTANT.   IGNORED.
 **********
 **   74 **FIX            6
 **********
 **********
 **   75 **FIX            7
 **********
 PARAMETER    7  IS CONSTANT.   IGNORED.
 **********
 **   76 **FIX            8
 **********
 **********
 **   77 **FIX            9
 **********
 **********
 **   78 **FIX           10
 **********
 **********
 **   79 **FIX           11
 **********
 **********
 **   80 **FIX           12
 **********
 PARAMETER   12  IS CONSTANT.   IGNORED.
 **********
 **   81 **FIX           16
 **********
 **********
 **   82 **MIGRAD
 **********
 START MIGRAD MINIMIZATION.  STRATEGY  1.  CONVERGENCE WHEN EDM .LT. 1.00e-04
 FCN=74.4503 FROM MIGRAD    STATUS=INITIATE       16 CALLS        3015 TOTAL
                     EDM= unknown      STRATEGY= 1      NO ERROR MATRIX       
  EXT PARAMETER               CURRENT GUESS       STEP         FIRST   
  NO.   NAME      VALUE            ERROR          SIZE      DERIVATIVE 
   1  N0           2.83063e+06     fixed    
   2  tau          6.44055e+01   constant   
   3  A0           3.52265e-01     fixed    
   4  phi          4.11638e+00     fixed    
   5  R           -5.93657e+01   constant   
   6  alpha_CBO   -3.95111e-03     fixed    
   7  w_CBO        2.32500e+00   constant   
   8  beta_CBO     4.74755e-03     fixed    
   9  alpha_2CBO  -1.78043e-03     fixed    
  10  beta_2CBO   -1.12618e-03     fixed    
  11  alpha_y      1.27154e-03     fixed    
  12  w_y          1.38860e+01   constant   
  13  beta_y      -4.14027e-03   1.46931e-03   1.46931e-03   1.84227e+01
  14  alpha_vw     0.00000e+00   1.00000e-03   1.00000e-03  -3.12927e+02
  15  w_vw         1.43404e+01   constant   
  16  beta_vw      0.00000e+00     fixed    
  17  LM           6.62355e-05   constant   
  18  zeta_y       0.00000e+00   constant   
  19  zeta_vw      0.00000e+00   constant   
  20  T_CBO        9.99999e+02   5.02898e+02   8.74264e-02  -6.45403e-06
  21  alpha_A0     2.55235e-04   8.58190e-03   3.63510e-05   2.53304e-02
  22  beta_A0      9.13024e-03   8.89964e-03   3.58847e-05   3.50500e-02
  23  alpha_phi   -1.66071e-03   8.06308e-03   3.35473e-05  -2.00423e-02
  24  beta_phi    -1.39427e-02   9.06875e-03   3.52973e-05  -8.01796e-02
 MIGRAD MINIMIZATION HAS CONVERGED.
 MIGRAD WILL VERIFY CONVERGENCE AND ERROR MATRIX.
 COVARIANCE MATRIX CALCULATED SUCCESSFULLY
 FCN=74.388 FROM MIGRAD    STATUS=CONVERGED     115 CALLS        3114 TOTAL
                     EDM=3.09925e-07    STRATEGY= 1      ERROR MATRIX ACCURATE 
  EXT PARAMETER                                   STEP         FIRST   
  NO.   NAME      VALUE            ERROR          SIZE      DERIVATIVE 
   1  N0           2.83063e+06     fixed    
   2  tau          6.44055e+01   constant   
   3  A0           3.52265e-01     fixed    
   4  phi          4.11638e+00     fixed    
   5  R           -5.93657e+01   constant   
   6  alpha_CBO   -3.95111e-03     fixed    
   7  w_CBO        2.32500e+00   constant   
   8  beta_CBO     4.74755e-03     fixed    
   9  alpha_2CBO  -1.78043e-03     fixed    
  10  beta_2CBO   -1.12618e-03     fixed    
  11  alpha_y      1.27154e-03     fixed    
  12  w_y          1.38860e+01   constant   
  13  beta_y      -4.28753e-03   1.55533e-03   6.22464e-06  -6.83665e-02
  14  alpha_vw     3.89219e-04   1.56263e-03   6.25615e-06  -1.79221e-01
  15  w_vw         1.43404e+01   constant   
  16  beta_vw      0.00000e+00     fixed    
  17  LM           6.62355e-05   constant   
  18  zeta_y       0.00000e+00   constant   
  19  zeta_vw      0.00000e+00   constant   
  20  T_CBO        1.00000e+03   5.07796e+02   1.03182e-01** at limit **
  21  alpha_A0     2.70948e-04   8.57617e-03   3.63356e-05   2.62842e-03
  22  beta_A0      9.14857e-03   8.89085e-03   3.58697e-05   3.24178e-02
  23  alpha_phi   -1.70213e-03   7.99288e-03   3.35331e-05  -9.95720e-03
  24  beta_phi    -1.39237e-02   9.24508e-03   3.52826e-05  -6.74433e-02
 EXTERNAL ERROR MATRIX.    NDIM=  25    NPAR=  7    ERR DEF=1
  2.419e-06 -7.987e-07  1.393e-07 -3.187e-08  3.119e-08  4.060e-07 -2.527e-07 
 -7.987e-07  2.442e-06 -1.646e-07  1.054e-07  1.193e-07 -2.433e-07  1.036e-07 
  1.393e-07 -1.646e-07  6.089e-01  5.883e-05  1.884e-03 -3.319e-04 -2.866e-03 
 -3.187e-08  1.054e-07  5.883e-05  7.355e-05  2.619e-06 -4.219e-07 -9.507e-07 
  3.119e-08  1.193e-07  1.884e-03  2.619e-06  7.905e-05 -9.434e-08 -1.943e-05 
  4.060e-07 -2.433e-07 -3.319e-04 -4.219e-07 -9.434e-08  6.389e-05 -7.238e-06 
 -2.527e-07  1.036e-07 -2.866e-03 -9.507e-07 -1.943e-05 -7.238e-06  8.547e-05 
 PARAMETER  CORRELATION COEFFICIENTS  
       NO.  GLOBAL     13     14     20     21     22     23     24
       13  0.32996   1.000 -0.329  0.000 -0.002  0.002  0.033 -0.018
       14  0.32897  -0.329  1.000 -0.000  0.008  0.009 -0.019  0.007
       20  0.44612   0.000 -0.000  1.000  0.009  0.272 -0.053 -0.397
       21  0.03609  -0.002  0.008  0.009  1.000  0.034 -0.006 -0.012
       22  0.30728   0.002  0.009  0.272  0.034  1.000 -0.001 -0.236
       23  0.14401   0.033 -0.019 -0.053 -0.006 -0.001  1.000 -0.098
       24  0.43552  -0.018  0.007 -0.397 -0.012 -0.236 -0.098  1.000
