 + ++++++++++++++++++++++++++++++++++++++++++++++++++++++++++++++++++++ +
 +                                                                      +
 +           You have chose to blind your fitting according to          +
 +                omega_ref * (1 + (R +/- deltaR) *10^{-6})             +
 +                                                                      +
 + ++++++++++++++++++++++++++++++++++++++++++++++++++++++++++++++++++++ +
In main()...
reading format from /gm2data/zkhechad/run45/envelope/formats/formatB_sBin_constraintOn.txt
pBinTau 	= 0  
pBinPhi 	= 0  
constraintau 	= 1 
includeMopTerm 	= 0    
constrainMop    = 0   
Parameters after format file: pBinTau 0 pBinPhi 0 constraintau 1 includeMopTerm 0 constrainMop 0 c_e_scale 0.000000 
Opening file /gm2data/tbarrett/gm2fr/studies/run23_bunch_corrections/CorrectedFourier_Run3b.root.
reading full fit data from /gm2data/zkhechad/cboTemplates/Run4CBOTemplates/templateFits0_v2.0/noRF/sBin_constraintOn_cE0.0_seed0_noRF_calo19.root
windowBins = 17
fitting sliding window 0 from bin 136 at 20.142000 to bin 153 at 22.827600 (17 bins)

Reading data from /gm2data/cornell/histograms/aMethod/histogram_a_noRF.root
 **********
 **    1 **SET PRINTOUT            1
 **********
 **********
 **    2 **SET NOWARNINGS 
 **********
 PARAMETER DEFINITIONS:
    NO.   NAME         VALUE      STEP SIZE      LIMITS
     1 N0           3.18982e+06  1.00000e+02     no limits
     2 tau          6.43968e+01  constant
     3 A0           3.47817e-01  1.00000e-04     no limits
     4 phi          4.13212e+00  1.00000e-02     no limits
     5 R           -6.01460e+01  constant
     6 alpha_CBO    0.00000e+00  1.00000e-03     no limits
     7 w_CBO        2.32500e+00  constant
     8 beta_CBO     0.00000e+00  1.00000e-03     no limits
     9 alpha_2CBO   0.00000e+00  1.00000e-03     no limits
    10 beta_2CBO    0.00000e+00  1.00000e-03     no limits
    11 alpha_y      0.00000e+00  1.00000e-03     no limits
    12 w_y          1.44500e+01  constant
    13 beta_y       0.00000e+00  1.00000e-03     no limits
    14 alpha_vw     0.00000e+00  1.00000e-03     no limits
    15 w_vw         1.29000e+01  constant
    16 beta_vw      0.00000e+00  1.00000e-03     no limits
    17 LM          -1.51189e-04  constant
    18 zeta_y       0.00000e+00  constant
    19 zeta_vw      0.00000e+00  constant
    20 T_CBO        1.00000e+02  1.00000e+00    0.00000e+00  1.00000e+03
    21 alpha_A0     0.00000e+00  1.00000e-03     no limits
    22 beta_A0      0.00000e+00  1.00000e-03     no limits
    23 alpha_phi    0.00000e+00  1.00000e-03     no limits
    24 beta_phi     0.00000e+00  1.00000e-03     no limits
MINUIT - FIT ONLY WIGGLE
 **********
 **    3 **FIX            5
 **********
 PARAMETER    5  IS CONSTANT.   IGNORED.
 **********
 **    4 **FIX            6
 **********
 **********
 **    5 **FIX            7
 **********
 PARAMETER    7  IS CONSTANT.   IGNORED.
 **********
 **    6 **FIX            8
 **********
 **********
 **    7 **FIX            9
 **********
 **********
 **    8 **FIX           10
 **********
 **********
 **    9 **FIX           11
 **********
 **********
 **   10 **FIX           12
 **********
 PARAMETER   12  IS CONSTANT.   IGNORED.
 **********
 **   11 **FIX           13
 **********
 **********
 **   12 **FIX           14
 **********
 **********
 **   13 **FIX           15
 **********
 PARAMETER   15  IS CONSTANT.   IGNORED.
 **********
 **   14 **FIX           16
 **********
 **********
 **   15 **MIGRAD
 **********
 FIRST CALL TO USER FUNCTION AT NEW START POINT, WITH IFLAG=4.
 START MIGRAD MINIMIZATION.  STRATEGY  1.  CONVERGENCE WHEN EDM .LT. 1.00e-04
 FCN=10378.4 FROM MIGRAD    STATUS=INITIATE      433 CALLS         434 TOTAL
                     EDM= unknown      STRATEGY= 1      NO ERROR MATRIX       
  EXT PARAMETER               CURRENT GUESS       STEP         FIRST   
  NO.   NAME      VALUE            ERROR          SIZE      DERIVATIVE 
   1  N0           3.18982e+06   1.00000e+02   0.00000e+00   1.64509e-01
   2  tau          6.43968e+01   constant   
   3  A0           3.47817e-01   1.00000e-04   0.00000e+00   1.01487e+06
   4  phi          4.13212e+00   1.00000e-02   0.00000e+00  -7.50194e+04
   5  R           -6.01460e+01   constant   
   6  alpha_CBO    0.00000e+00     fixed    
   7  w_CBO        2.32500e+00   constant   
   8  beta_CBO     0.00000e+00     fixed    
   9  alpha_2CBO   0.00000e+00     fixed    
  10  beta_2CBO    0.00000e+00     fixed    
  11  alpha_y      0.00000e+00     fixed    
  12  w_y          1.44500e+01   constant   
  13  beta_y       0.00000e+00     fixed    
  14  alpha_vw     0.00000e+00     fixed    
  15  w_vw         1.29000e+01   constant   
  16  beta_vw      0.00000e+00     fixed    
  17  LM          -1.51189e-04   constant   
  18  zeta_y       0.00000e+00   constant   
  19  zeta_vw      0.00000e+00   constant   
  20  T_CBO        1.00000e+02   1.00000e+00   0.00000e+00   0.00000e+00
  21  alpha_A0     0.00000e+00   1.00000e-03   0.00000e+00  -1.19124e+05
  22  beta_A0      0.00000e+00   1.00000e-03   0.00000e+00  -1.15173e+05
  23  alpha_phi    0.00000e+00   1.00000e-03   0.00000e+00  -7.24517e+04
  24  beta_phi     0.00000e+00   1.00000e-03   0.00000e+00  -2.98094e+04
 CALL LIMIT EXCEEDED IN MIGRAD.
 MIGRAD TERMINATED WITHOUT CONVERGENCE.
 FCN=2815.76 FROM MIGRAD    STATUS=CALL LIMIT   1332 CALLS        1333 TOTAL
                     EDM=7.6828e-05    STRATEGY= 1  ERROR MATRIX UNCERTAINTY  14.0 per cent
  EXT PARAMETER                APPROXIMATE        STEP         FIRST   
  NO.   NAME      VALUE            ERROR          SIZE      DERIVATIVE 
   1  N0           3.24821e+06   9.36692e+03  -8.93208e+01  -4.41279e-05
   2  tau          6.43968e+01   constant   
   3  A0           3.43910e-01   3.14108e-03   4.54395e-06  -1.91895e+01
   4  phi          4.21840e+00   7.15535e-03  -6.86144e-05  -2.15799e+01
   5  R           -6.01460e+01   constant   
   6  alpha_CBO    0.00000e+00     fixed    
   7  w_CBO        2.32500e+00   constant   
   8  beta_CBO     0.00000e+00     fixed    
   9  alpha_2CBO   0.00000e+00     fixed    
  10  beta_2CBO    0.00000e+00     fixed    
  11  alpha_y      0.00000e+00     fixed    
  12  w_y          1.44500e+01   constant   
  13  beta_y       0.00000e+00     fixed    
  14  alpha_vw     0.00000e+00     fixed    
  15  w_vw         1.29000e+01   constant   
  16  beta_vw      0.00000e+00     fixed    
  17  LM          -1.51189e-04   constant   
  18  zeta_y       0.00000e+00   constant   
  19  zeta_vw      0.00000e+00   constant   
  20  T_CBO        5.11676e+02   2.15067e+02  -4.48348e-03  -1.11933e-02
  21  alpha_A0    -9.94424e-02   1.50638e-02   1.59587e-04  -9.64731e+00
  22  beta_A0      9.69415e-02   1.64565e-02  -7.91648e-05   5.01651e+00
  23  alpha_phi    7.80302e-02   1.45321e-02  -5.23117e-05   1.19088e+01
  24  beta_phi     1.28916e-01   1.72952e-02  -1.77711e-04   1.59479e+01
 EXTERNAL ERROR MATRIX.    NDIM=  25    NPAR=  8    ERR DEF=1
  8.774e+07  8.938e+00  6.555e+01  2.038e+06 -1.278e+02  1.222e+02  9.801e+01  1.571e+02 
  8.938e+00  9.866e-06  5.545e-06  1.438e-01  5.361e-06  4.238e-05  4.011e-05  3.833e-06 
  6.555e+01  5.545e-06  5.120e-05  1.536e+00 -1.001e-04  8.799e-05  6.939e-05  1.203e-04 
  2.038e+06  1.438e-01  1.536e+00  4.943e+04 -3.123e+00  2.637e+00  2.060e+00  3.754e+00 
 -1.278e+02  5.361e-06 -1.001e-04 -3.123e+00  2.269e-04 -1.172e-04 -8.076e-05 -2.555e-04 
  1.222e+02  4.238e-05  8.799e-05  2.637e+00 -1.172e-04  2.708e-04  2.372e-04  1.786e-04 
  9.801e+01  4.011e-05  6.939e-05  2.060e+00 -8.076e-05  2.372e-04  2.112e-04  1.345e-04 
  1.571e+02  3.833e-06  1.203e-04  3.754e+00 -2.555e-04  1.786e-04  1.345e-04  2.991e-04 
ERR MATRIX APPROXIMATE
 PARAMETER  CORRELATION COEFFICIENTS  
       NO.  GLOBAL      1      3      4     20     21     22     23     24
        1  0.99953   1.000  0.304  0.978  0.979 -0.906  0.793  0.720  0.970
        3  0.99931   0.304  1.000  0.247  0.206  0.113  0.820  0.879  0.071
        4  0.99858   0.978  0.247  1.000  0.965 -0.929  0.747  0.667  0.972
       20  0.99308   0.979  0.206  0.965  1.000 -0.933  0.721  0.638  0.976
       21  0.99930  -0.906  0.113 -0.929 -0.933  1.000 -0.473 -0.369 -0.980
       22  0.99934   0.793  0.820  0.747  0.721 -0.473  1.000  0.992  0.628
       23  0.99924   0.720  0.879  0.667  0.638 -0.369  0.992  1.000  0.535
       24  0.99966   0.970  0.071  0.972  0.976 -0.980  0.628  0.535  1.000
 ERR MATRIX APPROXIMATE
MINUIT - FIT ONLY 1-CBO + wiggle
 **********
 **   16 **RES 
 **********
                   PARAMETER   16  beta_vw RESTORED TO VARIABLE.
                   PARAMETER   14  alpha_vw RESTORED TO VARIABLE.
                   PARAMETER   13  beta_y RESTORED TO VARIABLE.
                   PARAMETER   11  alpha_y RESTORED TO VARIABLE.
                   PARAMETER   10  beta_2CBO RESTORED TO VARIABLE.
                   PARAMETER    9  alpha_2CBO RESTORED TO VARIABLE.
                   PARAMETER    8  beta_CBO RESTORED TO VARIABLE.
                   PARAMETER    6  alpha_CBO RESTORED TO VARIABLE.
 **********
 **   17 **FIX            8
 **********
 **********
 **   18 **FIX            9
 **********
 **********
 **   19 **FIX           11
 **********
 **********
 **   20 **FIX           12
 **********
 PARAMETER   12  IS CONSTANT.   IGNORED.
 **********
 **   21 **FIX           14
 **********
 **********
 **   22 **FIX           15
 **********
 PARAMETER   15  IS CONSTANT.   IGNORED.
 **********
 **   23 **FIX           16
 **********
 **********
 **   24 **MIGRAD
 **********
 START MIGRAD MINIMIZATION.  STRATEGY  1.  CONVERGENCE WHEN EDM .LT. 1.00e-04
 FCN=2815.76 FROM MIGRAD    STATUS=INITIATE       28 CALLS        1361 TOTAL
                     EDM= unknown      STRATEGY= 1      NO ERROR MATRIX       
  EXT PARAMETER               CURRENT GUESS       STEP         FIRST   
  NO.   NAME      VALUE            ERROR          SIZE      DERIVATIVE 
   1  N0           3.24821e+06   9.36692e+03  -8.93208e+01  -4.41279e-05
   2  tau          6.43968e+01   constant   
   3  A0           3.43910e-01   3.14108e-03   4.54395e-06  -1.91895e+01
   4  phi          4.21840e+00   7.15535e-03  -6.86144e-05  -2.15799e+01
   5  R           -6.01460e+01   constant   
   6  alpha_CBO    0.00000e+00   1.00000e-03   1.00000e-03   6.76361e+02
   7  w_CBO        2.32500e+00   constant   
   8  beta_CBO     0.00000e+00     fixed    
   9  alpha_2CBO   0.00000e+00     fixed    
  10  beta_2CBO    0.00000e+00   1.00000e-03   1.00000e-03  -8.09686e+03
  11  alpha_y      0.00000e+00     fixed    
  12  w_y          1.44500e+01   constant   
  13  beta_y       0.00000e+00   1.00000e-03   1.00000e-03  -6.67032e+05
  14  alpha_vw     0.00000e+00     fixed    
  15  w_vw         1.29000e+01   constant   
  16  beta_vw      0.00000e+00     fixed    
  17  LM          -1.51189e-04   constant   
  18  zeta_y       0.00000e+00   constant   
  19  zeta_vw      0.00000e+00   constant   
  20  T_CBO        5.11676e+02   2.15067e+02  -4.48348e-03   1.11670e-02
  21  alpha_A0    -9.94424e-02   1.50638e-02   1.59587e-04  -9.64731e+00
  22  beta_A0      9.69415e-02   1.64565e-02  -7.91648e-05   5.01652e+00
  23  alpha_phi    7.80302e-02   1.45321e-02  -5.23117e-05   1.19088e+01
  24  beta_phi     1.28916e-01   1.72952e-02  -1.77711e-04   1.59479e+01
 CALL LIMIT EXCEEDED IN MIGRAD.
 MIGRAD TERMINATED WITHOUT CONVERGENCE.
 FCN=420.947 FROM MIGRAD    STATUS=CALL LIMIT   1915 CALLS        3248 TOTAL
                     EDM=0.00256677    STRATEGY= 1  ERROR MATRIX UNCERTAINTY   4.3 per cent
  EXT PARAMETER                APPROXIMATE        STEP         FIRST   
  NO.   NAME      VALUE            ERROR          SIZE      DERIVATIVE 
   1  N0           3.25538e+06   3.10466e+03   1.36053e+02   1.16461e-04
   2  tau          6.43968e+01   constant   
   3  A0           3.48794e-01   2.53120e-03   9.80513e-05   3.15395e+02
   4  phi          4.27354e+00   1.70391e-02  -3.77279e-04   8.95349e+01
   5  R           -6.01460e+01   constant   
   6  alpha_CBO   -1.13991e-02   3.40448e-03   9.56776e-05   4.37091e+01
   7  w_CBO        2.32500e+00   constant   
   8  beta_CBO     0.00000e+00     fixed    
   9  alpha_2CBO   0.00000e+00     fixed    
  10  beta_2CBO    4.98900e-04   3.56821e-04  -1.39441e-05  -2.05568e+02
  11  alpha_y      0.00000e+00     fixed    
  12  w_y          1.44500e+01   constant   
  13  beta_y       7.16921e-03   1.42318e-04   1.16670e-06   9.28285e+01
  14  alpha_vw     0.00000e+00     fixed    
  15  w_vw         1.29000e+01   constant   
  16  beta_vw      0.00000e+00     fixed    
  17  LM          -1.51189e-04   constant   
  18  zeta_y       0.00000e+00   constant   
  19  zeta_vw      0.00000e+00   constant   
  20  T_CBO        1.73627e+02   3.38558e+01  -3.82932e-03   7.89431e+00
  21  alpha_A0    -1.28581e-01   1.07587e-02   2.89049e-04   4.88619e+01
  22  beta_A0      1.40596e-01   1.19246e-02   2.18461e-04  -1.00446e+02
  23  alpha_phi    1.29869e-01   1.35469e-02   8.20119e-05  -8.38754e+00
  24  beta_phi     1.95238e-01   2.01848e-02  -4.94322e-04  -3.61019e+01
 EXTERNAL ERROR MATRIX.    NDIM=  25    NPAR= 11    ERR DEF=1
  9.639e+06 
  7.256e+00  6.407e-06 
 -5.593e+00  1.107e-05  2.903e-04 
  1.936e+00 -1.451e-06 -5.756e-05  1.159e-05 
 -1.718e-01 -3.485e-08  3.041e-06 -6.701e-07  1.273e-07 
  1.153e-02  5.639e-09  9.337e-10 -3.472e-09 -5.893e-10  2.025e-08 
 -5.035e+04 -1.202e-02  5.282e-01 -1.088e-01  6.360e-03 -1.788e-05  1.149e+03 
  9.662e+00 -2.129e-06 -1.793e-04  3.582e-05 -1.753e-06  1.048e-08 -3.514e-01  1.157e-04 
  2.549e+01  2.732e-05  1.299e-04 -2.301e-05  7.420e-07  2.774e-08  1.170e-01 -6.252e-05  1.422e-04 
  2.326e+01  2.752e-05  1.765e-04 -3.288e-05  1.830e-06  3.095e-08  2.105e-01 -9.062e-05  1.567e-04  1.835e-04 
 -7.963e+00  1.173e-05  3.434e-04 -6.848e-05  3.784e-06  7.431e-09  6.329e-01 -2.122e-04  1.487e-04  2.055e-04  4.074e-04 
ERR MATRIX APPROXIMATE
 PARAMETER  CORRELATION COEFFICIENTS  
       NO.  GLOBAL      1      3      4      6     10     13     20     21     22     23     24
        1  0.99941   1.000  0.923 -0.106  0.183 -0.155  0.026 -0.478  0.289  0.689  0.553 -0.127
        3  0.99928   0.923  1.000  0.257 -0.168 -0.039  0.016 -0.140 -0.078  0.905  0.803  0.230
        4  0.99998  -0.106  0.257  1.000 -0.992  0.500  0.000  0.914 -0.978  0.639  0.765  0.999
        6  0.99935   0.183 -0.168 -0.992  1.000 -0.552 -0.007 -0.943  0.978 -0.567 -0.713 -0.997
       10  0.93710  -0.155 -0.039  0.500 -0.552  1.000 -0.012  0.526 -0.457  0.174  0.379  0.525
       13  0.13539   0.026  0.016  0.000 -0.007 -0.012  1.000 -0.004  0.007  0.016  0.016  0.003
       20  0.99808  -0.478 -0.140  0.914 -0.943  0.526 -0.004  1.000 -0.964  0.289  0.458  0.925
       21  0.99973   0.289 -0.078 -0.978  0.978 -0.457  0.007 -0.964  1.000 -0.487 -0.622 -0.977
       22  0.99900   0.689  0.905  0.639 -0.567  0.174  0.016  0.289 -0.487  1.000  0.970  0.618
       23  0.99966   0.553  0.803  0.765 -0.713  0.379  0.016  0.458 -0.622  0.970  1.000  0.751
       24  0.99993  -0.127  0.230  0.999 -0.997  0.525  0.003  0.925 -0.977  0.618  0.751  1.000
 ERR MATRIX APPROXIMATE
MINUIT - FIT ONLY 2-CBO
 **********
 **   25 **RES 
 **********
                   PARAMETER   16  beta_vw RESTORED TO VARIABLE.
                   PARAMETER   14  alpha_vw RESTORED TO VARIABLE.
                   PARAMETER   11  alpha_y RESTORED TO VARIABLE.
                   PARAMETER    9  alpha_2CBO RESTORED TO VARIABLE.
                   PARAMETER    8  beta_CBO RESTORED TO VARIABLE.
 **********
 **   26 **FIX            0
 **********
 PARAMETER    0  IS UNDEFINED. IGNORED.
 **********
 **   27 **FIX            1
 **********
 **********
 **   28 **FIX            2
 **********
 PARAMETER    2  IS CONSTANT.   IGNORED.
 **********
 **   29 **FIX            3
 **********
 **********
 **   30 **FIX            4
 **********
 **********
 **   31 **FIX            5
 **********
 PARAMETER    5  IS CONSTANT.   IGNORED.
 **********
 **   32 **FIX            6
 **********
 **********
 **   33 **FIX            7
 **********
 PARAMETER    7  IS CONSTANT.   IGNORED.
 **********
 **   34 **FIX           10
 **********
 **********
 **   35 **FIX           11
 **********
 **********
 **   36 **FIX           12
 **********
 PARAMETER   12  IS CONSTANT.   IGNORED.
 **********
 **   37 **FIX           13
 **********
 **********
 **   38 **FIX           14
 **********
 **********
 **   39 **FIX           15
 **********
 PARAMETER   15  IS CONSTANT.   IGNORED.
 **********
 **   40 **FIX           16
 **********
 **********
 **   41 **MIGRAD
 **********
 START MIGRAD MINIMIZATION.  STRATEGY  1.  CONVERGENCE WHEN EDM .LT. 1.00e-04
 FCN=420.947 FROM MIGRAD    STATUS=INITIATE       18 CALLS        3266 TOTAL
                     EDM= unknown      STRATEGY= 1      NO ERROR MATRIX       
  EXT PARAMETER               CURRENT GUESS       STEP         FIRST   
  NO.   NAME      VALUE            ERROR          SIZE      DERIVATIVE 
   1  N0           3.25538e+06     fixed    
   2  tau          6.43968e+01   constant   
   3  A0           3.48794e-01     fixed    
   4  phi          4.27354e+00     fixed    
   5  R           -6.01460e+01   constant   
   6  alpha_CBO   -1.13991e-02     fixed    
   7  w_CBO        2.32500e+00   constant   
   8  beta_CBO     0.00000e+00   1.00000e-03   1.00000e-03  -3.09791e+02
   9  alpha_2CBO   0.00000e+00   1.00000e-03   1.00000e-03  -2.98446e+02
  10  beta_2CBO    4.98900e-04     fixed    
  11  alpha_y      0.00000e+00     fixed    
  12  w_y          1.44500e+01   constant   
  13  beta_y       7.16921e-03     fixed    
  14  alpha_vw     0.00000e+00     fixed    
  15  w_vw         1.29000e+01   constant   
  16  beta_vw      0.00000e+00     fixed    
  17  LM          -1.51189e-04   constant   
  18  zeta_y       0.00000e+00   constant   
  19  zeta_vw      0.00000e+00   constant   
  20  T_CBO        1.73627e+02   3.38558e+01  -3.82932e-03  -7.89432e+00
  21  alpha_A0    -1.28581e-01   1.07587e-02   2.89049e-04   4.88619e+01
  22  beta_A0      1.40596e-01   1.19246e-02   2.18461e-04  -1.00446e+02
  23  alpha_phi    1.29869e-01   1.35469e-02   8.20119e-05  -8.38754e+00
  24  beta_phi     1.95238e-01   2.01848e-02  -4.94322e-04  -3.61019e+01
 MIGRAD MINIMIZATION HAS CONVERGED.
 MIGRAD WILL VERIFY CONVERGENCE AND ERROR MATRIX.
 COVARIANCE MATRIX CALCULATED SUCCESSFULLY
 FCN=420.936 FROM HESSE     STATUS=OK             50 CALLS        3414 TOTAL
                     EDM=0.0109126    STRATEGY= 1      ERROR MATRIX ACCURATE 
  EXT PARAMETER                                   STEP         FIRST   
  NO.   NAME      VALUE            ERROR          SIZE      DERIVATIVE 
   1  N0           3.25538e+06     fixed    
   2  tau          6.43968e+01   constant   
   3  A0           3.48794e-01     fixed    
   4  phi          4.27354e+00     fixed    
   5  R           -6.01460e+01   constant   
   6  alpha_CBO   -1.13991e-02     fixed    
   7  w_CBO        2.32500e+00   constant   
   8  beta_CBO    -7.62758e-05   7.97110e-04   1.41238e-06   1.40586e-02
   9  alpha_2CBO   2.71189e-05   3.20216e-04   1.38603e-06   1.42534e+00
  10  beta_2CBO    4.98900e-04     fixed    
  11  alpha_y      0.00000e+00     fixed    
  12  w_y          1.44500e+01   constant   
  13  beta_y       7.16921e-03     fixed    
  14  alpha_vw     0.00000e+00     fixed    
  15  w_vw         1.29000e+01   constant   
  16  beta_vw      0.00000e+00     fixed    
  17  LM          -1.51189e-04   constant   
  18  zeta_y       0.00000e+00   constant   
  19  zeta_vw      0.00000e+00   constant   
  20  T_CBO        1.74306e+02   1.99018e+02   7.58889e-05  -2.10939e-01
  21  alpha_A0    -1.28541e-01   1.96576e-02   5.58871e-06  -6.72850e-01
  22  beta_A0      1.40878e-01   1.97381e-02   6.02250e-06   1.46857e+00
  23  alpha_phi    1.29981e-01   1.81172e-02   6.79148e-06   7.33385e-01
  24  beta_phi     1.95168e-01   2.82301e-02   5.27477e-06   1.31924e+00
 CALL LIMIT EXCEEDED IN MIGRAD.
 MIGRAD TERMINATED WITHOUT CONVERGENCE.
 FCN=420.84 FROM MIGRAD    STATUS=CALL LIMIT   1156 CALLS        4404 TOTAL
                     EDM=0.00112657    STRATEGY= 1  ERROR MATRIX UNCERTAINTY  39.6 per cent
  EXT PARAMETER                APPROXIMATE        STEP         FIRST   
  NO.   NAME      VALUE            ERROR          SIZE      DERIVATIVE 
   1  N0           3.25538e+06     fixed    
   2  tau          6.43968e+01   constant   
   3  A0           3.48794e-01     fixed    
   4  phi          4.27354e+00     fixed    
   5  R           -6.01460e+01   constant   
   6  alpha_CBO   -1.13991e-02     fixed    
   7  w_CBO        2.32500e+00   constant   
   8  beta_CBO    -1.29754e-04   8.12984e-04  -3.23528e-06  -8.21781e+01
   9  alpha_2CBO  -1.04366e-05   3.13027e-04   6.66698e-07  -7.75875e+01
  10  beta_2CBO    4.98900e-04     fixed    
  11  alpha_y      0.00000e+00     fixed    
  12  w_y          1.44500e+01   constant   
  13  beta_y       7.16921e-03     fixed    
  14  alpha_vw     0.00000e+00     fixed    
  15  w_vw         1.29000e+01   constant   
  16  beta_vw      0.00000e+00     fixed    
  17  LM          -1.51189e-04   constant   
  18  zeta_y       0.00000e+00   constant   
  19  zeta_vw      0.00000e+00   constant   
  20  T_CBO        4.57165e+02   2.64019e+02   2.42735e-03  -3.23599e-02
  21  alpha_A0    -1.18814e-01   3.56360e-03   8.51010e-06  -1.07354e+01
  22  beta_A0      1.31265e-01   3.55720e-03   4.43939e-06  -1.17321e+01
  23  alpha_phi    1.21050e-01   3.03812e-03  -1.84575e-06   4.82347e+00
  24  beta_phi     1.81175e-01   4.92196e-03  -1.06846e-05   7.43974e-01
 EXTERNAL ERROR MATRIX.    NDIM=  25    NPAR=  7    ERR DEF=1
  6.609e-07 -1.812e-07 -1.145e-01 -1.408e-06 -1.183e-06  3.069e-08  1.919e-06 
 -1.812e-07  9.799e-08  1.107e-02  6.146e-08  5.642e-07  3.014e-07 -2.607e-07 
 -1.145e-01  1.107e-02  7.743e+04  9.733e-01 -5.586e-01 -7.087e-01 -1.354e+00 
 -1.408e-06  6.146e-08  9.733e-01  1.270e-05 -7.111e-06 -8.881e-06 -1.683e-05 
 -1.183e-06  5.642e-07 -5.586e-01 -7.111e-06  1.265e-05  9.276e-06  1.030e-05 
  3.069e-08  3.014e-07 -7.087e-01 -8.881e-06  9.276e-06  9.230e-06  1.244e-05 
  1.919e-06 -2.607e-07 -1.354e+00 -1.683e-05  1.030e-05  1.244e-05  2.423e-05 
ERR MATRIX APPROXIMATE
 PARAMETER  CORRELATION COEFFICIENTS  
       NO.  GLOBAL      8      9     20     21     22     23     24
        8  0.98608   1.000 -0.712 -0.506 -0.486 -0.409  0.012  0.480
        9  0.90972  -0.712  1.000  0.127  0.055  0.507  0.317 -0.169
       20  0.99747  -0.506  0.127  1.000  0.982 -0.564 -0.838 -0.989
       21  0.98910  -0.486  0.055  0.982  1.000 -0.561 -0.820 -0.960
       22  0.98663  -0.409  0.507 -0.564 -0.561  1.000  0.858  0.588
       23  0.97628   0.012  0.317 -0.838 -0.820  0.858  1.000  0.832
       24  0.99457   0.480 -0.169 -0.989 -0.960  0.588  0.832  1.000
 ERR MATRIX APPROXIMATE
MINUIT - FIT wiggle + 1-CBO + 2-CBO
 **********
 **   42 **RES 
 **********
                   PARAMETER   16  beta_vw RESTORED TO VARIABLE.
                   PARAMETER   14  alpha_vw RESTORED TO VARIABLE.
                   PARAMETER   13  beta_y RESTORED TO VARIABLE.
                   PARAMETER   11  alpha_y RESTORED TO VARIABLE.
                   PARAMETER   10  beta_2CBO RESTORED TO VARIABLE.
                   PARAMETER    6  alpha_CBO RESTORED TO VARIABLE.
                   PARAMETER    4  phi RESTORED TO VARIABLE.
                   PARAMETER    3  A0 RESTORED TO VARIABLE.
                   PARAMETER    1  N0 RESTORED TO VARIABLE.
 **********
 **   43 **FIX           10
 **********
 **********
 **   44 **FIX           11
 **********
 **********
 **   45 **FIX           12
 **********
 PARAMETER   12  IS CONSTANT.   IGNORED.
 **********
 **   46 **FIX           13
 **********
 **********
 **   47 **FIX           14
 **********
 **********
 **   48 **FIX           15
 **********
 PARAMETER   15  IS CONSTANT.   IGNORED.
 **********
 **   49 **FIX           16
 **********
 **********
 **   50 **MIGRAD
 **********
 START MIGRAD MINIMIZATION.  STRATEGY  1.  CONVERGENCE WHEN EDM .LT. 1.00e-04
 FCN=420.84 FROM MIGRAD    STATUS=INITIATE       22 CALLS        4426 TOTAL
                     EDM= unknown      STRATEGY= 1      NO ERROR MATRIX       
  EXT PARAMETER               CURRENT GUESS       STEP         FIRST   
  NO.   NAME      VALUE            ERROR          SIZE      DERIVATIVE 
   1  N0           3.25538e+06   3.10466e+03   3.10466e+03  -6.26006e-05
   2  tau          6.43968e+01   constant   
   3  A0           3.48794e-01   2.53120e-03   2.53120e-03   1.80357e+02
   4  phi          4.27354e+00   1.70391e-02   1.70391e-02  -4.40438e+01
   5  R           -6.01460e+01   constant   
   6  alpha_CBO   -1.13991e-02   3.40448e-03   3.40448e-03  -1.62230e+02
   7  w_CBO        2.32500e+00   constant   
   8  beta_CBO    -1.29754e-04   8.12984e-04  -3.23528e-06  -8.21781e+01
   9  alpha_2CBO  -1.04366e-05   3.13027e-04   6.66698e-07  -7.75875e+01
  10  beta_2CBO    4.98900e-04     fixed    
  11  alpha_y      0.00000e+00     fixed    
  12  w_y          1.44500e+01   constant   
  13  beta_y       7.16921e-03     fixed    
  14  alpha_vw     0.00000e+00     fixed    
  15  w_vw         1.29000e+01   constant   
  16  beta_vw      0.00000e+00     fixed    
  17  LM          -1.51189e-04   constant   
  18  zeta_y       0.00000e+00   constant   
  19  zeta_vw      0.00000e+00   constant   
  20  T_CBO        4.57165e+02   2.64019e+02   2.42735e-03  -3.23623e-02
  21  alpha_A0    -1.18814e-01   3.56360e-03   8.51010e-06  -1.07354e+01
  22  beta_A0      1.31265e-01   3.55720e-03   4.43939e-06  -1.17321e+01
  23  alpha_phi    1.21050e-01   3.03812e-03  -1.84575e-06   4.82347e+00
  24  beta_phi     1.81175e-01   4.92196e-03  -1.06846e-05   7.43974e-01
 CALL LIMIT EXCEEDED IN MIGRAD.
 MIGRAD TERMINATED WITHOUT CONVERGENCE.
 FCN=416.182 FROM MIGRAD    STATUS=CALL LIMIT   1922 CALLS        6326 TOTAL
                     EDM=0.177103    STRATEGY= 1  ERROR MATRIX UNCERTAINTY  30.0 per cent
  EXT PARAMETER                APPROXIMATE        STEP         FIRST   
  NO.   NAME      VALUE            ERROR          SIZE      DERIVATIVE 
   1  N0           3.32085e+06   8.53337e+03  -1.00793e+02  -1.22585e-04
   2  tau          6.43968e+01   constant   
   3  A0           3.25969e-01   2.98703e-03  -1.20390e-04   6.22616e+02
   4  phi          4.16819e+00   1.87347e-02  -1.82084e-03  -2.83546e+02
   5  R           -6.01460e+01   constant   
   6  alpha_CBO    1.03786e-02   3.36450e-03   2.70379e-04  -1.14668e+03
   7  w_CBO        2.32500e+00   constant   
   8  beta_CBO    -1.44184e-02   2.14972e-03   4.10276e-05  -3.65495e+02
   9  alpha_2CBO  -4.12986e-04   4.21426e-04  -2.68769e-05   5.09134e+02
  10  beta_2CBO    4.98900e-04     fixed    
  11  alpha_y      0.00000e+00     fixed    
  12  w_y          1.44500e+01   constant   
  13  beta_y       7.16921e-03     fixed    
  14  alpha_vw     0.00000e+00     fixed    
  15  w_vw         1.29000e+01   constant   
  16  beta_vw      0.00000e+00     fixed    
  17  LM          -1.51189e-04   constant   
  18  zeta_y       0.00000e+00   constant   
  19  zeta_vw      0.00000e+00   constant   
  20  T_CBO        3.51153e+02   3.34940e+01  -8.85785e-04  -2.58061e+00
  21  alpha_A0    -1.60941e-01   9.39626e-03   5.91399e-04  -2.26207e+02
  22  beta_A0      1.38951e-01   8.54624e-03  -1.24584e-03  -7.64505e+01
  23  alpha_phi    6.93293e-02   1.04850e-02  -1.16631e-03   7.47362e+01
  24  beta_phi     2.09185e-01   1.05564e-02  -1.38720e-03  -2.38528e-01
 EXTERNAL ERROR MATRIX.    NDIM=  25    NPAR= 11    ERR DEF=1
  7.282e+07 
 -2.299e+01  8.922e-06 
 -1.092e+02  5.181e-05  3.510e-04 
  2.136e+01 -9.421e-06 -6.078e-05  1.132e-05 
 -1.507e+01  5.386e-06  2.787e-05 -4.521e-06  4.621e-06 
 -2.596e-01  7.472e-08  9.114e-07  9.453e-08  2.036e-07  1.776e-07 
  2.148e+05 -9.014e-02 -5.572e-01  9.199e-02 -6.169e-02 -3.588e-03  1.124e+03 
 -6.625e+01  1.675e-05  5.242e-05 -1.539e-05  9.136e-06 -1.267e-06 -1.026e-01  8.829e-05 
  1.308e+01  3.645e-06  6.885e-05 -1.347e-05 -6.307e-06 -8.223e-07 -1.984e-02 -1.639e-05  7.304e-05 
 -5.245e+01  2.627e-05  1.848e-04 -3.429e-05  1.026e-05 -3.439e-07 -2.557e-01  3.392e-05  5.833e-05  1.099e-04 
  4.717e+01 -3.884e-06  4.874e-05 -6.117e-06 -8.537e-06 -4.437e-07  9.090e-03 -6.495e-05  7.573e-05  4.071e-05  1.114e-04 
ERR MATRIX APPROXIMATE
 PARAMETER  CORRELATION COEFFICIENTS  
       NO.  GLOBAL      1      3      4      6      8      9     20     21     22     23     24
        1  0.99991   1.000 -0.902 -0.683  0.744 -0.821 -0.072  0.751 -0.826  0.179 -0.586  0.524
        3  0.99951  -0.902  1.000  0.926 -0.937  0.839  0.059 -0.900  0.597  0.143  0.839 -0.123
        4  0.99996  -0.683  0.926  1.000 -0.964  0.692  0.115 -0.887  0.298  0.430  0.941  0.246
        6  0.99951   0.744 -0.937 -0.964  1.000 -0.625  0.067  0.816 -0.487 -0.468 -0.972 -0.172
        8  0.99912  -0.821  0.839  0.692 -0.625  1.000  0.225 -0.856  0.452 -0.343  0.455 -0.376
        9  0.94674  -0.072  0.059  0.115  0.067  0.225  1.000 -0.254 -0.320 -0.228 -0.078 -0.100
       20  0.96133   0.751 -0.900 -0.887  0.816 -0.856 -0.254  1.000 -0.326 -0.069 -0.728  0.026
       21  0.99961  -0.826  0.597  0.298 -0.487  0.452 -0.320 -0.326  1.000 -0.204  0.344 -0.655
       22  0.99859   0.179  0.143  0.430 -0.468 -0.343 -0.228 -0.069 -0.204  1.000  0.651  0.839
       23  0.99937  -0.586  0.839  0.941 -0.972  0.455 -0.078 -0.728  0.344  0.651  1.000  0.368
       24  0.99968   0.524 -0.123  0.246 -0.172 -0.376 -0.100  0.026 -0.655  0.839  0.368  1.000
 ERR MATRIX APPROXIMATE
MINUIT - FIT ONLY 1-y
 **********
 **   51 **RES 
 **********
                   PARAMETER   16  beta_vw RESTORED TO VARIABLE.
                   PARAMETER   14  alpha_vw RESTORED TO VARIABLE.
                   PARAMETER   13  beta_y RESTORED TO VARIABLE.
                   PARAMETER   11  alpha_y RESTORED TO VARIABLE.
                   PARAMETER   10  beta_2CBO RESTORED TO VARIABLE.
 **********
 **   52 **FIX            0
 **********
 PARAMETER    0  IS UNDEFINED. IGNORED.
 **********
 **   53 **FIX            1
 **********
 **********
 **   54 **FIX            2
 **********
 PARAMETER    2  IS CONSTANT.   IGNORED.
 **********
 **   55 **FIX            3
 **********
 **********
 **   56 **FIX            4
 **********
 **********
 **   57 **FIX            5
 **********
 PARAMETER    5  IS CONSTANT.   IGNORED.
 **********
 **   58 **FIX            6
 **********
 **********
 **   59 **FIX            7
 **********
 PARAMETER    7  IS CONSTANT.   IGNORED.
 **********
 **   60 **FIX            8
 **********
 **********
 **   61 **FIX            9
 **********
 **********
 **   62 **FIX           13
 **********
 **********
 **   63 **FIX           14
 **********
 **********
 **   64 **FIX           15
 **********
 PARAMETER   15  IS CONSTANT.   IGNORED.
 **********
 **   65 **FIX           16
 **********
 **********
 **   66 **MIGRAD
 **********
 START MIGRAD MINIMIZATION.  STRATEGY  1.  CONVERGENCE WHEN EDM .LT. 1.00e-04
 FCN=416.182 FROM MIGRAD    STATUS=INITIATE       16 CALLS        6342 TOTAL
                     EDM= unknown      STRATEGY= 1      NO ERROR MATRIX       
  EXT PARAMETER               CURRENT GUESS       STEP         FIRST   
  NO.   NAME      VALUE            ERROR          SIZE      DERIVATIVE 
   1  N0           3.32085e+06     fixed    
   2  tau          6.43968e+01   constant   
   3  A0           3.25969e-01     fixed    
   4  phi          4.16819e+00     fixed    
   5  R           -6.01460e+01   constant   
   6  alpha_CBO    1.03786e-02     fixed    
   7  w_CBO        2.32500e+00   constant   
   8  beta_CBO    -1.44184e-02     fixed    
   9  alpha_2CBO  -4.12986e-04     fixed    
  10  beta_2CBO    4.98900e-04   3.56821e-04   3.56821e-04   6.34410e+02
  11  alpha_y      0.00000e+00   1.00000e-03   1.00000e-03  -2.45837e+05
  12  w_y          1.44500e+01   constant   
  13  beta_y       7.16921e-03     fixed    
  14  alpha_vw     0.00000e+00     fixed    
  15  w_vw         1.29000e+01   constant   
  16  beta_vw      0.00000e+00     fixed    
  17  LM          -1.51189e-04   constant   
  18  zeta_y       0.00000e+00   constant   
  19  zeta_vw      0.00000e+00   constant   
  20  T_CBO        3.51153e+02   3.34940e+01  -8.85785e-04   2.58061e+00
  21  alpha_A0    -1.60941e-01   9.39626e-03   5.91399e-04  -2.26207e+02
  22  beta_A0      1.38951e-01   8.54624e-03  -1.24584e-03  -7.64505e+01
  23  alpha_phi    6.93293e-02   1.04850e-02  -1.16631e-03   7.47362e+01
  24  beta_phi     2.09185e-01   1.05564e-02  -1.38720e-03  -2.38530e-01
 MIGRAD MINIMIZATION HAS CONVERGED.
 FCN=115.422 FROM MIGRAD    STATUS=CONVERGED     127 CALLS        6453 TOTAL
                     EDM=6.55224e-07    STRATEGY= 1  ERROR MATRIX UNCERTAINTY   2.0 per cent
  EXT PARAMETER                                   STEP         FIRST   
  NO.   NAME      VALUE            ERROR          SIZE      DERIVATIVE 
   1  N0           3.32085e+06     fixed    
   2  tau          6.43968e+01   constant   
   3  A0           3.25969e-01     fixed    
   4  phi          4.16819e+00     fixed    
   5  R           -6.01460e+01   constant   
   6  alpha_CBO    1.03786e-02     fixed    
   7  w_CBO        2.32500e+00   constant   
   8  beta_CBO    -1.44184e-02     fixed    
   9  alpha_2CBO  -4.12986e-04     fixed    
  10  beta_2CBO   -3.93017e-04   2.65982e-04  -1.67430e-07  -1.59170e-01
  11  alpha_y      2.44433e-03   1.40958e-04   7.68957e-08   2.91216e-01
  12  w_y          1.44500e+01   constant   
  13  beta_y       7.16921e-03     fixed    
  14  alpha_vw     0.00000e+00     fixed    
  15  w_vw         1.29000e+01   constant   
  16  beta_vw      0.00000e+00     fixed    
  17  LM          -1.51189e-04   constant   
  18  zeta_y       0.00000e+00   constant   
  19  zeta_vw      0.00000e+00   constant   
  20  T_CBO        3.60871e+02   1.03944e+01   1.39671e-04  -4.86763e-02
  21  alpha_A0    -1.62684e-01   8.12806e-04  -5.27729e-06  -1.11673e+00
  22  beta_A0      1.39936e-01   7.10674e-04   1.86390e-06   9.36389e-01
  23  alpha_phi    6.41083e-02   1.27123e-03  -1.34849e-06   6.64925e-01
  24  beta_phi     2.09271e-01   4.97375e-04  -2.66056e-08   8.01108e-01
 EXTERNAL ERROR MATRIX.    NDIM=  25    NPAR=  7    ERR DEF=1
  7.075e-08 -7.103e-09 -5.012e-04  1.235e-07 -8.293e-08  2.727e-07  3.004e-08 
 -7.103e-09  1.987e-08  8.406e-05 -1.425e-08  7.651e-09 -4.193e-08  6.615e-10 
 -5.012e-04  8.406e-05  1.081e+02  2.036e-04  1.199e-03 -3.053e-03 -9.196e-04 
  1.235e-07 -1.425e-08  2.036e-04  6.607e-07 -7.685e-08  7.066e-07  1.271e-07 
 -8.293e-08  7.651e-09  1.199e-03 -7.685e-08  5.051e-07 -2.606e-07  2.889e-08 
  2.727e-07 -4.193e-08 -3.053e-03  7.066e-07 -2.606e-07  1.616e-06  1.365e-07 
  3.004e-08  6.615e-10 -9.196e-04  1.271e-07  2.889e-08  1.365e-07  2.474e-07 
 PARAMETER  CORRELATION COEFFICIENTS  
       NO.  GLOBAL     10     11     20     21     22     23     24
       10  0.84073   1.000 -0.189 -0.181  0.571 -0.439  0.807  0.227
       11  0.24469  -0.189  1.000  0.057 -0.124  0.076 -0.234  0.009
       20  0.41006  -0.181  0.057  1.000  0.024  0.162 -0.231 -0.178
       21  0.73685   0.571 -0.124  0.024  1.000 -0.133  0.684  0.314
       22  0.50415  -0.439  0.076  0.162 -0.133  1.000 -0.288  0.082
       23  0.86726   0.807 -0.234 -0.231  0.684 -0.288  1.000  0.216
       24  0.42635   0.227  0.009 -0.178  0.314  0.082  0.216  1.000
MINUIT - FIT ONLY 2-y
 **********
 **   67 **RES 
 **********
                   PARAMETER   16  beta_vw RESTORED TO VARIABLE.
                   PARAMETER   14  alpha_vw RESTORED TO VARIABLE.
                   PARAMETER   13  beta_y RESTORED TO VARIABLE.
                   PARAMETER    9  alpha_2CBO RESTORED TO VARIABLE.
                   PARAMETER    8  beta_CBO RESTORED TO VARIABLE.
                   PARAMETER    6  alpha_CBO RESTORED TO VARIABLE.
                   PARAMETER    4  phi RESTORED TO VARIABLE.
                   PARAMETER    3  A0 RESTORED TO VARIABLE.
                   PARAMETER    1  N0 RESTORED TO VARIABLE.
 **********
 **   68 **FIX            0
 **********
 PARAMETER    0  IS UNDEFINED. IGNORED.
 **********
 **   69 **FIX            1
 **********
 **********
 **   70 **FIX            2
 **********
 PARAMETER    2  IS CONSTANT.   IGNORED.
 **********
 **   71 **FIX            3
 **********
 **********
 **   72 **FIX            4
 **********
 **********
 **   73 **FIX            5
 **********
 PARAMETER    5  IS CONSTANT.   IGNORED.
 **********
 **   74 **FIX            6
 **********
 **********
 **   75 **FIX            7
 **********
 PARAMETER    7  IS CONSTANT.   IGNORED.
 **********
 **   76 **FIX            8
 **********
 **********
 **   77 **FIX            9
 **********
 **********
 **   78 **FIX           10
 **********
 **********
 **   79 **FIX           11
 **********
 **********
 **   80 **FIX           12
 **********
 PARAMETER   12  IS CONSTANT.   IGNORED.
 **********
 **   81 **FIX           16
 **********
 **********
 **   82 **MIGRAD
 **********
 START MIGRAD MINIMIZATION.  STRATEGY  1.  CONVERGENCE WHEN EDM .LT. 1.00e-04
 FCN=115.422 FROM MIGRAD    STATUS=INITIATE       16 CALLS        6469 TOTAL
                     EDM= unknown      STRATEGY= 1      NO ERROR MATRIX       
  EXT PARAMETER               CURRENT GUESS       STEP         FIRST   
  NO.   NAME      VALUE            ERROR          SIZE      DERIVATIVE 
   1  N0           3.32085e+06     fixed    
   2  tau          6.43968e+01   constant   
   3  A0           3.25969e-01     fixed    
   4  phi          4.16819e+00     fixed    
   5  R           -6.01460e+01   constant   
   6  alpha_CBO    1.03786e-02     fixed    
   7  w_CBO        2.32500e+00   constant   
   8  beta_CBO    -1.44184e-02     fixed    
   9  alpha_2CBO  -4.12986e-04     fixed    
  10  beta_2CBO   -3.93017e-04     fixed    
  11  alpha_y      2.44433e-03     fixed    
  12  w_y          1.44500e+01   constant   
  13  beta_y       7.16921e-03   1.42318e-04   1.42318e-04  -3.73471e+03
  14  alpha_vw     0.00000e+00   1.00000e-03   1.00000e-03   5.33619e+04
  15  w_vw         1.29000e+01   constant   
  16  beta_vw      0.00000e+00     fixed    
  17  LM          -1.51189e-04   constant   
  18  zeta_y       0.00000e+00   constant   
  19  zeta_vw      0.00000e+00   constant   
  20  T_CBO        3.60871e+02   1.03944e+01   1.39671e-04  -4.86764e-02
  21  alpha_A0    -1.62684e-01   8.12806e-04  -5.27729e-06  -1.11673e+00
  22  beta_A0      1.39936e-01   7.10674e-04   1.86390e-06   9.36391e-01
  23  alpha_phi    6.41083e-02   1.27123e-03  -1.34849e-06   6.64925e-01
  24  beta_phi     2.09271e-01   4.97375e-04  -2.66056e-08   8.01108e-01
 MIGRAD MINIMIZATION HAS CONVERGED.
 MIGRAD WILL VERIFY CONVERGENCE AND ERROR MATRIX.
 COVARIANCE MATRIX CALCULATED SUCCESSFULLY
 FCN=96.6467 FROM HESSE     STATUS=OK             50 CALLS        6599 TOTAL
                     EDM=0.0060363    STRATEGY= 1      ERROR MATRIX ACCURATE 
  EXT PARAMETER                                   STEP         FIRST   
  NO.   NAME      VALUE            ERROR          SIZE      DERIVATIVE 
   1  N0           3.32085e+06     fixed    
   2  tau          6.43968e+01   constant   
   3  A0           3.25969e-01     fixed    
   4  phi          4.16819e+00     fixed    
   5  R           -6.01460e+01   constant   
   6  alpha_CBO    1.03786e-02     fixed    
   7  w_CBO        2.32500e+00   constant   
   8  beta_CBO    -1.44184e-02     fixed    
   9  alpha_2CBO  -4.12986e-04     fixed    
  10  beta_2CBO   -3.93017e-04     fixed    
  11  alpha_y      2.44433e-03     fixed    
  12  w_y          1.44500e+01   constant   
  13  beta_y       7.55146e-03   1.65597e-04   7.00935e-07  -1.34284e+00
  14  alpha_vw    -6.76944e-04   1.56634e-04   6.62273e-07  -1.22760e-01
  15  w_vw         1.29000e+01   constant   
  16  beta_vw      0.00000e+00     fixed    
