 + ++++++++++++++++++++++++++++++++++++++++++++++++++++++++++++++++++++ +
 +                                                                      +
 +           You have chose to blind your fitting according to          +
 +                omega_ref * (1 + (R +/- deltaR) *10^{-6})             +
 +                                                                      +
 + ++++++++++++++++++++++++++++++++++++++++++++++++++++++++++++++++++++ +
In main()...
reading format from /gm2data/zkhechad/run45/envelope/formats/formatB_sBin_constraintOn.txt
pBinTau 	= 0  
pBinPhi 	= 0  
constraintau 	= 1 
includeMopTerm 	= 0    
constrainMop    = 0   
Parameters after format file: pBinTau 0 pBinPhi 0 constraintau 1 includeMopTerm 0 constrainMop 0 c_e_scale 0.000000 
Opening file /gm2data/tbarrett/gm2fr/studies/run23_bunch_corrections/CorrectedFourier_Run3b.root.
reading full fit data from /gm2data/zkhechad/cboTemplates/Run4CBOTemplates/fullFits/noRF/sBin_constraintOn_cE0.0_seed0_noRF_calo9.root
windowBins = 69
fitting sliding window 630 from bin 766 at 114.138000 to bin 835 at 124.582000 (69 bins)

Reading data from /gm2data/cornell/histograms/aMethod/histogram_a_noRF.root
 **********
 **    1 **SET PRINTOUT            1
 **********
 **********
 **    2 **SET NOWARNINGS 
 **********
 PARAMETER DEFINITIONS:
    NO.   NAME         VALUE      STEP SIZE      LIMITS
     1 N0           2.88206e+06  1.00000e+02     no limits
     2 tau          6.44106e+01  constant
     3 A0           3.51420e-01  1.00000e-04     no limits
     4 phi          4.11705e+00  1.00000e-02     no limits
     5 R           -5.98157e+01  constant
     6 alpha_CBO    0.00000e+00  1.00000e-03     no limits
     7 w_CBO        2.32500e+00  constant
     8 beta_CBO     0.00000e+00  1.00000e-03     no limits
     9 alpha_2CBO   0.00000e+00  1.00000e-03     no limits
    10 beta_2CBO    0.00000e+00  1.00000e-03     no limits
    11 alpha_y      0.00000e+00  1.00000e-03     no limits
    12 w_y          1.38860e+01  constant
    13 beta_y       0.00000e+00  1.00000e-03     no limits
    14 alpha_vw     0.00000e+00  1.00000e-03     no limits
    15 w_vw         1.43404e+01  constant
    16 beta_vw      0.00000e+00  1.00000e-03     no limits
    17 LM           1.60296e-04  constant
    18 zeta_y       0.00000e+00  constant
    19 zeta_vw      0.00000e+00  constant
    20 T_CBO        1.00000e+02  1.00000e+00    0.00000e+00  1.00000e+03
    21 alpha_A0     0.00000e+00  1.00000e-04   -1.00000e-02  1.00000e-02
    22 beta_A0      0.00000e+00  1.00000e-04   -1.00000e-02  1.00000e-02
    23 alpha_phi    0.00000e+00  1.00000e-04   -1.00000e-02  1.00000e-02
    24 beta_phi     0.00000e+00  1.00000e-04   -1.00000e-02  1.00000e-02
MINUIT - FIT ONLY WIGGLE
 **********
 **    3 **FIX            5
 **********
 PARAMETER    5  IS CONSTANT.   IGNORED.
 **********
 **    4 **FIX            6
 **********
 **********
 **    5 **FIX            7
 **********
 PARAMETER    7  IS CONSTANT.   IGNORED.
 **********
 **    6 **FIX            8
 **********
 **********
 **    7 **FIX            9
 **********
 **********
 **    8 **FIX           10
 **********
 **********
 **    9 **FIX           11
 **********
 **********
 **   10 **FIX           12
 **********
 PARAMETER   12  IS CONSTANT.   IGNORED.
 **********
 **   11 **FIX           13
 **********
 **********
 **   12 **FIX           14
 **********
 **********
 **   13 **FIX           15
 **********
 PARAMETER   15  IS CONSTANT.   IGNORED.
 **********
 **   14 **FIX           16
 **********
 **********
 **   15 **MIGRAD
 **********
 FIRST CALL TO USER FUNCTION AT NEW START POINT, WITH IFLAG=4.
 START MIGRAD MINIMIZATION.  STRATEGY  1.  CONVERGENCE WHEN EDM .LT. 1.00e-04
 FCN=1246.66 FROM MIGRAD    STATUS=INITIATE      435 CALLS         436 TOTAL
                     EDM= unknown      STRATEGY= 1      NO ERROR MATRIX       
  EXT PARAMETER               CURRENT GUESS       STEP         FIRST   
  NO.   NAME      VALUE            ERROR          SIZE      DERIVATIVE 
   1  N0           2.88206e+06   1.00000e+02   0.00000e+00  -5.56801e-03
   2  tau          6.44106e+01   constant   
   3  A0           3.51420e-01   1.00000e-04   0.00000e+00  -8.69343e+04
   4  phi          4.11705e+00   1.00000e-02   0.00000e+00   6.91123e+03
   5  R           -5.98157e+01   constant   
   6  alpha_CBO    0.00000e+00     fixed    
   7  w_CBO        2.32500e+00   constant   
   8  beta_CBO     0.00000e+00     fixed    
   9  alpha_2CBO   0.00000e+00     fixed    
  10  beta_2CBO    0.00000e+00     fixed    
  11  alpha_y      0.00000e+00     fixed    
  12  w_y          1.38860e+01   constant   
  13  beta_y       0.00000e+00     fixed    
  14  alpha_vw     0.00000e+00     fixed    
  15  w_vw         1.43404e+01   constant   
  16  beta_vw      0.00000e+00     fixed    
  17  LM           1.60296e-04   constant   
  18  zeta_y       0.00000e+00   constant   
  19  zeta_vw      0.00000e+00   constant   
  20  T_CBO        1.00000e+02   1.00000e+00   0.00000e+00   0.00000e+00
  21  alpha_A0     0.00000e+00   1.00000e-04   0.00000e+00   3.19443e+01
  22  beta_A0      0.00000e+00   1.00000e-04   0.00000e+00  -3.81440e+01
  23  alpha_phi    0.00000e+00   1.00000e-04   0.00000e+00  -1.61342e+01
  24  beta_phi     0.00000e+00   1.00000e-04   0.00000e+00  -1.76996e+01
 MIGRAD MINIMIZATION HAS CONVERGED.
 FCN=1163.18 FROM MIGRAD    STATUS=CONVERGED    1173 CALLS        1174 TOTAL
                     EDM=6.14035e-06    STRATEGY= 1  ERROR MATRIX UNCERTAINTY   3.0 per cent
  EXT PARAMETER                                   STEP         FIRST   
  NO.   NAME      VALUE            ERROR          SIZE      DERIVATIVE 
   1  N0           2.88215e+06   3.37761e+02  -1.35788e+00  -3.15724e-06
   2  tau          6.44106e+01   constant   
   3  A0           3.52411e-01   1.43620e-04  -4.59881e-07  -6.38945e+00
   4  phi          4.11590e+00   4.29584e-04  -1.13499e-06   1.41410e+00
   5  R           -5.98157e+01   constant   
   6  alpha_CBO    0.00000e+00     fixed    
   7  w_CBO        2.32500e+00   constant   
   8  beta_CBO     0.00000e+00     fixed    
   9  alpha_2CBO   0.00000e+00     fixed    
  10  beta_2CBO    0.00000e+00     fixed    
  11  alpha_y      0.00000e+00     fixed    
  12  w_y          1.38860e+01   constant   
  13  beta_y       0.00000e+00     fixed    
  14  alpha_vw     0.00000e+00     fixed    
  15  w_vw         1.43404e+01   constant   
  16  beta_vw      0.00000e+00     fixed    
  17  LM           1.60296e-04   constant   
  18  zeta_y       0.00000e+00   constant   
  19  zeta_vw      0.00000e+00   constant   
  20  T_CBO        9.99981e+02   9.28876e+02   5.95070e-02  -2.71470e-04
  21  alpha_A0    -2.93050e-03   8.46438e-04   1.32058e-05   1.60034e-02
  22  beta_A0      2.28618e-03   8.01836e-04   5.59456e-05  -4.17434e-02
  23  alpha_phi    2.20211e-03   7.22048e-04  -1.64575e-06  -3.07565e-02
  24  beta_phi     1.76911e-03   7.32412e-04   3.53660e-04   2.74709e-02
 EXTERNAL ERROR MATRIX.    NDIM=  25    NPAR=  8    ERR DEF=1
  1.141e+05  3.757e-03  2.554e-02 -1.503e+02  2.156e-02 -6.262e-02 -5.889e-02  8.382e-03 
  3.757e-03  2.063e-08 -2.168e-09 -1.654e-05 -3.555e-09 -1.291e-08  9.389e-09  8.062e-09 
  2.554e-02 -2.168e-09  1.845e-07  2.741e-04  6.360e-08 -2.542e-08 -4.714e-08 -1.625e-08 
 -1.503e+02 -1.654e-05  2.741e-04  1.434e+03  1.064e-02 -7.981e-03 -5.952e-03 -6.085e-03 
  2.156e-02 -3.555e-09  6.360e-08  1.064e-02  7.183e-07 -2.005e-07 -2.203e-07 -1.947e-07 
 -6.262e-02 -1.291e-08 -2.542e-08 -7.981e-03 -2.005e-07  6.444e-07  1.305e-07  1.111e-07 
 -5.889e-02  9.389e-09 -4.714e-08 -5.952e-03 -2.203e-07  1.305e-07  5.223e-07  1.449e-07 
  8.382e-03  8.062e-09 -1.625e-08 -6.085e-03 -1.947e-07  1.111e-07  1.449e-07  5.374e-07 
 PARAMETER  CORRELATION COEFFICIENTS  
       NO.  GLOBAL      1      3      4     20     21     22     23     24
        1  0.37311   1.000  0.077  0.176 -0.012  0.075 -0.231 -0.241  0.034
        3  0.19536   0.077  1.000 -0.035 -0.003 -0.029 -0.112  0.090  0.077
        4  0.25309   0.176 -0.035  1.000  0.017  0.175 -0.074 -0.152 -0.052
       20  0.40450  -0.012 -0.003  0.017  1.000  0.331 -0.263 -0.217 -0.219
       21  0.51575   0.075 -0.029  0.175  0.331  1.000 -0.295 -0.360 -0.313
       22  0.43292  -0.231 -0.112 -0.074 -0.263 -0.295  1.000  0.225  0.189
       23  0.47989  -0.241  0.090 -0.152 -0.217 -0.360  0.225  1.000  0.273
       24  0.39662   0.034  0.077 -0.052 -0.219 -0.313  0.189  0.273  1.000
MINUIT - FIT ONLY 1-CBO + wiggle
 **********
 **   16 **RES 
 **********
                   PARAMETER   16  beta_vw RESTORED TO VARIABLE.
                   PARAMETER   14  alpha_vw RESTORED TO VARIABLE.
                   PARAMETER   13  beta_y RESTORED TO VARIABLE.
                   PARAMETER   11  alpha_y RESTORED TO VARIABLE.
                   PARAMETER   10  beta_2CBO RESTORED TO VARIABLE.
                   PARAMETER    9  alpha_2CBO RESTORED TO VARIABLE.
                   PARAMETER    8  beta_CBO RESTORED TO VARIABLE.
                   PARAMETER    6  alpha_CBO RESTORED TO VARIABLE.
 **********
 **   17 **FIX            8
 **********
 **********
 **   18 **FIX            9
 **********
 **********
 **   19 **FIX           11
 **********
 **********
 **   20 **FIX           12
 **********
 PARAMETER   12  IS CONSTANT.   IGNORED.
 **********
 **   21 **FIX           14
 **********
 **********
 **   22 **FIX           15
 **********
 PARAMETER   15  IS CONSTANT.   IGNORED.
 **********
 **   23 **FIX           16
 **********
 **********
 **   24 **MIGRAD
 **********
 START MIGRAD MINIMIZATION.  STRATEGY  1.  CONVERGENCE WHEN EDM .LT. 1.00e-04
 FCN=1163.18 FROM MIGRAD    STATUS=INITIATE       28 CALLS        1202 TOTAL
                     EDM= unknown      STRATEGY= 1      NO ERROR MATRIX       
  EXT PARAMETER               CURRENT GUESS       STEP         FIRST   
  NO.   NAME      VALUE            ERROR          SIZE      DERIVATIVE 
   1  N0           2.88215e+06   3.37761e+02  -1.35788e+00  -3.15724e-06
   2  tau          6.44106e+01   constant   
   3  A0           3.52411e-01   1.43620e-04  -4.59881e-07  -6.38945e+00
   4  phi          4.11590e+00   4.29584e-04  -1.13499e-06   1.41410e+00
   5  R           -5.98157e+01   constant   
   6  alpha_CBO    0.00000e+00   1.00000e-03   1.00000e-03  -3.80102e+05
   7  w_CBO        2.32500e+00   constant   
   8  beta_CBO     0.00000e+00     fixed    
   9  alpha_2CBO   0.00000e+00     fixed    
  10  beta_2CBO    0.00000e+00   1.00000e-03   1.00000e-03   2.57032e+03
  11  alpha_y      0.00000e+00     fixed    
  12  w_y          1.38860e+01   constant   
  13  beta_y       0.00000e+00   1.00000e-03   1.00000e-03   5.44253e+04
  14  alpha_vw     0.00000e+00     fixed    
  15  w_vw         1.43404e+01   constant   
  16  beta_vw      0.00000e+00     fixed    
  17  LM           1.60296e-04   constant   
  18  zeta_y       0.00000e+00   constant   
  19  zeta_vw      0.00000e+00   constant   
  20  T_CBO        9.99981e+02   9.28876e+02   5.95070e-02  -2.74010e-04
  21  alpha_A0    -2.93050e-03   8.46438e-04   1.32058e-05   1.60036e-02
  22  beta_A0      2.28618e-03   8.01836e-04   5.59456e-05  -4.17434e-02
  23  alpha_phi    2.20211e-03   7.22048e-04  -1.64575e-06  -3.07564e-02
  24  beta_phi     1.76911e-03   7.32412e-04   3.53660e-04   2.74709e-02
 MIGRAD MINIMIZATION HAS CONVERGED.
 FCN=219.923 FROM MIGRAD    STATUS=CONVERGED     324 CALLS        1498 TOTAL
                     EDM=3.68889e-06    STRATEGY= 1  ERROR MATRIX UNCERTAINTY   1.4 per cent
  EXT PARAMETER                                   STEP         FIRST   
  NO.   NAME      VALUE            ERROR          SIZE      DERIVATIVE 
   1  N0           2.88182e+06   3.29031e+02  -1.47548e-01   1.09533e-06
   2  tau          6.44106e+01   constant   
   3  A0           3.51384e-01   1.50881e-04   2.74639e-08   2.44678e+00
   4  phi          4.11607e+00   4.31062e-04  -3.76784e-07   1.82376e+00
   5  R           -5.98157e+01   constant   
   6  alpha_CBO    4.88208e-03   1.60473e-04   6.45193e-08   3.93482e+00
   7  w_CBO        2.32500e+00   constant   
   8  beta_CBO     0.00000e+00     fixed    
   9  alpha_2CBO   0.00000e+00     fixed    
  10  beta_2CBO    2.08612e-04   1.48437e-04  -1.88186e-08  -1.54896e+00
  11  alpha_y      0.00000e+00     fixed    
  12  w_y          1.38860e+01   constant   
  13  beta_y      -5.81471e-04   1.52784e-04   2.63069e-07   7.16672e+00
  14  alpha_vw     0.00000e+00     fixed    
  15  w_vw         1.43404e+01   constant   
  16  beta_vw      0.00000e+00     fixed    
  17  LM           1.60296e-04   constant   
  18  zeta_y       0.00000e+00   constant   
  19  zeta_vw      0.00000e+00   constant   
  20  T_CBO        9.99997e+02   9.00610e+02  -3.78580e-02   1.02437e-04
  21  alpha_A0     8.75830e-04   6.93267e-04  -9.71651e-05  -1.20145e-02
  22  beta_A0      2.03710e-03   6.93933e-04  -1.01163e-05  -2.69833e-02
  23  alpha_phi    3.48327e-03   7.46447e-04   5.31188e-05  -3.76614e-02
  24  beta_phi     7.23150e-04   6.62512e-04   1.56022e-04   8.56661e-03
 EXTERNAL ERROR MATRIX.    NDIM=  25    NPAR= 11    ERR DEF=1
  1.083e+05 
  5.274e-03  2.277e-08 
  1.920e-02 -5.742e-09  1.858e-07 
 -2.423e-03 -5.429e-09  3.605e-10  2.575e-08 
  6.850e-04 -6.875e-10 -6.581e-10  1.276e-09  2.203e-08 
 -2.101e-03  2.765e-10 -2.520e-09  2.724e-10  7.404e-11  2.334e-08 
 -7.560e+01 -2.276e-05 -9.142e-05  4.142e-06  4.791e-05  1.341e-05  2.345e+02 
  8.756e-04 -1.178e-08  2.936e-08  2.023e-08 -7.246e-09 -4.682e-10  1.247e-04  4.814e-07 
 -3.794e-02 -7.088e-09 -1.059e-08  1.123e-10 -1.700e-09  5.604e-09  1.154e-03 -2.221e-08  4.824e-07 
 -4.757e-02  1.234e-08 -4.124e-08  9.173e-09 -1.326e-09  1.038e-08  1.896e-03 -7.019e-08  4.645e-08  5.584e-07 
  4.127e-03  8.542e-09 -2.440e-08 -5.291e-09 -7.896e-09  1.547e-09  4.384e-04 -3.329e-08  3.700e-08  1.336e-07  4.396e-07 
 PARAMETER  CORRELATION COEFFICIENTS  
       NO.  GLOBAL      1      3      4      6     10     13     20     21     22     23     24
        1  0.30978   1.000  0.106  0.135 -0.046  0.014 -0.042 -0.015  0.004 -0.166 -0.193  0.019
        3  0.31127   0.106  1.000 -0.088 -0.224 -0.031  0.012 -0.010 -0.113 -0.068  0.109  0.085
        4  0.21715   0.135 -0.088  1.000  0.005 -0.010 -0.038 -0.014  0.098 -0.035 -0.128 -0.085
        6  0.31176  -0.046 -0.224  0.005  1.000  0.054  0.011  0.002  0.182  0.001  0.076 -0.050
       10  0.13549   0.014 -0.031 -0.010  0.054  1.000  0.003  0.021 -0.070 -0.016 -0.012 -0.080
       13  0.10820  -0.042  0.012 -0.038  0.011  0.003  1.000  0.006 -0.004  0.053  0.091  0.015
       20  0.20188  -0.015 -0.010 -0.014  0.002  0.021  0.006  1.000  0.012  0.109  0.166  0.043
       21  0.27368   0.004 -0.113  0.098  0.182 -0.070 -0.004  0.012  1.000 -0.046 -0.135 -0.072
       22  0.23061  -0.166 -0.068 -0.035  0.001 -0.016  0.053  0.109 -0.046  1.000  0.090  0.080
       23  0.42759  -0.193  0.109 -0.128  0.076 -0.012  0.091  0.166 -0.135  0.090  1.000  0.270
       24  0.31224   0.019  0.085 -0.085 -0.050 -0.080  0.015  0.043 -0.072  0.080  0.270  1.000
MINUIT - FIT ONLY 2-CBO
 **********
 **   25 **RES 
 **********
                   PARAMETER   16  beta_vw RESTORED TO VARIABLE.
                   PARAMETER   14  alpha_vw RESTORED TO VARIABLE.
                   PARAMETER   11  alpha_y RESTORED TO VARIABLE.
                   PARAMETER    9  alpha_2CBO RESTORED TO VARIABLE.
                   PARAMETER    8  beta_CBO RESTORED TO VARIABLE.
 **********
 **   26 **FIX            0
 **********
 PARAMETER    0  IS UNDEFINED. IGNORED.
 **********
 **   27 **FIX            1
 **********
 **********
 **   28 **FIX            2
 **********
 PARAMETER    2  IS CONSTANT.   IGNORED.
 **********
 **   29 **FIX            3
 **********
 **********
 **   30 **FIX            4
 **********
 **********
 **   31 **FIX            5
 **********
 PARAMETER    5  IS CONSTANT.   IGNORED.
 **********
 **   32 **FIX            6
 **********
 **********
 **   33 **FIX            7
 **********
 PARAMETER    7  IS CONSTANT.   IGNORED.
 **********
 **   34 **FIX           10
 **********
 **********
 **   35 **FIX           11
 **********
 **********
 **   36 **FIX           12
 **********
 PARAMETER   12  IS CONSTANT.   IGNORED.
 **********
 **   37 **FIX           13
 **********
 **********
 **   38 **FIX           14
 **********
 **********
 **   39 **FIX           15
 **********
 PARAMETER   15  IS CONSTANT.   IGNORED.
 **********
 **   40 **FIX           16
 **********
 **********
 **   41 **MIGRAD
 **********
 START MIGRAD MINIMIZATION.  STRATEGY  1.  CONVERGENCE WHEN EDM .LT. 1.00e-04
 FCN=219.923 FROM MIGRAD    STATUS=INITIATE       18 CALLS        1516 TOTAL
                     EDM= unknown      STRATEGY= 1      NO ERROR MATRIX       
  EXT PARAMETER               CURRENT GUESS       STEP         FIRST   
  NO.   NAME      VALUE            ERROR          SIZE      DERIVATIVE 
   1  N0           2.88182e+06     fixed    
   2  tau          6.44106e+01   constant   
   3  A0           3.51384e-01     fixed    
   4  phi          4.11607e+00     fixed    
   5  R           -5.98157e+01   constant   
   6  alpha_CBO    4.88208e-03     fixed    
   7  w_CBO        2.32500e+00   constant   
   8  beta_CBO     0.00000e+00   1.00000e-03   1.00000e-03   1.55759e+05
   9  alpha_2CBO   0.00000e+00   1.00000e-03   1.00000e-03   1.51831e+04
  10  beta_2CBO    2.08612e-04     fixed    
  11  alpha_y      0.00000e+00     fixed    
  12  w_y          1.38860e+01   constant   
  13  beta_y      -5.81471e-04     fixed    
  14  alpha_vw     0.00000e+00     fixed    
  15  w_vw         1.43404e+01   constant   
  16  beta_vw      0.00000e+00     fixed    
  17  LM           1.60296e-04   constant   
  18  zeta_y       0.00000e+00   constant   
  19  zeta_vw      0.00000e+00   constant   
  20  T_CBO        9.99997e+02   9.00610e+02  -3.78580e-02  -1.02499e-04
  21  alpha_A0     8.75830e-04   6.93267e-04  -9.71651e-05  -1.20146e-02
  22  beta_A0      2.03710e-03   6.93933e-04  -1.01163e-05  -2.69831e-02
  23  alpha_phi    3.48327e-03   7.46447e-04   5.31188e-05  -3.76614e-02
  24  beta_phi     7.23150e-04   6.62512e-04   1.56022e-04   8.56661e-03
 MIGRAD MINIMIZATION HAS CONVERGED.
 MIGRAD WILL VERIFY CONVERGENCE AND ERROR MATRIX.
 COVARIANCE MATRIX CALCULATED SUCCESSFULLY
 FCN=67.6917 FROM MIGRAD    STATUS=CONVERGED     149 CALLS        1647 TOTAL
                     EDM=6.01942e-07    STRATEGY= 1      ERROR MATRIX ACCURATE 
  EXT PARAMETER                                   STEP         FIRST   
  NO.   NAME      VALUE            ERROR          SIZE      DERIVATIVE 
   1  N0           2.88182e+06     fixed    
   2  tau          6.44106e+01   constant   
   3  A0           3.51384e-01     fixed    
   4  phi          4.11607e+00     fixed    
   5  R           -5.98157e+01   constant   
   6  alpha_CBO    4.88208e-03     fixed    
   7  w_CBO        2.32500e+00   constant   
   8  beta_CBO    -1.94017e-03   1.57987e-04   6.25139e-07  -2.69428e-01
   9  alpha_2CBO  -1.50766e-04   1.55741e-04   6.17455e-07   9.90194e-01
  10  beta_2CBO    2.08612e-04     fixed    
  11  alpha_y      0.00000e+00     fixed    
  12  w_y          1.38860e+01   constant   
  13  beta_y      -5.81471e-04     fixed    
  14  alpha_vw     0.00000e+00     fixed    
  15  w_vw         1.43404e+01   constant   
  16  beta_vw      0.00000e+00     fixed    
  17  LM           1.60296e-04   constant   
  18  zeta_y       0.00000e+00   constant   
  19  zeta_vw      0.00000e+00   constant   
  20  T_CBO        1.00000e+03   7.38558e+02   3.33208e-02** at limit **
  21  alpha_A0     1.11082e-03   6.73906e-04   2.71470e-04   1.07135e-03
  22  beta_A0      8.54883e-04   6.74211e-04   2.69126e-04  -6.03713e-03
  23  alpha_phi    3.64526e-03   6.55798e-04   2.76138e-04  -5.97001e-03
  24  beta_phi    -5.04207e-04   6.54366e-04   2.58590e-04   1.52034e-02
 EXTERNAL ERROR MATRIX.    NDIM=  25    NPAR=  7    ERR DEF=1
  2.496e-08 -4.256e-10  6.070e-09 -3.190e-09  1.397e-08 -5.634e-10  1.645e-08 
 -4.256e-10  2.426e-08 -3.103e-09  1.630e-09  1.333e-08 -1.533e-08 -6.868e-09 
  6.070e-09 -3.103e-09  4.289e-01  5.540e-06  4.398e-06  1.870e-05 -2.319e-06 
 -3.190e-09  1.630e-09  5.540e-06  4.548e-07 -1.665e-08 -6.231e-08 -2.017e-08 
  1.397e-08  1.333e-08  4.398e-06 -1.665e-08  4.553e-07 -1.561e-08  2.965e-09 
 -5.634e-10 -1.533e-08  1.870e-05 -6.231e-08 -1.561e-08  4.308e-07  6.425e-08 
  1.645e-08 -6.868e-09 -2.319e-06 -2.017e-08  2.965e-09  6.425e-08  4.288e-07 
 PARAMETER  CORRELATION COEFFICIENTS  
       NO.  GLOBAL      8      9     20     21     22     23     24
        8  0.20973   1.000 -0.017  0.000 -0.030  0.131 -0.005  0.159
        9  0.20062  -0.017  1.000 -0.000  0.016  0.127 -0.150 -0.067
       20  0.05058   0.000 -0.000  1.000  0.013  0.010  0.043 -0.005
       21  0.15158  -0.030  0.016  0.013  1.000 -0.037 -0.141 -0.046
       22  0.18873   0.131  0.127  0.010 -0.037  1.000 -0.035  0.007
       23  0.25127  -0.005 -0.150  0.043 -0.141 -0.035  1.000  0.149
       24  0.22415   0.159 -0.067 -0.005 -0.046  0.007  0.149  1.000
MINUIT - FIT wiggle + 1-CBO + 2-CBO
 **********
 **   42 **RES 
 **********
                   PARAMETER   16  beta_vw RESTORED TO VARIABLE.
                   PARAMETER   14  alpha_vw RESTORED TO VARIABLE.
                   PARAMETER   13  beta_y RESTORED TO VARIABLE.
                   PARAMETER   11  alpha_y RESTORED TO VARIABLE.
                   PARAMETER   10  beta_2CBO RESTORED TO VARIABLE.
                   PARAMETER    6  alpha_CBO RESTORED TO VARIABLE.
                   PARAMETER    4  phi RESTORED TO VARIABLE.
                   PARAMETER    3  A0 RESTORED TO VARIABLE.
                   PARAMETER    1  N0 RESTORED TO VARIABLE.
 **********
 **   43 **FIX           10
 **********
 **********
 **   44 **FIX           11
 **********
 **********
 **   45 **FIX           12
 **********
 PARAMETER   12  IS CONSTANT.   IGNORED.
 **********
 **   46 **FIX           13
 **********
 **********
 **   47 **FIX           14
 **********
 **********
 **   48 **FIX           15
 **********
 PARAMETER   15  IS CONSTANT.   IGNORED.
 **********
 **   49 **FIX           16
 **********
 **********
 **   50 **MIGRAD
 **********
 START MIGRAD MINIMIZATION.  STRATEGY  1.  CONVERGENCE WHEN EDM .LT. 1.00e-04
 FCN=67.6917 FROM MIGRAD    STATUS=INITIATE       22 CALLS        1669 TOTAL
                     EDM= unknown      STRATEGY= 1      NO ERROR MATRIX       
  EXT PARAMETER               CURRENT GUESS       STEP         FIRST   
  NO.   NAME      VALUE            ERROR          SIZE      DERIVATIVE 
   1  N0           2.88182e+06   3.29031e+02   3.29031e+02   3.57750e-03
   2  tau          6.44106e+01   constant   
   3  A0           3.51384e-01   1.50881e-04   1.50881e-04   1.04654e+04
   4  phi          4.11607e+00   4.31062e-04   4.31062e-04  -1.19691e+04
   5  R           -5.98157e+01   constant   
   6  alpha_CBO    4.88208e-03   1.60473e-04   1.60473e-04   3.19413e+03
   7  w_CBO        2.32500e+00   constant   
   8  beta_CBO    -1.94017e-03   1.57987e-04   6.25139e-07  -2.69666e-01
   9  alpha_2CBO  -1.50766e-04   1.55741e-04   6.17455e-07   9.89304e-01
  10  beta_2CBO    2.08612e-04     fixed    
  11  alpha_y      0.00000e+00     fixed    
  12  w_y          1.38860e+01   constant   
  13  beta_y      -5.81471e-04     fixed    
  14  alpha_vw     0.00000e+00     fixed    
  15  w_vw         1.43404e+01   constant   
  16  beta_vw      0.00000e+00     fixed    
  17  LM           1.60296e-04   constant   
  18  zeta_y       0.00000e+00   constant   
  19  zeta_vw      0.00000e+00   constant   
  20  T_CBO        9.99999e+02   7.38558e+02   3.33208e-02  -6.43711e-05
  21  alpha_A0     1.11082e-03   6.73906e-04   2.71470e-04   1.06087e-03
  22  beta_A0      8.54883e-04   6.74211e-04   2.69126e-04  -6.04366e-03
  23  alpha_phi    3.64526e-03   6.55798e-04   2.76138e-04  -5.99623e-03
  24  beta_phi    -5.04207e-04   6.54366e-04   2.58590e-04   1.52095e-02
 MIGRAD MINIMIZATION HAS CONVERGED.
 MIGRAD WILL VERIFY CONVERGENCE AND ERROR MATRIX.
 COVARIANCE MATRIX CALCULATED SUCCESSFULLY
 FCN=59.8658 FROM MIGRAD    STATUS=CONVERGED     241 CALLS        1888 TOTAL
                     EDM=5.38396e-06    STRATEGY= 1      ERROR MATRIX ACCURATE 
  EXT PARAMETER                                   STEP         FIRST   
  NO.   NAME      VALUE            ERROR          SIZE      DERIVATIVE 
   1  N0           2.88173e+06   3.34588e+02   1.37412e+00  -4.61890e-06
   2  tau          6.44106e+01   constant   
   3  A0           3.51230e-01   1.48975e-04   5.35116e-07  -5.58723e+00
   4  phi          4.11721e+00   4.39510e-04   1.96324e-06  -8.66043e-02
   5  R           -5.98157e+01   constant   
   6  alpha_CBO    4.87598e-03   1.60297e-04   5.82392e-07   1.34440e-01
   7  w_CBO        2.32500e+00   constant   
   8  beta_CBO    -2.04381e-03   1.62268e-04   5.88482e-07  -2.27844e+00
   9  alpha_2CBO  -1.19200e-04   1.56341e-04   5.81258e-07  -1.26175e+01
  10  beta_2CBO    2.08612e-04     fixed    
  11  alpha_y      0.00000e+00     fixed    
  12  w_y          1.38860e+01   constant   
  13  beta_y      -5.81471e-04     fixed    
  14  alpha_vw     0.00000e+00     fixed    
  15  w_vw         1.43404e+01   constant   
  16  beta_vw      0.00000e+00     fixed    
  17  LM           1.60296e-04   constant   
  18  zeta_y       0.00000e+00   constant   
  19  zeta_vw      0.00000e+00   constant   
  20  T_CBO        1.00000e+03   5.02159e+02   6.37487e-02** at limit **
  21  alpha_A0     1.37967e-03   6.95035e-04   2.56517e-04  -1.05908e-02
  22  beta_A0      8.61385e-04   6.89223e-04   2.53424e-04  -4.68905e-03
  23  alpha_phi    3.42701e-03   6.87636e-04   2.57758e-04  -6.48594e-03
  24  beta_phi    -7.61561e-04   6.63841e-04   2.43937e-04  -2.63725e-02
 EXTERNAL ERROR MATRIX.    NDIM=  25    NPAR= 11    ERR DEF=1
  1.119e+05 
  6.064e-03  2.219e-08 
  2.310e-02 -6.031e-09  1.932e-07 
 -1.905e-03 -5.300e-09  6.469e-10  2.570e-08 
  1.285e-03  2.132e-09 -1.504e-08  1.169e-10  2.633e-08 
 -5.475e-04 -1.484e-09  3.739e-09 -4.087e-10 -8.512e-10  2.444e-08 
 -5.738e-02 -2.766e-07  1.282e-06  1.669e-08 -7.415e-08  2.043e-08  4.072e+00 
  5.016e-03 -1.283e-08  4.086e-08  2.044e-08 -6.736e-09  2.610e-09  6.778e-05  4.839e-07 
 -4.512e-02 -6.469e-09 -1.826e-08 -1.493e-09  1.372e-08  1.376e-08  4.276e-05 -1.979e-08  4.758e-07 
 -4.706e-02  1.195e-08 -3.812e-08  7.329e-09  2.346e-09 -1.680e-08  1.683e-04 -6.840e-08  2.088e-09  4.737e-07 
  8.030e-03  1.261e-08 -3.075e-08 -4.572e-09  1.991e-08 -8.184e-09 -3.589e-05 -3.441e-08 -1.533e-09  7.055e-08  4.413e-07 
 PARAMETER  CORRELATION COEFFICIENTS  
       NO.  GLOBAL      1      3      4      6      8      9     20     21     22     23     24
        1  0.35232   1.000  0.122  0.157 -0.036  0.024 -0.010 -0.000  0.022 -0.195 -0.204  0.036
        3  0.33301   0.122  1.000 -0.092 -0.222  0.088 -0.064 -0.001 -0.124 -0.063  0.117  0.127
        4  0.31429   0.157 -0.092  1.000  0.009 -0.211  0.054  0.001  0.134 -0.060 -0.126 -0.105
        6  0.30062  -0.036 -0.222  0.009  1.000  0.004 -0.016  0.000  0.183 -0.014  0.066 -0.043
        8  0.30606   0.024  0.088 -0.211  0.004  1.000 -0.034 -0.000 -0.060  0.123  0.021  0.185
        9  0.21788  -0.010 -0.064  0.054 -0.016 -0.034  1.000  0.000  0.024  0.128 -0.156 -0.079
       20  0.15511  -0.000 -0.001  0.001  0.000 -0.000  0.000  1.000  0.048  0.031  0.121 -0.027
       21  0.28408   0.022 -0.124  0.134  0.183 -0.060  0.024  0.048  1.000 -0.041 -0.143 -0.074
       22  0.27688  -0.195 -0.063 -0.060 -0.014  0.123  0.128  0.031 -0.041  1.000  0.004 -0.003
       23  0.38406  -0.204  0.117 -0.126  0.066  0.021 -0.156  0.121 -0.143  0.004  1.000  0.154
       24  0.27628   0.036  0.127 -0.105 -0.043  0.185 -0.079 -0.027 -0.074 -0.003  0.154  1.000
MINUIT - FIT ONLY 1-y
 **********
 **   51 **RES 
 **********
                   PARAMETER   16  beta_vw RESTORED TO VARIABLE.
                   PARAMETER   14  alpha_vw RESTORED TO VARIABLE.
                   PARAMETER   13  beta_y RESTORED TO VARIABLE.
                   PARAMETER   11  alpha_y RESTORED TO VARIABLE.
                   PARAMETER   10  beta_2CBO RESTORED TO VARIABLE.
 **********
 **   52 **FIX            0
 **********
 PARAMETER    0  IS UNDEFINED. IGNORED.
 **********
 **   53 **FIX            1
 **********
 **********
 **   54 **FIX            2
 **********
 PARAMETER    2  IS CONSTANT.   IGNORED.
 **********
 **   55 **FIX            3
 **********
 **********
 **   56 **FIX            4
 **********
 **********
 **   57 **FIX            5
 **********
 PARAMETER    5  IS CONSTANT.   IGNORED.
 **********
 **   58 **FIX            6
 **********
 **********
 **   59 **FIX            7
 **********
 PARAMETER    7  IS CONSTANT.   IGNORED.
 **********
 **   60 **FIX            8
 **********
 **********
 **   61 **FIX            9
 **********
 **********
 **   62 **FIX           13
 **********
 **********
 **   63 **FIX           14
 **********
 **********
 **   64 **FIX           15
 **********
 PARAMETER   15  IS CONSTANT.   IGNORED.
 **********
 **   65 **FIX           16
 **********
 **********
 **   66 **MIGRAD
 **********
 START MIGRAD MINIMIZATION.  STRATEGY  1.  CONVERGENCE WHEN EDM .LT. 1.00e-04
 FCN=59.8658 FROM MIGRAD    STATUS=INITIATE       16 CALLS        1904 TOTAL
                     EDM= unknown      STRATEGY= 1      NO ERROR MATRIX       
  EXT PARAMETER               CURRENT GUESS       STEP         FIRST   
  NO.   NAME      VALUE            ERROR          SIZE      DERIVATIVE 
   1  N0           2.88173e+06     fixed    
   2  tau          6.44106e+01   constant   
   3  A0           3.51230e-01     fixed    
   4  phi          4.11721e+00     fixed    
   5  R           -5.98157e+01   constant   
   6  alpha_CBO    4.87598e-03     fixed    
   7  w_CBO        2.32500e+00   constant   
   8  beta_CBO    -2.04381e-03     fixed    
   9  alpha_2CBO  -1.19200e-04     fixed    
  10  beta_2CBO    2.08612e-04   1.48437e-04   1.48437e-04   2.24036e+03
  11  alpha_y      0.00000e+00   1.00000e-03   1.00000e-03  -2.06971e+03
  12  w_y          1.38860e+01   constant   
  13  beta_y      -5.81471e-04     fixed    
  14  alpha_vw     0.00000e+00     fixed    
  15  w_vw         1.43404e+01   constant   
  16  beta_vw      0.00000e+00     fixed    
  17  LM           1.60296e-04   constant   
  18  zeta_y       0.00000e+00   constant   
  19  zeta_vw      0.00000e+00   constant   
  20  T_CBO        1.00000e+03   5.02159e+02   6.37487e-02** at limit **
  21  alpha_A0     1.37967e-03   6.95035e-04   2.56517e-04  -1.05927e-02
  22  beta_A0      8.61385e-04   6.89223e-04   2.53424e-04  -4.69031e-03
  23  alpha_phi    3.42701e-03   6.87636e-04   2.57758e-04  -6.49101e-03
  24  beta_phi    -7.61561e-04   6.63841e-04   2.43937e-04  -2.63714e-02
 MIGRAD MINIMIZATION HAS CONVERGED.
 MIGRAD WILL VERIFY CONVERGENCE AND ERROR MATRIX.
 COVARIANCE MATRIX CALCULATED SUCCESSFULLY
 FCN=59.809 FROM MIGRAD    STATUS=CONVERGED     114 CALLS        2002 TOTAL
                     EDM=8.17795e-08    STRATEGY= 1      ERROR MATRIX ACCURATE 
  EXT PARAMETER                                   STEP         FIRST   
  NO.   NAME      VALUE            ERROR          SIZE      DERIVATIVE 
   1  N0           2.88173e+06     fixed    
   2  tau          6.44106e+01   constant   
   3  A0           3.51230e-01     fixed    
   4  phi          4.11721e+00     fixed    
   5  R           -5.98157e+01   constant   
   6  alpha_CBO    4.87598e-03     fixed    
   7  w_CBO        2.32500e+00   constant   
   8  beta_CBO    -2.04381e-03     fixed    
   9  alpha_2CBO  -1.19200e-04     fixed    
  10  beta_2CBO    1.80453e-04   1.58761e-04   5.89383e-07  -5.16438e-02
  11  alpha_y      2.43557e-05   1.53780e-04   5.85241e-07   2.21430e-01
  12  w_y          1.38860e+01   constant   
  13  beta_y      -5.81471e-04     fixed    
  14  alpha_vw     0.00000e+00     fixed    
  15  w_vw         1.43404e+01   constant   
  16  beta_vw      0.00000e+00     fixed    
  17  LM           1.60296e-04   constant   
  18  zeta_y       0.00000e+00   constant   
  19  zeta_vw      0.00000e+00   constant   
  20  T_CBO        1.00000e+03   5.10435e+02   4.80542e-02** at limit **
  21  alpha_A0     1.39711e-03   6.81309e-04   2.56458e-04   2.69087e-03
  22  beta_A0      8.63861e-04   6.63182e-04   2.53320e-04   2.75118e-03
  23  alpha_phi    3.42229e-03   6.51523e-04   2.57515e-04   4.93774e-03
  24  beta_phi    -7.45376e-04   6.54048e-04   2.43784e-04  -2.92075e-04
 EXTERNAL ERROR MATRIX.    NDIM=  25    NPAR=  7    ERR DEF=1
  2.521e-08  1.026e-10 -1.066e-11 -1.543e-08 -1.807e-09  3.773e-09 -1.684e-08 
  1.026e-10  2.365e-08 -3.072e-12 -1.077e-10  2.944e-10 -7.536e-10 -3.162e-09 
 -1.066e-11 -3.072e-12  1.753e-06  3.385e-08  2.125e-08  8.346e-08 -1.722e-08 
 -1.543e-08 -1.077e-10  3.385e-08  4.649e-07 -1.419e-08 -6.275e-08 -7.775e-09 
 -1.807e-09  2.944e-10  2.125e-08 -1.419e-08  4.405e-07 -6.322e-09 -1.983e-09 
  3.773e-09 -7.536e-10  8.346e-08 -6.275e-08 -6.322e-09  4.252e-07  5.737e-08 
 -1.684e-08 -3.162e-09 -1.722e-08 -7.775e-09 -1.983e-09  5.737e-08  4.284e-07 
 PARAMETER  CORRELATION COEFFICIENTS  
       NO.  GLOBAL     10     11     20     21     22     23     24
       10  0.22226   1.000  0.004 -0.000 -0.143 -0.017  0.036 -0.162
       11  0.03178   0.004  1.000 -0.000 -0.001  0.003 -0.008 -0.031
       20  0.11777  -0.000 -0.000  1.000  0.038  0.024  0.097 -0.020
       21  0.20789  -0.143 -0.001  0.038  1.000 -0.031 -0.141 -0.017
       22  0.05111  -0.017  0.003  0.024 -0.031  1.000 -0.015 -0.005
       23  0.22407   0.036 -0.008  0.097 -0.141 -0.015  1.000  0.134
       24  0.22008  -0.162 -0.031 -0.020 -0.017 -0.005  0.134  1.000
MINUIT - FIT ONLY 2-y
 **********
 **   67 **RES 
 **********
                   PARAMETER   16  beta_vw RESTORED TO VARIABLE.
                   PARAMETER   14  alpha_vw RESTORED TO VARIABLE.
                   PARAMETER   13  beta_y RESTORED TO VARIABLE.
                   PARAMETER    9  alpha_2CBO RESTORED TO VARIABLE.
                   PARAMETER    8  beta_CBO RESTORED TO VARIABLE.
                   PARAMETER    6  alpha_CBO RESTORED TO VARIABLE.
                   PARAMETER    4  phi RESTORED TO VARIABLE.
                   PARAMETER    3  A0 RESTORED TO VARIABLE.
                   PARAMETER    1  N0 RESTORED TO VARIABLE.
 **********
 **   68 **FIX            0
 **********
 PARAMETER    0  IS UNDEFINED. IGNORED.
 **********
 **   69 **FIX            1
 **********
 **********
 **   70 **FIX            2
 **********
 PARAMETER    2  IS CONSTANT.   IGNORED.
 **********
 **   71 **FIX            3
 **********
 **********
 **   72 **FIX            4
 **********
 **********
 **   73 **FIX            5
 **********
 PARAMETER    5  IS CONSTANT.   IGNORED.
 **********
 **   74 **FIX            6
 **********
 **********
 **   75 **FIX            7
 **********
 PARAMETER    7  IS CONSTANT.   IGNORED.
 **********
 **   76 **FIX            8
 **********
 **********
 **   77 **FIX            9
 **********
 **********
 **   78 **FIX           10
 **********
 **********
 **   79 **FIX           11
 **********
 **********
 **   80 **FIX           12
 **********
 PARAMETER   12  IS CONSTANT.   IGNORED.
 **********
 **   81 **FIX           16
 **********
 **********
 **   82 **MIGRAD
 **********
 START MIGRAD MINIMIZATION.  STRATEGY  1.  CONVERGENCE WHEN EDM .LT. 1.00e-04
 FCN=59.809 FROM MIGRAD    STATUS=INITIATE       16 CALLS        2018 TOTAL
                     EDM= unknown      STRATEGY= 1      NO ERROR MATRIX       
  EXT PARAMETER               CURRENT GUESS       STEP         FIRST   
  NO.   NAME      VALUE            ERROR          SIZE      DERIVATIVE 
   1  N0           2.88173e+06     fixed    
   2  tau          6.44106e+01   constant   
   3  A0           3.51230e-01     fixed    
   4  phi          4.11721e+00     fixed    
   5  R           -5.98157e+01   constant   
   6  alpha_CBO    4.87598e-03     fixed    
   7  w_CBO        2.32500e+00   constant   
   8  beta_CBO    -2.04381e-03     fixed    
   9  alpha_2CBO  -1.19200e-04     fixed    
  10  beta_2CBO    1.80453e-04     fixed    
  11  alpha_y      2.43557e-05     fixed    
  12  w_y          1.38860e+01   constant   
  13  beta_y      -5.81471e-04   1.52784e-04   1.52784e-04   1.82626e+03
  14  alpha_vw     0.00000e+00   1.00000e-03   1.00000e-03   2.29634e+04
  15  w_vw         1.43404e+01   constant   
  16  beta_vw      0.00000e+00     fixed    
  17  LM           1.60296e-04   constant   
  18  zeta_y       0.00000e+00   constant   
  19  zeta_vw      0.00000e+00   constant   
  20  T_CBO        9.99999e+02   5.10435e+02   4.80542e-02  -2.37360e-05
  21  alpha_A0     1.39711e-03   6.81309e-04   2.56458e-04   2.67913e-03
  22  beta_A0      8.63861e-04   6.63182e-04   2.53320e-04   2.74466e-03
  23  alpha_phi    3.42229e-03   6.51523e-04   2.57515e-04   4.91295e-03
  24  beta_phi    -7.45376e-04   6.54048e-04   2.43784e-04  -2.84583e-04
 MIGRAD MINIMIZATION HAS CONVERGED.
 MIGRAD WILL VERIFY CONVERGENCE AND ERROR MATRIX.
 COVARIANCE MATRIX CALCULATED SUCCESSFULLY
 FCN=56.6561 FROM MIGRAD    STATUS=CONVERGED     113 CALLS        2115 TOTAL
                     EDM=3.3842e-06    STRATEGY= 1      ERROR MATRIX ACCURATE 
  EXT PARAMETER                                   STEP         FIRST   
  NO.   NAME      VALUE            ERROR          SIZE      DERIVATIVE 
   1  N0           2.88173e+06     fixed    
   2  tau          6.44106e+01   constant   
   3  A0           3.51230e-01     fixed    
   4  phi          4.11721e+00     fixed    
   5  R           -5.98157e+01   constant   
   6  alpha_CBO    4.87598e-03     fixed    
   7  w_CBO        2.32500e+00   constant   
   8  beta_CBO    -2.04381e-03     fixed    
   9  alpha_2CBO  -1.19200e-04     fixed    
  10  beta_2CBO    1.80453e-04     fixed    
  11  alpha_y      2.43557e-05     fixed    
  12  w_y          1.38860e+01   constant   
  13  beta_y      -5.50821e-04   1.56494e-04   5.69637e-07  -6.13281e-01
  14  alpha_vw    -2.77122e-04   1.56512e-04   5.69874e-07  -7.04191e+00
  15  w_vw         1.43404e+01   constant   
  16  beta_vw      0.00000e+00     fixed    
  17  LM           1.60296e-04   constant   
  18  zeta_y       0.00000e+00   constant   
  19  zeta_vw      0.00000e+00   constant   
  20  T_CBO        1.00000e+03   5.00004e+02   4.60085e-02** at limit **
  21  alpha_A0     1.39515e-03   6.74414e-04   2.49744e-04  -1.87815e-03
  22  beta_A0      8.58822e-04   6.63078e-04   2.46659e-04  -1.32349e-02
  23  alpha_phi    3.42804e-03   6.50804e-04   2.50758e-04  -2.25679e-02
  24  beta_phi    -7.43838e-04   6.45097e-04   2.37380e-04  -2.11858e-02
 EXTERNAL ERROR MATRIX.    NDIM=  25    NPAR=  7    ERR DEF=1
  2.449e-08 -4.617e-09  4.267e-11 -1.990e-09 -8.019e-10  1.858e-09  6.160e-10 
 -4.617e-09  2.450e-08 -8.254e-11  3.292e-10  4.777e-10 -7.007e-10 -2.284e-10 
  4.267e-11 -8.254e-11  6.941e-03  1.990e-06  1.243e-06  4.922e-06 -1.013e-06 
 -1.990e-09  3.292e-10  1.990e-06  4.555e-07 -1.528e-08 -6.079e-08 -1.810e-08 
 -8.019e-10  4.777e-10  1.243e-06 -1.528e-08  4.403e-07 -6.239e-09 -3.145e-09 
  1.858e-09 -7.007e-10  4.922e-06 -6.079e-08 -6.239e-09  4.242e-07  5.994e-08 
  6.160e-10 -2.284e-10 -1.013e-06 -1.810e-08 -3.145e-09  5.994e-08  4.167e-07 
 PARAMETER  CORRELATION COEFFICIENTS  
       NO.  GLOBAL     13     14     20     21     22     23     24
       13  0.19008   1.000 -0.188  0.000 -0.019 -0.008  0.018  0.006
       14  0.18855  -0.188  1.000 -0.000  0.003  0.005 -0.007 -0.002
       20  0.11035   0.000 -0.000  1.000  0.035  0.022  0.091 -0.019
       21  0.15340  -0.019  0.003  0.035  1.000 -0.034 -0.138 -0.042
       22  0.04797  -0.008  0.005  0.022 -0.034  1.000 -0.014 -0.007
       23  0.21938   0.018 -0.007  0.091 -0.138 -0.014  1.000  0.143
       24  0.14765   0.006 -0.002 -0.019 -0.042 -0.007  0.143  1.000
MINUIT - FIT ALTOGETHER
 **********
 **   83 **RES 
