 + ++++++++++++++++++++++++++++++++++++++++++++++++++++++++++++++++++++ +
 +                                                                      +
 +           You have chose to blind your fitting according to          +
 +                omega_ref * (1 + (R +/- deltaR) *10^{-6})             +
 +                                                                      +
 + ++++++++++++++++++++++++++++++++++++++++++++++++++++++++++++++++++++ +
In main()...
reading format from /gm2data/zkhechad/run45/envelope/formats/formatB_sBin_constraintOn.txt
pBinTau 	= 0  
pBinPhi 	= 0  
constraintau 	= 1 
includeMopTerm 	= 0    
constrainMop    = 0   
Parameters after format file: pBinTau 0 pBinPhi 0 constraintau 1 includeMopTerm 0 constrainMop 0 c_e_scale 0.000000 
Opening file /gm2data/tbarrett/gm2fr/studies/run23_bunch_corrections/CorrectedFourier_Run3b.root.
reading full fit data from /gm2data/zkhechad/cboTemplates/Run4CBOTemplates/templateFits0_v2.0/noRF/sBin_constraintOn_cE0.0_seed0_noRF_calo13.root
windowBins = 69
fitting sliding window 1138 from bin 1274 at 189.931600 to bin 1343 at 200.375600 (69 bins)

Reading data from /gm2data/cornell/histograms/aMethod/histogram_a_noRF.root
 **********
 **    1 **SET PRINTOUT            1
 **********
 **********
 **    2 **SET NOWARNINGS 
 **********
 PARAMETER DEFINITIONS:
    NO.   NAME         VALUE      STEP SIZE      LIMITS
     1 N0           3.44933e+06  1.00000e+02     no limits
     2 tau          6.43680e+01  constant
     3 A0           3.52702e-01  1.00000e-04     no limits
     4 phi          4.13064e+00  1.00000e-02     no limits
     5 R           -6.08433e+01  constant
     6 alpha_CBO    0.00000e+00  1.00000e-03     no limits
     7 w_CBO        2.32500e+00  constant
     8 beta_CBO     0.00000e+00  1.00000e-03     no limits
     9 alpha_2CBO   0.00000e+00  1.00000e-03     no limits
    10 beta_2CBO    0.00000e+00  1.00000e-03     no limits
    11 alpha_y      0.00000e+00  1.00000e-03     no limits
    12 w_y          1.44500e+01  constant
    13 beta_y       0.00000e+00  1.00000e-03     no limits
    14 alpha_vw     0.00000e+00  1.00000e-03     no limits
    15 w_vw         1.29000e+01  constant
    16 beta_vw      0.00000e+00  1.00000e-03     no limits
    17 LM          -1.22211e-03  constant
    18 zeta_y       0.00000e+00  constant
    19 zeta_vw      0.00000e+00  constant
    20 T_CBO        1.00000e+02  1.00000e+00    0.00000e+00  1.00000e+03
    21 alpha_A0     0.00000e+00  1.00000e-03     no limits
    22 beta_A0      0.00000e+00  1.00000e-03     no limits
    23 alpha_phi    0.00000e+00  1.00000e-03     no limits
    24 beta_phi     0.00000e+00  1.00000e-03     no limits
MINUIT - FIT ONLY WIGGLE
 **********
 **    3 **FIX            5
 **********
 PARAMETER    5  IS CONSTANT.   IGNORED.
 **********
 **    4 **FIX            6
 **********
 **********
 **    5 **FIX            7
 **********
 PARAMETER    7  IS CONSTANT.   IGNORED.
 **********
 **    6 **FIX            8
 **********
 **********
 **    7 **FIX            9
 **********
 **********
 **    8 **FIX           10
 **********
 **********
 **    9 **FIX           11
 **********
 **********
 **   10 **FIX           12
 **********
 PARAMETER   12  IS CONSTANT.   IGNORED.
 **********
 **   11 **FIX           13
 **********
 **********
 **   12 **FIX           14
 **********
 **********
 **   13 **FIX           15
 **********
 PARAMETER   15  IS CONSTANT.   IGNORED.
 **********
 **   14 **FIX           16
 **********
 **********
 **   15 **MIGRAD
 **********
 FIRST CALL TO USER FUNCTION AT NEW START POINT, WITH IFLAG=4.
 START MIGRAD MINIMIZATION.  STRATEGY  1.  CONVERGENCE WHEN EDM .LT. 1.00e-04
 FCN=633.934 FROM MIGRAD    STATUS=INITIATE      437 CALLS         438 TOTAL
                     EDM= unknown      STRATEGY= 1      NO ERROR MATRIX       
  EXT PARAMETER               CURRENT GUESS       STEP         FIRST   
  NO.   NAME      VALUE            ERROR          SIZE      DERIVATIVE 
   1  N0           3.44933e+06   1.00000e+02   0.00000e+00  -1.83884e-03
   2  tau          6.43680e+01   constant   
   3  A0           3.52702e-01   1.00000e-04   0.00000e+00  -2.27347e+04
   4  phi          4.13064e+00   1.00000e-02   0.00000e+00  -4.90237e+03
   5  R           -6.08433e+01   constant   
   6  alpha_CBO    0.00000e+00     fixed    
   7  w_CBO        2.32500e+00   constant   
   8  beta_CBO     0.00000e+00     fixed    
   9  alpha_2CBO   0.00000e+00     fixed    
  10  beta_2CBO    0.00000e+00     fixed    
  11  alpha_y      0.00000e+00     fixed    
  12  w_y          1.44500e+01   constant   
  13  beta_y       0.00000e+00     fixed    
  14  alpha_vw     0.00000e+00     fixed    
  15  w_vw         1.29000e+01   constant   
  16  beta_vw      0.00000e+00     fixed    
  17  LM          -1.22211e-03   constant   
  18  zeta_y       0.00000e+00   constant   
  19  zeta_vw      0.00000e+00   constant   
  20  T_CBO        1.00000e+02   1.00000e+00   0.00000e+00   0.00000e+00
  21  alpha_A0     0.00000e+00   1.00000e-03   0.00000e+00   3.21774e+02
  22  beta_A0      0.00000e+00   1.00000e-03   0.00000e+00  -1.26041e+02
  23  alpha_phi    0.00000e+00   1.00000e-03   0.00000e+00  -9.35055e+02
  24  beta_phi     0.00000e+00   1.00000e-03   0.00000e+00   2.99318e+02
 CALL LIMIT EXCEEDED IN MIGRAD.
 MIGRAD TERMINATED WITHOUT CONVERGENCE.
 FCN=606.999 FROM MIGRAD    STATUS=CALL LIMIT   1324 CALLS        1325 TOTAL
                     EDM=0.0114392    STRATEGY= 1  ERROR MATRIX UNCERTAINTY   1.3 per cent
  EXT PARAMETER                APPROXIMATE        STEP         FIRST   
  NO.   NAME      VALUE            ERROR          SIZE      DERIVATIVE 
   1  N0           3.44989e+06   6.64540e+02  -1.57953e+01   7.23853e-05
   2  tau          6.43680e+01   constant   
   3  A0           3.53366e-01   2.52759e-04   2.92743e-06   1.50382e+01
   4  phi          4.13237e+00   7.87465e-04   1.72580e-05   1.80335e+01
   5  R           -6.08433e+01   constant   
   6  alpha_CBO    0.00000e+00     fixed    
   7  w_CBO        2.32500e+00   constant   
   8  beta_CBO     0.00000e+00     fixed    
   9  alpha_2CBO   0.00000e+00     fixed    
  10  beta_2CBO    0.00000e+00     fixed    
  11  alpha_y      0.00000e+00     fixed    
  12  w_y          1.44500e+01   constant   
  13  beta_y       0.00000e+00     fixed    
  14  alpha_vw     0.00000e+00     fixed    
  15  w_vw         1.29000e+01   constant   
  16  beta_vw      0.00000e+00     fixed    
  17  LM          -1.22211e-03   constant   
  18  zeta_y       0.00000e+00   constant   
  19  zeta_vw      0.00000e+00   constant   
  20  T_CBO        2.74131e+01   5.98289e+00  -5.28719e-03  -3.08901e+01
  21  alpha_A0    -1.51336e+00   1.89319e+00  -2.45060e-01  -2.08783e-02
  22  beta_A0      9.13278e-01   1.15213e+00   1.49144e-01   1.83644e-01
  23  alpha_phi    4.05464e+00   5.13362e+00   6.64288e-01  -3.63589e-01
  24  beta_phi    -1.41991e+00   1.79265e+00  -2.32110e-01  -1.85270e-01
 EXTERNAL ERROR MATRIX.    NDIM=  25    NPAR=  8    ERR DEF=1
  4.416e+05 -1.651e-02 -7.810e-03  2.446e+02  5.414e+01 -3.252e+01 -1.487e+02  5.307e+01 
 -1.651e-02  6.389e-08 -1.624e-09 -8.637e-05 -2.532e-05  1.531e-05  6.899e-05 -2.440e-05 
 -7.810e-03 -1.624e-09  6.201e-07 -2.000e-04 -1.041e-04  6.378e-05  2.825e-04 -9.862e-05 
  2.446e+02 -8.637e-05 -2.000e-04  3.581e+01  1.123e+01 -6.834e+00 -3.045e+01  1.063e+01 
  5.414e+01 -2.532e-05 -1.041e-04  1.123e+01  3.584e+00 -2.181e+00 -9.719e+00  3.394e+00 
 -3.252e+01  1.531e-05  6.378e-05 -6.834e+00 -2.181e+00  1.327e+00  5.914e+00 -2.065e+00 
 -1.487e+02  6.899e-05  2.825e-04 -3.045e+01 -9.719e+00  5.914e+00  2.635e+01 -9.203e+00 
  5.307e+01 -2.440e-05 -9.862e-05  1.063e+01  3.394e+00 -2.065e+00 -9.203e+00  3.214e+00 
ERR MATRIX APPROXIMATE
 PARAMETER  CORRELATION COEFFICIENTS  
       NO.  GLOBAL      1      3      4     20     21     22     23     24
        1  0.33389   1.000 -0.098 -0.015  0.062  0.043 -0.042 -0.044  0.045
        3  0.19807  -0.098  1.000 -0.008 -0.057 -0.053  0.053  0.053 -0.054
        4  0.23052  -0.015 -0.008  1.000 -0.042 -0.070  0.070  0.070 -0.070
       20  0.99193   0.062 -0.057 -0.042  1.000  0.991 -0.991 -0.991  0.991
       21  0.99999   0.043 -0.053 -0.070  0.991  1.000 -1.000 -1.000  1.000
       22  0.99998  -0.042  0.053  0.070 -0.991 -1.000  1.000  1.000 -1.000
       23  1.00000  -0.044  0.053  0.070 -0.991 -1.000  1.000  1.000 -1.000
       24  0.99999   0.045 -0.054 -0.070  0.991  1.000 -1.000 -1.000  1.000
 ERR MATRIX APPROXIMATE
MINUIT - FIT ONLY 1-CBO + wiggle
 **********
 **   16 **RES 
 **********
                   PARAMETER   16  beta_vw RESTORED TO VARIABLE.
                   PARAMETER   14  alpha_vw RESTORED TO VARIABLE.
                   PARAMETER   13  beta_y RESTORED TO VARIABLE.
                   PARAMETER   11  alpha_y RESTORED TO VARIABLE.
                   PARAMETER   10  beta_2CBO RESTORED TO VARIABLE.
                   PARAMETER    9  alpha_2CBO RESTORED TO VARIABLE.
                   PARAMETER    8  beta_CBO RESTORED TO VARIABLE.
                   PARAMETER    6  alpha_CBO RESTORED TO VARIABLE.
 **********
 **   17 **FIX            8
 **********
 **********
 **   18 **FIX            9
 **********
 **********
 **   19 **FIX           11
 **********
 **********
 **   20 **FIX           12
 **********
 PARAMETER   12  IS CONSTANT.   IGNORED.
 **********
 **   21 **FIX           14
 **********
 **********
 **   22 **FIX           15
 **********
 PARAMETER   15  IS CONSTANT.   IGNORED.
 **********
 **   23 **FIX           16
 **********
 **********
 **   24 **MIGRAD
 **********
 START MIGRAD MINIMIZATION.  STRATEGY  1.  CONVERGENCE WHEN EDM .LT. 1.00e-04
 FCN=606.999 FROM MIGRAD    STATUS=INITIATE       28 CALLS        1353 TOTAL
                     EDM= unknown      STRATEGY= 1      NO ERROR MATRIX       
  EXT PARAMETER               CURRENT GUESS       STEP         FIRST   
  NO.   NAME      VALUE            ERROR          SIZE      DERIVATIVE 
   1  N0           3.44989e+06   6.64540e+02  -1.57953e+01   7.23853e-05
   2  tau          6.43680e+01   constant   
   3  A0           3.53366e-01   2.52759e-04   2.92743e-06   1.50382e+01
   4  phi          4.13237e+00   7.87465e-04   1.72580e-05   1.80335e+01
   5  R           -6.08433e+01   constant   
   6  alpha_CBO    0.00000e+00   1.00000e-03   1.00000e-03  -6.03753e+04
   7  w_CBO        2.32500e+00   constant   
   8  beta_CBO     0.00000e+00     fixed    
   9  alpha_2CBO   0.00000e+00     fixed    
  10  beta_2CBO    0.00000e+00   1.00000e-03   1.00000e-03  -1.51830e+04
  11  alpha_y      0.00000e+00     fixed    
  12  w_y          1.44500e+01   constant   
  13  beta_y       0.00000e+00   1.00000e-03   1.00000e-03  -2.63785e+03
  14  alpha_vw     0.00000e+00     fixed    
  15  w_vw         1.29000e+01   constant   
  16  beta_vw      0.00000e+00     fixed    
  17  LM          -1.22211e-03   constant   
  18  zeta_y       0.00000e+00   constant   
  19  zeta_vw      0.00000e+00   constant   
  20  T_CBO        2.74131e+01   5.98289e+00  -5.28719e-03  -3.08900e+01
  21  alpha_A0    -1.51336e+00   1.89319e+00  -2.45060e-01  -2.08783e-02
  22  beta_A0      9.13278e-01   1.15213e+00   1.49144e-01   1.83644e-01
  23  alpha_phi    4.05464e+00   5.13362e+00   6.64288e-01  -3.63589e-01
  24  beta_phi    -1.41991e+00   1.79265e+00  -2.32110e-01  -1.85270e-01
 CALL LIMIT EXCEEDED IN MIGRAD.
 MIGRAD TERMINATED WITHOUT CONVERGENCE.
 FCN=532.372 FROM MIGRAD    STATUS=CALL LIMIT   1923 CALLS        3248 TOTAL
                     EDM=0.0263848    STRATEGY= 1  ERROR MATRIX UNCERTAINTY  25.5 per cent
  EXT PARAMETER                APPROXIMATE        STEP         FIRST   
  NO.   NAME      VALUE            ERROR          SIZE      DERIVATIVE 
   1  N0           3.45015e+06   6.29855e+02  -3.19553e+01  -1.88119e-05
   2  tau          6.43680e+01   constant   
   3  A0           3.53690e-01   2.46038e-04   1.06763e-05   1.37839e+02
   4  phi          4.13085e+00   7.60661e-04   2.22557e-05   3.73716e+01
   5  R           -6.08433e+01   constant   
   6  alpha_CBO    2.17967e-03   2.65289e-04  -4.90330e-06  -9.74690e+01
   7  w_CBO        2.32500e+00   constant   
   8  beta_CBO     0.00000e+00     fixed    
   9  alpha_2CBO   0.00000e+00     fixed    
  10  beta_2CBO    6.88878e-04   2.54341e-04  -7.28596e-06  -4.47112e+01
  11  alpha_y      0.00000e+00     fixed    
  12  w_y          1.44500e+01   constant   
  13  beta_y       5.08077e-05   2.56070e-04  -2.49808e-05  -3.41159e+02
  14  alpha_vw     0.00000e+00     fixed    
  15  w_vw         1.29000e+01   constant   
  16  beta_vw      0.00000e+00     fixed    
  17  LM          -1.22211e-03   constant   
  18  zeta_y       0.00000e+00   constant   
  19  zeta_vw      0.00000e+00   constant   
  20  T_CBO        1.07040e+01   8.60036e-01  -1.32134e-03  -1.17322e+02
  21  alpha_A0    -9.60687e+04   1.16076e+05  -1.65400e+04   4.35592e-06
  22  beta_A0     -5.20925e+04   6.29443e+04  -8.96917e+03   2.06479e-06
  23  alpha_phi    2.31564e+05   2.79803e+05   3.98702e+04  -2.54853e-06
  24  beta_phi    -7.67258e+04   9.27234e+04  -1.32125e+04  -1.78092e-06
 EXTERNAL ERROR MATRIX.    NDIM=  25    NPAR= 11    ERR DEF=1
  3.967e+05 
 -1.034e-02  6.053e-08 
 -2.703e-02 -5.028e-09  5.786e-07 
  8.867e-03  8.079e-09 -4.129e-08  7.038e-08 
  1.128e-02  2.204e-09 -6.927e-09  3.944e-09  6.469e-08 
 -2.556e-03 -1.528e-09 -1.611e-09 -7.970e-10 -8.230e-10  6.557e-08 
  5.710e+01 -1.984e-05 -3.097e-05  5.657e-06  1.303e-05  4.052e-05  7.397e-01 
  7.149e+06 -3.154e+00 -6.486e+00  1.425e+00  1.728e+00  6.321e+00  9.840e+04  1.347e+10 
  3.877e+06 -1.710e+00 -3.517e+00  7.726e-01  9.372e-01  3.428e+00  5.336e+04  7.306e+09  3.962e+09 
 -1.723e+07  7.603e+00  1.563e+01 -3.435e+00 -4.166e+00 -1.524e+01 -2.372e+05 -3.248e+10 -1.761e+10  7.829e+10 
  5.711e+06 -2.519e+00 -5.181e+00  1.138e+00  1.381e+00  5.049e+00  7.860e+04  1.076e+10  5.836e+09 -2.594e+10  8.598e+09 
ERR MATRIX APPROXIMATE
 PARAMETER  CORRELATION COEFFICIENTS  
       NO.  GLOBAL      1      3      4      6     10     13     20     21     22     23     24
        1  0.29192   1.000 -0.067 -0.056  0.053  0.070 -0.016  0.105  0.098  0.098 -0.098  0.098
        3  0.25423  -0.067  1.000 -0.027  0.124  0.035 -0.024 -0.094 -0.110 -0.110  0.110 -0.110
        4  0.28760  -0.056 -0.027  1.000 -0.205 -0.036 -0.008 -0.047 -0.073 -0.073  0.073 -0.073
        6  0.28354   0.053  0.124 -0.205  1.000  0.058 -0.012  0.025  0.046  0.046 -0.046  0.046
       10  0.16312   0.070  0.035 -0.036  0.058  1.000 -0.013  0.060  0.059  0.059 -0.059  0.059
       13  0.26814  -0.016 -0.024 -0.008 -0.012 -0.013  1.000  0.184  0.213  0.213 -0.213  0.213
       20  0.98686   0.105 -0.094 -0.047  0.025  0.060  0.184  1.000  0.986  0.986 -0.986  0.986
       21  1.00000   0.098 -0.110 -0.073  0.046  0.059  0.213  0.986  1.000  1.000 -1.000  1.000
       22  1.00000   0.098 -0.110 -0.073  0.046  0.059  0.213  0.986  1.000  1.000 -1.000  1.000
       23  1.00000  -0.098  0.110  0.073 -0.046 -0.059 -0.213 -0.986 -1.000 -1.000  1.000 -1.000
       24  1.00000   0.098 -0.110 -0.073  0.046  0.059  0.213  0.986  1.000  1.000 -1.000  1.000
 ERR MATRIX APPROXIMATE
MINUIT - FIT ONLY 2-CBO
 **********
 **   25 **RES 
 **********
                   PARAMETER   16  beta_vw RESTORED TO VARIABLE.
                   PARAMETER   14  alpha_vw RESTORED TO VARIABLE.
                   PARAMETER   11  alpha_y RESTORED TO VARIABLE.
                   PARAMETER    9  alpha_2CBO RESTORED TO VARIABLE.
                   PARAMETER    8  beta_CBO RESTORED TO VARIABLE.
 **********
 **   26 **FIX            0
 **********
 PARAMETER    0  IS UNDEFINED. IGNORED.
 **********
 **   27 **FIX            1
 **********
 **********
 **   28 **FIX            2
 **********
 PARAMETER    2  IS CONSTANT.   IGNORED.
 **********
 **   29 **FIX            3
 **********
 **********
 **   30 **FIX            4
 **********
 **********
 **   31 **FIX            5
 **********
 PARAMETER    5  IS CONSTANT.   IGNORED.
 **********
 **   32 **FIX            6
 **********
 **********
 **   33 **FIX            7
 **********
 PARAMETER    7  IS CONSTANT.   IGNORED.
 **********
 **   34 **FIX           10
 **********
 **********
 **   35 **FIX           11
 **********
 **********
 **   36 **FIX           12
 **********
 PARAMETER   12  IS CONSTANT.   IGNORED.
 **********
 **   37 **FIX           13
 **********
 **********
 **   38 **FIX           14
 **********
 **********
 **   39 **FIX           15
 **********
 PARAMETER   15  IS CONSTANT.   IGNORED.
 **********
 **   40 **FIX           16
 **********
 **********
 **   41 **MIGRAD
 **********
 START MIGRAD MINIMIZATION.  STRATEGY  1.  CONVERGENCE WHEN EDM .LT. 1.00e-04
 FCN=532.372 FROM MIGRAD    STATUS=INITIATE       18 CALLS        3266 TOTAL
                     EDM= unknown      STRATEGY= 1      NO ERROR MATRIX       
  EXT PARAMETER               CURRENT GUESS       STEP         FIRST   
  NO.   NAME      VALUE            ERROR          SIZE      DERIVATIVE 
   1  N0           3.45015e+06     fixed    
   2  tau          6.43680e+01   constant   
   3  A0           3.53690e-01     fixed    
   4  phi          4.13085e+00     fixed    
   5  R           -6.08433e+01   constant   
   6  alpha_CBO    2.17967e-03     fixed    
   7  w_CBO        2.32500e+00   constant   
   8  beta_CBO     0.00000e+00   1.00000e-03   1.00000e-03   1.58820e+05
   9  alpha_2CBO   0.00000e+00   1.00000e-03   1.00000e-03   8.13888e+03
  10  beta_2CBO    6.88878e-04     fixed    
  11  alpha_y      0.00000e+00     fixed    
  12  w_y          1.44500e+01   constant   
  13  beta_y       5.08077e-05     fixed    
  14  alpha_vw     0.00000e+00     fixed    
  15  w_vw         1.29000e+01   constant   
  16  beta_vw      0.00000e+00     fixed    
  17  LM          -1.22211e-03   constant   
  18  zeta_y       0.00000e+00   constant   
  19  zeta_vw      0.00000e+00   constant   
  20  T_CBO        1.07040e+01   8.60036e-01  -1.32134e-03  -1.17320e+02
  21  alpha_A0    -9.60687e+04   1.16076e+05  -1.65400e+04   4.35592e-06
  22  beta_A0     -5.20925e+04   6.29443e+04  -8.96917e+03   2.06479e-06
  23  alpha_phi    2.31564e+05   2.79803e+05   3.98702e+04  -2.54853e-06
  24  beta_phi    -7.67258e+04   9.27234e+04  -1.32125e+04  -1.78092e-06
 CALL LIMIT EXCEEDED IN MIGRAD.
 MIGRAD TERMINATED WITHOUT CONVERGENCE.
 FCN=85.2069 FROM MIGRAD    STATUS=CALL LIMIT   1155 CALLS        4403 TOTAL
                     EDM=0.0219071    STRATEGY= 1  ERROR MATRIX UNCERTAINTY  16.1 per cent
  EXT PARAMETER                APPROXIMATE        STEP         FIRST   
  NO.   NAME      VALUE            ERROR          SIZE      DERIVATIVE 
   1  N0           3.45015e+06     fixed    
   2  tau          6.43680e+01   constant   
   3  A0           3.53690e-01     fixed    
   4  phi          4.13085e+00     fixed    
   5  R           -6.08433e+01   constant   
   6  alpha_CBO    2.17967e-03     fixed    
   7  w_CBO        2.32500e+00   constant   
   8  beta_CBO    -5.61677e-03   2.58822e-04  -2.25592e-06   1.65411e+02
   9  alpha_2CBO  -1.33062e-06   2.56754e-04  -2.30457e-06   1.92850e+02
  10  beta_2CBO    6.88878e-04     fixed    
  11  alpha_y      0.00000e+00     fixed    
  12  w_y          1.44500e+01   constant   
  13  beta_y       5.08077e-05     fixed    
  14  alpha_vw     0.00000e+00     fixed    
  15  w_vw         1.29000e+01   constant   
  16  beta_vw      0.00000e+00     fixed    
  17  LM          -1.22211e-03   constant   
  18  zeta_y       0.00000e+00   constant   
  19  zeta_vw      0.00000e+00   constant   
  20  T_CBO        6.96553e+00   4.39080e-01  -5.16333e-04  -2.06088e+02
  21  alpha_A0    -4.76344e+08   7.16041e+08  -6.76311e+07  -9.75788e-12
  22  beta_A0      1.30709e+09   1.96768e+09   1.85849e+08   4.94025e-12
  23  alpha_phi    3.39186e+09   5.10531e+09   4.82202e+08  -2.24779e-10
  24  beta_phi     8.25318e+08   1.24107e+09   1.17221e+08  -2.37731e-13
 EXTERNAL ERROR MATRIX.    NDIM=  25    NPAR=  7    ERR DEF=1
  6.699e-08 -4.759e-09 -3.773e-06 -8.996e+03  2.472e+04  6.414e+04  1.559e+04 
 -4.759e-09  6.592e-08 -2.312e-06 -8.087e+03  2.222e+04  5.765e+04  1.401e+04 
 -3.773e-06 -2.312e-06  1.928e-01  3.124e+08 -8.585e+08 -2.227e+09 -5.415e+08 
 -8.996e+03 -8.087e+03  3.124e+08  5.127e+17 -1.409e+18 -3.656e+18 -8.887e+17 
  2.472e+04  2.222e+04 -8.585e+08 -1.409e+18  3.872e+18  1.005e+19  2.442e+18 
  6.414e+04  5.765e+04 -2.227e+09 -3.656e+18  1.005e+19  2.606e+19  6.336e+18 
  1.559e+04  1.401e+04 -5.415e+08 -8.887e+17  2.442e+18  6.336e+18  1.540e+18 
ERR MATRIX APPROXIMATE
 PARAMETER  CORRELATION COEFFICIENTS  
       NO.  GLOBAL      8      9     20     21     22     23     24
        8  0.20635   1.000 -0.072 -0.033 -0.049  0.049  0.049  0.049
        9  0.29421  -0.072  1.000 -0.021 -0.044  0.044  0.044  0.044
       20  0.99434  -0.033 -0.021  1.000  0.994 -0.994 -0.994 -0.994
       21  1.00000  -0.049 -0.044  0.994  1.000 -1.000 -1.000 -1.000
       22  1.00000   0.049  0.044 -0.994 -1.000  1.000  1.000  1.000
       23  1.00000   0.049  0.044 -0.994 -1.000  1.000  1.000  1.000
       24  1.00000   0.049  0.044 -0.994 -1.000  1.000  1.000  1.000
 ERR MATRIX APPROXIMATE
MINUIT - FIT wiggle + 1-CBO + 2-CBO
 **********
 **   42 **RES 
 **********
                   PARAMETER   16  beta_vw RESTORED TO VARIABLE.
                   PARAMETER   14  alpha_vw RESTORED TO VARIABLE.
                   PARAMETER   13  beta_y RESTORED TO VARIABLE.
                   PARAMETER   11  alpha_y RESTORED TO VARIABLE.
                   PARAMETER   10  beta_2CBO RESTORED TO VARIABLE.
                   PARAMETER    6  alpha_CBO RESTORED TO VARIABLE.
                   PARAMETER    4  phi RESTORED TO VARIABLE.
                   PARAMETER    3  A0 RESTORED TO VARIABLE.
                   PARAMETER    1  N0 RESTORED TO VARIABLE.
 **********
 **   43 **FIX           10
 **********
 **********
 **   44 **FIX           11
 **********
 **********
 **   45 **FIX           12
 **********
 PARAMETER   12  IS CONSTANT.   IGNORED.
 **********
 **   46 **FIX           13
 **********
 **********
 **   47 **FIX           14
 **********
 **********
 **   48 **FIX           15
 **********
 PARAMETER   15  IS CONSTANT.   IGNORED.
 **********
 **   49 **FIX           16
 **********
 **********
 **   50 **MIGRAD
 **********
 START MIGRAD MINIMIZATION.  STRATEGY  1.  CONVERGENCE WHEN EDM .LT. 1.00e-04
 FCN=85.2069 FROM MIGRAD    STATUS=INITIATE      108 CALLS        4511 TOTAL
                     EDM= unknown      STRATEGY= 1      NO ERROR MATRIX       
  EXT PARAMETER               CURRENT GUESS       STEP         FIRST   
  NO.   NAME      VALUE            ERROR          SIZE      DERIVATIVE 
   1  N0           3.45015e+06   6.29855e+02   0.00000e+00   4.52335e-03
   2  tau          6.43680e+01   constant   
   3  A0           3.53690e-01   2.46038e-04   0.00000e+00   2.55344e+04
   4  phi          4.13085e+00   7.60661e-04   0.00000e+00   6.33024e+03
   5  R           -6.08433e+01   constant   
   6  alpha_CBO    2.17967e-03   2.65289e-04   0.00000e+00   6.27406e+03
   7  w_CBO        2.32500e+00   constant   
   8  beta_CBO    -5.61677e-03   2.58822e-04   0.00000e+00   1.65616e+02
   9  alpha_2CBO  -1.33062e-06   2.56754e-04   0.00000e+00   1.93362e+02
  10  beta_2CBO    6.88878e-04     fixed    
  11  alpha_y      0.00000e+00     fixed    
  12  w_y          1.44500e+01   constant   
  13  beta_y       5.08077e-05     fixed    
  14  alpha_vw     0.00000e+00     fixed    
  15  w_vw         1.29000e+01   constant   
  16  beta_vw      0.00000e+00     fixed    
  17  LM          -1.22211e-03   constant   
  18  zeta_y       0.00000e+00   constant   
  19  zeta_vw      0.00000e+00   constant   
  20  T_CBO        6.96553e+00   4.39080e-01   0.00000e+00  -2.06147e+02
  21  alpha_A0    -4.75889e+08   7.16041e+08   0.00000e+00  -9.34307e-12
  22  beta_A0      1.30709e+09   1.96768e+09   0.00000e+00   4.90524e-12
  23  alpha_phi    3.39186e+09   5.10531e+09   0.00000e+00  -2.24805e-10
  24  beta_phi     8.25474e+08   1.24107e+09   1.56462e+05   8.12324e-16
 MIGRAD MINIMIZATION HAS CONVERGED.
 MIGRAD WILL VERIFY CONVERGENCE AND ERROR MATRIX.
 COVARIANCE MATRIX CALCULATED SUCCESSFULLY
 FCN=65.5293 FROM MIGRAD    STATUS=CONVERGED    1009 CALLS        5412 TOTAL
                     EDM=4.15218e-06    STRATEGY= 1      ERROR MATRIX ACCURATE 
  EXT PARAMETER                                   STEP         FIRST   
  NO.   NAME      VALUE            ERROR          SIZE      DERIVATIVE 
   1  N0           3.44937e+06   1.41421e+00   2.51469e+00   4.07849e-07
   2  tau          6.43680e+01   constant   
   3  A0           3.52809e-01   2.53691e-04   9.87927e-07  -3.59463e+00
   4  phi          4.12887e+00   8.04502e-04   3.03062e-06   4.02210e-01
   5  R           -6.08433e+01   constant   
   6  alpha_CBO    2.02499e-03   2.66873e-04   1.02254e-06  -2.52940e+00
   7  w_CBO        2.32500e+00   constant   
   8  beta_CBO    -5.88283e-03   2.70651e-04   1.05299e-06  -5.92113e-01
   9  alpha_2CBO   6.02372e-05   2.62191e-04   1.03849e-06  -4.75926e-01
  10  beta_2CBO    6.88878e-04     fixed    
  11  alpha_y      0.00000e+00     fixed    
  12  w_y          1.44500e+01   constant   
  13  beta_y       5.08077e-05     fixed    
  14  alpha_vw     0.00000e+00     fixed    
  15  w_vw         1.29000e+01   constant   
  16  beta_vw      0.00000e+00     fixed    
  17  LM          -1.22211e-03   constant   
  18  zeta_y       0.00000e+00   constant   
  19  zeta_vw      0.00000e+00   constant   
  20  T_CBO        7.06459e+00   1.15095e-01   5.30136e-06  -2.03312e+00
  21  alpha_A0    -5.99080e+08   1.41421e+00   2.85664e+02  -1.11047e-10
  22  beta_A0      1.05004e+08   1.41421e+00   5.00700e+01   1.12540e-11
  23  alpha_phi    1.65981e+09   1.41421e+00   7.91458e+02  -2.13339e-12
  24  beta_phi     8.62017e+08   1.41421e+00   4.11042e+02  -9.06844e-14
 EXTERNAL ERROR MATRIX.    NDIM=  25    NPAR= 11    ERR DEF=1
  2.000e+00 
 -7.174e-08  6.436e-08 
  5.672e-08 -6.655e-09  6.472e-07 
  1.467e-08  9.012e-09 -4.867e-08  7.122e-08 
  6.292e-08  1.039e-08  2.730e-08  1.708e-09  7.325e-08 
 -2.190e-08 -2.479e-09 -5.429e-09  3.690e-10 -5.475e-09  6.874e-08 
  1.003e-04 -2.215e-06  2.034e-05 -4.124e-06  1.663e-07  1.761e-06  1.325e-02 
 -1.218e-12  8.055e-14  9.146e-14 -5.919e-14 -6.988e-15 -7.808e-14  7.114e-11  2.000e+00 
  1.258e-12  2.481e-14  4.717e-13 -6.741e-14 -2.261e-14 -3.710e-14  6.943e-11  3.963e-15  2.000e+00 
 -7.536e-13  9.948e-14  2.845e-14 -2.854e-14  3.580e-14  1.950e-14 -2.340e-10 -1.314e-17  3.130e-17  2.000e+00 
  5.241e-13 -1.339e-13 -1.968e-14  1.806e-14 -6.941e-14 -8.571e-14 -1.021e-10  3.691e-18  2.702e-16 -3.650e-19  2.000e+00 
 PARAMETER  CORRELATION COEFFICIENTS  
       NO.  GLOBAL      1      3      4      6      8      9     20     21     22     23     24
        1  0.00069   1.000 -0.000  0.000  0.000  0.000 -0.000  0.001 -0.000  0.000 -0.000  0.000
        3  0.20962  -0.000  1.000 -0.033  0.133  0.151 -0.037 -0.076  0.000  0.000  0.000 -0.000
        4  0.32458   0.000 -0.033  1.000 -0.227  0.125 -0.026  0.220  0.000  0.000  0.000 -0.000
        6  0.27285   0.000  0.133 -0.227  1.000  0.024  0.005 -0.134 -0.000 -0.000 -0.000  0.000
        8  0.21383   0.000  0.151  0.125  0.024  1.000 -0.077  0.005 -0.000 -0.000  0.000 -0.000
        9  0.10463  -0.000 -0.037 -0.026  0.005 -0.077  1.000  0.058 -0.000 -0.000  0.000 -0.000
       20  0.25100   0.001 -0.076  0.220 -0.134  0.005  0.058  1.000  0.000  0.000 -0.000 -0.000
       21  0.00000  -0.000  0.000  0.000 -0.000 -0.000 -0.000  0.000  1.000  0.000 -0.000  0.000
       22  0.00000   0.000  0.000  0.000 -0.000 -0.000 -0.000  0.000  0.000  1.000  0.000  0.000
       23  0.00000  -0.000  0.000  0.000 -0.000  0.000  0.000 -0.000 -0.000  0.000  1.000 -0.000
       24  0.00000   0.000 -0.000 -0.000  0.000 -0.000 -0.000 -0.000  0.000  0.000 -0.000  1.000
MINUIT - FIT ONLY 1-y
 **********
 **   51 **RES 
 **********
                   PARAMETER   16  beta_vw RESTORED TO VARIABLE.
                   PARAMETER   14  alpha_vw RESTORED TO VARIABLE.
                   PARAMETER   13  beta_y RESTORED TO VARIABLE.
                   PARAMETER   11  alpha_y RESTORED TO VARIABLE.
                   PARAMETER   10  beta_2CBO RESTORED TO VARIABLE.
 **********
 **   52 **FIX            0
 **********
 PARAMETER    0  IS UNDEFINED. IGNORED.
 **********
 **   53 **FIX            1
 **********
 **********
 **   54 **FIX            2
 **********
 PARAMETER    2  IS CONSTANT.   IGNORED.
 **********
 **   55 **FIX            3
 **********
 **********
 **   56 **FIX            4
 **********
 **********
 **   57 **FIX            5
 **********
 PARAMETER    5  IS CONSTANT.   IGNORED.
 **********
 **   58 **FIX            6
 **********
 **********
 **   59 **FIX            7
 **********
 PARAMETER    7  IS CONSTANT.   IGNORED.
 **********
 **   60 **FIX            8
 **********
 **********
 **   61 **FIX            9
 **********
 **********
 **   62 **FIX           13
 **********
 **********
 **   63 **FIX           14
 **********
 **********
 **   64 **FIX           15
 **********
 PARAMETER   15  IS CONSTANT.   IGNORED.
 **********
 **   65 **FIX           16
 **********
 **********
 **   66 **MIGRAD
 **********
 START MIGRAD MINIMIZATION.  STRATEGY  1.  CONVERGENCE WHEN EDM .LT. 1.00e-04
 FCN=65.529 FROM MIGRAD    STATUS=INITIATE      245 CALLS        5657 TOTAL
                     EDM= unknown      STRATEGY= 1      NO ERROR MATRIX       
  EXT PARAMETER               CURRENT GUESS       STEP         FIRST   
  NO.   NAME      VALUE            ERROR          SIZE      DERIVATIVE 
   1  N0           3.44937e+06     fixed    
   2  tau          6.43680e+01   constant   
   3  A0           3.52809e-01     fixed    
   4  phi          4.12887e+00     fixed    
   5  R           -6.08433e+01   constant   
   6  alpha_CBO    2.02499e-03     fixed    
   7  w_CBO        2.32500e+00   constant   
   8  beta_CBO    -5.88283e-03     fixed    
   9  alpha_2CBO   6.02372e-05     fixed    
  10  beta_2CBO    6.88878e-04   2.54341e-04   0.00000e+00   1.23598e+04
  11  alpha_y      0.00000e+00   1.00000e-03   0.00000e+00   8.34259e+03
  12  w_y          1.44500e+01   constant   
  13  beta_y       5.08077e-05     fixed    
  14  alpha_vw     0.00000e+00     fixed    
  15  w_vw         1.29000e+01   constant   
  16  beta_vw      0.00000e+00     fixed    
  17  LM          -1.22211e-03   constant   
  18  zeta_y       0.00000e+00   constant   
  19  zeta_vw      0.00000e+00   constant   
  20  T_CBO        7.06459e+00   1.15095e-01   0.00000e+00  -2.12278e+00
  21  alpha_A0    -5.96514e+08   1.41421e+00   0.00000e+00  -1.04548e-10
  22  beta_A0      1.05004e+08   1.41421e+00   0.00000e+00   1.10030e-11
  23  alpha_phi    1.66056e+09   1.41421e+00   0.00000e+00  -2.29723e-15
  24  beta_phi     8.62026e+08   1.41421e+00   8.57923e+03  -2.59293e-16
 MIGRAD MINIMIZATION HAS CONVERGED.
 MIGRAD WILL VERIFY CONVERGENCE AND ERROR MATRIX.
 COVARIANCE MATRIX CALCULATED SUCCESSFULLY
 FCN=61.5333 FROM MIGRAD    STATUS=CONVERGED     649 CALLS        6061 TOTAL
                     EDM=9.69999e-07    STRATEGY= 1      ERROR MATRIX ACCURATE 
  EXT PARAMETER                                   STEP         FIRST   
  NO.   NAME      VALUE            ERROR          SIZE      DERIVATIVE 
   1  N0           3.44937e+06     fixed    
   2  tau          6.43680e+01   constant   
   3  A0           3.52809e-01     fixed    
   4  phi          4.12887e+00     fixed    
   5  R           -6.08433e+01   constant   
   6  alpha_CBO    2.02499e-03     fixed    
   7  w_CBO        2.32500e+00   constant   
   8  beta_CBO    -5.88283e-03     fixed    
   9  alpha_2CBO   6.02372e-05     fixed    
  10  beta_2CBO    2.37978e-04   2.60607e-04   1.00477e-06   1.27167e+00
  11  alpha_y     -2.79993e-04   2.59851e-04   1.00333e-06  -4.88195e+00
  12  w_y          1.44500e+01   constant   
  13  beta_y       5.08077e-05     fixed    
  14  alpha_vw     0.00000e+00     fixed    
  15  w_vw         1.29000e+01   constant   
  16  beta_vw      0.00000e+00     fixed    
  17  LM          -1.22211e-03   constant   
  18  zeta_y       0.00000e+00   constant   
  19  zeta_vw      0.00000e+00   constant   
  20  T_CBO        7.33208e+00   1.27033e-01   5.74455e-06  -3.28546e-01
  21  alpha_A0    -2.63820e+08   1.41421e+00   1.25799e+02  -4.98105e-11
  22  beta_A0      1.56497e+08   1.41421e+00   7.46237e+01   3.61749e-10
  23  alpha_phi    5.58791e+08   1.41421e+00   2.66452e+02  -9.67845e-13
  24  beta_phi     2.65979e+08   1.41421e+00   1.26829e+02   4.84248e-12
 EXTERNAL ERROR MATRIX.    NDIM=  25    NPAR=  7    ERR DEF=1
  6.792e-08  3.579e-10  1.794e-06  1.838e-13 -3.197e-13  8.413e-14  1.895e-13 
  3.579e-10  6.752e-08  9.473e-08 -7.514e-15  4.895e-14  1.263e-15 -3.712e-14 
  1.794e-06  9.473e-08  1.614e-02  2.748e-10 -2.290e-10 -6.988e-10 -2.555e-10 
  1.838e-13 -7.514e-15  2.748e-10  2.000e+00 -1.709e-14  2.831e-16  5.332e-16 
 -3.197e-13  4.895e-14 -2.290e-10 -1.709e-14  2.000e+00  4.423e-16  5.342e-16 
  8.413e-14  1.263e-15 -6.988e-10  2.831e-16  4.423e-16  2.000e+00  8.896e-17 
  1.895e-13 -3.712e-14 -2.555e-10  5.332e-16  5.342e-16  8.896e-17  2.000e+00 
 PARAMETER  CORRELATION COEFFICIENTS  
       NO.  GLOBAL     10     11     20     21     22     23     24
       10  0.05443   1.000  0.005  0.054  0.000 -0.000  0.000  0.000
       11  0.00588   0.005  1.000  0.003 -0.000  0.000  0.000 -0.000
       20  0.05425   0.054  0.003  1.000  0.000 -0.000 -0.000 -0.000
       21  0.00000   0.000 -0.000  0.000  1.000 -0.000  0.000  0.000
       22  0.00000  -0.000  0.000 -0.000 -0.000  1.000  0.000  0.000
       23  0.00000   0.000  0.000 -0.000  0.000  0.000  1.000  0.000
       24  0.00000   0.000 -0.000 -0.000  0.000  0.000  0.000  1.000
MINUIT - FIT ONLY 2-y
 **********
 **   67 **RES 
 **********
                   PARAMETER   16  beta_vw RESTORED TO VARIABLE.
                   PARAMETER   14  alpha_vw RESTORED TO VARIABLE.
                   PARAMETER   13  beta_y RESTORED TO VARIABLE.
                   PARAMETER    9  alpha_2CBO RESTORED TO VARIABLE.
                   PARAMETER    8  beta_CBO RESTORED TO VARIABLE.
                   PARAMETER    6  alpha_CBO RESTORED TO VARIABLE.
                   PARAMETER    4  phi RESTORED TO VARIABLE.
                   PARAMETER    3  A0 RESTORED TO VARIABLE.
                   PARAMETER    1  N0 RESTORED TO VARIABLE.
 **********
 **   68 **FIX            0
 **********
 PARAMETER    0  IS UNDEFINED. IGNORED.
 **********
 **   69 **FIX            1
 **********
 **********
 **   70 **FIX            2
 **********
 PARAMETER    2  IS CONSTANT.   IGNORED.
 **********
 **   71 **FIX            3
 **********
 **********
 **   72 **FIX            4
 **********
 **********
 **   73 **FIX            5
 **********
 PARAMETER    5  IS CONSTANT.   IGNORED.
 **********
 **   74 **FIX            6
 **********
 **********
 **   75 **FIX            7
 **********
 PARAMETER    7  IS CONSTANT.   IGNORED.
 **********
 **   76 **FIX            8
 **********
 **********
 **   77 **FIX            9
 **********
 **********
 **   78 **FIX           10
 **********
 **********
 **   79 **FIX           11
 **********
 **********
 **   80 **FIX           12
 **********
 PARAMETER   12  IS CONSTANT.   IGNORED.
 **********
 **   81 **FIX           16
 **********
 **********
 **   82 **MIGRAD
 **********
 START MIGRAD MINIMIZATION.  STRATEGY  1.  CONVERGENCE WHEN EDM .LT. 1.00e-04
 FCN=61.5333 FROM MIGRAD    STATUS=INITIATE       37 CALLS        6098 TOTAL
                     EDM= unknown      STRATEGY= 1      NO ERROR MATRIX       
  EXT PARAMETER               CURRENT GUESS       STEP         FIRST   
  NO.   NAME      VALUE            ERROR          SIZE      DERIVATIVE 
   1  N0           3.44937e+06     fixed    
   2  tau          6.43680e+01   constant   
   3  A0           3.52809e-01     fixed    
   4  phi          4.12887e+00     fixed    
   5  R           -6.08433e+01   constant   
   6  alpha_CBO    2.02499e-03     fixed    
   7  w_CBO        2.32500e+00   constant   
   8  beta_CBO    -5.88283e-03     fixed    
   9  alpha_2CBO   6.02372e-05     fixed    
  10  beta_2CBO    2.37978e-04     fixed    
  11  alpha_y     -2.79993e-04     fixed    
  12  w_y          1.44500e+01   constant   
  13  beta_y       5.08077e-05   2.56070e-04   0.00000e+00  -3.39544e+03
  14  alpha_vw     0.00000e+00   1.00000e-03   0.00000e+00  -6.43424e+02
  15  w_vw         1.29000e+01   constant   
  16  beta_vw      0.00000e+00     fixed    
  17  LM          -1.22211e-03   constant   
  18  zeta_y       0.00000e+00   constant   
  19  zeta_vw      0.00000e+00   constant   
  20  T_CBO        7.33208e+00   1.27033e-01   0.00000e+00  -5.09120e-01
  21  alpha_A0    -2.63694e+08   1.41421e+00   1.25799e+05  -4.80118e-11
  22  beta_A0      1.56497e+08   1.41421e+00   0.00000e+00   3.61540e-10
  23  alpha_phi    5.58791e+08   1.41421e+00   0.00000e+00  -1.01016e-12
  24  beta_phi     2.65979e+08   1.41421e+00   0.00000e+00   4.90864e-12
 CALL LIMIT EXCEEDED IN MIGRAD.
 MIGRAD TERMINATED WITHOUT CONVERGENCE.
 FCN=61.0043 FROM MIGRAD    STATUS=CALL LIMIT   1146 CALLS        7207 TOTAL
                     EDM=0.00654924    STRATEGY= 1  ERROR MATRIX UNCERTAINTY  51.9 per cent
  EXT PARAMETER                APPROXIMATE        STEP         FIRST   
  NO.   NAME      VALUE            ERROR          SIZE      DERIVATIVE 
   1  N0           3.44937e+06     fixed    
   2  tau          6.43680e+01   constant   
   3  A0           3.52809e-01     fixed    
   4  phi          4.12887e+00     fixed    
   5  R           -6.08433e+01   constant   
   6  alpha_CBO    2.02499e-03     fixed    
   7  w_CBO        2.32500e+00   constant   
   8  beta_CBO    -5.88283e-03     fixed    
   9  alpha_2CBO   6.02372e-05     fixed    
  10  beta_2CBO    2.37978e-04     fixed    
  11  alpha_y     -2.79993e-04     fixed    
  12  w_y          1.44500e+01   constant   
  13  beta_y       1.65982e-04   2.64164e-04   2.22789e-08   1.16757e+00
  14  alpha_vw     3.74056e-06   2.62043e-04  -9.15270e-09  -1.04550e+00
  15  w_vw         1.29000e+01   constant   
  16  beta_vw      0.00000e+00     fixed    
  17  LM          -1.22211e-03   constant   
  18  zeta_y       0.00000e+00   constant   
  19  zeta_vw      0.00000e+00   constant   
  20  T_CBO        8.88444e+00   4.94912e-01  -2.83741e-05  -2.71014e+01
  21  alpha_A0    -2.89171e+06   5.81533e+06  -9.65044e+04   1.27814e-08
  22  beta_A0      1.40138e+06   3.71478e+06  -1.10078e+04   3.44917e-09
  23  alpha_phi    5.73951e+06   7.18380e+06   1.72327e+05   2.05781e-09
  24  beta_phi     2.74177e+06   5.48963e+06  -7.62915e+03  -9.90569e-09
 EXTERNAL ERROR MATRIX.    NDIM=  25    NPAR=  7    ERR DEF=1
  6.978e-08 -1.077e-08  1.357e-07 -1.032e+01 -7.479e-01 -6.003e-01 -7.239e+00 
 -1.077e-08  6.867e-08 -2.004e-07 -2.638e+00  9.367e+00  4.863e-02 -2.927e+00 
  1.357e-07 -2.004e-07  2.449e-01  2.467e+06 -6.344e+05 -3.223e+06 -2.250e+06 
 -1.032e+01 -2.638e+00  2.467e+06  3.382e+13 -6.511e+12 -3.251e+13 -2.168e+13 
 -7.479e-01  9.367e+00 -6.344e+05 -6.511e+12  1.380e+13  8.269e+12  6.752e+12 
 -6.003e-01  4.863e-02 -3.223e+06 -3.251e+13  8.269e+12  5.161e+13  3.043e+13 
 -7.239e+00 -2.927e+00 -2.250e+06 -2.168e+13  6.752e+12  3.043e+13  3.014e+13 
ERR MATRIX APPROXIMATE
 PARAMETER  CORRELATION COEFFICIENTS  
       NO.  GLOBAL     13     14     20     21     22     23     24
       13  0.15642   1.000 -0.156  0.001 -0.007 -0.001 -0.000 -0.005
       14  0.15608  -0.156  1.000 -0.002 -0.002  0.010  0.000 -0.002
       20  0.95152   0.001 -0.002  1.000  0.857 -0.345 -0.906 -0.828
       21  0.85901  -0.007 -0.002  0.857  1.000 -0.301 -0.778 -0.679
       22  0.35539  -0.001  0.010 -0.345 -0.301  1.000  0.310  0.331
       23  0.90727  -0.000  0.000 -0.906 -0.778  0.310  1.000  0.772
