 + ++++++++++++++++++++++++++++++++++++++++++++++++++++++++++++++++++++ +
 +                                                                      +
 +           You have chose to blind your fitting according to          +
 +                omega_ref * (1 + (R +/- deltaR) *10^{-6})             +
 +                                                                      +
 + ++++++++++++++++++++++++++++++++++++++++++++++++++++++++++++++++++++ +
In main()...
reading format from /gm2data/zkhechad/run45/envelope/formats/formatB_sBin_constraintOn.txt
pBinTau 	= 0  
pBinPhi 	= 0  
constraintau 	= 1 
includeMopTerm 	= 0    
constrainMop    = 0   
Parameters after format file: pBinTau 0 pBinPhi 0 constraintau 1 includeMopTerm 0 constrainMop 0 c_e_scale 0.000000 
Opening file /gm2data/tbarrett/gm2fr/studies/run23_bunch_corrections/CorrectedFourier_Run3b.root.
reading full fit data from /gm2data/zkhechad/cboTemplates/Run4CBOTemplates/fullFits/noRF/sBin_constraintOn_cE0.0_seed0_noRF_calo11.root
windowBins = 69
fitting sliding window 630 from bin 766 at 114.138000 to bin 835 at 124.582000 (69 bins)

Reading data from /gm2data/cornell/histograms/aMethod/histogram_a_noRF.root
 **********
 **    1 **SET PRINTOUT            1
 **********
 **********
 **    2 **SET NOWARNINGS 
 **********
 PARAMETER DEFINITIONS:
    NO.   NAME         VALUE      STEP SIZE      LIMITS
     1 N0           3.16093e+06  1.00000e+02     no limits
     2 tau          6.43989e+01  constant
     3 A0           3.42733e-01  1.00000e-04     no limits
     4 phi          4.11801e+00  1.00000e-02     no limits
     5 R           -6.14725e+01  constant
     6 alpha_CBO    0.00000e+00  1.00000e-03     no limits
     7 w_CBO        2.32500e+00  constant
     8 beta_CBO     0.00000e+00  1.00000e-03     no limits
     9 alpha_2CBO   0.00000e+00  1.00000e-03     no limits
    10 beta_2CBO    0.00000e+00  1.00000e-03     no limits
    11 alpha_y      0.00000e+00  1.00000e-03     no limits
    12 w_y          1.38860e+01  constant
    13 beta_y       0.00000e+00  1.00000e-03     no limits
    14 alpha_vw     0.00000e+00  1.00000e-03     no limits
    15 w_vw         1.43404e+01  constant
    16 beta_vw      0.00000e+00  1.00000e-03     no limits
    17 LM          -2.06090e-04  constant
    18 zeta_y       0.00000e+00  constant
    19 zeta_vw      0.00000e+00  constant
    20 T_CBO        1.00000e+02  1.00000e+00    0.00000e+00  1.00000e+03
    21 alpha_A0     0.00000e+00  1.00000e-03     no limits
    22 beta_A0      0.00000e+00  1.00000e-03     no limits
    23 alpha_phi    0.00000e+00  1.00000e-03     no limits
    24 beta_phi     0.00000e+00  1.00000e-03     no limits
MINUIT - FIT ONLY WIGGLE
 **********
 **    3 **FIX            5
 **********
 PARAMETER    5  IS CONSTANT.   IGNORED.
 **********
 **    4 **FIX            6
 **********
 **********
 **    5 **FIX            7
 **********
 PARAMETER    7  IS CONSTANT.   IGNORED.
 **********
 **    6 **FIX            8
 **********
 **********
 **    7 **FIX            9
 **********
 **********
 **    8 **FIX           10
 **********
 **********
 **    9 **FIX           11
 **********
 **********
 **   10 **FIX           12
 **********
 PARAMETER   12  IS CONSTANT.   IGNORED.
 **********
 **   11 **FIX           13
 **********
 **********
 **   12 **FIX           14
 **********
 **********
 **   13 **FIX           15
 **********
 PARAMETER   15  IS CONSTANT.   IGNORED.
 **********
 **   14 **FIX           16
 **********
 **********
 **   15 **MIGRAD
 **********
 FIRST CALL TO USER FUNCTION AT NEW START POINT, WITH IFLAG=4.
 START MIGRAD MINIMIZATION.  STRATEGY  1.  CONVERGENCE WHEN EDM .LT. 1.00e-04
 FCN=1235.06 FROM MIGRAD    STATUS=INITIATE      435 CALLS         436 TOTAL
                     EDM= unknown      STRATEGY= 1      NO ERROR MATRIX       
  EXT PARAMETER               CURRENT GUESS       STEP         FIRST   
  NO.   NAME      VALUE            ERROR          SIZE      DERIVATIVE 
   1  N0           3.16093e+06   1.00000e+02   0.00000e+00  -1.66771e-02
   2  tau          6.43989e+01   constant   
   3  A0           3.42733e-01   1.00000e-04   0.00000e+00  -7.67433e+04
   4  phi          4.11801e+00   1.00000e-02   0.00000e+00  -7.92185e+03
   5  R           -6.14725e+01   constant   
   6  alpha_CBO    0.00000e+00     fixed    
   7  w_CBO        2.32500e+00   constant   
   8  beta_CBO     0.00000e+00     fixed    
   9  alpha_2CBO   0.00000e+00     fixed    
  10  beta_2CBO    0.00000e+00     fixed    
  11  alpha_y      0.00000e+00     fixed    
  12  w_y          1.38860e+01   constant   
  13  beta_y       0.00000e+00     fixed    
  14  alpha_vw     0.00000e+00     fixed    
  15  w_vw         1.43404e+01   constant   
  16  beta_vw      0.00000e+00     fixed    
  17  LM          -2.06090e-04   constant   
  18  zeta_y       0.00000e+00   constant   
  19  zeta_vw      0.00000e+00   constant   
  20  T_CBO        1.00000e+02   1.00000e+00   0.00000e+00   0.00000e+00
  21  alpha_A0     0.00000e+00   1.00000e-03   0.00000e+00   4.47959e+03
  22  beta_A0      0.00000e+00   1.00000e-03   0.00000e+00  -2.29714e+03
  23  alpha_phi    0.00000e+00   1.00000e-03   0.00000e+00  -2.31004e+03
  24  beta_phi     0.00000e+00   1.00000e-03   0.00000e+00  -2.61775e+03
 CALL LIMIT EXCEEDED IN MIGRAD.
 MIGRAD TERMINATED WITHOUT CONVERGENCE.
 FCN=1148.68 FROM MIGRAD    STATUS=CALL LIMIT   1325 CALLS        1326 TOTAL
                     EDM=0.0113453    STRATEGY= 1  ERROR MATRIX UNCERTAINTY   7.1 per cent
  EXT PARAMETER                APPROXIMATE        STEP         FIRST   
  NO.   NAME      VALUE            ERROR          SIZE      DERIVATIVE 
   1  N0           3.16192e+06   3.50390e+02  -1.77132e+01  -1.89690e-04
   2  tau          6.43989e+01   constant   
   3  A0           3.43587e-01   1.37915e-04   2.25697e-06   3.62521e+02
   4  phi          4.11812e+00   4.42220e-04  -2.06376e-05  -1.32053e+02
   5  R           -6.14725e+01   constant   
   6  alpha_CBO    0.00000e+00     fixed    
   7  w_CBO        2.32500e+00   constant   
   8  beta_CBO     0.00000e+00     fixed    
   9  alpha_2CBO   0.00000e+00     fixed    
  10  beta_2CBO    0.00000e+00     fixed    
  11  alpha_y      0.00000e+00     fixed    
  12  w_y          1.38860e+01   constant   
  13  beta_y       0.00000e+00     fixed    
  14  alpha_vw     0.00000e+00     fixed    
  15  w_vw         1.43404e+01   constant   
  16  beta_vw      0.00000e+00     fixed    
  17  LM          -2.06090e-04   constant   
  18  zeta_y       0.00000e+00   constant   
  19  zeta_vw      0.00000e+00   constant   
  20  T_CBO        2.74859e+01   4.26837e+00   1.18844e-03  -1.60199e+01
  21  alpha_A0    -2.39148e-01   1.50212e-01   3.23662e-03   6.56279e-02
  22  beta_A0      6.26548e-02   4.03237e-02  -9.02556e-04   6.10688e+00
  23  alpha_phi    1.46821e-01   9.14532e-02  -1.88770e-03  -9.22655e+00
  24  beta_phi     1.51860e-01   9.40907e-02  -2.03564e-03   1.10813e-01
 EXTERNAL ERROR MATRIX.    NDIM=  25    NPAR=  8    ERR DEF=1
  1.228e+05  6.252e-03  2.464e-02  3.457e+02  1.515e+01 -4.076e+00 -9.389e+00 -9.489e+00 
  6.252e-03  1.902e-08 -4.735e-09 -1.354e-07 -6.089e-07  1.340e-07  3.946e-07  3.884e-07 
  2.464e-02 -4.735e-09  1.956e-07  4.597e-04  2.138e-05 -5.623e-06 -1.308e-05 -1.341e-05 
  3.457e+02 -1.354e-07  4.597e-04  1.822e+01  6.260e-01 -1.681e-01 -3.805e-01 -3.922e-01 
  1.515e+01 -6.089e-07  2.138e-05  6.260e-01  2.256e-02 -6.050e-03 -1.373e-02 -1.413e-02 
 -4.076e+00  1.340e-07 -5.623e-06 -1.681e-01 -6.050e-03  1.626e-03  3.682e-03  3.789e-03 
 -9.389e+00  3.946e-07 -1.308e-05 -3.805e-01 -1.373e-02  3.682e-03  8.364e-03  8.601e-03 
 -9.489e+00  3.884e-07 -1.341e-05 -3.922e-01 -1.413e-02  3.789e-03  8.601e-03  8.853e-03 
ERR MATRIX APPROXIMATE
 PARAMETER  CORRELATION COEFFICIENTS  
       NO.  GLOBAL      1      3      4     20     21     22     23     24
        1  0.43664   1.000  0.129  0.159  0.231  0.288 -0.289 -0.293 -0.288
        3  0.25078   0.129  1.000 -0.078 -0.000 -0.029  0.024  0.031  0.030
        4  0.46911   0.159 -0.078  1.000  0.244  0.322 -0.315 -0.323 -0.322
       20  0.98199   0.231 -0.000  0.244  1.000  0.976 -0.977 -0.975 -0.976
       21  0.99982   0.288 -0.029  0.322  0.976  1.000 -0.999 -1.000 -1.000
       22  0.99884  -0.289  0.024 -0.315 -0.977 -0.999  1.000  0.998  0.999
       23  0.99971  -0.293  0.031 -0.323 -0.975 -1.000  0.998  1.000  1.000
       24  0.99975  -0.288  0.030 -0.322 -0.976 -1.000  0.999  1.000  1.000
 ERR MATRIX APPROXIMATE
MINUIT - FIT ONLY 1-CBO + wiggle
 **********
 **   16 **RES 
 **********
                   PARAMETER   16  beta_vw RESTORED TO VARIABLE.
                   PARAMETER   14  alpha_vw RESTORED TO VARIABLE.
                   PARAMETER   13  beta_y RESTORED TO VARIABLE.
                   PARAMETER   11  alpha_y RESTORED TO VARIABLE.
                   PARAMETER   10  beta_2CBO RESTORED TO VARIABLE.
                   PARAMETER    9  alpha_2CBO RESTORED TO VARIABLE.
                   PARAMETER    8  beta_CBO RESTORED TO VARIABLE.
                   PARAMETER    6  alpha_CBO RESTORED TO VARIABLE.
 **********
 **   17 **FIX            8
 **********
 **********
 **   18 **FIX            9
 **********
 **********
 **   19 **FIX           11
 **********
 **********
 **   20 **FIX           12
 **********
 PARAMETER   12  IS CONSTANT.   IGNORED.
 **********
 **   21 **FIX           14
 **********
 **********
 **   22 **FIX           15
 **********
 PARAMETER   15  IS CONSTANT.   IGNORED.
 **********
 **   23 **FIX           16
 **********
 **********
 **   24 **MIGRAD
 **********
 START MIGRAD MINIMIZATION.  STRATEGY  1.  CONVERGENCE WHEN EDM .LT. 1.00e-04
 FCN=1148.68 FROM MIGRAD    STATUS=INITIATE       28 CALLS        1354 TOTAL
                     EDM= unknown      STRATEGY= 1      NO ERROR MATRIX       
  EXT PARAMETER               CURRENT GUESS       STEP         FIRST   
  NO.   NAME      VALUE            ERROR          SIZE      DERIVATIVE 
   1  N0           3.16192e+06   3.50390e+02  -1.77132e+01  -1.89690e-04
   2  tau          6.43989e+01   constant   
   3  A0           3.43587e-01   1.37915e-04   2.25697e-06   3.62521e+02
   4  phi          4.11812e+00   4.42220e-04  -2.06376e-05  -1.32053e+02
   5  R           -6.14725e+01   constant   
   6  alpha_CBO    0.00000e+00   1.00000e-03   1.00000e-03  -4.10220e+05
   7  w_CBO        2.32500e+00   constant   
   8  beta_CBO     0.00000e+00     fixed    
   9  alpha_2CBO   0.00000e+00     fixed    
  10  beta_2CBO    0.00000e+00   1.00000e-03   1.00000e-03  -1.87341e+03
  11  alpha_y      0.00000e+00     fixed    
  12  w_y          1.38860e+01   constant   
  13  beta_y       0.00000e+00   1.00000e-03   1.00000e-03  -7.30719e+04
  14  alpha_vw     0.00000e+00     fixed    
  15  w_vw         1.43404e+01   constant   
  16  beta_vw      0.00000e+00     fixed    
  17  LM          -2.06090e-04   constant   
  18  zeta_y       0.00000e+00   constant   
  19  zeta_vw      0.00000e+00   constant   
  20  T_CBO        2.74859e+01   4.26837e+00   1.18844e-03  -1.60200e+01
  21  alpha_A0    -2.39148e-01   1.50212e-01   3.23662e-03   6.56281e-02
  22  beta_A0      6.26548e-02   4.03237e-02  -9.02556e-04   6.10688e+00
  23  alpha_phi    1.46821e-01   9.14532e-02  -1.88770e-03  -9.22655e+00
  24  beta_phi     1.51860e-01   9.40907e-02  -2.03564e-03   1.10813e-01
 CALL LIMIT EXCEEDED IN MIGRAD.
 MIGRAD TERMINATED WITHOUT CONVERGENCE.
 FCN=87.6377 FROM MIGRAD    STATUS=CALL LIMIT   1911 CALLS        3237 TOTAL
                     EDM=0.0105622    STRATEGY= 1  ERROR MATRIX UNCERTAINTY   0.7 per cent
  EXT PARAMETER                APPROXIMATE        STEP         FIRST   
  NO.   NAME      VALUE            ERROR          SIZE      DERIVATIVE 
   1  N0           3.16163e+06   3.42548e+02   4.36890e+00  -2.48407e-05
   2  tau          6.43989e+01   constant   
   3  A0           3.42582e-01   1.40705e-04   2.26646e-06  -1.09798e+02
   4  phi          4.11842e+00   4.16642e-04  -1.23440e-07  -6.65003e+00
   5  R           -6.14725e+01   constant   
   6  alpha_CBO    5.01103e-03   1.50240e-04   1.26371e-06   1.39741e+01
   7  w_CBO        2.32500e+00   constant   
   8  beta_CBO     0.00000e+00     fixed    
   9  alpha_2CBO   0.00000e+00     fixed    
  10  beta_2CBO    3.01244e-04   1.45318e-04   5.71221e-07  -2.59724e+01
  11  alpha_y      0.00000e+00     fixed    
  12  w_y          1.38860e+01   constant   
  13  beta_y       8.78006e-04   1.48965e-04   3.76251e-06  -8.13413e-01
  14  alpha_vw     0.00000e+00     fixed    
  15  w_vw         1.43404e+01   constant   
  16  beta_vw      0.00000e+00     fixed    
  17  LM          -2.06090e-04   constant   
  18  zeta_y       0.00000e+00   constant   
  19  zeta_vw      0.00000e+00   constant   
  20  T_CBO        2.77163e+02   2.39184e+02   1.68434e-02  -1.31143e-01
  21  alpha_A0     4.97163e-04   1.30293e-03  -1.53627e-05  -1.21034e+01
  22  beta_A0      8.25052e-04   1.23713e-03  -1.48134e-05  -8.83999e+01
  23  alpha_phi    5.06588e-03   2.01060e-03   1.83258e-05   4.15866e+01
  24  beta_phi     1.51517e-03   1.21497e-03   6.33830e-06  -2.20359e+01
 EXTERNAL ERROR MATRIX.    NDIM=  25    NPAR= 11    ERR DEF=1
  1.173e+05 
  6.137e-03  1.980e-08 
  1.585e-02 -2.489e-09  1.736e-07 
 -1.938e-03 -4.230e-09 -1.941e-09  2.257e-08 
  4.468e-03 -8.215e-10  9.407e-10  1.461e-09  2.112e-08 
  1.518e-03  1.916e-11 -8.152e-10  6.403e-10 -6.315e-10  2.219e-08 
  2.478e+03  1.137e-03 -3.933e-03  2.903e-03  1.587e-03  3.277e-03  6.368e+04 
  4.132e-04 -2.176e-08  7.043e-08  2.824e-08 -2.308e-08 -8.394e-09 -9.856e-02  1.698e-06 
 -7.595e-02 -1.634e-08 -1.076e-08 -5.198e-09 -5.297e-09 -7.015e-09 -2.388e-01  1.990e-07  1.530e-06 
 -8.488e-02  4.309e-09 -6.825e-09 -1.467e-08 -9.782e-09 -2.665e-08 -4.536e-01  6.254e-07  1.926e-06  4.043e-06 
  1.834e-02  1.888e-08 -1.883e-08 -1.206e-08 -2.675e-08  3.905e-09 -1.565e-01  1.045e-07  4.317e-07  1.159e-06  1.476e-06 
ERR MATRIX APPROXIMATE
 PARAMETER  CORRELATION COEFFICIENTS  
       NO.  GLOBAL      1      3      4      6     10     13     20     21     22     23     24
        1  0.34330   1.000  0.127  0.111 -0.038  0.090  0.030  0.029  0.001 -0.179 -0.123  0.044
        3  0.32801   0.127  1.000 -0.042 -0.200 -0.040  0.001  0.032 -0.119 -0.094  0.015  0.110
        4  0.20140   0.111 -0.042  1.000 -0.031  0.016 -0.013 -0.037  0.130 -0.021 -0.008 -0.037
        6  0.29395  -0.038 -0.200 -0.031  1.000  0.067  0.029  0.077  0.144 -0.028 -0.049 -0.066
       10  0.25394   0.090 -0.040  0.016  0.067  1.000 -0.029  0.043 -0.122 -0.029 -0.033 -0.151
       13  0.14743   0.030  0.001 -0.013  0.029 -0.029  1.000  0.087 -0.043 -0.038 -0.089  0.022
       20  0.92186   0.029  0.032 -0.037  0.077  0.043  0.087  1.000 -0.300 -0.765 -0.894 -0.511
       21  0.44808   0.001 -0.119  0.130  0.144 -0.122 -0.043 -0.300  1.000  0.123  0.239  0.066
       22  0.82106  -0.179 -0.094 -0.021 -0.028 -0.029 -0.038 -0.765  0.123  1.000  0.774  0.287
       23  0.91167  -0.123  0.015 -0.008 -0.049 -0.033 -0.089 -0.894  0.239  0.774  1.000  0.475
       24  0.58706   0.044  0.110 -0.037 -0.066 -0.151  0.022 -0.511  0.066  0.287  0.475  1.000
 ERR MATRIX APPROXIMATE
MINUIT - FIT ONLY 2-CBO
 **********
 **   25 **RES 
 **********
                   PARAMETER   16  beta_vw RESTORED TO VARIABLE.
                   PARAMETER   14  alpha_vw RESTORED TO VARIABLE.
                   PARAMETER   11  alpha_y RESTORED TO VARIABLE.
                   PARAMETER    9  alpha_2CBO RESTORED TO VARIABLE.
                   PARAMETER    8  beta_CBO RESTORED TO VARIABLE.
 **********
 **   26 **FIX            0
 **********
 PARAMETER    0  IS UNDEFINED. IGNORED.
 **********
 **   27 **FIX            1
 **********
 **********
 **   28 **FIX            2
 **********
 PARAMETER    2  IS CONSTANT.   IGNORED.
 **********
 **   29 **FIX            3
 **********
 **********
 **   30 **FIX            4
 **********
 **********
 **   31 **FIX            5
 **********
 PARAMETER    5  IS CONSTANT.   IGNORED.
 **********
 **   32 **FIX            6
 **********
 **********
 **   33 **FIX            7
 **********
 PARAMETER    7  IS CONSTANT.   IGNORED.
 **********
 **   34 **FIX           10
 **********
 **********
 **   35 **FIX           11
 **********
 **********
 **   36 **FIX           12
 **********
 PARAMETER   12  IS CONSTANT.   IGNORED.
 **********
 **   37 **FIX           13
 **********
 **********
 **   38 **FIX           14
 **********
 **********
 **   39 **FIX           15
 **********
 PARAMETER   15  IS CONSTANT.   IGNORED.
 **********
 **   40 **FIX           16
 **********
 **********
 **   41 **MIGRAD
 **********
 START MIGRAD MINIMIZATION.  STRATEGY  1.  CONVERGENCE WHEN EDM .LT. 1.00e-04
 FCN=87.6377 FROM MIGRAD    STATUS=INITIATE       18 CALLS        3255 TOTAL
                     EDM= unknown      STRATEGY= 1      NO ERROR MATRIX       
  EXT PARAMETER               CURRENT GUESS       STEP         FIRST   
  NO.   NAME      VALUE            ERROR          SIZE      DERIVATIVE 
   1  N0           3.16163e+06     fixed    
   2  tau          6.43989e+01   constant   
   3  A0           3.42582e-01     fixed    
   4  phi          4.11842e+00     fixed    
   5  R           -6.14725e+01   constant   
   6  alpha_CBO    5.01103e-03     fixed    
   7  w_CBO        2.32500e+00   constant   
   8  beta_CBO     0.00000e+00   1.00000e-03   1.00000e-03   5.14805e+04
   9  alpha_2CBO   0.00000e+00   1.00000e-03   1.00000e-03   1.89952e+04
  10  beta_2CBO    3.01244e-04     fixed    
  11  alpha_y      0.00000e+00     fixed    
  12  w_y          1.38860e+01   constant   
  13  beta_y       8.78006e-04     fixed    
  14  alpha_vw     0.00000e+00     fixed    
  15  w_vw         1.43404e+01   constant   
  16  beta_vw      0.00000e+00     fixed    
  17  LM          -2.06090e-04   constant   
  18  zeta_y       0.00000e+00   constant   
  19  zeta_vw      0.00000e+00   constant   
  20  T_CBO        2.77163e+02   2.39184e+02   1.68434e-02  -1.31147e-01
  21  alpha_A0     4.97163e-04   1.30293e-03  -1.53627e-05  -1.21034e+01
  22  beta_A0      8.25052e-04   1.23713e-03  -1.48134e-05  -8.83999e+01
  23  alpha_phi    5.06588e-03   2.01060e-03   1.83258e-05   4.15866e+01
  24  beta_phi     1.51517e-03   1.21497e-03   6.33830e-06  -2.20359e+01
 MIGRAD MINIMIZATION HAS CONVERGED.
 MIGRAD WILL VERIFY CONVERGENCE AND ERROR MATRIX.
 COVARIANCE MATRIX CALCULATED SUCCESSFULLY
 FCN=70.1543 FROM MIGRAD    STATUS=CONVERGED     448 CALLS        3685 TOTAL
                     EDM=1.42246e-05    STRATEGY= 1      ERROR MATRIX ACCURATE 
  EXT PARAMETER                                   STEP         FIRST   
  NO.   NAME      VALUE            ERROR          SIZE      DERIVATIVE 
   1  N0           3.16163e+06     fixed    
   2  tau          6.43989e+01   constant   
   3  A0           3.42582e-01     fixed    
   4  phi          4.11842e+00     fixed    
   5  R           -6.14725e+01   constant   
   6  alpha_CBO    5.01103e-03     fixed    
   7  w_CBO        2.32500e+00   constant   
   8  beta_CBO    -6.01369e-04   1.53501e-04   6.18137e-07   1.72971e-01
   9  alpha_2CBO  -2.05227e-04   1.51326e-04   6.10559e-07   1.35784e+00
  10  beta_2CBO    3.01244e-04     fixed    
  11  alpha_y      0.00000e+00     fixed    
  12  w_y          1.38860e+01   constant   
  13  beta_y       8.78006e-04     fixed    
  14  alpha_vw     0.00000e+00     fixed    
  15  w_vw         1.43404e+01   constant   
  16  beta_vw      0.00000e+00     fixed    
  17  LM          -2.06090e-04   constant   
  18  zeta_y       0.00000e+00   constant   
  19  zeta_vw      0.00000e+00   constant   
  20  T_CBO        9.99936e+02   9.26932e+02   4.23064e-02  -3.05056e-04
  21  alpha_A0     4.34423e-04   6.73121e-04   2.74134e-06  -5.60897e+00
  22  beta_A0      1.52292e-04   6.73055e-04   2.72293e-06  -6.37370e-01
  23  alpha_phi    3.85800e-03   6.55858e-04   2.61779e-06  -2.68698e+00
  24  beta_phi     7.55079e-04   6.55205e-04   2.63079e-06  -2.44231e+00
 EXTERNAL ERROR MATRIX.    NDIM=  25    NPAR=  7    ERR DEF=1
  2.356e-08 -4.389e-10  1.745e-07 -3.090e-09  1.350e-08 -5.446e-10  1.603e-08 
 -4.389e-10  2.290e-08  1.016e-07  1.624e-09  1.292e-08 -1.493e-08 -6.683e-09 
  1.745e-07  1.016e-07  6.648e+03  1.080e-04  4.653e-05  9.843e-04  2.050e-04 
 -3.090e-09  1.624e-09  1.080e-04  4.531e-07 -1.597e-08 -6.204e-08 -2.024e-08 
  1.350e-08  1.292e-08  4.653e-05 -1.597e-08  4.530e-07 -1.626e-08  2.320e-09 
 -5.446e-10 -1.493e-08  9.843e-04 -6.204e-08 -1.626e-08  4.301e-07  6.366e-08 
  1.603e-08 -6.683e-09  2.050e-04 -2.024e-08  2.320e-09  6.366e-08  4.293e-07 
 PARAMETER  CORRELATION COEFFICIENTS  
       NO.  GLOBAL      8      9     20     21     22     23     24
        8  0.21004   1.000 -0.019  0.000 -0.030  0.131 -0.005  0.159
        9  0.20102  -0.019  1.000  0.000  0.016  0.127 -0.150 -0.067
       20  0.01928   0.000  0.000  1.000  0.002  0.001  0.018  0.004
       21  0.15003  -0.030  0.016  0.002  1.000 -0.035 -0.141 -0.046
       22  0.18817   0.131  0.127  0.001 -0.035  1.000 -0.037  0.005
       23  0.24717  -0.005 -0.150  0.018 -0.141 -0.037  1.000  0.148
       24  0.22329   0.159 -0.067  0.004 -0.046  0.005  0.148  1.000
MINUIT - FIT wiggle + 1-CBO + 2-CBO
 **********
 **   42 **RES 
 **********
                   PARAMETER   16  beta_vw RESTORED TO VARIABLE.
                   PARAMETER   14  alpha_vw RESTORED TO VARIABLE.
                   PARAMETER   13  beta_y RESTORED TO VARIABLE.
                   PARAMETER   11  alpha_y RESTORED TO VARIABLE.
                   PARAMETER   10  beta_2CBO RESTORED TO VARIABLE.
                   PARAMETER    6  alpha_CBO RESTORED TO VARIABLE.
                   PARAMETER    4  phi RESTORED TO VARIABLE.
                   PARAMETER    3  A0 RESTORED TO VARIABLE.
                   PARAMETER    1  N0 RESTORED TO VARIABLE.
 **********
 **   43 **FIX           10
 **********
 **********
 **   44 **FIX           11
 **********
 **********
 **   45 **FIX           12
 **********
 PARAMETER   12  IS CONSTANT.   IGNORED.
 **********
 **   46 **FIX           13
 **********
 **********
 **   47 **FIX           14
 **********
 **********
 **   48 **FIX           15
 **********
 PARAMETER   15  IS CONSTANT.   IGNORED.
 **********
 **   49 **FIX           16
 **********
 **********
 **   50 **MIGRAD
 **********
 START MIGRAD MINIMIZATION.  STRATEGY  1.  CONVERGENCE WHEN EDM .LT. 1.00e-04
 FCN=70.1543 FROM MIGRAD    STATUS=INITIATE       22 CALLS        3707 TOTAL
                     EDM= unknown      STRATEGY= 1      NO ERROR MATRIX       
  EXT PARAMETER               CURRENT GUESS       STEP         FIRST   
  NO.   NAME      VALUE            ERROR          SIZE      DERIVATIVE 
   1  N0           3.16163e+06   3.42548e+02   3.42548e+02   1.02714e-03
   2  tau          6.43989e+01   constant   
   3  A0           3.42582e-01   1.40705e-04   1.40705e-04   2.17573e+03
   4  phi          4.11842e+00   4.16642e-04   4.16642e-04  -3.61671e+03
   5  R           -6.14725e+01   constant   
   6  alpha_CBO    5.01103e-03   1.50240e-04   1.50240e-04   6.20337e+02
   7  w_CBO        2.32500e+00   constant   
   8  beta_CBO    -6.01369e-04   1.53501e-04   6.18137e-07   1.72965e-01
   9  alpha_2CBO  -2.05227e-04   1.51326e-04   6.10559e-07   1.35786e+00
  10  beta_2CBO    3.01244e-04     fixed    
  11  alpha_y      0.00000e+00     fixed    
  12  w_y          1.38860e+01   constant   
  13  beta_y       8.78006e-04     fixed    
  14  alpha_vw     0.00000e+00     fixed    
  15  w_vw         1.43404e+01   constant   
  16  beta_vw      0.00000e+00     fixed    
  17  LM          -2.06090e-04   constant   
  18  zeta_y       0.00000e+00   constant   
  19  zeta_vw      0.00000e+00   constant   
  20  T_CBO        9.99936e+02   9.26932e+02   4.23064e-02  -3.08869e-04
  21  alpha_A0     4.34423e-04   6.73121e-04   2.74134e-06  -5.60890e+00
  22  beta_A0      1.52292e-04   6.73055e-04   2.72293e-06  -6.37463e-01
  23  alpha_phi    3.85800e-03   6.55858e-04   2.61779e-06  -2.68699e+00
  24  beta_phi     7.55079e-04   6.55205e-04   2.63079e-06  -2.44231e+00
 MIGRAD MINIMIZATION HAS CONVERGED.
 MIGRAD WILL VERIFY CONVERGENCE AND ERROR MATRIX.
 COVARIANCE MATRIX CALCULATED SUCCESSFULLY
 FCN=69.4854 FROM MIGRAD    STATUS=CONVERGED     244 CALLS        3929 TOTAL
                     EDM=4.50354e-07    STRATEGY= 1      ERROR MATRIX ACCURATE 
  EXT PARAMETER                                   STEP         FIRST   
  NO.   NAME      VALUE            ERROR          SIZE      DERIVATIVE 
   1  N0           3.16160e+06   3.56773e+02   1.50757e+00  -7.47917e-07
   2  tau          6.43989e+01   constant   
   3  A0           3.42547e-01   1.45318e-04   5.61811e-07  -1.14383e+00
   4  phi          4.11876e+00   4.38371e-04   1.96398e-06   5.56075e-01
   5  R           -6.14725e+01   constant   
   6  alpha_CBO    5.01119e-03   1.55771e-04   6.08962e-07  -8.28577e-01
   7  w_CBO        2.32500e+00   constant   
   8  beta_CBO    -6.30703e-04   1.57679e-04   6.15234e-07  -8.03830e-01
   9  alpha_2CBO  -1.96889e-04   1.51895e-04   6.07695e-07  -4.54023e+00
  10  beta_2CBO    3.01244e-04     fixed    
  11  alpha_y      0.00000e+00     fixed    
  12  w_y          1.38860e+01   constant   
  13  beta_y       8.78006e-04     fixed    
  14  alpha_vw     0.00000e+00     fixed    
  15  w_vw         1.43404e+01   constant   
  16  beta_vw      0.00000e+00     fixed    
  17  LM          -2.06090e-04   constant   
  18  zeta_y       0.00000e+00   constant   
  19  zeta_vw      0.00000e+00   constant   
  20  T_CBO        1.00000e+03   6.58871e+02   4.83212e-02** at limit **
  21  alpha_A0     5.12404e-04   6.93005e-04   2.72850e-06  -3.41737e-01
  22  beta_A0      1.50949e-04   6.87708e-04   2.71002e-06  -9.15342e-02
  23  alpha_phi    3.80151e-03   6.85655e-04   2.60533e-06   1.86112e-01
  24  beta_phi     6.83721e-04   6.64300e-04   2.61840e-06  -6.37873e-01
 EXTERNAL ERROR MATRIX.    NDIM=  25    NPAR= 11    ERR DEF=1
  1.273e+05 
  6.342e-03  2.112e-08 
  2.454e-02 -5.813e-09  1.922e-07 
 -1.943e-03 -5.042e-09  6.393e-10  2.426e-08 
  1.400e-03  2.016e-09 -1.459e-08  1.123e-10  2.486e-08 
 -5.585e-04 -1.409e-09  3.593e-09 -3.670e-10 -8.387e-10  2.307e-08 
 -9.458e-02 -1.027e-07  1.088e-07 -1.044e-08 -9.009e-09  1.627e-08  8.327e-01 
  5.263e-03 -1.243e-08  3.995e-08  1.979e-08 -6.475e-09  2.548e-09  7.701e-06  4.803e-07 
 -4.803e-02 -6.340e-09 -1.841e-08 -1.419e-09  1.330e-08  1.331e-08  2.798e-06 -1.976e-08  4.729e-07 
 -5.036e-02  1.135e-08 -3.779e-08  7.174e-09  2.220e-09 -1.633e-08  5.709e-05 -6.950e-08  2.680e-10  4.701e-07 
  8.662e-03  1.227e-08 -3.063e-08 -4.450e-09  1.937e-08 -7.954e-09  1.087e-05 -3.353e-08 -1.479e-09  7.176e-08  4.413e-07 
 PARAMETER  CORRELATION COEFFICIENTS  
       NO.  GLOBAL      1      3      4      6      8      9     20     21     22     23     24
        1  0.35302   1.000  0.122  0.157 -0.035  0.025 -0.010 -0.000  0.021 -0.196 -0.206  0.037
        3  0.33254   0.122  1.000 -0.091 -0.223  0.088 -0.064 -0.001 -0.123 -0.063  0.114  0.127
        4  0.31355   0.157 -0.091  1.000  0.009 -0.211  0.054  0.000  0.132 -0.061 -0.126 -0.105
        6  0.30095  -0.035 -0.223  0.009  1.000  0.005 -0.016 -0.000  0.183 -0.013  0.067 -0.043
        8  0.30672   0.025  0.088 -0.211  0.005  1.000 -0.035 -0.000 -0.059  0.123  0.021  0.185
        9  0.21805  -0.010 -0.064  0.054 -0.016 -0.035  1.000  0.000  0.024  0.127 -0.157 -0.079
       20  0.10001  -0.000 -0.001  0.000 -0.000 -0.000  0.000  1.000  0.012  0.004  0.091  0.018
       21  0.27852   0.021 -0.123  0.132  0.183 -0.059  0.024  0.012  1.000 -0.041 -0.146 -0.073
       22  0.27559  -0.196 -0.063 -0.061 -0.013  0.123  0.127  0.004 -0.041  1.000  0.001 -0.003
       23  0.37528  -0.206  0.114 -0.126  0.067  0.021 -0.157  0.091 -0.146  0.001  1.000  0.158
       24  0.27478   0.037  0.127 -0.105 -0.043  0.185 -0.079  0.018 -0.073 -0.003  0.158  1.000
MINUIT - FIT ONLY 1-y
 **********
 **   51 **RES 
 **********
                   PARAMETER   16  beta_vw RESTORED TO VARIABLE.
                   PARAMETER   14  alpha_vw RESTORED TO VARIABLE.
                   PARAMETER   13  beta_y RESTORED TO VARIABLE.
                   PARAMETER   11  alpha_y RESTORED TO VARIABLE.
                   PARAMETER   10  beta_2CBO RESTORED TO VARIABLE.
 **********
 **   52 **FIX            0
 **********
 PARAMETER    0  IS UNDEFINED. IGNORED.
 **********
 **   53 **FIX            1
 **********
 **********
 **   54 **FIX            2
 **********
 PARAMETER    2  IS CONSTANT.   IGNORED.
 **********
 **   55 **FIX            3
 **********
 **********
 **   56 **FIX            4
 **********
 **********
 **   57 **FIX            5
 **********
 PARAMETER    5  IS CONSTANT.   IGNORED.
 **********
 **   58 **FIX            6
 **********
 **********
 **   59 **FIX            7
 **********
 PARAMETER    7  IS CONSTANT.   IGNORED.
 **********
 **   60 **FIX            8
 **********
 **********
 **   61 **FIX            9
 **********
 **********
 **   62 **FIX           13
 **********
 **********
 **   63 **FIX           14
 **********
 **********
 **   64 **FIX           15
 **********
 PARAMETER   15  IS CONSTANT.   IGNORED.
 **********
 **   65 **FIX           16
 **********
 **********
 **   66 **MIGRAD
 **********
 START MIGRAD MINIMIZATION.  STRATEGY  1.  CONVERGENCE WHEN EDM .LT. 1.00e-04
 FCN=69.4854 FROM MIGRAD    STATUS=INITIATE       16 CALLS        3945 TOTAL
                     EDM= unknown      STRATEGY= 1      NO ERROR MATRIX       
  EXT PARAMETER               CURRENT GUESS       STEP         FIRST   
  NO.   NAME      VALUE            ERROR          SIZE      DERIVATIVE 
   1  N0           3.16160e+06     fixed    
   2  tau          6.43989e+01   constant   
   3  A0           3.42547e-01     fixed    
   4  phi          4.11876e+00     fixed    
   5  R           -6.14725e+01   constant   
   6  alpha_CBO    5.01119e-03     fixed    
   7  w_CBO        2.32500e+00   constant   
   8  beta_CBO    -6.30703e-04     fixed    
   9  alpha_2CBO  -1.96889e-04     fixed    
  10  beta_2CBO    3.01244e-04   1.45318e-04   1.45318e-04   6.82519e+02
  11  alpha_y      0.00000e+00   1.00000e-03   1.00000e-03  -2.60170e+03
  12  w_y          1.38860e+01   constant   
  13  beta_y       8.78006e-04     fixed    
  14  alpha_vw     0.00000e+00     fixed    
  15  w_vw         1.43404e+01   constant   
  16  beta_vw      0.00000e+00     fixed    
  17  LM          -2.06090e-04   constant   
  18  zeta_y       0.00000e+00   constant   
  19  zeta_vw      0.00000e+00   constant   
  20  T_CBO        9.99999e+02   6.58871e+02   4.83212e-02  -3.07913e-05
  21  alpha_A0     5.12404e-04   6.93005e-04   2.72850e-06  -3.42270e-01
  22  beta_A0      1.50949e-04   6.87708e-04   2.71002e-06  -9.16604e-02
  23  alpha_phi    3.80151e-03   6.85655e-04   2.60533e-06   1.84003e-01
  24  beta_phi     6.83721e-04   6.64300e-04   2.61840e-06  -6.37990e-01
 MIGRAD MINIMIZATION HAS CONVERGED.
 MIGRAD WILL VERIFY CONVERGENCE AND ERROR MATRIX.
 COVARIANCE MATRIX CALCULATED SUCCESSFULLY
 FCN=69.4449 FROM MIGRAD    STATUS=CONVERGED      98 CALLS        4027 TOTAL
                     EDM=6.75962e-06    STRATEGY= 1      ERROR MATRIX ACCURATE 
  EXT PARAMETER                                   STEP         FIRST   
  NO.   NAME      VALUE            ERROR          SIZE      DERIVATIVE 
   1  N0           3.16160e+06     fixed    
   2  tau          6.43989e+01   constant   
   3  A0           3.42547e-01     fixed    
   4  phi          4.11876e+00     fixed    
   5  R           -6.14725e+01   constant   
   6  alpha_CBO    5.01119e-03     fixed    
   7  w_CBO        2.32500e+00   constant   
   8  beta_CBO    -6.30703e-04     fixed    
   9  alpha_2CBO  -1.96889e-04     fixed    
  10  beta_2CBO    2.93470e-04   1.54280e-04   6.16372e-07   2.01212e+01
  11  alpha_y      2.90668e-05   1.49414e-04   6.12030e-07   5.34572e+00
  12  w_y          1.38860e+01   constant   
  13  beta_y       8.78006e-04     fixed    
  14  alpha_vw     0.00000e+00     fixed    
  15  w_vw         1.43404e+01   constant   
  16  beta_vw      0.00000e+00     fixed    
  17  LM          -2.06090e-04   constant   
  18  zeta_y       0.00000e+00   constant   
  19  zeta_vw      0.00000e+00   constant   
  20  T_CBO        1.00000e+03   6.21178e+02   4.77184e-02** at limit **
  21  alpha_A0     5.16966e-04   6.79913e-04   2.72771e-06  -9.65144e-01
  22  beta_A0      1.52090e-04   6.61736e-04   2.70925e-06   5.86179e-01
  23  alpha_phi    3.79975e-03   6.51744e-04   2.60458e-06   1.82062e+00
  24  beta_phi     6.85710e-04   6.54648e-04   2.61765e-06   1.44536e+00
 EXTERNAL ERROR MATRIX.    NDIM=  25    NPAR=  7    ERR DEF=1
  2.380e-08  9.141e-11 -8.142e-10 -1.503e-08 -1.697e-09  3.625e-09 -1.642e-08 
  9.141e-11  2.232e-08 -1.974e-10 -1.583e-10  3.333e-10 -7.499e-10 -3.026e-09 
 -8.142e-10 -1.974e-10  4.849e-04  1.859e-07  6.624e-08  1.372e-06  2.643e-07 
 -1.503e-08 -1.583e-10  1.859e-07  4.623e-07 -1.398e-08 -6.299e-08 -7.269e-09 
 -1.697e-09  3.333e-10  6.624e-08 -1.398e-08  4.379e-07 -7.485e-09 -2.149e-09 
  3.625e-09 -7.499e-10  1.372e-06 -6.299e-08 -7.485e-09  4.248e-07  5.820e-08 
 -1.642e-08 -3.026e-09  2.643e-07 -7.269e-09 -2.149e-09  5.820e-08  4.286e-07 
 PARAMETER  CORRELATION COEFFICIENTS  
       NO.  GLOBAL     10     11     20     21     22     23     24
       10  0.22287   1.000  0.004 -0.000 -0.143 -0.017  0.036 -0.163
       11  0.03143   0.004  1.000 -0.000 -0.002  0.003 -0.008 -0.031
       20  0.09957  -0.000 -0.000  1.000  0.012  0.005  0.096  0.018
       21  0.20421  -0.143 -0.002  0.012  1.000 -0.031 -0.142 -0.016
       22  0.04457  -0.017  0.003  0.005 -0.031  1.000 -0.017 -0.005
       23  0.22160   0.036 -0.008  0.096 -0.142 -0.017  1.000  0.136
       24  0.21919  -0.163 -0.031  0.018 -0.016 -0.005  0.136  1.000
MINUIT - FIT ONLY 2-y
 **********
 **   67 **RES 
 **********
                   PARAMETER   16  beta_vw RESTORED TO VARIABLE.
                   PARAMETER   14  alpha_vw RESTORED TO VARIABLE.
                   PARAMETER   13  beta_y RESTORED TO VARIABLE.
                   PARAMETER    9  alpha_2CBO RESTORED TO VARIABLE.
                   PARAMETER    8  beta_CBO RESTORED TO VARIABLE.
                   PARAMETER    6  alpha_CBO RESTORED TO VARIABLE.
                   PARAMETER    4  phi RESTORED TO VARIABLE.
                   PARAMETER    3  A0 RESTORED TO VARIABLE.
                   PARAMETER    1  N0 RESTORED TO VARIABLE.
 **********
 **   68 **FIX            0
 **********
 PARAMETER    0  IS UNDEFINED. IGNORED.
 **********
 **   69 **FIX            1
 **********
 **********
 **   70 **FIX            2
 **********
 PARAMETER    2  IS CONSTANT.   IGNORED.
 **********
 **   71 **FIX            3
 **********
 **********
 **   72 **FIX            4
 **********
 **********
 **   73 **FIX            5
 **********
 PARAMETER    5  IS CONSTANT.   IGNORED.
 **********
 **   74 **FIX            6
 **********
 **********
 **   75 **FIX            7
 **********
 PARAMETER    7  IS CONSTANT.   IGNORED.
 **********
 **   76 **FIX            8
 **********
 **********
 **   77 **FIX            9
 **********
 **********
 **   78 **FIX           10
 **********
 **********
 **   79 **FIX           11
 **********
 **********
 **   80 **FIX           12
 **********
 PARAMETER   12  IS CONSTANT.   IGNORED.
 **********
 **   81 **FIX           16
 **********
 **********
 **   82 **MIGRAD
 **********
 START MIGRAD MINIMIZATION.  STRATEGY  1.  CONVERGENCE WHEN EDM .LT. 1.00e-04
 FCN=69.4449 FROM MIGRAD    STATUS=INITIATE       16 CALLS        4043 TOTAL
                     EDM= unknown      STRATEGY= 1      NO ERROR MATRIX       
  EXT PARAMETER               CURRENT GUESS       STEP         FIRST   
  NO.   NAME      VALUE            ERROR          SIZE      DERIVATIVE 
   1  N0           3.16160e+06     fixed    
   2  tau          6.43989e+01   constant   
   3  A0           3.42547e-01     fixed    
   4  phi          4.11876e+00     fixed    
   5  R           -6.14725e+01   constant   
   6  alpha_CBO    5.01119e-03     fixed    
   7  w_CBO        2.32500e+00   constant   
   8  beta_CBO    -6.30703e-04     fixed    
   9  alpha_2CBO  -1.96889e-04     fixed    
  10  beta_2CBO    2.93470e-04     fixed    
  11  alpha_y      2.90668e-05     fixed    
  12  w_y          1.38860e+01   constant   
  13  beta_y       8.78006e-04   1.48965e-04   1.48965e-04   6.99751e+02
  14  alpha_vw     0.00000e+00   1.00000e-03   1.00000e-03   5.15250e+04
  15  w_vw         1.43404e+01   constant   
  16  beta_vw      0.00000e+00     fixed    
  17  LM          -2.06090e-04   constant   
  18  zeta_y       0.00000e+00   constant   
  19  zeta_vw      0.00000e+00   constant   
  20  T_CBO        9.99999e+02   6.21178e+02   4.77184e-02  -2.99316e-05
  21  alpha_A0     5.16966e-04   6.79913e-04   2.72771e-06  -9.65678e-01
  22  beta_A0      1.52090e-04   6.61736e-04   2.70925e-06   5.86087e-01
  23  alpha_phi    3.79975e-03   6.51744e-04   2.60458e-06   1.81850e+00
  24  beta_phi     6.85710e-04   6.54648e-04   2.61765e-06   1.44524e+00
 MIGRAD MINIMIZATION HAS CONVERGED.
 MIGRAD WILL VERIFY CONVERGENCE AND ERROR MATRIX.
 COVARIANCE MATRIX CALCULATED SUCCESSFULLY
 FCN=54.1784 FROM MIGRAD    STATUS=CONVERGED     128 CALLS        4155 TOTAL
                     EDM=4.17493e-08    STRATEGY= 1      ERROR MATRIX ACCURATE 
  EXT PARAMETER                                   STEP         FIRST   
  NO.   NAME      VALUE            ERROR          SIZE      DERIVATIVE 
   1  N0           3.16160e+06     fixed    
   2  tau          6.43989e+01   constant   
   3  A0           3.42547e-01     fixed    
   4  phi          4.11876e+00     fixed    
   5  R           -6.14725e+01   constant   
   6  alpha_CBO    5.01119e-03     fixed    
   7  w_CBO        2.32500e+00   constant   
   8  beta_CBO    -6.30703e-04     fixed    
   9  alpha_2CBO  -1.96889e-04     fixed    
  10  beta_2CBO    2.93470e-04     fixed    
  11  alpha_y      2.90668e-05     fixed    
  12  w_y          1.38860e+01   constant   
  13  beta_y       9.81533e-04   1.52027e-04   5.41460e-07  -7.86290e-02
  14  alpha_vw    -5.93998e-04   1.52038e-04   5.41670e-07  -3.13586e-01
  15  w_vw         1.43404e+01   constant   
  16  beta_vw      0.00000e+00     fixed    
  17  LM          -2.06090e-04   constant   
  18  zeta_y       0.00000e+00   constant   
  19  zeta_vw      0.00000e+00   constant   
  20  T_CBO        1.00000e+03   6.60120e+02   3.95521e-02** at limit **
  21  alpha_A0     5.11221e-04   6.73001e-04   2.41411e-06   1.06099e-01
  22  beta_A0      1.41368e-04   6.61659e-04   2.39777e-06  -1.42563e-01
  23  alpha_phi    3.81600e-03   6.50439e-04   2.30514e-06   1.90045e-01
  24  beta_phi     6.89848e-04   6.45607e-04   2.31671e-06  -3.83479e-01
 EXTERNAL ERROR MATRIX.    NDIM=  25    NPAR=  7    ERR DEF=1
  2.311e-08 -4.332e-09 -6.909e-11 -1.950e-09 -7.911e-10  1.851e-09  5.770e-10 
 -4.332e-09  2.312e-08  4.575e-12  2.595e-10  4.309e-10 -6.599e-10 -1.859e-10 
 -6.909e-11  4.575e-12  3.211e-04  1.219e-07  4.135e-08  9.155e-07  1.760e-07 
 -1.950e-09  2.595e-10  1.219e-07  4.529e-07 -1.500e-08 -6.104e-08 -1.774e-08 
 -7.911e-10  4.309e-10  4.135e-08 -1.500e-08  4.378e-07 -7.355e-09 -3.310e-09 
  1.851e-09 -6.599e-10  9.155e-07 -6.104e-08 -7.355e-09  4.231e-07  6.040e-08 
  5.770e-10 -1.859e-10  1.760e-07 -1.774e-08 -3.310e-09  6.040e-08  4.168e-07 
 PARAMETER  CORRELATION COEFFICIENTS  
       NO.  GLOBAL     13     14     20     21     22     23     24
       13  0.18912   1.000 -0.187 -0.000 -0.019 -0.008  0.019  0.006
       14  0.18749  -0.187  1.000  0.000  0.003  0.004 -0.007 -0.002
       20  0.08169  -0.000  0.000  1.000  0.010  0.003  0.079  0.015
       21  0.14809  -0.019  0.003  0.010  1.000 -0.034 -0.139 -0.041
       22  0.04197  -0.008  0.004  0.003 -0.034  1.000 -0.017 -0.008
       23  0.21281   0.019 -0.007  0.079 -0.139 -0.017  1.000  0.144
