 + ++++++++++++++++++++++++++++++++++++++++++++++++++++++++++++++++++++ +
 +                                                                      +
 +           You have chose to blind your fitting according to          +
 +                omega_ref * (1 + (R +/- deltaR) *10^{-6})             +
 +                                                                      +
 + ++++++++++++++++++++++++++++++++++++++++++++++++++++++++++++++++++++ +
In main()...
reading format from /gm2data/zkhechad/run45/envelope/formats/formatB_sBin_constraintOn.txt
pBinTau 	= 0  
pBinPhi 	= 0  
constraintau 	= 1 
includeMopTerm 	= 0    
constrainMop    = 0   
Parameters after format file: pBinTau 0 pBinPhi 0 constraintau 1 includeMopTerm 0 constrainMop 0 c_e_scale 0.000000 
Opening file /gm2data/tbarrett/gm2fr/studies/run23_bunch_corrections/CorrectedFourier_Run3b.root.
reading full fit data from /gm2data/zkhechad/cboTemplates/Run4CBOTemplates/templateFits0_v2.0/noRF/sBin_constraintOn_cE0.0_seed0_noRF_calo17.root
windowBins = 69
fitting sliding window 1348 from bin 1484 at 221.263600 to bin 1553 at 231.707600 (69 bins)

Reading data from /gm2data/cornell/histograms/aMethod/histogram_a_noRF.root
 **********
 **    1 **SET PRINTOUT            1
 **********
 **********
 **    2 **SET NOWARNINGS 
 **********
 PARAMETER DEFINITIONS:
    NO.   NAME         VALUE      STEP SIZE      LIMITS
     1 N0           3.18443e+06  1.00000e+02     no limits
     2 tau          6.43838e+01  constant
     3 A0           3.45292e-01  1.00000e-04     no limits
     4 phi          4.12003e+00  1.00000e-02     no limits
     5 R           -6.09625e+01  constant
     6 alpha_CBO    0.00000e+00  1.00000e-03     no limits
     7 w_CBO        2.32500e+00  constant
     8 beta_CBO     0.00000e+00  1.00000e-03     no limits
     9 alpha_2CBO   0.00000e+00  1.00000e-03     no limits
    10 beta_2CBO    0.00000e+00  1.00000e-03     no limits
    11 alpha_y      0.00000e+00  1.00000e-03     no limits
    12 w_y          1.44500e+01  constant
    13 beta_y       0.00000e+00  1.00000e-03     no limits
    14 alpha_vw     0.00000e+00  1.00000e-03     no limits
    15 w_vw         1.29000e+01  constant
    16 beta_vw      0.00000e+00  1.00000e-03     no limits
    17 LM          -7.20700e-04  constant
    18 zeta_y       0.00000e+00  constant
    19 zeta_vw      0.00000e+00  constant
    20 T_CBO        1.00000e+02  1.00000e+00    0.00000e+00  1.00000e+03
    21 alpha_A0     0.00000e+00  1.00000e-03     no limits
    22 beta_A0      0.00000e+00  1.00000e-03     no limits
    23 alpha_phi    0.00000e+00  1.00000e-03     no limits
    24 beta_phi     0.00000e+00  1.00000e-03     no limits
MINUIT - FIT ONLY WIGGLE
 **********
 **    3 **FIX            5
 **********
 PARAMETER    5  IS CONSTANT.   IGNORED.
 **********
 **    4 **FIX            6
 **********
 **********
 **    5 **FIX            7
 **********
 PARAMETER    7  IS CONSTANT.   IGNORED.
 **********
 **    6 **FIX            8
 **********
 **********
 **    7 **FIX            9
 **********
 **********
 **    8 **FIX           10
 **********
 **********
 **    9 **FIX           11
 **********
 **********
 **   10 **FIX           12
 **********
 PARAMETER   12  IS CONSTANT.   IGNORED.
 **********
 **   11 **FIX           13
 **********
 **********
 **   12 **FIX           14
 **********
 **********
 **   13 **FIX           15
 **********
 PARAMETER   15  IS CONSTANT.   IGNORED.
 **********
 **   14 **FIX           16
 **********
 **********
 **   15 **MIGRAD
 **********
 FIRST CALL TO USER FUNCTION AT NEW START POINT, WITH IFLAG=4.
 START MIGRAD MINIMIZATION.  STRATEGY  1.  CONVERGENCE WHEN EDM .LT. 1.00e-04
 FCN=159.313 FROM MIGRAD    STATUS=INITIATE      437 CALLS         438 TOTAL
                     EDM= unknown      STRATEGY= 1      NO ERROR MATRIX       
  EXT PARAMETER               CURRENT GUESS       STEP         FIRST   
  NO.   NAME      VALUE            ERROR          SIZE      DERIVATIVE 
   1  N0           3.18443e+06   1.00000e+02   0.00000e+00  -4.64268e-03
   2  tau          6.43838e+01   constant   
   3  A0           3.45292e-01   1.00000e-04   0.00000e+00  -9.84791e+03
   4  phi          4.12003e+00   1.00000e-02   0.00000e+00  -1.28287e+03
   5  R           -6.09625e+01   constant   
   6  alpha_CBO    0.00000e+00     fixed    
   7  w_CBO        2.32500e+00   constant   
   8  beta_CBO     0.00000e+00     fixed    
   9  alpha_2CBO   0.00000e+00     fixed    
  10  beta_2CBO    0.00000e+00     fixed    
  11  alpha_y      0.00000e+00     fixed    
  12  w_y          1.44500e+01   constant   
  13  beta_y       0.00000e+00     fixed    
  14  alpha_vw     0.00000e+00     fixed    
  15  w_vw         1.29000e+01   constant   
  16  beta_vw      0.00000e+00     fixed    
  17  LM          -7.20700e-04   constant   
  18  zeta_y       0.00000e+00   constant   
  19  zeta_vw      0.00000e+00   constant   
  20  T_CBO        1.00000e+02   1.00000e+00   0.00000e+00   0.00000e+00
  21  alpha_A0     0.00000e+00   1.00000e-03   0.00000e+00  -3.92298e+01
  22  beta_A0      0.00000e+00   1.00000e-03   0.00000e+00  -3.10892e+02
  23  alpha_phi    0.00000e+00   1.00000e-03   0.00000e+00  -2.95251e+02
  24  beta_phi     0.00000e+00   1.00000e-03   0.00000e+00  -3.54316e+02
 MIGRAD MINIMIZATION HAS CONVERGED.
 MIGRAD WILL VERIFY CONVERGENCE AND ERROR MATRIX.
 FCN=141.889 FROM HESSE     STATUS=NOT POSDEF     61 CALLS         611 TOTAL
                     EDM=0.000829763    STRATEGY= 1      ERR MATRIX NOT POS-DEF
  EXT PARAMETER                APPROXIMATE        STEP         FIRST   
  NO.   NAME      VALUE            ERROR          SIZE      DERIVATIVE 
   1  N0           3.18501e+06   8.05699e+02   4.38736e+00  -1.03792e-06
   2  tau          6.43838e+01   constant   
   3  A0           3.45948e-01   3.34411e-04   1.89338e-06   1.46191e+00
   4  phi          4.12067e+00   9.54032e-04   5.45919e-06   1.14492e+00
   5  R           -6.09625e+01   constant   
   6  alpha_CBO    0.00000e+00     fixed    
   7  w_CBO        2.32500e+00   constant   
   8  beta_CBO     0.00000e+00     fixed    
   9  alpha_2CBO   0.00000e+00     fixed    
  10  beta_2CBO    0.00000e+00     fixed    
  11  alpha_y      0.00000e+00     fixed    
  12  w_y          1.44500e+01   constant   
  13  beta_y       0.00000e+00     fixed    
  14  alpha_vw     0.00000e+00     fixed    
  15  w_vw         1.29000e+01   constant   
  16  beta_vw      0.00000e+00     fixed    
  17  LM          -7.20700e-04   constant   
  18  zeta_y       0.00000e+00   constant   
  19  zeta_vw      0.00000e+00   constant   
  20  T_CBO        1.01756e+02   1.82648e+02   2.49369e-04   3.17305e-03
  21  alpha_A0     6.49818e-03   3.00298e-02   6.93946e-05  -1.11207e-01
  22  beta_A0      2.68621e-02   1.15295e-01   7.33724e-05  -2.69293e-01
  23  alpha_phi    2.51284e-02   1.08561e-01   7.12114e-05  -1.11293e-01
  24  beta_phi     2.20624e-02   9.43290e-02   7.12462e-05  -1.01190e-01
 CALL LIMIT EXCEEDED IN MIGRAD.
 MIGRAD TERMINATED WITHOUT CONVERGENCE.
 FCN=141.867 FROM MIGRAD    STATUS=CALL LIMIT   1335 CALLS        1336 TOTAL
                     EDM=0.000290866    STRATEGY= 1      ERR MATRIX NOT POS-DEF
  EXT PARAMETER                APPROXIMATE        STEP         FIRST   
  NO.   NAME      VALUE            ERROR          SIZE      DERIVATIVE 
   1  N0           3.18501e+06   8.13341e+02  -3.05587e+00  -7.28913e-06
   2  tau          6.43838e+01   constant   
   3  A0           3.45961e-01   3.33315e-04   1.00771e-06   8.44079e+00
   4  phi          4.12065e+00   9.56109e-04   1.16827e-06  -5.62908e+00
   5  R           -6.09625e+01   constant   
   6  alpha_CBO    0.00000e+00     fixed    
   7  w_CBO        2.32500e+00   constant   
   8  beta_CBO     0.00000e+00     fixed    
   9  alpha_2CBO   0.00000e+00     fixed    
  10  beta_2CBO    0.00000e+00     fixed    
  11  alpha_y      0.00000e+00     fixed    
  12  w_y          1.44500e+01   constant   
  13  beta_y       0.00000e+00     fixed    
  14  alpha_vw     0.00000e+00     fixed    
  15  w_vw         1.29000e+01   constant   
  16  beta_vw      0.00000e+00     fixed    
  17  LM          -7.20700e-04   constant   
  18  zeta_y       0.00000e+00   constant   
  19  zeta_vw      0.00000e+00   constant   
  20  T_CBO        5.67820e+01   4.64502e+01  -4.25290e-03  -1.87444e+00
  21  alpha_A0     3.64869e-02   9.51776e-02   1.87277e-03  -1.88303e-01
  22  beta_A0      1.54864e-01   4.57360e-01   9.45898e-03  -4.07018e-01
  23  alpha_phi    1.46589e-01   4.64240e-01   9.68267e-03  -2.24072e-01
  24  beta_phi     1.25733e-01   3.96014e-01   8.25639e-03  -2.02859e-01
 EXTERNAL ERROR MATRIX.    NDIM=  25    NPAR=  8    ERR DEF=1
  6.615e+05 -7.592e-03 -1.495e-01  9.000e+02 -2.406e+00 -2.093e+01 -2.338e+01 -1.862e+01 
 -7.592e-03  1.111e-07  5.845e-11 -8.904e-04  2.272e-06  1.131e-05  1.163e-05  8.719e-06 
 -1.495e-01  5.845e-11  9.141e-07  9.273e-04 -1.990e-06 -4.060e-06 -2.430e-06 -1.122e-06 
  9.000e+02 -8.904e-04  9.273e-04  2.187e+03 -4.339e+00 -2.131e+01 -2.157e+01 -1.840e+01 
 -2.406e+00  2.272e-06 -1.990e-06 -4.339e+00  9.059e-03  4.254e-02  4.251e-02  3.620e-02 
 -2.093e+01  1.131e-05 -4.060e-06 -2.131e+01  4.254e-02  2.092e-01  2.116e-01  1.804e-01 
 -2.338e+01  1.163e-05 -2.430e-06 -2.157e+01  4.251e-02  2.116e-01  2.155e-01  1.837e-01 
 -1.862e+01  8.719e-06 -1.122e-06 -1.840e+01  3.620e-02  1.804e-01  1.837e-01  1.568e-01 
ERR MATRIX NOT POS-DEF
 PARAMETER  CORRELATION COEFFICIENTS  
       NO.  GLOBAL      1      3      4     20     21     22     23     24
        1  0.43406   1.000 -0.028 -0.192  0.024 -0.031 -0.056 -0.062 -0.058
        3  0.29238  -0.028  1.000  0.000 -0.057  0.072  0.074  0.075  0.066
        4  0.22499  -0.192  0.000  1.000  0.021 -0.022 -0.009 -0.005 -0.003
       20  0.99724   0.024 -0.057  0.021  1.000 -0.975 -0.996 -0.994 -0.993
       21  0.98849  -0.031  0.072 -0.022 -0.975  1.000  0.977  0.962  0.961
       22  0.99906  -0.056  0.074 -0.009 -0.996  0.977  1.000  0.997  0.996
       23  0.99930  -0.062  0.075 -0.005 -0.994  0.962  0.997  1.000  0.999
       24  0.99914  -0.058  0.066 -0.003 -0.993  0.961  0.996  0.999  1.000
 ERR MATRIX NOT POS-DEF
MINUIT - FIT ONLY 1-CBO + wiggle
 **********
 **   16 **RES 
 **********
                   PARAMETER   16  beta_vw RESTORED TO VARIABLE.
                   PARAMETER   14  alpha_vw RESTORED TO VARIABLE.
                   PARAMETER   13  beta_y RESTORED TO VARIABLE.
                   PARAMETER   11  alpha_y RESTORED TO VARIABLE.
                   PARAMETER   10  beta_2CBO RESTORED TO VARIABLE.
                   PARAMETER    9  alpha_2CBO RESTORED TO VARIABLE.
                   PARAMETER    8  beta_CBO RESTORED TO VARIABLE.
                   PARAMETER    6  alpha_CBO RESTORED TO VARIABLE.
 **********
 **   17 **FIX            8
 **********
 **********
 **   18 **FIX            9
 **********
 **********
 **   19 **FIX           11
 **********
 **********
 **   20 **FIX           12
 **********
 PARAMETER   12  IS CONSTANT.   IGNORED.
 **********
 **   21 **FIX           14
 **********
 **********
 **   22 **FIX           15
 **********
 PARAMETER   15  IS CONSTANT.   IGNORED.
 **********
 **   23 **FIX           16
 **********
 **********
 **   24 **MIGRAD
 **********
 START MIGRAD MINIMIZATION.  STRATEGY  1.  CONVERGENCE WHEN EDM .LT. 1.00e-04
 FCN=141.867 FROM MIGRAD    STATUS=INITIATE       28 CALLS        1364 TOTAL
                     EDM= unknown      STRATEGY= 1      NO ERROR MATRIX       
  EXT PARAMETER               CURRENT GUESS       STEP         FIRST   
  NO.   NAME      VALUE            ERROR          SIZE      DERIVATIVE 
   1  N0           3.18501e+06   8.13341e+02  -3.05587e+00  -7.28913e-06
   2  tau          6.43838e+01   constant   
   3  A0           3.45961e-01   3.33315e-04   1.00771e-06   8.44078e+00
   4  phi          4.12065e+00   9.56109e-04   1.16827e-06  -5.62908e+00
   5  R           -6.09625e+01   constant   
   6  alpha_CBO    0.00000e+00   1.00000e-03   1.00000e-03  -2.50492e+04
   7  w_CBO        2.32500e+00   constant   
   8  beta_CBO     0.00000e+00     fixed    
   9  alpha_2CBO   0.00000e+00     fixed    
  10  beta_2CBO    0.00000e+00   1.00000e-03   1.00000e-03  -2.23503e+03
  11  alpha_y      0.00000e+00     fixed    
  12  w_y          1.44500e+01   constant   
  13  beta_y       0.00000e+00   1.00000e-03   1.00000e-03  -4.86574e+03
  14  alpha_vw     0.00000e+00     fixed    
  15  w_vw         1.29000e+01   constant   
  16  beta_vw      0.00000e+00     fixed    
  17  LM          -7.20700e-04   constant   
  18  zeta_y       0.00000e+00   constant   
  19  zeta_vw      0.00000e+00   constant   
  20  T_CBO        5.67820e+01   4.64502e+01  -4.25290e-03  -1.87445e+00
  21  alpha_A0     3.64869e-02   9.51776e-02   1.87277e-03  -1.88303e-01
  22  beta_A0      1.54864e-01   4.57360e-01   9.45898e-03  -4.07018e-01
  23  alpha_phi    1.46589e-01   4.64240e-01   9.68267e-03  -2.24072e-01
  24  beta_phi     1.25733e-01   3.96014e-01   8.25639e-03  -2.02859e-01
 CALL LIMIT EXCEEDED IN MIGRAD.
 MIGRAD TERMINATED WITHOUT CONVERGENCE.
 FCN=122.145 FROM MIGRAD    STATUS=CALL LIMIT   1906 CALLS        3242 TOTAL
                     EDM=0.00104386    STRATEGY= 1  ERROR MATRIX UNCERTAINTY   0.5 per cent
  EXT PARAMETER                APPROXIMATE        STEP         FIRST   
  NO.   NAME      VALUE            ERROR          SIZE      DERIVATIVE 
   1  N0           3.18479e+06   7.89429e+02  -2.06294e+00   1.69947e-06
   2  tau          6.43838e+01   constant   
   3  A0           3.45585e-01   3.33186e-04  -6.08280e-07   8.99835e+00
   4  phi          4.12108e+00   9.56773e-04  -1.86312e-06   2.53590e+00
   5  R           -6.09625e+01   constant   
   6  alpha_CBO    1.51329e-03   3.36984e-04  -3.41351e-07   1.08951e+01
   7  w_CBO        2.32500e+00   constant   
   8  beta_CBO     0.00000e+00     fixed    
   9  alpha_2CBO   0.00000e+00     fixed    
  10  beta_2CBO    7.85111e-05   3.41618e-04  -7.06255e-07   1.30759e+01
  11  alpha_y      0.00000e+00     fixed    
  12  w_y          1.44500e+01   constant   
  13  beta_y       2.66001e-04   3.38598e-04   1.12051e-06  -1.47147e+01
  14  alpha_vw     0.00000e+00     fixed    
  15  w_vw         1.29000e+01   constant   
  16  beta_vw      0.00000e+00     fixed    
  17  LM          -7.20700e-04   constant   
  18  zeta_y       0.00000e+00   constant   
  19  zeta_vw      0.00000e+00   constant   
  20  T_CBO        2.33333e+02   3.28889e+02   7.92220e-03  -8.07790e-02
  21  alpha_A0    -1.09256e-03   4.90841e-03   6.50784e-05   9.54385e+00
  22  beta_A0      7.08405e-03   1.22963e-02  -3.53826e-05  -1.53469e+00
  23  alpha_phi    6.55951e-03   1.19114e-02  -4.26430e-05   4.13563e-01
  24  beta_phi     7.19624e-03   1.20085e-02  -4.28279e-05   3.92943e-01
 EXTERNAL ERROR MATRIX.    NDIM=  25    NPAR= 11    ERR DEF=1
  6.232e+05 
  1.480e-02  1.110e-07 
 -1.387e-01 -8.087e-09  9.154e-07 
 -1.807e-02 -2.364e-08  2.896e-08  1.136e-07 
  3.137e-03  1.928e-09 -7.527e-09 -5.989e-09  1.167e-07 
 -4.367e-03  7.638e-10 -1.216e-09 -5.739e-10  5.788e-10  1.146e-07 
  5.827e+03 -2.994e-03  2.278e-03 -4.943e-03 -4.082e-03 -3.332e-03  1.420e+05 
  2.679e-01  1.756e-08 -5.346e-08 -2.425e-07 -1.461e-07 -2.014e-08  1.491e+00  2.409e-05 
 -7.661e-01  2.440e-07  2.386e-08  9.003e-08  2.264e-07  1.479e-07 -4.376e+00 -4.545e-05  1.512e-04 
 -9.368e-01  3.965e-07  3.902e-08  9.560e-08  9.610e-08  6.541e-08 -4.044e+00 -4.333e-05  1.261e-04  1.419e-04 
 -2.715e-01 -1.693e-07  3.870e-07  2.529e-07 -1.165e-07  8.860e-08 -4.189e+00 -4.379e-05  1.266e-04  1.104e-04  1.442e-04 
ERR MATRIX APPROXIMATE
 PARAMETER  CORRELATION COEFFICIENTS  
       NO.  GLOBAL      1      3      4      6     10     13     20     21     22     23     24
        1  0.35220   1.000  0.056 -0.184 -0.068  0.012 -0.016  0.020  0.069 -0.079 -0.100 -0.029
        3  0.31548   0.056  1.000 -0.025 -0.211  0.017  0.007 -0.024  0.011  0.060  0.100 -0.042
        4  0.22332  -0.184 -0.025  1.000  0.090 -0.023 -0.004  0.006 -0.011  0.002  0.003  0.034
        6  0.30395  -0.068 -0.211  0.090  1.000 -0.052 -0.005 -0.039 -0.147  0.022  0.024  0.062
       10  0.22141   0.012  0.017 -0.023 -0.052  1.000  0.005 -0.032 -0.087  0.054  0.024 -0.028
       13  0.05220  -0.016  0.007 -0.004 -0.005  0.005  1.000 -0.026 -0.012  0.036  0.016  0.022
       20  0.98439   0.020 -0.024  0.006 -0.039 -0.032 -0.026  1.000  0.806 -0.944 -0.901 -0.926
       21  0.81976   0.069  0.011 -0.011 -0.147 -0.087 -0.012  0.806  1.000 -0.753 -0.741 -0.743
       22  0.94855  -0.079  0.060  0.002  0.022  0.054  0.036 -0.944 -0.753  1.000  0.861  0.857
       23  0.92288  -0.100  0.100  0.003  0.024  0.024  0.016 -0.901 -0.741  0.861  1.000  0.771
       24  0.94173  -0.029 -0.042  0.034  0.062 -0.028  0.022 -0.926 -0.743  0.857  0.771  1.000
 ERR MATRIX APPROXIMATE
MINUIT - FIT ONLY 2-CBO
 **********
 **   25 **RES 
 **********
                   PARAMETER   16  beta_vw RESTORED TO VARIABLE.
                   PARAMETER   14  alpha_vw RESTORED TO VARIABLE.
                   PARAMETER   11  alpha_y RESTORED TO VARIABLE.
                   PARAMETER    9  alpha_2CBO RESTORED TO VARIABLE.
                   PARAMETER    8  beta_CBO RESTORED TO VARIABLE.
 **********
 **   26 **FIX            0
 **********
 PARAMETER    0  IS UNDEFINED. IGNORED.
 **********
 **   27 **FIX            1
 **********
 **********
 **   28 **FIX            2
 **********
 PARAMETER    2  IS CONSTANT.   IGNORED.
 **********
 **   29 **FIX            3
 **********
 **********
 **   30 **FIX            4
 **********
 **********
 **   31 **FIX            5
 **********
 PARAMETER    5  IS CONSTANT.   IGNORED.
 **********
 **   32 **FIX            6
 **********
 **********
 **   33 **FIX            7
 **********
 PARAMETER    7  IS CONSTANT.   IGNORED.
 **********
 **   34 **FIX           10
 **********
 **********
 **   35 **FIX           11
 **********
 **********
 **   36 **FIX           12
 **********
 PARAMETER   12  IS CONSTANT.   IGNORED.
 **********
 **   37 **FIX           13
 **********
 **********
 **   38 **FIX           14
 **********
 **********
 **   39 **FIX           15
 **********
 PARAMETER   15  IS CONSTANT.   IGNORED.
 **********
 **   40 **FIX           16
 **********
 **********
 **   41 **MIGRAD
 **********
 START MIGRAD MINIMIZATION.  STRATEGY  1.  CONVERGENCE WHEN EDM .LT. 1.00e-04
 FCN=122.145 FROM MIGRAD    STATUS=INITIATE       16 CALLS        3258 TOTAL
                     EDM= unknown      STRATEGY= 1      NO ERROR MATRIX       
  EXT PARAMETER               CURRENT GUESS       STEP         FIRST   
  NO.   NAME      VALUE            ERROR          SIZE      DERIVATIVE 
   1  N0           3.18479e+06     fixed    
   2  tau          6.43838e+01   constant   
   3  A0           3.45585e-01     fixed    
   4  phi          4.12108e+00     fixed    
   5  R           -6.09625e+01   constant   
   6  alpha_CBO    1.51329e-03     fixed    
   7  w_CBO        2.32500e+00   constant   
   8  beta_CBO     0.00000e+00   1.00000e-03   1.00000e-03  -4.49689e+04
   9  alpha_2CBO   0.00000e+00   1.00000e-03   1.00000e-03   2.09017e+03
  10  beta_2CBO    7.85111e-05     fixed    
  11  alpha_y      0.00000e+00     fixed    
  12  w_y          1.44500e+01   constant   
  13  beta_y       2.66001e-04     fixed    
  14  alpha_vw     0.00000e+00     fixed    
  15  w_vw         1.29000e+01   constant   
  16  beta_vw      0.00000e+00     fixed    
  17  LM          -7.20700e-04   constant   
  18  zeta_y       0.00000e+00   constant   
  19  zeta_vw      0.00000e+00   constant   
  20  T_CBO        2.33333e+02   3.28889e+02   7.92220e-03  -8.07803e-02
  21  alpha_A0    -1.09256e-03   4.90841e-03   6.50784e-05   9.54385e+00
  22  beta_A0      7.08405e-03   1.22963e-02  -3.53826e-05  -1.53469e+00
  23  alpha_phi    6.55951e-03   1.19114e-02  -4.26430e-05   4.13563e-01
  24  beta_phi     7.19624e-03   1.20085e-02  -4.28279e-05   3.92943e-01
 CALL LIMIT EXCEEDED IN MIGRAD.
 MIGRAD TERMINATED WITHOUT CONVERGENCE.
 FCN=60.676 FROM MIGRAD    STATUS=CALL LIMIT   1154 CALLS        4396 TOTAL
                     EDM=0.000257431    STRATEGY= 1  ERROR MATRIX UNCERTAINTY  10.3 per cent
  EXT PARAMETER                APPROXIMATE        STEP         FIRST   
  NO.   NAME      VALUE            ERROR          SIZE      DERIVATIVE 
   1  N0           3.18479e+06     fixed    
   2  tau          6.43838e+01   constant   
   3  A0           3.45585e-01     fixed    
   4  phi          4.12108e+00     fixed    
   5  R           -6.09625e+01   constant   
   6  alpha_CBO    1.51329e-03     fixed    
   7  w_CBO        2.32500e+00   constant   
   8  beta_CBO     2.73575e-03   3.39311e-04  -7.61699e-07  -1.10919e+01
   9  alpha_2CBO   5.34370e-05   3.30605e-04   1.25130e-06   3.12711e+01
  10  beta_2CBO    7.85111e-05     fixed    
  11  alpha_y      0.00000e+00     fixed    
  12  w_y          1.44500e+01   constant   
  13  beta_y       2.66001e-04     fixed    
  14  alpha_vw     0.00000e+00     fixed    
  15  w_vw         1.29000e+01   constant   
  16  beta_vw      0.00000e+00     fixed    
  17  LM          -7.20700e-04   constant   
  18  zeta_y       0.00000e+00   constant   
  19  zeta_vw      0.00000e+00   constant   
  20  T_CBO        4.26335e+01   1.51996e+01  -7.20558e-04  -2.35001e+00
  21  alpha_A0    -1.37197e-01   2.34958e-01  -2.01882e-03   1.69559e-01
  22  beta_A0      2.15017e-01   4.23973e-01   3.39360e-03   1.26078e-01
  23  alpha_phi    5.26892e-01   1.05017e+00   8.48623e-03   1.03593e-01
  24  beta_phi     6.76282e-01   1.06852e+00   9.38255e-03  -2.88651e-01
 EXTERNAL ERROR MATRIX.    NDIM=  25    NPAR=  7    ERR DEF=1
  1.151e-07  1.016e-08  6.223e-04  1.015e-05 -1.825e-05 -4.497e-05 -4.621e-05 
  1.016e-08  1.093e-07 -4.969e-04 -8.801e-06  1.333e-05  3.370e-05  4.198e-05 
  6.223e-04 -4.969e-04  2.315e+02  3.548e+00 -6.338e+00 -1.573e+01 -1.616e+01 
  1.015e-05 -8.801e-06  3.548e+00  5.521e-02 -9.921e-02 -2.460e-01 -2.509e-01 
 -1.825e-05  1.333e-05 -6.338e+00 -9.921e-02  1.798e-01  4.452e-01  4.499e-01 
 -4.497e-05  3.370e-05 -1.573e+01 -2.460e-01  4.452e-01  1.103e+00  1.116e+00 
 -4.621e-05  4.198e-05 -1.616e+01 -2.509e-01  4.499e-01  1.116e+00  1.142e+00 
ERR MATRIX APPROXIMATE
 PARAMETER  CORRELATION COEFFICIENTS  
       NO.  GLOBAL      8      9     20     21     22     23     24
        8  0.22748   1.000  0.091  0.121  0.127 -0.127 -0.126 -0.127
        9  0.41554   0.091  1.000 -0.099 -0.113  0.095  0.097  0.119
       20  0.99591   0.121 -0.099  1.000  0.992 -0.983 -0.984 -0.994
       21  0.99989   0.127 -0.113  0.992  1.000 -0.996 -0.997 -0.999
       22  0.99995  -0.127  0.095 -0.983 -0.996  1.000  1.000  0.993
       23  0.99996  -0.126  0.097 -0.984 -0.997  1.000  1.000  0.995
       24  0.99983  -0.127  0.119 -0.994 -0.999  0.993  0.995  1.000
 ERR MATRIX APPROXIMATE
MINUIT - FIT wiggle + 1-CBO + 2-CBO
 **********
 **   42 **RES 
 **********
                   PARAMETER   16  beta_vw RESTORED TO VARIABLE.
                   PARAMETER   14  alpha_vw RESTORED TO VARIABLE.
                   PARAMETER   13  beta_y RESTORED TO VARIABLE.
                   PARAMETER   11  alpha_y RESTORED TO VARIABLE.
                   PARAMETER   10  beta_2CBO RESTORED TO VARIABLE.
                   PARAMETER    6  alpha_CBO RESTORED TO VARIABLE.
                   PARAMETER    4  phi RESTORED TO VARIABLE.
                   PARAMETER    3  A0 RESTORED TO VARIABLE.
                   PARAMETER    1  N0 RESTORED TO VARIABLE.
 **********
 **   43 **FIX           10
 **********
 **********
 **   44 **FIX           11
 **********
 **********
 **   45 **FIX           12
 **********
 PARAMETER   12  IS CONSTANT.   IGNORED.
 **********
 **   46 **FIX           13
 **********
 **********
 **   47 **FIX           14
 **********
 **********
 **   48 **FIX           15
 **********
 PARAMETER   15  IS CONSTANT.   IGNORED.
 **********
 **   49 **FIX           16
 **********
 **********
 **   50 **MIGRAD
 **********
 START MIGRAD MINIMIZATION.  STRATEGY  1.  CONVERGENCE WHEN EDM .LT. 1.00e-04
 FCN=60.676 FROM MIGRAD    STATUS=INITIATE       22 CALLS        4418 TOTAL
                     EDM= unknown      STRATEGY= 1      NO ERROR MATRIX       
  EXT PARAMETER               CURRENT GUESS       STEP         FIRST   
  NO.   NAME      VALUE            ERROR          SIZE      DERIVATIVE 
   1  N0           3.18479e+06   7.89429e+02   7.89429e+02   1.44397e-03
   2  tau          6.43838e+01   constant   
   3  A0           3.45585e-01   3.33186e-04   3.33186e-04   4.36214e+03
   4  phi          4.12108e+00   9.56773e-04   9.56773e-04   2.86111e+03
   5  R           -6.09625e+01   constant   
   6  alpha_CBO    1.51329e-03   3.36984e-04   3.36984e-04   5.50626e+01
   7  w_CBO        2.32500e+00   constant   
   8  beta_CBO     2.73575e-03   3.39311e-04  -7.61699e-07  -1.10919e+01
   9  alpha_2CBO   5.34370e-05   3.30605e-04   1.25130e-06   3.12711e+01
  10  beta_2CBO    7.85111e-05     fixed    
  11  alpha_y      0.00000e+00     fixed    
  12  w_y          1.44500e+01   constant   
  13  beta_y       2.66001e-04     fixed    
  14  alpha_vw     0.00000e+00     fixed    
  15  w_vw         1.29000e+01   constant   
  16  beta_vw      0.00000e+00     fixed    
  17  LM          -7.20700e-04   constant   
  18  zeta_y       0.00000e+00   constant   
  19  zeta_vw      0.00000e+00   constant   
  20  T_CBO        4.26335e+01   1.51996e+01  -7.20558e-04  -2.35001e+00
  21  alpha_A0    -1.37197e-01   2.34958e-01  -2.01882e-03   1.69558e-01
  22  beta_A0      2.15017e-01   4.23973e-01   3.39360e-03   1.26078e-01
  23  alpha_phi    5.26892e-01   1.05017e+00   8.48623e-03   1.03593e-01
  24  beta_phi     6.76282e-01   1.06852e+00   9.38255e-03  -2.88651e-01
 MIGRAD MINIMIZATION HAS CONVERGED.
 MIGRAD WILL VERIFY CONVERGENCE AND ERROR MATRIX.
 FCN=58.1243 FROM HESSE     STATUS=NOT POSDEF    100 CALLS        4638 TOTAL
                     EDM=0.000560454    STRATEGY= 1      ERR MATRIX NOT POS-DEF
  EXT PARAMETER                APPROXIMATE        STEP         FIRST   
  NO.   NAME      VALUE            ERROR          SIZE      DERIVATIVE 
   1  N0           3.18452e+06   8.09119e+02   2.82175e+00   3.40020e-07
   2  tau          6.43838e+01   constant   
   3  A0           3.45329e-01   3.47215e-04   1.21781e-06  -2.61807e-01
   4  phi          4.11983e+00   9.74407e-04   3.51886e-06  -9.22050e-03
   5  R           -6.09625e+01   constant   
   6  alpha_CBO    1.53497e-03   3.47226e-04   1.23883e-06  -1.47912e+01
   7  w_CBO        2.32500e+00   constant   
   8  beta_CBO     2.85564e-03   3.55894e-04   1.29089e-06   4.04396e+00
   9  alpha_2CBO   9.53755e-05   3.48836e-04   1.26945e-06  -2.94421e+00
  10  beta_2CBO    7.85111e-05     fixed    
  11  alpha_y      0.00000e+00     fixed    
  12  w_y          1.44500e+01   constant   
  13  beta_y       2.66001e-04     fixed    
  14  alpha_vw     0.00000e+00     fixed    
  15  w_vw         1.29000e+01   constant   
  16  beta_vw      0.00000e+00     fixed    
  17  LM          -7.20700e-04   constant   
  18  zeta_y       0.00000e+00   constant   
  19  zeta_vw      0.00000e+00   constant   
  20  T_CBO        4.25733e+01   3.51736e+01   4.29215e-05   1.78344e-01
  21  alpha_A0    -1.41596e-01   6.73955e-01   9.85086e-04   5.39861e-04
  22  beta_A0      1.95642e-01   8.96526e-01   1.03405e-03   8.72787e-04
  23  alpha_phi    5.09521e-01   2.27274e+00   9.99407e-04  -4.01418e-03
  24  beta_phi     6.90044e-01   3.04232e+00   1.00762e-03  -2.40758e-03
 CALL LIMIT EXCEEDED IN MIGRAD.
 MIGRAD TERMINATED WITHOUT CONVERGENCE.
 FCN=58.0983 FROM MIGRAD    STATUS=CALL LIMIT   1916 CALLS        6312 TOTAL
                     EDM=0.000962513    STRATEGY= 1      ERR MATRIX NOT POS-DEF
  EXT PARAMETER                APPROXIMATE        STEP         FIRST   
  NO.   NAME      VALUE            ERROR          SIZE      DERIVATIVE 
   1  N0           3.18451e+06   8.02819e+02  -1.91191e+00  -1.19336e-05
   2  tau          6.43838e+01   constant   
   3  A0           3.45352e-01   3.42277e-04   6.75391e-07   1.71132e+01
   4  phi          4.11984e+00   9.79450e-04   9.64313e-07   8.91214e-01
   5  R           -6.09625e+01   constant   
   6  alpha_CBO    1.53212e-03   3.49047e-04   1.04158e-06   2.49126e+01
   7  w_CBO        2.32500e+00   constant   
   8  beta_CBO     2.85838e-03   3.57858e-04  -2.41456e-07  -1.31077e+01
   9  alpha_2CBO   9.42097e-05   3.46308e-04  -6.75108e-09   8.06448e+00
  10  beta_2CBO    7.85111e-05     fixed    
  11  alpha_y      0.00000e+00     fixed    
  12  w_y          1.44500e+01   constant   
  13  beta_y       2.66001e-04     fixed    
  14  alpha_vw     0.00000e+00     fixed    
  15  w_vw         1.29000e+01   constant   
  16  beta_vw      0.00000e+00     fixed    
  17  LM          -7.20700e-04   constant   
  18  zeta_y       0.00000e+00   constant   
  19  zeta_vw      0.00000e+00   constant   
  20  T_CBO        2.70208e+01   1.33609e+01  -1.69275e-03  -5.38148e+00
  21  alpha_A0    -2.99777e+00   1.20233e+01  -2.29167e-01   1.57655e-03
  22  beta_A0      3.92501e+00   1.57182e+01   3.20915e-01  -3.64778e-05
  23  alpha_phi    1.09430e+01   4.30576e+01   8.81582e-01  -3.39805e-03
  24  beta_phi     1.44807e+01   5.58554e+01   1.14203e+00  -4.96149e-03
 EXTERNAL ERROR MATRIX.    NDIM=  25    NPAR= 11    ERR DEF=1
  6.445e+05 
  8.790e-03  1.172e-07 
 -1.413e-01 -8.364e-09  9.593e-07 
 -2.216e-02 -2.636e-08  3.789e-08  1.218e-07 
 -1.832e-02 -1.393e-08 -4.943e-08  1.462e-09  1.281e-07 
 -1.480e-02 -1.858e-09 -1.909e-08 -8.106e-09  8.873e-09  1.199e-07 
  2.975e+02 -5.665e-04  1.165e-04 -1.201e-05  1.580e-04 -5.998e-05  1.789e+02 
  3.673e+02 -3.042e-04 -3.069e-04 -3.109e-04 -1.711e-06  5.763e-05  1.530e+02  1.446e+02 
 -7.308e+02  8.460e-04 -1.730e-04 -1.378e-05 -3.657e-04  1.867e-04 -2.076e+02 -1.699e+02  2.471e+02 
 -1.820e+03  2.050e-03 -1.177e-04  2.337e-04 -7.411e-04  3.055e-04 -5.745e+02 -4.872e+02  6.727e+02  1.854e+03 
 -2.264e+03  2.518e-03  1.702e-05  4.050e-04 -8.547e-04  3.539e-04 -7.459e+02 -6.391e+02  8.691e+02  2.404e+03  3.120e+03 
ERR MATRIX NOT POS-DEF
 PARAMETER  CORRELATION COEFFICIENTS  
       NO.  GLOBAL      1      3      4      6      8      9     20     21     22     23     24
        1  0.47322   1.000  0.032 -0.180 -0.079 -0.064 -0.053  0.028  0.038 -0.058 -0.053 -0.050
        3  0.42871   0.032  1.000 -0.025 -0.221 -0.114 -0.016 -0.124 -0.074  0.157  0.139  0.132
        4  0.29831  -0.180 -0.025  1.000  0.111 -0.141 -0.056  0.009 -0.026 -0.011 -0.003  0.000
        6  0.47135  -0.079 -0.221  0.111  1.000  0.012 -0.067 -0.003 -0.074 -0.003  0.016  0.021
        8  0.35648  -0.064 -0.114 -0.141  0.012  1.000  0.072  0.033 -0.000 -0.065 -0.048 -0.043
        9  0.28222  -0.053 -0.016 -0.056 -0.067  0.072  1.000 -0.013  0.014  0.034  0.020  0.018
       20  0.99891   0.028 -0.124  0.009 -0.003  0.033 -0.013  1.000  0.952 -0.987 -0.998 -0.998
       21  0.99891   0.038 -0.074 -0.026 -0.074 -0.000  0.014  0.952  1.000 -0.899 -0.941 -0.952
       22  0.99980  -0.058  0.157 -0.011 -0.003 -0.065  0.034 -0.987 -0.899  1.000  0.994  0.990
       23  0.99997  -0.053  0.139 -0.003  0.016 -0.048  0.020 -0.998 -0.941  0.994  1.000  0.999
       24  0.99997  -0.050  0.132  0.000  0.021 -0.043  0.018 -0.998 -0.952  0.990  0.999  1.000
 ERR MATRIX NOT POS-DEF
MINUIT - FIT ONLY 1-y
 **********
 **   51 **RES 
 **********
                   PARAMETER   16  beta_vw RESTORED TO VARIABLE.
                   PARAMETER   14  alpha_vw RESTORED TO VARIABLE.
                   PARAMETER   13  beta_y RESTORED TO VARIABLE.
                   PARAMETER   11  alpha_y RESTORED TO VARIABLE.
                   PARAMETER   10  beta_2CBO RESTORED TO VARIABLE.
 **********
 **   52 **FIX            0
 **********
 PARAMETER    0  IS UNDEFINED. IGNORED.
 **********
 **   53 **FIX            1
 **********
 **********
 **   54 **FIX            2
 **********
 PARAMETER    2  IS CONSTANT.   IGNORED.
 **********
 **   55 **FIX            3
 **********
 **********
 **   56 **FIX            4
 **********
 **********
 **   57 **FIX            5
 **********
 PARAMETER    5  IS CONSTANT.   IGNORED.
 **********
 **   58 **FIX            6
 **********
 **********
 **   59 **FIX            7
 **********
 PARAMETER    7  IS CONSTANT.   IGNORED.
 **********
 **   60 **FIX            8
 **********
 **********
 **   61 **FIX            9
 **********
 **********
 **   62 **FIX           13
 **********
 **********
 **   63 **FIX           14
 **********
 **********
 **   64 **FIX           15
 **********
 PARAMETER   15  IS CONSTANT.   IGNORED.
 **********
 **   65 **FIX           16
 **********
 **********
 **   66 **MIGRAD
 **********
 START MIGRAD MINIMIZATION.  STRATEGY  1.  CONVERGENCE WHEN EDM .LT. 1.00e-04
 FCN=58.0983 FROM MIGRAD    STATUS=INITIATE       16 CALLS        6328 TOTAL
                     EDM= unknown      STRATEGY= 1      NO ERROR MATRIX       
  EXT PARAMETER               CURRENT GUESS       STEP         FIRST   
  NO.   NAME      VALUE            ERROR          SIZE      DERIVATIVE 
   1  N0           3.18451e+06     fixed    
   2  tau          6.43838e+01   constant   
   3  A0           3.45352e-01     fixed    
   4  phi          4.11984e+00     fixed    
   5  R           -6.09625e+01   constant   
   6  alpha_CBO    1.53212e-03     fixed    
   7  w_CBO        2.32500e+00   constant   
   8  beta_CBO     2.85838e-03     fixed    
   9  alpha_2CBO   9.42097e-05     fixed    
  10  beta_2CBO    7.85111e-05   3.41618e-04   3.41618e-04   1.12009e+03
  11  alpha_y      0.00000e+00   1.00000e-03   1.00000e-03  -9.71675e+03
  12  w_y          1.44500e+01   constant   
  13  beta_y       2.66001e-04     fixed    
  14  alpha_vw     0.00000e+00     fixed    
  15  w_vw         1.29000e+01   constant   
  16  beta_vw      0.00000e+00     fixed    
  17  LM          -7.20700e-04   constant   
  18  zeta_y       0.00000e+00   constant   
  19  zeta_vw      0.00000e+00   constant   
  20  T_CBO        2.70208e+01   1.33609e+01  -1.69275e-03  -5.38150e+00
  21  alpha_A0    -2.99777e+00   1.20233e+01  -2.29167e-01   1.57655e-03
  22  beta_A0      3.92501e+00   1.57182e+01   3.20915e-01  -3.64751e-05
  23  alpha_phi    1.09430e+01   4.30576e+01   8.81582e-01  -3.39805e-03
  24  beta_phi     1.44807e+01   5.58554e+01   1.14203e+00  -4.96149e-03
 MIGRAD MINIMIZATION HAS CONVERGED.
 MIGRAD WILL VERIFY CONVERGENCE AND ERROR MATRIX.
 FCN=55.432 FROM HESSE     STATUS=NOT POSDEF     50 CALLS        6441 TOTAL
                     EDM=0.000252012    STRATEGY= 1      ERR MATRIX NOT POS-DEF
  EXT PARAMETER                APPROXIMATE        STEP         FIRST   
  NO.   NAME      VALUE            ERROR          SIZE      DERIVATIVE 
   1  N0           3.18451e+06     fixed    
   2  tau          6.43838e+01   constant   
   3  A0           3.45352e-01     fixed    
   4  phi          4.11984e+00     fixed    
   5  R           -6.09625e+01   constant   
   6  alpha_CBO    1.53212e-03     fixed    
   7  w_CBO        2.32500e+00   constant   
   8  beta_CBO     2.85838e-03     fixed    
   9  alpha_2CBO   9.42097e-05     fixed    
  10  beta_2CBO    2.14889e-05   3.41896e-04   1.22972e-06   3.99210e-01
  11  alpha_y      5.42017e-04   3.33505e-04   1.22581e-06  -3.52615e-01
  12  w_y          1.44500e+01   constant   
  13  beta_y       2.66001e-04     fixed    
  14  alpha_vw     0.00000e+00     fixed    
  15  w_vw         1.29000e+01   constant   
  16  beta_vw      0.00000e+00     fixed    
  17  LM          -7.20700e-04   constant   
  18  zeta_y       0.00000e+00   constant   
  19  zeta_vw      0.00000e+00   constant   
  20  T_CBO        2.70421e+01   1.43854e+01   2.07722e-05   1.87366e-01
  21  alpha_A0    -2.90596e+00   1.39847e+01   2.02997e-02  -7.94376e-05
  22  beta_A0      3.82508e+00   1.76252e+01   2.11557e-02   5.30346e-05
  23  alpha_phi    1.08377e+01   4.85549e+01   2.03724e-02  -2.03188e-04
  24  beta_phi     1.48116e+01   6.59496e+01   2.07172e-02  -1.09286e-04
 CALL LIMIT EXCEEDED IN MIGRAD.
 MIGRAD TERMINATED WITHOUT CONVERGENCE.
 FCN=55.4217 FROM MIGRAD    STATUS=CALL LIMIT   1157 CALLS        7469 TOTAL
                     EDM=3.44601e-05    STRATEGY= 1      ERR MATRIX NOT POS-DEF
  EXT PARAMETER                APPROXIMATE        STEP         FIRST   
  NO.   NAME      VALUE            ERROR          SIZE      DERIVATIVE 
   1  N0           3.18451e+06     fixed    
   2  tau          6.43838e+01   constant   
   3  A0           3.45352e-01     fixed    
   4  phi          4.11984e+00     fixed    
   5  R           -6.09625e+01   constant   
   6  alpha_CBO    1.53212e-03     fixed    
   7  w_CBO        2.32500e+00   constant   
   8  beta_CBO     2.85838e-03     fixed    
   9  alpha_2CBO   9.42097e-05     fixed    
  10  beta_2CBO    1.95633e-05   3.41294e-04  -1.19986e-06  -9.15655e+00
  11  alpha_y      5.41376e-04   3.30116e-04  -1.84863e-06  -1.13509e+01
  12  w_y          1.44500e+01   constant   
  13  beta_y       2.66001e-04     fixed    
  14  alpha_vw     0.00000e+00     fixed    
  15  w_vw         1.29000e+01   constant   
  16  beta_vw      0.00000e+00     fixed    
  17  LM          -7.20700e-04   constant   
  18  zeta_y       0.00000e+00   constant   
  19  zeta_vw      0.00000e+00   constant   
  20  T_CBO        2.11173e+01   1.42751e+01  -5.32495e-04  -1.61024e+00
  21  alpha_A0    -3.02322e+01   2.10805e+02  -1.09543e+00   4.51551e-05
  22  beta_A0      3.74251e+01   2.46310e+02   1.24987e+00  -1.62586e-05
  23  alpha_phi    1.13096e+02   7.95801e+02   4.25868e+00  -1.20122e-04
  24  beta_phi     1.53777e+02   1.07111e+03   5.68113e+00  -5.45327e-05
 EXTERNAL ERROR MATRIX.    NDIM=  25    NPAR=  7    ERR DEF=1
  1.165e-07  9.277e-11  6.651e-04  9.762e-03 -1.076e-02 -4.044e-02 -5.324e-02 
  9.277e-11  1.090e-07  9.524e-04  1.420e-02 -1.590e-02 -5.570e-02 -7.378e-02 
  6.651e-04  9.524e-04  2.045e+02  3.007e+03 -3.497e+03 -1.136e+04 -1.530e+04 
  9.762e-03  1.420e-02  3.007e+03  4.444e+04 -5.179e+04 -1.671e+05 -2.254e+05 
 -1.076e-02 -1.590e-02 -3.497e+03 -5.179e+04  6.067e+04  1.939e+05  2.620e+05 
 -4.044e-02 -5.570e-02 -1.136e+04 -1.671e+05  1.939e+05  6.333e+05  8.520e+05 
 -5.324e-02 -7.378e-02 -1.530e+04 -2.254e+05  2.620e+05  8.520e+05  1.147e+06 
ERR MATRIX NOT POS-DEF
 PARAMETER  CORRELATION COEFFICIENTS  
       NO.  GLOBAL     10     11     20     21     22     23     24
       10  0.34348   1.000  0.001  0.136  0.136 -0.128 -0.149 -0.146
       11  0.30675   0.001  1.000  0.202  0.204 -0.196 -0.212 -0.209
       20  0.99936   0.136  0.202  1.000  0.998 -0.993 -0.999 -0.999
       21  0.99959   0.136  0.204  0.998  1.000 -0.997 -0.996 -0.998
       22  0.99923  -0.128 -0.196 -0.993 -0.997  1.000  0.989  0.993
       23  0.99993  -0.149 -0.212 -0.999 -0.996  0.989  1.000  1.000
       24  0.99996  -0.146 -0.209 -0.999 -0.998  0.993  1.000  1.000
 ERR MATRIX NOT POS-DEF
MINUIT - FIT ONLY 2-y
 **********
 **   67 **RES 
 **********
                   PARAMETER   16  beta_vw RESTORED TO VARIABLE.
                   PARAMETER   14  alpha_vw RESTORED TO VARIABLE.
                   PARAMETER   13  beta_y RESTORED TO VARIABLE.
                   PARAMETER    9  alpha_2CBO RESTORED TO VARIABLE.
                   PARAMETER    8  beta_CBO RESTORED TO VARIABLE.
                   PARAMETER    6  alpha_CBO RESTORED TO VARIABLE.
                   PARAMETER    4  phi RESTORED TO VARIABLE.
                   PARAMETER    3  A0 RESTORED TO VARIABLE.
                   PARAMETER    1  N0 RESTORED TO VARIABLE.
 **********
 **   68 **FIX            0
 **********
 PARAMETER    0  IS UNDEFINED. IGNORED.
 **********
 **   69 **FIX            1
 **********
 **********
 **   70 **FIX            2
 **********
 PARAMETER    2  IS CONSTANT.   IGNORED.
 **********
 **   71 **FIX            3
 **********
 **********
 **   72 **FIX            4
 **********
 **********
