 + ++++++++++++++++++++++++++++++++++++++++++++++++++++++++++++++++++++ +
 +                                                                      +
 +           You have chose to blind your fitting according to          +
 +                omega_ref * (1 + (R +/- deltaR) *10^{-6})             +
 +                                                                      +
 + ++++++++++++++++++++++++++++++++++++++++++++++++++++++++++++++++++++ +
In main()...
reading format from /gm2data/zkhechad/run45/envelope/formats/formatB_sBin_constraintOn.txt
pBinTau 	= 0  
pBinPhi 	= 0  
constraintau 	= 1 
includeMopTerm 	= 0    
constrainMop    = 0   
Parameters after format file: pBinTau 0 pBinPhi 0 constraintau 1 includeMopTerm 0 constrainMop 0 c_e_scale 0.000000 
Opening file /gm2data/tbarrett/gm2fr/studies/run23_bunch_corrections/CorrectedFourier_Run3b.root.
reading full fit data from /gm2data/zkhechad/cboTemplates/Run4CBOTemplates/fullFits/noRF/sBin_constraintOn_cE0.0_seed0_noRF_calo0.root
windowBins = 69
fitting sliding window 1750 from bin 1886 at 281.242000 to bin 1955 at 291.686000 (69 bins)

Reading data from /gm2data/cornell/histograms/aMethod/histogram_a_noRF.root
 **********
 **    1 **SET PRINTOUT            1
 **********
 **********
 **    2 **SET NOWARNINGS 
 **********
 PARAMETER DEFINITIONS:
    NO.   NAME         VALUE      STEP SIZE      LIMITS
     1 N0           7.53894e+07  1.00000e+02     no limits
     2 tau          6.44000e+01  constant
     3 A0           3.53538e-01  1.00000e-04     no limits
     4 phi          4.11945e+00  1.00000e-02     no limits
     5 R           -6.07615e+01  constant
     6 alpha_CBO    0.00000e+00  1.00000e-03     no limits
     7 w_CBO        2.32500e+00  constant
     8 beta_CBO     0.00000e+00  1.00000e-03     no limits
     9 alpha_2CBO   0.00000e+00  1.00000e-03     no limits
    10 beta_2CBO    0.00000e+00  1.00000e-03     no limits
    11 alpha_y      0.00000e+00  1.00000e-03     no limits
    12 w_y          1.38860e+01  constant
    13 beta_y       0.00000e+00  1.00000e-03     no limits
    14 alpha_vw     0.00000e+00  1.00000e-03     no limits
    15 w_vw         1.43404e+01  constant
    16 beta_vw      0.00000e+00  1.00000e-03     no limits
    17 LM          -1.74374e-04  constant
    18 zeta_y       0.00000e+00  constant
    19 zeta_vw      0.00000e+00  constant
    20 T_CBO        1.00000e+02  1.00000e+00    0.00000e+00  1.00000e+03
    21 alpha_A0     0.00000e+00  1.00000e-04   -1.00000e-02  1.00000e-02
    22 beta_A0      0.00000e+00  1.00000e-04   -1.00000e-02  1.00000e-02
    23 alpha_phi    0.00000e+00  1.00000e-04   -1.00000e-02  1.00000e-02
    24 beta_phi     0.00000e+00  1.00000e-04   -1.00000e-02  1.00000e-02
MINUIT - FIT ONLY WIGGLE
 **********
 **    3 **FIX            5
 **********
 PARAMETER    5  IS CONSTANT.   IGNORED.
 **********
 **    4 **FIX            6
 **********
 **********
 **    5 **FIX            7
 **********
 PARAMETER    7  IS CONSTANT.   IGNORED.
 **********
 **    6 **FIX            8
 **********
 **********
 **    7 **FIX            9
 **********
 **********
 **    8 **FIX           10
 **********
 **********
 **    9 **FIX           11
 **********
 **********
 **   10 **FIX           12
 **********
 PARAMETER   12  IS CONSTANT.   IGNORED.
 **********
 **   11 **FIX           13
 **********
 **********
 **   12 **FIX           14
 **********
 **********
 **   13 **FIX           15
 **********
 PARAMETER   15  IS CONSTANT.   IGNORED.
 **********
 **   14 **FIX           16
 **********
 **********
 **   15 **MIGRAD
 **********
 FIRST CALL TO USER FUNCTION AT NEW START POINT, WITH IFLAG=4.
 START MIGRAD MINIMIZATION.  STRATEGY  1.  CONVERGENCE WHEN EDM .LT. 1.00e-04
 FCN=80.3726 FROM MIGRAD    STATUS=INITIATE      435 CALLS         436 TOTAL
                     EDM= unknown      STRATEGY= 1      NO ERROR MATRIX       
  EXT PARAMETER               CURRENT GUESS       STEP         FIRST   
  NO.   NAME      VALUE            ERROR          SIZE      DERIVATIVE 
   1  N0           7.53894e+07   1.00000e+02   0.00000e+00  -2.78603e-04
   2  tau          6.44000e+01   constant   
   3  A0           3.53538e-01   1.00000e-04   0.00000e+00  -2.16097e+04
   4  phi          4.11945e+00   1.00000e-02   0.00000e+00  -2.07682e+03
   5  R           -6.07615e+01   constant   
   6  alpha_CBO    0.00000e+00     fixed    
   7  w_CBO        2.32500e+00   constant   
   8  beta_CBO     0.00000e+00     fixed    
   9  alpha_2CBO   0.00000e+00     fixed    
  10  beta_2CBO    0.00000e+00     fixed    
  11  alpha_y      0.00000e+00     fixed    
  12  w_y          1.38860e+01   constant   
  13  beta_y       0.00000e+00     fixed    
  14  alpha_vw     0.00000e+00     fixed    
  15  w_vw         1.43404e+01   constant   
  16  beta_vw      0.00000e+00     fixed    
  17  LM          -1.74374e-04   constant   
  18  zeta_y       0.00000e+00   constant   
  19  zeta_vw      0.00000e+00   constant   
  20  T_CBO        1.00000e+02   1.00000e+00   0.00000e+00   0.00000e+00
  21  alpha_A0     0.00000e+00   1.00000e-04   0.00000e+00   6.43092e-01
  22  beta_A0      0.00000e+00   1.00000e-04   0.00000e+00   1.88040e+00
  23  alpha_phi    0.00000e+00   1.00000e-04   0.00000e+00  -1.76525e+00
  24  beta_phi     0.00000e+00   1.00000e-04   0.00000e+00   4.41095e-01
 MIGRAD MINIMIZATION HAS CONVERGED.
 FCN=77.4777 FROM MIGRAD    STATUS=CONVERGED     826 CALLS         827 TOTAL
                     EDM=6.53051e-06    STRATEGY= 1  ERROR MATRIX UNCERTAINTY   1.3 per cent
  EXT PARAMETER                                   STEP         FIRST   
  NO.   NAME      VALUE            ERROR          SIZE      DERIVATIVE 
   1  N0           7.53934e+07   5.78714e+03   2.01719e+00  -4.00181e-07
   2  tau          6.44000e+01   constant   
   3  A0           3.53650e-01   1.04578e-04   1.22542e-08   9.42810e+00
   4  phi          4.11959e+00   3.26526e-04   1.11754e-07  -1.32544e+00
   5  R           -6.07615e+01   constant   
   6  alpha_CBO    0.00000e+00     fixed    
   7  w_CBO        2.32500e+00   constant   
   8  beta_CBO     0.00000e+00     fixed    
   9  alpha_2CBO   0.00000e+00     fixed    
  10  beta_2CBO    0.00000e+00     fixed    
  11  alpha_y      0.00000e+00     fixed    
  12  w_y          1.38860e+01   constant   
  13  beta_y       0.00000e+00     fixed    
  14  alpha_vw     0.00000e+00     fixed    
  15  w_vw         1.43404e+01   constant   
  16  beta_vw      0.00000e+00     fixed    
  17  LM          -1.74374e-04   constant   
  18  zeta_y       0.00000e+00   constant   
  19  zeta_vw      0.00000e+00   constant   
  20  T_CBO        8.04144e+01   2.42683e+01   4.29324e-04   1.07227e-02
  21  alpha_A0    -1.40760e-03   1.42776e-02   4.87036e-03  -1.54527e-03
  22  beta_A0     -9.98743e-03   1.21849e-02   9.92297e-03  -1.77584e-04
  23  alpha_phi    9.99765e-03   1.39038e-02  -8.45331e-03  -4.74686e-04
  24  beta_phi    -4.00060e-03   1.29996e-02   2.93364e-03   1.36668e-03
 EXTERNAL ERROR MATRIX.    NDIM=  25    NPAR=  8    ERR DEF=1
  3.349e+07 -4.529e-02  4.970e-02 -4.625e+02 -4.487e+00  7.786e-01 -1.539e-01 -2.842e-01 
 -4.529e-02  1.094e-08  1.444e-09 -8.235e-05  1.593e-07 -9.744e-10 -5.954e-10 -6.374e-08 
  4.970e-02  1.444e-09  1.066e-07  5.333e-04  5.300e-07  1.407e-08 -1.638e-09 -1.955e-07 
 -4.625e+02 -8.235e-05  5.333e-04  5.905e+02  7.887e-02  3.459e-02 -1.368e-02  1.104e-01 
 -4.487e+00  1.593e-07  5.300e-07  7.887e-02  2.253e-04 -3.579e-06  1.977e-06  2.717e-05 
  7.786e-01 -9.744e-10  1.407e-08  3.459e-02 -3.579e-06  1.341e-05 -5.954e-06 -8.636e-06 
 -1.539e-01 -5.954e-10 -1.638e-09 -1.368e-02  1.977e-06 -5.954e-06  2.725e-06  4.917e-06 
 -2.842e-01 -6.374e-08 -1.955e-07  1.104e-01  2.717e-05 -8.636e-06  4.917e-06  1.138e-04 
 PARAMETER  CORRELATION COEFFICIENTS  
       NO.  GLOBAL      1      3      4     20     21     22     23     24
        1  0.15959   1.000 -0.075  0.026 -0.003 -0.052  0.037 -0.016 -0.005
        3  0.15038  -0.075  1.000  0.042 -0.032  0.101 -0.003 -0.003 -0.057
        4  0.18087   0.026  0.042  1.000  0.067  0.108  0.012 -0.003 -0.056
       20  0.67842  -0.003 -0.032  0.067  1.000  0.216  0.389 -0.341  0.426
       21  0.30876  -0.052  0.101  0.108  0.216  1.000 -0.065  0.080  0.170
       22  0.98719   0.037 -0.003  0.012  0.389 -0.065  1.000 -0.985 -0.221
       23  0.98726  -0.016 -0.003 -0.003 -0.341  0.080 -0.985  1.000  0.279
       24  0.64497  -0.005 -0.057 -0.056  0.426  0.170 -0.221  0.279  1.000
MINUIT - FIT ONLY 1-CBO + wiggle
 **********
 **   16 **RES 
 **********
                   PARAMETER   16  beta_vw RESTORED TO VARIABLE.
                   PARAMETER   14  alpha_vw RESTORED TO VARIABLE.
                   PARAMETER   13  beta_y RESTORED TO VARIABLE.
                   PARAMETER   11  alpha_y RESTORED TO VARIABLE.
                   PARAMETER   10  beta_2CBO RESTORED TO VARIABLE.
                   PARAMETER    9  alpha_2CBO RESTORED TO VARIABLE.
                   PARAMETER    8  beta_CBO RESTORED TO VARIABLE.
                   PARAMETER    6  alpha_CBO RESTORED TO VARIABLE.
 **********
 **   17 **FIX            8
 **********
 **********
 **   18 **FIX            9
 **********
 **********
 **   19 **FIX           11
 **********
 **********
 **   20 **FIX           12
 **********
 PARAMETER   12  IS CONSTANT.   IGNORED.
 **********
 **   21 **FIX           14
 **********
 **********
 **   22 **FIX           15
 **********
 PARAMETER   15  IS CONSTANT.   IGNORED.
 **********
 **   23 **FIX           16
 **********
 **********
 **   24 **MIGRAD
 **********
 START MIGRAD MINIMIZATION.  STRATEGY  1.  CONVERGENCE WHEN EDM .LT. 1.00e-04
 FCN=77.4777 FROM MIGRAD    STATUS=INITIATE       57 CALLS         884 TOTAL
                     EDM= unknown      STRATEGY= 1      NO ERROR MATRIX       
  EXT PARAMETER               CURRENT GUESS       STEP         FIRST   
  NO.   NAME      VALUE            ERROR          SIZE      DERIVATIVE 
   1  N0           7.53934e+07   5.78714e+03   0.00000e+00  -8.54151e-07
   2  tau          6.44000e+01   constant   
   3  A0           3.53650e-01   1.04578e-04   0.00000e+00   1.76257e+01
   4  phi          4.11959e+00   3.26526e-04   0.00000e+00  -1.97933e+00
   5  R           -6.07615e+01   constant   
   6  alpha_CBO    0.00000e+00   1.00000e-03   0.00000e+00  -6.60277e+04
   7  w_CBO        2.32500e+00   constant   
   8  beta_CBO     0.00000e+00     fixed    
   9  alpha_2CBO   0.00000e+00     fixed    
  10  beta_2CBO    0.00000e+00   1.00000e-03   0.00000e+00  -3.28761e+04
  11  alpha_y      0.00000e+00     fixed    
  12  w_y          1.38860e+01   constant   
  13  beta_y       0.00000e+00   1.00000e-03   0.00000e+00   7.15599e+03
  14  alpha_vw     0.00000e+00     fixed    
  15  w_vw         1.43404e+01   constant   
  16  beta_vw      0.00000e+00     fixed    
  17  LM          -1.74374e-04   constant   
  18  zeta_y       0.00000e+00   constant   
  19  zeta_vw      0.00000e+00   constant   
  20  T_CBO        8.04144e+01   2.42683e+01   0.00000e+00  -7.53228e-02
  21  alpha_A0    -1.40760e-03   1.42776e-02   0.00000e+00  -1.13343e-03
  22  beta_A0     -9.90347e-03   1.21849e-02   8.89224e-02   7.51809e-05
  23  alpha_phi    9.99765e-03   1.39038e-02   0.00000e+00  -4.84935e-04
  24  beta_phi    -4.00060e-03   1.29996e-02   0.00000e+00   9.48395e-04
 MIGRAD MINIMIZATION HAS CONVERGED.
 FCN=60.1331 FROM MIGRAD    STATUS=CONVERGED     365 CALLS        1192 TOTAL
                     EDM=8.30842e-07    STRATEGY= 1  ERROR MATRIX UNCERTAINTY   1.9 per cent
  EXT PARAMETER                                   STEP         FIRST   
  NO.   NAME      VALUE            ERROR          SIZE      DERIVATIVE 
   1  N0           7.53949e+07   6.10390e+03   1.94763e+00   1.27577e-07
   2  tau          6.44000e+01   constant   
   3  A0           3.53727e-01   1.08009e-04   2.97919e-08  -7.99537e+00
   4  phi          4.11960e+00   3.18928e-04  -1.94865e-07  -5.44189e-01
   5  R           -6.07615e+01   constant   
   6  alpha_CBO    4.25719e-04   1.12278e-04  -4.70206e-08  -2.84224e+00
   7  w_CBO        2.32500e+00   constant   
   8  beta_CBO     0.00000e+00     fixed    
   9  alpha_2CBO   0.00000e+00     fixed    
  10  beta_2CBO    1.92549e-04   1.10489e-04  -7.38736e-08   3.77998e+00
  11  alpha_y      0.00000e+00     fixed    
  12  w_y          1.38860e+01   constant   
  13  beta_y      -3.52637e-05   1.08205e-04   2.45857e-08  -2.59760e-01
  14  alpha_vw     0.00000e+00     fixed    
  15  w_vw         1.43404e+01   constant   
  16  beta_vw      0.00000e+00     fixed    
  17  LM          -1.74374e-04   constant   
  18  zeta_y       0.00000e+00   constant   
  19  zeta_vw      0.00000e+00   constant   
  20  T_CBO        7.70859e+01   3.89183e+01   1.83244e-04   3.67674e-03
  21  alpha_A0     7.95943e-03   1.40252e-02  -8.95646e-03  -1.70045e-05
  22  beta_A0     -9.99948e-03   1.99046e-02  -1.69103e-04  -1.77024e-04
  23  alpha_phi    7.41286e-03   1.86620e-02  -2.81236e-04   8.45813e-07
  24  beta_phi    -2.18332e-03   1.37037e-02  -9.35863e-04   5.79145e-04
 EXTERNAL ERROR MATRIX.    NDIM=  25    NPAR= 11    ERR DEF=1
  3.726e+07 
 -6.563e-02  1.167e-08 
  7.248e-02  1.057e-09  1.017e-07 
  5.275e-02  1.814e-09 -1.133e-09  1.261e-08 
 -5.802e-03  4.482e-10  1.853e-09  9.168e-11  1.221e-08 
 -1.856e-03  6.998e-11 -3.411e-10  1.922e-10 -2.875e-11  1.171e-08 
 -7.178e+04  6.415e-04 -2.925e-04  4.054e-05 -2.186e-04  4.122e-05  1.526e+03 
  2.761e+01 -5.219e-08  8.154e-07  8.946e-08  3.981e-07 -6.372e-08 -6.237e-01  6.020e-04 
  2.581e-01 -6.535e-10 -5.643e-10  4.640e-10 -3.969e-10  4.919e-11  1.307e-03  7.116e-07  1.146e-07 
 -5.673e+01  5.974e-07 -6.731e-07  1.613e-07 -5.169e-08  1.527e-08  7.363e-01 -3.026e-04  1.708e-07  7.247e-04 
 -3.282e+00 -4.952e-08 -3.073e-07  8.267e-08  3.679e-08 -6.418e-09  5.320e-02 -1.923e-05  6.440e-08  2.634e-05  2.554e-04 
 PARAMETER  CORRELATION COEFFICIENTS  
       NO.  GLOBAL      1      3      4      6     10     13     20     21     22     23     24
        1  0.39869   1.000 -0.100  0.037  0.077 -0.009 -0.003 -0.301  0.184  0.125 -0.345 -0.034
        3  0.28103  -0.100  1.000  0.031  0.150  0.038  0.006  0.152 -0.020 -0.018  0.205 -0.029
        4  0.17447   0.037  0.031  1.000 -0.032  0.053 -0.010 -0.023  0.104 -0.005 -0.078 -0.060
        6  0.20210   0.077  0.150 -0.032  1.000  0.007  0.016  0.009  0.032  0.012  0.053  0.046
       10  0.17221  -0.009  0.038  0.053  0.007  1.000 -0.002 -0.051  0.147 -0.011 -0.017  0.021
       13  0.03275  -0.003  0.006 -0.010  0.016 -0.002  1.000  0.010 -0.024  0.001  0.005 -0.004
       20  0.80998  -0.301  0.152 -0.023  0.009 -0.051  0.010  1.000 -0.651  0.099  0.700  0.085
       21  0.68921   0.184 -0.020  0.104  0.032  0.147 -0.024 -0.651  1.000  0.086 -0.458 -0.049
       22  0.28508   0.125 -0.018 -0.005  0.012 -0.011  0.001  0.099  0.086  1.000  0.019  0.012
       23  0.72473  -0.345  0.205 -0.078  0.053 -0.017  0.005  0.700 -0.458  0.019  1.000  0.061
       24  0.12672  -0.034 -0.029 -0.060  0.046  0.021 -0.004  0.085 -0.049  0.012  0.061  1.000
MINUIT - FIT ONLY 2-CBO
 **********
 **   25 **RES 
 **********
                   PARAMETER   16  beta_vw RESTORED TO VARIABLE.
                   PARAMETER   14  alpha_vw RESTORED TO VARIABLE.
                   PARAMETER   11  alpha_y RESTORED TO VARIABLE.
                   PARAMETER    9  alpha_2CBO RESTORED TO VARIABLE.
                   PARAMETER    8  beta_CBO RESTORED TO VARIABLE.
 **********
 **   26 **FIX            0
 **********
 PARAMETER    0  IS UNDEFINED. IGNORED.
 **********
 **   27 **FIX            1
 **********
 **********
 **   28 **FIX            2
 **********
 PARAMETER    2  IS CONSTANT.   IGNORED.
 **********
 **   29 **FIX            3
 **********
 **********
 **   30 **FIX            4
 **********
 **********
 **   31 **FIX            5
 **********
 PARAMETER    5  IS CONSTANT.   IGNORED.
 **********
 **   32 **FIX            6
 **********
 **********
 **   33 **FIX            7
 **********
 PARAMETER    7  IS CONSTANT.   IGNORED.
 **********
 **   34 **FIX           10
 **********
 **********
 **   35 **FIX           11
 **********
 **********
 **   36 **FIX           12
 **********
 PARAMETER   12  IS CONSTANT.   IGNORED.
 **********
 **   37 **FIX           13
 **********
 **********
 **   38 **FIX           14
 **********
 **********
 **   39 **FIX           15
 **********
 PARAMETER   15  IS CONSTANT.   IGNORED.
 **********
 **   40 **FIX           16
 **********
 **********
 **   41 **MIGRAD
 **********
 START MIGRAD MINIMIZATION.  STRATEGY  1.  CONVERGENCE WHEN EDM .LT. 1.00e-04
 FCN=60.1331 FROM MIGRAD    STATUS=INITIATE       18 CALLS        1210 TOTAL
                     EDM= unknown      STRATEGY= 1      NO ERROR MATRIX       
  EXT PARAMETER               CURRENT GUESS       STEP         FIRST   
  NO.   NAME      VALUE            ERROR          SIZE      DERIVATIVE 
   1  N0           7.53949e+07     fixed    
   2  tau          6.44000e+01   constant   
   3  A0           3.53727e-01     fixed    
   4  phi          4.11960e+00     fixed    
   5  R           -6.07615e+01   constant   
   6  alpha_CBO    4.25719e-04     fixed    
   7  w_CBO        2.32500e+00   constant   
   8  beta_CBO     0.00000e+00   1.00000e-03   1.00000e-03   5.39392e+04
   9  alpha_2CBO   0.00000e+00   1.00000e-03   1.00000e-03   2.60314e+04
  10  beta_2CBO    1.92549e-04     fixed    
  11  alpha_y      0.00000e+00     fixed    
  12  w_y          1.38860e+01   constant   
  13  beta_y      -3.52637e-05     fixed    
  14  alpha_vw     0.00000e+00     fixed    
  15  w_vw         1.43404e+01   constant   
  16  beta_vw      0.00000e+00     fixed    
  17  LM          -1.74374e-04   constant   
  18  zeta_y       0.00000e+00   constant   
  19  zeta_vw      0.00000e+00   constant   
  20  T_CBO        7.70859e+01   3.89183e+01   1.83244e-04   3.67656e-03
  21  alpha_A0     7.95943e-03   1.40252e-02  -8.95646e-03  -1.63075e-05
  22  beta_A0     -9.99948e-03   1.99046e-02  -1.69103e-04   1.77437e-04
  23  alpha_phi    7.41286e-03   1.86620e-02  -2.81236e-04  -8.36684e-07
  24  beta_phi    -2.18332e-03   1.37037e-02  -9.35863e-04   5.79131e-04
 MIGRAD MINIMIZATION HAS CONVERGED.
 MIGRAD WILL VERIFY CONVERGENCE AND ERROR MATRIX.
 COVARIANCE MATRIX CALCULATED SUCCESSFULLY
 FCN=49.6771 FROM MIGRAD    STATUS=CONVERGED     218 CALLS        1410 TOTAL
                     EDM=5.48049e-06    STRATEGY= 1      ERROR MATRIX ACCURATE 
  EXT PARAMETER                                   STEP         FIRST   
  NO.   NAME      VALUE            ERROR          SIZE      DERIVATIVE 
   1  N0           7.53949e+07     fixed    
   2  tau          6.44000e+01   constant   
   3  A0           3.53727e-01     fixed    
   4  phi          4.11960e+00     fixed    
   5  R           -6.07615e+01   constant   
   6  alpha_CBO    4.25719e-04     fixed    
   7  w_CBO        2.32500e+00   constant   
   8  beta_CBO    -3.09622e-04   1.07314e-04   3.70715e-07   1.20519e+01
   9  alpha_2CBO  -1.61611e-04   1.11376e-04   3.80890e-07  -1.81719e+00
  10  beta_2CBO    1.92549e-04     fixed    
  11  alpha_y      0.00000e+00     fixed    
  12  w_y          1.38860e+01   constant   
  13  beta_y      -3.52637e-05     fixed    
  14  alpha_vw     0.00000e+00     fixed    
  15  w_vw         1.43404e+01   constant   
  16  beta_vw      0.00000e+00     fixed    
  17  LM          -1.74374e-04   constant   
  18  zeta_y       0.00000e+00   constant   
  19  zeta_vw      0.00000e+00   constant   
  20  T_CBO        7.12824e+01   3.23138e+01   3.65498e-04  -1.60473e-03
  21  alpha_A0     9.99386e-03   1.99931e-02   5.49465e-02  -1.23630e-04
  22  beta_A0     -1.00000e-02   1.01573e-02   4.33315e-02** at limit **
  23  alpha_phi    5.52468e-03   1.53760e-02   9.97856e-03  -5.17415e-05
  24  beta_phi     5.30988e-03   1.61661e-02   9.21422e-03  -4.31390e-04
 EXTERNAL ERROR MATRIX.    NDIM=  25    NPAR=  7    ERR DEF=1
  1.152e-08 -4.129e-11 -3.093e-05  1.642e-09  3.639e-11 -5.168e-09 -2.570e-07 
 -4.129e-11  1.240e-08  3.608e-04 -5.879e-09 -1.246e-10  2.648e-07 -1.817e-07 
 -3.093e-05  3.608e-04  1.050e+03 -1.182e-02  2.285e-04 -3.544e-01 -3.334e-01 
  1.642e-09 -5.879e-09 -1.182e-02  5.897e-05 -2.851e-09  3.989e-06  4.287e-06 
  3.639e-11 -1.246e-10  2.285e-04 -2.851e-09  9.900e-09 -7.006e-08 -5.744e-08 
 -5.168e-09  2.648e-07 -3.544e-01  3.989e-06 -7.006e-08  7.012e-04  1.267e-04 
 -2.570e-07 -1.817e-07 -3.334e-01  4.287e-06 -5.744e-08  1.267e-04  6.134e-04 
 PARAMETER  CORRELATION COEFFICIENTS  
       NO.  GLOBAL      8      9     20     21     22     23     24
        8  0.11099   1.000 -0.003 -0.009  0.002  0.003 -0.002 -0.097
        9  0.17895  -0.003  1.000  0.100 -0.007 -0.011  0.090 -0.066
       20  0.55261  -0.009  0.100  1.000 -0.048  0.071 -0.413 -0.415
       21  0.04770   0.002 -0.007 -0.048  1.000 -0.004  0.020  0.023
       22  0.07384   0.003 -0.011  0.071 -0.004  1.000 -0.027 -0.023
       23  0.43451  -0.002  0.090 -0.413  0.020 -0.027  1.000  0.193
       24  0.42903  -0.097 -0.066 -0.415  0.023 -0.023  0.193  1.000
MINUIT - FIT wiggle + 1-CBO + 2-CBO
 **********
 **   42 **RES 
 **********
                   PARAMETER   16  beta_vw RESTORED TO VARIABLE.
                   PARAMETER   14  alpha_vw RESTORED TO VARIABLE.
                   PARAMETER   13  beta_y RESTORED TO VARIABLE.
                   PARAMETER   11  alpha_y RESTORED TO VARIABLE.
                   PARAMETER   10  beta_2CBO RESTORED TO VARIABLE.
                   PARAMETER    6  alpha_CBO RESTORED TO VARIABLE.
                   PARAMETER    4  phi RESTORED TO VARIABLE.
                   PARAMETER    3  A0 RESTORED TO VARIABLE.
                   PARAMETER    1  N0 RESTORED TO VARIABLE.
 **********
 **   43 **FIX           10
 **********
 **********
 **   44 **FIX           11
 **********
 **********
 **   45 **FIX           12
 **********
 PARAMETER   12  IS CONSTANT.   IGNORED.
 **********
 **   46 **FIX           13
 **********
 **********
 **   47 **FIX           14
 **********
 **********
 **   48 **FIX           15
 **********
 PARAMETER   15  IS CONSTANT.   IGNORED.
 **********
 **   49 **FIX           16
 **********
 **********
 **   50 **MIGRAD
 **********
 START MIGRAD MINIMIZATION.  STRATEGY  1.  CONVERGENCE WHEN EDM .LT. 1.00e-04
 FCN=49.6771 FROM MIGRAD    STATUS=INITIATE       22 CALLS        1432 TOTAL
                     EDM= unknown      STRATEGY= 1      NO ERROR MATRIX       
  EXT PARAMETER               CURRENT GUESS       STEP         FIRST   
  NO.   NAME      VALUE            ERROR          SIZE      DERIVATIVE 
   1  N0           7.53949e+07   6.10390e+03   6.10390e+03   1.38058e-05
   2  tau          6.44000e+01   constant   
   3  A0           3.53727e-01   1.08009e-04   1.08009e-04   3.66690e+03
   4  phi          4.11960e+00   3.18928e-04   3.18928e-04   4.67360e+03
   5  R           -6.07615e+01   constant   
   6  alpha_CBO    4.25719e-04   1.12278e-04   1.12278e-04   1.62497e+03
   7  w_CBO        2.32500e+00   constant   
   8  beta_CBO    -3.09622e-04   1.07314e-04   3.70715e-07   1.20519e+01
   9  alpha_2CBO  -1.61611e-04   1.11376e-04   3.80890e-07  -1.81715e+00
  10  beta_2CBO    1.92549e-04     fixed    
  11  alpha_y      0.00000e+00     fixed    
  12  w_y          1.38860e+01   constant   
  13  beta_y      -3.52637e-05     fixed    
  14  alpha_vw     0.00000e+00     fixed    
  15  w_vw         1.43404e+01   constant   
  16  beta_vw      0.00000e+00     fixed    
  17  LM          -1.74374e-04   constant   
  18  zeta_y       0.00000e+00   constant   
  19  zeta_vw      0.00000e+00   constant   
  20  T_CBO        7.12824e+01   3.23138e+01   3.65498e-04  -1.58825e-03
  21  alpha_A0     9.99386e-03   1.99931e-02   5.49465e-02  -1.26353e-04
  22  beta_A0     -1.00000e-02   1.01573e-02   4.33315e-02** at limit **
  23  alpha_phi    5.52468e-03   1.53760e-02   9.97856e-03  -5.30209e-05
  24  beta_phi     5.30988e-03   1.61661e-02   9.21422e-03  -4.38643e-04
 MIGRAD MINIMIZATION HAS CONVERGED.
 FCN=49.0062 FROM MIGRAD    STATUS=CONVERGED     223 CALLS        1633 TOTAL
                     EDM=3.77668e-06    STRATEGY= 1  ERROR MATRIX UNCERTAINTY   1.9 per cent
  EXT PARAMETER                                   STEP         FIRST   
  NO.   NAME      VALUE            ERROR          SIZE      DERIVATIVE 
   1  N0           7.53945e+07   5.95585e+03   2.66317e+00   1.73223e-07
   2  tau          6.44000e+01   constant   
   3  A0           3.53700e-01   1.09390e-04   3.02340e-07  -6.26825e+00
   4  phi          4.11934e+00   3.31133e-04   1.94556e-07  -1.89677e-01
   5  R           -6.07615e+01   constant   
   6  alpha_CBO    4.11770e-04   1.11260e-04   2.54209e-08  -1.00689e+01
   7  w_CBO        2.32500e+00   constant   
   8  beta_CBO    -3.33135e-04   1.10787e-04   1.04310e-07  -9.91903e+00
   9  alpha_2CBO  -1.64745e-04   1.10605e-04  -1.68826e-07   4.04098e+00
  10  beta_2CBO    1.92549e-04     fixed    
  11  alpha_y      0.00000e+00     fixed    
  12  w_y          1.38860e+01   constant   
  13  beta_y      -3.52637e-05     fixed    
  14  alpha_vw     0.00000e+00     fixed    
  15  w_vw         1.43404e+01   constant   
  16  beta_vw      0.00000e+00     fixed    
  17  LM          -1.74374e-04   constant   
  18  zeta_y       0.00000e+00   constant   
  19  zeta_vw      0.00000e+00   constant   
  20  T_CBO        7.16532e+01   4.71421e+01   8.36188e-04  -5.87362e-03
  21  alpha_A0     7.02799e-03   1.03862e-02  -2.11226e-02  -5.12847e-04
  22  beta_A0     -1.00000e-02   1.01079e-02   1.79823e-03** at limit **
  23  alpha_phi    4.07354e-03   1.43058e-02  -1.01762e-02   5.04035e-04
  24  beta_phi     7.46915e-03   1.08625e-02  -1.50104e-02  -3.47812e-04
 EXTERNAL ERROR MATRIX.    NDIM=  25    NPAR= 11    ERR DEF=1
  3.547e+07 
 -3.206e-02  1.197e-08 
  9.235e-02  2.606e-09  1.096e-07 
  2.017e-02  4.239e-10  1.663e-09  1.238e-08 
  5.947e-03  1.138e-09  9.500e-09  5.258e-10  1.227e-08 
 -2.708e-02  3.260e-10  8.022e-10  2.978e-11  3.353e-10  1.223e-08 
 -8.434e+04  6.579e-04 -3.430e-04  4.432e-05 -1.047e-04  8.415e-04  2.248e+03 
  4.461e+01  2.176e-07  1.508e-06 -1.313e-08  3.156e-07 -4.540e-07 -8.252e-01  1.069e-03 
 -2.089e-03 -6.413e-12 -4.831e-12  2.187e-11 -3.779e-12 -6.086e-13 -1.305e-05  2.637e-08  6.193e-09 
  3.149e+01 -3.974e-07  6.472e-07 -1.212e-07  4.073e-10  9.985e-08 -6.441e-01  1.990e-04  5.787e-09  7.964e-04 
  5.379e+01 -6.773e-07 -4.764e-07 -9.628e-08 -2.881e-07 -5.441e-07 -1.122e+00  3.922e-04  5.015e-09  3.828e-04  1.173e-03 
 PARAMETER  CORRELATION COEFFICIENTS  
       NO.  GLOBAL      1      3      4      6      8      9     20     21     22     23     24
        1  0.32770   1.000 -0.049  0.047  0.030  0.009 -0.041 -0.299  0.229 -0.004  0.187  0.264
        3  0.25409  -0.049  1.000  0.072  0.035  0.094  0.027  0.127  0.061 -0.001 -0.129 -0.181
        4  0.30936   0.047  0.072  1.000  0.045  0.259  0.022 -0.022  0.139 -0.000  0.069 -0.042
        6  0.08555   0.030  0.035  0.045  1.000  0.043  0.002  0.008 -0.004  0.002 -0.039 -0.025
        8  0.29235   0.009  0.094  0.259  0.043  1.000  0.027 -0.020  0.087 -0.000  0.000 -0.076
        9  0.21829  -0.041  0.027  0.022  0.002  0.027  1.000  0.160 -0.126 -0.000  0.032 -0.144
       20  0.78921  -0.299  0.127 -0.022  0.008 -0.020  0.160  1.000 -0.532 -0.003 -0.481 -0.691
       21  0.56956   0.229  0.061  0.139 -0.004  0.087 -0.126 -0.532  1.000  0.010  0.216  0.350
       22  0.01325  -0.004 -0.001 -0.000  0.002 -0.000 -0.000 -0.003  0.010  1.000  0.003  0.002
       23  0.51473   0.187 -0.129  0.069 -0.039  0.000  0.032 -0.481  0.216  0.003  1.000  0.396
       24  0.70952   0.264 -0.181 -0.042 -0.025 -0.076 -0.144 -0.691  0.350  0.002  0.396  1.000
MINUIT - FIT ONLY 1-y
 **********
 **   51 **RES 
 **********
                   PARAMETER   16  beta_vw RESTORED TO VARIABLE.
                   PARAMETER   14  alpha_vw RESTORED TO VARIABLE.
                   PARAMETER   13  beta_y RESTORED TO VARIABLE.
                   PARAMETER   11  alpha_y RESTORED TO VARIABLE.
                   PARAMETER   10  beta_2CBO RESTORED TO VARIABLE.
 **********
 **   52 **FIX            0
 **********
 PARAMETER    0  IS UNDEFINED. IGNORED.
 **********
 **   53 **FIX            1
 **********
 **********
 **   54 **FIX            2
 **********
 PARAMETER    2  IS CONSTANT.   IGNORED.
 **********
 **   55 **FIX            3
 **********
 **********
 **   56 **FIX            4
 **********
 **********
 **   57 **FIX            5
 **********
 PARAMETER    5  IS CONSTANT.   IGNORED.
 **********
 **   58 **FIX            6
 **********
 **********
 **   59 **FIX            7
 **********
 PARAMETER    7  IS CONSTANT.   IGNORED.
 **********
 **   60 **FIX            8
 **********
 **********
 **   61 **FIX            9
 **********
 **********
 **   62 **FIX           13
 **********
 **********
 **   63 **FIX           14
 **********
 **********
 **   64 **FIX           15
 **********
 PARAMETER   15  IS CONSTANT.   IGNORED.
 **********
 **   65 **FIX           16
 **********
 **********
 **   66 **MIGRAD
 **********
 START MIGRAD MINIMIZATION.  STRATEGY  1.  CONVERGENCE WHEN EDM .LT. 1.00e-04
 FCN=49.0062 FROM MIGRAD    STATUS=INITIATE       16 CALLS        1649 TOTAL
                     EDM= unknown      STRATEGY= 1      NO ERROR MATRIX       
  EXT PARAMETER               CURRENT GUESS       STEP         FIRST   
  NO.   NAME      VALUE            ERROR          SIZE      DERIVATIVE 
   1  N0           7.53945e+07     fixed    
   2  tau          6.44000e+01   constant   
   3  A0           3.53700e-01     fixed    
   4  phi          4.11934e+00     fixed    
   5  R           -6.07615e+01   constant   
   6  alpha_CBO    4.11770e-04     fixed    
   7  w_CBO        2.32500e+00   constant   
   8  beta_CBO    -3.33135e-04     fixed    
   9  alpha_2CBO  -1.64745e-04     fixed    
  10  beta_2CBO    1.92549e-04   1.10489e-04   1.10489e-04   2.17103e+03
  11  alpha_y      0.00000e+00   1.00000e-03   1.00000e-03   3.12907e+04
  12  w_y          1.38860e+01   constant   
  13  beta_y      -3.52637e-05     fixed    
  14  alpha_vw     0.00000e+00     fixed    
  15  w_vw         1.43404e+01   constant   
  16  beta_vw      0.00000e+00     fixed    
  17  LM          -1.74374e-04   constant   
  18  zeta_y       0.00000e+00   constant   
  19  zeta_vw      0.00000e+00   constant   
  20  T_CBO        7.16532e+01   4.71421e+01   8.36188e-04  -5.87285e-03
  21  alpha_A0     7.02799e-03   1.03862e-02  -2.11226e-02  -5.11889e-04
  22  beta_A0     -1.00000e-02   1.01079e-02   1.79823e-03** at limit **
  23  alpha_phi    4.07354e-03   1.43058e-02  -1.01762e-02   5.04224e-04
  24  beta_phi     7.46915e-03   1.08625e-02  -1.50104e-02  -3.47041e-04
 MIGRAD MINIMIZATION HAS CONVERGED.
 MIGRAD WILL VERIFY CONVERGENCE AND ERROR MATRIX.
 COVARIANCE MATRIX CALCULATED SUCCESSFULLY
 FCN=46.0517 FROM MIGRAD    STATUS=CONVERGED     148 CALLS        1781 TOTAL
                     EDM=1.7031e-06    STRATEGY= 1      ERROR MATRIX ACCURATE 
  EXT PARAMETER                                   STEP         FIRST   
  NO.   NAME      VALUE            ERROR          SIZE      DERIVATIVE 
   1  N0           7.53945e+07     fixed    
   2  tau          6.44000e+01   constant   
   3  A0           3.53700e-01     fixed    
   4  phi          4.11934e+00     fixed    
   5  R           -6.07615e+01   constant   
   6  alpha_CBO    4.11770e-04     fixed    
   7  w_CBO        2.32500e+00   constant   
   8  beta_CBO    -3.33135e-04     fixed    
   9  alpha_2CBO  -1.64745e-04     fixed    
  10  beta_2CBO    1.77124e-04   1.10702e-04   3.62272e-07  -1.02466e+01
  11  alpha_y     -1.87764e-04   1.09513e-04   3.66687e-07   2.24453e+00
  12  w_y          1.38860e+01   constant   
  13  beta_y      -3.52637e-05     fixed    
  14  alpha_vw     0.00000e+00     fixed    
  15  w_vw         1.43404e+01   constant   
  16  beta_vw      0.00000e+00     fixed    
  17  LM          -1.74374e-04   constant   
  18  zeta_y       0.00000e+00   constant   
  19  zeta_vw      0.00000e+00   constant   
  20  T_CBO        7.28257e+01   4.31013e+01   3.76631e-04  -7.74275e-03
  21  alpha_A0     6.15290e-03   1.50015e-02   9.57200e-03   2.07611e-04
  22  beta_A0     -1.00000e-02   1.30634e-02   3.70241e-02** at limit **
  23  alpha_phi    4.13223e-03   1.58993e-02   8.07886e-03  -3.02335e-04
  24  beta_phi     6.38734e-03   1.50637e-02   9.03028e-03  -3.40054e-04
 EXTERNAL ERROR MATRIX.    NDIM=  25    NPAR=  7    ERR DEF=1
  1.225e-08  1.330e-10  1.275e-05  4.554e-07 -9.376e-15  5.708e-08  2.805e-07 
  1.330e-10  1.199e-08 -7.899e-05  2.404e-08 -7.601e-16 -7.495e-09  4.726e-08 
  1.275e-05 -7.899e-05  1.875e+03 -5.944e-01  5.197e-07 -4.769e-01 -7.179e-01 
  4.554e-07  2.404e-08 -5.944e-01  7.222e-04 -1.811e-10  1.558e-04  2.606e-04 
 -9.376e-15 -7.601e-16  5.197e-07 -1.811e-10  1.698e-14 -1.185e-10 -1.846e-10 
  5.708e-08 -7.495e-09 -4.769e-01  1.558e-04 -1.185e-10  6.018e-04  1.974e-04 
  2.805e-07  4.726e-08 -7.179e-01  2.606e-04 -1.846e-10  1.974e-04  7.051e-04 
 PARAMETER  CORRELATION COEFFICIENTS  
       NO.  GLOBAL     10     11     20     21     22     23     24
       10  0.21295   1.000  0.011  0.003  0.153 -0.001  0.021  0.095
       11  0.02427   0.011  1.000 -0.017  0.008 -0.000 -0.003  0.016
       20  0.73959   0.003 -0.017  1.000 -0.511  0.092 -0.449 -0.624
       21  0.53517   0.153  0.008 -0.511  1.000 -0.052  0.236  0.365
       22  0.09259  -0.001 -0.000  0.092 -0.052  1.000 -0.037 -0.053
       23  0.45040   0.021 -0.003 -0.449  0.236 -0.037  1.000  0.303
       24  0.63339   0.095  0.016 -0.624  0.365 -0.053  0.303  1.000
MINUIT - FIT ONLY 2-y
 **********
 **   67 **RES 
 **********
                   PARAMETER   16  beta_vw RESTORED TO VARIABLE.
                   PARAMETER   14  alpha_vw RESTORED TO VARIABLE.
                   PARAMETER   13  beta_y RESTORED TO VARIABLE.
                   PARAMETER    9  alpha_2CBO RESTORED TO VARIABLE.
                   PARAMETER    8  beta_CBO RESTORED TO VARIABLE.
                   PARAMETER    6  alpha_CBO RESTORED TO VARIABLE.
                   PARAMETER    4  phi RESTORED TO VARIABLE.
                   PARAMETER    3  A0 RESTORED TO VARIABLE.
                   PARAMETER    1  N0 RESTORED TO VARIABLE.
 **********
 **   68 **FIX            0
 **********
 PARAMETER    0  IS UNDEFINED. IGNORED.
 **********
 **   69 **FIX            1
 **********
 **********
 **   70 **FIX            2
 **********
 PARAMETER    2  IS CONSTANT.   IGNORED.
 **********
 **   71 **FIX            3
 **********
 **********
 **   72 **FIX            4
 **********
 **********
 **   73 **FIX            5
 **********
 PARAMETER    5  IS CONSTANT.   IGNORED.
 **********
 **   74 **FIX            6
 **********
 **********
 **   75 **FIX            7
 **********
 PARAMETER    7  IS CONSTANT.   IGNORED.
 **********
 **   76 **FIX            8
 **********
 **********
 **   77 **FIX            9
 **********
 **********
 **   78 **FIX           10
 **********
 **********
 **   79 **FIX           11
 **********
 **********
 **   80 **FIX           12
 **********
 PARAMETER   12  IS CONSTANT.   IGNORED.
 **********
 **   81 **FIX           16
 **********
 **********
 **   82 **MIGRAD
 **********
 START MIGRAD MINIMIZATION.  STRATEGY  1.  CONVERGENCE WHEN EDM .LT. 1.00e-04
 FCN=46.0517 FROM MIGRAD    STATUS=INITIATE       16 CALLS        1797 TOTAL
                     EDM= unknown      STRATEGY= 1      NO ERROR MATRIX       
  EXT PARAMETER               CURRENT GUESS       STEP         FIRST   
  NO.   NAME      VALUE            ERROR          SIZE      DERIVATIVE 
   1  N0           7.53945e+07     fixed    
   2  tau          6.44000e+01   constant   
   3  A0           3.53700e-01     fixed    
   4  phi          4.11934e+00     fixed    
   5  R           -6.07615e+01   constant   
   6  alpha_CBO    4.11770e-04     fixed    
   7  w_CBO        2.32500e+00   constant   
   8  beta_CBO    -3.33135e-04     fixed    
   9  alpha_2CBO  -1.64745e-04     fixed    
  10  beta_2CBO    1.77124e-04     fixed    
  11  alpha_y     -1.87764e-04     fixed    
  12  w_y          1.38860e+01   constant   
  13  beta_y      -3.52637e-05   1.08205e-04   1.08205e-04   3.97593e+01
  14  alpha_vw     0.00000e+00   1.00000e-03   1.00000e-03   2.07256e+04
  15  w_vw         1.43404e+01   constant   
  16  beta_vw      0.00000e+00     fixed    
  17  LM          -1.74374e-04   constant   
  18  zeta_y       0.00000e+00   constant   
  19  zeta_vw      0.00000e+00   constant   
  20  T_CBO        7.28257e+01   4.31013e+01   3.76631e-04  -7.66337e-03
  21  alpha_A0     6.15290e-03   1.50015e-02   9.57200e-03   1.99234e-04
  22  beta_A0     -9.99998e-03   1.30634e-02   3.70241e-02   3.06373e-05
  23  alpha_phi    4.13223e-03   1.58993e-02   8.07886e-03  -3.07252e-04
  24  beta_phi     6.38734e-03   1.50637e-02   9.03028e-03  -3.49011e-04
 MIGRAD MINIMIZATION HAS CONVERGED.
 MIGRAD WILL VERIFY CONVERGENCE AND ERROR MATRIX.
 COVARIANCE MATRIX CALCULATED SUCCESSFULLY
 FCN=44.6971 FROM MIGRAD    STATUS=CONVERGED     149 CALLS        1930 TOTAL
                     EDM=5.1051e-07    STRATEGY= 1      ERROR MATRIX ACCURATE 
  EXT PARAMETER                                   STEP         FIRST   
  NO.   NAME      VALUE            ERROR          SIZE      DERIVATIVE 
   1  N0           7.53945e+07     fixed    
   2  tau          6.44000e+01   constant   
   3  A0           3.53700e-01     fixed    
   4  phi          4.11934e+00     fixed    
   5  R           -6.07615e+01   constant   
   6  alpha_CBO    4.11770e-04     fixed    
   7  w_CBO        2.32500e+00   constant   
   8  beta_CBO    -3.33135e-04     fixed    
   9  alpha_2CBO  -1.64745e-04     fixed    
  10  beta_2CBO    1.77124e-04     fixed    
  11  alpha_y     -1.87764e-04     fixed    
  12  w_y          1.38860e+01   constant   
  13  beta_y      -3.28198e-06   1.11791e-04   3.57345e-07  -2.39093e-01
  14  alpha_vw    -1.30780e-04   1.12366e-04   3.59276e-07  -1.69970e-01
  15  w_vw         1.43404e+01   constant   
  16  beta_vw      0.00000e+00     fixed    
  17  LM          -1.74374e-04   constant   
  18  zeta_y       0.00000e+00   constant   
  19  zeta_vw      0.00000e+00   constant   
  20  T_CBO        7.35268e+01   4.22827e+01   3.72237e-04   1.87928e-04
  21  alpha_A0     5.45316e-03   1.61719e-02   8.63282e-03   2.84868e-04
  22  beta_A0     -1.00000e-02   1.21064e-02   3.83392e-02** at limit **
  23  alpha_phi    4.14897e-03   1.61989e-02   7.68161e-03   1.71149e-04
  24  beta_phi     5.98256e-03   1.61193e-02   8.21676e-03  -2.37554e-04
 EXTERNAL ERROR MATRIX.    NDIM=  25    NPAR=  7    ERR DEF=1
  1.250e-08 -3.110e-09  4.671e-05 -9.357e-08  1.317e-13 -8.075e-09 -1.950e-08 
 -3.110e-09  1.263e-08 -6.887e-05  6.609e-08 -1.359e-13  3.521e-10  3.885e-08 
  4.671e-05 -6.887e-05  1.804e+03 -4.934e-01  4.990e-05 -4.526e-01 -6.394e-01 
 -9.357e-08  6.609e-08 -4.934e-01  6.149e-04 -1.513e-08  1.259e-04  1.957e-04 
  1.317e-13 -1.359e-13  4.990e-05 -1.513e-08  1.367e-10 -1.122e-08 -1.630e-08 
 -8.075e-09  3.521e-10 -4.526e-01  1.259e-04 -1.122e-08  5.594e-04  1.730e-04 
 -1.950e-08  3.885e-08 -6.394e-01  1.957e-04 -1.630e-08  1.730e-04  6.198e-04 
 PARAMETER  CORRELATION COEFFICIENTS  
       NO.  GLOBAL     13     14     20     21     22     23     24
       13  0.24930   1.000 -0.248  0.010 -0.034  0.000 -0.003 -0.007
       14  0.24831  -0.248  1.000 -0.014  0.024 -0.000  0.000  0.014
       20  0.71785   0.010 -0.014  1.000 -0.469  0.100 -0.451 -0.605
       21  0.47150  -0.034  0.024 -0.469  1.000 -0.052  0.215  0.317
       22  0.10098   0.000 -0.000  0.100 -0.052  1.000 -0.041 -0.056
       23  0.45146  -0.003  0.000 -0.451  0.215 -0.041  1.000  0.294
       24  0.60638  -0.007  0.014 -0.605  0.317 -0.056  0.294  1.000
MINUIT - FIT ALTOGETHER
 **********
 **   83 **RES 
 **********
                   PARAMETER   16  beta_vw RESTORED TO VARIABLE.
