 + ++++++++++++++++++++++++++++++++++++++++++++++++++++++++++++++++++++ +
 +                                                                      +
 +           You have chose to blind your fitting according to          +
 +                omega_ref * (1 + (R +/- deltaR) *10^{-6})             +
 +                                                                      +
 + ++++++++++++++++++++++++++++++++++++++++++++++++++++++++++++++++++++ +
In main()...
reading format from /gm2data/zkhechad/run45/envelope/formats/formatB_sBin_constraintOn.txt
pBinTau 	= 0  
pBinPhi 	= 0  
constraintau 	= 1 
includeMopTerm 	= 0    
constrainMop    = 0   
Parameters after format file: pBinTau 0 pBinPhi 0 constraintau 1 includeMopTerm 0 constrainMop 0 c_e_scale 0.000000 
Opening file /gm2data/tbarrett/gm2fr/studies/run23_bunch_corrections/CorrectedFourier_Run3b.root.
reading full fit data from /gm2data/zkhechad/cboTemplates/Run4CBOTemplates/fullFits/noRF/sBin_constraintOn_cE0.0_seed0_noRF_calo0.root
windowBins = 34
fitting sliding window 105 from bin 241 at 35.808000 to bin 275 at 41.030000 (34 bins)

Reading data from /gm2data/cornell/histograms/aMethod/histogram_a_noRF.root
 **********
 **    1 **SET PRINTOUT            1
 **********
 **********
 **    2 **SET NOWARNINGS 
 **********
 PARAMETER DEFINITIONS:
    NO.   NAME         VALUE      STEP SIZE      LIMITS
     1 N0           7.53894e+07  1.00000e+02     no limits
     2 tau          6.44000e+01  constant
     3 A0           3.53538e-01  1.00000e-04     no limits
     4 phi          4.11945e+00  1.00000e-02     no limits
     5 R           -6.07615e+01  constant
     6 alpha_CBO    0.00000e+00  1.00000e-03     no limits
     7 w_CBO        2.32500e+00  constant
     8 beta_CBO     0.00000e+00  1.00000e-03     no limits
     9 alpha_2CBO   0.00000e+00  1.00000e-03     no limits
    10 beta_2CBO    0.00000e+00  1.00000e-03     no limits
    11 alpha_y      0.00000e+00  1.00000e-03     no limits
    12 w_y          1.38860e+01  constant
    13 beta_y       0.00000e+00  1.00000e-03     no limits
    14 alpha_vw     0.00000e+00  1.00000e-03     no limits
    15 w_vw         1.43404e+01  constant
    16 beta_vw      0.00000e+00  1.00000e-03     no limits
    17 LM          -1.74374e-04  constant
    18 zeta_y       0.00000e+00  constant
    19 zeta_vw      0.00000e+00  constant
    20 T_CBO        1.00000e+02  1.00000e+00    0.00000e+00  1.00000e+03
    21 alpha_A0     0.00000e+00  1.00000e-04   -1.00000e-02  1.00000e-02
    22 beta_A0      0.00000e+00  1.00000e-04   -1.00000e-02  1.00000e-02
    23 alpha_phi    0.00000e+00  1.00000e-04   -1.00000e-02  1.00000e-02
    24 beta_phi     0.00000e+00  1.00000e-04   -1.00000e-02  1.00000e-02
MINUIT - FIT ONLY WIGGLE
 **********
 **    3 **FIX            5
 **********
 PARAMETER    5  IS CONSTANT.   IGNORED.
 **********
 **    4 **FIX            6
 **********
 **********
 **    5 **FIX            7
 **********
 PARAMETER    7  IS CONSTANT.   IGNORED.
 **********
 **    6 **FIX            8
 **********
 **********
 **    7 **FIX            9
 **********
 **********
 **    8 **FIX           10
 **********
 **********
 **    9 **FIX           11
 **********
 **********
 **   10 **FIX           12
 **********
 PARAMETER   12  IS CONSTANT.   IGNORED.
 **********
 **   11 **FIX           13
 **********
 **********
 **   12 **FIX           14
 **********
 **********
 **   13 **FIX           15
 **********
 PARAMETER   15  IS CONSTANT.   IGNORED.
 **********
 **   14 **FIX           16
 **********
 **********
 **   15 **MIGRAD
 **********
 FIRST CALL TO USER FUNCTION AT NEW START POINT, WITH IFLAG=4.
 START MIGRAD MINIMIZATION.  STRATEGY  1.  CONVERGENCE WHEN EDM .LT. 1.00e-04
 FCN=6580.14 FROM MIGRAD    STATUS=INITIATE      429 CALLS         430 TOTAL
                     EDM= unknown      STRATEGY= 1      NO ERROR MATRIX       
  EXT PARAMETER               CURRENT GUESS       STEP         FIRST   
  NO.   NAME      VALUE            ERROR          SIZE      DERIVATIVE 
   1  N0           7.53894e+07   1.00000e+02   0.00000e+00  -3.12238e-03
   2  tau          6.44000e+01   constant   
   3  A0           3.53538e-01   1.00000e-04   0.00000e+00  -1.69595e+06
   4  phi          4.11945e+00   1.00000e-02   0.00000e+00   4.17855e+05
   5  R           -6.07615e+01   constant   
   6  alpha_CBO    0.00000e+00     fixed    
   7  w_CBO        2.32500e+00   constant   
   8  beta_CBO     0.00000e+00     fixed    
   9  alpha_2CBO   0.00000e+00     fixed    
  10  beta_2CBO    0.00000e+00     fixed    
  11  alpha_y      0.00000e+00     fixed    
  12  w_y          1.38860e+01   constant   
  13  beta_y       0.00000e+00     fixed    
  14  alpha_vw     0.00000e+00     fixed    
  15  w_vw         1.43404e+01   constant   
  16  beta_vw      0.00000e+00     fixed    
  17  LM          -1.74374e-04   constant   
  18  zeta_y       0.00000e+00   constant   
  19  zeta_vw      0.00000e+00   constant   
  20  T_CBO        1.00000e+02   1.00000e+00   0.00000e+00   0.00000e+00
  21  alpha_A0     0.00000e+00   1.00000e-04   0.00000e+00   2.56206e+03
  22  beta_A0      0.00000e+00   1.00000e-04   0.00000e+00  -4.59815e+01
  23  alpha_phi    0.00000e+00   1.00000e-04   0.00000e+00   1.93471e+03
  24  beta_phi     0.00000e+00   1.00000e-04   0.00000e+00  -8.75051e+02
 MIGRAD MINIMIZATION HAS CONVERGED.
 FCN=3361.88 FROM MIGRAD    STATUS=CONVERGED    1001 CALLS        1002 TOTAL
                     EDM=2.11615e-06    STRATEGY= 1  ERROR MATRIX UNCERTAINTY   2.1 per cent
  EXT PARAMETER                                   STEP         FIRST   
  NO.   NAME      VALUE            ERROR          SIZE      DERIVATIVE 
   1  N0           7.54602e+07   3.96810e+03   2.03285e-01   6.74590e-07
   2  tau          6.44000e+01   constant   
   3  A0           3.55606e-01   4.89437e-05  -8.41038e-09   2.13216e+00
   4  phi          4.11860e+00   1.87735e-04   5.38049e-08   3.34860e+01
   5  R           -6.07615e+01   constant   
   6  alpha_CBO    0.00000e+00     fixed    
   7  w_CBO        2.32500e+00   constant   
   8  beta_CBO     0.00000e+00     fixed    
   9  alpha_2CBO   0.00000e+00     fixed    
  10  beta_2CBO    0.00000e+00     fixed    
  11  alpha_y      0.00000e+00     fixed    
  12  w_y          1.38860e+01   constant   
  13  beta_y       0.00000e+00     fixed    
  14  alpha_vw     0.00000e+00     fixed    
  15  w_vw         1.43404e+01   constant   
  16  beta_vw      0.00000e+00     fixed    
  17  LM          -1.74374e-04   constant   
  18  zeta_y       0.00000e+00   constant   
  19  zeta_vw      0.00000e+00   constant   
  20  T_CBO        1.50436e+02   2.33626e+01  -6.20708e-05   1.42619e-02
  21  alpha_A0    -1.72246e-03   2.81304e-04  -7.45865e-07  -1.95050e-01
  22  beta_A0     -1.00000e-02   7.56496e-04  -1.80038e-03** at limit **
  23  alpha_phi   -7.08403e-03   1.97545e-04  -7.37247e-05   6.44612e-03
  24  beta_phi     3.13579e-03   2.40594e-04   9.57606e-06   1.37627e-01
 EXTERNAL ERROR MATRIX.    NDIM=  25    NPAR=  8    ERR DEF=1
  1.575e+07  1.518e-01  6.429e-01  8.456e+04  9.736e-01  2.471e-06 -5.114e-01 -7.946e-01 
  1.518e-01  2.395e-09  5.470e-09  9.913e-04  8.839e-09  5.426e-14 -3.703e-09 -6.685e-09 
  6.429e-01  5.470e-09  3.524e-08  3.551e-03  4.806e-08  1.129e-13 -2.664e-08 -3.995e-08 
  8.456e+04  9.913e-04  3.551e-03  5.466e+02  5.558e-03  1.641e-07 -2.218e-03 -4.494e-03 
  9.736e-01  8.839e-09  4.806e-08  5.558e-03  7.915e-08  7.369e-13 -3.726e-08 -5.551e-08 
  2.471e-06  5.426e-14  1.129e-13  1.641e-07  7.369e-13  3.305e-14  1.587e-12 -8.984e-13 
 -5.114e-01 -3.703e-09 -2.664e-08 -2.218e-03 -3.726e-08  1.587e-12  3.903e-08  3.076e-08 
 -7.946e-01 -6.685e-09 -3.995e-08 -4.494e-03 -5.551e-08 -8.984e-13  3.076e-08  5.790e-08 
 PARAMETER  CORRELATION COEFFICIENTS  
       NO.  GLOBAL      1      3      4     20     21     22     23     24
        1  0.94882   1.000  0.782  0.863  0.912  0.872  0.003 -0.652 -0.832
        3  0.90708   0.782  1.000  0.595  0.866  0.642  0.006 -0.383 -0.568
        4  0.94740   0.863  0.595  1.000  0.809  0.910  0.003 -0.718 -0.884
       20  0.96917   0.912  0.866  0.809  1.000  0.845  0.039 -0.480 -0.799
       21  0.93601   0.872  0.642  0.910  0.845  1.000  0.014 -0.670 -0.820
       22  0.11231   0.003  0.006  0.003  0.039  0.014  1.000  0.044 -0.021
       23  0.80516  -0.652 -0.383 -0.718 -0.480 -0.670  0.044  1.000  0.647
       24  0.90973  -0.832 -0.568 -0.884 -0.799 -0.820 -0.021  0.647  1.000
MINUIT - FIT ONLY 1-CBO + wiggle
 **********
 **   16 **RES 
 **********
                   PARAMETER   16  beta_vw RESTORED TO VARIABLE.
                   PARAMETER   14  alpha_vw RESTORED TO VARIABLE.
                   PARAMETER   13  beta_y RESTORED TO VARIABLE.
                   PARAMETER   11  alpha_y RESTORED TO VARIABLE.
                   PARAMETER   10  beta_2CBO RESTORED TO VARIABLE.
                   PARAMETER    9  alpha_2CBO RESTORED TO VARIABLE.
                   PARAMETER    8  beta_CBO RESTORED TO VARIABLE.
                   PARAMETER    6  alpha_CBO RESTORED TO VARIABLE.
 **********
 **   17 **FIX            8
 **********
 **********
 **   18 **FIX            9
 **********
 **********
 **   19 **FIX           11
 **********
 **********
 **   20 **FIX           12
 **********
 PARAMETER   12  IS CONSTANT.   IGNORED.
 **********
 **   21 **FIX           14
 **********
 **********
 **   22 **FIX           15
 **********
 PARAMETER   15  IS CONSTANT.   IGNORED.
 **********
 **   23 **FIX           16
 **********
 **********
 **   24 **MIGRAD
 **********
 START MIGRAD MINIMIZATION.  STRATEGY  1.  CONVERGENCE WHEN EDM .LT. 1.00e-04
 FCN=3361.88 FROM MIGRAD    STATUS=INITIATE       28 CALLS        1030 TOTAL
                     EDM= unknown      STRATEGY= 1      NO ERROR MATRIX       
  EXT PARAMETER               CURRENT GUESS       STEP         FIRST   
  NO.   NAME      VALUE            ERROR          SIZE      DERIVATIVE 
   1  N0           7.54602e+07   3.96810e+03   2.03285e-01   7.50553e-07
   2  tau          6.44000e+01   constant   
   3  A0           3.55606e-01   4.89437e-05  -8.41038e-09   9.32642e+00
   4  phi          4.11860e+00   1.87735e-04   5.38049e-08   3.41203e+01
   5  R           -6.07615e+01   constant   
   6  alpha_CBO    0.00000e+00   1.00000e-03   1.00000e-03  -1.78572e+06
   7  w_CBO        2.32500e+00   constant   
   8  beta_CBO     0.00000e+00     fixed    
   9  alpha_2CBO   0.00000e+00     fixed    
  10  beta_2CBO    0.00000e+00   1.00000e-03   1.00000e-03   1.12599e+06
  11  alpha_y      0.00000e+00     fixed    
  12  w_y          1.38860e+01   constant   
  13  beta_y       0.00000e+00   1.00000e-03   1.00000e-03  -3.46221e+06
  14  alpha_vw     0.00000e+00     fixed    
  15  w_vw         1.43404e+01   constant   
  16  beta_vw      0.00000e+00     fixed    
  17  LM          -1.74374e-04   constant   
  18  zeta_y       0.00000e+00   constant   
  19  zeta_vw      0.00000e+00   constant   
  20  T_CBO        1.50436e+02   2.33626e+01  -6.20708e-05   2.28320e-03
  21  alpha_A0    -1.72246e-03   2.81304e-04  -7.45865e-07  -1.94626e-01
  22  beta_A0     -9.99998e-03   7.56496e-04  -1.80038e-03   2.45302e-02
  23  alpha_phi   -7.08403e-03   1.97545e-04  -7.37247e-05   2.56161e-03
  24  beta_phi     3.13579e-03   2.40594e-04   9.57606e-06   1.40013e-01
 MIGRAD MINIMIZATION HAS CONVERGED.
 FCN=438.084 FROM MIGRAD    STATUS=CONVERGED     734 CALLS        1736 TOTAL
                     EDM=2.51496e-06    STRATEGY= 1  ERROR MATRIX UNCERTAINTY   0.5 per cent
  EXT PARAMETER                                   STEP         FIRST   
  NO.   NAME      VALUE            ERROR          SIZE      DERIVATIVE 
   1  N0           7.53883e+07   1.26063e+03  -4.86925e-01  -8.29325e-07
   2  tau          6.44000e+01   constant   
   3  A0           3.53534e-01   2.21339e-05   1.17045e-08   1.05924e+02
   4  phi          4.11924e+00   6.46042e-05  -4.44848e-08   4.48390e+00
   5  R           -6.07615e+01   constant   
   6  alpha_CBO    1.51335e-03   2.28484e-05   1.07483e-08   1.26813e+02
   7  w_CBO        2.32500e+00   constant   
   8  beta_CBO     0.00000e+00     fixed    
   9  alpha_2CBO   0.00000e+00     fixed    
  10  beta_2CBO    3.75192e-05   2.31786e-05  -2.79077e-08   1.11673e+01
  11  alpha_y      0.00000e+00     fixed    
  12  w_y          1.38860e+01   constant   
  13  beta_y       9.16247e-04   2.27766e-05  -9.61904e-09   3.60831e+01
  14  alpha_vw     0.00000e+00     fixed    
  15  w_vw         1.43404e+01   constant   
  16  beta_vw      0.00000e+00     fixed    
  17  LM          -1.74374e-04   constant   
  18  zeta_y       0.00000e+00   constant   
  19  zeta_vw      0.00000e+00   constant   
  20  T_CBO        1.84265e+00   2.02536e+02  -6.59651e-03   1.43114e-03
  21  alpha_A0     9.80380e-04   5.59475e-04  -3.86997e-04   1.24688e-06
  22  beta_A0     -9.76342e-03   2.82259e-03   5.47226e-03  -3.23061e-07
  23  alpha_phi   -7.65463e-03   3.50565e-03  -4.06019e-03   4.09828e-07
  24  beta_phi     1.61232e-03   3.76017e-03   2.75837e-03  -8.95469e-07
 EXTERNAL ERROR MATRIX.    NDIM=  25    NPAR= 11    ERR DEF=1
  1.589e+06 
  3.955e-03  4.899e-10 
  1.108e-02 -2.642e-10  4.174e-09 
 -9.754e-04 -1.872e-10  2.020e-10  5.220e-10 
  1.976e-03 -8.170e-11  4.251e-11  3.192e-11  5.372e-10 
 -7.172e-04  1.336e-11 -3.414e-11 -2.648e-11 -3.337e-11  5.188e-10 
 -4.737e+02 -3.525e-08 -2.939e-05 -7.969e-06 -1.958e-06  6.249e-06  1.610e+03 
 -1.635e-02 -4.964e-10  4.260e-10  4.932e-10 -3.265e-10  1.370e-10  2.200e-02  3.133e-07 
  2.390e-02 -2.438e-11  1.526e-09  3.070e-10  6.262e-11 -2.659e-10 -6.735e-02 -9.204e-07  2.845e-06 
 -4.553e-02 -3.078e-10 -2.190e-09 -4.013e-10 -3.700e-10  6.205e-10  1.487e-01  2.032e-06 -6.221e-06  1.374e-05 
  7.747e-02  9.182e-10  2.977e-09  5.960e-10 -3.308e-10 -5.579e-10 -1.547e-01 -2.113e-06  6.473e-06 -1.429e-05  1.488e-05 
 PARAMETER  CORRELATION COEFFICIENTS  
       NO.  GLOBAL      1      3      4      6     10     13     20     21     22     23     24
        1  0.31432   1.000  0.142  0.136 -0.034  0.068 -0.025 -0.009 -0.023  0.011 -0.010  0.016
        3  0.57466   0.142  1.000 -0.185 -0.370 -0.159  0.027 -0.000 -0.040 -0.001 -0.004  0.011
        4  0.27654   0.136 -0.185  1.000  0.137  0.028 -0.023 -0.011  0.012  0.014 -0.009  0.012
        6  0.42466  -0.034 -0.370  0.137  1.000  0.060 -0.051 -0.009  0.039  0.008 -0.005  0.007
       10  0.29552   0.068 -0.159  0.028  0.060  1.000 -0.063 -0.002 -0.025  0.002 -0.004 -0.004
       13  0.09012  -0.025  0.027 -0.023 -0.051 -0.063  1.000  0.007  0.011 -0.007  0.007 -0.006
       20  0.99988  -0.009 -0.000 -0.011 -0.009 -0.002  0.007  1.000  0.980 -0.995  1.000 -1.000
       21  0.98190  -0.023 -0.040  0.012  0.039 -0.025  0.011  0.980  1.000 -0.975  0.979 -0.979
       22  0.99532   0.011 -0.001  0.014  0.008  0.002 -0.007 -0.995 -0.975  1.000 -0.995  0.995
       23  0.99968  -0.010 -0.004 -0.009 -0.005 -0.004  0.007  1.000  0.979 -0.995  1.000 -0.999
       24  0.99969   0.016  0.011  0.012  0.007 -0.004 -0.006 -1.000 -0.979  0.995 -0.999  1.000
MINUIT - FIT ONLY 2-CBO
 **********
 **   25 **RES 
 **********
                   PARAMETER   16  beta_vw RESTORED TO VARIABLE.
                   PARAMETER   14  alpha_vw RESTORED TO VARIABLE.
                   PARAMETER   11  alpha_y RESTORED TO VARIABLE.
                   PARAMETER    9  alpha_2CBO RESTORED TO VARIABLE.
                   PARAMETER    8  beta_CBO RESTORED TO VARIABLE.
 **********
 **   26 **FIX            0
 **********
 PARAMETER    0  IS UNDEFINED. IGNORED.
 **********
 **   27 **FIX            1
 **********
 **********
 **   28 **FIX            2
 **********
 PARAMETER    2  IS CONSTANT.   IGNORED.
 **********
 **   29 **FIX            3
 **********
 **********
 **   30 **FIX            4
 **********
 **********
 **   31 **FIX            5
 **********
 PARAMETER    5  IS CONSTANT.   IGNORED.
 **********
 **   32 **FIX            6
 **********
 **********
 **   33 **FIX            7
 **********
 PARAMETER    7  IS CONSTANT.   IGNORED.
 **********
 **   34 **FIX           10
 **********
 **********
 **   35 **FIX           11
 **********
 **********
 **   36 **FIX           12
 **********
 PARAMETER   12  IS CONSTANT.   IGNORED.
 **********
 **   37 **FIX           13
 **********
 **********
 **   38 **FIX           14
 **********
 **********
 **   39 **FIX           15
 **********
 PARAMETER   15  IS CONSTANT.   IGNORED.
 **********
 **   40 **FIX           16
 **********
 **********
 **   41 **MIGRAD
 **********
 START MIGRAD MINIMIZATION.  STRATEGY  1.  CONVERGENCE WHEN EDM .LT. 1.00e-04
 FCN=427.397 FROM MIGRAD    STATUS=INITIATE      184 CALLS        1920 TOTAL
                     EDM= unknown      STRATEGY= 1      NO ERROR MATRIX       
  EXT PARAMETER               CURRENT GUESS       STEP         FIRST   
  NO.   NAME      VALUE            ERROR          SIZE      DERIVATIVE 
   1  N0           7.53883e+07     fixed    
   2  tau          6.44000e+01   constant   
   3  A0           3.53534e-01     fixed    
   4  phi          4.11924e+00     fixed    
   5  R           -6.07615e+01   constant   
   6  alpha_CBO    1.51335e-03     fixed    
   7  w_CBO        2.32500e+00   constant   
   8  beta_CBO     0.00000e+00   1.00000e-03   0.00000e+00   9.03942e+05
   9  alpha_2CBO   0.00000e+00   1.00000e-03   0.00000e+00   4.94311e+04
  10  beta_2CBO    3.75192e-05     fixed    
  11  alpha_y      0.00000e+00     fixed    
  12  w_y          1.38860e+01   constant   
  13  beta_y       9.16247e-04     fixed    
  14  alpha_vw     0.00000e+00     fixed    
  15  w_vw         1.43404e+01   constant   
  16  beta_vw      0.00000e+00     fixed    
  17  LM          -1.74374e-04   constant   
  18  zeta_y       0.00000e+00   constant   
  19  zeta_vw      0.00000e+00   constant   
  20  T_CBO        9.53301e+00   2.02536e+02   0.00000e+00  -7.78485e+01
  21  alpha_A0    -9.99098e-03   5.59475e-04   0.00000e+00  -8.48200e-02
  22  beta_A0      8.91040e-03   2.82259e-03   3.90645e-01  -3.60252e-02
  23  alpha_phi    7.09297e-03   3.50565e-03   0.00000e+00  -5.16774e-02
  24  beta_phi     1.61232e-03   3.76017e-03   0.00000e+00  -5.22612e+00
 MIGRAD FAILS TO FIND IMPROVEMENT
 COVARIANCE MATRIX CALCULATED SUCCESSFULLY
 FCN=308.779 FROM HESSE     STATUS=OK             52 CALLS        2199 TOTAL
                     EDM=0.010614    STRATEGY= 1      ERROR MATRIX ACCURATE 
  EXT PARAMETER                                   STEP         FIRST   
  NO.   NAME      VALUE            ERROR          SIZE      DERIVATIVE 
   1  N0           7.53883e+07     fixed    
   2  tau          6.44000e+01   constant   
   3  A0           3.53534e-01     fixed    
   4  phi          4.11924e+00     fixed    
   5  R           -6.07615e+01   constant   
   6  alpha_CBO    1.51335e-03     fixed    
   7  w_CBO        2.32500e+00   constant   
   8  beta_CBO    -2.61693e-04   2.41549e-05   2.03752e-07  -6.47128e+02
   9  alpha_2CBO  -1.08935e-05   2.43748e-05   1.99903e-07  -1.92645e+03
  10  beta_2CBO    3.75192e-05     fixed    
  11  alpha_y      0.00000e+00     fixed    
  12  w_y          1.38860e+01   constant   
  13  beta_y       9.16247e-04     fixed    
  14  alpha_vw     0.00000e+00     fixed    
  15  w_vw         1.43404e+01   constant   
  16  beta_vw      0.00000e+00     fixed    
  17  LM          -1.74374e-04   constant   
  18  zeta_y       0.00000e+00   constant   
  19  zeta_vw      0.00000e+00   constant   
  20  T_CBO        9.99097e+00   9.33414e-01   7.24288e-05  -1.13253e+01
  21  alpha_A0    -9.87308e-03   1.55624e-02   6.15202e-02   6.87881e-02
  22  beta_A0      5.82990e-04   4.20595e-03   3.73261e-03   1.00789e-01
  23  alpha_phi    9.97825e-03   1.21903e-02   1.33505e-02   5.15180e-02
  24  beta_phi     1.01521e-03   3.50816e-03   3.13045e-03  -2.32282e-01
 MIGRAD MINIMIZATION HAS CONVERGED.
 MIGRAD WILL VERIFY CONVERGENCE AND ERROR MATRIX.
 COVARIANCE MATRIX CALCULATED SUCCESSFULLY
 FCN=308.744 FROM MIGRAD    STATUS=CONVERGED     576 CALLS        2312 TOTAL
                     EDM=1.65162e-05    STRATEGY= 1      ERROR MATRIX ACCURATE 
  EXT PARAMETER                                   STEP         FIRST   
  NO.   NAME      VALUE            ERROR          SIZE      DERIVATIVE 
   1  N0           7.53883e+07     fixed    
   2  tau          6.44000e+01   constant   
   3  A0           3.53534e-01     fixed    
   4  phi          4.11924e+00     fixed    
   5  R           -6.07615e+01   constant   
   6  alpha_CBO    1.51335e-03     fixed    
   7  w_CBO        2.32500e+00   constant   
   8  beta_CBO    -2.61582e-04   2.42132e-05   2.03740e-07   2.37570e+01
   9  alpha_2CBO  -1.08229e-05   2.45395e-05   1.99891e-07   2.76051e+01
  10  beta_2CBO    3.75192e-05     fixed    
  11  alpha_y      0.00000e+00     fixed    
  12  w_y          1.38860e+01   constant   
  13  beta_y       9.16247e-04     fixed    
  14  alpha_vw     0.00000e+00     fixed    
  15  w_vw         1.43404e+01   constant   
  16  beta_vw      0.00000e+00     fixed    
  17  LM          -1.74374e-04   constant   
  18  zeta_y       0.00000e+00   constant   
  19  zeta_vw      0.00000e+00   constant   
  20  T_CBO        1.01734e+01   1.27534e+00   7.34109e-05  -9.71118e-02
  21  alpha_A0    -9.02908e-03   1.46680e-02   6.55717e-03   2.19438e-03
  22  beta_A0      7.57281e-04   4.14764e-03   3.51618e-03  -7.57012e-04
  23  alpha_phi    9.99917e-03   1.32474e-02   3.25127e-02   1.06285e-03
  24  beta_phi     1.20802e-03   3.42815e-03   2.95323e-03  -2.57700e-03
 EXTERNAL ERROR MATRIX.    NDIM=  25    NPAR=  7    ERR DEF=1
  5.863e-10 -1.420e-11 -1.847e-06  6.058e-09 -1.117e-08 -1.854e-11  1.043e-08 
 -1.420e-11  6.022e-10 -5.587e-06  1.089e-08 -2.381e-08 -6.445e-11 -1.139e-09 
 -1.847e-06 -5.587e-06  1.627e+00 -4.551e-03 -4.173e-04  2.661e-04 -1.931e-04 
  6.058e-09  1.089e-08 -4.551e-03  2.474e-05  1.176e-06 -9.020e-07 -1.352e-06 
 -1.117e-08 -2.381e-08 -4.173e-04  1.176e-06  1.830e-05  7.151e-08  1.829e-06 
 -1.854e-11 -6.445e-11  2.661e-04 -9.020e-07  7.151e-08  4.282e-07 -1.419e-07 
  1.043e-08 -1.139e-09 -1.931e-04 -1.352e-06  1.829e-06 -1.419e-07  1.225e-05 
 PARAMETER  CORRELATION COEFFICIENTS  
       NO.  GLOBAL      8      9     20     21     22     23     24
        8  0.20311   1.000 -0.024 -0.060  0.050 -0.108 -0.001  0.123
        9  0.31860  -0.024  1.000 -0.179  0.089 -0.227 -0.004 -0.013
       20  0.74591  -0.060 -0.179  1.000 -0.717 -0.076  0.319 -0.043
       21  0.72919   0.050  0.089 -0.717  1.000  0.055 -0.277 -0.078
       22  0.32098  -0.108 -0.227 -0.076  0.055  1.000  0.026  0.122
       23  0.34492  -0.001 -0.004  0.319 -0.277  0.026  1.000 -0.062
       24  0.25405   0.123 -0.013 -0.043 -0.078  0.122 -0.062  1.000
MINUIT - FIT wiggle + 1-CBO + 2-CBO
 **********
 **   42 **RES 
 **********
                   PARAMETER   16  beta_vw RESTORED TO VARIABLE.
                   PARAMETER   14  alpha_vw RESTORED TO VARIABLE.
                   PARAMETER   13  beta_y RESTORED TO VARIABLE.
                   PARAMETER   11  alpha_y RESTORED TO VARIABLE.
                   PARAMETER   10  beta_2CBO RESTORED TO VARIABLE.
                   PARAMETER    6  alpha_CBO RESTORED TO VARIABLE.
                   PARAMETER    4  phi RESTORED TO VARIABLE.
                   PARAMETER    3  A0 RESTORED TO VARIABLE.
                   PARAMETER    1  N0 RESTORED TO VARIABLE.
 **********
 **   43 **FIX           10
 **********
 **********
 **   44 **FIX           11
 **********
 **********
 **   45 **FIX           12
 **********
 PARAMETER   12  IS CONSTANT.   IGNORED.
 **********
 **   46 **FIX           13
 **********
 **********
 **   47 **FIX           14
 **********
 **********
 **   48 **FIX           15
 **********
 PARAMETER   15  IS CONSTANT.   IGNORED.
 **********
 **   49 **FIX           16
 **********
 **********
 **   50 **MIGRAD
 **********
 START MIGRAD MINIMIZATION.  STRATEGY  1.  CONVERGENCE WHEN EDM .LT. 1.00e-04
 FCN=308.744 FROM MIGRAD    STATUS=INITIATE       26 CALLS        2338 TOTAL
                     EDM= unknown      STRATEGY= 1      NO ERROR MATRIX       
  EXT PARAMETER               CURRENT GUESS       STEP         FIRST   
  NO.   NAME      VALUE            ERROR          SIZE      DERIVATIVE 
   1  N0           7.53883e+07   1.26063e+03   1.26063e+03   2.89437e-03
   2  tau          6.44000e+01   constant   
   3  A0           3.53534e-01   2.21339e-05   2.21339e-05  -1.12030e+05
   4  phi          4.11924e+00   6.46042e-05   6.46042e-05  -3.55834e+04
   5  R           -6.07615e+01   constant   
   6  alpha_CBO    1.51335e-03   2.28484e-05   2.28484e-05   5.60967e+04
   7  w_CBO        2.32500e+00   constant   
   8  beta_CBO    -2.61582e-04   2.42132e-05   2.03740e-07   2.37561e+01
   9  alpha_2CBO  -1.08229e-05   2.45395e-05   1.99891e-07   2.76052e+01
  10  beta_2CBO    3.75192e-05     fixed    
  11  alpha_y      0.00000e+00     fixed    
  12  w_y          1.38860e+01   constant   
  13  beta_y       9.16247e-04     fixed    
  14  alpha_vw     0.00000e+00     fixed    
  15  w_vw         1.43404e+01   constant   
  16  beta_vw      0.00000e+00     fixed    
  17  LM          -1.74374e-04   constant   
  18  zeta_y       0.00000e+00   constant   
  19  zeta_vw      0.00000e+00   constant   
  20  T_CBO        1.01734e+01   1.27534e+00   7.34109e-05  -9.55418e-02
  21  alpha_A0    -9.02908e-03   1.46680e-02   6.55717e-03  -2.03881e-03
  22  beta_A0      7.57281e-04   4.14764e-03   3.51618e-03   7.51692e-04
  23  alpha_phi    9.99917e-03   1.32474e-02   3.25127e-02  -1.20040e-03
  24  beta_phi     1.20802e-03   3.42815e-03   2.95323e-03  -2.58559e-03
 MIGRAD MINIMIZATION HAS CONVERGED.
 MIGRAD WILL VERIFY CONVERGENCE AND ERROR MATRIX.
 COVARIANCE MATRIX CALCULATED SUCCESSFULLY
 FCN=303.212 FROM MIGRAD    STATUS=CONVERGED     857 CALLS        3169 TOTAL
                     EDM=7.4961e-06    STRATEGY= 1      ERROR MATRIX ACCURATE 
  EXT PARAMETER                                   STEP         FIRST   
  NO.   NAME      VALUE            ERROR          SIZE      DERIVATIVE 
   1  N0           7.53885e+07   1.39582e+00   3.59480e+01   5.96893e-07
   2  tau          6.44000e+01   constant   
   3  A0           3.53586e-01   3.95604e-05   1.78293e-07   1.34148e+01
   4  phi          4.11935e+00   1.31155e-04   1.96426e-06   2.03772e+01
   5  R           -6.07615e+01   constant   
   6  alpha_CBO    1.48706e-03   3.37068e-05   1.94073e-07   3.78271e+01
   7  w_CBO        2.32500e+00   constant   
   8  beta_CBO    -2.85751e-04   2.70257e-05   2.01919e-07   5.46702e+01
   9  alpha_2CBO  -5.16400e-06   2.83005e-05   1.98105e-07  -3.33034e+01
  10  beta_2CBO    3.75192e-05     fixed    
  11  alpha_y      0.00000e+00     fixed    
  12  w_y          1.38860e+01   constant   
  13  beta_y       9.16247e-04     fixed    
  14  alpha_vw     0.00000e+00     fixed    
  15  w_vw         1.43404e+01   constant   
  16  beta_vw      0.00000e+00     fixed    
  17  LM          -1.74374e-04   constant   
  18  zeta_y       0.00000e+00   constant   
  19  zeta_vw      0.00000e+00   constant   
  20  T_CBO        9.22638e+00   1.65076e+00   7.34810e-05  -9.98941e-02
  21  alpha_A0    -9.99811e-03   1.41540e-02   3.53676e-02  -6.23097e-04
  22  beta_A0     -9.99997e-03   1.39055e-02   4.54258e-02  -1.90321e-04
  23  alpha_phi    5.08464e-03   5.64374e-03   5.85781e-03   4.39786e-05
  24  beta_phi     4.32772e-04   7.01490e-03   4.23053e-03   6.11576e-03
 EXTERNAL ERROR MATRIX.    NDIM=  25    NPAR= 11    ERR DEF=1
  1.948e+00 
  2.259e-08  1.565e-09 
 -2.347e-08 -3.772e-09  1.720e-08 
 -1.435e-08 -9.334e-10  2.793e-09  1.136e-09 
  2.931e-09  2.350e-10 -1.531e-09 -1.933e-10  7.304e-10 
 -4.192e-09 -4.502e-10  1.874e-09  2.944e-10 -1.837e-10  8.009e-10 
  7.851e-04  5.163e-05 -1.675e-04 -3.640e-05  1.150e-05 -2.379e-05  2.725e+00 
  1.112e-08 -3.562e-11  1.101e-09  1.683e-10 -1.572e-10  4.119e-11  1.207e-05  7.610e-08 
 -9.504e-10 -8.417e-13 -6.545e-11 -7.748e-12  1.050e-11 -3.381e-12  1.199e-06  1.079e-11  1.213e-09 
  5.111e-06  7.899e-08 -9.618e-08 -6.057e-08  8.217e-09  4.833e-09  3.291e-03  6.572e-08 -7.210e-10  3.788e-05 
  1.149e-06  2.004e-07 -7.902e-07 -1.466e-07  8.019e-08 -8.992e-08  8.054e-03 -3.326e-08  1.543e-09  1.644e-06  6.048e-05 
 PARAMETER  CORRELATION COEFFICIENTS  
       NO.  GLOBAL      1      3      4      6      8      9     20     21     22     23     24
        1  0.00067   1.000  0.000 -0.000 -0.000  0.000 -0.000  0.000  0.000 -0.000  0.001  0.000
        3  0.84850   0.000  1.000 -0.727 -0.700  0.220 -0.402  0.791 -0.003 -0.001  0.324  0.651
        4  0.88120  -0.000 -0.727  1.000  0.632 -0.432  0.505 -0.774  0.030 -0.014 -0.119 -0.775
        6  0.73684  -0.000 -0.700  0.632  1.000 -0.212  0.309 -0.654  0.018 -0.007 -0.292 -0.559
        8  0.47997   0.000  0.220 -0.432 -0.212  1.000 -0.240  0.258 -0.021  0.011  0.049  0.382
        9  0.56957  -0.000 -0.402  0.505  0.309 -0.240  1.000 -0.509  0.005 -0.003  0.028 -0.409
       20  0.86599   0.000  0.791 -0.774 -0.654  0.258 -0.509  1.000  0.027  0.021  0.324  0.627
       21  0.09319   0.000 -0.003  0.030  0.018 -0.021  0.005  0.027  1.000  0.001  0.039 -0.016
       22  0.03860  -0.000 -0.001 -0.014 -0.007  0.011 -0.003  0.021  0.001  1.000 -0.003  0.006
       23  0.50473   0.001  0.324 -0.119 -0.292  0.049  0.028  0.324  0.039 -0.003  1.000  0.034
       24  0.79881   0.000  0.651 -0.775 -0.559  0.382 -0.409  0.627 -0.016  0.006  0.034  1.000
MINUIT - FIT ONLY 1-y
 **********
 **   51 **RES 
 **********
                   PARAMETER   16  beta_vw RESTORED TO VARIABLE.
                   PARAMETER   14  alpha_vw RESTORED TO VARIABLE.
                   PARAMETER   13  beta_y RESTORED TO VARIABLE.
                   PARAMETER   11  alpha_y RESTORED TO VARIABLE.
                   PARAMETER   10  beta_2CBO RESTORED TO VARIABLE.
 **********
 **   52 **FIX            0
 **********
 PARAMETER    0  IS UNDEFINED. IGNORED.
 **********
 **   53 **FIX            1
 **********
 **********
 **   54 **FIX            2
 **********
 PARAMETER    2  IS CONSTANT.   IGNORED.
 **********
 **   55 **FIX            3
 **********
 **********
 **   56 **FIX            4
 **********
 **********
 **   57 **FIX            5
 **********
 PARAMETER    5  IS CONSTANT.   IGNORED.
 **********
 **   58 **FIX            6
 **********
 **********
 **   59 **FIX            7
 **********
 PARAMETER    7  IS CONSTANT.   IGNORED.
 **********
 **   60 **FIX            8
 **********
 **********
 **   61 **FIX            9
 **********
 **********
 **   62 **FIX           13
 **********
 **********
 **   63 **FIX           14
 **********
 **********
 **   64 **FIX           15
 **********
 PARAMETER   15  IS CONSTANT.   IGNORED.
 **********
 **   65 **FIX           16
 **********
 **********
 **   66 **MIGRAD
 **********
 START MIGRAD MINIMIZATION.  STRATEGY  1.  CONVERGENCE WHEN EDM .LT. 1.00e-04
 FCN=303.212 FROM MIGRAD    STATUS=INITIATE       39 CALLS        3208 TOTAL
                     EDM= unknown      STRATEGY= 1      NO ERROR MATRIX       
  EXT PARAMETER               CURRENT GUESS       STEP         FIRST   
  NO.   NAME      VALUE            ERROR          SIZE      DERIVATIVE 
   1  N0           7.53885e+07     fixed    
   2  tau          6.44000e+01   constant   
   3  A0           3.53586e-01     fixed    
   4  phi          4.11935e+00     fixed    
   5  R           -6.07615e+01   constant   
   6  alpha_CBO    1.48706e-03     fixed    
   7  w_CBO        2.32500e+00   constant   
   8  beta_CBO    -2.85751e-04     fixed    
   9  alpha_2CBO  -5.16400e-06     fixed    
  10  beta_2CBO    3.75192e-05   2.31786e-05   0.00000e+00   3.35902e+04
  11  alpha_y      0.00000e+00   1.00000e-03   0.00000e+00   1.25148e+05
  12  w_y          1.38860e+01   constant   
  13  beta_y       9.16247e-04     fixed    
  14  alpha_vw     0.00000e+00     fixed    
  15  w_vw         1.43404e+01   constant   
  16  beta_vw      0.00000e+00     fixed    
  17  LM          -1.74374e-04   constant   
  18  zeta_y       0.00000e+00   constant   
  19  zeta_vw      0.00000e+00   constant   
  20  T_CBO        9.22638e+00   1.65076e+00   0.00000e+00  -1.28875e+00
  21  alpha_A0    -9.95939e-03   1.41540e-02   7.07352e-02   6.22795e-04
  22  beta_A0     -9.99997e-03   1.39055e-02   0.00000e+00   2.03226e-04
  23  alpha_phi    5.08464e-03   5.64374e-03   0.00000e+00   5.34302e-03
  24  beta_phi     4.32772e-04   7.01490e-03   0.00000e+00   8.53072e-04
 MIGRAD MINIMIZATION HAS CONVERGED.
 MIGRAD WILL VERIFY CONVERGENCE AND ERROR MATRIX.
 COVARIANCE MATRIX CALCULATED SUCCESSFULLY
 FCN=300.887 FROM MIGRAD    STATUS=CONVERGED     195 CALLS        3364 TOTAL
                     EDM=1.07822e-05    STRATEGY= 1      ERROR MATRIX ACCURATE 
  EXT PARAMETER                                   STEP         FIRST   
  NO.   NAME      VALUE            ERROR          SIZE      DERIVATIVE 
   1  N0           7.53885e+07     fixed    
   2  tau          6.44000e+01   constant   
   3  A0           3.53586e-01     fixed    
   4  phi          4.11935e+00     fixed    
   5  R           -6.07615e+01   constant   
   6  alpha_CBO    1.48706e-03     fixed    
   7  w_CBO        2.32500e+00   constant   
   8  beta_CBO    -2.85751e-04     fixed    
   9  alpha_2CBO  -5.16400e-06     fixed    
  10  beta_2CBO    2.79362e-05   2.45649e-05   1.96898e-07   9.83691e+01
  11  alpha_y     -3.46099e-05   2.35869e-05   1.99866e-07  -9.86464e+01
  12  w_y          1.38860e+01   constant   
  13  beta_y       9.16247e-04     fixed    
  14  alpha_vw     0.00000e+00     fixed    
  15  w_vw         1.43404e+01   constant   
  16  beta_vw      0.00000e+00     fixed    
  17  LM          -1.74374e-04   constant   
  18  zeta_y       0.00000e+00   constant   
  19  zeta_vw      0.00000e+00   constant   
  20  T_CBO        9.27714e+00   1.02891e+00   7.44415e-05  -9.03711e-02
  21  alpha_A0    -9.40812e-03   1.14089e-02   1.32638e-02   1.39271e-03
  22  beta_A0     -1.00000e-02   1.42358e-02   6.75939e-02** at limit **
  23  alpha_phi    5.02258e-03   5.40300e-03   5.75736e-03   4.18243e-03
  24  beta_phi     1.41989e-03   4.74861e-03   4.19872e-03   3.20395e-03
 EXTERNAL ERROR MATRIX.    NDIM=  25    NPAR=  7    ERR DEF=1
  6.034e-10 -1.445e-11  1.522e-06 -8.825e-09  5.633e-14 -1.066e-08 -3.750e-08 
 -1.445e-11  5.563e-10 -3.263e-07  3.460e-10 -7.572e-15  1.203e-09 -3.084e-09 
  1.522e-06 -3.263e-07  1.059e+00  2.132e-03  4.496e-08 -2.318e-03 -5.517e-04 
 -8.825e-09  3.460e-10  2.132e-03  1.646e-05  8.509e-11 -7.041e-06  1.000e-06 
  5.633e-14 -7.572e-15  4.496e-08  8.509e-11  4.798e-13 -3.898e-11 -4.996e-11 
 -1.066e-08  1.203e-09 -2.318e-03 -7.041e-06 -3.898e-11  3.406e-05  6.107e-06 
 -3.750e-08 -3.084e-09 -5.517e-04  1.000e-06 -4.996e-11  6.107e-06  2.453e-05 
 PARAMETER  CORRELATION COEFFICIENTS  
       NO.  GLOBAL     10     11     20     21     22     23     24
       10  0.32768   1.000 -0.025  0.060 -0.089  0.003 -0.074 -0.308
       11  0.04916  -0.025  1.000 -0.013  0.004 -0.000  0.009 -0.026
       20  0.57716   0.060 -0.013  1.000  0.511  0.063 -0.386 -0.108
       21  0.54557  -0.089  0.004  0.511  1.000  0.030 -0.297  0.050
       22  0.06605   0.003 -0.000  0.063  0.030  1.000 -0.010 -0.015
       23  0.44481  -0.074  0.009 -0.386 -0.297 -0.010  1.000  0.211
       24  0.37873  -0.308 -0.026 -0.108  0.050 -0.015  0.211  1.000
MINUIT - FIT ONLY 2-y
 **********
 **   67 **RES 
 **********
                   PARAMETER   16  beta_vw RESTORED TO VARIABLE.
                   PARAMETER   14  alpha_vw RESTORED TO VARIABLE.
                   PARAMETER   13  beta_y RESTORED TO VARIABLE.
                   PARAMETER    9  alpha_2CBO RESTORED TO VARIABLE.
                   PARAMETER    8  beta_CBO RESTORED TO VARIABLE.
                   PARAMETER    6  alpha_CBO RESTORED TO VARIABLE.
                   PARAMETER    4  phi RESTORED TO VARIABLE.
                   PARAMETER    3  A0 RESTORED TO VARIABLE.
                   PARAMETER    1  N0 RESTORED TO VARIABLE.
 **********
 **   68 **FIX            0
 **********
 PARAMETER    0  IS UNDEFINED. IGNORED.
 **********
 **   69 **FIX            1
 **********
 **********
 **   70 **FIX            2
 **********
 PARAMETER    2  IS CONSTANT.   IGNORED.
 **********
 **   71 **FIX            3
 **********
 **********
 **   72 **FIX            4
 **********
 **********
 **   73 **FIX            5
 **********
 PARAMETER    5  IS CONSTANT.   IGNORED.
 **********
 **   74 **FIX            6
 **********
 **********
 **   75 **FIX            7
 **********
 PARAMETER    7  IS CONSTANT.   IGNORED.
 **********
 **   76 **FIX            8
 **********
 **********
 **   77 **FIX            9
 **********
 **********
 **   78 **FIX           10
 **********
 **********
 **   79 **FIX           11
 **********
 **********
 **   80 **FIX           12
 **********
 PARAMETER   12  IS CONSTANT.   IGNORED.
 **********
 **   81 **FIX           16
 **********
 **********
 **   82 **MIGRAD
 **********
 START MIGRAD MINIMIZATION.  STRATEGY  1.  CONVERGENCE WHEN EDM .LT. 1.00e-04
 FCN=300.887 FROM MIGRAD    STATUS=INITIATE       40 CALLS        3404 TOTAL
                     EDM= unknown      STRATEGY= 1      NO ERROR MATRIX       
  EXT PARAMETER               CURRENT GUESS       STEP         FIRST   
  NO.   NAME      VALUE            ERROR          SIZE      DERIVATIVE 
   1  N0           7.53885e+07     fixed    
   2  tau          6.44000e+01   constant   
   3  A0           3.53586e-01     fixed    
   4  phi          4.11935e+00     fixed    
   5  R           -6.07615e+01   constant   
   6  alpha_CBO    1.48706e-03     fixed    
   7  w_CBO        2.32500e+00   constant   
   8  beta_CBO    -2.85751e-04     fixed    
   9  alpha_2CBO  -5.16400e-06     fixed    
  10  beta_2CBO    2.79362e-05     fixed    
  11  alpha_y     -3.46099e-05     fixed    
  12  w_y          1.38860e+01   constant   
  13  beta_y       9.16247e-04   2.27766e-05   0.00000e+00  -4.22495e+04
  14  alpha_vw     0.00000e+00   1.00000e-03   0.00000e+00  -2.39516e+05
  15  w_vw         1.43404e+01   constant   
  16  beta_vw      0.00000e+00     fixed    
  17  LM          -1.74374e-04   constant   
  18  zeta_y       0.00000e+00   constant   
  19  zeta_vw      0.00000e+00   constant   
  20  T_CBO        9.27714e+00   1.02891e+00   0.00000e+00  -1.07615e+00
  21  alpha_A0    -9.40812e-03   1.14089e-02   0.00000e+00   1.42793e-03
  22  beta_A0     -9.96317e-03   1.42358e-02   8.38975e-02   6.65897e-04
  23  alpha_phi    5.02258e-03   5.40300e-03   0.00000e+00  -3.81911e-04
  24  beta_phi     1.41989e-03   4.74861e-03   0.00000e+00   6.99054e-03
 MIGRAD MINIMIZATION HAS CONVERGED.
 MIGRAD WILL VERIFY CONVERGENCE AND ERROR MATRIX.
 COVARIANCE MATRIX CALCULATED SUCCESSFULLY
 FCN=282.229 FROM HESSE     STATUS=OK             54 CALLS        3626 TOTAL
                     EDM=0.000125538    STRATEGY= 1      ERROR MATRIX ACCURATE 
  EXT PARAMETER                                   STEP         FIRST   
  NO.   NAME      VALUE            ERROR          SIZE      DERIVATIVE 
   1  N0           7.53885e+07     fixed    
   2  tau          6.44000e+01   constant   
   3  A0           3.53586e-01     fixed    
   4  phi          4.11935e+00     fixed    
   5  R           -6.07615e+01   constant   
   6  alpha_CBO    1.48706e-03     fixed    
   7  w_CBO        2.32500e+00   constant   
   8  beta_CBO    -2.85751e-04     fixed    
   9  alpha_2CBO  -5.16400e-06     fixed    
  10  beta_2CBO    2.79362e-05     fixed    
  11  alpha_y     -3.46099e-05     fixed    
  12  w_y          1.38860e+01   constant   
  13  beta_y       7.82347e-04   4.08549e-05   1.88375e-07   1.12496e+00
  14  alpha_vw     1.79433e-04   4.18091e-05   1.92311e-07   1.03055e+01
  15  w_vw         1.43404e+01   constant   
  16  beta_vw      0.00000e+00     fixed    
  17  LM          -1.74374e-04   constant   
  18  zeta_y       0.00000e+00   constant   
