 + ++++++++++++++++++++++++++++++++++++++++++++++++++++++++++++++++++++ +
 +                                                                      +
 +           You have chose to blind your fitting according to          +
 +                omega_ref * (1 + (R +/- deltaR) *10^{-6})             +
 +                                                                      +
 + ++++++++++++++++++++++++++++++++++++++++++++++++++++++++++++++++++++ +
In main()...
reading format from /gm2data/zkhechad/run45/envelope/formats/formatB_sBin_constraintOn.txt
pBinTau 	= 0  
pBinPhi 	= 0  
constraintau 	= 1 
includeMopTerm 	= 0    
constrainMop    = 0   
Parameters after format file: pBinTau 0 pBinPhi 0 constraintau 1 includeMopTerm 0 constrainMop 0 c_e_scale 0.000000 
Opening file /gm2data/tbarrett/gm2fr/studies/run23_bunch_corrections/CorrectedFourier_Run3b.root.
reading full fit data from /gm2data/zkhechad/cboTemplates/Run4CBOTemplates/fullFits/noRF/sBin_constraintOn_cE0.0_seed0_noRF_calo6.root
windowBins = 69
fitting sliding window 2520 from bin 2656 at 396.126000 to bin 2725 at 406.570000 (69 bins)

Reading data from /gm2data/cornell/histograms/aMethod/histogram_a_noRF.root
 **********
 **    1 **SET PRINTOUT            1
 **********
 **********
 **    2 **SET NOWARNINGS 
 **********
 PARAMETER DEFINITIONS:
    NO.   NAME         VALUE      STEP SIZE      LIMITS
     1 N0           2.91036e+06  1.00000e+02     no limits
     2 tau          6.44099e+01  constant
     3 A0           3.53688e-01  1.00000e-04     no limits
     4 phi          4.11540e+00  1.00000e-02     no limits
     5 R           -6.16610e+01  constant
     6 alpha_CBO    0.00000e+00  1.00000e-03     no limits
     7 w_CBO        2.32500e+00  constant
     8 beta_CBO     0.00000e+00  1.00000e-03     no limits
     9 alpha_2CBO   0.00000e+00  1.00000e-03     no limits
    10 beta_2CBO    0.00000e+00  1.00000e-03     no limits
    11 alpha_y      0.00000e+00  1.00000e-03     no limits
    12 w_y          1.38860e+01  constant
    13 beta_y       0.00000e+00  1.00000e-03     no limits
    14 alpha_vw     0.00000e+00  1.00000e-03     no limits
    15 w_vw         1.43404e+01  constant
    16 beta_vw      0.00000e+00  1.00000e-03     no limits
    17 LM           1.71412e-04  constant
    18 zeta_y       0.00000e+00  constant
    19 zeta_vw      0.00000e+00  constant
    20 T_CBO        1.00000e+02  1.00000e+00    0.00000e+00  1.00000e+03
    21 alpha_A0     0.00000e+00  1.00000e-03     no limits
    22 beta_A0      0.00000e+00  1.00000e-03     no limits
    23 alpha_phi    0.00000e+00  1.00000e-03     no limits
    24 beta_phi     0.00000e+00  1.00000e-03     no limits
MINUIT - FIT ONLY WIGGLE
 **********
 **    3 **FIX            5
 **********
 PARAMETER    5  IS CONSTANT.   IGNORED.
 **********
 **    4 **FIX            6
 **********
 **********
 **    5 **FIX            7
 **********
 PARAMETER    7  IS CONSTANT.   IGNORED.
 **********
 **    6 **FIX            8
 **********
 **********
 **    7 **FIX            9
 **********
 **********
 **    8 **FIX           10
 **********
 **********
 **    9 **FIX           11
 **********
 **********
 **   10 **FIX           12
 **********
 PARAMETER   12  IS CONSTANT.   IGNORED.
 **********
 **   11 **FIX           13
 **********
 **********
 **   12 **FIX           14
 **********
 **********
 **   13 **FIX           15
 **********
 PARAMETER   15  IS CONSTANT.   IGNORED.
 **********
 **   14 **FIX           16
 **********
 **********
 **   15 **MIGRAD
 **********
 FIRST CALL TO USER FUNCTION AT NEW START POINT, WITH IFLAG=4.
 START MIGRAD MINIMIZATION.  STRATEGY  1.  CONVERGENCE WHEN EDM .LT. 1.00e-04
 FCN=64.7372 FROM MIGRAD    STATUS=INITIATE      437 CALLS         438 TOTAL
                     EDM= unknown      STRATEGY= 1      NO ERROR MATRIX       
  EXT PARAMETER               CURRENT GUESS       STEP         FIRST   
  NO.   NAME      VALUE            ERROR          SIZE      DERIVATIVE 
   1  N0           2.91036e+06   1.00000e+02   0.00000e+00  -9.75705e-04
   2  tau          6.44099e+01   constant   
   3  A0           3.53688e-01   1.00000e-04   0.00000e+00  -1.69630e+03
   4  phi          4.11540e+00   1.00000e-02   0.00000e+00   6.92164e+00
   5  R           -6.16610e+01   constant   
   6  alpha_CBO    0.00000e+00     fixed    
   7  w_CBO        2.32500e+00   constant   
   8  beta_CBO     0.00000e+00     fixed    
   9  alpha_2CBO   0.00000e+00     fixed    
  10  beta_2CBO    0.00000e+00     fixed    
  11  alpha_y      0.00000e+00     fixed    
  12  w_y          1.38860e+01   constant   
  13  beta_y       0.00000e+00     fixed    
  14  alpha_vw     0.00000e+00     fixed    
  15  w_vw         1.43404e+01   constant   
  16  beta_vw      0.00000e+00     fixed    
  17  LM           1.71412e-04   constant   
  18  zeta_y       0.00000e+00   constant   
  19  zeta_vw      0.00000e+00   constant   
  20  T_CBO        1.00000e+02   1.00000e+00   0.00000e+00   0.00000e+00
  21  alpha_A0     0.00000e+00   1.00000e-03   0.00000e+00  -9.23238e+00
  22  beta_A0      0.00000e+00   1.00000e-03   0.00000e+00  -4.56441e+00
  23  alpha_phi    0.00000e+00   1.00000e-03   0.00000e+00  -3.06598e+00
  24  beta_phi     0.00000e+00   1.00000e-03   0.00000e+00  -1.04059e+01
 CALL LIMIT EXCEEDED IN MIGRAD.
 MIGRAD TERMINATED WITHOUT CONVERGENCE.
 FCN=56.6963 FROM MIGRAD    STATUS=CALL LIMIT   1330 CALLS        1331 TOTAL
                     EDM=0.00131774    STRATEGY= 1  ERROR MATRIX UNCERTAINTY   0.1 per cent
  EXT PARAMETER                APPROXIMATE        STEP         FIRST   
  NO.   NAME      VALUE            ERROR          SIZE      DERIVATIVE 
   1  N0           2.91534e+06   2.89986e+03  -4.73998e+00   3.59842e-06
   2  tau          6.44099e+01   constant   
   3  A0           3.54871e-01   1.28590e-03  -1.54718e-06  -8.73963e+00
   4  phi          4.11407e+00   3.70556e-03   1.31580e-06  -1.22768e+00
   5  R           -6.16610e+01   constant   
   6  alpha_CBO    0.00000e+00     fixed    
   7  w_CBO        2.32500e+00   constant   
   8  beta_CBO     0.00000e+00     fixed    
   9  alpha_2CBO   0.00000e+00     fixed    
  10  beta_2CBO    0.00000e+00     fixed    
  11  alpha_y      0.00000e+00     fixed    
  12  w_y          1.38860e+01   constant   
  13  beta_y       0.00000e+00     fixed    
  14  alpha_vw     0.00000e+00     fixed    
  15  w_vw         1.43404e+01   constant   
  16  beta_vw      0.00000e+00     fixed    
  17  LM           1.71412e-04   constant   
  18  zeta_y       0.00000e+00   constant   
  19  zeta_vw      0.00000e+00   constant   
  20  T_CBO        2.74652e+02   3.65074e+02   2.12575e-02  -3.95208e-01
  21  alpha_A0     2.15495e-02   6.91221e-02  -1.00542e-03  -1.02928e+00
  22  beta_A0      1.86572e-02   5.49975e-02  -1.26336e-03   1.16423e-01
  23  alpha_phi    1.02268e-02   4.44849e-02  -5.85549e-04  -7.06591e-01
  24  beta_phi     3.72286e-02   9.85341e-02  -2.37360e-03  -2.97656e+00
 EXTERNAL ERROR MATRIX.    NDIM=  25    NPAR=  8    ERR DEF=1
  8.409e+06  3.412e-01 -1.887e+00  5.264e+04 -2.566e+01 -1.599e+00 -2.056e+00  2.905e+00 
  3.412e-01  1.654e-06  1.349e-07 -4.270e-03 -2.570e-07 -1.797e-06 -8.156e-06 -1.580e-06 
 -1.887e+00  1.349e-07  1.373e-05 -5.184e-02  1.244e-05  9.929e-07  3.323e-06  2.807e-06 
  5.264e+04 -4.270e-03 -5.184e-02  1.828e+05 -2.661e+01 -2.052e+01 -1.364e+01 -4.157e+01 
 -2.566e+01 -2.570e-07  1.244e-05 -2.661e+01  4.778e-03  3.090e-03  2.101e-03  5.818e-03 
 -1.599e+00 -1.797e-06  9.929e-07 -2.052e+01  3.090e-03  3.025e-03  1.735e-03  4.587e-03 
 -2.056e+00 -8.156e-06  3.323e-06 -1.364e+01  2.101e-03  1.735e-03  1.979e-03  2.907e-03 
  2.905e+00 -1.580e-06  2.807e-06 -4.157e+01  5.818e-03  4.587e-03  2.907e-03  9.709e-03 
ERR MATRIX APPROXIMATE
 PARAMETER  CORRELATION COEFFICIENTS  
       NO.  GLOBAL      1      3      4     20     21     22     23     24
        1  0.43511   1.000  0.092 -0.176  0.042 -0.128 -0.010 -0.016  0.010
        3  0.38793   0.092  1.000  0.028 -0.008 -0.003 -0.025 -0.143 -0.012
        4  0.22201  -0.176  0.028  1.000 -0.033  0.049  0.005  0.020  0.008
       20  0.99572   0.042 -0.008 -0.033  1.000 -0.901 -0.873 -0.717 -0.987
       21  0.92819  -0.128 -0.003  0.049 -0.901  1.000  0.813  0.683  0.854
       22  0.88429  -0.010 -0.025  0.005 -0.873  0.813  1.000  0.709  0.846
       23  0.81154  -0.016 -0.143  0.020 -0.717  0.683  0.709  1.000  0.663
       24  0.99333   0.010 -0.012  0.008 -0.987  0.854  0.846  0.663  1.000
 ERR MATRIX APPROXIMATE
MINUIT - FIT ONLY 1-CBO + wiggle
 **********
 **   16 **RES 
 **********
                   PARAMETER   16  beta_vw RESTORED TO VARIABLE.
                   PARAMETER   14  alpha_vw RESTORED TO VARIABLE.
                   PARAMETER   13  beta_y RESTORED TO VARIABLE.
                   PARAMETER   11  alpha_y RESTORED TO VARIABLE.
                   PARAMETER   10  beta_2CBO RESTORED TO VARIABLE.
                   PARAMETER    9  alpha_2CBO RESTORED TO VARIABLE.
                   PARAMETER    8  beta_CBO RESTORED TO VARIABLE.
                   PARAMETER    6  alpha_CBO RESTORED TO VARIABLE.
 **********
 **   17 **FIX            8
 **********
 **********
 **   18 **FIX            9
 **********
 **********
 **   19 **FIX           11
 **********
 **********
 **   20 **FIX           12
 **********
 PARAMETER   12  IS CONSTANT.   IGNORED.
 **********
 **   21 **FIX           14
 **********
 **********
 **   22 **FIX           15
 **********
 PARAMETER   15  IS CONSTANT.   IGNORED.
 **********
 **   23 **FIX           16
 **********
 **********
 **   24 **MIGRAD
 **********
 START MIGRAD MINIMIZATION.  STRATEGY  1.  CONVERGENCE WHEN EDM .LT. 1.00e-04
 FCN=56.6963 FROM MIGRAD    STATUS=INITIATE       28 CALLS        1359 TOTAL
                     EDM= unknown      STRATEGY= 1      NO ERROR MATRIX       
  EXT PARAMETER               CURRENT GUESS       STEP         FIRST   
  NO.   NAME      VALUE            ERROR          SIZE      DERIVATIVE 
   1  N0           2.91534e+06   2.89986e+03  -4.73998e+00   3.59842e-06
   2  tau          6.44099e+01   constant   
   3  A0           3.54871e-01   1.28590e-03  -1.54718e-06  -8.73963e+00
   4  phi          4.11407e+00   3.70556e-03   1.31580e-06  -1.22768e+00
   5  R           -6.16610e+01   constant   
   6  alpha_CBO    0.00000e+00   1.00000e-03   1.00000e-03   3.31634e+03
   7  w_CBO        2.32500e+00   constant   
   8  beta_CBO     0.00000e+00     fixed    
   9  alpha_2CBO   0.00000e+00     fixed    
  10  beta_2CBO    0.00000e+00   1.00000e-03   1.00000e-03   1.02272e+03
  11  alpha_y      0.00000e+00     fixed    
  12  w_y          1.38860e+01   constant   
  13  beta_y       0.00000e+00   1.00000e-03   1.00000e-03  -1.00095e+03
  14  alpha_vw     0.00000e+00     fixed    
  15  w_vw         1.43404e+01   constant   
  16  beta_vw      0.00000e+00     fixed    
  17  LM           1.71412e-04   constant   
  18  zeta_y       0.00000e+00   constant   
  19  zeta_vw      0.00000e+00   constant   
  20  T_CBO        2.74652e+02   3.65074e+02   2.12575e-02  -3.95209e-01
  21  alpha_A0     2.15495e-02   6.91221e-02  -1.00542e-03  -1.02928e+00
  22  beta_A0      1.86572e-02   5.49975e-02  -1.26336e-03   1.16423e-01
  23  alpha_phi    1.02268e-02   4.44849e-02  -5.85549e-04  -7.06591e-01
  24  beta_phi     3.72286e-02   9.85341e-02  -2.37360e-03  -2.97656e+00
 MIGRAD MINIMIZATION HAS CONVERGED.
 FCN=49.9834 FROM MIGRAD    STATUS=CONVERGED    1043 CALLS        2374 TOTAL
                     EDM=7.13789e-06    STRATEGY= 1  ERROR MATRIX UNCERTAINTY   0.8 per cent
  EXT PARAMETER                                   STEP         FIRST   
  NO.   NAME      VALUE            ERROR          SIZE      DERIVATIVE 
   1  N0           2.91548e+06   2.86363e+03  -1.28566e+00  -1.10685e-07
   2  tau          6.44099e+01   constant   
   3  A0           3.54867e-01   1.28328e-03   2.81376e-07  -3.63346e-01
   4  phi          4.11569e+00   3.73312e-03  -8.47082e-07  -1.22612e-01
   5  R           -6.16610e+01   constant   
   6  alpha_CBO   -3.38578e-03   1.40526e-03   1.23878e-07  -4.83406e-01
   7  w_CBO        2.32500e+00   constant   
   8  beta_CBO     0.00000e+00     fixed    
   9  alpha_2CBO   0.00000e+00     fixed    
  10  beta_2CBO   -1.12391e-03   1.34297e-03  -3.23273e-07   2.11690e-01
  11  alpha_y      0.00000e+00     fixed    
  12  w_y          1.38860e+01   constant   
  13  beta_y       9.77587e-04   1.34253e-03   1.86865e-07  -3.47986e-01
  14  alpha_vw     0.00000e+00     fixed    
  15  w_vw         1.43404e+01   constant   
  16  beta_vw      0.00000e+00     fixed    
  17  LM           1.71412e-04   constant   
  18  zeta_y       0.00000e+00   constant   
  19  zeta_vw      0.00000e+00   constant   
  20  T_CBO        9.99558e+02   9.79730e+02   8.15787e-02  -3.43716e-04
  21  alpha_A0     9.63315e-03   8.50526e-03  -1.56342e-05   5.01928e-02
  22  beta_A0      7.09119e-03   8.35955e-03  -4.01259e-06  -1.42122e-01
  23  alpha_phi    7.99337e-04   8.84839e-03  -1.11621e-05  -1.65768e-02
  24  beta_phi     1.33617e-02   8.31496e-03  -5.01448e-05  -6.06761e-01
 EXTERNAL ERROR MATRIX.    NDIM=  25    NPAR= 11    ERR DEF=1
  8.200e+06 
  1.708e-01  1.647e-06 
 -1.726e+00  1.547e-07  1.394e-05 
 -9.286e-02  6.586e-08 -8.903e-07  1.975e-06 
 -8.236e-02 -8.758e-08 -2.559e-07  1.108e-07  1.804e-06 
  4.740e-02  2.827e-09  8.936e-08 -4.412e-08 -4.959e-09  1.802e-06 
 -1.180e+04  2.309e-03 -1.289e-02  2.982e-03 -4.344e-03  3.171e-03  1.140e+05 
 -3.816e+00 -5.712e-08  2.464e-06 -1.485e-06  4.187e-07 -1.165e-07 -1.052e+00  7.234e-05 
  2.320e+00 -6.221e-07 -2.348e-06  1.493e-08 -1.030e-06 -3.646e-08 -6.045e-01 -1.888e-06  6.988e-05 
  1.327e+00 -2.474e-06 -1.261e-06  1.033e-06  2.132e-06 -1.672e-07 -1.683e-01 -3.787e-08  5.163e-06  7.829e-05 
  4.717e+00 -9.179e-07 -2.582e-06 -2.391e-07  3.295e-07 -9.554e-08 -1.653e+00  9.866e-06  1.713e-05  4.531e-06  6.914e-05 
 PARAMETER  CORRELATION COEFFICIENTS  
       NO.  GLOBAL      1      3      4      6     10     13     20     21     22     23     24
        1  0.33090   1.000  0.046 -0.161 -0.023 -0.021  0.012 -0.012 -0.157  0.097  0.052  0.198
        3  0.26255   0.046  1.000  0.032  0.037 -0.051  0.002  0.005 -0.005 -0.058 -0.218 -0.086
        4  0.26278  -0.161  0.032  1.000 -0.170 -0.051  0.018 -0.010  0.078 -0.075 -0.038 -0.083
        6  0.24730  -0.023  0.037 -0.170  1.000  0.059 -0.023  0.006 -0.124  0.001  0.083 -0.020
       10  0.22703  -0.021 -0.051 -0.051  0.059  1.000 -0.003 -0.010  0.037 -0.092  0.179  0.030
       13  0.03651   0.012  0.002  0.018 -0.023 -0.003  1.000  0.007 -0.010 -0.003 -0.014 -0.009
       20  0.66822  -0.012  0.005 -0.010  0.006 -0.010  0.007  1.000 -0.366 -0.214 -0.056 -0.589
       21  0.43366  -0.157 -0.005  0.078 -0.124  0.037 -0.010 -0.366  1.000 -0.027 -0.001  0.140
       22  0.31195   0.097 -0.058 -0.075  0.001 -0.092 -0.003 -0.214 -0.027  1.000  0.070  0.247
       23  0.30563   0.052 -0.218 -0.038  0.083  0.179 -0.014 -0.056 -0.001  0.070  1.000  0.062
       24  0.63806   0.198 -0.086 -0.083 -0.020  0.030 -0.009 -0.589  0.140  0.247  0.062  1.000
MINUIT - FIT ONLY 2-CBO
 **********
 **   25 **RES 
 **********
                   PARAMETER   16  beta_vw RESTORED TO VARIABLE.
                   PARAMETER   14  alpha_vw RESTORED TO VARIABLE.
                   PARAMETER   11  alpha_y RESTORED TO VARIABLE.
                   PARAMETER    9  alpha_2CBO RESTORED TO VARIABLE.
                   PARAMETER    8  beta_CBO RESTORED TO VARIABLE.
 **********
 **   26 **FIX            0
 **********
 PARAMETER    0  IS UNDEFINED. IGNORED.
 **********
 **   27 **FIX            1
 **********
 **********
 **   28 **FIX            2
 **********
 PARAMETER    2  IS CONSTANT.   IGNORED.
 **********
 **   29 **FIX            3
 **********
 **********
 **   30 **FIX            4
 **********
 **********
 **   31 **FIX            5
 **********
 PARAMETER    5  IS CONSTANT.   IGNORED.
 **********
 **   32 **FIX            6
 **********
 **********
 **   33 **FIX            7
 **********
 PARAMETER    7  IS CONSTANT.   IGNORED.
 **********
 **   34 **FIX           10
 **********
 **********
 **   35 **FIX           11
 **********
 **********
 **   36 **FIX           12
 **********
 PARAMETER   12  IS CONSTANT.   IGNORED.
 **********
 **   37 **FIX           13
 **********
 **********
 **   38 **FIX           14
 **********
 **********
 **   39 **FIX           15
 **********
 PARAMETER   15  IS CONSTANT.   IGNORED.
 **********
 **   40 **FIX           16
 **********
 **********
 **   41 **MIGRAD
 **********
 START MIGRAD MINIMIZATION.  STRATEGY  1.  CONVERGENCE WHEN EDM .LT. 1.00e-04
 FCN=49.9834 FROM MIGRAD    STATUS=INITIATE       18 CALLS        2392 TOTAL
                     EDM= unknown      STRATEGY= 1      NO ERROR MATRIX       
  EXT PARAMETER               CURRENT GUESS       STEP         FIRST   
  NO.   NAME      VALUE            ERROR          SIZE      DERIVATIVE 
   1  N0           2.91548e+06     fixed    
   2  tau          6.44099e+01   constant   
   3  A0           3.54867e-01     fixed    
   4  phi          4.11569e+00     fixed    
   5  R           -6.16610e+01   constant   
   6  alpha_CBO   -3.38578e-03     fixed    
   7  w_CBO        2.32500e+00   constant   
   8  beta_CBO     0.00000e+00   1.00000e-03   1.00000e-03   1.06254e+03
   9  alpha_2CBO   0.00000e+00   1.00000e-03   1.00000e-03   1.46745e+03
  10  beta_2CBO   -1.12391e-03     fixed    
  11  alpha_y      0.00000e+00     fixed    
  12  w_y          1.38860e+01   constant   
  13  beta_y       9.77587e-04     fixed    
  14  alpha_vw     0.00000e+00     fixed    
  15  w_vw         1.43404e+01   constant   
  16  beta_vw      0.00000e+00     fixed    
  17  LM           1.71412e-04   constant   
  18  zeta_y       0.00000e+00   constant   
  19  zeta_vw      0.00000e+00   constant   
  20  T_CBO        9.99558e+02   9.79730e+02   8.15787e-02  -3.50817e-04
  21  alpha_A0     9.63315e-03   8.50526e-03  -1.56342e-05   5.01927e-02
  22  beta_A0      7.09119e-03   8.35955e-03  -4.01259e-06  -1.42122e-01
  23  alpha_phi    7.99337e-04   8.84839e-03  -1.11621e-05  -1.65768e-02
  24  beta_phi     1.33617e-02   8.31496e-03  -5.01448e-05  -6.06761e-01
 MIGRAD MINIMIZATION HAS CONVERGED.
 MIGRAD WILL VERIFY CONVERGENCE AND ERROR MATRIX.
 COVARIANCE MATRIX CALCULATED SUCCESSFULLY
 FCN=48.4941 FROM MIGRAD    STATUS=CONVERGED     138 CALLS        2512 TOTAL
                     EDM=4.43658e-06    STRATEGY= 1      ERROR MATRIX ACCURATE 
  EXT PARAMETER                                   STEP         FIRST   
  NO.   NAME      VALUE            ERROR          SIZE      DERIVATIVE 
   1  N0           2.91548e+06     fixed    
   2  tau          6.44099e+01   constant   
   3  A0           3.54867e-01     fixed    
   4  phi          4.11569e+00     fixed    
   5  R           -6.16610e+01   constant   
   6  alpha_CBO   -3.38578e-03     fixed    
   7  w_CBO        2.32500e+00   constant   
   8  beta_CBO    -9.08354e-04   1.34961e-03   4.52103e-06  -1.92740e-01
   9  alpha_2CBO  -1.37179e-03   1.38837e-03   4.64353e-06   2.84733e-01
  10  beta_2CBO   -1.12391e-03     fixed    
  11  alpha_y      0.00000e+00     fixed    
  12  w_y          1.38860e+01   constant   
  13  beta_y       9.77587e-04     fixed    
  14  alpha_vw     0.00000e+00     fixed    
  15  w_vw         1.43404e+01   constant   
  16  beta_vw      0.00000e+00     fixed    
  17  LM           1.71412e-04   constant   
  18  zeta_y       0.00000e+00   constant   
  19  zeta_vw      0.00000e+00   constant   
  20  T_CBO        9.99878e+02   5.03545e+02   5.32947e-02  -1.12685e-04
  21  alpha_A0     1.07306e-02   7.56702e-03   2.56708e-05   5.12165e-02
  22  beta_A0      8.46073e-03   7.85404e-03   2.63144e-05   1.54657e-01
  23  alpha_phi    7.38951e-04   8.04461e-03   2.75336e-05   1.07257e-01
  24  beta_phi     1.42103e-02   7.27325e-03   2.43942e-05   1.87409e-01
 EXTERNAL ERROR MATRIX.    NDIM=  25    NPAR=  7    ERR DEF=1
  1.821e-06 -8.082e-08 -5.293e-06  6.261e-08 -2.037e-06 -4.271e-07  8.472e-07 
 -8.082e-08  1.928e-06 -4.511e-06 -1.543e-06 -3.795e-07  3.970e-07 -1.743e-06 
 -5.293e-06 -4.511e-06  4.246e+04  3.791e-02  2.979e-02  2.770e-03  4.977e-02 
  6.261e-08 -1.543e-06  3.791e-02  5.726e-05 -1.816e-06 -5.869e-07  3.607e-06 
 -2.037e-06 -3.795e-07  2.979e-02 -1.816e-06  6.169e-05  3.789e-06  3.929e-06 
 -4.271e-07  3.970e-07  2.770e-03 -5.869e-07  3.789e-06  6.472e-05  2.443e-06 
  8.472e-07 -1.743e-06  4.977e-02  3.607e-06  3.929e-06  2.443e-06  5.290e-05 
 PARAMETER  CORRELATION COEFFICIENTS  
       NO.  GLOBAL      8      9     20     21     22     23     24
        8  0.22145   1.000 -0.043 -0.000  0.006 -0.192 -0.039  0.086
        9  0.22812  -0.043  1.000 -0.000 -0.147 -0.035  0.036 -0.173
       20  0.04441  -0.000 -0.000  1.000  0.024  0.018  0.002  0.033
       21  0.15938   0.006 -0.147  0.024  1.000 -0.031 -0.010  0.066
       22  0.22229  -0.192 -0.035  0.018 -0.031  1.000  0.060  0.069
       23  0.08941  -0.039  0.036  0.002 -0.010  0.060  1.000  0.042
       24  0.21772   0.086 -0.173  0.033  0.066  0.069  0.042  1.000
MINUIT - FIT wiggle + 1-CBO + 2-CBO
 **********
 **   42 **RES 
 **********
                   PARAMETER   16  beta_vw RESTORED TO VARIABLE.
                   PARAMETER   14  alpha_vw RESTORED TO VARIABLE.
                   PARAMETER   13  beta_y RESTORED TO VARIABLE.
                   PARAMETER   11  alpha_y RESTORED TO VARIABLE.
                   PARAMETER   10  beta_2CBO RESTORED TO VARIABLE.
                   PARAMETER    6  alpha_CBO RESTORED TO VARIABLE.
                   PARAMETER    4  phi RESTORED TO VARIABLE.
                   PARAMETER    3  A0 RESTORED TO VARIABLE.
                   PARAMETER    1  N0 RESTORED TO VARIABLE.
 **********
 **   43 **FIX           10
 **********
 **********
 **   44 **FIX           11
 **********
 **********
 **   45 **FIX           12
 **********
 PARAMETER   12  IS CONSTANT.   IGNORED.
 **********
 **   46 **FIX           13
 **********
 **********
 **   47 **FIX           14
 **********
 **********
 **   48 **FIX           15
 **********
 PARAMETER   15  IS CONSTANT.   IGNORED.
 **********
 **   49 **FIX           16
 **********
 **********
 **   50 **MIGRAD
 **********
 START MIGRAD MINIMIZATION.  STRATEGY  1.  CONVERGENCE WHEN EDM .LT. 1.00e-04
 FCN=48.4941 FROM MIGRAD    STATUS=INITIATE       22 CALLS        2534 TOTAL
                     EDM= unknown      STRATEGY= 1      NO ERROR MATRIX       
  EXT PARAMETER               CURRENT GUESS       STEP         FIRST   
  NO.   NAME      VALUE            ERROR          SIZE      DERIVATIVE 
   1  N0           2.91548e+06   2.86363e+03   2.86363e+03   6.00187e-05
   2  tau          6.44099e+01   constant   
   3  A0           3.54867e-01   1.28328e-03   1.28328e-03   2.41889e+02
   4  phi          4.11569e+00   3.73312e-03   3.73312e-03   5.46091e+01
   5  R           -6.16610e+01   constant   
   6  alpha_CBO   -3.38578e-03   1.40526e-03   1.40526e-03  -8.47145e+01
   7  w_CBO        2.32500e+00   constant   
   8  beta_CBO    -9.08354e-04   1.34961e-03   4.52103e-06  -1.92740e-01
   9  alpha_2CBO  -1.37179e-03   1.38837e-03   4.64353e-06   2.84733e-01
  10  beta_2CBO   -1.12391e-03     fixed    
  11  alpha_y      0.00000e+00     fixed    
  12  w_y          1.38860e+01   constant   
  13  beta_y       9.77587e-04     fixed    
  14  alpha_vw     0.00000e+00     fixed    
  15  w_vw         1.43404e+01   constant   
  16  beta_vw      0.00000e+00     fixed    
  17  LM           1.71412e-04   constant   
  18  zeta_y       0.00000e+00   constant   
  19  zeta_vw      0.00000e+00   constant   
  20  T_CBO        9.99878e+02   5.03545e+02   5.32947e-02  -1.15413e-04
  21  alpha_A0     1.07306e-02   7.56702e-03   2.56708e-05   5.12203e-02
  22  beta_A0      8.46073e-03   7.85404e-03   2.63144e-05   1.54654e-01
  23  alpha_phi    7.38951e-04   8.04461e-03   2.75336e-05   1.07257e-01
  24  beta_phi     1.42103e-02   7.27325e-03   2.43942e-05   1.87409e-01
 MIGRAD MINIMIZATION HAS CONVERGED.
 MIGRAD WILL VERIFY CONVERGENCE AND ERROR MATRIX.
 COVARIANCE MATRIX CALCULATED SUCCESSFULLY
 FCN=48.4439 FROM MIGRAD    STATUS=CONVERGED     222 CALLS        2734 TOTAL
                     EDM=1.48738e-06    STRATEGY= 1      ERROR MATRIX ACCURATE 
  EXT PARAMETER                                   STEP         FIRST   
  NO.   NAME      VALUE            ERROR          SIZE      DERIVATIVE 
   1  N0           2.91523e+06   2.95592e+03   8.56315e+00  -5.12289e-07
   2  tau          6.44099e+01   constant   
   3  A0           3.54636e-01   1.34836e-03   4.33200e-06   4.39556e-01
   4  phi          4.11530e+00   3.73335e-03   1.22987e-05   3.26688e-02
   5  R           -6.16610e+01   constant   
   6  alpha_CBO   -3.28131e-03   1.41098e-03   4.69016e-06  -2.66037e-01
   7  w_CBO        2.32500e+00   constant   
   8  beta_CBO    -9.85494e-04   1.40106e-03   4.51913e-06  -8.00236e-02
   9  alpha_2CBO  -1.38448e-03   1.39387e-03   4.64157e-06   4.67190e-02
  10  beta_2CBO   -1.12391e-03     fixed    
  11  alpha_y      0.00000e+00     fixed    
  12  w_y          1.38860e+01   constant   
  13  beta_y       9.77587e-04     fixed    
  14  alpha_vw     0.00000e+00     fixed    
  15  w_vw         1.43404e+01   constant   
  16  beta_vw      0.00000e+00     fixed    
  17  LM           1.71412e-04   constant   
  18  zeta_y       0.00000e+00   constant   
  19  zeta_vw      0.00000e+00   constant   
  20  T_CBO        1.00000e+03   5.65972e+02   5.81928e-02** at limit **
  21  alpha_A0     1.07485e-02   7.84386e-03   2.56603e-05  -1.22628e-02
  22  beta_A0      8.62775e-03   8.00999e-03   2.63025e-05   7.10735e-02
  23  alpha_phi    1.06332e-03   8.31769e-03   2.75281e-05   3.28011e-04
  24  beta_phi     1.42038e-02   7.65699e-03   2.43888e-05  -2.21883e-02
 EXTERNAL ERROR MATRIX.    NDIM=  25    NPAR= 11    ERR DEF=1
  8.737e+06 
  2.496e-01  1.818e-06 
 -1.951e+00  2.298e-07  1.394e-05 
 -3.128e-02  5.374e-08 -9.510e-07  1.991e-06 
  2.836e-01  4.826e-07  3.227e-07 -4.055e-08  1.963e-06 
  1.318e-01 -3.463e-08  2.965e-07 -1.130e-07 -7.747e-08  1.943e-06 
 -2.339e+00 -5.623e-07  5.445e-06 -2.987e-07 -4.601e-07 -1.267e-07  6.571e+00 
 -4.110e+00 -4.813e-08  1.887e-06 -1.380e-06 -9.152e-09 -1.522e-06  2.954e-03  6.153e-05 
  1.802e+00 -1.249e-06 -2.587e-06  9.691e-08 -2.364e-06 -3.752e-07  2.362e-03 -1.814e-06  6.416e-05 
  1.467e+00 -2.531e-06 -1.137e-06  8.805e-07 -1.079e-06  4.216e-07  3.032e-04 -1.890e-06  6.111e-06  6.918e-05 
  4.987e+00 -7.435e-07 -2.547e-06 -1.947e-07  7.547e-07 -1.672e-06  3.868e-03  3.004e-06  7.158e-06  4.637e-06  5.863e-05 
 PARAMETER  CORRELATION COEFFICIENTS  
       NO.  GLOBAL      1      3      4      6      8      9     20     21     22     23     24
        1  0.35507   1.000  0.063 -0.177 -0.008  0.068  0.032 -0.000 -0.177  0.076  0.060  0.220
        3  0.35268   0.063  1.000  0.046  0.028  0.255 -0.018 -0.000 -0.005 -0.116 -0.226 -0.072
        4  0.28178  -0.177  0.046  1.000 -0.181  0.062  0.057  0.001  0.064 -0.087 -0.037 -0.089
        6  0.25039  -0.008  0.028 -0.181  1.000 -0.021 -0.057 -0.000 -0.125  0.009  0.075 -0.018
        8  0.34269   0.068  0.255  0.062 -0.021  1.000 -0.040 -0.000 -0.001 -0.211 -0.093  0.070
        9  0.24360   0.032 -0.018  0.057 -0.057 -0.040  1.000 -0.000 -0.139 -0.034  0.036 -0.157
       20  0.26849  -0.000 -0.000  0.001 -0.000 -0.000 -0.000  1.000  0.147  0.115  0.014  0.197
       21  0.30357  -0.177 -0.005  0.064 -0.125 -0.001 -0.139  0.147  1.000 -0.029 -0.029  0.050
       22  0.29206   0.076 -0.116 -0.087  0.009 -0.211 -0.034  0.115 -0.029  1.000  0.092  0.117
       23  0.26614   0.060 -0.226 -0.037  0.075 -0.093  0.036  0.014 -0.029  0.092  1.000  0.073
       24  0.37333   0.220 -0.072 -0.089 -0.018  0.070 -0.157  0.197  0.050  0.117  0.073  1.000
MINUIT - FIT ONLY 1-y
 **********
 **   51 **RES 
 **********
                   PARAMETER   16  beta_vw RESTORED TO VARIABLE.
                   PARAMETER   14  alpha_vw RESTORED TO VARIABLE.
                   PARAMETER   13  beta_y RESTORED TO VARIABLE.
                   PARAMETER   11  alpha_y RESTORED TO VARIABLE.
                   PARAMETER   10  beta_2CBO RESTORED TO VARIABLE.
 **********
 **   52 **FIX            0
 **********
 PARAMETER    0  IS UNDEFINED. IGNORED.
 **********
 **   53 **FIX            1
 **********
 **********
 **   54 **FIX            2
 **********
 PARAMETER    2  IS CONSTANT.   IGNORED.
 **********
 **   55 **FIX            3
 **********
 **********
 **   56 **FIX            4
 **********
 **********
 **   57 **FIX            5
 **********
 PARAMETER    5  IS CONSTANT.   IGNORED.
 **********
 **   58 **FIX            6
 **********
 **********
 **   59 **FIX            7
 **********
 PARAMETER    7  IS CONSTANT.   IGNORED.
 **********
 **   60 **FIX            8
 **********
 **********
 **   61 **FIX            9
 **********
 **********
 **   62 **FIX           13
 **********
 **********
 **   63 **FIX           14
 **********
 **********
 **   64 **FIX           15
 **********
 PARAMETER   15  IS CONSTANT.   IGNORED.
 **********
 **   65 **FIX           16
 **********
 **********
 **   66 **MIGRAD
 **********
 START MIGRAD MINIMIZATION.  STRATEGY  1.  CONVERGENCE WHEN EDM .LT. 1.00e-04
 FCN=48.4439 FROM MIGRAD    STATUS=INITIATE       16 CALLS        2750 TOTAL
                     EDM= unknown      STRATEGY= 1      NO ERROR MATRIX       
  EXT PARAMETER               CURRENT GUESS       STEP         FIRST   
  NO.   NAME      VALUE            ERROR          SIZE      DERIVATIVE 
   1  N0           2.91523e+06     fixed    
   2  tau          6.44099e+01   constant   
   3  A0           3.54636e-01     fixed    
   4  phi          4.11530e+00     fixed    
   5  R           -6.16610e+01   constant   
   6  alpha_CBO   -3.28131e-03     fixed    
   7  w_CBO        2.32500e+00   constant   
   8  beta_CBO    -9.85494e-04     fixed    
   9  alpha_2CBO  -1.38448e-03     fixed    
  10  beta_2CBO   -1.12391e-03   1.34297e-03   1.34297e-03  -3.05801e+01
  11  alpha_y      0.00000e+00   1.00000e-03   1.00000e-03  -1.53839e+03
  12  w_y          1.38860e+01   constant   
  13  beta_y       9.77587e-04     fixed    
  14  alpha_vw     0.00000e+00     fixed    
  15  w_vw         1.43404e+01   constant   
  16  beta_vw      0.00000e+00     fixed    
  17  LM           1.71412e-04   constant   
  18  zeta_y       0.00000e+00   constant   
  19  zeta_vw      0.00000e+00   constant   
  20  T_CBO        1.00000e+03   5.65972e+02   5.81928e-02** at limit **
  21  alpha_A0     1.07485e-02   7.84386e-03   2.56603e-05  -1.22652e-02
  22  beta_A0      8.62775e-03   8.00999e-03   2.63025e-05   7.10726e-02
  23  alpha_phi    1.06332e-03   8.31769e-03   2.75281e-05   3.28004e-04
  24  beta_phi     1.42038e-02   7.65699e-03   2.43888e-05  -2.21883e-02
 MIGRAD MINIMIZATION HAS CONVERGED.
 MIGRAD WILL VERIFY CONVERGENCE AND ERROR MATRIX.
 COVARIANCE MATRIX CALCULATED SUCCESSFULLY
 FCN=47.3904 FROM MIGRAD    STATUS=CONVERGED     115 CALLS        2849 TOTAL
                     EDM=1.83053e-07    STRATEGY= 1      ERROR MATRIX ACCURATE 
  EXT PARAMETER                                   STEP         FIRST   
  NO.   NAME      VALUE            ERROR          SIZE      DERIVATIVE 
   1  N0           2.91523e+06     fixed    
   2  tau          6.44099e+01   constant   
   3  A0           3.54636e-01     fixed    
   4  phi          4.11530e+00     fixed    
   5  R           -6.16610e+01   constant   
   6  alpha_CBO   -3.28131e-03     fixed    
   7  w_CBO        2.32500e+00   constant   
   8  beta_CBO    -9.85494e-04     fixed    
   9  alpha_2CBO  -1.38448e-03     fixed    
  10  beta_2CBO   -1.07734e-03   1.35745e-03   4.51498e-06  -2.69821e-01
  11  alpha_y      1.36871e-03   1.33376e-03   4.52807e-06   3.92244e-03
  12  w_y          1.38860e+01   constant   
  13  beta_y       9.77587e-04     fixed    
  14  alpha_vw     0.00000e+00     fixed    
  15  w_vw         1.43404e+01   constant   
  16  beta_vw      0.00000e+00     fixed    
  17  LM           1.71412e-04   constant   
  18  zeta_y       0.00000e+00   constant   
  19  zeta_vw      0.00000e+00   constant   
  20  T_CBO        1.00000e+03   6.48042e+02   5.74045e-02** at limit **
  21  alpha_A0     1.07355e-02   7.57354e-03   2.53837e-05  -4.87689e-02
  22  beta_A0      8.57992e-03   7.79142e-03   2.60203e-05   4.09769e-03
  23  alpha_phi    9.03693e-04   8.14989e-03   2.72325e-05  -3.53140e-03
  24  beta_phi     1.43027e-02   7.29323e-03   2.41272e-05   4.31355e-02
 EXTERNAL ERROR MATRIX.    NDIM=  25    NPAR=  7    ERR DEF=1
  1.843e-06  2.415e-08  6.275e-10  4.653e-07 -1.068e-06  1.795e-06  3.705e-07 
  2.415e-08  1.779e-06 -2.438e-10 -2.652e-08 -3.795e-08 -2.420e-07  1.214e-07 
  6.275e-10 -2.438e-10  5.868e-06  2.661e-06  2.119e-06  2.349e-07  3.517e-06 
  4.653e-07 -2.652e-08  2.661e-06  5.736e-05 -1.452e-06  3.202e-07  3.858e-06 
 -1.068e-06 -3.795e-08  2.119e-06 -1.452e-06  6.071e-05  2.454e-06  5.496e-06 
  1.795e-06 -2.420e-07  2.349e-07  3.202e-07  2.454e-06  6.642e-05  3.462e-06 
  3.705e-07  1.214e-07  3.517e-06  3.858e-06  5.496e-06  3.462e-06  5.319e-05 
 PARAMETER  CORRELATION COEFFICIENTS  
       NO.  GLOBAL     10     11     20     21     22     23     24
       10  0.20278   1.000  0.013  0.000  0.045 -0.101  0.162  0.037
       11  0.03153   0.013  1.000 -0.000 -0.003 -0.004 -0.022  0.012
       20  0.25781   0.000 -0.000  1.000  0.145  0.112  0.012  0.199
       21  0.16228   0.045 -0.003  0.145  1.000 -0.025  0.005  0.070
       22  0.18248  -0.101 -0.004  0.112 -0.025  1.000  0.039  0.097
       23  0.17952   0.162 -0.022  0.012  0.005  0.039  1.000  0.058
       24  0.22676   0.037  0.012  0.199  0.070  0.097  0.058  1.000
MINUIT - FIT ONLY 2-y
 **********
 **   67 **RES 
 **********
                   PARAMETER   16  beta_vw RESTORED TO VARIABLE.
                   PARAMETER   14  alpha_vw RESTORED TO VARIABLE.
                   PARAMETER   13  beta_y RESTORED TO VARIABLE.
                   PARAMETER    9  alpha_2CBO RESTORED TO VARIABLE.
                   PARAMETER    8  beta_CBO RESTORED TO VARIABLE.
                   PARAMETER    6  alpha_CBO RESTORED TO VARIABLE.
                   PARAMETER    4  phi RESTORED TO VARIABLE.
                   PARAMETER    3  A0 RESTORED TO VARIABLE.
                   PARAMETER    1  N0 RESTORED TO VARIABLE.
 **********
 **   68 **FIX            0
 **********
 PARAMETER    0  IS UNDEFINED. IGNORED.
 **********
 **   69 **FIX            1
 **********
 **********
 **   70 **FIX            2
 **********
 PARAMETER    2  IS CONSTANT.   IGNORED.
 **********
 **   71 **FIX            3
 **********
 **********
 **   72 **FIX            4
 **********
 **********
 **   73 **FIX            5
 **********
 PARAMETER    5  IS CONSTANT.   IGNORED.
 **********
 **   74 **FIX            6
 **********
 **********
 **   75 **FIX            7
 **********
 PARAMETER    7  IS CONSTANT.   IGNORED.
 **********
 **   76 **FIX            8
 **********
 **********
 **   77 **FIX            9
 **********
 **********
 **   78 **FIX           10
 **********
 **********
 **   79 **FIX           11
 **********
 **********
 **   80 **FIX           12
 **********
 PARAMETER   12  IS CONSTANT.   IGNORED.
 **********
 **   81 **FIX           16
 **********
 **********
 **   82 **MIGRAD
 **********
 START MIGRAD MINIMIZATION.  STRATEGY  1.  CONVERGENCE WHEN EDM .LT. 1.00e-04
 FCN=47.3904 FROM MIGRAD    STATUS=INITIATE       16 CALLS        2865 TOTAL
                     EDM= unknown      STRATEGY= 1      NO ERROR MATRIX       
  EXT PARAMETER               CURRENT GUESS       STEP         FIRST   
  NO.   NAME      VALUE            ERROR          SIZE      DERIVATIVE 
   1  N0           2.91523e+06     fixed    
   2  tau          6.44099e+01   constant   
   3  A0           3.54636e-01     fixed    
   4  phi          4.11530e+00     fixed    
   5  R           -6.16610e+01   constant   
   6  alpha_CBO   -3.28131e-03     fixed    
   7  w_CBO        2.32500e+00   constant   
   8  beta_CBO    -9.85494e-04     fixed    
   9  alpha_2CBO  -1.38448e-03     fixed    
  10  beta_2CBO   -1.07734e-03     fixed    
  11  alpha_y      1.36871e-03     fixed    
  12  w_y          1.38860e+01   constant   
  13  beta_y       9.77587e-04   1.34253e-03   1.34253e-03   3.47250e+01
  14  alpha_vw     0.00000e+00   1.00000e-03   1.00000e-03  -2.06042e+03
  15  w_vw         1.43404e+01   constant   
  16  beta_vw      0.00000e+00     fixed    
  17  LM           1.71412e-04   constant   
  18  zeta_y       0.00000e+00   constant   
  19  zeta_vw      0.00000e+00   constant   
  20  T_CBO        9.99999e+02   6.48042e+02   5.74045e-02  -1.42942e-05
  21  alpha_A0     1.07355e-02   7.57354e-03   2.53837e-05  -4.89101e-02
  22  beta_A0      8.57992e-03   7.79142e-03   2.60203e-05   3.99229e-03
  23  alpha_phi    9.03693e-04   8.14989e-03   2.72325e-05  -3.52835e-03
  24  beta_phi     1.43027e-02   7.29323e-03   2.41272e-05   4.29369e-02
 MIGRAD MINIMIZATION HAS CONVERGED.
 MIGRAD WILL VERIFY CONVERGENCE AND ERROR MATRIX.
 COVARIANCE MATRIX CALCULATED SUCCESSFULLY
 FCN=45.4754 FROM MIGRAD    STATUS=CONVERGED     113 CALLS        2962 TOTAL
                     EDM=1.40536e-07    STRATEGY= 1      ERROR MATRIX ACCURATE 
  EXT PARAMETER                                   STEP         FIRST   
  NO.   NAME      VALUE            ERROR          SIZE      DERIVATIVE 
   1  N0           2.91523e+06     fixed    
   2  tau          6.44099e+01   constant   
   3  A0           3.54636e-01     fixed    
   4  phi          4.11530e+00     fixed    
   5  R           -6.16610e+01   constant   
   6  alpha_CBO   -3.28131e-03     fixed    
   7  w_CBO        2.32500e+00   constant   
   8  beta_CBO    -9.85494e-04     fixed    
   9  alpha_2CBO  -1.38448e-03     fixed    
  10  beta_2CBO   -1.07734e-03     fixed    
  11  alpha_y      1.36871e-03     fixed    
  12  w_y          1.38860e+01   constant   
  13  beta_y       1.02676e-03   1.34968e-03   4.48723e-06   7.46829e-02
  14  alpha_vw     1.85971e-03   1.34406e-03   4.46893e-06   2.45840e-04
  15  w_vw         1.43404e+01   constant   
  16  beta_vw      0.00000e+00     fixed    
  17  LM           1.71412e-04   constant   
  18  zeta_y       0.00000e+00   constant   
  19  zeta_vw      0.00000e+00   constant   
  20  T_CBO        1.00000e+03   6.01169e+02   7.45350e-02** at limit **
  21  alpha_A0     1.05842e-02   7.62308e-03   2.48771e-05   6.39921e-03
  22  beta_A0      8.51536e-03   7.78731e-03   2.55004e-05   4.79295e-02
  23  alpha_phi    9.54767e-04   8.04120e-03   2.66897e-05   2.38645e-02
  24  beta_phi     1.41717e-02   7.39169e-03   2.36454e-05   3.12526e-02
 EXTERNAL ERROR MATRIX.    NDIM=  25    NPAR=  7    ERR DEF=1
  1.822e-06  7.837e-08 -1.411e-07 -1.525e-07 -3.159e-08 -1.418e-07 -1.541e-07 
  7.837e-08  1.806e-06 -3.643e-08 -1.533e-07 -6.345e-08  4.686e-08 -1.269e-07 
 -1.411e-07 -3.643e-08  3.162e+00  2.545e-03  2.040e-03  2.388e-04  3.380e-03 
 -1.525e-07 -1.533e-07  2.545e-03  5.811e-05 -4.993e-07 -4.220e-08  4.917e-06 
 -3.159e-08 -6.345e-08  2.040e-03 -4.993e-07  6.064e-05  3.564e-06  6.630e-06 
 -1.418e-07  4.686e-08  2.388e-04 -4.220e-08  3.564e-06  6.466e-05  3.241e-06 
 -1.541e-07 -1.269e-07  3.380e-03  4.917e-06  6.630e-06  3.241e-06  5.464e-05 
 PARAMETER  CORRELATION COEFFICIENTS  
       NO.  GLOBAL     13     14     20     21     22     23     24
       13  0.04953   1.000  0.043 -0.000 -0.015 -0.003 -0.013 -0.015
       14  0.04781   0.043  1.000 -0.000 -0.015 -0.006  0.004 -0.013
       20  0.32945  -0.000 -0.000  1.000  0.188  0.147  0.017  0.257
       21  0.19719  -0.015 -0.015  0.188  1.000 -0.008 -0.001  0.087
       22  0.17962  -0.003 -0.006  0.147 -0.008  1.000  0.057  0.115
       23  0.07603  -0.013  0.004  0.017 -0.001  0.057  1.000  0.055
       24  0.27656  -0.015 -0.013  0.257  0.087  0.115  0.055  1.000
