 + ++++++++++++++++++++++++++++++++++++++++++++++++++++++++++++++++++++ +
 +                                                                      +
 +           You have chose to blind your fitting according to          +
 +                omega_ref * (1 + (R +/- deltaR) *10^{-6})             +
 +                                                                      +
 + ++++++++++++++++++++++++++++++++++++++++++++++++++++++++++++++++++++ +
In main()...
reading format from /gm2data/zkhechad/run45/envelope/formats/formatB_sBin_constraintOn.txt
pBinTau 	= 0  
pBinPhi 	= 0  
constraintau 	= 1 
includeMopTerm 	= 0    
constrainMop    = 0   
Parameters after format file: pBinTau 0 pBinPhi 0 constraintau 1 includeMopTerm 0 constrainMop 0 c_e_scale 0.000000 
Opening file /gm2data/tbarrett/gm2fr/studies/run23_bunch_corrections/CorrectedFourier_Run3b.root.
reading full fit data from /gm2data/zkhechad/cboTemplates/Run4CBOTemplates/templateFits0_v2.0/noRF/sBin_constraintOn_cE0.0_seed0_noRF_calo21.root
windowBins = 69
fitting sliding window 1348 from bin 1484 at 221.263600 to bin 1553 at 231.707600 (69 bins)

Reading data from /gm2data/cornell/histograms/aMethod/histogram_a_noRF.root
 **********
 **    1 **SET PRINTOUT            1
 **********
 **********
 **    2 **SET NOWARNINGS 
 **********
 PARAMETER DEFINITIONS:
    NO.   NAME         VALUE      STEP SIZE      LIMITS
     1 N0           2.83546e+06  1.00000e+02     no limits
     2 tau          6.43976e+01  constant
     3 A0           3.54104e-01  1.00000e-04     no limits
     4 phi          4.11635e+00  1.00000e-02     no limits
     5 R           -5.94693e+01  constant
     6 alpha_CBO    0.00000e+00  1.00000e-03     no limits
     7 w_CBO        2.32500e+00  constant
     8 beta_CBO     0.00000e+00  1.00000e-03     no limits
     9 alpha_2CBO   0.00000e+00  1.00000e-03     no limits
    10 beta_2CBO    0.00000e+00  1.00000e-03     no limits
    11 alpha_y      0.00000e+00  1.00000e-03     no limits
    12 w_y          1.44500e+01  constant
    13 beta_y       0.00000e+00  1.00000e-03     no limits
    14 alpha_vw     0.00000e+00  1.00000e-03     no limits
    15 w_vw         1.29000e+01  constant
    16 beta_vw      0.00000e+00  1.00000e-03     no limits
    17 LM          -2.20020e-04  constant
    18 zeta_y       0.00000e+00  constant
    19 zeta_vw      0.00000e+00  constant
    20 T_CBO        1.00000e+02  1.00000e+00    0.00000e+00  1.00000e+03
    21 alpha_A0     0.00000e+00  1.00000e-03     no limits
    22 beta_A0      0.00000e+00  1.00000e-03     no limits
    23 alpha_phi    0.00000e+00  1.00000e-03     no limits
    24 beta_phi     0.00000e+00  1.00000e-03     no limits
MINUIT - FIT ONLY WIGGLE
 **********
 **    3 **FIX            5
 **********
 PARAMETER    5  IS CONSTANT.   IGNORED.
 **********
 **    4 **FIX            6
 **********
 **********
 **    5 **FIX            7
 **********
 PARAMETER    7  IS CONSTANT.   IGNORED.
 **********
 **    6 **FIX            8
 **********
 **********
 **    7 **FIX            9
 **********
 **********
 **    8 **FIX           10
 **********
 **********
 **    9 **FIX           11
 **********
 **********
 **   10 **FIX           12
 **********
 PARAMETER   12  IS CONSTANT.   IGNORED.
 **********
 **   11 **FIX           13
 **********
 **********
 **   12 **FIX           14
 **********
 **********
 **   13 **FIX           15
 **********
 PARAMETER   15  IS CONSTANT.   IGNORED.
 **********
 **   14 **FIX           16
 **********
 **********
 **   15 **MIGRAD
 **********
 FIRST CALL TO USER FUNCTION AT NEW START POINT, WITH IFLAG=4.
 START MIGRAD MINIMIZATION.  STRATEGY  1.  CONVERGENCE WHEN EDM .LT. 1.00e-04
 FCN=218.38 FROM MIGRAD    STATUS=INITIATE      437 CALLS         438 TOTAL
                     EDM= unknown      STRATEGY= 1      NO ERROR MATRIX       
  EXT PARAMETER               CURRENT GUESS       STEP         FIRST   
  NO.   NAME      VALUE            ERROR          SIZE      DERIVATIVE 
   1  N0           2.83546e+06   1.00000e+02   0.00000e+00  -2.00196e-03
   2  tau          6.43976e+01   constant   
   3  A0           3.54104e-01   1.00000e-04   0.00000e+00   8.24075e+03
   4  phi          4.11635e+00   1.00000e-02   0.00000e+00  -1.80986e+03
   5  R           -5.94693e+01   constant   
   6  alpha_CBO    0.00000e+00     fixed    
   7  w_CBO        2.32500e+00   constant   
   8  beta_CBO     0.00000e+00     fixed    
   9  alpha_2CBO   0.00000e+00     fixed    
  10  beta_2CBO    0.00000e+00     fixed    
  11  alpha_y      0.00000e+00     fixed    
  12  w_y          1.44500e+01   constant   
  13  beta_y       0.00000e+00     fixed    
  14  alpha_vw     0.00000e+00     fixed    
  15  w_vw         1.29000e+01   constant   
  16  beta_vw      0.00000e+00     fixed    
  17  LM          -2.20020e-04   constant   
  18  zeta_y       0.00000e+00   constant   
  19  zeta_vw      0.00000e+00   constant   
  20  T_CBO        1.00000e+02   1.00000e+00   0.00000e+00   0.00000e+00
  21  alpha_A0     0.00000e+00   1.00000e-03   0.00000e+00   3.37200e+02
  22  beta_A0      0.00000e+00   1.00000e-03   0.00000e+00  -7.29182e+01
  23  alpha_phi    0.00000e+00   1.00000e-03   0.00000e+00   1.72782e+02
  24  beta_phi     0.00000e+00   1.00000e-03   0.00000e+00   1.41647e+02
 CALL LIMIT EXCEEDED IN MIGRAD.
 MIGRAD TERMINATED WITHOUT CONVERGENCE.
 FCN=207.446 FROM MIGRAD    STATUS=CALL LIMIT   1330 CALLS        1331 TOTAL
                     EDM=0.020631    STRATEGY= 1  ERROR MATRIX UNCERTAINTY   5.6 per cent
  EXT PARAMETER                APPROXIMATE        STEP         FIRST   
  NO.   NAME      VALUE            ERROR          SIZE      DERIVATIVE 
   1  N0           2.83598e+06   7.19991e+02  -6.65259e+01  -7.38870e-05
   2  tau          6.43976e+01   constant   
   3  A0           3.53580e-01   3.46410e-04  -3.76905e-05  -2.52761e+02
   4  phi          4.11708e+00   9.55080e-04   4.38914e-05   1.80666e+01
   5  R           -5.94693e+01   constant   
   6  alpha_CBO    0.00000e+00     fixed    
   7  w_CBO        2.32500e+00   constant   
   8  beta_CBO     0.00000e+00     fixed    
   9  alpha_2CBO   0.00000e+00     fixed    
  10  beta_2CBO    0.00000e+00     fixed    
  11  alpha_y      0.00000e+00     fixed    
  12  w_y          1.44500e+01   constant   
  13  beta_y       0.00000e+00     fixed    
  14  alpha_vw     0.00000e+00     fixed    
  15  w_vw         1.29000e+01   constant   
  16  beta_vw      0.00000e+00     fixed    
  17  LM          -2.20020e-04   constant   
  18  zeta_y       0.00000e+00   constant   
  19  zeta_vw      0.00000e+00   constant   
  20  T_CBO        2.87333e+01   7.43752e+00  -4.38696e-03  -1.88226e+01
  21  alpha_A0    -7.57464e+00   1.11110e+01  -1.30584e+00   2.53439e-02
  22  beta_A0      4.14621e-02   7.74473e-02   9.10266e-03  -4.75528e-02
  23  alpha_phi   -5.29955e+00   7.75895e+00  -9.11657e-01   4.27964e-02
  24  beta_phi    -2.25651e+00   3.27862e+00  -3.85167e-01   6.10383e-02
 EXTERNAL ERROR MATRIX.    NDIM=  25    NPAR=  8    ERR DEF=1
  5.184e+05  2.500e-02 -1.279e-01 -3.420e+02  4.073e+02 -5.662e+00  2.813e+02  1.199e+02 
  2.500e-02  1.200e-07 -1.068e-08 -2.731e-04  2.466e-04 -1.663e-06  1.728e-04  7.234e-05 
 -1.279e-01 -1.068e-08  9.122e-07  3.638e-05 -5.912e-04  4.832e-06 -4.109e-04 -1.734e-04 
 -3.420e+02 -2.731e-04  3.638e-05  5.535e+01  7.718e+01 -5.187e-01  5.390e+01  2.278e+01 
  4.073e+02  2.466e-04 -5.912e-04  7.718e+01  1.235e+02 -8.454e-01  8.621e+01  3.643e+01 
 -5.662e+00 -1.663e-06  4.832e-06 -5.187e-01 -8.454e-01  5.998e-03 -5.904e-01 -2.495e-01 
  2.813e+02  1.728e-04 -4.109e-04  5.390e+01  8.621e+01 -5.904e-01  6.020e+01  2.544e+01 
  1.199e+02  7.234e-05 -1.734e-04  2.278e+01  3.643e+01 -2.495e-01  2.544e+01  1.075e+01 
ERR MATRIX APPROXIMATE
 PARAMETER  CORRELATION COEFFICIENTS  
       NO.  GLOBAL      1      3      4     20     21     22     23     24
        1  0.46536   1.000  0.100 -0.186 -0.064  0.051 -0.102  0.050  0.051
        3  0.50105   0.100  1.000 -0.032 -0.106  0.064 -0.062  0.064  0.064
        4  0.24256  -0.186 -0.032  1.000  0.005 -0.056  0.065 -0.055 -0.055
       20  0.95637  -0.064 -0.106  0.005  1.000  0.934 -0.900  0.934  0.934
       21  1.00000   0.051  0.064 -0.056  0.934  1.000 -0.982  1.000  1.000
       22  0.98478  -0.102 -0.062  0.065 -0.900 -0.982  1.000 -0.982 -0.982
       23  1.00000   0.050  0.064 -0.055  0.934  1.000 -0.982  1.000  1.000
       24  0.99999   0.051  0.064 -0.055  0.934  1.000 -0.982  1.000  1.000
 ERR MATRIX APPROXIMATE
MINUIT - FIT ONLY 1-CBO + wiggle
 **********
 **   16 **RES 
 **********
                   PARAMETER   16  beta_vw RESTORED TO VARIABLE.
                   PARAMETER   14  alpha_vw RESTORED TO VARIABLE.
                   PARAMETER   13  beta_y RESTORED TO VARIABLE.
                   PARAMETER   11  alpha_y RESTORED TO VARIABLE.
                   PARAMETER   10  beta_2CBO RESTORED TO VARIABLE.
                   PARAMETER    9  alpha_2CBO RESTORED TO VARIABLE.
                   PARAMETER    8  beta_CBO RESTORED TO VARIABLE.
                   PARAMETER    6  alpha_CBO RESTORED TO VARIABLE.
 **********
 **   17 **FIX            8
 **********
 **********
 **   18 **FIX            9
 **********
 **********
 **   19 **FIX           11
 **********
 **********
 **   20 **FIX           12
 **********
 PARAMETER   12  IS CONSTANT.   IGNORED.
 **********
 **   21 **FIX           14
 **********
 **********
 **   22 **FIX           15
 **********
 PARAMETER   15  IS CONSTANT.   IGNORED.
 **********
 **   23 **FIX           16
 **********
 **********
 **   24 **MIGRAD
 **********
 START MIGRAD MINIMIZATION.  STRATEGY  1.  CONVERGENCE WHEN EDM .LT. 1.00e-04
 FCN=207.446 FROM MIGRAD    STATUS=INITIATE       28 CALLS        1359 TOTAL
                     EDM= unknown      STRATEGY= 1      NO ERROR MATRIX       
  EXT PARAMETER               CURRENT GUESS       STEP         FIRST   
  NO.   NAME      VALUE            ERROR          SIZE      DERIVATIVE 
   1  N0           2.83598e+06   7.19991e+02  -6.65259e+01  -7.38870e-05
   2  tau          6.43976e+01   constant   
   3  A0           3.53580e-01   3.46410e-04  -3.76905e-05  -2.52761e+02
   4  phi          4.11708e+00   9.55080e-04   4.38914e-05   1.80666e+01
   5  R           -5.94693e+01   constant   
   6  alpha_CBO    0.00000e+00   1.00000e-03   1.00000e-03   5.20153e+04
   7  w_CBO        2.32500e+00   constant   
   8  beta_CBO     0.00000e+00     fixed    
   9  alpha_2CBO   0.00000e+00     fixed    
  10  beta_2CBO    0.00000e+00   1.00000e-03   1.00000e-03   9.79883e+03
  11  alpha_y      0.00000e+00     fixed    
  12  w_y          1.44500e+01   constant   
  13  beta_y       0.00000e+00   1.00000e-03   1.00000e-03   9.26589e+02
  14  alpha_vw     0.00000e+00     fixed    
  15  w_vw         1.29000e+01   constant   
  16  beta_vw      0.00000e+00     fixed    
  17  LM          -2.20020e-04   constant   
  18  zeta_y       0.00000e+00   constant   
  19  zeta_vw      0.00000e+00   constant   
  20  T_CBO        2.87333e+01   7.43752e+00  -4.38696e-03  -1.88227e+01
  21  alpha_A0    -7.57464e+00   1.11110e+01  -1.30584e+00   2.53439e-02
  22  beta_A0      4.14621e-02   7.74473e-02   9.10266e-03  -4.75528e-02
  23  alpha_phi   -5.29955e+00   7.75895e+00  -9.11657e-01   4.27964e-02
  24  beta_phi    -2.25651e+00   3.27862e+00  -3.85167e-01   6.10383e-02
 CALL LIMIT EXCEEDED IN MIGRAD.
 MIGRAD TERMINATED WITHOUT CONVERGENCE.
 FCN=118.746 FROM MIGRAD    STATUS=CALL LIMIT   1905 CALLS        3236 TOTAL
                     EDM=0.00614666    STRATEGY= 1  ERROR MATRIX UNCERTAINTY  26.5 per cent
  EXT PARAMETER                APPROXIMATE        STEP         FIRST   
  NO.   NAME      VALUE            ERROR          SIZE      DERIVATIVE 
   1  N0           2.83649e+06   7.01716e+02   9.51382e-01   2.80656e-05
   2  tau          6.43976e+01   constant   
   3  A0           3.54307e-01   3.24315e-04  -1.46833e-06  -1.80493e+02
   4  phi          4.11615e+00   9.31425e-04   2.94729e-07   7.02494e+00
   5  R           -5.94693e+01   constant   
   6  alpha_CBO   -3.28507e-03   3.46429e-04  -5.74503e-08   2.10307e+01
   7  w_CBO        2.32500e+00   constant   
   8  beta_CBO     0.00000e+00     fixed    
   9  alpha_2CBO   0.00000e+00     fixed    
  10  beta_2CBO   -4.62362e-04   3.41690e-04   1.65311e-06   1.23897e+02
  11  alpha_y      0.00000e+00     fixed    
  12  w_y          1.44500e+01   constant   
  13  beta_y      -3.84586e-05   3.45944e-04  -4.14752e-07  -4.68288e+01
  14  alpha_vw     0.00000e+00     fixed    
  15  w_vw         1.29000e+01   constant   
  16  beta_vw      0.00000e+00     fixed    
  17  LM          -2.20020e-04   constant   
  18  zeta_y       0.00000e+00   constant   
  19  zeta_vw      0.00000e+00   constant   
  20  T_CBO        1.33899e+01   1.33081e+00   1.87520e-04   4.15800e-01
  21  alpha_A0    -8.65916e+03   1.42060e+04  -5.60031e+01   4.42866e-06
  22  beta_A0      1.40309e+04   2.29836e+04   9.05546e+01  -1.01426e-05
  23  alpha_phi   -3.59590e+04   5.89911e+04  -2.32545e+02  -2.71276e-06
  24  beta_phi    -3.29599e+04   5.40998e+04  -2.13331e+02  -1.01201e-06
 EXTERNAL ERROR MATRIX.    NDIM=  25    NPAR= 11    ERR DEF=1
  4.924e+05 
  1.015e-02  1.052e-07 
 -1.041e-01 -6.280e-09  8.676e-07 
 -1.352e-02 -2.228e-08  3.056e-08  1.200e-07 
 -1.945e-03  1.188e-08 -2.056e-08 -5.934e-09  1.168e-07 
 -1.915e-03 -3.275e-09 -4.758e-09  5.799e-10  2.518e-09  1.197e-07 
 -8.360e+01  2.024e-04 -6.426e-05 -6.335e-05 -1.219e-04  5.919e-05  1.771e+00 
 -1.469e+06  2.288e+00 -3.031e-01 -6.900e-01 -1.599e+00  6.138e-01  1.788e+04  2.018e+08 
  2.376e+06 -3.702e+00  4.904e-01  1.116e+00  2.587e+00 -9.931e-01 -2.892e+04 -3.265e+08  5.282e+08 
 -6.102e+06  9.503e+00 -1.258e+00 -2.864e+00 -6.640e+00  2.549e+00  7.424e+04  8.380e+08 -1.356e+09  3.480e+09 
 -5.595e+06  8.715e+00 -1.154e+00 -2.627e+00 -6.090e+00  2.338e+00  6.808e+04  7.685e+08 -1.243e+09  3.191e+09  2.927e+09 
ERR MATRIX APPROXIMATE
 PARAMETER  CORRELATION COEFFICIENTS  
       NO.  GLOBAL      1      3      4      6     10     13     20     21     22     23     24
        1  0.39066   1.000  0.045 -0.159 -0.056 -0.008 -0.008 -0.090 -0.147  0.147 -0.147 -0.147
        3  0.62859   0.045  1.000 -0.021 -0.198  0.107 -0.029  0.469  0.497 -0.497  0.497  0.497
        4  0.21944  -0.159 -0.021  1.000  0.095 -0.065 -0.015 -0.052 -0.023  0.023 -0.023 -0.023
        6  0.28859  -0.056 -0.198  0.095  1.000 -0.050  0.005 -0.137 -0.140  0.140 -0.140 -0.140
       10  0.51561  -0.008  0.107 -0.065 -0.050  1.000  0.021 -0.268 -0.329  0.329 -0.329 -0.329
       13  0.20073  -0.008 -0.029 -0.015  0.005  0.021  1.000  0.129  0.125 -0.125  0.125  0.125
       20  0.95100  -0.090  0.469 -0.052 -0.137 -0.268  0.129  1.000  0.946 -0.946  0.946  0.946
       21  1.00000  -0.147  0.497 -0.023 -0.140 -0.329  0.125  0.946  1.000 -1.000  1.000  1.000
       22  1.00000   0.147 -0.497  0.023  0.140  0.329 -0.125 -0.946 -1.000  1.000 -1.000 -1.000
       23  1.00000  -0.147  0.497 -0.023 -0.140 -0.329  0.125  0.946  1.000 -1.000  1.000  1.000
       24  1.00000  -0.147  0.497 -0.023 -0.140 -0.329  0.125  0.946  1.000 -1.000  1.000  1.000
 ERR MATRIX APPROXIMATE
MINUIT - FIT ONLY 2-CBO
 **********
 **   25 **RES 
 **********
                   PARAMETER   16  beta_vw RESTORED TO VARIABLE.
                   PARAMETER   14  alpha_vw RESTORED TO VARIABLE.
                   PARAMETER   11  alpha_y RESTORED TO VARIABLE.
                   PARAMETER    9  alpha_2CBO RESTORED TO VARIABLE.
                   PARAMETER    8  beta_CBO RESTORED TO VARIABLE.
 **********
 **   26 **FIX            0
 **********
 PARAMETER    0  IS UNDEFINED. IGNORED.
 **********
 **   27 **FIX            1
 **********
 **********
 **   28 **FIX            2
 **********
 PARAMETER    2  IS CONSTANT.   IGNORED.
 **********
 **   29 **FIX            3
 **********
 **********
 **   30 **FIX            4
 **********
 **********
 **   31 **FIX            5
 **********
 PARAMETER    5  IS CONSTANT.   IGNORED.
 **********
 **   32 **FIX            6
 **********
 **********
 **   33 **FIX            7
 **********
 PARAMETER    7  IS CONSTANT.   IGNORED.
 **********
 **   34 **FIX           10
 **********
 **********
 **   35 **FIX           11
 **********
 **********
 **   36 **FIX           12
 **********
 PARAMETER   12  IS CONSTANT.   IGNORED.
 **********
 **   37 **FIX           13
 **********
 **********
 **   38 **FIX           14
 **********
 **********
 **   39 **FIX           15
 **********
 PARAMETER   15  IS CONSTANT.   IGNORED.
 **********
 **   40 **FIX           16
 **********
 **********
 **   41 **MIGRAD
 **********
 START MIGRAD MINIMIZATION.  STRATEGY  1.  CONVERGENCE WHEN EDM .LT. 1.00e-04
 FCN=118.746 FROM MIGRAD    STATUS=INITIATE       18 CALLS        3254 TOTAL
                     EDM= unknown      STRATEGY= 1      NO ERROR MATRIX       
  EXT PARAMETER               CURRENT GUESS       STEP         FIRST   
  NO.   NAME      VALUE            ERROR          SIZE      DERIVATIVE 
   1  N0           2.83649e+06     fixed    
   2  tau          6.43976e+01   constant   
   3  A0           3.54307e-01     fixed    
   4  phi          4.11615e+00     fixed    
   5  R           -5.94693e+01   constant   
   6  alpha_CBO   -3.28507e-03     fixed    
   7  w_CBO        2.32500e+00   constant   
   8  beta_CBO     0.00000e+00   1.00000e-03   1.00000e-03  -3.87890e+04
   9  alpha_2CBO   0.00000e+00   1.00000e-03   1.00000e-03   5.82371e+03
  10  beta_2CBO   -4.62362e-04     fixed    
  11  alpha_y      0.00000e+00     fixed    
  12  w_y          1.44500e+01   constant   
  13  beta_y      -3.84586e-05     fixed    
  14  alpha_vw     0.00000e+00     fixed    
  15  w_vw         1.29000e+01   constant   
  16  beta_vw      0.00000e+00     fixed    
  17  LM          -2.20020e-04   constant   
  18  zeta_y       0.00000e+00   constant   
  19  zeta_vw      0.00000e+00   constant   
  20  T_CBO        1.33899e+01   1.33081e+00   1.87520e-04   4.15437e-01
  21  alpha_A0    -8.65916e+03   1.42060e+04  -5.60031e+01   4.42866e-06
  22  beta_A0      1.40309e+04   2.29836e+04   9.05546e+01  -1.01426e-05
  23  alpha_phi   -3.59590e+04   5.89911e+04  -2.32545e+02  -2.71276e-06
  24  beta_phi    -3.29599e+04   5.40998e+04  -2.13331e+02  -1.01201e-06
 CALL LIMIT EXCEEDED IN MIGRAD.
 MIGRAD TERMINATED WITHOUT CONVERGENCE.
 FCN=70.2168 FROM MIGRAD    STATUS=CALL LIMIT   1150 CALLS        4386 TOTAL
                     EDM=0.000915528    STRATEGY= 1  ERROR MATRIX UNCERTAINTY  28.2 per cent
  EXT PARAMETER                APPROXIMATE        STEP         FIRST   
  NO.   NAME      VALUE            ERROR          SIZE      DERIVATIVE 
   1  N0           2.83649e+06     fixed    
   2  tau          6.43976e+01   constant   
   3  A0           3.54307e-01     fixed    
   4  phi          4.11615e+00     fixed    
   5  R           -5.94693e+01   constant   
   6  alpha_CBO   -3.28507e-03     fixed    
   7  w_CBO        2.32500e+00   constant   
   8  beta_CBO     2.47110e-03   3.44215e-04  -7.35950e-06  -6.46168e+01
   9  alpha_2CBO  -1.89408e-04   3.45175e-04   1.42873e-06   1.89882e+01
  10  beta_2CBO   -4.62362e-04     fixed    
  11  alpha_y      0.00000e+00     fixed    
  12  w_y          1.44500e+01   constant   
  13  beta_y      -3.84586e-05     fixed    
  14  alpha_vw     0.00000e+00     fixed    
  15  w_vw         1.29000e+01   constant   
  16  beta_vw      0.00000e+00     fixed    
  17  LM          -2.20020e-04   constant   
  18  zeta_y       0.00000e+00   constant   
  19  zeta_vw      0.00000e+00   constant   
  20  T_CBO        9.37796e+00   2.17866e+00  -5.97723e-04  -1.28418e+01
  21  alpha_A0    -2.25034e+07   1.11138e+08  -2.79722e+06   3.45833e-09
  22  beta_A0     -1.94703e+07   9.67285e+07  -2.43434e+06  -2.24568e-09
  23  alpha_phi   -3.99879e+07   1.98448e+08  -4.99448e+06   5.08417e-10
  24  beta_phi    -1.76896e+07   8.73346e+07  -2.19816e+06   6.80513e-10
 EXTERNAL ERROR MATRIX.    NDIM=  25    NPAR=  7    ERR DEF=1
  1.185e-07  1.048e-08  1.867e-04  1.041e+04  9.057e+03  1.858e+04  8.179e+03 
  1.048e-08  1.191e-07 -3.389e-05 -2.137e+03 -1.860e+03 -3.819e+03 -1.678e+03 
  1.867e-04 -3.389e-05  4.747e+00  2.408e+08  2.096e+08  4.299e+08  1.892e+08 
  1.041e+04 -2.137e+03  2.408e+08  1.235e+16  1.075e+16  2.206e+16  9.706e+15 
  9.057e+03 -1.860e+03  2.096e+08  1.075e+16  9.356e+15  1.920e+16  8.448e+15 
  1.858e+04 -3.819e+03  4.299e+08  2.206e+16  1.920e+16  3.938e+16  1.733e+16 
  8.179e+03 -1.678e+03  1.892e+08  9.706e+15  8.448e+15  1.733e+16  7.627e+15 
ERR MATRIX APPROXIMATE
 PARAMETER  CORRELATION COEFFICIENTS  
       NO.  GLOBAL      8      9     20     21     22     23     24
        8  0.38827   1.000  0.088  0.249  0.272  0.272  0.272  0.272
        9  0.25577   0.088  1.000 -0.045 -0.056 -0.056 -0.056 -0.056
       20  0.99517   0.249 -0.045  1.000  0.994  0.994  0.994  0.994
       21  1.00000   0.272 -0.056  0.994  1.000  1.000  1.000  1.000
       22  1.00000   0.272 -0.056  0.994  1.000  1.000  1.000  1.000
       23  1.00000   0.272 -0.056  0.994  1.000  1.000  1.000  1.000
       24  1.00000   0.272 -0.056  0.994  1.000  1.000  1.000  1.000
 ERR MATRIX APPROXIMATE
MINUIT - FIT wiggle + 1-CBO + 2-CBO
 **********
 **   42 **RES 
 **********
                   PARAMETER   16  beta_vw RESTORED TO VARIABLE.
                   PARAMETER   14  alpha_vw RESTORED TO VARIABLE.
                   PARAMETER   13  beta_y RESTORED TO VARIABLE.
                   PARAMETER   11  alpha_y RESTORED TO VARIABLE.
                   PARAMETER   10  beta_2CBO RESTORED TO VARIABLE.
                   PARAMETER    6  alpha_CBO RESTORED TO VARIABLE.
                   PARAMETER    4  phi RESTORED TO VARIABLE.
                   PARAMETER    3  A0 RESTORED TO VARIABLE.
                   PARAMETER    1  N0 RESTORED TO VARIABLE.
 **********
 **   43 **FIX           10
 **********
 **********
 **   44 **FIX           11
 **********
 **********
 **   45 **FIX           12
 **********
 PARAMETER   12  IS CONSTANT.   IGNORED.
 **********
 **   46 **FIX           13
 **********
 **********
 **   47 **FIX           14
 **********
 **********
 **   48 **FIX           15
 **********
 PARAMETER   15  IS CONSTANT.   IGNORED.
 **********
 **   49 **FIX           16
 **********
 **********
 **   50 **MIGRAD
 **********
 START MIGRAD MINIMIZATION.  STRATEGY  1.  CONVERGENCE WHEN EDM .LT. 1.00e-04
 FCN=70.2168 FROM MIGRAD    STATUS=INITIATE       22 CALLS        4408 TOTAL
                     EDM= unknown      STRATEGY= 1      NO ERROR MATRIX       
  EXT PARAMETER               CURRENT GUESS       STEP         FIRST   
  NO.   NAME      VALUE            ERROR          SIZE      DERIVATIVE 
   1  N0           2.83649e+06   7.01716e+02   7.01716e+02   1.41782e-03
   2  tau          6.43976e+01   constant   
   3  A0           3.54307e-01   3.24315e-04   3.24315e-04   3.99810e+03
   4  phi          4.11615e+00   9.31425e-04   9.31425e-04   2.04545e+03
   5  R           -5.94693e+01   constant   
   6  alpha_CBO   -3.28507e-03   3.46429e-04   3.46429e-04  -3.47372e+02
   7  w_CBO        2.32500e+00   constant   
   8  beta_CBO     2.47110e-03   3.44215e-04  -7.35950e-06  -6.46168e+01
   9  alpha_2CBO  -1.89408e-04   3.45175e-04   1.42873e-06   1.89882e+01
  10  beta_2CBO   -4.62362e-04     fixed    
  11  alpha_y      0.00000e+00     fixed    
  12  w_y          1.44500e+01   constant   
  13  beta_y      -3.84586e-05     fixed    
  14  alpha_vw     0.00000e+00     fixed    
  15  w_vw         1.29000e+01   constant   
  16  beta_vw      0.00000e+00     fixed    
  17  LM          -2.20020e-04   constant   
  18  zeta_y       0.00000e+00   constant   
  19  zeta_vw      0.00000e+00   constant   
  20  T_CBO        9.37796e+00   2.17866e+00  -5.97723e-04  -1.28417e+01
  21  alpha_A0    -2.25034e+07   1.11138e+08  -2.79722e+06   3.45833e-09
  22  beta_A0     -1.94703e+07   9.67285e+07  -2.43434e+06  -2.24550e-09
  23  alpha_phi   -3.99879e+07   1.98448e+08  -4.99448e+06   5.08415e-10
  24  beta_phi    -1.76896e+07   8.73346e+07  -2.19816e+06   6.80513e-10
 MIGRAD MINIMIZATION HAS CONVERGED.
 MIGRAD WILL VERIFY CONVERGENCE AND ERROR MATRIX.
 FCN=68.6143 FROM HESSE     STATUS=NOT POSDEF    100 CALLS        4675 TOTAL
                     EDM=0.000599233    STRATEGY= 1      ERR MATRIX NOT POS-DEF
  EXT PARAMETER                APPROXIMATE        STEP         FIRST   
  NO.   NAME      VALUE            ERROR          SIZE      DERIVATIVE 
   1  N0           2.83623e+06   4.82577e+02   2.80030e+00  -6.50087e-07
   2  tau          6.43976e+01   constant   
   3  A0           3.54068e-01   2.31253e-04   1.34961e-06   5.03490e+00
   4  phi          4.11524e+00   6.58224e-04   3.81578e-06  -9.14922e-01
   5  R           -5.94693e+01   constant   
   6  alpha_CBO   -3.23930e-03   2.47442e-04   1.37807e-06   5.02992e+00
   7  w_CBO        2.32500e+00   constant   
   8  beta_CBO     2.56056e-03   2.43401e-04   1.43634e-06  -4.50606e+00
   9  alpha_2CBO  -1.56509e-04   2.39648e-04   1.41208e-06   5.85807e+00
  10  beta_2CBO   -4.62362e-04     fixed    
  11  alpha_y      0.00000e+00     fixed    
  12  w_y          1.44500e+01   constant   
  13  beta_y      -3.84586e-05     fixed    
  14  alpha_vw     0.00000e+00     fixed    
  15  w_vw         1.29000e+01   constant   
  16  beta_vw      0.00000e+00     fixed    
  17  LM          -2.20020e-04   constant   
  18  zeta_y       0.00000e+00   constant   
  19  zeta_vw      0.00000e+00   constant   
  20  T_CBO        9.34130e+00   3.49607e-01   1.08190e-05  -1.36246e-01
  21  alpha_A0    -2.23209e+07   1.40994e+08   2.35990e+01  -2.39309e-10
  22  beta_A0     -1.91315e+07   4.72693e+07   2.35990e+01   3.19792e-10
  23  alpha_phi   -4.35616e+07   7.38559e+07   2.35990e+01   2.90377e-11
  24  beta_phi    -2.41832e+07   2.74001e+07   2.35990e+01  -2.75888e-11
 MIGRAD MINIMIZATION HAS CONVERGED.
 MIGRAD WILL VERIFY CONVERGENCE AND ERROR MATRIX.
 COVARIANCE MATRIX CALCULATED SUCCESSFULLY
 FCN=68.6143 FROM MIGRAD    STATUS=CONVERGED     415 CALLS        4801 TOTAL
                     EDM=6.50113e-05    STRATEGY= 1      ERROR MATRIX ACCURATE 
  EXT PARAMETER                                   STEP         FIRST   
  NO.   NAME      VALUE            ERROR          SIZE      DERIVATIVE 
   1  N0           2.83623e+06   7.37330e+02   2.80030e+00  -1.40132e-06
   2  tau          6.43976e+01   constant   
   3  A0           3.54068e-01   3.52222e-04   1.34961e-06   6.59099e+00
   4  phi          4.11524e+00   1.07079e-03   3.81578e-06  -1.06925e-01
   5  R           -5.94693e+01   constant   
   6  alpha_CBO   -3.23947e-03   3.74447e-04   1.37807e-06   8.23661e+00
   7  w_CBO        2.32500e+00   constant   
   8  beta_CBO     2.56064e-03   3.73876e-04   1.43634e-06  -5.68422e+00
   9  alpha_2CBO  -1.56598e-04   3.51681e-04   1.41207e-06   7.15779e+00
  10  beta_2CBO   -4.62362e-04     fixed    
  11  alpha_y      0.00000e+00     fixed    
  12  w_y          1.44500e+01   constant   
  13  beta_y      -3.84586e-05     fixed    
  14  alpha_vw     0.00000e+00     fixed    
  15  w_vw         1.29000e+01   constant   
  16  beta_vw      0.00000e+00     fixed    
  17  LM          -2.20020e-04   constant   
  18  zeta_y       0.00000e+00   constant   
  19  zeta_vw      0.00000e+00   constant   
  20  T_CBO        9.34186e+00   1.01458e+00   1.08231e-05  -2.16020e+00
  21  alpha_A0    -2.20583e+07   5.19043e+06   2.35990e+01   3.42037e-11
  22  beta_A0     -1.92194e+07   7.94729e+06   2.35990e+01   1.63852e-10
  23  alpha_phi   -4.34309e+07   1.13293e+08   2.35990e+01   1.22240e-10
  24  beta_phi    -2.41368e+07   1.17801e+08   2.35990e+01  -1.22053e-11
 EXTERNAL ERROR MATRIX.    NDIM=  25    NPAR= 11    ERR DEF=1
  5.437e+05 
  6.169e-03  1.241e-07 
 -1.530e-01 -2.876e-08  1.147e-06 
 -2.368e-02 -3.551e-08  9.125e-08  1.402e-07 
 -2.851e-02 -1.513e-08 -1.484e-08  1.158e-08  1.398e-07 
 -8.537e-03 -3.207e-09 -2.936e-08 -8.306e-09  9.944e-09  1.237e-07 
 -6.987e+01 -6.841e-05  4.519e-04  1.378e-04  9.194e-05 -2.524e-05  1.029e+00 
 -4.781e+08 -2.229e+02  1.886e+03  5.372e+02  3.966e+02 -1.160e+02  4.132e+06  2.694e+13 
 -8.547e+08 -3.315e+02  3.113e+03  8.927e+02  6.272e+02 -1.770e+02  6.730e+06  2.939e+13  6.316e+13 
 -1.361e+10 -5.646e+03  5.109e+04  1.478e+04  1.061e+04 -3.453e+03  1.105e+08  4.747e+14  7.744e+14  1.284e+16 
 -1.414e+10 -6.144e+03  5.407e+04  1.543e+04  1.115e+04 -3.181e+03  1.146e+08  4.934e+14  8.048e+14  1.317e+16  1.388e+16 
 PARAMETER  CORRELATION COEFFICIENTS  
       NO.  GLOBAL      1      3      4      6      8      9     20     21     22     23     24
        1  0.34429   1.000  0.024 -0.194 -0.086 -0.103 -0.033 -0.093 -0.125 -0.146 -0.163 -0.163
        3  0.33971   0.024  1.000 -0.076 -0.269 -0.115 -0.026 -0.191 -0.122 -0.118 -0.141 -0.148
        4  0.48467  -0.194 -0.076  1.000  0.228 -0.037 -0.078  0.416  0.339  0.366  0.421  0.429
        6  0.42888  -0.086 -0.269  0.228  1.000  0.083 -0.063  0.363  0.276  0.300  0.348  0.350
        8  0.33280  -0.103 -0.115 -0.037  0.083  1.000  0.076  0.242  0.204  0.211  0.250  0.253
        9  0.16925  -0.033 -0.026 -0.078 -0.063  0.076  1.000 -0.071 -0.064 -0.063 -0.087 -0.077
       20  0.96758  -0.093 -0.191  0.416  0.363  0.242 -0.071  1.000  0.785  0.835  0.962  0.959
       21  0.81046  -0.125 -0.122  0.339  0.276  0.204 -0.064  0.785  1.000  0.712  0.807  0.807
       22  0.86324  -0.146 -0.118  0.366  0.300  0.211 -0.063  0.835  0.712  1.000  0.860  0.860
       23  0.98911  -0.163 -0.141  0.421  0.348  0.250 -0.087  0.962  0.807  0.860  1.000  0.987
       24  0.98826  -0.163 -0.148  0.429  0.350  0.253 -0.077  0.959  0.807  0.860  0.987  1.000
MINUIT - FIT ONLY 1-y
 **********
 **   51 **RES 
 **********
                   PARAMETER   16  beta_vw RESTORED TO VARIABLE.
                   PARAMETER   14  alpha_vw RESTORED TO VARIABLE.
                   PARAMETER   13  beta_y RESTORED TO VARIABLE.
                   PARAMETER   11  alpha_y RESTORED TO VARIABLE.
                   PARAMETER   10  beta_2CBO RESTORED TO VARIABLE.
 **********
 **   52 **FIX            0
 **********
 PARAMETER    0  IS UNDEFINED. IGNORED.
 **********
 **   53 **FIX            1
 **********
 **********
 **   54 **FIX            2
 **********
 PARAMETER    2  IS CONSTANT.   IGNORED.
 **********
 **   55 **FIX            3
 **********
 **********
 **   56 **FIX            4
 **********
 **********
 **   57 **FIX            5
 **********
 PARAMETER    5  IS CONSTANT.   IGNORED.
 **********
 **   58 **FIX            6
 **********
 **********
 **   59 **FIX            7
 **********
 PARAMETER    7  IS CONSTANT.   IGNORED.
 **********
 **   60 **FIX            8
 **********
 **********
 **   61 **FIX            9
 **********
 **********
 **   62 **FIX           13
 **********
 **********
 **   63 **FIX           14
 **********
 **********
 **   64 **FIX           15
 **********
 PARAMETER   15  IS CONSTANT.   IGNORED.
 **********
 **   65 **FIX           16
 **********
 **********
 **   66 **MIGRAD
 **********
 START MIGRAD MINIMIZATION.  STRATEGY  1.  CONVERGENCE WHEN EDM .LT. 1.00e-04
 FCN=68.6143 FROM MIGRAD    STATUS=INITIATE       16 CALLS        4817 TOTAL
                     EDM= unknown      STRATEGY= 1      NO ERROR MATRIX       
  EXT PARAMETER               CURRENT GUESS       STEP         FIRST   
  NO.   NAME      VALUE            ERROR          SIZE      DERIVATIVE 
   1  N0           2.83623e+06     fixed    
   2  tau          6.43976e+01   constant   
   3  A0           3.54068e-01     fixed    
   4  phi          4.11524e+00     fixed    
   5  R           -5.94693e+01   constant   
   6  alpha_CBO   -3.23947e-03     fixed    
   7  w_CBO        2.32500e+00   constant   
   8  beta_CBO     2.56064e-03     fixed    
   9  alpha_2CBO  -1.56598e-04     fixed    
  10  beta_2CBO   -4.62362e-04   3.41690e-04   3.41690e-04   1.38914e+03
  11  alpha_y      0.00000e+00   1.00000e-03   1.00000e-03   5.95916e+03
  12  w_y          1.44500e+01   constant   
  13  beta_y      -3.84586e-05     fixed    
  14  alpha_vw     0.00000e+00     fixed    
  15  w_vw         1.29000e+01   constant   
  16  beta_vw      0.00000e+00     fixed    
  17  LM          -2.20020e-04   constant   
  18  zeta_y       0.00000e+00   constant   
  19  zeta_vw      0.00000e+00   constant   
  20  T_CBO        9.34186e+00   1.01458e+00   1.08231e-05  -2.15651e+00
  21  alpha_A0    -2.20583e+07   5.19043e+06   2.35990e+01   3.83941e-11
  22  beta_A0     -1.92194e+07   7.94729e+06   2.35990e+01   1.65737e-10
  23  alpha_phi   -4.34309e+07   1.13293e+08   2.35990e+01   1.22248e-10
  24  beta_phi    -2.41368e+07   1.17801e+08   2.35990e+01  -1.22050e-11
 MIGRAD MINIMIZATION HAS CONVERGED.
 MIGRAD WILL VERIFY CONVERGENCE AND ERROR MATRIX.
 COVARIANCE MATRIX CALCULATED SUCCESSFULLY
 FCN=67.5024 FROM MIGRAD    STATUS=CONVERGED     147 CALLS        4948 TOTAL
                     EDM=1.58693e-05    STRATEGY= 1      ERROR MATRIX ACCURATE 
  EXT PARAMETER                                   STEP         FIRST   
  NO.   NAME      VALUE            ERROR          SIZE      DERIVATIVE 
   1  N0           2.83623e+06     fixed    
   2  tau          6.43976e+01   constant   
   3  A0           3.54068e-01     fixed    
   4  phi          4.11524e+00     fixed    
   5  R           -5.94693e+01   constant   
   6  alpha_CBO   -3.23947e-03     fixed    
   7  w_CBO        2.32500e+00   constant   
   8  beta_CBO     2.56064e-03     fixed    
   9  alpha_2CBO  -1.56598e-04     fixed    
  10  beta_2CBO   -5.54245e-04   3.47116e-04   1.38938e-06  -1.67395e-01
  11  alpha_y     -3.51875e-04   3.42798e-04   1.38501e-06  -2.15380e+00
  12  w_y          1.44500e+01   constant   
  13  beta_y      -3.84586e-05     fixed    
  14  alpha_vw     0.00000e+00     fixed    
  15  w_vw         1.29000e+01   constant   
  16  beta_vw      0.00000e+00     fixed    
  17  LM          -2.20020e-04   constant   
  18  zeta_y       0.00000e+00   constant   
  19  zeta_vw      0.00000e+00   constant   
  20  T_CBO        9.33629e+00   3.08940e-01   1.08910e-05   6.15766e-01
  21  alpha_A0    -2.14478e+07   3.68028e+06   2.34098e+01  -5.39346e-10
  22  beta_A0     -2.04352e+07   1.45004e+07   2.34098e+01  -1.58100e-10
  23  alpha_phi   -4.27781e+07   1.94274e+07   2.34098e+01   2.08659e-10
  24  beta_phi    -2.36781e+07   1.90306e+07   2.34098e+01   8.32191e-11
 EXTERNAL ERROR MATRIX.    NDIM=  25    NPAR=  7    ERR DEF=1
  1.205e-07  2.285e-09  1.224e-05 -8.797e+00  9.928e+01  9.538e+01 -1.175e+02 
  2.285e-09  1.175e-07  7.418e-07  1.361e+00  2.147e+01 -2.351e+00  5.468e+01 
  1.224e-05  7.418e-07  9.544e-02  1.199e+05  1.582e+06  2.853e+06  2.398e+06 
 -8.797e+00  1.361e+00  1.199e+05  1.354e+13  8.418e+12  7.519e+12  1.110e+13 
  9.928e+01  2.147e+01  1.582e+06  8.418e+12  2.103e+14  1.295e+14  1.439e+14 
  9.538e+01 -2.351e+00  2.853e+06  7.519e+12  1.295e+14  3.774e+14  1.906e+14 
 -1.175e+02  5.468e+01  2.398e+06  1.110e+13  1.439e+14  1.906e+14  3.622e+14 
 PARAMETER  CORRELATION COEFFICIENTS  
       NO.  GLOBAL     10     11     20     21     22     23     24
       10  0.13804   1.000  0.019  0.114 -0.007  0.020  0.014 -0.018
       11  0.02222   0.019  1.000  0.007  0.001  0.004 -0.000  0.008
       20  0.53156   0.114  0.007  1.000  0.105  0.353  0.475  0.408
       21  0.18405  -0.007  0.001  0.105  1.000  0.158  0.105  0.159
       22  0.57712   0.020  0.004  0.353  0.158  1.000  0.460  0.521
       23  0.61705   0.014 -0.000  0.475  0.105  0.460  1.000  0.516
       24  0.62573  -0.018  0.008  0.408  0.159  0.521  0.516  1.000
MINUIT - FIT ONLY 2-y
 **********
 **   67 **RES 
 **********
                   PARAMETER   16  beta_vw RESTORED TO VARIABLE.
                   PARAMETER   14  alpha_vw RESTORED TO VARIABLE.
                   PARAMETER   13  beta_y RESTORED TO VARIABLE.
                   PARAMETER    9  alpha_2CBO RESTORED TO VARIABLE.
                   PARAMETER    8  beta_CBO RESTORED TO VARIABLE.
                   PARAMETER    6  alpha_CBO RESTORED TO VARIABLE.
                   PARAMETER    4  phi RESTORED TO VARIABLE.
                   PARAMETER    3  A0 RESTORED TO VARIABLE.
                   PARAMETER    1  N0 RESTORED TO VARIABLE.
 **********
 **   68 **FIX            0
 **********
 PARAMETER    0  IS UNDEFINED. IGNORED.
 **********
 **   69 **FIX            1
 **********
 **********
 **   70 **FIX            2
 **********
 PARAMETER    2  IS CONSTANT.   IGNORED.
 **********
 **   71 **FIX            3
 **********
 **********
 **   72 **FIX            4
 **********
 **********
 **   73 **FIX            5
 **********
 PARAMETER    5  IS CONSTANT.   IGNORED.
 **********
 **   74 **FIX            6
 **********
 **********
 **   75 **FIX            7
 **********
 PARAMETER    7  IS CONSTANT.   IGNORED.
 **********
 **   76 **FIX            8
 **********
 **********
 **   77 **FIX            9
 **********
 **********
 **   78 **FIX           10
 **********
 **********
 **   79 **FIX           11
 **********
 **********
 **   80 **FIX           12
 **********
 PARAMETER   12  IS CONSTANT.   IGNORED.
 **********
 **   81 **FIX           16
 **********
 **********
 **   82 **MIGRAD
 **********
 START MIGRAD MINIMIZATION.  STRATEGY  1.  CONVERGENCE WHEN EDM .LT. 1.00e-04
 FCN=67.5024 FROM MIGRAD    STATUS=INITIATE       16 CALLS        4964 TOTAL
                     EDM= unknown      STRATEGY= 1      NO ERROR MATRIX       
  EXT PARAMETER               CURRENT GUESS       STEP         FIRST   
  NO.   NAME      VALUE            ERROR          SIZE      DERIVATIVE 
   1  N0           2.83623e+06     fixed    
   2  tau          6.43976e+01   constant   
   3  A0           3.54068e-01     fixed    
   4  phi          4.11524e+00     fixed    
   5  R           -5.94693e+01   constant   
   6  alpha_CBO   -3.23947e-03     fixed    
   7  w_CBO        2.32500e+00   constant   
   8  beta_CBO     2.56064e-03     fixed    
   9  alpha_2CBO  -1.56598e-04     fixed    
  10  beta_2CBO   -5.54245e-04     fixed    
  11  alpha_y     -3.51875e-04     fixed    
  12  w_y          1.44500e+01   constant   
  13  beta_y      -3.84586e-05   3.45944e-04   3.45944e-04  -8.25042e+02
  14  alpha_vw     0.00000e+00   1.00000e-03   1.00000e-03   1.59002e+04
  15  w_vw         1.29000e+01   constant   
  16  beta_vw      0.00000e+00     fixed    
  17  LM          -2.20020e-04   constant   
  18  zeta_y       0.00000e+00   constant   
  19  zeta_vw      0.00000e+00   constant   
  20  T_CBO        9.33629e+00   3.08940e-01   1.08910e-05   6.19392e-01
  21  alpha_A0    -2.14478e+07   3.68028e+06   2.34098e+01  -5.42871e-10
  22  beta_A0     -2.04352e+07   1.45004e+07   2.34098e+01  -1.50741e-10
  23  alpha_phi   -4.27781e+07   1.94274e+07   2.34098e+01   2.08578e-10
  24  beta_phi    -2.36781e+07   1.90306e+07   2.34098e+01   8.32198e-11
 MIGRAD MINIMIZATION HAS CONVERGED.
 MIGRAD WILL VERIFY CONVERGENCE AND ERROR MATRIX.
 FCN=59.792 FROM HESSE     STATUS=NOT POSDEF     52 CALLS        5095 TOTAL
                     EDM=0.000134308    STRATEGY= 1      ERR MATRIX NOT POS-DEF
  EXT PARAMETER                APPROXIMATE        STEP         FIRST   
  NO.   NAME      VALUE            ERROR          SIZE      DERIVATIVE 
   1  N0           2.83623e+06     fixed    
   2  tau          6.43976e+01   constant   
   3  A0           3.54068e-01     fixed    
   4  phi          4.11524e+00     fixed    
   5  R           -5.94693e+01   constant   
   6  alpha_CBO   -3.23947e-03     fixed    
   7  w_CBO        2.32500e+00   constant   
   8  beta_CBO     2.56064e-03     fixed    
   9  alpha_2CBO  -1.56598e-04     fixed    
  10  beta_2CBO   -5.54245e-04     fixed    
  11  alpha_y     -3.51875e-04     fixed    
  12  w_y          1.44500e+01   constant   
  13  beta_y      -1.78610e-04   2.79920e-04   1.32369e-06  -1.56166e-01
