 + ++++++++++++++++++++++++++++++++++++++++++++++++++++++++++++++++++++ +
 +                                                                      +
 +           You have chose to blind your fitting according to          +
 +                omega_ref * (1 + (R +/- deltaR) *10^{-6})             +
 +                                                                      +
 + ++++++++++++++++++++++++++++++++++++++++++++++++++++++++++++++++++++ +
In main()...
reading format from /gm2data/zkhechad/run45/envelope/formats/formatB_sBin_constraintOn.txt
pBinTau 	= 0  
pBinPhi 	= 0  
constraintau 	= 1 
includeMopTerm 	= 0    
constrainMop    = 0   
Parameters after format file: pBinTau 0 pBinPhi 0 constraintau 1 includeMopTerm 0 constrainMop 0 c_e_scale 0.000000 
Opening file /gm2data/tbarrett/gm2fr/studies/run23_bunch_corrections/CorrectedFourier_Run3b.root.
reading full fit data from /gm2data/zkhechad/cboTemplates/Run4CBOTemplates/fullFits/noRF/sBin_constraintOn_cE0.0_seed0_noRF_calo5.root
windowBins = 69
fitting sliding window 140 from bin 276 at 41.030000 to bin 345 at 51.474000 (69 bins)

Reading data from /gm2data/cornell/histograms/aMethod/histogram_a_noRF.root
 **********
 **    1 **SET PRINTOUT            1
 **********
 **********
 **    2 **SET NOWARNINGS 
 **********
 PARAMETER DEFINITIONS:
    NO.   NAME         VALUE      STEP SIZE      LIMITS
     1 N0           2.79633e+06  1.00000e+02     no limits
     2 tau          6.44140e+01  constant
     3 A0           3.58434e-01  1.00000e-04     no limits
     4 phi          4.11632e+00  1.00000e-02     no limits
     5 R           -6.26390e+01  constant
     6 alpha_CBO    0.00000e+00  1.00000e-03     no limits
     7 w_CBO        2.32500e+00  constant
     8 beta_CBO     0.00000e+00  1.00000e-03     no limits
     9 alpha_2CBO   0.00000e+00  1.00000e-03     no limits
    10 beta_2CBO    0.00000e+00  1.00000e-03     no limits
    11 alpha_y      0.00000e+00  1.00000e-03     no limits
    12 w_y          1.38860e+01  constant
    13 beta_y       0.00000e+00  1.00000e-03     no limits
    14 alpha_vw     0.00000e+00  1.00000e-03     no limits
    15 w_vw         1.43404e+01  constant
    16 beta_vw      0.00000e+00  1.00000e-03     no limits
    17 LM           3.79801e-04  constant
    18 zeta_y       0.00000e+00  constant
    19 zeta_vw      0.00000e+00  constant
    20 T_CBO        1.00000e+02  1.00000e+00    0.00000e+00  1.00000e+03
    21 alpha_A0     0.00000e+00  1.00000e-04   -1.00000e-02  1.00000e-02
    22 beta_A0      0.00000e+00  1.00000e-04   -1.00000e-02  1.00000e-02
    23 alpha_phi    0.00000e+00  1.00000e-04   -1.00000e-02  1.00000e-02
    24 beta_phi     0.00000e+00  1.00000e-04   -1.00000e-02  1.00000e-02
MINUIT - FIT ONLY WIGGLE
 **********
 **    3 **FIX            5
 **********
 PARAMETER    5  IS CONSTANT.   IGNORED.
 **********
 **    4 **FIX            6
 **********
 **********
 **    5 **FIX            7
 **********
 PARAMETER    7  IS CONSTANT.   IGNORED.
 **********
 **    6 **FIX            8
 **********
 **********
 **    7 **FIX            9
 **********
 **********
 **    8 **FIX           10
 **********
 **********
 **    9 **FIX           11
 **********
 **********
 **   10 **FIX           12
 **********
 PARAMETER   12  IS CONSTANT.   IGNORED.
 **********
 **   11 **FIX           13
 **********
 **********
 **   12 **FIX           14
 **********
 **********
 **   13 **FIX           15
 **********
 PARAMETER   15  IS CONSTANT.   IGNORED.
 **********
 **   14 **FIX           16
 **********
 **********
 **   15 **MIGRAD
 **********
 FIRST CALL TO USER FUNCTION AT NEW START POINT, WITH IFLAG=4.
 START MIGRAD MINIMIZATION.  STRATEGY  1.  CONVERGENCE WHEN EDM .LT. 1.00e-04
 FCN=9905.31 FROM MIGRAD    STATUS=INITIATE      435 CALLS         436 TOTAL
                     EDM= unknown      STRATEGY= 1      NO ERROR MATRIX       
  EXT PARAMETER               CURRENT GUESS       STEP         FIRST   
  NO.   NAME      VALUE            ERROR          SIZE      DERIVATIVE 
   1  N0           2.79633e+06   1.00000e+02   0.00000e+00  -9.72700e-02
   2  tau          6.44140e+01   constant   
   3  A0           3.58434e-01   1.00000e-04   0.00000e+00  -3.15127e+05
   4  phi          4.11632e+00   1.00000e-02   0.00000e+00  -8.06730e+04
   5  R           -6.26390e+01   constant   
   6  alpha_CBO    0.00000e+00     fixed    
   7  w_CBO        2.32500e+00   constant   
   8  beta_CBO     0.00000e+00     fixed    
   9  alpha_2CBO   0.00000e+00     fixed    
  10  beta_2CBO    0.00000e+00     fixed    
  11  alpha_y      0.00000e+00     fixed    
  12  w_y          1.38860e+01   constant   
  13  beta_y       0.00000e+00     fixed    
  14  alpha_vw     0.00000e+00     fixed    
  15  w_vw         1.43404e+01   constant   
  16  beta_vw      0.00000e+00     fixed    
  17  LM           3.79801e-04   constant   
  18  zeta_y       0.00000e+00   constant   
  19  zeta_vw      0.00000e+00   constant   
  20  T_CBO        1.00000e+02   1.00000e+00   0.00000e+00   0.00000e+00
  21  alpha_A0     0.00000e+00   1.00000e-04   0.00000e+00  -1.26278e+02
  22  beta_A0      0.00000e+00   1.00000e-04   0.00000e+00  -3.43115e+02
  23  alpha_phi    0.00000e+00   1.00000e-04   0.00000e+00  -3.31545e+02
  24  beta_phi     0.00000e+00   1.00000e-04   0.00000e+00   8.05694e+02
 MIGRAD MINIMIZATION HAS CONVERGED.
 FCN=8877.7 FROM MIGRAD    STATUS=CONVERGED     706 CALLS         707 TOTAL
                     EDM=1.15622e-06    STRATEGY= 1  ERROR MATRIX UNCERTAINTY   1.6 per cent
  EXT PARAMETER                                   STEP         FIRST   
  NO.   NAME      VALUE            ERROR          SIZE      DERIVATIVE 
   1  N0           2.79705e+06   1.78339e+02  -2.81009e-01  -7.92125e-07
   2  tau          6.44140e+01   constant   
   3  A0           3.59893e-01   8.55337e-05  -5.32844e-08  -3.15670e+00
   4  phi          4.11922e+00   2.49113e-04   1.01288e-08   1.11223e+00
   5  R           -6.26390e+01   constant   
   6  alpha_CBO    0.00000e+00     fixed    
   7  w_CBO        2.32500e+00   constant   
   8  beta_CBO     0.00000e+00     fixed    
   9  alpha_2CBO   0.00000e+00     fixed    
  10  beta_2CBO    0.00000e+00     fixed    
  11  alpha_y      0.00000e+00     fixed    
  12  w_y          1.38860e+01   constant   
  13  beta_y       0.00000e+00     fixed    
  14  alpha_vw     0.00000e+00     fixed    
  15  w_vw         1.43404e+01   constant   
  16  beta_vw      0.00000e+00     fixed    
  17  LM           3.79801e-04   constant   
  18  zeta_y       0.00000e+00   constant   
  19  zeta_vw      0.00000e+00   constant   
  20  T_CBO        1.37245e+02   1.98378e+01   3.00755e-04  -2.19304e-02
  21  alpha_A0     3.48914e-03   4.95707e-04   5.58952e-05  -9.27695e-03
  22  beta_A0      4.09537e-03   5.06942e-04   2.09300e-05  -1.70449e-03
  23  alpha_phi    4.10773e-03   4.70953e-04  -2.41606e-04  -2.56000e-02
  24  beta_phi    -1.00000e-02   8.52054e-04  -8.97687e-04** at limit **
 EXTERNAL ERROR MATRIX.    NDIM=  25    NPAR=  8    ERR DEF=1
  3.180e+04 -1.949e-03  3.452e-03 -7.546e+02 -1.580e-02  1.658e-02  1.145e-02  1.061e-05 
 -1.949e-03  7.316e-09 -3.615e-11  2.751e-04  5.260e-09 -2.119e-09 -9.438e-10 -1.766e-12 
  3.452e-03 -3.615e-11  6.206e-08 -1.328e-04  4.938e-09  9.126e-09  1.249e-08  5.709e-12 
 -7.546e+02  2.751e-04 -1.328e-04  3.940e+02 -1.772e-03 -4.755e-03 -4.364e-03  1.512e-06 
 -1.580e-02  5.260e-09  4.938e-09 -1.772e-03  2.460e-07  2.833e-08  2.055e-08 -3.511e-11 
  1.658e-02 -2.119e-09  9.126e-09 -4.755e-03  2.833e-08  2.573e-07  3.597e-08 -1.204e-11 
  1.145e-02 -9.438e-10  1.249e-08 -4.364e-03  2.055e-08  3.597e-08  2.220e-07  3.500e-11 
  1.061e-05 -1.766e-12  5.709e-12  1.512e-06 -3.511e-11 -1.204e-11  3.500e-11  2.128e-12 
 PARAMETER  CORRELATION COEFFICIENTS  
       NO.  GLOBAL      1      3      4     20     21     22     23     24
        1  0.34229   1.000 -0.128  0.078 -0.213 -0.179  0.183  0.136  0.041
        3  0.24505  -0.128  1.000 -0.002  0.162  0.124 -0.049 -0.023 -0.014
        4  0.15558   0.078 -0.002  1.000 -0.027  0.040  0.072  0.106  0.016
       20  0.65632  -0.213  0.162 -0.027  1.000 -0.180 -0.472 -0.467  0.052
       21  0.32405  -0.179  0.124  0.040 -0.180  1.000  0.113  0.088 -0.049
       22  0.49451   0.183 -0.049  0.072 -0.472  0.113  1.000  0.151 -0.016
       23  0.49448   0.136 -0.023  0.106 -0.467  0.088  0.151  1.000  0.051
       24  0.11803   0.041 -0.014  0.016  0.052 -0.049 -0.016  0.051  1.000
MINUIT - FIT ONLY 1-CBO + wiggle
 **********
 **   16 **RES 
 **********
                   PARAMETER   16  beta_vw RESTORED TO VARIABLE.
                   PARAMETER   14  alpha_vw RESTORED TO VARIABLE.
                   PARAMETER   13  beta_y RESTORED TO VARIABLE.
                   PARAMETER   11  alpha_y RESTORED TO VARIABLE.
                   PARAMETER   10  beta_2CBO RESTORED TO VARIABLE.
                   PARAMETER    9  alpha_2CBO RESTORED TO VARIABLE.
                   PARAMETER    8  beta_CBO RESTORED TO VARIABLE.
                   PARAMETER    6  alpha_CBO RESTORED TO VARIABLE.
 **********
 **   17 **FIX            8
 **********
 **********
 **   18 **FIX            9
 **********
 **********
 **   19 **FIX           11
 **********
 **********
 **   20 **FIX           12
 **********
 PARAMETER   12  IS CONSTANT.   IGNORED.
 **********
 **   21 **FIX           14
 **********
 **********
 **   22 **FIX           15
 **********
 PARAMETER   15  IS CONSTANT.   IGNORED.
 **********
 **   23 **FIX           16
 **********
 **********
 **   24 **MIGRAD
 **********
 START MIGRAD MINIMIZATION.  STRATEGY  1.  CONVERGENCE WHEN EDM .LT. 1.00e-04
 FCN=8877.7 FROM MIGRAD    STATUS=INITIATE       28 CALLS         735 TOTAL
                     EDM= unknown      STRATEGY= 1      NO ERROR MATRIX       
  EXT PARAMETER               CURRENT GUESS       STEP         FIRST   
  NO.   NAME      VALUE            ERROR          SIZE      DERIVATIVE 
   1  N0           2.79705e+06   1.78339e+02  -2.81009e-01  -7.92127e-07
   2  tau          6.44140e+01   constant   
   3  A0           3.59893e-01   8.55337e-05  -5.32844e-08  -3.15670e+00
   4  phi          4.11922e+00   2.49113e-04   1.01288e-08   1.11217e+00
   5  R           -6.26390e+01   constant   
   6  alpha_CBO    0.00000e+00   1.00000e-03   1.00000e-03   4.10878e+05
   7  w_CBO        2.32500e+00   constant   
   8  beta_CBO     0.00000e+00     fixed    
   9  alpha_2CBO   0.00000e+00     fixed    
  10  beta_2CBO    0.00000e+00   1.00000e-03   1.00000e-03  -1.29831e+05
  11  alpha_y      0.00000e+00     fixed    
  12  w_y          1.38860e+01   constant   
  13  beta_y       0.00000e+00   1.00000e-03   1.00000e-03  -8.12090e+05
  14  alpha_vw     0.00000e+00     fixed    
  15  w_vw         1.43404e+01   constant   
  16  beta_vw      0.00000e+00     fixed    
  17  LM           3.79801e-04   constant   
  18  zeta_y       0.00000e+00   constant   
  19  zeta_vw      0.00000e+00   constant   
  20  T_CBO        1.37245e+02   1.98378e+01   3.00755e-04  -2.19483e-02
  21  alpha_A0     3.48914e-03   4.95707e-04   5.58952e-05  -9.27663e-03
  22  beta_A0      4.09537e-03   5.06942e-04   2.09300e-05  -1.70411e-03
  23  alpha_phi    4.10773e-03   4.70953e-04  -2.41606e-04  -2.55993e-02
  24  beta_phi    -1.00000e-02   8.52054e-04  -8.97687e-04** at limit **
 MIGRAD MINIMIZATION HAS CONVERGED.
 MIGRAD WILL VERIFY CONVERGENCE AND ERROR MATRIX.
 COVARIANCE MATRIX CALCULATED SUCCESSFULLY
 FCN=7331.1 FROM MIGRAD    STATUS=CONVERGED     294 CALLS        1001 TOTAL
                     EDM=7.96295e-06    STRATEGY= 1      ERROR MATRIX ACCURATE 
  EXT PARAMETER                                   STEP         FIRST   
  NO.   NAME      VALUE            ERROR          SIZE      DERIVATIVE 
   1  N0           2.79692e+06   1.81021e+02   7.04037e+00   1.72075e-06
   2  tau          6.44140e+01   constant   
   3  A0           3.59763e-01   8.42746e-05   3.41547e-06  -1.00126e+01
   4  phi          4.11998e+00   2.49747e-04   1.00683e-05  -3.90316e+00
   5  R           -6.26390e+01   constant   
   6  alpha_CBO   -1.61406e-03   8.88233e-05   3.59492e-06  -7.46680e+00
   7  w_CBO        2.32500e+00   constant   
   8  beta_CBO     0.00000e+00     fixed    
   9  alpha_2CBO   0.00000e+00     fixed    
  10  beta_2CBO    4.07926e-04   8.81127e-05   3.57805e-06  -2.43927e+01
  11  alpha_y      0.00000e+00     fixed    
  12  w_y          1.38860e+01   constant   
  13  beta_y       2.92716e-03   8.46672e-05   3.53750e-06   2.96394e+00
  14  alpha_vw     0.00000e+00     fixed    
  15  w_vw         1.43404e+01   constant   
  16  beta_vw      0.00000e+00     fixed    
  17  LM           3.79801e-04   constant   
  18  zeta_y       0.00000e+00   constant   
  19  zeta_vw      0.00000e+00   constant   
  20  T_CBO        1.38991e+02   2.01503e+01   1.85801e-03  -6.03883e-04
  21  alpha_A0     3.04802e-03   5.20798e-04   2.17641e-03  -3.14737e-02
  22  beta_A0      3.63669e-03   5.10180e-04   2.03861e-03   2.00223e-02
  23  alpha_phi    4.93787e-03   5.26798e-04   2.10064e-03  -2.37272e-02
  24  beta_phi    -1.00000e-02   9.50026e-04   1.83799e-02** at limit **
 EXTERNAL ERROR MATRIX.    NDIM=  25    NPAR= 11    ERR DEF=1
  3.277e+04 
 -1.954e-03  7.102e-09 
  3.102e-03  5.159e-10  6.237e-08 
  7.746e-04  5.295e-10 -4.464e-09  7.890e-09 
  6.597e-04  3.306e-10 -1.602e-11  5.360e-10  7.764e-09 
 -7.707e-05 -1.019e-10 -3.906e-10 -6.951e-11  3.463e-11  7.169e-09 
 -8.598e+02  2.446e-04 -5.966e-05 -3.081e-05 -8.837e-05  2.639e-06  4.065e+02 
 -1.600e-02  6.056e-09  4.188e-09  1.767e-09  4.444e-09 -8.899e-10 -1.479e-03  2.715e-07 
  1.916e-02 -2.102e-09  9.048e-09 -2.937e-10 -4.828e-09 -4.999e-10 -4.268e-03  9.160e-09  2.605e-07 
  1.785e-02 -2.356e-09  1.715e-08 -3.123e-09  6.684e-09 -6.128e-10 -5.564e-03  2.395e-08  4.955e-08  2.779e-07 
 -6.190e-15 -2.102e-17  6.573e-17 -1.302e-18  2.222e-18 -6.509e-19  1.389e-10 -9.191e-16 -1.187e-15 -1.693e-15  6.838e-21 
 PARAMETER  CORRELATION COEFFICIENTS  
       NO.  GLOBAL      1      3      4      6     10     13     20     21     22     23     24
        1  0.36602   1.000 -0.128  0.069  0.048  0.041 -0.005 -0.236 -0.170  0.207  0.187 -0.000
        3  0.24578  -0.128  1.000  0.025  0.071  0.045 -0.014  0.144  0.138 -0.049 -0.053 -0.003
        4  0.26515   0.069  0.025  1.000 -0.201 -0.001 -0.018 -0.012  0.032  0.071  0.130  0.003
        6  0.25093   0.048  0.071 -0.201  1.000  0.068 -0.009 -0.017  0.038 -0.006 -0.067 -0.000
       10  0.23813   0.041  0.045 -0.001  0.068  1.000  0.005 -0.050  0.097 -0.107  0.144  0.000
       13  0.03732  -0.005 -0.014 -0.018 -0.009  0.005  1.000  0.002 -0.020 -0.012 -0.014 -0.000
       20  0.64747  -0.236  0.144 -0.012 -0.017 -0.050  0.002  1.000 -0.141 -0.415 -0.524  0.083
       21  0.30748  -0.170  0.138  0.032  0.038  0.097 -0.020 -0.141  1.000  0.034  0.087 -0.021
       22  0.45591   0.207 -0.049  0.071 -0.006 -0.107 -0.012 -0.415  0.034  1.000  0.184 -0.028
       23  0.55905   0.187 -0.053  0.130 -0.067  0.144 -0.014 -0.524  0.087  0.184  1.000 -0.039
       24  0.08735  -0.000 -0.003  0.003 -0.000  0.000 -0.000  0.083 -0.021 -0.028 -0.039  1.000
MINUIT - FIT ONLY 2-CBO
 **********
 **   25 **RES 
 **********
                   PARAMETER   16  beta_vw RESTORED TO VARIABLE.
                   PARAMETER   14  alpha_vw RESTORED TO VARIABLE.
                   PARAMETER   11  alpha_y RESTORED TO VARIABLE.
                   PARAMETER    9  alpha_2CBO RESTORED TO VARIABLE.
                   PARAMETER    8  beta_CBO RESTORED TO VARIABLE.
 **********
 **   26 **FIX            0
 **********
 PARAMETER    0  IS UNDEFINED. IGNORED.
 **********
 **   27 **FIX            1
 **********
 **********
 **   28 **FIX            2
 **********
 PARAMETER    2  IS CONSTANT.   IGNORED.
 **********
 **   29 **FIX            3
 **********
 **********
 **   30 **FIX            4
 **********
 **********
 **   31 **FIX            5
 **********
 PARAMETER    5  IS CONSTANT.   IGNORED.
 **********
 **   32 **FIX            6
 **********
 **********
 **   33 **FIX            7
 **********
 PARAMETER    7  IS CONSTANT.   IGNORED.
 **********
 **   34 **FIX           10
 **********
 **********
 **   35 **FIX           11
 **********
 **********
 **   36 **FIX           12
 **********
 PARAMETER   12  IS CONSTANT.   IGNORED.
 **********
 **   37 **FIX           13
 **********
 **********
 **   38 **FIX           14
 **********
 **********
 **   39 **FIX           15
 **********
 PARAMETER   15  IS CONSTANT.   IGNORED.
 **********
 **   40 **FIX           16
 **********
 **********
 **   41 **MIGRAD
 **********
 START MIGRAD MINIMIZATION.  STRATEGY  1.  CONVERGENCE WHEN EDM .LT. 1.00e-04
 FCN=7331.1 FROM MIGRAD    STATUS=INITIATE       18 CALLS        1019 TOTAL
                     EDM= unknown      STRATEGY= 1      NO ERROR MATRIX       
  EXT PARAMETER               CURRENT GUESS       STEP         FIRST   
  NO.   NAME      VALUE            ERROR          SIZE      DERIVATIVE 
   1  N0           2.79692e+06     fixed    
   2  tau          6.44140e+01   constant   
   3  A0           3.59763e-01     fixed    
   4  phi          4.11998e+00     fixed    
   5  R           -6.26390e+01   constant   
   6  alpha_CBO   -1.61406e-03     fixed    
   7  w_CBO        2.32500e+00   constant   
   8  beta_CBO     0.00000e+00   1.00000e-03   1.00000e-03   1.84099e+06
   9  alpha_2CBO   0.00000e+00   1.00000e-03   1.00000e-03   2.30121e+04
  10  beta_2CBO    4.07926e-04     fixed    
  11  alpha_y      0.00000e+00     fixed    
  12  w_y          1.38860e+01   constant   
  13  beta_y       2.92716e-03     fixed    
  14  alpha_vw     0.00000e+00     fixed    
  15  w_vw         1.43404e+01   constant   
  16  beta_vw      0.00000e+00     fixed    
  17  LM           3.79801e-04   constant   
  18  zeta_y       0.00000e+00   constant   
  19  zeta_vw      0.00000e+00   constant   
  20  T_CBO        1.38991e+02   2.01503e+01   1.85801e-03  -3.00751e-03
  21  alpha_A0     3.04802e-03   5.20798e-04   2.17641e-03  -3.19277e-02
  22  beta_A0      3.63669e-03   5.10180e-04   2.03861e-03   1.92572e-02
  23  alpha_phi    4.93787e-03   5.26798e-04   2.10064e-03  -2.47559e-02
  24  beta_phi    -9.99998e-03   9.50026e-04   1.83799e-02   2.05426e-02
 MIGRAD MINIMIZATION HAS CONVERGED.
 FCN=1198.74 FROM MIGRAD    STATUS=CONVERGED     142 CALLS        1143 TOTAL
                     EDM=4.64863e-06    STRATEGY= 1  ERROR MATRIX UNCERTAINTY   2.2 per cent
  EXT PARAMETER                                   STEP         FIRST   
  NO.   NAME      VALUE            ERROR          SIZE      DERIVATIVE 
   1  N0           2.79692e+06     fixed    
   2  tau          6.44140e+01   constant   
   3  A0           3.59763e-01     fixed    
   4  phi          4.11998e+00     fixed    
   5  R           -6.26390e+01   constant   
   6  alpha_CBO   -1.61406e-03     fixed    
   7  w_CBO        2.32500e+00   constant   
   8  beta_CBO    -6.66141e-03   8.44751e-05   5.00331e-07  -3.24312e+00
   9  alpha_2CBO  -4.45252e-05   8.51130e-05   1.54079e-07   1.21883e+01
  10  beta_2CBO    4.07926e-04     fixed    
  11  alpha_y      0.00000e+00     fixed    
  12  w_y          1.38860e+01   constant   
  13  beta_y       2.92716e-03     fixed    
  14  alpha_vw     0.00000e+00     fixed    
  15  w_vw         1.43404e+01   constant   
  16  beta_vw      0.00000e+00     fixed    
  17  LM           3.79801e-04   constant   
  18  zeta_y       0.00000e+00   constant   
  19  zeta_vw      0.00000e+00   constant   
  20  T_CBO        6.89105e+01   6.96610e+00  -7.89756e-05   1.07738e-01
  21  alpha_A0     4.20572e-03   5.89113e-04   6.59860e-04  -4.18307e-02
  22  beta_A0      6.65611e-04   5.91519e-04   3.73685e-04   2.05524e-02
  23  alpha_phi    6.19732e-03   7.09889e-04   1.07124e-03   2.82978e-02
  24  beta_phi    -1.00000e-02   9.43624e-04  -7.93908e-04** at limit **
 EXTERNAL ERROR MATRIX.    NDIM=  25    NPAR=  7    ERR DEF=1
  7.136e-09 -1.234e-10  2.970e-05  1.374e-10  3.059e-09 -1.015e-09 -5.312e-12 
 -1.234e-10  7.244e-09  6.926e-05 -2.556e-09 -5.629e-09 -6.354e-09 -5.425e-13 
  2.970e-05  6.926e-05  4.854e+01 -1.611e-03 -9.941e-04 -3.047e-03  4.936e-07 
  1.374e-10 -2.556e-09 -1.611e-03  3.475e-07  3.831e-08  2.038e-07 -9.166e-11 
  3.059e-09 -5.629e-09 -9.941e-04  3.831e-08  3.503e-07  7.960e-08 -4.599e-11 
 -1.015e-09 -6.354e-09 -3.047e-03  2.038e-07  7.960e-08  5.053e-07 -1.105e-10 
 -5.312e-12 -5.425e-13  4.936e-07 -9.166e-11 -4.599e-11 -1.105e-10  1.109e-11 
 PARAMETER  CORRELATION COEFFICIENTS  
       NO.  GLOBAL      8      9     20     21     22     23     24
        8  0.09704   1.000 -0.017  0.050  0.003  0.061 -0.017 -0.019
        9  0.15123  -0.017  1.000  0.117 -0.051 -0.112 -0.105 -0.002
       20  0.64017   0.050  0.117  1.000 -0.392 -0.241 -0.615  0.021
       21  0.50138   0.003 -0.051 -0.392  1.000  0.110  0.486 -0.047
       22  0.26976   0.061 -0.112 -0.241  0.110  1.000  0.189 -0.023
       23  0.67245  -0.017 -0.105 -0.615  0.486  0.189  1.000 -0.047
       24  0.06121  -0.019 -0.002  0.021 -0.047 -0.023 -0.047  1.000
MINUIT - FIT wiggle + 1-CBO + 2-CBO
 **********
 **   42 **RES 
 **********
                   PARAMETER   16  beta_vw RESTORED TO VARIABLE.
                   PARAMETER   14  alpha_vw RESTORED TO VARIABLE.
                   PARAMETER   13  beta_y RESTORED TO VARIABLE.
                   PARAMETER   11  alpha_y RESTORED TO VARIABLE.
                   PARAMETER   10  beta_2CBO RESTORED TO VARIABLE.
                   PARAMETER    6  alpha_CBO RESTORED TO VARIABLE.
                   PARAMETER    4  phi RESTORED TO VARIABLE.
                   PARAMETER    3  A0 RESTORED TO VARIABLE.
                   PARAMETER    1  N0 RESTORED TO VARIABLE.
 **********
 **   43 **FIX           10
 **********
 **********
 **   44 **FIX           11
 **********
 **********
 **   45 **FIX           12
 **********
 PARAMETER   12  IS CONSTANT.   IGNORED.
 **********
 **   46 **FIX           13
 **********
 **********
 **   47 **FIX           14
 **********
 **********
 **   48 **FIX           15
 **********
 PARAMETER   15  IS CONSTANT.   IGNORED.
 **********
 **   49 **FIX           16
 **********
 **********
 **   50 **MIGRAD
 **********
 START MIGRAD MINIMIZATION.  STRATEGY  1.  CONVERGENCE WHEN EDM .LT. 1.00e-04
 FCN=1198.74 FROM MIGRAD    STATUS=INITIATE       22 CALLS        1165 TOTAL
                     EDM= unknown      STRATEGY= 1      NO ERROR MATRIX       
  EXT PARAMETER               CURRENT GUESS       STEP         FIRST   
  NO.   NAME      VALUE            ERROR          SIZE      DERIVATIVE 
   1  N0           2.79692e+06   1.81021e+02   1.81021e+02   4.65991e-02
   2  tau          6.44140e+01   constant   
   3  A0           3.59763e-01   8.42746e-05   8.42746e-05   3.62877e+05
   4  phi          4.11998e+00   2.49747e-04   2.49747e-04   9.26058e+04
   5  R           -6.26390e+01   constant   
   6  alpha_CBO   -1.61406e-03   8.88233e-05   8.88233e-05   6.79868e+04
   7  w_CBO        2.32500e+00   constant   
   8  beta_CBO    -6.66141e-03   8.44751e-05   5.00331e-07  -3.24313e+00
   9  alpha_2CBO  -4.45252e-05   8.51130e-05   1.54079e-07   1.21883e+01
  10  beta_2CBO    4.07926e-04     fixed    
  11  alpha_y      0.00000e+00     fixed    
  12  w_y          1.38860e+01   constant   
  13  beta_y       2.92716e-03     fixed    
  14  alpha_vw     0.00000e+00     fixed    
  15  w_vw         1.43404e+01   constant   
  16  beta_vw      0.00000e+00     fixed    
  17  LM           3.79801e-04   constant   
  18  zeta_y       0.00000e+00   constant   
  19  zeta_vw      0.00000e+00   constant   
  20  T_CBO        6.89105e+01   6.96610e+00  -7.89756e-05   1.07739e-01
  21  alpha_A0     4.20572e-03   5.89113e-04   6.59860e-04  -4.18309e-02
  22  beta_A0      6.65611e-04   5.91519e-04   3.73685e-04   2.05523e-02
  23  alpha_phi    6.19732e-03   7.09889e-04   1.07124e-03   2.82972e-02
  24  beta_phi    -1.00000e-02   9.43624e-04  -7.93908e-04** at limit **
 MIGRAD MINIMIZATION HAS CONVERGED.
 FCN=786.085 FROM MIGRAD    STATUS=CONVERGED     190 CALLS        1333 TOTAL
                     EDM=6.34387e-07    STRATEGY= 1  ERROR MATRIX UNCERTAINTY   1.4 per cent
  EXT PARAMETER                                   STEP         FIRST   
  NO.   NAME      VALUE            ERROR          SIZE      DERIVATIVE 
   1  N0           2.79629e+06   1.66717e+02  -2.50239e-01   4.28316e-07
   2  tau          6.44140e+01   constant   
   3  A0           3.58396e-01   8.69859e-05   1.23880e-07  -8.43775e+00
   4  phi          4.11686e+00   2.47398e-04   3.02643e-07   4.26296e+00
   5  R           -6.26390e+01   constant   
   6  alpha_CBO   -1.78890e-03   8.43953e-05   1.17639e-07   6.77061e-01
   7  w_CBO        2.32500e+00   constant   
   8  beta_CBO    -7.11215e-03   8.79613e-05   5.81503e-08  -4.64572e+00
   9  alpha_2CBO   5.87110e-06   8.67751e-05   1.69663e-07   7.87681e+00
  10  beta_2CBO    4.07926e-04     fixed    
  11  alpha_y      0.00000e+00     fixed    
  12  w_y          1.38860e+01   constant   
  13  beta_y       2.92716e-03     fixed    
  14  alpha_vw     0.00000e+00     fixed    
  15  w_vw         1.43404e+01   constant   
  16  beta_vw      0.00000e+00     fixed    
  17  LM           3.79801e-04   constant   
  18  zeta_y       0.00000e+00   constant   
  19  zeta_vw      0.00000e+00   constant   
  20  T_CBO        6.06286e+01   5.89736e+00   8.33558e-05  -1.10276e-02
  21  alpha_A0     2.87656e-03   7.53478e-04   1.61461e-04  -5.14943e-03
  22  beta_A0     -9.69521e-04   6.89289e-04   1.46236e-04   1.53929e-03
  23  alpha_phi    5.18449e-03   8.04049e-04  -3.26747e-05  -3.94172e-03
  24  beta_phi    -1.00000e-02   1.93299e-03   5.64075e-06** at limit **
 EXTERNAL ERROR MATRIX.    NDIM=  25    NPAR= 11    ERR DEF=1
  2.779e+04 
 -1.011e-03  7.567e-09 
  2.679e-03  1.137e-09  6.121e-08 
  4.847e-04  1.016e-10 -2.023e-09  7.123e-09 
  4.033e-04  1.585e-09  3.547e-09  1.424e-10  7.737e-09 
 -6.997e-04  5.726e-11 -2.064e-09  6.317e-10 -3.030e-10  7.530e-09 
 -2.336e+02  9.403e-05 -7.029e-05  6.816e-06  4.767e-05  4.280e-05  3.479e+01 
 -3.636e-03  4.104e-09  2.077e-08  4.915e-10  3.506e-09 -8.012e-09 -6.800e-04  5.689e-07 
 -2.018e-04  6.015e-09  1.687e-08 -4.003e-09  4.960e-09 -7.890e-09 -1.842e-05  5.269e-08  4.759e-07 
  2.411e-02 -4.481e-10  1.904e-08 -4.326e-09 -1.344e-10 -2.559e-09 -2.443e-03  6.725e-08 -1.028e-08  6.484e-07 
  1.280e-08  7.488e-16  2.050e-14  1.411e-15  6.279e-16 -9.085e-16 -1.129e-09  1.408e-13  6.355e-14  2.295e-13  9.608e-15 
 PARAMETER  CORRELATION COEFFICIENTS  
       NO.  GLOBAL      1      3      4      6      8      9     20     21     22     23     24
        1  0.27470   1.000 -0.070  0.065  0.034  0.028 -0.048 -0.238 -0.029 -0.002  0.180  0.001
        3  0.30548  -0.070  1.000  0.053  0.014  0.207  0.008  0.183  0.063  0.100 -0.006  0.000
        4  0.25494   0.065  0.053  1.000 -0.097  0.163 -0.096 -0.048  0.111  0.099  0.096  0.001
        6  0.16613   0.034  0.014 -0.097  1.000  0.019  0.086  0.014  0.008 -0.069 -0.064  0.000
        8  0.27920   0.028  0.207  0.163  0.019  1.000 -0.040  0.092  0.053  0.082 -0.002  0.000
        9  0.21560  -0.048  0.008 -0.096  0.086 -0.040  1.000  0.084 -0.122 -0.132 -0.037 -0.000
       20  0.57935  -0.238  0.183 -0.048  0.014  0.092  0.084  1.000 -0.153 -0.005 -0.514 -0.002
       21  0.25493  -0.029  0.063  0.111  0.008  0.053 -0.122 -0.153  1.000  0.101  0.111  0.002
       22  0.21566  -0.002  0.100  0.099 -0.069  0.082 -0.132 -0.005  0.101  1.000 -0.019  0.001
       23  0.53489   0.180 -0.006  0.096 -0.064 -0.002 -0.037 -0.514  0.111 -0.019  1.000  0.003
       24  0.00350   0.001  0.000  0.001  0.000  0.000 -0.000 -0.002  0.002  0.001  0.003  1.000
MINUIT - FIT ONLY 1-y
 **********
 **   51 **RES 
 **********
                   PARAMETER   16  beta_vw RESTORED TO VARIABLE.
                   PARAMETER   14  alpha_vw RESTORED TO VARIABLE.
                   PARAMETER   13  beta_y RESTORED TO VARIABLE.
                   PARAMETER   11  alpha_y RESTORED TO VARIABLE.
                   PARAMETER   10  beta_2CBO RESTORED TO VARIABLE.
 **********
 **   52 **FIX            0
 **********
 PARAMETER    0  IS UNDEFINED. IGNORED.
 **********
 **   53 **FIX            1
 **********
 **********
 **   54 **FIX            2
 **********
 PARAMETER    2  IS CONSTANT.   IGNORED.
 **********
 **   55 **FIX            3
 **********
 **********
 **   56 **FIX            4
 **********
 **********
 **   57 **FIX            5
 **********
 PARAMETER    5  IS CONSTANT.   IGNORED.
 **********
 **   58 **FIX            6
 **********
 **********
 **   59 **FIX            7
 **********
 PARAMETER    7  IS CONSTANT.   IGNORED.
 **********
 **   60 **FIX            8
 **********
 **********
 **   61 **FIX            9
 **********
 **********
 **   62 **FIX           13
 **********
 **********
 **   63 **FIX           14
 **********
 **********
 **   64 **FIX           15
 **********
 PARAMETER   15  IS CONSTANT.   IGNORED.
 **********
 **   65 **FIX           16
 **********
 **********
 **   66 **MIGRAD
 **********
 START MIGRAD MINIMIZATION.  STRATEGY  1.  CONVERGENCE WHEN EDM .LT. 1.00e-04
 FCN=786.085 FROM MIGRAD    STATUS=INITIATE       16 CALLS        1349 TOTAL
                     EDM= unknown      STRATEGY= 1      NO ERROR MATRIX       
  EXT PARAMETER               CURRENT GUESS       STEP         FIRST   
  NO.   NAME      VALUE            ERROR          SIZE      DERIVATIVE 
   1  N0           2.79629e+06     fixed    
   2  tau          6.44140e+01   constant   
   3  A0           3.58396e-01     fixed    
   4  phi          4.11686e+00     fixed    
   5  R           -6.26390e+01   constant   
   6  alpha_CBO   -1.78890e-03     fixed    
   7  w_CBO        2.32500e+00   constant   
   8  beta_CBO    -7.11215e-03     fixed    
   9  alpha_2CBO   5.87110e-06     fixed    
  10  beta_2CBO    4.07926e-04   8.81127e-05   8.81127e-05   1.08710e+05
  11  alpha_y      0.00000e+00   1.00000e-03   1.00000e-03   3.57701e+05
  12  w_y          1.38860e+01   constant   
  13  beta_y       2.92716e-03     fixed    
  14  alpha_vw     0.00000e+00     fixed    
  15  w_vw         1.43404e+01   constant   
  16  beta_vw      0.00000e+00     fixed    
  17  LM           3.79801e-04   constant   
  18  zeta_y       0.00000e+00   constant   
  19  zeta_vw      0.00000e+00   constant   
  20  T_CBO        6.06286e+01   5.89736e+00   8.33558e-05  -1.33217e-02
  21  alpha_A0     2.87656e-03   7.53478e-04   1.61461e-04  -5.11551e-03
  22  beta_A0     -9.69521e-04   6.89289e-04   1.46236e-04   1.48732e-03
  23  alpha_phi    5.18449e-03   8.04049e-04  -3.26747e-05  -3.97336e-03
  24  beta_phi    -9.99998e-03   1.93299e-03   5.64075e-06   4.83367e-03
 MIGRAD MINIMIZATION HAS CONVERGED.
 MIGRAD WILL VERIFY CONVERGENCE AND ERROR MATRIX.
 COVARIANCE MATRIX CALCULATED SUCCESSFULLY
 FCN=529.583 FROM MIGRAD    STATUS=CONVERGED     149 CALLS        1482 TOTAL
                     EDM=7.9878e-06    STRATEGY= 1      ERROR MATRIX ACCURATE 
  EXT PARAMETER                                   STEP         FIRST   
  NO.   NAME      VALUE            ERROR          SIZE      DERIVATIVE 
   1  N0           2.79629e+06     fixed    
   2  tau          6.44140e+01   constant   
   3  A0           3.58396e-01     fixed    
   4  phi          4.11686e+00     fixed    
   5  R           -6.26390e+01   constant   
   6  alpha_CBO   -1.78890e-03     fixed    
   7  w_CBO        2.32500e+00   constant   
   8  beta_CBO    -7.11215e-03     fixed    
   9  alpha_2CBO   5.87110e-06     fixed    
  10  beta_2CBO    4.85818e-06   8.77819e-05   9.62820e-07   2.38439e+00
  11  alpha_y     -1.31155e-03   8.57927e-05   9.64514e-07   2.58918e+01
  12  w_y          1.38860e+01   constant   
  13  beta_y       2.92716e-03     fixed    
  14  alpha_vw     0.00000e+00     fixed    
  15  w_vw         1.43404e+01   constant   
  16  beta_vw      0.00000e+00     fixed    
  17  LM           3.79801e-04   constant   
  18  zeta_y       0.00000e+00   constant   
  19  zeta_vw      0.00000e+00   constant   
  20  T_CBO        6.22304e+01   5.84153e+00   2.35938e-04  -2.61592e-02
  21  alpha_A0     2.45801e-03   7.62482e-04   8.68112e-04   1.46412e-02
  22  beta_A0     -7.54777e-04   6.92471e-04   7.72261e-04   4.23140e-02
  23  alpha_phi    4.72751e-03   7.58999e-04   8.43620e-04   3.17481e-03
  24  beta_phi    -1.00000e-02   3.50399e-03   9.30599e-03** at limit **
 EXTERNAL ERROR MATRIX.    NDIM=  25    NPAR=  7    ERR DEF=1
  7.706e-09 -8.842e-11 -2.466e-05  6.484e-09 -9.085e-09  9.777e-09  1.283e-14 
 -8.842e-11  7.360e-09 -1.564e-06  3.388e-10  1.581e-09 -4.714e-10 -2.529e-15 
 -2.466e-05 -1.564e-06  3.413e+01 -7.974e-04  6.329e-05 -2.115e-03  2.085e-07 
  6.484e-09  3.388e-10 -7.974e-04  5.826e-07 -4.409e-09  6.318e-08 -6.074e-12 
 -9.085e-09  1.581e-09  6.329e-05 -4.409e-09  4.803e-07 -3.363e-08  1.795e-12 
  9.777e-09 -4.714e-10 -2.115e-03  6.318e-08 -3.363e-08  5.775e-07 -1.172e-11 
  1.283e-14 -2.529e-15  2.085e-07 -6.074e-12  1.795e-12 -1.172e-11  3.773e-13 
 PARAMETER  CORRELATION COEFFICIENTS  
       NO.  GLOBAL     10     11     20     21     22     23     24
       10  0.22133   1.000 -0.012 -0.048  0.097 -0.149  0.147  0.000
       11  0.02947  -0.012  1.000 -0.003  0.005  0.027 -0.007 -0.000
       20  0.49645  -0.048 -0.003  1.000 -0.179  0.016 -0.476  0.058
       21  0.20025   0.097  0.005 -0.179  1.000 -0.008  0.109 -0.013
       22  0.15799  -0.149  0.027  0.016 -0.008  1.000 -0.064  0.004
       23  0.49395   0.147 -0.007 -0.476  0.109 -0.064  1.000 -0.025
       24  0.05843   0.000 -0.000  0.058 -0.013  0.004 -0.025  1.000
MINUIT - FIT ONLY 2-y
 **********
 **   67 **RES 
 **********
                   PARAMETER   16  beta_vw RESTORED TO VARIABLE.
                   PARAMETER   14  alpha_vw RESTORED TO VARIABLE.
                   PARAMETER   13  beta_y RESTORED TO VARIABLE.
                   PARAMETER    9  alpha_2CBO RESTORED TO VARIABLE.
                   PARAMETER    8  beta_CBO RESTORED TO VARIABLE.
                   PARAMETER    6  alpha_CBO RESTORED TO VARIABLE.
                   PARAMETER    4  phi RESTORED TO VARIABLE.
                   PARAMETER    3  A0 RESTORED TO VARIABLE.
                   PARAMETER    1  N0 RESTORED TO VARIABLE.
 **********
 **   68 **FIX            0
 **********
 PARAMETER    0  IS UNDEFINED. IGNORED.
 **********
 **   69 **FIX            1
 **********
 **********
 **   70 **FIX            2
 **********
 PARAMETER    2  IS CONSTANT.   IGNORED.
 **********
 **   71 **FIX            3
 **********
 **********
 **   72 **FIX            4
 **********
 **********
 **   73 **FIX            5
 **********
 PARAMETER    5  IS CONSTANT.   IGNORED.
 **********
 **   74 **FIX            6
 **********
 **********
 **   75 **FIX            7
 **********
 PARAMETER    7  IS CONSTANT.   IGNORED.
 **********
 **   76 **FIX            8
 **********
 **********
 **   77 **FIX            9
 **********
 **********
 **   78 **FIX           10
 **********
 **********
 **   79 **FIX           11
 **********
 **********
 **   80 **FIX           12
 **********
 PARAMETER   12  IS CONSTANT.   IGNORED.
 **********
 **   81 **FIX           16
 **********
 **********
 **   82 **MIGRAD
 **********
 START MIGRAD MINIMIZATION.  STRATEGY  1.  CONVERGENCE WHEN EDM .LT. 1.00e-04
 FCN=529.583 FROM MIGRAD    STATUS=INITIATE       16 CALLS        1498 TOTAL
                     EDM= unknown      STRATEGY= 1      NO ERROR MATRIX       
  EXT PARAMETER               CURRENT GUESS       STEP         FIRST   
  NO.   NAME      VALUE            ERROR          SIZE      DERIVATIVE 
   1  N0           2.79629e+06     fixed    
   2  tau          6.44140e+01   constant   
   3  A0           3.58396e-01     fixed    
   4  phi          4.11686e+00     fixed    
   5  R           -6.26390e+01   constant   
   6  alpha_CBO   -1.78890e-03     fixed    
   7  w_CBO        2.32500e+00   constant   
   8  beta_CBO    -7.11215e-03     fixed    
   9  alpha_2CBO   5.87110e-06     fixed    
  10  beta_2CBO    4.85818e-06     fixed    
  11  alpha_y     -1.31155e-03     fixed    
  12  w_y          1.38860e+01   constant   
  13  beta_y       2.92716e-03   8.46672e-05   8.46672e-05   2.58583e+03
  14  alpha_vw     0.00000e+00   1.00000e-03   1.00000e-03  -3.73144e+05
  15  w_vw         1.43404e+01   constant   
  16  beta_vw      0.00000e+00     fixed    
  17  LM           3.79801e-04   constant   
  18  zeta_y       0.00000e+00   constant   
  19  zeta_vw      0.00000e+00   constant   
  20  T_CBO        6.22304e+01   5.84153e+00   2.35938e-04  -2.88203e-02
  21  alpha_A0     2.45801e-03   7.62482e-04   8.68112e-04   1.46462e-02
  22  beta_A0     -7.54777e-04   6.92471e-04   7.72261e-04   4.22693e-02
  23  alpha_phi    4.72751e-03   7.58999e-04   8.43620e-04   3.07547e-03
  24  beta_phi    -9.99998e-03   3.50399e-03   9.30599e-03   5.27599e-03
 MIGRAD MINIMIZATION HAS CONVERGED.
 MIGRAD WILL VERIFY CONVERGENCE AND ERROR MATRIX.
 COVARIANCE MATRIX CALCULATED SUCCESSFULLY
 FCN=261.347 FROM MIGRAD    STATUS=CONVERGED     147 CALLS        1629 TOTAL
                     EDM=1.53623e-06    STRATEGY= 1      ERROR MATRIX ACCURATE 
  EXT PARAMETER                                   STEP         FIRST   
  NO.   NAME      VALUE            ERROR          SIZE      DERIVATIVE 
   1  N0           2.79629e+06     fixed    
   2  tau          6.44140e+01   constant   
   3  A0           3.58396e-01     fixed    
   4  phi          4.11686e+00     fixed    
   5  R           -6.26390e+01   constant   
   6  alpha_CBO   -1.78890e-03     fixed    
   7  w_CBO        2.32500e+00   constant   
   8  beta_CBO    -7.11215e-03     fixed    
   9  alpha_2CBO   5.87110e-06     fixed    
  10  beta_2CBO    4.85818e-06     fixed    
  11  alpha_y     -1.31155e-03     fixed    
  12  w_y          1.38860e+01   constant   
  13  beta_y       3.27523e-03   8.74041e-05   6.69167e-07  -3.52974e+00
  14  alpha_vw     1.44017e-03   8.79334e-05   6.73242e-07   1.32161e+01
  15  w_vw         1.43404e+01   constant   
  16  beta_vw      0.00000e+00     fixed    
  17  LM           3.79801e-04   constant   
  18  zeta_y       0.00000e+00   constant   
  19  zeta_vw      0.00000e+00   constant   
  20  T_CBO        6.22033e+01   5.82976e+00   1.67119e-04   1.04469e-02
  21  alpha_A0     2.37385e-03   7.58567e-04   6.09284e-04  -7.27445e-03
  22  beta_A0     -5.48731e-04   6.84877e-04   5.42446e-04  -1.57142e-02
  23  alpha_phi    4.55599e-03   7.46020e-04   5.87424e-04   7.67943e-03
  24  beta_phi    -1.00000e-02   2.98175e-03   6.07768e-03** at limit **
 EXTERNAL ERROR MATRIX.    NDIM=  25    NPAR=  7    ERR DEF=1
  7.639e-09  1.919e-09  8.702e-07 -1.342e-09 -2.607e-10 -1.003e-09 -9.578e-16 
  1.919e-09  7.732e-09 -2.999e-07 -4.722e-10  1.123e-09 -9.097e-10 -8.784e-16 
  8.702e-07 -2.999e-07  3.399e+01 -7.507e-04 -5.517e-05 -2.018e-03  5.279e-08 
 -1.342e-09 -4.722e-10 -7.507e-04  5.766e-07  5.173e-09  5.217e-08 -1.503e-12 
 -2.607e-10  1.123e-09 -5.517e-05  5.173e-09  4.698e-07 -1.672e-08  3.213e-13 
 -1.003e-09 -9.097e-10 -2.018e-03  5.217e-08 -1.672e-08  5.579e-07 -2.874e-12 
 -9.578e-16 -8.784e-16  5.279e-08 -1.503e-12  3.213e-13 -2.874e-12  7.106e-14 
 PARAMETER  CORRELATION COEFFICIENTS  
       NO.  GLOBAL     13     14     20     21     22     23     24
       13  0.25078   1.000  0.250  0.002 -0.020 -0.004 -0.015 -0.000
       14  0.25066   0.250  1.000 -0.001 -0.007  0.019 -0.014 -0.000
       20  0.48231   0.002 -0.001  1.000 -0.170 -0.014 -0.463  0.034
       21  0.17159  -0.020 -0.007 -0.170  1.000  0.010  0.092 -0.007
       22  0.05125  -0.004  0.019 -0.014  0.010  1.000 -0.033  0.002
       23  0.46568  -0.015 -0.014 -0.463  0.092 -0.033  1.000 -0.014
       24  0.03412  -0.000 -0.000  0.034 -0.007  0.002 -0.014  1.000
MINUIT - FIT ALTOGETHER
 **********
 **   83 **RES 
 **********
                   PARAMETER   16  beta_vw RESTORED TO VARIABLE.
