 + ++++++++++++++++++++++++++++++++++++++++++++++++++++++++++++++++++++ +
 +                                                                      +
 +           You have chose to blind your fitting according to          +
 +                omega_ref * (1 + (R +/- deltaR) *10^{-6})             +
 +                                                                      +
 + ++++++++++++++++++++++++++++++++++++++++++++++++++++++++++++++++++++ +
In main()...
reading format from /gm2data/zkhechad/run45/envelope/formats/formatB_sBin_constraintOn.txt
pBinTau 	= 0  
pBinPhi 	= 0  
constraintau 	= 1 
includeMopTerm 	= 0    
constrainMop    = 0   
Parameters after format file: pBinTau 0 pBinPhi 0 constraintau 1 includeMopTerm 0 constrainMop 0 c_e_scale 0.000000 
Opening file /gm2data/tbarrett/gm2fr/studies/run23_bunch_corrections/CorrectedFourier_Run3b.root.
reading full fit data from /gm2data/zkhechad/cboTemplates/Run4CBOTemplates/fullFits/noRF/sBin_constraintOn_cE0.0_seed0_noRF_calo16.root
windowBins = 69
fitting sliding window 840 from bin 976 at 145.470000 to bin 1045 at 155.914000 (69 bins)

Reading data from /gm2data/cornell/histograms/aMethod/histogram_a_noRF.root
 **********
 **    1 **SET PRINTOUT            1
 **********
 **********
 **    2 **SET NOWARNINGS 
 **********
 PARAMETER DEFINITIONS:
    NO.   NAME         VALUE      STEP SIZE      LIMITS
     1 N0           3.09937e+06  1.00000e+02     no limits
     2 tau          6.44027e+01  constant
     3 A0           3.49546e-01  1.00000e-04     no limits
     4 phi          4.11716e+00  1.00000e-02     no limits
     5 R           -6.26367e+01  constant
     6 alpha_CBO    0.00000e+00  1.00000e-03     no limits
     7 w_CBO        2.32500e+00  constant
     8 beta_CBO     0.00000e+00  1.00000e-03     no limits
     9 alpha_2CBO   0.00000e+00  1.00000e-03     no limits
    10 beta_2CBO    0.00000e+00  1.00000e-03     no limits
    11 alpha_y      0.00000e+00  1.00000e-03     no limits
    12 w_y          1.38860e+01  constant
    13 beta_y       0.00000e+00  1.00000e-03     no limits
    14 alpha_vw     0.00000e+00  1.00000e-03     no limits
    15 w_vw         1.43404e+01  constant
    16 beta_vw      0.00000e+00  1.00000e-03     no limits
    17 LM          -1.31878e-04  constant
    18 zeta_y       0.00000e+00  constant
    19 zeta_vw      0.00000e+00  constant
    20 T_CBO        1.00000e+02  1.00000e+00    0.00000e+00  1.00000e+03
    21 alpha_A0     0.00000e+00  1.00000e-04   -1.00000e-02  1.00000e-02
    22 beta_A0      0.00000e+00  1.00000e-04   -1.00000e-02  1.00000e-02
    23 alpha_phi    0.00000e+00  1.00000e-04   -1.00000e-02  1.00000e-02
    24 beta_phi     0.00000e+00  1.00000e-04   -1.00000e-02  1.00000e-02
MINUIT - FIT ONLY WIGGLE
 **********
 **    3 **FIX            5
 **********
 PARAMETER    5  IS CONSTANT.   IGNORED.
 **********
 **    4 **FIX            6
 **********
 **********
 **    5 **FIX            7
 **********
 PARAMETER    7  IS CONSTANT.   IGNORED.
 **********
 **    6 **FIX            8
 **********
 **********
 **    7 **FIX            9
 **********
 **********
 **    8 **FIX           10
 **********
 **********
 **    9 **FIX           11
 **********
 **********
 **   10 **FIX           12
 **********
 PARAMETER   12  IS CONSTANT.   IGNORED.
 **********
 **   11 **FIX           13
 **********
 **********
 **   12 **FIX           14
 **********
 **********
 **   13 **FIX           15
 **********
 PARAMETER   15  IS CONSTANT.   IGNORED.
 **********
 **   14 **FIX           16
 **********
 **********
 **   15 **MIGRAD
 **********
 FIRST CALL TO USER FUNCTION AT NEW START POINT, WITH IFLAG=4.
 START MIGRAD MINIMIZATION.  STRATEGY  1.  CONVERGENCE WHEN EDM .LT. 1.00e-04
 FCN=617.071 FROM MIGRAD    STATUS=INITIATE      437 CALLS         438 TOTAL
                     EDM= unknown      STRATEGY= 1      NO ERROR MATRIX       
  EXT PARAMETER               CURRENT GUESS       STEP         FIRST   
  NO.   NAME      VALUE            ERROR          SIZE      DERIVATIVE 
   1  N0           3.09937e+06   1.00000e+02   0.00000e+00  -1.08945e-02
   2  tau          6.44027e+01   constant   
   3  A0           3.49546e-01   1.00000e-04   0.00000e+00  -1.00121e+04
   4  phi          4.11716e+00   1.00000e-02   0.00000e+00   2.03504e+04
   5  R           -6.26367e+01   constant   
   6  alpha_CBO    0.00000e+00     fixed    
   7  w_CBO        2.32500e+00   constant   
   8  beta_CBO     0.00000e+00     fixed    
   9  alpha_2CBO   0.00000e+00     fixed    
  10  beta_2CBO    0.00000e+00     fixed    
  11  alpha_y      0.00000e+00     fixed    
  12  w_y          1.38860e+01   constant   
  13  beta_y       0.00000e+00     fixed    
  14  alpha_vw     0.00000e+00     fixed    
  15  w_vw         1.43404e+01   constant   
  16  beta_vw      0.00000e+00     fixed    
  17  LM          -1.31878e-04   constant   
  18  zeta_y       0.00000e+00   constant   
  19  zeta_vw      0.00000e+00   constant   
  20  T_CBO        1.00000e+02   1.00000e+00   0.00000e+00   0.00000e+00
  21  alpha_A0     0.00000e+00   1.00000e-04   0.00000e+00  -2.19252e-01
  22  beta_A0      0.00000e+00   1.00000e-04   0.00000e+00   7.41861e+00
  23  alpha_phi    0.00000e+00   1.00000e-04   0.00000e+00   3.27532e+00
  24  beta_phi     0.00000e+00   1.00000e-04   0.00000e+00  -3.13067e+01
 MIGRAD MINIMIZATION HAS CONVERGED.
 FCN=551.875 FROM MIGRAD    STATUS=CONVERGED     671 CALLS         672 TOTAL
                     EDM=2.41942e-06    STRATEGY= 1  ERROR MATRIX UNCERTAINTY   1.1 per cent
  EXT PARAMETER                                   STEP         FIRST   
  NO.   NAME      VALUE            ERROR          SIZE      DERIVATIVE 
   1  N0           3.09958e+06   4.37793e+02   7.55832e-01   3.27947e-06
   2  tau          6.44027e+01   constant   
   3  A0           3.49665e-01   1.85346e-04  -3.18213e-08   7.13195e+00
   4  phi          4.11399e+00   5.48069e-04  -3.82878e-07  -1.68588e+00
   5  R           -6.26367e+01   constant   
   6  alpha_CBO    0.00000e+00     fixed    
   7  w_CBO        2.32500e+00   constant   
   8  beta_CBO     0.00000e+00     fixed    
   9  alpha_2CBO   0.00000e+00     fixed    
  10  beta_2CBO    0.00000e+00     fixed    
  11  alpha_y      0.00000e+00     fixed    
  12  w_y          1.38860e+01   constant   
  13  beta_y       0.00000e+00     fixed    
  14  alpha_vw     0.00000e+00     fixed    
  15  w_vw         1.43404e+01   constant   
  16  beta_vw      0.00000e+00     fixed    
  17  LM          -1.31878e-04   constant   
  18  zeta_y       0.00000e+00   constant   
  19  zeta_vw      0.00000e+00   constant   
  20  T_CBO        1.67081e+02   3.29093e+01   1.70083e-04  -1.02895e-02
  21  alpha_A0     7.76677e-04   1.76411e-03  -2.45852e-04  -4.38961e-03
  22  beta_A0     -2.60128e-03   1.98538e-03  -2.21260e-04  -5.11714e-03
  23  alpha_phi   -1.56125e-03   1.87723e-03  -2.24028e-04  -5.82742e-03
  24  beta_phi     9.99999e-03   1.41486e-02  -6.22209e-03   1.10200e-03
 EXTERNAL ERROR MATRIX.    NDIM=  25    NPAR=  8    ERR DEF=1
  1.917e+05 -8.792e-03  3.885e-02 -1.617e+03  1.417e-01  1.503e-01  1.882e-01 -7.766e-05 
 -8.792e-03  3.435e-08  3.057e-09 -1.761e-04  2.694e-09 -5.111e-08 -5.723e-08 -8.691e-11 
  3.885e-02  3.057e-09  3.004e-07 -2.630e-03  1.621e-08 -9.229e-09  1.603e-08  5.638e-11 
 -1.617e+03 -1.761e-04 -2.630e-03  1.086e+03 -3.100e-03  1.446e-02  6.218e-03  2.530e-05 
  1.417e-01  2.694e-09  1.621e-08 -3.100e-03  3.145e-06  1.735e-07  1.888e-07  3.689e-10 
  1.503e-01 -5.111e-08 -9.229e-09  1.446e-02  1.735e-07  3.999e-06  5.334e-07  1.106e-09 
  1.882e-01 -5.723e-08  1.603e-08  6.218e-03  1.888e-07  5.334e-07  3.567e-06  1.069e-09 
 -7.766e-05 -8.691e-11  5.638e-11  2.530e-05  3.689e-10  1.106e-09  1.069e-09  2.469e-10 
 PARAMETER  CORRELATION COEFFICIENTS  
       NO.  GLOBAL      1      3      4     20     21     22     23     24
        1  0.38231   1.000 -0.108  0.162 -0.112  0.182  0.172  0.228 -0.011
        3  0.21637  -0.108  1.000  0.030 -0.029  0.008 -0.138 -0.163 -0.030
        4  0.21238   0.162  0.030  1.000 -0.146  0.017 -0.008  0.015  0.007
       20  0.31475  -0.112 -0.029 -0.146  1.000 -0.053  0.219  0.100  0.049
       21  0.19258   0.182  0.008  0.017 -0.053  1.000  0.049  0.056  0.013
       22  0.32249   0.172 -0.138 -0.008  0.219  0.049  1.000  0.141  0.035
       23  0.30104   0.228 -0.163  0.015  0.100  0.056  0.141  1.000  0.036
       24  0.07207  -0.011 -0.030  0.007  0.049  0.013  0.035  0.036  1.000
MINUIT - FIT ONLY 1-CBO + wiggle
 **********
 **   16 **RES 
 **********
                   PARAMETER   16  beta_vw RESTORED TO VARIABLE.
                   PARAMETER   14  alpha_vw RESTORED TO VARIABLE.
                   PARAMETER   13  beta_y RESTORED TO VARIABLE.
                   PARAMETER   11  alpha_y RESTORED TO VARIABLE.
                   PARAMETER   10  beta_2CBO RESTORED TO VARIABLE.
                   PARAMETER    9  alpha_2CBO RESTORED TO VARIABLE.
                   PARAMETER    8  beta_CBO RESTORED TO VARIABLE.
                   PARAMETER    6  alpha_CBO RESTORED TO VARIABLE.
 **********
 **   17 **FIX            8
 **********
 **********
 **   18 **FIX            9
 **********
 **********
 **   19 **FIX           11
 **********
 **********
 **   20 **FIX           12
 **********
 PARAMETER   12  IS CONSTANT.   IGNORED.
 **********
 **   21 **FIX           14
 **********
 **********
 **   22 **FIX           15
 **********
 PARAMETER   15  IS CONSTANT.   IGNORED.
 **********
 **   23 **FIX           16
 **********
 **********
 **   24 **MIGRAD
 **********
 START MIGRAD MINIMIZATION.  STRATEGY  1.  CONVERGENCE WHEN EDM .LT. 1.00e-04
 FCN=551.875 FROM MIGRAD    STATUS=INITIATE       28 CALLS         700 TOTAL
                     EDM= unknown      STRATEGY= 1      NO ERROR MATRIX       
  EXT PARAMETER               CURRENT GUESS       STEP         FIRST   
  NO.   NAME      VALUE            ERROR          SIZE      DERIVATIVE 
   1  N0           3.09958e+06   4.37793e+02   7.55832e-01   3.27947e-06
   2  tau          6.44027e+01   constant   
   3  A0           3.49665e-01   1.85346e-04  -3.18213e-08   7.13195e+00
   4  phi          4.11399e+00   5.48069e-04  -3.82878e-07  -1.68588e+00
   5  R           -6.26367e+01   constant   
   6  alpha_CBO    0.00000e+00   1.00000e-03   1.00000e-03  -3.63315e+04
   7  w_CBO        2.32500e+00   constant   
   8  beta_CBO     0.00000e+00     fixed    
   9  alpha_2CBO   0.00000e+00     fixed    
  10  beta_2CBO    0.00000e+00   1.00000e-03   1.00000e-03   2.25438e+04
  11  alpha_y      0.00000e+00     fixed    
  12  w_y          1.38860e+01   constant   
  13  beta_y       0.00000e+00   1.00000e-03   1.00000e-03   1.13012e+04
  14  alpha_vw     0.00000e+00     fixed    
  15  w_vw         1.43404e+01   constant   
  16  beta_vw      0.00000e+00     fixed    
  17  LM          -1.31878e-04   constant   
  18  zeta_y       0.00000e+00   constant   
  19  zeta_vw      0.00000e+00   constant   
  20  T_CBO        1.67081e+02   3.29093e+01   1.70083e-04  -1.02899e-02
  21  alpha_A0     7.76677e-04   1.76411e-03  -2.45852e-04  -4.38961e-03
  22  beta_A0     -2.60128e-03   1.98538e-03  -2.21260e-04  -5.11713e-03
  23  alpha_phi   -1.56125e-03   1.87723e-03  -2.24028e-04  -5.82743e-03
  24  beta_phi     9.99999e-03   1.41486e-02  -6.22209e-03  -1.10227e-03
 MIGRAD MINIMIZATION HAS CONVERGED.
 FCN=533.255 FROM MIGRAD    STATUS=CONVERGED     172 CALLS         844 TOTAL
                     EDM=3.64562e-06    STRATEGY= 1  ERROR MATRIX UNCERTAINTY   2.6 per cent
  EXT PARAMETER                                   STEP         FIRST   
  NO.   NAME      VALUE            ERROR          SIZE      DERIVATIVE 
   1  N0           3.09962e+06   4.35196e+02  -3.50373e-01   2.79219e-06
   2  tau          6.44027e+01   constant   
   3  A0           3.49828e-01   1.90156e-04   6.10082e-07   6.89220e+00
   4  phi          4.11440e+00   5.46913e-04  -1.07907e-06  -1.92350e+00
   5  R           -6.26367e+01   constant   
   6  alpha_CBO    6.93638e-04   1.90791e-04   2.31999e-07   1.48968e+00
   7  w_CBO        2.32500e+00   constant   
   8  beta_CBO     0.00000e+00     fixed    
   9  alpha_2CBO   0.00000e+00     fixed    
  10  beta_2CBO   -4.35218e-04   1.87737e-04  -4.39068e-08   2.86301e+00
  11  alpha_y      0.00000e+00     fixed    
  12  w_y          1.38860e+01   constant   
  13  beta_y      -1.97386e-04   1.87602e-04  -2.34722e-08  -3.63251e+00
  14  alpha_vw     0.00000e+00     fixed    
  15  w_vw         1.43404e+01   constant   
  16  beta_vw      0.00000e+00     fixed    
  17  LM          -1.31878e-04   constant   
  18  zeta_y       0.00000e+00   constant   
  19  zeta_vw      0.00000e+00   constant   
  20  T_CBO        1.51030e+02   2.96079e+01   3.45004e-04   3.36886e-03
  21  alpha_A0     1.52242e-03   1.94365e-03  -1.34008e-03   9.93799e-03
  22  beta_A0     -3.91561e-03   2.25067e-03  -1.03206e-03  -7.75508e-03
  23  alpha_phi   -2.04919e-03   2.01516e-03  -2.18523e-04   7.14075e-03
  24  beta_phi     1.00000e-02   1.42965e-02  -9.65409e-06** at limit **
 EXTERNAL ERROR MATRIX.    NDIM=  25    NPAR= 11    ERR DEF=1
  1.894e+05 
 -2.684e-03  3.616e-08 
  2.917e-02  5.950e-09  2.991e-07 
  2.920e-03  5.511e-09  2.045e-08  3.640e-08 
  2.193e-03 -4.384e-09 -2.451e-09 -2.346e-09  3.525e-08 
  5.132e-04 -7.565e-10 -1.427e-09  2.238e-10 -7.663e-12  3.519e-08 
 -1.081e+03 -6.210e-04 -1.956e-03 -3.961e-04  6.206e-04  7.792e-05  8.786e+02 
  1.658e-01 -4.840e-09  6.629e-08  4.369e-08  1.406e-08 -1.817e-09 -7.286e-03  3.828e-06 
  2.102e-01 -8.504e-08 -1.160e-08 -3.796e-08  4.895e-08  8.373e-09  2.160e-02  2.556e-07  5.170e-06 
  1.284e-01 -7.387e-08 -1.205e-08 -1.818e-08  2.273e-08  4.032e-09  1.375e-02  1.631e-07  1.284e-06  4.120e-06 
  6.092e-08 -4.141e-15  3.630e-14  7.543e-15  7.173e-15  1.382e-15  3.938e-09  6.320e-14  4.218e-13  3.449e-13  4.350e-14 
 PARAMETER  CORRELATION COEFFICIENTS  
       NO.  GLOBAL      1      3      4      6     10     13     20     21     22     23     24
        1  0.34356   1.000 -0.032  0.123  0.035  0.027  0.006 -0.084  0.195  0.212  0.145  0.001
        3  0.29322  -0.032  1.000  0.057  0.152 -0.123 -0.021 -0.110 -0.013 -0.197 -0.191 -0.000
        4  0.25026   0.123  0.057  1.000  0.196 -0.024 -0.014 -0.121  0.062 -0.009 -0.011  0.000
        6  0.27614   0.035  0.152  0.196  1.000 -0.066  0.006 -0.070  0.117 -0.088 -0.047  0.000
       10  0.18184   0.027 -0.123 -0.024 -0.066  1.000 -0.000  0.112  0.038  0.115  0.060  0.000
       13  0.03405   0.006 -0.021 -0.014  0.006 -0.000  1.000  0.014 -0.005  0.020  0.011  0.000
       20  0.42461  -0.084 -0.110 -0.121 -0.070  0.112  0.014  1.000 -0.126  0.320  0.228  0.001
       21  0.26198   0.195 -0.013  0.062  0.117  0.038 -0.005 -0.126  1.000  0.057  0.041  0.000
       22  0.46207   0.212 -0.197 -0.009 -0.088  0.115  0.020  0.320  0.057  1.000  0.278  0.001
       23  0.36107   0.145 -0.191 -0.011 -0.047  0.060  0.011  0.228  0.041  0.278  1.000  0.001
       24  0.00128   0.001 -0.000  0.000  0.000  0.000  0.000  0.001  0.000  0.001  0.001  1.000
MINUIT - FIT ONLY 2-CBO
 **********
 **   25 **RES 
 **********
                   PARAMETER   16  beta_vw RESTORED TO VARIABLE.
                   PARAMETER   14  alpha_vw RESTORED TO VARIABLE.
                   PARAMETER   11  alpha_y RESTORED TO VARIABLE.
                   PARAMETER    9  alpha_2CBO RESTORED TO VARIABLE.
                   PARAMETER    8  beta_CBO RESTORED TO VARIABLE.
 **********
 **   26 **FIX            0
 **********
 PARAMETER    0  IS UNDEFINED. IGNORED.
 **********
 **   27 **FIX            1
 **********
 **********
 **   28 **FIX            2
 **********
 PARAMETER    2  IS CONSTANT.   IGNORED.
 **********
 **   29 **FIX            3
 **********
 **********
 **   30 **FIX            4
 **********
 **********
 **   31 **FIX            5
 **********
 PARAMETER    5  IS CONSTANT.   IGNORED.
 **********
 **   32 **FIX            6
 **********
 **********
 **   33 **FIX            7
 **********
 PARAMETER    7  IS CONSTANT.   IGNORED.
 **********
 **   34 **FIX           10
 **********
 **********
 **   35 **FIX           11
 **********
 **********
 **   36 **FIX           12
 **********
 PARAMETER   12  IS CONSTANT.   IGNORED.
 **********
 **   37 **FIX           13
 **********
 **********
 **   38 **FIX           14
 **********
 **********
 **   39 **FIX           15
 **********
 PARAMETER   15  IS CONSTANT.   IGNORED.
 **********
 **   40 **FIX           16
 **********
 **********
 **   41 **MIGRAD
 **********
 START MIGRAD MINIMIZATION.  STRATEGY  1.  CONVERGENCE WHEN EDM .LT. 1.00e-04
 FCN=533.255 FROM MIGRAD    STATUS=INITIATE       18 CALLS         862 TOTAL
                     EDM= unknown      STRATEGY= 1      NO ERROR MATRIX       
  EXT PARAMETER               CURRENT GUESS       STEP         FIRST   
  NO.   NAME      VALUE            ERROR          SIZE      DERIVATIVE 
   1  N0           3.09962e+06     fixed    
   2  tau          6.44027e+01   constant   
   3  A0           3.49828e-01     fixed    
   4  phi          4.11440e+00     fixed    
   5  R           -6.26367e+01   constant   
   6  alpha_CBO    6.93638e-04     fixed    
   7  w_CBO        2.32500e+00   constant   
   8  beta_CBO     0.00000e+00   1.00000e-03   1.00000e-03  -2.17958e+05
   9  alpha_2CBO   0.00000e+00   1.00000e-03   1.00000e-03  -2.53159e+03
  10  beta_2CBO   -4.35218e-04     fixed    
  11  alpha_y      0.00000e+00     fixed    
  12  w_y          1.38860e+01   constant   
  13  beta_y      -1.97386e-04     fixed    
  14  alpha_vw     0.00000e+00     fixed    
  15  w_vw         1.43404e+01   constant   
  16  beta_vw      0.00000e+00     fixed    
  17  LM          -1.31878e-04   constant   
  18  zeta_y       0.00000e+00   constant   
  19  zeta_vw      0.00000e+00   constant   
  20  T_CBO        1.51030e+02   2.96079e+01   3.45004e-04   3.13620e-03
  21  alpha_A0     1.52242e-03   1.94365e-03  -1.34008e-03   9.94458e-03
  22  beta_A0     -3.91561e-03   2.25067e-03  -1.03206e-03  -7.75289e-03
  23  alpha_phi   -2.04919e-03   2.01516e-03  -2.18523e-04   7.13961e-03
  24  beta_phi     9.99998e-03   1.42965e-02  -9.65409e-06  -1.56246e-03
 MIGRAD MINIMIZATION HAS CONVERGED.
 FCN=87.2752 FROM MIGRAD    STATUS=CONVERGED     113 CALLS         957 TOTAL
                     EDM=1.83184e-07    STRATEGY= 1  ERROR MATRIX UNCERTAINTY   1.7 per cent
  EXT PARAMETER                                   STEP         FIRST   
  NO.   NAME      VALUE            ERROR          SIZE      DERIVATIVE 
   1  N0           3.09962e+06     fixed    
   2  tau          6.44027e+01   constant   
   3  A0           3.49828e-01     fixed    
   4  phi          4.11440e+00     fixed    
   5  R           -6.26367e+01   constant   
   6  alpha_CBO    6.93638e-04     fixed    
   7  w_CBO        2.32500e+00   constant   
   8  beta_CBO     4.08860e-03   1.93982e-04   1.88288e-07  -1.45488e+00
   9  alpha_2CBO   3.46049e-04   1.83730e-04   1.46123e-07   3.25872e+00
  10  beta_2CBO   -4.35218e-04     fixed    
  11  alpha_y      0.00000e+00     fixed    
  12  w_y          1.38860e+01   constant   
  13  beta_y      -1.97386e-04     fixed    
  14  alpha_vw     0.00000e+00     fixed    
  15  w_vw         1.43404e+01   constant   
  16  beta_vw      0.00000e+00     fixed    
  17  LM          -1.31878e-04   constant   
  18  zeta_y       0.00000e+00   constant   
  19  zeta_vw      0.00000e+00   constant   
  20  T_CBO        1.47852e+02   2.92185e+01   3.25754e-04  -5.75621e-03
  21  alpha_A0     9.98470e-04   1.91804e-03   1.46147e-04   4.57896e-04
  22  beta_A0      5.93519e-04   2.20877e-03   2.86113e-04   1.03705e-03
  23  alpha_phi   -2.18735e-03   2.16578e-03   2.11733e-04   1.63814e-03
  24  beta_phi     1.00000e-02   1.50250e-02   9.94417e-06** at limit **
 EXTERNAL ERROR MATRIX.    NDIM=  25    NPAR=  7    ERR DEF=1
  3.763e-08  2.147e-09 -1.550e-05 -6.161e-09  4.074e-08 -6.888e-09  2.726e-14 
  2.147e-09  3.376e-08  7.032e-04  1.133e-08 -5.142e-08  4.094e-08  2.080e-14 
 -1.550e-05  7.032e-04  8.557e+02 -4.363e-04 -2.180e-03  1.547e-02  1.760e-08 
 -6.161e-09  1.133e-08 -4.363e-04  3.725e-06  1.144e-07  1.176e-07  9.465e-14 
  4.074e-08 -5.142e-08 -2.180e-03  1.144e-07  4.960e-06  8.350e-08  1.813e-13 
 -6.888e-09  4.094e-08  1.547e-02  1.176e-07  8.350e-08  4.770e-06  1.446e-13 
  2.726e-14  2.080e-14  1.760e-08  9.465e-14  1.813e-13  1.446e-13  4.864e-13 
 PARAMETER  CORRELATION COEFFICIENTS  
       NO.  GLOBAL      8      9     20     21     22     23     24
        8  0.12362   1.000  0.060 -0.003 -0.016  0.094 -0.016  0.000
        9  0.21040   0.060  1.000  0.131  0.032 -0.126  0.102  0.000
       20  0.26625  -0.003  0.131  1.000 -0.008 -0.033  0.242  0.001
       21  0.05740  -0.016  0.032 -0.008  1.000  0.027  0.028  0.000
       22  0.16979   0.094 -0.126 -0.033  0.027  1.000  0.017  0.000
       23  0.25702  -0.016  0.102  0.242  0.028  0.017  1.000  0.000
       24  0.00091   0.000  0.000  0.001  0.000  0.000  0.000  1.000
MINUIT - FIT wiggle + 1-CBO + 2-CBO
 **********
 **   42 **RES 
 **********
                   PARAMETER   16  beta_vw RESTORED TO VARIABLE.
                   PARAMETER   14  alpha_vw RESTORED TO VARIABLE.
                   PARAMETER   13  beta_y RESTORED TO VARIABLE.
                   PARAMETER   11  alpha_y RESTORED TO VARIABLE.
                   PARAMETER   10  beta_2CBO RESTORED TO VARIABLE.
                   PARAMETER    6  alpha_CBO RESTORED TO VARIABLE.
                   PARAMETER    4  phi RESTORED TO VARIABLE.
                   PARAMETER    3  A0 RESTORED TO VARIABLE.
                   PARAMETER    1  N0 RESTORED TO VARIABLE.
 **********
 **   43 **FIX           10
 **********
 **********
 **   44 **FIX           11
 **********
 **********
 **   45 **FIX           12
 **********
 PARAMETER   12  IS CONSTANT.   IGNORED.
 **********
 **   46 **FIX           13
 **********
 **********
 **   47 **FIX           14
 **********
 **********
 **   48 **FIX           15
 **********
 PARAMETER   15  IS CONSTANT.   IGNORED.
 **********
 **   49 **FIX           16
 **********
 **********
 **   50 **MIGRAD
 **********
 START MIGRAD MINIMIZATION.  STRATEGY  1.  CONVERGENCE WHEN EDM .LT. 1.00e-04
 FCN=87.2752 FROM MIGRAD    STATUS=INITIATE       22 CALLS         979 TOTAL
                     EDM= unknown      STRATEGY= 1      NO ERROR MATRIX       
  EXT PARAMETER               CURRENT GUESS       STEP         FIRST   
  NO.   NAME      VALUE            ERROR          SIZE      DERIVATIVE 
   1  N0           3.09962e+06   4.35196e+02   4.35196e+02   7.92331e-03
   2  tau          6.44027e+01   constant   
   3  A0           3.49828e-01   1.90156e-04   1.90156e-04   3.18144e+04
   4  phi          4.11440e+00   5.46913e-04   5.46913e-04  -1.21415e+04
   5  R           -6.26367e+01   constant   
   6  alpha_CBO    6.93638e-04   1.90791e-04   1.90791e-04  -5.86453e+02
   7  w_CBO        2.32500e+00   constant   
   8  beta_CBO     4.08860e-03   1.93982e-04   1.88288e-07  -1.45665e+00
   9  alpha_2CBO   3.46049e-04   1.83730e-04   1.46123e-07   3.26731e+00
  10  beta_2CBO   -4.35218e-04     fixed    
  11  alpha_y      0.00000e+00     fixed    
  12  w_y          1.38860e+01   constant   
  13  beta_y      -1.97386e-04     fixed    
  14  alpha_vw     0.00000e+00     fixed    
  15  w_vw         1.43404e+01   constant   
  16  beta_vw      0.00000e+00     fixed    
  17  LM          -1.31878e-04   constant   
  18  zeta_y       0.00000e+00   constant   
  19  zeta_vw      0.00000e+00   constant   
  20  T_CBO        1.47852e+02   2.92185e+01   3.25754e-04  -5.98453e-03
  21  alpha_A0     9.98470e-04   1.91804e-03   1.46147e-04   4.64387e-04
  22  beta_A0      5.93519e-04   2.20877e-03   2.86113e-04   1.03942e-03
  23  alpha_phi   -2.18735e-03   2.16578e-03   2.11733e-04   1.63703e-03
  24  beta_phi     9.99998e-03   1.50250e-02   9.94417e-06  -2.40006e-04
 MIGRAD MINIMIZATION HAS CONVERGED.
 FCN=66.6569 FROM MIGRAD    STATUS=CONVERGED     168 CALLS        1125 TOTAL
                     EDM=1.70564e-07    STRATEGY= 1  ERROR MATRIX UNCERTAINTY   2.5 per cent
  EXT PARAMETER                                   STEP         FIRST   
  NO.   NAME      VALUE            ERROR          SIZE      DERIVATIVE 
   1  N0           3.09916e+06   4.27695e+02   1.79098e-01  -4.21376e-07
   2  tau          6.44027e+01   constant   
   3  A0           3.49279e-01   1.89244e-04   7.21296e-08   2.89538e-01
   4  phi          4.11605e+00   5.22528e-04   3.05994e-07  -7.98934e-02
   5  R           -6.26367e+01   constant   
   6  alpha_CBO    6.78451e-04   1.80997e-04  -9.91001e-08  -7.03946e-01
   7  w_CBO        2.32500e+00   constant   
   8  beta_CBO     4.27751e-03   2.02185e-04  -1.03859e-07   1.54128e+00
   9  alpha_2CBO   4.11460e-04   1.88980e-04  -3.19538e-09  -1.85499e+00
  10  beta_2CBO   -4.35218e-04     fixed    
  11  alpha_y      0.00000e+00     fixed    
  12  w_y          1.38860e+01   constant   
  13  beta_y      -1.97386e-04     fixed    
  14  alpha_vw     0.00000e+00     fixed    
  15  w_vw         1.43404e+01   constant   
  16  beta_vw      0.00000e+00     fixed    
  17  LM          -1.31878e-04   constant   
  18  zeta_y       0.00000e+00   constant   
  19  zeta_vw      0.00000e+00   constant   
  20  T_CBO        1.47279e+02   2.85518e+01  -1.51091e-05   4.25654e-03
  21  alpha_A0     5.67596e-04   2.00245e-03  -1.01867e-04   1.47321e-03
  22  beta_A0      1.31289e-03   2.20058e-03  -8.82100e-05  -1.42436e-03
  23  alpha_phi   -1.34981e-03   2.28559e-03   1.20110e-04   9.00978e-04
  24  beta_phi     1.00000e-02   1.93485e-02   5.44166e-03** at limit **
 EXTERNAL ERROR MATRIX.    NDIM=  25    NPAR= 11    ERR DEF=1
  1.829e+05 
 -1.069e-02  3.581e-08 
  1.562e-02 -3.851e-09  2.730e-07 
 -7.742e-03  4.373e-09  2.269e-09  3.276e-08 
 -6.274e-03 -4.861e-09  1.435e-08 -7.948e-10  4.088e-08 
  1.910e-03 -2.540e-09  5.394e-09 -5.637e-10  1.590e-09  3.571e-08 
  3.997e+02 -1.975e-04 -3.473e-04 -3.217e-05  1.003e-04  2.818e-05  8.170e+02 
  7.802e-02 -1.756e-08 -6.576e-08 -4.473e-09  9.076e-09 -2.463e-09  1.765e-03  4.065e-06 
  1.474e-01 -7.411e-08  2.103e-08 -1.769e-08  3.693e-08  4.573e-09  2.594e-03  1.589e-07  4.924e-06 
  1.672e-01 -9.178e-08  9.011e-09 -1.938e-08  1.479e-08  1.949e-08  2.172e-03  3.124e-07  8.112e-07  5.319e-06 
 -6.413e-06  5.427e-13 -2.404e-12 -4.722e-13  4.662e-12 -6.159e-12 -1.846e-06  6.616e-11 -1.999e-11  3.268e-11  4.630e-12 
 PARAMETER  CORRELATION COEFFICIENTS  
       NO.  GLOBAL      1      3      4      6      8      9     20     21     22     23     24
        1  0.28523   1.000 -0.132  0.070 -0.100 -0.073  0.024  0.033  0.090  0.155  0.169 -0.007
        3  0.31593  -0.132  1.000 -0.039  0.128 -0.127 -0.071 -0.037 -0.046 -0.176 -0.210  0.001
        4  0.18610   0.070 -0.039  1.000  0.024  0.136  0.055 -0.023 -0.062  0.018  0.007 -0.002
        6  0.15832  -0.100  0.128  0.024  1.000 -0.022 -0.016 -0.006 -0.012 -0.044 -0.046 -0.001
        8  0.22588  -0.073 -0.127  0.136 -0.022  1.000  0.042  0.017  0.022  0.082  0.032  0.011
        9  0.09952   0.024 -0.071  0.055 -0.016  0.042  1.000  0.005 -0.006  0.011  0.045 -0.015
       20  0.07689   0.033 -0.037 -0.023 -0.006  0.017  0.005  1.000  0.031  0.041  0.033 -0.030
       21  0.13594   0.090 -0.046 -0.062 -0.012  0.022 -0.006  0.031  1.000  0.036  0.067  0.015
       22  0.25713   0.155 -0.176  0.018 -0.044  0.082  0.011  0.041  0.036  1.000  0.159 -0.004
       23  0.28099   0.169 -0.210  0.007 -0.046  0.032  0.045  0.033  0.067  0.159  1.000  0.007
       24  0.04062  -0.007  0.001 -0.002 -0.001  0.011 -0.015 -0.030  0.015 -0.004  0.007  1.000
MINUIT - FIT ONLY 1-y
 **********
 **   51 **RES 
 **********
                   PARAMETER   16  beta_vw RESTORED TO VARIABLE.
                   PARAMETER   14  alpha_vw RESTORED TO VARIABLE.
                   PARAMETER   13  beta_y RESTORED TO VARIABLE.
                   PARAMETER   11  alpha_y RESTORED TO VARIABLE.
                   PARAMETER   10  beta_2CBO RESTORED TO VARIABLE.
 **********
 **   52 **FIX            0
 **********
 PARAMETER    0  IS UNDEFINED. IGNORED.
 **********
 **   53 **FIX            1
 **********
 **********
 **   54 **FIX            2
 **********
 PARAMETER    2  IS CONSTANT.   IGNORED.
 **********
 **   55 **FIX            3
 **********
 **********
 **   56 **FIX            4
 **********
 **********
 **   57 **FIX            5
 **********
 PARAMETER    5  IS CONSTANT.   IGNORED.
 **********
 **   58 **FIX            6
 **********
 **********
 **   59 **FIX            7
 **********
 PARAMETER    7  IS CONSTANT.   IGNORED.
 **********
 **   60 **FIX            8
 **********
 **********
 **   61 **FIX            9
 **********
 **********
 **   62 **FIX           13
 **********
 **********
 **   63 **FIX           14
 **********
 **********
 **   64 **FIX           15
 **********
 PARAMETER   15  IS CONSTANT.   IGNORED.
 **********
 **   65 **FIX           16
 **********
 **********
 **   66 **MIGRAD
 **********
 START MIGRAD MINIMIZATION.  STRATEGY  1.  CONVERGENCE WHEN EDM .LT. 1.00e-04
 FCN=66.6569 FROM MIGRAD    STATUS=INITIATE       16 CALLS        1141 TOTAL
                     EDM= unknown      STRATEGY= 1      NO ERROR MATRIX       
  EXT PARAMETER               CURRENT GUESS       STEP         FIRST   
  NO.   NAME      VALUE            ERROR          SIZE      DERIVATIVE 
   1  N0           3.09916e+06     fixed    
   2  tau          6.44027e+01   constant   
   3  A0           3.49279e-01     fixed    
   4  phi          4.11605e+00     fixed    
   5  R           -6.26367e+01   constant   
   6  alpha_CBO    6.78451e-04     fixed    
   7  w_CBO        2.32500e+00   constant   
   8  beta_CBO     4.27751e-03     fixed    
   9  alpha_2CBO   4.11460e-04     fixed    
  10  beta_2CBO   -4.35218e-04   1.87737e-04   1.87737e-04  -2.30377e+03
  11  alpha_y      0.00000e+00   1.00000e-03   1.00000e-03  -2.10512e+04
  12  w_y          1.38860e+01   constant   
  13  beta_y      -1.97386e-04     fixed    
  14  alpha_vw     0.00000e+00     fixed    
  15  w_vw         1.43404e+01   constant   
  16  beta_vw      0.00000e+00     fixed    
  17  LM          -1.31878e-04   constant   
  18  zeta_y       0.00000e+00   constant   
  19  zeta_vw      0.00000e+00   constant   
  20  T_CBO        1.47279e+02   2.85518e+01  -1.51091e-05   4.02852e-03
  21  alpha_A0     5.67596e-04   2.00245e-03  -1.01867e-04   1.47958e-03
  22  beta_A0      1.31289e-03   2.20058e-03  -8.82100e-05  -1.42210e-03
  23  alpha_phi   -1.34981e-03   2.28559e-03   1.20110e-04   8.99901e-04
  24  beta_phi     9.99998e-03   1.93485e-02   5.44166e-03  -5.67636e-04
 MIGRAD MINIMIZATION HAS CONVERGED.
 MIGRAD WILL VERIFY CONVERGENCE AND ERROR MATRIX.
 COVARIANCE MATRIX CALCULATED SUCCESSFULLY
 FCN=62.7184 FROM MIGRAD    STATUS=CONVERGED     115 CALLS        1240 TOTAL
                     EDM=7.39728e-06    STRATEGY= 1      ERROR MATRIX ACCURATE 
  EXT PARAMETER                                   STEP         FIRST   
  NO.   NAME      VALUE            ERROR          SIZE      DERIVATIVE 
   1  N0           3.09916e+06     fixed    
   2  tau          6.44027e+01   constant   
   3  A0           3.49279e-01     fixed    
   4  phi          4.11605e+00     fixed    
   5  R           -6.26367e+01   constant   
   6  alpha_CBO    6.78451e-04     fixed    
   7  w_CBO        2.32500e+00   constant   
   8  beta_CBO     4.27751e-03     fixed    
   9  alpha_2CBO   4.11460e-04     fixed    
  10  beta_2CBO   -3.99909e-04   1.90723e-04   7.27214e-07  -8.61558e+00
  11  alpha_y      3.70546e-04   1.87745e-04   7.31454e-07   1.35624e+01
  12  w_y          1.38860e+01   constant   
  13  beta_y      -1.97386e-04     fixed    
  14  alpha_vw     0.00000e+00     fixed    
  15  w_vw         1.43404e+01   constant   
  16  beta_vw      0.00000e+00     fixed    
  17  LM          -1.31878e-04   constant   
  18  zeta_y       0.00000e+00   constant   
  19  zeta_vw      0.00000e+00   constant   
  20  T_CBO        1.49035e+02   2.97022e+01   3.17461e-04  -2.30784e-02
  21  alpha_A0     6.19898e-04   1.96215e-03   7.67854e-04  -2.68401e-04
  22  beta_A0      1.37020e-03   2.16655e-03   8.48320e-04  -3.63491e-03
  23  alpha_phi   -1.30624e-03   2.07817e-03   8.14011e-04   3.69152e-03
  24  beta_phi     1.00000e-02   1.92992e-02   9.61461e-03** at limit **
 EXTERNAL ERROR MATRIX.    NDIM=  25    NPAR=  7    ERR DEF=1
  3.638e-08 -6.074e-10  7.520e-04  3.161e-08  4.281e-08 -2.138e-08 -1.949e-15 
 -6.074e-10  3.525e-08  8.851e-05  1.506e-09  7.504e-10  6.399e-09  4.404e-16 
  7.520e-04  8.851e-05  8.843e+02  9.263e-04 -5.324e-03  7.008e-03  2.142e-07 
  3.161e-08  1.506e-09  9.263e-04  3.901e-06  2.309e-07  1.435e-07 -9.129e-13 
  4.281e-08  7.504e-10 -5.324e-03  2.309e-07  4.771e-06  2.722e-07 -1.977e-12 
 -2.138e-08  6.399e-09  7.008e-03  1.435e-07  2.722e-07  4.384e-06  1.948e-12 
 -1.949e-15  4.404e-16  2.142e-07 -9.129e-13 -1.977e-12  1.948e-12  1.362e-14 
 PARAMETER  CORRELATION COEFFICIENTS  
       NO.  GLOBAL     10     11     20     21     22     23     24
       10  0.20735   1.000 -0.017  0.133  0.084  0.103 -0.054 -0.000
       11  0.02899  -0.017  1.000  0.016  0.004  0.002  0.016  0.000
       20  0.21604   0.133  0.016  1.000  0.016 -0.082  0.113  0.062
       21  0.10229   0.084  0.004  0.016  1.000  0.054  0.035 -0.004
       22  0.16635   0.103  0.002 -0.082  0.054  1.000  0.060 -0.008
       23  0.15761  -0.054  0.016  0.113  0.035  0.060  1.000  0.008
       24  0.06244  -0.000  0.000  0.062 -0.004 -0.008  0.008  1.000
MINUIT - FIT ONLY 2-y
 **********
 **   67 **RES 
 **********
                   PARAMETER   16  beta_vw RESTORED TO VARIABLE.
                   PARAMETER   14  alpha_vw RESTORED TO VARIABLE.
                   PARAMETER   13  beta_y RESTORED TO VARIABLE.
                   PARAMETER    9  alpha_2CBO RESTORED TO VARIABLE.
                   PARAMETER    8  beta_CBO RESTORED TO VARIABLE.
                   PARAMETER    6  alpha_CBO RESTORED TO VARIABLE.
                   PARAMETER    4  phi RESTORED TO VARIABLE.
                   PARAMETER    3  A0 RESTORED TO VARIABLE.
                   PARAMETER    1  N0 RESTORED TO VARIABLE.
 **********
 **   68 **FIX            0
 **********
 PARAMETER    0  IS UNDEFINED. IGNORED.
 **********
 **   69 **FIX            1
 **********
 **********
 **   70 **FIX            2
 **********
 PARAMETER    2  IS CONSTANT.   IGNORED.
 **********
 **   71 **FIX            3
 **********
 **********
 **   72 **FIX            4
 **********
 **********
 **   73 **FIX            5
 **********
 PARAMETER    5  IS CONSTANT.   IGNORED.
 **********
 **   74 **FIX            6
 **********
 **********
 **   75 **FIX            7
 **********
 PARAMETER    7  IS CONSTANT.   IGNORED.
 **********
 **   76 **FIX            8
 **********
 **********
 **   77 **FIX            9
 **********
 **********
 **   78 **FIX           10
 **********
 **********
 **   79 **FIX           11
 **********
 **********
 **   80 **FIX           12
 **********
 PARAMETER   12  IS CONSTANT.   IGNORED.
 **********
 **   81 **FIX           16
 **********
 **********
 **   82 **MIGRAD
 **********
 START MIGRAD MINIMIZATION.  STRATEGY  1.  CONVERGENCE WHEN EDM .LT. 1.00e-04
 FCN=62.7184 FROM MIGRAD    STATUS=INITIATE       16 CALLS        1256 TOTAL
                     EDM= unknown      STRATEGY= 1      NO ERROR MATRIX       
  EXT PARAMETER               CURRENT GUESS       STEP         FIRST   
  NO.   NAME      VALUE            ERROR          SIZE      DERIVATIVE 
   1  N0           3.09916e+06     fixed    
   2  tau          6.44027e+01   constant   
   3  A0           3.49279e-01     fixed    
   4  phi          4.11605e+00     fixed    
   5  R           -6.26367e+01   constant   
   6  alpha_CBO    6.78451e-04     fixed    
   7  w_CBO        2.32500e+00   constant   
   8  beta_CBO     4.27751e-03     fixed    
   9  alpha_2CBO   4.11460e-04     fixed    
  10  beta_2CBO   -3.99909e-04     fixed    
  11  alpha_y      3.70546e-04     fixed    
  12  w_y          1.38860e+01   constant   
  13  beta_y      -1.97386e-04   1.87602e-04   1.87602e-04   3.64959e+03
  14  alpha_vw     0.00000e+00   1.00000e-03   1.00000e-03  -1.57129e+04
  15  w_vw         1.43404e+01   constant   
  16  beta_vw      0.00000e+00     fixed    
  17  LM          -1.31878e-04   constant   
  18  zeta_y       0.00000e+00   constant   
  19  zeta_vw      0.00000e+00   constant   
  20  T_CBO        1.49035e+02   2.97022e+01   3.17461e-04  -2.33279e-02
  21  alpha_A0     6.19898e-04   1.96215e-03   7.67854e-04  -2.62950e-04
  22  beta_A0      1.37020e-03   2.16655e-03   8.48320e-04  -3.63463e-03
  23  alpha_phi   -1.30624e-03   2.07817e-03   8.14011e-04   3.69232e-03
  24  beta_phi     9.99998e-03   1.92992e-02   9.61461e-03  -5.80515e-04
 MIGRAD MINIMIZATION HAS CONVERGED.
 MIGRAD WILL VERIFY CONVERGENCE AND ERROR MATRIX.
 COVARIANCE MATRIX CALCULATED SUCCESSFULLY
 FCN=60.0981 FROM MIGRAD    STATUS=CONVERGED     113 CALLS        1353 TOTAL
                     EDM=1.41595e-06    STRATEGY= 1      ERROR MATRIX ACCURATE 
  EXT PARAMETER                                   STEP         FIRST   
  NO.   NAME      VALUE            ERROR          SIZE      DERIVATIVE 
   1  N0           3.09916e+06     fixed    
   2  tau          6.44027e+01   constant   
   3  A0           3.49279e-01     fixed    
   4  phi          4.11605e+00     fixed    
   5  R           -6.26367e+01   constant   
   6  alpha_CBO    6.78451e-04     fixed    
   7  w_CBO        2.32500e+00   constant   
   8  beta_CBO     4.27751e-03     fixed    
   9  alpha_2CBO   4.11460e-04     fixed    
  10  beta_2CBO   -3.99909e-04     fixed    
  11  alpha_y      3.70546e-04     fixed    
  12  w_y          1.38860e+01   constant   
  13  beta_y      -3.25483e-04   1.92263e-04   7.17313e-07  -2.67822e+00
  14  alpha_vw     3.03773e-04   1.92027e-04   7.16721e-07  -6.10219e-01
  15  w_vw         1.43404e+01   constant   
  16  beta_vw      0.00000e+00     fixed    
  17  LM          -1.31878e-04   constant   
  18  zeta_y       0.00000e+00   constant   
  19  zeta_vw      0.00000e+00   constant   
  20  T_CBO        1.48694e+02   2.93891e+01   3.11038e-04  -9.19639e-03
  21  alpha_A0     6.21679e-04   1.95985e-03   7.52502e-04  -4.03291e-04
  22  beta_A0      1.33863e-03   2.16010e-03   8.31077e-04   1.27576e-03
  23  alpha_phi   -1.29953e-03   2.07963e-03   7.97209e-04   6.83524e-03
  24  beta_phi     1.00000e-02   1.93925e-02   1.06985e-02** at limit **
 EXTERNAL ERROR MATRIX.    NDIM=  25    NPAR=  7    ERR DEF=1
  3.697e-08 -7.713e-09  7.138e-05 -3.349e-09  9.087e-09 -2.428e-09 -5.633e-15 
 -7.713e-09  3.687e-08 -2.922e-05 -5.266e-10 -2.033e-09  1.997e-10  8.546e-16 
  7.138e-05 -2.922e-05  8.657e+02  2.467e-04 -6.021e-03  7.396e-03  1.704e-06 
 -3.349e-09 -5.266e-10  2.467e-04  3.891e-06  1.940e-07  1.626e-07 -7.302e-12 
  9.087e-09 -2.033e-09 -6.021e-03  1.940e-07  4.742e-06  2.997e-07 -1.542e-11 
 -2.428e-09  1.997e-10  7.396e-03  1.626e-07  2.997e-07  4.390e-06  1.548e-11 
 -5.633e-15  8.546e-16  1.704e-06 -7.302e-12 -1.542e-11  1.548e-11  6.736e-13 
 PARAMETER  CORRELATION COEFFICIENTS  
       NO.  GLOBAL     13     14     20     21     22     23     24
       13  0.21081   1.000 -0.209  0.013 -0.009  0.022 -0.006 -0.000
       14  0.20896  -0.209  1.000 -0.005 -0.001 -0.005  0.000  0.000
       20  0.17257   0.013 -0.005  1.000  0.004 -0.094  0.120  0.071
       21  0.05924  -0.009 -0.001  0.004  1.000  0.045  0.039 -0.005
       22  0.13124   0.022 -0.005 -0.094  0.045  1.000  0.066 -0.009
       23  0.14730  -0.006  0.000  0.120  0.039  0.066  1.000  0.009
       24  0.07077  -0.000  0.000  0.071 -0.005 -0.009  0.009  1.000
MINUIT - FIT ALTOGETHER
 **********
 **   83 **RES 
 **********
                   PARAMETER   16  beta_vw RESTORED TO VARIABLE.
                   PARAMETER   11  alpha_y RESTORED TO VARIABLE.
