 + ++++++++++++++++++++++++++++++++++++++++++++++++++++++++++++++++++++ +
 +                                                                      +
 +           You have chose to blind your fitting according to          +
 +                omega_ref * (1 + (R +/- deltaR) *10^{-6})             +
 +                                                                      +
 + ++++++++++++++++++++++++++++++++++++++++++++++++++++++++++++++++++++ +
In main()...
reading format from /gm2data/zkhechad/run45/envelope/formats/formatB_sBin_constraintOn.txt
pBinTau 	= 0  
pBinPhi 	= 0  
constraintau 	= 1 
includeMopTerm 	= 0    
constrainMop    = 0   
Parameters after format file: pBinTau 0 pBinPhi 0 constraintau 1 includeMopTerm 0 constrainMop 0 c_e_scale 0.000000 
Opening file /gm2data/tbarrett/gm2fr/studies/run23_bunch_corrections/CorrectedFourier_Run3b.root.
reading full fit data from /gm2data/zkhechad/cboTemplates/Run4CBOTemplates/templateFits0_v2.0/noRF/sBin_constraintOn_cE0.0_seed0_noRF_calo22.root
windowBins = 69
fitting sliding window 2048 from bin 2184 at 325.703600 to bin 2253 at 336.147600 (69 bins)

Reading data from /gm2data/cornell/histograms/aMethod/histogram_a_noRF.root
 **********
 **    1 **SET PRINTOUT            1
 **********
 **********
 **    2 **SET NOWARNINGS 
 **********
 PARAMETER DEFINITIONS:
    NO.   NAME         VALUE      STEP SIZE      LIMITS
     1 N0           3.01105e+06  1.00000e+02     no limits
     2 tau          6.44153e+01  constant
     3 A0           3.51737e-01  1.00000e-04     no limits
     4 phi          4.11590e+00  1.00000e-02     no limits
     5 R           -6.13262e+01  constant
     6 alpha_CBO    0.00000e+00  1.00000e-03     no limits
     7 w_CBO        2.32500e+00  constant
     8 beta_CBO     0.00000e+00  1.00000e-03     no limits
     9 alpha_2CBO   0.00000e+00  1.00000e-03     no limits
    10 beta_2CBO    0.00000e+00  1.00000e-03     no limits
    11 alpha_y      0.00000e+00  1.00000e-03     no limits
    12 w_y          1.44500e+01  constant
    13 beta_y       0.00000e+00  1.00000e-03     no limits
    14 alpha_vw     0.00000e+00  1.00000e-03     no limits
    15 w_vw         1.29000e+01  constant
    16 beta_vw      0.00000e+00  1.00000e-03     no limits
    17 LM           4.28749e-04  constant
    18 zeta_y       0.00000e+00  constant
    19 zeta_vw      0.00000e+00  constant
    20 T_CBO        1.00000e+02  1.00000e+00    0.00000e+00  1.00000e+03
    21 alpha_A0     0.00000e+00  1.00000e-03     no limits
    22 beta_A0      0.00000e+00  1.00000e-03     no limits
    23 alpha_phi    0.00000e+00  1.00000e-03     no limits
    24 beta_phi     0.00000e+00  1.00000e-03     no limits
MINUIT - FIT ONLY WIGGLE
 **********
 **    3 **FIX            5
 **********
 PARAMETER    5  IS CONSTANT.   IGNORED.
 **********
 **    4 **FIX            6
 **********
 **********
 **    5 **FIX            7
 **********
 PARAMETER    7  IS CONSTANT.   IGNORED.
 **********
 **    6 **FIX            8
 **********
 **********
 **    7 **FIX            9
 **********
 **********
 **    8 **FIX           10
 **********
 **********
 **    9 **FIX           11
 **********
 **********
 **   10 **FIX           12
 **********
 PARAMETER   12  IS CONSTANT.   IGNORED.
 **********
 **   11 **FIX           13
 **********
 **********
 **   12 **FIX           14
 **********
 **********
 **   13 **FIX           15
 **********
 PARAMETER   15  IS CONSTANT.   IGNORED.
 **********
 **   14 **FIX           16
 **********
 **********
 **   15 **MIGRAD
 **********
 FIRST CALL TO USER FUNCTION AT NEW START POINT, WITH IFLAG=4.
 START MIGRAD MINIMIZATION.  STRATEGY  1.  CONVERGENCE WHEN EDM .LT. 1.00e-04
 FCN=67.2722 FROM MIGRAD    STATUS=INITIATE      437 CALLS         438 TOTAL
                     EDM= unknown      STRATEGY= 1      NO ERROR MATRIX       
  EXT PARAMETER               CURRENT GUESS       STEP         FIRST   
  NO.   NAME      VALUE            ERROR          SIZE      DERIVATIVE 
   1  N0           3.01105e+06   1.00000e+02   0.00000e+00   1.07620e-03
   2  tau          6.44153e+01   constant   
   3  A0           3.51737e-01   1.00000e-04   0.00000e+00  -2.86143e+03
   4  phi          4.11590e+00   1.00000e-02   0.00000e+00   4.72702e+02
   5  R           -6.13262e+01   constant   
   6  alpha_CBO    0.00000e+00     fixed    
   7  w_CBO        2.32500e+00   constant   
   8  beta_CBO     0.00000e+00     fixed    
   9  alpha_2CBO   0.00000e+00     fixed    
  10  beta_2CBO    0.00000e+00     fixed    
  11  alpha_y      0.00000e+00     fixed    
  12  w_y          1.44500e+01   constant   
  13  beta_y       0.00000e+00     fixed    
  14  alpha_vw     0.00000e+00     fixed    
  15  w_vw         1.29000e+01   constant   
  16  beta_vw      0.00000e+00     fixed    
  17  LM           4.28749e-04   constant   
  18  zeta_y       0.00000e+00   constant   
  19  zeta_vw      0.00000e+00   constant   
  20  T_CBO        1.00000e+02   1.00000e+00   0.00000e+00   0.00000e+00
  21  alpha_A0     0.00000e+00   1.00000e-03   0.00000e+00  -3.58123e+00
  22  beta_A0      0.00000e+00   1.00000e-03   0.00000e+00   1.84261e+01
  23  alpha_phi    0.00000e+00   1.00000e-03   0.00000e+00   2.06191e+01
  24  beta_phi     0.00000e+00   1.00000e-03   0.00000e+00  -1.78062e+01
 MIGRAD MINIMIZATION HAS CONVERGED.
 FCN=63.245 FROM MIGRAD    STATUS=CONVERGED     568 CALLS         569 TOTAL
                     EDM=3.1444e-06    STRATEGY= 1  ERROR MATRIX UNCERTAINTY   3.4 per cent
  EXT PARAMETER                                   STEP         FIRST   
  NO.   NAME      VALUE            ERROR          SIZE      DERIVATIVE 
   1  N0           3.00973e+06   1.73670e+03  -4.31670e+00  -1.85328e-07
   2  tau          6.44153e+01   constant   
   3  A0           3.52636e-01   7.64792e-04   2.53172e-06   9.55304e-01
   4  phi          4.11451e+00   2.21017e-03  -3.33234e-07  -2.38025e-02
   5  R           -6.13262e+01   constant   
   6  alpha_CBO    0.00000e+00     fixed    
   7  w_CBO        2.32500e+00   constant   
   8  beta_CBO     0.00000e+00     fixed    
   9  alpha_2CBO   0.00000e+00     fixed    
  10  beta_2CBO    0.00000e+00     fixed    
  11  alpha_y      0.00000e+00     fixed    
  12  w_y          1.44500e+01   constant   
  13  beta_y       0.00000e+00     fixed    
  14  alpha_vw     0.00000e+00     fixed    
  15  w_vw         1.29000e+01   constant   
  16  beta_vw      0.00000e+00     fixed    
  17  LM           4.28749e-04   constant   
  18  zeta_y       0.00000e+00   constant   
  19  zeta_vw      0.00000e+00   constant   
  20  T_CBO        9.99502e+01   3.20050e+01   1.37815e-04  -6.46513e-03
  21  alpha_A0     5.45643e-02   8.66592e-02   7.24127e-05   1.85161e-02
  22  beta_A0     -6.00680e-02   8.16645e-02   2.51088e-05  -1.74846e-02
  23  alpha_phi   -7.80871e-02   8.98711e-02   1.21071e-04  -1.63646e-02
  24  beta_phi     2.82043e-02   8.84997e-02  -1.70474e-04   7.14695e-03
 EXTERNAL ERROR MATRIX.    NDIM=  25    NPAR=  8    ERR DEF=1
  3.016e+06 -1.050e-01 -3.108e-01 -8.090e+03 -2.181e+01 -2.477e+01 -2.526e+01  5.067e+01 
 -1.050e-01  5.849e-07  3.741e-09  5.939e-03  1.287e-06  9.828e-06  9.737e-06 -1.502e-05 
 -3.108e-01  3.741e-09  4.885e-06 -4.484e-03  2.886e-06  7.377e-06  1.197e-05 -1.425e-05 
 -8.090e+03  5.939e-03 -4.484e-03  1.028e+03 -7.083e-01  1.139e+00  1.667e+00 -9.302e-01 
 -2.181e+01  1.287e-06  2.886e-06 -7.083e-01  7.510e-03 -7.936e-05 -6.879e-04  1.430e-05 
 -2.477e+01  9.828e-06  7.377e-06  1.139e+00 -7.936e-05  6.669e-03  8.537e-04 -6.227e-04 
 -2.526e+01  9.737e-06  1.197e-05  1.667e+00 -6.879e-04  8.537e-04  8.077e-03 -1.032e-03 
  5.067e+01 -1.502e-05 -1.425e-05 -9.302e-01  1.430e-05 -6.227e-04 -1.032e-03  7.832e-03 
 PARAMETER  CORRELATION COEFFICIENTS  
       NO.  GLOBAL      1      3      4     20     21     22     23     24
        1  0.41445   1.000 -0.079 -0.081 -0.145 -0.145 -0.175 -0.162  0.330
        3  0.30176  -0.079  1.000  0.002  0.242  0.019  0.157  0.142 -0.222
        4  0.21040  -0.081  0.002  1.000 -0.063  0.015  0.041  0.060 -0.073
       20  0.76661  -0.145  0.242 -0.063  1.000 -0.255  0.435  0.579 -0.328
       21  0.34680  -0.145  0.019  0.015 -0.255  1.000 -0.011 -0.088  0.002
       22  0.51883  -0.175  0.157  0.041  0.435 -0.011  1.000  0.116 -0.086
       23  0.62974  -0.162  0.142  0.060  0.579 -0.088  0.116  1.000 -0.130
       24  0.49342   0.330 -0.222 -0.073 -0.328  0.002 -0.086 -0.130  1.000
MINUIT - FIT ONLY 1-CBO + wiggle
 **********
 **   16 **RES 
 **********
                   PARAMETER   16  beta_vw RESTORED TO VARIABLE.
                   PARAMETER   14  alpha_vw RESTORED TO VARIABLE.
                   PARAMETER   13  beta_y RESTORED TO VARIABLE.
                   PARAMETER   11  alpha_y RESTORED TO VARIABLE.
                   PARAMETER   10  beta_2CBO RESTORED TO VARIABLE.
                   PARAMETER    9  alpha_2CBO RESTORED TO VARIABLE.
                   PARAMETER    8  beta_CBO RESTORED TO VARIABLE.
                   PARAMETER    6  alpha_CBO RESTORED TO VARIABLE.
 **********
 **   17 **FIX            8
 **********
 **********
 **   18 **FIX            9
 **********
 **********
 **   19 **FIX           11
 **********
 **********
 **   20 **FIX           12
 **********
 PARAMETER   12  IS CONSTANT.   IGNORED.
 **********
 **   21 **FIX           14
 **********
 **********
 **   22 **FIX           15
 **********
 PARAMETER   15  IS CONSTANT.   IGNORED.
 **********
 **   23 **FIX           16
 **********
 **********
 **   24 **MIGRAD
 **********
 START MIGRAD MINIMIZATION.  STRATEGY  1.  CONVERGENCE WHEN EDM .LT. 1.00e-04
 FCN=63.245 FROM MIGRAD    STATUS=INITIATE       28 CALLS         597 TOTAL
                     EDM= unknown      STRATEGY= 1      NO ERROR MATRIX       
  EXT PARAMETER               CURRENT GUESS       STEP         FIRST   
  NO.   NAME      VALUE            ERROR          SIZE      DERIVATIVE 
   1  N0           3.00973e+06   1.73670e+03  -4.31670e+00  -1.85328e-07
   2  tau          6.44153e+01   constant   
   3  A0           3.52636e-01   7.64792e-04   2.53172e-06   9.55303e-01
   4  phi          4.11451e+00   2.21017e-03  -3.33234e-07  -2.38025e-02
   5  R           -6.13262e+01   constant   
   6  alpha_CBO    0.00000e+00   1.00000e-03   1.00000e-03   7.06737e+03
   7  w_CBO        2.32500e+00   constant   
   8  beta_CBO     0.00000e+00     fixed    
   9  alpha_2CBO   0.00000e+00     fixed    
  10  beta_2CBO    0.00000e+00   1.00000e-03   1.00000e-03  -1.92893e+03
  11  alpha_y      0.00000e+00     fixed    
  12  w_y          1.44500e+01   constant   
  13  beta_y       0.00000e+00   1.00000e-03   1.00000e-03  -2.65159e+02
  14  alpha_vw     0.00000e+00     fixed    
  15  w_vw         1.29000e+01   constant   
  16  beta_vw      0.00000e+00     fixed    
  17  LM           4.28749e-04   constant   
  18  zeta_y       0.00000e+00   constant   
  19  zeta_vw      0.00000e+00   constant   
  20  T_CBO        9.99502e+01   3.20050e+01   1.37815e-04  -6.46498e-03
  21  alpha_A0     5.45643e-02   8.66592e-02   7.24127e-05   1.85161e-02
  22  beta_A0     -6.00680e-02   8.16645e-02   2.51088e-05  -1.74846e-02
  23  alpha_phi   -7.80871e-02   8.98711e-02   1.21071e-04  -1.63646e-02
  24  beta_phi     2.82043e-02   8.84997e-02  -1.70474e-04   7.14695e-03
 MIGRAD MINIMIZATION HAS CONVERGED.
 MIGRAD WILL VERIFY CONVERGENCE AND ERROR MATRIX.
 FCN=55.1604 FROM HESSE     STATUS=NOT POSDEF    100 CALLS         840 TOTAL
                     EDM=0.000200116    STRATEGY= 1      ERR MATRIX NOT POS-DEF
  EXT PARAMETER                APPROXIMATE        STEP         FIRST   
  NO.   NAME      VALUE            ERROR          SIZE      DERIVATIVE 
   1  N0           3.00980e+06   1.72984e+03   5.70747e+00  -4.06443e-08
   2  tau          6.44153e+01   constant   
   3  A0           3.52651e-01   7.56452e-04   2.68322e-06  -2.44242e-02
   4  phi          4.11576e+00   2.22732e-03   7.82674e-06  -5.08971e-02
   5  R           -6.13262e+01   constant   
   6  alpha_CBO   -2.17787e-03   7.92858e-04   2.81541e-06   7.71043e-02
   7  w_CBO        2.32500e+00   constant   
   8  beta_CBO     0.00000e+00     fixed    
   9  alpha_2CBO   0.00000e+00     fixed    
  10  beta_2CBO    3.98255e-04   7.83630e-04   2.78528e-06  -1.08903e-01
  11  alpha_y      0.00000e+00     fixed    
  12  w_y          1.44500e+01   constant   
  13  beta_y       3.27815e-05   7.57909e-04   2.77774e-06   2.91040e-01
  14  alpha_vw     0.00000e+00     fixed    
  15  w_vw         1.29000e+01   constant   
  16  beta_vw      0.00000e+00     fixed    
  17  LM           4.28749e-04   constant   
  18  zeta_y       0.00000e+00   constant   
  19  zeta_vw      0.00000e+00   constant   
  20  T_CBO        9.97132e+01   5.24313e+02   2.58565e-04  -1.05919e-02
  21  alpha_A0     7.51906e-02   8.22066e-01   3.16665e-04   9.28261e-03
  22  beta_A0     -6.50015e-02   7.17004e-01   2.95685e-04  -9.53785e-03
  23  alpha_phi   -5.87539e-02   6.43820e-01   2.91721e-04  -2.15297e-03
  24  beta_phi     3.48074e-02   3.95596e-01   2.99830e-04   2.26463e-03
 CALL LIMIT EXCEEDED IN MIGRAD.
 MIGRAD TERMINATED WITHOUT CONVERGENCE.
 FCN=55.1544 FROM MIGRAD    STATUS=CALL LIMIT   1917 CALLS        2486 TOTAL
                     EDM=8.20712e-05    STRATEGY= 1      ERR MATRIX NOT POS-DEF
  EXT PARAMETER                APPROXIMATE        STEP         FIRST   
  NO.   NAME      VALUE            ERROR          SIZE      DERIVATIVE 
   1  N0           3.00978e+06   1.63231e+03  -1.96078e+00   3.81618e-07
   2  tau          6.44153e+01   constant   
   3  A0           3.52662e-01   7.37234e-04   4.38809e-07  -9.93236e-01
   4  phi          4.11579e+00   2.21047e-03  -1.67957e-06  -4.49405e-01
   5  R           -6.13262e+01   constant   
   6  alpha_CBO   -2.17675e-03   7.89674e-04   7.45196e-07   1.23027e+00
   7  w_CBO        2.32500e+00   constant   
   8  beta_CBO     0.00000e+00     fixed    
   9  alpha_2CBO   0.00000e+00     fixed    
  10  beta_2CBO    3.98398e-04   7.62715e-04  -2.79402e-07   2.15125e+00
  11  alpha_y      0.00000e+00     fixed    
  12  w_y          1.44500e+01   constant   
  13  beta_y       3.41480e-05   7.57730e-04   1.41344e-06   3.69303e+00
  14  alpha_vw     0.00000e+00     fixed    
  15  w_vw         1.29000e+01   constant   
  16  beta_vw      0.00000e+00     fixed    
  17  LM           4.28749e-04   constant   
  18  zeta_y       0.00000e+00   constant   
  19  zeta_vw      0.00000e+00   constant   
  20  T_CBO        3.56996e+02   6.32162e+02   3.58175e-02  -5.02927e-03
  21  alpha_A0     7.05338e-03   6.98879e-02  -2.74492e-04   6.56175e-01
  22  beta_A0     -5.82156e-03   6.28842e-02   3.14172e-04   1.22052e+00
  23  alpha_phi   -5.40022e-03   5.38095e-02   2.02004e-04  -2.90084e-01
  24  beta_phi     3.13667e-03   3.47005e-02  -1.71354e-04  -1.70186e-01
 EXTERNAL ERROR MATRIX.    NDIM=  25    NPAR= 11    ERR DEF=1
  2.664e+06 
 -3.623e-02  5.435e-07 
 -4.378e-01 -5.730e-08  4.886e-06 
 -5.355e-02 -1.119e-08 -3.319e-07  6.236e-07 
 -7.095e-02 -2.592e-08 -2.001e-08  5.585e-08  5.817e-07 
 -2.150e-02 -6.430e-09  4.482e-09  1.593e-08 -2.962e-10  5.742e-07 
 -4.780e+05  1.725e-01 -3.330e-02  1.389e-01 -3.100e-02  2.545e-01  1.107e+07 
  6.720e+00 -2.469e-06  1.356e-06 -3.726e-06  4.477e-07 -5.586e-06 -2.294e+02  4.884e-03 
 -9.524e+00  3.040e-06  1.085e-06  2.195e-06 -1.463e-06  4.416e-06  2.062e+02 -4.316e-03  3.954e-03 
 -8.725e+00  2.374e-06  2.616e-06  1.711e-06  5.129e-07  4.114e-06  1.753e+02 -3.650e-03  3.317e-03  2.895e-03 
  8.386e+00 -2.673e-06 -8.354e-07 -1.511e-06  1.146e-07 -2.480e-06 -1.113e+02  2.311e-03 -2.082e-03 -1.789e-03  1.204e-03 
ERR MATRIX NOT POS-DEF
 PARAMETER  CORRELATION COEFFICIENTS  
       NO.  GLOBAL      1      3      4      6     10     13     20     21     22     23     24
        1  0.35399   1.000 -0.030 -0.121 -0.042 -0.057 -0.017 -0.088  0.059 -0.093 -0.099  0.148
        3  0.23151  -0.030  1.000 -0.035 -0.019 -0.046 -0.012  0.070 -0.048  0.066  0.060 -0.104
        4  0.25899  -0.121 -0.035  1.000 -0.190 -0.012  0.003 -0.005  0.009  0.008  0.022 -0.011
        6  0.25733  -0.042 -0.019 -0.190  1.000  0.093  0.027  0.053 -0.068  0.044  0.040 -0.055
       10  0.25703  -0.057 -0.046 -0.012  0.093  1.000 -0.001 -0.012  0.008 -0.031  0.012  0.004
       13  0.13102  -0.017 -0.012  0.003  0.027 -0.001  1.000  0.101 -0.105  0.093  0.101 -0.094
       20  0.99226  -0.088  0.070 -0.005  0.053 -0.012  0.101  1.000 -0.986  0.985  0.979 -0.964
       21  0.98922   0.059 -0.048  0.009 -0.068  0.008 -0.105 -0.986  1.000 -0.982 -0.970  0.953
       22  0.99019  -0.093  0.066  0.008  0.044 -0.031  0.093  0.985 -0.982  1.000  0.980 -0.954
       23  0.98524  -0.099  0.060  0.022  0.040  0.012  0.101  0.979 -0.970  0.980  1.000 -0.958
       24  0.96922   0.148 -0.104 -0.011 -0.055  0.004 -0.094 -0.964  0.953 -0.954 -0.958  1.000
 ERR MATRIX NOT POS-DEF
MINUIT - FIT ONLY 2-CBO
 **********
 **   25 **RES 
 **********
                   PARAMETER   16  beta_vw RESTORED TO VARIABLE.
                   PARAMETER   14  alpha_vw RESTORED TO VARIABLE.
                   PARAMETER   11  alpha_y RESTORED TO VARIABLE.
                   PARAMETER    9  alpha_2CBO RESTORED TO VARIABLE.
                   PARAMETER    8  beta_CBO RESTORED TO VARIABLE.
 **********
 **   26 **FIX            0
 **********
 PARAMETER    0  IS UNDEFINED. IGNORED.
 **********
 **   27 **FIX            1
 **********
 **********
 **   28 **FIX            2
 **********
 PARAMETER    2  IS CONSTANT.   IGNORED.
 **********
 **   29 **FIX            3
 **********
 **********
 **   30 **FIX            4
 **********
 **********
 **   31 **FIX            5
 **********
 PARAMETER    5  IS CONSTANT.   IGNORED.
 **********
 **   32 **FIX            6
 **********
 **********
 **   33 **FIX            7
 **********
 PARAMETER    7  IS CONSTANT.   IGNORED.
 **********
 **   34 **FIX           10
 **********
 **********
 **   35 **FIX           11
 **********
 **********
 **   36 **FIX           12
 **********
 PARAMETER   12  IS CONSTANT.   IGNORED.
 **********
 **   37 **FIX           13
 **********
 **********
 **   38 **FIX           14
 **********
 **********
 **   39 **FIX           15
 **********
 PARAMETER   15  IS CONSTANT.   IGNORED.
 **********
 **   40 **FIX           16
 **********
 **********
 **   41 **MIGRAD
 **********
 START MIGRAD MINIMIZATION.  STRATEGY  1.  CONVERGENCE WHEN EDM .LT. 1.00e-04
 FCN=55.1544 FROM MIGRAD    STATUS=INITIATE       18 CALLS        2504 TOTAL
                     EDM= unknown      STRATEGY= 1      NO ERROR MATRIX       
  EXT PARAMETER               CURRENT GUESS       STEP         FIRST   
  NO.   NAME      VALUE            ERROR          SIZE      DERIVATIVE 
   1  N0           3.00978e+06     fixed    
   2  tau          6.44153e+01   constant   
   3  A0           3.52662e-01     fixed    
   4  phi          4.11579e+00     fixed    
   5  R           -6.13262e+01   constant   
   6  alpha_CBO   -2.17675e-03     fixed    
   7  w_CBO        2.32500e+00   constant   
   8  beta_CBO     0.00000e+00   1.00000e-03   1.00000e-03  -5.75594e+03
   9  alpha_2CBO   0.00000e+00   1.00000e-03   1.00000e-03  -2.51324e+03
  10  beta_2CBO    3.98398e-04     fixed    
  11  alpha_y      0.00000e+00     fixed    
  12  w_y          1.44500e+01   constant   
  13  beta_y       3.41480e-05     fixed    
  14  alpha_vw     0.00000e+00     fixed    
  15  w_vw         1.29000e+01   constant   
  16  beta_vw      0.00000e+00     fixed    
  17  LM           4.28749e-04   constant   
  18  zeta_y       0.00000e+00   constant   
  19  zeta_vw      0.00000e+00   constant   
  20  T_CBO        3.56996e+02   6.32162e+02   3.58175e-02  -5.03165e-03
  21  alpha_A0     7.05338e-03   6.98879e-02  -2.74492e-04   6.56175e-01
  22  beta_A0     -5.82156e-03   6.28842e-02   3.14172e-04   1.22052e+00
  23  alpha_phi   -5.40022e-03   5.38095e-02   2.02004e-04  -2.90084e-01
  24  beta_phi     3.13667e-03   3.47005e-02  -1.71354e-04  -1.70186e-01
 MIGRAD MINIMIZATION HAS CONVERGED.
 MIGRAD WILL VERIFY CONVERGENCE AND ERROR MATRIX.
 FCN=49.5043 FROM HESSE     STATUS=NOT POSDEF     50 CALLS        2616 TOTAL
                     EDM=0.00216702    STRATEGY= 1      ERR MATRIX NOT POS-DEF
  EXT PARAMETER                APPROXIMATE        STEP         FIRST   
  NO.   NAME      VALUE            ERROR          SIZE      DERIVATIVE 
   1  N0           3.00978e+06     fixed    
   2  tau          6.44153e+01   constant   
   3  A0           3.52662e-01     fixed    
   4  phi          4.11579e+00     fixed    
   5  R           -6.13262e+01   constant   
   6  alpha_CBO   -2.17675e-03     fixed    
   7  w_CBO        2.32500e+00   constant   
   8  beta_CBO     1.65227e-03   7.62069e-04   2.61195e-06  -2.25841e-01
   9  alpha_2CBO   7.10575e-04   7.78580e-04   2.63962e-06   2.16545e-02
  10  beta_2CBO    3.98398e-04     fixed    
  11  alpha_y      0.00000e+00     fixed    
  12  w_y          1.44500e+01   constant   
  13  beta_y       3.41480e-05     fixed    
  14  alpha_vw     0.00000e+00     fixed    
  15  w_vw         1.29000e+01   constant   
  16  beta_vw      0.00000e+00     fixed    
  17  LM           4.28749e-04   constant   
  18  zeta_y       0.00000e+00   constant   
  19  zeta_vw      0.00000e+00   constant   
  20  T_CBO        3.63135e+02   5.87235e+02   1.89004e-03   5.70677e-03
  21  alpha_A0     6.01146e-03   6.16272e-02   2.71331e-05  -1.59393e-01
  22  beta_A0     -7.77150e-03   7.99824e-02   2.52258e-05   2.03531e-01
  23  alpha_phi   -5.80857e-03   5.94813e-02   2.49984e-05   3.23020e-01
  24  beta_phi     1.47722e-03   1.71908e-02   2.57647e-05   2.22033e-02
 CALL LIMIT EXCEEDED IN MIGRAD.
 MIGRAD TERMINATED WITHOUT CONVERGENCE.
 FCN=49.4715 FROM MIGRAD    STATUS=CALL LIMIT   1148 CALLS        3634 TOTAL
                     EDM=0.000559653    STRATEGY= 1      ERR MATRIX NOT POS-DEF
  EXT PARAMETER                APPROXIMATE        STEP         FIRST   
  NO.   NAME      VALUE            ERROR          SIZE      DERIVATIVE 
   1  N0           3.00978e+06     fixed    
   2  tau          6.44153e+01   constant   
   3  A0           3.52662e-01     fixed    
   4  phi          4.11579e+00     fixed    
   5  R           -6.13262e+01   constant   
   6  alpha_CBO   -2.17675e-03     fixed    
   7  w_CBO        2.32500e+00   constant   
   8  beta_CBO     1.66418e-03   7.53833e-04   2.49293e-06   1.42330e+01
   9  alpha_2CBO   7.10419e-04   7.18357e-04  -3.77010e-06  -2.47290e+01
  10  beta_2CBO    3.98398e-04     fixed    
  11  alpha_y      0.00000e+00     fixed    
  12  w_y          1.44500e+01   constant   
  13  beta_y       3.41480e-05     fixed    
  14  alpha_vw     0.00000e+00     fixed    
  15  w_vw         1.29000e+01   constant   
  16  beta_vw      0.00000e+00     fixed    
  17  LM           4.28749e-04   constant   
  18  zeta_y       0.00000e+00   constant   
  19  zeta_vw      0.00000e+00   constant   
  20  T_CBO        6.95842e+01   4.70141e+01   1.11285e-04  -4.75871e-02
  21  alpha_A0     2.68728e-01   8.26504e-01   2.91135e-03  -7.66054e-02
  22  beta_A0     -3.71089e-01   1.20398e+00  -4.35311e-03   2.67709e-02
  23  alpha_phi   -2.77591e-01   8.81435e-01  -3.11891e-03  -1.00236e-01
  24  beta_phi     6.24035e-02   1.86847e-01   6.73298e-04  -1.37794e-01
 EXTERNAL ERROR MATRIX.    NDIM=  25    NPAR=  7    ERR DEF=1
  5.683e-07  2.039e-08 -1.218e-02  2.313e-04 -3.378e-04 -2.469e-04  5.200e-05 
  2.039e-08  5.160e-07  1.949e-02 -3.596e-04  5.232e-04  3.827e-04 -8.185e-05 
 -1.218e-02  1.949e-02  2.236e+03 -3.826e+01  5.568e+01  4.079e+01 -8.635e+00 
  2.313e-04 -3.596e-04 -3.826e+01  6.831e-01 -9.950e-01 -7.285e-01  1.543e-01 
 -3.378e-04  5.232e-04  5.568e+01 -9.950e-01  1.450e+00  1.061e+00 -2.248e-01 
 -2.469e-04  3.827e-04  4.079e+01 -7.285e-01  1.061e+00  7.769e-01 -1.645e-01 
  5.200e-05 -8.185e-05 -8.635e+00  1.543e-01 -2.248e-01 -1.645e-01  3.491e-02 
ERR MATRIX NOT POS-DEF
 PARAMETER  CORRELATION COEFFICIENTS  
       NO.  GLOBAL      8      9     20     21     22     23     24
        8  0.51903   1.000  0.038 -0.342  0.371 -0.372 -0.372  0.369
        9  0.69423   0.038  1.000  0.574 -0.606  0.605  0.604 -0.610
       20  0.98276  -0.342  0.574  1.000 -0.979  0.978  0.979 -0.977
       21  0.99994   0.371 -0.606 -0.979  1.000 -1.000 -1.000  0.999
       22  0.99995  -0.372  0.605  0.978 -1.000  1.000  1.000 -0.999
       23  0.99995  -0.372  0.604  0.979 -1.000  1.000  1.000 -0.999
       24  0.99913   0.369 -0.610 -0.977  0.999 -0.999 -0.999  1.000
 ERR MATRIX NOT POS-DEF
MINUIT - FIT wiggle + 1-CBO + 2-CBO
 **********
 **   42 **RES 
 **********
                   PARAMETER   16  beta_vw RESTORED TO VARIABLE.
                   PARAMETER   14  alpha_vw RESTORED TO VARIABLE.
                   PARAMETER   13  beta_y RESTORED TO VARIABLE.
                   PARAMETER   11  alpha_y RESTORED TO VARIABLE.
                   PARAMETER   10  beta_2CBO RESTORED TO VARIABLE.
                   PARAMETER    6  alpha_CBO RESTORED TO VARIABLE.
                   PARAMETER    4  phi RESTORED TO VARIABLE.
                   PARAMETER    3  A0 RESTORED TO VARIABLE.
                   PARAMETER    1  N0 RESTORED TO VARIABLE.
 **********
 **   43 **FIX           10
 **********
 **********
 **   44 **FIX           11
 **********
 **********
 **   45 **FIX           12
 **********
 PARAMETER   12  IS CONSTANT.   IGNORED.
 **********
 **   46 **FIX           13
 **********
 **********
 **   47 **FIX           14
 **********
 **********
 **   48 **FIX           15
 **********
 PARAMETER   15  IS CONSTANT.   IGNORED.
 **********
 **   49 **FIX           16
 **********
 **********
 **   50 **MIGRAD
 **********
 START MIGRAD MINIMIZATION.  STRATEGY  1.  CONVERGENCE WHEN EDM .LT. 1.00e-04
 FCN=49.4715 FROM MIGRAD    STATUS=INITIATE       22 CALLS        3656 TOTAL
                     EDM= unknown      STRATEGY= 1      NO ERROR MATRIX       
  EXT PARAMETER               CURRENT GUESS       STEP         FIRST   
  NO.   NAME      VALUE            ERROR          SIZE      DERIVATIVE 
   1  N0           3.00978e+06   1.63231e+03   1.63231e+03  -2.50773e-04
   2  tau          6.44153e+01   constant   
   3  A0           3.52662e-01   7.37234e-04   7.37234e-04  -1.31651e+03
   4  phi          4.11579e+00   2.21047e-03   2.21047e-03   1.36217e+02
   5  R           -6.13262e+01   constant   
   6  alpha_CBO   -2.17675e-03   7.89674e-04   7.89674e-04   2.89895e+02
   7  w_CBO        2.32500e+00   constant   
   8  beta_CBO     1.66418e-03   7.53833e-04   2.49293e-06   1.42330e+01
   9  alpha_2CBO   7.10419e-04   7.18357e-04  -3.77010e-06  -2.47290e+01
  10  beta_2CBO    3.98398e-04     fixed    
  11  alpha_y      0.00000e+00     fixed    
  12  w_y          1.44500e+01   constant   
  13  beta_y       3.41480e-05     fixed    
  14  alpha_vw     0.00000e+00     fixed    
  15  w_vw         1.29000e+01   constant   
  16  beta_vw      0.00000e+00     fixed    
  17  LM           4.28749e-04   constant   
  18  zeta_y       0.00000e+00   constant   
  19  zeta_vw      0.00000e+00   constant   
  20  T_CBO        6.95842e+01   4.70141e+01   1.11285e-04  -4.75921e-02
  21  alpha_A0     2.68728e-01   8.26504e-01   2.91135e-03  -7.66054e-02
  22  beta_A0     -3.71089e-01   1.20398e+00  -4.35311e-03   2.67709e-02
  23  alpha_phi   -2.77591e-01   8.81435e-01  -3.11891e-03  -1.00236e-01
  24  beta_phi     6.24035e-02   1.86847e-01   6.73298e-04  -1.37794e-01
 MIGRAD MINIMIZATION HAS CONVERGED.
 MIGRAD WILL VERIFY CONVERGENCE AND ERROR MATRIX.
 FCN=49.1308 FROM HESSE     STATUS=NOT POSDEF    100 CALLS        3874 TOTAL
                     EDM=0.000769045    STRATEGY= 1      ERR MATRIX NOT POS-DEF
  EXT PARAMETER                APPROXIMATE        STEP         FIRST   
  NO.   NAME      VALUE            ERROR          SIZE      DERIVATIVE 
   1  N0           3.01013e+06   1.73443e+03   5.39294e+00   6.15830e-07
   2  tau          6.44153e+01   constant   
   3  A0           3.53052e-01   7.77858e-04   2.53456e-06  -2.02413e-01
   4  phi          4.11537e+00   2.24426e-03   7.38611e-06   3.07246e-02
   5  R           -6.13262e+01   constant   
   6  alpha_CBO   -2.25965e-03   7.91245e-04   2.65969e-06   1.88004e+00
   7  w_CBO        2.32500e+00   constant   
   8  beta_CBO     1.78187e-03   7.90370e-04   2.60198e-06   1.99305e-01
   9  alpha_2CBO   7.05709e-04   7.80325e-04   2.62954e-06  -1.41156e-01
  10  beta_2CBO    3.98398e-04     fixed    
  11  alpha_y      0.00000e+00     fixed    
  12  w_y          1.44500e+01   constant   
  13  beta_y       3.41480e-05     fixed    
  14  alpha_vw     0.00000e+00     fixed    
  15  w_vw         1.29000e+01   constant   
  16  beta_vw      0.00000e+00     fixed    
  17  LM           4.28749e-04   constant   
  18  zeta_y       0.00000e+00   constant   
  19  zeta_vw      0.00000e+00   constant   
  20  T_CBO        7.00254e+01   1.32940e+02   1.23047e-04   4.78627e-02
  21  alpha_A0     2.86642e-01   2.71576e+00   1.21561e-03  -1.39959e-03
  22  beta_A0     -3.81884e-01   3.62406e+00   1.13818e-03   2.36530e-03
  23  alpha_phi   -2.84510e-01   2.68672e+00   1.11937e-03   6.02939e-03
  24  beta_phi     6.04884e-02   6.85284e-01   1.14943e-03  -1.38723e-03
 CALL LIMIT EXCEEDED IN MIGRAD.
 MIGRAD TERMINATED WITHOUT CONVERGENCE.
 FCN=49.1057 FROM MIGRAD    STATUS=CALL LIMIT   1919 CALLS        5553 TOTAL
                     EDM=3.18398e-05    STRATEGY= 1      ERR MATRIX NOT POS-DEF
  EXT PARAMETER                APPROXIMATE        STEP         FIRST   
  NO.   NAME      VALUE            ERROR          SIZE      DERIVATIVE 
   1  N0           3.01016e+06   1.62868e+03   8.10375e-01   1.20730e-06
   2  tau          6.44153e+01   constant   
   3  A0           3.53028e-01   7.55469e-04  -5.49504e-07  -6.62433e-01
   4  phi          4.11530e+00   2.23323e-03   4.09206e-07  -1.13355e+00
   5  R           -6.13262e+01   constant   
   6  alpha_CBO   -2.26271e-03   7.77836e-04  -5.72583e-07  -4.39652e-01
   7  w_CBO        2.32500e+00   constant   
   8  beta_CBO     1.78779e-03   7.89838e-04  -2.85791e-08   2.59478e+00
   9  alpha_2CBO   7.06812e-04   7.78948e-04  -1.19333e-06  -1.00897e-01
  10  beta_2CBO    3.98398e-04     fixed    
  11  alpha_y      0.00000e+00     fixed    
  12  w_y          1.44500e+01   constant   
  13  beta_y       3.41480e-05     fixed    
  14  alpha_vw     0.00000e+00     fixed    
  15  w_vw         1.29000e+01   constant   
  16  beta_vw      0.00000e+00     fixed    
  17  LM           4.28749e-04   constant   
  18  zeta_y       0.00000e+00   constant   
  19  zeta_vw      0.00000e+00   constant   
  20  T_CBO        3.56567e+01   2.83171e+01  -1.32880e-03  -9.73666e-01
  21  alpha_A0     2.65356e+01   1.93295e+02   1.63632e+00   5.14222e-04
  22  beta_A0     -3.70800e+01   2.71825e+02  -2.30101e+00   1.32309e-04
  23  alpha_phi   -2.63177e+01   1.67610e+02  -1.42408e+00   1.33683e-03
  24  beta_phi     6.12369e+00   4.77668e+01   4.03773e-01   1.56693e-04
 EXTERNAL ERROR MATRIX.    NDIM=  25    NPAR= 11    ERR DEF=1
  2.653e+06 
 -7.831e-03  5.707e-07 
 -4.353e-01 -1.055e-07  4.987e-06 
 -6.156e-02 -1.509e-08 -3.250e-07  6.050e-07 
  1.090e-01  1.389e-07 -1.711e-07 -2.179e-08  6.238e-07 
  3.759e-02 -1.343e-08  1.110e-07 -2.523e-08 -2.635e-08  6.068e-07 
 -8.143e+02  1.400e-03 -1.793e-03  1.370e-03 -2.701e-04  1.661e-03  8.082e+02 
  6.336e+03 -8.150e-03  6.434e-03 -9.767e-03  3.857e-03 -1.384e-02 -5.475e+03  3.736e+04 
 -9.118e+03  1.151e-02 -9.017e-03  1.370e-02 -5.452e-03  1.942e-02  7.699e+03 -5.254e+04  7.389e+04 
 -5.568e+03  7.034e-03 -5.248e-03  8.372e-03 -3.401e-03  1.187e-02  4.751e+03 -3.239e+04  4.556e+04  2.809e+04 
  1.727e+03 -2.070e-03  1.598e-03 -2.422e-03  9.318e-04 -3.455e-03 -1.352e+03  9.233e+03 -1.298e+04 -8.004e+03  2.282e+03 
ERR MATRIX NOT POS-DEF
 PARAMETER  CORRELATION COEFFICIENTS  
       NO.  GLOBAL      1      3      4      6      8      9     20     21     22     23     24
        1  0.34349   1.000 -0.006 -0.120 -0.049  0.085  0.030 -0.018  0.020 -0.021 -0.020  0.022
        3  0.34601  -0.006  1.000 -0.063 -0.026  0.233 -0.023  0.065 -0.056  0.056  0.056 -0.057
        4  0.39524  -0.120 -0.063  1.000 -0.187 -0.097  0.064 -0.028  0.015 -0.015 -0.014  0.015
        6  0.24789  -0.049 -0.026 -0.187  1.000 -0.035 -0.042  0.062 -0.065  0.065  0.064 -0.065
        8  0.34951   0.085  0.233 -0.097 -0.035  1.000 -0.043 -0.012  0.025 -0.025 -0.026  0.025
        9  0.30531   0.030 -0.023  0.064 -0.042 -0.043  1.000  0.075 -0.092  0.092  0.091 -0.093
       20  0.99891  -0.018  0.065 -0.028  0.062 -0.012  0.075  1.000 -0.996  0.996  0.997 -0.996
       21  1.00000   0.020 -0.056  0.015 -0.065  0.025 -0.092 -0.996  1.000 -1.000 -1.000  1.000
       22  1.00000  -0.021  0.056 -0.015  0.065 -0.025  0.092  0.996 -1.000  1.000  1.000 -1.000
       23  0.99997  -0.020  0.056 -0.014  0.064 -0.026  0.091  0.997 -1.000  1.000  1.000 -1.000
       24  0.99997   0.022 -0.057  0.015 -0.065  0.025 -0.093 -0.996  1.000 -1.000 -1.000  1.000
 ERR MATRIX NOT POS-DEF
MINUIT - FIT ONLY 1-y
 **********
 **   51 **RES 
 **********
                   PARAMETER   16  beta_vw RESTORED TO VARIABLE.
                   PARAMETER   14  alpha_vw RESTORED TO VARIABLE.
                   PARAMETER   13  beta_y RESTORED TO VARIABLE.
                   PARAMETER   11  alpha_y RESTORED TO VARIABLE.
                   PARAMETER   10  beta_2CBO RESTORED TO VARIABLE.
 **********
 **   52 **FIX            0
 **********
 PARAMETER    0  IS UNDEFINED. IGNORED.
 **********
 **   53 **FIX            1
 **********
 **********
 **   54 **FIX            2
 **********
 PARAMETER    2  IS CONSTANT.   IGNORED.
 **********
 **   55 **FIX            3
 **********
 **********
 **   56 **FIX            4
 **********
 **********
 **   57 **FIX            5
 **********
 PARAMETER    5  IS CONSTANT.   IGNORED.
 **********
 **   58 **FIX            6
 **********
 **********
 **   59 **FIX            7
 **********
 PARAMETER    7  IS CONSTANT.   IGNORED.
 **********
 **   60 **FIX            8
 **********
 **********
 **   61 **FIX            9
 **********
 **********
 **   62 **FIX           13
 **********
 **********
 **   63 **FIX           14
 **********
 **********
 **   64 **FIX           15
 **********
 PARAMETER   15  IS CONSTANT.   IGNORED.
 **********
 **   65 **FIX           16
 **********
 **********
 **   66 **MIGRAD
 **********
 START MIGRAD MINIMIZATION.  STRATEGY  1.  CONVERGENCE WHEN EDM .LT. 1.00e-04
 FCN=49.1057 FROM MIGRAD    STATUS=INITIATE       16 CALLS        5569 TOTAL
                     EDM= unknown      STRATEGY= 1      NO ERROR MATRIX       
  EXT PARAMETER               CURRENT GUESS       STEP         FIRST   
  NO.   NAME      VALUE            ERROR          SIZE      DERIVATIVE 
   1  N0           3.01016e+06     fixed    
   2  tau          6.44153e+01   constant   
   3  A0           3.53028e-01     fixed    
   4  phi          4.11530e+00     fixed    
   5  R           -6.13262e+01   constant   
   6  alpha_CBO   -2.26271e-03     fixed    
   7  w_CBO        2.32500e+00   constant   
   8  beta_CBO     1.78779e-03     fixed    
   9  alpha_2CBO   7.06812e-04     fixed    
  10  beta_2CBO    3.98398e-04   7.62715e-04   7.62715e-04   3.13313e+02
  11  alpha_y      0.00000e+00   1.00000e-03   1.00000e-03  -6.69703e+02
  12  w_y          1.44500e+01   constant   
  13  beta_y       3.41480e-05     fixed    
  14  alpha_vw     0.00000e+00     fixed    
  15  w_vw         1.29000e+01   constant   
  16  beta_vw      0.00000e+00     fixed    
  17  LM           4.28749e-04   constant   
  18  zeta_y       0.00000e+00   constant   
  19  zeta_vw      0.00000e+00   constant   
  20  T_CBO        3.56567e+01   2.83171e+01  -1.32880e-03  -9.73673e-01
  21  alpha_A0     2.65356e+01   1.93295e+02   1.63632e+00   5.14223e-04
  22  beta_A0     -3.70800e+01   2.71825e+02  -2.30101e+00   1.32309e-04
  23  alpha_phi   -2.63177e+01   1.67610e+02  -1.42408e+00   1.33683e-03
  24  beta_phi     6.12369e+00   4.77668e+01   4.03773e-01   1.56693e-04
 MIGRAD MINIMIZATION HAS CONVERGED.
 MIGRAD WILL VERIFY CONVERGENCE AND ERROR MATRIX.
 FCN=49.0236 FROM HESSE     STATUS=NOT POSDEF     50 CALLS        5682 TOTAL
                     EDM=0.000741207    STRATEGY= 1      ERR MATRIX NOT POS-DEF
  EXT PARAMETER                APPROXIMATE        STEP         FIRST   
  NO.   NAME      VALUE            ERROR          SIZE      DERIVATIVE 
   1  N0           3.01016e+06     fixed    
   2  tau          6.44153e+01   constant   
   3  A0           3.53028e-01     fixed    
   4  phi          4.11530e+00     fixed    
   5  R           -6.13262e+01   constant   
   6  alpha_CBO   -2.26271e-03     fixed    
   7  w_CBO        2.32500e+00   constant   
   8  beta_CBO     1.78779e-03     fixed    
   9  alpha_2CBO   7.06812e-04     fixed    
  10  beta_2CBO    2.98193e-04   7.79883e-04   2.62837e-06  -1.27621e+00
  11  alpha_y      1.95857e-04   7.61840e-04   2.63463e-06  -4.15518e-01
  12  w_y          1.44500e+01   constant   
  13  beta_y       3.41480e-05     fixed    
  14  alpha_vw     0.00000e+00     fixed    
  15  w_vw         1.29000e+01   constant   
  16  beta_vw      0.00000e+00     fixed    
  17  LM           4.28749e-04   constant   
  18  zeta_y       0.00000e+00   constant   
  19  zeta_vw      0.00000e+00   constant   
  20  T_CBO        3.56561e+01   3.66770e+01   4.36072e-05   1.21415e-01
  21  alpha_A0     2.64378e+01   2.55179e+02   1.14364e-01  -2.32880e-05
  22  beta_A0     -3.64290e+01   3.51500e+02   1.07977e-01   3.94775e-05
  23  alpha_phi   -2.76562e+01   2.65862e+02   1.05343e-01   3.77050e-05
  24  beta_phi     6.00139e+00   6.64922e+01   1.07674e-01  -9.65916e-06
 CALL LIMIT EXCEEDED IN MIGRAD.
 MIGRAD TERMINATED WITHOUT CONVERGENCE.
 FCN=49.0053 FROM MIGRAD    STATUS=CALL LIMIT   1154 CALLS        6707 TOTAL
                     EDM=0.000605638    STRATEGY= 1      ERR MATRIX NOT POS-DEF
  EXT PARAMETER                APPROXIMATE        STEP         FIRST   
  NO.   NAME      VALUE            ERROR          SIZE      DERIVATIVE 
   1  N0           3.01016e+06     fixed    
   2  tau          6.44153e+01   constant   
   3  A0           3.53028e-01     fixed    
   4  phi          4.11530e+00     fixed    
   5  R           -6.13262e+01   constant   
   6  alpha_CBO   -2.26271e-03     fixed    
   7  w_CBO        2.32500e+00   constant   
   8  beta_CBO     1.78779e-03     fixed    
   9  alpha_2CBO   7.06812e-04     fixed    
  10  beta_2CBO    2.99781e-04   7.45624e-04  -1.17998e-06   8.46978e+00
  11  alpha_y      2.04142e-04   7.24226e-04  -2.53764e-06   2.35554e+01
  12  w_y          1.44500e+01   constant   
  13  beta_y       3.41480e-05     fixed    
  14  alpha_vw     0.00000e+00     fixed    
  15  w_vw         1.29000e+01   constant   
  16  beta_vw      0.00000e+00     fixed    
  17  LM           4.28749e-04   constant   
  18  zeta_y       0.00000e+00   constant   
  19  zeta_vw      0.00000e+00   constant   
  20  T_CBO        2.56166e+01   9.15702e+00   1.17749e-04   9.40066e-01
  21  alpha_A0     9.84481e+02   4.22089e+03  -4.53506e+00   5.66473e-06
  22  beta_A0     -1.40143e+03   6.43689e+03  -7.33768e-01  -3.98890e-07
  23  alpha_phi   -1.04293e+03   4.85828e+03  -2.06391e+00  -4.30500e-07
  24  beta_phi     2.30582e+02   9.12215e+02  -4.07206e+00   3.62417e-06
 EXTERNAL ERROR MATRIX.    NDIM=  25    NPAR=  7    ERR DEF=1
  5.560e-07 -1.664e-08 -3.298e-04  1.420e-01 -2.156e-01 -1.547e-01  3.072e-02 
 -1.664e-08  5.245e-07 -1.241e-03  5.546e-01 -8.533e-01 -6.446e-01  1.068e-01 
 -3.298e-04 -1.241e-03  8.395e+01 -3.843e+04  5.843e+04  4.397e+04 -7.704e+03 
  1.420e-01  5.546e-01 -3.843e+04  1.782e+07 -2.698e+07 -2.028e+07  3.615e+06 
 -2.156e-01 -8.533e-01  5.843e+04 -2.698e+07  4.143e+07  3.126e+07 -5.242e+06 
 -1.547e-01 -6.446e-01  4.397e+04 -2.028e+07  3.126e+07  2.360e+07 -3.894e+06 
