 + ++++++++++++++++++++++++++++++++++++++++++++++++++++++++++++++++++++ +
 +                                                                      +
 +           You have chose to blind your fitting according to          +
 +                omega_ref * (1 + (R +/- deltaR) *10^{-6})             +
 +                                                                      +
 + ++++++++++++++++++++++++++++++++++++++++++++++++++++++++++++++++++++ +
In main()...
reading format from /gm2data/zkhechad/run45/envelope/formats/formatB_sBin_constraintOn.txt
pBinTau 	= 0  
pBinPhi 	= 0  
constraintau 	= 1 
includeMopTerm 	= 0    
constrainMop    = 0   
Parameters after format file: pBinTau 0 pBinPhi 0 constraintau 1 includeMopTerm 0 constrainMop 0 c_e_scale 0.000000 
Opening file /gm2data/tbarrett/gm2fr/studies/run23_bunch_corrections/CorrectedFourier_Run3b.root.
reading full fit data from /gm2data/zkhechad/cboTemplates/Run4CBOTemplates/templateFits0_v2.0/noRF/sBin_constraintOn_cE0.0_seed0_noRF_calo4.root
windowBins = 69
fitting sliding window 1488 from bin 1624 at 242.151600 to bin 1693 at 252.595600 (69 bins)

Reading data from /gm2data/cornell/histograms/aMethod/histogram_a_noRF.root
 **********
 **    1 **SET PRINTOUT            1
 **********
 **********
 **    2 **SET NOWARNINGS 
 **********
 PARAMETER DEFINITIONS:
    NO.   NAME         VALUE      STEP SIZE      LIMITS
     1 N0           2.96987e+06  1.00000e+02     no limits
     2 tau          6.44201e+01  constant
     3 A0           3.53307e-01  1.00000e-04     no limits
     4 phi          4.11740e+00  1.00000e-02     no limits
     5 R           -5.91013e+01  constant
     6 alpha_CBO    0.00000e+00  1.00000e-03     no limits
     7 w_CBO        2.32500e+00  constant
     8 beta_CBO     0.00000e+00  1.00000e-03     no limits
     9 alpha_2CBO   0.00000e+00  1.00000e-03     no limits
    10 beta_2CBO    0.00000e+00  1.00000e-03     no limits
    11 alpha_y      0.00000e+00  1.00000e-03     no limits
    12 w_y          1.44500e+01  constant
    13 beta_y       0.00000e+00  1.00000e-03     no limits
    14 alpha_vw     0.00000e+00  1.00000e-03     no limits
    15 w_vw         1.29000e+01  constant
    16 beta_vw      0.00000e+00  1.00000e-03     no limits
    17 LM           5.89621e-04  constant
    18 zeta_y       0.00000e+00  constant
    19 zeta_vw      0.00000e+00  constant
    20 T_CBO        1.00000e+02  1.00000e+00    0.00000e+00  1.00000e+03
    21 alpha_A0     0.00000e+00  1.00000e-03     no limits
    22 beta_A0      0.00000e+00  1.00000e-03     no limits
    23 alpha_phi    0.00000e+00  1.00000e-03     no limits
    24 beta_phi     0.00000e+00  1.00000e-03     no limits
MINUIT - FIT ONLY WIGGLE
 **********
 **    3 **FIX            5
 **********
 PARAMETER    5  IS CONSTANT.   IGNORED.
 **********
 **    4 **FIX            6
 **********
 **********
 **    5 **FIX            7
 **********
 PARAMETER    7  IS CONSTANT.   IGNORED.
 **********
 **    6 **FIX            8
 **********
 **********
 **    7 **FIX            9
 **********
 **********
 **    8 **FIX           10
 **********
 **********
 **    9 **FIX           11
 **********
 **********
 **   10 **FIX           12
 **********
 PARAMETER   12  IS CONSTANT.   IGNORED.
 **********
 **   11 **FIX           13
 **********
 **********
 **   12 **FIX           14
 **********
 **********
 **   13 **FIX           15
 **********
 PARAMETER   15  IS CONSTANT.   IGNORED.
 **********
 **   14 **FIX           16
 **********
 **********
 **   15 **MIGRAD
 **********
 FIRST CALL TO USER FUNCTION AT NEW START POINT, WITH IFLAG=4.
 START MIGRAD MINIMIZATION.  STRATEGY  1.  CONVERGENCE WHEN EDM .LT. 1.00e-04
 FCN=149.974 FROM MIGRAD    STATUS=INITIATE      437 CALLS         438 TOTAL
                     EDM= unknown      STRATEGY= 1      NO ERROR MATRIX       
  EXT PARAMETER               CURRENT GUESS       STEP         FIRST   
  NO.   NAME      VALUE            ERROR          SIZE      DERIVATIVE 
   1  N0           2.96987e+06   1.00000e+02   0.00000e+00   1.75563e-03
   2  tau          6.44201e+01   constant   
   3  A0           3.53307e-01   1.00000e-04   0.00000e+00   2.94063e+02
   4  phi          4.11740e+00   1.00000e-02   0.00000e+00   1.38116e+03
   5  R           -5.91013e+01   constant   
   6  alpha_CBO    0.00000e+00     fixed    
   7  w_CBO        2.32500e+00   constant   
   8  beta_CBO     0.00000e+00     fixed    
   9  alpha_2CBO   0.00000e+00     fixed    
  10  beta_2CBO    0.00000e+00     fixed    
  11  alpha_y      0.00000e+00     fixed    
  12  w_y          1.44500e+01   constant   
  13  beta_y       0.00000e+00     fixed    
  14  alpha_vw     0.00000e+00     fixed    
  15  w_vw         1.29000e+01   constant   
  16  beta_vw      0.00000e+00     fixed    
  17  LM           5.89621e-04   constant   
  18  zeta_y       0.00000e+00   constant   
  19  zeta_vw      0.00000e+00   constant   
  20  T_CBO        1.00000e+02   1.00000e+00   0.00000e+00   0.00000e+00
  21  alpha_A0     0.00000e+00   1.00000e-03   0.00000e+00  -7.58292e+01
  22  beta_A0      0.00000e+00   1.00000e-03   0.00000e+00   1.82226e+02
  23  alpha_phi    0.00000e+00   1.00000e-03   0.00000e+00   5.34130e+01
  24  beta_phi     0.00000e+00   1.00000e-03   0.00000e+00   2.21309e+02
 CALL LIMIT EXCEEDED IN MIGRAD.
 MIGRAD TERMINATED WITHOUT CONVERGENCE.
 FCN=140.686 FROM MIGRAD    STATUS=CALL LIMIT   1326 CALLS        1327 TOTAL
                     EDM=0.00264352    STRATEGY= 1  ERROR MATRIX UNCERTAINTY   1.2 per cent
  EXT PARAMETER                APPROXIMATE        STEP         FIRST   
  NO.   NAME      VALUE            ERROR          SIZE      DERIVATIVE 
   1  N0           2.96983e+06   8.82845e+02   1.63076e+01   3.26710e-05
   2  tau          6.44201e+01   constant   
   3  A0           3.53110e-01   4.00825e-04   2.08930e-06  -3.93752e+01
   4  phi          4.11627e+00   1.18475e-03   6.12719e-05   1.60692e+01
   5  R           -5.91013e+01   constant   
   6  alpha_CBO    0.00000e+00     fixed    
   7  w_CBO        2.32500e+00   constant   
   8  beta_CBO     0.00000e+00     fixed    
   9  alpha_2CBO   0.00000e+00     fixed    
  10  beta_2CBO    0.00000e+00     fixed    
  11  alpha_y      0.00000e+00     fixed    
  12  w_y          1.44500e+01   constant   
  13  beta_y       0.00000e+00     fixed    
  14  alpha_vw     0.00000e+00     fixed    
  15  w_vw         1.29000e+01   constant   
  16  beta_vw      0.00000e+00     fixed    
  17  LM           5.89621e-04   constant   
  18  zeta_y       0.00000e+00   constant   
  19  zeta_vw      0.00000e+00   constant   
  20  T_CBO        3.59660e+01   1.29227e+01  -4.49795e-03  -8.99563e+00
  21  alpha_A0     1.22862e+00   2.68636e+00   1.65969e-01   1.40616e-02
  22  beta_A0     -3.04704e+00   6.53485e+00  -4.04196e-01   8.01677e-03
  23  alpha_phi   -7.50900e-01   1.67184e+00  -1.03163e-01   1.00541e-01
  24  beta_phi    -2.86208e+00   6.19277e+00  -3.82746e-01   8.45591e-02
 EXTERNAL ERROR MATRIX.    NDIM=  25    NPAR=  8    ERR DEF=1
  7.794e+05 -5.423e-02 -1.667e-02 -3.601e+02  1.863e+02 -4.553e+02 -1.206e+02 -4.277e+02 
 -5.423e-02  1.607e-07  5.711e-10 -8.999e-06 -2.363e-05  5.790e-05  1.571e-05  5.386e-05 
 -1.667e-02  5.711e-10  1.404e-06 -2.519e-03  5.969e-04 -1.453e-03 -3.753e-04 -1.377e-03 
 -3.601e+02 -8.999e-06 -2.519e-03  1.673e+02 -3.440e+01  8.371e+01  2.139e+01  7.932e+01 
  1.863e+02 -2.363e-05  5.969e-04 -3.440e+01  7.217e+00 -1.755e+01 -4.490e+00 -1.664e+01 
 -4.553e+02  5.790e-05 -1.453e-03  8.371e+01 -1.755e+01  4.270e+01  1.092e+01  4.047e+01 
 -1.206e+02  1.571e-05 -3.753e-04  2.139e+01 -4.490e+00  1.092e+01  2.795e+00  1.035e+01 
 -4.277e+02  5.386e-05 -1.377e-03  7.932e+01 -1.664e+01  4.047e+01  1.035e+01  3.835e+01 
ERR MATRIX APPROXIMATE
 PARAMETER  CORRELATION COEFFICIENTS  
       NO.  GLOBAL      1      3      4     20     21     22     23     24
        1  0.42645   1.000 -0.153 -0.016 -0.032  0.079 -0.079 -0.082 -0.078
        3  0.22620  -0.153  1.000  0.001 -0.002 -0.022  0.022  0.023  0.022
        4  0.27367  -0.016  0.001  1.000 -0.164  0.188 -0.188 -0.189 -0.188
       20  0.99284  -0.032 -0.002 -0.164  1.000 -0.990  0.990  0.989  0.990
       21  0.99997   0.079 -0.022  0.188 -0.990  1.000 -1.000 -1.000 -1.000
       22  0.99999  -0.079  0.022 -0.188  0.990 -1.000  1.000  1.000  1.000
       23  0.99987  -0.082  0.023 -0.189  0.989 -1.000  1.000  1.000  1.000
       24  0.99999  -0.078  0.022 -0.188  0.990 -1.000  1.000  1.000  1.000
 ERR MATRIX APPROXIMATE
MINUIT - FIT ONLY 1-CBO + wiggle
 **********
 **   16 **RES 
 **********
                   PARAMETER   16  beta_vw RESTORED TO VARIABLE.
                   PARAMETER   14  alpha_vw RESTORED TO VARIABLE.
                   PARAMETER   13  beta_y RESTORED TO VARIABLE.
                   PARAMETER   11  alpha_y RESTORED TO VARIABLE.
                   PARAMETER   10  beta_2CBO RESTORED TO VARIABLE.
                   PARAMETER    9  alpha_2CBO RESTORED TO VARIABLE.
                   PARAMETER    8  beta_CBO RESTORED TO VARIABLE.
                   PARAMETER    6  alpha_CBO RESTORED TO VARIABLE.
 **********
 **   17 **FIX            8
 **********
 **********
 **   18 **FIX            9
 **********
 **********
 **   19 **FIX           11
 **********
 **********
 **   20 **FIX           12
 **********
 PARAMETER   12  IS CONSTANT.   IGNORED.
 **********
 **   21 **FIX           14
 **********
 **********
 **   22 **FIX           15
 **********
 PARAMETER   15  IS CONSTANT.   IGNORED.
 **********
 **   23 **FIX           16
 **********
 **********
 **   24 **MIGRAD
 **********
 START MIGRAD MINIMIZATION.  STRATEGY  1.  CONVERGENCE WHEN EDM .LT. 1.00e-04
 FCN=140.686 FROM MIGRAD    STATUS=INITIATE       28 CALLS        1355 TOTAL
                     EDM= unknown      STRATEGY= 1      NO ERROR MATRIX       
  EXT PARAMETER               CURRENT GUESS       STEP         FIRST   
  NO.   NAME      VALUE            ERROR          SIZE      DERIVATIVE 
   1  N0           2.96983e+06   8.82845e+02   1.63076e+01   3.26710e-05
   2  tau          6.44201e+01   constant   
   3  A0           3.53110e-01   4.00825e-04   2.08930e-06  -3.93752e+01
   4  phi          4.11627e+00   1.18475e-03   6.12719e-05   1.60692e+01
   5  R           -5.91013e+01   constant   
   6  alpha_CBO    0.00000e+00   1.00000e-03   1.00000e-03   6.38421e+03
   7  w_CBO        2.32500e+00   constant   
   8  beta_CBO     0.00000e+00     fixed    
   9  alpha_2CBO   0.00000e+00     fixed    
  10  beta_2CBO    0.00000e+00   1.00000e-03   1.00000e-03   6.86733e+03
  11  alpha_y      0.00000e+00     fixed    
  12  w_y          1.44500e+01   constant   
  13  beta_y       0.00000e+00   1.00000e-03   1.00000e-03   4.27659e+03
  14  alpha_vw     0.00000e+00     fixed    
  15  w_vw         1.29000e+01   constant   
  16  beta_vw      0.00000e+00     fixed    
  17  LM           5.89621e-04   constant   
  18  zeta_y       0.00000e+00   constant   
  19  zeta_vw      0.00000e+00   constant   
  20  T_CBO        3.59660e+01   1.29227e+01  -4.49795e-03  -8.99566e+00
  21  alpha_A0     1.22862e+00   2.68636e+00   1.65969e-01   1.40616e-02
  22  beta_A0     -3.04704e+00   6.53485e+00  -4.04196e-01   8.01678e-03
  23  alpha_phi   -7.50900e-01   1.67184e+00  -1.03163e-01   1.00541e-01
  24  beta_phi    -2.86208e+00   6.19277e+00  -3.82746e-01   8.45591e-02
 CALL LIMIT EXCEEDED IN MIGRAD.
 MIGRAD TERMINATED WITHOUT CONVERGENCE.
 FCN=135.708 FROM MIGRAD    STATUS=CALL LIMIT   1910 CALLS        3237 TOTAL
                     EDM=0.0069374    STRATEGY= 1  ERROR MATRIX UNCERTAINTY  20.3 per cent
  EXT PARAMETER                APPROXIMATE        STEP         FIRST   
  NO.   NAME      VALUE            ERROR          SIZE      DERIVATIVE 
   1  N0           2.96996e+06   8.44369e+02   1.25575e+00   1.74126e-05
   2  tau          6.44201e+01   constant   
   3  A0           3.53148e-01   3.75537e-04  -1.13927e-06  -1.32090e+02
   4  phi          4.11624e+00   1.14008e-03   1.61333e-06   9.10846e+00
   5  R           -5.91013e+01   constant   
   6  alpha_CBO   -5.70985e-04   4.05687e-04  -1.75363e-07  -7.84485e+01
   7  w_CBO        2.32500e+00   constant   
   8  beta_CBO     0.00000e+00     fixed    
   9  alpha_2CBO   0.00000e+00     fixed    
  10  beta_2CBO   -5.54588e-04   3.88912e-04   2.14055e-07   3.58230e+01
  11  alpha_y      0.00000e+00     fixed    
  12  w_y          1.44500e+01   constant   
  13  beta_y      -3.56541e-04   3.92695e-04   1.80357e-07   6.51134e+01
  14  alpha_vw     0.00000e+00     fixed    
  15  w_vw         1.29000e+01   constant   
  16  beta_vw      0.00000e+00     fixed    
  17  LM           5.89621e-04   constant   
  18  zeta_y       0.00000e+00   constant   
  19  zeta_vw      0.00000e+00   constant   
  20  T_CBO        1.68439e+01   2.48344e+00  -9.66866e-04  -3.94941e+01
  21  alpha_A0     4.19774e+03   8.00128e+03   3.90491e+02   3.63881e-05
  22  beta_A0     -7.59957e+03   1.44628e+04  -7.05838e+02   4.36454e-05
  23  alpha_phi   -1.53085e+03   2.90398e+03  -1.41728e+02  -4.57568e-05
  24  beta_phi    -6.60066e+03   1.25808e+04  -6.13987e+02   4.68207e-05
 EXTERNAL ERROR MATRIX.    NDIM=  25    NPAR= 11    ERR DEF=1
  7.130e+05 
 -3.233e-02  1.410e-07 
  1.776e-03  4.527e-09  1.300e-06 
 -3.689e-02 -2.600e-08  1.185e-08  1.646e-07 
  3.886e-03 -2.345e-09  8.473e-09  7.370e-09  1.513e-07 
 -8.220e-03  2.150e-09 -7.842e-09  1.003e-08 -8.576e-12  1.542e-07 
  7.096e+01  5.978e-05 -1.870e-04  5.439e-05 -3.365e-05 -5.952e-05  6.168e+00 
 -5.611e+03 -3.424e-01  6.451e-01 -2.380e-01  1.454e-01  2.492e-01 -1.977e+04  6.402e+07 
  9.567e+03  6.190e-01 -1.166e+00  4.300e-01 -2.629e-01 -4.504e-01  3.573e+04 -1.157e+08  2.092e+08 
  1.675e+03  1.243e-01 -2.343e-01  8.630e-02 -5.280e-02 -9.043e-02  7.174e+03 -2.324e+07  4.200e+07  8.433e+06 
  8.755e+03  5.384e-01 -1.015e+00  3.741e-01 -2.288e-01 -3.919e-01  3.108e+04 -1.007e+08  1.820e+08  3.653e+07  1.583e+08 
ERR MATRIX APPROXIMATE
 PARAMETER  CORRELATION COEFFICIENTS  
       NO.  GLOBAL      1      3      4      6     10     13     20     21     22     23     24
        1  0.45955   1.000 -0.102  0.002 -0.108  0.012 -0.025  0.034 -0.001  0.001  0.001  0.001
        3  0.59450  -0.102  1.000  0.011 -0.171 -0.016  0.015  0.064 -0.114  0.114  0.114  0.114
        4  0.15208   0.002  0.011  1.000  0.026  0.019 -0.018 -0.066  0.071 -0.071 -0.071 -0.071
        6  0.41842  -0.108 -0.171  0.026  1.000  0.047  0.063  0.054 -0.073  0.073  0.073  0.073
       10  0.21591   0.012 -0.016  0.019  0.047  1.000 -0.000 -0.035  0.047 -0.047 -0.047 -0.047
       13  0.29187  -0.025  0.015 -0.018  0.063 -0.000  1.000 -0.061  0.079 -0.079 -0.079 -0.079
       20  0.99701   0.034  0.064 -0.066  0.054 -0.035 -0.061  1.000 -0.995  0.995  0.995  0.995
       21  1.00000  -0.001 -0.114  0.071 -0.073  0.047  0.079 -0.995  1.000 -1.000 -1.000 -1.000
       22  1.00000   0.001  0.114 -0.071  0.073 -0.047 -0.079  0.995 -1.000  1.000  1.000  1.000
       23  1.00000   0.001  0.114 -0.071  0.073 -0.047 -0.079  0.995 -1.000  1.000  1.000  1.000
       24  1.00000   0.001  0.114 -0.071  0.073 -0.047 -0.079  0.995 -1.000  1.000  1.000  1.000
 ERR MATRIX APPROXIMATE
MINUIT - FIT ONLY 2-CBO
 **********
 **   25 **RES 
 **********
                   PARAMETER   16  beta_vw RESTORED TO VARIABLE.
                   PARAMETER   14  alpha_vw RESTORED TO VARIABLE.
                   PARAMETER   11  alpha_y RESTORED TO VARIABLE.
                   PARAMETER    9  alpha_2CBO RESTORED TO VARIABLE.
                   PARAMETER    8  beta_CBO RESTORED TO VARIABLE.
 **********
 **   26 **FIX            0
 **********
 PARAMETER    0  IS UNDEFINED. IGNORED.
 **********
 **   27 **FIX            1
 **********
 **********
 **   28 **FIX            2
 **********
 PARAMETER    2  IS CONSTANT.   IGNORED.
 **********
 **   29 **FIX            3
 **********
 **********
 **   30 **FIX            4
 **********
 **********
 **   31 **FIX            5
 **********
 PARAMETER    5  IS CONSTANT.   IGNORED.
 **********
 **   32 **FIX            6
 **********
 **********
 **   33 **FIX            7
 **********
 PARAMETER    7  IS CONSTANT.   IGNORED.
 **********
 **   34 **FIX           10
 **********
 **********
 **   35 **FIX           11
 **********
 **********
 **   36 **FIX           12
 **********
 PARAMETER   12  IS CONSTANT.   IGNORED.
 **********
 **   37 **FIX           13
 **********
 **********
 **   38 **FIX           14
 **********
 **********
 **   39 **FIX           15
 **********
 PARAMETER   15  IS CONSTANT.   IGNORED.
 **********
 **   40 **FIX           16
 **********
 **********
 **   41 **MIGRAD
 **********
 START MIGRAD MINIMIZATION.  STRATEGY  1.  CONVERGENCE WHEN EDM .LT. 1.00e-04
 FCN=135.708 FROM MIGRAD    STATUS=INITIATE       18 CALLS        3255 TOTAL
                     EDM= unknown      STRATEGY= 1      NO ERROR MATRIX       
  EXT PARAMETER               CURRENT GUESS       STEP         FIRST   
  NO.   NAME      VALUE            ERROR          SIZE      DERIVATIVE 
   1  N0           2.96996e+06     fixed    
   2  tau          6.44201e+01   constant   
   3  A0           3.53148e-01     fixed    
   4  phi          4.11624e+00     fixed    
   5  R           -5.91013e+01   constant   
   6  alpha_CBO   -5.70985e-04     fixed    
   7  w_CBO        2.32500e+00   constant   
   8  beta_CBO     0.00000e+00   1.00000e-03   1.00000e-03   3.87093e+04
   9  alpha_2CBO   0.00000e+00   1.00000e-03   1.00000e-03  -1.69034e+03
  10  beta_2CBO   -5.54588e-04     fixed    
  11  alpha_y      0.00000e+00     fixed    
  12  w_y          1.44500e+01   constant   
  13  beta_y      -3.56541e-04     fixed    
  14  alpha_vw     0.00000e+00     fixed    
  15  w_vw         1.29000e+01   constant   
  16  beta_vw      0.00000e+00     fixed    
  17  LM           5.89621e-04   constant   
  18  zeta_y       0.00000e+00   constant   
  19  zeta_vw      0.00000e+00   constant   
  20  T_CBO        1.68439e+01   2.48344e+00  -9.66866e-04  -3.94941e+01
  21  alpha_A0     4.19774e+03   8.00128e+03   3.90491e+02   3.63881e-05
  22  beta_A0     -7.59957e+03   1.44628e+04  -7.05838e+02   4.36454e-05
  23  alpha_phi   -1.53085e+03   2.90398e+03  -1.41728e+02  -4.57568e-05
  24  beta_phi    -6.60066e+03   1.25808e+04  -6.13987e+02   4.68207e-05
 CALL LIMIT EXCEEDED IN MIGRAD.
 MIGRAD TERMINATED WITHOUT CONVERGENCE.
 FCN=77.8441 FROM MIGRAD    STATUS=CALL LIMIT   1160 CALLS        4397 TOTAL
                     EDM=0.00191164    STRATEGY= 1  ERROR MATRIX UNCERTAINTY  19.7 per cent
  EXT PARAMETER                APPROXIMATE        STEP         FIRST   
  NO.   NAME      VALUE            ERROR          SIZE      DERIVATIVE 
   1  N0           2.96996e+06     fixed    
   2  tau          6.44201e+01   constant   
   3  A0           3.53148e-01     fixed    
   4  phi          4.11624e+00     fixed    
   5  R           -5.91013e+01   constant   
   6  alpha_CBO   -5.70985e-04     fixed    
   7  w_CBO        2.32500e+00   constant   
   8  beta_CBO    -2.97778e-03   3.85724e-04  -9.84589e-08   2.26157e+00
   9  alpha_2CBO   1.40953e-04   4.06407e-04  -2.03103e-06  -1.19049e+01
  10  beta_2CBO   -5.54588e-04     fixed    
  11  alpha_y      0.00000e+00     fixed    
  12  w_y          1.44500e+01   constant   
  13  beta_y      -3.56541e-04     fixed    
  14  alpha_vw     0.00000e+00     fixed    
  15  w_vw         1.29000e+01   constant   
  16  beta_vw      0.00000e+00     fixed    
  17  LM           5.89621e-04   constant   
  18  zeta_y       0.00000e+00   constant   
  19  zeta_vw      0.00000e+00   constant   
  20  T_CBO        1.26388e+01   2.83784e+00  -8.45234e-04  -1.68211e+01
  21  alpha_A0     3.94571e+05   1.53905e+06   5.12449e+04  -4.05460e-07
  22  beta_A0     -9.87131e+05   4.00672e+06  -1.33451e+05  -1.04376e-08
  23  alpha_phi   -1.83849e+05   7.50675e+05  -2.50060e+04  -1.53707e-07
  24  beta_phi    -5.18098e+05   2.08943e+06  -6.95976e+04  -1.69434e-08
 EXTERNAL ERROR MATRIX.    NDIM=  25    NPAR=  7    ERR DEF=1
  1.488e-07 -2.162e-09  1.615e-06  1.709e+00 -4.327e+00 -7.839e-01 -2.411e+00 
 -2.162e-09  1.652e-07 -5.591e-06 -1.396e+01  3.587e+01  6.595e+00  1.854e+01 
  1.615e-06 -5.591e-06  8.055e+00 -4.317e+06  1.125e+07  2.108e+06  5.865e+06 
  1.709e+00 -1.396e+01 -4.317e+06  2.369e+12 -6.166e+12 -1.155e+12 -3.216e+12 
 -4.327e+00  3.587e+01  1.125e+07 -6.166e+12  1.605e+13  3.008e+12  8.372e+12 
 -7.839e-01  6.595e+00  2.108e+06 -1.155e+12  3.008e+12  5.635e+11  1.568e+12 
 -2.411e+00  1.854e+01  5.865e+06 -3.216e+12  8.372e+12  1.568e+12  4.366e+12 
ERR MATRIX APPROXIMATE
 PARAMETER  CORRELATION COEFFICIENTS  
       NO.  GLOBAL      8      9     20     21     22     23     24
        8  0.11171   1.000 -0.014  0.001  0.003 -0.003 -0.003 -0.003
        9  0.19841  -0.014  1.000 -0.005 -0.022  0.022  0.022  0.022
       20  0.99438   0.001 -0.005  1.000 -0.988  0.989  0.989  0.989
       21  0.99999   0.003 -0.022 -0.988  1.000 -1.000 -1.000 -1.000
       22  1.00000  -0.003  0.022  0.989 -1.000  1.000  1.000  1.000
       23  0.99999  -0.003  0.022  0.989 -1.000  1.000  1.000  1.000
       24  1.00000  -0.003  0.022  0.989 -1.000  1.000  1.000  1.000
 ERR MATRIX APPROXIMATE
MINUIT - FIT wiggle + 1-CBO + 2-CBO
 **********
 **   42 **RES 
 **********
                   PARAMETER   16  beta_vw RESTORED TO VARIABLE.
                   PARAMETER   14  alpha_vw RESTORED TO VARIABLE.
                   PARAMETER   13  beta_y RESTORED TO VARIABLE.
                   PARAMETER   11  alpha_y RESTORED TO VARIABLE.
                   PARAMETER   10  beta_2CBO RESTORED TO VARIABLE.
                   PARAMETER    6  alpha_CBO RESTORED TO VARIABLE.
                   PARAMETER    4  phi RESTORED TO VARIABLE.
                   PARAMETER    3  A0 RESTORED TO VARIABLE.
                   PARAMETER    1  N0 RESTORED TO VARIABLE.
 **********
 **   43 **FIX           10
 **********
 **********
 **   44 **FIX           11
 **********
 **********
 **   45 **FIX           12
 **********
 PARAMETER   12  IS CONSTANT.   IGNORED.
 **********
 **   46 **FIX           13
 **********
 **********
 **   47 **FIX           14
 **********
 **********
 **   48 **FIX           15
 **********
 PARAMETER   15  IS CONSTANT.   IGNORED.
 **********
 **   49 **FIX           16
 **********
 **********
 **   50 **MIGRAD
 **********
 START MIGRAD MINIMIZATION.  STRATEGY  1.  CONVERGENCE WHEN EDM .LT. 1.00e-04
 FCN=77.8441 FROM MIGRAD    STATUS=INITIATE       22 CALLS        4419 TOTAL
                     EDM= unknown      STRATEGY= 1      NO ERROR MATRIX       
  EXT PARAMETER               CURRENT GUESS       STEP         FIRST   
  NO.   NAME      VALUE            ERROR          SIZE      DERIVATIVE 
   1  N0           2.96996e+06   8.44369e+02   8.44369e+02  -5.18755e-05
   2  tau          6.44201e+01   constant   
   3  A0           3.53148e-01   3.75537e-04   3.75537e-04  -1.18109e+03
   4  phi          4.11624e+00   1.14008e-03   1.14008e-03  -3.43167e+03
   5  R           -5.91013e+01   constant   
   6  alpha_CBO   -5.70985e-04   4.05687e-04   4.05687e-04   2.05655e+02
   7  w_CBO        2.32500e+00   constant   
   8  beta_CBO    -2.97778e-03   3.85724e-04  -9.84589e-08   2.26157e+00
   9  alpha_2CBO   1.40953e-04   4.06407e-04  -2.03103e-06  -1.19049e+01
  10  beta_2CBO   -5.54588e-04     fixed    
  11  alpha_y      0.00000e+00     fixed    
  12  w_y          1.44500e+01   constant   
  13  beta_y      -3.56541e-04     fixed    
  14  alpha_vw     0.00000e+00     fixed    
  15  w_vw         1.29000e+01   constant   
  16  beta_vw      0.00000e+00     fixed    
  17  LM           5.89621e-04   constant   
  18  zeta_y       0.00000e+00   constant   
  19  zeta_vw      0.00000e+00   constant   
  20  T_CBO        1.26388e+01   2.83784e+00  -8.45234e-04  -1.68212e+01
  21  alpha_A0     3.94571e+05   1.53905e+06   5.12449e+04  -4.05461e-07
  22  beta_A0     -9.87131e+05   4.00672e+06  -1.33451e+05  -1.04375e-08
  23  alpha_phi   -1.83849e+05   7.50675e+05  -2.50060e+04  -1.53707e-07
  24  beta_phi    -5.18098e+05   2.08943e+06  -6.95976e+04  -1.69435e-08
 CALL LIMIT EXCEEDED IN MIGRAD.
 MIGRAD TERMINATED WITHOUT CONVERGENCE.
 FCN=72.9258 FROM MIGRAD    STATUS=CALL LIMIT   1913 CALLS        6310 TOTAL
                     EDM=0.0111775    STRATEGY= 1  ERROR MATRIX UNCERTAINTY  18.9 per cent
  EXT PARAMETER                APPROXIMATE        STEP         FIRST   
  NO.   NAME      VALUE            ERROR          SIZE      DERIVATIVE 
   1  N0           2.97007e+06   9.08509e+02  -2.11334e+01  -8.65542e-07
   2  tau          6.44201e+01   constant   
   3  A0           3.53246e-01   3.96932e-04   9.91359e-06   4.49631e+01
   4  phi          4.11899e+00   1.20247e-03   1.37613e-05   2.46205e+01
   5  R           -5.91013e+01   constant   
   6  alpha_CBO   -5.81954e-04   3.98239e-04   7.54575e-07   1.75404e+01
   7  w_CBO        2.32500e+00   constant   
   8  beta_CBO    -3.21236e-03   3.97500e-04  -1.91213e-07   4.89177e+01
   9  alpha_2CBO   1.27638e-04   3.95702e-04  -1.75047e-06  -5.03054e+01
  10  beta_2CBO   -5.54588e-04     fixed    
  11  alpha_y      0.00000e+00     fixed    
  12  w_y          1.44500e+01   constant   
  13  beta_y      -3.56541e-04     fixed    
  14  alpha_vw     0.00000e+00     fixed    
  15  w_vw         1.29000e+01   constant   
  16  beta_vw      0.00000e+00     fixed    
  17  LM           5.89621e-04   constant   
  18  zeta_y       0.00000e+00   constant   
  19  zeta_vw      0.00000e+00   constant   
  20  T_CBO        8.88083e+00   8.19669e-01  -5.36349e-04  -8.16854e+01
  21  alpha_A0     1.05813e+09   2.32697e+09   1.43786e+08  -4.00232e-12
  22  beta_A0     -4.17171e+09   9.16632e+09  -5.66401e+08   2.26557e-11
  23  alpha_phi   -1.12603e+09   2.47086e+09  -1.52675e+08   2.64802e-11
  24  beta_phi    -1.46963e+09   3.22740e+09  -1.99425e+08   1.32567e-10
 EXTERNAL ERROR MATRIX.    NDIM=  25    NPAR= 11    ERR DEF=1
  8.254e+05 
 -7.198e-02  1.576e-07 
  2.444e-03  4.712e-09  1.446e-06 
 -1.941e-02 -1.639e-08  6.697e-09  1.586e-07 
  7.921e-03 -9.765e-10 -1.071e-07  4.030e-10  1.580e-07 
  1.185e-02  4.509e-09  1.243e-09 -9.036e-09  1.338e-09  1.566e-07 
  3.831e+01 -1.558e-05 -2.138e-05  8.918e-07  2.434e-06 -4.688e-06  6.719e-01 
 -1.306e+11  7.011e+04  1.653e+05  5.516e+03  6.875e+03 -1.262e+04 -1.893e+09  5.415e+18 
  5.142e+11 -2.762e+05 -6.515e+05 -2.173e+04 -2.702e+04  4.974e+04  7.457e+09 -2.133e+19  8.402e+19 
  1.385e+11 -7.441e+04 -1.757e+05 -5.871e+03 -7.281e+03  1.340e+04  2.010e+09 -5.750e+18  2.265e+19  6.105e+18 
  1.811e+11 -9.722e+04 -2.293e+05 -7.660e+03 -9.538e+03  1.751e+04  2.626e+09 -7.510e+18  2.958e+19  7.974e+18  1.042e+19 
ERR MATRIX APPROXIMATE
 PARAMETER  CORRELATION COEFFICIENTS  
       NO.  GLOBAL      1      3      4      6      8      9     20     21     22     23     24
        1  0.32572   1.000 -0.200  0.002 -0.054  0.022  0.033  0.051 -0.062  0.062  0.062  0.062
        3  0.37991  -0.200  1.000  0.010 -0.104 -0.006  0.029 -0.048  0.076 -0.076 -0.076 -0.076
        4  0.45990   0.002  0.010  1.000  0.014 -0.224  0.003 -0.022  0.059 -0.059 -0.059 -0.059
        6  0.17717  -0.054 -0.104  0.014  1.000  0.003 -0.057  0.003  0.006 -0.006 -0.006 -0.006
        8  0.32677   0.022 -0.006 -0.224  0.003  1.000  0.009  0.007  0.007 -0.007 -0.007 -0.007
        9  0.27609   0.033  0.029  0.003 -0.057  0.009  1.000 -0.014 -0.014  0.014  0.014  0.014
       20  0.99446   0.051 -0.048 -0.022  0.003  0.007 -0.014  1.000 -0.993  0.993  0.993  0.993
       21  1.00000  -0.062  0.076  0.059  0.006  0.007 -0.014 -0.993  1.000 -1.000 -1.000 -1.000
       22  1.00000   0.062 -0.076 -0.059 -0.006 -0.007  0.014  0.993 -1.000  1.000  1.000  1.000
       23  1.00000   0.062 -0.076 -0.059 -0.006 -0.007  0.014  0.993 -1.000  1.000  1.000  1.000
       24  1.00000   0.062 -0.076 -0.059 -0.006 -0.007  0.014  0.993 -1.000  1.000  1.000  1.000
 ERR MATRIX APPROXIMATE
MINUIT - FIT ONLY 1-y
 **********
 **   51 **RES 
 **********
                   PARAMETER   16  beta_vw RESTORED TO VARIABLE.
                   PARAMETER   14  alpha_vw RESTORED TO VARIABLE.
                   PARAMETER   13  beta_y RESTORED TO VARIABLE.
                   PARAMETER   11  alpha_y RESTORED TO VARIABLE.
                   PARAMETER   10  beta_2CBO RESTORED TO VARIABLE.
 **********
 **   52 **FIX            0
 **********
 PARAMETER    0  IS UNDEFINED. IGNORED.
 **********
 **   53 **FIX            1
 **********
 **********
 **   54 **FIX            2
 **********
 PARAMETER    2  IS CONSTANT.   IGNORED.
 **********
 **   55 **FIX            3
 **********
 **********
 **   56 **FIX            4
 **********
 **********
 **   57 **FIX            5
 **********
 PARAMETER    5  IS CONSTANT.   IGNORED.
 **********
 **   58 **FIX            6
 **********
 **********
 **   59 **FIX            7
 **********
 PARAMETER    7  IS CONSTANT.   IGNORED.
 **********
 **   60 **FIX            8
 **********
 **********
 **   61 **FIX            9
 **********
 **********
 **   62 **FIX           13
 **********
 **********
 **   63 **FIX           14
 **********
 **********
 **   64 **FIX           15
 **********
 PARAMETER   15  IS CONSTANT.   IGNORED.
 **********
 **   65 **FIX           16
 **********
 **********
 **   66 **MIGRAD
 **********
 START MIGRAD MINIMIZATION.  STRATEGY  1.  CONVERGENCE WHEN EDM .LT. 1.00e-04
 FCN=72.9258 FROM MIGRAD    STATUS=INITIATE       58 CALLS        6368 TOTAL
                     EDM= unknown      STRATEGY= 1      NO ERROR MATRIX       
  EXT PARAMETER               CURRENT GUESS       STEP         FIRST   
  NO.   NAME      VALUE            ERROR          SIZE      DERIVATIVE 
   1  N0           2.97007e+06     fixed    
   2  tau          6.44201e+01   constant   
   3  A0           3.53246e-01     fixed    
   4  phi          4.11899e+00     fixed    
   5  R           -5.91013e+01   constant   
   6  alpha_CBO   -5.81954e-04     fixed    
   7  w_CBO        2.32500e+00   constant   
   8  beta_CBO    -3.21236e-03     fixed    
   9  alpha_2CBO   1.27638e-04     fixed    
  10  beta_2CBO   -5.54588e-04   3.88912e-04   0.00000e+00  -1.87828e+03
  11  alpha_y      0.00000e+00   1.00000e-03   0.00000e+00  -3.65622e+01
  12  w_y          1.44500e+01   constant   
  13  beta_y      -3.56541e-04     fixed    
  14  alpha_vw     0.00000e+00     fixed    
  15  w_vw         1.29000e+01   constant   
  16  beta_vw      0.00000e+00     fixed    
  17  LM           5.89621e-04   constant   
  18  zeta_y       0.00000e+00   constant   
  19  zeta_vw      0.00000e+00   constant   
  20  T_CBO        8.88083e+00   8.19669e-01   0.00000e+00  -8.02306e+01
  21  alpha_A0     1.05863e+09   2.32697e+09   5.04555e+05  -3.80879e-12
  22  beta_A0     -4.17370e+09   9.16632e+09   0.00000e+00   2.14438e-11
  23  alpha_phi   -1.12603e+09   2.47086e+09   0.00000e+00   2.65389e-11
  24  beta_phi    -1.46963e+09   3.22740e+09   0.00000e+00   1.32667e-10
 MIGRAD MINIMIZATION HAS CONVERGED.
 MIGRAD WILL VERIFY CONVERGENCE AND ERROR MATRIX.
 COVARIANCE MATRIX CALCULATED SUCCESSFULLY
 FCN=72.7512 FROM MIGRAD    STATUS=CONVERGED     242 CALLS        6552 TOTAL
                     EDM=4.52253e-08    STRATEGY= 1      ERROR MATRIX ACCURATE 
  EXT PARAMETER                                   STEP         FIRST   
  NO.   NAME      VALUE            ERROR          SIZE      DERIVATIVE 
   1  N0           2.97007e+06     fixed    
   2  tau          6.44201e+01   constant   
   3  A0           3.53246e-01     fixed    
   4  phi          4.11899e+00     fixed    
   5  R           -5.91013e+01   constant   
   6  alpha_CBO   -5.81954e-04     fixed    
   7  w_CBO        2.32500e+00   constant   
   8  beta_CBO    -3.21236e-03     fixed    
   9  alpha_2CBO   1.27638e-04     fixed    
  10  beta_2CBO   -3.91750e-04   3.95530e-04   1.65825e-06   1.76428e-01
  11  alpha_y      1.03367e-06   3.95167e-04   1.65682e-06  -4.85616e-01
  12  w_y          1.44500e+01   constant   
  13  beta_y      -3.56541e-04     fixed    
  14  alpha_vw     0.00000e+00     fixed    
  15  w_vw         1.29000e+01   constant   
  16  beta_vw      0.00000e+00     fixed    
  17  LM           5.89621e-04   constant   
  18  zeta_y       0.00000e+00   constant   
  19  zeta_vw      0.00000e+00   constant   
  20  T_CBO        8.83717e+00   1.23842e-01   5.56407e-06   1.65762e-01
  21  alpha_A0     9.74238e+08   1.41421e+00   4.64553e+02  -2.89953e-11
  22  beta_A0     -4.83788e+09   1.41421e+00   2.30688e+03   3.68309e-12
  23  alpha_phi   -1.34887e+09   1.41421e+00   6.43193e+02   3.37909e-13
  24  beta_phi    -1.99654e+09   1.41421e+00   9.52025e+02   3.56755e-15
 EXTERNAL ERROR MATRIX.    NDIM=  25    NPAR=  7    ERR DEF=1
  1.564e-07 -2.588e-09  5.055e-07 -6.748e-14  6.841e-15 -4.788e-16 -4.966e-14 
 -2.588e-09  1.562e-07  6.694e-08 -8.034e-15 -3.328e-15  2.220e-15  2.415e-15 
  5.055e-07  6.694e-08  1.534e-02 -1.407e-11  1.007e-10  2.699e-11  4.652e-11 
 -6.748e-14 -8.034e-15 -1.407e-11  2.000e+00  1.510e-16  5.302e-18 -1.756e-18 
  6.841e-15 -3.328e-15  1.007e-10  1.510e-16  2.000e+00 -9.147e-19 -5.499e-19 
 -4.788e-16  2.220e-15  2.699e-11  5.302e-18 -9.147e-19  2.000e+00  2.542e-18 
 -4.966e-14  2.415e-15  4.652e-11 -1.756e-18 -5.499e-19  2.542e-18  2.000e+00 
 PARAMETER  CORRELATION COEFFICIENTS  
       NO.  GLOBAL     10     11     20     21     22     23     24
       10  0.01952   1.000 -0.017  0.010 -0.000  0.000 -0.000 -0.000
       11  0.01663  -0.017  1.000  0.001 -0.000 -0.000  0.000  0.000
       20  0.01043   0.010  0.001  1.000 -0.000  0.000  0.000  0.000
       21  0.00000  -0.000 -0.000 -0.000  1.000  0.000  0.000 -0.000
       22  0.00000   0.000 -0.000  0.000  0.000  1.000 -0.000 -0.000
       23  0.00000  -0.000  0.000  0.000  0.000 -0.000  1.000  0.000
       24  0.00000  -0.000  0.000  0.000 -0.000 -0.000  0.000  1.000
MINUIT - FIT ONLY 2-y
 **********
 **   67 **RES 
 **********
                   PARAMETER   16  beta_vw RESTORED TO VARIABLE.
                   PARAMETER   14  alpha_vw RESTORED TO VARIABLE.
                   PARAMETER   13  beta_y RESTORED TO VARIABLE.
                   PARAMETER    9  alpha_2CBO RESTORED TO VARIABLE.
                   PARAMETER    8  beta_CBO RESTORED TO VARIABLE.
                   PARAMETER    6  alpha_CBO RESTORED TO VARIABLE.
                   PARAMETER    4  phi RESTORED TO VARIABLE.
                   PARAMETER    3  A0 RESTORED TO VARIABLE.
                   PARAMETER    1  N0 RESTORED TO VARIABLE.
 **********
 **   68 **FIX            0
 **********
 PARAMETER    0  IS UNDEFINED. IGNORED.
 **********
 **   69 **FIX            1
 **********
 **********
 **   70 **FIX            2
 **********
 PARAMETER    2  IS CONSTANT.   IGNORED.
 **********
 **   71 **FIX            3
 **********
 **********
 **   72 **FIX            4
 **********
 **********
 **   73 **FIX            5
 **********
 PARAMETER    5  IS CONSTANT.   IGNORED.
 **********
 **   74 **FIX            6
 **********
 **********
 **   75 **FIX            7
 **********
 PARAMETER    7  IS CONSTANT.   IGNORED.
 **********
 **   76 **FIX            8
 **********
 **********
 **   77 **FIX            9
 **********
 **********
 **   78 **FIX           10
 **********
 **********
 **   79 **FIX           11
 **********
 **********
 **   80 **FIX           12
 **********
 PARAMETER   12  IS CONSTANT.   IGNORED.
 **********
 **   81 **FIX           16
 **********
 **********
 **   82 **MIGRAD
 **********
 START MIGRAD MINIMIZATION.  STRATEGY  1.  CONVERGENCE WHEN EDM .LT. 1.00e-04
 FCN=72.7512 FROM MIGRAD    STATUS=INITIATE       37 CALLS        6589 TOTAL
                     EDM= unknown      STRATEGY= 1      NO ERROR MATRIX       
  EXT PARAMETER               CURRENT GUESS       STEP         FIRST   
  NO.   NAME      VALUE            ERROR          SIZE      DERIVATIVE 
   1  N0           2.97007e+06     fixed    
   2  tau          6.44201e+01   constant   
   3  A0           3.53246e-01     fixed    
   4  phi          4.11899e+00     fixed    
   5  R           -5.91013e+01   constant   
   6  alpha_CBO   -5.81954e-04     fixed    
   7  w_CBO        2.32500e+00   constant   
   8  beta_CBO    -3.21236e-03     fixed    
   9  alpha_2CBO   1.27638e-04     fixed    
  10  beta_2CBO   -3.91750e-04     fixed    
  11  alpha_y      1.03367e-06     fixed    
  12  w_y          1.44500e+01   constant   
  13  beta_y      -3.56541e-04   3.92695e-04   0.00000e+00   1.25465e+02
  14  alpha_vw     0.00000e+00   1.00000e-03   0.00000e+00  -2.25997e+03
  15  w_vw         1.29000e+01   constant   
  16  beta_vw      0.00000e+00     fixed    
  17  LM           5.89621e-04   constant   
  18  zeta_y       0.00000e+00   constant   
  19  zeta_vw      0.00000e+00   constant   
  20  T_CBO        8.83717e+00   1.23842e-01   0.00000e+00   1.58365e+00
  21  alpha_A0     9.74238e+08   1.41421e+00   0.00000e+00  -2.89560e-11
  22  beta_A0     -4.84019e+09   1.41421e+00  -2.30688e+06   2.62545e-12
  23  alpha_phi   -1.34887e+09   1.41421e+00   0.00000e+00   4.00469e-13
  24  beta_phi    -1.99654e+09   1.41421e+00   0.00000e+00   1.07213e-13
 CALL LIMIT EXCEEDED IN MIGRAD.
 MIGRAD TERMINATED WITHOUT CONVERGENCE.
 FCN=72.276 FROM MIGRAD    STATUS=CALL LIMIT   1151 CALLS        7703 TOTAL
                     EDM=0.00304373    STRATEGY= 1  ERROR MATRIX UNCERTAINTY  37.0 per cent
  EXT PARAMETER                APPROXIMATE        STEP         FIRST   
  NO.   NAME      VALUE            ERROR          SIZE      DERIVATIVE 
   1  N0           2.97007e+06     fixed    
   2  tau          6.44201e+01   constant   
   3  A0           3.53246e-01     fixed    
   4  phi          4.11899e+00     fixed    
   5  R           -5.91013e+01   constant   
   6  alpha_CBO   -5.81954e-04     fixed    
   7  w_CBO        2.32500e+00   constant   
   8  beta_CBO    -3.21236e-03     fixed    
   9  alpha_2CBO   1.27638e-04     fixed    
  10  beta_2CBO   -3.91750e-04     fixed    
  11  alpha_y      1.03367e-06     fixed    
  12  w_y          1.44500e+01   constant   
  13  beta_y      -3.68222e-04   4.13153e-04   1.62377e-06   1.13849e+01
  14  alpha_vw     1.80630e-04   4.01333e-04  -2.17119e-07  -1.52686e+00
  15  w_vw         1.29000e+01   constant   
  16  beta_vw      0.00000e+00     fixed    
  17  LM           5.89621e-04   constant   
  18  zeta_y       0.00000e+00   constant   
  19  zeta_vw      0.00000e+00   constant   
  20  T_CBO        7.16847e+00   5.68168e-01  -2.65542e-04  -9.77017e+01
  21  alpha_A0     6.83130e+11   1.68152e+12   6.47095e+10  -4.61445e-15
  22  beta_A0     -3.09419e+12   7.46284e+12  -2.87245e+11   9.58687e-14
  23  alpha_phi   -8.48350e+11   2.04813e+12  -7.88321e+10  -1.09525e-14
  24  beta_phi    -1.35547e+12   3.28896e+12  -1.26587e+11  -8.28966e-15
 EXTERNAL ERROR MATRIX.    NDIM=  25    NPAR=  7    ERR DEF=1
  1.707e-07 -2.472e-09 -7.044e-06  2.990e+07 -1.326e+08 -3.638e+07 -5.845e+07 
 -2.472e-09  1.611e-07  1.001e-06 -4.158e+06  1.860e+07  5.096e+06  8.185e+06 
 -7.044e-06  1.001e-06  3.228e-01 -9.522e+11  4.226e+12  1.160e+12  1.862e+12 
  2.990e+07 -4.158e+06 -9.522e+11  2.827e+24 -1.255e+25 -3.444e+24 -5.530e+24 
 -1.326e+08  1.860e+07  4.226e+12 -1.255e+25  5.569e+25  1.528e+25  2.454e+25 
 -3.638e+07  5.096e+06  1.160e+12 -3.444e+24  1.528e+25  4.195e+24  6.736e+24 
 -5.845e+07  8.185e+06  1.862e+12 -5.530e+24  2.454e+25  6.736e+24  1.082e+25 
ERR MATRIX APPROXIMATE
 PARAMETER  CORRELATION COEFFICIENTS  
       NO.  GLOBAL     13     14     20     21     22     23     24
       13  0.16923   1.000 -0.015 -0.030  0.043 -0.043 -0.043 -0.043
       14  0.04452  -0.015  1.000  0.004 -0.006  0.006  0.006  0.006
       20  0.99707  -0.030  0.004  1.000 -0.997  0.997  0.997  0.997
       21  1.00000   0.043 -0.006 -0.997  1.000 -1.000 -1.000 -1.000
       22  1.00000  -0.043  0.006  0.997 -1.000  1.000  1.000  1.000
       23  1.00000  -0.043  0.006  0.997 -1.000  1.000  1.000  1.000
