 + ++++++++++++++++++++++++++++++++++++++++++++++++++++++++++++++++++++ +
 +                                                                      +
 +           You have chose to blind your fitting according to          +
 +                omega_ref * (1 + (R +/- deltaR) *10^{-6})             +
 +                                                                      +
 + ++++++++++++++++++++++++++++++++++++++++++++++++++++++++++++++++++++ +
In main()...
reading format from /gm2data/zkhechad/run45/envelope/formats/formatB_sBin_constraintOn.txt
pBinTau 	= 0  
pBinPhi 	= 0  
constraintau 	= 1 
includeMopTerm 	= 0    
constrainMop    = 0   
Parameters after format file: pBinTau 0 pBinPhi 0 constraintau 1 includeMopTerm 0 constrainMop 0 c_e_scale 0.000000 
Opening file /gm2data/tbarrett/gm2fr/studies/run23_bunch_corrections/CorrectedFourier_Run3b.root.
reading full fit data from /gm2data/zkhechad/cboTemplates/Run4CBOTemplates/templateFits0_v2.0/noRF/sBin_constraintOn_cE0.0_seed0_noRF_calo15.root
windowBins = 69
fitting sliding window 1348 from bin 1484 at 221.263600 to bin 1553 at 231.707600 (69 bins)

Reading data from /gm2data/cornell/histograms/aMethod/histogram_a_noRF.root
 **********
 **    1 **SET PRINTOUT            1
 **********
 **********
 **    2 **SET NOWARNINGS 
 **********
 PARAMETER DEFINITIONS:
    NO.   NAME         VALUE      STEP SIZE      LIMITS
     1 N0           3.09167e+06  1.00000e+02     no limits
     2 tau          6.43743e+01  constant
     3 A0           3.54035e-01  1.00000e-04     no limits
     4 phi          4.11947e+00  1.00000e-02     no limits
     5 R           -6.00908e+01  constant
     6 alpha_CBO    0.00000e+00  1.00000e-03     no limits
     7 w_CBO        2.32500e+00  constant
     8 beta_CBO     0.00000e+00  1.00000e-03     no limits
     9 alpha_2CBO   0.00000e+00  1.00000e-03     no limits
    10 beta_2CBO    0.00000e+00  1.00000e-03     no limits
    11 alpha_y      0.00000e+00  1.00000e-03     no limits
    12 w_y          1.44500e+01  constant
    13 beta_y       0.00000e+00  1.00000e-03     no limits
    14 alpha_vw     0.00000e+00  1.00000e-03     no limits
    15 w_vw         1.29000e+01  constant
    16 beta_vw      0.00000e+00  1.00000e-03     no limits
    17 LM          -9.88464e-04  constant
    18 zeta_y       0.00000e+00  constant
    19 zeta_vw      0.00000e+00  constant
    20 T_CBO        1.00000e+02  1.00000e+00    0.00000e+00  1.00000e+03
    21 alpha_A0     0.00000e+00  1.00000e-03     no limits
    22 beta_A0      0.00000e+00  1.00000e-03     no limits
    23 alpha_phi    0.00000e+00  1.00000e-03     no limits
    24 beta_phi     0.00000e+00  1.00000e-03     no limits
MINUIT - FIT ONLY WIGGLE
 **********
 **    3 **FIX            5
 **********
 PARAMETER    5  IS CONSTANT.   IGNORED.
 **********
 **    4 **FIX            6
 **********
 **********
 **    5 **FIX            7
 **********
 PARAMETER    7  IS CONSTANT.   IGNORED.
 **********
 **    6 **FIX            8
 **********
 **********
 **    7 **FIX            9
 **********
 **********
 **    8 **FIX           10
 **********
 **********
 **    9 **FIX           11
 **********
 **********
 **   10 **FIX           12
 **********
 PARAMETER   12  IS CONSTANT.   IGNORED.
 **********
 **   11 **FIX           13
 **********
 **********
 **   12 **FIX           14
 **********
 **********
 **   13 **FIX           15
 **********
 PARAMETER   15  IS CONSTANT.   IGNORED.
 **********
 **   14 **FIX           16
 **********
 **********
 **   15 **MIGRAD
 **********
 FIRST CALL TO USER FUNCTION AT NEW START POINT, WITH IFLAG=4.
 START MIGRAD MINIMIZATION.  STRATEGY  1.  CONVERGENCE WHEN EDM .LT. 1.00e-04
 FCN=162.233 FROM MIGRAD    STATUS=INITIATE      437 CALLS         438 TOTAL
                     EDM= unknown      STRATEGY= 1      NO ERROR MATRIX       
  EXT PARAMETER               CURRENT GUESS       STEP         FIRST   
  NO.   NAME      VALUE            ERROR          SIZE      DERIVATIVE 
   1  N0           3.09167e+06   1.00000e+02   0.00000e+00  -6.14086e-03
   2  tau          6.43743e+01   constant   
   3  A0           3.54035e-01   1.00000e-04   0.00000e+00  -7.59862e+03
   4  phi          4.11947e+00   1.00000e-02   0.00000e+00  -3.76351e+03
   5  R           -6.00908e+01   constant   
   6  alpha_CBO    0.00000e+00     fixed    
   7  w_CBO        2.32500e+00   constant   
   8  beta_CBO     0.00000e+00     fixed    
   9  alpha_2CBO   0.00000e+00     fixed    
  10  beta_2CBO    0.00000e+00     fixed    
  11  alpha_y      0.00000e+00     fixed    
  12  w_y          1.44500e+01   constant   
  13  beta_y       0.00000e+00     fixed    
  14  alpha_vw     0.00000e+00     fixed    
  15  w_vw         1.29000e+01   constant   
  16  beta_vw      0.00000e+00     fixed    
  17  LM          -9.88464e-04   constant   
  18  zeta_y       0.00000e+00   constant   
  19  zeta_vw      0.00000e+00   constant   
  20  T_CBO        1.00000e+02   1.00000e+00   0.00000e+00   0.00000e+00
  21  alpha_A0     0.00000e+00   1.00000e-03   0.00000e+00   1.71297e+01
  22  beta_A0      0.00000e+00   1.00000e-03   0.00000e+00  -5.87797e+02
  23  alpha_phi    0.00000e+00   1.00000e-03   0.00000e+00   9.65665e+01
  24  beta_phi     0.00000e+00   1.00000e-03   0.00000e+00  -7.67853e+01
 CALL LIMIT EXCEEDED IN MIGRAD.
 MIGRAD TERMINATED WITHOUT CONVERGENCE.
 FCN=139.761 FROM MIGRAD    STATUS=CALL LIMIT   1334 CALLS        1335 TOTAL
                     EDM=6.62278e-05    STRATEGY= 1  ERROR MATRIX UNCERTAINTY   0.3 per cent
  EXT PARAMETER                APPROXIMATE        STEP         FIRST   
  NO.   NAME      VALUE            ERROR          SIZE      DERIVATIVE 
   1  N0           3.09281e+06   7.45867e+02   9.83345e-01  -2.73686e-06
   2  tau          6.43743e+01   constant   
   3  A0           3.54560e-01   3.20275e-04   3.40443e-06   3.93428e+01
   4  phi          4.12087e+00   9.36873e-04  -4.37928e-06  -5.12444e+00
   5  R           -6.00908e+01   constant   
   6  alpha_CBO    0.00000e+00     fixed    
   7  w_CBO        2.32500e+00   constant   
   8  beta_CBO     0.00000e+00     fixed    
   9  alpha_2CBO   0.00000e+00     fixed    
  10  beta_2CBO    0.00000e+00     fixed    
  11  alpha_y      0.00000e+00     fixed    
  12  w_y          1.44500e+01   constant   
  13  beta_y       0.00000e+00     fixed    
  14  alpha_vw     0.00000e+00     fixed    
  15  w_vw         1.29000e+01   constant   
  16  beta_vw      0.00000e+00     fixed    
  17  LM          -9.88464e-04   constant   
  18  zeta_y       0.00000e+00   constant   
  19  zeta_vw      0.00000e+00   constant   
  20  T_CBO        4.98554e+01   3.22629e+01  -1.21041e-03  -7.30673e-01
  21  alpha_A0     1.08802e-02   7.45864e-02   5.55286e-04   2.88557e-01
  22  beta_A0      4.58080e-01   1.28572e+00   1.04448e-02  -1.38806e-01
  23  alpha_phi   -6.03444e-02   1.80732e-01  -1.44055e-03  -3.87406e-02
  24  beta_phi     2.26316e-02   9.20167e-02   6.93894e-04   3.01833e-01
 EXTERNAL ERROR MATRIX.    NDIM=  25    NPAR=  8    ERR DEF=1
  5.563e+05  7.418e-03 -8.896e-02 -2.411e+03  5.404e+00  8.497e+01 -1.413e+01  5.321e+00 
  7.418e-03  1.026e-07  4.861e-09 -3.674e-03  8.084e-06  1.552e-04 -2.090e-05  9.887e-06 
 -8.896e-02  4.861e-09  8.777e-07  5.809e-03 -1.274e-05 -2.353e-04  3.320e-05 -1.477e-05 
 -2.411e+03 -3.674e-03  5.809e-03  1.049e+03 -2.321e+00 -4.146e+01  5.813e+00 -2.919e+00 
  5.404e+00  8.084e-06 -1.274e-05 -2.321e+00  5.563e-03  9.317e-02 -1.309e-02  6.697e-03 
  8.497e+01  1.552e-04 -2.353e-04 -4.146e+01  9.317e-02  1.653e+00 -2.318e-01  1.167e-01 
 -1.413e+01 -2.090e-05  3.320e-05  5.813e+00 -1.309e-02 -2.318e-01  3.266e-02 -1.640e-02 
  5.321e+00  9.887e-06 -1.477e-05 -2.919e+00  6.697e-03  1.167e-01 -1.640e-02  8.467e-03 
ERR MATRIX APPROXIMATE
 PARAMETER  CORRELATION COEFFICIENTS  
       NO.  GLOBAL      1      3      4     20     21     22     23     24
        1  0.33541   1.000  0.031 -0.127 -0.100  0.097  0.089 -0.105  0.078
        3  0.56387   0.031  1.000  0.016 -0.354  0.338  0.377 -0.361  0.335
        4  0.30820  -0.127  0.016  1.000  0.191 -0.182 -0.195  0.196 -0.171
       20  0.99683  -0.100 -0.354  0.191  1.000 -0.961 -0.996  0.993 -0.980
       21  0.97973   0.097  0.338 -0.182 -0.961  1.000  0.972 -0.971  0.976
       22  0.99893   0.089  0.377 -0.195 -0.996  0.972  1.000 -0.997  0.986
       23  0.99772  -0.105 -0.361  0.196  0.993 -0.971 -0.997  1.000 -0.986
       24  0.99001   0.078  0.335 -0.171 -0.980  0.976  0.986 -0.986  1.000
 ERR MATRIX APPROXIMATE
MINUIT - FIT ONLY 1-CBO + wiggle
 **********
 **   16 **RES 
 **********
                   PARAMETER   16  beta_vw RESTORED TO VARIABLE.
                   PARAMETER   14  alpha_vw RESTORED TO VARIABLE.
                   PARAMETER   13  beta_y RESTORED TO VARIABLE.
                   PARAMETER   11  alpha_y RESTORED TO VARIABLE.
                   PARAMETER   10  beta_2CBO RESTORED TO VARIABLE.
                   PARAMETER    9  alpha_2CBO RESTORED TO VARIABLE.
                   PARAMETER    8  beta_CBO RESTORED TO VARIABLE.
                   PARAMETER    6  alpha_CBO RESTORED TO VARIABLE.
 **********
 **   17 **FIX            8
 **********
 **********
 **   18 **FIX            9
 **********
 **********
 **   19 **FIX           11
 **********
 **********
 **   20 **FIX           12
 **********
 PARAMETER   12  IS CONSTANT.   IGNORED.
 **********
 **   21 **FIX           14
 **********
 **********
 **   22 **FIX           15
 **********
 PARAMETER   15  IS CONSTANT.   IGNORED.
 **********
 **   23 **FIX           16
 **********
 **********
 **   24 **MIGRAD
 **********
 START MIGRAD MINIMIZATION.  STRATEGY  1.  CONVERGENCE WHEN EDM .LT. 1.00e-04
 FCN=139.761 FROM MIGRAD    STATUS=INITIATE       28 CALLS        1363 TOTAL
                     EDM= unknown      STRATEGY= 1      NO ERROR MATRIX       
  EXT PARAMETER               CURRENT GUESS       STEP         FIRST   
  NO.   NAME      VALUE            ERROR          SIZE      DERIVATIVE 
   1  N0           3.09281e+06   7.45867e+02   9.83345e-01  -2.73686e-06
   2  tau          6.43743e+01   constant   
   3  A0           3.54560e-01   3.20275e-04   3.40443e-06   3.93428e+01
   4  phi          4.12087e+00   9.36873e-04  -4.37928e-06  -5.12444e+00
   5  R           -6.00908e+01   constant   
   6  alpha_CBO    0.00000e+00   1.00000e-03   1.00000e-03  -4.10162e+04
   7  w_CBO        2.32500e+00   constant   
   8  beta_CBO     0.00000e+00     fixed    
   9  alpha_2CBO   0.00000e+00     fixed    
  10  beta_2CBO    0.00000e+00   1.00000e-03   1.00000e-03  -1.30661e+03
  11  alpha_y      0.00000e+00     fixed    
  12  w_y          1.44500e+01   constant   
  13  beta_y       0.00000e+00   1.00000e-03   1.00000e-03   1.31078e+04
  14  alpha_vw     0.00000e+00     fixed    
  15  w_vw         1.29000e+01   constant   
  16  beta_vw      0.00000e+00     fixed    
  17  LM          -9.88464e-04   constant   
  18  zeta_y       0.00000e+00   constant   
  19  zeta_vw      0.00000e+00   constant   
  20  T_CBO        4.98554e+01   3.22629e+01  -1.21041e-03  -7.30678e-01
  21  alpha_A0     1.08802e-02   7.45864e-02   5.55286e-04   2.88557e-01
  22  beta_A0      4.58080e-01   1.28572e+00   1.04448e-02  -1.38806e-01
  23  alpha_phi   -6.03444e-02   1.80732e-01  -1.44055e-03  -3.87406e-02
  24  beta_phi     2.26316e-02   9.20167e-02   6.93894e-04   3.01833e-01
 MIGRAD MINIMIZATION HAS CONVERGED.
 MIGRAD WILL VERIFY CONVERGENCE AND ERROR MATRIX.
 FCN=82.6834 FROM HESSE     STATUS=NOT POSDEF    100 CALLS        1606 TOTAL
                     EDM=0.00163903    STRATEGY= 1      ERR MATRIX NOT POS-DEF
  EXT PARAMETER                APPROXIMATE        STEP         FIRST   
  NO.   NAME      VALUE            ERROR          SIZE      DERIVATIVE 
   1  N0           3.09250e+06   7.91696e+02   3.28976e+00  -2.21767e-06
   2  tau          6.43743e+01   constant   
   3  A0           3.53963e-01   3.47527e-04   1.45831e-06   2.89868e+00
   4  phi          4.12160e+00   9.46767e-04   4.11667e-06   1.34687e+00
   5  R           -6.00908e+01   constant   
   6  alpha_CBO    2.53110e-03   3.50121e-04   1.48636e-06  -8.24701e-01
   7  w_CBO        2.32500e+00   constant   
   8  beta_CBO     0.00000e+00     fixed    
   9  alpha_2CBO   0.00000e+00     fixed    
  10  beta_2CBO   -1.82636e-05   3.45873e-04   1.51049e-06  -5.55188e+00
  11  alpha_y      0.00000e+00     fixed    
  12  w_y          1.44500e+01   constant   
  13  beta_y      -7.87612e-04   3.41467e-04   1.52768e-06  -2.47261e+00
  14  alpha_vw     0.00000e+00     fixed    
  15  w_vw         1.29000e+01   constant   
  16  beta_vw      0.00000e+00     fixed    
  17  LM          -9.88464e-04   constant   
  18  zeta_y       0.00000e+00   constant   
  19  zeta_vw      0.00000e+00   constant   
  20  T_CBO        4.92969e+01   4.41328e+01   5.89523e-05  -1.78702e-01
  21  alpha_A0    -1.71737e-01   7.23685e-01   5.58212e-04  -9.69428e-04
  22  beta_A0      4.28970e-01   1.77028e+00   5.86831e-04   2.44907e-02
  23  alpha_phi   -9.40161e-02   4.11087e-01   5.67047e-04   5.25263e-03
  24  beta_phi     8.15230e-02   3.59182e-01   5.70466e-04   6.55009e-03
 CALL LIMIT EXCEEDED IN MIGRAD.
 MIGRAD TERMINATED WITHOUT CONVERGENCE.
 FCN=82.6365 FROM MIGRAD    STATUS=CALL LIMIT   1918 CALLS        3253 TOTAL
                     EDM=0.000455548    STRATEGY= 1      ERR MATRIX NOT POS-DEF
  EXT PARAMETER                APPROXIMATE        STEP         FIRST   
  NO.   NAME      VALUE            ERROR          SIZE      DERIVATIVE 
   1  N0           3.09249e+06   7.81056e+02   2.60885e+00  -1.48602e-05
   2  tau          6.43743e+01   constant   
   3  A0           3.53945e-01   3.34703e-04   5.27444e-08   2.14263e+01
   4  phi          4.12161e+00   9.43031e-04  -1.68731e-06   2.58810e+00
   5  R           -6.00908e+01   constant   
   6  alpha_CBO    2.53320e-03   3.40826e-04  -2.59520e-07   5.93716e+00
   7  w_CBO        2.32500e+00   constant   
   8  beta_CBO     0.00000e+00     fixed    
   9  alpha_2CBO   0.00000e+00     fixed    
  10  beta_2CBO   -2.07661e-05   3.43334e-04   9.23723e-07   3.12597e+00
  11  alpha_y      0.00000e+00     fixed    
  12  w_y          1.44500e+01   constant   
  13  beta_y      -7.87757e-04   3.41449e-04  -2.23360e-07  -4.85462e+00
  14  alpha_vw     0.00000e+00     fixed    
  15  w_vw         1.29000e+01   constant   
  16  beta_vw      0.00000e+00     fixed    
  17  LM          -9.88464e-04   constant   
  18  zeta_y       0.00000e+00   constant   
  19  zeta_vw      0.00000e+00   constant   
  20  T_CBO        1.24969e+02   1.89990e+02   1.09810e-02  -6.28132e-01
  21  alpha_A0    -1.03624e-02   3.46801e-02   6.24256e-04   1.22139e+00
  22  beta_A0      2.68052e-02   8.66908e-02  -1.56479e-03  -3.96200e+00
  23  alpha_phi   -5.71093e-03   1.97325e-02   3.03239e-04  -9.06563e-01
  24  beta_phi     5.27590e-03   1.87916e-02  -3.61599e-04  -6.73587e-01
 EXTERNAL ERROR MATRIX.    NDIM=  25    NPAR= 11    ERR DEF=1
  6.100e+05 
  1.082e-02  1.120e-07 
 -1.436e-01 -7.059e-09  8.893e-07 
 -1.812e-02 -2.489e-08  2.993e-08  1.162e-07 
  6.540e-03  5.618e-09 -1.431e-08 -5.304e-09  1.179e-07 
 -5.385e-03 -6.788e-11 -1.868e-09 -3.519e-10  2.581e-10  1.166e-07 
 -4.458e+03 -1.911e-03  3.924e-03  8.486e-04 -2.075e-04 -1.558e-03  4.096e+04 
 -4.869e-01 -1.099e-07  5.238e-07 -4.636e-07 -4.133e-07 -2.631e-07  6.749e+00  1.203e-03 
  7.964e-01  1.379e-06 -1.399e-06 -5.420e-07  3.944e-07  5.838e-07 -1.749e+01 -2.858e-03  7.515e-03 
 -1.938e+00  3.994e-07  7.351e-07  6.413e-09 -1.279e-07 -2.135e-07  3.547e+00  5.884e-04 -1.519e-03  3.894e-04 
 -5.873e-01 -3.113e-07  9.560e-07  1.599e-07 -6.449e-07  1.278e-07 -3.232e+00 -5.226e-04  1.358e-03 -2.754e-04  3.531e-04 
ERR MATRIX NOT POS-DEF
 PARAMETER  CORRELATION COEFFICIENTS  
       NO.  GLOBAL      1      3      4      6     10     13     20     21     22     23     24
        1  0.45717   1.000  0.041 -0.195 -0.068  0.024 -0.020 -0.028 -0.018  0.012 -0.126 -0.040
        3  0.40661   0.041  1.000 -0.022 -0.218  0.049 -0.001 -0.028 -0.009  0.048  0.060 -0.049
        4  0.24684  -0.195 -0.022  1.000  0.093 -0.044 -0.006  0.021  0.016 -0.017  0.040  0.054
        6  0.30556  -0.068 -0.218  0.093  1.000 -0.045 -0.003  0.012 -0.039 -0.018  0.001  0.025
       10  0.25873   0.024  0.049 -0.044 -0.045  1.000  0.002 -0.003 -0.035  0.013 -0.019 -0.100
       13  0.07230  -0.020 -0.001 -0.006 -0.003  0.002  1.000 -0.023 -0.022  0.020 -0.032  0.020
       20  0.99863  -0.028 -0.028  0.021  0.012 -0.003 -0.023  1.000  0.961 -0.997  0.888 -0.850
       21  0.97200  -0.018 -0.009  0.016 -0.039 -0.035 -0.022  0.961  1.000 -0.951  0.860 -0.802
       22  0.99813   0.012  0.048 -0.017 -0.018  0.013  0.020 -0.997 -0.951  1.000 -0.888  0.833
       23  0.90423  -0.126  0.060  0.040  0.001 -0.019 -0.032  0.888  0.860 -0.888  1.000 -0.743
       24  0.88846  -0.040 -0.049  0.054  0.025 -0.100  0.020 -0.850 -0.802  0.833 -0.743  1.000
 ERR MATRIX NOT POS-DEF
MINUIT - FIT ONLY 2-CBO
 **********
 **   25 **RES 
 **********
                   PARAMETER   16  beta_vw RESTORED TO VARIABLE.
                   PARAMETER   14  alpha_vw RESTORED TO VARIABLE.
                   PARAMETER   11  alpha_y RESTORED TO VARIABLE.
                   PARAMETER    9  alpha_2CBO RESTORED TO VARIABLE.
                   PARAMETER    8  beta_CBO RESTORED TO VARIABLE.
 **********
 **   26 **FIX            0
 **********
 PARAMETER    0  IS UNDEFINED. IGNORED.
 **********
 **   27 **FIX            1
 **********
 **********
 **   28 **FIX            2
 **********
 PARAMETER    2  IS CONSTANT.   IGNORED.
 **********
 **   29 **FIX            3
 **********
 **********
 **   30 **FIX            4
 **********
 **********
 **   31 **FIX            5
 **********
 PARAMETER    5  IS CONSTANT.   IGNORED.
 **********
 **   32 **FIX            6
 **********
 **********
 **   33 **FIX            7
 **********
 PARAMETER    7  IS CONSTANT.   IGNORED.
 **********
 **   34 **FIX           10
 **********
 **********
 **   35 **FIX           11
 **********
 **********
 **   36 **FIX           12
 **********
 PARAMETER   12  IS CONSTANT.   IGNORED.
 **********
 **   37 **FIX           13
 **********
 **********
 **   38 **FIX           14
 **********
 **********
 **   39 **FIX           15
 **********
 PARAMETER   15  IS CONSTANT.   IGNORED.
 **********
 **   40 **FIX           16
 **********
 **********
 **   41 **MIGRAD
 **********
 START MIGRAD MINIMIZATION.  STRATEGY  1.  CONVERGENCE WHEN EDM .LT. 1.00e-04
 FCN=82.6365 FROM MIGRAD    STATUS=INITIATE       18 CALLS        3271 TOTAL
                     EDM= unknown      STRATEGY= 1      NO ERROR MATRIX       
  EXT PARAMETER               CURRENT GUESS       STEP         FIRST   
  NO.   NAME      VALUE            ERROR          SIZE      DERIVATIVE 
   1  N0           3.09249e+06     fixed    
   2  tau          6.43743e+01   constant   
   3  A0           3.53945e-01     fixed    
   4  phi          4.12161e+00     fixed    
   5  R           -6.00908e+01   constant   
   6  alpha_CBO    2.53320e-03     fixed    
   7  w_CBO        2.32500e+00   constant   
   8  beta_CBO     0.00000e+00   1.00000e-03   1.00000e-03  -1.44743e+04
   9  alpha_2CBO   0.00000e+00   1.00000e-03   1.00000e-03   1.04534e+04
  10  beta_2CBO   -2.07661e-05     fixed    
  11  alpha_y      0.00000e+00     fixed    
  12  w_y          1.44500e+01   constant   
  13  beta_y      -7.87757e-04     fixed    
  14  alpha_vw     0.00000e+00     fixed    
  15  w_vw         1.29000e+01   constant   
  16  beta_vw      0.00000e+00     fixed    
  17  LM          -9.88464e-04   constant   
  18  zeta_y       0.00000e+00   constant   
  19  zeta_vw      0.00000e+00   constant   
  20  T_CBO        1.24969e+02   1.89990e+02   1.09810e-02  -6.28130e-01
  21  alpha_A0    -1.03624e-02   3.46801e-02   6.24256e-04   1.22139e+00
  22  beta_A0      2.68052e-02   8.66908e-02  -1.56479e-03  -3.96200e+00
  23  alpha_phi   -5.71093e-03   1.97325e-02   3.03239e-04  -9.06563e-01
  24  beta_phi     5.27590e-03   1.87916e-02  -3.61599e-04  -6.73587e-01
 MIGRAD MINIMIZATION HAS CONVERGED.
 MIGRAD WILL VERIFY CONVERGENCE AND ERROR MATRIX.
 FCN=73.4319 FROM HESSE     STATUS=NOT POSDEF     50 CALLS        3384 TOTAL
                     EDM=0.00154826    STRATEGY= 1      ERR MATRIX NOT POS-DEF
  EXT PARAMETER                APPROXIMATE        STEP         FIRST   
  NO.   NAME      VALUE            ERROR          SIZE      DERIVATIVE 
   1  N0           3.09249e+06     fixed    
   2  tau          6.43743e+01   constant   
   3  A0           3.53945e-01     fixed    
   4  phi          4.12161e+00     fixed    
   5  R           -6.00908e+01   constant   
   6  alpha_CBO    2.53320e-03     fixed    
   7  w_CBO        2.32500e+00   constant   
   8  beta_CBO     8.51919e-04   3.51193e-04   1.46115e-06  -2.28225e+00
   9  alpha_2CBO  -5.82877e-04   3.50121e-04   1.43658e-06  -2.79110e+00
  10  beta_2CBO   -2.07661e-05     fixed    
  11  alpha_y      0.00000e+00     fixed    
  12  w_y          1.44500e+01   constant   
  13  beta_y      -7.87757e-04     fixed    
  14  alpha_vw     0.00000e+00     fixed    
  15  w_vw         1.29000e+01   constant   
  16  beta_vw      0.00000e+00     fixed    
  17  LM          -9.88464e-04   constant   
  18  zeta_y       0.00000e+00   constant   
  19  zeta_vw      0.00000e+00   constant   
  20  T_CBO        1.20431e+02   2.62511e+02   2.52937e-04  -4.66614e-02
  21  alpha_A0    -1.22336e-02   5.90642e-02   3.49519e-05   1.12748e-01
  22  beta_A0      2.38273e-02   1.13131e-01   3.69750e-05   2.78061e-01
  23  alpha_phi   -3.45584e-03   1.88314e-02   3.58711e-05  -1.85408e-01
  24  beta_phi     5.96321e-03   2.97307e-02   3.58051e-05   2.44794e-01
 CALL LIMIT EXCEEDED IN MIGRAD.
 MIGRAD TERMINATED WITHOUT CONVERGENCE.
 FCN=73.4098 FROM MIGRAD    STATUS=CALL LIMIT   1159 CALLS        4412 TOTAL
                     EDM=0.000146551    STRATEGY= 1      ERR MATRIX NOT POS-DEF
  EXT PARAMETER                APPROXIMATE        STEP         FIRST   
  NO.   NAME      VALUE            ERROR          SIZE      DERIVATIVE 
   1  N0           3.09249e+06     fixed    
   2  tau          6.43743e+01   constant   
   3  A0           3.53945e-01     fixed    
   4  phi          4.12161e+00     fixed    
   5  R           -6.00908e+01   constant   
   6  alpha_CBO    2.53320e-03     fixed    
   7  w_CBO        2.32500e+00   constant   
   8  beta_CBO     8.52629e-04   3.51436e-04   1.75661e-06   2.06917e+01
   9  alpha_2CBO  -5.83107e-04   3.44295e-04   1.01863e-06   8.52019e+00
  10  beta_2CBO   -2.07661e-05     fixed    
  11  alpha_y      0.00000e+00     fixed    
  12  w_y          1.44500e+01   constant   
  13  beta_y      -7.87757e-04     fixed    
  14  alpha_vw     0.00000e+00     fixed    
  15  w_vw         1.29000e+01   constant   
  16  beta_vw      0.00000e+00     fixed    
  17  LM          -9.88464e-04   constant   
  18  zeta_y       0.00000e+00   constant   
  19  zeta_vw      0.00000e+00   constant   
  20  T_CBO        7.00412e+02   6.57753e+02   6.88013e-02  -9.67787e-03
  21  alpha_A0    -2.52980e-03   6.65745e-03   5.26681e-05   9.45513e+00
  22  beta_A0      5.06613e-03   1.24989e-02  -6.45090e-05  -2.07245e+00
  23  alpha_phi   -6.98195e-04   2.98584e-03   1.32967e-05  -9.29097e-01
  24  beta_phi     1.26509e-03   3.74892e-03  -1.24296e-05   2.28495e-01
 EXTERNAL ERROR MATRIX.    NDIM=  25    NPAR=  7    ERR DEF=1
  1.235e-07  7.848e-09  1.684e-01  9.979e-08 -5.238e-07  1.169e-07 -1.527e-08 
  7.848e-09  1.185e-07  8.002e-02  8.407e-08 -1.123e-07 -7.463e-08  8.555e-10 
  1.684e-01  8.002e-02  1.936e+07  2.833e+01 -5.390e+01  8.743e+00 -1.276e+01 
  9.979e-08  8.407e-08  2.833e+01  4.432e-05 -7.887e-05  1.218e-05 -1.950e-05 
 -5.238e-07 -1.123e-07 -5.390e+01 -7.887e-05  1.562e-04 -2.489e-05  3.513e-05 
  1.169e-07 -7.463e-08  8.743e+00  1.218e-05 -2.489e-05  8.915e-06 -5.435e-06 
 -1.527e-08  8.555e-10 -1.276e+01 -1.950e-05  3.513e-05 -5.435e-06  1.405e-05 
ERR MATRIX NOT POS-DEF
 PARAMETER  CORRELATION COEFFICIENTS  
       NO.  GLOBAL      8      9     20     21     22     23     24
        8  0.28786   1.000  0.065  0.109  0.043 -0.119  0.111 -0.012
        9  0.22484   0.065  1.000  0.053  0.037 -0.026 -0.073  0.001
       20  0.98838   0.109  0.053  1.000  0.967 -0.980  0.665 -0.774
       21  0.97093   0.043  0.037  0.967  1.000 -0.948  0.613 -0.781
       22  0.98073  -0.119 -0.026 -0.980 -0.948  1.000 -0.667  0.750
       23  0.68929   0.111 -0.073  0.665  0.613 -0.667  1.000 -0.486
       24  0.78793  -0.012  0.001 -0.774 -0.781  0.750 -0.486  1.000
 ERR MATRIX NOT POS-DEF
MINUIT - FIT wiggle + 1-CBO + 2-CBO
 **********
 **   42 **RES 
 **********
                   PARAMETER   16  beta_vw RESTORED TO VARIABLE.
                   PARAMETER   14  alpha_vw RESTORED TO VARIABLE.
                   PARAMETER   13  beta_y RESTORED TO VARIABLE.
                   PARAMETER   11  alpha_y RESTORED TO VARIABLE.
                   PARAMETER   10  beta_2CBO RESTORED TO VARIABLE.
                   PARAMETER    6  alpha_CBO RESTORED TO VARIABLE.
                   PARAMETER    4  phi RESTORED TO VARIABLE.
                   PARAMETER    3  A0 RESTORED TO VARIABLE.
                   PARAMETER    1  N0 RESTORED TO VARIABLE.
 **********
 **   43 **FIX           10
 **********
 **********
 **   44 **FIX           11
 **********
 **********
 **   45 **FIX           12
 **********
 PARAMETER   12  IS CONSTANT.   IGNORED.
 **********
 **   46 **FIX           13
 **********
 **********
 **   47 **FIX           14
 **********
 **********
 **   48 **FIX           15
 **********
 PARAMETER   15  IS CONSTANT.   IGNORED.
 **********
 **   49 **FIX           16
 **********
 **********
 **   50 **MIGRAD
 **********
 START MIGRAD MINIMIZATION.  STRATEGY  1.  CONVERGENCE WHEN EDM .LT. 1.00e-04
 FCN=73.4098 FROM MIGRAD    STATUS=INITIATE       22 CALLS        4434 TOTAL
                     EDM= unknown      STRATEGY= 1      NO ERROR MATRIX       
  EXT PARAMETER               CURRENT GUESS       STEP         FIRST   
  NO.   NAME      VALUE            ERROR          SIZE      DERIVATIVE 
   1  N0           3.09249e+06   7.81056e+02   7.81056e+02   2.41255e-04
   2  tau          6.43743e+01   constant   
   3  A0           3.53945e-01   3.34703e-04   3.34703e-04   1.13814e+03
   4  phi          4.12161e+00   9.43031e-04   9.43031e-04   7.72732e+02
   5  R           -6.00908e+01   constant   
   6  alpha_CBO    2.53320e-03   3.40826e-04   3.40826e-04  -4.87231e+02
   7  w_CBO        2.32500e+00   constant   
   8  beta_CBO     8.52629e-04   3.51436e-04   1.75661e-06   2.06917e+01
   9  alpha_2CBO  -5.83107e-04   3.44295e-04   1.01863e-06   8.52019e+00
  10  beta_2CBO   -2.07661e-05     fixed    
  11  alpha_y      0.00000e+00     fixed    
  12  w_y          1.44500e+01   constant   
  13  beta_y      -7.87757e-04     fixed    
  14  alpha_vw     0.00000e+00     fixed    
  15  w_vw         1.29000e+01   constant   
  16  beta_vw      0.00000e+00     fixed    
  17  LM          -9.88464e-04   constant   
  18  zeta_y       0.00000e+00   constant   
  19  zeta_vw      0.00000e+00   constant   
  20  T_CBO        7.00412e+02   6.57753e+02   6.88013e-02  -9.68373e-03
  21  alpha_A0    -2.52980e-03   6.65745e-03   5.26681e-05   9.45513e+00
  22  beta_A0      5.06613e-03   1.24989e-02  -6.45090e-05  -2.07246e+00
  23  alpha_phi   -6.98195e-04   2.98584e-03   1.32967e-05  -9.29097e-01
  24  beta_phi     1.26509e-03   3.74892e-03  -1.24296e-05   2.28495e-01
 MIGRAD MINIMIZATION HAS CONVERGED.
 MIGRAD WILL VERIFY CONVERGENCE AND ERROR MATRIX.
 COVARIANCE MATRIX CALCULATED SUCCESSFULLY
 FCN=73.2274 FROM HESSE     STATUS=OK            100 CALLS        4653 TOTAL
                     EDM=0.000936896    STRATEGY= 1      ERROR MATRIX ACCURATE 
  EXT PARAMETER                                   STEP         FIRST   
  NO.   NAME      VALUE            ERROR          SIZE      DERIVATIVE 
   1  N0           3.09247e+06   7.95708e+02   3.09829e+00   2.00003e-06
   2  tau          6.43743e+01   constant   
   3  A0           3.53870e-01   3.49307e-04   1.37324e-06  -6.23594e+00
   4  phi          4.12128e+00   9.59942e-04   3.87885e-06  -3.45322e-02
   5  R           -6.00908e+01   constant   
   6  alpha_CBO    2.56987e-03   3.51013e-04   1.39988e-06  -5.62287e-02
   7  w_CBO        2.32500e+00   constant   
   8  beta_CBO     8.82319e-04   3.59849e-04   1.45917e-06  -3.92348e+00
   9  alpha_2CBO  -5.74147e-04   3.52599e-04   1.43464e-06   2.00303e+00
  10  beta_2CBO   -2.07661e-05     fixed    
  11  alpha_y      0.00000e+00     fixed    
  12  w_y          1.44500e+01   constant   
  13  beta_y      -7.87757e-04     fixed    
  14  alpha_vw     0.00000e+00     fixed    
  15  w_vw         1.29000e+01   constant   
  16  beta_vw      0.00000e+00     fixed    
  17  LM          -9.88464e-04   constant   
  18  zeta_y       0.00000e+00   constant   
  19  zeta_vw      0.00000e+00   constant   
  20  T_CBO        7.04080e+02   8.50820e+02   6.14723e-03  -2.56972e-03
  21  alpha_A0    -2.58937e-03   8.00966e-03   7.35207e-06  -5.20798e-01
  22  beta_A0      4.99499e-03   1.50940e-02   7.80679e-06   1.16922e+00
  23  alpha_phi   -7.69199e-04   3.01359e-03   7.59149e-06   1.84989e-01
  24  beta_phi     1.27725e-03   4.24146e-03   7.54844e-06   7.63042e-01
 MIGRAD MINIMIZATION HAS CONVERGED.
 FCN=73.2255 FROM MIGRAD    STATUS=CONVERGED     612 CALLS        5024 TOTAL
                     EDM=7.75608e-06    STRATEGY= 1  ERROR MATRIX UNCERTAINTY   0.5 per cent
  EXT PARAMETER                                   STEP         FIRST   
  NO.   NAME      VALUE            ERROR          SIZE      DERIVATIVE 
   1  N0           3.09247e+06   7.96451e+02  -5.00302e-01  -9.05833e-07
   2  tau          6.43743e+01   constant   
   3  A0           3.53870e-01   3.46526e-04   4.43176e-07   2.51490e+00
   4  phi          4.12128e+00   9.59565e-04  -1.27385e-07   1.14372e-01
   5  R           -6.00908e+01   constant   
   6  alpha_CBO    2.56982e-03   3.50970e-04  -9.90321e-08  -2.23276e-01
   7  w_CBO        2.32500e+00   constant   
   8  beta_CBO     8.82712e-04   3.59193e-04   3.07587e-07   2.18663e+00
   9  alpha_2CBO  -5.74388e-04   3.52252e-04  -1.78811e-07  -8.06341e-01
  10  beta_2CBO   -2.07661e-05     fixed    
  11  alpha_y      0.00000e+00     fixed    
  12  w_y          1.44500e+01   constant   
  13  beta_y      -7.87757e-04     fixed    
  14  alpha_vw     0.00000e+00     fixed    
  15  w_vw         1.29000e+01   constant   
  16  beta_vw      0.00000e+00     fixed    
  17  LM          -9.88464e-04   constant   
  18  zeta_y       0.00000e+00   constant   
  19  zeta_vw      0.00000e+00   constant   
  20  T_CBO        9.98008e+02   9.68119e+02   2.08370e-02  -2.68688e-04
  21  alpha_A0    -2.35399e-03   1.85090e-03  -2.90266e-06  -4.20304e-01
  22  beta_A0      4.54376e-03   2.24973e-03   4.14503e-06  -2.55684e-01
  23  alpha_phi   -6.98643e-04   1.93516e-03  -7.10573e-07  -5.44580e-01
  24  beta_phi     1.15980e-03   1.81489e-03  -8.66664e-07  -1.50370e+00
 EXTERNAL ERROR MATRIX.    NDIM=  25    NPAR= 11    ERR DEF=1
  6.343e+05 
  1.022e-04  1.201e-07 
 -1.349e-01 -1.067e-09  9.208e-07 
 -1.673e-02 -2.875e-08  3.204e-08  1.232e-07 
 -1.270e-02 -1.426e-08 -5.590e-08  1.211e-09  1.290e-07 
 -1.220e-02 -5.540e-09 -1.584e-08 -5.378e-09  1.078e-08  1.241e-07 
 -7.073e+04  5.704e-02 -1.558e-02 -1.324e-02  4.205e-02 -2.398e-02  9.979e+05 
  3.191e-02  9.090e-08 -5.350e-08 -1.335e-07  1.884e-08  1.371e-08  6.046e-01  3.426e-06 
 -1.862e-01  2.083e-08  1.232e-07 -2.126e-08 -1.415e-07  1.025e-07 -1.291e+00 -4.661e-07  5.061e-06 
 -3.715e-01  1.513e-07  8.969e-08 -2.279e-08  5.773e-09 -1.125e-07  2.133e-01  1.989e-07  1.770e-07  3.745e-06 
 -1.166e-01 -7.797e-08  1.490e-07  3.411e-08  5.575e-08  3.918e-08 -5.213e-01 -2.911e-07  3.408e-07 -4.696e-07  3.294e-06 
 PARAMETER  CORRELATION COEFFICIENTS  
       NO.  GLOBAL      1      3      4      6      8      9     20     21     22     23     24
        1  0.38835   1.000  0.000 -0.176 -0.060 -0.044 -0.043 -0.089  0.022 -0.104 -0.241 -0.081
        3  0.39008   0.000  1.000 -0.003 -0.236 -0.115 -0.045  0.165  0.142  0.027  0.226 -0.124
        4  0.27696  -0.176 -0.003  1.000  0.095 -0.162 -0.047 -0.016 -0.030  0.057  0.048  0.086
        6  0.31815  -0.060 -0.236  0.095  1.000  0.010 -0.044 -0.038 -0.206 -0.027 -0.034  0.054
        8  0.31238  -0.044 -0.115 -0.162  0.010  1.000  0.085  0.117  0.028 -0.175  0.008  0.086
        9  0.26218  -0.043 -0.045 -0.047 -0.044  0.085  1.000 -0.068  0.021  0.129 -0.165  0.061
       20  0.70265  -0.089  0.165 -0.016 -0.038  0.117 -0.068  1.000  0.327 -0.574  0.110 -0.288
       21  0.39675   0.022  0.142 -0.030 -0.206  0.028  0.021  0.327  1.000 -0.112  0.056 -0.087
       22  0.63599  -0.104  0.027  0.057 -0.027 -0.175  0.129 -0.574 -0.112  1.000  0.041  0.083
       23  0.39601  -0.241  0.226  0.048 -0.034  0.008 -0.165  0.110  0.056  0.041  1.000 -0.134
       24  0.37809  -0.081 -0.124  0.086  0.054  0.086  0.061 -0.288 -0.087  0.083 -0.134  1.000
MINUIT - FIT ONLY 1-y
 **********
 **   51 **RES 
 **********
                   PARAMETER   16  beta_vw RESTORED TO VARIABLE.
                   PARAMETER   14  alpha_vw RESTORED TO VARIABLE.
                   PARAMETER   13  beta_y RESTORED TO VARIABLE.
                   PARAMETER   11  alpha_y RESTORED TO VARIABLE.
                   PARAMETER   10  beta_2CBO RESTORED TO VARIABLE.
 **********
 **   52 **FIX            0
 **********
 PARAMETER    0  IS UNDEFINED. IGNORED.
 **********
 **   53 **FIX            1
 **********
 **********
 **   54 **FIX            2
 **********
 PARAMETER    2  IS CONSTANT.   IGNORED.
 **********
 **   55 **FIX            3
 **********
 **********
 **   56 **FIX            4
 **********
 **********
 **   57 **FIX            5
 **********
 PARAMETER    5  IS CONSTANT.   IGNORED.
 **********
 **   58 **FIX            6
 **********
 **********
 **   59 **FIX            7
 **********
 PARAMETER    7  IS CONSTANT.   IGNORED.
 **********
 **   60 **FIX            8
 **********
 **********
 **   61 **FIX            9
 **********
 **********
 **   62 **FIX           13
 **********
 **********
 **   63 **FIX           14
 **********
 **********
 **   64 **FIX           15
 **********
 PARAMETER   15  IS CONSTANT.   IGNORED.
 **********
 **   65 **FIX           16
 **********
 **********
 **   66 **MIGRAD
 **********
 START MIGRAD MINIMIZATION.  STRATEGY  1.  CONVERGENCE WHEN EDM .LT. 1.00e-04
 FCN=73.2255 FROM MIGRAD    STATUS=INITIATE       16 CALLS        5040 TOTAL
                     EDM= unknown      STRATEGY= 1      NO ERROR MATRIX       
  EXT PARAMETER               CURRENT GUESS       STEP         FIRST   
  NO.   NAME      VALUE            ERROR          SIZE      DERIVATIVE 
   1  N0           3.09247e+06     fixed    
   2  tau          6.43743e+01   constant   
   3  A0           3.53870e-01     fixed    
   4  phi          4.12128e+00     fixed    
   5  R           -6.00908e+01   constant   
   6  alpha_CBO    2.56982e-03     fixed    
   7  w_CBO        2.32500e+00   constant   
   8  beta_CBO     8.82712e-04     fixed    
   9  alpha_2CBO  -5.74388e-04     fixed    
  10  beta_2CBO   -2.07661e-05   3.43334e-04   3.43334e-04   5.41082e+02
  11  alpha_y      0.00000e+00   1.00000e-03   1.00000e-03   5.08192e+03
  12  w_y          1.44500e+01   constant   
  13  beta_y      -7.87757e-04     fixed    
  14  alpha_vw     0.00000e+00     fixed    
  15  w_vw         1.29000e+01   constant   
  16  beta_vw      0.00000e+00     fixed    
  17  LM          -9.88464e-04   constant   
  18  zeta_y       0.00000e+00   constant   
  19  zeta_vw      0.00000e+00   constant   
  20  T_CBO        9.98008e+02   9.68119e+02   2.08370e-02  -3.07461e-04
  21  alpha_A0    -2.35399e-03   1.85090e-03  -2.90266e-06  -4.20318e-01
  22  beta_A0      4.54376e-03   2.24973e-03   4.14503e-06  -2.55682e-01
  23  alpha_phi   -6.98643e-04   1.93516e-03  -7.10573e-07  -5.44580e-01
  24  beta_phi     1.15980e-03   1.81489e-03  -8.66664e-07  -1.50370e+00
 MIGRAD MINIMIZATION HAS CONVERGED.
 MIGRAD WILL VERIFY CONVERGENCE AND ERROR MATRIX.
 COVARIANCE MATRIX CALCULATED SUCCESSFULLY
 FCN=72.4796 FROM MIGRAD    STATUS=CONVERGED     117 CALLS        5141 TOTAL
                     EDM=1.65991e-06    STRATEGY= 1      ERROR MATRIX ACCURATE 
  EXT PARAMETER                                   STEP         FIRST   
  NO.   NAME      VALUE            ERROR          SIZE      DERIVATIVE 
   1  N0           3.09247e+06     fixed    
   2  tau          6.43743e+01   constant   
   3  A0           3.53870e-01     fixed    
   4  phi          4.12128e+00     fixed    
   5  R           -6.00908e+01   constant   
   6  alpha_CBO    2.56982e-03     fixed    
   7  w_CBO        2.32500e+00   constant   
   8  beta_CBO     8.82712e-04     fixed    
   9  alpha_2CBO  -5.74388e-04     fixed    
  10  beta_2CBO   -5.79186e-05   3.45635e-04   1.41546e-06  -4.89939e-01
  11  alpha_y     -2.89604e-04   3.37288e-04   1.41119e-06  -5.76699e-01
  12  w_y          1.44500e+01   constant   
  13  beta_y      -7.87757e-04     fixed    
  14  alpha_vw     0.00000e+00     fixed    
  15  w_vw         1.29000e+01   constant   
  16  beta_vw      0.00000e+00     fixed    
  17  LM          -9.88464e-04   constant   
  18  zeta_y       0.00000e+00   constant   
  19  zeta_vw      0.00000e+00   constant   
  20  T_CBO        9.99959e+02   8.53312e+02   1.21377e-01  -2.41223e-05
  21  alpha_A0    -2.33182e-03   1.64602e-03   6.64889e-06  -5.16280e-01
  22  beta_A0      4.53402e-03   1.84443e-03   7.06173e-06   8.59082e-01
  23  alpha_phi   -6.70302e-04   1.65592e-03   6.86804e-06   4.13632e-01
  24  beta_phi     1.16210e-03   1.67203e-03   6.82749e-06  -1.12883e-02
 EXTERNAL ERROR MATRIX.    NDIM=  25    NPAR=  7    ERR DEF=1
  1.195e-07  1.869e-09  3.788e-07 -6.215e-08  4.146e-08 -2.652e-08 -9.101e-08 
  1.869e-09  1.138e-07  6.640e-06 -1.665e-09 -7.213e-10 -7.684e-09  9.333e-09 
  3.788e-07  6.640e-06  3.524e+04 -7.020e-02  1.354e-01 -2.032e-02  3.476e-02 
 -6.215e-08 -1.665e-09 -7.020e-02  2.709e-06 -2.211e-07  1.851e-07  1.063e-07 
  4.146e-08 -7.213e-10  1.354e-01 -2.211e-07  3.402e-06  9.142e-08 -6.244e-08 
 -2.652e-08 -7.684e-09 -2.032e-02  1.851e-07  9.142e-08  2.742e-06 -2.079e-07 
 -9.101e-08  9.333e-09  3.476e-02  1.063e-07 -6.244e-08 -2.079e-07  2.796e-06 
 PARAMETER  CORRELATION COEFFICIENTS  
       NO.  GLOBAL     10     11     20     21     22     23     24
       10  0.20661   1.000  0.016  0.000 -0.109  0.065 -0.046 -0.157
       11  0.02778   0.016  1.000  0.000 -0.003 -0.001 -0.014  0.017
       20  0.46089   0.000  0.000  1.000 -0.227  0.391 -0.065  0.111
       21  0.26293  -0.109 -0.003 -0.227  1.000 -0.073  0.068  0.039
       22  0.40461   0.065 -0.001  0.391 -0.073  1.000  0.030 -0.020
       23  0.13639  -0.046 -0.014 -0.065  0.068  0.030  1.000 -0.075
       24  0.22080  -0.157  0.017  0.111  0.039 -0.020 -0.075  1.000
MINUIT - FIT ONLY 2-y
 **********
 **   67 **RES 
 **********
                   PARAMETER   16  beta_vw RESTORED TO VARIABLE.
                   PARAMETER   14  alpha_vw RESTORED TO VARIABLE.
                   PARAMETER   13  beta_y RESTORED TO VARIABLE.
                   PARAMETER    9  alpha_2CBO RESTORED TO VARIABLE.
                   PARAMETER    8  beta_CBO RESTORED TO VARIABLE.
                   PARAMETER    6  alpha_CBO RESTORED TO VARIABLE.
                   PARAMETER    4  phi RESTORED TO VARIABLE.
                   PARAMETER    3  A0 RESTORED TO VARIABLE.
                   PARAMETER    1  N0 RESTORED TO VARIABLE.
 **********
 **   68 **FIX            0
 **********
 PARAMETER    0  IS UNDEFINED. IGNORED.
 **********
 **   69 **FIX            1
 **********
 **********
 **   70 **FIX            2
 **********
 PARAMETER    2  IS CONSTANT.   IGNORED.
 **********
 **   71 **FIX            3
 **********
 **********
