 + ++++++++++++++++++++++++++++++++++++++++++++++++++++++++++++++++++++ +
 +                                                                      +
 +           You have chose to blind your fitting according to          +
 +                omega_ref * (1 + (R +/- deltaR) *10^{-6})             +
 +                                                                      +
 + ++++++++++++++++++++++++++++++++++++++++++++++++++++++++++++++++++++ +
In main()...
reading format from /gm2data/zkhechad/run45/envelope/formats/formatB_sBin_constraintOn.txt
pBinTau 	= 0  
pBinPhi 	= 0  
constraintau 	= 1 
includeMopTerm 	= 0    
constrainMop    = 0   
Parameters after format file: pBinTau 0 pBinPhi 0 constraintau 1 includeMopTerm 0 constrainMop 0 c_e_scale 0.000000 
Opening file /gm2data/tbarrett/gm2fr/studies/run23_bunch_corrections/CorrectedFourier_Run3b.root.
reading full fit data from /gm2data/zkhechad/cboTemplates/Run4CBOTemplates/fullFits/noRF/sBin_constraintOn_cE0.0_seed0_noRF_calo12.root
windowBins = 69
fitting sliding window 2030 from bin 2166 at 323.018000 to bin 2235 at 333.462000 (69 bins)

Reading data from /gm2data/cornell/histograms/aMethod/histogram_a_noRF.root
 **********
 **    1 **SET PRINTOUT            1
 **********
 **********
 **    2 **SET NOWARNINGS 
 **********
 PARAMETER DEFINITIONS:
    NO.   NAME         VALUE      STEP SIZE      LIMITS
     1 N0           3.55331e+06  1.00000e+02     no limits
     2 tau          6.44114e+01  constant
     3 A0           3.53594e-01  1.00000e-04     no limits
     4 phi          4.11780e+00  1.00000e-02     no limits
     5 R           -6.01273e+01  constant
     6 alpha_CBO    0.00000e+00  1.00000e-03     no limits
     7 w_CBO        2.32500e+00  constant
     8 beta_CBO     0.00000e+00  1.00000e-03     no limits
     9 alpha_2CBO   0.00000e+00  1.00000e-03     no limits
    10 beta_2CBO    0.00000e+00  1.00000e-03     no limits
    11 alpha_y      0.00000e+00  1.00000e-03     no limits
    12 w_y          1.38860e+01  constant
    13 beta_y       0.00000e+00  1.00000e-03     no limits
    14 alpha_vw     0.00000e+00  1.00000e-03     no limits
    15 w_vw         1.43404e+01  constant
    16 beta_vw      0.00000e+00  1.00000e-03     no limits
    17 LM           2.37201e-04  constant
    18 zeta_y       0.00000e+00  constant
    19 zeta_vw      0.00000e+00  constant
    20 T_CBO        1.00000e+02  1.00000e+00    0.00000e+00  1.00000e+03
    21 alpha_A0     0.00000e+00  1.00000e-03     no limits
    22 beta_A0      0.00000e+00  1.00000e-03     no limits
    23 alpha_phi    0.00000e+00  1.00000e-03     no limits
    24 beta_phi     0.00000e+00  1.00000e-03     no limits
MINUIT - FIT ONLY WIGGLE
 **********
 **    3 **FIX            5
 **********
 PARAMETER    5  IS CONSTANT.   IGNORED.
 **********
 **    4 **FIX            6
 **********
 **********
 **    5 **FIX            7
 **********
 PARAMETER    7  IS CONSTANT.   IGNORED.
 **********
 **    6 **FIX            8
 **********
 **********
 **    7 **FIX            9
 **********
 **********
 **    8 **FIX           10
 **********
 **********
 **    9 **FIX           11
 **********
 **********
 **   10 **FIX           12
 **********
 PARAMETER   12  IS CONSTANT.   IGNORED.
 **********
 **   11 **FIX           13
 **********
 **********
 **   12 **FIX           14
 **********
 **********
 **   13 **FIX           15
 **********
 PARAMETER   15  IS CONSTANT.   IGNORED.
 **********
 **   14 **FIX           16
 **********
 **********
 **   15 **MIGRAD
 **********
 FIRST CALL TO USER FUNCTION AT NEW START POINT, WITH IFLAG=4.
 START MIGRAD MINIMIZATION.  STRATEGY  1.  CONVERGENCE WHEN EDM .LT. 1.00e-04
 FCN=77.1665 FROM MIGRAD    STATUS=INITIATE      437 CALLS         438 TOTAL
                     EDM= unknown      STRATEGY= 1      NO ERROR MATRIX       
  EXT PARAMETER               CURRENT GUESS       STEP         FIRST   
  NO.   NAME      VALUE            ERROR          SIZE      DERIVATIVE 
   1  N0           3.55331e+06   1.00000e+02   0.00000e+00   1.15004e-03
   2  tau          6.44114e+01   constant   
   3  A0           3.53594e-01   1.00000e-04   0.00000e+00   1.41070e+03
   4  phi          4.11780e+00   1.00000e-02   0.00000e+00  -1.65155e+03
   5  R           -6.01273e+01   constant   
   6  alpha_CBO    0.00000e+00     fixed    
   7  w_CBO        2.32500e+00   constant   
   8  beta_CBO     0.00000e+00     fixed    
   9  alpha_2CBO   0.00000e+00     fixed    
  10  beta_2CBO    0.00000e+00     fixed    
  11  alpha_y      0.00000e+00     fixed    
  12  w_y          1.38860e+01   constant   
  13  beta_y       0.00000e+00     fixed    
  14  alpha_vw     0.00000e+00     fixed    
  15  w_vw         1.43404e+01   constant   
  16  beta_vw      0.00000e+00     fixed    
  17  LM           2.37201e-04   constant   
  18  zeta_y       0.00000e+00   constant   
  19  zeta_vw      0.00000e+00   constant   
  20  T_CBO        1.00000e+02   1.00000e+00   0.00000e+00   0.00000e+00
  21  alpha_A0     0.00000e+00   1.00000e-03   0.00000e+00  -2.92672e+01
  22  beta_A0      0.00000e+00   1.00000e-03   0.00000e+00  -3.21236e+00
  23  alpha_phi    0.00000e+00   1.00000e-03   0.00000e+00  -4.95756e+01
  24  beta_phi     0.00000e+00   1.00000e-03   0.00000e+00   1.37288e+01
 CALL LIMIT EXCEEDED IN MIGRAD.
 MIGRAD TERMINATED WITHOUT CONVERGENCE.
 FCN=70.1027 FROM MIGRAD    STATUS=CALL LIMIT   1323 CALLS        1324 TOTAL
                     EDM=0.000630376    STRATEGY= 1  ERROR MATRIX UNCERTAINTY   0.6 per cent
  EXT PARAMETER                APPROXIMATE        STEP         FIRST   
  NO.   NAME      VALUE            ERROR          SIZE      DERIVATIVE 
   1  N0           3.55171e+06   1.80002e+03   2.67311e+00  -7.64087e-07
   2  tau          6.44114e+01   constant   
   3  A0           3.53141e-01   6.26960e-04   1.55689e-06   1.31763e+01
   4  phi          4.12083e+00   1.96628e-03  -6.75108e-06  -5.97109e+00
   5  R           -6.01273e+01   constant   
   6  alpha_CBO    0.00000e+00     fixed    
   7  w_CBO        2.32500e+00   constant   
   8  beta_CBO     0.00000e+00     fixed    
   9  alpha_2CBO   0.00000e+00     fixed    
  10  beta_2CBO    0.00000e+00     fixed    
  11  alpha_y      0.00000e+00     fixed    
  12  w_y          1.38860e+01   constant   
  13  beta_y       0.00000e+00     fixed    
  14  alpha_vw     0.00000e+00     fixed    
  15  w_vw         1.43404e+01   constant   
  16  beta_vw      0.00000e+00     fixed    
  17  LM           2.37201e-04   constant   
  18  zeta_y       0.00000e+00   constant   
  19  zeta_vw      0.00000e+00   constant   
  20  T_CBO        2.60044e+02   6.26437e+02   8.19835e-03  -3.47810e-02
  21  alpha_A0     6.76042e-03   2.09155e-02  -1.48256e-06   8.70119e-01
  22  beta_A0     -7.47744e-04   1.36228e-02   8.02371e-05   1.83635e+00
  23  alpha_phi    1.31193e-02   3.87710e-02  -9.79048e-05  -9.30553e-01
  24  beta_phi    -2.84416e-03   1.68877e-02   3.10295e-05  -9.87558e-01
 EXTERNAL ERROR MATRIX.    NDIM=  25    NPAR=  8    ERR DEF=1
  3.240e+06  1.663e-01 -1.251e-01  1.182e+05 -2.867e+00  3.856e+00 -5.487e+00  1.201e-01 
  1.663e-01  3.931e-07 -3.119e-08  7.387e-02 -2.397e-06  1.932e-07 -4.700e-06  1.832e-06 
 -1.251e-01 -3.119e-08  3.866e-06 -3.083e-01  5.803e-06  2.882e-06  1.936e-05 -5.822e-06 
  1.182e+05  7.387e-02 -3.083e-01  2.958e+05 -8.724e+00  4.406e+00 -2.046e+01  3.436e+00 
 -2.867e+00 -2.397e-06  5.803e-06 -8.724e+00  4.375e-04 -1.883e-04  5.852e-04 -2.258e-05 
  3.856e+00  1.932e-07  2.882e-06  4.406e+00 -1.883e-04  1.856e-04 -2.921e-04  8.517e-05 
 -5.487e+00 -4.700e-06  1.936e-05 -2.046e+01  5.852e-04 -2.921e-04  1.503e-03 -2.660e-04 
  1.201e-01  1.832e-06 -5.822e-06  3.436e+00 -2.258e-05  8.517e-05 -2.660e-04  2.852e-04 
ERR MATRIX APPROXIMATE
 PARAMETER  CORRELATION COEFFICIENTS  
       NO.  GLOBAL      1      3      4     20     21     22     23     24
        1  0.30708   1.000  0.147 -0.035  0.121 -0.076  0.157 -0.079  0.004
        3  0.42244   0.147  1.000 -0.025  0.217 -0.183  0.023 -0.193  0.173
        4  0.54449  -0.035 -0.025  1.000 -0.288  0.141  0.108  0.254 -0.175
       20  0.97850   0.121  0.217 -0.288  1.000 -0.767  0.595 -0.970  0.374
       21  0.87313  -0.076 -0.183  0.141 -0.767  1.000 -0.661  0.722 -0.064
       22  0.82336   0.157  0.023  0.108  0.595 -0.661  1.000 -0.553  0.370
       23  0.97439  -0.079 -0.193  0.254 -0.970  0.722 -0.553  1.000 -0.406
       24  0.70052   0.004  0.173 -0.175  0.374 -0.064  0.370 -0.406  1.000
 ERR MATRIX APPROXIMATE
MINUIT - FIT ONLY 1-CBO + wiggle
 **********
 **   16 **RES 
 **********
                   PARAMETER   16  beta_vw RESTORED TO VARIABLE.
                   PARAMETER   14  alpha_vw RESTORED TO VARIABLE.
                   PARAMETER   13  beta_y RESTORED TO VARIABLE.
                   PARAMETER   11  alpha_y RESTORED TO VARIABLE.
                   PARAMETER   10  beta_2CBO RESTORED TO VARIABLE.
                   PARAMETER    9  alpha_2CBO RESTORED TO VARIABLE.
                   PARAMETER    8  beta_CBO RESTORED TO VARIABLE.
                   PARAMETER    6  alpha_CBO RESTORED TO VARIABLE.
 **********
 **   17 **FIX            8
 **********
 **********
 **   18 **FIX            9
 **********
 **********
 **   19 **FIX           11
 **********
 **********
 **   20 **FIX           12
 **********
 PARAMETER   12  IS CONSTANT.   IGNORED.
 **********
 **   21 **FIX           14
 **********
 **********
 **   22 **FIX           15
 **********
 PARAMETER   15  IS CONSTANT.   IGNORED.
 **********
 **   23 **FIX           16
 **********
 **********
 **   24 **MIGRAD
 **********
 START MIGRAD MINIMIZATION.  STRATEGY  1.  CONVERGENCE WHEN EDM .LT. 1.00e-04
 FCN=70.1027 FROM MIGRAD    STATUS=INITIATE       28 CALLS        1352 TOTAL
                     EDM= unknown      STRATEGY= 1      NO ERROR MATRIX       
  EXT PARAMETER               CURRENT GUESS       STEP         FIRST   
  NO.   NAME      VALUE            ERROR          SIZE      DERIVATIVE 
   1  N0           3.55171e+06   1.80002e+03   2.67311e+00  -7.64087e-07
   2  tau          6.44114e+01   constant   
   3  A0           3.53141e-01   6.26960e-04   1.55689e-06   1.31763e+01
   4  phi          4.12083e+00   1.96628e-03  -6.75108e-06  -5.97109e+00
   5  R           -6.01273e+01   constant   
   6  alpha_CBO    0.00000e+00   1.00000e-03   1.00000e-03   1.67583e+03
   7  w_CBO        2.32500e+00   constant   
   8  beta_CBO     0.00000e+00     fixed    
   9  alpha_2CBO   0.00000e+00     fixed    
  10  beta_2CBO    0.00000e+00   1.00000e-03   1.00000e-03   6.79812e+01
  11  alpha_y      0.00000e+00     fixed    
  12  w_y          1.38860e+01   constant   
  13  beta_y       0.00000e+00   1.00000e-03   1.00000e-03  -3.61470e+03
  14  alpha_vw     0.00000e+00     fixed    
  15  w_vw         1.43404e+01   constant   
  16  beta_vw      0.00000e+00     fixed    
  17  LM           2.37201e-04   constant   
  18  zeta_y       0.00000e+00   constant   
  19  zeta_vw      0.00000e+00   constant   
  20  T_CBO        2.60044e+02   6.26437e+02   8.19835e-03  -3.47813e-02
  21  alpha_A0     6.76042e-03   2.09155e-02  -1.48256e-06   8.70118e-01
  22  beta_A0     -7.47744e-04   1.36228e-02   8.02371e-05   1.83635e+00
  23  alpha_phi    1.31193e-02   3.87710e-02  -9.79048e-05  -9.30553e-01
  24  beta_phi    -2.84416e-03   1.68877e-02   3.10295e-05  -9.87558e-01
 MIGRAD MINIMIZATION HAS CONVERGED.
 MIGRAD WILL VERIFY CONVERGENCE AND ERROR MATRIX.
 FCN=67.9212 FROM HESSE     STATUS=NOT POSDEF    100 CALLS        1570 TOTAL
                     EDM=0.00212321    STRATEGY= 1      ERR MATRIX NOT POS-DEF
  EXT PARAMETER                APPROXIMATE        STEP         FIRST   
  NO.   NAME      VALUE            ERROR          SIZE      DERIVATIVE 
   1  N0           3.55165e+06   1.96280e+03   7.12270e+00  -4.09023e-07
   2  tau          6.44114e+01   constant   
   3  A0           3.53086e-01   6.50263e-04   2.54615e-06   2.08398e+00
   4  phi          4.12067e+00   2.07122e-03   8.16877e-06   1.93944e-01
   5  R           -6.01273e+01   constant   
   6  alpha_CBO   -4.85419e-04   7.70223e-04   3.00851e-06  -2.08175e+00
   7  w_CBO        2.32500e+00   constant   
   8  beta_CBO     0.00000e+00     fixed    
   9  alpha_2CBO   0.00000e+00     fixed    
  10  beta_2CBO   -2.31181e-05   7.51469e-04   2.97762e-06  -8.67323e-01
  11  alpha_y      0.00000e+00     fixed    
  12  w_y          1.38860e+01   constant   
  13  beta_y       9.82502e-04   7.37552e-04   2.99837e-06   6.53550e-02
  14  alpha_vw     0.00000e+00     fixed    
  15  w_vw         1.43404e+01   constant   
  16  beta_vw      0.00000e+00     fixed    
  17  LM           2.37201e-04   constant   
  18  zeta_y       0.00000e+00   constant   
  19  zeta_vw      0.00000e+00   constant   
  20  T_CBO        2.53389e+02   8.71077e+02   1.15410e-03  -1.25484e-02
  21  alpha_A0     7.17719e-03   6.95962e-02   4.33358e-05   1.78836e-01
  22  beta_A0     -6.74875e-04   1.12406e-02   4.11637e-05  -9.05939e-02
  23  alpha_phi    1.21601e-02   1.17016e-01   3.73446e-05   2.04895e-01
  24  beta_phi    -3.11888e-03   3.17378e-02   3.71267e-05  -4.07343e-02
 MIGRAD MINIMIZATION HAS CONVERGED.
 MIGRAD WILL VERIFY CONVERGENCE AND ERROR MATRIX.
 COVARIANCE MATRIX CALCULATED SUCCESSFULLY
 FCN=67.9116 FROM MIGRAD    STATUS=CONVERGED    1191 CALLS        2515 TOTAL
                     EDM=2.38501e-05    STRATEGY= 1      ERROR MATRIX ACCURATE 
  EXT PARAMETER                                   STEP         FIRST   
  NO.   NAME      VALUE            ERROR          SIZE      DERIVATIVE 
   1  N0           3.55164e+06   1.96962e+03   7.12218e+00   6.86899e-07
   2  tau          6.44114e+01   constant   
   3  A0           3.53085e-01   6.52639e-04   2.54598e-06  -1.08716e+00
   4  phi          4.12068e+00   2.07781e-03   8.16823e-06  -3.25616e-01
   5  R           -6.01273e+01   constant   
   6  alpha_CBO   -4.84106e-04   7.73308e-04   3.00831e-06   1.74966e+00
   7  w_CBO        2.32500e+00   constant   
   8  beta_CBO     0.00000e+00     fixed    
   9  alpha_2CBO   0.00000e+00     fixed    
  10  beta_2CBO   -2.27630e-05   7.54224e-04   2.97741e-06   2.77307e-01
  11  alpha_y      0.00000e+00     fixed    
  12  w_y          1.38860e+01   constant   
  13  beta_y       9.82176e-04   7.40109e-04   2.99817e-06  -6.62893e-02
  14  alpha_vw     0.00000e+00     fixed    
  15  w_vw         1.43404e+01   constant   
  16  beta_vw      0.00000e+00     fixed    
  17  LM           2.37201e-04   constant   
  18  zeta_y       0.00000e+00   constant   
  19  zeta_vw      0.00000e+00   constant   
  20  T_CBO        9.98676e+02   8.34084e+02   7.17181e-02  -2.19940e-04
  21  alpha_A0     2.74150e-03   4.27750e-03   1.65294e-05  -9.82916e-01
  22  beta_A0     -3.33862e-04   3.99570e-03   1.56524e-05  -4.95971e-01
  23  alpha_phi    4.62977e-03   3.70276e-03   1.42110e-05  -1.10762e+00
  24  beta_phi    -1.15190e-03   3.53812e-03   1.41644e-05   2.98796e-01
 EXTERNAL ERROR MATRIX.    NDIM=  25    NPAR= 11    ERR DEF=1
  3.879e+06 
  2.844e-01  4.259e-07 
  1.296e-01  1.414e-08  4.317e-06 
  4.252e-02  7.195e-08  2.018e-07  5.980e-07 
 -2.936e-02  1.836e-08 -7.425e-08  9.879e-09  5.689e-07 
 -1.562e-02  4.627e-09 -6.683e-10  8.538e-09  3.371e-09  5.478e-07 
 -1.049e+03 -6.879e-05  9.118e-04  1.987e-05 -4.955e-05 -4.163e-05  7.082e+05 
  7.023e-01  5.810e-08 -1.701e-06 -7.215e-08  4.968e-07  2.716e-08 -3.222e-01  1.830e-05 
  1.524e+00  1.220e-07  8.103e-07  9.157e-09  2.079e-07  4.692e-08  2.854e-02 -1.786e-06  1.597e-05 
  9.518e-01  5.061e-08  3.437e-07  5.844e-07 -2.634e-07 -3.962e-08 -5.468e-01 -1.158e-06  4.200e-07  1.371e-05 
 -5.727e-01  1.073e-07  1.532e-08  1.066e-07  2.619e-07  1.132e-08  1.382e-01 -1.247e-07  6.551e-07  2.461e-07  1.252e-05 
 PARAMETER  CORRELATION COEFFICIENTS  
       NO.  GLOBAL      1      3      4      6     10     13     20     21     22     23     24
        1  0.35144   1.000  0.221  0.032  0.028 -0.020 -0.011 -0.001  0.083  0.194  0.131 -0.082
        3  0.27155   0.221  1.000  0.010  0.143  0.037  0.010 -0.000  0.021  0.047  0.021  0.046
        4  0.24370   0.032  0.010  1.000  0.126 -0.047 -0.000  0.001 -0.191  0.098  0.045  0.002
        6  0.28089   0.028  0.143  0.126  1.000  0.017  0.015  0.000 -0.022  0.003  0.204  0.039
       10  0.22690  -0.020  0.037 -0.047  0.017  1.000  0.006 -0.000  0.154  0.069 -0.094  0.098
       13  0.03432  -0.011  0.010 -0.000  0.015  0.006  1.000 -0.000  0.009  0.016 -0.014  0.004
       20  0.21605  -0.001 -0.000  0.001  0.000 -0.000 -0.000  1.000 -0.090  0.008 -0.175  0.046
       21  0.30716   0.083  0.021 -0.191 -0.022  0.154  0.009 -0.090  1.000 -0.104 -0.073 -0.008
       22  0.26329   0.194  0.047  0.098  0.003  0.069  0.016  0.008 -0.104  1.000  0.028  0.046
       23  0.32656   0.131  0.021  0.045  0.204 -0.094 -0.014 -0.175 -0.073  0.028  1.000  0.019
       24  0.16722  -0.082  0.046  0.002  0.039  0.098  0.004  0.046 -0.008  0.046  0.019  1.000
MINUIT - FIT ONLY 2-CBO
 **********
 **   25 **RES 
 **********
                   PARAMETER   16  beta_vw RESTORED TO VARIABLE.
                   PARAMETER   14  alpha_vw RESTORED TO VARIABLE.
                   PARAMETER   11  alpha_y RESTORED TO VARIABLE.
                   PARAMETER    9  alpha_2CBO RESTORED TO VARIABLE.
                   PARAMETER    8  beta_CBO RESTORED TO VARIABLE.
 **********
 **   26 **FIX            0
 **********
 PARAMETER    0  IS UNDEFINED. IGNORED.
 **********
 **   27 **FIX            1
 **********
 **********
 **   28 **FIX            2
 **********
 PARAMETER    2  IS CONSTANT.   IGNORED.
 **********
 **   29 **FIX            3
 **********
 **********
 **   30 **FIX            4
 **********
 **********
 **   31 **FIX            5
 **********
 PARAMETER    5  IS CONSTANT.   IGNORED.
 **********
 **   32 **FIX            6
 **********
 **********
 **   33 **FIX            7
 **********
 PARAMETER    7  IS CONSTANT.   IGNORED.
 **********
 **   34 **FIX           10
 **********
 **********
 **   35 **FIX           11
 **********
 **********
 **   36 **FIX           12
 **********
 PARAMETER   12  IS CONSTANT.   IGNORED.
 **********
 **   37 **FIX           13
 **********
 **********
 **   38 **FIX           14
 **********
 **********
 **   39 **FIX           15
 **********
 PARAMETER   15  IS CONSTANT.   IGNORED.
 **********
 **   40 **FIX           16
 **********
 **********
 **   41 **MIGRAD
 **********
 START MIGRAD MINIMIZATION.  STRATEGY  1.  CONVERGENCE WHEN EDM .LT. 1.00e-04
 FCN=67.9116 FROM MIGRAD    STATUS=INITIATE       18 CALLS        2533 TOTAL
                     EDM= unknown      STRATEGY= 1      NO ERROR MATRIX       
  EXT PARAMETER               CURRENT GUESS       STEP         FIRST   
  NO.   NAME      VALUE            ERROR          SIZE      DERIVATIVE 
   1  N0           3.55164e+06     fixed    
   2  tau          6.44114e+01   constant   
   3  A0           3.53085e-01     fixed    
   4  phi          4.12068e+00     fixed    
   5  R           -6.01273e+01   constant   
   6  alpha_CBO   -4.84106e-04     fixed    
   7  w_CBO        2.32500e+00   constant   
   8  beta_CBO     0.00000e+00   1.00000e-03   1.00000e-03   8.24688e+03
   9  alpha_2CBO   0.00000e+00   1.00000e-03   1.00000e-03   6.52811e+03
  10  beta_2CBO   -2.27630e-05     fixed    
  11  alpha_y      0.00000e+00     fixed    
  12  w_y          1.38860e+01   constant   
  13  beta_y       9.82176e-04     fixed    
  14  alpha_vw     0.00000e+00     fixed    
  15  w_vw         1.43404e+01   constant   
  16  beta_vw      0.00000e+00     fixed    
  17  LM           2.37201e-04   constant   
  18  zeta_y       0.00000e+00   constant   
  19  zeta_vw      0.00000e+00   constant   
  20  T_CBO        9.98676e+02   8.34084e+02   7.17181e-02  -2.23969e-04
  21  alpha_A0     2.74150e-03   4.27750e-03   1.65294e-05  -9.82910e-01
  22  beta_A0     -3.33862e-04   3.99570e-03   1.56524e-05  -4.95976e-01
  23  alpha_phi    4.62977e-03   3.70276e-03   1.42110e-05  -1.10762e+00
  24  beta_phi    -1.15190e-03   3.53812e-03   1.41644e-05   2.98796e-01
 CALL LIMIT EXCEEDED IN MIGRAD.
 MIGRAD TERMINATED WITHOUT CONVERGENCE.
 FCN=51.8671 FROM MIGRAD    STATUS=CALL LIMIT   1149 CALLS        3664 TOTAL
                     EDM=0.00683619    STRATEGY= 1  ERROR MATRIX UNCERTAINTY  16.8 per cent
  EXT PARAMETER                APPROXIMATE        STEP         FIRST   
  NO.   NAME      VALUE            ERROR          SIZE      DERIVATIVE 
   1  N0           3.55164e+06     fixed    
   2  tau          6.44114e+01   constant   
   3  A0           3.53085e-01     fixed    
   4  phi          4.12068e+00     fixed    
   5  R           -6.01273e+01   constant   
   6  alpha_CBO   -4.84106e-04     fixed    
   7  w_CBO        2.32500e+00   constant   
   8  beta_CBO    -2.37212e-03   7.63976e-04   1.58576e-06   5.88735e+00
   9  alpha_2CBO  -1.93398e-03   6.33372e-04  -2.10618e-06  -8.91922e+01
  10  beta_2CBO   -2.27630e-05     fixed    
  11  alpha_y      0.00000e+00     fixed    
  12  w_y          1.38860e+01   constant   
  13  beta_y       9.82176e-04     fixed    
  14  alpha_vw     0.00000e+00     fixed    
  15  w_vw         1.43404e+01   constant   
  16  beta_vw      0.00000e+00     fixed    
  17  LM           2.37201e-04   constant   
  18  zeta_y       0.00000e+00   constant   
  19  zeta_vw      0.00000e+00   constant   
  20  T_CBO        7.20240e+01   3.50391e+01  -1.17349e-03   6.67235e-01
  21  alpha_A0     1.41023e-01   3.52912e-01   9.25981e-03  -4.46867e-02
  22  beta_A0      4.39351e-02   1.01940e-01   2.07512e-03   2.80088e-02
  23  alpha_phi    2.22201e-01   5.28443e-01   1.29237e-02  -1.41200e-02
  24  beta_phi    -3.14568e-01   6.37998e-01  -1.29167e-02  -5.87509e-02
 EXTERNAL ERROR MATRIX.    NDIM=  25    NPAR=  7    ERR DEF=1
  5.837e-07  7.177e-10 -2.022e-03  1.306e-05  2.367e-06  1.741e-05 -1.375e-05 
  7.177e-10  4.012e-07  1.061e-02 -9.408e-05 -2.933e-05 -1.449e-04  1.819e-04 
 -2.022e-03  1.061e-02  1.235e+03 -1.171e+01 -3.484e+00 -1.778e+01  2.185e+01 
  1.306e-05 -9.408e-05 -1.171e+01  1.245e-01  3.524e-02  1.861e-01 -2.211e-01 
  2.367e-06 -2.933e-05 -3.484e+00  3.524e-02  1.039e-02  5.333e-02 -6.496e-02 
  1.741e-05 -1.449e-04 -1.778e+01  1.861e-01  5.333e-02  2.793e-01 -3.344e-01 
 -1.375e-05  1.819e-04  2.185e+01 -2.211e-01 -6.496e-02 -3.344e-01  4.070e-01 
ERR MATRIX APPROXIMATE
 PARAMETER  CORRELATION COEFFICIENTS  
       NO.  GLOBAL      8      9     20     21     22     23     24
        8  0.31583   1.000  0.001 -0.075  0.048  0.030  0.043 -0.028
        9  0.49797   0.001  1.000  0.477 -0.421 -0.454 -0.433  0.450
       20  0.97990  -0.075  0.477  1.000 -0.944 -0.972 -0.957  0.975
       21  0.99984   0.048 -0.421 -0.944  1.000  0.979  0.998 -0.982
       22  0.99899   0.030 -0.454 -0.972  0.979  1.000  0.990 -0.999
       23  0.99993   0.043 -0.433 -0.957  0.998  0.990  1.000 -0.992
       24  0.99947  -0.028  0.450  0.975 -0.982 -0.999 -0.992  1.000
 ERR MATRIX APPROXIMATE
MINUIT - FIT wiggle + 1-CBO + 2-CBO
 **********
 **   42 **RES 
 **********
                   PARAMETER   16  beta_vw RESTORED TO VARIABLE.
                   PARAMETER   14  alpha_vw RESTORED TO VARIABLE.
                   PARAMETER   13  beta_y RESTORED TO VARIABLE.
                   PARAMETER   11  alpha_y RESTORED TO VARIABLE.
                   PARAMETER   10  beta_2CBO RESTORED TO VARIABLE.
                   PARAMETER    6  alpha_CBO RESTORED TO VARIABLE.
                   PARAMETER    4  phi RESTORED TO VARIABLE.
                   PARAMETER    3  A0 RESTORED TO VARIABLE.
                   PARAMETER    1  N0 RESTORED TO VARIABLE.
 **********
 **   43 **FIX           10
 **********
 **********
 **   44 **FIX           11
 **********
 **********
 **   45 **FIX           12
 **********
 PARAMETER   12  IS CONSTANT.   IGNORED.
 **********
 **   46 **FIX           13
 **********
 **********
 **   47 **FIX           14
 **********
 **********
 **   48 **FIX           15
 **********
 PARAMETER   15  IS CONSTANT.   IGNORED.
 **********
 **   49 **FIX           16
 **********
 **********
 **   50 **MIGRAD
 **********
 START MIGRAD MINIMIZATION.  STRATEGY  1.  CONVERGENCE WHEN EDM .LT. 1.00e-04
 FCN=51.8671 FROM MIGRAD    STATUS=INITIATE       22 CALLS        3686 TOTAL
                     EDM= unknown      STRATEGY= 1      NO ERROR MATRIX       
  EXT PARAMETER               CURRENT GUESS       STEP         FIRST   
  NO.   NAME      VALUE            ERROR          SIZE      DERIVATIVE 
   1  N0           3.55164e+06   1.96962e+03   1.96962e+03   4.04079e-05
   2  tau          6.44114e+01   constant   
   3  A0           3.53085e-01   6.52639e-04   6.52639e-04  -1.08236e+03
   4  phi          4.12068e+00   2.07781e-03   2.07781e-03   5.75163e+02
   5  R           -6.01273e+01   constant   
   6  alpha_CBO   -4.84106e-04   7.73308e-04   7.73308e-04  -1.38080e+02
   7  w_CBO        2.32500e+00   constant   
   8  beta_CBO    -2.37212e-03   7.63976e-04   1.58576e-06   5.88735e+00
   9  alpha_2CBO  -1.93398e-03   6.33372e-04  -2.10618e-06  -8.91922e+01
  10  beta_2CBO   -2.27630e-05     fixed    
  11  alpha_y      0.00000e+00     fixed    
  12  w_y          1.38860e+01   constant   
  13  beta_y       9.82176e-04     fixed    
  14  alpha_vw     0.00000e+00     fixed    
  15  w_vw         1.43404e+01   constant   
  16  beta_vw      0.00000e+00     fixed    
  17  LM           2.37201e-04   constant   
  18  zeta_y       0.00000e+00   constant   
  19  zeta_vw      0.00000e+00   constant   
  20  T_CBO        7.20240e+01   3.50391e+01  -1.17349e-03   6.67222e-01
  21  alpha_A0     1.41023e-01   3.52912e-01   9.25981e-03  -4.46867e-02
  22  beta_A0      4.39351e-02   1.01940e-01   2.07512e-03   2.80088e-02
  23  alpha_phi    2.22201e-01   5.28443e-01   1.29237e-02  -1.41200e-02
  24  beta_phi    -3.14568e-01   6.37998e-01  -1.29167e-02  -5.87509e-02
 CALL LIMIT EXCEEDED IN MIGRAD.
 MIGRAD TERMINATED WITHOUT CONVERGENCE.
 FCN=51.0608 FROM MIGRAD    STATUS=CALL LIMIT   1925 CALLS        5589 TOTAL
                     EDM=0.00504823    STRATEGY= 1  ERROR MATRIX UNCERTAINTY  19.9 per cent
  EXT PARAMETER                APPROXIMATE        STEP         FIRST   
  NO.   NAME      VALUE            ERROR          SIZE      DERIVATIVE 
   1  N0           3.55173e+06   1.90083e+03  -1.49976e-01  -2.48030e-06
   2  tau          6.44114e+01   constant   
   3  A0           3.53286e-01   6.44967e-04   1.07027e-06  -4.93277e+00
   4  phi          4.11925e+00   2.09976e-03   1.16170e-06   3.46294e+00
   5  R           -6.01273e+01   constant   
   6  alpha_CBO   -4.79847e-04   7.34947e-04   4.27252e-06  -5.11564e+01
   7  w_CBO        2.32500e+00   constant   
   8  beta_CBO    -2.53491e-03   7.33983e-04   3.54999e-06  -4.35023e+01
   9  alpha_2CBO  -1.89777e-03   7.12631e-04  -3.18974e-06   3.36212e+01
  10  beta_2CBO   -2.27630e-05     fixed    
  11  alpha_y      0.00000e+00     fixed    
  12  w_y          1.38860e+01   constant   
  13  beta_y       9.82176e-04     fixed    
  14  alpha_vw     0.00000e+00     fixed    
  15  w_vw         1.43404e+01   constant   
  16  beta_vw      0.00000e+00     fixed    
  17  LM           2.37201e-04   constant   
  18  zeta_y       0.00000e+00   constant   
  19  zeta_vw      0.00000e+00   constant   
  20  T_CBO        2.45836e+01   4.09410e+00   2.67855e-04   1.72923e+00
  21  alpha_A0     1.08131e+03   2.35504e+03   9.04377e-01  -1.12394e-05
  22  beta_A0      2.77157e+02   6.05665e+02   2.34803e-01  -7.49527e-05
  23  alpha_phi    1.49269e+03   3.25329e+03   1.25148e+00   5.68192e-05
  24  beta_phi    -2.15955e+03   4.70754e+03  -1.81134e+00   3.02033e-05
 EXTERNAL ERROR MATRIX.    NDIM=  25    NPAR= 11    ERR DEF=1
  3.613e+06 
  2.462e-01  4.160e-07 
 -7.817e-02 -4.763e-08  4.409e-06 
  2.122e-02  6.073e-08  1.315e-07  5.401e-07 
 -5.508e-02 -3.678e-08  3.667e-07 -1.759e-08  5.387e-07 
  5.793e-02  1.687e-10 -6.150e-08 -1.999e-09 -4.122e-09  5.078e-07 
  4.133e+02  3.398e-05  7.715e-05  3.053e-04  9.967e-05 -1.229e-04  1.677e+01 
 -1.548e+04 -3.171e-02 -2.053e-01 -1.417e-01 -1.391e-01  7.954e-02 -9.340e+03  5.546e+06 
 -3.981e+03 -8.151e-03 -5.268e-02 -3.643e-02 -3.575e-02  2.045e-02 -2.402e+03  1.426e+06  3.668e+05 
 -2.139e+04 -4.380e-02 -2.834e-01 -1.957e-01 -1.921e-01  1.099e-01 -1.290e+04  7.662e+06  1.970e+06  1.058e+07 
  3.105e+04  6.340e-02  4.102e-01  2.833e-01  2.781e-01 -1.590e-01  1.867e+04 -1.109e+07 -2.851e+06 -1.532e+07  2.216e+07 
ERR MATRIX APPROXIMATE
 PARAMETER  CORRELATION COEFFICIENTS  
       NO.  GLOBAL      1      3      4      6      8      9     20     21     22     23     24
        1  0.32545   1.000  0.201 -0.020  0.015 -0.039  0.043  0.053 -0.003 -0.003 -0.003  0.003
        3  0.27226   0.201  1.000 -0.035  0.128 -0.078  0.000  0.013 -0.021 -0.021 -0.021  0.021
        4  0.34661  -0.020 -0.035  1.000  0.085  0.238 -0.041  0.009 -0.042 -0.041 -0.041  0.041
        6  0.26542   0.015  0.128  0.085  1.000 -0.033 -0.004  0.101 -0.082 -0.082 -0.082  0.082
        8  0.34166  -0.039 -0.078  0.238 -0.033  1.000 -0.008  0.033 -0.080 -0.080 -0.080  0.080
        9  0.10722   0.043  0.000 -0.041 -0.004 -0.008  1.000 -0.042  0.047  0.047  0.047 -0.047
       20  0.97246   0.053  0.013  0.009  0.101  0.033 -0.042  1.000 -0.969 -0.969 -0.969  0.969
       21  1.00000  -0.003 -0.021 -0.042 -0.082 -0.080  0.047 -0.969  1.000  1.000  1.000 -1.000
       22  1.00000  -0.003 -0.021 -0.041 -0.082 -0.080  0.047 -0.969  1.000  1.000  1.000 -1.000
       23  1.00000  -0.003 -0.021 -0.041 -0.082 -0.080  0.047 -0.969  1.000  1.000  1.000 -1.000
       24  1.00000   0.003  0.021  0.041  0.082  0.080 -0.047  0.969 -1.000 -1.000 -1.000  1.000
 ERR MATRIX APPROXIMATE
MINUIT - FIT ONLY 1-y
 **********
 **   51 **RES 
 **********
                   PARAMETER   16  beta_vw RESTORED TO VARIABLE.
                   PARAMETER   14  alpha_vw RESTORED TO VARIABLE.
                   PARAMETER   13  beta_y RESTORED TO VARIABLE.
                   PARAMETER   11  alpha_y RESTORED TO VARIABLE.
                   PARAMETER   10  beta_2CBO RESTORED TO VARIABLE.
 **********
 **   52 **FIX            0
 **********
 PARAMETER    0  IS UNDEFINED. IGNORED.
 **********
 **   53 **FIX            1
 **********
 **********
 **   54 **FIX            2
 **********
 PARAMETER    2  IS CONSTANT.   IGNORED.
 **********
 **   55 **FIX            3
 **********
 **********
 **   56 **FIX            4
 **********
 **********
 **   57 **FIX            5
 **********
 PARAMETER    5  IS CONSTANT.   IGNORED.
 **********
 **   58 **FIX            6
 **********
 **********
 **   59 **FIX            7
 **********
 PARAMETER    7  IS CONSTANT.   IGNORED.
 **********
 **   60 **FIX            8
 **********
 **********
 **   61 **FIX            9
 **********
 **********
 **   62 **FIX           13
 **********
 **********
 **   63 **FIX           14
 **********
 **********
 **   64 **FIX           15
 **********
 PARAMETER   15  IS CONSTANT.   IGNORED.
 **********
 **   65 **FIX           16
 **********
 **********
 **   66 **MIGRAD
 **********
 START MIGRAD MINIMIZATION.  STRATEGY  1.  CONVERGENCE WHEN EDM .LT. 1.00e-04
 FCN=51.0608 FROM MIGRAD    STATUS=INITIATE       16 CALLS        5605 TOTAL
                     EDM= unknown      STRATEGY= 1      NO ERROR MATRIX       
  EXT PARAMETER               CURRENT GUESS       STEP         FIRST   
  NO.   NAME      VALUE            ERROR          SIZE      DERIVATIVE 
   1  N0           3.55173e+06     fixed    
   2  tau          6.44114e+01   constant   
   3  A0           3.53286e-01     fixed    
   4  phi          4.11925e+00     fixed    
   5  R           -6.01273e+01   constant   
   6  alpha_CBO   -4.79847e-04     fixed    
   7  w_CBO        2.32500e+00   constant   
   8  beta_CBO    -2.53491e-03     fixed    
   9  alpha_2CBO  -1.89777e-03     fixed    
  10  beta_2CBO   -2.27630e-05   7.54224e-04   7.54224e-04  -1.49513e+02
  11  alpha_y      0.00000e+00   1.00000e-03   1.00000e-03   2.37682e+03
  12  w_y          1.38860e+01   constant   
  13  beta_y       9.82176e-04     fixed    
  14  alpha_vw     0.00000e+00     fixed    
  15  w_vw         1.43404e+01   constant   
  16  beta_vw      0.00000e+00     fixed    
  17  LM           2.37201e-04   constant   
  18  zeta_y       0.00000e+00   constant   
  19  zeta_vw      0.00000e+00   constant   
  20  T_CBO        2.45836e+01   4.09410e+00   2.67855e-04   1.72917e+00
  21  alpha_A0     1.08131e+03   2.35504e+03   9.04377e-01  -1.12394e-05
  22  beta_A0      2.77157e+02   6.05665e+02   2.34803e-01  -7.49527e-05
  23  alpha_phi    1.49269e+03   3.25329e+03   1.25148e+00   5.68192e-05
  24  beta_phi    -2.15955e+03   4.70754e+03  -1.81134e+00   3.02033e-05
 CALL LIMIT EXCEEDED IN MIGRAD.
 MIGRAD TERMINATED WITHOUT CONVERGENCE.
 FCN=50.0021 FROM MIGRAD    STATUS=CALL LIMIT   1153 CALLS        6742 TOTAL
                     EDM=0.0020319    STRATEGY= 1  ERROR MATRIX UNCERTAINTY  24.4 per cent
  EXT PARAMETER                APPROXIMATE        STEP         FIRST   
  NO.   NAME      VALUE            ERROR          SIZE      DERIVATIVE 
   1  N0           3.55173e+06     fixed    
   2  tau          6.44114e+01   constant   
   3  A0           3.53286e-01     fixed    
   4  phi          4.11925e+00     fixed    
   5  R           -6.01273e+01   constant   
   6  alpha_CBO   -4.79847e-04     fixed    
   7  w_CBO        2.32500e+00   constant   
   8  beta_CBO    -2.53491e-03     fixed    
   9  alpha_2CBO  -1.89777e-03     fixed    
  10  beta_2CBO    1.10118e-05   7.19376e-04  -3.01638e-05  -5.02701e+01
  11  alpha_y     -6.27843e-04   7.24375e-04   1.56590e-05   2.41427e+01
  12  w_y          1.38860e+01   constant   
  13  beta_y       9.82176e-04     fixed    
  14  alpha_vw     0.00000e+00     fixed    
  15  w_vw         1.43404e+01   constant   
  16  beta_vw      0.00000e+00     fixed    
  17  LM           2.37201e-04   constant   
  18  zeta_y       0.00000e+00   constant   
  19  zeta_vw      0.00000e+00   constant   
  20  T_CBO        1.50288e+01   2.52010e+00  -9.19720e-04  -1.77328e+01
  21  alpha_A0     4.54790e+06   1.46158e+07   6.30748e+05  -2.77942e-09
  22  beta_A0      1.95803e+06   6.29531e+06   2.71671e+05  -3.22806e-08
  23  alpha_phi    6.79825e+06   2.18399e+07   9.42516e+05   5.99080e-09
  24  beta_phi    -1.05125e+07   3.37996e+07  -1.45863e+06   9.35086e-09
 EXTERNAL ERROR MATRIX.    NDIM=  25    NPAR=  7    ERR DEF=1
  5.175e-07  4.475e-09  4.238e-04 -2.874e+03 -1.238e+03 -4.294e+03  6.645e+03 
  4.475e-09  5.247e-07 -2.252e-04  1.486e+03  6.400e+02  2.220e+03 -3.436e+03 
  4.238e-04 -2.252e-04  6.352e+00 -3.649e+07 -1.572e+07 -5.453e+07  8.439e+07 
 -2.874e+03  1.486e+03 -3.649e+07  2.136e+14  9.201e+13  3.192e+14 -4.940e+14 
 -1.238e+03  6.400e+02 -1.572e+07  9.201e+13  3.963e+13  1.375e+14 -2.128e+14 
 -4.294e+03  2.220e+03 -5.453e+07  3.192e+14  1.375e+14  4.770e+14 -7.382e+14 
  6.645e+03 -3.436e+03  8.439e+07 -4.940e+14 -2.128e+14 -7.382e+14  1.142e+15 
ERR MATRIX APPROXIMATE
 PARAMETER  CORRELATION COEFFICIENTS  
       NO.  GLOBAL     10     11     20     21     22     23     24
       10  0.39969   1.000  0.009  0.234 -0.273 -0.273 -0.273  0.273
       11  0.20144   0.009  1.000 -0.123  0.140  0.140  0.140 -0.140
       20  0.99194   0.234 -0.123  1.000 -0.991 -0.991 -0.991  0.991
       21  1.00000  -0.273  0.140 -0.991  1.000  1.000  1.000 -1.000
       22  1.00000  -0.273  0.140 -0.991  1.000  1.000  1.000 -1.000
       23  1.00000  -0.273  0.140 -0.991  1.000  1.000  1.000 -1.000
       24  1.00000   0.273 -0.140  0.991 -1.000 -1.000 -1.000  1.000
 ERR MATRIX APPROXIMATE
MINUIT - FIT ONLY 2-y
 **********
 **   67 **RES 
 **********
                   PARAMETER   16  beta_vw RESTORED TO VARIABLE.
                   PARAMETER   14  alpha_vw RESTORED TO VARIABLE.
                   PARAMETER   13  beta_y RESTORED TO VARIABLE.
                   PARAMETER    9  alpha_2CBO RESTORED TO VARIABLE.
                   PARAMETER    8  beta_CBO RESTORED TO VARIABLE.
                   PARAMETER    6  alpha_CBO RESTORED TO VARIABLE.
                   PARAMETER    4  phi RESTORED TO VARIABLE.
                   PARAMETER    3  A0 RESTORED TO VARIABLE.
                   PARAMETER    1  N0 RESTORED TO VARIABLE.
 **********
 **   68 **FIX            0
 **********
 PARAMETER    0  IS UNDEFINED. IGNORED.
 **********
 **   69 **FIX            1
 **********
 **********
 **   70 **FIX            2
 **********
 PARAMETER    2  IS CONSTANT.   IGNORED.
 **********
 **   71 **FIX            3
 **********
 **********
 **   72 **FIX            4
 **********
 **********
 **   73 **FIX            5
 **********
 PARAMETER    5  IS CONSTANT.   IGNORED.
 **********
 **   74 **FIX            6
 **********
 **********
 **   75 **FIX            7
 **********
 PARAMETER    7  IS CONSTANT.   IGNORED.
 **********
 **   76 **FIX            8
 **********
 **********
 **   77 **FIX            9
 **********
 **********
 **   78 **FIX           10
 **********
 **********
 **   79 **FIX           11
 **********
 **********
 **   80 **FIX           12
 **********
 PARAMETER   12  IS CONSTANT.   IGNORED.
 **********
 **   81 **FIX           16
 **********
 **********
 **   82 **MIGRAD
 **********
 START MIGRAD MINIMIZATION.  STRATEGY  1.  CONVERGENCE WHEN EDM .LT. 1.00e-04
 FCN=50.0021 FROM MIGRAD    STATUS=INITIATE       16 CALLS        6758 TOTAL
                     EDM= unknown      STRATEGY= 1      NO ERROR MATRIX       
  EXT PARAMETER               CURRENT GUESS       STEP         FIRST   
  NO.   NAME      VALUE            ERROR          SIZE      DERIVATIVE 
   1  N0           3.55173e+06     fixed    
   2  tau          6.44114e+01   constant   
   3  A0           3.53286e-01     fixed    
   4  phi          4.11925e+00     fixed    
   5  R           -6.01273e+01   constant   
   6  alpha_CBO   -4.79847e-04     fixed    
   7  w_CBO        2.32500e+00   constant   
   8  beta_CBO    -2.53491e-03     fixed    
   9  alpha_2CBO  -1.89777e-03     fixed    
  10  beta_2CBO    1.10118e-05     fixed    
  11  alpha_y     -6.27843e-04     fixed    
  12  w_y          1.38860e+01   constant   
  13  beta_y       9.82176e-04   7.40109e-04   7.40109e-04  -1.38473e+02
  14  alpha_vw     0.00000e+00   1.00000e-03   1.00000e-03   3.42190e+03
  15  w_vw         1.43404e+01   constant   
  16  beta_vw      0.00000e+00     fixed    
  17  LM           2.37201e-04   constant   
  18  zeta_y       0.00000e+00   constant   
  19  zeta_vw      0.00000e+00   constant   
  20  T_CBO        1.50288e+01   2.52010e+00  -9.19720e-04  -1.77328e+01
  21  alpha_A0     4.54790e+06   1.46158e+07   6.30748e+05  -2.77942e-09
  22  beta_A0      1.95803e+06   6.29531e+06   2.71671e+05  -3.22804e-08
  23  alpha_phi    6.79825e+06   2.18399e+07   9.42516e+05   5.99082e-09
  24  beta_phi    -1.05125e+07   3.37996e+07  -1.45863e+06   9.35087e-09
 CALL LIMIT EXCEEDED IN MIGRAD.
 MIGRAD TERMINATED WITHOUT CONVERGENCE.
 FCN=47.8365 FROM MIGRAD    STATUS=CALL LIMIT   1167 CALLS        7909 TOTAL
                     EDM=0.00789853    STRATEGY= 1  ERROR MATRIX UNCERTAINTY  20.8 per cent
  EXT PARAMETER                APPROXIMATE        STEP         FIRST   
  NO.   NAME      VALUE            ERROR          SIZE      DERIVATIVE 
   1  N0           3.55173e+06     fixed    
   2  tau          6.44114e+01   constant   
   3  A0           3.53286e-01     fixed    
   4  phi          4.11925e+00     fixed    
   5  R           -6.01273e+01   constant   
   6  alpha_CBO   -4.79847e-04     fixed    
   7  w_CBO        2.32500e+00   constant   
   8  beta_CBO    -2.53491e-03     fixed    
   9  alpha_2CBO  -1.89777e-03     fixed    
  10  beta_2CBO    1.10118e-05     fixed    
  11  alpha_y     -6.27843e-04     fixed    
  12  w_y          1.38860e+01   constant   
  13  beta_y       1.40861e-03   7.90914e-04  -2.20812e-06   1.09624e+00
  14  alpha_vw    -1.07482e-03   7.73901e-04   1.54733e-05   1.43689e+01
