 + ++++++++++++++++++++++++++++++++++++++++++++++++++++++++++++++++++++ +
 +                                                                      +
 +           You have chose to blind your fitting according to          +
 +                omega_ref * (1 + (R +/- deltaR) *10^{-6})             +
 +                                                                      +
 + ++++++++++++++++++++++++++++++++++++++++++++++++++++++++++++++++++++ +
In main()...
reading format from /gm2data/zkhechad/run45/envelope/formats/formatB_sBin_constraintOn.txt
pBinTau 	= 0  
pBinPhi 	= 0  
constraintau 	= 1 
includeMopTerm 	= 0    
constrainMop    = 0   
Parameters after format file: pBinTau 0 pBinPhi 0 constraintau 1 includeMopTerm 0 constrainMop 0 c_e_scale 0.000000 
Opening file /gm2data/tbarrett/gm2fr/studies/run23_bunch_corrections/CorrectedFourier_Run3b.root.
reading full fit data from /gm2data/zkhechad/cboTemplates/Run4CBOTemplates/fullFits/noRF/sBin_constraintOn_cE0.0_seed0_noRF_calo21.root
windowBins = 69
fitting sliding window 2030 from bin 2166 at 323.018000 to bin 2235 at 333.462000 (69 bins)

Reading data from /gm2data/cornell/histograms/aMethod/histogram_a_noRF.root
 **********
 **    1 **SET PRINTOUT            1
 **********
 **********
 **    2 **SET NOWARNINGS 
 **********
 PARAMETER DEFINITIONS:
    NO.   NAME         VALUE      STEP SIZE      LIMITS
     1 N0           2.83609e+06  1.00000e+02     no limits
     2 tau          6.44055e+01  constant
     3 A0           3.54106e-01  1.00000e-04     no limits
     4 phi          4.11637e+00  1.00000e-02     no limits
     5 R           -5.93657e+01  constant
     6 alpha_CBO    0.00000e+00  1.00000e-03     no limits
     7 w_CBO        2.32500e+00  constant
     8 beta_CBO     0.00000e+00  1.00000e-03     no limits
     9 alpha_2CBO   0.00000e+00  1.00000e-03     no limits
    10 beta_2CBO    0.00000e+00  1.00000e-03     no limits
    11 alpha_y      0.00000e+00  1.00000e-03     no limits
    12 w_y          1.38860e+01  constant
    13 beta_y       0.00000e+00  1.00000e-03     no limits
    14 alpha_vw     0.00000e+00  1.00000e-03     no limits
    15 w_vw         1.43404e+01  constant
    16 beta_vw      0.00000e+00  1.00000e-03     no limits
    17 LM           6.62355e-05  constant
    18 zeta_y       0.00000e+00  constant
    19 zeta_vw      0.00000e+00  constant
    20 T_CBO        1.00000e+02  1.00000e+00    0.00000e+00  1.00000e+03
    21 alpha_A0     0.00000e+00  1.00000e-03     no limits
    22 beta_A0      0.00000e+00  1.00000e-03     no limits
    23 alpha_phi    0.00000e+00  1.00000e-03     no limits
    24 beta_phi     0.00000e+00  1.00000e-03     no limits
MINUIT - FIT ONLY WIGGLE
 **********
 **    3 **FIX            5
 **********
 PARAMETER    5  IS CONSTANT.   IGNORED.
 **********
 **    4 **FIX            6
 **********
 **********
 **    5 **FIX            7
 **********
 PARAMETER    7  IS CONSTANT.   IGNORED.
 **********
 **    6 **FIX            8
 **********
 **********
 **    7 **FIX            9
 **********
 **********
 **    8 **FIX           10
 **********
 **********
 **    9 **FIX           11
 **********
 **********
 **   10 **FIX           12
 **********
 PARAMETER   12  IS CONSTANT.   IGNORED.
 **********
 **   11 **FIX           13
 **********
 **********
 **   12 **FIX           14
 **********
 **********
 **   13 **FIX           15
 **********
 PARAMETER   15  IS CONSTANT.   IGNORED.
 **********
 **   14 **FIX           16
 **********
 **********
 **   15 **MIGRAD
 **********
 FIRST CALL TO USER FUNCTION AT NEW START POINT, WITH IFLAG=4.
 START MIGRAD MINIMIZATION.  STRATEGY  1.  CONVERGENCE WHEN EDM .LT. 1.00e-04
 FCN=91.2874 FROM MIGRAD    STATUS=INITIATE      437 CALLS         438 TOTAL
                     EDM= unknown      STRATEGY= 1      NO ERROR MATRIX       
  EXT PARAMETER               CURRENT GUESS       STEP         FIRST   
  NO.   NAME      VALUE            ERROR          SIZE      DERIVATIVE 
   1  N0           2.83609e+06   1.00000e+02   0.00000e+00  -1.37253e-03
   2  tau          6.44055e+01   constant   
   3  A0           3.54106e-01   1.00000e-04   0.00000e+00   2.79995e+03
   4  phi          4.11637e+00   1.00000e-02   0.00000e+00   3.18854e+00
   5  R           -5.93657e+01   constant   
   6  alpha_CBO    0.00000e+00     fixed    
   7  w_CBO        2.32500e+00   constant   
   8  beta_CBO     0.00000e+00     fixed    
   9  alpha_2CBO   0.00000e+00     fixed    
  10  beta_2CBO    0.00000e+00     fixed    
  11  alpha_y      0.00000e+00     fixed    
  12  w_y          1.38860e+01   constant   
  13  beta_y       0.00000e+00     fixed    
  14  alpha_vw     0.00000e+00     fixed    
  15  w_vw         1.43404e+01   constant   
  16  beta_vw      0.00000e+00     fixed    
  17  LM           6.62355e-05   constant   
  18  zeta_y       0.00000e+00   constant   
  19  zeta_vw      0.00000e+00   constant   
  20  T_CBO        1.00000e+02   1.00000e+00   0.00000e+00   0.00000e+00
  21  alpha_A0     0.00000e+00   1.00000e-03   0.00000e+00  -1.34190e+01
  22  beta_A0      0.00000e+00   1.00000e-03   0.00000e+00   4.29844e+01
  23  alpha_phi    0.00000e+00   1.00000e-03   0.00000e+00   3.88732e+01
  24  beta_phi     0.00000e+00   1.00000e-03   0.00000e+00  -3.15561e-01
 CALL LIMIT EXCEEDED IN MIGRAD.
 MIGRAD TERMINATED WITHOUT CONVERGENCE.
 FCN=84.4436 FROM MIGRAD    STATUS=CALL LIMIT   1324 CALLS        1325 TOTAL
                     EDM=0.00292825    STRATEGY= 1  ERROR MATRIX UNCERTAINTY   3.9 per cent
  EXT PARAMETER                APPROXIMATE        STEP         FIRST   
  NO.   NAME      VALUE            ERROR          SIZE      DERIVATIVE 
   1  N0           2.83686e+06   1.61000e+03   6.91221e+01   2.20250e-05
   2  tau          6.44055e+01   constant   
   3  A0           3.53533e-01   6.84467e-04   1.06772e-05   1.59543e+01
   4  phi          4.11583e+00   2.17820e-03   9.87550e-06  -3.96094e+00
   5  R           -5.93657e+01   constant   
   6  alpha_CBO    0.00000e+00     fixed    
   7  w_CBO        2.32500e+00   constant   
   8  beta_CBO     0.00000e+00     fixed    
   9  alpha_2CBO   0.00000e+00     fixed    
  10  beta_2CBO    0.00000e+00     fixed    
  11  alpha_y      0.00000e+00     fixed    
  12  w_y          1.38860e+01   constant   
  13  beta_y       0.00000e+00     fixed    
  14  alpha_vw     0.00000e+00     fixed    
  15  w_vw         1.43404e+01   constant   
  16  beta_vw      0.00000e+00     fixed    
  17  LM           6.62355e-05   constant   
  18  zeta_y       0.00000e+00   constant   
  19  zeta_vw      0.00000e+00   constant   
  20  T_CBO        4.56295e+01   1.92842e+01  -3.91647e-03  -6.20296e+00
  21  alpha_A0     4.08265e+00   1.02560e+01   4.70671e-01  -2.28493e-02
  22  beta_A0     -6.77346e+00   1.71737e+01  -7.87721e-01   2.55695e-02
  23  alpha_phi   -5.00702e+00   1.27888e+01  -5.86481e-01   2.47532e-03
  24  beta_phi    -1.12735e+00   2.97279e+00  -1.35939e-01  -4.68458e-02
 EXTERNAL ERROR MATRIX.    NDIM=  25    NPAR=  8    ERR DEF=1
  2.592e+06  2.511e-01  1.561e-01  1.684e+03  2.444e+02 -3.897e+02 -2.862e+02 -5.472e+01 
  2.511e-01  4.685e-07  3.145e-09  8.608e-04 -2.437e-04  4.058e-04  3.031e-04  7.538e-05 
  1.561e-01  3.145e-09  4.745e-06 -1.188e-03  3.584e-04 -6.261e-04 -4.697e-04 -1.034e-04 
  1.684e+03  8.608e-04 -1.188e-03  3.729e+02 -1.944e+02  3.256e+02  2.425e+02  5.641e+01 
  2.444e+02 -2.437e-04  3.584e-04 -1.944e+02  1.052e+02 -1.761e+02 -1.312e+02 -3.048e+01 
 -3.897e+02  4.058e-04 -6.261e-04  3.256e+02 -1.761e+02  2.949e+02  2.196e+02  5.104e+01 
 -2.862e+02  3.031e-04 -4.697e-04  2.425e+02 -1.312e+02  2.196e+02  1.636e+02  3.801e+01 
 -5.472e+01  7.538e-05 -1.034e-04  5.641e+01 -3.048e+01  5.104e+01  3.801e+01  8.838e+00 
ERR MATRIX APPROXIMATE
 PARAMETER  CORRELATION COEFFICIENTS  
       NO.  GLOBAL      1      3      4     20     21     22     23     24
        1  0.41423   1.000  0.228  0.045  0.054  0.015 -0.014 -0.014 -0.011
        3  0.25857   0.228  1.000  0.002  0.065 -0.035  0.035  0.035  0.037
        4  0.15270   0.045  0.002  1.000 -0.028  0.016 -0.017 -0.017 -0.016
       20  0.98524   0.054  0.065 -0.028  1.000 -0.982  0.982  0.982  0.983
       21  0.99997   0.015 -0.035  0.016 -0.982  1.000 -1.000 -1.000 -1.000
       22  0.99998  -0.014  0.035 -0.017  0.982 -1.000  1.000  1.000  1.000
       23  0.99998  -0.014  0.035 -0.017  0.982 -1.000  1.000  1.000  1.000
       24  0.99973  -0.011  0.037 -0.016  0.983 -1.000  1.000  1.000  1.000
 ERR MATRIX APPROXIMATE
MINUIT - FIT ONLY 1-CBO + wiggle
 **********
 **   16 **RES 
 **********
                   PARAMETER   16  beta_vw RESTORED TO VARIABLE.
                   PARAMETER   14  alpha_vw RESTORED TO VARIABLE.
                   PARAMETER   13  beta_y RESTORED TO VARIABLE.
                   PARAMETER   11  alpha_y RESTORED TO VARIABLE.
                   PARAMETER   10  beta_2CBO RESTORED TO VARIABLE.
                   PARAMETER    9  alpha_2CBO RESTORED TO VARIABLE.
                   PARAMETER    8  beta_CBO RESTORED TO VARIABLE.
                   PARAMETER    6  alpha_CBO RESTORED TO VARIABLE.
 **********
 **   17 **FIX            8
 **********
 **********
 **   18 **FIX            9
 **********
 **********
 **   19 **FIX           11
 **********
 **********
 **   20 **FIX           12
 **********
 PARAMETER   12  IS CONSTANT.   IGNORED.
 **********
 **   21 **FIX           14
 **********
 **********
 **   22 **FIX           15
 **********
 PARAMETER   15  IS CONSTANT.   IGNORED.
 **********
 **   23 **FIX           16
 **********
 **********
 **   24 **MIGRAD
 **********
 START MIGRAD MINIMIZATION.  STRATEGY  1.  CONVERGENCE WHEN EDM .LT. 1.00e-04
 FCN=84.4436 FROM MIGRAD    STATUS=INITIATE       28 CALLS        1353 TOTAL
                     EDM= unknown      STRATEGY= 1      NO ERROR MATRIX       
  EXT PARAMETER               CURRENT GUESS       STEP         FIRST   
  NO.   NAME      VALUE            ERROR          SIZE      DERIVATIVE 
   1  N0           2.83686e+06   1.61000e+03   6.91221e+01   2.20250e-05
   2  tau          6.44055e+01   constant   
   3  A0           3.53533e-01   6.84467e-04   1.06772e-05   1.59543e+01
   4  phi          4.11583e+00   2.17820e-03   9.87550e-06  -3.96094e+00
   5  R           -5.93657e+01   constant   
   6  alpha_CBO    0.00000e+00   1.00000e-03   1.00000e-03   1.08318e+04
   7  w_CBO        2.32500e+00   constant   
   8  beta_CBO     0.00000e+00     fixed    
   9  alpha_2CBO   0.00000e+00     fixed    
  10  beta_2CBO    0.00000e+00   1.00000e-03   1.00000e-03   4.36918e+03
  11  alpha_y      0.00000e+00     fixed    
  12  w_y          1.38860e+01   constant   
  13  beta_y       0.00000e+00   1.00000e-03   1.00000e-03  -3.99849e+02
  14  alpha_vw     0.00000e+00     fixed    
  15  w_vw         1.43404e+01   constant   
  16  beta_vw      0.00000e+00     fixed    
  17  LM           6.62355e-05   constant   
  18  zeta_y       0.00000e+00   constant   
  19  zeta_vw      0.00000e+00   constant   
  20  T_CBO        4.56295e+01   1.92842e+01  -3.91647e-03  -6.20298e+00
  21  alpha_A0     4.08265e+00   1.02560e+01   4.70671e-01  -2.28493e-02
  22  beta_A0     -6.77346e+00   1.71737e+01  -7.87721e-01   2.55695e-02
  23  alpha_phi   -5.00702e+00   1.27888e+01  -5.86481e-01   2.47532e-03
  24  beta_phi    -1.12735e+00   2.97279e+00  -1.35939e-01  -4.68458e-02
 CALL LIMIT EXCEEDED IN MIGRAD.
 MIGRAD TERMINATED WITHOUT CONVERGENCE.
 FCN=61.4262 FROM MIGRAD    STATUS=CALL LIMIT   1924 CALLS        3249 TOTAL
                     EDM=0.000938085    STRATEGY= 1  ERROR MATRIX UNCERTAINTY  10.4 per cent
  EXT PARAMETER                APPROXIMATE        STEP         FIRST   
  NO.   NAME      VALUE            ERROR          SIZE      DERIVATIVE 
   1  N0           2.83664e+06   1.61105e+03  -2.78193e+01  -1.34477e-05
   2  tau          6.44055e+01   constant   
   3  A0           3.52971e-01   6.90764e-04  -6.26700e-06  -3.01252e+00
   4  phi          4.11487e+00   2.12858e-03   2.32734e-05   4.76932e+00
   5  R           -5.93657e+01   constant   
   6  alpha_CBO   -3.64364e-03   8.04734e-04  -1.32099e-05  -2.36280e+01
   7  w_CBO        2.32500e+00   constant   
   8  beta_CBO     0.00000e+00     fixed    
   9  alpha_2CBO   0.00000e+00     fixed    
  10  beta_2CBO   -1.44327e-03   7.45079e-04  -1.76278e-05  -2.45945e+01
  11  alpha_y      0.00000e+00     fixed    
  12  w_y          1.38860e+01   constant   
  13  beta_y       7.08234e-05   7.75723e-04   7.93995e-06   1.01133e+01
  14  alpha_vw     0.00000e+00     fixed    
  15  w_vw         1.43404e+01   constant   
  16  beta_vw      0.00000e+00     fixed    
  17  LM           6.62355e-05   constant   
  18  zeta_y       0.00000e+00   constant   
  19  zeta_vw      0.00000e+00   constant   
  20  T_CBO        2.66010e+01   6.09897e+00  -3.65583e-04  -5.77307e+00
  21  alpha_A0     6.08815e+02   1.88754e+03   2.90817e+01   2.82796e-05
  22  beta_A0     -1.32520e+03   3.30207e+03  -4.50376e+01  -2.37429e-05
  23  alpha_phi   -1.33941e+03   3.39235e+03  -4.68515e+01   1.29657e-04
  24  beta_phi    -3.83322e+02   8.64907e+02  -1.09033e+01  -5.15441e-05
 EXTERNAL ERROR MATRIX.    NDIM=  25    NPAR= 11    ERR DEF=1
  2.595e+06 
  2.434e-01  4.772e-07 
  2.898e-01  4.316e-08  4.531e-06 
  1.154e-03  8.002e-08  2.862e-07  6.476e-07 
 -1.188e-01  4.658e-09 -1.094e-08 -1.261e-08  5.551e-07 
 -6.140e-03  9.161e-09 -2.629e-08  2.148e-08  1.657e-08  6.017e-07 
  7.901e+02  3.588e-04 -5.289e-04  5.067e-04  3.933e-04 -4.300e-04  3.722e+01 
 -3.488e+05 -1.362e-01  1.115e-01 -2.057e-01 -1.249e-01  1.476e-01 -1.130e+04  3.563e+06 
  6.088e+05  2.373e-01 -2.118e-01  3.501e-01  2.199e-01 -2.480e-01  1.999e+04 -6.210e+06  1.090e+07 
  6.254e+05  2.440e-01 -2.165e-01  3.613e-01  2.256e-01 -2.559e-01  2.052e+04 -6.384e+06  1.120e+07  1.151e+07 
  1.577e+05  6.194e-02 -5.769e-02  9.012e-02  5.769e-02 -6.327e-02  5.251e+03 -1.618e+06  2.853e+06  2.930e+06  7.481e+05 
ERR MATRIX APPROXIMATE
 PARAMETER  CORRELATION COEFFICIENTS  
       NO.  GLOBAL      1      3      4      6     10     13     20     21     22     23     24
        1  0.47573   1.000  0.219  0.085  0.001 -0.099 -0.005  0.080 -0.115  0.114  0.114  0.113
        3  0.29785   0.219  1.000  0.029  0.144  0.009  0.017  0.085 -0.104  0.104  0.104  0.104
        4  0.21564   0.085  0.029  1.000  0.167 -0.007 -0.016 -0.041  0.028 -0.030 -0.030 -0.031
        6  0.39856   0.001  0.144  0.167  1.000 -0.021  0.034  0.103 -0.135  0.132  0.132  0.129
       10  0.19059  -0.099  0.009 -0.007 -0.021  1.000  0.029  0.087 -0.089  0.089  0.089  0.090
       13  0.13706  -0.005  0.017 -0.016  0.034  0.029  1.000 -0.091  0.101 -0.097 -0.097 -0.094
       20  0.99689   0.080  0.085 -0.041  0.103  0.087 -0.091  1.000 -0.981  0.992  0.991  0.995
       21  0.99998  -0.115 -0.104  0.028 -0.135 -0.089  0.101 -0.981  1.000 -0.996 -0.997 -0.991
       22  1.00000   0.114  0.104 -0.030  0.132  0.089 -0.097  0.992 -0.996  1.000  1.000  0.999
       23  1.00000   0.114  0.104 -0.030  0.132  0.089 -0.097  0.991 -0.997  1.000  1.000  0.998
       24  0.99999   0.113  0.104 -0.031  0.129  0.090 -0.094  0.995 -0.991  0.999  0.998  1.000
 ERR MATRIX APPROXIMATE
MINUIT - FIT ONLY 2-CBO
 **********
 **   25 **RES 
 **********
                   PARAMETER   16  beta_vw RESTORED TO VARIABLE.
                   PARAMETER   14  alpha_vw RESTORED TO VARIABLE.
                   PARAMETER   11  alpha_y RESTORED TO VARIABLE.
                   PARAMETER    9  alpha_2CBO RESTORED TO VARIABLE.
                   PARAMETER    8  beta_CBO RESTORED TO VARIABLE.
 **********
 **   26 **FIX            0
 **********
 PARAMETER    0  IS UNDEFINED. IGNORED.
 **********
 **   27 **FIX            1
 **********
 **********
 **   28 **FIX            2
 **********
 PARAMETER    2  IS CONSTANT.   IGNORED.
 **********
 **   29 **FIX            3
 **********
 **********
 **   30 **FIX            4
 **********
 **********
 **   31 **FIX            5
 **********
 PARAMETER    5  IS CONSTANT.   IGNORED.
 **********
 **   32 **FIX            6
 **********
 **********
 **   33 **FIX            7
 **********
 PARAMETER    7  IS CONSTANT.   IGNORED.
 **********
 **   34 **FIX           10
 **********
 **********
 **   35 **FIX           11
 **********
 **********
 **   36 **FIX           12
 **********
 PARAMETER   12  IS CONSTANT.   IGNORED.
 **********
 **   37 **FIX           13
 **********
 **********
 **   38 **FIX           14
 **********
 **********
 **   39 **FIX           15
 **********
 PARAMETER   15  IS CONSTANT.   IGNORED.
 **********
 **   40 **FIX           16
 **********
 **********
 **   41 **MIGRAD
 **********
 START MIGRAD MINIMIZATION.  STRATEGY  1.  CONVERGENCE WHEN EDM .LT. 1.00e-04
 FCN=61.4262 FROM MIGRAD    STATUS=INITIATE       18 CALLS        3267 TOTAL
                     EDM= unknown      STRATEGY= 1      NO ERROR MATRIX       
  EXT PARAMETER               CURRENT GUESS       STEP         FIRST   
  NO.   NAME      VALUE            ERROR          SIZE      DERIVATIVE 
   1  N0           2.83664e+06     fixed    
   2  tau          6.44055e+01   constant   
   3  A0           3.52971e-01     fixed    
   4  phi          4.11487e+00     fixed    
   5  R           -5.93657e+01   constant   
   6  alpha_CBO   -3.64364e-03     fixed    
   7  w_CBO        2.32500e+00   constant   
   8  beta_CBO     0.00000e+00   1.00000e-03   1.00000e-03  -6.60685e+03
   9  alpha_2CBO   0.00000e+00   1.00000e-03   1.00000e-03   3.18552e+02
  10  beta_2CBO   -1.44327e-03     fixed    
  11  alpha_y      0.00000e+00     fixed    
  12  w_y          1.38860e+01   constant   
  13  beta_y       7.08234e-05     fixed    
  14  alpha_vw     0.00000e+00     fixed    
  15  w_vw         1.43404e+01   constant   
  16  beta_vw      0.00000e+00     fixed    
  17  LM           6.62355e-05   constant   
  18  zeta_y       0.00000e+00   constant   
  19  zeta_vw      0.00000e+00   constant   
  20  T_CBO        2.66010e+01   6.09897e+00  -3.65583e-04  -5.77310e+00
  21  alpha_A0     6.08815e+02   1.88754e+03   2.90817e+01   2.82796e-05
  22  beta_A0     -1.32520e+03   3.30207e+03  -4.50376e+01  -2.37429e-05
  23  alpha_phi   -1.33941e+03   3.39235e+03  -4.68515e+01   1.29657e-04
  24  beta_phi    -3.83322e+02   8.64907e+02  -1.09033e+01  -5.15441e-05
 MIGRAD MINIMIZATION HAS CONVERGED.
 MIGRAD WILL VERIFY CONVERGENCE AND ERROR MATRIX.
 FCN=54.5665 FROM HESSE     STATUS=NOT POSDEF     50 CALLS        3396 TOTAL
                     EDM=0.00147673    STRATEGY= 1      ERR MATRIX NOT POS-DEF
  EXT PARAMETER                APPROXIMATE        STEP         FIRST   
  NO.   NAME      VALUE            ERROR          SIZE      DERIVATIVE 
   1  N0           2.83664e+06     fixed    
   2  tau          6.44055e+01   constant   
   3  A0           3.52971e-01     fixed    
   4  phi          4.11487e+00     fixed    
   5  R           -5.93657e+01   constant   
   6  alpha_CBO   -3.64364e-03     fixed    
   7  w_CBO        2.32500e+00   constant   
   8  beta_CBO     2.07044e-03   7.90747e-04   2.79019e-06   2.45408e-01
   9  alpha_2CBO  -5.95000e-05   7.90751e-04   2.81898e-06  -1.66652e+00
  10  beta_2CBO   -1.44327e-03     fixed    
  11  alpha_y      0.00000e+00     fixed    
  12  w_y          1.38860e+01   constant   
  13  beta_y       7.08234e-05     fixed    
  14  alpha_vw     0.00000e+00     fixed    
  15  w_vw         1.43404e+01   constant   
  16  beta_vw      0.00000e+00     fixed    
  17  LM           6.62355e-05   constant   
  18  zeta_y       0.00000e+00   constant   
  19  zeta_vw      0.00000e+00   constant   
  20  T_CBO        2.64640e+01   1.22382e+01   1.78590e-05   6.14597e-01
  21  alpha_A0     5.75164e+02   3.42308e+03   2.63079e+00   4.34273e-07
  22  beta_A0     -1.24759e+03   7.18774e+03   2.58897e+00   6.97194e-07
  23  alpha_phi   -1.38637e+03   7.97320e+03   2.32252e+00   3.31881e-06
  24  beta_phi    -2.12108e+00   6.41293e+02   2.23909e+00  -2.02842e-07
 CALL LIMIT EXCEEDED IN MIGRAD.
 MIGRAD TERMINATED WITHOUT CONVERGENCE.
 FCN=54.5224 FROM MIGRAD    STATUS=CALL LIMIT   1152 CALLS        4401 TOTAL
                     EDM=0.00016954    STRATEGY= 1      ERR MATRIX NOT POS-DEF
  EXT PARAMETER                APPROXIMATE        STEP         FIRST   
  NO.   NAME      VALUE            ERROR          SIZE      DERIVATIVE 
   1  N0           2.83664e+06     fixed    
   2  tau          6.44055e+01   constant   
   3  A0           3.52971e-01     fixed    
   4  phi          4.11487e+00     fixed    
   5  R           -5.93657e+01   constant   
   6  alpha_CBO   -3.64364e-03     fixed    
   7  w_CBO        2.32500e+00   constant   
   8  beta_CBO     2.06593e-03   7.79887e-04   3.81111e-06   9.30230e+00
   9  alpha_2CBO  -6.24806e-05   7.97106e-04  -1.11005e-06  -2.71566e+00
  10  beta_2CBO   -1.44327e-03     fixed    
  11  alpha_y      0.00000e+00     fixed    
  12  w_y          1.38860e+01   constant   
  13  beta_y       7.08234e-05     fixed    
  14  alpha_vw     0.00000e+00     fixed    
  15  w_vw         1.43404e+01   constant   
  16  beta_vw      0.00000e+00     fixed    
  17  LM           6.62355e-05   constant   
  18  zeta_y       0.00000e+00   constant   
  19  zeta_vw      0.00000e+00   constant   
  20  T_CBO        2.01960e+01   3.99526e+00  -3.13307e-05   2.99862e-01
  21  alpha_A0     2.76458e+04   7.26254e+04   1.81322e+02  -4.70135e-07
  22  beta_A0     -5.83908e+04   1.69546e+05  -3.92260e+02   5.50587e-07
  23  alpha_phi   -6.55073e+04   2.20796e+05  -4.61460e+02  -5.84147e-07
  24  beta_phi    -2.64648e+02   1.27359e+03  -5.16425e-01  -4.10441e-08
 EXTERNAL ERROR MATRIX.    NDIM=  25    NPAR=  7    ERR DEF=1
  6.082e-07 -2.434e-09 -9.705e-04  1.998e+01 -4.294e+01 -4.999e+01 -3.012e-02 
 -2.434e-09  6.354e-07  7.203e-04 -1.323e+01  3.049e+01  3.902e+01 -5.071e-02 
 -9.705e-04  7.203e-04  1.597e+01 -2.865e+05  6.721e+05  8.760e+05 -3.079e+03 
  1.998e+01 -1.323e+01 -2.865e+05  5.274e+09 -1.229e+10 -1.589e+10  4.965e+07 
 -4.294e+01  3.049e+01  6.721e+05 -1.229e+10  2.875e+10  3.734e+10 -1.246e+08 
 -4.999e+01  3.902e+01  8.760e+05 -1.589e+10  3.734e+10  4.875e+10 -1.748e+08 
 -3.012e-02 -5.071e-02 -3.079e+03  4.965e+07 -1.246e+08 -1.748e+08  1.622e+06 
ERR MATRIX NOT POS-DEF
 PARAMETER  CORRELATION COEFFICIENTS  
       NO.  GLOBAL      8      9     20     21     22     23     24
        8  0.60642   1.000 -0.004 -0.311  0.353 -0.325 -0.290 -0.030
        9  0.27584  -0.004  1.000  0.226 -0.228  0.226  0.222 -0.050
       20  0.99335  -0.311  0.226  1.000 -0.987  0.992  0.993 -0.605
       21  0.99992   0.353 -0.228 -0.987  1.000 -0.998 -0.991  0.537
       22  0.99998  -0.325  0.226  0.992 -0.998  1.000  0.997 -0.577
       23  0.99991  -0.290  0.222  0.993 -0.991  0.997  1.000 -0.622
       24  0.87263  -0.030 -0.050 -0.605  0.537 -0.577 -0.622  1.000
 ERR MATRIX NOT POS-DEF
MINUIT - FIT wiggle + 1-CBO + 2-CBO
 **********
 **   42 **RES 
 **********
                   PARAMETER   16  beta_vw RESTORED TO VARIABLE.
                   PARAMETER   14  alpha_vw RESTORED TO VARIABLE.
                   PARAMETER   13  beta_y RESTORED TO VARIABLE.
                   PARAMETER   11  alpha_y RESTORED TO VARIABLE.
                   PARAMETER   10  beta_2CBO RESTORED TO VARIABLE.
                   PARAMETER    6  alpha_CBO RESTORED TO VARIABLE.
                   PARAMETER    4  phi RESTORED TO VARIABLE.
                   PARAMETER    3  A0 RESTORED TO VARIABLE.
                   PARAMETER    1  N0 RESTORED TO VARIABLE.
 **********
 **   43 **FIX           10
 **********
 **********
 **   44 **FIX           11
 **********
 **********
 **   45 **FIX           12
 **********
 PARAMETER   12  IS CONSTANT.   IGNORED.
 **********
 **   46 **FIX           13
 **********
 **********
 **   47 **FIX           14
 **********
 **********
 **   48 **FIX           15
 **********
 PARAMETER   15  IS CONSTANT.   IGNORED.
 **********
 **   49 **FIX           16
 **********
 **********
 **   50 **MIGRAD
 **********
 START MIGRAD MINIMIZATION.  STRATEGY  1.  CONVERGENCE WHEN EDM .LT. 1.00e-04
 FCN=54.5224 FROM MIGRAD    STATUS=INITIATE       22 CALLS        4423 TOTAL
                     EDM= unknown      STRATEGY= 1      NO ERROR MATRIX       
  EXT PARAMETER               CURRENT GUESS       STEP         FIRST   
  NO.   NAME      VALUE            ERROR          SIZE      DERIVATIVE 
   1  N0           2.83664e+06   1.61105e+03   1.61105e+03  -1.73777e-05
   2  tau          6.44055e+01   constant   
   3  A0           3.52971e-01   6.90764e-04   6.90764e-04   7.37819e+02
   4  phi          4.11487e+00   2.12858e-03   2.12858e-03  -5.91738e+02
   5  R           -5.93657e+01   constant   
   6  alpha_CBO   -3.64364e-03   8.04734e-04   8.04734e-04   9.72036e+01
   7  w_CBO        2.32500e+00   constant   
   8  beta_CBO     2.06593e-03   7.79887e-04   3.81111e-06   9.30230e+00
   9  alpha_2CBO  -6.24806e-05   7.97106e-04  -1.11005e-06  -2.71566e+00
  10  beta_2CBO   -1.44327e-03     fixed    
  11  alpha_y      0.00000e+00     fixed    
  12  w_y          1.38860e+01   constant   
  13  beta_y       7.08234e-05     fixed    
  14  alpha_vw     0.00000e+00     fixed    
  15  w_vw         1.43404e+01   constant   
  16  beta_vw      0.00000e+00     fixed    
  17  LM           6.62355e-05   constant   
  18  zeta_y       0.00000e+00   constant   
  19  zeta_vw      0.00000e+00   constant   
  20  T_CBO        2.01960e+01   3.99526e+00  -3.13307e-05   2.99848e-01
  21  alpha_A0     2.76458e+04   7.26254e+04   1.81322e+02  -4.70135e-07
  22  beta_A0     -5.83908e+04   1.69546e+05  -3.92260e+02   5.50587e-07
  23  alpha_phi   -6.55073e+04   2.20796e+05  -4.61460e+02  -5.84147e-07
  24  beta_phi    -2.64648e+02   1.27359e+03  -5.16425e-01  -4.10441e-08
 CALL LIMIT EXCEEDED IN MIGRAD.
 MIGRAD TERMINATED WITHOUT CONVERGENCE.
 FCN=53.8922 FROM MIGRAD    STATUS=CALL LIMIT   1911 CALLS        6312 TOTAL
                     EDM=0.00100662    STRATEGY= 1  ERROR MATRIX UNCERTAINTY  26.4 per cent
  EXT PARAMETER                APPROXIMATE        STEP         FIRST   
  NO.   NAME      VALUE            ERROR          SIZE      DERIVATIVE 
   1  N0           2.83655e+06   1.59356e+03   1.37695e+01   1.41635e-05
   2  tau          6.44055e+01   constant   
   3  A0           3.52736e-01   7.04715e-04  -2.78838e-06  -2.75635e+01
   4  phi          4.11644e+00   2.22901e-03  -5.19887e-06  -3.20737e+00
   5  R           -5.93657e+01   constant   
   6  alpha_CBO   -3.64118e-03   8.18579e-04  -4.76788e-07  -3.66960e+00
   7  w_CBO        2.32500e+00   constant   
   8  beta_CBO     2.19161e-03   7.98134e-04  -1.70928e-06  -7.46315e+00
   9  alpha_2CBO  -8.07872e-05   7.68870e-04  -4.55301e-06  -1.76234e+01
  10  beta_2CBO   -1.44327e-03     fixed    
  11  alpha_y      0.00000e+00     fixed    
  12  w_y          1.38860e+01   constant   
  13  beta_y       7.08234e-05     fixed    
  14  alpha_vw     0.00000e+00     fixed    
  15  w_vw         1.43404e+01   constant   
  16  beta_vw      0.00000e+00     fixed    
  17  LM           6.62355e-05   constant   
  18  zeta_y       0.00000e+00   constant   
  19  zeta_vw      0.00000e+00   constant   
  20  T_CBO        1.50622e+01   1.73523e+00   2.27092e-05  -8.38296e+00
  21  alpha_A0     6.06660e+06   1.39706e+07   1.78261e+04  -7.49380e-09
  22  beta_A0     -1.51195e+07   3.56640e+07  -4.61103e+04  -1.58396e-08
  23  alpha_phi   -1.65695e+07   3.85920e+07  -4.96637e+04   1.61948e-08
  24  beta_phi    -3.11408e+05   1.07008e+06  -1.70123e+03  -1.10948e-08
 EXTERNAL ERROR MATRIX.    NDIM=  25    NPAR= 11    ERR DEF=1
  2.539e+06 
  3.049e-01  4.966e-07 
  2.384e-01 -1.676e-08  4.969e-06 
  7.370e-02  9.046e-08  2.275e-07  6.701e-07 
  2.001e-02 -5.421e-08  3.818e-07 -1.228e-09  6.370e-07 
  6.283e-02 -2.035e-08 -8.809e-08 -2.853e-08 -6.223e-09  5.912e-07 
 -1.120e+03  2.310e-04  2.714e-04  1.464e-05  1.002e-04  3.176e-04  3.011e+00 
  8.941e+09 -2.241e+03 -2.805e+03 -4.471e+02 -1.002e+03 -2.741e+03 -2.401e+07  1.952e+14 
 -2.281e+10  5.727e+03  7.135e+03  1.147e+03  2.558e+03  7.005e+03  6.127e+07 -4.982e+14  1.272e+15 
 -2.468e+10  6.198e+03  7.712e+03  1.243e+03  2.764e+03  7.581e+03  6.631e+07 -5.392e+14  1.376e+15  1.489e+15 
 -6.828e+08  1.751e+02  2.197e+02  3.668e+01  8.237e+01  2.119e+02  1.834e+06 -1.494e+13  3.814e+13  4.127e+13  1.145e+12 
ERR MATRIX APPROXIMATE
 PARAMETER  CORRELATION COEFFICIENTS  
       NO.  GLOBAL      1      3      4      6      8      9     20     21     22     23     24
        1  0.62064   1.000  0.271  0.067  0.056  0.016  0.051 -0.405  0.402 -0.401 -0.401 -0.400
        3  0.59719   0.271  1.000 -0.011  0.157 -0.096 -0.038  0.189 -0.228  0.228  0.228  0.232
        4  0.36959   0.067 -0.011  1.000  0.125  0.215 -0.051  0.070 -0.090  0.090  0.090  0.092
        6  0.28609   0.056  0.157  0.125  1.000 -0.002 -0.045  0.010 -0.039  0.039  0.039  0.042
        8  0.35955   0.016 -0.096  0.215 -0.002  1.000 -0.010  0.072 -0.090  0.090  0.090  0.096
        9  0.43182   0.051 -0.038 -0.051 -0.045 -0.010  1.000  0.238 -0.255  0.255  0.255  0.258
       20  0.99331  -0.405  0.189  0.070  0.010  0.072  0.238  1.000 -0.990  0.990  0.990  0.988
       21  1.00000   0.402 -0.228 -0.090 -0.039 -0.090 -0.255 -0.990  1.000 -1.000 -1.000 -0.999
       22  1.00000  -0.401  0.228  0.090  0.039  0.090  0.255  0.990 -1.000  1.000  1.000  0.999
       23  1.00000  -0.401  0.228  0.090  0.039  0.090  0.255  0.990 -1.000  1.000  1.000  0.999
       24  0.99958  -0.400  0.232  0.092  0.042  0.096  0.258  0.988 -0.999  0.999  0.999  1.000
 ERR MATRIX APPROXIMATE
MINUIT - FIT ONLY 1-y
 **********
 **   51 **RES 
 **********
                   PARAMETER   16  beta_vw RESTORED TO VARIABLE.
                   PARAMETER   14  alpha_vw RESTORED TO VARIABLE.
                   PARAMETER   13  beta_y RESTORED TO VARIABLE.
                   PARAMETER   11  alpha_y RESTORED TO VARIABLE.
                   PARAMETER   10  beta_2CBO RESTORED TO VARIABLE.
 **********
 **   52 **FIX            0
 **********
 PARAMETER    0  IS UNDEFINED. IGNORED.
 **********
 **   53 **FIX            1
 **********
 **********
 **   54 **FIX            2
 **********
 PARAMETER    2  IS CONSTANT.   IGNORED.
 **********
 **   55 **FIX            3
 **********
 **********
 **   56 **FIX            4
 **********
 **********
 **   57 **FIX            5
 **********
 PARAMETER    5  IS CONSTANT.   IGNORED.
 **********
 **   58 **FIX            6
 **********
 **********
 **   59 **FIX            7
 **********
 PARAMETER    7  IS CONSTANT.   IGNORED.
 **********
 **   60 **FIX            8
 **********
 **********
 **   61 **FIX            9
 **********
 **********
 **   62 **FIX           13
 **********
 **********
 **   63 **FIX           14
 **********
 **********
 **   64 **FIX           15
 **********
 PARAMETER   15  IS CONSTANT.   IGNORED.
 **********
 **   65 **FIX           16
 **********
 **********
 **   66 **MIGRAD
 **********
 START MIGRAD MINIMIZATION.  STRATEGY  1.  CONVERGENCE WHEN EDM .LT. 1.00e-04
 FCN=53.8922 FROM MIGRAD    STATUS=INITIATE       16 CALLS        6328 TOTAL
                     EDM= unknown      STRATEGY= 1      NO ERROR MATRIX       
  EXT PARAMETER               CURRENT GUESS       STEP         FIRST   
  NO.   NAME      VALUE            ERROR          SIZE      DERIVATIVE 
   1  N0           2.83655e+06     fixed    
   2  tau          6.44055e+01   constant   
   3  A0           3.52736e-01     fixed    
   4  phi          4.11644e+00     fixed    
   5  R           -5.93657e+01   constant   
   6  alpha_CBO   -3.64118e-03     fixed    
   7  w_CBO        2.32500e+00   constant   
   8  beta_CBO     2.19161e-03     fixed    
   9  alpha_2CBO  -8.07872e-05     fixed    
  10  beta_2CBO   -1.44327e-03   7.45079e-04   7.45079e-04  -6.48375e+00
  11  alpha_y      0.00000e+00   1.00000e-03   1.00000e-03  -5.75943e+03
  12  w_y          1.38860e+01   constant   
  13  beta_y       7.08234e-05     fixed    
  14  alpha_vw     0.00000e+00     fixed    
  15  w_vw         1.43404e+01   constant   
  16  beta_vw      0.00000e+00     fixed    
  17  LM           6.62355e-05   constant   
  18  zeta_y       0.00000e+00   constant   
  19  zeta_vw      0.00000e+00   constant   
  20  T_CBO        1.50622e+01   1.73523e+00   2.27092e-05  -8.38301e+00
  21  alpha_A0     6.06660e+06   1.39706e+07   1.78261e+04  -7.49354e-09
  22  beta_A0     -1.51195e+07   3.56640e+07  -4.61103e+04  -1.58389e-08
  23  alpha_phi   -1.65695e+07   3.85920e+07  -4.96637e+04   1.61948e-08
  24  beta_phi    -3.11408e+05   1.07008e+06  -1.70123e+03  -1.10948e-08
 CALL LIMIT EXCEEDED IN MIGRAD.
 MIGRAD TERMINATED WITHOUT CONVERGENCE.
 FCN=48.8577 FROM MIGRAD    STATUS=CALL LIMIT   1147 CALLS        7459 TOTAL
                     EDM=0.00727457    STRATEGY= 1  ERROR MATRIX UNCERTAINTY  17.9 per cent
  EXT PARAMETER                APPROXIMATE        STEP         FIRST   
  NO.   NAME      VALUE            ERROR          SIZE      DERIVATIVE 
   1  N0           2.83655e+06     fixed    
   2  tau          6.44055e+01   constant   
   3  A0           3.52736e-01     fixed    
   4  phi          4.11644e+00     fixed    
   5  R           -5.93657e+01   constant   
   6  alpha_CBO   -3.64118e-03     fixed    
   7  w_CBO        2.32500e+00   constant   
   8  beta_CBO     2.19161e-03     fixed    
   9  alpha_2CBO  -8.07872e-05     fixed    
  10  beta_2CBO   -1.41928e-03   7.85659e-04   5.22764e-06   1.37394e+01
  11  alpha_y      1.70224e-03   7.74440e-04  -1.02903e-05  -2.12341e+01
  12  w_y          1.38860e+01   constant   
  13  beta_y       7.08234e-05     fixed    
  14  alpha_vw     0.00000e+00     fixed    
  15  w_vw         1.43404e+01   constant   
  16  beta_vw      0.00000e+00     fixed    
  17  LM           6.62355e-05   constant   
  18  zeta_y       0.00000e+00   constant   
  19  zeta_vw      0.00000e+00   constant   
  20  T_CBO        1.23931e+01   2.04067e+00  -1.11935e-03  -2.84538e+01
  21  alpha_A0     7.99116e+08   3.10147e+09   1.86693e+08   5.93513e-11
  22  beta_A0     -1.59210e+09   6.07173e+09  -3.66436e+08   7.15098e-11
  23  alpha_phi   -1.86397e+09   6.93271e+09  -4.19655e+08   4.54162e-11
  24  beta_phi    -4.47376e+07   3.11699e+08  -1.50901e+07  -1.79825e-10
 EXTERNAL ERROR MATRIX.    NDIM=  25    NPAR=  7    ERR DEF=1
  6.173e-07 -3.970e-09 -1.234e-05  4.669e+04 -9.640e+04 -1.205e+05  8.313e+03 
 -3.970e-09  5.998e-07  4.404e-05 -9.460e+04  2.002e+05  2.465e+05 -1.525e+04 
 -1.234e-05  4.404e-05  4.165e+00 -6.309e+09  1.236e+10  1.412e+10  5.470e+08 
  4.669e+04 -9.460e+04 -6.309e+09  9.619e+18 -1.883e+19 -2.149e+19 -8.612e+17 
 -9.640e+04  2.002e+05  1.236e+10 -1.883e+19  3.687e+19  4.209e+19  1.674e+18 
 -1.205e+05  2.465e+05  1.412e+10 -2.149e+19  4.209e+19  4.806e+19  1.892e+18 
  8.313e+03 -1.525e+04  5.470e+08 -8.612e+17  1.674e+18  1.892e+18  9.716e+16 
ERR MATRIX APPROXIMATE
 PARAMETER  CORRELATION COEFFICIENTS  
       NO.  GLOBAL     10     11     20     21     22     23     24
       10  0.45376   1.000 -0.007 -0.008  0.019 -0.020 -0.022  0.034
       11  0.57321  -0.007  1.000  0.028 -0.039  0.043  0.046 -0.063
       20  0.99928  -0.008  0.028  1.000 -0.997  0.998  0.998  0.860
       21  1.00000   0.019 -0.039 -0.997  1.000 -1.000 -0.999 -0.891
       22  1.00000  -0.020  0.043  0.998 -1.000  1.000  1.000  0.884
       23  1.00000  -0.022  0.046  0.998 -0.999  1.000  1.000  0.876
       24  0.99886   0.034 -0.063  0.860 -0.891  0.884  0.876  1.000
 ERR MATRIX APPROXIMATE
MINUIT - FIT ONLY 2-y
 **********
 **   67 **RES 
 **********
                   PARAMETER   16  beta_vw RESTORED TO VARIABLE.
                   PARAMETER   14  alpha_vw RESTORED TO VARIABLE.
                   PARAMETER   13  beta_y RESTORED TO VARIABLE.
                   PARAMETER    9  alpha_2CBO RESTORED TO VARIABLE.
                   PARAMETER    8  beta_CBO RESTORED TO VARIABLE.
                   PARAMETER    6  alpha_CBO RESTORED TO VARIABLE.
                   PARAMETER    4  phi RESTORED TO VARIABLE.
                   PARAMETER    3  A0 RESTORED TO VARIABLE.
                   PARAMETER    1  N0 RESTORED TO VARIABLE.
 **********
 **   68 **FIX            0
 **********
 PARAMETER    0  IS UNDEFINED. IGNORED.
 **********
 **   69 **FIX            1
 **********
 **********
 **   70 **FIX            2
 **********
 PARAMETER    2  IS CONSTANT.   IGNORED.
 **********
 **   71 **FIX            3
 **********
 **********
 **   72 **FIX            4
 **********
 **********
 **   73 **FIX            5
 **********
 PARAMETER    5  IS CONSTANT.   IGNORED.
 **********
 **   74 **FIX            6
 **********
 **********
 **   75 **FIX            7
 **********
 PARAMETER    7  IS CONSTANT.   IGNORED.
 **********
 **   76 **FIX            8
 **********
 **********
 **   77 **FIX            9
 **********
 **********
 **   78 **FIX           10
 **********
 **********
 **   79 **FIX           11
 **********
 **********
 **   80 **FIX           12
 **********
 PARAMETER   12  IS CONSTANT.   IGNORED.
 **********
 **   81 **FIX           16
 **********
 **********
 **   82 **MIGRAD
 **********
 START MIGRAD MINIMIZATION.  STRATEGY  1.  CONVERGENCE WHEN EDM .LT. 1.00e-04
 FCN=48.8575 FROM MIGRAD    STATUS=INITIATE       79 CALLS        7538 TOTAL
                     EDM= unknown      STRATEGY= 1      NO ERROR MATRIX       
  EXT PARAMETER               CURRENT GUESS       STEP         FIRST   
  NO.   NAME      VALUE            ERROR          SIZE      DERIVATIVE 
   1  N0           2.83655e+06     fixed    
   2  tau          6.44055e+01   constant   
   3  A0           3.52736e-01     fixed    
   4  phi          4.11644e+00     fixed    
   5  R           -5.93657e+01   constant   
   6  alpha_CBO   -3.64118e-03     fixed    
   7  w_CBO        2.32500e+00   constant   
   8  beta_CBO     2.19161e-03     fixed    
   9  alpha_2CBO  -8.07872e-05     fixed    
  10  beta_2CBO   -1.41928e-03     fixed    
  11  alpha_y      1.70224e-03     fixed    
  12  w_y          1.38860e+01   constant   
  13  beta_y       7.08234e-05   7.75723e-04   0.00000e+00   2.80338e+01
  14  alpha_vw     0.00000e+00   1.00000e-03   0.00000e+00  -2.41716e+03
  15  w_vw         1.43404e+01   constant   
  16  beta_vw      0.00000e+00     fixed    
  17  LM           6.62355e-05   constant   
  18  zeta_y       0.00000e+00   constant   
  19  zeta_vw      0.00000e+00   constant   
  20  T_CBO        1.23931e+01   2.04067e+00   0.00000e+00  -2.74899e+01
  21  alpha_A0     7.98735e+08   3.10147e+09   0.00000e+00   5.77070e-11
  22  beta_A0     -1.59362e+09   6.07173e+09  -7.59536e+05   6.77097e-11
  23  alpha_phi   -1.86397e+09   6.93271e+09   0.00000e+00   4.57193e-11
  24  beta_phi    -4.47376e+07   3.11699e+08   0.00000e+00  -1.79218e-10
 MIGRAD MINIMIZATION HAS CONVERGED.
 MIGRAD WILL VERIFY CONVERGENCE AND ERROR MATRIX.
 FCN=47.8373 FROM HESSE     STATUS=NOT POSDEF     50 CALLS        7737 TOTAL
                     EDM=0.000938682    STRATEGY= 1      ERR MATRIX NOT POS-DEF
  EXT PARAMETER                APPROXIMATE        STEP         FIRST   
  NO.   NAME      VALUE            ERROR          SIZE      DERIVATIVE 
   1  N0           2.83655e+06     fixed    
   2  tau          6.44055e+01   constant   
   3  A0           3.52736e-01     fixed    
   4  phi          4.11644e+00     fixed    
   5  R           -5.93657e+01   constant   
   6  alpha_CBO   -3.64118e-03     fixed    
   7  w_CBO        2.32500e+00   constant   
   8  beta_CBO     2.19161e-03     fixed    
   9  alpha_2CBO  -8.07872e-05     fixed    
  10  beta_2CBO   -1.41928e-03     fixed    
  11  alpha_y      1.70224e-03     fixed    
  12  w_y          1.38860e+01   constant   
  13  beta_y      -2.36621e-04   4.47463e-04   2.66540e-06  -1.50002e-02
  14  alpha_vw     8.35012e-04   4.43954e-04   2.64387e-06  -1.23723e-01
  15  w_vw         1.43404e+01   constant   
  16  beta_vw      0.00000e+00     fixed    
