 + ++++++++++++++++++++++++++++++++++++++++++++++++++++++++++++++++++++ +
 +                                                                      +
 +           You have chose to blind your fitting according to          +
 +                omega_ref * (1 + (R +/- deltaR) *10^{-6})             +
 +                                                                      +
 + ++++++++++++++++++++++++++++++++++++++++++++++++++++++++++++++++++++ +
In main()...
reading format from /gm2data/zkhechad/run45/envelope/formats/formatB_sBin_constraintOn.txt
pBinTau 	= 0  
pBinPhi 	= 0  
constraintau 	= 1 
includeMopTerm 	= 0    
constrainMop    = 0   
Parameters after format file: pBinTau 0 pBinPhi 0 constraintau 1 includeMopTerm 0 constrainMop 0 c_e_scale 0.000000 
Opening file /gm2data/tbarrett/gm2fr/studies/run23_bunch_corrections/CorrectedFourier_Run3b.root.
reading full fit data from /gm2data/zkhechad/cboTemplates/Run4CBOTemplates/templateFits0_v2.0/noRF/sBin_constraintOn_cE0.0_seed0_noRF_calo19.root
windowBins = 17
fitting sliding window 288 from bin 424 at 63.111600 to bin 441 at 65.797200 (17 bins)

Reading data from /gm2data/cornell/histograms/aMethod/histogram_a_noRF.root
 **********
 **    1 **SET PRINTOUT            1
 **********
 **********
 **    2 **SET NOWARNINGS 
 **********
 PARAMETER DEFINITIONS:
    NO.   NAME         VALUE      STEP SIZE      LIMITS
     1 N0           3.18982e+06  1.00000e+02     no limits
     2 tau          6.43968e+01  constant
     3 A0           3.47817e-01  1.00000e-04     no limits
     4 phi          4.13212e+00  1.00000e-02     no limits
     5 R           -6.01460e+01  constant
     6 alpha_CBO    0.00000e+00  1.00000e-03     no limits
     7 w_CBO        2.32500e+00  constant
     8 beta_CBO     0.00000e+00  1.00000e-03     no limits
     9 alpha_2CBO   0.00000e+00  1.00000e-03     no limits
    10 beta_2CBO    0.00000e+00  1.00000e-03     no limits
    11 alpha_y      0.00000e+00  1.00000e-03     no limits
    12 w_y          1.44500e+01  constant
    13 beta_y       0.00000e+00  1.00000e-03     no limits
    14 alpha_vw     0.00000e+00  1.00000e-03     no limits
    15 w_vw         1.29000e+01  constant
    16 beta_vw      0.00000e+00  1.00000e-03     no limits
    17 LM          -1.51189e-04  constant
    18 zeta_y       0.00000e+00  constant
    19 zeta_vw      0.00000e+00  constant
    20 T_CBO        1.00000e+02  1.00000e+00    0.00000e+00  1.00000e+03
    21 alpha_A0     0.00000e+00  1.00000e-03     no limits
    22 beta_A0      0.00000e+00  1.00000e-03     no limits
    23 alpha_phi    0.00000e+00  1.00000e-03     no limits
    24 beta_phi     0.00000e+00  1.00000e-03     no limits
MINUIT - FIT ONLY WIGGLE
 **********
 **    3 **FIX            5
 **********
 PARAMETER    5  IS CONSTANT.   IGNORED.
 **********
 **    4 **FIX            6
 **********
 **********
 **    5 **FIX            7
 **********
 PARAMETER    7  IS CONSTANT.   IGNORED.
 **********
 **    6 **FIX            8
 **********
 **********
 **    7 **FIX            9
 **********
 **********
 **    8 **FIX           10
 **********
 **********
 **    9 **FIX           11
 **********
 **********
 **   10 **FIX           12
 **********
 PARAMETER   12  IS CONSTANT.   IGNORED.
 **********
 **   11 **FIX           13
 **********
 **********
 **   12 **FIX           14
 **********
 **********
 **   13 **FIX           15
 **********
 PARAMETER   15  IS CONSTANT.   IGNORED.
 **********
 **   14 **FIX           16
 **********
 **********
 **   15 **MIGRAD
 **********
 FIRST CALL TO USER FUNCTION AT NEW START POINT, WITH IFLAG=4.
 START MIGRAD MINIMIZATION.  STRATEGY  1.  CONVERGENCE WHEN EDM .LT. 1.00e-04
 FCN=2578.28 FROM MIGRAD    STATUS=INITIATE      437 CALLS         438 TOTAL
                     EDM= unknown      STRATEGY= 1      NO ERROR MATRIX       
  EXT PARAMETER               CURRENT GUESS       STEP         FIRST   
  NO.   NAME      VALUE            ERROR          SIZE      DERIVATIVE 
   1  N0           3.18982e+06   1.00000e+02   0.00000e+00   4.14628e-02
   2  tau          6.43968e+01   constant   
   3  A0           3.47817e-01   1.00000e-04   0.00000e+00   3.09946e+05
   4  phi          4.13212e+00   1.00000e-02   0.00000e+00  -1.12424e+05
   5  R           -6.01460e+01   constant   
   6  alpha_CBO    0.00000e+00     fixed    
   7  w_CBO        2.32500e+00   constant   
   8  beta_CBO     0.00000e+00     fixed    
   9  alpha_2CBO   0.00000e+00     fixed    
  10  beta_2CBO    0.00000e+00     fixed    
  11  alpha_y      0.00000e+00     fixed    
  12  w_y          1.44500e+01   constant   
  13  beta_y       0.00000e+00     fixed    
  14  alpha_vw     0.00000e+00     fixed    
  15  w_vw         1.29000e+01   constant   
  16  beta_vw      0.00000e+00     fixed    
  17  LM          -1.51189e-04   constant   
  18  zeta_y       0.00000e+00   constant   
  19  zeta_vw      0.00000e+00   constant   
  20  T_CBO        1.00000e+02   1.00000e+00   0.00000e+00   0.00000e+00
  21  alpha_A0     0.00000e+00   1.00000e-03   0.00000e+00  -1.69561e+04
  22  beta_A0      0.00000e+00   1.00000e-03   0.00000e+00  -2.88963e+04
  23  alpha_phi    0.00000e+00   1.00000e-03   0.00000e+00  -2.96531e+04
  24  beta_phi     0.00000e+00   1.00000e-03   0.00000e+00  -2.01278e+04
 MIGRAD MINIMIZATION HAS CONVERGED.
 MIGRAD WILL VERIFY CONVERGENCE AND ERROR MATRIX.
 COVARIANCE MATRIX CALCULATED SUCCESSFULLY
 FCN=87.2522 FROM HESSE     STATUS=OK             61 CALLS         847 TOTAL
                     EDM=0.000115335    STRATEGY= 1      ERROR MATRIX ACCURATE 
  EXT PARAMETER                                   STEP         FIRST   
  NO.   NAME      VALUE            ERROR          SIZE      DERIVATIVE 
   1  N0           3.18792e+06   4.48176e+04   1.92298e+00  -4.95923e-06
   2  tau          6.43968e+01   constant   
   3  A0           3.37343e-01   5.27397e-03   1.03671e-06  -4.16804e+00
   4  phi          4.15639e+00   2.27033e-02   2.70639e-06  -1.75040e+00
   5  R           -6.01460e+01   constant   
   6  alpha_CBO    0.00000e+00     fixed    
   7  w_CBO        2.32500e+00   constant   
   8  beta_CBO     0.00000e+00     fixed    
   9  alpha_2CBO   0.00000e+00     fixed    
  10  beta_2CBO    0.00000e+00     fixed    
  11  alpha_y      0.00000e+00     fixed    
  12  w_y          1.44500e+01   constant   
  13  beta_y       0.00000e+00     fixed    
  14  alpha_vw     0.00000e+00     fixed    
  15  w_vw         1.29000e+01   constant   
  16  beta_vw      0.00000e+00     fixed    
  17  LM          -1.51189e-04   constant   
  18  zeta_y       0.00000e+00   constant   
  19  zeta_vw      0.00000e+00   constant   
  20  T_CBO        1.36498e+02   7.15414e+02   1.10390e-04  -1.08489e-02
  21  alpha_A0     2.63907e-02   1.37292e-01   5.82496e-06  -1.22663e+00
  22  beta_A0     -3.62048e-02   1.01078e-01   6.53143e-06  -6.84846e-01
  23  alpha_phi   -1.89630e-02   5.58673e-02   7.60902e-06   5.10296e-01
  24  beta_phi     1.37213e-02   1.28335e-01   6.44209e-06   1.04040e+00
 MIGRAD MINIMIZATION HAS CONVERGED.
 FCN=87.2521 FROM MIGRAD    STATUS=CONVERGED     957 CALLS         958 TOTAL
                     EDM=4.54382e-06    STRATEGY= 1  ERROR MATRIX UNCERTAINTY   1.9 per cent
  EXT PARAMETER                                   STEP         FIRST   
  NO.   NAME      VALUE            ERROR          SIZE      DERIVATIVE 
   1  N0           3.18818e+06   3.71221e+04  -9.16255e+00  -1.68355e-06
   2  tau          6.43968e+01   constant   
   3  A0           3.37360e-01   4.37098e-03  -2.28195e-06  -1.24407e+01
   4  phi          4.15652e+00   1.80667e-02  -6.36812e-07   3.71568e+00
   5  R           -6.01460e+01   constant   
   6  alpha_CBO    0.00000e+00     fixed    
   7  w_CBO        2.32500e+00   constant   
   8  beta_CBO     0.00000e+00     fixed    
   9  alpha_2CBO   0.00000e+00     fixed    
  10  beta_2CBO    0.00000e+00     fixed    
  11  alpha_y      0.00000e+00     fixed    
  12  w_y          1.44500e+01   constant   
  13  beta_y       0.00000e+00     fixed    
  14  alpha_vw     0.00000e+00     fixed    
  15  w_vw         1.29000e+01   constant   
  16  beta_vw      0.00000e+00     fixed    
  17  LM          -1.51189e-04   constant   
  18  zeta_y       0.00000e+00   constant   
  19  zeta_vw      0.00000e+00   constant   
  20  T_CBO        1.40597e+02   5.61516e+02   1.71037e-03  -1.98000e-01
  21  alpha_A0     2.53471e-02   1.15390e-01  -2.47598e-05  -1.84551e+00
  22  beta_A0     -3.57170e-02   4.76683e-02   5.85831e-05   2.75300e+00
  23  alpha_phi   -1.87379e-02   3.18432e-02   2.60319e-05   3.43498e-02
  24  beta_phi     1.41855e-02   8.93387e-02  -5.61764e-05  -1.56810e+00
 EXTERNAL ERROR MATRIX.    NDIM=  25    NPAR=  8    ERR DEF=1
  1.378e+09  1.388e+02  5.387e+02  6.342e+06 -4.160e+03  1.112e+03  6.258e+02  3.258e+03 
  1.388e+02  1.911e-05  3.193e-05  3.098e-01 -3.843e-04  1.298e-04  1.001e-04  3.463e-04 
  5.387e+02  3.193e-05  3.264e-04  3.539e+00 -1.760e-03  2.852e-04  2.380e-05  1.225e-03 
  6.342e+06  3.098e-01  3.539e+00  1.293e+05 -2.773e+01  1.401e+01  6.079e+00  9.798e+00 
 -4.160e+03 -3.843e-04 -1.760e-03 -2.773e+01  1.331e-02 -4.025e-03 -2.061e-03 -9.396e-03 
  1.112e+03  1.298e-04  2.852e-04  1.401e+01 -4.025e-03  2.272e-03  1.391e-03  2.165e-03 
  6.258e+02  1.001e-04  2.380e-05  6.079e+00 -2.061e-03  1.391e-03  1.014e-03  1.304e-03 
  3.258e+03  3.463e-04  1.225e-03  9.798e+00 -9.396e-03  2.165e-03  1.304e-03  7.981e-03 
 PARAMETER  CORRELATION COEFFICIENTS  
       NO.  GLOBAL      1      3      4     20     21     22     23     24
        1  0.99990   1.000  0.855  0.803  0.475 -0.971  0.629  0.529  0.982
        3  0.99880   0.855  1.000  0.404  0.197 -0.762  0.623  0.720  0.887
        4  0.99971   0.803  0.404  1.000  0.545 -0.844  0.331  0.041  0.759
       20  0.99990   0.475  0.197  0.545  1.000 -0.668  0.817  0.531  0.305
       21  0.99993  -0.971 -0.762 -0.844 -0.668  1.000 -0.732 -0.561 -0.911
       22  0.99980   0.629  0.623  0.331  0.817 -0.732  1.000  0.917  0.508
       23  0.99869   0.529  0.720  0.041  0.531 -0.561  0.917  1.000  0.458
       24  0.99993   0.982  0.887  0.759  0.305 -0.911  0.508  0.458  1.000
MINUIT - FIT ONLY 1-CBO + wiggle
 **********
 **   16 **RES 
 **********
                   PARAMETER   16  beta_vw RESTORED TO VARIABLE.
                   PARAMETER   14  alpha_vw RESTORED TO VARIABLE.
                   PARAMETER   13  beta_y RESTORED TO VARIABLE.
                   PARAMETER   11  alpha_y RESTORED TO VARIABLE.
                   PARAMETER   10  beta_2CBO RESTORED TO VARIABLE.
                   PARAMETER    9  alpha_2CBO RESTORED TO VARIABLE.
                   PARAMETER    8  beta_CBO RESTORED TO VARIABLE.
                   PARAMETER    6  alpha_CBO RESTORED TO VARIABLE.
 **********
 **   17 **FIX            8
 **********
 **********
 **   18 **FIX            9
 **********
 **********
 **   19 **FIX           11
 **********
 **********
 **   20 **FIX           12
 **********
 PARAMETER   12  IS CONSTANT.   IGNORED.
 **********
 **   21 **FIX           14
 **********
 **********
 **   22 **FIX           15
 **********
 PARAMETER   15  IS CONSTANT.   IGNORED.
 **********
 **   23 **FIX           16
 **********
 **********
 **   24 **MIGRAD
 **********
 START MIGRAD MINIMIZATION.  STRATEGY  1.  CONVERGENCE WHEN EDM .LT. 1.00e-04
 FCN=87.2521 FROM MIGRAD    STATUS=INITIATE       28 CALLS         986 TOTAL
                     EDM= unknown      STRATEGY= 1      NO ERROR MATRIX       
  EXT PARAMETER               CURRENT GUESS       STEP         FIRST   
  NO.   NAME      VALUE            ERROR          SIZE      DERIVATIVE 
   1  N0           3.18818e+06   3.71221e+04  -9.16255e+00  -1.68355e-06
   2  tau          6.43968e+01   constant   
   3  A0           3.37360e-01   4.37098e-03  -2.28195e-06  -1.24407e+01
   4  phi          4.15652e+00   1.80667e-02  -6.36812e-07   3.71568e+00
   5  R           -6.01460e+01   constant   
   6  alpha_CBO    0.00000e+00   1.00000e-03   1.00000e-03   2.21443e+00
   7  w_CBO        2.32500e+00   constant   
   8  beta_CBO     0.00000e+00     fixed    
   9  alpha_2CBO   0.00000e+00     fixed    
  10  beta_2CBO    0.00000e+00   1.00000e-03   1.00000e-03  -1.13233e+03
  11  alpha_y      0.00000e+00     fixed    
  12  w_y          1.44500e+01   constant   
  13  beta_y       0.00000e+00   1.00000e-03   1.00000e-03   6.85560e+04
  14  alpha_vw     0.00000e+00     fixed    
  15  w_vw         1.29000e+01   constant   
  16  beta_vw      0.00000e+00     fixed    
  17  LM          -1.51189e-04   constant   
  18  zeta_y       0.00000e+00   constant   
  19  zeta_vw      0.00000e+00   constant   
  20  T_CBO        1.40597e+02   5.61516e+02   1.71037e-03  -1.98000e-01
  21  alpha_A0     2.53471e-02   1.15390e-01  -2.47598e-05  -1.84551e+00
  22  beta_A0     -3.57170e-02   4.76683e-02   5.85831e-05   2.75300e+00
  23  alpha_phi   -1.87379e-02   3.18432e-02   2.60319e-05   3.43499e-02
  24  beta_phi     1.41855e-02   8.93387e-02  -5.61764e-05  -1.56810e+00
 MIGRAD MINIMIZATION HAS CONVERGED.
 FCN=43.491 FROM MIGRAD    STATUS=CONVERGED     368 CALLS        1326 TOTAL
                     EDM=2.97076e-06    STRATEGY= 1  ERROR MATRIX UNCERTAINTY   5.6 per cent
  EXT PARAMETER                                   STEP         FIRST   
  NO.   NAME      VALUE            ERROR          SIZE      DERIVATIVE 
   1  N0           3.18992e+06   1.55703e+03   4.14347e+00  -3.08803e-06
   2  tau          6.43968e+01   constant   
   3  A0           3.35265e-01   1.29602e-03  -2.65304e-06  -3.98664e+00
   4  phi          4.15386e+00   1.60450e-03  -2.94240e-06   2.83302e+00
   5  R           -6.01460e+01   constant   
   6  alpha_CBO    2.64017e-03   1.81739e-03  -4.91620e-07   1.06324e+00
   7  w_CBO        2.32500e+00   constant   
   8  beta_CBO     0.00000e+00     fixed    
   9  alpha_2CBO   0.00000e+00     fixed    
  10  beta_2CBO    9.43920e-05   7.42312e-04   1.23108e-06  -2.29700e+00
  11  alpha_y      0.00000e+00     fixed    
  12  w_y          1.44500e+01   constant   
  13  beta_y      -1.27407e-03   1.92811e-04   1.44437e-08   1.99180e-01
  14  alpha_vw     0.00000e+00     fixed    
  15  w_vw         1.29000e+01   constant   
  16  beta_vw      0.00000e+00     fixed    
  17  LM          -1.51189e-04   constant   
  18  zeta_y       0.00000e+00   constant   
  19  zeta_vw      0.00000e+00   constant   
  20  T_CBO        1.79256e+02   2.10628e+01   2.59805e-05   1.79330e-02
  21  alpha_A0     2.09156e-02   3.47174e-03   1.55470e-06   1.00998e+00
  22  beta_A0     -4.42298e-02   4.91218e-03  -9.25543e-06  -3.53969e-01
  23  alpha_phi   -3.74315e-02   1.49331e-02   1.18815e-05   2.87046e-01
  24  beta_phi     8.30143e-03   3.32988e-03  -4.18954e-06  -1.23595e+00
 EXTERNAL ERROR MATRIX.    NDIM=  25    NPAR= 11    ERR DEF=1
  2.424e+06 
 -1.787e+00  1.680e-06 
 -2.096e+00  1.951e-06  2.574e-06 
  3.148e-01 -1.141e-06 -1.460e-06  3.303e-06 
  6.999e-01 -2.973e-07 -3.318e-07 -8.140e-07  5.510e-07 
 -3.940e-02  5.408e-08  6.794e-08 -8.524e-08  4.960e-09  3.718e-08 
  1.546e+04 -2.069e-02 -2.412e-02  3.054e-02 -2.301e-03 -1.160e-03  4.441e+02 
 -2.341e-01  1.709e-06  2.146e-06 -5.924e-06  1.647e-06  1.333e-07 -5.299e-02  1.205e-05 
 -6.566e+00  6.023e-06  7.057e-06 -3.987e-06 -1.394e-06  2.218e-07 -7.311e-02  5.923e-06  2.413e-05 
  1.522e+00  6.335e-06  8.002e-06 -2.648e-05  8.199e-06  6.097e-07 -2.205e-01  4.848e-05  2.070e-05  2.230e-04 
 -2.865e+00  3.538e-06  4.373e-06 -4.714e-06  3.028e-07  1.478e-07 -5.926e-02  8.266e-06  1.278e-05  3.372e-05  1.109e-05 
 PARAMETER  CORRELATION COEFFICIENTS  
       NO.  GLOBAL      1      3      4      6     10     13     20     21     22     23     24
        1  0.97166   1.000 -0.886 -0.839  0.111  0.606 -0.131  0.471 -0.043 -0.858  0.065 -0.553
        3  0.98626  -0.886  1.000  0.938 -0.484 -0.309  0.216 -0.758  0.380  0.946  0.327  0.820
        4  0.96260  -0.839  0.938  1.000 -0.501 -0.279  0.220 -0.713  0.385  0.895  0.334  0.818
        6  0.99525   0.111 -0.484 -0.501  1.000 -0.603 -0.243  0.798 -0.939 -0.447 -0.976 -0.779
       10  0.96921   0.606 -0.309 -0.279 -0.603  1.000  0.035 -0.147  0.639 -0.382  0.740  0.123
       13  0.31872  -0.131  0.216  0.220 -0.243  0.035  1.000 -0.285  0.199  0.234  0.212  0.230
       20  0.92642   0.471 -0.758 -0.713  0.798 -0.147 -0.285  1.000 -0.724 -0.706 -0.701 -0.844
       21  0.95528  -0.043  0.380  0.385 -0.939  0.639  0.199 -0.724  1.000  0.347  0.935  0.715
       22  0.97020  -0.858  0.946  0.895 -0.447 -0.382  0.234 -0.706  0.347  1.000  0.282  0.781
       23  0.99559   0.065  0.327  0.334 -0.976  0.740  0.212 -0.701  0.935  0.282  1.000  0.678
       24  0.94481  -0.553  0.820  0.818 -0.779  0.123  0.230 -0.844  0.715  0.781  0.678  1.000
MINUIT - FIT ONLY 2-CBO
 **********
 **   25 **RES 
 **********
                   PARAMETER   16  beta_vw RESTORED TO VARIABLE.
                   PARAMETER   14  alpha_vw RESTORED TO VARIABLE.
                   PARAMETER   11  alpha_y RESTORED TO VARIABLE.
                   PARAMETER    9  alpha_2CBO RESTORED TO VARIABLE.
                   PARAMETER    8  beta_CBO RESTORED TO VARIABLE.
 **********
 **   26 **FIX            0
 **********
 PARAMETER    0  IS UNDEFINED. IGNORED.
 **********
 **   27 **FIX            1
 **********
 **********
 **   28 **FIX            2
 **********
 PARAMETER    2  IS CONSTANT.   IGNORED.
 **********
 **   29 **FIX            3
 **********
 **********
 **   30 **FIX            4
 **********
 **********
 **   31 **FIX            5
 **********
 PARAMETER    5  IS CONSTANT.   IGNORED.
 **********
 **   32 **FIX            6
 **********
 **********
 **   33 **FIX            7
 **********
 PARAMETER    7  IS CONSTANT.   IGNORED.
 **********
 **   34 **FIX           10
 **********
 **********
 **   35 **FIX           11
 **********
 **********
 **   36 **FIX           12
 **********
 PARAMETER   12  IS CONSTANT.   IGNORED.
 **********
 **   37 **FIX           13
 **********
 **********
 **   38 **FIX           14
 **********
 **********
 **   39 **FIX           15
 **********
 PARAMETER   15  IS CONSTANT.   IGNORED.
 **********
 **   40 **FIX           16
 **********
 **********
 **   41 **MIGRAD
 **********
 START MIGRAD MINIMIZATION.  STRATEGY  1.  CONVERGENCE WHEN EDM .LT. 1.00e-04
 FCN=43.491 FROM MIGRAD    STATUS=INITIATE       18 CALLS        1344 TOTAL
                     EDM= unknown      STRATEGY= 1      NO ERROR MATRIX       
  EXT PARAMETER               CURRENT GUESS       STEP         FIRST   
  NO.   NAME      VALUE            ERROR          SIZE      DERIVATIVE 
   1  N0           3.18992e+06     fixed    
   2  tau          6.43968e+01   constant   
   3  A0           3.35265e-01     fixed    
   4  phi          4.15386e+00     fixed    
   5  R           -6.01460e+01   constant   
   6  alpha_CBO    2.64017e-03     fixed    
   7  w_CBO        2.32500e+00   constant   
   8  beta_CBO     0.00000e+00   1.00000e-03   1.00000e-03  -3.34303e+01
   9  alpha_2CBO   0.00000e+00   1.00000e-03   1.00000e-03  -1.27550e+03
  10  beta_2CBO    9.43920e-05     fixed    
  11  alpha_y      0.00000e+00     fixed    
  12  w_y          1.44500e+01   constant   
  13  beta_y      -1.27407e-03     fixed    
  14  alpha_vw     0.00000e+00     fixed    
  15  w_vw         1.29000e+01   constant   
  16  beta_vw      0.00000e+00     fixed    
  17  LM          -1.51189e-04   constant   
  18  zeta_y       0.00000e+00   constant   
  19  zeta_vw      0.00000e+00   constant   
  20  T_CBO        1.79256e+02   2.10628e+01   2.59805e-05   1.79335e-02
  21  alpha_A0     2.09156e-02   3.47174e-03   1.55470e-06   1.00999e+00
  22  beta_A0     -4.42298e-02   4.91218e-03  -9.25543e-06  -3.53962e-01
  23  alpha_phi   -3.74315e-02   1.49331e-02   1.18815e-05   2.87046e-01
  24  beta_phi     8.30143e-03   3.32988e-03  -4.18954e-06  -1.23595e+00
 MIGRAD MINIMIZATION HAS CONVERGED.
 MIGRAD WILL VERIFY CONVERGENCE AND ERROR MATRIX.
 COVARIANCE MATRIX CALCULATED SUCCESSFULLY
 FCN=43.4109 FROM HESSE     STATUS=OK             50 CALLS        1489 TOTAL
                     EDM=0.00127072    STRATEGY= 1      ERROR MATRIX ACCURATE 
  EXT PARAMETER                                   STEP         FIRST   
  NO.   NAME      VALUE            ERROR          SIZE      DERIVATIVE 
   1  N0           3.18992e+06     fixed    
   2  tau          6.43968e+01   constant   
   3  A0           3.35265e-01     fixed    
   4  phi          4.15386e+00     fixed    
   5  R           -6.01460e+01   constant   
   6  alpha_CBO    2.64017e-03     fixed    
   7  w_CBO        2.32500e+00   constant   
   8  beta_CBO     8.25912e-05   5.73701e-04   6.25217e-07  -1.87148e-01
   9  alpha_2CBO   1.23939e-04   4.43439e-04   6.04976e-07  -4.23860e+00
  10  beta_2CBO    9.43920e-05     fixed    
  11  alpha_y      0.00000e+00     fixed    
  12  w_y          1.44500e+01   constant   
  13  beta_y      -1.27407e-03     fixed    
  14  alpha_vw     0.00000e+00     fixed    
  15  w_vw         1.29000e+01   constant   
  16  beta_vw      0.00000e+00     fixed    
  17  LM          -1.51189e-04   constant   
  18  zeta_y       0.00000e+00   constant   
  19  zeta_vw      0.00000e+00   constant   
  20  T_CBO        1.78202e+02   5.02621e+02   9.52739e-05  -4.01491e-02
  21  alpha_A0     2.04034e-02   2.80620e-02   3.73855e-06  -3.28264e-01
  22  beta_A0     -4.46092e-02   5.95250e-02   4.20907e-06  -3.27779e-02
  23  alpha_phi   -3.73856e-02   5.03193e-02   4.86826e-06  -2.26378e-01
  24  beta_phi     7.43078e-03   1.26118e-02   4.09621e-06  -3.11344e-01
 CALL LIMIT EXCEEDED IN MIGRAD.
 MIGRAD TERMINATED WITHOUT CONVERGENCE.
 FCN=43.3982 FROM MIGRAD    STATUS=CALL LIMIT   1157 CALLS        2483 TOTAL
                     EDM=0.000281712    STRATEGY= 1  ERROR MATRIX UNCERTAINTY  35.2 per cent
  EXT PARAMETER                APPROXIMATE        STEP         FIRST   
  NO.   NAME      VALUE            ERROR          SIZE      DERIVATIVE 
   1  N0           3.18992e+06     fixed    
   2  tau          6.43968e+01   constant   
   3  A0           3.35265e-01     fixed    
   4  phi          4.15386e+00     fixed    
   5  R           -6.01460e+01   constant   
   6  alpha_CBO    2.64017e-03     fixed    
   7  w_CBO        2.32500e+00   constant   
   8  beta_CBO     1.38978e-04   4.20623e-04   6.39166e-07   1.87696e+01
   9  alpha_2CBO   1.37275e-04   3.69515e-04   2.17740e-07   1.87246e+01
  10  beta_2CBO    9.43920e-05     fixed    
  11  alpha_y      0.00000e+00     fixed    
  12  w_y          1.44500e+01   constant   
  13  beta_y      -1.27407e-03     fixed    
  14  alpha_vw     0.00000e+00     fixed    
  15  w_vw         1.29000e+01   constant   
  16  beta_vw      0.00000e+00     fixed    
  17  LM          -1.51189e-04   constant   
  18  zeta_y       0.00000e+00   constant   
  19  zeta_vw      0.00000e+00   constant   
  20  T_CBO        5.78543e+02   6.77563e+02   2.06679e-02  -6.91071e-02
  21  alpha_A0     1.58597e-02   4.59647e-03  -3.34370e-05  -2.19753e+01
  22  beta_A0     -3.49179e-02   9.71711e-03   7.36247e-05  -1.06188e-01
  23  alpha_phi   -2.91982e-02   8.07977e-03   6.20954e-05   1.48308e+01
  24  beta_phi     5.52736e-03   3.44114e-03  -1.62714e-05   1.56769e+01
 EXTERNAL ERROR MATRIX.    NDIM=  25    NPAR=  7    ERR DEF=1
  1.769e-07  8.410e-08  1.031e-01 -7.780e-07  7.692e-08  6.470e-07 -1.115e-06 
  8.410e-08  1.365e-07 -2.212e-03 -4.306e-07 -2.819e-07  3.735e-08 -9.086e-07 
  1.031e-01 -2.212e-03  1.795e+06 -5.812e+00  1.280e+01  1.074e+01 -2.596e+00 
 -7.780e-07 -4.306e-07 -5.812e+00  2.113e-05 -3.977e-05 -3.440e-05  1.219e-05 
  7.692e-08 -2.819e-07  1.280e+01 -3.977e-05  9.442e-05  7.624e-05 -1.463e-05 
  6.470e-07  3.735e-08  1.074e+01 -3.440e-05  7.624e-05  6.528e-05 -1.600e-05 
 -1.115e-06 -9.086e-07 -2.596e+00  1.219e-05 -1.463e-05 -1.600e-05  1.184e-05 
ERR MATRIX APPROXIMATE
 PARAMETER  CORRELATION COEFFICIENTS  
       NO.  GLOBAL      8      9     20     21     22     23     24
        8  0.93411   1.000  0.541  0.183 -0.402  0.019  0.190 -0.770
        9  0.96414   0.541  1.000 -0.004 -0.254 -0.079  0.013 -0.715
       20  0.99952   0.183 -0.004  1.000 -0.944  0.983  0.992 -0.563
       21  0.99522  -0.402 -0.254 -0.944  1.000 -0.890 -0.926  0.771
       22  0.99879   0.019 -0.079  0.983 -0.890  1.000  0.971 -0.438
       23  0.99720   0.190  0.013  0.992 -0.926  0.971  1.000 -0.576
       24  0.99152  -0.770 -0.715 -0.563  0.771 -0.438 -0.576  1.000
 ERR MATRIX APPROXIMATE
MINUIT - FIT wiggle + 1-CBO + 2-CBO
 **********
 **   42 **RES 
 **********
                   PARAMETER   16  beta_vw RESTORED TO VARIABLE.
                   PARAMETER   14  alpha_vw RESTORED TO VARIABLE.
                   PARAMETER   13  beta_y RESTORED TO VARIABLE.
                   PARAMETER   11  alpha_y RESTORED TO VARIABLE.
                   PARAMETER   10  beta_2CBO RESTORED TO VARIABLE.
                   PARAMETER    6  alpha_CBO RESTORED TO VARIABLE.
                   PARAMETER    4  phi RESTORED TO VARIABLE.
                   PARAMETER    3  A0 RESTORED TO VARIABLE.
                   PARAMETER    1  N0 RESTORED TO VARIABLE.
 **********
 **   43 **FIX           10
 **********
 **********
 **   44 **FIX           11
 **********
 **********
 **   45 **FIX           12
 **********
 PARAMETER   12  IS CONSTANT.   IGNORED.
 **********
 **   46 **FIX           13
 **********
 **********
 **   47 **FIX           14
 **********
 **********
 **   48 **FIX           15
 **********
 PARAMETER   15  IS CONSTANT.   IGNORED.
 **********
 **   49 **FIX           16
 **********
 **********
 **   50 **MIGRAD
 **********
 START MIGRAD MINIMIZATION.  STRATEGY  1.  CONVERGENCE WHEN EDM .LT. 1.00e-04
 FCN=43.3982 FROM MIGRAD    STATUS=INITIATE       22 CALLS        2505 TOTAL
                     EDM= unknown      STRATEGY= 1      NO ERROR MATRIX       
  EXT PARAMETER               CURRENT GUESS       STEP         FIRST   
  NO.   NAME      VALUE            ERROR          SIZE      DERIVATIVE 
   1  N0           3.18992e+06   1.55703e+03   1.55703e+03  -4.32560e-05
   2  tau          6.43968e+01   constant   
   3  A0           3.35265e-01   1.29602e-03   1.29602e-03  -1.35926e+02
   4  phi          4.15386e+00   1.60450e-03   1.60450e-03  -5.45718e+01
   5  R           -6.01460e+01   constant   
   6  alpha_CBO    2.64017e-03   1.81739e-03   1.81739e-03  -4.14775e+02
   7  w_CBO        2.32500e+00   constant   
   8  beta_CBO     1.38978e-04   4.20623e-04   6.39166e-07   1.87696e+01
   9  alpha_2CBO   1.37275e-04   3.69515e-04   2.17740e-07   1.87246e+01
  10  beta_2CBO    9.43920e-05     fixed    
  11  alpha_y      0.00000e+00     fixed    
  12  w_y          1.44500e+01   constant   
  13  beta_y      -1.27407e-03     fixed    
  14  alpha_vw     0.00000e+00     fixed    
  15  w_vw         1.29000e+01   constant   
  16  beta_vw      0.00000e+00     fixed    
  17  LM          -1.51189e-04   constant   
  18  zeta_y       0.00000e+00   constant   
  19  zeta_vw      0.00000e+00   constant   
  20  T_CBO        5.78543e+02   6.77563e+02   2.06679e-02  -6.91085e-02
  21  alpha_A0     1.58597e-02   4.59647e-03  -3.34370e-05  -2.19753e+01
  22  beta_A0     -3.49179e-02   9.71711e-03   7.36247e-05  -1.06197e-01
  23  alpha_phi   -2.91982e-02   8.07977e-03   6.20954e-05   1.48308e+01
  24  beta_phi     5.52736e-03   3.44114e-03  -1.62714e-05   1.56769e+01
 MIGRAD MINIMIZATION HAS CONVERGED.
 MIGRAD WILL VERIFY CONVERGENCE AND ERROR MATRIX.
 FCN=42.294 FROM HESSE     STATUS=NOT POSDEF    100 CALLS        3169 TOTAL
                     EDM=0.000246558    STRATEGY= 1      ERR MATRIX NOT POS-DEF
  EXT PARAMETER                APPROXIMATE        STEP         FIRST   
  NO.   NAME      VALUE            ERROR          SIZE      DERIVATIVE 
   1  N0           3.17908e+06   2.49013e+03   1.51590e+00  -6.58547e-06
   2  tau          6.43968e+01   constant   
   3  A0           3.42279e-01   1.54962e-03   7.18328e-07  -8.08803e+00
   4  phi          4.15728e+00   4.05377e-03   1.98235e-06  -7.21484e-01
   5  R           -6.01460e+01   constant   
   6  alpha_CBO    5.69626e-03   1.03119e-03   5.82512e-07  -2.64815e+00
   7  w_CBO        2.32500e+00   constant   
   8  beta_CBO     7.01141e-03   8.62528e-04   6.15882e-07  -7.77128e+00
   9  alpha_2CBO   1.72290e-03   5.02679e-04   5.96809e-07  -4.99038e+00
  10  beta_2CBO    9.43920e-05     fixed    
  11  alpha_y      0.00000e+00     fixed    
  12  w_y          1.44500e+01   constant   
  13  beta_y      -1.27407e-03     fixed    
  14  alpha_vw     0.00000e+00     fixed    
  15  w_vw         1.29000e+01   constant   
  16  beta_vw      0.00000e+00     fixed    
  17  LM          -1.51189e-04   constant   
  18  zeta_y       0.00000e+00   constant   
  19  zeta_vw      0.00000e+00   constant   
  20  T_CBO        9.70464e+02   7.94552e+02   5.23214e-03  -1.06938e-03
  21  alpha_A0     4.30340e-03   4.44316e-03   2.70708e-06  -1.49806e+00
  22  beta_A0     -4.52877e-02   5.82338e-03   3.08615e-06  -1.43546e+00
  23  alpha_phi   -4.28029e-02   5.48466e-03   3.55440e-06  -1.94772e-01
  24  beta_phi    -1.95950e-02   4.33072e-03   2.95793e-06  -1.02273e+00
 MIGRAD FAILS TO FIND IMPROVEMENT
 MIGRAD TERMINATED WITHOUT CONVERGENCE.
 FCN=42.294 FROM MIGRAD    STATUS=FAILED        721 CALLS        3204 TOTAL
                     EDM=0.000246605    STRATEGY= 1      ERR MATRIX NOT POS-DEF
  EXT PARAMETER                APPROXIMATE        STEP         FIRST   
  NO.   NAME      VALUE            ERROR          SIZE      DERIVATIVE 
   1  N0           3.17908e+06   2.58387e+01  -0.00000e+00  -6.71226e-06
   2  tau          6.43968e+01   constant   
   3  A0           3.42280e-01   1.59583e+06   0.00000e+00  -9.16724e+00
   4  phi          4.15728e+00   1.59583e+06   0.00000e+00  -2.86425e-01
   5  R           -6.01460e+01   constant   
   6  alpha_CBO    5.69596e-03   1.59583e+06   0.00000e+00  -1.41790e+00
   7  w_CBO        2.32500e+00   constant   
   8  beta_CBO     7.01136e-03   1.59583e+06   0.00000e+00  -6.71821e+00
   9  alpha_2CBO   1.72272e-03   1.59583e+06   0.00000e+00  -4.71264e+00
  10  beta_2CBO    9.43920e-05     fixed    
  11  alpha_y      0.00000e+00     fixed    
  12  w_y          1.44500e+01   constant   
  13  beta_y      -1.27407e-03     fixed    
  14  alpha_vw     0.00000e+00     fixed    
  15  w_vw         1.29000e+01   constant   
  16  beta_vw      0.00000e+00     fixed    
  17  LM          -1.51189e-04   constant   
  18  zeta_y       0.00000e+00   constant   
  19  zeta_vw      0.00000e+00   constant   
  20  T_CBO        9.68201e+02   7.09639e+02   0.00000e+00  -8.64474e-04
  21  alpha_A0     4.30293e-03   1.59583e+06   0.00000e+00  -1.44465e+00
  22  beta_A0     -4.52891e-02   1.59583e+06   0.00000e+00  -1.17833e+00
  23  alpha_phi   -4.28033e-02   1.59583e+06   0.00000e+00  -6.61670e-02
  24  beta_phi    -1.95941e-02   1.59583e+06   0.00000e+00  -9.67042e-01
 EXTERNAL ERROR MATRIX.    NDIM=  25    NPAR= 11    ERR DEF=1
  6.676e+02 
 -2.934e+03  2.547e+12 
  5.077e+03  3.900e-03  2.547e+12 
  9.151e+02  7.024e-04 -1.218e-03  2.547e+12 
  1.360e+02  1.056e-04 -1.811e-04 -3.245e-05  2.547e+12 
  5.756e+02  4.419e-04 -7.651e-04 -1.376e-04 -2.042e-05  2.547e+12 
 -7.227e+09 -5.550e+03  9.606e+03  1.730e+03  2.580e+02  1.089e+03  7.840e+16 
  1.496e+03  1.152e-03 -2.001e-03 -3.613e-04 -5.570e-05 -2.273e-04  2.845e+03  2.547e+12 
  4.174e+03  3.206e-03 -5.554e-03 -9.987e-04 -1.489e-04 -6.289e-04  7.891e+03 -1.643e-03  2.547e+12 
  1.270e+03  9.772e-04 -1.691e-03 -3.056e-04 -4.522e-05 -1.917e-04  2.399e+03 -4.984e-04 -1.365e-03  2.547e+12 
 -2.906e+03 -2.236e-03  3.876e-03  6.962e-04  1.031e-04  4.379e-04 -5.512e+03  1.138e-03  3.190e-03  9.768e-04  2.547e+12 
ERR MATRIX NOT POS-DEF
 PARAMETER  CORRELATION COEFFICIENTS  
       NO.  GLOBAL      1      3      4      6      8      9     20     21     22     23     24
        1  0.99900   1.000 -0.000  0.000  0.000  0.000  0.000 -0.999  0.000  0.000  0.000 -0.000
        3  0.00159  -0.000  1.000  0.000  0.000  0.000  0.000 -0.000  0.000  0.000  0.000 -0.000
        4  0.00275   0.000  0.000  1.000 -0.000 -0.000 -0.000  0.000 -0.000 -0.000 -0.000  0.000
        6  0.00050   0.000  0.000 -0.000  1.000 -0.000 -0.000  0.000 -0.000 -0.000 -0.000  0.000
        8  0.00007   0.000  0.000 -0.000 -0.000  1.000 -0.000  0.000 -0.000 -0.000 -0.000  0.000
        9  0.00031   0.000  0.000 -0.000 -0.000 -0.000  1.000  0.000 -0.000 -0.000 -0.000  0.000
       20  0.99900  -0.999 -0.000  0.000  0.000  0.000  0.000  1.000  0.000  0.000  0.000 -0.000
       21  0.00081   0.000  0.000 -0.000 -0.000 -0.000 -0.000  0.000  1.000 -0.000 -0.000  0.000
       22  0.00226   0.000  0.000 -0.000 -0.000 -0.000 -0.000  0.000 -0.000  1.000 -0.000  0.000
       23  0.00069   0.000  0.000 -0.000 -0.000 -0.000 -0.000  0.000 -0.000 -0.000  1.000  0.000
       24  0.00158  -0.000 -0.000  0.000  0.000  0.000  0.000 -0.000  0.000  0.000  0.000  1.000
 ERR MATRIX NOT POS-DEF
MINUIT - FIT ONLY 1-y
 **********
 **   51 **RES 
 **********
                   PARAMETER   16  beta_vw RESTORED TO VARIABLE.
                   PARAMETER   14  alpha_vw RESTORED TO VARIABLE.
                   PARAMETER   13  beta_y RESTORED TO VARIABLE.
                   PARAMETER   11  alpha_y RESTORED TO VARIABLE.
                   PARAMETER   10  beta_2CBO RESTORED TO VARIABLE.
 **********
 **   52 **FIX            0
 **********
 PARAMETER    0  IS UNDEFINED. IGNORED.
 **********
 **   53 **FIX            1
 **********
 **********
 **   54 **FIX            2
 **********
 PARAMETER    2  IS CONSTANT.   IGNORED.
 **********
 **   55 **FIX            3
 **********
 **********
 **   56 **FIX            4
 **********
 **********
 **   57 **FIX            5
 **********
 PARAMETER    5  IS CONSTANT.   IGNORED.
 **********
 **   58 **FIX            6
 **********
 **********
 **   59 **FIX            7
 **********
 PARAMETER    7  IS CONSTANT.   IGNORED.
 **********
 **   60 **FIX            8
 **********
 **********
 **   61 **FIX            9
 **********
 **********
 **   62 **FIX           13
 **********
 **********
 **   63 **FIX           14
 **********
 **********
 **   64 **FIX           15
 **********
 PARAMETER   15  IS CONSTANT.   IGNORED.
 **********
 **   65 **FIX           16
 **********
 **********
 **   66 **MIGRAD
 **********
 START MIGRAD MINIMIZATION.  STRATEGY  1.  CONVERGENCE WHEN EDM .LT. 1.00e-04
 FCN=42.294 FROM MIGRAD    STATUS=INITIATE       16 CALLS        3220 TOTAL
                     EDM= unknown      STRATEGY= 1      NO ERROR MATRIX       
  EXT PARAMETER               CURRENT GUESS       STEP         FIRST   
  NO.   NAME      VALUE            ERROR          SIZE      DERIVATIVE 
   1  N0           3.17908e+06     fixed    
   2  tau          6.43968e+01   constant   
   3  A0           3.42280e-01     fixed    
   4  phi          4.15728e+00     fixed    
   5  R           -6.01460e+01   constant   
   6  alpha_CBO    5.69596e-03     fixed    
   7  w_CBO        2.32500e+00   constant   
   8  beta_CBO     7.01136e-03     fixed    
   9  alpha_2CBO   1.72272e-03     fixed    
  10  beta_2CBO    9.43920e-05   7.42312e-04   7.42312e-04  -4.17060e+02
  11  alpha_y      0.00000e+00   1.00000e-03   1.00000e-03  -5.65126e+04
  12  w_y          1.44500e+01   constant   
  13  beta_y      -1.27407e-03     fixed    
  14  alpha_vw     0.00000e+00     fixed    
  15  w_vw         1.29000e+01   constant   
  16  beta_vw      0.00000e+00     fixed    
  17  LM          -1.51189e-04   constant   
  18  zeta_y       0.00000e+00   constant   
  19  zeta_vw      0.00000e+00   constant   
  20  T_CBO        9.68201e+02   7.09639e+02   0.00000e+00   8.67137e-04
  21  alpha_A0     4.30293e-03   1.59583e+06   0.00000e+00  -1.44466e+00
  22  beta_A0     -4.52891e-02   1.59583e+06   0.00000e+00  -1.17833e+00
  23  alpha_phi   -4.28033e-02   1.59583e+06   0.00000e+00  -6.61667e-02
  24  beta_phi    -1.95941e-02   1.59583e+06   0.00000e+00  -9.67043e-01
 MIGRAD MINIMIZATION HAS CONVERGED.
 FCN=13.1679 FROM MIGRAD    STATUS=CONVERGED     123 CALLS        3327 TOTAL
                     EDM=2.22466e-06    STRATEGY= 1  ERROR MATRIX UNCERTAINTY   1.8 per cent
  EXT PARAMETER                                   STEP         FIRST   
  NO.   NAME      VALUE            ERROR          SIZE      DERIVATIVE 
   1  N0           3.17908e+06     fixed    
   2  tau          6.43968e+01   constant   
   3  A0           3.42280e-01     fixed    
   4  phi          4.15728e+00     fixed    
   5  R           -6.01460e+01   constant   
   6  alpha_CBO    5.69596e-03     fixed    
   7  w_CBO        2.32500e+00   constant   
   8  beta_CBO     7.01136e-03     fixed    
   9  alpha_2CBO   1.72272e-03     fixed    
  10  beta_2CBO    2.59818e-05   2.94158e-04  -1.42107e-06  -2.89470e+00
  11  alpha_y      1.03118e-03   1.90331e-04  -2.30809e-07  -5.12805e+00
  12  w_y          1.44500e+01   constant   
  13  beta_y      -1.27407e-03     fixed    
  14  alpha_vw     0.00000e+00     fixed    
  15  w_vw         1.29000e+01   constant   
  16  beta_vw      0.00000e+00     fixed    
  17  LM          -1.51189e-04   constant   
  18  zeta_y       0.00000e+00   constant   
  19  zeta_vw      0.00000e+00   constant   
  20  T_CBO        9.98585e+02   7.34177e+02   1.26351e-04   5.57152e-04
  21  alpha_A0     4.47406e-03   8.80395e-04  -4.08777e-07   9.90257e-01
  22  beta_A0     -4.52267e-02   1.36861e-03  -4.05259e-06   6.51358e-01
  23  alpha_phi   -4.30427e-02   1.31358e-03  -7.64917e-06   1.54552e+00
  24  beta_phi    -1.95131e-02   9.62947e-04  -5.98173e-06  -1.58552e+00
 EXTERNAL ERROR MATRIX.    NDIM=  25    NPAR=  7    ERR DEF=1
  8.653e-08 -3.104e-09  9.929e-04  5.132e-08 -2.640e-07  1.991e-07  7.749e-09 
 -3.104e-09  3.623e-08  3.747e-04  6.796e-09  3.102e-09 -8.976e-09  1.081e-10 
  9.929e-04  3.747e-04  2.909e+03 -1.825e-03  6.691e-03  1.686e-03  2.318e-04 
  5.132e-08  6.796e-09 -1.825e-03  7.751e-07 -1.731e-07  2.649e-07  1.107e-07 
 -2.640e-07  3.102e-09  6.691e-03 -1.731e-07  1.873e-06 -3.955e-07  2.480e-07 
  1.991e-07 -8.976e-09  1.686e-03  2.649e-07 -3.955e-07  1.725e-06  3.265e-08 
  7.749e-09  1.081e-10  2.318e-04  1.107e-07  2.480e-07  3.265e-08  9.273e-07 
 PARAMETER  CORRELATION COEFFICIENTS  
       NO.  GLOBAL     10     11     20     21     22     23     24
       10  0.77735   1.000 -0.055  0.063  0.198 -0.656  0.515  0.027
       11  0.09670  -0.055  1.000  0.036  0.041  0.012 -0.036  0.001
       20  0.20512   0.063  0.036  1.000 -0.038  0.091  0.024  0.004
       21  0.29525   0.198  0.041 -0.038  1.000 -0.144  0.229  0.131
       22  0.71565  -0.656  0.012  0.091 -0.144  1.000 -0.220  0.188
       23  0.55782   0.515 -0.036  0.024  0.229 -0.220  1.000  0.026
       24  0.31314   0.027  0.001  0.004  0.131  0.188  0.026  1.000
MINUIT - FIT ONLY 2-y
 **********
 **   67 **RES 
 **********
                   PARAMETER   16  beta_vw RESTORED TO VARIABLE.
                   PARAMETER   14  alpha_vw RESTORED TO VARIABLE.
                   PARAMETER   13  beta_y RESTORED TO VARIABLE.
                   PARAMETER    9  alpha_2CBO RESTORED TO VARIABLE.
                   PARAMETER    8  beta_CBO RESTORED TO VARIABLE.
                   PARAMETER    6  alpha_CBO RESTORED TO VARIABLE.
                   PARAMETER    4  phi RESTORED TO VARIABLE.
                   PARAMETER    3  A0 RESTORED TO VARIABLE.
                   PARAMETER    1  N0 RESTORED TO VARIABLE.
 **********
 **   68 **FIX            0
 **********
 PARAMETER    0  IS UNDEFINED. IGNORED.
 **********
 **   69 **FIX            1
 **********
 **********
 **   70 **FIX            2
 **********
 PARAMETER    2  IS CONSTANT.   IGNORED.
 **********
 **   71 **FIX            3
 **********
 **********
 **   72 **FIX            4
 **********
 **********
 **   73 **FIX            5
 **********
 PARAMETER    5  IS CONSTANT.   IGNORED.
 **********
 **   74 **FIX            6
 **********
 **********
