 + ++++++++++++++++++++++++++++++++++++++++++++++++++++++++++++++++++++ +
 +                                                                      +
 +           You have chose to blind your fitting according to          +
 +                omega_ref * (1 + (R +/- deltaR) *10^{-6})             +
 +                                                                      +
 + ++++++++++++++++++++++++++++++++++++++++++++++++++++++++++++++++++++ +
In main()...
reading format from /gm2data/zkhechad/run45/envelope/formats/formatB_sBin_constraintOn.txt
pBinTau 	= 0  
pBinPhi 	= 0  
constraintau 	= 1 
includeMopTerm 	= 0    
constrainMop    = 0   
Parameters after format file: pBinTau 0 pBinPhi 0 constraintau 1 includeMopTerm 0 constrainMop 0 c_e_scale 0.000000 
Opening file /gm2data/tbarrett/gm2fr/studies/run23_bunch_corrections/CorrectedFourier_Run3b.root.
reading full fit data from /gm2data/zkhechad/cboTemplates/Run4CBOTemplates/fullFits/noRF/sBin_constraintOn_cE0.0_seed0_noRF_calo4.root
windowBins = 69
fitting sliding window 1540 from bin 1676 at 249.910000 to bin 1745 at 260.354000 (69 bins)

Reading data from /gm2data/cornell/histograms/aMethod/histogram_a_noRF.root
 **********
 **    1 **SET PRINTOUT            1
 **********
 **********
 **    2 **SET NOWARNINGS 
 **********
 PARAMETER DEFINITIONS:
    NO.   NAME         VALUE      STEP SIZE      LIMITS
     1 N0           2.96874e+06  1.00000e+02     no limits
     2 tau          6.44041e+01  constant
     3 A0           3.53299e-01  1.00000e-04     no limits
     4 phi          4.11736e+00  1.00000e-02     no limits
     5 R           -5.92716e+01  constant
     6 alpha_CBO    0.00000e+00  1.00000e-03     no limits
     7 w_CBO        2.32500e+00  constant
     8 beta_CBO     0.00000e+00  1.00000e-03     no limits
     9 alpha_2CBO   0.00000e+00  1.00000e-03     no limits
    10 beta_2CBO    0.00000e+00  1.00000e-03     no limits
    11 alpha_y      0.00000e+00  1.00000e-03     no limits
    12 w_y          1.38860e+01  constant
    13 beta_y       0.00000e+00  1.00000e-03     no limits
    14 alpha_vw     0.00000e+00  1.00000e-03     no limits
    15 w_vw         1.43404e+01  constant
    16 beta_vw      0.00000e+00  1.00000e-03     no limits
    17 LM           4.68092e-05  constant
    18 zeta_y       0.00000e+00  constant
    19 zeta_vw      0.00000e+00  constant
    20 T_CBO        1.00000e+02  1.00000e+00    0.00000e+00  1.00000e+03
    21 alpha_A0     0.00000e+00  1.00000e-04   -1.00000e-02  1.00000e-02
    22 beta_A0      0.00000e+00  1.00000e-04   -1.00000e-02  1.00000e-02
    23 alpha_phi    0.00000e+00  1.00000e-04   -1.00000e-02  1.00000e-02
    24 beta_phi     0.00000e+00  1.00000e-04   -1.00000e-02  1.00000e-02
MINUIT - FIT ONLY WIGGLE
 **********
 **    3 **FIX            5
 **********
 PARAMETER    5  IS CONSTANT.   IGNORED.
 **********
 **    4 **FIX            6
 **********
 **********
 **    5 **FIX            7
 **********
 PARAMETER    7  IS CONSTANT.   IGNORED.
 **********
 **    6 **FIX            8
 **********
 **********
 **    7 **FIX            9
 **********
 **********
 **    8 **FIX           10
 **********
 **********
 **    9 **FIX           11
 **********
 **********
 **   10 **FIX           12
 **********
 PARAMETER   12  IS CONSTANT.   IGNORED.
 **********
 **   11 **FIX           13
 **********
 **********
 **   12 **FIX           14
 **********
 **********
 **   13 **FIX           15
 **********
 PARAMETER   15  IS CONSTANT.   IGNORED.
 **********
 **   14 **FIX           16
 **********
 **********
 **   15 **MIGRAD
 **********
 FIRST CALL TO USER FUNCTION AT NEW START POINT, WITH IFLAG=4.
 START MIGRAD MINIMIZATION.  STRATEGY  1.  CONVERGENCE WHEN EDM .LT. 1.00e-04
 FCN=108.18 FROM MIGRAD    STATUS=INITIATE      437 CALLS         438 TOTAL
                     EDM= unknown      STRATEGY= 1      NO ERROR MATRIX       
  EXT PARAMETER               CURRENT GUESS       STEP         FIRST   
  NO.   NAME      VALUE            ERROR          SIZE      DERIVATIVE 
   1  N0           2.96874e+06   1.00000e+02   0.00000e+00   1.32321e-03
   2  tau          6.44041e+01   constant   
   3  A0           3.53299e-01   1.00000e-04   0.00000e+00   7.48703e+02
   4  phi          4.11736e+00   1.00000e-02   0.00000e+00   4.08611e+03
   5  R           -5.92716e+01   constant   
   6  alpha_CBO    0.00000e+00     fixed    
   7  w_CBO        2.32500e+00   constant   
   8  beta_CBO     0.00000e+00     fixed    
   9  alpha_2CBO   0.00000e+00     fixed    
  10  beta_2CBO    0.00000e+00     fixed    
  11  alpha_y      0.00000e+00     fixed    
  12  w_y          1.38860e+01   constant   
  13  beta_y       0.00000e+00     fixed    
  14  alpha_vw     0.00000e+00     fixed    
  15  w_vw         1.43404e+01   constant   
  16  beta_vw      0.00000e+00     fixed    
  17  LM           4.68092e-05   constant   
  18  zeta_y       0.00000e+00   constant   
  19  zeta_vw      0.00000e+00   constant   
  20  T_CBO        1.00000e+02   1.00000e+00   0.00000e+00   0.00000e+00
  21  alpha_A0     0.00000e+00   1.00000e-04   0.00000e+00  -1.19300e+00
  22  beta_A0      0.00000e+00   1.00000e-04   0.00000e+00  -1.57609e+00
  23  alpha_phi    0.00000e+00   1.00000e-04   0.00000e+00   1.12337e+00
  24  beta_phi     0.00000e+00   1.00000e-04   0.00000e+00   1.68615e+00
 MIGRAD MINIMIZATION HAS CONVERGED.
 FCN=93.4816 FROM MIGRAD    STATUS=CONVERGED     660 CALLS         661 TOTAL
                     EDM=1.72775e-06    STRATEGY= 1  ERROR MATRIX UNCERTAINTY   3.2 per cent
  EXT PARAMETER                                   STEP         FIRST   
  NO.   NAME      VALUE            ERROR          SIZE      DERIVATIVE 
   1  N0           2.96820e+06   9.67566e+02  -7.94795e+00   7.62925e-08
   2  tau          6.44041e+01   constant   
   3  A0           3.53058e-01   4.32515e-04  -3.34666e-06  -2.45393e-01
   4  phi          4.11475e+00   1.21084e-03  -2.23249e-06   1.38493e+00
   5  R           -5.92716e+01   constant   
   6  alpha_CBO    0.00000e+00     fixed    
   7  w_CBO        2.32500e+00   constant   
   8  beta_CBO     0.00000e+00     fixed    
   9  alpha_2CBO   0.00000e+00     fixed    
  10  beta_2CBO    0.00000e+00     fixed    
  11  alpha_y      0.00000e+00     fixed    
  12  w_y          1.38860e+01   constant   
  13  beta_y       0.00000e+00     fixed    
  14  alpha_vw     0.00000e+00     fixed    
  15  w_vw         1.43404e+01   constant   
  16  beta_vw      0.00000e+00     fixed    
  17  LM           4.68092e-05   constant   
  18  zeta_y       0.00000e+00   constant   
  19  zeta_vw      0.00000e+00   constant   
  20  T_CBO        2.31088e+02   1.08849e+02   1.69786e-03  -9.20233e-03
  21  alpha_A0     6.10972e-03   5.47881e-03   3.42832e-03   2.17189e-03
  22  beta_A0      8.05150e-03   1.00365e-02   3.72481e-03  -2.47548e-04
  23  alpha_phi   -4.80335e-03   5.28109e-03  -5.69677e-03  -1.79633e-03
  24  beta_phi    -9.99860e-03   1.23714e-02   4.62144e-03   3.74462e-04
 EXTERNAL ERROR MATRIX.    NDIM=  25    NPAR=  8    ERR DEF=1
  9.362e+05 -1.320e-02  1.619e-01  1.665e+04 -1.431e-01  1.698e+00  3.043e-01  2.647e-02 
 -1.320e-02  1.871e-07  2.110e-08 -1.008e-02 -1.195e-07 -4.227e-07  3.781e-07 -1.893e-08 
  1.619e-01  2.110e-08  1.466e-06  5.620e-03 -3.799e-07  3.549e-07  3.302e-07  5.740e-09 
  1.665e+04 -1.008e-02  5.620e-03  1.212e+04  3.161e-01  5.105e-01 -2.944e-01  1.140e-02 
 -1.431e-01 -1.195e-07 -3.799e-07  3.161e-01  3.662e-05  8.428e-06 -8.311e-06  1.302e-07 
  1.698e+00 -4.227e-07  3.549e-07  5.105e-01  8.428e-06  5.780e-05 -1.604e-05  6.987e-07 
  3.043e-01  3.781e-07  3.302e-07 -2.944e-01 -8.311e-06 -1.604e-05  3.212e-05 -3.585e-07 
  2.647e-02 -1.893e-08  5.740e-09  1.140e-02  1.302e-07  6.987e-07 -3.585e-07  2.801e-08 
 PARAMETER  CORRELATION COEFFICIENTS  
       NO.  GLOBAL      1      3      4     20     21     22     23     24
        1  0.31972   1.000 -0.032  0.138  0.156 -0.024  0.231  0.056  0.163
        3  0.28308  -0.032  1.000  0.040 -0.212 -0.046 -0.129  0.154 -0.262
        4  0.17332   0.138  0.040  1.000  0.042 -0.052  0.039  0.048  0.028
       20  0.79843   0.156 -0.212  0.042  1.000  0.474  0.610 -0.472  0.619
       21  0.53544  -0.024 -0.046 -0.052  0.474  1.000  0.183 -0.242  0.129
       22  0.66905   0.231 -0.129  0.039  0.610  0.183  1.000 -0.372  0.549
       23  0.52020   0.056  0.154  0.048 -0.472 -0.242 -0.372  1.000 -0.378
       24  0.68961   0.163 -0.262  0.028  0.619  0.129  0.549 -0.378  1.000
MINUIT - FIT ONLY 1-CBO + wiggle
 **********
 **   16 **RES 
 **********
                   PARAMETER   16  beta_vw RESTORED TO VARIABLE.
                   PARAMETER   14  alpha_vw RESTORED TO VARIABLE.
                   PARAMETER   13  beta_y RESTORED TO VARIABLE.
                   PARAMETER   11  alpha_y RESTORED TO VARIABLE.
                   PARAMETER   10  beta_2CBO RESTORED TO VARIABLE.
                   PARAMETER    9  alpha_2CBO RESTORED TO VARIABLE.
                   PARAMETER    8  beta_CBO RESTORED TO VARIABLE.
                   PARAMETER    6  alpha_CBO RESTORED TO VARIABLE.
 **********
 **   17 **FIX            8
 **********
 **********
 **   18 **FIX            9
 **********
 **********
 **   19 **FIX           11
 **********
 **********
 **   20 **FIX           12
 **********
 PARAMETER   12  IS CONSTANT.   IGNORED.
 **********
 **   21 **FIX           14
 **********
 **********
 **   22 **FIX           15
 **********
 PARAMETER   15  IS CONSTANT.   IGNORED.
 **********
 **   23 **FIX           16
 **********
 **********
 **   24 **MIGRAD
 **********
 START MIGRAD MINIMIZATION.  STRATEGY  1.  CONVERGENCE WHEN EDM .LT. 1.00e-04
 FCN=93.4816 FROM MIGRAD    STATUS=INITIATE       59 CALLS         720 TOTAL
                     EDM= unknown      STRATEGY= 1      NO ERROR MATRIX       
  EXT PARAMETER               CURRENT GUESS       STEP         FIRST   
  NO.   NAME      VALUE            ERROR          SIZE      DERIVATIVE 
   1  N0           2.96820e+06   9.67566e+02   0.00000e+00   2.57207e-06
   2  tau          6.44041e+01   constant   
   3  A0           3.53058e-01   4.32515e-04   0.00000e+00  -7.08721e+00
   4  phi          4.11475e+00   1.21084e-03   0.00000e+00   1.59871e+00
   5  R           -5.92716e+01   constant   
   6  alpha_CBO    0.00000e+00   1.00000e-03   0.00000e+00   7.33807e+03
   7  w_CBO        2.32500e+00   constant   
   8  beta_CBO     0.00000e+00     fixed    
   9  alpha_2CBO   0.00000e+00     fixed    
  10  beta_2CBO    0.00000e+00   1.00000e-03   0.00000e+00   7.65081e+02
  11  alpha_y      0.00000e+00     fixed    
  12  w_y          1.38860e+01   constant   
  13  beta_y       0.00000e+00   1.00000e-03   0.00000e+00  -3.75573e+03
  14  alpha_vw     0.00000e+00     fixed    
  15  w_vw         1.43404e+01   constant   
  16  beta_vw      0.00000e+00     fixed    
  17  LM           4.68092e-05   constant   
  18  zeta_y       0.00000e+00   constant   
  19  zeta_vw      0.00000e+00   constant   
  20  T_CBO        2.31088e+02   1.08849e+02   0.00000e+00  -5.88359e-02
  21  alpha_A0     6.10972e-03   5.47881e-03   0.00000e+00  -2.86185e-04
  22  beta_A0      8.05150e-03   1.00365e-02   0.00000e+00   6.47816e-05
  23  alpha_phi   -4.80335e-03   5.28109e-03   0.00000e+00   2.70263e-03
  24  beta_phi    -9.96396e-03   1.23714e-02   6.82000e-02  -2.95108e-05
 MIGRAD MINIMIZATION HAS CONVERGED.
 FCN=89.9839 FROM MIGRAD    STATUS=CONVERGED    1290 CALLS        1951 TOTAL
                     EDM=3.33016e-06    STRATEGY= 1  ERROR MATRIX UNCERTAINTY   0.4 per cent
  EXT PARAMETER                                   STEP         FIRST   
  NO.   NAME      VALUE            ERROR          SIZE      DERIVATIVE 
   1  N0           2.96830e+06   8.77272e+02  -3.29502e-01  -6.60048e-07
   2  tau          6.44041e+01   constant   
   3  A0           3.53210e-01   4.20438e-04   2.16181e-07   1.90374e+00
   4  phi          4.11449e+00   1.13705e-03   5.18348e-07   4.74508e-01
   5  R           -5.92716e+01   constant   
   6  alpha_CBO   -7.52045e-04   4.45892e-04  -2.59073e-08   7.90353e-01
   7  w_CBO        2.32500e+00   constant   
   8  beta_CBO     0.00000e+00     fixed    
   9  alpha_2CBO   0.00000e+00     fixed    
  10  beta_2CBO   -9.72247e-05   4.28285e-04   7.65048e-08   1.40286e+00
  11  alpha_y      0.00000e+00     fixed    
  12  w_y          1.38860e+01   constant   
  13  beta_y       3.58867e-04   4.28487e-04   2.76483e-07   9.90127e-01
  14  alpha_vw     0.00000e+00     fixed    
  15  w_vw         1.43404e+01   constant   
  16  beta_vw      0.00000e+00     fixed    
  17  LM           4.68092e-05   constant   
  18  zeta_y       0.00000e+00   constant   
  19  zeta_vw      0.00000e+00   constant   
  20  T_CBO        9.99807e+02   5.05479e+02   4.81226e-02  -1.58823e-04
  21  alpha_A0     1.97663e-03   2.25079e-03  -3.84511e-04   2.79826e-03
  22  beta_A0      3.26668e-03   2.11384e-03  -3.09398e-04  -1.14939e-02
  23  alpha_phi   -2.23318e-03   2.12048e-03   7.36290e-05  -2.67610e-03
  24  beta_phi    -3.97415e-03   2.37770e-03  -5.09247e-04  -6.07135e-03
 EXTERNAL ERROR MATRIX.    NDIM=  25    NPAR= 11    ERR DEF=1
  7.696e+05 
  1.211e-03  1.768e-07 
  8.786e-02 -2.191e-08  1.293e-06 
 -2.819e-02 -3.748e-08  5.227e-08  1.988e-07 
 -1.771e-03 -1.898e-10  4.206e-08  6.996e-09  1.834e-07 
  5.821e-04  1.426e-10 -1.870e-08 -3.912e-09 -4.744e-09  1.836e-07 
 -8.312e+03  7.835e-03  1.375e-02  4.160e-04  2.079e-03  6.809e-03  7.000e+04 
  2.935e-01 -1.401e-07  1.856e-07  1.725e-07 -1.137e-07 -2.512e-08 -9.841e-02  5.158e-06 
 -3.487e-01  5.104e-08  1.480e-07  4.771e-08  1.031e-07  4.318e-08 -1.994e-01 -1.793e-07  4.545e-06 
 -3.324e-01 -2.488e-08 -1.055e-07  6.921e-08 -8.997e-08  3.683e-08  7.017e-02 -3.499e-07 -3.453e-07  4.569e-06 
  3.213e-01 -1.914e-07  2.087e-07  5.488e-08  1.223e-07  4.058e-09 -2.296e-01  6.046e-07  7.811e-09 -1.011e-07  5.785e-06 
 PARAMETER  CORRELATION COEFFICIENTS  
       NO.  GLOBAL      1      3      4      6     10     13     20     21     22     23     24
        1  0.34844   1.000  0.003  0.088 -0.072 -0.005  0.002 -0.036  0.147 -0.186 -0.177  0.152
        3  0.29720   0.003  1.000 -0.046 -0.200 -0.001  0.001  0.070 -0.147  0.057 -0.028 -0.189
        4  0.22621   0.088 -0.046  1.000  0.103  0.086 -0.038  0.046  0.072  0.061 -0.043  0.076
        6  0.29968  -0.072 -0.200  0.103  1.000  0.037 -0.020  0.004  0.170  0.050  0.073  0.051
       10  0.26669  -0.005 -0.001  0.086  0.037  1.000 -0.026  0.018 -0.117  0.113 -0.098  0.119
       13  0.13012   0.002  0.001 -0.038 -0.020 -0.026  1.000  0.060 -0.026  0.047  0.040  0.004
       20  0.55517  -0.036  0.070  0.046  0.004  0.018  0.060  1.000 -0.164 -0.354  0.124 -0.361
       21  0.33859   0.147 -0.147  0.072  0.170 -0.117 -0.026 -0.164  1.000 -0.037 -0.072  0.111
       22  0.47086  -0.186  0.057  0.061  0.050  0.113  0.047 -0.354 -0.037  1.000 -0.076  0.002
       23  0.26860  -0.177 -0.028 -0.043  0.073 -0.098  0.040  0.124 -0.072 -0.076  1.000 -0.020
       24  0.46388   0.152 -0.189  0.076  0.051  0.119  0.004 -0.361  0.111  0.002 -0.020  1.000
MINUIT - FIT ONLY 2-CBO
 **********
 **   25 **RES 
 **********
                   PARAMETER   16  beta_vw RESTORED TO VARIABLE.
                   PARAMETER   14  alpha_vw RESTORED TO VARIABLE.
                   PARAMETER   11  alpha_y RESTORED TO VARIABLE.
                   PARAMETER    9  alpha_2CBO RESTORED TO VARIABLE.
                   PARAMETER    8  beta_CBO RESTORED TO VARIABLE.
 **********
 **   26 **FIX            0
 **********
 PARAMETER    0  IS UNDEFINED. IGNORED.
 **********
 **   27 **FIX            1
 **********
 **********
 **   28 **FIX            2
 **********
 PARAMETER    2  IS CONSTANT.   IGNORED.
 **********
 **   29 **FIX            3
 **********
 **********
 **   30 **FIX            4
 **********
 **********
 **   31 **FIX            5
 **********
 PARAMETER    5  IS CONSTANT.   IGNORED.
 **********
 **   32 **FIX            6
 **********
 **********
 **   33 **FIX            7
 **********
 PARAMETER    7  IS CONSTANT.   IGNORED.
 **********
 **   34 **FIX           10
 **********
 **********
 **   35 **FIX           11
 **********
 **********
 **   36 **FIX           12
 **********
 PARAMETER   12  IS CONSTANT.   IGNORED.
 **********
 **   37 **FIX           13
 **********
 **********
 **   38 **FIX           14
 **********
 **********
 **   39 **FIX           15
 **********
 PARAMETER   15  IS CONSTANT.   IGNORED.
 **********
 **   40 **FIX           16
 **********
 **********
 **   41 **MIGRAD
 **********
 START MIGRAD MINIMIZATION.  STRATEGY  1.  CONVERGENCE WHEN EDM .LT. 1.00e-04
 FCN=89.9839 FROM MIGRAD    STATUS=INITIATE       18 CALLS        1969 TOTAL
                     EDM= unknown      STRATEGY= 1      NO ERROR MATRIX       
  EXT PARAMETER               CURRENT GUESS       STEP         FIRST   
  NO.   NAME      VALUE            ERROR          SIZE      DERIVATIVE 
   1  N0           2.96830e+06     fixed    
   2  tau          6.44041e+01   constant   
   3  A0           3.53210e-01     fixed    
   4  phi          4.11449e+00     fixed    
   5  R           -5.92716e+01   constant   
   6  alpha_CBO   -7.52045e-04     fixed    
   7  w_CBO        2.32500e+00   constant   
   8  beta_CBO     0.00000e+00   1.00000e-03   1.00000e-03   2.47695e+04
   9  alpha_2CBO   0.00000e+00   1.00000e-03   1.00000e-03  -6.17499e+03
  10  beta_2CBO   -9.72247e-05     fixed    
  11  alpha_y      0.00000e+00     fixed    
  12  w_y          1.38860e+01   constant   
  13  beta_y       3.58867e-04     fixed    
  14  alpha_vw     0.00000e+00     fixed    
  15  w_vw         1.43404e+01   constant   
  16  beta_vw      0.00000e+00     fixed    
  17  LM           4.68092e-05   constant   
  18  zeta_y       0.00000e+00   constant   
  19  zeta_vw      0.00000e+00   constant   
  20  T_CBO        9.99807e+02   5.05479e+02   4.81226e-02  -1.57290e-04
  21  alpha_A0     1.97663e-03   2.25079e-03  -3.84511e-04   2.79830e-03
  22  beta_A0      3.26668e-03   2.11384e-03  -3.09398e-04  -1.14939e-02
  23  alpha_phi   -2.23318e-03   2.12048e-03   7.36290e-05  -2.67610e-03
  24  beta_phi    -3.97415e-03   2.37770e-03  -5.09247e-04   6.07134e-03
 MIGRAD MINIMIZATION HAS CONVERGED.
 MIGRAD WILL VERIFY CONVERGENCE AND ERROR MATRIX.
 COVARIANCE MATRIX CALCULATED SUCCESSFULLY
 FCN=59.8074 FROM MIGRAD    STATUS=CONVERGED     159 CALLS        2110 TOTAL
                     EDM=1.71856e-05    STRATEGY= 1      ERROR MATRIX ACCURATE 
  EXT PARAMETER                                   STEP         FIRST   
  NO.   NAME      VALUE            ERROR          SIZE      DERIVATIVE 
   1  N0           2.96830e+06     fixed    
   2  tau          6.44041e+01   constant   
   3  A0           3.53210e-01     fixed    
   4  phi          4.11449e+00     fixed    
   5  R           -5.92716e+01   constant   
   6  alpha_CBO   -7.52045e-04     fixed    
   7  w_CBO        2.32500e+00   constant   
   8  beta_CBO    -2.30602e-03   4.32884e-04   1.62708e-06  -5.31667e-01
   9  alpha_2CBO   5.24166e-04   4.34425e-04   1.61988e-06  -9.11219e-02
  10  beta_2CBO   -9.72247e-05     fixed    
  11  alpha_y      0.00000e+00     fixed    
  12  w_y          1.38860e+01   constant   
  13  beta_y       3.58867e-04     fixed    
  14  alpha_vw     0.00000e+00     fixed    
  15  w_vw         1.43404e+01   constant   
  16  beta_vw      0.00000e+00     fixed    
  17  LM           4.68092e-05   constant   
  18  zeta_y       0.00000e+00   constant   
  19  zeta_vw      0.00000e+00   constant   
  20  T_CBO        9.98918e+02   9.92510e+02   7.65400e-02  -2.21782e-04
  21  alpha_A0     1.74889e-03   2.17809e-03   8.41347e-04   2.59289e-03
  22  beta_A0      1.81003e-03   2.09918e-03   8.00288e-04   2.15743e-03
  23  alpha_phi   -2.44500e-03   2.06775e-03   8.04581e-04   3.57146e-03
  24  beta_phi    -3.63865e-03   2.25163e-03   9.11969e-04  -1.06811e-02
 EXTERNAL ERROR MATRIX.    NDIM=  25    NPAR=  7    ERR DEF=1
  1.874e-07  4.732e-09 -2.522e-05  3.212e-08  1.415e-07 -1.209e-08  1.155e-09 
  4.732e-09  1.887e-07 -6.985e-05  5.587e-08  9.414e-08 -1.177e-07  1.125e-07 
 -2.522e-05 -6.985e-05  5.083e+05 -9.559e-02 -9.790e-02  1.340e-01  1.963e-01 
  3.212e-08  5.587e-08 -9.559e-02  4.824e-06 -1.202e-07 -2.024e-07 -4.420e-07 
  1.415e-07  9.414e-08 -9.790e-02 -1.202e-07  4.475e-06 -4.224e-07  1.056e-07 
 -1.209e-08 -1.177e-07  1.340e-01 -2.024e-07 -4.224e-07  4.342e-06 -1.856e-07 
  1.155e-09  1.125e-07  1.963e-01 -4.420e-07  1.056e-07 -1.856e-07  5.172e-06 
 PARAMETER  CORRELATION COEFFICIENTS  
       NO.  GLOBAL      8      9     20     21     22     23     24
        8  0.15970   1.000  0.025 -0.000  0.034  0.154 -0.013  0.001
        9  0.20238   0.025  1.000 -0.000  0.059  0.102 -0.130  0.114
       20  0.17208  -0.000 -0.000  1.000 -0.061 -0.065  0.090  0.121
       21  0.13825   0.034  0.059 -0.061  1.000 -0.026 -0.044 -0.088
       22  0.21354   0.154  0.102 -0.065 -0.026  1.000 -0.096  0.022
       23  0.18321  -0.013 -0.130  0.090 -0.044 -0.096  1.000 -0.039
       24  0.19241   0.001  0.114  0.121 -0.088  0.022 -0.039  1.000
MINUIT - FIT wiggle + 1-CBO + 2-CBO
 **********
 **   42 **RES 
 **********
                   PARAMETER   16  beta_vw RESTORED TO VARIABLE.
                   PARAMETER   14  alpha_vw RESTORED TO VARIABLE.
                   PARAMETER   13  beta_y RESTORED TO VARIABLE.
                   PARAMETER   11  alpha_y RESTORED TO VARIABLE.
                   PARAMETER   10  beta_2CBO RESTORED TO VARIABLE.
                   PARAMETER    6  alpha_CBO RESTORED TO VARIABLE.
                   PARAMETER    4  phi RESTORED TO VARIABLE.
                   PARAMETER    3  A0 RESTORED TO VARIABLE.
                   PARAMETER    1  N0 RESTORED TO VARIABLE.
 **********
 **   43 **FIX           10
 **********
 **********
 **   44 **FIX           11
 **********
 **********
 **   45 **FIX           12
 **********
 PARAMETER   12  IS CONSTANT.   IGNORED.
 **********
 **   46 **FIX           13
 **********
 **********
 **   47 **FIX           14
 **********
 **********
 **   48 **FIX           15
 **********
 PARAMETER   15  IS CONSTANT.   IGNORED.
 **********
 **   49 **FIX           16
 **********
 **********
 **   50 **MIGRAD
 **********
 START MIGRAD MINIMIZATION.  STRATEGY  1.  CONVERGENCE WHEN EDM .LT. 1.00e-04
 FCN=59.8074 FROM MIGRAD    STATUS=INITIATE       22 CALLS        2132 TOTAL
                     EDM= unknown      STRATEGY= 1      NO ERROR MATRIX       
  EXT PARAMETER               CURRENT GUESS       STEP         FIRST   
  NO.   NAME      VALUE            ERROR          SIZE      DERIVATIVE 
   1  N0           2.96830e+06   8.77272e+02   8.77272e+02   2.22444e-05
   2  tau          6.44041e+01   constant   
   3  A0           3.53210e-01   4.20438e-04   4.20438e-04  -4.74544e+03
   4  phi          4.11449e+00   1.13705e-03   1.13705e-03  -1.38495e+03
   5  R           -5.92716e+01   constant   
   6  alpha_CBO   -7.52045e-04   4.45892e-04   4.45892e-04  -5.49632e+02
   7  w_CBO        2.32500e+00   constant   
   8  beta_CBO    -2.30602e-03   4.32884e-04   1.62708e-06  -5.31668e-01
   9  alpha_2CBO   5.24166e-04   4.34425e-04   1.61988e-06  -9.11231e-02
  10  beta_2CBO   -9.72247e-05     fixed    
  11  alpha_y      0.00000e+00     fixed    
  12  w_y          1.38860e+01   constant   
  13  beta_y       3.58867e-04     fixed    
  14  alpha_vw     0.00000e+00     fixed    
  15  w_vw         1.43404e+01   constant   
  16  beta_vw      0.00000e+00     fixed    
  17  LM           4.68092e-05   constant   
  18  zeta_y       0.00000e+00   constant   
  19  zeta_vw      0.00000e+00   constant   
  20  T_CBO        9.98918e+02   9.92510e+02   7.65400e-02  -2.27103e-04
  21  alpha_A0     1.74889e-03   2.17809e-03   8.41347e-04   2.59039e-03
  22  beta_A0      1.81003e-03   2.09918e-03   8.00288e-04   2.15495e-03
  23  alpha_phi   -2.44500e-03   2.06775e-03   8.04581e-04   3.57497e-03
  24  beta_phi    -3.63865e-03   2.25163e-03   9.11969e-04  -1.06757e-02
 MIGRAD MINIMIZATION HAS CONVERGED.
 MIGRAD WILL VERIFY CONVERGENCE AND ERROR MATRIX.
 FCN=58.0541 FROM HESSE     STATUS=NOT POSDEF    102 CALLS        2363 TOTAL
                     EDM=0.000748092    STRATEGY= 1      ERR MATRIX NOT POS-DEF
  EXT PARAMETER                APPROXIMATE        STEP         FIRST   
  NO.   NAME      VALUE            ERROR          SIZE      DERIVATIVE 
   1  N0           2.96844e+06   1.16494e+03   3.33682e+00   6.29473e-07
   2  tau          6.44041e+01   constant   
   3  A0           3.53655e-01   4.67051e-04   1.54853e-06   2.68560e-01
   4  phi          4.11549e+00   1.08313e-03   4.35277e-06   2.79964e-01
   5  R           -5.92716e+01   constant   
   6  alpha_CBO   -7.47655e-04   3.75194e-04   1.61415e-06  -6.12863e-02
   7  w_CBO        2.32500e+00   constant   
   8  beta_CBO    -2.43771e-03   3.93183e-04   1.60343e-06  -3.59085e-02
   9  alpha_2CBO   5.63224e-04   3.66836e-04   1.59636e-06  -6.03720e-01
  10  beta_2CBO   -9.72247e-05     fixed    
  11  alpha_y      0.00000e+00     fixed    
  12  w_y          1.38860e+01   constant   
  13  beta_y       3.58867e-04     fixed    
  14  alpha_vw     0.00000e+00     fixed    
  15  w_vw         1.43404e+01   constant   
  16  beta_vw      0.00000e+00     fixed    
  17  LM           4.68092e-05   constant   
  18  zeta_y       0.00000e+00   constant   
  19  zeta_vw      0.00000e+00   constant   
  20  T_CBO        9.94673e+02   7.87918e+02   8.59184e-02  -1.70738e-04
  21  alpha_A0     1.76077e-03   1.47128e-02   8.29677e-04   4.85238e-03
  22  beta_A0      1.72244e-03   1.48184e-02   7.87474e-04  -2.34546e-03
  23  alpha_phi   -2.74344e-03   1.30585e-02   7.99121e-04  -7.76546e-04
  24  beta_phi    -3.17373e-03   1.19223e-02   8.82904e-04  -3.81053e-03
 MIGRAD MINIMIZATION HAS CONVERGED.
 MIGRAD WILL VERIFY CONVERGENCE AND ERROR MATRIX.
 MIGRAD TERMINATED WITHOUT CONVERGENCE.
 FCN=58.0541 FROM MIGRAD    STATUS=FAILED        620 CALLS        2730 TOTAL
                     EDM=0.00125966    STRATEGY= 1      ERR MATRIX NOT POS-DEF
  EXT PARAMETER                APPROXIMATE        STEP         FIRST   
  NO.   NAME      VALUE            ERROR          SIZE      DERIVATIVE 
   1  N0           2.96844e+06   1.06632e+03   3.33682e+00   1.02031e-06
   2  tau          6.44041e+01   constant   
   3  A0           3.53655e-01   4.49100e-04   1.54853e-06  -2.54572e-01
   4  phi          4.11549e+00   1.09560e-03   4.35277e-06  -3.51623e-02
   5  R           -5.92716e+01   constant   
   6  alpha_CBO   -7.47707e-04   3.93572e-04   1.61415e-06   3.77970e-02
   7  w_CBO        2.32500e+00   constant   
   8  beta_CBO    -2.43769e-03   4.01984e-04   1.60343e-06  -3.18174e-02
   9  alpha_2CBO   5.63349e-04   3.82408e-04   1.59636e-06   5.43834e-01
  10  beta_2CBO   -9.72247e-05     fixed    
  11  alpha_y      0.00000e+00     fixed    
  12  w_y          1.38860e+01   constant   
  13  beta_y       3.58867e-04     fixed    
  14  alpha_vw     0.00000e+00     fixed    
  15  w_vw         1.43404e+01   constant   
  16  beta_vw      0.00000e+00     fixed    
  17  LM           4.68092e-05   constant   
  18  zeta_y       0.00000e+00   constant   
  19  zeta_vw      0.00000e+00   constant   
  20  T_CBO        9.92585e+02   8.61353e+02   8.13440e-02  -1.56864e-04
  21  alpha_A0     1.76033e-03   1.48889e-02   8.29965e-04  -8.71827e-05
  22  beta_A0      1.72397e-03   1.49462e-02   7.87869e-04  -1.21468e-04
  23  alpha_phi   -2.74484e-03   1.28888e-02   7.99559e-04   8.24598e-05
  24  beta_phi    -3.17416e-03   1.16453e-02   8.83285e-04   9.68788e-06
 EXTERNAL ERROR MATRIX.    NDIM=  25    NPAR= 11    ERR DEF=1
  1.137e+06 
 -1.708e-01  2.017e-07 
  3.678e-01 -9.790e-08  1.200e-06 
  4.652e-02 -4.276e-08  6.599e-08  1.549e-07 
  8.920e-02 -5.068e-08  5.684e-09  9.426e-09  1.616e-07 
  5.497e-02 -1.163e-08  3.126e-08  2.173e-09  1.134e-08  1.462e-07 
 -1.853e+07  6.755e+00 -9.969e+00 -2.367e+00 -3.560e+00 -2.052e+00  7.177e+08 
 -7.262e+00  2.651e-06 -3.829e-06 -8.482e-07 -1.408e-06 -7.933e-07  2.873e+02  1.188e-04 
 -7.754e+00  2.753e-06 -4.096e-06 -9.523e-07 -1.378e-06 -7.911e-07  2.939e+02  1.176e-04  1.237e-04 
  1.201e+01 -4.482e-06  6.456e-06  1.596e-06  2.346e-06  1.283e-06 -4.724e+02 -1.892e-04 -1.936e-04  3.142e-04 
  1.360e+01 -4.905e-06  7.361e-06  1.741e-06  2.639e-06  1.598e-06 -5.348e+02 -2.145e-04 -2.189e-04  3.519e-04  4.025e-04 
ERR MATRIX NOT POS-DEF
 PARAMETER  CORRELATION COEFFICIENTS  
       NO.  GLOBAL      1      3      4      6      8      9     20     21     22     23     24
        1  0.67991   1.000 -0.357  0.315  0.111  0.208  0.135 -0.649 -0.625 -0.654  0.635  0.636
        3  0.60210  -0.357  1.000 -0.199 -0.242 -0.281 -0.068  0.561  0.542  0.551 -0.563 -0.544
        4  0.39201   0.315 -0.199  1.000  0.153  0.013  0.075 -0.340 -0.321 -0.336  0.332  0.335
        6  0.31323   0.111 -0.242  0.153  1.000  0.060  0.014 -0.224 -0.198 -0.218  0.229  0.221
        8  0.38329   0.208 -0.281  0.013  0.060  1.000  0.074 -0.331 -0.321 -0.308  0.329  0.327
        9  0.25617   0.135 -0.068  0.075  0.014  0.074  1.000 -0.200 -0.190 -0.186  0.189  0.208
       20  0.99818  -0.649  0.561 -0.340 -0.224 -0.331 -0.200  1.000  0.984  0.986 -0.995 -0.995
       21  0.98482  -0.625  0.542 -0.321 -0.198 -0.321 -0.190  0.984  1.000  0.970 -0.980 -0.981
       22  0.98686  -0.654  0.551 -0.336 -0.218 -0.308 -0.186  0.986  0.970  1.000 -0.982 -0.981
       23  0.99494   0.635 -0.563  0.332  0.229  0.329  0.189 -0.995 -0.980 -0.982  1.000  0.990
       24  0.99532   0.636 -0.544  0.335  0.221  0.327  0.208 -0.995 -0.981 -0.981  0.990  1.000
 ERR MATRIX NOT POS-DEF
MINUIT - FIT ONLY 1-y
 **********
 **   51 **RES 
 **********
                   PARAMETER   16  beta_vw RESTORED TO VARIABLE.
                   PARAMETER   14  alpha_vw RESTORED TO VARIABLE.
                   PARAMETER   13  beta_y RESTORED TO VARIABLE.
                   PARAMETER   11  alpha_y RESTORED TO VARIABLE.
                   PARAMETER   10  beta_2CBO RESTORED TO VARIABLE.
 **********
 **   52 **FIX            0
 **********
 PARAMETER    0  IS UNDEFINED. IGNORED.
 **********
 **   53 **FIX            1
 **********
 **********
 **   54 **FIX            2
 **********
 PARAMETER    2  IS CONSTANT.   IGNORED.
 **********
 **   55 **FIX            3
 **********
 **********
 **   56 **FIX            4
 **********
 **********
 **   57 **FIX            5
 **********
 PARAMETER    5  IS CONSTANT.   IGNORED.
 **********
 **   58 **FIX            6
 **********
 **********
 **   59 **FIX            7
 **********
 PARAMETER    7  IS CONSTANT.   IGNORED.
 **********
 **   60 **FIX            8
 **********
 **********
 **   61 **FIX            9
 **********
 **********
 **   62 **FIX           13
 **********
 **********
 **   63 **FIX           14
 **********
 **********
 **   64 **FIX           15
 **********
 PARAMETER   15  IS CONSTANT.   IGNORED.
 **********
 **   65 **FIX           16
 **********
 **********
 **   66 **MIGRAD
 **********
 START MIGRAD MINIMIZATION.  STRATEGY  1.  CONVERGENCE WHEN EDM .LT. 1.00e-04
 FCN=58.0541 FROM MIGRAD    STATUS=INITIATE       18 CALLS        2748 TOTAL
                     EDM= unknown      STRATEGY= 1      NO ERROR MATRIX       
  EXT PARAMETER               CURRENT GUESS       STEP         FIRST   
  NO.   NAME      VALUE            ERROR          SIZE      DERIVATIVE 
   1  N0           2.96844e+06     fixed    
   2  tau          6.44041e+01   constant   
   3  A0           3.53655e-01     fixed    
   4  phi          4.11549e+00     fixed    
   5  R           -5.92716e+01   constant   
   6  alpha_CBO   -7.47707e-04     fixed    
   7  w_CBO        2.32500e+00   constant   
   8  beta_CBO    -2.43769e-03     fixed    
   9  alpha_2CBO   5.63349e-04     fixed    
  10  beta_2CBO   -9.72247e-05   4.28285e-04   4.28285e-04  -1.84107e+03
  11  alpha_y      0.00000e+00   1.00000e-03   1.00000e-03   4.27372e+03
  12  w_y          1.38860e+01   constant   
  13  beta_y       3.58867e-04     fixed    
  14  alpha_vw     0.00000e+00     fixed    
  15  w_vw         1.43404e+01   constant   
  16  beta_vw      0.00000e+00     fixed    
  17  LM           4.68092e-05   constant   
  18  zeta_y       0.00000e+00   constant   
  19  zeta_vw      0.00000e+00   constant   
  20  T_CBO        9.92585e+02   8.61353e+02   8.13440e-02   5.58829e-05
  21  alpha_A0     1.76033e-03   1.48889e-02   8.29965e-04  -8.96820e-05
  22  beta_A0      1.72397e-03   1.49462e-02   7.87869e-04  -1.23639e-04
  23  alpha_phi   -2.74484e-03   1.28888e-02   7.99559e-04   8.63204e-05
  24  beta_phi    -3.17416e-03   1.16453e-02   8.83285e-04   1.04350e-05
 MIGRAD MINIMIZATION HAS CONVERGED.
 MIGRAD WILL VERIFY CONVERGENCE AND ERROR MATRIX.
 COVARIANCE MATRIX CALCULATED SUCCESSFULLY
 FCN=57.0555 FROM MIGRAD    STATUS=CONVERGED     145 CALLS        2875 TOTAL
                     EDM=1.22452e-05    STRATEGY= 1      ERROR MATRIX ACCURATE 
  EXT PARAMETER                                   STEP         FIRST   
  NO.   NAME      VALUE            ERROR          SIZE      DERIVATIVE 
   1  N0           2.96844e+06     fixed    
   2  tau          6.44041e+01   constant   
   3  A0           3.53655e-01     fixed    
   4  phi          4.11549e+00     fixed    
   5  R           -5.92716e+01   constant   
   6  alpha_CBO   -7.47707e-04     fixed    
   7  w_CBO        2.32500e+00   constant   
   8  beta_CBO    -2.43769e-03     fixed    
   9  alpha_2CBO   5.63349e-04     fixed    
  10  beta_2CBO    8.44247e-05   4.43482e-04   1.60770e-06  -1.50116e+00
  11  alpha_y     -3.89058e-04   4.26503e-04   1.58597e-06  -4.14691e-01
  12  w_y          1.38860e+01   constant   
  13  beta_y       3.58867e-04     fixed    
  14  alpha_vw     0.00000e+00     fixed    
  15  w_vw         1.43404e+01   constant   
  16  beta_vw      0.00000e+00     fixed    
  17  LM           4.68092e-05   constant   
  18  zeta_y       0.00000e+00   constant   
  19  zeta_vw      0.00000e+00   constant   
  20  T_CBO        9.98034e+02   8.24389e+02   1.20695e-01   9.81308e-05
  21  alpha_A0     1.62368e-03   2.20496e-03   8.19944e-04   2.03773e-05
  22  beta_A0      1.81405e-03   2.09482e-03   7.81143e-04   7.60963e-04
  23  alpha_phi   -2.88835e-03   2.12390e-03   7.95030e-04  -5.64769e-03
  24  beta_phi    -3.24961e-03   2.31254e-03   8.77574e-04   6.06510e-05
 EXTERNAL ERROR MATRIX.    NDIM=  25    NPAR=  7    ERR DEF=1
  1.967e-07 -3.323e-10  5.001e-04 -1.149e-07  8.883e-08 -1.064e-07 -1.158e-07 
 -3.323e-10  1.819e-07  1.344e-04  1.332e-08 -4.846e-09  2.258e-08 -1.238e-08 
  5.001e-04  1.344e-04  5.316e+06 -7.183e-01 -7.836e-01  1.269e+00  1.405e+00 
 -1.149e-07  1.332e-08 -7.183e-01  4.945e-06 -1.343e-07 -2.518e-07 -5.610e-07 
  8.883e-08 -4.846e-09 -7.836e-01 -1.343e-07  4.456e-06 -5.666e-07 -1.761e-07 
 -1.064e-07  2.258e-08  1.269e+00 -2.518e-07 -5.666e-07  4.587e-06  2.289e-07 
 -1.158e-07 -1.238e-08  1.405e+00 -5.610e-07 -1.761e-07  2.289e-07  5.458e-06 
 PARAMETER  CORRELATION COEFFICIENTS  
       NO.  GLOBAL     10     11     20     21     22     23     24
       10  0.22483   1.000 -0.002  0.000 -0.116  0.095 -0.112 -0.112
       11  0.03167  -0.002  1.000  0.000  0.014 -0.005  0.025 -0.012
       20  0.39638   0.000  0.000  1.000 -0.140 -0.161  0.257  0.261
       21  0.20993  -0.116  0.014 -0.140  1.000 -0.029 -0.053 -0.108
       22  0.20679   0.095 -0.005 -0.161 -0.029  1.000 -0.125 -0.036
       23  0.29537  -0.112  0.025  0.257 -0.053 -0.125  1.000  0.046
       24  0.29932  -0.112 -0.012  0.261 -0.108 -0.036  0.046  1.000
MINUIT - FIT ONLY 2-y
 **********
 **   67 **RES 
 **********
                   PARAMETER   16  beta_vw RESTORED TO VARIABLE.
                   PARAMETER   14  alpha_vw RESTORED TO VARIABLE.
                   PARAMETER   13  beta_y RESTORED TO VARIABLE.
                   PARAMETER    9  alpha_2CBO RESTORED TO VARIABLE.
                   PARAMETER    8  beta_CBO RESTORED TO VARIABLE.
                   PARAMETER    6  alpha_CBO RESTORED TO VARIABLE.
                   PARAMETER    4  phi RESTORED TO VARIABLE.
                   PARAMETER    3  A0 RESTORED TO VARIABLE.
                   PARAMETER    1  N0 RESTORED TO VARIABLE.
 **********
 **   68 **FIX            0
 **********
 PARAMETER    0  IS UNDEFINED. IGNORED.
 **********
 **   69 **FIX            1
 **********
 **********
 **   70 **FIX            2
 **********
 PARAMETER    2  IS CONSTANT.   IGNORED.
 **********
 **   71 **FIX            3
 **********
 **********
 **   72 **FIX            4
 **********
 **********
 **   73 **FIX            5
 **********
 PARAMETER    5  IS CONSTANT.   IGNORED.
 **********
 **   74 **FIX            6
 **********
 **********
 **   75 **FIX            7
 **********
 PARAMETER    7  IS CONSTANT.   IGNORED.
 **********
 **   76 **FIX            8
 **********
 **********
 **   77 **FIX            9
 **********
 **********
 **   78 **FIX           10
 **********
 **********
 **   79 **FIX           11
 **********
 **********
 **   80 **FIX           12
 **********
 PARAMETER   12  IS CONSTANT.   IGNORED.
 **********
 **   81 **FIX           16
 **********
 **********
 **   82 **MIGRAD
 **********
 START MIGRAD MINIMIZATION.  STRATEGY  1.  CONVERGENCE WHEN EDM .LT. 1.00e-04
 FCN=57.0555 FROM MIGRAD    STATUS=INITIATE       16 CALLS        2891 TOTAL
                     EDM= unknown      STRATEGY= 1      NO ERROR MATRIX       
  EXT PARAMETER               CURRENT GUESS       STEP         FIRST   
  NO.   NAME      VALUE            ERROR          SIZE      DERIVATIVE 
   1  N0           2.96844e+06     fixed    
   2  tau          6.44041e+01   constant   
   3  A0           3.53655e-01     fixed    
   4  phi          4.11549e+00     fixed    
   5  R           -5.92716e+01   constant   
   6  alpha_CBO   -7.47707e-04     fixed    
   7  w_CBO        2.32500e+00   constant   
   8  beta_CBO    -2.43769e-03     fixed    
   9  alpha_2CBO   5.63349e-04     fixed    
  10  beta_2CBO    8.44247e-05     fixed    
  11  alpha_y     -3.89058e-04     fixed    
  12  w_y          1.38860e+01   constant   
  13  beta_y       3.58867e-04   4.28487e-04   4.28487e-04   5.65791e+02
  14  alpha_vw     0.00000e+00   1.00000e-03   1.00000e-03  -5.57191e+03
  15  w_vw         1.43404e+01   constant   
  16  beta_vw      0.00000e+00     fixed    
  17  LM           4.68092e-05   constant   
  18  zeta_y       0.00000e+00   constant   
  19  zeta_vw      0.00000e+00   constant   
  20  T_CBO        9.98034e+02   8.24389e+02   1.20695e-01   8.05647e-05
  21  alpha_A0     1.62368e-03   2.20496e-03   8.19944e-04   2.11050e-05
  22  beta_A0      1.81405e-03   2.09482e-03   7.81143e-04   7.58546e-04
  23  alpha_phi   -2.88835e-03   2.12390e-03   7.95030e-04  -5.64368e-03
  24  beta_phi    -3.24961e-03   2.31254e-03   8.77574e-04   6.13925e-05
 MIGRAD MINIMIZATION HAS CONVERGED.
 MIGRAD WILL VERIFY CONVERGENCE AND ERROR MATRIX.
 COVARIANCE MATRIX CALCULATED SUCCESSFULLY
 FCN=55.6191 FROM MIGRAD    STATUS=CONVERGED     158 CALLS        3033 TOTAL
                     EDM=8.73242e-06    STRATEGY= 1      ERROR MATRIX ACCURATE 
  EXT PARAMETER                                   STEP         FIRST   
  NO.   NAME      VALUE            ERROR          SIZE      DERIVATIVE 
   1  N0           2.96844e+06     fixed    
   2  tau          6.44041e+01   constant   
   3  A0           3.53655e-01     fixed    
   4  phi          4.11549e+00     fixed    
   5  R           -5.92716e+01   constant   
   6  alpha_CBO   -7.47707e-04     fixed    
   7  w_CBO        2.32500e+00   constant   
   8  beta_CBO    -2.43769e-03     fixed    
   9  alpha_2CBO   5.63349e-04     fixed    
  10  beta_2CBO    8.44247e-05     fixed    
  11  alpha_y     -3.89058e-04     fixed    
  12  w_y          1.38860e+01   constant   
  13  beta_y       3.91591e-04   4.37239e-04   1.58443e-06   3.91769e-01
  14  alpha_vw     5.18956e-04   4.35222e-04   1.57714e-06   4.49226e-01
