 + ++++++++++++++++++++++++++++++++++++++++++++++++++++++++++++++++++++ +
 +                                                                      +
 +           You have chose to blind your fitting according to          +
 +                omega_ref * (1 + (R +/- deltaR) *10^{-6})             +
 +                                                                      +
 + ++++++++++++++++++++++++++++++++++++++++++++++++++++++++++++++++++++ +
In main()...
reading format from /gm2data/zkhechad/run45/envelope/formats/formatB_sBin_constraintOn.txt
pBinTau 	= 0  
pBinPhi 	= 0  
constraintau 	= 1 
includeMopTerm 	= 0    
constrainMop    = 0   
Parameters after format file: pBinTau 0 pBinPhi 0 constraintau 1 includeMopTerm 0 constrainMop 0 c_e_scale 0.000000 
Opening file /gm2data/tbarrett/gm2fr/studies/run23_bunch_corrections/CorrectedFourier_Run3b.root.
reading full fit data from /gm2data/zkhechad/cboTemplates/Run4CBOTemplates/fullFits/noRF/sBin_constraintOn_cE0.0_seed0_noRF_calo2.root
windowBins = 69
fitting sliding window 1120 from bin 1256 at 187.246000 to bin 1325 at 197.690000 (69 bins)

Reading data from /gm2data/cornell/histograms/aMethod/histogram_a_noRF.root
 **********
 **    1 **SET PRINTOUT            1
 **********
 **********
 **    2 **SET NOWARNINGS 
 **********
 PARAMETER DEFINITIONS:
    NO.   NAME         VALUE      STEP SIZE      LIMITS
     1 N0           3.21058e+06  1.00000e+02     no limits
     2 tau          6.44090e+01  constant
     3 A0           3.64384e-01  1.00000e-04     no limits
     4 phi          4.11815e+00  1.00000e-02     no limits
     5 R           -6.00655e+01  constant
     6 alpha_CBO    0.00000e+00  1.00000e-03     no limits
     7 w_CBO        2.32500e+00  constant
     8 beta_CBO     0.00000e+00  1.00000e-03     no limits
     9 alpha_2CBO   0.00000e+00  1.00000e-03     no limits
    10 beta_2CBO    0.00000e+00  1.00000e-03     no limits
    11 alpha_y      0.00000e+00  1.00000e-03     no limits
    12 w_y          1.38860e+01  constant
    13 beta_y       0.00000e+00  1.00000e-03     no limits
    14 alpha_vw     0.00000e+00  1.00000e-03     no limits
    15 w_vw         1.43404e+01  constant
    16 beta_vw      0.00000e+00  1.00000e-03     no limits
    17 LM           2.36781e-04  constant
    18 zeta_y       0.00000e+00  constant
    19 zeta_vw      0.00000e+00  constant
    20 T_CBO        1.00000e+02  1.00000e+00    0.00000e+00  1.00000e+03
    21 alpha_A0     0.00000e+00  1.00000e-03     no limits
    22 beta_A0      0.00000e+00  1.00000e-03     no limits
    23 alpha_phi    0.00000e+00  1.00000e-03     no limits
    24 beta_phi     0.00000e+00  1.00000e-03     no limits
MINUIT - FIT ONLY WIGGLE
 **********
 **    3 **FIX            5
 **********
 PARAMETER    5  IS CONSTANT.   IGNORED.
 **********
 **    4 **FIX            6
 **********
 **********
 **    5 **FIX            7
 **********
 PARAMETER    7  IS CONSTANT.   IGNORED.
 **********
 **    6 **FIX            8
 **********
 **********
 **    7 **FIX            9
 **********
 **********
 **    8 **FIX           10
 **********
 **********
 **    9 **FIX           11
 **********
 **********
 **   10 **FIX           12
 **********
 PARAMETER   12  IS CONSTANT.   IGNORED.
 **********
 **   11 **FIX           13
 **********
 **********
 **   12 **FIX           14
 **********
 **********
 **   13 **FIX           15
 **********
 PARAMETER   15  IS CONSTANT.   IGNORED.
 **********
 **   14 **FIX           16
 **********
 **********
 **   15 **MIGRAD
 **********
 FIRST CALL TO USER FUNCTION AT NEW START POINT, WITH IFLAG=4.
 START MIGRAD MINIMIZATION.  STRATEGY  1.  CONVERGENCE WHEN EDM .LT. 1.00e-04
 FCN=160.689 FROM MIGRAD    STATUS=INITIATE      435 CALLS         436 TOTAL
                     EDM= unknown      STRATEGY= 1      NO ERROR MATRIX       
  EXT PARAMETER               CURRENT GUESS       STEP         FIRST   
  NO.   NAME      VALUE            ERROR          SIZE      DERIVATIVE 
   1  N0           3.21058e+06   1.00000e+02   0.00000e+00   9.00825e-04
   2  tau          6.44090e+01   constant   
   3  A0           3.64384e-01   1.00000e-04   0.00000e+00  -3.03612e+04
   4  phi          4.11815e+00   1.00000e-02   0.00000e+00  -4.49065e+03
   5  R           -6.00655e+01   constant   
   6  alpha_CBO    0.00000e+00     fixed    
   7  w_CBO        2.32500e+00   constant   
   8  beta_CBO     0.00000e+00     fixed    
   9  alpha_2CBO   0.00000e+00     fixed    
  10  beta_2CBO    0.00000e+00     fixed    
  11  alpha_y      0.00000e+00     fixed    
  12  w_y          1.38860e+01   constant   
  13  beta_y       0.00000e+00     fixed    
  14  alpha_vw     0.00000e+00     fixed    
  15  w_vw         1.43404e+01   constant   
  16  beta_vw      0.00000e+00     fixed    
  17  LM           2.36781e-04   constant   
  18  zeta_y       0.00000e+00   constant   
  19  zeta_vw      0.00000e+00   constant   
  20  T_CBO        1.00000e+02   1.00000e+00   0.00000e+00   0.00000e+00
  21  alpha_A0     0.00000e+00   1.00000e-03   0.00000e+00  -3.59369e+02
  22  beta_A0      0.00000e+00   1.00000e-03   0.00000e+00  -2.66997e+02
  23  alpha_phi    0.00000e+00   1.00000e-03   0.00000e+00  -1.34888e+02
  24  beta_phi     0.00000e+00   1.00000e-03   0.00000e+00   7.60016e+02
 CALL LIMIT EXCEEDED IN MIGRAD.
 MIGRAD TERMINATED WITHOUT CONVERGENCE.
 FCN=138.236 FROM MIGRAD    STATUS=CALL LIMIT   1326 CALLS        1327 TOTAL
                     EDM=0.00916586    STRATEGY= 1  ERROR MATRIX UNCERTAINTY   2.6 per cent
  EXT PARAMETER                APPROXIMATE        STEP         FIRST   
  NO.   NAME      VALUE            ERROR          SIZE      DERIVATIVE 
   1  N0           3.21118e+06   6.02991e+02   5.77312e+00  -1.36270e-04
   2  tau          6.44090e+01   constant   
   3  A0           3.65225e-01   2.33242e-04  -6.56293e-07   1.88937e+02
   4  phi          4.11925e+00   6.83972e-04  -4.28936e-06   5.74556e+01
   5  R           -6.00655e+01   constant   
   6  alpha_CBO    0.00000e+00     fixed    
   7  w_CBO        2.32500e+00   constant   
   8  beta_CBO     0.00000e+00     fixed    
   9  alpha_2CBO   0.00000e+00     fixed    
  10  beta_2CBO    0.00000e+00     fixed    
  11  alpha_y      0.00000e+00     fixed    
  12  w_y          1.38860e+01   constant   
  13  beta_y       0.00000e+00     fixed    
  14  alpha_vw     0.00000e+00     fixed    
  15  w_vw         1.43404e+01   constant   
  16  beta_vw      0.00000e+00     fixed    
  17  LM           2.36781e-04   constant   
  18  zeta_y       0.00000e+00   constant   
  19  zeta_vw      0.00000e+00   constant   
  20  T_CBO        2.78126e+01   7.93633e+00  -2.65659e-03  -1.25239e+01
  21  alpha_A0     1.30520e+00   2.20405e+00   1.09838e-01   1.98898e-01
  22  beta_A0      1.15326e+00   1.91976e+00   9.55139e-02  -4.11737e-01
  23  alpha_phi    6.10216e-01   1.02852e+00   5.12307e-02  -8.08419e-03
  24  beta_phi    -1.50942e+00   2.53580e+00  -1.26324e-01   1.29827e-01
 EXTERNAL ERROR MATRIX.    NDIM=  25    NPAR=  8    ERR DEF=1
  3.636e+05  3.542e-02 -6.295e-03  4.151e+02 -7.999e+01 -7.085e+01 -3.763e+01  9.257e+01 
  3.542e-02  5.440e-08  8.960e-09 -1.913e-06  4.794e-06  4.391e-06  2.304e-06 -5.306e-06 
 -6.295e-03  8.960e-09  4.678e-07  1.823e-05 -1.818e-06 -3.545e-07 -6.008e-07  2.529e-06 
  4.151e+02 -1.913e-06  1.823e-05  6.303e+01 -1.732e+01 -1.509e+01 -8.083e+00  1.993e+01 
 -7.999e+01  4.794e-06 -1.818e-06 -1.732e+01  4.858e+00  4.231e+00  2.267e+00 -5.589e+00 
 -7.085e+01  4.391e-06 -3.545e-07 -1.509e+01  4.231e+00  3.685e+00  1.974e+00 -4.868e+00 
 -3.763e+01  2.304e-06 -6.008e-07 -8.083e+00  2.267e+00  1.974e+00  1.058e+00 -2.608e+00 
  9.257e+01 -5.306e-06  2.529e-06  1.993e+01 -5.589e+00 -4.868e+00 -2.608e+00  6.430e+00 
ERR MATRIX APPROXIMATE
 PARAMETER  CORRELATION COEFFICIENTS  
       NO.  GLOBAL      1      3      4     20     21     22     23     24
        1  0.35234   1.000  0.252 -0.015  0.087 -0.060 -0.061 -0.061  0.061
        3  0.30113   0.252  1.000  0.056 -0.001  0.009  0.010  0.010 -0.009
        4  0.18204  -0.015  0.056  1.000  0.003 -0.001 -0.000 -0.001  0.001
       20  0.99053   0.087 -0.001  0.003  1.000 -0.990 -0.990 -0.990  0.990
       21  0.99999  -0.060  0.009 -0.001 -0.990  1.000  1.000  1.000 -1.000
       22  0.99998  -0.061  0.010 -0.000 -0.990  1.000  1.000  1.000 -1.000
       23  0.99998  -0.061  0.010 -0.001 -0.990  1.000  1.000  1.000 -1.000
       24  0.99999   0.061 -0.009  0.001  0.990 -1.000 -1.000 -1.000  1.000
 ERR MATRIX APPROXIMATE
MINUIT - FIT ONLY 1-CBO + wiggle
 **********
 **   16 **RES 
 **********
                   PARAMETER   16  beta_vw RESTORED TO VARIABLE.
                   PARAMETER   14  alpha_vw RESTORED TO VARIABLE.
                   PARAMETER   13  beta_y RESTORED TO VARIABLE.
                   PARAMETER   11  alpha_y RESTORED TO VARIABLE.
                   PARAMETER   10  beta_2CBO RESTORED TO VARIABLE.
                   PARAMETER    9  alpha_2CBO RESTORED TO VARIABLE.
                   PARAMETER    8  beta_CBO RESTORED TO VARIABLE.
                   PARAMETER    6  alpha_CBO RESTORED TO VARIABLE.
 **********
 **   17 **FIX            8
 **********
 **********
 **   18 **FIX            9
 **********
 **********
 **   19 **FIX           11
 **********
 **********
 **   20 **FIX           12
 **********
 PARAMETER   12  IS CONSTANT.   IGNORED.
 **********
 **   21 **FIX           14
 **********
 **********
 **   22 **FIX           15
 **********
 PARAMETER   15  IS CONSTANT.   IGNORED.
 **********
 **   23 **FIX           16
 **********
 **********
 **   24 **MIGRAD
 **********
 START MIGRAD MINIMIZATION.  STRATEGY  1.  CONVERGENCE WHEN EDM .LT. 1.00e-04
 FCN=138.236 FROM MIGRAD    STATUS=INITIATE       28 CALLS        1355 TOTAL
                     EDM= unknown      STRATEGY= 1      NO ERROR MATRIX       
  EXT PARAMETER               CURRENT GUESS       STEP         FIRST   
  NO.   NAME      VALUE            ERROR          SIZE      DERIVATIVE 
   1  N0           3.21118e+06   6.02991e+02   5.77312e+00  -1.36270e-04
   2  tau          6.44090e+01   constant   
   3  A0           3.65225e-01   2.33242e-04  -6.56293e-07   1.88937e+02
   4  phi          4.11925e+00   6.83972e-04  -4.28936e-06   5.74556e+01
   5  R           -6.00655e+01   constant   
   6  alpha_CBO    0.00000e+00   1.00000e-03   1.00000e-03   4.37121e+04
   7  w_CBO        2.32500e+00   constant   
   8  beta_CBO     0.00000e+00     fixed    
   9  alpha_2CBO   0.00000e+00     fixed    
  10  beta_2CBO    0.00000e+00   1.00000e-03   1.00000e-03  -8.77761e+03
  11  alpha_y      0.00000e+00     fixed    
  12  w_y          1.38860e+01   constant   
  13  beta_y       0.00000e+00   1.00000e-03   1.00000e-03  -5.78222e+03
  14  alpha_vw     0.00000e+00     fixed    
  15  w_vw         1.43404e+01   constant   
  16  beta_vw      0.00000e+00     fixed    
  17  LM           2.36781e-04   constant   
  18  zeta_y       0.00000e+00   constant   
  19  zeta_vw      0.00000e+00   constant   
  20  T_CBO        2.78126e+01   7.93633e+00  -2.65659e-03  -1.25239e+01
  21  alpha_A0     1.30520e+00   2.20405e+00   1.09838e-01   1.98898e-01
  22  beta_A0      1.15326e+00   1.91976e+00   9.55139e-02  -4.11737e-01
  23  alpha_phi    6.10216e-01   1.02852e+00   5.12307e-02  -8.08420e-03
  24  beta_phi    -1.50942e+00   2.53580e+00  -1.26324e-01   1.29827e-01
 CALL LIMIT EXCEEDED IN MIGRAD.
 MIGRAD TERMINATED WITHOUT CONVERGENCE.
 FCN=97.7496 FROM MIGRAD    STATUS=CALL LIMIT   1917 CALLS        3244 TOTAL
                     EDM=0.0162285    STRATEGY= 1  ERROR MATRIX UNCERTAINTY  27.0 per cent
  EXT PARAMETER                APPROXIMATE        STEP         FIRST   
  NO.   NAME      VALUE            ERROR          SIZE      DERIVATIVE 
   1  N0           3.21114e+06   6.29248e+02  -8.06426e+00   3.91557e-06
   2  tau          6.44090e+01   constant   
   3  A0           3.65036e-01   2.31321e-04  -3.61424e-06  -9.92694e+01
   4  phi          4.11813e+00   7.17837e-04  -2.11904e-06   7.21789e+00
   5  R           -6.00655e+01   constant   
   6  alpha_CBO   -1.73022e-03   2.70219e-04  -9.05980e-06  -2.48475e+02
   7  w_CBO        2.32500e+00   constant   
   8  beta_CBO     0.00000e+00     fixed    
   9  alpha_2CBO   0.00000e+00     fixed    
  10  beta_2CBO    3.38276e-04   2.63735e-04   4.22738e-06   6.70456e+01
  11  alpha_y      0.00000e+00     fixed    
  12  w_y          1.38860e+01   constant   
  13  beta_y       2.08358e-04   2.66214e-04   6.02699e-07   2.10622e+01
  14  alpha_vw     0.00000e+00     fixed    
  15  w_vw         1.43404e+01   constant   
  16  beta_vw      0.00000e+00     fixed    
  17  LM           2.36781e-04   constant   
  18  zeta_y       0.00000e+00   constant   
  19  zeta_vw      0.00000e+00   constant   
  20  T_CBO        1.20695e+01   1.25828e+00  -2.22546e-05   6.98237e+00
  21  alpha_A0     1.30545e+04   2.08886e+04   5.12120e+02   1.39301e-05
  22  beta_A0      7.31269e+03   1.17026e+04   2.86916e+02  -6.79828e-06
  23  alpha_phi   -7.54797e+03   1.20779e+04  -2.96119e+02  -2.64447e-05
  24  beta_phi    -1.46423e+04   2.34350e+04  -5.74562e+02   2.77506e-05
 EXTERNAL ERROR MATRIX.    NDIM=  25    NPAR= 11    ERR DEF=1
  3.960e+05 
  2.456e-02  5.351e-08 
 -3.622e-02  1.149e-08  5.153e-07 
 -3.107e-03  5.253e-09  4.764e-08  7.302e-08 
  1.168e-02 -1.311e-09  4.790e-09  1.105e-09  6.956e-08 
 -1.763e-03  8.524e-10  1.061e-09 -3.939e-10 -3.122e-10  7.087e-08 
  8.580e+01  3.131e-05  1.602e-05  6.220e-05 -2.708e-05 -4.830e-06  1.583e+00 
 -8.518e+05 -6.323e-01 -5.767e-01 -1.175e+00  5.585e-01  7.079e-02 -2.578e+04  4.363e+08 
 -4.772e+05 -3.542e-01 -3.230e-01 -6.581e-01  3.129e-01  3.966e-02 -1.444e+04  2.445e+08  1.370e+08 
  4.925e+05  3.656e-01  3.335e-01  6.793e-01 -3.229e-01 -4.093e-02  1.491e+04 -2.523e+08 -1.413e+08  1.459e+08 
  9.556e+05  7.094e-01  6.471e-01  1.318e+00 -6.266e-01 -7.942e-02  2.893e+04 -4.895e+08 -2.742e+08  2.830e+08  5.492e+08 
ERR MATRIX APPROXIMATE
 PARAMETER  CORRELATION COEFFICIENTS  
       NO.  GLOBAL      1      3      4      6     10     13     20     21     22     23     24
        1  0.32419   1.000  0.169 -0.080 -0.018  0.070 -0.011  0.108 -0.065 -0.065  0.065  0.065
        3  0.31815   0.169  1.000  0.069  0.084 -0.021  0.014  0.108 -0.131 -0.131  0.131  0.131
        4  0.30202  -0.080  0.069  1.000  0.246  0.025  0.006  0.018 -0.038 -0.038  0.038  0.038
        6  0.39442  -0.018  0.084  0.246  1.000  0.016 -0.005  0.183 -0.208 -0.208  0.208  0.208
       10  0.23909   0.070 -0.021  0.025  0.016  1.000 -0.004 -0.082  0.101  0.101 -0.101 -0.101
       13  0.02661  -0.011  0.014  0.006 -0.005 -0.004  1.000 -0.014  0.013  0.013 -0.013 -0.013
       20  0.98292   0.108  0.108  0.018  0.183 -0.082 -0.014  1.000 -0.981 -0.981  0.981  0.981
       21  1.00000  -0.065 -0.131 -0.038 -0.208  0.101  0.013 -0.981  1.000  1.000 -1.000 -1.000
       22  1.00000  -0.065 -0.131 -0.038 -0.208  0.101  0.013 -0.981  1.000  1.000 -1.000 -1.000
       23  1.00000   0.065  0.131  0.038  0.208 -0.101 -0.013  0.981 -1.000 -1.000  1.000  1.000
       24  1.00000   0.065  0.131  0.038  0.208 -0.101 -0.013  0.981 -1.000 -1.000  1.000  1.000
 ERR MATRIX APPROXIMATE
MINUIT - FIT ONLY 2-CBO
 **********
 **   25 **RES 
 **********
                   PARAMETER   16  beta_vw RESTORED TO VARIABLE.
                   PARAMETER   14  alpha_vw RESTORED TO VARIABLE.
                   PARAMETER   11  alpha_y RESTORED TO VARIABLE.
                   PARAMETER    9  alpha_2CBO RESTORED TO VARIABLE.
                   PARAMETER    8  beta_CBO RESTORED TO VARIABLE.
 **********
 **   26 **FIX            0
 **********
 PARAMETER    0  IS UNDEFINED. IGNORED.
 **********
 **   27 **FIX            1
 **********
 **********
 **   28 **FIX            2
 **********
 PARAMETER    2  IS CONSTANT.   IGNORED.
 **********
 **   29 **FIX            3
 **********
 **********
 **   30 **FIX            4
 **********
 **********
 **   31 **FIX            5
 **********
 PARAMETER    5  IS CONSTANT.   IGNORED.
 **********
 **   32 **FIX            6
 **********
 **********
 **   33 **FIX            7
 **********
 PARAMETER    7  IS CONSTANT.   IGNORED.
 **********
 **   34 **FIX           10
 **********
 **********
 **   35 **FIX           11
 **********
 **********
 **   36 **FIX           12
 **********
 PARAMETER   12  IS CONSTANT.   IGNORED.
 **********
 **   37 **FIX           13
 **********
 **********
 **   38 **FIX           14
 **********
 **********
 **   39 **FIX           15
 **********
 PARAMETER   15  IS CONSTANT.   IGNORED.
 **********
 **   40 **FIX           16
 **********
 **********
 **   41 **MIGRAD
 **********
 START MIGRAD MINIMIZATION.  STRATEGY  1.  CONVERGENCE WHEN EDM .LT. 1.00e-04
 FCN=97.7496 FROM MIGRAD    STATUS=INITIATE       18 CALLS        3262 TOTAL
                     EDM= unknown      STRATEGY= 1      NO ERROR MATRIX       
  EXT PARAMETER               CURRENT GUESS       STEP         FIRST   
  NO.   NAME      VALUE            ERROR          SIZE      DERIVATIVE 
   1  N0           3.21114e+06     fixed    
   2  tau          6.44090e+01   constant   
   3  A0           3.65036e-01     fixed    
   4  phi          4.11813e+00     fixed    
   5  R           -6.00655e+01   constant   
   6  alpha_CBO   -1.73022e-03     fixed    
   7  w_CBO        2.32500e+00   constant   
   8  beta_CBO     0.00000e+00   1.00000e-03   1.00000e-03  -4.58504e+04
   9  alpha_2CBO   0.00000e+00   1.00000e-03   1.00000e-03   5.47740e+02
  10  beta_2CBO    3.38276e-04     fixed    
  11  alpha_y      0.00000e+00     fixed    
  12  w_y          1.38860e+01   constant   
  13  beta_y       2.08358e-04     fixed    
  14  alpha_vw     0.00000e+00     fixed    
  15  w_vw         1.43404e+01   constant   
  16  beta_vw      0.00000e+00     fixed    
  17  LM           2.36781e-04   constant   
  18  zeta_y       0.00000e+00   constant   
  19  zeta_vw      0.00000e+00   constant   
  20  T_CBO        1.20695e+01   1.25828e+00  -2.22546e-05   6.98203e+00
  21  alpha_A0     1.30545e+04   2.08886e+04   5.12120e+02   1.39301e-05
  22  beta_A0      7.31269e+03   1.17026e+04   2.86916e+02  -6.79828e-06
  23  alpha_phi   -7.54797e+03   1.20779e+04  -2.96119e+02  -2.64447e-05
  24  beta_phi    -1.46423e+04   2.34350e+04  -5.74562e+02   2.77506e-05
 CALL LIMIT EXCEEDED IN MIGRAD.
 MIGRAD TERMINATED WITHOUT CONVERGENCE.
 FCN=58.1095 FROM MIGRAD    STATUS=CALL LIMIT   1151 CALLS        4395 TOTAL
                     EDM=0.00482217    STRATEGY= 1  ERROR MATRIX UNCERTAINTY  17.2 per cent
  EXT PARAMETER                APPROXIMATE        STEP         FIRST   
  NO.   NAME      VALUE            ERROR          SIZE      DERIVATIVE 
   1  N0           3.21114e+06     fixed    
   2  tau          6.44090e+01   constant   
   3  A0           3.65036e-01     fixed    
   4  phi          4.11813e+00     fixed    
   5  R           -6.00655e+01   constant   
   6  alpha_CBO   -1.73022e-03     fixed    
   7  w_CBO        2.32500e+00   constant   
   8  beta_CBO     1.73240e-03   2.43863e-04   1.43239e-05   3.10793e+02
   9  alpha_2CBO  -4.96649e-06   2.61789e-04   2.78768e-06   9.65246e+01
  10  beta_2CBO    3.38276e-04     fixed    
  11  alpha_y      0.00000e+00     fixed    
  12  w_y          1.38860e+01   constant   
  13  beta_y       2.08358e-04     fixed    
  14  alpha_vw     0.00000e+00     fixed    
  15  w_vw         1.43404e+01   constant   
  16  beta_vw      0.00000e+00     fixed    
  17  LM           2.36781e-04   constant   
  18  zeta_y       0.00000e+00   constant   
  19  zeta_vw      0.00000e+00   constant   
  20  T_CBO        8.39153e+00   1.13445e+00  -4.94486e-04  -4.92254e+01
  21  alpha_A0     1.52254e+07   3.84073e+07   1.78610e+06  -6.98216e-09
  22  beta_A0      5.05687e+06   1.27070e+07   5.90880e+05  -1.71187e-08
  23  alpha_phi   -7.23347e+06   1.82588e+07  -8.49050e+05  -3.18000e-08
  24  beta_phi    -6.09703e+06   1.53172e+07  -7.12208e+05   4.74624e-08
 EXTERNAL ERROR MATRIX.    NDIM=  25    NPAR=  7    ERR DEF=1
  5.947e-08 -4.295e-09 -1.430e-05  1.097e+03  3.627e+02 -5.213e+02 -4.371e+02 
 -4.295e-09  6.853e-08 -3.231e-06  3.221e+02  1.065e+02 -1.529e+02 -1.280e+02 
 -1.430e-05 -3.231e-06  1.287e+00 -4.289e+07 -1.419e+07  2.039e+07  1.711e+07 
  1.097e+03  3.221e+02 -4.289e+07  1.475e+15  4.880e+14 -7.013e+14 -5.883e+14 
  3.627e+02  1.065e+02 -1.419e+07  4.880e+14  1.615e+14 -2.320e+14 -1.946e+14 
 -5.213e+02 -1.529e+02  2.039e+07 -7.013e+14 -2.320e+14  3.334e+14  2.797e+14 
 -4.371e+02 -1.280e+02  1.711e+07 -5.883e+14 -1.946e+14  2.797e+14  2.346e+14 
ERR MATRIX APPROXIMATE
 PARAMETER  CORRELATION COEFFICIENTS  
       NO.  GLOBAL      8      9     20     21     22     23     24
        8  0.41595   1.000 -0.067 -0.052  0.117  0.117 -0.117 -0.117
        9  0.25874  -0.067  1.000 -0.011  0.032  0.032 -0.032 -0.032
       20  0.98713  -0.052 -0.011  1.000 -0.984 -0.984  0.984  0.984
       21  1.00000   0.117  0.032 -0.984  1.000  1.000 -1.000 -1.000
       22  1.00000   0.117  0.032 -0.984  1.000  1.000 -1.000 -1.000
       23  1.00000  -0.117 -0.032  0.984 -1.000 -1.000  1.000  1.000
       24  1.00000  -0.117 -0.032  0.984 -1.000 -1.000  1.000  1.000
 ERR MATRIX APPROXIMATE
MINUIT - FIT wiggle + 1-CBO + 2-CBO
 **********
 **   42 **RES 
 **********
                   PARAMETER   16  beta_vw RESTORED TO VARIABLE.
                   PARAMETER   14  alpha_vw RESTORED TO VARIABLE.
                   PARAMETER   13  beta_y RESTORED TO VARIABLE.
                   PARAMETER   11  alpha_y RESTORED TO VARIABLE.
                   PARAMETER   10  beta_2CBO RESTORED TO VARIABLE.
                   PARAMETER    6  alpha_CBO RESTORED TO VARIABLE.
                   PARAMETER    4  phi RESTORED TO VARIABLE.
                   PARAMETER    3  A0 RESTORED TO VARIABLE.
                   PARAMETER    1  N0 RESTORED TO VARIABLE.
 **********
 **   43 **FIX           10
 **********
 **********
 **   44 **FIX           11
 **********
 **********
 **   45 **FIX           12
 **********
 PARAMETER   12  IS CONSTANT.   IGNORED.
 **********
 **   46 **FIX           13
 **********
 **********
 **   47 **FIX           14
 **********
 **********
 **   48 **FIX           15
 **********
 PARAMETER   15  IS CONSTANT.   IGNORED.
 **********
 **   49 **FIX           16
 **********
 **********
 **   50 **MIGRAD
 **********
 START MIGRAD MINIMIZATION.  STRATEGY  1.  CONVERGENCE WHEN EDM .LT. 1.00e-04
 FCN=58.1092 FROM MIGRAD    STATUS=INITIATE       80 CALLS        4475 TOTAL
                     EDM= unknown      STRATEGY= 1      NO ERROR MATRIX       
  EXT PARAMETER               CURRENT GUESS       STEP         FIRST   
  NO.   NAME      VALUE            ERROR          SIZE      DERIVATIVE 
   1  N0           3.21114e+06   6.29248e+02   0.00000e+00  -1.22952e-04
   2  tau          6.44090e+01   constant   
   3  A0           3.65036e-01   2.31321e-04   0.00000e+00   9.98500e+03
   4  phi          4.11813e+00   7.17837e-04   0.00000e+00  -5.12850e+02
   5  R           -6.00655e+01   constant   
   6  alpha_CBO   -1.73022e-03   2.70219e-04   0.00000e+00  -1.36289e+03
   7  w_CBO        2.32500e+00   constant   
   8  beta_CBO     1.73240e-03   2.43863e-04   0.00000e+00   3.08879e+02
   9  alpha_2CBO  -4.96649e-06   2.61789e-04   0.00000e+00   8.91200e+01
  10  beta_2CBO    3.38276e-04     fixed    
  11  alpha_y      0.00000e+00     fixed    
  12  w_y          1.38860e+01   constant   
  13  beta_y       2.08358e-04     fixed    
  14  alpha_vw     0.00000e+00     fixed    
  15  w_vw         1.43404e+01   constant   
  16  beta_vw      0.00000e+00     fixed    
  17  LM           2.36781e-04   constant   
  18  zeta_y       0.00000e+00   constant   
  19  zeta_vw      0.00000e+00   constant   
  20  T_CBO        8.39153e+00   1.13445e+00   0.00000e+00  -4.22887e+01
  21  alpha_A0     1.52689e+07   3.84073e+07   2.17457e+04  -5.23799e-09
  22  beta_A0      5.05687e+06   1.27070e+07   0.00000e+00  -1.73109e-08
  23  alpha_phi   -7.23347e+06   1.82588e+07   0.00000e+00  -3.20342e-08
  24  beta_phi    -6.09703e+06   1.53172e+07   0.00000e+00   4.72983e-08
 CALL LIMIT EXCEEDED IN MIGRAD.
 MIGRAD TERMINATED WITHOUT CONVERGENCE.
 FCN=55.9362 FROM MIGRAD    STATUS=CALL LIMIT   1919 CALLS        6314 TOTAL
                     EDM=0.0133638    STRATEGY= 1  ERROR MATRIX UNCERTAINTY  23.9 per cent
  EXT PARAMETER                APPROXIMATE        STEP         FIRST   
  NO.   NAME      VALUE            ERROR          SIZE      DERIVATIVE 
   1  N0           3.21103e+06   5.98187e+02  -3.65672e+01  -1.48258e-04
   2  tau          6.44090e+01   constant   
   3  A0           3.64710e-01   2.42548e-04   9.31971e-07   1.04750e+02
   4  phi          4.11826e+00   6.90336e-04   3.38128e-05   1.03765e+02
   5  R           -6.00655e+01   constant   
   6  alpha_CBO   -1.71103e-03   2.71563e-04   8.63532e-07  -9.10361e+01
   7  w_CBO        2.32500e+00   constant   
   8  beta_CBO     1.78920e-03   2.75351e-04   1.59477e-06   4.13275e+01
   9  alpha_2CBO  -2.00795e-05   2.61416e-04  -8.62663e-06  -2.31290e+02
  10  beta_2CBO    3.38276e-04     fixed    
  11  alpha_y      0.00000e+00     fixed    
  12  w_y          1.38860e+01   constant   
  13  beta_y       2.08358e-04     fixed    
  14  alpha_vw     0.00000e+00     fixed    
  15  w_vw         1.43404e+01   constant   
  16  beta_vw      0.00000e+00     fixed    
  17  LM           2.36781e-04   constant   
  18  zeta_y       0.00000e+00   constant   
  19  zeta_vw      0.00000e+00   constant   
  20  T_CBO        6.17802e+00   6.40084e-01  -4.27458e-04  -2.09565e+01
  21  alpha_A0     5.46649e+10   1.43482e+11   8.87730e+09   3.54098e-12
  22  beta_A0      1.49434e+10   3.90642e+10   2.41650e+09   7.94456e-12
  23  alpha_phi   -2.80329e+10   7.34100e+10  -4.54159e+09  -7.13857e-12
  24  beta_phi    -2.32405e+10   6.08825e+10  -3.76690e+09   2.74083e-11
 EXTERNAL ERROR MATRIX.    NDIM=  25    NPAR= 11    ERR DEF=1
  3.578e+05 
  2.797e-02  5.883e-08 
 -5.197e-03  6.779e-09  4.766e-07 
 -4.816e-04  6.053e-09  3.885e-08  7.375e-08 
 -1.401e-03 -1.102e-08  2.042e-09  1.446e-09  7.582e-08 
 -1.087e-02  1.579e-09  9.736e-09 -1.744e-09 -1.198e-09  6.834e-08 
  8.836e+01  1.983e-06 -8.144e-05 -3.548e-06 -5.583e-06  1.956e-05  4.097e-01 
 -1.868e+13 -1.130e+06  1.839e+07  7.175e+04  1.219e+06 -4.348e+06 -9.091e+10  2.059e+22 
 -5.085e+12 -3.072e+05  5.006e+06  1.987e+04  3.318e+05 -1.184e+06 -2.475e+10  5.605e+21  1.526e+21 
  9.557e+12  5.785e+05 -9.406e+06 -3.613e+04 -6.236e+05  2.225e+06  4.651e+10 -1.053e+22 -2.868e+21  5.389e+21 
  7.926e+12  4.797e+05 -7.801e+06 -3.035e+04 -5.168e+05  1.845e+06  3.857e+10 -8.736e+21 -2.378e+21  4.469e+21  3.707e+21 
ERR MATRIX APPROXIMATE
 PARAMETER  CORRELATION COEFFICIENTS  
       NO.  GLOBAL      1      3      4      6      8      9     20     21     22     23     24
        1  0.37006   1.000  0.193 -0.013 -0.003 -0.009 -0.069  0.231 -0.218 -0.218  0.218  0.218
        3  0.39585   0.193  1.000  0.040  0.092 -0.165  0.025  0.013 -0.032 -0.032  0.032  0.032
        4  0.31379  -0.013  0.040  1.000  0.207  0.011  0.054 -0.184  0.186  0.186 -0.186 -0.186
        6  0.38144  -0.003  0.092  0.207  1.000  0.019 -0.025 -0.020  0.002  0.002 -0.002 -0.002
        8  0.23602  -0.009 -0.165  0.011  0.019  1.000 -0.017 -0.032  0.031  0.031 -0.031 -0.031
        9  0.25180  -0.069  0.025  0.054 -0.025 -0.017  1.000  0.117 -0.116 -0.116  0.116  0.116
       20  0.99422   0.231  0.013 -0.184 -0.020 -0.032  0.117  1.000 -0.990 -0.990  0.990  0.990
       21  1.00000  -0.218 -0.032  0.186  0.002  0.031 -0.116 -0.990  1.000  1.000 -1.000 -1.000
       22  1.00000  -0.218 -0.032  0.186  0.002  0.031 -0.116 -0.990  1.000  1.000 -1.000 -1.000
       23  1.00000   0.218  0.032 -0.186 -0.002 -0.031  0.116  0.990 -1.000 -1.000  1.000  1.000
       24  1.00000   0.218  0.032 -0.186 -0.002 -0.031  0.116  0.990 -1.000 -1.000  1.000  1.000
 ERR MATRIX APPROXIMATE
MINUIT - FIT ONLY 1-y
 **********
 **   51 **RES 
 **********
                   PARAMETER   16  beta_vw RESTORED TO VARIABLE.
                   PARAMETER   14  alpha_vw RESTORED TO VARIABLE.
                   PARAMETER   13  beta_y RESTORED TO VARIABLE.
                   PARAMETER   11  alpha_y RESTORED TO VARIABLE.
                   PARAMETER   10  beta_2CBO RESTORED TO VARIABLE.
 **********
 **   52 **FIX            0
 **********
 PARAMETER    0  IS UNDEFINED. IGNORED.
 **********
 **   53 **FIX            1
 **********
 **********
 **   54 **FIX            2
 **********
 PARAMETER    2  IS CONSTANT.   IGNORED.
 **********
 **   55 **FIX            3
 **********
 **********
 **   56 **FIX            4
 **********
 **********
 **   57 **FIX            5
 **********
 PARAMETER    5  IS CONSTANT.   IGNORED.
 **********
 **   58 **FIX            6
 **********
 **********
 **   59 **FIX            7
 **********
 PARAMETER    7  IS CONSTANT.   IGNORED.
 **********
 **   60 **FIX            8
 **********
 **********
 **   61 **FIX            9
 **********
 **********
 **   62 **FIX           13
 **********
 **********
 **   63 **FIX           14
 **********
 **********
 **   64 **FIX           15
 **********
 PARAMETER   15  IS CONSTANT.   IGNORED.
 **********
 **   65 **FIX           16
 **********
 **********
 **   66 **MIGRAD
 **********
 START MIGRAD MINIMIZATION.  STRATEGY  1.  CONVERGENCE WHEN EDM .LT. 1.00e-04
 FCN=55.9358 FROM MIGRAD    STATUS=INITIATE       58 CALLS        6372 TOTAL
                     EDM= unknown      STRATEGY= 1      NO ERROR MATRIX       
  EXT PARAMETER               CURRENT GUESS       STEP         FIRST   
  NO.   NAME      VALUE            ERROR          SIZE      DERIVATIVE 
   1  N0           3.21103e+06     fixed    
   2  tau          6.44090e+01   constant   
   3  A0           3.64710e-01     fixed    
   4  phi          4.11826e+00     fixed    
   5  R           -6.00655e+01   constant   
   6  alpha_CBO   -1.71103e-03     fixed    
   7  w_CBO        2.32500e+00   constant   
   8  beta_CBO     1.78920e-03     fixed    
   9  alpha_2CBO  -2.00795e-05     fixed    
  10  beta_2CBO    3.38276e-04   2.63735e-04   0.00000e+00  -2.36574e+03
  11  alpha_y      0.00000e+00   1.00000e-03   0.00000e+00  -1.30986e+04
  12  w_y          1.38860e+01   constant   
  13  beta_y       2.08358e-04     fixed    
  14  alpha_vw     0.00000e+00     fixed    
  15  w_vw         1.43404e+01   constant   
  16  beta_vw      0.00000e+00     fixed    
  17  LM           2.36781e-04   constant   
  18  zeta_y       0.00000e+00   constant   
  19  zeta_vw      0.00000e+00   constant   
  20  T_CBO        6.17802e+00   6.40084e-01   0.00000e+00  -2.13172e+01
  21  alpha_A0     5.46649e+10   1.43482e+11   0.00000e+00   3.53600e-12
  22  beta_A0      1.49434e+10   3.90642e+10   0.00000e+00   7.94132e-12
  23  alpha_phi   -2.80195e+10   7.34100e+10   0.00000e+00  -7.09617e-12
  24  beta_phi    -2.32515e+10   6.08825e+10  -1.10819e+07   2.73671e-11
 CALL LIMIT EXCEEDED IN MIGRAD.
 MIGRAD TERMINATED WITHOUT CONVERGENCE.
 FCN=52.3845 FROM MIGRAD    STATUS=CALL LIMIT   1162 CALLS        7476 TOTAL
                     EDM=0.00593997    STRATEGY= 1  ERROR MATRIX UNCERTAINTY  30.7 per cent
  EXT PARAMETER                APPROXIMATE        STEP         FIRST   
  NO.   NAME      VALUE            ERROR          SIZE      DERIVATIVE 
   1  N0           3.21103e+06     fixed    
   2  tau          6.44090e+01   constant   
   3  A0           3.64710e-01     fixed    
   4  phi          4.11826e+00     fixed    
   5  R           -6.00655e+01   constant   
   6  alpha_CBO   -1.71103e-03     fixed    
   7  w_CBO        2.32500e+00   constant   
   8  beta_CBO     1.78920e-03     fixed    
   9  alpha_2CBO  -2.00795e-05     fixed    
  10  beta_2CBO    4.08226e-04   2.69838e-04  -7.49768e-06  -1.37174e+02
  11  alpha_y      4.63274e-04   2.55220e-04   1.01363e-05   2.03597e+02
  12  w_y          1.38860e+01   constant   
  13  beta_y       2.08358e-04     fixed    
  14  alpha_vw     0.00000e+00     fixed    
  15  w_vw         1.43404e+01   constant   
  16  beta_vw      0.00000e+00     fixed    
  17  LM           2.36781e-04   constant   
  18  zeta_y       0.00000e+00   constant   
  19  zeta_vw      0.00000e+00   constant   
  20  T_CBO        5.31111e+00   3.28610e-01  -2.96926e-04  -1.06622e+02
  21  alpha_A0     7.66446e+12   1.48735e+13   9.31307e+11  -4.24945e-14
  22  beta_A0      1.48361e+12   2.23658e+12   1.40133e+11  -9.91279e-15
  23  alpha_phi   -3.80870e+12   7.17887e+12  -4.50191e+11   1.83788e-14
  24  beta_phi    -4.98811e+12   9.32334e+12  -5.85382e+11  -2.52734e-14
 EXTERNAL ERROR MATRIX.    NDIM=  25    NPAR=  7    ERR DEF=1
  7.281e-08  3.363e-09  2.213e-05 -1.077e+09 -1.319e+08  5.061e+08  6.610e+08 
  3.363e-09  6.514e-08 -2.662e-05  1.339e+09  1.893e+08 -6.397e+08 -8.324e+08 
  2.213e-05 -2.662e-05  1.080e-01 -4.852e+12 -7.242e+11  2.343e+12  3.045e+12 
 -1.077e+09  1.339e+09 -4.852e+12  2.212e+26  3.274e+25 -1.066e+26 -1.386e+26 
 -1.319e+08  1.893e+08 -7.242e+11  3.274e+25  5.002e+24 -1.580e+25 -2.057e+25 
  5.061e+08 -6.397e+08  2.343e+12 -1.066e+26 -1.580e+25  5.154e+25  6.690e+25 
  6.610e+08 -8.324e+08  3.045e+12 -1.386e+26 -2.057e+25  6.690e+25  8.692e+25 
ERR MATRIX APPROXIMATE
 PARAMETER  CORRELATION COEFFICIENTS  
       NO.  GLOBAL     10     11     20     21     22     23     24
       10  0.43216   1.000  0.049  0.250 -0.268 -0.218  0.261  0.263
       11  0.48510   0.049  1.000 -0.317  0.353  0.332 -0.349 -0.350
       20  0.99514   0.250 -0.317  1.000 -0.993 -0.985  0.993  0.994
       21  0.99993  -0.268  0.353 -0.993  1.000  0.984 -0.999 -1.000
       22  0.99616  -0.218  0.332 -0.985  0.984  1.000 -0.984 -0.986
       23  0.99991   0.261 -0.349  0.993 -0.999 -0.984  1.000  1.000
       24  0.99998   0.263 -0.350  0.994 -1.000 -0.986  1.000  1.000
 ERR MATRIX APPROXIMATE
MINUIT - FIT ONLY 2-y
 **********
 **   67 **RES 
 **********
                   PARAMETER   16  beta_vw RESTORED TO VARIABLE.
                   PARAMETER   14  alpha_vw RESTORED TO VARIABLE.
                   PARAMETER   13  beta_y RESTORED TO VARIABLE.
                   PARAMETER    9  alpha_2CBO RESTORED TO VARIABLE.
                   PARAMETER    8  beta_CBO RESTORED TO VARIABLE.
                   PARAMETER    6  alpha_CBO RESTORED TO VARIABLE.
                   PARAMETER    4  phi RESTORED TO VARIABLE.
                   PARAMETER    3  A0 RESTORED TO VARIABLE.
                   PARAMETER    1  N0 RESTORED TO VARIABLE.
 **********
 **   68 **FIX            0
 **********
 PARAMETER    0  IS UNDEFINED. IGNORED.
 **********
 **   69 **FIX            1
 **********
 **********
 **   70 **FIX            2
 **********
 PARAMETER    2  IS CONSTANT.   IGNORED.
 **********
 **   71 **FIX            3
 **********
 **********
 **   72 **FIX            4
 **********
 **********
 **   73 **FIX            5
 **********
 PARAMETER    5  IS CONSTANT.   IGNORED.
 **********
 **   74 **FIX            6
 **********
 **********
 **   75 **FIX            7
 **********
 PARAMETER    7  IS CONSTANT.   IGNORED.
 **********
 **   76 **FIX            8
 **********
 **********
 **   77 **FIX            9
 **********
 **********
 **   78 **FIX           10
 **********
 **********
 **   79 **FIX           11
 **********
 **********
 **   80 **FIX           12
 **********
 PARAMETER   12  IS CONSTANT.   IGNORED.
 **********
 **   81 **FIX           16
 **********
 **********
 **   82 **MIGRAD
 **********
 START MIGRAD MINIMIZATION.  STRATEGY  1.  CONVERGENCE WHEN EDM .LT. 1.00e-04
 FCN=52.3834 FROM MIGRAD    STATUS=INITIATE      205 CALLS        7681 TOTAL
                     EDM= unknown      STRATEGY= 1      NO ERROR MATRIX       
  EXT PARAMETER               CURRENT GUESS       STEP         FIRST   
  NO.   NAME      VALUE            ERROR          SIZE      DERIVATIVE 
   1  N0           3.21103e+06     fixed    
   2  tau          6.44090e+01   constant   
   3  A0           3.64710e-01     fixed    
   4  phi          4.11826e+00     fixed    
   5  R           -6.00655e+01   constant   
   6  alpha_CBO   -1.71103e-03     fixed    
   7  w_CBO        2.32500e+00   constant   
   8  beta_CBO     1.78920e-03     fixed    
   9  alpha_2CBO  -2.00795e-05     fixed    
  10  beta_2CBO    4.08226e-04     fixed    
  11  alpha_y      4.63274e-04     fixed    
  12  w_y          1.38860e+01   constant   
  13  beta_y       2.08358e-04   2.66214e-04   0.00000e+00   5.56206e+02
  14  alpha_vw     0.00000e+00   1.00000e-03   0.00000e+00   1.45301e+03
  15  w_vw         1.43404e+01   constant   
  16  beta_vw      0.00000e+00     fixed    
  17  LM           2.36781e-04   constant   
  18  zeta_y       0.00000e+00   constant   
  19  zeta_vw      0.00000e+00   constant   
  20  T_CBO        5.31111e+00   3.28610e-01   0.00000e+00  -8.73752e+01
  21  alpha_A0     7.69008e+12   1.48735e+13   0.00000e+00  -3.81032e-14
  22  beta_A0      1.48361e+12   2.23658e+12   0.00000e+00  -1.05750e-14
  23  alpha_phi   -3.81233e+12   7.17887e+12  -1.81699e+09   1.69485e-14
  24  beta_phi    -4.98811e+12   9.32334e+12   0.00000e+00  -2.57381e-14
 MIGRAD MINIMIZATION HAS CONVERGED.
 MIGRAD WILL VERIFY CONVERGENCE AND ERROR MATRIX.
 COVARIANCE MATRIX CALCULATED SUCCESSFULLY
 FCN=52.3393 FROM MIGRAD    STATUS=CONVERGED     335 CALLS        7811 TOTAL
                     EDM=5.33825e-07    STRATEGY= 1      ERROR MATRIX ACCURATE 
  EXT PARAMETER                                   STEP         FIRST   
  NO.   NAME      VALUE            ERROR          SIZE      DERIVATIVE 
   1  N0           3.21103e+06     fixed    
   2  tau          6.44090e+01   constant   
   3  A0           3.64710e-01     fixed    
   4  phi          4.11826e+00     fixed    
   5  R           -6.00655e+01   constant   
   6  alpha_CBO   -1.71103e-03     fixed    
   7  w_CBO        2.32500e+00   constant   
   8  beta_CBO     1.78920e-03     fixed    
   9  alpha_2CBO  -2.00795e-05     fixed    
  10  beta_2CBO    4.08226e-04     fixed    
  11  alpha_y      4.63274e-04     fixed    
  12  w_y          1.38860e+01   constant   
  13  beta_y       1.98936e-04   2.71864e-04   9.48797e-07   3.79997e-02
  14  alpha_vw    -4.86797e-05   2.69775e-04   9.41508e-07   5.25504e-01
  15  w_vw         1.43404e+01   constant   
  16  beta_vw      0.00000e+00     fixed    
  17  LM           2.36781e-04   constant   
  18  zeta_y       0.00000e+00   constant   
  19  zeta_vw      0.00000e+00   constant   
  20  T_CBO        5.31463e+00   4.65893e-02   2.29253e-06   1.59764e+00
  21  alpha_A0     7.71387e+12   1.41421e+00   3.67826e+06  -5.69336e-15
  22  beta_A0      1.48738e+12   1.41421e+00   7.09240e+05  -8.77115e-15
  23  alpha_phi   -3.78682e+12   1.41421e+00   1.80570e+06   1.30078e-15
  24  beta_phi    -4.70751e+12   1.41421e+00   2.24472e+06  -1.37287e-16
 EXTERNAL ERROR MATRIX.    NDIM=  25    NPAR=  7    ERR DEF=1
  7.391e-08 -1.507e-08  3.227e-08  1.870e-18 -3.536e-18  1.034e-18  1.049e-18 
 -1.507e-08  7.278e-08 -1.160e-09 -1.563e-18  5.683e-18 -9.499e-19  3.210e-20 
  3.227e-08 -1.160e-09  2.171e-03 -2.240e-14  3.902e-16  1.395e-14  1.575e-14 
  1.870e-18 -1.563e-18 -2.240e-14  2.000e+00  4.619e-23  1.791e-25  4.244e-25 
 -3.536e-18  5.683e-18  3.902e-16  4.619e-23  2.000e+00  3.109e-24  3.413e-24 
  1.034e-18 -9.499e-19  1.395e-14  1.791e-25  3.109e-24  2.000e+00  1.777e-24 
  1.049e-18  3.210e-20  1.575e-14  4.244e-25  3.413e-24  1.777e-24  2.000e+00 
 PARAMETER  CORRELATION COEFFICIENTS  
       NO.  GLOBAL     13     14     20     21     22     23     24
       13  0.20553   1.000 -0.206  0.003  0.000 -0.000  0.000  0.000
       14  0.20551  -0.206  1.000 -0.000 -0.000  0.000 -0.000  0.000
       20  0.00259   0.003 -0.000  1.000 -0.000  0.000  0.000  0.000
       21  0.00000   0.000 -0.000 -0.000  1.000  0.000  0.000  0.000
       22  0.00000  -0.000  0.000  0.000  0.000  1.000  0.000  0.000
       23  0.00000   0.000 -0.000  0.000  0.000  0.000  1.000  0.000
