 + ++++++++++++++++++++++++++++++++++++++++++++++++++++++++++++++++++++ +
 +                                                                      +
 +           You have chose to blind your fitting according to          +
 +                omega_ref * (1 + (R +/- deltaR) *10^{-6})             +
 +                                                                      +
 + ++++++++++++++++++++++++++++++++++++++++++++++++++++++++++++++++++++ +
In main()...
reading format from /gm2data/zkhechad/run45/envelope/formats/formatB_sBin_constraintOn.txt
pBinTau 	= 0  
pBinPhi 	= 0  
constraintau 	= 1 
includeMopTerm 	= 0    
constrainMop    = 0   
Parameters after format file: pBinTau 0 pBinPhi 0 constraintau 1 includeMopTerm 0 constrainMop 0 c_e_scale 0.000000 
Opening file /gm2data/tbarrett/gm2fr/studies/run23_bunch_corrections/CorrectedFourier_Run3b.root.
reading full fit data from /gm2data/zkhechad/cboTemplates/Run4CBOTemplates/fullFits/noRF/sBin_constraintOn_cE0.0_seed0_noRF_calo5.root
windowBins = 69
fitting sliding window 350 from bin 486 at 72.362000 to bin 555 at 82.806000 (69 bins)

Reading data from /gm2data/cornell/histograms/aMethod/histogram_a_noRF.root
 **********
 **    1 **SET PRINTOUT            1
 **********
 **********
 **    2 **SET NOWARNINGS 
 **********
 PARAMETER DEFINITIONS:
    NO.   NAME         VALUE      STEP SIZE      LIMITS
     1 N0           2.79633e+06  1.00000e+02     no limits
     2 tau          6.44140e+01  constant
     3 A0           3.58434e-01  1.00000e-04     no limits
     4 phi          4.11632e+00  1.00000e-02     no limits
     5 R           -6.26390e+01  constant
     6 alpha_CBO    0.00000e+00  1.00000e-03     no limits
     7 w_CBO        2.32500e+00  constant
     8 beta_CBO     0.00000e+00  1.00000e-03     no limits
     9 alpha_2CBO   0.00000e+00  1.00000e-03     no limits
    10 beta_2CBO    0.00000e+00  1.00000e-03     no limits
    11 alpha_y      0.00000e+00  1.00000e-03     no limits
    12 w_y          1.38860e+01  constant
    13 beta_y       0.00000e+00  1.00000e-03     no limits
    14 alpha_vw     0.00000e+00  1.00000e-03     no limits
    15 w_vw         1.43404e+01  constant
    16 beta_vw      0.00000e+00  1.00000e-03     no limits
    17 LM           3.79801e-04  constant
    18 zeta_y       0.00000e+00  constant
    19 zeta_vw      0.00000e+00  constant
    20 T_CBO        1.00000e+02  1.00000e+00    0.00000e+00  1.00000e+03
    21 alpha_A0     0.00000e+00  1.00000e-03     no limits
    22 beta_A0      0.00000e+00  1.00000e-03     no limits
    23 alpha_phi    0.00000e+00  1.00000e-03     no limits
    24 beta_phi     0.00000e+00  1.00000e-03     no limits
MINUIT - FIT ONLY WIGGLE
 **********
 **    3 **FIX            5
 **********
 PARAMETER    5  IS CONSTANT.   IGNORED.
 **********
 **    4 **FIX            6
 **********
 **********
 **    5 **FIX            7
 **********
 PARAMETER    7  IS CONSTANT.   IGNORED.
 **********
 **    6 **FIX            8
 **********
 **********
 **    7 **FIX            9
 **********
 **********
 **    8 **FIX           10
 **********
 **********
 **    9 **FIX           11
 **********
 **********
 **   10 **FIX           12
 **********
 PARAMETER   12  IS CONSTANT.   IGNORED.
 **********
 **   11 **FIX           13
 **********
 **********
 **   12 **FIX           14
 **********
 **********
 **   13 **FIX           15
 **********
 PARAMETER   15  IS CONSTANT.   IGNORED.
 **********
 **   14 **FIX           16
 **********
 **********
 **   15 **MIGRAD
 **********
 FIRST CALL TO USER FUNCTION AT NEW START POINT, WITH IFLAG=4.
 START MIGRAD MINIMIZATION.  STRATEGY  1.  CONVERGENCE WHEN EDM .LT. 1.00e-04
 FCN=3433.86 FROM MIGRAD    STATUS=INITIATE      427 CALLS         428 TOTAL
                     EDM= unknown      STRATEGY= 1      NO ERROR MATRIX       
  EXT PARAMETER               CURRENT GUESS       STEP         FIRST   
  NO.   NAME      VALUE            ERROR          SIZE      DERIVATIVE 
   1  N0           2.79633e+06   1.00000e+02   0.00000e+00   5.84580e-02
   2  tau          6.44140e+01   constant   
   3  A0           3.58434e-01   1.00000e-04   0.00000e+00   1.36050e+05
   4  phi          4.11632e+00   1.00000e-02   0.00000e+00   3.43931e+04
   5  R           -6.26390e+01   constant   
   6  alpha_CBO    0.00000e+00     fixed    
   7  w_CBO        2.32500e+00   constant   
   8  beta_CBO     0.00000e+00     fixed    
   9  alpha_2CBO   0.00000e+00     fixed    
  10  beta_2CBO    0.00000e+00     fixed    
  11  alpha_y      0.00000e+00     fixed    
  12  w_y          1.38860e+01   constant   
  13  beta_y       0.00000e+00     fixed    
  14  alpha_vw     0.00000e+00     fixed    
  15  w_vw         1.43404e+01   constant   
  16  beta_vw      0.00000e+00     fixed    
  17  LM           3.79801e-04   constant   
  18  zeta_y       0.00000e+00   constant   
  19  zeta_vw      0.00000e+00   constant   
  20  T_CBO        1.00000e+02   1.00000e+00   0.00000e+00   0.00000e+00
  21  alpha_A0     0.00000e+00   1.00000e-03   0.00000e+00  -3.79867e+03
  22  beta_A0      0.00000e+00   1.00000e-03   0.00000e+00   1.32652e+04
  23  alpha_phi    0.00000e+00   1.00000e-03   0.00000e+00  -1.21853e+04
  24  beta_phi     0.00000e+00   1.00000e-03   0.00000e+00   2.86589e+04
 CALL LIMIT EXCEEDED IN MIGRAD.
 MIGRAD TERMINATED WITHOUT CONVERGENCE.
 FCN=3080.61 FROM MIGRAD    STATUS=CALL LIMIT   1324 CALLS        1325 TOTAL
                     EDM=0.598701    STRATEGY= 1  ERROR MATRIX UNCERTAINTY   3.2 per cent
  EXT PARAMETER                APPROXIMATE        STEP         FIRST   
  NO.   NAME      VALUE            ERROR          SIZE      DERIVATIVE 
   1  N0           2.79553e+06   2.17393e+02  -3.60677e+01   1.66895e-03
   2  tau          6.44140e+01   constant   
   3  A0           3.57527e-01   1.04962e-04  -3.05184e-06  -3.90099e+03
   4  phi          4.11454e+00   3.07420e-04  -2.38444e-05   2.82742e+02
   5  R           -6.26390e+01   constant   
   6  alpha_CBO    0.00000e+00     fixed    
   7  w_CBO        2.32500e+00   constant   
   8  beta_CBO     0.00000e+00     fixed    
   9  alpha_2CBO   0.00000e+00     fixed    
  10  beta_2CBO    0.00000e+00     fixed    
  11  alpha_y      0.00000e+00     fixed    
  12  w_y          1.38860e+01   constant   
  13  beta_y       0.00000e+00     fixed    
  14  alpha_vw     0.00000e+00     fixed    
  15  w_vw         1.43404e+01   constant   
  16  beta_vw      0.00000e+00     fixed    
  17  LM           3.79801e-04   constant   
  18  zeta_y       0.00000e+00   constant   
  19  zeta_vw      0.00000e+00   constant   
  20  T_CBO        1.33782e+01   7.02719e-01  -4.75494e-03  -9.53829e+02
  21  alpha_A0     1.68015e-01   4.06975e-02   3.00295e-02   2.28118e+00
  22  beta_A0     -8.53306e-01   2.09969e-01  -1.54948e-01   6.83252e+00
  23  alpha_phi    6.28433e-01   1.55050e-01   1.14497e-01  -1.67493e+01
  24  beta_phi    -1.55727e+00   3.78159e-01  -2.79234e-01   5.83804e+00
 EXTERNAL ERROR MATRIX.    NDIM=  25    NPAR=  8    ERR DEF=1
  4.726e+04 -8.593e-04 -7.091e-03  1.405e-01  2.820e-01 -1.339e+00  8.982e-01 -2.346e+00 
 -8.593e-04  1.102e-08  1.199e-10  6.461e-06 -5.846e-07  3.015e-06 -2.194e-06  5.400e-06 
 -7.091e-03  1.199e-10  9.451e-08 -8.233e-06  2.936e-07 -1.662e-06  1.200e-06 -2.896e-06 
  1.405e-01  6.461e-06 -8.233e-06  4.938e-01 -2.827e-02  1.459e-01 -1.077e-01  2.628e-01 
  2.820e-01 -5.846e-07  2.936e-07 -2.827e-02  1.656e-03 -8.542e-03  6.307e-03 -1.538e-02 
 -1.339e+00  3.015e-06 -1.662e-06  1.459e-01 -8.542e-03  4.409e-02 -3.255e-02  7.940e-02 
  8.982e-01 -2.194e-06  1.200e-06 -1.077e-01  6.307e-03 -3.255e-02  2.404e-02 -5.863e-02 
 -2.346e+00  5.400e-06 -2.896e-06  2.628e-01 -1.538e-02  7.940e-02 -5.863e-02  1.430e-01 
ERR MATRIX APPROXIMATE
 PARAMETER  CORRELATION COEFFICIENTS  
       NO.  GLOBAL      1      3      4     20     21     22     23     24
        1  0.34433   1.000 -0.038 -0.106  0.001  0.032 -0.029  0.027 -0.029
        3  0.39204  -0.038  1.000  0.004  0.088 -0.137  0.137 -0.135  0.136
        4  0.20098  -0.106  0.004  1.000 -0.038  0.023 -0.026  0.025 -0.025
       20  0.99068   0.001  0.088 -0.038  1.000 -0.989  0.989 -0.989  0.989
       21  0.99962   0.032 -0.137  0.023 -0.989  1.000 -1.000  1.000 -1.000
       22  0.99998  -0.029  0.137 -0.026  0.989 -1.000  1.000 -1.000  1.000
       23  0.99996   0.027 -0.135  0.025 -0.989  1.000 -1.000  1.000 -1.000
       24  0.99998  -0.029  0.136 -0.025  0.989 -1.000  1.000 -1.000  1.000
 ERR MATRIX APPROXIMATE
MINUIT - FIT ONLY 1-CBO + wiggle
 **********
 **   16 **RES 
 **********
                   PARAMETER   16  beta_vw RESTORED TO VARIABLE.
                   PARAMETER   14  alpha_vw RESTORED TO VARIABLE.
                   PARAMETER   13  beta_y RESTORED TO VARIABLE.
                   PARAMETER   11  alpha_y RESTORED TO VARIABLE.
                   PARAMETER   10  beta_2CBO RESTORED TO VARIABLE.
                   PARAMETER    9  alpha_2CBO RESTORED TO VARIABLE.
                   PARAMETER    8  beta_CBO RESTORED TO VARIABLE.
                   PARAMETER    6  alpha_CBO RESTORED TO VARIABLE.
 **********
 **   17 **FIX            8
 **********
 **********
 **   18 **FIX            9
 **********
 **********
 **   19 **FIX           11
 **********
 **********
 **   20 **FIX           12
 **********
 PARAMETER   12  IS CONSTANT.   IGNORED.
 **********
 **   21 **FIX           14
 **********
 **********
 **   22 **FIX           15
 **********
 PARAMETER   15  IS CONSTANT.   IGNORED.
 **********
 **   23 **FIX           16
 **********
 **********
 **   24 **MIGRAD
 **********
 START MIGRAD MINIMIZATION.  STRATEGY  1.  CONVERGENCE WHEN EDM .LT. 1.00e-04
 FCN=3080.61 FROM MIGRAD    STATUS=INITIATE       28 CALLS        1353 TOTAL
                     EDM= unknown      STRATEGY= 1      NO ERROR MATRIX       
  EXT PARAMETER               CURRENT GUESS       STEP         FIRST   
  NO.   NAME      VALUE            ERROR          SIZE      DERIVATIVE 
   1  N0           2.79553e+06   2.17393e+02  -3.60677e+01   1.66895e-03
   2  tau          6.44140e+01   constant   
   3  A0           3.57527e-01   1.04962e-04  -3.05184e-06  -3.90099e+03
   4  phi          4.11454e+00   3.07420e-04  -2.38444e-05   2.82742e+02
   5  R           -6.26390e+01   constant   
   6  alpha_CBO    0.00000e+00   1.00000e-03   1.00000e-03   2.59730e+05
   7  w_CBO        2.32500e+00   constant   
   8  beta_CBO     0.00000e+00     fixed    
   9  alpha_2CBO   0.00000e+00     fixed    
  10  beta_2CBO    0.00000e+00   1.00000e-03   1.00000e-03   1.20166e+05
  11  alpha_y      0.00000e+00     fixed    
  12  w_y          1.38860e+01   constant   
  13  beta_y       0.00000e+00   1.00000e-03   1.00000e-03  -3.83449e+05
  14  alpha_vw     0.00000e+00     fixed    
  15  w_vw         1.43404e+01   constant   
  16  beta_vw      0.00000e+00     fixed    
  17  LM           3.79801e-04   constant   
  18  zeta_y       0.00000e+00   constant   
  19  zeta_vw      0.00000e+00   constant   
  20  T_CBO        1.33782e+01   7.02719e-01  -4.75494e-03  -9.53830e+02
  21  alpha_A0     1.68015e-01   4.06975e-02   3.00295e-02   2.28118e+00
  22  beta_A0     -8.53306e-01   2.09969e-01  -1.54948e-01   6.83252e+00
  23  alpha_phi    6.28433e-01   1.55050e-01   1.14497e-01  -1.67493e+01
  24  beta_phi    -1.55727e+00   3.78159e-01  -2.79234e-01   5.83804e+00
 CALL LIMIT EXCEEDED IN MIGRAD.
 MIGRAD TERMINATED WITHOUT CONVERGENCE.
 FCN=2330.73 FROM MIGRAD    STATUS=CALL LIMIT   1921 CALLS        3246 TOTAL
                     EDM=0.652849    STRATEGY= 1  ERROR MATRIX UNCERTAINTY  24.0 per cent
  EXT PARAMETER                APPROXIMATE        STEP         FIRST   
  NO.   NAME      VALUE            ERROR          SIZE      DERIVATIVE 
   1  N0           2.79545e+06   2.03881e+02  -5.17858e-01   1.96645e-03
   2  tau          6.44140e+01   constant   
   3  A0           3.57541e-01   1.09533e-04  -4.32476e-06   4.86335e+02
   4  phi          4.11374e+00   3.11044e-04   4.83341e-06  -7.39443e+02
   5  R           -6.26390e+01   constant   
   6  alpha_CBO   -1.62129e-03   1.09649e-04   2.99635e-07   2.59121e+03
   7  w_CBO        2.32500e+00   constant   
   8  beta_CBO     0.00000e+00     fixed    
   9  alpha_2CBO   0.00000e+00     fixed    
  10  beta_2CBO   -6.86801e-04   1.02777e-04   1.33531e-06  -6.09556e+03
  11  alpha_y      0.00000e+00     fixed    
  12  w_y          1.38860e+01   constant   
  13  beta_y       2.27836e-03   1.08111e-04   1.93869e-06  -1.86181e+03
  14  alpha_vw     0.00000e+00     fixed    
  15  w_vw         1.43404e+01   constant   
  16  beta_vw      0.00000e+00     fixed    
  17  LM           3.79801e-04   constant   
  18  zeta_y       0.00000e+00   constant   
  19  zeta_vw      0.00000e+00   constant   
  20  T_CBO        4.82924e+00   8.57440e-02  -3.23291e-04  -2.60286e+03
  21  alpha_A0     1.14378e+04   2.75342e+03   6.11626e+02  -5.40520e-04
  22  beta_A0     -1.97592e+04   4.75738e+03  -1.05677e+03   6.04789e-04
  23  alpha_phi    2.70236e+04   6.50571e+03   1.44514e+03   1.76492e-04
  24  beta_phi    -3.25931e+04   7.84551e+03  -1.74275e+03   1.06745e-04
 EXTERNAL ERROR MATRIX.    NDIM=  25    NPAR= 11    ERR DEF=1
  4.157e+04 
 -9.594e-04  1.200e-08 
 -5.058e-03 -2.644e-09  9.675e-08 
 -1.855e-03 -2.300e-09  5.028e-09  1.202e-08 
  1.791e-03  3.604e-10 -5.944e-10  2.619e-10  1.056e-08 
 -3.345e-04  2.334e-11 -5.662e-10 -5.605e-11 -8.253e-11  1.169e-08 
 -1.121e+00  3.811e-07 -6.023e-07 -7.675e-07  1.115e-06  6.733e-08  7.352e-03 
  4.954e+04 -2.732e-02  1.879e-04  2.385e-02 -4.072e-02 -3.921e-03 -2.325e+02  7.581e+06 
 -8.560e+04  4.720e-02 -3.337e-04 -4.122e-02  7.036e-02  6.775e-03  4.017e+02 -1.310e+07  2.263e+07 
  1.171e+05 -6.455e-02  4.406e-04  5.636e-02 -9.621e-02 -9.266e-03 -5.493e+02  1.791e+07 -3.095e+07  4.232e+07 
 -1.412e+05  7.784e-02 -5.349e-04 -6.797e-02  1.160e-01  1.117e-02  6.624e+02 -2.160e+07  3.732e+07 -5.104e+07  6.155e+07 
ERR MATRIX APPROXIMATE
 PARAMETER  CORRELATION COEFFICIENTS  
       NO.  GLOBAL      1      3      4      6     10     13     20     21     22     23     24
        1  0.32256   1.000 -0.043 -0.080 -0.083  0.085 -0.015 -0.064  0.088 -0.088  0.088 -0.088
        3  0.37607  -0.043  1.000 -0.078 -0.192  0.032  0.002  0.041 -0.091  0.091 -0.091  0.091
        4  0.29302  -0.080 -0.078  1.000  0.147 -0.019 -0.017 -0.023  0.000 -0.000  0.000 -0.000
        6  0.31561  -0.083 -0.192  0.147  1.000  0.023 -0.005 -0.082  0.079 -0.079  0.079 -0.079
       10  0.26520   0.085  0.032 -0.019  0.023  1.000 -0.007  0.127 -0.144  0.144 -0.144  0.144
       13  0.06303  -0.015  0.002 -0.017 -0.005 -0.007  1.000  0.007 -0.013  0.013 -0.013  0.013
       20  0.98681  -0.064  0.041 -0.023 -0.082  0.127  0.007  1.000 -0.985  0.985 -0.985  0.985
       21  1.00000   0.088 -0.091  0.000  0.079 -0.144 -0.013 -0.985  1.000 -1.000  1.000 -1.000
       22  1.00000  -0.088  0.091 -0.000 -0.079  0.144  0.013  0.985 -1.000  1.000 -1.000  1.000
       23  1.00000   0.088 -0.091  0.000  0.079 -0.144 -0.013 -0.985  1.000 -1.000  1.000 -1.000
       24  1.00000  -0.088  0.091 -0.000 -0.079  0.144  0.013  0.985 -1.000  1.000 -1.000  1.000
 ERR MATRIX APPROXIMATE
MINUIT - FIT ONLY 2-CBO
 **********
 **   25 **RES 
 **********
                   PARAMETER   16  beta_vw RESTORED TO VARIABLE.
                   PARAMETER   14  alpha_vw RESTORED TO VARIABLE.
                   PARAMETER   11  alpha_y RESTORED TO VARIABLE.
                   PARAMETER    9  alpha_2CBO RESTORED TO VARIABLE.
                   PARAMETER    8  beta_CBO RESTORED TO VARIABLE.
 **********
 **   26 **FIX            0
 **********
 PARAMETER    0  IS UNDEFINED. IGNORED.
 **********
 **   27 **FIX            1
 **********
 **********
 **   28 **FIX            2
 **********
 PARAMETER    2  IS CONSTANT.   IGNORED.
 **********
 **   29 **FIX            3
 **********
 **********
 **   30 **FIX            4
 **********
 **********
 **   31 **FIX            5
 **********
 PARAMETER    5  IS CONSTANT.   IGNORED.
 **********
 **   32 **FIX            6
 **********
 **********
 **   33 **FIX            7
 **********
 PARAMETER    7  IS CONSTANT.   IGNORED.
 **********
 **   34 **FIX           10
 **********
 **********
 **   35 **FIX           11
 **********
 **********
 **   36 **FIX           12
 **********
 PARAMETER   12  IS CONSTANT.   IGNORED.
 **********
 **   37 **FIX           13
 **********
 **********
 **   38 **FIX           14
 **********
 **********
 **   39 **FIX           15
 **********
 PARAMETER   15  IS CONSTANT.   IGNORED.
 **********
 **   40 **FIX           16
 **********
 **********
 **   41 **MIGRAD
 **********
 START MIGRAD MINIMIZATION.  STRATEGY  1.  CONVERGENCE WHEN EDM .LT. 1.00e-04
 FCN=2330.73 FROM MIGRAD    STATUS=INITIATE       18 CALLS        3264 TOTAL
                     EDM= unknown      STRATEGY= 1      NO ERROR MATRIX       
  EXT PARAMETER               CURRENT GUESS       STEP         FIRST   
  NO.   NAME      VALUE            ERROR          SIZE      DERIVATIVE 
   1  N0           2.79545e+06     fixed    
   2  tau          6.44140e+01   constant   
   3  A0           3.57541e-01     fixed    
   4  phi          4.11374e+00     fixed    
   5  R           -6.26390e+01   constant   
   6  alpha_CBO   -1.62129e-03     fixed    
   7  w_CBO        2.32500e+00   constant   
   8  beta_CBO     0.00000e+00   1.00000e-03   1.00000e-03   8.16576e+05
   9  alpha_2CBO   0.00000e+00   1.00000e-03   1.00000e-03  -1.35988e+04
  10  beta_2CBO   -6.86801e-04     fixed    
  11  alpha_y      0.00000e+00     fixed    
  12  w_y          1.38860e+01   constant   
  13  beta_y       2.27836e-03     fixed    
  14  alpha_vw     0.00000e+00     fixed    
  15  w_vw         1.43404e+01   constant   
  16  beta_vw      0.00000e+00     fixed    
  17  LM           3.79801e-04   constant   
  18  zeta_y       0.00000e+00   constant   
  19  zeta_vw      0.00000e+00   constant   
  20  T_CBO        4.82924e+00   8.57440e-02  -3.23291e-04  -2.60286e+03
  21  alpha_A0     1.14378e+04   2.75342e+03   6.11626e+02  -5.40520e-04
  22  beta_A0     -1.97592e+04   4.75738e+03  -1.05677e+03   6.04789e-04
  23  alpha_phi    2.70236e+04   6.50571e+03   1.44514e+03   1.76492e-04
  24  beta_phi    -3.25931e+04   7.84551e+03  -1.74275e+03   1.06745e-04
 MIGRAD MINIMIZATION HAS CONVERGED.
 MIGRAD WILL VERIFY CONVERGENCE AND ERROR MATRIX.
 FCN=244.948 FROM MIGRAD    STATUS=CONVERGED     526 CALLS        3772 TOTAL
                     EDM=4.14632e-06    STRATEGY= 1      ERR MATRIX NOT POS-DEF
  EXT PARAMETER                APPROXIMATE        STEP         FIRST   
  NO.   NAME      VALUE            ERROR          SIZE      DERIVATIVE 
   1  N0           2.79545e+06     fixed    
   2  tau          6.44140e+01   constant   
   3  A0           3.57541e-01     fixed    
   4  phi          4.11374e+00     fixed    
   5  R           -6.26390e+01   constant   
   6  alpha_CBO   -1.62129e-03     fixed    
   7  w_CBO        2.32500e+00   constant   
   8  beta_CBO    -5.11597e-03   1.12037e-04   8.44170e-07   1.11156e+00
   9  alpha_2CBO  -5.63366e-05   1.12186e-04   8.34154e-07  -6.03736e+00
  10  beta_2CBO   -6.86801e-04     fixed    
  11  alpha_y      0.00000e+00     fixed    
  12  w_y          1.38860e+01   constant   
  13  beta_y       2.27836e-03     fixed    
  14  alpha_vw     0.00000e+00     fixed    
  15  w_vw         1.43404e+01   constant   
  16  beta_vw      0.00000e+00     fixed    
  17  LM           3.79801e-04   constant   
  18  zeta_y       0.00000e+00   constant   
  19  zeta_vw      0.00000e+00   constant   
  20  T_CBO        4.57424e+00   3.01035e-01   2.18273e-06  -6.55141e+00
  21  alpha_A0     4.77051e+04   5.24782e+04   3.44988e+01  -4.22922e-08
  22  beta_A0      1.03719e+03   7.72530e+03   3.45223e+01   9.03529e-08
  23  alpha_phi    4.69631e+04   5.08334e+04   3.23682e+01   3.32537e-08
  24  beta_phi    -6.59185e+04   7.06002e+04   3.26232e+01   4.20015e-07
 EXTERNAL ERROR MATRIX.    NDIM=  25    NPAR=  7    ERR DEF=1
  1.255e-08  3.186e-10 -2.528e-07  8.063e-03 -1.299e-01  8.093e-02 -8.882e-02 
  3.186e-10  1.259e-08 -2.720e-08  7.661e-02  1.249e-01 -1.098e-01  3.474e-02 
 -2.528e-07 -2.720e-08  9.062e-02 -1.565e+04 -6.216e+02 -1.518e+04  2.117e+04 
  8.063e-03  7.661e-02 -1.565e+04  2.754e+09  1.117e+08  2.620e+09 -3.656e+09 
 -1.299e-01  1.249e-01 -6.216e+02  1.117e+08  5.968e+07  1.007e+08 -1.466e+08 
  8.093e-02 -1.098e-01 -1.518e+04  2.620e+09  1.007e+08  2.584e+09 -3.544e+09 
 -8.882e-02  3.474e-02  2.117e+04 -3.656e+09 -1.466e+08 -3.544e+09  4.984e+09 
ERR MATRIX NOT POS-DEF
 PARAMETER  CORRELATION COEFFICIENTS  
       NO.  GLOBAL      8      9     20     21     22     23     24
        8  0.18477   1.000  0.025 -0.007  0.001 -0.150  0.014 -0.011
        9  0.24379   0.025  1.000 -0.001  0.013  0.144 -0.019  0.004
       20  0.99796  -0.007 -0.001  1.000 -0.990 -0.267 -0.992  0.996
       21  0.99048   0.001  0.013 -0.990  1.000  0.275  0.982 -0.987
       22  0.35047  -0.150  0.144 -0.267  0.275  1.000  0.256 -0.269
       23  0.99246   0.014 -0.019 -0.992  0.982  0.256  1.000 -0.988
       24  0.99596  -0.011  0.004  0.996 -0.987 -0.269 -0.988  1.000
 ERR MATRIX NOT POS-DEF
MINUIT - FIT wiggle + 1-CBO + 2-CBO
 **********
 **   42 **RES 
 **********
                   PARAMETER   16  beta_vw RESTORED TO VARIABLE.
                   PARAMETER   14  alpha_vw RESTORED TO VARIABLE.
                   PARAMETER   13  beta_y RESTORED TO VARIABLE.
                   PARAMETER   11  alpha_y RESTORED TO VARIABLE.
                   PARAMETER   10  beta_2CBO RESTORED TO VARIABLE.
                   PARAMETER    6  alpha_CBO RESTORED TO VARIABLE.
                   PARAMETER    4  phi RESTORED TO VARIABLE.
                   PARAMETER    3  A0 RESTORED TO VARIABLE.
                   PARAMETER    1  N0 RESTORED TO VARIABLE.
 **********
 **   43 **FIX           10
 **********
 **********
 **   44 **FIX           11
 **********
 **********
 **   45 **FIX           12
 **********
 PARAMETER   12  IS CONSTANT.   IGNORED.
 **********
 **   46 **FIX           13
 **********
 **********
 **   47 **FIX           14
 **********
 **********
 **   48 **FIX           15
 **********
 PARAMETER   15  IS CONSTANT.   IGNORED.
 **********
 **   49 **FIX           16
 **********
 **********
 **   50 **MIGRAD
 **********
 START MIGRAD MINIMIZATION.  STRATEGY  1.  CONVERGENCE WHEN EDM .LT. 1.00e-04
 FCN=244.948 FROM MIGRAD    STATUS=INITIATE       22 CALLS        3794 TOTAL
                     EDM= unknown      STRATEGY= 1      NO ERROR MATRIX       
  EXT PARAMETER               CURRENT GUESS       STEP         FIRST   
  NO.   NAME      VALUE            ERROR          SIZE      DERIVATIVE 
   1  N0           2.79545e+06   2.03881e+02   2.03881e+02  -2.75305e-02
   2  tau          6.44140e+01   constant   
   3  A0           3.57541e-01   1.09533e-04   1.09533e-04  -6.77300e+04
   4  phi          4.11374e+00   3.11044e-04   3.11044e-04  -5.02683e+04
   5  R           -6.26390e+01   constant   
   6  alpha_CBO   -1.62129e-03   1.09649e-04   1.09649e-04   4.24097e+04
   7  w_CBO        2.32500e+00   constant   
   8  beta_CBO    -5.11597e-03   1.12037e-04   8.44170e-07   1.11156e+00
   9  alpha_2CBO  -5.63366e-05   1.12186e-04   8.34154e-07  -6.03737e+00
  10  beta_2CBO   -6.86801e-04     fixed    
  11  alpha_y      0.00000e+00     fixed    
  12  w_y          1.38860e+01   constant   
  13  beta_y       2.27836e-03     fixed    
  14  alpha_vw     0.00000e+00     fixed    
  15  w_vw         1.43404e+01   constant   
  16  beta_vw      0.00000e+00     fixed    
  17  LM           3.79801e-04   constant   
  18  zeta_y       0.00000e+00   constant   
  19  zeta_vw      0.00000e+00   constant   
  20  T_CBO        4.57424e+00   3.01035e-01   2.18273e-06  -6.53911e+00
  21  alpha_A0     4.77051e+04   5.24782e+04   3.44988e+01  -4.22976e-08
  22  beta_A0      1.03719e+03   7.72530e+03   3.45223e+01   9.03512e-08
  23  alpha_phi    4.69631e+04   5.08334e+04   3.23682e+01   3.32522e-08
  24  beta_phi    -6.59185e+04   7.06002e+04   3.26232e+01   4.20013e-07
 CALL LIMIT EXCEEDED IN MIGRAD.
 MIGRAD TERMINATED WITHOUT CONVERGENCE.
 FCN=143.308 FROM MIGRAD    STATUS=CALL LIMIT   1916 CALLS        5688 TOTAL
                     EDM=0.14847    STRATEGY= 1  ERROR MATRIX UNCERTAINTY  26.2 per cent
  EXT PARAMETER                APPROXIMATE        STEP         FIRST   
  NO.   NAME      VALUE            ERROR          SIZE      DERIVATIVE 
   1  N0           2.79606e+06   2.02199e+02  -6.89313e-01   2.32989e-04
   2  tau          6.44140e+01   constant   
   3  A0           3.58083e-01   1.05614e-04   2.58298e-06  -1.36432e+03
   4  phi          4.11644e+00   3.06384e-04  -2.23500e-07  -2.76167e+02
   5  R           -6.26390e+01   constant   
   6  alpha_CBO   -1.77706e-03   1.08938e-04   2.93977e-07  -6.98622e+02
   7  w_CBO        2.32500e+00   constant   
   8  beta_CBO    -5.36500e-03   1.12155e-04  -8.49657e-07   4.58530e+02
   9  alpha_2CBO  -1.13373e-04   1.06159e-04   8.36822e-07  -6.55637e+02
  10  beta_2CBO   -6.86801e-04     fixed    
  11  alpha_y      0.00000e+00     fixed    
  12  w_y          1.38860e+01   constant   
  13  beta_y       2.27836e-03     fixed    
  14  alpha_vw     0.00000e+00     fixed    
  15  w_vw         1.43404e+01   constant   
  16  beta_vw      0.00000e+00     fixed    
  17  LM           3.79801e-04   constant   
  18  zeta_y       0.00000e+00   constant   
  19  zeta_vw      0.00000e+00   constant   
  20  T_CBO        6.76698e+00   3.05022e-01   7.27909e-04  -9.36994e+02
  21  alpha_A0     1.65471e+02   1.11223e+02  -1.92108e+01  -4.76792e-03
  22  beta_A0     -7.77270e+01   6.81810e+01   1.15601e+01   6.02950e-03
  23  alpha_phi    1.67223e+02   9.72321e+01  -2.02312e+01  -2.76795e-03
  24  beta_phi    -2.65498e+02   1.55878e+02   3.00454e+01   1.59230e-02
 EXTERNAL ERROR MATRIX.    NDIM=  25    NPAR= 11    ERR DEF=1
  4.088e+04 
  1.144e-03  1.115e-08 
 -1.215e-02  2.323e-09  9.387e-08 
 -1.740e-03 -1.635e-09  3.571e-09  1.187e-08 
 -9.027e-04 -1.364e-09 -6.910e-09  2.859e-10  1.258e-08 
 -1.380e-03  9.547e-10  3.997e-10  1.637e-11  1.416e-09  1.127e-08 
 -1.391e+00  3.498e-06 -3.379e-06 -4.329e-07  8.861e-08 -6.251e-07  9.304e-02 
  1.595e+03 -1.753e-03 -1.700e-03 -8.335e-04 -9.337e-05  6.961e-04 -3.006e+01  1.237e+04 
 -1.343e+03  9.126e-04 -3.297e-03 -5.150e-04 -5.070e-04  7.393e-04  1.315e+01 -3.272e+03  4.649e+03 
 -1.257e+03 -7.393e-04 -8.155e-04 -2.400e-04  2.298e-04 -2.776e-04 -2.714e+01  8.547e+03 -3.586e+03  9.454e+03 
 -1.116e+03  2.486e-03  3.032e-04 -3.129e-05 -2.010e-04 -7.650e-05  4.665e+01 -1.493e+04  5.926e+03 -1.354e+04  2.430e+04 
ERR MATRIX APPROXIMATE
 PARAMETER  CORRELATION COEFFICIENTS  
       NO.  GLOBAL      1      3      4      6      8      9     20     21     22     23     24
        1  0.40836   1.000  0.054 -0.196 -0.079 -0.040 -0.064 -0.023  0.071 -0.097 -0.064 -0.035
        3  0.47236   0.054  1.000  0.072 -0.142 -0.115  0.085  0.109 -0.149  0.127 -0.072  0.151
        4  0.44570  -0.196  0.072  1.000  0.107 -0.201  0.012 -0.036 -0.050 -0.158 -0.027  0.006
        6  0.30976  -0.079 -0.142  0.107  1.000  0.023  0.001 -0.013 -0.069 -0.069 -0.023 -0.002
        8  0.33066  -0.040 -0.115 -0.201  0.023  1.000  0.119  0.003 -0.007 -0.066  0.021 -0.011
        9  0.31812  -0.064  0.085  0.012  0.001  0.119  1.000 -0.019  0.059  0.102 -0.027 -0.005
       20  0.99496  -0.023  0.109 -0.036 -0.013  0.003 -0.019  1.000 -0.886  0.632 -0.915  0.981
       21  0.93069   0.071 -0.149 -0.050 -0.069 -0.007  0.059 -0.886  1.000 -0.432  0.790 -0.861
       22  0.83653  -0.097  0.127 -0.158 -0.069 -0.066  0.102  0.632 -0.432  1.000 -0.541  0.558
       23  0.93133  -0.064 -0.072 -0.027 -0.023  0.021 -0.027 -0.915  0.790 -0.541  1.000 -0.893
       24  0.98964  -0.035  0.151  0.006 -0.002 -0.011 -0.005  0.981 -0.861  0.558 -0.893  1.000
 ERR MATRIX APPROXIMATE
MINUIT - FIT ONLY 1-y
 **********
 **   51 **RES 
 **********
                   PARAMETER   16  beta_vw RESTORED TO VARIABLE.
                   PARAMETER   14  alpha_vw RESTORED TO VARIABLE.
                   PARAMETER   13  beta_y RESTORED TO VARIABLE.
                   PARAMETER   11  alpha_y RESTORED TO VARIABLE.
                   PARAMETER   10  beta_2CBO RESTORED TO VARIABLE.
 **********
 **   52 **FIX            0
 **********
 PARAMETER    0  IS UNDEFINED. IGNORED.
 **********
 **   53 **FIX            1
 **********
 **********
 **   54 **FIX            2
 **********
 PARAMETER    2  IS CONSTANT.   IGNORED.
 **********
 **   55 **FIX            3
 **********
 **********
 **   56 **FIX            4
 **********
 **********
 **   57 **FIX            5
 **********
 PARAMETER    5  IS CONSTANT.   IGNORED.
 **********
 **   58 **FIX            6
 **********
 **********
 **   59 **FIX            7
 **********
 PARAMETER    7  IS CONSTANT.   IGNORED.
 **********
 **   60 **FIX            8
 **********
 **********
 **   61 **FIX            9
 **********
 **********
 **   62 **FIX           13
 **********
 **********
 **   63 **FIX           14
 **********
 **********
 **   64 **FIX           15
 **********
 PARAMETER   15  IS CONSTANT.   IGNORED.
 **********
 **   65 **FIX           16
 **********
 **********
 **   66 **MIGRAD
 **********
 START MIGRAD MINIMIZATION.  STRATEGY  1.  CONVERGENCE WHEN EDM .LT. 1.00e-04
 FCN=143.308 FROM MIGRAD    STATUS=INITIATE       16 CALLS        5704 TOTAL
                     EDM= unknown      STRATEGY= 1      NO ERROR MATRIX       
  EXT PARAMETER               CURRENT GUESS       STEP         FIRST   
  NO.   NAME      VALUE            ERROR          SIZE      DERIVATIVE 
   1  N0           2.79606e+06     fixed    
   2  tau          6.44140e+01   constant   
   3  A0           3.58083e-01     fixed    
   4  phi          4.11644e+00     fixed    
   5  R           -6.26390e+01   constant   
   6  alpha_CBO   -1.77706e-03     fixed    
   7  w_CBO        2.32500e+00   constant   
   8  beta_CBO    -5.36500e-03     fixed    
   9  alpha_2CBO  -1.13373e-04     fixed    
  10  beta_2CBO   -6.86801e-04   1.02777e-04   1.02777e-04  -7.64561e+04
  11  alpha_y      0.00000e+00   1.00000e-03   1.00000e-03   1.29560e+05
  12  w_y          1.38860e+01   constant   
  13  beta_y       2.27836e-03     fixed    
  14  alpha_vw     0.00000e+00     fixed    
  15  w_vw         1.43404e+01   constant   
  16  beta_vw      0.00000e+00     fixed    
  17  LM           3.79801e-04   constant   
  18  zeta_y       0.00000e+00   constant   
  19  zeta_vw      0.00000e+00   constant   
  20  T_CBO        6.76698e+00   3.05022e-01   7.27909e-04  -9.36994e+02
  21  alpha_A0     1.65471e+02   1.11223e+02  -1.92108e+01  -4.76792e-03
  22  beta_A0     -7.77270e+01   6.81810e+01   1.15601e+01   6.02950e-03
  23  alpha_phi    1.67223e+02   9.72321e+01  -2.02312e+01  -2.76795e-03
  24  beta_phi    -2.65498e+02   1.55878e+02   3.00454e+01   1.59230e-02
 MIGRAD MINIMIZATION HAS CONVERGED.
 MIGRAD WILL VERIFY CONVERGENCE AND ERROR MATRIX.
 FCN=74.8624 FROM MIGRAD    STATUS=CONVERGED    1098 CALLS        6786 TOTAL
                     EDM=1.50178e-06    STRATEGY= 1      ERR MATRIX NOT POS-DEF
  EXT PARAMETER                APPROXIMATE        STEP         FIRST   
  NO.   NAME      VALUE            ERROR          SIZE      DERIVATIVE 
   1  N0           2.79606e+06     fixed    
   2  tau          6.44140e+01   constant   
   3  A0           3.58083e-01     fixed    
   4  phi          4.11644e+00     fixed    
   5  R           -6.26390e+01   constant   
   6  alpha_CBO   -1.77706e-03     fixed    
   7  w_CBO        2.32500e+00   constant   
   8  beta_CBO    -5.36500e-03     fixed    
   9  alpha_2CBO  -1.13373e-04     fixed    
  10  beta_2CBO   -2.16226e-04   1.12512e-04   4.62650e-07  -2.70404e+00
  11  alpha_y     -7.52669e-04   1.08008e-04   4.59651e-07  -8.28018e-01
  12  w_y          1.38860e+01   constant   
  13  beta_y       2.27836e-03     fixed    
  14  alpha_vw     0.00000e+00     fixed    
  15  w_vw         1.43404e+01   constant   
  16  beta_vw      0.00000e+00     fixed    
  17  LM           3.79801e-04   constant   
  18  zeta_y       0.00000e+00   constant   
  19  zeta_vw      0.00000e+00   constant   
  20  T_CBO        8.89393e+00   1.34717e+00   3.86741e-06   1.14635e+00
  21  alpha_A0     1.00936e+01   1.33741e+01   1.00831e-02   2.60466e-04
  22  beta_A0     -4.50256e+00   6.10031e+00   1.05296e-02   3.61523e-06
  23  alpha_phi    1.12312e+01   1.46274e+01   9.43406e-03   3.22862e-04
  24  beta_phi    -2.11008e+01   2.72880e+01   9.23463e-03  -3.53309e-04
 EXTERNAL ERROR MATRIX.    NDIM=  25    NPAR=  7    ERR DEF=1
  1.266e-08  1.027e-10 -8.052e-06  4.331e-05 -2.753e-06  7.369e-05 -2.097e-04 
  1.027e-10  1.167e-08  7.399e-07 -9.562e-06 -1.432e-06 -7.273e-06  1.831e-05 
 -8.052e-06  7.399e-07  1.815e+00 -1.773e+01  7.508e+00 -1.948e+01  3.664e+01 
  4.331e-05 -9.562e-06 -1.773e+01  1.789e+02 -7.319e+01  1.903e+02 -3.578e+02 
 -2.753e-06 -1.432e-06  7.508e+00 -7.319e+01  3.721e+01 -8.055e+01  1.513e+02 
  7.369e-05 -7.273e-06 -1.948e+01  1.903e+02 -8.055e+01  2.140e+02 -3.931e+02 
 -2.097e-04  1.831e-05  3.664e+01 -3.578e+02  1.513e+02 -3.931e+02  7.446e+02 
ERR MATRIX NOT POS-DEF
 PARAMETER  CORRELATION COEFFICIENTS  
       NO.  GLOBAL     10     11     20     21     22     23     24
       10  0.25900   1.000  0.008 -0.053  0.029 -0.004  0.045 -0.068
       11  0.02690   0.008  1.000  0.005 -0.007 -0.002 -0.005  0.006
       20  0.99799  -0.053  0.005  1.000 -0.984  0.914 -0.989  0.997
       21  0.98433   0.029 -0.007 -0.984  1.000 -0.897  0.973 -0.980
       22  0.91491  -0.004 -0.002  0.914 -0.897  1.000 -0.903  0.909
       23  0.98856   0.045 -0.005 -0.989  0.973 -0.903  1.000 -0.985
       24  0.99686  -0.068  0.006  0.997 -0.980  0.909 -0.985  1.000
 ERR MATRIX NOT POS-DEF
MINUIT - FIT ONLY 2-y
 **********
 **   67 **RES 
 **********
                   PARAMETER   16  beta_vw RESTORED TO VARIABLE.
                   PARAMETER   14  alpha_vw RESTORED TO VARIABLE.
                   PARAMETER   13  beta_y RESTORED TO VARIABLE.
                   PARAMETER    9  alpha_2CBO RESTORED TO VARIABLE.
                   PARAMETER    8  beta_CBO RESTORED TO VARIABLE.
                   PARAMETER    6  alpha_CBO RESTORED TO VARIABLE.
                   PARAMETER    4  phi RESTORED TO VARIABLE.
                   PARAMETER    3  A0 RESTORED TO VARIABLE.
                   PARAMETER    1  N0 RESTORED TO VARIABLE.
 **********
 **   68 **FIX            0
 **********
 PARAMETER    0  IS UNDEFINED. IGNORED.
 **********
 **   69 **FIX            1
 **********
 **********
 **   70 **FIX            2
 **********
 PARAMETER    2  IS CONSTANT.   IGNORED.
 **********
 **   71 **FIX            3
 **********
 **********
 **   72 **FIX            4
 **********
 **********
 **   73 **FIX            5
 **********
 PARAMETER    5  IS CONSTANT.   IGNORED.
 **********
 **   74 **FIX            6
 **********
 **********
 **   75 **FIX            7
 **********
 PARAMETER    7  IS CONSTANT.   IGNORED.
 **********
 **   76 **FIX            8
 **********
 **********
 **   77 **FIX            9
 **********
 **********
 **   78 **FIX           10
 **********
 **********
 **   79 **FIX           11
 **********
 **********
 **   80 **FIX           12
 **********
 PARAMETER   12  IS CONSTANT.   IGNORED.
 **********
 **   81 **FIX           16
 **********
 **********
 **   82 **MIGRAD
 **********
 START MIGRAD MINIMIZATION.  STRATEGY  1.  CONVERGENCE WHEN EDM .LT. 1.00e-04
 FCN=74.8624 FROM MIGRAD    STATUS=INITIATE       16 CALLS        6802 TOTAL
                     EDM= unknown      STRATEGY= 1      NO ERROR MATRIX       
  EXT PARAMETER               CURRENT GUESS       STEP         FIRST   
  NO.   NAME      VALUE            ERROR          SIZE      DERIVATIVE 
   1  N0           2.79606e+06     fixed    
   2  tau          6.44140e+01   constant   
   3  A0           3.58083e-01     fixed    
   4  phi          4.11644e+00     fixed    
   5  R           -6.26390e+01   constant   
   6  alpha_CBO   -1.77706e-03     fixed    
   7  w_CBO        2.32500e+00   constant   
   8  beta_CBO    -5.36500e-03     fixed    
   9  alpha_2CBO  -1.13373e-04     fixed    
  10  beta_2CBO   -2.16226e-04     fixed    
  11  alpha_y     -7.52669e-04     fixed    
  12  w_y          1.38860e+01   constant   
  13  beta_y       2.27836e-03   1.08111e-04   1.08111e-04   1.66045e+04
  14  alpha_vw     0.00000e+00   1.00000e-03   1.00000e-03  -6.85532e+03
  15  w_vw         1.43404e+01   constant   
  16  beta_vw      0.00000e+00     fixed    
  17  LM           3.79801e-04   constant   
  18  zeta_y       0.00000e+00   constant   
  19  zeta_vw      0.00000e+00   constant   
  20  T_CBO        8.89393e+00   1.34717e+00   3.86741e-06   1.14766e+00
  21  alpha_A0     1.00936e+01   1.33741e+01   1.00831e-02   2.60468e-04
  22  beta_A0     -4.50256e+00   6.10031e+00   1.05296e-02   3.62495e-06
  23  alpha_phi    1.12312e+01   1.46274e+01   9.43406e-03   3.22861e-04
  24  beta_phi    -2.11008e+01   2.72880e+01   9.23463e-03  -3.53308e-04
 MIGRAD MINIMIZATION HAS CONVERGED.
 MIGRAD WILL VERIFY CONVERGENCE AND ERROR MATRIX.
 COVARIANCE MATRIX CALCULATED SUCCESSFULLY
 FCN=73.7467 FROM HESSE     STATUS=OK             50 CALLS        6916 TOTAL
                     EDM=0.0248856    STRATEGY= 1      ERROR MATRIX ACCURATE 
  EXT PARAMETER                                   STEP         FIRST   
  NO.   NAME      VALUE            ERROR          SIZE      DERIVATIVE 
   1  N0           2.79606e+06     fixed    
   2  tau          6.44140e+01   constant   
   3  A0           3.58083e-01     fixed    
   4  phi          4.11644e+00     fixed    
   5  R           -6.26390e+01   constant   
   6  alpha_CBO   -1.77706e-03     fixed    
   7  w_CBO        2.32500e+00   constant   
   8  beta_CBO    -5.36500e-03     fixed    
   9  alpha_2CBO  -1.13373e-04     fixed    
  10  beta_2CBO   -2.16226e-04     fixed    
  11  alpha_y     -7.52669e-04     fixed    
  12  w_y          1.38860e+01   constant   
  13  beta_y       2.16837e-03   1.12211e-04   4.63157e-07  -9.75318e-01
  14  alpha_vw     5.90912e-05   1.11496e-04   4.60554e-07  -2.39082e+00
  15  w_vw         1.43404e+01   constant   
  16  beta_vw      0.00000e+00     fixed    
  17  LM           3.79801e-04   constant   
  18  zeta_y       0.00000e+00   constant   
  19  zeta_vw      0.00000e+00   constant   
  20  T_CBO        8.89499e+00   8.37644e+00   3.83241e-06   1.89861e+00
  21  alpha_A0     1.00442e+01   8.18067e+01   9.95371e-03  -5.15980e-04
  22  beta_A0     -4.45026e+00   3.44541e+01   1.03948e-02   3.08738e-04
  23  alpha_phi    1.12394e+01   9.02948e+01   9.31352e-03  -3.15776e-04
  24  beta_phi    -2.11695e+01   1.70097e+02   9.11648e-03   3.79621e-04
 MIGRAD MINIMIZATION HAS CONVERGED.
 MIGRAD WILL VERIFY CONVERGENCE AND ERROR MATRIX.
 COVARIANCE MATRIX CALCULATED SUCCESSFULLY
 FCN=73.7439 FROM MIGRAD    STATUS=CONVERGED     297 CALLS        7083 TOTAL
                     EDM=2.27208e-06    STRATEGY= 1      ERROR MATRIX ACCURATE 
  EXT PARAMETER                                   STEP         FIRST   
  NO.   NAME      VALUE            ERROR          SIZE      DERIVATIVE 
   1  N0           2.79606e+06     fixed    
   2  tau          6.44140e+01   constant   
   3  A0           3.58083e-01     fixed    
   4  phi          4.11644e+00     fixed    
   5  R           -6.26390e+01   constant   
   6  alpha_CBO   -1.77706e-03     fixed    
   7  w_CBO        2.32500e+00   constant   
   8  beta_CBO    -5.36500e-03     fixed    
   9  alpha_2CBO  -1.13373e-04     fixed    
  10  beta_2CBO   -2.16226e-04     fixed    
  11  alpha_y     -7.52669e-04     fixed    
  12  w_y          1.38860e+01   constant   
  13  beta_y       2.16813e-03   1.13107e-04   4.63149e-07   5.01576e-01
  14  alpha_vw     5.93482e-05   1.12315e-04   4.60545e-07   9.08874e-01
