 + ++++++++++++++++++++++++++++++++++++++++++++++++++++++++++++++++++++ +
 +                                                                      +
 +           You have chose to blind your fitting according to          +
 +                omega_ref * (1 + (R +/- deltaR) *10^{-6})             +
 +                                                                      +
 + ++++++++++++++++++++++++++++++++++++++++++++++++++++++++++++++++++++ +
In main()...
reading format from /gm2data/zkhechad/run45/envelope/formats/formatB_sBin_constraintOn.txt
pBinTau 	= 0  
pBinPhi 	= 0  
constraintau 	= 1 
includeMopTerm 	= 0    
constrainMop    = 0   
Parameters after format file: pBinTau 0 pBinPhi 0 constraintau 1 includeMopTerm 0 constrainMop 0 c_e_scale 0.000000 
Opening file /gm2data/tbarrett/gm2fr/studies/run23_bunch_corrections/CorrectedFourier_Run3b.root.
reading full fit data from /gm2data/zkhechad/cboTemplates/Run4CBOTemplates/fullFits/noRF/sBin_constraintOn_cE0.0_seed0_noRF_calo4.root
windowBins = 69
fitting sliding window 700 from bin 836 at 124.582000 to bin 905 at 135.026000 (69 bins)

Reading data from /gm2data/cornell/histograms/aMethod/histogram_a_noRF.root
 **********
 **    1 **SET PRINTOUT            1
 **********
 **********
 **    2 **SET NOWARNINGS 
 **********
 PARAMETER DEFINITIONS:
    NO.   NAME         VALUE      STEP SIZE      LIMITS
     1 N0           2.96874e+06  1.00000e+02     no limits
     2 tau          6.44041e+01  constant
     3 A0           3.53299e-01  1.00000e-04     no limits
     4 phi          4.11736e+00  1.00000e-02     no limits
     5 R           -5.92716e+01  constant
     6 alpha_CBO    0.00000e+00  1.00000e-03     no limits
     7 w_CBO        2.32500e+00  constant
     8 beta_CBO     0.00000e+00  1.00000e-03     no limits
     9 alpha_2CBO   0.00000e+00  1.00000e-03     no limits
    10 beta_2CBO    0.00000e+00  1.00000e-03     no limits
    11 alpha_y      0.00000e+00  1.00000e-03     no limits
    12 w_y          1.38860e+01  constant
    13 beta_y       0.00000e+00  1.00000e-03     no limits
    14 alpha_vw     0.00000e+00  1.00000e-03     no limits
    15 w_vw         1.43404e+01  constant
    16 beta_vw      0.00000e+00  1.00000e-03     no limits
    17 LM           4.68092e-05  constant
    18 zeta_y       0.00000e+00  constant
    19 zeta_vw      0.00000e+00  constant
    20 T_CBO        1.00000e+02  1.00000e+00    0.00000e+00  1.00000e+03
    21 alpha_A0     0.00000e+00  1.00000e-03     no limits
    22 beta_A0      0.00000e+00  1.00000e-03     no limits
    23 alpha_phi    0.00000e+00  1.00000e-03     no limits
    24 beta_phi     0.00000e+00  1.00000e-03     no limits
MINUIT - FIT ONLY WIGGLE
 **********
 **    3 **FIX            5
 **********
 PARAMETER    5  IS CONSTANT.   IGNORED.
 **********
 **    4 **FIX            6
 **********
 **********
 **    5 **FIX            7
 **********
 PARAMETER    7  IS CONSTANT.   IGNORED.
 **********
 **    6 **FIX            8
 **********
 **********
 **    7 **FIX            9
 **********
 **********
 **    8 **FIX           10
 **********
 **********
 **    9 **FIX           11
 **********
 **********
 **   10 **FIX           12
 **********
 PARAMETER   12  IS CONSTANT.   IGNORED.
 **********
 **   11 **FIX           13
 **********
 **********
 **   12 **FIX           14
 **********
 **********
 **   13 **FIX           15
 **********
 PARAMETER   15  IS CONSTANT.   IGNORED.
 **********
 **   14 **FIX           16
 **********
 **********
 **   15 **MIGRAD
 **********
 FIRST CALL TO USER FUNCTION AT NEW START POINT, WITH IFLAG=4.
 START MIGRAD MINIMIZATION.  STRATEGY  1.  CONVERGENCE WHEN EDM .LT. 1.00e-04
 FCN=1070.89 FROM MIGRAD    STATUS=INITIATE      437 CALLS         438 TOTAL
                     EDM= unknown      STRATEGY= 1      NO ERROR MATRIX       
  EXT PARAMETER               CURRENT GUESS       STEP         FIRST   
  NO.   NAME      VALUE            ERROR          SIZE      DERIVATIVE 
   1  N0           2.96874e+06   1.00000e+02   0.00000e+00   2.36839e-03
   2  tau          6.44041e+01   constant   
   3  A0           3.53299e-01   1.00000e-04   0.00000e+00   4.12108e+04
   4  phi          4.11736e+00   1.00000e-02   0.00000e+00  -2.55854e+04
   5  R           -5.92716e+01   constant   
   6  alpha_CBO    0.00000e+00     fixed    
   7  w_CBO        2.32500e+00   constant   
   8  beta_CBO     0.00000e+00     fixed    
   9  alpha_2CBO   0.00000e+00     fixed    
  10  beta_2CBO    0.00000e+00     fixed    
  11  alpha_y      0.00000e+00     fixed    
  12  w_y          1.38860e+01   constant   
  13  beta_y       0.00000e+00     fixed    
  14  alpha_vw     0.00000e+00     fixed    
  15  w_vw         1.43404e+01   constant   
  16  beta_vw      0.00000e+00     fixed    
  17  LM           4.68092e-05   constant   
  18  zeta_y       0.00000e+00   constant   
  19  zeta_vw      0.00000e+00   constant   
  20  T_CBO        1.00000e+02   1.00000e+00   0.00000e+00   0.00000e+00
  21  alpha_A0     0.00000e+00   1.00000e-03   0.00000e+00  -1.94523e+03
  22  beta_A0      0.00000e+00   1.00000e-03   0.00000e+00   3.13532e+03
  23  alpha_phi    0.00000e+00   1.00000e-03   0.00000e+00   3.82722e+02
  24  beta_phi     0.00000e+00   1.00000e-03   0.00000e+00   7.20750e+03
 CALL LIMIT EXCEEDED IN MIGRAD.
 MIGRAD TERMINATED WITHOUT CONVERGENCE.
 FCN=923.492 FROM MIGRAD    STATUS=CALL LIMIT   1321 CALLS        1322 TOTAL
                     EDM=0.155762    STRATEGY= 1  ERROR MATRIX UNCERTAINTY   0.0 per cent
  EXT PARAMETER                APPROXIMATE        STEP         FIRST   
  NO.   NAME      VALUE            ERROR          SIZE      DERIVATIVE 
   1  N0           2.96866e+06   3.57911e+02  -5.02389e+00  -2.97282e-05
   2  tau          6.44041e+01   constant   
   3  A0           3.52829e-01   1.57760e-04  -2.11576e-06  -5.51089e+02
   4  phi          4.12095e+00   4.77442e-04   5.55133e-05   3.36979e+02
   5  R           -5.92716e+01   constant   
   6  alpha_CBO    0.00000e+00     fixed    
   7  w_CBO        2.32500e+00   constant   
   8  beta_CBO     0.00000e+00     fixed    
   9  alpha_2CBO   0.00000e+00     fixed    
  10  beta_2CBO    0.00000e+00     fixed    
  11  alpha_y      0.00000e+00     fixed    
  12  w_y          1.38860e+01   constant   
  13  beta_y       0.00000e+00     fixed    
  14  alpha_vw     0.00000e+00     fixed    
  15  w_vw         1.43404e+01   constant   
  16  beta_vw      0.00000e+00     fixed    
  17  LM           4.68092e-05   constant   
  18  zeta_y       0.00000e+00   constant   
  19  zeta_vw      0.00000e+00   constant   
  20  T_CBO        2.21077e+01   1.67085e+00  -3.50299e-03  -3.17415e+02
  21  alpha_A0     8.21913e-01   3.02972e-01   9.44590e-02  -7.37434e-03
  22  beta_A0     -6.02367e-01   2.28722e-01  -7.12692e-02   1.34810e+00
  23  alpha_phi   -1.15899e-03   6.58379e-03   1.79528e-03  -3.09098e+00
  24  beta_phi    -1.74219e+00   6.53678e-01  -2.03737e-01   5.07672e+00
 EXTERNAL ERROR MATRIX.    NDIM=  25    NPAR=  8    ERR DEF=1
  1.281e+05 -7.524e-03 -1.384e-02  5.799e+00 -1.447e+00  1.437e+00  1.903e-01  3.233e+00 
 -7.524e-03  2.489e-08 -3.867e-09 -1.295e-05  1.051e-06 -8.688e-07 -5.909e-08 -2.260e-06 
 -1.384e-02 -3.867e-09  2.280e-07  6.525e-06  7.253e-06 -5.374e-06  6.035e-08 -1.543e-05 
  5.799e+00 -1.295e-05  6.525e-06  2.792e+00 -5.031e-01  3.798e-01 -9.639e-03  1.085e+00 
 -1.447e+00  1.051e-06  7.253e-06 -5.031e-01  9.179e-02 -6.929e-02  1.765e-03 -1.980e-01 
  1.437e+00 -8.688e-07 -5.374e-06  3.798e-01 -6.929e-02  5.231e-02 -1.334e-03  1.495e-01 
  1.903e-01 -5.909e-08  6.035e-08 -9.639e-03  1.765e-03 -1.334e-03  4.335e-05 -3.816e-03 
  3.233e+00 -2.260e-06 -1.543e-05  1.085e+00 -1.980e-01  1.495e-01 -3.816e-03  4.273e-01 
ERR MATRIX APPROXIMATE
 PARAMETER  CORRELATION COEFFICIENTS  
       NO.  GLOBAL      1      3      4     20     21     22     23     24
        1  0.37535   1.000 -0.133 -0.081  0.010 -0.013  0.018  0.081  0.014
        3  0.34202  -0.133  1.000 -0.051 -0.049  0.022 -0.024 -0.057 -0.022
        4  0.53859  -0.081 -0.051  1.000  0.008  0.050 -0.049  0.019 -0.049
       20  0.99581   0.010 -0.049  0.008  1.000 -0.994  0.994 -0.876  0.994
       21  0.99995  -0.013  0.022  0.050 -0.994  1.000 -1.000  0.885 -1.000
       22  0.99993   0.018 -0.024 -0.049  0.994 -1.000  1.000 -0.886  1.000
       23  0.90772   0.081 -0.057  0.019 -0.876  0.885 -0.886  1.000 -0.887
       24  0.99997   0.014 -0.022 -0.049  0.994 -1.000  1.000 -0.887  1.000
 ERR MATRIX APPROXIMATE
MINUIT - FIT ONLY 1-CBO + wiggle
 **********
 **   16 **RES 
 **********
                   PARAMETER   16  beta_vw RESTORED TO VARIABLE.
                   PARAMETER   14  alpha_vw RESTORED TO VARIABLE.
                   PARAMETER   13  beta_y RESTORED TO VARIABLE.
                   PARAMETER   11  alpha_y RESTORED TO VARIABLE.
                   PARAMETER   10  beta_2CBO RESTORED TO VARIABLE.
                   PARAMETER    9  alpha_2CBO RESTORED TO VARIABLE.
                   PARAMETER    8  beta_CBO RESTORED TO VARIABLE.
                   PARAMETER    6  alpha_CBO RESTORED TO VARIABLE.
 **********
 **   17 **FIX            8
 **********
 **********
 **   18 **FIX            9
 **********
 **********
 **   19 **FIX           11
 **********
 **********
 **   20 **FIX           12
 **********
 PARAMETER   12  IS CONSTANT.   IGNORED.
 **********
 **   21 **FIX           14
 **********
 **********
 **   22 **FIX           15
 **********
 PARAMETER   15  IS CONSTANT.   IGNORED.
 **********
 **   23 **FIX           16
 **********
 **********
 **   24 **MIGRAD
 **********
 START MIGRAD MINIMIZATION.  STRATEGY  1.  CONVERGENCE WHEN EDM .LT. 1.00e-04
 FCN=923.492 FROM MIGRAD    STATUS=INITIATE       28 CALLS        1350 TOTAL
                     EDM= unknown      STRATEGY= 1      NO ERROR MATRIX       
  EXT PARAMETER               CURRENT GUESS       STEP         FIRST   
  NO.   NAME      VALUE            ERROR          SIZE      DERIVATIVE 
   1  N0           2.96866e+06   3.57911e+02  -5.02389e+00  -2.97282e-05
   2  tau          6.44041e+01   constant   
   3  A0           3.52829e-01   1.57760e-04  -2.11576e-06  -5.51089e+02
   4  phi          4.12095e+00   4.77442e-04   5.55133e-05   3.36979e+02
   5  R           -5.92716e+01   constant   
   6  alpha_CBO    0.00000e+00   1.00000e-03   1.00000e-03   6.28932e+04
   7  w_CBO        2.32500e+00   constant   
   8  beta_CBO     0.00000e+00     fixed    
   9  alpha_2CBO   0.00000e+00     fixed    
  10  beta_2CBO    0.00000e+00   1.00000e-03   1.00000e-03   4.69704e+03
  11  alpha_y      0.00000e+00     fixed    
  12  w_y          1.38860e+01   constant   
  13  beta_y       0.00000e+00   1.00000e-03   1.00000e-03  -2.82135e+04
  14  alpha_vw     0.00000e+00     fixed    
  15  w_vw         1.43404e+01   constant   
  16  beta_vw      0.00000e+00     fixed    
  17  LM           4.68092e-05   constant   
  18  zeta_y       0.00000e+00   constant   
  19  zeta_vw      0.00000e+00   constant   
  20  T_CBO        2.21077e+01   1.67085e+00  -3.50299e-03  -3.17415e+02
  21  alpha_A0     8.21913e-01   3.02972e-01   9.44590e-02  -7.37433e-03
  22  beta_A0     -6.02367e-01   2.28722e-01  -7.12692e-02   1.34810e+00
  23  alpha_phi   -1.15899e-03   6.58379e-03   1.79528e-03  -3.09098e+00
  24  beta_phi    -1.74219e+00   6.53678e-01  -2.03737e-01   5.07672e+00
 CALL LIMIT EXCEEDED IN MIGRAD.
 MIGRAD TERMINATED WITHOUT CONVERGENCE.
 FCN=873.724 FROM MIGRAD    STATUS=CALL LIMIT   1906 CALLS        3228 TOTAL
                     EDM=0.284314    STRATEGY= 1  ERROR MATRIX UNCERTAINTY  19.6 per cent
  EXT PARAMETER                APPROXIMATE        STEP         FIRST   
  NO.   NAME      VALUE            ERROR          SIZE      DERIVATIVE 
   1  N0           2.96859e+06   3.35325e+02  -1.13806e+01   1.46423e-04
   2  tau          6.44041e+01   constant   
   3  A0           3.52898e-01   1.54948e-04  -2.94464e-06   4.95175e+02
   4  phi          4.12108e+00   4.57008e-04  -6.62008e-06   3.54333e+02
   5  R           -5.92716e+01   constant   
   6  alpha_CBO   -8.73699e-04   1.68298e-04   5.40868e-06  -1.57941e+02
   7  w_CBO        2.32500e+00   constant   
   8  beta_CBO     0.00000e+00     fixed    
   9  alpha_2CBO   0.00000e+00     fixed    
  10  beta_2CBO   -6.80000e-05   1.56327e-04   4.72195e-06  -6.76399e+01
  11  alpha_y      0.00000e+00     fixed    
  12  w_y          1.38860e+01   constant   
  13  beta_y       3.47380e-04   1.62704e-04   7.18001e-06   1.54377e+02
  14  alpha_vw     0.00000e+00     fixed    
  15  w_vw         1.43404e+01   constant   
  16  beta_vw      0.00000e+00     fixed    
  17  LM           4.68092e-05   constant   
  18  zeta_y       0.00000e+00   constant   
  19  zeta_vw      0.00000e+00   constant   
  20  T_CBO        8.59758e+00   2.40677e-01  -7.45458e-04  -1.43113e+03
  21  alpha_A0     8.89515e+03   3.11633e+03   8.66447e+02  -4.32222e-04
  22  beta_A0     -6.75664e+03   2.36814e+03  -6.58425e+02  -9.34787e-05
  23  alpha_phi    1.94273e+03   6.79887e+02   1.89032e+02  -1.48853e-04
  24  beta_phi    -1.77227e+04   6.20902e+03  -1.72633e+03   4.16693e-04
 EXTERNAL ERROR MATRIX.    NDIM=  25    NPAR= 11    ERR DEF=1
  1.124e+05 
 -1.467e-03  2.401e-08 
 -4.669e-03  2.059e-10  2.089e-07 
  3.877e-03  4.063e-09  4.461e-09  2.832e-08 
 -8.684e-04 -5.927e-10 -8.491e-10  1.156e-11  2.444e-08 
 -4.999e-05 -7.854e-11 -3.321e-10  9.922e-10  5.390e-10  2.647e-08 
  1.397e+00 -3.560e-07  3.595e-06 -8.532e-07 -1.013e-06 -7.173e-07  5.793e-02 
 -1.649e+04  1.035e-02  6.376e-03  1.445e-02  1.385e-02  1.725e-02 -7.448e+02  9.712e+06 
  1.256e+04 -7.869e-03 -4.833e-03 -1.098e-02 -1.052e-02 -1.311e-02  5.660e+02 -7.380e+06  5.608e+06 
 -3.591e+03  2.254e-03  1.393e-03  3.150e-03  3.021e-03  3.763e-03 -1.625e+02  2.119e+06 -1.610e+06  4.622e+05 
  3.288e+04 -2.062e-02 -1.269e-02 -2.879e-02 -2.758e-02 -3.437e-02  1.484e+03 -1.935e+07  1.470e+07 -4.221e+06  3.855e+07 
ERR MATRIX APPROXIMATE
 PARAMETER  CORRELATION COEFFICIENTS  
       NO.  GLOBAL      1      3      4      6     10     13     20     21     22     23     24
        1  0.31389   1.000 -0.028 -0.030  0.069 -0.017 -0.001  0.017 -0.016  0.016 -0.016  0.016
        3  0.24967  -0.028  1.000  0.003  0.156 -0.024 -0.003 -0.010  0.021 -0.021  0.021 -0.021
        4  0.34177  -0.030  0.003  1.000  0.058 -0.012 -0.004  0.033  0.004 -0.004  0.004 -0.004
        6  0.21827   0.069  0.156  0.058  1.000  0.000  0.036 -0.021  0.028 -0.028  0.028 -0.028
       10  0.07916  -0.017 -0.024 -0.012  0.000  1.000  0.021 -0.027  0.028 -0.028  0.028 -0.028
       13  0.15088  -0.001 -0.003 -0.004  0.036  0.021  1.000 -0.018  0.034 -0.034  0.034 -0.034
       20  0.99393   0.017 -0.010  0.033 -0.021 -0.027 -0.018  1.000 -0.993  0.993 -0.993  0.993
       21  1.00000  -0.016  0.021  0.004  0.028  0.028  0.034 -0.993  1.000 -1.000  1.000 -1.000
       22  1.00000   0.016 -0.021 -0.004 -0.028 -0.028 -0.034  0.993 -1.000  1.000 -1.000  1.000
       23  1.00000  -0.016  0.021  0.004  0.028  0.028  0.034 -0.993  1.000 -1.000  1.000 -1.000
       24  1.00000   0.016 -0.021 -0.004 -0.028 -0.028 -0.034  0.993 -1.000  1.000 -1.000  1.000
 ERR MATRIX APPROXIMATE
MINUIT - FIT ONLY 2-CBO
 **********
 **   25 **RES 
 **********
                   PARAMETER   16  beta_vw RESTORED TO VARIABLE.
                   PARAMETER   14  alpha_vw RESTORED TO VARIABLE.
                   PARAMETER   11  alpha_y RESTORED TO VARIABLE.
                   PARAMETER    9  alpha_2CBO RESTORED TO VARIABLE.
                   PARAMETER    8  beta_CBO RESTORED TO VARIABLE.
 **********
 **   26 **FIX            0
 **********
 PARAMETER    0  IS UNDEFINED. IGNORED.
 **********
 **   27 **FIX            1
 **********
 **********
 **   28 **FIX            2
 **********
 PARAMETER    2  IS CONSTANT.   IGNORED.
 **********
 **   29 **FIX            3
 **********
 **********
 **   30 **FIX            4
 **********
 **********
 **   31 **FIX            5
 **********
 PARAMETER    5  IS CONSTANT.   IGNORED.
 **********
 **   32 **FIX            6
 **********
 **********
 **   33 **FIX            7
 **********
 PARAMETER    7  IS CONSTANT.   IGNORED.
 **********
 **   34 **FIX           10
 **********
 **********
 **   35 **FIX           11
 **********
 **********
 **   36 **FIX           12
 **********
 PARAMETER   12  IS CONSTANT.   IGNORED.
 **********
 **   37 **FIX           13
 **********
 **********
 **   38 **FIX           14
 **********
 **********
 **   39 **FIX           15
 **********
 PARAMETER   15  IS CONSTANT.   IGNORED.
 **********
 **   40 **FIX           16
 **********
 **********
 **   41 **MIGRAD
 **********
 START MIGRAD MINIMIZATION.  STRATEGY  1.  CONVERGENCE WHEN EDM .LT. 1.00e-04
 FCN=873.724 FROM MIGRAD    STATUS=INITIATE       18 CALLS        3246 TOTAL
                     EDM= unknown      STRATEGY= 1      NO ERROR MATRIX       
  EXT PARAMETER               CURRENT GUESS       STEP         FIRST   
  NO.   NAME      VALUE            ERROR          SIZE      DERIVATIVE 
   1  N0           2.96859e+06     fixed    
   2  tau          6.44041e+01   constant   
   3  A0           3.52898e-01     fixed    
   4  phi          4.12108e+00     fixed    
   5  R           -5.92716e+01   constant   
   6  alpha_CBO   -8.73699e-04     fixed    
   7  w_CBO        2.32500e+00   constant   
   8  beta_CBO     0.00000e+00   1.00000e-03   1.00000e-03   3.47066e+05
   9  alpha_2CBO   0.00000e+00   1.00000e-03   1.00000e-03  -2.00102e+04
  10  beta_2CBO   -6.80000e-05     fixed    
  11  alpha_y      0.00000e+00     fixed    
  12  w_y          1.38860e+01   constant   
  13  beta_y       3.47380e-04     fixed    
  14  alpha_vw     0.00000e+00     fixed    
  15  w_vw         1.43404e+01   constant   
  16  beta_vw      0.00000e+00     fixed    
  17  LM           4.68092e-05   constant   
  18  zeta_y       0.00000e+00   constant   
  19  zeta_vw      0.00000e+00   constant   
  20  T_CBO        8.59758e+00   2.40677e-01  -7.45458e-04  -1.43113e+03
  21  alpha_A0     8.89515e+03   3.11633e+03   8.66447e+02  -4.32222e-04
  22  beta_A0     -6.75664e+03   2.36814e+03  -6.58425e+02  -9.34787e-05
  23  alpha_phi    1.94273e+03   6.79887e+02   1.89032e+02  -1.48853e-04
  24  beta_phi    -1.77227e+04   6.20902e+03  -1.72633e+03   4.16693e-04
 CALL LIMIT EXCEEDED IN MIGRAD.
 MIGRAD TERMINATED WITHOUT CONVERGENCE.
 FCN=117.192 FROM MIGRAD    STATUS=CALL LIMIT   1148 CALLS        4376 TOTAL
                     EDM=0.000335806    STRATEGY= 1  ERROR MATRIX UNCERTAINTY  23.0 per cent
  EXT PARAMETER                APPROXIMATE        STEP         FIRST   
  NO.   NAME      VALUE            ERROR          SIZE      DERIVATIVE 
   1  N0           2.96859e+06     fixed    
   2  tau          6.44041e+01   constant   
   3  A0           3.52898e-01     fixed    
   4  phi          4.12108e+00     fixed    
   5  R           -5.92716e+01   constant   
   6  alpha_CBO   -8.73699e-04     fixed    
   7  w_CBO        2.32500e+00   constant   
   8  beta_CBO    -4.33704e-03   1.55587e-04  -6.21381e-07  -3.23931e+01
   9  alpha_2CBO   1.41821e-04   1.62081e-04   1.56478e-06   9.79401e+01
  10  beta_2CBO   -6.80000e-05     fixed    
  11  alpha_y      0.00000e+00     fixed    
  12  w_y          1.38860e+01   constant   
  13  beta_y       3.47380e-04     fixed    
  14  alpha_vw     0.00000e+00     fixed    
  15  w_vw         1.43404e+01   constant   
  16  beta_vw      0.00000e+00     fixed    
  17  LM           4.68092e-05   constant   
  18  zeta_y       0.00000e+00   constant   
  19  zeta_vw      0.00000e+00   constant   
  20  T_CBO        6.36944e+00   5.53070e-01   8.74158e-06  -2.29239e+01
  21  alpha_A0     1.57794e+06   2.71204e+06  -8.01151e+02   3.68782e-07
  22  beta_A0     -3.18822e+05   5.50418e+05   1.63652e+02  -5.39279e-07
  23  alpha_phi    5.71588e+05   1.05516e+06  -3.18789e+02   9.48928e-07
  24  beta_phi    -2.11151e+06   3.47675e+06   1.00206e+03   7.12462e-07
 EXTERNAL ERROR MATRIX.    NDIM=  25    NPAR=  7    ERR DEF=1
  2.421e-08  8.700e-10  1.503e-05 -7.291e+01  1.476e+01 -2.832e+01  9.354e+01 
  8.700e-10  2.627e-08 -4.676e-05  2.382e+02 -4.837e+01  9.259e+01 -3.055e+02 
  1.503e-05 -4.676e-05  3.059e-01 -1.497e+06  3.038e+05 -5.823e+05  1.919e+06 
 -7.291e+01  2.382e+02 -1.497e+06  7.355e+12 -1.493e+12  2.862e+12 -9.429e+12 
  1.476e+01 -4.837e+01  3.038e+05 -1.493e+12  3.030e+11 -5.808e+11  1.914e+12 
 -2.832e+01  9.259e+01 -5.823e+05  2.862e+12 -5.808e+11  1.113e+12 -3.668e+12 
  9.354e+01 -3.055e+02  1.919e+06 -9.429e+12  1.914e+12 -3.668e+12  1.209e+13 
ERR MATRIX APPROXIMATE
 PARAMETER  CORRELATION COEFFICIENTS  
       NO.  GLOBAL      8      9     20     21     22     23     24
        8  0.27023   1.000  0.034  0.175 -0.173  0.172 -0.173  0.173
        9  0.65158   0.034  1.000 -0.522  0.542 -0.542  0.541 -0.542
       20  0.99811   0.175 -0.522  1.000 -0.998  0.998 -0.998  0.998
       21  1.00000  -0.173  0.542 -0.998  1.000 -1.000  1.000 -1.000
       22  0.99999   0.172 -0.542  0.998 -1.000  1.000 -1.000  1.000
       23  1.00000  -0.173  0.541 -0.998  1.000 -1.000  1.000 -1.000
       24  1.00000   0.173 -0.542  0.998 -1.000  1.000 -1.000  1.000
 ERR MATRIX APPROXIMATE
MINUIT - FIT wiggle + 1-CBO + 2-CBO
 **********
 **   42 **RES 
 **********
                   PARAMETER   16  beta_vw RESTORED TO VARIABLE.
                   PARAMETER   14  alpha_vw RESTORED TO VARIABLE.
                   PARAMETER   13  beta_y RESTORED TO VARIABLE.
                   PARAMETER   11  alpha_y RESTORED TO VARIABLE.
                   PARAMETER   10  beta_2CBO RESTORED TO VARIABLE.
                   PARAMETER    6  alpha_CBO RESTORED TO VARIABLE.
                   PARAMETER    4  phi RESTORED TO VARIABLE.
                   PARAMETER    3  A0 RESTORED TO VARIABLE.
                   PARAMETER    1  N0 RESTORED TO VARIABLE.
 **********
 **   43 **FIX           10
 **********
 **********
 **   44 **FIX           11
 **********
 **********
 **   45 **FIX           12
 **********
 PARAMETER   12  IS CONSTANT.   IGNORED.
 **********
 **   46 **FIX           13
 **********
 **********
 **   47 **FIX           14
 **********
 **********
 **   48 **FIX           15
 **********
 PARAMETER   15  IS CONSTANT.   IGNORED.
 **********
 **   49 **FIX           16
 **********
 **********
 **   50 **MIGRAD
 **********
 START MIGRAD MINIMIZATION.  STRATEGY  1.  CONVERGENCE WHEN EDM .LT. 1.00e-04
 FCN=117.192 FROM MIGRAD    STATUS=INITIATE       22 CALLS        4398 TOTAL
                     EDM= unknown      STRATEGY= 1      NO ERROR MATRIX       
  EXT PARAMETER               CURRENT GUESS       STEP         FIRST   
  NO.   NAME      VALUE            ERROR          SIZE      DERIVATIVE 
   1  N0           2.96859e+06   3.35325e+02   3.35325e+02  -7.30509e-03
   2  tau          6.44041e+01   constant   
   3  A0           3.52898e-01   1.54948e-04   1.54948e-04  -2.74959e+04
   4  phi          4.12108e+00   4.57008e-04   4.57008e-04   2.77543e+04
   5  R           -5.92716e+01   constant   
   6  alpha_CBO   -8.73699e-04   1.68298e-04   1.68298e-04  -1.14280e+03
   7  w_CBO        2.32500e+00   constant   
   8  beta_CBO    -4.33704e-03   1.55587e-04  -6.21381e-07  -3.23931e+01
   9  alpha_2CBO   1.41821e-04   1.62081e-04   1.56478e-06   9.79401e+01
  10  beta_2CBO   -6.80000e-05     fixed    
  11  alpha_y      0.00000e+00     fixed    
  12  w_y          1.38860e+01   constant   
  13  beta_y       3.47380e-04     fixed    
  14  alpha_vw     0.00000e+00     fixed    
  15  w_vw         1.43404e+01   constant   
  16  beta_vw      0.00000e+00     fixed    
  17  LM           4.68092e-05   constant   
  18  zeta_y       0.00000e+00   constant   
  19  zeta_vw      0.00000e+00   constant   
  20  T_CBO        6.36944e+00   5.53070e-01   8.74158e-06  -2.29239e+01
  21  alpha_A0     1.57794e+06   2.71204e+06  -8.01151e+02   3.68783e-07
  22  beta_A0     -3.18822e+05   5.50418e+05   1.63652e+02  -5.39282e-07
  23  alpha_phi    5.71588e+05   1.05516e+06  -3.18789e+02   9.48928e-07
  24  beta_phi    -2.11151e+06   3.47675e+06   1.00206e+03   7.12462e-07
 CALL LIMIT EXCEEDED IN MIGRAD.
 MIGRAD TERMINATED WITHOUT CONVERGENCE.
 FCN=60.2844 FROM MIGRAD    STATUS=CALL LIMIT   1905 CALLS        6281 TOTAL
                     EDM=0.00230005    STRATEGY= 1  ERROR MATRIX UNCERTAINTY  27.8 per cent
  EXT PARAMETER                APPROXIMATE        STEP         FIRST   
  NO.   NAME      VALUE            ERROR          SIZE      DERIVATIVE 
   1  N0           2.96894e+06   3.37897e+02  -7.49302e+00  -1.52512e-04
   2  tau          6.44041e+01   constant   
   3  A0           3.53342e-01   1.59592e-04   3.27559e-06   3.40229e+01
   4  phi          4.11751e+00   4.98416e-04  -2.18824e-06   8.75933e+00
   5  R           -5.92716e+01   constant   
   6  alpha_CBO   -8.05325e-04   1.63793e-04   7.98165e-07   1.69764e+01
   7  w_CBO        2.32500e+00   constant   
   8  beta_CBO    -4.65823e-03   1.65849e-04  -9.36606e-07  -2.55113e+02
   9  alpha_2CBO   1.39011e-04   1.69601e-04  -1.15574e-07   3.29045e+01
  10  beta_2CBO   -6.80000e-05     fixed    
  11  alpha_y      0.00000e+00     fixed    
  12  w_y          1.38860e+01   constant   
  13  beta_y       3.47380e-04     fixed    
  14  alpha_vw     0.00000e+00     fixed    
  15  w_vw         1.43404e+01   constant   
  16  beta_vw      0.00000e+00     fixed    
  17  LM           4.68092e-05   constant   
  18  zeta_y       0.00000e+00   constant   
  19  zeta_vw      0.00000e+00   constant   
  20  T_CBO        5.18345e+00   5.95478e-01  -8.54238e-04  -1.76206e+01
  21  alpha_A0     9.25002e+07   2.06086e+08   2.36223e+07  -1.83642e-09
  22  beta_A0     -5.20291e+07   1.15711e+08  -1.30836e+07   1.80839e-10
  23  alpha_phi    6.69860e+06   1.19604e+07   1.19843e+06   6.77337e-10
  24  beta_phi    -1.74048e+08   3.89848e+08  -4.45660e+07  -4.18539e-10
 EXTERNAL ERROR MATRIX.    NDIM=  25    NPAR= 11    ERR DEF=1
  1.142e+05 
 -4.751e-03  2.547e-08 
 -1.072e-02 -2.392e-09  2.484e-07 
  1.232e-03  2.291e-09 -2.470e-09  2.683e-08 
 -2.669e-03 -1.826e-09  1.984e-08 -6.779e-10  2.751e-08 
  2.412e-03 -3.048e-10  5.387e-10  8.737e-10  6.197e-10  2.876e-08 
  1.222e+00 -1.679e-05  6.504e-06 -2.004e-06 -4.795e-06  4.308e-06  3.546e-01 
 -1.782e+07  6.192e+03  1.946e+01  4.096e+02  1.972e+03 -1.667e+03 -1.217e+08  4.247e+16 
  2.573e+08 -3.522e+03  4.373e+02 -3.153e+02 -1.147e+03  7.971e+02  6.846e+07 -2.381e+16  1.339e+16 
  5.790e+06  3.005e+02  6.052e+01 -2.065e+01  1.407e+02  5.170e+01 -6.832e+06  2.356e+15 -1.331e+15  1.431e+14 
  3.755e+08 -1.183e+04  9.030e+02 -1.019e+03 -3.732e+03  3.206e+03  2.304e+08 -8.031e+16  4.508e+16 -4.450e+15  1.520e+17 
ERR MATRIX APPROXIMATE
 PARAMETER  CORRELATION COEFFICIENTS  
       NO.  GLOBAL      1      3      4      6      8      9     20     21     22     23     24
        1  0.34396   1.000 -0.088 -0.064  0.022 -0.048  0.042  0.006 -0.000  0.007  0.001  0.003
        3  0.36563  -0.088  1.000 -0.030  0.088 -0.069 -0.011 -0.177  0.188 -0.191  0.157 -0.190
        4  0.34468  -0.064 -0.030  1.000 -0.030  0.240  0.006  0.022  0.000  0.008  0.010  0.005
        6  0.19230   0.022  0.088 -0.030  1.000 -0.025  0.031 -0.021  0.012 -0.017 -0.011 -0.016
        8  0.28907  -0.048 -0.069  0.240 -0.025  1.000  0.022 -0.049  0.058 -0.060  0.071 -0.058
        9  0.27798   0.042 -0.011  0.006  0.031  0.022  1.000  0.043 -0.048  0.041  0.025  0.048
       20  0.99413   0.006 -0.177  0.022 -0.021 -0.049  0.043  1.000 -0.992  0.994 -0.959  0.993
       21  0.99998  -0.000  0.188  0.000  0.012  0.058 -0.048 -0.992  1.000 -0.999  0.956 -1.000
       22  0.99998   0.007 -0.191  0.008 -0.017 -0.060  0.041  0.994 -0.999  1.000 -0.962  0.999
       23  0.99866   0.001  0.157  0.010 -0.011  0.071  0.025 -0.959  0.956 -0.962  1.000 -0.954
       24  0.99999   0.003 -0.190  0.005 -0.016 -0.058  0.048  0.993 -1.000  0.999 -0.954  1.000
 ERR MATRIX APPROXIMATE
MINUIT - FIT ONLY 1-y
 **********
 **   51 **RES 
 **********
                   PARAMETER   16  beta_vw RESTORED TO VARIABLE.
                   PARAMETER   14  alpha_vw RESTORED TO VARIABLE.
                   PARAMETER   13  beta_y RESTORED TO VARIABLE.
                   PARAMETER   11  alpha_y RESTORED TO VARIABLE.
                   PARAMETER   10  beta_2CBO RESTORED TO VARIABLE.
 **********
 **   52 **FIX            0
 **********
 PARAMETER    0  IS UNDEFINED. IGNORED.
 **********
 **   53 **FIX            1
 **********
 **********
 **   54 **FIX            2
 **********
 PARAMETER    2  IS CONSTANT.   IGNORED.
 **********
 **   55 **FIX            3
 **********
 **********
 **   56 **FIX            4
 **********
 **********
 **   57 **FIX            5
 **********
 PARAMETER    5  IS CONSTANT.   IGNORED.
 **********
 **   58 **FIX            6
 **********
 **********
 **   59 **FIX            7
 **********
 PARAMETER    7  IS CONSTANT.   IGNORED.
 **********
 **   60 **FIX            8
 **********
 **********
 **   61 **FIX            9
 **********
 **********
 **   62 **FIX           13
 **********
 **********
 **   63 **FIX           14
 **********
 **********
 **   64 **FIX           15
 **********
 PARAMETER   15  IS CONSTANT.   IGNORED.
 **********
 **   65 **FIX           16
 **********
 **********
 **   66 **MIGRAD
 **********
 START MIGRAD MINIMIZATION.  STRATEGY  1.  CONVERGENCE WHEN EDM .LT. 1.00e-04
 FCN=60.2844 FROM MIGRAD    STATUS=INITIATE       58 CALLS        6339 TOTAL
                     EDM= unknown      STRATEGY= 1      NO ERROR MATRIX       
  EXT PARAMETER               CURRENT GUESS       STEP         FIRST   
  NO.   NAME      VALUE            ERROR          SIZE      DERIVATIVE 
   1  N0           2.96894e+06     fixed    
   2  tau          6.44041e+01   constant   
   3  A0           3.53342e-01     fixed    
   4  phi          4.11751e+00     fixed    
   5  R           -5.92716e+01   constant   
   6  alpha_CBO   -8.05325e-04     fixed    
   7  w_CBO        2.32500e+00   constant   
   8  beta_CBO    -4.65823e-03     fixed    
   9  alpha_2CBO   1.39011e-04     fixed    
  10  beta_2CBO   -6.80000e-05   1.56327e-04   0.00000e+00   1.39367e+04
  11  alpha_y      0.00000e+00   1.00000e-03   0.00000e+00  -1.23512e+04
  12  w_y          1.38860e+01   constant   
  13  beta_y       3.47380e-04     fixed    
  14  alpha_vw     0.00000e+00     fixed    
  15  w_vw         1.43404e+01   constant   
  16  beta_vw      0.00000e+00     fixed    
  17  LM           4.68092e-05   constant   
  18  zeta_y       0.00000e+00   constant   
  19  zeta_vw      0.00000e+00   constant   
  20  T_CBO        5.18345e+00   5.95478e-01   0.00000e+00  -1.76088e+01
  21  alpha_A0     9.25002e+07   2.06086e+08   0.00000e+00  -1.83656e-09
  22  beta_A0     -5.20291e+07   1.15711e+08   0.00000e+00   1.82236e-10
  23  alpha_phi    6.65432e+06   1.19604e+07  -2.21422e+04   5.99982e-10
  24  beta_phi    -1.74048e+08   3.89848e+08   0.00000e+00  -4.22042e-10
 MIGRAD MINIMIZATION HAS CONVERGED.
 MIGRAD WILL VERIFY CONVERGENCE AND ERROR MATRIX.
 COVARIANCE MATRIX CALCULATED SUCCESSFULLY
 FCN=58.0706 FROM MIGRAD    STATUS=CONVERGED     221 CALLS        6502 TOTAL
                     EDM=4.29385e-07    STRATEGY= 1      ERROR MATRIX ACCURATE 
  EXT PARAMETER                                   STEP         FIRST   
  NO.   NAME      VALUE            ERROR          SIZE      DERIVATIVE 
   1  N0           2.96894e+06     fixed    
   2  tau          6.44041e+01   constant   
   3  A0           3.53342e-01     fixed    
   4  phi          4.11751e+00     fixed    
   5  R           -5.92716e+01   constant   
   6  alpha_CBO   -8.05325e-04     fixed    
   7  w_CBO        2.32500e+00   constant   
   8  beta_CBO    -4.65823e-03     fixed    
   9  alpha_2CBO   1.39011e-04     fixed    
  10  beta_2CBO   -2.51466e-04   1.59192e-04   5.96189e-07  -5.03194e+00
  11  alpha_y      1.53031e-04   1.59028e-04   5.96512e-07   2.45610e+00
  12  w_y          1.38860e+01   constant   
  13  beta_y       3.47380e-04     fixed    
  14  alpha_vw     0.00000e+00     fixed    
  15  w_vw         1.43404e+01   constant   
  16  beta_vw      0.00000e+00     fixed    
  17  LM           4.68092e-05   constant   
  18  zeta_y       0.00000e+00   constant   
  19  zeta_vw      0.00000e+00   constant   
  20  T_CBO        5.18168e+00   3.46068e-02   1.81099e-06   5.11551e-01
  21  alpha_A0     8.50168e+07   1.41421e+00   4.05391e+01  -1.49587e-10
  22  beta_A0     -5.58489e+07   1.41421e+00   2.66309e+01   2.40740e-10
  23  alpha_phi    1.09279e+07   1.41421e+00   2.17385e+01   2.00176e-11
  24  beta_phi    -1.79537e+08   1.41421e+00   8.56101e+01   7.68360e-11
 EXTERNAL ERROR MATRIX.    NDIM=  25    NPAR=  7    ERR DEF=1
  2.534e-08  6.469e-10 -3.264e-07  1.697e-12  4.766e-13 -8.308e-13  6.082e-13 
  6.469e-10  2.529e-08 -1.050e-07 -1.429e-13 -1.585e-13  2.203e-13 -1.901e-15 
 -3.264e-07 -1.050e-07  1.198e-03 -6.928e-10  3.544e-10 -2.519e-11  1.918e-09 
  1.697e-12 -1.429e-13 -6.928e-10  2.000e+00 -8.207e-14 -1.771e-14 -4.806e-15 
  4.766e-13 -1.585e-13  3.544e-10 -8.207e-14  2.000e+00 -2.924e-14 -3.752e-15 
 -8.308e-13  2.203e-13 -2.519e-11 -1.771e-14 -2.924e-14  2.000e+00 -5.552e-15 
  6.082e-13 -1.901e-15  1.918e-09 -4.806e-15 -3.752e-15 -5.552e-15  2.000e+00 
 PARAMETER  CORRELATION COEFFICIENTS  
       NO.  GLOBAL     10     11     20     21     22     23     24
       10  0.06409   1.000  0.026 -0.059  0.000  0.000 -0.000  0.000
       11  0.03103   0.026  1.000 -0.019 -0.000 -0.000  0.000 -0.000
       20  0.06180  -0.059 -0.019  1.000 -0.000  0.000 -0.000  0.000
       21  0.00000   0.000 -0.000 -0.000  1.000 -0.000 -0.000 -0.000
       22  0.00000   0.000 -0.000  0.000 -0.000  1.000 -0.000 -0.000
       23  0.00000  -0.000  0.000 -0.000 -0.000 -0.000  1.000 -0.000
       24  0.00000   0.000 -0.000  0.000 -0.000 -0.000 -0.000  1.000
MINUIT - FIT ONLY 2-y
 **********
 **   67 **RES 
 **********
                   PARAMETER   16  beta_vw RESTORED TO VARIABLE.
                   PARAMETER   14  alpha_vw RESTORED TO VARIABLE.
                   PARAMETER   13  beta_y RESTORED TO VARIABLE.
                   PARAMETER    9  alpha_2CBO RESTORED TO VARIABLE.
                   PARAMETER    8  beta_CBO RESTORED TO VARIABLE.
                   PARAMETER    6  alpha_CBO RESTORED TO VARIABLE.
                   PARAMETER    4  phi RESTORED TO VARIABLE.
                   PARAMETER    3  A0 RESTORED TO VARIABLE.
                   PARAMETER    1  N0 RESTORED TO VARIABLE.
 **********
 **   68 **FIX            0
 **********
 PARAMETER    0  IS UNDEFINED. IGNORED.
 **********
 **   69 **FIX            1
 **********
 **********
 **   70 **FIX            2
 **********
 PARAMETER    2  IS CONSTANT.   IGNORED.
 **********
 **   71 **FIX            3
 **********
 **********
 **   72 **FIX            4
 **********
 **********
 **   73 **FIX            5
 **********
 PARAMETER    5  IS CONSTANT.   IGNORED.
 **********
 **   74 **FIX            6
 **********
 **********
 **   75 **FIX            7
 **********
 PARAMETER    7  IS CONSTANT.   IGNORED.
 **********
 **   76 **FIX            8
 **********
 **********
 **   77 **FIX            9
 **********
 **********
 **   78 **FIX           10
 **********
 **********
 **   79 **FIX           11
 **********
 **********
 **   80 **FIX           12
 **********
 PARAMETER   12  IS CONSTANT.   IGNORED.
 **********
 **   81 **FIX           16
 **********
 **********
 **   82 **MIGRAD
 **********
 START MIGRAD MINIMIZATION.  STRATEGY  1.  CONVERGENCE WHEN EDM .LT. 1.00e-04
 FCN=58.0706 FROM MIGRAD    STATUS=INITIATE      144 CALLS        6646 TOTAL
                     EDM= unknown      STRATEGY= 1      NO ERROR MATRIX       
  EXT PARAMETER               CURRENT GUESS       STEP         FIRST   
  NO.   NAME      VALUE            ERROR          SIZE      DERIVATIVE 
   1  N0           2.96894e+06     fixed    
   2  tau          6.44041e+01   constant   
   3  A0           3.53342e-01     fixed    
   4  phi          4.11751e+00     fixed    
   5  R           -5.92716e+01   constant   
   6  alpha_CBO   -8.05325e-04     fixed    
   7  w_CBO        2.32500e+00   constant   
   8  beta_CBO    -4.65823e-03     fixed    
   9  alpha_2CBO   1.39011e-04     fixed    
  10  beta_2CBO   -2.51466e-04     fixed    
  11  alpha_y      1.53031e-04     fixed    
  12  w_y          1.38860e+01   constant   
  13  beta_y       3.47380e-04   1.62704e-04   0.00000e+00   3.95465e+02
  14  alpha_vw     0.00000e+00   1.00000e-03   0.00000e+00   1.63816e+04
  15  w_vw         1.43404e+01   constant   
  16  beta_vw      0.00000e+00     fixed    
  17  LM           4.68092e-05   constant   
  18  zeta_y       0.00000e+00   constant   
  19  zeta_vw      0.00000e+00   constant   
  20  T_CBO        5.18168e+00   3.46068e-02   0.00000e+00   5.67110e+00
  21  alpha_A0     8.51324e+07   1.41421e+00  -4.05943e+01  -4.23935e-13
  22  beta_A0     -5.58756e+07   1.41421e+00   0.00000e+00   2.05391e-10
  23  alpha_phi    1.09279e+07   1.41421e+00   0.00000e+00   2.10876e-11
  24  beta_phi    -1.79537e+08   1.41421e+00   0.00000e+00   7.53564e-11
 MIGRAD MINIMIZATION HAS CONVERGED.
 MIGRAD WILL VERIFY CONVERGENCE AND ERROR MATRIX.
 COVARIANCE MATRIX CALCULATED SUCCESSFULLY
 FCN=56.2451 FROM MIGRAD    STATUS=CONVERGED     323 CALLS        6825 TOTAL
                     EDM=5.28836e-07    STRATEGY= 1      ERROR MATRIX ACCURATE 
  EXT PARAMETER                                   STEP         FIRST   
  NO.   NAME      VALUE            ERROR          SIZE      DERIVATIVE 
   1  N0           2.96894e+06     fixed    
   2  tau          6.44041e+01   constant   
   3  A0           3.53342e-01     fixed    
   4  phi          4.11751e+00     fixed    
   5  R           -5.92716e+01   constant   
   6  alpha_CBO   -8.05325e-04     fixed    
   7  w_CBO        2.32500e+00   constant   
   8  beta_CBO    -4.65823e-03     fixed    
   9  alpha_2CBO   1.39011e-04     fixed    
  10  beta_2CBO   -2.51466e-04     fixed    
  11  alpha_y      1.53031e-04     fixed    
  12  w_y          1.38860e+01   constant   
  13  beta_y       2.93411e-04   1.65318e-04   5.96099e-07  -4.28593e-01
  14  alpha_vw    -2.21519e-04   1.63869e-04   5.90844e-07   1.62388e+00
  15  w_vw         1.43404e+01   constant   
  16  beta_vw      0.00000e+00     fixed    
  17  LM           4.68092e-05   constant   
  18  zeta_y       0.00000e+00   constant   
  19  zeta_vw      0.00000e+00   constant   
  20  T_CBO        5.17915e+00   3.43909e-02   1.76939e-06   2.08359e+00
  21  alpha_A0     8.72382e+07   1.41421e+00   4.15984e+01  -1.02156e-10
  22  beta_A0     -5.51758e+07   1.41421e+00   2.63099e+01   5.47450e-10
  23  alpha_phi    9.73717e+06   1.41421e+00   2.14000e+01  -1.84940e-12
  24  beta_phi    -1.82335e+08   1.41421e+00   8.69440e+01   3.83941e-11
 EXTERNAL ERROR MATRIX.    NDIM=  25    NPAR=  7    ERR DEF=1
  2.733e-08  5.893e-09 -6.715e-08 -3.795e-14 -1.898e-13  1.939e-13  5.393e-14 
  5.893e-09  2.685e-08 -8.700e-08 -1.330e-13 -2.362e-13  2.721e-13  2.620e-14 
 -6.715e-08 -8.700e-08  1.183e-03 -6.735e-10  3.560e-10 -1.945e-11  1.896e-09 
 -3.795e-14 -1.330e-13 -6.735e-10  2.000e+00 -2.374e-14 -1.667e-15 -1.105e-15 
 -1.898e-13 -2.362e-13  3.560e-10 -2.374e-14  2.000e+00 -1.328e-14 -1.612e-15 
  1.939e-13  2.721e-13 -1.945e-11 -1.667e-15 -1.328e-14  2.000e+00 -1.587e-16 
  5.393e-14  2.620e-14  1.896e-09 -1.105e-15 -1.612e-15 -1.587e-16  2.000e+00 
 PARAMETER  CORRELATION COEFFICIENTS  
       NO.  GLOBAL     13     14     20     21     22     23     24
       13  0.21768   1.000  0.218 -0.012 -0.000 -0.000  0.000  0.000
       14  0.21790   0.218  1.000 -0.015 -0.000 -0.000  0.000  0.000
       20  0.01770  -0.012 -0.015  1.000 -0.000  0.000 -0.000  0.000
       21  0.00000  -0.000 -0.000 -0.000  1.000 -0.000 -0.000 -0.000
       22  0.00000  -0.000 -0.000  0.000 -0.000  1.000 -0.000 -0.000
       23  0.00000   0.000  0.000 -0.000 -0.000 -0.000  1.000 -0.000
