 + ++++++++++++++++++++++++++++++++++++++++++++++++++++++++++++++++++++ +
 +                                                                      +
 +           You have chose to blind your fitting according to          +
 +                omega_ref * (1 + (R +/- deltaR) *10^{-6})             +
 +                                                                      +
 + ++++++++++++++++++++++++++++++++++++++++++++++++++++++++++++++++++++ +
In main()...
reading format from /gm2data/zkhechad/run45/envelope/formats/formatB_sBin_constraintOn.txt
pBinTau 	= 0  
pBinPhi 	= 0  
constraintau 	= 1 
includeMopTerm 	= 0    
constrainMop    = 0   
Parameters after format file: pBinTau 0 pBinPhi 0 constraintau 1 includeMopTerm 0 constrainMop 0 c_e_scale 0.000000 
Opening file /gm2data/tbarrett/gm2fr/studies/run23_bunch_corrections/CorrectedFourier_Run3b.root.
reading full fit data from /gm2data/zkhechad/cboTemplates/Run4CBOTemplates/fullFits/noRF/sBin_constraintOn_cE0.0_seed0_noRF_calo19.root
windowBins = 69
fitting sliding window 2310 from bin 2446 at 364.794000 to bin 2515 at 375.238000 (69 bins)

Reading data from /gm2data/cornell/histograms/aMethod/histogram_a_noRF.root
 **********
 **    1 **SET PRINTOUT            1
 **********
 **********
 **    2 **SET NOWARNINGS 
 **********
 PARAMETER DEFINITIONS:
    NO.   NAME         VALUE      STEP SIZE      LIMITS
     1 N0           3.18973e+06  1.00000e+02     no limits
     2 tau          6.43945e+01  constant
     3 A0           3.47817e-01  1.00000e-04     no limits
     4 phi          4.13218e+00  1.00000e-02     no limits
     5 R           -5.98741e+01  constant
     6 alpha_CBO    0.00000e+00  1.00000e-03     no limits
     7 w_CBO        2.32500e+00  constant
     8 beta_CBO     0.00000e+00  1.00000e-03     no limits
     9 alpha_2CBO   0.00000e+00  1.00000e-03     no limits
    10 beta_2CBO    0.00000e+00  1.00000e-03     no limits
    11 alpha_y      0.00000e+00  1.00000e-03     no limits
    12 w_y          1.38860e+01  constant
    13 beta_y       0.00000e+00  1.00000e-03     no limits
    14 alpha_vw     0.00000e+00  1.00000e-03     no limits
    15 w_vw         1.43404e+01  constant
    16 beta_vw      0.00000e+00  1.00000e-03     no limits
    17 LM          -2.15884e-04  constant
    18 zeta_y       0.00000e+00  constant
    19 zeta_vw      0.00000e+00  constant
    20 T_CBO        1.00000e+02  1.00000e+00    0.00000e+00  1.00000e+03
    21 alpha_A0     0.00000e+00  1.00000e-03     no limits
    22 beta_A0      0.00000e+00  1.00000e-03     no limits
    23 alpha_phi    0.00000e+00  1.00000e-03     no limits
    24 beta_phi     0.00000e+00  1.00000e-03     no limits
MINUIT - FIT ONLY WIGGLE
 **********
 **    3 **FIX            5
 **********
 PARAMETER    5  IS CONSTANT.   IGNORED.
 **********
 **    4 **FIX            6
 **********
 **********
 **    5 **FIX            7
 **********
 PARAMETER    7  IS CONSTANT.   IGNORED.
 **********
 **    6 **FIX            8
 **********
 **********
 **    7 **FIX            9
 **********
 **********
 **    8 **FIX           10
 **********
 **********
 **    9 **FIX           11
 **********
 **********
 **   10 **FIX           12
 **********
 PARAMETER   12  IS CONSTANT.   IGNORED.
 **********
 **   11 **FIX           13
 **********
 **********
 **   12 **FIX           14
 **********
 **********
 **   13 **FIX           15
 **********
 PARAMETER   15  IS CONSTANT.   IGNORED.
 **********
 **   14 **FIX           16
 **********
 **********
 **   15 **MIGRAD
 **********
 FIRST CALL TO USER FUNCTION AT NEW START POINT, WITH IFLAG=4.
 START MIGRAD MINIMIZATION.  STRATEGY  1.  CONVERGENCE WHEN EDM .LT. 1.00e-04
 FCN=89.5379 FROM MIGRAD    STATUS=INITIATE      437 CALLS         438 TOTAL
                     EDM= unknown      STRATEGY= 1      NO ERROR MATRIX       
  EXT PARAMETER               CURRENT GUESS       STEP         FIRST   
  NO.   NAME      VALUE            ERROR          SIZE      DERIVATIVE 
   1  N0           3.18973e+06   1.00000e+02   0.00000e+00  -1.72430e-04
   2  tau          6.43945e+01   constant   
   3  A0           3.47817e-01   1.00000e-04   0.00000e+00   4.51615e+02
   4  phi          4.13218e+00   1.00000e-02   0.00000e+00  -4.42721e+02
   5  R           -5.98741e+01   constant   
   6  alpha_CBO    0.00000e+00     fixed    
   7  w_CBO        2.32500e+00   constant   
   8  beta_CBO     0.00000e+00     fixed    
   9  alpha_2CBO   0.00000e+00     fixed    
  10  beta_2CBO    0.00000e+00     fixed    
  11  alpha_y      0.00000e+00     fixed    
  12  w_y          1.38860e+01   constant   
  13  beta_y       0.00000e+00     fixed    
  14  alpha_vw     0.00000e+00     fixed    
  15  w_vw         1.43404e+01   constant   
  16  beta_vw      0.00000e+00     fixed    
  17  LM          -2.15884e-04   constant   
  18  zeta_y       0.00000e+00   constant   
  19  zeta_vw      0.00000e+00   constant   
  20  T_CBO        1.00000e+02   1.00000e+00   0.00000e+00   0.00000e+00
  21  alpha_A0     0.00000e+00   1.00000e-03   0.00000e+00   1.38426e+00
  22  beta_A0      0.00000e+00   1.00000e-03   0.00000e+00  -6.39880e+00
  23  alpha_phi    0.00000e+00   1.00000e-03   0.00000e+00  -2.63939e+00
  24  beta_phi     0.00000e+00   1.00000e-03   0.00000e+00  -1.46508e+01
 CALL LIMIT EXCEEDED IN MIGRAD.
 MIGRAD TERMINATED WITHOUT CONVERGENCE.
 FCN=87.2905 FROM MIGRAD    STATUS=CALL LIMIT   1336 CALLS        1337 TOTAL
                     EDM=0.000512414    STRATEGY= 1  ERROR MATRIX UNCERTAINTY   1.7 per cent
  EXT PARAMETER                APPROXIMATE        STEP         FIRST   
  NO.   NAME      VALUE            ERROR          SIZE      DERIVATIVE 
   1  N0           3.18944e+06   2.44685e+03   2.34925e+00  -5.07447e-06
   2  tau          6.43945e+01   constant   
   3  A0           3.47764e-01   1.03280e-03   3.27509e-07  -1.20444e+01
   4  phi          4.13397e+00   2.89770e-03  -1.65972e-06   7.07326e+00
   5  R           -5.98741e+01   constant   
   6  alpha_CBO    0.00000e+00     fixed    
   7  w_CBO        2.32500e+00   constant   
   8  beta_CBO     0.00000e+00     fixed    
   9  alpha_2CBO   0.00000e+00     fixed    
  10  beta_2CBO    0.00000e+00     fixed    
  11  alpha_y      0.00000e+00     fixed    
  12  w_y          1.38860e+01   constant   
  13  beta_y       0.00000e+00     fixed    
  14  alpha_vw     0.00000e+00     fixed    
  15  w_vw         1.43404e+01   constant   
  16  beta_vw      0.00000e+00     fixed    
  17  LM          -2.15884e-04   constant   
  18  zeta_y       0.00000e+00   constant   
  19  zeta_vw      0.00000e+00   constant   
  20  T_CBO        5.04185e+01   2.53859e+01   8.48964e-04  -1.18322e-01
  21  alpha_A0    -1.69647e+00   7.20591e+00   2.95984e-02  -1.51415e-02
  22  beta_A0      2.98966e+00   1.11392e+01  -4.47827e-02   1.14299e-02
  23  alpha_phi    7.58388e-01   3.08509e+00  -1.24625e-02   6.23182e-03
  24  beta_phi     7.78748e+00   2.73158e+01  -1.07429e-01  -1.08043e-02
 EXTERNAL ERROR MATRIX.    NDIM=  25    NPAR=  8    ERR DEF=1
  5.987e+06 -3.554e-01 -1.197e-01  1.173e+04  4.425e+03 -6.692e+03 -1.848e+03 -1.664e+04 
 -3.554e-01  1.067e-06  1.223e-07  6.137e-03  1.520e-03 -2.438e-03 -6.687e-04 -5.993e-03 
 -1.197e-01  1.223e-07  8.397e-06 -2.824e-02 -8.057e-03  1.269e-02  3.425e-03  3.148e-02 
  1.173e+04  6.137e-03 -2.824e-02  6.474e+02  1.794e+02 -2.775e+02 -7.675e+01 -6.799e+02 
  4.425e+03  1.520e-03 -8.057e-03  1.794e+02  5.193e+01 -8.019e+01 -2.220e+01 -1.965e+02 
 -6.692e+03 -2.438e-03  1.269e-02 -2.775e+02 -8.019e+01  1.241e+02  3.431e+01  3.042e+02 
 -1.848e+03 -6.687e-04  3.425e-03 -7.675e+01 -2.220e+01  3.431e+01  9.518e+00  8.410e+01 
 -1.664e+04 -5.993e-03  3.148e-02 -6.799e+02 -1.965e+02  3.042e+02  8.410e+01  7.462e+02 
ERR MATRIX APPROXIMATE
 PARAMETER  CORRELATION COEFFICIENTS  
       NO.  GLOBAL      1      3      4     20     21     22     23     24
        1  0.46399   1.000 -0.141 -0.017  0.188  0.251 -0.246 -0.245 -0.249
        3  0.38260  -0.141  1.000  0.041  0.234  0.204 -0.212 -0.210 -0.212
        4  0.50004  -0.017  0.041  1.000 -0.383 -0.386  0.393  0.383  0.398
       20  0.98105   0.188  0.234 -0.383  1.000  0.979 -0.979 -0.978 -0.978
       21  0.99937   0.251  0.204 -0.386  0.979  1.000 -0.999 -0.998 -0.998
       22  0.99986  -0.246 -0.212  0.393 -0.979 -0.999  1.000  0.998  1.000
       23  0.99868  -0.245 -0.210  0.383 -0.978 -0.998  0.998  1.000  0.998
       24  0.99975  -0.249 -0.212  0.398 -0.978 -0.998  1.000  0.998  1.000
 ERR MATRIX APPROXIMATE
MINUIT - FIT ONLY 1-CBO + wiggle
 **********
 **   16 **RES 
 **********
                   PARAMETER   16  beta_vw RESTORED TO VARIABLE.
                   PARAMETER   14  alpha_vw RESTORED TO VARIABLE.
                   PARAMETER   13  beta_y RESTORED TO VARIABLE.
                   PARAMETER   11  alpha_y RESTORED TO VARIABLE.
                   PARAMETER   10  beta_2CBO RESTORED TO VARIABLE.
                   PARAMETER    9  alpha_2CBO RESTORED TO VARIABLE.
                   PARAMETER    8  beta_CBO RESTORED TO VARIABLE.
                   PARAMETER    6  alpha_CBO RESTORED TO VARIABLE.
 **********
 **   17 **FIX            8
 **********
 **********
 **   18 **FIX            9
 **********
 **********
 **   19 **FIX           11
 **********
 **********
 **   20 **FIX           12
 **********
 PARAMETER   12  IS CONSTANT.   IGNORED.
 **********
 **   21 **FIX           14
 **********
 **********
 **   22 **FIX           15
 **********
 PARAMETER   15  IS CONSTANT.   IGNORED.
 **********
 **   23 **FIX           16
 **********
 **********
 **   24 **MIGRAD
 **********
 START MIGRAD MINIMIZATION.  STRATEGY  1.  CONVERGENCE WHEN EDM .LT. 1.00e-04
 FCN=87.2905 FROM MIGRAD    STATUS=INITIATE       28 CALLS        1365 TOTAL
                     EDM= unknown      STRATEGY= 1      NO ERROR MATRIX       
  EXT PARAMETER               CURRENT GUESS       STEP         FIRST   
  NO.   NAME      VALUE            ERROR          SIZE      DERIVATIVE 
   1  N0           3.18944e+06   2.44685e+03   2.34925e+00  -5.07447e-06
   2  tau          6.43945e+01   constant   
   3  A0           3.47764e-01   1.03280e-03   3.27509e-07  -1.20444e+01
   4  phi          4.13397e+00   2.89770e-03  -1.65972e-06   7.07326e+00
   5  R           -5.98741e+01   constant   
   6  alpha_CBO    0.00000e+00   1.00000e-03   1.00000e-03  -9.49005e+03
   7  w_CBO        2.32500e+00   constant   
   8  beta_CBO     0.00000e+00     fixed    
   9  alpha_2CBO   0.00000e+00     fixed    
  10  beta_2CBO    0.00000e+00   1.00000e-03   1.00000e-03  -4.34685e+03
  11  alpha_y      0.00000e+00     fixed    
  12  w_y          1.38860e+01   constant   
  13  beta_y       0.00000e+00   1.00000e-03   1.00000e-03   2.79466e+03
  14  alpha_vw     0.00000e+00     fixed    
  15  w_vw         1.43404e+01   constant   
  16  beta_vw      0.00000e+00     fixed    
  17  LM          -2.15884e-04   constant   
  18  zeta_y       0.00000e+00   constant   
  19  zeta_vw      0.00000e+00   constant   
  20  T_CBO        5.04185e+01   2.53859e+01   8.48964e-04  -1.18336e-01
  21  alpha_A0    -1.69647e+00   7.20591e+00   2.95984e-02  -1.51415e-02
  22  beta_A0      2.98966e+00   1.11392e+01  -4.47827e-02   1.14299e-02
  23  alpha_phi    7.58388e-01   3.08509e+00  -1.24625e-02   6.23182e-03
  24  beta_phi     7.78748e+00   2.73158e+01  -1.07429e-01  -1.08043e-02
 MIGRAD MINIMIZATION HAS CONVERGED.
 FCN=55.9853 FROM MIGRAD    STATUS=CONVERGED     171 CALLS        1508 TOTAL
                     EDM=1.85647e-06    STRATEGY= 1  ERROR MATRIX UNCERTAINTY   4.9 per cent
  EXT PARAMETER                                   STEP         FIRST   
  NO.   NAME      VALUE            ERROR          SIZE      DERIVATIVE 
   1  N0           3.18952e+06   2.48441e+03  -1.18978e+01  -1.80607e-07
   2  tau          6.43945e+01   constant   
   3  A0           3.47866e-01   1.02700e-03   1.95507e-06  -9.30785e-01
   4  phi          4.13724e+00   3.18986e-03  -4.16393e-06   1.33536e-01
   5  R           -5.98741e+01   constant   
   6  alpha_CBO    5.23037e-03   1.05473e-03   1.14424e-07  -2.70455e-01
   7  w_CBO        2.32500e+00   constant   
   8  beta_CBO     0.00000e+00     fixed    
   9  alpha_2CBO   0.00000e+00     fixed    
  10  beta_2CBO    2.03469e-03   9.98676e-04  -1.81724e-06   2.16345e-02
  11  alpha_y      0.00000e+00     fixed    
  12  w_y          1.38860e+01   constant   
  13  beta_y      -1.48488e-03   1.02412e-03  -2.45528e-06  -8.37710e-01
  14  alpha_vw     0.00000e+00     fixed    
  15  w_vw         1.43404e+01   constant   
  16  beta_vw      0.00000e+00     fixed    
  17  LM          -2.15884e-04   constant   
  18  zeta_y       0.00000e+00   constant   
  19  zeta_vw      0.00000e+00   constant   
  20  T_CBO        5.02385e+01   4.27772e+00   2.34870e-05  -1.81099e-03
  21  alpha_A0    -2.50853e+00   6.87075e+00  -7.99632e-03   2.91872e-04
  22  beta_A0      4.41360e+00   6.43670e+00  -1.25819e-03   1.31122e-04
  23  alpha_phi   -4.20236e+00   6.15151e+00   8.22445e-03   2.14274e-05
  24  beta_phi     7.49321e+00   6.11153e+00   9.47236e-03   6.66374e-05
 EXTERNAL ERROR MATRIX.    NDIM=  25    NPAR= 11    ERR DEF=1
  6.172e+06 
 -3.088e-01  1.055e-06 
 -7.532e-01 -4.245e-08  1.018e-05 
  2.175e-02  2.572e-08  6.712e-07  1.112e-06 
 -2.812e-02 -3.387e-08  1.124e-07 -2.601e-08  9.974e-07 
  4.122e-03 -3.556e-08  1.239e-07 -1.017e-08  1.308e-08  1.049e-06 
 -1.353e+03  4.551e-04 -2.715e-04 -1.372e-04  2.196e-04 -3.594e-05  1.830e+01 
  3.634e+03 -6.540e-04  2.020e-03 -2.787e-04  3.746e-04  4.557e-04  7.680e-01  4.721e+01 
  2.361e+03 -2.835e-04 -1.037e-03  1.512e-04  4.894e-04  8.419e-05 -4.476e+00  2.400e+00  4.143e+01 
 -4.700e+02  9.472e-05 -2.988e-03 -7.621e-04 -6.133e-04 -5.702e-05  3.915e+00 -2.654e+00  1.805e+00  3.784e+01 
 -2.715e+03  6.286e-04  4.415e-04 -7.924e-05  2.892e-05  1.068e-04 -5.607e+00 -3.738e-01 -6.347e+00  2.232e+00  3.735e+01 
 PARAMETER  CORRELATION COEFFICIENTS  
       NO.  GLOBAL      1      3      4      6     10     13     20     21     22     23     24
        1  0.36092   1.000 -0.121 -0.095  0.008 -0.011  0.002 -0.127  0.213  0.148 -0.031 -0.179
        3  0.20810  -0.121  1.000 -0.013  0.024 -0.033 -0.034  0.104 -0.093 -0.043  0.015  0.100
        4  0.28941  -0.095 -0.013  1.000  0.200  0.035  0.038 -0.020  0.092 -0.050 -0.152  0.023
        6  0.23751   0.008  0.024  0.200  1.000 -0.025 -0.009 -0.030 -0.038  0.022 -0.117 -0.012
       10  0.17557  -0.011 -0.033  0.035 -0.025  1.000  0.013  0.051  0.055  0.076 -0.100  0.005
       13  0.08289   0.002 -0.034  0.038 -0.009  0.013  1.000 -0.008  0.065  0.013 -0.009  0.017
       20  0.40132  -0.127  0.104 -0.020 -0.030  0.051 -0.008  1.000  0.026 -0.163  0.149 -0.214
       21  0.28775   0.213 -0.093  0.092 -0.038  0.055  0.065  0.026  1.000  0.054 -0.063 -0.009
       22  0.31092   0.148 -0.043 -0.050  0.022  0.076  0.013 -0.163  0.054  1.000  0.046 -0.161
       23  0.29161  -0.031  0.015 -0.152 -0.117 -0.100 -0.009  0.149 -0.063  0.046  1.000  0.059
       24  0.38181  -0.179  0.100  0.023 -0.012  0.005  0.017 -0.214 -0.009 -0.161  0.059  1.000
MINUIT - FIT ONLY 2-CBO
 **********
 **   25 **RES 
 **********
                   PARAMETER   16  beta_vw RESTORED TO VARIABLE.
                   PARAMETER   14  alpha_vw RESTORED TO VARIABLE.
                   PARAMETER   11  alpha_y RESTORED TO VARIABLE.
                   PARAMETER    9  alpha_2CBO RESTORED TO VARIABLE.
                   PARAMETER    8  beta_CBO RESTORED TO VARIABLE.
 **********
 **   26 **FIX            0
 **********
 PARAMETER    0  IS UNDEFINED. IGNORED.
 **********
 **   27 **FIX            1
 **********
 **********
 **   28 **FIX            2
 **********
 PARAMETER    2  IS CONSTANT.   IGNORED.
 **********
 **   29 **FIX            3
 **********
 **********
 **   30 **FIX            4
 **********
 **********
 **   31 **FIX            5
 **********
 PARAMETER    5  IS CONSTANT.   IGNORED.
 **********
 **   32 **FIX            6
 **********
 **********
 **   33 **FIX            7
 **********
 PARAMETER    7  IS CONSTANT.   IGNORED.
 **********
 **   34 **FIX           10
 **********
 **********
 **   35 **FIX           11
 **********
 **********
 **   36 **FIX           12
 **********
 PARAMETER   12  IS CONSTANT.   IGNORED.
 **********
 **   37 **FIX           13
 **********
 **********
 **   38 **FIX           14
 **********
 **********
 **   39 **FIX           15
 **********
 PARAMETER   15  IS CONSTANT.   IGNORED.
 **********
 **   40 **FIX           16
 **********
 **********
 **   41 **MIGRAD
 **********
 START MIGRAD MINIMIZATION.  STRATEGY  1.  CONVERGENCE WHEN EDM .LT. 1.00e-04
 FCN=55.9853 FROM MIGRAD    STATUS=INITIATE       18 CALLS        1526 TOTAL
                     EDM= unknown      STRATEGY= 1      NO ERROR MATRIX       
  EXT PARAMETER               CURRENT GUESS       STEP         FIRST   
  NO.   NAME      VALUE            ERROR          SIZE      DERIVATIVE 
   1  N0           3.18952e+06     fixed    
   2  tau          6.43945e+01   constant   
   3  A0           3.47866e-01     fixed    
   4  phi          4.13724e+00     fixed    
   5  R           -5.98741e+01   constant   
   6  alpha_CBO    5.23037e-03     fixed    
   7  w_CBO        2.32500e+00   constant   
   8  beta_CBO     0.00000e+00   1.00000e-03   1.00000e-03   5.42855e+02
   9  alpha_2CBO   0.00000e+00   1.00000e-03   1.00000e-03   2.35500e+03
  10  beta_2CBO    2.03469e-03     fixed    
  11  alpha_y      0.00000e+00     fixed    
  12  w_y          1.38860e+01   constant   
  13  beta_y      -1.48488e-03     fixed    
  14  alpha_vw     0.00000e+00     fixed    
  15  w_vw         1.43404e+01   constant   
  16  beta_vw      0.00000e+00     fixed    
  17  LM          -2.15884e-04   constant   
  18  zeta_y       0.00000e+00   constant   
  19  zeta_vw      0.00000e+00   constant   
  20  T_CBO        5.02385e+01   4.27772e+00   2.34870e-05  -1.81197e-03
  21  alpha_A0    -2.50853e+00   6.87075e+00  -7.99632e-03   2.91871e-04
  22  beta_A0      4.41360e+00   6.43670e+00  -1.25819e-03   1.31122e-04
  23  alpha_phi   -4.20236e+00   6.15151e+00   8.22445e-03   2.14274e-05
  24  beta_phi     7.49321e+00   6.11153e+00   9.47236e-03   6.66374e-05
 MIGRAD MINIMIZATION HAS CONVERGED.
 MIGRAD WILL VERIFY CONVERGENCE AND ERROR MATRIX.
 FCN=54.3497 FROM MIGRAD    STATUS=CONVERGED     133 CALLS        1641 TOTAL
                     EDM=4.98823e-06    STRATEGY= 1      ERR MATRIX NOT POS-DEF
  EXT PARAMETER                APPROXIMATE        STEP         FIRST   
  NO.   NAME      VALUE            ERROR          SIZE      DERIVATIVE 
   1  N0           3.18952e+06     fixed    
   2  tau          6.43945e+01   constant   
   3  A0           3.47866e-01     fixed    
   4  phi          4.13724e+00     fixed    
   5  R           -5.98741e+01   constant   
   6  alpha_CBO    5.23037e-03     fixed    
   7  w_CBO        2.32500e+00   constant   
   8  beta_CBO    -3.36636e-04   1.03962e-03   3.74833e-06   7.38292e-01
   9  alpha_2CBO  -1.31144e-03   1.04788e-03   3.73130e-06  -4.03674e-01
  10  beta_2CBO    2.03469e-03     fixed    
  11  alpha_y      0.00000e+00     fixed    
  12  w_y          1.38860e+01   constant   
  13  beta_y      -1.48488e-03     fixed    
  14  alpha_vw     0.00000e+00     fixed    
  15  w_vw         1.43404e+01   constant   
  16  beta_vw      0.00000e+00     fixed    
  17  LM          -2.15884e-04   constant   
  18  zeta_y       0.00000e+00   constant   
  19  zeta_vw      0.00000e+00   constant   
  20  T_CBO        5.02413e+01   6.81546e+01   7.31069e-05  -1.62004e-03
  21  alpha_A0    -3.80501e+00   3.93564e+01   2.51032e-02   1.65566e-05
  22  beta_A0      5.30796e+00   5.40524e+01   2.35844e-02  -2.23394e-05
  23  alpha_phi   -4.29532e+00   4.35884e+01   2.22396e-02  -3.97172e-05
  24  beta_phi     6.53298e+00   6.66438e+01   2.34545e-02  -5.08712e-05
 EXTERNAL ERROR MATRIX.    NDIM=  25    NPAR=  7    ERR DEF=1
  1.081e-06  3.513e-08  1.878e-04  1.981e-04 -9.942e-04 -4.431e-05 -5.619e-04 
  3.513e-08  1.098e-06 -4.321e-04  8.189e-04 -2.241e-04 -1.531e-04  1.303e-03 
  1.878e-04 -4.321e-04  4.804e+03  2.685e+03 -3.719e+03  2.991e+03 -4.597e+03 
  1.981e-04  8.189e-04  2.685e+03  1.549e+03 -2.081e+03  1.670e+03 -2.570e+03 
 -9.942e-04 -2.241e-04 -3.719e+03 -2.081e+03  2.922e+03 -2.317e+03  3.558e+03 
 -4.431e-05 -1.531e-04  2.991e+03  1.670e+03 -2.317e+03  1.900e+03 -2.863e+03 
 -5.619e-04  1.303e-03 -4.597e+03 -2.570e+03  3.558e+03 -2.863e+03  4.441e+03 
ERR MATRIX NOT POS-DEF
 PARAMETER  CORRELATION COEFFICIENTS  
       NO.  GLOBAL      8      9     20     21     22     23     24
        8  0.14424   1.000  0.032  0.003  0.005 -0.018 -0.001 -0.008
        9  0.21195   0.032  1.000 -0.006  0.020 -0.004 -0.003  0.019
       20  0.99799   0.003 -0.006  1.000  0.984 -0.993  0.990 -0.995
       21  0.98452   0.005  0.020  0.984  1.000 -0.978  0.974 -0.980
       22  0.99279  -0.018 -0.004 -0.993 -0.978  1.000 -0.983  0.988
       23  0.99013  -0.001 -0.003  0.990  0.974 -0.983  1.000 -0.985
       24  0.99531  -0.008  0.019 -0.995 -0.980  0.988 -0.985  1.000
 ERR MATRIX NOT POS-DEF
MINUIT - FIT wiggle + 1-CBO + 2-CBO
 **********
 **   42 **RES 
 **********
                   PARAMETER   16  beta_vw RESTORED TO VARIABLE.
                   PARAMETER   14  alpha_vw RESTORED TO VARIABLE.
                   PARAMETER   13  beta_y RESTORED TO VARIABLE.
                   PARAMETER   11  alpha_y RESTORED TO VARIABLE.
                   PARAMETER   10  beta_2CBO RESTORED TO VARIABLE.
                   PARAMETER    6  alpha_CBO RESTORED TO VARIABLE.
                   PARAMETER    4  phi RESTORED TO VARIABLE.
                   PARAMETER    3  A0 RESTORED TO VARIABLE.
                   PARAMETER    1  N0 RESTORED TO VARIABLE.
 **********
 **   43 **FIX           10
 **********
 **********
 **   44 **FIX           11
 **********
 **********
 **   45 **FIX           12
 **********
 PARAMETER   12  IS CONSTANT.   IGNORED.
 **********
 **   46 **FIX           13
 **********
 **********
 **   47 **FIX           14
 **********
 **********
 **   48 **FIX           15
 **********
 PARAMETER   15  IS CONSTANT.   IGNORED.
 **********
 **   49 **FIX           16
 **********
 **********
 **   50 **MIGRAD
 **********
 START MIGRAD MINIMIZATION.  STRATEGY  1.  CONVERGENCE WHEN EDM .LT. 1.00e-04
 FCN=54.3497 FROM MIGRAD    STATUS=INITIATE       22 CALLS        1663 TOTAL
                     EDM= unknown      STRATEGY= 1      NO ERROR MATRIX       
  EXT PARAMETER               CURRENT GUESS       STEP         FIRST   
  NO.   NAME      VALUE            ERROR          SIZE      DERIVATIVE 
   1  N0           3.18952e+06   2.48441e+03   2.48441e+03  -1.99802e-05
   2  tau          6.43945e+01   constant   
   3  A0           3.47866e-01   1.02700e-03   1.02700e-03  -1.65015e+02
   4  phi          4.13724e+00   3.18986e-03   3.18986e-03   7.06429e+01
   5  R           -5.98741e+01   constant   
   6  alpha_CBO    5.23037e-03   1.05473e-03   1.05473e-03  -1.06714e+00
   7  w_CBO        2.32500e+00   constant   
   8  beta_CBO    -3.36636e-04   1.03962e-03   3.74833e-06   7.38291e-01
   9  alpha_2CBO  -1.31144e-03   1.04788e-03   3.73130e-06  -4.03675e-01
  10  beta_2CBO    2.03469e-03     fixed    
  11  alpha_y      0.00000e+00     fixed    
  12  w_y          1.38860e+01   constant   
  13  beta_y      -1.48488e-03     fixed    
  14  alpha_vw     0.00000e+00     fixed    
  15  w_vw         1.43404e+01   constant   
  16  beta_vw      0.00000e+00     fixed    
  17  LM          -2.15884e-04   constant   
  18  zeta_y       0.00000e+00   constant   
  19  zeta_vw      0.00000e+00   constant   
  20  T_CBO        5.02413e+01   6.81546e+01   7.31069e-05  -1.56801e-03
  21  alpha_A0    -3.80501e+00   3.93564e+01   2.51032e-02   1.65512e-05
  22  beta_A0      5.30796e+00   5.40524e+01   2.35844e-02  -2.23449e-05
  23  alpha_phi   -4.29532e+00   4.35884e+01   2.22396e-02  -3.97173e-05
  24  beta_phi     6.53298e+00   6.66438e+01   2.34545e-02  -5.08713e-05
 MIGRAD MINIMIZATION HAS CONVERGED.
 MIGRAD WILL VERIFY CONVERGENCE AND ERROR MATRIX.
 FCN=54.328 FROM HESSE     STATUS=NOT POSDEF    100 CALLS        1858 TOTAL
                     EDM=9.77064e-05    STRATEGY= 1      ERR MATRIX NOT POS-DEF
  EXT PARAMETER                APPROXIMATE        STEP         FIRST   
  NO.   NAME      VALUE            ERROR          SIZE      DERIVATIVE 
   1  N0           3.18959e+06   2.49244e+03   7.85657e+00  -3.87810e-08
   2  tau          6.43945e+01   constant   
   3  A0           3.47960e-01   1.04233e-03   3.60357e-06   1.31440e-01
   4  phi          4.13686e+00   3.17846e-03   1.09376e-05  -7.62215e-02
   5  R           -5.98741e+01   constant   
   6  alpha_CBO    5.20972e-03   1.06533e-03   3.76182e-06   1.80736e-01
   7  w_CBO        2.32500e+00   constant   
   8  beta_CBO    -3.73691e-04   1.07533e-03   3.74754e-06  -1.41828e-01
   9  alpha_2CBO  -1.32092e-03   1.05031e-03   3.73050e-06   2.33430e-01
  10  beta_2CBO    2.03469e-03     fixed    
  11  alpha_y      0.00000e+00     fixed    
  12  w_y          1.38860e+01   constant   
  13  beta_y      -1.48488e-03     fixed    
  14  alpha_vw     0.00000e+00     fixed    
  15  w_vw         1.43404e+01   constant   
  16  beta_vw      0.00000e+00     fixed    
  17  LM          -2.15884e-04   constant   
  18  zeta_y       0.00000e+00   constant   
  19  zeta_vw      0.00000e+00   constant   
  20  T_CBO        5.02707e+01   6.60362e+01   7.27011e-05   3.77917e-02
  21  alpha_A0    -3.91786e+00   3.92657e+01   2.50199e-02   1.73487e-04
  22  beta_A0      5.40902e+00   5.33159e+01   2.35053e-02  -4.81330e-07
  23  alpha_phi   -4.17041e+00   4.09034e+01   2.21631e-02   7.56711e-05
  24  beta_phi     6.56826e+00   6.48696e+01   2.33732e-02   2.54718e-05
 CALL LIMIT EXCEEDED IN MIGRAD.
 MIGRAD TERMINATED WITHOUT CONVERGENCE.
 FCN=54.3216 FROM MIGRAD    STATUS=CALL LIMIT   1923 CALLS        3564 TOTAL
                     EDM=9.41413e-05    STRATEGY= 1      ERR MATRIX NOT POS-DEF
  EXT PARAMETER                APPROXIMATE        STEP         FIRST   
  NO.   NAME      VALUE            ERROR          SIZE      DERIVATIVE 
   1  N0           3.18957e+06   2.38079e+03   7.82003e-01  -1.23261e-06
   2  tau          6.43945e+01   constant   
   3  A0           3.47965e-01   1.04041e-03  -2.20169e-06   3.39987e-01
   4  phi          4.13679e+00   3.16551e-03  -6.05997e-06  -5.20721e-01
   5  R           -5.98741e+01   constant   
   6  alpha_CBO    5.20474e-03   1.10909e-03  -5.09341e-06  -3.89218e+00
   7  w_CBO        2.32500e+00   constant   
   8  beta_CBO    -3.77604e-04   1.07356e-03   4.91052e-07  -1.47242e+00
   9  alpha_2CBO  -1.32195e-03   1.07580e-03   3.30143e-06   3.67497e+00
  10  beta_2CBO    2.03469e-03     fixed    
  11  alpha_y      0.00000e+00     fixed    
  12  w_y          1.38860e+01   constant   
  13  beta_y      -1.48488e-03     fixed    
  14  alpha_vw     0.00000e+00     fixed    
  15  w_vw         1.43404e+01   constant   
  16  beta_vw      0.00000e+00     fixed    
  17  LM          -2.15884e-04   constant   
  18  zeta_y       0.00000e+00   constant   
  19  zeta_vw      0.00000e+00   constant   
  20  T_CBO        3.44565e+01   2.72563e+01  -8.95221e-04  -1.24816e+00
  21  alpha_A0    -1.19218e+02   9.17312e+02  -5.42474e+00   4.75711e-05
  22  beta_A0      1.55288e+02   1.22050e+03   7.62067e+00  -1.77448e-05
  23  alpha_phi   -1.19986e+02   9.19969e+02  -5.57668e+00   2.00922e-05
  24  beta_phi     1.91154e+02   1.51345e+03   9.48274e+00  -6.78090e-05
 EXTERNAL ERROR MATRIX.    NDIM=  25    NPAR= 11    ERR DEF=1
  5.668e+06 
 -1.972e-01  1.082e-06 
 -7.584e-01 -1.069e-07  1.002e-05 
  1.099e-02  9.292e-08  7.822e-07  1.230e-06 
 -1.523e-01 -2.466e-07  3.860e-07 -3.875e-08  1.153e-06 
  2.298e-02 -5.625e-08  1.447e-07 -5.010e-08  4.939e-08  1.157e-06 
 -8.749e+02 -5.330e-04  3.803e-03 -1.285e-03  5.398e-04  1.128e-03  7.485e+02 
  1.893e+04 -2.548e-02  1.507e-01 -2.762e-02  2.054e-02  3.321e-02  2.498e+04  8.415e+05 
  1.196e+04  1.796e-02 -2.374e-01  6.569e-03 -3.434e-02 -1.070e-02 -3.329e+04 -1.111e+06  1.490e+06 
  6.140e+03 -2.001e-02  1.580e-01 -1.900e-02  2.217e-02  2.221e-02  2.511e+04  8.428e+05 -1.120e+06  8.463e+05 
  1.170e+04  2.177e-02 -2.945e-01  5.060e-03 -4.226e-02 -8.574e-03 -4.126e+04 -1.377e+06  1.847e+06 -1.388e+06  2.291e+06 
ERR MATRIX NOT POS-DEF
 PARAMETER  CORRELATION COEFFICIENTS  
       NO.  GLOBAL      1      3      4      6      8      9     20     21     22     23     24
        1  0.38975   1.000 -0.080 -0.101  0.004 -0.060  0.009 -0.013  0.009  0.004  0.003  0.003
        3  0.28404  -0.080  1.000 -0.032  0.081 -0.221 -0.050 -0.019 -0.027  0.014 -0.021  0.014
        4  0.37135  -0.101 -0.032  1.000  0.223  0.114  0.042  0.044  0.052 -0.061  0.054 -0.061
        6  0.54211   0.004  0.081  0.223  1.000 -0.033 -0.042 -0.042 -0.027  0.005 -0.019  0.003
        8  0.31091  -0.060 -0.221  0.114 -0.033  1.000  0.043  0.018  0.021 -0.026  0.022 -0.026
        9  0.47263   0.009 -0.050  0.042 -0.042  0.043  1.000  0.038  0.034 -0.008  0.022 -0.005
       20  0.99882  -0.013 -0.019  0.044 -0.042  0.018  0.038  1.000  0.995 -0.997  0.998 -0.996
       21  0.99990   0.009 -0.027  0.052 -0.027  0.021  0.034  0.995  1.000 -0.993  0.999 -0.992
       22  0.99998   0.004  0.014 -0.061  0.005 -0.026 -0.008 -0.997 -0.993  1.000 -0.998  1.000
       23  0.99997   0.003 -0.021  0.054 -0.019  0.022  0.022  0.998  0.999 -0.998  1.000 -0.997
       24  0.99998   0.003  0.014 -0.061  0.003 -0.026 -0.005 -0.996 -0.992  1.000 -0.997  1.000
 ERR MATRIX NOT POS-DEF
MINUIT - FIT ONLY 1-y
 **********
 **   51 **RES 
 **********
                   PARAMETER   16  beta_vw RESTORED TO VARIABLE.
                   PARAMETER   14  alpha_vw RESTORED TO VARIABLE.
                   PARAMETER   13  beta_y RESTORED TO VARIABLE.
                   PARAMETER   11  alpha_y RESTORED TO VARIABLE.
                   PARAMETER   10  beta_2CBO RESTORED TO VARIABLE.
 **********
 **   52 **FIX            0
 **********
 PARAMETER    0  IS UNDEFINED. IGNORED.
 **********
 **   53 **FIX            1
 **********
 **********
 **   54 **FIX            2
 **********
 PARAMETER    2  IS CONSTANT.   IGNORED.
 **********
 **   55 **FIX            3
 **********
 **********
 **   56 **FIX            4
 **********
 **********
 **   57 **FIX            5
 **********
 PARAMETER    5  IS CONSTANT.   IGNORED.
 **********
 **   58 **FIX            6
 **********
 **********
 **   59 **FIX            7
 **********
 PARAMETER    7  IS CONSTANT.   IGNORED.
 **********
 **   60 **FIX            8
 **********
 **********
 **   61 **FIX            9
 **********
 **********
 **   62 **FIX           13
 **********
 **********
 **   63 **FIX           14
 **********
 **********
 **   64 **FIX           15
 **********
 PARAMETER   15  IS CONSTANT.   IGNORED.
 **********
 **   65 **FIX           16
 **********
 **********
 **   66 **MIGRAD
 **********
 START MIGRAD MINIMIZATION.  STRATEGY  1.  CONVERGENCE WHEN EDM .LT. 1.00e-04
 FCN=54.3216 FROM MIGRAD    STATUS=INITIATE       16 CALLS        3580 TOTAL
                     EDM= unknown      STRATEGY= 1      NO ERROR MATRIX       
  EXT PARAMETER               CURRENT GUESS       STEP         FIRST   
  NO.   NAME      VALUE            ERROR          SIZE      DERIVATIVE 
   1  N0           3.18957e+06     fixed    
   2  tau          6.43945e+01   constant   
   3  A0           3.47965e-01     fixed    
   4  phi          4.13679e+00     fixed    
   5  R           -5.98741e+01   constant   
   6  alpha_CBO    5.20474e-03     fixed    
   7  w_CBO        2.32500e+00   constant   
   8  beta_CBO    -3.77604e-04     fixed    
   9  alpha_2CBO  -1.32195e-03     fixed    
  10  beta_2CBO    2.03469e-03   9.98676e-04   9.98676e-04   1.59303e+01
  11  alpha_y      0.00000e+00   1.00000e-03   1.00000e-03   1.39217e+03
  12  w_y          1.38860e+01   constant   
  13  beta_y      -1.48488e-03     fixed    
  14  alpha_vw     0.00000e+00     fixed    
  15  w_vw         1.43404e+01   constant   
  16  beta_vw      0.00000e+00     fixed    
  17  LM          -2.15884e-04   constant   
  18  zeta_y       0.00000e+00   constant   
  19  zeta_vw      0.00000e+00   constant   
  20  T_CBO        3.44565e+01   2.72563e+01  -8.95221e-04  -1.24816e+00
  21  alpha_A0    -1.19218e+02   9.17312e+02  -5.42474e+00   4.75711e-05
  22  beta_A0      1.55288e+02   1.22050e+03   7.62067e+00  -1.77449e-05
  23  alpha_phi   -1.19986e+02   9.19969e+02  -5.57668e+00   2.00922e-05
  24  beta_phi     1.91154e+02   1.51345e+03   9.48274e+00  -6.78090e-05
 MIGRAD MINIMIZATION HAS CONVERGED.
 MIGRAD WILL VERIFY CONVERGENCE AND ERROR MATRIX.
 FCN=53.7983 FROM HESSE     STATUS=NOT POSDEF     50 CALLS        3676 TOTAL
                     EDM=7.08989e-05    STRATEGY= 1      ERR MATRIX NOT POS-DEF
  EXT PARAMETER                APPROXIMATE        STEP         FIRST   
  NO.   NAME      VALUE            ERROR          SIZE      DERIVATIVE 
   1  N0           3.18957e+06     fixed    
   2  tau          6.43945e+01   constant   
   3  A0           3.47965e-01     fixed    
   4  phi          4.13679e+00     fixed    
   5  R           -5.98741e+01   constant   
   6  alpha_CBO    5.20474e-03     fixed    
   7  w_CBO        2.32500e+00   constant   
   8  beta_CBO    -3.77604e-04     fixed    
   9  alpha_2CBO  -1.32195e-03     fixed    
  10  beta_2CBO    2.03169e-03   1.06626e-03   3.76119e-06  -2.48183e+00
  11  alpha_y     -7.51633e-04   1.03604e-03   3.75475e-06   6.12978e-02
  12  w_y          1.38860e+01   constant   
  13  beta_y      -1.48488e-03     fixed    
  14  alpha_vw     0.00000e+00     fixed    
  15  w_vw         1.43404e+01   constant   
  16  beta_vw      0.00000e+00     fixed    
  17  LM          -2.15884e-04   constant   
  18  zeta_y       0.00000e+00   constant   
  19  zeta_vw      0.00000e+00   constant   
  20  T_CBO        3.44682e+01   3.17298e+01   4.05479e-05   1.27851e-01
  21  alpha_A0    -1.17756e+02   1.18858e+03   7.23043e-01   1.63067e-07
  22  beta_A0      1.55561e+02   1.54710e+03   6.82083e-01  -1.70598e-06
  23  alpha_phi   -1.22842e+02   1.21964e+03   6.39967e-01  -3.58090e-06
  24  beta_phi     1.91828e+02   1.91258e+03   6.74013e-01   2.19162e-06
 CALL LIMIT EXCEEDED IN MIGRAD.
 MIGRAD TERMINATED WITHOUT CONVERGENCE.
 FCN=53.7946 FROM MIGRAD    STATUS=CALL LIMIT   1146 CALLS        4710 TOTAL
                     EDM=6.54483e-05    STRATEGY= 1      ERR MATRIX NOT POS-DEF
  EXT PARAMETER                APPROXIMATE        STEP         FIRST   
  NO.   NAME      VALUE            ERROR          SIZE      DERIVATIVE 
   1  N0           3.18957e+06     fixed    
   2  tau          6.43945e+01   constant   
   3  A0           3.47965e-01     fixed    
   4  phi          4.13679e+00     fixed    
   5  R           -5.98741e+01   constant   
   6  alpha_CBO    5.20474e-03     fixed    
   7  w_CBO        2.32500e+00   constant   
   8  beta_CBO    -3.77604e-04     fixed    
   9  alpha_2CBO  -1.32195e-03     fixed    
  10  beta_2CBO    2.03214e-03   1.06079e-03   3.86867e-06   4.12103e+00
  11  alpha_y     -7.51599e-04   1.03602e-03  -3.63335e-07  -4.51890e-01
  12  w_y          1.38860e+01   constant   
  13  beta_y      -1.48488e-03     fixed    
  14  alpha_vw     0.00000e+00     fixed    
  15  w_vw         1.43404e+01   constant   
  16  beta_vw      0.00000e+00     fixed    
  17  LM          -2.15884e-04   constant   
  18  zeta_y       0.00000e+00   constant   
  19  zeta_vw      0.00000e+00   constant   
  20  T_CBO        2.79309e+01   1.46833e+01  -2.05028e-04   8.92468e-02
  21  alpha_A0    -1.48561e+03   9.95684e+03  -2.96138e+01   1.33252e-06
  22  beta_A0      1.88455e+03   1.27799e+04   3.73928e+01  -4.87265e-07
  23  alpha_phi   -1.49941e+03   1.02570e+04  -2.99863e+01   6.26480e-07
  24  beta_phi     2.35969e+03   1.67083e+04   4.75844e+01   1.57357e-06
 EXTERNAL ERROR MATRIX.    NDIM=  25    NPAR=  7    ERR DEF=1
  1.125e-06 -8.992e-09 -8.708e-03 -6.124e+00  7.722e+00 -6.181e+00  9.729e+00 
 -8.992e-09  1.073e-06  9.685e-04  6.676e-01 -8.458e-01  6.803e-01 -1.075e+00 
 -8.708e-03  9.685e-04  2.162e+02  1.450e+05 -1.870e+05  1.501e+05 -2.443e+05 
 -6.124e+00  6.676e-01  1.450e+05  9.914e+07 -1.270e+08  1.018e+08 -1.646e+08 
  7.722e+00 -8.458e-01 -1.870e+05 -1.270e+08  1.633e+08 -1.310e+08  2.128e+08 
 -6.181e+00  6.803e-01  1.501e+05  1.018e+08 -1.310e+08  1.052e+08 -1.709e+08 
  9.729e+00 -1.075e+00 -2.443e+05 -1.646e+08  2.128e+08 -1.709e+08  2.792e+08 
ERR MATRIX NOT POS-DEF
 PARAMETER  CORRELATION COEFFICIENTS  
       NO.  GLOBAL     10     11     20     21     22     23     24
       10  0.62090   1.000 -0.008 -0.558 -0.580  0.570 -0.568  0.549
       11  0.08235  -0.008  1.000  0.064  0.065 -0.064  0.064 -0.062
       20  0.99565  -0.558  0.064  1.000  0.991 -0.995  0.995 -0.995
       21  0.99953  -0.580  0.065  0.991  1.000 -0.998  0.997 -0.989
       22  0.99985   0.570 -0.064 -0.995 -0.998  1.000 -1.000  0.997
       23  0.99981  -0.568  0.064  0.995  0.997 -1.000  1.000 -0.997
       24  0.99946   0.549 -0.062 -0.995 -0.989  0.997 -0.997  1.000
 ERR MATRIX NOT POS-DEF
MINUIT - FIT ONLY 2-y
 **********
 **   67 **RES 
 **********
                   PARAMETER   16  beta_vw RESTORED TO VARIABLE.
                   PARAMETER   14  alpha_vw RESTORED TO VARIABLE.
                   PARAMETER   13  beta_y RESTORED TO VARIABLE.
                   PARAMETER    9  alpha_2CBO RESTORED TO VARIABLE.
                   PARAMETER    8  beta_CBO RESTORED TO VARIABLE.
                   PARAMETER    6  alpha_CBO RESTORED TO VARIABLE.
                   PARAMETER    4  phi RESTORED TO VARIABLE.
                   PARAMETER    3  A0 RESTORED TO VARIABLE.
                   PARAMETER    1  N0 RESTORED TO VARIABLE.
 **********
 **   68 **FIX            0
 **********
 PARAMETER    0  IS UNDEFINED. IGNORED.
 **********
 **   69 **FIX            1
 **********
 **********
 **   70 **FIX            2
 **********
 PARAMETER    2  IS CONSTANT.   IGNORED.
 **********
 **   71 **FIX            3
 **********
 **********
 **   72 **FIX            4
 **********
 **********
 **   73 **FIX            5
 **********
 PARAMETER    5  IS CONSTANT.   IGNORED.
 **********
 **   74 **FIX            6
 **********
 **********
 **   75 **FIX            7
 **********
 PARAMETER    7  IS CONSTANT.   IGNORED.
 **********
 **   76 **FIX            8
 **********
 **********
 **   77 **FIX            9
 **********
 **********
 **   78 **FIX           10
 **********
 **********
 **   79 **FIX           11
 **********
 **********
 **   80 **FIX           12
 **********
 PARAMETER   12  IS CONSTANT.   IGNORED.
 **********
 **   81 **FIX           16
 **********
 **********
 **   82 **MIGRAD
 **********
 START MIGRAD MINIMIZATION.  STRATEGY  1.  CONVERGENCE WHEN EDM .LT. 1.00e-04
 FCN=53.7946 FROM MIGRAD    STATUS=INITIATE       16 CALLS        4726 TOTAL
                     EDM= unknown      STRATEGY= 1      NO ERROR MATRIX       
  EXT PARAMETER               CURRENT GUESS       STEP         FIRST   
  NO.   NAME      VALUE            ERROR          SIZE      DERIVATIVE 
   1  N0           3.18957e+06     fixed    
   2  tau          6.43945e+01   constant   
   3  A0           3.47965e-01     fixed    
   4  phi          4.13679e+00     fixed    
   5  R           -5.98741e+01   constant   
   6  alpha_CBO    5.20474e-03     fixed    
   7  w_CBO        2.32500e+00   constant   
   8  beta_CBO    -3.77604e-04     fixed    
   9  alpha_2CBO  -1.32195e-03     fixed    
  10  beta_2CBO    2.03214e-03     fixed    
  11  alpha_y     -7.51599e-04     fixed    
  12  w_y          1.38860e+01   constant   
  13  beta_y      -1.48488e-03   1.02412e-03   1.02412e-03  -1.60527e+01
  14  alpha_vw     0.00000e+00   1.00000e-03   1.00000e-03  -1.38840e+03
  15  w_vw         1.43404e+01   constant   
  16  beta_vw      0.00000e+00     fixed    
