 + ++++++++++++++++++++++++++++++++++++++++++++++++++++++++++++++++++++ +
 +                                                                      +
 +           You have chose to blind your fitting according to          +
 +                omega_ref * (1 + (R +/- deltaR) *10^{-6})             +
 +                                                                      +
 + ++++++++++++++++++++++++++++++++++++++++++++++++++++++++++++++++++++ +
In main()...
reading format from /gm2data/zkhechad/run45/envelope/formats/formatB_sBin_constraintOn.txt
pBinTau 	= 0  
pBinPhi 	= 0  
constraintau 	= 1 
includeMopTerm 	= 0    
constrainMop    = 0   
Parameters after format file: pBinTau 0 pBinPhi 0 constraintau 1 includeMopTerm 0 constrainMop 0 c_e_scale 0.000000 
Opening file /gm2data/tbarrett/gm2fr/studies/run23_bunch_corrections/CorrectedFourier_Run3b.root.
reading full fit data from /gm2data/zkhechad/cboTemplates/Run4CBOTemplates/templateFits0_v2.0/noRF/sBin_constraintOn_cE0.0_seed0_noRF_calo9.root
windowBins = 69
fitting sliding window 788 from bin 924 at 137.711600 to bin 993 at 148.155600 (69 bins)

Reading data from /gm2data/cornell/histograms/aMethod/histogram_a_noRF.root
 **********
 **    1 **SET PRINTOUT            1
 **********
 **********
 **    2 **SET NOWARNINGS 
 **********
 PARAMETER DEFINITIONS:
    NO.   NAME         VALUE      STEP SIZE      LIMITS
     1 N0           2.88203e+06  1.00000e+02     no limits
     2 tau          6.44101e+01  constant
     3 A0           3.51419e-01  1.00000e-04     no limits
     4 phi          4.11705e+00  1.00000e-02     no limits
     5 R           -5.98037e+01  constant
     6 alpha_CBO    0.00000e+00  1.00000e-03     no limits
     7 w_CBO        2.32500e+00  constant
     8 beta_CBO     0.00000e+00  1.00000e-03     no limits
     9 alpha_2CBO   0.00000e+00  1.00000e-03     no limits
    10 beta_2CBO    0.00000e+00  1.00000e-03     no limits
    11 alpha_y      0.00000e+00  1.00000e-03     no limits
    12 w_y          1.44500e+01  constant
    13 beta_y       0.00000e+00  1.00000e-03     no limits
    14 alpha_vw     0.00000e+00  1.00000e-03     no limits
    15 w_vw         1.29000e+01  constant
    16 beta_vw      0.00000e+00  1.00000e-03     no limits
    17 LM           1.43880e-04  constant
    18 zeta_y       0.00000e+00  constant
    19 zeta_vw      0.00000e+00  constant
    20 T_CBO        1.00000e+02  1.00000e+00    0.00000e+00  1.00000e+03
    21 alpha_A0     0.00000e+00  1.00000e-03     no limits
    22 beta_A0      0.00000e+00  1.00000e-03     no limits
    23 alpha_phi    0.00000e+00  1.00000e-03     no limits
    24 beta_phi     0.00000e+00  1.00000e-03     no limits
MINUIT - FIT ONLY WIGGLE
 **********
 **    3 **FIX            5
 **********
 PARAMETER    5  IS CONSTANT.   IGNORED.
 **********
 **    4 **FIX            6
 **********
 **********
 **    5 **FIX            7
 **********
 PARAMETER    7  IS CONSTANT.   IGNORED.
 **********
 **    6 **FIX            8
 **********
 **********
 **    7 **FIX            9
 **********
 **********
 **    8 **FIX           10
 **********
 **********
 **    9 **FIX           11
 **********
 **********
 **   10 **FIX           12
 **********
 PARAMETER   12  IS CONSTANT.   IGNORED.
 **********
 **   11 **FIX           13
 **********
 **********
 **   12 **FIX           14
 **********
 **********
 **   13 **FIX           15
 **********
 PARAMETER   15  IS CONSTANT.   IGNORED.
 **********
 **   14 **FIX           16
 **********
 **********
 **   15 **MIGRAD
 **********
 FIRST CALL TO USER FUNCTION AT NEW START POINT, WITH IFLAG=4.
 START MIGRAD MINIMIZATION.  STRATEGY  1.  CONVERGENCE WHEN EDM .LT. 1.00e-04
 FCN=898.444 FROM MIGRAD    STATUS=INITIATE      435 CALLS         436 TOTAL
                     EDM= unknown      STRATEGY= 1      NO ERROR MATRIX       
  EXT PARAMETER               CURRENT GUESS       STEP         FIRST   
  NO.   NAME      VALUE            ERROR          SIZE      DERIVATIVE 
   1  N0           2.88203e+06   1.00000e+02   0.00000e+00   1.27706e-02
   2  tau          6.44101e+01   constant   
   3  A0           3.51419e-01   1.00000e-04   0.00000e+00   3.19946e+04
   4  phi          4.11705e+00   1.00000e-02   0.00000e+00   1.26297e+04
   5  R           -5.98037e+01   constant   
   6  alpha_CBO    0.00000e+00     fixed    
   7  w_CBO        2.32500e+00   constant   
   8  beta_CBO     0.00000e+00     fixed    
   9  alpha_2CBO   0.00000e+00     fixed    
  10  beta_2CBO    0.00000e+00     fixed    
  11  alpha_y      0.00000e+00     fixed    
  12  w_y          1.44500e+01   constant   
  13  beta_y       0.00000e+00     fixed    
  14  alpha_vw     0.00000e+00     fixed    
  15  w_vw         1.29000e+01   constant   
  16  beta_vw      0.00000e+00     fixed    
  17  LM           1.43880e-04   constant   
  18  zeta_y       0.00000e+00   constant   
  19  zeta_vw      0.00000e+00   constant   
  20  T_CBO        1.00000e+02   1.00000e+00   0.00000e+00   0.00000e+00
  21  alpha_A0     0.00000e+00   1.00000e-03   0.00000e+00  -1.17630e+03
  22  beta_A0      0.00000e+00   1.00000e-03   0.00000e+00  -3.84819e+02
  23  alpha_phi    0.00000e+00   1.00000e-03   0.00000e+00  -4.34406e+03
  24  beta_phi     0.00000e+00   1.00000e-03   0.00000e+00   1.95576e+03
 CALL LIMIT EXCEEDED IN MIGRAD.
 MIGRAD TERMINATED WITHOUT CONVERGENCE.
 FCN=819.623 FROM MIGRAD    STATUS=CALL LIMIT   1335 CALLS        1336 TOTAL
                     EDM=0.053617    STRATEGY= 1  ERROR MATRIX UNCERTAINTY   1.8 per cent
  EXT PARAMETER                APPROXIMATE        STEP         FIRST   
  NO.   NAME      VALUE            ERROR          SIZE      DERIVATIVE 
   1  N0           2.88191e+06   3.76155e+02   4.16078e+00   2.49415e-04
   2  tau          6.44101e+01   constant   
   3  A0           3.50765e-01   1.78019e-04  -1.67664e-06  -3.21945e+02
   4  phi          4.11512e+00   5.34713e-04   1.17943e-05   1.83315e+02
   5  R           -5.98037e+01   constant   
   6  alpha_CBO    0.00000e+00     fixed    
   7  w_CBO        2.32500e+00   constant   
   8  beta_CBO     0.00000e+00     fixed    
   9  alpha_2CBO   0.00000e+00     fixed    
  10  beta_2CBO    0.00000e+00     fixed    
  11  alpha_y      0.00000e+00     fixed    
  12  w_y          1.44500e+01   constant   
  13  beta_y       0.00000e+00     fixed    
  14  alpha_vw     0.00000e+00     fixed    
  15  w_vw         1.29000e+01   constant   
  16  beta_vw      0.00000e+00     fixed    
  17  LM           1.43880e-04   constant   
  18  zeta_y       0.00000e+00   constant   
  19  zeta_vw      0.00000e+00   constant   
  20  T_CBO        2.52665e+01   2.28330e+00  -8.83722e-04   2.66265e+01
  21  alpha_A0     4.30264e-01   2.25492e-01   2.52456e-02  -2.90992e-01
  22  beta_A0      1.14196e-01   7.47122e-02   8.65120e-03   6.85769e-01
  23  alpha_phi    1.27629e+00   6.75209e-01   7.58382e-02   2.78093e-01
  24  beta_phi    -6.66946e-01   3.47909e-01  -3.90042e-02   1.11832e-01
 EXTERNAL ERROR MATRIX.    NDIM=  25    NPAR=  8    ERR DEF=1
  1.415e+05 -5.754e-03 -3.038e-02 -2.177e+02  2.391e+01  7.821e+00  7.086e+01 -3.673e+01 
 -5.754e-03  3.169e-08  2.418e-09  8.798e-05 -9.677e-06 -3.130e-06 -2.873e-05  1.488e-05 
 -3.038e-02  2.418e-09  2.859e-07 -3.280e-04  2.662e-05  8.487e-06  7.943e-05 -4.086e-05 
 -2.177e+02  8.798e-05 -3.280e-04  5.214e+00 -5.000e-01 -1.645e-01 -1.497e+00  7.713e-01 
  2.391e+01 -9.677e-06  2.662e-05 -5.000e-01  5.085e-02  1.680e-02  1.522e-01 -7.844e-02 
  7.821e+00 -3.130e-06  8.487e-06 -1.645e-01  1.680e-02  5.582e-03  5.032e-02 -2.593e-02 
  7.086e+01 -2.873e-05  7.943e-05 -1.497e+00  1.522e-01  5.032e-02  4.559e-01 -2.349e-01 
 -3.673e+01  1.488e-05 -4.086e-05  7.713e-01 -7.844e-02 -2.593e-02 -2.349e-01  1.210e-01 
ERR MATRIX APPROXIMATE
 PARAMETER  CORRELATION COEFFICIENTS  
       NO.  GLOBAL      1      3      4     20     21     22     23     24
        1  0.42999   1.000 -0.086 -0.151 -0.253  0.282  0.278  0.279 -0.281
        3  0.31089  -0.086  1.000  0.025  0.216 -0.241 -0.235 -0.239  0.240
        4  0.39445  -0.151  0.025  1.000 -0.269  0.221  0.212  0.220 -0.220
       20  0.97439  -0.253  0.216 -0.269  1.000 -0.971 -0.964 -0.971  0.971
       21  0.99989   0.282 -0.241  0.221 -0.971  1.000  0.997  1.000 -1.000
       22  0.99779   0.278 -0.235  0.212 -0.964  0.997  1.000  0.998 -0.997
       23  0.99996   0.279 -0.239  0.220 -0.971  1.000  0.998  1.000 -1.000
       24  0.99995  -0.281  0.240 -0.220  0.971 -1.000 -0.997 -1.000  1.000
 ERR MATRIX APPROXIMATE
MINUIT - FIT ONLY 1-CBO + wiggle
 **********
 **   16 **RES 
 **********
                   PARAMETER   16  beta_vw RESTORED TO VARIABLE.
                   PARAMETER   14  alpha_vw RESTORED TO VARIABLE.
                   PARAMETER   13  beta_y RESTORED TO VARIABLE.
                   PARAMETER   11  alpha_y RESTORED TO VARIABLE.
                   PARAMETER   10  beta_2CBO RESTORED TO VARIABLE.
                   PARAMETER    9  alpha_2CBO RESTORED TO VARIABLE.
                   PARAMETER    8  beta_CBO RESTORED TO VARIABLE.
                   PARAMETER    6  alpha_CBO RESTORED TO VARIABLE.
 **********
 **   17 **FIX            8
 **********
 **********
 **   18 **FIX            9
 **********
 **********
 **   19 **FIX           11
 **********
 **********
 **   20 **FIX           12
 **********
 PARAMETER   12  IS CONSTANT.   IGNORED.
 **********
 **   21 **FIX           14
 **********
 **********
 **   22 **FIX           15
 **********
 PARAMETER   15  IS CONSTANT.   IGNORED.
 **********
 **   23 **FIX           16
 **********
 **********
 **   24 **MIGRAD
 **********
 START MIGRAD MINIMIZATION.  STRATEGY  1.  CONVERGENCE WHEN EDM .LT. 1.00e-04
 FCN=819.623 FROM MIGRAD    STATUS=INITIATE       28 CALLS        1364 TOTAL
                     EDM= unknown      STRATEGY= 1      NO ERROR MATRIX       
  EXT PARAMETER               CURRENT GUESS       STEP         FIRST   
  NO.   NAME      VALUE            ERROR          SIZE      DERIVATIVE 
   1  N0           2.88191e+06   3.76155e+02   4.16078e+00   2.49415e-04
   2  tau          6.44101e+01   constant   
   3  A0           3.50765e-01   1.78019e-04  -1.67664e-06  -3.21945e+02
   4  phi          4.11512e+00   5.34713e-04   1.17943e-05   1.83315e+02
   5  R           -5.98037e+01   constant   
   6  alpha_CBO    0.00000e+00   1.00000e-03   1.00000e-03  -2.60997e+05
   7  w_CBO        2.32500e+00   constant   
   8  beta_CBO     0.00000e+00     fixed    
   9  alpha_2CBO   0.00000e+00     fixed    
  10  beta_2CBO    0.00000e+00   1.00000e-03   1.00000e-03  -6.10765e+04
  11  alpha_y      0.00000e+00     fixed    
  12  w_y          1.44500e+01   constant   
  13  beta_y       0.00000e+00   1.00000e-03   1.00000e-03  -3.99065e+04
  14  alpha_vw     0.00000e+00     fixed    
  15  w_vw         1.29000e+01   constant   
  16  beta_vw      0.00000e+00     fixed    
  17  LM           1.43880e-04   constant   
  18  zeta_y       0.00000e+00   constant   
  19  zeta_vw      0.00000e+00   constant   
  20  T_CBO        2.52665e+01   2.28330e+00  -8.83722e-04   2.66259e+01
  21  alpha_A0     4.30264e-01   2.25492e-01   2.52456e-02  -2.90992e-01
  22  beta_A0      1.14196e-01   7.47122e-02   8.65120e-03   6.85769e-01
  23  alpha_phi    1.27629e+00   6.75209e-01   7.58382e-02   2.78093e-01
  24  beta_phi    -6.66946e-01   3.47909e-01  -3.90042e-02   1.11832e-01
 CALL LIMIT EXCEEDED IN MIGRAD.
 MIGRAD TERMINATED WITHOUT CONVERGENCE.
 FCN=199.429 FROM MIGRAD    STATUS=CALL LIMIT   1905 CALLS        3241 TOTAL
                     EDM=0.148206    STRATEGY= 1  ERROR MATRIX UNCERTAINTY  18.1 per cent
  EXT PARAMETER                APPROXIMATE        STEP         FIRST   
  NO.   NAME      VALUE            ERROR          SIZE      DERIVATIVE 
   1  N0           2.88214e+06   3.77977e+02   1.10417e+01   4.48810e-04
   2  tau          6.44101e+01   constant   
   3  A0           3.50786e-01   1.76544e-04  -3.50951e-06  -5.68857e+02
   4  phi          4.11844e+00   5.45081e-04   4.20670e-05   2.98864e+02
   5  R           -5.98037e+01   constant   
   6  alpha_CBO    4.48491e-03   1.85781e-04   4.68330e-06   8.42267e+01
   7  w_CBO        2.32500e+00   constant   
   8  beta_CBO     0.00000e+00     fixed    
   9  alpha_2CBO   0.00000e+00     fixed    
  10  beta_2CBO    6.89800e-04   1.83525e-04   5.48468e-06   1.62293e+02
  11  alpha_y      0.00000e+00     fixed    
  12  w_y          1.44500e+01   constant   
  13  beta_y       6.33248e-04   1.78041e-04  -2.33500e-06  -1.34139e+02
  14  alpha_vw     0.00000e+00     fixed    
  15  w_vw         1.29000e+01   constant   
  16  beta_vw      0.00000e+00     fixed    
  17  LM           1.43880e-04   constant   
  18  zeta_y       0.00000e+00   constant   
  19  zeta_vw      0.00000e+00   constant   
  20  T_CBO        9.36849e+00   5.34267e-01  -1.19784e-03  -3.72796e+02
  21  alpha_A0     4.34509e+03   3.18612e+03   6.99680e+02  -4.96803e-05
  22  beta_A0      1.54969e+03   1.13542e+03   2.49341e+02   3.15908e-04
  23  alpha_phi    8.38080e+03   6.14672e+03   1.34983e+03  -3.45777e-04
  24  beta_phi    -1.23160e+04   9.03678e+03  -1.98449e+03   2.02305e-05
 EXTERNAL ERROR MATRIX.    NDIM=  25    NPAR= 11    ERR DEF=1
  1.429e+05 
 -7.131e-03  3.117e-08 
 -5.566e-03 -4.388e-09  2.971e-07 
  1.571e-03  8.212e-10  2.291e-08  3.451e-08 
 -5.013e-03 -6.294e-10 -2.778e-09 -2.820e-09  3.368e-08 
 -1.005e-03  4.044e-10 -1.884e-09  3.810e-10 -2.998e-11  3.170e-08 
  4.021e+00 -1.214e-06 -2.167e-05 -2.814e-06 -2.537e-06  6.872e-07  2.854e-01 
  7.913e+04 -2.788e-02  2.744e-01  3.153e-02  2.098e-02 -1.287e-02 -1.673e+03  1.015e+07 
  2.818e+04 -9.931e-03  9.775e-02  1.124e-02  7.481e-03 -4.585e-03 -5.960e+02  3.618e+06  1.289e+06 
  1.526e+05 -5.377e-02  5.293e-01  6.084e-02  4.047e-02 -2.483e-02 -3.227e+03  1.958e+07  6.979e+06  3.778e+07 
 -2.244e+05  7.905e-02 -7.782e-01 -8.946e-02 -5.950e-02  3.650e-02  4.744e+03 -2.879e+07 -1.026e+07 -5.555e+07  8.166e+07 
ERR MATRIX APPROXIMATE
 PARAMETER  CORRELATION COEFFICIENTS  
       NO.  GLOBAL      1      3      4      6     10     13     20     21     22     23     24
        1  0.59124   1.000 -0.107 -0.027  0.022 -0.072 -0.015  0.020  0.066  0.066  0.066 -0.066
        3  0.41019  -0.107  1.000 -0.046  0.025 -0.019  0.013 -0.013 -0.050 -0.050 -0.050  0.050
        4  0.58037  -0.027 -0.046  1.000  0.226 -0.028 -0.019 -0.074  0.158  0.158  0.158 -0.158
        6  0.27992   0.022  0.025  0.226  1.000 -0.083  0.012 -0.028  0.053  0.053  0.053 -0.053
       10  0.22680  -0.072 -0.019 -0.028 -0.083  1.000 -0.001 -0.026  0.036  0.036  0.036 -0.036
       13  0.10060  -0.015  0.013 -0.019  0.012 -0.001  1.000  0.007 -0.023 -0.023 -0.023  0.023
       20  0.99154   0.020 -0.013 -0.074 -0.028 -0.026  0.007  1.000 -0.983 -0.983 -0.983  0.983
       21  1.00000   0.066 -0.050  0.158  0.053  0.036 -0.023 -0.983  1.000  1.000  1.000 -1.000
       22  1.00000   0.066 -0.050  0.158  0.053  0.036 -0.023 -0.983  1.000  1.000  1.000 -1.000
       23  1.00000   0.066 -0.050  0.158  0.053  0.036 -0.023 -0.983  1.000  1.000  1.000 -1.000
       24  1.00000  -0.066  0.050 -0.158 -0.053 -0.036  0.023  0.983 -1.000 -1.000 -1.000  1.000
 ERR MATRIX APPROXIMATE
MINUIT - FIT ONLY 2-CBO
 **********
 **   25 **RES 
 **********
                   PARAMETER   16  beta_vw RESTORED TO VARIABLE.
                   PARAMETER   14  alpha_vw RESTORED TO VARIABLE.
                   PARAMETER   11  alpha_y RESTORED TO VARIABLE.
                   PARAMETER    9  alpha_2CBO RESTORED TO VARIABLE.
                   PARAMETER    8  beta_CBO RESTORED TO VARIABLE.
 **********
 **   26 **FIX            0
 **********
 PARAMETER    0  IS UNDEFINED. IGNORED.
 **********
 **   27 **FIX            1
 **********
 **********
 **   28 **FIX            2
 **********
 PARAMETER    2  IS CONSTANT.   IGNORED.
 **********
 **   29 **FIX            3
 **********
 **********
 **   30 **FIX            4
 **********
 **********
 **   31 **FIX            5
 **********
 PARAMETER    5  IS CONSTANT.   IGNORED.
 **********
 **   32 **FIX            6
 **********
 **********
 **   33 **FIX            7
 **********
 PARAMETER    7  IS CONSTANT.   IGNORED.
 **********
 **   34 **FIX           10
 **********
 **********
 **   35 **FIX           11
 **********
 **********
 **   36 **FIX           12
 **********
 PARAMETER   12  IS CONSTANT.   IGNORED.
 **********
 **   37 **FIX           13
 **********
 **********
 **   38 **FIX           14
 **********
 **********
 **   39 **FIX           15
 **********
 PARAMETER   15  IS CONSTANT.   IGNORED.
 **********
 **   40 **FIX           16
 **********
 **********
 **   41 **MIGRAD
 **********
 START MIGRAD MINIMIZATION.  STRATEGY  1.  CONVERGENCE WHEN EDM .LT. 1.00e-04
 FCN=199.429 FROM MIGRAD    STATUS=INITIATE       18 CALLS        3259 TOTAL
                     EDM= unknown      STRATEGY= 1      NO ERROR MATRIX       
  EXT PARAMETER               CURRENT GUESS       STEP         FIRST   
  NO.   NAME      VALUE            ERROR          SIZE      DERIVATIVE 
   1  N0           2.88214e+06     fixed    
   2  tau          6.44101e+01   constant   
   3  A0           3.50786e-01     fixed    
   4  phi          4.11844e+00     fixed    
   5  R           -5.98037e+01   constant   
   6  alpha_CBO    4.48491e-03     fixed    
   7  w_CBO        2.32500e+00   constant   
   8  beta_CBO     0.00000e+00   1.00000e-03   1.00000e-03   1.12854e+05
   9  alpha_2CBO   0.00000e+00   1.00000e-03   1.00000e-03  -5.03990e+03
  10  beta_2CBO    6.89800e-04     fixed    
  11  alpha_y      0.00000e+00     fixed    
  12  w_y          1.44500e+01   constant   
  13  beta_y       6.33248e-04     fixed    
  14  alpha_vw     0.00000e+00     fixed    
  15  w_vw         1.29000e+01   constant   
  16  beta_vw      0.00000e+00     fixed    
  17  LM           1.43880e-04   constant   
  18  zeta_y       0.00000e+00   constant   
  19  zeta_vw      0.00000e+00   constant   
  20  T_CBO        9.36849e+00   5.34267e-01  -1.19784e-03  -3.72796e+02
  21  alpha_A0     4.34509e+03   3.18612e+03   6.99680e+02  -4.96803e-05
  22  beta_A0      1.54969e+03   1.13542e+03   2.49341e+02   3.15908e-04
  23  alpha_phi    8.38080e+03   6.14672e+03   1.34983e+03  -3.45777e-04
  24  beta_phi    -1.23160e+04   9.03678e+03  -1.98449e+03   2.02305e-05
 CALL LIMIT EXCEEDED IN MIGRAD.
 MIGRAD TERMINATED WITHOUT CONVERGENCE.
 FCN=89.4093 FROM MIGRAD    STATUS=CALL LIMIT   1146 CALLS        4387 TOTAL
                     EDM=0.0360403    STRATEGY= 1  ERROR MATRIX UNCERTAINTY  17.2 per cent
  EXT PARAMETER                APPROXIMATE        STEP         FIRST   
  NO.   NAME      VALUE            ERROR          SIZE      DERIVATIVE 
   1  N0           2.88214e+06     fixed    
   2  tau          6.44101e+01   constant   
   3  A0           3.50786e-01     fixed    
   4  phi          4.11844e+00     fixed    
   5  R           -5.98037e+01   constant   
   6  alpha_CBO    4.48491e-03     fixed    
   7  w_CBO        2.32500e+00   constant   
   8  beta_CBO    -1.91120e-03   1.83385e-04  -1.55500e-08   1.85111e+02
   9  alpha_2CBO  -8.73417e-06   1.68555e-04  -1.10772e-06   8.32999e+02
  10  beta_2CBO    6.89800e-04     fixed    
  11  alpha_y      0.00000e+00     fixed    
  12  w_y          1.44500e+01   constant   
  13  beta_y       6.33248e-04     fixed    
  14  alpha_vw     0.00000e+00     fixed    
  15  w_vw         1.29000e+01   constant   
  16  beta_vw      0.00000e+00     fixed    
  17  LM           1.43880e-04   constant   
  18  zeta_y       0.00000e+00   constant   
  19  zeta_vw      0.00000e+00   constant   
  20  T_CBO        6.39792e+00   2.08644e-01   5.15941e-05   4.91645e+01
  21  alpha_A0     4.13946e+06   2.92566e+06   3.89636e+04  -1.47842e-08
  22  beta_A0      5.63853e+06   3.99659e+06   5.32497e+04   1.14782e-07
  23  alpha_phi    1.18391e+07   8.38742e+06   1.11801e+05  -4.21994e-08
  24  beta_phi    -1.14681e+07   8.11509e+06  -1.08127e+05   1.94945e-08
 EXTERNAL ERROR MATRIX.    NDIM=  25    NPAR=  7    ERR DEF=1
  3.363e-08  2.207e-10 -3.136e-06  4.084e+01  5.571e+01  1.171e+02 -1.133e+02 
  2.207e-10  2.841e-08 -1.028e-05  1.361e+02  1.859e+02  3.901e+02 -3.774e+02 
 -3.136e-06 -1.028e-05  4.353e-02 -5.948e+05 -8.125e+05 -1.705e+06  1.650e+06 
  4.084e+01  1.361e+02 -5.948e+05  8.559e+12  1.169e+13  2.454e+13 -2.374e+13 
  5.571e+01  1.859e+02 -8.125e+05  1.169e+13  1.597e+13  3.352e+13 -3.243e+13 
  1.171e+02  3.901e+02 -1.705e+06  2.454e+13  3.352e+13  7.035e+13 -6.806e+13 
 -1.133e+02 -3.774e+02  1.650e+06 -2.374e+13 -3.243e+13 -6.806e+13  6.585e+13 
ERR MATRIX APPROXIMATE
 PARAMETER  CORRELATION COEFFICIENTS  
       NO.  GLOBAL      8      9     20     21     22     23     24
        8  0.17774   1.000  0.007 -0.082  0.076  0.076  0.076 -0.076
        9  0.34536   0.007  1.000 -0.292  0.276  0.276  0.276 -0.276
       20  0.97502  -0.082 -0.292  1.000 -0.974 -0.974 -0.974  0.974
       21  1.00000   0.076  0.276 -0.974  1.000  1.000  1.000 -1.000
       22  1.00000   0.076  0.276 -0.974  1.000  1.000  1.000 -1.000
       23  1.00000   0.076  0.276 -0.974  1.000  1.000  1.000 -1.000
       24  1.00000  -0.076 -0.276  0.974 -1.000 -1.000 -1.000  1.000
 ERR MATRIX APPROXIMATE
MINUIT - FIT wiggle + 1-CBO + 2-CBO
 **********
 **   42 **RES 
 **********
                   PARAMETER   16  beta_vw RESTORED TO VARIABLE.
                   PARAMETER   14  alpha_vw RESTORED TO VARIABLE.
                   PARAMETER   13  beta_y RESTORED TO VARIABLE.
                   PARAMETER   11  alpha_y RESTORED TO VARIABLE.
                   PARAMETER   10  beta_2CBO RESTORED TO VARIABLE.
                   PARAMETER    6  alpha_CBO RESTORED TO VARIABLE.
                   PARAMETER    4  phi RESTORED TO VARIABLE.
                   PARAMETER    3  A0 RESTORED TO VARIABLE.
                   PARAMETER    1  N0 RESTORED TO VARIABLE.
 **********
 **   43 **FIX           10
 **********
 **********
 **   44 **FIX           11
 **********
 **********
 **   45 **FIX           12
 **********
 PARAMETER   12  IS CONSTANT.   IGNORED.
 **********
 **   46 **FIX           13
 **********
 **********
 **   47 **FIX           14
 **********
 **********
 **   48 **FIX           15
 **********
 PARAMETER   15  IS CONSTANT.   IGNORED.
 **********
 **   49 **FIX           16
 **********
 **********
 **   50 **MIGRAD
 **********
 START MIGRAD MINIMIZATION.  STRATEGY  1.  CONVERGENCE WHEN EDM .LT. 1.00e-04
 FCN=89.4093 FROM MIGRAD    STATUS=INITIATE       22 CALLS        4409 TOTAL
                     EDM= unknown      STRATEGY= 1      NO ERROR MATRIX       
  EXT PARAMETER               CURRENT GUESS       STEP         FIRST   
  NO.   NAME      VALUE            ERROR          SIZE      DERIVATIVE 
   1  N0           2.88214e+06   3.77977e+02   3.77977e+02  -5.00248e-03
   2  tau          6.44101e+01   constant   
   3  A0           3.50786e-01   1.76544e-04   1.76544e-04  -1.85983e+04
   4  phi          4.11844e+00   5.45081e-04   5.45081e-04   3.78838e+03
   5  R           -5.98037e+01   constant   
   6  alpha_CBO    4.48491e-03   1.85781e-04   1.85781e-04  -3.54909e+03
   7  w_CBO        2.32500e+00   constant   
   8  beta_CBO    -1.91120e-03   1.83385e-04  -1.55500e-08   1.85111e+02
   9  alpha_2CBO  -8.73417e-06   1.68555e-04  -1.10772e-06   8.32999e+02
  10  beta_2CBO    6.89800e-04     fixed    
  11  alpha_y      0.00000e+00     fixed    
  12  w_y          1.44500e+01   constant   
  13  beta_y       6.33248e-04     fixed    
  14  alpha_vw     0.00000e+00     fixed    
  15  w_vw         1.29000e+01   constant   
  16  beta_vw      0.00000e+00     fixed    
  17  LM           1.43880e-04   constant   
  18  zeta_y       0.00000e+00   constant   
  19  zeta_vw      0.00000e+00   constant   
  20  T_CBO        6.39792e+00   2.08644e-01   5.15941e-05   4.91642e+01
  21  alpha_A0     4.13946e+06   2.92566e+06   3.89636e+04  -1.47836e-08
  22  beta_A0      5.63853e+06   3.99659e+06   5.32497e+04   1.14784e-07
  23  alpha_phi    1.18391e+07   8.38742e+06   1.11801e+05  -4.21994e-08
  24  beta_phi    -1.14681e+07   8.11509e+06  -1.08127e+05   1.94946e-08
 CALL LIMIT EXCEEDED IN MIGRAD.
 MIGRAD TERMINATED WITHOUT CONVERGENCE.
 FCN=84.042 FROM MIGRAD    STATUS=CALL LIMIT   1905 CALLS        6292 TOTAL
                     EDM=0.0147657    STRATEGY= 1  ERROR MATRIX UNCERTAINTY  19.3 per cent
  EXT PARAMETER                APPROXIMATE        STEP         FIRST   
  NO.   NAME      VALUE            ERROR          SIZE      DERIVATIVE 
   1  N0           2.88247e+06   3.94731e+02   5.42534e+00   1.55031e-04
   2  tau          6.44101e+01   constant   
   3  A0           3.51071e-01   1.88202e-04   1.27654e-06   2.46825e+01
   4  phi          4.11795e+00   5.43831e-04  -7.95952e-07   5.03897e+00
   5  R           -5.98037e+01   constant   
   6  alpha_CBO    4.52376e-03   1.86362e-04  -3.01801e-07  -1.46058e+01
   7  w_CBO        2.32500e+00   constant   
   8  beta_CBO    -1.99707e-03   1.88668e-04   2.51154e-06   2.19798e+02
   9  alpha_2CBO  -5.31237e-05   1.82373e-04  -1.72213e-06  -2.12113e+02
  10  beta_2CBO    6.89800e-04     fixed    
  11  alpha_y      0.00000e+00     fixed    
  12  w_y          1.44500e+01   constant   
  13  beta_y       6.33248e-04     fixed    
  14  alpha_vw     0.00000e+00     fixed    
  15  w_vw         1.29000e+01   constant   
  16  beta_vw      0.00000e+00     fixed    
  17  LM           1.43880e-04   constant   
  18  zeta_y       0.00000e+00   constant   
  19  zeta_vw      0.00000e+00   constant   
  20  T_CBO        5.24682e+00   3.08313e-01  -3.06244e-04  -2.59147e+02
  21  alpha_A0     4.25701e+08   6.67177e+08   4.84138e+07  -1.09227e-11
  22  beta_A0      6.29373e+08   9.33295e+08   6.68303e+07   3.07316e-11
  23  alpha_phi    1.40235e+09   2.05206e+09   1.49314e+08  -1.87657e-10
  24  beta_phi    -1.39010e+09   1.94406e+09  -1.40917e+08   3.82819e-10
 EXTERNAL ERROR MATRIX.    NDIM=  25    NPAR= 11    ERR DEF=1
  1.558e+05 
 -1.059e-02  3.542e-08 
 -1.569e-02 -4.191e-09  2.958e-07 
  1.668e-03  1.837e-09  2.178e-08  3.473e-08 
 -6.698e-03 -5.956e-09  9.996e-09 -1.042e-09  3.560e-08 
 -3.686e-03 -5.065e-10  3.928e-09  6.100e-10  1.754e-09  3.326e-08 
 -9.158e-01  1.620e-06 -4.533e-06  1.485e-06 -7.715e-07 -1.096e-06  9.506e-02 
  1.692e+10 -5.556e+03  5.457e+03 -5.665e+03  5.841e+03 -5.869e+01 -2.031e+08  4.451e+17 
  2.999e+10 -8.411e+03  9.449e+03 -3.587e+03  4.084e+03 -4.378e+03 -2.836e+08  6.127e+17  8.710e+17 
  4.744e+10 -1.479e+04  2.488e+04 -1.405e+04  1.871e+04 -3.255e+03 -6.281e+08  1.366e+18  1.889e+18  4.211e+18 
 -4.874e+10  1.364e+04 -2.959e+04  8.574e+03 -1.510e+04  7.401e+03  5.959e+08 -1.285e+18 -1.802e+18 -3.976e+18  3.779e+18 
ERR MATRIX APPROXIMATE
 PARAMETER  CORRELATION COEFFICIENTS  
       NO.  GLOBAL      1      3      4      6      8      9     20     21     22     23     24
        1  0.64356   1.000 -0.143 -0.073  0.023 -0.090 -0.051 -0.008  0.064  0.081  0.059 -0.064
        3  0.27781  -0.143  1.000 -0.041  0.052 -0.168 -0.015  0.028 -0.044 -0.048 -0.038  0.037
        4  0.38687  -0.073 -0.041  1.000  0.215  0.097  0.040 -0.027  0.015  0.019  0.022 -0.028
        6  0.27643   0.023  0.052  0.215  1.000 -0.030  0.018  0.026 -0.046 -0.021 -0.037  0.024
        8  0.51626  -0.090 -0.168  0.097 -0.030  1.000  0.051 -0.013  0.046  0.023  0.048 -0.041
        9  0.47821  -0.051 -0.015  0.040  0.018  0.051  1.000 -0.019 -0.000 -0.026 -0.009  0.021
       20  0.99728  -0.008  0.028 -0.027  0.026 -0.013 -0.019  1.000 -0.987 -0.985 -0.993  0.994
       21  0.99998   0.064 -0.044  0.015 -0.046  0.046 -0.000 -0.987  1.000  0.984  0.998 -0.991
       22  0.99992   0.081 -0.048  0.019 -0.021  0.023 -0.026 -0.985  0.984  1.000  0.986 -0.993
       23  0.99999   0.059 -0.038  0.022 -0.037  0.048 -0.009 -0.993  0.998  0.986  1.000 -0.997
       24  0.99999  -0.064  0.037 -0.028  0.024 -0.041  0.021  0.994 -0.991 -0.993 -0.997  1.000
 ERR MATRIX APPROXIMATE
MINUIT - FIT ONLY 1-y
 **********
 **   51 **RES 
 **********
                   PARAMETER   16  beta_vw RESTORED TO VARIABLE.
                   PARAMETER   14  alpha_vw RESTORED TO VARIABLE.
                   PARAMETER   13  beta_y RESTORED TO VARIABLE.
                   PARAMETER   11  alpha_y RESTORED TO VARIABLE.
                   PARAMETER   10  beta_2CBO RESTORED TO VARIABLE.
 **********
 **   52 **FIX            0
 **********
 PARAMETER    0  IS UNDEFINED. IGNORED.
 **********
 **   53 **FIX            1
 **********
 **********
 **   54 **FIX            2
 **********
 PARAMETER    2  IS CONSTANT.   IGNORED.
 **********
 **   55 **FIX            3
 **********
 **********
 **   56 **FIX            4
 **********
 **********
 **   57 **FIX            5
 **********
 PARAMETER    5  IS CONSTANT.   IGNORED.
 **********
 **   58 **FIX            6
 **********
 **********
 **   59 **FIX            7
 **********
 PARAMETER    7  IS CONSTANT.   IGNORED.
 **********
 **   60 **FIX            8
 **********
 **********
 **   61 **FIX            9
 **********
 **********
 **   62 **FIX           13
 **********
 **********
 **   63 **FIX           14
 **********
 **********
 **   64 **FIX           15
 **********
 PARAMETER   15  IS CONSTANT.   IGNORED.
 **********
 **   65 **FIX           16
 **********
 **********
 **   66 **MIGRAD
 **********
 START MIGRAD MINIMIZATION.  STRATEGY  1.  CONVERGENCE WHEN EDM .LT. 1.00e-04
 FCN=84.042 FROM MIGRAD    STATUS=INITIATE       16 CALLS        6308 TOTAL
                     EDM= unknown      STRATEGY= 1      NO ERROR MATRIX       
  EXT PARAMETER               CURRENT GUESS       STEP         FIRST   
  NO.   NAME      VALUE            ERROR          SIZE      DERIVATIVE 
   1  N0           2.88247e+06     fixed    
   2  tau          6.44101e+01   constant   
   3  A0           3.51071e-01     fixed    
   4  phi          4.11795e+00     fixed    
   5  R           -5.98037e+01   constant   
   6  alpha_CBO    4.52376e-03     fixed    
   7  w_CBO        2.32500e+00   constant   
   8  beta_CBO    -1.99707e-03     fixed    
   9  alpha_2CBO  -5.31237e-05     fixed    
  10  beta_2CBO    6.89800e-04   1.83525e-04   1.83525e-04   9.61835e+03
  11  alpha_y      0.00000e+00   1.00000e-03   1.00000e-03   4.62373e+03
  12  w_y          1.44500e+01   constant   
  13  beta_y       6.33248e-04     fixed    
  14  alpha_vw     0.00000e+00     fixed    
  15  w_vw         1.29000e+01   constant   
  16  beta_vw      0.00000e+00     fixed    
  17  LM           1.43880e-04   constant   
  18  zeta_y       0.00000e+00   constant   
  19  zeta_vw      0.00000e+00   constant   
  20  T_CBO        5.24682e+00   3.08313e-01  -3.06244e-04  -2.59147e+02
  21  alpha_A0     4.25701e+08   6.67177e+08   4.84138e+07  -1.09227e-11
  22  beta_A0      6.29373e+08   9.33295e+08   6.68303e+07   3.07316e-11
  23  alpha_phi    1.40235e+09   2.05206e+09   1.49314e+08  -1.87657e-10
  24  beta_phi    -1.39010e+09   1.94406e+09  -1.40917e+08   3.82819e-10
 CALL LIMIT EXCEEDED IN MIGRAD.
 MIGRAD TERMINATED WITHOUT CONVERGENCE.
 FCN=82.6745 FROM MIGRAD    STATUS=CALL LIMIT   1148 CALLS        7440 TOTAL
                     EDM=0.000977777    STRATEGY= 1  ERROR MATRIX UNCERTAINTY  26.3 per cent
  EXT PARAMETER                APPROXIMATE        STEP         FIRST   
  NO.   NAME      VALUE            ERROR          SIZE      DERIVATIVE 
   1  N0           2.88247e+06     fixed    
   2  tau          6.44101e+01   constant   
   3  A0           3.51071e-01     fixed    
   4  phi          4.11795e+00     fixed    
   5  R           -5.98037e+01   constant   
   6  alpha_CBO    4.52376e-03     fixed    
   7  w_CBO        2.32500e+00   constant   
   8  beta_CBO    -1.99707e-03     fixed    
   9  alpha_2CBO  -5.31237e-05     fixed    
  10  beta_2CBO    5.06820e-04   1.84292e-04   1.71299e-06   4.99366e+01
  11  alpha_y     -8.41610e-05   1.82310e-04   2.02118e-09  -4.45472e+01
  12  w_y          1.44500e+01   constant   
  13  beta_y       6.33248e-04     fixed    
  14  alpha_vw     0.00000e+00     fixed    
  15  w_vw         1.29000e+01   constant   
  16  beta_vw      0.00000e+00     fixed    
  17  LM           1.43880e-04   constant   
  18  zeta_y       0.00000e+00   constant   
  19  zeta_vw      0.00000e+00   constant   
  20  T_CBO        4.54294e+00   3.57932e-01  -1.74450e-04  -6.97035e+01
  21  alpha_A0     2.35605e+10   4.94005e+10   1.54512e+09  -2.19893e-12
  22  beta_A0      3.57510e+10   9.00804e+10   2.77544e+09   8.98244e-13
  23  alpha_phi    9.41799e+10   2.06404e+11   6.46837e+09  -1.48615e-12
  24  beta_phi    -9.01855e+10   2.03645e+11  -6.36309e+09   5.14075e-13
 EXTERNAL ERROR MATRIX.    NDIM=  25    NPAR=  7    ERR DEF=1
  3.396e-08  3.782e-10 -8.201e-06  1.136e+06  2.223e+06  4.463e+06 -4.552e+06 
  3.782e-10  3.324e-08 -8.077e-08  2.243e+04 -4.383e+03 -1.657e+04  1.492e+04 
 -8.201e-06 -8.077e-08  1.281e-01 -1.760e+10 -3.204e+10 -7.380e+10  7.279e+10 
  1.136e+06  2.243e+04 -1.760e+10  2.440e+21  4.406e+21  1.016e+22 -1.002e+22 
  2.223e+06 -4.383e+03 -3.204e+10  4.406e+21  8.114e+21  1.849e+22 -1.828e+22 
  4.463e+06 -1.657e+04 -7.380e+10  1.016e+22  1.849e+22  4.260e+22 -4.202e+22 
 -4.552e+06  1.492e+04  7.279e+10 -1.002e+22 -1.828e+22 -4.202e+22  4.147e+22 
ERR MATRIX APPROXIMATE
 PARAMETER  CORRELATION COEFFICIENTS  
       NO.  GLOBAL     10     11     20     21     22     23     24
       10  0.26679   1.000  0.011 -0.124  0.125  0.134  0.117 -0.121
       11  0.05010   0.011  1.000 -0.001  0.002 -0.000 -0.000  0.000
       20  0.99892  -0.124 -0.001  1.000 -0.996 -0.994 -0.999  0.999
       21  0.99691   0.125  0.002 -0.996  1.000  0.990  0.997 -0.996
       22  0.99995   0.134 -0.000 -0.994  0.990  1.000  0.994 -0.997
       23  1.00000   0.117 -0.000 -0.999  0.997  0.994  1.000 -1.000
       24  1.00000  -0.121  0.000  0.999 -0.996 -0.997 -1.000  1.000
 ERR MATRIX APPROXIMATE
MINUIT - FIT ONLY 2-y
 **********
 **   67 **RES 
 **********
                   PARAMETER   16  beta_vw RESTORED TO VARIABLE.
                   PARAMETER   14  alpha_vw RESTORED TO VARIABLE.
                   PARAMETER   13  beta_y RESTORED TO VARIABLE.
                   PARAMETER    9  alpha_2CBO RESTORED TO VARIABLE.
                   PARAMETER    8  beta_CBO RESTORED TO VARIABLE.
                   PARAMETER    6  alpha_CBO RESTORED TO VARIABLE.
                   PARAMETER    4  phi RESTORED TO VARIABLE.
                   PARAMETER    3  A0 RESTORED TO VARIABLE.
                   PARAMETER    1  N0 RESTORED TO VARIABLE.
 **********
 **   68 **FIX            0
 **********
 PARAMETER    0  IS UNDEFINED. IGNORED.
 **********
 **   69 **FIX            1
 **********
 **********
 **   70 **FIX            2
 **********
 PARAMETER    2  IS CONSTANT.   IGNORED.
 **********
 **   71 **FIX            3
 **********
 **********
 **   72 **FIX            4
 **********
 **********
 **   73 **FIX            5
 **********
 PARAMETER    5  IS CONSTANT.   IGNORED.
 **********
 **   74 **FIX            6
 **********
 **********
 **   75 **FIX            7
 **********
 PARAMETER    7  IS CONSTANT.   IGNORED.
 **********
 **   76 **FIX            8
 **********
 **********
 **   77 **FIX            9
 **********
 **********
 **   78 **FIX           10
 **********
 **********
 **   79 **FIX           11
 **********
 **********
 **   80 **FIX           12
 **********
 PARAMETER   12  IS CONSTANT.   IGNORED.
 **********
 **   81 **FIX           16
 **********
 **********
 **   82 **MIGRAD
 **********
 START MIGRAD MINIMIZATION.  STRATEGY  1.  CONVERGENCE WHEN EDM .LT. 1.00e-04
 FCN=82.6745 FROM MIGRAD    STATUS=INITIATE       16 CALLS        7456 TOTAL
                     EDM= unknown      STRATEGY= 1      NO ERROR MATRIX       
  EXT PARAMETER               CURRENT GUESS       STEP         FIRST   
  NO.   NAME      VALUE            ERROR          SIZE      DERIVATIVE 
   1  N0           2.88247e+06     fixed    
   2  tau          6.44101e+01   constant   
   3  A0           3.51071e-01     fixed    
   4  phi          4.11795e+00     fixed    
   5  R           -5.98037e+01   constant   
   6  alpha_CBO    4.52376e-03     fixed    
   7  w_CBO        2.32500e+00   constant   
   8  beta_CBO    -1.99707e-03     fixed    
   9  alpha_2CBO  -5.31237e-05     fixed    
  10  beta_2CBO    5.06820e-04     fixed    
  11  alpha_y     -8.41610e-05     fixed    
  12  w_y          1.44500e+01   constant   
  13  beta_y       6.33248e-04   1.78041e-04   1.78041e-04   3.14591e+02
  14  alpha_vw     0.00000e+00   1.00000e-03   1.00000e-03   1.02552e+03
  15  w_vw         1.29000e+01   constant   
  16  beta_vw      0.00000e+00     fixed    
  17  LM           1.43880e-04   constant   
  18  zeta_y       0.00000e+00   constant   
  19  zeta_vw      0.00000e+00   constant   
  20  T_CBO        4.54294e+00   3.57932e-01  -1.74450e-04  -6.97034e+01
  21  alpha_A0     2.35605e+10   4.94005e+10   1.54512e+09  -2.19893e-12
  22  beta_A0      3.57510e+10   9.00804e+10   2.77544e+09   8.98244e-13
  23  alpha_phi    9.41799e+10   2.06404e+11   6.46837e+09  -1.48615e-12
  24  beta_phi    -9.01855e+10   2.03645e+11  -6.36309e+09   5.14075e-13
 MIGRAD MINIMIZATION HAS CONVERGED.
 MIGRAD WILL VERIFY CONVERGENCE AND ERROR MATRIX.
 COVARIANCE MATRIX CALCULATED SUCCESSFULLY
 FCN=82.6651 FROM MIGRAD    STATUS=CONVERGED     147 CALLS        7587 TOTAL
                     EDM=1.94697e-06    STRATEGY= 1      ERROR MATRIX ACCURATE 
  EXT PARAMETER                                   STEP         FIRST   
  NO.   NAME      VALUE            ERROR          SIZE      DERIVATIVE 
   1  N0           2.88247e+06     fixed    
   2  tau          6.44101e+01   constant   
   3  A0           3.51071e-01     fixed    
   4  phi          4.11795e+00     fixed    
   5  R           -5.98037e+01   constant   
   6  alpha_CBO    4.52376e-03     fixed    
   7  w_CBO        2.32500e+00   constant   
   8  beta_CBO    -1.99707e-03     fixed    
   9  alpha_2CBO  -5.31237e-05     fixed    
  10  beta_2CBO    5.06820e-04     fixed    
  11  alpha_y     -8.41610e-05     fixed    
  12  w_y          1.44500e+01   constant   
  13  beta_y       6.31711e-04   1.83915e-04   8.01562e-07  -5.22583e+00
  14  alpha_vw    -1.66812e-05   1.86072e-04   8.10583e-07   1.52696e+00
  15  w_vw         1.29000e+01   constant   
  16  beta_vw      0.00000e+00     fixed    
  17  LM           1.43880e-04   constant   
  18  zeta_y       0.00000e+00   constant   
  19  zeta_vw      0.00000e+00   constant   
  20  T_CBO        4.54186e+00   2.36494e-02   1.57131e-06  -4.66169e+00
  21  alpha_A0     2.36191e+10   1.41421e+00   1.12625e+04  -2.41981e-12
  22  beta_A0      3.56856e+10   1.41421e+00   1.70162e+04  -3.01568e-13
  23  alpha_phi    9.52786e+10   1.41421e+00   4.54324e+04   8.49428e-14
  24  beta_phi    -9.10050e+10   1.41421e+00   4.33946e+04   5.67673e-14
 EXTERNAL ERROR MATRIX.    NDIM=  25    NPAR=  7    ERR DEF=1
  3.382e-08 -7.472e-09  6.886e-08 -3.307e-16  1.194e-16  7.895e-17  3.980e-17 
 -7.472e-09  3.462e-08 -1.516e-07  6.822e-16 -8.913e-17 -2.971e-16 -1.593e-16 
  6.886e-08 -1.516e-07  5.593e-04 -3.163e-13 -4.021e-13 -1.560e-12  1.374e-12 
 -3.307e-16  6.822e-16 -3.163e-13  2.000e+00 -6.151e-19  4.313e-21  1.557e-20 
  1.194e-16 -8.913e-17 -4.021e-13 -6.151e-19  2.000e+00 -1.631e-21 -2.991e-21 
  7.895e-17 -2.971e-16 -1.560e-12  4.313e-21 -1.631e-21  2.000e+00 -4.140e-21 
  3.980e-17 -1.593e-16  1.374e-12  1.557e-20 -2.991e-21 -4.140e-21  2.000e+00 
 PARAMETER  CORRELATION COEFFICIENTS  
       NO.  GLOBAL     13     14     20     21     22     23     24
       13  0.21850   1.000 -0.218  0.016 -0.000  0.000  0.000  0.000
       14  0.22053  -0.218  1.000 -0.034  0.000 -0.000 -0.000 -0.000
       20  0.03548   0.016 -0.034  1.000 -0.000 -0.000 -0.000  0.000
       21  0.00000  -0.000  0.000 -0.000  1.000 -0.000  0.000  0.000
       22  0.00000   0.000 -0.000 -0.000 -0.000  1.000 -0.000 -0.000
       23  0.00000   0.000 -0.000 -0.000  0.000 -0.000  1.000 -0.000
