 + ++++++++++++++++++++++++++++++++++++++++++++++++++++++++++++++++++++ +
 +                                                                      +
 +           You have chose to blind your fitting according to          +
 +                omega_ref * (1 + (R +/- deltaR) *10^{-6})             +
 +                                                                      +
 + ++++++++++++++++++++++++++++++++++++++++++++++++++++++++++++++++++++ +
In main()...
reading format from /gm2data/zkhechad/run45/envelope/formats/formatB_sBin_constraintOn.txt
pBinTau 	= 0  
pBinPhi 	= 0  
constraintau 	= 1 
includeMopTerm 	= 0    
constrainMop    = 0   
Parameters after format file: pBinTau 0 pBinPhi 0 constraintau 1 includeMopTerm 0 constrainMop 0 c_e_scale 0.000000 
Opening file /gm2data/tbarrett/gm2fr/studies/run23_bunch_corrections/CorrectedFourier_Run3b.root.
reading full fit data from /gm2data/zkhechad/cboTemplates/Run4CBOTemplates/fullFits/noRF/sBin_constraintOn_cE0.0_seed0_noRF_calo0.root
windowBins = 69
fitting sliding window 1260 from bin 1396 at 208.134000 to bin 1465 at 218.578000 (69 bins)

Reading data from /gm2data/cornell/histograms/aMethod/histogram_a_noRF.root
 **********
 **    1 **SET PRINTOUT            1
 **********
 **********
 **    2 **SET NOWARNINGS 
 **********
 PARAMETER DEFINITIONS:
    NO.   NAME         VALUE      STEP SIZE      LIMITS
     1 N0           7.53894e+07  1.00000e+02     no limits
     2 tau          6.44000e+01  constant
     3 A0           3.53538e-01  1.00000e-04     no limits
     4 phi          4.11945e+00  1.00000e-02     no limits
     5 R           -6.07615e+01  constant
     6 alpha_CBO    0.00000e+00  1.00000e-03     no limits
     7 w_CBO        2.32500e+00  constant
     8 beta_CBO     0.00000e+00  1.00000e-03     no limits
     9 alpha_2CBO   0.00000e+00  1.00000e-03     no limits
    10 beta_2CBO    0.00000e+00  1.00000e-03     no limits
    11 alpha_y      0.00000e+00  1.00000e-03     no limits
    12 w_y          1.38860e+01  constant
    13 beta_y       0.00000e+00  1.00000e-03     no limits
    14 alpha_vw     0.00000e+00  1.00000e-03     no limits
    15 w_vw         1.43404e+01  constant
    16 beta_vw      0.00000e+00  1.00000e-03     no limits
    17 LM          -1.74374e-04  constant
    18 zeta_y       0.00000e+00  constant
    19 zeta_vw      0.00000e+00  constant
    20 T_CBO        1.00000e+02  1.00000e+00    0.00000e+00  1.00000e+03
    21 alpha_A0     0.00000e+00  1.00000e-03     no limits
    22 beta_A0      0.00000e+00  1.00000e-03     no limits
    23 alpha_phi    0.00000e+00  1.00000e-03     no limits
    24 beta_phi     0.00000e+00  1.00000e-03     no limits
MINUIT - FIT ONLY WIGGLE
 **********
 **    3 **FIX            5
 **********
 PARAMETER    5  IS CONSTANT.   IGNORED.
 **********
 **    4 **FIX            6
 **********
 **********
 **    5 **FIX            7
 **********
 PARAMETER    7  IS CONSTANT.   IGNORED.
 **********
 **    6 **FIX            8
 **********
 **********
 **    7 **FIX            9
 **********
 **********
 **    8 **FIX           10
 **********
 **********
 **    9 **FIX           11
 **********
 **********
 **   10 **FIX           12
 **********
 PARAMETER   12  IS CONSTANT.   IGNORED.
 **********
 **   11 **FIX           13
 **********
 **********
 **   12 **FIX           14
 **********
 **********
 **   13 **FIX           15
 **********
 PARAMETER   15  IS CONSTANT.   IGNORED.
 **********
 **   14 **FIX           16
 **********
 **********
 **   15 **MIGRAD
 **********
 FIRST CALL TO USER FUNCTION AT NEW START POINT, WITH IFLAG=4.
 START MIGRAD MINIMIZATION.  STRATEGY  1.  CONVERGENCE WHEN EDM .LT. 1.00e-04
 FCN=165.005 FROM MIGRAD    STATUS=INITIATE      427 CALLS         428 TOTAL
                     EDM= unknown      STRATEGY= 1      NO ERROR MATRIX       
  EXT PARAMETER               CURRENT GUESS       STEP         FIRST   
  NO.   NAME      VALUE            ERROR          SIZE      DERIVATIVE 
   1  N0           7.53894e+07   1.00000e+02   0.00000e+00   6.52215e-04
   2  tau          6.44000e+01   constant   
   3  A0           3.53538e-01   1.00000e-04   0.00000e+00   7.96539e+04
   4  phi          4.11945e+00   1.00000e-02   0.00000e+00   2.92870e+04
   5  R           -6.07615e+01   constant   
   6  alpha_CBO    0.00000e+00     fixed    
   7  w_CBO        2.32500e+00   constant   
   8  beta_CBO     0.00000e+00     fixed    
   9  alpha_2CBO   0.00000e+00     fixed    
  10  beta_2CBO    0.00000e+00     fixed    
  11  alpha_y      0.00000e+00     fixed    
  12  w_y          1.38860e+01   constant   
  13  beta_y       0.00000e+00     fixed    
  14  alpha_vw     0.00000e+00     fixed    
  15  w_vw         1.43404e+01   constant   
  16  beta_vw      0.00000e+00     fixed    
  17  LM          -1.74374e-04   constant   
  18  zeta_y       0.00000e+00   constant   
  19  zeta_vw      0.00000e+00   constant   
  20  T_CBO        1.00000e+02   1.00000e+00   0.00000e+00   0.00000e+00
  21  alpha_A0     0.00000e+00   1.00000e-03   0.00000e+00   8.09111e+02
  22  beta_A0      0.00000e+00   1.00000e-03   0.00000e+00   6.03833e+02
  23  alpha_phi    0.00000e+00   1.00000e-03   0.00000e+00  -5.95817e+02
  24  beta_phi     0.00000e+00   1.00000e-03   0.00000e+00  -2.87237e+02
 MIGRAD MINIMIZATION HAS CONVERGED.
 FCN=151.243 FROM MIGRAD    STATUS=CONVERGED    1151 CALLS        1152 TOTAL
                     EDM=1.14428e-06    STRATEGY= 1  ERROR MATRIX UNCERTAINTY   0.4 per cent
  EXT PARAMETER                                   STEP         FIRST   
  NO.   NAME      VALUE            ERROR          SIZE      DERIVATIVE 
   1  N0           7.53863e+07   3.39553e+03  -3.08182e+00  -1.10652e-07
   2  tau          6.44000e+01   constant   
   3  A0           3.53401e-01   5.96406e-05  -7.73645e-08  -2.83300e+00
   4  phi          4.11905e+00   1.69843e-04  -1.72004e-07  -3.61583e+00
   5  R           -6.07615e+01   constant   
   6  alpha_CBO    0.00000e+00     fixed    
   7  w_CBO        2.32500e+00   constant   
   8  beta_CBO     0.00000e+00     fixed    
   9  alpha_2CBO   0.00000e+00     fixed    
  10  beta_2CBO    0.00000e+00     fixed    
  11  alpha_y      0.00000e+00     fixed    
  12  w_y          1.38860e+01   constant   
  13  beta_y       0.00000e+00     fixed    
  14  alpha_vw     0.00000e+00     fixed    
  15  w_vw         1.43404e+01   constant   
  16  beta_vw      0.00000e+00     fixed    
  17  LM          -1.74374e-04   constant   
  18  zeta_y       0.00000e+00   constant   
  19  zeta_vw      0.00000e+00   constant   
  20  T_CBO        9.99972e+02   5.13776e+02   7.35235e-02  -5.69445e-05
  21  alpha_A0    -2.37920e-04   3.13643e-04   2.27956e-07   1.61516e+00
  22  beta_A0     -1.93274e-04   3.50020e-04  -9.43553e-08   5.26097e+00
  23  alpha_phi    1.58509e-04   3.47016e-04  -5.44287e-07  -4.88569e-01
  24  beta_phi     2.67153e-05   3.02139e-04  -6.49870e-07  -2.29966e+00
 EXTERNAL ERROR MATRIX.    NDIM=  25    NPAR=  8    ERR DEF=1
  1.153e+07 -3.960e-03 -8.433e-02 -5.297e+03  2.134e-01 -3.258e-02 -8.590e-02 -2.477e-01 
 -3.960e-03  3.557e-09  9.803e-11 -6.630e-05 -1.140e-09  3.096e-09  4.496e-09  1.046e-09 
 -8.433e-02  9.803e-11  2.885e-08 -2.453e-04 -2.214e-09  1.324e-09 -4.291e-09  4.022e-09 
 -5.297e+03 -6.630e-05 -2.453e-04  1.017e+04  3.607e-03  4.848e-03 -1.277e-03 -1.739e-03 
  2.134e-01 -1.140e-09 -2.214e-09  3.607e-03  9.837e-08  7.549e-09  8.043e-10 -5.892e-09 
 -3.258e-02  3.096e-09  1.324e-09  4.848e-03  7.549e-09  1.225e-07  3.209e-08 -2.644e-11 
 -8.590e-02  4.496e-09 -4.291e-09 -1.277e-03  8.043e-10  3.209e-08  1.204e-07 -5.657e-09 
 -2.477e-01  1.046e-09  4.022e-09 -1.739e-03 -5.892e-09 -2.644e-11 -5.657e-09  9.129e-08 
 PARAMETER  CORRELATION COEFFICIENTS  
       NO.  GLOBAL      1      3      4     20     21     22     23     24
        1  0.34687   1.000 -0.020 -0.146 -0.015  0.200 -0.027 -0.073 -0.241
        3  0.25710  -0.020  1.000  0.010 -0.011 -0.061  0.148  0.217  0.058
        4  0.18045  -0.146  0.010  1.000 -0.014 -0.042  0.022 -0.073  0.078
       20  0.20441  -0.015 -0.011 -0.014  1.000  0.114  0.137 -0.037 -0.057
       21  0.24947   0.200 -0.061 -0.042  0.114  1.000  0.069  0.007 -0.062
       22  0.32500  -0.027  0.148  0.022  0.137  0.069  1.000  0.264 -0.000
       23  0.35566  -0.073  0.217 -0.073 -0.037  0.007  0.264  1.000 -0.054
       24  0.27165  -0.241  0.058  0.078 -0.057 -0.062 -0.000 -0.054  1.000
MINUIT - FIT ONLY 1-CBO + wiggle
 **********
 **   16 **RES 
 **********
                   PARAMETER   16  beta_vw RESTORED TO VARIABLE.
                   PARAMETER   14  alpha_vw RESTORED TO VARIABLE.
                   PARAMETER   13  beta_y RESTORED TO VARIABLE.
                   PARAMETER   11  alpha_y RESTORED TO VARIABLE.
                   PARAMETER   10  beta_2CBO RESTORED TO VARIABLE.
                   PARAMETER    9  alpha_2CBO RESTORED TO VARIABLE.
                   PARAMETER    8  beta_CBO RESTORED TO VARIABLE.
                   PARAMETER    6  alpha_CBO RESTORED TO VARIABLE.
 **********
 **   17 **FIX            8
 **********
 **********
 **   18 **FIX            9
 **********
 **********
 **   19 **FIX           11
 **********
 **********
 **   20 **FIX           12
 **********
 PARAMETER   12  IS CONSTANT.   IGNORED.
 **********
 **   21 **FIX           14
 **********
 **********
 **   22 **FIX           15
 **********
 PARAMETER   15  IS CONSTANT.   IGNORED.
 **********
 **   23 **FIX           16
 **********
 **********
 **   24 **MIGRAD
 **********
 START MIGRAD MINIMIZATION.  STRATEGY  1.  CONVERGENCE WHEN EDM .LT. 1.00e-04
 FCN=151.243 FROM MIGRAD    STATUS=INITIATE       28 CALLS        1180 TOTAL
                     EDM= unknown      STRATEGY= 1      NO ERROR MATRIX       
  EXT PARAMETER               CURRENT GUESS       STEP         FIRST   
  NO.   NAME      VALUE            ERROR          SIZE      DERIVATIVE 
   1  N0           7.53863e+07   3.39553e+03  -3.08182e+00  -1.10652e-07
   2  tau          6.44000e+01   constant   
   3  A0           3.53401e-01   5.96406e-05  -7.73645e-08  -2.83298e+00
   4  phi          4.11905e+00   1.69843e-04  -1.72004e-07  -3.61583e+00
   5  R           -6.07615e+01   constant   
   6  alpha_CBO    0.00000e+00   1.00000e-03   1.00000e-03  -2.59851e+05
   7  w_CBO        2.32500e+00   constant   
   8  beta_CBO     0.00000e+00     fixed    
   9  alpha_2CBO   0.00000e+00     fixed    
  10  beta_2CBO    0.00000e+00   1.00000e-03   1.00000e-03  -3.32954e+04
  11  alpha_y      0.00000e+00     fixed    
  12  w_y          1.38860e+01   constant   
  13  beta_y       0.00000e+00   1.00000e-03   1.00000e-03  -2.92298e+04
  14  alpha_vw     0.00000e+00     fixed    
  15  w_vw         1.43404e+01   constant   
  16  beta_vw      0.00000e+00     fixed    
  17  LM          -1.74374e-04   constant   
  18  zeta_y       0.00000e+00   constant   
  19  zeta_vw      0.00000e+00   constant   
  20  T_CBO        9.99972e+02   5.13776e+02   7.35235e-02  -5.69342e-05
  21  alpha_A0    -2.37920e-04   3.13643e-04   2.27956e-07   1.61513e+00
  22  beta_A0     -1.93274e-04   3.50020e-04  -9.43553e-08   5.26087e+00
  23  alpha_phi    1.58509e-04   3.47016e-04  -5.44287e-07  -4.88568e-01
  24  beta_phi     2.67153e-05   3.02139e-04  -6.49870e-07  -2.29966e+00
 MIGRAD MINIMIZATION HAS CONVERGED.
 MIGRAD WILL VERIFY CONVERGENCE AND ERROR MATRIX.
 COVARIANCE MATRIX CALCULATED SUCCESSFULLY
 FCN=79.4574 FROM MIGRAD    STATUS=CONVERGED     276 CALLS        1428 TOTAL
                     EDM=1.11583e-06    STRATEGY= 1      ERROR MATRIX ACCURATE 
  EXT PARAMETER                                   STEP         FIRST   
  NO.   NAME      VALUE            ERROR          SIZE      DERIVATIVE 
   1  N0           7.53861e+07   3.55676e+03   3.59469e+01  -8.03635e-08
   2  tau          6.44000e+01   constant   
   3  A0           3.53363e-01   6.21378e-05   2.63002e-07  -4.16445e+00
   4  phi          4.11933e+00   1.77146e-04   1.96425e-06   4.53443e+00
   5  R           -6.07615e+01   constant   
   6  alpha_CBO    5.44783e-04   6.52058e-05   2.75876e-07  -4.09059e+00
   7  w_CBO        2.32500e+00   constant   
   8  beta_CBO     0.00000e+00     fixed    
   9  alpha_2CBO   0.00000e+00     fixed    
  10  beta_2CBO    2.02898e-05   6.45132e-05   2.73629e-07   9.88788e+00
  11  alpha_y      0.00000e+00     fixed    
  12  w_y          1.38860e+01   constant   
  13  beta_y       4.55567e-05   6.25961e-05   2.73902e-07   5.99320e+00
  14  alpha_vw     0.00000e+00     fixed    
  15  w_vw         1.43404e+01   constant   
  16  beta_vw      0.00000e+00     fixed    
  17  LM          -1.74374e-04   constant   
  18  zeta_y       0.00000e+00   constant   
  19  zeta_vw      0.00000e+00   constant   
  20  T_CBO        9.99999e+02   8.02897e+02   7.01415e-02   1.53213e-05
  21  alpha_A0    -5.75222e-04   3.12008e-04   1.30290e-06   2.30105e+00
  22  beta_A0     -2.29948e-04   3.04795e-04   1.30678e-06   1.34701e+00
  23  alpha_phi    9.50169e-05   3.22063e-04   1.34449e-06  -5.81790e-01
  24  beta_phi    -3.77119e-05   2.99970e-04   1.26367e-06  -9.97847e-01
 EXTERNAL ERROR MATRIX.    NDIM=  25    NPAR= 11    ERR DEF=1
  1.265e+07 
 -5.881e-03  3.861e-09 
 -1.102e-01 -2.135e-10  3.138e-08 
 -1.490e-04 -2.544e-10  2.204e-09  4.252e-09 
 -9.201e-03 -2.333e-10 -3.443e-10 -3.783e-10  4.162e-09 
 -3.226e-03 -7.485e-11 -4.622e-11 -9.151e-11  1.007e-11  3.918e-09 
  1.934e+01  8.219e-07  6.800e-07 -8.519e-08 -1.737e-07 -2.733e-08  3.608e+02 
  2.217e-01 -1.663e-09 -3.533e-09 -2.531e-09 -5.280e-10 -2.941e-12 -7.326e-04  9.735e-08 
 -8.228e-02  1.581e-09  5.759e-10 -6.022e-10  2.472e-09  3.939e-11 -2.968e-04 -7.894e-09  9.290e-08 
 -9.667e-02  4.303e-09 -2.922e-09  1.963e-11 -3.486e-09 -5.509e-10  1.243e-04 -1.071e-08  4.168e-09  1.037e-07 
 -2.536e-01  1.578e-09  5.231e-09 -3.787e-10 -8.706e-10 -4.587e-11 -4.726e-05 -2.307e-09  7.248e-09  6.356e-09  8.998e-08 
 PARAMETER  CORRELATION COEFFICIENTS  
       NO.  GLOBAL      1      3      4      6     10     13     20     21     22     23     24
        1  0.35302   1.000 -0.027 -0.175 -0.001 -0.040 -0.014  0.000  0.200 -0.076 -0.084 -0.238
        3  0.25710  -0.027  1.000 -0.019 -0.063 -0.058 -0.019  0.001 -0.086  0.083  0.215  0.085
        4  0.27706  -0.175 -0.019  1.000  0.191 -0.030 -0.004  0.000 -0.064  0.011 -0.051  0.098
        6  0.25857  -0.001 -0.063  0.191  1.000 -0.090 -0.022 -0.000 -0.124 -0.030  0.001 -0.019
       10  0.24936  -0.040 -0.058 -0.030 -0.090  1.000  0.002 -0.000 -0.026  0.126 -0.168 -0.045
       13  0.04317  -0.014 -0.019 -0.004 -0.022  0.002  1.000 -0.000 -0.000  0.002 -0.027 -0.002
       20  0.14188   0.000  0.001  0.000 -0.000 -0.000 -0.000  1.000 -0.124 -0.051  0.020 -0.008
       21  0.30158   0.200 -0.086 -0.064 -0.124 -0.026 -0.000 -0.124  1.000 -0.083 -0.107 -0.025
       22  0.20431  -0.076  0.083  0.011 -0.030  0.126  0.002 -0.051 -0.083  1.000  0.042  0.079
       23  0.30248  -0.084  0.215 -0.051  0.001 -0.168 -0.027  0.020 -0.107  0.042  1.000  0.066
       24  0.27360  -0.238  0.085  0.098 -0.019 -0.045 -0.002 -0.008 -0.025  0.079  0.066  1.000
MINUIT - FIT ONLY 2-CBO
 **********
 **   25 **RES 
 **********
                   PARAMETER   16  beta_vw RESTORED TO VARIABLE.
                   PARAMETER   14  alpha_vw RESTORED TO VARIABLE.
                   PARAMETER   11  alpha_y RESTORED TO VARIABLE.
                   PARAMETER    9  alpha_2CBO RESTORED TO VARIABLE.
                   PARAMETER    8  beta_CBO RESTORED TO VARIABLE.
 **********
 **   26 **FIX            0
 **********
 PARAMETER    0  IS UNDEFINED. IGNORED.
 **********
 **   27 **FIX            1
 **********
 **********
 **   28 **FIX            2
 **********
 PARAMETER    2  IS CONSTANT.   IGNORED.
 **********
 **   29 **FIX            3
 **********
 **********
 **   30 **FIX            4
 **********
 **********
 **   31 **FIX            5
 **********
 PARAMETER    5  IS CONSTANT.   IGNORED.
 **********
 **   32 **FIX            6
 **********
 **********
 **   33 **FIX            7
 **********
 PARAMETER    7  IS CONSTANT.   IGNORED.
 **********
 **   34 **FIX           10
 **********
 **********
 **   35 **FIX           11
 **********
 **********
 **   36 **FIX           12
 **********
 PARAMETER   12  IS CONSTANT.   IGNORED.
 **********
 **   37 **FIX           13
 **********
 **********
 **   38 **FIX           14
 **********
 **********
 **   39 **FIX           15
 **********
 PARAMETER   15  IS CONSTANT.   IGNORED.
 **********
 **   40 **FIX           16
 **********
 **********
 **   41 **MIGRAD
 **********
 START MIGRAD MINIMIZATION.  STRATEGY  1.  CONVERGENCE WHEN EDM .LT. 1.00e-04
 FCN=79.4574 FROM MIGRAD    STATUS=INITIATE       18 CALLS        1446 TOTAL
                     EDM= unknown      STRATEGY= 1      NO ERROR MATRIX       
  EXT PARAMETER               CURRENT GUESS       STEP         FIRST   
  NO.   NAME      VALUE            ERROR          SIZE      DERIVATIVE 
   1  N0           7.53861e+07     fixed    
   2  tau          6.44000e+01   constant   
   3  A0           3.53363e-01     fixed    
   4  phi          4.11933e+00     fixed    
   5  R           -6.07615e+01   constant   
   6  alpha_CBO    5.44783e-04     fixed    
   7  w_CBO        2.32500e+00   constant   
   8  beta_CBO     0.00000e+00   1.00000e-03   1.00000e-03   1.36673e+05
   9  alpha_2CBO   0.00000e+00   1.00000e-03   1.00000e-03   5.00423e+03
  10  beta_2CBO    2.02898e-05     fixed    
  11  alpha_y      0.00000e+00     fixed    
  12  w_y          1.38860e+01   constant   
  13  beta_y       4.55567e-05     fixed    
  14  alpha_vw     0.00000e+00     fixed    
  15  w_vw         1.43404e+01   constant   
  16  beta_vw      0.00000e+00     fixed    
  17  LM          -1.74374e-04   constant   
  18  zeta_y       0.00000e+00   constant   
  19  zeta_vw      0.00000e+00   constant   
  20  T_CBO        9.99999e+02   8.02897e+02   7.01415e-02  -1.59551e-05
  21  alpha_A0    -5.75222e-04   3.12008e-04   1.30290e-06   2.30105e+00
  22  beta_A0     -2.29948e-04   3.04795e-04   1.30678e-06   1.34746e+00
  23  alpha_phi    9.50169e-05   3.22063e-04   1.34449e-06  -5.81793e-01
  24  beta_phi    -3.77119e-05   2.99970e-04   1.26367e-06  -9.97851e-01
 MIGRAD MINIMIZATION HAS CONVERGED.
 MIGRAD WILL VERIFY CONVERGENCE AND ERROR MATRIX.
 COVARIANCE MATRIX CALCULATED SUCCESSFULLY
 FCN=60.8087 FROM MIGRAD    STATUS=CONVERGED     132 CALLS        1560 TOTAL
                     EDM=3.19325e-06    STRATEGY= 1      ERROR MATRIX ACCURATE 
  EXT PARAMETER                                   STEP         FIRST   
  NO.   NAME      VALUE            ERROR          SIZE      DERIVATIVE 
   1  N0           7.53861e+07     fixed    
   2  tau          6.44000e+01   constant   
   3  A0           3.53363e-01     fixed    
   4  phi          4.11933e+00     fixed    
   5  R           -6.07615e+01   constant   
   6  alpha_CBO    5.44783e-04     fixed    
   7  w_CBO        2.32500e+00   constant   
   8  beta_CBO    -2.72190e-04   6.30729e-05   2.37543e-07   4.73259e-02
   9  alpha_2CBO  -1.92744e-05   6.38505e-05   2.39456e-07   9.15596e+00
  10  beta_2CBO    2.02898e-05     fixed    
  11  alpha_y      0.00000e+00     fixed    
  12  w_y          1.38860e+01   constant   
  13  beta_y       4.55567e-05     fixed    
  14  alpha_vw     0.00000e+00     fixed    
  15  w_vw         1.43404e+01   constant   
  16  beta_vw      0.00000e+00     fixed    
  17  LM          -1.74374e-04   constant   
  18  zeta_y       0.00000e+00   constant   
  19  zeta_vw      0.00000e+00   constant   
  20  T_CBO        1.00000e+03   6.33793e+02   6.40025e-02** at limit **
  21  alpha_A0    -5.81072e-04   3.04410e-04   1.14193e-06   3.36731e+00
  22  beta_A0      1.17526e-05   3.05091e-04   1.14520e-06   7.53726e-01
  23  alpha_phi    1.45601e-04   3.09114e-04   1.17844e-06   4.99930e+00
  24  beta_phi    -8.62400e-05   2.93165e-04   1.10756e-06   5.09755e+00
 EXTERNAL ERROR MATRIX.    NDIM=  25    NPAR=  7    ERR DEF=1
  3.978e-09  1.332e-10 -6.090e-08 -1.348e-11 -3.536e-09 -6.961e-10  6.078e-10 
  1.332e-10  4.077e-09  6.355e-08  2.726e-09  8.354e-12 -1.091e-09  2.946e-09 
 -6.090e-08  6.355e-08  4.078e+01 -2.272e-04  5.036e-06  5.851e-05 -3.430e-05 
 -1.348e-11  2.726e-09 -2.272e-04  9.267e-08 -6.242e-09 -8.518e-09  4.467e-09 
 -3.536e-09  8.354e-12  5.036e-06 -6.242e-09  9.308e-08  4.571e-09  5.040e-09 
 -6.961e-10 -1.091e-09  5.851e-05 -8.518e-09  4.571e-09  9.555e-08  1.536e-09 
  6.078e-10  2.946e-09 -3.430e-05  4.467e-09  5.040e-09  1.536e-09  8.595e-08 
 PARAMETER  CORRELATION COEFFICIENTS  
       NO.  GLOBAL      8      9     20     21     22     23     24
        8  0.19359   1.000  0.033 -0.000 -0.001 -0.184 -0.036  0.033
        9  0.21352   0.033  1.000  0.000  0.140  0.000 -0.055  0.157
       20  0.12087  -0.000  0.000  1.000 -0.117  0.003  0.030 -0.018
       21  0.21236  -0.001  0.140 -0.117  1.000 -0.067 -0.091  0.050
       22  0.20956  -0.184  0.000  0.003 -0.067  1.000  0.048  0.056
       23  0.11728  -0.036 -0.055  0.030 -0.091  0.048  1.000  0.017
       24  0.17737   0.033  0.157 -0.018  0.050  0.056  0.017  1.000
MINUIT - FIT wiggle + 1-CBO + 2-CBO
 **********
 **   42 **RES 
 **********
                   PARAMETER   16  beta_vw RESTORED TO VARIABLE.
                   PARAMETER   14  alpha_vw RESTORED TO VARIABLE.
                   PARAMETER   13  beta_y RESTORED TO VARIABLE.
                   PARAMETER   11  alpha_y RESTORED TO VARIABLE.
                   PARAMETER   10  beta_2CBO RESTORED TO VARIABLE.
                   PARAMETER    6  alpha_CBO RESTORED TO VARIABLE.
                   PARAMETER    4  phi RESTORED TO VARIABLE.
                   PARAMETER    3  A0 RESTORED TO VARIABLE.
                   PARAMETER    1  N0 RESTORED TO VARIABLE.
 **********
 **   43 **FIX           10
 **********
 **********
 **   44 **FIX           11
 **********
 **********
 **   45 **FIX           12
 **********
 PARAMETER   12  IS CONSTANT.   IGNORED.
 **********
 **   46 **FIX           13
 **********
 **********
 **   47 **FIX           14
 **********
 **********
 **   48 **FIX           15
 **********
 PARAMETER   15  IS CONSTANT.   IGNORED.
 **********
 **   49 **FIX           16
 **********
 **********
 **   50 **MIGRAD
 **********
 START MIGRAD MINIMIZATION.  STRATEGY  1.  CONVERGENCE WHEN EDM .LT. 1.00e-04
 FCN=60.8087 FROM MIGRAD    STATUS=INITIATE       22 CALLS        1582 TOTAL
                     EDM= unknown      STRATEGY= 1      NO ERROR MATRIX       
  EXT PARAMETER               CURRENT GUESS       STEP         FIRST   
  NO.   NAME      VALUE            ERROR          SIZE      DERIVATIVE 
   1  N0           7.53861e+07   3.55676e+03   3.55676e+03  -2.06539e-04
   2  tau          6.44000e+01   constant   
   3  A0           3.53363e-01   6.21378e-05   6.21378e-05  -3.57462e+04
   4  phi          4.11933e+00   1.77146e-04   1.77146e-04  -1.32422e+03
   5  R           -6.07615e+01   constant   
   6  alpha_CBO    5.44783e-04   6.52058e-05   6.52058e-05  -4.68174e+03
   7  w_CBO        2.32500e+00   constant   
   8  beta_CBO    -2.72190e-04   6.30729e-05   2.37543e-07   4.72554e-02
   9  alpha_2CBO  -1.92744e-05   6.38505e-05   2.39456e-07   9.15603e+00
  10  beta_2CBO    2.02898e-05     fixed    
  11  alpha_y      0.00000e+00     fixed    
  12  w_y          1.38860e+01   constant   
  13  beta_y       4.55567e-05     fixed    
  14  alpha_vw     0.00000e+00     fixed    
  15  w_vw         1.43404e+01   constant   
  16  beta_vw      0.00000e+00     fixed    
  17  LM          -1.74374e-04   constant   
  18  zeta_y       0.00000e+00   constant   
  19  zeta_vw      0.00000e+00   constant   
  20  T_CBO        1.00000e+03   6.33793e+02   6.40025e-02** at limit **
  21  alpha_A0    -5.81072e-04   3.04410e-04   1.14193e-06   3.36686e+00
  22  beta_A0      1.17526e-05   3.05091e-04   1.14520e-06   7.54610e-01
  23  alpha_phi    1.45601e-04   3.09114e-04   1.17844e-06   4.99931e+00
  24  beta_phi    -8.62400e-05   2.93165e-04   1.10756e-06   5.09757e+00
 MIGRAD MINIMIZATION HAS CONVERGED.
 MIGRAD WILL VERIFY CONVERGENCE AND ERROR MATRIX.
 COVARIANCE MATRIX CALCULATED SUCCESSFULLY
 FCN=59.3662 FROM MIGRAD    STATUS=CONVERGED     241 CALLS        1801 TOTAL
                     EDM=2.41018e-06    STRATEGY= 1      ERROR MATRIX ACCURATE 
  EXT PARAMETER                                   STEP         FIRST   
  NO.   NAME      VALUE            ERROR          SIZE      DERIVATIVE 
   1  N0           7.53873e+07   3.56409e+03   3.59474e+01  -1.72202e-08
   2  tau          6.44000e+01   constant   
   3  A0           3.53436e-01   6.41296e-05   2.27808e-07   5.88030e+00
   4  phi          4.11934e+00   1.77306e-04   1.96425e-06  -6.50862e+00
   5  R           -6.07615e+01   constant   
   6  alpha_CBO    5.51437e-04   6.49654e-05   2.38956e-07  -1.39319e+01
   7  w_CBO        2.32500e+00   constant   
   8  beta_CBO    -2.93190e-04   6.54500e-05   2.34751e-07  -4.78997e+00
   9  alpha_2CBO  -2.21778e-05   6.40396e-05   2.36642e-07  -7.73916e+00
  10  beta_2CBO    2.02898e-05     fixed    
  11  alpha_y      0.00000e+00     fixed    
  12  w_y          1.38860e+01   constant   
  13  beta_y       4.55567e-05     fixed    
  14  alpha_vw     0.00000e+00     fixed    
  15  w_vw         1.43404e+01   constant   
  16  beta_vw      0.00000e+00     fixed    
  17  LM          -1.74374e-04   constant   
  18  zeta_y       0.00000e+00   constant   
  19  zeta_vw      0.00000e+00   constant   
  20  T_CBO        1.00000e+03   8.54528e+02   8.29045e-02** at limit **
  21  alpha_A0    -5.99696e-04   3.18413e-04   1.12837e-06  -9.77137e-01
  22  beta_A0      5.43727e-05   3.08549e-04   1.13161e-06  -3.30940e+00
  23  alpha_phi    2.13732e-04   3.19748e-04   1.16435e-06  -2.21390e+00
  24  beta_phi    -8.76667e-05   3.03213e-04   1.09431e-06  -1.74845e+00
 EXTERNAL ERROR MATRIX.    NDIM=  25    NPAR= 11    ERR DEF=1
  1.270e+07 
 -2.287e-03  4.113e-09 
 -1.097e-01 -2.136e-10  3.144e-08 
 -5.545e-04 -2.569e-10  2.192e-09  4.220e-09 
 -1.757e-02 -1.053e-09 -1.821e-10 -1.017e-10  4.284e-09 
  2.507e-03 -2.105e-10  6.073e-10  1.057e-10  1.741e-10  4.101e-09 
  1.007e-02  3.621e-10 -6.681e-10 -2.020e-11 -1.759e-10  6.405e-11  3.399e-05 
  2.216e-01 -1.872e-09 -3.166e-09 -2.509e-09  2.560e-10  2.804e-09 -3.547e-07  1.014e-07 
 -5.969e-02  2.741e-09  9.865e-10 -2.761e-10 -4.157e-09 -1.320e-10  3.282e-08 -8.744e-09  9.520e-08 
 -9.892e-02  4.567e-09 -3.350e-09 -3.069e-10 -1.686e-09 -1.419e-09  1.284e-07 -1.326e-08  8.080e-09  1.022e-07 
 -2.558e-01  1.266e-09  5.562e-09 -3.964e-10  6.221e-10  2.895e-09 -5.224e-08  1.674e-11  7.097e-09  4.250e-09  9.194e-08 
 PARAMETER  CORRELATION COEFFICIENTS  
       NO.  GLOBAL      1      3      4      6      8      9     20     21     22     23     24
        1  0.35804   1.000 -0.010 -0.174 -0.002 -0.075  0.011  0.000  0.195 -0.054 -0.087 -0.237
        3  0.35103  -0.010  1.000 -0.019 -0.062 -0.251 -0.051  0.001 -0.092  0.139  0.223  0.065
        4  0.28082  -0.174 -0.019  1.000  0.190 -0.016  0.053 -0.001 -0.056  0.018 -0.059  0.103
        6  0.24490  -0.002 -0.062  0.190  1.000 -0.024  0.025 -0.000 -0.121 -0.014 -0.015 -0.020
        8  0.32581  -0.075 -0.251 -0.016 -0.024  1.000  0.042 -0.000  0.012 -0.206 -0.081  0.031
        9  0.22638   0.011 -0.051  0.053  0.025  0.042  1.000  0.000  0.138 -0.007 -0.069  0.149
       20  0.20776   0.000  0.001 -0.001 -0.000 -0.000  0.000  1.000 -0.191  0.018  0.069 -0.030
       21  0.35702   0.195 -0.092 -0.056 -0.121  0.012  0.138 -0.191  1.000 -0.089 -0.130  0.000
       22  0.25582  -0.054  0.139  0.018 -0.014 -0.206 -0.007  0.018 -0.089  1.000  0.082  0.076
       23  0.28047  -0.087  0.223 -0.059 -0.015 -0.081 -0.069  0.069 -0.130  0.082  1.000  0.044
       24  0.30821  -0.237  0.065  0.103 -0.020  0.031  0.149 -0.030  0.000  0.076  0.044  1.000
MINUIT - FIT ONLY 1-y
 **********
 **   51 **RES 
 **********
                   PARAMETER   16  beta_vw RESTORED TO VARIABLE.
                   PARAMETER   14  alpha_vw RESTORED TO VARIABLE.
                   PARAMETER   13  beta_y RESTORED TO VARIABLE.
                   PARAMETER   11  alpha_y RESTORED TO VARIABLE.
                   PARAMETER   10  beta_2CBO RESTORED TO VARIABLE.
 **********
 **   52 **FIX            0
 **********
 PARAMETER    0  IS UNDEFINED. IGNORED.
 **********
 **   53 **FIX            1
 **********
 **********
 **   54 **FIX            2
 **********
 PARAMETER    2  IS CONSTANT.   IGNORED.
 **********
 **   55 **FIX            3
 **********
 **********
 **   56 **FIX            4
 **********
 **********
 **   57 **FIX            5
 **********
 PARAMETER    5  IS CONSTANT.   IGNORED.
 **********
 **   58 **FIX            6
 **********
 **********
 **   59 **FIX            7
 **********
 PARAMETER    7  IS CONSTANT.   IGNORED.
 **********
 **   60 **FIX            8
 **********
 **********
 **   61 **FIX            9
 **********
 **********
 **   62 **FIX           13
 **********
 **********
 **   63 **FIX           14
 **********
 **********
 **   64 **FIX           15
 **********
 PARAMETER   15  IS CONSTANT.   IGNORED.
 **********
 **   65 **FIX           16
 **********
 **********
 **   66 **MIGRAD
 **********
 START MIGRAD MINIMIZATION.  STRATEGY  1.  CONVERGENCE WHEN EDM .LT. 1.00e-04
 FCN=59.3662 FROM MIGRAD    STATUS=INITIATE       16 CALLS        1817 TOTAL
                     EDM= unknown      STRATEGY= 1      NO ERROR MATRIX       
  EXT PARAMETER               CURRENT GUESS       STEP         FIRST   
  NO.   NAME      VALUE            ERROR          SIZE      DERIVATIVE 
   1  N0           7.53873e+07     fixed    
   2  tau          6.44000e+01   constant   
   3  A0           3.53436e-01     fixed    
   4  phi          4.11934e+00     fixed    
   5  R           -6.07615e+01   constant   
   6  alpha_CBO    5.51437e-04     fixed    
   7  w_CBO        2.32500e+00   constant   
   8  beta_CBO    -2.93190e-04     fixed    
   9  alpha_2CBO  -2.21778e-05     fixed    
  10  beta_2CBO    2.02898e-05   6.45132e-05   6.45132e-05   4.03561e+03
  11  alpha_y      0.00000e+00   1.00000e-03   1.00000e-03  -4.56305e+04
  12  w_y          1.38860e+01   constant   
  13  beta_y       4.55567e-05     fixed    
  14  alpha_vw     0.00000e+00     fixed    
  15  w_vw         1.43404e+01   constant   
  16  beta_vw      0.00000e+00     fixed    
  17  LM          -1.74374e-04   constant   
  18  zeta_y       0.00000e+00   constant   
  19  zeta_vw      0.00000e+00   constant   
  20  T_CBO        9.99999e+02   8.54528e+02   8.29045e-02  -7.40310e-06
  21  alpha_A0    -5.99696e-04   3.18413e-04   1.12837e-06  -9.74777e-01
  22  beta_A0      5.43727e-05   3.08549e-04   1.13161e-06  -3.30921e+00
  23  alpha_phi    2.13732e-04   3.19748e-04   1.16435e-06  -2.21461e+00
  24  beta_phi    -8.76667e-05   3.03213e-04   1.09431e-06  -1.74807e+00
 MIGRAD MINIMIZATION HAS CONVERGED.
 MIGRAD WILL VERIFY CONVERGENCE AND ERROR MATRIX.
 COVARIANCE MATRIX CALCULATED SUCCESSFULLY
 FCN=57.3236 FROM MIGRAD    STATUS=CONVERGED     113 CALLS        1914 TOTAL
                     EDM=2.43195e-06    STRATEGY= 1      ERROR MATRIX ACCURATE 
  EXT PARAMETER                                   STEP         FIRST   
  NO.   NAME      VALUE            ERROR          SIZE      DERIVATIVE 
   1  N0           7.53873e+07     fixed    
   2  tau          6.44000e+01   constant   
   3  A0           3.53436e-01     fixed    
   4  phi          4.11934e+00     fixed    
   5  R           -6.07615e+01   constant   
   6  alpha_CBO    5.51437e-04     fixed    
   7  w_CBO        2.32500e+00   constant   
   8  beta_CBO    -2.93190e-04     fixed    
   9  alpha_2CBO  -2.21778e-05     fixed    
  10  beta_2CBO    1.12894e-05   6.40481e-05   2.32966e-07  -9.67533e+00
  11  alpha_y      8.87369e-05   6.23419e-05   2.32384e-07   6.85058e-01
  12  w_y          1.38860e+01   constant   
  13  beta_y       4.55567e-05     fixed    
  14  alpha_vw     0.00000e+00     fixed    
  15  w_vw         1.43404e+01   constant   
  16  beta_vw      0.00000e+00     fixed    
  17  LM          -1.74374e-04   constant   
  18  zeta_y       0.00000e+00   constant   
  19  zeta_vw      0.00000e+00   constant   
  20  T_CBO        1.00000e+03   8.76010e+02   1.13064e-01** at limit **
  21  alpha_A0    -5.93199e-04   3.10449e-04   1.10911e-06   1.61013e+00
  22  beta_A0      4.37367e-05   3.02402e-04   1.11229e-06   2.66032e+00
  23  alpha_phi    2.15423e-04   3.13989e-04   1.14448e-06  -5.91133e+00
  24  beta_phi    -7.84847e-05   2.89922e-04   1.07564e-06   2.47666e+00
 EXTERNAL ERROR MATRIX.    NDIM=  25    NPAR=  7    ERR DEF=1
  4.102e-09 -3.129e-11 -1.416e-09 -7.113e-10  2.464e-09 -3.294e-09 -9.674e-10 
 -3.129e-11  3.887e-09  6.539e-10  2.164e-10 -2.597e-10 -2.101e-10  3.081e-10 
 -1.416e-09  6.539e-10  1.250e-02 -9.143e-06  6.885e-07  3.362e-06 -1.215e-06 
 -7.113e-10  2.164e-10 -9.143e-06  9.638e-08 -7.257e-09 -9.382e-09  3.392e-09 
  2.464e-09 -2.597e-10  6.885e-07 -7.257e-09  9.145e-08  2.200e-09  4.824e-09 
 -3.294e-09 -2.101e-10  3.362e-06 -9.382e-09  2.200e-09  9.859e-08  2.889e-09 
 -9.674e-10  3.081e-10 -1.215e-06  3.392e-09  4.824e-09  2.889e-09  8.406e-08 
 PARAMETER  CORRELATION COEFFICIENTS  
       NO.  GLOBAL     10     11     20     21     22     23     24
       10  0.22032   1.000 -0.008 -0.000 -0.036  0.127 -0.164 -0.052
       11  0.02761  -0.008  1.000  0.000  0.011 -0.014 -0.011  0.017
       20  0.27446  -0.000  0.000  1.000 -0.263  0.020  0.096 -0.037
       21  0.28653  -0.036  0.011 -0.263  1.000 -0.077 -0.096  0.038
       22  0.16446   0.127 -0.014  0.020 -0.077  1.000  0.023  0.055
       23  0.21109  -0.164 -0.011  0.096 -0.096  0.023  1.000  0.032
       24  0.10055  -0.052  0.017 -0.037  0.038  0.055  0.032  1.000
MINUIT - FIT ONLY 2-y
 **********
 **   67 **RES 
 **********
                   PARAMETER   16  beta_vw RESTORED TO VARIABLE.
                   PARAMETER   14  alpha_vw RESTORED TO VARIABLE.
                   PARAMETER   13  beta_y RESTORED TO VARIABLE.
                   PARAMETER    9  alpha_2CBO RESTORED TO VARIABLE.
                   PARAMETER    8  beta_CBO RESTORED TO VARIABLE.
                   PARAMETER    6  alpha_CBO RESTORED TO VARIABLE.
                   PARAMETER    4  phi RESTORED TO VARIABLE.
                   PARAMETER    3  A0 RESTORED TO VARIABLE.
                   PARAMETER    1  N0 RESTORED TO VARIABLE.
 **********
 **   68 **FIX            0
 **********
 PARAMETER    0  IS UNDEFINED. IGNORED.
 **********
 **   69 **FIX            1
 **********
 **********
 **   70 **FIX            2
 **********
 PARAMETER    2  IS CONSTANT.   IGNORED.
 **********
 **   71 **FIX            3
 **********
 **********
 **   72 **FIX            4
 **********
 **********
 **   73 **FIX            5
 **********
 PARAMETER    5  IS CONSTANT.   IGNORED.
 **********
 **   74 **FIX            6
 **********
 **********
 **   75 **FIX            7
 **********
 PARAMETER    7  IS CONSTANT.   IGNORED.
 **********
 **   76 **FIX            8
 **********
 **********
 **   77 **FIX            9
 **********
 **********
 **   78 **FIX           10
 **********
 **********
 **   79 **FIX           11
 **********
 **********
 **   80 **FIX           12
 **********
 PARAMETER   12  IS CONSTANT.   IGNORED.
 **********
 **   81 **FIX           16
 **********
 **********
 **   82 **MIGRAD
 **********
 START MIGRAD MINIMIZATION.  STRATEGY  1.  CONVERGENCE WHEN EDM .LT. 1.00e-04
 FCN=57.3236 FROM MIGRAD    STATUS=INITIATE       16 CALLS        1930 TOTAL
                     EDM= unknown      STRATEGY= 1      NO ERROR MATRIX       
  EXT PARAMETER               CURRENT GUESS       STEP         FIRST   
  NO.   NAME      VALUE            ERROR          SIZE      DERIVATIVE 
   1  N0           7.53873e+07     fixed    
   2  tau          6.44000e+01   constant   
   3  A0           3.53436e-01     fixed    
   4  phi          4.11934e+00     fixed    
   5  R           -6.07615e+01   constant   
   6  alpha_CBO    5.51437e-04     fixed    
   7  w_CBO        2.32500e+00   constant   
   8  beta_CBO    -2.93190e-04     fixed    
   9  alpha_2CBO  -2.21778e-05     fixed    
  10  beta_2CBO    1.12894e-05     fixed    
  11  alpha_y      8.87369e-05     fixed    
  12  w_y          1.38860e+01   constant   
  13  beta_y       4.55567e-05   6.25961e-05   6.25961e-05   1.48282e+03
  14  alpha_vw     0.00000e+00   1.00000e-03   1.00000e-03   2.67762e+04
  15  w_vw         1.43404e+01   constant   
  16  beta_vw      0.00000e+00     fixed    
  17  LM          -1.74374e-04   constant   
  18  zeta_y       0.00000e+00   constant   
  19  zeta_vw      0.00000e+00   constant   
  20  T_CBO        9.99999e+02   8.76010e+02   1.13064e-01  -8.00359e-06
  21  alpha_A0    -5.93199e-04   3.10449e-04   1.10911e-06   1.61288e+00
  22  beta_A0      4.37367e-05   3.02402e-04   1.11229e-06   2.66025e+00
  23  alpha_phi    2.15423e-04   3.13989e-04   1.14448e-06  -5.91207e+00
  24  beta_phi    -7.84847e-05   2.89922e-04   1.07564e-06   2.47699e+00
 MIGRAD MINIMIZATION HAS CONVERGED.
 MIGRAD WILL VERIFY CONVERGENCE AND ERROR MATRIX.
 COVARIANCE MATRIX CALCULATED SUCCESSFULLY
 FCN=56.5969 FROM MIGRAD    STATUS=CONVERGED     113 CALLS        2027 TOTAL
                     EDM=1.37172e-07    STRATEGY= 1      ERROR MATRIX ACCURATE 
  EXT PARAMETER                                   STEP         FIRST   
  NO.   NAME      VALUE            ERROR          SIZE      DERIVATIVE 
   1  N0           7.53873e+07     fixed    
   2  tau          6.44000e+01   constant   
   3  A0           3.53436e-01     fixed    
   4  phi          4.11934e+00     fixed    
   5  R           -6.07615e+01   constant   
   6  alpha_CBO    5.51437e-04     fixed    
   7  w_CBO        2.32500e+00   constant   
   8  beta_CBO    -2.93190e-04     fixed    
   9  alpha_2CBO  -2.21778e-05     fixed    
  10  beta_2CBO    1.12894e-05     fixed    
  11  alpha_y      8.87369e-05     fixed    
  12  w_y          1.38860e+01   constant   
  13  beta_y       3.53094e-05   6.31517e-05   2.31746e-07  -7.96782e-02
  14  alpha_vw    -5.37092e-05   6.30990e-05   2.31626e-07  -3.13933e-01
  15  w_vw         1.43404e+01   constant   
  16  beta_vw      0.00000e+00     fixed    
  17  LM          -1.74374e-04   constant   
  18  zeta_y       0.00000e+00   constant   
  19  zeta_vw      0.00000e+00   constant   
  20  T_CBO        1.00000e+03   7.75719e+02   8.22993e-02** at limit **
  21  alpha_A0    -5.94373e-04   3.05356e-04   1.10217e-06   1.39596e+00
  22  beta_A0      4.36316e-05   2.99890e-04   1.10534e-06  -8.06752e-01
  23  alpha_phi    2.16731e-04   3.09178e-04   1.13733e-06   1.04777e-01
  24  beta_phi    -7.98831e-05   2.89408e-04   1.06892e-06  -4.99225e-01
 EXTERNAL ERROR MATRIX.    NDIM=  25    NPAR=  7    ERR DEF=1
  3.988e-09  5.444e-10 -2.592e-11 -2.685e-11  4.092e-11 -4.995e-10 -7.268e-11 
  5.444e-10  3.981e-09  1.914e-11  8.713e-11 -5.639e-12 -4.928e-11  9.917e-11 
 -2.592e-11  1.914e-11  2.023e-04 -8.635e-07  6.459e-08  3.191e-07 -1.168e-07 
 -2.685e-11  8.713e-11 -8.635e-07  9.324e-08 -6.589e-09 -8.840e-09  2.821e-09 
  4.092e-11 -5.639e-12  6.459e-08 -6.589e-09  8.993e-08  4.075e-09  5.453e-09 
 -4.995e-10 -4.928e-11  3.191e-07 -8.840e-09  4.075e-09  9.559e-08  2.283e-09 
 -7.268e-11  9.917e-11 -1.168e-07  2.821e-09  5.453e-09  2.283e-09  8.376e-08 
 PARAMETER  CORRELATION COEFFICIENTS  
       NO.  GLOBAL     13     14     20     21     22     23     24
       13  0.13910   1.000  0.137 -0.000 -0.001  0.002 -0.026 -0.004
       14  0.13684   0.137  1.000  0.000  0.005 -0.000 -0.003  0.005
       20  0.20744  -0.000  0.000  1.000 -0.199  0.015  0.073 -0.028
       21  0.22637  -0.001  0.005 -0.199  1.000 -0.072 -0.094  0.032
       22  0.10341   0.002 -0.000  0.015 -0.072  1.000  0.044  0.063
       23  0.12081  -0.026 -0.003  0.073 -0.094  0.044  1.000  0.026
       24  0.08118  -0.004  0.005 -0.028  0.032  0.063  0.026  1.000
MINUIT - FIT ALTOGETHER
