 + ++++++++++++++++++++++++++++++++++++++++++++++++++++++++++++++++++++ +
 +                                                                      +
 +           You have chose to blind your fitting according to          +
 +                omega_ref * (1 + (R +/- deltaR) *10^{-6})             +
 +                                                                      +
 + ++++++++++++++++++++++++++++++++++++++++++++++++++++++++++++++++++++ +
In main()...
reading format from /gm2data/zkhechad/run45/envelope/formats/formatB_sBin_constraintOn.txt
pBinTau 	= 0  
pBinPhi 	= 0  
constraintau 	= 1 
includeMopTerm 	= 0    
constrainMop    = 0   
Parameters after format file: pBinTau 0 pBinPhi 0 constraintau 1 includeMopTerm 0 constrainMop 0 c_e_scale 0.000000 
Opening file /gm2data/tbarrett/gm2fr/studies/run23_bunch_corrections/CorrectedFourier_Run3b.root.
reading full fit data from /gm2data/zkhechad/cboTemplates/Run4CBOTemplates/fullFits/noRF/sBin_constraintOn_cE0.0_seed0_noRF_calo14.root
windowBins = 34
fitting sliding window 35 from bin 171 at 25.364000 to bin 205 at 30.586000 (34 bins)

Reading data from /gm2data/cornell/histograms/aMethod/histogram_a_noRF.root
 **********
 **    1 **SET PRINTOUT            1
 **********
 **********
 **    2 **SET NOWARNINGS 
 **********
 PARAMETER DEFINITIONS:
    NO.   NAME         VALUE      STEP SIZE      LIMITS
     1 N0           3.41750e+06  1.00000e+02     no limits
     2 tau          6.44063e+01  constant
     3 A0           3.61912e-01  1.00000e-04     no limits
     4 phi          4.12132e+00  1.00000e-02     no limits
     5 R           -6.04192e+01  constant
     6 alpha_CBO    0.00000e+00  1.00000e-03     no limits
     7 w_CBO        2.32500e+00  constant
     8 beta_CBO     0.00000e+00  1.00000e-03     no limits
     9 alpha_2CBO   0.00000e+00  1.00000e-03     no limits
    10 beta_2CBO    0.00000e+00  1.00000e-03     no limits
    11 alpha_y      0.00000e+00  1.00000e-03     no limits
    12 w_y          1.38860e+01  constant
    13 beta_y       0.00000e+00  1.00000e-03     no limits
    14 alpha_vw     0.00000e+00  1.00000e-03     no limits
    15 w_vw         1.43404e+01  constant
    16 beta_vw      0.00000e+00  1.00000e-03     no limits
    17 LM           8.43198e-05  constant
    18 zeta_y       0.00000e+00  constant
    19 zeta_vw      0.00000e+00  constant
    20 T_CBO        1.00000e+02  1.00000e+00    0.00000e+00  1.00000e+03
    21 alpha_A0     0.00000e+00  1.00000e-03     no limits
    22 beta_A0      0.00000e+00  1.00000e-03     no limits
    23 alpha_phi    0.00000e+00  1.00000e-03     no limits
    24 beta_phi     0.00000e+00  1.00000e-03     no limits
MINUIT - FIT ONLY WIGGLE
 **********
 **    3 **FIX            5
 **********
 PARAMETER    5  IS CONSTANT.   IGNORED.
 **********
 **    4 **FIX            6
 **********
 **********
 **    5 **FIX            7
 **********
 PARAMETER    7  IS CONSTANT.   IGNORED.
 **********
 **    6 **FIX            8
 **********
 **********
 **    7 **FIX            9
 **********
 **********
 **    8 **FIX           10
 **********
 **********
 **    9 **FIX           11
 **********
 **********
 **   10 **FIX           12
 **********
 PARAMETER   12  IS CONSTANT.   IGNORED.
 **********
 **   11 **FIX           13
 **********
 **********
 **   12 **FIX           14
 **********
 **********
 **   13 **FIX           15
 **********
 PARAMETER   15  IS CONSTANT.   IGNORED.
 **********
 **   14 **FIX           16
 **********
 **********
 **   15 **MIGRAD
 **********
 FIRST CALL TO USER FUNCTION AT NEW START POINT, WITH IFLAG=4.
 START MIGRAD MINIMIZATION.  STRATEGY  1.  CONVERGENCE WHEN EDM .LT. 1.00e-04
 FCN=7115.29 FROM MIGRAD    STATUS=INITIATE      435 CALLS         436 TOTAL
                     EDM= unknown      STRATEGY= 1      NO ERROR MATRIX       
  EXT PARAMETER               CURRENT GUESS       STEP         FIRST   
  NO.   NAME      VALUE            ERROR          SIZE      DERIVATIVE 
   1  N0           3.41750e+06   1.00000e+02   0.00000e+00   2.74809e-02
   2  tau          6.44063e+01   constant   
   3  A0           3.61912e-01   1.00000e-04   0.00000e+00   3.50480e+05
   4  phi          4.12132e+00   1.00000e-02   0.00000e+00  -1.66811e+05
   5  R           -6.04192e+01   constant   
   6  alpha_CBO    0.00000e+00     fixed    
   7  w_CBO        2.32500e+00   constant   
   8  beta_CBO     0.00000e+00     fixed    
   9  alpha_2CBO   0.00000e+00     fixed    
  10  beta_2CBO    0.00000e+00     fixed    
  11  alpha_y      0.00000e+00     fixed    
  12  w_y          1.38860e+01   constant   
  13  beta_y       0.00000e+00     fixed    
  14  alpha_vw     0.00000e+00     fixed    
  15  w_vw         1.43404e+01   constant   
  16  beta_vw      0.00000e+00     fixed    
  17  LM           8.43198e-05   constant   
  18  zeta_y       0.00000e+00   constant   
  19  zeta_vw      0.00000e+00   constant   
  20  T_CBO        1.00000e+02   1.00000e+00   0.00000e+00   0.00000e+00
  21  alpha_A0     0.00000e+00   1.00000e-03   0.00000e+00  -6.45369e+04
  22  beta_A0      0.00000e+00   1.00000e-03   0.00000e+00  -1.18663e+04
  23  alpha_phi    0.00000e+00   1.00000e-03   0.00000e+00  -2.74144e+04
  24  beta_phi     0.00000e+00   1.00000e-03   0.00000e+00  -2.35747e+04
 CALL LIMIT EXCEEDED IN MIGRAD.
 MIGRAD TERMINATED WITHOUT CONVERGENCE.
 FCN=1878.33 FROM MIGRAD    STATUS=CALL LIMIT   1330 CALLS        1331 TOTAL
                     EDM=0.0164732    STRATEGY= 1  ERROR MATRIX UNCERTAINTY   0.2 per cent
  EXT PARAMETER                APPROXIMATE        STEP         FIRST   
  NO.   NAME      VALUE            ERROR          SIZE      DERIVATIVE 
   1  N0           3.37956e+06   7.39563e+02   1.47778e+01  -4.97828e-04
   2  tau          6.44063e+01   constant   
   3  A0           3.61297e-01   2.25868e-04  -1.20156e-05   1.23838e+02
   4  phi          4.17514e+00   9.06494e-04  -1.00497e-05   4.54248e+02
   5  R           -6.04192e+01   constant   
   6  alpha_CBO    0.00000e+00     fixed    
   7  w_CBO        2.32500e+00   constant   
   8  beta_CBO     0.00000e+00     fixed    
   9  alpha_2CBO   0.00000e+00     fixed    
  10  beta_2CBO    0.00000e+00     fixed    
  11  alpha_y      0.00000e+00     fixed    
  12  w_y          1.38860e+01   constant   
  13  beta_y       0.00000e+00     fixed    
  14  alpha_vw     0.00000e+00     fixed    
  15  w_vw         1.43404e+01   constant   
  16  beta_vw      0.00000e+00     fixed    
  17  LM           8.43198e-05   constant   
  18  zeta_y       0.00000e+00   constant   
  19  zeta_vw      0.00000e+00   constant   
  20  T_CBO        9.64357e+02   7.42860e+02   2.10918e-01  -4.60476e-01
  21  alpha_A0     5.08640e-02   9.56851e-04  -7.18172e-05  -1.43361e+02
  22  beta_A0     -4.69318e-02   1.12384e-03   1.44442e-04   4.67824e+02
  23  alpha_phi   -4.45610e-02   1.25030e-03   1.35277e-04   1.75910e+02
  24  beta_phi    -6.14747e-02   1.26125e-03   1.08524e-04   8.23349e+01
 EXTERNAL ERROR MATRIX.    NDIM=  25    NPAR=  8    ERR DEF=1
  5.470e+05 -1.008e-01 -6.111e-01 -7.352e+02 -4.840e-01  6.672e-01  7.523e-01  6.434e-01 
 -1.008e-01  5.102e-08  1.155e-07 -3.261e-03  6.988e-08 -1.641e-07 -2.104e-07 -6.910e-08 
 -6.111e-01  1.155e-07  8.217e-07  4.646e-04  6.282e-07 -8.097e-07 -9.087e-07 -8.473e-07 
 -7.352e+02 -3.261e-03  4.646e-04  5.231e+04 -1.061e-01  1.136e-01  1.088e-01  1.394e-01 
 -4.840e-01  6.988e-08  6.282e-07 -1.061e-01  9.156e-07 -8.629e-07 -8.833e-07 -1.007e-06 
  6.672e-01 -1.641e-07 -8.097e-07  1.136e-01 -8.629e-07  1.263e-06  1.232e-06  1.097e-06 
  7.523e-01 -2.104e-07 -9.087e-07  1.088e-01 -8.833e-07  1.232e-06  1.563e-06  1.122e-06 
  6.434e-01 -6.910e-08 -8.473e-07  1.394e-01 -1.007e-06  1.097e-06  1.122e-06  1.591e-06 
ERR MATRIX APPROXIMATE
 PARAMETER  CORRELATION COEFFICIENTS  
       NO.  GLOBAL      1      3      4     20     21     22     23     24
        1  0.94578   1.000 -0.603 -0.912 -0.004 -0.684  0.803  0.814  0.690
        3  0.89151  -0.603  1.000  0.564 -0.063  0.323 -0.646 -0.745 -0.243
        4  0.95951  -0.912  0.564  1.000  0.002  0.724 -0.795 -0.802 -0.741
       20  0.92335  -0.004 -0.063  0.002  1.000 -0.485  0.442  0.380  0.483
       21  0.89433  -0.684  0.323  0.724 -0.485  1.000 -0.802 -0.738 -0.835
       22  0.94742   0.803 -0.646 -0.795  0.442 -0.802  1.000  0.877  0.774
       23  0.95503   0.814 -0.745 -0.802  0.380 -0.738  0.877  1.000  0.712
       24  0.92752   0.690 -0.243 -0.741  0.483 -0.835  0.774  0.712  1.000
 ERR MATRIX APPROXIMATE
MINUIT - FIT ONLY 1-CBO + wiggle
 **********
 **   16 **RES 
 **********
                   PARAMETER   16  beta_vw RESTORED TO VARIABLE.
                   PARAMETER   14  alpha_vw RESTORED TO VARIABLE.
                   PARAMETER   13  beta_y RESTORED TO VARIABLE.
                   PARAMETER   11  alpha_y RESTORED TO VARIABLE.
                   PARAMETER   10  beta_2CBO RESTORED TO VARIABLE.
                   PARAMETER    9  alpha_2CBO RESTORED TO VARIABLE.
                   PARAMETER    8  beta_CBO RESTORED TO VARIABLE.
                   PARAMETER    6  alpha_CBO RESTORED TO VARIABLE.
 **********
 **   17 **FIX            8
 **********
 **********
 **   18 **FIX            9
 **********
 **********
 **   19 **FIX           11
 **********
 **********
 **   20 **FIX           12
 **********
 PARAMETER   12  IS CONSTANT.   IGNORED.
 **********
 **   21 **FIX           14
 **********
 **********
 **   22 **FIX           15
 **********
 PARAMETER   15  IS CONSTANT.   IGNORED.
 **********
 **   23 **FIX           16
 **********
 **********
 **   24 **MIGRAD
 **********
 START MIGRAD MINIMIZATION.  STRATEGY  1.  CONVERGENCE WHEN EDM .LT. 1.00e-04
 FCN=1878.33 FROM MIGRAD    STATUS=INITIATE       28 CALLS        1359 TOTAL
                     EDM= unknown      STRATEGY= 1      NO ERROR MATRIX       
  EXT PARAMETER               CURRENT GUESS       STEP         FIRST   
  NO.   NAME      VALUE            ERROR          SIZE      DERIVATIVE 
   1  N0           3.37956e+06   7.39563e+02   1.47778e+01  -4.97828e-04
   2  tau          6.44063e+01   constant   
   3  A0           3.61297e-01   2.25868e-04  -1.20156e-05   1.23838e+02
   4  phi          4.17514e+00   9.06494e-04  -1.00497e-05   4.54248e+02
   5  R           -6.04192e+01   constant   
   6  alpha_CBO    0.00000e+00   1.00000e-03   1.00000e-03  -2.56876e+05
   7  w_CBO        2.32500e+00   constant   
   8  beta_CBO     0.00000e+00     fixed    
   9  alpha_2CBO   0.00000e+00     fixed    
  10  beta_2CBO    0.00000e+00   1.00000e-03   1.00000e-03   2.98628e+05
  11  alpha_y      0.00000e+00     fixed    
  12  w_y          1.38860e+01   constant   
  13  beta_y       0.00000e+00   1.00000e-03   1.00000e-03  -1.87278e+05
  14  alpha_vw     0.00000e+00     fixed    
  15  w_vw         1.43404e+01   constant   
  16  beta_vw      0.00000e+00     fixed    
  17  LM           8.43198e-05   constant   
  18  zeta_y       0.00000e+00   constant   
  19  zeta_vw      0.00000e+00   constant   
  20  T_CBO        9.64357e+02   7.42860e+02   2.10918e-01  -4.60475e-01
  21  alpha_A0     5.08640e-02   9.56851e-04  -7.18172e-05  -1.43361e+02
  22  beta_A0     -4.69318e-02   1.12384e-03   1.44442e-04   4.67824e+02
  23  alpha_phi   -4.45610e-02   1.25030e-03   1.35277e-04   1.75910e+02
  24  beta_phi    -6.14747e-02   1.26125e-03   1.08524e-04   8.23349e+01
 MIGRAD MINIMIZATION HAS CONVERGED.
 FCN=1154.45 FROM MIGRAD    STATUS=CONVERGED     389 CALLS        1720 TOTAL
                     EDM=1.36544e-06    STRATEGY= 1  ERROR MATRIX UNCERTAINTY   3.2 per cent
  EXT PARAMETER                                   STEP         FIRST   
  NO.   NAME      VALUE            ERROR          SIZE      DERIVATIVE 
   1  N0           3.38836e+06   8.45211e+02   1.21447e+00  -2.81893e-06
   2  tau          6.44063e+01   constant   
   3  A0           3.64884e-01   2.94850e-04  -1.25179e-07  -2.98663e+00
   4  phi          4.16125e+00   1.18236e-03  -1.56583e-06   5.66562e+00
   5  R           -6.04192e+01   constant   
   6  alpha_CBO    4.27806e-03   2.26929e-04   2.68901e-07   8.25565e+00
   7  w_CBO        2.32500e+00   constant   
   8  beta_CBO     0.00000e+00     fixed    
   9  alpha_2CBO   0.00000e+00     fixed    
  10  beta_2CBO   -6.47158e-04   1.32310e-04   6.68627e-08   8.78645e+00
  11  alpha_y      0.00000e+00     fixed    
  12  w_y          1.38860e+01   constant   
  13  beta_y       8.05182e-04   1.01948e-04  -9.13338e-08   4.94013e+00
  14  alpha_vw     0.00000e+00     fixed    
  15  w_vw         1.43404e+01   constant   
  16  beta_vw      0.00000e+00     fixed    
  17  LM           8.43198e-05   constant   
  18  zeta_y       0.00000e+00   constant   
  19  zeta_vw      0.00000e+00   constant   
  20  T_CBO        4.72424e+02   7.78016e+01  -2.33983e-04  -3.05741e-03
  21  alpha_A0     3.32733e-02   1.19249e-03  -7.89739e-07  -1.20169e+00
  22  beta_A0     -4.09892e-02   9.07496e-04   2.48292e-06   1.71314e+00
  23  alpha_phi   -4.19281e-02   9.92362e-04   1.25731e-07   1.48872e+00
  24  beta_phi    -3.97802e-02   1.75862e-03   1.89512e-06   1.49679e+00
 EXTERNAL ERROR MATRIX.    NDIM=  25    NPAR= 11    ERR DEF=1
  7.144e+05 
  4.754e-02  8.694e-08 
 -9.292e-01 -1.122e-07  1.398e-06 
  1.195e-01  4.870e-08 -1.941e-07  5.150e-08 
  4.475e-02  1.646e-08 -7.690e-08  1.532e-08  1.751e-08 
 -5.632e-03 -6.898e-10  5.729e-09 -7.891e-10  2.081e-10  1.039e-08 
 -3.113e+04 -1.916e-04  4.113e-02 -4.494e-03 -1.552e-03  2.886e-04  6.103e+03 
 -8.446e-01 -1.861e-07  1.273e-06 -2.221e-07 -7.336e-08  6.388e-09  2.536e-02  1.422e-06 
  6.493e-01 -2.916e-08 -8.626e-07  7.689e-08  2.715e-08 -5.346e-09 -1.939e-02 -7.123e-07  8.235e-07 
  6.349e-01 -8.842e-08 -8.199e-07  4.947e-08  2.842e-08 -2.906e-09 -1.735e-02 -6.137e-07  7.179e-07  9.848e-07 
  1.262e+00  2.905e-07 -1.919e-06  3.259e-07  1.329e-07 -9.438e-09 -3.790e-02 -1.919e-06  1.049e-06  9.055e-07  3.093e-06 
 PARAMETER  CORRELATION COEFFICIENTS  
       NO.  GLOBAL      1      3      4      6     10     13     20     21     22     23     24
        1  0.96684   1.000  0.191 -0.930  0.623  0.400 -0.065 -0.471 -0.838  0.846  0.757  0.849
        3  0.93966   0.191  1.000 -0.322  0.728  0.422 -0.023 -0.008 -0.529 -0.109 -0.302  0.560
        4  0.98399  -0.930 -0.322  1.000 -0.723 -0.492  0.048  0.445  0.903 -0.804 -0.699 -0.923
        6  0.90023   0.623  0.728 -0.723  1.000  0.510 -0.034 -0.254 -0.821  0.373  0.220  0.817
       10  0.63032   0.400  0.422 -0.492  0.510  1.000  0.015 -0.150 -0.465  0.226  0.216  0.571
       13  0.10185  -0.065 -0.023  0.048 -0.034  0.015  1.000  0.036  0.053 -0.058 -0.029 -0.053
       20  0.81778  -0.471 -0.008  0.445 -0.254 -0.150  0.036  1.000  0.272 -0.274 -0.224 -0.276
       21  0.95315  -0.838 -0.529  0.903 -0.821 -0.465  0.053  0.272  1.000 -0.658 -0.519 -0.915
       22  0.93194   0.846 -0.109 -0.804  0.373  0.226 -0.058 -0.274 -0.658  1.000  0.797  0.657
       23  0.93159   0.757 -0.302 -0.699  0.220  0.216 -0.029 -0.224 -0.519  0.797  1.000  0.519
       24  0.97482   0.849  0.560 -0.923  0.817  0.571 -0.053 -0.276 -0.915  0.657  0.519  1.000
MINUIT - FIT ONLY 2-CBO
 **********
 **   25 **RES 
 **********
                   PARAMETER   16  beta_vw RESTORED TO VARIABLE.
                   PARAMETER   14  alpha_vw RESTORED TO VARIABLE.
                   PARAMETER   11  alpha_y RESTORED TO VARIABLE.
                   PARAMETER    9  alpha_2CBO RESTORED TO VARIABLE.
                   PARAMETER    8  beta_CBO RESTORED TO VARIABLE.
 **********
 **   26 **FIX            0
 **********
 PARAMETER    0  IS UNDEFINED. IGNORED.
 **********
 **   27 **FIX            1
 **********
 **********
 **   28 **FIX            2
 **********
 PARAMETER    2  IS CONSTANT.   IGNORED.
 **********
 **   29 **FIX            3
 **********
 **********
 **   30 **FIX            4
 **********
 **********
 **   31 **FIX            5
 **********
 PARAMETER    5  IS CONSTANT.   IGNORED.
 **********
 **   32 **FIX            6
 **********
 **********
 **   33 **FIX            7
 **********
 PARAMETER    7  IS CONSTANT.   IGNORED.
 **********
 **   34 **FIX           10
 **********
 **********
 **   35 **FIX           11
 **********
 **********
 **   36 **FIX           12
 **********
 PARAMETER   12  IS CONSTANT.   IGNORED.
 **********
 **   37 **FIX           13
 **********
 **********
 **   38 **FIX           14
 **********
 **********
 **   39 **FIX           15
 **********
 PARAMETER   15  IS CONSTANT.   IGNORED.
 **********
 **   40 **FIX           16
 **********
 **********
 **   41 **MIGRAD
 **********
 START MIGRAD MINIMIZATION.  STRATEGY  1.  CONVERGENCE WHEN EDM .LT. 1.00e-04
 FCN=1154.45 FROM MIGRAD    STATUS=INITIATE       18 CALLS        1738 TOTAL
                     EDM= unknown      STRATEGY= 1      NO ERROR MATRIX       
  EXT PARAMETER               CURRENT GUESS       STEP         FIRST   
  NO.   NAME      VALUE            ERROR          SIZE      DERIVATIVE 
   1  N0           3.38836e+06     fixed    
   2  tau          6.44063e+01   constant   
   3  A0           3.64884e-01     fixed    
   4  phi          4.16125e+00     fixed    
   5  R           -6.04192e+01   constant   
   6  alpha_CBO    4.27806e-03     fixed    
   7  w_CBO        2.32500e+00   constant   
   8  beta_CBO     0.00000e+00   1.00000e-03   1.00000e-03   1.26656e+03
   9  alpha_2CBO   0.00000e+00   1.00000e-03   1.00000e-03  -1.01757e+04
  10  beta_2CBO   -6.47158e-04     fixed    
  11  alpha_y      0.00000e+00     fixed    
  12  w_y          1.38860e+01   constant   
  13  beta_y       8.05182e-04     fixed    
  14  alpha_vw     0.00000e+00     fixed    
  15  w_vw         1.43404e+01   constant   
  16  beta_vw      0.00000e+00     fixed    
  17  LM           8.43198e-05   constant   
  18  zeta_y       0.00000e+00   constant   
  19  zeta_vw      0.00000e+00   constant   
  20  T_CBO        4.72424e+02   7.78016e+01  -2.33983e-04  -3.05680e-03
  21  alpha_A0     3.32733e-02   1.19249e-03  -7.89739e-07  -1.20170e+00
  22  beta_A0     -4.09892e-02   9.07496e-04   2.48292e-06   1.71315e+00
  23  alpha_phi   -4.19281e-02   9.92362e-04   1.25731e-07   1.48872e+00
  24  beta_phi    -3.97802e-02   1.75862e-03   1.89512e-06   1.49679e+00
 MIGRAD MINIMIZATION HAS CONVERGED.
 MIGRAD WILL VERIFY CONVERGENCE AND ERROR MATRIX.
 COVARIANCE MATRIX CALCULATED SUCCESSFULLY
 FCN=1154.04 FROM MIGRAD    STATUS=CONVERGED     608 CALLS        2328 TOTAL
                     EDM=6.46722e-06    STRATEGY= 1      ERROR MATRIX ACCURATE 
  EXT PARAMETER                                   STEP         FIRST   
  NO.   NAME      VALUE            ERROR          SIZE      DERIVATIVE 
   1  N0           3.38836e+06     fixed    
   2  tau          6.44063e+01   constant   
   3  A0           3.64884e-01     fixed    
   4  phi          4.16125e+00     fixed    
   5  R           -6.04192e+01   constant   
   6  alpha_CBO    4.27806e-03     fixed    
   7  w_CBO        2.32500e+00   constant   
   8  beta_CBO    -2.75086e-05   1.11062e-04   1.74072e-06   7.31661e+00
   9  alpha_2CBO   7.60174e-05   1.13030e-04   1.68673e-06   2.06145e+01
  10  beta_2CBO   -6.47158e-04     fixed    
  11  alpha_y      0.00000e+00     fixed    
  12  w_y          1.38860e+01   constant   
  13  beta_y       8.05182e-04     fixed    
  14  alpha_vw     0.00000e+00     fixed    
  15  w_vw         1.43404e+01   constant   
  16  beta_vw      0.00000e+00     fixed    
  17  LM           8.43198e-05   constant   
  18  zeta_y       0.00000e+00   constant   
  19  zeta_vw      0.00000e+00   constant   
  20  T_CBO        2.21704e+02   2.18794e+02   4.26801e-04  -9.80316e-02
  21  alpha_A0     3.55319e-02   4.58011e-03   7.04153e-06  -2.21084e+00
  22  beta_A0     -4.38843e-02   5.76388e-03   6.84279e-06   2.98333e+00
  23  alpha_phi   -4.47134e-02   5.75388e-03   7.02676e-06   2.70901e+00
  24  beta_phi    -4.26248e-02   5.67476e-03   7.80141e-06   2.36071e+00
 EXTERNAL ERROR MATRIX.    NDIM=  25    NPAR=  7    ERR DEF=1
  1.233e-08 -1.848e-09  6.781e-03 -1.371e-07  1.648e-07  1.702e-07  1.719e-07 
 -1.848e-09  1.278e-08 -6.400e-03  1.272e-07 -1.717e-07 -1.482e-07 -1.671e-07 
  6.781e-03 -6.400e-03  5.310e+04 -1.051e+00  1.324e+00  1.322e+00  1.303e+00 
 -1.371e-07  1.272e-07 -1.051e+00  2.098e-05 -2.623e-05 -2.617e-05 -2.580e-05 
  1.648e-07 -1.717e-07  1.324e+00 -2.623e-05  3.322e-05  3.295e-05  3.254e-05 
  1.702e-07 -1.482e-07  1.322e+00 -2.617e-05  3.295e-05  3.311e-05  3.244e-05 
  1.719e-07 -1.671e-07  1.303e+00 -2.580e-05  3.254e-05  3.244e-05  3.220e-05 
 PARAMETER  CORRELATION COEFFICIENTS  
       NO.  GLOBAL      8      9     20     21     22     23     24
        8  0.32855   1.000 -0.147  0.265 -0.270  0.257  0.266  0.273
        9  0.43743  -0.147  1.000 -0.246  0.246 -0.264 -0.228 -0.261
       20  0.99896   0.265 -0.246  1.000 -0.996  0.997  0.997  0.996
       21  0.99569  -0.270  0.246 -0.996  1.000 -0.994 -0.993 -0.993
       22  0.99743   0.257 -0.264  0.997 -0.994  1.000  0.994  0.995
       23  0.99728   0.266 -0.228  0.997 -0.993  0.994  1.000  0.994
       24  0.99655   0.273 -0.261  0.996 -0.993  0.995  0.994  1.000
MINUIT - FIT wiggle + 1-CBO + 2-CBO
 **********
 **   42 **RES 
 **********
                   PARAMETER   16  beta_vw RESTORED TO VARIABLE.
                   PARAMETER   14  alpha_vw RESTORED TO VARIABLE.
                   PARAMETER   13  beta_y RESTORED TO VARIABLE.
                   PARAMETER   11  alpha_y RESTORED TO VARIABLE.
                   PARAMETER   10  beta_2CBO RESTORED TO VARIABLE.
                   PARAMETER    6  alpha_CBO RESTORED TO VARIABLE.
                   PARAMETER    4  phi RESTORED TO VARIABLE.
                   PARAMETER    3  A0 RESTORED TO VARIABLE.
                   PARAMETER    1  N0 RESTORED TO VARIABLE.
 **********
 **   43 **FIX           10
 **********
 **********
 **   44 **FIX           11
 **********
 **********
 **   45 **FIX           12
 **********
 PARAMETER   12  IS CONSTANT.   IGNORED.
 **********
 **   46 **FIX           13
 **********
 **********
 **   47 **FIX           14
 **********
 **********
 **   48 **FIX           15
 **********
 PARAMETER   15  IS CONSTANT.   IGNORED.
 **********
 **   49 **FIX           16
 **********
 **********
 **   50 **MIGRAD
 **********
 START MIGRAD MINIMIZATION.  STRATEGY  1.  CONVERGENCE WHEN EDM .LT. 1.00e-04
 FCN=1154.04 FROM MIGRAD    STATUS=INITIATE       22 CALLS        2350 TOTAL
                     EDM= unknown      STRATEGY= 1      NO ERROR MATRIX       
  EXT PARAMETER               CURRENT GUESS       STEP         FIRST   
  NO.   NAME      VALUE            ERROR          SIZE      DERIVATIVE 
   1  N0           3.38836e+06   8.45211e+02   8.45211e+02   7.12365e-05
   2  tau          6.44063e+01   constant   
   3  A0           3.64884e-01   2.94850e-04   2.94850e-04   1.57357e+02
   4  phi          4.16125e+00   1.18236e-03   1.18236e-03   4.30359e+02
   5  R           -6.04192e+01   constant   
   6  alpha_CBO    4.27806e-03   2.26929e-04   2.26929e-04   3.51322e+03
   7  w_CBO        2.32500e+00   constant   
   8  beta_CBO    -2.75086e-05   1.11062e-04   1.74072e-06   7.31666e+00
   9  alpha_2CBO   7.60174e-05   1.13030e-04   1.68673e-06   2.06145e+01
  10  beta_2CBO   -6.47158e-04     fixed    
  11  alpha_y      0.00000e+00     fixed    
  12  w_y          1.38860e+01   constant   
  13  beta_y       8.05182e-04     fixed    
  14  alpha_vw     0.00000e+00     fixed    
  15  w_vw         1.43404e+01   constant   
  16  beta_vw      0.00000e+00     fixed    
  17  LM           8.43198e-05   constant   
  18  zeta_y       0.00000e+00   constant   
  19  zeta_vw      0.00000e+00   constant   
  20  T_CBO        2.21704e+02   2.18794e+02   4.26801e-04  -9.87818e-02
  21  alpha_A0     3.55319e-02   4.58011e-03   7.04153e-06  -2.21099e+00
  22  beta_A0     -4.38843e-02   5.76388e-03   6.84279e-06   2.98317e+00
  23  alpha_phi   -4.47134e-02   5.75388e-03   7.02676e-06   2.70903e+00
  24  beta_phi    -4.26248e-02   5.67476e-03   7.80141e-06   2.36071e+00
 MIGRAD MINIMIZATION HAS CONVERGED.
 FCN=1153.09 FROM MIGRAD    STATUS=CONVERGED     495 CALLS        2823 TOTAL
                     EDM=1.16522e-06    STRATEGY= 1  ERROR MATRIX UNCERTAINTY   4.5 per cent
  EXT PARAMETER                                   STEP         FIRST   
  NO.   NAME      VALUE            ERROR          SIZE      DERIVATIVE 
   1  N0           3.39199e+06   4.02036e+03   2.50944e+01  -6.49310e-06
   2  tau          6.44063e+01   constant   
   3  A0           3.63839e-01   1.08027e-03  -7.46068e-06   6.84310e+00
   4  phi          4.15636e+00   5.42946e-03  -3.39226e-05  -2.78606e-01
   5  R           -6.04192e+01   constant   
   6  alpha_CBO    4.30310e-03   2.32846e-04  -6.44410e-08  -8.00596e+00
   7  w_CBO        2.32500e+00   constant   
   8  beta_CBO    -6.28611e-04   6.43011e-04  -4.15226e-06   4.70566e+00
   9  alpha_2CBO   1.85168e-04   1.65463e-04   9.92609e-07   6.52726e-01
  10  beta_2CBO   -6.47158e-04     fixed    
  11  alpha_y      0.00000e+00     fixed    
  12  w_y          1.38860e+01   constant   
  13  beta_y       8.05182e-04     fixed    
  14  alpha_vw     0.00000e+00     fixed    
  15  w_vw         1.43404e+01   constant   
  16  beta_vw      0.00000e+00     fixed    
  17  LM           8.43198e-05   constant   
  18  zeta_y       0.00000e+00   constant   
  19  zeta_vw      0.00000e+00   constant   
  20  T_CBO        1.30859e+02   6.72489e+01  -1.27521e-03  -9.30510e-02
  21  alpha_A0     3.47897e-02   1.13511e-03  -2.98241e-06  -1.31154e+00
  22  beta_A0     -4.11954e-02   2.81361e-03   1.89481e-05   1.49956e+00
  23  alpha_phi   -4.10568e-02   3.87667e-03   2.56793e-05   2.83825e+00
  24  beta_phi    -4.17759e-02   1.53058e-03   2.64792e-06   1.06798e+00
 EXTERNAL ERROR MATRIX.    NDIM=  25    NPAR= 11    ERR DEF=1
  1.616e+07 
 -4.003e+00  1.167e-06 
 -2.177e+01  5.387e-06  2.948e-05 
  4.522e-01 -3.960e-08 -6.249e-07  5.422e-08 
 -2.513e+00  6.669e-07  3.398e-06 -5.324e-08  4.135e-07 
  3.807e-01 -1.267e-07 -5.146e-07 -1.569e-09 -6.892e-08  2.738e-08 
 -2.711e+05  6.759e-02  3.663e-01 -7.525e-03  4.237e-02 -6.471e-03  4.584e+03 
 -3.259e+00  5.328e-07  4.455e-06 -2.188e-07  4.390e-07 -2.696e-08  5.400e-02  1.288e-06 
  1.109e+01 -2.902e-06 -1.494e-05  2.431e-07 -1.768e-06  2.817e-07 -1.859e-01 -1.990e-06  7.916e-06 
  1.506e+01 -4.108e-06 -2.030e-05  2.693e-07 -2.443e-06  4.367e-07 -2.531e-01 -2.452e-06  1.063e-05  1.503e-05 
  3.893e+00 -5.159e-07 -5.335e-06  3.011e-07 -4.930e-07  6.205e-10 -6.424e-02 -1.515e-06  2.286e-06  2.658e-06  2.343e-06 
 PARAMETER  CORRELATION COEFFICIENTS  
       NO.  GLOBAL      1      3      4      6      8      9     20     21     22     23     24
        1  0.99835   1.000 -0.922 -0.997  0.483 -0.972  0.572 -0.996 -0.714  0.980  0.966  0.633
        3  0.99541  -0.922  1.000  0.918 -0.157  0.960 -0.709  0.924  0.435 -0.955 -0.981 -0.312
        4  0.99895  -0.997  0.918  1.000 -0.494  0.973 -0.573  0.997  0.723 -0.978 -0.965 -0.642
        6  0.90507   0.483 -0.157 -0.494  1.000 -0.356 -0.041 -0.477 -0.828  0.371  0.298  0.845
        8  0.98816  -0.972  0.960  0.973 -0.356  1.000 -0.648  0.973  0.601 -0.977 -0.980 -0.501
        9  0.77600   0.572 -0.709 -0.573 -0.041 -0.648  1.000 -0.578 -0.144  0.605  0.681  0.002
       20  0.99808  -0.996  0.924  0.997 -0.477  0.973 -0.578  1.000  0.703 -0.976 -0.964 -0.620
       21  0.93596  -0.714  0.435  0.723 -0.828  0.601 -0.144  0.703  1.000 -0.623 -0.557 -0.872
       22  0.99159   0.980 -0.955 -0.978  0.371 -0.977  0.605 -0.976 -0.623  1.000  0.975  0.531
       23  0.99562   0.966 -0.981 -0.965  0.298 -0.980  0.681 -0.964 -0.557  0.975  1.000  0.448
       24  0.95799   0.633 -0.312 -0.642  0.845 -0.501  0.002 -0.620 -0.872  0.531  0.448  1.000
MINUIT - FIT ONLY 1-y
 **********
 **   51 **RES 
 **********
                   PARAMETER   16  beta_vw RESTORED TO VARIABLE.
                   PARAMETER   14  alpha_vw RESTORED TO VARIABLE.
                   PARAMETER   13  beta_y RESTORED TO VARIABLE.
                   PARAMETER   11  alpha_y RESTORED TO VARIABLE.
                   PARAMETER   10  beta_2CBO RESTORED TO VARIABLE.
 **********
 **   52 **FIX            0
 **********
 PARAMETER    0  IS UNDEFINED. IGNORED.
 **********
 **   53 **FIX            1
 **********
 **********
 **   54 **FIX            2
 **********
 PARAMETER    2  IS CONSTANT.   IGNORED.
 **********
 **   55 **FIX            3
 **********
 **********
 **   56 **FIX            4
 **********
 **********
 **   57 **FIX            5
 **********
 PARAMETER    5  IS CONSTANT.   IGNORED.
 **********
 **   58 **FIX            6
 **********
 **********
 **   59 **FIX            7
 **********
 PARAMETER    7  IS CONSTANT.   IGNORED.
 **********
 **   60 **FIX            8
 **********
 **********
 **   61 **FIX            9
 **********
 **********
 **   62 **FIX           13
 **********
 **********
 **   63 **FIX           14
 **********
 **********
 **   64 **FIX           15
 **********
 PARAMETER   15  IS CONSTANT.   IGNORED.
 **********
 **   65 **FIX           16
 **********
 **********
 **   66 **MIGRAD
 **********
 START MIGRAD MINIMIZATION.  STRATEGY  1.  CONVERGENCE WHEN EDM .LT. 1.00e-04
 FCN=1153.09 FROM MIGRAD    STATUS=INITIATE       16 CALLS        2839 TOTAL
                     EDM= unknown      STRATEGY= 1      NO ERROR MATRIX       
  EXT PARAMETER               CURRENT GUESS       STEP         FIRST   
  NO.   NAME      VALUE            ERROR          SIZE      DERIVATIVE 
   1  N0           3.39199e+06     fixed    
   2  tau          6.44063e+01   constant   
   3  A0           3.63839e-01     fixed    
   4  phi          4.15636e+00     fixed    
   5  R           -6.04192e+01   constant   
   6  alpha_CBO    4.30310e-03     fixed    
   7  w_CBO        2.32500e+00   constant   
   8  beta_CBO    -6.28611e-04     fixed    
   9  alpha_2CBO   1.85168e-04     fixed    
  10  beta_2CBO   -6.47158e-04   1.32310e-04   1.32310e-04  -5.96778e+03
  11  alpha_y      0.00000e+00   1.00000e-03   1.00000e-03   4.74238e+05
  12  w_y          1.38860e+01   constant   
  13  beta_y       8.05182e-04     fixed    
  14  alpha_vw     0.00000e+00     fixed    
  15  w_vw         1.43404e+01   constant   
  16  beta_vw      0.00000e+00     fixed    
  17  LM           8.43198e-05   constant   
  18  zeta_y       0.00000e+00   constant   
  19  zeta_vw      0.00000e+00   constant   
  20  T_CBO        1.30859e+02   6.72489e+01  -1.27521e-03  -9.30433e-02
  21  alpha_A0     3.47897e-02   1.13511e-03  -2.98241e-06  -1.31152e+00
  22  beta_A0     -4.11954e-02   2.81361e-03   1.89481e-05   1.49955e+00
  23  alpha_phi   -4.10568e-02   3.87667e-03   2.56793e-05   2.83825e+00
  24  beta_phi    -4.17759e-02   1.53058e-03   2.64792e-06   1.06798e+00
 MIGRAD MINIMIZATION HAS CONVERGED.
 FCN=551.277 FROM MIGRAD    STATUS=CONVERGED     626 CALLS        3449 TOTAL
                     EDM=1.11248e-06    STRATEGY= 1  ERROR MATRIX UNCERTAINTY   6.0 per cent
  EXT PARAMETER                                   STEP         FIRST   
  NO.   NAME      VALUE            ERROR          SIZE      DERIVATIVE 
   1  N0           3.39199e+06     fixed    
   2  tau          6.44063e+01   constant   
   3  A0           3.63839e-01     fixed    
   4  phi          4.15636e+00     fixed    
   5  R           -6.04192e+01   constant   
   6  alpha_CBO    4.30310e-03     fixed    
   7  w_CBO        2.32500e+00   constant   
   8  beta_CBO    -6.28611e-04     fixed    
   9  alpha_2CBO   1.85168e-04     fixed    
  10  beta_2CBO   -6.53610e-04   1.09709e-04   9.66737e-08   7.96386e+00
  11  alpha_y     -2.53794e-03   1.03424e-04  -3.34404e-10   2.94515e-01
  12  w_y          1.38860e+01   constant   
  13  beta_y       8.05182e-04     fixed    
  14  alpha_vw     0.00000e+00     fixed    
  15  w_vw         1.43404e+01   constant   
  16  beta_vw      0.00000e+00     fixed    
  17  LM           8.43198e-05   constant   
  18  zeta_y       0.00000e+00   constant   
  19  zeta_vw      0.00000e+00   constant   
  20  T_CBO        4.92037e+01   1.76502e+01   3.53833e-05  -4.55621e-02
  21  alpha_A0     4.93112e-02   9.82503e-03  -2.63683e-06  -7.99057e-01
  22  beta_A0     -5.82723e-02   1.18441e-02   3.46026e-06   5.19375e-01
  23  alpha_phi   -5.81471e-02   1.16936e-02   4.04701e-06  -8.93244e-01
  24  beta_phi    -5.99776e-02   1.22896e-02   4.00251e-06   1.26095e-01
 EXTERNAL ERROR MATRIX.    NDIM=  25    NPAR=  7    ERR DEF=1
  1.204e-08  9.065e-11  3.107e-04 -1.567e-07  1.981e-07  2.104e-07  2.307e-07 
  9.065e-11  1.070e-08  1.110e-04 -6.190e-08  7.308e-08  7.315e-08  7.808e-08 
  3.107e-04  1.110e-04  3.122e+02 -1.733e-01  2.090e-01  2.063e-01  2.168e-01 
 -1.567e-07 -6.190e-08 -1.733e-01  9.653e-05 -1.161e-04 -1.145e-04 -1.203e-04 
  1.981e-07  7.308e-08  2.090e-01 -1.161e-04  1.403e-04  1.382e-04  1.453e-04 
  2.104e-07  7.315e-08  2.063e-01 -1.145e-04  1.382e-04  1.367e-04  1.433e-04 
  2.307e-07  7.808e-08  2.168e-01 -1.203e-04  1.453e-04  1.433e-04  1.510e-04 
 PARAMETER  CORRELATION COEFFICIENTS  
       NO.  GLOBAL     10     11     20     21     22     23     24
       10  0.38857   1.000  0.008  0.160 -0.145  0.152  0.164  0.171
       11  0.07068   0.008  1.000  0.061 -0.061  0.060  0.060  0.061
       20  0.99943   0.160  0.061  1.000 -0.998  0.999  0.999  0.998
       21  0.99844  -0.145 -0.061 -0.998  1.000 -0.998 -0.997 -0.997
       22  0.99915   0.152  0.060  0.999 -0.998  1.000  0.998  0.998
       23  0.99862   0.164  0.060  0.999 -0.997  0.998  1.000  0.997
       24  0.99873   0.171  0.061  0.998 -0.997  0.998  0.997  1.000
MINUIT - FIT ONLY 2-y
 **********
 **   67 **RES 
 **********
                   PARAMETER   16  beta_vw RESTORED TO VARIABLE.
                   PARAMETER   14  alpha_vw RESTORED TO VARIABLE.
                   PARAMETER   13  beta_y RESTORED TO VARIABLE.
                   PARAMETER    9  alpha_2CBO RESTORED TO VARIABLE.
                   PARAMETER    8  beta_CBO RESTORED TO VARIABLE.
                   PARAMETER    6  alpha_CBO RESTORED TO VARIABLE.
                   PARAMETER    4  phi RESTORED TO VARIABLE.
                   PARAMETER    3  A0 RESTORED TO VARIABLE.
                   PARAMETER    1  N0 RESTORED TO VARIABLE.
 **********
 **   68 **FIX            0
 **********
 PARAMETER    0  IS UNDEFINED. IGNORED.
 **********
 **   69 **FIX            1
 **********
 **********
 **   70 **FIX            2
 **********
 PARAMETER    2  IS CONSTANT.   IGNORED.
 **********
 **   71 **FIX            3
 **********
 **********
 **   72 **FIX            4
 **********
 **********
 **   73 **FIX            5
 **********
 PARAMETER    5  IS CONSTANT.   IGNORED.
 **********
 **   74 **FIX            6
 **********
 **********
 **   75 **FIX            7
 **********
 PARAMETER    7  IS CONSTANT.   IGNORED.
 **********
 **   76 **FIX            8
 **********
 **********
 **   77 **FIX            9
 **********
 **********
 **   78 **FIX           10
 **********
 **********
 **   79 **FIX           11
 **********
 **********
 **   80 **FIX           12
 **********
 PARAMETER   12  IS CONSTANT.   IGNORED.
 **********
 **   81 **FIX           16
 **********
 **********
 **   82 **MIGRAD
 **********
 START MIGRAD MINIMIZATION.  STRATEGY  1.  CONVERGENCE WHEN EDM .LT. 1.00e-04
 FCN=551.277 FROM MIGRAD    STATUS=INITIATE       16 CALLS        3465 TOTAL
                     EDM= unknown      STRATEGY= 1      NO ERROR MATRIX       
  EXT PARAMETER               CURRENT GUESS       STEP         FIRST   
  NO.   NAME      VALUE            ERROR          SIZE      DERIVATIVE 
   1  N0           3.39199e+06     fixed    
   2  tau          6.44063e+01   constant   
   3  A0           3.63839e-01     fixed    
   4  phi          4.15636e+00     fixed    
   5  R           -6.04192e+01   constant   
   6  alpha_CBO    4.30310e-03     fixed    
   7  w_CBO        2.32500e+00   constant   
   8  beta_CBO    -6.28611e-04     fixed    
   9  alpha_2CBO   1.85168e-04     fixed    
  10  beta_2CBO   -6.53610e-04     fixed    
  11  alpha_y     -2.53794e-03     fixed    
  12  w_y          1.38860e+01   constant   
  13  beta_y       8.05182e-04   1.01948e-04   1.01948e-04  -1.52699e+04
  14  alpha_vw     0.00000e+00   1.00000e-03   1.00000e-03   2.50721e+05
  15  w_vw         1.43404e+01   constant   
  16  beta_vw      0.00000e+00     fixed    
  17  LM           8.43198e-05   constant   
  18  zeta_y       0.00000e+00   constant   
  19  zeta_vw      0.00000e+00   constant   
  20  T_CBO        4.92037e+01   1.76502e+01   3.53833e-05  -4.55602e-02
  21  alpha_A0     4.93112e-02   9.82503e-03  -2.63683e-06  -7.99048e-01
  22  beta_A0     -5.82723e-02   1.18441e-02   3.46026e-06   5.19381e-01
  23  alpha_phi   -5.81471e-02   1.16936e-02   4.04701e-06  -8.93244e-01
  24  beta_phi    -5.99776e-02   1.22896e-02   4.00251e-06   1.26097e-01
 MIGRAD MINIMIZATION HAS CONVERGED.
 MIGRAD WILL VERIFY CONVERGENCE AND ERROR MATRIX.
 COVARIANCE MATRIX CALCULATED SUCCESSFULLY
 FCN=387.996 FROM MIGRAD    STATUS=CONVERGED     408 CALLS        3857 TOTAL
                     EDM=1.62072e-05    STRATEGY= 1      ERROR MATRIX ACCURATE 
  EXT PARAMETER                                   STEP         FIRST   
  NO.   NAME      VALUE            ERROR          SIZE      DERIVATIVE 
   1  N0           3.39199e+06     fixed    
   2  tau          6.44063e+01   constant   
   3  A0           3.63839e-01     fixed    
   4  phi          4.15636e+00     fixed    
   5  R           -6.04192e+01   constant   
   6  alpha_CBO    4.30310e-03     fixed    
   7  w_CBO        2.32500e+00   constant   
   8  beta_CBO    -6.28611e-04     fixed    
   9  alpha_2CBO   1.85168e-04     fixed    
  10  beta_2CBO   -6.53610e-04     fixed    
  11  alpha_y     -2.53794e-03     fixed    
  12  w_y          1.38860e+01   constant   
  13  beta_y       7.27584e-04   1.02422e-04   9.76161e-07  -7.53178e+00
  14  alpha_vw    -1.30716e-03   1.02448e-04   9.77796e-07   2.28210e+00
  15  w_vw         1.43404e+01   constant   
  16  beta_vw      0.00000e+00     fixed    
  17  LM           8.43198e-05   constant   
  18  zeta_y       0.00000e+00   constant   
  19  zeta_vw      0.00000e+00   constant   
  20  T_CBO        6.76080e+01   3.17355e+01   4.34335e-05  -2.57544e-01
  21  alpha_A0     4.22480e-02   8.05795e-03   5.43864e-06  -2.48683e+00
  22  beta_A0     -4.96888e-02   9.67169e-03   5.30897e-06   4.79892e+00
  23  alpha_phi   -5.00532e-02   9.58890e-03   5.42981e-06  -3.19616e+00
  24  beta_phi    -5.11821e-02   1.00215e-02   6.01340e-06  -7.36874e-01
 EXTERNAL ERROR MATRIX.    NDIM=  25    NPAR=  7    ERR DEF=1
  1.049e-08  1.248e-09 -2.190e-04  5.760e-08 -6.878e-08 -6.495e-08 -7.038e-08 
  1.248e-09  1.050e-08 -1.753e-04  4.557e-08 -5.529e-08 -5.186e-08 -5.653e-08 
 -2.190e-04 -1.753e-04  1.013e+03 -2.558e-01  3.072e-01  3.046e-01  3.182e-01 
  5.760e-08  4.557e-08 -2.558e-01  6.493e-05 -7.765e-05 -7.696e-05 -8.041e-05 
 -6.878e-08 -5.529e-08  3.072e-01 -7.765e-05  9.354e-05  9.241e-05  9.663e-05 
 -6.495e-08 -5.186e-08  3.046e-01 -7.696e-05  9.241e-05  9.195e-05  9.576e-05 
 -7.038e-08 -5.653e-08  3.182e-01 -8.041e-05  9.663e-05  9.576e-05  1.004e-04 
 PARAMETER  CORRELATION COEFFICIENTS  
       NO.  GLOBAL     13     14     20     21     22     23     24
       13  0.14346   1.000  0.119 -0.067  0.070 -0.069 -0.066 -0.069
       14  0.13338   0.119  1.000 -0.054  0.055 -0.056 -0.053 -0.055
       20  0.99936  -0.067 -0.054  1.000 -0.997  0.998  0.998  0.998
       21  0.99754   0.070  0.055 -0.997  1.000 -0.996 -0.996 -0.996
       22  0.99838  -0.069 -0.056  0.998 -0.996  1.000  0.996  0.997
       23  0.99827  -0.066 -0.053  0.998 -0.996  0.996  1.000  0.997
       24  0.99806  -0.069 -0.055  0.998 -0.996  0.997  0.997  1.000
MINUIT - FIT ALTOGETHER
 **********
 **   83 **RES 
 **********
                   PARAMETER   16  beta_vw RESTORED TO VARIABLE.
