 + ++++++++++++++++++++++++++++++++++++++++++++++++++++++++++++++++++++ +
 +                                                                      +
 +           You have chose to blind your fitting according to          +
 +                omega_ref * (1 + (R +/- deltaR) *10^{-6})             +
 +                                                                      +
 + ++++++++++++++++++++++++++++++++++++++++++++++++++++++++++++++++++++ +
In main()...
reading format from /gm2data/zkhechad/run45/envelope/formats/formatB_sBin_constraintOn.txt
pBinTau 	= 0  
pBinPhi 	= 0  
constraintau 	= 1 
includeMopTerm 	= 0    
constrainMop    = 0   
Parameters after format file: pBinTau 0 pBinPhi 0 constraintau 1 includeMopTerm 0 constrainMop 0 c_e_scale 0.000000 
Opening file /gm2data/tbarrett/gm2fr/studies/run23_bunch_corrections/CorrectedFourier_Run3b.root.
reading full fit data from /gm2data/zkhechad/cboTemplates/Run4CBOTemplates/templateFits0_v2.0/noRF/sBin_constraintOn_cE0.0_seed0_noRF_calo3.root
windowBins = 69
fitting sliding window 540 from bin 676 at 100.710000 to bin 745 at 111.154000 (69 bins)

Reading data from /gm2data/cornell/histograms/aMethod/histogram_a_noRF.root
 **********
 **    1 **SET PRINTOUT            1
 **********
 **********
 **    2 **SET NOWARNINGS 
 **********
 PARAMETER DEFINITIONS:
    NO.   NAME         VALUE      STEP SIZE      LIMITS
     1 N0           2.88814e+06  1.00000e+02     no limits
     2 tau          6.44131e+01  constant
     3 A0           3.56394e-01  1.00000e-04     no limits
     4 phi          4.11722e+00  1.00000e-02     no limits
     5 R           -6.09726e+01  constant
     6 alpha_CBO    0.00000e+00  1.00000e-03     no limits
     7 w_CBO        2.32500e+00  constant
     8 beta_CBO     0.00000e+00  1.00000e-03     no limits
     9 alpha_2CBO   0.00000e+00  1.00000e-03     no limits
    10 beta_2CBO    0.00000e+00  1.00000e-03     no limits
    11 alpha_y      0.00000e+00  1.00000e-03     no limits
    12 w_y          1.44500e+01  constant
    13 beta_y       0.00000e+00  1.00000e-03     no limits
    14 alpha_vw     0.00000e+00  1.00000e-03     no limits
    15 w_vw         1.29000e+01  constant
    16 beta_vw      0.00000e+00  1.00000e-03     no limits
    17 LM           2.63157e-04  constant
    18 zeta_y       0.00000e+00  constant
    19 zeta_vw      0.00000e+00  constant
    20 T_CBO        1.00000e+02  1.00000e+00    0.00000e+00  1.00000e+03
    21 alpha_A0     0.00000e+00  1.00000e-03     no limits
    22 beta_A0      0.00000e+00  1.00000e-03     no limits
    23 alpha_phi    0.00000e+00  1.00000e-03     no limits
    24 beta_phi     0.00000e+00  1.00000e-03     no limits
MINUIT - FIT ONLY WIGGLE
 **********
 **    3 **FIX            5
 **********
 PARAMETER    5  IS CONSTANT.   IGNORED.
 **********
 **    4 **FIX            6
 **********
 **********
 **    5 **FIX            7
 **********
 PARAMETER    7  IS CONSTANT.   IGNORED.
 **********
 **    6 **FIX            8
 **********
 **********
 **    7 **FIX            9
 **********
 **********
 **    8 **FIX           10
 **********
 **********
 **    9 **FIX           11
 **********
 **********
 **   10 **FIX           12
 **********
 PARAMETER   12  IS CONSTANT.   IGNORED.
 **********
 **   11 **FIX           13
 **********
 **********
 **   12 **FIX           14
 **********
 **********
 **   13 **FIX           15
 **********
 PARAMETER   15  IS CONSTANT.   IGNORED.
 **********
 **   14 **FIX           16
 **********
 **********
 **   15 **MIGRAD
 **********
 FIRST CALL TO USER FUNCTION AT NEW START POINT, WITH IFLAG=4.
 START MIGRAD MINIMIZATION.  STRATEGY  1.  CONVERGENCE WHEN EDM .LT. 1.00e-04
 FCN=1120.51 FROM MIGRAD    STATUS=INITIATE      431 CALLS         432 TOTAL
                     EDM= unknown      STRATEGY= 1      NO ERROR MATRIX       
  EXT PARAMETER               CURRENT GUESS       STEP         FIRST   
  NO.   NAME      VALUE            ERROR          SIZE      DERIVATIVE 
   1  N0           2.88814e+06   1.00000e+02   0.00000e+00  -2.00888e-03
   2  tau          6.44131e+01   constant   
   3  A0           3.56394e-01   1.00000e-04   0.00000e+00   7.88939e+04
   4  phi          4.11722e+00   1.00000e-02   0.00000e+00   2.27286e+04
   5  R           -6.09726e+01   constant   
   6  alpha_CBO    0.00000e+00     fixed    
   7  w_CBO        2.32500e+00   constant   
   8  beta_CBO     0.00000e+00     fixed    
   9  alpha_2CBO   0.00000e+00     fixed    
  10  beta_2CBO    0.00000e+00     fixed    
  11  alpha_y      0.00000e+00     fixed    
  12  w_y          1.44500e+01   constant   
  13  beta_y       0.00000e+00     fixed    
  14  alpha_vw     0.00000e+00     fixed    
  15  w_vw         1.29000e+01   constant   
  16  beta_vw      0.00000e+00     fixed    
  17  LM           2.63157e-04   constant   
  18  zeta_y       0.00000e+00   constant   
  19  zeta_vw      0.00000e+00   constant   
  20  T_CBO        1.00000e+02   1.00000e+00   0.00000e+00   0.00000e+00
  21  alpha_A0     0.00000e+00   1.00000e-03   0.00000e+00  -5.25500e+03
  22  beta_A0      0.00000e+00   1.00000e-03   0.00000e+00  -1.68345e+03
  23  alpha_phi    0.00000e+00   1.00000e-03   0.00000e+00  -2.70973e+03
  24  beta_phi     0.00000e+00   1.00000e-03   0.00000e+00   4.01848e+03
 CALL LIMIT EXCEEDED IN MIGRAD.
 MIGRAD TERMINATED WITHOUT CONVERGENCE.
 FCN=1055 FROM MIGRAD    STATUS=CALL LIMIT   1325 CALLS        1326 TOTAL
                     EDM=0.0717265    STRATEGY= 1  ERROR MATRIX UNCERTAINTY   1.9 per cent
  EXT PARAMETER                APPROXIMATE        STEP         FIRST   
  NO.   NAME      VALUE            ERROR          SIZE      DERIVATIVE 
   1  N0           2.88794e+06   2.87682e+02   4.27871e+00  -2.98724e-04
   2  tau          6.44131e+01   constant   
   3  A0           3.55864e-01   1.23003e-04   1.25414e-06  -2.35818e+02
   4  phi          4.11608e+00   3.51270e-04   1.43712e-05  -7.82562e+02
   5  R           -6.09726e+01   constant   
   6  alpha_CBO    0.00000e+00     fixed    
   7  w_CBO        2.32500e+00   constant   
   8  beta_CBO     0.00000e+00     fixed    
   9  alpha_2CBO   0.00000e+00     fixed    
  10  beta_2CBO    0.00000e+00     fixed    
  11  alpha_y      0.00000e+00     fixed    
  12  w_y          1.44500e+01   constant   
  13  beta_y       0.00000e+00     fixed    
  14  alpha_vw     0.00000e+00     fixed    
  15  w_vw         1.29000e+01   constant   
  16  beta_vw      0.00000e+00     fixed    
  17  LM           2.63157e-04   constant   
  18  zeta_y       0.00000e+00   constant   
  19  zeta_vw      0.00000e+00   constant   
  20  T_CBO        2.29232e+01   4.46480e+00  -2.26701e-03  -3.16653e+01
  21  alpha_A0     2.21033e-01   1.70974e-01   1.09306e-02   3.61914e+00
  22  beta_A0      1.01820e-01   8.09137e-02   5.15459e-03  -4.11531e+00
  23  alpha_phi    2.87526e-02   2.02796e-02   1.27133e-03  -4.52289e+00
  24  beta_phi    -1.45660e-01   1.07907e-01  -6.87992e-03   1.13683e+01
 EXTERNAL ERROR MATRIX.    NDIM=  25    NPAR=  8    ERR DEF=1
  8.276e+04  6.157e-03  5.324e-03  1.575e+01 -2.718e-01 -2.093e-01 -8.474e-02  1.874e-01 
  6.157e-03  1.513e-08 -2.072e-09 -3.456e-05  1.427e-06  6.596e-07  1.852e-07 -8.983e-07 
  5.324e-03 -2.072e-09  1.234e-07  1.481e-05  8.098e-07  4.128e-07  4.614e-08 -4.715e-07 
  1.575e+01 -3.456e-05  1.481e-05  1.994e+01 -7.514e-01 -3.554e-01 -8.870e-02  4.740e-01 
 -2.718e-01  1.427e-06  8.098e-07 -7.514e-01  2.923e-02  1.383e-02  3.454e-03 -1.844e-02 
 -2.093e-01  6.596e-07  4.128e-07 -3.554e-01  1.383e-02  6.547e-03  1.634e-03 -8.727e-03 
 -8.474e-02  1.852e-07  4.614e-08 -8.870e-02  3.454e-03  1.634e-03  4.113e-04 -2.182e-03 
  1.874e-01 -8.983e-07 -4.715e-07  4.740e-01 -1.844e-02 -8.727e-03 -2.182e-03  1.164e-02 
ERR MATRIX APPROXIMATE
 PARAMETER  CORRELATION COEFFICIENTS  
       NO.  GLOBAL      1      3      4     20     21     22     23     24
        1  0.29075   1.000  0.174  0.053  0.012 -0.006 -0.009 -0.015  0.006
        3  0.22791   0.174  1.000 -0.048 -0.063  0.068  0.066  0.074 -0.068
        4  0.17332   0.053 -0.048  1.000  0.009  0.013  0.015  0.006 -0.012
       20  0.98480   0.012 -0.063  0.009  1.000 -0.984 -0.984 -0.980  0.984
       21  0.99988  -0.006  0.068  0.013 -0.984  1.000  1.000  0.996 -1.000
       22  0.99980  -0.009  0.066  0.015 -0.984  1.000  1.000  0.996 -1.000
       23  0.99756  -0.015  0.074  0.006 -0.980  0.996  0.996  1.000 -0.997
       24  0.99980   0.006 -0.068 -0.012  0.984 -1.000 -1.000 -0.997  1.000
 ERR MATRIX APPROXIMATE
MINUIT - FIT ONLY 1-CBO + wiggle
 **********
 **   16 **RES 
 **********
                   PARAMETER   16  beta_vw RESTORED TO VARIABLE.
                   PARAMETER   14  alpha_vw RESTORED TO VARIABLE.
                   PARAMETER   13  beta_y RESTORED TO VARIABLE.
                   PARAMETER   11  alpha_y RESTORED TO VARIABLE.
                   PARAMETER   10  beta_2CBO RESTORED TO VARIABLE.
                   PARAMETER    9  alpha_2CBO RESTORED TO VARIABLE.
                   PARAMETER    8  beta_CBO RESTORED TO VARIABLE.
                   PARAMETER    6  alpha_CBO RESTORED TO VARIABLE.
 **********
 **   17 **FIX            8
 **********
 **********
 **   18 **FIX            9
 **********
 **********
 **   19 **FIX           11
 **********
 **********
 **   20 **FIX           12
 **********
 PARAMETER   12  IS CONSTANT.   IGNORED.
 **********
 **   21 **FIX           14
 **********
 **********
 **   22 **FIX           15
 **********
 PARAMETER   15  IS CONSTANT.   IGNORED.
 **********
 **   23 **FIX           16
 **********
 **********
 **   24 **MIGRAD
 **********
 START MIGRAD MINIMIZATION.  STRATEGY  1.  CONVERGENCE WHEN EDM .LT. 1.00e-04
 FCN=1055 FROM MIGRAD    STATUS=INITIATE       28 CALLS        1354 TOTAL
                     EDM= unknown      STRATEGY= 1      NO ERROR MATRIX       
  EXT PARAMETER               CURRENT GUESS       STEP         FIRST   
  NO.   NAME      VALUE            ERROR          SIZE      DERIVATIVE 
   1  N0           2.88794e+06   2.87682e+02   4.27871e+00  -2.98724e-04
   2  tau          6.44131e+01   constant   
   3  A0           3.55864e-01   1.23003e-04   1.25414e-06  -2.35818e+02
   4  phi          4.11608e+00   3.51270e-04   1.43712e-05  -7.82562e+02
   5  R           -6.09726e+01   constant   
   6  alpha_CBO    0.00000e+00   1.00000e-03   1.00000e-03   2.25714e+05
   7  w_CBO        2.32500e+00   constant   
   8  beta_CBO     0.00000e+00     fixed    
   9  alpha_2CBO   0.00000e+00     fixed    
  10  beta_2CBO    0.00000e+00   1.00000e-03   1.00000e-03   2.64233e+04
  11  alpha_y      0.00000e+00     fixed    
  12  w_y          1.44500e+01   constant   
  13  beta_y       0.00000e+00   1.00000e-03   1.00000e-03  -2.37028e+04
  14  alpha_vw     0.00000e+00     fixed    
  15  w_vw         1.29000e+01   constant   
  16  beta_vw      0.00000e+00     fixed    
  17  LM           2.63157e-04   constant   
  18  zeta_y       0.00000e+00   constant   
  19  zeta_vw      0.00000e+00   constant   
  20  T_CBO        2.29232e+01   4.46480e+00  -2.26701e-03  -3.16653e+01
  21  alpha_A0     2.21033e-01   1.70974e-01   1.09306e-02   3.61914e+00
  22  beta_A0      1.01820e-01   8.09137e-02   5.15459e-03  -4.11531e+00
  23  alpha_phi    2.87526e-02   2.02796e-02   1.27133e-03  -4.52289e+00
  24  beta_phi    -1.45660e-01   1.07907e-01  -6.87992e-03   1.13683e+01
 CALL LIMIT EXCEEDED IN MIGRAD.
 MIGRAD TERMINATED WITHOUT CONVERGENCE.
 FCN=780.882 FROM MIGRAD    STATUS=CALL LIMIT   1909 CALLS        3235 TOTAL
                     EDM=0.030831    STRATEGY= 1  ERROR MATRIX UNCERTAINTY  11.3 per cent
  EXT PARAMETER                APPROXIMATE        STEP         FIRST   
  NO.   NAME      VALUE            ERROR          SIZE      DERIVATIVE 
   1  N0           2.88820e+06   2.84704e+02   4.45436e+01   6.10075e-04
   2  tau          6.44131e+01   constant   
   3  A0           3.56304e-01   1.19269e-04   2.12602e-05   1.40469e+03
   4  phi          4.11509e+00   3.81738e-04   1.65762e-05   1.93242e+02
   5  R           -6.09726e+01   constant   
   6  alpha_CBO   -2.33009e-03   1.38087e-04  -7.64354e-06  -3.07367e+02
   7  w_CBO        2.32500e+00   constant   
   8  beta_CBO     0.00000e+00     fixed    
   9  alpha_2CBO   0.00000e+00     fixed    
  10  beta_2CBO   -2.54577e-04   1.39097e-04   9.65633e-06   7.60801e+02
  11  alpha_y      0.00000e+00     fixed    
  12  w_y          1.44500e+01   constant   
  13  beta_y       2.22776e-04   1.35571e-04  -1.63108e-07   1.11054e+01
  14  alpha_vw     0.00000e+00     fixed    
  15  w_vw         1.29000e+01   constant   
  16  beta_vw      0.00000e+00     fixed    
  17  LM           2.63157e-04   constant   
  18  zeta_y       0.00000e+00   constant   
  19  zeta_vw      0.00000e+00   constant   
  20  T_CBO        6.06609e+00   4.36033e-01  -4.73308e-04  -2.00009e+02
  21  alpha_A0     2.96041e+04   2.87935e+04   3.70874e+03  -1.65017e-05
  22  beta_A0      3.02473e+04   2.94185e+04   3.78924e+03  -6.31805e-05
  23  alpha_phi   -3.79588e+04   3.69185e+04  -4.75528e+03   3.75061e-05
  24  beta_phi    -4.04375e+04   3.93297e+04  -5.06586e+03  -6.14380e-05
 EXTERNAL ERROR MATRIX.    NDIM=  25    NPAR= 11    ERR DEF=1
  8.106e+04 
  4.776e-03  1.423e-08 
  8.340e-03 -3.437e-09  1.457e-07 
  4.583e-04 -2.835e-09  7.386e-09  1.907e-08 
  7.372e-04 -1.064e-09  2.770e-09  7.341e-10  1.935e-08 
  5.703e-04 -2.614e-10  1.454e-09  1.090e-11  1.986e-10  1.838e-08 
 -1.128e+01 -7.584e-06  9.581e-07  2.384e-06 -2.383e-06  9.777e-08  1.901e-01 
  1.533e+06  7.638e-01  4.466e-01 -2.290e-01  3.877e-01  2.470e-02 -1.212e+04  8.291e+08 
  1.566e+06  7.804e-01  4.563e-01 -2.340e-01  3.961e-01  2.524e-02 -1.238e+04  8.471e+08  8.654e+08 
 -1.965e+06 -9.793e-01 -5.726e-01  2.937e-01 -4.971e-01 -3.167e-02  1.553e+04 -1.063e+09 -1.086e+09  1.363e+09 
 -2.093e+06 -1.043e+00 -6.100e-01  3.128e-01 -5.296e-01 -3.374e-02  1.655e+04 -1.132e+09 -1.157e+09  1.452e+09  1.547e+09 
ERR MATRIX APPROXIMATE
 PARAMETER  CORRELATION COEFFICIENTS  
       NO.  GLOBAL      1      3      4      6     10     13     20     21     22     23     24
        1  0.43204   1.000  0.141  0.077  0.012  0.019  0.015 -0.091  0.187  0.187 -0.187 -0.187
        3  0.43099   0.141  1.000 -0.075 -0.172 -0.064 -0.016 -0.146  0.222  0.222 -0.222 -0.222
        4  0.26561   0.077 -0.075  1.000  0.140  0.052  0.028  0.006  0.041  0.041 -0.041 -0.041
        6  0.32037   0.012 -0.172  0.140  1.000  0.038  0.001  0.040 -0.058 -0.058  0.058  0.058
       10  0.31034   0.019 -0.064  0.052  0.038  1.000  0.011 -0.039  0.097  0.097 -0.097 -0.097
       13  0.04700   0.015 -0.016  0.028  0.001  0.011  1.000  0.002  0.006  0.006 -0.006 -0.006
       20  0.97449  -0.091 -0.146  0.006  0.040 -0.039  0.002  1.000 -0.965 -0.965  0.965  0.965
       21  1.00000   0.187  0.222  0.041 -0.058  0.097  0.006 -0.965  1.000  1.000 -1.000 -1.000
       22  1.00000   0.187  0.222  0.041 -0.058  0.097  0.006 -0.965  1.000  1.000 -1.000 -1.000
       23  1.00000  -0.187 -0.222 -0.041  0.058 -0.097 -0.006  0.965 -1.000 -1.000  1.000  1.000
       24  1.00000  -0.187 -0.222 -0.041  0.058 -0.097 -0.006  0.965 -1.000 -1.000  1.000  1.000
 ERR MATRIX APPROXIMATE
MINUIT - FIT ONLY 2-CBO
 **********
 **   25 **RES 
 **********
                   PARAMETER   16  beta_vw RESTORED TO VARIABLE.
                   PARAMETER   14  alpha_vw RESTORED TO VARIABLE.
                   PARAMETER   11  alpha_y RESTORED TO VARIABLE.
                   PARAMETER    9  alpha_2CBO RESTORED TO VARIABLE.
                   PARAMETER    8  beta_CBO RESTORED TO VARIABLE.
 **********
 **   26 **FIX            0
 **********
 PARAMETER    0  IS UNDEFINED. IGNORED.
 **********
 **   27 **FIX            1
 **********
 **********
 **   28 **FIX            2
 **********
 PARAMETER    2  IS CONSTANT.   IGNORED.
 **********
 **   29 **FIX            3
 **********
 **********
 **   30 **FIX            4
 **********
 **********
 **   31 **FIX            5
 **********
 PARAMETER    5  IS CONSTANT.   IGNORED.
 **********
 **   32 **FIX            6
 **********
 **********
 **   33 **FIX            7
 **********
 PARAMETER    7  IS CONSTANT.   IGNORED.
 **********
 **   34 **FIX           10
 **********
 **********
 **   35 **FIX           11
 **********
 **********
 **   36 **FIX           12
 **********
 PARAMETER   12  IS CONSTANT.   IGNORED.
 **********
 **   37 **FIX           13
 **********
 **********
 **   38 **FIX           14
 **********
 **********
 **   39 **FIX           15
 **********
 PARAMETER   15  IS CONSTANT.   IGNORED.
 **********
 **   40 **FIX           16
 **********
 **********
 **   41 **MIGRAD
 **********
 START MIGRAD MINIMIZATION.  STRATEGY  1.  CONVERGENCE WHEN EDM .LT. 1.00e-04
 FCN=780.882 FROM MIGRAD    STATUS=INITIATE       18 CALLS        3253 TOTAL
                     EDM= unknown      STRATEGY= 1      NO ERROR MATRIX       
  EXT PARAMETER               CURRENT GUESS       STEP         FIRST   
  NO.   NAME      VALUE            ERROR          SIZE      DERIVATIVE 
   1  N0           2.88820e+06     fixed    
   2  tau          6.44131e+01   constant   
   3  A0           3.56304e-01     fixed    
   4  phi          4.11509e+00     fixed    
   5  R           -6.09726e+01   constant   
   6  alpha_CBO   -2.33009e-03     fixed    
   7  w_CBO        2.32500e+00   constant   
   8  beta_CBO     0.00000e+00   1.00000e-03   1.00000e-03   3.67858e+05
   9  alpha_2CBO   0.00000e+00   1.00000e-03   1.00000e-03   1.02864e+04
  10  beta_2CBO   -2.54577e-04     fixed    
  11  alpha_y      0.00000e+00     fixed    
  12  w_y          1.44500e+01   constant   
  13  beta_y       2.22776e-04     fixed    
  14  alpha_vw     0.00000e+00     fixed    
  15  w_vw         1.29000e+01   constant   
  16  beta_vw      0.00000e+00     fixed    
  17  LM           2.63157e-04   constant   
  18  zeta_y       0.00000e+00   constant   
  19  zeta_vw      0.00000e+00   constant   
  20  T_CBO        6.06609e+00   4.36033e-01  -4.73308e-04  -2.00013e+02
  21  alpha_A0     2.96041e+04   2.87935e+04   3.70874e+03  -1.65016e-05
  22  beta_A0      3.02473e+04   2.94185e+04   3.78924e+03  -6.31805e-05
  23  alpha_phi   -3.79588e+04   3.69185e+04  -4.75528e+03   3.75061e-05
  24  beta_phi    -4.04375e+04   3.93297e+04  -5.06586e+03  -6.14380e-05
 CALL LIMIT EXCEEDED IN MIGRAD.
 MIGRAD TERMINATED WITHOUT CONVERGENCE.
 FCN=104.967 FROM MIGRAD    STATUS=CALL LIMIT   1161 CALLS        4396 TOTAL
                     EDM=0.137752    STRATEGY= 1  ERROR MATRIX UNCERTAINTY  14.5 per cent
  EXT PARAMETER                APPROXIMATE        STEP         FIRST   
  NO.   NAME      VALUE            ERROR          SIZE      DERIVATIVE 
   1  N0           2.88820e+06     fixed    
   2  tau          6.44131e+01   constant   
   3  A0           3.56304e-01     fixed    
   4  phi          4.11509e+00     fixed    
   5  R           -6.09726e+01   constant   
   6  alpha_CBO   -2.33009e-03     fixed    
   7  w_CBO        2.32500e+00   constant   
   8  beta_CBO    -3.68125e-03   1.43725e-04   7.07557e-06   2.53010e+02
   9  alpha_2CBO  -1.09957e-04   1.36249e-04  -6.48509e-06   8.73752e+00
  10  beta_2CBO   -2.54577e-04     fixed    
  11  alpha_y      0.00000e+00     fixed    
  12  w_y          1.44500e+01   constant   
  13  beta_y       2.22776e-04     fixed    
  14  alpha_vw     0.00000e+00     fixed    
  15  w_vw         1.29000e+01   constant   
  16  beta_vw      0.00000e+00     fixed    
  17  LM           2.63157e-04   constant   
  18  zeta_y       0.00000e+00   constant   
  19  zeta_vw      0.00000e+00   constant   
  20  T_CBO        8.95919e+00   7.11879e-01   9.47751e-04  -2.95497e+02
  21  alpha_A0     8.67139e+01   1.61995e+02  -1.62049e+01  -3.25878e-03
  22  beta_A0     -9.19554e+01   1.62623e+02   7.17456e+00  -3.82692e-03
  23  alpha_phi   -7.98338e+01   1.11257e+02   1.92630e+01   2.53881e-03
  24  beta_phi    -3.93677e+02   4.70465e+02   4.74920e+01   4.36714e-03
 EXTERNAL ERROR MATRIX.    NDIM=  25    NPAR=  7    ERR DEF=1
  2.066e-08 -1.824e-09  3.944e-06  1.971e-04  1.684e-03 -3.158e-04  3.404e-03 
 -1.824e-09  1.856e-08 -4.060e-06  1.873e-04  1.075e-03 -1.061e-03 -1.190e-03 
  3.944e-06 -4.060e-06  5.068e-01 -8.953e+01  8.459e+01  6.852e+01  3.303e+02 
  1.971e-04  1.873e-04 -8.953e+01  2.624e+04 -2.185e+04 -1.084e+04 -5.782e+04 
  1.684e-03  1.075e-03  8.459e+01 -2.185e+04  2.645e+04  1.106e+04  6.079e+04 
 -3.158e-04 -1.061e-03  6.852e+01 -1.084e+04  1.106e+04  1.238e+04  4.373e+04 
  3.404e-03 -1.190e-03  3.303e+02 -5.782e+04  6.079e+04  4.373e+04  2.213e+05 
ERR MATRIX APPROXIMATE
 PARAMETER  CORRELATION COEFFICIENTS  
       NO.  GLOBAL      8      9     20     21     22     23     24
        8  0.33748   1.000 -0.093  0.039  0.008  0.072 -0.020  0.050
        9  0.18897  -0.093  1.000 -0.042  0.008  0.049 -0.070 -0.019
       20  0.99870   0.039 -0.042  1.000 -0.776  0.731  0.865  0.986
       21  0.97647   0.008  0.008 -0.776  1.000 -0.829 -0.602 -0.759
       22  0.98343   0.072  0.049  0.731 -0.829  1.000  0.611  0.795
       23  0.94074  -0.020 -0.070  0.865 -0.602  0.611  1.000  0.835
       24  0.99853   0.050 -0.019  0.986 -0.759  0.795  0.835  1.000
 ERR MATRIX APPROXIMATE
MINUIT - FIT wiggle + 1-CBO + 2-CBO
 **********
 **   42 **RES 
 **********
                   PARAMETER   16  beta_vw RESTORED TO VARIABLE.
                   PARAMETER   14  alpha_vw RESTORED TO VARIABLE.
                   PARAMETER   13  beta_y RESTORED TO VARIABLE.
                   PARAMETER   11  alpha_y RESTORED TO VARIABLE.
                   PARAMETER   10  beta_2CBO RESTORED TO VARIABLE.
                   PARAMETER    6  alpha_CBO RESTORED TO VARIABLE.
                   PARAMETER    4  phi RESTORED TO VARIABLE.
                   PARAMETER    3  A0 RESTORED TO VARIABLE.
                   PARAMETER    1  N0 RESTORED TO VARIABLE.
 **********
 **   43 **FIX           10
 **********
 **********
 **   44 **FIX           11
 **********
 **********
 **   45 **FIX           12
 **********
 PARAMETER   12  IS CONSTANT.   IGNORED.
 **********
 **   46 **FIX           13
 **********
 **********
 **   47 **FIX           14
 **********
 **********
 **   48 **FIX           15
 **********
 PARAMETER   15  IS CONSTANT.   IGNORED.
 **********
 **   49 **FIX           16
 **********
 **********
 **   50 **MIGRAD
 **********
 START MIGRAD MINIMIZATION.  STRATEGY  1.  CONVERGENCE WHEN EDM .LT. 1.00e-04
 FCN=104.967 FROM MIGRAD    STATUS=INITIATE       22 CALLS        4418 TOTAL
                     EDM= unknown      STRATEGY= 1      NO ERROR MATRIX       
  EXT PARAMETER               CURRENT GUESS       STEP         FIRST   
  NO.   NAME      VALUE            ERROR          SIZE      DERIVATIVE 
   1  N0           2.88820e+06   2.84704e+02   2.84704e+02   4.35252e-03
   2  tau          6.44131e+01   constant   
   3  A0           3.56304e-01   1.19269e-04   1.19269e-04  -3.91266e+04
   4  phi          4.11509e+00   3.81738e-04   3.81738e-04  -2.36393e+04
   5  R           -6.09726e+01   constant   
   6  alpha_CBO   -2.33009e-03   1.38087e-04   1.38087e-04   6.91484e+03
   7  w_CBO        2.32500e+00   constant   
   8  beta_CBO    -3.68125e-03   1.43725e-04   7.07557e-06   2.53010e+02
   9  alpha_2CBO  -1.09957e-04   1.36249e-04  -6.48509e-06   8.73752e+00
  10  beta_2CBO   -2.54577e-04     fixed    
  11  alpha_y      0.00000e+00     fixed    
  12  w_y          1.44500e+01   constant   
  13  beta_y       2.22776e-04     fixed    
  14  alpha_vw     0.00000e+00     fixed    
  15  w_vw         1.29000e+01   constant   
  16  beta_vw      0.00000e+00     fixed    
  17  LM           2.63157e-04   constant   
  18  zeta_y       0.00000e+00   constant   
  19  zeta_vw      0.00000e+00   constant   
  20  T_CBO        8.95919e+00   7.11879e-01   9.47751e-04  -2.95497e+02
  21  alpha_A0     8.67139e+01   1.61995e+02  -1.62049e+01  -3.25878e-03
  22  beta_A0     -9.19554e+01   1.62623e+02   7.17456e+00  -3.82692e-03
  23  alpha_phi   -7.98338e+01   1.11257e+02   1.92630e+01   2.53881e-03
  24  beta_phi    -3.93677e+02   4.70465e+02   4.74920e+01   4.36714e-03
 CALL LIMIT EXCEEDED IN MIGRAD.
 MIGRAD TERMINATED WITHOUT CONVERGENCE.
 FCN=74.6635 FROM MIGRAD    STATUS=CALL LIMIT   1918 CALLS        6314 TOTAL
                     EDM=0.0168609    STRATEGY= 1  ERROR MATRIX UNCERTAINTY   0.4 per cent
  EXT PARAMETER                APPROXIMATE        STEP         FIRST   
  NO.   NAME      VALUE            ERROR          SIZE      DERIVATIVE 
   1  N0           2.88827e+06   2.68311e+02  -1.34188e+00   2.22223e-04
   2  tau          6.44131e+01   constant   
   3  A0           3.56516e-01   1.16043e-04  -9.94434e-07   9.34571e+01
   4  phi          4.11701e+00   3.65136e-04   1.21638e-06   9.33310e+01
   5  R           -6.09726e+01   constant   
   6  alpha_CBO   -2.31773e-03   1.30176e-04  -1.22405e-06   1.91975e+02
   7  w_CBO        2.32500e+00   constant   
   8  beta_CBO    -3.85027e-03   1.43498e-04   3.04328e-09  -2.25827e+02
   9  alpha_2CBO  -6.41699e-05   1.32267e-04  -6.66655e-07   1.01647e+02
  10  beta_2CBO   -2.54577e-04     fixed    
  11  alpha_y      0.00000e+00     fixed    
  12  w_y          1.44500e+01   constant   
  13  beta_y       2.22776e-04     fixed    
  14  alpha_vw     0.00000e+00     fixed    
  15  w_vw         1.29000e+01   constant   
  16  beta_vw      0.00000e+00     fixed    
  17  LM           2.63157e-04   constant   
  18  zeta_y       0.00000e+00   constant   
  19  zeta_vw      0.00000e+00   constant   
  20  T_CBO        1.66932e+01   2.71306e+00   1.32667e-03  -8.72736e+01
  21  alpha_A0     7.66788e-01   1.03156e+00  -5.05592e-02  -1.70284e-01
  22  beta_A0     -1.65047e-01   5.91290e-01  -4.15088e-03  -1.72762e-01
  23  alpha_phi   -2.47553e-01   4.51642e-01   9.62134e-03  -1.63563e-01
  24  beta_phi    -2.05761e+00   2.40773e+00   1.47517e-01   7.17338e-01
 EXTERNAL ERROR MATRIX.    NDIM=  25    NPAR= 11    ERR DEF=1
  7.199e+04 
  3.017e-03  1.347e-08 
  1.722e-02  6.727e-11  1.333e-07 
  4.508e-03 -1.728e-09  3.187e-09  1.695e-08 
  1.169e-04 -9.620e-10 -1.138e-08  5.609e-11  2.059e-08 
 -1.843e-06  7.349e-10  9.675e-10  3.752e-11 -1.166e-09  1.749e-08 
 -1.312e+01 -5.103e-05  7.612e-05  1.994e-06 -6.177e-06  8.269e-06  7.362e+00 
  2.998e+01  1.982e-05  1.106e-05  7.635e-06  1.211e-06  3.877e-06 -2.517e+00  1.064e+00 
 -9.146e+00 -1.005e-05  3.563e-05  2.511e-06  3.338e-06  1.112e-05  8.939e-01 -2.755e-01  3.496e-01 
 -1.573e+01 -2.204e-06  2.754e-06  6.715e-06 -3.286e-06 -5.682e-06  6.937e-01 -2.827e-01  3.931e-02  2.040e-01 
 -2.365e+01 -4.714e-05  5.256e-05  4.193e-06  2.697e-06  9.333e-06  6.473e+00 -2.208e+00  8.510e-01  6.534e-01  5.797e+00 
ERR MATRIX APPROXIMATE
 PARAMETER  CORRELATION COEFFICIENTS  
       NO.  GLOBAL      1      3      4      6      8      9     20     21     22     23     24
        1  0.34129   1.000  0.097  0.176  0.129  0.003 -0.000 -0.018  0.108 -0.058 -0.130 -0.037
        3  0.28174   0.097  1.000  0.002 -0.114 -0.058  0.048 -0.162  0.166 -0.146 -0.042 -0.169
        4  0.43575   0.176  0.002  1.000  0.067 -0.217  0.020  0.077  0.029  0.165  0.017  0.060
        6  0.31091   0.129 -0.114  0.067  1.000  0.003  0.002  0.006  0.057  0.033  0.114  0.013
        8  0.30827   0.003 -0.058 -0.217  0.003  1.000 -0.061 -0.016  0.008  0.039 -0.051  0.008
        9  0.22652  -0.000  0.048  0.020  0.002 -0.061  1.000  0.023  0.028  0.142 -0.095  0.029
       20  0.99486  -0.018 -0.162  0.077  0.006 -0.016  0.023  1.000 -0.899  0.557  0.566  0.991
       21  0.92098   0.108  0.166  0.029  0.057  0.008  0.028 -0.899  1.000 -0.452 -0.607 -0.889
       22  0.76634  -0.058 -0.146  0.165  0.033  0.039  0.142  0.557 -0.452  1.000  0.147  0.598
       23  0.78777  -0.130 -0.042  0.017  0.114 -0.051 -0.095  0.566 -0.607  0.147  1.000  0.601
       24  0.99513  -0.037 -0.169  0.060  0.013  0.008  0.029  0.991 -0.889  0.598  0.601  1.000
 ERR MATRIX APPROXIMATE
MINUIT - FIT ONLY 1-y
 **********
 **   51 **RES 
 **********
                   PARAMETER   16  beta_vw RESTORED TO VARIABLE.
                   PARAMETER   14  alpha_vw RESTORED TO VARIABLE.
                   PARAMETER   13  beta_y RESTORED TO VARIABLE.
                   PARAMETER   11  alpha_y RESTORED TO VARIABLE.
                   PARAMETER   10  beta_2CBO RESTORED TO VARIABLE.
 **********
 **   52 **FIX            0
 **********
 PARAMETER    0  IS UNDEFINED. IGNORED.
 **********
 **   53 **FIX            1
 **********
 **********
 **   54 **FIX            2
 **********
 PARAMETER    2  IS CONSTANT.   IGNORED.
 **********
 **   55 **FIX            3
 **********
 **********
 **   56 **FIX            4
 **********
 **********
 **   57 **FIX            5
 **********
 PARAMETER    5  IS CONSTANT.   IGNORED.
 **********
 **   58 **FIX            6
 **********
 **********
 **   59 **FIX            7
 **********
 PARAMETER    7  IS CONSTANT.   IGNORED.
 **********
 **   60 **FIX            8
 **********
 **********
 **   61 **FIX            9
 **********
 **********
 **   62 **FIX           13
 **********
 **********
 **   63 **FIX           14
 **********
 **********
 **   64 **FIX           15
 **********
 PARAMETER   15  IS CONSTANT.   IGNORED.
 **********
 **   65 **FIX           16
 **********
 **********
 **   66 **MIGRAD
 **********
 START MIGRAD MINIMIZATION.  STRATEGY  1.  CONVERGENCE WHEN EDM .LT. 1.00e-04
 FCN=74.6635 FROM MIGRAD    STATUS=INITIATE       16 CALLS        6330 TOTAL
                     EDM= unknown      STRATEGY= 1      NO ERROR MATRIX       
  EXT PARAMETER               CURRENT GUESS       STEP         FIRST   
  NO.   NAME      VALUE            ERROR          SIZE      DERIVATIVE 
   1  N0           2.88827e+06     fixed    
   2  tau          6.44131e+01   constant   
   3  A0           3.56516e-01     fixed    
   4  phi          4.11701e+00     fixed    
   5  R           -6.09726e+01   constant   
   6  alpha_CBO   -2.31773e-03     fixed    
   7  w_CBO        2.32500e+00   constant   
   8  beta_CBO    -3.85027e-03     fixed    
   9  alpha_2CBO  -6.41699e-05     fixed    
  10  beta_2CBO   -2.54577e-04   1.39097e-04   1.39097e-04   6.23585e+03
  11  alpha_y      0.00000e+00   1.00000e-03   1.00000e-03  -4.35198e+04
  12  w_y          1.44500e+01   constant   
  13  beta_y       2.22776e-04     fixed    
  14  alpha_vw     0.00000e+00     fixed    
  15  w_vw         1.29000e+01   constant   
  16  beta_vw      0.00000e+00     fixed    
  17  LM           2.63157e-04   constant   
  18  zeta_y       0.00000e+00   constant   
  19  zeta_vw      0.00000e+00   constant   
  20  T_CBO        1.66932e+01   2.71306e+00   1.32667e-03  -8.72736e+01
  21  alpha_A0     7.66788e-01   1.03156e+00  -5.05592e-02  -1.70284e-01
  22  beta_A0     -1.65047e-01   5.91290e-01  -4.15088e-03  -1.72762e-01
  23  alpha_phi   -2.47553e-01   4.51642e-01   9.62134e-03  -1.63563e-01
  24  beta_phi    -2.05761e+00   2.40773e+00   1.47517e-01   7.17338e-01
 CALL LIMIT EXCEEDED IN MIGRAD.
 MIGRAD TERMINATED WITHOUT CONVERGENCE.
 FCN=64.8712 FROM MIGRAD    STATUS=CALL LIMIT   1147 CALLS        7461 TOTAL
                     EDM=0.000757831    STRATEGY= 1  ERROR MATRIX UNCERTAINTY  11.8 per cent
  EXT PARAMETER                APPROXIMATE        STEP         FIRST   
  NO.   NAME      VALUE            ERROR          SIZE      DERIVATIVE 
   1  N0           2.88827e+06     fixed    
   2  tau          6.44131e+01   constant   
   3  A0           3.56516e-01     fixed    
   4  phi          4.11701e+00     fixed    
   5  R           -6.09726e+01   constant   
   6  alpha_CBO   -2.31773e-03     fixed    
   7  w_CBO        2.32500e+00   constant   
   8  beta_CBO    -3.85027e-03     fixed    
   9  alpha_2CBO  -6.41699e-05     fixed    
  10  beta_2CBO   -3.34958e-04   1.36579e-04  -5.07692e-07  -6.25581e+01
  11  alpha_y      4.16570e-04   1.32684e-04   4.19542e-07   1.04662e+02
  12  w_y          1.44500e+01   constant   
  13  beta_y       2.22776e-04     fixed    
  14  alpha_vw     0.00000e+00     fixed    
  15  w_vw         1.29000e+01   constant   
  16  beta_vw      0.00000e+00     fixed    
  17  LM           2.63157e-04   constant   
  18  zeta_y       0.00000e+00   constant   
  19  zeta_vw      0.00000e+00   constant   
  20  T_CBO        3.56449e+01   2.43950e+01   1.35085e-03  -2.82977e+00
  21  alpha_A0     2.71183e-02   6.29027e-02  -6.48715e-04  -1.28096e+00
  22  beta_A0     -6.77951e-03   1.49889e-02  -4.31839e-05  -1.58527e+00
  23  alpha_phi   -7.26521e-03   1.99248e-02   2.26207e-04   1.99380e-01
  24  beta_phi    -7.18076e-02   1.58693e-01   1.47929e-03   1.88056e+00
 EXTERNAL ERROR MATRIX.    NDIM=  25    NPAR=  7    ERR DEF=1
  1.865e-08 -1.513e-10 -5.940e-04  1.138e-06 -2.585e-07 -4.563e-07 -3.756e-06 
 -1.513e-10  1.760e-08  4.977e-04 -1.039e-06  3.740e-07  3.174e-07  2.890e-06 
 -5.940e-04  4.977e-04  5.986e+02 -1.511e+00  2.803e-01  4.318e-01  3.872e+00 
  1.138e-06 -1.039e-06 -1.511e+00  3.957e-03 -7.339e-04 -1.086e-03 -9.784e-03 
 -2.585e-07  3.740e-07  2.803e-01 -7.339e-04  2.247e-04  2.014e-04  1.838e-03 
 -4.563e-07  3.174e-07  4.318e-01 -1.086e-03  2.014e-04  3.970e-04  2.801e-03 
 -3.756e-06  2.890e-06  3.872e+00 -9.784e-03  1.838e-03  2.801e-03  2.518e-02 
ERR MATRIX APPROXIMATE
 PARAMETER  CORRELATION COEFFICIENTS  
       NO.  GLOBAL     10     11     20     21     22     23     24
       10  0.29875   1.000 -0.008 -0.178  0.132 -0.126 -0.168 -0.173
       11  0.35025  -0.008  1.000  0.153 -0.124  0.188  0.120  0.137
       20  0.99778  -0.178  0.153  1.000 -0.982  0.764  0.886  0.997
       21  0.98427   0.132 -0.124 -0.982  1.000 -0.778 -0.866 -0.980
       22  0.79935  -0.126  0.188  0.764 -0.778  1.000  0.674  0.773
       23  0.88685  -0.168  0.120  0.886 -0.866  0.674  1.000  0.886
       24  0.99748  -0.173  0.137  0.997 -0.980  0.773  0.886  1.000
 ERR MATRIX APPROXIMATE
MINUIT - FIT ONLY 2-y
 **********
 **   67 **RES 
 **********
                   PARAMETER   16  beta_vw RESTORED TO VARIABLE.
                   PARAMETER   14  alpha_vw RESTORED TO VARIABLE.
                   PARAMETER   13  beta_y RESTORED TO VARIABLE.
                   PARAMETER    9  alpha_2CBO RESTORED TO VARIABLE.
                   PARAMETER    8  beta_CBO RESTORED TO VARIABLE.
                   PARAMETER    6  alpha_CBO RESTORED TO VARIABLE.
                   PARAMETER    4  phi RESTORED TO VARIABLE.
                   PARAMETER    3  A0 RESTORED TO VARIABLE.
                   PARAMETER    1  N0 RESTORED TO VARIABLE.
 **********
 **   68 **FIX            0
 **********
 PARAMETER    0  IS UNDEFINED. IGNORED.
 **********
 **   69 **FIX            1
 **********
 **********
 **   70 **FIX            2
 **********
 PARAMETER    2  IS CONSTANT.   IGNORED.
 **********
 **   71 **FIX            3
 **********
 **********
 **   72 **FIX            4
 **********
 **********
 **   73 **FIX            5
 **********
 PARAMETER    5  IS CONSTANT.   IGNORED.
 **********
 **   74 **FIX            6
 **********
 **********
 **   75 **FIX            7
 **********
 PARAMETER    7  IS CONSTANT.   IGNORED.
 **********
 **   76 **FIX            8
 **********
 **********
 **   77 **FIX            9
 **********
 **********
 **   78 **FIX           10
 **********
 **********
 **   79 **FIX           11
 **********
 **********
 **   80 **FIX           12
 **********
 PARAMETER   12  IS CONSTANT.   IGNORED.
 **********
 **   81 **FIX           16
 **********
 **********
 **   82 **MIGRAD
 **********
 START MIGRAD MINIMIZATION.  STRATEGY  1.  CONVERGENCE WHEN EDM .LT. 1.00e-04
 FCN=64.8712 FROM MIGRAD    STATUS=INITIATE       16 CALLS        7477 TOTAL
                     EDM= unknown      STRATEGY= 1      NO ERROR MATRIX       
  EXT PARAMETER               CURRENT GUESS       STEP         FIRST   
  NO.   NAME      VALUE            ERROR          SIZE      DERIVATIVE 
   1  N0           2.88827e+06     fixed    
   2  tau          6.44131e+01   constant   
   3  A0           3.56516e-01     fixed    
   4  phi          4.11701e+00     fixed    
   5  R           -6.09726e+01   constant   
   6  alpha_CBO   -2.31773e-03     fixed    
   7  w_CBO        2.32500e+00   constant   
   8  beta_CBO    -3.85027e-03     fixed    
   9  alpha_2CBO  -6.41699e-05     fixed    
  10  beta_2CBO   -3.34958e-04     fixed    
  11  alpha_y      4.16570e-04     fixed    
  12  w_y          1.44500e+01   constant   
  13  beta_y       2.22776e-04   1.35571e-04   1.35571e-04   2.89142e+03
  14  alpha_vw     0.00000e+00   1.00000e-03   1.00000e-03  -4.33506e+03
  15  w_vw         1.29000e+01   constant   
  16  beta_vw      0.00000e+00     fixed    
  17  LM           2.63157e-04   constant   
  18  zeta_y       0.00000e+00   constant   
  19  zeta_vw      0.00000e+00   constant   
  20  T_CBO        3.56449e+01   2.43950e+01   1.35085e-03  -2.82977e+00
  21  alpha_A0     2.71183e-02   6.29027e-02  -6.48715e-04  -1.28096e+00
  22  beta_A0     -6.77951e-03   1.49889e-02  -4.31839e-05  -1.58527e+00
  23  alpha_phi   -7.26521e-03   1.99248e-02   2.26207e-04   1.99380e-01
  24  beta_phi    -7.18076e-02   1.58693e-01   1.47929e-03   1.88056e+00
 MIGRAD MINIMIZATION HAS CONVERGED.
 MIGRAD WILL VERIFY CONVERGENCE AND ERROR MATRIX.
 COVARIANCE MATRIX CALCULATED SUCCESSFULLY
 FCN=64.737 FROM HESSE     STATUS=OK             50 CALLS        7574 TOTAL
                     EDM=0.0125686    STRATEGY= 1      ERROR MATRIX ACCURATE 
  EXT PARAMETER                                   STEP         FIRST   
  NO.   NAME      VALUE            ERROR          SIZE      DERIVATIVE 
   1  N0           2.88827e+06     fixed    
   2  tau          6.44131e+01   constant   
   3  A0           3.56516e-01     fixed    
   4  phi          4.11701e+00     fixed    
   5  R           -6.09726e+01   constant   
   6  alpha_CBO   -2.31773e-03     fixed    
   7  w_CBO        2.32500e+00   constant   
   8  beta_CBO    -3.85027e-03     fixed    
   9  alpha_2CBO  -6.41699e-05     fixed    
  10  beta_2CBO   -3.34958e-04     fixed    
  11  alpha_y      4.16570e-04     fixed    
  12  w_y          1.44500e+01   constant   
  13  beta_y       1.93547e-04   1.36433e-04   5.38293e-07  -4.85260e+00
  14  alpha_vw     4.24599e-05   1.37730e-04   5.42723e-07  -4.96902e-02
  15  w_vw         1.29000e+01   constant   
  16  beta_vw      0.00000e+00     fixed    
  17  LM           2.63157e-04   constant   
  18  zeta_y       0.00000e+00   constant   
  19  zeta_vw      0.00000e+00   constant   
  20  T_CBO        3.56472e+01   8.58852e+01   3.29502e-05  -1.88593e-01
  21  alpha_A0     2.71529e-02   2.04865e-01   4.13473e-05   1.07804e-01
  22  beta_A0     -6.80203e-03   5.02471e-02   3.90956e-05   3.58271e-03
  23  alpha_phi   -7.27687e-03   5.71031e-02   3.42620e-05  -1.92354e-01
  24  beta_phi    -7.17635e-02   5.32561e-01   3.76176e-05  -1.89054e-01
 MIGRAD MINIMIZATION HAS CONVERGED.
 MIGRAD WILL VERIFY CONVERGENCE AND ERROR MATRIX.
 COVARIANCE MATRIX CALCULATED SUCCESSFULLY
 FCN=64.7324 FROM MIGRAD    STATUS=CONVERGED     364 CALLS        7825 TOTAL
                     EDM=3.55883e-05    STRATEGY= 1      ERROR MATRIX ACCURATE 
  EXT PARAMETER                                   STEP         FIRST   
  NO.   NAME      VALUE            ERROR          SIZE      DERIVATIVE 
   1  N0           2.88827e+06     fixed    
   2  tau          6.44131e+01   constant   
   3  A0           3.56516e-01     fixed    
   4  phi          4.11701e+00     fixed    
   5  R           -6.09726e+01   constant   
   6  alpha_CBO   -2.31773e-03     fixed    
   7  w_CBO        2.32500e+00   constant   
   8  beta_CBO    -3.85027e-03     fixed    
   9  alpha_2CBO  -6.41699e-05     fixed    
  10  beta_2CBO   -3.34958e-04     fixed    
  11  alpha_y      4.16570e-04     fixed    
  12  w_y          1.44500e+01   constant   
  13  beta_y       1.93258e-04   1.36370e-04   5.38275e-07  -7.56120e+00
  14  alpha_vw     4.28079e-05   1.37620e-04   5.42705e-07  -2.02125e-01
