 + ++++++++++++++++++++++++++++++++++++++++++++++++++++++++++++++++++++ +
 +                                                                      +
 +           You have chose to blind your fitting according to          +
 +                omega_ref * (1 + (R +/- deltaR) *10^{-6})             +
 +                                                                      +
 + ++++++++++++++++++++++++++++++++++++++++++++++++++++++++++++++++++++ +
In main()...
reading format from /gm2data/zkhechad/run45/envelope/formats/formatB_sBin_constraintOn.txt
pBinTau 	= 0  
pBinPhi 	= 0  
constraintau 	= 1 
includeMopTerm 	= 0    
constrainMop    = 0   
Parameters after format file: pBinTau 0 pBinPhi 0 constraintau 1 includeMopTerm 0 constrainMop 0 c_e_scale 0.000000 
Opening file /gm2data/tbarrett/gm2fr/studies/run23_bunch_corrections/CorrectedFourier_Run3b.root.
reading full fit data from /gm2data/zkhechad/cboTemplates/Run4CBOTemplates/templateFits0_v2.0/noRF/sBin_constraintOn_cE0.0_seed0_noRF_calo22.root
windowBins = 17
fitting sliding window 342 from bin 478 at 71.168400 to bin 495 at 73.854000 (17 bins)

Reading data from /gm2data/cornell/histograms/aMethod/histogram_a_noRF.root
 **********
 **    1 **SET PRINTOUT            1
 **********
 **********
 **    2 **SET NOWARNINGS 
 **********
 PARAMETER DEFINITIONS:
    NO.   NAME         VALUE      STEP SIZE      LIMITS
     1 N0           3.01105e+06  1.00000e+02     no limits
     2 tau          6.44153e+01  constant
     3 A0           3.51737e-01  1.00000e-04     no limits
     4 phi          4.11590e+00  1.00000e-02     no limits
     5 R           -6.13262e+01  constant
     6 alpha_CBO    0.00000e+00  1.00000e-03     no limits
     7 w_CBO        2.32500e+00  constant
     8 beta_CBO     0.00000e+00  1.00000e-03     no limits
     9 alpha_2CBO   0.00000e+00  1.00000e-03     no limits
    10 beta_2CBO    0.00000e+00  1.00000e-03     no limits
    11 alpha_y      0.00000e+00  1.00000e-03     no limits
    12 w_y          1.44500e+01  constant
    13 beta_y       0.00000e+00  1.00000e-03     no limits
    14 alpha_vw     0.00000e+00  1.00000e-03     no limits
    15 w_vw         1.29000e+01  constant
    16 beta_vw      0.00000e+00  1.00000e-03     no limits
    17 LM           4.28749e-04  constant
    18 zeta_y       0.00000e+00  constant
    19 zeta_vw      0.00000e+00  constant
    20 T_CBO        1.00000e+02  1.00000e+00    0.00000e+00  1.00000e+03
    21 alpha_A0     0.00000e+00  1.00000e-03     no limits
    22 beta_A0      0.00000e+00  1.00000e-03     no limits
    23 alpha_phi    0.00000e+00  1.00000e-03     no limits
    24 beta_phi     0.00000e+00  1.00000e-03     no limits
MINUIT - FIT ONLY WIGGLE
 **********
 **    3 **FIX            5
 **********
 PARAMETER    5  IS CONSTANT.   IGNORED.
 **********
 **    4 **FIX            6
 **********
 **********
 **    5 **FIX            7
 **********
 PARAMETER    7  IS CONSTANT.   IGNORED.
 **********
 **    6 **FIX            8
 **********
 **********
 **    7 **FIX            9
 **********
 **********
 **    8 **FIX           10
 **********
 **********
 **    9 **FIX           11
 **********
 **********
 **   10 **FIX           12
 **********
 PARAMETER   12  IS CONSTANT.   IGNORED.
 **********
 **   11 **FIX           13
 **********
 **********
 **   12 **FIX           14
 **********
 **********
 **   13 **FIX           15
 **********
 PARAMETER   15  IS CONSTANT.   IGNORED.
 **********
 **   14 **FIX           16
 **********
 **********
 **   15 **MIGRAD
 **********
 FIRST CALL TO USER FUNCTION AT NEW START POINT, WITH IFLAG=4.
 START MIGRAD MINIMIZATION.  STRATEGY  1.  CONVERGENCE WHEN EDM .LT. 1.00e-04
 FCN=1433.5 FROM MIGRAD    STATUS=INITIATE      437 CALLS         438 TOTAL
                     EDM= unknown      STRATEGY= 1      NO ERROR MATRIX       
  EXT PARAMETER               CURRENT GUESS       STEP         FIRST   
  NO.   NAME      VALUE            ERROR          SIZE      DERIVATIVE 
   1  N0           3.01105e+06   1.00000e+02   0.00000e+00   3.86592e-02
   2  tau          6.44153e+01   constant   
   3  A0           3.51737e-01   1.00000e-04   0.00000e+00   1.90657e+05
   4  phi          4.11590e+00   1.00000e-02   0.00000e+00   8.24434e+04
   5  R           -6.13262e+01   constant   
   6  alpha_CBO    0.00000e+00     fixed    
   7  w_CBO        2.32500e+00   constant   
   8  beta_CBO     0.00000e+00     fixed    
   9  alpha_2CBO   0.00000e+00     fixed    
  10  beta_2CBO    0.00000e+00     fixed    
  11  alpha_y      0.00000e+00     fixed    
  12  w_y          1.44500e+01   constant   
  13  beta_y       0.00000e+00     fixed    
  14  alpha_vw     0.00000e+00     fixed    
  15  w_vw         1.29000e+01   constant   
  16  beta_vw      0.00000e+00     fixed    
  17  LM           4.28749e-04   constant   
  18  zeta_y       0.00000e+00   constant   
  19  zeta_vw      0.00000e+00   constant   
  20  T_CBO        1.00000e+02   1.00000e+00   0.00000e+00   0.00000e+00
  21  alpha_A0     0.00000e+00   1.00000e-03   0.00000e+00  -1.59526e+04
  22  beta_A0      0.00000e+00   1.00000e-03   0.00000e+00   6.55868e+03
  23  alpha_phi    0.00000e+00   1.00000e-03   0.00000e+00   2.72606e+04
  24  beta_phi     0.00000e+00   1.00000e-03   0.00000e+00  -1.01138e+03
 CALL LIMIT EXCEEDED IN MIGRAD.
 MIGRAD TERMINATED WITHOUT CONVERGENCE.
 FCN=23.8305 FROM MIGRAD    STATUS=CALL LIMIT   1320 CALLS        1321 TOTAL
                     EDM=0.0569721    STRATEGY= 1  ERROR MATRIX UNCERTAINTY  20.8 per cent
  EXT PARAMETER                APPROXIMATE        STEP         FIRST   
  NO.   NAME      VALUE            ERROR          SIZE      DERIVATIVE 
   1  N0           2.95969e+06   1.72381e+04  -3.86108e+03   2.14733e-04
   2  tau          6.44153e+01   constant   
   3  A0           3.34043e-01   2.92738e-03  -7.60534e-04   6.79848e+02
   4  phi          4.06781e+00   4.55292e-03  -7.39384e-04   2.01410e+02
   5  R           -6.13262e+01   constant   
   6  alpha_CBO    0.00000e+00     fixed    
   7  w_CBO        2.32500e+00   constant   
   8  beta_CBO     0.00000e+00     fixed    
   9  alpha_2CBO   0.00000e+00     fixed    
  10  beta_2CBO    0.00000e+00     fixed    
  11  alpha_y      0.00000e+00     fixed    
  12  w_y          1.44500e+01   constant   
  13  beta_y       0.00000e+00     fixed    
  14  alpha_vw     0.00000e+00     fixed    
  15  w_vw         1.29000e+01   constant   
  16  beta_vw      0.00000e+00     fixed    
  17  LM           4.28749e-04   constant   
  18  zeta_y       0.00000e+00   constant   
  19  zeta_vw      0.00000e+00   constant   
  20  T_CBO        1.32688e+02   1.14662e+01   6.89517e-03   3.07594e+01
  21  alpha_A0     5.79618e-02   3.10618e-02   6.86620e-03  -5.00352e+01
  22  beta_A0      2.13818e-01   4.50631e-02   1.06069e-02   1.60710e+01
  23  alpha_phi    1.74888e-01   4.11944e-02   9.35017e-03   1.02361e+02
  24  beta_phi    -4.65375e-02   3.03740e-02  -7.17313e-03  -6.92179e+01
 EXTERNAL ERROR MATRIX.    NDIM=  25    NPAR=  8    ERR DEF=1
  2.972e+08  4.871e+01  6.095e+01 -1.923e+05 -5.278e+02 -7.659e+02 -6.963e+02  5.156e+02 
  4.871e+01  8.570e-06  1.052e-05 -3.139e-02 -8.565e-05 -1.296e-04 -1.176e-04  8.527e-05 
  6.095e+01  1.052e-05  2.073e-05 -3.713e-02 -9.399e-05 -1.753e-04 -1.628e-04  9.279e-05 
 -1.923e+05 -3.139e-02 -3.713e-02  1.315e+02  3.465e-01  4.886e-01  4.408e-01 -3.368e-01 
 -5.278e+02 -8.565e-05 -9.399e-05  3.465e-01  9.648e-04  1.328e-03  1.201e-03 -9.369e-04 
 -7.659e+02 -1.296e-04 -1.753e-04  4.886e-01  1.328e-03  2.031e-03  1.851e-03 -1.309e-03 
 -6.963e+02 -1.176e-04 -1.628e-04  4.408e-01  1.201e-03  1.851e-03  1.697e-03 -1.184e-03 
  5.156e+02  8.527e-05  9.279e-05 -3.368e-01 -9.369e-04 -1.309e-03 -1.184e-03  9.226e-04 
ERR MATRIX APPROXIMATE
 PARAMETER  CORRELATION COEFFICIENTS  
       NO.  GLOBAL      1      3      4     20     21     22     23     24
        1  0.99984   1.000  0.965  0.777 -0.973 -0.986 -0.986 -0.980  0.985
        3  0.99868   0.965  1.000  0.789 -0.935 -0.942 -0.982 -0.975  0.959
        4  0.99790   0.777  0.789  1.000 -0.711 -0.665 -0.854 -0.868  0.671
       20  0.99125  -0.973 -0.935 -0.711  1.000  0.973  0.945  0.933 -0.967
       21  0.99911  -0.986 -0.942 -0.665  0.973  1.000  0.949  0.938 -0.993
       22  0.99980  -0.986 -0.982 -0.854  0.945  0.949  1.000  0.997 -0.956
       23  0.99881  -0.980 -0.975 -0.868  0.933  0.938  0.997  1.000 -0.946
       24  0.99892   0.985  0.959  0.671 -0.967 -0.993 -0.956 -0.946  1.000
 ERR MATRIX APPROXIMATE
MINUIT - FIT ONLY 1-CBO + wiggle
 **********
 **   16 **RES 
 **********
                   PARAMETER   16  beta_vw RESTORED TO VARIABLE.
                   PARAMETER   14  alpha_vw RESTORED TO VARIABLE.
                   PARAMETER   13  beta_y RESTORED TO VARIABLE.
                   PARAMETER   11  alpha_y RESTORED TO VARIABLE.
                   PARAMETER   10  beta_2CBO RESTORED TO VARIABLE.
                   PARAMETER    9  alpha_2CBO RESTORED TO VARIABLE.
                   PARAMETER    8  beta_CBO RESTORED TO VARIABLE.
                   PARAMETER    6  alpha_CBO RESTORED TO VARIABLE.
 **********
 **   17 **FIX            8
 **********
 **********
 **   18 **FIX            9
 **********
 **********
 **   19 **FIX           11
 **********
 **********
 **   20 **FIX           12
 **********
 PARAMETER   12  IS CONSTANT.   IGNORED.
 **********
 **   21 **FIX           14
 **********
 **********
 **   22 **FIX           15
 **********
 PARAMETER   15  IS CONSTANT.   IGNORED.
 **********
 **   23 **FIX           16
 **********
 **********
 **   24 **MIGRAD
 **********
 START MIGRAD MINIMIZATION.  STRATEGY  1.  CONVERGENCE WHEN EDM .LT. 1.00e-04
 FCN=23.8305 FROM MIGRAD    STATUS=INITIATE       28 CALLS        1349 TOTAL
                     EDM= unknown      STRATEGY= 1      NO ERROR MATRIX       
  EXT PARAMETER               CURRENT GUESS       STEP         FIRST   
  NO.   NAME      VALUE            ERROR          SIZE      DERIVATIVE 
   1  N0           2.95969e+06   1.72381e+04  -3.86108e+03   2.14733e-04
   2  tau          6.44153e+01   constant   
   3  A0           3.34043e-01   2.92738e-03  -7.60534e-04   6.79848e+02
   4  phi          4.06781e+00   4.55292e-03  -7.39384e-04   2.01410e+02
   5  R           -6.13262e+01   constant   
   6  alpha_CBO    0.00000e+00   1.00000e-03   1.00000e-03   1.81683e+03
   7  w_CBO        2.32500e+00   constant   
   8  beta_CBO     0.00000e+00     fixed    
   9  alpha_2CBO   0.00000e+00     fixed    
  10  beta_2CBO    0.00000e+00   1.00000e-03   1.00000e-03  -3.46205e+01
  11  alpha_y      0.00000e+00     fixed    
  12  w_y          1.44500e+01   constant   
  13  beta_y       0.00000e+00   1.00000e-03   1.00000e-03  -3.38907e+04
  14  alpha_vw     0.00000e+00     fixed    
  15  w_vw         1.29000e+01   constant   
  16  beta_vw      0.00000e+00     fixed    
  17  LM           4.28749e-04   constant   
  18  zeta_y       0.00000e+00   constant   
  19  zeta_vw      0.00000e+00   constant   
  20  T_CBO        1.32688e+02   1.14662e+01   6.89517e-03   3.07594e+01
  21  alpha_A0     5.79618e-02   3.10618e-02   6.86620e-03  -5.00353e+01
  22  beta_A0      2.13818e-01   4.50631e-02   1.06069e-02   1.60710e+01
  23  alpha_phi    1.74888e-01   4.11944e-02   9.35017e-03   1.02361e+02
  24  beta_phi    -4.65375e-02   3.03740e-02  -7.17313e-03  -6.92179e+01
 CALL LIMIT EXCEEDED IN MIGRAD.
 MIGRAD TERMINATED WITHOUT CONVERGENCE.
 FCN=9.99268 FROM MIGRAD    STATUS=CALL LIMIT   1924 CALLS        3245 TOTAL
                     EDM=0.00075891    STRATEGY= 1  ERROR MATRIX UNCERTAINTY  18.4 per cent
  EXT PARAMETER                APPROXIMATE        STEP         FIRST   
  NO.   NAME      VALUE            ERROR          SIZE      DERIVATIVE 
   1  N0           2.89709e+06   1.99579e+04   7.04955e+02  -3.79656e-05
   2  tau          6.44153e+01   constant   
   3  A0           3.42959e-01   7.20517e-03   7.95934e-05  -5.05566e+01
   4  phi          4.16738e+00   1.38722e-02   1.29058e-05  -2.93320e+01
   5  R           -6.13262e+01   constant   
   6  alpha_CBO   -1.31868e-02   6.75921e-03   6.20645e-05  -5.98465e+01
   7  w_CBO        2.32500e+00   constant   
   8  beta_CBO     0.00000e+00     fixed    
   9  alpha_2CBO   0.00000e+00     fixed    
  10  beta_2CBO   -1.15380e-03   1.35610e-03   2.03621e-05  -1.05580e+01
  11  alpha_y      0.00000e+00     fixed    
  12  w_y          1.44500e+01   constant   
  13  beta_y       5.82174e-04   2.12289e-04  -1.12662e-06  -8.37491e+01
  14  alpha_vw     0.00000e+00     fixed    
  15  w_vw         1.29000e+01   constant   
  16  beta_vw      0.00000e+00     fixed    
  17  LM           4.28749e-04   constant   
  18  zeta_y       0.00000e+00   constant   
  19  zeta_vw      0.00000e+00   constant   
  20  T_CBO        1.94451e+02   4.92204e+01  -4.26997e-03  -2.24178e+00
  21  alpha_A0     2.37173e-01   2.74339e-02  -4.63718e-04  -1.14999e-01
  22  beta_A0      2.02102e-01   4.89967e-02  -1.36222e-03  -1.24410e+01
  23  alpha_phi    2.09141e-01   3.24667e-02  -1.23764e-03  -7.29713e+00
  24  beta_phi    -1.99594e-01   1.05278e-02   1.02738e-04  -5.19026e+00
 EXTERNAL ERROR MATRIX.    NDIM=  25    NPAR= 11    ERR DEF=1
  3.983e+08 
  7.207e+01  5.191e-05 
  4.813e+01  8.760e-05  1.924e-04 
 -9.856e+00 -4.301e-05 -8.212e-05  4.569e-05 
  1.775e+01  8.864e-06  1.302e-05 -6.887e-06  1.839e-06 
 -1.356e-01 -5.124e-07 -1.011e-06  5.309e-07 -6.531e-08  4.507e-08 
 -9.542e+05 -2.428e-01 -2.755e-01  9.266e-02 -5.148e-02  1.156e-03  2.435e+03 
 -4.239e+02 -1.514e-04 -1.499e-04  1.037e-04 -3.341e-05  1.134e-06  1.094e+00  7.526e-04 
 -8.460e+02 -3.043e-04 -4.268e-04  1.788e-04 -5.955e-05  2.087e-06  2.313e+00  1.152e-03  2.401e-03 
 -5.491e+02 -8.149e-06  9.016e-05 -9.453e-05 -7.965e-06 -9.739e-07  1.189e+00  3.017e-04  8.330e-04  1.054e-03 
  8.497e+01 -9.966e-06 -8.443e-05  1.867e-05  1.104e-06  2.026e-07 -1.239e-01 -1.370e-04 -5.052e-05 -1.217e-04  1.108e-04 
ERR MATRIX APPROXIMATE
 PARAMETER  CORRELATION COEFFICIENTS  
       NO.  GLOBAL      1      3      4      6     10     13     20     21     22     23     24
        1  0.99992   1.000  0.501  0.174 -0.073  0.656 -0.032 -0.969 -0.774 -0.865 -0.847  0.404
        3  0.99987   0.501  1.000  0.876 -0.883  0.907 -0.335 -0.683 -0.766 -0.862 -0.035 -0.131
        4  0.99913   0.174  0.876  1.000 -0.876  0.692 -0.343 -0.402 -0.394 -0.628  0.200 -0.578
        6  0.99982  -0.073 -0.883 -0.876  1.000 -0.751  0.370  0.278  0.559  0.540 -0.431  0.262
       10  0.99248   0.656  0.907  0.692 -0.751  1.000 -0.227 -0.769 -0.898 -0.896 -0.181  0.077
       13  0.47043  -0.032 -0.335 -0.343  0.370 -0.227  1.000  0.110  0.195  0.201 -0.141  0.091
       20  0.99983  -0.969 -0.683 -0.402  0.278 -0.769  0.110  1.000  0.808  0.957  0.742 -0.238
       21  0.99886  -0.774 -0.766 -0.394  0.559 -0.898  0.195  0.808  1.000  0.857  0.339 -0.474
       22  0.99980  -0.865 -0.862 -0.628  0.540 -0.896  0.201  0.957  0.857  1.000  0.524 -0.098
       23  0.99946  -0.847 -0.035  0.200 -0.431 -0.181 -0.141  0.742  0.339  0.524  1.000 -0.356
       24  0.99123   0.404 -0.131 -0.578  0.262  0.077  0.091 -0.238 -0.474 -0.098 -0.356  1.000
 ERR MATRIX APPROXIMATE
MINUIT - FIT ONLY 2-CBO
 **********
 **   25 **RES 
 **********
                   PARAMETER   16  beta_vw RESTORED TO VARIABLE.
                   PARAMETER   14  alpha_vw RESTORED TO VARIABLE.
                   PARAMETER   11  alpha_y RESTORED TO VARIABLE.
                   PARAMETER    9  alpha_2CBO RESTORED TO VARIABLE.
                   PARAMETER    8  beta_CBO RESTORED TO VARIABLE.
 **********
 **   26 **FIX            0
 **********
 PARAMETER    0  IS UNDEFINED. IGNORED.
 **********
 **   27 **FIX            1
 **********
 **********
 **   28 **FIX            2
 **********
 PARAMETER    2  IS CONSTANT.   IGNORED.
 **********
 **   29 **FIX            3
 **********
 **********
 **   30 **FIX            4
 **********
 **********
 **   31 **FIX            5
 **********
 PARAMETER    5  IS CONSTANT.   IGNORED.
 **********
 **   32 **FIX            6
 **********
 **********
 **   33 **FIX            7
 **********
 PARAMETER    7  IS CONSTANT.   IGNORED.
 **********
 **   34 **FIX           10
 **********
 **********
 **   35 **FIX           11
 **********
 **********
 **   36 **FIX           12
 **********
 PARAMETER   12  IS CONSTANT.   IGNORED.
 **********
 **   37 **FIX           13
 **********
 **********
 **   38 **FIX           14
 **********
 **********
 **   39 **FIX           15
 **********
 PARAMETER   15  IS CONSTANT.   IGNORED.
 **********
 **   40 **FIX           16
 **********
 **********
 **   41 **MIGRAD
 **********
 START MIGRAD MINIMIZATION.  STRATEGY  1.  CONVERGENCE WHEN EDM .LT. 1.00e-04
 FCN=9.99268 FROM MIGRAD    STATUS=INITIATE       18 CALLS        3263 TOTAL
                     EDM= unknown      STRATEGY= 1      NO ERROR MATRIX       
  EXT PARAMETER               CURRENT GUESS       STEP         FIRST   
  NO.   NAME      VALUE            ERROR          SIZE      DERIVATIVE 
   1  N0           2.89709e+06     fixed    
   2  tau          6.44153e+01   constant   
   3  A0           3.42959e-01     fixed    
   4  phi          4.16738e+00     fixed    
   5  R           -6.13262e+01   constant   
   6  alpha_CBO   -1.31868e-02     fixed    
   7  w_CBO        2.32500e+00   constant   
   8  beta_CBO     0.00000e+00   1.00000e-03   1.00000e-03  -2.05051e+02
   9  alpha_2CBO   0.00000e+00   1.00000e-03   1.00000e-03  -9.05762e+02
  10  beta_2CBO   -1.15380e-03     fixed    
  11  alpha_y      0.00000e+00     fixed    
  12  w_y          1.44500e+01   constant   
  13  beta_y       5.82174e-04     fixed    
  14  alpha_vw     0.00000e+00     fixed    
  15  w_vw         1.29000e+01   constant   
  16  beta_vw      0.00000e+00     fixed    
  17  LM           4.28749e-04   constant   
  18  zeta_y       0.00000e+00   constant   
  19  zeta_vw      0.00000e+00   constant   
  20  T_CBO        1.94451e+02   4.92204e+01  -4.26997e-03  -2.24178e+00
  21  alpha_A0     2.37173e-01   2.74339e-02  -4.63718e-04  -1.15000e-01
  22  beta_A0      2.02102e-01   4.89967e-02  -1.36222e-03  -1.24410e+01
  23  alpha_phi    2.09141e-01   3.24667e-02  -1.23764e-03  -7.29713e+00
  24  beta_phi    -1.99594e-01   1.05278e-02   1.02738e-04  -5.19026e+00
 MIGRAD MINIMIZATION HAS CONVERGED.
 MIGRAD WILL VERIFY CONVERGENCE AND ERROR MATRIX.
 FCN=9.88047 FROM MIGRAD    STATUS=CONVERGED     163 CALLS        3408 TOTAL
                     EDM=1.91073e-05    STRATEGY= 1      ERR MATRIX NOT POS-DEF
  EXT PARAMETER                APPROXIMATE        STEP         FIRST   
  NO.   NAME      VALUE            ERROR          SIZE      DERIVATIVE 
   1  N0           2.89709e+06     fixed    
   2  tau          6.44153e+01   constant   
   3  A0           3.42959e-01     fixed    
   4  phi          4.16738e+00     fixed    
   5  R           -6.13262e+01   constant   
   6  alpha_CBO   -1.31868e-02     fixed    
   7  w_CBO        2.32500e+00   constant   
   8  beta_CBO     2.65976e-04   8.21506e-04   3.22741e-07  -5.65648e+00
   9  alpha_2CBO   1.87281e-04   5.36332e-04   3.16866e-07  -3.50351e+00
  10  beta_2CBO   -1.15380e-03     fixed    
  11  alpha_y      0.00000e+00     fixed    
  12  w_y          1.44500e+01   constant   
  13  beta_y       5.82174e-04     fixed    
  14  alpha_vw     0.00000e+00     fixed    
  15  w_vw         1.29000e+01   constant   
  16  beta_vw      0.00000e+00     fixed    
  17  LM           4.28749e-04   constant   
  18  zeta_y       0.00000e+00   constant   
  19  zeta_vw      0.00000e+00   constant   
  20  T_CBO        1.94718e+02   2.55315e+01   6.96771e-06  -5.40512e-02
  21  alpha_A0     2.36004e-01   1.19625e-02   2.36851e-06  -2.30384e+00
  22  beta_A0      2.03164e-01   1.05169e-02   2.58947e-06  -5.60855e-01
  23  alpha_phi    2.08408e-01   1.05704e-02   2.30166e-06   1.76594e+00
  24  beta_phi    -2.01362e-01   1.10899e-02   2.30022e-06  -6.32208e-01
 EXTERNAL ERROR MATRIX.    NDIM=  25    NPAR=  7    ERR DEF=1
  6.749e-07  3.711e-07  9.969e-04 -2.731e-06  2.107e-06 -1.824e-06 -4.209e-06 
  3.711e-07  2.877e-07  3.795e-04 -1.714e-06  1.558e-06 -1.085e-06 -2.504e-06 
  9.969e-04  3.795e-04  6.528e+02 -2.937e-01 -2.522e-01 -2.635e-01  2.419e-01 
 -2.731e-06 -1.714e-06 -2.937e-01  1.431e-04  1.036e-04  1.237e-04 -9.275e-05 
  2.107e-06  1.558e-06 -2.522e-01  1.036e-04  1.106e-04  9.615e-05 -1.108e-04 
 -1.824e-06 -1.085e-06 -2.635e-01  1.237e-04  9.615e-05  1.117e-04 -8.773e-05 
 -4.209e-06 -2.504e-06  2.419e-01 -9.275e-05 -1.108e-04 -8.773e-05  1.230e-04 
ERR MATRIX NOT POS-DEF
 PARAMETER  CORRELATION COEFFICIENTS  
       NO.  GLOBAL      8      9     20     21     22     23     24
        8  0.96987   1.000  0.842  0.047 -0.278  0.244 -0.210 -0.462
        9  0.93047   0.842  1.000  0.028 -0.267  0.276 -0.191 -0.421
       20  0.99775   0.047  0.028  1.000 -0.961 -0.938 -0.976  0.854
       21  0.99243  -0.278 -0.267 -0.961  1.000  0.824  0.979 -0.699
       22  0.98827   0.244  0.276 -0.938  0.824  1.000  0.865 -0.950
       23  0.99084  -0.210 -0.191 -0.976  0.979  0.865  1.000 -0.748
       24  0.99169  -0.462 -0.421  0.854 -0.699 -0.950 -0.748  1.000
 ERR MATRIX NOT POS-DEF
MINUIT - FIT wiggle + 1-CBO + 2-CBO
 **********
 **   42 **RES 
 **********
                   PARAMETER   16  beta_vw RESTORED TO VARIABLE.
                   PARAMETER   14  alpha_vw RESTORED TO VARIABLE.
                   PARAMETER   13  beta_y RESTORED TO VARIABLE.
                   PARAMETER   11  alpha_y RESTORED TO VARIABLE.
                   PARAMETER   10  beta_2CBO RESTORED TO VARIABLE.
                   PARAMETER    6  alpha_CBO RESTORED TO VARIABLE.
                   PARAMETER    4  phi RESTORED TO VARIABLE.
                   PARAMETER    3  A0 RESTORED TO VARIABLE.
                   PARAMETER    1  N0 RESTORED TO VARIABLE.
 **********
 **   43 **FIX           10
 **********
 **********
 **   44 **FIX           11
 **********
 **********
 **   45 **FIX           12
 **********
 PARAMETER   12  IS CONSTANT.   IGNORED.
 **********
 **   46 **FIX           13
 **********
 **********
 **   47 **FIX           14
 **********
 **********
 **   48 **FIX           15
 **********
 PARAMETER   15  IS CONSTANT.   IGNORED.
 **********
 **   49 **FIX           16
 **********
 **********
 **   50 **MIGRAD
 **********
 START MIGRAD MINIMIZATION.  STRATEGY  1.  CONVERGENCE WHEN EDM .LT. 1.00e-04
 FCN=9.88047 FROM MIGRAD    STATUS=INITIATE       22 CALLS        3430 TOTAL
                     EDM= unknown      STRATEGY= 1      NO ERROR MATRIX       
  EXT PARAMETER               CURRENT GUESS       STEP         FIRST   
  NO.   NAME      VALUE            ERROR          SIZE      DERIVATIVE 
   1  N0           2.89709e+06   1.99579e+04   1.99579e+04   4.77561e-05
   2  tau          6.44153e+01   constant   
   3  A0           3.42959e-01   7.20517e-03   7.20517e-03  -1.07544e+01
   4  phi          4.16738e+00   1.38722e-02   1.38722e-02   1.07472e+01
   5  R           -6.13262e+01   constant   
   6  alpha_CBO   -1.31868e-02   6.75921e-03   6.75921e-03  -4.24765e+01
   7  w_CBO        2.32500e+00   constant   
   8  beta_CBO     2.65976e-04   8.21506e-04   3.22741e-07  -5.65648e+00
   9  alpha_2CBO   1.87281e-04   5.36332e-04   3.16866e-07  -3.50352e+00
  10  beta_2CBO   -1.15380e-03     fixed    
  11  alpha_y      0.00000e+00     fixed    
  12  w_y          1.44500e+01   constant   
  13  beta_y       5.82174e-04     fixed    
  14  alpha_vw     0.00000e+00     fixed    
  15  w_vw         1.29000e+01   constant   
  16  beta_vw      0.00000e+00     fixed    
  17  LM           4.28749e-04   constant   
  18  zeta_y       0.00000e+00   constant   
  19  zeta_vw      0.00000e+00   constant   
  20  T_CBO        1.94718e+02   2.55315e+01   6.96771e-06  -5.40595e-02
  21  alpha_A0     2.36004e-01   1.19625e-02   2.36851e-06  -2.30385e+00
  22  beta_A0      2.03164e-01   1.05169e-02   2.58947e-06  -5.60856e-01
  23  alpha_phi    2.08408e-01   1.05704e-02   2.30166e-06   1.76594e+00
  24  beta_phi    -2.01362e-01   1.10899e-02   2.30022e-06  -6.32211e-01
 CALL LIMIT EXCEEDED IN MIGRAD.
 MIGRAD TERMINATED WITHOUT CONVERGENCE.
 FCN=7.12031 FROM MIGRAD    STATUS=CALL LIMIT   1928 CALLS        5336 TOTAL
                     EDM=0.0225328    STRATEGY= 1  ERROR MATRIX UNCERTAINTY  19.8 per cent
  EXT PARAMETER                APPROXIMATE        STEP         FIRST   
  NO.   NAME      VALUE            ERROR          SIZE      DERIVATIVE 
   1  N0           2.88209e+06   8.79838e+03   2.23468e+02   1.03955e-04
   2  tau          6.44153e+01   constant   
   3  A0           3.76053e-01   5.03306e-03   1.46966e-04   1.74026e+02
   4  phi          3.97016e+00   2.26304e-02  -6.53705e-04   1.69883e+01
   5  R           -6.13262e+01   constant   
   6  alpha_CBO   -4.00973e-03   3.91424e-03   1.36297e-04   1.70635e+02
   7  w_CBO        2.32500e+00   constant   
   8  beta_CBO     3.12247e-02   4.10866e-03   1.36972e-04  -6.71308e+01
   9  alpha_2CBO   3.50672e-03   7.55075e-04   1.62364e-05   2.12511e+02
  10  beta_2CBO   -1.15380e-03     fixed    
  11  alpha_y      0.00000e+00     fixed    
  12  w_y          1.44500e+01   constant   
  13  beta_y       5.82174e-04     fixed    
  14  alpha_vw     0.00000e+00     fixed    
  15  w_vw         1.29000e+01   constant   
  16  beta_vw      0.00000e+00     fixed    
  17  LM           4.28749e-04   constant   
  18  zeta_y       0.00000e+00   constant   
  19  zeta_vw      0.00000e+00   constant   
  20  T_CBO        1.48624e+02   1.44309e+01  -9.70143e-04   1.13035e+01
  21  alpha_A0    -9.23049e-03   4.15192e-02  -1.17994e-03   2.96695e+01
  22  beta_A0      3.31302e-01   7.86276e-03   1.64395e-04   8.30195e+00
  23  alpha_phi    2.65121e-01   1.24799e-02  -4.12122e-04   2.39922e+01
  24  beta_phi    -1.42744e-01   1.41135e-02   2.70835e-04  -5.11998e+00
 EXTERNAL ERROR MATRIX.    NDIM=  25    NPAR= 11    ERR DEF=1
  7.741e+07 
  3.738e+01  2.533e-05 
 -1.660e+02 -1.130e-04  5.121e-04 
  3.023e+01  1.785e-05 -8.305e-05  1.532e-05 
  3.051e+01  2.013e-05 -9.185e-05  1.516e-05  1.688e-05 
  4.184e+00  2.576e-06 -1.152e-05  1.688e-06  2.310e-06  5.701e-07 
 -1.253e+05 -6.479e-02  2.886e-01 -5.180e-02 -5.216e-02 -6.532e-03  2.084e+02 
 -3.325e+02 -2.049e-04  9.117e-04 -1.462e-04 -1.654e-04 -2.377e-05  5.579e-01  1.724e-03 
  2.534e+01  2.984e-05 -1.362e-04  1.738e-05  2.491e-05  4.298e-06 -4.853e-02 -2.293e-04  6.182e-05 
 -8.697e+01 -3.636e-05  1.778e-04 -4.168e-05 -3.446e-05 -3.560e-06  1.415e-01  3.219e-04 -1.355e-05  1.557e-04 
  1.066e+02  6.468e-05 -2.797e-04  4.441e-05  4.721e-05  4.751e-06 -1.836e-01 -5.248e-04  5.392e-05 -9.167e-05  1.992e-04 
ERR MATRIX APPROXIMATE
 PARAMETER  CORRELATION COEFFICIENTS  
       NO.  GLOBAL      1      3      4      6      8      9     20     21     22     23     24
        1  0.99964   1.000  0.844 -0.834  0.878  0.844  0.630 -0.987 -0.910  0.366 -0.792  0.859
        3  0.99961   0.844  1.000 -0.992  0.906  0.973  0.678 -0.892 -0.981  0.754 -0.579  0.911
        4  0.99968  -0.834 -0.992  1.000 -0.938 -0.988 -0.674  0.884  0.970 -0.765  0.630 -0.876
        6  0.99935   0.878  0.906 -0.938  1.000  0.943  0.571 -0.917 -0.900  0.565 -0.853  0.804
        8  0.99938   0.844  0.973 -0.988  0.943  1.000  0.745 -0.879 -0.970  0.771 -0.672  0.814
        9  0.98052   0.630  0.678 -0.674  0.571  0.745  1.000 -0.599 -0.758  0.724 -0.378  0.446
       20  0.99872  -0.987 -0.892  0.884 -0.917 -0.879 -0.599  1.000  0.931 -0.428  0.786 -0.901
       21  0.99976  -0.910 -0.981  0.970 -0.900 -0.970 -0.758  0.931  1.000 -0.702  0.621 -0.896
       22  0.98901   0.366  0.754 -0.765  0.565  0.771  0.724 -0.428 -0.702  1.000 -0.138  0.486
       23  0.99769  -0.792 -0.579  0.630 -0.853 -0.672 -0.378  0.786  0.621 -0.138  1.000 -0.520
       24  0.99779   0.859  0.911 -0.876  0.804  0.814  0.446 -0.901 -0.896  0.486 -0.520  1.000
 ERR MATRIX APPROXIMATE
MINUIT - FIT ONLY 1-y
 **********
 **   51 **RES 
 **********
                   PARAMETER   16  beta_vw RESTORED TO VARIABLE.
                   PARAMETER   14  alpha_vw RESTORED TO VARIABLE.
                   PARAMETER   13  beta_y RESTORED TO VARIABLE.
                   PARAMETER   11  alpha_y RESTORED TO VARIABLE.
                   PARAMETER   10  beta_2CBO RESTORED TO VARIABLE.
 **********
 **   52 **FIX            0
 **********
 PARAMETER    0  IS UNDEFINED. IGNORED.
 **********
 **   53 **FIX            1
 **********
 **********
 **   54 **FIX            2
 **********
 PARAMETER    2  IS CONSTANT.   IGNORED.
 **********
 **   55 **FIX            3
 **********
 **********
 **   56 **FIX            4
 **********
 **********
 **   57 **FIX            5
 **********
 PARAMETER    5  IS CONSTANT.   IGNORED.
 **********
 **   58 **FIX            6
 **********
 **********
 **   59 **FIX            7
 **********
 PARAMETER    7  IS CONSTANT.   IGNORED.
 **********
 **   60 **FIX            8
 **********
 **********
 **   61 **FIX            9
 **********
 **********
 **   62 **FIX           13
 **********
 **********
 **   63 **FIX           14
 **********
 **********
 **   64 **FIX           15
 **********
 PARAMETER   15  IS CONSTANT.   IGNORED.
 **********
 **   65 **FIX           16
 **********
 **********
 **   66 **MIGRAD
 **********
 START MIGRAD MINIMIZATION.  STRATEGY  1.  CONVERGENCE WHEN EDM .LT. 1.00e-04
 FCN=7.12031 FROM MIGRAD    STATUS=INITIATE       16 CALLS        5352 TOTAL
                     EDM= unknown      STRATEGY= 1      NO ERROR MATRIX       
  EXT PARAMETER               CURRENT GUESS       STEP         FIRST   
  NO.   NAME      VALUE            ERROR          SIZE      DERIVATIVE 
   1  N0           2.88209e+06     fixed    
   2  tau          6.44153e+01   constant   
   3  A0           3.76053e-01     fixed    
   4  phi          3.97016e+00     fixed    
   5  R           -6.13262e+01   constant   
   6  alpha_CBO   -4.00973e-03     fixed    
   7  w_CBO        2.32500e+00   constant   
   8  beta_CBO     3.12247e-02     fixed    
   9  alpha_2CBO   3.50672e-03     fixed    
  10  beta_2CBO   -1.15380e-03   1.35610e-03   1.35610e-03   7.11303e+02
  11  alpha_y      0.00000e+00   1.00000e-03   1.00000e-03  -9.53675e+03
  12  w_y          1.44500e+01   constant   
  13  beta_y       5.82174e-04     fixed    
  14  alpha_vw     0.00000e+00     fixed    
  15  w_vw         1.29000e+01   constant   
  16  beta_vw      0.00000e+00     fixed    
  17  LM           4.28749e-04   constant   
  18  zeta_y       0.00000e+00   constant   
  19  zeta_vw      0.00000e+00   constant   
  20  T_CBO        1.48624e+02   1.44309e+01  -9.70143e-04   1.13035e+01
  21  alpha_A0    -9.23049e-03   4.15192e-02  -1.17994e-03   2.96695e+01
  22  beta_A0      3.31302e-01   7.86276e-03   1.64395e-04   8.30195e+00
  23  alpha_phi    2.65121e-01   1.24799e-02  -4.12122e-04   2.39922e+01
  24  beta_phi    -1.42744e-01   1.41135e-02   2.70835e-04  -5.11998e+00
 MIGRAD MINIMIZATION HAS CONVERGED.
 MIGRAD WILL VERIFY CONVERGENCE AND ERROR MATRIX.
 COVARIANCE MATRIX CALCULATED SUCCESSFULLY
 FCN=6.19056 FROM HESSE     STATUS=OK             50 CALLS        5481 TOTAL
                     EDM=0.0351804    STRATEGY= 1      ERROR MATRIX ACCURATE 
  EXT PARAMETER                                   STEP         FIRST   
  NO.   NAME      VALUE            ERROR          SIZE      DERIVATIVE 
   1  N0           2.88209e+06     fixed    
   2  tau          6.44153e+01   constant   
   3  A0           3.76053e-01     fixed    
   4  phi          3.97016e+00     fixed    
   5  R           -6.13262e+01   constant   
   6  alpha_CBO   -4.00973e-03     fixed    
   7  w_CBO        2.32500e+00   constant   
   8  beta_CBO     3.12247e-02     fixed    
   9  alpha_2CBO   3.50672e-03     fixed    
  10  beta_2CBO   -1.21264e-03   4.44888e-04   2.55030e-07  -1.60917e+00
  11  alpha_y      1.90579e-04   1.99834e-04   2.59528e-07   1.28421e+01
  12  w_y          1.44500e+01   constant   
  13  beta_y       5.82174e-04     fixed    
  14  alpha_vw     0.00000e+00     fixed    
  15  w_vw         1.29000e+01   constant   
  16  beta_vw      0.00000e+00     fixed    
  17  LM           4.28749e-04   constant   
  18  zeta_y       0.00000e+00   constant   
  19  zeta_vw      0.00000e+00   constant   
  20  T_CBO        1.48649e+02   2.69255e+02   4.54479e-06   1.68961e-01
  21  alpha_A0    -9.20902e-03   8.00321e-03   1.82160e-06  -2.20653e-01
  22  beta_A0      3.31649e-01   3.35580e-01   2.13341e-06  -4.84900e-01
  23  alpha_phi    2.64868e-01   2.66483e-01   2.07139e-06  -4.87152e-01
  24  beta_phi    -1.42580e-01   1.41132e-01   1.95759e-06  -4.25899e-01
 CALL LIMIT EXCEEDED IN MIGRAD.
 MIGRAD TERMINATED WITHOUT CONVERGENCE.
 FCN=6.12036 FROM MIGRAD    STATUS=CALL LIMIT   1154 CALLS        6490 TOTAL
                     EDM=0.000641965    STRATEGY= 1  ERROR MATRIX UNCERTAINTY  37.2 per cent
  EXT PARAMETER                APPROXIMATE        STEP         FIRST   
  NO.   NAME      VALUE            ERROR          SIZE      DERIVATIVE 
   1  N0           2.88209e+06     fixed    
   2  tau          6.44153e+01   constant   
   3  A0           3.76053e-01     fixed    
   4  phi          3.97016e+00     fixed    
   5  R           -6.13262e+01   constant   
   6  alpha_CBO   -4.00973e-03     fixed    
   7  w_CBO        2.32500e+00   constant   
   8  beta_CBO     3.12247e-02     fixed    
   9  alpha_2CBO   3.50672e-03     fixed    
  10  beta_2CBO   -1.28570e-03   3.53886e-04   6.14708e-08   1.32328e+01
  11  alpha_y      1.96807e-04   1.86784e-04   1.76754e-07   9.58659e+01
  12  w_y          1.44500e+01   constant   
  13  beta_y       5.82174e-04     fixed    
  14  alpha_vw     0.00000e+00     fixed    
  15  w_vw         1.29000e+01   constant   
  16  beta_vw      0.00000e+00     fixed    
  17  LM           4.28749e-04   constant   
  18  zeta_y       0.00000e+00   constant   
  19  zeta_vw      0.00000e+00   constant   
  20  T_CBO        9.40297e+01   2.51708e+01   9.00867e-05  -1.79240e+00
  21  alpha_A0    -1.17091e-02   2.84896e-03   1.06407e-06  -6.00247e-01
  22  beta_A0      4.41467e-01   9.13440e-02  -7.25233e-05  -2.74011e+00
  23  alpha_phi    3.52026e-01   7.35412e-02  -5.39464e-05   5.94457e-01
  24  beta_phi    -1.88625e-01   3.86719e-02   3.08509e-05  -7.37539e-01
 EXTERNAL ERROR MATRIX.    NDIM=  25    NPAR=  7    ERR DEF=1
  1.252e-07 -1.479e-08 -8.528e-04 -3.125e-07  2.363e-06  2.963e-06 -1.551e-06 
 -1.479e-08  3.489e-08 -1.983e-03 -1.499e-07  7.341e-06  5.712e-06 -2.995e-06 
 -8.528e-04 -1.983e-03  6.351e+02  5.785e-02 -2.301e+00 -1.852e+00  9.736e-01 
 -3.125e-07 -1.499e-07  5.785e-02  8.117e-06 -2.086e-04 -1.708e-04  8.956e-05 
  2.363e-06  7.341e-06 -2.301e+00 -2.086e-04  8.344e-03  6.708e-03 -3.526e-03 
  2.963e-06  5.712e-06 -1.852e+00 -1.708e-04  6.708e-03  5.408e-03 -2.841e-03 
 -1.551e-06 -2.995e-06  9.736e-01  8.956e-05 -3.526e-03 -2.841e-03  1.496e-03 
ERR MATRIX APPROXIMATE
 PARAMETER  CORRELATION COEFFICIENTS  
       NO.  GLOBAL     10     11     20     21     22     23     24
       10  0.82418   1.000 -0.224 -0.096 -0.310  0.073  0.114 -0.113
       11  0.52341  -0.224  1.000 -0.421 -0.282  0.430  0.416 -0.415
       20  0.99981  -0.096 -0.421  1.000  0.806 -0.999 -0.999  0.999
       21  0.86447  -0.310 -0.282  0.806  1.000 -0.802 -0.815  0.813
       22  0.99976   0.073  0.430 -0.999 -0.802  1.000  0.999 -0.998
       23  0.99963   0.114  0.416 -0.999 -0.815  0.999  1.000 -0.999
       24  0.99919  -0.113 -0.415  0.999  0.813 -0.998 -0.999  1.000
 ERR MATRIX APPROXIMATE
MINUIT - FIT ONLY 2-y
 **********
 **   67 **RES 
 **********
                   PARAMETER   16  beta_vw RESTORED TO VARIABLE.
                   PARAMETER   14  alpha_vw RESTORED TO VARIABLE.
                   PARAMETER   13  beta_y RESTORED TO VARIABLE.
                   PARAMETER    9  alpha_2CBO RESTORED TO VARIABLE.
                   PARAMETER    8  beta_CBO RESTORED TO VARIABLE.
                   PARAMETER    6  alpha_CBO RESTORED TO VARIABLE.
                   PARAMETER    4  phi RESTORED TO VARIABLE.
                   PARAMETER    3  A0 RESTORED TO VARIABLE.
                   PARAMETER    1  N0 RESTORED TO VARIABLE.
 **********
 **   68 **FIX            0
 **********
 PARAMETER    0  IS UNDEFINED. IGNORED.
 **********
 **   69 **FIX            1
 **********
 **********
 **   70 **FIX            2
 **********
 PARAMETER    2  IS CONSTANT.   IGNORED.
 **********
 **   71 **FIX            3
 **********
 **********
 **   72 **FIX            4
 **********
 **********
 **   73 **FIX            5
 **********
 PARAMETER    5  IS CONSTANT.   IGNORED.
 **********
 **   74 **FIX            6
 **********
 **********
 **   75 **FIX            7
 **********
 PARAMETER    7  IS CONSTANT.   IGNORED.
 **********
 **   76 **FIX            8
 **********
 **********
 **   77 **FIX            9
 **********
 **********
 **   78 **FIX           10
 **********
 **********
 **   79 **FIX           11
 **********
 **********
 **   80 **FIX           12
 **********
 PARAMETER   12  IS CONSTANT.   IGNORED.
 **********
 **   81 **FIX           16
 **********
 **********
 **   82 **MIGRAD
 **********
 START MIGRAD MINIMIZATION.  STRATEGY  1.  CONVERGENCE WHEN EDM .LT. 1.00e-04
 FCN=6.12036 FROM MIGRAD    STATUS=INITIATE       16 CALLS        6506 TOTAL
                     EDM= unknown      STRATEGY= 1      NO ERROR MATRIX       
  EXT PARAMETER               CURRENT GUESS       STEP         FIRST   
  NO.   NAME      VALUE            ERROR          SIZE      DERIVATIVE 
   1  N0           2.88209e+06     fixed    
   2  tau          6.44153e+01   constant   
   3  A0           3.76053e-01     fixed    
   4  phi          3.97016e+00     fixed    
   5  R           -6.13262e+01   constant   
   6  alpha_CBO   -4.00973e-03     fixed    
   7  w_CBO        2.32500e+00   constant   
   8  beta_CBO     3.12247e-02     fixed    
   9  alpha_2CBO   3.50672e-03     fixed    
  10  beta_2CBO   -1.28570e-03     fixed    
  11  alpha_y      1.96807e-04     fixed    
  12  w_y          1.44500e+01   constant   
  13  beta_y       5.82174e-04   2.12289e-04   2.12289e-04   7.47401e+02
  14  alpha_vw     0.00000e+00   1.00000e-03   1.00000e-03  -6.04946e+03
  15  w_vw         1.29000e+01   constant   
  16  beta_vw      0.00000e+00     fixed    
  17  LM           4.28749e-04   constant   
  18  zeta_y       0.00000e+00   constant   
  19  zeta_vw      0.00000e+00   constant   
  20  T_CBO        9.40297e+01   2.51708e+01   9.00867e-05  -1.79240e+00
  21  alpha_A0    -1.17091e-02   2.84896e-03   1.06407e-06  -6.00246e-01
  22  beta_A0      4.41467e-01   9.13440e-02  -7.25233e-05  -2.74010e+00
  23  alpha_phi    3.52026e-01   7.35412e-02  -5.39464e-05   5.94457e-01
  24  beta_phi    -1.88625e-01   3.86719e-02   3.08509e-05  -7.37539e-01
 MIGRAD MINIMIZATION HAS CONVERGED.
 MIGRAD WILL VERIFY CONVERGENCE AND ERROR MATRIX.
 FCN=5.70998 FROM HESSE     STATUS=NOT POSDEF     50 CALLS        6620 TOTAL
                     EDM=7.23281e-05    STRATEGY= 1      ERR MATRIX NOT POS-DEF
  EXT PARAMETER                APPROXIMATE        STEP         FIRST   
  NO.   NAME      VALUE            ERROR          SIZE      DERIVATIVE 
   1  N0           2.88209e+06     fixed    
   2  tau          6.44153e+01   constant   
   3  A0           3.76053e-01     fixed    
   4  phi          3.97016e+00     fixed    
   5  R           -6.13262e+01   constant   
   6  alpha_CBO   -4.00973e-03     fixed    
   7  w_CBO        2.32500e+00   constant   
   8  beta_CBO     3.12247e-02     fixed    
   9  alpha_2CBO   3.50672e-03     fixed    
  10  beta_2CBO   -1.28570e-03     fixed    
  11  alpha_y      1.96807e-04     fixed    
  12  w_y          1.44500e+01   constant   
  13  beta_y       6.20083e-04   2.12439e-04   2.45827e-07   8.64648e+00
  14  alpha_vw     1.40477e-04   2.20422e-04   2.54201e-07   9.34810e-01
  15  w_vw         1.29000e+01   constant   
