 + ++++++++++++++++++++++++++++++++++++++++++++++++++++++++++++++++++++ +
 +                                                                      +
 +           You have chose to blind your fitting according to          +
 +                omega_ref * (1 + (R +/- deltaR) *10^{-6})             +
 +                                                                      +
 + ++++++++++++++++++++++++++++++++++++++++++++++++++++++++++++++++++++ +
In main()...
reading format from /gm2data/zkhechad/run45/envelope/formats/formatB_sBin_constraintOn.txt
pBinTau 	= 0  
pBinPhi 	= 0  
constraintau 	= 1 
includeMopTerm 	= 0    
constrainMop    = 0   
Parameters after format file: pBinTau 0 pBinPhi 0 constraintau 1 includeMopTerm 0 constrainMop 0 c_e_scale 0.000000 
Opening file /gm2data/tbarrett/gm2fr/studies/run23_bunch_corrections/CorrectedFourier_Run3b.root.
reading full fit data from /gm2data/zkhechad/cboTemplates/Run4CBOTemplates/fullFits/noRF/sBin_constraintOn_cE0.0_seed0_noRF_calo4.root
windowBins = 69
fitting sliding window 2450 from bin 2586 at 385.682000 to bin 2655 at 396.126000 (69 bins)

Reading data from /gm2data/cornell/histograms/aMethod/histogram_a_noRF.root
 **********
 **    1 **SET PRINTOUT            1
 **********
 **********
 **    2 **SET NOWARNINGS 
 **********
 PARAMETER DEFINITIONS:
    NO.   NAME         VALUE      STEP SIZE      LIMITS
     1 N0           2.96874e+06  1.00000e+02     no limits
     2 tau          6.44041e+01  constant
     3 A0           3.53299e-01  1.00000e-04     no limits
     4 phi          4.11736e+00  1.00000e-02     no limits
     5 R           -5.92716e+01  constant
     6 alpha_CBO    0.00000e+00  1.00000e-03     no limits
     7 w_CBO        2.32500e+00  constant
     8 beta_CBO     0.00000e+00  1.00000e-03     no limits
     9 alpha_2CBO   0.00000e+00  1.00000e-03     no limits
    10 beta_2CBO    0.00000e+00  1.00000e-03     no limits
    11 alpha_y      0.00000e+00  1.00000e-03     no limits
    12 w_y          1.38860e+01  constant
    13 beta_y       0.00000e+00  1.00000e-03     no limits
    14 alpha_vw     0.00000e+00  1.00000e-03     no limits
    15 w_vw         1.43404e+01  constant
    16 beta_vw      0.00000e+00  1.00000e-03     no limits
    17 LM           4.68092e-05  constant
    18 zeta_y       0.00000e+00  constant
    19 zeta_vw      0.00000e+00  constant
    20 T_CBO        1.00000e+02  1.00000e+00    0.00000e+00  1.00000e+03
    21 alpha_A0     0.00000e+00  1.00000e-03     no limits
    22 beta_A0      0.00000e+00  1.00000e-03     no limits
    23 alpha_phi    0.00000e+00  1.00000e-03     no limits
    24 beta_phi     0.00000e+00  1.00000e-03     no limits
MINUIT - FIT ONLY WIGGLE
 **********
 **    3 **FIX            5
 **********
 PARAMETER    5  IS CONSTANT.   IGNORED.
 **********
 **    4 **FIX            6
 **********
 **********
 **    5 **FIX            7
 **********
 PARAMETER    7  IS CONSTANT.   IGNORED.
 **********
 **    6 **FIX            8
 **********
 **********
 **    7 **FIX            9
 **********
 **********
 **    8 **FIX           10
 **********
 **********
 **    9 **FIX           11
 **********
 **********
 **   10 **FIX           12
 **********
 PARAMETER   12  IS CONSTANT.   IGNORED.
 **********
 **   11 **FIX           13
 **********
 **********
 **   12 **FIX           14
 **********
 **********
 **   13 **FIX           15
 **********
 PARAMETER   15  IS CONSTANT.   IGNORED.
 **********
 **   14 **FIX           16
 **********
 **********
 **   15 **MIGRAD
 **********
 FIRST CALL TO USER FUNCTION AT NEW START POINT, WITH IFLAG=4.
 START MIGRAD MINIMIZATION.  STRATEGY  1.  CONVERGENCE WHEN EDM .LT. 1.00e-04
 FCN=69.5239 FROM MIGRAD    STATUS=INITIATE      437 CALLS         438 TOTAL
                     EDM= unknown      STRATEGY= 1      NO ERROR MATRIX       
  EXT PARAMETER               CURRENT GUESS       STEP         FIRST   
  NO.   NAME      VALUE            ERROR          SIZE      DERIVATIVE 
   1  N0           2.96874e+06   1.00000e+02   0.00000e+00  -1.50647e-03
   2  tau          6.44041e+01   constant   
   3  A0           3.53299e-01   1.00000e-04   0.00000e+00   1.94975e+03
   4  phi          4.11736e+00   1.00000e-02   0.00000e+00   4.93087e+02
   5  R           -5.92716e+01   constant   
   6  alpha_CBO    0.00000e+00     fixed    
   7  w_CBO        2.32500e+00   constant   
   8  beta_CBO     0.00000e+00     fixed    
   9  alpha_2CBO   0.00000e+00     fixed    
  10  beta_2CBO    0.00000e+00     fixed    
  11  alpha_y      0.00000e+00     fixed    
  12  w_y          1.38860e+01   constant   
  13  beta_y       0.00000e+00     fixed    
  14  alpha_vw     0.00000e+00     fixed    
  15  w_vw         1.43404e+01   constant   
  16  beta_vw      0.00000e+00     fixed    
  17  LM           4.68092e-05   constant   
  18  zeta_y       0.00000e+00   constant   
  19  zeta_vw      0.00000e+00   constant   
  20  T_CBO        1.00000e+02   1.00000e+00   0.00000e+00   0.00000e+00
  21  alpha_A0     0.00000e+00   1.00000e-03   0.00000e+00   9.36923e+00
  22  beta_A0      0.00000e+00   1.00000e-03   0.00000e+00  -9.74374e+00
  23  alpha_phi    0.00000e+00   1.00000e-03   0.00000e+00   4.73291e-01
  24  beta_phi     0.00000e+00   1.00000e-03   0.00000e+00   5.48857e+00
 CALL LIMIT EXCEEDED IN MIGRAD.
 MIGRAD TERMINATED WITHOUT CONVERGENCE.
 FCN=60.587 FROM MIGRAD    STATUS=CALL LIMIT   1334 CALLS        1335 TOTAL
                     EDM=0.00611443    STRATEGY= 1  ERROR MATRIX UNCERTAINTY   0.3 per cent
  EXT PARAMETER                APPROXIMATE        STEP         FIRST   
  NO.   NAME      VALUE            ERROR          SIZE      DERIVATIVE 
   1  N0           2.97402e+06   2.53437e+03  -8.58335e+00   4.49552e-06
   2  tau          6.44041e+01   constant   
   3  A0           3.51547e-01   1.20488e-03  -2.17218e-06  -9.52917e+00
   4  phi          4.11521e+00   3.36828e-03   1.21489e-06   2.25743e-01
   5  R           -5.92716e+01   constant   
   6  alpha_CBO    0.00000e+00     fixed    
   7  w_CBO        2.32500e+00   constant   
   8  beta_CBO     0.00000e+00     fixed    
   9  alpha_2CBO   0.00000e+00     fixed    
  10  beta_2CBO    0.00000e+00     fixed    
  11  alpha_y      0.00000e+00     fixed    
  12  w_y          1.38860e+01   constant   
  13  beta_y       0.00000e+00     fixed    
  14  alpha_vw     0.00000e+00     fixed    
  15  w_vw         1.43404e+01   constant   
  16  beta_vw      0.00000e+00     fixed    
  17  LM           4.68092e-05   constant   
  18  zeta_y       0.00000e+00   constant   
  19  zeta_vw      0.00000e+00   constant   
  20  T_CBO        3.37900e+02   6.62685e+02   3.98958e-02  -2.05475e-01
  21  alpha_A0    -7.12274e-03   2.54147e-02   4.31677e-04  -6.27432e-01
  22  beta_A0      1.81232e-02   5.60071e-02  -1.41236e-03  -3.80767e+00
  23  alpha_phi    2.72341e-03   2.26890e-02  -1.04361e-04  -2.43250e-01
  24  beta_phi    -1.77224e-02   5.26238e-02   1.70216e-03   1.75115e+00
 EXTERNAL ERROR MATRIX.    NDIM=  25    NPAR=  8    ERR DEF=1
  6.423e+06 -2.053e-01  3.035e-01  4.903e+04  1.377e+01 -4.230e+00  1.410e+00 -7.340e+00 
 -2.053e-01  1.452e-06 -6.676e-08 -1.033e-02 -3.569e-06 -1.678e-06 -3.196e-06  1.903e-06 
  3.035e-01 -6.676e-08  1.135e-05 -2.773e-03  7.671e-07 -8.703e-07 -6.604e-06 -6.728e-06 
  4.903e+04 -1.033e-02 -2.773e-03  4.801e+05  1.207e+01 -3.782e+01 -6.471e+00  3.476e+01 
  1.377e+01 -3.569e-06  7.671e-07  1.207e+01  6.459e-04 -9.805e-04 -1.355e-04  8.342e-04 
 -4.230e+00 -1.678e-06 -8.703e-07 -3.782e+01 -9.805e-04  3.137e-03  5.199e-04 -2.643e-03 
  1.410e+00 -3.196e-06 -6.604e-06 -6.471e+00 -1.355e-04  5.199e-04  5.148e-04 -4.796e-04 
 -7.340e+00  1.903e-06 -6.728e-06  3.476e+01  8.342e-04 -2.643e-03 -4.796e-04  2.769e-03 
ERR MATRIX APPROXIMATE
 PARAMETER  CORRELATION COEFFICIENTS  
       NO.  GLOBAL      1      3      4     20     21     22     23     24
        1  0.39113   1.000 -0.067  0.036  0.028  0.214 -0.030  0.025 -0.055
        3  0.35159  -0.067  1.000 -0.016 -0.012 -0.117 -0.025 -0.117  0.030
        4  0.16338   0.036 -0.016  1.000 -0.001  0.009 -0.005 -0.086 -0.038
       20  0.99224   0.028 -0.012 -0.001  1.000  0.686 -0.975 -0.412  0.953
       21  0.72824   0.214 -0.117  0.009  0.686  1.000 -0.689 -0.235  0.624
       22  0.98263  -0.030 -0.025 -0.005 -0.975 -0.689  1.000  0.409 -0.897
       23  0.44303   0.025 -0.117 -0.086 -0.412 -0.235  0.409  1.000 -0.402
       24  0.96989  -0.055  0.030 -0.038  0.953  0.624 -0.897 -0.402  1.000
 ERR MATRIX APPROXIMATE
MINUIT - FIT ONLY 1-CBO + wiggle
 **********
 **   16 **RES 
 **********
                   PARAMETER   16  beta_vw RESTORED TO VARIABLE.
                   PARAMETER   14  alpha_vw RESTORED TO VARIABLE.
                   PARAMETER   13  beta_y RESTORED TO VARIABLE.
                   PARAMETER   11  alpha_y RESTORED TO VARIABLE.
                   PARAMETER   10  beta_2CBO RESTORED TO VARIABLE.
                   PARAMETER    9  alpha_2CBO RESTORED TO VARIABLE.
                   PARAMETER    8  beta_CBO RESTORED TO VARIABLE.
                   PARAMETER    6  alpha_CBO RESTORED TO VARIABLE.
 **********
 **   17 **FIX            8
 **********
 **********
 **   18 **FIX            9
 **********
 **********
 **   19 **FIX           11
 **********
 **********
 **   20 **FIX           12
 **********
 PARAMETER   12  IS CONSTANT.   IGNORED.
 **********
 **   21 **FIX           14
 **********
 **********
 **   22 **FIX           15
 **********
 PARAMETER   15  IS CONSTANT.   IGNORED.
 **********
 **   23 **FIX           16
 **********
 **********
 **   24 **MIGRAD
 **********
 START MIGRAD MINIMIZATION.  STRATEGY  1.  CONVERGENCE WHEN EDM .LT. 1.00e-04
 FCN=60.587 FROM MIGRAD    STATUS=INITIATE       28 CALLS        1363 TOTAL
                     EDM= unknown      STRATEGY= 1      NO ERROR MATRIX       
  EXT PARAMETER               CURRENT GUESS       STEP         FIRST   
  NO.   NAME      VALUE            ERROR          SIZE      DERIVATIVE 
   1  N0           2.97402e+06   2.53437e+03  -8.58335e+00   4.49552e-06
   2  tau          6.44041e+01   constant   
   3  A0           3.51547e-01   1.20488e-03  -2.17218e-06  -9.52917e+00
   4  phi          4.11521e+00   3.36828e-03   1.21489e-06   2.25743e-01
   5  R           -5.92716e+01   constant   
   6  alpha_CBO    0.00000e+00   1.00000e-03   1.00000e-03  -1.02579e+03
   7  w_CBO        2.32500e+00   constant   
   8  beta_CBO     0.00000e+00     fixed    
   9  alpha_2CBO   0.00000e+00     fixed    
  10  beta_2CBO    0.00000e+00   1.00000e-03   1.00000e-03   2.55179e+03
  11  alpha_y      0.00000e+00     fixed    
  12  w_y          1.38860e+01   constant   
  13  beta_y       0.00000e+00   1.00000e-03   1.00000e-03  -3.92747e+02
  14  alpha_vw     0.00000e+00     fixed    
  15  w_vw         1.43404e+01   constant   
  16  beta_vw      0.00000e+00     fixed    
  17  LM           4.68092e-05   constant   
  18  zeta_y       0.00000e+00   constant   
  19  zeta_vw      0.00000e+00   constant   
  20  T_CBO        3.37900e+02   6.62685e+02   3.98958e-02  -2.05478e-01
  21  alpha_A0    -7.12274e-03   2.54147e-02   4.31677e-04  -6.27432e-01
  22  beta_A0      1.81232e-02   5.60071e-02  -1.41236e-03  -3.80767e+00
  23  alpha_phi    2.72341e-03   2.26890e-02  -1.04361e-04  -2.43250e-01
  24  beta_phi    -1.77224e-02   5.26238e-02   1.70216e-03   1.75115e+00
 MIGRAD MINIMIZATION HAS CONVERGED.
 FCN=57.332 FROM MIGRAD    STATUS=CONVERGED     820 CALLS        2155 TOTAL
                     EDM=4.69159e-06    STRATEGY= 1  ERROR MATRIX UNCERTAINTY   0.2 per cent
  EXT PARAMETER                                   STEP         FIRST   
  NO.   NAME      VALUE            ERROR          SIZE      DERIVATIVE 
   1  N0           2.97380e+06   2.71266e+03   2.87478e-01   9.14795e-08
   2  tau          6.44041e+01   constant   
   3  A0           3.51515e-01   1.18861e-03  -5.60825e-07   6.30292e-01
   4  phi          4.11591e+00   3.59637e-03   9.95532e-07  -1.76749e-01
   5  R           -5.92716e+01   constant   
   6  alpha_CBO    9.77942e-04   1.24705e-03   2.44705e-07  -3.53918e-01
   7  w_CBO        2.32500e+00   constant   
   8  beta_CBO     0.00000e+00     fixed    
   9  alpha_2CBO   0.00000e+00     fixed    
  10  beta_2CBO   -2.10751e-03   1.26280e-03   2.53931e-07   2.11467e-01
  11  alpha_y      0.00000e+00     fixed    
  12  w_y          1.38860e+01   constant   
  13  beta_y       2.57773e-04   1.25102e-03   1.03029e-06  -3.73690e-01
  14  alpha_vw     0.00000e+00     fixed    
  15  w_vw         1.43404e+01   constant   
  16  beta_vw      0.00000e+00     fixed    
  17  LM           4.68092e-05   constant   
  18  zeta_y       0.00000e+00   constant   
  19  zeta_vw      0.00000e+00   constant   
  20  T_CBO        9.99877e+02   5.28385e+02   5.02620e-02  -1.30026e-04
  21  alpha_A0    -2.84032e-03   7.86551e-03   6.54211e-06   2.54472e-02
  22  beta_A0      6.56420e-03   7.74143e-03  -3.61611e-06  -3.52120e-01
  23  alpha_phi    2.58910e-03   7.56170e-03  -1.96463e-06  -1.97093e-01
  24  beta_phi    -8.41270e-03   7.45042e-03   1.42490e-05   3.17905e-01
 EXTERNAL ERROR MATRIX.    NDIM=  25    NPAR= 11    ERR DEF=1
  7.359e+06 
 -1.901e-01  1.413e-06 
  1.307e+00  4.857e-08  1.293e-05 
  2.653e-02 -1.035e-08  4.968e-07  1.555e-06 
  2.243e-01  1.924e-08 -3.045e-07 -1.227e-07  1.595e-06 
  1.281e-01 -4.503e-09  1.014e-07  1.263e-08  4.711e-08  1.565e-06 
 -4.580e+03  4.540e-04  3.768e-03  5.157e-05  1.241e-03  4.024e-03  4.138e+04 
  5.604e+00 -1.253e-06  6.313e-07  7.387e-07 -1.577e-09  1.430e-07  1.378e-01  6.187e-05 
 -1.186e-01 -5.833e-07 -1.276e-06 -2.206e-07  1.861e-06  6.184e-07 -3.569e-01  4.540e-06  5.993e-05 
  5.133e-01 -1.125e-06 -2.577e-06 -5.525e-07 -1.260e-06  1.628e-07 -1.575e-01  2.310e-07 -2.536e-06  5.718e-05 
 -4.932e+00  1.071e-06 -3.584e-06  4.399e-08 -5.561e-08 -5.136e-07  4.521e-01 -7.835e-06  2.503e-06  1.736e-06  5.551e-05 
 PARAMETER  CORRELATION COEFFICIENTS  
       NO.  GLOBAL      1      3      4      6     10     13     20     21     22     23     24
        1  0.36513   1.000 -0.059  0.134  0.008  0.065  0.038 -0.008  0.263 -0.006  0.025 -0.244
        3  0.23059  -0.059  1.000  0.011 -0.007  0.013 -0.003  0.002 -0.134 -0.063 -0.125  0.121
        4  0.24049   0.134  0.011  1.000  0.111 -0.067  0.023  0.005  0.022 -0.046 -0.095 -0.134
        6  0.16834   0.008 -0.007  0.111  1.000 -0.078  0.008  0.000  0.075 -0.023 -0.059  0.005
       10  0.26700   0.065  0.013 -0.067 -0.078  1.000  0.030  0.005 -0.000  0.190 -0.132 -0.006
       13  0.11167   0.038 -0.003  0.023  0.008  0.030  1.000  0.016  0.015  0.064  0.017 -0.055
       20  0.43907  -0.008  0.002  0.005  0.000  0.005  0.016  1.000  0.086 -0.227 -0.102  0.298
       21  0.34300   0.263 -0.134  0.022  0.075 -0.000  0.015  0.086  1.000  0.075  0.004 -0.134
       22  0.36042  -0.006 -0.063 -0.046 -0.023  0.190  0.064 -0.227  0.075  1.000 -0.043  0.043
       23  0.26454   0.025 -0.125 -0.095 -0.059 -0.132  0.017 -0.102  0.004 -0.043  1.000  0.031
       24  0.45219  -0.244  0.121 -0.134  0.005 -0.006 -0.055  0.298 -0.134  0.043  0.031  1.000
MINUIT - FIT ONLY 2-CBO
 **********
 **   25 **RES 
 **********
                   PARAMETER   16  beta_vw RESTORED TO VARIABLE.
                   PARAMETER   14  alpha_vw RESTORED TO VARIABLE.
                   PARAMETER   11  alpha_y RESTORED TO VARIABLE.
                   PARAMETER    9  alpha_2CBO RESTORED TO VARIABLE.
                   PARAMETER    8  beta_CBO RESTORED TO VARIABLE.
 **********
 **   26 **FIX            0
 **********
 PARAMETER    0  IS UNDEFINED. IGNORED.
 **********
 **   27 **FIX            1
 **********
 **********
 **   28 **FIX            2
 **********
 PARAMETER    2  IS CONSTANT.   IGNORED.
 **********
 **   29 **FIX            3
 **********
 **********
 **   30 **FIX            4
 **********
 **********
 **   31 **FIX            5
 **********
 PARAMETER    5  IS CONSTANT.   IGNORED.
 **********
 **   32 **FIX            6
 **********
 **********
 **   33 **FIX            7
 **********
 PARAMETER    7  IS CONSTANT.   IGNORED.
 **********
 **   34 **FIX           10
 **********
 **********
 **   35 **FIX           11
 **********
 **********
 **   36 **FIX           12
 **********
 PARAMETER   12  IS CONSTANT.   IGNORED.
 **********
 **   37 **FIX           13
 **********
 **********
 **   38 **FIX           14
 **********
 **********
 **   39 **FIX           15
 **********
 PARAMETER   15  IS CONSTANT.   IGNORED.
 **********
 **   40 **FIX           16
 **********
 **********
 **   41 **MIGRAD
 **********
 START MIGRAD MINIMIZATION.  STRATEGY  1.  CONVERGENCE WHEN EDM .LT. 1.00e-04
 FCN=57.332 FROM MIGRAD    STATUS=INITIATE       18 CALLS        2173 TOTAL
                     EDM= unknown      STRATEGY= 1      NO ERROR MATRIX       
  EXT PARAMETER               CURRENT GUESS       STEP         FIRST   
  NO.   NAME      VALUE            ERROR          SIZE      DERIVATIVE 
   1  N0           2.97380e+06     fixed    
   2  tau          6.44041e+01   constant   
   3  A0           3.51515e-01     fixed    
   4  phi          4.11591e+00     fixed    
   5  R           -5.92716e+01   constant   
   6  alpha_CBO    9.77942e-04     fixed    
   7  w_CBO        2.32500e+00   constant   
   8  beta_CBO     0.00000e+00   1.00000e-03   1.00000e-03   1.48768e+03
   9  alpha_2CBO   0.00000e+00   1.00000e-03   1.00000e-03  -1.64925e+03
  10  beta_2CBO   -2.10751e-03     fixed    
  11  alpha_y      0.00000e+00     fixed    
  12  w_y          1.38860e+01   constant   
  13  beta_y       2.57773e-04     fixed    
  14  alpha_vw     0.00000e+00     fixed    
  15  w_vw         1.43404e+01   constant   
  16  beta_vw      0.00000e+00     fixed    
  17  LM           4.68092e-05   constant   
  18  zeta_y       0.00000e+00   constant   
  19  zeta_vw      0.00000e+00   constant   
  20  T_CBO        9.99877e+02   5.28385e+02   5.02620e-02  -1.30177e-04
  21  alpha_A0    -2.84032e-03   7.86551e-03   6.54211e-06   2.54471e-02
  22  beta_A0      6.56420e-03   7.74143e-03  -3.61611e-06  -3.52120e-01
  23  alpha_phi    2.58910e-03   7.56170e-03  -1.96463e-06  -1.97093e-01
  24  beta_phi    -8.41270e-03   7.45042e-03   1.42490e-05   3.17905e-01
 MIGRAD MINIMIZATION HAS CONVERGED.
 MIGRAD WILL VERIFY CONVERGENCE AND ERROR MATRIX.
 COVARIANCE MATRIX CALCULATED SUCCESSFULLY
 FCN=55.5164 FROM MIGRAD    STATUS=CONVERGED     136 CALLS        2291 TOTAL
                     EDM=5.3056e-08    STRATEGY= 1      ERROR MATRIX ACCURATE 
  EXT PARAMETER                                   STEP         FIRST   
  NO.   NAME      VALUE            ERROR          SIZE      DERIVATIVE 
   1  N0           2.97380e+06     fixed    
   2  tau          6.44041e+01   constant   
   3  A0           3.51515e-01     fixed    
   4  phi          4.11591e+00     fixed    
   5  R           -5.92716e+01   constant   
   6  alpha_CBO    9.77942e-04     fixed    
   7  w_CBO        2.32500e+00   constant   
   8  beta_CBO    -1.08644e-03   1.23088e-03   4.46991e-06   8.35083e-02
   9  alpha_2CBO   1.22217e-03   1.23539e-03   4.43629e-06   1.47470e-01
  10  beta_2CBO   -2.10751e-03     fixed    
  11  alpha_y      0.00000e+00     fixed    
  12  w_y          1.38860e+01   constant   
  13  beta_y       2.57773e-04     fixed    
  14  alpha_vw     0.00000e+00     fixed    
  15  w_vw         1.43404e+01   constant   
  16  beta_vw      0.00000e+00     fixed    
  17  LM           4.68092e-05   constant   
  18  zeta_y       0.00000e+00   constant   
  19  zeta_vw      0.00000e+00   constant   
  20  T_CBO        1.00000e+03   5.42511e+02   8.11404e-02** at limit **
  21  alpha_A0    -1.67040e-03   7.58367e-03   2.72981e-05  -6.48886e-03
  22  beta_A0      6.03793e-03   7.23645e-03   2.58552e-05  -3.14441e-02
  23  alpha_phi    2.62905e-03   6.90071e-03   2.51365e-05  -1.92657e-02
  24  beta_phi    -7.15263e-03   7.36805e-03   2.62650e-05   3.08150e-03
 EXTERNAL ERROR MATRIX.    NDIM=  25    NPAR=  7    ERR DEF=1
  1.515e-06  4.893e-08 -3.743e-07 -4.398e-08  1.171e-06  1.681e-07 -3.635e-07 
  4.893e-08  1.526e-06  1.655e-06  1.378e-06  4.104e-07  1.966e-07  1.206e-06 
 -3.743e-07  1.655e-06  4.658e+00 -6.483e-04  2.533e-03  1.131e-03 -3.008e-03 
 -4.398e-08  1.378e-06 -6.483e-04  5.751e-05  4.315e-06  4.450e-06 -2.839e-07 
  1.171e-06  4.104e-07  2.533e-03  4.315e-06  5.237e-05 -2.132e-07 -2.126e-06 
  1.681e-07  1.966e-07  1.131e-03  4.450e-06 -2.132e-07  4.762e-05 -1.855e-06 
 -3.635e-07  1.206e-06 -3.008e-03 -2.839e-07 -2.126e-06 -1.855e-06  5.429e-05 
 PARAMETER  CORRELATION COEFFICIENTS  
       NO.  GLOBAL      8      9     20     21     22     23     24
        8  0.14591   1.000  0.032 -0.000 -0.005  0.131  0.020 -0.040
        9  0.20735   0.032  1.000  0.001  0.147  0.046  0.023  0.132
       20  0.26406  -0.000  0.001  1.000 -0.040  0.162  0.076 -0.189
       21  0.19597  -0.005  0.147 -0.040  1.000  0.079  0.085 -0.005
       22  0.22935   0.131  0.046  0.162  0.079  1.000 -0.004 -0.040
       23  0.12369   0.020  0.023  0.076  0.085 -0.004  1.000 -0.036
       24  0.23864  -0.040  0.132 -0.189 -0.005 -0.040 -0.036  1.000
MINUIT - FIT wiggle + 1-CBO + 2-CBO
 **********
 **   42 **RES 
 **********
                   PARAMETER   16  beta_vw RESTORED TO VARIABLE.
                   PARAMETER   14  alpha_vw RESTORED TO VARIABLE.
                   PARAMETER   13  beta_y RESTORED TO VARIABLE.
                   PARAMETER   11  alpha_y RESTORED TO VARIABLE.
                   PARAMETER   10  beta_2CBO RESTORED TO VARIABLE.
                   PARAMETER    6  alpha_CBO RESTORED TO VARIABLE.
                   PARAMETER    4  phi RESTORED TO VARIABLE.
                   PARAMETER    3  A0 RESTORED TO VARIABLE.
                   PARAMETER    1  N0 RESTORED TO VARIABLE.
 **********
 **   43 **FIX           10
 **********
 **********
 **   44 **FIX           11
 **********
 **********
 **   45 **FIX           12
 **********
 PARAMETER   12  IS CONSTANT.   IGNORED.
 **********
 **   46 **FIX           13
 **********
 **********
 **   47 **FIX           14
 **********
 **********
 **   48 **FIX           15
 **********
 PARAMETER   15  IS CONSTANT.   IGNORED.
 **********
 **   49 **FIX           16
 **********
 **********
 **   50 **MIGRAD
 **********
 START MIGRAD MINIMIZATION.  STRATEGY  1.  CONVERGENCE WHEN EDM .LT. 1.00e-04
 FCN=55.5164 FROM MIGRAD    STATUS=INITIATE       22 CALLS        2313 TOTAL
                     EDM= unknown      STRATEGY= 1      NO ERROR MATRIX       
  EXT PARAMETER               CURRENT GUESS       STEP         FIRST   
  NO.   NAME      VALUE            ERROR          SIZE      DERIVATIVE 
   1  N0           2.97380e+06   2.71266e+03   2.71266e+03  -5.71196e-05
   2  tau          6.44041e+01   constant   
   3  A0           3.51515e-01   1.18861e-03   1.18861e-03  -2.89301e+02
   4  phi          4.11591e+00   3.59637e-03   3.59637e-03   1.52519e+01
   5  R           -5.92716e+01   constant   
   6  alpha_CBO    9.77942e-04   1.24705e-03   1.24705e-03   5.69583e+01
   7  w_CBO        2.32500e+00   constant   
   8  beta_CBO    -1.08644e-03   1.23088e-03   4.46991e-06   8.36129e-02
   9  alpha_2CBO   1.22217e-03   1.23539e-03   4.43629e-06   1.47383e-01
  10  beta_2CBO   -2.10751e-03     fixed    
  11  alpha_y      0.00000e+00     fixed    
  12  w_y          1.38860e+01   constant   
  13  beta_y       2.57773e-04     fixed    
  14  alpha_vw     0.00000e+00     fixed    
  15  w_vw         1.43404e+01   constant   
  16  beta_vw      0.00000e+00     fixed    
  17  LM           4.68092e-05   constant   
  18  zeta_y       0.00000e+00   constant   
  19  zeta_vw      0.00000e+00   constant   
  20  T_CBO        9.99999e+02   5.42511e+02   8.11404e-02  -6.63944e-06
  21  alpha_A0    -1.67040e-03   7.58367e-03   2.72981e-05  -6.45263e-03
  22  beta_A0      6.03793e-03   7.23645e-03   2.58552e-05  -3.15374e-02
  23  alpha_phi    2.62905e-03   6.90071e-03   2.51365e-05  -1.93097e-02
  24  beta_phi    -7.15263e-03   7.36805e-03   2.62650e-05   3.18399e-03
 MIGRAD MINIMIZATION HAS CONVERGED.
 MIGRAD WILL VERIFY CONVERGENCE AND ERROR MATRIX.
 COVARIANCE MATRIX CALCULATED SUCCESSFULLY
 FCN=55.4792 FROM MIGRAD    STATUS=CONVERGED     218 CALLS        2509 TOTAL
                     EDM=7.4548e-07    STRATEGY= 1      ERROR MATRIX ACCURATE 
  EXT PARAMETER                                   STEP         FIRST   
  NO.   NAME      VALUE            ERROR          SIZE      DERIVATIVE 
   1  N0           2.97396e+06   2.74765e+03   8.59583e+00   3.68005e-08
   2  tau          6.44041e+01   constant   
   3  A0           3.51727e-01   1.24714e-03   4.31393e-06   2.42796e-01
   4  phi          4.11585e+00   3.62842e-03   1.26941e-05   8.11775e-02
   5  R           -5.92716e+01   constant   
   6  alpha_CBO    9.30386e-04   1.26016e-03   4.47099e-06  -5.10447e-02
   7  w_CBO        2.32500e+00   constant   
   8  beta_CBO    -1.14387e-03   1.26971e-03   4.46814e-06   5.14393e-02
   9  alpha_2CBO   1.21546e-03   1.23870e-03   4.43452e-06  -4.72293e-02
  10  beta_2CBO   -2.10751e-03     fixed    
  11  alpha_y      0.00000e+00     fixed    
  12  w_y          1.38860e+01   constant   
  13  beta_y       2.57773e-04     fixed    
  14  alpha_vw     0.00000e+00     fixed    
  15  w_vw         1.43404e+01   constant   
  16  beta_vw      0.00000e+00     fixed    
  17  LM           4.68092e-05   constant   
  18  zeta_y       0.00000e+00   constant   
  19  zeta_vw      0.00000e+00   constant   
  20  T_CBO        1.00000e+03   6.67549e+02   7.80276e-02** at limit **
  21  alpha_A0    -1.74466e-03   7.91274e-03   2.72806e-05   8.13124e-02
  22  beta_A0      5.86943e-03   7.28543e-03   2.58362e-05  -8.92405e-02
  23  alpha_phi    2.50801e-03   7.03788e-03   2.51119e-05   7.34123e-02
  24  beta_phi    -7.10117e-03   7.64159e-03   2.62392e-05  -5.67589e-02
 EXTERNAL ERROR MATRIX.    NDIM=  25    NPAR= 11    ERR DEF=1
  7.550e+06 
 -3.183e-01  1.555e-06 
  1.231e+00  2.347e-07  1.317e-05 
 -5.476e-02  4.901e-08  1.029e-06  1.588e-06 
 -2.187e-01 -3.586e-07 -2.305e-07  3.401e-08  1.612e-06 
 -6.938e-03 -6.439e-08 -2.833e-07 -2.719e-08  6.709e-08  1.534e-06 
  1.085e+00 -4.899e-07  1.632e-06  2.072e-07 -1.803e-08  3.203e-07  2.191e-01 
  5.383e+00 -1.453e-06  4.548e-07  6.030e-07  1.194e-07  1.427e-06 -1.357e-04  6.261e-05 
 -2.780e-01 -1.192e-06 -1.053e-06 -1.823e-07  1.470e-06  4.777e-07  4.972e-04  5.087e-06  5.308e-05 
  9.186e-01 -1.346e-06 -2.921e-06 -8.060e-07  4.619e-07  3.110e-07  2.181e-04  5.965e-06  8.548e-07  4.953e-05 
 -5.003e+00  1.207e-06 -3.098e-06  5.291e-08 -4.277e-07  1.219e-06 -6.048e-04 -4.565e-06 -2.310e-06 -2.702e-06  5.839e-05 
 PARAMETER  CORRELATION COEFFICIENTS  
       NO.  GLOBAL      1      3      4      6      8      9     20     21     22     23     24
        1  0.36206   1.000 -0.093  0.123 -0.016 -0.063 -0.002  0.001  0.248 -0.014  0.048 -0.238
        3  0.33381  -0.093  1.000  0.052  0.031 -0.226 -0.042 -0.001 -0.147 -0.131 -0.153  0.127
        4  0.30176   0.123  0.052  1.000  0.225 -0.050 -0.063  0.001  0.016 -0.040 -0.114 -0.112
        6  0.25530  -0.016  0.031  0.225  1.000  0.021 -0.017  0.000  0.060 -0.020 -0.091  0.005
        8  0.28347  -0.063 -0.226 -0.050  0.021  1.000  0.043 -0.000  0.012  0.159  0.052 -0.044
        9  0.21962  -0.002 -0.042 -0.063 -0.017  0.043  1.000  0.001  0.146  0.053  0.036  0.129
       20  0.24345   0.001 -0.001  0.001  0.000 -0.000  0.001  1.000 -0.037  0.146  0.066 -0.169
       21  0.34245   0.248 -0.147  0.016  0.060  0.012  0.146 -0.037  1.000  0.088  0.107 -0.075
       22  0.25703  -0.014 -0.131 -0.040 -0.020  0.159  0.053  0.146  0.088  1.000  0.017 -0.041
       23  0.23352   0.048 -0.153 -0.114 -0.091  0.052  0.036  0.066  0.107  0.017  1.000 -0.050
       24  0.35271  -0.238  0.127 -0.112  0.005 -0.044  0.129 -0.169 -0.075 -0.041 -0.050  1.000
MINUIT - FIT ONLY 1-y
 **********
 **   51 **RES 
 **********
                   PARAMETER   16  beta_vw RESTORED TO VARIABLE.
                   PARAMETER   14  alpha_vw RESTORED TO VARIABLE.
                   PARAMETER   13  beta_y RESTORED TO VARIABLE.
                   PARAMETER   11  alpha_y RESTORED TO VARIABLE.
                   PARAMETER   10  beta_2CBO RESTORED TO VARIABLE.
 **********
 **   52 **FIX            0
 **********
 PARAMETER    0  IS UNDEFINED. IGNORED.
 **********
 **   53 **FIX            1
 **********
 **********
 **   54 **FIX            2
 **********
 PARAMETER    2  IS CONSTANT.   IGNORED.
 **********
 **   55 **FIX            3
 **********
 **********
 **   56 **FIX            4
 **********
 **********
 **   57 **FIX            5
 **********
 PARAMETER    5  IS CONSTANT.   IGNORED.
 **********
 **   58 **FIX            6
 **********
 **********
 **   59 **FIX            7
 **********
 PARAMETER    7  IS CONSTANT.   IGNORED.
 **********
 **   60 **FIX            8
 **********
 **********
 **   61 **FIX            9
 **********
 **********
 **   62 **FIX           13
 **********
 **********
 **   63 **FIX           14
 **********
 **********
 **   64 **FIX           15
 **********
 PARAMETER   15  IS CONSTANT.   IGNORED.
 **********
 **   65 **FIX           16
 **********
 **********
 **   66 **MIGRAD
 **********
 START MIGRAD MINIMIZATION.  STRATEGY  1.  CONVERGENCE WHEN EDM .LT. 1.00e-04
 FCN=55.4792 FROM MIGRAD    STATUS=INITIATE       16 CALLS        2525 TOTAL
                     EDM= unknown      STRATEGY= 1      NO ERROR MATRIX       
  EXT PARAMETER               CURRENT GUESS       STEP         FIRST   
  NO.   NAME      VALUE            ERROR          SIZE      DERIVATIVE 
   1  N0           2.97396e+06     fixed    
   2  tau          6.44041e+01   constant   
   3  A0           3.51727e-01     fixed    
   4  phi          4.11585e+00     fixed    
   5  R           -5.92716e+01   constant   
   6  alpha_CBO    9.30386e-04     fixed    
   7  w_CBO        2.32500e+00   constant   
   8  beta_CBO    -1.14387e-03     fixed    
   9  alpha_2CBO   1.21546e-03     fixed    
  10  beta_2CBO   -2.10751e-03   1.26280e-03   1.26280e-03  -8.54256e+01
  11  alpha_y      0.00000e+00   1.00000e-03   1.00000e-03   3.28873e+02
  12  w_y          1.38860e+01   constant   
  13  beta_y       2.57773e-04     fixed    
  14  alpha_vw     0.00000e+00     fixed    
  15  w_vw         1.43404e+01   constant   
  16  beta_vw      0.00000e+00     fixed    
  17  LM           4.68092e-05   constant   
  18  zeta_y       0.00000e+00   constant   
  19  zeta_vw      0.00000e+00   constant   
  20  T_CBO        9.99999e+02   6.67549e+02   7.80276e-02  -6.97158e-06
  21  alpha_A0    -1.74466e-03   7.91274e-03   2.72806e-05   8.13470e-02
  22  beta_A0      5.86943e-03   7.28543e-03   2.58362e-05  -8.93273e-02
  23  alpha_phi    2.50801e-03   7.03788e-03   2.51119e-05   7.33698e-02
  24  beta_phi    -7.10117e-03   7.64159e-03   2.62392e-05  -5.66560e-02
 MIGRAD MINIMIZATION HAS CONVERGED.
 MIGRAD WILL VERIFY CONVERGENCE AND ERROR MATRIX.
 COVARIANCE MATRIX CALCULATED SUCCESSFULLY
 FCN=55.4367 FROM MIGRAD    STATUS=CONVERGED     114 CALLS        2623 TOTAL
                     EDM=1.30776e-07    STRATEGY= 1      ERROR MATRIX ACCURATE 
  EXT PARAMETER                                   STEP         FIRST   
  NO.   NAME      VALUE            ERROR          SIZE      DERIVATIVE 
   1  N0           2.97396e+06     fixed    
   2  tau          6.44041e+01   constant   
   3  A0           3.51727e-01     fixed    
   4  phi          4.11585e+00     fixed    
   5  R           -5.92716e+01   constant   
   6  alpha_CBO    9.30386e-04     fixed    
   7  w_CBO        2.32500e+00   constant   
   8  beta_CBO    -1.14387e-03     fixed    
   9  alpha_2CBO   1.21546e-03     fixed    
  10  beta_2CBO   -2.03919e-03   1.26125e-03   4.50377e-06  -4.53122e-02
  11  alpha_y     -2.40355e-04   1.20870e-03   4.43154e-06  -4.39132e-02
  12  w_y          1.38860e+01   constant   
  13  beta_y       2.57773e-04     fixed    
  14  alpha_vw     0.00000e+00     fixed    
  15  w_vw         1.43404e+01   constant   
  16  beta_vw      0.00000e+00     fixed    
  17  LM           4.68092e-05   constant   
  18  zeta_y       0.00000e+00   constant   
  19  zeta_vw      0.00000e+00   constant   
  20  T_CBO        1.00000e+03   6.87096e+02   8.78640e-02** at limit **
  21  alpha_A0    -1.78090e-03   7.50204e-03   2.72700e-05  -2.36687e-02
  22  beta_A0      5.90801e-03   7.27422e-03   2.58264e-05  -4.92152e-02
  23  alpha_phi    2.43225e-03   6.98051e-03   2.51025e-05  -5.31096e-03
  24  beta_phi    -7.11353e-03   7.30398e-03   2.62292e-05  -4.08682e-02
 EXTERNAL ERROR MATRIX.    NDIM=  25    NPAR=  7    ERR DEF=1
  1.591e-06 -1.925e-09 -1.690e-09 -1.428e-07  1.545e-06 -1.394e-06  1.520e-07 
 -1.925e-09  1.461e-06  3.370e-10  1.643e-07  1.721e-07  8.530e-08  1.180e-07 
 -1.690e-09  3.370e-10  1.673e-05 -1.379e-06  4.910e-06  2.076e-06 -5.938e-06 
 -1.428e-07  1.643e-07 -1.379e-06  5.628e-05  3.835e-06  4.406e-06 -1.326e-06 
  1.545e-06  1.721e-07  4.910e-06  3.835e-06  5.291e-05 -1.739e-06 -2.082e-06 
 -1.394e-06  8.530e-08  2.076e-06  4.406e-06 -1.739e-06  4.873e-05 -2.101e-06 
  1.520e-07  1.180e-07 -5.938e-06 -1.326e-06 -2.082e-06 -2.101e-06  5.335e-05 
 PARAMETER  CORRELATION COEFFICIENTS  
       NO.  GLOBAL     10     11     20     21     22     23     24
       10  0.22879   1.000 -0.001 -0.000 -0.015  0.168 -0.158  0.017
       11  0.03137  -0.001  1.000  0.000  0.018  0.020  0.010  0.013
       20  0.27189  -0.000  0.000  1.000 -0.045  0.165  0.073 -0.199
       21  0.13419  -0.015  0.018 -0.045  1.000  0.070  0.084 -0.024
       22  0.25136   0.168  0.020  0.165  0.070  1.000 -0.034 -0.039
       23  0.19729  -0.158  0.010  0.073  0.084 -0.034  1.000 -0.041
       24  0.20395   0.017  0.013 -0.199 -0.024 -0.039 -0.041  1.000
MINUIT - FIT ONLY 2-y
 **********
 **   67 **RES 
 **********
                   PARAMETER   16  beta_vw RESTORED TO VARIABLE.
                   PARAMETER   14  alpha_vw RESTORED TO VARIABLE.
                   PARAMETER   13  beta_y RESTORED TO VARIABLE.
                   PARAMETER    9  alpha_2CBO RESTORED TO VARIABLE.
                   PARAMETER    8  beta_CBO RESTORED TO VARIABLE.
                   PARAMETER    6  alpha_CBO RESTORED TO VARIABLE.
                   PARAMETER    4  phi RESTORED TO VARIABLE.
                   PARAMETER    3  A0 RESTORED TO VARIABLE.
                   PARAMETER    1  N0 RESTORED TO VARIABLE.
 **********
 **   68 **FIX            0
 **********
 PARAMETER    0  IS UNDEFINED. IGNORED.
 **********
 **   69 **FIX            1
 **********
 **********
 **   70 **FIX            2
 **********
 PARAMETER    2  IS CONSTANT.   IGNORED.
 **********
 **   71 **FIX            3
 **********
 **********
 **   72 **FIX            4
 **********
 **********
 **   73 **FIX            5
 **********
 PARAMETER    5  IS CONSTANT.   IGNORED.
 **********
 **   74 **FIX            6
 **********
 **********
 **   75 **FIX            7
 **********
 PARAMETER    7  IS CONSTANT.   IGNORED.
 **********
 **   76 **FIX            8
 **********
 **********
 **   77 **FIX            9
 **********
 **********
 **   78 **FIX           10
 **********
 **********
 **   79 **FIX           11
 **********
 **********
 **   80 **FIX           12
 **********
 PARAMETER   12  IS CONSTANT.   IGNORED.
 **********
 **   81 **FIX           16
 **********
 **********
 **   82 **MIGRAD
 **********
 START MIGRAD MINIMIZATION.  STRATEGY  1.  CONVERGENCE WHEN EDM .LT. 1.00e-04
 FCN=55.4367 FROM MIGRAD    STATUS=INITIATE       16 CALLS        2639 TOTAL
                     EDM= unknown      STRATEGY= 1      NO ERROR MATRIX       
  EXT PARAMETER               CURRENT GUESS       STEP         FIRST   
  NO.   NAME      VALUE            ERROR          SIZE      DERIVATIVE 
   1  N0           2.97396e+06     fixed    
   2  tau          6.44041e+01   constant   
   3  A0           3.51727e-01     fixed    
   4  phi          4.11585e+00     fixed    
   5  R           -5.92716e+01   constant   
   6  alpha_CBO    9.30386e-04     fixed    
   7  w_CBO        2.32500e+00   constant   
   8  beta_CBO    -1.14387e-03     fixed    
   9  alpha_2CBO   1.21546e-03     fixed    
  10  beta_2CBO   -2.03919e-03     fixed    
  11  alpha_y     -2.40355e-04     fixed    
  12  w_y          1.38860e+01   constant   
  13  beta_y       2.57773e-04   1.25102e-03   1.25102e-03  -2.50188e+01
  14  alpha_vw     0.00000e+00   1.00000e-03   1.00000e-03   1.19873e+03
  15  w_vw         1.43404e+01   constant   
  16  beta_vw      0.00000e+00     fixed    
  17  LM           4.68092e-05   constant   
  18  zeta_y       0.00000e+00   constant   
  19  zeta_vw      0.00000e+00   constant   
  20  T_CBO        9.99999e+02   6.87096e+02   8.78640e-02  -7.05606e-06
  21  alpha_A0    -1.78090e-03   7.50204e-03   2.72700e-05  -2.36343e-02
  22  beta_A0      5.90801e-03   7.27422e-03   2.58264e-05  -4.93060e-02
  23  alpha_phi    2.43225e-03   6.98051e-03   2.51025e-05  -5.35228e-03
  24  beta_phi    -7.11353e-03   7.30398e-03   2.62292e-05  -4.07651e-02
 MIGRAD MINIMIZATION HAS CONVERGED.
 MIGRAD WILL VERIFY CONVERGENCE AND ERROR MATRIX.
 COVARIANCE MATRIX CALCULATED SUCCESSFULLY
 FCN=54.8575 FROM MIGRAD    STATUS=CONVERGED     114 CALLS        2737 TOTAL
                     EDM=1.17438e-07    STRATEGY= 1      ERROR MATRIX ACCURATE 
  EXT PARAMETER                                   STEP         FIRST   
  NO.   NAME      VALUE            ERROR          SIZE      DERIVATIVE 
   1  N0           2.97396e+06     fixed    
   2  tau          6.44041e+01   constant   
   3  A0           3.51727e-01     fixed    
   4  phi          4.11585e+00     fixed    
   5  R           -5.92716e+01   constant   
   6  alpha_CBO    9.30386e-04     fixed    
   7  w_CBO        2.32500e+00   constant   
   8  beta_CBO    -1.14387e-03     fixed    
   9  alpha_2CBO   1.21546e-03     fixed    
  10  beta_2CBO   -2.03919e-03     fixed    
  11  alpha_y     -2.40355e-04     fixed    
  12  w_y          1.38860e+01   constant   
  13  beta_y      -1.69674e-05   1.28757e-03   4.48146e-06  -3.04152e-02
  14  alpha_vw    -9.72112e-04   1.27759e-03   4.44579e-06   1.45568e-02
  15  w_vw         1.43404e+01   constant   
  16  beta_vw      0.00000e+00     fixed    
  17  LM           4.68092e-05   constant   
  18  zeta_y       0.00000e+00   constant   
  19  zeta_vw      0.00000e+00   constant   
  20  T_CBO        1.00000e+03   7.05492e+02   8.94615e-02** at limit **
  21  alpha_A0    -1.79192e-03   7.50066e-03   2.71308e-05  -1.68734e-02
  22  beta_A0      5.74992e-03   7.16990e-03   2.56918e-05   7.03428e-03
  23  alpha_phi    2.56205e-03   6.89782e-03   2.49730e-05  -5.88860e-02
  24  beta_phi    -7.17161e-03   7.30959e-03   2.60944e-05   2.59143e-02
 EXTERNAL ERROR MATRIX.    NDIM=  25    NPAR=  7    ERR DEF=1
  1.658e-06  4.930e-07 -1.403e-09 -3.569e-08  2.186e-07 -2.199e-07  5.858e-08 
  4.930e-07  1.632e-06 -7.373e-10  1.540e-08  2.709e-07 -2.236e-07  1.033e-07 
 -1.403e-09 -7.373e-10  1.886e-03 -1.498e-05  5.150e-05  2.350e-05 -6.451e-05 
 -3.569e-08  1.540e-08 -1.498e-05  5.626e-05  3.948e-06  4.255e-06 -1.301e-06 
  2.186e-07  2.709e-07  5.150e-05  3.948e-06  5.141e-05 -4.123e-07 -2.237e-06 
 -2.199e-07 -2.236e-07  2.350e-05  4.255e-06 -4.123e-07  4.758e-05 -2.059e-06 
  5.858e-08  1.033e-07 -6.451e-05 -1.301e-06 -2.237e-06 -2.059e-06  5.343e-05 
 PARAMETER  CORRELATION COEFFICIENTS  
       NO.  GLOBAL     13     14     20     21     22     23     24
       13  0.30058   1.000  0.300 -0.000 -0.004  0.024 -0.025  0.006
       14  0.30122   0.300  1.000 -0.000  0.002  0.030 -0.025  0.011
       20  0.27522  -0.000 -0.000  1.000 -0.046  0.165  0.078 -0.203
       21  0.13250  -0.004  0.002 -0.046  1.000  0.073  0.082 -0.024
       22  0.18937   0.024  0.030  0.165  0.073  1.000 -0.008 -0.043
       23  0.12559  -0.025 -0.025  0.078  0.082 -0.008  1.000 -0.041
       24  0.20749   0.006  0.011 -0.203 -0.024 -0.043 -0.041  1.000
MINUIT - FIT ALTOGETHER
