 + ++++++++++++++++++++++++++++++++++++++++++++++++++++++++++++++++++++ +
 +                                                                      +
 +           You have chose to blind your fitting according to          +
 +                omega_ref * (1 + (R +/- deltaR) *10^{-6})             +
 +                                                                      +
 + ++++++++++++++++++++++++++++++++++++++++++++++++++++++++++++++++++++ +
In main()...
reading format from /gm2data/zkhechad/run45/envelope/formats/formatB_sBin_constraintOn.txt
pBinTau 	= 0  
pBinPhi 	= 0  
constraintau 	= 1 
includeMopTerm 	= 0    
constrainMop    = 0   
Parameters after format file: pBinTau 0 pBinPhi 0 constraintau 1 includeMopTerm 0 constrainMop 0 c_e_scale 0.000000 
Opening file /gm2data/tbarrett/gm2fr/studies/run23_bunch_corrections/CorrectedFourier_Run3b.root.
reading full fit data from /gm2data/zkhechad/cboTemplates/Run4CBOTemplates/templateFits0_v2.0/noRF/sBin_constraintOn_cE0.0_seed0_noRF_calo21.root
windowBins = 17
fitting sliding window 504 from bin 640 at 95.338800 to bin 657 at 98.024400 (17 bins)

Reading data from /gm2data/cornell/histograms/aMethod/histogram_a_noRF.root
 **********
 **    1 **SET PRINTOUT            1
 **********
 **********
 **    2 **SET NOWARNINGS 
 **********
 PARAMETER DEFINITIONS:
    NO.   NAME         VALUE      STEP SIZE      LIMITS
     1 N0           2.83546e+06  1.00000e+02     no limits
     2 tau          6.43976e+01  constant
     3 A0           3.54104e-01  1.00000e-04     no limits
     4 phi          4.11635e+00  1.00000e-02     no limits
     5 R           -5.94693e+01  constant
     6 alpha_CBO    0.00000e+00  1.00000e-03     no limits
     7 w_CBO        2.32500e+00  constant
     8 beta_CBO     0.00000e+00  1.00000e-03     no limits
     9 alpha_2CBO   0.00000e+00  1.00000e-03     no limits
    10 beta_2CBO    0.00000e+00  1.00000e-03     no limits
    11 alpha_y      0.00000e+00  1.00000e-03     no limits
    12 w_y          1.44500e+01  constant
    13 beta_y       0.00000e+00  1.00000e-03     no limits
    14 alpha_vw     0.00000e+00  1.00000e-03     no limits
    15 w_vw         1.29000e+01  constant
    16 beta_vw      0.00000e+00  1.00000e-03     no limits
    17 LM          -2.20020e-04  constant
    18 zeta_y       0.00000e+00  constant
    19 zeta_vw      0.00000e+00  constant
    20 T_CBO        1.00000e+02  1.00000e+00    0.00000e+00  1.00000e+03
    21 alpha_A0     0.00000e+00  1.00000e-03     no limits
    22 beta_A0      0.00000e+00  1.00000e-03     no limits
    23 alpha_phi    0.00000e+00  1.00000e-03     no limits
    24 beta_phi     0.00000e+00  1.00000e-03     no limits
MINUIT - FIT ONLY WIGGLE
 **********
 **    3 **FIX            5
 **********
 PARAMETER    5  IS CONSTANT.   IGNORED.
 **********
 **    4 **FIX            6
 **********
 **********
 **    5 **FIX            7
 **********
 PARAMETER    7  IS CONSTANT.   IGNORED.
 **********
 **    6 **FIX            8
 **********
 **********
 **    7 **FIX            9
 **********
 **********
 **    8 **FIX           10
 **********
 **********
 **    9 **FIX           11
 **********
 **********
 **   10 **FIX           12
 **********
 PARAMETER   12  IS CONSTANT.   IGNORED.
 **********
 **   11 **FIX           13
 **********
 **********
 **   12 **FIX           14
 **********
 **********
 **   13 **FIX           15
 **********
 PARAMETER   15  IS CONSTANT.   IGNORED.
 **********
 **   14 **FIX           16
 **********
 **********
 **   15 **MIGRAD
 **********
 FIRST CALL TO USER FUNCTION AT NEW START POINT, WITH IFLAG=4.
 START MIGRAD MINIMIZATION.  STRATEGY  1.  CONVERGENCE WHEN EDM .LT. 1.00e-04
 FCN=504.262 FROM MIGRAD    STATUS=INITIATE      437 CALLS         438 TOTAL
                     EDM= unknown      STRATEGY= 1      NO ERROR MATRIX       
  EXT PARAMETER               CURRENT GUESS       STEP         FIRST   
  NO.   NAME      VALUE            ERROR          SIZE      DERIVATIVE 
   1  N0           2.83546e+06   1.00000e+02   0.00000e+00  -1.34598e-02
   2  tau          6.43976e+01   constant   
   3  A0           3.54104e-01   1.00000e-04   0.00000e+00  -3.60311e+04
   4  phi          4.11635e+00   1.00000e-02   0.00000e+00  -5.87789e+04
   5  R           -5.94693e+01   constant   
   6  alpha_CBO    0.00000e+00     fixed    
   7  w_CBO        2.32500e+00   constant   
   8  beta_CBO     0.00000e+00     fixed    
   9  alpha_2CBO   0.00000e+00     fixed    
  10  beta_2CBO    0.00000e+00     fixed    
  11  alpha_y      0.00000e+00     fixed    
  12  w_y          1.44500e+01   constant   
  13  beta_y       0.00000e+00     fixed    
  14  alpha_vw     0.00000e+00     fixed    
  15  w_vw         1.29000e+01   constant   
  16  beta_vw      0.00000e+00     fixed    
  17  LM          -2.20020e-04   constant   
  18  zeta_y       0.00000e+00   constant   
  19  zeta_vw      0.00000e+00   constant   
  20  T_CBO        1.00000e+02   1.00000e+00   0.00000e+00   0.00000e+00
  21  alpha_A0     0.00000e+00   1.00000e-03   0.00000e+00   6.42235e+03
  22  beta_A0      0.00000e+00   1.00000e-03   0.00000e+00  -2.81333e+03
  23  alpha_phi    0.00000e+00   1.00000e-03   0.00000e+00  -1.30229e+04
  24  beta_phi     0.00000e+00   1.00000e-03   0.00000e+00   2.77344e+03
 CALL LIMIT EXCEEDED IN MIGRAD.
 MIGRAD TERMINATED WITHOUT CONVERGENCE.
 FCN=60.6345 FROM MIGRAD    STATUS=CALL LIMIT   1320 CALLS        1321 TOTAL
                     EDM=0.0630816    STRATEGY= 1  ERROR MATRIX UNCERTAINTY   5.4 per cent
  EXT PARAMETER                APPROXIMATE        STEP         FIRST   
  NO.   NAME      VALUE            ERROR          SIZE      DERIVATIVE 
   1  N0           2.83881e+06   1.08949e+03   1.96013e+02   3.38865e-04
   2  tau          6.43976e+01   constant   
   3  A0           3.56141e-01   4.01892e-04   3.24978e-05  -6.31391e+02
   4  phi          4.13649e+00   1.51210e-03   2.48987e-04   4.24588e+02
   5  R           -5.94693e+01   constant   
   6  alpha_CBO    0.00000e+00     fixed    
   7  w_CBO        2.32500e+00   constant   
   8  beta_CBO     0.00000e+00     fixed    
   9  alpha_2CBO   0.00000e+00     fixed    
  10  beta_2CBO    0.00000e+00     fixed    
  11  alpha_y      0.00000e+00     fixed    
  12  w_y          1.44500e+01   constant   
  13  beta_y       0.00000e+00     fixed    
  14  alpha_vw     0.00000e+00     fixed    
  15  w_vw         1.29000e+01   constant   
  16  beta_vw      0.00000e+00     fixed    
  17  LM          -2.20020e-04   constant   
  18  zeta_y       0.00000e+00   constant   
  19  zeta_vw      0.00000e+00   constant   
  20  T_CBO        2.33196e+01   2.21579e+00  -4.26370e-03  -1.03609e+02
  21  alpha_A0    -1.01794e-01   1.30589e-02  -3.39231e-03  -1.19524e+01
  22  beta_A0     -9.56531e-01   3.87509e-01  -1.05232e-01   1.32479e+00
  23  alpha_phi   -6.77417e-01   2.77702e-01  -7.61991e-02   8.18479e+00
  24  beta_phi    -3.38178e-01   1.05317e-01  -2.94927e-02  -4.69428e+00
 EXTERNAL ERROR MATRIX.    NDIM=  25    NPAR=  8    ERR DEF=1
  1.187e+06  3.639e-01 -3.141e-01 -1.199e+03  9.376e-02 -1.707e+02 -1.189e+02 -4.133e+01 
  3.639e-01  1.615e-07 -1.816e-08 -4.394e-04 -7.361e-07 -6.952e-05 -4.890e-05 -1.742e-05 
 -3.141e-01 -1.816e-08  2.286e-06 -9.549e-04 -1.432e-05 -3.185e-04 -2.316e-04 -9.275e-05 
 -1.199e+03 -4.394e-04 -9.549e-04  4.910e+00  2.012e-02  8.155e-01  5.841e-01  2.193e-01 
  9.376e-02 -7.361e-07 -1.432e-05  2.012e-02  1.705e-04  3.962e-03  2.907e-03  1.147e-03 
 -1.707e+02 -6.952e-05 -3.185e-04  8.155e-01  3.962e-03  1.502e-01  1.075e-01  4.064e-02 
 -1.189e+02 -4.890e-05 -2.316e-04  5.841e-01  2.907e-03  1.075e-01  7.712e-02  2.919e-02 
 -4.133e+01 -1.742e-05 -9.275e-05  2.193e-01  1.147e-03  4.064e-02  2.919e-02  1.109e-02 
ERR MATRIX APPROXIMATE
 PARAMETER  CORRELATION COEFFICIENTS  
       NO.  GLOBAL      1      3      4     20     21     22     23     24
        1  0.90774   1.000  0.831 -0.191 -0.497  0.007 -0.404 -0.393 -0.360
        3  0.87908   0.831  1.000 -0.030 -0.493 -0.140 -0.446 -0.438 -0.412
        4  0.97592  -0.191 -0.030  1.000 -0.285 -0.725 -0.544 -0.552 -0.582
       20  0.99433  -0.497 -0.493 -0.285  1.000  0.695  0.950  0.949  0.940
       21  0.99081   0.007 -0.140 -0.725  0.695  1.000  0.783  0.802  0.834
       22  0.99993  -0.404 -0.446 -0.544  0.950  0.783  1.000  0.999  0.996
       23  0.99996  -0.393 -0.438 -0.552  0.949  0.802  0.999  1.000  0.998
       24  0.99983  -0.360 -0.412 -0.582  0.940  0.834  0.996  0.998  1.000
 ERR MATRIX APPROXIMATE
MINUIT - FIT ONLY 1-CBO + wiggle
 **********
 **   16 **RES 
 **********
                   PARAMETER   16  beta_vw RESTORED TO VARIABLE.
                   PARAMETER   14  alpha_vw RESTORED TO VARIABLE.
                   PARAMETER   13  beta_y RESTORED TO VARIABLE.
                   PARAMETER   11  alpha_y RESTORED TO VARIABLE.
                   PARAMETER   10  beta_2CBO RESTORED TO VARIABLE.
                   PARAMETER    9  alpha_2CBO RESTORED TO VARIABLE.
                   PARAMETER    8  beta_CBO RESTORED TO VARIABLE.
                   PARAMETER    6  alpha_CBO RESTORED TO VARIABLE.
 **********
 **   17 **FIX            8
 **********
 **********
 **   18 **FIX            9
 **********
 **********
 **   19 **FIX           11
 **********
 **********
 **   20 **FIX           12
 **********
 PARAMETER   12  IS CONSTANT.   IGNORED.
 **********
 **   21 **FIX           14
 **********
 **********
 **   22 **FIX           15
 **********
 PARAMETER   15  IS CONSTANT.   IGNORED.
 **********
 **   23 **FIX           16
 **********
 **********
 **   24 **MIGRAD
 **********
 START MIGRAD MINIMIZATION.  STRATEGY  1.  CONVERGENCE WHEN EDM .LT. 1.00e-04
 FCN=60.6345 FROM MIGRAD    STATUS=INITIATE       28 CALLS        1349 TOTAL
                     EDM= unknown      STRATEGY= 1      NO ERROR MATRIX       
  EXT PARAMETER               CURRENT GUESS       STEP         FIRST   
  NO.   NAME      VALUE            ERROR          SIZE      DERIVATIVE 
   1  N0           2.83881e+06   1.08949e+03   1.96013e+02   3.38865e-04
   2  tau          6.43976e+01   constant   
   3  A0           3.56141e-01   4.01892e-04   3.24978e-05  -6.31391e+02
   4  phi          4.13649e+00   1.51210e-03   2.48987e-04   4.24588e+02
   5  R           -5.94693e+01   constant   
   6  alpha_CBO    0.00000e+00   1.00000e-03   1.00000e-03   3.10553e+03
   7  w_CBO        2.32500e+00   constant   
   8  beta_CBO     0.00000e+00     fixed    
   9  alpha_2CBO   0.00000e+00     fixed    
  10  beta_2CBO    0.00000e+00   1.00000e-03   1.00000e-03   1.05758e+04
  11  alpha_y      0.00000e+00     fixed    
  12  w_y          1.44500e+01   constant   
  13  beta_y       0.00000e+00   1.00000e-03   1.00000e-03   3.47408e+04
  14  alpha_vw     0.00000e+00     fixed    
  15  w_vw         1.29000e+01   constant   
  16  beta_vw      0.00000e+00     fixed    
  17  LM          -2.20020e-04   constant   
  18  zeta_y       0.00000e+00   constant   
  19  zeta_vw      0.00000e+00   constant   
  20  T_CBO        2.33196e+01   2.21579e+00  -4.26370e-03  -1.03609e+02
  21  alpha_A0    -1.01794e-01   1.30589e-02  -3.39231e-03  -1.19524e+01
  22  beta_A0     -9.56531e-01   3.87509e-01  -1.05232e-01   1.32479e+00
  23  alpha_phi   -6.77417e-01   2.77702e-01  -7.61991e-02   8.18479e+00
  24  beta_phi    -3.38178e-01   1.05317e-01  -2.94927e-02  -4.69428e+00
 CALL LIMIT EXCEEDED IN MIGRAD.
 MIGRAD TERMINATED WITHOUT CONVERGENCE.
 FCN=20.5361 FROM MIGRAD    STATUS=CALL LIMIT   1918 CALLS        3239 TOTAL
                     EDM=0.188621    STRATEGY= 1  ERROR MATRIX UNCERTAINTY  11.7 per cent
  EXT PARAMETER                APPROXIMATE        STEP         FIRST   
  NO.   NAME      VALUE            ERROR          SIZE      DERIVATIVE 
   1  N0           2.87435e+06   1.73807e+04   2.99318e+03   4.57271e-04
   2  tau          6.43976e+01   constant   
   3  A0           3.49815e-01   7.16925e-03  -1.97301e-03  -1.44559e+03
   4  phi          4.20832e+00   2.89587e-02  -3.49130e-03   2.00741e+02
   5  R           -5.94693e+01   constant   
   6  alpha_CBO   -4.00452e-03   9.07004e-03  -2.28641e-03  -2.52959e+02
   7  w_CBO        2.32500e+00   constant   
   8  beta_CBO     0.00000e+00     fixed    
   9  alpha_2CBO   0.00000e+00     fixed    
  10  beta_2CBO   -1.00889e-03   2.98727e-03   7.66758e-04   2.62739e+02
  11  alpha_y      0.00000e+00     fixed    
  12  w_y          1.44500e+01   constant   
  13  beta_y      -1.15827e-03   2.88719e-04  -1.76877e-05  -5.09535e+02
  14  alpha_vw     0.00000e+00     fixed    
  15  w_vw         1.29000e+01   constant   
  16  beta_vw      0.00000e+00     fixed    
  17  LM          -2.20020e-04   constant   
  18  zeta_y       0.00000e+00   constant   
  19  zeta_vw      0.00000e+00   constant   
  20  T_CBO        2.96322e+01   5.33305e-01  -5.92300e-04  -5.91760e+02
  21  alpha_A0     2.00933e+00   1.02282e+00   1.93197e-01  -1.09753e+01
  22  beta_A0     -2.45601e+00   6.56303e-01   8.15358e-02  -8.39761e+00
  23  alpha_phi   -2.58764e+00   7.80365e-01  -4.08888e-02   2.04577e+00
  24  beta_phi    -2.28641e+00   9.92899e-01  -1.56841e-01   1.09907e+01
 EXTERNAL ERROR MATRIX.    NDIM=  25    NPAR= 11    ERR DEF=1
  3.021e+08 
 -9.882e+01  5.140e-05 
  2.367e+02  2.955e-05  8.386e-04 
 -1.129e+02  5.525e-05  3.570e-05  8.227e-05 
  2.856e+01 -1.673e-05 -2.627e-05 -2.564e-05  8.924e-06 
  9.535e-02  2.139e-07  1.463e-06  4.431e-07 -2.308e-07  8.336e-08 
  6.699e+02  1.904e-03  1.251e-02  1.142e-03 -5.746e-04  1.499e-05  2.844e-01 
  1.771e+04 -6.119e-03  1.223e-02 -6.993e-03  1.834e-03 -1.851e-06  7.420e-03  1.046e+00 
 -5.295e+03 -7.329e-04 -1.890e-02 -7.148e-04  6.030e-04 -3.900e-05 -2.920e-01 -2.714e-01  4.307e-01 
 -1.109e+04  2.105e-03 -1.689e-02  3.848e-03 -8.947e-04 -4.326e-06 -2.410e-01 -6.332e-01  3.875e-01  6.090e-01 
 -1.711e+04  5.462e-03 -1.504e-02  5.852e-03 -1.412e-03 -9.929e-06 -5.070e-02 -1.003e+00  3.335e-01  6.286e-01  9.858e-01 
ERR MATRIX APPROXIMATE
 PARAMETER  CORRELATION COEFFICIENTS  
       NO.  GLOBAL      1      3      4      6     10     13     20     21     22     23     24
        1  0.99996   1.000 -0.793  0.470 -0.716  0.550  0.019  0.072  0.996 -0.464 -0.818 -0.992
        3  0.99998  -0.793  1.000  0.142  0.850 -0.781  0.103  0.498 -0.834 -0.156  0.376  0.767
        4  0.99996   0.470  0.142  1.000  0.136 -0.304  0.175  0.810  0.413 -0.994 -0.748 -0.523
        6  0.99983  -0.716  0.850  0.136  1.000 -0.946  0.169  0.236 -0.754 -0.120  0.544  0.650
       10  0.99773   0.550 -0.781 -0.304 -0.946  1.000 -0.268 -0.361  0.600  0.308 -0.384 -0.476
       13  0.89518   0.019  0.103  0.175  0.169 -0.268  1.000  0.097 -0.006 -0.206 -0.019 -0.035
       20  0.99938   0.072  0.498  0.810  0.236 -0.361  0.097  1.000  0.014 -0.834 -0.579 -0.096
       21  0.99998   0.996 -0.834  0.413 -0.754  0.600 -0.006  0.014  1.000 -0.404 -0.793 -0.988
       22  0.99992  -0.464 -0.156 -0.994 -0.120  0.308 -0.206 -0.834 -0.404  1.000  0.757  0.512
       23  0.99974  -0.818  0.376 -0.748  0.544 -0.384 -0.019 -0.579 -0.793  0.757  1.000  0.811
       24  0.99998  -0.992  0.767 -0.523  0.650 -0.476 -0.035 -0.096 -0.988  0.512  0.811  1.000
 ERR MATRIX APPROXIMATE
MINUIT - FIT ONLY 2-CBO
 **********
 **   25 **RES 
 **********
                   PARAMETER   16  beta_vw RESTORED TO VARIABLE.
                   PARAMETER   14  alpha_vw RESTORED TO VARIABLE.
                   PARAMETER   11  alpha_y RESTORED TO VARIABLE.
                   PARAMETER    9  alpha_2CBO RESTORED TO VARIABLE.
                   PARAMETER    8  beta_CBO RESTORED TO VARIABLE.
 **********
 **   26 **FIX            0
 **********
 PARAMETER    0  IS UNDEFINED. IGNORED.
 **********
 **   27 **FIX            1
 **********
 **********
 **   28 **FIX            2
 **********
 PARAMETER    2  IS CONSTANT.   IGNORED.
 **********
 **   29 **FIX            3
 **********
 **********
 **   30 **FIX            4
 **********
 **********
 **   31 **FIX            5
 **********
 PARAMETER    5  IS CONSTANT.   IGNORED.
 **********
 **   32 **FIX            6
 **********
 **********
 **   33 **FIX            7
 **********
 PARAMETER    7  IS CONSTANT.   IGNORED.
 **********
 **   34 **FIX           10
 **********
 **********
 **   35 **FIX           11
 **********
 **********
 **   36 **FIX           12
 **********
 PARAMETER   12  IS CONSTANT.   IGNORED.
 **********
 **   37 **FIX           13
 **********
 **********
 **   38 **FIX           14
 **********
 **********
 **   39 **FIX           15
 **********
 PARAMETER   15  IS CONSTANT.   IGNORED.
 **********
 **   40 **FIX           16
 **********
 **********
 **   41 **MIGRAD
 **********
 START MIGRAD MINIMIZATION.  STRATEGY  1.  CONVERGENCE WHEN EDM .LT. 1.00e-04
 FCN=20.5361 FROM MIGRAD    STATUS=INITIATE       18 CALLS        3257 TOTAL
                     EDM= unknown      STRATEGY= 1      NO ERROR MATRIX       
  EXT PARAMETER               CURRENT GUESS       STEP         FIRST   
  NO.   NAME      VALUE            ERROR          SIZE      DERIVATIVE 
   1  N0           2.87435e+06     fixed    
   2  tau          6.43976e+01   constant   
   3  A0           3.49815e-01     fixed    
   4  phi          4.20832e+00     fixed    
   5  R           -5.94693e+01   constant   
   6  alpha_CBO   -4.00452e-03     fixed    
   7  w_CBO        2.32500e+00   constant   
   8  beta_CBO     0.00000e+00   1.00000e-03   1.00000e-03  -5.02124e+02
   9  alpha_2CBO   0.00000e+00   1.00000e-03   1.00000e-03  -3.96590e+02
  10  beta_2CBO   -1.00889e-03     fixed    
  11  alpha_y      0.00000e+00     fixed    
  12  w_y          1.44500e+01   constant   
  13  beta_y      -1.15827e-03     fixed    
  14  alpha_vw     0.00000e+00     fixed    
  15  w_vw         1.29000e+01   constant   
  16  beta_vw      0.00000e+00     fixed    
  17  LM          -2.20020e-04   constant   
  18  zeta_y       0.00000e+00   constant   
  19  zeta_vw      0.00000e+00   constant   
  20  T_CBO        2.96322e+01   5.33305e-01  -5.92300e-04  -5.91760e+02
  21  alpha_A0     2.00933e+00   1.02282e+00   1.93197e-01  -1.09753e+01
  22  beta_A0     -2.45601e+00   6.56303e-01   8.15358e-02  -8.39761e+00
  23  alpha_phi   -2.58764e+00   7.80365e-01  -4.08888e-02   2.04577e+00
  24  beta_phi    -2.28641e+00   9.92899e-01  -1.56841e-01   1.09907e+01
 MIGRAD MINIMIZATION HAS CONVERGED.
 MIGRAD WILL VERIFY CONVERGENCE AND ERROR MATRIX.
 FCN=20.137 FROM MIGRAD    STATUS=CONVERGED     184 CALLS        3423 TOTAL
                     EDM=1.54583e-05    STRATEGY= 1      ERR MATRIX NOT POS-DEF
  EXT PARAMETER                APPROXIMATE        STEP         FIRST   
  NO.   NAME      VALUE            ERROR          SIZE      DERIVATIVE 
   1  N0           2.87435e+06     fixed    
   2  tau          6.43976e+01   constant   
   3  A0           3.49815e-01     fixed    
   4  phi          4.20832e+00     fixed    
   5  R           -5.94693e+01   constant   
   6  alpha_CBO   -4.00452e-03     fixed    
   7  w_CBO        2.32500e+00   constant   
   8  beta_CBO     1.81585e-03   2.12130e-03   6.36296e-07   2.65850e-01
   9  alpha_2CBO   1.70738e-03   1.96580e-03   6.41116e-07   1.30206e+00
  10  beta_2CBO   -1.00889e-03     fixed    
  11  alpha_y      0.00000e+00     fixed    
  12  w_y          1.44500e+01   constant   
  13  beta_y      -1.15827e-03     fixed    
  14  alpha_vw     0.00000e+00     fixed    
  15  w_vw         1.29000e+01   constant   
  16  beta_vw      0.00000e+00     fixed    
  17  LM          -2.20020e-04   constant   
  18  zeta_y       0.00000e+00   constant   
  19  zeta_vw      0.00000e+00   constant   
  20  T_CBO        2.95869e+01   7.30933e-01   6.82513e-07   2.89300e+00
  21  alpha_A0     2.13639e+00   2.23064e-01   4.68310e-05   2.23409e-02
  22  beta_A0     -2.49609e+00   2.06838e-01   5.87606e-05  -1.28601e-02
  23  alpha_phi   -2.55544e+00   2.09661e-01   5.28184e-05  -2.76571e-02
  24  beta_phi    -2.13619e+00   2.46940e-01   4.79351e-05  -3.37060e-02
 EXTERNAL ERROR MATRIX.    NDIM=  25    NPAR=  7    ERR DEF=1
  4.500e-06  4.072e-06 -1.136e-04  3.038e-04 -1.047e-04  7.695e-05  3.715e-04 
  4.072e-06  3.864e-06 -8.926e-05  2.796e-04 -9.109e-05  7.685e-05  3.463e-04 
 -1.136e-04 -8.926e-05  5.343e-01 -1.306e-01  1.476e-01  1.474e-01  1.158e-01 
  3.038e-04  2.796e-04 -1.306e-01  4.976e-02 -4.064e-02 -2.918e-02 -3.527e-03 
 -1.047e-04 -9.109e-05  1.476e-01 -4.064e-02  4.278e-02  3.912e-02  2.573e-02 
  7.695e-05  7.685e-05  1.474e-01 -2.918e-02  3.912e-02  4.396e-02  4.179e-02 
  3.715e-04  3.463e-04  1.158e-01 -3.527e-03  2.573e-02  4.179e-02  6.098e-02 
ERR MATRIX NOT POS-DEF
 PARAMETER  CORRELATION COEFFICIENTS  
       NO.  GLOBAL      8      9     20     21     22     23     24
        8  0.99105   1.000  0.976 -0.073  0.642 -0.239  0.173  0.709
        9  0.98941   0.976  1.000 -0.062  0.638 -0.224  0.186  0.713
       20  0.99752  -0.073 -0.062  1.000 -0.801  0.976  0.962  0.642
       21  0.99563   0.642  0.638 -0.801  1.000 -0.881 -0.624 -0.064
       22  0.99198  -0.239 -0.224  0.976 -0.881  1.000  0.902  0.504
       23  0.99370   0.173  0.186  0.962 -0.624  0.902  1.000  0.807
       24  0.99626   0.709  0.713  0.642 -0.064  0.504  0.807  1.000
 ERR MATRIX NOT POS-DEF
MINUIT - FIT wiggle + 1-CBO + 2-CBO
 **********
 **   42 **RES 
 **********
                   PARAMETER   16  beta_vw RESTORED TO VARIABLE.
                   PARAMETER   14  alpha_vw RESTORED TO VARIABLE.
                   PARAMETER   13  beta_y RESTORED TO VARIABLE.
                   PARAMETER   11  alpha_y RESTORED TO VARIABLE.
                   PARAMETER   10  beta_2CBO RESTORED TO VARIABLE.
                   PARAMETER    6  alpha_CBO RESTORED TO VARIABLE.
                   PARAMETER    4  phi RESTORED TO VARIABLE.
                   PARAMETER    3  A0 RESTORED TO VARIABLE.
                   PARAMETER    1  N0 RESTORED TO VARIABLE.
 **********
 **   43 **FIX           10
 **********
 **********
 **   44 **FIX           11
 **********
 **********
 **   45 **FIX           12
 **********
 PARAMETER   12  IS CONSTANT.   IGNORED.
 **********
 **   46 **FIX           13
 **********
 **********
 **   47 **FIX           14
 **********
 **********
 **   48 **FIX           15
 **********
 PARAMETER   15  IS CONSTANT.   IGNORED.
 **********
 **   49 **FIX           16
 **********
 **********
 **   50 **MIGRAD
 **********
 START MIGRAD MINIMIZATION.  STRATEGY  1.  CONVERGENCE WHEN EDM .LT. 1.00e-04
 FCN=20.137 FROM MIGRAD    STATUS=INITIATE       22 CALLS        3445 TOTAL
                     EDM= unknown      STRATEGY= 1      NO ERROR MATRIX       
  EXT PARAMETER               CURRENT GUESS       STEP         FIRST   
  NO.   NAME      VALUE            ERROR          SIZE      DERIVATIVE 
   1  N0           2.87435e+06   1.73807e+04   1.73807e+04  -5.08602e-05
   2  tau          6.43976e+01   constant   
   3  A0           3.49815e-01   7.16925e-03   7.16925e-03   1.23811e+02
   4  phi          4.20832e+00   2.89587e-02   2.89587e-02  -1.19616e+01
   5  R           -5.94693e+01   constant   
   6  alpha_CBO   -4.00452e-03   9.07004e-03   9.07004e-03  -3.01411e+02
   7  w_CBO        2.32500e+00   constant   
   8  beta_CBO     1.81585e-03   2.12130e-03   6.36296e-07   2.65856e-01
   9  alpha_2CBO   1.70738e-03   1.96580e-03   6.41116e-07   1.30206e+00
  10  beta_2CBO   -1.00889e-03     fixed    
  11  alpha_y      0.00000e+00     fixed    
  12  w_y          1.44500e+01   constant   
  13  beta_y      -1.15827e-03     fixed    
  14  alpha_vw     0.00000e+00     fixed    
  15  w_vw         1.29000e+01   constant   
  16  beta_vw      0.00000e+00     fixed    
  17  LM          -2.20020e-04   constant   
  18  zeta_y       0.00000e+00   constant   
  19  zeta_vw      0.00000e+00   constant   
  20  T_CBO        2.95869e+01   7.30933e-01   6.82513e-07   2.89313e+00
  21  alpha_A0     2.13639e+00   2.23064e-01   4.68310e-05   2.23375e-02
  22  beta_A0     -2.49609e+00   2.06838e-01   5.87606e-05  -1.28604e-02
  23  alpha_phi   -2.55544e+00   2.09661e-01   5.28184e-05  -2.76571e-02
  24  beta_phi    -2.13619e+00   2.46940e-01   4.79351e-05  -3.37061e-02
 CALL LIMIT EXCEEDED IN MIGRAD.
 MIGRAD TERMINATED WITHOUT CONVERGENCE.
 FCN=16.2988 FROM MIGRAD    STATUS=CALL LIMIT   1908 CALLS        5331 TOTAL
                     EDM=0.0129098    STRATEGY= 1  ERROR MATRIX UNCERTAINTY  17.5 per cent
  EXT PARAMETER                APPROXIMATE        STEP         FIRST   
  NO.   NAME      VALUE            ERROR          SIZE      DERIVATIVE 
   1  N0           2.95536e+06   1.87318e+04   1.63081e+03   1.65580e-04
   2  tau          6.43976e+01   constant   
   3  A0           3.49989e-01   7.00806e-03   5.67570e-04  -7.57268e+02
   4  phi          4.30690e+00   3.15737e-02   2.91946e-03   5.01520e+01
   5  R           -5.94693e+01   constant   
   6  alpha_CBO   -3.58909e-03   3.52587e-03   6.99011e-05   1.77980e+02
   7  w_CBO        2.32500e+00   constant   
   8  beta_CBO     7.64389e-03   1.82688e-03   9.29584e-05  -3.82186e+02
   9  alpha_2CBO   1.72002e-02   4.86091e-03   4.08576e-04  -1.05259e+01
  10  beta_2CBO   -1.00889e-03     fixed    
  11  alpha_y      0.00000e+00     fixed    
  12  w_y          1.44500e+01   constant   
  13  beta_y      -1.15827e-03     fixed    
  14  alpha_vw     0.00000e+00     fixed    
  15  w_vw         1.29000e+01   constant   
  16  beta_vw      0.00000e+00     fixed    
  17  LM          -2.20020e-04   constant   
  18  zeta_y       0.00000e+00   constant   
  19  zeta_vw      0.00000e+00   constant   
  20  T_CBO        3.39466e+01   8.73367e-01   4.35351e-04  -1.25216e+02
  21  alpha_A0     4.46482e+00   4.00484e-01   2.67222e-02  -3.17518e+00
  22  beta_A0     -3.14490e+00   3.37297e-01  -3.01771e-02  -8.72295e+00
  23  alpha_phi   -2.30049e+00   2.55950e-01  -8.21724e-03  -2.22435e+00
  24  beta_phi    -3.21748e+00   2.22969e-01  -1.21135e-02   8.27562e+00
 EXTERNAL ERROR MATRIX.    NDIM=  25    NPAR= 11    ERR DEF=1
  3.509e+08 
  9.168e+01  4.911e-05 
  5.706e+02  1.869e-04  9.969e-04 
  1.865e+01  9.083e-07  2.851e-05  1.243e-05 
  2.589e+01  4.357e-06  3.585e-05  2.980e-06  3.337e-06 
  8.802e+01  2.571e-05  1.448e-04  5.694e-06  7.367e-06  2.363e-05 
  1.566e+04  4.934e-03  2.689e-02  2.071e-04  9.163e-04  3.856e-03  7.628e-01 
  6.787e+03  9.848e-04  9.759e-03  6.234e-04  6.402e-04  1.685e-03  2.651e-01  1.604e-01 
 -5.361e+03 -2.280e-03 -1.001e-02 -5.475e-05 -3.025e-04 -1.429e-03 -2.729e-01 -7.503e-02  1.138e-01 
 -3.147e+02 -1.204e-03 -2.174e-03  5.420e-04  1.653e-04 -1.109e-04 -7.274e-02  3.580e-02  4.726e-02  6.551e-02 
 -3.138e+03 -2.509e-04 -4.517e-03 -2.014e-04 -1.883e-04 -6.294e-04 -1.329e-01 -7.347e-02  2.864e-02 -1.704e-02  4.972e-02 
ERR MATRIX APPROXIMATE
 PARAMETER  CORRELATION COEFFICIENTS  
       NO.  GLOBAL      1      3      4      6      8      9     20     21     22     23     24
        1  0.99978   1.000  0.698  0.965  0.282  0.757  0.967  0.958  0.905 -0.848 -0.066 -0.751
        3  0.99978   0.698  1.000  0.845  0.037  0.340  0.755  0.806  0.351 -0.965 -0.671 -0.161
        4  0.99982   0.965  0.845  1.000  0.256  0.622  0.943  0.975  0.772 -0.940 -0.269 -0.642
        6  0.99709   0.282  0.037  0.256  1.000  0.463  0.332  0.067  0.441 -0.046  0.601 -0.256
        8  0.99315   0.757  0.340  0.622  0.463  1.000  0.830  0.574  0.875 -0.491  0.354 -0.462
        9  0.99835   0.967  0.755  0.943  0.332  0.830  1.000  0.908  0.866 -0.872 -0.089 -0.581
       20  0.99944   0.958  0.806  0.975  0.067  0.574  0.908  1.000  0.758 -0.926 -0.325 -0.683
       21  0.99953   0.905  0.351  0.772  0.441  0.875  0.866  0.758  1.000 -0.555  0.349 -0.823
       22  0.99916  -0.848 -0.965 -0.940 -0.046 -0.491 -0.872 -0.926 -0.555  1.000  0.547  0.381
       23  0.99865  -0.066 -0.671 -0.269  0.601  0.354 -0.089 -0.325  0.349  0.547  1.000 -0.299
       24  0.99874  -0.751 -0.161 -0.642 -0.256 -0.462 -0.581 -0.683 -0.823  0.381 -0.299  1.000
 ERR MATRIX APPROXIMATE
MINUIT - FIT ONLY 1-y
 **********
 **   51 **RES 
 **********
                   PARAMETER   16  beta_vw RESTORED TO VARIABLE.
                   PARAMETER   14  alpha_vw RESTORED TO VARIABLE.
                   PARAMETER   13  beta_y RESTORED TO VARIABLE.
                   PARAMETER   11  alpha_y RESTORED TO VARIABLE.
                   PARAMETER   10  beta_2CBO RESTORED TO VARIABLE.
 **********
 **   52 **FIX            0
 **********
 PARAMETER    0  IS UNDEFINED. IGNORED.
 **********
 **   53 **FIX            1
 **********
 **********
 **   54 **FIX            2
 **********
 PARAMETER    2  IS CONSTANT.   IGNORED.
 **********
 **   55 **FIX            3
 **********
 **********
 **   56 **FIX            4
 **********
 **********
 **   57 **FIX            5
 **********
 PARAMETER    5  IS CONSTANT.   IGNORED.
 **********
 **   58 **FIX            6
 **********
 **********
 **   59 **FIX            7
 **********
 PARAMETER    7  IS CONSTANT.   IGNORED.
 **********
 **   60 **FIX            8
 **********
 **********
 **   61 **FIX            9
 **********
 **********
 **   62 **FIX           13
 **********
 **********
 **   63 **FIX           14
 **********
 **********
 **   64 **FIX           15
 **********
 PARAMETER   15  IS CONSTANT.   IGNORED.
 **********
 **   65 **FIX           16
 **********
 **********
 **   66 **MIGRAD
 **********
 START MIGRAD MINIMIZATION.  STRATEGY  1.  CONVERGENCE WHEN EDM .LT. 1.00e-04
 FCN=16.2988 FROM MIGRAD    STATUS=INITIATE       16 CALLS        5347 TOTAL
                     EDM= unknown      STRATEGY= 1      NO ERROR MATRIX       
  EXT PARAMETER               CURRENT GUESS       STEP         FIRST   
  NO.   NAME      VALUE            ERROR          SIZE      DERIVATIVE 
   1  N0           2.95536e+06     fixed    
   2  tau          6.43976e+01   constant   
   3  A0           3.49989e-01     fixed    
   4  phi          4.30690e+00     fixed    
   5  R           -5.94693e+01   constant   
   6  alpha_CBO   -3.58909e-03     fixed    
   7  w_CBO        2.32500e+00   constant   
   8  beta_CBO     7.64389e-03     fixed    
   9  alpha_2CBO   1.72002e-02     fixed    
  10  beta_2CBO   -1.00889e-03   2.98727e-03   2.98727e-03   1.05290e+02
  11  alpha_y      0.00000e+00   1.00000e-03   1.00000e-03  -2.06091e+04
  12  w_y          1.44500e+01   constant   
  13  beta_y      -1.15827e-03     fixed    
  14  alpha_vw     0.00000e+00     fixed    
  15  w_vw         1.29000e+01   constant   
  16  beta_vw      0.00000e+00     fixed    
  17  LM          -2.20020e-04   constant   
  18  zeta_y       0.00000e+00   constant   
  19  zeta_vw      0.00000e+00   constant   
  20  T_CBO        3.39466e+01   8.73367e-01   4.35351e-04  -1.25216e+02
  21  alpha_A0     4.46482e+00   4.00484e-01   2.67222e-02  -3.17518e+00
  22  beta_A0     -3.14490e+00   3.37297e-01  -3.01771e-02  -8.72295e+00
  23  alpha_phi   -2.30049e+00   2.55950e-01  -8.21724e-03  -2.22435e+00
  24  beta_phi    -3.21748e+00   2.22969e-01  -1.21135e-02   8.27562e+00
 MIGRAD MINIMIZATION HAS CONVERGED.
 MIGRAD WILL VERIFY CONVERGENCE AND ERROR MATRIX.
 COVARIANCE MATRIX CALCULATED SUCCESSFULLY
 FCN=7.60553 FROM HESSE     STATUS=OK             50 CALLS        5508 TOTAL
                     EDM=0.0306241    STRATEGY= 1      ERROR MATRIX ACCURATE 
  EXT PARAMETER                                   STEP         FIRST   
  NO.   NAME      VALUE            ERROR          SIZE      DERIVATIVE 
   1  N0           2.95536e+06     fixed    
   2  tau          6.43976e+01   constant   
   3  A0           3.49989e-01     fixed    
   4  phi          4.30690e+00     fixed    
   5  R           -5.94693e+01   constant   
   6  alpha_CBO   -3.58909e-03     fixed    
   7  w_CBO        2.32500e+00   constant   
   8  beta_CBO     7.64389e-03     fixed    
   9  alpha_2CBO   1.72002e-02     fixed    
  10  beta_2CBO   -2.55187e-04   8.40417e-04   3.79038e-07   1.35601e-02
  11  alpha_y      8.37500e-04   2.84524e-04   3.84646e-07   2.14655e-01
  12  w_y          1.44500e+01   constant   
  13  beta_y      -1.15827e-03     fixed    
  14  alpha_vw     0.00000e+00     fixed    
  15  w_vw         1.29000e+01   constant   
  16  beta_vw      0.00000e+00     fixed    
  17  LM          -2.20020e-04   constant   
  18  zeta_y       0.00000e+00   constant   
  19  zeta_vw      0.00000e+00   constant   
  20  T_CBO        3.39120e+01   8.01608e+00   5.72385e-07  -3.51715e+00
  21  alpha_A0     4.47930e+00   2.98854e+00   2.01913e-05   2.86098e-02
  22  beta_A0     -3.09694e+00   2.07685e+00   2.27275e-05  -1.65418e-02
  23  alpha_phi   -2.31254e+00   1.55577e+00   1.96948e-05  -1.78168e-02
  24  beta_phi    -3.19266e+00   2.14683e+00   2.06037e-05  -2.17190e-02
 MIGRAD MINIMIZATION HAS CONVERGED.
 MIGRAD WILL VERIFY CONVERGENCE AND ERROR MATRIX.
 COVARIANCE MATRIX CALCULATED SUCCESSFULLY
 FCN=7.54443 FROM MIGRAD    STATUS=CONVERGED    1123 CALLS        6454 TOTAL
                     EDM=9.0791e-06    STRATEGY= 1      ERROR MATRIX ACCURATE 
  EXT PARAMETER                                   STEP         FIRST   
  NO.   NAME      VALUE            ERROR          SIZE      DERIVATIVE 
   1  N0           2.95536e+06     fixed    
   2  tau          6.43976e+01   constant   
   3  A0           3.49989e-01     fixed    
   4  phi          4.30690e+00     fixed    
   5  R           -5.94693e+01   constant   
   6  alpha_CBO   -3.58909e-03     fixed    
   7  w_CBO        2.32500e+00   constant   
   8  beta_CBO     7.64389e-03     fixed    
   9  alpha_2CBO   1.72002e-02     fixed    
  10  beta_2CBO   -2.07506e-04   8.44941e-04   3.77683e-07   1.84338e+00
  11  alpha_y      8.42968e-04   2.84659e-04   3.83270e-07   9.37665e-01
  12  w_y          1.44500e+01   constant   
  13  beta_y      -1.15827e-03     fixed    
  14  alpha_vw     0.00000e+00     fixed    
  15  w_vw         1.29000e+01   constant   
  16  beta_vw      0.00000e+00     fixed    
  17  LM          -2.20020e-04   constant   
  18  zeta_y       0.00000e+00   constant   
  19  zeta_vw      0.00000e+00   constant   
  20  T_CBO        3.69336e+01   1.11642e+01   5.64588e-07   2.15089e+00
  21  alpha_A0     3.55598e+00   2.78642e+00   1.59681e-05   2.57592e-02
  22  beta_A0     -2.45547e+00   1.93437e+00   1.79581e-05   1.14091e-02
  23  alpha_phi   -1.83237e+00   1.44773e+00   1.55391e-05   7.66634e-02
  24  beta_phi    -2.52981e+00   1.99817e+00   1.62680e-05  -9.65439e-02
 EXTERNAL ERROR MATRIX.    NDIM=  25    NPAR=  7    ERR DEF=1
  7.139e-07  7.167e-08  1.675e-03 -4.161e-04  3.249e-04  2.127e-04  3.210e-04 
  7.167e-08  8.103e-08  1.903e-04 -4.738e-05  3.706e-05  2.425e-05  3.656e-05 
  1.675e-03  1.903e-04  1.248e+02 -3.113e+01  2.160e+01  1.617e+01  2.232e+01 
 -4.161e-04 -4.738e-05 -3.113e+01  7.764e+00 -5.388e+00 -4.034e+00 -5.567e+00 
  3.249e-04  3.706e-05  2.160e+01 -5.388e+00  3.742e+00  2.799e+00  3.865e+00 
  2.127e-04  2.425e-05  1.617e+01 -4.034e+00  2.799e+00  2.096e+00  2.892e+00 
  3.210e-04  3.656e-05  2.232e+01 -5.567e+00  3.865e+00  2.892e+00  3.993e+00 
 PARAMETER  CORRELATION COEFFICIENTS  
       NO.  GLOBAL     10     11     20     21     22     23     24
       10  0.94970   1.000  0.298  0.177 -0.177  0.199  0.174  0.190
       11  0.33183   0.298  1.000  0.060 -0.060  0.067  0.059  0.064
       20  1.00000   0.177  0.060  1.000 -1.000  1.000  1.000  1.000
       21  0.99999  -0.177 -0.060 -1.000  1.000 -1.000 -1.000 -1.000
       22  0.99998   0.199  0.067  1.000 -1.000  1.000  1.000  1.000
       23  0.99997   0.174  0.059  1.000 -1.000  1.000  1.000  1.000
       24  0.99998   0.190  0.064  1.000 -1.000  1.000  1.000  1.000
MINUIT - FIT ONLY 2-y
 **********
 **   67 **RES 
 **********
                   PARAMETER   16  beta_vw RESTORED TO VARIABLE.
                   PARAMETER   14  alpha_vw RESTORED TO VARIABLE.
                   PARAMETER   13  beta_y RESTORED TO VARIABLE.
                   PARAMETER    9  alpha_2CBO RESTORED TO VARIABLE.
                   PARAMETER    8  beta_CBO RESTORED TO VARIABLE.
                   PARAMETER    6  alpha_CBO RESTORED TO VARIABLE.
                   PARAMETER    4  phi RESTORED TO VARIABLE.
                   PARAMETER    3  A0 RESTORED TO VARIABLE.
                   PARAMETER    1  N0 RESTORED TO VARIABLE.
 **********
 **   68 **FIX            0
 **********
 PARAMETER    0  IS UNDEFINED. IGNORED.
 **********
 **   69 **FIX            1
 **********
 **********
 **   70 **FIX            2
 **********
 PARAMETER    2  IS CONSTANT.   IGNORED.
 **********
 **   71 **FIX            3
 **********
 **********
 **   72 **FIX            4
 **********
 **********
 **   73 **FIX            5
 **********
 PARAMETER    5  IS CONSTANT.   IGNORED.
 **********
 **   74 **FIX            6
 **********
 **********
 **   75 **FIX            7
 **********
 PARAMETER    7  IS CONSTANT.   IGNORED.
 **********
 **   76 **FIX            8
 **********
 **********
 **   77 **FIX            9
 **********
 **********
 **   78 **FIX           10
 **********
 **********
 **   79 **FIX           11
 **********
 **********
 **   80 **FIX           12
 **********
 PARAMETER   12  IS CONSTANT.   IGNORED.
 **********
 **   81 **FIX           16
 **********
 **********
 **   82 **MIGRAD
 **********
 START MIGRAD MINIMIZATION.  STRATEGY  1.  CONVERGENCE WHEN EDM .LT. 1.00e-04
 FCN=7.54443 FROM MIGRAD    STATUS=INITIATE       16 CALLS        6470 TOTAL
                     EDM= unknown      STRATEGY= 1      NO ERROR MATRIX       
  EXT PARAMETER               CURRENT GUESS       STEP         FIRST   
  NO.   NAME      VALUE            ERROR          SIZE      DERIVATIVE 
   1  N0           2.95536e+06     fixed    
   2  tau          6.43976e+01   constant   
   3  A0           3.49989e-01     fixed    
   4  phi          4.30690e+00     fixed    
   5  R           -5.94693e+01   constant   
   6  alpha_CBO   -3.58909e-03     fixed    
   7  w_CBO        2.32500e+00   constant   
   8  beta_CBO     7.64389e-03     fixed    
   9  alpha_2CBO   1.72002e-02     fixed    
  10  beta_2CBO   -2.07506e-04     fixed    
  11  alpha_y      8.42968e-04     fixed    
  12  w_y          1.44500e+01   constant   
  13  beta_y      -1.15827e-03   2.88719e-04   2.88719e-04   1.04843e+03
  14  alpha_vw     0.00000e+00   1.00000e-03   1.00000e-03  -8.70542e+03
  15  w_vw         1.29000e+01   constant   
  16  beta_vw      0.00000e+00     fixed    
  17  LM          -2.20020e-04   constant   
  18  zeta_y       0.00000e+00   constant   
  19  zeta_vw      0.00000e+00   constant   
  20  T_CBO        3.69336e+01   1.11642e+01   5.64588e-07   2.15095e+00
  21  alpha_A0     3.55598e+00   2.78642e+00   1.59681e-05   2.57619e-02
  22  beta_A0     -2.45547e+00   1.93437e+00   1.79581e-05   1.14145e-02
  23  alpha_phi   -1.83237e+00   1.44773e+00   1.55391e-05   7.66633e-02
  24  beta_phi    -2.52981e+00   1.99817e+00   1.62680e-05  -9.65438e-02
 MIGRAD MINIMIZATION HAS CONVERGED.
 MIGRAD WILL VERIFY CONVERGENCE AND ERROR MATRIX.
 FCN=5.88967 FROM MIGRAD    STATUS=CONVERGED     162 CALLS        6616 TOTAL
                     EDM=1.83124e-05    STRATEGY= 1      ERR MATRIX NOT POS-DEF
  EXT PARAMETER                APPROXIMATE        STEP         FIRST   
  NO.   NAME      VALUE            ERROR          SIZE      DERIVATIVE 
   1  N0           2.95536e+06     fixed    
   2  tau          6.43976e+01   constant   
   3  A0           3.49989e-01     fixed    
   4  phi          4.30690e+00     fixed    
   5  R           -5.94693e+01   constant   
   6  alpha_CBO   -3.58909e-03     fixed    
   7  w_CBO        2.32500e+00   constant   
   8  beta_CBO     7.64389e-03     fixed    
   9  alpha_2CBO   1.72002e-02     fixed    
  10  beta_2CBO   -2.07506e-04     fixed    
  11  alpha_y      8.42968e-04     fixed    
  12  w_y          1.44500e+01   constant   
  13  beta_y      -1.03900e-03   3.07719e-04   3.59685e-07   4.28417e-03
  14  alpha_vw     3.94552e-04   3.08253e-04   3.56594e-07   2.24052e-03
  15  w_vw         1.29000e+01   constant   
