 + ++++++++++++++++++++++++++++++++++++++++++++++++++++++++++++++++++++ +
 +                                                                      +
 +           You have chose to blind your fitting according to          +
 +                omega_ref * (1 + (R +/- deltaR) *10^{-6})             +
 +                                                                      +
 + ++++++++++++++++++++++++++++++++++++++++++++++++++++++++++++++++++++ +
In main()...
reading format from /gm2data/zkhechad/run45/envelope/formats/formatB_sBin_constraintOn.txt
pBinTau 	= 0  
pBinPhi 	= 0  
constraintau 	= 1 
includeMopTerm 	= 0    
constrainMop    = 0   
Parameters after format file: pBinTau 0 pBinPhi 0 constraintau 1 includeMopTerm 0 constrainMop 0 c_e_scale 0.000000 
Opening file /gm2data/tbarrett/gm2fr/studies/run23_bunch_corrections/CorrectedFourier_Run3b.root.
reading full fit data from /gm2data/zkhechad/cboTemplates/Run4CBOTemplates/fullFits/noRF/sBin_constraintOn_cE0.0_seed0_noRF_calo18.root
windowBins = 34
fitting sliding window 35 from bin 171 at 25.364000 to bin 205 at 30.586000 (34 bins)

Reading data from /gm2data/cornell/histograms/aMethod/histogram_a_noRF.root
 **********
 **    1 **SET PRINTOUT            1
 **********
 **********
 **    2 **SET NOWARNINGS 
 **********
 PARAMETER DEFINITIONS:
    NO.   NAME         VALUE      STEP SIZE      LIMITS
     1 N0           3.61741e+06  1.00000e+02     no limits
     2 tau          6.44109e+01  constant
     3 A0           3.53417e-01  1.00000e-04     no limits
     4 phi          4.12209e+00  1.00000e-02     no limits
     5 R           -6.03373e+01  constant
     6 alpha_CBO    0.00000e+00  1.00000e-03     no limits
     7 w_CBO        2.32500e+00  constant
     8 beta_CBO     0.00000e+00  1.00000e-03     no limits
     9 alpha_2CBO   0.00000e+00  1.00000e-03     no limits
    10 beta_2CBO    0.00000e+00  1.00000e-03     no limits
    11 alpha_y      0.00000e+00  1.00000e-03     no limits
    12 w_y          1.38860e+01  constant
    13 beta_y       0.00000e+00  1.00000e-03     no limits
    14 alpha_vw     0.00000e+00  1.00000e-03     no limits
    15 w_vw         1.43404e+01  constant
    16 beta_vw      0.00000e+00  1.00000e-03     no limits
    17 LM           1.86654e-04  constant
    18 zeta_y       0.00000e+00  constant
    19 zeta_vw      0.00000e+00  constant
    20 T_CBO        1.00000e+02  1.00000e+00    0.00000e+00  1.00000e+03
    21 alpha_A0     0.00000e+00  1.00000e-03     no limits
    22 beta_A0      0.00000e+00  1.00000e-03     no limits
    23 alpha_phi    0.00000e+00  1.00000e-03     no limits
    24 beta_phi     0.00000e+00  1.00000e-03     no limits
MINUIT - FIT ONLY WIGGLE
 **********
 **    3 **FIX            5
 **********
 PARAMETER    5  IS CONSTANT.   IGNORED.
 **********
 **    4 **FIX            6
 **********
 **********
 **    5 **FIX            7
 **********
 PARAMETER    7  IS CONSTANT.   IGNORED.
 **********
 **    6 **FIX            8
 **********
 **********
 **    7 **FIX            9
 **********
 **********
 **    8 **FIX           10
 **********
 **********
 **    9 **FIX           11
 **********
 **********
 **   10 **FIX           12
 **********
 PARAMETER   12  IS CONSTANT.   IGNORED.
 **********
 **   11 **FIX           13
 **********
 **********
 **   12 **FIX           14
 **********
 **********
 **   13 **FIX           15
 **********
 PARAMETER   15  IS CONSTANT.   IGNORED.
 **********
 **   14 **FIX           16
 **********
 **********
 **   15 **MIGRAD
 **********
 FIRST CALL TO USER FUNCTION AT NEW START POINT, WITH IFLAG=4.
 START MIGRAD MINIMIZATION.  STRATEGY  1.  CONVERGENCE WHEN EDM .LT. 1.00e-04
 FCN=12041.1 FROM MIGRAD    STATUS=INITIATE      435 CALLS         436 TOTAL
                     EDM= unknown      STRATEGY= 1      NO ERROR MATRIX       
  EXT PARAMETER               CURRENT GUESS       STEP         FIRST   
  NO.   NAME      VALUE            ERROR          SIZE      DERIVATIVE 
   1  N0           3.61741e+06   1.00000e+02   0.00000e+00   1.04690e-01
   2  tau          6.44109e+01   constant   
   3  A0           3.53417e-01   1.00000e-04   0.00000e+00   9.31768e+05
   4  phi          4.12209e+00   1.00000e-02   0.00000e+00   2.84982e+04
   5  R           -6.03373e+01   constant   
   6  alpha_CBO    0.00000e+00     fixed    
   7  w_CBO        2.32500e+00   constant   
   8  beta_CBO     0.00000e+00     fixed    
   9  alpha_2CBO   0.00000e+00     fixed    
  10  beta_2CBO    0.00000e+00     fixed    
  11  alpha_y      0.00000e+00     fixed    
  12  w_y          1.38860e+01   constant   
  13  beta_y       0.00000e+00     fixed    
  14  alpha_vw     0.00000e+00     fixed    
  15  w_vw         1.43404e+01   constant   
  16  beta_vw      0.00000e+00     fixed    
  17  LM           1.86654e-04   constant   
  18  zeta_y       0.00000e+00   constant   
  19  zeta_vw      0.00000e+00   constant   
  20  T_CBO        1.00000e+02   1.00000e+00   0.00000e+00   0.00000e+00
  21  alpha_A0     0.00000e+00   1.00000e-03   0.00000e+00  -8.39184e+04
  22  beta_A0      0.00000e+00   1.00000e-03   0.00000e+00  -4.07806e+04
  23  alpha_phi    0.00000e+00   1.00000e-03   0.00000e+00   3.41656e+04
  24  beta_phi     0.00000e+00   1.00000e-03   0.00000e+00  -1.10438e+04
 MIGRAD MINIMIZATION HAS CONVERGED.
 MIGRAD WILL VERIFY CONVERGENCE AND ERROR MATRIX.
 COVARIANCE MATRIX CALCULATED SUCCESSFULLY
 FCN=4607.39 FROM HESSE     STATUS=OK             63 CALLS        1015 TOTAL
                     EDM=0.000136928    STRATEGY= 1      ERROR MATRIX ACCURATE 
  EXT PARAMETER                                   STEP         FIRST   
  NO.   NAME      VALUE            ERROR          SIZE      DERIVATIVE 
   1  N0           3.61233e+06   7.40073e+02   8.42574e+00  -9.03419e-07
   2  tau          6.44109e+01   constant   
   3  A0           3.40064e-01   1.94295e-04   3.17125e-06  -3.10854e+01
   4  phi          4.12762e+00   9.19413e-04   9.20044e-06   8.75688e+00
   5  R           -6.03373e+01   constant   
   6  alpha_CBO    0.00000e+00     fixed    
   7  w_CBO        2.32500e+00   constant   
   8  beta_CBO     0.00000e+00     fixed    
   9  alpha_2CBO   0.00000e+00     fixed    
  10  beta_2CBO    0.00000e+00     fixed    
  11  alpha_y      0.00000e+00     fixed    
  12  w_y          1.38860e+01   constant   
  13  beta_y       0.00000e+00     fixed    
  14  alpha_vw     0.00000e+00     fixed    
  15  w_vw         1.43404e+01   constant   
  16  beta_vw      0.00000e+00     fixed    
  17  LM           1.86654e-04   constant   
  18  zeta_y       0.00000e+00   constant   
  19  zeta_vw      0.00000e+00   constant   
  20  T_CBO        9.99844e+02   9.58441e+02   7.86095e-02   7.73528e-03
  21  alpha_A0     2.52599e-02   7.78804e-04   1.35271e-05  -8.72919e+00
  22  beta_A0      1.16858e-02   1.07391e-03   1.32320e-05  -8.73300e+00
  23  alpha_phi    1.72489e-02   1.21895e-03   1.33125e-05  -7.96054e+00
  24  beta_phi    -3.00817e-02   9.78629e-04   1.43121e-05   5.62881e+00
 MIGRAD MINIMIZATION HAS CONVERGED.
 FCN=4607.39 FROM MIGRAD    STATUS=CONVERGED    1033 CALLS        1034 TOTAL
                     EDM=3.85266e-06    STRATEGY= 1  ERROR MATRIX UNCERTAINTY   0.0 per cent
  EXT PARAMETER                                   STEP         FIRST   
  NO.   NAME      VALUE            ERROR          SIZE      DERIVATIVE 
   1  N0           3.61234e+06   7.40540e+02   4.54117e+00  -1.98281e-07
   2  tau          6.44109e+01   constant   
   3  A0           3.40063e-01   1.94227e-04  -8.07222e-07  -3.20207e+01
   4  phi          4.12761e+00   9.17838e-04  -5.84564e-06   2.04301e+00
   5  R           -6.03373e+01   constant   
   6  alpha_CBO    0.00000e+00     fixed    
   7  w_CBO        2.32500e+00   constant   
   8  beta_CBO     0.00000e+00     fixed    
   9  alpha_2CBO   0.00000e+00     fixed    
  10  beta_2CBO    0.00000e+00     fixed    
  11  alpha_y      0.00000e+00     fixed    
  12  w_y          1.38860e+01   constant   
  13  beta_y       0.00000e+00     fixed    
  14  alpha_vw     0.00000e+00     fixed    
  15  w_vw         1.43404e+01   constant   
  16  beta_vw      0.00000e+00     fixed    
  17  LM           1.86654e-04   constant   
  18  zeta_y       0.00000e+00   constant   
  19  zeta_vw      0.00000e+00   constant   
  20  T_CBO        1.00000e+03   9.59221e+02  -2.39399e-02   3.42175e-04
  21  alpha_A0     2.52561e-02   7.62453e-04  -3.79415e-06  -5.70806e+00
  22  beta_A0      1.16925e-02   1.08312e-03   6.74796e-06  -4.36242e+00
  23  alpha_phi    1.72565e-02   1.23157e-03   7.60657e-06  -4.65553e+00
  24  beta_phi    -3.00767e-02   9.57933e-04   4.95448e-06   5.89648e+00
 EXTERNAL ERROR MATRIX.    NDIM=  25    NPAR=  8    ERR DEF=1
  5.484e+05 -6.963e-02 -6.177e-01  7.790e+00 -4.341e-01  7.120e-01  8.012e-01  5.401e-01 
 -6.963e-02  3.772e-08  7.983e-08 -1.067e-06  2.710e-08 -1.245e-07 -1.645e-07 -1.279e-08 
 -6.177e-01  7.983e-08  8.424e-07 -6.074e-06  5.574e-07 -8.801e-07 -9.853e-07 -7.165e-07 
  7.790e+00 -1.067e-06 -6.074e-06  1.810e+00  3.219e-05  2.710e-05  3.487e-05 -3.873e-05 
 -4.341e-01  2.710e-08  5.574e-07  3.219e-05  5.813e-07 -5.935e-07 -6.283e-07 -5.499e-07 
  7.120e-01 -1.245e-07 -8.801e-07  2.710e-05 -5.935e-07  1.173e-06  1.157e-06  7.159e-07 
  8.012e-01 -1.645e-07 -9.853e-07  3.487e-05 -6.283e-07  1.157e-06  1.517e-06  7.405e-07 
  5.401e-01 -1.279e-08 -7.165e-07 -3.873e-05 -5.499e-07  7.159e-07  7.405e-07  9.176e-07 
 PARAMETER  CORRELATION COEFFICIENTS  
       NO.  GLOBAL      1      3      4     20     21     22     23     24
        1  0.93912   1.000 -0.484 -0.909  0.008 -0.769  0.888  0.878  0.761
        3  0.86798  -0.484  1.000  0.448 -0.004  0.183 -0.592 -0.688 -0.069
        4  0.95297  -0.909  0.448  1.000 -0.005  0.796 -0.885 -0.872 -0.815
       20  0.12287   0.008 -0.004 -0.005  1.000  0.031  0.019  0.021 -0.030
       21  0.84119  -0.769  0.183  0.796  0.031  1.000 -0.719 -0.669 -0.753
       22  0.92839   0.888 -0.592 -0.885  0.019 -0.719  1.000  0.867  0.690
       23  0.94446   0.878 -0.688 -0.872  0.021 -0.669  0.867  1.000  0.628
       24  0.89142   0.761 -0.069 -0.815 -0.030 -0.753  0.690  0.628  1.000
MINUIT - FIT ONLY 1-CBO + wiggle
 **********
 **   16 **RES 
 **********
                   PARAMETER   16  beta_vw RESTORED TO VARIABLE.
                   PARAMETER   14  alpha_vw RESTORED TO VARIABLE.
                   PARAMETER   13  beta_y RESTORED TO VARIABLE.
                   PARAMETER   11  alpha_y RESTORED TO VARIABLE.
                   PARAMETER   10  beta_2CBO RESTORED TO VARIABLE.
                   PARAMETER    9  alpha_2CBO RESTORED TO VARIABLE.
                   PARAMETER    8  beta_CBO RESTORED TO VARIABLE.
                   PARAMETER    6  alpha_CBO RESTORED TO VARIABLE.
 **********
 **   17 **FIX            8
 **********
 **********
 **   18 **FIX            9
 **********
 **********
 **   19 **FIX           11
 **********
 **********
 **   20 **FIX           12
 **********
 PARAMETER   12  IS CONSTANT.   IGNORED.
 **********
 **   21 **FIX           14
 **********
 **********
 **   22 **FIX           15
 **********
 PARAMETER   15  IS CONSTANT.   IGNORED.
 **********
 **   23 **FIX           16
 **********
 **********
 **   24 **MIGRAD
 **********
 START MIGRAD MINIMIZATION.  STRATEGY  1.  CONVERGENCE WHEN EDM .LT. 1.00e-04
 FCN=4607.39 FROM MIGRAD    STATUS=INITIATE       28 CALLS        1062 TOTAL
                     EDM= unknown      STRATEGY= 1      NO ERROR MATRIX       
  EXT PARAMETER               CURRENT GUESS       STEP         FIRST   
  NO.   NAME      VALUE            ERROR          SIZE      DERIVATIVE 
   1  N0           3.61234e+06   7.40540e+02   4.54117e+00  -1.98273e-07
   2  tau          6.44109e+01   constant   
   3  A0           3.40063e-01   1.94227e-04  -8.07222e-07  -3.20207e+01
   4  phi          4.12761e+00   9.17838e-04  -5.84564e-06   2.04301e+00
   5  R           -6.03373e+01   constant   
   6  alpha_CBO    0.00000e+00   1.00000e-03   1.00000e-03  -4.08650e+05
   7  w_CBO        2.32500e+00   constant   
   8  beta_CBO     0.00000e+00     fixed    
   9  alpha_2CBO   0.00000e+00     fixed    
  10  beta_2CBO    0.00000e+00   1.00000e-03   1.00000e-03   2.78471e+05
  11  alpha_y      0.00000e+00     fixed    
  12  w_y          1.38860e+01   constant   
  13  beta_y       0.00000e+00   1.00000e-03   1.00000e-03   5.87683e+05
  14  alpha_vw     0.00000e+00     fixed    
  15  w_vw         1.43404e+01   constant   
  16  beta_vw      0.00000e+00     fixed    
  17  LM           1.86654e-04   constant   
  18  zeta_y       0.00000e+00   constant   
  19  zeta_vw      0.00000e+00   constant   
  20  T_CBO        1.00000e+03   9.59221e+02  -2.39399e-02  -3.41666e-04
  21  alpha_A0     2.52561e-02   7.62453e-04  -3.79415e-06  -5.70806e+00
  22  beta_A0      1.16925e-02   1.08312e-03   6.74796e-06  -4.36243e+00
  23  alpha_phi    1.72565e-02   1.23157e-03   7.60657e-06  -4.65553e+00
  24  beta_phi    -3.00767e-02   9.57933e-04   4.95448e-06   5.89648e+00
 MIGRAD MINIMIZATION HAS CONVERGED.
 FCN=1598.08 FROM MIGRAD    STATUS=CONVERGED     524 CALLS        1558 TOTAL
                     EDM=2.88789e-06    STRATEGY= 1  ERROR MATRIX UNCERTAINTY   1.8 per cent
  EXT PARAMETER                                   STEP         FIRST   
  NO.   NAME      VALUE            ERROR          SIZE      DERIVATIVE 
   1  N0           3.65390e+06   1.48597e+03   2.42412e+00   4.22232e-06
   2  tau          6.44109e+01   constant   
   3  A0           3.50790e-01   3.43044e-04  -5.54653e-08  -3.16684e+01
   4  phi          4.07019e+00   1.91980e-03  -2.08856e-06  -7.54930e-01
   5  R           -6.03373e+01   constant   
   6  alpha_CBO    1.16001e-02   2.97084e-04   2.33206e-07  -6.40874e+00
   7  w_CBO        2.32500e+00   constant   
   8  beta_CBO     0.00000e+00     fixed    
   9  alpha_2CBO   0.00000e+00     fixed    
  10  beta_2CBO    1.32267e-03   1.38207e-04  -3.73666e-09  -1.63146e+00
  11  alpha_y      0.00000e+00     fixed    
  12  w_y          1.38860e+01   constant   
  13  beta_y      -3.30529e-03   9.98772e-05  -7.55615e-08  -3.50063e-01
  14  alpha_vw     0.00000e+00     fixed    
  15  w_vw         1.43404e+01   constant   
  16  beta_vw      0.00000e+00     fixed    
  17  LM           1.86654e-04   constant   
  18  zeta_y       0.00000e+00   constant   
  19  zeta_vw      0.00000e+00   constant   
  20  T_CBO        9.55023e+02   1.64866e+01   1.74390e-04  -7.26740e-02
  21  alpha_A0    -3.59219e-02   1.72976e-03  -2.90028e-06  -3.27091e+00
  22  beta_A0      5.51978e-02   1.81580e-03   3.55338e-06  -4.73309e+00
  23  alpha_phi    5.75542e-02   1.98535e-03   4.49451e-06  -2.06376e+00
  24  beta_phi     4.81824e-02   2.25232e-03   3.01983e-06   4.58860e+00
 EXTERNAL ERROR MATRIX.    NDIM=  25    NPAR= 11    ERR DEF=1
  2.208e+06 
  2.943e-01  1.177e-07 
 -2.786e+00 -4.054e-07  3.686e-06 
  3.640e-01  8.578e-08 -4.859e-07  8.826e-08 
  9.845e-02  2.697e-08 -1.388e-07  2.389e-08  1.910e-08 
 -1.763e-02 -2.386e-09  2.152e-08 -2.723e-09 -5.538e-11  9.975e-09 
  1.113e+04 -9.960e-04 -1.299e-02  5.945e-04  2.899e-05 -1.262e-04  2.724e+02 
 -2.412e+00 -4.290e-07  3.155e-06 -4.613e-07 -1.209e-07  2.191e-08 -1.022e-02  2.992e-06 
  2.581e+00  2.826e-07 -3.329e-06  4.029e-07  1.002e-07 -2.139e-08  1.384e-02 -2.816e-06  3.297e-06 
  2.787e+00  2.520e-07 -3.573e-06  4.130e-07  1.113e-07 -2.115e-08  1.731e-02 -2.959e-06  3.427e-06  3.942e-06 
  3.101e+00  6.045e-07 -4.100e-06  6.098e-07  1.894e-07 -2.387e-08  1.159e-02 -3.678e-06  3.535e-06  3.709e-06  5.073e-06 
 PARAMETER  CORRELATION COEFFICIENTS  
       NO.  GLOBAL      1      3      4      6     10     13     20     21     22     23     24
        1  0.98516   1.000  0.577 -0.977  0.825  0.479 -0.119  0.454 -0.938  0.957  0.945  0.926
        3  0.97846   0.577  1.000 -0.616  0.842  0.569 -0.070 -0.176 -0.723  0.454  0.370  0.782
        4  0.99062  -0.977 -0.616  1.000 -0.852 -0.523  0.112 -0.410  0.950 -0.955 -0.937 -0.948
        6  0.94688   0.825  0.842 -0.852  1.000  0.582 -0.092  0.121 -0.898  0.747  0.700  0.911
       10  0.68869   0.479  0.569 -0.523  0.582  1.000 -0.004  0.013 -0.506  0.399  0.406  0.609
       13  0.15188  -0.119 -0.070  0.112 -0.092 -0.004  1.000 -0.077  0.127 -0.118 -0.107 -0.106
       20  0.84178   0.454 -0.176 -0.410  0.121  0.013 -0.077  1.000 -0.358  0.462  0.528  0.312
       21  0.97978  -0.938 -0.723  0.950 -0.898 -0.506  0.127 -0.358  1.000 -0.897 -0.862 -0.944
       22  0.97983   0.957  0.454 -0.955  0.747  0.399 -0.118  0.462 -0.897  1.000  0.951  0.864
       23  0.98103   0.945  0.370 -0.937  0.700  0.406 -0.107  0.528 -0.862  0.951  1.000  0.829
       24  0.98762   0.926  0.782 -0.948  0.911  0.609 -0.106  0.312 -0.944  0.864  0.829  1.000
MINUIT - FIT ONLY 2-CBO
 **********
 **   25 **RES 
 **********
                   PARAMETER   16  beta_vw RESTORED TO VARIABLE.
                   PARAMETER   14  alpha_vw RESTORED TO VARIABLE.
                   PARAMETER   11  alpha_y RESTORED TO VARIABLE.
                   PARAMETER    9  alpha_2CBO RESTORED TO VARIABLE.
                   PARAMETER    8  beta_CBO RESTORED TO VARIABLE.
 **********
 **   26 **FIX            0
 **********
 PARAMETER    0  IS UNDEFINED. IGNORED.
 **********
 **   27 **FIX            1
 **********
 **********
 **   28 **FIX            2
 **********
 PARAMETER    2  IS CONSTANT.   IGNORED.
 **********
 **   29 **FIX            3
 **********
 **********
 **   30 **FIX            4
 **********
 **********
 **   31 **FIX            5
 **********
 PARAMETER    5  IS CONSTANT.   IGNORED.
 **********
 **   32 **FIX            6
 **********
 **********
 **   33 **FIX            7
 **********
 PARAMETER    7  IS CONSTANT.   IGNORED.
 **********
 **   34 **FIX           10
 **********
 **********
 **   35 **FIX           11
 **********
 **********
 **   36 **FIX           12
 **********
 PARAMETER   12  IS CONSTANT.   IGNORED.
 **********
 **   37 **FIX           13
 **********
 **********
 **   38 **FIX           14
 **********
 **********
 **   39 **FIX           15
 **********
 PARAMETER   15  IS CONSTANT.   IGNORED.
 **********
 **   40 **FIX           16
 **********
 **********
 **   41 **MIGRAD
 **********
 START MIGRAD MINIMIZATION.  STRATEGY  1.  CONVERGENCE WHEN EDM .LT. 1.00e-04
 FCN=1598.08 FROM MIGRAD    STATUS=INITIATE       18 CALLS        1576 TOTAL
                     EDM= unknown      STRATEGY= 1      NO ERROR MATRIX       
  EXT PARAMETER               CURRENT GUESS       STEP         FIRST   
  NO.   NAME      VALUE            ERROR          SIZE      DERIVATIVE 
   1  N0           3.65390e+06     fixed    
   2  tau          6.44109e+01   constant   
   3  A0           3.50790e-01     fixed    
   4  phi          4.07019e+00     fixed    
   5  R           -6.03373e+01   constant   
   6  alpha_CBO    1.16001e-02     fixed    
   7  w_CBO        2.32500e+00   constant   
   8  beta_CBO     0.00000e+00   1.00000e-03   1.00000e-03  -5.58399e+04
   9  alpha_2CBO   0.00000e+00   1.00000e-03   1.00000e-03  -1.17817e+05
  10  beta_2CBO    1.32267e-03     fixed    
  11  alpha_y      0.00000e+00     fixed    
  12  w_y          1.38860e+01   constant   
  13  beta_y      -3.30529e-03     fixed    
  14  alpha_vw     0.00000e+00     fixed    
  15  w_vw         1.43404e+01   constant   
  16  beta_vw      0.00000e+00     fixed    
  17  LM           1.86654e-04   constant   
  18  zeta_y       0.00000e+00   constant   
  19  zeta_vw      0.00000e+00   constant   
  20  T_CBO        9.55023e+02   1.64866e+01   1.74390e-04  -7.26829e-02
  21  alpha_A0    -3.59219e-02   1.72976e-03  -2.90028e-06  -3.27089e+00
  22  beta_A0      5.51978e-02   1.81580e-03   3.55338e-06  -4.73309e+00
  23  alpha_phi    5.75542e-02   1.98535e-03   4.49451e-06  -2.06376e+00
  24  beta_phi     4.81824e-02   2.25232e-03   3.01983e-06   4.58860e+00
 MIGRAD MINIMIZATION HAS CONVERGED.
 MIGRAD WILL VERIFY CONVERGENCE AND ERROR MATRIX.
 COVARIANCE MATRIX CALCULATED SUCCESSFULLY
 FCN=1553.94 FROM MIGRAD    STATUS=CONVERGED     259 CALLS        1817 TOTAL
                     EDM=1.40924e-07    STRATEGY= 1      ERROR MATRIX ACCURATE 
  EXT PARAMETER                                   STEP         FIRST   
  NO.   NAME      VALUE            ERROR          SIZE      DERIVATIVE 
   1  N0           3.65390e+06     fixed    
   2  tau          6.44109e+01   constant   
   3  A0           3.50790e-01     fixed    
   4  phi          4.07019e+00     fixed    
   5  R           -6.03373e+01   constant   
   6  alpha_CBO    1.16001e-02     fixed    
   7  w_CBO        2.32500e+00   constant   
   8  beta_CBO     2.45989e-04   1.04778e-04   1.96750e-06  -2.21452e+00
   9  alpha_2CBO   6.32512e-04   1.05900e-04   1.90584e-06   1.34353e+00
  10  beta_2CBO    1.32267e-03     fixed    
  11  alpha_y      0.00000e+00     fixed    
  12  w_y          1.38860e+01   constant   
  13  beta_y      -3.30529e-03     fixed    
  14  alpha_vw     0.00000e+00     fixed    
  15  w_vw         1.43404e+01   constant   
  16  beta_vw      0.00000e+00     fixed    
  17  LM           1.86654e-04   constant   
  18  zeta_y       0.00000e+00   constant   
  19  zeta_vw      0.00000e+00   constant   
  20  T_CBO        1.00000e+03   9.87327e+02   5.30205e-02** at limit **
  21  alpha_A0    -3.60143e-02   4.00426e-04   7.34895e-06   4.96419e-01
  22  beta_A0      5.45141e-02   4.00247e-04   7.27985e-06   3.29274e-01
  23  alpha_phi    5.81425e-02   4.19994e-04   7.54088e-06  -2.65986e-01
  24  beta_phi     4.79827e-02   4.20128e-04   7.82876e-06  -2.33121e-01
 EXTERNAL ERROR MATRIX.    NDIM=  25    NPAR=  7    ERR DEF=1
  1.098e-08 -1.018e-09  2.631e-07 -2.678e-09 -3.311e-09  1.305e-09  6.912e-09 
 -1.018e-09  1.121e-08 -1.599e-07 -1.101e-09 -8.802e-09  1.063e-08 -5.584e-09 
  2.631e-07 -1.599e-07  3.845e-01 -2.271e-05  3.503e-05  3.634e-05  3.088e-05 
 -2.678e-09 -1.101e-09 -2.271e-05  1.603e-07 -2.862e-08 -3.870e-08 -9.301e-09 
 -3.311e-09 -8.802e-09  3.503e-05 -2.862e-08  1.602e-07  5.386e-11  1.473e-08 
  1.305e-09  1.063e-08  3.634e-05 -3.870e-08  5.386e-11  1.764e-07  1.500e-08 
  6.912e-09 -5.584e-09  3.088e-05 -9.301e-09  1.473e-08  1.500e-08  1.765e-07 
 PARAMETER  CORRELATION COEFFICIENTS  
       NO.  GLOBAL      8      9     20     21     22     23     24
        8  0.22108   1.000 -0.092  0.004 -0.064 -0.079  0.030  0.157
        9  0.35549  -0.092  1.000 -0.002 -0.026 -0.208  0.239 -0.126
       20  0.22279   0.004 -0.002  1.000 -0.091  0.141  0.140  0.119
       21  0.30239  -0.064 -0.026 -0.091  1.000 -0.179 -0.230 -0.055
       22  0.32810  -0.079 -0.208  0.141 -0.179  1.000  0.000  0.088
       23  0.36115   0.030  0.239  0.140 -0.230  0.000  1.000  0.085
       24  0.25173   0.157 -0.126  0.119 -0.055  0.088  0.085  1.000
MINUIT - FIT wiggle + 1-CBO + 2-CBO
 **********
 **   42 **RES 
 **********
                   PARAMETER   16  beta_vw RESTORED TO VARIABLE.
                   PARAMETER   14  alpha_vw RESTORED TO VARIABLE.
                   PARAMETER   13  beta_y RESTORED TO VARIABLE.
                   PARAMETER   11  alpha_y RESTORED TO VARIABLE.
                   PARAMETER   10  beta_2CBO RESTORED TO VARIABLE.
                   PARAMETER    6  alpha_CBO RESTORED TO VARIABLE.
                   PARAMETER    4  phi RESTORED TO VARIABLE.
                   PARAMETER    3  A0 RESTORED TO VARIABLE.
                   PARAMETER    1  N0 RESTORED TO VARIABLE.
 **********
 **   43 **FIX           10
 **********
 **********
 **   44 **FIX           11
 **********
 **********
 **   45 **FIX           12
 **********
 PARAMETER   12  IS CONSTANT.   IGNORED.
 **********
 **   46 **FIX           13
 **********
 **********
 **   47 **FIX           14
 **********
 **********
 **   48 **FIX           15
 **********
 PARAMETER   15  IS CONSTANT.   IGNORED.
 **********
 **   49 **FIX           16
 **********
 **********
 **   50 **MIGRAD
 **********
 START MIGRAD MINIMIZATION.  STRATEGY  1.  CONVERGENCE WHEN EDM .LT. 1.00e-04
 FCN=1553.94 FROM MIGRAD    STATUS=INITIATE       22 CALLS        1839 TOTAL
                     EDM= unknown      STRATEGY= 1      NO ERROR MATRIX       
  EXT PARAMETER               CURRENT GUESS       STEP         FIRST   
  NO.   NAME      VALUE            ERROR          SIZE      DERIVATIVE 
   1  N0           3.65390e+06   1.48597e+03   1.48597e+03   2.07206e-04
   2  tau          6.44109e+01   constant   
   3  A0           3.50790e-01   3.43044e-04   3.43044e-04   1.38570e+04
   4  phi          4.07019e+00   1.91980e-03   1.91980e-03  -3.58941e+03
   5  R           -6.03373e+01   constant   
   6  alpha_CBO    1.16001e-02   2.97084e-04   2.97084e-04  -1.22522e+04
   7  w_CBO        2.32500e+00   constant   
   8  beta_CBO     2.45989e-04   1.04778e-04   1.96750e-06  -2.21454e+00
   9  alpha_2CBO   6.32512e-04   1.05900e-04   1.90584e-06   1.34356e+00
  10  beta_2CBO    1.32267e-03     fixed    
  11  alpha_y      0.00000e+00     fixed    
  12  w_y          1.38860e+01   constant   
  13  beta_y      -3.30529e-03     fixed    
  14  alpha_vw     0.00000e+00     fixed    
  15  w_vw         1.43404e+01   constant   
  16  beta_vw      0.00000e+00     fixed    
  17  LM           1.86654e-04   constant   
  18  zeta_y       0.00000e+00   constant   
  19  zeta_vw      0.00000e+00   constant   
  20  T_CBO        1.00000e+03   9.87327e+02   5.30205e-02** at limit **
  21  alpha_A0    -3.60143e-02   4.00426e-04   7.34895e-06   4.96308e-01
  22  beta_A0      5.45141e-02   4.00247e-04   7.27985e-06   3.29187e-01
  23  alpha_phi    5.81425e-02   4.19994e-04   7.54088e-06  -2.66001e-01
  24  beta_phi     4.79827e-02   4.20128e-04   7.82876e-06  -2.33120e-01
 MIGRAD MINIMIZATION HAS CONVERGED.
 FCN=1518.82 FROM MIGRAD    STATUS=CONVERGED     775 CALLS        2592 TOTAL
                     EDM=9.39319e-07    STRATEGY= 1  ERROR MATRIX UNCERTAINTY   2.0 per cent
  EXT PARAMETER                                   STEP         FIRST   
  NO.   NAME      VALUE            ERROR          SIZE      DERIVATIVE 
   1  N0           3.63186e+06   4.05444e+03  -6.23004e+00  -4.24860e-07
   2  tau          6.44109e+01   constant   
   3  A0           3.52359e-01   6.50160e-04   1.60878e-06   1.48078e+00
   4  phi          4.09979e+00   5.42291e-03   6.81356e-06  -7.86937e-01
   5  R           -6.03373e+01   constant   
   6  alpha_CBO    9.80127e-03   3.14896e-04   7.62403e-08   1.46454e+00
   7  w_CBO        2.32500e+00   constant   
   8  beta_CBO     2.66449e-03   5.21559e-04   8.69184e-07   2.11949e-01
   9  alpha_2CBO   1.89478e-04   1.70207e-04  -5.48133e-07  -5.80652e+00
  10  beta_2CBO    1.32267e-03     fixed    
  11  alpha_y      0.00000e+00     fixed    
  12  w_y          1.38860e+01   constant   
  13  beta_y      -3.30529e-03     fixed    
  14  alpha_vw     0.00000e+00     fixed    
  15  w_vw         1.43404e+01   constant   
  16  beta_vw      0.00000e+00     fixed    
  17  LM           1.86654e-04   constant   
  18  zeta_y       0.00000e+00   constant   
  19  zeta_vw      0.00000e+00   constant   
  20  T_CBO        1.71542e+02   5.68944e+01  -2.14247e-04  -9.23845e-03
  21  alpha_A0    -1.78398e-02   3.31101e-03   2.73589e-06   3.64638e+00
  22  beta_A0      2.50725e-02   5.70600e-03  -8.47340e-06   8.59685e-01
  23  alpha_phi    2.48980e-02   6.67782e-03  -1.20664e-05   5.18710e-01
  24  beta_phi     2.87882e-02   3.33838e-03  -9.38729e-07   9.53869e-01
 EXTERNAL ERROR MATRIX.    NDIM=  25    NPAR= 11    ERR DEF=1
  1.644e+07 
 -2.130e+00  4.227e-07 
 -2.192e+01  2.852e-06  2.941e-05 
  1.027e+00 -7.378e-08 -1.377e-06  9.916e-08 
 -2.015e+00  3.026e-07  2.711e-06 -1.108e-07  2.720e-07 
  4.119e-01 -8.619e-08 -5.570e-07  1.386e-08 -6.140e-08  2.897e-08 
  2.230e+05 -2.906e-02 -2.980e-01  1.390e-02 -2.747e-02  5.611e-03  3.262e+03 
 -1.312e+01  1.498e-06  1.757e-05 -9.172e-07  1.558e-06 -2.853e-07 -1.767e-01  1.096e-05 
  2.300e+01 -3.142e-06 -3.080e-05  1.378e-06 -2.882e-06  6.073e-07  3.111e-01 -1.820e-05  3.256e-05 
  2.676e+01 -3.815e-06 -3.581e-05  1.542e-06 -3.390e-06  7.626e-07  3.622e-01 -2.094e-05  3.785e-05  4.459e-05 
  1.283e+01 -1.305e-06 -1.719e-05  9.553e-07 -1.478e-06  2.394e-07  1.719e-01 -1.079e-05  1.761e-05  2.007e-05  1.114e-05 
 PARAMETER  CORRELATION COEFFICIENTS  
       NO.  GLOBAL      1      3      4      6      8      9     20     21     22     23     24
        1  0.99875   1.000 -0.808 -0.997  0.805 -0.953  0.597  0.963 -0.977  0.994  0.988  0.948
        3  0.98942  -0.808  1.000  0.809 -0.360  0.892 -0.779 -0.783  0.696 -0.847 -0.879 -0.601
        4  0.99956  -0.997  0.809  1.000 -0.807  0.958 -0.603 -0.962  0.978 -0.995 -0.989 -0.950
        6  0.95183   0.805 -0.360 -0.807  1.000 -0.674  0.259  0.773 -0.880  0.767  0.734  0.909
        8  0.98065  -0.953  0.892  0.958 -0.674  1.000 -0.692 -0.922  0.902 -0.969 -0.973 -0.849
        9  0.81534   0.597 -0.779 -0.603  0.259 -0.692  1.000  0.577 -0.506  0.625  0.671  0.421
       20  0.98054   0.963 -0.783 -0.962  0.773 -0.922  0.577  1.000 -0.934  0.955  0.950  0.902
       21  0.99326  -0.977  0.696  0.978 -0.880  0.902 -0.506 -0.934  1.000 -0.963 -0.947 -0.976
       22  0.99879   0.994 -0.847 -0.995  0.767 -0.969  0.625  0.955 -0.963  1.000  0.993  0.925
       23  0.99895   0.988 -0.879 -0.989  0.734 -0.973  0.671  0.950 -0.947  0.993  1.000  0.900
       24  0.99492   0.948 -0.601 -0.950  0.909 -0.849  0.421  0.902 -0.976  0.925  0.900  1.000
MINUIT - FIT ONLY 1-y
 **********
 **   51 **RES 
 **********
                   PARAMETER   16  beta_vw RESTORED TO VARIABLE.
                   PARAMETER   14  alpha_vw RESTORED TO VARIABLE.
                   PARAMETER   13  beta_y RESTORED TO VARIABLE.
                   PARAMETER   11  alpha_y RESTORED TO VARIABLE.
                   PARAMETER   10  beta_2CBO RESTORED TO VARIABLE.
 **********
 **   52 **FIX            0
 **********
 PARAMETER    0  IS UNDEFINED. IGNORED.
 **********
 **   53 **FIX            1
 **********
 **********
 **   54 **FIX            2
 **********
 PARAMETER    2  IS CONSTANT.   IGNORED.
 **********
 **   55 **FIX            3
 **********
 **********
 **   56 **FIX            4
 **********
 **********
 **   57 **FIX            5
 **********
 PARAMETER    5  IS CONSTANT.   IGNORED.
 **********
 **   58 **FIX            6
 **********
 **********
 **   59 **FIX            7
 **********
 PARAMETER    7  IS CONSTANT.   IGNORED.
 **********
 **   60 **FIX            8
 **********
 **********
 **   61 **FIX            9
 **********
 **********
 **   62 **FIX           13
 **********
 **********
 **   63 **FIX           14
 **********
 **********
 **   64 **FIX           15
 **********
 PARAMETER   15  IS CONSTANT.   IGNORED.
 **********
 **   65 **FIX           16
 **********
 **********
 **   66 **MIGRAD
 **********
 START MIGRAD MINIMIZATION.  STRATEGY  1.  CONVERGENCE WHEN EDM .LT. 1.00e-04
 FCN=1518.82 FROM MIGRAD    STATUS=INITIATE       16 CALLS        2608 TOTAL
                     EDM= unknown      STRATEGY= 1      NO ERROR MATRIX       
  EXT PARAMETER               CURRENT GUESS       STEP         FIRST   
  NO.   NAME      VALUE            ERROR          SIZE      DERIVATIVE 
   1  N0           3.63186e+06     fixed    
   2  tau          6.44109e+01   constant   
   3  A0           3.52359e-01     fixed    
   4  phi          4.09979e+00     fixed    
   5  R           -6.03373e+01   constant   
   6  alpha_CBO    9.80127e-03     fixed    
   7  w_CBO        2.32500e+00   constant   
   8  beta_CBO     2.66449e-03     fixed    
   9  alpha_2CBO   1.89478e-04     fixed    
  10  beta_2CBO    1.32267e-03   1.38207e-04   1.38207e-04   6.69542e+04
  11  alpha_y      0.00000e+00   1.00000e-03   1.00000e-03   4.55688e+05
  12  w_y          1.38860e+01   constant   
  13  beta_y      -3.30529e-03     fixed    
  14  alpha_vw     0.00000e+00     fixed    
  15  w_vw         1.43404e+01   constant   
  16  beta_vw      0.00000e+00     fixed    
  17  LM           1.86654e-04   constant   
  18  zeta_y       0.00000e+00   constant   
  19  zeta_vw      0.00000e+00   constant   
  20  T_CBO        1.71542e+02   5.68944e+01  -2.14247e-04  -9.23736e-03
  21  alpha_A0    -1.78398e-02   3.31101e-03   2.73589e-06   3.64640e+00
  22  beta_A0      2.50725e-02   5.70600e-03  -8.47340e-06   8.59690e-01
  23  alpha_phi    2.48980e-02   6.67782e-03  -1.20664e-05   5.18709e-01
  24  beta_phi     2.87882e-02   3.33838e-03  -9.38729e-07   9.53869e-01
 MIGRAD MINIMIZATION HAS CONVERGED.
 MIGRAD WILL VERIFY CONVERGENCE AND ERROR MATRIX.
 COVARIANCE MATRIX CALCULATED SUCCESSFULLY
 FCN=979.081 FROM MIGRAD    STATUS=CONVERGED     579 CALLS        3171 TOTAL
                     EDM=4.80553e-06    STRATEGY= 1      ERROR MATRIX ACCURATE 
  EXT PARAMETER                                   STEP         FIRST   
  NO.   NAME      VALUE            ERROR          SIZE      DERIVATIVE 
   1  N0           3.63186e+06     fixed    
   2  tau          6.44109e+01   constant   
   3  A0           3.52359e-01     fixed    
   4  phi          4.09979e+00     fixed    
   5  R           -6.03373e+01   constant   
   6  alpha_CBO    9.80127e-03     fixed    
   7  w_CBO        2.32500e+00   constant   
   8  beta_CBO     2.66449e-03     fixed    
   9  alpha_2CBO   1.89478e-04     fixed    
  10  beta_2CBO    9.23054e-04   1.07657e-04   1.53152e-06  -1.47257e+01
  11  alpha_y     -2.30711e-03   1.00579e-04   1.53607e-06  -4.14986e-01
  12  w_y          1.38860e+01   constant   
  13  beta_y      -3.30529e-03     fixed    
  14  alpha_vw     0.00000e+00     fixed    
  15  w_vw         1.43404e+01   constant   
  16  beta_vw      0.00000e+00     fixed    
  17  LM           1.86654e-04   constant   
  18  zeta_y       0.00000e+00   constant   
  19  zeta_vw      0.00000e+00   constant   
  20  T_CBO        9.99997e+02   9.84060e+02   5.29587e-02  -5.40732e-04
  21  alpha_A0    -1.58924e-02   4.07018e-04   5.87224e-06  -1.66134e+00
  22  beta_A0      2.24280e-02   3.93007e-04   5.77629e-06  -3.36722e+00
  23  alpha_phi    2.17498e-02   3.98931e-04   5.95665e-06  -2.80310e+00
  24  beta_phi     2.45624e-02   4.31349e-04   6.31346e-06  -3.58412e-01
 EXTERNAL ERROR MATRIX.    NDIM=  25    NPAR=  7    ERR DEF=1
  1.159e-08  5.094e-12  5.848e-07  9.698e-09 -7.483e-09  2.314e-09  1.129e-08 
  5.094e-12  1.012e-08  1.247e-07 -2.508e-10 -1.275e-09 -1.374e-10  8.624e-10 
  5.848e-07  1.247e-07  3.364e+01 -1.022e-04  1.474e-04  1.408e-04  1.622e-04 
  9.698e-09 -2.508e-10 -1.022e-04  1.657e-07 -3.368e-08 -2.629e-08 -3.126e-10 
 -7.483e-09 -1.275e-09  1.474e-04 -3.368e-08  1.545e-07  2.279e-09  1.013e-08 
  2.314e-09 -1.374e-10  1.408e-04 -2.629e-08  2.279e-09  1.591e-07  1.942e-08 
  1.129e-08  8.624e-10  1.622e-04 -3.126e-10  1.013e-08  1.942e-08  1.861e-07 
 PARAMETER  CORRELATION COEFFICIENTS  
       NO.  GLOBAL     10     11     20     21     22     23     24
       10  0.36595   1.000  0.000  0.001  0.221 -0.177  0.054  0.243
       11  0.04278   0.000  1.000  0.000 -0.006 -0.032 -0.003  0.020
       20  0.10618   0.001  0.000  1.000 -0.043  0.065  0.061  0.065
       21  0.33049   0.221 -0.006 -0.043  1.000 -0.211 -0.162 -0.002
       22  0.27485  -0.177 -0.032  0.065 -0.211  1.000  0.015  0.060
       23  0.21421   0.054 -0.003  0.061 -0.162  0.015  1.000  0.113
       24  0.28846   0.243  0.020  0.065 -0.002  0.060  0.113  1.000
MINUIT - FIT ONLY 2-y
 **********
 **   67 **RES 
 **********
                   PARAMETER   16  beta_vw RESTORED TO VARIABLE.
                   PARAMETER   14  alpha_vw RESTORED TO VARIABLE.
                   PARAMETER   13  beta_y RESTORED TO VARIABLE.
                   PARAMETER    9  alpha_2CBO RESTORED TO VARIABLE.
                   PARAMETER    8  beta_CBO RESTORED TO VARIABLE.
                   PARAMETER    6  alpha_CBO RESTORED TO VARIABLE.
                   PARAMETER    4  phi RESTORED TO VARIABLE.
                   PARAMETER    3  A0 RESTORED TO VARIABLE.
                   PARAMETER    1  N0 RESTORED TO VARIABLE.
 **********
 **   68 **FIX            0
 **********
 PARAMETER    0  IS UNDEFINED. IGNORED.
 **********
 **   69 **FIX            1
 **********
 **********
 **   70 **FIX            2
 **********
 PARAMETER    2  IS CONSTANT.   IGNORED.
 **********
 **   71 **FIX            3
 **********
 **********
 **   72 **FIX            4
 **********
 **********
 **   73 **FIX            5
 **********
 PARAMETER    5  IS CONSTANT.   IGNORED.
 **********
 **   74 **FIX            6
 **********
 **********
 **   75 **FIX            7
 **********
 PARAMETER    7  IS CONSTANT.   IGNORED.
 **********
 **   76 **FIX            8
 **********
 **********
 **   77 **FIX            9
 **********
 **********
 **   78 **FIX           10
 **********
 **********
 **   79 **FIX           11
 **********
 **********
 **   80 **FIX           12
 **********
 PARAMETER   12  IS CONSTANT.   IGNORED.
 **********
 **   81 **FIX           16
 **********
 **********
 **   82 **MIGRAD
 **********
 START MIGRAD MINIMIZATION.  STRATEGY  1.  CONVERGENCE WHEN EDM .LT. 1.00e-04
 FCN=979.081 FROM MIGRAD    STATUS=INITIATE       16 CALLS        3187 TOTAL
                     EDM= unknown      STRATEGY= 1      NO ERROR MATRIX       
  EXT PARAMETER               CURRENT GUESS       STEP         FIRST   
  NO.   NAME      VALUE            ERROR          SIZE      DERIVATIVE 
   1  N0           3.63186e+06     fixed    
   2  tau          6.44109e+01   constant   
   3  A0           3.52359e-01     fixed    
   4  phi          4.09979e+00     fixed    
   5  R           -6.03373e+01   constant   
   6  alpha_CBO    9.80127e-03     fixed    
   7  w_CBO        2.32500e+00   constant   
   8  beta_CBO     2.66449e-03     fixed    
   9  alpha_2CBO   1.89478e-04     fixed    
  10  beta_2CBO    9.23054e-04     fixed    
  11  alpha_y     -2.30711e-03     fixed    
  12  w_y          1.38860e+01   constant   
  13  beta_y      -3.30529e-03   9.98772e-05   9.98772e-05  -2.94889e+04
  14  alpha_vw     0.00000e+00   1.00000e-03   1.00000e-03   2.32671e+05
  15  w_vw         1.43404e+01   constant   
  16  beta_vw      0.00000e+00     fixed    
  17  LM           1.86654e-04   constant   
  18  zeta_y       0.00000e+00   constant   
  19  zeta_vw      0.00000e+00   constant   
  20  T_CBO        9.99997e+02   9.84060e+02   5.29587e-02  -5.56876e-04
  21  alpha_A0    -1.58924e-02   4.07018e-04   5.87224e-06  -1.66135e+00
  22  beta_A0      2.24280e-02   3.93007e-04   5.77629e-06  -3.36735e+00
  23  alpha_phi    2.17498e-02   3.98931e-04   5.95665e-06  -2.80311e+00
  24  beta_phi     2.45624e-02   4.31349e-04   6.31346e-06  -3.58420e-01
 MIGRAD MINIMIZATION HAS CONVERGED.
 MIGRAD WILL VERIFY CONVERGENCE AND ERROR MATRIX.
 COVARIANCE MATRIX CALCULATED SUCCESSFULLY
 FCN=846.452 FROM MIGRAD    STATUS=CONVERGED     147 CALLS        3318 TOTAL
                     EDM=2.21198e-08    STRATEGY= 1      ERROR MATRIX ACCURATE 
  EXT PARAMETER                                   STEP         FIRST   
  NO.   NAME      VALUE            ERROR          SIZE      DERIVATIVE 
   1  N0           3.63186e+06     fixed    
   2  tau          6.44109e+01   constant   
   3  A0           3.52359e-01     fixed    
   4  phi          4.09979e+00     fixed    
   5  R           -6.03373e+01   constant   
   6  alpha_CBO    9.80127e-03     fixed    
   7  w_CBO        2.32500e+00   constant   
   8  beta_CBO     2.66449e-03     fixed    
   9  alpha_2CBO   1.89478e-04     fixed    
  10  beta_2CBO    9.23054e-04     fixed    
  11  alpha_y     -2.30711e-03     fixed    
  12  w_y          1.38860e+01   constant   
  13  beta_y      -3.28929e-03   9.95032e-05   1.40370e-06  -2.51402e-01
  14  alpha_vw    -1.13803e-03   9.96198e-05   1.40608e-06   4.06054e-01
  15  w_vw         1.43404e+01   constant   
  16  beta_vw      0.00000e+00     fixed    
  17  LM           1.86654e-04   constant   
  18  zeta_y       0.00000e+00   constant   
  19  zeta_vw      0.00000e+00   constant   
