 + ++++++++++++++++++++++++++++++++++++++++++++++++++++++++++++++++++++ +
 +                                                                      +
 +           You have chose to blind your fitting according to          +
 +                omega_ref * (1 + (R +/- deltaR) *10^{-6})             +
 +                                                                      +
 + ++++++++++++++++++++++++++++++++++++++++++++++++++++++++++++++++++++ +
In main()...
reading format from /gm2data/zkhechad/run45/envelope/formats/formatB_sBin_constraintOn.txt
pBinTau 	= 0  
pBinPhi 	= 0  
constraintau 	= 1 
includeMopTerm 	= 0    
constrainMop    = 0   
Parameters after format file: pBinTau 0 pBinPhi 0 constraintau 1 includeMopTerm 0 constrainMop 0 c_e_scale 0.000000 
Opening file /gm2data/tbarrett/gm2fr/studies/run23_bunch_corrections/CorrectedFourier_Run3b.root.
reading full fit data from /gm2data/zkhechad/cboTemplates/Run4CBOTemplates/templateFits0_v2.0/noRF/sBin_constraintOn_cE0.0_seed0_noRF_calo6.root
windowBins = 69
fitting sliding window 1418 from bin 1554 at 231.707600 to bin 1623 at 242.151600 (69 bins)

Reading data from /gm2data/cornell/histograms/aMethod/histogram_a_noRF.root
 **********
 **    1 **SET PRINTOUT            1
 **********
 **********
 **    2 **SET NOWARNINGS 
 **********
 PARAMETER DEFINITIONS:
    NO.   NAME         VALUE      STEP SIZE      LIMITS
     1 N0           2.90949e+06  1.00000e+02     no limits
     2 tau          6.43983e+01  constant
     3 A0           3.53683e-01  1.00000e-04     no limits
     4 phi          4.11541e+00  1.00000e-02     no limits
     5 R           -6.16270e+01  constant
     6 alpha_CBO    0.00000e+00  1.00000e-03     no limits
     7 w_CBO        2.32500e+00  constant
     8 beta_CBO     0.00000e+00  1.00000e-03     no limits
     9 alpha_2CBO   0.00000e+00  1.00000e-03     no limits
    10 beta_2CBO    0.00000e+00  1.00000e-03     no limits
    11 alpha_y      0.00000e+00  1.00000e-03     no limits
    12 w_y          1.44500e+01  constant
    13 beta_y       0.00000e+00  1.00000e-03     no limits
    14 alpha_vw     0.00000e+00  1.00000e-03     no limits
    15 w_vw         1.29000e+01  constant
    16 beta_vw      0.00000e+00  1.00000e-03     no limits
    17 LM          -2.35969e-04  constant
    18 zeta_y       0.00000e+00  constant
    19 zeta_vw      0.00000e+00  constant
    20 T_CBO        1.00000e+02  1.00000e+00    0.00000e+00  1.00000e+03
    21 alpha_A0     0.00000e+00  1.00000e-03     no limits
    22 beta_A0      0.00000e+00  1.00000e-03     no limits
    23 alpha_phi    0.00000e+00  1.00000e-03     no limits
    24 beta_phi     0.00000e+00  1.00000e-03     no limits
MINUIT - FIT ONLY WIGGLE
 **********
 **    3 **FIX            5
 **********
 PARAMETER    5  IS CONSTANT.   IGNORED.
 **********
 **    4 **FIX            6
 **********
 **********
 **    5 **FIX            7
 **********
 PARAMETER    7  IS CONSTANT.   IGNORED.
 **********
 **    6 **FIX            8
 **********
 **********
 **    7 **FIX            9
 **********
 **********
 **    8 **FIX           10
 **********
 **********
 **    9 **FIX           11
 **********
 **********
 **   10 **FIX           12
 **********
 PARAMETER   12  IS CONSTANT.   IGNORED.
 **********
 **   11 **FIX           13
 **********
 **********
 **   12 **FIX           14
 **********
 **********
 **   13 **FIX           15
 **********
 PARAMETER   15  IS CONSTANT.   IGNORED.
 **********
 **   14 **FIX           16
 **********
 **********
 **   15 **MIGRAD
 **********
 FIRST CALL TO USER FUNCTION AT NEW START POINT, WITH IFLAG=4.
 START MIGRAD MINIMIZATION.  STRATEGY  1.  CONVERGENCE WHEN EDM .LT. 1.00e-04
 FCN=136.118 FROM MIGRAD    STATUS=INITIATE      437 CALLS         438 TOTAL
                     EDM= unknown      STRATEGY= 1      NO ERROR MATRIX       
  EXT PARAMETER               CURRENT GUESS       STEP         FIRST   
  NO.   NAME      VALUE            ERROR          SIZE      DERIVATIVE 
   1  N0           2.90949e+06   1.00000e+02   0.00000e+00   1.18441e-03
   2  tau          6.43983e+01   constant   
   3  A0           3.53683e-01   1.00000e-04   0.00000e+00   4.90293e+03
   4  phi          4.11541e+00   1.00000e-02   0.00000e+00  -3.79780e+03
   5  R           -6.16270e+01   constant   
   6  alpha_CBO    0.00000e+00     fixed    
   7  w_CBO        2.32500e+00   constant   
   8  beta_CBO     0.00000e+00     fixed    
   9  alpha_2CBO   0.00000e+00     fixed    
  10  beta_2CBO    0.00000e+00     fixed    
  11  alpha_y      0.00000e+00     fixed    
  12  w_y          1.44500e+01   constant   
  13  beta_y       0.00000e+00     fixed    
  14  alpha_vw     0.00000e+00     fixed    
  15  w_vw         1.29000e+01   constant   
  16  beta_vw      0.00000e+00     fixed    
  17  LM          -2.35969e-04   constant   
  18  zeta_y       0.00000e+00   constant   
  19  zeta_vw      0.00000e+00   constant   
  20  T_CBO        1.00000e+02   1.00000e+00   0.00000e+00   0.00000e+00
  21  alpha_A0     0.00000e+00   1.00000e-03   0.00000e+00   7.30041e+01
  22  beta_A0      0.00000e+00   1.00000e-03   0.00000e+00   2.52082e+01
  23  alpha_phi    0.00000e+00   1.00000e-03   0.00000e+00  -1.74946e+02
  24  beta_phi     0.00000e+00   1.00000e-03   0.00000e+00  -1.03396e+00
 CALL LIMIT EXCEEDED IN MIGRAD.
 MIGRAD TERMINATED WITHOUT CONVERGENCE.
 FCN=128.054 FROM MIGRAD    STATUS=CALL LIMIT   1333 CALLS        1334 TOTAL
                     EDM=0.000352491    STRATEGY= 1  ERROR MATRIX UNCERTAINTY   0.7 per cent
  EXT PARAMETER                APPROXIMATE        STEP         FIRST   
  NO.   NAME      VALUE            ERROR          SIZE      DERIVATIVE 
   1  N0           2.90935e+06   7.79052e+02  -4.83290e-01  -2.45602e-06
   2  tau          6.43983e+01   constant   
   3  A0           3.53287e-01   3.31958e-04  -2.81570e-06  -1.67821e+01
   4  phi          4.11775e+00   1.03573e-03   9.93524e-06   1.54520e+01
   5  R           -6.16270e+01   constant   
   6  alpha_CBO    0.00000e+00     fixed    
   7  w_CBO        2.32500e+00   constant   
   8  beta_CBO     0.00000e+00     fixed    
   9  alpha_2CBO   0.00000e+00     fixed    
  10  beta_2CBO    0.00000e+00     fixed    
  11  alpha_y      0.00000e+00     fixed    
  12  w_y          1.44500e+01   constant   
  13  beta_y       0.00000e+00     fixed    
  14  alpha_vw     0.00000e+00     fixed    
  15  w_vw         1.29000e+01   constant   
  16  beta_vw      0.00000e+00     fixed    
  17  LM          -2.35969e-04   constant   
  18  zeta_y       0.00000e+00   constant   
  19  zeta_vw      0.00000e+00   constant   
  20  T_CBO        7.95002e+02   8.30834e+02   1.83988e-01  -1.03802e-02
  21  alpha_A0    -2.15828e-03   5.23609e-03   6.74894e-05   6.28468e+00
  22  beta_A0     -1.27947e-03   3.58209e-03   3.26186e-05   1.09117e+00
  23  alpha_phi    2.58617e-03   5.83637e-03  -7.49728e-05  -6.58723e+00
  24  beta_phi     6.88213e-04   2.34111e-03  -4.84017e-05  -1.46958e+01
 EXTERNAL ERROR MATRIX.    NDIM=  25    NPAR=  8    ERR DEF=1
  6.069e+05  2.042e-02  7.818e-02 -2.812e+04 -1.928e-01  3.827e-01  2.588e-01  7.516e-02 
  2.042e-02  1.102e-07 -3.967e-08 -8.184e-02 -4.339e-09  2.933e-08 -5.140e-09 -7.822e-08 
  7.818e-02 -3.967e-08  1.073e-06  1.978e-01 -4.670e-07 -1.852e-07  1.406e-07  3.762e-07 
 -2.812e+04 -8.184e-02  1.978e-01  1.389e+07  1.638e+01  9.349e+00 -1.940e+01 -5.282e+00 
 -1.928e-01 -4.339e-09 -4.670e-07  1.638e+01  2.742e-05  1.199e-05 -2.448e-05 -6.246e-06 
  3.827e-01  2.933e-08 -1.852e-07  9.349e+00  1.199e-05  1.283e-05 -1.461e-05 -4.061e-06 
  2.588e-01 -5.140e-09  1.406e-07 -1.940e+01 -2.448e-05 -1.461e-05  3.406e-05  7.490e-06 
  7.516e-02 -7.822e-08  3.762e-07 -5.282e+00 -6.246e-06 -4.061e-06  7.490e-06  5.481e-06 
ERR MATRIX APPROXIMATE
 PARAMETER  CORRELATION COEFFICIENTS  
       NO.  GLOBAL      1      3      4     20     21     22     23     24
        1  0.30104   1.000  0.079  0.097 -0.010 -0.047  0.137  0.057  0.041
        3  0.26726   0.079  1.000 -0.115 -0.066 -0.002  0.025 -0.003 -0.101
        4  0.36440   0.097 -0.115  1.000  0.051 -0.086 -0.050  0.023  0.155
       20  0.93447  -0.010 -0.066  0.051  1.000  0.840  0.700 -0.892 -0.605
       21  0.85742  -0.047 -0.002 -0.086  0.840  1.000  0.639 -0.801 -0.510
       22  0.74626   0.137  0.025 -0.050  0.700  0.639  1.000 -0.699 -0.484
       23  0.90583   0.057 -0.003  0.023 -0.892 -0.801 -0.699  1.000  0.548
       24  0.65201   0.041 -0.101  0.155 -0.605 -0.510 -0.484  0.548  1.000
 ERR MATRIX APPROXIMATE
MINUIT - FIT ONLY 1-CBO + wiggle
 **********
 **   16 **RES 
 **********
                   PARAMETER   16  beta_vw RESTORED TO VARIABLE.
                   PARAMETER   14  alpha_vw RESTORED TO VARIABLE.
                   PARAMETER   13  beta_y RESTORED TO VARIABLE.
                   PARAMETER   11  alpha_y RESTORED TO VARIABLE.
                   PARAMETER   10  beta_2CBO RESTORED TO VARIABLE.
                   PARAMETER    9  alpha_2CBO RESTORED TO VARIABLE.
                   PARAMETER    8  beta_CBO RESTORED TO VARIABLE.
                   PARAMETER    6  alpha_CBO RESTORED TO VARIABLE.
 **********
 **   17 **FIX            8
 **********
 **********
 **   18 **FIX            9
 **********
 **********
 **   19 **FIX           11
 **********
 **********
 **   20 **FIX           12
 **********
 PARAMETER   12  IS CONSTANT.   IGNORED.
 **********
 **   21 **FIX           14
 **********
 **********
 **   22 **FIX           15
 **********
 PARAMETER   15  IS CONSTANT.   IGNORED.
 **********
 **   23 **FIX           16
 **********
 **********
 **   24 **MIGRAD
 **********
 START MIGRAD MINIMIZATION.  STRATEGY  1.  CONVERGENCE WHEN EDM .LT. 1.00e-04
 FCN=128.054 FROM MIGRAD    STATUS=INITIATE       28 CALLS        1362 TOTAL
                     EDM= unknown      STRATEGY= 1      NO ERROR MATRIX       
  EXT PARAMETER               CURRENT GUESS       STEP         FIRST   
  NO.   NAME      VALUE            ERROR          SIZE      DERIVATIVE 
   1  N0           2.90935e+06   7.79052e+02  -4.83290e-01  -2.45602e-06
   2  tau          6.43983e+01   constant   
   3  A0           3.53287e-01   3.31958e-04  -2.81570e-06  -1.67821e+01
   4  phi          4.11775e+00   1.03573e-03   9.93524e-06   1.54520e+01
   5  R           -6.16270e+01   constant   
   6  alpha_CBO    0.00000e+00   1.00000e-03   1.00000e-03   1.31703e+04
   7  w_CBO        2.32500e+00   constant   
   8  beta_CBO     0.00000e+00     fixed    
   9  alpha_2CBO   0.00000e+00     fixed    
  10  beta_2CBO    0.00000e+00   1.00000e-03   1.00000e-03   1.15870e+04
  11  alpha_y      0.00000e+00     fixed    
  12  w_y          1.44500e+01   constant   
  13  beta_y       0.00000e+00   1.00000e-03   1.00000e-03  -5.54889e+02
  14  alpha_vw     0.00000e+00     fixed    
  15  w_vw         1.29000e+01   constant   
  16  beta_vw      0.00000e+00     fixed    
  17  LM          -2.35969e-04   constant   
  18  zeta_y       0.00000e+00   constant   
  19  zeta_vw      0.00000e+00   constant   
  20  T_CBO        7.95002e+02   8.30834e+02   1.83988e-01  -1.04011e-02
  21  alpha_A0    -2.15828e-03   5.23609e-03   6.74894e-05   6.28468e+00
  22  beta_A0     -1.27947e-03   3.58209e-03   3.26186e-05   1.09117e+00
  23  alpha_phi    2.58617e-03   5.83637e-03  -7.49728e-05  -6.58723e+00
  24  beta_phi     6.88213e-04   2.34111e-03  -4.84017e-05  -1.46958e+01
 MIGRAD MINIMIZATION HAS CONVERGED.
 MIGRAD WILL VERIFY CONVERGENCE AND ERROR MATRIX.
 COVARIANCE MATRIX CALCULATED SUCCESSFULLY
 FCN=116.559 FROM HESSE     STATUS=OK            100 CALLS        1611 TOTAL
                     EDM=0.000494998    STRATEGY= 1      ERROR MATRIX ACCURATE 
  EXT PARAMETER                                   STEP         FIRST   
  NO.   NAME      VALUE            ERROR          SIZE      DERIVATIVE 
   1  N0           2.90923e+06   8.30449e+02   4.07814e+00  -4.02330e-07
   2  tau          6.43983e+01   constant   
   3  A0           3.53143e-01   3.48635e-04   1.75592e-06   1.30677e+00
   4  phi          4.11806e+00   1.06479e-03   5.45297e-06  -8.53529e-01
   5  R           -6.16270e+01   constant   
   6  alpha_CBO   -9.98774e-04   3.96221e-04   1.98956e-06  -3.43204e+00
   7  w_CBO        2.32500e+00   constant   
   8  beta_CBO     0.00000e+00     fixed    
   9  alpha_2CBO   0.00000e+00     fixed    
  10  beta_2CBO   -8.47691e-04   3.91164e-04   2.01387e-06   2.81545e+00
  11  alpha_y      0.00000e+00     fixed    
  12  w_y          1.44500e+01   constant   
  13  beta_y       3.86367e-05   3.80607e-04   2.01344e-06  -1.34010e+00
  14  alpha_vw     0.00000e+00     fixed    
  15  w_vw         1.29000e+01   constant   
  16  beta_vw      0.00000e+00     fixed    
  17  LM          -2.35969e-04   constant   
  18  zeta_y       0.00000e+00   constant   
  19  zeta_vw      0.00000e+00   constant   
  20  T_CBO        8.03097e+02   5.01294e+02   1.81974e-02   9.85057e-04
  21  alpha_A0    -3.59146e-03   1.32711e-02   1.06551e-05   1.32475e+00
  22  beta_A0     -1.13017e-03   4.46042e-03   1.00629e-05   7.34520e-01
  23  alpha_phi    1.79868e-03   6.72911e-03   9.12730e-06   9.96711e-02
  24  beta_phi     3.10794e-04   2.22431e-03   9.76354e-06   5.80481e-02
 CALL LIMIT EXCEEDED IN MIGRAD.
 MIGRAD TERMINATED WITHOUT CONVERGENCE.
 FCN=116.525 FROM MIGRAD    STATUS=CALL LIMIT   1916 CALLS        3250 TOTAL
                     EDM=0.00172157    STRATEGY= 1  ERROR MATRIX UNCERTAINTY   1.1 per cent
  EXT PARAMETER                APPROXIMATE        STEP         FIRST   
  NO.   NAME      VALUE            ERROR          SIZE      DERIVATIVE 
   1  N0           2.90923e+06   8.03533e+02   1.59899e+00  -8.32664e-07
   2  tau          6.43983e+01   constant   
   3  A0           3.53151e-01   3.47488e-04   4.50545e-07  -1.84977e+01
   4  phi          4.11809e+00   1.06385e-03  -9.30576e-07   1.69594e+01
   5  R           -6.16270e+01   constant   
   6  alpha_CBO   -1.00817e-03   3.90642e-04  -4.64015e-08  -6.15759e-01
   7  w_CBO        2.32500e+00   constant   
   8  beta_CBO     0.00000e+00     fixed    
   9  alpha_2CBO   0.00000e+00     fixed    
  10  beta_2CBO   -8.51742e-04   3.83770e-04   8.26868e-07  -3.95581e+01
  11  alpha_y      0.00000e+00     fixed    
  12  w_y          1.44500e+01   constant   
  13  beta_y       3.85687e-05   3.79954e-04  -2.85272e-07   1.16623e+01
  14  alpha_vw     0.00000e+00     fixed    
  15  w_vw         1.29000e+01   constant   
  16  beta_vw      0.00000e+00     fixed    
  17  LM          -2.35969e-04   constant   
  18  zeta_y       0.00000e+00   constant   
  19  zeta_vw      0.00000e+00   constant   
  20  T_CBO        6.76528e+01   7.50413e+01  -5.98718e-03  -1.20436e+00
  21  alpha_A0    -9.04661e-02   3.23551e-01  -6.08523e-03   6.28645e-01
  22  beta_A0     -2.72195e-02   9.48412e-02  -1.78867e-03  -4.99657e-01
  23  alpha_phi    4.12523e-02   1.47272e-01   2.75738e-03  -1.52200e+00
  24  beta_phi     7.91597e-03   2.79030e-02   5.26824e-04   3.89446e-01
 EXTERNAL ERROR MATRIX.    NDIM=  25    NPAR= 11    ERR DEF=1
  6.457e+05 
  4.645e-02  1.207e-07 
  1.119e-01 -2.658e-08  1.132e-06 
 -1.144e-03  2.712e-08 -4.539e-08  1.526e-07 
  7.767e-03 -8.027e-09  5.247e-09 -3.380e-09  1.473e-07 
 -3.859e-03  1.512e-09  9.814e-10  1.753e-09 -6.466e-10  1.444e-07 
  2.113e+03 -4.266e-04 -5.373e-03  1.730e-04  1.764e-03 -5.980e-04  5.807e+03 
  7.106e+00 -1.271e-07 -3.629e-05  2.175e-06  1.060e-05 -3.404e-06  2.454e+01  1.047e-01 
  2.466e+00  3.646e-09 -1.051e-05  7.082e-07  2.932e-06 -9.539e-07  7.194e+00  3.067e-02  8.995e-03 
 -2.885e+00  2.212e-08  1.679e-05 -6.258e-07 -4.962e-06  1.624e-06 -1.116e+01 -4.761e-02 -1.394e-02  2.169e-02 
 -5.984e-01 -1.756e-08  3.181e-06 -2.705e-07 -7.351e-07  2.582e-07 -2.111e+00 -8.997e-03 -2.639e-03  4.085e-03  7.786e-04 
ERR MATRIX APPROXIMATE
 PARAMETER  CORRELATION COEFFICIENTS  
       NO.  GLOBAL      1      3      4      6     10     13     20     21     22     23     24
        1  0.28170   1.000  0.166  0.131 -0.004  0.025 -0.013  0.035  0.027  0.032 -0.024 -0.027
        3  0.32805   0.166  1.000 -0.072  0.200 -0.060  0.011 -0.016 -0.001  0.000  0.000 -0.002
        4  0.45500   0.131 -0.072  1.000 -0.109  0.013  0.002 -0.066 -0.105 -0.104  0.107  0.107
        6  0.30479  -0.004  0.200 -0.109  1.000 -0.023  0.012  0.006  0.017  0.019 -0.011 -0.025
       10  0.36906   0.025 -0.060  0.013 -0.023  1.000 -0.004  0.060  0.085  0.081 -0.088 -0.069
       13  0.09840  -0.013  0.011  0.002  0.012 -0.004  1.000 -0.021 -0.028 -0.026  0.029  0.024
       20  0.99671   0.035 -0.016 -0.066  0.006  0.060 -0.021  1.000  0.995  0.995 -0.994 -0.993
       21  0.99991   0.027 -0.001 -0.105  0.017  0.085 -0.028  0.995  1.000  0.999 -0.999 -0.997
       22  0.99972   0.032  0.000 -0.104  0.019  0.081 -0.026  0.995  0.999  1.000 -0.998 -0.997
       23  0.99966  -0.024  0.000  0.107 -0.011 -0.088  0.029 -0.994 -0.999 -0.998  1.000  0.994
       24  0.99769  -0.027 -0.002  0.107 -0.025 -0.069  0.024 -0.993 -0.997 -0.997  0.994  1.000
 ERR MATRIX APPROXIMATE
MINUIT - FIT ONLY 2-CBO
 **********
 **   25 **RES 
 **********
                   PARAMETER   16  beta_vw RESTORED TO VARIABLE.
                   PARAMETER   14  alpha_vw RESTORED TO VARIABLE.
                   PARAMETER   11  alpha_y RESTORED TO VARIABLE.
                   PARAMETER    9  alpha_2CBO RESTORED TO VARIABLE.
                   PARAMETER    8  beta_CBO RESTORED TO VARIABLE.
 **********
 **   26 **FIX            0
 **********
 PARAMETER    0  IS UNDEFINED. IGNORED.
 **********
 **   27 **FIX            1
 **********
 **********
 **   28 **FIX            2
 **********
 PARAMETER    2  IS CONSTANT.   IGNORED.
 **********
 **   29 **FIX            3
 **********
 **********
 **   30 **FIX            4
 **********
 **********
 **   31 **FIX            5
 **********
 PARAMETER    5  IS CONSTANT.   IGNORED.
 **********
 **   32 **FIX            6
 **********
 **********
 **   33 **FIX            7
 **********
 PARAMETER    7  IS CONSTANT.   IGNORED.
 **********
 **   34 **FIX           10
 **********
 **********
 **   35 **FIX           11
 **********
 **********
 **   36 **FIX           12
 **********
 PARAMETER   12  IS CONSTANT.   IGNORED.
 **********
 **   37 **FIX           13
 **********
 **********
 **   38 **FIX           14
 **********
 **********
 **   39 **FIX           15
 **********
 PARAMETER   15  IS CONSTANT.   IGNORED.
 **********
 **   40 **FIX           16
 **********
 **********
 **   41 **MIGRAD
 **********
 START MIGRAD MINIMIZATION.  STRATEGY  1.  CONVERGENCE WHEN EDM .LT. 1.00e-04
 FCN=116.525 FROM MIGRAD    STATUS=INITIATE       18 CALLS        3268 TOTAL
                     EDM= unknown      STRATEGY= 1      NO ERROR MATRIX       
  EXT PARAMETER               CURRENT GUESS       STEP         FIRST   
  NO.   NAME      VALUE            ERROR          SIZE      DERIVATIVE 
   1  N0           2.90923e+06     fixed    
   2  tau          6.43983e+01   constant   
   3  A0           3.53151e-01     fixed    
   4  phi          4.11809e+00     fixed    
   5  R           -6.16270e+01   constant   
   6  alpha_CBO   -1.00817e-03     fixed    
   7  w_CBO        2.32500e+00   constant   
   8  beta_CBO     0.00000e+00   1.00000e-03   1.00000e-03   3.95687e+04
   9  alpha_2CBO   0.00000e+00   1.00000e-03   1.00000e-03  -8.22879e+02
  10  beta_2CBO   -8.51742e-04     fixed    
  11  alpha_y      0.00000e+00     fixed    
  12  w_y          1.44500e+01   constant   
  13  beta_y       3.85687e-05     fixed    
  14  alpha_vw     0.00000e+00     fixed    
  15  w_vw         1.29000e+01   constant   
  16  beta_vw      0.00000e+00     fixed    
  17  LM          -2.35969e-04   constant   
  18  zeta_y       0.00000e+00   constant   
  19  zeta_vw      0.00000e+00   constant   
  20  T_CBO        6.76528e+01   7.50413e+01  -5.98718e-03  -1.20437e+00
  21  alpha_A0    -9.04661e-02   3.23551e-01  -6.08523e-03   6.28645e-01
  22  beta_A0     -2.72195e-02   9.48412e-02  -1.78867e-03  -4.99657e-01
  23  alpha_phi    4.12523e-02   1.47272e-01   2.75738e-03  -1.52200e+00
  24  beta_phi     7.91597e-03   2.79030e-02   5.26824e-04   3.89446e-01
 CALL LIMIT EXCEEDED IN MIGRAD.
 MIGRAD TERMINATED WITHOUT CONVERGENCE.
 FCN=57.0594 FROM MIGRAD    STATUS=CALL LIMIT   1154 CALLS        4404 TOTAL
                     EDM=0.00311574    STRATEGY= 1  ERROR MATRIX UNCERTAINTY  32.8 per cent
  EXT PARAMETER                APPROXIMATE        STEP         FIRST   
  NO.   NAME      VALUE            ERROR          SIZE      DERIVATIVE 
   1  N0           2.90923e+06     fixed    
   2  tau          6.43983e+01   constant   
   3  A0           3.53151e-01     fixed    
   4  phi          4.11809e+00     fixed    
   5  R           -6.16270e+01   constant   
   6  alpha_CBO   -1.00817e-03     fixed    
   7  w_CBO        2.32500e+00   constant   
   8  beta_CBO    -2.99571e-03   3.89342e-04   5.54010e-06  -8.01924e+00
   9  alpha_2CBO   3.70363e-05   3.84940e-04  -5.71829e-06   9.64924e+00
  10  beta_2CBO   -8.51742e-04     fixed    
  11  alpha_y      0.00000e+00     fixed    
  12  w_y          1.44500e+01   constant   
  13  beta_y       3.85687e-05     fixed    
  14  alpha_vw     0.00000e+00     fixed    
  15  w_vw         1.29000e+01   constant   
  16  beta_vw      0.00000e+00     fixed    
  17  LM          -2.35969e-04   constant   
  18  zeta_y       0.00000e+00   constant   
  19  zeta_vw      0.00000e+00   constant   
  20  T_CBO        2.55624e+01   8.92768e+00  -2.81162e-03  -1.21720e+01
  21  alpha_A0    -2.78312e+01   7.87749e+01  -3.67532e+00   6.07197e-03
  22  beta_A0     -1.85583e+01   5.33110e+01  -2.48644e+00   3.54572e-03
  23  alpha_phi    1.58507e+01   4.52782e+01   2.11210e+00   5.90692e-03
  24  beta_phi    -1.80598e+01   5.19872e+01  -2.42434e+00   5.44590e-03
 EXTERNAL ERROR MATRIX.    NDIM=  25    NPAR=  7    ERR DEF=1
  1.516e-07 -1.491e-09 -2.266e-04 -1.861e-03 -1.259e-03  1.070e-03 -1.226e-03 
 -1.491e-09  1.482e-07  2.975e-04  2.472e-03  1.675e-03 -1.421e-03  1.635e-03 
 -2.266e-04  2.975e-04  7.979e+01  7.006e+02  4.741e+02 -4.027e+02  4.623e+02 
 -1.861e-03  2.472e-03  7.006e+02  6.205e+03  4.200e+03 -3.567e+03  4.095e+03 
 -1.259e-03  1.675e-03  4.741e+02  4.200e+03  2.842e+03 -2.414e+03  2.771e+03 
  1.070e-03 -1.421e-03 -4.027e+02 -3.567e+03 -2.414e+03  2.050e+03 -2.354e+03 
 -1.226e-03  1.635e-03  4.623e+02  4.095e+03  2.771e+03 -2.354e+03  2.703e+03 
ERR MATRIX APPROXIMATE
 PARAMETER  CORRELATION COEFFICIENTS  
       NO.  GLOBAL      8      9     20     21     22     23     24
        8  0.10137   1.000 -0.010 -0.065 -0.061 -0.061  0.061 -0.061
        9  0.16560  -0.010  1.000  0.087  0.082  0.082 -0.082  0.082
       20  0.99639  -0.065  0.087  1.000  0.996  0.996 -0.996  0.996
       21  1.00000  -0.061  0.082  0.996  1.000  1.000 -1.000  1.000
       22  1.00000  -0.061  0.082  0.996  1.000  1.000 -1.000  1.000
       23  1.00000   0.061 -0.082 -0.996 -1.000 -1.000  1.000 -1.000
       24  1.00000  -0.061  0.082  0.996  1.000  1.000 -1.000  1.000
 ERR MATRIX APPROXIMATE
MINUIT - FIT wiggle + 1-CBO + 2-CBO
 **********
 **   42 **RES 
 **********
                   PARAMETER   16  beta_vw RESTORED TO VARIABLE.
                   PARAMETER   14  alpha_vw RESTORED TO VARIABLE.
                   PARAMETER   13  beta_y RESTORED TO VARIABLE.
                   PARAMETER   11  alpha_y RESTORED TO VARIABLE.
                   PARAMETER   10  beta_2CBO RESTORED TO VARIABLE.
                   PARAMETER    6  alpha_CBO RESTORED TO VARIABLE.
                   PARAMETER    4  phi RESTORED TO VARIABLE.
                   PARAMETER    3  A0 RESTORED TO VARIABLE.
                   PARAMETER    1  N0 RESTORED TO VARIABLE.
 **********
 **   43 **FIX           10
 **********
 **********
 **   44 **FIX           11
 **********
 **********
 **   45 **FIX           12
 **********
 PARAMETER   12  IS CONSTANT.   IGNORED.
 **********
 **   46 **FIX           13
 **********
 **********
 **   47 **FIX           14
 **********
 **********
 **   48 **FIX           15
 **********
 PARAMETER   15  IS CONSTANT.   IGNORED.
 **********
 **   49 **FIX           16
 **********
 **********
 **   50 **MIGRAD
 **********
 START MIGRAD MINIMIZATION.  STRATEGY  1.  CONVERGENCE WHEN EDM .LT. 1.00e-04
 FCN=57.0594 FROM MIGRAD    STATUS=INITIATE       22 CALLS        4426 TOTAL
                     EDM= unknown      STRATEGY= 1      NO ERROR MATRIX       
  EXT PARAMETER               CURRENT GUESS       STEP         FIRST   
  NO.   NAME      VALUE            ERROR          SIZE      DERIVATIVE 
   1  N0           2.90923e+06   8.03533e+02   8.03533e+02  -6.88074e-04
   2  tau          6.43983e+01   constant   
   3  A0           3.53151e-01   3.47488e-04   3.47488e-04   1.55548e+03
   4  phi          4.11809e+00   1.06385e-03   1.06385e-03   3.11524e+03
   5  R           -6.16270e+01   constant   
   6  alpha_CBO   -1.00817e-03   3.90642e-04   3.90642e-04   9.42794e+02
   7  w_CBO        2.32500e+00   constant   
   8  beta_CBO    -2.99571e-03   3.89342e-04   5.54010e-06  -8.01924e+00
   9  alpha_2CBO   3.70363e-05   3.84940e-04  -5.71829e-06   9.64924e+00
  10  beta_2CBO   -8.51742e-04     fixed    
  11  alpha_y      0.00000e+00     fixed    
  12  w_y          1.44500e+01   constant   
  13  beta_y       3.85687e-05     fixed    
  14  alpha_vw     0.00000e+00     fixed    
  15  w_vw         1.29000e+01   constant   
  16  beta_vw      0.00000e+00     fixed    
  17  LM          -2.35969e-04   constant   
  18  zeta_y       0.00000e+00   constant   
  19  zeta_vw      0.00000e+00   constant   
  20  T_CBO        2.55624e+01   8.92768e+00  -2.81162e-03  -1.21720e+01
  21  alpha_A0    -2.78312e+01   7.87749e+01  -3.67532e+00   6.07197e-03
  22  beta_A0     -1.85583e+01   5.33110e+01  -2.48644e+00   3.54572e-03
  23  alpha_phi    1.58507e+01   4.52782e+01   2.11210e+00   5.90692e-03
  24  beta_phi    -1.80598e+01   5.19872e+01  -2.42434e+00   5.44590e-03
 MIGRAD MINIMIZATION HAS CONVERGED.
 MIGRAD WILL VERIFY CONVERGENCE AND ERROR MATRIX.
 FCN=54.1813 FROM HESSE     STATUS=NOT POSDEF    100 CALLS        4667 TOTAL
                     EDM=0.000457769    STRATEGY= 1      ERR MATRIX NOT POS-DEF
  EXT PARAMETER                APPROXIMATE        STEP         FIRST   
  NO.   NAME      VALUE            ERROR          SIZE      DERIVATIVE 
   1  N0           2.90927e+06   8.31731e+02   2.79405e+00  -8.20955e-07
   2  tau          6.43983e+01   constant   
   3  A0           3.53100e-01   3.47738e-04   1.20318e-06   2.26409e+00
   4  phi          4.11628e+00   1.10164e-03   3.73694e-06  -3.43661e-01
   5  R           -6.16270e+01   constant   
   6  alpha_CBO   -1.02283e-03   3.95712e-04   1.36295e-06   2.95258e+00
   7  w_CBO        2.32500e+00   constant   
   8  beta_CBO    -3.14732e-03   3.98263e-04   1.37770e-06   1.24153e+00
   9  alpha_2CBO  -8.38936e-06   3.83783e-04   1.36111e-06   1.23751e+00
  10  beta_2CBO   -8.51742e-04     fixed    
  11  alpha_y      0.00000e+00     fixed    
  12  w_y          1.44500e+01   constant   
  13  beta_y       3.85687e-05     fixed    
  14  alpha_vw     0.00000e+00     fixed    
  15  w_vw         1.29000e+01   constant   
  16  beta_vw      0.00000e+00     fixed    
  17  LM          -2.35969e-04   constant   
  18  zeta_y       0.00000e+00   constant   
  19  zeta_vw      0.00000e+00   constant   
  20  T_CBO        2.54752e+01   1.54937e+01   2.33014e-05   1.61528e-01
  21  alpha_A0    -2.39132e+01   1.36866e+02   5.91566e-02   2.35745e-05
  22  beta_A0     -1.67889e+01   9.59482e+01   5.54278e-02   1.06236e-04
  23  alpha_phi    1.53695e+01   8.76912e+01   4.94821e-02  -5.11956e-05
  24  beta_phi    -2.27308e+01   1.28193e+02   5.27484e-02   7.09093e-05
 CALL LIMIT EXCEEDED IN MIGRAD.
 MIGRAD TERMINATED WITHOUT CONVERGENCE.
 FCN=54.1692 FROM MIGRAD    STATUS=CALL LIMIT   1929 CALLS        6333 TOTAL
                     EDM=3.06882e-05    STRATEGY= 1      ERR MATRIX NOT POS-DEF
  EXT PARAMETER                APPROXIMATE        STEP         FIRST   
  NO.   NAME      VALUE            ERROR          SIZE      DERIVATIVE 
   1  N0           2.90927e+06   8.46165e+02  -2.74397e-01  -1.17309e-06
   2  tau          6.43983e+01   constant   
   3  A0           3.53095e-01   3.49439e-04  -3.04341e-07  -2.07191e+00
   4  phi          4.11629e+00   1.08489e-03  -4.97664e-08   8.03525e-01
   5  R           -6.16270e+01   constant   
   6  alpha_CBO   -1.03028e-03   3.87993e-04   4.20435e-07  -1.77059e-01
   7  w_CBO        2.32500e+00   constant   
   8  beta_CBO    -3.14800e-03   3.95260e-04  -1.62098e-07  -4.11795e+00
   9  alpha_2CBO  -9.72936e-06   3.82767e-04   3.96042e-07   3.06110e+00
  10  beta_2CBO   -8.51742e-04     fixed    
  11  alpha_y      0.00000e+00     fixed    
  12  w_y          1.44500e+01   constant   
  13  beta_y       3.85687e-05     fixed    
  14  alpha_vw     0.00000e+00     fixed    
  15  w_vw         1.29000e+01   constant   
  16  beta_vw      0.00000e+00     fixed    
  17  LM          -2.35969e-04   constant   
  18  zeta_y       0.00000e+00   constant   
  19  zeta_vw      0.00000e+00   constant   
  20  T_CBO        1.95401e+01   1.55352e+01  -5.53517e-04  -1.70095e+00
  21  alpha_A0    -4.07539e+02   3.78409e+03  -1.83982e+01   1.77733e-05
  22  beta_A0     -2.81402e+02   2.58109e+03  -1.26572e+01   2.90152e-05
  23  alpha_phi    2.52442e+02   2.31022e+03   1.12215e+01   2.84770e-06
  24  beta_phi    -3.72582e+02   3.44179e+03  -1.67599e+01   1.68778e-05
 EXTERNAL ERROR MATRIX.    NDIM=  25    NPAR= 11    ERR DEF=1
  7.160e+05 
  6.334e-02  1.221e-07 
  8.043e-02 -2.746e-08  1.177e-06 
  8.861e-03  2.747e-08 -4.297e-08  1.505e-07 
  1.727e-03  3.840e-09  8.298e-08  1.912e-09  1.562e-07 
 -1.156e-02 -5.322e-09  2.760e-08  1.012e-09  1.375e-09  1.465e-07 
  8.278e+01  3.515e-04 -3.784e-04  8.339e-05  1.500e-04 -2.165e-05  2.424e+02 
  8.408e+03  8.995e-02 -1.044e-01  1.790e-02  4.488e-02 -1.543e-02  5.888e+04  1.432e+07 
  5.056e+04  6.835e-02 -7.451e-02  1.381e-02  3.518e-02 -1.576e-02  4.012e+04  9.746e+06  6.662e+06 
  2.530e+03 -5.396e-02  6.115e-02 -9.245e-03 -2.707e-02  9.109e-03 -3.594e+04 -8.741e+06 -5.946e+06  5.337e+06 
  1.853e+04  8.322e-02 -8.974e-02  1.552e-02  4.320e-02 -1.442e-02  5.356e+04  1.302e+07  8.870e+06 -7.949e+06  1.185e+07 
ERR MATRIX NOT POS-DEF
 PARAMETER  CORRELATION COEFFICIENTS  
       NO.  GLOBAL      1      3      4      6      8      9     20     21     22     23     24
        1  0.40438   1.000  0.214  0.088  0.027  0.005 -0.036  0.006  0.003  0.023  0.001  0.006
        3  0.37094   0.214  1.000 -0.072  0.203  0.028 -0.040  0.065  0.068  0.076 -0.067  0.069
        4  0.35703   0.088 -0.072  1.000 -0.102  0.194  0.066 -0.022 -0.025 -0.027  0.024 -0.024
        6  0.33016   0.027  0.203 -0.102  1.000  0.012  0.007  0.014  0.012  0.014 -0.010  0.012
        8  0.36845   0.005  0.028  0.194  0.012  1.000  0.009  0.024  0.030  0.034 -0.030  0.032
        9  0.34312  -0.036 -0.040  0.066  0.007  0.009  1.000 -0.004 -0.011 -0.016  0.010 -0.011
       20  0.99966   0.006  0.065 -0.022  0.014  0.024 -0.004  1.000  0.999  0.998 -0.999  1.000
       21  0.99999   0.003  0.068 -0.025  0.012  0.030 -0.011  0.999  1.000  0.998 -1.000  1.000
       22  0.99975   0.023  0.076 -0.027  0.014  0.034 -0.016  0.998  0.998  1.000 -0.997  0.998
       23  0.99997   0.001 -0.067  0.024 -0.010 -0.030  0.010 -0.999 -1.000 -0.997  1.000 -1.000
       24  0.99998   0.006  0.069 -0.024  0.012  0.032 -0.011  1.000  1.000  0.998 -1.000  1.000
 ERR MATRIX NOT POS-DEF
MINUIT - FIT ONLY 1-y
 **********
 **   51 **RES 
 **********
                   PARAMETER   16  beta_vw RESTORED TO VARIABLE.
                   PARAMETER   14  alpha_vw RESTORED TO VARIABLE.
                   PARAMETER   13  beta_y RESTORED TO VARIABLE.
                   PARAMETER   11  alpha_y RESTORED TO VARIABLE.
                   PARAMETER   10  beta_2CBO RESTORED TO VARIABLE.
 **********
 **   52 **FIX            0
 **********
 PARAMETER    0  IS UNDEFINED. IGNORED.
 **********
 **   53 **FIX            1
 **********
 **********
 **   54 **FIX            2
 **********
 PARAMETER    2  IS CONSTANT.   IGNORED.
 **********
 **   55 **FIX            3
 **********
 **********
 **   56 **FIX            4
 **********
 **********
 **   57 **FIX            5
 **********
 PARAMETER    5  IS CONSTANT.   IGNORED.
 **********
 **   58 **FIX            6
 **********
 **********
 **   59 **FIX            7
 **********
 PARAMETER    7  IS CONSTANT.   IGNORED.
 **********
 **   60 **FIX            8
 **********
 **********
 **   61 **FIX            9
 **********
 **********
 **   62 **FIX           13
 **********
 **********
 **   63 **FIX           14
 **********
 **********
 **   64 **FIX           15
 **********
 PARAMETER   15  IS CONSTANT.   IGNORED.
 **********
 **   65 **FIX           16
 **********
 **********
 **   66 **MIGRAD
 **********
 START MIGRAD MINIMIZATION.  STRATEGY  1.  CONVERGENCE WHEN EDM .LT. 1.00e-04
 FCN=54.1692 FROM MIGRAD    STATUS=INITIATE       16 CALLS        6349 TOTAL
                     EDM= unknown      STRATEGY= 1      NO ERROR MATRIX       
  EXT PARAMETER               CURRENT GUESS       STEP         FIRST   
  NO.   NAME      VALUE            ERROR          SIZE      DERIVATIVE 
   1  N0           2.90927e+06     fixed    
   2  tau          6.43983e+01   constant   
   3  A0           3.53095e-01     fixed    
   4  phi          4.11629e+00     fixed    
   5  R           -6.16270e+01   constant   
   6  alpha_CBO   -1.03028e-03     fixed    
   7  w_CBO        2.32500e+00   constant   
   8  beta_CBO    -3.14800e-03     fixed    
   9  alpha_2CBO  -9.72936e-06     fixed    
  10  beta_2CBO   -8.51742e-04   3.83770e-04   3.83770e-04  -2.78923e+02
  11  alpha_y      0.00000e+00   1.00000e-03   1.00000e-03  -2.80428e+03
  12  w_y          1.44500e+01   constant   
  13  beta_y       3.85687e-05     fixed    
  14  alpha_vw     0.00000e+00     fixed    
  15  w_vw         1.29000e+01   constant   
  16  beta_vw      0.00000e+00     fixed    
  17  LM          -2.35969e-04   constant   
  18  zeta_y       0.00000e+00   constant   
  19  zeta_vw      0.00000e+00   constant   
  20  T_CBO        1.95401e+01   1.55352e+01  -5.53517e-04  -1.70095e+00
  21  alpha_A0    -4.07539e+02   3.78409e+03  -1.83982e+01   1.77733e-05
  22  beta_A0     -2.81402e+02   2.58109e+03  -1.26572e+01   2.90152e-05
  23  alpha_phi    2.52442e+02   2.31022e+03   1.12215e+01   2.84770e-06
  24  beta_phi    -3.72582e+02   3.44179e+03  -1.67599e+01   1.68778e-05
 MIGRAD MINIMIZATION HAS CONVERGED.
 MIGRAD WILL VERIFY CONVERGENCE AND ERROR MATRIX.
 FCN=53.8891 FROM MIGRAD    STATUS=CONVERGED     112 CALLS        6445 TOTAL
                     EDM=2.46735e-05    STRATEGY= 1      ERR MATRIX NOT POS-DEF
  EXT PARAMETER                APPROXIMATE        STEP         FIRST   
  NO.   NAME      VALUE            ERROR          SIZE      DERIVATIVE 
   1  N0           2.90927e+06     fixed    
   2  tau          6.43983e+01   constant   
   3  A0           3.53095e-01     fixed    
   4  phi          4.11629e+00     fixed    
   5  R           -6.16270e+01   constant   
   6  alpha_CBO   -1.03028e-03     fixed    
   7  w_CBO        2.32500e+00   constant   
   8  beta_CBO    -3.14800e-03     fixed    
   9  alpha_2CBO  -9.72936e-06     fixed    
  10  beta_2CBO   -8.30829e-04   3.90146e-04   1.37595e-06   1.50559e+00
  11  alpha_y      1.97643e-04   3.75041e-04   1.35784e-06  -1.60603e-01
  12  w_y          1.44500e+01   constant   
  13  beta_y       3.85687e-05     fixed    
  14  alpha_vw     0.00000e+00     fixed    
  15  w_vw         1.29000e+01   constant   
  16  beta_vw      0.00000e+00     fixed    
  17  LM          -2.35969e-04   constant   
  18  zeta_y       0.00000e+00   constant   
  19  zeta_vw      0.00000e+00   constant   
  20  T_CBO        1.95382e+01   9.26826e+00   1.56141e-05   5.22089e-02
  21  alpha_A0    -4.05353e+02   2.35001e+03   9.88052e-01   1.27465e-07
  22  beta_A0     -2.81253e+02   1.62859e+03   9.24063e-01   3.68621e-06
  23  alpha_phi    2.51882e+02   1.45871e+03   8.20496e-01   6.98017e-06
  24  beta_phi    -3.73899e+02   2.13955e+03   8.73005e-01   3.29769e-06
 EXTERNAL ERROR MATRIX.    NDIM=  25    NPAR=  7    ERR DEF=1
  1.522e-07 -2.364e-10  1.195e-05  1.668e-02 -3.931e-03  2.192e-04  1.910e-02 
 -2.364e-10  1.407e-07 -5.077e-06 -2.880e-04  6.533e-04 -1.661e-04 -3.203e-03 
  1.195e-05 -5.077e-06  8.603e+01  2.164e+04  1.492e+04 -1.336e+04  1.971e+04 
  1.668e-02 -2.880e-04  2.164e+04  5.523e+06  3.752e+06 -3.369e+06  4.952e+06 
 -3.931e-03  6.533e-04  1.492e+04  3.752e+06  2.652e+06 -2.322e+06  3.415e+06 
  2.192e-04 -1.661e-04 -1.336e+04 -3.369e+06 -2.322e+06  2.128e+06 -3.052e+06 
  1.910e-02 -3.203e-03  1.971e+04  4.952e+06  3.415e+06 -3.052e+06  4.578e+06 
ERR MATRIX NOT POS-DEF
 PARAMETER  CORRELATION COEFFICIENTS  
       NO.  GLOBAL     10     11     20     21     22     23     24
       10  0.22778   1.000 -0.002  0.003  0.018 -0.006  0.000  0.023
       11  0.02835  -0.002  1.000 -0.001 -0.000  0.001 -0.000 -0.004
       20  0.99793   0.003 -0.001  1.000  0.993  0.987 -0.987  0.993
       21  0.99323   0.018 -0.000  0.993  1.000  0.980 -0.983  0.985
       22  0.98763  -0.006  0.001  0.987  0.980  1.000 -0.977  0.980
       23  0.98785   0.000 -0.000 -0.987 -0.983 -0.977  1.000 -0.978
       24  0.99362   0.023 -0.004  0.993  0.985  0.980 -0.978  1.000
 ERR MATRIX NOT POS-DEF
MINUIT - FIT ONLY 2-y
 **********
 **   67 **RES 
 **********
                   PARAMETER   16  beta_vw RESTORED TO VARIABLE.
                   PARAMETER   14  alpha_vw RESTORED TO VARIABLE.
                   PARAMETER   13  beta_y RESTORED TO VARIABLE.
                   PARAMETER    9  alpha_2CBO RESTORED TO VARIABLE.
                   PARAMETER    8  beta_CBO RESTORED TO VARIABLE.
                   PARAMETER    6  alpha_CBO RESTORED TO VARIABLE.
                   PARAMETER    4  phi RESTORED TO VARIABLE.
                   PARAMETER    3  A0 RESTORED TO VARIABLE.
                   PARAMETER    1  N0 RESTORED TO VARIABLE.
 **********
 **   68 **FIX            0
 **********
 PARAMETER    0  IS UNDEFINED. IGNORED.
 **********
 **   69 **FIX            1
 **********
 **********
 **   70 **FIX            2
 **********
 PARAMETER    2  IS CONSTANT.   IGNORED.
 **********
 **   71 **FIX            3
 **********
 **********
 **   72 **FIX            4
 **********
 **********
 **   73 **FIX            5
 **********
 PARAMETER    5  IS CONSTANT.   IGNORED.
 **********
 **   74 **FIX            6
 **********
 **********
 **   75 **FIX            7
 **********
 PARAMETER    7  IS CONSTANT.   IGNORED.
 **********
 **   76 **FIX            8
 **********
 **********
 **   77 **FIX            9
 **********
 **********
 **   78 **FIX           10
 **********
 **********
 **   79 **FIX           11
 **********
 **********
 **   80 **FIX           12
 **********
 PARAMETER   12  IS CONSTANT.   IGNORED.
 **********
 **   81 **FIX           16
 **********
 **********
 **   82 **MIGRAD
 **********
 START MIGRAD MINIMIZATION.  STRATEGY  1.  CONVERGENCE WHEN EDM .LT. 1.00e-04
 FCN=53.8891 FROM MIGRAD    STATUS=INITIATE       16 CALLS        6461 TOTAL
                     EDM= unknown      STRATEGY= 1      NO ERROR MATRIX       
  EXT PARAMETER               CURRENT GUESS       STEP         FIRST   
  NO.   NAME      VALUE            ERROR          SIZE      DERIVATIVE 
   1  N0           2.90927e+06     fixed    
   2  tau          6.43983e+01   constant   
   3  A0           3.53095e-01     fixed    
   4  phi          4.11629e+00     fixed    
   5  R           -6.16270e+01   constant   
   6  alpha_CBO   -1.03028e-03     fixed    
   7  w_CBO        2.32500e+00   constant   
   8  beta_CBO    -3.14800e-03     fixed    
   9  alpha_2CBO  -9.72936e-06     fixed    
  10  beta_2CBO   -8.30829e-04     fixed    
  11  alpha_y      1.97643e-04     fixed    
