 + ++++++++++++++++++++++++++++++++++++++++++++++++++++++++++++++++++++ +
 +                                                                      +
 +           You have chose to blind your fitting according to          +
 +                omega_ref * (1 + (R +/- deltaR) *10^{-6})             +
 +                                                                      +
 + ++++++++++++++++++++++++++++++++++++++++++++++++++++++++++++++++++++ +
In main()...
reading format from /gm2data/zkhechad/run45/envelope/formats/formatB_sBin_constraintOn.txt
pBinTau 	= 0  
pBinPhi 	= 0  
constraintau 	= 1 
includeMopTerm 	= 0    
constrainMop    = 0   
Parameters after format file: pBinTau 0 pBinPhi 0 constraintau 1 includeMopTerm 0 constrainMop 0 c_e_scale 0.000000 
Opening file /gm2data/tbarrett/gm2fr/studies/run23_bunch_corrections/CorrectedFourier_Run3b.root.
reading full fit data from /gm2data/zkhechad/cboTemplates/Run4CBOTemplates/templateFits0_v2.0/noRF/sBin_constraintOn_cE0.0_seed0_noRF_calo18.root
windowBins = 69
fitting sliding window 1558 from bin 1694 at 252.595600 to bin 1763 at 263.039600 (69 bins)

Reading data from /gm2data/cornell/histograms/aMethod/histogram_a_noRF.root
 **********
 **    1 **SET PRINTOUT            1
 **********
 **********
 **    2 **SET NOWARNINGS 
 **********
 PARAMETER DEFINITIONS:
    NO.   NAME         VALUE      STEP SIZE      LIMITS
     1 N0           3.61661e+06  1.00000e+02     no limits
     2 tau          6.44027e+01  constant
     3 A0           3.53412e-01  1.00000e-04     no limits
     4 phi          4.12202e+00  1.00000e-02     no limits
     5 R           -6.06479e+01  constant
     6 alpha_CBO    0.00000e+00  1.00000e-03     no limits
     7 w_CBO        2.32500e+00  constant
     8 beta_CBO     0.00000e+00  1.00000e-03     no limits
     9 alpha_2CBO   0.00000e+00  1.00000e-03     no limits
    10 beta_2CBO    0.00000e+00  1.00000e-03     no limits
    11 alpha_y      0.00000e+00  1.00000e-03     no limits
    12 w_y          1.44500e+01  constant
    13 beta_y       0.00000e+00  1.00000e-03     no limits
    14 alpha_vw     0.00000e+00  1.00000e-03     no limits
    15 w_vw         1.29000e+01  constant
    16 beta_vw      0.00000e+00  1.00000e-03     no limits
    17 LM          -1.06686e-04  constant
    18 zeta_y       0.00000e+00  constant
    19 zeta_vw      0.00000e+00  constant
    20 T_CBO        1.00000e+02  1.00000e+00    0.00000e+00  1.00000e+03
    21 alpha_A0     0.00000e+00  1.00000e-03     no limits
    22 beta_A0      0.00000e+00  1.00000e-03     no limits
    23 alpha_phi    0.00000e+00  1.00000e-03     no limits
    24 beta_phi     0.00000e+00  1.00000e-03     no limits
MINUIT - FIT ONLY WIGGLE
 **********
 **    3 **FIX            5
 **********
 PARAMETER    5  IS CONSTANT.   IGNORED.
 **********
 **    4 **FIX            6
 **********
 **********
 **    5 **FIX            7
 **********
 PARAMETER    7  IS CONSTANT.   IGNORED.
 **********
 **    6 **FIX            8
 **********
 **********
 **    7 **FIX            9
 **********
 **********
 **    8 **FIX           10
 **********
 **********
 **    9 **FIX           11
 **********
 **********
 **   10 **FIX           12
 **********
 PARAMETER   12  IS CONSTANT.   IGNORED.
 **********
 **   11 **FIX           13
 **********
 **********
 **   12 **FIX           14
 **********
 **********
 **   13 **FIX           15
 **********
 PARAMETER   15  IS CONSTANT.   IGNORED.
 **********
 **   14 **FIX           16
 **********
 **********
 **   15 **MIGRAD
 **********
 FIRST CALL TO USER FUNCTION AT NEW START POINT, WITH IFLAG=4.
 START MIGRAD MINIMIZATION.  STRATEGY  1.  CONVERGENCE WHEN EDM .LT. 1.00e-04
 FCN=140.848 FROM MIGRAD    STATUS=INITIATE      437 CALLS         438 TOTAL
                     EDM= unknown      STRATEGY= 1      NO ERROR MATRIX       
  EXT PARAMETER               CURRENT GUESS       STEP         FIRST   
  NO.   NAME      VALUE            ERROR          SIZE      DERIVATIVE 
   1  N0           3.61661e+06   1.00000e+02   0.00000e+00  -2.62853e-04
   2  tau          6.44027e+01   constant   
   3  A0           3.53412e-01   1.00000e-04   0.00000e+00   4.33455e+03
   4  phi          4.12202e+00   1.00000e-02   0.00000e+00  -1.22341e+03
   5  R           -6.06479e+01   constant   
   6  alpha_CBO    0.00000e+00     fixed    
   7  w_CBO        2.32500e+00   constant   
   8  beta_CBO     0.00000e+00     fixed    
   9  alpha_2CBO   0.00000e+00     fixed    
  10  beta_2CBO    0.00000e+00     fixed    
  11  alpha_y      0.00000e+00     fixed    
  12  w_y          1.44500e+01   constant   
  13  beta_y       0.00000e+00     fixed    
  14  alpha_vw     0.00000e+00     fixed    
  15  w_vw         1.29000e+01   constant   
  16  beta_vw      0.00000e+00     fixed    
  17  LM          -1.06686e-04   constant   
  18  zeta_y       0.00000e+00   constant   
  19  zeta_vw      0.00000e+00   constant   
  20  T_CBO        1.00000e+02   1.00000e+00   0.00000e+00   0.00000e+00
  21  alpha_A0     0.00000e+00   1.00000e-03   0.00000e+00  -1.30022e+02
  22  beta_A0      0.00000e+00   1.00000e-03   0.00000e+00  -6.79350e+01
  23  alpha_phi    0.00000e+00   1.00000e-03   0.00000e+00   1.61047e+02
  24  beta_phi     0.00000e+00   1.00000e-03   0.00000e+00  -1.98854e+02
 CALL LIMIT EXCEEDED IN MIGRAD.
 MIGRAD TERMINATED WITHOUT CONVERGENCE.
 FCN=131.035 FROM MIGRAD    STATUS=CALL LIMIT   1327 CALLS        1328 TOTAL
                     EDM=0.00163175    STRATEGY= 1  ERROR MATRIX UNCERTAINTY   0.1 per cent
  EXT PARAMETER                APPROXIMATE        STEP         FIRST   
  NO.   NAME      VALUE            ERROR          SIZE      DERIVATIVE 
   1  N0           3.61647e+06   1.00066e+03  -7.88404e-01  -2.81849e-06
   2  tau          6.44027e+01   constant   
   3  A0           3.53220e-01   3.66423e-04   2.10560e-07   3.19641e+01
   4  phi          4.12291e+00   1.14556e-03  -1.48010e-05   8.05040e+00
   5  R           -6.06479e+01   constant   
   6  alpha_CBO    0.00000e+00     fixed    
   7  w_CBO        2.32500e+00   constant   
   8  beta_CBO     0.00000e+00     fixed    
   9  alpha_2CBO   0.00000e+00     fixed    
  10  beta_2CBO    0.00000e+00     fixed    
  11  alpha_y      0.00000e+00     fixed    
  12  w_y          1.44500e+01   constant   
  13  beta_y       0.00000e+00     fixed    
  14  alpha_vw     0.00000e+00     fixed    
  15  w_vw         1.29000e+01   constant   
  16  beta_vw      0.00000e+00     fixed    
  17  LM          -1.06686e-04   constant   
  18  zeta_y       0.00000e+00   constant   
  19  zeta_vw      0.00000e+00   constant   
  20  T_CBO        8.60032e+02   5.23128e+02   1.42845e-01  -3.97822e-02
  21  alpha_A0     2.34993e-03   3.30181e-03  -4.66863e-05  -2.00009e+01
  22  beta_A0      1.75593e-03   3.03598e-03  -3.40559e-05  -1.08413e+01
  23  alpha_phi   -3.19480e-03   3.13173e-03   1.04080e-04   2.28282e+01
  24  beta_phi     4.22845e-03   3.83220e-03  -9.92120e-05  -2.20497e+01
 EXTERNAL ERROR MATRIX.    NDIM=  25    NPAR=  8    ERR DEF=1
  1.001e+06  1.958e-02 -6.829e-02 -3.534e+04  1.603e-01  5.179e-01  3.690e-01  2.167e-02 
  1.958e-02  1.343e-07  2.358e-08  5.450e-03 -7.526e-08  7.935e-08 -8.903e-08  9.896e-08 
 -6.829e-02  2.358e-08  1.312e-06 -8.019e-02 -1.002e-07  2.214e-07 -2.375e-07  2.481e-07 
 -3.534e+04  5.450e-03 -8.019e-02  2.574e+06 -3.083e+00 -2.458e+00  3.992e+00 -5.044e+00 
  1.603e-01 -7.526e-08 -1.002e-07 -3.083e+00  1.090e-05  6.088e-07 -2.681e-06  3.613e-06 
  5.179e-01  7.935e-08  2.214e-07 -2.458e+00  6.088e-07  9.217e-06 -3.532e-06  4.665e-06 
  3.690e-01 -8.903e-08 -2.375e-07  3.992e+00 -2.681e-06 -3.532e-06  9.808e-06 -6.999e-06 
  2.167e-02  9.896e-08  2.481e-07 -5.044e+00  3.613e-06  4.665e-06 -6.999e-06  1.469e-05 
ERR MATRIX APPROXIMATE
 PARAMETER  CORRELATION COEFFICIENTS  
       NO.  GLOBAL      1      3      4     20     21     22     23     24
        1  0.30849   1.000  0.053 -0.060 -0.022  0.049  0.170  0.118  0.006
        3  0.30937   0.053  1.000  0.056  0.009 -0.062  0.071 -0.078  0.070
        4  0.12150  -0.060  0.056  1.000 -0.044 -0.026  0.064 -0.066  0.057
       20  0.97618  -0.022  0.009 -0.044  1.000 -0.582 -0.505  0.795 -0.820
       21  0.84944   0.049 -0.062 -0.026 -0.582  1.000  0.061 -0.259  0.286
       22  0.68296   0.170  0.071  0.064 -0.505  0.061  1.000 -0.372  0.401
       23  0.89801   0.118 -0.078 -0.066  0.795 -0.259 -0.372  1.000 -0.583
       24  0.90508   0.006  0.070  0.057 -0.820  0.286  0.401 -0.583  1.000
 ERR MATRIX APPROXIMATE
MINUIT - FIT ONLY 1-CBO + wiggle
 **********
 **   16 **RES 
 **********
                   PARAMETER   16  beta_vw RESTORED TO VARIABLE.
                   PARAMETER   14  alpha_vw RESTORED TO VARIABLE.
                   PARAMETER   13  beta_y RESTORED TO VARIABLE.
                   PARAMETER   11  alpha_y RESTORED TO VARIABLE.
                   PARAMETER   10  beta_2CBO RESTORED TO VARIABLE.
                   PARAMETER    9  alpha_2CBO RESTORED TO VARIABLE.
                   PARAMETER    8  beta_CBO RESTORED TO VARIABLE.
                   PARAMETER    6  alpha_CBO RESTORED TO VARIABLE.
 **********
 **   17 **FIX            8
 **********
 **********
 **   18 **FIX            9
 **********
 **********
 **   19 **FIX           11
 **********
 **********
 **   20 **FIX           12
 **********
 PARAMETER   12  IS CONSTANT.   IGNORED.
 **********
 **   21 **FIX           14
 **********
 **********
 **   22 **FIX           15
 **********
 PARAMETER   15  IS CONSTANT.   IGNORED.
 **********
 **   23 **FIX           16
 **********
 **********
 **   24 **MIGRAD
 **********
 START MIGRAD MINIMIZATION.  STRATEGY  1.  CONVERGENCE WHEN EDM .LT. 1.00e-04
 FCN=131.035 FROM MIGRAD    STATUS=INITIATE       28 CALLS        1356 TOTAL
                     EDM= unknown      STRATEGY= 1      NO ERROR MATRIX       
  EXT PARAMETER               CURRENT GUESS       STEP         FIRST   
  NO.   NAME      VALUE            ERROR          SIZE      DERIVATIVE 
   1  N0           3.61647e+06   1.00066e+03  -7.88404e-01  -2.81849e-06
   2  tau          6.44027e+01   constant   
   3  A0           3.53220e-01   3.66423e-04   2.10560e-07   3.19641e+01
   4  phi          4.12291e+00   1.14556e-03  -1.48010e-05   8.05040e+00
   5  R           -6.06479e+01   constant   
   6  alpha_CBO    0.00000e+00   1.00000e-03   1.00000e-03  -4.02782e+04
   7  w_CBO        2.32500e+00   constant   
   8  beta_CBO     0.00000e+00     fixed    
   9  alpha_2CBO   0.00000e+00     fixed    
  10  beta_2CBO    0.00000e+00   1.00000e-03   1.00000e-03  -3.27752e+03
  11  alpha_y      0.00000e+00     fixed    
  12  w_y          1.44500e+01   constant   
  13  beta_y       0.00000e+00   1.00000e-03   1.00000e-03   3.56180e+03
  14  alpha_vw     0.00000e+00     fixed    
  15  w_vw         1.29000e+01   constant   
  16  beta_vw      0.00000e+00     fixed    
  17  LM          -1.06686e-04   constant   
  18  zeta_y       0.00000e+00   constant   
  19  zeta_vw      0.00000e+00   constant   
  20  T_CBO        8.60032e+02   5.23128e+02   1.42845e-01  -3.97974e-02
  21  alpha_A0     2.34993e-03   3.30181e-03  -4.66863e-05  -2.00009e+01
  22  beta_A0      1.75593e-03   3.03598e-03  -3.40559e-05  -1.08413e+01
  23  alpha_phi   -3.19480e-03   3.13173e-03   1.04080e-04   2.28282e+01
  24  beta_phi     4.22845e-03   3.83220e-03  -9.92120e-05  -2.20497e+01
 MIGRAD MINIMIZATION HAS CONVERGED.
 FCN=50.685 FROM MIGRAD    STATUS=CONVERGED     185 CALLS        1513 TOTAL
                     EDM=6.14126e-06    STRATEGY= 1  ERROR MATRIX UNCERTAINTY   3.0 per cent
  EXT PARAMETER                                   STEP         FIRST   
  NO.   NAME      VALUE            ERROR          SIZE      DERIVATIVE 
   1  N0           3.61696e+06   1.11375e+03   6.03134e+00  -1.47661e-06
   2  tau          6.44027e+01   constant   
   3  A0           3.53958e-01   3.94938e-04   5.13461e-07  -1.73104e+00
   4  phi          4.12357e+00   1.15206e-03  -3.43285e-06   4.32950e-01
   5  R           -6.06479e+01   constant   
   6  alpha_CBO    3.92954e-03   4.41255e-04  -1.06441e-07  -3.14118e-01
   7  w_CBO        2.32500e+00   constant   
   8  beta_CBO     0.00000e+00     fixed    
   9  alpha_2CBO   0.00000e+00     fixed    
  10  beta_2CBO    4.97790e-04   4.22299e-04   9.02226e-07  -4.58289e-01
  11  alpha_y      0.00000e+00     fixed    
  12  w_y          1.44500e+01   constant   
  13  beta_y      -2.45706e-04   4.25656e-04  -1.95553e-06   4.92850e-01
  14  alpha_vw     0.00000e+00     fixed    
  15  w_vw         1.29000e+01   constant   
  16  beta_vw      0.00000e+00     fixed    
  17  LM          -1.06686e-04   constant   
  18  zeta_y       0.00000e+00   constant   
  19  zeta_vw      0.00000e+00   constant   
  20  T_CBO        9.96023e+02   7.41258e+02   3.91758e-03  -1.71360e-03
  21  alpha_A0    -3.14063e-04   2.10734e-03  -1.62039e-05  -1.77730e+00
  22  beta_A0      1.65137e-03   2.09893e-03   1.15983e-05   3.48035e-01
  23  alpha_phi   -6.40178e-04   1.88271e-03   1.23380e-05   4.47903e-03
  24  beta_phi     5.27219e-03   2.03502e-03   8.49065e-06  -8.07928e-01
 EXTERNAL ERROR MATRIX.    NDIM=  25    NPAR= 11    ERR DEF=1
  1.240e+06 
  8.696e-02  1.560e-07 
 -2.494e-02  1.913e-08  1.327e-06 
  2.480e-02  3.643e-08  3.329e-08  1.947e-07 
 -3.578e-02  3.785e-10 -6.247e-09  9.554e-09  1.783e-07 
 -1.880e-02 -1.142e-09  3.259e-09  3.948e-09 -1.015e-09  1.812e-07 
  1.948e+03  3.449e-03  1.059e-03  1.345e-03  3.897e-03 -2.178e-04  7.960e+03 
 -8.831e-02 -9.459e-08 -5.589e-08 -1.353e-07  6.583e-08 -2.002e-08 -4.292e-02  4.441e-06 
  4.587e-01  3.286e-08  5.196e-08 -5.628e-09  1.123e-08  4.637e-09 -1.051e-02 -2.148e-07  4.406e-06 
  2.674e-01 -8.552e-09  2.745e-08  1.250e-07  1.260e-08 -3.413e-09  3.794e-02  1.546e-07 -1.459e-07  3.545e-06 
  1.519e-01  1.256e-08  6.999e-10  4.664e-08  1.928e-08 -8.082e-09 -4.701e-02 -1.068e-07 -5.385e-08  5.684e-08  4.141e-06 
 PARAMETER  CORRELATION COEFFICIENTS  
       NO.  GLOBAL      1      3      4      6     10     13     20     21     22     23     24
        1  0.32723   1.000  0.198 -0.019  0.050 -0.076 -0.040  0.020 -0.038  0.196  0.128  0.067
        3  0.31319   0.198  1.000  0.042  0.209  0.002 -0.007  0.098 -0.114  0.040 -0.012  0.016
        4  0.08526  -0.019  0.042  1.000  0.065 -0.013  0.007  0.010 -0.023  0.021  0.013  0.000
        6  0.30810   0.050  0.209  0.065  1.000  0.051  0.021  0.034 -0.146 -0.006  0.150  0.052
       10  0.19357  -0.076  0.002 -0.013  0.051  1.000 -0.006  0.103  0.074  0.013  0.016  0.022
       13  0.05474  -0.040 -0.007  0.007  0.021 -0.006  1.000 -0.006 -0.022  0.005 -0.004 -0.009
       20  0.45572   0.020  0.098  0.010  0.034  0.103 -0.006  1.000 -0.228 -0.056  0.226 -0.259
       21  0.33312  -0.038 -0.114 -0.023 -0.146  0.074 -0.022 -0.228  1.000 -0.049  0.039 -0.025
       22  0.22854   0.196  0.040  0.021 -0.006  0.013  0.005 -0.056 -0.049  1.000 -0.037 -0.013
       23  0.33466   0.128 -0.012  0.013  0.150  0.016 -0.004  0.226  0.039 -0.037  1.000  0.015
       24  0.30422   0.067  0.016  0.000  0.052  0.022 -0.009 -0.259 -0.025 -0.013  0.015  1.000
MINUIT - FIT ONLY 2-CBO
 **********
 **   25 **RES 
 **********
                   PARAMETER   16  beta_vw RESTORED TO VARIABLE.
                   PARAMETER   14  alpha_vw RESTORED TO VARIABLE.
                   PARAMETER   11  alpha_y RESTORED TO VARIABLE.
                   PARAMETER    9  alpha_2CBO RESTORED TO VARIABLE.
                   PARAMETER    8  beta_CBO RESTORED TO VARIABLE.
 **********
 **   26 **FIX            0
 **********
 PARAMETER    0  IS UNDEFINED. IGNORED.
 **********
 **   27 **FIX            1
 **********
 **********
 **   28 **FIX            2
 **********
 PARAMETER    2  IS CONSTANT.   IGNORED.
 **********
 **   29 **FIX            3
 **********
 **********
 **   30 **FIX            4
 **********
 **********
 **   31 **FIX            5
 **********
 PARAMETER    5  IS CONSTANT.   IGNORED.
 **********
 **   32 **FIX            6
 **********
 **********
 **   33 **FIX            7
 **********
 PARAMETER    7  IS CONSTANT.   IGNORED.
 **********
 **   34 **FIX           10
 **********
 **********
 **   35 **FIX           11
 **********
 **********
 **   36 **FIX           12
 **********
 PARAMETER   12  IS CONSTANT.   IGNORED.
 **********
 **   37 **FIX           13
 **********
 **********
 **   38 **FIX           14
 **********
 **********
 **   39 **FIX           15
 **********
 PARAMETER   15  IS CONSTANT.   IGNORED.
 **********
 **   40 **FIX           16
 **********
 **********
 **   41 **MIGRAD
 **********
 START MIGRAD MINIMIZATION.  STRATEGY  1.  CONVERGENCE WHEN EDM .LT. 1.00e-04
 FCN=50.685 FROM MIGRAD    STATUS=INITIATE       18 CALLS        1531 TOTAL
                     EDM= unknown      STRATEGY= 1      NO ERROR MATRIX       
  EXT PARAMETER               CURRENT GUESS       STEP         FIRST   
  NO.   NAME      VALUE            ERROR          SIZE      DERIVATIVE 
   1  N0           3.61696e+06     fixed    
   2  tau          6.44027e+01   constant   
   3  A0           3.53958e-01     fixed    
   4  phi          4.12357e+00     fixed    
   5  R           -6.06479e+01   constant   
   6  alpha_CBO    3.92954e-03     fixed    
   7  w_CBO        2.32500e+00   constant   
   8  beta_CBO     0.00000e+00   1.00000e-03   1.00000e-03  -2.01312e+03
   9  alpha_2CBO   0.00000e+00   1.00000e-03   1.00000e-03  -3.74742e+02
  10  beta_2CBO    4.97790e-04     fixed    
  11  alpha_y      0.00000e+00     fixed    
  12  w_y          1.44500e+01   constant   
  13  beta_y      -2.45706e-04     fixed    
  14  alpha_vw     0.00000e+00     fixed    
  15  w_vw         1.29000e+01   constant   
  16  beta_vw      0.00000e+00     fixed    
  17  LM          -1.06686e-04   constant   
  18  zeta_y       0.00000e+00   constant   
  19  zeta_vw      0.00000e+00   constant   
  20  T_CBO        9.96023e+02   7.41258e+02   3.91758e-03  -1.71743e-03
  21  alpha_A0    -3.14063e-04   2.10734e-03  -1.62039e-05  -1.77730e+00
  22  beta_A0      1.65137e-03   2.09893e-03   1.15983e-05   3.48035e-01
  23  alpha_phi   -6.40178e-04   1.88271e-03   1.23380e-05   4.47903e-03
  24  beta_phi     5.27219e-03   2.03502e-03   8.49065e-06  -8.07928e-01
 MIGRAD MINIMIZATION HAS CONVERGED.
 MIGRAD WILL VERIFY CONVERGENCE AND ERROR MATRIX.
 COVARIANCE MATRIX CALCULATED SUCCESSFULLY
 FCN=50.4882 FROM MIGRAD    STATUS=CONVERGED     117 CALLS        1630 TOTAL
                     EDM=5.96726e-06    STRATEGY= 1      ERROR MATRIX ACCURATE 
  EXT PARAMETER                                   STEP         FIRST   
  NO.   NAME      VALUE            ERROR          SIZE      DERIVATIVE 
   1  N0           3.61696e+06     fixed    
   2  tau          6.44027e+01   constant   
   3  A0           3.53958e-01     fixed    
   4  phi          4.12357e+00     fixed    
   5  R           -6.06479e+01   constant   
   6  alpha_CBO    3.92954e-03     fixed    
   7  w_CBO        2.32500e+00   constant   
   8  beta_CBO     1.89321e-04   4.34213e-04   1.48142e-06  -2.37333e+00
   9  alpha_2CBO   3.23910e-05   4.27224e-04   1.46576e-06   3.29088e+00
  10  beta_2CBO    4.97790e-04     fixed    
  11  alpha_y      0.00000e+00     fixed    
  12  w_y          1.44500e+01   constant   
  13  beta_y      -2.45706e-04     fixed    
  14  alpha_vw     0.00000e+00     fixed    
  15  w_vw         1.29000e+01   constant   
  16  beta_vw      0.00000e+00     fixed    
  17  LM          -1.06686e-04   constant   
  18  zeta_y       0.00000e+00   constant   
  19  zeta_vw      0.00000e+00   constant   
  20  T_CBO        9.99988e+02   5.10981e+02   3.74031e-02   8.26965e-05
  21  alpha_A0    -3.32526e-04   2.17370e-03   7.53149e-06   3.04600e-01
  22  beta_A0      1.55865e-03   2.06664e-03   7.10281e-06  -2.00419e-01
  23  alpha_phi   -6.06151e-04   1.90856e-03   6.55527e-06   4.92136e-01
  24  beta_phi     5.45339e-03   2.04996e-03   6.92448e-06   1.28588e+00
 EXTERNAL ERROR MATRIX.    NDIM=  25    NPAR=  7    ERR DEF=1
  1.885e-07 -2.200e-09  4.258e-07 -3.422e-08 -6.427e-08  1.022e-08  1.862e-07 
 -2.200e-09  1.825e-07  1.467e-06  5.823e-08 -1.323e-07  1.163e-07 -2.300e-08 
  4.258e-07  1.467e-06  1.920e+03 -6.231e-04  2.921e-03 -1.081e-03  1.007e-02 
 -3.422e-08  5.823e-08 -6.231e-04  4.725e-06 -2.089e-07  4.224e-07 -4.565e-07 
 -6.427e-08 -1.323e-07  2.921e-03 -2.089e-07  4.271e-06 -4.157e-07  1.686e-07 
  1.022e-08  1.163e-07 -1.081e-03  4.224e-07 -4.157e-07  3.643e-06 -2.914e-07 
  1.862e-07 -2.300e-08  1.007e-02 -4.565e-07  1.686e-07 -2.914e-07  4.202e-06 
 PARAMETER  CORRELATION COEFFICIENTS  
       NO.  GLOBAL      8      9     20     21     22     23     24
        8  0.22759   1.000 -0.012  0.000 -0.036 -0.072  0.012  0.209
        9  0.20277  -0.012  1.000  0.000  0.063 -0.150  0.143 -0.026
       20  0.11788   0.000  0.000  1.000 -0.007  0.032 -0.013  0.112
       21  0.15091  -0.036  0.063 -0.007  1.000 -0.046  0.102 -0.102
       22  0.19614  -0.072 -0.150  0.032 -0.046  1.000 -0.105  0.040
       23  0.19928   0.012  0.143 -0.013  0.102 -0.105  1.000 -0.074
       24  0.26686   0.209 -0.026  0.112 -0.102  0.040 -0.074  1.000
MINUIT - FIT wiggle + 1-CBO + 2-CBO
 **********
 **   42 **RES 
 **********
                   PARAMETER   16  beta_vw RESTORED TO VARIABLE.
                   PARAMETER   14  alpha_vw RESTORED TO VARIABLE.
                   PARAMETER   13  beta_y RESTORED TO VARIABLE.
                   PARAMETER   11  alpha_y RESTORED TO VARIABLE.
                   PARAMETER   10  beta_2CBO RESTORED TO VARIABLE.
                   PARAMETER    6  alpha_CBO RESTORED TO VARIABLE.
                   PARAMETER    4  phi RESTORED TO VARIABLE.
                   PARAMETER    3  A0 RESTORED TO VARIABLE.
                   PARAMETER    1  N0 RESTORED TO VARIABLE.
 **********
 **   43 **FIX           10
 **********
 **********
 **   44 **FIX           11
 **********
 **********
 **   45 **FIX           12
 **********
 PARAMETER   12  IS CONSTANT.   IGNORED.
 **********
 **   46 **FIX           13
 **********
 **********
 **   47 **FIX           14
 **********
 **********
 **   48 **FIX           15
 **********
 PARAMETER   15  IS CONSTANT.   IGNORED.
 **********
 **   49 **FIX           16
 **********
 **********
 **   50 **MIGRAD
 **********
 START MIGRAD MINIMIZATION.  STRATEGY  1.  CONVERGENCE WHEN EDM .LT. 1.00e-04
 FCN=50.4882 FROM MIGRAD    STATUS=INITIATE       22 CALLS        1652 TOTAL
                     EDM= unknown      STRATEGY= 1      NO ERROR MATRIX       
  EXT PARAMETER               CURRENT GUESS       STEP         FIRST   
  NO.   NAME      VALUE            ERROR          SIZE      DERIVATIVE 
   1  N0           3.61696e+06   1.11375e+03   1.11375e+03  -3.54324e-05
   2  tau          6.44027e+01   constant   
   3  A0           3.53958e-01   3.94938e-04   3.94938e-04  -1.37051e+01
   4  phi          4.12357e+00   1.15206e-03   1.15206e-03  -1.65973e+02
   5  R           -6.06479e+01   constant   
   6  alpha_CBO    3.92954e-03   4.41255e-04   4.41255e-04   3.38659e+01
   7  w_CBO        2.32500e+00   constant   
   8  beta_CBO     1.89321e-04   4.34213e-04   1.48142e-06  -2.37332e+00
   9  alpha_2CBO   3.23910e-05   4.27224e-04   1.46576e-06   3.29088e+00
  10  beta_2CBO    4.97790e-04     fixed    
  11  alpha_y      0.00000e+00     fixed    
  12  w_y          1.44500e+01   constant   
  13  beta_y      -2.45706e-04     fixed    
  14  alpha_vw     0.00000e+00     fixed    
  15  w_vw         1.29000e+01   constant   
  16  beta_vw      0.00000e+00     fixed    
  17  LM          -1.06686e-04   constant   
  18  zeta_y       0.00000e+00   constant   
  19  zeta_vw      0.00000e+00   constant   
  20  T_CBO        9.99988e+02   5.10981e+02   3.74031e-02  -8.44801e-05
  21  alpha_A0    -3.32526e-04   2.17370e-03   7.53149e-06   3.04616e-01
  22  beta_A0      1.55865e-03   2.06664e-03   7.10281e-06  -2.00419e-01
  23  alpha_phi   -6.06151e-04   1.90856e-03   6.55527e-06   4.92136e-01
  24  beta_phi     5.45339e-03   2.04996e-03   6.92448e-06   1.28588e+00
 MIGRAD MINIMIZATION HAS CONVERGED.
 MIGRAD WILL VERIFY CONVERGENCE AND ERROR MATRIX.
 COVARIANCE MATRIX CALCULATED SUCCESSFULLY
 FCN=50.4782 FROM MIGRAD    STATUS=CONVERGED     193 CALLS        1823 TOTAL
                     EDM=4.28337e-06    STRATEGY= 1      ERROR MATRIX ACCURATE 
  EXT PARAMETER                                   STEP         FIRST   
  NO.   NAME      VALUE            ERROR          SIZE      DERIVATIVE 
   1  N0           3.61697e+06   1.15190e+03   3.71356e+00   5.14542e-07
   2  tau          6.44027e+01   constant   
   3  A0           3.53963e-01   3.93110e-04   1.30184e-06  -4.57360e+00
   4  phi          4.12368e+00   1.19993e-03   3.99311e-06  -9.75475e-01
   5  R           -6.06479e+01   constant   
   6  alpha_CBO    3.92973e-03   4.40862e-04   1.47265e-06   1.83673e+00
   7  w_CBO        2.32500e+00   constant   
   8  beta_CBO     2.00137e-04   4.46696e-04   1.48127e-06   3.41071e+00
   9  alpha_2CBO   2.91375e-05   4.28757e-04   1.46561e-06  -1.03510e+00
  10  beta_2CBO    4.97790e-04     fixed    
  11  alpha_y      0.00000e+00     fixed    
  12  w_y          1.44500e+01   constant   
  13  beta_y      -2.45706e-04     fixed    
  14  alpha_vw     0.00000e+00     fixed    
  15  w_vw         1.29000e+01   constant   
  16  beta_vw      0.00000e+00     fixed    
  17  LM          -1.06686e-04   constant   
  18  zeta_y       0.00000e+00   constant   
  19  zeta_vw      0.00000e+00   constant   
  20  T_CBO        1.00000e+03   5.15735e+02   3.67228e-02** at limit **
  21  alpha_A0    -3.61830e-04   2.23357e-03   7.52777e-06   2.73107e-01
  22  beta_A0      1.56937e-03   2.11213e-03   7.09935e-06  -5.66929e-01
  23  alpha_phi   -6.23936e-04   1.98480e-03   6.55217e-06  -1.77310e-01
  24  beta_phi     5.47206e-03   2.06373e-03   6.92116e-06  -1.67740e-01
 EXTERNAL ERROR MATRIX.    NDIM=  25    NPAR= 11    ERR DEF=1
  1.327e+06 
  8.113e-02  1.545e-07 
 -1.433e-01  4.056e-08  1.440e-06 
  2.388e-02  3.561e-08  3.378e-08  1.944e-07 
  1.140e-02  6.552e-09  1.227e-07 -7.473e-10  1.995e-07 
 -5.119e-03 -7.740e-09 -3.197e-08  4.940e-09 -5.314e-09  1.838e-07 
  3.582e-01  2.478e-07 -6.195e-07  2.027e-08 -3.952e-08  3.743e-08  2.652e+00 
  1.400e-01 -1.082e-07 -4.063e-07 -1.445e-07 -6.539e-08  6.653e-08 -1.684e-05  4.989e-06 
  4.851e-01  6.399e-08  2.707e-08 -9.920e-09 -5.228e-08 -1.384e-07  7.363e-05 -1.838e-07  4.461e-06 
  4.061e-01 -5.454e-08 -2.607e-07  1.254e-07 -9.267e-09  1.282e-07 -2.786e-05  4.887e-07 -3.146e-07  3.939e-06 
  1.411e-02  8.463e-08  2.544e-07  4.018e-08  2.089e-07 -3.144e-08  2.525e-04 -5.862e-07  1.927e-07 -3.469e-07  4.259e-06 
 PARAMETER  CORRELATION COEFFICIENTS  
       NO.  GLOBAL      1      3      4      6      8      9     20     21     22     23     24
        1  0.35192   1.000  0.179 -0.104  0.047  0.022 -0.010  0.000  0.054  0.199  0.178  0.006
        3  0.32625   0.179  1.000  0.086  0.205  0.037 -0.046  0.000 -0.123  0.077 -0.070  0.104
        4  0.31259  -0.104  0.086  1.000  0.064  0.229 -0.062 -0.000 -0.152  0.011 -0.109  0.103
        6  0.30143   0.047  0.205  0.064  1.000 -0.004  0.026  0.000 -0.147 -0.011  0.143  0.044
        8  0.32259   0.022  0.037  0.229 -0.004  1.000 -0.028 -0.000 -0.066 -0.055 -0.010  0.227
        9  0.21903  -0.010 -0.046 -0.062  0.026 -0.028  1.000  0.000  0.069 -0.153  0.151 -0.036
       20  0.07985   0.000  0.000 -0.000  0.000 -0.000  0.000  1.000 -0.005  0.021 -0.009  0.075
       21  0.27298   0.054 -0.123 -0.152 -0.147 -0.066  0.069 -0.005  1.000 -0.039  0.110 -0.127
       22  0.28192   0.199  0.077  0.011 -0.011 -0.055 -0.153  0.021 -0.039  1.000 -0.075  0.044
       23  0.33478   0.178 -0.070 -0.109  0.143 -0.010  0.151 -0.009  0.110 -0.075  1.000 -0.085
       24  0.28913   0.006  0.104  0.103  0.044  0.227 -0.036  0.075 -0.127  0.044 -0.085  1.000
MINUIT - FIT ONLY 1-y
 **********
 **   51 **RES 
 **********
                   PARAMETER   16  beta_vw RESTORED TO VARIABLE.
                   PARAMETER   14  alpha_vw RESTORED TO VARIABLE.
                   PARAMETER   13  beta_y RESTORED TO VARIABLE.
                   PARAMETER   11  alpha_y RESTORED TO VARIABLE.
                   PARAMETER   10  beta_2CBO RESTORED TO VARIABLE.
 **********
 **   52 **FIX            0
 **********
 PARAMETER    0  IS UNDEFINED. IGNORED.
 **********
 **   53 **FIX            1
 **********
 **********
 **   54 **FIX            2
 **********
 PARAMETER    2  IS CONSTANT.   IGNORED.
 **********
 **   55 **FIX            3
 **********
 **********
 **   56 **FIX            4
 **********
 **********
 **   57 **FIX            5
 **********
 PARAMETER    5  IS CONSTANT.   IGNORED.
 **********
 **   58 **FIX            6
 **********
 **********
 **   59 **FIX            7
 **********
 PARAMETER    7  IS CONSTANT.   IGNORED.
 **********
 **   60 **FIX            8
 **********
 **********
 **   61 **FIX            9
 **********
 **********
 **   62 **FIX           13
 **********
 **********
 **   63 **FIX           14
 **********
 **********
 **   64 **FIX           15
 **********
 PARAMETER   15  IS CONSTANT.   IGNORED.
 **********
 **   65 **FIX           16
 **********
 **********
 **   66 **MIGRAD
 **********
 START MIGRAD MINIMIZATION.  STRATEGY  1.  CONVERGENCE WHEN EDM .LT. 1.00e-04
 FCN=50.4782 FROM MIGRAD    STATUS=INITIATE       16 CALLS        1839 TOTAL
                     EDM= unknown      STRATEGY= 1      NO ERROR MATRIX       
  EXT PARAMETER               CURRENT GUESS       STEP         FIRST   
  NO.   NAME      VALUE            ERROR          SIZE      DERIVATIVE 
   1  N0           3.61697e+06     fixed    
   2  tau          6.44027e+01   constant   
   3  A0           3.53963e-01     fixed    
   4  phi          4.12368e+00     fixed    
   5  R           -6.06479e+01   constant   
   6  alpha_CBO    3.92973e-03     fixed    
   7  w_CBO        2.32500e+00   constant   
   8  beta_CBO     2.00137e-04     fixed    
   9  alpha_2CBO   2.91375e-05     fixed    
  10  beta_2CBO    4.97790e-04   4.22299e-04   4.22299e-04   3.48704e+00
  11  alpha_y      0.00000e+00   1.00000e-03   1.00000e-03  -2.16703e+03
  12  w_y          1.44500e+01   constant   
  13  beta_y      -2.45706e-04     fixed    
  14  alpha_vw     0.00000e+00     fixed    
  15  w_vw         1.29000e+01   constant   
  16  beta_vw      0.00000e+00     fixed    
  17  LM          -1.06686e-04   constant   
  18  zeta_y       0.00000e+00   constant   
  19  zeta_vw      0.00000e+00   constant   
  20  T_CBO        1.00000e+03   5.15735e+02   3.67228e-02** at limit **
  21  alpha_A0    -3.61830e-04   2.23357e-03   7.52777e-06   2.73100e-01
  22  beta_A0      1.56937e-03   2.11213e-03   7.09935e-06  -5.66926e-01
  23  alpha_phi   -6.23936e-04   1.98480e-03   6.55217e-06  -1.77310e-01
  24  beta_phi     5.47206e-03   2.06373e-03   6.92116e-06  -1.67740e-01
 MIGRAD MINIMIZATION HAS CONVERGED.
 MIGRAD WILL VERIFY CONVERGENCE AND ERROR MATRIX.
 COVARIANCE MATRIX CALCULATED SUCCESSFULLY
 FCN=50.2724 FROM MIGRAD    STATUS=CONVERGED      99 CALLS        1922 TOTAL
                     EDM=2.11236e-06    STRATEGY= 1      ERROR MATRIX ACCURATE 
  EXT PARAMETER                                   STEP         FIRST   
  NO.   NAME      VALUE            ERROR          SIZE      DERIVATIVE 
   1  N0           3.61697e+06     fixed    
   2  tau          6.44027e+01   constant   
   3  A0           3.53963e-01     fixed    
   4  phi          4.12368e+00     fixed    
   5  R           -6.06479e+01   constant   
   6  alpha_CBO    3.92973e-03     fixed    
   7  w_CBO        2.32500e+00   constant   
   8  beta_CBO     2.00137e-04     fixed    
   9  alpha_2CBO   2.91375e-05     fixed    
  10  beta_2CBO    4.98066e-04   4.35859e-04   1.48556e-06   1.62485e+00
  11  alpha_y      1.89988e-04   4.18751e-04   1.46367e-06  -1.84560e-02
  12  w_y          1.44500e+01   constant   
  13  beta_y      -2.45706e-04     fixed    
  14  alpha_vw     0.00000e+00     fixed    
  15  w_vw         1.29000e+01   constant   
  16  beta_vw      0.00000e+00     fixed    
  17  LM          -1.06686e-04   constant   
  18  zeta_y       0.00000e+00   constant   
  19  zeta_vw      0.00000e+00   constant   
  20  T_CBO        1.00000e+03   5.10400e+02   5.59380e-02** at limit **
  21  alpha_A0    -3.48265e-04   2.19515e-03   7.51270e-06  -1.78080e-01
  22  beta_A0      1.55769e-03   2.03908e-03   7.08517e-06  -3.61457e-01
  23  alpha_phi   -6.17142e-04   1.88898e-03   6.53905e-06  -9.51840e-01
  24  beta_phi     5.45950e-03   2.02636e-03   6.90731e-06  -2.40709e-01
 EXTERNAL ERROR MATRIX.    NDIM=  25    NPAR=  7    ERR DEF=1
  1.900e-07  4.481e-10 -4.585e-10  1.494e-07  3.010e-08 -4.030e-09  1.265e-07 
  4.481e-10  1.754e-07  6.112e-11  1.380e-08 -1.126e-08  7.662e-09 -1.153e-08 
 -4.585e-10  6.112e-11  2.680e-05 -8.098e-08  3.606e-07 -1.369e-07  1.245e-06 
  1.494e-07  1.380e-08 -8.098e-08  4.819e-06 -1.555e-07  3.845e-07 -3.180e-07 
  3.010e-08 -1.126e-08  3.606e-07 -1.555e-07  4.158e-06 -3.287e-07  2.387e-07 
 -4.030e-09  7.662e-09 -1.369e-07  3.845e-07 -3.287e-07  3.568e-06 -2.921e-07 
  1.265e-07 -1.153e-08  1.245e-06 -3.180e-07  2.387e-07 -2.921e-07  4.106e-06 
 PARAMETER  CORRELATION COEFFICIENTS  
       NO.  GLOBAL     10     11     20     21     22     23     24
       10  0.22291   1.000  0.002 -0.000  0.156  0.034 -0.005  0.143
       11  0.02408   0.002  1.000  0.000  0.015 -0.013  0.010 -0.014
       20  0.12326  -0.000  0.000  1.000 -0.007  0.034 -0.014  0.119
       21  0.20452   0.156  0.015 -0.007  1.000 -0.035  0.093 -0.071
       22  0.11104   0.034 -0.013  0.034 -0.035  1.000 -0.085  0.058
       23  0.14042  -0.005  0.010 -0.014  0.093 -0.085  1.000 -0.076
       24  0.22244   0.143 -0.014  0.119 -0.071  0.058 -0.076  1.000
MINUIT - FIT ONLY 2-y
 **********
 **   67 **RES 
 **********
                   PARAMETER   16  beta_vw RESTORED TO VARIABLE.
                   PARAMETER   14  alpha_vw RESTORED TO VARIABLE.
                   PARAMETER   13  beta_y RESTORED TO VARIABLE.
                   PARAMETER    9  alpha_2CBO RESTORED TO VARIABLE.
                   PARAMETER    8  beta_CBO RESTORED TO VARIABLE.
                   PARAMETER    6  alpha_CBO RESTORED TO VARIABLE.
                   PARAMETER    4  phi RESTORED TO VARIABLE.
                   PARAMETER    3  A0 RESTORED TO VARIABLE.
                   PARAMETER    1  N0 RESTORED TO VARIABLE.
 **********
 **   68 **FIX            0
 **********
 PARAMETER    0  IS UNDEFINED. IGNORED.
 **********
 **   69 **FIX            1
 **********
 **********
 **   70 **FIX            2
 **********
 PARAMETER    2  IS CONSTANT.   IGNORED.
 **********
 **   71 **FIX            3
 **********
 **********
 **   72 **FIX            4
 **********
 **********
 **   73 **FIX            5
 **********
 PARAMETER    5  IS CONSTANT.   IGNORED.
 **********
 **   74 **FIX            6
 **********
 **********
 **   75 **FIX            7
 **********
 PARAMETER    7  IS CONSTANT.   IGNORED.
 **********
 **   76 **FIX            8
 **********
 **********
 **   77 **FIX            9
 **********
 **********
 **   78 **FIX           10
 **********
 **********
 **   79 **FIX           11
 **********
 **********
 **   80 **FIX           12
 **********
 PARAMETER   12  IS CONSTANT.   IGNORED.
 **********
 **   81 **FIX           16
 **********
 **********
 **   82 **MIGRAD
 **********
 START MIGRAD MINIMIZATION.  STRATEGY  1.  CONVERGENCE WHEN EDM .LT. 1.00e-04
 FCN=50.2724 FROM MIGRAD    STATUS=INITIATE       16 CALLS        1938 TOTAL
                     EDM= unknown      STRATEGY= 1      NO ERROR MATRIX       
  EXT PARAMETER               CURRENT GUESS       STEP         FIRST   
  NO.   NAME      VALUE            ERROR          SIZE      DERIVATIVE 
   1  N0           3.61697e+06     fixed    
   2  tau          6.44027e+01   constant   
   3  A0           3.53963e-01     fixed    
   4  phi          4.12368e+00     fixed    
   5  R           -6.06479e+01   constant   
   6  alpha_CBO    3.92973e-03     fixed    
   7  w_CBO        2.32500e+00   constant   
   8  beta_CBO     2.00137e-04     fixed    
   9  alpha_2CBO   2.91375e-05     fixed    
  10  beta_2CBO    4.98066e-04     fixed    
  11  alpha_y      1.89988e-04     fixed    
  12  w_y          1.44500e+01   constant   
  13  beta_y      -2.45706e-04   4.25656e-04   4.25656e-04   3.58479e+01
  14  alpha_vw     0.00000e+00   1.00000e-03   1.00000e-03   3.23220e+03
  15  w_vw         1.29000e+01   constant   
  16  beta_vw      0.00000e+00     fixed    
  17  LM          -1.06686e-04   constant   
  18  zeta_y       0.00000e+00   constant   
  19  zeta_vw      0.00000e+00   constant   
  20  T_CBO        9.99999e+02   5.10400e+02   5.59380e-02  -2.63834e-05
  21  alpha_A0    -3.48265e-04   2.19515e-03   7.51270e-06  -1.78123e-01
  22  beta_A0      1.55769e-03   2.03908e-03   7.08517e-06  -3.61600e-01
  23  alpha_phi   -6.17142e-04   1.88898e-03   6.53905e-06  -9.51820e-01
  24  beta_phi     5.45950e-03   2.02636e-03   6.90731e-06  -2.41376e-01
 MIGRAD MINIMIZATION HAS CONVERGED.
 MIGRAD WILL VERIFY CONVERGENCE AND ERROR MATRIX.
 COVARIANCE MATRIX CALCULATED SUCCESSFULLY
 FCN=49.803 FROM MIGRAD    STATUS=CONVERGED     115 CALLS        2037 TOTAL
                     EDM=2.13319e-07    STRATEGY= 1      ERROR MATRIX ACCURATE 
  EXT PARAMETER                                   STEP         FIRST   
  NO.   NAME      VALUE            ERROR          SIZE      DERIVATIVE 
   1  N0           3.61697e+06     fixed    
   2  tau          6.44027e+01   constant   
   3  A0           3.53963e-01     fixed    
   4  phi          4.12368e+00     fixed    
   5  R           -6.06479e+01   constant   
   6  alpha_CBO    3.92973e-03     fixed    
   7  w_CBO        2.32500e+00   constant   
   8  beta_CBO     2.00137e-04     fixed    
   9  alpha_2CBO   2.91375e-05     fixed    
  10  beta_2CBO    4.98066e-04     fixed    
  11  alpha_y      1.89988e-04     fixed    
  12  w_y          1.44500e+01   constant   
  13  beta_y      -2.34291e-04   4.25286e-04   1.47766e-06   2.93406e-01
  14  alpha_vw    -2.90541e-04   4.24123e-04   1.47335e-06  -5.86421e-03
  15  w_vw         1.29000e+01   constant   
  16  beta_vw      0.00000e+00     fixed    
  17  LM          -1.06686e-04   constant   
  18  zeta_y       0.00000e+00   constant   
  19  zeta_vw      0.00000e+00   constant   
  20  T_CBO        1.00000e+03   5.13273e+02   3.99123e-02** at limit **
  21  alpha_A0    -3.77805e-04   2.16886e-03   7.47826e-06   2.73267e-01
  22  beta_A0      1.57727e-03   2.03733e-03   7.05253e-06  -6.86492e-02
  23  alpha_phi   -6.30643e-04   1.88892e-03   6.50906e-06  -7.86798e-02
  24  beta_phi     5.49481e-03   1.99913e-03   6.87555e-06   1.14259e-01
 EXTERNAL ERROR MATRIX.    NDIM=  25    NPAR=  7    ERR DEF=1
  1.809e-07 -9.048e-09 -2.688e-10  1.765e-08  5.245e-09  9.052e-10  1.536e-08 
 -9.048e-09  1.799e-07  2.938e-10  1.878e-08 -1.192e-08  9.271e-09 -2.169e-08 
 -2.688e-10  2.938e-10  1.620e-04 -1.525e-07  6.387e-07 -2.440e-07  2.191e-06 
  1.765e-08  1.878e-08 -1.525e-07  4.704e-06 -1.786e-07  3.882e-07 -4.157e-07 
  5.245e-09 -1.192e-08  6.387e-07 -1.786e-07  4.151e-06 -3.272e-07  2.115e-07 
  9.052e-10  9.271e-09 -2.440e-07  3.882e-07 -3.272e-07  3.568e-06 -2.868e-07 
  1.536e-08 -2.169e-08  2.191e-06 -4.157e-07  2.115e-07 -2.868e-07  3.997e-06 
 PARAMETER  CORRELATION COEFFICIENTS  
       NO.  GLOBAL     13     14     20     21     22     23     24
       13  0.05753   1.000 -0.050 -0.000  0.019  0.006  0.001  0.018
       14  0.06068  -0.050  1.000  0.000  0.020 -0.014  0.012 -0.026
       20  0.08859  -0.000  0.000  1.000 -0.006  0.025 -0.010  0.086
       21  0.13586   0.019  0.020 -0.006  1.000 -0.040  0.095 -0.096
       22  0.10335   0.006 -0.014  0.025 -0.040  1.000 -0.085  0.052
       23  0.14018   0.001  0.012 -0.010  0.095 -0.085  1.000 -0.076
       24  0.15306   0.018 -0.026  0.086 -0.096  0.052 -0.076  1.000
