 + ++++++++++++++++++++++++++++++++++++++++++++++++++++++++++++++++++++ +
 +                                                                      +
 +           You have chose to blind your fitting according to          +
 +                omega_ref * (1 + (R +/- deltaR) *10^{-6})             +
 +                                                                      +
 + ++++++++++++++++++++++++++++++++++++++++++++++++++++++++++++++++++++ +
In main()...
reading format from /gm2data/zkhechad/run45/envelope/formats/formatB_sBin_constraintOn.txt
pBinTau 	= 0  
pBinPhi 	= 0  
constraintau 	= 1 
includeMopTerm 	= 0    
constrainMop    = 0   
Parameters after format file: pBinTau 0 pBinPhi 0 constraintau 1 includeMopTerm 0 constrainMop 0 c_e_scale 0.000000 
Opening file /gm2data/tbarrett/gm2fr/studies/run23_bunch_corrections/CorrectedFourier_Run3b.root.
reading full fit data from /gm2data/zkhechad/cboTemplates/Run4CBOTemplates/fullFits/noRF/sBin_constraintOn_cE0.0_seed0_noRF_calo13.root
windowBins = 34
fitting sliding window 70 from bin 206 at 30.586000 to bin 240 at 35.808000 (34 bins)

Reading data from /gm2data/cornell/histograms/aMethod/histogram_a_noRF.root
 **********
 **    1 **SET PRINTOUT            1
 **********
 **********
 **    2 **SET NOWARNINGS 
 **********
 PARAMETER DEFINITIONS:
    NO.   NAME         VALUE      STEP SIZE      LIMITS
     1 N0           3.45227e+06  1.00000e+02     no limits
     2 tau          6.44025e+01  constant
     3 A0           3.52708e-01  1.00000e-04     no limits
     4 phi          4.13064e+00  1.00000e-02     no limits
     5 R           -6.08848e+01  constant
     6 alpha_CBO    0.00000e+00  1.00000e-03     no limits
     7 w_CBO        2.32500e+00  constant
     8 beta_CBO     0.00000e+00  1.00000e-03     no limits
     9 alpha_2CBO   0.00000e+00  1.00000e-03     no limits
    10 beta_2CBO    0.00000e+00  1.00000e-03     no limits
    11 alpha_y      0.00000e+00  1.00000e-03     no limits
    12 w_y          1.38860e+01  constant
    13 beta_y       0.00000e+00  1.00000e-03     no limits
    14 alpha_vw     0.00000e+00  1.00000e-03     no limits
    15 w_vw         1.43404e+01  constant
    16 beta_vw      0.00000e+00  1.00000e-03     no limits
    17 LM          -3.36503e-05  constant
    18 zeta_y       0.00000e+00  constant
    19 zeta_vw      0.00000e+00  constant
    20 T_CBO        1.00000e+02  1.00000e+00    0.00000e+00  1.00000e+03
    21 alpha_A0     0.00000e+00  1.00000e-03     no limits
    22 beta_A0      0.00000e+00  1.00000e-03     no limits
    23 alpha_phi    0.00000e+00  1.00000e-03     no limits
    24 beta_phi     0.00000e+00  1.00000e-03     no limits
MINUIT - FIT ONLY WIGGLE
 **********
 **    3 **FIX            5
 **********
 PARAMETER    5  IS CONSTANT.   IGNORED.
 **********
 **    4 **FIX            6
 **********
 **********
 **    5 **FIX            7
 **********
 PARAMETER    7  IS CONSTANT.   IGNORED.
 **********
 **    6 **FIX            8
 **********
 **********
 **    7 **FIX            9
 **********
 **********
 **    8 **FIX           10
 **********
 **********
 **    9 **FIX           11
 **********
 **********
 **   10 **FIX           12
 **********
 PARAMETER   12  IS CONSTANT.   IGNORED.
 **********
 **   11 **FIX           13
 **********
 **********
 **   12 **FIX           14
 **********
 **********
 **   13 **FIX           15
 **********
 PARAMETER   15  IS CONSTANT.   IGNORED.
 **********
 **   14 **FIX           16
 **********
 **********
 **   15 **MIGRAD
 **********
 FIRST CALL TO USER FUNCTION AT NEW START POINT, WITH IFLAG=4.
 START MIGRAD MINIMIZATION.  STRATEGY  1.  CONVERGENCE WHEN EDM .LT. 1.00e-04
 FCN=12535.2 FROM MIGRAD    STATUS=INITIATE      435 CALLS         436 TOTAL
                     EDM= unknown      STRATEGY= 1      NO ERROR MATRIX       
  EXT PARAMETER               CURRENT GUESS       STEP         FIRST   
  NO.   NAME      VALUE            ERROR          SIZE      DERIVATIVE 
   1  N0           3.45227e+06   1.00000e+02   0.00000e+00   1.24584e-02
   2  tau          6.44025e+01   constant   
   3  A0           3.52708e-01   1.00000e-04   0.00000e+00   6.55508e+05
   4  phi          4.13064e+00   1.00000e-02   0.00000e+00   1.24648e+05
   5  R           -6.08848e+01   constant   
   6  alpha_CBO    0.00000e+00     fixed    
   7  w_CBO        2.32500e+00   constant   
   8  beta_CBO     0.00000e+00     fixed    
   9  alpha_2CBO   0.00000e+00     fixed    
  10  beta_2CBO    0.00000e+00     fixed    
  11  alpha_y      0.00000e+00     fixed    
  12  w_y          1.38860e+01   constant   
  13  beta_y       0.00000e+00     fixed    
  14  alpha_vw     0.00000e+00     fixed    
  15  w_vw         1.43404e+01   constant   
  16  beta_vw      0.00000e+00     fixed    
  17  LM          -3.36503e-05   constant   
  18  zeta_y       0.00000e+00   constant   
  19  zeta_vw      0.00000e+00   constant   
  20  T_CBO        1.00000e+02   1.00000e+00   0.00000e+00   0.00000e+00
  21  alpha_A0     0.00000e+00   1.00000e-03   0.00000e+00  -4.34309e+04
  22  beta_A0      0.00000e+00   1.00000e-03   0.00000e+00   6.04128e+03
  23  alpha_phi    0.00000e+00   1.00000e-03   0.00000e+00   2.16366e+04
  24  beta_phi     0.00000e+00   1.00000e-03   0.00000e+00  -6.26490e+04
 CALL LIMIT EXCEEDED IN MIGRAD.
 MIGRAD TERMINATED WITHOUT CONVERGENCE.
 FCN=4486.83 FROM MIGRAD    STATUS=CALL LIMIT   1322 CALLS        1323 TOTAL
                     EDM=1.59709e-05    STRATEGY= 1  ERROR MATRIX UNCERTAINTY   0.1 per cent
  EXT PARAMETER                APPROXIMATE        STEP         FIRST   
  NO.   NAME      VALUE            ERROR          SIZE      DERIVATIVE 
   1  N0           3.39669e+06   8.65998e+02  -1.13117e+00  -4.74476e-06
   2  tau          6.44025e+01   constant   
   3  A0           3.31876e-01   2.36953e-04  -5.13406e-07  -3.56700e+01
   4  phi          4.14236e+00   6.68723e-04   5.25610e-07   1.30304e+00
   5  R           -6.08848e+01   constant   
   6  alpha_CBO    0.00000e+00     fixed    
   7  w_CBO        2.32500e+00   constant   
   8  beta_CBO     0.00000e+00     fixed    
   9  alpha_2CBO   0.00000e+00     fixed    
  10  beta_2CBO    0.00000e+00     fixed    
  11  alpha_y      0.00000e+00     fixed    
  12  w_y          1.38860e+01   constant   
  13  beta_y       0.00000e+00     fixed    
  14  alpha_vw     0.00000e+00     fixed    
  15  w_vw         1.43404e+01   constant   
  16  beta_vw      0.00000e+00     fixed    
  17  LM          -3.36503e-05   constant   
  18  zeta_y       0.00000e+00   constant   
  19  zeta_vw      0.00000e+00   constant   
  20  T_CBO        9.99993e+02   7.32871e+02  -1.61107e-02   4.13543e-03
  21  alpha_A0    -1.02569e-01   1.90480e-03   1.39235e-06   7.81770e+00
  22  beta_A0     -7.13723e-02   1.03794e-03   4.91995e-07   4.62802e-01
  23  alpha_phi   -6.32331e-02   1.02596e-03   1.37363e-07   6.71142e+00
  24  beta_phi     7.68665e-02   1.29679e-03   3.43552e-06   6.58918e+00
 EXTERNAL ERROR MATRIX.    NDIM=  25    NPAR=  8    ERR DEF=1
  7.500e+05  1.782e-01 -3.991e-01  6.550e+01  1.549e+00  6.665e-01  7.940e-01 -1.021e+00 
  1.782e-01  5.615e-08 -7.817e-08  3.056e-05  3.924e-07  2.033e-07  2.117e-07 -2.500e-07 
 -3.991e-01 -7.817e-08  4.472e-07 -2.432e-05 -9.161e-07 -1.984e-07 -4.240e-07  6.689e-07 
  6.550e+01  3.056e-05 -2.432e-05  1.519e+01 -1.882e-04 -1.121e-04 -8.871e-05 -6.792e-05 
  1.549e+00  3.924e-07 -9.161e-07 -1.882e-04  3.628e-06  1.452e-06  1.779e-06 -2.263e-06 
  6.665e-01  2.033e-07 -1.984e-07 -1.121e-04  1.452e-06  1.077e-06  7.593e-07 -8.909e-07 
  7.940e-01  2.117e-07 -4.240e-07 -8.871e-05  1.779e-06  7.593e-07  1.053e-06 -1.168e-06 
 -1.021e+00 -2.500e-07  6.689e-07 -6.792e-05 -2.263e-06 -8.909e-07 -1.168e-06  1.682e-06 
ERR MATRIX APPROXIMATE
 PARAMETER  CORRELATION COEFFICIENTS  
       NO.  GLOBAL      1      3      4     20     21     22     23     24
        1  0.95390   1.000  0.868 -0.689  0.019  0.939  0.741  0.894 -0.910
        3  0.93007   0.868  1.000 -0.493  0.033  0.869  0.827  0.871 -0.814
        4  0.85898  -0.689 -0.493  1.000 -0.009 -0.719 -0.286 -0.618  0.771
       20  0.20002   0.019  0.033 -0.009  1.000 -0.025 -0.028 -0.022 -0.013
       21  0.96397   0.939  0.869 -0.719 -0.025  1.000  0.735  0.910 -0.916
       22  0.86339   0.741  0.827 -0.286 -0.028  0.735  1.000  0.713 -0.662
       23  0.93247   0.894  0.871 -0.618 -0.022  0.910  0.713  1.000 -0.878
       24  0.94579  -0.910 -0.814  0.771 -0.013 -0.916 -0.662 -0.878  1.000
 ERR MATRIX APPROXIMATE
MINUIT - FIT ONLY 1-CBO + wiggle
 **********
 **   16 **RES 
 **********
                   PARAMETER   16  beta_vw RESTORED TO VARIABLE.
                   PARAMETER   14  alpha_vw RESTORED TO VARIABLE.
                   PARAMETER   13  beta_y RESTORED TO VARIABLE.
                   PARAMETER   11  alpha_y RESTORED TO VARIABLE.
                   PARAMETER   10  beta_2CBO RESTORED TO VARIABLE.
                   PARAMETER    9  alpha_2CBO RESTORED TO VARIABLE.
                   PARAMETER    8  beta_CBO RESTORED TO VARIABLE.
                   PARAMETER    6  alpha_CBO RESTORED TO VARIABLE.
 **********
 **   17 **FIX            8
 **********
 **********
 **   18 **FIX            9
 **********
 **********
 **   19 **FIX           11
 **********
 **********
 **   20 **FIX           12
 **********
 PARAMETER   12  IS CONSTANT.   IGNORED.
 **********
 **   21 **FIX           14
 **********
 **********
 **   22 **FIX           15
 **********
 PARAMETER   15  IS CONSTANT.   IGNORED.
 **********
 **   23 **FIX           16
 **********
 **********
 **   24 **MIGRAD
 **********
 START MIGRAD MINIMIZATION.  STRATEGY  1.  CONVERGENCE WHEN EDM .LT. 1.00e-04
 FCN=4486.83 FROM MIGRAD    STATUS=INITIATE       28 CALLS        1351 TOTAL
                     EDM= unknown      STRATEGY= 1      NO ERROR MATRIX       
  EXT PARAMETER               CURRENT GUESS       STEP         FIRST   
  NO.   NAME      VALUE            ERROR          SIZE      DERIVATIVE 
   1  N0           3.39669e+06   8.65998e+02  -1.13117e+00  -4.74476e-06
   2  tau          6.44025e+01   constant   
   3  A0           3.31876e-01   2.36953e-04  -5.13406e-07  -3.56700e+01
   4  phi          4.14236e+00   6.68723e-04   5.25610e-07   1.30305e+00
   5  R           -6.08848e+01   constant   
   6  alpha_CBO    0.00000e+00   1.00000e-03   1.00000e-03  -5.15273e+05
   7  w_CBO        2.32500e+00   constant   
   8  beta_CBO     0.00000e+00     fixed    
   9  alpha_2CBO   0.00000e+00     fixed    
  10  beta_2CBO    0.00000e+00   1.00000e-03   1.00000e-03   3.64446e+05
  11  alpha_y      0.00000e+00     fixed    
  12  w_y          1.38860e+01   constant   
  13  beta_y       0.00000e+00   1.00000e-03   1.00000e-03   1.08618e+05
  14  alpha_vw     0.00000e+00     fixed    
  15  w_vw         1.43404e+01   constant   
  16  beta_vw      0.00000e+00     fixed    
  17  LM          -3.36503e-05   constant   
  18  zeta_y       0.00000e+00   constant   
  19  zeta_vw      0.00000e+00   constant   
  20  T_CBO        9.99993e+02   7.32871e+02  -1.61107e-02  -4.12911e-03
  21  alpha_A0    -1.02569e-01   1.90480e-03   1.39235e-06   7.81770e+00
  22  beta_A0     -7.13723e-02   1.03794e-03   4.91995e-07   4.62804e-01
  23  alpha_phi   -6.32331e-02   1.02596e-03   1.37363e-07   6.71142e+00
  24  beta_phi     7.68665e-02   1.29679e-03   3.43552e-06   6.58918e+00
 MIGRAD MINIMIZATION HAS CONVERGED.
 FCN=2718.52 FROM MIGRAD    STATUS=CONVERGED     534 CALLS        1857 TOTAL
                     EDM=2.28395e-06    STRATEGY= 1  ERROR MATRIX UNCERTAINTY   0.3 per cent
  EXT PARAMETER                                   STEP         FIRST   
  NO.   NAME      VALUE            ERROR          SIZE      DERIVATIVE 
   1  N0           3.39149e+06   9.75547e+02   5.27234e-01  -1.93734e-06
   2  tau          6.44025e+01   constant   
   3  A0           3.33221e-01   2.85396e-04   6.90788e-08  -3.58492e+00
   4  phi          4.16270e+00   1.00239e-03   3.44496e-07   1.40038e+00
   5  R           -6.08848e+01   constant   
   6  alpha_CBO    6.21756e-03   1.81363e-04   4.21700e-07   9.04235e+00
   7  w_CBO        2.32500e+00   constant   
   8  beta_CBO     0.00000e+00     fixed    
   9  alpha_2CBO   0.00000e+00     fixed    
  10  beta_2CBO   -6.67034e-04   1.48300e-04   1.68943e-07  -7.18700e+00
  11  alpha_y      0.00000e+00     fixed    
  12  w_y          1.38860e+01   constant   
  13  beta_y      -6.10073e-04   1.06465e-04  -2.71329e-07  -1.85874e+01
  14  alpha_vw     0.00000e+00     fixed    
  15  w_vw         1.43404e+01   constant   
  16  beta_vw      0.00000e+00     fixed    
  17  LM          -3.36503e-05   constant   
  18  zeta_y       0.00000e+00   constant   
  19  zeta_vw      0.00000e+00   constant   
  20  T_CBO        9.99999e+02   9.24021e+02   1.74445e-02  -6.38733e-04
  21  alpha_A0    -1.18999e-01   2.10860e-03   1.02511e-06   6.83901e-01
  22  beta_A0     -6.20748e-02   1.48809e-03   6.65972e-07   1.27621e-01
  23  alpha_phi   -6.22404e-02   1.20526e-03   1.07188e-06  -4.31907e-01
  24  beta_phi     9.13214e-02   1.45203e-03  -8.38218e-07  -2.80185e+00
 EXTERNAL ERROR MATRIX.    NDIM=  25    NPAR= 11    ERR DEF=1
  9.517e+05 
  2.261e-01  8.145e-08 
 -4.820e-01 -1.218e-08  1.005e-06 
 -2.214e-03  1.924e-08  1.254e-07  3.289e-08 
  1.777e-02  1.764e-08  6.981e-08  1.298e-08  2.199e-08 
  1.315e-02  3.333e-09 -3.782e-09  5.228e-10  1.568e-10  1.133e-08 
  1.324e+01  1.359e-06 -6.572e-06  4.217e-06  2.629e-07 -4.774e-06  3.954e+00 
  1.948e+00  4.667e-07 -1.187e-06 -3.530e-08  2.597e-08  2.598e-08  1.294e-04  4.446e-06 
  9.936e-01  3.787e-07  2.315e-07  1.287e-07  1.240e-07  1.762e-08  5.968e-05  2.017e-06  2.214e-06 
  1.069e+00  2.937e-07 -4.403e-07  2.854e-08  2.831e-08  1.589e-08  7.236e-05  2.313e-06  1.289e-06  1.453e-06 
 -1.264e+00 -2.634e-07  1.032e-06  6.384e-08  2.029e-08 -1.877e-08 -1.031e-04 -2.782e-06 -9.952e-07 -1.457e-06  2.108e-06 
 PARAMETER  CORRELATION COEFFICIENTS  
       NO.  GLOBAL      1      3      4      6     10     13     20     21     22     23     24
        1  0.96334   1.000  0.812 -0.493 -0.013  0.123  0.127  0.007  0.947  0.684  0.909 -0.892
        3  0.95017   0.812  1.000 -0.043  0.372  0.417  0.110  0.002  0.775  0.892  0.854 -0.636
        4  0.93591  -0.493 -0.043  1.000  0.690  0.470 -0.035 -0.003 -0.561  0.155 -0.364  0.709
        6  0.81350  -0.013  0.372  0.690  1.000  0.483  0.027  0.012 -0.092  0.477  0.131  0.242
       10  0.69937   0.123  0.417  0.470  0.483  1.000  0.010  0.001  0.083  0.562  0.158  0.094
       13  0.15469   0.127  0.110 -0.035  0.027  0.010  1.000 -0.023  0.116  0.111  0.124 -0.121
       20  0.13169   0.007  0.002 -0.003  0.012  0.001 -0.023  1.000  0.031  0.020  0.030 -0.036
       21  0.97055   0.947  0.775 -0.561 -0.092  0.083  0.116  0.031  1.000  0.643  0.910 -0.909
       22  0.93530   0.684  0.892  0.155  0.477  0.562  0.111  0.020  0.643  1.000  0.718 -0.461
       23  0.95033   0.909  0.854 -0.364  0.131  0.158  0.124  0.030  0.910  0.718  1.000 -0.833
       24  0.95532  -0.892 -0.636  0.709  0.242  0.094 -0.121 -0.036 -0.909 -0.461 -0.833  1.000
MINUIT - FIT ONLY 2-CBO
 **********
 **   25 **RES 
 **********
                   PARAMETER   16  beta_vw RESTORED TO VARIABLE.
                   PARAMETER   14  alpha_vw RESTORED TO VARIABLE.
                   PARAMETER   11  alpha_y RESTORED TO VARIABLE.
                   PARAMETER    9  alpha_2CBO RESTORED TO VARIABLE.
                   PARAMETER    8  beta_CBO RESTORED TO VARIABLE.
 **********
 **   26 **FIX            0
 **********
 PARAMETER    0  IS UNDEFINED. IGNORED.
 **********
 **   27 **FIX            1
 **********
 **********
 **   28 **FIX            2
 **********
 PARAMETER    2  IS CONSTANT.   IGNORED.
 **********
 **   29 **FIX            3
 **********
 **********
 **   30 **FIX            4
 **********
 **********
 **   31 **FIX            5
 **********
 PARAMETER    5  IS CONSTANT.   IGNORED.
 **********
 **   32 **FIX            6
 **********
 **********
 **   33 **FIX            7
 **********
 PARAMETER    7  IS CONSTANT.   IGNORED.
 **********
 **   34 **FIX           10
 **********
 **********
 **   35 **FIX           11
 **********
 **********
 **   36 **FIX           12
 **********
 PARAMETER   12  IS CONSTANT.   IGNORED.
 **********
 **   37 **FIX           13
 **********
 **********
 **   38 **FIX           14
 **********
 **********
 **   39 **FIX           15
 **********
 PARAMETER   15  IS CONSTANT.   IGNORED.
 **********
 **   40 **FIX           16
 **********
 **********
 **   41 **MIGRAD
 **********
 START MIGRAD MINIMIZATION.  STRATEGY  1.  CONVERGENCE WHEN EDM .LT. 1.00e-04
 FCN=2718.52 FROM MIGRAD    STATUS=INITIATE       18 CALLS        1875 TOTAL
                     EDM= unknown      STRATEGY= 1      NO ERROR MATRIX       
  EXT PARAMETER               CURRENT GUESS       STEP         FIRST   
  NO.   NAME      VALUE            ERROR          SIZE      DERIVATIVE 
   1  N0           3.39149e+06     fixed    
   2  tau          6.44025e+01   constant   
   3  A0           3.33221e-01     fixed    
   4  phi          4.16270e+00     fixed    
   5  R           -6.08848e+01   constant   
   6  alpha_CBO    6.21756e-03     fixed    
   7  w_CBO        2.32500e+00   constant   
   8  beta_CBO     0.00000e+00   1.00000e-03   1.00000e-03   2.28651e+05
   9  alpha_2CBO   0.00000e+00   1.00000e-03   1.00000e-03   3.36431e+05
  10  beta_2CBO   -6.67034e-04     fixed    
  11  alpha_y      0.00000e+00     fixed    
  12  w_y          1.38860e+01   constant   
  13  beta_y      -6.10073e-04     fixed    
  14  alpha_vw     0.00000e+00     fixed    
  15  w_vw         1.43404e+01   constant   
  16  beta_vw      0.00000e+00     fixed    
  17  LM          -3.36503e-05   constant   
  18  zeta_y       0.00000e+00   constant   
  19  zeta_vw      0.00000e+00   constant   
  20  T_CBO        9.99999e+02   9.24021e+02   1.74445e-02  -6.39821e-04
  21  alpha_A0    -1.18999e-01   2.10860e-03   1.02511e-06   6.83893e-01
  22  beta_A0     -6.20748e-02   1.48809e-03   6.65972e-07   1.27612e-01
  23  alpha_phi   -6.22404e-02   1.20526e-03   1.07188e-06  -4.31907e-01
  24  beta_phi     9.13214e-02   1.45203e-03  -8.38218e-07  -2.80185e+00
 MIGRAD MINIMIZATION HAS CONVERGED.
 MIGRAD WILL VERIFY CONVERGENCE AND ERROR MATRIX.
 COVARIANCE MATRIX CALCULATED SUCCESSFULLY
 FCN=2160.97 FROM MIGRAD    STATUS=CONVERGED     221 CALLS        2078 TOTAL
                     EDM=1.75754e-06    STRATEGY= 1      ERROR MATRIX ACCURATE 
  EXT PARAMETER                                   STEP         FIRST   
  NO.   NAME      VALUE            ERROR          SIZE      DERIVATIVE 
   1  N0           3.39149e+06     fixed    
   2  tau          6.44025e+01   constant   
   3  A0           3.33221e-01     fixed    
   4  phi          4.16270e+00     fixed    
   5  R           -6.08848e+01   constant   
   6  alpha_CBO    6.21756e-03     fixed    
   7  w_CBO        2.32500e+00   constant   
   8  beta_CBO    -1.40893e-03   1.13046e-04   2.53602e-06  -1.26966e+00
   9  alpha_2CBO  -2.35710e-03   1.19266e-04   2.51990e-06   1.57746e+00
  10  beta_2CBO   -6.67034e-04     fixed    
  11  alpha_y      0.00000e+00     fixed    
  12  w_y          1.38860e+01   constant   
  13  beta_y      -6.10073e-04     fixed    
  14  alpha_vw     0.00000e+00     fixed    
  15  w_vw         1.43404e+01   constant   
  16  beta_vw      0.00000e+00     fixed    
  17  LM          -3.36503e-05   constant   
  18  zeta_y       0.00000e+00   constant   
  19  zeta_vw      0.00000e+00   constant   
  20  T_CBO        9.99999e+02   9.57433e+02   5.25533e-02   7.30913e-04
  21  alpha_A0    -1.22045e-01   6.11745e-04   1.15220e-05   2.15043e-02
  22  beta_A0     -6.07589e-02   5.50514e-04   1.19102e-05   1.13419e+00
  23  alpha_phi   -6.33393e-02   4.34058e-04   8.52864e-06  -5.96828e-02
  24  beta_phi     8.87936e-02   4.79019e-04   9.79432e-06  -2.78959e-01
 EXTERNAL ERROR MATRIX.    NDIM=  25    NPAR=  7    ERR DEF=1
  1.278e-08 -3.091e-10  6.232e-09  4.057e-09 -1.354e-09  1.596e-09  5.358e-09 
 -3.091e-10  1.422e-08 -8.571e-09  1.533e-08 -6.908e-09  5.445e-09  1.140e-08 
  6.232e-09 -8.571e-09  8.935e+00 -4.414e-04 -2.227e-04 -2.266e-04  3.183e-04 
  4.057e-09  1.533e-08 -4.414e-04  3.742e-07  7.625e-08  1.182e-07 -6.042e-08 
 -1.354e-09 -6.908e-09 -2.227e-04  7.625e-08  3.031e-07  5.011e-09 -2.711e-08 
  1.596e-09  5.445e-09 -2.266e-04  1.182e-07  5.011e-09  1.884e-07 -5.928e-08 
  5.358e-09  1.140e-08  3.183e-04 -6.042e-08 -2.711e-08 -5.928e-08  2.295e-07 
 PARAMETER  CORRELATION COEFFICIENTS  
       NO.  GLOBAL      8      9     20     21     22     23     24
        8  0.15375   1.000 -0.023  0.000  0.059 -0.022  0.033  0.099
        9  0.36598  -0.023  1.000 -0.000  0.210 -0.105  0.105  0.200
       20  0.31099   0.000 -0.000  1.000 -0.241 -0.135 -0.175  0.222
       21  0.55837   0.059  0.210 -0.241  1.000  0.226  0.445 -0.206
       22  0.30321  -0.022 -0.105 -0.135  0.226  1.000  0.021 -0.103
       23  0.50101   0.033  0.105 -0.175  0.445  0.021  1.000 -0.285
       24  0.43467   0.099  0.200  0.222 -0.206 -0.103 -0.285  1.000
MINUIT - FIT wiggle + 1-CBO + 2-CBO
 **********
 **   42 **RES 
 **********
                   PARAMETER   16  beta_vw RESTORED TO VARIABLE.
                   PARAMETER   14  alpha_vw RESTORED TO VARIABLE.
                   PARAMETER   13  beta_y RESTORED TO VARIABLE.
                   PARAMETER   11  alpha_y RESTORED TO VARIABLE.
                   PARAMETER   10  beta_2CBO RESTORED TO VARIABLE.
                   PARAMETER    6  alpha_CBO RESTORED TO VARIABLE.
                   PARAMETER    4  phi RESTORED TO VARIABLE.
                   PARAMETER    3  A0 RESTORED TO VARIABLE.
                   PARAMETER    1  N0 RESTORED TO VARIABLE.
 **********
 **   43 **FIX           10
 **********
 **********
 **   44 **FIX           11
 **********
 **********
 **   45 **FIX           12
 **********
 PARAMETER   12  IS CONSTANT.   IGNORED.
 **********
 **   46 **FIX           13
 **********
 **********
 **   47 **FIX           14
 **********
 **********
 **   48 **FIX           15
 **********
 PARAMETER   15  IS CONSTANT.   IGNORED.
 **********
 **   49 **FIX           16
 **********
 **********
 **   50 **MIGRAD
 **********
 START MIGRAD MINIMIZATION.  STRATEGY  1.  CONVERGENCE WHEN EDM .LT. 1.00e-04
 FCN=2160.97 FROM MIGRAD    STATUS=INITIATE       22 CALLS        2100 TOTAL
                     EDM= unknown      STRATEGY= 1      NO ERROR MATRIX       
  EXT PARAMETER               CURRENT GUESS       STEP         FIRST   
  NO.   NAME      VALUE            ERROR          SIZE      DERIVATIVE 
   1  N0           3.39149e+06   9.75547e+02   9.75547e+02  -2.39770e-03
   2  tau          6.44025e+01   constant   
   3  A0           3.33221e-01   2.85396e-04   2.85396e-04  -2.12389e+04
   4  phi          4.16270e+00   1.00239e-03   1.00239e-03  -2.29367e+02
   5  R           -6.08848e+01   constant   
   6  alpha_CBO    6.21756e-03   1.81363e-04   1.81363e-04   8.39489e+03
   7  w_CBO        2.32500e+00   constant   
   8  beta_CBO    -1.40893e-03   1.13046e-04   2.53602e-06  -1.26971e+00
   9  alpha_2CBO  -2.35710e-03   1.19266e-04   2.51990e-06   1.57746e+00
  10  beta_2CBO   -6.67034e-04     fixed    
  11  alpha_y      0.00000e+00     fixed    
  12  w_y          1.38860e+01   constant   
  13  beta_y      -6.10073e-04     fixed    
  14  alpha_vw     0.00000e+00     fixed    
  15  w_vw         1.43404e+01   constant   
  16  beta_vw      0.00000e+00     fixed    
  17  LM          -3.36503e-05   constant   
  18  zeta_y       0.00000e+00   constant   
  19  zeta_vw      0.00000e+00   constant   
  20  T_CBO        9.99999e+02   9.57433e+02   5.25533e-02  -7.51647e-04
  21  alpha_A0    -1.22045e-01   6.11745e-04   1.15220e-05   2.15663e-02
  22  beta_A0     -6.07589e-02   5.50514e-04   1.19102e-05   1.13447e+00
  23  alpha_phi   -6.33393e-02   4.34058e-04   8.52864e-06  -5.96762e-02
  24  beta_phi     8.87936e-02   4.79019e-04   9.79432e-06  -2.78966e-01
 MIGRAD MINIMIZATION HAS CONVERGED.
 FCN=2034.3 FROM MIGRAD    STATUS=CONVERGED     551 CALLS        2629 TOTAL
                     EDM=2.2106e-06    STRATEGY= 1  ERROR MATRIX UNCERTAINTY   1.6 per cent
  EXT PARAMETER                                   STEP         FIRST   
  NO.   NAME      VALUE            ERROR          SIZE      DERIVATIVE 
   1  N0           3.43008e+06   4.20259e+03   1.98978e-01   3.91955e-06
   2  tau          6.44025e+01   constant   
   3  A0           3.44603e-01   1.34932e-03  -2.60112e-07   1.65280e+00
   4  phi          4.13818e+00   2.73034e-03   1.83470e-06  -5.57777e-01
   5  R           -6.08848e+01   constant   
   6  alpha_CBO    5.86918e-03   1.61978e-04   8.42494e-07   5.39417e+00
   7  w_CBO        2.32500e+00   constant   
   8  beta_CBO    -5.91241e-03   5.56151e-04   6.93318e-08   1.81633e+01
   9  alpha_2CBO  -7.52784e-04   1.93484e-04   4.37996e-07   7.18418e+00
  10  beta_2CBO   -6.67034e-04     fixed    
  11  alpha_y      0.00000e+00     fixed    
  12  w_y          1.38860e+01   constant   
  13  beta_y      -6.10073e-04     fixed    
  14  alpha_vw     0.00000e+00     fixed    
  15  w_vw         1.43404e+01   constant   
  16  beta_vw      0.00000e+00     fixed    
  17  LM          -3.36503e-05   constant   
  18  zeta_y       0.00000e+00   constant   
  19  zeta_vw      0.00000e+00   constant   
  20  T_CBO        4.16654e+02   3.81606e+01   3.77146e-04  -5.97313e-03
  21  alpha_A0    -4.24002e-02   8.92642e-03   1.67714e-06   4.27362e-01
  22  beta_A0     -2.47510e-02   4.05294e-03   2.97627e-06   3.23230e-01
  23  alpha_phi   -2.09621e-02   4.58871e-03   2.64229e-06  -2.49449e+00
  24  beta_phi     3.31409e-02   6.60320e-03  -2.21453e-07   6.17950e-01
 EXTERNAL ERROR MATRIX.    NDIM=  25    NPAR= 11    ERR DEF=1
  1.766e+07 
  5.635e+00  1.821e-06 
 -1.110e+01 -3.494e-06  7.455e-06 
 -3.957e-02 -5.675e-10  1.039e-07  2.624e-08 
 -2.283e+00 -7.323e-07  1.450e-06  6.678e-09  3.093e-07 
  6.408e-01  2.063e-07 -4.082e-07 -1.554e-09 -8.383e-08  3.744e-08 
 -3.955e+04 -1.250e-02  2.841e-02  6.325e-04  5.799e-03 -7.847e-04  1.459e+03 
  3.740e+01  1.196e-05 -2.372e-05 -1.090e-07 -4.857e-06  1.370e-06 -9.111e-02  7.968e-05 
  1.666e+01  5.404e-06 -1.010e-05  3.832e-08 -2.162e-06  5.967e-07 -3.950e-02  3.530e-05  1.643e-05 
  1.918e+01  6.162e-06 -1.197e-05 -1.084e-08 -2.485e-06  7.006e-07 -4.255e-02  4.071e-05  1.824e-05  2.106e-05 
 -2.760e+01 -8.801e-06  1.763e-05  1.032e-07  3.594e-06 -9.903e-07  7.300e-02 -5.869e-05 -2.593e-05 -3.000e-05  4.360e-05 
 PARAMETER  CORRELATION COEFFICIENTS  
       NO.  GLOBAL      1      3      4      6      8      9     20     21     22     23     24
        1  0.99808   1.000  0.994 -0.968 -0.058 -0.977  0.788 -0.246  0.997  0.978  0.994 -0.994
        3  0.99789   0.994  1.000 -0.948 -0.003 -0.976  0.790 -0.242  0.993  0.988  0.995 -0.988
        4  0.99305  -0.968 -0.948  1.000  0.235  0.955 -0.773  0.272 -0.973 -0.913 -0.955  0.978
        6  0.75519  -0.058 -0.003  0.235  1.000  0.074 -0.050  0.102 -0.075  0.058 -0.015  0.096
        8  0.98111  -0.977 -0.976  0.955  0.074  1.000 -0.779  0.273 -0.978 -0.959 -0.974  0.979
        9  0.82352   0.788  0.790 -0.773 -0.050 -0.779  1.000 -0.106  0.793  0.761  0.789 -0.775
       20  0.57296  -0.246 -0.242  0.272  0.102  0.273 -0.106  1.000 -0.267 -0.255 -0.243  0.289
       21  0.99865   0.997  0.993 -0.973 -0.075 -0.978  0.793 -0.267  1.000  0.976  0.994 -0.996
       22  0.99253   0.978  0.988 -0.913  0.058 -0.959  0.761 -0.255  0.976  1.000  0.981 -0.969
       23  0.99709   0.994  0.995 -0.955 -0.015 -0.974  0.789 -0.243  0.994  0.981  1.000 -0.990
       24  0.99780  -0.994 -0.988  0.978  0.096  0.979 -0.775  0.289 -0.996 -0.969 -0.990  1.000
MINUIT - FIT ONLY 1-y
 **********
 **   51 **RES 
 **********
                   PARAMETER   16  beta_vw RESTORED TO VARIABLE.
                   PARAMETER   14  alpha_vw RESTORED TO VARIABLE.
                   PARAMETER   13  beta_y RESTORED TO VARIABLE.
                   PARAMETER   11  alpha_y RESTORED TO VARIABLE.
                   PARAMETER   10  beta_2CBO RESTORED TO VARIABLE.
 **********
 **   52 **FIX            0
 **********
 PARAMETER    0  IS UNDEFINED. IGNORED.
 **********
 **   53 **FIX            1
 **********
 **********
 **   54 **FIX            2
 **********
 PARAMETER    2  IS CONSTANT.   IGNORED.
 **********
 **   55 **FIX            3
 **********
 **********
 **   56 **FIX            4
 **********
 **********
 **   57 **FIX            5
 **********
 PARAMETER    5  IS CONSTANT.   IGNORED.
 **********
 **   58 **FIX            6
 **********
 **********
 **   59 **FIX            7
 **********
 PARAMETER    7  IS CONSTANT.   IGNORED.
 **********
 **   60 **FIX            8
 **********
 **********
 **   61 **FIX            9
 **********
 **********
 **   62 **FIX           13
 **********
 **********
 **   63 **FIX           14
 **********
 **********
 **   64 **FIX           15
 **********
 PARAMETER   15  IS CONSTANT.   IGNORED.
 **********
 **   65 **FIX           16
 **********
 **********
 **   66 **MIGRAD
 **********
 START MIGRAD MINIMIZATION.  STRATEGY  1.  CONVERGENCE WHEN EDM .LT. 1.00e-04
 FCN=2034.3 FROM MIGRAD    STATUS=INITIATE       16 CALLS        2645 TOTAL
                     EDM= unknown      STRATEGY= 1      NO ERROR MATRIX       
  EXT PARAMETER               CURRENT GUESS       STEP         FIRST   
  NO.   NAME      VALUE            ERROR          SIZE      DERIVATIVE 
   1  N0           3.43008e+06     fixed    
   2  tau          6.44025e+01   constant   
   3  A0           3.44603e-01     fixed    
   4  phi          4.13818e+00     fixed    
   5  R           -6.08848e+01   constant   
   6  alpha_CBO    5.86918e-03     fixed    
   7  w_CBO        2.32500e+00   constant   
   8  beta_CBO    -5.91241e-03     fixed    
   9  alpha_2CBO  -7.52784e-04     fixed    
  10  beta_2CBO   -6.67034e-04   1.48300e-04   1.48300e-04  -2.73718e+04
  11  alpha_y      0.00000e+00   1.00000e-03   1.00000e-03  -6.82471e+05
  12  w_y          1.38860e+01   constant   
  13  beta_y      -6.10073e-04     fixed    
  14  alpha_vw     0.00000e+00     fixed    
  15  w_vw         1.43404e+01   constant   
  16  beta_vw      0.00000e+00     fixed    
  17  LM          -3.36503e-05   constant   
  18  zeta_y       0.00000e+00   constant   
  19  zeta_vw      0.00000e+00   constant   
  20  T_CBO        4.16654e+02   3.81606e+01   3.77146e-04   5.97726e-03
  21  alpha_A0    -4.24002e-02   8.92642e-03   1.67714e-06   4.27370e-01
  22  beta_A0     -2.47510e-02   4.05294e-03   2.97627e-06   3.23226e-01
  23  alpha_phi   -2.09621e-02   4.58871e-03   2.64229e-06  -2.49449e+00
  24  beta_phi     3.31409e-02   6.60320e-03  -2.21453e-07   6.17948e-01
 MIGRAD MINIMIZATION HAS CONVERGED.
 MIGRAD WILL VERIFY CONVERGENCE AND ERROR MATRIX.
 COVARIANCE MATRIX CALCULATED SUCCESSFULLY
 FCN=602.053 FROM MIGRAD    STATUS=CONVERGED    1187 CALLS        3816 TOTAL
                     EDM=1.44314e-05    STRATEGY= 1      ERROR MATRIX ACCURATE 
  EXT PARAMETER                                   STEP         FIRST   
  NO.   NAME      VALUE            ERROR          SIZE      DERIVATIVE 
   1  N0           3.43008e+06     fixed    
   2  tau          6.44025e+01   constant   
   3  A0           3.44603e-01     fixed    
   4  phi          4.13818e+00     fixed    
   5  R           -6.08848e+01   constant   
   6  alpha_CBO    5.86918e-03     fixed    
   7  w_CBO        2.32500e+00   constant   
   8  beta_CBO    -5.91241e-03     fixed    
   9  alpha_2CBO  -7.52784e-04     fixed    
  10  beta_2CBO   -4.71939e-04   1.21948e-04   1.28300e-06  -5.76903e+00
  11  alpha_y      4.18904e-03   1.10748e-04   1.32267e-06  -2.33418e+01
  12  w_y          1.38860e+01   constant   
  13  beta_y      -6.10073e-04     fixed    
  14  alpha_vw     0.00000e+00     fixed    
  15  w_vw         1.43404e+01   constant   
  16  beta_vw      0.00000e+00     fixed    
  17  LM          -3.36503e-05   constant   
  18  zeta_y       0.00000e+00   constant   
  19  zeta_vw      0.00000e+00   constant   
  20  T_CBO        3.58568e+01   1.28403e+01   2.40708e-05   3.27365e-01
  21  alpha_A0    -9.86106e-02   3.27544e-02   1.36118e-05   2.88631e+00
  22  beta_A0     -5.86626e-02   1.98451e-02   1.37577e-05  -2.58063e-01
  23  alpha_phi   -4.85723e-02   1.56598e-02   1.04576e-05  -2.26801e+00
  24  beta_phi     7.60645e-02   2.49871e-02   1.21642e-05   3.02201e+00
 EXTERNAL ERROR MATRIX.    NDIM=  25    NPAR=  7    ERR DEF=1
  1.487e-08  3.653e-11  5.813e-04  1.486e-06  9.366e-07  6.914e-07 -1.120e-06 
  3.653e-11  1.227e-08 -1.048e-04 -2.660e-07 -1.630e-07 -1.295e-07  2.016e-07 
  5.813e-04 -1.048e-04  1.651e+02  4.206e-01  2.545e-01  2.009e-01 -3.208e-01 
  1.486e-06 -2.660e-07  4.206e-01  1.073e-03  6.486e-04  5.120e-04 -8.174e-04 
  9.366e-07 -1.630e-07  2.545e-01  6.486e-04  3.938e-04  3.095e-04 -4.945e-04 
  6.914e-07 -1.295e-07  2.009e-01  5.120e-04  3.095e-04  2.452e-04 -3.905e-04 
 -1.120e-06  2.016e-07 -3.208e-01 -8.174e-04 -4.945e-04 -3.905e-04  6.244e-04 
 PARAMETER  CORRELATION COEFFICIENTS  
       NO.  GLOBAL     10     11     20     21     22     23     24
       10  0.47973   1.000  0.003  0.371  0.372  0.387  0.362 -0.367
       11  0.08910   0.003  1.000 -0.074 -0.073 -0.074 -0.075  0.073
       20  0.99958   0.371 -0.074  1.000  0.999  0.998  0.998 -0.999
       21  0.99940   0.372 -0.073  0.999  1.000  0.998  0.998 -0.999
       22  0.99832   0.387 -0.074  0.998  0.998  1.000  0.996 -0.997
       23  0.99844   0.362 -0.075  0.998  0.998  0.996  1.000 -0.998
       24  0.99917  -0.367  0.073 -0.999 -0.999 -0.997 -0.998  1.000
MINUIT - FIT ONLY 2-y
 **********
 **   67 **RES 
 **********
                   PARAMETER   16  beta_vw RESTORED TO VARIABLE.
                   PARAMETER   14  alpha_vw RESTORED TO VARIABLE.
                   PARAMETER   13  beta_y RESTORED TO VARIABLE.
                   PARAMETER    9  alpha_2CBO RESTORED TO VARIABLE.
                   PARAMETER    8  beta_CBO RESTORED TO VARIABLE.
                   PARAMETER    6  alpha_CBO RESTORED TO VARIABLE.
                   PARAMETER    4  phi RESTORED TO VARIABLE.
                   PARAMETER    3  A0 RESTORED TO VARIABLE.
                   PARAMETER    1  N0 RESTORED TO VARIABLE.
 **********
 **   68 **FIX            0
 **********
 PARAMETER    0  IS UNDEFINED. IGNORED.
 **********
 **   69 **FIX            1
 **********
 **********
 **   70 **FIX            2
 **********
 PARAMETER    2  IS CONSTANT.   IGNORED.
 **********
 **   71 **FIX            3
 **********
 **********
 **   72 **FIX            4
 **********
 **********
 **   73 **FIX            5
 **********
 PARAMETER    5  IS CONSTANT.   IGNORED.
 **********
 **   74 **FIX            6
 **********
 **********
 **   75 **FIX            7
 **********
 PARAMETER    7  IS CONSTANT.   IGNORED.
 **********
 **   76 **FIX            8
 **********
 **********
 **   77 **FIX            9
 **********
 **********
 **   78 **FIX           10
 **********
 **********
 **   79 **FIX           11
 **********
 **********
 **   80 **FIX           12
 **********
 PARAMETER   12  IS CONSTANT.   IGNORED.
 **********
 **   81 **FIX           16
 **********
 **********
 **   82 **MIGRAD
 **********
 START MIGRAD MINIMIZATION.  STRATEGY  1.  CONVERGENCE WHEN EDM .LT. 1.00e-04
 FCN=602.053 FROM MIGRAD    STATUS=INITIATE       16 CALLS        3832 TOTAL
                     EDM= unknown      STRATEGY= 1      NO ERROR MATRIX       
  EXT PARAMETER               CURRENT GUESS       STEP         FIRST   
  NO.   NAME      VALUE            ERROR          SIZE      DERIVATIVE 
   1  N0           3.43008e+06     fixed    
   2  tau          6.44025e+01   constant   
   3  A0           3.44603e-01     fixed    
   4  phi          4.13818e+00     fixed    
   5  R           -6.08848e+01   constant   
   6  alpha_CBO    5.86918e-03     fixed    
   7  w_CBO        2.32500e+00   constant   
   8  beta_CBO    -5.91241e-03     fixed    
   9  alpha_2CBO  -7.52784e-04     fixed    
  10  beta_2CBO   -4.71939e-04     fixed    
  11  alpha_y      4.18904e-03     fixed    
  12  w_y          1.38860e+01   constant   
  13  beta_y      -6.10073e-04   1.06465e-04   1.06465e-04  -3.77108e+04
  14  alpha_vw     0.00000e+00   1.00000e-03   1.00000e-03   1.95388e+05
  15  w_vw         1.43404e+01   constant   
  16  beta_vw      0.00000e+00     fixed    
  17  LM          -3.36503e-05   constant   
  18  zeta_y       0.00000e+00   constant   
  19  zeta_vw      0.00000e+00   constant   
  20  T_CBO        3.58568e+01   1.28403e+01   2.40708e-05   3.26930e-01
  21  alpha_A0    -9.86106e-02   3.27544e-02   1.36118e-05   2.88632e+00
  22  beta_A0     -5.86626e-02   1.98451e-02   1.37577e-05  -2.58033e-01
  23  alpha_phi   -4.85723e-02   1.56598e-02   1.04576e-05  -2.26801e+00
  24  beta_phi     7.60645e-02   2.49871e-02   1.21642e-05   3.02201e+00
 MIGRAD MINIMIZATION HAS CONVERGED.
 MIGRAD WILL VERIFY CONVERGENCE AND ERROR MATRIX.
 COVARIANCE MATRIX CALCULATED SUCCESSFULLY
 FCN=472.964 FROM MIGRAD    STATUS=CONVERGED     366 CALLS        4182 TOTAL
                     EDM=1.13226e-06    STRATEGY= 1      ERROR MATRIX ACCURATE 
  EXT PARAMETER                                   STEP         FIRST   
  NO.   NAME      VALUE            ERROR          SIZE      DERIVATIVE 
   1  N0           3.43008e+06     fixed    
   2  tau          6.44025e+01   constant   
   3  A0           3.44603e-01     fixed    
   4  phi          4.13818e+00     fixed    
   5  R           -6.08848e+01   constant   
   6  alpha_CBO    5.86918e-03     fixed    
   7  w_CBO        2.32500e+00   constant   
   8  beta_CBO    -5.91241e-03     fixed    
   9  alpha_2CBO  -7.52784e-04     fixed    
  10  beta_2CBO   -4.71939e-04     fixed    
  11  alpha_y      4.18904e-03     fixed    
  12  w_y          1.38860e+01   constant   
  13  beta_y      -1.08542e-03   1.24605e-04   1.14482e-06   2.47472e+00
  14  alpha_vw    -1.41310e-03   1.26417e-04   1.16028e-06  -1.13872e-01
  15  w_vw         1.43404e+01   constant   
  16  beta_vw      0.00000e+00     fixed    
  17  LM          -3.36503e-05   constant   
  18  zeta_y       0.00000e+00   constant   
  19  zeta_vw      0.00000e+00   constant   
  20  T_CBO        4.12335e+01   1.55373e+01   2.63569e-05  -1.15381e-01
  21  alpha_A0    -8.74399e-02   2.65720e-02   1.07351e-05   2.78662e-01
  22  beta_A0     -5.14701e-02   1.58261e-02   1.08479e-05  -7.74045e-01
  23  alpha_phi   -4.31945e-02   1.27949e-02   8.25382e-06  -5.35427e-01
  24  beta_phi     6.69956e-02   2.01866e-02   9.60169e-06  -9.81500e-01
 EXTERNAL ERROR MATRIX.    NDIM=  25    NPAR=  7    ERR DEF=1
  1.553e-08  7.865e-09  4.827e-05  8.239e-08  5.109e-08  4.073e-08 -6.448e-08 
  7.865e-09  1.598e-08 -4.554e-05 -7.734e-08 -5.052e-08 -3.712e-08  6.375e-08 
  4.827e-05 -4.554e-05  2.419e+02  4.129e-01  2.456e-01  1.986e-01 -3.136e-01 
  8.239e-08 -7.734e-08  4.129e-01  7.061e-04  4.195e-04  3.393e-04 -5.356e-04 
  5.109e-08 -5.052e-08  2.456e-01  4.195e-04  2.505e-04  2.016e-04 -3.185e-04 
  4.073e-08 -3.712e-08  1.986e-01  3.393e-04  2.016e-04  1.637e-04 -2.576e-04 
 -6.448e-08  6.375e-08 -3.136e-01 -5.356e-04 -3.185e-04 -2.576e-04  4.075e-04 
 PARAMETER  CORRELATION COEFFICIENTS  
       NO.  GLOBAL     13     14     20     21     22     23     24
       13  0.50300   1.000  0.499  0.025  0.025  0.026  0.026 -0.026
       14  0.50450   0.499  1.000 -0.023 -0.023 -0.025 -0.023  0.025
       20  0.99950   0.025 -0.023  1.000  0.999  0.998  0.998 -0.999
       21  0.99928   0.025 -0.023  0.999  1.000  0.998  0.998 -0.998
       22  0.99792   0.026 -0.025  0.998  0.998  1.000  0.996 -0.997
       23  0.99816   0.026 -0.023  0.998  0.998  0.996  1.000 -0.997
       24  0.99900  -0.026  0.025 -0.999 -0.998 -0.997 -0.997  1.000
MINUIT - FIT ALTOGETHER
 **********
 **   83 **RES 
 **********
