 + ++++++++++++++++++++++++++++++++++++++++++++++++++++++++++++++++++++ +
 +                                                                      +
 +           You have chose to blind your fitting according to          +
 +                omega_ref * (1 + (R +/- deltaR) *10^{-6})             +
 +                                                                      +
 + ++++++++++++++++++++++++++++++++++++++++++++++++++++++++++++++++++++ +
In main()...
reading format from /gm2data/zkhechad/run45/envelope/formats/formatB_sBin_constraintOn.txt
pBinTau 	= 0  
pBinPhi 	= 0  
constraintau 	= 1 
includeMopTerm 	= 0    
constrainMop    = 0   
Parameters after format file: pBinTau 0 pBinPhi 0 constraintau 1 includeMopTerm 0 constrainMop 0 c_e_scale 0.000000 
Opening file /gm2data/tbarrett/gm2fr/studies/run23_bunch_corrections/CorrectedFourier_Run3b.root.
reading full fit data from /gm2data/zkhechad/cboTemplates/Run4CBOTemplates/templateFits0_v2.0/noRF/sBin_constraintOn_cE0.0_seed0_noRF_calo2.root
windowBins = 17
fitting sliding window 414 from bin 550 at 81.910800 to bin 567 at 84.596400 (17 bins)

Reading data from /gm2data/cornell/histograms/aMethod/histogram_a_noRF.root
 **********
 **    1 **SET PRINTOUT            1
 **********
 **********
 **    2 **SET NOWARNINGS 
 **********
 PARAMETER DEFINITIONS:
    NO.   NAME         VALUE      STEP SIZE      LIMITS
     1 N0           3.21271e+06  1.00000e+02     no limits
     2 tau          6.44362e+01  constant
     3 A0           3.64394e-01  1.00000e-04     no limits
     4 phi          4.11820e+00  1.00000e-02     no limits
     5 R           -5.98416e+01  constant
     6 alpha_CBO    0.00000e+00  1.00000e-03     no limits
     7 w_CBO        2.32500e+00  constant
     8 beta_CBO     0.00000e+00  1.00000e-03     no limits
     9 alpha_2CBO   0.00000e+00  1.00000e-03     no limits
    10 beta_2CBO    0.00000e+00  1.00000e-03     no limits
    11 alpha_y      0.00000e+00  1.00000e-03     no limits
    12 w_y          1.44500e+01  constant
    13 beta_y       0.00000e+00  1.00000e-03     no limits
    14 alpha_vw     0.00000e+00  1.00000e-03     no limits
    15 w_vw         1.29000e+01  constant
    16 beta_vw      0.00000e+00  1.00000e-03     no limits
    17 LM           1.16794e-03  constant
    18 zeta_y       0.00000e+00  constant
    19 zeta_vw      0.00000e+00  constant
    20 T_CBO        1.00000e+02  1.00000e+00    0.00000e+00  1.00000e+03
    21 alpha_A0     0.00000e+00  1.00000e-03     no limits
    22 beta_A0      0.00000e+00  1.00000e-03     no limits
    23 alpha_phi    0.00000e+00  1.00000e-03     no limits
    24 beta_phi     0.00000e+00  1.00000e-03     no limits
MINUIT - FIT ONLY WIGGLE
 **********
 **    3 **FIX            5
 **********
 PARAMETER    5  IS CONSTANT.   IGNORED.
 **********
 **    4 **FIX            6
 **********
 **********
 **    5 **FIX            7
 **********
 PARAMETER    7  IS CONSTANT.   IGNORED.
 **********
 **    6 **FIX            8
 **********
 **********
 **    7 **FIX            9
 **********
 **********
 **    8 **FIX           10
 **********
 **********
 **    9 **FIX           11
 **********
 **********
 **   10 **FIX           12
 **********
 PARAMETER   12  IS CONSTANT.   IGNORED.
 **********
 **   11 **FIX           13
 **********
 **********
 **   12 **FIX           14
 **********
 **********
 **   13 **FIX           15
 **********
 PARAMETER   15  IS CONSTANT.   IGNORED.
 **********
 **   14 **FIX           16
 **********
 **********
 **   15 **MIGRAD
 **********
 FIRST CALL TO USER FUNCTION AT NEW START POINT, WITH IFLAG=4.
 START MIGRAD MINIMIZATION.  STRATEGY  1.  CONVERGENCE WHEN EDM .LT. 1.00e-04
 FCN=351.024 FROM MIGRAD    STATUS=INITIATE      435 CALLS         436 TOTAL
                     EDM= unknown      STRATEGY= 1      NO ERROR MATRIX       
  EXT PARAMETER               CURRENT GUESS       STEP         FIRST   
  NO.   NAME      VALUE            ERROR          SIZE      DERIVATIVE 
   1  N0           3.21271e+06   1.00000e+02   0.00000e+00  -1.27306e-02
   2  tau          6.44362e+01   constant   
   3  A0           3.64394e-01   1.00000e-04   0.00000e+00  -1.26573e+05
   4  phi          4.11820e+00   1.00000e-02   0.00000e+00  -2.30954e+04
   5  R           -5.98416e+01   constant   
   6  alpha_CBO    0.00000e+00     fixed    
   7  w_CBO        2.32500e+00   constant   
   8  beta_CBO     0.00000e+00     fixed    
   9  alpha_2CBO   0.00000e+00     fixed    
  10  beta_2CBO    0.00000e+00     fixed    
  11  alpha_y      0.00000e+00     fixed    
  12  w_y          1.44500e+01   constant   
  13  beta_y       0.00000e+00     fixed    
  14  alpha_vw     0.00000e+00     fixed    
  15  w_vw         1.29000e+01   constant   
  16  beta_vw      0.00000e+00     fixed    
  17  LM           1.16794e-03   constant   
  18  zeta_y       0.00000e+00   constant   
  19  zeta_vw      0.00000e+00   constant   
  20  T_CBO        1.00000e+02   1.00000e+00   0.00000e+00   0.00000e+00
  21  alpha_A0     0.00000e+00   1.00000e-03   0.00000e+00   1.15220e+04
  22  beta_A0      0.00000e+00   1.00000e-03   0.00000e+00  -4.82426e+03
  23  alpha_phi    0.00000e+00   1.00000e-03   0.00000e+00  -8.53291e+03
  24  beta_phi     0.00000e+00   1.00000e-03   0.00000e+00   4.48392e+03
 MIGRAD MINIMIZATION HAS CONVERGED.
 FCN=24.0944 FROM MIGRAD    STATUS=CONVERGED     682 CALLS         683 TOTAL
                     EDM=6.06068e-06    STRATEGY= 1  ERROR MATRIX UNCERTAINTY   0.1 per cent
  EXT PARAMETER                                   STEP         FIRST   
  NO.   NAME      VALUE            ERROR          SIZE      DERIVATIVE 
   1  N0           3.21493e+06   5.43172e+02  -1.12647e+00   4.91263e-06
   2  tau          6.44362e+01   constant   
   3  A0           3.70791e-01   2.95053e-03   1.14099e-04   5.99317e+00
   4  phi          4.11578e+00   1.03845e-02   3.53789e-04  -3.83460e-01
   5  R           -5.98416e+01   constant   
   6  alpha_CBO    0.00000e+00     fixed    
   7  w_CBO        2.32500e+00   constant   
   8  beta_CBO     0.00000e+00     fixed    
   9  alpha_2CBO   0.00000e+00     fixed    
  10  beta_2CBO    0.00000e+00     fixed    
  11  alpha_y      0.00000e+00     fixed    
  12  w_y          1.44500e+01   constant   
  13  beta_y       0.00000e+00     fixed    
  14  alpha_vw     0.00000e+00     fixed    
  15  w_vw         1.29000e+01   constant   
  16  beta_vw      0.00000e+00     fixed    
  17  LM           1.16794e-03   constant   
  18  zeta_y       0.00000e+00   constant   
  19  zeta_vw      0.00000e+00   constant   
  20  T_CBO        9.11948e+01   5.60486e+00   7.40817e-05   4.82889e-02
  21  alpha_A0    -1.70079e-02   3.16131e-02   1.07183e-03   5.75465e-01
  22  beta_A0     -2.35440e-02   2.75234e-02  -9.92628e-04   9.09814e-01
  23  alpha_phi   -2.00699e-02   3.40603e-02  -1.26526e-03  -2.14133e-01
  24  beta_phi     1.05125e-02   2.98769e-02  -9.64842e-04   5.22013e-01
 EXTERNAL ERROR MATRIX.    NDIM=  25    NPAR=  8    ERR DEF=1
  2.950e+05 -1.587e-01 -1.118e-01 -6.149e+01  2.928e-02  1.422e+00  1.570e+00 -1.165e-01 
 -1.587e-01  8.706e-06  2.875e-05  8.410e-03  8.913e-05 -8.057e-05 -9.925e-05 -8.150e-05 
 -1.118e-01  2.875e-05  1.078e-04  3.132e-02  3.266e-04 -2.761e-04 -3.459e-04 -3.094e-04 
 -6.149e+01  8.410e-03  3.132e-02  3.142e+01  9.218e-02 -8.303e-02 -1.021e-01 -9.070e-02 
  2.928e-02  8.913e-05  3.266e-04  9.218e-02  9.994e-04 -8.503e-04 -1.062e-03 -9.363e-04 
  1.422e+00 -8.057e-05 -2.761e-04 -8.303e-02 -8.503e-04  7.575e-04  9.326e-04  7.865e-04 
  1.570e+00 -9.925e-05 -3.459e-04 -1.021e-01 -1.062e-03  9.326e-04  1.160e-03  9.867e-04 
 -1.165e-01 -8.150e-05 -3.094e-04 -9.070e-02 -9.363e-04  7.865e-04  9.867e-04  8.926e-04 
 PARAMETER  CORRELATION COEFFICIENTS  
       NO.  GLOBAL      1      3      4     20     21     22     23     24
        1  0.82644   1.000 -0.099 -0.020 -0.020  0.002  0.095  0.085 -0.007
        3  0.99913  -0.099  1.000  0.938  0.508  0.956 -0.992 -0.988 -0.925
        4  0.99871  -0.020  0.938  1.000  0.538  0.995 -0.966 -0.978 -0.997
       20  0.70544  -0.020  0.508  0.538  1.000  0.520 -0.538 -0.535 -0.542
       21  0.99831   0.002  0.956  0.995  0.520  1.000 -0.977 -0.986 -0.991
       22  0.99846   0.095 -0.992 -0.966 -0.538 -0.977  1.000  0.995  0.956
       23  0.99936   0.085 -0.988 -0.978 -0.535 -0.986  0.995  1.000  0.970
       24  0.99864  -0.007 -0.925 -0.997 -0.542 -0.991  0.956  0.970  1.000
MINUIT - FIT ONLY 1-CBO + wiggle
 **********
 **   16 **RES 
 **********
                   PARAMETER   16  beta_vw RESTORED TO VARIABLE.
                   PARAMETER   14  alpha_vw RESTORED TO VARIABLE.
                   PARAMETER   13  beta_y RESTORED TO VARIABLE.
                   PARAMETER   11  alpha_y RESTORED TO VARIABLE.
                   PARAMETER   10  beta_2CBO RESTORED TO VARIABLE.
                   PARAMETER    9  alpha_2CBO RESTORED TO VARIABLE.
                   PARAMETER    8  beta_CBO RESTORED TO VARIABLE.
                   PARAMETER    6  alpha_CBO RESTORED TO VARIABLE.
 **********
 **   17 **FIX            8
 **********
 **********
 **   18 **FIX            9
 **********
 **********
 **   19 **FIX           11
 **********
 **********
 **   20 **FIX           12
 **********
 PARAMETER   12  IS CONSTANT.   IGNORED.
 **********
 **   21 **FIX           14
 **********
 **********
 **   22 **FIX           15
 **********
 PARAMETER   15  IS CONSTANT.   IGNORED.
 **********
 **   23 **FIX           16
 **********
 **********
 **   24 **MIGRAD
 **********
 START MIGRAD MINIMIZATION.  STRATEGY  1.  CONVERGENCE WHEN EDM .LT. 1.00e-04
 FCN=24.0944 FROM MIGRAD    STATUS=INITIATE       28 CALLS         711 TOTAL
                     EDM= unknown      STRATEGY= 1      NO ERROR MATRIX       
  EXT PARAMETER               CURRENT GUESS       STEP         FIRST   
  NO.   NAME      VALUE            ERROR          SIZE      DERIVATIVE 
   1  N0           3.21493e+06   5.43172e+02  -1.12647e+00   4.91263e-06
   2  tau          6.44362e+01   constant   
   3  A0           3.70791e-01   2.95053e-03   1.14099e-04   5.99317e+00
   4  phi          4.11578e+00   1.03845e-02   3.53789e-04  -3.83460e-01
   5  R           -5.98416e+01   constant   
   6  alpha_CBO    0.00000e+00   1.00000e-03   1.00000e-03   3.54111e+01
   7  w_CBO        2.32500e+00   constant   
   8  beta_CBO     0.00000e+00     fixed    
   9  alpha_2CBO   0.00000e+00     fixed    
  10  beta_2CBO    0.00000e+00   1.00000e-03   1.00000e-03  -5.59197e+02
  11  alpha_y      0.00000e+00     fixed    
  12  w_y          1.44500e+01   constant   
  13  beta_y       0.00000e+00   1.00000e-03   1.00000e-03   2.48694e+04
  14  alpha_vw     0.00000e+00     fixed    
  15  w_vw         1.29000e+01   constant   
  16  beta_vw      0.00000e+00     fixed    
  17  LM           1.16794e-03   constant   
  18  zeta_y       0.00000e+00   constant   
  19  zeta_vw      0.00000e+00   constant   
  20  T_CBO        9.11948e+01   5.60486e+00   7.40817e-05  -4.82885e-02
  21  alpha_A0    -1.70079e-02   3.16131e-02   1.07183e-03   5.75467e-01
  22  beta_A0     -2.35440e-02   2.75234e-02  -9.92628e-04   9.09816e-01
  23  alpha_phi   -2.00699e-02   3.40603e-02  -1.26526e-03  -2.14133e-01
  24  beta_phi     1.05125e-02   2.98769e-02  -9.64842e-04   5.22013e-01
 MIGRAD MINIMIZATION HAS CONVERGED.
 FCN=14.1253 FROM MIGRAD    STATUS=CONVERGED     297 CALLS         980 TOTAL
                     EDM=5.9176e-06    STRATEGY= 1  ERROR MATRIX UNCERTAINTY   3.5 per cent
  EXT PARAMETER                                   STEP         FIRST   
  NO.   NAME      VALUE            ERROR          SIZE      DERIVATIVE 
   1  N0           3.21445e+06   2.04645e+03   6.14133e+00   1.57486e-06
   2  tau          6.44362e+01   constant   
   3  A0           3.70408e-01   6.47649e-04  -2.40927e-06   4.35324e+00
   4  phi          4.11445e+00   3.56666e-03  -2.83291e-05   3.88534e+00
   5  R           -5.98416e+01   constant   
   6  alpha_CBO   -1.92994e-03   3.66678e-03  -2.99335e-05   4.35746e+00
   7  w_CBO        2.32500e+00   constant   
   8  beta_CBO     0.00000e+00     fixed    
   9  alpha_2CBO   0.00000e+00     fixed    
  10  beta_2CBO    7.86524e-04   1.94016e-03   1.50122e-05  -4.51808e+00
  11  alpha_y      0.00000e+00     fixed    
  12  w_y          1.44500e+01   constant   
  13  beta_y      -7.81837e-04   2.51605e-04   8.83785e-08   4.32740e-01
  14  alpha_vw     0.00000e+00     fixed    
  15  w_vw         1.29000e+01   constant   
  16  beta_vw      0.00000e+00     fixed    
  17  LM           1.16794e-03   constant   
  18  zeta_y       0.00000e+00   constant   
  19  zeta_vw      0.00000e+00   constant   
  20  T_CBO        9.28535e+01   4.75940e+00   6.82235e-05  -3.25450e-02
  21  alpha_A0    -7.08379e-03   2.04143e-02   1.66476e-04   1.51082e+00
  22  beta_A0     -2.21487e-02   5.54008e-03   3.86253e-05   4.27394e-01
  23  alpha_phi   -2.82572e-02   1.58947e-02  -1.32284e-04  -6.26397e-01
  24  beta_phi     1.19122e-02   7.84266e-03   5.27438e-05  -7.49998e-01
 EXTERNAL ERROR MATRIX.    NDIM=  25    NPAR= 11    ERR DEF=1
  4.188e+06 
  8.177e-01  4.194e-07 
 -3.664e+00  6.899e-07  1.272e-05 
 -1.671e+00  1.359e-06  1.232e-05  1.345e-05 
  2.165e+00 -2.827e-07 -6.527e-06 -6.386e-06  3.764e-06 
  8.482e-02  2.216e-08 -4.566e-08  1.335e-09  2.434e-08  6.331e-08 
 -1.993e+03 -1.505e-03 -6.966e-03 -9.041e-03  2.986e-03 -5.202e-05  2.265e+01 
  1.578e+01 -5.719e-06 -7.063e-05 -7.344e-05  3.767e-05  1.140e-07  4.491e-02  4.167e-04 
  7.136e+00 -5.648e-08 -1.541e-05 -1.404e-05  9.677e-06  1.079e-07  5.077e-03  8.723e-05  3.069e-05 
 -9.320e+00  5.171e-06  5.376e-05  5.763e-05 -2.883e-05 -3.719e-08 -3.529e-02 -3.200e-04 -6.665e-05  2.526e-04 
  1.215e+01  5.154e-07 -2.390e-05 -2.030e-05  1.398e-05  1.996e-07  4.999e-03  1.289e-04  3.876e-05 -9.493e-05  6.151e-05 
 PARAMETER  CORRELATION COEFFICIENTS  
       NO.  GLOBAL      1      3      4      6     10     13     20     21     22     23     24
        1  0.97257   1.000  0.617 -0.502 -0.223  0.545  0.165 -0.205  0.378  0.629 -0.287  0.757
        3  0.97149   0.617  1.000  0.299  0.572 -0.225  0.136 -0.488 -0.433 -0.016  0.502  0.101
        4  0.99120  -0.502  0.299  1.000  0.942 -0.943 -0.051 -0.410 -0.970 -0.780  0.948 -0.855
        6  0.99812  -0.223  0.572  0.942  1.000 -0.898  0.001 -0.518 -0.981 -0.691  0.989 -0.706
       10  0.99309   0.545 -0.225 -0.943 -0.898  1.000  0.050  0.323  0.951  0.900 -0.935  0.918
       13  0.18210   0.165  0.136 -0.051  0.001  0.050  1.000 -0.043  0.022  0.077 -0.009  0.101
       20  0.75054  -0.205 -0.488 -0.410 -0.518  0.323 -0.043  1.000  0.462  0.193 -0.466  0.134
       21  0.99635   0.378 -0.433 -0.970 -0.981  0.951  0.022  0.462  1.000  0.771 -0.986  0.805
       22  0.95242   0.629 -0.016 -0.780 -0.691  0.900  0.077  0.193  0.771  1.000 -0.757  0.892
       23  0.99613  -0.287  0.502  0.948  0.989 -0.935 -0.009 -0.466 -0.986 -0.757  1.000 -0.762
       24  0.97660   0.757  0.101 -0.855 -0.706  0.918  0.101  0.134  0.805  0.892 -0.762  1.000
MINUIT - FIT ONLY 2-CBO
 **********
 **   25 **RES 
 **********
                   PARAMETER   16  beta_vw RESTORED TO VARIABLE.
                   PARAMETER   14  alpha_vw RESTORED TO VARIABLE.
                   PARAMETER   11  alpha_y RESTORED TO VARIABLE.
                   PARAMETER    9  alpha_2CBO RESTORED TO VARIABLE.
                   PARAMETER    8  beta_CBO RESTORED TO VARIABLE.
 **********
 **   26 **FIX            0
 **********
 PARAMETER    0  IS UNDEFINED. IGNORED.
 **********
 **   27 **FIX            1
 **********
 **********
 **   28 **FIX            2
 **********
 PARAMETER    2  IS CONSTANT.   IGNORED.
 **********
 **   29 **FIX            3
 **********
 **********
 **   30 **FIX            4
 **********
 **********
 **   31 **FIX            5
 **********
 PARAMETER    5  IS CONSTANT.   IGNORED.
 **********
 **   32 **FIX            6
 **********
 **********
 **   33 **FIX            7
 **********
 PARAMETER    7  IS CONSTANT.   IGNORED.
 **********
 **   34 **FIX           10
 **********
 **********
 **   35 **FIX           11
 **********
 **********
 **   36 **FIX           12
 **********
 PARAMETER   12  IS CONSTANT.   IGNORED.
 **********
 **   37 **FIX           13
 **********
 **********
 **   38 **FIX           14
 **********
 **********
 **   39 **FIX           15
 **********
 PARAMETER   15  IS CONSTANT.   IGNORED.
 **********
 **   40 **FIX           16
 **********
 **********
 **   41 **MIGRAD
 **********
 START MIGRAD MINIMIZATION.  STRATEGY  1.  CONVERGENCE WHEN EDM .LT. 1.00e-04
 FCN=14.1253 FROM MIGRAD    STATUS=INITIATE       18 CALLS         998 TOTAL
                     EDM= unknown      STRATEGY= 1      NO ERROR MATRIX       
  EXT PARAMETER               CURRENT GUESS       STEP         FIRST   
  NO.   NAME      VALUE            ERROR          SIZE      DERIVATIVE 
   1  N0           3.21445e+06     fixed    
   2  tau          6.44362e+01   constant   
   3  A0           3.70408e-01     fixed    
   4  phi          4.11445e+00     fixed    
   5  R           -5.98416e+01   constant   
   6  alpha_CBO   -1.92994e-03     fixed    
   7  w_CBO        2.32500e+00   constant   
   8  beta_CBO     0.00000e+00   1.00000e-03   1.00000e-03  -1.16222e+01
   9  alpha_2CBO   0.00000e+00   1.00000e-03   1.00000e-03  -4.96093e+02
  10  beta_2CBO    7.86524e-04     fixed    
  11  alpha_y      0.00000e+00     fixed    
  12  w_y          1.44500e+01   constant   
  13  beta_y      -7.81837e-04     fixed    
  14  alpha_vw     0.00000e+00     fixed    
  15  w_vw         1.29000e+01   constant   
  16  beta_vw      0.00000e+00     fixed    
  17  LM           1.16794e-03   constant   
  18  zeta_y       0.00000e+00   constant   
  19  zeta_vw      0.00000e+00   constant   
  20  T_CBO        9.28535e+01   4.75940e+00   6.82235e-05  -3.25441e-02
  21  alpha_A0    -7.08379e-03   2.04143e-02   1.66476e-04   1.51082e+00
  22  beta_A0     -2.21487e-02   5.54008e-03   3.86253e-05   4.27394e-01
  23  alpha_phi   -2.82572e-02   1.58947e-02  -1.32284e-04  -6.26397e-01
  24  beta_phi     1.19122e-02   7.84266e-03   5.27438e-05  -7.49998e-01
 MIGRAD MINIMIZATION HAS CONVERGED.
 MIGRAD WILL VERIFY CONVERGENCE AND ERROR MATRIX.
 COVARIANCE MATRIX CALCULATED SUCCESSFULLY
 FCN=14.0536 FROM MIGRAD    STATUS=CONVERGED     165 CALLS        1145 TOTAL
                     EDM=1.60726e-05    STRATEGY= 1      ERROR MATRIX ACCURATE 
  EXT PARAMETER                                   STEP         FIRST   
  NO.   NAME      VALUE            ERROR          SIZE      DERIVATIVE 
   1  N0           3.21445e+06     fixed    
   2  tau          6.44362e+01   constant   
   3  A0           3.70408e-01     fixed    
   4  phi          4.11445e+00     fixed    
   5  R           -5.98416e+01   constant   
   6  alpha_CBO   -1.92994e-03     fixed    
   7  w_CBO        2.32500e+00   constant   
   8  beta_CBO     2.50056e-04   1.01883e-03   4.70578e-07   6.23635e+00
   9  alpha_2CBO   2.81024e-04   1.05203e-03   4.68246e-07   2.75323e+00
  10  beta_2CBO    7.86524e-04     fixed    
  11  alpha_y      0.00000e+00     fixed    
  12  w_y          1.44500e+01   constant   
  13  beta_y      -7.81837e-04     fixed    
  14  alpha_vw     0.00000e+00     fixed    
  15  w_vw         1.29000e+01   constant   
  16  beta_vw      0.00000e+00     fixed    
  17  LM           1.16794e-03   constant   
  18  zeta_y       0.00000e+00   constant   
  19  zeta_vw      0.00000e+00   constant   
  20  T_CBO        9.32128e+01   7.82601e+02   2.66685e-05   3.11332e-02
  21  alpha_A0    -5.68548e-03   3.89387e-02   3.63155e-06  -6.75131e-01
  22  beta_A0     -2.38987e-02   1.69052e-01   3.54235e-06   1.79424e-01
  23  alpha_phi   -2.71840e-02   1.91557e-01   3.09003e-06  -6.72809e-01
  24  beta_phi     1.34339e-02   9.38242e-02   3.52930e-06  -4.50799e-01
 EXTERNAL ERROR MATRIX.    NDIM=  25    NPAR=  7    ERR DEF=1
  1.038e-06  9.848e-07 -1.021e-01 -4.350e-07 -3.031e-05 -2.318e-05  1.923e-05 
  9.848e-07  1.107e-06 -5.683e-02  2.395e-06 -2.028e-05 -1.108e-05  1.337e-05 
 -1.021e-01 -5.683e-02  5.341e+05  2.816e+01  1.234e+02  1.400e+02 -6.841e+01 
 -4.350e-07  2.395e-06  2.816e+01  1.516e-03  6.473e-03  7.399e-03 -3.577e-03 
 -3.031e-05 -2.028e-05  1.234e+02  6.473e-03  2.858e-02  3.232e-02 -1.585e-02 
 -2.318e-05 -1.108e-05  1.400e+02  7.399e-03  3.232e-02  3.669e-02 -1.790e-02 
  1.923e-05  1.337e-05 -6.841e+01 -3.577e-03 -1.585e-02 -1.790e-02  8.803e-03 
 PARAMETER  CORRELATION COEFFICIENTS  
       NO.  GLOBAL      8      9     20     21     22     23     24
        8  0.96983   1.000  0.919 -0.137 -0.011 -0.176 -0.119  0.201
        9  0.97201   0.919  1.000 -0.074  0.058 -0.114 -0.055  0.135
       20  0.99998  -0.137 -0.074  1.000  0.990  0.999  1.000 -0.998
       21  0.99879  -0.011  0.058  0.990  1.000  0.983  0.992 -0.979
       22  0.99994  -0.176 -0.114  0.999  0.983  1.000  0.998 -0.999
       23  0.99996  -0.119 -0.055  1.000  0.992  0.998  1.000 -0.996
       24  0.99980   0.201  0.135 -0.998 -0.979 -0.999 -0.996  1.000
MINUIT - FIT wiggle + 1-CBO + 2-CBO
 **********
 **   42 **RES 
 **********
                   PARAMETER   16  beta_vw RESTORED TO VARIABLE.
                   PARAMETER   14  alpha_vw RESTORED TO VARIABLE.
                   PARAMETER   13  beta_y RESTORED TO VARIABLE.
                   PARAMETER   11  alpha_y RESTORED TO VARIABLE.
                   PARAMETER   10  beta_2CBO RESTORED TO VARIABLE.
                   PARAMETER    6  alpha_CBO RESTORED TO VARIABLE.
                   PARAMETER    4  phi RESTORED TO VARIABLE.
                   PARAMETER    3  A0 RESTORED TO VARIABLE.
                   PARAMETER    1  N0 RESTORED TO VARIABLE.
 **********
 **   43 **FIX           10
 **********
 **********
 **   44 **FIX           11
 **********
 **********
 **   45 **FIX           12
 **********
 PARAMETER   12  IS CONSTANT.   IGNORED.
 **********
 **   46 **FIX           13
 **********
 **********
 **   47 **FIX           14
 **********
 **********
 **   48 **FIX           15
 **********
 PARAMETER   15  IS CONSTANT.   IGNORED.
 **********
 **   49 **FIX           16
 **********
 **********
 **   50 **MIGRAD
 **********
 START MIGRAD MINIMIZATION.  STRATEGY  1.  CONVERGENCE WHEN EDM .LT. 1.00e-04
 FCN=14.0536 FROM MIGRAD    STATUS=INITIATE       22 CALLS        1167 TOTAL
                     EDM= unknown      STRATEGY= 1      NO ERROR MATRIX       
  EXT PARAMETER               CURRENT GUESS       STEP         FIRST   
  NO.   NAME      VALUE            ERROR          SIZE      DERIVATIVE 
   1  N0           3.21445e+06   2.04645e+03   2.04645e+03   2.85976e-05
   2  tau          6.44362e+01   constant   
   3  A0           3.70408e-01   6.47649e-04   6.47649e-04   1.10218e+02
   4  phi          4.11445e+00   3.56666e-03   3.56666e-03   2.75806e+01
   5  R           -5.98416e+01   constant   
   6  alpha_CBO   -1.92994e-03   3.66678e-03   3.66678e-03  -3.80769e+02
   7  w_CBO        2.32500e+00   constant   
   8  beta_CBO     2.50056e-04   1.01883e-03   4.70578e-07   6.23635e+00
   9  alpha_2CBO   2.81024e-04   1.05203e-03   4.68246e-07   2.75323e+00
  10  beta_2CBO    7.86524e-04     fixed    
  11  alpha_y      0.00000e+00     fixed    
  12  w_y          1.44500e+01   constant   
  13  beta_y      -7.81837e-04     fixed    
  14  alpha_vw     0.00000e+00     fixed    
  15  w_vw         1.29000e+01   constant   
  16  beta_vw      0.00000e+00     fixed    
  17  LM           1.16794e-03   constant   
  18  zeta_y       0.00000e+00   constant   
  19  zeta_vw      0.00000e+00   constant   
  20  T_CBO        9.32128e+01   7.82601e+02   2.66685e-05   3.11239e-02
  21  alpha_A0    -5.68548e-03   3.89387e-02   3.63155e-06  -6.75115e-01
  22  beta_A0     -2.38987e-02   1.69052e-01   3.54235e-06   1.79419e-01
  23  alpha_phi   -2.71840e-02   1.91557e-01   3.09003e-06  -6.72809e-01
  24  beta_phi     1.34339e-02   9.38242e-02   3.52930e-06  -4.50799e-01
 MIGRAD MINIMIZATION HAS CONVERGED.
 FCN=12.8436 FROM MIGRAD    STATUS=CONVERGED     741 CALLS        1886 TOTAL
                     EDM=1.03984e-06    STRATEGY= 1  ERROR MATRIX UNCERTAINTY   1.4 per cent
  EXT PARAMETER                                   STEP         FIRST   
  NO.   NAME      VALUE            ERROR          SIZE      DERIVATIVE 
   1  N0           3.20032e+06   2.81402e+04  -1.15056e+01  -4.32244e-07
   2  tau          6.44362e+01   constant   
   3  A0           3.68309e-01   5.34299e-03  -3.58758e-06   1.42147e+00
   4  phi          4.12362e+00   1.00311e-02  -6.64896e-06  -5.53320e-01
   5  R           -5.98416e+01   constant   
   6  alpha_CBO    2.94891e-03   5.31696e-03  -1.32316e-05   2.00736e+00
   7  w_CBO        2.32500e+00   constant   
   8  beta_CBO     8.71479e-03   8.79402e-03  -5.09695e-06   2.69417e+00
   9  alpha_2CBO   4.12100e-03   3.29873e-03  -5.97287e-06   2.78628e+00
  10  beta_2CBO    7.86524e-04     fixed    
  11  alpha_y      0.00000e+00     fixed    
  12  w_y          1.44500e+01   constant   
  13  beta_y      -7.81837e-04     fixed    
  14  alpha_vw     0.00000e+00     fixed    
  15  w_vw         1.29000e+01   constant   
  16  beta_vw      0.00000e+00     fixed    
  17  LM           1.16794e-03   constant   
  18  zeta_y       0.00000e+00   constant   
  19  zeta_vw      0.00000e+00   constant   
  20  T_CBO        1.06603e+02   4.38500e+01   1.59658e-04  -9.20024e-02
  21  alpha_A0    -2.66695e-02   2.36231e-02   2.07346e-05   1.13132e-01
  22  beta_A0     -4.81797e-02   1.91225e-02   2.97523e-05   6.05839e-01
  23  alpha_phi    6.19310e-03   3.11147e-02  -7.53358e-05  -5.80169e-01
  24  beta_phi     5.63030e-02   3.37357e-02  -5.68419e-05  -6.43771e-02
 EXTERNAL ERROR MATRIX.    NDIM=  25    NPAR= 11    ERR DEF=1
  7.919e+08 
  1.497e+02  2.855e-05 
 -2.564e+02 -4.653e-05  1.006e-04 
  4.081e+01  1.010e-05  8.073e-06  2.827e-05 
 -2.202e+02 -3.983e-05  8.746e-05  8.724e-06  7.733e-05 
 -1.192e+01 -7.944e-07  1.672e-05  1.550e-05  1.631e-05  1.088e-05 
 -1.203e+06 -2.319e-01  3.478e-01 -1.125e-01  2.968e-01 -1.193e-02  1.936e+03 
  5.851e+02  1.057e-04 -2.339e-04 -2.349e-05 -2.011e-04 -3.873e-05 -7.800e-01  5.581e-04 
  2.288e+02  3.553e-05 -1.418e-04 -7.306e-05 -1.322e-04 -5.971e-05 -1.876e-01  3.264e-04  3.657e-04 
  1.632e+02  4.490e-05  7.275e-05  1.638e-04  7.616e-05  9.587e-05 -5.442e-01 -1.880e-04 -4.709e-04  9.681e-04 
 -4.551e+02 -7.249e-05  2.672e-04  1.256e-04  2.449e-04  1.028e-04  4.085e-01 -6.247e-04 -6.369e-04  8.065e-04  1.138e-03 
 PARAMETER  CORRELATION COEFFICIENTS  
       NO.  GLOBAL      1      3      4      6      8      9     20     21     22     23     24
        1  0.99984   1.000  0.996 -0.908  0.273 -0.890 -0.128 -0.971  0.880  0.425  0.186 -0.479
        3  0.99964   0.996  1.000 -0.868  0.356 -0.848 -0.045 -0.986  0.837  0.348  0.270 -0.402
        4  0.99907  -0.908 -0.868  1.000  0.151  0.992  0.505  0.788 -0.987 -0.739  0.233  0.790
        6  0.99924   0.273  0.356  0.151  1.000  0.187  0.884 -0.481 -0.187 -0.719  0.990  0.700
        8  0.99962  -0.890 -0.848  0.992  0.187  1.000  0.562  0.767 -0.968 -0.786  0.278  0.825
        9  0.99734  -0.128 -0.045  0.505  0.884  0.562  1.000 -0.082 -0.497 -0.947  0.934  0.923
       20  0.99830  -0.971 -0.986  0.788 -0.481  0.767 -0.082  1.000 -0.750 -0.223 -0.398  0.275
       21  0.99765   0.880  0.837 -0.987 -0.187 -0.968 -0.497 -0.750  1.000  0.723 -0.256 -0.784
       22  0.99681   0.425  0.348 -0.739 -0.719 -0.786 -0.947 -0.223  0.723  1.000 -0.791 -0.987
       23  0.99908   0.186  0.270  0.233  0.990  0.278  0.934 -0.398 -0.256 -0.791  1.000  0.768
       24  0.99890  -0.479 -0.402  0.790  0.700  0.825  0.923  0.275 -0.784 -0.987  0.768  1.000
MINUIT - FIT ONLY 1-y
 **********
 **   51 **RES 
 **********
                   PARAMETER   16  beta_vw RESTORED TO VARIABLE.
                   PARAMETER   14  alpha_vw RESTORED TO VARIABLE.
                   PARAMETER   13  beta_y RESTORED TO VARIABLE.
                   PARAMETER   11  alpha_y RESTORED TO VARIABLE.
                   PARAMETER   10  beta_2CBO RESTORED TO VARIABLE.
 **********
 **   52 **FIX            0
 **********
 PARAMETER    0  IS UNDEFINED. IGNORED.
 **********
 **   53 **FIX            1
 **********
 **********
 **   54 **FIX            2
 **********
 PARAMETER    2  IS CONSTANT.   IGNORED.
 **********
 **   55 **FIX            3
 **********
 **********
 **   56 **FIX            4
 **********
 **********
 **   57 **FIX            5
 **********
 PARAMETER    5  IS CONSTANT.   IGNORED.
 **********
 **   58 **FIX            6
 **********
 **********
 **   59 **FIX            7
 **********
 PARAMETER    7  IS CONSTANT.   IGNORED.
 **********
 **   60 **FIX            8
 **********
 **********
 **   61 **FIX            9
 **********
 **********
 **   62 **FIX           13
 **********
 **********
 **   63 **FIX           14
 **********
 **********
 **   64 **FIX           15
 **********
 PARAMETER   15  IS CONSTANT.   IGNORED.
 **********
 **   65 **FIX           16
 **********
 **********
 **   66 **MIGRAD
 **********
 START MIGRAD MINIMIZATION.  STRATEGY  1.  CONVERGENCE WHEN EDM .LT. 1.00e-04
 FCN=12.8436 FROM MIGRAD    STATUS=INITIATE       16 CALLS        1902 TOTAL
                     EDM= unknown      STRATEGY= 1      NO ERROR MATRIX       
  EXT PARAMETER               CURRENT GUESS       STEP         FIRST   
  NO.   NAME      VALUE            ERROR          SIZE      DERIVATIVE 
   1  N0           3.20032e+06     fixed    
   2  tau          6.44362e+01   constant   
   3  A0           3.68309e-01     fixed    
   4  phi          4.12362e+00     fixed    
   5  R           -5.98416e+01   constant   
   6  alpha_CBO    2.94891e-03     fixed    
   7  w_CBO        2.32500e+00   constant   
   8  beta_CBO     8.71479e-03     fixed    
   9  alpha_2CBO   4.12100e-03     fixed    
  10  beta_2CBO    7.86524e-04   1.94016e-03   1.94016e-03   3.38320e+01
  11  alpha_y      0.00000e+00   1.00000e-03   1.00000e-03   1.66416e+04
  12  w_y          1.44500e+01   constant   
  13  beta_y      -7.81837e-04     fixed    
  14  alpha_vw     0.00000e+00     fixed    
  15  w_vw         1.29000e+01   constant   
  16  beta_vw      0.00000e+00     fixed    
  17  LM           1.16794e-03   constant   
  18  zeta_y       0.00000e+00   constant   
  19  zeta_vw      0.00000e+00   constant   
  20  T_CBO        1.06603e+02   4.38500e+01   1.59658e-04  -9.20023e-02
  21  alpha_A0    -2.66695e-02   2.36231e-02   2.07346e-05   1.13134e-01
  22  beta_A0     -4.81797e-02   1.91225e-02   2.97523e-05   6.05842e-01
  23  alpha_phi    6.19310e-03   3.11147e-02  -7.53358e-05  -5.80169e-01
  24  beta_phi     5.63030e-02   3.37357e-02  -5.68419e-05  -6.43768e-02
 MIGRAD MINIMIZATION HAS CONVERGED.
 MIGRAD WILL VERIFY CONVERGENCE AND ERROR MATRIX.
 FCN=8.88724 FROM MIGRAD    STATUS=CONVERGED     161 CALLS        2047 TOTAL
                     EDM=7.499e-06    STRATEGY= 1      ERR MATRIX NOT POS-DEF
  EXT PARAMETER                APPROXIMATE        STEP         FIRST   
  NO.   NAME      VALUE            ERROR          SIZE      DERIVATIVE 
   1  N0           3.20032e+06     fixed    
   2  tau          6.44362e+01   constant   
   3  A0           3.68309e-01     fixed    
   4  phi          4.12362e+00     fixed    
   5  R           -5.98416e+01   constant   
   6  alpha_CBO    2.94891e-03     fixed    
   7  w_CBO        2.32500e+00   constant   
   8  beta_CBO     8.71479e-03     fixed    
   9  alpha_2CBO   4.12100e-03     fixed    
  10  beta_2CBO    5.89243e-04   5.08052e-04   3.55655e-07   3.81900e+00
  11  alpha_y     -4.75028e-04   2.38398e-04   3.55298e-07   5.42323e-01
  12  w_y          1.44500e+01   constant   
  13  beta_y      -7.81837e-04     fixed    
  14  alpha_vw     0.00000e+00     fixed    
  15  w_vw         1.29000e+01   constant   
  16  beta_vw      0.00000e+00     fixed    
  17  LM           1.16794e-03   constant   
  18  zeta_y       0.00000e+00   constant   
  19  zeta_vw      0.00000e+00   constant   
  20  T_CBO        1.06687e+02   4.20426e+01   1.39035e-05   2.20833e-02
  21  alpha_A0    -2.66409e-02   8.34981e-03   2.67424e-06  -6.17397e-02
  22  beta_A0     -4.95748e-02   1.56304e-02   2.57999e-06  -3.68619e-01
  23  alpha_phi    6.48821e-03   2.63332e-03   2.25303e-06   2.22731e-01
  24  beta_phi     5.50942e-02   1.70557e-02   2.62004e-06  -4.30635e-01
 EXTERNAL ERROR MATRIX.    NDIM=  25    NPAR=  7    ERR DEF=1
  2.581e-07  2.252e-08  6.046e-04  3.878e-07  1.428e-06 -4.396e-07  8.408e-07 
  2.252e-08  5.683e-08 -2.147e-06 -3.023e-09  1.640e-07 -3.379e-08  1.366e-07 
  6.046e-04 -2.147e-06  1.779e+03  3.420e-01  6.472e-01 -8.251e-02 -7.097e-01 
  3.878e-07 -3.023e-09  3.420e-01  6.972e-05  1.248e-04 -1.719e-05 -1.361e-04 
  1.428e-06  1.640e-07  6.472e-01  1.248e-04  2.443e-04 -3.192e-05 -2.526e-04 
 -4.396e-07 -3.379e-08 -8.251e-02 -1.719e-05 -3.192e-05  6.934e-06  3.181e-05 
  8.408e-07  1.366e-07 -7.097e-01 -1.361e-04 -2.526e-04  3.181e-05  2.909e-04 
ERR MATRIX NOT POS-DEF
 PARAMETER  CORRELATION COEFFICIENTS  
       NO.  GLOBAL     10     11     20     21     22     23     24
       10  0.89028   1.000  0.186  0.028  0.091  0.180 -0.329  0.097
       11  0.24481   0.186  1.000 -0.000 -0.002  0.044 -0.054  0.034
       20  0.99780   0.028 -0.000  1.000  0.971  0.982 -0.743 -0.987
       21  0.97807   0.091 -0.002  0.971  1.000  0.956 -0.782 -0.955
       22  0.99422   0.180  0.044  0.982  0.956  1.000 -0.776 -0.948
       23  0.83097  -0.329 -0.054 -0.743 -0.782 -0.776  1.000  0.708
       24  0.99500   0.097  0.034 -0.987 -0.955 -0.948  0.708  1.000
 ERR MATRIX NOT POS-DEF
MINUIT - FIT ONLY 2-y
 **********
 **   67 **RES 
 **********
                   PARAMETER   16  beta_vw RESTORED TO VARIABLE.
                   PARAMETER   14  alpha_vw RESTORED TO VARIABLE.
                   PARAMETER   13  beta_y RESTORED TO VARIABLE.
                   PARAMETER    9  alpha_2CBO RESTORED TO VARIABLE.
                   PARAMETER    8  beta_CBO RESTORED TO VARIABLE.
                   PARAMETER    6  alpha_CBO RESTORED TO VARIABLE.
                   PARAMETER    4  phi RESTORED TO VARIABLE.
                   PARAMETER    3  A0 RESTORED TO VARIABLE.
                   PARAMETER    1  N0 RESTORED TO VARIABLE.
 **********
 **   68 **FIX            0
 **********
 PARAMETER    0  IS UNDEFINED. IGNORED.
 **********
 **   69 **FIX            1
 **********
 **********
 **   70 **FIX            2
 **********
 PARAMETER    2  IS CONSTANT.   IGNORED.
 **********
 **   71 **FIX            3
 **********
 **********
 **   72 **FIX            4
 **********
 **********
 **   73 **FIX            5
 **********
 PARAMETER    5  IS CONSTANT.   IGNORED.
 **********
 **   74 **FIX            6
 **********
 **********
 **   75 **FIX            7
 **********
 PARAMETER    7  IS CONSTANT.   IGNORED.
 **********
 **   76 **FIX            8
 **********
 **********
 **   77 **FIX            9
 **********
 **********
 **   78 **FIX           10
 **********
 **********
 **   79 **FIX           11
 **********
 **********
 **   80 **FIX           12
 **********
 PARAMETER   12  IS CONSTANT.   IGNORED.
 **********
 **   81 **FIX           16
 **********
 **********
 **   82 **MIGRAD
 **********
 START MIGRAD MINIMIZATION.  STRATEGY  1.  CONVERGENCE WHEN EDM .LT. 1.00e-04
 FCN=8.88724 FROM MIGRAD    STATUS=INITIATE       16 CALLS        2063 TOTAL
                     EDM= unknown      STRATEGY= 1      NO ERROR MATRIX       
  EXT PARAMETER               CURRENT GUESS       STEP         FIRST   
  NO.   NAME      VALUE            ERROR          SIZE      DERIVATIVE 
   1  N0           3.20032e+06     fixed    
   2  tau          6.44362e+01   constant   
   3  A0           3.68309e-01     fixed    
   4  phi          4.12362e+00     fixed    
   5  R           -5.98416e+01   constant   
   6  alpha_CBO    2.94891e-03     fixed    
   7  w_CBO        2.32500e+00   constant   
   8  beta_CBO     8.71479e-03     fixed    
   9  alpha_2CBO   4.12100e-03     fixed    
  10  beta_2CBO    5.89243e-04     fixed    
  11  alpha_y     -4.75028e-04     fixed    
  12  w_y          1.44500e+01   constant   
  13  beta_y      -7.81837e-04   2.51605e-04   2.51605e-04  -9.67904e+02
  14  alpha_vw     0.00000e+00   1.00000e-03   1.00000e-03  -1.54325e+04
  15  w_vw         1.29000e+01   constant   
  16  beta_vw      0.00000e+00     fixed    
  17  LM           1.16794e-03   constant   
  18  zeta_y       0.00000e+00   constant   
  19  zeta_vw      0.00000e+00   constant   
  20  T_CBO        1.06687e+02   4.20426e+01   1.39035e-05   2.20746e-02
  21  alpha_A0    -2.66409e-02   8.34981e-03   2.67424e-06  -6.17395e-02
  22  beta_A0     -4.95748e-02   1.56304e-02   2.57999e-06  -3.68616e-01
  23  alpha_phi    6.48821e-03   2.63332e-03   2.25303e-06   2.22733e-01
  24  beta_phi     5.50942e-02   1.70557e-02   2.62004e-06  -4.30634e-01
 MIGRAD MINIMIZATION HAS CONVERGED.
 MIGRAD WILL VERIFY CONVERGENCE AND ERROR MATRIX.
 FCN=5.11774 FROM MIGRAD    STATUS=CONVERGED     145 CALLS        2192 TOTAL
                     EDM=9.46971e-05    STRATEGY= 1      ERR MATRIX NOT POS-DEF
  EXT PARAMETER                APPROXIMATE        STEP         FIRST   
  NO.   NAME      VALUE            ERROR          SIZE      DERIVATIVE 
   1  N0           3.20032e+06     fixed    
   2  tau          6.44362e+01   constant   
   3  A0           3.68309e-01     fixed    
   4  phi          4.12362e+00     fixed    
   5  R           -5.98416e+01   constant   
   6  alpha_CBO    2.94891e-03     fixed    
   7  w_CBO        2.32500e+00   constant   
   8  beta_CBO     8.71479e-03     fixed    
   9  alpha_2CBO   4.12100e-03     fixed    
  10  beta_2CBO    5.89243e-04     fixed    
  11  alpha_y     -4.75028e-04     fixed    
  12  w_y          1.44500e+01   constant   
  13  beta_y      -7.70278e-04   2.47727e-04   2.98797e-07   3.42473e+00
  14  alpha_vw     4.87769e-04   2.51404e-04   2.98992e-07  -6.18230e-02
  15  w_vw         1.29000e+01   constant   
  16  beta_vw      0.00000e+00     fixed    
  17  LM           1.16794e-03   constant   
  18  zeta_y       0.00000e+00   constant   
  19  zeta_vw      0.00000e+00   constant   
  20  T_CBO        1.06697e+02   4.25257e+01   1.09514e-05   5.28111e-02
  21  alpha_A0    -2.68823e-02   8.47961e-03   2.10264e-06   1.99774e-01
  22  beta_A0     -4.90476e-02   1.53929e-02   2.02853e-06   2.52139e-01
  23  alpha_phi    6.48425e-03   2.50427e-03   1.77119e-06  -1.63309e-01
  24  beta_phi     5.54887e-02   1.72968e-02   2.05950e-06  -3.47617e-02
 EXTERNAL ERROR MATRIX.    NDIM=  25    NPAR=  7    ERR DEF=1
  6.137e-08 -2.369e-09  2.306e-05 -1.263e-08  2.165e-08 -3.948e-09  4.898e-09 
 -2.369e-09  6.320e-08 -2.824e-05 -3.560e-08  5.645e-08  1.081e-09  6.167e-08 
  2.306e-05 -2.824e-05  1.820e+03  3.524e-01  6.523e-01 -8.339e-02 -7.339e-01 
 -1.263e-08 -3.560e-08  3.524e-01  7.190e-05  1.253e-04 -1.704e-05 -1.428e-04 
  2.165e-08  5.645e-08  6.523e-01  1.253e-04  2.369e-04 -2.986e-05 -2.625e-04 
 -3.948e-09  1.081e-09 -8.339e-02 -1.704e-05 -2.986e-05  6.271e-06  3.424e-05 
  4.898e-09  6.167e-08 -7.339e-01 -1.428e-04 -2.625e-04  3.424e-05  2.992e-04 
ERR MATRIX NOT POS-DEF
 PARAMETER  CORRELATION COEFFICIENTS  
       NO.  GLOBAL     13     14     20     21     22     23     24
       13  0.06968   1.000 -0.038  0.002 -0.006  0.006 -0.006  0.001
       14  0.18023  -0.038  1.000 -0.003 -0.017  0.015  0.002  0.014
       20  0.99785   0.002 -0.003  1.000  0.974  0.993 -0.781 -0.995
       21  0.97875  -0.006 -0.017  0.974  1.000  0.960 -0.802 -0.974
       22  0.99404   0.006  0.015  0.993  0.960  1.000 -0.775 -0.986
       23  0.81108  -0.006  0.002 -0.781 -0.802 -0.775  1.000  0.791
       24  0.99514   0.001  0.014 -0.995 -0.974 -0.986  0.791  1.000
 ERR MATRIX NOT POS-DEF
MINUIT - FIT ALTOGETHER
 **********
 **   83 **RES 
 **********
                   PARAMETER   16  beta_vw RESTORED TO VARIABLE.
