 + ++++++++++++++++++++++++++++++++++++++++++++++++++++++++++++++++++++ +
 +                                                                      +
 +           You have chose to blind your fitting according to          +
 +                omega_ref * (1 + (R +/- deltaR) *10^{-6})             +
 +                                                                      +
 + ++++++++++++++++++++++++++++++++++++++++++++++++++++++++++++++++++++ +
In main()...
reading format from /gm2data/zkhechad/run45/envelope/formats/formatB_sBin_constraintOn.txt
pBinTau 	= 0  
pBinPhi 	= 0  
constraintau 	= 1 
includeMopTerm 	= 0    
constrainMop    = 0   
Parameters after format file: pBinTau 0 pBinPhi 0 constraintau 1 includeMopTerm 0 constrainMop 0 c_e_scale 0.000000 
Opening file /gm2data/tbarrett/gm2fr/studies/run23_bunch_corrections/CorrectedFourier_Run3b.root.
reading reference data from /gm2data/zkhechad/cboTemplates/Run4CBOTemplates/templateFits0/noRF/sBin_constraintOn_cE0.0_seed0_noRF_calo13.root (fixing 5-param to these terms)
windowBins = 34
fitting sliding window 0 from bin 136 at 20.142000 to bin 170 at 25.364000 (34 bins)

Reading data from /gm2data/cornell/histograms/aMethod/histogram_a_noRF.root
 **********
 **    1 **SET PRINTOUT            1
 **********
 **********
 **    2 **SET NOWARNINGS 
 **********
 PARAMETER DEFINITIONS:
    NO.   NAME         VALUE      STEP SIZE      LIMITS
     1 N0           3.45119e+06  1.00000e+02     no limits
     2 tau          6.43899e+01  constant
     3 A0           3.52699e-01  1.00000e-04     no limits
     4 phi          4.13060e+00  1.00000e-02     no limits
     5 R           -6.10157e+01  constant
     6 alpha_CBO    0.00000e+00  1.00000e-03     no limits
     7 w_CBO        2.32643e+00  constant
     8 beta_CBO     0.00000e+00  1.00000e-03     no limits
     9 alpha_2CBO   0.00000e+00  1.00000e-03     no limits
    10 beta_2CBO    0.00000e+00  1.00000e-03     no limits
    11 alpha_y      0.00000e+00  1.00000e-03     no limits
    12 w_y          1.38965e+01  constant
    13 beta_y       0.00000e+00  1.00000e-03     no limits
    14 alpha_vw     0.00000e+00  1.00000e-03     no limits
    15 w_vw         1.43195e+01  constant
    16 beta_vw      0.00000e+00  1.00000e-03     no limits
    17 LM          -4.68405e-04  constant
    18 zeta_y       0.00000e+00  constant
    19 zeta_vw      0.00000e+00  constant
    20 T_CBO        1.00000e+02  1.00000e+00    0.00000e+00  1.00000e+03
    21 alpha_A0     0.00000e+00  1.00000e-03     no limits
    22 beta_A0      0.00000e+00  1.00000e-03     no limits
    23 alpha_phi    0.00000e+00  1.00000e-03     no limits
    24 beta_phi     0.00000e+00  1.00000e-03     no limits
    25 alpha_xy     0.00000e+00  1.00000e-03     no limits
    26 w_xy         1.20754e+01  constant
    27 beta_xy      0.00000e+00  1.00000e-03     no limits
MINUIT - FIT ONLY WIGGLE
 **********
 **    3 **FIX            5
 **********
 PARAMETER    5  IS CONSTANT.   IGNORED.
 **********
 **    4 **FIX            6
 **********
 **********
 **    5 **FIX            7
 **********
 PARAMETER    7  IS CONSTANT.   IGNORED.
 **********
 **    6 **FIX            8
 **********
 **********
 **    7 **FIX            9
 **********
 **********
 **    8 **FIX           10
 **********
 **********
 **    9 **FIX           11
 **********
 **********
 **   10 **FIX           12
 **********
 PARAMETER   12  IS CONSTANT.   IGNORED.
 **********
 **   11 **FIX           13
 **********
 **********
 **   12 **FIX           14
 **********
 **********
 **   13 **FIX           15
 **********
 PARAMETER   15  IS CONSTANT.   IGNORED.
 **********
 **   14 **FIX           16
 **********
 **********
 **   15 **MIGRAD
 **********
 FIRST CALL TO USER FUNCTION AT NEW START POINT, WITH IFLAG=4.
 START MIGRAD MINIMIZATION.  STRATEGY  1.  CONVERGENCE WHEN EDM .LT. 1.00e-04
 FCN=17553.1 FROM MIGRAD    STATUS=INITIATE      627 CALLS         628 TOTAL
                     EDM= unknown      STRATEGY= 1      NO ERROR MATRIX       
  EXT PARAMETER               CURRENT GUESS       STEP         FIRST   
  NO.   NAME      VALUE            ERROR          SIZE      DERIVATIVE 
   1  N0           3.45119e+06   1.00000e+02   0.00000e+00  -1.34801e-01
   2  tau          6.43899e+01   constant   
   3  A0           3.52699e-01   1.00000e-04   0.00000e+00  -8.78159e+05
   4  phi          4.13060e+00   1.00000e-02   0.00000e+00   5.78566e+04
   5  R           -6.10157e+01   constant   
   6  alpha_CBO    0.00000e+00     fixed    
   7  w_CBO        2.32643e+00   constant   
   8  beta_CBO     0.00000e+00     fixed    
   9  alpha_2CBO   0.00000e+00     fixed    
  10  beta_2CBO    0.00000e+00     fixed    
  11  alpha_y      0.00000e+00     fixed    
  12  w_y          1.38965e+01   constant   
  13  beta_y       0.00000e+00     fixed    
  14  alpha_vw     0.00000e+00     fixed    
  15  w_vw         1.43195e+01   constant   
  16  beta_vw      0.00000e+00     fixed    
  17  LM          -4.68405e-04   constant   
  18  zeta_y       0.00000e+00   constant   
  19  zeta_vw      0.00000e+00   constant   
  20  T_CBO        1.00000e+02   1.00000e+00   0.00000e+00   0.00000e+00
  21  alpha_A0     0.00000e+00   1.00000e-03   0.00000e+00  -4.12438e+04
  22  beta_A0      0.00000e+00   1.00000e-03   0.00000e+00  -2.73344e+04
  23  alpha_phi    0.00000e+00   1.00000e-03   0.00000e+00   1.25797e+04
  24  beta_phi     0.00000e+00   1.00000e-03   0.00000e+00   3.87622e+04
  25  alpha_xy     0.00000e+00   1.00000e-03   0.00000e+00   8.75971e+04
  26  w_xy         1.20754e+01   constant   
  27  beta_xy      0.00000e+00   1.00000e-03   0.00000e+00   8.56413e+04
 MIGRAD MINIMIZATION HAS CONVERGED.
 FCN=5639.18 FROM MIGRAD    STATUS=CONVERGED     873 CALLS         874 TOTAL
                     EDM=1.58347e-06    STRATEGY= 1  ERROR MATRIX UNCERTAINTY   1.5 per cent
  EXT PARAMETER                                   STEP         FIRST   
  NO.   NAME      VALUE            ERROR          SIZE      DERIVATIVE 
   1  N0           3.38719e+06   6.72164e+02  -1.93858e+00   1.89431e-06
   2  tau          6.43899e+01   constant   
   3  A0           3.94504e-01   3.83291e-04  -1.22415e-06   3.80352e+00
   4  phi          4.13875e+00   4.63225e-04  -2.44600e-06  -4.82224e+00
   5  R           -6.10157e+01   constant   
   6  alpha_CBO    0.00000e+00     fixed    
   7  w_CBO        2.32643e+00   constant   
   8  beta_CBO     0.00000e+00     fixed    
   9  alpha_2CBO   0.00000e+00     fixed    
  10  beta_2CBO    0.00000e+00     fixed    
  11  alpha_y      0.00000e+00     fixed    
  12  w_y          1.38965e+01   constant   
  13  beta_y       0.00000e+00     fixed    
  14  alpha_vw     0.00000e+00     fixed    
  15  w_vw         1.43195e+01   constant   
  16  beta_vw      0.00000e+00     fixed    
  17  LM          -4.68405e-04   constant   
  18  zeta_y       0.00000e+00   constant   
  19  zeta_vw      0.00000e+00   constant   
  20  T_CBO        1.00000e+02   5.20646e+02  -0.00000e+00   0.00000e+00
  21  alpha_A0     7.16875e-02   8.18629e-04  -5.17523e-06  -7.42013e-01
  22  beta_A0     -9.60210e-02   8.78217e-04   3.93767e-06   2.29081e+00
  23  alpha_phi    9.37383e-02   8.27976e-04   2.05126e-06   5.89421e-01
  24  beta_phi     6.76058e-02   7.82879e-04  -6.26973e-06   2.16112e+00
  25  alpha_xy     2.26981e-04   9.98290e-05   4.33234e-07  -5.29991e+00
  26  w_xy         1.20754e+01   constant   
  27  beta_xy      6.87744e-05   9.76424e-05   3.68106e-07  -4.60848e+00
 EXTERNAL ERROR MATRIX.    NDIM=  28    NPAR= 10    ERR DEF=1
  4.518e+05 -2.352e-01 -1.030e-01  0.000e+00 -4.366e-01  5.095e-01 -4.527e-01 -4.117e-01 -6.394e-03 -1.963e-03 
 -2.352e-01  1.469e-07  4.858e-08  0.000e+00  2.453e-07 -3.043e-07  2.742e-07  2.321e-07  2.898e-09  1.110e-09 
 -1.030e-01  4.858e-08  2.146e-07  0.000e+00  2.346e-07 -5.148e-08 -4.881e-09  2.298e-07  3.188e-09 -2.857e-09 
  0.000e+00  0.000e+00  0.000e+00  1.800e+05  0.000e+00  0.000e+00  0.000e+00  0.000e+00  0.000e+00  0.000e+00 
 -4.366e-01  2.453e-07  2.346e-07  0.000e+00  6.702e-07 -4.747e-07  3.876e-07  5.197e-07  8.572e-09 -7.373e-10 
  5.095e-01 -3.043e-07 -5.148e-08  0.000e+00 -4.747e-07  7.713e-07 -5.964e-07 -4.471e-07 -7.016e-09 -4.131e-09 
 -4.527e-01  2.742e-07 -4.881e-09  0.000e+00  3.876e-07 -5.964e-07  6.855e-07  3.644e-07  4.452e-09  4.457e-09 
 -4.117e-01  2.321e-07  2.298e-07  0.000e+00  5.197e-07 -4.471e-07  3.644e-07  6.129e-07  6.422e-09 -1.692e-09 
 -6.394e-03  2.898e-09  3.188e-09  0.000e+00  8.572e-09 -7.016e-09  4.452e-09  6.422e-09  9.966e-09  1.674e-10 
 -1.963e-03  1.110e-09 -2.857e-09  0.000e+00 -7.373e-10 -4.131e-09  4.457e-09 -1.692e-09  1.674e-10  9.534e-09 
 PARAMETER  CORRELATION COEFFICIENTS  
       NO.  GLOBAL      1      3      4     20     21     22     23     24     25     27
        1  0.93713   1.000 -0.913 -0.331  0.000 -0.793  0.863 -0.813 -0.782 -0.095 -0.030
        3  0.96378  -0.913  1.000  0.274  0.000  0.782 -0.904  0.864  0.773  0.076  0.030
        4  0.84057  -0.331  0.274  1.000  0.000  0.619 -0.127 -0.013  0.634  0.069 -0.063
       20  0.00000   0.000  0.000  0.000  1.000  0.000  0.000  0.000  0.000  0.000  0.000
       21  0.89557  -0.793  0.782  0.619  0.000  1.000 -0.660  0.572  0.811  0.105 -0.009
       22  0.92115   0.863 -0.904 -0.127  0.000 -0.660  1.000 -0.820 -0.650 -0.080 -0.048
       23  0.90984  -0.813  0.864 -0.013  0.000  0.572 -0.820  1.000  0.562  0.054  0.055
       24  0.89534  -0.782  0.773  0.634  0.000  0.811 -0.650  0.562  1.000  0.082 -0.022
       25  0.11984  -0.095  0.076  0.069  0.000  0.105 -0.080  0.054  0.082  1.000  0.017
       27  0.09576  -0.030  0.030 -0.063  0.000 -0.009 -0.048  0.055 -0.022  0.017  1.000
MINUIT - FIT ONLY 1-CBO + wiggle
 **********
 **   16 **RES 
 **********
                   PARAMETER   16  beta_vw RESTORED TO VARIABLE.
                   PARAMETER   14  alpha_vw RESTORED TO VARIABLE.
                   PARAMETER   13  beta_y RESTORED TO VARIABLE.
                   PARAMETER   11  alpha_y RESTORED TO VARIABLE.
                   PARAMETER   10  beta_2CBO RESTORED TO VARIABLE.
                   PARAMETER    9  alpha_2CBO RESTORED TO VARIABLE.
                   PARAMETER    8  beta_CBO RESTORED TO VARIABLE.
                   PARAMETER    6  alpha_CBO RESTORED TO VARIABLE.
 **********
 **   17 **FIX            8
 **********
 **********
 **   18 **FIX            9
 **********
 **********
 **   19 **FIX           11
 **********
 **********
 **   20 **FIX           12
 **********
 PARAMETER   12  IS CONSTANT.   IGNORED.
 **********
 **   21 **FIX           14
 **********
 **********
 **   22 **FIX           15
 **********
 PARAMETER   15  IS CONSTANT.   IGNORED.
 **********
 **   23 **FIX           16
 **********
 **********
 **   24 **MIGRAD
 **********
 START MIGRAD MINIMIZATION.  STRATEGY  1.  CONVERGENCE WHEN EDM .LT. 1.00e-04
 FCN=5639.18 FROM MIGRAD    STATUS=INITIATE      957 CALLS        1831 TOTAL
                     EDM= unknown      STRATEGY= 1      NO ERROR MATRIX       
  EXT PARAMETER               CURRENT GUESS       STEP         FIRST   
  NO.   NAME      VALUE            ERROR          SIZE      DERIVATIVE 
   1  N0           3.38719e+06   6.72164e+02   0.00000e+00   1.89430e-06
   2  tau          6.43899e+01   constant   
   3  A0           3.94504e-01   3.83291e-04   0.00000e+00   3.80352e+00
   4  phi          4.13875e+00   4.63225e-04   0.00000e+00  -4.82224e+00
   5  R           -6.10157e+01   constant   
   6  alpha_CBO    0.00000e+00   1.00000e-03   0.00000e+00   9.68796e+04
   7  w_CBO        2.32643e+00   constant   
   8  beta_CBO     0.00000e+00     fixed    
   9  alpha_2CBO   0.00000e+00     fixed    
  10  beta_2CBO    0.00000e+00   1.00000e-03   0.00000e+00   2.41519e+05
  11  alpha_y      0.00000e+00     fixed    
  12  w_y          1.38965e+01   constant   
  13  beta_y       0.00000e+00   1.00000e-03   0.00000e+00   5.37444e+05
  14  alpha_vw     0.00000e+00     fixed    
  15  w_vw         1.43195e+01   constant   
  16  beta_vw      0.00000e+00     fixed    
  17  LM          -4.68405e-04   constant   
  18  zeta_y       0.00000e+00   constant   
  19  zeta_vw      0.00000e+00   constant   
  20  T_CBO        1.00000e+02   5.20646e+02   0.00000e+00   0.00000e+00
  21  alpha_A0     7.16875e-02   8.18629e-04   0.00000e+00  -7.42021e-01
  22  beta_A0     -9.60210e-02   8.78217e-04   0.00000e+00   2.29081e+00
  23  alpha_phi    9.37383e-02   8.27976e-04   0.00000e+00   5.89421e-01
  24  beta_phi     6.76058e-02   7.82879e-04   0.00000e+00   2.16112e+00
  25  alpha_xy     2.26981e-04   9.98290e-05   0.00000e+00  -5.29990e+00
  26  w_xy         1.20754e+01   constant   
  27  beta_xy      6.87744e-05   9.76424e-05   0.00000e+00  -4.60846e+00
 MIGRAD MINIMIZATION HAS CONVERGED.
 FCN=4449.11 FROM MIGRAD    STATUS=CONVERGED    1350 CALLS        2224 TOTAL
                     EDM=1.44921e-07    STRATEGY= 1  ERROR MATRIX UNCERTAINTY   2.0 per cent
  EXT PARAMETER                                   STEP         FIRST   
  NO.   NAME      VALUE            ERROR          SIZE      DERIVATIVE 
   1  N0           3.36499e+06   1.36454e+03  -7.33910e+00   1.36990e-07
   2  tau          6.43899e+01   constant   
   3  A0           4.08919e-01   8.86548e-04   4.41964e-06  -3.22969e-01
   4  phi          4.15893e+00   1.20468e-03   3.70308e-06   1.15964e+00
   5  R           -6.10157e+01   constant   
   6  alpha_CBO   -5.59312e-03   3.21365e-04  -3.91151e-07   1.45426e+00
   7  w_CBO        2.32643e+00   constant   
   8  beta_CBO     0.00000e+00     fixed    
   9  alpha_2CBO   0.00000e+00     fixed    
  10  beta_2CBO   -1.17393e-03   1.12735e-04   3.01567e-07  -2.23293e+00
  11  alpha_y      0.00000e+00     fixed    
  12  w_y          1.38965e+01   constant   
  13  beta_y      -2.89248e-03   1.04227e-04   1.11723e-07  -1.36058e+00
  14  alpha_vw     0.00000e+00     fixed    
  15  w_vw         1.43195e+01   constant   
  16  beta_vw      0.00000e+00     fixed    
  17  LM          -4.68405e-04   constant   
  18  zeta_y       0.00000e+00   constant   
  19  zeta_vw      0.00000e+00   constant   
  20  T_CBO        1.00000e+02   5.20646e+02  -0.00000e+00   0.00000e+00
  21  alpha_A0     1.08720e-01   2.22457e-03   8.21404e-06  -4.55209e-01
  22  beta_A0     -1.15806e-01   1.29957e-03  -6.60327e-06  -4.70094e-01
  23  alpha_phi    1.10425e-01   1.08236e-03   5.90916e-06   1.06536e+00
  24  beta_phi     1.01884e-01   1.95142e-03   8.40466e-06  -3.53947e-01
  25  alpha_xy     7.41108e-04   1.02333e-04  -4.64288e-07   2.13580e-01
  26  w_xy         1.20754e+01   constant   
  27  beta_xy      7.21397e-04   1.02852e-04   3.25566e-07   1.32205e-03
 EXTERNAL ERROR MATRIX.    NDIM=  28    NPAR= 13    ERR DEF=1
 ELEMENTS ABOVE DIAGONAL ARE NOT PRINTED.
  1.862e+06 
 -1.185e+00  7.860e-07 
 -1.434e+00  9.399e-07  1.451e-06 
  3.874e-01 -2.581e-07 -3.598e-07  1.033e-07 
 -1.874e-02  8.260e-09  9.984e-09 -6.810e-10  1.271e-08 
  2.029e-02 -1.176e-08 -1.381e-08  2.959e-09 -1.289e-09  1.086e-08 
  0.000e+00  0.000e+00  0.000e+00  0.000e+00  0.000e+00  0.000e+00  1.800e+05 
 -2.900e+00  1.896e-06  2.540e-06 -6.668e-07  3.319e-08 -3.194e-08  0.000e+00  4.949e-06 
  1.659e+00 -1.083e-06 -1.156e-06  3.265e-07 -2.243e-08  1.920e-08  0.000e+00 -2.512e-06  1.689e-06 
 -1.315e+00  8.637e-07  8.483e-07 -2.542e-07  5.379e-09 -1.323e-08  0.000e+00  1.926e-06 -1.271e-06  1.172e-06 
 -2.527e+00  1.658e-06  2.234e-06 -5.843e-07  1.224e-08 -2.442e-08  0.000e+00  4.214e-06 -2.175e-06  1.682e-06  3.808e-06 
 -2.385e-02  1.404e-08  1.724e-08 -3.839e-09  1.172e-09 -1.834e-09  0.000e+00  3.767e-08 -2.215e-08  1.563e-08  2.951e-08 
 -2.385e-02  1.404e-08  1.724e-08 -3.839e-09  1.172e-09 -1.834e-09  0.000e+00  3.767e-08 -2.215e-08  1.563e-08  2.951e-08  1.047e-08 
  5.368e-03 -4.588e-09 -1.150e-08  2.960e-09  8.304e-10 -3.335e-09  0.000e+00 -1.387e-08  1.489e-09 -1.088e-09 -1.515e-08 
  5.368e-03 -4.588e-09 -1.150e-08  2.960e-09  8.304e-10 -3.335e-09  0.000e+00 -1.387e-08  1.489e-09 -1.088e-09 -1.515e-08  7.753e-10  1.058e-08 
 PARAMETER  CORRELATION COEFFICIENTS  
       NO.  GLOBAL      1      3      4      6     10     13     20     21     22     23     24     25     27
        1  0.98528   1.000 -0.980 -0.872  0.883 -0.122  0.143  0.000 -0.955  0.936 -0.891 -0.949 -0.171  0.038
        3  0.99288  -0.980  1.000  0.880 -0.906  0.083 -0.127  0.000  0.961 -0.940  0.900  0.958  0.155 -0.050
        4  0.98073  -0.872  0.880  1.000 -0.929  0.074 -0.110  0.000  0.948 -0.738  0.651  0.950  0.140 -0.093
        6  0.95217   0.883 -0.906 -0.929  1.000 -0.019  0.088  0.000 -0.933  0.782 -0.731 -0.932 -0.117  0.090
       10  0.46479  -0.122  0.083  0.074 -0.019  1.000 -0.110  0.000  0.132 -0.153  0.044  0.056  0.102  0.072
       13  0.38046   0.143 -0.127 -0.110  0.088 -0.110  1.000  0.000 -0.138  0.142 -0.117 -0.120 -0.172 -0.311
       20  0.00000   0.000  0.000  0.000  0.000  0.000  0.000  1.000  0.000  0.000  0.000  0.000  0.000  0.000
       21  0.98729  -0.955  0.961  0.948 -0.933  0.132 -0.138  0.000  1.000 -0.869  0.800  0.971  0.165 -0.061
       22  0.96595   0.936 -0.940 -0.738  0.782 -0.153  0.142  0.000 -0.869  1.000 -0.904 -0.858 -0.167  0.011
       23  0.95257  -0.891  0.900  0.651 -0.731  0.044 -0.117  0.000  0.800 -0.904  1.000  0.796  0.141 -0.010
       24  0.98533  -0.949  0.958  0.950 -0.932  0.056 -0.120  0.000  0.971 -0.858  0.796  1.000  0.148 -0.075
       25  0.25314  -0.171  0.155  0.140 -0.117  0.102 -0.172  0.000  0.165 -0.167  0.141  0.148  1.000  0.074
       27  0.34618   0.038 -0.050 -0.093  0.090  0.072 -0.311  0.000 -0.061  0.011 -0.010 -0.075  0.074  1.000
MINUIT - FIT ONLY 2-CBO
 **********
 **   25 **RES 
 **********
                   PARAMETER   16  beta_vw RESTORED TO VARIABLE.
                   PARAMETER   14  alpha_vw RESTORED TO VARIABLE.
                   PARAMETER   11  alpha_y RESTORED TO VARIABLE.
                   PARAMETER    9  alpha_2CBO RESTORED TO VARIABLE.
                   PARAMETER    8  beta_CBO RESTORED TO VARIABLE.
 **********
 **   26 **FIX            0
 **********
 PARAMETER    0  IS UNDEFINED. IGNORED.
 **********
 **   27 **FIX            1
 **********
 **********
 **   28 **FIX            2
 **********
 PARAMETER    2  IS CONSTANT.   IGNORED.
 **********
 **   29 **FIX            3
 **********
 **********
 **   30 **FIX            4
 **********
 **********
 **   31 **FIX            5
 **********
 PARAMETER    5  IS CONSTANT.   IGNORED.
 **********
 **   32 **FIX            6
 **********
 **********
 **   33 **FIX            7
 **********
 PARAMETER    7  IS CONSTANT.   IGNORED.
 **********
 **   34 **FIX           10
 **********
 **********
 **   35 **FIX           11
 **********
 **********
 **   36 **FIX           12
 **********
 PARAMETER   12  IS CONSTANT.   IGNORED.
 **********
 **   37 **FIX           13
 **********
 **********
 **   38 **FIX           14
 **********
 **********
 **   39 **FIX           15
 **********
 PARAMETER   15  IS CONSTANT.   IGNORED.
 **********
 **   40 **FIX           16
 **********
 **********
 **   41 **MIGRAD
 **********
 START MIGRAD MINIMIZATION.  STRATEGY  1.  CONVERGENCE WHEN EDM .LT. 1.00e-04
 FCN=4449.11 FROM MIGRAD    STATUS=INITIATE      515 CALLS        2739 TOTAL
                     EDM= unknown      STRATEGY= 1      NO ERROR MATRIX       
  EXT PARAMETER               CURRENT GUESS       STEP         FIRST   
  NO.   NAME      VALUE            ERROR          SIZE      DERIVATIVE 
   1  N0           3.36499e+06     fixed    
   2  tau          6.43899e+01   constant   
   3  A0           4.08919e-01     fixed    
   4  phi          4.15893e+00     fixed    
   5  R           -6.10157e+01   constant   
   6  alpha_CBO   -5.59312e-03     fixed    
   7  w_CBO        2.32643e+00   constant   
   8  beta_CBO     0.00000e+00   1.00000e-03   0.00000e+00   7.29708e+04
   9  alpha_2CBO   0.00000e+00   1.00000e-03   0.00000e+00  -9.45460e+04
  10  beta_2CBO   -1.17393e-03     fixed    
  11  alpha_y      0.00000e+00     fixed    
  12  w_y          1.38965e+01   constant   
  13  beta_y      -2.89248e-03     fixed    
  14  alpha_vw     0.00000e+00     fixed    
  15  w_vw         1.43195e+01   constant   
  16  beta_vw      0.00000e+00     fixed    
  17  LM          -4.68405e-04   constant   
  18  zeta_y       0.00000e+00   constant   
  19  zeta_vw      0.00000e+00   constant   
  20  T_CBO        1.00000e+02   5.20646e+02   0.00000e+00   0.00000e+00
  21  alpha_A0     1.08720e-01   2.22457e-03   0.00000e+00  -4.55205e-01
  22  beta_A0     -1.15806e-01   1.29957e-03   0.00000e+00  -4.70096e-01
  23  alpha_phi    1.10425e-01   1.08236e-03   0.00000e+00   1.06535e+00
  24  beta_phi     1.01884e-01   1.95142e-03   0.00000e+00  -3.53926e-01
  25  alpha_xy     7.41108e-04   1.02333e-04   0.00000e+00   2.13586e-01
  26  w_xy         1.20754e+01   constant   
  27  beta_xy      7.21397e-04   1.02852e-04   0.00000e+00   1.32147e-03
 MIGRAD MINIMIZATION HAS CONVERGED.
 MIGRAD WILL VERIFY CONVERGENCE AND ERROR MATRIX.
  MNHESS FAILS AND WILL RETURN DIAGONAL MATRIX. 
 FCN=4413.6 FROM MIGRAD    STATUS=CONVERGED     621 CALLS        2845 TOTAL
                     EDM=3.72138e-08    STRATEGY= 1  ERROR MATRIX UNCERTAINTY 100.0 per cent
  EXT PARAMETER                APPROXIMATE        STEP         FIRST   
  NO.   NAME      VALUE            ERROR          SIZE      DERIVATIVE 
   1  N0           3.36499e+06     fixed    
   2  tau          6.43899e+01   constant   
   3  A0           4.08919e-01     fixed    
   4  phi          4.15893e+00     fixed    
   5  R           -6.10157e+01   constant   
   6  alpha_CBO   -5.59312e-03     fixed    
   7  w_CBO        2.32643e+00   constant   
   8  beta_CBO    -3.59567e-04   9.64371e-05   3.12867e-06   5.56280e-01
   9  alpha_2CBO   4.73588e-04   9.50109e-05   3.08240e-06  -6.04096e-01
  10  beta_2CBO   -1.17393e-03     fixed    
  11  alpha_y      0.00000e+00     fixed    
  12  w_y          1.38965e+01   constant   
  13  beta_y      -2.89248e-03     fixed    
  14  alpha_vw     0.00000e+00     fixed    
  15  w_vw         1.43195e+01   constant   
  16  beta_vw      0.00000e+00     fixed    
  17  LM          -4.68405e-04   constant   
  18  zeta_y       0.00000e+00   constant   
  19  zeta_vw      0.00000e+00   constant   
  20  T_CBO        1.00000e+02   7.59439e+02  -0.00000e+00   0.00000e+00
  21  alpha_A0     1.08689e-01   3.48100e-04  -1.31540e-06  -3.31901e-01
  22  beta_A0     -1.15851e-01   3.30727e-04  -9.96346e-08   4.40801e-01
  23  alpha_phi    1.10104e-01   3.23521e-04   3.99169e-07  -4.17734e-01
  24  beta_phi     1.02277e-01   3.27193e-04   2.41826e-09  -1.86556e-01
  25  alpha_xy     7.37008e-04   9.79885e-05  -2.47384e-08   2.53946e+00
  26  w_xy         1.20754e+01   constant   
  27  beta_xy      7.35113e-04   9.63289e-05   2.90012e-07  -3.48648e-01
 EXTERNAL ERROR MATRIX.    NDIM=  28    NPAR=  9    ERR DEF=1
  9.300e-09  0.000e+00  0.000e+00  0.000e+00  0.000e+00  0.000e+00  0.000e+00  0.000e+00  0.000e+00 
  0.000e+00  9.027e-09  0.000e+00  0.000e+00  0.000e+00  0.000e+00  0.000e+00  0.000e+00  0.000e+00 
  0.000e+00  0.000e+00  5.421e+05  0.000e+00  0.000e+00  0.000e+00  0.000e+00  0.000e+00  0.000e+00 
  0.000e+00  0.000e+00  0.000e+00  1.212e-07  0.000e+00  0.000e+00  0.000e+00  0.000e+00  0.000e+00 
  0.000e+00  0.000e+00  0.000e+00  0.000e+00  1.094e-07  0.000e+00  0.000e+00  0.000e+00  0.000e+00 
  0.000e+00  0.000e+00  0.000e+00  0.000e+00  0.000e+00  1.047e-07  0.000e+00  0.000e+00  0.000e+00 
  0.000e+00  0.000e+00  0.000e+00  0.000e+00  0.000e+00  0.000e+00  1.071e-07  0.000e+00  0.000e+00 
  0.000e+00  0.000e+00  0.000e+00  0.000e+00  0.000e+00  0.000e+00  0.000e+00  9.602e-09  0.000e+00 
  0.000e+00  0.000e+00  0.000e+00  0.000e+00  0.000e+00  0.000e+00  0.000e+00  0.000e+00  9.279e-09 
ERR MATRIX APPROXIMATE
 PARAMETER  CORRELATION COEFFICIENTS  
       NO.  GLOBAL      8      9     20     21     22     23     24     25     27
        8  0.00000   1.000  0.000  0.000  0.000  0.000  0.000  0.000  0.000  0.000
        9  0.00000   0.000  1.000  0.000  0.000  0.000  0.000  0.000  0.000  0.000
       20  0.00000   0.000  0.000  1.000  0.000  0.000  0.000  0.000  0.000  0.000
       21  0.00000   0.000  0.000  0.000  1.000  0.000  0.000  0.000  0.000  0.000
       22  0.00000   0.000  0.000  0.000  0.000  1.000  0.000  0.000  0.000  0.000
       23  0.00000   0.000  0.000  0.000  0.000  0.000  1.000  0.000  0.000  0.000
       24  0.00000   0.000  0.000  0.000  0.000  0.000  0.000  1.000  0.000  0.000
       25  0.00000   0.000  0.000  0.000  0.000  0.000  0.000  0.000  1.000  0.000
       27  0.00000   0.000  0.000  0.000  0.000  0.000  0.000  0.000  0.000  1.000
 ERR MATRIX APPROXIMATE
MINUIT - FIT wiggle + 1-CBO + 2-CBO
 **********
 **   42 **RES 
 **********
                   PARAMETER   16  beta_vw RESTORED TO VARIABLE.
                   PARAMETER   14  alpha_vw RESTORED TO VARIABLE.
                   PARAMETER   13  beta_y RESTORED TO VARIABLE.
                   PARAMETER   11  alpha_y RESTORED TO VARIABLE.
                   PARAMETER   10  beta_2CBO RESTORED TO VARIABLE.
                   PARAMETER    6  alpha_CBO RESTORED TO VARIABLE.
                   PARAMETER    4  phi RESTORED TO VARIABLE.
                   PARAMETER    3  A0 RESTORED TO VARIABLE.
                   PARAMETER    1  N0 RESTORED TO VARIABLE.
 **********
 **   43 **FIX           10
 **********
 **********
 **   44 **FIX           11
 **********
 **********
 **   45 **FIX           12
 **********
 PARAMETER   12  IS CONSTANT.   IGNORED.
 **********
 **   46 **FIX           13
 **********
 **********
 **   47 **FIX           14
 **********
 **********
 **   48 **FIX           15
 **********
 PARAMETER   15  IS CONSTANT.   IGNORED.
 **********
 **   49 **FIX           16
 **********
 **********
 **   50 **MIGRAD
 **********
 START MIGRAD MINIMIZATION.  STRATEGY  1.  CONVERGENCE WHEN EDM .LT. 1.00e-04
 FCN=4413.6 FROM MIGRAD    STATUS=INITIATE      951 CALLS        3796 TOTAL
                     EDM= unknown      STRATEGY= 1      NO ERROR MATRIX       
  EXT PARAMETER               CURRENT GUESS       STEP         FIRST   
  NO.   NAME      VALUE            ERROR          SIZE      DERIVATIVE 
   1  N0           3.36499e+06   1.36454e+03   0.00000e+00   2.76427e-03
   2  tau          6.43899e+01   constant   
   3  A0           4.08919e-01   8.86548e-04   0.00000e+00   2.23811e+04
   4  phi          4.15893e+00   1.20468e-03   0.00000e+00  -1.73879e+04
   5  R           -6.10157e+01   constant   
   6  alpha_CBO   -5.59312e-03   3.21365e-04   0.00000e+00  -8.42735e+02
   7  w_CBO        2.32643e+00   constant   
   8  beta_CBO    -3.59567e-04   9.64371e-05   0.00000e+00   5.56276e-01
   9  alpha_2CBO   4.73588e-04   9.50109e-05   0.00000e+00  -6.04093e-01
  10  beta_2CBO   -1.17393e-03     fixed    
  11  alpha_y      0.00000e+00     fixed    
  12  w_y          1.38965e+01   constant   
  13  beta_y      -2.89248e-03     fixed    
  14  alpha_vw     0.00000e+00     fixed    
  15  w_vw         1.43195e+01   constant   
  16  beta_vw      0.00000e+00     fixed    
  17  LM          -4.68405e-04   constant   
  18  zeta_y       0.00000e+00   constant   
  19  zeta_vw      0.00000e+00   constant   
  20  T_CBO        1.00000e+02   7.59439e+02   0.00000e+00   0.00000e+00
  21  alpha_A0     1.08689e-01   3.48100e-04   0.00000e+00  -3.31900e-01
  22  beta_A0     -1.15851e-01   3.30727e-04   0.00000e+00   4.40803e-01
  23  alpha_phi    1.10104e-01   3.23521e-04   0.00000e+00  -4.17721e-01
  24  beta_phi     1.02277e-01   3.27193e-04   0.00000e+00  -1.86541e-01
  25  alpha_xy     7.37008e-04   9.79885e-05   0.00000e+00   2.53946e+00
  26  w_xy         1.20754e+01   constant   
  27  beta_xy      7.35113e-04   9.63289e-05   0.00000e+00  -3.48641e-01
 MIGRAD MINIMIZATION HAS CONVERGED.
 FCN=4122.4 FROM MIGRAD    STATUS=CONVERGED    1375 CALLS        4220 TOTAL
                     EDM=1.84809e-06    STRATEGY= 1  ERROR MATRIX UNCERTAINTY   1.9 per cent
  EXT PARAMETER                                   STEP         FIRST   
  NO.   NAME      VALUE            ERROR          SIZE      DERIVATIVE 
   1  N0           3.39037e+06   2.89480e+03   1.79026e+00  -2.04349e-06
   2  tau          6.43899e+01   constant   
   3  A0           3.89633e-01   1.96588e-03  -2.49586e-07   3.36578e+00
   4  phi          4.17238e+00   1.80377e-03  -9.29441e-06   7.41873e+00
   5  R           -6.10157e+01   constant   
   6  alpha_CBO   -4.43753e-03   5.00098e-04   1.08884e-06   7.70675e+00
   7  w_CBO        2.32643e+00   constant   
   8  beta_CBO    -6.72004e-03   4.01853e-04   1.09424e-06   7.91796e+00
   9  alpha_2CBO   1.84958e-03   1.52077e-04  -1.07692e-06  -4.49729e+00
  10  beta_2CBO   -1.17393e-03     fixed    
  11  alpha_y      0.00000e+00     fixed    
  12  w_y          1.38965e+01   constant   
  13  beta_y      -2.89248e-03     fixed    
  14  alpha_vw     0.00000e+00     fixed    
  15  w_vw         1.43195e+01   constant   
  16  beta_vw      0.00000e+00     fixed    
  17  LM          -4.68405e-04   constant   
  18  zeta_y       0.00000e+00   constant   
  19  zeta_vw      0.00000e+00   constant   
  20  T_CBO        1.00000e+02   5.20646e+02  -0.00000e+00   0.00000e+00
  21  alpha_A0     9.33176e-02   3.80419e-03  -8.28953e-06  -3.99036e+00
  22  beta_A0     -7.05174e-02   3.84628e-03  -3.45011e-06  -9.73446e-01
  23  alpha_phi    6.58247e-02   3.59816e-03   4.09279e-06  -5.13517e-01
  24  beta_phi     9.18970e-02   3.46024e-03  -9.09066e-06  -1.75269e+00
  25  alpha_xy     8.05109e-04   9.91252e-05   1.89301e-07   7.21291e+00
  26  w_xy         1.20754e+01   constant   
  27  beta_xy      4.25360e-04   9.94437e-05   2.92266e-07  -1.17794e+01
 EXTERNAL ERROR MATRIX.    NDIM=  28    NPAR= 13    ERR DEF=1
 ELEMENTS ABOVE DIAGONAL ARE NOT PRINTED.
  8.380e+06 
 -5.660e+00  3.865e-06 
 -2.694e+00  1.690e-06  3.254e-06 
  1.287e+00 -8.600e-07 -7.251e-07  2.501e-07 
 -8.607e-01  6.118e-07 -1.034e-07 -8.512e-08  1.615e-07 
 -5.306e-02  2.552e-08  1.933e-07 -3.126e-08 -2.282e-08  2.313e-08 
  0.000e+00  0.000e+00  0.000e+00  0.000e+00  0.000e+00  0.000e+00  1.800e+05 
 -1.046e+01  7.012e-06  5.080e-06 -1.843e-06  8.074e-07  1.867e-07  0.000e+00  1.447e-05 
  1.074e+01 -7.382e-06 -2.042e-06  1.472e-06 -1.347e-06  3.363e-08  0.000e+00 -1.244e-05  1.479e-05 
 -9.814e+00  6.773e-06  1.421e-06 -1.291e-06  1.299e-06 -7.362e-08  0.000e+00  1.107e-05 -1.368e-05  1.295e-05 
 -9.292e+00  6.202e-06  4.899e-06 -1.683e-06  6.549e-07  2.041e-07  0.000e+00  1.301e-05 -1.082e-05  9.532e-06  1.197e-05 
 -2.510e-02  1.523e-08  2.070e-08 -4.889e-09 -2.257e-10  9.358e-10  0.000e+00  4.132e-08 -2.319e-08  1.868e-08  3.816e-08 
 -2.510e-02  1.523e-08  2.070e-08 -4.889e-09 -2.257e-10  9.358e-10  0.000e+00  4.132e-08 -2.319e-08  1.868e-08  3.816e-08  9.826e-09 
 -1.307e-03  2.524e-09 -3.403e-08  4.481e-09  5.159e-09 -2.474e-09  0.000e+00 -2.229e-08 -2.180e-08  2.683e-08 -2.666e-08 
 -1.307e-03  2.524e-09 -3.403e-08  4.481e-09  5.159e-09 -2.474e-09  0.000e+00 -2.229e-08 -2.180e-08  2.683e-08 -2.666e-08  9.982e-11  9.889e-09 
 PARAMETER  CORRELATION COEFFICIENTS  
       NO.  GLOBAL      1      3      4      6      8      9     20     21     22     23     24     25     27
        1  0.99678   1.000 -0.995 -0.516  0.889 -0.740 -0.121  0.000 -0.950  0.964 -0.942 -0.928 -0.087 -0.005
        3  0.99868  -0.995  1.000  0.477 -0.875  0.774  0.085  0.000  0.938 -0.976  0.958  0.912  0.078  0.013
        4  0.99147  -0.516  0.477  1.000 -0.804 -0.143  0.705  0.000  0.740 -0.294  0.219  0.785  0.116 -0.190
        6  0.98020   0.889 -0.875 -0.804  1.000 -0.424 -0.411  0.000 -0.969  0.765 -0.718 -0.973 -0.099  0.090
        8  0.97081  -0.740  0.774 -0.143 -0.424  1.000 -0.373  0.000  0.528 -0.871  0.898  0.471 -0.006  0.129
        9  0.78469  -0.121  0.085  0.705 -0.411 -0.373  1.000  0.000  0.323  0.057 -0.135  0.388  0.062 -0.164
       20  0.00000   0.000  0.000  0.000  0.000  0.000  0.000  1.000  0.000  0.000  0.000  0.000  0.000  0.000
       21  0.99573  -0.950  0.938  0.740 -0.969  0.528  0.323  0.000  1.000 -0.850  0.808  0.988  0.110 -0.059
       22  0.99619   0.964 -0.976 -0.294  0.765 -0.871  0.057  0.000 -0.850  1.000 -0.988 -0.813 -0.061 -0.057
       23  0.99555  -0.942  0.958  0.219 -0.718  0.898 -0.135  0.000  0.808 -0.988  1.000  0.766  0.052  0.075
       24  0.99536  -0.928  0.912  0.785 -0.973  0.471  0.388  0.000  0.988 -0.813  0.766  1.000  0.111 -0.077
       25  0.16182  -0.087  0.078  0.116 -0.099 -0.006  0.062  0.000  0.110 -0.061  0.052  0.111  1.000  0.010
       27  0.23295  -0.005  0.013 -0.190  0.090  0.129 -0.164  0.000 -0.059 -0.057  0.075 -0.077  0.010  1.000
MINUIT - FIT ONLY 1-y
 **********
 **   51 **RES 
 **********
                   PARAMETER   16  beta_vw RESTORED TO VARIABLE.
                   PARAMETER   14  alpha_vw RESTORED TO VARIABLE.
                   PARAMETER   13  beta_y RESTORED TO VARIABLE.
                   PARAMETER   11  alpha_y RESTORED TO VARIABLE.
                   PARAMETER   10  beta_2CBO RESTORED TO VARIABLE.
 **********
 **   52 **FIX            0
 **********
 PARAMETER    0  IS UNDEFINED. IGNORED.
 **********
 **   53 **FIX            1
 **********
 **********
 **   54 **FIX            2
 **********
 PARAMETER    2  IS CONSTANT.   IGNORED.
 **********
 **   55 **FIX            3
 **********
 **********
 **   56 **FIX            4
 **********
 **********
 **   57 **FIX            5
 **********
 PARAMETER    5  IS CONSTANT.   IGNORED.
 **********
 **   58 **FIX            6
 **********
 **********
 **   59 **FIX            7
 **********
 PARAMETER    7  IS CONSTANT.   IGNORED.
 **********
 **   60 **FIX            8
 **********
 **********
 **   61 **FIX            9
 **********
 **********
 **   62 **FIX           13
 **********
 **********
 **   63 **FIX           14
 **********
 **********
 **   64 **FIX           15
 **********
 PARAMETER   15  IS CONSTANT.   IGNORED.
 **********
 **   65 **FIX           16
 **********
 **********
 **   66 **MIGRAD
 **********
 START MIGRAD MINIMIZATION.  STRATEGY  1.  CONVERGENCE WHEN EDM .LT. 1.00e-04
 FCN=4122.4 FROM MIGRAD    STATUS=INITIATE      513 CALLS        4733 TOTAL
                     EDM= unknown      STRATEGY= 1      NO ERROR MATRIX       
  EXT PARAMETER               CURRENT GUESS       STEP         FIRST   
  NO.   NAME      VALUE            ERROR          SIZE      DERIVATIVE 
   1  N0           3.39037e+06     fixed    
   2  tau          6.43899e+01   constant   
   3  A0           3.89633e-01     fixed    
   4  phi          4.17238e+00     fixed    
   5  R           -6.10157e+01   constant   
   6  alpha_CBO   -4.43753e-03     fixed    
   7  w_CBO        2.32643e+00   constant   
   8  beta_CBO    -6.72004e-03     fixed    
   9  alpha_2CBO   1.84958e-03     fixed    
  10  beta_2CBO   -1.17393e-03   1.12735e-04   0.00000e+00  -1.21773e+05
  11  alpha_y      0.00000e+00   1.00000e-03   0.00000e+00  -6.74514e+05
  12  w_y          1.38965e+01   constant   
  13  beta_y      -2.89248e-03     fixed    
  14  alpha_vw     0.00000e+00     fixed    
  15  w_vw         1.43195e+01   constant   
  16  beta_vw      0.00000e+00     fixed    
  17  LM          -4.68405e-04   constant   
  18  zeta_y       0.00000e+00   constant   
  19  zeta_vw      0.00000e+00   constant   
  20  T_CBO        1.00000e+02   5.20646e+02   0.00000e+00   0.00000e+00
  21  alpha_A0     9.33176e-02   3.80419e-03   0.00000e+00  -3.99036e+00
  22  beta_A0     -7.05174e-02   3.84628e-03   0.00000e+00  -9.73447e-01
  23  alpha_phi    6.58247e-02   3.59816e-03   0.00000e+00  -5.13518e-01
  24  beta_phi     9.18970e-02   3.46024e-03   0.00000e+00  -1.75270e+00
  25  alpha_xy     8.05109e-04   9.91252e-05   0.00000e+00   7.21292e+00
  26  w_xy         1.20754e+01   constant   
  27  beta_xy      4.25360e-04   9.94437e-05   0.00000e+00  -1.17795e+01
 MIGRAD MINIMIZATION HAS CONVERGED.
 FCN=2872.96 FROM MIGRAD    STATUS=CONVERGED     629 CALLS        4849 TOTAL
                     EDM=1.74677e-08    STRATEGY= 1  ERROR MATRIX UNCERTAINTY   1.6 per cent
  EXT PARAMETER                                   STEP         FIRST   
  NO.   NAME      VALUE            ERROR          SIZE      DERIVATIVE 
   1  N0           3.39037e+06     fixed    
   2  tau          6.43899e+01   constant   
   3  A0           3.89633e-01     fixed    
   4  phi          4.17238e+00     fixed    
   5  R           -6.10157e+01   constant   
   6  alpha_CBO   -4.43753e-03     fixed    
   7  w_CBO        2.32643e+00   constant   
   8  beta_CBO    -6.72004e-03     fixed    
   9  alpha_2CBO   1.84958e-03     fixed    
  10  beta_2CBO   -7.13034e-04   1.08457e-04  -1.68726e-08   2.49887e-01
  11  alpha_y      3.62145e-03   1.04151e-04  -2.06952e-08  -6.96569e-01
  12  w_y          1.38965e+01   constant   
  13  beta_y      -2.89248e-03     fixed    
  14  alpha_vw     0.00000e+00     fixed    
  15  w_vw         1.43195e+01   constant   
  16  beta_vw      0.00000e+00     fixed    
  17  LM          -4.68405e-04   constant   
  18  zeta_y       0.00000e+00   constant   
  19  zeta_vw      0.00000e+00   constant   
  20  T_CBO        1.00000e+02   5.20646e+02  -0.00000e+00   0.00000e+00
  21  alpha_A0     9.35199e-02   3.70296e-04   3.77612e-07  -2.21215e-01
  22  beta_A0     -7.04138e-02   3.50489e-04   8.23606e-07   1.97334e-01
  23  alpha_phi    6.55777e-02   3.50753e-04  -3.43669e-07  -6.92245e-02
  24  beta_phi     9.18465e-02   3.60407e-04   4.53095e-07  -3.26277e-01
  25  alpha_xy    -2.79518e-04   1.03449e-04   2.05648e-08   5.19314e-01
  26  w_xy         1.20754e+01   constant   
  27  beta_xy      8.58330e-04   9.62793e-05   5.95941e-09   1.85113e+00
 EXTERNAL ERROR MATRIX.    NDIM=  28    NPAR=  9    ERR DEF=1
  1.176e-08 -7.520e-10  0.000e+00  1.108e-08 -7.521e-09 -5.547e-09 -7.432e-09  8.234e-10  3.061e-10 
 -7.520e-10  1.085e-08  0.000e+00 -1.438e-09  1.660e-09  3.284e-10  1.281e-09 -3.348e-09  1.276e-09 
  0.000e+00  0.000e+00  1.800e+05  0.000e+00  0.000e+00  0.000e+00  0.000e+00  0.000e+00  0.000e+00 
  1.108e-08 -1.438e-09  0.000e+00  1.371e-07 -4.799e-09 -6.451e-09 -2.750e-09  2.621e-09  3.964e-10 
 -7.521e-09  1.660e-09  0.000e+00 -4.799e-09  1.228e-07  4.781e-09  9.290e-09 -1.829e-09 -8.651e-10 
 -5.547e-09  3.284e-10  0.000e+00 -6.451e-09  4.781e-09  1.230e-07  1.301e-09 -1.060e-09 -3.181e-10 
 -7.432e-09  1.281e-09  0.000e+00 -2.750e-09  9.290e-09  1.301e-09  1.299e-07 -9.871e-10 -1.153e-09 
  8.234e-10 -3.348e-09  0.000e+00  2.621e-09 -1.829e-09 -1.060e-09 -9.871e-10  1.070e-08 -1.288e-10 
  3.061e-10  1.276e-09  0.000e+00  3.964e-10 -8.651e-10 -3.181e-10 -1.153e-09 -1.288e-10  9.270e-09 
 PARAMETER  CORRELATION COEFFICIENTS  
       NO.  GLOBAL     10     11     20     21     22     23     24     25     27
       10  0.39883   1.000 -0.067  0.000  0.276 -0.198 -0.146 -0.190  0.073  0.029
       11  0.33928  -0.067  1.000  0.000 -0.037  0.045  0.009  0.034 -0.311  0.127
       20  0.00000   0.000  0.000  1.000  0.000  0.000  0.000  0.000  0.000  0.000
       21  0.28284   0.276 -0.037  0.000  1.000 -0.037 -0.050 -0.021  0.068  0.011
       22  0.20784  -0.198  0.045  0.000 -0.037  1.000  0.039  0.074 -0.050 -0.026
       23  0.14892  -0.146  0.009  0.000 -0.050  0.039  1.000  0.010 -0.029 -0.009
       24  0.20060  -0.190  0.034  0.000 -0.021  0.074  0.010  1.000 -0.026 -0.033
       25  0.32094   0.073 -0.311  0.000  0.068 -0.050 -0.029 -0.026  1.000 -0.013
       27  0.14075   0.029  0.127  0.000  0.011 -0.026 -0.009 -0.033 -0.013  1.000
MINUIT - FIT ONLY 2-y
 **********
 **   67 **RES 
 **********
                   PARAMETER   16  beta_vw RESTORED TO VARIABLE.
                   PARAMETER   14  alpha_vw RESTORED TO VARIABLE.
                   PARAMETER   13  beta_y RESTORED TO VARIABLE.
                   PARAMETER    9  alpha_2CBO RESTORED TO VARIABLE.
                   PARAMETER    8  beta_CBO RESTORED TO VARIABLE.
